,0,1,2,3,4,5,6,7,8,9,10,11,12,13,14,15,16,17,18,19,20,21,22,23,24
0,0.9613575735434955,0.0001293117881413873,0.0035051736103880664,1.0125097098161035e-06,5.8859797174898385e-05,6.86547218845461e-05,0.00016426053601453227,5.05552760863284e-06,0.021968159846490077,3.56517605694408e-06,8.54401151844148e-06,1.6726385399657665e-05,2.9940062595523015e-06,9.294777775967424e-08,6.608936268989399e-06,2.9149097829339398e-05,1.9089975360344082e-05,0.0017456968678399639,0.010261398283007397,1.736960620595484e-08,5.877000077954489e-06,7.855878110304386e-06,1.5901232554389048e-07,0.0005679283133792538,6.623485827529584e-05
1,0.9681013021514474,0.0001437350985262635,0.004399848965371589,1.5479371599035608e-06,3.178209640211181e-05,5.136780635234283e-05,0.00035588827081554545,4.6488065084284095e-06,0.01686358589587148,6.328082062239907e-06,4.772522928486042e-06,2.5543623461124398e-05,2.514935282173163e-06,1.5364546324980715e-07,3.240178517051411e-06,1.2853082129809283e-05,8.512966255314096e-06,0.0016618276308151734,0.007832696889965258,1.1095435185382704e-08,5.892053916174036e-06,5.724401194802239e-06,1.2835104511509313e-07,0.0004157135793189169,6.037993375463593e-05
2,0.9736700928548178,0.00017521151166879928,0.0033047864395382254,1.5349816225027278e-06,7.097512011840282e-05,4.098753453413529e-05,0.00045056462121626997,4.684585468112846e-06,0.014328546778066277,5.422365181393771e-06,6.547216542912829e-06,2.8679963236093465e-05,2.573078395825512e-06,2.8687899391560237e-07,4.876168608469528e-06,9.642028705437057e-06,1.315152972526531e-05,0.0019381797156054958,0.005505761442121332,1.4263593507197268e-08,5.14927807984911e-06,6.327652310696527e-06,1.956214355829783e-07,0.00030772928757221975,0.00011807908284164728
3,0.9702404386544745,0.00017687228670883133,0.0039005161022907537,2.068207027082873e-06,4.8450927656286346e-05,5.470489676769691e-05,0.00043464398122144597,5.174045521399479e-06,0.015335889128838034,6.378639716018468e-06,7.953481491538206e-06,3.227112968114729e-05,2.575845756874773e-06,2.9052569284790855e-07,3.5948821843764742e-06,1.043316828078393e-05,1.5722152798355267e-05,0.001997910914993774,0.007172788058278214,1.3272818059488546e-08,7.126889363724862e-06,8.240980700877481e-06,2.538846677134732e-07,0.0004399056825169771,9.578226055250913e-05
4,0.9705734926107855,0.00017477046954310658,0.003680569171088963,2.0380291782535135e-06,4.77576564467416e-05,5.181050861904903e-05,0.00041605925181525136,4.780877580831013e-06,0.015369556624452087,5.809482903032064e-06,7.788628039643897e-06,3.646193354853866e-05,2.9442519933862184e-06,3.0744006442155763e-07,3.444053252384926e-06,9.80972304206273e-06,1.7550889199540513e-05,0.0019932527385603787,0.0070465734584035464,1.3597357573734042e-08,7.4085580133261896e-06,8.708048255917134e-06,2.525598547336743e-07,0.00043890590568498514,9.99335323166119e-05
5,0.9724722339028634,0.0001635274158589673,0.0036040325337455058,2.5246469288182647e-06,3.7084622959319634e-05,5.0676454512536854e-05,0.00038398519808203395,4.611808895456167e-06,0.014111490898592968,6.313076896078022e-06,7.416266481451075e-06,3.621785802629204e-05,2.6530240187316378e-06,3.3780988451883397e-07,2.79593249791687e-06,9.041601759189211e-06,1.7407598940915752e-05,0.0024688051670769457,0.006038669693052123,1.310546840339219e-08,7.463622197714394e-06,9.244084550297932e-06,2.6035461832422377e-07,0.00046241931893799834,0.00010077400315376914
6,0.9702404386544745,0.00017687228670883133,0.0039005161022907537,2.068207027082873e-06,4.8450927656286346e-05,5.470489676769691e-05,0.00043464398122144597,5.174045521399479e-06,0.015335889128838034,6.378639716018468e-06,7.953481491538206e-06,3.227112968114729e-05,2.575845756874773e-06,2.9052569284790855e-07,3.5948821843764742e-06,1.043316828078393e-05,1.5722152798355267e-05,0.001997910914993774,0.007172788058278214,1.3272818059488546e-08,7.126889363724862e-06,8.240980700877481e-06,2.538846677134732e-07,0.0004399056825169771,9.578226055250913e-05
7,0.9307835138934389,0.00038303947219363863,0.0037675259431101567,1.7274884190785276e-06,0.00016597354711659907,0.00013524467790875677,0.00041362049020204114,4.178337333864055e-06,0.052128412134549974,5.764646651607865e-06,1.534862524644249e-05,2.858938841492944e-05,3.0934131685443388e-06,2.591558145404098e-07,1.3152485891547562e-05,8.778890364755998e-06,0.00013559888675753503,0.0018013343035463772,0.009153709923725502,2.2280479202928903e-08,1.0463131658908927e-05,1.7122782593284186e-05,1.2510545797527676e-06,0.0005008516724753312,0.0005214233743583032
8,0.976347619869515,0.00019324512125154102,0.004079190495020815,1.9069604898374763e-06,4.228143951628005e-05,4.073733937500551e-05,0.00038637214010861905,5.86448942149787e-06,0.010508162296696252,6.021426967750664e-06,7.29043405647848e-06,3.430856195156681e-05,4.712132102630217e-06,2.807562243392344e-07,3.6066399564009524e-06,1.3519712656635441e-05,6.971270264207313e-06,0.003030248496932353,0.004723042422779694,1.3588778540025482e-08,8.293840505853376e-06,1.1659290580106179e-05,4.252820516197255e-07,0.0004636247707954703,8.060122200173994e-05
9,0.9700837251649165,0.00021324359769197938,0.004663407268546375,1.266544630013071e-06,4.4061101473878105e-05,5.936213088714914e-05,0.0003517814277141678,5.477656654470393e-06,0.015709731256045193,4.354448157757037e-06,7.996670156953242e-06,2.3352780844496022e-05,2.4975369761108886e-06,2.923167379002649e-07,3.827853029809272e-06,1.0716079944384192e-05,1.0830252922121916e-05,0.002093446526961349,0.006067640615775819,1.2848965236228954e-08,5.883750981922982e-06,9.43353565929529e-06,4.569555193469483e-07,0.0005236005187274148,0.00010360116008053295
10,0.9702404386544745,0.00017687228670883133,0.0039005161022907537,2.068207027082873e-06,4.8450927656286346e-05,5.470489676769691e-05,0.00043464398122144597,5.174045521399479e-06,0.015335889128838034,6.378639716018468e-06,7.953481491538206e-06,3.227112968114729e-05,2.575845756874773e-06,2.9052569284790855e-07,3.5948821843764742e-06,1.043316828078393e-05,1.5722152798355267e-05,0.001997910914993774,0.007172788058278214,1.3272818059488546e-08,7.126889363724862e-06,8.240980700877481e-06,2.538846677134732e-07,0.0004399056825169771,9.578226055250913e-05
11,0.9704062022119088,0.00017489592444288717,0.003859736493037346,2.060229301234368e-06,4.89268247776857e-05,5.334538553395788e-05,0.00043218594339709636,5.076414310229277e-06,0.015195959092352324,6.179335967956378e-06,7.853751577820855e-06,3.439959313533247e-05,2.8807438369051517e-06,2.917584593123783e-07,3.4520430687636228e-06,1.0426209173596433e-05,1.6503526723005494e-05,0.00197870879092481,0.007196454765747116,1.4041972555687607e-08,7.195871786090665e-06,8.164441079576978e-06,2.5716933449683897e-07,0.0004532932003725468,9.55362377785075e-05
12,0.9828497587205912,0.00022913477784660674,0.00204325353691666,1.7450887651045809e-06,8.464863585752736e-05,5.312866851601511e-05,0.0002548281551094915,1.7176482186963948e-06,0.008782189567271668,6.074102170087815e-06,3.6122171697861853e-06,1.8999156057572893e-05,2.55534844582038e-06,7.637244241945225e-07,1.7885379953208345e-06,4.973244135138301e-06,4.973407600300081e-05,0.0030743589258131875,0.0020997549530873093,1.641542015857262e-08,6.6798781701396296e-06,6.321815838933348e-06,2.7595214285696745e-07,0.0001955782128411648,0.00022810864119258967
13,0.9618395480237345,0.00022311431144097238,0.004594618763468733,3.2515752690873887e-06,7.974241043318957e-05,6.991371823301048e-05,0.0007129203840490672,9.12443714681799e-06,0.01928595856116005,6.129354634647395e-06,3.536240360465844e-05,7.446864065295242e-05,3.1715610394122777e-06,7.002450261999047e-07,6.295479639543117e-06,1.1918923052521332e-05,2.8050574485637214e-05,0.002231688255299406,0.009919778155272728,1.6804055005189153e-08,1.1154083955268654e-05,1.9101665911380148e-05,6.878227793139125e-07,0.000698951613825678,0.0001343322318302103
14,0.9710736562735144,0.0005721637610869773,0.0031101571616311907,2.0925034536105854e-06,8.983168343769183e-05,4.8189391243169205e-05,0.0004806863929437876,5.493012987954745e-06,0.010672713202811927,7.31842826745778e-06,1.0892008570204666e-05,2.9856660192932064e-05,2.5084643408496478e-06,3.8128058926300834e-07,3.2043973591503124e-06,1.0340220627930526e-05,1.2555327915847988e-05,0.0019888500251797024,0.011351319164129204,1.4791125804074963e-08,5.6623377495220955e-06,7.906630682845577e-06,3.384430505106915e-07,0.00042767725748538545,8.619117962255823e-05
15,0.9702404386544745,0.00017687228670883133,0.0039005161022907537,2.068207027082873e-06,4.8450927656286346e-05,5.470489676769691e-05,0.00043464398122144597,5.174045521399479e-06,0.015335889128838034,6.378639716018468e-06,7.953481491538206e-06,3.227112968114729e-05,2.575845756874773e-06,2.9052569284790855e-07,3.5948821843764742e-06,1.043316828078393e-05,1.5722152798355267e-05,0.001997910914993774,0.007172788058278214,1.3272818059488546e-08,7.126889363724862e-06,8.240980700877481e-06,2.538846677134732e-07,0.0004399056825169771,9.578226055250913e-05
16,0.9690813523229839,0.00018351826295801046,0.0039562774394577595,1.6841045529374034e-06,4.795155978933076e-05,5.258485069303953e-05,0.0003466882580733599,3.924748247679103e-06,0.01591975860428507,5.009346121666181e-06,7.902913834586949e-06,2.191458235318415e-05,2.6951675535890733e-06,2.2387801356339762e-07,3.4811980386912213e-06,8.395622818901521e-06,1.7976568686940585e-05,0.001728462059699455,0.008054801605981321,1.1838519241974183e-08,5.268737240434321e-06,6.061467865704094e-06,2.781720019914863e-07,0.0004334636634621007,0.00011031302676757957
17,0.9703686441444023,0.00021432849810226932,0.0033603831110199673,3.194349267946979e-06,7.135386253589116e-05,5.330396676326662e-05,0.0006135618028738199,7.116381339170844e-06,0.014973548504416569,7.2604972120655746e-06,1.3202647679568272e-05,6.195365597942082e-05,2.921648035446824e-06,8.148852671106796e-07,4.226912890632352e-06,1.189122472820512e-05,3.053438027066817e-05,0.0025639949908898754,0.006988016382475124,2.183435274660495e-08,1.271592094960575e-05,1.9671448122620898e-05,4.3747604208854275e-07,0.0004722600176759177,0.00014464145670754736
18,0.9774149653357889,0.00015660701557741407,0.002841561432652806,1.9098170308371337e-06,5.6366366260589466e-05,4.786632492079581e-05,0.00043864221672963515,3.945810024103319e-06,0.0116760370108177,6.550741430155606e-06,5.145306792350504e-06,3.627753773163002e-05,2.8209204975707e-06,4.6828300700447335e-07,3.3126478063556092e-06,6.951413375129759e-06,2.536435357090165e-05,0.002614018572088846,0.0041806645479085585,1.5856907775774197e-08,9.740684139491133e-06,1.0781809602121021e-05,2.634278293336652e-07,0.000306249065814085,0.0001534735016963158
19,0.9644156891038195,0.00020942441720775068,0.004872462032105974,2.8501968093057925e-06,4.73326918453208e-05,4.2449905210362505e-05,0.0007580189397819857,6.095767375056407e-06,0.019556675966636513,7.641893438557009e-06,7.955615663015417e-06,6.183785064041944e-05,2.729011991020341e-06,3.017653716676215e-07,4.768212607654345e-06,1.2494774782649676e-05,1.5891235100780502e-05,0.00205868814549609,0.007313933321171394,1.400186627703688e-08,1.0492299063197858e-05,1.2714450658091276e-05,3.242207615908755e-07,0.00045199814218782315,0.00012721603840815232
20,0.9589182163091772,0.00018392533770123637,0.004992230789169113,3.0692349026953526e-06,4.7766911238133564e-05,5.8101760998007426e-05,0.0006390137490730896,1.133405615358879e-05,0.021483327258335506,7.847383578003612e-06,1.357030370899773e-05,5.604980043342586e-05,2.9173336770701704e-06,3.5511900571614514e-07,9.835770746169932e-06,1.7542294533479802e-05,2.009208327870076e-05,0.0025207669974795423,0.010369692184363637,1.5961655931027504e-08,1.1424376368262281e-05,2.3209598176688152e-05,3.038216419831687e-07,0.00048334876355855464,0.0001260428010452881
21,0.9691800274643023,0.0001861843310276066,0.0038988596319813433,1.946802971199447e-06,3.904906413383158e-05,4.705388039179335e-05,0.0004572817260021364,4.797720663763415e-06,0.01659301358467324,6.1422923922572236e-06,7.682286199448987e-06,2.6306538909716377e-05,2.4028021340837428e-06,2.524812676143206e-07,3.6416274551342502e-06,8.102285887121916e-06,9.64676604304935e-06,0.001957315480003247,0.007042044814091477,1.3396909513948459e-08,7.229652067821487e-06,8.447880723412749e-06,2.1185951180069087e-07,0.00043255504606182557,7.979058419550681e-05
22,0.9745335703705273,0.00015406054613616312,0.004313072068585775,2.607468664112353e-06,3.8475227545297756e-05,4.9650920553446595e-05,0.0006469931349280716,7.351034965578824e-06,0.012471485101613927,7.90081749612889e-06,7.4026929873570154e-06,5.189561954177536e-05,3.563580356571303e-06,3.3166730621891834e-07,3.5478911065588957e-06,1.2098383680086222e-05,1.8936193586821208e-05,0.0015614921509325608,0.005557483335838054,1.4763370520070917e-08,7.937032226268997e-06,7.826978674435295e-06,1.867860280572249e-07,0.0004633736507866656,7.874258256214491e-05
23,0.9702404386544745,0.00017687228670883133,0.0039005161022907537,2.068207027082873e-06,4.8450927656286346e-05,5.470489676769691e-05,0.00043464398122144597,5.174045521399479e-06,0.015335889128838034,6.378639716018468e-06,7.953481491538206e-06,3.227112968114729e-05,2.575845756874773e-06,2.9052569284790855e-07,3.5948821843764742e-06,1.043316828078393e-05,1.5722152798355267e-05,0.001997910914993774,0.007172788058278214,1.3272818059488546e-08,7.126889363724862e-06,8.240980700877481e-06,2.538846677134732e-07,0.0004399056825169771,9.578226055250913e-05
24,0.9731314125037689,0.0002451586843510739,0.003169098596035525,2.3803514490805317e-06,4.3237759281550224e-05,4.951417476279113e-05,0.00035512612683854145,4.818868375996726e-06,0.013115813965103139,6.695953374012077e-06,7.2101486641399825e-06,3.252445024260867e-05,2.62273157898369e-06,4.3180993978296056e-07,2.4464445567394765e-06,9.888071931135328e-06,1.580725051899582e-05,0.0021993582364748,0.00706687428414008,1.4814867276121494e-08,6.0623146663876734e-06,8.14219460144645e-06,2.8458127043147824e-07,0.00044175740729610264,8.331827591089502e-05
25,0.96223715144737,0.00025001737040023934,0.0043109785749605445,3.814323160506224e-06,8.010233357864283e-05,7.741750699842522e-05,0.0007397291498855221,1.3298508051245868e-05,0.01716290581265303,7.647851882734032e-06,3.6931314300406904e-05,5.1816276896854634e-05,2.409906086633088e-06,8.312948302699893e-07,4.911373407190742e-06,1.7601050522169808e-05,2.2883058511238068e-05,0.002061314174962403,0.012110875146942472,1.681235132596326e-08,9.009255801400528e-06,1.787075792105637e-05,7.730689534398795e-07,0.0006990011240659882,8.069250550597054e-05
26,0.9096604617122205,0.0010776266071183614,0.004947764551275274,1.645199270584143e-06,0.0002870990615311843,8.832325204623638e-05,0.00023545440737218884,5.2282799426787184e-05,0.06017934955023196,4.0455456520142035e-06,2.2003841197976817e-05,4.8723959102336045e-05,2.5436536518701074e-06,3.993007067171112e-07,0.00021088510057223116,5.429997352194976e-06,4.926600913935555e-05,0.0026913732140590994,0.01633043441710656,2.124040625557986e-08,1.1573147155655397e-05,4.505822529584387e-05,1.1544558616908627e-06,0.00026209562952971325,0.0037849851227169423
27,0.9650616801697265,0.0001793808940344202,0.0039623075513873654,2.3436932405990456e-06,4.5755094644684246e-05,5.9197871203095006e-05,0.00042184411680150114,5.659875430656336e-06,0.01881040842820093,6.6730498362453425e-06,1.0075695030590516e-05,3.4943252733279055e-05,2.605344365217443e-06,2.9986899141583753e-07,5.275385378487022e-06,1.3228534386710134e-05,1.8529121210179702e-05,0.002065825124331503,0.008683704601268345,1.3758685451890127e-08,8.44742044376218e-06,1.405940671865172e-05,2.608003355317388e-07,0.0004901140772121745,9.736686440254621e-05
28,0.9702404386544745,0.00017687228670883133,0.0039005161022907537,2.068207027082873e-06,4.8450927656286346e-05,5.470489676769691e-05,0.00043464398122144597,5.174045521399479e-06,0.015335889128838034,6.378639716018468e-06,7.953481491538206e-06,3.227112968114729e-05,2.575845756874773e-06,2.9052569284790855e-07,3.5948821843764742e-06,1.043316828078393e-05,1.5722152798355267e-05,0.001997910914993774,0.007172788058278214,1.3272818059488546e-08,7.126889363724862e-06,8.240980700877481e-06,2.538846677134732e-07,0.0004399056825169771,9.578226055250913e-05
29,0.9702404386544745,0.00017687228670883133,0.0039005161022907537,2.068207027082873e-06,4.8450927656286346e-05,5.470489676769691e-05,0.00043464398122144597,5.174045521399479e-06,0.015335889128838034,6.378639716018468e-06,7.953481491538206e-06,3.227112968114729e-05,2.575845756874773e-06,2.9052569284790855e-07,3.5948821843764742e-06,1.043316828078393e-05,1.5722152798355267e-05,0.001997910914993774,0.007172788058278214,1.3272818059488546e-08,7.126889363724862e-06,8.240980700877481e-06,2.538846677134732e-07,0.0004399056825169771,9.578226055250913e-05
30,0.9702404386544745,0.00017687228670883133,0.0039005161022907537,2.068207027082873e-06,4.8450927656286346e-05,5.470489676769691e-05,0.00043464398122144597,5.174045521399479e-06,0.015335889128838034,6.378639716018468e-06,7.953481491538206e-06,3.227112968114729e-05,2.575845756874773e-06,2.9052569284790855e-07,3.5948821843764742e-06,1.043316828078393e-05,1.5722152798355267e-05,0.001997910914993774,0.007172788058278214,1.3272818059488546e-08,7.126889363724862e-06,8.240980700877481e-06,2.538846677134732e-07,0.0004399056825169771,9.578226055250913e-05
31,0.9723298506821046,0.00015213559768938295,0.0037251362710107668,4.598850485522912e-06,3.625520191503859e-05,3.710859447252575e-05,0.00043289665018900756,3.842032721465105e-06,0.013643008777933896,1.1197980122692521e-05,8.93860472894913e-06,5.516950850844963e-05,3.62716885335052e-06,4.04029293090455e-07,7.290323769947482e-06,2.24657035277931e-05,7.824372038223964e-06,0.0027925737080533664,0.005660932489589847,2.4584849745576323e-08,1.4240020256282636e-05,2.2247436121628058e-05,2.9578333367624753e-07,0.00095650293737521,7.143269105540373e-05
32,0.9703499854560771,0.00017417807963414727,0.00382988413274625,1.9114725350427597e-06,4.3860177608997276e-05,5.3305366505858335e-05,0.00040819505888957576,5.197686252341124e-06,0.014602113006861105,6.1375430247310524e-06,7.685740280732166e-06,3.116102186665832e-05,2.5571645083435797e-06,2.7138460625350597e-07,3.4498098537376603e-06,9.993653183122056e-06,1.4726877323561016e-05,0.00193515414971966,0.007978750508975434,1.2463520179672737e-08,6.7868769154530555e-06,8.199031833703809e-06,2.2627043303142043e-07,0.0004414927858835615,8.476428096121388e-05
33,0.9614031732889721,0.00023726631915098673,0.0038664879025884715,1.7722980732847276e-06,8.261378598393503e-05,0.0001343160278729227,0.00043521819129111746,3.7923600262954467e-06,0.013725810846933166,5.649640250023576e-06,1.8686119438462227e-05,2.987086167972467e-05,2.6172022612084346e-06,2.3213306927372022e-07,3.2085051482913043e-06,8.368393176304494e-06,9.824959821387103e-05,0.0016848205092376126,0.01714099771174548,2.1145935976488032e-08,7.262980503467953e-06,9.334683093332864e-06,1.4766228549166515e-06,0.0010034838483715164,9.52690241281204e-05
34,0.8385160255064085,0.0006748469215116105,0.04353761768090505,0.0002498768504128708,0.0007165020354651575,0.0005954370313964828,0.0021937380684639587,0.0007956343584333912,0.0217448372050192,0.00034669135329328736,6.877388316596008e-05,0.00015290625611676656,1.7759713041004534e-05,1.2331036435861687e-05,1.4396296535241766e-05,1.2128325795728194e-05,0.001041193613672369,0.07609724826418972,0.005228907834762134,1.2163551490307119e-06,4.734004833702078e-05,3.7479992505667656e-05,0.0001469622177404489,0.0017989004925689056,0.005951248658674468
35,0.9442019749745789,0.00032913610247360225,0.022993404862085325,1.8392593249388883e-05,8.361432048315029e-05,8.921660826750899e-05,0.0007395749129416689,5.8317630877664526e-05,0.013871283391669193,1.7041058957071103e-05,1.3185703622186054e-05,0.000192104348988476,0.00015501915613223054,4.2114797285788585e-06,4.907023400188349e-06,2.329007403548514e-05,1.6792076737577208e-05,0.002033205286701178,0.01353640102286896,1.0477574169217138e-06,1.2600679552210362e-05,1.170783073183837e-05,1.1448760260007417e-06,0.0014467661511779046,0.0001456600772969144
36,0.965642549404371,0.00014032995289927513,0.004051607898807772,1.820828884457798e-06,3.140750482408587e-05,2.4550832259251994e-05,0.0005360738381290809,8.051803271154226e-06,0.016346493403738376,4.209815012146719e-06,8.029156529460394e-06,7.878175513436045e-05,2.321139974360334e-06,3.0793399417875414e-07,5.722032459210771e-06,1.587982931619897e-05,1.6719642700453418e-05,0.0020943232057150825,0.01057682109384746,1.1636167425512648e-08,6.563609272881705e-06,1.8668025490134117e-05,1.1269468848384617e-07,0.0003089074308484301,7.973553166558373e-05
37,0.9119345962481247,0.0010126893945341057,0.018449601572368902,7.917106471087744e-05,0.00024397023886575932,0.00024310884110956813,0.017635569822836837,0.0006908135238788907,0.025205998119244507,0.00017722766889361152,0.00012384682426176964,0.0007947758849509359,1.6623089813681916e-05,4.68026749702514e-05,3.070498783974954e-05,0.0003183683799833979,2.8563174500350182e-05,0.004492645632914855,0.01659134597989915,8.885463788792508e-07,0.0002240608308141512,0.00014962334506822864,7.3886974488425625e-06,0.0010309547001708923,0.0004706607564168741
38,0.9746377059358966,0.00011912044661633273,0.0039746441439464575,1.2585046331368582e-06,4.0978469309358715e-05,5.835042690378562e-05,0.0003335342758203803,5.279920101506115e-06,0.012033152098318636,4.170968461870609e-06,3.980337792412398e-06,2.244492234902225e-05,3.7093841477099815e-06,1.457929472770227e-07,2.9828197724641137e-06,7.82968743149322e-06,7.937951356537237e-06,0.002130775153847399,0.006214339377526023,9.786145982641384e-09,2.795423530074745e-06,2.351155440604805e-06,1.983275796224356e-07,0.0003178847235446286,7.441996658060895e-05
39,0.9627579920357541,9.284711194081701e-05,0.004839477734913352,2.178995629574774e-06,3.8858141139960355e-05,0.0001220820632896432,0.00040198405976631546,8.813781936844132e-06,0.017244461701805328,7.107200177654119e-06,7.928921021718283e-06,3.0180638637344186e-05,3.4283507403538655e-06,1.946114099797088e-07,4.578625307717743e-06,1.6762669852604076e-05,2.74626459949181e-05,0.002352333690620174,0.011362922175714451,1.5013718127550163e-08,1.2591671460841915e-05,1.0051300752855321e-05,2.119834843547315e-07,0.000566530892215709,8.900398271575038e-05
40,0.9706507269241288,0.0001809455271063599,0.0035524851402778633,3.0792916353528326e-06,4.875189612240663e-05,4.80630579314816e-05,0.00035471022278484775,5.837758658353923e-06,0.01616776562708233,9.362684277320334e-06,8.151503846688265e-06,2.6590873540227672e-05,2.6201194903799996e-06,3.239270358250648e-07,3.801981825743742e-06,1.5999767789091176e-05,1.1488433081486335e-05,0.002383543835057624,0.005927079337664285,1.7916151705718296e-08,8.63614882261578e-06,1.118344312550948e-05,2.7559956014562063e-07,0.00047333769306132545,0.00010522128994220631
41,0.9712110663497038,0.000130355576665747,0.003623053598566569,6.548199466994161e-07,5.9549441118491474e-05,4.8055994284618065e-05,0.00028798895322189365,2.5967569806518487e-06,0.016943763047270268,2.110059301579291e-06,5.226029815413971e-06,1.4168861601111977e-05,2.5128013244785355e-06,7.387687968287569e-08,3.852368820810133e-06,8.529633053179516e-06,1.3120117229349913e-05,0.0012802641466115696,0.005923365537190634,8.295908776973258e-09,2.0829800333257482e-06,1.963192782646972e-06,1.5685033974337228e-07,0.00035247847473153266,8.300223661746502e-05
42,0.9496683414980458,0.0001421431640780894,0.005802378012179825,3.194980628875181e-06,2.627161205341501e-05,7.621072433892123e-05,0.00044077034587850097,1.3871467448704717e-05,0.020155858743176963,9.752740704837493e-06,1.0714238375822451e-05,5.733008481904451e-05,3.8004842509908106e-06,2.0927068820108986e-07,6.952298573740383e-06,3.0437557489756514e-05,2.325288512214242e-05,0.0025727332031773354,0.020065247904193607,1.8634932982963325e-08,1.5903612112716637e-05,2.8495803486683916e-05,2.8386463255440035e-07,0.0007752941179024996,7.053275170796379e-05
43,0.9683576493832384,0.0001866062278116556,0.005427662402309392,3.5338363413234797e-06,4.8568541709203495e-05,5.162878031340026e-05,0.000503335097497623,9.533533775188383e-06,0.01498833857996287,2.270206401480793e-05,7.893523856166118e-06,3.00468224092119e-05,3.1575555456163893e-06,4.054461984302549e-07,4.217069602671672e-06,2.6576536091439047e-05,1.2747304097172377e-05,0.0033238309056964977,0.0063023960199296535,2.758848393651614e-08,2.166441182254132e-05,1.879332565985104e-05,2.917017138585413e-07,0.0005554838375265371,9.290950439252182e-05
44,0.9702404386544745,0.00017687228670883133,0.0039005161022907537,2.068207027082873e-06,4.8450927656286346e-05,5.470489676769691e-05,0.00043464398122144597,5.174045521399479e-06,0.015335889128838034,6.378639716018468e-06,7.953481491538206e-06,3.227112968114729e-05,2.575845756874773e-06,2.9052569284790855e-07,3.5948821843764742e-06,1.043316828078393e-05,1.5722152798355267e-05,0.001997910914993774,0.007172788058278214,1.3272818059488546e-08,7.126889363724862e-06,8.240980700877481e-06,2.538846677134732e-07,0.0004399056825169771,9.578226055250913e-05
45,0.9591219126779713,0.00011092634163412373,0.005127246662190436,2.000516890584385e-06,4.8087807021329465e-05,7.486764396020104e-05,0.0005264023351428383,1.1411077422805744e-05,0.02141624445095556,5.6818902700769346e-06,1.356257800382751e-05,3.170079615583196e-05,2.621063130118917e-06,1.721759888403772e-07,9.829679224930886e-06,2.3935189171274928e-05,1.0918374769087916e-05,0.00200429203774445,0.010885752525819848,1.1906574292275935e-08,5.189870608352879e-06,1.0103696716780343e-05,1.5107196903532218e-07,0.0004896350942725531,6.73425363914852e-05
46,0.9685972171118862,0.0001638268863821,0.0039248437613649614,4.292970208346787e-06,4.645436840426112e-05,6.0458014082499675e-05,0.00028126217861852606,7.658356914880507e-06,0.015136059268057755,7.5689190020958695e-06,1.2904743252564906e-05,4.531330861402673e-05,3.901512269380729e-06,5.090512071825596e-07,4.2787632346086235e-06,2.0046077572802712e-05,1.7247927713578707e-05,0.0030498411145678233,0.007888622027595162,2.7613079910747096e-08,1.8473692867600266e-05,3.590300382762964e-05,2.3311902346515647e-07,0.0005871942580172228,8.586195223503626e-05
47,0.9611121778453753,0.000486681990451302,0.010017222775965179,1.649862946698492e-05,0.00010382693952225767,0.00010838042216927267,0.001382823493219529,3.397887979069981e-05,0.014873933749061263,3.639815368663945e-05,0.00013622279099720792,2.1018560841660617e-05,2.0008529105370293e-06,5.018479333543443e-06,6.055511480992876e-06,9.28072340603128e-06,1.6005737711293352e-05,0.0036905676043912207,0.006978108835092743,4.407270038218617e-08,7.951320873756367e-06,7.933077221401542e-06,1.4552787541675843e-06,0.0008465069744278249,9.990730114877819e-05
48,0.9610234254012633,0.00029381230388099856,0.004028364655108527,1.8864112817968206e-06,3.464429579316683e-05,7.693664873574211e-05,0.0002911840965396072,5.28317266805329e-06,0.010165367467784854,8.135905280594681e-06,8.654148694100505e-06,2.5490476171857835e-05,2.593423216817967e-06,2.9283563135550126e-07,1.7332802931440839e-06,9.36027114810072e-06,1.770571427651441e-05,0.0017631907999931767,0.021486771605214706,1.374763421877864e-08,5.629822942817426e-06,8.772755389738907e-06,3.361156523687251e-07,0.0006950162596207654,4.5398385784144784e-05
49,0.9689850364099499,0.0001802554521251834,0.004620124823308464,2.66763193597763e-06,3.9032106924769374e-05,6.108076106741131e-05,0.00046546046220871456,5.332688564370488e-06,0.015733623776454448,7.381760185293108e-06,8.353441610314434e-06,4.2268314316272394e-05,2.919684014882297e-06,3.215202303107058e-07,3.6726668034288972e-06,1.0611249692611768e-05,1.5997528121954906e-05,0.002120028334233725,0.007053820598600828,1.4581459914035483e-08,9.27206207241959e-06,1.0050266294515797e-05,3.462307674916742e-07,0.0005105938510718639,0.0001117337979849696
50,0.9745860678588717,0.00021136006383751512,0.003758451440527591,2.1658076715877236e-06,5.761687989684738e-05,4.247824268787956e-05,0.0010272117096849368,6.424765293985702e-06,0.010221018222017146,6.158298100612679e-06,7.237802989117829e-06,3.9811764167354024e-05,3.103657744326294e-06,4.5745224864165235e-07,3.877832798517939e-06,8.984977086092583e-06,1.3400370741503227e-05,0.002175110577263664,0.007179486897165786,1.3983136499650853e-08,7.4681868400605786e-06,8.44570532399465e-06,3.05938582548704e-07,0.0004961773617319933,0.00013716420359011097
51,0.9706725835585934,0.00040281837950159176,0.0035636616411145556,2.9742307026507958e-06,2.1274429831809217e-05,3.100400953938224e-05,0.0003351102787543506,6.204116178134e-06,0.014426054091844229,5.704958268609715e-06,6.910977394659517e-06,4.3433154463553976e-05,7.3087306616556765e-06,5.089367999156654e-07,2.720628209250468e-06,4.3433287776539044e-06,1.0179813058630243e-05,0.001741736885204809,0.008287521292214599,9.242901430892892e-09,4.706482374548642e-06,1.3992970588477357e-05,1.8033214350587194e-07,0.00034153976379368447,6.751776708512172e-05
52,0.9690317712451539,0.0003059672704356856,0.00466772474352652,5.407194437668364e-06,4.8594725556601266e-05,5.406860791538893e-05,0.0013800086482750088,7.288974340062655e-06,0.015326737050274425,1.0056762025834643e-05,7.905672583319759e-06,0.00015458861196561137,3.2937367331662138e-06,3.9546471965552556e-07,3.078610533886346e-06,8.770754873033775e-06,1.482266826656225e-05,0.0011342598827447114,0.0071424225967530374,1.9950844238747176e-08,1.8591116923878452e-05,1.1204082480119834e-05,3.809629796179244e-07,0.0005641822483971798,9.845841726056296e-05
53,0.9618404715817832,0.00021983528298870732,0.0054155786855818585,2.7597393503256857e-06,0.00013526321926215948,5.0537255549235596e-05,0.0018461475536151316,9.427059427033993e-06,0.02083140667761042,9.067695287756422e-06,1.6229437122802605e-05,7.265914680090014e-05,3.210577563690386e-06,3.6253982905770717e-07,9.047984275139972e-06,1.4387631709224193e-05,1.6385086922539224e-05,0.0017910752602657602,0.006960757150389832,1.754061109949471e-08,9.568366512830079e-06,1.096482471196809e-05,7.360098654010935e-07,0.0005051869851622974,0.00022891670780178456
54,0.9740811379765109,0.0002327621789081627,0.0031610632540439447,1.4284745288862007e-06,5.07381910979803e-05,5.9412808406153596e-05,0.000396168783479772,2.719475994796337e-06,0.014183393121954222,5.64340637391506e-06,4.547491719004029e-06,2.7656054433385704e-05,2.5626732402018894e-06,3.7526357349431755e-07,3.636596937700752e-06,5.4032334217081596e-06,2.9251702740893866e-05,0.001539029623059099,0.0056725047027755045,1.1369896896664065e-08,4.122147291662066e-06,5.132331580487726e-06,5.432811678915268e-07,0.00042766893038902106,0.00010308692647456778
55,0.9673649045532846,0.00011247504555655191,0.003651518070895334,1.9501329261349793e-06,2.180729793541329e-05,2.055222072185355e-05,0.0004009439587775776,4.245331527437294e-06,0.022191011714526178,5.510051364569762e-06,4.078975881913866e-06,3.36751810506847e-05,2.463712729063298e-06,2.386438794391113e-07,2.5768784717485092e-06,9.475267521312259e-06,4.951517455407481e-06,0.0019612310553599925,0.003785459322755064,1.1479687707301067e-08,6.295790162394412e-06,6.82684777314187e-06,8.315700807291652e-08,0.0003486550303570541,5.905876239077946e-05
56,0.9704035773347612,0.00017288638316193764,0.0038569909160508543,2.0400878194160437e-06,4.7752493394403255e-05,5.3414419837523105e-05,0.0004347075684092425,5.0912204010775334e-06,0.015118624622060605,6.103854402738538e-06,7.943987088192667e-06,3.5239949686483675e-05,2.847677004668033e-06,2.9720480330118236e-07,3.5298319234340975e-06,1.0212640527578305e-05,1.6360755240963463e-05,0.0019646805180415124,0.007298623380886133,1.3616159377186726e-08,7.2880445890306704e-06,8.428452048098648e-06,2.563273917084519e-07,0.0004457284164833402,9.736029782721122e-05
57,0.9682423669945679,0.00017945939119641042,0.003766095849664395,2.104180579706462e-06,3.990854120155506e-05,3.811477791943373e-05,0.00046064948634071926,5.547853252855511e-06,0.015723078078524716,6.327835038856577e-06,6.1888359797642085e-06,5.821791955916235e-05,3.848049001653567e-06,2.738174328073696e-07,3.7203208044061814e-06,1.3190341554084942e-05,2.2308269587208613e-05,0.001875167647115091,0.00897481143704345,1.757140465734597e-08,1.0078504374931586e-05,1.3295118800881708e-05,2.463092168490824e-07,0.0004471753989981411,0.00010780747084065388
58,0.9711017848281083,0.00015657982385077355,0.0037530612233447054,1.869454878816314e-06,4.168258676418124e-05,5.16829730375299e-05,0.0003834265119354877,4.517418590898675e-06,0.0145374090520488,5.476873661126424e-06,7.931426209600467e-06,3.2701337042734445e-05,2.7514233185377267e-06,2.3748410170234083e-07,2.7750064971540248e-06,9.39088023905347e-06,1.3274467984443388e-05,0.0018331966774714063,0.007452084410949745,1.2013610585369755e-08,6.338461682270147e-06,7.026696981222505e-06,2.411699517536634e-07,0.0005194821891884086,7.506560855075094e-05
59,0.9699264282195789,0.00015926482824626758,0.004285995765504135,2.045847707387324e-06,4.1898536769658673e-05,5.575648318227846e-05,0.000409999956106099,4.874486787588089e-06,0.015228262686690508,6.046651271860872e-06,8.21370818158412e-06,3.184963700250973e-05,2.6475369644293194e-06,2.2389123973202035e-07,3.0287238196663494e-06,1.0234255837442411e-05,1.297680169067477e-05,0.0018314202843064523,0.007340768708681123,1.2889696248711109e-08,6.923536043739482e-06,7.07946802860644e-06,2.641059335258876e-07,0.0005466218853212257,7.716110540860254e-05
60,0.9702404386544745,0.00017687228670883133,0.0039005161022907537,2.068207027082873e-06,4.8450927656286346e-05,5.470489676769691e-05,0.00043464398122144597,5.174045521399479e-06,0.015335889128838034,6.378639716018468e-06,7.953481491538206e-06,3.227112968114729e-05,2.575845756874773e-06,2.9052569284790855e-07,3.5948821843764742e-06,1.043316828078393e-05,1.5722152798355267e-05,0.001997910914993774,0.007172788058278214,1.3272818059488546e-08,7.126889363724862e-06,8.240980700877481e-06,2.538846677134732e-07,0.0004399056825169771,9.578226055250913e-05
61,0.9703474706935222,0.00016156873667639568,0.004260478654914544,2.0298958138902013e-06,4.300804277283963e-05,5.351465547636572e-05,0.00042271610424166403,4.945788985802823e-06,0.014969449874595501,6.092215670411971e-06,8.016870315146014e-06,3.2342376327384236e-05,2.667308885200709e-06,2.300731382343519e-07,3.087232497512386e-06,9.870033223303396e-06,1.31354983853366e-05,0.0018562042086201394,0.007184569671051977,1.2906038632286226e-08,6.84131255797735e-06,7.161725607828603e-06,2.5844175354895833e-07,0.0005240584118608754,8.026926706739695e-05
62,0.9702404386544745,0.00017687228670883133,0.0039005161022907537,2.068207027082873e-06,4.8450927656286346e-05,5.470489676769691e-05,0.00043464398122144597,5.174045521399479e-06,0.015335889128838034,6.378639716018468e-06,7.953481491538206e-06,3.227112968114729e-05,2.575845756874773e-06,2.9052569284790855e-07,3.5948821843764742e-06,1.043316828078393e-05,1.5722152798355267e-05,0.001997910914993774,0.007172788058278214,1.3272818059488546e-08,7.126889363724862e-06,8.240980700877481e-06,2.538846677134732e-07,0.0004399056825169771,9.578226055250913e-05
63,0.971010352912152,0.00020911349477417882,0.0038064755074738734,2.073096276492987e-06,4.738757709836963e-05,5.144944623880761e-05,0.0004205559861672781,4.821729080294417e-06,0.01469345931652827,6.528269802741023e-06,7.413847499487329e-06,3.1651703036729194e-05,2.4790781811590076e-06,3.0138045093821007e-07,3.493725741813424e-06,9.571957089082003e-06,1.4965835468785323e-05,0.0018916094088810564,0.007253242025593043,1.3448569617459161e-08,6.912970387500543e-06,8.087508751420263e-06,2.5726798067625655e-07,0.0004225161335803734,9.526637319589258e-05
64,0.9674907956322781,0.00019789455210133782,0.004264901869112027,2.510401819911828e-06,4.9675846574236665e-05,6.1843008827238e-05,0.00047650231972988066,5.4165049374261145e-06,0.01695463091075962,7.778789280578728e-06,7.90960505793017e-06,3.9681618215522565e-05,2.9191894001024427e-06,3.3993392536139815e-07,3.962385250959485e-06,1.1479231993792005e-05,1.9110262271035566e-05,0.0021727023635462893,0.007597349285473151,1.61132585490971e-08,1.1012079667833297e-05,1.0522829199549556e-05,3.249084567932171e-07,0.0004926566211896644,0.00011806373767334085
65,0.9693125980657757,0.000320987579033607,0.005950802517108635,1.8083623451821009e-06,7.548769521988758e-05,0.00011757469445624569,0.0003695837228122178,3.926619514953716e-06,0.011625100679777244,5.303298433656781e-06,1.0553720252758089e-05,3.0081415183411745e-05,2.637096050101171e-06,2.492120772761158e-07,5.2765971841656826e-06,9.80253544441601e-06,2.8466337773242652e-05,0.0018990090546049567,0.00950233463558811,1.7162700909328753e-08,8.947361018192096e-06,8.705549166422173e-06,9.430396875823622e-07,0.0004652060426920103,0.0002445970060990118
66,0.9766920784709393,0.00010195285742903583,0.003885864160302508,1.3655124566515703e-06,5.7363867881975345e-05,7.41978116132754e-05,0.0003348086626185248,3.4392365200445526e-06,0.010993363960688887,6.734989943068368e-06,5.620542336949059e-06,1.72351806534166e-05,2.581611111255669e-06,1.407311126846924e-07,2.1103244037706853e-06,9.466926881240034e-06,1.8420346055355514e-05,0.0017716654655720331,0.005394547015755445,1.7048465710047865e-08,7.1665286644233315e-06,3.6033158969409117e-06,2.575159162169835e-07,0.0005272345465308488,8.876337025078094e-05
67,0.9654753378523941,0.00015277908492010558,0.004326076876852995,6.103243005519706e-06,8.25178958370035e-05,0.0004911763090789968,0.00031552266275209457,6.663498489697185e-06,0.014448559754063141,1.3566769938757505e-05,2.3353401195283485e-05,3.457641975394477e-05,4.716554973727664e-06,1.2585562800192782e-06,2.8099919473689946e-06,2.5339586696200454e-05,0.00011124187117656368,0.003905109525059494,0.00872099860357148,5.45570512134972e-08,2.5395095084334232e-05,1.2820896698481004e-05,1.3091037250785326e-06,0.0016118150447964605,0.00020089684465840065
68,0.9720839997084265,0.000137562633626654,0.005321231906822615,2.541740013101886e-06,2.4529987552426697e-05,4.5117458350807384e-05,0.0002599157709183833,3.995917128034857e-06,0.013770201574354593,6.251413943671596e-06,4.529985906477309e-06,3.4591008185954344e-05,2.421636867522737e-06,1.254111866932933e-07,1.2017518063456932e-06,4.224072963867198e-06,1.1713899147127006e-05,0.0019241901790102566,0.005798454053075096,8.607746181678421e-09,1.0060936992111553e-05,4.752487962853539e-06,2.4674323226297564e-07,0.0004797866929624651,6.834442181843157e-05
69,0.9635064422564126,0.00023722822624416405,0.003923510960154681,3.5830175894043252e-06,6.493207099255498e-05,8.6141471390939e-05,0.0007742760013944832,1.0786308555069356e-05,0.017097996716771847,7.987381083436168e-06,2.4073323844626417e-05,4.994467605540758e-05,2.327926085420416e-06,3.6303205139711204e-07,5.0735068648215035e-06,2.0723578878888083e-05,1.655733476812495e-05,0.00187010443938462,0.011344700139788041,1.9868964827382983e-08,1.273179384993674e-05,1.0691890334453581e-05,5.471624888279268e-07,0.000842297569006624,8.695934704497119e-05
70,0.9816416922513784,7.817530936220498e-05,0.0034882464066313813,1.3872452471538186e-06,3.2497276745807976e-05,2.2348377844594747e-05,0.00035028205232362643,5.779839185208102e-06,0.010151075349864844,3.474638382606008e-06,2.755586255368861e-06,2.474828486396337e-05,2.335906736810719e-06,2.3398208800659784e-07,2.6653706527581006e-06,9.032262017683213e-06,1.036820976856062e-05,0.002070333600412099,0.0018626683617129732,1.0557380306184254e-08,2.014410190619887e-06,3.360407232333239e-06,9.316219438289698e-08,0.00013802678926757526,9.639436226083542e-05
71,0.9716934190316318,0.00026956133254063357,0.003671205655863519,1.6562151885249577e-06,9.144819563029531e-05,4.4439896225338117e-05,0.0004930704716731941,4.876207253880426e-06,0.014796824869192846,8.50225469981003e-06,5.519077684702045e-06,3.193316848635727e-05,2.4819824566122164e-06,3.387219196328025e-07,3.2396088668617227e-06,1.4495085021457184e-05,1.6198412947616267e-05,0.0019628908267201126,0.006311851321521117,4.189784643826766e-08,6.478437751813887e-06,4.587701391200052e-06,3.367897767574269e-07,0.00044959397804372915,0.00011500885966543669
