,0,1,2,3,4,5,6,7,8,9,10,11,12,13,14,15,16,17,18,19,20,21,22,23,24
0,0.9258272917642278,0.02420721224914434,0.0004926635175511598,7.303641857491652e-06,0.000488554617142358,5.5236562608783886e-05,4.9945893139982725e-05,0.00014612447966299514,0.0022714381520168776,8.85542303790204e-05,0.013628985525367045,7.951386305482307e-06,2.352195558134732e-05,0.00034816414487263,0.013174395271846584,3.1068464566585254e-06,0.000417990479616244,0.00740443788671593,0.0033622207715998413,1.888400711543295e-07,0.00036703645168167085,0.0013387171637893299,0.0007380146827060668,0.00010007929859009034,0.005450864187069082
1,0.9291250434313256,0.024721841983004738,0.00045356917039230207,7.151646229363934e-06,0.000553554275700426,4.530473178161235e-05,4.8510642336812634e-05,0.00016337973999750626,0.0037358926219834693,9.433710743207932e-05,0.012160122452141216,5.561456370080033e-06,2.383006065599551e-05,0.00026639541928933996,0.012161354249388443,3.493335255132815e-06,0.00040401604023440195,0.006091162050643914,0.003168260269549453,1.9849512011844508e-07,0.00023243517223691605,0.0011187859173998503,0.0005955799051522351,0.00010212629160715305,0.00471809353477201
2,0.925363534378283,0.021780202499280164,0.0005192411849404741,7.3925698421402795e-06,0.0005929520445502729,3.5226626080655714e-05,5.1169357906344404e-05,0.00014292060134583705,0.0031847519709114484,8.122361435909117e-05,0.011409383956592849,7.311190492088703e-06,2.2898343566639246e-05,0.0003716053060122268,0.014078326129228809,2.3088033566572393e-06,0.0004702176098395594,0.007432023980332429,0.003058302728641315,1.7680931504597098e-07,0.00026665137173161225,0.0015788701840093783,0.000846016141488044,0.00010935245184415367,0.008587940146049652
3,0.9257792344669227,0.02499275592079164,0.0004912347443463844,7.560236988583297e-06,0.0005121327669866733,4.354027613221594e-05,4.488795622873936e-05,0.0001462243675944331,0.0022324857783006715,7.397189888410964e-05,0.01454255941558238,7.60213258367672e-06,2.412551839864977e-05,0.00035255711187417554,0.012198671972207498,2.520982515398551e-06,0.0004443769655264976,0.007543832513535636,0.002783494764757718,1.972694742847027e-07,0.00032395559866885517,0.0012323566696998663,0.0006841501090651726,9.375740987439699e-05,0.005441813153060236
4,0.9234020957978544,0.026518118799672655,0.0005409097428979121,8.5869179247422e-06,0.0005272506385542402,4.307386095453333e-05,4.450982027696725e-05,0.00015731659905177732,0.0022547689450379605,7.339747325279659e-05,0.015994230790705218,9.613906744275192e-06,3.0213049732341235e-05,0.0003860129697719952,0.010866816616175778,2.6956305491930526e-06,0.0005242157887790973,0.008479654383283132,0.002648998655249927,2.1508789617457663e-07,0.00032237163013701164,0.001215961158341162,0.0006664332013790271,9.147418531197967e-05,0.005191064350465614
5,0.9299503635470772,0.0206018467040342,0.0004501153459356385,8.242932164242341e-06,0.0004992355390752678,3.6650517837404775e-05,4.245367912761095e-05,0.00013378049606958679,0.0019578258261762514,7.94516246507832e-05,0.014811712302104596,7.309379275890117e-06,2.080675359084775e-05,0.00041680318364632345,0.009984588479910572,2.3532325431838673e-06,0.00044502116539759426,0.009487314949887811,0.0022162441138123463,2.1780260461452743e-07,0.00034034359195772535,0.0011962883027380278,0.0007264055954346914,0.00010819018180505577,0.006476434753142335
6,0.9257792344669227,0.02499275592079164,0.0004912347443463844,7.560236988583297e-06,0.0005121327669866733,4.354027613221594e-05,4.488795622873936e-05,0.0001462243675944331,0.0022324857783006715,7.397189888410964e-05,0.01454255941558238,7.60213258367672e-06,2.412551839864977e-05,0.00035255711187417554,0.012198671972207498,2.520982515398551e-06,0.0004443769655264976,0.007543832513535636,0.002783494764757718,1.972694742847027e-07,0.00032395559866885517,0.0012323566696998663,0.0006841501090651726,9.375740987439699e-05,0.005441813153060236
7,0.9186500637054378,0.020891937314089733,0.0005668092577475669,7.3550025511617345e-06,0.0006024688237044745,5.8649832064059756e-05,5.953600914843946e-05,0.00015826852419712205,0.0046481926662637185,8.460856952610802e-05,0.013380261365838697,7.612469043172882e-06,2.1409879469853806e-05,0.000508153029566912,0.013473464079595288,3.251936698118836e-06,0.0003898718074447996,0.005352293458014037,0.0024103283539038465,1.9565021689531456e-07,0.00041162822589043855,0.0015452002301966216,0.001611674873477839,0.00013075139124714375,0.015026013544666044
8,0.9269687240117475,0.016013125657028428,0.0004787553644754638,6.734700688276054e-06,0.0005320500562367117,2.4334701021278337e-05,3.998368056809226e-05,0.00017314709847623437,0.003129020492755603,9.46598394531083e-05,0.014545801217509464,7.547157809255794e-06,2.624700704453296e-05,0.00051856980543272,0.015012059999829044,1.981502611414944e-06,0.0004810320829958128,0.007097149217169893,0.001316348045313884,1.9862443520435375e-07,0.00023191156695780163,0.0013416844353936626,0.0007442407888072414,0.00022816927268314485,0.010986523673556434
9,0.929169839426086,0.016335984557172598,0.0004437672268146809,7.1196503974071435e-06,0.0005341989161549758,4.006545258332431e-05,3.533172666142433e-05,0.00018267381806117545,0.0024678469577050543,8.10848335739573e-05,0.01779568904279745,4.7740125370611814e-05,4.6669120274898605e-05,0.00048157391517936063,0.013931725686943827,2.8661005618280143e-06,0.0005834646608457441,0.0071270394377059045,0.0022926228617568367,2.114630249621668e-07,0.00031693273902522537,0.0015545939928408709,0.0008323906627982381,0.0001952403003775402,0.005493327325286294
10,0.9257792344669227,0.02499275592079164,0.0004912347443463844,7.560236988583297e-06,0.0005121327669866733,4.354027613221594e-05,4.488795622873936e-05,0.0001462243675944331,0.0022324857783006715,7.397189888410964e-05,0.01454255941558238,7.60213258367672e-06,2.412551839864977e-05,0.00035255711187417554,0.012198671972207498,2.520982515398551e-06,0.0004443769655264976,0.007543832513535636,0.002783494764757718,1.972694742847027e-07,0.00032395559866885517,0.0012323566696998663,0.0006841501090651726,9.375740987439699e-05,0.005441813153060236
11,0.9255874467389443,0.025816796804084895,0.0005050099777011483,7.827665584634074e-06,0.0005093080812437775,4.495911566628019e-05,4.5885204725852473e-05,0.00015540443971035116,0.0021928178181808023,7.17750285542668e-05,0.01467657279317883,8.314450415714441e-06,2.690185312303781e-05,0.00034614535726280995,0.011728877279297471,2.6877346435675283e-06,0.0004672882980021034,0.007568652147036158,0.002902273253796719,1.992855241935421e-07,0.0003164387071046296,0.0012244929450802625,0.000663690670604791,8.831701210060919e-05,0.00504191733843256
12,0.9076977970638482,0.03437054480346314,0.0005006532203122088,7.424817339421829e-06,0.0014393617145569563,5.7171731747534784e-05,4.6631163472631036e-05,0.00016015681614396193,0.0022131549332481282,5.923130132363434e-05,0.010383239862454314,9.22097091426041e-06,2.2700837784430757e-05,0.0009272692364516523,0.006544878719075755,2.1602192369112647e-06,0.0004403908116116758,0.012433192582733643,0.0010987447235005692,2.0289927139491228e-07,0.0003247971346995488,0.00039207460803330276,0.0013871993024535236,7.887712308628076e-05,0.019402923403236946
13,0.9201351766717436,0.02203313375327565,0.0006102713435897682,9.343884102940634e-06,0.0005078986858079748,2.9281050572787718e-05,2.9969350665056017e-05,0.00014833856216973232,0.0017504214787093027,5.651303912648306e-05,0.027479528950864477,9.022068041581381e-06,3.717463000003094e-05,0.00031749341275168625,0.011705845919506783,2.4435385463903664e-06,0.0004680841709048144,0.007569183581168484,0.0021115100248118076,1.7265060225165864e-07,0.00031557970900666503,0.0007892042843219586,0.0006767260794217441,0.0001095120663490827,0.0030981710939389706
14,0.9210753845915272,0.036348657022542426,0.0004701886255958491,6.003813639929994e-06,0.000528435550424052,4.748945569950812e-05,3.1442963344412476e-05,0.00017158476869652732,0.0015549834678216838,6.704181378657553e-05,0.014895440297891275,6.855814289879526e-06,2.4580867697888514e-05,0.0002808571946353038,0.008383198546348242,2.260854521131769e-06,0.0005117695251239691,0.007242585654534255,0.0036100143325362576,1.7758980871032202e-07,0.00030740229906131805,0.0007330581319677002,0.00041260324355174935,5.04786931148525e-05,0.003237504881839724
15,0.9257792344669227,0.02499275592079164,0.0004912347443463844,7.560236988583297e-06,0.0005121327669866733,4.354027613221594e-05,4.488795622873936e-05,0.0001462243675944331,0.0022324857783006715,7.397189888410964e-05,0.01454255941558238,7.60213258367672e-06,2.412551839864977e-05,0.00035255711187417554,0.012198671972207498,2.520982515398551e-06,0.0004443769655264976,0.007543832513535636,0.002783494764757718,1.972694742847027e-07,0.00032395559866885517,0.0012323566696998663,0.0006841501090651726,9.375740987439699e-05,0.005441813153060236
16,0.9227210612543147,0.02310830039373311,0.0004970764786401406,7.596697142876717e-06,0.00047387215821456517,3.6378894272355226e-05,4.6443254024747196e-05,0.00024245350255344488,0.002213191728004367,6.955315953341224e-05,0.014751507630042118,6.620090393098282e-06,2.841332127441819e-05,0.0005006928256964183,0.009850355793364853,2.1242254647454262e-06,0.0003901954126927002,0.012230892867372074,0.002281962242851526,1.9158490256583013e-07,0.0005968233911714825,0.001479413870458235,0.0006569884868676049,8.844703929927328e-05,0.007719443697714918
17,0.9259645510900464,0.02488081283557171,0.0004691642047999104,7.187657557959685e-06,0.00047939181695588084,3.088235317173695e-05,3.909830631498657e-05,0.00015342033955011668,0.0013819636463330693,6.236258190577237e-05,0.014090482579011965,1.3789088546987017e-05,2.491852254604199e-05,0.0005749883091037643,0.006586743484066512,1.9542347264857736e-06,0.0005092647172070274,0.011005956302748992,0.0024799989802039226,2.0580425416881663e-07,0.00047868380258657444,0.0015638107255662188,0.0008433414304102748,6.587114782605464e-05,0.00829115603898741
18,0.9196386222248123,0.024191531030279823,0.00030169804737866695,6.1249000012577105e-06,0.0005988834177693547,4.59079799741832e-05,4.2308502616617416e-05,0.00014458986074540888,0.0022860597683000096,7.402349078145843e-05,0.015996337326967834,7.450102174022575e-06,2.2713359054888128e-05,0.00029118694530822864,0.014545990340997043,2.709287320798154e-06,0.00044381483084936506,0.012565718453601146,0.002998305025601689,2.3954615151627046e-07,0.0003111244277583891,0.0010082152568320194,0.0006194960975820954,9.8773965761267e-05,0.003758175811380354
19,0.924073630864447,0.027652900191676856,0.0006382454407199377,9.282152011333454e-06,0.0006406186654989948,3.901468590913983e-05,4.4924752727283376e-05,0.00012245459312989533,0.002167536601645127,7.303470181104213e-05,0.014907280691932662,7.140156662138616e-06,2.5699905666298598e-05,0.00035123026425511894,0.011124960416843879,2.4788236393265153e-06,0.00040537080461504083,0.00805785707179254,0.003087241119639022,2.2282063944947083e-07,0.00033779308949469786,0.0013347548466198648,0.0005472430349370035,8.041659603713077e-05,0.004268667707649158
20,0.9186059126273329,0.021768661276250847,0.0006854794273942276,1.0464550773851765e-05,0.00043904739044363204,3.714815556857247e-05,5.72293223546335e-05,0.00022046593913999636,0.002529739319145955,8.696465573246296e-05,0.015779464563182917,7.707773059736159e-06,3.013395443961579e-05,0.000252407064707376,0.021170363914616006,2.8728224292426874e-06,0.0005505317479134904,0.006719193180421288,0.00338460250790896,2.659389017756606e-07,0.00041022771361486044,0.0016083818629018948,0.0007991002851628498,0.00013004171128390386,0.004713592295318854
21,0.9279987173179213,0.025751265710778338,0.000514099128259862,7.702295732948128e-06,0.0006270517312067827,3.130412287031196e-05,3.0305415386122744e-05,0.00015941165740915344,0.0015104390290341615,7.823229790184494e-05,0.01603950843022999,8.916188899658896e-06,2.1733425400509523e-05,0.0004240370819037322,0.008108818563124107,2.124303375831987e-06,0.00039192788436862816,0.008558944252371612,0.002354225617500797,1.913544947603667e-07,0.0004793053988653506,0.0010088553690194388,0.0005307735134946958,8.425004855738491e-05,0.00527785986189275
22,0.9294063355040018,0.019670492877907186,0.0004052933565916347,6.550094149314283e-06,0.00042537661001911995,4.1433781716692125e-05,3.555675317482968e-05,0.0001531840615883855,0.002117000376343872,7.530994504666634e-05,0.018964624023281685,8.748062227596094e-06,2.5521864615441524e-05,0.00039958357361496457,0.01125010123756456,2.6759005705458583e-06,0.00036700073835099225,0.007562223441106028,0.0023775695919365293,2.200254742015369e-07,0.00046576979027249853,0.0014181799145205733,0.000595890728784875,0.00010537096954796322,0.004119986777591831
23,0.9257792344669227,0.02499275592079164,0.0004912347443463844,7.560236988583297e-06,0.0005121327669866733,4.354027613221594e-05,4.488795622873936e-05,0.0001462243675944331,0.0022324857783006715,7.397189888410964e-05,0.01454255941558238,7.60213258367672e-06,2.412551839864977e-05,0.00035255711187417554,0.012198671972207498,2.520982515398551e-06,0.0004443769655264976,0.007543832513535636,0.002783494764757718,1.972694742847027e-07,0.00032395559866885517,0.0012323566696998663,0.0006841501090651726,9.375740987439699e-05,0.005441813153060236
24,0.9210387920779156,0.026434863476877738,0.0005420547278483875,1.1033668516311798e-05,0.0008294906521365341,3.9692554959472445e-05,3.988267678829222e-05,0.00016605213110263556,0.00241583456084298,7.238097450833611e-05,0.01765123272154421,1.177793985545258e-05,3.4025195707969674e-05,0.0005099373767215405,0.00934191424381625,3.297169357958116e-06,0.0005716802274947099,0.010511137278474586,0.0023927844645977654,2.3049972896246435e-07,0.0003306666320716493,0.0009732777755957659,0.0007682852319977256,9.279323787529079e-05,0.005216882503664222
25,0.9311076950194328,0.018741354817940644,0.0004552000797370574,6.806064710101436e-06,0.000510257352894453,2.2423970782888455e-05,3.9413527969061466e-05,0.00010823285252393325,0.0014478418678668826,6.922383347813336e-05,0.020533413681562477,7.879875340204192e-06,2.479429310452742e-05,0.0002596557379066031,0.010680692260012366,2.3629897963565703e-06,0.0004250310562826465,0.007497936446963184,0.003030785334277477,2.177928085932766e-07,0.00038129687504957007,0.0010205782445008812,0.0005461618111699117,8.87846097962506e-05,0.002991959604092871
26,0.9180920819789322,0.027189858274737612,0.0006575764184993964,8.797842315133494e-06,0.0005461776511936807,5.075780236506383e-05,6.819543923987867e-05,0.0002780823212830289,0.001522996187109103,0.0001225538270324673,0.016035493269644995,2.630653639080207e-05,3.793073354922349e-05,0.0003984611406479261,0.012206841885963403,4.249656469016439e-06,0.0008053830197332252,0.00739381382519335,0.003813146307017441,2.747188719148225e-07,0.00037998941021049086,0.0013500978660520731,0.0007541852526245374,6.367228721684786e-05,0.008193076347707535
27,0.9222488154232243,0.02422019120726033,0.0005049376980263215,8.136542327761758e-06,0.00047143686194049445,3.9353296495417405e-05,5.540410451882969e-05,9.485783700402181e-05,0.0035964531988641906,7.002020361946382e-05,0.012250557823297115,1.2196458497724584e-05,2.8397728603291042e-05,0.00032678203986758657,0.015637236770400673,2.2665200464975767e-06,0.0003636465153804907,0.0068850590003342385,0.0027165418466945303,2.5875127891633357e-07,0.00023471097575539972,0.0016697195890913272,0.000743036784768699,0.00014012676637136705,0.007679856056331674
28,0.9257792344669227,0.02499275592079164,0.0004912347443463844,7.560236988583297e-06,0.0005121327669866733,4.354027613221594e-05,4.488795622873936e-05,0.0001462243675944331,0.0022324857783006715,7.397189888410964e-05,0.01454255941558238,7.60213258367672e-06,2.412551839864977e-05,0.00035255711187417554,0.012198671972207498,2.520982515398551e-06,0.0004443769655264976,0.007543832513535636,0.002783494764757718,1.972694742847027e-07,0.00032395559866885517,0.0012323566696998663,0.0006841501090651726,9.375740987439699e-05,0.005441813153060236
29,0.9257792344669227,0.02499275592079164,0.0004912347443463844,7.560236988583297e-06,0.0005121327669866733,4.354027613221594e-05,4.488795622873936e-05,0.0001462243675944331,0.0022324857783006715,7.397189888410964e-05,0.01454255941558238,7.60213258367672e-06,2.412551839864977e-05,0.00035255711187417554,0.012198671972207498,2.520982515398551e-06,0.0004443769655264976,0.007543832513535636,0.002783494764757718,1.972694742847027e-07,0.00032395559866885517,0.0012323566696998663,0.0006841501090651726,9.375740987439699e-05,0.005441813153060236
30,0.9257792344669227,0.02499275592079164,0.0004912347443463844,7.560236988583297e-06,0.0005121327669866733,4.354027613221594e-05,4.488795622873936e-05,0.0001462243675944331,0.0022324857783006715,7.397189888410964e-05,0.01454255941558238,7.60213258367672e-06,2.412551839864977e-05,0.00035255711187417554,0.012198671972207498,2.520982515398551e-06,0.0004443769655264976,0.007543832513535636,0.002783494764757718,1.972694742847027e-07,0.00032395559866885517,0.0012323566696998663,0.0006841501090651726,9.375740987439699e-05,0.005441813153060236
31,0.9283708357583776,0.021510076902142856,0.0011943364512458031,0.00011156297402428865,0.0005413838542547382,2.96776355190768e-05,3.7979278056309074e-05,0.00014465694086974255,0.0013428060129547137,0.00034064804128766874,0.011086726274899006,7.4405072217395335e-06,3.0201437275162715e-05,0.0003566078062055637,0.008010468560278816,1.7908399725021828e-06,0.0003317545562938082,0.012704220107026605,0.003668994627235907,9.964631895406218e-07,0.00034644503371645234,0.0013612478826523797,0.0006029571642847651,0.0021960279220024277,0.005670156969012559
32,0.9258371937541224,0.025179052920336713,0.0004972804810978964,7.054369806973741e-06,0.0005144806851535395,4.430509625162548e-05,4.5937029318660866e-05,0.00015310700589053883,0.002096948271290558,7.221260449163106e-05,0.01401084559170032,7.813131236228525e-06,2.4947831678223367e-05,0.00033233182183050843,0.012597127912769861,2.5677909310085042e-06,0.0004308375252013831,0.007143531397329625,0.0033515353706632424,2.0260586903020624e-07,0.00032746900563868477,0.0013088235951677863,0.0006755460876103051,8.53170118617499e-05,0.005253531102751745
33,0.9249199259063389,0.03052933223688056,0.0005010101648472778,7.66103319632442e-06,0.00030134280416918547,4.9921611338616054e-05,5.573027803887224e-05,0.00012193984637155644,0.002157915118865969,8.017637420445887e-05,0.01293351713806193,1.4329183061430904e-05,2.772144340145039e-05,0.0005262825528901491,0.006150708886254158,3.353609737734244e-06,0.0006866838939529425,0.009625722771974038,0.003216144897552411,2.0499300977049978e-07,0.0002282910404617495,0.0029412328853460914,0.00045558398993464464,6.33892893018208e-05,0.004401878050808037
34,0.9034262081538948,0.02997707926164012,0.0008494935358545455,2.0363194859887047e-05,0.00043994104881493637,0.00016848525940947996,0.00011273343855126832,0.0007932874704074781,0.003105809215031961,0.00019121044094192575,0.01369481694755741,2.92256726749838e-05,0.00012179336698201183,0.0007396293016964639,0.015573046743255685,1.1522645665914737e-05,0.002250142751881049,0.01477378358725907,0.001264635986001151,7.455192597095286e-07,0.0007700129370896955,0.0013222616520208344,0.001531922477352962,0.00012169182212535064,0.008710157569771296
35,0.8711567261798393,0.02159258618925636,0.0020140850607138308,0.00010077558300168017,0.0010640469026384554,2.5156179059149314e-05,7.869934562011144e-05,0.00044742996762948744,0.0033257048018064373,0.0008907688006115608,0.008429715698747318,0.0001597342342110209,0.0022205117557166283,0.0019775900080101294,0.004017023525982471,2.5671966776051428e-05,0.001476243632754358,0.06077212466086496,0.004974203153293641,0.00013737163258202865,0.000886997673012411,0.001787555310093138,0.0004988910879611693,0.0005893173572903771,0.01135106929252835
36,0.921799024566461,0.03121223261152385,0.0003418397189353289,7.975184710094241e-06,0.00027689254801824015,6.348407669296752e-05,7.98318304356226e-05,4.148525065350553e-05,0.004677474371221039,8.029748968855892e-05,0.008195451568564166,7.656246759286443e-06,1.4455814414725816e-05,0.0004102079330381753,0.010175344320613924,3.7144888209121303e-06,0.0001973921801557884,0.007737183801146914,0.003423078364540992,2.1806723112779737e-07,0.00017396976965094405,0.003777104931625098,0.0007828028410463715,5.205128732106765e-05,0.0064688307367300754
37,0.912456958133878,0.02591225544122978,0.002700812876961611,3.806903917733336e-05,0.0009586264014923108,4.434157178543492e-05,6.52479429905121e-05,0.0005019168659843579,0.0035654230059780933,0.000491063645771782,0.014464425633601589,3.295735302721185e-05,0.00013019810873214125,0.0004439293558817424,0.012191030928091753,5.091462898995622e-06,0.0008845296180440359,0.011716622675085246,0.003994394255331819,1.0542408930425277e-05,0.00041475045271077856,0.0023525039621492545,0.0007016932492904403,7.305531142636324e-05,0.005849560299549239
38,0.922236995573287,0.0256470426924869,0.00047665307841989233,7.0152697989286305e-06,0.000392510340390448,7.764128599770752e-05,5.6027704022096735e-05,0.00011037370605320864,0.0021370400236799445,6.959933242116616e-05,0.014379069396776944,6.768268433747813e-06,1.5378914286749294e-05,0.00027043931871429836,0.0156125404504192,2.6954334854126608e-06,0.0004053601688546594,0.007553565064080506,0.004104600207986306,2.0095111316096379e-07,0.0003992497109466933,0.001094202102891993,0.0007374724031150353,7.883700470287679e-05,0.0041287215976352435
39,0.924190101956052,0.023910072305560734,0.0004938061174466343,8.254625568748638e-06,0.00042331001766256226,5.822017950036494e-05,6.125268160461901e-05,0.00021694647310905292,0.002032407637249182,7.454809551969174e-05,0.011576215236757937,9.493448403347697e-06,2.6380666274149494e-05,0.00032614077431392823,0.013930756420200339,3.4966486135804295e-06,0.0005600733285913747,0.0081648379418418,0.003544410470439647,2.2902176300317818e-07,0.0004894418385127138,0.0014693075238728414,0.0010945665691095563,7.563049694141318e-05,0.007260099525091076
40,0.925260036181373,0.02505915948807439,0.0007183076931725611,6.880983246249534e-06,0.0005145771697226413,4.3569716501792856e-05,4.471762004919455e-05,0.0001218367528752999,0.002114401828420019,6.818130528093596e-05,0.014536837373055478,1.0904897323940647e-05,2.4957179950574575e-05,0.00035312609616236355,0.012207136812855329,2.2690040908644543e-06,0.0003647120141232047,0.007983670793869664,0.002786113028913791,2.0513235182663374e-07,0.0003244218586140639,0.0012367143120976672,0.0006828633444460905,9.107659193617501e-05,0.005443322821493194
41,0.9157343443259678,0.03976065662107571,0.00034030520579632725,6.157869846240741e-06,0.0008184105593973936,5.6305910478468054e-05,3.688623177849687e-05,0.00015542799504396872,0.006177941421414769,7.257254508107756e-05,0.011008132530631489,6.074538073409793e-06,2.386142432076753e-05,0.0002956993046644667,0.01018614341575955,3.1310592951927875e-06,0.00044834977641907634,0.007930550621114972,0.0014932375698968761,2.372742510270442e-07,0.0001386589175785714,0.000605415611202831,0.0005552302321884677,9.461936465891119e-05,0.004051649674064029
42,0.9246922367818279,0.024959193227883154,0.0007390210699678758,6.562740031269791e-06,0.00035012035812526603,3.437568154882283e-05,4.4955394308065324e-05,0.00029302504046920474,0.0018160726372168623,8.469186801154485e-05,0.010165763645650576,9.94836833947795e-06,3.140469237093986e-05,0.0001984996687243105,0.014937176565073866,2.782614268565218e-06,0.0005144549316739574,0.004593987918293368,0.00893739220066756,2.2895678289699252e-07,0.0004608437414940115,0.0037735449243221915,0.0004248979688706669,5.569335817513405e-05,0.0028731256459023995
43,0.9249015616280427,0.027529971015799407,0.0005209198863339148,8.693472349322416e-06,0.0005226497594962979,3.7582786506681554e-05,3.9780622266551155e-05,0.00016389006929778542,0.002030568127706403,0.00011290405928760358,0.01612713967572321,6.104954787723886e-06,1.8513971589015473e-05,0.0003609606213665308,0.010553093598060972,2.506685294394118e-06,0.00040279550313680556,0.007172537011122829,0.0024190500865724006,3.2693734295191467e-07,0.00029989239258808157,0.0009598168697301611,0.0006479779719631583,9.966209211324194e-05,0.00506110020152159
44,0.9257792344669227,0.02499275592079164,0.0004912347443463844,7.560236988583297e-06,0.0005121327669866733,4.354027613221594e-05,4.488795622873936e-05,0.0001462243675944331,0.0022324857783006715,7.397189888410964e-05,0.01454255941558238,7.60213258367672e-06,2.412551839864977e-05,0.00035255711187417554,0.012198671972207498,2.520982515398551e-06,0.0004443769655264976,0.007543832513535636,0.002783494764757718,1.972694742847027e-07,0.00032395559866885517,0.0012323566696998663,0.0006841501090651726,9.375740987439699e-05,0.005441813153060236
45,0.92098481515139,0.02008237862963773,0.0004310008681833028,7.175327984612662e-06,0.00040914909602355503,6.302781083433051e-05,8.312797791494488e-05,0.00021694821539576834,0.002887202459760424,7.92947650441913e-05,0.012657011609617592,5.95767026449429e-06,3.081948363432682e-05,0.000186177697935032,0.02533224540293684,5.166969231085636e-06,0.0004999421056915943,0.006443241824546793,0.004075494734951381,2.0077128436384302e-07,0.0002647147213425022,0.0011825821288652387,0.00069668199156014,0.00011372689221731155,0.0032619156937529403
46,0.9321955228667766,0.020579999428483764,0.00045544474274065105,1.1604503936862984e-05,0.00020368148929671503,8.344935610001942e-05,3.909749552005173e-05,0.00019921986453491107,0.0020762069974405665,7.037507347674184e-05,0.01700363104822081,1.0546043910197498e-05,2.9116853699598708e-05,0.00026896351845500147,0.009161300154580044,4.06307028456282e-06,0.0009823939215210954,0.00805293800811962,0.0026632177439459585,1.8871211961753849e-07,0.0004204728160395492,0.0013970706842168154,0.000877588405159966,0.00010398507375429332,0.003109922127665491
47,0.8895891126488058,0.02899659901889017,0.002608599114365693,0.0012209028707765733,0.0002782219429308684,3.0563786993433196e-05,6.586378465765644e-05,0.0002406427571487823,0.02506407546847162,0.0006657594227207873,0.00746082033867462,6.08738531463675e-06,0.00011761237331524224,0.00034400916520042327,0.0076181395012022155,6.290286666855416e-05,0.002552504872731689,0.018641126254854826,0.004059342883319033,9.529901780548571e-07,0.00027868456585545425,0.0025678210738922687,0.00036854824570938986,0.0006467424578095178,0.006514364209512636
48,0.9272337671175386,0.03414085950656792,0.0003701936551708324,5.5817237831161425e-06,0.00021221176882260092,0.00014558342708244866,6.49100771067472e-05,4.228145992066229e-05,0.0019473926903059908,8.498098987072285e-05,0.008725508695878452,9.024285250995945e-06,1.3786949876533698e-05,0.00014401991210988643,0.011142482230965797,5.187160939056371e-06,0.00036910451902008145,0.00500235945017291,0.006546354209855525,1.4955145242290225e-07,0.00029195034039732764,0.0012058330669737802,0.0005661051874332332,3.096015850227203e-05,0.001699411865002044
49,0.9188882463779958,0.02943230364874001,0.0007694722972081432,8.506510933994177e-06,0.00047361050091253694,6.221879715088773e-05,4.79219350587092e-05,0.00014833739409574357,0.001868087921879688,8.525360238642592e-05,0.013742905749531275,1.336474505912037e-05,2.8056071416688054e-05,0.00044398383238112747,0.011669074218471938,2.6511504510045855e-06,0.0005897754115090839,0.009747611366516052,0.0035591089530326177,2.836662396717572e-07,0.00041745714884413844,0.0019318640380068433,0.0005739080286517202,9.05600625872556e-05,0.005405436570939298
50,0.9281386926357813,0.020197911252807982,0.001030530527457634,1.350389196844429e-05,0.0004231976458470013,2.120150776874632e-05,7.478684127008983e-05,0.00013628692390817523,0.002571845786569943,0.00010233232155627971,0.007684042722285709,6.2184988696405135e-06,2.617054461209917e-05,0.00028618160433938245,0.012865993243846354,2.2308059298932036e-06,0.00039037341423566374,0.008752236858759145,0.0035742750617216734,1.4834417913732343e-07,0.0002580206887787491,0.002201591244551884,0.0004977910002953964,0.00010378390513000551,0.010640652727530142
51,0.9233221853553508,0.03588838068533722,0.0007571860807362374,1.54148801137707e-05,0.0006032961788977227,2.5749070941928686e-05,2.6767959411234706e-05,0.00014227938554501373,0.0030321995238056236,7.830006752166903e-05,0.017383818492219406,8.365055634621745e-06,2.073443214894026e-05,0.0002923544943713221,0.007392266595209331,2.5057874834399504e-06,0.00026319355528880035,0.0063964254162414465,0.0011334842230450986,1.6323979281237126e-07,0.00019176059698033847,0.0008884788160928126,0.0002294905693980726,0.00011983891377755278,0.00178536062465464
52,0.9398204308022058,0.00885787792135312,0.0005003043477950563,9.938060419900745e-06,0.0003919830017329746,3.5237497644014174e-05,3.2499805243182994e-05,0.00017427583964697868,0.0019579668327295587,0.00013077198429994305,0.023697130319940533,4.3801438499561985e-06,2.6464210849900825e-05,0.00042484110984558247,0.009450295882838937,3.4743714713568885e-06,0.000403926581208947,0.007128056626736447,0.0014230298846048272,2.0820544544365098e-07,0.0002108150456361527,0.0009470497838634942,0.0005675898780536599,0.0002679884869903644,0.0035334633755935373
53,0.9130588913972911,0.01958702658185348,0.00042295895800432726,1.3604733755268382e-05,0.00046991729135539736,4.498810582536694e-05,0.0001432612220234898,0.0002528894851129874,0.005843233266160001,0.00010103433727264331,0.012378618967735854,6.799912455161252e-06,3.285903743520189e-05,0.00031334089131507015,0.020877628332644303,5.184838040813171e-06,0.0006073045890001108,0.010145353365910915,0.0021686126865436504,3.5853654839757196e-07,0.00022967814136705376,0.0011220235901041257,0.0014706043315698759,0.0001440607726457045,0.010559766628030098
54,0.9248950691139959,0.010792435774070266,0.00031951668276166794,7.690205986609003e-06,0.000584582666652797,5.045293845651233e-05,3.7335595392570737e-05,0.0001561124950697347,0.0016815498131168656,7.761626295893408e-05,0.026908048602096123,6.8604379282199126e-06,2.3600088653082154e-05,0.0003669969636609979,0.015927197510659567,3.0294755020628463e-06,0.00044216148952390595,0.008596106398278434,0.0029959251475543615,2.1549449278209127e-07,0.0004817570803973158,0.0011742475922779758,0.001121906779639694,0.0001925989948915961,0.0031569863959821963
55,0.9255554844967882,0.0397513461273182,0.00041747958410412044,6.411507874609521e-06,0.0005889416951260739,1.813898302098698e-05,3.96461363959655e-05,0.00026029452710032134,0.002350307333337405,8.90393859577205e-05,0.008697722045302914,7.765412058110497e-06,2.638625273949226e-05,0.00038818993624750974,0.003872148445993247,2.170996163212687e-06,0.0005308053878881583,0.005103055952771368,0.0013172267428910095,2.226737179812618e-07,0.0001963739731241132,0.000735484421947754,0.00034812314573289525,4.4143557029346735e-05,0.009653091279370002
56,0.9252273494171979,0.025827967959725782,0.0005124308311211004,7.782342751781924e-06,0.0005208493077857267,4.3338816976206024e-05,4.565278981279012e-05,0.00015124769480925407,0.0022604790528368847,7.256368134582572e-05,0.014975497970379401,8.258943654723277e-06,2.677086818830884e-05,0.0003552264895086968,0.011599417880375084,2.612799078843701e-06,0.00046023422174830284,0.007662705335673298,0.0027910045409821438,2.002977456327406e-07,0.000306881920482391,0.001218069247152758,0.0006446695529843284,9.12339723737546e-05,0.005187554065309014
57,0.9234742691529749,0.02824182839797985,0.0005924740776253202,5.090029468316692e-06,0.0004988450765354437,4.2527563994389515e-05,4.032801120343752e-05,0.0001731864008234236,0.0013372235299926461,6.20239538023458e-05,0.011652933493496156,1.4568916937009638e-05,2.9370122092762964e-05,0.0002988736818854452,0.011401968841011636,2.372437839780886e-06,0.0004337489769144113,0.007095051249594048,0.006922353140822196,2.2520373022662836e-07,0.0005115153351500523,0.0023214728957584806,0.0005178158258664797,4.587620545701004e-05,0.004284057479043921
58,0.9269869951399045,0.02268324731034742,0.0005091400190531711,7.767055238753838e-06,0.00048475735625267996,4.208499424658609e-05,4.428772736083507e-05,0.00013966075133937047,0.002304470538720846,7.874388789368246e-05,0.015491768243135926,6.690509527147897e-06,2.297803115699938e-05,0.00034581192952090313,0.013263648213174628,2.499899458813002e-06,0.0004217712919333608,0.006942590104772105,0.002623768833596411,1.9513791979431087e-07,0.0003004966456333152,0.001280321493508711,0.0006491879936499099,0.00012082093437312782,0.005246295958280904
59,0.9268505878690008,0.021720828723114583,0.0005510830391205662,8.137737705550687e-06,0.0004970420349681737,4.046301578824576e-05,4.242757129278107e-05,0.00013826512405843414,0.0023331044002424,8.273370255313701e-05,0.015798925266353583,6.4934485978815796e-06,2.170324105970049e-05,0.0003367484234659721,0.013898218909366142,2.4773692861099965e-06,0.0004266510183953425,0.007060016383485839,0.0025907127370805366,2.072105839402421e-07,0.0003110436381134949,0.0012537874448007571,0.000659116917173684,0.00013443929041834443,0.005234785483973587
60,0.9257792344669227,0.02499275592079164,0.0004912347443463844,7.560236988583297e-06,0.0005121327669866733,4.354027613221594e-05,4.488795622873936e-05,0.0001462243675944331,0.0022324857783006715,7.397189888410964e-05,0.01454255941558238,7.60213258367672e-06,2.412551839864977e-05,0.00035255711187417554,0.012198671972207498,2.520982515398551e-06,0.0004443769655264976,0.007543832513535636,0.002783494764757718,1.972694742847027e-07,0.00032395559866885517,0.0012323566696998663,0.0006841501090651726,9.375740987439699e-05,0.005441813153060236
61,0.9278419252998353,0.021777264016121473,0.0005591070053425535,7.904425209427475e-06,0.0005016848495013035,4.279698804237581e-05,4.116417105267029e-05,0.00014039086756828642,0.0020857083296365988,7.895442262713202e-05,0.01585004542599304,6.520966710424019e-06,2.178882761099011e-05,0.00034247731538628506,0.013398162875497655,2.4308402430496345e-06,0.0004256873417765512,0.006945739595515446,0.002676261874849033,1.9834580212240411e-07,0.00032872642740953967,0.0012436829061976604,0.0006584284569768043,0.00012143967930852905,0.004901508745785766
62,0.9257792344669227,0.02499275592079164,0.0004912347443463844,7.560236988583297e-06,0.0005121327669866733,4.354027613221594e-05,4.488795622873936e-05,0.0001462243675944331,0.0022324857783006715,7.397189888410964e-05,0.01454255941558238,7.60213258367672e-06,2.412551839864977e-05,0.00035255711187417554,0.012198671972207498,2.520982515398551e-06,0.0004443769655264976,0.007543832513535636,0.002783494764757718,1.972694742847027e-07,0.00032395559866885517,0.0012323566696998663,0.0006841501090651726,9.375740987439699e-05,0.005441813153060236
63,0.9256228091195807,0.026262099731669916,0.0004878637349196183,7.3005890055018305e-06,0.0005078243189298149,4.253921924847228e-05,4.4391729313280655e-05,0.0001441387571498814,0.002252353764918945,7.221530755855787e-05,0.014068101865852016,7.634472694259255e-06,2.4230894841509573e-05,0.0003421200770565723,0.011965753646160602,2.4159093589415816e-06,0.0004358618761287513,0.007311349931423096,0.002740798254784666,1.9050353019714103e-07,0.0003115253063569415,0.0012224324477026615,0.0006389076079763787,8.989042025156554e-05,0.005395250513587269
64,0.9253982785602033,0.024887019514167136,0.00053631833340194,7.759865088469165e-06,0.0005436745295445165,4.2050943084620176e-05,4.414209435490285e-05,0.00014657484990874506,0.0019035901706398904,7.414185155528142e-05,0.014751968193415439,7.824173832673313e-06,2.3487786501098753e-05,0.0003228343438584819,0.013079572270703475,2.337945920727015e-06,0.00041226218875575765,0.0073392395604833125,0.0029937076504303393,2.021030244936855e-07,0.0004373621084411922,0.0012139593837399792,0.0006786881807922975,9.20752552945259e-05,0.00506092814285714
65,0.916052662621895,0.02442654062420949,0.0007182931249718976,1.0041765550717261e-05,0.00047076861516665534,6.909220149410665e-05,4.972407141888679e-05,0.00012784117027226093,0.0020584740831614255,6.988546985083638e-05,0.01673837857380118,7.200372386092535e-06,2.224816569260284e-05,0.00028596453725041857,0.02115253027384927,2.8283634968729043e-06,0.0004096866724343157,0.00796820257291924,0.002957294513554989,2.0941742875704397e-07,0.0003962697342154062,0.001095401649410819,0.0008727503242129086,0.00013643164542143934,0.0039012794359346466
66,0.9271725677980587,0.02437672568218658,0.0006371594219587276,9.77124509561131e-06,0.0005947785309150257,3.8270167099186e-05,3.8622114585534905e-05,0.00015064678799168118,0.0021253852806106823,9.053659701562971e-05,0.01734338912377963,9.51694803296556e-06,2.328703090835243e-05,0.0004189572412441567,0.01098565719751578,2.652204480888736e-06,0.0004894391978288394,0.005738693324263913,0.002384581441071815,2.1209057148143608e-07,0.00037126413464975234,0.001218288847421817,0.0006014730680915428,0.00010839530336991553,0.005069729221251488
67,0.916610399958873,0.023223092021549274,0.0006154579800646623,1.1539187735978274e-05,0.0003781010192415972,8.564618958416536e-05,5.2047676317816764e-05,0.00013012586299056115,0.002014304097524606,0.00012230804466277213,0.017012136939436998,1.663861254586433e-05,2.645654473486838e-05,0.000571601889954827,0.013786341804174596,3.4166691369245565e-06,0.0011480610181103558,0.010063573510523898,0.0025482711480946073,3.896165697837056e-07,0.00044861701596908104,0.0014245664447940715,0.0013126525733217626,0.00016978555576016758,0.008224468618327261
68,0.9285312247500888,0.021699030360202265,0.0004626294021748945,7.98470391256538e-06,0.00041736134424606177,5.345199288148276e-05,5.8355577033321197e-05,0.0001459811817843071,0.0018786950423616573,6.89205373096096e-05,0.01809330523570123,1.1220043458923754e-05,2.3686275740441544e-05,0.0005532607412851014,0.007778593434636733,2.899449920429511e-06,0.00046253109534526474,0.00855815668147215,0.0021878796616639383,2.000060213232426e-07,0.000473076101740341,0.0010210249466349876,0.0010302895976447243,9.426138247962322e-05,0.006385980454259975
69,0.9222625634845614,0.019800235594848968,0.0005092264214745188,6.564953529691798e-06,0.0002678494822782803,0.00011331100120945279,4.2889010973367745e-05,0.00015345970005073753,0.0008498973704274054,7.455837188465431e-05,0.020229034509075983,1.5475891440213384e-05,2.7732783313328912e-05,0.0004636293877392419,0.012243954019827587,2.7843867919570426e-06,0.0005138281138258783,0.007131893026548185,0.007114561606493891,2.3641729316201866e-07,0.0008982173130854382,0.0020934106756629843,0.0011400794005141522,8.708444014614004e-05,0.00395752263700359
70,0.9193218284627368,0.02442130431851533,0.0006209942161745742,1.5980481127824904e-05,0.0007211697552454869,0.00011038181378024511,6.232963359597041e-05,0.00013909359805426,0.005829920680079385,0.00010107267180837836,0.015707567412765414,8.687358250094114e-06,2.4334715197654627e-05,0.0006984240791289095,0.011724452599512552,5.706590378812015e-06,0.0005456055691616237,0.008164815189809646,0.0017110645014468348,2.72471386237793e-07,0.0002674900215907608,0.0010275728537995433,0.0016625366946280964,0.00018925354076848008,0.006918140771057334
71,0.9286006585199265,0.025239325282036956,0.0002934639355100535,6.700437781742908e-06,0.0006061903480140425,2.7392782445080422e-05,3.901003769005989e-05,0.0001558136057825106,0.0024524118716048194,7.492843523480996e-05,0.0144059038885887,8.09155849570447e-06,2.461384930997495e-05,0.0003575783677880263,0.009228370727767254,2.148311480934908e-06,0.0005294920109903486,0.007524348644149846,0.0021144984093727877,1.8483642291296909e-07,0.0002700150161727366,0.001016685876548057,0.0006811815597195594,7.875027217419164e-05,0.006262241414992591
72,0.9270323879752747,0.025020019714357206,0.0004899057077504685,1.6670168090047592e-05,0.0006690779412988092,8.959632620509756e-05,5.2789070460450915e-05,0.00014055899625975096,0.003603136245953213,7.604859098338021e-05,0.018554058685923306,7.451229916860412e-06,2.32879975653062e-05,0.00020416749184186856,0.010479011699614156,4.915277450737675e-06,0.00045458063887094654,0.007968353075851113,0.0013787353517438967,2.1398252908012156e-07,0.00023527993568803283,0.0002324175335573345,0.0006865627272539952,0.00016779753706328403,0.0024129760984964365
