,0,1,2,3,4,5,6,7,8,9,10,11,12,13,14,15,16,17,18,19,20,21,22,23,24
0,1.9544070889054156e-05,0.9062663856337765,2.3264781111814583e-07,0.00016795576421155245,5.415760497257417e-05,0.00025158747037304146,1.9882523290652913e-07,1.2778064049606207e-05,0.011967127448333458,1.178861615981396e-05,0.0001753925327658803,1.7570233828747328e-06,9.079408669354838e-10,1.3617747884221958e-06,0.030430019105992842,2.8389809149207153e-06,2.7818691642792443e-06,8.983705674665704e-06,0.002034393320978584,3.869621573463442e-10,4.1635125867863327e-07,0.02084005241787299,8.184291181534775e-05,4.39270978527518e-08,0.027668358637579823
1,1.0285037159655111e-05,0.9200511230071488,2.5658349666594134e-07,9.619804555593968e-05,5.119106828401993e-05,0.00014353466268496543,9.601249560880287e-08,8.759889395759757e-06,0.00624722051409392,5.1763687866173635e-06,0.00010755956045769781,1.2883939702104116e-06,6.459692770351008e-10,1.0247068730095934e-06,0.026357157731592543,2.1955336595843733e-06,1.5278000885475048e-06,5.064485150119811e-06,0.002154347348698626,2.3085705061876303e-10,3.2161355541634725e-07,0.0168998850502994,3.5906014698935474e-05,2.459199095000541e-08,0.027819855103036913
2,6.883711128806212e-06,0.9056455726810857,1.876078724632966e-07,6.955839571383681e-05,4.72617319160581e-05,8.232815828200065e-05,6.17160561779452e-08,8.14481596529814e-06,0.0037316869339595704,3.417620161837504e-06,0.00014483656909565983,1.7898808089939833e-06,5.624246286004354e-10,1.5466620952226653e-06,0.041319592258282654,1.159009594099069e-06,9.456841656071868e-07,5.434003674154235e-06,0.001218760319747813,2.6598401962414936e-10,3.322275177129327e-07,0.013229274791777355,3.301293375056947e-05,1.7214585751843003e-08,0.034448194244354115
3,8.11749798004678e-06,0.9145954497066948,1.8150298199494972e-07,9.095676369637223e-05,3.923423318258708e-05,0.0001295518264087468,1.0472813310080419e-07,7.179812023305873e-06,0.003444055594465646,3.4742020094703846e-06,9.802385061582571e-05,1.6342574601575702e-06,5.275756730374556e-10,1.4701475522733456e-06,0.028917427696436473,1.75500475270309e-06,1.5480291486630154e-06,6.2553008499687694e-06,0.0014906126943669167,2.4096315070063706e-10,3.523382724836649e-07,0.017927644629816764,3.908570481272856e-05,2.826243373913213e-08,0.033195855447366716
4,9.133875077957691e-06,0.9156514887367178,1.9518864917018325e-07,9.704954156367815e-05,4.2742723726174115e-05,0.00013695753815996844,1.1177138740678542e-07,7.793649926854466e-06,0.0032686816932091644,3.679778870645516e-06,9.930179818223824e-05,1.6736522014525073e-06,6.891985413600871e-10,1.6753547865529223e-06,0.02852175661199723,2.0183605734113015e-06,1.6598157738993763e-06,6.832950566643472e-06,0.0017205446972768526,2.802575928931615e-10,3.6058435379109995e-07,0.017403276975666623,3.943974890590781e-05,3.259320924497799e-08,0.0329835913897615
5,7.963194555217712e-06,0.9216013685113121,1.4345096113180785e-07,0.00011028315710131423,3.3247930962511605e-05,0.0001430010791972387,9.121643157940376e-08,6.836135074610348e-06,0.003117156329745646,3.129864350876195e-06,9.671995490641716e-05,1.365933838707885e-06,5.354084261429932e-10,1.3745866540200076e-06,0.028307795469903828,1.8394199218393678e-06,1.467361204735316e-06,7.882259957115352e-06,0.001462180159665317,2.679903520611253e-10,3.3619940514181583e-07,0.01711193929271132,4.060019283939777e-05,2.7721627743942988e-08,0.02794324977427356
6,8.11749798004678e-06,0.9145954497066948,1.8150298199494972e-07,9.095676369637223e-05,3.923423318258708e-05,0.0001295518264087468,1.0472813310080419e-07,7.179812023305873e-06,0.003444055594465646,3.4742020094703846e-06,9.802385061582571e-05,1.6342574601575702e-06,5.275756730374556e-10,1.4701475522733456e-06,0.028917427696436473,1.75500475270309e-06,1.5480291486630154e-06,6.2553008499687694e-06,0.0014906126943669167,2.4096315070063706e-10,3.523382724836649e-07,0.017927644629816764,3.908570481272856e-05,2.826243373913213e-08,0.033195855447366716
7,1.6530387862601926e-05,0.9081704460445653,2.835360963545209e-07,8.785881972556154e-05,4.586998886732808e-05,0.00011113411728380415,1.4356207188691824e-07,6.965449637898163e-06,0.004325890402240281,7.295623146733734e-06,0.00016490770089885583,2.074745774174839e-06,3.0308361931118835e-10,1.7964871430436107e-06,0.025398024539072882,1.5085055468082895e-06,2.0373354483427902e-06,6.0215040775957404e-06,0.0014696397920378947,2.2238925455556634e-10,2.791728330375688e-07,0.022497927743277527,2.6288845442175814e-05,3.332046041200462e-08,0.03765704185101675
8,1.3075924636292253e-05,0.8906229692784752,2.654506891354806e-07,0.00011277153902328747,4.388383844648181e-05,8.436819205140019e-05,1.2832096120902427e-07,1.0243364709532758e-05,0.0028823198207909234,6.56052197483545e-06,0.00010811459456268687,1.8205487109725887e-06,1.1746517179262777e-09,2.670384416570315e-06,0.02702870377703188,1.950914051971909e-06,1.9665074701935846e-06,5.213196776545293e-06,0.001575769218154881,3.1931761675238736e-10,3.8021632587922037e-07,0.016926224527185646,5.282805810101732e-05,4.8255788416602154e-08,0.06051772205569576
9,8.850302817054306e-06,0.8955007837818687,1.922826079394293e-07,9.147517914057468e-05,2.8905727945946108e-05,7.03567248891375e-05,7.391092173718868e-08,7.1097700848530625e-06,0.0025443601788142822,4.510411454999684e-06,0.00010604341795491327,1.490863998503008e-06,5.514636710268586e-10,1.992412428341357e-06,0.03178084568796156,1.0718725295773093e-06,1.2583430955294073e-06,4.777703819901844e-06,0.0011412766383026144,2.2678237970813226e-10,3.340007009749133e-07,0.017665771907018693,4.6982265812769384e-05,2.948144162238236e-08,0.05099150635614379
10,8.11749798004678e-06,0.9145954497066948,1.8150298199494972e-07,9.095676369637223e-05,3.923423318258708e-05,0.0001295518264087468,1.0472813310080419e-07,7.179812023305873e-06,0.003444055594465646,3.4742020094703846e-06,9.802385061582571e-05,1.6342574601575702e-06,5.275756730374556e-10,1.4701475522733456e-06,0.028917427696436473,1.75500475270309e-06,1.5480291486630154e-06,6.2553008499687694e-06,0.0014906126943669167,2.4096315070063706e-10,3.523382724836649e-07,0.017927644629816764,3.908570481272856e-05,2.826243373913213e-08,0.033195855447366716
11,9.352520464260243e-06,0.9132642022358811,2.0447241011084878e-07,0.00010014611877697725,4.233371461197518e-05,0.00014160145729181736,1.1878059742475378e-07,8.904538781820617e-06,0.0036731667652051643,4.122507574759363e-06,0.00010163259529706851,1.7748688033036852e-06,7.216140736688667e-10,1.544193262526289e-06,0.028851945978284596,2.0927719189047338e-06,1.7684131407224447e-06,6.723013660931166e-06,0.001733889330066623,2.8329612781286624e-10,3.642174132819943e-07,0.019061102882243,3.9329473475546194e-05,3.329237939328643e-08,0.03295364485354829
12,4.480799962257467e-06,0.8843251163988232,1.7160577974765669e-07,9.140648456708871e-05,8.231396545634865e-05,0.00012661635725397697,1.5301702848814773e-07,6.908263518422592e-06,0.0018750482743694293,9.495307159824772e-07,5.9276659653764886e-05,1.7482144958595955e-06,5.482318722360421e-10,6.788738934993779e-06,0.0184875551735725,1.779426524179913e-06,1.241217778302433e-06,9.194061903421624e-06,0.0013122821886841836,3.1915957550046653e-10,7.087558729768292e-07,0.007085054315880682,0.00022411898287630325,4.377079352357273e-08,0.08629704292816216
13,1.9373259025329074e-05,0.8560731970570344,4.622156464703801e-07,0.00029034516035797984,7.473473018331205e-05,5.613232482844567e-05,1.0176382026188537e-07,3.587460527012497e-05,0.002642726687546508,4.546218354873259e-06,0.0008861250571673783,3.0665026178880097e-06,3.073053860285318e-09,6.430011832862506e-06,0.09113002661241719,5.04729766019862e-06,1.0444353382421769e-06,1.1192816244625595e-05,0.0012734379289267592,1.2098869274019783e-09,4.993679362610596e-07,0.015632996708177055,4.444054705669628e-05,1.7267541419045727e-08,0.03180817714207493
14,2.9819851880245063e-05,0.8744334895019971,7.448655830216678e-07,0.00031762857980208864,4.549147747440847e-05,0.00014592159395674758,5.220397407904562e-07,0.00016100206561454747,0.0024539725297474074,8.566828147811207e-07,0.00010149811450472573,7.591721835307153e-05,4.086087858096211e-09,1.6429703449057672e-06,0.020885440859506645,9.875617860567831e-06,2.275609100409295e-06,8.112801862069086e-06,0.001853551127837674,5.67419748944125e-10,8.964267015608182e-07,0.09143994676688917,1.1478402485518117e-05,6.386457994559119e-08,0.008019846377855203
15,8.11749798004678e-06,0.9145954497066948,1.8150298199494972e-07,9.095676369637223e-05,3.923423318258708e-05,0.0001295518264087468,1.0472813310080419e-07,7.179812023305873e-06,0.003444055594465646,3.4742020094703846e-06,9.802385061582571e-05,1.6342574601575702e-06,5.275756730374556e-10,1.4701475522733456e-06,0.028917427696436473,1.75500475270309e-06,1.5480291486630154e-06,6.2553008499687694e-06,0.0014906126943669167,2.4096315070063706e-10,3.523382724836649e-07,0.017927644629816764,3.908570481272856e-05,2.826243373913213e-08,0.033195855447366716
16,1.3463385506838847e-05,0.8951290951327161,4.1170714575569907e-07,0.0002331123273166257,5.835114628934645e-05,0.0002150450456754681,2.1786877367217914e-07,1.7065664323518074e-05,0.0026721831065054462,4.286511113458084e-06,0.00019729026313654346,4.174729581329409e-06,2.019547934626352e-09,4.007950898706605e-06,0.05214674574984657,8.272982136215178e-06,2.6139562889683917e-06,1.5827444331989682e-05,0.0020863254662360884,7.615757601607597e-10,9.172607893722476e-07,0.0218431659132797,7.519320239126921e-05,5.497813308555159e-08,0.025272175426460635
17,1.5901013706426706e-05,0.8832690635799154,3.08870362949237e-07,0.00018606067426882599,6.949988730745694e-05,9.936000268747292e-05,2.6624593344323943e-07,1.379464363304223e-05,0.0034698165481626946,3.3739606069527594e-06,0.0001498770587416723,4.208312402392733e-06,1.1386564263691483e-09,3.3336767629957606e-06,0.025977051764741185,3.0467332347848112e-06,2.3292707567593118e-06,6.6577296460822435e-06,0.0012595714410429464,3.8613485998758663e-10,4.97549058480173e-07,0.024629471269188463,4.108338505862362e-05,3.502018981611427e-08,0.060795389837800105
18,8.594101388717593e-06,0.8950702601551634,9.46181194543883e-08,5.296468051369601e-05,3.294637256507887e-05,6.617361008507438e-05,9.737111423973941e-08,3.4542971650762083e-06,0.002067048608266179,1.9198332216802144e-06,6.10962790084206e-05,1.0949837534615338e-06,2.619697861851391e-10,1.359098515455129e-06,0.014713460014034474,5.943741126258624e-07,2.3899639294421515e-06,5.22133510055485e-06,0.0012141459851550253,1.6591259076366881e-10,2.5682385105410856e-07,0.01990901155083937,3.0306923996116725e-05,2.5394815694191838e-08,0.06675748319740304
19,1.1958057909854212e-05,0.8913712022234861,3.3766964256086605e-07,0.0001545796920480379,5.9644038286327884e-05,0.00020992991364466283,2.592484479029964e-07,1.7888682955125808e-05,0.0061090320369083795,1.0583055873395425e-05,0.00011110146218319945,3.3053722376225177e-06,1.259148981097584e-09,1.3138177715717314e-06,0.025192964125848177,2.945331007988977e-06,2.5210106050568583e-06,5.863563083905747e-06,0.0018299738526309905,3.4312690891761785e-10,3.904355111930557e-07,0.03152586505919159,3.6015687321013696e-05,4.66290632394927e-08,0.04334227743206624
20,3.0787326622790473e-06,0.9242619051946069,1.1853910298416182e-07,5.196997687094743e-05,1.32314118055149e-05,9.676111539277771e-05,3.689486183731432e-08,6.4486238429468645e-06,0.001798766849185958,1.5300318884056394e-06,6.52632242714103e-05,1.556862225003792e-06,2.6680710331305433e-10,6.48562894918556e-07,0.03884562922730884,9.86970115318976e-07,7.466565160383213e-07,7.0395834178936585e-06,0.0009562570314920093,2.3238437555034818e-10,3.410939851511935e-07,0.01899673352599723,2.085020441496908e-05,1.842850026514326e-08,0.014870080759448815
21,1.2513969506244182e-05,0.9085562185150661,2.7154920899820943e-07,0.00018731707782701994,4.41225890438758e-05,0.00011564239036722548,1.0409982208005142e-07,9.882544899441035e-06,0.0031824341439054982,3.165790941695947e-06,0.00020403869058715894,2.531091153688947e-06,8.846910257442793e-10,2.7675807686942215e-06,0.04190438213925192,3.448605495707271e-06,1.3107492266278467e-06,8.596669680640506e-06,0.0014679145153240621,3.8782019353987996e-10,4.963997340481538e-07,0.015697140845083876,5.055662975562741e-05,2.5092835114381313e-08,0.02854511704800347
22,1.3206640999320089e-05,0.8965066399677145,3.4108042121908526e-07,0.0002004611295488331,5.3609249093683825e-05,0.00013973610247344976,1.4032608856777358e-07,1.2283017956030543e-05,0.004002129979322483,6.584249171051686e-06,0.0002529436257227402,2.327516920610082e-06,1.1503307450171863e-09,1.9860861538770137e-06,0.03770159197449244,3.5365774718933863e-06,3.123447944523987e-06,1.1550491075758311e-05,0.001901670603899974,5.523337292915655e-10,6.013737025781562e-07,0.02394155371869104,6.345087507614976e-05,3.3186558772128424e-08,0.035180497076835515
23,8.11749798004678e-06,0.9145954497066948,1.8150298199494972e-07,9.095676369637223e-05,3.923423318258708e-05,0.0001295518264087468,1.0472813310080419e-07,7.179812023305873e-06,0.003444055594465646,3.4742020094703846e-06,9.802385061582571e-05,1.6342574601575702e-06,5.275756730374556e-10,1.4701475522733456e-06,0.028917427696436473,1.75500475270309e-06,1.5480291486630154e-06,6.2553008499687694e-06,0.0014906126943669167,2.4096315070063706e-10,3.523382724836649e-07,0.017927644629816764,3.908570481272856e-05,2.826243373913213e-08,0.033195855447366716
24,8.188261426355046e-06,0.9232661511876572,1.670938451184337e-07,0.00012109617692948274,4.209725922930378e-05,0.00011080099694578153,8.275409857297422e-08,6.611161187451737e-06,0.0028736894230692667,2.8471510005848332e-06,0.0001094625248507574,1.4806631572871907e-06,6.125839036428308e-10,1.4895488514402976e-06,0.023779649199817,1.7374359185921156e-06,1.276715622063675e-06,4.820318532089661e-06,0.0014174920326351496,2.4385061403130423e-10,3.1672311459514707e-07,0.015824255625006445,3.271688323525313e-05,2.3033956377002743e-08,0.03239354697347949
25,2.8589976777268004e-05,0.8665817260207596,5.416419861995268e-07,0.000408114695013334,0.00010738622795018525,0.00012427044206814937,3.313966372817603e-07,4.528103919883446e-05,0.00470606583459106,8.219760558616947e-06,0.00045886893641787475,6.202530210546207e-06,4.4157926280103776e-09,4.66580156557522e-06,0.0481200505033915,6.662429556290153e-06,2.6247874666513848e-06,1.3467405514928108e-05,0.002027533785406756,1.218138578838181e-09,5.866165541001123e-07,0.02758470691872842,4.68400386524316e-05,4.022665621573373e-08,0.049717217350407496
26,1.1875521274675657e-05,0.913082954532317,1.5570401837013404e-07,7.515220697384797e-05,4.607682362777745e-05,0.00016945876250479982,1.27654219936612e-07,5.41833930558411e-06,0.006362279659947159,5.14601239752811e-06,7.19036594676436e-05,9.071865716412079e-07,5.216312390644272e-10,1.136819289305942e-06,0.02085107876203093,1.433129702070852e-06,2.6144744145113477e-06,8.172359604942884e-06,0.0019954088348129355,2.989731058651368e-10,3.753411237465139e-07,0.015584112617717891,7.061291973492744e-05,4.619479460771343e-08,0.04165355166354418
27,4.910630455459665e-06,0.9255993237762209,9.295651393705428e-08,5.694628664166595e-05,2.093621802518863e-05,8.96851250487365e-05,5.496075693267879e-08,5.0271596116019576e-06,0.0032812044643859917,2.1895299152987915e-06,6.774359142792292e-05,1.0069351672320057e-06,2.0721180989504171e-10,7.012272392579104e-07,0.024487302188211685,7.461431731051125e-07,8.718662496193267e-07,3.890183991213086e-06,0.0009963285644818485,1.2496070307349944e-10,1.9702450587197405e-07,0.016890624031037204,2.1234072169794186e-05,1.4523719332258363e-08,0.02846896820887794
28,8.11749798004678e-06,0.9145954497066948,1.8150298199494972e-07,9.095676369637223e-05,3.923423318258708e-05,0.0001295518264087468,1.0472813310080419e-07,7.179812023305873e-06,0.003444055594465646,3.4742020094703846e-06,9.802385061582571e-05,1.6342574601575702e-06,5.275756730374556e-10,1.4701475522733456e-06,0.028917427696436473,1.75500475270309e-06,1.5480291486630154e-06,6.2553008499687694e-06,0.0014906126943669167,2.4096315070063706e-10,3.523382724836649e-07,0.017927644629816764,3.908570481272856e-05,2.826243373913213e-08,0.033195855447366716
29,8.11749798004678e-06,0.9145954497066948,1.8150298199494972e-07,9.095676369637223e-05,3.923423318258708e-05,0.0001295518264087468,1.0472813310080419e-07,7.179812023305873e-06,0.003444055594465646,3.4742020094703846e-06,9.802385061582571e-05,1.6342574601575702e-06,5.275756730374556e-10,1.4701475522733456e-06,0.028917427696436473,1.75500475270309e-06,1.5480291486630154e-06,6.2553008499687694e-06,0.0014906126943669167,2.4096315070063706e-10,3.523382724836649e-07,0.017927644629816764,3.908570481272856e-05,2.826243373913213e-08,0.033195855447366716
30,8.11749798004678e-06,0.9145954497066948,1.8150298199494972e-07,9.095676369637223e-05,3.923423318258708e-05,0.0001295518264087468,1.0472813310080419e-07,7.179812023305873e-06,0.003444055594465646,3.4742020094703846e-06,9.802385061582571e-05,1.6342574601575702e-06,5.275756730374556e-10,1.4701475522733456e-06,0.028917427696436473,1.75500475270309e-06,1.5480291486630154e-06,6.2553008499687694e-06,0.0014906126943669167,2.4096315070063706e-10,3.523382724836649e-07,0.017927644629816764,3.908570481272856e-05,2.826243373913213e-08,0.033195855447366716
31,1.1378999863824445e-05,0.9205507564618572,2.2908434176204667e-07,6.766385804043606e-05,2.9847997458950638e-05,0.00010792706581364594,9.209415465164935e-08,2.9592639377370213e-06,0.0033228255238218684,3.405342309854243e-06,0.0001101459599681476,2.2001425891326743e-06,1.0698994527440949e-10,1.5005736847883383e-06,0.03321101276320007,5.277515181633668e-07,1.8409821357715135e-06,5.623233120970098e-06,0.0010416860892686671,1.8642346333734214e-10,3.87773356803685e-07,0.019747743925262448,2.5780073833043304e-05,3.292550187434128e-08,0.02175443182154638
32,7.672952572040699e-06,0.9229509699217461,1.6981710000608282e-07,7.543533689211505e-05,3.589270256521759e-05,0.00012373645739056268,8.498744722610573e-08,6.118589670812503e-06,0.0031186429131476894,3.055538144771908e-06,8.348567194296934e-05,1.3353012712828332e-06,4.839937957640625e-10,1.267695017764013e-06,0.02591654937421273,1.5803755435347074e-06,1.4632165821652113e-06,5.970797937271857e-06,0.0016498834235607546,2.1602488809017e-10,3.197012470044806e-07,0.016659627187605212,3.413424440535772e-05,2.7277000745900913e-08,0.029322575816978443
33,8.415814904383297e-06,0.9416976434354543,2.504480437500473e-07,8.766900428902553e-05,3.2096956996056096e-05,0.00016270070813581908,1.0956838342276111e-07,6.887281070405451e-06,0.0019215195130544616,2.4903768439600105e-06,4.12787621929619e-05,2.2884829290393845e-06,5.786539793941944e-10,1.1110628387490957e-06,0.014879633372727154,1.920013641870629e-06,2.548073893540212e-06,6.5583771194705025e-06,0.001936390053545832,2.30915827814176e-10,5.020317289486045e-07,0.016858203143852547,2.593964879108974e-05,4.9546297057408873e-08,0.02232379351369673
34,5.9700781371034615e-05,0.9193227738175822,2.5477102494942436e-07,9.345980813752675e-05,6.555742433163986e-05,7.889500593362788e-05,8.347783309746017e-08,7.741572044015112e-06,0.004603683070019413,4.504607494224821e-06,0.00026708917188967803,1.3705469657600635e-06,5.643696455061063e-10,3.6851216793612867e-06,0.026485420074397966,1.800095491768167e-06,2.116354273350273e-06,6.644852933764273e-06,0.0022802895228375337,2.567581189580365e-10,2.9298192123319124e-07,0.013230159410364019,2.611627314496914e-05,2.6499878501675155e-08,0.03345833393732249
35,9.518043245721085e-06,0.9283875994074579,1.2307350957256516e-07,7.108701262498442e-05,2.7337950693370347e-05,8.754002963832911e-05,6.313128286547137e-08,1.0081093010582845e-05,0.005594076606361636,2.559683120630546e-06,7.415401517790445e-05,8.205438553112776e-07,3.353740688826804e-10,5.358997512793948e-07,0.02043818550799067,1.0424026004877098e-06,1.1058476815411356e-06,3.387746886114227e-06,0.0015111074096126288,1.165637746452444e-10,1.4695173672899253e-07,0.020444955347480604,1.4854216470294801e-05,1.3361016012549756e-08,0.023319704266856603
36,9.518128278284555e-06,0.9045823345344887,1.8673745263896816e-07,0.0001266200097230404,2.987706497680319e-05,0.00012579367230399472,2.2376245122167647e-07,2.0991774794492656e-05,0.002802908170655419,2.546289959594865e-06,0.00010496058545980332,1.129313842213805e-06,8.147052489950804e-10,1.863335936038782e-06,0.03091513847635224,2.9386175044688426e-06,2.7055804462740384e-06,8.699225621709198e-06,0.0012963462232188777,3.3795948956471703e-10,3.185046590686348e-07,0.017769936590446313,2.431690623007912e-05,3.196171211364162e-08,0.042170613380822015
37,2.184294961077084e-05,0.8981596023255746,2.7581704476568206e-07,0.00015866303301763064,7.12070747656803e-05,0.0001466197979325857,2.6787840890619723e-07,7.545362564725213e-06,0.0019192185872122887,3.720804016414304e-06,0.00011423230395420431,2.3283804563122878e-06,1.5890615216091298e-09,7.111612964772291e-06,0.028311322696419738,4.59070842426131e-06,3.509559198631444e-06,1.4111674782400388e-05,0.0023699723599681435,5.785024769397831e-10,6.592376472054813e-07,0.016738057627872525,8.959591559753454e-05,9.878840081870048e-08,0.051855443336601546
38,6.9533754741808e-06,0.9157411111624514,1.8445303075584526e-07,9.232090751478333e-05,3.536328095261616e-05,0.00018421745655951237,1.3327325514868083e-07,7.466054238662382e-06,0.0030000599889311664,3.181469831840817e-06,8.280876820544526e-05,1.680661226869503e-06,5.348280079547098e-10,1.408344207631999e-06,0.03830103776404365,1.5704251551953416e-06,1.5821286810402745e-06,7.008093752174722e-06,0.0015694274927569572,2.470233408132914e-10,4.941871942831748e-07,0.01855664626043504,5.8565635209176795e-05,4.0841462346411895e-08,0.022346737193578797
39,3.119167844041496e-06,0.9330790570135903,2.0879703152726644e-07,5.3585575423255705e-05,1.8779299736379926e-05,0.0002452149281035192,6.178346494812664e-08,7.688529900206185e-06,0.0028068373247385984,1.6919282477214295e-06,3.227964212866393e-05,1.7074842378350852e-06,3.678061546307123e-10,4.677771785702408e-07,0.025279045360388785,2.7303203690417787e-06,1.6463025171419046e-06,6.06224606821052e-06,0.0015260340989511427,1.799672732621816e-10,6.615938971353385e-07,0.02400474946966635,3.176052547694896e-05,2.818652310893695e-08,0.012896582096743223
40,1.0024971557515467e-05,0.8954568251404911,1.3710982482651512e-07,5.187269277997033e-05,7.135256224174252e-05,6.408652647763161e-05,8.427609220812248e-08,5.4809386471781814e-06,0.001665697158098886,1.3358601647171315e-06,0.00010707340003365762,6.068682077432499e-07,6.456250621337469e-10,3.2363983593722855e-06,0.024316196799634683,1.4991534817693296e-06,1.0338753523527358e-06,4.988360247347565e-06,0.0014901579805717594,2.236341272613694e-10,1.9548185371425746e-07,0.03250464713794161,2.0278966872545448e-05,1.8819398027340697e-08,0.04422316865241054
41,7.399969171067929e-06,0.927849851357196,1.5049471161717662e-07,8.655477575140891e-05,4.0564912066248833e-05,0.00011586995324150317,7.52699887685884e-08,6.632663412750006e-06,0.003666085087665934,2.9902734135816986e-06,0.00010153518175751214,7.358749164987711e-07,5.047839469187658e-10,1.2688970481019613e-06,0.028770125529014194,1.6318696655446898e-06,1.1162926341941567e-06,5.9075138254657074e-06,0.0014963854068103825,2.2760475721839248e-10,2.4536639908385133e-07,0.010836859184399368,3.2873761575181345e-05,2.151904073398657e-08,0.026975118113906005
42,2.3811940854064096e-06,0.9570435306512648,2.3449528605588876e-07,4.82489374141686e-05,1.0599777224125145e-05,0.00010787093100264643,3.05974692489613e-08,7.211635610321407e-06,0.0024308211636853007,9.323117730717476e-07,3.272829559985212e-05,3.1206231214257634e-06,1.679843859564079e-10,3.0484499224861484e-07,0.014422721835620069,1.3155753794784795e-06,8.515684151640743e-07,3.0549078622639957e-06,0.0013836201311575105,1.0031443869749817e-10,4.267054741583604e-07,0.018814536457997716,5.889340182672714e-06,1.6153698478181998e-08,0.005679551597384703
43,6.798796719676121e-06,0.9138138233829645,2.3697295547801114e-07,0.00010263263266974311,3.781878232824235e-05,0.0003781404902629473,1.3091895963659192e-07,1.1593540901973318e-05,0.005783111162912249,9.260949255683728e-06,6.61382648673939e-05,1.5457584277409899e-06,7.182495298310744e-10,6.883089295532221e-07,0.02964515361803425,2.648491764852866e-06,3.1505618567007386e-06,7.236801521984208e-06,0.0020959467271044214,3.154985620112636e-10,6.952156381934443e-07,0.02742758442522748,6.177455636247025e-05,5.4295003167207025e-08,0.020543834311583842
44,8.11749798004678e-06,0.9145954497066948,1.8150298199494972e-07,9.095676369637223e-05,3.923423318258708e-05,0.0001295518264087468,1.0472813310080419e-07,7.179812023305873e-06,0.003444055594465646,3.4742020094703846e-06,9.802385061582571e-05,1.6342574601575702e-06,5.275756730374556e-10,1.4701475522733456e-06,0.028917427696436473,1.75500475270309e-06,1.5480291486630154e-06,6.2553008499687694e-06,0.0014906126943669167,2.4096315070063706e-10,3.523382724836649e-07,0.017927644629816764,3.908570481272856e-05,2.826243373913213e-08,0.033195855447366716
45,9.292726753387766e-06,0.9033188512762993,2.698765611941235e-07,0.0001223394770105214,3.977652333417507e-05,0.0002325972398380965,2.1021895703623415e-07,2.916992457672532e-05,0.004401428196584151,5.374848361241298e-06,8.97984490252952e-05,2.7312872139818087e-06,1.4762352926818477e-09,1.2454484504862011e-06,0.04315993568608214,4.5190057632108054e-06,1.7604466959152907e-06,8.117417035654311e-06,0.0023485337884095758,3.84278321006812e-10,3.906189170842904e-07,0.028010798504164863,2.5856765158467325e-05,4.757412632085706e-08,0.018186952840167903
46,2.8280671175687968e-05,0.8993664279671474,3.3204437517456226e-07,0.0002882184272386135,4.555815706937924e-05,0.00028782224609851176,2.9782127265941887e-07,2.283829883483511e-05,0.004261816473022522,1.178820791967158e-05,9.569854392643981e-05,2.7054779193678213e-06,1.8618077691633732e-09,1.1540245500424838e-06,0.012860475444701565,4.964752578470928e-06,1.3626655832316508e-05,9.715327365131428e-06,0.0031298915418002792,4.989055174629285e-10,5.969204058092058e-07,0.03624777500044124,4.943630161482146e-05,9.293139673609562e-08,0.0432704844025997
47,1.1684585954878651e-05,0.909968553851192,2.5353583567993157e-07,7.788276639876064e-05,3.68953974102412e-05,0.0001381730960620579,1.400021114388518e-07,6.447744971946356e-06,0.003479476207291086,4.143964153585543e-06,8.900693865079799e-05,2.1777705013866343e-06,3.7703170783458995e-10,1.478010825197031e-06,0.02320417593329973,1.3922376231314135e-06,2.4429950011486138e-06,6.260625521799687e-06,0.0014712180197175748,2.205845830537234e-10,4.020815280777365e-07,0.02947024781576426,3.656734253570589e-05,4.025607591570613e-08,0.03199093822395721
48,7.860871887290214e-06,0.9049847903758617,1.6500667292952307e-07,0.00014318933180405472,4.629247331376648e-05,9.767751708383058e-05,1.0532959728851145e-07,6.954829250151305e-06,0.003679968915754417,2.934520786580037e-06,0.00012785606012723124,1.3107982179328584e-06,4.4455580540777155e-10,1.6459412394994203e-06,0.03737290280720445,2.1000273626143273e-06,1.1523869004840932e-06,6.3843668852888995e-06,0.0008717982190120251,3.0585726341446096e-10,3.165648563486672e-07,0.018440428483737628,4.570832132819066e-05,2.1635155348890295e-08,0.034158434465548
49,4.811948699318412e-06,0.9220018136462328,1.882229512308195e-07,7.460741862860751e-05,2.7132598946059006e-05,0.00015908031075582206,8.668152427262724e-08,7.540961878654006e-06,0.0033860154473710417,3.219983199180592e-06,6.332374759852449e-05,1.8665126828102966e-06,4.0334475794925246e-10,6.786775494002953e-07,0.02338732229439192,1.6103073446011425e-06,1.4214072273450299e-06,4.739696907095552e-06,0.001251439914203588,1.9739368714751525e-10,3.5737720880792276e-07,0.02487032562369962,2.600852160736808e-05,2.4139116451446428e-08,0.024726383959537208
50,4.708909936939722e-05,0.8592308273827186,5.347466839956522e-07,0.0003328480020331761,0.0001360752884916417,0.0001667196116770972,6.275698816149033e-07,4.318307340555603e-05,0.0051488227331453395,1.458752150553866e-05,0.00022420553978692693,4.813056873568919e-06,5.711534366154272e-09,5.15741068997974e-06,0.030684440661152328,6.3859703086270795e-06,4.2518597938556134e-06,1.1420041586087005e-05,0.0038585925949524095,1.0354021146237474e-09,4.253582883145648e-07,0.028764363965577213,4.894454056590533e-05,1.0169930757201327e-07,0.07126557552526869
51,0.0024351511779211886,0.7151840005882398,4.603163462334547e-05,0.0001411259891275167,0.05466936069160669,0.0023792305604584374,0.00012109322838496068,6.197079940487412e-05,0.01579012808559999,1.9513312217196095e-05,0.0003197295589324975,2.366918630256195e-05,9.760315741234102e-07,0.00016725825551291716,0.029777565397237225,0.00048789819897633433,0.00012837985815639024,0.000499025887100126,0.128962192243222,7.849814711527462e-08,4.525065728505403e-05,0.033491034663663766,0.0004681510106266796,2.1210055071347898e-05,0.014759974430607906
52,1.0469574924388688e-05,0.9041985491302971,1.9424355241764287e-07,0.00030454081755334084,4.546560748740502e-05,0.0002963401146417502,9.680503340595929e-08,3.748642974034271e-05,0.004658070080165568,6.73606153121106e-06,0.0001480581895766056,1.9510867427009666e-06,3.0598469490051422e-09,1.4402749906329845e-06,0.04387739769758583,4.743894421469689e-06,1.287473815568091e-06,1.8019414081313852e-05,0.0031666094561640123,9.438236939005498e-10,3.1142977262849326e-07,0.018335102098370224,4.008608402045649e-05,3.144980762743102e-08,0.024847008582053097
53,1.10383401011919e-05,0.8659284373928992,3.654925129016645e-07,0.0002741496003352727,9.1080783020429e-05,0.0002083611088399279,4.723999469913322e-07,1.2112467238587698e-05,0.004942207587680824,6.124511648640954e-06,0.0002488718671105018,4.985768041599885e-06,1.394889589168485e-09,4.350920541371615e-06,0.04612386581837035,5.420063008929969e-06,2.47967004395777e-06,1.4864602605445948e-05,0.001099145742461579,8.780372370973982e-10,9.717366160629297e-07,0.022603044486417888,0.00014372581352712648,5.1426702252762757e-08,0.05827387012740237
54,2.279185141944965e-05,0.8470722649957196,2.2014868961105467e-05,0.0002900135626885728,0.00013712152618406749,0.00036985658938651334,3.4713306114360194e-07,3.5597593451098604e-05,0.008398872787114646,1.682189697600129e-05,0.000465044892013911,4.793976015603295e-05,5.835001463795003e-09,3.335421451969424e-06,0.04664446551349461,1.561327669165936e-05,9.65619744519508e-06,2.28479778352395e-05,0.00534805153040769,2.6382262640242686e-09,9.47803950735255e-06,0.05633469869284635,0.00014274535539148708,1.149565257183907e-07,0.03459029710804289
55,9.272669243112515e-06,0.8879859746712881,2.2854586308739632e-07,5.9083419697334656e-05,3.8549115901226604e-05,0.00015222037718923314,2.7886307607290956e-07,4.359484029133328e-06,0.005423120305408936,4.29778606550197e-06,0.00010052564912243685,6.7201051620869735e-06,1.7092643268631357e-10,2.621118911508533e-06,0.03551919719244199,6.270961882436108e-07,1.983696902766108e-06,6.729233753111047e-06,0.0014678531906428317,2.0900277048283562e-10,5.182844172741441e-07,0.02832447636228478,4.758479112996492e-05,4.8763883100512164e-08,0.04084372889746823
56,8.88712217315206e-06,0.9141768995391506,1.961155639241635e-07,0.00010096401398433582,4.16268591276571e-05,0.00014370492690100498,1.1467283329805256e-07,8.457982338870904e-06,0.0036247614049191666,3.925652065402833e-06,0.00010014881498072218,1.7292825584470218e-06,6.792173141673598e-10,1.5038867334505366e-06,0.028768208383209357,2.04516915860085e-06,1.687634149282142e-06,6.745788566026353e-06,0.0016604561090608778,2.7930818415580446e-10,3.63352757363106e-07,0.01867478097920123,3.956162985545583e-05,3.166303263988368e-08,0.0326331980591537
57,7.941892294562634e-06,0.9220611651767602,1.6723935289909592e-07,8.059477052161329e-05,6.356901569250292e-05,0.00017398518610899818,1.4552053546949824e-07,1.1292866601089979e-05,0.00456525196225461,5.308982985074247e-06,8.8753487331579e-05,6.959414220174319e-07,1.067809842876029e-09,1.3167320620950687e-06,0.025768543701251277,3.153966872073602e-06,2.261760472185105e-06,5.678318960771983e-06,0.0018857445270340511,3.0426059429014545e-10,3.2579822110637725e-07,0.012790949393142965,3.601378057520675e-05,3.652112482251233e-08,0.03244710208635224
58,8.730451922991775e-06,0.9142133688915525,1.9035649499833768e-07,8.442725561034467e-05,3.9733562768989376e-05,0.00015600953891096097,1.234508444338631e-07,7.675133235628536e-06,0.0033033896322794414,4.33555780104307e-06,7.949591335337054e-05,1.7356522427985013e-06,6.634305663562061e-10,1.550223694690255e-06,0.027091440153402785,1.924532031344334e-06,1.9409191535810784e-06,6.6979244238227824e-06,0.0017552121971909074,2.648559508932776e-10,3.7762268999801284e-07,0.01908413000690173,4.2999226882761465e-05,4.247107386057535e-08,0.0341144683972505
59,8.957596669540034e-06,0.9138326722943461,2.2403137483409424e-07,9.225724215061206e-05,4.3134352551541296e-05,0.00015289886559021544,1.2743451810374637e-07,8.421545024441143e-06,0.0033840737008477926,4.275145375198905e-06,8.783035288230627e-05,1.8985466033268758e-06,7.45898767233867e-10,1.606339319848332e-06,0.027465970073838598,2.2046602508214816e-06,1.993430045655132e-06,6.772692719781319e-06,0.001771557229566671,2.9115787765094383e-10,4.1582604303925037e-07,0.019589077631744112,4.3015713624945257e-05,4.105269105507417e-08,0.03350057320516495
60,8.11749798004678e-06,0.9145954497066948,1.8150298199494972e-07,9.095676369637223e-05,3.923423318258708e-05,0.0001295518264087468,1.0472813310080419e-07,7.179812023305873e-06,0.003444055594465646,3.4742020094703846e-06,9.802385061582571e-05,1.6342574601575702e-06,5.275756730374556e-10,1.4701475522733456e-06,0.028917427696436473,1.75500475270309e-06,1.5480291486630154e-06,6.2553008499687694e-06,0.0014906126943669167,2.4096315070063706e-10,3.523382724836649e-07,0.017927644629816764,3.908570481272856e-05,2.826243373913213e-08,0.033195855447366716
61,8.855581088751968e-06,0.9134634841316656,2.1850516426250797e-07,8.33310225615011e-05,4.3137783963066716e-05,0.00014191117828135676,1.2030619950780194e-07,7.529712851770612e-06,0.0034360335820783966,4.056378243882646e-06,8.964349646011791e-05,1.8235857368262719e-06,6.413836646618981e-10,1.598051917328958e-06,0.027770050975855415,1.985473250325391e-06,1.876046614044493e-06,6.371121730440414e-06,0.0017130945724017365,2.63334850489762e-10,4.0364733367868865e-07,0.018755606898928533,4.212597498378847e-05,3.732976115348781e-08,0.034426703738210045
62,8.11749798004678e-06,0.9145954497066948,1.8150298199494972e-07,9.095676369637223e-05,3.923423318258708e-05,0.0001295518264087468,1.0472813310080419e-07,7.179812023305873e-06,0.003444055594465646,3.4742020094703846e-06,9.802385061582571e-05,1.6342574601575702e-06,5.275756730374556e-10,1.4701475522733456e-06,0.028917427696436473,1.75500475270309e-06,1.5480291486630154e-06,6.2553008499687694e-06,0.0014906126943669167,2.4096315070063706e-10,3.523382724836649e-07,0.017927644629816764,3.908570481272856e-05,2.826243373913213e-08,0.033195855447366716
63,0.013040427786979504,0.6845930112806919,0.00654646309861939,0.012544434646664574,0.03995209730803183,0.002522078052211139,0.0009087995731659797,0.000997482459447422,0.0044381271627671305,0.0020104299247537217,0.03992215912461127,0.01764509021676003,0.00010260951899682019,0.040768661888157254,0.039133629914225435,0.005430929292306446,0.003275080839952835,0.00834136389391419,0.011186521998699437,0.0003464358401728126,0.0020391787698638623,0.024117978265170977,0.00421409021035859,0.0005084730369488284,0.03541444589652868
64,6.875012507242296e-06,0.9157246342588624,2.2834638258438927e-07,8.000589404810912e-05,3.726026201883389e-05,0.00013873465274038296,9.86369031796366e-08,6.323041392039436e-06,0.0032049795755817313,3.2676385434293432e-06,8.941851446920033e-05,1.8470001176815659e-06,4.906364522178369e-10,1.3909639385669837e-06,0.02996008273455262,1.9146790260995243e-06,1.768827501839537e-06,6.1982807340580194e-06,0.0013744335206785092,2.4755963819241325e-10,5.225219239093197e-07,0.018421534668852966,4.943498822491167e-05,3.0951014307392904e-08,0.03088901429178905
65,4.690814770438577e-06,0.9317954334284518,1.041891749208506e-07,8.484229658337952e-05,3.317170152697913e-05,0.00012904665195933852,7.008517817140611e-08,6.217681040549836e-06,0.002176703550453151,1.5450797116378692e-06,4.620270561370598e-05,7.91222442418025e-07,5.441815752289458e-10,1.038537102859781e-06,0.02276508866749286,1.7129261659514934e-06,1.1907656080096156e-06,5.9587576308797295e-06,0.0013712664787666237,2.2809362162812764e-10,4.106808030045388e-07,0.011912599048549197,4.566882642453293e-05,2.5906976120646205e-08,0.029616219225298203
66,0.00012466238229350154,0.8567732585430922,3.075204956955475e-06,0.0002070631194232739,0.0006411882580475719,0.00032162831813772804,2.3376728913696957e-06,2.0363542399347338e-05,0.018520962317062704,6.663338489220137e-05,0.00039087063610111127,7.475953865822857e-06,2.6896081943887835e-09,7.096813490358551e-06,0.013503206208605747,6.141463373124546e-06,1.7354768673541576e-05,1.0843761187683136e-05,0.005157633131206044,1.0905732606140269e-09,1.0615064518667863e-06,0.02848113603393939,9.95733874404606e-05,2.5668863413108293e-07,0.07563617312365149
67,1.7242890589888062e-06,0.9265313514551073,1.0125994998749766e-07,3.7951503544088e-05,1.0187870621733463e-05,0.00016215656306675636,5.0514428706987156e-08,1.397961161945612e-06,0.0013722981988830943,1.0599024940425329e-06,2.9778648163224724e-05,1.1530132361660618e-06,1.2645054894183487e-10,7.593372503360323e-07,0.02314731556934523,7.40978911282097e-07,1.2067757980820552e-06,6.123541767737517e-06,0.0007042022099806782,1.4992657897653037e-10,4.4023738094615846e-07,0.016045734165385548,6.350721416650942e-05,2.8078410279700444e-08,0.03188073043551018
68,5.444150414838498e-06,0.902893454196359,1.9742195702049876e-07,8.977863633868391e-05,3.666691904585924e-05,0.00021245344815814388,1.306375240138737e-07,9.613048697588848e-06,0.003249863505434087,3.7878258227974657e-06,8.70002714994551e-05,3.2297225998671183e-06,5.434143353710991e-10,1.3669494409073677e-06,0.04141247327226149,2.020990113215076e-06,1.5941702815758947e-06,8.785618311371787e-06,0.0013075669684153868,3.002431012982674e-10,6.882262457391745e-07,0.02216993064602843,4.719503953270479e-05,3.495437122248601e-08,0.028456722537489272
69,4.052804601918236e-06,0.8910279900122104,1.6945145453797276e-07,0.00010602590498018583,3.0237176548796225e-05,0.00010597245322850619,4.9061959458249016e-08,7.05668197212343e-06,0.004561193822892428,2.7997147614198502e-06,0.00028093116743283897,1.8672707681517573e-06,4.46414284419438e-10,8.315703154561623e-07,0.05225798368774685,1.486875499709677e-06,8.587949655437474e-07,7.816555288161931e-06,0.0009387691988517986,3.028133722742823e-10,4.688261300087236e-07,0.01768744045005365,6.168749841517328e-05,9.305502128176036e-09,0.03291430096519259
70,5.8514006972808565e-06,0.9123187899614602,2.439053733907736e-07,0.00015859924203317173,4.083426179164808e-05,0.0001900862518791937,1.1639796581757338e-07,9.358399218503495e-06,0.005782564117596569,4.1878775808603514e-06,0.00014029099684090726,2.051142572712747e-06,6.604698200506175e-10,9.911128378196662e-07,0.03407291566376054,2.7843774773241518e-06,9.693549757132397e-07,6.278737406888961e-06,0.001229196830438121,3.1427635437492393e-10,4.077126962745031e-07,0.01850265116760445,4.7706321919893026e-05,1.970527735996004e-08,0.02748310408584898
71,1.4950965873170613e-05,0.8824735160514997,2.6614880603223145e-07,6.416816470167678e-05,4.879857581543084e-05,0.00015467580833816009,3.7140737774769105e-07,6.628333373747655e-06,0.006054287915578129,9.052289938964565e-06,0.0001348589269714509,3.2590515834223604e-06,1.4219049537025158e-10,2.6362872199125153e-06,0.027225434973486604,1.0111009769022164e-06,3.172524596780318e-06,6.956035832995119e-06,0.0012335152867943024,2.0883286235430837e-10,4.4428956872618484e-07,0.025900738639553698,5.751023367623593e-05,6.28057538415078e-08,0.05660368383165876
