,0,1,2,3,4,5,6,7,8,9,10,11,12,13,14,15,16,17,18,19,20,21,22,23,24
0,0.1671581226268246,0.0001640427533471731,0.7452898847075347,0.00020390820987280665,0.00013808974884037283,0.00025004707738298526,5.714810697762911e-05,0.0011302767496627268,0.0013030470872037348,0.0010190811264879447,0.001014411385506732,2.6722142525621807e-05,0.0029296275915071035,0.00019123305441589385,1.9575026334507007e-06,0.001352832582337817,0.002661701669210511,0.0026522429472720464,5.608266627626632e-05,0.0003424095485790295,0.0029135498538385165,4.488652845258833e-05,0.014300872822083165,0.054630396691558315,0.00016742481966831773
1,0.17632148761591945,0.0008401180702675874,0.7273633897360244,0.0003036842065270153,9.837742208975698e-05,0.00037630798086479915,5.662152796561965e-05,0.0012566040491736857,0.0025645093153944696,0.0008173318240576266,0.000815487528232174,6.105498253747354e-05,0.0033521503789477173,0.00024921365663330505,2.0731675138935674e-06,0.0009035870131330583,0.007721654391101095,0.002689549891154021,6.37228064962887e-05,0.0003280650880181122,0.0026154617164807176,3.590246357755039e-05,0.014709799676431733,0.056232991157047094,0.0002208543344114541
2,0.15379506697632533,0.00016822556701721582,0.7543633195503768,0.00019962866111941302,0.00014598788121417274,0.00038893086684527075,5.904608780116639e-05,0.001214813548108513,0.0028818880577626653,0.0011624975470131364,0.0010275214975428567,2.9765970139134415e-05,0.0030864765138685054,0.00025957968675776385,2.4499690408156285e-06,0.001313095293075619,0.002046923567896627,0.0024411436410734784,5.581943953555885e-05,0.00041832577914008984,0.0027337335313955373,3.9895781617658085e-05,0.01521337206824403,0.05671745693018648,0.00023503558690207856
3,0.1654956708046462,0.00016716228687595409,0.7439955781958194,0.00020507779058410273,0.0001238493098330521,0.0004154168567633535,5.806950898803578e-05,0.0010253180252356112,0.0023029158629638315,0.0010885289700141901,0.0008187108702145658,2.5964462987746317e-05,0.002954837427460519,0.00019594216609012912,1.7350806001262183e-06,0.001324916001550145,0.002303726652638495,0.0024269611139721785,5.851829024085017e-05,0.0003198528575265323,0.0028831283970887104,3.124319254319681e-05,0.01656071163250136,0.05503057063090317,0.00018559361195817956
4,0.16422025177760688,0.00016761320138429763,0.7457747956937446,0.00019976971447528024,0.00012217325661610515,0.0003479388458589778,5.711922164137856e-05,0.001001450441807776,0.002240327927505533,0.001045614548586635,0.0008109596144866885,2.5829151104185214e-05,0.003330483112275835,0.00021294655342753654,1.5446323586393306e-06,0.001182953499909287,0.0021181703516780655,0.0024355923966187,5.557797426739779e-05,0.00033414157914951793,0.003017624337831303,3.197092441017189e-05,0.015037651822757346,0.05605301425986719,0.00017448516063070938
5,0.16131989655537937,0.00015918229999158754,0.7465853291828207,0.00023116891113144088,0.0001222012945664825,0.00034908171832736157,4.946205531840496e-05,0.0009510886093578635,0.002017799199834763,0.0011249586884527533,0.0007781643215119043,2.2009636269235398e-05,0.002981842169161083,0.0001968581062603677,1.3705510982684698e-06,0.0011814558052822511,0.002070148048232281,0.002965865156059555,5.215641582051004e-05,0.00035989345355889527,0.002863219376135748,2.5655439466176107e-05,0.01766288123800742,0.05579093554627272,0.00013737622168290078
6,0.1654956708046462,0.00016716228687595409,0.7439955781958194,0.00020507779058410273,0.0001238493098330521,0.0004154168567633535,5.806950898803578e-05,0.0010253180252356112,0.0023029158629638315,0.0010885289700141901,0.0008187108702145658,2.5964462987746317e-05,0.002954837427460519,0.00019594216609012912,1.7350806001262183e-06,0.001324916001550145,0.002303726652638495,0.0024269611139721785,5.851829024085017e-05,0.0003198528575265323,0.0028831283970887104,3.124319254319681e-05,0.01656071163250136,0.05503057063090317,0.00018559361195817956
7,0.1150501738529626,0.0001686206746422057,0.7886700449970918,0.00034753160399418436,0.0001420490304968539,0.0005045141540752231,8.48604170528412e-05,0.001382715519207191,0.002360501919699796,0.001440091271111629,0.0013334134967014234,4.445263589606155e-05,0.0020173445020320833,0.0002403597161058528,6.475087268835995e-06,0.001810921554011519,0.0027282554158178946,0.004648349154352537,0.00012981957729161814,0.00035563576904552646,0.003257037180133745,4.3736230101962355e-05,0.01724576564276562,0.055782319849521686,0.00020501074861949738
8,0.17039979148210027,0.0012689363899740574,0.7151102716678946,0.0004169864553698674,0.00010852477510505947,0.0003713810937366698,4.443611657686544e-05,0.0027919190758698476,0.0020368633089252394,0.0021279650167727398,0.0005618099540260063,0.00010574408721635858,0.002355634892787118,0.0002816763460645646,4.91825891712638e-06,0.017319696154812218,0.006611829886430969,0.0025367458033377127,8.113234203653697e-05,0.0003745264991275876,0.002538641147073495,3.8783273874817496e-05,0.015749997088926354,0.05653762442208524,0.0002241644609587476
9,0.21397563040204937,0.0003202894344413287,0.689109279430201,0.0003138710583376668,0.00012192489911834695,0.00040639855245336683,5.4274144397328624e-05,0.0014013294508054303,0.0022690747648981984,0.0006976487892560848,0.0007797846461725941,0.00011846696714051406,0.0033858376792594404,0.00016591067664694165,3.153228883043027e-06,0.002467689848302205,0.0061826085394706045,0.002899999328239816,5.6608091698015925e-05,0.0003174211360889782,0.0033520587010562736,3.5548277616590536e-05,0.016820194878793427,0.054545742721414145,0.0001992543532592828
10,0.1654956708046462,0.00016716228687595409,0.7439955781958194,0.00020507779058410273,0.0001238493098330521,0.0004154168567633535,5.806950898803578e-05,0.0010253180252356112,0.0023029158629638315,0.0010885289700141901,0.0008187108702145658,2.5964462987746317e-05,0.002954837427460519,0.00019594216609012912,1.7350806001262183e-06,0.001324916001550145,0.002303726652638495,0.0024269611139721785,5.851829024085017e-05,0.0003198528575265323,0.0028831283970887104,3.124319254319681e-05,0.01656071163250136,0.05503057063090317,0.00018559361195817956
11,0.16670843842350686,0.00016657426852976628,0.7427954710787078,0.00020348148485875743,0.00012039911531570781,0.00037148670651992294,5.7974379224088e-05,0.0009903100563787369,0.0022163203511807177,0.0010289937541815173,0.0008062512889815331,2.670742544609871e-05,0.0032505861799851064,0.0001958825643290694,1.6498051420302593e-06,0.0012869700957918368,0.002222892888309607,0.002342744385073977,5.647802997156857e-05,0.0003337222748871134,0.0028307271984655273,3.232024552774049e-05,0.015107030560905274,0.05666939679807762,0.00017719064070218293
12,0.13165202253262612,8.330548246119032e-05,0.7776429399873582,9.2152702096796e-05,0.0001884379170927636,0.00032384417414008923,4.3564075271136354e-05,0.00039356898647342124,0.0019878486201153774,0.0006942569813340727,0.0012613736406074977,2.259636159642404e-05,0.001914358868816914,0.000215495312370746,1.0319645358119758e-06,0.0006798217418631202,0.0021423852679141337,0.0020231986073936067,2.2591590913874528e-05,0.0003245067167886456,0.0027508436502010868,1.7354113493467188e-05,0.01692528764816377,0.058392238926327125,0.00020497413004513015
13,0.1612857376873603,0.0001927962541075547,0.7531434840612607,0.0002116410510103265,0.0001769603737921289,0.0003853108242909372,7.547636087842306e-05,0.001003769566155951,0.002628535027864183,0.000981616421675288,0.000898723807035216,2.8449377219886703e-05,0.003002712663391485,0.0002632839111717156,2.069924295372033e-06,0.001247977476891689,0.002345519479527117,0.0024725887402837635,6.538586300425219e-05,0.00032593177611733447,0.004065150685551436,3.293987086486253e-05,0.013079057919511326,0.0518026656893185,0.0002822151874206619
14,0.18060838894996503,0.00031017964154613685,0.7095079523618761,0.0004258462916159022,0.00042312249896789554,0.00021490662682331795,6.579033116281919e-05,0.0009935339343228363,0.0012219378060730288,0.0012786347986867303,0.0019333231848939075,2.263255424734976e-05,0.005829022321916051,0.00023150816904646672,1.1614118951084906e-06,0.0010537027411637806,0.0037102994837497944,0.00560545168010657,0.00019687003737288685,0.0003698119554486954,0.01123807036714784,3.5415057186638257e-05,0.01485947339655791,0.0597725584128679,9.040598535927898e-05
15,0.1654956708046462,0.00016716228687595409,0.7439955781958194,0.00020507779058410273,0.0001238493098330521,0.0004154168567633535,5.806950898803578e-05,0.0010253180252356112,0.0023029158629638315,0.0010885289700141901,0.0008187108702145658,2.5964462987746317e-05,0.002954837427460519,0.00019594216609012912,1.7350806001262183e-06,0.001324916001550145,0.002303726652638495,0.0024269611139721785,5.851829024085017e-05,0.0003198528575265323,0.0028831283970887104,3.124319254319681e-05,0.01656071163250136,0.05503057063090317,0.00018559361195817956
16,0.1893653938390937,0.00022899974654481446,0.7198362779124642,0.00022726829056158218,0.00015471214353081646,0.0005264459817917519,8.580162208126347e-05,0.0014398381478579092,0.002808394381013776,0.0011652761933558097,0.0010304902173473905,4.0979216437014356e-05,0.0031399783158129317,0.00025791246460608224,2.5796153528763916e-06,0.0015723543909304798,0.002815074043198927,0.0027422183105039826,9.358976488204172e-05,0.00037264138297170437,0.003918310551478039,3.9849429592626924e-05,0.016125475586815846,0.051722065909073967,0.00028807254269995974
17,0.16878487838174425,0.00016363295955146257,0.7381039179637994,0.00017642798411550143,0.00017499136076015533,0.00024473384061299405,6.043224827224251e-05,0.0009939177847834279,0.001808482086131945,0.0007937915597575247,0.000836372917508484,2.809203847231988e-05,0.00285429660361328,0.00021268133524079266,1.1436473457481688e-06,0.001052476611993846,0.0022631283560364994,0.0023740900272455866,3.788448245537073e-05,0.00031103303735168625,0.003679060824752152,2.8650037843814683e-05,0.015074545880600658,0.05978318632768797,0.00015815170232285974
18,0.14453683636683207,0.0001647810089767909,0.7586885339258229,0.00013635905881901548,9.779596112611158e-05,0.00029367208353825994,6.641262158914101e-05,0.001009596499784336,0.0019360411941099895,0.0010062400809477084,0.0010312930522746592,3.9436413850592284e-05,0.0031486286407838536,0.00026491055003181516,2.2948512647103854e-06,0.0016218722634780893,0.002803866470576252,0.00251733363574109,6.172291148493864e-05,0.0003413609421696639,0.0035821382563558913,4.027640086249371e-05,0.015737091060430818,0.06051615080538932,0.0003553549437591866
19,0.17317119989648502,0.00020516082538226288,0.7316693352056786,0.0002501606421823317,0.00014893047642960283,0.0005544085082961636,5.1068801262331854e-05,0.0009708075331538251,0.0032622056541723957,0.0014335983226371493,0.0010463278271478586,2.4517868890973605e-05,0.001466172279073301,0.00021883056013015433,1.3583559443437347e-06,0.0014625763349797585,0.0023517405265316865,0.0028298139371154074,4.862704202982594e-05,0.00034193161670876735,0.0019285262922463947,1.28807074414755e-05,0.015577921829877255,0.06076616250504962,0.00020573645115349557
20,0.17882252480118752,0.000232634395871844,0.7276778768204482,0.00025459159695028746,0.00014906613443572403,0.0005719804861130526,7.676671930021251e-05,0.0015037704427245642,0.003476523138180428,0.0013796460719125271,0.001049472650129736,2.9385247519106208e-05,0.0038877282270895963,0.0002769227537034671,2.7445849446756985e-06,0.001345415548893914,0.0023623015450323693,0.00256985773690974,9.572811267319514e-05,0.0004280316242641291,0.0035537640563195775,5.424428911595344e-05,0.015193334054635053,0.054778751858170285,0.0002269371034752674
21,0.15024858530765536,0.0001250124295149321,0.7698542682073106,0.00013423167928448512,7.309422115254486e-05,0.00012018294093696655,3.634970212959495e-05,0.0007338024241226545,0.001021007180979062,0.0007132898640588915,0.0005493350603134907,2.5150756629016576e-05,0.0030408448543535692,0.00018087310982915474,6.62165008565144e-07,0.0010105893690114667,0.0016353401390105896,0.002410330997292482,2.4805513695888206e-05,0.0003107979633270619,0.0025769461216506003,1.7417615577647642e-05,0.010481723568430714,0.05454585467374866,0.00012950413497605118
22,0.153348110005512,0.00015051662931884623,0.7609353996757892,0.00037759598894967215,0.00011933458630253963,0.0003690523870302523,0.00016814105234543922,0.0007455447345287074,0.0012382306132250453,0.0011049764433934373,0.0012657177675415008,6.383859172061576e-05,0.009825181557663957,0.0001932902576244136,1.9416872178999885e-05,0.0014837174546332343,0.002631310533170813,0.0024158123555226324,0.00015649024194631844,0.0007277888725243548,0.0038851384283575424,8.522347372707792e-05,0.01832087002263734,0.040243043996141585,0.00012625745821487496
23,0.1654956708046462,0.00016716228687595409,0.7439955781958194,0.00020507779058410273,0.0001238493098330521,0.0004154168567633535,5.806950898803578e-05,0.0010253180252356112,0.0023029158629638315,0.0010885289700141901,0.0008187108702145658,2.5964462987746317e-05,0.002954837427460519,0.00019594216609012912,1.7350806001262183e-06,0.001324916001550145,0.002303726652638495,0.0024269611139721785,5.851829024085017e-05,0.0003198528575265323,0.0028831283970887104,3.124319254319681e-05,0.01656071163250136,0.05503057063090317,0.00018559361195817956
24,0.1647823336186895,0.00026984292115288716,0.7375529625981443,0.00036670094470503194,0.0001348809620303063,0.00038853638811516016,6.130804100666633e-05,0.0012064842897510208,0.0022108983905184025,0.001480001515788237,0.0008207550065912537,2.7692384704677303e-05,0.003611586755800523,0.00024509095660716403,2.108322488193198e-06,0.0014729392669901378,0.0029333616927581393,0.0030306898617259827,9.274770954222108e-05,0.0003740298361373754,0.0033155628103696292,3.4570348515622905e-05,0.018531589698037497,0.05688105757540958,0.00017226810442030964
25,0.17831574977536402,0.0001689732802380491,0.7356040454299925,0.00019232369670152267,0.00023030742404867062,0.0003281941266413027,9.774917371577958e-05,0.0016907090076119465,0.0019089284828311614,0.0008455105234762363,0.0012510142735359308,3.349605594126056e-05,0.0033689094184619355,0.0002533378619140592,1.0644398239232922e-06,0.0011512777569890637,0.0022639002072871294,0.0038846111953093486,5.13544593750909e-05,0.0004810745493584694,0.005951395099155019,2.8104520392428162e-05,0.016052173599157005,0.04569392667300545,0.0001518689696729288
26,0.1462376195203941,0.0001310728962075477,0.7636231055282675,0.00029056388590835544,0.0003231637381890038,0.0036427124928916383,0.0014570617288060268,0.0005223479398320712,0.006082287220248871,0.0019107597871779703,0.0019111831839829906,8.872329104190447e-05,0.002244583351687999,0.0005081483068782295,0.00010225523719094956,0.0036359087350936892,0.0027369952836734357,0.0029939181290371845,0.004899622623285841,0.0005311036653855702,0.025614683031394015,6.210801156200295e-05,0.008693829593791898,0.01906910647116597,0.0026871363469051267
27,0.17937848360869135,0.0002039868534053273,0.7234862226288924,0.0002552534274116705,0.00013882490646660605,0.0006551202759393256,6.700170339172974e-05,0.0012791455799337997,0.0045049438335845885,0.0013883938602168924,0.0009037788969142233,3.149219295458866e-05,0.0030486464221325974,0.00023525914636461875,2.985075337690111e-06,0.0014856720282004996,0.001966423392466837,0.0021803849826091005,7.295947825775869e-05,0.0003982433652075897,0.0020929909461606215,4.7805428667669104e-05,0.014554967618556403,0.06137890077524828,0.00024211357298766552
28,0.1654956708046462,0.00016716228687595409,0.7439955781958194,0.00020507779058410273,0.0001238493098330521,0.0004154168567633535,5.806950898803578e-05,0.0010253180252356112,0.0023029158629638315,0.0010885289700141901,0.0008187108702145658,2.5964462987746317e-05,0.002954837427460519,0.00019594216609012912,1.7350806001262183e-06,0.001324916001550145,0.002303726652638495,0.0024269611139721785,5.851829024085017e-05,0.0003198528575265323,0.0028831283970887104,3.124319254319681e-05,0.01656071163250136,0.05503057063090317,0.00018559361195817956
29,0.1654956708046462,0.00016716228687595409,0.7439955781958194,0.00020507779058410273,0.0001238493098330521,0.0004154168567633535,5.806950898803578e-05,0.0010253180252356112,0.0023029158629638315,0.0010885289700141901,0.0008187108702145658,2.5964462987746317e-05,0.002954837427460519,0.00019594216609012912,1.7350806001262183e-06,0.001324916001550145,0.002303726652638495,0.0024269611139721785,5.851829024085017e-05,0.0003198528575265323,0.0028831283970887104,3.124319254319681e-05,0.01656071163250136,0.05503057063090317,0.00018559361195817956
30,0.1654956708046462,0.00016716228687595409,0.7439955781958194,0.00020507779058410273,0.0001238493098330521,0.0004154168567633535,5.806950898803578e-05,0.0010253180252356112,0.0023029158629638315,0.0010885289700141901,0.0008187108702145658,2.5964462987746317e-05,0.002954837427460519,0.00019594216609012912,1.7350806001262183e-06,0.001324916001550145,0.002303726652638495,0.0024269611139721785,5.851829024085017e-05,0.0003198528575265323,0.0028831283970887104,3.124319254319681e-05,0.01656071163250136,0.05503057063090317,0.00018559361195817956
31,0.16327617989740578,0.0005561548484971694,0.6525940556026115,0.009966336773509048,0.00253063988772275,0.02810405729278411,0.0002911627878643961,0.0008932563183327392,0.028737848954296118,0.006967171079856139,0.0018850848086795083,0.00029359637029461504,0.004091178686505426,0.0007336938234303598,0.0004536819738689862,0.005370228390560026,0.005275097660275936,0.0032671290286571397,5.862799050763662e-05,0.0012098543505202177,0.0030925236018020013,4.681734669455129e-05,0.021703252647026737,0.0569703681668432,0.0016320017114539586
32,0.16631246603124833,0.00017663646291992324,0.7402432579923455,0.0002281099232475525,0.00012307118816419442,0.0004384805072731937,6.365993730966582e-05,0.0011048037499880004,0.0023678293881840454,0.0011721199906524918,0.0008722487332281733,2.6755973502042437e-05,0.0031691852335601067,0.00020121709418676053,2.0274564018551227e-06,0.0014535233538353876,0.002454922406996109,0.0026166744868388837,7.420881988123505e-05,0.00033745216612945624,0.0031229587953257067,3.570651025175762e-05,0.017303874632312567,0.055911872291373586,0.00018693687484373311
33,0.19281638348813973,0.0002586708719926374,0.7149254417753329,0.00025618127378901605,0.00012384972541993223,0.00036066456165732326,6.511473314334841e-05,0.001228280040214331,0.0019214469930355635,0.0009607121848485105,0.0008517135398228974,3.962875357227598e-05,0.002860471323704356,0.00018882472147337015,1.7536707122716173e-06,0.0015803339375467993,0.0038147926249643875,0.0026082054575433593,6.43024747584727e-05,0.0003238665655951306,0.00322131207591439,3.186237220897783e-05,0.01587884517877659,0.05544467402746624,0.00017266762836713048
34,0.09591675060725934,0.000315027529074267,0.7730223911198426,0.0004862162496060968,0.00013303851095258396,0.00043094989013165856,0.00020549415082587275,0.0032032393630662013,0.002170634795384952,0.0024831216910794185,0.0011201923506727089,0.00012679170805331955,0.005932964906860357,0.00037244337312947385,2.260091724001474e-05,0.01733699350418433,0.005741528824660941,0.005242154230561177,0.0003762463792229655,0.0012959365412234865,0.003646322282853863,0.00014145063703197456,0.017879205209617433,0.061995363896027625,0.00040294133143720795
35,0.15970114699470728,0.0001609269219673844,0.7517922231221159,0.00022512170503029795,7.255172620160202e-05,0.0006369602780956682,7.746917566409049e-05,0.0009872082308424875,0.0027829420924586944,0.0011584211945756602,0.0009993089941527666,2.9840964101079653e-05,0.003523874522124151,0.0001625857430266703,2.0569677875718558e-06,0.001574198854686963,0.0022156178103284853,0.0034861272644085384,9.455707832481839e-05,0.00028029102215426,0.002716621856617398,3.514134349566167e-05,0.01618464784594476,0.05096045272497966,0.00013970556620831684
36,0.1674987877856551,0.00017920591072860092,0.7499103014369979,0.0002559029033810605,6.92577530867232e-05,0.0006114207941507792,8.279946381359955e-05,0.001188541546237487,0.0032456208317041095,0.0015409809376288172,0.0008147762128126204,3.090447450998843e-05,0.0029669589372183264,0.00022501144095324704,2.211196611018544e-06,0.001743267270000515,0.0026162797971475975,0.002787804219901027,9.900113864287945e-05,0.000394265913777281,0.0025507556884790572,3.156891458345528e-05,0.01556894277495654,0.0453652594284206,0.00022017322860154142
37,0.16756012390284694,0.00014739070798028584,0.738067493112378,0.00037003198868225965,0.00011381961132502068,0.000592314013865896,4.882252274075611e-05,0.0019821292597921435,0.0018774491284741929,0.001494465755914164,0.0006420075126247082,3.357186794094238e-05,0.0026420786223288976,0.00020099616098694532,2.8603166464532206e-06,0.0014083257816574874,0.004416025806668122,0.002247294293998309,3.1465905777135626e-05,0.00031051160818571866,0.0025799638365174775,1.675405816133098e-05,0.013872371712387888,0.05918182636126403,0.00015990615085489473
38,0.17187339941194776,0.0002601573400266534,0.7393382743102955,0.0002180262598466972,6.939952613298633e-05,0.0007457921331684664,8.64251214952888e-05,0.0010952302682938524,0.0019139406308788136,0.0010858771488295824,0.0005968906994198738,2.749432922957977e-05,0.0033099974943677883,0.00023478863590669215,2.1931477379841016e-06,0.0011003041816087028,0.002325039509570489,0.002908831832407077,0.00010499292539377547,0.00036042111370988714,0.0031203794368210953,3.0624423021088126e-05,0.020842302285555836,0.04817584000306882,0.00017337783126607006
39,0.1669121752497896,0.00016232336031015692,0.7181133734434004,0.0001994484031205692,0.00020267099443881386,0.00012773066562968402,2.4364857352225322e-05,0.0011782498396470918,0.004177514405692457,0.0011016519227272257,0.0007778435137325224,2.7429230615687575e-05,0.0029036425535426268,0.00020638359366140842,1.5477407902996269e-06,0.00144264486945781,0.002424408682201711,0.0020592660132337584,3.632354352439915e-05,0.0003700582116366341,0.0008190546408121961,3.256234054000403e-05,0.011638441740131632,0.0849445988467374,0.0001162913372737899
40,0.14988512073750343,0.000146171970945925,0.7432687159665378,0.0006584835486394656,0.00012779831843409264,0.0004460559856127013,7.995261940752101e-05,0.002558168324714209,0.0023180871822120024,0.0014845608714421094,0.0011756649395022233,2.5478198396233753e-05,0.005232621481418568,0.00020062125671794083,3.575667610760796e-06,0.0016523475985698551,0.002452952379071116,0.01265063137857285,0.0002723135355801603,0.0006156154780539094,0.0031287428491111238,3.91714150099648e-05,0.016534835536245438,0.05485435891113281,0.00018795384955772775
41,0.1527921193011978,0.00016215249842163067,0.7569007452871834,0.0002485210744896589,0.00018069565511337883,0.000572846805535838,5.43280463959289e-05,0.0010104180298840975,0.0035187801898689556,0.0011998514176107318,0.000742367479037415,2.6010169091089854e-05,0.0020428176312483194,0.00018736766940377224,3.437540227618121e-06,0.0012155912163031067,0.002030790756022863,0.0021071253521429555,5.4416250955625545e-05,0.0003269082632540564,0.0019365370843063832,2.7469494821514513e-05,0.017080282383971197,0.05539146876069374,0.0001869516428188012
42,0.14955629514282942,0.00024791437901342423,0.7606298145818481,0.0001729755005924603,0.00011053245473432613,0.0001513597625016009,3.549153677956027e-05,0.0005659722565709742,0.0012588125756127458,0.0009758501665837589,0.0007955010945864165,2.5312056635068723e-05,0.0021197506615607143,0.00020114789358299302,1.1040797239469095e-06,0.001949212536579603,0.0024286535254625253,0.002456076451347978,2.4900275657191547e-05,0.0002390210604011845,0.002404438963136342,1.6112088335772966e-05,0.021778268300345592,0.051698838825741104,0.00015664382983714473
43,0.1519802485532762,0.000156859480922115,0.7539247471892672,0.0002591399353690572,0.00012293038343918873,0.0010316784623084236,6.114233255283848e-05,0.0016605060651080114,0.0034732261230160694,0.002312974472936307,0.0009506618212757816,1.899009040733724e-05,0.0031088444665214494,0.00020040365603846244,3.257331415627893e-06,0.0018616805991256446,0.0021432808979296846,0.0030227320097062317,0.0001049447026776767,0.00041155789616315676,0.003271121938288469,5.6881811092052774e-05,0.02185610134193168,0.04783191135153598,0.00017417708769509811
44,0.1654956708046462,0.00016716228687595409,0.7439955781958194,0.00020507779058410273,0.0001238493098330521,0.0004154168567633535,5.806950898803578e-05,0.0010253180252356112,0.0023029158629638315,0.0010885289700141901,0.0008187108702145658,2.5964462987746317e-05,0.002954837427460519,0.00019594216609012912,1.7350806001262183e-06,0.001324916001550145,0.002303726652638495,0.0024269611139721785,5.851829024085017e-05,0.0003198528575265323,0.0028831283970887104,3.124319254319681e-05,0.01656071163250136,0.05503057063090317,0.00018559361195817956
45,0.15763052225479404,0.00016818894831765102,0.7452356802066958,0.00024709241400485717,0.0002048796077820943,0.0010315366672527845,0.00012107840023295809,0.0008354903268726322,0.005685043392490805,0.0012478872583691373,0.0008071534382348504,2.6291468847011937e-05,0.0027889437600169143,0.0001969390434721157,3.512365192715725e-06,0.001432690934775753,0.002226910720872077,0.002500513320849337,0.00011650444212772004,0.0003875627272358545,0.0020968919799200197,2.8394691400873755e-05,0.01712244877193907,0.05765265605453906,0.0002051868037639724
46,0.19926956258758527,8.201881011171888e-05,0.7172233044205681,0.0002298187194815374,0.00012559714838178984,0.0004573171058091313,6.42813519604189e-05,0.0009788185316977687,0.000938467585322712,0.0012278502553677928,0.0006243138151674609,3.1768950273252954e-05,0.0026213584096106946,0.0002012717407233199,1.750234066991022e-06,0.0010753115160650603,0.004085200756068123,0.0016900142379884337,6.087961626952832e-05,0.00027584966658257326,0.0026150143993095122,2.9839685117532287e-05,0.017174829224983618,0.04869218162920468,0.00022337960228293905
47,0.18784516916985614,0.0002567606299012704,0.7222690876792994,0.00017958104311588215,8.768599909648967e-05,0.0004117821132434485,6.88234433789783e-05,0.0010709784606114882,0.002420900113212955,0.0009057199164943007,0.0008350991034875236,4.2830991411152855e-05,0.002933328721569551,0.0001550420300262122,2.09395151957773e-06,0.0019733698820579306,0.0030569030173955435,0.0022331069223544353,6.812814207099091e-05,0.0003043374748643025,0.0018906310419912816,3.111206822428408e-05,0.008790165227814714,0.061869582375525124,0.000297780481477407
48,0.17250315565711166,0.0004074275996709179,0.736849649166302,0.00032227056452989775,0.000102404035654231,0.0006341295964582866,7.098902473843265e-05,0.0014105635638895437,0.0015516968911131,0.0016844422518308743,0.0006243086984778222,2.8015632336100682e-05,0.0030275925309380405,0.00019295331790938398,2.239795018960468e-06,0.0019138118446952112,0.004057068422746651,0.0025585703634418643,0.00014693795995542603,0.000272996406150077,0.003955558908274334,3.9101137750561016e-05,0.02417260859208181,0.04326987422740849,0.0002016338115159023
49,0.1584495150785589,0.00022799961912030298,0.744765989593145,0.000201271062574642,0.0001273864634356334,0.00038679764522728147,5.782138056036856e-05,0.0009026720370990147,0.0023632971385494374,0.001625933303680558,0.0006970014376103856,2.535796776059849e-05,0.002737362829598764,0.0003524179581495125,1.598452519192774e-06,0.0017192342212745387,0.0023057050036597577,0.0022804702464809022,6.687722449881811e-05,0.0005073966689319318,0.003337112070051583,2.739285890942772e-05,0.017693771804580403,0.05893160166270512,0.0002080162713179792
50,0.16324315299438064,0.0001768019307876908,0.7469463453908076,0.00022194439793663535,0.0001310227711421932,0.0005760662183644902,8.43010470002922e-05,0.0012242265409428417,0.0035973463051156445,0.001514357173183543,0.000830685400257707,2.6785217186509132e-05,0.0030546810742441218,0.00025762621659069227,2.1230440559972416e-06,0.0014286694973699701,0.0021500637351956078,0.0025921719164565225,9.708548862998871e-05,0.000370104409421931,0.003898279674398131,3.2970986191804046e-05,0.016183576638341794,0.05113567192831553,0.00022394000368255014
51,0.17810674078378824,9.589202319361024e-05,0.7361752170967327,0.0006560106446507049,0.00017553023225558789,0.000426662254900515,6.583162477048586e-05,0.002294825731759696,0.0038763523910502256,0.001888802943482003,0.0007982701154142023,3.382242417550628e-05,0.0043837902996621495,0.00037646233124407057,3.996538898869674e-06,0.0015482099989917574,0.0025116398381972104,0.0030904803762981854,0.0002033728194524343,0.0003736665666009414,0.003324372601974911,6.486670709938719e-05,0.01287885823728585,0.04633591970806874,0.0003104057100525168
52,0.16966517815424606,0.0001461534050719969,0.7382733830676409,0.0002322543828596409,0.0001659598619899229,0.0002979437436249961,6.0713709104915885e-05,0.0012233403965880775,0.001873622627772197,0.0016326799083849876,0.0007853708472105872,2.03680099080277e-05,0.0029634224593804897,0.00019180195042617547,1.8169605376365112e-06,0.0017737553766695403,0.0018566825059720302,0.0028282538454768593,4.681949557360326e-05,0.0002686335126957347,0.003273924969253265,3.5269685669806886e-05,0.014590673381402863,0.057567516215965,0.00022446152657454768
53,0.16993453816969983,0.00015596425900754233,0.7336988754453244,0.00018154111415460587,0.00013651367773291596,0.0005764311302461035,0.00012523694251185343,0.001107101311048047,0.003128258124670978,0.0008687564022152285,0.0008933439125059768,4.271403401430031e-05,0.003073224838004647,0.00022023296933392067,2.3164901002667877e-06,0.0017089325945709932,0.0022399068049116545,0.0024177490969201697,5.681589266341175e-05,0.0003876908864951301,0.00288890259171686,3.0400794413213296e-05,0.020047431577774937,0.055795453569558597,0.0002816673704048655
54,0.1350759701188512,0.00021611794581076032,0.7717207392540391,0.00017014165520112115,8.943011342077154e-05,0.0003040798247877716,6.315429291730705e-05,0.0011619411611855867,0.0032698115941607593,0.0012559638187417436,0.0008859763203826837,5.045225118962744e-05,0.0033949050004962156,0.00029058109971859275,4.233749889463237e-06,0.002056375037652359,0.0022703417532510322,0.0017297381942514762,6.316920268368223e-05,0.00037807417753464687,0.0016673999395789513,5.3245035227711044e-05,0.010049354082244279,0.06328121271967428,0.000497591657108776
55,0.1756792082539698,0.00017482768312700457,0.7313915447702919,0.00020401238800706674,0.00012894506773522332,0.0003812634638108862,6.835109271326404e-05,0.0006730379862360712,0.002402305929844424,0.001085148050503434,0.0007446083013233716,3.880609169928753e-05,0.0035286013559144226,0.00019216572350467615,1.5132116696051725e-06,0.00131650215278522,0.002108614389937501,0.0023102570991751416,4.857098084371068e-05,0.0003381292769638259,0.0025822600264062295,2.0890494507463876e-05,0.01558965949642828,0.05880608591100068,0.00018469080160132584
56,0.16708248669358278,0.00016850665753490447,0.742423370485426,0.00020389734223175718,0.00012175250671874752,0.0004013706510952937,5.8722594571621346e-05,0.001021011229795712,0.002292251914421834,0.0010628501250452944,0.0008090616261674665,2.6436380895652135e-05,0.003077325091930339,0.00019750521655014639,1.685746447506714e-06,0.0013007369441803032,0.00227237582550082,0.0024147668309218574,5.819251973486356e-05,0.00032243146062182543,0.0028908875789981914,3.189558878231421e-05,0.016043119948871195,0.055534503707961064,0.00018285533201273534
57,0.16056711624098668,0.0002104325328227399,0.7429574498335155,0.000207398121942978,0.00017797197852380882,0.0009199489493698497,4.120773286216044e-05,0.0011414930818024677,0.0026149638072186145,0.0009628297785570051,0.0009115758325909337,3.1111274582063915e-05,0.0038354166562133423,0.00014328317295776393,1.708360383039635e-06,0.0015702719515743088,0.0027331535221792134,0.002470255589288284,3.528183639409501e-05,0.0002835740526071219,0.0007922969318630614,4.1986408746561176e-05,0.03634729204406531,0.040878888226646065,0.00012309208230649844
58,0.1609076121611636,0.00015733784916130753,0.7426472880485383,0.00020155811526133448,0.00011756988978312785,0.0003225236050892623,5.29353506695307e-05,0.0008631828702206982,0.002142538497052254,0.000982625158387443,0.0008509497957156192,2.688998478212786e-05,0.003297231232110565,0.00019319045130230725,1.6771056782630917e-06,0.00126783381497861,0.0021175227228743478,0.00234897008883332,5.2382967182171694e-05,0.0003551014542211323,0.0025114656004465575,3.1888005205120355e-05,0.014777527263819874,0.06360044808849744,0.00017174987902547425
59,0.16661739096390932,0.0001487560847534835,0.7520224058182933,0.0003194636027752984,0.0001756633167610162,0.0018144581572006016,0.00016556542325245883,0.0011187326542405234,0.004138737928227967,0.0014855274516665318,0.0009303912136492065,2.8900227410202846e-05,0.003480561151952683,0.00020165779953177962,5.035755444327321e-06,0.001461498990940263,0.0023121228130022547,0.0038979898611317208,0.00024797061533252807,0.00023720664958721679,0.004917250547014725,3.337891038564936e-05,0.029219607438054435,0.024735565356257826,0.0002841612692247758
60,0.1654956708046462,0.00016716228687595409,0.7439955781958194,0.00020507779058410273,0.0001238493098330521,0.0004154168567633535,5.806950898803578e-05,0.0010253180252356112,0.0023029158629638315,0.0010885289700141901,0.0008187108702145658,2.5964462987746317e-05,0.002954837427460519,0.00019594216609012912,1.7350806001262183e-06,0.001324916001550145,0.002303726652638495,0.0024269611139721785,5.851829024085017e-05,0.0003198528575265323,0.0028831283970887104,3.124319254319681e-05,0.01656071163250136,0.05503057063090317,0.00018559361195817956
61,0.18724482345654578,0.00013704237496739083,0.7197532205570905,0.00028973712632682507,0.0001335107053292475,0.0005465234343771109,8.080909351250088e-05,0.003600194524041119,0.0025538650853563936,0.001130534287206545,0.0009187209345593806,2.3364226052040142e-05,0.003918826071002238,0.00019040807582224205,3.464254404592036e-06,0.0012750845605633155,0.0019459405675647428,0.0029789041208730478,0.00012326134980479618,0.0005479399078466518,0.003193544811265474,7.019453808604473e-05,0.018886936762330463,0.05024780531320967,0.00020534386186203907
62,0.1654956708046462,0.00016716228687595409,0.7439955781958194,0.00020507779058410273,0.0001238493098330521,0.0004154168567633535,5.806950898803578e-05,0.0010253180252356112,0.0023029158629638315,0.0010885289700141901,0.0008187108702145658,2.5964462987746317e-05,0.002954837427460519,0.00019594216609012912,1.7350806001262183e-06,0.001324916001550145,0.002303726652638495,0.0024269611139721785,5.851829024085017e-05,0.0003198528575265323,0.0028831283970887104,3.124319254319681e-05,0.01656071163250136,0.05503057063090317,0.00018559361195817956
63,0.1656204028842413,0.00019259329882399356,0.7427587955679884,0.0002191447951668822,0.00012172640081553833,0.0004113498423352587,5.748303683420258e-05,0.0010761653948346739,0.00231215251247627,0.0011659867377935922,0.0008300926378733118,2.7388520967269418e-05,0.0030670830357436125,0.00020654812262612405,1.8747236494418574e-06,0.0014039322932588368,0.0025221099210313356,0.0024023800108055864,6.547388664382294e-05,0.0003200554902650329,0.0029239529948318975,3.453908379779448e-05,0.016339671949671102,0.05572173924513306,0.0001973576123913671
64,0.1581863920652366,0.00015734492132730093,0.7519184838279503,0.00017684481673065796,0.00012410982668082125,0.0003222272519259318,6.005269266939175e-05,0.0009576406138029485,0.0019430912499079811,0.000993495867745736,0.0008831230848840637,2.4178967794145816e-05,0.0031116169015377674,0.00021079801605568792,1.447672246403136e-06,0.001201363597254184,0.0023102319489984803,0.0026586264466710824,6.041328790568417e-05,0.00030624072039189457,0.004019725704106615,3.0464955576263494e-05,0.01655246485394865,0.05361957200577201,0.000170048702879379
65,0.14946785835485027,0.0001906540395892873,0.7604048424938584,0.00020475588055059288,0.00011945978902553372,0.00037345804896713234,5.293622634312771e-05,0.0008927019197764001,0.0023339420918652718,0.0011645918021888138,0.0007318270740641836,2.8599555628278452e-05,0.0031777731501701607,0.0002005167342305441,1.5500828930746144e-06,0.001840610518851576,0.002829196405776518,0.0020296337024089373,4.7444628369889205e-05,0.00032094775464329054,0.0026472025215712154,3.458183016722751e-05,0.01436648493245945,0.05634872364824969,0.0001897068135011157
66,0.16585130845146523,7.94781151285982e-05,0.7665663433614337,0.00017704406813366308,9.937539733975809e-05,0.00023193313452271656,5.14081860188564e-05,0.0010639197482799462,0.0016251350880065753,0.0009702891077611886,0.0006823122465798684,2.161151393228198e-05,0.0035616229559265965,0.00018168704938727239,7.892925932540407e-07,0.0009418869997889483,0.0013842366276581148,0.0024660691020454146,2.412375345541685e-05,0.00032106241821108506,0.0032264021358643724,2.548537608565271e-05,0.008146976693170443,0.042204743250194195,9.475592701654463e-05
67,0.16440913193794046,0.00026636297129411005,0.7486658413494074,0.0001964906935893481,9.14489079649352e-05,0.0002612534509381434,4.52532513060943e-05,0.001188861442404235,0.001308640688782329,0.0012150124762763195,0.0009842294404697409,2.921738573799462e-05,0.0030037095851794915,0.00021595562918876206,2.1170756455753354e-06,0.001760888357015075,0.00223546714279789,0.002099547679832086,5.0667716868316656e-05,0.00029563876778618053,0.003227178558141298,5.281401986330476e-05,0.0191403973920726,0.049084902506043804,0.00016897157345415945
68,0.21975936527708953,4.660194794529774e-05,0.6892567195853744,0.0002329911668479864,0.00014053100829795068,0.0005665340884238528,8.99253786976966e-05,0.002081523885342169,0.002129628853395472,0.0009257586288386442,0.0008243938783493343,2.9237629104986422e-05,0.0037869990278183436,0.0002013322711679039,2.3515122011103633e-06,0.0008000126408672099,0.002659186151308167,0.0032688031089076787,0.00012166492113582351,0.0002648563081958705,0.0051124729341076045,2.385453800798313e-05,0.018160429295268236,0.04932710087978981,0.00018772508351721265
69,0.16836555404121734,0.00015879467654471524,0.7372848617587777,0.00023818371101269034,0.00015438774941624634,0.0005505137115607141,6.86109274117097e-05,0.0010552012649519377,0.0026832090822415055,0.00108441804790103,0.0008294828619546917,2.5517771024300293e-05,0.003002257283471841,0.00018229597940631456,2.1298972148266288e-06,0.001342069869009916,0.0017524504374018012,0.002479256704678352,7.396348253946117e-05,0.00028318408887930194,0.0025495948423115283,3.057392934661617e-05,0.0164568169785233,0.059141382864714896,0.00020528803848714915
70,0.16327401705125422,0.00010272976650044474,0.747970354337153,0.00024530273239991646,9.533556521042938e-05,0.0004109406073245891,5.903174045581677e-05,0.000909112765679169,0.0019163416488695959,0.001065492938281973,0.0007641402999940548,2.1670251775497248e-05,0.0028578889300121084,0.00020905390173007508,1.6523160724822177e-06,0.0007899826293283032,0.0013952319772724243,0.0021857490624650295,6.489909109751705e-05,0.0003086231030246315,0.0034316714413871875,2.0805765297515817e-05,0.01600415971181567,0.055719622800615466,0.00017618956498313587
71,0.12153917754901634,0.00011209144716206669,0.7871445046192912,0.00015370471168074757,0.00013073175601140263,0.00034889753855675917,6.420436829769978e-05,0.0009903619227734453,0.002376712688493814,0.0011924313317562072,0.0009511641240235185,2.2355456146084363e-05,0.0035328593276787758,0.0003557913383055387,1.6185749007398586e-06,0.0010853605371383887,0.0009736897190037309,0.0029182909715740847,5.733140962693754e-05,0.0003181773300166909,0.0030749979984978134,3.2083082577245203e-05,0.0163663421741146,0.0560630542473501,0.00019406577600642095
72,0.16067747655246784,0.00017332159246206933,0.7563290096705867,0.0002658838171519004,9.26058506842067e-05,0.0016130300945404697,0.00026428721326381675,0.0015335476001199569,0.00417969370169219,0.0017852095050447509,0.0007292226908064423,3.61413961475738e-05,0.005174588213849021,0.00018935184336178062,6.275089222005859e-06,0.0037274408086646563,0.002544286040941759,0.002273096420400992,0.00021910478263541548,0.00031585914430779687,0.0034159943685021198,6.986774237143323e-05,0.01467383779809118,0.039406411663623346,0.00030445639906065685
