,0,1,2,3,4,5,6,7,8,9,10,11,12,13,14,15,16,17,18,19,20,21,22,23,24
0,0.03549967770870332,2.7530561412442375e-05,0.9080411624240441,0.0008834338668658086,1.805472367158088e-05,0.0005814298624272134,0.0004122836496469239,8.095604939768846e-05,0.028312660202481035,1.517799506342275e-05,3.6343582954144715e-05,3.384578532992512e-05,0.00025253418716017083,1.5427777701943128e-08,0.006646454845471527,0.0005337082524545797,3.1547636139136943e-06,0.00034546832184345817,0.0012402434376388302,1.3767667436033484e-06,2.743309157031184e-05,1.2412606679769004e-05,4.4031460338599175e-05,0.016547554652998408,0.0004030557737112143
1,0.0352573345468009,5.0405019219923385e-05,0.8852387536025672,0.01217544373331238,2.733630761510765e-05,0.0007658268639905194,0.0009471438027475693,0.0002076913750896231,0.014910474986226543,3.43153960577785e-05,0.0002543896904794367,8.120526412143542e-05,0.0003961179018855128,5.656639259108007e-07,0.007092618933910209,0.00022769951738361375,4.341125385713647e-06,0.00030733671494656746,0.0005951689084612479,3.654855176202008e-06,4.906092101502986e-05,3.895886978743934e-05,0.002099999446778999,0.03889673805048928,0.00033741850262529986
2,0.043763398285841505,2.309545709477282e-05,0.911103142369247,0.0007588244818456022,3.421570349193358e-05,0.0004972996322887952,0.0005499680351155829,6.55640773029481e-05,0.019544121257484347,1.7066805146340393e-05,4.248479755721965e-05,3.458673181236317e-05,0.0005538460182544917,1.8938035193597925e-08,0.006042620692656486,0.00034415801537513715,5.182153290404367e-06,0.0003749973284803102,0.0006007171126656151,2.5894384096353277e-06,1.99209116765184e-05,1.2529731734747764e-05,4.278064993510937e-05,0.014997422644281935,0.0005694487309759641
3,0.037388962260459235,1.7934221379074125e-05,0.9187799303765471,0.0008364567873282477,2.232170719211847e-05,0.0005152116031797676,0.00046263589536693693,6.121232945759147e-05,0.018427439978371016,1.5726235596079526e-05,4.4205568887173176e-05,3.570357579394737e-05,0.00045160165350409637,1.59493653060881e-08,0.004449470691232609,0.00032203326586107556,4.5272113496010444e-06,0.00034671502287527827,0.0006254578941937189,1.943604060587839e-06,2.400903592254962e-05,1.3196119117095047e-05,4.140607219816496e-05,0.016692648774534195,0.0004192341662278339
4,0.03852287734128331,1.825711206742536e-05,0.9164291116473836,0.0008651170083557181,2.3007241919997877e-05,0.0005096343366319151,0.0004687308690420349,5.923758456457925e-05,0.01897868242224563,1.551518404544788e-05,4.452674731199319e-05,4.025421461235033e-05,0.0005590007600162505,1.7092417875235103e-08,0.004397520244227428,0.00032046917192589885,5.105841305254749e-06,0.0003577185229844467,0.0006317524370254464,2.1076642970274245e-06,2.573177671698245e-05,1.411239734962569e-05,4.1544484934849296e-05,0.017222690714970092,0.00044727718236470775
5,0.03984964748263355,1.7159636610206634e-05,0.9147665260080804,0.0010479601308838312,2.0076914430030796e-05,0.0005177103351259174,0.0004423288172419287,5.786293492057816e-05,0.01823373281212242,1.683695717981863e-05,4.510768015679091e-05,4.031164208739292e-05,0.0004805618748601532,1.760961982169041e-08,0.004071888361986875,0.00029895281262084736,4.9440979277198175e-06,0.00044126370177163777,0.0005885289296893396,2.0073961385986022e-06,2.6088658192195846e-05,1.4818753886463821e-05,4.393737829256189e-05,0.018493880239525667,0.00047784883401458966
6,0.037388962260459235,1.7934221379074125e-05,0.9187799303765471,0.0008364567873282477,2.232170719211847e-05,0.0005152116031797676,0.00046263589536693693,6.121232945759147e-05,0.018427439978371016,1.5726235596079526e-05,4.4205568887173176e-05,3.570357579394737e-05,0.00045160165350409637,1.59493653060881e-08,0.004449470691232609,0.00032203326586107556,4.5272113496010444e-06,0.00034671502287527827,0.0006254578941937189,1.943604060587839e-06,2.400903592254962e-05,1.3196119117095047e-05,4.140607219816496e-05,0.016692648774534195,0.0004192341662278339
7,0.03473190623680816,4.281408716703406e-05,0.9143998504544766,0.0006156742224316543,4.7525919691390505e-05,0.0005246124294378542,0.0009470388477177465,0.00018875858981209478,0.024643730777953766,2.314422808830544e-05,4.663187351849211e-05,8.495468484211745e-05,0.0006751934218971102,2.4192455615768556e-08,0.004920712208309188,0.0005661272223107272,1.4737167455533528e-05,0.0007689870565904915,0.0007919996545683137,6.532382773542061e-06,3.5969976797452386e-05,1.753578545694796e-05,3.308740445449945e-05,0.014664074507930053,0.001208376667054854
8,0.038622955013600704,2.2882986859787453e-05,0.8861717202449212,0.000661799792167934,2.1848357190026226e-05,0.0015476786580704677,0.00045616265795500805,6.344352942159736e-05,0.01801496264475001,1.2851250982669263e-05,4.357489003975464e-05,4.2060612161390515e-05,0.0004581664987632307,2.4836574007029896e-08,0.003002130634494181,0.0003134721100136656,4.839669888407913e-06,0.000373666625442702,0.0007342828876202825,2.0529629885757898e-06,5.000663451759606e-05,8.897036545757265e-06,1.3691293490888476e-05,0.04894968597790484,0.00040714219363499333
9,0.030256386938069202,2.009556266418808e-05,0.9208201950520274,0.000583079457579925,1.8225079521793883e-05,0.0006041749339340719,0.0004578921017088835,8.389575479939944e-05,0.020085978618531536,1.3903833114518986e-05,6.326180807133675e-05,3.707764179875533e-05,0.0003801428357320104,3.2182083422734834e-08,0.006618586734578333,0.0003380669764332016,2.8736651681276762e-06,0.00024869019586378974,0.0008190967913140296,1.8637239618048929e-06,2.350252859912941e-05,1.8052529393881826e-05,3.9192854725049133e-05,0.018133849143392028,0.00033188305693429863
10,0.037388962260459235,1.7934221379074125e-05,0.9187799303765471,0.0008364567873282477,2.232170719211847e-05,0.0005152116031797676,0.00046263589536693693,6.121232945759147e-05,0.018427439978371016,1.5726235596079526e-05,4.4205568887173176e-05,3.570357579394737e-05,0.00045160165350409637,1.59493653060881e-08,0.004449470691232609,0.00032203326586107556,4.5272113496010444e-06,0.00034671502287527827,0.0006254578941937189,1.943604060587839e-06,2.400903592254962e-05,1.3196119117095047e-05,4.140607219816496e-05,0.016692648774534195,0.0004192341662278339
11,0.03750140723217723,1.7783138467170617e-05,0.9182738765913045,0.0008303969289541073,2.2866880579355853e-05,0.0005081824441900435,0.00046388432738438763,5.9881791337160836e-05,0.01859282824292889,1.5570298564489983e-05,4.412987064041038e-05,3.812170620655379e-05,0.0005236492884713382,1.6066011859564145e-08,0.0043000164603357646,0.0003238875428644668,4.711224293340845e-06,0.0003451752491703623,0.0006294655549290984,2.07963919782474e-06,2.462648611055868e-05,1.325860624133966e-05,4.1329548588087267e-05,0.01700530248073018,0.00041755240032125907
12,0.06349844514333522,5.906194601518758e-05,0.8897457844231907,0.0009808158921425952,5.734854199678323e-05,0.0008513042362786109,0.0005887960868141105,5.1665372018614645e-05,0.01764268725380761,3.127077968225527e-05,5.351039224994461e-05,3.430553522839248e-05,0.0007827947101786203,4.6406257862204205e-08,0.005055842243344638,0.0002006151423188657,1.9908106733192132e-05,0.0009705757517368126,0.0005179126662634519,2.9828418376103386e-06,3.005948492715044e-05,1.542813074409805e-05,5.5189790894042636e-05,0.016469809383927298,0.0022838397380759022
13,0.032862337558927895,1.85064717471404e-05,0.922644600818561,0.0009357820668217623,2.7153820118912498e-05,0.00047604720976718453,0.0006190942439349248,7.216570881615801e-05,0.017350912891471816,1.459058492758677e-05,0.0001490509889910157,5.879155607298007e-05,0.00046518702579158755,2.4409844192879194e-08,0.005721551529303434,0.0003447813965496685,5.85022698095071e-06,0.0003060870238421876,0.0006123749687774376,2.0431977286148947e-06,3.366049191911059e-05,2.7167440407393215e-05,5.1125690541244516e-05,0.0168285635963172,0.0003725490818386658
14,0.06335983882061642,7.933950837348074e-05,0.8790190507197434,0.001065991485996578,7.564969698538967e-05,0.0006512611100219783,0.001282767189229891,0.00012757902529963712,0.021196810153309844,4.191437877517288e-05,7.085705040701159e-05,4.896620832165536e-05,0.0006049794533308848,3.944372116615468e-08,0.0055831479239422735,0.0004240067872580793,6.5373638754643585e-06,0.0005212716193456142,0.0012880616846406298,4.12469403168732e-06,2.5337621090957203e-05,1.5712673957192427e-05,6.819137673280985e-05,0.023717665805102782,0.0007208982058901851
15,0.037388962260459235,1.7934221379074125e-05,0.9187799303765471,0.0008364567873282477,2.232170719211847e-05,0.0005152116031797676,0.00046263589536693693,6.121232945759147e-05,0.018427439978371016,1.5726235596079526e-05,4.4205568887173176e-05,3.570357579394737e-05,0.00045160165350409637,1.59493653060881e-08,0.004449470691232609,0.00032203326586107556,4.5272113496010444e-06,0.00034671502287527827,0.0006254578941937189,1.943604060587839e-06,2.400903592254962e-05,1.3196119117095047e-05,4.140607219816496e-05,0.016692648774534195,0.0004192341662278339
16,0.038056944308539224,2.3143967335128515e-05,0.9144064672890123,0.0009081220209869758,2.160700556318316e-05,0.0004603560368417549,0.000675478297012497,8.854407004369317e-05,0.01955218593799512,2.1706938809715204e-05,4.18895823772714e-05,5.861558664942632e-05,0.0005113992178265222,1.8992181459264318e-08,0.0057420246887904145,0.0004202703885919306,5.683294208388928e-06,0.00046141286648892295,0.0008082885891698832,2.491460938562632e-06,4.206725233626646e-05,2.487455375703801e-05,4.45430531477349e-05,0.01706468853937982,0.0005571760620168357
17,0.03851662986044241,2.1285375280724364e-05,0.9149360553639955,0.0011379966480840678,3.3016413814203766e-05,0.0005164384883479152,0.0007034132030066981,9.933840763116491e-05,0.017466893580154973,1.9609232653221976e-05,8.36445017224408e-05,5.742571972417011e-05,0.00046909259364702217,2.8431897856550613e-08,0.0056703674986565596,0.00036474476993603964,9.802558707296348e-06,0.0005027709203199284,0.0006476362636869904,2.5645409408652887e-06,3.737533548101731e-05,2.8044475892161186e-05,6.367557138427114e-05,0.017890383580936788,0.0007217666636561522
18,0.04759752278287148,1.9915274580633853e-05,0.9087818710895725,0.0011461046724982344,3.15786621999332e-05,0.0005243752599772264,0.0006071956476436932,5.997948473374668e-05,0.01674062161145197,2.3444559191952232e-05,4.535733410286506e-05,4.563151857396111e-05,0.0006535994701072093,2.966432262257363e-08,0.00537177919364442,0.0002562546412407919,9.766581517455182e-06,0.0006609227145585862,0.0005478172136883706,2.703315969144762e-06,3.2606339062416116e-05,1.943117496632612e-05,6.627274539757887e-05,0.01569695288254438,0.0010582661655825017
19,0.03942567043277654,1.7301799446061717e-05,0.918499212350003,0.000980745964880283,2.1685403489957622e-05,0.00035585194061348675,0.000553230974648032,5.9556689057086756e-05,0.018617607060968988,1.569493318017029e-05,3.492264542924011e-05,4.335467220888788e-05,0.0004981098149492559,1.4482012752996454e-08,0.004411257023089031,0.00034925002404408503,4.176565200741856e-06,0.00031695629825639096,0.0005241508581665395,2.1173699861778727e-06,2.752088643889713e-05,1.5560187555985747e-05,3.9183558160095014e-05,0.014778285517180089,0.00040858254825783323
20,0.03143996960990837,1.7614465334090235e-05,0.9227242633967018,0.0009742135927073565,1.9523531290834033e-05,0.00042221336990820623,0.0005510572595015126,0.00010469701234735701,0.01867050869713333,1.6462327391181947e-05,4.935921624771848e-05,4.839011289064449e-05,0.0004183931323492306,1.703707387015549e-08,0.00749139454906829,0.00043785529978063447,5.019599197757167e-06,0.0003872506665190921,0.0006591186186617114,2.1448816241660128e-06,2.9956579427915837e-05,2.503932908014443e-05,3.961932258637146e-05,0.015066101950482476,0.00039981644278615057
21,0.03767204420740983,2.0721366515545514e-05,0.9155604519364506,0.000996919751794628,1.8871682951864728e-05,0.0004587119206032663,0.000481756147350192,6.905306181418104e-05,0.02101029979231339,1.8095178958584427e-05,3.487377139044122e-05,4.55620117106862e-05,0.0005245496584912558,1.7920370952171282e-08,0.003981942823888977,0.0004440340122610043,3.102836218947264e-06,0.0003549665560570213,0.0006010413832625177,2.1442590855267915e-06,2.5098996785807214e-05,1.221156220392091e-05,3.814696945859374e-05,0.017279701597775504,0.0003456805948767599
22,0.01153342088727495,1.6355210667364397e-05,0.9391533254861716,0.0007612568919707545,2.5289413129277303e-05,0.0005670831155044593,0.0023275361933760338,6.554720553670815e-05,0.02208998549723208,1.5767210036914063e-05,4.9479037645083575e-05,0.00013989748014939287,0.001542816158576825,1.7787379682759448e-08,0.004625520381374072,0.0004336206141376034,9.071254341480905e-07,3.533854252514217e-05,0.0007844104145384159,5.477407618859015e-06,2.4232124639200752e-05,1.4958384424614916e-05,3.605327872796096e-05,0.015509682039413452,0.00024202211251593753
23,0.037388962260459235,1.7934221379074125e-05,0.9187799303765471,0.0008364567873282477,2.232170719211847e-05,0.0005152116031797676,0.00046263589536693693,6.121232945759147e-05,0.018427439978371016,1.5726235596079526e-05,4.4205568887173176e-05,3.570357579394737e-05,0.00045160165350409637,1.59493653060881e-08,0.004449470691232609,0.00032203326586107556,4.5272113496010444e-06,0.00034671502287527827,0.0006254578941937189,1.943604060587839e-06,2.400903592254962e-05,1.3196119117095047e-05,4.140607219816496e-05,0.016692648774534195,0.0004192341662278339
24,0.042338705279505194,2.6271513522848515e-05,0.9100006628104453,0.0012380930290555644,2.461437519968122e-05,0.0005767797931540907,0.0005111363019125126,7.411951519033538e-05,0.018986374340349485,2.2210351095832433e-05,5.012036801539977e-05,4.299269088888091e-05,0.0005504250559070407,2.6050206125695664e-08,0.004102737832772773,0.00034768948221339957,4.9400874399699055e-06,0.00039989273375548096,0.0007398465042709313,2.5436964570474754e-06,2.5215507412603334e-05,1.4389307297243049e-05,5.3885623632672084e-05,0.01939091164686709,0.000475416103432359
25,0.03328178169427104,2.1555599833582594e-05,0.9245517404984939,0.00047816758031947633,2.8889776685871604e-05,0.0005590221884605181,0.0006887409326019458,0.00018111028302673286,0.01793246566410239,1.6186815881258638e-05,0.0001289459323630016,5.3519126600726566e-05,0.0004922852882921922,1.8231229892623906e-08,0.005182528179256723,0.0005229098657523342,5.17488316980278e-06,0.00032926112540377516,0.0007691204112643484,2.524774374675112e-06,2.9617897882792545e-05,2.2378389479267778e-05,2.474098037641161e-05,0.014424065494483385,0.00027324838639440353
26,0.043510887430379,0.00010569305580813504,0.9091045971189061,0.020342357541017847,1.681581614472715e-05,0.0005569764440485433,0.00032241767774618456,3.859072862867158e-05,0.017832715137764382,0.00014701745427670666,4.658714828522735e-05,0.00023508482720943755,0.0004945889161335219,2.998350036121778e-06,0.0045915614632800585,0.000301838880863712,3.6589890817514136e-06,0.0003125267344411365,0.0005868698409179949,1.7774967454108723e-06,6.305571331552268e-05,1.3720080278108314e-05,0.0001157666057113273,0.0010018015014628162,0.0002500950475173267
27,0.03673684603924906,1.8665365045158494e-05,0.9152667011365965,0.0009272299783303979,2.1648657966057902e-05,0.0005207102904516608,0.0004787142147935885,7.813492102711546e-05,0.02014822481402718,1.5941097208736624e-05,4.858730192269956e-05,4.0380615263827214e-05,0.0004448644337430576,1.7000022975865296e-08,0.005528724840579507,0.00038263378980297476,5.132467434352979e-06,0.0003956292500615623,0.0006884940320809257,2.0168302220143907e-06,2.758280996176824e-05,1.860755992249326e-05,4.1931843576454894e-05,0.01773923518145704,0.00042334552925323563
28,0.037388962260459235,1.7934221379074125e-05,0.9187799303765471,0.0008364567873282477,2.232170719211847e-05,0.0005152116031797676,0.00046263589536693693,6.121232945759147e-05,0.018427439978371016,1.5726235596079526e-05,4.4205568887173176e-05,3.570357579394737e-05,0.00045160165350409637,1.59493653060881e-08,0.004449470691232609,0.00032203326586107556,4.5272113496010444e-06,0.00034671502287527827,0.0006254578941937189,1.943604060587839e-06,2.400903592254962e-05,1.3196119117095047e-05,4.140607219816496e-05,0.016692648774534195,0.0004192341662278339
29,0.037388962260459235,1.7934221379074125e-05,0.9187799303765471,0.0008364567873282477,2.232170719211847e-05,0.0005152116031797676,0.00046263589536693693,6.121232945759147e-05,0.018427439978371016,1.5726235596079526e-05,4.4205568887173176e-05,3.570357579394737e-05,0.00045160165350409637,1.59493653060881e-08,0.004449470691232609,0.00032203326586107556,4.5272113496010444e-06,0.00034671502287527827,0.0006254578941937189,1.943604060587839e-06,2.400903592254962e-05,1.3196119117095047e-05,4.140607219816496e-05,0.016692648774534195,0.0004192341662278339
30,0.037388962260459235,1.7934221379074125e-05,0.9187799303765471,0.0008364567873282477,2.232170719211847e-05,0.0005152116031797676,0.00046263589536693693,6.121232945759147e-05,0.018427439978371016,1.5726235596079526e-05,4.4205568887173176e-05,3.570357579394737e-05,0.00045160165350409637,1.59493653060881e-08,0.004449470691232609,0.00032203326586107556,4.5272113496010444e-06,0.00034671502287527827,0.0006254578941937189,1.943604060587839e-06,2.400903592254962e-05,1.3196119117095047e-05,4.140607219816496e-05,0.016692648774534195,0.0004192341662278339
31,0.030594148364724467,0.00013846278363546606,0.9002881784893151,0.0012156037816902976,6.19414708185701e-05,0.0007485968041765394,0.0014828837235693528,7.310977515545672e-05,0.034704734273194406,2.1296921265177844e-05,5.9558381825408816e-05,0.0006200805407801363,0.0008167326410730375,7.212120104445233e-08,0.005211083575965706,0.001593576695010187,1.7794156086720046e-05,0.0006273979539205692,0.0017532791771258617,4.9527520232439205e-06,0.00016853605950059667,2.808973467785604e-05,5.588236959405505e-05,0.01790779276167266,0.0018062146919981138
32,0.03880155916742617,1.8857838992291737e-05,0.916535854862663,0.0007841814631295009,2.1819710728680758e-05,0.0005250395887029647,0.0004540447092715574,6.300468081508258e-05,0.01875914978545743,1.6009026704320587e-05,4.386200054637681e-05,3.608694100953873e-05,0.0004577519151048131,1.5605923301107616e-08,0.004456775477153962,0.00032401192554860306,4.455363623266556e-06,0.00034460275772845263,0.0007196252065143427,1.898316122559082e-06,2.4190600032510014e-05,1.3584185845799454e-05,3.9713383362563846e-05,0.017160656096195544,0.00039324939139732116
33,0.03709823349088049,2.8263335012757184e-05,0.9117957009771581,0.001165176761308989,2.5271900768392814e-05,0.0009718491767601382,0.0005585652049005587,0.00020203233592017755,0.017363063756260736,2.977468128292437e-05,0.00015218965381941628,5.145713838859343e-05,0.00037020042361090124,3.769314794127125e-08,0.004822037405277571,0.0006339271568093366,4.262323712258127e-06,0.0003219161730955509,0.0012896702956310276,1.9328662425422784e-06,4.704989060602849e-05,3.791775657250553e-05,6.760622082637386e-05,0.022548953687940868,0.00041290969406614764
34,0.013989567263885627,2.0672160288628526e-05,0.9384205360148785,0.0008365020188337444,8.006460763524717e-05,0.0004120909496301528,0.00047232064378794334,8.065165747800735e-05,0.023872394736528812,1.696354951862943e-05,2.2959513048712707e-05,3.7230366235534115e-05,0.0005185833385372836,2.2135663902872786e-08,0.0025603330487457125,0.0005971681133067063,1.9606452481876107e-05,0.0005105211146666548,0.0009187995723846916,4.540491846071448e-05,2.083353441170177e-05,6.728023400451792e-06,3.171015362852331e-05,0.016096121462656512,0.00041221464990589255
35,0.040337192796701504,1.1447846059256218e-05,0.9212548879309196,0.0006201825812648362,1.711519393378885e-05,0.00026652020191599723,0.00040753578568294085,5.8834077828779547e-05,0.0195676079897833,1.2181822124272426e-05,2.0213571173986357e-05,3.471515947037031e-05,0.0004995869941131981,9.364144039018068e-09,0.0022010201237905695,0.00020191476075614878,3.927143549793948e-06,0.00039588460228291743,0.0005322231173290893,1.856887679131831e-06,1.792675100171453e-05,1.115492049663893e-05,1.7471880368784206e-05,0.013138082982519722,0.0003705055151096754
36,0.03888772485556193,1.826155634931707e-05,0.9154004580236471,0.000895735546736492,2.0353026826912135e-05,0.00031528311919784503,0.0005570945847297655,7.452701427278289e-05,0.02011414378246724,1.4829549678788927e-05,4.123668524189439e-05,6.18023597673421e-05,0.0005259724484242511,1.9450430760269242e-08,0.006877484089953267,0.0005387753191894331,5.331337381244374e-06,0.0003553776444603154,0.0007845882161851406,2.035037464857303e-06,2.4547878201081995e-05,2.777553035397338e-05,3.0470283473186224e-05,0.014024851301625833,0.0004013213583789201
37,0.04477179570904534,2.263865058973128e-05,0.9117776043897388,0.0008754962058899796,1.561384504298942e-05,0.0005322698802613748,0.0004490517345933991,0.00015141026162118927,0.017888647580182885,1.714188039671449e-05,4.487053173259904e-05,3.625181254030104e-05,0.0003744712192684653,1.8450437511401456e-08,0.005022747823495278,0.00036003495315246886,2.748156695169503e-06,0.00033754932538364806,0.000628483069915705,1.4634996414021699e-06,2.4648944233744563e-05,1.3437601184303394e-05,4.3044084354736415e-05,0.016321948036471023,0.0002866123541312698
38,0.042180673178553424,2.0360506504960117e-05,0.9085777889383819,0.0029355646586598032,1.9495498737665582e-05,0.0006170413852301668,0.0003507857840965573,3.458102461440684e-05,0.01822310248976998,2.1669980068429077e-05,2.7199766198080776e-05,2.3562822608783377e-05,0.000366487850586348,3.385714202637301e-08,0.004032313968817435,0.00029390036500973635,1.9929715056184667e-06,0.00023522158988664428,0.0006174324024818548,1.5820084728276034e-06,1.733021683062568e-05,5.719982438730319e-06,0.00012091203762227304,0.020982439378029634,0.00029280733775206564
39,0.028957215079332545,3.0375330099029663e-05,0.9197967147968481,0.0005396631156922549,3.038670933799524e-05,0.0002551505244919535,0.0005565947485565287,6.137362822277672e-05,0.028773540766871823,1.2920508390750637e-05,0.000114378020690176,6.435958605426672e-05,0.0004425516028598714,1.9981508162500778e-08,0.005146451152703966,0.00017855731852329385,4.880495793062976e-06,0.0003286820676651451,0.0005770234320992753,1.6684044762862935e-06,1.1865504729339962e-05,1.1965923885969125e-05,2.502738391191281e-05,0.013775681486733991,0.00030295243052134947
40,0.04304139519667436,2.421635790198865e-05,0.9102251519830159,0.0015817679413337657,2.8637843027506338e-05,0.0006915239269211352,0.0005213903947297573,0.00018167847113539755,0.019086191088966743,3.566627717526938e-05,7.258759499623509e-05,4.599392177438517e-05,0.0006892409435843828,2.5723557273042437e-08,0.003768894510796812,0.00053478144086932,9.689441015824928e-06,0.0006664616174106876,0.0009774759098902348,6.539392051633737e-06,3.4805852970794754e-05,1.862205692583302e-05,6.631688250725082e-05,0.01725869905534166,0.0004322461754258033
41,0.03332725683448895,1.539100119474657e-05,0.9258298557442377,0.0004375456197868235,1.5295416521805448e-05,0.00037401239683802426,0.00045961013849027654,5.526623816356662e-05,0.021119756757455352,1.0265980597125746e-05,2.5691192344264456e-05,3.4197996628854244e-05,0.00034672290923936646,1.0113096575541396e-08,0.004320135935479797,0.00029378676274981376,8.965722746802537e-06,0.0004975749177230951,0.0004916364686132952,2.380973709327589e-06,1.5073689457952718e-05,7.23910152782794e-06,1.6776556310420934e-05,0.011774938554216156,0.0005206129783822846
42,0.038370403645935545,2.2986255537548756e-05,0.91766566295411,0.0009168929845837151,2.4533876942647253e-05,0.0005155342694397062,0.00047759809860297917,2.6730377365100346e-05,0.018288063881699013,1.3842045811293e-05,4.664284329962362e-05,2.7254425410808397e-05,0.0004539981216696903,1.4045296194120572e-08,0.0036433731371391083,0.00021190549949798093,4.563525006996104e-06,0.0003444435578086957,0.0004320611914587261,1.8666392252614686e-06,1.8453722722236682e-05,8.480568146071994e-06,3.465561099320651e-05,0.018083551687320565,0.0003664870349779664
43,0.028540254752612636,1.8647424490560432e-05,0.9257576953636382,0.0010630134103969111,1.9594497002421252e-05,0.0008424577949589471,0.00045523371994281395,8.859890659272004e-05,0.016316852755979355,4.009238624098381e-05,3.4626978186709953e-05,3.067248636744599e-05,0.0004234420629341275,1.9175214681281427e-08,0.004912063128768616,0.0005128160634825475,6.656831017427677e-06,0.0005044343252541676,0.000927498295511904,2.8998422171957018e-06,5.373019064512454e-05,2.186881453043789e-05,6.19577735905975e-05,0.018939943217666077,0.0004249298027573769
44,0.037388962260459235,1.7934221379074125e-05,0.9187799303765471,0.0008364567873282477,2.232170719211847e-05,0.0005152116031797676,0.00046263589536693693,6.121232945759147e-05,0.018427439978371016,1.5726235596079526e-05,4.4205568887173176e-05,3.570357579394737e-05,0.00045160165350409637,1.59493653060881e-08,0.004449470691232609,0.00032203326586107556,4.5272113496010444e-06,0.00034671502287527827,0.0006254578941937189,1.943604060587839e-06,2.400903592254962e-05,1.3196119117095047e-05,4.140607219816496e-05,0.016692648774534195,0.0004192341662278339
45,0.03242184180013133,2.6978456935221466e-05,0.9222606419210411,0.0008484873638396236,2.0040626125728594e-05,0.0004995886588274228,0.000455007513845077,4.9367565513103736e-05,0.018721663392594578,1.824452019074381e-05,4.4250256100949676e-05,3.463903796330896e-05,0.00041054291377419847,1.651785601939555e-08,0.005734344592598941,0.0004401433388726065,3.4594996729678933e-06,0.0002964776488973661,0.0006090088015015614,1.7881391464705874e-06,2.057895895561204e-05,1.3090369714676254e-05,4.2931740935265026e-05,0.016758933449818172,0.0002679329151481032
46,0.038046703583523446,1.687792728174813e-05,0.9256919764616326,0.0004592604834499969,2.2886123258535778e-05,0.0007397518660971807,0.00038727460115363355,9.591068388553765e-05,0.015937455604087703,1.698328529721043e-05,8.112415281984012e-05,4.227096032518465e-05,0.0003275394517063891,1.5763930535671936e-08,0.005275761362207931,0.0004287378537473603,5.931200661202261e-06,0.00039124503344961046,0.0008732909589068781,1.6237699243038512e-06,4.508487112346361e-05,3.7351095178252726e-05,2.0604421603236644e-05,0.010570126209382268,0.0004842122753663393
47,0.035698365486853414,1.6308561281063352e-05,0.9187823070310412,0.0007050883074905985,2.2068017682626708e-05,0.0003670393496735701,0.0004520691155673071,4.8467342283906434e-05,0.01957347802267717,1.4293800697454102e-05,2.6425784410868923e-05,4.336521466735188e-05,0.00039467434812515904,1.0939491502395139e-08,0.004230817161736736,0.0003363633363558827,4.385563649501929e-06,0.0003349664743221205,0.0006852399152778982,1.9114177689211175e-06,2.5499236898073218e-05,1.612389361691718e-05,2.867596063620009e-05,0.01779231049819488,0.00039974521959954684
48,0.047393871859161794,2.1841536647460346e-05,0.8964381711279148,0.0007961406915224855,2.350000956607602e-05,0.0008854819607679826,0.0004508889969500743,6.502572994724244e-05,0.01869375710352982,2.0566396254031367e-05,6.737652871282276e-05,3.86994004747306e-05,0.0006874940743459669,2.07486562781525e-08,0.0038648167981128233,0.00036439785208757024,6.22843736332862e-06,0.0002910751176873065,0.0019686867210958227,2.480492146397263e-06,3.075021028321154e-05,1.8813130428560463e-05,5.8440049410689004e-05,0.02750270179885153,0.0003087732280808325
49,0.03403076097636523,2.6834350531891356e-05,0.909325711726634,0.0005275649847434696,1.8185850918553222e-05,0.000657028887766848,0.0004107075615113361,5.218721822995157e-05,0.01903529148816105,1.8798770205706273e-05,4.566173104872122e-05,3.5814368873546366e-05,0.0004250245228173564,2.9190031504219872e-08,0.004584891119138818,0.0003455092318747615,3.776433691971518e-06,0.00030086524064472966,0.0006485830284634175,2.3312678388155585e-06,2.3664475643481574e-05,1.3117918369801711e-05,4.561052567398164e-05,0.029047763854697758,0.00037428527612348955
50,0.03749625827684272,2.149240280988202e-05,0.9224773236895939,0.000850998031410901,2.464918984058111e-05,0.0005122165334176818,0.0007241874895401714,9.312747567430895e-05,0.013464095047510815,2.1881018365037297e-05,4.874578009191982e-05,4.19449173094714e-05,0.00044855323864395987,1.9719099989737612e-08,0.005480104020526767,0.0003620369942571489,4.547324538194685e-06,0.00034456406046391003,0.0007277880713285309,1.965348812927338e-06,2.65561372272377e-05,1.795504671259004e-05,4.0891875405352e-05,0.01632072623481519,0.00044737207576141523
51,0.03940105803222772,1.9617825111374457e-05,0.9138872392562913,0.00037195338244730295,1.8842471539346625e-05,0.0004311967739174141,0.0004661195552476434,6.855927230023627e-05,0.020202724365482472,1.2684974651325758e-05,4.482339519564466e-05,4.168458684177531e-05,0.00040568459059037214,1.149008789873434e-08,0.004955433863239189,0.0002643490442952112,4.241670972764219e-06,0.0003555639666943785,0.0007983230265533388,1.8121539677722903e-06,2.2788527832773935e-05,2.0318369013814203e-05,3.8079458683230536e-05,0.017750181838853994,0.00041670810796206914
52,0.042874965812358265,1.2503115660852854e-05,0.9169804928164037,0.0006696795897423576,2.291039486911285e-05,0.0005170971212866822,0.00034938243364660205,5.91245116469521e-05,0.018203269871436622,1.5745959693722145e-05,4.251939527669332e-05,4.143064437626987e-05,0.0004340468759890163,1.9843967318198e-08,0.0032358436853632366,0.0003061200397155046,4.5412921979955504e-06,0.0005838703346267316,0.0006683044044066783,1.7335583680781915e-06,3.1361384187176084e-05,1.5065246079827856e-05,2.633481468817787e-05,0.014470246236559242,0.000433390617453481
53,0.029244339959236875,1.8410778524243182e-05,0.926609565353791,0.0009329265143509568,3.4923306061001776e-05,0.00038537731134676825,0.0010950842502897144,8.097049167163992e-05,0.017927767984395944,1.7042702544773903e-05,6.039257986412755e-05,5.468028004959033e-05,0.0005006343159455806,1.8252511135485952e-08,0.006275969729626618,0.00044550733002304957,3.772120852398134e-06,0.00027328495859541067,0.00044746371241946207,2.465989577590689e-06,2.6701897906248754e-05,1.615915765303856e-05,5.872352209961654e-05,0.014972185355698662,0.0005156321449649022
54,0.046769404734017736,3.187906502314976e-05,0.9115534703355007,0.0007839605863753942,2.431893570813402e-05,0.0005101272638741723,0.000532983025493382,4.6344417274796614e-05,0.018507604541177603,2.0961972724509866e-05,2.711307925236225e-05,3.269823357283692e-05,0.0003600187390531017,2.0931228831174678e-08,0.006141734420804121,0.0002803628059889313,3.371170100205241e-06,0.0003173598966194309,0.0005623645911902901,1.6798642525226595e-06,1.602165261607427e-05,1.0282320630345707e-05,3.5459055871128654e-05,0.012679021467499567,0.0007514368941512864
55,0.04427844467663864,1.604453878005108e-05,0.908812048552422,0.0009023028580263523,1.3835305018216805e-05,0.00044419467284274525,0.00041475071202861486,7.58957763225316e-05,0.02309424530855273,1.9686360081489617e-05,2.961241411800622e-05,4.866874246906685e-05,0.0006781283596451487,2.152527688292459e-08,0.0035100232954477745,0.00028027528514897845,2.1520245796979634e-06,0.00035832910944412483,0.0005067781936734264,1.445964784432237e-06,2.1945123505810065e-05,1.0393494596756815e-05,8.036994804196813e-05,0.016068436821316822,0.00033197093723727976
56,0.037673585873087057,1.7845754755644555e-05,0.9183100220751805,0.0008241565724392755,2.2462259796906884e-05,0.0005082471666774464,0.0004651157482890454,6.006163854155815e-05,0.018516890030806935,1.5449085061563005e-05,4.370173177610263e-05,3.840203184457198e-05,0.0005206293613458498,1.6105112585813896e-08,0.0043637802169200325,0.00032249616090134837,4.748732865392146e-06,0.0003432441645196668,0.0006388073265785273,2.0424312443049217e-06,2.4726274438752272e-05,1.35647939304454e-05,4.053624637855823e-05,0.01680863120330061,0.00042083701420706334
57,0.03589531033411567,1.908269248903333e-05,0.9198096552408244,0.0008860706679301156,2.4461530928751618e-05,0.00043385434453107366,0.0003858992176268367,6.628032285895625e-05,0.018592694518296128,1.6372516308262073e-05,3.7002474934375284e-05,3.877895965386365e-05,0.00011072747448568907,1.5172432627076243e-08,0.004480587496588517,0.0003295057988157479,2.104210905610114e-06,0.0003731543088594602,0.0006754636905108179,1.0349389577939445e-06,2.6799501522606033e-05,1.6586038337307318e-05,3.948038774441783e-05,0.017434014393940076,0.0003050637664015523
58,0.03874639682069688,1.6946595592047988e-05,0.9157828812733054,0.0007746663328167346,2.043730471072183e-05,0.0005107719036458606,0.00043149724356685,5.514624622846769e-05,0.0187447186050288,1.3939993690282376e-05,4.601985362680469e-05,3.757163722926374e-05,0.000504129359037608,1.4009373888278715e-08,0.0037141323569208347,0.00031123076700432183,3.977063439082743e-06,0.000316486933635962,0.0006695040797984395,1.818876918372767e-06,2.3415869093288386e-05,1.2179201072824116e-05,3.9029305068363314e-05,0.018873141741635645,0.00034994662686336044
59,0.04055197610195562,1.6915856946398167e-05,0.9039823082961661,0.0007507111199522538,3.0842421804148874e-05,0.0004912370330150403,0.0005106615552249705,6.810092473412735e-05,0.01655379989895719,1.3935942397233924e-05,4.616853130093881e-05,4.194136428454655e-05,0.0006689037493794983,2.1385880129566605e-08,0.01689076982184171,0.0003400339386033738,4.536801676419827e-06,0.00031050096727983073,0.000616742750974824,3.039413738380557e-06,2.3212097201405488e-05,3.069060517264477e-05,3.765643290235736e-05,0.017636875987063053,0.00037841700154793065
60,0.037388962260459235,1.7934221379074125e-05,0.9187799303765471,0.0008364567873282477,2.232170719211847e-05,0.0005152116031797676,0.00046263589536693693,6.121232945759147e-05,0.018427439978371016,1.5726235596079526e-05,4.4205568887173176e-05,3.570357579394737e-05,0.00045160165350409637,1.59493653060881e-08,0.004449470691232609,0.00032203326586107556,4.5272113496010444e-06,0.00034671502287527827,0.0006254578941937189,1.943604060587839e-06,2.400903592254962e-05,1.3196119117095047e-05,4.140607219816496e-05,0.016692648774534195,0.0004192341662278339
61,0.04765303237745368,1.726135254854492e-05,0.8939184608015114,0.0007591652252472468,4.726174290538229e-05,0.0005371758613204219,0.0006613829180548857,7.254707234371385e-05,0.018136341619441866,1.523595574075835e-05,4.4324436205484166e-05,4.039429109377389e-05,0.0006725923664699471,2.28175610997667e-08,0.017244689766673243,0.000438120921344777,1.1694864673627031e-05,0.0006208866041234349,0.00065261727981245,3.8387241956071515e-06,2.5192596142253216e-05,3.083053742473466e-05,3.806509107831007e-05,0.017221501062499877,0.0011373637141333067
62,0.037388962260459235,1.7934221379074125e-05,0.9187799303765471,0.0008364567873282477,2.232170719211847e-05,0.0005152116031797676,0.00046263589536693693,6.121232945759147e-05,0.018427439978371016,1.5726235596079526e-05,4.4205568887173176e-05,3.570357579394737e-05,0.00045160165350409637,1.59493653060881e-08,0.004449470691232609,0.00032203326586107556,4.5272113496010444e-06,0.00034671502287527827,0.0006254578941937189,1.943604060587839e-06,2.400903592254962e-05,1.3196119117095047e-05,4.140607219816496e-05,0.016692648774534195,0.0004192341662278339
63,0.038357363237237006,2.1047613000662316e-05,0.9176045717023655,0.0008363036376669078,2.261356342464935e-05,0.0005096088777487754,0.0004638241477409998,5.8378917488719224e-05,0.018605079117214054,1.6785514995548223e-05,4.306099627218785e-05,3.619081610316469e-05,0.00044201631568128064,1.6419055790850076e-08,0.004465465529331183,0.0003083991838900883,4.4541749199555e-06,0.000334192495610058,0.0006673374117786151,1.9841148361212204e-06,2.4060494564308618e-05,1.3130855926166364e-05,4.2005711688018205e-05,0.01669081761776555,0.00043129153369485945
64,0.03444400325142166,1.8228471524731955e-05,0.9212917200734883,0.0008891860877654569,2.105520464929524e-05,0.0005266873872347623,0.0004654678971475677,5.8732088869893655e-05,0.018543725002504566,1.7285952637450883e-05,4.032892810734723e-05,3.875144698828198e-05,0.00047073075007791475,1.629671562707385e-08,0.004389948691177983,0.00032766091070591413,4.8136596676593335e-06,0.0003509971135288564,0.0006201627533632384,2.0741121965520054e-06,3.083101025575508e-05,1.468434087097575e-05,4.456093376666358e-05,0.016946983017905634,0.00044136461742786954
65,0.024680603170407153,2.0083131067125168e-05,0.9456657225129804,0.0010239664776882868,2.1373258665228807e-05,0.0006377627681656556,0.0006772310137449242,7.586030310251819e-05,0.009355906874368842,3.8360377128583095e-05,3.712864456508926e-05,3.1429958322227285e-05,0.0003530279420871294,2.5933799395254996e-08,0.005152268940681267,0.0003628777788682341,4.277955266796538e-06,0.0002900989241651168,0.0005141309413434325,2.591242135277158e-06,3.935599348152085e-05,1.6549912114650868e-05,6.298064624084808e-05,0.01044751227055362,0.0004888730290567555
66,0.03876550090747338,1.3867005888160237e-05,0.9159922742949295,0.0007235828686960872,2.206315934250536e-05,0.0005059353344976376,0.0005015384555512897,7.369008806034933e-05,0.019255388185306553,1.5097728051027722e-05,4.496733741217466e-05,3.817967772014224e-05,0.00040532247832626836,1.4667822439457072e-08,0.004612373612613542,0.00034132035096646053,4.588823251873216e-06,0.0003853926638155713,0.000631791228351435,1.8158710626549514e-06,2.4034032195441927e-05,1.4176113622230671e-05,4.046035928065652e-05,0.017082292226889013,0.0005043325288739739
67,0.02651361051034655,1.588270699150051e-05,0.9307267628137563,0.0013538124771790775,2.766511727431375e-05,0.0019260477404205636,0.0003310729163712571,5.985874905652914e-05,0.010524362274134945,1.9024407134492152e-05,8.519948474113644e-05,3.1477992090934934e-05,0.0008204280539532577,2.8260557652642173e-08,0.0026538907358273707,0.0004037093146902367,1.4490158097782086e-05,0.0004645642345943629,0.00047154775231617285,3.968123875295211e-06,4.9113880514752665e-05,1.2384326074680537e-05,8.799548659418414e-05,0.0227959209152497,0.0006071815681573582
68,0.02622849577513805,1.6834931623075215e-05,0.9417102710302919,0.0008453809309118879,4.679081278998051e-06,0.0003477953484846374,0.0003097822997553701,7.514837766958905e-05,0.012219203743177086,1.6056364406736557e-05,1.982926609261206e-05,3.508692413761221e-05,0.00030809678582169987,1.4010498543786693e-08,0.0008488421838712901,0.00017495157030981826,1.1198588076739333e-06,0.00020202515269614633,0.00039087197632108197,1.3212165257527278e-06,2.6543392659130457e-05,6.1751038893904775e-06,4.1224075277513285e-05,0.01604357108839766,0.0001266795119567267
69,0.024121837939010286,1.7811151769842627e-05,0.9303581221160806,0.0008907340041203103,1.9320193417466726e-05,0.000538094575578777,0.0004328336457993815,6.001710931705148e-05,0.017441020849594095,1.4767880698533316e-05,5.2302165039555144e-05,3.666989679729587e-05,0.0004917520909283022,1.495342615649276e-08,0.004240452478722699,0.00035372963368918153,2.9384556669527344e-06,0.0001749773835599161,0.0006539649229484073,2.3792216131550413e-06,2.6004387371845067e-05,1.304447934532452e-05,5.3127759654217536e-05,0.019818901214792715,0.0001851814910579675
70,0.03800243117040328,1.9063340528326484e-05,0.9042645884450171,0.000831595671867269,2.6674257038879346e-05,0.0012975098814059164,0.00045365391300542895,5.700793127321692e-05,0.026622245796600087,1.5156717023320137e-05,0.00015144485280780217,4.1053967093031756e-05,0.0003814981140238528,1.659710422928593e-08,0.0036938073937702433,0.0002582854708835411,5.240657774212054e-06,0.0003412161535542899,0.004212135735834699,1.792034580251175e-06,0.00010417423611910122,2.602929730170866e-05,4.422085439361391e-05,0.018736000758605306,0.0004131567519910519
71,0.0426356093728095,3.062874491117833e-05,0.9040142055763235,0.0013311287254862247,4.7283184270545614e-05,0.0005071345455761321,0.0007624124485201029,6.53805800335097e-05,0.019259819922699248,2.9251090782390497e-05,4.385076160515105e-05,4.004700705653788e-05,0.00031476462671021143,2.6118317236279362e-08,0.004415495626605683,0.0003841850275189214,7.520273556532547e-06,0.0003682063280725311,0.0006240251375187339,4.752999433341577e-06,2.6501877100188106e-05,1.2259150148671998e-05,9.985440678201104e-05,0.024013011756867552,0.000962644711294342
