,0,1,2,3,4,5,6,7,8,9,10,11,12,13,14,15,16,17,18,19,20,21,22,23,24
0,0.00010489633032093889,0.0006235684491328891,0.006156915043202222,0.7741883973778753,0.010503915412856947,5.085591873477128e-05,9.580243806399983e-05,0.033981821774044095,2.7437005425063124e-05,0.0019486405529073908,0.0002347891592780415,0.002244123648336007,0.0016122729695863627,0.0016186951765434516,4.626781579093498e-06,4.149668332121703e-06,5.388468256289813e-05,0.16128525586737769,0.00010627935077829388,0.0016963295079221127,0.0003404606860187672,2.6397111565608756e-05,0.0013746201856445425,0.00022004125937197285,0.0014958236425398688
1,0.00010561652772641537,0.000874653925651275,0.011675887528254854,0.7737378407439922,0.0036962469095414936,9.720577209630074e-05,0.00010481198023641791,0.04147083867863149,6.103688269855592e-05,0.002900504096336928,0.0001568465831170554,0.0026495678119955574,0.001115275731512614,0.0014003548046535475,2.0788843923912643e-06,2.573610281020887e-06,4.621998372295372e-05,0.1519563741482822,8.63757888527109e-05,0.002760428715528195,0.0005326570442777818,2.710102546182828e-05,0.0012266072424469531,0.00021393175684475212,0.0030989638234644734
2,0.00011509977769662814,0.0009244309695527323,0.009315362966739179,0.7699619972641139,0.003208529176168712,9.555291040555109e-05,8.78007100172151e-05,0.039439555845573813,4.260273038357662e-05,0.0020928467514508705,0.00016269746358748684,0.0028763103810951775,0.001123800731789443,0.0014624909340204746,3.687725279441366e-06,2.4623014764837286e-06,5.8153787385166294e-05,0.157509384106579,5.637031915090223e-05,0.002889261157521309,0.0005977371046064172,3.365359588185169e-05,0.004053635360688185,0.00021135223896709445,0.003675223689869185
3,0.00010284021320500244,0.0008078129224850699,0.00984282519478544,0.7747024638418513,0.0032045764858283027,7.244945010037369e-05,7.535082441853287e-05,0.03774507242286581,4.015522358266337e-05,0.001862283140483472,0.00015287598506068777,0.002741416087463797,0.0010956052995067446,0.0013112569413357205,1.3964307923192503e-06,1.4165948577917348e-06,5.146005733945691e-05,0.15853492367985336,4.3437844276146686e-05,0.0024712640059792405,0.0004442035215236226,2.5748887039027373e-05,0.001778848435604672,0.00021839520511550376,0.0026719213046459624
4,9.910061534382588e-05,0.0008591186721186074,0.010382080181738217,0.7790730389837937,0.0037049796874581826,8.242271308115239e-05,7.815493386996291e-05,0.0343147299203039,3.974248894705906e-05,0.001875350695224402,0.00015483088466038047,0.0027493264626333425,0.0012744891161085945,0.0015117035741331391,1.3815402490830973e-06,1.392998092154716e-06,4.796103028006599e-05,0.15651924962116456,4.0764667756615456e-05,0.002399548528688346,0.0004036035658849484,2.4816265354853953e-05,0.0017937449799153762,0.00021585200010972808,0.002352615873089874
5,0.0010335242386089833,0.004137921407757347,0.008329085568741158,0.7697077018864463,0.002652995062198631,5.7650628659027476e-05,0.0022112392619521,0.03571003659908814,3.216790303919637e-05,0.010058249685684646,0.00018520427618396853,0.0025864065873959425,0.002165271430698804,0.0017068019449268403,9.620641113009826e-07,4.397381213805022e-06,5.84727087644144e-05,0.1463253996590472,4.603184804789001e-05,0.00478044427234362,0.0012254256775068135,0.00030750071196170465,0.0019946267452833582,0.0003354386720090515,0.004347043778329222
6,0.00010284021320500244,0.0008078129224850699,0.00984282519478544,0.7747024638418513,0.0032045764858283027,7.244945010037369e-05,7.535082441853287e-05,0.03774507242286581,4.015522358266337e-05,0.001862283140483472,0.00015287598506068777,0.002741416087463797,0.0010956052995067446,0.0013112569413357205,1.3964307923192503e-06,1.4165948577917348e-06,5.146005733945691e-05,0.15853492367985336,4.3437844276146686e-05,0.0024712640059792405,0.0004442035215236226,2.5748887039027373e-05,0.001778848435604672,0.00021839520511550376,0.0026719213046459624
7,9.954538739534136e-05,0.0013161306616031208,0.011339228522030469,0.7782983002049099,0.0023761695934342002,5.006151282833463e-05,9.978518133799919e-05,0.03584749836365785,4.4272706597851e-05,0.0015154411197033032,0.0002011483861295022,0.0022984981458212656,0.001439061956311908,0.0012035144888674987,1.0299536956105273e-06,7.2984241916916e-07,4.607560355667741e-05,0.15787319602411204,2.911747419638837e-05,0.0024780046853552363,0.00020668827896752026,1.884002724643786e-05,0.0008896867710650166,0.00029269394880985665,0.0020352811599474298
8,0.00018857599782180938,0.0007610094017637076,0.01279559721701114,0.7113640759762171,0.0030369064059600054,2.1617487309697308e-05,9.226559218575352e-05,0.06971361746341144,9.132763218910204e-05,0.001966347645646633,0.00043873559758045576,0.009588419248994067,0.0017527961715344787,0.0016076653032062328,7.749265169447344e-07,1.5691054611796626e-06,0.00013281128828746986,0.1761091468450526,5.160251582494719e-05,0.004510440466502943,0.0003339695297867031,9.441039262144513e-05,0.0015544661117438553,0.00026167872786381273,0.0035301729495063427
9,0.00015082874424853957,0.0007950106033538325,0.00855918808891419,0.752918271355633,0.0027957731144987335,1.475803011287284e-05,8.27705856269624e-05,0.05007623179618282,5.0457543192667083e-05,0.001982991429209225,0.00019701499256307334,0.005309753037823791,0.0010199743508188738,0.001485435350433357,5.601265996175006e-07,1.3231301885067306e-06,8.416569694894162e-05,0.16566267026978404,4.017925873425845e-05,0.004449612764917092,0.00027063278893285604,6.423494539343237e-05,0.0006860883315576668,0.0002163008646641167,0.003085772799667863
10,0.00010284021320500244,0.0008078129224850699,0.00984282519478544,0.7747024638418513,0.0032045764858283027,7.244945010037369e-05,7.535082441853287e-05,0.03774507242286581,4.015522358266337e-05,0.001862283140483472,0.00015287598506068777,0.002741416087463797,0.0010956052995067446,0.0013112569413357205,1.3964307923192503e-06,1.4165948577917348e-06,5.146005733945691e-05,0.15853492367985336,4.3437844276146686e-05,0.0024712640059792405,0.0004442035215236226,2.5748887039027373e-05,0.001778848435604672,0.00021839520511550376,0.0026719213046459624
11,0.00010161556058721319,0.0008297829425014466,0.009914319977509434,0.775410059701496,0.0031942286490253802,7.123767953385853e-05,7.593648583907203e-05,0.03692278079091267,3.945392372231394e-05,0.0018320660799215544,0.00015387407583942895,0.0027261335134536662,0.0011920029191777326,0.001332669194772514,1.3334887310789023e-06,1.3462252656725581e-06,5.124702538512161e-05,0.15864012665586358,4.08240756571748e-05,0.0024853578429631863,0.00041369887062092333,2.511273412364511e-05,0.0017658304568680596,0.00022330435876560868,0.0025556567714636914
12,9.896033969332619e-05,0.0008082396876300312,0.010881902272447746,0.763373606597885,0.006405770513915749,0.00021652256418312461,9.389203346649099e-05,0.05294148082250803,3.6508423720842616e-05,0.00179185416356067,0.0001315929153940997,0.0026566331005198245,0.0009347162520116725,0.0009136721286255625,3.0874838959923276e-07,1.3274990152931646e-06,5.5156462657463805e-05,0.14214065927923866,2.0786190502794414e-05,0.0034179540836805082,0.00044693726809024955,3.162443571506973e-05,0.011563954847461644,0.0002208487628311245,0.0008150906068552824
13,0.00011800812455383182,0.000776699907154747,0.011639748195509232,0.770060580241698,0.0045325843402487,8.71403350193084e-05,7.536916903720505e-05,0.039166707819367416,4.183656124940842e-05,0.0014000609223062998,0.00024428333703032263,0.003906415985077464,0.001069820886150155,0.0012751396864764972,3.0380770492784242e-06,1.2220676628524581e-06,6.172195482385876e-05,0.15727356137622342,7.000507817875864e-05,0.00264851085051546,0.0006682954641263496,2.7967655019226828e-05,0.001735791327662227,0.0001914448840355114,0.0029240457538244414
14,0.0002019543067876009,0.000744529869031634,0.012913116268469818,0.7581467120845177,0.0028148880873501182,6.587617988825736e-05,7.433661129712848e-05,0.050400543117268916,3.3689437900808695e-05,0.001035575697520636,0.00014395895162008505,0.0066743214541956355,0.0006422450310580644,0.001436141588075584,8.429611590486443e-07,1.4678331748879955e-06,8.050754131546387e-05,0.1586091025589643,4.490971863758217e-05,0.0026825964623500512,0.00040700267190069296,3.0422580290518224e-05,0.0010603466206505622,0.0001790640847320371,0.0015758482818429506
15,0.00010284021320500244,0.0008078129224850699,0.00984282519478544,0.7747024638418513,0.0032045764858283027,7.244945010037369e-05,7.535082441853287e-05,0.03774507242286581,4.015522358266337e-05,0.001862283140483472,0.00015287598506068777,0.002741416087463797,0.0010956052995067446,0.0013112569413357205,1.3964307923192503e-06,1.4165948577917348e-06,5.146005733945691e-05,0.15853492367985336,4.3437844276146686e-05,0.0024712640059792405,0.0004442035215236226,2.5748887039027373e-05,0.001778848435604672,0.00021839520511550376,0.0026719213046459624
16,9.407342128541587e-05,0.0006920143944311565,0.008158587973771874,0.7719551810015663,0.002282531170009229,6.323580575436037e-05,6.521123747755854e-05,0.037350755827371886,3.3523392695481056e-05,0.002457390782888785,0.00013318311856556363,0.0025477931780833437,0.0017076757678795036,0.0014237361447539247,8.093065196753551e-07,1.6410709784435088e-06,4.925615996544778e-05,0.1623501091230436,3.885604019554618e-05,0.003497768228771292,0.0007360589642067649,2.521067301249534e-05,0.001869437509322527,0.00019198922366701215,0.002273970483782742
17,0.00012590511772770274,0.0005612701658577644,0.01336250654790129,0.7616227936698806,0.0025992700241090684,4.5360176490440554e-05,7.810477298401535e-05,0.04989204562161687,7.581515702450004e-05,0.001596493495480888,0.00017750516833413548,0.0031794974823035234,0.0012153095961116144,0.0012617912948565562,4.4698002742925336e-07,1.3159521946023133e-06,6.104885253410388e-05,0.15561018986919087,3.432396514048134e-05,0.0041807300868512975,0.0003260523956397248,3.252066344429182e-05,0.0018125357513668328,0.0002432655485863081,0.0019039016443449983
18,0.0001418193374073465,0.0008969208483187271,0.009286596255966693,0.757154372975951,0.002242219914709796,3.2142952047496474e-05,6.374156780056102e-05,0.03864937544679706,2.867400681638508e-05,0.0016600449628409132,0.00011818479470117289,0.0035011446501163777,0.0011588608083358085,0.0012663836183165972,8.766558668734724e-07,1.0691458212359414e-06,7.945658819402978e-05,0.17407409466020135,3.192083195284294e-05,0.0024677315002140164,0.00043651197499116397,3.3202470296004436e-05,0.0019507895836305578,0.00027681965182602754,0.004447044796879912
19,0.0008006329863022798,0.0008201406485973915,0.001706633342965465,0.7455054114688936,0.0035124460686974434,6.757315029492166e-05,0.00022487896426579956,0.07853920701103972,2.3615312893219133e-05,0.0020894564200294773,0.0002552662861465896,0.001910346797038514,0.00038586080467145254,0.0008791096803248685,1.0234586798597585e-06,5.526510288801252e-06,0.00012207083392502314,0.15475155783187175,6.823427418828393e-05,0.004095489700986474,0.0005031629512491225,5.5637180909726865e-05,0.000944863060211789,0.0004082569857227424,0.002323598269805784
20,8.746907991845191e-05,0.0009246441324828673,0.008877144297899976,0.7688716178748561,0.003865274323568299,5.4645726914558816e-05,7.241865751599897e-05,0.04252381727694457,3.83914912182635e-05,0.0021959583421929047,0.00012795857964066797,0.002649923216773494,0.0010751006076921389,0.0013411045825597336,2.0644717997277874e-06,1.3403348897600445e-06,6.108540569462357e-05,0.1585432230019089,5.581746755202807e-05,0.003232864399340466,0.0005809534187827231,3.3664054844261506e-05,0.0018517550871355681,0.00021862310098467923,0.00271314106688904
21,0.00010290768264871381,0.0007185398922908766,0.01018831902204901,0.7427329162211993,0.002742826302602479,8.21369693537494e-05,7.160246563898167e-05,0.07233070592098664,4.538384631024777e-05,0.002103657981350139,0.00015368056025801818,0.0023279381692317184,0.0005975843913678442,0.0009040695581625646,8.079521183952543e-07,1.987700019741072e-06,6.126723851750902e-05,0.1575764373279281,3.711596811141581e-05,0.0021109322409006395,0.0004209300470798233,2.9751796482026953e-05,0.0022409293144506036,0.0002359250051544778,0.0021816464257872485
22,5.4023258255434766e-05,0.0007869024732225221,0.009210064241500443,0.7774516294158091,0.0031844240663324664,0.00011282201400384078,6.613136267153298e-05,0.02887402895690117,0.00010558413130997129,0.0018593113322338383,0.00012641094332992858,0.001038013686279566,0.0019372860370670687,0.0013353678923049323,1.3617977687906318e-06,1.481434518958523e-06,2.274373930947075e-05,0.1662746683661356,3.98763997594636e-05,0.0021356177892025412,0.0006359248763455629,1.5925392562182594e-05,0.0022480917531494935,0.00020119926345966554,0.0022811093765666124
23,0.00010284021320500244,0.0008078129224850699,0.00984282519478544,0.7747024638418513,0.0032045764858283027,7.244945010037369e-05,7.535082441853287e-05,0.03774507242286581,4.015522358266337e-05,0.001862283140483472,0.00015287598506068777,0.002741416087463797,0.0010956052995067446,0.0013112569413357205,1.3964307923192503e-06,1.4165948577917348e-06,5.146005733945691e-05,0.15853492367985336,4.3437844276146686e-05,0.0024712640059792405,0.0004442035215236226,2.5748887039027373e-05,0.001778848435604672,0.00021839520511550376,0.0026719213046459624
24,9.695345715404195e-05,0.0007313473842576194,0.009643145727622001,0.7391867488613822,0.002935837945605236,5.105098614531807e-05,8.654087702591948e-05,0.06014443865411077,3.824973384516946e-05,0.0019993616827671556,0.00012793495555206918,0.0029612303221253876,0.001221670724365357,0.0012976038588145677,5.223276256263352e-07,1.2599303312481828e-06,5.888871623305019e-05,0.17013388772012072,3.1844246619313325e-05,0.005772544691948619,0.0003428227080108839,2.7929294490005915e-05,0.0012284723503063989,0.00023129640999484363,0.0016484164335461115
25,0.0002695100892279781,0.001598487466602713,0.03468580875393903,0.7444884152118635,0.0077955297014328006,5.399581633729205e-05,0.0001465882838190735,0.01509261705217693,0.0005207395674047876,0.004850797839409551,0.00016391938743455056,0.0035029301202363244,0.002504608429272018,0.01763689276498591,9.717959149079979e-07,8.535392481218797e-06,3.4842129517085915e-05,0.1588631747790077,7.226729119644841e-05,0.0032776312683462866,0.000426078430078671,0.00014797038821611521,0.0014485103400705451,0.00025679747996667666,0.002152380221061596
26,0.0001480050344209641,0.0008192068853897793,0.011871757273947,0.7580401948736499,0.002598252460926159,3.933785705587858e-05,7.090082593619444e-05,0.041613987793806054,3.803100575029965e-05,0.0015123824074605185,0.00015200518164841845,0.0028729321694296655,0.0009104765291402338,0.0016889070886329488,9.743719761351796e-07,8.601543762288196e-07,8.031327159194117e-05,0.1703120040949748,2.5967432616007898e-05,0.0021266387678386066,0.00029379591902233953,2.3567871076428788e-05,0.001501122693645393,0.0004171659377148513,0.0028412120979727493
27,0.00010752697053067338,0.000979432119226414,0.009395181648696745,0.7824352048725234,0.003149012047054435,9.913984010502121e-05,8.08171974470755e-05,0.026231928880935205,4.082580696893368e-05,0.0026296462678316417,0.00016423831428629177,0.002755525101160101,0.0011540397245060235,0.0012732436983580316,2.882216444814412e-06,1.913739814587539e-06,5.0850990135949944e-05,0.15982763462605262,5.98710256771112e-05,0.0025039376201294174,0.0005517644693594412,2.8468749540807597e-05,0.001783278493631622,0.00022669730724842244,0.004466938272335117
28,0.00010284021320500244,0.0008078129224850699,0.00984282519478544,0.7747024638418513,0.0032045764858283027,7.244945010037369e-05,7.535082441853287e-05,0.03774507242286581,4.015522358266337e-05,0.001862283140483472,0.00015287598506068777,0.002741416087463797,0.0010956052995067446,0.0013112569413357205,1.3964307923192503e-06,1.4165948577917348e-06,5.146005733945691e-05,0.15853492367985336,4.3437844276146686e-05,0.0024712640059792405,0.0004442035215236226,2.5748887039027373e-05,0.001778848435604672,0.00021839520511550376,0.0026719213046459624
29,0.00010284021320500244,0.0008078129224850699,0.00984282519478544,0.7747024638418513,0.0032045764858283027,7.244945010037369e-05,7.535082441853287e-05,0.03774507242286581,4.015522358266337e-05,0.001862283140483472,0.00015287598506068777,0.002741416087463797,0.0010956052995067446,0.0013112569413357205,1.3964307923192503e-06,1.4165948577917348e-06,5.146005733945691e-05,0.15853492367985336,4.3437844276146686e-05,0.0024712640059792405,0.0004442035215236226,2.5748887039027373e-05,0.001778848435604672,0.00021839520511550376,0.0026719213046459624
30,0.00010284021320500244,0.0008078129224850699,0.00984282519478544,0.7747024638418513,0.0032045764858283027,7.244945010037369e-05,7.535082441853287e-05,0.03774507242286581,4.015522358266337e-05,0.001862283140483472,0.00015287598506068777,0.002741416087463797,0.0010956052995067446,0.0013112569413357205,1.3964307923192503e-06,1.4165948577917348e-06,5.146005733945691e-05,0.15853492367985336,4.3437844276146686e-05,0.0024712640059792405,0.0004442035215236226,2.5748887039027373e-05,0.001778848435604672,0.00021839520511550376,0.0026719213046459624
31,8.448175846988909e-05,0.0007473674162653032,0.010028359754936442,0.7806601252661526,0.0028752291698118286,2.0723079994223317e-05,5.754285009671575e-05,0.03853028073147477,2.907063581055693e-05,0.0015864756287548318,8.37741754338821e-05,0.0022950791587000455,0.0012149807802452706,0.0011127731932477328,3.9852794145575206e-07,6.725867577960271e-07,4.733225574127283e-05,0.15487445733492658,2.714855850581126e-05,0.0023102562574731497,0.0002776118668612553,1.9044441956184756e-05,0.0007881713922384044,0.00025715700818724287,0.0020714861700166422
32,0.00010771404512803262,0.0008505519869583479,0.010055758389587973,0.7725295791953605,0.0033631095765983806,7.604453471247298e-05,7.907356430236451e-05,0.03920498094066557,4.362378804361144e-05,0.002018686510599867,0.0001548174097336311,0.002810372642236861,0.0010858150100070728,0.0013472677180015721,1.7002654364294608e-06,1.602818940746721e-06,5.329037223210636e-05,0.15821342341300157,5.419169970461649e-05,0.002524235772143755,0.0004989557171214206,2.7902477176725916e-05,0.0017701111502071507,0.00021705995290818554,0.0029101310491908877
33,0.00010531693001091816,0.0012201262794540064,0.009013531168301133,0.7808018255329198,0.004829019655112743,8.100753966348365e-05,5.9003202646569864e-05,0.03790765825005815,3.066265111364817e-05,0.001946185722851145,0.00014171117639265568,0.0030483231390957717,0.0013016046213459897,0.0017350844372762807,1.1901460647837402e-06,1.3073189807484646e-06,6.132484308772866e-05,0.14991285675537575,4.385130871831237e-05,0.0024654849528636734,0.00041050132593256795,3.663716903997784e-05,0.0031331481872773777,0.00021484615739123108,0.0014977915290257224
34,8.681778425489436e-05,0.001539997508077007,0.005454234556296579,0.7806650262866551,0.0036767646885472838,8.958962240248358e-05,0.00015397331997446897,0.03146867362247392,1.4042973368763704e-05,0.0036610117292125875,0.00014901938485264817,0.0023238716087365867,0.0012199973483122944,0.0014768405904710652,7.641196758263677e-06,2.7446895802406887e-06,4.763571537368495e-05,0.15511538433499159,0.0002307679819471834,0.002529222425995183,0.0005653251012449846,2.4063475951638832e-05,0.0005912830717500688,0.00021637014820949472,0.008689700834561567
35,4.875455654442107e-05,0.0007817120343510715,0.014880399198331125,0.8009727155057889,0.003808475779930616,4.0400291939371284e-05,8.64547057708889e-05,0.01647435800563522,3.106891241276709e-05,0.0023057491607725886,0.00018948193344013557,0.0026720646086192314,0.0012615705565197197,0.002177004428779812,5.362877671347834e-07,1.5205651310344286e-06,2.059523221593049e-05,0.14614696767749338,4.294541090599547e-05,0.002689962876559528,0.00042337317510855163,1.7113060013126125e-05,0.0006273312094801816,0.0001302229862864624,0.004169221840202678
36,0.00010484718546150861,0.0009631873360269344,0.007317527163627551,0.7892626682844113,0.006013634009571706,2.0919250734911407e-05,8.507072390022909e-05,0.03149477588161513,3.710949713911186e-05,0.0021887208195706027,0.00014144757197336326,0.0017875978182241318,0.001014852460897924,0.0012690149219948255,2.3770352349643957e-06,1.5399276247473053e-06,5.441804364738314e-05,0.14813597745854454,0.00010812893984121593,0.002530390555991659,0.0005271860619196334,2.644699093642007e-05,0.001011967483887817,0.0002560052677437727,0.005644189309478059
37,0.00013069078706321103,0.0009005499329998845,0.009804680589236546,0.7657408893858905,0.0029664768261857643,5.6518485035774264e-05,7.751172691326134e-05,0.04155254637030878,3.9421289728331754e-05,0.0014548367748022433,0.00016825484160416356,0.0025694973739324115,0.0010439724692445681,0.001417229673847214,9.527478368362178e-07,1.3585749419325162e-06,5.286223142927758e-05,0.1636293799407491,3.8671595811195746e-05,0.002504741305241835,0.00036419065823312097,2.502017520983279e-05,0.0020729015656192552,0.00022991378517872474,0.0031569308929564914
38,0.00019199323433871255,0.0008825518794915036,0.011056133790900573,0.7453738185244368,0.0032976857471299537,0.00046149957693067476,0.00014846847670532497,0.039394323172416694,5.2565564056895324e-05,0.0026111338932016635,0.0003620789199840191,0.00359035743250263,0.0011794582577540434,0.0018077231367720906,5.377928429408111e-06,7.35571047487815e-06,5.8050838355886965e-05,0.17529679812398224,7.81712787775874e-05,0.0031386634299320182,0.0008278758500345961,3.654619562248101e-05,0.006873037561459795,0.00023971497873515106,0.0030286164975738324
39,0.00011894850110471793,0.0006334986426732946,0.010603210127902178,0.7851907876180383,0.0032372663112315873,9.583937239789578e-05,8.097795010947564e-05,0.027181793078453826,4.997000377601102e-05,0.0020417302845164,0.00017682180599014178,0.002324739818308762,0.0020662955396820314,0.0016837667446907663,1.0583894397481548e-06,2.475193174651551e-06,5.599363045520996e-05,0.1566031083291664,5.1307826883650806e-05,0.0023510602711432696,0.000862131777114594,3.476836431312523e-05,0.0017617991339864683,0.0002908564708524689,0.0024997948145952524
40,9.504260582380436e-05,0.001561617357928187,0.007084981146108855,0.7616784524496407,0.004705678490576036,0.00023181280476462638,7.934490809030226e-05,0.038455969766045595,3.44585572179099e-05,0.0019790262215230296,0.00021101810638719437,0.0017597959116471464,0.0009775810938348868,0.0010330344390456657,4.411666672513399e-06,2.3474195155830898e-06,4.442175748066395e-05,0.16806265033341083,8.668323497584654e-05,0.002768829334888452,0.0007699396689349661,2.239595601787505e-05,0.0028897995936044223,0.00021956481438609594,0.005241142361478867
41,0.00016375278300848634,0.001379270606130788,0.0011664785536898612,0.7786866255230964,0.007432676685429731,6.052653026074149e-05,9.795437352587861e-05,0.05750095385107001,1.7313274224105177e-06,0.003922337956604689,0.0001763871119542371,0.008883872937287913,0.0010355012161365291,0.0011834072105275254,4.249253301183499e-06,1.6291191807555632e-06,0.0002275283402792303,0.12901122956755767,5.704031777932551e-05,0.003328500562215989,0.0005008311571343873,4.970496715958539e-05,0.0007557429862307928,0.0002481225888418374,0.004123944474173959
42,8.178433332072747e-05,0.0009539960043139635,0.00986059764961526,0.8020931497372793,0.003846112538094271,7.39228010499618e-05,7.02917412995536e-05,0.00538124678075026,2.4391012944763765e-05,0.0027257159992407024,0.00016688269622817782,0.002248598047508812,0.0029047543431973393,0.0015237479725798587,4.798403009646282e-06,3.281311784176797e-06,2.5996912097470756e-05,0.15952947970851653,0.00013980730633445675,0.0009006840165762555,0.0011194650998144007,1.292891818367292e-05,0.002456794268697187,0.00020663693272817752,0.003644935464835218
43,0.00010610679804966878,0.000702097544188961,0.010932609514120822,0.7714254244348272,0.004325841049798854,0.0001346316384394245,6.494313368729176e-05,0.03585610446759751,3.8767271214008246e-05,0.0049412402947670315,0.00014361039279233196,0.00293623903305484,0.0009507130154114002,0.0011223223837228255,2.0456349222148654e-06,2.954572618759832e-06,5.080389745736028e-05,0.15778171545183786,6.827381132140812e-05,0.002509164792351714,0.0011908351061474256,2.624468250660852e-05,0.0022774056322828013,0.0002136272072741156,0.0021962782396073755
44,0.00010284021320500244,0.0008078129224850699,0.00984282519478544,0.7747024638418513,0.0032045764858283027,7.244945010037369e-05,7.535082441853287e-05,0.03774507242286581,4.015522358266337e-05,0.001862283140483472,0.00015287598506068777,0.002741416087463797,0.0010956052995067446,0.0013112569413357205,1.3964307923192503e-06,1.4165948577917348e-06,5.146005733945691e-05,0.15853492367985336,4.3437844276146686e-05,0.0024712640059792405,0.0004442035215236226,2.5748887039027373e-05,0.001778848435604672,0.00021839520511550376,0.0026719213046459624
45,0.00010612830780489893,0.0008873017953283757,0.009509420281166817,0.7795203410350875,0.0038976369298865236,7.410366027316061e-05,9.482887874510093e-05,0.0323628884041756,3.8712847842969434e-05,0.0019606680982281973,0.00016051768306448222,0.002759830301213309,0.0009365172878609558,0.0013162595432521717,2.1958946608073708e-06,1.7197287142278142e-06,5.22975488861188e-05,0.15876376148808904,5.606633020065184e-05,0.0023409068829483687,0.000440685524569389,2.669095509080779e-05,0.0018223227722021394,0.00023459645282446602,0.002633601367883933
46,4.474091296469288e-05,0.0009269786161406478,0.014826214828768508,0.7926620721614189,0.005387446045942883,0.0001717528938424608,0.0001677989541677742,0.010412190372002257,0.00029963328908445965,0.0028472900240274117,0.00023751095734492598,0.0007081041767657745,0.0011473754756272582,0.004116623479792006,1.5451709890644763e-06,5.036634162879078e-06,4.068230559840359e-06,0.15854885884475794,7.291084437551274e-05,0.0024490074138908057,0.0004303363899835225,1.2025745183850945e-05,0.0017210860340203637,8.773477471693357e-05,0.0027116577294692633
47,0.0002071478043323303,0.0011799378100963824,0.010600668337131004,0.7447875305454713,0.0027633206795951697,0.00012810783404517355,8.149651303935806e-05,0.03813124577680217,3.8882521810992756e-05,0.0021212713102497878,0.00021590750326975952,0.003778094590390125,0.001037682727877359,0.0012400253870245505,2.5416881050631494e-06,3.00684660104508e-06,7.908249261752861e-05,0.1818788411976455,7.229894830951218e-05,0.001993547731293578,0.0007419473648414967,3.9067700381673987e-05,0.0030027101017924035,0.000253310676711126,0.005622325910565939
48,0.00010701824190550012,0.0015762086195832204,0.007589596740128919,0.7741813358678425,0.0032826062599938042,2.212854124758789e-05,7.512364521527512e-05,0.03811614901027711,3.5638286794715966e-05,0.0028404794594290316,9.86487542808323e-05,0.0025933857202514905,0.0010803900747692453,0.0012506525227761569,2.5479372674967433e-06,1.660253076429954e-06,8.840074541878889e-05,0.1580831430059507,0.00011435502066780572,0.0025276230887907726,0.0005315371594575437,4.092702235868368e-05,0.002613821499874118,0.00026284695172322373,0.0028837755709188034
49,0.00010358351713429668,0.000652714573682094,0.010693113477672885,0.7672598975580314,0.004115766021952373,0.00013287156939711294,6.495814928497415e-05,0.037268530401346624,3.857173114518852e-05,0.0016956730092715572,0.00018438123794165353,0.003336890510963729,0.0011223022374735711,0.0014959692611625371,1.3577571604172857e-06,1.618683688590995e-06,5.32358062881933e-05,0.16427610204351276,4.221806443473182e-05,0.0025513578334481857,0.0005000978440416183,2.8229145310767817e-05,0.0020185152841837887,0.00018962902775285527,0.002172415253718213
50,0.00010236854768856912,0.0011444535092322823,0.009733593447387048,0.7856989895202159,0.0030524076883538614,6.789150883284597e-05,0.0001322684283052651,0.038181704477435206,4.2448549274780916e-05,0.004231399194370381,0.0001238571535281603,0.0025435347433031587,0.0008848263671621941,0.0011924749167478955,1.4560529117527612e-06,2.903529103443197e-06,4.660229455426408e-05,0.14488565266709463,9.16156945882989e-05,0.002634676694820208,0.00043411054024034777,2.843630405629116e-05,0.0013682408866623386,0.00021889624637350891,0.003155191037757311
51,0.0004057154741107531,0.0012866791348624667,0.0479497395062089,0.6810112368777793,0.003255565041106888,0.0002009319076917115,0.0003002439190524894,0.06750284107132327,0.00025875042533821504,0.0034555635864031457,0.00024261625484751144,0.008194074197503757,0.0028824450308849825,0.0025610571258979065,6.709078789485236e-07,1.5333574384950224e-05,0.00014233120719654607,0.16017726578361735,6.130200058339736e-05,0.013882510378760194,0.0007790907089409017,7.831945975234272e-05,0.002016950838410347,0.0005979594362182997,0.0027408061512453254
52,6.250157430764372e-05,0.0007434206503046466,0.012528131226247533,0.7673587094063804,0.003078830209210201,2.7332300112823246e-05,5.953117686415695e-05,0.05577220191957277,3.48437291269362e-05,0.0017767369671796796,7.545825708358246e-05,0.002859565716537373,0.0006831638082688566,0.0012336090795678817,1.3473378132734388e-06,1.3852915929858365e-06,5.664177823542926e-05,0.1468983381927247,4.47789808193615e-05,0.001567386475379199,0.00045356675477266806,1.9350683253193596e-05,0.0020651411448825235,0.00016436608909688391,0.0024336612506653883
53,0.00012370188317617958,0.000780239946011048,0.009580035266487201,0.774822625114158,0.0013596182314254384,0.00012564571648903796,0.00013952743897452984,0.040557076741674386,5.528610378481901e-05,0.0016459726276533968,0.0002566660944057899,0.00201682236261581,0.001068840046699535,0.0013461238752187931,2.547156621829792e-06,2.5779750721252257e-06,4.62576594277426e-05,0.1560870121425727,3.4955081263043224e-05,0.0023478755928842327,0.00035244867332239545,2.4138914493500167e-05,0.003956130038637142,0.00026855755977581576,0.0029993177571549573
54,8.16235249492361e-05,0.0009593465850362246,0.008512732109344643,0.761999424836973,0.00221627528608258,0.00011185189650127275,5.362417767006568e-05,0.044439814163725826,3.349170947061418e-05,0.002346548946885844,0.00015403702109123175,0.0025257709778106104,0.0011463966093233067,0.0015801063510194086,2.086539157500399e-06,2.9150591169160087e-06,5.5786073394876254e-05,0.1623241199249732,4.66545168717185e-05,0.0025229081108913646,0.0003497823656955279,2.0838728677085803e-05,0.001967922845488391,0.0002017862779776889,0.006344155361871758
55,7.148929674138235e-05,0.0007607908641682646,0.007680580195016397,0.7690633094765505,0.004294034491047549,0.00011479988685792494,6.881982172552293e-05,0.041034428674095784,3.50678737769985e-05,0.002129974291391256,0.0001343303056412129,0.0018468114056522079,0.0011731044604339797,0.0012962406312702888,1.7810986002434766e-06,2.1537883954371287e-06,4.694042930220353e-05,0.1620454507476527,5.689487790307233e-05,0.0025989569680962294,0.0005015581357413669,3.229586993136315e-05,0.0024631626415330937,0.00017505382353795993,0.0023719699449370668
56,0.00010126120073996056,0.0008511344818515813,0.010022272490685097,0.7761068229529648,0.0032662185788290233,6.995343555410647e-05,7.655024612648754e-05,0.036795072878095164,4.0233428482237754e-05,0.001838100060685121,0.0001539392574726549,0.0027070306765619866,0.0012060815687275361,0.0013398653838871846,1.3499870226752544e-06,1.3291523654719096e-06,5.129644501924736e-05,0.1579801825642151,4.1732425798181334e-05,0.0024856087981949197,0.000409007227338008,2.4974226891569963e-05,0.0017027329449909665,0.0002255273412320713,0.0025017222462687862
57,9.665964745832357e-05,0.0007459732532883529,0.012586268409047204,0.7669105000165023,0.006783209860544829,6.228168614120398e-05,5.9194434660753987e-05,0.043788199208116795,4.396825358234626e-05,0.0026383889944059853,0.00011952290365271658,0.004230622153789137,0.0012904721847556968,0.0014970323413257517,1.4525313535308448e-06,1.6825972592356318e-06,6.854174474635785e-05,0.15173763853698424,8.96467519918637e-05,0.0026475813761491123,0.0006747861815340596,3.453586398808702e-05,0.0008435140434310831,0.0001967589949816049,0.002851568030309421
58,0.00010520604218555784,0.0008650445315878262,0.01008419339018658,0.7707988000327742,0.0032699514661407446,6.487865280960836e-05,7.534733572178545e-05,0.038920136078332356,3.968085041527703e-05,0.0018674530309013104,0.00015019515473605832,0.0027081114704482585,0.0011475781274286438,0.001243164046665824,1.3999782485143864e-06,1.2972675261001275e-06,5.721628250513445e-05,0.16092229587433374,4.005836421823909e-05,0.002436729435017504,0.00043202403172171297,2.6054979779808197e-05,0.0018659063381623849,0.00025407134835946045,0.0026232058897933098
59,0.00010907796022098265,0.0007925222775169202,0.010973219578448701,0.7682985174173373,0.003188517024279426,5.9884460179064435e-05,7.629462521194858e-05,0.03954090058081262,3.976446747958842e-05,0.0017376641968820056,0.00014935808638490898,0.0027455807890287547,0.0011359688558823047,0.001194938366681669,1.2674212875399276e-06,1.269159137366449e-06,5.675876675873585e-05,0.16225186609961015,3.5732582604846226e-05,0.00255956768188203,0.000413369376149227,2.4195046633988224e-05,0.0016882273158829247,0.00027398936814131337,0.0026515484955660262
60,0.00010284021320500244,0.0008078129224850699,0.00984282519478544,0.7747024638418513,0.0032045764858283027,7.244945010037369e-05,7.535082441853287e-05,0.03774507242286581,4.015522358266337e-05,0.001862283140483472,0.00015287598506068777,0.002741416087463797,0.0010956052995067446,0.0013112569413357205,1.3964307923192503e-06,1.4165948577917348e-06,5.146005733945691e-05,0.15853492367985336,4.3437844276146686e-05,0.0024712640059792405,0.0004442035215236226,2.5748887039027373e-05,0.001778848435604672,0.00021839520511550376,0.0026719213046459624
61,0.0001072626166188133,0.0008236671275144849,0.01132768694115341,0.7691253204918559,0.0034223637884308843,6.548006950024612e-05,7.570425201852078e-05,0.039458808517363574,4.162938119724416e-05,0.0017196932708673826,0.0001567017979988861,0.0028637418509614935,0.0011587147905728673,0.0012526253355617076,1.341680027786321e-06,1.2678893264814296e-06,5.648622102525506e-05,0.1607596978072274,3.8806020320935365e-05,0.0025900462845685223,0.00042306033713973427,2.4958640251913478e-05,0.0015645384272554496,0.0002581693967921776,0.00268222706444892
62,0.00010284021320500244,0.0008078129224850699,0.00984282519478544,0.7747024638418513,0.0032045764858283027,7.244945010037369e-05,7.535082441853287e-05,0.03774507242286581,4.015522358266337e-05,0.001862283140483472,0.00015287598506068777,0.002741416087463797,0.0010956052995067446,0.0013112569413357205,1.3964307923192503e-06,1.4165948577917348e-06,5.146005733945691e-05,0.15853492367985336,4.3437844276146686e-05,0.0024712640059792405,0.0004442035215236226,2.5748887039027373e-05,0.001778848435604672,0.00021839520511550376,0.0026719213046459624
63,0.00010531470115488468,0.0009561240576062354,0.009877586755616093,0.7732014421139499,0.0030993659451153083,7.289672122795992e-05,7.741030713790944e-05,0.037816154061498075,4.1984253502811255e-05,0.0019180803851326458,0.0001588496450161894,0.0026377949791647737,0.0011481516973683543,0.0012963902193667213,1.4864888190627817e-06,1.3315635757091849e-06,5.305178559798191e-05,0.1598106623506993,4.338457994443487e-05,0.0024994763279801912,0.0004259634059809231,2.6629472100727965e-05,0.0017243599372116693,0.00023426322991003886,0.002771845015322148
64,0.00010085749357793953,0.0007431422550550795,0.009220735788204298,0.7731791973529054,0.003191675886899781,7.354297631106591e-05,6.96476022125421e-05,0.03881699145345873,3.787903954186585e-05,0.0018795663583016614,0.0001548248251606274,0.0027978225585057522,0.0009561971975846102,0.001247465953450408,1.4783857187576008e-06,1.4835992606757853e-06,5.503008564892282e-05,0.15957654157156084,4.6931164103150646e-05,0.002335838609359194,0.0006570590423976258,2.5829924421486397e-05,0.0018663014545003648,0.00021398272223383175,0.002749976699625392
65,7.140582288452816e-05,0.001035054022718092,0.006319340895814822,0.7909489582310849,0.0032758410536250044,3.5873589997085164e-05,4.797193467252662e-05,0.02634532927726691,1.3567440558567672e-05,0.0020475063564354694,0.00013988166170501192,0.004747012544402747,0.0013908515057846399,0.0013547265932455101,2.4255744360761937e-06,1.3705255095507393e-06,3.930127525464009e-05,0.1540813699723325,5.12505437715093e-05,0.0023608048621091226,0.00038591812820827235,2.425547723969622e-05,0.0013742783947603917,0.00012114528159705219,0.0037845590345855036
66,7.74070520415373e-05,0.0006453139650980455,0.010221340216099493,0.7781877553431409,0.0032261270493558324,7.034083659289965e-05,8.948476014238022e-05,0.0378736907620236,4.944744092111684e-05,0.0021549944747144096,0.00012572658075142755,0.0024138725235397077,0.0012803137551405219,0.0013708964546830507,8.164310916285958e-07,2.2810562044764603e-06,3.285371104352308e-05,0.15647555318391856,6.968418581824032e-05,0.0021139562297354197,0.00035659479140605696,2.15605667668621e-05,0.0008593855840444625,0.0001578498093130494,0.002122753236412415
67,9.978553206446484e-05,0.00044027899764223955,0.009236276043372106,0.752552906914813,0.0023383350600890067,4.039594625655044e-05,7.46059992720015e-05,0.052251477528616475,5.5815274722909345e-05,0.001057568324291088,0.00013007283644458114,0.002120004352501339,0.0011046082247496388,0.0016287118729492664,9.576667897255545e-07,2.5775760549866683e-06,6.331173748403203e-05,0.16355488064555915,2.5271417073356096e-05,0.0018239014776327475,0.00031598491535206775,2.8221213725003823e-05,0.009094423365755736,0.0002544308211157415,0.001705196255672331
68,7.530826465830581e-05,0.0007222281516088738,0.015294355795341288,0.7922227287403557,0.0023896848252319943,4.1468154088011085e-05,8.326394290320914e-05,0.03788713439289376,6.467896202735558e-05,0.0016073853896453505,0.00011163182488946301,0.00209456700551758,0.0011852993417572654,0.0013796383869580332,5.96895090663166e-07,1.1613409879292597e-06,3.305453187788361e-05,0.13430571214334763,2.8976509222036437e-05,0.0015462659295872984,0.00059894742721432,2.2720005951747703e-05,0.006077822202041375,0.00018422662093498698,0.0020411432158676593
69,8.636062321411637e-05,0.0006893966588817757,0.00893750207306632,0.7744421399492193,0.0022064107420798167,0.0001685274181688155,7.287845794768902e-05,0.03725870434529614,3.0418009172303358e-05,0.0017971236076529504,0.00014356841352111406,0.0018511253727650579,0.0010505181065963564,0.0014698105846390052,1.05783097514433e-06,1.2973617099635705e-06,4.339412936604458e-05,0.16279350289440078,3.2413212796348274e-05,0.0020618012239306464,0.0003949743439514212,1.4061256248947728e-05,0.0014652863315242266,0.0002402980468740582,0.002747429006001261
70,0.00010239080426275896,0.0007950580837028717,0.008881558130483138,0.7642094555395679,0.003148991943574071,4.167424350444353e-05,7.405874488770278e-05,0.04507067895813531,4.2570195707940706e-05,0.0020243047160811776,0.00014748616385411287,0.0024984556351477566,0.0011546253308186347,0.0018994825046324952,1.4012699567698103e-06,1.3616901843986444e-06,5.706000634561544e-05,0.16220952272780662,4.475754455537689e-05,0.0024526495442078176,0.00044286373190114504,2.6946097891731663e-05,0.0017710798143119866,0.00023944381668498016,0.002662122761793144
71,0.00012845427144544057,0.0005200012684673235,0.007149221318003124,0.7604951559724903,0.0021663771077881262,7.785124026558476e-05,9.450894816841891e-05,0.04339785243664938,2.1146197844792843e-05,0.0015347615943197286,0.00015467350270361054,0.002777449330469472,0.0010218755074112903,0.0013372314762508705,1.304993710370745e-06,1.4410066031734956e-06,5.896284872384816e-05,0.17170483285212593,3.703356855372322e-05,0.0021706422842232807,0.00040157722769791355,1.799913101652532e-05,0.0019878068761312747,0.00022486119501738917,0.002516977843919164
72,8.504286877342144e-05,0.0009403483399412126,0.0034412484724168414,0.7910996243508212,0.0027236610899883905,0.00012913228904169844,8.642377029168854e-05,0.04536228835204726,1.5522780959819177e-05,0.0019495306227602415,0.00015224380624373005,0.0018836921457580508,0.0010407200148096819,0.000812026776392328,1.422280325443791e-06,1.426808225387999e-06,8.176895767858503e-05,0.14257475070581552,4.19761392356958e-05,0.00217360139879051,0.00046725078915628584,2.739166784177879e-05,0.0017937759553669837,0.00028635727500470173,0.0028287723423133333
