,0,1,2,3,4,5,6,7,8,9,10,11,12,13,14,15,16,17,18,19,20,21,22,23,24
0,0.00014821311530650999,0.0013518208790227477,2.4399557071392152e-06,9.494176960399728e-05,0.010803229542991727,0.8695197046684535,0.0006470464665873607,2.24343794662574e-05,0.020986269782711117,0.0011098109746883575,3.4639636979613084e-06,3.8244735596945635e-06,1.2681017128447094e-06,2.5565249109597764e-06,0.0005171802985013534,0.014619869157726086,0.0003256201028184637,0.014772734938521114,0.03932214822975609,6.2637583409031134e-06,0.0020969809736798867,0.00081431141065137,0.021673963695601074,0.0009158256935407907,0.0002380771424427264
1,0.000135211679597557,0.002683317574380781,3.5665138069244212e-06,7.206823168232404e-05,0.013427574765489288,0.8580757981580518,0.0005277622541693753,1.884457653591069e-05,0.02380009028186587,0.0014399170874540997,3.2376039904867945e-06,3.2991822741928143e-06,1.5170188013178251e-06,1.7269572719911307e-06,0.0007819362460813184,0.015495831419230588,0.00029997765853892244,0.009720303910278375,0.050731045329029494,5.748149706031549e-06,0.0022426597126135824,0.0007813270923407485,0.018709569976727188,0.0007563745294426123,0.0002812940906395361
2,0.00014186516571876198,0.004081970016339328,3.866124149034715e-06,7.571077209968791e-05,0.020382976011628143,0.8313472694218511,0.0005959167510540053,2.6808121033054864e-05,0.02759344060900049,0.0018035528769878198,7.861787436202157e-06,6.139838892676023e-06,1.5393487664590778e-06,4.329759891581249e-06,0.0024520872438376813,0.011792669839205539,0.0003144027053276688,0.016240551002173295,0.04352550745253645,1.1492505435608043e-05,0.003770387052254631,0.0008509264808734477,0.03349473706067989,0.0008043781363549613,0.0006696139164718097
3,0.00014886686783866163,0.003032474060758176,2.4396945099929225e-06,8.060057418192008e-05,0.011533626671034343,0.863586913219843,0.0006812493727451054,1.924410863174146e-05,0.01864375346621428,0.0011064711584503027,3.858467998045425e-06,4.7576962293421835e-06,1.2538472756464715e-06,2.955853839545074e-06,0.0010315399328946443,0.01308881153614818,0.00033093882492033275,0.014477516537333767,0.043372571920874285,6.267596588374583e-06,0.0028568759882008905,0.001143679624653731,0.023436578247652058,0.0009207011754509781,0.00048605355573280576
4,0.0001708057822181227,0.003018889986332604,2.517800565074966e-06,8.238562215877078e-05,0.011590296248388888,0.8608709456678721,0.0007065186090774815,2.0488844604873224e-05,0.017510147171425097,0.0011373794391145045,3.779314728743764e-06,4.821011000927061e-06,1.5533607612132133e-06,3.2248837816380807e-06,0.0010141798178331272,0.013994545403934829,0.00034358219830457046,0.015426011056182862,0.045803071153896244,6.685933234349895e-06,0.0027784361147035357,0.0010978966666607384,0.022880911712347324,0.0010469251395549487,0.00048400106131677866
5,0.00014530709416508581,0.002964694837360204,1.752336928391692e-06,9.706011469005422e-05,0.009001374705883441,0.869915987065324,0.0005500653011494817,1.8601478075045253e-05,0.01652634896850953,0.0008742705165661722,3.6730139822748494e-06,4.029220208517023e-06,1.1304143536786043e-06,2.725409766049115e-06,0.0009483848019555259,0.012654154907623482,0.00028249697777592406,0.018496537252492954,0.04017119753024151,5.811625951852375e-06,0.0025758203670508215,0.0011382572620141826,0.02241081451118062,0.000798282282557746,0.00041122200419374874
6,0.00014886686783866163,0.003032474060758176,2.4396945099929225e-06,8.060057418192008e-05,0.011533626671034343,0.863586913219843,0.0006812493727451054,1.924410863174146e-05,0.01864375346621428,0.0011064711584503027,3.858467998045425e-06,4.7576962293421835e-06,1.2538472756464715e-06,2.955853839545074e-06,0.0010315399328946443,0.01308881153614818,0.00033093882492033275,0.014477516537333767,0.043372571920874285,6.267596588374583e-06,0.0028568759882008905,0.001143679624653731,0.023436578247652058,0.0009207011754509781,0.00048605355573280576
7,0.00015929537619995354,0.00446788746708194,4.320103816984885e-06,8.822585335103501e-05,0.014576414279325968,0.8302967350695962,0.000703107433001356,2.0304833579855885e-05,0.020046272684618796,0.0011686903713454626,4.0210675594191975e-06,4.829109921725304e-06,1.5505738913738044e-06,3.0408151931577236e-06,0.0012375542447137823,0.016331372905328222,0.00034478058393704156,0.01287792783672766,0.07220923244909234,6.602980930315146e-06,0.002175820426073122,0.0011613779157129097,0.020595388062473744,0.0009528852788274521,0.0005623622777000867
8,0.0003222590587601966,0.002641810441157728,8.747102445026638e-06,9.48239503695578e-05,0.017516918424143362,0.8187720907158003,0.001170629877307331,2.7041428557793285e-05,0.021666494308882123,0.0032051567529316873,5.251029097574692e-06,8.782117290200252e-06,2.611555865228014e-06,6.241411165831039e-06,0.0011182120749553674,0.016198367504773162,0.0006308930538140736,0.008797255867114122,0.05179202086665376,1.2247432301992238e-05,0.00559671014335975,0.0011378878237209462,0.04532608845320048,0.0027935570313116793,0.0011479015750211615
9,0.00024461121956123876,0.003498757786989274,4.748568922580414e-06,0.00010062763499883025,0.01471745983364311,0.8249863164309236,0.0007895136485030037,2.4566969766001028e-05,0.023262700865402525,0.002507025452950154,6.338096660638072e-06,6.945760166762883e-06,1.5031888649231754e-06,5.391358037431205e-06,0.001721120750830085,0.012162919572831679,0.0004446089753275155,0.01133839682284254,0.04741713013344174,9.656299392669612e-06,0.004575197879532477,0.0011424748409663375,0.048117731142138284,0.0017273469775637607,0.0011869097897428784
10,0.00014886686783866163,0.003032474060758176,2.4396945099929225e-06,8.060057418192008e-05,0.011533626671034343,0.863586913219843,0.0006812493727451054,1.924410863174146e-05,0.01864375346621428,0.0011064711584503027,3.858467998045425e-06,4.7576962293421835e-06,1.2538472756464715e-06,2.955853839545074e-06,0.0010315399328946443,0.01308881153614818,0.00033093882492033275,0.014477516537333767,0.043372571920874285,6.267596588374583e-06,0.0028568759882008905,0.001143679624653731,0.023436578247652058,0.0009207011754509781,0.00048605355573280576
11,0.00016290003154759554,0.002846544606872035,2.588093601538325e-06,7.965424700645334e-05,0.01116359549721594,0.8620945927494981,0.0007300391425272773,2.23178604392473e-05,0.01857961037287643,0.0012256132556872521,3.6632635048405268e-06,4.908088238066783e-06,1.590663624002687e-06,2.901429428028614e-06,0.0009711051638369711,0.014069776342133323,0.0003645071994661061,0.0148382778378055,0.04543550714195826,6.608221466416356e-06,0.0026501442973335143,0.0011339685251814848,0.022088763568209345,0.0010717017143457197,0.00044912068619645655
12,0.00018260503067094502,0.007701059923737078,1.0458937147202853e-06,7.321668004170306e-05,0.022637426348986498,0.8235375811277248,0.0004089673143789271,6.257762328265548e-05,0.017114915964354886,0.00019345618334686975,2.5679999242501953e-06,5.209522081232654e-06,3.0104493428100986e-07,7.188527059019417e-06,0.0017787165221991364,0.01360053474119788,8.571066677401873e-05,0.020192379785054546,0.0353764317884651,7.998820999430344e-06,0.0018491686251625647,0.002419844388645997,0.05214403259515474,0.00042918669143365997,0.00018787619067520166
13,0.0004824037771210365,0.0023411036827639445,1.5672912940055054e-05,0.00029734461565688377,0.03591618102008298,0.6788181455442941,0.001246695379186202,9.4881063178886e-05,0.032417540893391175,0.0036604506511858405,0.00010912974935110716,4.442181886852256e-05,4.8117731757340456e-06,3.68967739963588e-05,0.008251336571040203,0.04059875182219417,0.0005162193581707834,0.0514731781285247,0.04240126178982354,6.711861784557702e-05,0.015982209423847756,0.0011179059995524545,0.08215289408145765,0.0009195198524943851,0.0010339246998560276
14,6.28207852396439e-05,0.009479614532535164,2.7731008702134952e-06,0.00010503012020394156,0.010835061123474073,0.8719181020747178,0.0003989505268756791,8.901224748262796e-06,0.01712064025718542,0.001058796358937548,5.327809251531152e-06,1.6203854310128528e-06,1.2854853283009275e-06,2.4625594471142308e-06,0.001151656082243288,0.013199815301244186,0.0002792951117053333,0.013665790802893454,0.039005050884095165,6.303893410084936e-06,0.0017688322894577496,0.0007996497173484322,0.018136285572712085,0.0007952083552351291,0.00019072564540923383
15,0.00014886686783866163,0.003032474060758176,2.4396945099929225e-06,8.060057418192008e-05,0.011533626671034343,0.863586913219843,0.0006812493727451054,1.924410863174146e-05,0.01864375346621428,0.0011064711584503027,3.858467998045425e-06,4.7576962293421835e-06,1.2538472756464715e-06,2.955853839545074e-06,0.0010315399328946443,0.01308881153614818,0.00033093882492033275,0.014477516537333767,0.043372571920874285,6.267596588374583e-06,0.0028568759882008905,0.001143679624653731,0.023436578247652058,0.0009207011754509781,0.00048605355573280576
16,0.00018884837274544104,0.0014319303492432843,2.910253353382549e-06,0.00012165940197694489,0.009398931692114506,0.8432415464074174,0.0008668877575378962,2.5102033324671064e-05,0.011160301147913589,0.0008107092411925032,6.614533510989826e-06,1.0140885043330855e-05,1.858639077226622e-06,6.2357064433005485e-06,0.0012814755796488869,0.025778410851883243,0.00031067287408889063,0.03188476302901029,0.03660618802137135,1.0958680588590057e-05,0.0060731750544746384,0.0011788177402100837,0.028343151016549294,0.0009408138264569161,0.00031789690482288135
17,0.00032538305364127724,0.00317120408727355,5.050172383444749e-06,0.00014098899674271445,0.02359007575531715,0.8182979717076395,0.0022699316757459932,2.9291505024845285e-05,0.02310131579767165,0.001492735055960123,7.787974762869168e-06,1.3233272375428086e-05,2.4668321809803056e-06,9.81556936485201e-06,0.0011383177104301403,0.020623280692049863,0.0007199009041416678,0.017799100130962274,0.04029661492299171,1.2994606588296023e-05,0.0048413283002265925,0.0015974406698649488,0.0377404642197236,0.0016449363816409684,0.0011283700052951136
18,0.00025692812539776066,0.005094649181510594,2.1106490769866823e-06,6.669386287545451e-05,0.01580909057754199,0.8315244846293696,0.0012075885441929068,1.4331644658222585e-05,0.021429036737672394,0.001384912409007755,4.57685173239769e-06,4.917523930207358e-06,1.1210138543745146e-06,5.017470785325187e-06,0.0009981352337238283,0.008741754632882764,0.0009616543856499131,0.015479370931902235,0.052410985093748225,6.4217113365376596e-06,0.0025058744284188767,0.0020957150299700912,0.03656086172363554,0.0014755819467297052,0.0019581856603964397
19,0.0001338300443604592,0.0018087425840390412,3.2660219423054324e-06,7.582042734954769e-05,0.010791144546304431,0.8849754780605126,0.0011508841984700091,2.7210549580695208e-05,0.020139099853208973,0.002107703947780601,2.626504704718769e-06,5.912198266688881e-06,1.8251234760037578e-06,1.7524464649619871e-06,0.0005579037534457201,0.012700746141732127,0.00040461333594424455,0.007353609792745185,0.03821248433128019,6.380226347906686e-06,0.002075517047183676,0.001305795710679636,0.014524305523137049,0.0012465350360051394,0.0003868125950381192
20,7.418457154807356e-05,0.0051124000799200806,1.7745134975660527e-06,8.246439985593354e-05,0.005629283370045709,0.8791034554408506,0.00036245083442216884,2.8969193160509113e-05,0.016177403990821185,0.0007160134847608457,4.346959640483556e-06,7.248740923934407e-06,7.118989432795866e-07,2.039140473352549e-06,0.0021931648347756315,0.011142178016433388,0.00022382105823582843,0.017283936560221445,0.036921335985851005,4.471503861916697e-06,0.003921539098071812,0.0022072457965394278,0.017835598022821576,0.0005875666006567457,0.0003763959036671512
21,0.00023320906106599437,0.0027577651387621876,3.3019701775624727e-06,0.00017325491747442498,0.013797275068956,0.8315749394370288,0.0006753789143679531,2.2675466127762608e-05,0.01867089055047163,0.001018762739602813,1.024595277696901e-05,8.222258437265119e-06,1.560479826762639e-06,6.936060987865637e-06,0.0016816371225818324,0.022630480848446814,0.00026698061561984633,0.026104511546929113,0.041339369088713995,1.1179500508784845e-05,0.004379051625719046,0.0010388221822564326,0.0324632830422813,0.000656039466796057,0.0004742269440825073
22,0.00019977565518764306,0.0023239007403911566,3.954715038918076e-06,0.00014810662615454074,0.013781893541569706,0.832311871592012,0.0007536763775851708,2.351178554492488e-05,0.018540333255912703,0.0017745642750884244,1.0076275495379139e-05,6.000433328793846e-06,1.8837198544096828e-06,4.236627109661174e-06,0.0011467015409789044,0.019466182002674554,0.0005605726165184126,0.025934291243911067,0.04239424381880315,1.4587232807986642e-05,0.004642567466532884,0.0013412262483755663,0.03333825629077569,0.0008328115214521182,0.00044477439689693784
23,0.00014886686783866163,0.003032474060758176,2.4396945099929225e-06,8.060057418192008e-05,0.011533626671034343,0.863586913219843,0.0006812493727451054,1.924410863174146e-05,0.01864375346621428,0.0011064711584503027,3.858467998045425e-06,4.7576962293421835e-06,1.2538472756464715e-06,2.955853839545074e-06,0.0010315399328946443,0.01308881153614818,0.00033093882492033275,0.014477516537333767,0.043372571920874285,6.267596588374583e-06,0.0028568759882008905,0.001143679624653731,0.023436578247652058,0.0009207011754509781,0.00048605355573280576
24,0.00017021288834830287,0.003994386218000822,2.37286580926074e-06,0.00012834647514531024,0.014129800898389746,0.8595770117395817,0.0006138355023567892,1.741481974768743e-05,0.017619847297904237,0.0010156567154060959,5.0934815361087255e-06,5.141181263160172e-06,1.333401805768276e-06,3.817621957865103e-06,0.0009988915853555288,0.013809936165353774,0.00030887672626569095,0.016741958212408946,0.043100937350773874,7.482652353985829e-06,0.0025850729374615215,0.0012233031187148175,0.022618773555306157,0.0007354981760827593,0.0005849984126701531
25,0.00042817524160336474,0.002585848666163465,7.51200159085908e-06,0.00021539563886279774,0.02411641239987076,0.7876816006272918,0.0023739663279759224,6.815106879906775e-05,0.026460492937120432,0.0033252952401097084,2.096320890366716e-05,1.662521674758949e-05,5.137947657673443e-06,1.1857771948986116e-05,0.002314196991641428,0.028312115113646397,0.0007808215636267097,0.029303330344999923,0.044228518140849875,2.809835272840597e-05,0.004808662317561976,0.0013270474430212235,0.03923050223503903,0.0015624668308814624,0.0007868063713579483
26,0.0001417798906410903,0.0017867053440950697,9.405256359483977e-06,0.00025986258702450504,0.017179521991704968,0.8665122768506197,0.0009463903699251963,1.979146087723847e-05,0.019010079749482208,0.0010386409985501182,4.062866495383805e-05,9.615007266106282e-06,1.4794668421337103e-06,1.8520253024627724e-05,0.0005621016244755946,0.011815976199542985,0.00022338748464236904,0.01801441977912959,0.042253686885701656,2.6221581356198277e-05,0.0023284218089203662,0.0005993903292077218,0.016456859546214658,0.00038712087827393813,0.0003577159911686444
27,0.00033779594392749563,0.004997537262070796,1.9660336394969327e-06,9.336699794015715e-05,0.009468243770146732,0.8679501104325179,0.0010769204318907492,1.837107346648623e-05,0.016836080731113333,0.0010493484119327085,4.716056877792669e-06,6.70504902792502e-06,8.757015229814567e-07,4.880045027083425e-06,0.0012496252414683814,0.019087409014560373,0.00033628061874503817,0.011562223947003247,0.043676414275584975,3.917864927971082e-06,0.0018718259693381355,0.0005387996433039108,0.018642311368064286,0.0007263798413730854,0.000457894274529518
28,0.00014886686783866163,0.003032474060758176,2.4396945099929225e-06,8.060057418192008e-05,0.011533626671034343,0.863586913219843,0.0006812493727451054,1.924410863174146e-05,0.01864375346621428,0.0011064711584503027,3.858467998045425e-06,4.7576962293421835e-06,1.2538472756464715e-06,2.955853839545074e-06,0.0010315399328946443,0.01308881153614818,0.00033093882492033275,0.014477516537333767,0.043372571920874285,6.267596588374583e-06,0.0028568759882008905,0.001143679624653731,0.023436578247652058,0.0009207011754509781,0.00048605355573280576
29,0.00014886686783866163,0.003032474060758176,2.4396945099929225e-06,8.060057418192008e-05,0.011533626671034343,0.863586913219843,0.0006812493727451054,1.924410863174146e-05,0.01864375346621428,0.0011064711584503027,3.858467998045425e-06,4.7576962293421835e-06,1.2538472756464715e-06,2.955853839545074e-06,0.0010315399328946443,0.01308881153614818,0.00033093882492033275,0.014477516537333767,0.043372571920874285,6.267596588374583e-06,0.0028568759882008905,0.001143679624653731,0.023436578247652058,0.0009207011754509781,0.00048605355573280576
30,0.00014886686783866163,0.003032474060758176,2.4396945099929225e-06,8.060057418192008e-05,0.011533626671034343,0.863586913219843,0.0006812493727451054,1.924410863174146e-05,0.01864375346621428,0.0011064711584503027,3.858467998045425e-06,4.7576962293421835e-06,1.2538472756464715e-06,2.955853839545074e-06,0.0010315399328946443,0.01308881153614818,0.00033093882492033275,0.014477516537333767,0.043372571920874285,6.267596588374583e-06,0.0028568759882008905,0.001143679624653731,0.023436578247652058,0.0009207011754509781,0.00048605355573280576
31,0.0003283742204750438,0.004757542724740927,6.627806324145992e-06,9.406907488664098e-05,0.012065937580890246,0.8161568287172103,0.0008665827031092589,6.804670327221651e-05,0.020950070088206197,0.0014953662382489342,4.666130045201453e-06,7.758542871429976e-06,4.401817315787446e-06,3.554274775668485e-06,0.001607322817131024,0.024455595286270754,0.0006372537321508141,0.020143766788321426,0.06823471285372137,9.754936308284657e-06,0.004434517604053131,0.0013234591380186524,0.020113932017082586,0.0018992612573350382,0.0003305969472346605
32,0.0001522472904085138,0.003430154043474251,2.4043008150345243e-06,7.52247613460606e-05,0.010881761769988896,0.8623014587824092,0.0005843092093872551,1.8606485555361425e-05,0.017684054171772087,0.0010297054580747905,3.4186343004391778e-06,4.174118358169993e-06,1.3154580582738164e-06,2.7263482078855388e-06,0.000973646473772856,0.012970736104010228,0.0003327543409682661,0.01451525684155993,0.04862421307012203,5.6345356167921965e-06,0.002600126148599288,0.0011548792711928498,0.021250523147020254,0.0009467992258043481,0.00045387000917689117
33,0.00015486840404247798,0.0034860476619144086,1.1285530729743504e-06,5.632659853170212e-05,0.00535178656955117,0.879825519179226,0.00045001363719612565,1.5891703979045228e-05,0.005405517547098854,0.0002954436080784666,3.58592436391694e-07,3.7578857846997696e-06,2.6589273140660997e-06,8.322804002366728e-07,0.0001261389377983785,0.014981025623440836,0.0005746149441243549,0.018857520237537288,0.06043168686687483,1.8792942701997036e-06,0.0008865061725891459,0.002131925118088076,0.004167417957295938,0.0026441790087890532,0.0001469546905649757
34,0.0003286820251295765,0.007210979260821196,8.424387298024566e-06,0.00010423828503805089,0.029452926851988234,0.8306507833903265,0.0008217255362309916,2.0395659097750956e-05,0.01979899698305275,0.0027111459744276734,9.339810370386068e-06,4.633766454647186e-06,7.427958189397417e-06,9.635200079297561e-06,0.0020281394306445725,0.009371837214426592,0.0008277653947952473,0.023163669944014004,0.0356895072846668,1.4583182278216381e-05,0.0028780131826621163,0.0013299668236711785,0.031315394796444906,0.001666304008095394,0.0005754836497961824
35,0.00019097931724312915,0.008388265074338552,2.2154885445897964e-06,7.856211925941003e-05,0.011231520826350422,0.85626426659177,0.0005749723371432081,6.249460329108095e-05,0.03842585681785902,0.001261455888188124,2.786455430870983e-06,3.154077624403178e-06,1.6496092322376826e-06,7.92501904108382e-07,0.0009840619984212685,0.013234821212244624,0.0004967965236999643,0.01328894538140584,0.04372311631804559,2.7483253394105985e-06,0.0011945741167924255,0.0014741267961397595,0.008311497836971044,0.000582256910529054,0.00021808287223168928
36,0.00018652138911429275,0.003505299963079588,2.2902588372545537e-06,9.622398223151817e-05,0.009600748732065676,0.8452839435581381,0.0019043152189932213,4.1708336113508236e-05,0.018705315789115325,0.0010489387011856101,5.746325821331235e-06,1.3058632112641814e-05,1.948140272772634e-06,5.493945103873119e-06,0.0015460718328513998,0.018887477431698826,0.000926506289398117,0.027097041484667076,0.04310379738456635,7.702873035843093e-06,0.003270345648227272,0.003049189719855973,0.019524835244782875,0.0014310632432054924,0.0007544158755267194
37,0.0004737870716527169,0.0019900622010414577,3.966924087712475e-06,0.00011186559609113033,0.015358967717870414,0.8130604464515011,0.001475028370906715,1.580025154355808e-05,0.01130920554517139,0.0010933916473966122,5.058535712662229e-06,8.246418600895336e-06,2.7684976189182535e-06,1.3227509556715758e-05,0.0008346316989138621,0.023865357308573663,0.0005487019275001705,0.026023268613765815,0.05001680087958894,1.1542415971468226e-05,0.005961934578974171,0.0010812325387889042,0.0433569224962802,0.002532293975105985,0.000845490827784607
38,0.00025652694077404436,0.0015695087630223433,4.3331712290972775e-06,0.00019109559735002165,0.01639581136631426,0.8459955510053527,0.0010115848109767604,0.00015090527495008164,0.02833840489984699,0.0012813659202511292,5.764720380397819e-06,1.6117483688334477e-05,1.7525126720010535e-06,2.6789966476973626e-06,0.0008349690770739383,0.011899129890621543,0.00024741861818059483,0.014663679012213495,0.04932085102456365,8.901314152429636e-06,0.002960168789461993,0.003023315899916063,0.020708088714478146,0.000793083720002227,0.0003189924758800056
39,0.0001919946243476395,0.0026945293742663564,2.2277355522172577e-06,0.00031711999363547315,0.1440817028690905,0.7546045837361416,0.0003031996707579924,1.795459622446645e-05,0.025208601095789363,0.0003264489593969071,2.382109532717674e-05,4.42926871082838e-06,1.2823844906446997e-06,4.085854086878298e-06,0.0008195323353913891,0.008936672294732767,0.0002167714287773045,0.013960751523373185,0.02608505249021234,1.4509496046771953e-05,0.0032171750513898057,0.0013615936019555372,0.016834792885390006,0.0005799581170456707,0.00019120951786710664
40,0.0003453176881219729,0.007241442317423411,7.883832214386297e-06,8.725153347629069e-05,0.03309795011582302,0.8135497063306109,0.001312948695997364,2.059418283257672e-05,0.019196565943152,0.001205851426831687,9.594277269160781e-06,1.112502238228945e-05,2.2611183443484946e-06,1.6995121538145276e-05,0.0021824287339740006,0.015145270453136852,0.0006018942741999162,0.015434281701972133,0.047180727764156896,1.2868943557643815e-05,0.004040636818415274,0.0014248677687229818,0.034897750076489445,0.0015244084731126362,0.0014493773862449663
41,9.403256674915119e-05,0.0021942099903219437,3.075310328555157e-06,6.989848204504796e-05,0.005606530729605358,0.8878980893171691,0.0002436683558286512,2.050676504969522e-05,0.018892565788388337,0.0011473453576469823,3.8037042590115806e-06,2.3179919954834986e-06,1.318289465368133e-06,2.333027681807357e-06,0.0008366985167513022,0.012108867000868552,0.00014325085162212735,0.012257988561501237,0.026787604237330925,6.6016401475905654e-06,0.004388666806636879,0.00039690035137735657,0.026265176167933207,0.0003632447477155457,0.00026530544158131814
42,0.00042568198904457933,0.006253585579309371,2.585600013727659e-06,8.164035016307235e-05,0.00413746703480754,0.8789672174046106,0.0018021606544840047,1.3144382107090277e-05,0.016440665933748804,0.0005204964532061971,9.296001060298515e-06,8.532394810735285e-06,8.0763950934277e-07,1.9362576527690112e-05,0.000686633550687495,0.015279479580957118,0.000305947418061122,0.007927446321986754,0.054942938449423266,1.9392755942344236e-06,0.0019843469067051664,0.000330741527697042,0.007223344971795639,0.0005134107963362473,0.002121127207352543
43,5.7408978982218e-05,0.005166130682346166,2.337856410615654e-06,5.0475341088011256e-05,0.005781104413715123,0.8853936935044702,0.0003193970523841224,1.6871602398826522e-05,0.013635131703129124,0.0010341149052400952,1.0897649006861463e-06,6.3793458054516025e-06,8.647285908389121e-07,2.4283056449842686e-06,0.0016477912946218738,0.009816456350615378,0.00025959806998198705,0.0076232107940176356,0.03268957669894873,4.195279248439384e-06,0.004620731033392679,0.0010221282994127615,0.029592221175159795,0.0007393886956781213,0.000517274123815707
44,0.00014886686783866163,0.003032474060758176,2.4396945099929225e-06,8.060057418192008e-05,0.011533626671034343,0.863586913219843,0.0006812493727451054,1.924410863174146e-05,0.01864375346621428,0.0011064711584503027,3.858467998045425e-06,4.7576962293421835e-06,1.2538472756464715e-06,2.955853839545074e-06,0.0010315399328946443,0.01308881153614818,0.00033093882492033275,0.014477516537333767,0.043372571920874285,6.267596588374583e-06,0.0028568759882008905,0.001143679624653731,0.023436578247652058,0.0009207011754509781,0.00048605355573280576
45,0.00019694873466346655,0.0027515121744211015,2.194609429228939e-06,8.988453490192467e-05,0.00645092538590597,0.872530672427379,0.0007126398950581919,1.0316652586523591e-05,0.017659756826099292,0.0011874566866589345,5.791093047013273e-06,2.8847733225541183e-06,2.285030646509029e-06,3.968812162788187e-06,0.0010814542724696156,0.013067387110634716,0.0003033093422490766,0.016779610825354778,0.045710090109021016,5.043049631678395e-06,0.002403070453501274,0.000623956646311218,0.014284833069884985,0.001211270048202083,0.0029227374364566923
46,0.000322647734950893,0.0017633913708369033,2.383030868035896e-06,9.972963227046471e-05,0.013103691955806627,0.8622844663076448,0.0007647567375502154,2.6890049111527126e-05,0.016119103785553396,0.0009374662359799667,4.305803950812627e-06,5.899578983174368e-06,9.229676329329571e-07,3.151406550446887e-06,0.0002987885669280742,0.014698554986121043,0.0003260279494346274,0.01576400342415546,0.04437931295199862,6.332173851226321e-06,0.0026714001897488893,0.003035590926481172,0.022300104489894227,0.0007357150796736326,0.00034536266402290723
47,0.00015144659566562537,0.002869353036151775,3.853191187119053e-06,9.107731852262801e-05,0.00777838566159661,0.8529571912746416,0.0009552231627992753,1.947344459726296e-05,0.017422799952993215,0.0012966896810064183,3.3776043399869173e-06,4.452029769588734e-06,3.5135778493336176e-06,2.428894548265158e-06,0.0006963313350596617,0.01918775969034241,0.0008045895014170372,0.0129781107438326,0.06040270857708126,5.608811015418818e-06,0.0028584117421810882,0.0009536098260875605,0.016000337686181268,0.002077721739256485,0.0004755449218765616
48,0.00019253589295864932,0.002962384322602919,1.7582667966469763e-06,4.080200093932698e-05,0.0052023718392790064,0.8560177448099417,0.0006125112829152954,2.417898150476895e-05,0.012158637979713744,0.001229148351116668,9.03857233777337e-07,3.0309574452858855e-06,2.0326011689411767e-06,1.113416491550633e-06,0.0012608701510330859,0.011135429483394688,0.0006781214366411096,0.009858169419117291,0.06776715975705115,2.975867688001261e-06,0.005708682087848875,0.0016251924615532127,0.020834633570070683,0.002286867986300933,0.00039274321919254755
49,0.0001137463770447434,0.003031750385805757,2.3802271285710533e-06,7.826208085415789e-05,0.007829310212765027,0.8513637297972895,0.0006168000145557697,2.5071648012194845e-05,0.017192273511970117,0.0008543302698809274,2.65065914998184e-06,4.697642671236911e-06,2.615178339459659e-06,1.4767249933902756e-06,0.000713404778766523,0.049039702029564196,0.00029904202107707413,0.010526473641971078,0.0394583191694963,4.407791017412371e-06,0.0027032273107426208,0.001218602892884274,0.013484745636728745,0.0010446194244961705,0.0003883605727949637
50,0.0001244046697626,0.0017520664412102494,5.229866707670818e-06,8.602011820549045e-05,0.01984558342969299,0.8279248756656389,0.0020860602029892502,1.778846155970231e-05,0.019305944102292204,0.004772345742389021,4.986704945790688e-06,3.6774803681628894e-06,5.827404620330163e-06,6.2640967922197315e-06,0.0010803403744551283,0.015380046744548213,0.0007948731122942018,0.015838164141535452,0.055430989680385484,1.5213857185679379e-05,0.0022368899791146467,0.0011746233469522684,0.0282565561969362,0.0033039342232836118,0.0005472939561342977
51,5.357004538083666e-05,0.0032260048687353837,1.098491343172916e-06,0.00022005256381373202,0.004316810430703352,0.8846811725630329,0.0001280937862426459,2.3795067376715503e-05,0.018835842147236728,0.0002590772263081399,5.71193227582871e-06,4.397554415390803e-06,2.6594311786493905e-07,1.1346668097585348e-06,0.0008227313669211602,0.009200575701761715,9.625492128273354e-05,0.015838093979330867,0.03653691305544399,2.592455708900213e-06,0.0029794433879809534,0.0029680075630622443,0.019278663948666678,0.00012036995231963145,0.00039932638072832016
52,0.00015446071332362164,0.0019444248194049078,3.1363197467160416e-06,7.980694314949711e-05,0.01332656276131467,0.8532063139826807,0.0008206853434197192,1.8061920235689874e-05,0.019067422967954325,0.0011478365093845822,3.7852856122049162e-06,9.206573596933746e-06,1.2349663760576048e-06,2.8813973500867874e-06,0.0011264127722643497,0.0208707287836527,0.00031651117563454565,0.013549280355821654,0.049555839219608974,6.173808804822641e-06,0.0021271866077787337,0.0017871505998418528,0.01948566374638052,0.0009421380132906698,0.00044709441337127816
53,0.00011792424947351531,0.000816599837157718,2.53577680053062e-06,0.00010446411083776965,0.014877706969410901,0.8416989918468073,0.001753458077924699,1.4545395699202446e-05,0.018841019405385337,0.0011277466998289862,7.334806411213165e-06,8.640748908221121e-06,1.1026174662030722e-06,6.100018966606791e-06,0.0008197082652624641,0.016600315587965445,0.000268987174402804,0.020939864259865777,0.020846660636551554,1.4026169520443465e-05,0.005326752836128515,0.0007646777611364596,0.05358993081916468,0.0008598168930679477,0.0005910890358555658
54,0.00012058393583717588,0.0017540171590118378,1.3501487566566992e-06,7.193992409969286e-05,0.00969318518365061,0.8687225846413146,0.0006507211758507031,1.4975727128095825e-05,0.019300577917510022,0.0006877123816193531,3.402020845022201e-06,4.493078822374432e-06,5.160048170360999e-07,3.3301264826814327e-06,0.0007219491145979414,0.00835345392911937,0.00022408969890034682,0.009918888295815793,0.05032996355797732,2.6149080845313135e-06,0.003901341617325649,0.0020617753439150822,0.02189858516305181,0.0007171717393024814,0.0008407772061637148
55,0.00011811428258240417,0.0016189289026620518,1.8549508816644982e-06,6.264539244771268e-05,0.011058943028978188,0.8713828217597122,0.0012697493491760365,2.9209299917277365e-05,0.019316667677798008,0.0007497454479978239,2.6830564959628592e-06,1.0437070967700499e-05,1.857984841891748e-06,4.004367036433672e-06,0.0008548236287522964,0.01798090455869246,0.0002720240577361367,0.02012010323776169,0.031391147876897826,7.065447454300461e-06,0.0025481603780482696,0.001090426266562264,0.018606520179625496,0.0011168807026791896,0.0003842810942942878
56,0.00015421159068679583,0.002814647783111174,2.4602557231454393e-06,8.144970339592533e-05,0.011012630356305881,0.8653364307260774,0.000693263762216055,2.107071046429957e-05,0.01826599956029362,0.0011493002160025102,3.6227334313358154e-06,4.777154016130519e-06,1.4705579118315717e-06,2.8152558922069785e-06,0.0009467136475848784,0.013632229138185398,0.00033857655190876884,0.014727411204853581,0.04374805304757346,6.469319317230926e-06,0.002687442150786721,0.0011165221857346779,0.021824529840318484,0.0009847901595597527,0.00044311238864877685
57,0.00011225750963447437,0.0023937517018312432,5.9519440614720584e-06,5.523644032969977e-05,0.01596767768175402,0.8656257845347243,0.0007554654783103246,2.218200436636877e-05,0.01856563737312739,0.0013255009399553844,2.7493567200523958e-06,7.35774885709138e-06,1.982898680989347e-06,2.2125134354160856e-06,0.0007036791553225981,0.016613900940009432,0.00043112826782015437,0.008518397959997325,0.04480013049229818,8.50804698654054e-06,0.004058000495308679,0.0012320923520768715,0.01727488475480337,0.0011631862681103055,0.0003523431414782905
58,0.00015443158673999043,0.002459857076213689,2.2294885717819534e-06,6.466408619650275e-05,0.009554670447411071,0.8706660796621144,0.0006924567943002752,1.962343758348808e-05,0.016167868220192387,0.001150180263071324,2.6000186034660874e-06,4.485324930198896e-06,1.4506148845743418e-06,2.6295102246830895e-06,0.0007867293490246443,0.012408521619534383,0.0003512100871435624,0.013608708938411167,0.04481638973003317,5.622591858121461e-06,0.0026430226315742444,0.0011174698627340269,0.021583168226654556,0.001290312718882414,0.00044561771311160464
59,0.00015964360836151568,0.0026018704906466523,2.9087762175619035e-06,7.033040457984929e-05,0.010818467251515558,0.8652118705214558,0.000739287872860015,2.1034528026160406e-05,0.01685317222135438,0.001187650193172711,2.952631926226512e-06,4.989503603896683e-06,1.596515238931447e-06,2.786640440723407e-06,0.0008306965971255974,0.013787538894327687,0.000383645050303729,0.013365399211011247,0.0452886811590892,6.537126942627926e-06,0.0031372595275615243,0.0011518237008270996,0.02262302500240627,0.0013042464881259277,0.0004425860828788645
60,0.00014886686783866163,0.003032474060758176,2.4396945099929225e-06,8.060057418192008e-05,0.011533626671034343,0.863586913219843,0.0006812493727451054,1.924410863174146e-05,0.01864375346621428,0.0011064711584503027,3.858467998045425e-06,4.7576962293421835e-06,1.2538472756464715e-06,2.955853839545074e-06,0.0010315399328946443,0.01308881153614818,0.00033093882492033275,0.014477516537333767,0.043372571920874285,6.267596588374583e-06,0.0028568759882008905,0.001143679624653731,0.023436578247652058,0.0009207011754509781,0.00048605355573280576
61,0.00015962772517619697,0.002690656232897046,2.9373018348686424e-06,6.827206128223581e-05,0.011572006434384132,0.8629587766363234,0.0007263635820189281,1.9703027809313176e-05,0.01756333488080477,0.00118069992309642,3.169179118258194e-06,4.969530918043143e-06,1.4865791455611523e-06,2.9586380838884064e-06,0.000883877144851113,0.013523725733326344,0.00037522787148489315,0.013008251340841834,0.04562586415257645,6.3798037001878945e-06,0.003168564782674595,0.0011211103354716726,0.02364136348325151,0.0012183172110444035,0.00047235640788380643
62,0.00014886686783866163,0.003032474060758176,2.4396945099929225e-06,8.060057418192008e-05,0.011533626671034343,0.863586913219843,0.0006812493727451054,1.924410863174146e-05,0.01864375346621428,0.0011064711584503027,3.858467998045425e-06,4.7576962293421835e-06,1.2538472756464715e-06,2.955853839545074e-06,0.0010315399328946443,0.01308881153614818,0.00033093882492033275,0.014477516537333767,0.043372571920874285,6.267596588374583e-06,0.0028568759882008905,0.001143679624653731,0.023436578247652058,0.0009207011754509781,0.00048605355573280576
63,0.00012850781422246856,0.003992386195774516,2.0538600528874363e-06,7.602637473441968e-05,0.010250455599126587,0.8674914371412865,0.0005319217898154834,1.7426170662884265e-05,0.018537756716487858,0.0009062976429427684,3.5140640601828088e-06,4.0262985016606775e-06,1.0115489498605518e-06,2.5234527271280297e-06,0.001094869146869271,0.011432898267783622,0.0002889406017663411,0.013973423827129093,0.04456041619935726,5.026527929271159e-06,0.0026062352141078405,0.0012196773877852724,0.021607481469074732,0.0007801564601437945,0.00048553022870874906
64,0.00012340395509668052,0.002496888505144135,3.095978064861236e-06,7.36291417504048e-05,0.011093768113220912,0.8671815668487087,0.0005823283203509674,1.6487230668484767e-05,0.016880541678105786,0.0009330112973362242,3.4476082388807985e-06,5.3048716145642124e-06,1.1453849389166341e-06,2.6666579852364532e-06,0.0008920990095112172,0.01378242352617223,0.0003400260994132594,0.01285119795171289,0.03959521719578466,6.521233710626252e-06,0.004473249736043575,0.001182040418747261,0.02615440873297696,0.0008941367977986913,0.0004313937069041319
65,7.146092213453272e-05,0.0032060907490254996,3.0170434372789373e-06,7.077174539488476e-05,0.01350724196572003,0.8523566300172987,0.0005967843385178323,1.0572847088146792e-05,0.016972122778268147,0.0011858995243035524,3.075946913425093e-06,4.10350133886185e-06,1.437589896233585e-06,2.97119519400451e-06,0.0016344487354358584,0.014803510225322196,0.0003437444527996754,0.014067205384075273,0.05446446637443032,6.573624470344344e-06,0.001993997062399622,0.00119841468517147,0.0219632199820545,0.0009404904484365133,0.0005917488608731092
66,0.0003598490617256174,0.0009406539032005835,1.3518332769293293e-06,7.646063234870501e-05,0.006540725131332808,0.8701658234280478,0.0008320573267892253,2.0406570659871758e-05,0.018921509774938762,0.0004748001763499093,3.628509192506608e-06,4.363093647929019e-06,2.9870147535290076e-07,2.5358492943807653e-06,0.000277682715217243,0.012655556251427684,0.00020833478838208755,0.01804379739079615,0.04300542835550135,1.984358241282337e-06,0.00258716499093978,0.0005128824857292083,0.023573220695661753,0.0004812781917673609,0.00030820578405596483
67,0.00014867531007654007,0.003234620002238765,1.543864189716101e-06,6.990530370191852e-05,0.0059296861653863955,0.8809323516709688,0.00043043427124892544,1.893048021811785e-05,0.016400949161131117,0.00030526363573561,2.662326888015615e-06,4.8159801087452064e-06,4.0960947875502583e-07,1.7149638862135738e-06,0.0011370344275168293,0.013962722777664758,0.00017992035709121621,0.012680486116725169,0.035132366861693846,3.184032906218339e-06,0.0024989530811708265,0.0011211759825569701,0.02478197250967864,0.0005453342405298746,0.00047488686720801036
68,0.0001516232785768901,0.005460326488994121,3.3652100399665845e-06,9.453341457393178e-05,0.015728655485899773,0.8733889222358662,0.0007959303951250709,2.0289799965850088e-05,0.018748790807666497,0.001835405598522733,5.508898521290119e-06,5.094560436471065e-06,2.2121910591835635e-06,4.42915215073011e-06,0.0011037157567480372,0.009978094119343148,0.0005587469334856858,0.01605081541648308,0.02058114346749572,7.836990195683165e-06,0.0020357975139411078,0.0011677136193946444,0.030386811725693606,0.001254271630295887,0.0006299653095243618
69,5.2262272001883936e-05,0.0025409317899325106,2.370644600505942e-06,9.559812719159402e-05,0.012481246101716904,0.8682409234821461,0.0005247167911256457,1.4637309972455304e-05,0.0258163913409829,0.0010977536770353435,9.577908310717498e-06,4.94340197858701e-06,1.247928598549247e-06,2.5550892700615663e-06,0.0017861653601634272,0.00936614557564088,0.0003151512611449905,0.01777291455101397,0.024829184353035584,6.189042213911209e-06,0.0033593136929827307,0.000876453440487825,0.029403307600620522,0.0008928126607573413,0.0005072065970752216
70,7.923122859708558e-05,0.00349297624217673,2.2883027025171005e-06,0.00010820447503928258,0.008580635954330326,0.888133997324563,0.00047844186446384764,1.5361114518528294e-05,0.019736434518667603,0.0006679219152013906,3.904574590741971e-06,4.391272053610145e-06,5.244083425985529e-07,1.174561869588771e-06,0.001107181150912078,0.013351060345035894,8.466604808157273e-05,0.00791296417224753,0.03297805338193417,5.360150771318823e-06,0.0030337248503387935,0.0009069484540558733,0.018727784472461106,0.00018636805082625414,0.00040040116621880396
71,0.0002556301109669951,0.0002527972575593414,2.9574692734374767e-06,6.485298292969099e-05,0.023454485365402983,0.8479474872922179,0.008201559994739807,2.8942820300364593e-05,0.025690429941129335,0.0063295633812811,2.7174703397204e-06,5.034130505029421e-06,5.796078620784514e-06,4.1436904832487525e-06,0.00017723653863962847,0.013662433554043245,0.0007301451837524166,0.00911545758477265,0.038712885136976974,1.3790788316868613e-05,0.0009439242750673372,0.000771528503128387,0.018949600790290524,0.0041234697427196395,0.0005531299165426275
72,0.00010957683261974244,0.0021203366001419383,2.5373283466566288e-06,7.674049472242907e-05,0.013959546678688184,0.8517190098076712,0.001238333283574823,2.9826592045509344e-05,0.016523145987744577,0.0015529510691316272,5.80514453819081e-06,5.120915000130306e-06,6.507283359615916e-07,3.2476531052573573e-06,0.0007388281286490958,0.01649784666777483,0.0003502736371405394,0.01289394556354264,0.04577568316849368,5.94835874530014e-06,0.0029265187848786147,0.0006203501696234386,0.03205483693938751,0.0006157088690702116,0.0001732305970281483
