,0,1,2,3,4,5,6,7,8,9,10,11,12,13,14,15,16,17,18,19,20,21,22,23,24
0,0.0020519156093488423,0.001598952263332655,6.694695651131196e-06,0.023613625292394552,2.978231193319921e-05,0.00013197467907689338,0.0010487867394468626,0.8964986788317769,1.1664212259708108e-05,9.682229794304257e-05,0.0022636469442471312,0.0007110808356227331,8.118823656587474e-05,6.962519858143253e-05,0.001138620158911686,0.0065534992470042,0.0213992338524313,0.00032869873012530726,0.003668735115222227,4.5153070341341854e-05,0.00015494623659852895,0.038490051565334825,2.1669787110585966e-06,4.3124047999408094e-08,4.413773090726016e-06
1,0.0015667939934199415,0.0015113058598466547,8.383876768870015e-06,0.020412771226535432,2.8154878320196418e-05,0.00019215470469452711,0.001061740210800047,0.8970552689470636,1.4351387046708489e-05,8.002935460866863e-05,0.0019947681501842132,0.0005209553680116268,9.410977020087523e-05,4.35480972121946e-05,0.0014490658748592341,0.009497949675236221,0.011936277025888432,0.00032225519619912826,0.004948873375802787,4.4499007416006064e-05,0.00016970577706440984,0.04704011133982948,2.3646964344453267e-06,5.097410350733782e-08,4.511232452800218e-06
2,0.0017734544984017934,0.0016395304553296801,7.620874408179607e-06,0.02628310227289034,2.6254561318025036e-05,0.00018006284604665207,0.0009501154937024716,0.8884954802736361,1.3999837078278569e-05,6.051998450165465e-05,0.002488578716902228,0.0005778252281441538,9.784075833919439e-05,4.5704586194783356e-05,0.0016219984227606467,0.006714397601068356,0.01634142715917153,0.0003678214077630516,0.004446759538505008,9.913425660088736e-06,0.00017123885040875079,0.04767899659815181,2.5448327315808393e-06,4.618270247905053e-08,4.765594183195611e-06
3,0.0018533337539257046,0.0016336587593183869,7.2349034952701455e-06,0.021376285506363644,2.8060000503401315e-05,0.00017945016113641644,0.00102211636958328,0.8938964175927964,1.2911229302116974e-05,6.419616142974046e-05,0.0023111284132269054,0.0005925569990473102,9.148848975756456e-05,4.252559827551359e-05,0.0014743994945693047,0.007420852026242423,0.01347736650263767,0.00029925330789682986,0.003982555671675952,3.770814003528646e-05,0.00015378108601434267,0.05003623381159468,2.166352510632341e-06,4.310780143064009e-08,4.276560860200904e-06
4,0.0018943790278321232,0.0017105234606303273,7.706773316305643e-06,0.021280235029410302,2.8213560268698086e-05,0.00016476672298983475,0.001037156990313822,0.8939232338213084,1.2766440553321393e-05,6.403275524206829e-05,0.0023187031801358716,0.0005979205178138188,0.00010487567362535686,4.7483191256908625e-05,0.0013590667461943532,0.006996513747804662,0.012884253360189023,0.0003188951256251973,0.0038856667238530446,4.0441657769927164e-05,0.00016438118100254074,0.05115249120189344,2.1314115365459017e-06,4.5632932373238934e-08,4.116066501858927e-06
5,0.0019802194225245684,0.001642419664529306,7.995606693389478e-06,0.02557350470963085,3.275888727066625e-05,0.0001833437666956545,0.001033049427219917,0.8936684062134421,1.3277326425889906e-05,7.119181062641882e-05,0.0022994536218665968,0.000543945605248133,0.00010265681894786391,4.6325465057598166e-05,0.0013884193206827632,0.007500919611538337,0.013893931245027424,0.0003896041917040472,0.004137731948726865,4.578036355280338e-05,0.00017991325045333239,0.045258500937535924,2.7168417791693206e-06,5.175564151366586e-08,3.882187178992288e-06
6,0.0018533337539257046,0.0016336587593183869,7.2349034952701455e-06,0.021376285506363644,2.8060000503401315e-05,0.00017945016113641644,0.00102211636958328,0.8938964175927964,1.2911229302116974e-05,6.419616142974046e-05,0.0023111284132269054,0.0005925569990473102,9.148848975756456e-05,4.252559827551359e-05,0.0014743994945693047,0.007420852026242423,0.01347736650263767,0.00029925330789682986,0.003982555671675952,3.770814003528646e-05,0.00015378108601434267,0.05003623381159468,2.166352510632341e-06,4.310780143064009e-08,4.276560860200904e-06
7,0.0023359882873543528,0.0016222489470562073,7.002494708841627e-06,0.021381311181164295,2.7572335805945337e-05,0.00016927998063742797,0.0010286426702827121,0.8925908271610387,1.1219562163082143e-05,6.30877470121619e-05,0.0023722041324692822,0.0005456622539174719,9.906477280513427e-05,3.965481908106185e-05,0.0013332172324879183,0.0074593293064832275,0.013276487831595003,0.0002930373720103593,0.003950677122695267,3.573094745756934e-05,0.00015009156681467076,0.05120188996066716,2.1254873552994962e-06,4.119877761857577e-08,3.6056281593838957e-06
8,0.00267307313649793,0.0012712305408038372,1.5026907329233573e-05,0.01174998819776543,2.0645563696619116e-05,0.0001642234230472372,0.0008147047461690827,0.9037457203637494,1.1902542172493543e-05,7.480759810964495e-05,0.0024820012256739285,0.0007332183381166601,9.289987123920797e-05,6.811850402426932e-05,0.0011110031169248116,0.008112085973030926,0.009359844616660918,0.00032529063940587585,0.005811719034662348,4.8307425644746185e-05,0.00016699258861257673,0.05114146841052212,1.5623064219100018e-06,4.835171945737533e-08,4.116577998645119e-06
9,0.0017214882640563401,0.001857812963412298,1.3247537255650528e-05,0.018306068541517652,3.0183141680265453e-05,0.00019167350969555871,0.000728513411262068,0.8866433308296761,1.6424836329125586e-05,8.856955546242951e-05,0.00210313697683575,0.0006177210142491945,9.426543873346065e-05,7.835532646247215e-05,0.0013847654171382816,0.009027047162128224,0.014729596901275191,0.000325951024747918,0.0043905018099533325,5.9149654126909484e-05,0.0001621764135755642,0.05742357258784229,2.394321379302069e-06,5.965825908553862e-08,3.993702945378279e-06
10,0.0018533337539257046,0.0016336587593183869,7.2349034952701455e-06,0.021376285506363644,2.8060000503401315e-05,0.00017945016113641644,0.00102211636958328,0.8938964175927964,1.2911229302116974e-05,6.419616142974046e-05,0.0023111284132269054,0.0005925569990473102,9.148848975756456e-05,4.252559827551359e-05,0.0014743994945693047,0.007420852026242423,0.01347736650263767,0.00029925330789682986,0.003982555671675952,3.770814003528646e-05,0.00015378108601434267,0.05003623381159468,2.166352510632341e-06,4.310780143064009e-08,4.276560860200904e-06
11,0.0020008679508232204,0.0016554431070986153,7.588177459770184e-06,0.021557204879800486,2.812137265686389e-05,0.00017232615090536269,0.0010818968356736951,0.8920329066111549,1.2913543969810956e-05,6.267712505299526e-05,0.002348702895329515,0.0006251522560312431,0.0001047012374983158,4.307542534048019e-05,0.0014491739126799884,0.007460337230770653,0.013432466792256488,0.000308986945183393,0.004019819509744369,4.004453591286172e-05,0.00015802179753940198,0.051391128708509336,2.134167280721115e-06,4.7084155746548515e-08,4.261747172092152e-06
12,0.0018347946080625184,0.001724964373160768,1.3445752084676843e-05,0.020506156396609226,4.914401445509152e-05,0.00025294583155345784,0.0011700401982037158,0.8860348637538007,2.7145576392405513e-05,8.358928422820681e-05,0.0028735505521928694,0.0006342748165372168,9.866185053287628e-05,9.243408897020409e-05,0.0019489373812115222,0.00880869553587582,0.01755820868228709,0.00037052619781243064,0.0029610247402618657,6.543166920750353e-05,0.00022981239475224118,0.052647373914648486,3.0861507413032388e-06,9.100089504057063e-08,1.0801235522651365e-05
13,0.0015337644434271782,0.0015397767047514344,1.1104150813114126e-05,0.01633090789521604,2.3970159343142707e-05,0.00011609662658215389,0.001039767206864737,0.888061997794699,1.0712056239684815e-05,0.0001194076231500547,0.002648584006168053,0.0007208568190807494,8.888633090562488e-05,3.801745805586687e-05,0.0011445081987241728,0.013789139893911612,0.011890221004297414,0.0004621042925299062,0.004290631080821711,4.7414155134657965e-05,0.0001660155917797474,0.05591991975192508,2.037355019305423e-06,5.485801263586616e-08,4.104542546937143e-06
14,0.00194182413954052,0.0016974005923582666,7.040053262348732e-06,0.021299797468138027,2.8107418639776915e-05,0.0001714726116680933,0.0012096070508676757,0.8880739176747474,1.2121896893486276e-05,6.625345743468951e-05,0.002733408085176377,0.0005588195438648036,0.00011170883906016675,4.398521424650676e-05,0.001279785447993246,0.007000797938225458,0.0134644674995902,0.00035710747369111737,0.004409037644840162,3.915780879497666e-05,0.0001648707380126956,0.05532376180467643,2.169819066123631e-06,4.439069516187537e-08,3.3353885167739435e-06
15,0.0018533337539257046,0.0016336587593183869,7.2349034952701455e-06,0.021376285506363644,2.8060000503401315e-05,0.00017945016113641644,0.00102211636958328,0.8938964175927964,1.2911229302116974e-05,6.419616142974046e-05,0.0023111284132269054,0.0005925569990473102,9.148848975756456e-05,4.252559827551359e-05,0.0014743994945693047,0.007420852026242423,0.01347736650263767,0.00029925330789682986,0.003982555671675952,3.770814003528646e-05,0.00015378108601434267,0.05003623381159468,2.166352510632341e-06,4.310780143064009e-08,4.276560860200904e-06
16,0.0017221359527582459,0.0016743211866501171,5.51885095845818e-06,0.024009737507525795,3.480602787246725e-05,0.00017694060050270016,0.000932526752317439,0.8899498147590705,1.0578748002060522e-05,6.06974565772928e-05,0.002345797561423948,0.0006169148860389768,8.831356434713534e-05,3.903928683354096e-05,0.0014863668929938644,0.006755073451538779,0.015293911342375281,0.0002848154658421802,0.004100409149138283,3.488675481080901e-05,0.00015672307489728921,0.05021406428231059,2.7967053803661095e-06,4.5334694560288965e-08,3.7644051394567037e-06
17,0.0019236819265700457,0.0019317444710965962,7.520352139544356e-06,0.023517578767549473,1.0728451581821964e-05,0.0002253557726233749,0.0011905068289420396,0.893743198860975,1.316871788291395e-05,8.89254330060853e-05,0.0014301341980824283,0.0006958468220339037,9.121148219018188e-05,4.387819788182335e-05,0.001669230845985793,0.007117550913660262,0.008691632520343426,0.00028614261247936375,0.007280475874679202,3.9987437649292425e-05,0.00010812643742650869,0.04988748929788746,1.4796006301089853e-06,3.4531510061160084e-08,4.369645192899445e-06
18,0.0015700298923745743,0.0016563234274311655,7.344107119091679e-06,0.02002807710918225,2.4727236006835252e-05,0.00017369854328077816,0.0011253888564916143,0.8913230836169238,1.4137733287842565e-05,6.540213230177038e-05,0.0021676907046886767,0.0008743536556320901,8.659049408577836e-05,4.442135555916993e-05,0.0015259393839288466,0.007647394837490655,0.01563729331739931,0.0002940728046305794,0.003959570487319935,3.797072539636125e-05,0.00016097676910506226,0.05156740121340647,2.1883331480350293e-06,4.510410506511666e-08,5.878159704426092e-06
19,0.0014774480562865769,0.0021074795976252815,7.131068708918525e-06,0.031504449266177174,3.720932649342017e-05,0.00022986067671446994,0.0010580768162966356,0.8782178541803516,1.7009040997913248e-05,8.756410491683644e-05,0.0018651940431749308,0.0006872048234834589,9.608215818978219e-05,4.948475917783682e-05,0.0018494216459380858,0.008711496128053433,0.011985801830188849,0.00026818980694966063,0.004005142973143313,4.463739851950262e-05,0.00011542520607482639,0.05557060431997412,2.3503667408576505e-06,5.0581667350442854e-08,4.831824154884593e-06
20,0.0028537679223905594,0.001554539508314511,1.0970706738487631e-05,0.02754249432001855,4.058609714396668e-05,0.00019527998518406215,0.0015102605962472374,0.8825037746593166,1.2493095100694357e-05,7.101865490548522e-05,0.002355724821329072,0.0008962583128842001,9.129853241689844e-05,4.176970555528021e-05,0.0014252845408264567,0.010169524633013925,0.024585174283065444,0.00039897198913705376,0.004436865962759922,4.0280588588818445e-05,0.00022455515593820737,0.039029833712536856,4.644601804310529e-06,7.300504652209003e-08,4.554609736288149e-06
21,0.002565186524291765,0.0015571605922839915,1.1751923321793283e-05,0.02072369575199785,2.7313271876921354e-05,0.0001160096742769837,0.000967524567524376,0.9011413387238466,9.541426169096551e-06,5.847529598881897e-05,0.002146921596408422,0.0008561550311536702,0.00011830012161311169,5.2664242902613573e-05,0.0010573422534661022,0.009050475046899977,0.018216386718918138,0.0003979708874029171,0.002937760238680877,5.0830031945925905e-05,0.00020227789774415492,0.037728011651454015,2.5106480537746606e-06,5.887988895405631e-08,4.337001888801037e-06
22,0.0019263337903494947,0.0016941710872345767,7.714414462037814e-06,0.027354537019730226,2.8371890072219087e-05,0.00026202103225577415,0.0007084318946239528,0.8813965965379249,4.351780980376395e-05,6.897197007115234e-05,0.00227468597232323,0.000516240235494487,9.049069899010555e-05,3.5615096713800546e-05,0.0038122735103731397,0.0072007394855298475,0.014085608914019101,0.0003096833620357909,0.0040689898466576176,3.435537616350511e-05,0.00016466467740733313,0.05390645151929911,2.080615234316965e-06,4.5087342382396526e-08,7.4081558885680615e-06
23,0.0018533337539257046,0.0016336587593183869,7.2349034952701455e-06,0.021376285506363644,2.8060000503401315e-05,0.00017945016113641644,0.00102211636958328,0.8938964175927964,1.2911229302116974e-05,6.419616142974046e-05,0.0023111284132269054,0.0005925569990473102,9.148848975756456e-05,4.252559827551359e-05,0.0014743994945693047,0.007420852026242423,0.01347736650263767,0.00029925330789682986,0.003982555671675952,3.770814003528646e-05,0.00015378108601434267,0.05003623381159468,2.166352510632341e-06,4.310780143064009e-08,4.276560860200904e-06
24,0.0013915181345250233,0.0022072786190442855,5.95273438095625e-06,0.028348020241900532,2.6138899526419e-05,0.00014773687963302588,0.0009053623566771896,0.8902898981677562,1.1456577627099855e-05,7.15170979365208e-05,0.0018577067881276608,0.0005011231927917701,9.441027556758761e-05,4.5981089789463095e-05,0.001400715046735281,0.007050181880228316,0.012996990459091919,0.0003224691108163696,0.004737635535179469,3.6159097746211e-05,0.00015229830662959353,0.04739376470206646,2.1245361542589924e-06,3.9354985360216685e-08,3.5209150830865365e-06
25,0.0016661835326167757,0.0024585104973045644,6.588278132282244e-06,0.033208245650551825,2.9653063285170516e-05,0.002167349290791923,0.0009333031541423249,0.7807235969159996,0.00015184427234635566,0.0005010470490060716,0.0019786476459892955,0.0007627065160469254,9.570773413937223e-05,3.4127827500706135e-05,0.043627798727471995,0.03162606089153801,0.01471295641861052,0.0002712095826469427,0.0059635515704826725,3.3782103781106263e-05,0.00013428993256260686,0.07882267766342181,2.9575632026099785e-06,1.500057798653757e-07,8.70541126487396e-05
26,0.003926888360918077,0.0018218414120145826,1.729045715635202e-05,0.034493933574801135,5.706065552199061e-05,0.0002793510662524012,0.0012963170739652844,0.8776397119508113,2.4497185696930214e-05,0.0001025773298201776,0.0026299985029619023,0.0007194839560579237,0.0001338365191093387,7.159583347423769e-05,0.0015696549163241214,0.008971543359770413,0.019482382494282247,0.0005978155716261362,0.003840156094754541,6.633302119708405e-05,0.0002712848710258756,0.04197380677806811,6.227021339930797e-06,1.344817485043262e-07,6.277511301487742e-06
27,0.0018821809947545392,0.001258779478175101,3.862980843647333e-05,0.020943566785413505,2.4351781273135993e-05,7.554685276102134e-05,0.0013215451762538957,0.874395938110543,3.836670255070476e-06,6.35788398102262e-05,0.0021377893687480392,0.0006740087486837075,0.00013585236465826254,6.738139136844122e-05,0.0003401623151424563,0.014085104657548949,0.055531235736817834,0.0007953492025482172,0.003250366850739376,4.6743422823573784e-05,0.000831778653172329,0.022085556671710842,5.181110527266378e-06,6.916914272641695e-08,5.465838692151687e-06
28,0.0018533337539257046,0.0016336587593183869,7.2349034952701455e-06,0.021376285506363644,2.8060000503401315e-05,0.00017945016113641644,0.00102211636958328,0.8938964175927964,1.2911229302116974e-05,6.419616142974046e-05,0.0023111284132269054,0.0005925569990473102,9.148848975756456e-05,4.252559827551359e-05,0.0014743994945693047,0.007420852026242423,0.01347736650263767,0.00029925330789682986,0.003982555671675952,3.770814003528646e-05,0.00015378108601434267,0.05003623381159468,2.166352510632341e-06,4.310780143064009e-08,4.276560860200904e-06
29,0.0018533337539257046,0.0016336587593183869,7.2349034952701455e-06,0.021376285506363644,2.8060000503401315e-05,0.00017945016113641644,0.00102211636958328,0.8938964175927964,1.2911229302116974e-05,6.419616142974046e-05,0.0023111284132269054,0.0005925569990473102,9.148848975756456e-05,4.252559827551359e-05,0.0014743994945693047,0.007420852026242423,0.01347736650263767,0.00029925330789682986,0.003982555671675952,3.770814003528646e-05,0.00015378108601434267,0.05003623381159468,2.166352510632341e-06,4.310780143064009e-08,4.276560860200904e-06
30,0.0018533337539257046,0.0016336587593183869,7.2349034952701455e-06,0.021376285506363644,2.8060000503401315e-05,0.00017945016113641644,0.00102211636958328,0.8938964175927964,1.2911229302116974e-05,6.419616142974046e-05,0.0023111284132269054,0.0005925569990473102,9.148848975756456e-05,4.252559827551359e-05,0.0014743994945693047,0.007420852026242423,0.01347736650263767,0.00029925330789682986,0.003982555671675952,3.770814003528646e-05,0.00015378108601434267,0.05003623381159468,2.166352510632341e-06,4.310780143064009e-08,4.276560860200904e-06
31,0.0016754517497845922,0.003229562248524264,6.9488536029583065e-06,0.02074455404153835,0.000139009579755375,0.0008777415655511183,0.034152859088625226,0.6545605291807594,0.0011551216101317425,0.000596479394492955,0.004594122640315801,0.004269145788766398,0.0004162046480012327,0.0005896925864176792,0.008852623673528924,0.03186549545329787,0.014671174184845653,0.000524534887541423,0.06093036072585855,0.000939374986382566,0.00039437231520700415,0.1546908676052186,6.515878538186794e-06,1.3966279216776141e-06,0.00011586068539224925
32,0.0017452753025900276,0.0016524626672949133,6.795070167797422e-06,0.021800564192708025,2.757895086320651e-05,0.00017937436303656538,0.0010606963248768816,0.8920930717856903,1.2822671793192405e-05,6.48442994101994e-05,0.002285456796472882,0.0005647227991309668,9.35966075279632e-05,4.050929214050608e-05,0.0015222947576348112,0.007695276713925918,0.01330478632830272,0.00030520928323886983,0.0046050146521158,3.7461772281165415e-05,0.0001605899554731544,0.05073515811335121,2.171548952787817e-06,4.429945132382688e-08,4.221451568737195e-06
33,0.0017575664154952562,0.0019043584227741795,4.5672380610058005e-06,0.023509068067180033,4.713303243956292e-05,0.0003145473066273565,0.0010482389816251405,0.8888500931945164,1.5608967349983855e-05,7.967438752704563e-05,0.0022985192898644937,0.0005380634907680237,0.00010285518160006035,2.7830863991054837e-05,0.0017050514981075556,0.006029428251503263,0.011961248008727285,0.0002845641822728051,0.004724658507507259,2.5800343533780887e-05,0.00015627463852497584,0.054606718029913175,3.952548566993156e-06,4.9400528010036694e-08,4.129750995232348e-06
34,0.003147896110161318,0.0009911798686556457,8.502556520521833e-06,0.021570006058228633,3.217682052891302e-05,0.00022193707637240432,0.0011393733896659759,0.8953641312403317,1.4583302888166358e-05,5.825720321411364e-05,0.004352872793816746,0.0005874183083247974,0.00014468232322347927,2.8576139478146872e-05,0.0015121945825560237,0.006454900953246576,0.010211695962289824,0.00044007736572452763,0.0054315249416050735,2.949099462136221e-05,0.00020035031614943106,0.048049735328345375,2.444885859154967e-06,5.1556519962831786e-08,5.939921672538914e-06
35,0.0018751378010734862,0.002128730150943589,1.0054984063763372e-05,0.03291379759999311,3.257464045033315e-05,0.00023121109267594148,0.000905512190426469,0.8706016380716582,1.1736737703276532e-05,0.0001682105628177398,0.0023738044132601273,0.0005985983443826784,0.00015658186398848493,3.3432418115724594e-05,0.0013432387355230128,0.012321176734592171,0.014587761380512258,0.0004790601220021374,0.004029514396228404,9.537778675371089e-05,0.00013037557423322018,0.05496504104757857,2.8106039764446714e-06,4.495983921668371e-08,4.5777872079724365e-06
36,0.011058138562867264,0.001472389029578918,8.391495747422486e-06,0.013641865942130264,1.2403994946452264e-05,0.00015560352386737828,0.004632075926246006,0.8861309788651094,1.8433388138211002e-05,5.850991872714872e-05,0.005964712108869853,0.0021112934794597117,0.00011855080021524413,4.392672338228312e-05,0.0011391370217703391,0.007318147819181934,0.008969734079972173,0.0003868965535528204,0.0034891093268784386,4.3356292926601144e-05,0.000116603568832237,0.05310340367964919,1.291236591860789e-06,3.831915591884457e-08,5.008342202973952e-06
37,0.004495802119420151,0.0016119566770707295,1.3969658979235228e-05,0.024371639858491334,3.749493718631318e-05,0.0001742310421435461,0.0016897008759575924,0.8864665098839762,1.683366746084816e-05,6.24274626168752e-05,0.002822159049952589,0.0009946474078952373,0.00016581464666572967,6.225614030812183e-05,0.0012545363610131429,0.007335500313163014,0.01818143838194067,0.0005152850938198861,0.00355346482954531,5.427692790376363e-05,0.00026173074875302345,0.04584987511193317,3.2586763010303417e-06,8.661011789263566e-08,5.1035173842710055e-06
38,0.002053480378798899,0.0017340312186002245,6.754321082671355e-06,0.021581325572406333,3.097673146094529e-05,0.00019052554986398812,0.0014033538582228309,0.8904411564660166,1.1052957174145847e-05,6.305284237053835e-05,0.0022846967248812623,0.0004679581737561914,9.783296350814357e-05,2.5934144886286063e-05,0.0015687565022008874,0.01099422683742833,0.013248203308090529,0.00032594451016700965,0.004018944310191249,3.724118746176173e-05,0.0001475204664597341,0.04926149690998564,1.9695103320321014e-06,3.8994062825764484e-08,3.5255605906847424e-06
39,0.0013930606544792898,0.0059440907964468884,2.2792419119963573e-05,0.07146372024850832,7.993966303349056e-05,0.00016393076268216188,0.0008267929945735486,0.8279833365543581,1.6423863594068295e-05,0.0005730970061652846,0.0021627485214884114,0.00046029300318495075,0.0002816539212339448,0.00024594717003369046,0.0011332810174053748,0.009763110632821365,0.012306631033201927,0.0010922320723428013,0.005303085678209679,0.0006089795585923937,0.00013736086951104853,0.05803010895440333,3.7652094565665676e-06,1.0505417099151595e-07,3.5123409821452666e-06
40,0.002909413261296688,0.001737147594283713,1.062311060646857e-05,0.018536860100971525,2.8948902677410204e-05,0.00019338006368437689,0.0010527563231995953,0.8835031100004967,1.3444834086104682e-05,5.928346620211378e-05,0.0028877636434007886,0.0009182998851683646,0.00010845341183244168,5.229542200384609e-05,0.0015336215429020764,0.00725857364098286,0.014018253298808025,0.00023660156413641498,0.0027309965060772754,3.7078372959414023e-05,0.00012475538683567297,0.06204116221586121,1.789225708775592e-06,4.251201921260288e-08,5.345713798998004e-06
41,0.00202688624565635,0.001586308012719252,6.825036727613192e-06,0.008682655876134952,1.0655773758965448e-05,0.00010417175441959132,0.0008775930715839982,0.90414614483717,1.1972122869694328e-05,6.002751277970536e-05,0.001910973571265703,0.0005739377134646941,8.883713868578615e-05,3.7208721065335045e-05,0.00087314204291127,0.007445379927174146,0.01920311525763196,0.0002772144620715426,0.003694026706550712,3.888570860110531e-05,0.0002162878640052022,0.04812180295771493,1.637814021375792e-06,3.758581026295755e-08,4.272285204943849e-06
42,0.004494059970050655,0.001581006581901605,9.370985466875158e-06,0.06357036628516073,0.0001575608955023436,0.0002947326250544266,0.001331232359214956,0.8614778758462891,7.919705485055457e-05,0.0001075788549975179,0.0036265097203702877,0.0010183137292475246,8.634574365025388e-05,5.751294406791969e-05,0.0023770170012981894,0.007604202966523156,0.030795896225809312,0.001048782076632137,0.0025253727231027484,2.656863481373448e-05,0.0004210633401647261,0.0172445981532579,4.406509300335939e-05,1.8115914233688237e-07,2.0589030427945688e-05
43,0.0014890889092796413,0.0016310760581303644,5.476657737689017e-06,0.022402718874316087,2.7123712707225706e-05,0.00018693877681442864,0.0008187728269530677,0.8923884713844852,1.2746065234437258e-05,8.026562032532392e-05,0.0022524527802815324,0.0004090811148103324,7.316855662050677e-05,3.219511907357456e-05,0.0015945809697148962,0.007844467331416647,0.01527667067206972,0.0002695890584698947,0.004057655860909019,3.5776552653988034e-05,0.000135705321097519,0.0489702967683534,2.1241589153111767e-06,3.8949890760944945e-08,3.517899739530813e-06
44,0.0018533337539257046,0.0016336587593183869,7.2349034952701455e-06,0.021376285506363644,2.8060000503401315e-05,0.00017945016113641644,0.00102211636958328,0.8938964175927964,1.2911229302116974e-05,6.419616142974046e-05,0.0023111284132269054,0.0005925569990473102,9.148848975756456e-05,4.252559827551359e-05,0.0014743994945693047,0.007420852026242423,0.01347736650263767,0.00029925330789682986,0.003982555671675952,3.770814003528646e-05,0.00015378108601434267,0.05003623381159468,2.166352510632341e-06,4.310780143064009e-08,4.276560860200904e-06
45,0.006794289962408627,0.0036082582811361613,7.760661537483943e-05,0.01659051305750624,3.0913691294189976e-05,0.00010219153549727602,0.00036970584862936216,0.8814415770883777,1.0531902349878105e-05,0.0002078474966483746,0.0030711133759224714,0.001187303686045223,0.00013223298581433888,0.0005929322867036705,0.0005763860409882914,0.009323106061939444,0.019800596138098325,0.000998037109891238,0.0030477303699851543,7.875129677057505e-05,0.0009839412028691634,0.05095007414289504,4.634503632866587e-06,1.3313957130484471e-07,1.9592179650522592e-05
46,0.0020050371607120447,0.0016897939698784078,5.012800465917386e-06,0.02119154241254095,2.500577922482127e-05,0.00017267762040082117,0.0009057219116139266,0.8913528713411296,1.2444835486369844e-05,5.904282268470007e-05,0.002277384041876416,0.0006435669796607382,8.713110173962058e-05,2.1370865968471576e-05,0.0014974471645556485,0.007925334871201789,0.01664049046477672,0.00022325676299188757,0.003441942011572961,2.1268676766816463e-05,0.00011817824731342856,0.04967751898504516,1.923155447745622e-06,3.57406998321289e-08,4.000276245077661e-06
47,0.001688922197476163,0.002012561576626328,5.0541198765368445e-06,0.015946609977032816,1.4198635942502358e-05,0.00015043951801999773,0.0009851511662701813,0.8903286708477408,1.240820401667942e-05,4.963589276927775e-05,0.001894140605268475,0.0005217159878602685,0.00010465347249817282,2.7932409430547747e-05,0.0014832096631961886,0.00798118191726999,0.013138356290263262,0.00020975530309087133,0.003244933607729283,2.7929403284476573e-05,8.286859666302561e-05,0.06008442312373066,9.79949328157365e-07,3.361513365017635e-08,4.233919481242794e-06
48,0.004670447592210563,0.00048621987778738415,3.056596605929294e-05,0.018077595768941544,0.0001601678790490652,0.0007021812107570102,0.0026318515904528057,0.8762464084287767,9.133780201597538e-05,9.31491015630919e-05,0.00896426006895512,0.0017609167377026,0.0001635820632844455,0.00011090858826720592,0.0036736063111530433,0.011589782731020588,0.00512251679499765,0.0006253014791066276,0.004553215220944321,0.00027737161704774417,0.00023838779358583074,0.05970765895385376,5.522596421198127e-06,2.0024989848842015e-07,1.6843576147921108e-05
49,0.002037866601683553,0.0014368029431101304,8.386234716851135e-06,0.020658637035941313,2.9113601411479727e-05,0.00021007890155076407,0.0009217471669663298,0.8960808728122318,1.2998553893351624e-05,6.102489428826417e-05,0.002482099747064732,0.0006655196270107045,9.113306923320746e-05,4.1879358022126394e-05,0.001281305546821887,0.0074645218166556745,0.013484014000003996,0.0002857115864096498,0.0029225416237556533,4.2289890334629164e-05,0.00013822166020606438,0.04963671281985304,2.2514174358995774e-06,4.3018896901862564e-08,4.226072502504124e-06
50,0.001467936067406297,0.001657534704384618,6.667129290569171e-06,0.03180476797170714,3.2921158313478814e-05,0.0002450419316255309,0.0009992611672419737,0.8790470390141024,1.884918458748472e-05,5.567407307795122e-05,0.0023437817357279496,0.0006325752025929327,9.703007827976417e-05,4.076384633766443e-05,0.0030330461491279077,0.007906289855261555,0.01379861971141338,0.0003510167302217396,0.004092385383220722,3.800099796629613e-05,0.0001500782623788479,0.05217065915299137,2.833188219717674e-06,5.200608745481487e-08,7.175298435696068e-06
51,0.0020455580962353307,0.0028073804627669454,6.772089930161186e-06,0.015794029846109184,2.13371606589283e-05,0.00013850801069055486,0.0009203225377869374,0.9006104404882787,8.1565300837052e-06,6.27362204947849e-05,0.001817135430587151,0.0005917847870691765,7.653469463732365e-05,3.9069529770725594e-05,0.001069800360182686,0.009021717012782171,0.008993182405222004,0.00033373951870093545,0.0036441765076058617,7.865703145912907e-05,7.528017057976148e-05,0.05183917731062305,2.240258893076427e-06,2.286814686867224e-08,2.240670704837445e-06
52,0.001562231587340466,0.0012510498475090891,6.2075619584033545e-06,0.022143198074665898,1.719056401599581e-05,0.0001868105286893349,0.0006342610320643577,0.902328258859255,1.1421304247435293e-05,8.057357084859611e-05,0.0015593592643479354,0.00027982545355422097,8.814811324839711e-05,3.7622061750546774e-05,0.0015203358507644136,0.007294008028645454,0.006264514841679511,0.00035275853944688023,0.005255089540747387,3.796991333978886e-05,0.00011731382860118645,0.04896706201377533,1.7754897800081844e-06,3.4481650757268483e-08,2.979648073532594e-06
53,0.0017975831679818927,0.0011663211040249457,7.2711325239182854e-06,0.015962226663361598,2.1708751426606433e-05,0.0002045869147144201,0.001037675414774634,0.9056109239021062,1.3822420714967176e-05,5.5903102536974845e-05,0.0021346952881136677,0.0006014225754297722,8.60252657455296e-05,4.159710614942752e-05,0.0013785909707676328,0.0073802769096936215,0.011614356521149822,0.00028812287467402627,0.0035560907274142513,3.813096260995786e-05,0.00013337311494132,0.04686273625014606,2.166185444534189e-06,3.7187712505614556e-08,4.355485841638616e-06
54,0.0012036547754322167,0.002305620330871684,6.887134162848844e-06,0.016453600517003307,1.9456174786723508e-05,0.00018197580801996324,0.0009360182658497581,0.8989159690054984,1.0450221281480193e-05,5.730716922556186e-05,0.001548137465046751,0.000900449555262138,9.310170351916225e-05,3.0789839987226605e-05,0.0008624232381101154,0.004023050460976848,0.012294664164742716,0.00036330985507186116,0.003861318009504531,2.8446462618623488e-05,0.00013206709095888664,0.0557670257653456,1.4945755022894597e-06,3.876565720489228e-08,2.7436455639410698e-06
55,0.0017550517048280346,0.001284859545063875,7.893705192300739e-06,0.02555848408342133,4.151165044714982e-05,0.00022734036719275093,0.0011888602381261543,0.8907443080184801,1.9678050879566697e-05,4.671850268055756e-05,0.002822295964385253,0.00057705953839913,0.00011148406374989095,4.383351335998371e-05,0.00144290888454635,0.007831167610570643,0.01290802119725962,0.00034746342814403217,0.003990965458922818,4.025407792747748e-05,0.00014980128866873954,0.048851553107665494,2.9932148781179595e-06,7.671474923276255e-08,5.416070460943738e-06
56,0.0019153930607444564,0.0016388608598131584,7.286667782629967e-06,0.021217768889146383,2.777585976780053e-05,0.00017595915323175666,0.0010454756603924657,0.893554981086588,1.2859346077516449e-05,6.282184429428906e-05,0.0023358452097365927,0.0006044534316127988,9.68025500520112e-05,4.248449177208453e-05,0.0014359588936386713,0.007288314706043039,0.013329542418932472,0.00030418306797649734,0.003967121059710709,3.792688687393684e-05,0.00015560947829068047,0.050736164091196675,2.1509303360219326e-06,4.427560626026391e-08,4.2160803830657914e-06
57,0.001588332131485266,0.0017868982697664582,8.317715019770763e-06,0.01912602751062586,2.1972794544761933e-05,0.00013533940152910304,0.0008822501172084443,0.8945030110504553,1.216368181237358e-05,6.866655981736366e-05,0.0021036985588482877,0.0006453476298429448,6.343834225618312e-05,5.466211905390695e-05,0.0013862086012578064,0.003996891866460223,0.013907038511801396,0.00030545955885274685,0.004674530579137067,3.246151531125432e-05,0.00012389249709490721,0.05456745036045442,1.8724756231548764e-06,4.008414061544987e-08,4.0280676004721885e-06
58,0.002164363194153942,0.0017820099231602238,8.64263880617777e-06,0.024220959149357665,3.350545789909367e-05,0.00019759541553286726,0.001285573527721143,0.8849538112705895,1.6096605767472604e-05,7.047026536529055e-05,0.002526940383022344,0.0007264912501610356,0.00011524825650257557,4.982850385627568e-05,0.0016421125170843832,0.008292427467552545,0.014520391829006638,0.00034652519836953736,0.00457248541169972,4.763841793584714e-05,0.00018507912949444373,0.05223399946829553,2.623283096872393e-06,6.455424316285645e-08,5.116881325318949e-06
59,0.0020799169863559043,0.0018000693286974933,9.504898126624452e-06,0.02345984893919427,3.404056859967462e-05,0.0001939655382722069,0.001145191671286648,0.8876703248218747,1.54036046657583e-05,7.547226222840801e-05,0.0024462494086971613,0.0006781733411748731,0.00010744905218808904,5.200446460556841e-05,0.0015541697283414802,0.008493859112825656,0.015223230601928093,0.00033687154391313494,0.004187872763697274,4.857455861834629e-05,0.00018973592021144146,0.05019019833575371,2.6500143434657157e-06,6.182886414526279e-08,5.160705535595001e-06
60,0.0018533337539257046,0.0016336587593183869,7.2349034952701455e-06,0.021376285506363644,2.8060000503401315e-05,0.00017945016113641644,0.00102211636958328,0.8938964175927964,1.2911229302116974e-05,6.419616142974046e-05,0.0023111284132269054,0.0005925569990473102,9.148848975756456e-05,4.252559827551359e-05,0.0014743994945693047,0.007420852026242423,0.01347736650263767,0.00029925330789682986,0.003982555671675952,3.770814003528646e-05,0.00015378108601434267,0.05003623381159468,2.166352510632341e-06,4.310780143064009e-08,4.276560860200904e-06
61,0.002234055256585737,0.0017173809119688565,9.928569568910286e-06,0.02301872764902939,3.521890977935141e-05,0.0001967677694639688,0.0011420514981742205,0.8895974280698398,1.581773393303311e-05,7.419685268506252e-05,0.002532911008480846,0.0006751027564146516,0.00010669166528273327,5.276267141837951e-05,0.0014827369083796817,0.008038251152891997,0.015002665977323424,0.0003484086836854509,0.0041257635504731585,4.645106313180389e-05,0.00019724310638783758,0.04934149109533518,2.775504976655963e-06,6.360247413171978e-08,5.108032316085551e-06
62,0.0018533337539257046,0.0016336587593183869,7.2349034952701455e-06,0.021376285506363644,2.8060000503401315e-05,0.00017945016113641644,0.00102211636958328,0.8938964175927964,1.2911229302116974e-05,6.419616142974046e-05,0.0023111284132269054,0.0005925569990473102,9.148848975756456e-05,4.252559827551359e-05,0.0014743994945693047,0.007420852026242423,0.01347736650263767,0.00029925330789682986,0.003982555671675952,3.770814003528646e-05,0.00015378108601434267,0.05003623381159468,2.166352510632341e-06,4.310780143064009e-08,4.276560860200904e-06
63,0.001752137839344767,0.0018676006098722463,6.942731577401356e-06,0.022233588412447696,2.6905981098450678e-05,0.00017031738367531105,0.0009695101603222101,0.8909237298014713,1.2628578691898527e-05,6.646473809103583e-05,0.0022040764255188182,0.0005895697342966801,9.180434341391833e-05,4.320664434977132e-05,0.0014992671720663452,0.007550064223166589,0.013689325026650621,0.00028860719694713533,0.004145438713197094,3.645641595651111e-05,0.00015072856557401304,0.051675171791441314,2.0645677968079697e-06,4.275030018777279e-08,4.350192731837636e-06
64,0.0019197742993287902,0.001685078618196872,8.431234407398524e-06,0.02002523414797111,2.9390936378075198e-05,0.00016647967858192576,0.0011499637691929029,0.894182722414077,1.257354922353897e-05,6.373971292812616e-05,0.0024669006028148832,0.0006031459500509558,0.00010104485475276752,4.761251648492422e-05,0.0013625251661408754,0.0075937688809376005,0.015913215789764578,0.00034160302986911977,0.004305010328091714,4.049202281317182e-05,0.00021470027603190267,0.047759642652249384,2.4146903251192448e-06,4.8890707629113406e-08,4.4859886802190354e-06
65,0.0020806312188890604,0.0011655594642788459,7.608493441276489e-06,0.018567369985593208,3.292951102949772e-05,0.00016790543761949602,0.0011988594636848692,0.8950054943635557,2.329701467272247e-05,9.075761121807886e-05,0.0034302625993895435,0.000626505361369729,9.173376851188747e-05,3.425416356483043e-05,0.0013177186843552056,0.00803894446851593,0.017506575782330943,0.00032847231147699774,0.0051079161828973514,8.261926132496799e-05,0.00015952525420775932,0.04492393667379409,3.112079475163247e-06,4.531222309765393e-08,7.965532579653458e-06
66,0.0019489862526086063,0.0010850152716964175,6.5505827494188e-06,0.013167672404654935,2.1686288732510752e-05,0.00012535219194184736,0.0010504109013292828,0.9121302984939824,1.1126576151838508e-05,6.62762673178639e-05,0.002395565795778886,0.00060021824949148,9.605170313427747e-05,4.94583269620659e-05,0.0010865412297996766,0.007481071987145907,0.010423609573540453,0.0002998205636669264,0.0028934187254252607,2.98444844148108e-05,0.00016314014435132136,0.044862617544509174,1.170889784300419e-06,3.547402521332655e-08,4.0600768055654994e-06
67,0.0019584513290069354,0.0016723240036217973,3.2628958367955366e-06,0.0213584428772149,2.8052261239219274e-05,0.0001779304117435119,0.001051364731178619,0.8986233307851001,1.2329732164961407e-05,5.3713549757862645e-05,0.0023220377804235265,0.0005735521400837175,7.607847077021959e-05,3.303387761497964e-05,0.0013759515438469627,0.005288151893469284,0.013406742956035283,0.00020547410985184082,0.004177921371650377,1.3974470628980945e-05,0.00011447380400797112,0.047466800087663824,2.072083549254322e-06,3.719487236772098e-08,4.49563866645e-06
68,0.0028296328975786792,0.0022833301140772876,5.7015020291967456e-05,0.04507389381177769,0.00014729852536026088,0.00037809854694978434,0.0024932392293025886,0.8626795267706904,4.8146158521824624e-05,0.00018953461411833146,0.00264145752839829,0.001823870066414663,0.00017009963515782062,0.00044081111661162904,0.0008925759003685788,0.012057146972449823,0.016608611716524,0.0005056163792800028,0.0023754405448235157,3.1750554070104426e-05,0.0002554909498815218,0.04598823110521021,1.3328587942969487e-05,3.8464469162708444e-07,1.546860950655009e-05
69,0.0019442513529007149,0.0016411736248894944,1.059150541200425e-05,0.022732028002558465,2.875421206479886e-05,0.00016353276462174497,0.000988155487862641,0.8927442135695827,1.0610858829200873e-05,7.241311167528272e-05,0.0023063159560769327,0.0006005808160801234,9.094042469164838e-05,5.704215617347162e-05,0.0008621696232172689,0.008006760500098633,0.013457542266011075,0.00036103546828474686,0.0037186467028125962,6.193100938222816e-05,0.00017926298005827487,0.04995622507052086,2.1035280487766237e-06,4.3823651552188144e-08,3.6751844950159278e-06
70,0.0018876833083131233,0.001352456139054496,9.19579391115243e-06,0.03831724372095855,7.875627820384495e-05,0.0002578731227204527,0.0011437772943853662,0.8886487334745102,2.062474634812872e-05,5.660948976202571e-05,0.0030618665268045287,0.0006013227254165974,9.714803295403224e-05,5.55243546467647e-05,0.0015538763678676249,0.00563938932040278,0.009238610309011746,0.0002901311214844497,0.0022767443200938362,4.6846762212453335e-05,0.00011371958082512259,0.045244270559524014,3.214866584854161e-06,4.772270546317434e-08,4.334061298563757e-06
71,0.0016599373979082608,0.0019673052792954834,4.062756559236459e-06,0.01833291249848563,5.2665846362869964e-05,0.00014891939323264503,0.0009585011815808257,0.9134434751750602,2.3132989787988486e-05,4.8350118767712715e-05,0.0017501222208342155,0.0006127439771941817,7.404628105205622e-05,1.715471965451604e-05,0.001090357741309419,0.00465497754767645,0.012202781012587571,0.00021818498938207915,0.0035087407193179036,3.6956429309665395e-06,0.00021981591830318368,0.038998601583560014,3.3448816301672916e-06,5.633674375759077e-08,6.113790782138476e-06
72,0.0016209298254197101,0.0013052478956445631,9.823367026948544e-06,0.01472148141076115,1.2001665957078358e-05,0.00021628750146820264,0.0010293368058314374,0.904058591390168,1.502056405355325e-05,6.579966123863244e-05,0.0014723679663842923,0.0006046544616395623,8.478032727327596e-05,7.475011195421993e-05,0.0014788906110342766,0.003961999795272817,0.00888992608554075,0.00037178606385319517,0.005360458919135117,3.823225691307863e-05,0.00014255134347837878,0.05445840258526698,1.323255917907588e-06,3.956234244603009e-08,5.31656642433263e-06
