,0,1,2,3,4,5,6,7,8,9,10,11,12,13,14,15,16,17,18,19,20,21,22,23,24
0,0.03552232302256684,0.003610655235391582,0.0032579860583297248,6.251888439121326e-05,0.04445882012183144,0.02958047754865375,0.008045777702922446,0.06817391231692997,0.3972929909536743,6.340291551014323e-05,0.008803151257911514,0.001601402537244822,7.411398560099105e-07,0.0006042324421428638,0.24663240870501948,0.00011370072932151456,0.003113842675952429,2.9113231203958154e-05,0.06494966702428273,9.91497642650208e-07,0.00019044973106120442,0.017502975522181014,8.960344300329212e-05,0.008526920609766708,0.05777193469320838
1,0.08921356392513001,0.010861720453951017,0.003999311201678905,8.401617068321413e-05,0.030437506671538408,0.04931131617166238,0.02417693057717147,0.06926676729641827,0.2418969790527354,0.00010422745086043749,0.010415490178503779,0.001476382467306918,6.627658918947513e-07,0.0006238944644943816,0.30561426156360316,0.00015401809705037204,0.0024314719827227,9.405562124173868e-05,0.03005922553179702,8.722230736554941e-07,0.000605702994324074,0.03466887777212813,0.0003486189143970727,0.005286069066773979,0.08886805738486167
2,0.022570867480703475,0.005371715520251435,0.0031555527730305903,5.5073375367930104e-05,0.07193536494983827,0.033688424427380396,0.008558383999970557,0.06544120739850723,0.3290077391834455,6.669901265031704e-05,0.022427858261535785,0.0009098733615626436,7.494325084082389e-07,0.0009270376009275547,0.2684914307369992,0.00020713773593203998,0.00409364571188477,6.421749383335481e-05,0.05925037693748846,1.0985331399490373e-06,0.00027458458659294547,0.027739654545261755,7.292542474093239e-05,0.007653455484518184,0.06803492603192857
3,0.029467554396904946,0.00597402161886612,0.003658235851289425,5.704551334030843e-05,0.04419157640896699,0.030303701920906298,0.01035534667909343,0.06898482442565594,0.365987696823208,7.388802745887786e-05,0.008957117261989323,0.001107502467436865,7.185917160236729e-07,0.0005971741174462859,0.25389290606910864,0.00015194072744809903,0.003351648598614243,2.867554704977177e-05,0.06491521013513388,9.687274972984218e-07,0.00029072614079206154,0.029196888201331463,9.712295091923883e-05,0.008641597490674936,0.06971591130715178
4,0.02926093323578243,0.006718592656386951,0.004205926606607668,6.07743090612002e-05,0.0488698540476603,0.03185444368765191,0.010687935346670528,0.06638562476328116,0.37007483199098185,7.59066532413358e-05,0.009501761657149548,0.00121543253482743,9.54510184959283e-07,0.0007125396065774634,0.2481441343593319,0.00015038560104450006,0.003520647090418051,3.084835875995214e-05,0.06250273807175889,1.0533667124016144e-06,0.0002786174151700184,0.03033596613727263,9.82525078253005e-05,0.009761136539970199,0.06555070894567167
5,0.030104603636603708,0.007709578027150008,0.0037580250320801644,7.814370167655237e-05,0.052428698010100326,0.0335150648468748,0.01213368274810429,0.07208403730509903,0.350507568195616,9.278813168260385e-05,0.010634528672879546,0.001214151973965287,8.714678266122597e-07,0.0006961301258465134,0.23628424197654538,0.00017060322039002174,0.003556147517627988,4.304310599294781e-05,0.06517823032768613,1.146338762663297e-06,0.0003926348969674962,0.03135496229692248,0.0001280781969792936,0.010069522622893472,0.07786351762372636
6,0.029467554396904946,0.00597402161886612,0.003658235851289425,5.704551334030843e-05,0.04419157640896699,0.030303701920906298,0.01035534667909343,0.06898482442565594,0.365987696823208,7.388802745887786e-05,0.008957117261989323,0.001107502467436865,7.185917160236729e-07,0.0005971741174462859,0.25389290606910864,0.00015194072744809903,0.003351648598614243,2.867554704977177e-05,0.06491521013513388,9.687274972984218e-07,0.00029072614079206154,0.029196888201331463,9.712295091923883e-05,0.008641597490674936,0.06971591130715178
7,0.04183744320301434,0.013234198242935074,0.005808286378611189,5.2738287287550644e-05,0.035755410373218055,0.026142223158200605,0.01544022340780914,0.06071369879064702,0.4303081932762064,5.370429975545801e-05,0.01981367934510081,0.0011094152922881684,1.7270322518413e-06,0.0005747736062774053,0.21118329531183797,6.10440248658242e-05,0.002717115538872385,3.773761401300224e-05,0.04429216095144629,1.3973406380445334e-06,0.0001637051921231923,0.022545364015321617,6.309070825961046e-05,0.014671958895058634,0.05341741571396058
8,0.027606294811797157,0.005391441531690847,0.0039586750444932026,7.581066465678884e-05,0.05084246058746159,0.01892664131740799,0.013298033413105665,0.06972896284652026,0.3350309117173031,0.00010256470875490614,0.0041097200133547495,0.001228299933659572,8.910072903774513e-07,0.0007868106573527544,0.2611877367306044,0.00024097625574624079,0.003084790024377103,2.2521410687232645e-05,0.0672442970469057,1.072992929692909e-06,0.0002750616034645763,0.033575237811356344,0.00013650433551857862,0.012370230335218306,0.09077405319834289
9,0.029798787164894053,0.008214723205742827,0.0061172447209088925,7.469603685184141e-05,0.05447680695852622,0.014484303720590277,0.011327119738359736,0.06443459400401458,0.383937173563614,7.679427591090629e-05,0.006356584262532958,0.0009910345929217256,1.2872758833901292e-06,0.0007219905770672564,0.2238756048702253,0.00010092175611058754,0.002779184373492073,2.405543178062577e-05,0.06442543430667387,9.612557623359911e-07,0.0002634678673502058,0.02510801846667683,8.182223185777124e-05,0.018682169255030506,0.08364522008722125
10,0.029467554396904946,0.00597402161886612,0.003658235851289425,5.704551334030843e-05,0.04419157640896699,0.030303701920906298,0.01035534667909343,0.06898482442565594,0.365987696823208,7.388802745887786e-05,0.008957117261989323,0.001107502467436865,7.185917160236729e-07,0.0005971741174462859,0.25389290606910864,0.00015194072744809903,0.003351648598614243,2.867554704977177e-05,0.06491521013513388,9.687274972984218e-07,0.00029072614079206154,0.029196888201331463,9.712295091923883e-05,0.008641597490674936,0.06971591130715178
11,0.030362683098312155,0.006471725757920849,0.0038462860368567594,5.8794708871387465e-05,0.044715839191201416,0.03061113378867941,0.010741322988765756,0.0685201283962682,0.36828446782636076,7.507466323535244e-05,0.009508536363206971,0.00116696702163602,8.419299666259772e-07,0.000631777071337189,0.24980208851900265,0.00014909877604976797,0.0034761808509927734,3.106110713035256e-05,0.06321172597696154,1.0536884311510317e-06,0.0002851398950524298,0.029973764977539837,9.967143694545658e-05,0.00925056305793907,0.06872407287133639
12,0.04069689359522115,0.007519936814036764,0.004160527142357776,8.768528200016358e-05,0.04732511878643675,0.04055478430352351,0.014749116830616511,0.04793776889000462,0.29651177330032874,9.604968419569766e-05,0.00986324145355541,0.002388816551182157,9.317878299984707e-07,0.0010314827498660336,0.23821341199320353,0.00036888730947490326,0.01971400361982837,0.00012109838671565539,0.06797077628148465,1.2595767585502508e-06,0.00047670561375809064,0.05855614181401792,0.0002774211047446146,0.017070839617018857,0.08430532751183963
13,0.03264204520712183,0.0036719604897979038,0.004546824481941563,4.732627608885344e-05,0.04376363331709287,0.02798247222535406,0.007443220620325195,0.06896263144188287,0.3678120503208875,4.577766576910655e-05,0.009903323582872011,0.0028739776933140084,7.053370420128654e-07,0.0006073861518169887,0.26563407464421873,8.116300962331839e-05,0.004495751716866298,2.7146483487232865e-05,0.0642732795236574,9.134570627288485e-07,0.0002753168384133867,0.0328931480269963,8.578200813926448e-05,0.006558562218467491,0.055371527261761304
14,0.010296560691980074,0.02992981026578156,0.0019098003522915344,7.84881189037561e-05,0.06669978512908113,0.03838692681651881,0.006078834880313541,0.0570428345624206,0.4562004256906431,0.0002509573402112234,0.010470065175735448,0.00036208375166323363,1.263826992114994e-06,0.0005208057435243131,0.17099350954942374,3.7351722128155e-05,0.0013235882511202887,4.0195973419152545e-05,0.061437582601881376,6.645454087499533e-07,0.00032753968408292226,0.031943968971176344,4.338318722049405e-05,0.02528851168905712,0.030335061479021083
15,0.029467554396904946,0.00597402161886612,0.003658235851289425,5.704551334030843e-05,0.04419157640896699,0.030303701920906298,0.01035534667909343,0.06898482442565594,0.365987696823208,7.388802745887786e-05,0.008957117261989323,0.001107502467436865,7.185917160236729e-07,0.0005971741174462859,0.25389290606910864,0.00015194072744809903,0.003351648598614243,2.867554704977177e-05,0.06491521013513388,9.687274972984218e-07,0.00029072614079206154,0.029196888201331463,9.712295091923883e-05,0.008641597490674936,0.06971591130715178
16,0.028510569532912235,0.00711047747444787,0.0030342353675612103,6.573227679116232e-05,0.04207480306098476,0.04239201529142087,0.013518335317526983,0.07194426960598975,0.33978137315738266,0.00015955728597883957,0.009544320625722058,0.0011104988040569438,6.379241174811359e-07,0.0006417323466242982,0.232132115262334,0.0002818979647552387,0.0033253600134591265,5.166337284907093e-05,0.0767516199022689,1.1105508568614014e-06,0.0006911543203142566,0.04205795538405832,0.00013379235316058732,0.0077630878909048994,0.07692168491352155
17,0.03640371896432789,0.006606720421119599,0.004081871990193614,7.979416927454185e-05,0.057723526327655546,0.03781467181145079,0.01595809989355903,0.06974631803859069,0.3355482948719884,8.812059636276363e-05,0.012159072417206524,0.0017382460767268488,1.110165807462773e-06,0.00139051838719743,0.21784665938584064,0.00025451699244075077,0.0035307017693419194,5.178922582295583e-05,0.06657821257909431,1.1569436227422674e-06,0.0004005807987463611,0.033170498118632416,0.0002005477983158311,0.008473058177369748,0.09015219407931108
18,0.055028624201521416,0.007732479567407315,0.003932217169011921,6.309789671647544e-05,0.04820313933122187,0.022254883086793,0.015333426128685818,0.06866356104206474,0.32890131824460345,9.755592755139748e-05,0.008332048324891905,0.0017834275927199267,1.0332272969938018e-06,0.000930826451083644,0.22743880137989214,0.00019495415729389203,0.004411524991483354,6.489003878506912e-05,0.06234824397877908,1.0035966756232792e-06,0.00035200025530256917,0.04325626046396924,0.00016470967778181366,0.009387705407999271,0.09112226786046791
19,0.026334126937936037,0.00733549400364789,0.0024298419814257626,5.300425081123159e-05,0.05889023786014038,0.027854872245547013,0.007512285324772923,0.0632581602696383,0.3830556604147503,7.51907160117176e-05,0.010231176865668245,0.0016798671222419265,7.006091210576612e-07,0.0007912537095579264,0.21441465666355486,0.00010120048243614182,0.0033937260969405386,3.218339012281777e-05,0.06224871560114528,9.217226277163673e-07,0.000292314239799311,0.03548138931421287,6.027628461546675e-05,0.008834337747372084,0.08563840614590225
20,0.017360984442357365,0.005218426930502178,0.0026661854233839,4.282558313670363e-05,0.04677012219577201,0.021930962487917212,0.006807449019712755,0.08323207579433851,0.3517292182242939,7.860267030583077e-05,0.005420664681349201,0.0008273482941160807,6.073999486421098e-07,0.0004718823543424875,0.27917246691096176,0.00011953752603900592,0.004169391924226118,2.098379503042027e-05,0.06738913683719548,9.504867497936388e-07,0.0002931812452846265,0.045758913582609556,7.546744018389795e-05,0.006913901416066762,0.05352871333417565
21,0.03211959545254221,0.00589203283193886,0.005448316723635001,7.257072397697112e-05,0.046651912560267454,0.046570812380595725,0.01842483031728878,0.0636565912340819,0.343836037159876,9.195739776146918e-05,0.012306510869430836,0.001295906761085825,1.3183340748015603e-06,0.0009775419448912878,0.2354994452302877,0.000330553160277541,0.0033370148006927553,4.6660776824465204e-05,0.0640000640456781,1.673740196053538e-06,0.0002983645089469442,0.029305902756062117,0.00015122317795928102,0.009019208048116855,0.08066395506351104
22,0.03809600529502266,0.004861378070563051,0.004434564593162559,5.777262909139014e-05,0.04376140338879785,0.03913147987071991,0.012499369075106933,0.07243868587396313,0.3449259037383159,7.553196405511359e-05,0.013439987684775221,0.0016713841069344144,7.078314994491511e-07,0.0006400862691770883,0.24230148098400472,0.00023154779714359205,0.004564686434766918,5.305911545358526e-05,0.06595986052197791,1.2507208273309893e-06,0.00046772967441942,0.03724619018227984,0.00012949308833959093,0.008860473095145514,0.06414996799445694
23,0.029467554396904946,0.00597402161886612,0.003658235851289425,5.704551334030843e-05,0.04419157640896699,0.030303701920906298,0.01035534667909343,0.06898482442565594,0.365987696823208,7.388802745887786e-05,0.008957117261989323,0.001107502467436865,7.185917160236729e-07,0.0005971741174462859,0.25389290606910864,0.00015194072744809903,0.003351648598614243,2.867554704977177e-05,0.06491521013513388,9.687274972984218e-07,0.00029072614079206154,0.029196888201331463,9.712295091923883e-05,0.008641597490674936,0.06971591130715178
24,0.02437355941035097,0.010502123919944704,0.0038444908980333438,9.659049818835802e-05,0.060151466816956406,0.03680771943767375,0.011532023046971105,0.07018506837450313,0.3593253119875013,0.00011080845818713919,0.010397180086667835,0.0012819341011685737,1.0464886078285783e-06,0.0010263155683837156,0.21155255003444318,0.00017035150068897054,0.0029642731922224987,4.113691888310242e-05,0.07181503152062704,1.281467998554826e-06,0.00039273277305116504,0.03515037676984047,0.00011004539196879966,0.008203069856547299,0.07996351148059076
25,0.04370793234135164,0.005280598531249284,0.005234386183430657,7.801331831884867e-05,0.045806089645645434,0.025616667141076414,0.018489983046292707,0.09218785561791065,0.3499797938704057,5.370541602078652e-05,0.021070989573834208,0.002355555518239312,1.0929088313704212e-06,0.0008439520350893664,0.21362521788449967,0.00015174143152011215,0.0035201394477514325,4.3317499784203334e-05,0.07650446058576364,1.8172033026871056e-06,0.0004267041059135572,0.02983650718768062,0.000148188214670432,0.006997844946117395,0.058037446345299906
26,0.05475961791222308,0.006578106185201518,0.0008883292287657663,8.679198408986346e-05,0.038756505309760506,0.051122752742767945,0.013808539932483837,0.042861863896042414,0.3893458149291779,0.00011239965126379297,0.004733851048949737,0.001191055696416678,1.458695377044934e-07,0.0007301827116713317,0.22289449318237725,0.00011814240296047882,0.0017250781523067927,7.510112802075242e-06,0.04902038427759358,8.315579356658626e-07,0.00028266949678099144,0.026439543421335764,5.461055057503247e-05,0.00039619802890947887,0.0940845817180709
27,0.02476243855851861,0.004321046363140182,0.01713498404803858,0.00022185068805347444,0.026300295396379153,0.030792818799447497,0.008238613172900653,0.06559177834554596,0.3457788679868563,7.335946380032112e-05,0.005258264783820107,0.0011950434275896957,3.7235529121828097e-06,0.0003270145444981179,0.27137020182384347,0.00018875901557224799,0.007559039591882128,3.9858872817888253e-05,0.057503356199905875,1.6038585049933831e-06,0.0002471222527097122,0.030093710492752647,6.0573206377252714e-05,0.028734332097365103,0.07420134345676786
28,0.029467554396904946,0.00597402161886612,0.003658235851289425,5.704551334030843e-05,0.04419157640896699,0.030303701920906298,0.01035534667909343,0.06898482442565594,0.365987696823208,7.388802745887786e-05,0.008957117261989323,0.001107502467436865,7.185917160236729e-07,0.0005971741174462859,0.25389290606910864,0.00015194072744809903,0.003351648598614243,2.867554704977177e-05,0.06491521013513388,9.687274972984218e-07,0.00029072614079206154,0.029196888201331463,9.712295091923883e-05,0.008641597490674936,0.06971591130715178
29,0.029467554396904946,0.00597402161886612,0.003658235851289425,5.704551334030843e-05,0.04419157640896699,0.030303701920906298,0.01035534667909343,0.06898482442565594,0.365987696823208,7.388802745887786e-05,0.008957117261989323,0.001107502467436865,7.185917160236729e-07,0.0005971741174462859,0.25389290606910864,0.00015194072744809903,0.003351648598614243,2.867554704977177e-05,0.06491521013513388,9.687274972984218e-07,0.00029072614079206154,0.029196888201331463,9.712295091923883e-05,0.008641597490674936,0.06971591130715178
30,0.029467554396904946,0.00597402161886612,0.003658235851289425,5.704551334030843e-05,0.04419157640896699,0.030303701920906298,0.01035534667909343,0.06898482442565594,0.365987696823208,7.388802745887786e-05,0.008957117261989323,0.001107502467436865,7.185917160236729e-07,0.0005971741174462859,0.25389290606910864,0.00015194072744809903,0.003351648598614243,2.867554704977177e-05,0.06491521013513388,9.687274972984218e-07,0.00029072614079206154,0.029196888201331463,9.712295091923883e-05,0.008641597490674936,0.06971591130715178
31,0.0363210609154002,0.01135154521380649,0.005104609600865919,7.183676918133872e-05,0.07016465408490813,0.0204955059440992,0.011063801837449235,0.08325919361881487,0.36522047597691093,0.00010052393849180319,0.00827858596267083,0.0015220235088458755,1.2458536171882514e-06,0.0009627206145650711,0.18544456188617936,0.00013663038332422213,0.0036810108430134466,4.525948804090047e-05,0.07210188620982176,1.0865054484646981e-06,0.0003521636874360141,0.03550577701866642,9.524892252497974e-05,0.011169773334346527,0.0775488178815706
32,0.02713236668423582,0.005373120875562285,0.003303878799234575,5.1893254976962584e-05,0.041412853482060925,0.028756154510338704,0.009242828761469616,0.06971430927853998,0.3717429590902956,7.112257608074032e-05,0.007996888352309255,0.0010120675296178391,6.431445965266283e-07,0.0005589209814930662,0.25812818957712946,0.0001442353706624156,0.0032577337736149265,2.4665155192602267e-05,0.06859367797947362,9.045894359602342e-07,0.0002805061928364999,0.029487454684212152,8.553433086292386e-05,0.0075840215320424785,0.06604306949372536
33,0.023879945692826206,0.010119755510614113,0.003779202103327066,5.6090336321662814e-05,0.0843178555039536,0.029670977759138205,0.011642656755041085,0.07625059139219471,0.290705737334889,9.504241180929152e-05,0.0076492118424868714,0.0012566593389002744,2.2107347837503953e-06,0.0011155347230426193,0.2163792539311113,0.00020361994258708032,0.0056974775240209745,5.4463894687604584e-05,0.07482119977930353,1.27873447096836e-06,0.00022387433247388975,0.09596758680874135,0.00019436365525684018,0.010555218151077246,0.055360191806940955
34,0.03151888458427028,0.004933299516796015,0.011976334138775831,0.00020538783246024382,0.018345975506370245,0.028720814673477556,0.014639128520497818,0.07299007436023366,0.3478689724674442,0.00015386004893582254,0.00630362249484854,0.0011433097781787397,8.51636674262176e-06,0.00037424347322025466,0.2828308659016617,0.0002851312757794328,0.002318183893730017,6.896875476806956e-05,0.06964767275047255,2.559518741344488e-05,0.00022061270921759627,0.021915586209680288,3.978880427644962e-05,0.008821924728537506,0.07464324602221119
35,0.03086231581282282,0.006155385245954364,0.006885733502037069,7.07272889722896e-05,0.04205814270060057,0.029643329519877363,0.010277217153988605,0.0570656488050554,0.37638212381307234,7.547627323015203e-05,0.00909351558348775,0.0012198878673246596,8.418952691672526e-07,0.000579239905109634,0.23548012477098607,0.00014165031551739205,0.004748466623528946,2.9431405416878857e-05,0.06581079817649464,1.1860003604657783e-06,0.0003074733065863836,0.03039472954207815,9.303561110208807e-05,0.012551022763098253,0.08007249611802827
36,0.029593292675389925,0.009130808754157803,0.0038653309455717656,4.8528451205436864e-05,0.047297135324415845,0.021211235274369127,0.004936777839300482,0.07197560448739183,0.376123162081489,7.95988316491842e-05,0.0056426483038020895,0.0007505967717520996,7.356666004855328e-07,0.0006513024386285001,0.2683104871637125,0.0001425514655052432,0.0041163001209265325,2.4005232352965645e-05,0.05487942953401045,8.175942311653069e-07,0.0004201303289714343,0.024952815689916412,0.0001201402904534657,0.007865147301533341,0.06786141743266311
37,0.1017056715594329,0.00690822234023159,0.007725020062799976,5.116235262024411e-05,0.05380203993020622,0.030144648084464563,0.022527108832185415,0.053072335327054125,0.31426836751493786,5.3004916289581654e-05,0.016355353782317235,0.002304374129268744,1.4861080937724098e-06,0.001342772125763041,0.19470794599644795,0.00022296098913150605,0.004859802453924349,7.710353811622048e-05,0.06397984413830203,1.075895138685321e-06,0.0002449086068085506,0.026249056009560956,0.0001649634028581842,0.0142717384111514,0.08495903349289499
38,0.0402269870170652,0.002428101520109546,0.0030671294621342628,3.655386282600954e-05,0.025002534155517342,0.05431306777451041,0.017796323335306827,0.053048254288781044,0.31790141257968935,7.378136995054291e-05,0.009276915570626914,0.0007601015638166714,5.592600267312859e-07,0.0003466117474735838,0.32801241345874277,0.0003927766079265602,0.002549107533790447,2.6896288881480482e-05,0.057476585652875556,1.0677606266192009e-06,0.0002181418247654351,0.019809446018500394,0.0001347127305348639,0.008057499901836757,0.05904301871368463
39,0.024757632217865134,0.002655626107368111,0.0032100683136103447,6.092562683857979e-05,0.043374706523735325,0.03379525549958575,0.007905717169757145,0.08525684680277971,0.35205284061054526,8.3284383144952e-05,0.008701239740174461,0.0017091257684621036,5.105090721009364e-07,0.0005654825032010132,0.2441509657493211,0.00037478747090967444,0.002415021572746049,2.6053073176035587e-05,0.08942123132743897,1.1920119455539432e-06,0.00061419159153133,0.02602788103669191,0.00010413453335563722,0.0037903278556707803,0.06894495200107305
40,0.03862619703960146,0.0048412775757339845,0.003716043871914894,5.0323792374234497e-05,0.03760827239795154,0.0319926224770114,0.010318576130904566,0.068047718755285,0.3602684569695968,5.415298589775897e-05,0.009271715074237635,0.0012420446257801888,6.64046581065565e-07,0.0007255061442478892,0.24293641795477883,0.0001506791069296989,0.0032149238360683497,3.2991699893449514e-05,0.06146115414730567,9.544260529188147e-07,0.00021853439903300433,0.0511515152231284,7.625527708824369e-05,0.008575653824765942,0.0654173482178366
41,0.010110493983267856,0.006161886026186583,0.0038521762024903428,0.00027370311813957416,0.056136822117743373,0.041476601588062476,0.0020877877479096017,0.06569932904642406,0.393818951013509,0.00020871796156765647,0.012181015757766946,0.00039351521202844226,1.7218562986015313e-05,0.0011429442824625988,0.2792212385181329,5.666771191986352e-05,0.002535952887032456,7.384411912691282e-05,0.04254088658763045,4.661837134781077e-06,0.00020603157515128792,0.01053817797938071,0.00027031563856136685,0.008618984233654212,0.06237207629173061
42,0.05482506877722198,0.01966024089447205,0.002189837882700001,3.6295747148426445e-05,0.030215351784133627,0.01988666476483822,0.006213502214685354,0.0924988242091604,0.36444018612936724,9.388604998214118e-05,0.003684689882972637,0.0022386813263610777,7.087722187433701e-07,0.0007195656524161742,0.2763294762533513,0.0002017979279983851,0.003085270605397781,2.0280269288816078e-05,0.041609362087676696,9.297470047180558e-07,0.00026473922644064374,0.012776629064071099,9.351535046715205e-05,0.0035866040371722975,0.06532789134345289
43,0.010424870227847896,0.003970407023752917,0.0023448373851874013,5.064285263915892e-05,0.04361772563572807,0.02793747519524382,0.006741465058077612,0.08454467465826422,0.3625466233853807,0.00010143941212288817,0.008159986429431589,0.0005190126979068331,7.550830842258081e-07,0.0006961203357636375,0.26842182510119245,0.0001756119222192924,0.0028092445419286727,2.519493348881128e-05,0.08085074373462067,8.262833390765916e-07,0.0005322689153454826,0.03882057603913886,0.00010081549950889258,0.005106718200602849,0.05150013944818395
44,0.029467554396904946,0.00597402161886612,0.003658235851289425,5.704551334030843e-05,0.04419157640896699,0.030303701920906298,0.01035534667909343,0.06898482442565594,0.365987696823208,7.388802745887786e-05,0.008957117261989323,0.001107502467436865,7.185917160236729e-07,0.0005971741174462859,0.25389290606910864,0.00015194072744809903,0.003351648598614243,2.867554704977177e-05,0.06491521013513388,9.687274972984218e-07,0.00029072614079206154,0.029196888201331463,9.712295091923883e-05,0.008641597490674936,0.06971591130715178
45,0.027871161476701455,0.006000564649531292,0.00371098767943486,4.077144266543376e-05,0.044377266865847795,0.02951594817340513,0.008416397199212432,0.0784977184365822,0.3850454647835297,6.657784105679655e-05,0.009133902255445546,0.001095999899601378,7.024852268143061e-07,0.0006036902038555767,0.25780480702798214,0.00011857199434760095,0.0027859559123199285,2.4739322793343793e-05,0.06394475460018528,8.519501694890456e-07,0.0002926474659496488,0.029668354433750363,9.885198443640428e-05,0.008234229692958077,0.04264908222301152
46,0.04856222415674912,0.005431169725656302,0.003958458541781727,5.6956143983603857e-05,0.049886687793635386,0.023513089662771432,0.009090622233433734,0.07762245453124955,0.3112942579809194,7.196481467163375e-05,0.008849329726150944,0.002070576168402771,9.037825900516665e-07,0.0005206536609302884,0.2510911661795963,0.00016614841705269982,0.010730827751184524,3.507376078192911e-05,0.0680518032383748,1.064204197938579e-06,0.00031658120390285594,0.04766807467694994,0.00011599345997985191,0.0106632837786063,0.07023063440644686
47,0.04301560554204519,0.006242817391706275,0.00417010484745888,2.8131304958217938e-05,0.03254958565865377,0.031524787621999464,0.00974425462888192,0.05619984621962486,0.35251896951150974,8.024225681353566e-05,0.009607398587313515,0.0015557505956957842,9.394735783694038e-07,0.0005647074928865828,0.2599813424668206,0.00014225401266482814,0.006555556618418793,6.12381791236627e-05,0.06456000065361225,1.3576408402963153e-06,0.00033410321274971296,0.031006892319904264,0.00013207167019856132,0.00879699500310995,0.08062504708943095
48,0.02637412865176612,0.007205735461220385,0.002151469085506968,3.760795842812686e-05,0.047215129861663735,0.01986804189447688,0.01061019915791942,0.0933486363857685,0.30915392815705706,9.954240244889126e-05,0.005332299926006537,0.0008030476070792801,9.652542658620164e-07,0.0005746452978740471,0.28356636439331634,0.00017230459790024556,0.00638967825652974,2.047169257858927e-05,0.08801587490589936,9.985717592935632e-07,0.00025089770010842987,0.038647407032547265,0.0001043367119137069,0.008269683259297248,0.05178660577666798
49,0.029702181239698998,0.004663259134520119,0.004716142417610374,5.7510276075097695e-05,0.04892007423868039,0.040402634963162834,0.009330492893441698,0.07017081670794917,0.3587937651149278,6.842951016140988e-05,0.011374414586371832,0.0020255817950613065,8.197790236742735e-07,0.0006688468202416745,0.24069514115929344,0.00019487910528466712,0.004124209643152443,3.900475382631736e-05,0.06291794153117768,1.311037662329411e-06,0.0003268513139903352,0.041735486960305934,0.00010305307993608712,0.007516443863239848,0.06145070807520467
50,0.0230982153684955,0.006298133353613483,0.0021802073968867487,4.6806837818864225e-05,0.03365473893120588,0.033810781044230555,0.010640399930390385,0.07068649681221509,0.3914460721969597,0.00012605466214804655,0.004660498340089732,0.0004637117751184496,5.353373465527099e-07,0.0008525829370730116,0.2290920588111004,0.0001604445700409908,0.0011827356342321272,1.4981785229927463e-05,0.09204445873082792,8.148354750598835e-07,0.00021252799127367817,0.030124250822394453,6.31108819414118e-05,0.005032800038035254,0.06410658097585667
51,0.03058758965198658,0.00787126588945935,0.003612381755738718,6.995002484145404e-05,0.04811228879828513,0.03945645804333593,0.01371332903047845,0.07097830361330891,0.36688100106637445,9.461981690527552e-05,0.018098370521141244,0.0012842334116666063,8.435656553185755e-07,0.0010615180029625777,0.2131587668062598,0.0001376969609164299,0.0032644873022064963,7.602055915373452e-05,0.06589006540823487,1.018847573779087e-06,0.0004257659208549798,0.03653390360393471,0.00011066501560625774,0.008536952558086458,0.07004250382503259
52,0.033568333487385235,0.005637183438703377,0.003962726132008215,6.483409804807528e-05,0.031141586806856823,0.0645257686495337,0.00922418010589471,0.05506432260290393,0.37668793152739793,8.310611549918618e-05,0.019771458488836113,0.0010748569513420016,8.447624834622352e-07,0.00042702605646495625,0.22598109735028143,0.00014659980833772203,0.002490136908303059,0.00011335378740227669,0.060335331322630095,1.6242167958881076e-06,0.00028896517109535964,0.030942879134796226,0.00011928992904649158,0.010942565072419235,0.06740399807553447
53,0.03149701706614344,0.003678629732173612,0.00406542188849775,5.719214310928404e-05,0.01467804814473072,0.037019125017594384,0.004268218737705907,0.07891984769242302,0.3863997903702505,7.119725087410929e-05,0.010959973896116857,0.0005896145865810098,7.633017116783044e-07,0.0002939660403854395,0.27864957224002207,0.0001319975467481543,0.005141596183850383,1.9878796946748884e-05,0.053911687908265095,6.062840983255705e-07,0.00016606216531174782,0.014463634371579015,0.00012823243862495769,0.007399562412414727,0.06748836378384099
54,0.03646535946727619,0.006619306170574495,0.0032285010596399704,4.7027479212528026e-05,0.056854991250156396,0.03205906232581177,0.0077320246400013806,0.03659160544758979,0.35451811660321525,6.600363128428392e-05,0.006621328021438142,0.0007201166306979188,6.283504123520195e-07,0.0007290523583980252,0.25047841283186945,0.0001290976750719464,0.0014542646407952413,2.096985381480199e-05,0.06062651705978221,1.0372593871496243e-06,0.00019064345584948915,0.023096992725435556,8.518591175806311e-05,0.0055249852794075835,0.11613876987111997
55,0.04679180283352685,0.006567985419826252,0.003955154860878762,5.888109735895079e-05,0.05497755369913157,0.03447198078469664,0.009439813407729786,0.059392449589602485,0.29966776303926845,9.732582801289236e-05,0.0055555641948690756,0.00171840947669352,6.445799919230783e-07,0.0005473367382372196,0.2967147992052742,0.00046647739817009366,0.0029311241158186205,2.338653361244245e-05,0.05974346148793872,1.2012975602258428e-06,0.00024394714177262578,0.02463624253914776,0.00011746421047693479,0.009331285975925332,0.08254794454447856
56,0.029840652005344328,0.006575204724582934,0.003879631988381681,5.860961016204644e-05,0.044952573259087816,0.02967804629624011,0.010447259327821623,0.068393914486101,0.3718852324602448,7.398518421632849e-05,0.009406716357397158,0.0011432929397027743,8.596715145937146e-07,0.0006119595497766407,0.25002929553750297,0.0001417390805867177,0.0034882724319545222,3.0267846560184543e-05,0.06320031407760969,1.0393602539118344e-06,0.0002761839907722303,0.029564818933961484,9.469513708647188e-05,0.00936975563280745,0.0668556801103305
57,0.022975236669739413,0.004281619231984027,0.0028795038317161485,7.841373341016507e-05,0.06322799731867203,0.017490847282366048,0.004251012690702235,0.04442478677780159,0.376030792193081,7.654671150372803e-05,0.005525704750846935,0.0020539506463778967,6.445794756234705e-07,0.0006433927750726583,0.21077597124919617,0.00011925456656023336,0.002089116024746048,3.979350129626814e-05,0.09171542897825645,1.2626649290196572e-06,0.00035429465843755655,0.04258089537409535,4.926806185443647e-05,0.01643026230961026,0.09190400341826858
58,0.031145162397223983,0.006696653168105599,0.00399050327380092,5.591727152177324e-05,0.04733619285839654,0.027386702783632616,0.010950738930125365,0.07032924612606187,0.36018643706098125,7.62890732671685e-05,0.008945380003548708,0.0011065561029985332,8.557167705587455e-07,0.0005757065799390408,0.2562478769977926,0.00014793492515299987,0.004025313008492775,3.1597223415864194e-05,0.06188622905902429,9.811747978351325e-07,0.00028631591552296244,0.030125505498127637,0.00010421693743807585,0.011096515589945576,0.06726517232391521
59,0.034250979502537485,0.0066269644735530465,0.004790428971889334,5.733954122929917e-05,0.048695935667645386,0.02649328827086742,0.01131736119174275,0.06965435117038278,0.3640242011273924,7.325394972263609e-05,0.009392441576268552,0.0012125546030563373,8.980189575848428e-07,0.0005917276268207931,0.25072281345245595,0.00014892348119584052,0.003993470559810207,3.3582303302182765e-05,0.05845444987422417,1.0232345351001892e-06,0.0002954714587737258,0.028080783721258308,0.0001044326435750663,0.01258800876641175,0.06839531481239193
60,0.029467554396904946,0.00597402161886612,0.003658235851289425,5.704551334030843e-05,0.04419157640896699,0.030303701920906298,0.01035534667909343,0.06898482442565594,0.365987696823208,7.388802745887786e-05,0.008957117261989323,0.001107502467436865,7.185917160236729e-07,0.0005971741174462859,0.25389290606910864,0.00015194072744809903,0.003351648598614243,2.867554704977177e-05,0.06491521013513388,9.687274972984218e-07,0.00029072614079206154,0.029196888201331463,9.712295091923883e-05,0.008641597490674936,0.06971591130715178
61,0.03235187786921046,0.006481196815204779,0.004883994545973478,5.6537558298944074e-05,0.0482249571103325,0.026452393769878412,0.010419031549745687,0.06818523522392626,0.37050244261129595,6.69749442846063e-05,0.009732876154313853,0.001288526871913605,8.49764393584168e-07,0.000612220094621422,0.24957752429039118,0.0001388179168645632,0.0038640993260496237,3.074180270743356e-05,0.05989682582308262,1.0043528120717613e-06,0.0002881847944535301,0.027956798750762128,9.283343062747632e-05,0.011250868288971184,0.06764318633988478
62,0.029467554396904946,0.00597402161886612,0.003658235851289425,5.704551334030843e-05,0.04419157640896699,0.030303701920906298,0.01035534667909343,0.06898482442565594,0.365987696823208,7.388802745887786e-05,0.008957117261989323,0.001107502467436865,7.185917160236729e-07,0.0005971741174462859,0.25389290606910864,0.00015194072744809903,0.003351648598614243,2.867554704977177e-05,0.06491521013513388,9.687274972984218e-07,0.00029072614079206154,0.029196888201331463,9.712295091923883e-05,0.008641597490674936,0.06971591130715178
63,0.02956625671452363,0.006884161809018153,0.003584478249971944,5.505894173299546e-05,0.04201434909007702,0.02887567766338407,0.010416020097281481,0.0669830449174324,0.370364882500845,7.341317041001293e-05,0.009012338204745556,0.0009819931264723506,7.684596110272646e-07,0.0005587548252634698,0.25644808556474863,0.00013391093842320175,0.003431299385794613,2.9220748420134343e-05,0.06183569874551481,9.869904891913091e-07,0.00026515859572935884,0.029713582911087496,9.00304263301632e-05,0.009405383410042689,0.0692754445126507
64,0.027553938524642302,0.0053426579640442964,0.0034321773372104065,5.820791865703466e-05,0.04489802420861251,0.029814473712562545,0.00950983041872374,0.07115204589648573,0.350894746338155,7.980390288541972e-05,0.008982174551598174,0.0011536699790086575,6.020494658637123e-07,0.0005541023152652756,0.2637811012375822,0.00016485677647192298,0.003697851851775779,3.0330307423309756e-05,0.06977821030247601,9.026251071792391e-07,0.000433474222121947,0.029167311970992586,9.987549716607743e-05,0.008019700166674314,0.07139992992489166
65,0.024086369538994363,0.00291889335704456,0.006027403405498095,0.00019459982143955906,0.054492679765981086,0.04952922194684708,0.009242905458554558,0.06296080533272903,0.29563340239629404,0.00013608331207363633,0.010384199305540116,0.009430681352649956,8.355714984568901e-07,0.0015080091700726567,0.2141865714929322,0.0006793884738782345,0.004309318502719032,8.990116395029368e-05,0.09682302499164677,2.0846819030894368e-06,0.002411845038626315,0.05165119246470201,0.00021788141458242206,0.0031429842375822097,0.09993971780226024
66,0.028331964345836336,0.005396905580564455,0.003919398792955766,5.611635239489009e-05,0.02838836933863564,0.0567344294805375,0.0078106738865444635,0.06546746415560717,0.45449198555828774,0.00011987804275581653,0.006065880949308728,0.001231953300709575,7.118691320907185e-07,0.0007848225883986193,0.16001027202164278,0.00017996141097386824,0.004139775183211891,2.317205957851573e-05,0.07459651407180758,8.990996814530796e-07,0.00027674298734549395,0.029054359516318108,3.846005339940272e-05,0.010977771178778352,0.061901518175593785
67,0.032377933273564766,0.0030368351129499427,0.006543803040006102,0.00011299468538073351,0.043319957862993,0.05289454622888031,0.018263174158504737,0.036973844423455825,0.28204432726974044,7.299563059493279e-05,0.011118695917028848,0.002053554480468242,1.0286533151092846e-06,0.0009122610487196532,0.3183865107442876,0.0007365930565748393,0.0030710282505613047,3.9921773104272406e-05,0.04932723282061542,2.86063848492891e-06,0.00031573346803710675,0.019788073561849126,0.0002447843985369384,0.007871597779752671,0.11048971172259321
68,0.04383867502547426,0.004937519259968994,0.003466926499646697,4.547361995429527e-05,0.030939254007397637,0.07114997313687453,0.019238774732326165,0.07573585222780896,0.31015068528967527,7.607216694237518e-05,0.023049814239527497,0.0014357482092168692,6.930505094238798e-07,0.00031414066833643597,0.26199844451741433,0.0002980151840193642,0.0025685059724972746,9.755597926274714e-05,0.0495119785038263,5.860918773880487e-07,0.0004836627507171216,0.03524243140513172,0.0003160043720758147,0.006616522934134969,0.058486690155383485
69,0.03155195801546346,0.006635682892874897,0.0038437644310252857,6.579166208745427e-05,0.03164807235818711,0.021092678910055493,0.010833235219513317,0.06845815115577163,0.39853316954405643,9.560836686736764e-05,0.00719391945545988,0.0009150055374585773,7.739301243317985e-07,0.00043226352112247753,0.23774596020100916,0.0001603608643892571,0.003881442917463632,3.1296407239264486e-05,0.06055527411640779,8.892627860664887e-07,0.00037738142521644646,0.013430052174719565,8.788063945308069e-05,0.008518577712038816,0.09391080927920901
70,0.03184859825225677,0.005606037198214577,0.0023160989141152834,4.3547749335063795e-05,0.04742774392023356,0.043623925780464125,0.01677364545154887,0.06911500466453284,0.353466630285825,6.981751096465295e-05,0.013170261415051421,0.001232870075762187,6.871825684835813e-07,0.0012439936799917702,0.225764719018846,0.0003021282732627681,0.0030387925417733326,3.9656526822987105e-05,0.06311224940475516,6.223118667563348e-07,0.00031292896296607946,0.028990899713905366,0.00012150129803141483,0.008000436022182889,0.0843772038447228
71,0.032824384680064156,0.005036075013956197,0.0033238693449499234,6.476714636758187e-05,0.022369109954211076,0.031271739787175505,0.026755618178328465,0.058312505286964876,0.35811740080272975,6.824317297288548e-05,0.020943557214129042,0.0011954381099059345,1.142159176092315e-06,0.0004929607802543668,0.2668437407195678,0.00026311297255053124,0.003317916180220244,5.601339965384766e-05,0.06495210878685344,5.297246476918881e-07,0.0003266473996532259,0.02831215408263653,0.00034916958422826996,0.007834656029828593,0.06696713948897394
72,0.03461537780658764,0.0078495065049823,0.0044848354661539405,6.108884255735617e-05,0.04530037690711427,0.028159620407464222,0.020476815102870746,0.06536616006460978,0.32364012175531726,0.00010590420951905459,0.01338639605583279,0.0009271229010448607,6.988617296088241e-07,0.00039092690291349076,0.2501501299042193,0.00019714431701639963,0.004464532395443537,5.8951942601235365e-05,0.07858712388278129,7.824521308894462e-07,0.0005604938772680943,0.04713170788904773,0.00018087796679877702,0.0076728482891671715,0.06623045529482811
73,0.0342139006716779,0.0029716910600949254,0.0038677333400548553,6.583547115660304e-05,0.04592806572327821,0.03264626783599217,0.01296843689782614,0.06801289365491464,0.3915150957163598,8.21079072190942e-05,0.01113986935814641,0.0016430996973845835,7.250058504028161e-07,0.0006962155118275698,0.20938683371683708,0.00025455707538627934,0.0023543281853217204,2.9663672606968467e-05,0.07431983139628323,1.2095438933488714e-06,0.00042281636694974355,0.012849785444340981,0.00011109505165896348,0.007212075705322903,0.08730586598961544
74,0.03580705674595755,0.004709008169715089,0.003941214160431302,7.700453584154847e-05,0.0603606673162648,0.04044056721621016,0.005752796745610824,0.07459139316155372,0.3608710906218733,8.790266863705925e-05,0.008889694001063738,0.001373969650708371,9.181010148608099e-07,0.0007296108080768539,0.22123795423161025,7.199543956198335e-05,0.0038077268746997974,4.293261838456983e-05,0.06894435028382351,1.2326825727505402e-06,0.000369518241270549,0.027217604251757982,0.00034575334051763283,0.009548773208724168,0.07077926492411747
