,0,1,2,3,4,5,6,7,8,9,10,11,12,13,14,15,16,17,18,19,20,21,22,23,24
0,2.3649297295025373e-05,0.036065847766054246,0.00010257169042902121,0.00014890341687921052,0.07565418878189493,0.0014769567963745748,0.007826048135062776,9.597060411930228e-05,0.027565280525553394,7.385011601552877e-08,0.7447282890562953,0.002328696763270606,8.366736745362697e-08,0.003421485782534543,0.011713728929426476,4.337950248400927e-05,0.0010112253698242866,3.1156336997191177e-06,0.0070775848272361976,3.560646880470572e-06,0.0003962587993264734,0.0041013466088640135,0.06941216842790833,5.362718125699732e-05,0.006745957939846476
1,4.2579743065747164e-05,0.06404174409614742,0.00017571115982153513,0.0004256922766962518,0.062152826689082986,0.0023418321852600797,0.023275093434953334,0.00015175332089382136,0.04271272011096148,2.244827907265173e-07,0.6659283866916613,0.005343737260610851,6.604158898719145e-08,0.0041768978590776065,0.01377042216527162,9.29987940950793e-05,0.000957296377243419,5.270386681689076e-06,0.005339843200934251,4.953230537103236e-06,0.00048708571162157813,0.003139191348926329,0.0855351065382111,7.796779758482817e-05,0.01982059909628097
2,3.229113112406177e-05,0.05512466356899287,8.043389860688477e-05,0.0002819953047627096,0.0960744120974665,0.0012893338654622441,0.020002059108409576,9.816648737424534e-05,0.025446551493413124,1.3628481881718801e-07,0.653143333069038,0.003914616838675245,4.956253830890095e-08,0.005559912422431688,0.014557834116386342,4.2339479362414606e-05,0.0010797615640963298,3.9219434983299826e-06,0.0023345054416932646,6.050511109506392e-06,0.00030221013746931834,0.002380100224458206,0.09281856999485205,3.8471277569978224e-05,0.025388280176389718
3,3.0338084599792137e-05,0.05862127445854306,9.380514862624922e-05,0.00038355418980873463,0.06167794471109756,0.0015578426757790478,0.018002127916343993,9.324269982799094e-05,0.024569204420645564,1.4255820565348356e-07,0.6920875557174518,0.004273982325323335,4.427569852954824e-08,0.004811320835909858,0.00889722866897412,4.06098863449437e-05,0.0009862257282499231,4.054858498122492e-06,0.0032312885137814177,3.609019049456648e-06,0.00036024365126564997,0.002607744427205149,0.09911214391089668,5.19450522074575e-05,0.018502526265666123
4,3.262617041201357e-05,0.05911187883117216,9.277894238978243e-05,0.0003871783315891792,0.061626874169833375,0.0015120114659658247,0.017306751697787767,8.792010852354171e-05,0.025236016957860277,1.3487099950626168e-07,0.68983254107319,0.004803343195834242,5.535361916193185e-08,0.005147234539141447,0.008661859088182186,3.913528944235542e-05,0.0011209251972131144,4.236170964307343e-06,0.003254466446689381,3.7216601743680096e-06,0.00037518723529547654,0.0027670238905723125,0.09923726127738307,5.5065265163035045e-05,0.019303772770602336
5,3.7793739420909534e-05,0.06222555194198633,9.428726235835715e-05,0.0005171408469856507,0.05297167331673429,0.0016047200453732445,0.01639263235643476,8.587764653660956e-05,0.024760558187181772,1.6763976530267264e-07,0.6878090801164771,0.004943919805561462,4.79713031829317e-08,0.005987952955697772,0.0073779663344435385,3.8943211488163675e-05,0.0011449336884650886,6.078062169675765e-06,0.002750129559250214,3.881072643339709e-06,0.00039451119633343546,0.0029709927702128085,0.10732403855185739,6.203487121154584e-05,0.02049508685010807
6,3.0338084599792137e-05,0.05862127445854306,9.380514862624922e-05,0.00038355418980873463,0.06167794471109756,0.0015578426757790478,0.018002127916343993,9.324269982799094e-05,0.024569204420645564,1.4255820565348356e-07,0.6920875557174518,0.004273982325323335,4.427569852954824e-08,0.004811320835909858,0.00889722866897412,4.06098863449437e-05,0.0009862257282499231,4.054858498122492e-06,0.0032312885137814177,3.609019049456648e-06,0.00036024365126564997,0.002607744427205149,0.09911214391089668,5.19450522074575e-05,0.018502526265666123
7,2.419910452378114e-05,0.05804611831952809,5.247500173743892e-05,0.0003935415883775748,0.06190886634125834,0.0016539760926379923,0.01757199152727488,7.328465556265678e-05,0.02489678999146873,1.3034225582917626e-07,0.694608533313751,0.004316415860812408,4.153539887517013e-08,0.005009502849707852,0.007204895631789423,4.119114129401634e-05,0.001015088711944786,3.9774331669587655e-06,0.00259146690301563,3.6842319603014024e-06,0.0003709699274032536,0.0027501036673700753,0.09879181894831555,5.0194749340605524e-05,0.01862074213010396
8,3.7764897360543186e-05,0.08083079625093106,0.00020014457224624857,0.0004990751293186069,0.05384833959480167,0.0017276781082208722,0.019385731194096457,0.00010749597858358216,0.01701904858424627,2.329323057634054e-07,0.6273256706108056,0.0033807219478176136,3.384601979819542e-08,0.0057955126046848856,0.004188123748556634,3.0240067302663827e-05,0.0003576616688069153,2.783486848298864e-06,0.0020279894996025147,3.3956938945742486e-06,0.00020282538925741705,0.0009756853059717762,0.16627997881134285,7.417639429512228e-05,0.01569889368268225
9,2.8418586852117738e-05,0.0866886763985895,0.0002328972374743608,0.0008284145244681442,0.041629102165885674,0.0023155076406266247,0.022411194559798696,0.00011585778592971942,0.02848735924565103,3.063146042117782e-07,0.6138213041716294,0.0058220553375913486,4.771805257566909e-08,0.0056414928231122196,0.0071779564746897884,5.317036002144809e-05,0.0005482375958462009,3.925971675402616e-06,0.002165726768461629,4.7638971595771375e-06,0.0004913423348592013,0.001915092321325516,0.1601161466155389,9.038153865557697e-05,0.01941062161150128
10,3.0338084599792137e-05,0.05862127445854306,9.380514862624922e-05,0.00038355418980873463,0.06167794471109756,0.0015578426757790478,0.018002127916343993,9.324269982799094e-05,0.024569204420645564,1.4255820565348356e-07,0.6920875557174518,0.004273982325323335,4.427569852954824e-08,0.004811320835909858,0.00889722866897412,4.06098863449437e-05,0.0009862257282499231,4.054858498122492e-06,0.0032312885137814177,3.609019049456648e-06,0.00036024365126564997,0.002607744427205149,0.09911214391089668,5.19450522074575e-05,0.018502526265666123
11,3.184182524893617e-05,0.057922736796419405,9.698063436069403e-05,0.00038407287229070766,0.06335667991836899,0.001538269245805788,0.01773783095684664,9.244750483418211e-05,0.024887733942375864,1.4213837230764784e-07,0.6897403928969801,0.004513151786367649,5.218907142619944e-08,0.004791063537383876,0.008669657461664199,4.1380234847567724e-05,0.0010358194142036643,4.079930959816761e-06,0.003284006755558057,3.840738459213863e-06,0.0003617888370684722,0.0025813808867086075,0.10052687001434489,5.650162622312915e-05,0.018341277855235687
12,3.878824587303809e-05,0.07451038399373006,4.673875597990392e-05,0.00040347042299983954,0.1308230543721112,0.0031876984773257333,0.012890559420938157,3.600503329937899e-05,0.024374858756677772,2.0361568134201538e-07,0.5573235469292047,0.0026558570565721785,5.393407330661514e-08,0.012810448382579484,0.005726136953580533,2.2376252209952024e-05,0.0023029515306169407,1.1051402720203309e-05,0.0008247882049001285,5.603262308068442e-06,0.000391853406572209,0.0021382407771847194,0.13085581358461457,3.472287645917788e-05,0.038584794351787396
13,0.00024957264880582747,0.05237007110295304,0.015466549907069653,0.0005318051420766524,0.17331608056144585,0.029114280012425928,0.038531302889359464,0.0001280586438545934,0.10468844382813874,1.683224082857386e-05,0.32125781577694373,0.002194551254190869,2.1870770318312017e-07,0.005511805822482361,0.020558382814804044,0.0004516944477778368,0.005903412350972084,5.161805714229407e-05,0.0034287552397270684,4.6183092335380134e-05,0.0012047471119674873,0.003144211388776797,0.10315309847231158,0.0002394034223358061,0.11844110506357124
14,4.6119047703627734e-05,0.02590646621387744,0.00013356167358096507,0.000339040327650587,0.04963233343582843,0.0016840393393015851,0.01857681208468731,0.00010435077591224711,0.04674421647915434,1.495943720340909e-07,0.7153475099446367,0.0027431098612120085,2.825659067961697e-08,0.005504816839608513,0.009406042524741264,5.411146464331813e-05,0.0008439916893316458,3.9802325401076015e-06,0.0046836565214450464,3.568918574354018e-06,0.00021184532901189247,0.001995246266048428,0.10114534724498112,6.65918012459614e-05,0.014823064133320279
15,3.0338084599792137e-05,0.05862127445854306,9.380514862624922e-05,0.00038355418980873463,0.06167794471109756,0.0015578426757790478,0.018002127916343993,9.324269982799094e-05,0.024569204420645564,1.4255820565348356e-07,0.6920875557174518,0.004273982325323335,4.427569852954824e-08,0.004811320835909858,0.00889722866897412,4.06098863449437e-05,0.0009862257282499231,4.054858498122492e-06,0.0032312885137814177,3.609019049456648e-06,0.00036024365126564997,0.002607744427205149,0.09911214391089668,5.19450522074575e-05,0.018502526265666123
16,2.6055303853244927e-05,0.06547756897418579,7.227748526330065e-05,0.00042788256414756664,0.05615658030122944,0.001311178289315185,0.023404222613477944,0.00011749114977039519,0.02584831501805727,2.0734681794218281e-07,0.6743656841158502,0.007524141427451414,4.807347920195569e-08,0.004937500157503596,0.013347498255002982,5.521388637962256e-05,0.0008923797922796186,4.703122630252674e-06,0.003538616616911826,3.1156407731644623e-06,0.0006238107979719617,0.0041054690560226445,0.09602830428974826,4.837870063385802e-05,0.02168335702124313
17,1.8216019133648614e-05,0.050908036755270177,4.243415069095929e-05,0.0003527593545857597,0.06688652116175628,0.0008315738344297728,0.012960305608490414,7.646721321443981e-05,0.013182586303866628,1.0518303368649857e-07,0.6953800782491067,0.004368049116861788,4.415509459497372e-08,0.006203346271191914,0.005656034133452341,2.6581755370129492e-05,0.0011026767737492074,3.0916852785121214e-06,0.0018481253457462623,3.7126523649518597e-06,0.0003174042368815888,0.0029336917112161016,0.11995599698788954,3.7380367430311374e-05,0.01690478097389444
18,4.310432818872571e-05,0.05710280851735816,7.622248788613749e-05,0.0003529987714698857,0.09506249082335,0.0015953808807146902,0.017431545845023898,7.188675404940114e-05,0.023497405623400996,1.8701543971650008e-07,0.630459346548162,0.004918236842015955,6.290267361399789e-08,0.00658599948526807,0.010229234093201485,3.4253253122554505e-05,0.0011161189500785,8.650733135753203e-06,0.0018367128875752042,3.6065423169402424e-06,0.0004635544997353473,0.0029898541602603104,0.1055944126756728,4.216082281148491e-05,0.04048376455708815
19,2.5955964745098338e-05,0.06568461548322632,0.0001312685968477008,0.0005330465498086312,0.05324817924534661,0.0011579784072097191,0.02950635735112082,0.00012590163371730887,0.030318693575254234,1.683809025528429e-07,0.6678452070546789,0.008373539482459239,5.359527764413224e-08,0.004990992129298472,0.01163936864890434,5.631490673989534e-05,0.0008605493743925178,3.56547634416416e-06,0.0028757675485344817,3.4536186565521145e-06,0.00047626055113581813,0.003554276292290265,0.09986994158387912,5.029769066325385e-05,0.01866824685856671
20,1.8511227988363932e-05,0.04881127757303786,6.999460576107452e-05,0.0003679383454183336,0.0479751077117279,0.0009989962531740985,0.018027524503749632,0.00013635750086747942,0.02247264478377436,1.2971659296237358e-07,0.676521841354715,0.005174821357014439,3.691274106496556e-08,0.0056345206219673314,0.016265231079074734,4.927474787087273e-05,0.0015301825881002037,3.4443592500916886e-06,0.004180050369512536,6.08011049380585e-06,0.0003634287339860305,0.0039927499117518575,0.13320811270364255,6.436762914893892e-05,0.01412737529863854
21,3.245604377372361e-05,0.0681062110113192,0.00011616320133907583,0.0006222503549534329,0.051867857422798876,0.001702874399260133,0.02225446779247857,0.00012464882488573477,0.03315499446701333,2.1115995364947973e-07,0.6835356730284815,0.00762047189318646,5.7152293717646274e-08,0.008656633087553833,0.009825641042770412,7.014763332605553e-05,0.0008423194333817369,5.172883659473695e-06,0.0030688888356770272,5.108433227653809e-06,0.00047477863303142494,0.003383362931368237,0.08678953425580178,5.868645253077113e-05,0.017681389625934067
22,4.883078535482909e-05,0.04629558099226186,0.00011433196221768606,0.00032696159404033907,0.06839198287147095,0.0011395248437955528,0.012278053752538053,0.00012170829659760271,0.0316378379788632,1.4456244891111822e-07,0.7106474038224114,0.0029129598863668928,5.038498718315762e-08,0.004297006316929905,0.010083899780576793,5.25056878877894e-05,0.001974234519841072,7.4243315655558275e-06,0.003487985484727814,3.6422320777541107e-06,0.0003549279458061813,0.0032510096652200366,0.0808410255648152,5.3134583279105547e-05,0.021677832153918154
23,3.0338084599792137e-05,0.05862127445854306,9.380514862624922e-05,0.00038355418980873463,0.06167794471109756,0.0015578426757790478,0.018002127916343993,9.324269982799094e-05,0.024569204420645564,1.4255820565348356e-07,0.6920875557174518,0.004273982325323335,4.427569852954824e-08,0.004811320835909858,0.00889722866897412,4.06098863449437e-05,0.0009862257282499231,4.054858498122492e-06,0.0032312885137814177,3.609019049456648e-06,0.00036024365126564997,0.002607744427205149,0.09911214391089668,5.19450522074575e-05,0.018502526265666123
24,3.150657642756482e-05,0.07807990399134308,7.539536885136214e-05,0.000524046374359871,0.055265495816675586,0.0016287998958898146,0.015846008326342947,0.00010530537615598174,0.021642046792239335,1.9478743657191265e-07,0.6666804495423508,0.004496928716811791,4.4844621617860504e-08,0.00825979083730343,0.006208055898670867,4.3767629088147206e-05,0.0010398544170036712,5.031796170028162e-06,0.0025909993474874837,4.989154157181605e-06,0.0003276085818427809,0.002578208603388481,0.1166697095397909,5.8803468421000596e-05,0.01783705431716922
25,3.1292332898521884e-05,0.0498151199726452,0.0003046533118658663,0.0003173789883579492,0.0585663401586377,0.0016268516147071815,0.011494683977442317,7.922455496565282e-05,0.013237568549556567,1.2976140129341e-07,0.7677733990001765,0.002613346826671698,2.7369824299722357e-08,0.004760865683977592,0.0036052348612994507,4.516934962276997e-05,0.0004200070179879833,4.388167950434151e-06,0.003176936514793273,2.287281501123784e-06,0.00015208118557521417,0.0017454904169470725,0.07570310706319465,5.97202806090929e-05,0.004464695757390183
26,8.415235627016065e-05,0.04947485396653325,0.0001560538552740717,0.0003221488251393539,0.07366533375768235,0.0027017786346326357,0.009943593868965364,4.360013608335374e-05,0.02890759198097732,1.2222617791927682e-07,0.6790662553532052,0.0026526951965317094,7.663260114754457e-08,0.002457563670710459,0.0031892332122876654,2.8927481752176924e-05,0.001358907533985077,6.288465117108445e-06,0.004237208306819272,4.244764414621267e-06,0.0002912991034113007,0.0014189590692881898,0.12466532809172738,0.00019321603080107747,0.01513056747961174
27,2.4756444332290933e-05,0.05420400621166579,7.214773044422061e-05,0.00037161954697966583,0.05111375871616764,0.001362928021589667,0.015666046081356546,0.00010334118244676741,0.024863975663935695,1.2049566694670117e-07,0.7237089430208248,0.004311136526227986,3.987646524902919e-08,0.00443704307790492,0.010730418682363631,4.392925594538359e-05,0.0010163764140960182,4.0407519280220445e-06,0.0037841400499872314,3.185187116514625e-06,0.0003791785129633174,0.00386672154159558,0.08373903912176349,4.530678200677615e-05,0.016147801104225656
28,3.0338084599792137e-05,0.05862127445854306,9.380514862624922e-05,0.00038355418980873463,0.06167794471109756,0.0015578426757790478,0.018002127916343993,9.324269982799094e-05,0.024569204420645564,1.4255820565348356e-07,0.6920875557174518,0.004273982325323335,4.427569852954824e-08,0.004811320835909858,0.00889722866897412,4.06098863449437e-05,0.0009862257282499231,4.054858498122492e-06,0.0032312885137814177,3.609019049456648e-06,0.00036024365126564997,0.002607744427205149,0.09911214391089668,5.19450522074575e-05,0.018502526265666123
29,3.0338084599792137e-05,0.05862127445854306,9.380514862624922e-05,0.00038355418980873463,0.06167794471109756,0.0015578426757790478,0.018002127916343993,9.324269982799094e-05,0.024569204420645564,1.4255820565348356e-07,0.6920875557174518,0.004273982325323335,4.427569852954824e-08,0.004811320835909858,0.00889722866897412,4.06098863449437e-05,0.0009862257282499231,4.054858498122492e-06,0.0032312885137814177,3.609019049456648e-06,0.00036024365126564997,0.002607744427205149,0.09911214391089668,5.19450522074575e-05,0.018502526265666123
30,3.0338084599792137e-05,0.05862127445854306,9.380514862624922e-05,0.00038355418980873463,0.06167794471109756,0.0015578426757790478,0.018002127916343993,9.324269982799094e-05,0.024569204420645564,1.4255820565348356e-07,0.6920875557174518,0.004273982325323335,4.427569852954824e-08,0.004811320835909858,0.00889722866897412,4.06098863449437e-05,0.0009862257282499231,4.054858498122492e-06,0.0032312885137814177,3.609019049456648e-06,0.00036024365126564997,0.002607744427205149,0.09911214391089668,5.19450522074575e-05,0.018502526265666123
31,6.290833710191388e-05,0.07105284498635134,0.00019608106149645473,0.00040875947999955667,0.05645820182610237,0.0016579307629934954,0.023103581957565008,0.00020875255279048877,0.021544331014257866,2.5777881430736476e-07,0.673620466230589,0.003623574622977658,4.233711602027287e-08,0.00489816425382805,0.0064204631861097036,4.109115653910843e-05,0.0007746265403853241,5.5089759640258664e-06,0.004419924679560781,3.75331474520165e-06,0.00029163615462992747,0.0018969095801381073,0.11282043177321416,6.580027394218136e-05,0.016423957162787602
32,3.2867869194928335e-05,0.05990902706161542,9.29590778423407e-05,0.0003595754249917599,0.059029683670997694,0.0015957479167767455,0.017566913479323872,9.778866607243913e-05,0.024869035062400808,1.4707122089364976e-07,0.69724542645691,0.00426422879660948,4.620487573922232e-08,0.004553884629228373,0.009104947093236927,4.062202315020074e-05,0.0009824382624978748,4.142380691324715e-06,0.003971863666642126,3.5746131008663132e-06,0.00036425421019038376,0.0027516518226515098,0.09544475679688143,5.6608565352146754e-05,0.017657809177544448
33,2.4624324984761477e-05,0.05689444487596516,3.0650972286112786e-05,0.0003466909246334883,0.053158430731748973,0.0012388339564625385,0.00871351365155334,9.847938382059285e-05,0.011346069540509065,1.245462745791609e-07,0.7229858869553344,0.002421785418847793,3.4781747352506514e-08,0.0058394752544930605,0.002561608872726268,3.5668947698877203e-05,0.001138425607100076,2.9517827979855e-06,0.0033013563250260487,3.4934328161393394e-06,0.00024030409331305427,0.002755707863589294,0.1197681285868711,5.047722970818368e-05,0.007042831939691698
34,4.559284697441853e-05,0.06056942424209695,0.00012238667676484817,0.0003188502566358099,0.05907570137870911,0.0016197241002915332,0.01790391064054919,9.683628637738358e-05,0.053330011958182294,1.1841833579682314e-07,0.7070826863138849,0.004727021172357037,6.608666350704783e-08,0.003372633323835462,0.009982846258830122,3.2844211506898746e-05,0.0008132075850640683,4.570403910169966e-06,0.004821522968475922,2.3620150912949134e-06,0.00034416138520216384,0.0026304815815331663,0.05550817960251983,6.192070645708553e-05,0.017532939579751147
35,0.00025893245394645976,0.07016394657038666,0.00030813561094951186,0.0006593664903320695,0.051053743969016276,0.0015202187051418764,0.03453735986990743,0.00027728380019653704,0.0673807635712781,2.71426589374099e-07,0.6444699829978863,0.009586765883837358,7.697533906497189e-08,0.0046409670170231565,0.008152577505761458,6.22887782020822e-05,0.0016891592312932389,3.186936415598037e-05,0.005464544990051656,3.865975732193081e-06,0.0006345981787513725,0.00457078887827349,0.06836218211505107,9.850607332021564e-05,0.026071803567577212
36,3.960708304222365e-05,0.05618726176936609,7.600259785105281e-05,0.00037836065322545577,0.04501703818833307,0.0006712052697161577,0.025430728102900493,0.0003134392595349388,0.02932234724568729,1.0111490826549757e-07,0.7246864562406068,0.01256205311670212,8.29620884391869e-08,0.00560597494440489,0.01592004719908144,8.624632546954499e-05,0.0013064540366275095,3.87512345245246e-06,0.006650993266552282,3.953499606238004e-06,0.00034989757204159915,0.0064582500322404035,0.052684593280897134,3.4272246816088834e-05,0.016210758868848145
37,5.89336233550657e-05,0.06585665081186454,0.00018022157091747694,0.0004554116636393858,0.057699389684156194,0.001712450435325384,0.019520222389532632,9.635545944230318e-05,0.024200286147270895,1.9614793235945257e-07,0.6837620736657538,0.004415229452274166,4.924683731278576e-08,0.004433119139371416,0.0043189259020850615,3.393911175622441e-05,0.000992843037683191,6.30403191107818e-06,0.003318061749318866,3.639046848794748e-06,0.00034080181358843984,0.0021636498411848363,0.1081741027169328,7.895314251442345e-05,0.01817819016850374
38,6.0608860489990514e-05,0.05813250905097548,3.6189676222738445e-05,0.00024012550132744548,0.07003611696036026,0.0005134448386465974,0.026592042304412075,8.085700251954167e-05,0.0159503835027025,1.8593494439868982e-07,0.7134680441869837,0.003297805009593666,4.657887473329154e-08,0.0037700445827620528,0.0041403507915150715,3.3202059335152295e-05,0.0007047762433094968,4.73581005561918e-06,0.0048994867895634665,3.0154578470570564e-06,0.0002988837472083516,0.0017146694505277113,0.07134165624968142,5.922560291365342e-05,0.02462159380722788
39,2.954095696372785e-05,0.03231853959334967,0.00019851157627376908,0.000381809415210217,0.05891159762275494,0.003622543490664019,0.017865105981233923,0.00017523082983612792,0.032152894824370365,1.8497016300023251e-07,0.7067843384028231,0.004048124520203024,8.633353849795177e-08,0.0034339594585327173,0.012921103860675172,9.146726300818357e-05,0.0013086225445646494,5.363621224288364e-06,0.00925921636494485,3.69193861244977e-06,0.0007474086922111759,0.003446075629612223,0.09355546230018864,7.138547892967929e-05,0.01866773433011173
40,3.6163349348519276e-05,0.06581304565993464,9.525793944674793e-05,0.0002736721742076219,0.061033224177406004,0.0015673150022270548,0.02354719926756631,8.352400637665088e-05,0.028292597743019714,1.1321965629993609e-07,0.6827301693693326,0.00578846582041598,5.256157193788153e-08,0.005015698015326835,0.009722975188056128,3.8134140625812845e-05,0.0007770249094920725,3.484709970824974e-06,0.0031126274835448927,2.7438712620931802e-06,0.0003589536260817732,0.0026803599795223176,0.08126871561809557,4.448723100883662e-05,0.027713994936502756
41,4.4917629384552224e-05,0.03249270923491636,0.00011760343174752345,0.0002557832246840619,0.13183018452005885,0.0015931253747271416,0.0297831342129298,8.621112439668279e-05,0.03493266298173034,7.989773813651976e-08,0.6659527716785493,0.003909994596675525,7.370689837142551e-08,0.003205769742868329,0.011866054459444957,5.130684874314337e-05,0.0008511527802842422,3.5939920844974505e-06,0.0013103431809822514,4.57758102169868e-06,0.0002018748777131473,0.001157234677200816,0.055062195657248465,4.679258529597387e-05,0.025239852002676085
42,1.8959003649482476e-05,0.045378306861802435,9.168186712704175e-05,0.00042881567315274614,0.02964433462797262,0.0017239310783244439,0.015520462381561262,0.00023299723486618442,0.027877274518276166,1.7811046200824066e-07,0.720708906355557,0.006357266110804413,5.747181435406931e-08,0.005155576082580734,0.015499343936125985,0.0001204916595151952,0.0010345397770484062,3.9419772280232744e-06,0.012818580312461995,3.9390639974923335e-06,0.0006071003781924989,0.0069192751657281394,0.09898394658500673,6.021513279772449e-05,0.010809878633946845
43,2.176030168533126e-05,0.06489165277916296,0.0001318812249697619,0.0004853596620617838,0.05802408977197821,0.004381868533299105,0.01686430655906256,0.000202730547459648,0.026028884055201526,7.105159018202207e-07,0.6260410778597553,0.0032584386769492946,5.476560225965234e-08,0.005871796659980532,0.012904580987663812,0.0001214692862314713,0.0018706806416388655,8.27740443654844e-06,0.007018572668022149,7.773370699727238e-06,0.000971907314452508,0.005155448128448283,0.1463767431759155,8.96822150720973e-05,0.019270252894348482
44,3.0338084599792137e-05,0.05862127445854306,9.380514862624922e-05,0.00038355418980873463,0.06167794471109756,0.0015578426757790478,0.018002127916343993,9.324269982799094e-05,0.024569204420645564,1.4255820565348356e-07,0.6920875557174518,0.004273982325323335,4.427569852954824e-08,0.004811320835909858,0.00889722866897412,4.06098863449437e-05,0.0009862257282499231,4.054858498122492e-06,0.0032312885137814177,3.609019049456648e-06,0.00036024365126564997,0.002607744427205149,0.09911214391089668,5.19450522074575e-05,0.018502526265666123
45,2.663883845560787e-05,0.04132389953858455,0.00010291058040548076,0.0002884830034600915,0.05517492227669049,0.001348195886110614,0.019413970929113514,0.00013333300954132974,0.02577831323695878,9.851945886197366e-08,0.7679976500239182,0.0036481950617997037,3.525865319325382e-08,0.002662142992284663,0.014464309877183272,6.320056709051823e-05,0.0005538765618803658,3.083318099607613e-06,0.004443752132206181,2.5787005811508624e-06,0.00022231069186472705,0.0028099972233678085,0.04914868054059942,4.195307485734011e-05,0.010347468156834436
46,1.7669623699120253e-05,0.036102116374251834,4.468642314331577e-05,0.00040572325770666247,0.04275534433672891,0.001886698483909113,0.009172677814537395,6.665753050583315e-05,0.011541647093251266,1.1164388656464957e-07,0.7458573336462824,0.003085538632548497,6.01794985616888e-08,0.004566520571828835,0.004951801565628893,3.597253054480845e-05,0.0017926316981355748,4.123255407655294e-06,0.00514622707767682,3.8072867650892304e-06,0.0003917080902270635,0.003978508615482957,0.11312333190197306,6.308602427985338e-05,0.015006016342099955
47,7.146659098669236e-05,0.06430281200651226,0.00012761404752266645,0.0004070705461488994,0.07321468948738576,0.0016546682377370956,0.025995353076756,0.00012419831294798014,0.045674498629087824,1.9940993375530993e-07,0.6146489435794095,0.010424934313934327,1.1863532952158156e-07,0.004852721581668515,0.015146831687706135,8.870368034574104e-05,0.002442955603779643,7.508588310067238e-06,0.005416105673195895,7.262647920629891e-06,0.000697323707176231,0.0056306057985411285,0.09681623374858615,8.539469395104637e-05,0.03216178571512692
48,2.3659515882290833e-05,0.08076926703016891,5.117399262496547e-05,0.00026697204948629926,0.03775147389513909,0.0022257498271682323,0.011831382545731128,9.741776412503735e-05,0.01382407734898639,2.1290832070245076e-07,0.7038966541086076,0.0025097538267601083,3.2390172682541044e-08,0.004175762142029323,0.003745146261448273,3.1193037891591345e-05,0.0009960885911359724,2.748665018336785e-06,0.010450569276641467,2.9095321380590557e-06,0.0002618250207411605,0.002639508126028056,0.11609219631220231,9.519806356372227e-05,0.00825902776798842
49,2.9839262583459605e-05,0.06081315599912057,0.00012362114381095715,0.0004603893626989248,0.048203121010138565,0.0017569412569391812,0.016647896128998058,9.13960142172498e-05,0.024947950318243026,1.6036704245217172e-07,0.689722886570332,0.0049674865560745286,4.948778260551288e-08,0.00498860608136727,0.008635397132275806,4.053657368035504e-05,0.000861903616939294,4.201532543380951e-06,0.0033370907192981397,3.3240064334204775e-06,0.0004047201978280178,0.0027918441927788865,0.11192805427069225,6.03981829282227e-05,0.019179030015253416
50,3.310560764312806e-05,0.06987349320100228,9.819551202040774e-05,0.0003717658896306056,0.0720206398538724,0.0012912518597806971,0.021692740149568818,0.00019244984231680935,0.013739679374563147,2.906308627344517e-07,0.6463925066905654,0.004325129864253344,4.3428488502426275e-08,0.0065589308222463085,0.010191204192406898,4.0852761675064737e-05,0.0006678141125868487,3.958125507340941e-06,0.003143153520023022,4.2185356630743075e-06,0.0003581091298683533,0.0025932024106340755,0.12730263733180777,3.740114423131171e-05,0.019067226008781444
51,3.1196390232923934e-05,0.04729753529169112,6.652660312703049e-05,0.0008897825123983526,0.06221534956168141,0.0009310395962783369,0.015433316791839048,9.849591302208717e-05,0.02544684487006628,1.7398624115109954e-07,0.7129506127844663,0.007132775975155317,1.8183064639949398e-08,0.008394295536352382,0.007666531688129168,3.3669250736285906e-05,0.0007695597917123877,4.950107451945923e-06,0.003274734274683419,3.18534949625322e-06,0.00031076959064765006,0.005584938198222568,0.08701419915142139,4.96901089443556e-05,0.014399808492938308
52,6.097936130541757e-05,0.031012746295440197,9.368024607080144e-05,0.00019676250613987595,0.07121356854715921,0.002392220233800926,0.008106548065133916,9.644705778071574e-05,0.03074742305832599,1.4068521227068218e-07,0.758552114112665,0.0010081582334017362,3.3900159661935106e-08,0.005335701061037706,0.01303327136420842,4.689827216589311e-05,0.0013225704662051983,1.5136382006934783e-05,0.003868302068294305,2.9808048781609536e-06,0.00018582211808001052,0.0028985660332753595,0.04631562213460176,4.8225162950218104e-05,0.023446081829699997
53,1.3401322265860327e-05,0.03801916433895156,8.457417548761459e-05,0.0005154888107937155,0.08079815706645281,0.0006278023089356659,0.008666065124378322,0.00011149783891094588,0.015563356745602126,1.6633163308314357e-07,0.7033289085393227,0.0033197066259925945,6.3146313810639e-08,0.005313698015426907,0.01080535169407751,3.520734042321678e-05,0.0004911472115589027,7.4385235123387045e-06,0.0015751913581368356,2.5278077885685116e-06,0.00047802477804924034,0.0033665557024254817,0.10368510770445853,3.742670905179528e-05,0.0231539707800499
54,4.864790905538755e-05,0.10380176483051518,0.00012736987555274433,0.00039460762298517386,0.07297387010500611,0.001900821339177932,0.024625196477075558,9.589141362867015e-05,0.036084478974427056,2.657218379789019e-07,0.5662619424136485,0.0054669744814778405,4.871257029697665e-08,0.01107983636491932,0.020340805798880566,4.710486985522976e-05,0.001044507052886045,5.564268617670524e-06,0.0020098725866014226,6.0177963423595865e-06,0.0003468709178749931,0.002822395160274608,0.10420483646412698,3.7927664723246266e-05,0.046272381177939144
55,0.00010338820280226144,0.06014733691383287,0.00028839313064183325,0.0007113803940176366,0.05730790731977849,0.001483567794243,0.032134506106905866,0.00011188904059946223,0.10541526294611608,1.1643958651692444e-07,0.6099685914147382,0.019016449039871156,1.6889167219556368e-07,0.004775286140344253,0.011613110963754114,7.86290797844074e-05,0.0013593212359153018,1.0580371014140068e-05,0.0033850775255994357,4.6189882415500405e-06,0.0007204806673328527,0.004003307204378096,0.05894832735015496,0.0001229000712391133,0.028289402767435905
56,3.191538689182758e-05,0.05807183314003679,9.578374197955215e-05,0.0003806257442663046,0.0615385587062964,0.001531383682745434,0.017936015064012933,9.285354237897194e-05,0.024874468916880176,1.40613100083748e-07,0.6916638859098821,0.0046332732792271035,5.1637747766061174e-08,0.004894064929510809,0.008841616700009118,4.010661330389978e-05,0.0010360721859109625,4.067590390788956e-06,0.003395991175928079,3.738568897915235e-06,0.00036637525801282904,0.0026697610553241724,0.09915897507709152,5.535976991890795e-05,0.018683081710255456
57,3.442870041289142e-05,0.0645279785899572,0.00010572566446701224,0.00042944987895888396,0.06132394082759788,0.001371745443251764,0.02114511991512535,0.00015008917203114465,0.032027912641213956,1.7508614953738046e-07,0.6500024658753898,0.008790472621316568,9.930791731255265e-08,0.005249665383752238,0.012411764221944002,7.030579251302984e-05,0.0016170995044686926,4.310978279938393e-06,0.005355198484413476,6.537742583939319e-06,0.0005275837727306758,0.004686945474233535,0.10781754365071239,6.660711529976977e-05,0.022276834155278733
58,3.540004678189951e-05,0.05592056456268891,9.43675482031803e-05,0.0003653239509110827,0.05743739058676796,0.001541886736026017,0.016859802103072613,8.153820508473885e-05,0.024652195000615912,1.2468429147259073e-07,0.7065845358439458,0.004490270410404715,4.9628216449838415e-08,0.004061892274690171,0.0069324590346990156,3.642154563949867e-05,0.0008701567914441189,3.882648894162008e-06,0.0037704890666086666,3.0805937606114854e-06,0.0003359988437532251,0.002372825251275755,0.09755020297929523,6.957106806143187e-05,0.015929570594866976
59,3.2605026745576e-05,0.05542221586091947,0.00010999182153061934,0.00037933070325115044,0.05611151162786451,0.0016089133489725312,0.017309180827158897,8.668926958502264e-05,0.02528564219589997,1.317883684669885e-07,0.7049587862752108,0.004269848758911086,4.587189704469667e-08,0.00365438315658965,0.007544919713793328,3.9314231231981625e-05,0.0007910790917901249,3.6862115977379842e-06,0.003639767615659157,3.1998660255864716e-06,0.0003534386529884655,0.0023270330553529133,0.10028285216190806,6.925922760406757e-05,0.0157161736391434
60,3.0338084599792137e-05,0.05862127445854306,9.380514862624922e-05,0.00038355418980873463,0.06167794471109756,0.0015578426757790478,0.018002127916343993,9.324269982799094e-05,0.024569204420645564,1.4255820565348356e-07,0.6920875557174518,0.004273982325323335,4.427569852954824e-08,0.004811320835909858,0.00889722866897412,4.06098863449437e-05,0.0009862257282499231,4.054858498122492e-06,0.0032312885137814177,3.609019049456648e-06,0.00036024365126564997,0.002607744427205149,0.09911214391089668,5.19450522074575e-05,0.018502526265666123
61,3.339467420471096e-05,0.055850276038736844,0.00011015091906135464,0.00037241971654989643,0.057842698991269946,0.0015709794644770078,0.01783708859243648,8.876526824496179e-05,0.025216737048380348,1.3544421139549435e-07,0.7019279745901378,0.00432620181900337,4.868919262693646e-08,0.0037474052408396565,0.007777578396253017,3.857223081059363e-05,0.0008099539662126736,3.819867445504474e-06,0.003637822049692251,3.2614526666301786e-06,0.0003534563674212851,0.0023495069151264745,0.09988454996372949,6.798792334507737e-05,0.016149214370551036
62,3.0338084599792137e-05,0.05862127445854306,9.380514862624922e-05,0.00038355418980873463,0.06167794471109756,0.0015578426757790478,0.018002127916343993,9.324269982799094e-05,0.024569204420645564,1.4255820565348356e-07,0.6920875557174518,0.004273982325323335,4.427569852954824e-08,0.004811320835909858,0.00889722866897412,4.06098863449437e-05,0.0009862257282499231,4.054858498122492e-06,0.0032312885137814177,3.609019049456648e-06,0.00036024365126564997,0.002607744427205149,0.09911214391089668,5.19450522074575e-05,0.018502526265666123
63,3.0850492474074905e-05,0.06734728750206084,9.459116387854278e-05,0.0003892841097215649,0.0608449665901348,0.0015700504699435228,0.017896591643841723,8.947930761286858e-05,0.024803167551931158,1.5698347119321066e-07,0.6780619501435453,0.004314164997044279,4.4244959898896715e-08,0.0049713722077308516,0.009282848604053942,3.9006837506693796e-05,0.0009754684697689547,3.9520291847108085e-06,0.003152947926013143,3.889974460916963e-06,0.00036267109566791083,0.0026179257955017193,0.10413952256966116,5.454391744259647e-05,0.018953265372387566
64,2.7149318010035088e-05,0.06200682304216002,0.0001031789829560678,0.00042549140547352537,0.05978042124233106,0.0017946188952145889,0.01817724806272059,9.450334932525004e-05,0.026359283186453118,1.7357980516724274e-07,0.6711980760110033,0.0048681613800608025,5.103455903905331e-08,0.00529202879285171,0.009712911219440347,4.444374213536802e-05,0.001130410702092279,4.338186919020565e-06,0.0032945622784375413,4.0129775902974295e-06,0.0004994058140377522,0.0030354641503228396,0.11191361076503639,5.8097713028177486e-05,0.020175534168035792
65,1.5536223245238693e-05,0.07464536938718755,0.00011119113288714249,0.0004753651291225202,0.05489600061575503,0.0021456868190622954,0.024150382733711492,0.00011430183008871841,0.00945324425562605,4.1562927957684183e-07,0.6527421042569912,0.002879752187240459,2.4652910779386722e-08,0.006253415856906541,0.010835448818817879,4.670381557756635e-05,0.0009124126181415808,3.3542915545246296e-06,0.0025155755293883204,3.93902719489601e-06,0.00046921359120038315,0.001982603673118649,0.13470783953581067,4.14730872989348e-05,0.020598645301882143
66,2.4735292614882885e-05,0.06755156266688486,7.509026221706172e-05,0.00034083498286298033,0.04817310592175754,0.0011106750362166978,0.017156273860233814,0.00011290456725156941,0.02349989611690658,1.4249785946452383e-07,0.7033203850242706,0.0030645446322070803,5.2513595394233284e-08,0.006286861620147465,0.00932601273971262,3.878329046185374e-05,0.0006773844963435969,4.004918607895052e-06,0.002943475641881924,2.066499807976325e-06,0.00039835066819875973,0.002410339266303475,0.09336928250732908,3.754544925739936e-05,0.020075689527069635
67,1.007033141991347e-05,0.025242166484296207,7.727983669815895e-05,0.00043430406142692447,0.05162940265672678,0.005487016060926826,0.011677311612576695,6.0760390624678905e-05,0.008120209707560817,1.8655788236077758e-07,0.7398217594305051,0.0031938864457844284,5.4855761416522005e-08,0.006161722810695572,0.0024563237017403154,4.024225041951378e-05,0.0011160797428125017,4.297370333571019e-06,0.0018984661742856208,4.171403674354716e-06,0.00037201232515231183,0.002116318649064704,0.12283858428609101,8.427996496332041e-05,0.017153092888577314
68,3.695914515380581e-05,0.062301375584634944,0.00017291827530408862,0.0007528897035748636,0.05119295002226109,0.0019691351705035352,0.018603689000281275,9.946817820500794e-05,0.029453485426227787,1.9554179949048158e-07,0.6758098118984444,0.006600936732160036,4.730288083907243e-08,0.004799547581136748,0.005096169844428099,4.075010857273052e-05,0.0009512254995491013,5.581174438689313e-06,0.0032907719081729774,3.5559612197633287e-06,0.0005952163474162889,0.002321099745884618,0.11992888688682835,7.320350640363254e-05,0.015900129454517943
69,2.48859597322994e-05,0.05438757917040233,9.834920887656159e-05,0.0003653957940124019,0.05776149973040848,0.0016749953532361247,0.016793711520380977,9.343727874317304e-05,0.026799507170548575,1.266520525041097e-07,0.6997012374983449,0.00367773781151116,3.4962936226132425e-08,0.00329539009733208,0.009949547975992165,4.2617224807523293e-05,0.000318721851416826,3.1857577838520947e-06,0.0032402987280695135,2.2718413552217623e-06,0.00031250233040348575,0.0017777468508513234,0.1068963088844712,5.2302805566189725e-05,0.01273060754076513
70,4.252116661813219e-05,0.056738183054667435,7.441101321074664e-05,0.0006535618296820924,0.06993058512967015,0.0015944983616125053,0.023318757827583615,0.00011575927060254241,0.02308827202302909,1.7563182324332383e-07,0.6867431499685572,0.0060635500036109015,6.985036779765355e-08,0.010072007868956144,0.007448609895894558,4.4206877444847286e-05,0.002144158065320457,6.796539387265657e-06,0.002239775558429389,1.1784924406311461e-05,0.0002665091406256655,0.002755011377474416,0.07822738782703141,4.601545390639862e-05,0.028374241340087644
71,2.7213335069666656e-05,0.06557451767148542,9.183548474224955e-05,0.00038861833116919946,0.0883748673721759,0.0016067556605460181,0.01968654750173173,9.563035745253019e-05,0.026770507559507675,1.7717499343883133e-07,0.6370185664006245,0.004306855095755875,5.729605569257652e-08,0.005170564656892974,0.009791761344665735,5.918692159000593e-05,0.001069428377884815,3.541215955689901e-06,0.0020080162613158713,2.86013415389535e-06,0.0003760399745418439,0.002059082346678589,0.11334878454893589,5.490455243442585e-05,0.02211368042364032
72,3.410463698214761e-05,0.05350636423843479,8.997873784097754e-05,0.00046337888387113364,0.060955603831205914,0.0014785026352525487,0.023421897341114058,9.372035636662064e-05,0.025227582415365248,1.403922360248424e-07,0.754557084792265,0.006873257301801141,6.895244037354516e-08,0.003349281639906875,0.009020123412973419,3.7718709071149724e-05,0.0007332317602024524,6.495935766455607e-06,0.0037478389998661836,1.8594359962105771e-06,0.0005969740151437511,0.0031022019855036055,0.038435292186435537,5.508053087544828e-05,0.014212216873083217
73,2.9959728694237447e-05,0.05667321350163457,9.112884632999247e-05,0.0011088590399829501,0.06333501171115077,0.0012948198886324255,0.019263509276264648,8.72217318150455e-05,0.021339038843015565,1.9244364966427238e-07,0.7034739516039391,0.003981614741523863,3.223684246948874e-08,0.008727805335199443,0.01034420846748278,3.8304069583699017e-05,0.0009812648033601574,5.464986823918364e-06,0.0032959351090747504,3.6073053940520943e-06,0.00032359612584132927,0.0016518974983638615,0.09185410014012689,5.315574177239492e-05,0.012042106823501365
