,0,1,2,3,4,5,6,7,8,9,10,11,12,13,14,15,16,17,18,19,20,21,22,23,24
0,0.00035866606445281244,5.6098985127489536e-05,0.0012426672485469897,0.0027693533949391304,0.0016189872906460059,7.866760119173368e-07,0.0004992977018948282,0.001629019764479407,0.0001242448151845795,0.00029935554466489626,8.397541545691538e-05,0.00020846867942031621,0.9071920662211674,0.0011137363352442052,2.3234382928486525e-06,0.0012651572514093686,7.543700974990043e-06,0.0034026090279516714,2.6983206819576228e-05,0.0774113673575961,0.00015592892883213957,0.0001992985163922912,1.4524640597093113e-06,0.0003288275799395782,1.7843904948471626e-06
1,0.00030720116919921795,5.2253538144419207e-05,0.0009995933212203496,0.003245178027461515,0.001374881957703385,4.032238894970463e-07,0.00044078400704345566,0.0012243802872103338,9.295594519677617e-05,0.00016543230860673036,5.773175810045721e-05,0.0001863069045335111,0.9238225235742464,0.0006721047578084601,1.7488555753730466e-06,0.0014180312257766796,8.606257388253076e-06,0.0024505630025271137,2.0319346197414726e-05,0.06286398016000638,0.00011189935634011783,0.0001656782695371071,1.0245346007767828e-06,0.00031495076328949095,1.4674483963743171e-06
2,0.00031991740209013015,5.880967799610697e-05,0.0009711292167030803,0.0035366050718634565,0.0016855573327042685,4.0361339309946006e-07,0.00045530385526883243,0.0012188269633110892,9.163710284310236e-05,0.00015501655221728268,6.599095324069735e-05,0.0001948986211023188,0.9287923773953851,0.0007282925418136321,1.8529656142439307e-06,0.001277409283433833,8.958993335192224e-06,0.0024666621821602163,1.988629153579997e-05,0.0573597953937416,0.00011813068184076441,0.00016140752971675735,1.0885323993581231e-06,0.00030857964675933924,1.4621995310703728e-06
3,0.0003248032953292618,5.7789727889857165e-05,0.000962418704110053,0.003502174890028978,0.0016892606969049206,4.068457752669272e-07,0.00044623620439250534,0.0012043809262448969,9.272060003946013e-05,0.00015215106398051495,6.512670341637202e-05,0.0001942821200492778,0.9271352985669442,0.0007321919447259029,1.899426839008827e-06,0.0012560403448593745,8.846558367157806e-06,0.002457871856529902,1.9649082732190206e-05,0.05910871588551344,0.00011411195380932523,0.00016973725056119938,1.0689244301043438e-06,0.00030132881989778943,1.4876066287910736e-06
4,0.0003765725642583017,7.016052532880146e-05,0.0013295483559632852,0.005670144587812731,0.0015774314074437647,6.3388608847459256e-06,0.0009554431254088345,0.0077861217849660306,9.113618885165156e-05,0.0007178177472292479,7.362174707636988e-05,0.00044019206411366826,0.8850441464074058,0.0007271203055078359,3.21037228410547e-06,0.019528189836130548,2.6191684027067214e-05,0.002962242725242076,5.092222254347867e-05,0.07177168603653071,0.0001131621975158111,0.0003823958949693751,2.152629136668113e-06,0.0002924065681604496,1.6441612090948531e-06
5,0.0003188862468657199,5.331202055048268e-05,0.0009439753723838562,0.0036117735214266887,0.0016491694177164942,3.9924737562645433e-07,0.00043163590715449766,0.001149282429360082,8.517198498501032e-05,0.00015117511493219175,6.192222741280526e-05,0.00018635695318681083,0.925353530753126,0.0006918357170707469,1.7024298743620733e-06,0.0012007165067570928,8.398330056400918e-06,0.002524884209185543,1.8855385823773756e-05,0.060981186769775694,0.00010809000169669747,0.00016462806492647164,1.105580681789208e-06,0.00030076942791278436,1.2363797622384055e-06
6,0.0003248032953292618,5.7789727889857165e-05,0.000962418704110053,0.003502174890028978,0.0016892606969049206,4.068457752669272e-07,0.00044623620439250534,0.0012043809262448969,9.272060003946013e-05,0.00015215106398051495,6.512670341637202e-05,0.0001942821200492778,0.9271352985669442,0.0007321919447259029,1.899426839008827e-06,0.0012560403448593745,8.846558367157806e-06,0.002457871856529902,1.9649082732190206e-05,0.05910871588551344,0.00011411195380932523,0.00016973725056119938,1.0689244301043438e-06,0.00030132881989778943,1.4876066287910736e-06
7,0.0004831653063350049,0.00014165985847205062,0.0013322188464168295,0.014968609150281625,0.002154229669303606,1.5000884099827327e-06,0.0014376535762274597,0.001538203682788719,7.421818518613897e-05,0.00014589423979524243,0.00010580320595655468,0.0012382461459432908,0.8068897597552912,0.0006755082500850283,6.0535160582758695e-06,0.0026572899587825323,4.9757939494122796e-05,0.003010993613997987,4.2040466994431485e-05,0.1615746060955701,0.00012815958538550171,0.0010068620040826577,1.702111852921428e-06,0.00033454931756438094,1.3154297244963092e-06
8,0.000316375422931673,5.5219274190626e-05,0.0009719051452995938,0.0033667527095872568,0.0017632299202113872,3.7043088004189333e-07,0.0005194204052874628,0.0011984809267460547,0.00010493419677055178,0.00013696324742083383,6.142945499116728e-05,0.00018154349631081676,0.9222353230016459,0.0008145386037380056,1.6745767945414327e-06,0.001262842186876098,7.861250287453931e-06,0.0023334775729412275,1.9883292112431255e-05,0.06395637079989482,9.672754817281915e-05,0.00016071719947265787,1.2712294975010219e-06,0.0004309510630034771,1.7370449357930173e-06
9,0.0003128545739953194,5.407453799549154e-05,0.0010397626677011744,0.0033149970136774694,0.0012978067944735697,3.895232030697074e-07,0.000429402385497427,0.0011430622806287963,9.150876277845104e-05,0.0001550486212919094,5.652503052352837e-05,0.00018721423427365768,0.9177973968236658,0.0008411385238059984,1.513042323696406e-06,0.0011795229222846544,8.227584247027578e-06,0.0023253923337954066,1.787706540318376e-05,0.06911922448014467,9.268483708361108e-05,0.00017186679584265855,1.0733063425488586e-06,0.0003598644675765707,1.571391443891663e-06
10,0.0003248032953292618,5.7789727889857165e-05,0.000962418704110053,0.003502174890028978,0.0016892606969049206,4.068457752669272e-07,0.00044623620439250534,0.0012043809262448969,9.272060003946013e-05,0.00015215106398051495,6.512670341637202e-05,0.0001942821200492778,0.9271352985669442,0.0007321919447259029,1.899426839008827e-06,0.0012560403448593745,8.846558367157806e-06,0.002457871856529902,1.9649082732190206e-05,0.05910871588551344,0.00011411195380932523,0.00016973725056119938,1.0689244301043438e-06,0.00030132881989778943,1.4876066287910736e-06
11,0.0005657768624846027,0.00021214808652848027,0.0009651198830244286,0.03370233622901068,0.0016122292886906497,6.193890615368325e-06,0.003456650407917371,0.00591065287477256,9.88714184223659e-05,0.00016650604030363895,0.00010764746876137612,0.002391018746345987,0.8808568988219215,0.0007366710444733018,8.136798051699248e-06,0.002720995867198124,0.00011803532564741061,0.0032150164153055354,7.824056364609906e-05,0.060951192995604336,0.00011458610535038361,0.0017035984196603579,1.3489611473421351e-06,0.00029844491273981627,1.6825723766232434e-06
12,0.00033602417414803793,4.223150501199112e-05,0.0010269811688398368,0.0032492344198127437,0.002661791912252792,4.00422617509686e-07,0.00042316913907241953,0.0010921508001558021,8.24984395396252e-05,0.00013983201244817834,7.233715779982057e-05,0.00020238872930762562,0.9146467951600594,0.0007753409934225677,1.4509893685124214e-06,0.0012429567293984535,8.578553508388229e-06,0.002434173387551638,1.5887672365274628e-05,0.0709157113880048,0.00010826723977991633,0.00015567089561458678,1.1526327757149388e-06,0.0003632397130409314,1.7347641037969909e-06
13,0.0002968010652716285,5.79160911504845e-05,0.0012407336450600162,0.004813556624656112,0.0014880825721225411,6.330669488151001e-07,0.000567769356018661,0.0013442433869613629,0.00011848279552117863,0.0002476573524423186,1.9756278447834003e-05,0.00012608341843762966,0.9122800001033393,0.0004462742376235959,1.908181729008933e-06,0.002587854541247006,1.0423686438599931e-05,0.003090578032057803,2.6203203401606582e-05,0.0704926425172632,9.116595716873059e-05,0.00015311925015924725,1.8761330205760934e-06,0.0004949966410993198,1.2418624136517963e-06
14,0.0003326291015816508,5.2724102242319766e-05,0.0010094769066200796,0.002774289363183211,0.0012424560172848097,3.605675654551909e-07,0.0004348382923759713,0.0009964938926830267,0.00010107955017227442,0.00015418342984927863,6.294473026843154e-05,0.0001935090892256146,0.9185312336428708,0.0007518753414791379,2.049792676702257e-06,0.0010423635703884586,8.600533534768355e-06,0.0025191174195215047,1.835374542209721e-05,0.06917345644438992,9.92302952708439e-05,0.00019237233088472124,1.0575127279223508e-06,0.00030347848263847404,1.8258451428363536e-06
15,0.0003248032953292618,5.7789727889857165e-05,0.000962418704110053,0.003502174890028978,0.0016892606969049206,4.068457752669272e-07,0.00044623620439250534,0.0012043809262448969,9.272060003946013e-05,0.00015215106398051495,6.512670341637202e-05,0.0001942821200492778,0.9271352985669442,0.0007321919447259029,1.899426839008827e-06,0.0012560403448593745,8.846558367157806e-06,0.002457871856529902,1.9649082732190206e-05,0.05910871588551344,0.00011411195380932523,0.00016973725056119938,1.0689244301043438e-06,0.00030132881989778943,1.4876066287910736e-06
16,0.00032759161682268035,6.04945590162077e-05,0.0008755370526591015,0.0035161633552639395,0.0016261542942603436,4.0043782830890584e-07,0.0004460777587000725,0.0012029858541797178,8.91140428075431e-05,0.00014616564307689436,6.860178015895187e-05,0.00019864339170975602,0.9306450402545755,0.0007682748068455793,2.0602592294472095e-06,0.0012548581242120668,8.476999063437648e-06,0.0024843501237133557,2.028832012558801e-05,0.05572830757554339,0.00011173164775212598,0.00016793648858757788,9.343313857548604e-07,0.00024841912350438147,1.3921589781278182e-06
17,0.00034509005406443077,5.131089767914922e-05,0.001768273836643731,0.00338041139639551,0.0020252837152147578,4.722837715432333e-07,0.0004417625584594973,0.0014907382864450278,9.085644496549453e-05,0.0001718003702216538,6.420270285148188e-05,0.00017698501696615472,0.9282672399179439,0.0008281572123877889,1.4635312789311124e-06,0.0016351697485893855,9.548219057655456e-06,0.0025714474304733585,2.0448554589759466e-05,0.056034535089249354,0.00012762000257535925,0.00017030989031667002,1.053288340831806e-06,0.0003245830207194262,1.2365307989169532e-06
18,0.00032149778989915413,5.54031402407478e-05,0.0009808322493905465,0.003794035055891174,0.0016963497702045835,3.9941310419595635e-07,0.0004277775351356346,0.0012187359200846232,0.0001057734405706054,0.0001556805128259414,6.255309595130849e-05,0.0001645367503040834,0.9220792053574843,0.0008842367084972011,1.8576722748443904e-06,0.0013214717198158038,8.667255208207842e-06,0.0025576440118649014,1.958372271999166e-05,0.06352460733744782,0.00013340186598497476,0.00013628086862486495,1.1661200533369592e-06,0.00034613874601158835,2.1639404099042277e-06
19,0.0004698336422118045,5.3426590156870245e-05,0.0010363265971017376,0.0025648399805168233,0.0017323306481002601,4.007392036968591e-07,0.0004822665316376079,0.0012149247303348922,0.00010209698045321632,0.000160753657082071,9.842688984536681e-05,0.00016402740831041385,0.9257869273154753,0.0007095376843862154,1.9642063892564684e-06,0.0012559866805248226,8.121394448115925e-06,0.0026129047429731835,1.8927548311904757e-05,0.06096647913650406,0.00011895863841211168,0.00012918742148781997,1.0811673443632984e-06,0.0003088511410978484,1.418527690299467e-06
20,0.00035866770484226936,6.027064690232986e-05,0.0011834590489244188,0.00405581945738643,0.001508308286024914,6.157755916177081e-07,0.0005457420354074338,0.001125020064733169,8.957059247191777e-05,0.00016691907764634895,6.853437722622463e-05,0.00022746959243537777,0.9261765977455098,0.0007339822792602656,2.2018251591352556e-06,0.002559990163726675,1.130680251573953e-05,0.0027492019812062635,2.265322224397041e-05,0.057865542363521066,0.00011227840504261502,0.00013309676617221506,1.0455932972436612e-06,0.00024039581054651968,1.3103822063726947e-06
21,0.0005017741847842261,5.56856155569274e-05,0.0009930443598272019,0.004002931234118193,0.0012147655969238981,6.553753558873532e-07,0.0007478637126714227,0.0016503995802638197,6.271884048982875e-05,0.00016631850464435852,0.00016234757844288056,0.0003179699902131835,0.9256671790499053,0.0007520841583115253,1.5728895131452776e-06,0.001365725291765252,1.0070236522254214e-05,0.00256600789940371,2.5474498700175214e-05,0.058919250446560364,0.00013434945049397467,0.0003756527803115989,1.0045986118069029e-06,0.00030395295166657526,1.2011749425037559e-06
22,0.0003366579934066148,5.6582829838001945e-05,0.0009571571083474218,0.0034216396555722477,0.0014892713952781044,4.0314201348865473e-07,0.0004770070366143819,0.00105182030907512,6.481251652383166e-05,0.0001392053165126971,6.720210819107444e-05,0.00019029923550783632,0.9287268036243894,0.0007114707791713873,1.6648812058537692e-06,0.0012813492998764275,8.977977473610437e-06,0.0022790906237989683,2.046694383515851e-05,0.058181226114247246,0.00011835688318337583,0.00016626062360001068,1.0557278200154321e-06,0.0002499783336491704,1.2395408685043037e-06
23,0.0003248032953292618,5.7789727889857165e-05,0.000962418704110053,0.003502174890028978,0.0016892606969049206,4.068457752669272e-07,0.00044623620439250534,0.0012043809262448969,9.272060003946013e-05,0.00015215106398051495,6.512670341637202e-05,0.0001942821200492778,0.9271352985669442,0.0007321919447259029,1.899426839008827e-06,0.0012560403448593745,8.846558367157806e-06,0.002457871856529902,1.9649082732190206e-05,0.05910871588551344,0.00011411195380932523,0.00016973725056119938,1.0689244301043438e-06,0.00030132881989778943,1.4876066287910736e-06
24,0.00040059175091996363,5.85488207108837e-05,0.0009505192731922425,0.0026079034401373714,0.0016758612053678085,4.402493722234377e-07,0.0010259835400500857,0.0012330113085664816,8.731937206017734e-05,0.0001633060715372066,7.634908223043124e-05,0.00044055221975880304,0.9291906812520198,0.0007391537038802733,2.122447451205879e-06,0.0013258563079497432,1.043575786345162e-05,0.0025055375109895566,1.9795024381774007e-05,0.05693283092139923,0.0001136853789619395,0.00015331075007027695,1.0830526604697417e-06,0.00028380325749353177,1.3183009756376589e-06
25,0.00035892104533879793,5.5965270611567555e-05,0.0009240109152355469,0.0031989402228540555,0.0016629291190002912,4.2055812241341854e-07,0.00042990462258920295,0.0011559680954337556,5.914797411000599e-05,0.00013751490550588524,6.582163003505756e-05,0.0001998331751010146,0.9268606672830068,0.0006421845413039634,1.6724346326889174e-06,0.001282352892817724,9.96765102168053e-06,0.002435280477760944,2.0354417262122104e-05,0.05998032700621372,0.0001151558144726354,0.00019568748030810064,8.667005689685309e-07,0.00020509269346090576,1.013073232512322e-06
26,0.00031499087955644186,4.6900862191584534e-05,0.000992206161805871,0.003406939230510047,0.0018086102505712376,4.0669205078449176e-07,0.0004121045976228908,0.0010307403402248546,0.00010316424819696326,0.00015218685666001485,8.133888111366845e-05,0.00022038567440701523,0.9208817060188895,0.000691157759077551,1.3673814821676066e-06,0.001149931772760339,8.401730915070227e-06,0.0024732365797785977,1.5915857047656645e-05,0.0655055237459582,0.00010858154059395088,0.00015293526971875022,1.3450065798391194e-06,0.00043860581969139625,1.3168425956239743e-06
27,0.00032001118352882575,5.6693346197677995e-05,0.0008568668942112483,0.003309635637495259,0.001690952139867567,4.3751055585501476e-07,0.00047215176233838613,0.0012757013880246354,0.00012376730139817855,0.0001582499022589192,6.328665704803655e-05,0.00018958552237993177,0.9269603720883107,0.0007076790025840717,2.3064902224929988e-06,0.0012388889972332186,8.290986091883985e-06,0.0023697635604847996,2.0149791873292958e-05,0.05965463825550683,9.409419956121338e-05,0.00012760407447669775,1.0069458194173898e-06,0.000296289927895241,1.576434635700577e-06
28,0.0003248032953292618,5.7789727889857165e-05,0.000962418704110053,0.003502174890028978,0.0016892606969049206,4.068457752669272e-07,0.00044623620439250534,0.0012043809262448969,9.272060003946013e-05,0.00015215106398051495,6.512670341637202e-05,0.0001942821200492778,0.9271352985669442,0.0007321919447259029,1.899426839008827e-06,0.0012560403448593745,8.846558367157806e-06,0.002457871856529902,1.9649082732190206e-05,0.05910871588551344,0.00011411195380932523,0.00016973725056119938,1.0689244301043438e-06,0.00030132881989778943,1.4876066287910736e-06
29,0.0003248032953292618,5.7789727889857165e-05,0.000962418704110053,0.003502174890028978,0.0016892606969049206,4.068457752669272e-07,0.00044623620439250534,0.0012043809262448969,9.272060003946013e-05,0.00015215106398051495,6.512670341637202e-05,0.0001942821200492778,0.9271352985669442,0.0007321919447259029,1.899426839008827e-06,0.0012560403448593745,8.846558367157806e-06,0.002457871856529902,1.9649082732190206e-05,0.05910871588551344,0.00011411195380932523,0.00016973725056119938,1.0689244301043438e-06,0.00030132881989778943,1.4876066287910736e-06
30,0.0003248032953292618,5.7789727889857165e-05,0.000962418704110053,0.003502174890028978,0.0016892606969049206,4.068457752669272e-07,0.00044623620439250534,0.0012043809262448969,9.272060003946013e-05,0.00015215106398051495,6.512670341637202e-05,0.0001942821200492778,0.9271352985669442,0.0007321919447259029,1.899426839008827e-06,0.0012560403448593745,8.846558367157806e-06,0.002457871856529902,1.9649082732190206e-05,0.05910871588551344,0.00011411195380932523,0.00016973725056119938,1.0689244301043438e-06,0.00030132881989778943,1.4876066287910736e-06
31,0.00024758942067377803,5.921316808814703e-05,0.0008650931967193177,0.0035150622290204604,0.0014805606571373733,5.347193587648348e-07,0.0004668733881183055,0.0008761790819655766,8.436162569234491e-05,0.00016539726273232728,6.849515212247132e-05,0.00020796216332286826,0.9266459124928133,0.000815482242070488,1.8211948582321597e-06,0.001365401995103692,8.971915560030653e-06,0.0022097995629357867,2.2403287575857572e-05,0.06031442907679835,0.00011719652391663538,0.00016888768910139145,1.167257413503961e-06,0.00028972190290588775,1.482793995905833e-06
32,0.0003209729656804297,5.815721136871033e-05,0.0009357529526817811,0.0035508893869911425,0.0016780396514448153,4.120628266836682e-07,0.0004517592422824201,0.0012022461670263844,9.28094850581297e-05,0.00015245523643009918,6.455164217258059e-05,0.00019389281070871886,0.9274870830080971,0.0007085982506493701,1.9914188421646624e-06,0.0012770520365547728,8.929555319940389e-06,0.002452100717330416,2.0743991071756578e-05,0.05874878004987867,0.00011700592424292416,0.00017058267224990233,1.0891863622352648e-06,0.0003026261151279995,1.4782596008010326e-06
33,0.0003835056413867353,6.060528691560372e-05,0.005991644901228202,0.0034860761242623186,0.0019106155017092352,8.429651629293566e-07,0.00044162728442568964,0.0018772573999343743,0.00014308767726043626,0.00041167145593181233,6.234315086827452e-05,0.0001578173351140688,0.8921257250078267,0.002414833955121479,2.4314162950097007e-06,0.00215997431529056,1.0218507779503152e-05,0.003447778491157828,2.2430902083265224e-05,0.08398530319422459,0.00020894258452504227,0.00017138522120069958,1.6903523362897518e-06,0.0005199269958388826,2.26433212043556e-06
34,0.00023785117855909248,5.7282587815015126e-05,0.0010361609207773066,0.0038912496862904817,0.0016787345253595942,4.5842320651340814e-07,0.0004746539591351024,0.001370034676237592,9.154691126657439e-05,0.0001768726021429157,7.005933052799068e-05,0.0002312241036567439,0.9281800935617713,0.0007974561866639168,1.8575698259870932e-06,0.0015546170272492763,9.441417919247567e-06,0.0026891188367770707,2.1182419083539662e-05,0.05683142422112433,0.00012651264991923487,0.00017029989134428745,1.071088326426561e-06,0.00029944332400216514,1.3529010181726466e-06
35,0.000409794628506003,5.796665292133782e-05,0.0009834079756400453,0.0035504423300610614,0.0013867655069649723,4.3270754031771987e-07,0.00046775908937833686,0.001156361796017567,0.00011102339387110848,0.00016147499445777195,7.547282024140572e-05,0.00021777125908867183,0.9334303901007766,0.0006501441494726043,1.8827954557941225e-06,0.001282448666783652,9.141513773087772e-06,0.0026391231893467624,2.2086389326535527e-05,0.0527898644769336,0.00012208603850354907,0.00018385196925212478,1.0706695618615958e-06,0.0002878314130643524,1.4054730607878523e-06
36,0.00035653964141588195,4.459352252863295e-05,0.0011201868408977412,0.003508037890758106,0.006379599419241385,3.989076274825498e-07,0.00047438891179332017,0.001305202608070734,0.00011990173412435155,0.00013708816271330645,8.837081179689687e-05,0.00018070762920234057,0.9218641646870026,0.000867243126162642,1.5099362303742167e-06,0.0013188595062126715,8.559639266942147e-06,0.0026149209900740537,1.895755065212823e-05,0.05853133431319645,0.0002262778247670759,0.000144777845746014,2.047130189175967e-06,0.0006846593954884213,1.6719748410791755e-06
37,0.00031658208944938246,5.111893083836321e-05,0.0009774806564121922,0.0033633607970830143,0.0017028226910583365,3.497101524455427e-07,0.00044281742837756744,0.0010010122667561973,8.999641241022771e-05,0.00012344982507950713,6.970435644290211e-05,0.0002035426667545081,0.9302075097805212,0.0007155306662204636,1.5062886706338348e-06,0.0010176714552192442,8.25087671728278e-06,0.002466106888323836,1.714132227224944e-05,0.0566053564692953,0.00011594981457743542,0.0001668213186530362,1.0439669202146296e-06,0.0003335511345558577,1.3221872383110062e-06
38,0.00034924870739251655,6.579280430254364e-05,0.0009401886492143208,0.0062472355868643595,0.001070582827476252,4.0687479687052114e-07,0.0004193919697208107,0.0012802841437395487,6.83136891462263e-05,0.00015341566257785676,6.755517704179741e-05,0.00022930124677430716,0.9264945023097091,0.0005490781370008663,1.8855671180523222e-06,0.0012047817215113286,9.333238382997707e-06,0.0025432387348978203,2.179796145917889e-05,0.05759690321424113,0.00011240044597019415,0.00031913980022194846,9.86689464676295e-07,0.0002530789107762392,1.1559301986027508e-06
39,0.0003120301952005379,5.661457763347876e-05,0.0009652603415590641,0.0038676077995835473,0.0013345911014602245,4.1523776954465697e-07,0.0003340031628297119,0.001315193531285637,7.07402146596364e-05,0.00014278331035275603,6.70576981016931e-05,0.0001304311151688913,0.9275918239960115,0.0005927141893684321,1.6811310042697875e-06,0.0013843815499885153,8.37641442082776e-06,0.002490266827243957,1.9292574454893818e-05,0.05882537974615615,0.0001296797745142728,0.00011089977053939952,1.0043547424384245e-06,0.0002464089105010798,1.36247544993849e-06
40,0.000225476668057028,6.01254402397067e-05,0.0009376836521169507,0.003956000499923293,0.0018369596405150073,4.1603628777115927e-07,0.00045616685709485216,0.0012544910440216073,9.315700407920808e-05,0.00014780271171455366,5.707118888083505e-05,0.00013886841473082916,0.929347006753425,0.0007737524073510267,1.982701012264379e-06,0.0012727676916281646,8.956817330830888e-06,0.002707111015311001,1.9939376937511945e-05,0.05609747545947706,0.00011591624318923294,0.00017909117213881466,9.949425978014793e-07,0.00030897084882163217,1.815413118154702e-06
41,0.000334360363016393,3.591333124385515e-05,0.0009981449602312143,0.0015565022149706328,0.00034344387999676916,4.058827412327622e-07,0.0005082623928539621,0.0012813621382831031,2.582467644100457e-05,0.0001323760525194859,6.729924135407439e-05,0.00019313248314141578,0.943014615000523,0.0009737684602365759,4.439552696084677e-07,0.0013298338966663162,1.0062101475179359e-05,0.002657211227493089,2.0778952008319965e-05,0.04531096238713219,0.0008212424904262708,0.0001663065373481937,7.938924366321972e-07,0.00021578203146370447,1.1714507274084643e-06
42,0.00031210419354069145,6.389474174843236e-05,0.0008447097017765002,0.0035772783895695274,0.001260918567303741,4.294729835383872e-07,0.00044100096036541256,0.0012856743058477793,7.892204802613891e-05,0.00015740928197177314,6.209115349267385e-05,0.00020515120302999168,0.9298846738560218,0.0005608052980866788,2.427001658829505e-06,0.0014414462676561484,9.86407025397267e-06,0.0022223196665058175,2.2550745559078138e-05,0.057032841594704654,9.867656371347643e-05,0.0001925725658960693,8.727096244328325e-07,0.00023992799179659976,1.4376488662307862e-06
43,0.0003154740351462075,5.6910646961355476e-05,0.0009732004415137297,0.0036583429542649385,0.0014675785406728869,5.499883559738097e-07,0.00045623355991953224,0.0014893316622511402,0.00010528668463495339,0.0002193294408511874,6.287381133555249e-05,0.0001903357445415592,0.9186229504811257,0.0006947034533915022,2.369558138541134e-06,0.0015102526997116123,9.125668964589206e-06,0.0025549345969434188,2.3610876584616813e-05,0.06701211105424497,0.00011399814540061431,0.0001896888071314615,1.178132432394734e-06,0.00026816997604583743,1.45903943519791e-06
44,0.0003248032953292618,5.7789727889857165e-05,0.000962418704110053,0.003502174890028978,0.0016892606969049206,4.068457752669272e-07,0.00044623620439250534,0.0012043809262448969,9.272060003946013e-05,0.00015215106398051495,6.512670341637202e-05,0.0001942821200492778,0.9271352985669442,0.0007321919447259029,1.899426839008827e-06,0.0012560403448593745,8.846558367157806e-06,0.002457871856529902,1.9649082732190206e-05,0.05910871588551344,0.00011411195380932523,0.00016973725056119938,1.0689244301043438e-06,0.00030132881989778943,1.4876066287910736e-06
45,0.0006706622973288957,6.01461772269861e-05,0.0015725436605030039,0.0033333412126613894,0.0016926203434328333,4.024226960788954e-07,0.0004247171870244781,0.0011925285626098426,9.339109291496046e-05,0.00015627183051288547,9.123824630261706e-05,0.0002404457661169533,0.9240941084204434,0.0011221136670827381,1.8532692646103715e-06,0.0012435641810658116,9.885988884416028e-06,0.0030129888836446603,1.9416247902587942e-05,0.06031476474465123,0.00016037079879344,0.0001734268455748685,1.1104470986362077e-06,0.0003165907132944624,1.496992968197417e-06
46,0.0003108172094567944,3.651084244341081e-05,0.0009263747314931999,0.0021090765624122818,0.0015145039658045042,3.959615840348659e-07,0.0004365253418260465,0.0011462379135464018,0.00017471431628482932,0.00015587687788138553,5.989092051112178e-05,0.0001255879218695287,0.91509260233942,0.001114393943494729,1.3345953108465438e-06,0.0012404606583385355,5.441496321105868e-06,0.0023628893300137984,1.7713784446432458e-05,0.07261999652091199,0.00012115024772614693,9.166339300817161e-05,9.570343587555697e-07,0.0003332865391063406,1.5975524295906251e-06
47,0.0003258330534413683,4.7047764710493766e-05,0.001469830150621545,0.00411262006482362,0.0024642784035955696,4.672435553151315e-07,0.00044366191915304006,0.0014372096878131194,0.00010003006454182905,0.00021992008389850468,8.451673686491253e-05,0.00016641639251158504,0.9106148596913153,0.001251565355567172,1.7760826655153485e-06,0.001262776759569671,8.847631576853218e-06,0.003576326370252492,2.071885928986347e-05,0.0716952189337481,0.00019366915309035893,0.00016202869002500818,1.7048390073295478e-06,0.0003373372749772548,1.3387933846453556e-06
48,0.00031349121055710083,8.71740718078188e-05,0.0012949432553840646,0.004372594361972261,0.001407614657558217,3.759975663931379e-07,0.00039563930100516734,0.0003983915017216934,8.072414986317484e-05,0.00012914430074502376,6.660099461390588e-05,0.0001924037261885782,0.9279500728155224,0.0007001420466179043,2.516846074006158e-06,0.001083218126077234,8.874202309300775e-06,0.002012455989599867,1.6837431413558375e-05,0.05898939233761389,0.00011146820691894412,0.0001539405649216648,1.1291304482583097e-06,0.0002295257223358375,1.3290511636938831e-06
49,0.0003274716070787581,5.297390185527951e-05,0.000995801704351522,0.0032824461292159644,0.00150947723286461,4.1525481826275663e-07,0.00043581970394845784,0.0011587335229709327,8.547253786223617e-05,0.00014505531197986612,6.325212154982222e-05,0.000199732487886476,0.9254143810058406,0.0006738275230399639,1.6904522045630425e-06,0.0012338088583283837,8.719068994425377e-06,0.0023891465340096897,1.7405653204874525e-05,0.06143564293607816,0.00010114878070172683,0.00016774135567430365,1.0130319091296764e-06,0.00029738450188000564,1.4387817521851216e-06
50,0.0004331730382482176,5.644419098987804e-05,0.0014107103451452818,0.0034907083104337854,0.001667540768642835,4.683532718559384e-07,0.00038296795437653804,0.0003550018010895861,9.238327637512435e-05,0.00011266108088087284,8.230747843605835e-05,0.00025348019065246635,0.9238709492852182,0.0007074120043268195,1.8825904315713041e-06,0.0014168867379086313,1.0792550184149476e-05,0.0021467479489429447,1.4164604277298896e-05,0.06291543727978308,0.00010607817058181167,0.00016264353124709584,1.2318645893618919e-06,0.0003064357836609923,1.4908603057056637e-06
51,0.0003160785599156463,4.926093780894209e-05,0.0010974754822857043,0.0026141447832086695,0.0018012647741974797,3.937661080911693e-07,0.0004796494000795971,0.0012787030137928574,9.359433111040595e-05,0.00015775514060618073,6.920119054706745e-05,0.0002114910712437163,0.9259065058899805,0.0007031411148730925,1.7271164257118909e-06,0.0011858235195659655,8.988954192066583e-06,0.0025027049410466327,1.9464972199970785e-05,0.060869812060759726,0.0001404468296978724,0.00014865822360125795,1.119862653717138e-06,0.00034100449960737045,1.58956449203725e-06
52,0.0003261172533169131,4.9039429639977196e-05,0.0007565368589022299,0.003482472608945242,0.0010205839112480157,2.7591114987151757e-07,0.0006824150726369751,0.0003102158807555617,8.359903409439451e-05,8.75073224948033e-05,5.7097125150755636e-05,0.0001868619530456904,0.9300839548951645,0.0005983232329705733,1.9046799527584836e-06,0.0009994800805395534,8.589693977322106e-06,0.001690098575108228,1.656510529792054e-05,0.059099028646404456,9.00641744698359e-05,0.00016211009338656595,8.252410448928826e-07,0.00020537198465216762,9.61235650895226e-07
53,0.0003198232257305885,5.597492569764532e-05,0.0011142958385984515,0.0035444683069257195,0.0018021709768241128,3.592877080022199e-07,0.0003174669823090586,0.001273508720895367,0.0001039110465587822,0.0002663904641689822,6.565609186338477e-05,0.00018978480265649072,0.9257456636079721,0.000713520288110004,1.9068575719121332e-06,0.0011505849287432666,9.576069078001914e-06,0.0024523854740161155,1.9392076591552934e-05,0.06024982100800294,0.00011829015169079069,0.00017914021684196493,1.0917088920805877e-06,0.00030309450828635133,1.722434265853758e-06
54,0.00034503374676969075,6.439249199925932e-05,0.0009494746703543775,0.0031459058344645826,0.001483134022807645,4.135782014269432e-07,0.0004357755450190437,0.001322683505947545,0.0001224229719383488,0.0001851249464839156,6.102166856951723e-05,0.00015229370871791943,0.9183045259619113,0.0008591680420455491,2.408200903693024e-06,0.0015515703187834802,8.398534148606602e-06,0.0024456645725463647,1.963719895385948e-05,0.0679695980797172,9.573802520671403e-05,0.0001479335410447157,9.553392826729143e-07,0.00032413410422238263,2.5913899603212744e-06
55,0.0003215936974044487,5.432967852333468e-05,0.0010593774106683895,0.003666697573690778,0.0019147652644333586,4.4861475473564095e-07,0.0004323713497722448,0.0015825135129953405,0.00011372206025710771,0.00019293771508493933,6.549224560530739e-05,0.00018544816366938743,0.9267499673869763,0.0006547814553128559,1.7075150174283485e-06,0.0014400666961657213,9.345874804123036e-06,0.0026900354708635577,2.074961403611723e-05,0.05814045663594766,0.0001097206712198295,0.00018686425382757288,1.0730522116515815e-06,0.00040398131792102125,1.5527688372426473e-06
56,0.0003213576184320507,6.193866102815588e-05,0.0013953418189860684,0.003596153426470402,0.0016408928744551172,8.995681464251288e-07,0.0004479924481373356,0.0031561058022077596,9.3299397771048e-05,0.0005428699811049958,6.482765214657774e-05,0.00019400843508409073,0.9104877566456657,0.0008328105181165465,1.967714051948384e-06,0.00405377009361558,1.2255803395422719e-05,0.0036372134436104737,2.5560396242662477e-05,0.06883439025479293,0.00012313620447790518,0.00017345430849336225,1.460232926807386e-06,0.0002990161235662984,1.5205770742208644e-06
57,0.00034813304147688343,6.166689592438262e-05,0.0016711533136046152,0.004190911276883265,0.0016144328134451058,1.4151760670139141e-06,0.0004859410624998264,0.00266961109428922,9.386490632882431e-05,0.00039540939316455077,6.61839075334617e-05,0.00020168712430846436,0.9129855924416911,0.0008542687294687555,1.985408299432919e-06,0.0012992193178169439,1.163465756554965e-05,0.004643743248805825,1.68963108892284e-05,0.06777889124563374,0.00012035598791346271,0.00018457297042151954,1.9419013277303786e-06,0.0002989893750241036,1.4983996167670049e-06
58,0.00031787177470625017,5.8494139084068196e-05,0.001295293812058106,0.0034425065271990072,0.0017207204143239885,6.202491365919844e-07,0.000445924732893524,0.00524963072243692,9.518461513871082e-05,0.00042557500544091576,6.219725063686097e-05,0.00019065091286048775,0.918920919008065,0.000759543668668292,1.8089784750019824e-06,0.0025226634217564454,1.2133615368965693e-05,0.0036891582951609756,2.5060003223205425e-05,0.060125701134444626,0.00011847085897252479,0.00017743812585635483,1.1300799302194394e-06,0.00033985315380787295,1.4495003547600855e-06
59,0.00031670034033025936,5.326434520808165e-05,0.0009912008575467506,0.0033523914136216874,0.0016759897416158366,3.963033280433152e-07,0.0004326026880675673,0.0011272947648789135,9.234432232725965e-05,0.00014938407422661286,6.203241104616788e-05,0.00018975915913629668,0.9248637558368317,0.0007121431904936598,1.7133649430778364e-06,0.0012380116613423268,8.534912247760579e-06,0.0024151151543881145,1.8504982672759802e-05,0.06168066857466314,0.00011263118880533554,0.00016400304085577535,1.0979840756183843e-06,0.0003390007719052631,1.4589154419078536e-06
60,0.0003248032953292618,5.7789727889857165e-05,0.000962418704110053,0.003502174890028978,0.0016892606969049206,4.068457752669272e-07,0.00044623620439250534,0.0012043809262448969,9.272060003946013e-05,0.00015215106398051495,6.512670341637202e-05,0.0001942821200492778,0.9271352985669442,0.0007321919447259029,1.899426839008827e-06,0.0012560403448593745,8.846558367157806e-06,0.002457871856529902,1.9649082732190206e-05,0.05910871588551344,0.00011411195380932523,0.00016973725056119938,1.0689244301043438e-06,0.00030132881989778943,1.4876066287910736e-06
61,0.00032383667460346286,5.348783350925058e-05,0.0010296157397418088,0.0033451628801177548,0.0017462295118933836,4.030299442039475e-07,0.0004378265395582766,0.0011519373069410878,9.690594838741757e-05,0.0001507222309361416,6.339167696493939e-05,0.0001909169389987753,0.9251178392286137,0.0007380712917829564,1.7011429253790293e-06,0.0012233147337418102,8.636682471125016e-06,0.0024573043198859797,1.85119065832491e-05,0.061207995712683545,0.00011681960184903019,0.00016419355027908145,1.1293566880663222e-06,0.0003525200989780845,1.5260619216443421e-06
62,0.0003248032953292618,5.7789727889857165e-05,0.000962418704110053,0.003502174890028978,0.0016892606969049206,4.068457752669272e-07,0.00044623620439250534,0.0012043809262448969,9.272060003946013e-05,0.00015215106398051495,6.512670341637202e-05,0.0001942821200492778,0.9271352985669442,0.0007321919447259029,1.899426839008827e-06,0.0012560403448593745,8.846558367157806e-06,0.002457871856529902,1.9649082732190206e-05,0.05910871588551344,0.00011411195380932523,0.00016973725056119938,1.0689244301043438e-06,0.00030132881989778943,1.4876066287910736e-06
63,0.0003235189942094785,6.248778186284094e-05,0.0009530712862157681,0.003578300402075484,0.001680507709531745,4.0883372769414907e-07,0.0004464357951142659,0.0012141804948226575,9.401592943095718e-05,0.00015630735791607764,6.51537027496819e-05,0.00019589659168950944,0.927616555891033,0.0007440856296941163,2.0065995211098054e-06,0.0012778524488780171,9.111369646269587e-06,0.0024479436638327355,2.0396984195879948e-05,0.05851645723702704,0.0001141374156523256,0.0001722334469671647,1.0753010139030503e-06,0.00030630037685744143,1.5587563348991503e-06
64,0.0003232399884888515,5.482591162251933e-05,0.0009930778280848825,0.003280322164692795,0.0017118768147179253,3.9165176643053254e-07,0.00045546388206135345,0.0011594589081418945,8.755262592736443e-05,0.00014678438418465692,6.606772542879336e-05,0.00019223856674537297,0.9278488909025344,0.0007443693930092463,1.7299718369298104e-06,0.0012340819071129567,9.029929389754852e-06,0.002505189556752835,1.9963586352274367e-05,0.05854959575891698,0.00013373952057741471,0.00016712065703969252,1.1205741030913695e-06,0.0003124042711168982,1.463519395025919e-06
65,0.00030721689726863707,5.889623781864601e-05,0.0009457173085636044,0.003093230695118625,0.0018930284614996906,5.387400264525654e-07,0.00047536351522986574,0.0012282815425126358,7.218364011936785e-05,0.00014006583779618535,6.322325744657838e-05,0.00019294167045756473,0.9260237884308462,0.0005964646362296542,2.277850892639073e-06,0.0013632557921888456,9.79100426694733e-06,0.002383446716297362,2.3542810500901795e-05,0.06055925834200606,0.00012774060029508368,0.000169702683617245,1.281889525598779e-06,0.00026751933373153717,1.2421057441447704e-06
66,0.0006002786103762307,0.00025230026040772355,0.0011811971126774018,0.015388751895410255,0.01003571664096658,2.1068713927573937e-06,0.0008923503165909068,0.002554292535820615,0.0006573681740252197,0.00048147561556246193,0.00015454769860528988,0.0005538312003744963,0.8950328980065874,0.0023693112918414154,1.8834574585955024e-05,0.0022211641532925708,3.3389498923036655e-05,0.004472157595039242,8.459479419761709e-05,0.060704309904678455,0.0003195802249604152,0.0005080469070522124,1.553881166165613e-05,0.0014530719139461614,1.2885391023769485e-05
67,0.0008254551960720334,0.00011473048545741455,0.0008277581799354383,0.004544797723385086,0.0037004176278550706,5.446451563331915e-07,0.0005499038868752597,0.001564204844251226,0.0002562681622541723,0.0001718538498707805,0.0002128977182620319,0.0006430120842748681,0.9392267183598125,0.0010868830829843428,5.668920215980589e-06,0.0013608226590492453,1.0748983719349973e-05,0.002483875271285128,3.2151394936727145e-05,0.041718045837671254,0.00013801124070891212,0.00016103874349552368,1.012802997710648e-06,0.0003596908078407914,3.4874916324950363e-06
68,0.00047804138995072147,0.00011599683993215201,0.000733424262383023,0.004502589540538608,0.0015667089144532293,4.956879794143897e-07,0.0005569844063918424,0.0017176749007292913,5.229892298168677e-05,0.00015678441890135662,0.0001344350672879423,0.00021305505625613774,0.9554818842036257,0.0004508509051674348,4.553119386709408e-06,0.0014308784591387494,1.6824347561323096e-05,0.0030524849069406097,6.812435722370672e-05,0.02867711546321734,0.00027257354553712586,0.00019110330440291195,9.992259026124224e-07,0.00012296637592832906,1.1523781827900617e-06
69,0.0005205974149855658,8.871887027165743e-05,0.0008380854553106344,0.006666817980549062,0.0029100516090929344,5.380692032662312e-07,0.0005127028489123741,0.0012651215166936724,0.00010561487291238819,0.00015453573532089887,0.00011024158289055325,0.00028378464735677006,0.944674694642408,0.0007666457903768348,3.434656770277275e-06,0.0013579357906351205,1.3482352743401314e-05,0.002108244553603805,3.016476906607237e-05,0.03692892958462359,0.00012078477563150653,0.00017529827116491336,1.329264232545918e-06,0.000360558285686436,1.6866595581739455e-06
70,0.0003404967217423837,5.744181657167487e-05,0.0009631692366551565,0.0033634807653721106,0.001859229436109435,3.841930439571702e-07,0.0004540472384626327,0.0010429526254508033,9.558952723934682e-05,0.00013119918370958626,7.016958355307579e-05,0.00021513548268031518,0.9278002674486783,0.0007434444177116995,1.8674379603879586e-06,0.0009881799985347335,8.20975352119089e-06,0.002356125968852211,1.7255829670632835e-05,0.05888620174559764,0.00010675468869534994,0.00020261286927798945,1.026069246193974e-06,0.0002934147777330238,1.3431839302512681e-06
71,0.00027981011696008134,0.00013229515358224742,0.0010399362001393643,0.006786164747970713,0.0014678200651077977,4.4775999503376423e-07,0.0004407556968572196,0.0011030909125925178,6.325426272254766e-05,0.00017732573935538604,8.844735485884957e-05,0.0001770788132351579,0.9533612228962022,0.0005702407571148831,5.354083848416703e-06,0.0013373382422447464,1.579458688344053e-05,0.0026269630635461384,3.012156513331787e-05,0.029781529807189983,0.00011644579904073546,0.00017148465162149354,1.1813999593841258e-06,0.0002243765174559996,1.5198063828291628e-06
