,0,1,2,3,4,5,6,7,8,9,10,11,12,13,14,15,16,17,18,19,20,21,22,23,24
0,0.00010966097079514449,0.009161650650758836,0.0001046981011465842,2.198349131388731e-06,0.009450164180356588,0.000929279779500335,0.0002406403655603288,8.785578911745755e-06,0.016286274751861368,5.577871067336635e-05,0.0003609208744822578,1.7260411060992332e-06,1.70751388450703e-08,0.00026220299956401024,0.9220040166877808,0.0006466108633949842,2.046152076471524e-06,1.431092501910048e-07,0.032168982437070476,1.25732553217902e-09,0.0006435946674980704,0.0053698984894459765,0.000617306584764881,1.0770747723530731e-05,0.001562630574682672
1,6.506722594458553e-05,0.012701378594040063,6.09361662419889e-05,2.869947873704762e-06,0.005936620170920106,0.0006460163534639442,0.00020491124378137516,9.274314968140544e-06,0.019917347028096208,6.547875762101898e-05,0.0001656676049286545,9.256357049488295e-07,9.211354682805909e-09,0.0001905460162930174,0.9081006445943879,0.0007273859535741563,1.0413579496174437e-06,7.293227382552255e-08,0.04493481086009096,1.0549910687100692e-09,0.0004811334373092973,0.0034383659513698424,0.0002721098979410206,7.585159494893442e-06,0.002069800529385269
2,8.383240946643147e-05,0.013602676735472465,0.00010599222126633666,2.4051601894406136e-06,0.008424539810135783,0.0011648624218017186,0.000219927901474899,7.15259787523131e-06,0.020073421434618672,4.6599034116406e-05,0.00044664588984979646,1.3603419207192637e-06,1.1120223675365102e-08,0.00019054160018181033,0.9238528909342659,0.0005044568805858025,1.960887214113186e-06,1.0201608902735188e-07,0.02290428887162934,1.2477322854850814e-09,0.0006164332679822794,0.005035619273437961,0.0005788848239386718,1.0455048317833825e-05,0.0021249380702132305
3,0.00010660891777056173,0.017969779448216868,6.298067180939213e-05,3.966406827950962e-06,0.007414818603100956,0.0006346010383147375,0.00022637589316883036,9.423916602536682e-06,0.0098340683634563,6.15626846668596e-05,0.00022707042116645784,1.577589892713615e-06,1.221726914948939e-08,0.0002698052982308062,0.9218458552352434,0.0006371211073046127,2.2318323835792378e-06,1.65388615242124e-07,0.03125806326223237,1.0746330073078367e-09,0.000658324130407167,0.005535238214988288,0.0006233152164513362,1.3671408801833927e-05,0.0026033616584452486
4,0.00010700438016515066,0.01926587550111076,7.297818139947982e-05,4.088748597166846e-06,0.008930459833667748,0.0007366173686437859,0.0002469575109599421,8.902463680943829e-06,0.010355481862792594,6.493321084843635e-05,0.0002549483764555795,1.7397883571353394e-06,1.6400441481629392e-08,0.0003408741306801231,0.9191294065648927,0.0006551825771337171,2.189661661172126e-06,1.750443321955255e-07,0.030526703112349538,1.2555466600476808e-09,0.0006333626593284192,0.005631248364537522,0.000643951224714416,1.4038532014298775e-05,0.0023728632456890817
5,0.00011994350445357285,0.023264113214712626,7.293588137909238e-05,6.564739571947365e-06,0.009967427345471808,0.0007676998924460349,0.00026977244677669896,1.2358696601214916e-05,0.009425893383870447,8.905496788277713e-05,0.00028373066903249173,1.8990332044499563e-06,1.6350059637784178e-08,0.00034642431043404887,0.910972603144257,0.0007121740009686141,3.0061885638886975e-06,2.871307486135775e-07,0.031938444531184634,1.4088926769216763e-09,0.0009687779067899234,0.006559665768721253,0.0009775111629913473,1.9238130659184712e-05,0.003220456190326146
6,0.00010660891777056173,0.017969779448216868,6.298067180939213e-05,3.966406827950962e-06,0.007414818603100956,0.0006346010383147375,0.00022637589316883036,9.423916602536682e-06,0.0098340683634563,6.15626846668596e-05,0.00022707042116645784,1.577589892713615e-06,1.221726914948939e-08,0.0002698052982308062,0.9218458552352434,0.0006371211073046127,2.2318323835792378e-06,1.65388615242124e-07,0.03125806326223237,1.0746330073078367e-09,0.000658324130407167,0.005535238214988288,0.0006233152164513362,1.3671408801833927e-05,0.0026033616584452486
7,0.0001455313621251819,0.031891220473350176,0.0001355052314396229,4.109710726818137e-06,0.005188165520043306,0.000588011667968718,0.00041749935638910816,1.0151764088938056e-05,0.018870700655997767,6.021850383016166e-05,0.0004626415969271603,1.6938676762656404e-06,3.802942660732044e-08,0.0002760514009461517,0.9049186820927873,0.0005027401605307679,2.4275876252222404e-06,2.3359629956012245e-07,0.028083988476236225,1.883309785049215e-09,0.0004704972021159597,0.0051671129818687015,0.0005183393981486993,2.5380769188839912e-05,0.0022590567109533524
8,0.00013713805120701912,0.021735679362333317,8.169875696963123e-05,6.684811505663635e-06,0.007262012439355252,0.0003777438369851837,0.00027214151328107725,1.3157711098415452e-05,0.008372387489325596,0.00011126623062399125,0.00011630857936104984,1.2853305309604845e-06,1.3383400485989293e-08,0.0003152839974398053,0.919222232791019,0.000848401574249932,3.4545785361017303e-06,1.4584299699041525e-07,0.02840400070357675,1.1131603530324348e-09,0.0008039836342396575,0.004991416581026548,0.0009411260210665507,3.1932360594661144e-05,0.005950503306116428
9,0.00014193275113709002,0.03201337913953533,0.0002051606439061416,8.101965151556123e-06,0.009625839961260728,0.00038583829171944396,0.00041114423957396625,1.674129345338208e-05,0.017508877663263363,0.0001415362083642529,0.00016068985251209894,1.4220862329140694e-06,3.088436139199062e-08,0.00034941543081431256,0.898484700915832,0.0006638439361818183,3.901569807350352e-06,1.7359349195868633e-07,0.028167200287928143,1.744415501450761e-09,0.000658577476013244,0.004223367378564159,0.0006226339183130728,5.375800310957589e-05,0.006151730765056846
10,0.00010660891777056173,0.017969779448216868,6.298067180939213e-05,3.966406827950962e-06,0.007414818603100956,0.0006346010383147375,0.00022637589316883036,9.423916602536682e-06,0.0098340683634563,6.15626846668596e-05,0.00022707042116645784,1.577589892713615e-06,1.221726914948939e-08,0.0002698052982308062,0.9218458552352434,0.0006371211073046127,2.2318323835792378e-06,1.65388615242124e-07,0.03125806326223237,1.0746330073078367e-09,0.000658324130407167,0.005535238214988288,0.0006233152164513362,1.3671408801833927e-05,0.0026033616584452486
11,0.00011300517166652913,0.01917009196577363,6.780888245838024e-05,4.107266492224436e-06,0.007652122909067918,0.0006626442679012345,0.00024223936292823014,9.599572090194696e-06,0.010183952749350512,6.29227202612276e-05,0.00024408913496906223,1.6897718934175164e-06,1.4482392097664662e-08,0.0002895914272655865,0.9203364284346636,0.0006322333641533497,2.365170938011684e-06,1.802608400938751e-07,0.030671547228676998,1.2018797569065314e-09,0.0006467742001467006,0.005743574377245963,0.0006491389203217577,1.4599368020550097e-05,0.002599277788603037
12,0.0002587937472963243,0.023599307872936515,5.601387237628863e-05,5.543935272964103e-06,0.013206638305120094,0.0019586555799630968,0.0001715871262875062,8.280427728150433e-06,0.004789285369968137,7.934394826451975e-05,0.0002630272293868362,8.9391568563027e-06,1.603338448835599e-08,0.0012438680885747484,0.8947153797901422,0.001249070984676829,8.288912278289057e-06,1.123189463392194e-06,0.018911659497256237,1.3770762502526733e-09,0.0019202112554532929,0.028438315948026524,0.006135546050457088,1.651642793551944e-05,0.0029545858738187158
13,0.00010712277367826696,0.012397025673167845,7.816319232589401e-05,3.035510929865888e-06,0.006280701480186847,0.0004164341119484371,0.0003111430747585584,1.03661622558236e-05,0.009563839311511186,0.00018074897620982703,0.0003547210647694455,1.2867218827234158e-06,1.0415766108783098e-08,0.00029066830268500315,0.9258646673160678,0.001203463318191081,2.1428475481364013e-06,2.0769645091862655e-07,0.03271023864557176,1.4377610937660236e-09,0.0007855702248594594,0.0056675359395079224,0.001058789794959373,7.899270998218052e-06,0.002704216736008633
14,7.954007210534763e-05,0.041492922236310036,5.438361035698749e-05,4.25894756146884e-06,0.012107273469641229,0.0010414266696276752,0.00024682968911683424,9.669718186574108e-06,0.015886761016123713,0.00011343104828027571,0.0002799230427962768,1.106010495901819e-06,1.9863985760913695e-08,0.0002669904781469194,0.8845429815463701,0.0005974013265994618,1.8874797889380143e-06,1.918820163729721e-07,0.03437964892735483,1.2129462368746881e-09,0.000727519330268906,0.005725567656038159,0.0005784876752796621,1.5642108520486726e-05,0.0018461349820815744
15,0.00010660891777056173,0.017969779448216868,6.298067180939213e-05,3.966406827950962e-06,0.007414818603100956,0.0006346010383147375,0.00022637589316883036,9.423916602536682e-06,0.0098340683634563,6.15626846668596e-05,0.00022707042116645784,1.577589892713615e-06,1.221726914948939e-08,0.0002698052982308062,0.9218458552352434,0.0006371211073046127,2.2318323835792378e-06,1.65388615242124e-07,0.03125806326223237,1.0746330073078367e-09,0.000658324130407167,0.005535238214988288,0.0006233152164513362,1.3671408801833927e-05,0.0026033616584452486
16,0.00011374440146371484,0.023568945666172528,4.772691000861367e-05,6.278045297349096e-06,0.006998440328351068,0.0007466583194155098,0.00024448159970456905,1.2465648256202965e-05,0.008561209847613433,0.0001070478601491568,0.00024107836429355294,1.6812985810790762e-06,1.0256760736278995e-08,0.00030240317142325826,0.9095624032071321,0.0008508408819746199,2.3984356334692467e-06,3.1462432944355894e-07,0.03625294957479396,1.2886949957394102e-09,0.0011176536277041583,0.007275946254158108,0.0007706745832314194,1.421844303493535e-05,0.0032004273618220797
17,0.0001922571806816088,0.024377608867880877,0.00010725346921417286,1.1033271141765476e-05,0.012729430449424777,0.0008879079628665903,0.00037250597751557166,1.4452927922914827e-05,0.00869281134703033,9.091862785124658e-05,0.0003387510110112847,3.945530770139923e-06,2.373215541355708e-08,0.000781933370829056,0.8991516240448234,0.0009823373816672243,3.6905626596921183e-06,4.2090575674762986e-07,0.034859610582942936,2.1954412000467183e-09,0.0013037949647550884,0.008383178098941764,0.0017135771429071412,1.9216456076361983e-05,0.004981713937732268
18,0.0003393491921597124,0.0280959475199192,8.965749646945847e-05,4.768189598903334e-06,0.00595767857329358,0.0003725422661384925,0.00032835450019954313,1.425747612191709e-05,0.006141911745323652,6.929130203270771e-05,0.00017298127612236196,4.173119656549129e-06,1.796602016913603e-08,0.000337134986178029,0.9077156923990137,0.0006403356203660137,8.45573254759276e-06,4.275012847718947e-07,0.02885364381824927,1.260243007227302e-09,0.0010151740237515615,0.012604259567805776,0.00102529809068652,3.517863576518292e-05,0.006173467741052016
19,9.282826587545362e-05,0.02033482103184303,0.00014358739316724272,5.183092278869583e-06,0.015010416887165187,0.0008706520639576264,0.00022566489603984506,1.3422030811291428e-05,0.019982509389557344,8.087985124365241e-05,0.0003053663000925752,2.581084879301718e-06,2.301720896386699e-08,0.00040499626224254563,0.8941673891295463,0.0006072040978487149,2.441490669870962e-06,1.5832702791770414e-07,0.03755135875238771,1.589475680394321e-09,0.0006326446035972108,0.006645266049641936,0.0004292111962040503,1.457395076893376e-05,0.0024768192464683318
20,0.0002986228514301109,0.01669459282454723,4.0295480060364615e-05,3.833889172714051e-06,0.0068011868905911025,0.0015117826971974974,0.0008901249827508209,9.647568808738044e-06,0.008051540647302232,8.327049920810714e-05,0.00031766925143356356,2.9539143190496994e-06,8.182281258573662e-09,0.0006703907736213752,0.9188849818406731,0.0017909692544208014,1.8040940241360989e-06,3.727681448239004e-07,0.035727590766841295,2.2614569023307253e-09,0.0007432635782363408,0.002769236853136778,0.001571411610393864,1.1603150858771143e-05,0.0031228433690888248
21,0.00021546724765163623,0.018432387900739203,0.00011520878064373914,7.051999306368575e-06,0.009674718125282344,0.0008473839422931924,0.00045521014197676823,1.0534649956890401e-05,0.009530247751897479,9.414643687091216e-05,0.00033880307932722994,4.5727380325415625e-06,2.6451833293964826e-08,0.0006350794252764958,0.9119900604159645,0.0016789940973632002,2.640448234466079e-06,3.2345839039968435e-07,0.03410807506755851,2.391499039563767e-09,0.0010552915385283739,0.005935149158657454,0.0013158555969916596,1.7551401163068837e-05,0.003535217754561162
22,0.00015004325180904444,0.016382117708414225,7.131298742633667e-05,4.2791896596488665e-06,0.008036285226737052,0.0008432633048856542,0.000256777651415654,1.1241220186226704e-05,0.008277772617560282,6.2054763949468e-05,0.00039480228552820365,2.6974370625100047e-06,1.135050523925517e-08,0.00031057847026947293,0.921113725807384,0.0008324089583202066,3.372805514000617e-06,3.200820390916186e-07,0.03105826700278478,1.4987760929114243e-09,0.0011240172845634502,0.007841189957631263,0.0008420145907043312,1.5665223880532074e-05,0.002365779322993292
23,0.00010660891777056173,0.017969779448216868,6.298067180939213e-05,3.966406827950962e-06,0.007414818603100956,0.0006346010383147375,0.00022637589316883036,9.423916602536682e-06,0.0098340683634563,6.15626846668596e-05,0.00022707042116645784,1.577589892713615e-06,1.221726914948939e-08,0.0002698052982308062,0.9218458552352434,0.0006371211073046127,2.2318323835792378e-06,1.65388615242124e-07,0.03125806326223237,1.0746330073078367e-09,0.000658324130407167,0.005535238214988288,0.0006233152164513362,1.3671408801833927e-05,0.0026033616584452486
24,0.00010131695218804719,0.029999113650488404,8.505839386117788e-05,8.462383998842687e-06,0.013978837381795815,0.0010095442733323967,0.0002801070850407236,1.2083390707956012e-05,0.01186160056586072,0.00012737048325846067,0.00028429648139054035,2.055665027207315e-06,2.2908283002334552e-08,0.0005779343469356721,0.8880935900917301,0.0007925596662617173,2.268240432420153e-06,2.830260319943255e-07,0.040208635660260145,1.7944538733239455e-09,0.0010226832551772638,0.007333253115315625,0.0009250891800057594,1.4382525480818888e-05,0.0032794494826816306
25,0.00019765187010377044,0.019781793707531043,0.0001383934219404239,9.944175861029373e-06,0.009300412846765908,0.0005222627773486233,0.0004677768658893959,2.73628024487937e-05,0.011960412431834617,5.216589363949372e-05,0.0006864091457188311,4.4224137787594514e-06,2.6340416996769354e-08,0.00037562705265042706,0.898842361203713,0.0006190314073190249,5.099497935009897e-06,3.545903369746109e-07,0.044940150452970666,2.743408431949229e-09,0.001072127277956156,0.007220688164963949,0.000928234386916641,2.5692426349059258e-05,0.0028215961022034007
26,0.00031739268072371595,0.02584707980813114,0.0001513704265770046,4.837181429609669e-06,0.007731170630482477,0.0005369489330549615,0.0003998544894620375,1.860570364577213e-05,0.012077216175691656,6.963430724889468e-05,0.0003291761493460284,2.7667147609280062e-06,2.9223786943618187e-08,0.00020744944046014444,0.913617301139169,0.0005791816140318906,8.912022905797248e-06,4.277016033411633e-07,0.024785171532169404,1.6274061029690021e-09,0.0006600578953167503,0.008095405977119743,0.0008819457475992505,6.943998236538053e-05,0.0036086228955119026
27,0.00012311852738109536,0.01205533592081526,3.694602082737152e-05,1.9843126830675955e-06,0.0037066201933442238,0.0016122745515802657,0.0003023022701254276,7.411737180307082e-06,0.011504050132404625,4.609660976590843e-05,0.00040695310168705124,7.673993049011914e-07,5.253352529112448e-09,0.0001250297981528128,0.9358085797100444,0.0004970449230212133,1.3784627926104744e-06,4.1254033549851675e-07,0.025236687425711703,1.1556198564834745e-09,0.00041455085472640014,0.0054173974263911125,0.00034955267871482836,8.217454571704615e-06,0.0023372815394658536
28,0.00010660891777056173,0.017969779448216868,6.298067180939213e-05,3.966406827950962e-06,0.007414818603100956,0.0006346010383147375,0.00022637589316883036,9.423916602536682e-06,0.0098340683634563,6.15626846668596e-05,0.00022707042116645784,1.577589892713615e-06,1.221726914948939e-08,0.0002698052982308062,0.9218458552352434,0.0006371211073046127,2.2318323835792378e-06,1.65388615242124e-07,0.03125806326223237,1.0746330073078367e-09,0.000658324130407167,0.005535238214988288,0.0006233152164513362,1.3671408801833927e-05,0.0026033616584452486
29,0.00010660891777056173,0.017969779448216868,6.298067180939213e-05,3.966406827950962e-06,0.007414818603100956,0.0006346010383147375,0.00022637589316883036,9.423916602536682e-06,0.0098340683634563,6.15626846668596e-05,0.00022707042116645784,1.577589892713615e-06,1.221726914948939e-08,0.0002698052982308062,0.9218458552352434,0.0006371211073046127,2.2318323835792378e-06,1.65388615242124e-07,0.03125806326223237,1.0746330073078367e-09,0.000658324130407167,0.005535238214988288,0.0006233152164513362,1.3671408801833927e-05,0.0026033616584452486
30,0.00010660891777056173,0.017969779448216868,6.298067180939213e-05,3.966406827950962e-06,0.007414818603100956,0.0006346010383147375,0.00022637589316883036,9.423916602536682e-06,0.0098340683634563,6.15626846668596e-05,0.00022707042116645784,1.577589892713615e-06,1.221726914948939e-08,0.0002698052982308062,0.9218458552352434,0.0006371211073046127,2.2318323835792378e-06,1.65388615242124e-07,0.03125806326223237,1.0746330073078367e-09,0.000658324130407167,0.005535238214988288,0.0006233152164513362,1.3671408801833927e-05,0.0026033616584452486
31,0.00016487117789970742,0.03442363272433177,0.000169706677522088,8.846394699098313e-06,0.017072896166997326,0.0006182194653528047,0.0003083149327421274,2.7761023768603866e-05,0.0146913099446512,0.0001353117800893283,0.00022358127390892705,2.8016463052202228e-06,3.227006725701224e-08,0.00042546976537038685,0.8686025580410213,0.0007107521504968066,5.58801340173423e-06,3.0254921005371916e-07,0.04752164905432682,1.8836468845228304e-09,0.001002730729239303,0.00865293006777451,0.0007913963176841892,3.8706865227295875e-05,0.004400629084265164
32,9.497562461794824e-05,0.016359390944874926,5.51639411618907e-05,3.383770725340503e-06,0.006715854141034499,0.000579618645868171,0.00019714719178186055,9.190925351223378e-06,0.010103217136797382,5.6738225706895636e-05,0.00019932256123357688,1.3936877066540053e-06,1.0454798989402255e-08,0.00023625336779037917,0.9222758283504825,0.0005898316725778092,2.0268936092831686e-06,1.3600093292244084e-07,0.03361212401850481,9.612206217532043e-10,0.0006131027517389197,0.005383052650300288,0.0005050212229890359,1.1554936032032853e-05,0.0023956599221623006
33,0.0001488761273506515,0.03228089441129205,4.262405438042746e-05,3.3992638917795585e-06,0.013085834913485599,0.0007668164697924616,0.0001770259659107499,1.0869589308771366e-05,0.0035929089398278303,6.380353079509433e-05,0.0002396916216812948,2.7724715240763843e-06,2.1840679335846827e-08,0.0004208520889213972,0.8946895793033072,0.0005282816674052662,5.273167325792557e-06,3.348779151014416e-07,0.03203595717422413,1.2345529272477578e-09,0.0006782978564884781,0.01871674196599889,0.0009906001057796714,1.6774374742149857e-05,0.0015017669834192005
34,6.119786093543384e-05,0.010570844669269679,5.448822295129387e-05,1.488119117336585e-06,0.0035060675076676044,0.0004848015736518519,0.00017422790915038144,6.466063553313024e-06,0.018857190012360386,2.8013907794110764e-05,0.0001822878659974832,5.937423394862265e-07,6.824328991533003e-09,9.148046163140964e-05,0.9219591173174981,0.0003205935103181391,7.501625346109188e-07,3.435092095603596e-08,0.03980636855243252,6.377590744009382e-10,0.000158982790931705,0.0016924100103456392,5.600835199612458e-05,6.926926418769141e-06,0.0019796526480954403
35,0.00022294631536017424,0.03031165687761844,9.802258401960814e-05,8.248547534228202e-06,0.004426373786295012,0.0005325870052328644,0.0003320729590485308,4.4038529781189276e-05,0.04440658937679622,0.00014022817281934523,0.0002014410777171347,2.392818156820964e-06,1.7700668863345926e-08,0.00018176342187116107,0.8357584167473608,0.0005877598566749257,4.6735544615733595e-06,4.5838292997437386e-07,0.06266753479998449,2.187922340129084e-09,0.0009816076267275772,0.010243473571346546,0.0004453594387156397,3.352486799196602e-05,0.008368809792964173
36,0.00010762151796973959,0.013289695964230592,0.00010510601557805448,2.7419521708492692e-06,0.010758421752839356,0.0005863908246221979,0.00026783282852665995,1.1905837076980562e-05,0.011042261880497428,5.9673585968279076e-05,0.00014653759857000917,1.8071968806137088e-06,1.5937287624302564e-08,0.0002588254747007998,0.9215550217511868,0.0006268818406245626,3.742928949328969e-06,1.0135466762564925e-07,0.031197487110528534,1.2517105381635258e-09,0.000625578675703354,0.005624874855761765,0.0006179594600209719,1.5990385316040726e-05,0.0030935220186116426
37,0.000599151007496493,0.02770462730970034,0.00016060084181526477,4.78236796319355e-06,0.008159416603480314,0.0006256896506174613,0.0006053684633066811,1.06833893793064e-05,0.007378354262290801,4.622457919590559e-05,0.00041557074482858274,6.013711600232592e-06,2.941610870163334e-08,0.0006290720142147744,0.90171310416898,0.0008891115200567204,5.573888038060992e-06,5.060773449765105e-07,0.03579293202018551,1.6679763715456222e-09,0.0007768818039363557,0.009407359159607047,0.0011122419309739671,3.411335850458445e-05,0.003922590042398864
38,9.153884148295586e-05,0.013084660541182234,1.9548657491817636e-05,4.166544918350083e-06,0.002042771515787112,0.00043746419083419966,0.00014710194106361564,3.9659991283850436e-05,0.014846319356222246,0.0002006281447646672,0.00025247312240613104,3.158957953384815e-06,5.368771266502748e-09,0.00039745386891038584,0.8918735109007672,0.0002563240645682772,1.04160617267969e-05,4.147884444774717e-07,0.05317962721954146,2.953223744360749e-09,0.0011519277545828323,0.01712982280898686,0.0004334161311458831,6.174934900447738e-06,0.0043914113390399025
39,8.8576039196467e-05,0.007827051125283542,6.380970273100617e-05,5.41839769768042e-06,0.009968443065524059,0.0009863181979187792,0.00015175212420477733,1.7554236149141523e-05,0.011175677552886629,7.418031028085725e-05,0.0002288011302082053,2.5776015195721244e-06,5.822769050090313e-09,0.00023061967281633663,0.9093660004044642,0.0013599214405638563,2.20289340887685e-06,1.5955130625412568e-07,0.04834661568143841,1.4128890710692828e-09,0.0014907765546615234,0.004849006479387479,0.0006808195060525132,8.92277184583359e-06,0.0030747883247957725
40,0.00010949632755327739,0.015969970462143695,5.2069088152701785e-05,1.567294097443397e-06,0.003999388320126971,0.001033485686707036,0.0002595765571358282,6.758173693738823e-06,0.006979864792496382,5.305415209085715e-05,0.00022854943685916764,1.748396434665815e-06,6.685239538151368e-09,0.00028518559768286216,0.9307555599151851,0.0006282548309985188,2.1915228345651274e-06,1.7141628008820357e-07,0.03069451349146436,1.2572374150801381e-09,0.0006459456211750153,0.0054810257663128635,0.0006113168843900933,7.753178369039226e-06,0.0021925451453389316
41,3.746925180964868e-05,0.024876661596428266,5.9180933370098976e-05,6.822422676000093e-06,0.006378912664537638,0.0006290249890353644,0.00012262970153225044,9.760956456434002e-06,0.004108218273344733,6.519008849266733e-05,0.0004883167092522529,7.319939743795025e-07,2.3059322256644854e-08,0.00022942444720411932,0.931559814857154,0.0005089134753830235,1.075324576190522e-06,1.1490871985526028e-07,0.025930684278771942,7.347580627096532e-10,0.00026249532339605057,0.001840668846568305,0.00013603775985088245,2.351352124469334e-05,0.002724313882141124
42,5.4685799798295e-05,0.007925473268836532,3.349568821810957e-05,1.667330311543914e-06,0.0036113486456459134,0.00037833948046237035,8.289570148271867e-05,1.0474544293858669e-05,0.008958508717915181,3.3105177978763084e-05,0.00017910551518783623,1.066781811659283e-06,7.26751967676625e-09,0.00024885942856234656,0.9360760565137948,0.00042216430620474325,1.8956567862158997e-06,4.751539815307527e-08,0.03291978568664476,9.001157948734296e-10,0.0005092694152241174,0.006433001175068721,0.00020445414146493573,5.489795881280145e-06,0.0019088015453914214
43,0.0004826690056146586,0.0132005157222329,1.742922653831061e-05,3.4465916874551716e-06,0.008590841122167901,0.0007190512179132249,0.0009175129571435069,1.0380334015325924e-05,0.008479038865343765,4.956183597030202e-05,0.00021855141578992575,5.700661343458365e-06,5.075824575967727e-09,0.0008027662484864851,0.9272255679370041,0.0004113918953726126,3.419491352479829e-06,2.462839329708791e-07,0.029302030387774153,1.974147481367604e-09,0.00029972030882531754,0.005294821525586024,0.000981345977908469,6.887852968922049e-06,0.0029770960850557015
44,0.00010660891777056173,0.017969779448216868,6.298067180939213e-05,3.966406827950962e-06,0.007414818603100956,0.0006346010383147375,0.00022637589316883036,9.423916602536682e-06,0.0098340683634563,6.15626846668596e-05,0.00022707042116645784,1.577589892713615e-06,1.221726914948939e-08,0.0002698052982308062,0.9218458552352434,0.0006371211073046127,2.2318323835792378e-06,1.65388615242124e-07,0.03125806326223237,1.0746330073078367e-09,0.000658324130407167,0.005535238214988288,0.0006233152164513362,1.3671408801833927e-05,0.0026033616584452486
45,0.00011395415996213192,0.0314181559935083,6.497961415466033e-05,7.91257214110325e-06,0.008486340747010858,0.0008428983478715599,0.00023491286631063184,8.934107236743644e-06,0.008408815877485383,7.24088284962008e-05,0.0003069321551472352,1.866154071489746e-06,1.2997000593260714e-08,0.00034374278138882383,0.9056074087163992,0.0006563706309404917,2.428300755378652e-06,2.745636258430459e-07,0.03128655501007775,1.1875289643259286e-09,0.0008413671260497234,0.006020537344917386,0.0007494174711141763,1.4889980371322143e-05,0.0045088824664338105
46,0.00014348179951724545,0.020952008099779665,7.47623168379819e-05,4.887583937887441e-06,0.008719262552045576,0.0005281976547964423,0.00019969672530058087,2.1274859927352087e-05,0.004716253327833325,5.4247483676926226e-05,0.0002186094353783728,2.435783865050039e-06,2.1996265870452663e-08,0.00020274303643073657,0.921600134174506,0.000546084026240607,9.919444171774198e-06,2.354195495900494e-07,0.03041347612253309,1.0902069390664586e-09,0.0007282302567936578,0.007003840157978147,0.0006775409737657939,6.72823012947922e-05,0.003115373377366295
47,0.0004731441258333499,0.01727030350207306,5.622189590448399e-05,1.7259830300751601e-06,0.0028802828309667334,0.00046586983342257026,0.000266450737459038,9.19517172572417e-06,0.005828121606233531,3.447565712291896e-05,0.0002154795887110674,4.937774801577201e-06,1.0142812983505488e-08,0.00019952270979811914,0.9231077574225011,0.0007006868443919507,5.876928929291814e-06,3.390925626337494e-07,0.0290504898123941,1.1590946243399301e-09,0.0006527606906447099,0.015093554384204814,0.0005683439396123857,1.6442796407345917e-05,0.00309800536936218
48,0.0001059434985617265,0.02561550693505385,2.2294922852773197e-05,2.429626265553569e-06,0.004736567859218075,0.00027670768983445226,0.0002410223223470616,1.1470449688226135e-05,0.004711585038115158,6.454404534020912e-05,0.00013027155247088534,1.6589538577940173e-06,1.1853028681456045e-08,0.0002720628298856707,0.9233156785690069,0.0007222003201836716,2.5741350532850194e-06,1.5095596066229014e-07,0.03059055656262675,1.0826924772554025e-09,0.0007140846835033488,0.005691174262104352,0.0006871807477187167,1.7546175988217673e-05,0.002066774928641865
49,0.00011689134399434614,0.015331456090080074,8.015362013206324e-05,3.931661049785035e-06,0.010312955392544008,0.001068255871123914,0.0001935619018096505,9.31084482019836e-06,0.009804790093533036,5.344998339830844e-05,0.0003387751137243338,3.1081973370028775e-06,1.4132774562552881e-08,0.0003542333914715334,0.9203054014735232,0.0007335425761975919,2.556169044797124e-06,2.2712881300971868e-07,0.029372493125447742,1.4112661304638132e-09,0.0007458922662983736,0.008286380629414144,0.000704989555714871,1.130575827367917e-05,0.002166322268213697
50,7.898141613375778e-05,0.021330723352913396,5.492488969001236e-05,3.7663109712167006e-06,0.006408866906265073,0.0006505774070108982,0.00037558918297096554,1.0440712965775533e-05,0.01681218488095275,0.00012644158142971156,0.00011169982103243465,7.045021436732038e-07,1.1774672155399537e-08,0.0003315694613594861,0.8890067436901425,0.0009382294253987652,7.52416379965938e-07,8.294412160323719e-08,0.055362859774156566,1.1721637522268558e-09,0.0005064505338718607,0.004869514845348658,0.0003236245082220136,8.3852020635375e-06,0.002686873287619546
51,0.0001238954957839864,0.03149666119659585,9.441833130225176e-05,9.212781535759427e-06,0.009689447586437343,0.0007547922572282561,0.0003243864785552116,1.4210554896006491e-05,0.013364805773991512,9.556058311770603e-05,0.00040275047802065654,2.050882594483658e-06,2.147704359807247e-08,0.0004172714571983252,0.8943383328094583,0.0006246133936050487,2.5367373832628292e-06,3.6800105485208425e-07,0.035536088275470785,1.518246809053592e-09,0.0010122823947581279,0.00782982525330033,0.0007817858869241289,1.9067986694896664e-05,0.003065612408802362
52,0.00016430943887239395,0.019251954417462844,4.727498041585403e-05,4.360328598980931e-06,0.003878820423476067,0.0008337473973250476,0.0005269524835824467,4.743301132072467e-06,0.0121999850945975,8.742615572863615e-05,0.0007732042084263154,1.6283862565636482e-06,1.7225819401942965e-08,0.0003623599003206688,0.9333980847975115,0.0011962593977338067,1.1326368829120753e-06,1.29777397041595e-06,0.015126241719699998,2.6504453263101208e-09,0.0008365960579079419,0.007693955148269533,0.001816956878258564,1.1544563396357628e-05,0.0017811446339087871
53,0.00010829133188015951,0.010263227517623784,3.373010784074792e-05,2.344030781418692e-06,0.0012138528638718806,0.0007158122916518307,0.00030699036047692765,6.272476963870207e-06,0.007877280594261262,4.3163247944381755e-05,0.0002829427715199237,1.0635747693490887e-06,6.6951044317093525e-09,0.00018462851299655994,0.9471676932045535,0.0006750706127118168,1.4158553549118698e-06,1.4671653133670904e-07,0.023389647657341178,1.1697836485331234e-09,0.000491671890054671,0.0044114104368968635,0.0007020816310660722,9.924373994812853e-06,0.0021113300740249643
54,5.9764159383702084e-05,0.019353372385108484,4.9485682444937e-05,3.7038801760043346e-06,0.0027047205631006723,0.0004908937053809685,9.736986182188292e-05,7.162408928565061e-05,0.009306022944337243,5.618905649476344e-05,0.0002487862340131904,5.596729392593967e-06,9.619711140950008e-09,0.00015902652004599248,0.9047075020848915,0.00015278610231174604,3.4852374054637644e-05,3.563472968121316e-07,0.044504640796334316,1.1403995202375893e-09,0.003725504035904893,0.010108657132663422,0.0013206148089549982,7.35439203164985e-06,0.0028311653544593387
55,0.00028783514742622315,0.027198531742125914,0.00020551648908337993,6.823236557127344e-06,0.0064584918667653715,0.0006981614752032212,0.0005006014702555955,1.5165461560045124e-05,0.03193640173891193,8.053710627039125e-05,0.0004478755369187778,4.889117971340007e-06,3.961173790664385e-08,0.00035419144831403673,0.8797137861102702,0.000587895918089205,3.732695746093136e-06,4.0696607260257203e-07,0.03796101727927016,2.6548204320220755e-09,0.0006336829166337722,0.006382740684618131,0.0005180187242508926,2.6399734015671536e-05,0.005977254867111681
56,0.00010972130751801001,0.01927474959304805,6.894799891887252e-05,4.029819295082028e-06,0.007716937642735712,0.0006508970527198417,0.0002397547530124677,9.722267154697525e-06,0.010460494623908552,6.286617607043287e-05,0.00024512449944378374,1.6393407610304427e-06,1.5057931307354527e-08,0.00027813884699458903,0.9199428393874655,0.000615880439705604,2.3834089864459803e-06,1.730778155049956e-07,0.030984827413800133,1.2054487882802692e-09,0.0006239600984663699,0.005582515747772765,0.0006144481678779091,1.4936115607111241e-05,0.002494995957541407
57,7.875163026598733e-05,0.013839895954076063,0.00010279695709175648,3.37960083914795e-06,0.015931158357279273,0.0005510304809423158,9.438717003575477e-05,1.9376909624066962e-05,0.016202318870558424,6.635116163505963e-05,0.0001475823375087606,3.4348027078336662e-06,1.3468962786216012e-08,0.0002359005102111183,0.8809607521000586,0.0005471156965100479,4.156279745653718e-06,9.055807646528998e-08,0.0600351842575349,1.0069207718641307e-09,0.0007738787748210456,0.007668198817754153,0.00022596230628253396,1.1156717147514387e-05,0.0024971252734096597
58,0.00011754252817179697,0.019551159347567383,6.76020134534614e-05,3.8309132876319785e-06,0.007490778302674785,0.0005728937168271086,0.00023740987262254958,1.0463388025980743e-05,0.009090111582847987,6.281247009409541e-05,0.0002265960767447461,1.6250297655587321e-06,1.394741063836586e-08,0.0002472063687729348,0.9230439060720046,0.0006014128836583975,2.9406242190636695e-06,1.832148837068818e-07,0.028819644068903073,1.0934727602314861e-09,0.0006559845950175333,0.0059416185461209515,0.0006710436500752392,1.8540073058357787e-05,0.0025646796203196067
59,0.0001311296058369192,0.019505189963892913,8.940546206624242e-05,4.170122607507761e-06,0.00816564809438446,0.0005785458992188457,0.0002625944315777452,1.1437881177699038e-05,0.009850106873446634,6.333702363967308e-05,0.00024645743691554693,1.8211551566933037e-06,1.5495931169482634e-08,0.00025855112044271926,0.9226856731597722,0.000650848492345573,3.2642059549854134e-06,1.9927272441600948e-07,0.027535306283286237,1.1992961976034832e-09,0.0006770453586241726,0.0057845360693194224,0.000701682337445702,2.287906906584941e-05,0.0027701539858706707
60,0.00010660891777056173,0.017969779448216868,6.298067180939213e-05,3.966406827950962e-06,0.007414818603100956,0.0006346010383147375,0.00022637589316883036,9.423916602536682e-06,0.0098340683634563,6.15626846668596e-05,0.00022707042116645784,1.577589892713615e-06,1.221726914948939e-08,0.0002698052982308062,0.9218458552352434,0.0006371211073046127,2.2318323835792378e-06,1.65388615242124e-07,0.03125806326223237,1.0746330073078367e-09,0.000658324130407167,0.005535238214988288,0.0006233152164513362,1.3671408801833927e-05,0.0026033616584452486
61,0.00011944684713532194,0.019000807604996138,9.055418176825281e-05,3.955720925287537e-06,0.008348059885887861,0.0005919137132752894,0.00024142490801278398,1.0433920333287583e-05,0.010517105622229534,5.814606273131741e-05,0.0002556678474523178,1.877378017408961e-06,1.492862637158511e-08,0.00027086975739550495,0.9215011795755069,0.0006065138112746211,2.9168152619225184e-06,1.768664516138163e-07,0.028847685883847052,1.1583834427354901e-09,0.000651112258937658,0.005590779110330236,0.0006112950902389487,1.886581228567902e-05,0.002659195238695241
62,0.00010660891777056173,0.017969779448216868,6.298067180939213e-05,3.966406827950962e-06,0.007414818603100956,0.0006346010383147375,0.00022637589316883036,9.423916602536682e-06,0.0098340683634563,6.15626846668596e-05,0.00022707042116645784,1.577589892713615e-06,1.221726914948939e-08,0.0002698052982308062,0.9218458552352434,0.0006371211073046127,2.2318323835792378e-06,1.65388615242124e-07,0.03125806326223237,1.0746330073078367e-09,0.000658324130407167,0.005535238214988288,0.0006233152164513362,1.3671408801833927e-05,0.0026033616584452486
63,0.00010754368718157298,0.020052091867161597,6.008391719512991e-05,3.590595451921923e-06,0.006430717010147505,0.00058265981324292,0.00023129881146780173,8.958750217642383e-06,0.009921289275038795,6.0645475177534886e-05,0.00022578907515740098,1.3986547274184654e-06,1.2752387905837172e-08,0.0002440457398648288,0.9227616163929986,0.0005618003864358147,2.2727854814629156e-06,1.6578188207561147e-07,0.02936652935100484,1.07319857920683e-09,0.000596947624117737,0.005673078568125422,0.0005751506021093944,1.4342355399115537e-05,0.002517969654826901
64,9.678895029966538e-05,0.016199689895093378,5.355034601722826e-05,3.927279819253261e-06,0.007231295102210506,0.0005701624438680427,0.0001905210854157132,1.0095179514244477e-05,0.00818343025208919,6.17781529967471e-05,0.00022788215413009305,1.6080904400037212e-06,8.742651590155554e-09,0.0002363210920300073,0.9243074383633071,0.000647420735628302,2.3970639086780505e-06,1.724026693798846e-07,0.03226867643737264,9.346457445562143e-10,0.0009510139160139057,0.005525147312746547,0.0006231706385623425,1.3015505909424911e-05,0.002594487922660395
65,0.00011254519937530079,0.008851327979095176,6.073747301437375e-05,1.3694695436035347e-05,0.048730881642914906,0.005128949025016311,0.00014752920025194854,7.607418768022071e-06,0.003946729707929816,0.00011265169258583313,0.0005269242976022027,1.012271779008105e-05,8.382356471766448e-09,0.0015271843351501752,0.8692574350713137,0.0022737704191617635,2.1996088678861063e-06,8.790400736170762e-07,0.03972142587141944,1.480179843342718e-09,0.003968486179955025,0.009964922796401347,0.002526177030955425,3.5319636204663806e-06,0.003104276770764604
66,8.552496358329667e-05,0.014672106430945265,0.0001221930750452529,6.564350820697952e-06,0.011119969298141892,0.001155843749864618,0.0002968541309425555,1.8458826126551233e-05,0.04808936576846679,0.00015929540730102244,0.00020776391568663857,1.9327538845203365e-06,2.433550453206951e-08,0.0004110967986158393,0.8118298999652778,0.001490035034875126,7.932392331445537e-07,9.666854305734837e-08,0.1025274468794934,3.0152887768246346e-09,0.0005672844420115905,0.004078623548072241,0.00024672115429456295,5.668070365131554e-06,0.0029064341776160857
67,0.00010972759677285433,0.01183982989084256,6.299160885672599e-05,4.2985233842058296e-06,0.006540319715083147,0.0011277061271858311,0.0002606914578997719,3.3249980609970693e-06,0.005577708437498212,3.270182872206266e-05,0.00028563411639388406,2.4964453285623003e-06,1.177404709717956e-08,0.000598179970370032,0.9498368541151224,0.0013012976636921048,1.297055606411084e-06,2.211140736156473e-07,0.013053518900314469,1.5318721380380132e-09,0.0006407310077007018,0.003821655473662412,0.00217719128452992,8.861456723083156e-06,0.0027127479062566432
68,0.0002791291475619087,0.01880195352506683,3.127960900381049e-05,6.875294426052807e-06,0.0025893553964698294,0.0009778926441677829,0.0003065676281152083,5.945371149006045e-06,0.003479893537263055,4.726077152070609e-05,0.0008717600617779559,3.6508771082785993e-06,8.204067056619203e-09,0.00022075780447920263,0.9397937285029214,0.0007973872173363769,4.810622367061851e-06,2.768069285977508e-06,0.010087992525939424,2.0382220346998845e-09,0.0018026003902137835,0.010639067820393361,0.004719612937611912,1.974565669495539e-05,0.004509954346837223
69,0.00010914420086576141,0.018915901398471574,7.7728944933766e-05,5.057640916243712e-06,0.007019265221864953,0.000576299671437103,0.0002459539840324316,1.214604165988494e-05,0.011750219083474546,7.942745096450562e-05,0.0002167883262091464,1.5476381212349317e-06,1.3557844581207639e-08,0.00024359731902153626,0.9179804918756056,0.0007222448527427366,2.6522559111531595e-06,1.82029012620767e-07,0.03222324985140347,1.3116062143112453e-09,0.0007376442323458504,0.0049060930565137965,0.0006418856205775049,1.7349846893684293e-05,0.0035151145875700176
70,0.00011300251239717025,0.017979584294661004,7.696776015270719e-05,4.209515924141471e-06,0.007965517002936528,0.0008725012674890667,0.00023746463329238284,8.987834250444217e-06,0.009944608279733392,6.117117131001733e-05,0.00023713668602945383,1.6343030088481801e-06,1.3446397290356255e-08,0.0002941936331527948,0.920734865714783,0.0006511769913830356,2.1907208216438565e-06,1.748080675912399e-07,0.031141217789695128,1.1190287834716203e-09,0.0006615204896417773,0.005559418885975989,0.000634247510311247,1.2861742143371345e-05,0.0028053318874132005
71,0.0002650060185141278,0.011962822632530281,6.671736622548773e-05,5.650760466593628e-06,0.003006749131606397,0.0005066284254407674,0.0005009492143306971,1.3671423997046521e-05,0.006612940528816066,3.376301142111198e-05,0.0004534343384045377,2.4764042588651236e-06,1.347420962425458e-08,0.0002065260325038611,0.9375513390614622,0.0008716735348061989,3.913201464960121e-06,3.8506604627278955e-07,0.027479767997028944,1.8283133648650152e-09,0.0008172310409763124,0.0053411365409860665,0.001269382571554219,2.7372590371321716e-05,0.0030004478042646924
