,0,1,2,3,4,5,6,7,8,9,10,11,12,13,14,15,16,17,18,19,20,21,22,23,24
0,0.0009599768849365152,1.7598814678062834e-05,7.641281486432119e-05,0.0017202731384118014,0.001411922403234527,0.013173959019875843,0.0024895967037049565,0.001034457908000446,0.007661190997272629,0.0013360166657231693,1.656800858373777e-05,0.0001914831412528629,0.0002207999240052836,1.5800321115482706e-05,2.386479030944452e-05,0.01759867869577175,0.7199693187404539,0.017613251145543116,0.010657559575945883,9.046998918069802e-06,0.02338530170127467,0.05733355397760749,0.11754386917429135,0.00500474137092587,0.0005347570832986742
1,0.0009452912912420307,3.68400339140068e-05,0.00010054699799808318,0.0015099936925354795,0.0023733020411898205,0.01171989561169287,0.002079530114430571,0.0007801597006932486,0.007546412289536735,0.0010895643560700405,2.1454093119989995e-05,0.0001961827045631785,0.00023906675846306207,2.2544197973529422e-05,4.1551737238647174e-05,0.019172148114388353,0.7052272379191656,0.01399209624779486,0.014103860944223995,8.106664826462239e-06,0.026481386829908082,0.07399676363182989,0.11268050015038457,0.004674374753310618,0.0009611891235059406
2,0.0009031643760821178,4.654983092900169e-05,9.202029022861422e-05,0.0016908246376266909,0.0019801927769306977,0.009128323630116652,0.0018775274255259677,0.0011656858087362148,0.006528686463965003,0.0011287205555103633,3.145719279734956e-05,0.0002928355333675117,0.0002585605917471493,3.130013016598844e-05,7.773305041600604e-05,0.014615665095924223,0.6894465615299755,0.015013648250808791,0.009495272484381508,1.085886913411283e-05,0.03285917094044384,0.07682029798940423,0.13062024984707984,0.004573437453875838,0.0013112552448266673
3,0.0007507429455244608,3.8321173349577024e-05,6.647682470175917e-05,0.0015654123290459781,0.001506618643943907,0.01054800937743932,0.0020529632252832795,0.0006832858492287544,0.004449964710665898,0.000740293711462144,1.8538124240936706e-05,0.0002391936255141388,0.00020344080817174124,2.745568960478693e-05,4.401487455108234e-05,0.01644269550770754,0.701381325957314,0.017576245815020163,0.009838282740733886,7.694180554232931e-06,0.028495302091316947,0.07861496110249361,0.1185219527018446,0.00514104688701119,0.001045761103276252
4,0.0007923586794434057,3.70714954420281e-05,6.694356474241058e-05,0.001500075502587607,0.0015317816473022774,0.01048952691945127,0.002102522714626869,0.0006914691855835908,0.00413782351216727,0.0007610973971421412,1.787678115152646e-05,0.00023167762794682766,0.00022749891595459537,2.9644445918946255e-05,4.148685529749037e-05,0.016574889552506515,0.7076972247999055,0.01865352459856635,0.010545884778883338,8.237986785044835e-06,0.026633926307082754,0.07449352637043033,0.11604997124953981,0.005683619781747259,0.001000339329795165
5,0.0007392706640374744,4.052854747895322e-05,5.6961432094059316e-05,0.0019237249872801905,0.0012512034490586516,0.011775752315424673,0.002042411879867826,0.0006845078097251994,0.00392111545399084,0.0006584404027438846,1.7706609804534115e-05,0.00023312018724648786,0.00021412397749938646,2.693844061283947e-05,4.333962835434513e-05,0.01709199173075766,0.6919168058529129,0.02259541119834061,0.009742276036982276,8.24044730798302e-06,0.02866675916261458,0.08125658208025927,0.1189215964101767,0.005238254252473782,0.0009329370429550561
6,0.0007507429455244608,3.8321173349577024e-05,6.647682470175917e-05,0.0015654123290459781,0.001506618643943907,0.01054800937743932,0.0020529632252832795,0.0006832858492287544,0.004449964710665898,0.000740293711462144,1.8538124240936706e-05,0.0002391936255141388,0.00020344080817174124,2.745568960478693e-05,4.401487455108234e-05,0.01644269550770754,0.701381325957314,0.017576245815020163,0.009838282740733886,7.694180554232931e-06,0.028495302091316947,0.07861496110249361,0.1185219527018446,0.00514104688701119,0.001045761103276252
7,0.0021702070431596217,3.1243169200088096e-05,0.0001310193852386371,0.001711077855291781,0.003073850331160886,0.00504310206263602,0.0024886217492679163,0.0012279462851534262,0.006533316617107277,0.0018343682932916846,4.082439665405844e-05,0.0001849904775539356,0.00037518441385446776,3.988855786764328e-05,4.08660116014869e-05,0.014527129192248571,0.7726138646891091,0.013167489840889805,0.016157207112638617,1.1418252242130684e-05,0.012002009640037153,0.06121140783238297,0.07804904636481061,0.00596452465989104,0.0013693957667112522
8,0.0007451368364558679,2.455324212003314e-05,6.985940031167432e-05,0.001589200286912151,0.001151188112601496,0.005802903365139294,0.0020658088402598345,0.0006290950053498873,0.0033068623190634265,0.0012241765912355434,1.4396726148727017e-05,0.00023596668121138775,0.00017874754338207763,3.1388098601899444e-05,3.0954723909659995e-05,0.018113811919733314,0.7298679666534541,0.007136451580707477,0.007299751359548925,7.4561140926497695e-06,0.028036701695204655,0.057063667018194646,0.12826728077002275,0.005705688888486651,0.001400986227851994
9,0.0007725595815600433,3.4017171474913956e-05,7.130653553361365e-05,0.0015904735027829173,0.0009659873009939817,0.006636227615974651,0.0019592871402281543,0.0007002360529360049,0.0036669512344804233,0.0011118216817300212,1.6230123516319902e-05,0.00024316903768164576,0.0002044033414471707,2.7862469239828107e-05,4.47078622537797e-05,0.016014383308726017,0.7127315670423883,0.00816590336601907,0.00737651517156799,6.8062544645445934e-06,0.02868565513579406,0.06856635771920665,0.1337125969720911,0.005304246834545061,0.001390727543363538
10,0.0007507429455244608,3.8321173349577024e-05,6.647682470175917e-05,0.0015654123290459781,0.001506618643943907,0.01054800937743932,0.0020529632252832795,0.0006832858492287544,0.004449964710665898,0.000740293711462144,1.8538124240936706e-05,0.0002391936255141388,0.00020344080817174124,2.745568960478693e-05,4.401487455108234e-05,0.01644269550770754,0.701381325957314,0.017576245815020163,0.009838282740733886,7.694180554232931e-06,0.028495302091316947,0.07861496110249361,0.1185219527018446,0.00514104688701119,0.001045761103276252
11,0.0007848799200895458,3.50825762824517e-05,6.664949766412053e-05,0.0014579903922150575,0.0015065916607253141,0.010142144890233424,0.00212533163522469,0.0007415481179063424,0.004430830622563576,0.0007957643393417753,1.7950764121653046e-05,0.00023600852649886838,0.00022673631877597483,2.756704572030042e-05,4.149135019782083e-05,0.016314737423442235,0.7113703840578411,0.017850054332280943,0.010166979701406065,8.112617572163138e-06,0.02542947384701171,0.07538825182898377,0.11421098191847599,0.005623001166044484,0.00100145544938064
12,0.0010066556508329671,4.479947476248673e-05,6.767547003562031e-05,0.0015807002253066915,0.0015429400867448125,0.017277252767842515,0.002165182198784952,0.0005927665984965852,0.005423216296809461,0.0007497832611649037,2.296229455277798e-05,0.0002491037181376258,0.00020491840246354264,2.3547100699371256e-05,5.6317214922299924e-05,0.016409715212061162,0.744133666726833,0.017977075033803903,0.008729653390684232,7.394223282069018e-06,0.029210555553344952,0.05221566120988509,0.09472270739211307,0.004324458352165769,0.001261292144270207
13,0.00092390319468675,4.917013887961649e-05,9.452494534715378e-05,0.002018226159222445,0.0014298028210553545,0.018190475735804904,0.002198665158686356,0.001167570484710131,0.0068902958078158475,0.001015550738185712,7.905658403640002e-06,0.0004187238681314803,0.0002726233143539121,7.889345178318566e-06,3.445389006090248e-05,0.016443717293490492,0.7219560758376565,0.018038103255605266,0.011733046437478913,7.012606215203685e-06,0.032328601014515956,0.07200157255314114,0.08601808267695593,0.005723844328222416,0.0010301627361955046
14,0.0007161979492387584,0.00015271754527458514,0.00010304117584686047,0.0017621609911258578,0.002762676929001876,0.020497837882288303,0.001104505467351794,0.0005768105412715222,0.0043625401391547605,0.0005525715599612287,3.0674118778641475e-05,0.00016596931161713625,0.00019661735398104546,2.9402033942329393e-05,6.553700321284536e-05,0.017224645172289672,0.6323476044183153,0.03132515651440681,0.028339144436053818,1.2873614432140641e-05,0.0406323342261638,0.09779096660066608,0.11513757788687208,0.003287536973939494,0.0008229001548134884
15,0.0007507429455244608,3.8321173349577024e-05,6.647682470175917e-05,0.0015654123290459781,0.001506618643943907,0.01054800937743932,0.0020529632252832795,0.0006832858492287544,0.004449964710665898,0.000740293711462144,1.8538124240936706e-05,0.0002391936255141388,0.00020344080817174124,2.745568960478693e-05,4.401487455108234e-05,0.01644269550770754,0.701381325957314,0.017576245815020163,0.009838282740733886,7.694180554232931e-06,0.028495302091316947,0.07861496110249361,0.1185219527018446,0.00514104688701119,0.001045761103276252
16,0.0006772781733371708,2.6853843152947653e-05,6.511387600492947e-05,0.0015290915212870287,0.0012902514475349749,0.010968152449832666,0.002138774516045716,0.0006006271743608495,0.002758744085827347,0.0006595076093681498,2.0750026552961825e-05,0.0002863989250375,0.00018231691422981877,3.546278138330358e-05,4.735049498760427e-05,0.019088582816516153,0.6957491093819024,0.023713153041396758,0.008593331334412329,8.87298266552145e-06,0.03489429330873459,0.0739562406804071,0.11672050746468504,0.005330331404863841,0.0006589037454733664
17,0.0007037759716598617,3.0377048736253315e-05,6.255322498342995e-05,0.0010564585448432388,0.001813631118798591,0.007843208418195725,0.0022863025041239184,0.0005775558598490347,0.0040674688639699055,0.0007203347910340274,2.1778918644150798e-05,0.00021795805290123055,0.00023275806670940865,4.668361976737585e-05,3.594488240430742e-05,0.019913141527256612,0.7098125206657518,0.013942359965809002,0.012811112536159826,8.167638634125783e-06,0.027596791655985196,0.0749928227717619,0.11450611702728723,0.005106380702396952,0.00159379562233702
18,0.0008214087088820028,4.20460485783358e-05,5.466630169101512e-05,0.0013439152045319194,0.0014927719172318505,0.020638686765140003,0.002074382727431483,0.0011292398446626245,0.005045441538068287,0.00106774516103589,1.8153384350327132e-05,0.0002555886286389229,0.0012659585095450168,2.8177959487160603e-05,5.1292395772764777e-05,0.02243937462086969,0.684117020480531,0.01720162227485514,0.01354138876251068,1.0566446002981102e-05,0.012751126944705869,0.08763446427803767,0.12060682033178206,0.005312795318497104,0.0010553454471600148
19,0.0008287555657318493,2.4116906823552844e-05,8.028756932061955e-05,0.001613841542679735,0.0019670124687465366,0.010735283840298713,0.00291880100865228,0.0006711278116378434,0.005858527081831233,0.0013525148309919293,1.774299792094383e-05,0.00028654679324455846,0.00016765608770273906,2.2287317940247486e-05,3.29229501591287e-05,0.01649337571445075,0.726575678090637,0.013069183144967418,0.008723612167134744,9.049933652972728e-06,0.022538470194363402,0.08002505054044871,0.09869312550555605,0.006139893999754846,0.001155135935352201
20,0.0005626691927168268,6.788109906285053e-05,6.670082367380833e-05,0.001994593932396787,0.0009687903855542538,0.011021315760606632,0.0016043217099283686,0.0009802519836639829,0.004085195038202462,0.0005535683999475329,2.5240865196423696e-05,0.00042887141659810876,0.00017188518522530356,2.676725195383703e-05,0.0001087177054746563,0.015457586228552095,0.6444195572624523,0.024888823522917432,0.007427560190404258,7.573946375626391e-06,0.043472080065160096,0.12034078471065511,0.11591345384401981,0.004373468939808559,0.0010323405394531329
21,0.0010467574072992782,3.781214193928642e-05,8.534974647484175e-05,0.0024598454455670017,0.001565472044297695,0.010445655611711006,0.002418695915444846,0.0007103616820799414,0.0038518336984884743,0.0007557250651329421,3.4580804821792535e-05,0.0004032077697672967,0.0002430233711574363,5.0358002891936766e-05,6.08099587619395e-05,0.02146614782874036,0.6720000422692809,0.02252666226042001,0.009119429306807718,1.0641608777270265e-05,0.03791112498692298,0.08114625374669139,0.12649281697050804,0.004235714985680518,0.000921677370335102
22,0.0016805514217835737,2.930157047143261e-05,6.535403669733645e-05,0.0006580813946106698,0.0018425895625396682,0.008992453701983474,0.00216360647566458,0.0019170670376932259,0.004980869845831524,0.0007973700247979786,1.0605631982062529e-05,0.00025452540845712546,0.0008270458795656761,2.681744296244946e-05,4.671371042596833e-05,0.02206638128706422,0.6936869719985314,0.014378278280931522,0.013642185897852216,3.972706890272898e-06,0.02817584480053791,0.06631120120620103,0.12151625295964844,0.014858693502962737,0.001067264213913344
23,0.0007507429455244608,3.8321173349577024e-05,6.647682470175917e-05,0.0015654123290459781,0.001506618643943907,0.01054800937743932,0.0020529632252832795,0.0006832858492287544,0.004449964710665898,0.000740293711462144,1.8538124240936706e-05,0.0002391936255141388,0.00020344080817174124,2.745568960478693e-05,4.401487455108234e-05,0.01644269550770754,0.701381325957314,0.017576245815020163,0.009838282740733886,7.694180554232931e-06,0.028495302091316947,0.07861496110249361,0.1185219527018446,0.00514104688701119,0.001045761103276252
24,0.0007253500482808715,4.6986592501815474e-05,6.88687565007562e-05,0.0006216966099251335,0.0019329779118782272,0.010708719204037608,0.002138620838004122,0.0006701346793863916,0.004284230870515384,0.0007201208661835604,2.1272226591890937e-05,0.00027207407460896947,0.00014351292391833349,3.410471780726648e-05,4.266380213595476e-05,0.014374604953401721,0.6975874907565184,0.020150590579785365,0.009882513917898818,7.240261601394995e-06,0.028107286458681012,0.0847095389262701,0.11682924845372362,0.004703009521638427,0.0012171420482046892
25,0.0008053269635093788,2.2401713525352177e-05,7.38714195582913e-05,0.0005081880258542338,0.0018102504441582892,0.00606178182505425,0.0029871984731853567,0.00046996076476085496,0.004277669575457277,0.0011357337194546962,4.586402206942908e-05,0.00034561697033496183,4.7149958439782175e-05,5.458597485440926e-05,5.447861108474543e-05,0.014826320920784654,0.7398344026851754,0.017494140145810758,0.011238622088991533,9.058865568641396e-06,0.022982191357583278,0.0626271496083321,0.10650087557464338,0.004582030439834858,0.0012051298519741808
26,0.0009004262058607882,0.0004991313071927737,0.00024010205929861996,0.0019296657847183698,0.00930098515568455,0.012063672222920882,0.0024642936617494562,0.0006796232174196437,0.0021544785255647216,0.000949214931776248,0.003401849872236144,0.003926707536674178,0.000327698737786307,0.002713828109519584,0.0051666941375862665,0.018839049415285046,0.6648909293296964,0.056243511786654626,0.0113185969988143,4.770380449614759e-05,0.09486653998644252,0.05338640707676104,0.04658395527930788,0.0031412590310984758,0.003963675825455035
27,0.0007888336669558993,6.127612522109714e-05,5.870323243543545e-05,0.0018042088637817621,0.0015724413807999972,0.010486256190024251,0.001996437100777632,0.0008498897506927427,0.006726539915505893,0.0007138018686507168,2.30005573553957e-05,0.000266009011284796,0.00017469723769740112,2.4433039209749066e-05,6.151097743852073e-05,0.014280032127391738,0.6837731704771983,0.01659427695564798,0.009733215177647948,6.567021719212349e-06,0.023879001274603805,0.10494762578915706,0.11530447694392898,0.004334108200860021,0.001539487114013639
28,0.0007507429455244608,3.8321173349577024e-05,6.647682470175917e-05,0.0015654123290459781,0.001506618643943907,0.01054800937743932,0.0020529632252832795,0.0006832858492287544,0.004449964710665898,0.000740293711462144,1.8538124240936706e-05,0.0002391936255141388,0.00020344080817174124,2.745568960478693e-05,4.401487455108234e-05,0.01644269550770754,0.701381325957314,0.017576245815020163,0.009838282740733886,7.694180554232931e-06,0.028495302091316947,0.07861496110249361,0.1185219527018446,0.00514104688701119,0.001045761103276252
29,0.0007507429455244608,3.8321173349577024e-05,6.647682470175917e-05,0.0015654123290459781,0.001506618643943907,0.01054800937743932,0.0020529632252832795,0.0006832858492287544,0.004449964710665898,0.000740293711462144,1.8538124240936706e-05,0.0002391936255141388,0.00020344080817174124,2.745568960478693e-05,4.401487455108234e-05,0.01644269550770754,0.701381325957314,0.017576245815020163,0.009838282740733886,7.694180554232931e-06,0.028495302091316947,0.07861496110249361,0.1185219527018446,0.00514104688701119,0.001045761103276252
30,0.0007507429455244608,3.8321173349577024e-05,6.647682470175917e-05,0.0015654123290459781,0.001506618643943907,0.01054800937743932,0.0020529632252832795,0.0006832858492287544,0.004449964710665898,0.000740293711462144,1.8538124240936706e-05,0.0002391936255141388,0.00020344080817174124,2.745568960478693e-05,4.401487455108234e-05,0.01644269550770754,0.701381325957314,0.017576245815020163,0.009838282740733886,7.694180554232931e-06,0.028495302091316947,0.07861496110249361,0.1185219527018446,0.00514104688701119,0.001045761103276252
31,0.0010207590017664743,3.897089057403127e-05,9.340974882689348e-05,0.0016556263927521096,0.0015882374601504793,0.006746592089402983,0.0017351673103387039,0.0008604328206379927,0.004781040134475184,0.0007235820240189816,2.202421015997057e-05,0.00025153104506754463,0.00017511526106772093,3.13225408891865e-05,5.3303703101688925e-05,0.0164585100785826,0.7302414012651025,0.02249702735478048,0.013458052325390124,8.707549820749339e-06,0.02776462219100295,0.06994395969746126,0.09330784387469691,0.005738669242522025,0.0008040917874108312
32,0.0007767352868272827,4.3236039254949454e-05,6.67693423640169e-05,0.0014760603239671905,0.0015493752030445054,0.010585267671959981,0.001842114934907865,0.00064900961458637,0.0043762652236429365,0.0007014820167336003,1.773063822412946e-05,0.00021201263947476763,0.00020184225410000675,2.709360355682496e-05,4.340721884969481e-05,0.016115618285606117,0.7048680311274503,0.01866676354925019,0.011803543223554824,7.460591110493992e-06,0.02669088689691393,0.07802103627201075,0.11489205669634991,0.005340167674124625,0.0010260336721348042
33,0.00231482740438623,4.5257390135048416e-05,0.00035169721733968747,0.01316982620523973,0.0015963476615366854,0.012578006346236445,0.002469455547763429,0.00700448925424437,0.0084899897274966,0.002260450310144553,0.0012809360114579592,0.0011822742650918685,0.00011662675633774319,2.9079626568561477e-05,8.781291008154756e-05,0.008505976754923338,0.7044313441941286,0.01576627239895581,0.006347648530254867,6.397734596987674e-05,0.011396258738758767,0.0789487816735781,0.11381700975557128,0.006490668836080633,0.001254985137718229
34,0.002899075199932313,3.6160633407349695e-05,0.00010336139347368665,0.0013917377310244047,0.002886658526315914,0.0035603610462857233,0.0017327209054695677,0.0008225612340444166,0.0060431405316141076,0.0009076428514019839,3.764915222807304e-05,0.00013794942393853502,0.00030477683432411374,4.935191489350438e-05,4.105580042443543e-05,0.0141453096069777,0.754091027127229,0.018197080321789006,0.024242384228835744,8.72639560588032e-06,0.019603906386313652,0.039115481577736595,0.10372245310759563,0.004841055429190042,0.0010783726399486617
35,0.0008470266598503862,5.429663120817604e-05,6.664310348574769e-05,0.0013202195642610303,0.0020787409199157655,0.00922689236044327,0.0021953036567239166,0.0002238914051542658,0.010402815384148216,0.0007949518573694914,2.5432808931481187e-05,0.00024181671608155641,0.00022269322423691757,2.110676377902289e-05,5.469808778863122e-05,0.022940757015589463,0.7239314277546695,0.01889852339488466,0.009569865088512894,1.0544356087537462e-05,0.014218728517417257,0.08223887048618678,0.09403173064478382,0.005047557623229499,0.001335465975260993
36,0.0006883914355725216,6.367210613268497e-05,6.304960643382611e-05,0.0009809227060529279,0.001665529518518243,0.033674386450750396,0.002074335682882239,0.0006888268546619999,0.006437965502007981,0.0017040304342902327,1.9318781634961752e-05,0.00033798953837018656,0.00016656455167515322,2.93978427817429e-05,5.5285897236433056e-05,0.012583706018646515,0.7107733450236641,0.017820131252294633,0.025385086679414973,7.026791129928319e-06,0.019546827334627818,0.04908894187951516,0.10922330973495718,0.005687644190060739,0.0012343141866872408
37,0.0008171749660578215,2.057227638307887e-05,7.170690299340053e-05,0.0013888846364549176,0.001115249147331962,0.007040665001385164,0.001988905578883002,0.00034756517473888963,0.0015773051077260245,0.0006156909879438833,1.2022060134117859e-05,0.0002795796511193524,0.00020373768961136384,5.4000528632519755e-05,2.34668126801872e-05,0.016570712278166075,0.7408575707710354,0.01685060368244989,0.008063515803130696,7.401210132071147e-06,0.028104250637637475,0.044973862355440285,0.12360886868341227,0.00446783341190862,0.0009388546446119352
38,0.0005015875579945412,3.147043390021888e-05,5.179328988942615e-05,0.0011601324785244275,0.0009529291217407577,0.017271025185185782,0.0021619207458209357,0.000505199022241663,0.002918714910630272,0.0005975373373567802,1.3766534371995392e-05,0.00025184112101962015,0.000203245092178378,2.27314107909324e-05,4.491940498491986e-05,0.021068173252502785,0.6650142814259794,0.02479655805961935,0.010459435129292842,7.132645947261518e-06,0.040050748122325,0.08282383079954492,0.12232970364107518,0.006189589764304528,0.0005717335127780819
39,0.00098109203476815,3.223173910233201e-05,6.473394438688649e-05,0.00180320977667165,0.0018198096727876816,0.014024287606847853,0.0018698984227080448,0.0006902731098672038,0.004218329990024967,0.0005899156308445891,2.6572998171952576e-05,0.000239882270540588,0.0002281221327011863,3.980371021291878e-05,3.919238146732677e-05,0.01453120476240908,0.6819431470362787,0.015534224818005395,0.009238868253095115,8.596044781543085e-06,0.02950074217392332,0.09201716515848118,0.12409541183839849,0.00515703227745305,0.0013062522160707853
40,0.0009461555502966946,4.792420072390432e-05,0.00010430218387085721,0.001227770956845299,0.0015731002993416934,0.006290162465164257,0.002044581187176431,0.0005325762340315725,0.004221290426313197,0.00059313139094118,1.980608360914821e-05,0.0003359813164794919,0.00021514351193479943,2.8916522506450076e-05,4.752037243298418e-05,0.014310016455924572,0.7111279861561646,0.01741901689552859,0.010451998356856678,7.859160262560452e-06,0.0308850674090287,0.07365131561690261,0.117737916417739,0.005024318636475195,0.0011561421934499364
41,0.0009969539300353474,8.245376536790468e-05,0.00011969383149516335,0.0033597490070857937,0.001041551504347419,0.017614332689227546,0.002535709603515386,0.0015840089404167645,0.006820294766163777,0.0010945451587908424,1.6149806154541377e-05,0.000296620922049928,0.0003031049879490479,2.5418123213085882e-05,5.515917290702835e-05,0.02457263988630194,0.6527308631977405,0.013561605209345169,0.0216051566568058,8.779001777451853e-06,0.034980737727111626,0.09127694729395168,0.1193123892061041,0.004860399046779563,0.0011447365653625258
42,0.0013869618770694298,9.301516124157977e-05,7.509842579695612e-05,0.0010108605840641741,0.0016207112659253732,0.011007886807903015,0.00157968593841467,0.00039989517660866535,0.008330372568033886,0.0004943074165165476,2.044978531211046e-05,0.00023899797449210928,0.00039766102286693003,1.2207443089108217e-05,6.350884583901114e-05,0.009199526477598426,0.6891996344030074,0.02429471977782054,0.015211046711341918,1.2121425166492561e-05,0.03130767235280211,0.12666626724066657,0.07172705285074615,0.004886492051803565,0.0007638464158734449
43,0.001096207366833998,0.00012529617929431876,6.800584701139177e-05,0.001292514478827415,0.001210428509353679,0.006075324257899999,0.0031294413539258202,0.0006554707934184695,0.0053851496311569345,0.000655899299920126,1.4547975100876522e-05,0.00034632358580316596,0.00020968138719279866,1.646803852436198e-05,8.287851924045361e-05,0.017124964312374605,0.7045665396653036,0.015835807892045493,0.010272567539434018,7.803618192489737e-06,0.02649739879517158,0.08087482040202974,0.11607032406593197,0.005047260024419282,0.0033388764615937226
44,0.0007507429455244608,3.8321173349577024e-05,6.647682470175917e-05,0.0015654123290459781,0.001506618643943907,0.01054800937743932,0.0020529632252832795,0.0006832858492287544,0.004449964710665898,0.000740293711462144,1.8538124240936706e-05,0.0002391936255141388,0.00020344080817174124,2.745568960478693e-05,4.401487455108234e-05,0.01644269550770754,0.701381325957314,0.017576245815020163,0.009838282740733886,7.694180554232931e-06,0.028495302091316947,0.07861496110249361,0.1185219527018446,0.00514104688701119,0.001045761103276252
45,0.0007479086461173452,3.2013631417919144e-05,6.927741606398354e-05,0.0012874275759606308,0.001500452659721932,0.012603262953148002,0.002768119521397817,0.0014777179013446518,0.005239699320882416,0.0009006598490659398,1.9581270941699636e-05,0.0002965882377322162,0.0002392439149030432,2.7487588392733055e-05,6.344924846221877e-05,0.020229370705638513,0.6935587861372877,0.025138289152566128,0.012279003102356321,8.92564853361333e-06,0.026790715436402573,0.0888465335509975,0.0986748055195668,0.006474202639546688,0.0007264783715516268
46,0.0009729491181360945,2.1703974698519245e-05,9.745889704881091e-05,0.0011187998695554484,0.002684047574020988,0.009560321155920253,0.0023584531325785054,0.0004854371448249542,0.004196876362769226,0.0011009689887043162,2.2431754124173334e-05,0.0001513177718110966,0.0003029738409760818,6.232199041946434e-05,3.238103033092867e-05,0.012657233177901408,0.5193865242391676,0.024859376495289704,0.007544988929871079,4.303792354181227e-05,0.037114659101145385,0.0641253062062488,0.29764016040938857,0.012322027742563257,0.0011382431689637154
47,0.001077124005865143,2.4948161640992663e-05,6.706325407628153e-05,0.0017363750681900568,0.001341116964124498,0.006368250411799349,0.0020588625759557447,0.0007032598203519081,0.0033091997705696954,0.000639405895289086,1.4954749885437325e-05,0.00023293362987176399,0.0002067859287612844,2.601972255299959e-05,2.0483156412018872e-05,0.016829849933998605,0.7226174448772327,0.014604422753858702,0.010932414242280128,8.213748826070185e-06,0.036327008078303476,0.0737196019855579,0.10105380919179204,0.005156794620758406,0.0009236574520459802
48,0.0008758462585887662,5.57001042314762e-05,7.517362745335302e-05,0.0023453468174241513,0.002235765645023044,0.01612588251736175,0.0029659640048368403,0.0008211989850544287,0.008082967360851985,0.0010276990840031623,0.00013038638994277652,0.0006137292932104636,0.00038110515009644137,6.928069316076268e-05,0.0002165757676265792,0.02091898209978385,0.6521294210053057,0.013009059533724873,0.004801891117518357,1.5591670065740575e-05,0.014500735763045242,0.10958664858149612,0.1424166957070664,0.005301512891507032,0.0012968399316207967
49,0.000570703307292278,4.324894799584634e-05,7.785524700873594e-05,0.0015534223656428472,0.0016709778473156267,0.012340472693790102,0.00192684054045071,0.0006985453664522202,0.004995696785856115,0.0007030734089541668,1.68031868311307e-05,0.00030306105726738493,0.00019281554630923737,1.9804755562330802e-05,4.390767327371734e-05,0.01659798075853127,0.6892939389638083,0.016640092361257738,0.008731660178573913,7.915488942645362e-06,0.03205572465335981,0.1005845719168738,0.10525628080614259,0.004629009874860639,0.0010455962676467216
50,0.0014453954516156784,1.30727872813343e-05,6.636846269425457e-05,0.0012329547826245315,0.0016696018712539637,0.005173944490113958,0.003014714873088066,0.0009903507580750267,0.004146528667528738,0.0015942830370993069,2.173398668610576e-05,0.0002252942571831408,0.0003271503654379562,4.22706553727418e-05,2.8135196001616397e-05,0.01395901514423232,0.7685967608261763,0.013245387386037238,0.008310127924606486,9.72894296047666e-06,0.024047419209970066,0.04362655248837408,0.10009775473384214,0.006816615820593896,0.0012988378811502502
51,0.0006194317530462296,0.0004924800624741035,6.462519757898101e-05,0.007332314690806203,0.0012915379117617058,0.009134876322225989,0.0013803997746779416,0.0011860694831220598,0.006937060437368446,0.00027362612211257175,6.212581721817138e-05,0.00035527285777178135,0.00017359199136068854,2.5681333841609224e-05,0.00026939138115494697,0.013915960767800068,0.5763593480476233,0.03618881770349138,0.00613089573164867,7.842991648341943e-06,0.035316144191525886,0.19302613897247928,0.103736165017346,0.003967069011235479,0.0017531324286798695
52,0.0007811899905512845,2.608138455347061e-05,7.26017154049154e-05,0.0013311655362041469,0.0014892514535144068,0.01882162368802249,0.002550737709443194,0.0006379964178866035,0.005854545107709509,0.0017773000951091889,3.0839691246790175e-05,0.00036517502594570606,0.00015409923199062115,2.9644453667384908e-05,9.62088353237676e-05,0.014746447615962173,0.672842173584759,0.03917538327889028,0.010409804011382563,1.1555190735694048e-05,0.029270989845885737,0.08380718642395701,0.10813535055372107,0.00701060037461264,0.0005720487835200396
53,0.0004948782753724984,1.3567283970887551e-05,5.895178333704129e-05,0.0016590634799353954,0.0009684812183277071,0.011016176692171002,0.0038745676281757386,0.0005069415866594296,0.0029082671539012984,0.0007976919215201614,1.747156830996983e-05,0.0003644453230556531,0.00019999109614581654,2.886992959160942e-05,3.250658875648501e-05,0.019681580390552508,0.682312748859462,0.014017235548922955,0.0034744261241064335,9.73531033074805e-06,0.042998166561982486,0.06068228341437218,0.1482468080539909,0.004841590575998004,0.0007935536310508945
54,0.0008420968250479492,0.00012151668177958741,5.3146053717462555e-05,0.001938800847664783,0.0015562315484907577,0.010225268228280498,0.002112615101728083,0.0006217504115787095,0.0058460007930963365,0.00048687576011018254,2.1472771362973055e-05,0.0002930845483396483,0.00013482656814394197,3.814255175742699e-05,8.573182759339396e-05,0.013510699441409885,0.658231547866124,0.01655675364090153,0.011083996865052013,4.855218223410735e-06,0.02740971811223901,0.1218754066729286,0.11923251662950468,0.005206701693611756,0.0025102433413130816
55,0.0007754776831371065,2.60556119415242e-05,6.611784537778732e-05,0.0016879297963792225,0.0016012363685996916,0.013170811810436632,0.002862100238064994,0.0008131703907490137,0.0050735936200650145,0.0006904344136250416,1.616399862273725e-05,0.0003931895929853415,0.00017957018497251443,3.662093563891164e-05,4.68719771860079e-05,0.014859433347271389,0.6935195784141699,0.024653862713630906,0.00793223102690498,8.23897434037762e-06,0.028775770731149862,0.08546369807622106,0.11057312461580368,0.005677966365970105,0.0010967512667562473
56,0.0007720663022245665,3.6060000084154225e-05,6.689875788426767e-05,0.0015398781632363855,0.0015168998803967082,0.010679113028980478,0.002130115865489911,0.0007297896218427608,0.004432928880226504,0.0007810198283199766,1.79921493934964e-05,0.0002408690312754333,0.00022549543061478212,2.747319061619062e-05,4.1852313752999186e-05,0.016685552892862287,0.7058513871199831,0.01825288197015569,0.010032963708489271,8.233495590759558e-06,0.026986717792075066,0.07686432808957303,0.11562015795970913,0.005455413750536828,0.0010039107766859194
57,0.0006120072367519357,3.1637454513296597e-05,0.00010761077690268381,0.001063145385332444,0.002441232568208032,0.010591611745633025,0.0021408713600734055,0.0006778649592752832,0.005122341783759127,0.0008733767735680008,1.6695791168943556e-05,0.0002989718733901314,0.0002373927481468986,2.518142916005031e-05,3.847559920170972e-05,0.017869652695364082,0.7138926738010851,0.01367956398415448,0.009868029976130073,9.383823948406597e-06,0.033383112064991546,0.07771628119317507,0.1029578573596968,0.005303882886846101,0.0010411447295234036
58,0.0007072625709155624,3.300658521452161e-05,6.036673032168192e-05,0.0013012803938995832,0.0013105975149093677,0.010834639326776713,0.0020649396380335947,0.0006551543346327198,0.003780911610701564,0.0007815024217546377,1.307922890344479e-05,0.00021822374735539228,0.00021739278648568713,2.5392849746891497e-05,3.654701466247401e-05,0.015622685794004578,0.7123146778109458,0.01707115628115712,0.010291374543680535,7.478004928125111e-06,0.025735576416846918,0.07249750292584857,0.11650158947066476,0.006956098460475164,0.0009615635371346946
59,0.0007103171669624319,3.276644183149152e-05,7.019837455007323e-05,0.0013207171248962846,0.0014297210120489464,0.010184106167660932,0.0020821972971291633,0.000662041142319793,0.0038377993665241524,0.0007671629138057482,1.4298782253416083e-05,0.0002252220313455041,0.00021979065453834747,2.6212771093244377e-05,3.648250245794574e-05,0.016000896499647244,0.7138080357816641,0.016359901200873366,0.00993185776077619,7.94269925441688e-06,0.027777904240131185,0.07154976979729129,0.11550919474658393,0.0064914720487342994,0.0009439914756263511
60,0.0007507429455244608,3.8321173349577024e-05,6.647682470175917e-05,0.0015654123290459781,0.001506618643943907,0.01054800937743932,0.0020529632252832795,0.0006832858492287544,0.004449964710665898,0.000740293711462144,1.8538124240936706e-05,0.0002391936255141388,0.00020344080817174124,2.745568960478693e-05,4.401487455108234e-05,0.01644269550770754,0.701381325957314,0.017576245815020163,0.009838282740733886,7.694180554232931e-06,0.028495302091316947,0.07861496110249361,0.1185219527018446,0.00514104688701119,0.001045761103276252
61,0.0007353084898084572,3.3777016614655105e-05,7.114119021057682e-05,0.0013031172324119832,0.001496665733472341,0.010057444922793823,0.0020481344073400953,0.0006359873114417877,0.004022928144581662,0.0007585070233555927,1.5323207629968464e-05,0.00022368886928400891,0.00020618760039939438,2.7247552666026562e-05,3.821368326288394e-05,0.015875849000231913,0.7129220964753838,0.01585937400621043,0.010131689655207976,7.566541653990673e-06,0.028124077258739534,0.07167811821226305,0.1166087855543567,0.006124969349791066,0.0009938015608883122
62,0.0007507429455244608,3.8321173349577024e-05,6.647682470175917e-05,0.0015654123290459781,0.001506618643943907,0.01054800937743932,0.0020529632252832795,0.0006832858492287544,0.004449964710665898,0.000740293711462144,1.8538124240936706e-05,0.0002391936255141388,0.00020344080817174124,2.745568960478693e-05,4.401487455108234e-05,0.01644269550770754,0.701381325957314,0.017576245815020163,0.009838282740733886,7.694180554232931e-06,0.028495302091316947,0.07861496110249361,0.1185219527018446,0.00514104688701119,0.001045761103276252
63,0.0007342705513549816,5.1438257336860945e-05,6.417395872504497e-05,0.001608080577804472,0.0014752872381886772,0.011081959942021628,0.0018623929226030973,0.0006662534767620184,0.004716929379445152,0.0006505437102193475,1.8831298315408264e-05,0.00022656593189507366,0.00018640996702139534,2.6097223470842574e-05,5.006067537947561e-05,0.01568378844995525,0.690738742126188,0.018267651535997322,0.010728880359795157,7.1705954518929185e-06,0.028879477224998288,0.08666850468558543,0.11956596673228541,0.0049020069043374855,0.0011385162748617928
64,0.0006070027698626397,3.496907996319507e-05,7.254169156172121e-05,0.0013598862996568979,0.0013561708350863756,0.010574305532367954,0.0017188290313111159,0.0005473283848111811,0.003652173470610906,0.000626472843792903,1.561507390393494e-05,0.00023591561358446617,0.0001855087407267975,2.418656246137034e-05,3.949947993564091e-05,0.016735217832693376,0.6969414590928001,0.014692565901994328,0.008474570040261732,7.423001397563818e-06,0.03780295144271899,0.07502391366056817,0.12363014284507924,0.004754138236401955,0.0008872125364476
65,0.00064966238722948,6.556610766742705e-05,6.09147721625473e-05,0.001540836347986316,0.0007812087277388994,0.01755359650682595,0.0016405171207226424,0.0006239163967547605,0.0024585548219969856,0.00030297115178344066,8.601621688761565e-06,0.0002216492709495388,0.00023116502778219752,1.834700824816002e-05,3.748433528383054e-05,0.016301719043729245,0.66789556251795,0.016108143513476683,0.007100795305214275,6.108332848895723e-06,0.039585935497797105,0.0865164295076668,0.13413099056621317,0.005158986549882881,0.001000337560400215
66,0.0011994324543355855,8.855034664767593e-06,0.00016186447492080197,0.0009097619267385893,0.0034977149005689452,0.005705050420850365,0.003542384950961526,0.0005187158370857419,0.0048191635498047915,0.0015575082430336995,1.5947099694353496e-05,9.378980463302222e-05,0.00041282642306859923,2.6336776988314624e-05,1.386769312453868e-05,0.02032585647739471,0.8046679454521624,0.012848001068851582,0.01116835663171543,1.2673268691129688e-05,0.01260788759535254,0.01551992703889242,0.0930006166035656,0.006661289264397982,0.0007042270085022114
67,0.0005454268200062086,4.1906912895430265e-05,6.767059430870153e-05,0.0015124721918244161,0.00041235734066131976,0.013476561721334148,0.002155254320733586,0.00042145693663619505,0.001816036749671906,0.00047417979531309243,6.2781504557064795e-06,0.00023886026618924065,0.00015738287168085767,1.4141181561017732e-05,2.8597072935508616e-05,0.015551266392680299,0.6994879094865343,0.015482940772319294,0.007208708898936419,5.873689358006347e-06,0.02104963104896285,0.08203531005558545,0.13185425132092982,0.005139286182702788,0.0008162392257836147
68,0.000520573844072238,3.5506657083849776e-05,5.615362906901042e-05,0.0013555490150499872,0.0018023608981458006,0.02618584022951712,0.0021353801623191894,0.0009827241295386894,0.004552996861033428,0.0006688459436371634,2.103888469290941e-05,0.0005429190679393015,0.0001953619719578851,2.9910842508868287e-05,4.684693020813785e-05,0.01990726477248296,0.6533323366656387,0.016067726412802675,0.005735558067106207,8.925381491099266e-06,0.04306833830298071,0.09884553750112753,0.11717609315300531,0.005562633840921061,0.0011635768356704442
69,0.0007308081126422909,3.8389674417615966e-05,6.657369104472867e-05,0.0015108626532902363,0.0014272150356068962,0.010963241065442126,0.0020022351425314786,0.0006764361716520645,0.004743337569825481,0.0007691399962535769,2.0801518623678985e-05,0.0002458078313216999,0.0002022288109233494,2.6461520628536833e-05,5.043442154886823e-05,0.016548252102953104,0.6961672685871433,0.017542889939049355,0.007893792287813782,7.4964258367144884e-06,0.02924123770306916,0.08247546004663932,0.12029827002032119,0.005291597330623835,0.0010597623407978716
70,0.0007424499866983155,3.624734616648458e-05,6.063237283247219e-05,0.0011299600125518464,0.0016730069206175812,0.008722697487978597,0.0019248637932557722,0.0005934237000235005,0.004762995452293112,0.0006681880474285647,2.0833411340558642e-05,0.00021509610962967184,0.00017531787826228752,2.483778023888286e-05,4.388997457155316e-05,0.01261914442629462,0.7143289187090651,0.017250279592056626,0.009989963320094693,7.720223306633959e-06,0.027596685878730032,0.06990106894474447,0.121354130004925,0.005208239799866394,0.0009494088270272234
71,0.000964263567189626,1.641682970184319e-05,4.628633231194008e-05,0.000853253143389745,0.001766328500625709,0.008650309767376138,0.004813024516763077,0.0008678817237045779,0.005109215966818611,0.0012329069201414556,1.5231682684853942e-05,0.0001706361747166882,0.0002930825076278564,2.7103534075255495e-05,2.7785602546248894e-05,0.013605772751570438,0.7680210544243462,0.013628898203210902,0.006801743995168871,8.587002372205664e-06,0.011273540673693329,0.045304182924239135,0.10735189947414335,0.008020670609341333,0.001129923172240542
72,0.0009403657998309055,2.1587370064908162e-05,6.89372903962367e-05,0.0018774349552692232,0.0016875725412598122,0.012165867480825486,0.001478489126747171,0.0006424011705566049,0.0037038043537350063,0.0007855198361506259,1.7699277032705184e-05,0.0002221046475816443,0.00015003776645292595,2.8718364208709366e-05,2.8941689568245555e-05,0.01014452084950936,0.7001012291544818,0.01956430900880495,0.010469855806786468,7.4344783812801095e-06,0.02673872111622313,0.08414419977702461,0.12027151843877684,0.004231723787510232,0.0005070059128208996
73,0.0008717796948412857,2.1970483072225896e-05,6.310430701833369e-05,0.0026964389224138933,0.0014469965886527393,0.008280517676489544,0.002068031960774341,0.0010406123710622718,0.008938814408669574,0.0008460360966122028,3.244519883618445e-05,0.00024189907395741128,0.00019768425769566418,1.6263902739279793e-05,3.0588048922910576e-05,0.013200939679539532,0.7068079071286126,0.002428738605161662,0.006186546977214569,8.629142454846447e-06,0.022810800587167574,0.07825513221422348,0.1333401213073396,0.008391066457898872,0.001776934908629042
