,0,1,2,3,4,5,6,7,8,9,10,11,12,13,14,15,16,17,18,19,20,21,22,23,24
0,2.2817636538240327e-06,3.226344535053537e-06,4.0907742383327155e-07,0.00015829464428188816,7.228148964014057e-06,0.0004248363129853497,8.767380311552017e-07,0.0509348587139619,0.00011183660158287107,3.75734611761664e-05,0.0002846227819669367,1.561269648470485e-05,5.8516108953158216e-05,9.947916644829379e-05,1.7029219016303435e-06,0.00037525405144755053,0.8959367080339343,0.0003813031781873438,0.027113836871653255,7.430851119866292e-05,0.0006847740893425707,0.023103516218067152,8.718919865939199e-05,5.981100429291318e-05,4.194336086596749e-05
1,1.0191215106600551e-05,5.166229059292021e-06,1.1729283376372525e-06,0.00012363081190122367,8.58206280359912e-06,0.000630817633327959,8.434922574641958e-07,0.048866837708050205,0.0001480408625616817,3.2718033700309274e-05,0.000328808467719043,1.3068182391340327e-05,8.763509814879474e-05,6.573840317518725e-05,1.7598012508675294e-06,0.0005471776836235005,0.8932222182232927,0.0006134870470750615,0.03598067393394052,0.00011009739109375982,0.0008802663915134905,0.01793331984665366,7.663557541708251e-05,8.496105478654146e-05,0.00022615192281227336
2,6.998208366377203e-06,4.4302509531662624e-06,6.84291747777787e-07,0.00010042382062272969,1.1650045281807399e-05,0.0003867541541756227,8.675482418216797e-07,0.05020812617255656,8.078149369222462e-05,2.7241307036171765e-05,0.0003296403384389255,1.343463814790917e-05,7.10997378199362e-05,8.657708943422765e-05,1.7539413828942297e-06,0.0004866528412857262,0.8958495025343589,0.0004750087104054995,0.03229599439346213,0.0001082453499345692,0.000571641029827302,0.018473403012609697,7.882815413104042e-05,5.5046472377385466e-05,0.00027521446370962145
3,5.511056151812333e-06,3.778460584877768e-06,6.847679009166386e-07,0.0001201869582426086,6.753564474592861e-06,0.00041938637815977503,7.653846047657728e-07,0.04901325212978531,6.971717993548595e-05,2.7030310981002153e-05,0.0003335538797362946,1.3315615721256835e-05,6.06268502519848e-05,8.07877283011988e-05,1.076880995071478e-06,0.0004633181164486895,0.8956226056650978,0.0004931337393505439,0.03205435723561645,7.677357853133508e-05,0.000692575590038427,0.020102019234721862,8.489645107576065e-05,6.471395211203548e-05,0.00018917929118013454
4,5.11627079556857e-06,3.555358630741977e-06,6.394784766669643e-07,0.00012009776780997798,6.175385842262256e-06,0.00036891747513002643,7.871201563411463e-07,0.04791424708653908,6.462079466604949e-05,2.5944335559294738e-05,0.0003145184854248499,1.529935453875805e-05,7.04870935307763e-05,8.468555986886086e-05,9.600445030208161e-07,0.0004711034055183753,0.8961887450510416,0.0004725483789131387,0.0322874188591796,7.146948002729523e-05,0.0006763322189288162,0.020511613082405206,7.799940047804329e-05,6.529851448857904e-05,0.00018141999754703854
5,5.313029106341862e-06,3.3521843559865113e-06,6.249763944640802e-07,0.0001444299749010278,4.7624438470379935e-06,0.00036543837256234886,7.358270769254763e-07,0.04813330214071656,5.95031406929535e-05,2.8429333976372723e-05,0.00029588928017214826,1.5072641237507279e-05,6.114571196241862e-05,8.9235694988982e-05,7.943153828885328e-07,0.000456372346869656,0.8960522277402041,0.0006130695316584443,0.030448858120771933,7.450150108196657e-05,0.0006957671469705244,0.022112422784830166,8.199745275717013e-05,6.947175670853417e-05,0.00018728255077314894
6,5.511056151812333e-06,3.778460584877768e-06,6.847679009166386e-07,0.0001201869582426086,6.753564474592861e-06,0.00041938637815977503,7.653846047657728e-07,0.04901325212978531,6.971717993548595e-05,2.7030310981002153e-05,0.0003335538797362946,1.3315615721256835e-05,6.06268502519848e-05,8.07877283011988e-05,1.076880995071478e-06,0.0004633181164486895,0.8956226056650978,0.0004931337393505439,0.03205435723561645,7.677357853133508e-05,0.000692575590038427,0.020102019234721862,8.489645107576065e-05,6.471395211203548e-05,0.00018917929118013454
7,2.3800975610176233e-05,6.1647887084651e-06,2.2643932469431082e-06,0.00010681251093130542,1.1170476716505789e-05,0.0007175340568443497,1.1113213805144574e-06,0.04882676107560784,9.013151467260994e-05,3.561757762034637e-05,0.0004099794128785368,1.4938536837016586e-05,0.0001366087120976144,6.966289127556245e-05,8.595567229312336e-07,0.000413016001072485,0.8950535903596504,0.0007176782725798934,0.039860407510101725,9.802977309760096e-05,0.0006418925633200123,0.012265014196842294,0.00012890861761966391,0.00011719433539978062,0.00025085056916551284
8,1.3506402128821172e-05,9.255061097301575e-06,1.620268781987295e-06,0.00011857201411248427,1.2203779186229637e-05,0.0006227161566544474,9.134609342399012e-07,0.04699158579137862,7.768411315423377e-05,3.9257553015029495e-05,0.0004830568828513893,1.369065837826628e-05,5.3385719843890955e-05,0.00011938233259892093,8.568100153549286e-07,0.000456975653615176,0.8953645561989413,0.0005730932982097076,0.03217844502567315,5.474632425074794e-05,0.0008035941160408384,0.021335161972229226,0.00024006321755651934,8.433595525662468e-05,0.0003513412340954822
9,7.904663968361297e-06,7.44970176173814e-06,1.5335287882918393e-06,0.0001841185228918407,7.063566683793859e-06,0.0006030913497574959,1.0067686444475386e-06,0.05046656277967698,0.00010112019331322981,5.35448569212155e-05,0.00035522368365675664,1.799462209883371e-05,5.3719095164064005e-05,0.00011012602669430896,9.96185942832344e-07,0.000503351204618214,0.8938808579205682,0.0006019668036115746,0.030992049243233087,4.8070398485615414e-05,0.0013301639338734726,0.020068932943140765,0.00017700267527423933,0.00010198988934329531,0.0003241594418873356
10,5.511056151812333e-06,3.778460584877768e-06,6.847679009166386e-07,0.0001201869582426086,6.753564474592861e-06,0.00041938637815977503,7.653846047657728e-07,0.04901325212978531,6.971717993548595e-05,2.7030310981002153e-05,0.0003335538797362946,1.3315615721256835e-05,6.06268502519848e-05,8.07877283011988e-05,1.076880995071478e-06,0.0004633181164486895,0.8956226056650978,0.0004931337393505439,0.03205435723561645,7.677357853133508e-05,0.000692575590038427,0.020102019234721862,8.489645107576065e-05,6.471395211203548e-05,0.00018917929118013454
11,5.371226961335246e-06,3.6784268272064624e-06,6.828367723288752e-07,0.00012081828045321787,6.654381333160697e-06,0.0003980042645207484,7.91129205176984e-07,0.048645083893053276,6.733179175581489e-05,2.6847801757401337e-05,0.0003266725257873486,1.4311984648315522e-05,6.953936253649902e-05,8.070621870528455e-05,1.011286504559985e-06,0.00047470105006761917,0.8959619263015141,0.0004771220138289945,0.03239392784429491,7.851807801842013e-05,0.0006843875873925009,0.019829644457818773,8.320861348811898e-05,6.76337241987151e-05,0.00018142491855628268
12,7.637942123232365e-06,3.0279591834192334e-06,1.1395309570176683e-06,0.0004455529531766044,7.873341863499378e-06,0.00025377107176366274,7.336440445753539e-07,0.03921080818105027,0.00011546679530632677,3.660610625745582e-05,0.000515858085184756,1.8718437026695488e-05,0.000813142687122769,0.0002333967164800686,1.35542790649309e-06,0.0004911787435689188,0.9016788856745463,0.000591018677599376,0.023473424809478595,0.0005176769671656356,0.00106295037015122,0.02974731392367053,0.0002724642489368434,0.0003001243819758389,0.00019987332345973045
13,7.555249186612162e-06,2.7922452285031853e-06,6.736111665384655e-07,0.00012022708436614328,6.740922706989405e-06,0.00025836722378265063,6.871007015868371e-07,0.05351778383936539,8.047204134098207e-05,1.4276995972243313e-05,0.0003268178008844729,1.4338521789634804e-05,5.942594102483516e-05,0.00010889310013347362,1.044746596496245e-06,0.00033243804741860485,0.8947673904027198,0.00043920773644350264,0.02545850900149284,6.942063370289796e-05,0.0006399484931329399,0.023401076544709597,0.00010222400410188169,6.2378874951724e-05,0.0002073098370799304
14,8.546398782284434e-06,1.575667149320356e-05,4.453873109574961e-07,0.00011851759259148111,2.236833619790379e-05,0.0004510054379272533,1.011991808448236e-06,0.04767584597937723,6.966107194763056e-05,4.5149311369496434e-05,0.0005973800157652357,1.2861752310069166e-05,5.626642140068688e-05,0.0001564948701048004,1.1903600891985386e-06,0.00045094771195124334,0.8946790906402693,0.0005158930724905126,0.03570451885400838,8.84900437644086e-05,0.0005121950800531918,0.018388933156124092,0.00014885520095369746,6.698268353615044e-05,0.00021159195837334402
15,5.511056151812333e-06,3.778460584877768e-06,6.847679009166386e-07,0.0001201869582426086,6.753564474592861e-06,0.00041938637815977503,7.653846047657728e-07,0.04901325212978531,6.971717993548595e-05,2.7030310981002153e-05,0.0003335538797362946,1.3315615721256835e-05,6.06268502519848e-05,8.07877283011988e-05,1.076880995071478e-06,0.0004633181164486895,0.8956226056650978,0.0004931337393505439,0.03205435723561645,7.677357853133508e-05,0.000692575590038427,0.020102019234721862,8.489645107576065e-05,6.471395211203548e-05,0.00018917929118013454
16,4.351530682780265e-06,3.605967178629429e-06,6.663269613120903e-07,0.00011701234239950499,5.147364519222361e-06,0.00036387754111377025,7.094199347960627e-07,0.04982615591301852,6.672896069830562e-05,2.445762519151305e-05,0.0003151901042557626,1.2349267776783055e-05,5.956062497869905e-05,7.731535538978547e-05,1.216105665562241e-06,0.0005346076620637568,0.8949815868437766,0.0004865153074155705,0.03465010626296092,8.151445770114602e-05,0.0008570124482068285,0.017165717470126563,8.26093495187006e-05,6.933087854949558e-05,0.00021265486991495122
17,2.014627134473659e-06,2.100344935411804e-06,3.381471792978728e-07,0.00012039889375227387,4.171803061683797e-06,0.0001877235834695875,6.787812969975832e-07,0.04957773503878906,2.3772594287983115e-05,2.2210363656985224e-05,0.0002697550147847748,1.4874407537352676e-05,5.943394681102505e-05,0.00010093128062604245,5.036406159872417e-07,0.00041861056830802144,0.8984569452270957,0.0003389993195037729,0.02504309970495435,7.088497486656826e-05,0.0005366021517981507,0.02448753902573889,8.341337148104583e-05,5.005747006137133e-05,0.00012720571825347593
18,5.402250106476719e-06,6.82047370001396e-06,7.057476722101677e-07,0.00017853246246672384,6.608790428806009e-06,0.0009468970531096037,7.449937777984441e-07,0.052775845531561894,6.645546610680219e-05,2.4645523880741368e-05,0.0003486727731914171,1.019859033447027e-05,0.00010640284112278297,6.49035864334565e-05,1.3538183045126228e-06,0.000619273834304091,0.8907577863126838,0.00044984183953645514,0.03729017569082389,0.00010617221433730417,0.0007606981355949526,0.015107182996097613,8.728976460208761e-05,8.582877102652857e-05,0.00019156053879568628
19,5.516388913731949e-06,4.2987077187405764e-06,8.177958082160342e-07,0.00010366044300522348,6.809789132674677e-06,0.0003145308773165811,5.87338604666634e-07,0.048969421245946235,9.911436884985033e-05,2.797054684902143e-05,0.00036290752231624824,8.098180838074334e-06,6.295721715326567e-05,7.978714390447732e-05,1.4739035274872915e-06,0.00048314694679593825,0.8942035592786703,0.0004778065551727402,0.03155049127250073,8.493655105963735e-05,0.0009936809269432611,0.021738263629228653,9.791753782244301e-05,6.74228766386693e-05,0.0002548229552832796
20,3.8030310815787385e-06,2.6369915078372537e-06,6.353210686888297e-07,0.00011866112784582859,5.160928059767707e-06,0.0002865471583530101,6.614632644670037e-07,0.05300833251871549,7.691753995853175e-05,2.0432126568873526e-05,0.00041997572479762166,1.1804754602491332e-05,5.176245692985757e-05,6.952888096521707e-05,2.2391672055527e-06,0.00039650061153806285,0.8918000755850826,0.00046155075546917596,0.026356533592207923,7.184720540797136e-05,0.0007369393768928334,0.02579432428988732,7.389564426295787e-05,5.060147170865375e-05,0.000178632276617808
21,9.289390875382986e-06,6.450099627914209e-06,9.462941960731026e-07,0.0001970785861416535,7.6153925069452825e-06,0.00048412024152975826,9.106781251208001e-07,0.05065646855085567,0.00014295607136939473,3.677920036260286e-05,0.00039288935955112666,1.9100531278925736e-05,0.00010385892349667931,0.00013182161031969638,1.4179123157234493e-06,0.0006123704877808088,0.8922398959160467,0.0007894031134119611,0.031508656506066164,0.00015561218555436093,0.0009953948629480027,0.021079714721313,9.297983757671619e-05,8.9120402622545e-05,0.0002451491241271571
22,8.425199361712138e-06,1.1834810429620504e-05,2.1848968739156325e-06,0.000325499907467364,2.8572171965780364e-05,0.00038310840131165676,3.772153627360244e-06,0.05790343979822201,0.0003289933477686497,4.264669831088455e-05,0.0007912192390007558,5.8400090557941215e-05,0.00022126807298999756,0.00010539004966395985,2.7660251805328465e-06,0.0006561718605661969,0.8898118850879304,0.0004225665452232605,0.036905619421477215,0.00010294575252697689,0.000727668610851208,0.010239544523272009,0.00022813783097237983,0.00015005712197945807,0.0005378823824684611
23,5.511056151812333e-06,3.778460584877768e-06,6.847679009166386e-07,0.0001201869582426086,6.753564474592861e-06,0.00041938637815977503,7.653846047657728e-07,0.04901325212978531,6.971717993548595e-05,2.7030310981002153e-05,0.0003335538797362946,1.3315615721256835e-05,6.06268502519848e-05,8.07877283011988e-05,1.076880995071478e-06,0.0004633181164486895,0.8956226056650978,0.0004931337393505439,0.03205435723561645,7.677357853133508e-05,0.000692575590038427,0.020102019234721862,8.489645107576065e-05,6.471395211203548e-05,0.00018917929118013454
24,5.442212325917926e-06,4.7473816169357485e-06,5.65077585725761e-07,0.0001315546017543257,5.6622864828451405e-06,0.00037703824746190454,7.395407958313142e-07,0.04904529945351074,5.5890761608434734e-05,2.7873812257606826e-05,0.000300418036051812,1.2941311635423727e-05,5.8992167865651454e-05,9.301741591698084e-05,7.011837189405974e-07,0.0004555401894234811,0.895913749046355,0.0005075307671225805,0.03231819229203728,9.220709467667953e-05,0.0005885339244046599,0.01968378034985848,9.118088545698519e-05,6.292770599597163e-05,0.00016547425407983883
25,3.689719776289383e-06,4.168217474095394e-06,1.0596555661888318e-06,0.000157286713571549,7.1283655968143175e-06,0.0003871714771484845,1.4358711557050755e-06,0.021790218765606092,5.255557606418329e-05,5.7336730663285804e-05,0.000809646923604786,3.363405472142296e-05,6.534150729311574e-05,0.00011936247871651742,1.0029252634698613e-06,0.0008801473770149139,0.8954782977235223,0.000504285317282344,0.05486622101624427,8.898609388733601e-05,0.0007550911612284371,0.02358184611688001,0.00014772611121236531,0.00010182587390911556,0.00010453422659651611
26,2.020545180838918e-06,4.294039690613782e-06,6.846148148620076e-07,0.00019586731664683298,8.668588274606102e-06,0.0005199046889782343,9.73934450728382e-07,0.04134543273635837,0.00010565285040510338,2.4417494395131805e-05,0.000561931374897221,2.3217172169825775e-05,3.750600592360435e-05,0.00011961868486011508,9.430284396058247e-06,0.0005446436367831307,0.8936158386588757,0.0005308342058568901,0.03997794829329274,8.98208511330818e-05,0.0007984883640473543,0.020686754434953266,8.926962072126581e-05,7.443269709725963e-05,0.0006323489057967481
27,4.301802203818511e-06,3.0376010848894393e-06,5.657655073472648e-07,0.00011551929366725813,5.407996891831821e-06,0.00035553418582774313,6.523211204084695e-07,0.04900576520580948,7.009889565885313e-05,2.2095104640643255e-05,0.00035352348858458724,1.20156588854773e-05,5.166715770697333e-05,7.309805738640815e-05,1.3051762544272032e-06,0.00044065336330246195,0.894365011736908,0.00047136849326999403,0.03033221720735101,6.684341098330748e-05,0.0006468018464600761,0.023311289141005383,7.239463443808154e-05,5.994229995608088e-05,0.00015889015509547262
28,5.511056151812333e-06,3.778460584877768e-06,6.847679009166386e-07,0.0001201869582426086,6.753564474592861e-06,0.00041938637815977503,7.653846047657728e-07,0.04901325212978531,6.971717993548595e-05,2.7030310981002153e-05,0.0003335538797362946,1.3315615721256835e-05,6.06268502519848e-05,8.07877283011988e-05,1.076880995071478e-06,0.0004633181164486895,0.8956226056650978,0.0004931337393505439,0.03205435723561645,7.677357853133508e-05,0.000692575590038427,0.020102019234721862,8.489645107576065e-05,6.471395211203548e-05,0.00018917929118013454
29,5.511056151812333e-06,3.778460584877768e-06,6.847679009166386e-07,0.0001201869582426086,6.753564474592861e-06,0.00041938637815977503,7.653846047657728e-07,0.04901325212978531,6.971717993548595e-05,2.7030310981002153e-05,0.0003335538797362946,1.3315615721256835e-05,6.06268502519848e-05,8.07877283011988e-05,1.076880995071478e-06,0.0004633181164486895,0.8956226056650978,0.0004931337393505439,0.03205435723561645,7.677357853133508e-05,0.000692575590038427,0.020102019234721862,8.489645107576065e-05,6.471395211203548e-05,0.00018917929118013454
30,5.511056151812333e-06,3.778460584877768e-06,6.847679009166386e-07,0.0001201869582426086,6.753564474592861e-06,0.00041938637815977503,7.653846047657728e-07,0.04901325212978531,6.971717993548595e-05,2.7030310981002153e-05,0.0003335538797362946,1.3315615721256835e-05,6.06268502519848e-05,8.07877283011988e-05,1.076880995071478e-06,0.0004633181164486895,0.8956226056650978,0.0004931337393505439,0.03205435723561645,7.677357853133508e-05,0.000692575590038427,0.020102019234721862,8.489645107576065e-05,6.471395211203548e-05,0.00018917929118013454
31,5.797771512765226e-06,5.282626233486141e-06,7.330998806400667e-07,0.00011854773988257619,6.9480331293029765e-06,0.0004653534942562646,8.616031306032857e-07,0.05279225544426147,6.933054772420317e-05,3.683664831009244e-05,0.00031902613539532774,1.2379442423092498e-05,7.000728395508406e-05,8.729760999595399e-05,1.0173103333106717e-06,0.0004020207039411965,0.8952345172939877,0.0005844521726069106,0.03139708559734123,7.92791639566501e-05,0.000671001962265375,0.017281745299307615,0.00010398269350894809,6.174144909285674e-05,0.00019249887356743542
32,5.951149940619624e-06,3.931964842260497e-06,6.883082116218423e-07,0.00011470666954412005,6.659636201844311e-06,0.00043534665622542364,7.56116281001974e-07,0.0481384809249906,7.276898438782212e-05,2.6402809626204165e-05,0.00033648280810628554,1.310981297261569e-05,6.224955359685581e-05,7.675661082893495e-05,1.1164173288115192e-06,0.0004465382458251707,0.895267551717179,0.0004894998532073665,0.03360903125256251,7.556115949162115e-05,0.0006844557966121218,0.01980373416543825,8.263743006803097e-05,6.705614741327727e-05,0.000178525809118035
33,1.4901504951671762e-06,3.403664615992565e-06,2.4692209453371137e-06,0.00019397663128465427,2.412355229126849e-06,0.0003140611254765465,3.576553621258488e-06,0.04153156436156355,1.3473741067970284e-05,2.6097894003558375e-05,0.00021266034184915146,4.165162028882822e-05,6.448960471922418e-05,5.120281029334128e-05,6.816208932205193e-07,0.0002967862453525386,0.8898687331591821,0.0004117082000292127,0.0519530338847053,5.676439038876855e-05,0.0005362705390284865,0.01426116348414924,7.277666472312742e-05,4.9324430444212484e-05,3.022730564984387e-05
34,4.211364035394899e-05,1.0200353056603498e-05,1.7302513974009616e-06,8.033249513480877e-05,1.3239474300306952e-05,0.000704859856997329,8.732165212643036e-07,0.03884985741872038,0.00042070164785299266,1.137157409847273e-05,0.0005010821608358903,1.7968101559867014e-05,7.60059682417438e-05,5.031452960356279e-05,2.2943803952462504e-06,0.00033630933305915276,0.8913837991789202,0.0007018223982703028,0.05312637172164827,7.150600889566069e-05,0.000590624273496763,0.012676394321811389,4.4216571380589034e-05,9.768025337730822e-05,0.0001883308700705067
35,1.2679204609777023e-05,3.333577343598025e-06,9.119981101508471e-07,0.00013257936197126946,5.930853591809657e-06,0.0005055799980739336,7.383863303605337e-07,0.04852253025935112,0.0001065706319742532,2.441090364836653e-05,0.00030198794822993975,1.397139519496679e-05,6.017939005762531e-05,9.172252511334648e-05,1.0157233192842e-06,0.0005037595243949293,0.8963515263136109,0.0006103194260330247,0.03225843243415646,0.00010284427194536089,0.0005834447228672946,0.01941024614323784,0.00011497524069855155,7.014875374769996e-05,0.0002101610123877209
36,5.750599127760039e-06,7.250379699532226e-06,1.7661039382481055e-06,0.0010079989945553506,7.206218771397264e-06,0.000885837624590453,2.27643761843893e-06,0.024784562131829894,7.192173014848095e-05,0.00024240080786225115,0.0008638546151286551,6.809501658521018e-06,1.645566329498943e-05,0.00023800803942700986,1.165180178965733e-06,0.000730983842623566,0.8995904563964828,0.0006106972643498509,0.04757585298934991,0.0002167881886637316,0.0014511956122140084,0.020073935601780134,0.000729677422379887,0.0006805795551630674,0.0001965690991630296
37,1.3975974861838865e-05,5.119876138631853e-06,1.0869318547280831e-06,0.00011745752641793257,6.643174894903294e-06,0.00043543584478669765,7.885838038476525e-07,0.049579890868593816,7.697885709953031e-05,3.265252502892602e-05,0.00033724001461569715,1.3187833198417008e-05,5.332623464444053e-05,8.041362850146221e-05,6.159735670651848e-07,0.0004711890188681415,0.8955338862801304,0.0007755171137140912,0.03130396361364446,6.814335023211074e-05,0.0007277100942798676,0.019964163890060584,0.00010305722504917736,8.306993618017224e-05,0.00021448562983248352
38,2.050404371010561e-05,7.4183925568446135e-06,1.7107161498452116e-06,0.00011091418516153697,1.7918603362343086e-05,0.0012548018713352035,1.137982164515334e-06,0.045907389256942245,0.00018511127280088625,3.4855626927755875e-05,0.00042894018734505293,1.331259593804159e-05,0.00012373009320435378,7.539751099150095e-05,2.8777000737766248e-06,0.000630131160681035,0.8927344483332122,0.0007517962940402124,0.04222737890476774,0.0001068784670792815,0.0007412858093730867,0.014021801533856968,9.207000703874223e-05,0.00010590671643027684,0.00040228273485659355
39,6.832649320319194e-06,2.3677489423219556e-06,6.897686169116568e-07,9.64355543803808e-05,8.145689697300813e-06,0.000558023159784394,6.402897069631195e-07,0.05055983662454325,8.140897099738705e-05,2.1987413950159488e-05,0.00037029800343223694,1.1279547642546073e-05,6.126485249770535e-05,5.398928022711071e-05,1.103724464519337e-06,0.00048628096245043886,0.8958061922619808,0.0004543251026439087,0.03150325605685036,5.3024715242231184e-05,0.0007940654683271972,0.01871686492877462,6.18085354003098e-05,6.47091310080101e-05,0.00022516955911808196
40,7.029082857110476e-06,5.417128663637138e-06,8.533229526496752e-07,0.00012041062397095396,8.661794494015718e-06,0.0004979215039875054,8.41794296548397e-07,0.04926214756807108,9.52223323157787e-05,2.7139389102459765e-05,0.00036667232004578617,1.350228903016947e-05,6.214323691377488e-05,8.617676021747336e-05,1.8838357719458702e-06,0.00046735435541549734,0.894609917270461,0.0005029471440089786,0.031780892033251976,7.582953507812773e-05,0.000804291504425334,0.020774761489408804,8.848205423126652e-05,6.529238834398089e-05,0.00027420924268420946
41,1.2408479738732176e-05,6.694299951301832e-06,1.1995343869240426e-06,0.000110915341116962,2.5071836317910596e-05,0.0007510389981619654,1.1396456940595422e-06,0.05281633557840601,0.0002070047913665514,2.3222159605025806e-05,0.000406424098939069,1.3726491743759402e-05,5.807829014106949e-05,6.960140853494558e-05,3.3957303286297104e-06,0.0007188707705520784,0.895845284275715,0.0005928172885462108,0.03218171188313504,8.16723930889851e-05,0.0005723934743282752,0.01505134610445901,6.166729069883361e-05,6.831674420454433e-05,0.00031966309083924187
42,4.256300260118828e-06,8.42348103289858e-06,1.2446715063084611e-06,0.0002553475848004899,3.1026623662705606e-06,0.00042817071962411205,4.352513628043801e-06,0.04550772498825124,6.0727666253726387e-05,0.0001011186955635645,0.0006321892460821114,4.1667746590766964e-05,6.122179260793653e-05,0.0008983939570525402,1.3407814376505186e-06,0.00044229410113593494,0.9018226883418435,0.0007293286720397596,0.030039684203943668,9.454717056126787e-05,0.0009219351370543293,0.01754455812823143,0.0001466561124379074,0.00014525805980129892,0.00010376726589244078
43,3.8142906888677088e-06,1.8213777117706526e-05,5.896172800978625e-07,0.00012398729598277856,9.655205045792347e-06,0.0002982519241442131,1.4478355469006837e-06,0.04980077838165244,5.4902382752365315e-05,1.6077042949397916e-05,0.00031973326127967915,1.4700442516144164e-05,7.125527601629122e-05,0.00013707123737966923,1.8123383737558596e-06,0.0004516170961537664,0.8962013208306139,0.0005416650389545616,0.03230132744487989,7.333505958264393e-05,0.0004158031972152739,0.01884114406743405,9.300055830721758e-05,6.662660610019612e-05,0.00014186979203247845
44,5.511056151812333e-06,3.778460584877768e-06,6.847679009166386e-07,0.0001201869582426086,6.753564474592861e-06,0.00041938637815977503,7.653846047657728e-07,0.04901325212978531,6.971717993548595e-05,2.7030310981002153e-05,0.0003335538797362946,1.3315615721256835e-05,6.06268502519848e-05,8.07877283011988e-05,1.076880995071478e-06,0.0004633181164486895,0.8956226056650978,0.0004931337393505439,0.03205435723561645,7.677357853133508e-05,0.000692575590038427,0.020102019234721862,8.489645107576065e-05,6.471395211203548e-05,0.00018917929118013454
45,6.572937823970904e-06,3.129955033984947e-06,1.048171298900577e-06,0.0001218168128015179,8.919761773229409e-06,0.0005973188985088167,8.637448464848406e-07,0.048339715016678796,0.00011941174378186384,2.685227534748759e-05,0.0006032426693917118,1.4283994362135805e-05,5.948917488697564e-05,7.835326623022698e-05,3.6773418385697684e-06,0.00045708025764729527,0.8931588699850557,0.0005539111703168793,0.03254366043664799,7.57988808099857e-05,0.0006333920519566022,0.022258268698716176,7.752978079514288e-05,7.176406829494641e-05,0.00018502890515445774
46,0.0025342389887250986,1.2985957034418082e-05,0.00018744834148304255,0.0024271827475730277,6.773492824219109e-05,0.005624585184179203,5.277902004817401e-06,0.09753280486657077,0.0004098347379575341,0.0001795517788543423,0.0009421896660140146,0.00024025243981164735,0.001602560958765772,0.0020815822543517395,4.433750559784202e-06,0.0034938820162052457,0.7704654304349545,0.01170313625857774,0.03097954748224425,0.007216905505336099,0.0039885592533476615,0.04244880137397817,0.0014952502881976667,0.01346551252416358,0.0008903103608678375
47,6.923723608837844e-06,2.9463321660127716e-06,6.208453924667323e-07,0.00010607324331709049,4.477963848817636e-06,0.00025864753950844034,7.701664649957349e-07,0.04631314016222779,7.390606824836522e-05,2.434553692101292e-05,0.00019034211802680312,1.6167191696928862e-05,5.39702853703414e-05,6.090875291801908e-05,9.924127360594217e-07,0.0005009980113448454,0.8955237452643856,0.0004767141686734521,0.034479900408082555,7.588166379659823e-05,0.000719645991717297,0.02079441089061169,4.625256048807201e-05,6.303159823924217e-05,0.00020518710020909784
48,5.714006354460027e-06,1.7916410373932798e-06,1.4229397079443188e-06,0.0005128235352884279,7.434112525208125e-06,0.00021066181558413417,2.5360705596447837e-06,0.07854750459155778,7.412270197053569e-05,1.2270063888720983e-05,0.00034751195395981614,6.110196020395333e-05,0.00010745180904554548,0.00012234493731862222,3.36319476436225e-06,0.0010549860122028435,0.8902451642203393,0.0012924274982894037,0.0009322316266715529,0.00013395190063967053,0.0013294701433449227,0.024623739260654795,7.917541079959437e-05,3.743792535740461e-05,0.0002533606679338945
49,5.483297204652607e-06,3.6572323654941085e-06,8.667710991224154e-07,0.0001483422697097003,5.466837522090999e-06,0.0004303055641373651,7.740886441538104e-07,0.04822563326110101,7.142493044363315e-05,2.961488067612773e-05,0.00034798430290871316,1.5546709309500997e-05,6.706028801859782e-05,8.554343463195013e-05,1.0639168063855631e-06,0.0004522889911381764,0.8950358544384095,0.0005229679412985771,0.03143179588185628,8.316687132825762e-05,0.0008303531192001912,0.02180533058679842,0.00010792628710118675,7.366776030605314e-05,0.00021788033798498925
50,7.394746416432205e-06,5.419633518770443e-06,8.423223321790854e-07,0.00010815189057648776,1.0580254881828114e-05,0.0003448085601163444,1.4147859290247303e-06,0.05582541140625918,4.418167923296842e-05,5.351505746281483e-05,0.0003051190575016692,1.3481725311168336e-05,6.319043957383855e-05,0.00011025126475426553,1.3506322979704295e-06,0.00034869696809546264,0.8936837928195807,0.0005190441955082776,0.02934764258134992,7.914376369263379e-05,0.0007418737673745546,0.017840709208686474,0.00012071615470262907,4.456457316572261e-05,0.00037870251167882623
51,8.732505801289346e-06,1.295015874146914e-05,7.514934275504705e-07,0.00016157218244866798,4.403023149986524e-06,0.00025545091679894677,7.542293245492777e-07,0.048502548566410085,0.00011046536974943297,3.15893599554214e-05,0.0004091545128373179,1.738752763197265e-05,6.025152067908992e-05,0.0001353685837749331,1.269884000824617e-06,0.00031756185769241265,0.8909341042462772,0.0006815128566612301,0.029768749599797736,7.683740105445378e-05,0.0006451447629075142,0.027513190093961092,8.396854202980166e-05,5.993111163914143e-05,0.00020634969324767691
52,8.361002657164372e-06,2.5216984580429794e-06,5.58303684807707e-07,7.907659941426601e-05,6.180391654964132e-06,0.0005595392564250886,4.3798462199909356e-07,0.05000668904112095,7.517223210969913e-05,2.3387656370775926e-05,0.00037199094397270187,6.210325186935788e-06,5.275484970056663e-05,8.39120857108594e-05,1.6686380189885633e-06,0.0007103053627515325,0.8959256907253834,0.001115629376881414,0.028502928561499257,6.142044204696677e-05,0.0005247463468504581,0.02160064581574331,4.159295629086946e-05,4.863197781479168e-05,0.000189947425630027
53,5.404120245002161e-06,4.817026036379537e-06,1.1077831269418818e-06,0.00015099940200068564,1.9519046972048417e-05,0.0003548487781024876,1.7766289889684015e-06,0.05741537740521292,0.00010956757156560069,3.357460789829947e-05,0.0006641197356046398,1.840773737087423e-05,9.324140531086176e-05,0.00010046959630636024,3.002299532438486e-06,0.00044111809150694953,0.8915054978217242,0.00043560190038990324,0.026905734356799167,0.00014351816647757267,0.0010916692379786858,0.019783244592537722,0.00022343805713293815,6.769791286114556e-05,0.00042624671831743594
54,1.3147817283140056e-05,1.0840500243711436e-05,8.456537446690103e-07,0.0001390849672887785,1.1514497512810514e-05,0.0004955892938175949,1.05270767771288e-06,0.04700294399211588,0.00011177355566989152,4.456673043798425e-05,0.000251236622490742,1.655444663093989e-05,7.923671710919081e-05,0.000141978393687617,2.299611325408979e-06,0.000498965513064486,0.8934775874255174,0.0006492202362480355,0.034209685172114826,0.00010719707948415398,0.0006524590009726357,0.02130867125182085,9.685271773526247e-05,5.426068437826071e-05,0.0006224354116275941
55,6.888838834245481e-06,4.978314956434455e-06,9.352947925948965e-07,0.0001534962576016198,6.917219496020549e-06,0.00040006238317381046,1.2394824891276475e-06,0.045810512718702484,0.00010256974099734839,2.2965712753719456e-05,0.0003133105095454564,3.1901092240129114e-05,6.798498389917905e-05,7.29923360065595e-05,1.280808484899213e-06,0.0005927750646684387,0.8932417598258598,0.0007920622515822322,0.03679106580572822,7.832923379663911e-05,0.001196039918892156,0.019939264337617543,6.4578121655895e-05,8.82293361090137e-05,0.0002178604101164396
56,5.443045116302962e-06,3.6572335511414593e-06,6.868385172227764e-07,0.00011901067631644644,6.524431263422118e-06,0.00039868600960443507,7.912976694796247e-07,0.0483596530150422,6.794651696107223e-05,2.6324833014825786e-05,0.00032848365797691044,1.454069073426832e-05,6.859387924687965e-05,8.092081943902855e-05,1.038863933078572e-06,0.00046723159855228155,0.8958175743842928,0.0004777794948380047,0.03266380290204811,7.581777704988673e-05,0.000688926064075132,0.019990510982624693,8.276187633899207e-05,6.679184439613149e-05,0.00018650126739675146
57,5.157746206336428e-06,3.007443779057903e-06,6.773742469484101e-07,0.00010500449212847451,5.7957854113358615e-06,0.00025331367556390887,7.715550849531957e-07,0.04576846896077159,6.524908453955668e-05,2.3440727490171737e-05,0.0002823749785449522,1.7584478903317688e-05,8.947294730912672e-05,6.354506004565352e-05,9.699066814735406e-07,0.0004889312149222018,0.8955911676840688,0.00041494197586223314,0.03479203704294058,8.222473050888834e-05,0.0006664262607743615,0.020958119521070313,6.819550616504012e-05,7.487994868214453e-05,0.00017824189829858836
58,6.684708300725868e-06,4.020930424121148e-06,7.721287917617787e-07,0.00012805000817453244,7.1596797479401055e-06,0.00045455271188807984,7.983007556551203e-07,0.04739236778505845,7.900261291157378e-05,2.5828680941786743e-05,0.0003779080274325648,1.5123593975001272e-05,7.756791229116378e-05,7.74769038283557e-05,9.822749706666208e-07,0.00047342753114573943,0.8954020326378179,0.000513944377131617,0.03459729184885326,8.125924721595292e-05,0.0007242460024718275,0.019194608123490376,9.778883620183563e-05,8.761488810008741e-05,0.00017949024807907243
59,6.788620265044452e-06,4.086666841796945e-06,8.94855963848925e-07,0.0001389376679184733,7.396386137752753e-06,0.0004910233792216762,7.979409256739567e-07,0.04820414558301986,8.487438983338565e-05,2.7126639671459875e-05,0.00039286581763425804,1.4236873766811126e-05,7.3725064426732e-05,7.284940882241644e-05,1.1096283035872973e-06,0.0004775965796669048,0.8949354622956136,0.0005157985864959119,0.0340889594196992,9.435287982017816e-05,0.0007873261430747103,0.019191807546500815,0.00010884937535642324,9.125249563550788e-05,0.00018773575538433792
60,5.511056151812333e-06,3.778460584877768e-06,6.847679009166386e-07,0.0001201869582426086,6.753564474592861e-06,0.00041938637815977503,7.653846047657728e-07,0.04901325212978531,6.971717993548595e-05,2.7030310981002153e-05,0.0003335538797362946,1.3315615721256835e-05,6.06268502519848e-05,8.07877283011988e-05,1.076880995071478e-06,0.0004633181164486895,0.8956226056650978,0.0004931337393505439,0.03205435723561645,7.677357853133508e-05,0.000692575590038427,0.020102019234721862,8.489645107576065e-05,6.471395211203548e-05,0.00018917929118013454
61,6.759417881944163e-06,4.078231845212367e-06,8.732339493384901e-07,0.00013619024656670456,7.473024017545208e-06,0.000473692881940116,8.117805591959016e-07,0.04855944346650366,8.295389555197945e-05,2.7587261227823957e-05,0.00038299100055478913,1.418709113053902e-05,7.278792760284833e-05,7.419044738285622e-05,1.1215650523496214e-06,0.00046460184994087563,0.8949982120601391,0.0005196287303839394,0.03357716240951425,9.104190423809239e-05,0.0007745912862026582,0.01934536651924893,0.00010609272299051861,8.61962123650765e-05,0.00019196483320974911
62,5.511056151812333e-06,3.778460584877768e-06,6.847679009166386e-07,0.0001201869582426086,6.753564474592861e-06,0.00041938637815977503,7.653846047657728e-07,0.04901325212978531,6.971717993548595e-05,2.7030310981002153e-05,0.0003335538797362946,1.3315615721256835e-05,6.06268502519848e-05,8.07877283011988e-05,1.076880995071478e-06,0.0004633181164486895,0.8956226056650978,0.0004931337393505439,0.03205435723561645,7.677357853133508e-05,0.000692575590038427,0.020102019234721862,8.489645107576065e-05,6.471395211203548e-05,0.00018917929118013454
63,6.039832145528019e-06,4.704152775604086e-06,7.129223383547608e-07,0.00012660171448458988,7.1533887796787335e-06,0.0004212972596744249,7.948602422850048e-07,0.04764873592649676,7.391757006229251e-05,2.9486339297561827e-05,0.00033077967973034526,1.3931951580081546e-05,6.056808071462293e-05,8.45878684275476e-05,1.116831162401305e-06,0.00045880192118760493,0.8955687945183416,0.00047830337022845045,0.03323561842967461,7.965702039059332e-05,0.0007016956868209385,0.02031152952973677,9.113677947638333e-05,6.718204607288231e-05,0.00019685232015734198
64,4.546641824854392e-06,3.5942011458968585e-06,6.583194589181872e-07,0.0001306123378126007,5.823932854480212e-06,0.0003966357645937117,7.745479117616968e-07,0.0479931414469906,6.546040487134566e-05,2.9569782337785284e-05,0.00029883387692255354,1.4153077460015583e-05,6.186330105729638e-05,8.263714251073597e-05,1.0013553079596083e-06,0.00045598985261138743,0.8956549785191333,0.0004734883398388843,0.03147819359954072,7.82131326102547e-05,0.0008679413780868711,0.021557618885963626,8.918839901248968e-05,6.603252575000757e-05,0.00018904923439132463
65,2.4579685945868314e-06,4.5706503877904146e-06,1.0110208510605447e-06,0.00013767147651936248,5.949213483298965e-06,0.00047792099493518204,9.47614415515846e-07,0.050461569315985375,1.704029626803639e-05,4.769658932021828e-05,0.0002717189808267624,1.2498401075047253e-05,6.071158483289586e-05,0.0001209203039942673,1.1806705559512142e-06,0.0004472389894522343,0.8948031044064675,0.0004552238927020006,0.030787232229529105,7.698852324190656e-05,0.0010950387538406312,0.020021635626579083,0.0002163891690155928,5.7469425234026595e-05,0.00041581390189259317
66,6.827969684801706e-06,2.1160065792088385e-06,8.74450608485239e-07,0.00012069077217695942,9.751699890198584e-06,0.0007191688179838017,7.035313090304107e-07,0.04933841083176683,4.8538064306904306e-05,2.7769818603811443e-05,0.00023705792303606606,1.2201095207506306e-05,5.832640361253451e-05,7.207951421777182e-05,5.98636857123963e-07,0.0004574024254321768,0.8974689811967005,0.00041372752972605785,0.03155115671583895,6.992752810941606e-05,0.0006937173115572115,0.01838533313627622,8.844650015113779e-05,7.87801878018076e-05,0.00013741193256539583
67,1.5852886949793547e-06,1.3671571561373784e-06,4.4752510518446473e-07,0.00013743073218636865,2.7651928232178667e-06,0.0005627679457431319,5.810303287185308e-07,0.04808499532256867,1.8266237534858042e-05,2.8579463473432574e-05,0.0002690962950103037,1.240214591951585e-05,6.26960118711325e-05,9.944618566783606e-05,3.1804897320599455e-07,0.0006175346432880655,0.9010629113768525,0.0003782204411614367,0.02635941759151192,7.28600125226945e-05,0.0006750382970817359,0.021277525446476084,9.207085605116526e-05,8.010059237848114e-05,0.0001015761596192444
68,1.2082022494661663e-05,4.588341884002825e-06,2.138555829066675e-06,0.0001443962553082679,3.3455876054680823e-06,0.000467053817476476,7.860765695438098e-07,0.0485240307982503,0.00010865600698930535,3.464913132494602e-05,0.0003368100780871347,1.4719478972328782e-05,6.077378984804819e-05,8.346864875403031e-05,3.713565385919298e-07,0.0004941375454625206,0.894044823494523,0.0009686731092500265,0.032591989422011594,7.686506392652807e-05,0.0016245939809461216,0.019981894188810703,0.0001341217864992579,8.390120949099251e-05,0.00020113025314751076
69,5.383770338982559e-06,4.469681514481054e-06,7.337736143246118e-07,0.00013408581576148347,7.259457634356695e-06,0.0006204268658562701,8.497894349305407e-07,0.04932644188364095,7.012404894971504e-05,3.0864913920158696e-05,0.00039032705946213795,1.3528067170715398e-05,5.5647100237496815e-05,9.935711179214437e-05,1.1157011737621146e-06,0.0004729900128978342,0.8942646319450008,0.0004253996200535181,0.03246616375164168,6.284525487129505e-05,0.0012145801098704535,0.019768661952539388,0.00030914239521877984,7.176744702935328e-05,0.000183202470375097
70,8.457831558781349e-06,3.1358617041149766e-06,8.643543542370188e-07,0.00010863224341774738,6.279425038010011e-06,0.0003612655595637457,7.371161341392667e-07,0.04071795478789482,6.510079197194015e-05,2.5962129756538542e-05,0.00025754328435599453,1.3312167995381524e-05,6.021767021978529e-05,8.352423788925704e-05,1.1353041583915615e-06,0.00037776268407671245,0.8958282267080606,0.0006080600333613456,0.03935442406182034,9.596903497482415e-05,0.0005441351962141718,0.021074508539379234,4.471849051307067e-05,6.178164700384717e-05,0.00029629083858263334
71,5.493830237483029e-06,7.832283263583356e-06,5.224738635665777e-07,0.00012370552707049925,2.2817277684836285e-05,0.0002694286023546603,9.03118384608467e-07,0.049801329706947,5.914414157510914e-05,4.297659135290916e-05,0.0002116588190098194,1.4529131165066805e-05,6.108841493458479e-05,9.427600598069426e-05,7.369275690383947e-07,0.0005588616706600918,0.8978049523872198,0.0003074733380472655,0.032684579675431064,6.688910014996244e-05,0.0006939819830009538,0.016686365832904296,0.00012728126670576783,7.239796937456599e-05,0.00028077392511304677
