,0,1,2,3,4,5,6,7,8,9,10,11,12,13,14,15,16,17,18,19,20,21,22,23,24
0,0.006762705322403448,0.0004219981633365944,0.0020365235964210876,0.00013419388951597616,0.0009407142110324447,0.0036784561446790614,4.263605420330725e-05,0.005245585095638791,0.054583633938142126,0.0008339101938417127,0.0003148923977723296,0.0012639591214252351,4.96194387968455e-05,1.055943079141435e-06,0.0007626611262024406,0.022036320639992946,0.009016712350758497,8.939433113434837e-05,0.8344692253639177,4.6726066813111844e-08,0.0008951809509693185,0.056177347486156964,8.872393188570842e-05,0.0001295399780166312,2.496360461048765e-05
1,0.005040459039631545,0.0025330797887462876,0.002069983839453254,0.00012725534197705605,0.0010447386495656492,0.0033413205560125555,2.6586975789318548e-05,0.0033440164025488844,0.056325350083903436,0.0007442046762413456,0.00022762955379583091,0.0010856070256859134,3.288702472102797e-05,7.200042103585238e-07,0.00048462119128907905,0.013504748919850894,0.006130248519213226,6.421526334928707e-05,0.841142859738125,6.856262362158787e-08,0.0007927258166144169,0.06178600925172417,5.109574912643351e-05,8.351954456168832e-05,1.6048481240075516e-05
2,0.007346159243072736,0.0006811890633455256,0.0028139416265309703,0.00010481951185512164,0.001647760890678929,0.002642038604127015,3.451086107936473e-05,0.00488299099382787,0.0651231103991601,0.0011458054742754795,0.0006544372401250367,0.001972842811449088,4.2984730246384175e-05,1.8342022095471198e-06,0.001729737352791908,0.009779716527219996,0.007939073176877746,8.166756335384139e-05,0.8253013337765137,7.201058589237398e-08,0.0011039416124946167,0.06470016403041831,0.0001147814471694502,0.0001121224857216685,4.2964364869535285e-05
3,0.006014602847577675,0.0005267089497646135,0.0018852655699730975,0.00011940633203446697,0.0010173787520801375,0.0034868249812208124,3.7993269981303414e-05,0.0030830432277464885,0.05299249851637608,0.0007733990537881599,0.00032600726650719696,0.0014006305496478042,3.3932921481863294e-05,1.2108670749416894e-06,0.0008387871115242548,0.012355750933859284,0.008750949837083462,8.493001183143679e-05,0.8395353740483135,4.3262053284674394e-08,0.0009066277697702575,0.06558024215251307,8.827827578256331e-05,0.00013173443150975205,2.8379060504209333e-05
4,0.006163556886306217,0.000503256724887778,0.001842897512092576,0.00011532475991410923,0.0009744457653380437,0.0033449168976480855,3.7725080129070475e-05,0.0030717280391272628,0.049684190495920724,0.0007479950226394597,0.0003043977358838561,0.0014203423384915714,3.81334316206275e-05,1.258811171348954e-06,0.000754356394375904,0.012865387011263123,0.008646088950077369,8.75596989445924e-05,0.8453175734587204,4.408504778084734e-08,0.0008960183903121529,0.06293355150453596,8.100464795941713e-05,0.00014223143259895442,2.6014924993595485e-05
5,0.005832888607877395,0.0005904975866030717,0.0015374953203775826,0.00015559219555867738,0.0009009112681467462,0.004011215431254239,3.345875934013583e-05,0.003160310322665836,0.05128111204346505,0.0007086778613390102,0.00034483850943258204,0.001269868224849005,3.6116039440996656e-05,1.2002625316099483e-06,0.0008784171323280753,0.013160953724768356,0.008512181070192484,0.00012291627809017623,0.840075436311108,4.8560394628773904e-08,0.0008944549670532537,0.06623917461314648,9.599242519327059e-05,0.00012997322391674468,2.626926092648253e-05
6,0.006014602847577675,0.0005267089497646135,0.0018852655699730975,0.00011940633203446697,0.0010173787520801375,0.0034868249812208124,3.7993269981303414e-05,0.0030830432277464885,0.05299249851637608,0.0007733990537881599,0.00032600726650719696,0.0014006305496478042,3.3932921481863294e-05,1.2108670749416894e-06,0.0008387871115242548,0.012355750933859284,0.008750949837083462,8.493001183143679e-05,0.8395353740483135,4.3262053284674394e-08,0.0009066277697702575,0.06558024215251307,8.827827578256331e-05,0.00013173443150975205,2.8379060504209333e-05
7,0.006349615588663987,0.00048638060606891415,0.0021784356845032916,0.00011984783591337341,0.0010191035099058538,0.00306360548288289,4.1276680704319845e-05,0.00364815779848648,0.05279953995229267,0.000786638820701588,0.00032657528998404726,0.0011476054220139454,3.5758942052736945e-05,1.1780203076609392e-06,0.0008067696384737737,0.010957506411776613,0.008938339601020098,7.543176940423698e-05,0.844816647915046,4.318444765776395e-08,0.0004970651262976199,0.06166357617093271,8.41058891299115e-05,0.00012887697104243197,2.7917687947110744e-05
8,0.01206678531529612,0.00047191311844683103,0.004711934724902415,0.00011452222137870741,0.0013689541906246618,0.0023979823925791882,6.284826148619428e-05,0.003640856552228269,0.05414463586171474,0.00203140509798987,0.0004185143710783383,0.002334613796198613,6.135868384447317e-05,2.739725355774125e-06,0.0009746387466366818,0.010436813856563755,0.014233688531685346,4.534054402738392e-05,0.8257226552264941,7.130833310453559e-08,0.0015014241481814553,0.06265809580079407,0.00017095809059191437,0.0003605588296031767,6.669060396461697e-05
9,0.011248576505272246,0.0006761802425626315,0.0031791279212030166,0.00012973387663178408,0.0012391912144921048,0.0025802606694009774,4.514642414104855e-05,0.003812927490617149,0.05864130687400083,0.00183176481506489,0.0005448653074561078,0.0019147020073174606,4.59035283779866e-05,2.6029248720766227e-06,0.0015563427838176228,0.00827013246013289,0.011974331661772893,6.143562529886082e-05,0.8240034983374933,6.29415578154258e-08,0.0013428005059331458,0.06635914418132731,0.00020033953687552592,0.00026551051721316254,7.411164716706287e-05
10,0.006014602847577675,0.0005267089497646135,0.0018852655699730975,0.00011940633203446697,0.0010173787520801375,0.0034868249812208124,3.7993269981303414e-05,0.0030830432277464885,0.05299249851637608,0.0007733990537881599,0.00032600726650719696,0.0014006305496478042,3.3932921481863294e-05,1.2108670749416894e-06,0.0008387871115242548,0.012355750933859284,0.008750949837083462,8.493001183143679e-05,0.8395353740483135,4.3262053284674394e-08,0.0009066277697702575,0.06558024215251307,8.827827578256331e-05,0.00013173443150975205,2.8379060504209333e-05
11,0.006195595219177528,0.00046999276025291967,0.0019021054962093393,0.0001130368491733196,0.000935666254125446,0.0033090727892719956,3.889629275601369e-05,0.0034317286230082927,0.05172769784964534,0.000807578588027541,0.0002954428085647637,0.0014039157136625634,3.998153226152468e-05,1.102944217770173e-06,0.0007368605123766558,0.012763050742075113,0.009029923758773515,8.278849457781418e-05,0.8413552347403191,4.351671646992244e-08,0.0008361654940546517,0.06427842930835831,7.860747528855908e-05,0.00014208672712107332,2.499550998453088e-05
12,0.00702767791938294,0.0007989249822983313,0.0017685196723578034,0.00010677506116859289,0.011859812267355583,0.013083259858237757,0.00022886922434963184,0.00047730262226422423,0.06101439171419383,0.0005774589063605229,0.0004541339591476972,0.004414514097350962,4.259394509732642e-05,2.9635005205795813e-05,0.0011810298265194634,0.023220718607132325,0.017049085182359976,0.0006510671506727623,0.8029007543741244,2.3266122742538325e-07,0.008409070063121119,0.0419091278261061,0.002073052774865546,0.00046940955260859436,0.00025258274649118164
13,0.010990174848836971,0.0005267181012259719,0.009242298406208972,0.00013197144676362638,0.0017201686123666509,0.0029651545771341753,4.901516538694184e-05,0.012215440433787417,0.053375945257576704,0.0008349019071156969,0.0003421253971808674,0.009763258736236183,0.0001363224780804391,2.5203993401132756e-06,0.0010378898838116562,0.02091533579839378,0.01323319969105755,0.00010791903336992623,0.802206688292724,8.218543134642494e-08,0.002528844673699461,0.0573946358374853,9.189751535740773e-05,0.00015722435359949707,3.0266967829808613e-05
14,0.0017136918437117591,0.001848453695089819,0.001266241055941113,0.00011967131984465288,0.0010890074088544068,0.0031856315632776007,5.085096579210305e-06,0.0009181155772952091,0.034412640212259364,0.0002779386431248814,0.000337816950711187,0.0003350639804459586,1.7486653591512402e-05,3.7219209751265566e-07,0.0005769159266686707,0.008758737366597548,0.0014711792443315036,0.00010824137471642794,0.8917305879297143,3.179618122198961e-08,0.0004880904274206927,0.05128709259692772,2.555625957304438e-05,1.8168475325564915e-05,8.182409719504449e-06
15,0.006014602847577675,0.0005267089497646135,0.0018852655699730975,0.00011940633203446697,0.0010173787520801375,0.0034868249812208124,3.7993269981303414e-05,0.0030830432277464885,0.05299249851637608,0.0007733990537881599,0.00032600726650719696,0.0014006305496478042,3.3932921481863294e-05,1.2108670749416894e-06,0.0008387871115242548,0.012355750933859284,0.008750949837083462,8.493001183143679e-05,0.8395353740483135,4.3262053284674394e-08,0.0009066277697702575,0.06558024215251307,8.827827578256331e-05,0.00013173443150975205,2.8379060504209333e-05
16,0.006965422203672852,0.00039053478697776876,0.0028514021409826416,0.00021455303848486162,0.0011492275483435683,0.0046574328573196965,5.933145728083133e-05,0.0037898774863149966,0.04246314677315717,0.0008174382859385529,0.0006841605808269815,0.0030582345623644596,5.968392339865231e-05,3.2236414691779162e-06,0.0014071615542200259,0.03042034345204512,0.010807920088892704,0.00025094243148670215,0.8300764871664655,1.0270305997207366e-07,0.002409623750353443,0.057119851971187116,0.0001405381313732274,0.0001822618170669715,2.109764731689085e-05
17,0.01754035300056095,0.0004770992442133048,0.0034470451607402654,0.0002043211717366965,0.001926356868375024,0.002624103633995255,0.0001386715410974775,0.004723412730822715,0.05973480813962949,0.0010715936534739946,0.0006644910157412442,0.0028134159847834086,6.881155839299108e-05,3.971915112965192e-06,0.0009843730416767814,0.01570980585426401,0.017615654750528183,9.113840818980006e-05,0.7974623963830217,7.90971332761138e-08,0.0010585615019411338,0.07120943430918185,0.0001363159203827663,0.00022779400098643256,6.599111401804492e-05
18,0.010063662267518663,0.0006361034360053331,0.0010522570009466345,7.706441152881524e-05,0.0010868930670372336,0.0020583587400545473,5.366301151362127e-05,0.0015825526017623583,0.05109009186436165,0.0006627742426603915,0.00030562867091224607,0.0007021395172778604,1.877697412968755e-05,1.55927116994222e-06,0.0006364444599118052,0.004379186273438132,0.01982400565092333,6.586448433225756e-05,0.8300173264873607,2.9281887331262632e-08,0.0004872857196053642,0.07484565249632599,0.00010158587737206017,0.00015930235782640054,9.179183413749076e-05
19,0.006839927616796287,0.0002979033261828918,0.002735535195507704,0.00012607722730518668,0.0010482966100864514,0.003973545115779371,7.18626027222487e-05,0.004905972082501211,0.05865326874570455,0.0017525388858891336,0.00023712370542876724,0.0016153560676703436,5.793634173849121e-05,7.174240928081312e-07,0.0004867776082722153,0.012944456340945596,0.010829996724915187,4.674989914025488e-05,0.8230890097127492,4.9651966636282265e-08,0.0006022352883115638,0.06941740413821432,5.8759732346081847e-05,0.00018360318998622755,2.4896765747258456e-05
20,0.003728332049786325,0.001073367481617543,0.0019762812450012284,0.0001478825458376861,0.000646675760045409,0.004420875347855485,2.2309410189858326e-05,0.0056574371296819895,0.05410069121641036,0.0007381467467687862,0.00044892426681715703,0.0015221987671805246,3.0487154000952e-05,1.0129933236596202e-06,0.0024310030776829596,0.010944040903742108,0.007272026094787566,0.00011811505738679312,0.8215835597747617,4.311901476640374e-08,0.0009718621180035428,0.08194346882873943,8.88748520077585e-05,0.00010480208569670252,2.758197365943016e-05
21,0.00928849912831629,0.0005658462857651105,0.002553091038721662,0.00027157074684295847,0.0013241698141647467,0.0034231687447513204,4.022117545411605e-05,0.0037064342399275706,0.05316395603187974,0.0008183206215732541,0.0009179880665602672,0.002607391906895111,4.8150831794963126e-05,3.28567889339048e-06,0.0015038496218695303,0.021991595839976053,0.007540145703607705,0.00015865538386126282,0.8272462021995141,8.268968083788271e-08,0.001426543959034414,0.06112968778764648,0.0001309854862440856,0.00010959556358451572,3.0561453440670626e-05
22,0.007690439289005562,0.0003793550606994479,0.002693225979722021,0.00021853202314096615,0.0012256526645474017,0.003116599412018341,4.3063939590916076e-05,0.0034502847349116416,0.051979193381370886,0.0013074631395221961,0.0008125699908762012,0.0015604832359016982,4.841391342814141e-05,1.616959895296988e-06,0.0009709332587412434,0.016213827478882753,0.014967403999473872,0.00014800707357889446,0.8265827748050701,9.51565684453723e-08,0.0013117836648292671,0.06500022349403896,0.00012445052318377074,0.00012579019023832786,2.7816630763634743e-05
23,0.006014602847577675,0.0005267089497646135,0.0018852655699730975,0.00011940633203446697,0.0010173787520801375,0.0034868249812208124,3.7993269981303414e-05,0.0030830432277464885,0.05299249851637608,0.0007733990537881599,0.00032600726650719696,0.0014006305496478042,3.3932921481863294e-05,1.2108670749416894e-06,0.0008387871115242548,0.012355750933859284,0.008750949837083462,8.493001183143679e-05,0.8395353740483135,4.3262053284674394e-08,0.0009066277697702575,0.06558024215251307,8.827827578256331e-05,0.00013173443150975205,2.8379060504209333e-05
24,0.006427004697152981,0.0006177957046617969,0.0018630110319533188,0.00019447332108406775,0.0013181775556261675,0.003587707304034886,3.815929914288573e-05,0.0031977155607894538,0.05235095745942063,0.0007959806597353023,0.00048237685833674626,0.0012579749217770863,2.647110386936615e-05,1.6013606957816889e-06,0.0008402049357670389,0.012031429496519783,0.0094827955062721,9.903513500050364e-05,0.8404588103754571,5.575074234448597e-08,0.0010903584726438744,0.06355883560149439,8.540982197153395e-05,0.0001603550587882874,3.330300706187778e-05
25,0.021412774320001313,0.0003324496895664287,0.0045534804311809715,0.00028099100854118286,0.0019042516607680568,0.0020215817070547404,0.00012461428697800144,0.009998668290161349,0.06070922813147764,0.0021297889588864877,0.0016703344049155636,0.003603736673492235,0.00012694751228862068,4.2341446679393665e-06,0.0015172769158537482,0.01874516319288321,0.01671204031711533,0.00013499732490586248,0.789313870800735,1.641886161419672e-07,0.001039271799352741,0.06330227479959094,0.00012336628996552338,0.00019374355199507188,4.4749599006264344e-05
26,0.006454905417609449,0.0003546677822430122,0.0010949339886209275,6.401474817976928e-05,0.0007977188563976953,0.0034621032204555017,3.77138207021361e-05,0.002308096027531925,0.05710412789207473,0.0006923312969946362,0.00012699822171656462,0.0007336229902799875,3.1270911724690194e-05,5.39079174596837e-07,0.00035646368675649976,0.009798098219535183,0.010742656282400316,7.975843172196077e-05,0.8474551918514207,2.937548831065049e-08,0.000810638636725337,0.05720202047958049,0.0001030914648706469,0.0001672316401527636,2.177567764226994e-05
27,0.004885898490537295,0.0007592202179545582,0.0013222762048801745,0.00011142701206092008,0.0007909379114076129,0.0032484997368660046,2.6855506693519302e-05,0.0033022184406286703,0.0601249300789584,0.0006736682203154134,0.00028864011820394826,0.0009360961632720447,2.174183495810287e-05,7.514726803159165e-07,0.0009633345962549654,0.007816932122246885,0.006764613718255799,5.845676170035732e-05,0.8326619647044629,2.5960613810119462e-08,0.0004635766245611633,0.07459705249640532,6.309883531317914e-05,8.413550025166689e-05,3.3647270516460034e-05
28,0.006014602847577675,0.0005267089497646135,0.0018852655699730975,0.00011940633203446697,0.0010173787520801375,0.0034868249812208124,3.7993269981303414e-05,0.0030830432277464885,0.05299249851637608,0.0007733990537881599,0.00032600726650719696,0.0014006305496478042,3.3932921481863294e-05,1.2108670749416894e-06,0.0008387871115242548,0.012355750933859284,0.008750949837083462,8.493001183143679e-05,0.8395353740483135,4.3262053284674394e-08,0.0009066277697702575,0.06558024215251307,8.827827578256331e-05,0.00013173443150975205,2.8379060504209333e-05
29,0.006014602847577675,0.0005267089497646135,0.0018852655699730975,0.00011940633203446697,0.0010173787520801375,0.0034868249812208124,3.7993269981303414e-05,0.0030830432277464885,0.05299249851637608,0.0007733990537881599,0.00032600726650719696,0.0014006305496478042,3.3932921481863294e-05,1.2108670749416894e-06,0.0008387871115242548,0.012355750933859284,0.008750949837083462,8.493001183143679e-05,0.8395353740483135,4.3262053284674394e-08,0.0009066277697702575,0.06558024215251307,8.827827578256331e-05,0.00013173443150975205,2.8379060504209333e-05
30,0.006014602847577675,0.0005267089497646135,0.0018852655699730975,0.00011940633203446697,0.0010173787520801375,0.0034868249812208124,3.7993269981303414e-05,0.0030830432277464885,0.05299249851637608,0.0007733990537881599,0.00032600726650719696,0.0014006305496478042,3.3932921481863294e-05,1.2108670749416894e-06,0.0008387871115242548,0.012355750933859284,0.008750949837083462,8.493001183143679e-05,0.8395353740483135,4.3262053284674394e-08,0.0009066277697702575,0.06558024215251307,8.827827578256331e-05,0.00013173443150975205,2.8379060504209333e-05
31,0.0070833838281272685,0.00045811156526046385,0.0014683303268764505,8.746096703860762e-05,0.0008227963508604882,0.0022440857463409875,3.162236566368976e-05,0.003200840434612949,0.044491342594435775,0.0005413285736469723,0.000246106199414518,0.0013268204833804223,2.7862449007814414e-05,8.345745612734982e-07,0.0006748003474852322,0.011385618021346468,0.008995399816107053,6.900202803477317e-05,0.8464506060768968,3.7526478324944935e-08,0.000885648237336782,0.06931444872592538,4.2518619522803055e-05,0.0001369552503490399,1.4038891289615363e-05
32,0.01178086220213052,0.0013651404903254091,0.005199316669112123,0.009386662762764906,0.021612290400739344,0.01625924185008665,0.0002625645186727372,0.0043005961773634185,0.05389741071393251,0.002948499380323299,0.0009396086056661094,0.0013965543588153073,0.0008702233160114133,0.00016334182454196076,0.0008394256768892736,0.0920141681361926,0.010235124127688584,0.013812679188988007,0.6847455008123073,0.00028353133154839454,0.0011150403316506604,0.0642488191397978,0.0016733960831509032,0.0005181426300329794,0.00013185927126781711
33,0.0038062405661565494,0.0003625368429375093,0.0010110403836091364,5.235738550658052e-05,0.00039079240743265076,0.002336328977194194,2.4345970495421234e-05,0.001835585917990676,0.015789218967473484,0.0002600801435724847,2.5543317708199195e-05,0.0007124133514791217,2.8102081980179707e-05,2.2543167032214015e-07,8.000186083589486e-05,0.011461260538177436,0.00866565402305874,6.438797637667187e-05,0.8887622509815469,1.1364064839439951e-08,0.0004192867642438783,0.06374213925512807,1.060396444699212e-05,0.00015436492337734829,5.226603536931715e-06
34,0.0028490955021887297,0.0006224237726369633,0.0015360447954735415,0.00013358662672121788,0.0009759704009427255,0.008138406289868809,0.00010015682322893387,0.0048302627340202535,0.05603060310078595,0.0009717123010936861,0.0003096951367257585,0.0050003660852880084,2.7117651289922843e-05,1.1911279326688642e-06,0.0010325334364454496,0.027546468203292093,0.023148452705394226,0.00010873512648464265,0.7411250953213395,5.624387151216386e-08,0.002256350656482938,0.12180566646579448,0.00011498199006043609,0.0013017424793368587,3.328502330017945e-05
35,0.006074673606252626,0.0005742912454857058,0.0008458246862346144,0.0001159031347941703,0.0007889312546448127,0.0020466919842538674,5.974939185791879e-05,0.0061927406034556565,0.04945095526029985,0.0012261428887082402,0.0004321702444219819,0.0003477134024061587,2.195203558261031e-05,1.8034260157178122e-07,0.0007217272603305948,0.00593659269735566,0.0055797787583781655,4.449968493527609e-05,0.8474673007619825,2.4003350969917624e-08,0.00010790172086423027,0.07186302572606801,2.5539303978453476e-05,5.103331914455534e-05,2.4656682611614774e-05
36,0.005494656635966236,0.001226810832953064,0.0024441325753533343,0.0001488129469477706,0.0008219613349684038,0.00716486083721612,3.959349379208748e-05,0.0015213932036501738,0.05253370237035378,0.0007339647407363002,0.00042893246828133095,0.00032173237781285145,1.8090162672044666e-05,1.8765805944902172e-06,0.001154327707320858,0.012007734305564299,0.0025125075851490917,0.00012271229942791882,0.8832035095924458,4.4748115584712017e-08,0.0036684876302732635,0.024213808765415835,8.436186287222948e-05,9.116271770691825e-05,4.0822224410231625e-05
37,0.01162199286952914,0.00042077174767706323,0.0019165629453344007,0.0001310827775838836,0.0012822045371352461,0.0029288059708993857,6.141858840913352e-05,0.0029303639451675324,0.035122957229826286,0.0006981604494121653,0.00038327281572109406,0.0015137564526801492,3.450232349178316e-05,4.808602507474537e-06,0.0007216222224562474,0.01316564797376836,0.009256488553536614,0.0001347123241282591,0.8519826423037113,6.142715949125357e-08,0.0010361969763348585,0.06431249530961516,0.00016275838232017513,0.0001361788145399047,4.053445705493671e-05
38,0.02131181644874438,0.0006244978348080591,0.0016160674794446059,0.00012266354030517643,0.0023253629260441143,0.0017899333074042011,3.343127854206406e-05,0.002614534928912657,0.08146148429369868,0.0014615877358042934,0.0006996405229013437,0.0014640700079331492,3.195775326234663e-05,1.5710640684153167e-06,0.0005562479063614336,0.018700526474937182,0.007948628362747444,3.990367572728002e-05,0.79511499149745,5.555912241955752e-08,0.0013243853809146438,0.06042978303278476,5.042496023796276e-05,0.00013927276771836616,0.0001371612601253714
39,0.007810367558162894,0.0006220402762143417,0.001625580949123378,8.145424666519734e-05,0.0005880602501495435,0.005595643162403573,5.4181126445062274e-05,0.003142509690356299,0.04485560068779105,0.0003354892121240744,9.325806226760208e-05,0.0015546256085769911,4.4440806335041964e-05,9.906274056228041e-07,0.0006716436051123525,0.008505232858225895,0.01028921421098014,8.610192290407424e-05,0.8506691919752026,2.980542423591656e-08,0.0005312344210358741,0.06260151565077399,6.222477943717274e-05,0.0001643667060170629,1.5001800865890748e-05
40,0.009040062350808191,0.0007216626966285952,0.0009928764177249898,8.502216594708007e-05,0.0025429275480007172,0.002306907679220377,3.85350585884719e-05,0.004347654243259953,0.0444210473378076,0.00048740620162020015,0.0006470027979426381,0.0009083051709809616,3.123812337019632e-05,4.542491618314387e-06,0.0011412664213727786,0.014909608907697125,0.008809105554924944,6.425207313166798e-05,0.8410372013279409,4.982527909575979e-08,0.0007551552033903507,0.06642504876941109,7.480971961400812e-05,0.00014851286531536708,5.979904840393077e-05
41,0.004454190285439349,0.0009438741686871771,0.0012372663677558261,0.00013992575165749902,0.001223877491922835,0.003125414806211742,1.612863237149093e-05,0.0040096797866842155,0.05749344209098919,0.0005408549110173849,0.000375447309706224,0.0009892848191886186,2.94527599767112e-05,9.940402272449192e-07,0.0008782119130999649,0.015418791416530258,0.0019634105880604667,0.00010216200136837678,0.855749070050842,4.044716866032316e-08,0.00046301370208570155,0.05074420871085221,5.510798767187939e-05,2.9386638354867172e-05,1.676332213015615e-05
42,0.02167059822681612,0.0004908528870223907,0.002556413734991585,0.00013380057105946398,0.0013563489116943256,0.004255863385748571,0.00025465758026257994,0.00253055476995902,0.05477942971358186,0.0011202234068393238,0.00045190562748947076,0.005909440100530481,0.00013444374462291095,8.071320195426305e-06,0.0011155742813827303,0.015651706961475532,0.022441946239701586,0.00020607817733057573,0.8161780745752272,9.439733017705963e-08,0.003300404809150254,0.04438254671276046,0.00015805487322204743,0.0008548399211103447,5.807507049533741e-05
43,0.0033783894832480877,0.0003303925054158008,0.0019264624048439024,9.17984875842305e-05,0.0006577377216248377,0.006322982850446884,2.9809558604307127e-05,0.0034508614044555692,0.05263654408027765,0.0012404632614805983,0.0001121498113819877,0.0011759115233588037,3.506203985863629e-05,3.0075926730165775e-07,0.0005038963180207237,0.013478293441309326,0.009053709534946143,6.618203511945952e-05,0.8379344092331483,3.825801567660841e-08,0.0011159209717284278,0.06623524602004181,7.26180150268032e-05,0.00014004342016627174,1.0776860628393764e-05
44,0.006014602847577675,0.0005267089497646135,0.0018852655699730975,0.00011940633203446697,0.0010173787520801375,0.0034868249812208124,3.7993269981303414e-05,0.0030830432277464885,0.05299249851637608,0.0007733990537881599,0.00032600726650719696,0.0014006305496478042,3.3932921481863294e-05,1.2108670749416894e-06,0.0008387871115242548,0.012355750933859284,0.008750949837083462,8.493001183143679e-05,0.8395353740483135,4.3262053284674394e-08,0.0009066277697702575,0.06558024215251307,8.827827578256331e-05,0.00013173443150975205,2.8379060504209333e-05
45,0.005028837329414346,0.0003456200789516212,0.0017543750343511422,8.703371882241093e-05,0.000726106838488071,0.0034358872165987753,4.4124150106923866e-05,0.005285724205696244,0.04813051094183501,0.0007372646250942385,0.0001811821852888071,0.00137354473278204,3.477760403536075e-05,5.813120596137364e-07,0.0007736518669206318,0.014916300015203618,0.008018170535389965,8.886750963177705e-05,0.8439945986756429,3.231131534550651e-08,0.0006796838676092538,0.06418382884259517,3.549304078976835e-05,0.0001342089219654556,9.594439411479062e-06
46,0.006538291009253343,0.00039035605493036154,0.0018137716509344748,0.00012597715921050555,0.0009134787034928417,0.003163541771190927,3.7525056758679724e-05,0.00296874305253249,0.051348954074051226,0.0008120289086080765,0.0003013996597842826,0.0010030821421230412,3.698765117525094e-05,1.0059878116409023e-06,0.0006774522486574509,0.010710539213177188,0.01780127303894675,7.380256623878703e-05,0.8274378413291177,4.2971787909675544e-08,0.0005981203996266287,0.07298542341584492,8.203890533971712e-05,0.00015128958301372368,2.7033446391672047e-05
47,0.007867567024773193,0.00042638029034625357,0.0018866821896319041,0.0001244626962860953,0.0005978662248768861,0.0027267501824183643,3.9618435792373575e-05,0.0034773901157716357,0.039056420837902346,0.0005769462347671357,0.00013849093365210727,0.0015769230117377686,3.2275386957655424e-05,6.69235023752157e-07,0.00029491196524699206,0.011694479155041612,0.008163916902474443,6.0827501884388235e-05,0.8534559569123347,2.524852547506332e-08,0.0011084718810196253,0.0665179156794243,3.678220605383573e-05,0.0001232374552957556,1.5032292761317827e-05
48,0.009832828583933896,0.00038961579960854686,0.0039004205082346305,7.399866342976336e-05,0.0009270368354250325,0.0031184488115769443,7.344167846777544e-05,0.004424166670918036,0.05632111901000481,0.0010061217579890697,0.00011018262131155171,0.0011056426441742027,5.339210426142614e-05,5.269390541333709e-07,0.00032342278772964217,0.019639090475842023,0.007737813666135807,7.177961540652608e-05,0.821897338252407,3.9076747692527555e-08,0.0008497091809451556,0.06797807890607184,3.958820881576064e-05,0.00011002559112503156,1.6171610384051508e-05
49,0.0036993479890944808,0.0005798924981702433,0.0022383405477164296,0.00012096022926527604,0.0008152827910300355,0.0045454224396864725,3.0377858357878218e-05,0.003542018570298792,0.05367702317536757,0.0007680820223179008,0.00022340945236225303,0.0012872011330629406,3.1599245838268145e-05,5.836432533557219e-07,0.0007079111285097784,0.011561993732143281,0.008153136318598203,5.893871253874759e-05,0.8312158571685955,3.821349625473893e-08,0.0007170382185927972,0.0758285214123814,6.11959932158422e-05,0.00011354161344653393,2.2285892659892372e-05
50,0.0075673257702515906,0.0003109463639992532,0.002035306547161917,0.00011307860909930572,0.0011111040665306043,0.002408262631759185,6.411075313558597e-05,0.0038596249837602385,0.05201096396305288,0.0011986662366047151,0.00036085101442344327,0.0017293197508362502,2.845127515207155e-05,1.932621655579192e-06,0.000595297908567424,0.013201921893902704,0.01070589137929462,7.166689355676374e-05,0.8414782796223536,5.633044189029942e-08,0.0007429977256439005,0.06013855244044972,7.404339351622618e-05,0.00015957922007583727,3.176860477497207e-05
51,0.0026210497602242627,0.003893113048656316,0.0013262435316492235,0.0003615326807068018,0.0005896596761142353,0.0035547289287141165,7.443491445288711e-06,0.00528296928389017,0.05736171522621428,0.00035590980489067577,0.0006088581142201922,0.0006181091774223816,1.6849592965905528e-05,5.546091194052149e-07,0.003006307215265476,0.006020931072403722,0.00289804863120872,8.413632517736733e-05,0.8093040570566575,2.503067682030522e-08,0.0003037101541635507,0.10167825593968796,4.522816618470809e-05,3.024464572633319e-05,3.0318836615176445e-05
52,0.004652222865744115,0.00034431226400336197,0.0014667039949730026,0.00014174678705152204,0.0008374763865312076,0.0058481459104702095,2.6696208910440257e-05,0.005846877304361176,0.05424271605856197,0.0014397589239488976,0.0003811169894832169,0.001823683784600985,3.6178244928998387e-05,9.132953175397586e-07,0.0011191206877485941,0.015058484074671055,0.0051606754583655625,0.0001511225436676928,0.8451596921639002,5.7473802027220706e-08,0.0005618763147648636,0.0555116148627353,6.112164294545672e-05,0.00011353662686243568,1.4149131650328293e-05
53,0.011995826473735014,0.0003346084837043881,0.004003482848436869,0.00026387929936671855,0.0025073055486398267,0.006517815589975151,0.00031629524990246663,0.00430807155580152,0.07121021938342462,0.0021278713768446526,0.0010449466247009712,0.003938770016232734,9.518882380665683e-05,5.0933526369978615e-06,0.0017400739718613652,0.02949562837242652,0.019626042585572476,0.00023029505271782464,0.7735743982404051,1.8966000716306966e-07,0.0027705148636063097,0.0630270672062701,0.0004599465092194806,0.0003415973795973536,6.487153110781789e-05
54,0.004872259900197006,0.0014117641033594686,0.0009786244315376064,8.901004217508792e-05,0.0007398700297862591,0.0027987656518161626,2.7463121132343835e-05,0.0019946247018772993,0.05158818671092037,0.0003839338108672693,0.0002383214511561362,0.0007567061280199997,1.3531656544035365e-05,1.2457668327741207e-06,0.0012455678919922472,0.005737922253864901,0.005113184010425518,4.684188028266567e-05,0.8433536378471725,1.4001484454800265e-08,0.0003660033087953738,0.07804486213484034,5.405502199784464e-05,8.587882693306485e-05,5.772531598960135e-05
55,0.006394641997788296,0.0004264218545938181,0.0019770825469801853,0.00012587306612525925,0.0010614661259690105,0.004157107139153315,5.0813529524976164e-05,0.004505511932374628,0.05660135480762283,0.0007866436660700266,0.00031263369813048125,0.002435939365837186,4.6816494730185726e-05,1.5114425753226562e-06,0.0008737574581264289,0.01738263849265284,0.009085108358668999,0.0001090851190249388,0.8257269936343472,5.380951498100458e-08,0.0008806598940214997,0.06678430779578119,8.918021285826774e-05,0.00015676241222083043,2.7635145307039464e-05
56,0.006036849686166132,0.0004856205159203873,0.001887255644899656,0.00011914738196437346,0.000962007740095873,0.003504829320688457,3.8510823285724806e-05,0.003342761686926875,0.05207357536870706,0.0007983849263721597,0.0003011304645476542,0.0014160429167759672,3.9031898525839784e-05,1.1214457755104118e-06,0.0007568474811889784,0.013001356443754615,0.008785709509786967,8.585573733943076e-05,0.8407389101778224,4.473976383225388e-08,0.0008680180935400097,0.06451251161116926,8.136888306715382e-05,0.00013770033889064063,2.5407163025179513e-05
57,0.006494103687040766,0.00044435087024412273,0.0005477325420638856,8.542754413758596e-05,0.0012022735458694434,0.0036296813615449815,3.735359849174421e-05,0.0024778847415263937,0.05275779042508342,0.0008929054807484359,0.0002270404344100138,0.00136178144616912,1.5101931253288377e-05,9.018678561869967e-07,0.0005762541401591604,0.009368914233366362,0.007319759102262833,6.670350823733766e-05,0.8472326976076975,5.055972923648526e-08,0.0008920406108242991,0.06418482723069845,6.169993241479494e-05,0.00010142673306949541,2.1296865101327252e-05
58,0.005609559569556051,0.0004596803561978719,0.0017271938064355424,9.574061799590846e-05,0.0008488850859626087,0.003642317043951449,3.8072016511864925e-05,0.0030208566210999078,0.048468263383775294,0.00081152747906046,0.0002203394695540935,0.0013583371930805486,3.8401547132098085e-05,1.0342403828491752e-06,0.0006659173075313189,0.012086734324058775,0.0092394573764091,8.324593015883341e-05,0.8467340374065384,4.04780183279255e-08,0.0008887553496545099,0.06367689443524917,8.306922140731384e-05,0.00017713869056338346,2.4501049714411222e-05
59,0.005792162298293645,0.0004629183877495679,0.002154649824356045,0.00010094104783355374,0.0009412520901043735,0.0034719396369868403,3.964029496150093e-05,0.003186178240943592,0.04916097853845893,0.0008157189880668254,0.00024640263066929983,0.0014593390086869223,4.108735580194658e-05,1.078417506773713e-06,0.0006850369934971901,0.012886535729165306,0.009648193896065449,7.859459365059671e-05,0.8437234774206286,4.557454500359528e-08,0.0009954503986382749,0.0638230268832047,8.535449506494146e-05,0.00017523030545625655,2.476694966403407e-05
60,0.006014602847577675,0.0005267089497646135,0.0018852655699730975,0.00011940633203446697,0.0010173787520801375,0.0034868249812208124,3.7993269981303414e-05,0.0030830432277464885,0.05299249851637608,0.0007733990537881599,0.00032600726650719696,0.0014006305496478042,3.3932921481863294e-05,1.2108670749416894e-06,0.0008387871115242548,0.012355750933859284,0.008750949837083462,8.493001183143679e-05,0.8395353740483135,4.3262053284674394e-08,0.0009066277697702575,0.06558024215251307,8.827827578256331e-05,0.00013173443150975205,2.8379060504209333e-05
61,0.005832810145202799,0.0004733954729555924,0.0020962808812583483,9.663438819845958e-05,0.0009821326031140567,0.0033924161379706285,3.861922653385809e-05,0.0029317208864908222,0.05004240289642639,0.000780104126903898,0.00025657244473814014,0.001450089602468668,3.684763601519498e-05,1.1141872213552539e-06,0.0007040158299353998,0.012437347750237271,0.009308346760196165,7.512832701754278e-05,0.8442585773440101,4.26126334661579e-08,0.001010121740584632,0.06352303377839394,8.584210741765094e-05,0.0001603812602072367,2.6021853868205668e-05
62,0.006014602847577675,0.0005267089497646135,0.0018852655699730975,0.00011940633203446697,0.0010173787520801375,0.0034868249812208124,3.7993269981303414e-05,0.0030830432277464885,0.05299249851637608,0.0007733990537881599,0.00032600726650719696,0.0014006305496478042,3.3932921481863294e-05,1.2108670749416894e-06,0.0008387871115242548,0.012355750933859284,0.008750949837083462,8.493001183143679e-05,0.8395353740483135,4.3262053284674394e-08,0.0009066277697702575,0.06558024215251307,8.827827578256331e-05,0.00013173443150975205,2.8379060504209333e-05
63,0.005042616198354127,0.0006726055761126802,0.001584265303353819,0.00011109937995699046,0.0008986656712961751,0.0034252103641149423,2.8333802393570652e-05,0.002761850755556079,0.05252701906012226,0.0006111023423170705,0.0002903289392767888,0.0011058753653147401,2.7054123412179533e-05,9.810073956191536e-07,0.0008626866923540563,0.01043150667987132,0.007486289340595909,8.040561040112868e-05,0.8435688719184661,3.462241990427235e-08,0.0007784107516057763,0.06749042238494934,7.833880168270101e-05,0.00010820390468156638,2.7821403995578656e-05
64,0.005258826887362947,0.0005430460815305435,0.0025449967117479864,0.00012060481203380905,0.0010844259396404084,0.004058215462410087,3.6300323766108156e-05,0.002805024995809999,0.052223819101109736,0.0007592355765667526,0.00031682479614871884,0.0016274488059659698,3.439237727902486e-05,1.2150726783083882e-06,0.0009008975493752067,0.01436281034207451,0.009929517241023532,8.461900515314909e-05,0.8355261811337894,5.021446069559691e-08,0.0015044281938684085,0.06598900739402681,0.00011483520897862,0.0001456656679902972,2.7611105209050294e-05
65,0.006288155535728277,0.000500882514913788,0.0018605064265106548,0.00012101407548064978,0.001002623226584095,0.003264317602769315,3.79187840292037e-05,0.002992388600480574,0.05338761795530934,0.0008359584754251086,0.0003485481259429918,0.0013835799641829364,3.274391042530766e-05,1.19865118274471e-06,0.0008013565701911222,0.012275708701968988,0.00875302266646193,8.21388786239435e-05,0.8388379329297685,4.345974879283712e-08,0.000959279866934818,0.06599307028654666,7.885077687658684e-05,0.00013446422246029462,2.6677791453147684e-05
66,0.005170337790740626,0.00026264462304713567,0.0023805180065231343,0.00010008764558009424,0.0014789967589918353,0.0029800067669074437,3.9009268535343856e-05,0.0031424276406349645,0.05269831346994854,0.0008263672090659272,0.0002439081149613136,0.0015097226104958015,4.3169009976479244e-05,1.0144734177977786e-06,0.00027922937812531847,0.014564881584234309,0.009566560803871443,6.137731255428845e-05,0.8447913552800117,5.961644517367783e-08,0.0009614324581908951,0.05867477967458947,6.0039267795130024e-05,0.00014629357041937884,1.7467664936745375e-05
67,0.0037827158878849924,0.001064833764767356,0.0015012447724463388,0.00012091455519884403,0.0006486846718908644,0.009112693683603021,3.151377693513722e-05,0.0017364796655590957,0.0476300586748006,0.0005335583855285257,0.0002276354253323489,0.0011674559759161525,2.8338269388295832e-05,1.319860072343503e-06,0.0013099920015729617,0.010935047458333087,0.009872270354037996,0.00016027944832673095,0.8322320285756656,4.591451025544218e-08,0.0021100181694113616,0.07529409112102793,0.00028726709308998593,0.0001579574522417607,5.3555042458265864e-05
68,0.0038836574700343834,0.0005307920411278738,0.0018713291036473222,0.00013642458024357225,0.0010465631651392752,0.01137315856716721,7.037135213237573e-05,0.004990709632532696,0.05803679965205372,0.0012616415344376345,0.00035844567133937145,0.00512660872379948,3.854294984024453e-05,1.3346770037533626e-06,0.002202161474050184,0.01391941150025494,0.008795763136003006,0.00019412942051621343,0.8112931748257953,9.582366848357177e-08,0.002548408300060974,0.07197147427627917,0.00016993354569729184,0.00014858900177733744,3.0479575398331067e-05
69,0.005919897249910286,0.0007069229704983102,0.002054617706598253,0.00025144831268686927,0.001383585003338055,0.0046050138616181195,3.657174425071371e-05,0.0034964027628631737,0.06818574790468608,0.0010850588022306407,0.002164846062506414,0.0015921045899098033,3.3974339068944346e-05,1.4653002044251204e-06,0.0037532250576455713,0.011679973662879485,0.009259723951077626,0.00017848300206313274,0.8110223957688857,1.3486699061935417e-07,0.0012830655741944736,0.07077770601278227,0.0003478437784797636,0.00011900812150461634,6.078359312674609e-05
70,0.005104424167148097,0.0004972544705421179,0.0025671994112181316,0.00020402069207407702,0.001430793062540058,0.005560833524623186,4.8157105422151626e-05,0.0036144588766646372,0.0651626739757111,0.0010478434612847004,0.00044095580476197856,0.0016619595374021126,4.253197988081264e-05,1.0345341638012332e-06,0.0009251483366558679,0.01769915908638743,0.007226582182866974,8.446435940317291e-05,0.8195854823353842,6.382961239706723e-08,0.0010750054302141245,0.06578407326097147,0.00010422714419801387,0.00010826801982306718,2.3385411046129118e-05
71,0.01132217300220004,0.00011175030264843816,0.0023649832123130237,9.97909505663991e-05,0.001926580501072549,0.003414386647474999,0.00025316199995197676,0.005950803076886233,0.06270911138245915,0.002095094676860092,0.00021868496731748698,0.0020085926489901234,0.00011016452385973384,1.6296456961068138e-06,0.000250342125731986,0.016983904656959967,0.022209937396001193,5.7659406569606674e-05,0.8093089855378958,8.04827333044827e-08,0.0005501694474988136,0.05742869636450707,9.054596079940077e-05,0.000493612292662045,3.9158790344284335e-05
72,0.005706211643254336,0.00023898673876748935,0.001936931563166012,0.00012055789068095301,0.000855108293210712,0.0053614850236986126,5.992484512457066e-05,0.003796135825326367,0.046420394727420836,0.0006715412915180381,0.00012476122079329256,0.0014575453777840217,3.705187078059389e-05,8.450356841066846e-07,0.0003181284630494005,0.015146130814590247,0.009019891961391132,0.00012571422092070314,0.8431476005731917,5.6428886288202794e-08,0.0009531846193683305,0.06429755914064912,5.572397186383957e-05,0.000140653683412799,7.874775466691455e-06
