,0,1,2,3,4,5,6,7,8,9,10,11,12,13,14,15,16,17,18,19,20,21,22,23,24
0,7.926884865161173e-06,7.867301289666687e-06,0.0015089875025582728,0.06321177760973515,0.0004172502262298159,2.435937398242385e-05,5.7928402738441614e-05,0.00011809613339419196,1.8348474438925044e-05,0.0029411592829131044,5.109462139537854e-07,0.0023985856994965023,0.004660322594941303,0.002962835736911553,8.314447398044617e-09,0.0023510199630081725,8.977325431643065e-05,0.0016171036232273596,8.799983597999026e-08,0.9137435184209296,0.0010564708317850487,3.451246508832725e-07,0.0024718689857864576,0.0002410473118061405,9.280000049807679e-05
1,1.0171233517811587e-05,1.1469723114523712e-05,0.0019820381184237064,0.047026684884482056,0.0003971530288673408,2.1160410404041474e-05,6.32083957383094e-05,0.0001534570056876453,3.717993872642532e-05,0.003206071913048042,3.246774203482497e-07,0.0025397490932062092,0.00786418084620724,0.0013697380731293707,1.1123065407697383e-08,0.004619416008603552,8.143721405259837e-05,0.001550437021856526,1.332609284793152e-07,0.926131849973361,0.0014141520109239702,4.183042565195893e-07,0.0010747220336653962,0.0003567381169225152,8.80975903912074e-05
2,1.9857669301884318e-05,3.0015275747202493e-05,0.0016874651393063386,0.0814176439755696,9.516018249200654e-05,8.444868656309009e-05,9.513997501657744e-05,0.00027364916107756534,4.2298308734618336e-05,0.008824207397456867,6.988802059956159e-07,0.002499185531546742,0.010053550402525898,0.0015892538012335575,1.1176488605473934e-08,0.008763103969259892,0.00013223907301240928,0.0021779077099729465,7.725955946765586e-07,0.878837819189958,0.0013290891792465268,4.853745622663629e-07,0.001379795501972083,0.0005698549992250722,9.634684392939047e-05
3,9.50349424093905e-06,1.1559243083237012e-05,0.001650342874879153,0.04968206663477158,0.0004056162141491012,2.0049276328175566e-05,6.074202762288073e-05,0.00014927944142499944,3.1076626831383544e-05,0.002995725311470243,3.452683747292112e-07,0.002542623978507466,0.007256842535352704,0.0015042268301410238,1.0104923085864076e-08,0.003756432794943666,8.777211248440815e-05,0.0015697377863348816,1.1496647308153269e-07,0.925367177167808,0.0013222726310407537,4.284007215982441e-07,0.0011586075752576977,0.0003258412066552635,9.160549618004643e-05
4,9.661572057276736e-06,1.1368170266099829e-05,0.0015903376060634694,0.04866264395420184,0.000406359096145042,1.9745377048410514e-05,5.929562729186367e-05,0.0001421846838275445,3.193255932068657e-05,0.0028002110033713413,3.430564989623791e-07,0.0027128874356168752,0.008158920954493049,0.0015124648977723298,1.0127955742765518e-08,0.0037013263225179087,9.168480397437049e-05,0.0015806003164904017,1.1593757478073746e-07,0.9256125001702172,0.0013507375308026534,4.4588697344486076e-07,0.001121821652900478,0.00033000596574702404,9.239529087138003e-05
5,1.1438909706800688e-05,1.1387243426422943e-05,0.010809113729006115,0.015659437740353846,0.00037814566155134363,2.8317930519861705e-05,0.00034249636956373814,0.001392204566498362,8.102762627243942e-05,0.0031365545817987938,5.48318455097743e-07,0.002618362252008903,0.00956087015926438,0.001547241451393946,5.045037116725818e-08,0.01642658917376501,8.054603703895273e-05,0.0006435807105576631,1.0455707309769027e-06,0.9336763994139798,0.0018550995562876438,3.416456535528857e-07,0.001170769288219747,0.0004781035504183337,9.032806315695947e-05
6,9.50349424093905e-06,1.1559243083237012e-05,0.001650342874879153,0.04968206663477158,0.0004056162141491012,2.0049276328175566e-05,6.074202762288073e-05,0.00014927944142499944,3.1076626831383544e-05,0.002995725311470243,3.452683747292112e-07,0.002542623978507466,0.007256842535352704,0.0015042268301410238,1.0104923085864076e-08,0.003756432794943666,8.777211248440815e-05,0.0015697377863348816,1.1496647308153269e-07,0.925367177167808,0.0013222726310407537,4.284007215982441e-07,0.0011586075752576977,0.0003258412066552635,9.160549618004643e-05
7,2.4968506379965916e-06,1.1140148279440511e-05,0.00013482100773403542,0.06579811391409413,0.00034330010748007643,1.7602605531680413e-05,2.710578979399165e-05,8.824603132842418e-05,1.4572368034316471e-05,0.002614233155393892,3.0708502418797623e-07,0.0015704274599473028,0.0020411937474887785,0.001504065995729728,1.0952711251893984e-08,0.003496226905137875,8.933777412009148e-05,0.0010450352623719505,4.644961254605831e-08,0.9182773511656983,0.0016448694327780118,1.1400517765320712e-06,0.0011299659708248321,7.008564182232527e-05,7.830412664837676e-05
8,9.44392186155491e-06,1.0916886635663008e-05,0.0018868624530103126,0.052599957316925086,0.0004317236298254913,1.885357931085504e-05,5.802245403746282e-05,0.0001353861738668854,2.434790091365612e-05,0.003025867504650117,3.186447017712428e-07,0.0021201066418671615,0.006043726436140504,0.0014829936321092108,9.485024497963613e-09,0.003129130186235111,0.0001229096666423701,0.0012376161464257914,1.084816402873108e-07,0.9255157621811628,0.0010066006951292303,2.78834918470738e-07,0.000706563894082127,0.00033978474491848127,9.270850796514794e-05
9,8.248024535830393e-06,1.1348126118321707e-05,0.0016100995328400978,0.05603497148559895,0.0004270014230469798,1.969090878314195e-05,5.396756124472456e-05,0.00011748893493310339,2.4482314468750353e-05,0.0032817347411001757,3.283533743437676e-07,0.0021624056480895647,0.005520919349767495,0.0014983587475903698,8.819551408329669e-09,0.003178903655890692,8.303425659516492e-05,0.0012219155844352173,9.888859831640171e-08,0.9219849584767141,0.0011981113284624193,3.128556326796321e-07,0.0011734176211547112,0.0003029895663714077,8.520379510225258e-05
10,9.50349424093905e-06,1.1559243083237012e-05,0.001650342874879153,0.04968206663477158,0.0004056162141491012,2.0049276328175566e-05,6.074202762288073e-05,0.00014927944142499944,3.1076626831383544e-05,0.002995725311470243,3.452683747292112e-07,0.002542623978507466,0.007256842535352704,0.0015042268301410238,1.0104923085864076e-08,0.003756432794943666,8.777211248440815e-05,0.0015697377863348816,1.1496647308153269e-07,0.925367177167808,0.0013222726310407537,4.284007215982441e-07,0.0011586075752576977,0.0003258412066552635,9.160549618004643e-05
11,9.570945860783583e-06,1.1172213590673942e-05,0.0016339789327017404,0.048664030816325816,0.0004038276350680637,1.968832589999778e-05,5.988434629454433e-05,0.00014547983631000986,3.157642575826267e-05,0.002853085134831502,3.412485821301615e-07,0.002602444837095152,0.00782609092261304,0.0014772965677080996,1.0014974224349943e-08,0.0037500322858864273,8.921936044880958e-05,0.001556144271571686,1.1584334781017893e-07,0.9259842382325403,0.0013281174059327672,4.3004516220592635e-07,0.001128687378095592,0.00033437644188542815,9.01605315150259e-05
12,1.0362638434941923e-05,1.2955675302850734e-05,0.0008065405966293278,0.05006605190976427,0.0003379397379907131,2.8807972617860532e-05,9.019774528664619e-05,0.0001735181371127321,2.3268467765463938e-05,0.004494884348355296,1.1825589482842258e-06,0.0016616546336180264,0.008496389003860117,0.0006119246763071728,1.6175305889944677e-08,0.003634950672391303,5.8817071153145424e-05,0.00241953573727758,1.9796295778301448e-07,0.9237529553338435,0.0013257047173548184,3.975612066357659e-07,0.0017557503681758365,0.00018184578562321915,5.415051271682555e-05
13,8.881973967450985e-06,1.2191629882375342e-05,0.001417860030937879,0.0514202246698174,0.0004039888957653077,1.9019551734944474e-05,6.133955297877523e-05,0.00017208171163223608,2.8080898247906752e-05,0.003447865681798814,4.3111836343932873e-07,0.0030403451303461578,0.007156531756404485,0.001778904855071288,1.0302188042319679e-08,0.003566441322796492,8.831360799441377e-05,0.0014821834586242282,1.1556996402544835e-07,0.9228146468771348,0.0013210285539147605,5.02285085225884e-07,0.0013453220447058093,0.0003153996822299124,9.828883841344248e-05
14,9.516920806492485e-06,4.228401870232266e-06,0.0013959915004754413,0.04956864290099576,0.00015496514911594698,2.12127073672443e-05,5.86285571508521e-05,0.00015278092695254232,2.9987871633594985e-05,0.002929420399878154,3.106724516932019e-07,0.0023563914948902835,0.00719601526402563,0.0012687009085495906,9.04726193274366e-09,0.0039054856194946307,9.174675763693516e-05,0.0015767514404786062,1.0830745733718966e-07,0.9264369972302517,0.0012290996434519768,4.390352382758688e-07,0.001185383618235822,0.0003405222010157976,8.666342331351062e-05
15,9.50349424093905e-06,1.1559243083237012e-05,0.001650342874879153,0.04968206663477158,0.0004056162141491012,2.0049276328175566e-05,6.074202762288073e-05,0.00014927944142499944,3.1076626831383544e-05,0.002995725311470243,3.452683747292112e-07,0.002542623978507466,0.007256842535352704,0.0015042268301410238,1.0104923085864076e-08,0.003756432794943666,8.777211248440815e-05,0.0015697377863348816,1.1496647308153269e-07,0.925367177167808,0.0013222726310407537,4.284007215982441e-07,0.0011586075752576977,0.0003258412066552635,9.160549618004643e-05
16,1.1392936716249738e-05,1.1909126245175676e-05,0.0020763451602725112,0.04984903265044784,0.0004439029486112936,1.9946871214723206e-05,6.164389127578047e-05,0.0001521308652237859,3.2947840232100715e-05,0.00303780537540926,3.476733267605e-07,0.002206242562733383,0.007478242724237136,0.0014956376870278133,9.628502918912848e-09,0.003682303054281327,8.57828222235689e-05,0.0015476628979176294,1.1681688112925495e-07,0.9251736851897079,0.0010477417970018697,3.2542986700521763e-07,0.0011259682276196538,0.0003691490851537592,8.972673786948757e-05
17,9.566517686577387e-06,9.951284546099465e-06,0.0019491513910312908,0.05127414676578121,0.00038414157187491483,1.8935610268682235e-05,6.183725798941732e-05,0.00015147355198898315,3.3912394055212726e-05,0.004296535876988325,3.4069231153208744e-07,0.002473206461060805,0.006955895743138814,0.0015065889645850894,9.667224264098188e-09,0.0038973254811666964,8.235067189307702e-05,0.0016613404004210352,1.12242868247936e-07,0.9223096998012125,0.0013227909283926233,4.012240727331712e-07,0.0011518566220193782,0.00034949334484342816,9.893553257947893e-05
18,9.431478022261806e-06,1.0946264200801144e-05,0.001719665669140598,0.05043798612488733,0.0004066351734358663,2.383851333035105e-05,6.111763675509715e-05,0.0001525639187704786,3.1496190487682815e-05,0.0030010548193562803,4.20444872952412e-07,0.0025275548200939034,0.007111410542369613,0.001328463615445803,1.016122889981942e-08,0.0038356327973795624,7.352345868557843e-05,0.0015641125553717539,1.1223998054287992e-07,0.9246736433658694,0.0012970784907278367,4.1733887115923535e-07,0.001299017937213173,0.00033849460773386275,9.537183576901584e-05
19,8.80075685721896e-06,1.230610772147193e-05,0.0016332232263783972,0.05086441168195896,0.00039218466162345216,1.9051973785953035e-05,6.759470645420039e-05,0.00014077996821352504,3.06192172121353e-05,0.0030121473613161764,3.424601759108368e-07,0.003041536149502476,0.007260643070315137,0.001540512156303219,1.0288483546019356e-08,0.0035691783233396733,8.686474391335809e-05,0.0014715394188312644,1.0681621482215112e-07,0.9239072689500939,0.0014096525698252768,4.533471923914654e-07,0.0011411174261010987,0.0002972049558269522,9.244966235956706e-05
20,8.978518385937677e-06,1.1002601531443331e-05,0.0016263582746851944,0.04942883725265802,0.0003735585096476155,1.994191464196993e-05,6.14391516215815e-05,0.00015657578884877002,3.0973673311347604e-05,0.002935446412571624,3.508130976469194e-07,0.0025688046908186562,0.00724043054325177,0.0015008586295347992,1.1276156112755327e-08,0.0037768027633865438,8.735192249890287e-05,0.0015736095329005198,1.194029303236043e-07,0.9256845742826223,0.001331267775367773,4.380830335356425e-07,0.001162765632279754,0.00032521157806427136,9.429097615331638e-05
21,9.581288617670447e-06,1.1395010669764666e-05,0.0016776933994077212,0.04979249662264146,0.0004031918431909252,1.8450999838739476e-05,6.049815834070049e-05,0.00015045624426591062,3.0924122177834816e-05,0.0031875979298492656,3.1230892609525493e-07,0.0025356638875585176,0.007214171466611788,0.0014635928349490618,1.0066913996716112e-08,0.0037185886050520216,8.733286361140084e-05,0.0016381930075492004,1.1359657360429179e-07,0.925242869010454,0.0013232962060215478,4.309722291314554e-07,0.000993687592543406,0.0003270799674349074,0.00011237199457128092
22,9.45178720505592e-06,1.1358036390681694e-05,0.001581606037311196,0.05053200463965215,0.0004182043617219025,1.942389901509301e-05,6.425204638073043e-05,0.00015182204817412395,3.0140230812814522e-05,0.003143990583692104,3.420802109000613e-07,0.00284382989824058,0.00711336483305702,0.0015047917324714204,1.0342253752586337e-08,0.003833061191907419,8.308265522825409e-05,0.0013948280794622472,1.1816573564053569e-07,0.9243904049284581,0.0012856333491937902,3.941495753742107e-07,0.0011606293405829117,0.00032592732949366266,0.00010132825377314713
23,9.50349424093905e-06,1.1559243083237012e-05,0.001650342874879153,0.04968206663477158,0.0004056162141491012,2.0049276328175566e-05,6.074202762288073e-05,0.00014927944142499944,3.1076626831383544e-05,0.002995725311470243,3.452683747292112e-07,0.002542623978507466,0.007256842535352704,0.0015042268301410238,1.0104923085864076e-08,0.003756432794943666,8.777211248440815e-05,0.0015697377863348816,1.1496647308153269e-07,0.925367177167808,0.0013222726310407537,4.284007215982441e-07,0.0011586075752576977,0.0003258412066552635,9.160549618004643e-05
24,9.3778176125972e-06,1.1569378809448945e-05,0.001310827462828003,0.05020649855533708,0.00040364357453256684,1.9015580380921436e-05,5.4517185218319475e-05,0.00013484635271224577,2.7064521707375675e-05,0.003773155524621432,3.2140639616340676e-07,0.002334096652609335,0.006966356614894791,0.0015030438422379009,9.299006484384585e-09,0.003527916975693177,9.038958629170635e-05,0.0016154428044783237,1.0502255226149334e-07,0.9253115402753284,0.0011474034348667973,4.0000432429141173e-07,0.001100523397700825,0.00029737661286632417,0.00015455811699301346
25,1.1629440032401494e-05,1.2632118415073324e-05,0.0018313540460308123,0.04732795290221758,0.0004220300381419522,2.3487691644732624e-05,5.900753504641547e-05,0.0001243598056835116,3.513229006144191e-05,0.0031207289942792238,2.5552155263208374e-07,0.0025146088041967064,0.008049702165574985,0.0011403771804229387,1.0757306243378273e-08,0.003787847192637374,9.590429320820245e-05,0.001713277050715796,1.2201422247250251e-07,0.9268219522970249,0.001436582494403745,4.202493937550969e-07,0.0010308936496269286,0.00033976664408662103,9.996482407390045e-05
26,1.0063934607563194e-05,1.9017101615848776e-05,0.0019814148557037474,0.04529193899263736,0.000432552934354917,2.1193571661816034e-05,7.834570394964231e-05,0.00015155544395551154,3.487585162158969e-05,0.0031420610875429345,3.486548935709351e-07,0.002104438379336791,0.008979277670553542,0.0016994404668437082,1.7065891296921206e-08,0.0038964112541482886,8.813498360428922e-05,0.0017033860555320105,1.2629886572058334e-07,0.9274211444271616,0.0011960585117266416,3.424934830181821e-07,0.001163425164654274,0.0004901774241524089,9.425167150171814e-05
27,8.994697574717895e-06,1.1376436529315949e-05,0.0015359232710184228,0.049873135277583,0.00038860615495275625,2.0482369384998773e-05,5.852407783881829e-05,0.00015834462689779053,3.187924373794766e-05,0.0028627748935224893,3.5714556162914593e-07,0.002595127724634012,0.00703555580490087,0.0015263004955340467,1.1169440508696278e-08,0.003928205458951343,8.786552037437697e-05,0.0015170100747153954,1.2219311139311505e-07,0.9254153400521703,0.001369252367733223,5.125603680675652e-07,0.001155897347119789,0.0003225387012885953,9.586233505597412e-05
28,9.50349424093905e-06,1.1559243083237012e-05,0.001650342874879153,0.04968206663477158,0.0004056162141491012,2.0049276328175566e-05,6.074202762288073e-05,0.00014927944142499944,3.1076626831383544e-05,0.002995725311470243,3.452683747292112e-07,0.002542623978507466,0.007256842535352704,0.0015042268301410238,1.0104923085864076e-08,0.003756432794943666,8.777211248440815e-05,0.0015697377863348816,1.1496647308153269e-07,0.925367177167808,0.0013222726310407537,4.284007215982441e-07,0.0011586075752576977,0.0003258412066552635,9.160549618004643e-05
29,9.50349424093905e-06,1.1559243083237012e-05,0.001650342874879153,0.04968206663477158,0.0004056162141491012,2.0049276328175566e-05,6.074202762288073e-05,0.00014927944142499944,3.1076626831383544e-05,0.002995725311470243,3.452683747292112e-07,0.002542623978507466,0.007256842535352704,0.0015042268301410238,1.0104923085864076e-08,0.003756432794943666,8.777211248440815e-05,0.0015697377863348816,1.1496647308153269e-07,0.925367177167808,0.0013222726310407537,4.284007215982441e-07,0.0011586075752576977,0.0003258412066552635,9.160549618004643e-05
30,9.50349424093905e-06,1.1559243083237012e-05,0.001650342874879153,0.04968206663477158,0.0004056162141491012,2.0049276328175566e-05,6.074202762288073e-05,0.00014927944142499944,3.1076626831383544e-05,0.002995725311470243,3.452683747292112e-07,0.002542623978507466,0.007256842535352704,0.0015042268301410238,1.0104923085864076e-08,0.003756432794943666,8.777211248440815e-05,0.0015697377863348816,1.1496647308153269e-07,0.925367177167808,0.0013222726310407537,4.284007215982441e-07,0.0011586075752576977,0.0003258412066552635,9.160549618004643e-05
31,1.231928369017153e-05,1.2019942055837708e-05,0.0022679113769626482,0.04819312998730024,0.0004102706159976105,2.0076858568278368e-05,6.931037942857595e-05,0.00019434430926340243,3.03734918537335e-05,0.003235080654113751,3.473068803544867e-07,0.0024997448660426195,0.007745299266247009,0.0015137271666255262,1.0256665794675402e-08,0.0036838611895714133,9.099821876350179e-05,0.0017941281147573845,1.3272425607395457e-07,0.9254348394829037,0.0012142752001690566,3.995968224152199e-07,0.0011360395884955484,0.0003440316610122652,9.732846155287906e-05
32,9.950351419329129e-06,1.1932391135053593e-05,0.0017018396631088525,0.04912959812962769,0.00041161191491262113,2.056553378240502e-05,6.21808425689324e-05,0.0001551973776153224,3.2217702516037815e-05,0.003050118462835568,3.5249191581862305e-07,0.0026101854014118843,0.0074646277017764405,0.0015042614579503875,1.0574896425560503e-08,0.003841015801929617,8.905909504207195e-05,0.0015879189442012515,1.2705280559680245e-07,0.9253637021778074,0.0013553715942068872,4.487612385110734e-07,0.0011637076190312134,0.00034248075876482125,9.151819749980887e-05
33,8.478936056835355e-06,1.3333884627793992e-05,0.000911999177051671,0.047108317377720865,0.00043421304521069166,1.930870641730127e-05,5.1524846704036985e-05,0.00015785223978591906,2.1604482577471468e-05,0.003185598191652581,3.4831207918630013e-07,0.0022457566900615615,0.008370912472593037,0.001523207454840715,9.654224485877842e-09,0.00394761941304905,9.413620988032546e-05,0.0014629711985790026,1.1506929781284728e-07,0.9276818974606417,0.001171476592118778,5.125337965940892e-07,0.0011452784868592914,0.00034069357611592606,0.00010283398805720793
34,1.8719788989942605e-05,1.214922592227871e-05,0.003241658062420054,0.042018439271248154,0.0004268389941985237,2.3976122867675424e-05,7.729600513470374e-05,0.0001744015672053616,6.680214720568091e-05,0.0028356582854678295,3.914504433408445e-07,0.003767228494807681,0.012391678608110523,0.0014510862688382354,1.3220894022069581e-08,0.004256864716684642,9.50877685795349e-05,0.0020310019391047438,2.0792712376486763e-07,0.9238568376942107,0.001537525649335194,4.7206191107798633e-07,0.0010504909442724194,0.0005532599863420918,0.00011191379868187691
35,1.618797439122209e-05,1.1879684006507666e-05,0.002576909007502329,0.05167738163706836,0.0004115474535307189,2.1044801797101173e-05,7.607701375454905e-05,0.00019164897663920602,4.336973517339393e-05,0.004024338749623706,3.517619289819566e-07,0.0032140738043756546,0.008722829120040772,0.001573878271979391,1.0604879465956188e-08,0.0036049697743953456,9.740069120656735e-05,0.0031848390021162066,1.2996908403087608e-07,0.9173820988185862,0.0015346986079840508,5.26532884396924e-07,0.0011625581042548768,0.0003423385895597191,0.00012891131323754918
36,8.907699467880041e-06,1.4545792645209132e-05,0.001553860553284227,0.04622880855034513,0.0004179383388023556,1.792362317760072e-05,5.990470948634522e-05,0.00019264728589261327,3.389896748155438e-05,0.002931238149936607,3.195748156239347e-07,0.004104646328784319,0.01019046830704685,0.0015016169957330799,9.451891943470428e-09,0.004338596717782721,8.811525528955662e-05,0.001529672609310276,1.151418006439952e-07,0.9241542865391519,0.001317668284124607,6.205320721297138e-07,0.0009280885513106908,0.00029611868719188554,8.998335317452166e-05
37,1.119529636805708e-05,1.177010155778264e-05,0.0019118093977482887,0.049676930191217064,0.00040917029800987214,2.0131509895206506e-05,6.044990880922864e-05,0.00012987681761869013,2.901263839683759e-05,0.0028498957518348807,3.6229271726610594e-07,0.002370900426636953,0.00734779501794456,0.0017226189309156167,8.81680874856955e-09,0.003226543170041688,9.180420215091713e-05,0.0017113062706709862,1.1152309726012363e-07,0.9256047798137134,0.0011884561197309912,3.647522545639877e-07,0.0011473220369902209,0.00038599895791635184,9.138575695473551e-05
38,1.4952328631923012e-05,1.3530619564922952e-05,0.002538092890541791,0.04549670558159482,0.0005175616423102532,2.5594605211145724e-05,7.879850508561033e-05,0.00015917691389769707,4.229155520167486e-05,0.0030082005395548513,3.684234578936139e-07,0.0025939618367776035,0.008978359737972117,0.0014455816496540264,1.2875487645726547e-08,0.004797441288914403,8.626531173156714e-05,0.0017253525801844594,1.6718821979118648e-07,0.9255464568789935,0.0012927834547081312,3.700736375389033e-07,0.0011045945268366197,0.0004417511939244268,9.162779790584235e-05
39,9.079698608517597e-06,1.0309191261959286e-05,0.0011050128449222362,0.05340244836064479,0.0003973906401333069,1.5888791513325044e-05,6.0098994630944995e-05,0.00010633640211853142,2.789097578686802e-05,0.0030357121788326725,3.4211976907906084e-07,0.0026547587388050897,0.005533751979769578,0.00174784579652983,9.747594051229855e-09,0.0028231479220860024,7.881805218097137e-05,0.0014553783566793547,9.572196032314441e-08,0.9249742608349321,0.0009279849836885228,3.7574465729895166e-07,0.001261611547157542,0.00027920392008273754,9.224645565448201e-05
40,1.0405383793037225e-05,1.3525335069037874e-05,0.0015944654344627726,0.04983432025980628,0.0004641688836367966,2.054886116382269e-05,6.28112243024359e-05,0.000148668902585397,3.023734287846657e-05,0.0030425853847827083,3.522228276292113e-07,0.002456700933637493,0.0071111478379790646,0.0015459358154694355,1.0904586585361841e-08,0.003730060527330032,8.95372567776546e-05,0.0016093041632820972,1.192064018127097e-07,0.9253430046182038,0.0013016122774164275,4.22104933507155e-07,0.0011568807940482244,0.0003229186693391931,0.00011025565528605916
41,1.165557512730473e-05,1.4060067936535476e-05,0.0023791432971903984,0.043655337868829774,0.00022186223875039358,2.0104526058199435e-05,6.389214321259829e-05,0.0001470586291640125,5.1463567649032866e-05,0.004601881825154214,3.3321279315562793e-07,0.0025655948284024938,0.010963175150012626,0.0015136437536345682,1.0079749395060902e-08,0.004671154883394623,8.767894126371134e-05,0.001726621625530286,1.3365584299146577e-07,0.9246898289312397,0.0010699362897254288,3.035174578738372e-07,0.0010710695502020064,0.0003857552874377726,8.83005542412698e-05
42,2.3728004921803732e-05,1.5238944524894751e-05,0.0020690908799786425,0.047945663167056826,0.0005951014177378665,1.974806823070151e-05,8.797918007316347e-05,6.312901845368494e-05,3.271225473361522e-05,0.0031388052273444043,3.2389807336805517e-07,0.0014977540812680019,0.006929657639732389,0.0014712550836904895,6.332105774865957e-09,0.0014883195051130006,8.375391085770328e-05,0.0026340913113605162,4.6007001489909953e-08,0.9297891019337449,0.0006639698707721101,9.272330465994422e-08,0.0010890300171121129,0.000254342916815913,0.00010705860599185464
43,8.960683941530998e-06,1.232756398926333e-05,0.0014167990140211326,0.04817826279088889,0.00044168676290944097,1.9928005790334134e-05,5.7767003002815286e-05,0.0001508542680650542,2.7511158101857088e-05,0.0029216666667579573,3.5913711964288456e-07,0.002017333776567204,0.006531496199521377,0.0015855882171987362,1.029859627882111e-08,0.004138453990228424,8.849907430915839e-05,0.0016453580842735978,1.203087507331168e-07,0.9275317013165422,0.0016551699079437512,5.053943697298725e-07,0.0011638212675330406,0.0003118190133128338,9.400009626545551e-05
44,9.50349424093905e-06,1.1559243083237012e-05,0.001650342874879153,0.04968206663477158,0.0004056162141491012,2.0049276328175566e-05,6.074202762288073e-05,0.00014927944142499944,3.1076626831383544e-05,0.002995725311470243,3.452683747292112e-07,0.002542623978507466,0.007256842535352704,0.0015042268301410238,1.0104923085864076e-08,0.003756432794943666,8.777211248440815e-05,0.0015697377863348816,1.1496647308153269e-07,0.925367177167808,0.0013222726310407537,4.284007215982441e-07,0.0011586075752576977,0.0003258412066552635,9.160549618004643e-05
45,9.730482618725632e-06,1.1016447832942073e-05,0.0019645030087658073,0.05079061754982885,0.00040996867065350444,2.138865390413036e-05,6.615071721567346e-05,0.00019804555231692144,3.362337348883382e-05,0.0029924090271932903,3.901649259545257e-07,0.0025115678043562007,0.006991828797511857,0.0015198790710271896,1.2020782330167465e-08,0.004671417083123851,8.573041215471836e-05,0.0015280216160452975,1.3103872307890042e-07,0.9234416266697232,0.0011663618925229794,4.555727917665136e-07,0.0011344099787793391,0.00036019988106466053,9.051451264892245e-05
46,6.6854402979352865e-06,7.809659259676197e-06,0.0010648653815946195,0.048905877924472214,0.0003050005791776871,1.8929318073030646e-05,3.8883609327266446e-05,0.00012923639072631978,2.1942790887061538e-05,0.0026333178565046012,3.213962135341332e-07,0.0022955994589009625,0.008377605665723077,0.0014258931329677992,8.151268444882811e-09,0.0033022671128231447,0.0001006791246784677,0.001451298830937716,9.459443452672793e-08,0.9271385825274081,0.0012911490902555334,5.099613978468753e-07,0.0011145991794797242,0.00028412958567220126,8.471323751829992e-05
47,8.507530110454787e-06,3.097270052742307e-05,0.0016394272935254973,0.04975099476650699,0.0006439277621666384,3.37548229315866e-05,7.85805205592201e-05,0.0001930150477806173,3.338726394055386e-05,0.004832245990554016,7.978497840865725e-07,0.00290895640602129,0.008568721220583983,0.003231404209974016,1.0245586700455411e-08,0.0037914868734190287,8.48738518798485e-05,0.0016684172083759475,1.169171212073166e-07,0.9184564772333652,0.001394596564020235,4.5242788953260225e-07,0.0022181632272391385,0.00033848390909686375,9.222815704024345e-05
48,9.438230414258006e-06,1.1232153485380208e-05,0.0015657846038852907,0.04789126474706205,0.0004046586317530794,2.2043650022409707e-05,6.267187804459635e-05,0.0001668425093940375,2.8091418820628375e-05,0.0032809479995849046,3.6060604945788045e-07,0.0025079407989656425,0.007840859299133574,0.001502104505575308,9.860263596957825e-09,0.0038638461166594124,9.152232007337058e-05,0.0013286738263659386,1.5867408929473932e-07,0.9264245328445068,0.001287636541915506,4.5958318333222887e-07,0.001207630190407751,0.000425352122594781,7.593688774963585e-05
49,1.0559290550758947e-05,1.4095226999121113e-05,0.0016263751628320694,0.05002278869147081,0.0007599175516290935,1.691490771520092e-05,6.589667902841642e-05,0.00014454241738171342,2.9508932463402658e-05,0.002976635302405278,3.896485454659518e-07,0.0026061248365233792,0.007166701247314818,0.0014254629346232533,1.140822408643009e-08,0.00360860198689443,9.915607216729514e-05,0.0014878466634180554,1.2183795401030275e-07,0.9251000183217178,0.0013241181242867972,4.244137772668533e-07,0.0011058294253039516,0.000319933350605908,8.802556616736097e-05
50,8.94276402209446e-06,8.785269855087955e-06,0.001637566842613858,0.04965925074599173,0.00032489057851912875,2.045051244662516e-05,5.09230258115484e-05,0.00013773531610914702,3.1815109798966305e-05,0.0034602207216084036,3.384012610458238e-07,0.002522103120261691,0.007396083643468567,0.0014502149710875747,9.26691348142129e-09,0.003771073817140734,8.820458127038162e-05,0.0015754972376271722,1.0577424254888126e-07,0.9249701744764185,0.0013177132712324257,4.2516780902254233e-07,0.0011412310497590293,0.00032962943563817404,9.66148990928178e-05
51,6.8289196504700905e-06,1.492705723290075e-06,0.00146185910211195,0.05740099206179539,0.0006376446212645547,1.9372046354172928e-05,5.192590905392648e-05,0.00013671813788412727,2.8211737178374684e-05,0.003283074871975983,3.342435015795393e-07,0.002582956332888338,0.005985012827586114,0.0015058170847142554,9.791100842097563e-09,0.003433428410566182,8.074609189336278e-05,0.0016167328839761757,9.045608620160526e-08,0.919046423446592,0.0012131816119398593,4.5587547826275575e-07,0.0011401525095600916,0.00027627842141841804,9.025989970568382e-05
52,1.1652419480731795e-05,8.82806479641454e-06,0.0016248725305052295,0.04840810436814689,0.00043635551571841126,1.7353013188216203e-05,5.418397054437212e-05,0.00015341614948525157,3.374909021635966e-05,0.0028019534185751978,3.4193189245268683e-07,0.0021324739730967184,0.007589379939997246,0.0011622814674982574,1.1284511904589181e-08,0.0042649968552532355,7.96204007665391e-05,0.0019113739037255905,1.1441134303198632e-07,0.9262135985426424,0.0012669164837162492,4.52733940001799e-07,0.001414204944304156,0.00033175296707189564,8.201161958328485e-05
53,8.84825815520007e-06,1.1728174241201669e-05,0.0016117595804652665,0.05046460524436949,0.00036392009174421016,0.00026464336235278667,6.9841544459531e-05,0.00016194844021331144,2.8993097718689977e-05,0.003001923608210938,2.5048668261231794e-07,0.0028784465872592675,0.007103497068983947,0.0015677607947166797,1.0025681356095739e-08,0.003779139543983928,0.00046631682890312115,0.001435838379662601,1.1196993338889732e-07,0.9243770530843399,0.001321992211242325,4.290581500437344e-07,0.0006809568394020736,0.0003136169280601549,8.636879106826743e-05
54,9.705330523276623e-06,6.741750466902714e-06,0.0017647693147265426,0.04943332212501863,0.0003520782090363525,2.025988361386121e-05,6.066037256135914e-05,0.00013706249187089186,3.344680895259976e-05,0.0029923901111400296,3.298082544291265e-07,0.0027219095356055874,0.007037687635206657,0.0015867995261742238,9.467549301773918e-09,0.0037590409152670713,8.72415056570056e-05,0.0016302805514126898,1.1355188067523277e-07,0.9256084845983094,0.0012573839967690448,4.2303970948790973e-07,0.0011129464630368453,0.00029285690362133523,9.405610363552298e-05
55,1.1370002171404827e-05,1.1678753393162184e-05,0.0017246458134336242,0.048880785053979255,0.0004178649621788904,1.9028229166470805e-05,6.146009266240066e-05,0.00013552015216679113,3.7886271976176473e-05,0.003570493054344045,3.125888099809978e-07,0.002873617137198983,0.007937512456762098,0.0014499277232092062,1.0553174589991462e-08,0.0037956998068443093,8.574007750413477e-05,0.0015306465255267966,1.1979344617646896e-07,0.9247228250870974,0.0013521747054468867,4.26329181159244e-07,0.0009604139094693011,0.00033566834893661036,8.417257191989634e-05
56,9.678294848479031e-06,1.1357348824963157e-05,0.0016352594115513358,0.048726725614080445,0.00040412422343186395,1.9903519409448536e-05,6.0372541462763614e-05,0.0001465030633661322,3.17399172311146e-05,0.0028783224265847398,3.425999245385501e-07,0.0026590446804237934,0.007860429732812563,0.0014903773613513874,1.0158617657549838e-08,0.00373805458861921,8.97927928384844e-05,0.0015636998281032372,1.187110380157956e-07,0.9257809022926411,0.0013396905000650882,4.3866325220248987e-07,0.001126646101232812,0.00033487011838659585,9.159550990251925e-05
57,9.972005668506651e-06,1.0101865041493405e-05,0.0017456463708462253,0.055739204297002215,0.00040218960025862455,1.8784039767470257e-05,6.085869950438858e-05,0.00015283222264238886,3.0218651131214292e-05,0.0035775235421820796,3.1869035315328635e-07,0.0021402441048076035,0.005165894141266531,0.0014013755763446585,9.877662486148567e-09,0.003525219788312047,8.563671467649982e-05,0.0018268922933759768,1.1108949484848179e-07,0.9214159862870756,0.0012288616647757452,3.858880207319418e-07,0.0010263586727492786,0.00033385170559343196,0.00010152221144696273
58,1.0217073937451318e-05,1.1501413518863712e-05,0.0017293400312720431,0.04897425864497791,0.00041181405579292436,2.063289537425477e-05,6.06200290673276e-05,0.00014525413442955518,3.322375413758153e-05,0.0028505477582210044,3.5670922061525694e-07,0.002715297083228063,0.008104066652150344,0.0014695043592946582,1.0063053097914162e-08,0.0037854739346845894,8.839707102631749e-05,0.0015445168954201743,1.2801802654659734e-07,0.9250963216302874,0.0013209171280924436,4.2277795146876927e-07,0.0011581678924272752,0.00038051959430069146,8.849040010740447e-05
59,9.404435362750694e-06,1.3093339895928953e-05,0.001789334213138208,0.04939292279895195,0.00044868051554582155,2.0015292261390616e-05,6.082575068177489e-05,0.00014527743119067266,3.1839139488820334e-05,0.002972153549768416,3.427741396085777e-07,0.0025461854384161405,0.007399647068288004,0.0015154352478803246,1.0435769970277694e-08,0.0037470797017461095,8.812119511323802e-05,0.00147782157690903,1.1303828098664033e-07,0.9253979971317081,0.001320846181309543,4.05210064106535e-07,0.0011614206942510664,0.00037119640743329957,8.983143240469933e-05
60,9.50349424093905e-06,1.1559243083237012e-05,0.001650342874879153,0.04968206663477158,0.0004056162141491012,2.0049276328175566e-05,6.074202762288073e-05,0.00014927944142499944,3.1076626831383544e-05,0.002995725311470243,3.452683747292112e-07,0.002542623978507466,0.007256842535352704,0.0015042268301410238,1.0104923085864076e-08,0.003756432794943666,8.777211248440815e-05,0.0015697377863348816,1.1496647308153269e-07,0.925367177167808,0.0013222726310407537,4.284007215982441e-07,0.0011586075752576977,0.0003258412066552635,9.160549618004643e-05
61,9.643905217138739e-06,1.1621312773121863e-05,0.0017777852916421627,0.04934792772969847,0.00041536278994054344,2.0269981721157938e-05,6.0356734855300806e-05,0.00014714459117007013,3.210122523831492e-05,0.0029421957146466243,3.502151424660658e-07,0.0025409039535900287,0.007415393689791863,0.001448341680990965,1.0070564614184673e-08,0.0037613588428210133,8.660583902850522e-05,0.001505714439487963,1.2008979283737293e-07,0.9255190280568296,0.0013267783512713024,4.1630553800880783e-07,0.0011729218088344445,0.0003694972993794157,8.815008003399084e-05
62,9.50349424093905e-06,1.1559243083237012e-05,0.001650342874879153,0.04968206663477158,0.0004056162141491012,2.0049276328175566e-05,6.074202762288073e-05,0.00014927944142499944,3.1076626831383544e-05,0.002995725311470243,3.452683747292112e-07,0.002542623978507466,0.007256842535352704,0.0015042268301410238,1.0104923085864076e-08,0.003756432794943666,8.777211248440815e-05,0.0015697377863348816,1.1496647308153269e-07,0.925367177167808,0.0013222726310407537,4.284007215982441e-07,0.0011586075752576977,0.0003258412066552635,9.160549618004643e-05
63,9.713076729927579e-06,1.2450518762076352e-05,0.0016588837927105798,0.049778564769105395,0.0004094672414498985,2.018242367951743e-05,6.036671137404781e-05,0.00014458027766579552,3.168444639707609e-05,0.0030163368359932647,3.4468949483381994e-07,0.0025279433977261324,0.007160936185417951,0.0014938512367486346,1.0361290126358233e-08,0.003683549717304583,8.781491165034199e-05,0.0015321457251825249,1.1887136813846733e-07,0.9254573709888008,0.0013308632213675806,4.311654569552357e-07,0.0011598625390497645,0.0003304791968496966,9.204769842383192e-05
64,8.863778182860998e-06,1.1497927632101658e-05,0.0015769025969624498,0.04938415509465333,0.0003859437430986629,2.0094021315599074e-05,5.885574909702962e-05,0.0001415423600810669,3.087315814861206e-05,0.0030312428533126583,3.351733921680618e-07,0.0025905861352947864,0.007325041251129843,0.0014896267748963027,1.012334898984358e-08,0.0036879161504271645,8.905901807495108e-05,0.0015516064031967439,1.1550091568332413e-07,0.9255656582257441,0.0014801815772349535,4.5762007792432016e-07,0.001155349842166726,0.000321965914061824,9.211900755379588e-05
65,1.4056008744516301e-05,1.3413371807215126e-05,0.001435105827473002,0.054549892564088494,0.0005642525230665198,3.233290074651759e-05,6.56294739482392e-05,0.00016540939685181344,2.0700688408725683e-05,0.001449573693478881,6.496516498562068e-07,0.0019956187174592892,0.008883855164535916,0.0013423202624143267,1.0883769286585798e-08,0.003807399246435066,0.00014502209496434102,0.002132211386137193,1.2985767403886654e-07,0.920599462884882,0.0013555906101019892,3.787611117948775e-07,0.0010816930420803389,0.00023072105386355246,0.0001145699343070435
66,1.1176305036961259e-05,1.3597883146915296e-05,0.0020869887599457,0.04563597266655786,0.0004033927370498564,2.2685325483103774e-05,6.52268742788381e-05,0.00013008469975071693,3.371440148384607e-05,0.0038909607734369817,5.052786219976988e-07,0.0018288881774306466,0.009057290779165866,0.004152649725175372,1.0764044656953232e-08,0.003978074530357005,0.00010003482603103609,0.0017915420088246608,1.277372059988309e-07,0.9231982233593528,0.0014919137481606362,3.0541779693065224e-07,0.0015215316081458217,0.0004604801485640331,0.0001246214649518405
67,8.533029817144402e-05,0.0002118139901882034,0.0009063659397108446,0.04931458980165116,0.002492151239617201,2.8294984294520788e-05,0.000517032015265688,0.0003083470345439334,3.671143572198962e-05,0.004123580139747096,7.207163758056337e-07,0.0015124772346555254,0.008967506000917717,0.00176322910409925,1.1168152975341397e-07,0.005038241218288481,0.00011422627230848692,0.0013328208879591623,1.180949672226878e-06,0.920518438961883,0.001035177837149394,3.1384553626920494e-07,0.001247233132352802,0.0002968123061966868,0.000147292972163071
68,9.760583077244068e-06,1.1800252765585139e-05,0.001174521501379879,0.03764018634439264,0.00032513973663981296,2.1069088026885197e-05,6.944481074578327e-05,0.00019622131743747735,3.300710005546705e-05,0.0021463781847397114,3.8887295505275225e-07,0.0020754069306363164,0.008347643615772622,0.0014321292694238197,1.3959502506416347e-08,0.005778007104388254,9.723043190520845e-05,0.0013154222633303412,1.5154232505889762e-07,0.9368684154305084,0.0010520928093956726,5.791066617216311e-07,0.0009833041733524385,0.0003415258462604625,8.015972432177169e-05
69,1.3935978772299796e-05,9.660871435557575e-06,0.002032214806800949,0.04540506140904811,0.0003971199728178117,2.9212897480217453e-05,7.573836869474255e-05,0.00015840465161639017,4.885002443081751e-05,0.0028976595970213927,3.4649142364705583e-07,0.0030873390650468734,0.009544639856065297,0.002383227964438543,1.2692524348049726e-08,0.004560731695833515,0.00013426726330066126,0.002974719517907495,1.229331609236723e-07,0.9232674866671725,0.001565011048524014,6.753508025690503e-07,0.0010939419284093815,0.0002109102022630619,0.00010870874500905761
70,7.545152816258612e-06,8.051590706326052e-06,0.001577485969242199,0.059308358812136225,0.00036549168922813535,2.979349378609179e-05,6.959138589806013e-05,0.00014348731869568202,3.639030266088629e-05,0.00491279544036134,5.405987574796663e-07,0.0031781621571529205,0.004792662042711398,0.0017038592079989317,1.0525414662169923e-08,0.003702201552500046,9.497267174126893e-05,0.0013420398512649192,2.72708025852496e-07,0.9124664512808728,0.0033646747573889873,8.496112910073278e-07,0.001861971734021075,0.0009417066641598627,9.063348116753755e-05
71,1.935505014309046e-05,9.482279256784123e-06,0.005174232136788061,0.09463318891158651,0.0004815090669941576,2.926533504043e-05,9.658595672097902e-05,0.00032832113666019636,4.5348619586242785e-05,0.011379943776862935,4.944522248506753e-07,0.003843531552264063,0.005573225507598951,0.002029810013567472,1.3971012110216781e-08,0.0033934061683647703,0.0001417107931335842,0.00710408840827315,1.5709346147708545e-07,0.8621062152419838,0.0015974387670128893,9.323515490674117e-07,0.0013322357274327915,0.00030333956497335365,0.0003761681175078495
