,0,1,2,3,4,5,6,7,8,9,10,11,12,13,14,15,16,17,18,19,20,21,22,23,24
0,5.167620704572557e-06,0.00013378225315468159,0.00011200736136037285,0.002271641829302606,8.859804854782176e-05,0.002303306139251221,0.0001691526315081738,0.0001578822951031268,0.0010584948712115527,0.003846989314238696,0.002360548177434286,0.000880795040885584,6.6457829822859146e-06,0.0015921825602109357,0.0007060237801140751,0.0006173408039673524,0.026745364754620443,0.0010253781357122134,0.0013540752418103109,0.00037496254192982453,0.8778404828215024,0.044353774143782214,0.016831365927407745,0.0004911122813595956,0.01467292564189803
1,9.605206595064529e-06,0.00017864235272167054,0.0002004492802039865,0.002016412023433742,7.722127703976434e-05,0.002898591418701221,0.00024227858071093175,0.00021213099202122332,0.0009254362488569728,0.004986393134392443,0.0018198651280559584,0.0015063960677643093,5.910029361872753e-06,0.0031485343011059164,0.0003956661675499075,0.0011939770784504663,0.014759027592278788,0.0015637563927070745,0.0021066297050908885,0.0004255424735521706,0.8852382621011441,0.036261416157518885,0.007663809837199569,0.0005535495594548429,0.03161049689408842
2,8.806348537819306e-06,0.00019375124009223733,0.0001358984605337031,0.0019556738639131765,0.00018501296262680148,0.0025799028058893798,0.000293211676367456,0.00022113094911815507,0.0007098261522898099,0.005006294156227216,0.0028182868399234517,0.0013703703036540755,5.947726114119929e-06,0.004648605510224861,0.0005333381735244063,0.0010358282019674616,0.020275422800679427,0.001497337078565442,0.0015410823249291574,0.0007173700646700206,0.8595289881109441,0.03406307002503001,0.014471669163096843,0.0004274313033258446,0.04577574375775478
3,6.985091270311593e-06,0.00014956644449207171,0.0001299033181427259,0.002313581846797262,8.463984283807712e-05,0.0023799207333158705,0.00020695013349264927,0.00017235766477315947,0.0005883992692365248,0.0037245840210165626,0.0024313739257451872,0.0013969785231798173,5.286832852399725e-06,0.0042872181957089445,0.00029031756341618546,0.000746685339220074,0.01951263230357186,0.0015170914350070533,0.0013894519055897422,0.0004127136219817762,0.875334188323354,0.03569973277776303,0.012815014200994313,0.0004989407276125683,0.033905485958627794
4,6.923236498157123e-06,0.00014125021243477614,0.00011676334949911675,0.00223671400277972,7.913740195235242e-05,0.002164754088595673,0.00019246558333125055,0.00014891692492415836,0.0005837406133590497,0.0032981805444665235,0.002244827494212485,0.0015781738194481862,6.16696047792966e-06,0.00435146469310782,0.00026445071918672634,0.0006717471565662095,0.020384947764511507,0.0014743848059748735,0.0013320981106590213,0.0003938549375056788,0.8760664330835644,0.03560512441534581,0.012250932420928699,0.0004958453802575162,0.033910702280412396
5,6.806737423710007e-06,0.0001308858587982168,0.00010781367656320606,0.002909941363033035,5.9655305837539454e-05,0.0020336466541413002,0.00016473335909600084,0.00013869578428090805,0.0005005323643256704,0.0035751435241921366,0.0021104054696370316,0.001475305077246189,5.339039869805804e-06,0.0044383298157741734,0.00020302412206734587,0.0006105133742252849,0.0200805890135832,0.0020168856794004005,0.001024695031433329,0.000410178481572727,0.8741792417882405,0.03618678702203884,0.013203387805858977,0.0005211915295001681,0.03390627212186014
6,6.985091270311593e-06,0.00014956644449207171,0.0001299033181427259,0.002313581846797262,8.463984283807712e-05,0.0023799207333158705,0.00020695013349264927,0.00017235766477315947,0.0005883992692365248,0.0037245840210165626,0.0024313739257451872,0.0013969785231798173,5.286832852399725e-06,0.0042872181957089445,0.00029031756341618546,0.000746685339220074,0.01951263230357186,0.0015170914350070533,0.0013894519055897422,0.0004127136219817762,0.875334188323354,0.03569973277776303,0.012815014200994313,0.0004989407276125683,0.033905485958627794
7,4.1221237690582905e-05,0.00025518271803448973,0.0006227844843150194,0.0027369328697557436,0.0001140538566430317,0.004793760093579868,0.0004171534439317869,0.0003305123484886782,0.0008230926734665567,0.007610405687491793,0.003307424939559245,0.0019532432740998755,8.96782795043614e-06,0.0044573986095431135,0.0002445811772401874,0.0008507589607853069,0.019712086246060204,0.0024539171734508443,0.003679801444536596,0.0005099007762116967,0.849717191362761,0.025430099376027436,0.025423447572464942,0.0015505569697152515,0.042955524876196464
8,1.361291342957422e-05,0.0003038523584573278,0.00032501111918317634,0.0052531866032230305,9.647876411572789e-05,0.0026711509178678787,0.0003976211735369187,0.00021035546984877988,0.00047918354064930765,0.00932470882790229,0.002261256971270302,0.0020584143682582244,5.437723570087815e-06,0.009509140709920276,0.00016213984375550053,0.0005788419157369282,0.014828866645876196,0.001300153963135901,0.0011356827487285772,0.0006525798375992101,0.8417313267522141,0.022123445181817716,0.03892738212407563,0.000827530411122828,0.04482263911470453
9,4.815275285186195e-06,0.0001766954424156588,0.00018729306212398556,0.004125043317614162,4.1557976613710876e-05,0.001656982151852998,0.000222231030650345,0.00010307764418692477,0.00044171438487718677,0.00509073862529993,0.0010639806625641075,0.0018419213286190023,4.776958155883644e-06,0.004955721937087907,0.00014916415886664374,0.000489655294589414,0.011888498773097606,0.0009478943267695713,0.0006326888666167083,0.0004264597229980731,0.8902649307333285,0.02530432723893618,0.014967281862475257,0.0004959884651008126,0.034516560759874464
10,6.985091270311593e-06,0.00014956644449207171,0.0001299033181427259,0.002313581846797262,8.463984283807712e-05,0.0023799207333158705,0.00020695013349264927,0.00017235766477315947,0.0005883992692365248,0.0037245840210165626,0.0024313739257451872,0.0013969785231798173,5.286832852399725e-06,0.0042872181957089445,0.00029031756341618546,0.000746685339220074,0.01951263230357186,0.0015170914350070533,0.0013894519055897422,0.0004127136219817762,0.875334188323354,0.03569973277776303,0.012815014200994313,0.0004989407276125683,0.033905485958627794
11,7.1366632697156686e-06,0.0001487351543875737,0.00012866590625747025,0.002319335016179421,8.54553668511433e-05,0.002305596257430718,0.00020696381696266644,0.0001669317915359615,0.0005911404986076172,0.0036377054485130875,0.002374494004095018,0.001513139756793072,6.046318871897106e-06,0.004272309294699381,0.00027860214684332783,0.0007376867916779628,0.020272366021089252,0.0014834647599225956,0.0013913066950767855,0.0004268088017146277,0.8754494077273265,0.03509392565287977,0.012923096128556511,0.0005183922171858106,0.03366128776327207
12,6.818591769786508e-06,0.00016276915502619024,7.403264578706683e-05,0.0021294828566199783,0.00012298030973061083,0.002633745072432554,0.0001484496620996918,0.00012824224520214752,0.0004501756931896333,0.003757068539309728,0.0012085438297023481,0.0011992056505868206,4.753967823135274e-06,0.005772916396464805,0.00019749249060703954,0.0005062027263495151,0.03062621466291081,0.0015593166044181434,0.0005271928425732444,0.00045592867947903475,0.8656997455897047,0.0275908965089219,0.017558886675763538,0.0002289269932754848,0.03725001161025257
13,9.727980062368819e-06,0.000135146613675375,0.00010680408727292566,0.002625994638386234,7.502847426960387e-05,0.0016453823295095235,0.00020236322545677342,0.00018677054878980456,0.0005453821262512343,0.004958536293400639,0.006562308556345486,0.0011866814779554096,5.182878098772608e-06,0.003151673542499045,0.00029241725799580165,0.0007055244847995689,0.020291050171270135,0.0017886762805370928,0.0010022274894812893,0.00034281228785552377,0.8610300392914074,0.03201316081037904,0.022588556287512458,0.00046067258958023866,0.03808788027720794
14,1.2127955780206691e-05,0.0005459638556290342,9.768843924958045e-05,0.0024708670191014655,0.00013371376993732222,0.002438339158815703,0.0003318861363347597,0.0001643925554578321,0.0006302419278822026,0.003898849632873622,0.003187690378909658,0.001261995867210568,4.2873971278539355e-06,0.012809556888745204,0.00031845000548171585,0.000704636401537223,0.01824795651861652,0.0019681745674713386,0.0017776663526442612,0.0003891163599026696,0.8610461537242601,0.03654990499396594,0.013980156148258127,0.000533639560209515,0.036496544384597235
15,6.985091270311593e-06,0.00014956644449207171,0.0001299033181427259,0.002313581846797262,8.463984283807712e-05,0.0023799207333158705,0.00020695013349264927,0.00017235766477315947,0.0005883992692365248,0.0037245840210165626,0.0024313739257451872,0.0013969785231798173,5.286832852399725e-06,0.0042872181957089445,0.00029031756341618546,0.000746685339220074,0.01951263230357186,0.0015170914350070533,0.0013894519055897422,0.0004127136219817762,0.875334188323354,0.03569973277776303,0.012815014200994313,0.0004989407276125683,0.033905485958627794
16,1.6078471628965036e-05,0.00014752023294693333,0.0001592730979187736,0.001951957886694265,5.800816919384131e-05,0.0013866647870659254,0.00022049398604279943,0.00022187845243602737,0.0006777842919642044,0.004393053218224679,0.0011731251669565923,0.0012420462379709749,8.189413705216476e-06,0.005209116234746814,0.0003363020397587337,0.000744871086419172,0.024234737058135815,0.0021115407555986985,0.0009569876786314754,0.0002901574778956155,0.8758213571596918,0.029925536799733116,0.00728715035408193,0.00020739731936291484,0.04121877262319515
17,1.2156169475319126e-05,0.0001432869026771114,0.0001317750649603985,0.002309709278453778,7.627594281725174e-05,0.0016449612667281588,0.0002011922847305024,0.00020261732633531474,0.0006629547130019404,0.004687224899328895,0.002285027943801792,0.0013300584894456414,5.2764802124740174e-06,0.0034673947025350388,0.0003615930504358372,0.000807013493023944,0.018624424188928252,0.0017219284868062248,0.0007398990285074189,0.00042314337869440993,0.8713010478787707,0.034419617514148425,0.019281404759949,0.00029322156466136744,0.0348667951915713
18,7.314604718221735e-06,0.00013320246386157357,8.863465190513044e-05,0.0020018846899245543,8.000088386360917e-05,0.0017000074194388148,0.00018649265104875884,0.00015711049852885388,0.0005219931369700715,0.0037619207198398034,0.0011739837104495306,0.0014662727563824784,5.946224618941895e-06,0.004252759956431266,0.0002963888407728046,0.0006316682890888556,0.01991977011921968,0.0014720948262181449,0.0006104586181196624,0.0004172238036399262,0.8788991156231954,0.036917380007425185,0.01304569984325226,0.00022961061354798463,0.03202306504753882
19,4.23328343383928e-06,0.00012702114060460232,0.00012150524890599694,0.0023914371291647403,5.3299809982998404e-05,0.001133272101727548,0.0002812208619094967,0.00014319840565617692,0.0005400630176665664,0.0030880747833939674,0.0015309248361176564,0.0023480841999662513,5.25353973965298e-06,0.0033103982058660096,0.000269505568636625,0.0006307554578481535,0.012297926819904817,0.0009502622933652144,0.0009024646481890168,0.00028740053274908594,0.8890905943453666,0.040173626459600105,0.009327640324764519,0.00033158224827422027,0.030660254737166482
20,7.024272748173166e-06,0.00010170417113476181,0.00012178285810682401,0.002003854883283554,5.198299299042421e-05,0.001648477829407449,0.00021341406789488233,0.00014225499102726348,0.0005266482743365804,0.007246621399053088,0.0027975085918593677,0.0014232673671662212,5.0908595715863e-06,0.0031990528866194822,0.0004184045358200337,0.0007433642272271533,0.013823375292092493,0.0015896055010033916,0.0013860477473294388,0.0003196331217245327,0.878103889272327,0.04681741699702683,0.008034710253790921,0.0002954078905178404,0.028979459715940473
21,6.845065043369995e-06,0.00016643092534218202,0.00012581659191959914,0.002868152842009161,6.14167120216097e-05,0.002073043666542182,0.0002067898300823995,0.0001771771338030987,0.0006211001443405043,0.0031171716033290627,0.0018652814601077966,0.001262751736553078,5.08538781328914e-06,0.005022488600927018,0.00028491454816922246,0.000923397381786899,0.014994522013052538,0.001397053727520965,0.0012304022650683158,0.0004962407693553441,0.8814561657247175,0.037287034713580726,0.00856498161335945,0.00046691103333974533,0.035318824510215036
22,2.265767394561356e-06,0.00025213016698659495,0.00012105651963927387,0.002428659805952022,9.07847349677816e-05,0.0029680124097339836,0.0004567828581813777,0.00017432672604911198,0.0006788936095007301,0.0041341860135539225,0.0028237435219044533,0.004549302150378551,5.0867657186485305e-06,0.0063406517888834205,0.00036767133437851915,0.0006907166325111091,0.015433763229585342,0.00020305667424190356,0.0013276184350306036,0.0004114656260656517,0.8840676983403809,0.031283368958778326,0.011383598856767147,0.0005538736810801571,0.029251285392336335
23,6.985091270311593e-06,0.00014956644449207171,0.0001299033181427259,0.002313581846797262,8.463984283807712e-05,0.0023799207333158705,0.00020695013349264927,0.00017235766477315947,0.0005883992692365248,0.0037245840210165626,0.0024313739257451872,0.0013969785231798173,5.286832852399725e-06,0.0042872181957089445,0.00029031756341618546,0.000746685339220074,0.01951263230357186,0.0015170914350070533,0.0013894519055897422,0.0004127136219817762,0.875334188323354,0.03569973277776303,0.012815014200994313,0.0004989407276125683,0.033905485958627794
24,8.280828347287884e-06,0.00022876719750013972,0.00010259156382988414,0.0035226940208695373,8.478304988447852e-05,0.0024491365226556776,0.0001906605777666359,0.00017865398590440518,0.0005368359594938916,0.0052754139360677845,0.002395300765869067,0.0015630176081527754,5.873798414025541e-06,0.007475646081438907,0.00019453271199697348,0.000779738771321704,0.022325129269101667,0.0019335576438201819,0.001399886574081545,0.0006329357807724626,0.8624826265822708,0.03425625410083515,0.017456952666361703,0.0005717497564168592,0.03394898024682652
25,4.85871061640957e-06,0.00015346527172958432,0.00013333721079565605,0.0022209492015733425,7.931843999254462e-05,0.0024648766981997163,0.00023355506374391838,0.0003546949694581449,0.0006077049941621155,0.0039717263273315925,0.0011389017573119715,0.002000055808397856,4.744332298947125e-06,0.010813122793450822,0.0002766898655090997,0.0007190743487465842,0.017505496938592328,0.0015528111697734792,0.0012629860197207207,0.00034463641097851294,0.8782343633782532,0.04712305061073799,0.008238473173237428,0.00040537704181244387,0.02015572946357531
26,2.5286939120382772e-05,0.00016645879618100993,0.00023289560488500157,0.002758897577592172,0.00010630756428632654,0.00466014345408016,0.00012656560549857343,0.00010090377756663588,0.0008051363064779103,0.004078280635727589,0.002823332683520231,0.0010496019441107714,9.51315405302491e-06,0.002940172728701655,0.00012249426296134325,0.0006062287711771049,0.035022070403265396,0.002815576090109708,0.0019441141025235708,0.0006353281913675846,0.8607089523374544,0.022999929580771603,0.021769650269377588,0.002055306897067649,0.031436852322122816
27,5.4477542837586315e-06,0.00012063230166039128,0.00010687855440704779,0.002132028900351988,6.747593709979965e-05,0.0021210219176090108,0.00017970293722951604,0.00020883848309706323,0.0005851789757813762,0.003162430058629357,0.0026991548593164193,0.0013691310829141664,4.836810092124297e-06,0.003615893205494219,0.0003400557527649348,0.0008270714570615931,0.01828255224898187,0.0015493654671356637,0.0015081926811858178,0.00037232554784046105,0.8756963661687746,0.04653134226312058,0.009815803895120495,0.0004619010523001835,0.028236371687747463
28,6.985091270311593e-06,0.00014956644449207171,0.0001299033181427259,0.002313581846797262,8.463984283807712e-05,0.0023799207333158705,0.00020695013349264927,0.00017235766477315947,0.0005883992692365248,0.0037245840210165626,0.0024313739257451872,0.0013969785231798173,5.286832852399725e-06,0.0042872181957089445,0.00029031756341618546,0.000746685339220074,0.01951263230357186,0.0015170914350070533,0.0013894519055897422,0.0004127136219817762,0.875334188323354,0.03569973277776303,0.012815014200994313,0.0004989407276125683,0.033905485958627794
29,6.985091270311593e-06,0.00014956644449207171,0.0001299033181427259,0.002313581846797262,8.463984283807712e-05,0.0023799207333158705,0.00020695013349264927,0.00017235766477315947,0.0005883992692365248,0.0037245840210165626,0.0024313739257451872,0.0013969785231798173,5.286832852399725e-06,0.0042872181957089445,0.00029031756341618546,0.000746685339220074,0.01951263230357186,0.0015170914350070533,0.0013894519055897422,0.0004127136219817762,0.875334188323354,0.03569973277776303,0.012815014200994313,0.0004989407276125683,0.033905485958627794
30,6.985091270311593e-06,0.00014956644449207171,0.0001299033181427259,0.002313581846797262,8.463984283807712e-05,0.0023799207333158705,0.00020695013349264927,0.00017235766477315947,0.0005883992692365248,0.0037245840210165626,0.0024313739257451872,0.0013969785231798173,5.286832852399725e-06,0.0042872181957089445,0.00029031756341618546,0.000746685339220074,0.01951263230357186,0.0015170914350070533,0.0013894519055897422,0.0004127136219817762,0.875334188323354,0.03569973277776303,0.012815014200994313,0.0004989407276125683,0.033905485958627794
31,1.9528564329783648e-05,0.00022943879110926904,0.0003002093512262899,0.0030135628249662264,8.702273837298287e-05,0.0027344963991344628,0.00033320514950783,0.0004136056115799957,0.0005682604233689744,0.007089725661492857,0.002591192675737297,0.0015050591038319636,5.83812059250929e-06,0.005413884412433741,0.0002460044343218723,0.0008102990477309733,0.019342016397225804,0.0024476651033617856,0.0022794976218890994,0.00045653974641435475,0.8607479877471361,0.032205593802263455,0.019342148704170253,0.0006597405380518625,0.037157477029750495
32,7.81970204888734e-06,0.00015983815581671214,0.00013114098413028887,0.0021521772330904253,8.285979105396665e-05,0.002489492770054314,0.00020428032539525923,0.0001840397414694312,0.0006205353036535225,0.0037503277563792504,0.0024930101864404416,0.00141344311300086,5.478897300839769e-06,0.004022941632015592,0.00030140691646368055,0.0007675364875528276,0.019518784040720074,0.0015425079059665375,0.0017440024543197313,0.0004002168109671878,0.8758031994289606,0.03713720868500392,0.01217864287323831,0.0005345267073790009,0.03235458209757805
33,3.5017441126639673e-06,9.559711476787307e-05,4.434750991970013e-05,0.0034149592292559805,6.571487552953887e-05,0.003025276487474098,0.00010787577048746266,0.00025971448271987327,0.0002223834737820282,0.004105870744825089,0.004907833208125942,0.0010539935013762366,7.100795952277471e-06,0.008100285093373901,0.0001004673998113959,0.0008703525577427234,0.04231705507830816,0.0016264160858512524,0.0015847572045352412,0.0007855161121559262,0.8345709342041738,0.04431455197196101,0.031433165723438704,0.0007624379662222141,0.01621989166409683
34,8.766679695639865e-06,0.00021008141827261499,0.0001764008824274377,0.0020722526017813284,9.545173004504279e-05,0.002627673973148614,0.00021049908373633444,0.00015266606412695362,0.0010606588448853593,0.0042736415477595754,0.0029744073614849124,0.0015526678248917476,5.4752914073595585e-06,0.0038803405310100453,0.0003513606140052399,0.0007166607984208156,0.019006922896093133,0.0015775664993224667,0.004017810000617485,0.000487174280976274,0.8722639184256876,0.03695294205267497,0.011369836651517013,0.0008217439699966379,0.033133079976015264
35,2.2029067617536372e-05,0.0001334243066737637,0.00021163138317099257,0.0020141728467777957,4.010894088892816e-05,0.001160350543130731,0.0002471650632594603,0.00024721773220698665,0.0010059834221333773,0.00383973154743074,0.001240436341785791,0.001717886797508314,4.945676729170283e-06,0.002310343851259181,0.00019573003692932784,0.0006151541958183608,0.014646705301806688,0.004572068915398184,0.001740271283538965,0.00015667344570103662,0.8858167028204508,0.041519159226060136,0.00400894899542171,0.0005333503332473598,0.0319998079250545
36,6.454053616996504e-06,0.00010280160948630166,0.00010645725329020074,0.0018942900839364924,5.427098468240223e-05,0.0012815322474954147,0.0002791509004014392,0.0005022614505893446,0.0006815216923862686,0.0027583454606929965,0.002676693317716805,0.0038263632426489957,7.4566716092698655e-06,0.0035560686080711125,0.0004949275151675861,0.0015553189844561106,0.015574925618169401,0.0014246155961104858,0.002724785752288959,0.0003935218200953744,0.8607766618204358,0.06660211578993688,0.00645176165621142,0.0003740525851306808,0.025893645285373464
37,1.7923796564731972e-05,0.00017499594237695504,0.0001739848569300334,0.0025899423885562983,8.077290073455687e-05,0.002359844101488897,0.00022441390236114728,0.00015981645996423287,0.000617950939062255,0.004179143374672153,0.0024176114287084564,0.001616044761957765,5.8838398580969834e-06,0.0034823379937233083,0.00017229775654955433,0.0006945299095918138,0.02004720727358841,0.002731340698194644,0.0014432551266119935,0.0004053802240407184,0.8740641209081045,0.032109979592816335,0.014001736824886184,0.0005970126312126388,0.03563247236744382
38,1.3208380793332502e-06,0.00018921374781481483,0.0002342107015729205,0.0026559850851034434,0.00015988156015624952,0.007111577061158894,0.000229885863612736,0.00012311851238388835,0.0006747759635379412,0.0017382839063849098,0.0030620873218625637,0.0014583460455462147,4.5272338666207806e-06,0.0057082361382094415,0.00027732049907998194,0.0008827734781584537,0.022174959485822484,0.0007902879833955967,0.003452879036073674,0.00039427445257086903,0.874472306692315,0.044270741159938315,0.011307438362573639,0.0009066122392594009,0.017718956631522478
39,1.590485975112697e-05,0.0012309861293040244,9.465739222755603e-05,0.006912400043506647,0.00026562444227731997,0.0013350754528669302,0.0005097590975511691,0.0001610802544902618,0.0009090328849398234,0.009048059974021474,0.0057985827456223825,0.002985718895793915,4.113105263077901e-06,0.017510149555403812,0.00029076930477255276,0.0005923009736318821,0.01181393657144149,0.0016797523048921442,0.0011178248578981446,0.0010407040037847051,0.7888812376397801,0.03969513235660273,0.05566183836413094,0.0007328837036291407,0.05171247508641686
40,7.304363562402851e-06,0.00017373889249935022,0.00018884619110853728,0.0016289891089841376,9.831378938792852e-05,0.002561325449364901,0.0002697341786152289,0.00016333951625270695,0.0008276535282945653,0.003773835665709999,0.0021703805647424264,0.001723277156659852,5.437542395938599e-06,0.004106584319204726,0.0004978543827327267,0.0007104461310638403,0.01280559146315495,0.0012670234763462662,0.0016323744446145323,0.0002715113864981661,0.8763049943686997,0.03574625589040203,0.00960504024153031,0.0004183834183288345,0.043041764529846024
41,2.076638820720054e-05,0.00026686089924591417,0.0003540765444222903,0.0023539438698824285,0.0004304477349441747,0.004650929551228872,0.0005053823407547125,0.0002798737696323435,0.0023345916885539933,0.003948983186793119,0.003866052432045785,0.0016621633745752728,8.388984090636274e-06,0.0035685601819380134,0.0011009131689284446,0.002137157954586509,0.01855791778311676,0.001684195575229087,0.001666810716097977,0.0007266516066817484,0.8587097485828855,0.025898634972048692,0.009783176548211122,0.0006547529172678276,0.05482901922863157
42,3.497512777523919e-06,0.0003664928636845989,0.00014645477266751896,0.00343585999717274,0.0006276691110772272,0.004670497164301119,0.00026371285707087953,0.00021163140350855897,0.0007039506850469397,0.0028411049803510257,0.0033365281598201706,0.0014106031441218465,4.811471927104913e-06,0.0016920247328061444,0.00028450732268762145,0.0005672785929201309,0.016672733427970293,0.0010587266355596523,0.0005186118593971731,0.000740619970090887,0.8348150261310576,0.054654752975240826,0.05641074544882281,0.00063284149589934,0.013929317284020066
43,2.227444392003864e-05,0.00018525507591818258,0.0003257341619029885,0.003422098148145268,0.0001346350083940173,0.002944338483583612,0.003610752773959832,0.0010079623018959373,0.0012439546186014902,0.0004009857474630362,0.0020025273156576494,0.0029930273655044575,1.9111890890883174e-05,0.00459576105703141,0.004479813631767751,0.0012047312952065009,0.022110368484065255,0.003872217271559961,0.0021450352630025117,0.0005837533520830585,0.8356415561824613,0.05257599545409678,0.01976514962791618,0.00045137183975731024,0.03426158920521448
44,6.985091270311593e-06,0.00014956644449207171,0.0001299033181427259,0.002313581846797262,8.463984283807712e-05,0.0023799207333158705,0.00020695013349264927,0.00017235766477315947,0.0005883992692365248,0.0037245840210165626,0.0024313739257451872,0.0013969785231798173,5.286832852399725e-06,0.0042872181957089445,0.00029031756341618546,0.000746685339220074,0.01951263230357186,0.0015170914350070533,0.0013894519055897422,0.0004127136219817762,0.875334188323354,0.03569973277776303,0.012815014200994313,0.0004989407276125683,0.033905485958627794
45,8.17793334798667e-06,0.00011947026283320749,0.000301592165299651,0.002610005124000739,0.00011738030362189457,0.004239776335459295,0.00039221239450749846,0.0006542768218167668,0.0010846166823951851,0.0036387441087223586,0.006250611292308552,0.001796527290053787,6.895132304072851e-06,0.0027865634757596497,0.0011268398246792328,0.0026852307899290517,0.014536619489704894,0.001762470320860519,0.0031212143688394327,0.0004772321524066082,0.8607084833765336,0.05329659513138386,0.008758386930748083,0.0007403175095198543,0.028779760782964483
46,2.1084056269834792e-06,4.9046129116451605e-05,5.576808351648342e-05,0.00211256295986301,4.3391268808653097e-05,0.002176723764547143,6.0817587494865043e-05,0.00010323774917054563,0.0001970490771434018,0.0017153669159853705,0.0019599602222267693,0.0006938357178725889,6.763777291495987e-06,0.002346527076041312,0.00010057835895195374,0.000536801585780838,0.045233685498611086,0.0012433390852562504,0.0009515350685080296,0.0004024827406321045,0.8721841789943326,0.03843602518085678,0.012693171448512827,0.00044154665424528324,0.016253496649606607
47,7.4760087502915156e-06,0.00012116145829545401,0.00010742025309736059,0.0014742635957722219,5.3903971718127975e-05,0.001313130436012526,0.00017637242979890637,0.00014160589535495229,0.0006231898006079736,0.0035154913423929247,0.001051786400277247,0.0015606151746484212,5.919669659163451e-06,0.003093071909861393,0.0002792685947461081,0.0007784336861621545,0.01871741427224183,0.0014941414723378913,0.0015650381307951678,0.0003474120149925454,0.8847708620321495,0.037847440809804345,0.006558142114999492,0.0004303722781846653,0.03396606624733945
48,9.628682497400282e-06,0.00031747715116577243,9.739270064477857e-05,0.0023033124383329247,6.896450801909055e-05,0.004565978164794596,0.0001550900708705685,0.00024416426879537317,0.0004889470431405931,0.005528020001543053,0.0034647634143895618,0.0010503936802438905,6.004364895383088e-06,0.004900340497507432,0.00016318065133698008,0.0007973141256585428,0.02836476777455561,0.0014138810436263695,0.0068177865465894275,0.0004209354638442902,0.8555060871387894,0.043603360670035916,0.019243731766599617,0.0011156199292863803,0.01935285790283718
49,5.580535273305417e-06,0.00012134071671863103,0.0001406982878695498,0.0025257393644147674,5.302354839654552e-05,0.002066734074079703,0.0001810386987383441,0.00013886882577944772,0.0004947718871091727,0.0035406197725729306,0.0018706303174169747,0.001614298445430776,5.254112195721367e-06,0.004120767795298661,0.00023272878632470302,0.0005794782896380488,0.016778821127845785,0.0013447843278646043,0.0010506619107782823,0.0003586750258894289,0.8812917954677948,0.03514703776683108,0.012819313276445296,0.0004758774489050869,0.0330414601903886
50,6.616745073984202e-06,0.00017389672855759662,0.00013659117648171472,0.0019387865550054375,0.00010254652513854691,0.0015618077360408436,0.0005265258946486555,0.00023758141327118274,0.00030941330081543926,0.005070505296723502,0.0018876983980016296,0.0016659270215159563,4.649119922082862e-06,0.005663980482064342,0.0003043605056940227,0.0006984889235067107,0.014314736029833288,0.0012237177086031293,0.0015025821509421322,0.00044189562007289357,0.8598236106940998,0.03494468670866426,0.02378527240852567,0.00029092226417427544,0.0433832005926225
51,5.420066787991882e-06,9.39512798713674e-05,0.00013467604385592648,0.0018348200274474384,0.00010754156504759124,0.0026796654539439184,0.00021803501314016674,0.0001388402565624295,0.0005230159441675037,0.0034219509015802796,0.0023912074247106714,0.0011469199272249415,6.567631317897173e-06,0.0027506091196922793,0.0003061255998239866,0.000904619772207394,0.02422244592915344,0.0012069038373097001,0.0012518440717266515,0.0004351809484148632,0.8807711187795306,0.024178516337004498,0.013097853446561806,0.0005125073084384153,0.037659663314478634
52,2.156388371834136e-05,7.275032603445041e-05,0.0002066737641723641,0.0016152820811943319,0.0001795721196925977,0.020569330791345417,0.00012388647837624966,0.00039541040243916734,0.0010549996602103543,0.008325738743446824,0.007297664774455797,0.0004054669084450969,5.114967386346096e-06,0.0055376208032252875,0.00092382202627042,0.002479223653149082,0.032746907066942055,0.015812179946165687,0.0020778512907195746,0.0006925160222406991,0.8061905281130798,0.0418466439358065,0.007340965077491682,0.0007958676480215685,0.04328241951597031
53,3.871979745630472e-06,0.00012623097875974896,0.0001351967546620375,0.002372684876476832,0.00011034631991965844,0.0018675975003511005,0.00046650153703355177,0.00019700333898531192,0.0005143314814498412,0.003709293391373228,0.0030007840172847165,0.0022223913672892244,5.187084742848313e-06,0.004094768795299987,0.00044074522511033216,0.000779132626811471,0.013210713089724675,0.0008638761658034954,0.001005064333738492,0.00041208319624535964,0.8737542244465876,0.03751603431197661,0.014569980124183484,0.00040968447239790443,0.038212272584046754
54,1.1770282844348279e-05,0.0003672600445805689,0.0001540675222166205,0.0021619332046958705,0.00014640585047978624,0.0030172435112399377,0.00031515359399459297,0.00016506102141699127,0.0007775973003350689,0.006223478826455028,0.001636492206283117,0.001539765925415853,5.146633714191987e-06,0.006124361588948678,0.00048115213848085416,0.0009329307883425574,0.014149182432751787,0.0012974136314247429,0.001771326414817962,0.0005724100161728169,0.8512206169047006,0.028865584872806015,0.014399710222088594,0.00036834514598888695,0.06329558991980436
55,1.1639486421257143e-05,0.00014410881276886897,0.00014621068968867192,0.0023247838334467075,7.321343870543654e-05,0.0020617071709867823,0.00023183577465802805,0.00012484268789653713,0.0012435098868957128,0.0021136092202187627,0.002138393135027388,0.004047147051381433,8.342446384652268e-06,0.0020587173154552186,0.00028806789536290023,0.0007384674360355553,0.012156482485744741,0.0018310462414908796,0.0013830519661841387,0.00036547534848643316,0.8855978007624536,0.035245829562135296,0.010228341704092576,0.0005201587276447578,0.03491721692043393
56,7.058465526321673e-06,0.00014428929385264252,0.0001273935327224332,0.002261411082499904,8.154396148059442e-05,0.0022933934760003246,0.00020469356287747267,0.00016524432821448523,0.0005900881120664759,0.003524809271464327,0.002346845182727508,0.0015312037794445914,5.918240309211968e-06,0.004221318143384075,0.000281989078965667,0.000720195861122521,0.01972648021683338,0.0014720892897852687,0.0014230482972196964,0.0004054403774850744,0.8759477196606433,0.03577034093321351,0.012518580038630028,0.0005111691896968659,0.03371773662383434
57,1.440021575030497e-05,0.00018568834084013163,0.00018852271567700702,0.0024246168984415834,8.197081972054196e-05,0.0026487893643689794,0.00022530206329303163,0.00019735491025329576,0.0006615519058394562,0.006257950152849798,0.0015238087544498424,0.0006326757206682927,4.929153784942393e-06,0.010095480144840347,0.0003996664984716557,0.0008225722019551428,0.019195751106462076,0.0037269084664225756,0.0015439444854200765,0.0004485288330210599,0.8693423952331761,0.02609973541625762,0.00934754283623375,0.00038151458371705744,0.04354839917808527
58,8.712193572900714e-06,0.0001515779891358081,0.00014493998915749047,0.0024255932254634723,8.079386278815082e-05,0.002555606321532999,0.00020992851687600783,0.00016753025503144593,0.0006642357587782852,0.0033836291132159075,0.00274759479210731,0.0016827089877045067,6.287437434696773e-06,0.004134202611623685,0.00025655171889189034,0.0007344211317320861,0.01895321395708887,0.0015878216250494327,0.0017048659225498619,0.00039219984454161083,0.8763045376281251,0.035947706330066616,0.013455137321233952,0.0007423269851189729,0.031557876481179054
59,8.038686303133003e-06,0.00014575712794351903,0.00016164488675566858,0.002457756624675106,7.729993117511132e-05,0.002494530343597378,0.0002107630287331453,0.00016408378011377767,0.0006506722664185959,0.0034876439958895877,0.0025742373244055875,0.0015528008055680615,5.793827591983288e-06,0.003730081265831762,0.0002685911414345256,0.0007371965458698498,0.01802760436070715,0.0014618561325909923,0.0015060614575182285,0.0004093353129276459,0.8799106997946399,0.03476836102147344,0.013248841423422112,0.0007012859002499039,0.03123906301416406
60,6.985091270311593e-06,0.00014956644449207171,0.0001299033181427259,0.002313581846797262,8.463984283807712e-05,0.0023799207333158705,0.00020695013349264927,0.00017235766477315947,0.0005883992692365248,0.0037245840210165626,0.0024313739257451872,0.0013969785231798173,5.286832852399725e-06,0.0042872181957089445,0.00029031756341618546,0.000746685339220074,0.01951263230357186,0.0015170914350070533,0.0013894519055897422,0.0004127136219817762,0.875334188323354,0.03569973277776303,0.012815014200994313,0.0004989407276125683,0.033905485958627794
61,8.097513663890864e-06,0.00014865202631776227,0.0001605124240269793,0.0024003365435345115,8.035178188010361e-05,0.0024102239663254654,0.00022095992683278265,0.00017281576714166943,0.0006446364092926906,0.0035997662201162246,0.002576051637256238,0.0015834275514818854,5.8927315503461474e-06,0.003734377703363122,0.00027502598201178393,0.0007272962134531567,0.0180580251890686,0.001474188859754068,0.001530010642480464,0.00040336769534912763,0.8789986158185037,0.034927164912184214,0.013249625597651861,0.0006715815365599409,0.031938995350199104
62,6.985091270311593e-06,0.00014956644449207171,0.0001299033181427259,0.002313581846797262,8.463984283807712e-05,0.0023799207333158705,0.00020695013349264927,0.00017235766477315947,0.0005883992692365248,0.0037245840210165626,0.0024313739257451872,0.0013969785231798173,5.286832852399725e-06,0.0042872181957089445,0.00029031756341618546,0.000746685339220074,0.01951263230357186,0.0015170914350070533,0.0013894519055897422,0.0004127136219817762,0.875334188323354,0.03569973277776303,0.012815014200994313,0.0004989407276125683,0.033905485958627794
63,7.574541156356886e-06,0.00018715998361758655,0.00012806108837008757,0.002344550133740869,8.745006416376352e-05,0.002335801865555333,0.00020713221364272884,0.00016331456863117694,0.0006004512998167827,0.003910800521390727,0.0022977487811777285,0.001418593699808098,5.2480606435636245e-06,0.004459059944868875,0.00028997662499428875,0.0007030397324760594,0.019348259579115443,0.0014067087460453095,0.0014820657752882887,0.00042152190092860456,0.8746945824367401,0.0351447784123287,0.013276642672431867,0.0004925944739969267,0.034586882879071086
64,1.7420625392079468e-05,0.002163123609835768,0.000444140530541687,0.04569293178900709,0.0012905247742265322,0.0412410446541073,0.01244178761288797,0.010163510411747205,0.0023902987396719486,0.016959487914233976,0.021376075519433657,0.01988632056895813,5.384263095837988e-05,0.0671680196092272,0.0008823667094033946,0.0805613355426272,0.03269356422758634,0.0039485590625427,0.005876685434566107,0.004289367740719961,0.41314742577083663,0.04240638452164859,0.0601832732427845,0.0021547242124645054,0.11256778454459117
65,8.996094196925194e-06,0.00014618397837610702,0.0001273976276684558,0.002311759782004929,7.996931136478616e-05,0.0023806266304553817,0.0002097255420672843,0.0001705762110679399,0.0006048165739272844,0.0030905677828419616,0.0019197647807337973,0.0015616421728558635,6.219695418715433e-06,0.0038987061319483464,0.00029697912476474975,0.0007787860683769903,0.020874977128366837,0.0017513403871673918,0.001080181606886718,0.00041587494336820186,0.8736494425475201,0.037845618669983774,0.013237524639906526,0.00038081807554649365,0.033171504493184435
66,1.0064987819795314e-05,0.0001605626007907303,0.0001379945385556187,0.0030581673967062435,8.149490368875264e-05,0.0019282186855415378,0.00021312511226079193,0.00017875051575758465,0.0005915536746415348,0.003904049943133641,0.0033167600373947633,0.0005836667576944357,6.716608243106392e-06,0.0013919557717525057,0.00025825703027507993,0.0008124990030655758,0.030021786082417526,0.0014238888765651086,0.0015061382964836356,0.0003228230289293453,0.8852013357910735,0.01899373774727758,0.012790232923516762,0.0003447554699715749,0.032761464216443034
67,8.515058321704426e-06,0.00010391676170185686,8.689332219194148e-05,0.0024289877072192277,4.236880852888208e-05,0.002929015282554727,0.00015567055319519802,0.00016306738653243635,0.00045385353946889457,0.003762345926526872,0.0014669100479936406,0.0015014587425395927,5.050910363345033e-06,0.0037773718257807154,0.0002872491504752843,0.0006312761000465736,0.016970589875263696,0.0015256309211926923,0.00035009929003544904,0.00030752550089131856,0.8669523910409974,0.038077859337256326,0.022790025227638906,0.00044508658791475044,0.0347768410953683
68,7.536370933554526e-06,0.00017717026450424954,0.00012374198201353087,0.002334467872234394,0.00016520457724879264,0.0033951686343242776,0.00024645442058021384,0.00020682380533303336,0.0006377968641082383,0.003770197859273062,0.003937851260155495,0.0015311992488051005,5.598554168051431e-06,0.004378534535433506,0.0002899648232467746,0.0010494589324828163,0.021431757165162244,0.0016420362871201108,0.002032273040560426,0.0006097384976708749,0.8731752582439698,0.033691730424957274,0.014470827900106158,0.0004929992518697024,0.030196209183738432
69,8.379037121277107e-06,0.00012927382492239779,0.00012800985353701212,0.0022554628744046014,7.509976689530611e-05,0.0022476123525107276,0.0001975238110182212,0.0001757161200369222,0.0004857552757006792,0.004025032411574742,0.003384830827419785,0.0012914969829957547,4.919811587465601e-06,0.0042739562251514936,0.00025960387154889237,0.0007335942323951376,0.019932264148757484,0.0019093060505176835,0.0011794402461470363,0.0003957643194737765,0.8693173676184032,0.03561003991076836,0.014060649927522121,0.0006356134571275737,0.03728328704246243
70,6.473282790414477e-06,0.0001557622047995764,0.00014390750283824636,0.002650109763717272,9.346355315737139e-05,0.002454598140443095,0.00021797806933281612,0.0001739006532370841,0.0006271942891036972,0.0034855459753935143,0.002417957577465971,0.001348983705440002,5.4535436234656495e-06,0.004127773190963138,0.00029860637057334245,0.0008472312511489942,0.01985339309104319,0.0013892505903199534,0.0012685842446436273,0.0005288800831249855,0.8765113090241283,0.036019956220503614,0.012973766647151054,0.00047358558566019173,0.03192633543939671
71,7.535597208744267e-06,0.00015494734261515058,0.0001280383669452151,0.0023771066115331643,0.00011620030587436618,0.0020892478689003803,0.0002043495494412651,0.00018114189733073517,0.0006040541017785219,0.0025846391080679406,0.001985357170209766,0.0013441956072637623,5.290456348321836e-06,0.0033748508322777116,0.000303862133390547,0.000752054447943586,0.018153902988822558,0.0019752475086492875,0.0011205629370646764,0.0005396620677775963,0.8733271670356137,0.04321015625255198,0.01623743420270298,0.000463563836000115,0.028759431773687956
72,7.620113055284981e-06,5.0957504098230084e-05,0.00022589692878914318,0.0016821828191815817,2.6409852621467638e-05,0.0027396736652887613,0.00020380134665092412,0.00022124410586767462,0.0010879847405356957,0.004251440347932175,0.0017926856306041627,0.0017511617675883557,5.8870479053366195e-06,0.002479195780415738,0.00033233900900647684,0.0010882296078972798,0.010676030475001748,0.0020137380587809933,0.0013540265787300324,0.00015313909752852884,0.9026448255107391,0.039566478557395174,0.0012525738345329496,0.000499819845839184,0.023892657774013643
