,0,1,2,3,4,5,6,7,8,9,10,11,12,13,14,15,16,17,18,19,20,21,22,23,24
0,8.019728637612562e-06,0.0004481036123489719,3.7324112637497393e-06,0.000176319017316125,0.00045567307241982277,0.00024700454083755014,0.00026269492766726435,0.0001445347658797348,0.02293043274735409,1.7936358370614192e-05,0.0013048250655329047,0.007285066234101329,8.810688020891963e-07,0.001995477394617603,0.11882883607746418,0.00021412027198242377,0.068842320162608,0.0069857371998446795,0.004688220439628718,6.192122002774464e-07,0.0011283152357253565,0.7506381084159771,2.974369328083501e-05,2.7644737252735178e-06,0.013360513872414137
1,2.167042035905281e-05,0.0010454656207350933,1.3141558162472008e-05,0.00035817306192091017,0.00029862859482905136,0.00022496974426367298,0.000703411824675293,0.0001543018968098662,0.023502273822757255,3.9602964794779466e-05,0.0010181632305521701,0.013528991778768958,7.967365942401364e-07,0.002998855632797327,0.0917048850448328,0.00021105276033384058,0.05723185600351491,0.012107833382385415,0.004242799671182164,6.126669605387361e-07,0.001444363251219483,0.750270386462982,0.00010246969308190529,3.3127652023105617e-06,0.038771981410284276
2,1.557488037889586e-05,0.0008469825122965769,6.580064993936183e-06,0.0003175851017180897,0.0004222478044020691,0.00012480308739762827,0.0006548594917744129,0.00014339960126050146,0.016438890820090334,3.333649653738396e-05,0.0009980506433421208,0.012220152854517831,7.92597400289178e-07,0.003699672923517343,0.10611283835944184,0.0001689623003323033,0.06574257843627254,0.011737055170467865,0.0024538228726513032,6.368997231599443e-07,0.001081142327977314,0.7262367500776606,0.00010768014611421782,1.870865233660683e-06,0.050433733664497764
3,1.6744698679196574e-05,0.0009242320317509638,8.981188267247799e-06,0.0003577953739631482,0.00031767168303078455,0.0001765619964901044,0.0006384389383044477,0.00013168423367307034,0.017011874462370867,3.222312125035545e-05,0.0013140609959285063,0.013555647961997108,7.270010419741246e-07,0.003370328999580049,0.07794009692794034,0.00015961046014067965,0.06393736176194027,0.011835454103653813,0.0029211436529918994,5.810824537163291e-07,0.0013700241545602904,0.7593953822428111,0.00015410296211984314,2.7705256172520893e-06,0.04442649943944324
4,1.6630499473826727e-05,0.0008956718321640556,8.285421072029989e-06,0.00035493375916093863,0.00030333307303106896,0.00015849174160184197,0.0006149017253275608,0.00012112806907835385,0.016788515420513402,3.0334735538604746e-05,0.001261559410578329,0.014944042263580133,8.499791709824867e-07,0.0033888408299722656,0.0723685398776879,0.00015424672166421442,0.06581072938670941,0.011868934479811355,0.0028142840947217966,5.915499099504991e-07,0.0013930900000177007,0.7613374892326299,0.0001489801824060134,2.7670005425713017e-06,0.04521282871363577
5,1.743052404601792e-05,0.0008597625831162225,8.110677847289866e-06,0.0004030693309657475,0.00023870931100059028,0.0001587406690374717,0.0005651747943311824,0.00011294096237048408,0.01559821156585207,3.108542515090087e-05,0.0011943083923385992,0.015244495103818234,7.518197339024934e-07,0.0034056483772705614,0.06121123035427227,0.00014515786448979055,0.06453823876610416,0.013417101733724674,0.0023897876250099995,5.803453473196113e-07,0.0014149079323638402,0.7723010410893048,0.000158003176495498,2.910688188793947e-06,0.04658260088781962
6,1.6744698679196574e-05,0.0009242320317509638,8.981188267247799e-06,0.0003577953739631482,0.00031767168303078455,0.0001765619964901044,0.0006384389383044477,0.00013168423367307034,0.017011874462370867,3.222312125035545e-05,0.0013140609959285063,0.013555647961997108,7.270010419741246e-07,0.003370328999580049,0.07794009692794034,0.00015961046014067965,0.06393736176194027,0.011835454103653813,0.0029211436529918994,5.810824537163291e-07,0.0013700241545602904,0.7593953822428111,0.00015410296211984314,2.7705256172520893e-06,0.04442649943944324
7,7.98228333568131e-05,0.0016221544237877703,4.232589080966532e-05,0.0004379819722545225,0.0005065636961742038,0.000322936114554206,0.0013759837271462639,0.00023809572655739353,0.027137323437066988,5.211916742508811e-05,0.0020709362390666135,0.02171684472250038,1.5829244948725456e-06,0.0037724410524651504,0.07210604258236726,0.00020271034998710585,0.0735510880327776,0.01831242803438584,0.009200095784555128,7.802746478887698e-07,0.001500295429394789,0.7067965057465928,0.00023917470651842413,7.285623183543734e-06,0.05870648150792976
8,3.1174021496524934e-05,0.0021915990670232587,2.397353486968494e-05,0.00033185177117640597,0.00044333260031601386,0.0002397971013058487,0.0013541182764213492,0.00019993240499740751,0.021299761415006196,2.4629845559243836e-05,0.0018788292670393176,0.02546773031586795,1.0156833559876156e-06,0.003122090099710173,0.06587013219168707,0.00019205862134558205,0.0680579316288921,0.010340346392871947,0.004211807726402465,8.229120714830119e-07,0.0014764176436525306,0.7348590156738777,0.0005001185874698712,4.866095775077268e-06,0.0578766471218088
9,1.7320562045988442e-05,0.001555670387030866,1.8922205999229986e-05,0.00031081914638199305,0.00024681540733184225,0.00021892814464809712,0.0009649822749534703,0.00014156432864919388,0.020758604902530408,2.3168098564643507e-05,0.0011419837386452423,0.022544446513211733,8.687315485542568e-07,0.00307232657593352,0.06353363280968251,0.00018227730636395594,0.058494254519646516,0.010943967390341735,0.002667368915195901,7.386913367264618e-07,0.0019362702140771032,0.7593478157123783,0.00031807769852957977,4.280153655794278e-06,0.05155489557131717
10,1.6744698679196574e-05,0.0009242320317509638,8.981188267247799e-06,0.0003577953739631482,0.00031767168303078455,0.0001765619964901044,0.0006384389383044477,0.00013168423367307034,0.017011874462370867,3.222312125035545e-05,0.0013140609959285063,0.013555647961997108,7.270010419741246e-07,0.003370328999580049,0.07794009692794034,0.00015961046014067965,0.06393736176194027,0.011835454103653813,0.0029211436529918994,5.810824537163291e-07,0.0013700241545602904,0.7593953822428111,0.00015410296211984314,2.7705256172520893e-06,0.04442649943944324
11,1.726508985993975e-05,0.0009284882719251749,9.111658624078718e-06,0.0003609939949832234,0.0003265720191523633,0.00017184062448270985,0.0006499316877517405,0.00013026652600006387,0.017272184719838973,3.183508212929637e-05,0.001322637014760238,0.014618042578645091,8.375414402770131e-07,0.003345044880373408,0.07600067575514627,0.00016176354141645625,0.06563742693926543,0.011902517531709771,0.0030081760174022676,6.184906436985352e-07,0.0014016520819708333,0.7577922862308855,0.00015836376771408012,2.942769398754121e-06,0.04474852518448022
12,1.4337688413535283e-05,0.0012632719665604875,2.982580085182732e-06,0.00034657259995445,0.00037708497831012564,0.00013582047009125676,0.00040306945949006355,0.00013854066295141876,0.014735687758064497,3.171491272821168e-05,0.0005316143043805981,0.010700400713478265,9.228868676719512e-07,0.0036591559630016635,0.044366016902476435,0.00016030260497283046,0.05934655532665781,0.011644549859581344,0.0014913925387154527,5.810475435977498e-07,0.0015789874440952259,0.7733057794097022,0.00012675477859403741,1.3083009599799744e-06,0.07563659484232323
13,6.126333488787575e-06,0.0005228101745596883,5.964578457365118e-06,0.0003336302446343068,0.00024824349793225103,8.256018601234387e-05,0.0006354003852621998,0.0001408194051728098,0.011972281858802331,1.7016696173780744e-05,0.0042520688779533414,0.015844146078901417,6.1955146781063e-07,0.004295543902578789,0.06947363590080893,0.00014015069241550174,0.05581739398638639,0.00800161529943439,0.002056243584444413,4.785825941052394e-07,0.0011762540231924415,0.7950567277269532,0.0003009118582166759,2.4230798379716854e-06,0.029616933494318837
14,2.193376363959543e-05,0.004881682000458864,4.064554291486348e-06,0.0004083390996709688,0.0009765514209920581,0.00017229133080033283,0.0010438652887745036,0.00014711197399438708,0.015280728810011732,4.715595543513064e-05,0.0023368699051087706,0.012512695559233858,6.037706000228961e-07,0.005210139353074829,0.07665209772987064,0.0001685419773152545,0.06510906564406455,0.011391106781296258,0.004747203837069115,7.469315192730318e-07,0.0010524421411063408,0.7552609674388208,0.00030646326418718746,3.1006780475839787e-06,0.04226423079061626
15,1.6744698679196574e-05,0.0009242320317509638,8.981188267247799e-06,0.0003577953739631482,0.00031767168303078455,0.0001765619964901044,0.0006384389383044477,0.00013168423367307034,0.017011874462370867,3.222312125035545e-05,0.0013140609959285063,0.013555647961997108,7.270010419741246e-07,0.003370328999580049,0.07794009692794034,0.00015961046014067965,0.06393736176194027,0.011835454103653813,0.0029211436529918994,5.810824537163291e-07,0.0013700241545602904,0.7593953822428111,0.00015410296211984314,2.7705256172520893e-06,0.04442649943944324
16,9.875080690607304e-06,0.0007209090688156373,5.301224982513828e-06,0.0004165239841932257,0.00017837640239436149,8.828368782654513e-05,0.0006206649312737376,0.0001274391866016968,0.011160627184292433,3.496776251415264e-05,0.000722460643563018,0.013842528143146572,6.106639475844033e-07,0.0038307208985002774,0.06439188951601733,0.0001387786432434074,0.05578503845089952,0.019047153233253095,0.0021081285603238684,5.608422123374623e-07,0.0015202823851090418,0.7805940411172927,0.00011138196921307314,1.7885314477420864e-06,0.04454166788824561
17,8.940703629391107e-06,0.000613590371515874,4.5820039960518266e-06,0.000470960764369018,0.00028138981814628054,8.402104050080929e-05,0.0007731184982239463,0.00019668744986848678,0.00874186129824912,0.0001307856020618803,0.0012564534076927234,0.016647565244736665,7.701854940522696e-07,0.0031578083620866925,0.049734418751547646,0.0001433949944075895,0.06792851460260499,0.016609192415779253,0.001468560325223161,6.805807795675855e-07,0.0015035798003935424,0.7814087238631356,0.0002342951153446089,1.8696824929723158e-06,0.04859823511772012
18,1.1478869513942456e-05,0.0005156133070097056,4.727371357135938e-06,0.0005220508415351875,0.00023464416591579838,8.599012188894164e-05,0.0005955643542209278,0.0007723425850208144,0.011032250064368553,3.7406508618650026e-05,0.0005595286196612236,0.013963833160693448,7.486273320780004e-07,0.0009427279109076464,0.056877893451279575,0.0002123861812883436,0.05296130547819896,0.002748051198013444,0.0017481127988558426,5.209150431999049e-07,0.0012079915753443879,0.8031143142133792,9.991164506010747e-05,1.729442726704381e-06,0.05174887659276608
19,1.284324534579754e-05,0.0008028454238179981,9.043439864459363e-06,0.0002627015243738636,0.00021931061105168206,9.229553743871869e-05,0.0008210544066612113,0.0001446527920006156,0.014857882005292124,4.7503459341917485e-05,0.000928372018510431,0.01629298769147321,7.077718338213856e-07,0.006332369191037723,0.07234453554636636,0.00015416209233478197,0.05365962119273072,0.03918431871445107,0.0019654942571018306,6.60608455023657e-07,0.0013400022837461046,0.7436074912059436,0.00012694534352531648,2.1353985648076864e-06,0.046790064238736946
20,4.4000589489029834e-05,0.00044012380837048383,7.467789352846658e-06,0.0013910778239025173,0.00014288969945080597,8.407093356494091e-05,0.0009957940467076646,0.0001331022885649628,0.00899515056742522,0.0005729231830005659,0.001036010006374604,0.016083283341746076,2.4096441964651325e-06,0.021942837859064302,0.08786128283630233,0.00014247074243441745,0.04810120204951307,0.08651014823862574,0.0016762770359045847,2.570958659128244e-06,0.003040312225170614,0.614553736389126,9.92064979834785e-05,1.598843003978327e-06,0.10614005260206633
21,1.8267317923373103e-05,0.0012749951072943372,9.095108823872848e-06,0.00043468787429314174,0.0002482742007852031,0.0001642006396162483,0.0007459782623298482,0.00014533543282841232,0.02021605169459593,3.8402025528197024e-05,0.0011496081228973424,0.019936610133667425,8.077748633392216e-07,0.004133642720437807,0.06928694135735784,0.00021032571621180138,0.052526975183864115,0.013250230564193655,0.0028936447465585406,6.421062291883978e-07,0.0014875539763009908,0.7731180593453566,0.00011331781252404592,2.9294347500854677e-06,0.03859342334076853
22,2.188283900531924e-05,0.0005787726842440162,7.994489318077312e-06,0.0007918809681328136,0.00026875307216458496,0.0001861173764058533,0.0008264376983848593,0.0001525015344213275,0.013914367008864226,0.00010387230648145925,0.0012458289072136378,0.02209824574971024,6.436902045660246e-07,0.005194060064568387,0.06884289072773259,0.0001407841685347693,0.072454139737821,0.002030582675099604,0.0025157428218074303,6.593805713435349e-07,0.0016187542665164446,0.7604648705947414,0.00010611575150009961,2.4701810650777194e-06,0.04643163130549068
23,1.6744698679196574e-05,0.0009242320317509638,8.981188267247799e-06,0.0003577953739631482,0.00031767168303078455,0.0001765619964901044,0.0006384389383044477,0.00013168423367307034,0.017011874462370867,3.222312125035545e-05,0.0013140609959285063,0.013555647961997108,7.270010419741246e-07,0.003370328999580049,0.07794009692794034,0.00015961046014067965,0.06393736176194027,0.011835454103653813,0.0029211436529918994,5.810824537163291e-07,0.0013700241545602904,0.7593953822428111,0.00015410296211984314,2.7705256172520893e-06,0.04442649943944324
24,1.9788491722046972e-05,0.0014773268993137606,7.835005394642583e-06,0.0002548458971746784,0.0003233719133331852,0.00018691464830897442,0.0006457543594669299,0.0001332004666191342,0.016681572661649147,2.436548184812847e-05,0.0013716294158695466,0.015567068523659452,8.061670653591023e-07,0.002274362549120625,0.05930545659247831,0.00016272895000899384,0.06742636727925916,0.00890946958286802,0.003185511117923484,6.743826941706023e-07,0.0013988170445584985,0.7738590524009317,0.0002024894952074894,3.129410315168868e-06,0.04657746126320934
25,1.044985715617547e-05,0.0008863872053250579,7.181769664618356e-06,0.0004091317511721769,0.000341387116675745,0.0001624404402625143,0.0007743644978185312,0.00024884146567643846,0.010438884886203554,2.66982894802357e-05,0.004447976385716471,0.014010507847265546,5.018186025841374e-07,0.0047000704338579944,0.061286127698028506,0.00017341738555674095,0.055479685079478654,0.00987335093513531,0.002624193184704522,5.744052695540105e-07,0.001148472648944742,0.8067898163814978,0.00029658944129314297,3.196169871500393e-06,0.025859752905341937
26,6.551527153977962e-05,0.0014280643906077434,2.297603428613723e-05,0.00044804395510058783,0.0006162952953932562,0.0004730609115421905,0.0006027606340355783,0.00012027968632289968,0.034511989153753586,4.0171209585211625e-05,0.002257161180207327,0.015271650728637391,1.7454120003831464e-06,0.0033547491034517695,0.0530406842326127,0.00018258197394750754,0.08922256016984505,0.019013549484541373,0.006792555768004574,9.925429056639842e-07,0.0017905350537926012,0.7192617366963527,0.0003354079405352285,1.2886784866654755e-05,0.05113204638613201
27,3.326220989486176e-05,0.0006773801044233476,1.7243381727376597e-05,0.0005541637495445497,0.00023176769928096356,0.0003826404030585441,0.0004810574111772275,0.0003244314097456915,0.01371264963146442,7.811193074316513e-05,0.0012440534782176484,0.010907497667988425,0.0011759790229781766,0.002906055783357139,0.07621041526482308,0.004180143772837595,0.1707986793568506,0.012655960413598875,0.0049294153081959275,0.00010450701410777566,0.004793211952108087,0.6594565419811524,0.0001300392757527739,0.00016597716858140723,0.033848814608389705
28,1.6744698679196574e-05,0.0009242320317509638,8.981188267247799e-06,0.0003577953739631482,0.00031767168303078455,0.0001765619964901044,0.0006384389383044477,0.00013168423367307034,0.017011874462370867,3.222312125035545e-05,0.0013140609959285063,0.013555647961997108,7.270010419741246e-07,0.003370328999580049,0.07794009692794034,0.00015961046014067965,0.06393736176194027,0.011835454103653813,0.0029211436529918994,5.810824537163291e-07,0.0013700241545602904,0.7593953822428111,0.00015410296211984314,2.7705256172520893e-06,0.04442649943944324
29,1.6744698679196574e-05,0.0009242320317509638,8.981188267247799e-06,0.0003577953739631482,0.00031767168303078455,0.0001765619964901044,0.0006384389383044477,0.00013168423367307034,0.017011874462370867,3.222312125035545e-05,0.0013140609959285063,0.013555647961997108,7.270010419741246e-07,0.003370328999580049,0.07794009692794034,0.00015961046014067965,0.06393736176194027,0.011835454103653813,0.0029211436529918994,5.810824537163291e-07,0.0013700241545602904,0.7593953822428111,0.00015410296211984314,2.7705256172520893e-06,0.04442649943944324
30,1.6744698679196574e-05,0.0009242320317509638,8.981188267247799e-06,0.0003577953739631482,0.00031767168303078455,0.0001765619964901044,0.0006384389383044477,0.00013168423367307034,0.017011874462370867,3.222312125035545e-05,0.0013140609959285063,0.013555647961997108,7.270010419741246e-07,0.003370328999580049,0.07794009692794034,0.00015961046014067965,0.06393736176194027,0.011835454103653813,0.0029211436529918994,5.810824537163291e-07,0.0013700241545602904,0.7593953822428111,0.00015410296211984314,2.7705256172520893e-06,0.04442649943944324
31,4.1897430580269704e-05,0.0015023482965516991,2.0795843865959095e-05,0.0004348126465146342,0.0003604332804752861,0.00020007899443969977,0.0010411123789245884,0.00024520752340219626,0.018223742538117246,4.4969274388959405e-05,0.0014975290184665402,0.016376372003895873,8.789705498901844e-07,0.003837685689400829,0.06998258433758572,0.00017375278479481737,0.06686126120421569,0.015430911377852819,0.005291278017598506,6.70989233455695e-07,0.0014113430986429473,0.745508758531565,0.0002122690760022463,3.535987264287764e-06,0.051295770705670846
32,1.8177994901995046e-05,0.0009665604990668694,8.997403554475092e-06,0.0003422209300423281,0.00031130961946136036,0.00018356150455014038,0.0006185091797184579,0.00013276685018468828,0.017034347078405714,3.18614649732344e-05,0.001331858141017581,0.013057167544123099,7.224581676260481e-07,0.0032307883420801724,0.07757522595284265,0.00015760602057712642,0.06325212914336673,0.011596986808227967,0.0034400049585654353,5.680327261391347e-07,0.0013519765149303965,0.7632158996227841,0.00014766530321422101,2.973114898822587e-06,0.04199011551761831
33,8.963315706315068e-06,0.0007893569797863483,3.800812340838351e-06,0.0003799997133155072,0.0003198499895795087,0.00022903078159790613,0.00046240431051868403,0.0001284394044843374,0.0061767522536126905,3.9650645751027014e-05,0.0025311230805383188,0.010760865242806679,7.150205154935172e-07,0.003762346682663523,0.029840069383947263,0.00016528000014676955,0.07421251468127356,0.012286864773680716,0.0032961304705680576,7.020534082948591e-07,0.0013736117489528052,0.8172692752318035,0.00040250598134822355,3.996377707620091e-06,0.035555751063946074
34,0.00010163890353290671,0.0017534778091092024,1.7577832523580905e-05,0.0002443496980576844,0.000379736973319139,0.00024440598517321986,0.00058935060219968,0.00014244630096744304,0.0313496077061902,2.3045922153090715e-05,0.0015044030030598923,0.014488006529577184,8.785676594842128e-07,0.0025728979816017268,0.0909585732055924,0.0001600571156843329,0.06100950661847295,0.01432935065172265,0.0076752269550590104,4.4332553503086486e-07,0.0011015687934967156,0.7427987008653407,3.6781971063186376e-05,5.247318233357148e-06,0.028512719364674966
35,6.560643914280458e-05,0.0008858138259624368,1.437397498320151e-05,0.00033905916388666136,0.0001884471602768401,0.00010658763827318962,0.0007479969319725429,0.00013267792752413965,0.020942862900661698,3.315740047502886e-05,0.0007658280451943356,0.013815282032691813,7.465163889662504e-07,0.004539077188793958,0.06482278365051028,0.00016217535645782883,0.05789704854017616,0.004961462139744123,0.003131472869210876,5.657806563206136e-07,0.0014161981613037642,0.7769818147593017,5.160038097226891e-05,2.8075008034910308e-06,0.04799455371463578
36,2.0272957428988994e-05,0.0012748339056691813,1.305326771617361e-05,0.00034072113616972544,0.0004968869751793881,0.00048759486926417127,0.0006757135095062924,0.00011657554716439001,0.024170350612335887,2.968877278051571e-05,0.0017991654322385175,0.010918731893467329,7.708773127989482e-07,0.0035290266046597196,0.08176689013959114,0.00017808964318641437,0.09389226047751716,0.010318994401865423,0.004005816672457841,8.552836112225677e-07,0.0017494155034380923,0.7113309719684128,0.0003276074925227973,4.828573388618309e-06,0.05255088348311559
37,4.721071193214008e-05,0.0014517302518905328,1.8626058437052134e-05,0.0002927520876342829,0.00033940708387877064,0.0001933499004230879,0.0009164525465641617,0.00012954333583136343,0.02153290580226858,2.5373260519541855e-05,0.0014915399209132255,0.019183544495009464,9.631266579742467e-07,0.0034614199033039723,0.048502690398996934,0.0001496935347133059,0.06716765711762789,0.007417846572250818,0.0046061544095015216,6.269243805725416e-07,0.001492591105459882,0.7703014488906267,0.0002592577277768916,6.2487526177168725e-06,0.051010966080783406
38,1.239679392035353e-05,0.0008873132098531995,9.29669709618583e-06,0.0003450825330748978,0.0002446209442891253,0.00011402333967926914,0.0007381907769696217,0.0001252487221042114,0.023462494684007133,4.080865073664421e-05,0.001333790491648818,0.011122132527776475,6.790097024621107e-07,0.0035782229321987585,0.1095322518517538,0.00012988255095104133,0.06461996824110455,0.015077679865373476,0.004219264488647915,6.200929650493557e-07,0.0013794929623986666,0.7179809772853522,0.00020261905079387124,2.470685795730667e-06,0.044840471611806446
39,1.3619429298216416e-05,0.00040184966468037787,1.3134246044780482e-05,0.0003863213490850739,0.0002454178372121541,0.0003183715519091509,0.0005003960286516716,0.0001307799435475016,0.014714308278694768,3.4967440276906586e-05,0.001115913209377777,0.010159316227929444,8.461987997271462e-07,0.004033258050227023,0.08399385241448742,0.00016995500951887764,0.0652651251963695,0.011665739949542366,0.0033809896908527327,6.053978062849415e-07,0.001915256201699709,0.761549073472479,0.00012177287112120863,3.0979605605109602e-06,0.03986603237982795
40,1.4584903630160606e-05,0.000800583475989368,8.308475454969192e-06,0.0002991601570880328,0.00025165086948466864,0.00011862616324742335,0.0005720006772165843,0.00012011264324064909,0.01391696661266117,2.7509011310032474e-05,0.0010210019145049875,0.01084477173677939,7.705874986003119e-07,0.0033208023814527976,0.05467441641731966,0.00014955652595935413,0.05627578181587361,0.010628597348570827,0.003422410706305024,4.3212241582402256e-07,0.0013236313092148,0.7927930396366955,8.212475613941847e-05,2.1804370886418318e-06,0.04933097931485873
41,2.791589482296545e-05,0.0007894148606698738,1.1811655643958903e-05,0.0003496736623364998,0.0009694012519643002,0.00016688494343825743,0.0008433679706711982,0.00022674375374140407,0.0357292538749113,3.17679199837465e-05,0.0009836050480247689,0.012445829733853669,1.018144116588497e-06,0.0035209813136187628,0.14547208396833164,0.00031413290235072193,0.07061818496964782,0.014779678163515088,0.002566541994137492,6.733671618537529e-07,0.0008986089054391778,0.6605870668941854,3.9337486462924616e-05,2.007013687994747e-06,0.048624014307282686
42,7.646035822109586e-06,0.00039773593749660284,6.1179145048952575e-06,0.0005688685208322838,0.00010584812427707704,0.00018587310903321922,0.0007203991960248581,0.0001502589622686093,0.008618952030660048,6.088835056257975e-05,0.0011930147752357025,0.01275004049312461,8.078707549370417e-07,0.011587767788698342,0.06589365499314423,0.0001676815158902032,0.07772005728269166,0.017889415697583483,0.0033506242848998003,1.0250266731871386e-06,0.0015559137407056443,0.7570856684863982,0.00011339158244733838,2.974772541226855e-06,0.039865373507729736
43,1.4795303475744939e-05,0.0008342551672335247,8.194363013495559e-06,0.000370514240687769,0.00029633654209913865,0.00018924690380064317,0.0005299067006601467,0.00013691254268238549,0.011623161419206784,4.938938442273271e-05,0.0011389931805160308,0.008209728096544187,7.427928098385549e-07,0.003138299432459536,0.0662312871672779,0.00016262319515918108,0.06432707580638504,0.01136793306428934,0.003116045366371481,6.138063143488606e-07,0.0017848349964377714,0.7853895479479243,0.00015808736529913852,2.911031466601237e-06,0.04091856418346263
44,1.6744698679196574e-05,0.0009242320317509638,8.981188267247799e-06,0.0003577953739631482,0.00031767168303078455,0.0001765619964901044,0.0006384389383044477,0.00013168423367307034,0.017011874462370867,3.222312125035545e-05,0.0013140609959285063,0.013555647961997108,7.270010419741246e-07,0.003370328999580049,0.07794009692794034,0.00015961046014067965,0.06393736176194027,0.011835454103653813,0.0029211436529918994,5.810824537163291e-07,0.0013700241545602904,0.7593953822428111,0.00015410296211984314,2.7705256172520893e-06,0.04442649943944324
45,1.221010431813799e-05,0.0004731220127540203,9.166618696817206e-06,0.00038587096856127384,0.00025095408539870456,0.0001682833862152216,0.0005809164949368899,0.00012452278490625266,0.012712817941577857,3.633530763015309e-05,0.0015594026261207961,0.009321707881727353,6.802216178592135e-07,0.003746768830083085,0.12813758950345253,0.00014908010105375228,0.07018551405051848,0.012969262741370717,0.0024356186320797614,5.318454948990804e-07,0.0010265066056105953,0.7235527831743567,8.018596646406926e-05,2.4096165315213773e-06,0.03207775849852282
46,1.217426728179619e-05,0.0005668942659224088,5.995869469640029e-06,0.0003025888503630977,0.0002497601764539912,0.00021495751189038403,0.00029714835182996784,0.00035239505192830744,0.0077649090333714935,1.9351565274769682e-05,0.001418012283819275,0.008835839821460975,8.839919205344526e-07,0.0025185243687944263,0.053008131324105055,0.00047769516210652985,0.012376899667506018,0.009768974273023477,0.004820916488817798,5.641568966603903e-07,0.0014322609524390142,0.8585019653124981,0.00018564995093952008,3.38004677537115e-06,0.036864127255111144
47,2.0367351479417423e-05,0.0006547592829810198,7.255350442182394e-06,0.0003102810481987548,0.00020193925973194138,0.0001298811949672615,0.0005350515344677345,0.0004816970394231087,0.016406810260672283,2.6303899508230087e-05,0.000615088367521075,0.018177012534212524,5.471304498322726e-07,0.0023513947455291433,0.0631987419899984,0.00015304693620238422,0.07355534745478196,0.011143394686613985,0.0026106345063578633,5.863732095981252e-07,0.0014647719397675252,0.7635172408729868,6.896654274397188e-05,2.550458591710709e-06,0.04436632923916117
48,2.2154865483727195e-05,0.0019187066372694029,8.335251942868783e-06,0.0004841640524375242,0.000350984246371465,0.00031493876886873285,0.0005990706641112169,0.0001409995757254415,0.013621523962358504,2.4353640065762272e-05,0.002018848742355842,0.011612587757309882,7.68805884791852e-07,0.004078073644385921,0.05056941333604656,0.00019838658410111163,0.053991342793395666,0.019292411254299507,0.010133424535234102,6.746677261045741e-07,0.0015010423406661647,0.7794806628802623,0.0002712687674485327,5.068320473341075e-06,0.04936079390577537
49,1.4959720789793984e-05,0.0008752247155756368,8.927765948192099e-06,0.0003889821751981265,0.00023511246702462256,0.00017096050347543807,0.0006042191962530605,0.00012236839015444947,0.019422680779175604,3.312258996475749e-05,0.0012591844026180333,0.009558622445617093,6.899453702433329e-07,0.0032720444683188637,0.09195462345363234,0.00015563623931790256,0.0601418919960869,0.011781409355904706,0.0033060046228121807,5.69438564231894e-07,0.0013856574659547273,0.7495356873465252,0.00017813772293779684,2.7946362755970103e-06,0.04559048815650449
50,1.6862543161471904e-05,0.0009880291316671937,9.187216725463563e-06,0.00036127876277901815,0.0003209828074775777,0.00017747167130418732,0.0010689312877032655,0.00011416269297384384,0.009909768120770095,4.122948794207674e-05,0.0012844948453499302,0.01731899507987497,6.567165609442764e-07,0.003781337407544605,0.08230561342175946,0.00015112378022266604,0.061196213304176565,0.011441863809848773,0.002923948231225079,5.630141309386404e-07,0.0013726560773065482,0.7582310853587486,0.000154473383879363,2.5710395917138728e-06,0.04682650080727597
51,1.7678530167377883e-05,0.002000105403014306,6.606535253515345e-06,0.000410379575613804,0.00012908823958493335,0.0001033564288594817,0.0005013270868482084,0.00013200804849476403,0.014611247137319363,2.9343519868910978e-05,0.0011283227296396963,0.0132692685223498,1.0676957679962238e-06,0.003661128299860346,0.06177487518964685,0.00021508447520445263,0.07815639530601422,0.010480351134759614,0.0029766838497793783,5.850814702157309e-07,0.0010720811036421909,0.776099016940148,0.00011152474098354465,2.283170626741047e-06,0.03311019125508205
52,1.8037355960410487e-05,0.0005959363323599859,7.977923979308087e-06,0.0003675807859205578,0.0003002692361203844,0.00021330064210263073,0.00043490192280852574,0.00013102598869822854,0.015123492777500983,3.220895605696019e-05,0.0013609011267583931,0.0074595270137795995,6.260350633725393e-07,0.003241131553114479,0.10452016848658963,0.00016254280148452047,0.0644955013835399,0.009731611281597805,0.002386394290335948,5.544692038899951e-07,0.001063275020811752,0.7451724301774011,0.00011167980959687493,2.4313376225914977e-06,0.04306649329159255
53,7.313014474539186e-06,0.0005852509075906568,7.911228548792819e-06,0.00036018268806811346,0.00041027133773512326,7.392628905952811e-05,0.0014977310310847448,0.00015903255195709784,0.01220393647005602,3.167012884842045e-05,0.0014310736746967526,0.016929065256311562,6.732433511848262e-07,0.003552842371858013,0.10929949796670034,0.0001753660010015237,0.05108698075033069,0.015083296619560675,0.0014950016117630408,5.099127681701301e-07,0.0012085703116942938,0.7419885819549193,0.00018054500985171897,1.7639800397155714e-06,0.042229005687729984
54,1.7131488740610346e-05,0.001400370786132491,5.669882338946115e-06,0.000517055123005375,0.0002440246935526974,0.00010045771612480253,0.0005677336343148529,0.0001607658962371932,0.015957042633306037,1.4900356586815552e-05,0.000478683168439355,0.011948412077898712,6.334580684708961e-07,0.0011829903513392852,0.09786635505227459,0.00015348515776783783,0.058072062667106655,0.009586928885495321,0.0021364676307555133,5.409892335319464e-07,0.0015059598508549495,0.7478427247714855,7.295932972722494e-05,1.2412422000334153e-06,0.050165403157013
55,3.1730292014124025e-05,0.0007968056867867683,1.2439280948833089e-05,0.00039979043695961635,0.00018728065699553446,9.956470826445811e-05,0.0007818594763254421,0.00010779562964231666,0.04521210006220562,2.405626104822498e-05,0.0006020620636998855,0.03489463617326178,1.1930410664072398e-06,0.0023389638191182263,0.06162852560854189,0.00016284778564241206,0.05887545480629857,0.014744660084105259,0.0024752200836506426,4.743113508665119e-07,0.0015367525305835256,0.7303418920236615,4.0982704372772804e-05,3.342938768625837e-06,0.04469956953468679
56,1.6922664163459762e-05,0.0009005774826330742,8.930536089870716e-06,0.0003565225469695004,0.00031030588122067714,0.00016890341995685727,0.0006409166583967256,0.0001283332325301909,0.01690744874521904,3.143505137281988e-05,0.001302136772295379,0.014625866785162613,8.182938631111069e-07,0.003329958957683696,0.07541703981495686,0.0001580639258334426,0.06476036871306709,0.011790575869001053,0.0029940458057235763,5.937456865495135e-07,0.0013898838588679522,0.7599735934167496,0.00015324272153007093,2.859830995486666e-06,0.0446306552700314
57,1.445842299666668e-05,0.0010460705524968212,1.0308793081726768e-05,0.00030672583084644567,0.00024137231409622606,0.00010545346792789612,0.0007170077649041952,0.00011348516998325427,0.025053906159086647,2.7353252282346273e-05,0.0017256084912843194,0.006832389559217246,7.067172535102843e-07,0.002594613788235004,0.1214558808282382,0.00015314373931835532,0.06067588407677614,0.009401308805374188,0.002742112301816115,6.052925876038854e-07,0.0013051970291523866,0.7254320560053668,0.00011726131946218337,2.6762922113383934e-06,0.03992441402600461
58,2.1461056358268773e-05,0.0010212668125548032,1.0682923899509007e-05,0.0003698946839994968,0.00034538639421402415,0.0002030326237608643,0.0006906445923201453,0.00013142746689462055,0.019683479926613873,3.18012653226991e-05,0.0016259819015957233,0.015979885637634462,8.93630078616521e-07,0.003266956601925233,0.07111672016187712,0.00016469226025401024,0.06462294063036295,0.01232274713822791,0.0036749815099238873,6.170965787566795e-07,0.0014509482911560351,0.7600598753579654,0.00018473910095125515,4.107296201438727e-06,0.04301483563932857
59,2.0240000776704516e-05,0.0009933068891499223,1.2226470698561352e-05,0.0003797124186166793,0.0003393084874562324,0.00021119097742263913,0.0007007375007131376,0.00013589210011421928,0.019627408148204288,3.3473001455251036e-05,0.0016050119594764115,0.01498775903864571,8.212393144447433e-07,0.003167698383645986,0.07591571969701352,0.00016944201179361365,0.06246448033336287,0.01209950792556709,0.0034650764023313346,6.303101452669931e-07,0.001505702098091457,0.7597112451179823,0.0001917444933368459,4.131062674569179e-06,0.04225753393201078
60,1.6744698679196574e-05,0.0009242320317509638,8.981188267247799e-06,0.0003577953739631482,0.00031767168303078455,0.0001765619964901044,0.0006384389383044477,0.00013168423367307034,0.017011874462370867,3.222312125035545e-05,0.0013140609959285063,0.013555647961997108,7.270010419741246e-07,0.003370328999580049,0.07794009692794034,0.00015961046014067965,0.06393736176194027,0.011835454103653813,0.0029211436529918994,5.810824537163291e-07,0.0013700241545602904,0.7593953822428111,0.00015410296211984314,2.7705256172520893e-06,0.04442649943944324
61,2.020550086814741e-05,0.000976826705059035,1.184688442548198e-05,0.0003765888105495817,0.0003378913944926735,0.0002000961054316657,0.0007081947220718154,0.0001375621280957203,0.019205121353928014,3.353417350725722e-05,0.0015411109530271397,0.015014265958931208,8.259597213827022e-07,0.0031969171575220016,0.0765121228538165,0.00016623474139802432,0.06277090449105927,0.012218223970668147,0.003386394867283058,6.240379863256595e-07,0.001479301009381816,0.758474269149326,0.00018322126770179849,3.911786613155111e-06,0.04304380401713472
62,1.6744698679196574e-05,0.0009242320317509638,8.981188267247799e-06,0.0003577953739631482,0.00031767168303078455,0.0001765619964901044,0.0006384389383044477,0.00013168423367307034,0.017011874462370867,3.222312125035545e-05,0.0013140609959285063,0.013555647961997108,7.270010419741246e-07,0.003370328999580049,0.07794009692794034,0.00015961046014067965,0.06393736176194027,0.011835454103653813,0.0029211436529918994,5.810824537163291e-07,0.0013700241545602904,0.7593953822428111,0.00015410296211984314,2.7705256172520893e-06,0.04442649943944324
63,1.7662929966548387e-05,0.0011394415509016437,8.849918148744187e-06,0.00036330990890512697,0.00032405277533604143,0.0001707872753704021,0.0006367714470929571,0.00012716005620004044,0.01721661473269443,3.353617652825043e-05,0.001246709653663189,0.01348751894313328,7.151938575399349e-07,0.0034421790745250086,0.07790006359547924,0.00015505438487061957,0.06389651555564234,0.011516362669938334,0.0031626715430239367,5.939086137769858e-07,0.0013661659951383965,0.7587392257881337,0.00015944812888224659,2.7772715493068293e-06,0.04488581152240483
64,1.3491177483773045e-05,0.0008693324324203221,8.228559611055615e-06,0.00036612040151797967,0.00027297121191853263,0.00016425440059439112,0.0006015990886422004,0.00011700484883407695,0.015830560617660444,3.291447303878649e-05,0.0010803141251119063,0.013896166226567282,7.421076384057897e-07,0.0033239389628967604,0.07144107656212563,0.00014961099028438154,0.06351747270480694,0.011329029602530854,0.0026107920572614523,5.910028903548032e-07,0.0016919075497839864,0.7680058894534355,0.00016048641835197223,2.630030275558224e-06,0.04451287499431768
65,7.89189513348134e-06,0.0009197910450603427,9.930288184953287e-06,0.00046649982939978485,0.00023670020188478141,0.00015667611145924886,0.0009784207521586778,0.00017513592063665487,0.008311766462698095,5.662084962917518e-05,0.00082642320538139,0.012198174226603171,6.008131486448127e-07,0.004493611774532603,0.07883249494996958,0.0001573908828921108,0.06310994489373299,0.011415895833580063,0.002212442048104964,7.023633258294041e-07,0.0019275713310317943,0.7553786981760666,0.0003149121352678215,1.616071688882781e-06,0.057810087938428546
66,3.0985764717097726e-05,0.000852812162458761,2.042748718397594e-05,0.0003890304540449344,0.0006584539827762011,0.0003712775800890098,0.0007571994529704724,0.00013142144196244342,0.028073735994609775,5.209777312289481e-05,0.0014617004188281254,0.010426886802960911,1.6937751678918804e-06,0.003072383892768819,0.08883162522637703,0.00020221494230111933,0.0838100144369108,0.016093313558702995,0.00556407237093015,9.82031462331659e-07,0.0024743929158960467,0.7001660145685026,0.00023115809582013904,6.508606186335334e-06,0.05631959626324914
67,1.2043554183786719e-05,0.000652118176173683,9.96391795161223e-06,0.0004263468074254239,0.00031638236208075826,0.00035361707736814333,0.0004302205352694267,0.0001232471447760067,0.011205777483075201,3.5366069842864876e-05,0.0018434537445124078,0.012824989089888345,1.5244946571541055e-06,0.003926631265458095,0.05156532534055783,0.00018253422482361698,0.08453269690721331,0.013090336396363294,0.0022227803486954286,8.759512835537546e-07,0.0025602148273174523,0.7636182172067868,0.0003240957128892774,4.35739113787727e-06,0.049736883970269076
68,2.220947808060477e-05,0.0010962103514129608,2.1811896863203202e-05,0.0004987607457427952,0.0002733030424667247,0.00019195052223764454,0.0007851750534732838,0.00013586906024737127,0.027734617446608788,4.0187305079656436e-05,0.0012932833323647435,0.030756126965581942,8.518555167388436e-07,0.00354854407134303,0.03323055946331206,0.00015473191557199297,0.060671605332276,0.01439892195988763,0.0033022984579919273,5.98017656095858e-07,0.0026071637293070774,0.7728957505617718,0.00019250084854248757,4.222657236080415e-06,0.04614274592942743
69,1.4297446266103414e-05,0.0010566590812456798,1.2107999440277732e-05,0.0004004713520939465,0.0003863088330834058,0.00023231554598150952,0.0007959598534942551,0.00015471440022185224,0.01564676291785899,3.3535932804002684e-05,0.0023958480972635795,0.014872956859153609,7.596299697504758e-07,0.0034445294892981896,0.08171580757490976,0.00017744470438615971,0.057577918178027196,0.010995903046757849,0.0035773651826152553,6.970228225872996e-07,0.0016814176991179354,0.7663352546658833,0.0003164251528592517,4.6498961502085556e-06,0.038169889438295246
70,2.0373020924055657e-05,0.0006544767731381177,1.267382216703742e-05,0.00034037926039821273,0.000289322583425812,0.00012668079916510318,0.0007343100794906009,0.00016190460063463913,0.018251150545610016,3.0993772365589786e-05,0.0008857320309768813,0.01717031595111849,8.585559231144932e-07,0.003117335704162218,0.09801501106693605,0.00017473435110631927,0.06408476685402006,0.00975781940364311,0.001136490102520248,5.864942862491759e-07,0.0010484016570693683,0.7337700532610788,9.311303087330825e-05,1.7026005837616634e-06,0.050120813678382746
71,1.728301587166024e-05,0.001302848437311238,8.720771351563251e-06,0.0004658385072439816,0.00036638068122928075,0.00017118144959295587,0.0008953284867351199,0.00013843091110605685,0.02103804884741567,5.3824521953774376e-05,0.0012481931297246653,0.021123975648026892,1.0893639415110572e-06,0.004650346415138799,0.08367465425205892,0.000177825011376099,0.06740956341846721,0.01110482276578667,0.0028086490939030063,7.895896816967218e-07,0.0016855381858702225,0.7300757238409649,0.00016670560590285912,2.9345219292777233e-06,0.05141130352741577
72,2.6800240022251058e-05,0.0004032072536309896,2.484660237504419e-05,0.00036739343609069777,0.00018802080420627816,0.0003272860158220563,0.0008585548033156848,0.00016605924239532346,0.026612593108309896,3.128284076842143e-05,0.0015510817618264155,0.014431235119680603,8.976381264650789e-07,0.0031076568242985585,0.08626343135338685,0.0002106295038662156,0.060184418110821536,0.01284979674001816,0.003067373469323906,4.820133026208495e-07,0.001921432584430391,0.7597470554694532,2.9163124094730075e-05,3.933732188604825e-06,0.027625368208245224
