,0,1,2,3,4,5,6,7,8,9,10,11,12,13,14,15,16,17,18,19,20,21,22,23,24
0,0.021795989120485228,0.00037546561055391283,0.0006804413019045696,0.008476402747929768,0.035791351580994626,0.02813566846860728,0.0017693552929942038,1.5402392731299364e-05,0.00435095136583204,5.153047415311868e-05,0.10316667433905607,0.002302939059568243,2.5045116255862917e-06,0.002650568690327833,0.004127392189357338,0.0007330959714144305,0.0004470049334062053,0.009984315195057096,0.00017922184038963724,1.7858422069142664e-05,0.0006050070185703714,5.5362422792823095e-06,0.727752293905664,0.039040819692882235,0.0075422096321464275
1,0.021377574087282945,0.0008374371948793656,0.0002837511596966616,0.0174423354756583,0.03246095077453468,0.018333817102749075,0.0017545945767723373,2.4856387692544156e-05,0.002816428624507323,0.00012974372758650752,0.05530165959686843,0.0017375964647703265,2.597787529115221e-06,0.004287672296280895,0.006529868429701241,0.00157264868905709,0.00040654009979146003,0.009058362062049592,0.0003995258422049259,2.1858258862168595e-05,0.0027395589575633012,1.344231203203907e-05,0.7392511554617238,0.03860441582443771,0.044611608805767984
2,0.017593451599939487,0.0006555060466656156,0.00014278450803250302,0.015340226645674731,0.041609996507024405,0.013278886230715235,0.0012295716210593277,1.7248981757755104e-05,0.0009145964192939817,9.38895570077696e-05,0.05020270128217326,0.001804875640902404,1.8129120887004355e-06,0.003972940415274445,0.009337565374033048,0.0008019470597806699,0.00045632817300564625,0.007294923095432598,0.0002149267469624291,1.3038157795589315e-05,0.002392806584145599,2.1050057107739385e-05,0.7600698163053198,0.027635163913430835,0.044903946165375797
3,0.02006363997737223,0.0008536043573962673,0.00021701969899988636,0.01743670109601462,0.028781245630765225,0.013049584934809627,0.0014009552875132233,1.8558046863802634e-05,0.001173273626412368,8.660505390992629e-05,0.06001969244457749,0.001916247359100837,2.0956336834456653e-06,0.0038091966336087236,0.0049576358348953934,0.000752768238756796,0.0004568657971369165,0.010143268952279037,0.00019367805615419422,1.4686868954160312e-05,0.002301347137708391,1.3531193880633493e-05,0.7512561262488755,0.03740309135296103,0.043678580537370705
4,0.01982519424379566,0.0009236251608025038,0.00024688256741415437,0.017873330295816246,0.030468136262681068,0.014069194016681767,0.0014835396375314947,1.687902540629328e-05,0.0012537713954152417,8.745300996773347e-05,0.06122089849769357,0.0019601518481628197,2.5797618543668764e-06,0.004548972238770188,0.0049942071287939465,0.0007334119482414787,0.0004488726671911259,0.00986582127977854,0.00018482407661532174,1.4796555343248769e-05,0.002070955704884342,1.350362416263578e-05,0.7489268427842957,0.038028782157562134,0.040737374111138175
5,0.017015592819192186,0.0008952352944829993,0.000198842578225475,0.02128328910297206,0.027457362079538018,0.012086275668497124,0.001310878157299892,1.8678386017900844e-05,0.0009082009457885982,9.306250278775541e-05,0.058919807002307964,0.0017083567881635308,2.019009671674065e-06,0.0036425677534168426,0.003696372773065264,0.0005880813479139093,0.0004397309159953227,0.011348037784985927,0.00015169039292695191,1.4437838288205574e-05,0.002348202250545439,1.2284721709454117e-05,0.7547768010609679,0.03758188950945176,0.043502303315787784
6,0.02006363997737223,0.0008536043573962673,0.00021701969899988636,0.01743670109601462,0.028781245630765225,0.013049584934809627,0.0014009552875132233,1.8558046863802634e-05,0.001173273626412368,8.660505390992629e-05,0.06001969244457749,0.001916247359100837,2.0956336834456653e-06,0.0038091966336087236,0.0049576358348953934,0.000752768238756796,0.0004568657971369165,0.010143268952279037,0.00019367805615419422,1.4686868954160312e-05,0.002301347137708391,1.3531193880633493e-05,0.7512561262488755,0.03740309135296103,0.043678580537370705
7,0.023928079984324224,0.0016928040984285494,0.0003733545850551005,0.021578925768071622,0.03132620591612562,0.008291807158703823,0.002372906648986137,1.715692533970375e-05,0.0019117928399716374,7.983091147641584e-05,0.08785528431647091,0.0014700729584437094,4.007633044312419e-06,0.0035189876248355938,0.0030969464433711897,0.0006494627895181527,0.0004562740255302393,0.011773070319179568,0.00010580768273272746,3.296785453516396e-05,0.0009706170291063298,7.754516357721904e-06,0.7200341059883211,0.04721726261614907,0.031234513365921392
8,0.02277578107465218,0.0007001416579709524,0.00029212564132139135,0.025071853372789592,0.025129147839319344,0.0056323530199612615,0.0012837088232678315,2.2962025273083056e-05,0.0007136815200959858,9.373273485491409e-05,0.03219687843108336,0.0016050462658476314,1.8432304771393605e-06,0.004080520919874773,0.0040615796987533564,0.0006589602261722942,0.0004695823298742275,0.015360307821280932,0.00012955044502036895,1.3388953430274334e-05,0.0022026372557878023,1.1584143291597134e-05,0.7540444083175464,0.03260261358045923,0.07084561067159394
9,0.015099819616130251,0.0012952834778177313,0.000615114158029646,0.03363280257011066,0.033037779181488175,0.004745544984033171,0.0010117401531743184,2.6612034690016625e-05,0.0014550086739382423,0.00010438510643762756,0.04049513761342901,0.0014975349322369023,8.858754457505566e-07,0.003976107391389826,0.003280709704393816,0.0006371574390876767,0.0002649240805553706,0.008532167659512018,0.00010789566582164976,2.0826843476138466e-05,0.0015392477611468572,8.442290613940291e-06,0.7790254474510951,0.001702425805343542,0.067886999530602
10,0.02006363997737223,0.0008536043573962673,0.00021701969899988636,0.01743670109601462,0.028781245630765225,0.013049584934809627,0.0014009552875132233,1.8558046863802634e-05,0.001173273626412368,8.660505390992629e-05,0.06001969244457749,0.001916247359100837,2.0956336834456653e-06,0.0038091966336087236,0.0049576358348953934,0.000752768238756796,0.0004568657971369165,0.010143268952279037,0.00019367805615419422,1.4686868954160312e-05,0.002301347137708391,1.3531193880633493e-05,0.7512561262488755,0.03740309135296103,0.043678580537370705
11,0.020188755021442958,0.0008998385468057831,0.00022674451439002024,0.017732984646560195,0.028811223642818448,0.012895882814335125,0.001452398232969154,1.8414710040341563e-05,0.00119170348279932,8.680342533354122e-05,0.060984475819673215,0.0019601802756499726,2.350579944093707e-06,0.003926745623626332,0.004813882991588986,0.0007281607688049157,0.00046390052281681355,0.010299020842961509,0.00018368678066168332,1.5651779723418586e-05,0.0021534115275580134,1.360501784795628e-05,0.749806035482758,0.03830302684725873,0.04284111610163154
12,0.007278401738528621,0.0007998894596947515,0.0001987822642070751,0.023042447410294094,0.03530576576276543,0.017783512168611747,0.000647934156139555,1.9854143719374417e-05,0.00021858675325559475,0.00014217230411577345,0.06082921477718826,0.0014070335624396264,1.1300077329838638e-06,0.003865563264496928,0.003625836233245598,0.0013895002601323737,0.0005260354987062818,0.006188981003437024,0.0001634892869450183,2.3534004900232088e-05,0.0025396447828766834,2.0408751636652334e-05,0.7846636053730908,0.012321160657158523,0.03699751637468119
13,0.03021533790192814,0.0006510929016515384,0.00023017220184480043,0.02090797239636111,0.031952869391226366,0.014808305204040948,0.0012237749748008444,1.6580816531640984e-05,0.0012740865775587129,8.782987984264303e-05,0.05468183783335806,0.0005680965895917547,2.4136321721734845e-06,0.003402209830979388,0.005801305707475286,0.000863000061407153,0.0007713710222908078,0.010784557983615908,0.00019009712197366583,1.4579161638444329e-05,0.0019273563408795456,1.688851558320833e-05,0.7497021793765153,0.031960793708344565,0.03794529086838801
14,0.013612645662273421,0.0019173579242285899,0.0002098181985083094,0.019995099629522173,0.027613304650128914,0.015752713431530334,0.0014959399606987922,1.9623774193517178e-05,0.0014995200543334044,0.00012596152932078548,0.06208508513116109,0.0012761210538767295,2.9565320087275217e-06,0.0036950741166822394,0.004605662754074385,0.000756640678508254,0.00038393917496993744,0.012613998741264494,0.00019801900526684356,1.5050186327970651e-05,0.0023350706585652356,1.3448318016027956e-05,0.736497996281736,0.05368127375849431,0.039597678794309525
15,0.02006363997737223,0.0008536043573962673,0.00021701969899988636,0.01743670109601462,0.028781245630765225,0.013049584934809627,0.0014009552875132233,1.8558046863802634e-05,0.001173273626412368,8.660505390992629e-05,0.06001969244457749,0.001916247359100837,2.0956336834456653e-06,0.0038091966336087236,0.0049576358348953934,0.000752768238756796,0.0004568657971369165,0.010143268952279037,0.00019367805615419422,1.4686868954160312e-05,0.002301347137708391,1.3531193880633493e-05,0.7512561262488755,0.03740309135296103,0.043678580537370705
16,0.018415018418533366,0.000805387692231649,0.00011867398048615518,0.019066256042544926,0.024515591659931307,0.01534076453961038,0.0013344911911549484,1.9884343348093644e-05,0.0007522326199272176,0.00014262953566614533,0.05272196325462902,0.0016639807446894323,1.6760380962417996e-06,0.003532155440011144,0.003667344256140859,0.0008789768711536329,0.0004288824465807205,0.011541252224488914,0.00019866887775538011,1.4368665394719135e-05,0.004660043134233473,1.7452100489691616e-05,0.7607613287506677,0.03376347331555292,0.0456375038566823
17,0.025292795976861147,0.0006285533785742648,0.00020176295065869122,0.02277883310118757,0.024853119412268948,0.010532539085183472,0.0017049244482882522,1.544814251026713e-05,0.000589787148100488,7.127531765665049e-05,0.05218844897593718,0.0022975635486422318,2.408180848819281e-06,0.005384285680857839,0.002504897647451255,0.0005795210890166089,0.0006594881546788452,0.008416328278386464,0.00011468335374102394,1.5138401610092211e-05,0.002027665563849148,1.2319609359409569e-05,0.7207488071184251,0.07081365086868202,0.0475657545672243
18,0.018806094660946793,0.0008980614129187496,0.0002141268299703741,0.01585346301337755,0.023319541902382158,0.005813092588064374,0.0013238437147860243,1.7410916440009588e-05,0.0004472065260589271,7.051477993856585e-05,0.04391887285474628,0.0037009311696173048,2.184512675066883e-06,0.0038065797820879955,0.0034190790919097808,0.0005670340557577583,0.0004104233520691828,0.009637497967172164,0.00011992758293964694,1.2219969067538858e-05,0.0025232177231087,2.2222561394884483e-05,0.7644281127354418,0.036181769471826615,0.06448657082530197
19,0.02074768087134791,0.0010237257897795728,0.0004402669610263955,0.023693284806794113,0.040702620532267336,0.013529701002408991,0.0013988600538975041,2.361230678260246e-05,0.0020406625344158748,0.00010965217427793418,0.06272544155320775,0.0027101923309227126,3.740193370227088e-06,0.0052349673922765716,0.004174406423777074,0.0008416861126620955,0.0005669357691363524,0.010525845590808429,0.00019974096493289792,2.059356215750118e-05,0.0020114310199042546,1.4034990039742401e-05,0.7192589149469196,0.04698590214052767,0.041016099976358716
20,0.017781534677997233,0.00099068037405667,0.00019567170541557525,0.017216593095787318,0.030689885112809696,0.010569237137040726,0.001171752199590223,3.1986831161062713e-05,0.0013633821687088629,0.00010732700610745516,0.055308051275217165,0.002074010065526818,1.992208482388579e-06,0.0034636872098954673,0.007325913273179759,0.0006900742034179158,0.0006762579347963636,0.009758762659297877,0.00025846961108716383,1.5553352896379072e-05,0.0031441640495459312,2.8539004378466908e-05,0.751296561446124,0.040108511599792986,0.04573140179768671
21,0.021526788619164853,0.0005541765514702032,0.00024166562776422297,0.017438841232677454,0.025106945315074826,0.016579369050727707,0.0017853943015565532,1.2478758687299979e-05,0.0007487298023827084,8.052244738040732e-05,0.057021067242811585,0.003089190307302506,2.3145739161186986e-06,0.005017619500663911,0.0032744609523204233,0.0009760792556823311,0.00031860070530506364,0.009740099983094308,0.00013923438694326464,1.7848995617077022e-05,0.002017889996497853,9.875561124724152e-06,0.7646203069695021,0.029432421972754724,0.040248077889577634
22,0.022273543963105123,0.0006507146835563919,0.00021314550541156653,0.014968386747880504,0.02668057301575304,0.015155647214700809,0.0014275145446948712,1.7124178814667304e-05,0.0008733103157472833,7.337296444711581e-05,0.07229595124099106,0.0023464523375116043,1.7004878100600458e-06,0.0035692519874911633,0.003960696539104821,0.0008260749675800384,0.000531193036151895,0.013370200344893755,0.00015930650296983755,1.6227272120608625e-05,0.0028309967456819885,1.4555457551553371e-05,0.7512216470974948,0.034063493348029675,0.03245891950050596
23,0.02006363997737223,0.0008536043573962673,0.00021701969899988636,0.01743670109601462,0.028781245630765225,0.013049584934809627,0.0014009552875132233,1.8558046863802634e-05,0.001173273626412368,8.660505390992629e-05,0.06001969244457749,0.001916247359100837,2.0956336834456653e-06,0.0038091966336087236,0.0049576358348953934,0.000752768238756796,0.0004568657971369165,0.010143268952279037,0.00019367805615419422,1.4686868954160312e-05,0.002301347137708391,1.3531193880633493e-05,0.7512561262488755,0.03740309135296103,0.043678580537370705
24,0.015870912459869345,0.0010994907066837888,0.0002131126625504064,0.026361328622540682,0.0312796000429723,0.014021910839905298,0.0012578238769025219,1.6595922818840267e-05,0.0010070055853547166,0.00011345388262080813,0.054459703030585095,0.0016441579331576911,2.532670918115789e-06,0.005490902114602584,0.0031481131883529918,0.0006079634613918231,0.00039242478172925673,0.011123630552144194,0.00017497452134489485,1.5458668122885176e-05,0.0021618784879416163,1.2300006261796023e-05,0.7515870980427495,0.03427928036043497,0.04365834757804403
25,0.023027395953385103,0.0006268699100216707,0.000250291091525528,0.02428598268277097,0.026477722780406065,0.006047089525843583,0.001936074238261663,3.201664825159393e-05,0.0008865846898692853,6.0376629495837414e-05,0.08449223504457137,0.0024820660430510946,2.886368373820228e-06,0.0029798648017998423,0.002438169560228946,0.0006342894890563358,0.0005984854487482902,0.012286713073767608,0.00016172167139526144,2.7084074241493548e-05,0.0018816067673289502,9.154933036147139e-06,0.7377728853236046,0.04143388207944069,0.0291685511715242
26,0.0009375703446272935,0.0009699922847556452,0.00038328051094398775,0.01787166481516886,0.027532794768469274,0.007153506508432359,0.001330513377826718,2.1431030241164037e-05,0.0010862678984648615,7.60121322293338e-05,0.0657261984341821,0.00228128879186065,7.621742368228187e-07,0.002678204834812766,0.003811201188821261,0.0008531709955208358,8.14342604310546e-06,0.0006762125748415594,0.00010696633450522034,1.6406399036551044e-05,0.001633937965634233,1.189705288296689e-05,0.8185881452356583,0.0001722355888232755,0.04607219533198098
27,0.0221830738001872,0.0008048045257386741,0.00018988134988288927,0.014886282035704933,0.02724491643911585,0.015390013670851053,0.0013285513843945683,2.3249235996728812e-05,0.0017901781457427734,0.00010019302397785075,0.05157273759576115,0.0015795830559205224,1.8090414192348547e-06,0.003107195615640786,0.007331334552291948,0.0009736965980065566,0.0004780750499692019,0.009766320677316686,0.00023354518905841418,1.8551610290718876e-05,0.0025171407148619706,1.9618200509512545e-05,0.7496001302540388,0.03781136182955955,0.05104775640376241
28,0.02006363997737223,0.0008536043573962673,0.00021701969899988636,0.01743670109601462,0.028781245630765225,0.013049584934809627,0.0014009552875132233,1.8558046863802634e-05,0.001173273626412368,8.660505390992629e-05,0.06001969244457749,0.001916247359100837,2.0956336834456653e-06,0.0038091966336087236,0.0049576358348953934,0.000752768238756796,0.0004568657971369165,0.010143268952279037,0.00019367805615419422,1.4686868954160312e-05,0.002301347137708391,1.3531193880633493e-05,0.7512561262488755,0.03740309135296103,0.043678580537370705
29,0.02006363997737223,0.0008536043573962673,0.00021701969899988636,0.01743670109601462,0.028781245630765225,0.013049584934809627,0.0014009552875132233,1.8558046863802634e-05,0.001173273626412368,8.660505390992629e-05,0.06001969244457749,0.001916247359100837,2.0956336834456653e-06,0.0038091966336087236,0.0049576358348953934,0.000752768238756796,0.0004568657971369165,0.010143268952279037,0.00019367805615419422,1.4686868954160312e-05,0.002301347137708391,1.3531193880633493e-05,0.7512561262488755,0.03740309135296103,0.043678580537370705
30,0.02006363997737223,0.0008536043573962673,0.00021701969899988636,0.01743670109601462,0.028781245630765225,0.013049584934809627,0.0014009552875132233,1.8558046863802634e-05,0.001173273626412368,8.660505390992629e-05,0.06001969244457749,0.001916247359100837,2.0956336834456653e-06,0.0038091966336087236,0.0049576358348953934,0.000752768238756796,0.0004568657971369165,0.010143268952279037,0.00019367805615419422,1.4686868954160312e-05,0.002301347137708391,1.3531193880633493e-05,0.7512561262488755,0.03740309135296103,0.043678580537370705
31,0.020818298358605776,0.0013225980096627005,0.0004176466119381312,0.02620873881359215,0.012599834548663542,0.00946845176083137,0.0014790988356241563,3.3087061137505665e-05,0.0011533687599962962,9.629510095769462e-05,0.04826899226982285,0.0023560008164989275,3.048809236394494e-06,0.004088277632097698,0.0028478626152514137,0.000877850480489307,0.0005310912384463672,0.011781369915532075,0.00018819738793917764,2.1624865836735833e-05,0.0021905440782661887,1.384064028991455e-05,0.7431829287363229,0.05489792335117977,0.05515302930178076
32,0.02056945837376743,0.0008649375297958551,0.0002162680710823483,0.01675126548353445,0.029128061008548443,0.013605543095773736,0.0013996299248282508,1.9854097349272076e-05,0.0013458653726442706,9.036088505740843e-05,0.058932777319922254,0.0019458232042878936,2.093445261226332e-06,0.0039376933542626166,0.005615359030145275,0.0008227363391487448,0.00047452283037587674,0.009894550988997016,0.00023694021331697887,1.4894009003791997e-05,0.0024819512341679056,1.5115735653157559e-05,0.7508055857520941,0.03674733793005529,0.04408137477092667
33,0.018451086874774012,0.0012676615086545336,0.00018634166322343084,0.01484955646587704,0.028956243068129092,0.013218292238349104,0.0013461630324370928,1.9007108494536447e-05,0.0007869494000246506,8.840996430538697e-05,0.06001075365836771,0.0023532860123614985,2.1685111765250977e-06,0.004599211034630326,0.005150737445885849,0.0005944084030171942,0.0006428758215988985,0.010070770891600134,0.00020880517050981496,1.3949460698600974e-05,0.0020470531245913998,2.7705960033213594e-05,0.7625985142771468,0.035601346737766645,0.03690870216634641
34,0.030143401845053788,0.001332824680157616,0.0002924867117705333,0.01478798725017335,0.03041730467761231,0.015812434700090666,0.0014546277588513745,2.2078355263655544e-05,0.003767281846857193,8.980087090580772e-05,0.05882359082390973,0.0016327826913743579,2.3529018796507755e-06,0.003991432197169491,0.007697332729454359,0.0011133474431421714,0.000368657723086334,0.009675439687777548,0.00036529245622013857,1.738288860408958e-05,0.0022454727757072706,1.219805296318918e-05,0.725459191826139,0.040351042211316156,0.0501242548945199
35,0.03190542946014938,0.0013078525523093237,0.00022034392810185813,0.024269171583799123,0.028591106031112253,0.009481247741312222,0.001705524280949615,3.9370743654412495e-05,0.0015839775886071952,0.00011783043427881379,0.05182349761623345,0.0021933222403317187,2.3634996071538198e-06,0.003155394859081179,0.003006005516405307,0.0007701088429173921,0.0006554510325356296,0.020246968118240897,0.00023183957687627357,2.2320951842324665e-05,0.002786208700224182,1.7391281672679654e-05,0.7019281302174177,0.053107225602057884,0.060831917600281844
36,0.023762410596868754,0.0008809387573743752,0.000276659913606107,0.01817645665892115,0.04063317582612708,0.00968922276775468,0.001254016256942117,2.4424210420377827e-05,0.0013190925114431459,8.971663520834661e-05,0.05268136545942845,0.002762876051552292,2.831898769263521e-06,0.0045667217040887345,0.0060273172090072845,0.0008693145244874013,0.0007755224796123831,0.008332890163172388,0.0002623672817893567,1.4258311305875282e-05,0.0024363467301278417,1.6716428753098286e-05,0.7279420929833197,0.04519699270745923,0.05200627193246071
37,0.03708842203016114,0.0008636557750699484,0.0003355122451283305,0.014391264219096336,0.026303449985278022,0.008380358702511536,0.002023116936665604,1.1817675226692451e-05,0.0005408580404764047,4.250230065477865e-05,0.06798786959581558,0.003986510469463489,2.4961509175210265e-06,0.005868575929056588,0.0028120713501967815,0.0006589196440003836,0.00042422495355974463,0.012315307124547257,0.00013239546643900588,1.3484734634828896e-05,0.001526396844946727,1.197495380340352e-05,0.7325878563723818,0.03833399144485738,0.043356967055110926
38,0.021769985305924795,0.0008969939811660855,0.00027024407723983995,0.02104031671870223,0.01910141819937451,0.00979359354435342,0.0012155569984871261,2.2981625498581555e-05,0.0012961266450739748,8.167715542571587e-05,0.05514759064482036,0.0020520895795209993,1.7230217174516532e-06,0.0037698465212534604,0.00411397252879284,0.0007552116513480299,0.00032281601382209903,0.008980743784180779,0.0001952662752938282,1.5781782706767184e-05,0.0023063067135262088,1.3568321413708706e-05,0.7683249020395233,0.028208164171246216,0.05030312269958742
39,0.01789596855394299,0.001160923014578627,0.0002213388228783185,0.016709819950664045,0.026765481216676653,0.010645327413020465,0.0015490859461701606,1.564552303341292e-05,0.0011601995397561287,7.74717771173295e-05,0.06325081829353105,0.0015279011053554992,1.5379213954214738e-06,0.004032597922595624,0.005420863303759215,0.0007626791132249093,0.000471492612543197,0.009528347558365244,0.00015110246755534887,1.330117275514226e-05,0.0015091730100402982,1.4159431412755423e-05,0.763760631897066,0.02967363801054712,0.043680494422015374
40,0.022210908546565867,0.0008993383249645566,0.0002190410317848668,0.009024594483839474,0.029455479365376243,0.014894297864151484,0.0013432078113392169,1.0108538007184446e-05,0.0009560741264652642,4.655867242354934e-05,0.0646579351604929,0.0033561412285005583,1.9713862691342364e-06,0.006761060485836864,0.006577075889779821,0.0007917268478333948,0.000469313625014319,0.01027716958936821,0.00022571118451677073,9.881224452283585e-06,0.0021733217243206835,2.7890257191361618e-05,0.7480292744334741,0.035920526044925086,0.04166139215310666
41,0.018733732791643243,0.0011440392046037345,0.0005625687177727413,0.019827385773470273,0.03419710101413126,0.021673661362561644,0.001261074310971532,2.0812672222543458e-05,0.0057861958830827944,0.00012314844095464016,0.04191224780853336,0.0010279751979969701,3.278408891314716e-06,0.005166676587105151,0.01068146909366454,0.0009803497883820102,0.00032946330535585134,0.006590872891295575,0.0003048464788603806,1.3940359336124817e-05,0.0022193817298062192,8.823213324848658e-06,0.7244076288149336,0.05322985556478113,0.04979347058631849
42,0.020726028436819862,0.0007355156688184593,0.00017302524381028914,0.012104573769878658,0.02575194933381359,0.01255863663122107,0.0013816771661357974,4.9004146247154544e-05,0.0017401761235868935,0.00012035863918814352,0.05433511224728607,0.002205794598299482,1.2183004203236971e-06,0.0026402119952772373,0.011215177015200197,0.0015082100818840608,0.0007590203471857512,0.008385713161458178,0.0006084625892011306,2.301755501507929e-05,0.004575880518707836,4.244850766618445e-05,0.7619030646898812,0.03431997193350226,0.0421357512994948
43,0.012609539259286007,0.000728586961991975,9.268291723043842e-05,0.014755326157225093,0.03014521006151174,0.027229323645400524,0.0011290103749490162,3.1381645137188635e-05,0.0014278479707954094,0.000259899978954689,0.042293713573848264,0.0010811924814935951,2.481374502813237e-06,0.0023005665505198085,0.008376282996556288,0.001263161941500415,0.0004935111646525757,0.008742967931730253,0.00040095282248329213,1.2074514363612299e-05,0.006301315817637147,2.8036976654486184e-05,0.7661844540580851,0.035126174190900576,0.038984304632589784
44,0.02006363997737223,0.0008536043573962673,0.00021701969899988636,0.01743670109601462,0.028781245630765225,0.013049584934809627,0.0014009552875132233,1.8558046863802634e-05,0.001173273626412368,8.660505390992629e-05,0.06001969244457749,0.001916247359100837,2.0956336834456653e-06,0.0038091966336087236,0.0049576358348953934,0.000752768238756796,0.0004568657971369165,0.010143268952279037,0.00019367805615419422,1.4686868954160312e-05,0.002301347137708391,1.3531193880633493e-05,0.7512561262488755,0.03740309135296103,0.043678580537370705
45,0.02374694544468627,0.000819786981353475,0.0003794895586290053,0.015473727665230306,0.031663921308710756,0.012049233579500655,0.0021889046316044118,3.345182763057001e-05,0.0026693809175846,9.120065775814246e-05,0.0672779062255313,0.0020360185101884307,3.234151313828406e-06,0.0036145964391609627,0.009475428446376291,0.0010694852667185758,0.0005272948263918543,0.0070108745152360616,0.0003283114852456274,2.0859478429263805e-05,0.0016581518706739171,1.429135439178011e-05,0.7316788305276642,0.05159937460255714,0.034569299727432126
46,0.01644907439979117,0.0007270144934296711,0.00019325986873671482,0.015950395100500513,0.025974067848813884,0.023423619732127997,0.0021301963893092636,1.2252336136954953e-05,0.001694093760704256,8.201012243859169e-05,0.059061304587563,0.0010623284068186788,1.7777083121186035e-06,0.004388357772569053,0.0046900208876923,0.0008779017060070722,7.850011477639917e-05,0.00984508246006036,0.00019906196858045198,1.4784807658368727e-05,0.0019492647419250145,9.004923035250301e-06,0.7689958161046841,0.023550093636650334,0.038640716121678145
47,0.04120942721761635,0.0008066936363555942,0.00019966074073379,0.00818474833082682,0.021352831428849566,0.011846420691052538,0.0016537394830987333,1.5873105625217616e-05,0.000609891545712963,5.897048884078535e-05,0.05871350829061869,0.006289489208446028,1.6538697968759188e-06,0.0034378894272441085,0.004853587356578279,0.0011124508510415396,0.0006209792228627641,0.011807355775882182,0.0001865413667223041,2.0022131248222525e-05,0.0023404036109510224,3.9481636060966826e-05,0.7452000284164103,0.03182812161745034,0.04761023054997355
48,0.019578904777762106,0.0015654495319277367,0.00016234340029761966,0.015617666760961282,0.02575100072604892,0.007385736315635247,0.0015304833114003146,3.449144680401847e-05,0.0010359352410399113,0.0001313355966096405,0.049033714743823564,0.0019103542377100827,2.2827000372494442e-06,0.003394656452406795,0.008344853387771432,0.0007066844368344409,0.0006391199786665862,0.009253348856510637,0.00041541117839104664,1.5601386993461848e-05,0.0026357894869160573,3.251235670510714e-05,0.7608612110412325,0.04100979931155463,0.04895131333595981
49,0.02070371002940043,0.0006525822698924989,0.00024193181084720413,0.015295260859901244,0.029960838068379857,0.01734910536563621,0.0012044395210523216,1.6982569934833046e-05,0.0010498876922243182,7.418449937166114e-05,0.06652949021494875,0.0031178632432451157,1.9763103165025605e-06,0.004264073493510209,0.004291874785542399,0.0007917534682333027,0.0005266568956446763,0.01113224167727267,0.00017066689432131463,1.710240984273203e-05,0.00233799129357123,1.7423466247521042e-05,0.7530671625248653,0.03251971657644273,0.03466508405935481
50,0.021219731066988153,0.0011439996406270925,0.0002095156470930315,0.019533549240215477,0.029993684186552492,0.018193370871884183,0.002752086484067027,2.306595670007786e-05,0.0021356918825692415,0.0002082637728492315,0.04134982803774445,0.0010406754106770746,2.634594066424292e-06,0.006072380082091238,0.005711926915735854,0.0012219241623440164,0.0002794097602981687,0.007878411020953397,0.00047758158529686364,1.8675370594522396e-05,0.0022908512704332444,1.8292709726245446e-05,0.7481255978939717,0.03813576527762104,0.05196308715889954
51,0.01985306062904003,0.0010854780224024124,0.00016300353797848055,0.02777764249636207,0.027969308814261507,0.010165703728357558,0.0018256243205484967,1.993699920432602e-05,0.0008767380878541764,0.00010296220026972352,0.0705875231553154,0.001469944972976975,2.430905796473831e-06,0.004343554326123079,0.002124361119300792,0.00045753422719987285,0.0004219112357574227,0.01524723141522253,0.00013328621284564848,1.6916201487747502e-05,0.002625350506452725,1.2604776719959582e-05,0.7377491806950647,0.03818651152839223,0.03678219988506517
52,0.02001240382613655,0.0004685427056459716,8.158806258961962e-05,0.009951599800397509,0.025787992090815726,0.03971077053343157,0.0016293048024557724,6.075768190917667e-06,0.0006763447824334083,6.688589843814118e-05,0.07652202469565607,0.0008948593967288123,2.1674232930226195e-06,0.0024162975329199946,0.0022911411123085396,0.0006484564043384834,0.0005224055459823234,0.009215632425405438,4.266982707629952e-05,1.8611087877926604e-05,0.001122775071226003,9.329062148870274e-06,0.7511651661833172,0.04026621165591489,0.016470744305271363
53,0.021092378334484973,0.001127892022251085,0.00034113359175061566,0.024995633102388087,0.041477712043619885,0.010685144142073517,0.0004804671472014044,3.1045897242527466e-05,0.0011602055132960956,0.0001237452514234308,0.04370825103854244,0.0049430785563666915,3.3016487870428365e-06,0.006754801635069325,0.003849671967827577,0.0007441220120796414,0.000993840842516331,0.01168999164822147,0.00037335370531282,8.414241385445702e-06,0.003926673813056786,2.3993789185502767e-05,0.7140477653059564,0.05391446657460743,0.05350291617535381
54,0.02566875243867969,0.0008625721996040842,0.00020127663984167394,0.012900021761690876,0.021946020158089833,0.014896469011926282,0.00199851004459597,8.904351374152371e-06,0.0010035147580643219,9.175067553397024e-05,0.035415081483056304,0.0018133218248986573,2.1281032380255907e-06,0.006795811311758029,0.005377046673998884,0.0014206127681441782,0.000228964127724229,0.008108016375107009,0.00018191770630435956,1.690415744992069e-05,0.0017764348641564648,1.625887872094494e-05,0.7630698283290837,0.028707007610284805,0.06749287374667366
55,0.03343416118273287,0.0011555977712284218,0.00015269707047902242,0.01751458920932714,0.03202555227821145,0.015614908100101316,0.0017445489870883473,2.1249708492065565e-05,0.0008962306954758331,0.000114663540471567,0.055704006805191185,0.0013195068325326154,4.132630838286586e-06,0.004219410344328818,0.007686012521406224,0.0008013377612077302,0.0004427107956829183,0.01654442220732108,0.0002613793674362647,1.2039430379290413e-05,0.003051575106654307,1.9138110181252406e-05,0.7200651654371198,0.05075206719940646,0.03644289690670561
56,0.020294072372865655,0.0009357468757739983,0.0002331891528545637,0.0179539309798927,0.029336880058191767,0.012814793225115225,0.001461917132601544,1.880907742125597e-05,0.0012518153414510002,8.79702323952968e-05,0.06150571036087015,0.0019356871946234577,2.4794891044879194e-06,0.0039009768735958432,0.004933748878710006,0.0007341113117037908,0.0004749562036218177,0.010214343104746788,0.00018965363581684662,1.5883611299605333e-05,0.002155774860270774,1.3415453887760692e-05,0.7477975430455909,0.03926815398916581,0.04246843753842902
57,0.023695247290814292,0.000870787051521256,0.0004401537491547568,0.020057905673018323,0.04408489451503427,0.0113106180098798,0.0010209147445138444,4.329305462890983e-05,0.002135948646256751,0.0001297466284768197,0.04880129343553344,0.0056663592017472345,3.2737112271474878e-06,0.00486784599064508,0.005976938763650897,0.0015222668189849378,0.001012657920154047,0.00971800880564738,0.000488602109756067,2.1837871399511692e-05,0.003936067463459529,2.6659402999319893e-05,0.7150239332704413,0.0474393993052852,0.05170534656576974
58,0.019420934773273602,0.0009612187080706737,0.0002358007286070174,0.017036771982875065,0.028665165023085217,0.011295982991349348,0.0014339758082444723,2.0060290470461243e-05,0.001128652171457682,8.842733025026443e-05,0.06039986387604172,0.001928933502795408,2.2446248193901934e-06,0.0034637442671429488,0.005129876801023554,0.0006843736741426337,0.00050824468930976,0.010160001344646312,0.00017666159459955535,1.4105491884743397e-05,0.0022609997803780804,1.4134599398196764e-05,0.7489013856672857,0.04216865538964675,0.04389978488920181
59,0.01991782161106922,0.0009423248094038597,0.0002935418355613624,0.017684598578440167,0.029181010909873257,0.010743490552403766,0.0015101396282393186,2.1318959269425675e-05,0.001159352927425002,8.608156907549637e-05,0.060897279634032485,0.002090109489148208,2.365744359989121e-06,0.0034313990256501182,0.004807916360870677,0.0007263157143984593,0.0004982123653337287,0.010464203485940475,0.00015900907150870021,1.6031720642102808e-05,0.0021914659568568425,1.3044224899393089e-05,0.7427822853322936,0.04602059579841516,0.044360084694888766
60,0.02006363997737223,0.0008536043573962673,0.00021701969899988636,0.01743670109601462,0.028781245630765225,0.013049584934809627,0.0014009552875132233,1.8558046863802634e-05,0.001173273626412368,8.660505390992629e-05,0.06001969244457749,0.001916247359100837,2.0956336834456653e-06,0.0038091966336087236,0.0049576358348953934,0.000752768238756796,0.0004568657971369165,0.010143268952279037,0.00019367805615419422,1.4686868954160312e-05,0.002301347137708391,1.3531193880633493e-05,0.7512561262488755,0.03740309135296103,0.043678580537370705
61,0.020738053724244893,0.0009424432272638085,0.00030370447590896086,0.017753722396897216,0.030493593230977476,0.011251974192357317,0.0014703562463959296,2.01030393665097e-05,0.001254597537864751,8.240707809785511e-05,0.06294294271826056,0.0021789886486718564,2.4554492970784944e-06,0.0036809416025832603,0.004783282301605561,0.0007537073207393913,0.0005055303115065445,0.010438367161129659,0.0001683467308741297,1.6420671010440942e-05,0.0021910793877326666,1.270100506287263e-05,0.7402839758666592,0.044559361849152976,0.04317094382633897
62,0.02006363997737223,0.0008536043573962673,0.00021701969899988636,0.01743670109601462,0.028781245630765225,0.013049584934809627,0.0014009552875132233,1.8558046863802634e-05,0.001173273626412368,8.660505390992629e-05,0.06001969244457749,0.001916247359100837,2.0956336834456653e-06,0.0038091966336087236,0.0049576358348953934,0.000752768238756796,0.0004568657971369165,0.010143268952279037,0.00019367805615419422,1.4686868954160312e-05,0.002301347137708391,1.3531193880633493e-05,0.7512561262488755,0.03740309135296103,0.043678580537370705
63,0.0206399006832076,0.0010095432532520828,0.00021622321170396635,0.017142081540208843,0.028485298685490403,0.012489282845461079,0.00144003807344137,1.842892010625764e-05,0.0012287641902946338,8.80708807517977e-05,0.061283542769609414,0.0017972345063195902,2.2558643132578045e-06,0.0036875670686079155,0.005100841296812413,0.0007140354989651972,0.00046866599114987685,0.010589257637931131,0.00018675513223668404,1.5392156115427898e-05,0.002210420297746446,1.4267642055230414e-05,0.7479621639363176,0.03926282088189566,0.04394714703600618
64,0.018879124256544245,0.0007771506541583151,0.00018171149637884833,0.016724574513431845,0.0282728205134042,0.012424428661752423,0.0012051652225065787,1.9163077490542648e-05,0.001012228120635352,8.665426032030841e-05,0.06081236765718895,0.0019488965573332111,1.7277401944841705e-06,0.0034390243507846485,0.005181259692067896,0.0007395766105445428,0.0004828440160559801,0.010494825773458267,0.00020571138907755294,1.2090248028531427e-05,0.003347252554560988,1.3538084083309517e-05,0.7544997739924696,0.03580964223856552,0.04342844831896362
65,0.01640533435035851,0.0002685745075748627,0.000134134393845259,0.017954091308397993,0.029480387050630375,0.03300898210853477,0.0007699790158379508,1.1292397379577919e-05,0.0003035584157461514,7.484048457382073e-05,0.053925027514922376,0.002669844940413639,1.6893986681855581e-06,0.005276004077937767,0.00220239367003516,0.0007898247315082595,0.000394147989869274,0.01093924007208741,0.0001504741352928147,1.568328649577346e-05,0.00335929724087429,1.317630768863575e-05,0.7676901332227258,0.027344335100763232,0.026817554277837875
66,0.025385760344678383,0.000953898347817648,0.00025556728323321916,0.02127436753817245,0.03218496969937682,0.015283479632855155,0.00235558236564377,2.754793901198264e-05,0.0016687259086017867,0.00013831527983878031,0.05808758654700071,0.0019797103696966973,4.9873800313383846e-06,0.004275181366842748,0.004484887637357484,0.0009648900138100091,0.0003352878139817429,0.009357959614102856,0.00026396282549548514,2.09255628085946e-05,0.002318853609975142,1.397984784515432e-05,0.7378316332018205,0.03671475880493175,0.04381718106506941
67,0.011619235009421509,0.0012833529128447186,0.0002587862843830974,0.02208271487651043,0.015903597232258187,0.007243676941272742,0.0012888618353545612,5.186641403903857e-05,0.003487838171395376,0.00012750365343949623,0.05984449313093574,0.001489089375866925,1.7108377904760233e-06,0.0029072640664327804,0.005690179926927868,0.0009375591291805808,0.0001857292766960075,0.0060999904980748,0.0005084266341077376,1.433205400270514e-05,0.003284543201762174,1.767513921621459e-05,0.7886835546346502,0.014656316951011274,0.05233170181242545
68,0.022190110321385816,0.00041155100281413946,5.0543466204397366e-05,0.010423934732934436,0.009442711843337054,0.015881894300675988,0.001221265113759983,6.4418841435667835e-06,0.00017723830963153864,3.5487239608984e-05,0.07590380418938206,0.001599314677397571,2.416171209297208e-06,0.0012378601761290253,0.0018852708930866087,0.0006039846559924851,0.0005106603337473258,0.01007752321304102,2.5891130556945893e-05,1.6159117064043957e-05,0.001858940383500563,1.0939261488631009e-05,0.7807834493073749,0.03899172437930914,0.026650883896224418
69,0.020068458603681526,0.0006703523304518877,0.0003944024070656639,0.03236536997410227,0.027051328931903235,0.005765738947295478,0.0013814795753836187,3.1876619012496776e-05,0.0012833075695519378,0.00010871935759396818,0.040448745555666216,0.0014184927943138846,2.131051189535966e-06,0.002245902415606896,0.002283943249590596,0.0006876907399891774,0.00045750983537954303,0.010116485649556639,0.00011102231027401095,2.6443178432914342e-05,0.0020508577865892556,6.289311698721708e-06,0.7460468639415025,0.03714826391756899,0.06782832394659875
70,0.018064685001248908,0.0004476224141368656,0.0003031274279305062,0.0167859111534357,0.028684879733879818,0.0161381171091761,0.001286573583828356,1.3444335908019245e-05,0.0006985779242229851,5.656138921539783e-05,0.05477793355090628,0.0018749960504354445,1.881199699166893e-06,0.004452201979751377,0.0028036793174147385,0.000756860457995108,0.0005512697855372238,0.010231658477369971,0.00012070227275152843,1.441434964998417e-05,0.00218832014152542,1.1093293708613347e-05,0.7455401027734945,0.04473201570385167,0.049463370572926386
71,0.02241465775146799,0.0005624159256576959,0.00019340061127579218,0.016422111548759853,0.012104716125650325,0.009656402012774894,0.002200905169628951,1.9140563681129178e-05,0.0007128636483042808,4.91082395931211e-05,0.07025731874180235,0.002010200555815005,1.9393266481509607e-06,0.0028485256382600015,0.003806464815679123,0.0007797125629282193,0.00042412646616960523,0.01131050885380928,0.0001523400864050964,1.572539955954628e-05,0.0020318143832995985,1.1032565589341899e-05,0.7711538334339367,0.03376891685257567,0.03709181872072837
72,0.014484087513205688,0.0014075771918372866,7.645908936650142e-05,0.019071243769599337,0.024411032305480123,0.005750721935409271,0.002258639270325205,6.01424747628323e-05,0.00039708686785928585,0.00014249105201288485,0.09010681044057156,0.0013400684375722137,1.694001450877352e-06,0.001844583213086422,0.002881906025139483,0.0005997605788498,0.0010890672176576998,0.022399697959884328,0.00022553745791019904,1.9206790949543026e-05,0.0033152271647528585,2.2663927393807686e-05,0.7315980915348801,0.05878603286302449,0.017710170917017917
73,0.02061590093631105,0.0023171137137880963,0.00015185392980984508,0.010862735432564517,0.03191451060404702,0.007004134213150015,0.0007927314577975491,2.0290915441920447e-05,0.0007028209129423585,7.549180083255354e-05,0.06029452812669873,0.001970387799658569,1.7660201030006898e-06,0.00396713683538929,0.011979117185842554,0.0003366527248389552,0.0007362692751519608,0.009737022486723973,0.00023162075285867304,3.395162054870737e-06,0.002763656967016701,4.273142440601985e-05,0.744222705867926,0.04811977523104446,0.04113565022360117
