,0,1,2,3,4,5,6,7,8,9,10,11,12,13,14,15,16,17,18,19,20,21,22,23,24
0,0.0016600332519918332,0.003596959890885815,6.476548822167126e-05,7.402964224490776e-05,0.028561018820222852,0.00041439446541673803,0.0008331398478871662,7.326364109725316e-05,0.060448784155859754,0.005327775582137961,0.017502675427911746,0.0007137241537762069,6.7578509006264665e-09,0.004912298826968852,0.11492475175267826,4.3886619065521855e-06,0.0003504439125605479,3.533364309720492e-05,8.102000587978393e-05,6.221210537382017e-07,0.0001108799662156796,0.0004536624065633291,0.04124076197021411,9.403644548866311e-06,0.718605861962808
1,0.0010631670049569472,0.005654822307044159,7.790971735244942e-05,1.9753507996402778e-05,0.03283236472492759,0.00026154864850852456,0.0005403631978802452,4.691681546772864e-05,0.0559750773798158,0.004457508807836982,0.013209736194370098,0.0005528416125854707,3.875403766025646e-09,0.004363478513719554,0.11381320667312578,1.774860844421273e-06,0.00016528458086707053,1.3619496055834069e-05,7.972424680651664e-05,3.4871389657560923e-07,7.509810638010997e-05,0.00042846873422609804,0.018221756398389254,6.051511431230849e-06,0.7481391743701115
2,0.0005160402910610865,0.0038665064138401982,3.653372813399511e-05,1.31812196412581e-05,0.022120651478428312,8.840293235446505e-05,0.00025967444150861303,2.910242821807419e-05,0.030105149453700894,0.0023429556011892783,0.01295131083597454,0.0004348499346258527,1.6354909090606907e-09,0.005217431186940895,0.12309506807623002,4.641813646562966e-07,7.123550079764628e-05,9.688993237429763e-06,2.2929713827426232e-05,3.152699649084632e-07,6.361511958980874e-05,0.00020566504530372548,0.01915596932480134,2.7653806597278207e-06,0.7793904918131149
3,0.0007302848250178835,0.004763800301618883,4.7625515667543895e-05,1.4334467521735198e-05,0.02400120438330501,0.00019701463773513631,0.0004740563653647781,3.525071722766662e-05,0.029504658340726766,0.003011645786343158,0.011213087964873152,0.0006459432818061574,2.8605381017487197e-09,0.005518576841347744,0.1146390701732304,1.0903403208279712e-06,0.0001225624886338515,1.5446977214693196e-05,4.382850504081661e-05,3.2448486843136056e-07,6.626989072775369e-05,0.0003906837572882234,0.016996110518168957,5.83324014207014e-06,0.7875612933352705
4,0.0008594287350976363,0.004909501045550264,5.068863277950968e-05,1.532866642663057e-05,0.02516775003766568,0.0002084793302628735,0.0005223354838579781,3.892500467191025e-05,0.028591309653729163,0.0032109350528288665,0.011425583897086882,0.0006607697574972347,3.7572567305155465e-09,0.006485820498116243,0.11380497005634392,1.2589878310032962e-06,0.00013506023462387358,1.7929175600042635e-05,5.245241285714491e-05,3.724130802392627e-07,6.722614739869635e-05,0.00038270262977269337,0.017589888149179805,7.144303614130045e-06,0.785794135936871
5,0.0008111229746767876,0.005449999429329611,4.289144091476132e-05,1.9546734745667596e-05,0.024008615091848082,0.00023852069645401215,0.00047439217328573425,3.946604973755684e-05,0.029325395925477157,0.003080893712352186,0.012139596731194914,0.0006326739152729795,3.4957512555989552e-09,0.006057635015507321,0.12069131273942531,1.2796873605038617e-06,0.00013956101044909663,2.3844467537837063e-05,4.8780785497228585e-05,4.045028392041746e-07,7.188933048877655e-05,0.0004194051862042051,0.0203482178738988,6.516133660580924e-06,0.7759280348960906
6,0.0007302848250178835,0.004763800301618883,4.7625515667543895e-05,1.4334467521735198e-05,0.02400120438330501,0.00019701463773513631,0.0004740563653647781,3.525071722766662e-05,0.029504658340726766,0.003011645786343158,0.011213087964873152,0.0006459432818061574,2.8605381017487197e-09,0.005518576841347744,0.1146390701732304,1.0903403208279712e-06,0.0001225624886338515,1.5446977214693196e-05,4.382850504081661e-05,3.2448486843136056e-07,6.626989072775369e-05,0.0003906837572882234,0.016996110518168957,5.83324014207014e-06,0.7875612933352705
7,0.0013366970518193736,0.004685492557427949,3.5350960987632236e-05,2.1856929744400652e-05,0.022713561256347777,0.00014568181412551604,0.0008550053326434568,2.4018959253960802e-05,0.027037655933192028,0.0018350455574653124,0.017297838024158355,0.0007154080335543955,2.2850435237883476e-09,0.00602205329648655,0.09688867507491404,1.1873457866247807e-06,0.00020433780020650695,1.0609816395119303e-05,7.37359371979631e-05,3.3128788798692235e-07,3.724977478704204e-05,0.0004629467653929436,0.008631249171370451,8.034682788403212e-06,0.8109559743510225
8,0.0007254177798813005,0.0028064304760481197,4.617833208295175e-05,8.608334532962653e-06,0.02568311593948815,0.0002095912072621688,0.000415899966916004,3.626779569610696e-05,0.03065610364405896,0.0028914910760264095,0.009625336282710997,0.0006521481767513584,2.865353309508206e-09,0.005798407762787427,0.09401117351810573,1.0382003349946835e-06,9.923772453762739e-05,1.1776150991295925e-05,4.08116786730061e-05,3.15503290949744e-07,6.268340655676546e-05,0.00035075018700521024,0.01622281657311307,6.536328785872357e-06,0.8096378610890094
9,0.000657954499057088,0.0028851112703196587,4.643526548839147e-05,7.118256356134876e-06,0.0206041616410449,9.276280044024065e-05,0.0003117552709364216,2.9526599093519817e-05,0.025693392096211878,0.002982624618412434,0.009180188605493413,0.0005462454358348716,2.26874945458816e-09,0.005200005749959027,0.10246681344640315,4.352090243142754e-07,7.418148266409187e-05,5.851745562527629e-06,2.273972326494063e-05,2.9157135476483496e-07,4.723404438406887e-05,0.00022886058349906108,0.01603975650476112,5.139340124426774e-06,0.8128714119715604
10,0.0007302848250178835,0.004763800301618883,4.7625515667543895e-05,1.4334467521735198e-05,0.02400120438330501,0.00019701463773513631,0.0004740563653647781,3.525071722766662e-05,0.029504658340726766,0.003011645786343158,0.011213087964873152,0.0006459432818061574,2.8605381017487197e-09,0.005518576841347744,0.1146390701732304,1.0903403208279712e-06,0.0001225624886338515,1.5446977214693196e-05,4.382850504081661e-05,3.2448486843136056e-07,6.626989072775369e-05,0.0003906837572882234,0.016996110518168957,5.83324014207014e-06,0.7875612933352705
11,0.0008843791848954888,0.0048023826816063105,5.2482228835059785e-05,1.5620485755911284e-05,0.024403463932516675,0.00021511165555445234,0.0005612088224175576,4.479116342413434e-05,0.03201915281886105,0.0035711900255664935,0.011470279271120676,0.0007053332156462561,3.985221882771256e-09,0.0057730377106236744,0.11446421577168478,1.2996704221792244e-06,0.0001473523826609112,1.7444744145893154e-05,5.218660290983723e-05,3.710670572297477e-07,6.692652350248241e-05,0.0004232333925563654,0.01741559413704727,7.352313579133446e-06,0.7828855862123878
12,0.00025414920010860174,0.006325290639475407,2.321286783380085e-05,2.2914543786019995e-05,0.03255280315994424,0.00010494062283807958,0.000360673801048549,3.884224327656916e-06,0.011871175188786342,0.0004688026367893359,0.010087009032358036,0.0002503523690092092,4.796691866734807e-10,0.007458961521381614,0.11669815114507776,5.558378822669699e-07,5.9319801807282196e-05,1.5068324181258601e-05,2.685454332611994e-05,3.0327285397719085e-07,6.696220545413056e-05,0.0002594773826911769,0.014074034993963078,4.448625859701982e-06,0.7990106535795469
13,0.000708482482815235,0.004615798244974746,6.420489652815545e-05,1.4275195885303888e-05,0.016395967153542454,2.3282874449291485e-05,0.00037957368003514817,4.0507199346025456e-05,0.016626091842829052,0.0023335460472284726,0.04008414479486516,0.0010745260709462345,2.3348714347065743e-09,0.007689485341479169,0.13720884254487797,4.99796565961085e-07,0.0001172445477464001,1.095207804656756e-05,1.7113925890705723e-05,7.29139412531346e-07,5.809995341790967e-05,0.0001960420824680395,0.016881869846115016,3.560224179693311e-06,0.7554551577014833
14,0.0006365981535405614,0.008583175919629359,5.515719734459989e-05,2.0292021108234347e-05,0.040735233283315894,0.0002491216291436542,0.0003170744166211181,2.885292602454585e-05,0.031163186572362958,0.002516135847391922,0.017445846606062916,0.00040202932564348005,3.407877765273861e-09,0.0057237070827731995,0.12913306419925236,1.2338618565855163e-06,9.895191410622936e-05,2.3327710298712445e-05,7.432728675296142e-05,4.570135142508206e-07,6.458779012032379e-05,0.000395342001104766,0.016503159331888097,3.741641868764602e-06,0.7458253928603966
15,0.0007302848250178835,0.004763800301618883,4.7625515667543895e-05,1.4334467521735198e-05,0.02400120438330501,0.00019701463773513631,0.0004740563653647781,3.525071722766662e-05,0.029504658340726766,0.003011645786343158,0.011213087964873152,0.0006459432818061574,2.8605381017487197e-09,0.005518576841347744,0.1146390701732304,1.0903403208279712e-06,0.0001225624886338515,1.5446977214693196e-05,4.382850504081661e-05,3.2448486843136056e-07,6.626989072775369e-05,0.0003906837572882234,0.016996110518168957,5.83324014207014e-06,0.7875612933352705
16,0.0010366041792285003,0.0026796718597272774,0.00010646050568776131,2.4726484897707053e-05,0.031195635974885363,0.00023871154742351666,0.0007443490984901572,5.8471902817188714e-05,0.01986516896309838,0.0039059524522397134,0.022699321141081405,0.0018527809096306287,7.633989200069747e-09,0.01387113528578981,0.15262113942181585,3.234302055833253e-06,0.00016912008124911476,4.298830059421074e-05,4.42802676900409e-05,1.07173615334406e-06,0.00022007395421869963,0.00034973351372338883,0.030356975186991493,9.642759802758406e-06,0.7179027425367182
17,0.0007774581012327123,0.0027994148303486636,3.987159670374108e-05,1.3107819503896814e-05,0.019003523238136043,7.483854052204396e-05,0.0005693331301780775,2.5707970795805414e-05,0.01733631479697711,0.0015353769457377112,0.012276063972685445,0.0009685242237178546,2.1582395400954217e-09,0.0075573526789401045,0.07926738175459377,7.458368301523281e-07,0.00011791730778939391,9.232948366506825e-06,1.6893440090499212e-05,2.517425853550342e-07,4.812771928887643e-05,0.0003375204543711257,0.010764254511440084,5.336545611632378e-06,0.8464554477353136
18,0.0016265979533263844,0.004093986941010994,1.0043290647880416e-05,5.157370603412288e-06,0.010331642480103011,6.211862011529419e-05,0.0017541143852447753,2.339680766787347e-05,0.01135641577063852,0.0019401147185384784,0.008358616392036042,0.00042062839931413106,3.663140615415023e-09,0.02120721712241651,0.05660312808558424,2.3401703590829674e-07,0.00018954439153027992,1.9826403669621915e-05,2.4822817579995682e-05,1.7529991873312542e-07,1.8872420703973816e-05,0.0003886893382905925,0.007473052994746772,1.841634973554578e-05,0.8740731839664002
19,0.0008123590930290682,0.003940329311521828,6.853523918432722e-05,1.8657911044605954e-05,0.023489513673623064,0.00028077469704487697,0.0009678162105019526,6.0144082178914104e-05,0.03923835944141964,0.006373328495466679,0.009822072162284262,0.0010849823813723842,4.788181754988128e-09,0.003860057635681172,0.09334971713091984,1.4549732201518032e-06,0.00017441330512635092,1.0310430248086705e-05,4.550847380309554e-05,3.8925822293788707e-07,6.087735901281796e-05,0.000664773382839165,0.012302406553224472,9.05271856342207e-06,0.8033641612922854
20,0.0004437714672150983,0.0059392450036571546,4.781997838464954e-05,1.2660762572866528e-05,0.013803457871978207,0.00016968272548249043,0.00027688111606497293,6.427410597991407e-05,0.02828810238302647,0.0025176480550151265,0.011476917280496495,0.0010829340866892613,2.1253595937480966e-09,0.004077644860800705,0.17910662775259825,7.737821796828473e-07,9.830864026424273e-05,1.3454245862953803e-05,2.620678697265548e-05,2.973683757386646e-07,8.683291450052156e-05,0.0005614092707505573,0.013573321705247263,3.832273437667789e-06,0.7383278934370874
21,0.0010515771771013522,0.003368688034592361,6.477239970977766e-05,2.696071586351467e-05,0.026065793939796,0.0001293102262283869,0.0004399740768683924,3.7001878809864446e-05,0.02478785889780946,0.0025599304891679607,0.026854274172664314,0.0009789093025300785,3.5346472707882022e-09,0.013052871739083517,0.13763463284825075,1.5839041615773327e-06,0.00010680091172098973,2.1029484898850878e-05,3.132819390565405e-05,6.087031397051773e-07,8.583609553645076e-05,0.0002600884787432482,0.020926490192600497,4.1900119183425155e-06,0.7415094845902516
22,0.0009689406047163979,0.003105611659714644,7.845272428650312e-05,2.468791870962973e-05,0.027884120077874254,0.0001595526802601195,0.0004867994850910602,3.9628111622325567e-05,0.02658157637269681,0.0049913056694101295,0.027439766297090887,0.0008006177518986662,4.243042204490828e-09,0.006762410893660393,0.12022957737876866,1.4863854560365906e-06,0.00019687099611092148,2.5000283797552862e-05,3.989777667242227e-05,7.440542475942351e-07,0.00010343599267141579,0.000409052815967462,0.023110814344509185,5.199573832976332e-06,0.7565544459078919
23,0.0007302848250178835,0.004763800301618883,4.7625515667543895e-05,1.4334467521735198e-05,0.02400120438330501,0.00019701463773513631,0.0004740563653647781,3.525071722766662e-05,0.029504658340726766,0.003011645786343158,0.011213087964873152,0.0006459432818061574,2.8605381017487197e-09,0.005518576841347744,0.1146390701732304,1.0903403208279712e-06,0.0001225624886338515,1.5446977214693196e-05,4.382850504081661e-05,3.2448486843136056e-07,6.626989072775369e-05,0.0003906837572882234,0.016996110518168957,5.83324014207014e-06,0.7875612933352705
24,0.0007396861804917518,0.005838874321805068,4.430661776731682e-05,2.1519280859482097e-05,0.028604326312061067,0.00016908073785729339,0.00037893242674723185,2.8718294051606756e-05,0.024479610734150982,0.002543702104694589,0.014696666068508222,0.0006478775004655927,3.0742950182824887e-09,0.006883332985654631,0.10473009327371349,1.0335319884107076e-06,0.00010558040597305035,1.7081384833983136e-05,4.0451640114191724e-05,3.9141934228983375e-07,5.33351536659556e-05,0.0003808183981167093,0.014166433186439514,4.391943690699661e-06,0.7954237530227121
25,0.001383578715978977,0.0015893709308232745,6.306956630094374e-05,1.988771718384623e-05,0.02229688769357016,6.172966409739486e-05,0.0008153741339725399,6.628817531494342e-05,0.02303394268480669,0.0037492897542666177,0.0356764656639636,0.001191395188209142,5.356132137046149e-09,0.011426566303910916,0.1142069173739963,9.280105700520391e-07,0.00013520487586578072,1.3346290266731194e-05,1.7060513113562882e-05,7.49971104774591e-07,4.495984884141164e-05,0.00025367922599337005,0.013019807567116818,4.586471377169506e-06,0.7709289083032231
26,0.0009649303555086278,0.004926773728458806,2.7936154784375026e-05,1.1752693944259605e-05,0.02390539282845824,0.00030012653753136263,0.0006025164688753383,2.6707079642244555e-05,0.046354891421886694,0.0036079284242545432,0.00620124351639847,0.00026869724250435994,3.102848887130964e-09,0.0033458766944813056,0.08507827074681266,1.0610807625659395e-06,0.00022129323350133815,2.3227593667884102e-05,7.375534690954983e-05,2.576762243250301e-07,5.805030671419868e-05,0.00033666055254509385,0.029216272143641052,1.075219723840592e-05,0.7944356228724052
27,0.0005766606239003775,0.0015741916053510852,4.1943340740670544e-05,1.8710340307690406e-05,0.01946762428749665,0.0001661585848380435,0.00031829646563085465,3.165089658050955e-05,0.032715790914882394,0.002080853750706982,0.014927110696995287,0.0005171986599069065,1.7851345978048079e-09,0.016656910863530442,0.10442126074347323,1.8684429060647775e-06,9.759162683362665e-05,4.051646854765772e-05,5.1719440987630395e-05,7.307222091648024e-07,0.00033555737898263125,0.000392998989815563,0.061152209124058415,4.1133068891648715e-06,0.7444083309392944
28,0.0007302848250178835,0.004763800301618883,4.7625515667543895e-05,1.4334467521735198e-05,0.02400120438330501,0.00019701463773513631,0.0004740563653647781,3.525071722766662e-05,0.029504658340726766,0.003011645786343158,0.011213087964873152,0.0006459432818061574,2.8605381017487197e-09,0.005518576841347744,0.1146390701732304,1.0903403208279712e-06,0.0001225624886338515,1.5446977214693196e-05,4.382850504081661e-05,3.2448486843136056e-07,6.626989072775369e-05,0.0003906837572882234,0.016996110518168957,5.83324014207014e-06,0.7875612933352705
29,0.0007302848250178835,0.004763800301618883,4.7625515667543895e-05,1.4334467521735198e-05,0.02400120438330501,0.00019701463773513631,0.0004740563653647781,3.525071722766662e-05,0.029504658340726766,0.003011645786343158,0.011213087964873152,0.0006459432818061574,2.8605381017487197e-09,0.005518576841347744,0.1146390701732304,1.0903403208279712e-06,0.0001225624886338515,1.5446977214693196e-05,4.382850504081661e-05,3.2448486843136056e-07,6.626989072775369e-05,0.0003906837572882234,0.016996110518168957,5.83324014207014e-06,0.7875612933352705
30,0.0007302848250178835,0.004763800301618883,4.7625515667543895e-05,1.4334467521735198e-05,0.02400120438330501,0.00019701463773513631,0.0004740563653647781,3.525071722766662e-05,0.029504658340726766,0.003011645786343158,0.011213087964873152,0.0006459432818061574,2.8605381017487197e-09,0.005518576841347744,0.1146390701732304,1.0903403208279712e-06,0.0001225624886338515,1.5446977214693196e-05,4.382850504081661e-05,3.2448486843136056e-07,6.626989072775369e-05,0.0003906837572882234,0.016996110518168957,5.83324014207014e-06,0.7875612933352705
31,0.001988967478377836,0.002948549312247527,0.00011804769823471029,8.052603589337073e-06,0.024386068860166598,0.0001687244474512529,0.0006875257371200794,0.0001570665468501673,0.03930687067081375,0.004070961618257265,0.00970827173587341,0.001024893642693749,1.0313174398448853e-08,0.005724097577749755,0.08503053781037455,1.6889152829470559e-06,0.0002578428102022917,1.4967601298744277e-05,6.467866760954543e-05,4.466608540011597e-07,4.6104537814179e-05,0.00043803765437170543,0.018643261707626643,1.1083617680218063e-05,0.8051932417742858
32,0.0008203360700854451,0.005899476428383461,5.040147962233612e-05,1.4895410548630554e-05,0.025216404132151884,0.00021936089026371324,0.00045415854474740774,3.764094599335261e-05,0.03090054924076557,0.003096220384581255,0.010740187583936668,0.0005940168344283473,3.3537556473543084e-09,0.00540317183699078,0.11475073462137722,1.2136352660667476e-06,0.00013617583303068836,1.76329262503129e-05,5.9859908755901656e-05,3.1958578650340945e-07,6.558157335363415e-05,0.00042751727014582556,0.01685031538413152,6.592821139756709e-06,0.7842372333045087
33,0.0032109230134817895,0.029011787704358714,9.914328628001861e-05,4.929416080009982e-05,0.035480046972363254,0.001610680510247173,0.001484586967350686,0.0001304128395576368,0.021835342209609303,0.004974448475109331,0.0034283006788056593,0.0013993474515167524,4.554695108099246e-08,0.008098055345066513,0.07144538264298386,1.545452692794458e-05,0.0007680911324395905,0.00015782837721115976,0.0014013265691501784,4.362694476519696e-07,0.00012469166909153222,0.003667730211504998,0.018004747228161325,0.00010328080525596309,0.7934986154063283
34,0.0067035206508759375,0.004936983452653633,8.099604128289851e-05,2.185243667340927e-05,0.042989720526927525,5.84919175055274e-05,0.0005532437509806296,5.324644208906705e-05,0.03785191363808608,0.002907695541265802,0.032417157398222554,0.00027589257983552727,7.567281448587793e-09,0.013415291594123113,0.09854601596177295,1.316968631885214e-06,0.000256470307860996,1.9966191670974107e-05,0.00016165865115160344,3.9335398434840557e-07,3.2685129801920124e-05,0.00020798547876096603,0.012177901786121994,6.834442098174092e-06,0.7463227581903413
35,0.0007398352023985069,0.008146972989904785,4.450732675666871e-05,2.0152511069898464e-05,0.022849433028844564,0.00017745698197135144,0.0003946593329726015,4.704477901225698e-05,0.042717117448091084,0.0029432971258969787,0.011374850179256926,0.0005004488795112909,2.8646200062147775e-09,0.004617040661509931,0.11279014643321458,1.036324614578236e-06,9.279916715585623e-05,1.204391905249796e-05,7.10542317584056e-05,2.5077968271474216e-07,2.886336025161796e-05,0.0007120742987104075,0.009052046524579048,4.508929498416448e-06,0.782662356719665
36,0.0007068125185174472,0.003323458405248426,2.8616799852862906e-05,1.3736504080634998e-05,0.010899331675591406,0.00011603655190569108,0.0005953625922223189,7.119728234355055e-05,0.019699789195705322,0.0020082944238597016,0.011585680435599861,0.0021511296552335735,2.8371698631799704e-09,0.006352181062064639,0.11025961323857729,1.126479151678054e-06,0.00010469137842878453,1.7010945633895527e-05,2.5340862068061607e-05,2.3224983971169921e-07,4.460288063142895e-05,0.0009461310170576564,0.007765656479037203,6.303702267997161e-06,0.8232776608279115
37,0.0013503432862353,0.003109408331751495,6.163963349901973e-05,1.1919458129602177e-05,0.025178174059460906,0.0001386752925094881,0.0007899435941731713,1.7919935724493023e-05,0.010513056243241394,0.0021393763581811823,0.009642652150377871,0.0008333509107315571,4.801858341968395e-09,0.020815695063384782,0.08905644304714079,1.6679679708512548e-06,0.00016610567922773208,2.6927510341762446e-05,4.9663479166042804e-05,4.258814531476583e-07,0.00011545717791482078,0.0002449407784046539,0.026529613697931484,1.6667458963745798e-05,0.8091899282022266
38,0.0007400271514006988,0.004507997857621797,6.202062098490996e-05,1.8118199185075055e-05,0.024859871623402682,0.0004494544634321643,0.0007383193941647255,5.0172426816485346e-05,0.0318539596247733,0.00430292833171998,0.011299767633740352,0.001078939229077294,4.967632416150357e-09,0.007249638398206545,0.1480675444168672,2.688758182411626e-06,0.00014118245398083817,3.244579481798445e-05,6.56078052096395e-05,4.7503516652732776e-07,0.00014954400940386857,0.0004973422679450356,0.030775521538268437,1.0259722480819084e-05,0.7330461682755192
39,0.0006737377611684336,0.008946791663857345,7.935458936255142e-05,1.942142637886272e-05,0.025489459173186412,0.00038369257619156265,0.0004962803566091317,5.5910244239953015e-05,0.03659169296105868,0.003292606862041882,0.007237870887491849,0.0009979956782278877,3.8986178332016125e-09,0.004133054924415966,0.14259210418241852,2.4773799870129432e-06,0.0002202567237805742,2.3248729112655977e-05,7.208181672265072e-05,3.9309288884185146e-07,0.00034508336599468393,0.000718499014072161,0.029023056685374006,8.120955975327447e-06,0.7385968050508253
40,0.0006719460388833788,0.004731794145168191,4.8017193284200214e-05,1.327460353472013e-05,0.024201675325680037,0.00018676076282701594,0.0003821458904461019,3.375859850245956e-05,0.028492926342623678,0.0028663698574416417,0.011536328764992068,0.0006500596346770622,2.7630123628874023e-09,0.0074419770529259195,0.10695688627433958,1.0350931270853847e-06,6.88574209842282e-05,1.3344818182941787e-05,4.088627598265847e-05,3.1840616797151277e-07,6.520286853537202e-05,0.00033864727485493934,0.01635362548361647,4.51356247316062e-06,0.7948996455477366
41,0.0009191637595159784,0.0081227844306819,4.661810051539008e-05,2.5443961461761152e-05,0.030979460431973003,0.00019672968097246858,0.0003801493628208172,4.278787117370204e-05,0.04029807563998843,0.0028769566339789925,0.01813201800759741,0.0005053424209383185,3.2577673269185404e-09,0.006966972241186026,0.14165745643452982,1.274648925668556e-06,9.241595384531133e-05,1.998663736292312e-05,5.7734534819187404e-05,3.8368580696628587e-07,4.6603434248959254e-05,0.00028122134405528297,0.015541232123688084,3.991343546720869e-06,0.7328051940585993
42,0.0008738418778062241,0.024089607965372798,0.00015377778496738375,4.686884337164952e-05,0.02007743361215197,0.0006211741079556886,0.0003787182568714314,0.0001834675510252548,0.08135039561348271,0.0031434520663415357,0.008787457290156071,0.0012077068528307754,4.354858918938267e-09,0.0015386541937603018,0.14531723200191038,4.1608131990545355e-06,0.0003317807888429625,1.6285664358175956e-05,0.00018997865523862095,2.411087789006001e-07,0.0001437437345909996,0.002682823383300335,0.010450560530798488,5.563496353966851e-06,0.6984050694516754
43,0.000857163704490561,0.005523521019640562,0.00012482751185517778,2.3528372795603536e-05,0.034224229859866465,0.0008837833409741264,0.000753417477283386,8.610741184587866e-05,0.05792224145158133,0.010813644633178245,0.007526939312681297,0.0010260271641666188,7.918877550213814e-09,0.0028523661566762265,0.13318716251816665,3.225269204221943e-06,0.0003517293420366619,2.5286719763730992e-05,0.00010370163054225917,6.858484221457374e-07,0.00029537702339657514,0.000874225398540159,0.034580599296384525,1.6690648423503396e-05,0.7079435109692068
44,0.0007302848250178835,0.004763800301618883,4.7625515667543895e-05,1.4334467521735198e-05,0.02400120438330501,0.00019701463773513631,0.0004740563653647781,3.525071722766662e-05,0.029504658340726766,0.003011645786343158,0.011213087964873152,0.0006459432818061574,2.8605381017487197e-09,0.005518576841347744,0.1146390701732304,1.0903403208279712e-06,0.0001225624886338515,1.5446977214693196e-05,4.382850504081661e-05,3.2448486843136056e-07,6.626989072775369e-05,0.0003906837572882234,0.016996110518168957,5.83324014207014e-06,0.7875612933352705
45,0.0013408800935202079,0.004424691968175748,6.978171759919063e-05,2.1795136623475863e-05,0.023185654852206042,0.0003666166798054955,0.0015267201944945295,0.00022541853248188155,0.05324292717400561,0.006167341587368303,0.011562875969886088,0.0013956442739315152,1.0678616834083656e-08,0.006328596904586908,0.16640813192171056,3.3447538126429123e-06,0.0002276592393306913,2.948178014896388e-05,8.4513498136857e-05,5.239382222144557e-07,8.778917945098907e-05,0.0007430789021271905,0.015739544138529408,1.5215711448953902e-05,0.7068017611737792
46,0.0012248808232818965,0.005626893976126161,5.9673887707470794e-05,4.3957241082915315e-05,0.023550300603446827,0.00023297943762028573,0.0005542185982224962,4.2261928606326844e-05,0.029763942915456466,0.0034774207347000718,0.011845064938662959,0.0008254399842931265,3.6948467561863148e-09,0.004444321618833211,0.07379937877777236,1.7975758418921765e-06,0.00026761097570127097,2.1213629088997968e-05,7.721536419445607e-05,4.0100507578129026e-07,0.000141304362393551,0.0012415266681220494,0.017603119273265754,7.838969013223612e-06,0.825147233016644
47,0.0032276364080781206,0.002224445753461451,0.00011737787242485953,7.853761593769021e-06,0.023243877824404326,0.0003688144541133368,0.001273407437434436,0.00010593671268820521,0.03423307052944746,0.005774384008327201,0.00940234638352364,0.0015552422694631205,1.2611669112759348e-08,0.005708098067078992,0.12303931748642702,3.8703269244180276e-06,0.0004733052913027141,1.801402048082683e-05,0.0001145059676441494,3.4628459830559133e-07,6.0703159660564275e-05,0.000960598519615372,0.018138228039563206,2.134557435025318e-05,0.7699272612357249
48,0.0016636429475467872,0.009770238696146162,5.829637105005891e-05,1.4014005712887777e-05,0.021745482118028795,0.0005115352240827982,0.000856976089745855,7.795806301991832e-05,0.03490187787522026,0.006131008958487163,0.004357044976348068,0.0005924072391076237,8.904463565983799e-09,0.0032182658745189604,0.08809177902045459,2.1804272899393537e-06,0.0004600934112040697,2.78768074542433e-05,0.00024273201451814461,2.604867351957963e-07,7.188970317192244e-05,0.0011469124828171722,0.015292128435257402,3.0285390883362433e-05,0.810735104476735
49,0.0005426098891866969,0.006984565078808988,7.35227535587087e-05,1.857106965582352e-05,0.022887273049583032,0.00033690231436102656,0.00047909331359224385,5.235447540608097e-05,0.0365626824019987,0.0037409766028089503,0.00918930589116503,0.0011222090140881066,3.2232277796557054e-09,0.003290575731297637,0.11713690144334678,1.4271936667318902e-06,0.00014664474765746242,1.2874600340708576e-05,4.9529734978588407e-05,3.5230475128801e-07,9.926987164997706e-05,0.0008279494159860901,0.014505477951513942,5.906109119891348e-06,0.7819330218182498
50,0.000836470806606244,0.0017097324295596672,4.64386767472678e-05,1.2870830586544975e-05,0.022302982236784983,0.00014133680728846903,0.00042545589618843025,4.4988128197366477e-05,0.025774996018800875,0.004251999441661119,0.013211439907114935,0.0006719678190190384,4.381560438568149e-09,0.006918159617932617,0.08350392155665749,1.1029010496302662e-06,9.331861043176681e-05,1.385014173510934e-05,4.414044835230988e-05,3.6694940149661874e-07,3.469437444159578e-05,0.0003433486044983535,0.011453739089390166,6.250776953607545e-06,0.8281564235490407
51,0.00018873716585126376,0.010095913676028308,2.0570128205664643e-05,2.365671187848129e-05,0.007128965264727901,8.768255930853631e-05,5.266659201525619e-05,4.8598331232971374e-05,0.029753439557188968,0.0005029424475117013,0.01574066651527163,0.0005128920916746111,4.073885273949512e-10,0.002522106494055109,0.18284391922450297,3.610119085160893e-07,3.301759755282258e-05,8.056843246191464e-06,2.0080991961745096e-05,1.3985916795196353e-07,4.1466999631525985e-05,0.0009646418219440418,0.011100424735195904,4.806515726639241e-07,0.738308572320977
52,0.0009926538031041884,0.0021597494332895864,4.343778266837535e-05,3.1701834617665703e-05,0.027465234222622925,0.0003529282949145221,0.0004651523929103622,7.329124042138319e-05,0.04422213544184112,0.007195074239735496,0.019993683274075667,0.0007128059064371674,5.5507727708867405e-09,0.006419498880250621,0.1867884162508574,1.70078114937494e-06,0.00012184830113752314,3.844800408227676e-05,6.457133279853025e-05,8.34499706978637e-07,5.665737474167218e-05,0.000301911022519533,0.020788637820473962,6.255982109708625e-06,0.681703366332761
53,0.0006571290950390421,0.001387649922140814,4.781017424031288e-05,1.3659916800496344e-05,0.024080788386735604,0.00019939127810598387,0.0005221905737486871,3.724188687044095e-05,0.02999689035926343,0.0030283211995964106,0.013819554388579243,0.0006410805628434685,2.934822813900421e-09,0.0076000533152033155,0.10681223015885859,1.0799587826022167e-06,0.00010254422878982625,1.608943421134564e-05,3.849809253776483e-05,3.8158432871719617e-07,8.240952806476645e-05,0.00034213321162328855,0.03148921154613768,5.537894000119988e-06,0.7790781203686753
54,0.0009119207459109403,0.008525392817247368,0.0008791255082396887,9.447035905981045e-06,0.02405790277553696,0.0001857957023896057,0.000572684078011853,3.393531445829601e-05,0.02622453548640044,0.004058084497822933,0.0060452617590509876,0.0016224043001236373,1.4014182358321528e-07,0.006899693270719833,0.10263761963090069,3.5708723618316267e-06,7.316276155645512e-05,6.590311262238047e-06,2.973480808670463e-05,7.370988301532658e-06,0.00026468505874796067,0.00038645262715365016,0.008638668859307546,1.649124117992265e-05,0.8079093294074994
55,0.0007160065303533958,0.004518010417016424,4.5356717105778795e-05,1.4551976979807701e-05,0.020337092922087362,0.00013035787154310152,0.00041835568344400747,1.0100871972907077e-05,0.022223274969129236,0.002886205874834708,0.012152191415815724,0.00013127499221218095,8.661236275663527e-10,0.005521005616153119,0.11615504015427386,5.219033053065506e-07,0.0001274348381512108,1.1774127947043605e-05,5.9399689487361605e-05,2.182722509872631e-07,6.374705439922727e-05,0.00031805603234123515,0.017153567247736083,4.76679631518351e-06,0.7970016871590205
56,0.0008331810787337911,0.004852866600392087,5.153773349707122e-05,1.6049144759047697e-05,0.0247966315438818,0.00022148335582641038,0.0005370472503091828,4.269461185875034e-05,0.03155929334687093,0.003444918548599351,0.011446704196439545,0.0007012241743342875,3.768906228766439e-09,0.005726034242653045,0.11479860339565569,1.2875533156385651e-06,0.0001402647938473964,1.7536793602510045e-05,5.0355674171961856e-05,3.74833683580586e-07,6.892908450433582e-05,0.00041734796332658787,0.017605067937314405,6.91152991817349e-06,0.7826636508435979
57,0.0007594953207013493,0.00526096001013585,2.694667828259895e-05,1.4572764528844472e-05,0.014292159484020166,0.0002259135069930764,0.0005661438760778408,3.061558507304294e-05,0.02547739957109695,0.0024220895983827094,0.011566436427652847,0.0007198158392386453,2.4858176365357492e-09,0.005292763420650398,0.11136799854833207,1.4696602741986972e-06,0.0001786603956333117,1.3101705102319023e-05,5.262444242899531e-05,2.6440339627972834e-07,0.00011574033290698681,0.0005070726058957326,0.015595014363600885,7.000315902655625e-06,0.8055057386578742
58,0.0008465577725252317,0.004965955377660689,5.3104290609176045e-05,1.3558229069607332e-05,0.024165295377935422,0.0002581105552298722,0.0005820136832503829,4.294931398207282e-05,0.029215182087256045,0.003960607680670571,0.00867415464543412,0.0007260138565695912,4.364734174590275e-09,0.0056615458594510846,0.11023581084177354,1.3507951939691201e-06,0.0001556678300662014,1.914093856244688e-05,5.8782703051660204e-05,3.7095430299637784e-07,7.63922643386923e-05,0.00044592277189394716,0.01961059678355384,1.0117902878827043e-05,0.7902207931200058
59,0.0008476405561846322,0.0049420065589025055,6.716655353085876e-05,1.4254431965854472e-05,0.02577750692165769,0.00024229457646129785,0.0005864582495784927,4.393276493366368e-05,0.02948435018654327,0.003868246433683154,0.009594718649651687,0.0007819365464544935,4.465468081863706e-09,0.005773017891932148,0.11084503361744705,1.409594195134027e-06,0.00015864835400318075,1.7515895060682937e-05,5.615997418283416e-05,4.121467442479221e-07,8.726971223596997e-05,0.0004452341559547054,0.01969288623003087,9.478604944381185e-06,0.786662416928253
60,0.0007302848250178835,0.004763800301618883,4.7625515667543895e-05,1.4334467521735198e-05,0.02400120438330501,0.00019701463773513631,0.0004740563653647781,3.525071722766662e-05,0.029504658340726766,0.003011645786343158,0.011213087964873152,0.0006459432818061574,2.8605381017487197e-09,0.005518576841347744,0.1146390701732304,1.0903403208279712e-06,0.0001225624886338515,1.5446977214693196e-05,4.382850504081661e-05,3.2448486843136056e-07,6.626989072775369e-05,0.0003906837572882234,0.016996110518168957,5.83324014207014e-06,0.7875612933352705
61,0.0008034807268947863,0.004818754077598205,6.0784067535103885e-05,1.3027119408167853e-05,0.025100591951931466,0.00022139760666232082,0.0005391599649023918,3.833532191591296e-05,0.02920141849497967,0.003500207515706374,0.009693306385979898,0.0007209465732618385,3.7134210892382844e-09,0.0056512450840244255,0.10984091092989846,1.2569017495650492e-06,0.00014543812049798343,1.5857056627576374e-05,5.215948953917184e-05,3.6007364602092707e-07,8.095529452332608e-05,0.000413302710901207,0.018699888286592723,8.20219695758314e-06,0.7903790103348449
62,0.0007302848250178835,0.004763800301618883,4.7625515667543895e-05,1.4334467521735198e-05,0.02400120438330501,0.00019701463773513631,0.0004740563653647781,3.525071722766662e-05,0.029504658340726766,0.003011645786343158,0.011213087964873152,0.0006459432818061574,2.8605381017487197e-09,0.005518576841347744,0.1146390701732304,1.0903403208279712e-06,0.0001225624886338515,1.5446977214693196e-05,4.382850504081661e-05,3.2448486843136056e-07,6.626989072775369e-05,0.0003906837572882234,0.016996110518168957,5.83324014207014e-06,0.7875612933352705
63,0.0006477458864568957,0.0061853350451584995,4.010656258899104e-05,1.3739459663004181e-05,0.022246587983836164,0.0001978921613381477,0.0003834753937040163,3.220287798124131e-05,0.030277861841391432,0.00248640680901604,0.010156209728834038,0.0005239260251605683,2.355514706848025e-09,0.004631057158460119,0.1176078052086134,9.378676206557697e-07,0.00011182431735720724,1.4933648126927686e-05,4.6363115233153264e-05,2.645182287439873e-07,5.8261827272399655e-05,0.00041419171469197726,0.015515168815423627,5.000374450801426e-06,0.7884026993038771
64,0.0006474124550789312,0.004795024248486975,7.47393811607823e-05,1.4248446187201625e-05,0.025649547766826562,0.0002317075560313497,0.00043216334311356686,3.424713340494395e-05,0.028766818277762327,0.003152470989818251,0.01070258202054379,0.0008549404825001941,3.0995254845395007e-09,0.005371422849435124,0.11877653956356586,1.3238375925255858e-06,0.0001358633156060367,1.5163990632491421e-05,4.190950128923352e-05,3.9544477177527925e-07,0.00013007820490023135,0.0004229134733419288,0.022526256804473843,6.404613060408775e-06,0.7772158232008901
65,0.0003696526030921333,0.007930390274299953,4.4969634240973396e-05,9.89435945116876e-06,0.02287820658176201,0.0002127544711906354,0.00028357044154954587,2.7472464119574655e-05,0.02590992864945656,0.002451695091587928,0.00672488467572876,0.0006084741479026891,2.340549764497338e-09,0.004501110907168193,0.1064905100049476,9.746906560660753e-07,7.089977749904137e-05,1.5585313092898637e-05,3.689698804769759e-05,2.998576290399155e-07,9.161151517692785e-05,0.00037150399396449125,0.02000234312952222,5.199336446544849e-06,0.8009611687509179
66,0.0031251474393685897,0.004683147218894765,0.00014822929236483673,1.5045424233108525e-05,0.0758323303309869,0.00022429996737483756,0.003906569166370159,4.1230636407935536e-05,0.0381135066867532,0.0074464949026619275,0.010973274301455614,0.000589844148686558,1.7382943677593852e-08,0.007551803576614293,0.09538586537052345,3.04114891290498e-06,0.0005928730320486375,1.3429532484735409e-05,7.85672535153149e-05,8.196551614474846e-07,6.92573637716097e-05,0.00024182188099387144,0.016932600104447745,2.466656521040458e-05,0.7340061176178132
67,0.00043384921279794104,0.004375174311406186,2.6055555708066786e-05,1.5541961836167986e-05,0.011006187407650882,0.0003717544767365551,0.00038621306255346127,9.10294767339032e-06,0.013656588893786514,0.0010506626655362296,0.010545389028940309,0.0005550579582913558,8.522015668035922e-10,0.005385862765247086,0.1144044559518601,7.46382540150046e-07,0.00012034720367655704,1.7246166360578664e-05,3.0345296505579785e-05,2.563821545200275e-07,9.652481014787226e-05,0.00040482934871278754,0.01595072066102293,6.237831833493982e-06,0.82115084886482
68,0.0006514773485650472,0.0028663468314579737,4.7342744855701744e-05,1.189076825791064e-05,0.023775940528281733,0.00021263909739993074,0.00047824144275950475,3.561182189635553e-05,0.029037046689949744,0.0030225316666893302,0.009195043165550133,0.000690163327663436,2.863684261179598e-09,0.005123376375282762,0.13733930042431697,1.1190346281136249e-06,0.00012007354528770912,1.7718010357283403e-05,3.521998582965641e-05,3.334516679096259e-07,0.00012597551032292507,0.0003915398581519994,0.020694664497705087,5.943002253838202e-06,0.7661204580071852
69,0.0002100956553418047,0.0030921032033722658,3.39985183911047e-05,1.2241417539943596e-05,0.019074813541273394,7.465741775229157e-05,0.00019508570355580024,1.5025300080520697e-05,0.028478122839175363,0.002075582468794249,0.021242203270150598,0.00039002748574678983,6.404153290985419e-10,0.003519170268693888,0.1392677586529448,2.2496856139337928e-07,6.135900595789486e-05,1.0708404499198884e-05,7.278162412818312e-06,3.538399971785359e-07,6.621892536915147e-05,0.00018957856452118097,0.019337260768434807,8.076019194966088e-07,0.7626453233750987
70,0.0005124346278068848,0.0045113294465218765,5.051341795633403e-05,1.850222262033731e-05,0.024465631744970802,0.0002470162058720535,0.0004952529644260264,3.646847233000436e-05,0.0337602589186487,0.0032465642350059352,0.013422286522834184,0.0007290053769509418,2.674646185931633e-09,0.0050894238086505,0.12383655203379647,1.3075238837880057e-06,7.089982796996323e-05,1.3874048808332484e-05,3.413381760775367e-05,3.5339338284105925e-07,7.49993354117444e-05,0.00038379898543908187,0.018240014305284453,3.780570211495581e-06,0.7707555955189633
71,0.0010060744097958462,0.0008440814749588957,4.118030348947419e-05,1.3863646106747749e-05,0.02669823662913321,0.0002030051957932064,0.0009378004810659005,3.972053011221535e-05,0.03325865267941672,0.0038365954035983613,0.009746545836252805,0.0006532052482506396,3.8403916576901095e-09,0.006627985694731967,0.04997990081149604,1.2446408123916017e-06,0.0001541807880608623,1.3268491580031142e-05,3.879091284082827e-05,3.671018946663885e-07,4.414500195701077e-05,0.0003611450896177831,0.015892176571715603,8.788531026043716e-06,0.8495990406859012
72,0.0017282395468540398,0.0036218215764925975,0.00018465580970694222,3.939628219474042e-05,0.05853073148372794,0.0023311650443897493,0.009003348377424537,0.0005153662429023858,0.06092988773626696,0.009164919722135269,0.009251646309933333,0.00589370591271936,9.791408922285484e-08,0.010904328204979448,0.11090004324871838,5.142818023194483e-05,0.0004055113762003455,0.00011509223729014478,0.00014512651710597862,1.5100609165874523e-06,0.00029701077687094773,0.0008844129760145836,0.028383750444342142,7.090861595679766e-05,0.6866458954025356
