,0,1,2,3,4,5,6,7,8,9,10,11,12,13,14,15,16,17,18,19,20,21,22,23,24
0,0.8786798058478624,1.526280589077438e-11,0.00016136293777348136,7.934903140215964e-05,4.8097634708314305e-05,6.326074970891817e-08,0.0019063351845812647,5.667876510012174e-06,3.0864150194534838e-09,1.7103011434060078e-05,1.2716840628809958e-05,2.4487375119289094e-05,0.009759114905116054,0.06941857608886849,7.493300572903556e-09,0.021391331253380965,0.004092810889406108,0.004181001780874578,8.195993829115119e-05,0.0001374638836579688,3.249354211608048e-05,3.490621822937903e-09,7.435890941933785e-05,0.009895837516016536,4.820648307792174e-08
1,0.904278412398029,1.2221096705810088e-11,0.00017764832093012658,7.839461536049696e-05,4.781832836650994e-05,5.46952569196122e-08,0.0015930249925496845,6.1019591636262305e-06,3.3252130166182947e-09,1.713653960141954e-05,1.1003797678684986e-05,1.803665138887835e-05,0.010743379997357978,0.04528860528982082,5.38376772872462e-09,0.022950741906790466,0.0034924733038545082,0.003201385576336159,8.73444106957837e-05,0.00012769986928074079,2.538848059200983e-05,2.831140520183734e-09,5.3094990009878144e-05,0.007802210721813159,3.16027807639547e-08
2,0.8885095824590566,1.3300371181287652e-11,0.00015370325220522506,7.945367427761596e-05,4.699832236951795e-05,5.3226268487514414e-08,0.0016579106520194307,6.1436535190689025e-06,3.155410656011454e-09,1.7898360807211626e-05,1.390897621555663e-05,2.0790621880216555e-05,0.010266340156723775,0.06328814487132663,7.317031696114965e-09,0.01938067051021037,0.0037196015313303104,0.00406409677027438,7.541104511763409e-05,0.000153993238412667,2.7713946242661687e-05,2.8518033737432325e-09,6.907826654331036e-05,0.008448450532462076,4.259519118433831e-08
3,0.8879127522156565,1.295073551013458e-11,0.00015055947087839366,8.162658207463448e-05,4.473075396262897e-05,5.746410328482688e-08,0.0018175110017338233,5.831953707344847e-06,2.9705763117823958e-09,1.6790105604873882e-05,1.2205929205892715e-05,2.145972692792997e-05,0.010169028289172039,0.06090278328109217,6.502798465626042e-09,0.021501645967470315,0.003907170293805908,0.004058308984695417,7.711139233740852e-05,0.00013934638065552833,2.869650110716835e-05,3.0707101477457497e-09,6.748329738352897e-05,0.009084847080049223,4.077134024235213e-08
4,0.8868041460945296,1.2356783778742831e-11,0.00014297779262501748,7.768580436552875e-05,4.395365269962512e-05,5.649298384574209e-08,0.0017730811633987092,5.752720352561951e-06,2.837951361603302e-09,1.682029496141821e-05,1.1585727039450318e-05,2.0290239017285867e-05,0.010836981626739862,0.0612822538500365,6.187803354524551e-09,0.02115611254099089,0.003902623034847789,0.004166311314926737,7.960468688749093e-05,0.00014099286766346906,2.670564447340709e-05,2.8505052423230753e-09,6.618943351103462e-05,0.009445823690906201,3.943842709310946e-08
5,0.8830429595387776,1.4366620173554372e-11,0.0001334328084747002,0.00010055803051835197,4.507581600940174e-05,6.535496558103871e-08,0.0018076505116814215,6.079466773547502e-06,3.0989979389160254e-09,1.7313789122817087e-05,1.374387708998073e-05,2.1584675477579536e-05,0.01046709740438243,0.06334974471218363,7.0713482568060465e-09,0.022571306542803524,0.0039717456234173885,0.005193369183025467,7.704515594238837e-05,0.00015947651076792289,2.9258374785137038e-05,3.3070158338317838e-09,7.560850870819627e-05,0.008916827995434404,4.262792967067931e-08
6,0.8879127522156565,1.295073551013458e-11,0.00015055947087839366,8.162658207463448e-05,4.473075396262897e-05,5.746410328482688e-08,0.0018175110017338233,5.831953707344847e-06,2.9705763117823958e-09,1.6790105604873882e-05,1.2205929205892715e-05,2.145972692792997e-05,0.010169028289172039,0.06090278328109217,6.502798465626042e-09,0.021501645967470315,0.003907170293805908,0.004058308984695417,7.711139233740852e-05,0.00013934638065552833,2.869650110716835e-05,3.0707101477457497e-09,6.748329738352897e-05,0.009084847080049223,4.077134024235213e-08
7,0.8900380425300582,1.2635794376809416e-11,0.00014977080552027936,8.023096483917276e-05,4.425225910933981e-05,5.579084911138968e-08,0.0017965608279597023,5.8156986456166604e-06,2.9389768135911523e-09,1.6785200124635084e-05,1.2055596595563737e-05,2.089695731242911e-05,0.01017050160474507,0.059523554781682676,6.341017987692979e-09,0.021059522660542517,0.0038624339327545565,0.003946326483136048,7.656126885534916e-05,0.00013742688222764332,2.7763601069858628e-05,3.006531894690723e-09,6.555657869294999e-05,0.00896583331656535,3.995955146220834e-08
8,0.9020087010495796,1.0144171426797218e-11,0.00018200797481695506,5.8743344012544996e-05,3.5532726682111876e-05,3.759891391681051e-08,0.001583626921243645,4.561358962175521e-06,2.3826294943135125e-09,2.030292419179004e-05,9.82710460086563e-06,1.9016302224550056e-05,0.00815214627930822,0.058477213879381595,5.347051016272813e-09,0.013345006802591104,0.0037784440399735077,0.0018924370637097407,5.925977867419241e-05,0.0001091086197370079,2.5787882649599347e-05,2.4998306857243725e-09,6.356263135786325e-05,0.010174616101968494,4.9375765038562154e-08
9,0.8764396930663259,1.3768445283284265e-11,0.00015573949232269518,9.437601313009156e-05,5.1982645889669776e-05,7.880679349576598e-08,0.002208563313545763,6.796285767402829e-06,3.408301991317945e-09,1.5309033596350747e-05,1.208099346704828e-05,2.4088957835830457e-05,0.012637485407602204,0.056311629698756825,6.2754394833243816e-09,0.032489593246162476,0.0043354267924725414,0.0056747263444490055,9.712452325116486e-05,0.00015347123012459472,3.244059266758624e-05,3.6423004415672157e-09,6.500516761788492e-05,0.009194341245927953,3.3802483132966854e-08
10,0.8879127522156565,1.295073551013458e-11,0.00015055947087839366,8.162658207463448e-05,4.473075396262897e-05,5.746410328482688e-08,0.0018175110017338233,5.831953707344847e-06,2.9705763117823958e-09,1.6790105604873882e-05,1.2205929205892715e-05,2.145972692792997e-05,0.010169028289172039,0.06090278328109217,6.502798465626042e-09,0.021501645967470315,0.003907170293805908,0.004058308984695417,7.711139233740852e-05,0.00013934638065552833,2.869650110716835e-05,3.0707101477457497e-09,6.748329738352897e-05,0.009084847080049223,4.077134024235213e-08
11,0.8911283477602887,1.2007444275112304e-11,0.00014433475346734446,7.76571452110681e-05,4.299630508960585e-05,5.593515330617037e-08,0.0017888967445097422,6.061410087815317e-06,2.8876225678410636e-09,1.7312291512104162e-05,1.1462627314337028e-05,2.043435994012042e-05,0.011141712282954401,0.05678667690260841,5.9915995032726505e-09,0.021250348915110694,0.003921899522717755,0.0040327994435957765,7.877161243295118e-05,0.0001398426477538402,2.5885358550911502e-05,2.9359013633842035e-09,6.253540141748432e-05,0.009321919164712856,3.7588440134550396e-08
12,0.9320776471304967,9.095580443640263e-12,0.00017179703652535827,6.352381641207672e-05,2.706633592804457e-05,3.1746418327833137e-08,0.001406295339920063,8.728778064420242e-06,2.7229485389577385e-09,1.6214074505828987e-05,9.124444445712974e-06,1.6542215502552898e-05,0.010340616307801278,0.027749554289294327,4.458241811844321e-09,0.01684067891835482,0.002949458272175879,0.001812079468608104,6.593547699730188e-05,8.075394950015476e-05,1.6938037753433642e-05,2.872871958429375e-09,2.9249391377044225e-05,0.006317732736456,2.2170304867417232e-08
13,0.8764656258529334,1.0820225667554649e-11,0.00015283521915437781,8.289309749842662e-05,3.9322410574808785e-05,3.4317543428408764e-08,0.001400698576015845,6.628239435729349e-06,2.958010168888413e-09,1.8484288322061448e-05,2.3255673655220047e-05,2.6129418289278557e-05,0.008889693811653224,0.08345665646416078,1.0240627746246177e-08,0.015977304026468363,0.003157601441346894,0.00400422615411953,5.039363983916486e-05,0.00017407228945695463,2.747469591167159e-05,2.478427514597283e-09,7.470520677697079e-05,0.005971904850982425,4.463797543048136e-08
14,0.8764233528839661,1.8432628989682395e-11,0.0001580032906204165,0.0001015285504097697,5.7420373267911564e-05,7.337919890857685e-08,0.001681121928686044,6.426419871159198e-06,3.4934109122518623e-09,1.803749342818369e-05,1.53845200081286e-05,1.9870427046794118e-05,0.012487189049801058,0.06397698041383625,8.110624014398038e-09,0.025729926705073628,0.0038898356870223916,0.0061739590280437805,0.0001076749145005608,0.00018253164262301038,2.9644206893621026e-05,3.357186643626397e-09,7.531213453668516e-05,0.008865671861514766,4.01099963527608e-08
15,0.8879127522156565,1.295073551013458e-11,0.00015055947087839366,8.162658207463448e-05,4.473075396262897e-05,5.746410328482688e-08,0.0018175110017338233,5.831953707344847e-06,2.9705763117823958e-09,1.6790105604873882e-05,1.2205929205892715e-05,2.145972692792997e-05,0.010169028289172039,0.06090278328109217,6.502798465626042e-09,0.021501645967470315,0.003907170293805908,0.004058308984695417,7.711139233740852e-05,0.00013934638065552833,2.869650110716835e-05,3.0707101477457497e-09,6.748329738352897e-05,0.009084847080049223,4.077134024235213e-08
16,0.9131234291626334,1.4002316293560058e-11,0.00014677772977259913,7.140326899914488e-05,4.172625781596304e-05,4.8169054187425545e-08,0.001592327154901842,5.7468433646571705e-06,3.1963514975685598e-09,1.64530949448071e-05,1.0040914099383218e-05,1.6002185897594166e-05,0.009116196708969458,0.04500085709684276,5.4680289223823525e-09,0.016313506078192888,0.003334386914633669,0.0026785569959556677,7.651357514992576e-05,0.00010512221074902586,2.0746855358052756e-05,2.935316893574898e-09,5.3384042343455804e-05,0.008276722952956221,4.017366550617661e-08
17,0.8888594211976836,1.2238885346110782e-11,0.0001429695765330308,8.247366811178311e-05,4.305575183144978e-05,5.4738667313377006e-08,0.0018771954703095991,5.706821209350145e-06,2.9053167387572993e-09,1.6251839778207938e-05,1.2174892857048621e-05,2.1702053630402406e-05,0.009704276037037272,0.06146491832152656,6.283616742379561e-09,0.020836545553446564,0.0038985583690284995,0.00395406572156532,7.143858807578048e-05,0.00013526279629289437,2.7829877791746087e-05,3.0747354091243786e-09,6.644939708966647e-05,0.008779595781817475,4.126980861007333e-08
18,0.8864591513189437,1.2535162907716633e-11,0.00010847040082391079,7.284990248749686e-05,4.2088178028670853e-05,4.8933757362415314e-08,0.0018825680149096823,4.819379611146843e-06,2.832516190071953e-09,1.695329058711498e-05,1.1795225719303154e-05,1.980249253460255e-05,0.009214603153937373,0.06864149465769957,5.879053224374529e-09,0.014114612467338455,0.004886687043875351,0.004249670021391298,6.623743746844544e-05,0.0001415692667385063,2.333561056092902e-05,3.275033820740035e-09,7.809056313035221e-05,0.009965081105363122,5.9535955252159703e-08
19,0.9051113897258425,1.050599244616706e-11,0.00017624950158211285,7.586435942218917e-05,4.288093304226348e-05,5.778391426567145e-08,0.002285832550781829,6.765304132786459e-06,3.178861270041936e-09,2.107526969655221e-05,9.790077993618906e-06,2.314940811084274e-05,0.011612991899538844,0.043013347597960896,4.7015540940566955e-09,0.020491785069260023,0.004278511474653587,0.0026472909954632882,7.089477402280581e-05,0.0001255729205889729,2.4722811874802028e-05,3.5632348345192327e-09,5.150860626336575e-05,0.009930268479337891,3.9002360411248945e-08
20,0.869799125887692,2.4249615924237486e-11,0.00017554431473682517,0.00012081005290333196,4.6936000222714e-05,8.841767568445905e-08,0.0019045831807688468,9.064453829356724e-06,4.0021140832893246e-09,2.047535599408346e-05,1.7922930506463662e-05,3.3712736066924065e-05,0.011140860799674964,0.06918291345594181,1.2462251969216116e-08,0.026743054916974908,0.004408078355485583,0.006139234934866128,9.110060377321254e-05,0.0001760854103557268,4.442773777535453e-05,5.551686157382052e-09,8.803267231727995e-05,0.009857873521399989,5.222073689081718e-08
21,0.8936949480220914,1.373281863202368e-11,0.00017496894544035115,7.258630870972892e-05,4.76020370389847e-05,6.418281815286295e-08,0.0020421041369099555,6.540975709385092e-06,3.143963459440559e-09,1.9164163453366976e-05,9.93813029119664e-06,2.0727759685814933e-05,0.012175447816219924,0.05029811805143227,5.753936692644807e-09,0.021449765028293058,0.0046041413103586615,0.003542658052070567,8.885138304080958e-05,0.00013645345138615993,2.9158402504570497e-05,3.393494557899233e-09,6.445116091662337e-05,0.011522256567550009,4.180895166781819e-08
22,0.8616819360594429,1.9611180141042107e-11,0.00012380473067369604,5.013623186438026e-05,4.581420663341582e-05,8.511128605854634e-08,0.0018721588797580798,6.449033580887115e-06,2.8355250507832756e-09,1.4168164174503643e-05,5.6441014480029325e-06,1.932945423366507e-05,0.012925639588123993,0.07681360807574406,6.8703314148237865e-09,0.021897335285867542,0.002675341562272144,0.0035635812525671535,0.00013056587147877095,0.00010047062192450982,1.9519770268395813e-05,2.358203175286791e-09,6.002970213487267e-05,0.017994326973616956,4.323923524502853e-08
23,0.8879127522156565,1.295073551013458e-11,0.00015055947087839366,8.162658207463448e-05,4.473075396262897e-05,5.746410328482688e-08,0.0018175110017338233,5.831953707344847e-06,2.9705763117823958e-09,1.6790105604873882e-05,1.2205929205892715e-05,2.145972692792997e-05,0.010169028289172039,0.06090278328109217,6.502798465626042e-09,0.021501645967470315,0.003907170293805908,0.004058308984695417,7.711139233740852e-05,0.00013934638065552833,2.869650110716835e-05,3.0707101477457497e-09,6.748329738352897e-05,0.009084847080049223,4.077134024235213e-08
24,0.878921398342882,1.462202565619813e-11,0.00012730722620246876,0.00011485315956775485,4.709494009484218e-05,6.294854764603703e-08,0.001737078943525782,5.890558703113508e-06,3.1318353978567895e-09,1.8079237112427973e-05,1.5457910059705195e-05,2.227055762548947e-05,0.010203903745002655,0.06956028915024609,7.244564126920672e-09,0.022035376327224594,0.003566288886651858,0.005346600262838985,7.431763440337276e-05,0.0001666492430224614,2.5992079372499334e-05,3.327761288911747e-09,7.308587726524903e-05,0.007937944951953485,4.4298914632643645e-08
25,0.8635465418388938,2.5999909041980398e-11,0.0002055891280138308,8.890439038713859e-05,5.99939272643116e-05,1.1895702333393665e-07,0.0018839199730637914,5.27178839823213e-06,3.851138343251441e-09,1.6959334648279046e-05,9.227284994358775e-06,2.550181449775668e-05,0.010942636433682495,0.06720815323882208,7.783432940774551e-09,0.03182268943001079,0.004625228621401825,0.004764792539333667,0.0001419530114240816,0.00012862333976565148,4.827812073906752e-05,4.4919416079054174e-09,9.787995747816858e-05,0.014377666950238968,5.3767405765322817e-08
26,0.8356400937125185,1.8150421337347315e-11,0.0002110584633069811,0.00012638962699065,4.990839128581394e-05,7.520309536699788e-08,0.002177597660524601,8.036383563078684e-06,3.2652853154710263e-09,1.9427117292437904e-05,2.0059479887369635e-05,3.9770721802124994e-05,0.010766881222352111,0.09823273967095479,1.2210086521066442e-08,0.03354077066530875,0.0038796908438125757,0.005602335000630588,8.205297431432419e-05,0.00018613761123750694,4.682797780053199e-05,4.416117069497169e-09,8.433434046921059e-05,0.009285745098712713,4.7924500645205166e-08
27,0.8932450759171658,1.615148866780027e-11,0.00013439139813166065,9.264500834470984e-05,4.4904286959298916e-05,6.038134904756384e-08,0.0017643502999773635,6.556647298197432e-06,3.521499744155351e-09,1.673497124476389e-05,1.3619808254520183e-05,2.1108261045005214e-05,0.0096193262797044,0.05891611843598802,7.405520970508657e-09,0.02013870107635783,0.0034959199934342443,0.004166586512058054,7.781611201446526e-05,0.00013368040391429994,2.4640717063017838e-05,3.506976137807614e-09,6.434202531182432e-05,0.008023362192931623,4.4821303561840966e-08
28,0.8879127522156565,1.295073551013458e-11,0.00015055947087839366,8.162658207463448e-05,4.473075396262897e-05,5.746410328482688e-08,0.0018175110017338233,5.831953707344847e-06,2.9705763117823958e-09,1.6790105604873882e-05,1.2205929205892715e-05,2.145972692792997e-05,0.010169028289172039,0.06090278328109217,6.502798465626042e-09,0.021501645967470315,0.003907170293805908,0.004058308984695417,7.711139233740852e-05,0.00013934638065552833,2.869650110716835e-05,3.0707101477457497e-09,6.748329738352897e-05,0.009084847080049223,4.077134024235213e-08
29,0.8879127522156565,1.295073551013458e-11,0.00015055947087839366,8.162658207463448e-05,4.473075396262897e-05,5.746410328482688e-08,0.0018175110017338233,5.831953707344847e-06,2.9705763117823958e-09,1.6790105604873882e-05,1.2205929205892715e-05,2.145972692792997e-05,0.010169028289172039,0.06090278328109217,6.502798465626042e-09,0.021501645967470315,0.003907170293805908,0.004058308984695417,7.711139233740852e-05,0.00013934638065552833,2.869650110716835e-05,3.0707101477457497e-09,6.748329738352897e-05,0.009084847080049223,4.077134024235213e-08
30,0.8879127522156565,1.295073551013458e-11,0.00015055947087839366,8.162658207463448e-05,4.473075396262897e-05,5.746410328482688e-08,0.0018175110017338233,5.831953707344847e-06,2.9705763117823958e-09,1.6790105604873882e-05,1.2205929205892715e-05,2.145972692792997e-05,0.010169028289172039,0.06090278328109217,6.502798465626042e-09,0.021501645967470315,0.003907170293805908,0.004058308984695417,7.711139233740852e-05,0.00013934638065552833,2.869650110716835e-05,3.0707101477457497e-09,6.748329738352897e-05,0.009084847080049223,4.077134024235213e-08
31,0.42424697759006164,4.2345827217852253e-11,6.51781740266197e-05,0.0004034339271905288,0.00015020863203548966,6.280447143977388e-07,0.008710829337695538,1.0034856980724664e-06,6.727000046435686e-09,3.6784721560186796e-05,2.7635029689861672e-05,7.430928149692608e-05,0.003299842184609504,0.48285762438110674,1.5135511931991553e-08,0.03799105191383686,0.0053176307311108475,0.015027244380512643,5.470611257471768e-05,0.0003121556622404508,7.924365417252175e-05,1.1947401892097785e-08,0.0007785306760628481,0.020564450366485177,4.978608589528517e-07
32,0.8900689614431954,1.410621815372984e-11,0.00015066912402732119,7.928564047058231e-05,4.529429688579522e-05,5.8655875692034986e-08,0.0016897381716000932,5.7718347711723055e-06,3.0088424412035633e-09,1.6411846449663398e-05,1.1714395144414713e-05,2.0192958437667524e-05,0.010394750887020509,0.05872753478427198,6.485667261053859e-09,0.021372483846411074,0.003844013704076933,0.0041262088013910075,8.566831042429245e-05,0.0001334914468188216,2.7698601105084807e-05,3.0942240903630884e-09,6.559045013505054e-05,0.009134408329419377,3.9869228323430185e-08
33,0.8803546159142475,1.1997691883613938e-11,0.00012868009977025238,7.97143198461393e-05,3.997414718730126e-05,6.510505919398231e-08,0.0019180533038029276,5.664025515691587e-06,2.389585858113718e-09,1.555051053422486e-05,8.74638082920475e-06,1.9801555059413565e-05,0.012769502856310466,0.05667549501591259,4.901428852480154e-09,0.02639841425915024,0.004413767610340728,0.005005694403534703,9.626601593532313e-05,0.00013091562641913317,2.5406183238204036e-05,3.1178399049423024e-09,6.052349798028642e-05,0.011853106034746697,3.271372734643163e-08
34,0.8117246321312855,2.689556836022723e-11,0.0002135086729938777,0.00016269092680841455,6.215612194139507e-05,1.7335063842237797e-07,0.0036404237183594534,9.27031719162036e-06,4.370548614563136e-09,2.7004714004270046e-05,1.6432279275542882e-05,5.213313791029521e-05,0.014743431761576532,0.09150887373120604,1.2203106202698911e-08,0.04439217921241114,0.006637302134215714,0.008224134237655459,0.00010214892620870631,0.00026120405871594716,6.965084950716261e-05,7.759777311120034e-09,0.00013432394066646865,0.018018227120101666,7.429699860877138e-08
35,0.9530901522441197,9.517697492508056e-12,7.994656821703248e-05,5.948280199421097e-05,2.6944478501604406e-05,2.5382048852388535e-08,0.000992533904501022,7.059264126994272e-06,3.4274487326437397e-09,9.900490373134775e-06,7.846257119074672e-06,8.661476584707481e-06,0.007625180216675049,0.018997882448831077,3.185916338644723e-09,0.011435171400946945,0.0020553052338281295,0.0019450489378514272,5.997282364876455e-05,5.53719990919688e-05,7.908873595595053e-06,2.2887139060535257e-09,2.1385617367077415e-05,0.0035141918890296132,1.877995145635617e-08
36,0.876462907236172,8.23281312401483e-12,0.00011187299417171784,7.662276864540974e-05,3.214753652078855e-05,4.679084853233774e-08,0.002467207702818049,7.33228755369695e-06,2.494614982100208e-09,1.512168377830498e-05,1.2438671345471834e-05,3.30813656037126e-05,0.011410973164299636,0.06698768644341185,5.883141929405595e-09,0.02344235823035907,0.004680584463822227,0.004893240872852934,5.6247350650991294e-05,0.0001355161941233951,2.4954818712743158e-05,3.673850522099137e-09,5.5883007565675706e-05,0.00909372808502118,3.627188225953855e-08
37,0.7247702450587606,2.2977051898258526e-09,0.004134837268018775,0.0015131402813918923,0.00044281573147090435,2.536381209995877e-06,0.001396732755974895,0.009763544018405807,5.404472936487586e-06,0.0009280716535609441,0.0003972709165368137,0.00017755494386671467,0.11494165992884153,0.0009508640799824143,4.7195350524355463e-07,0.12590416483656672,0.00411134530206583,0.00688844451351874,0.0012380700115257885,0.0009050360723061053,5.312418573802982e-05,4.5327684115594503e-07,3.5882416719959714e-05,0.001438266838867448,6.080368202797349e-08
38,0.84836239186269,1.5742025721334043e-11,0.0001667868858227563,9.097085377509539e-05,4.981440701203762e-05,9.79187693664805e-08,0.0022629202830878816,6.2899572613418835e-06,3.0191333829494166e-09,1.667672689735662e-05,1.2495636434316389e-05,3.1357143563207544e-05,0.01315431596604893,0.07563874340888754,8.155171803674893e-09,0.03641097709320042,0.004678865140681214,0.006613380802555916,0.00010710735958281802,0.0001607263207970849,4.451746640377941e-05,3.971434903712992e-09,8.548318006311329e-05,0.012106026788010637,3.963697297521735e-08
39,0.8811321912211189,1.477278672511308e-11,0.00018023761595694474,8.934960225720843e-05,4.7423431946686653e-05,7.14934922945951e-08,0.0019474934827986307,6.648956771003768e-06,3.2279613700907564e-09,1.7363853029942706e-05,1.196126580855101e-05,2.4919650819149132e-05,0.011250537777243571,0.05903218869775777,7.055101353358518e-09,0.026788589680079824,0.004409431974172104,0.0044969545702546534,8.834259920409113e-05,0.00015048551716918137,3.7537517960720596e-05,3.6151027895645323e-09,7.361615487323425e-05,0.010214600693866626,4.0330480494805716e-08
40,0.8849027198183979,1.2845878359630079e-11,0.00015917596361047647,6.639458881283612e-05,4.826724892448171e-05,4.662940947795223e-08,0.0016599230526847305,4.816639518196945e-06,2.7960706390532676e-09,1.5417350627566903e-05,1.2528080988460805e-05,2.0264578702417805e-05,0.00872701619707368,0.07095893959658037,6.7283262141935314e-09,0.017699694475094348,0.0035926284269571108,0.003468777872931718,7.621829137402691e-05,0.00012583016520741273,2.7085827784970333e-05,2.6917207347512965e-09,6.54920813056256e-05,0.008368706034847797,4.485020297548326e-08
41,0.8716878993232505,8.312588467120218e-12,0.00018135134553195275,6.013407166222381e-05,3.674270302350065e-05,5.802774584709458e-08,0.002764397554299467,4.97160099332342e-06,2.25835760756415e-09,2.0141799923479343e-05,9.13521782852754e-06,3.2427086564106455e-05,0.010971936539656535,0.06916128127198246,5.099909437644594e-09,0.019446992508685347,0.00645964841404929,0.0031063156327514768,5.8949225252770105e-05,0.00014817596234525777,4.174867020390383e-05,3.3898579806615975e-09,9.004151248405576e-05,0.015717584838413918,5.593691421832876e-08
42,0.8870196924691301,2.4095936850984036e-11,0.00027316849504913516,0.0001436482538598545,4.691255951054327e-05,9.400154015093532e-08,0.0017898313972202161,1.2611916139962861e-05,4.9257791976966185e-09,1.713054344241673e-05,1.2633201682258172e-05,2.772370999963283e-05,0.01382311248623495,0.03458467782269395,7.835595624521514e-09,0.04446811379624382,0.004320589097783588,0.004665797303937883,0.00012742680314625193,0.0001435882559557238,4.317567838769865e-05,6.142859050125206e-09,5.6144946762573053e-05,0.008423880416958088,2.7915991331267118e-08
43,0.8802657117385528,1.5378014720726368e-11,0.00022635006219706718,9.654251065512356e-05,5.2948379533210546e-05,9.772636750103977e-08,0.0020550157194949873,8.361161788885432e-06,3.80587436768669e-09,2.5431937024278476e-05,1.1156232373852666e-05,2.649416239466754e-05,0.015304178389012855,0.04614925467741227,7.0238840299339045e-09,0.03177692442776407,0.005791262165973921,0.004701699651784861,0.00010619464472975146,0.0001891917362228377,4.9965675501052074e-05,4.315741634508045e-09,8.202418572594471e-05,0.013081141916653409,3.773795854448274e-08
44,0.8879127522156565,1.295073551013458e-11,0.00015055947087839366,8.162658207463448e-05,4.473075396262897e-05,5.746410328482688e-08,0.0018175110017338233,5.831953707344847e-06,2.9705763117823958e-09,1.6790105604873882e-05,1.2205929205892715e-05,2.145972692792997e-05,0.010169028289172039,0.06090278328109217,6.502798465626042e-09,0.021501645967470315,0.003907170293805908,0.004058308984695417,7.711139233740852e-05,0.00013934638065552833,2.869650110716835e-05,3.0707101477457497e-09,6.748329738352897e-05,0.009084847080049223,4.077134024235213e-08
45,0.8770147191367907,1.5806150528496045e-11,0.0001532633173717055,9.00052906871914e-05,4.946032800704156e-05,5.5904041929009066e-08,0.0014976350913453978,3.7936980729895767e-06,3.0501933020218726e-09,1.6021179926780334e-05,1.4631507919521305e-05,2.0750506839498695e-05,0.007077185853991845,0.08088996511105052,7.393970243697728e-09,0.01674508946873596,0.0038586078146283483,0.003967247101102983,6.951784207900005e-05,0.0001431605445429517,3.4511696022673445e-05,2.957741613015529e-09,0.0001002847961973802,0.008254017390996411,6.300193796790653e-08
46,0.9150618162004335,5.5379516427671816e-12,0.0001257010483262135,7.330270994391245e-05,2.7937753101601995e-05,4.46230820942693e-08,0.002242962133190939,5.35472484274086e-06,2.024897424333257e-09,1.773328777335166e-05,7.357686395793228e-06,1.9853684458584213e-05,0.011029974907110881,0.03351074737844801,2.7069439112037025e-09,0.018801074944410134,0.005956622940315715,0.0029025158991529496,5.334147010961829e-05,0.00011611890274981406,2.4755317129652324e-05,3.198500060079692e-09,4.903533245072257e-05,0.009973712681847062,2.8438847450764923e-08
47,0.19657306892952567,5.175708767259112e-10,0.00023868055567223366,0.00019587956963965425,0.0003825227169662307,3.4790501018163933e-07,0.0009812674223489205,7.416524624947268e-06,2.1444612052748603e-08,4.064613904505508e-05,0.00026018737625673914,5.684265121366417e-05,0.0036131011332316164,0.7433089671131925,5.688335324137822e-07,0.011854470719826092,0.0016366395484157558,0.03285682948604296,9.82697524622912e-05,0.001223709328969952,0.00015516095600880348,6.780714050112631e-09,0.0009243828700948559,0.005590262166870116,7.495581525020231e-07
48,0.898241495116651,1.1846564415183345e-11,0.00013995629186673526,7.035700464520213e-05,3.9784685550359133e-05,5.708991449682448e-08,0.001767627776550036,5.911020012557024e-06,2.6272855110690912e-09,1.69644420191541e-05,8.707649168881566e-06,1.8164450771530343e-05,0.011781922946493694,0.04801430592247801,4.853560966051274e-09,0.02068161720862967,0.004301219667329435,0.0037180293456772436,8.765500969908301e-05,0.00012132471263379387,2.4110882917625395e-05,3.0367417670130395e-09,5.6499994281873525e-05,0.01090424357073904,3.4682535920624885e-08
49,0.8811133779611752,1.6234000034233785e-11,0.00020975384647058232,9.756003006431273e-05,5.151816758743558e-05,7.845742916798931e-08,0.0022154509080311072,7.76963872803295e-06,3.7560787193019065e-09,2.056263504947558e-05,1.3491157763622292e-05,2.9741739311731445e-05,0.012154124378672361,0.057229103375164035,7.68701188122768e-09,0.02710313905367644,0.004684470987244549,0.004296647087166005,8.875530194941377e-05,0.00016929615387083544,3.8987988869836234e-05,4.42581468554784e-09,7.363896577437442e-05,0.010402470949079977,4.533178220937913e-08
50,0.8744754704117974,1.8287590716304558e-11,0.0001773929549993467,9.947240327401515e-05,5.162737555364141e-05,7.527361892277391e-08,0.0018398269037591156,6.399174781998353e-06,3.5487617464069903e-09,1.727599293007872e-05,1.448416870653878e-05,2.5680978975686105e-05,0.010341944157453884,0.06760986687735676,8.666184155897263e-09,0.026103029514392542,0.004224351033234827,0.005140466170291832,9.048926085264e-05,0.00016145260348037976,3.9692688571786644e-05,3.873865884529976e-09,8.473107726336586e-05,0.009496208125229385,4.674637659839203e-08
51,0.8802595294577039,2.1766389392796387e-11,0.00014992882896525296,0.000126033225453277,4.62713838731105e-05,6.808737053045537e-08,0.0017024572889226283,7.712430636358931e-06,3.876652924569889e-09,1.759014420130641e-05,1.769006420715435e-05,2.4997994066103275e-05,0.00965205790385623,0.0678990696180448,1.0256681866096265e-08,0.023189121041542984,0.003538731472629479,0.005291628685219413,8.120624641983619e-05,0.00015680560013773648,3.1251273139418245e-05,4.319297897001262e-09,7.697003564086135e-05,0.007730811155296199,4.958827422356428e-08
52,0.8863869526650504,1.608869888933955e-11,0.0002256272616027083,7.269971694717863e-05,4.745773184297153e-05,5.162624136339109e-08,0.002590677890290846,4.2387930427277164e-06,3.13187991230602e-09,1.1499400460644664e-05,9.673114911826269e-06,2.324581541516639e-05,0.00686783283099647,0.061902651978542084,5.603732689820444e-09,0.022777400598368854,0.005611558623895473,0.0026878254074424127,7.565677520914213e-05,8.96149986321847e-05,4.5341866861180594e-05,4.274237612096557e-09,8.42155770842439e-05,0.010485704348143287,5.995307997501326e-08
53,0.8512063077596528,1.1007198235874467e-11,0.00016016886969186955,0.00010853753981295139,5.197766830655155e-05,7.194858962833195e-08,0.0030200984999311734,5.571400212850118e-06,3.2659069038975516e-09,1.9166604008874586e-05,1.7738496201245862e-05,3.307246782908217e-05,0.010395276147868674,0.08681756625589102,7.757099120296499e-09,0.0270008908614133,0.005172207193895144,0.005477799720334858,5.572783134044852e-05,0.00021933698716722534,4.451504449715723e-05,3.5418766217625358e-09,0.00011316767190534132,0.010080729287607212,5.7167953003339124e-08
54,0.8688301435832353,2.2239675814833196e-11,0.00011268260382925118,9.724900968689624e-05,4.5187143252927654e-05,6.698906261420924e-08,0.001973846181457876,5.483923104935934e-06,3.3121638692551875e-09,1.4572059866439023e-05,1.3321317311565866e-05,2.294925806261426e-05,0.00754453984114614,0.08495731741509566,9.149166697725978e-09,0.019271416230126143,0.003304428716310375,0.004409592533132187,8.093466751542636e-05,0.00011059711232611,2.5039661127935592e-05,4.129108189551266e-09,7.310097673078119e-05,0.009107451032988581,6.313195157072052e-08
55,0.8739568702725292,1.1521032487650231e-11,0.00014222046260862182,8.81861105773884e-05,4.286084436283994e-05,6.85148020098062e-08,0.0021603384915203916,7.074862397313479e-06,3.0952659081223653e-09,1.7254865750574235e-05,1.2103388095829591e-05,3.017505536063488e-05,0.012763436699081221,0.06351658635469386,6.4152726015392515e-09,0.027645030745167908,0.004142347957128743,0.005121540017047546,7.501558362007512e-05,0.0001617465187067076,2.959501585186546e-05,3.4797570942013757e-09,6.781758509733144e-05,0.010019679852933228,3.780085018722982e-08
56,0.8884997958038614,1.2534195112906367e-11,0.00014743296739355604,8.176755339404613e-05,4.431945984917161e-05,5.8623248064602304e-08,0.0018162137733253743,6.102637802191292e-06,2.960795126706676e-09,1.744588239510091e-05,1.1919181765057841e-05,2.106289211992414e-05,0.011049430379807582,0.05870006532298852,6.2760151292191634e-09,0.021886735310655873,0.003929752448529656,0.0041804565267290535,7.92943211088969e-05,0.00014473298658888894,2.7309924390736356e-05,3.0133945138138987e-09,6.526086207986758e-05,0.009290791944634969,3.8934593054643925e-08
57,0.8785776401555369,1.289878674505817e-11,0.00026206596704989857,8.065988274615973e-05,5.559945593464665e-05,7.221602857970539e-08,0.0022026168482902116,7.957694620152306e-06,3.586784387330512e-09,2.3328264798243483e-05,1.1935544244249931e-05,3.005801514045571e-05,0.015002441317896627,0.05366074759896112,6.518396714184829e-09,0.029061847600354018,0.0051038116409606975,0.0037909803436228266,9.592004644683885e-05,0.00019133600132197596,3.982308402889218e-05,3.8113443582441054e-09,6.829235868588499e-05,0.011732813093464443,3.894044281438802e-08
58,0.8848338467339716,1.3040698337718212e-11,0.00015194571085817325,7.657142081975454e-05,4.37005464457904e-05,6.270115294082817e-08,0.0018502401690186192,6.001330746911792e-06,2.8457054807626678e-09,1.8243341518763066e-05,1.0890403162921058e-05,2.2153667636663134e-05,0.011555750975663111,0.05976686804466277,6.2598596712373835e-09,0.021937984794987323,0.004259699726436051,0.004188880289156714,8.381760409546903e-05,0.00014424975976329104,2.9187957267880863e-05,3.162303021242226e-09,6.937392703917734e-05,0.010950477823620419,4.0791066893273474e-08
59,0.8849885197262863,1.2683231778081683e-11,0.00016831739577809912,7.656363531085975e-05,4.540803439981308e-05,6.069598055927765e-08,0.0019109086289776029,6.1044222481440835e-06,2.8995715119542043e-09,1.849942039673456e-05,1.1290231080242728e-05,2.2567277729331326e-05,0.01156176211427328,0.05952069655891976,6.285929334633658e-09,0.022198434413719985,0.004358593435011169,0.004007321354160363,8.205004472153319e-05,0.0001510432741016986,3.090912049612609e-05,3.131285415983425e-09,7.009484647603694e-05,0.010770801958155522,4.108230753942154e-08
60,0.8879127522156565,1.295073551013458e-11,0.00015055947087839366,8.162658207463448e-05,4.473075396262897e-05,5.746410328482688e-08,0.0018175110017338233,5.831953707344847e-06,2.9705763117823958e-09,1.6790105604873882e-05,1.2205929205892715e-05,2.145972692792997e-05,0.010169028289172039,0.06090278328109217,6.502798465626042e-09,0.021501645967470315,0.003907170293805908,0.004058308984695417,7.711139233740852e-05,0.00013934638065552833,2.869650110716835e-05,3.0707101477457497e-09,6.748329738352897e-05,0.009084847080049223,4.077134024235213e-08
61,0.8878081714669237,1.3069541765517905e-11,0.00016799593277941414,7.582139750995845e-05,4.551613226893382e-05,6.014887553187867e-08,0.0018585828842049873,5.835372440729894e-06,2.9782459923348714e-09,1.7767649942596122e-05,1.1325785553789055e-05,2.2242856062398786e-05,0.010788938001378165,0.05883499087862962,6.325648783767421e-09,0.021791655515198842,0.0042236150066539855,0.0038289253378048886,8.176762208129872e-05,0.0001405797025247159,3.1072862562600274e-05,3.167745182653637e-09,6.968592770853286e-05,0.01019539539776915,4.1636416647188834e-08
62,0.8879127522156565,1.295073551013458e-11,0.00015055947087839366,8.162658207463448e-05,4.473075396262897e-05,5.746410328482688e-08,0.0018175110017338233,5.831953707344847e-06,2.9705763117823958e-09,1.6790105604873882e-05,1.2205929205892715e-05,2.145972692792997e-05,0.010169028289172039,0.06090278328109217,6.502798465626042e-09,0.021501645967470315,0.003907170293805908,0.004058308984695417,7.711139233740852e-05,0.00013934638065552833,2.869650110716835e-05,3.0707101477457497e-09,6.748329738352897e-05,0.009084847080049223,4.077134024235213e-08
63,0.886697758253082,1.6189939034515987e-11,0.0001502752959573457,8.734667585104333e-05,4.7046238775502866e-05,6.390841438724548e-08,0.001785566257043362,6.0213747171351654e-06,3.2865585768299128e-09,1.6757226399660838e-05,1.2824233824364584e-05,2.1674141644811236e-05,0.010045015983842222,0.06172289991544033,7.32961929356314e-09,0.0216469370896749,0.00391842947297013,0.004396040025692823,8.4931234873012e-05,0.00013855106943361136,2.9676585907842573e-05,3.4873454245809476e-09,7.144690573147979e-05,0.009120678944913054,4.504609777508727e-08
64,0.875472326991655,1.5068468334556062e-11,0.000191438044255036,8.7677102491211e-05,4.9931772077933474e-05,7.081521200543413e-08,0.0019428364220522843,6.0468246362142115e-06,3.256587063787132e-09,1.8298140014023833e-05,1.3114275525177448e-05,2.6088404386876275e-05,0.010789912844729459,0.0659842349328598,7.628820376827381e-09,0.02551653720677631,0.004673570299054002,0.004489135714574674,8.676081125444485e-05,0.00016001906732401695,4.184013779279427e-05,3.6302935720720468e-09,8.40860902991205e-05,0.01036601395515305,4.56171069233264e-08
65,0.8971164082386182,1.1223034881591186e-11,0.00014236321194002332,7.346363278103905e-05,4.170270956242113e-05,4.9172025205378255e-08,0.0017333672135545325,5.72818811548092e-06,2.805516088763391e-09,1.602742990551361e-05,1.1442821281482613e-05,1.9543530598344107e-05,0.00984262944625418,0.055563063875816776,5.773995606074036e-09,0.019698475158147856,0.00361196419347363,0.0035339176917568915,7.227630275085436e-05,0.000124056907695595,2.4340665791856235e-05,2.769643670991238e-09,5.735904676818871e-05,0.008311772879722732,3.632306091109194e-08
66,0.9024837144925006,8.617425654453756e-12,0.00016203376438943064,6.74532432700028e-05,4.542881805817458e-05,4.8417553899977784e-08,0.0018407721398548287,5.517233339621845e-06,2.697100133982297e-09,1.7738244725607125e-05,9.62766014321628e-06,1.7046965427077843e-05,0.01194427351709408,0.04615822056600746,4.242881187939726e-09,0.020829759176058674,0.003999056066763545,0.00312753796548611,7.618169499684529e-05,0.00013819116544578738,2.351298433646224e-05,2.356083911468382e-09,5.327413633524097e-05,0.009000571782437607,3.0661092801887714e-08
67,0.8425482083544084,1.952857460504876e-11,0.00018665856682042336,0.00011365546415764656,5.097143551237988e-05,9.921180032419416e-08,0.0023236396822885167,6.357030813001878e-06,3.3096147861646552e-09,1.9986768714534764e-05,1.4260640616304918e-05,3.2195216416772496e-05,0.011995519802846912,0.08634633829797858,9.401131079369796e-09,0.0295729722007569,0.0056538913329823364,0.006539161562478038,9.26936306664976e-05,0.00021403531554981572,5.334195304259674e-05,4.481278928384924e-09,0.0001232761247987258,0.01411265718270904,6.301308908817401e-08
68,0.911542033595562,9.8847241886749e-12,0.00011016092431012407,6.492528436123586e-05,3.848355644732498e-05,3.429699216947616e-08,0.0012918009548364656,3.992960508035848e-06,2.4481771654728514e-09,1.2533981857362697e-05,9.77025206388444e-06,1.1651451573591662e-05,0.008058728466340755,0.050315918877679965,4.180275894367836e-09,0.016017076929933285,0.002868317191316345,0.0029392317054663187,7.25408483629754e-05,9.252494107431041e-05,1.5394274291935623e-05,1.968265232455341e-09,4.693499472256545e-05,0.006487905349149986,3.055654638107801e-08
69,0.8901041103613943,1.2740512358445396e-11,0.00014875634025666168,7.588784525985556e-05,4.274374284988498e-05,5.676289100669668e-08,0.0018053035987152315,5.55541096232298e-06,2.7925908568963504e-09,1.5783898638949757e-05,1.0326759187529773e-05,2.0529507582958994e-05,0.010057418661162955,0.058242153839690045,5.799449095111026e-09,0.02206865987188132,0.0038102277863620525,0.0036856493050333936,8.15132303395255e-05,0.00012054636229648206,2.691651807345723e-05,3.0221965684872533e-09,6.138242021693845e-05,0.009616427991705768,3.81585223821992e-08
70,0.8720893526736355,1.597890905256009e-11,0.00021830075453327396,0.0001464240020921812,5.5935866690279297e-05,8.576529213261166e-08,0.002244418850296192,8.207719985303322e-06,4.0806378969640005e-09,2.1437059941306284e-05,1.732604533768854e-05,2.9074140482968865e-05,0.01237108199880382,0.06166114198990023,8.091784644359195e-09,0.03351066130192188,0.00387993979331811,0.004884117501677026,8.286551405681646e-05,0.00021354669340621776,3.8488575274455244e-05,4.0132825160874296e-09,7.837965980900048e-05,0.008449156010105197,4.188175658584055e-08
71,0.9042915394474556,7.060153920550988e-12,0.00011470538582858071,6.537137983233858e-05,3.780865588898863e-05,4.3841920393114903e-08,0.0022885799898079177,5.689814719389032e-06,2.497488760385076e-09,1.7632400824238722e-05,9.088767818233713e-06,1.7512416831443925e-05,0.011286424772902431,0.0480042024135745,3.849208705286588e-09,0.017658685719290655,0.0038270582896286843,0.002889250381917558,5.740210229965079e-05,0.0001257146662458923,1.7353073204489123e-05,2.351241622398338e-09,4.8161748212184635e-05,0.009237732731942562,3.329485532828278e-08
