,0,1,2,3,4,5,6,7,8,9,10,11,12,13,14,15,16,17,18,19,20,21,22,23,24
0,7.528149868224347e-08,5.9167494124762304e-06,2.191443609559781e-06,2.1763817097199277e-05,0.0055037987976479606,4.0022222302649607e-05,0.0009298476896564143,2.9517608771115e-06,5.570063517494928e-05,3.318736475624245e-09,0.9852890477046057,1.8668187981633235e-05,2.0032218819401217e-09,0.0016007531499802874,0.0033571679719236317,8.916338395380866e-07,1.1822672498727549e-05,1.0014864272403954e-06,5.292875270160698e-07,5.535828195644214e-08,3.714137677305422e-06,7.28028746028481e-05,0.0018760151856600266,1.0763534352041588e-06,0.001204180276323394
1,2.7037585171799124e-07,1.762921362629761e-05,1.2085313962396005e-05,9.673952958167318e-05,0.005370384506631652,5.5334648704786444e-05,0.004129816295192877,5.36534866272439e-06,7.555831622962914e-05,2.3881429513927832e-08,0.9723204693302835,6.491603546374319e-05,2.491166100781843e-09,0.004249044675344608,0.0029685492352813586,1.1089571701871877e-06,9.34057458518582e-06,2.895380083367206e-06,5.578217903757982e-07,8.318035489688031e-08,7.387561353189282e-06,9.194193538144167e-05,0.006077793797550513,2.0080534702786966e-06,0.004440693540848002
2,1.9994007965988417e-07,1.4248834360934684e-05,5.12065722859513e-06,5.9758241303678624e-05,0.00955339847470868,3.006355225914432e-05,0.0036625402683526913,3.1580496829182397e-06,4.054626567715353e-05,1.3923338777786533e-08,0.9635312633134937,4.538841833999196e-05,1.908189864030708e-09,0.006213593278835199,0.0031102905473057393,5.652526556236496e-07,1.1293789887509852e-05,2.270129189112555e-06,2.1979144383564314e-07,9.075525843730467e-08,4.041266312557835e-06,6.554711845182691e-05,0.006926531157283643,9.136193333301602e-07,0.006718941447027616
3,1.452106873410907e-07,1.0698577066424105e-05,5.623624385127327e-06,8.021169401590304e-05,0.004144669497977945,2.987140137273756e-05,0.002796813580663336,3.0686367849618192e-06,3.139805359776285e-05,1.2882861879437982e-08,0.9754745248183255,4.594114573582192e-05,1.4210481174737508e-09,0.004937071029679661,0.001497891265716208,4.2340967885544303e-07,8.592925290089417e-06,1.982367024469485e-06,2.3587753176057104e-07,5.4163184578450816e-08,4.605509166324561e-06,6.515913209403221e-05,0.007164939921184196,1.2134355421678422e-06,0.003694850419384631
4,1.537388119464214e-07,1.0374578682146282e-05,5.318695999519995e-06,7.921885399735841e-05,0.004096053602292684,2.8587703891663675e-05,0.002704693698782686,2.902457440148364e-06,3.1957495844921e-05,1.1639257852028223e-08,0.9752567123629076,5.445187160638169e-05,1.8824203944626854e-09,0.005341490951988343,0.0014192801650391167,3.967259771604567e-07,1.0033775928110382e-05,2.0627573161715823e-06,2.44256513873396e-07,5.483460804363551e-08,4.800325186918961e-06,7.073638439420162e-05,0.006984769369093291,1.2497153999362697e-06,0.0038944421566196575
5,1.7104586128811308e-07,1.1224879858213475e-05,5.464452239990869e-06,0.00012605119546419162,0.003347996812829801,2.9388270019203632e-05,0.0026328782897175854,2.848216375943192e-06,3.093608970945064e-05,1.5969973659612202e-08,0.9730190567830326,5.909956747573746e-05,1.660370667532998e-09,0.0065947644264510875,0.001166872599536412,3.920182282421856e-07,1.0886210168153502e-05,3.2856026554699783e-06,2.0331823604685204e-07,6.248690628712923e-08,5.527300198901713e-06,8.073762443095543e-05,0.008429517167673633,1.485500336097176e-06,0.004441132512250256
6,1.452106873410907e-07,1.0698577066424105e-05,5.623624385127327e-06,8.021169401590304e-05,0.004144669497977945,2.987140137273756e-05,0.002796813580663336,3.0686367849618192e-06,3.139805359776285e-05,1.2882861879437982e-08,0.9754745248183255,4.594114573582192e-05,1.4210481174737508e-09,0.004937071029679661,0.001497891265716208,4.2340967885544303e-07,8.592925290089417e-06,1.982367024469485e-06,2.3587753176057104e-07,5.4163184578450816e-08,4.605509166324561e-06,6.515913209403221e-05,0.007164939921184196,1.2134355421678422e-06,0.003694850419384631
7,1.3328951281722496e-07,1.0657321806952991e-05,5.174165792223029e-06,8.20571663627148e-05,0.0041409967496014825,2.9308070792216366e-05,0.002744674176545,3.0469748225457625e-06,3.1703775055350416e-05,1.264516421713642e-08,0.9752915862057695,4.627405410559079e-05,1.3795318695362738e-09,0.005108721950624156,0.0015728903763221756,4.356724378561855e-07,8.755092802493617e-06,1.9713238730659764e-06,2.263907551566393e-07,5.479859484058534e-08,4.756973995050717e-06,6.911600781458883e-05,0.00712514022096137,1.1521687214645695e-06,0.0037211530482352015
8,2.4762108144641923e-07,2.2384506860765254e-05,1.3193546265686955e-05,0.00019238401542700706,0.005038145017463793,3.587404000515947e-05,0.004681169482784655,3.677839499535857e-06,2.200451464143715e-05,3.4067806545269183e-08,0.9509810447282018,5.99096304231955e-05,1.6057086627218234e-09,0.009193304918663046,0.0005669055834206782,3.34800868867692e-07,6.772311171584609e-06,1.628484944417872e-06,2.030419215060964e-07,9.910138074179858e-08,4.20640267829138e-06,2.816114987445015e-05,0.02438709609234601,2.1066192569311436e-06,0.0047591108773038186
9,2.0352822884211277e-07,2.671344148810396e-05,1.808193116836812e-05,0.0003648309425834766,0.0039953762145285565,4.743981952508434e-05,0.006139343741590452,4.613881789438906e-06,4.518950031036647e-05,5.267764232646189e-08,0.9493181050169108,0.0001150545319264696,2.3642781365843607e-09,0.009503776693180005,0.0011946983260620375,6.597729233171147e-07,8.477391291866025e-06,2.777740660500211e-06,2.452316523554475e-07,1.3610967455995614e-07,1.1741509737004322e-05,6.912128711088909e-05,0.022488268787571094,2.645225080249748e-06,0.006642444333085562
10,1.452106873410907e-07,1.0698577066424105e-05,5.623624385127327e-06,8.021169401590304e-05,0.004144669497977945,2.987140137273756e-05,0.002796813580663336,3.0686367849618192e-06,3.139805359776285e-05,1.2882861879437982e-08,0.9754745248183255,4.594114573582192e-05,1.4210481174737508e-09,0.004937071029679661,0.001497891265716208,4.2340967885544303e-07,8.592925290089417e-06,1.982367024469485e-06,2.3587753176057104e-07,5.4163184578450816e-08,4.605509166324561e-06,6.515913209403221e-05,0.007164939921184196,1.2134355421678422e-06,0.003694850419384631
11,1.4817312160334655e-07,1.033711407478881e-05,5.584213757917711e-06,7.844247631548963e-05,0.004217895059477796,2.9149674861537016e-05,0.0027474191709978644,2.9882120884796886e-06,3.10796704327476e-05,1.2170369011123908e-08,0.9756574688165438,4.917857747874809e-05,1.7243412873319019e-09,0.0048449657537836446,0.0014232415469475292,4.179559120980502e-07,9.130166197096615e-06,1.9083419259194783e-06,2.41503259639924e-07,5.7018696189975373e-08,4.561532254650133e-06,6.388785327808196e-05,0.00720570672442026,1.290088340503253e-06,0.003614886461123444
12,2.7084786343484167e-07,2.2085861097973846e-05,4.704283263498644e-06,0.00012940863320156723,0.010334472834213296,5.167639421143436e-05,0.0031348164112263094,2.221247549680529e-06,3.49668855082673e-05,2.6166293705895998e-08,0.9350682079508442,4.679997181486284e-05,2.5111975903917837e-09,0.020701470246571558,0.0013311685144925312,3.547423234226985e-07,3.4039579728705244e-05,5.26775182489336e-06,1.7484494195483896e-07,1.2438532505666388e-07,7.669062415057203e-06,8.25680574349282e-05,0.015609771627903297,1.0329222606564734e-06,0.013396698266491909
13,8.312638216022339e-05,0.001743820265023717,0.0005028517524111594,0.0006249992313719282,0.20308316295580034,0.003314613349881937,0.056666732043910706,1.199699975059426e-05,0.004677836123584311,6.844908678045678e-06,0.2651974130339222,0.00011160740820080124,5.771801225803115e-08,0.010134953297504525,0.04564017803203917,3.5731969831030446e-05,0.00025027208700932255,0.0002652124575960308,1.6726196005855473e-05,4.234896499189637e-06,0.0001466071226700621,0.000308946202088588,0.01986212468682361,2.6351931305664947e-05,0.38728359894791886
14,1.3740397392070648e-07,1.2719821908641332e-05,4.320455503237006e-06,7.327036697771676e-05,0.004463029721647388,2.685088711351125e-05,0.0027892597908376537,2.8787134425957656e-06,2.6946964010973657e-05,1.3961629900575712e-08,0.9753273336864219,3.8761344162437275e-05,1.10056941791822e-09,0.0053761012314967336,0.0013301983928046197,3.796380872017907e-07,7.59736049093316e-06,1.783143938777033e-06,2.3767104177733746e-07,5.152561989969863e-08,3.7848182318091353e-06,5.827817225514976e-05,0.007159950077741436,1.1132687243235355e-06,0.0032950004813680225
15,1.452106873410907e-07,1.0698577066424105e-05,5.623624385127327e-06,8.021169401590304e-05,0.004144669497977945,2.987140137273756e-05,0.002796813580663336,3.0686367849618192e-06,3.139805359776285e-05,1.2882861879437982e-08,0.9754745248183255,4.594114573582192e-05,1.4210481174737508e-09,0.004937071029679661,0.001497891265716208,4.2340967885544303e-07,8.592925290089417e-06,1.982367024469485e-06,2.3587753176057104e-07,5.4163184578450816e-08,4.605509166324561e-06,6.515913209403221e-05,0.007164939921184196,1.2134355421678422e-06,0.003694850419384631
16,1.304791331454649e-07,1.6891330521917332e-05,5.220195044755457e-06,0.00013198848131238566,0.004036597912211743,2.6929086465209283e-05,0.005178835165778838,5.328614929617956e-06,3.997381491211737e-05,3.272818428108091e-08,0.962125574136343,0.00012425113669422373,1.9865475218558794e-09,0.008983471205980566,0.0027512791537580746,7.86951609907353e-07,1.2501119421202402e-05,3.289469309830891e-06,3.5585084290022967e-07,8.7492485902762e-08,1.4320674262299892e-05,0.00020617133915857183,0.010033801747762368,1.2348397848072515e-06,0.0063009450875445815
17,5.964946841570889e-08,6.177648637565457e-06,2.02517686842215e-06,8.292036383040322e-05,0.0036472781066367375,1.3051921115316595e-05,0.0020361970458888075,2.438888474251266e-06,1.2591942771302647e-05,8.409305734707353e-09,0.9685649553238339,5.530074503556676e-05,1.632004571568802e-09,0.008715048483869734,0.0007863786312647314,2.395929367101807e-07,1.532647892246507e-05,1.4508473504286596e-06,9.970994638517504e-08,6.512602376645867e-08,4.375528502882942e-06,8.544873285128511e-05,0.012360491273700125,7.011765412887185e-07,0.003607367564219164
18,2.696191725910913e-07,1.507643085747924e-05,5.4629490270028756e-06,0.00012258026137393143,0.00896221444431115,3.47486924108984e-05,0.004875842537617556,2.6088234758288468e-06,3.4443370560874e-05,2.8837361291586746e-08,0.932477750847757,9.156096165501945e-05,3.7146112925817337e-09,0.01674763440198136,0.0020474449068935297,4.1401967879711644e-07,3.660636657190995e-05,7.011093881235077e-06,1.68960520128619e-07,1.2818518446299865e-07,1.1162905927938224e-05,0.00013964816052952687,0.014979051861285689,1.01315937393733e-06,0.019407124487979897
19,1.3537910836701245e-07,1.3842805304872497e-05,9.064653521816466e-06,0.00014542095233813974,0.0037402377392440327,2.1457815675317147e-05,0.006957547427098921,5.28668967583361e-06,4.589497138697608e-05,1.9285602883921884e-08,0.9675238285310728,0.0001440423679634183,2.1493258244807394e-09,0.005797104356547834,0.00226355355564038,6.700077360887712e-07,7.283694935649799e-06,1.986495757300878e-06,2.548151947450816e-07,6.073318802937824e-08,8.470706432360726e-06,0.00011866115072171033,0.008183387227472196,1.2314842586373466e-06,0.005010555004795703
20,5.786889441443602e-08,5.400455883740941e-06,3.7889905487062464e-06,6.47768131549417e-05,0.0019210880258337922,1.7032665311619137e-05,0.0023123566235130955,4.847084720555327e-06,2.439344929302918e-05,8.033619134117525e-09,0.9831743497762229,5.109397150424515e-05,8.328298535780977e-10,0.0031636886252515593,0.002954374326524779,5.198733694951843e-07,5.525823435643244e-06,1.4193063719093433e-06,2.0193777253648175e-07,3.2778007117526076e-08,4.376748125959031e-06,0.0001281758106529679,0.003913497182396247,6.610834928044603e-07,0.002248331913268842
21,1.8909930921605653e-07,2.0057984130680758e-05,6.427146308287955e-06,0.0001660307373229086,0.003648503778185867,3.2659336181078235e-05,0.003886914001703743,6.406336322444468e-06,5.4164328092830775e-05,2.5726248567849374e-08,0.9690529063297888,0.00010169446767604223,1.832747716416263e-09,0.011466263575205866,0.0017288232407911101,1.034642085629599e-06,7.2115286238062446e-06,3.3793772751760956e-06,3.135672711275576e-07,8.293456453206695e-08,6.8341055675305136e-06,0.00010306333963824574,0.005898248226134048,1.3693354227207815e-06,0.00380739502340204
22,2.0484723706958507e-07,5.994521410902047e-06,4.9386362749605215e-06,5.569724236263229e-05,0.003371500430784159,3.364508740309024e-05,0.001343789706718434,2.3115060623066687e-06,2.5181732344883512e-05,9.709826728251422e-09,0.9814378105300267,2.356596296230736e-05,1.2635019783209697e-09,0.003731522800162079,0.001344357222351547,3.3601160794961627e-07,1.5241359879990095e-05,4.177866423236885e-06,1.939698849927256e-07,4.6688267702413205e-08,3.830549202297712e-06,7.783665619627109e-05,0.004782713280320961,1.1619176966059007e-06,0.0037339305010904897
23,1.452106873410907e-07,1.0698577066424105e-05,5.623624385127327e-06,8.021169401590304e-05,0.004144669497977945,2.987140137273756e-05,0.002796813580663336,3.0686367849618192e-06,3.139805359776285e-05,1.2882861879437982e-08,0.9754745248183255,4.594114573582192e-05,1.4210481174737508e-09,0.004937071029679661,0.001497891265716208,4.2340967885544303e-07,8.592925290089417e-06,1.982367024469485e-06,2.3587753176057104e-07,5.4163184578450816e-08,4.605509166324561e-06,6.515913209403221e-05,0.007164939921184196,1.2134355421678422e-06,0.003694850419384631
24,1.766479914837612e-07,2.0567345176661693e-05,4.375903478687733e-06,0.00014354814083453136,0.004372800015845876,3.142860704122403e-05,0.002614290629136465,3.4499608535019e-06,3.0247351643863527e-05,2.1855047145602394e-08,0.9657085655887226,5.636501598682364e-05,1.6000083447468752e-09,0.011388751607834799,0.0009706170603031553,4.546349989060475e-07,1.1836559331278932e-05,2.7023218074620526e-06,2.5288986676641397e-07,8.874025390137614e-08,4.92709362404412e-06,7.387694509344473e-05,0.010523578239814922,1.404837142650178e-06,0.004035670408161462
25,1.6197744637743684e-08,2.3483918594699293e-06,9.356893984508351e-07,4.641474262366507e-05,0.0009340786817489654,6.602570332224702e-06,0.0008860485710098474,3.117555919890894e-06,4.837146697158489e-06,2.911844139153046e-09,0.9900632243659361,1.6327472150571635e-05,2.003249180620832e-10,0.003930616437914893,0.0002788638645689968,1.5054416758888314e-07,1.9096157179604194e-06,4.244554998432728e-07,5.944754639028505e-08,1.3526490382083492e-08,1.0811997746537154e-06,2.6857412484488176e-05,0.0034137695620865814,3.6369639329825375e-07,0.00038193573976487736
26,4.478309316199713e-07,1.0001527204759777e-05,9.923666470471711e-06,6.7371147405296e-05,0.005098944836659161,5.0017359478946636e-05,0.0012986118373429886,1.264789081516681e-06,3.6976658781773456e-05,1.0251955261202933e-08,0.9771601674556305,2.4366030342017344e-05,2.889283211932649e-09,0.0022460913767936843,0.00045435567593679176,2.4088637564310374e-07,1.3276631712124694e-05,2.772427956287287e-06,3.216597639441885e-07,7.375479733941674e-08,3.5841146630850388e-06,2.789232486184133e-05,0.010760117080133628,4.972846464837473e-06,0.0027281949399734534
27,9.87015151770813e-08,7.653339293880112e-06,3.863049589987025e-06,6.760943828029023e-05,0.002931590823240071,2.4826277430252605e-05,0.0019952091091835883,3.1185256033939716e-06,3.0248889736499967e-05,9.114754467256792e-09,0.981333867384275,4.0367921989554244e-05,1.114223782031034e-09,0.003928037816701144,0.0018484848238351998,4.537451289706848e-07,8.36346707833681e-06,1.9145659644522216e-06,2.2630316419220228e-07,4.1512314416823546e-08,4.359024942619996e-06,9.721958613096946e-05,0.004980127080626129,9.994108441953483e-07,0.0026913089741534267
28,1.452106873410907e-07,1.0698577066424105e-05,5.623624385127327e-06,8.021169401590304e-05,0.004144669497977945,2.987140137273756e-05,0.002796813580663336,3.0686367849618192e-06,3.139805359776285e-05,1.2882861879437982e-08,0.9754745248183255,4.594114573582192e-05,1.4210481174737508e-09,0.004937071029679661,0.001497891265716208,4.2340967885544303e-07,8.592925290089417e-06,1.982367024469485e-06,2.3587753176057104e-07,5.4163184578450816e-08,4.605509166324561e-06,6.515913209403221e-05,0.007164939921184196,1.2134355421678422e-06,0.003694850419384631
29,1.452106873410907e-07,1.0698577066424105e-05,5.623624385127327e-06,8.021169401590304e-05,0.004144669497977945,2.987140137273756e-05,0.002796813580663336,3.0686367849618192e-06,3.139805359776285e-05,1.2882861879437982e-08,0.9754745248183255,4.594114573582192e-05,1.4210481174737508e-09,0.004937071029679661,0.001497891265716208,4.2340967885544303e-07,8.592925290089417e-06,1.982367024469485e-06,2.3587753176057104e-07,5.4163184578450816e-08,4.605509166324561e-06,6.515913209403221e-05,0.007164939921184196,1.2134355421678422e-06,0.003694850419384631
30,1.452106873410907e-07,1.0698577066424105e-05,5.623624385127327e-06,8.021169401590304e-05,0.004144669497977945,2.987140137273756e-05,0.002796813580663336,3.0686367849618192e-06,3.139805359776285e-05,1.2882861879437982e-08,0.9754745248183255,4.594114573582192e-05,1.4210481174737508e-09,0.004937071029679661,0.001497891265716208,4.2340967885544303e-07,8.592925290089417e-06,1.982367024469485e-06,2.3587753176057104e-07,5.4163184578450816e-08,4.605509166324561e-06,6.515913209403221e-05,0.007164939921184196,1.2134355421678422e-06,0.003694850419384631
31,3.818568032711611e-07,1.5340132819412277e-05,1.3299576761200434e-05,9.469908523197164e-05,0.004285634077280903,3.5025539117447575e-05,0.004046662868138618,5.99121603101127e-06,2.5848314414234744e-05,2.5945012432107316e-08,0.9723918995867288,4.258460549626816e-05,1.4846339935645122e-09,0.0051660104541353565,0.0009446399460305533,3.8054715310274155e-07,8.475641323761266e-06,2.8242199218595412e-06,3.767885910668825e-07,5.8650081184323576e-08,4.107303644970808e-06,4.718998573522048e-05,0.009224979825462002,1.6970659450169106e-06,0.0036418652835061693
32,1.5693973421335134e-07,1.0973538494730357e-05,5.4993255129855426e-06,7.097814864441006e-05,0.003922660532375125,3.1525276970509686e-05,0.0025838385116449688,3.095711376681758e-06,3.2260231724002867e-05,1.2706839392621957e-08,0.9773453380263126,4.417966013005282e-05,1.4621754373833065e-09,0.004460524213768025,0.0015327401374748849,4.286818225405571e-07,8.669452399471608e-06,1.9810996452272884e-06,2.989873800281854e-07,5.08747936843197e-08,4.519729522351741e-06,6.85775260928765e-05,0.006533603150601641,1.326485531116136e-06,0.0033367595890326793
33,3.529791256141481e-08,4.5770305837460955e-06,1.2012209913971806e-06,6.612032800369789e-05,0.0019096573524733592,1.8277668346265658e-05,0.0009074372501451877,2.8756322305792247e-06,7.151217206255225e-06,8.651132455399219e-09,0.9793704435026682,2.006957189914106e-05,9.1189788110284e-10,0.0068656075151247754,0.0003292650362765173,2.603949757502617e-07,1.1044937491462695e-05,9.795053441592579e-07,1.5375909660590048e-07,4.491643848864492e-08,2.6147908976834182e-06,6.230683203883214e-05,0.009477818664898701,9.136739366688633e-07,0.0009411343379895109
34,1.814508287084602e-07,1.1282966674218292e-05,6.107692241531638e-06,6.659046508694506e-05,0.0041305938204722545,3.112914800467736e-05,0.002630141502066687,2.9952206000940904e-06,3.754490489161295e-05,1.0842659922705931e-08,0.978197824323273,4.587450350532132e-05,1.5262258782198327e-09,0.004142834948935513,0.0015538306982356082,4.079030123369319e-07,8.136028398842827e-06,1.9882058030547538e-06,3.034900086557048e-07,4.660612729802747e-08,4.305825411750624e-06,6.281656662138058e-05,0.005709429306331403,1.3344844312717907e-06,0.0033542875701520467
35,1.8064971576408371e-06,2.128467956472767e-05,2.5815208165120574e-05,0.00018048393067925098,0.00447019146525782,3.820337080380294e-05,0.007952967135595599,8.758780092834679e-06,0.00014547860122857823,3.212734538026696e-08,0.9680309208906213,0.00016094132348202814,3.4885975082961043e-09,0.005027184502041677,0.00180094127972587,7.684639757663628e-07,1.3713876196562596e-05,2.2487338808192202e-05,6.313390390122062e-07,5.029651269012054e-08,1.1253370645466466e-05,0.0001669000177018913,0.0038370158391760004,3.233742881912388e-06,0.008078932434703302
36,1.5316537811217814e-07,7.812251532587989e-06,4.715591505244184e-06,6.96815428230181e-05,0.002467178708974682,1.2331995025898152e-05,0.0043183292871337275,1.054806580960822e-05,4.0863609135852874e-05,7.728748101998243e-09,0.9773216528672088,0.0002174596730945613,3.417334691166476e-09,0.005884264298482042,0.0033289636678451237,9.506898282740439e-07,9.647738042619813e-06,2.0493349408703006e-06,4.274018242111808e-07,4.2798821254168135e-08,4.703467389092363e-06,0.0002136646846787584,0.0025614736113602986,6.837582508007131e-07,0.0035223906448317225
37,5.088204149368796e-07,1.673368664344443e-05,1.2726529167886677e-05,0.00013697496503374228,0.004310691376213389,3.332371146618196e-05,0.003874192784842936,2.734512575910139e-06,3.41408362560615e-05,2.7826966399134935e-08,0.9686415306218529,5.759041977259688e-05,2.0622711998511184e-09,0.004726206068004905,0.0006417038529874245,3.096398688814066e-07,1.1270661846524055e-05,4.780451395421057e-06,3.044393580963404e-07,7.121979009526904e-08,5.709614981541594e-06,5.717213817356184e-05,0.0125532323906304,3.398654282932152e-06,0.004874662715202517
38,4.730164699370675e-07,1.5681861684834804e-05,1.47861559159695e-05,4.092756333202178e-05,0.008071520077818053,7.823234802170312e-05,0.0050183641997032,3.3396723851879164e-06,6.484269575741765e-05,1.87909537535904e-08,0.9698638274181155,3.519711215193685e-05,1.7927207710220636e-09,0.003325804501728558,0.003424897358961441,6.551833488446258e-07,5.940930175019201e-06,2.5036269207287345e-06,6.030361663499387e-07,4.043834855688133e-08,3.81315095299463e-06,4.2483905653190896e-05,0.004326348163905958,1.7474593973777928e-06,0.005657949539410589
39,1.2913866701217995e-07,3.845023193600827e-06,1.3066363706629575e-05,7.203728812770701e-05,0.0032339257264222486,8.320934691998991e-05,0.002559406201769975,6.183335096651982e-06,3.731000638502425e-05,1.514667582182851e-08,0.9793709202517951,3.9542127567228606e-05,3.4149968838339996e-09,0.002302734850524517,0.002634344921522017,9.161080832823308e-07,1.7365286967727027e-05,2.7916019466726333e-06,4.3926970503716117e-07,6.117387169375182e-08,1.2602795351310408e-05,9.506603177653799e-05,0.0059654495980794725,1.705380157087507e-06,0.0035469296106908537
40,2.4170990109926397e-07,1.3306246269495066e-05,1.136094547248271e-05,5.129324640771848e-05,0.005561006115230159,3.5290371148223065e-05,0.0048532202707113215,3.0645299786242838e-06,5.999549167602603e-05,1.0380501958405604e-08,0.9681161667192092,8.574287046017525e-05,2.32135812656152e-09,0.004813653700844898,0.0038747248576512677,4.247835955501008e-07,7.426020485662832e-06,1.8987542358828318e-06,3.354973828786038e-07,3.978970748618364e-08,5.2538468611996135e-06,7.947114640259366e-05,0.0050244393786174945,9.747217272647606e-07,0.007400656284163601
41,5.288957880193116e-07,1.4394395059354262e-05,1.529867804165447e-05,3.953903537965939e-05,0.02943421927816032,4.472651130974686e-05,0.0064346055479700195,3.1661719490471794e-06,0.000184161461923658,5.277195994720134e-09,0.9459953513708225,4.166536053435694e-05,3.4295034642001377e-09,0.0021880861309462197,0.006845905767837942,1.3093694658746706e-06,4.973967720596082e-06,1.7054573334001728e-06,1.9017281438557025e-07,7.036364811398938e-08,2.1617597817761993e-06,2.111354787330182e-05,0.002203387848996915,1.0888371966437015e-06,0.006522341362747099
42,6.002371640718377e-08,5.229017957225779e-06,4.744033338553298e-06,7.998971932641795e-05,0.0012585744683466682,2.9349580549013197e-05,0.0018122440353487681,8.071511651692234e-06,2.95486522382203e-05,1.3276486462325214e-08,0.9853945773461714,6.640259809545965e-05,1.718569798993695e-09,0.0021963933074749553,0.0028940960877294666,1.1340997433310396e-06,9.267558954216685e-06,1.6597801212743817e-06,6.368479170542303e-07,4.9168887582529614e-08,8.487577098060422e-06,0.00022922280192123602,0.00446140104385514,1.476742001458518e-06,0.0015073690024999887
43,1.2085258584083675e-07,1.690642407515196e-05,8.057522942283283e-06,0.00017310864020449448,0.004696873627874932,0.0001030157914470231,0.0037444460490614613,7.109896603779173e-06,3.864225310050489e-05,1.123425866032839e-07,0.9533288059519313,4.518989603933857e-05,2.411656882351501e-09,0.00890335550150632,0.0027376429022066143,1.471297710058311e-06,2.5165703965812886e-05,5.34164241920234e-06,5.958011840380333e-07,2.0462599078393186e-07,2.5073923643781025e-05,0.00022861962144742838,0.01999429078525937,2.3836606945921803e-06,0.00591346287386224
44,1.452106873410907e-07,1.0698577066424105e-05,5.623624385127327e-06,8.021169401590304e-05,0.004144669497977945,2.987140137273756e-05,0.002796813580663336,3.0686367849618192e-06,3.139805359776285e-05,1.2882861879437982e-08,0.9754745248183255,4.594114573582192e-05,1.4210481174737508e-09,0.004937071029679661,0.001497891265716208,4.2340967885544303e-07,8.592925290089417e-06,1.982367024469485e-06,2.3587753176057104e-07,5.4163184578450816e-08,4.605509166324561e-06,6.515913209403221e-05,0.007164939921184196,1.2134355421678422e-06,0.003694850419384631
45,6.063704135053453e-08,2.9530500849732857e-06,4.929220041422747e-06,3.5914096009936237e-05,0.0020256425518395704,2.036968877716616e-05,0.0020875592548118085,5.286352426122043e-06,2.4426576071701005e-05,4.2129866812424315e-09,0.9881735971446594,2.6261216621230635e-05,6.948867416007976e-10,0.0013342383567418162,0.0032673259239522742,6.70201814404863e-07,2.7583048895889905e-06,8.60122826241571e-07,1.9473737086050392e-07,2.047382777492396e-08,1.8585106616409957e-06,5.169380206861074e-05,0.0016911083670359398,6.188947834616589e-07,0.001241647607769306
46,1.0680446546806223e-07,7.265000911804632e-06,4.328714064141247e-06,7.926984898266762e-05,0.0031214441510720304,2.9705836717610095e-05,0.0018221418191700781,2.782584511252655e-06,2.244331989443474e-05,1.053606558241399e-08,0.9782351410158007,3.847841122534489e-05,1.6039681806550077e-09,0.004516664661258761,0.001198401769542722,3.7634004134565793e-07,1.2619540785156282e-05,1.899367947253539e-06,2.1853240215483174e-07,5.571736720055855e-08,4.705737151901612e-06,7.70980438204992e-05,0.007746719836780733,1.2302016136544758e-06,0.003076890604439508
47,6.488391126192539e-07,2.2498137614764677e-05,1.4740489936284247e-05,0.00011587247501546192,0.007592616337952811,3.859401067485725e-05,0.007305657782450432,5.076156808246265e-06,0.00010920576270596317,2.8106041698576315e-08,0.9527831613024608,0.00023853298698797275,8.744377968836174e-09,0.005744748216821604,0.004298722216695778,1.2270240425481229e-06,2.6794746365476033e-05,6.124646062281823e-06,7.654206593476259e-07,1.2895579236973387e-07,1.5966193340209554e-05,0.0002483760465333785,0.00824391018553464,2.763189052038954e-06,0.013183832026960421
48,1.2636722497311645e-07,1.894661096890506e-05,2.904880789680534e-06,4.793788056866076e-05,0.002340442180219325,3.860403932017258e-05,0.0014514454630159335,2.789032632945327e-06,1.601174550536552e-05,1.8168238573951918e-08,0.9809869834034541,2.218493669152131e-05,9.085403003932398e-10,0.004389256970208089,0.0005256608377288874,2.2760565559431654e-07,8.73342766006087e-06,1.0161915221768097e-06,1.0307756630827679e-06,3.501776023486463e-08,3.159047378537902e-06,6.0076901023320427e-05,0.0088663053633333,2.013168835856864e-06,0.001214089076060255
49,1.380697149190201e-07,9.724403865465354e-06,7.671920463450958e-06,0.00011278467067972716,0.003064782983943206,3.5486770618210925e-05,0.0027537818831256233,3.116404265475905e-06,3.149131326273347e-05,1.597436813574441e-08,0.9735228361085048,6.0833309752167626e-05,1.8132690790147176e-09,0.005437003749610805,0.0014302085208169996,4.41476605630044e-07,9.342324725444694e-06,2.304479301774934e-06,2.2635145649924042e-07,6.059601032840159e-08,6.21500436714556e-06,7.867880225572922e-05,0.009187304450327356,1.5076264274891008e-06,0.004244040992261873
50,1.5034759268290617e-07,1.1343295467276843e-05,5.856881256783205e-06,8.0826630042997e-05,0.004446801572974308,2.9129688408583927e-05,0.0033485082541656478,3.407851230524618e-06,2.92844929120158e-05,1.5265538278807142e-08,0.9729676532242558,4.954289497114504e-05,1.450611207142652e-09,0.0054753920292047835,0.001541542952938313,4.3285334146407237e-07,8.680115054403947e-06,2.0038959132289783e-06,2.425341319625656e-07,5.636308021157835e-08,4.737991300702739e-06,6.695552050187836e-05,0.007832741456701082,1.1581696441468719e-06,0.0040935342687602235
51,2.2512358286892882e-07,6.865319054700344e-05,4.442317175468727e-06,0.00031788688661088787,0.0012091413272945473,2.033003966376262e-05,0.00222187854527091,5.8910232220647605e-06,4.681606990222589e-05,2.5249684232785813e-08,0.9694429280139464,0.00010147704320215961,4.6447082713943747e-10,0.016681820147683064,0.0013073983500620692,3.19025611896835e-07,6.805167186160099e-06,3.7246174365024998e-06,5.088038476702749e-07,3.910154071131271e-08,4.9171445959296195e-06,0.00021587458536888928,0.005434655176182042,1.0554508556291926e-06,0.002903187135056362
52,1.423505035976185e-07,2.574513253098802e-05,8.524585495231896e-06,0.00018292691788139692,0.0049675387660954844,1.76567048643444e-05,0.007316101016998802,4.061839433460486e-06,3.5042955508325566e-05,2.038652537530082e-08,0.9568200310528666,0.00016952363746840324,2.78912191404517e-09,0.005778824743642171,0.0009910735940018354,4.245109880957454e-07,9.567298118570733e-06,9.683200823020025e-07,3.4693250013795807e-07,8.818083829223949e-08,1.0763496523737865e-05,8.088848590824844e-05,0.019372966914485108,2.0557977698889832e-06,0.004204713589847701
53,6.268631522771882e-07,2.4705363639431007e-05,7.873830256446114e-06,0.00011669073988770892,0.003063492817129841,0.0001217618286927173,0.0006639026397117308,2.456512236087075e-06,6.315889194290549e-05,1.8306914930975873e-08,0.9760307309343176,2.7853525328453077e-05,2.5235194268471793e-09,0.007858303725513155,0.0011139676964273808,4.6997622832306864e-07,3.5649361247272876e-05,8.07992231517251e-06,8.425448385338463e-07,8.81432842194823e-08,6.907215275514713e-06,0.00010647363699416852,0.006388087460409674,3.1194775569494696e-06,0.004354736063180056
54,7.087507138953434e-07,6.0768481236229236e-05,1.2203925580637828e-05,0.00012426172155958137,0.012722979824696676,5.9320445207859675e-05,0.00837502361594057,3.7644377364773696e-06,9.321313599930272e-05,4.6273095959007044e-08,0.9195343190692289,0.00012517319890573364,2.9095624309452303e-09,0.01774076947358468,0.006034543651120863,8.396767862826318e-07,1.5339655163024113e-05,5.3374100753757186e-06,4.832183797491475e-07,1.1219460637259068e-07,7.519606547128941e-06,0.00012515995588819307,0.009874447598135064,1.2041741703450013e-06,0.0250824575960785
55,1.90449117421786e-07,1.1944884530838405e-05,6.947584692677304e-06,9.094504056398063e-05,0.004361151694657507,3.089746208907149e-05,0.003338459657103121,3.2137887676205787e-06,4.495496473687183e-05,1.2652709296409441e-08,0.9747134954423994,6.501846170382554e-05,1.9085249565371123e-09,0.004847812670058428,0.0017078088430257372,4.84837430553819e-07,8.694490724696862e-06,2.420159736305498e-06,2.674839956375892e-07,5.481116920146481e-08,5.412079772894159e-06,7.267778044788291e-05,0.006396844882014788,1.4240382745886362e-06,0.004288863931752711
56,1.5205251966346743e-07,1.028137583710453e-05,5.664053128959778e-06,7.82301814167774e-05,0.004104199208949111,2.958860856958685e-05,0.002805026511919399,3.0452262238490315e-06,3.182169295483436e-05,1.2392254004078968e-08,0.975571554307868,5.1667435185566354e-05,1.7617019644448818e-09,0.004934531601888559,0.0014753699666615189,4.211922786183337e-07,9.21524555682282e-06,1.9995886996002106e-06,2.5223658207668727e-07,5.560520187941753e-08,4.716174960931878e-06,6.734271530690692e-05,0.007058698954073586,1.2902665688669958e-06,0.0037548616436919526
57,2.0687339079680274e-07,1.5119311210811182e-05,7.10687662395596e-06,0.00011440688030196082,0.004951702483188075,2.8864992950855938e-05,0.004367540773612758,4.991720391335828e-06,5.251846103405453e-05,2.0068844388404945e-08,0.9653313299739975,0.00015472738349486188,5.4620042502178166e-09,0.006291492891948867,0.0025990190160432654,8.775583370588825e-07,2.0650151684494924e-05,2.8488303979025634e-06,4.871570153175843e-07,1.1849296505893628e-07,9.932716790746181e-06,0.0001817093908136435,0.009353597468070657,1.7834138896745868e-06,0.006508941650997663
58,1.5795004966154573e-07,8.844270498850738e-06,5.472708738390958e-06,6.89225913128316e-05,0.0034979837972673304,2.7602837601009846e-05,0.002388705057642495,2.5760957928358273e-06,2.9874247959593636e-05,9.822770262489845e-09,0.9798178328755105,4.594213323600368e-05,1.5777679646992859e-09,0.0037315419538889467,0.0010823542130504531,3.514159230045129e-07,7.198726206996364e-06,1.782631037472623e-06,2.585908706495903e-07,4.346419831879394e-08,3.904604695172838e-06,5.333769127132211e-05,0.00644476239810655,1.583947128857102e-06,0.002778954397474524
59,1.4734585368776682e-07,8.971023069159151e-06,6.553937710414277e-06,7.598008871217328e-05,0.003499821150322454,2.900676838651606e-05,0.0025062825774631184,2.749457063700167e-06,3.070560355235475e-05,1.1045936696194448e-08,0.9793263124402578,4.28997101799197e-05,1.4066662283657043e-09,0.003405695462347075,0.0012107969604733086,3.8470091561525936e-07,6.786299371447272e-06,1.7181094843604477e-06,2.406620488211629e-07,4.8268989176653294e-08,4.280757527788464e-06,5.34737576174234e-05,0.006992943149158771,1.604567818874222e-06,0.0027925847490729316
60,1.452106873410907e-07,1.0698577066424105e-05,5.623624385127327e-06,8.021169401590304e-05,0.004144669497977945,2.987140137273756e-05,0.002796813580663336,3.0686367849618192e-06,3.139805359776285e-05,1.2882861879437982e-08,0.9754745248183255,4.594114573582192e-05,1.4210481174737508e-09,0.004937071029679661,0.001497891265716208,4.2340967885544303e-07,8.592925290089417e-06,1.982367024469485e-06,2.3587753176057104e-07,5.4163184578450816e-08,4.605509166324561e-06,6.515913209403221e-05,0.007164939921184196,1.2134355421678422e-06,0.003694850419384631
61,1.5437218642276954e-07,9.151633245388092e-06,6.659127837845269e-06,7.422027481152245e-05,0.0037021031053514307,2.923168120750821e-05,0.0026362410136765,2.792567092361342e-06,3.150957078386298e-05,1.1311083339232417e-08,0.9787345871265984,4.521521820066362e-05,1.5752021719546136e-09,0.0034811450553710464,0.0012458640472745232,3.898760717621546e-07,7.185971369214755e-06,1.7816003520319605e-06,2.5007550844344746e-07,4.994618174734391e-08,4.419352033945957e-06,5.484728949717598e-05,0.006986253448513166,1.6238248501592112e-06,0.0029443109356994887
62,1.452106873410907e-07,1.0698577066424105e-05,5.623624385127327e-06,8.021169401590304e-05,0.004144669497977945,2.987140137273756e-05,0.002796813580663336,3.0686367849618192e-06,3.139805359776285e-05,1.2882861879437982e-08,0.9754745248183255,4.594114573582192e-05,1.4210481174737508e-09,0.004937071029679661,0.001497891265716208,4.2340967885544303e-07,8.592925290089417e-06,1.982367024469485e-06,2.3587753176057104e-07,5.4163184578450816e-08,4.605509166324561e-06,6.515913209403221e-05,0.007164939921184196,1.2134355421678422e-06,0.003694850419384631
63,1.6863114564707075e-07,1.447857616299879e-05,5.9324170094676015e-06,8.383692446454207e-05,0.004503978899206492,3.155320500103638e-05,0.00290292880786423,3.062923753895568e-06,3.4244870655541206e-05,1.5087210790750995e-08,0.9735988898601561,4.8156792924184094e-05,1.4583002272223352e-09,0.005317590126881069,0.001599753888231145,4.3038373222989655e-07,8.960940093330546e-06,1.9759602170453224e-06,2.859596631037151e-07,5.987768131120887e-08,4.805845032883996e-06,6.894219540392548e-05,0.007835730149045638,1.318430362537416e-06,0.00393289778980061
64,1.4334313152962126e-07,1.2115629545870832e-05,6.437402690503918e-06,0.00010153453490284934,0.004253421356304183,3.600112631952772e-05,0.003245620096789314,3.329600959198155e-06,3.643713702310153e-05,1.798659194649943e-08,0.970509914938165,6.127147349081001e-05,1.9194932606988014e-09,0.005979067640602536,0.0017470773234317225,4.983299079006386e-07,1.0946279885599621e-05,2.431477166653978e-06,2.707164279155849e-07,6.943771410532555e-08,7.987609544530554e-06,8.952301901106409e-05,0.009211499619023157,1.4285090248811303e-06,0.004682953492852639
65,1.1190201792005776e-07,1.5343163198442392e-05,8.308706763712251e-06,0.00016243301240562755,0.004585900956479411,4.1870369042575705e-05,0.005479733373575267,5.902540702970493e-06,2.0244407072464615e-05,5.215295180056147e-08,0.9528391184204145,5.3548694233204306e-05,1.2706965452731143e-09,0.010526842673714388,0.0018544046876681163,6.026008027022443e-07,1.0536964366330124e-05,2.430438109020709e-06,2.2012319811380173e-07,1.0971259835396261e-07,9.205793299645195e-06,8.436211934796657e-05,0.017886802574767685,1.0926969567511174e-06,0.0064108206456167625
66,2.280090761099082e-07,1.0054086843598607e-05,9.214414687278636e-06,6.868993645476e-05,0.006918278590362249,5.040352496270061e-05,0.002914010939173589,2.4651551214564956e-06,3.4952768648268725e-05,1.944206142945783e-08,0.9701359194220913,3.1295593162095936e-05,2.3016593246970566e-09,0.0033762451826280745,0.0014452178438187093,4.822606215219462e-07,1.2573796411995959e-05,2.596878429865487e-06,2.762498776174057e-07,9.299440996532239e-08,6.114312233529055e-06,4.776813481698294e-05,0.010255587310466658,2.179900002294859e-06,0.004675330951978603
67,8.947062942023459e-08,7.0755495884485625e-06,4.700250935588137e-06,0.00010501895537813162,0.00339437142813725,4.173298526472287e-05,0.0017485324042944062,2.512435965101827e-06,1.93513749714201e-05,1.426838889651767e-08,0.9716791113498753,3.304624840897994e-05,1.6575372161040931e-09,0.006765941841588173,0.0009012807728102003,3.764095245065123e-07,1.1655594760609978e-05,1.9167424998487887e-06,1.5813649973776638e-07,7.53354479204083e-08,5.129907644322662e-06,5.127674921704624e-05,0.011793733010789993,1.3375366609526413e-06,0.0034315595831820142
68,1.9151804518673544e-07,1.2120577763641269e-05,9.235642310082352e-06,0.00013230619303300443,0.0032698023828585427,3.4289415472644464e-05,0.0031489235249527346,3.5833207042353593e-06,3.6585223883404365e-05,1.8465930756870964e-08,0.9732028691341459,6.184340867406632e-05,1.5784695405783867e-09,0.005514522786398473,0.0010505925063908077,4.388501464057285e-07,8.221111013357606e-06,2.7200063843138618e-06,2.459933131963336e-07,5.993720415685616e-08,6.623653408856468e-06,6.725331937303617e-05,0.009624423752187864,1.8125246032545366e-06,0.0038113151733326607
69,1.0112739584495044e-07,8.441944879739207e-06,4.939712888966251e-06,7.520515221493222e-05,0.0033781970988064664,2.598585260399627e-05,0.002395033280298826,2.9325396600400835e-06,2.3529895411477726e-05,1.1020510617218722e-08,0.9788445370919518,3.78758838956826e-05,1.1110433838790549e-09,0.004000543037967542,0.001170761956996188,3.690907393221337e-07,6.495021677027335e-06,1.406079641338245e-06,2.0238944107837682e-07,4.7917653577206186e-08,4.13404171362792e-06,5.1957845776868e-05,0.0074268104292270236,1.2122156358392782e-06,0.002539268261968873
70,1.5472074935853985e-07,1.0850686421877698e-05,5.988147622102298e-06,8.454100912442641e-05,0.004314542039701991,3.011907799650738e-05,0.002935033178411132,3.276647123218849e-06,3.2536491314227585e-05,1.3389537178616745e-08,0.9746566386972133,4.795814004280158e-05,1.4996692973938933e-09,0.0052092293686734235,0.0015614178307052531,4.540250165728017e-07,8.894280334849437e-06,2.118992895525607e-06,2.276412042018794e-07,5.7691861205789345e-08,4.575687993014484e-06,6.592964921402977e-05,0.007082058613695164,1.1887985862035112e-06,0.003942193694893162
71,2.0255302968057665e-07,2.771064654221686e-05,5.450097249977241e-06,0.0001390272454944768,0.013869420957044581,3.168621928716934e-05,0.004794637576000188,3.6154626893593703e-06,4.0729119798341924e-05,3.1288936863340644e-08,0.9414574016898017,6.601906549412127e-05,3.0421607721639935e-09,0.010763894027748806,0.0017961159720931985,7.565588222445477e-07,1.7775456053982483e-05,2.2588257435581208e-06,2.1926994723439424e-07,2.535523272321928e-07,7.100015043702143e-06,6.620145381364249e-05,0.019105013912244714,1.5592468552100564e-06,0.007802916745777055
