,0,1,2,3,4,5,6,7,8,9,10,11,12,13,14,15,16,17,18,19,20,21,22,23,24
0,0.009682160663307312,7.038656419708184e-05,1.7387828999085793e-05,4.3653368746644165e-05,0.013412776521914926,0.00011324557055144027,0.0006216250874395095,4.2002664174429256e-05,0.007199870877636723,1.8025142987484894e-07,0.9281141653509563,0.006667240128457061,1.5059926422797066e-06,0.0021015251698292188,0.005056644255996346,1.902463934978097e-06,0.0009810416121410093,2.8919335541465746e-05,4.181343375411802e-05,2.6069495431628745e-08,0.0001312079303655803,0.00019031689526200794,0.0005988751090657253,7.424686462061316e-05,0.024807279989540968
1,0.007953239121766204,7.35957427861738e-05,2.5791070591753692e-05,4.736472242993445e-05,0.012185309134599056,0.00039930320950323285,0.0009007364522766806,6.575085809754358e-05,0.04503772910970921,9.751957736394053e-07,0.8604576410405559,0.004281004511473987,2.3325869624938675e-06,0.005751856265629291,0.011547323800178056,3.01440729095414e-06,0.0003867999904793271,5.6851103515513044e-05,0.00010978179679301657,7.694767494057472e-08,0.00018254852499385401,0.00038633653806730066,0.0010010870318690036,0.00012082384234180021,0.049022726994641136
2,0.005270883657554586,6.511407214390932e-05,1.5210719299288782e-05,2.8864395575982683e-05,0.011680763561821426,0.0002038471189090213,0.00047522034434053324,4.8714258031499685e-05,0.02833314039982779,5.294954339384075e-07,0.8813830100800099,0.004110144053056397,1.2550230460369527e-06,0.006566189939555135,0.01110704514796605,1.4166063506441252e-06,0.00030795446575106335,2.6887685929167763e-05,4.59147020035871e-05,5.306265399956468e-08,0.0001041944170978262,0.00034704827890737016,0.0005749995824966823,6.609959620321156e-05,0.04923549933603505
3,0.00735531638460208,6.307038708540913e-05,1.505622872343047e-05,3.232881912811087e-05,0.009597365638881193,0.00022370614689519412,0.0005528615776262739,4.750938105136378e-05,0.020980988912264062,4.2452093889710367e-07,0.910131179811829,0.003965895631863832,1.5274335950598973e-06,0.004051500154700606,0.008095684398321975,1.4468754084108502e-06,0.0003875504039535769,3.2935599932278656e-05,5.6003433412511025e-05,3.928679872471345e-08,0.00011757495284341926,0.00033593548909032855,0.0006172019423696577,6.378297611875205e-05,0.0332731136125659
4,0.007247079365160807,6.762633448486634e-05,1.5646261048570343e-05,3.1788884917077096e-05,0.010021432758702232,0.00018646939453646733,0.0005851751874526517,4.7198829642700146e-05,0.02191870639572885,4.2203759633665933e-07,0.9106688413025803,0.0040175326422670675,1.8428989495302044e-06,0.004753137232662699,0.007073261852314601,1.3061954643751745e-06,0.0003601176247975888,3.545155581431854e-05,5.6712061352892454e-05,4.377435732209455e-08,0.00013478844938559116,0.0003577197082486383,0.0005719319752905442,6.849950900073004e-05,0.031777267768243384
5,0.008055902464573033,6.111658329314431e-05,1.8687010566257456e-05,4.725172600327576e-05,0.011913489312738902,0.00024893369303259665,0.0005806623130948184,5.2516750681136843e-05,0.023049421755071832,5.549406189071137e-07,0.9124605564121975,0.0034361222833881764,1.8097822936625948e-06,0.004813976816797974,0.006665133010072433,1.510223241723612e-06,0.00040871283914844196,6.077857322436021e-05,6.449513762470238e-05,5.462966340651035e-08,0.00015442459112864984,0.0002780340747389864,0.0009317104518968627,8.198593487287156e-05,0.026612158690036355
6,0.00735531638460208,6.307038708540913e-05,1.505622872343047e-05,3.232881912811087e-05,0.009597365638881193,0.00022370614689519412,0.0005528615776262739,4.750938105136378e-05,0.020980988912264062,4.2452093889710367e-07,0.910131179811829,0.003965895631863832,1.5274335950598973e-06,0.004051500154700606,0.008095684398321975,1.4468754084108502e-06,0.0003875504039535769,3.2935599932278656e-05,5.6003433412511025e-05,3.928679872471345e-08,0.00011757495284341926,0.00033593548909032855,0.0006172019423696577,6.378297611875205e-05,0.0332731136125659
7,0.011824504417888616,3.227122413753445e-05,9.07361779675656e-06,1.5513292479328587e-05,0.003807278374966668,0.00010027447054075402,0.0004107551137484288,3.8098163260152305e-05,0.007404926388173698,1.4364938965658013e-07,0.9599518503886888,0.0022199733888448956,2.2605640898785422e-06,0.0011780830297822187,0.0036092990027355343,5.23854936150177e-07,0.00016848655630430384,2.3857930312576543e-05,3.968363434377229e-05,1.680752465626184e-08,6.871915425952291e-05,0.0003392982037125619,0.0001489856625035663,2.1031957663384688e-05,0.00858509115191661
8,0.013293625215833781,0.00010220237088600884,5.221953105512947e-05,6.025490647877467e-05,0.016169829832931935,0.0002863054874729294,0.0003297422644917676,4.0205074589097965e-05,0.03611272649194319,1.0729189843968156e-06,0.8090639770531716,0.006073350889930285,1.72558335557465e-06,0.008086141307275934,0.011803317141208221,3.1098651136905775e-06,0.0008191780736706655,3.43253704756824e-05,3.361257676448394e-05,8.244434662746659e-08,0.00010280303799410261,0.00027242949187209007,0.0016993972185499178,0.0002699924337585819,0.09528837341784538
9,0.007895403790234136,0.00017681112201648188,6.722107830397788e-05,8.17954590964126e-05,0.016993563818222153,0.00033589768683881064,0.0004241108948167201,6.680870700454261e-05,0.06146643805892344,2.9394967949516885e-06,0.730331741794747,0.005871632520024302,2.2008627299234664e-06,0.01875757805640506,0.015127118024420622,5.510735680366453e-06,0.0008374323684259982,5.6574258463740926e-05,7.068713402353478e-05,1.6467697014427188e-07,0.00018572048931324525,0.0003456578725615523,0.002167612000513007,0.00035331783099795146,0.13837606126247184
10,0.00735531638460208,6.307038708540913e-05,1.505622872343047e-05,3.232881912811087e-05,0.009597365638881193,0.00022370614689519412,0.0005528615776262739,4.750938105136378e-05,0.020980988912264062,4.2452093889710367e-07,0.910131179811829,0.003965895631863832,1.5274335950598973e-06,0.004051500154700606,0.008095684398321975,1.4468754084108502e-06,0.0003875504039535769,3.2935599932278656e-05,5.6003433412511025e-05,3.928679872471345e-08,0.00011757495284341926,0.00033593548909032855,0.0006172019423696577,6.378297611875205e-05,0.0332731136125659
11,0.007718653314777178,6.259029044817649e-05,1.4882237772413713e-05,3.257217107515198e-05,0.009634594811573288,0.0002032890125924634,0.0005859820054458554,4.630685079548925e-05,0.02049173369591951,3.8923645351833314e-07,0.9128218244318015,0.004108416240840815,1.7921855264034297e-06,0.0038522843822008583,0.007671681491380528,1.425590093007619e-06,0.0003721713217247593,3.3304086710474546e-05,5.724916703301281e-05,4.132607303485336e-08,0.00011978482941407426,0.0003529074995526537,0.0005722862164049658,6.859143798864258e-05,0.031175246166401965
12,0.0036802349893065053,2.3793248208679085e-05,2.3598119881066517e-05,8.217363701267328e-06,0.04816815253433038,0.00012374483827874407,0.00019223762755269855,9.755281927919196e-06,0.021950825044576898,2.1955029277330358e-07,0.8539556618399851,0.002481791405719115,3.9975759305281756e-07,0.008683696770081656,0.0024824004531012835,3.148175776842048e-07,0.00036250633912393733,1.48073951891889e-05,4.938431322018969e-06,5.216067679244916e-08,0.00012980909587995807,8.900403302405611e-05,0.0009696953062332056,0.0001217104971914658,0.05652243309924463
13,0.03048419954568156,0.0002985946417274852,0.0003882174722702422,0.0018722645200039496,0.03420282448550644,0.02511398860339081,0.00426570074520218,9.175370573254147e-05,0.4050056508174753,6.708656075493378e-05,0.274762658397268,0.001895519646629989,1.144168844759064e-05,0.006514042891661324,0.023474772286815555,7.849692491885762e-05,0.0037604944761525433,0.0013914158090074097,0.001543259115110856,8.977441960367524e-07,0.0010466429947789974,0.00025327179290059393,0.11912164597461472,0.0035057051344127414,0.06084945402533925
14,0.0025430231532785922,0.00011134333260228987,4.895814301792015e-06,2.602415080936248e-05,0.015940851007287708,2.4939244421544144e-05,0.00017241946471397367,1.5774806166653034e-05,0.003142077010487503,1.8027598028481364e-07,0.9692576745936153,0.0007581335325363259,1.488060676606652e-06,0.002776791867725149,0.0008054674911166906,1.3959393282333404e-07,0.00029409576219995633,3.893733517044906e-05,6.175715099281031e-05,1.3223827661596015e-08,0.00032720878479939697,0.00014473177731695383,0.00018902362060946906,2.508832446915438e-05,0.003337920620961479
15,0.00735531638460208,6.307038708540913e-05,1.505622872343047e-05,3.232881912811087e-05,0.009597365638881193,0.00022370614689519412,0.0005528615776262739,4.750938105136378e-05,0.020980988912264062,4.2452093889710367e-07,0.910131179811829,0.003965895631863832,1.5274335950598973e-06,0.004051500154700606,0.008095684398321975,1.4468754084108502e-06,0.0003875504039535769,3.2935599932278656e-05,5.6003433412511025e-05,3.928679872471345e-08,0.00011757495284341926,0.00033593548909032855,0.0006172019423696577,6.378297611875205e-05,0.0332731136125659
16,0.006229559306387729,5.266901367397681e-05,7.60880616655509e-06,1.781538769333168e-05,0.005240825142385729,0.0001050902206944095,0.0003878571734526135,5.0736129085323245e-05,0.010716221159103456,2.0623661211697913e-07,0.9330381408304977,0.004944503628677152,1.075881432119996e-06,0.0034017519337152533,0.007481201229866671,9.54986026477668e-07,0.00028921842806854615,1.97754989585524e-05,3.972761019158144e-05,1.9051496344151666e-08,7.118011020526776e-05,0.0004186291500245624,0.00022395715549868616,2.371216979410218e-05,0.027237563760291593
17,0.006921258495891915,4.218018166328814e-05,1.3127077086460321e-05,1.5777226368906904e-05,0.012602539299912653,8.844045053828963e-05,0.0005607460904623615,2.690378849222747e-05,0.014429773475618364,1.4044413214001845e-07,0.9324932146278303,0.0040740169531899035,1.4653228545295884e-06,0.0042225187205075865,0.002274759812889576,5.155881515331252e-07,0.00031974558874255235,2.8383119236222867e-05,2.2565130471368394e-05,2.7449170942113962e-08,0.00015615704418792752,0.00022571313132223783,0.0004296361779273786,6.144682172063038e-05,0.020988947981630514
18,0.0049050790318336665,7.896960001586804e-05,2.058783667471878e-05,1.7738533217592366e-05,0.009123603611642344,0.00019091645371586936,0.0006732158396957071,3.967402923564001e-05,0.023988756876048088,4.719596453615062e-07,0.8154513028975383,0.007567495981873641,1.150163391756903e-06,0.00804787393292043,0.010811493141280564,2.9387449359530615e-06,0.0006717162911451405,2.387367852674118e-05,5.464746422139299e-05,5.142367801454444e-08,0.0001807964844302224,0.00033664460539727656,0.0008421560771115645,0.00010874305380225384,0.11686010228802202
19,0.006566119824412321,0.00011690157329771517,1.5917794973067227e-05,8.427958757851537e-05,0.017928895868700123,0.0005029526181550339,0.0008186597489579456,6.45087223250007e-05,0.04866401638257063,9.617451078446033e-07,0.8453568948771542,0.0060861939539843795,2.1071484508223194e-06,0.0058486657237533995,0.01670557970972469,2.416099291642881e-06,0.0004441447934995782,3.447166940568307e-05,8.895471935117237e-05,6.737556366649381e-08,9.682751065139954e-05,0.0005990700671140972,0.0008615006124459801,9.941970322417611e-05,0.049010472170307066
20,0.005410394200896222,7.191947628829273e-05,8.081281723190135e-06,2.774634715611166e-05,0.0069862526198705656,0.0001801055975056063,0.00048360212491665826,5.5603260208034125e-05,0.020296918803713735,4.001942613368344e-07,0.9215156044456142,0.003205560385393979,1.7549407353677747e-06,0.00412553353847994,0.01028366384340171,9.777319104030254e-07,0.00024546846670525077,2.230642400704161e-05,6.619748210415102e-05,3.534803252127797e-08,8.735272902336515e-05,0.0006397555733223552,0.0002959728576548781,3.425442134719617e-05,0.025954537905727694
21,0.01188519015399348,5.7377163009219346e-05,3.04355801831148e-05,2.7379442657916036e-05,0.008888348378299986,9.419458643787795e-05,0.0005425455258730518,5.1341282724061524e-05,0.01443282702249562,3.019763779672973e-07,0.9106550098242125,0.007252709392737674,2.1086458452078917e-06,0.005893280778997368,0.0034331878711911673,1.8778741757282998e-06,0.0005224713239317663,5.894119791256335e-05,3.2845996242447446e-05,4.708499135929448e-08,0.00017505781961176813,0.00021173068507507014,0.0006461741661255604,0.00010548957346771305,0.03499912665342987
22,0.009737600005012845,4.980950496040323e-05,1.9696741959828543e-05,2.5590392855343424e-05,0.006359974790890096,0.0001816216638915314,0.0003275317791944368,6.191188207047743e-05,0.007967428889560035,4.515208470352319e-07,0.948601599581014,0.002283210807260139,1.352787925476018e-06,0.003274471697665911,0.0036554052282945504,1.1333941714133037e-06,0.0006370336835085668,5.473397668703572e-05,4.470692448215529e-05,3.376806673294849e-08,0.0001670422274603941,0.00026381166630114796,0.0006427599327519856,3.388524835978496e-05,0.01560720190480881
23,0.00735531638460208,6.307038708540913e-05,1.505622872343047e-05,3.232881912811087e-05,0.009597365638881193,0.00022370614689519412,0.0005528615776262739,4.750938105136378e-05,0.020980988912264062,4.2452093889710367e-07,0.910131179811829,0.003965895631863832,1.5274335950598973e-06,0.004051500154700606,0.008095684398321975,1.4468754084108502e-06,0.0003875504039535769,3.2935599932278656e-05,5.6003433412511025e-05,3.928679872471345e-08,0.00011757495284341926,0.00033593548909032855,0.0006172019423696577,6.378297611875205e-05,0.0332731136125659
24,0.006308553393818465,0.00013615822652716364,1.4762526445222324e-05,8.209048740987964e-05,0.012220429158150616,0.00025048934637903104,0.0006571122418355237,7.038897121547118e-05,0.024356312930762986,8.313582021045427e-07,0.8986472787135081,0.004202187907094898,2.0148283199232724e-06,0.006317771174565274,0.011188535323951174,2.06797220509614e-06,0.0005872643014747701,5.497163985468744e-05,0.0001235223722030306,5.131698385035032e-08,0.0001641355151455581,0.00044046397731294605,0.000918547995880109,7.439920142379998e-05,0.03317965911933038
25,0.004265220689332636,1.5671067752441576e-05,6.272615290879767e-06,1.0684841685534454e-05,0.006282146934592942,5.2904092301067194e-05,0.0003628292965688026,5.444057154042232e-05,0.005023435520253946,7.09648315363052e-08,0.9696504275644907,0.0026378982836610613,7.241175865430938e-07,0.0022485826208157255,0.001361181651797482,3.259361554891527e-07,0.00015639429956007596,3.366031340744391e-05,1.5592296573596284e-05,1.7149560020498942e-08,9.455724082941569e-05,0.0001340872389379042,0.00018575039710328953,1.38035763896596e-05,0.007393320718981557
26,0.0157095790095099,6.07448450329896e-05,5.465624904608869e-05,7.173873881231579e-05,0.024238460206440913,0.0004170350659425461,0.0006623582644015297,3.621864074378253e-05,0.0561724258978547,9.231912685590251e-07,0.8413144074919232,0.003595966102314956,2.4047074707448742e-06,0.006961839724434041,0.005216798227581788,2.071310727220277e-06,0.0005568209230252809,0.00011011968461854413,4.72009130672338e-05,1.0679898880542261e-07,0.00021421875446792137,0.00017251307521799143,0.003202244021189716,0.0003569202687293607,0.040822227887189914
27,0.00670279586109213,6.816069898742724e-05,1.051281784656199e-05,3.740441982221153e-05,0.009452971857993478,0.00035557081321099175,0.00056176730870944,5.533989322356447e-05,0.041765074816893046,5.631453331810442e-07,0.8751372231017986,0.004274315572891709,1.6563154415888687e-06,0.004021863436530292,0.01502117376802065,1.5319079975622505e-06,0.00022441816703986178,2.425419497068805e-05,6.954479231083296e-05,4.432205729998573e-08,6.67451185490039e-05,0.00063104225387163,0.0004610815566670915,6.386839906586657e-05,0.04099107545967552
28,0.00735531638460208,6.307038708540913e-05,1.505622872343047e-05,3.232881912811087e-05,0.009597365638881193,0.00022370614689519412,0.0005528615776262739,4.750938105136378e-05,0.020980988912264062,4.2452093889710367e-07,0.910131179811829,0.003965895631863832,1.5274335950598973e-06,0.004051500154700606,0.008095684398321975,1.4468754084108502e-06,0.0003875504039535769,3.2935599932278656e-05,5.6003433412511025e-05,3.928679872471345e-08,0.00011757495284341926,0.00033593548909032855,0.0006172019423696577,6.378297611875205e-05,0.0332731136125659
29,0.00735531638460208,6.307038708540913e-05,1.505622872343047e-05,3.232881912811087e-05,0.009597365638881193,0.00022370614689519412,0.0005528615776262739,4.750938105136378e-05,0.020980988912264062,4.2452093889710367e-07,0.910131179811829,0.003965895631863832,1.5274335950598973e-06,0.004051500154700606,0.008095684398321975,1.4468754084108502e-06,0.0003875504039535769,3.2935599932278656e-05,5.6003433412511025e-05,3.928679872471345e-08,0.00011757495284341926,0.00033593548909032855,0.0006172019423696577,6.378297611875205e-05,0.0332731136125659
30,0.00735531638460208,6.307038708540913e-05,1.505622872343047e-05,3.232881912811087e-05,0.009597365638881193,0.00022370614689519412,0.0005528615776262739,4.750938105136378e-05,0.020980988912264062,4.2452093889710367e-07,0.910131179811829,0.003965895631863832,1.5274335950598973e-06,0.004051500154700606,0.008095684398321975,1.4468754084108502e-06,0.0003875504039535769,3.2935599932278656e-05,5.6003433412511025e-05,3.928679872471345e-08,0.00011757495284341926,0.00033593548909032855,0.0006172019423696577,6.378297611875205e-05,0.0332731136125659
31,0.01230759340411504,7.771449313417939e-05,2.7656303771996236e-05,3.226547620248557e-05,0.006233648671353625,0.0001901747423523174,0.0005062134485692634,9.64601589885915e-05,0.014085606683743037,5.668735241260056e-07,0.9205384177749514,0.004373848944146139,1.7626653144973867e-06,0.004460438359021336,0.005272863284272638,2.255840065240733e-06,0.000593718420475454,5.551345558602654e-05,5.277785960809192e-05,4.0857711756559537e-08,0.0001565438104509416,0.0003261535631503461,0.0006568573297265825,5.474457232462378e-05,0.029896163007440142
32,0.007051071990794329,6.708934847478079e-05,1.456790634022299e-05,3.7126735254681496e-05,0.009618955138263205,0.00024508588594506533,0.0006110879446266567,4.950626084620155e-05,0.021626616144117372,4.770811896205714e-07,0.9080690737425885,0.003782602319626167,1.6832763607842651e-06,0.003917802456390728,0.00966099400503153,1.6638979822805747e-06,0.00040902835237698493,3.5356642286592217e-05,7.632634901124642e-05,4.231794241156896e-08,0.00013193349938827047,0.0003634337224183914,0.0006680234648344281,6.720368469335709e-05,0.03349324783321609
33,0.007839465343562524,5.335027938329133e-05,6.89391859151624e-06,2.7170840728251918e-05,0.004996780304133954,7.423987460898141e-05,0.0005604626572542716,5.083944890637762e-05,0.004881473791474327,1.0750716676945876e-07,0.9580915508105691,0.005542442037098864,1.936294557199896e-06,0.0015684090390603522,0.003124715861770918,1.115781819317389e-06,0.0004810603075105002,2.9710333234385722e-05,5.0637969636359516e-05,1.6840741704324957e-08,0.00010049707832071445,0.00033642483092105694,0.0002327317822086376,3.076829977041261e-05,0.011917198766970297
34,0.007338651670544145,6.333063330912201e-05,1.5080099679735692e-05,3.2388485673726803e-05,0.009610528791102867,0.0002242382764863542,0.0005533016747372078,4.7596448662111684e-05,0.021024480839260815,4.2638469466074596e-07,0.909895497114923,0.0039772627356948215,1.5271773205432493e-06,0.004068853827025376,0.008111546291890221,1.452284089462662e-06,0.0003888362316686682,3.292721084184427e-05,5.604385687996842e-05,3.940626137838179e-08,0.00011769795448514219,0.0003365248938581043,0.0006187219272365357,6.39155128985001e-05,0.033419130270775484
35,0.01501573123322432,5.464111910955603e-05,1.588671136424357e-05,3.3336957580971095e-05,0.0052566305908727795,0.000283660562664915,0.000599167858894118,7.878334449231908e-05,0.02076784772664406,4.4566008563126303e-07,0.9202830900413211,0.004920478778180796,2.1341928103669302e-06,0.0025731372527337754,0.005886759359594867,2.154210168880193e-06,0.0003576997097067556,6.009394133877569e-05,7.353368563622323e-05,3.136928289342954e-08,9.769890830626408e-05,0.00048349910004164893,0.0004921325928780554,5.66770954608114e-05,0.02260474799760609
36,0.011221516470785673,0.0001604889845526755,1.5908067463395687e-05,7.228774704825971e-05,0.0047659299872861716,0.00042910706706230896,0.0008043297417287916,0.00021093390069984428,0.03859315067558538,1.397964520787722e-06,0.860320554463867,0.008508456279146669,2.5855506407056724e-06,0.008216617365979504,0.017490385025235207,4.508257086515872e-06,0.0006317366194844595,6.291855169196572e-05,0.00014411710886466872,5.2065979435993654e-08,9.57760780849424e-05,0.0014549925832067433,0.0005969612164068131,4.0929213831491326e-05,0.046154359013760506
37,0.014278795422419239,4.353689656308409e-05,3.224086378263102e-05,2.269411565222542e-05,0.013275829467298729,0.00011215278619777125,0.0006548691482402875,2.7433357761892194e-05,0.02128902973473866,2.5172908968936843e-07,0.9086747046686465,0.004814983860965859,2.649691144197274e-06,0.004526947420796369,0.0026631027856781476,1.0849247638216496e-06,0.0003624225050070347,5.484187006029586e-05,2.9390596410936932e-05,4.7690045134128994e-08,0.00018817148468993554,0.00018915799619733525,0.0006890229719985998,0.00015138818141631025,0.027915249830435574
38,0.014151606711994434,5.0221231966085926e-05,2.1073318262905203e-05,6.248045924684427e-05,0.006477642249430298,0.0008554216116411253,0.0018272263752258594,8.274626207197015e-05,0.02409989156186956,7.252547295938891e-07,0.8989019943074776,0.00403593604844434,3.355045947998998e-06,0.0018203657048867054,0.016588493923459346,5.649252224800163e-06,0.0006228958958238916,9.196798164534027e-05,0.00024760352424903345,6.55469587592074e-08,0.0002124477692560309,0.0004418802404216438,0.0014107847153712696,8.5745317947846e-05,0.02790177968944678
39,0.008625988702624078,3.2902285421846034e-05,1.3199218375148771e-05,2.0147305210483967e-05,0.004515784903452228,0.00031580261075509565,0.0008893964510282059,0.00010452730759896263,0.009316609503655647,2.4280145434498086e-07,0.9367664105733879,0.005876607017783072,1.3777549510493326e-06,0.0016167331583056294,0.005522128836426089,2.879220320624367e-06,0.000529217416393354,3.50375738775368e-05,6.056744832407562e-05,2.900323880818777e-08,0.00013240933690917693,0.00037273394988578514,0.00047608240416926843,3.565641461353188e-05,0.024737528801838278
40,0.007847311069493712,4.465502037764848e-05,1.0338699700361927e-05,1.1833670390442215e-05,0.006562422133663086,0.000137995937843013,0.0003370345346671981,3.318930192294677e-05,0.012154008421926857,1.5980909288899034e-07,0.92777526861572,0.004714569244515415,1.0244283067438354e-06,0.002623973347556194,0.006273170972944782,6.458419874101773e-07,0.0002652174983779156,9.93357555197966e-06,1.7666852226788068e-05,1.8366124365913615e-08,5.173219489046095e-05,0.00041324301841321636,0.00019530408557368847,2.631209734674103e-05,0.03049297126138622
41,0.007204300954189569,5.5998611940052526e-05,1.3307986307463651e-05,4.023012073251136e-05,0.01174646088933634,0.00028584013183072937,0.0005043252527648341,4.520487654323739e-05,0.02526676300468152,4.431189598349556e-07,0.9016084961783204,0.0037935940545121686,1.2629008873363112e-06,0.003435729559530003,0.01122454973048822,1.3602058366379633e-06,0.00032528524828475715,2.804944910715246e-05,5.376375372455305e-05,3.7090738006209016e-08,8.137814839094285e-05,0.0003206026626979874,0.0006264928872710727,6.162451551625237e-05,0.03327489866740861
42,0.006649087319685052,7.784994321277436e-05,6.68884841161198e-06,3.248079823305769e-05,0.00551380955992067,0.0003312471971961571,0.0005836837574222897,7.401307974168142e-05,0.018593888792935134,4.308566257071675e-07,0.918435841002796,0.004069652684587552,2.0225154217612116e-06,0.0019290491267605374,0.014886349518270248,1.9706251367276385e-06,0.00035551581426881236,1.7279111488280147e-05,0.00011869485407340067,2.845359291442719e-08,7.157553808644085e-05,0.0011364113315189097,0.0002507047571337127,3.365357177950729e-05,0.026828070941701167
43,0.006753498712171971,6.914665436515006e-05,1.931640425970432e-05,5.265282007364123e-05,0.010873337421440633,0.0008417043777101408,0.0006313387046610868,9.2473981564013e-05,0.04024628778658255,1.6704957427018337e-06,0.8776146879056475,0.0022471967477584623,1.8099359174897265e-06,0.004771708737074163,0.01745856360571284,2.5237347657063165e-06,0.0003888109715751066,4.853158111516756e-05,0.00013363327083257,7.851639278966471e-08,0.0001729970123151828,0.0006053714594097378,0.0010502826935147142,6.537442443594403e-05,0.03585700204496117
44,0.00735531638460208,6.307038708540913e-05,1.505622872343047e-05,3.232881912811087e-05,0.009597365638881193,0.00022370614689519412,0.0005528615776262739,4.750938105136378e-05,0.020980988912264062,4.2452093889710367e-07,0.910131179811829,0.003965895631863832,1.5274335950598973e-06,0.004051500154700606,0.008095684398321975,1.4468754084108502e-06,0.0003875504039535769,3.2935599932278656e-05,5.6003433412511025e-05,3.928679872471345e-08,0.00011757495284341926,0.00033593548909032855,0.0006172019423696577,6.378297611875205e-05,0.0332731136125659
45,0.005452422531252267,3.354629969539813e-05,5.402524491364469e-06,7.97988025772151e-05,0.013889275304979418,0.0007012504184816279,0.001604562834154526,6.213234917663895e-05,0.0422196946399578,3.256364454587959e-07,0.8680063840920496,0.004249323559304979,1.834691234823184e-06,0.0012106433016621867,0.036486582944920555,2.3056983370542927e-06,0.0001604882435116384,2.4728811854778487e-05,0.00015914584754264178,4.573807505687167e-08,4.819440973069051e-05,0.0004905399549120071,0.0004954368417656781,5.213144749488724e-05,0.024563803076391718
46,0.008091851373886232,6.565550980872613e-05,1.3962134331291387e-05,3.224077187566017e-05,0.008515899145898351,0.0002073528343947229,0.0005100752114710654,4.7676366026600565e-05,0.015229155025527583,3.5329345541142883e-07,0.9189567779453626,0.004413722612290372,1.4996245173986507e-06,0.0032258666023694763,0.007916113982142649,1.52171571725739e-06,0.0004924949900479644,2.8096517774591265e-05,5.252329915031046e-05,3.28287030682546e-08,0.0001049860059912455,0.0003603859265415764,0.0005546399267321195,5.605868888478923e-05,0.031121057667099203
47,0.015005628818573166,0.00013440065904319655,1.2457972610667733e-05,1.8929153821982195e-05,0.0038886864943473392,0.00012563391289811853,0.0005380474367856695,5.691048415919275e-05,0.014664797306306456,2.6136928914707693e-07,0.9034962159352578,0.010390642097159593,2.9804452504420935e-06,0.0024865179047350388,0.00719934526010238,2.1526704010528564e-06,0.0004608629510768399,1.4804571907557503e-05,4.4458960717746066e-05,2.233701159756846e-08,5.424667654980394e-05,0.0010183353944481534,0.00016017264383258754,5.197208748034333e-05,0.040171516456233985
48,0.0110604859185587,0.0004295725646952522,2.087679729767164e-05,0.00010595244335935432,0.00653139754201559,0.00032064065280207034,0.0006418572766692121,0.00013751628106664223,0.011704785502102641,1.4612730270595532e-06,0.8960483794202388,0.006384932897154505,2.638057487758761e-06,0.0055275171218308215,0.01507407446673674,4.993533481520779e-06,0.002670494527023037,4.527753451434866e-05,0.00018644434807718596,4.092271155570243e-08,0.00018242295753121045,0.0010217454240724353,0.0009522277562291778,4.890505775016126e-05,0.040895359723566393
49,0.008525193673952857,5.195912368065865e-05,1.75187508622293e-05,2.7289366674705514e-05,0.009000779895109685,0.00029622284600961865,0.0005597492583234594,5.297037371779228e-05,0.020691425913657895,3.7168916833661504e-07,0.9136381152615377,0.005049739100117732,1.4698805316084895e-06,0.003482280413037838,0.005842897055623793,1.4263099595974602e-06,0.00037301869444357076,3.105918244198197e-05,3.401553743487713e-05,4.0826931537483896e-08,9.38743341175192e-05,0.00033067774877451963,0.0005846002393132626,6.0127640326989506e-05,0.03125317688425028
50,0.006883070955154962,8.893525819325276e-05,1.8261936220736726e-05,3.47170848003824e-05,0.009081651988687168,0.0002525154933754983,0.0008092997944082223,7.541659420445862e-05,0.029210418825175853,7.492604288210721e-07,0.8924206777344413,0.00430852428563341,2.216571208797832e-06,0.006195349056858573,0.009795653990099953,1.7931778283151762e-06,0.0003670462193823549,3.699108913109584e-05,9.148413063375558e-05,4.866379647612929e-08,0.00016602579197869254,0.000538008256045938,0.0005171595972479507,5.598263072244436e-05,0.039048001614341556
51,0.005309111061098245,0.0010762725784932464,7.864391740965624e-06,0.000143105793008924,0.005409675907693437,6.984374674527285e-05,0.0002188188646820001,0.00021445483679799284,0.01417039963371331,1.2727585599038568e-06,0.901831235134719,0.008671931997152429,2.447982399986473e-06,0.013812376370877972,0.016469169955171215,1.412535309750822e-06,0.0004544517611218811,2.1575012272846106e-05,9.804358490190405e-05,2.5385730879270925e-08,4.5790129188985905e-05,0.0017720605370192676,0.00012159299743585584,1.5348811782553877e-05,0.030061718232382156
52,0.005093340569433985,6.0015842512595483e-05,1.2432489811834485e-05,1.5639441577575274e-05,0.011876703189673625,0.00010813951242439692,0.0006088675405675459,2.72026523547082e-05,0.013976872594769338,1.444027506274658e-07,0.9120926817270384,0.005447982813611289,1.0430658749735764e-06,0.003725561473234598,0.004459461740328665,8.095033372458472e-07,0.000417253698528565,1.3243378862653752e-05,2.556768553958424e-05,2.2142581708804165e-08,0.00012736288234959037,0.00023028661529373928,0.00042376271410429756,6.011796147903706e-05,0.04119548436195923
53,0.009812259087172369,0.00013296861976920825,2.251759889487128e-05,5.633998334047327e-05,0.01150690434599332,0.00018256454305406284,0.0001983866529834481,5.098147501421027e-05,0.015578659198000711,1.1656036581836815e-06,0.9177368648271162,0.0022762792378163005,1.9923993167136687e-06,0.004872434656581653,0.00837301632140225,1.5993450820831006e-06,0.0006647104010716075,3.9940246342082835e-05,8.368871088283833e-05,4.380162039020877e-08,0.00014257768494373735,0.00048421901530567413,0.0005801775640597645,7.786345044184608e-05,0.027121845230135933
54,0.004329984432129229,0.00016370041494445333,1.9086846374865318e-05,2.385145771439423e-05,0.009055653524518679,0.0001801959222040441,0.000510803137829037,5.1838688473429356e-05,0.047107399593282695,8.468086499928751e-07,0.6914288323531986,0.01195677661924204,1.2015551379926731e-06,0.012289328467468923,0.022063598239524255,3.7462618426108707e-06,0.0004177946867220074,1.2762423568717594e-05,4.4652962991576115e-05,5.7102480902615095e-08,6.576771537589156e-05,0.000554217001211935,0.00043808119644639777,0.00010081905294626089,0.1991790035357212
55,0.007322129226860949,5.48866903733269e-05,1.4166772743337086e-05,3.097311030621858e-05,0.010355327963566464,0.0002127437780789823,0.0006453478169818201,4.276300920162333e-05,0.02327050261081811,3.321399543665913e-07,0.9063518964660623,0.004801670104746604,1.523591754839681e-06,0.00376755403941037,0.0073173085349039465,1.4066323782417215e-06,0.0003338034690384247,3.24461279966745e-05,5.102049779650436e-05,3.7073932448221615e-08,0.00010906898726868658,0.0002988434849135134,0.0006003955290324929,7.336181252292629e-05,0.03431049052935654
56,0.007549513880474819,6.321012945295198e-05,1.4898276072971367e-05,3.166062481071123e-05,0.009363357855348779,0.0002121606332864372,0.0005670469116952395,4.7075607309777567e-05,0.020600780782789298,4.026816880186724e-07,0.9120642170057982,0.004060192223705541,1.6433570089563135e-06,0.003980744140164442,0.007741497789919796,1.4047375879910537e-06,0.00037744861526202775,3.2839322493613576e-05,5.5868129670955534e-05,3.9484729979752993e-08,0.00011861907960238338,0.0003474845873641308,0.000586893935773825,6.461913281587777e-05,0.032116381075173325
57,0.0062385891811762295,0.00010099045285892699,1.2816986951998969e-05,3.1913518625557163e-05,0.008266734965022912,0.00016093467759359853,0.0008491626170360877,5.235318853586978e-05,0.01788979361431366,4.068984589883804e-07,0.9090256798718568,0.005182223280339819,2.4743595122454977e-06,0.0036154924276698575,0.00878440082223821,2.206089399106053e-06,0.0004754013661360952,2.9706099177914748e-05,0.00013267310763920135,3.5231984621154104e-08,0.00019258003971857416,0.0005055818404315208,0.0004292555173735598,7.253261837213551e-05,0.03794606122757654
58,0.007214030934965769,6.433669807598763e-05,1.6923963756771573e-05,3.5294856483630686e-05,0.012469407955099878,0.00022333433369448478,0.0006268281436075655,3.741994964124053e-05,0.026097444931565517,4.2675266010753517e-07,0.8964590029381214,0.004209868047383126,1.8809910923163888e-06,0.004201351138560312,0.008215777393969372,1.5827408300141385e-06,0.0003756682893875676,3.3741532669471846e-05,6.014289935422189e-05,5.105427422906148e-08,0.00013584245686629843,0.0003088094015836401,0.0007427238620822583,0.00010868919764701762,0.03835941953662785
59,0.007346276335805464,6.740980523755138e-05,1.999475964475519e-05,3.3799362057014014e-05,0.012583744221015571,0.00023493410703122946,0.000586570381579849,4.1097387592687624e-05,0.025837939879065824,5.037454173068917e-07,0.8936185723218053,0.004132577910301291,1.7689237081840178e-06,0.0047905317446718994,0.007679611681684655,1.7076710624438195e-06,0.0004252812262116216,3.608576008734939e-05,5.570902013959287e-05,5.445176228684159e-08,0.00014844049272552556,0.0003032268750235828,0.0007994799371847443,0.00010762571377756959,0.04114705628540676
60,0.00735531638460208,6.307038708540913e-05,1.505622872343047e-05,3.232881912811087e-05,0.009597365638881193,0.00022370614689519412,0.0005528615776262739,4.750938105136378e-05,0.020980988912264062,4.2452093889710367e-07,0.910131179811829,0.003965895631863832,1.5274335950598973e-06,0.004051500154700606,0.008095684398321975,1.4468754084108502e-06,0.0003875504039535769,3.2935599932278656e-05,5.6003433412511025e-05,3.928679872471345e-08,0.00011757495284341926,0.00033593548909032855,0.0006172019423696577,6.378297611875205e-05,0.0332731136125659
61,0.007946959962790308,6.0342040352242e-05,2.1595185835031424e-05,3.188956211259955e-05,0.012604769862151354,0.00022889328492393257,0.0005792510210446165,4.0679099726696906e-05,0.027105619815229156,4.906542415983163e-07,0.895573478772502,0.003946360586267192,1.788429562718628e-06,0.004795889542161785,0.006715054364243773,1.556264385661239e-06,0.00038158014714849,3.882502493320103e-05,5.123526546928007e-05,5.353197526606787e-08,0.00015095929400622476,0.00028150706540250233,0.0007931046184419465,0.0001105119678742252,0.038537604637218385
62,0.00735531638460208,6.307038708540913e-05,1.505622872343047e-05,3.232881912811087e-05,0.009597365638881193,0.00022370614689519412,0.0005528615776262739,4.750938105136378e-05,0.020980988912264062,4.2452093889710367e-07,0.910131179811829,0.003965895631863832,1.5274335950598973e-06,0.004051500154700606,0.008095684398321975,1.4468754084108502e-06,0.0003875504039535769,3.2935599932278656e-05,5.6003433412511025e-05,3.928679872471345e-08,0.00011757495284341926,0.00033593548909032855,0.0006172019423696577,6.378297611875205e-05,0.0332731136125659
63,0.007284732772892499,8.35363705104125e-05,1.4793571965058023e-05,3.535036992784709e-05,0.009211566795136517,0.00021280731375856286,0.0005291243307569565,5.141282529694671e-05,0.02070630121862705,4.836733964904263e-07,0.9072280907436885,0.004246100130843675,1.6467494978945256e-06,0.004412730124574017,0.008782806943839682,1.5816029299553549e-06,0.00043241608874049073,3.161062079598234e-05,6.240778340354195e-05,3.975715541377709e-08,0.00011684642613009937,0.00039578599787588675,0.0005835872598398634,6.382414025588345e-05,0.035510416388160874
64,0.007064309407864283,6.220816156734446e-05,1.7385366481787002e-05,2.8090169932025063e-05,0.010058142890085579,0.00018000458580115018,0.000600912700437882,4.489336222812357e-05,0.01753962983981806,3.932216364218495e-07,0.9178089659607336,0.003511712613145305,1.699570202114281e-06,0.004402849247013153,0.0061416067388415825,1.3643912305609183e-06,0.00043544635817567584,3.755888168855575e-05,6.037589317695566e-05,4.113954242505643e-08,0.00018688180694402778,0.00029601922358475023,0.0006574273403232712,6.804708127627963e-05,0.030794034048269102
65,0.006930245829868657,2.7712818722405174e-05,7.377617846021534e-06,3.848462302314895e-05,0.007991299296381545,0.00033123736899454267,0.0006824249206106429,4.1209489312883483e-05,0.009912128322749042,2.0132583297991657e-07,0.9427535921789926,0.002789134286002952,9.872170401119378e-07,0.0011599467554918436,0.00943096474694322,1.355325189756433e-06,0.00041845283575874713,3.519121009164285e-05,8.297251080923476e-05,2.157329965279762e-08,9.729951051471899e-05,0.00021582495380908083,0.0007436961576298174,3.627801839480951e-05,0.01627196110668998
66,0.013658720857000657,2.505844805580078e-05,2.6581552944987532e-05,1.2707488346676096e-05,0.007201570987977108,7.094493891033772e-05,0.0006239260866961327,6.0134887883911986e-05,0.012465180136126379,1.9950084429538815e-07,0.9474950562812825,0.002930582205770596,3.4339495073606886e-06,0.0027958606428209656,0.0017643366560287153,6.374901712713023e-07,0.00012873561963556627,4.383122849497373e-05,2.227472560122702e-05,3.7842546407533224e-08,0.0001298798389636031,0.0002437196953301441,0.00013405094079941318,3.328366519742988e-05,0.01012925433306348
67,0.008939632784114974,5.146292008906139e-05,2.9319292035274525e-05,3.709095234997837e-05,0.010864715037228172,0.00023548908720270726,0.0005355584517470801,4.8660494544508994e-05,0.016378893039903714,5.523036116817296e-07,0.9165508798253152,0.002892968326690573,1.661693400498206e-06,0.005084018286196016,0.005566391582893379,1.660423135676014e-06,0.0006121450335535055,6.38787123193422e-05,5.4321341064580594e-05,6.085938198830644e-08,0.0002416301105893078,0.00019759470536358386,0.0013901317482325193,9.255343795819173e-05,0.030128729551078377
68,0.0070280011822152315,6.0138437224653095e-05,1.92274126995046e-05,3.3878402847621726e-05,0.012104959135010024,0.0002533156279107106,0.0005928969333661048,4.3060869714549745e-05,0.029517895499255566,4.9268034281684e-07,0.8874768393064157,0.004513688993296969,1.5032013814814752e-06,0.005512232080592197,0.008081021555796368,1.4587410157077684e-06,0.0003601943223632026,3.462873991033937e-05,4.542502295448309e-05,5.0375826953371255e-08,0.00011889368385078255,0.0002881128139357668,0.0007925814279491612,8.77308916510755e-05,0.04303177266247306
69,0.007592995745423274,5.0118162520389796e-05,3.7307212509852143e-05,2.955404759050294e-05,0.010207590342436993,0.00025956217019799764,0.0007412921845161883,7.347755055835943e-05,0.02841499322002687,7.649841780610948e-07,0.8894740820322705,0.0038893350503053834,1.7558510102953466e-06,0.009270413027709945,0.005050591055665478,1.9558208731193984e-06,0.0004014673657263899,8.645295030789506e-05,5.676185482530435e-05,8.076374615968464e-08,0.00031362151303736263,0.00021927677831223727,0.001291257515061039,9.99311698417935e-05,0.04243536163134868
70,0.006914960389103484,5.5948494932636406e-05,1.4281129249309168e-05,3.414474521876706e-05,0.011406065996749743,0.00022635821854567674,0.000565460197908368,4.3138942009416726e-05,0.023010453379092025,3.7310321227812393e-07,0.9085782075106977,0.00382406941038538,1.392982609515918e-06,0.004017296280618947,0.008089614288754756,1.1667621410307509e-06,0.00033578998677716505,3.017540629054785e-05,4.838521247586178e-05,3.7917552477351226e-08,0.0001069253525734846,0.00029706123156897585,0.0006368892653888408,6.307827910260627e-05,0.03169872551704094
71,0.004102278638001402,8.24865376803896e-05,2.6418790321236918e-05,2.9517931085817244e-05,0.025614036528255772,0.00018262153605968123,0.0009877719643083592,4.994863482647528e-05,0.06172911147782906,7.286321976153744e-07,0.8217428876630583,0.004189810962780933,1.7535165126909722e-06,0.016518740293316327,0.005163467887878082,1.4369709814639433e-06,0.00029190204116125276,6.138042894970126e-05,5.19915264837957e-05,1.0332406167416828e-07,0.00033136938301992354,0.00023777864639481938,0.0010979011792541528,0.00014770892430989506,0.057356846581271166
