,0,1,2,3,4,5,6,7,8,9,10,11,12,13,14,15,16,17,18,19,20,21,22,23,24
0,1.9743117876601295e-07,7.289633536722562e-05,5.927161560929729e-06,7.720361571362519e-05,0.035272854923324236,3.3797346731820247e-06,0.07669357081250525,1.3725802208896492e-05,0.00011752544855288587,4.49721034683689e-08,0.684908617195688,0.005229227983883434,1.046973795831141e-07,0.004026583761609959,0.08551866983845678,2.5599078112972166e-06,0.00026704083820742005,1.2438599581135353e-06,2.6462871267554412e-06,9.885873085596733e-07,0.00020855102661734975,0.007440346938402547,0.028682038112139468,1.1848892777050031e-06,0.07145286983894449
1,4.626929324151658e-07,0.0001417366864388479,2.016437080288602e-05,0.0002958111201831812,0.01687505552496925,2.067768930172335e-06,0.23318038885818068,9.37469431467487e-06,5.471727642257023e-05,2.623463638783325e-07,0.35975368968894456,0.011715970947899182,5.163827913510295e-08,0.010543529397297871,0.023234407529273634,8.891778998872117e-07,0.00012043591000026786,2.6808827258021723e-06,7.862330852907285e-07,6.883249478461484e-07,0.00021856310983211884,0.0046789776021604985,0.0934911940576736,1.0392527537194746e-06,0.24565705490768816
2,3.21385078676414e-07,0.00010358381103279167,8.746298857120275e-06,0.000174105691581551,0.025066566909428465,1.106953789423349e-06,0.19266564644456197,5.577295160652163e-06,2.921820861755165e-05,1.4716338565610788e-07,0.3260087839189514,0.00800037728134556,3.8527650154062806e-08,0.012982038882331879,0.022522824085464143,4.672283368075712e-07,0.00013026267112232622,1.955570911909137e-06,3.296616308829975e-07,6.752039248354009e-07,0.00011941944535117856,0.0032634855809986836,0.09388212746951494,4.837091780031253e-07,0.31503171060179347
3,2.9648840188857324e-07,0.0001033072001211577,1.1413414257332451e-05,0.0002905919444091595,0.014973194888723196,1.359693528934315e-06,0.18400441464800696,6.443990081904132e-06,2.90569639683832e-05,1.7592032821918116e-07,0.3996330666864133,0.010001101874751268,3.7206990134460274e-08,0.013527488852249308,0.01428316285251253,4.457409192349483e-07,0.00013127205415279652,2.2083179817166466e-06,4.20657146011629e-07,5.562651961801604e-07,0.00017066913322605102,0.00407207924036934,0.12315558956385612,7.740291931746172e-07,0.2356008723732157
4,3.08354839492176e-07,0.0001016631533088848,1.0689646799578244e-05,0.0002928948080850771,0.014753573259484115,1.3056880609979335e-06,0.1753767412146976,5.9040346360950765e-06,2.963138974960064e-05,1.620100837296756e-07,0.39472543194109183,0.011615551428955331,4.8120476250627106e-08,0.014551072005139462,0.013345219382234133,4.169517758234082e-07,0.00015326649625438927,2.313397819972711e-06,4.2537490018968095e-07,5.705589576386223e-07,0.00018087584540786702,0.004419342518978095,0.12202594216267537,8.040997090199439e-07,0.24840584615587943
5,3.311560976402057e-07,9.956121929119568e-05,1.06587298167563e-05,0.00041201924030467114,0.011667194923028366,1.299102507487788e-06,0.1628849722246367,5.63274417118848e-06,2.721783066371139e-05,1.981125557659231e-07,0.3796989995002326,0.011677226565163177,4.109666220353488e-08,0.01655152818261399,0.010913229403175791,3.8909255016303953e-07,0.00015984424892561406,3.41689455781667e-06,3.445157171601289e-07,5.821580973888964e-07,0.0001930193537239731,0.004786177545905659,0.13278526754694658,8.774686820129352e-07,0.2681199711439724
6,2.9648840188857324e-07,0.0001033072001211577,1.1413414257332451e-05,0.0002905919444091595,0.014973194888723196,1.359693528934315e-06,0.18400441464800696,6.443990081904132e-06,2.90569639683832e-05,1.7592032821918116e-07,0.3996330666864133,0.010001101874751268,3.7206990134460274e-08,0.013527488852249308,0.01428316285251253,4.457409192349483e-07,0.00013127205415279652,2.2083179817166466e-06,4.20657146011629e-07,5.562651961801604e-07,0.00017066913322605102,0.00407207924036934,0.12315558956385612,7.740291931746172e-07,0.2356008723732157
7,2.752106178354809e-07,0.00010257954153600505,1.0619153781882254e-05,0.00029785663619232917,0.014912666997607672,1.3413285914376389e-06,0.1805966323174084,6.421376926203025e-06,2.931409924358938e-05,1.7303563115856399e-07,0.40000024577806303,0.010085488048052376,3.645316284231956e-08,0.013966405149043497,0.014930343307909686,4.5744164198998847e-07,0.00013487109362358166,2.2140654492633134e-06,4.05901098806193e-07,5.622460514567714e-07,0.00017665972193283027,0.004330594051969181,0.12264683409113203,7.409151352081396e-07,0.23776626203819773
8,3.6092635849585887e-07,0.00013014627446256296,1.739544024523961e-05,0.0004094854239856907,0.013426257644090675,1.1497507670562398e-06,0.20442328236571564,5.3920103817132226e-06,1.463881432401135e-05,2.739729199304301e-07,0.30152507156235436,0.00800898096475125,2.7362037321113637e-08,0.015945355858350396,0.004625020249984576,2.581889033428803e-07,7.417331633839498e-05,1.3935348946416063e-06,2.509610609551422e-07,6.257491846599881e-07,9.694133160786906e-05,0.0013401949987282876,0.24155443601602353,8.769261893202451e-07,0.20839801035633998
9,2.666943908807951e-07,0.00013760698562930077,2.0995400967437904e-05,0.0006678546881966362,0.009394147778885082,1.3497134391957473e-06,0.2319915564831186,5.608089869001961e-06,2.619492771665295e-05,3.589713322359749e-07,0.2564116714791769,0.014137398748859905,3.8939759549191377e-08,0.014516784270324642,0.007717628241180971,4.180458925923973e-07,8.53690862125666e-05,1.962614627392639e-06,2.780721834617019e-07,7.443046714034886e-07,0.0002519231936834205,0.002792032282766963,0.20598203697576864,1.0152436631453266e-06,0.2558547587676835
10,2.9648840188857324e-07,0.0001033072001211577,1.1413414257332451e-05,0.0002905919444091595,0.014973194888723196,1.359693528934315e-06,0.18400441464800696,6.443990081904132e-06,2.90569639683832e-05,1.7592032821918116e-07,0.3996330666864133,0.010001101874751268,3.7206990134460274e-08,0.013527488852249308,0.01428316285251253,4.457409192349483e-07,0.00013127205415279652,2.2083179817166466e-06,4.20657146011629e-07,5.562651961801604e-07,0.00017066913322605102,0.00407207924036934,0.12315558956385612,7.740291931746172e-07,0.2356008723732157
11,3.025925810214556e-07,0.00010239462981396085,1.1320871951332948e-05,0.00029203296588811587,0.015333050663483743,1.342072628384259e-06,0.18091799831293526,6.212574454350589e-06,2.9160881994991977e-05,1.7059417058362916e-07,0.4000405070614107,0.010723646108825868,4.4734773410714696e-08,0.013530085469497992,0.013600600439764911,4.4282809336429666e-07,0.00014145544298889423,2.1750194661980766e-06,4.2808511276903574e-07,5.958275477152224e-07,0.0001732830717616437,0.004061926709880107,0.12628966414179035,8.298149821399654e-07,0.23474032908420217
12,3.110992163518039e-07,0.00011680807997771354,5.8068666818154056e-06,0.0002674542777455673,0.01982294875462637,1.3230078485456397e-06,0.11969799012262446,2.8915963128703113e-06,1.868177780805512e-05,1.988344651569251e-07,0.2283264793377542,0.005814656462934758,3.5235871971269295e-08,0.029196450281001138,0.007593196207322328,2.2253334093247646e-07,0.00026427784875105614,3.2472329622170703e-06,1.8610591993535263e-07,6.812528808571978e-07,0.00015509489572723602,0.002950007812582252,0.1435452553460208,3.87877313077994e-07,0.44221540715231045
13,3.5340019044761563e-06,0.0004968725460645341,2.912464361575558e-05,9.440411451640833e-05,0.021351388131554704,3.324682402771158e-06,0.1488997015004936,1.0523098880365621e-06,9.92445127351507e-05,1.7919136405238097e-06,0.007171111465255765,0.0012609791790304144,3.531447683517761e-08,0.0015240616326284403,0.015239777136735754,7.093858347426639e-07,0.0001002727695560358,6.367086434647596e-06,7.192562189040332e-07,9.48105208842359e-07,0.00015525907830560542,0.0007658499889393595,0.017576821668028875,4.4280329925896664e-07,0.7852162067732306
14,2.861927827761017e-07,0.00012467202263590274,9.21012218254497e-06,0.0002761779701001555,0.016382455017071418,1.254430203135017e-06,0.18912396011433452,6.38478997219685e-06,2.5808900085828577e-05,1.960673460179752e-07,0.40952114340538165,0.00882260865970793,2.9938419902425703e-08,0.015081126211666544,0.013196886126648792,4.178430356442202e-07,0.00011909802069344891,2.033561306988885e-06,4.354553119952914e-07,5.545032945298202e-07,0.00014477151805609124,0.0037571223574763813,0.12706655280308085,7.273819333321393e-07,0.21633608658727138
15,2.9648840188857324e-07,0.0001033072001211577,1.1413414257332451e-05,0.0002905919444091595,0.014973194888723196,1.359693528934315e-06,0.18400441464800696,6.443990081904132e-06,2.90569639683832e-05,1.7592032821918116e-07,0.3996330666864133,0.010001101874751268,3.7206990134460274e-08,0.013527488852249308,0.01428316285251253,4.457409192349483e-07,0.00013127205415279652,2.2083179817166466e-06,4.20657146011629e-07,5.562651961801604e-07,0.00017066913322605102,0.00407207924036934,0.12315558956385612,7.740291931746172e-07,0.2356008723732157
16,2.0142833448559392e-07,0.00010978148698702065,8.09621281337383e-06,0.0003228885689356184,0.010766278969012466,9.25171707616048e-07,0.23531080932016463,7.808127434920723e-06,2.6773939590040377e-05,2.819813447183621e-07,0.2970911065412313,0.017909714748212967,3.773529759010614e-08,0.016288827172373854,0.018381986247117798,5.698778099147739e-07,0.00013427795811925096,2.501247725817353e-06,4.574326767064218e-07,6.033127801654312e-07,0.00034167173611301325,0.00833694091779979,0.12012326299022234,5.907493885021009e-07,0.2748336061268062
17,1.327571893289427e-07,6.214573668330749e-05,4.499506050991275e-06,0.0003019661827662076,0.012860645633351113,6.494780364172709e-07,0.13218765376915845,5.021233057089672e-06,1.2713225971274074e-05,1.1931342581463575e-07,0.3841874510884169,0.011340142271552759,4.142597220023732e-08,0.022017621452641013,0.00781321868142904,2.6148897251777205e-07,0.00022322060729804285,1.722419493255361e-06,1.8774920120516875e-07,6.442301450527638e-07,0.00016290360610303999,0.005204509638471848,0.19457748280625975,4.699820368795115e-07,0.2290345757163164
18,2.522223220823771e-07,6.562708302194402e-05,5.558529282887665e-06,0.00020560108557003085,0.013961263066257933,7.639967113284342e-07,0.14559080601725446,2.7099776591324644e-06,1.5362061718584046e-05,1.67773340876837e-07,0.18976077307554495,0.008995637559030219,4.2502708952249255e-08,0.01893625380073087,0.009271765899878437,2.0748511658027917e-07,0.000229895946621026,3.321173232192201e-06,1.522139869195272e-07,5.470186354741597e-07,0.00018243970954598296,0.003975844382438548,0.11299611591652237,3.24564568065387e-07,0.49579856693830004
19,2.0757150248995464e-07,9.648986123379542e-05,1.2738124442792013e-05,0.0003670176615278627,0.010287009885527535,7.547875170867417e-07,0.2996394677029035,7.473090764511949e-06,3.0155564262314084e-05,1.8317766793698802e-07,0.3035073389982881,0.020140890268558313,4.001520069752241e-08,0.011490058428240876,0.015244314610090508,4.906670540591282e-07,8.633859005626906e-05,1.6658069852264918e-06,3.3137099250159807e-07,4.5808590413173254e-07,0.00021463643815417983,0.005241673133698894,0.10508561165267247,6.03056764007647e-07,0.22854405144999004
20,1.51656426911802e-07,6.498858040657017e-05,9.356589967258772e-06,0.0002812328893205805,0.008759948177443664,9.492898833668525e-07,0.18325048796750332,1.2058912021494091e-05,2.638219816582742e-05,1.3358279192235122e-07,0.48595623188971904,0.01287738843794643,2.6587858589439393e-08,0.010681410326359409,0.030928036741848765,6.265980661995927e-07,0.0001042869494831393,1.884965514954034e-06,4.391345908956725e-07,4.154892219205768e-07,0.00018233825230372827,0.008890138273658164,0.08527714706000455,5.260323349343076e-07,0.17269341341715838
21,3.5116354303042623e-07,0.0001589538531026425,1.2296857021363328e-05,0.00048054851182064497,0.012311689297371642,1.357702770720126e-06,0.22686016676744308,1.0741247694807259e-05,4.2709410609902633e-05,2.6889306558189445e-07,0.3792633153483175,0.018243458029376398,4.184048792951438e-08,0.024902440488913834,0.015082685105091226,8.25512144382148e-07,0.00010019296484209225,3.091648205793128e-06,4.911243358952861e-07,6.651182344084083e-07,0.00021655442955925423,0.005434781769159717,0.09421713771482025,7.910644863564896e-07,0.22265444413758148
22,4.6435881439058875e-07,7.281852008908373e-05,1.1596692552438896e-05,0.0002470185849665384,0.014341220745296802,1.7331784929769073e-06,0.11003359344002397,5.753310689398591e-06,2.6709808009733765e-05,1.6071046030060976e-07,0.4585107562501769,0.006126374984940715,3.647100405018848e-08,0.012702886683871229,0.014653929839638223,4.0137401831975495e-07,0.00024886143109625566,5.0045024059996025e-06,3.8887049996732626e-07,5.5613595321228e-07,0.00016087275751321063,0.005324563774652724,0.09929194099352731,8.164151556957741e-07,0.27823154016615054
23,2.9648840188857324e-07,0.0001033072001211577,1.1413414257332451e-05,0.0002905919444091595,0.014973194888723196,1.359693528934315e-06,0.18400441464800696,6.443990081904132e-06,2.90569639683832e-05,1.7592032821918116e-07,0.3996330666864133,0.010001101874751268,3.7206990134460274e-08,0.013527488852249308,0.01428316285251253,4.457409192349483e-07,0.00013127205415279652,2.2083179817166466e-06,4.20657146011629e-07,5.562651961801604e-07,0.00017066913322605102,0.00407207924036934,0.12315558956385612,7.740291931746172e-07,0.2356008723732157
24,3.3773948385155884e-07,0.00016023727863058326,8.75521673583924e-06,0.0004304270201734606,0.014453637738486633,1.326991504313886e-06,0.16200813934479352,6.77524643461646e-06,2.556309534702293e-05,2.429927721097626e-07,0.38495467971313824,0.010811270978062129,3.7507996077820364e-08,0.025227418800540465,0.009372224319398565,4.282100427308097e-07,0.00016035661842379886,2.7216062127693706e-06,4.1704494712500637e-07,7.293517717000955e-07,0.00015882419324512065,0.0042577637355777865,0.1541052820398946,8.10713090402161e-07,0.23385159250329662
25,7.105539451457586e-08,4.19749188293279e-05,3.9580995239162825e-06,0.00027300898133010034,0.006461479829218169,5.621532870040707e-07,0.11362807981419508,1.199826275823098e-05,8.580601868637808e-06,7.294971259241185e-08,0.6993648748298688,0.006297820301546584,9.861799062025307e-09,0.017042143512700603,0.005595318891578241,2.889461322019262e-07,5.1773039439573535e-05,8.714913717254242e-07,2.1169284653659737e-07,2.456981453358493e-07,6.639122104662718e-05,0.0029361194767035426,0.09959811575939483,4.2004256870747103e-07,0.0486156085687401
26,8.574752262322837e-07,0.00011037717543531569,2.0362088926261946e-05,0.00028221931810338657,0.019828438139578606,2.3111810519090294e-06,0.10329912618348382,3.1837289106820984e-06,3.6791780617220767e-05,1.5686969391148768e-07,0.4533288957510531,0.006430927103732384,7.555829808772273e-08,0.007566614037892528,0.00552160702958291,2.9130060617260763e-07,0.00021333467687246948,3.206780606254201e-06,6.012915786955591e-07,8.052439882511756e-07,0.00015086833434715946,0.002188815352275576,0.20195354398431029,2.9903560093138547e-06,0.19905359925781935
27,2.406211387631173e-07,8.808841203740509e-05,9.435336754307232e-06,0.0002929007801870156,0.012571751538375751,1.3249628932627447e-06,0.158711312567695,8.019374413341232e-06,3.185000574284814e-05,1.5117247793712677e-07,0.469443390318109,0.010363342248315066,3.434179236015063e-08,0.012986021676521329,0.02014107466618562,5.541390378036573e-07,0.00015037807818457226,2.476263297881172e-06,4.747863155301047e-07,5.147716878074559e-07,0.00018523467371757969,0.006876874450692253,0.1040301039092526,7.419603778714443e-07,0.2041037089447973
28,2.9648840188857324e-07,0.0001033072001211577,1.1413414257332451e-05,0.0002905919444091595,0.014973194888723196,1.359693528934315e-06,0.18400441464800696,6.443990081904132e-06,2.90569639683832e-05,1.7592032821918116e-07,0.3996330666864133,0.010001101874751268,3.7206990134460274e-08,0.013527488852249308,0.01428316285251253,4.457409192349483e-07,0.00013127205415279652,2.2083179817166466e-06,4.20657146011629e-07,5.562651961801604e-07,0.00017066913322605102,0.00407207924036934,0.12315558956385612,7.740291931746172e-07,0.2356008723732157
29,2.9648840188857324e-07,0.0001033072001211577,1.1413414257332451e-05,0.0002905919444091595,0.014973194888723196,1.359693528934315e-06,0.18400441464800696,6.443990081904132e-06,2.90569639683832e-05,1.7592032821918116e-07,0.3996330666864133,0.010001101874751268,3.7206990134460274e-08,0.013527488852249308,0.01428316285251253,4.457409192349483e-07,0.00013127205415279652,2.2083179817166466e-06,4.20657146011629e-07,5.562651961801604e-07,0.00017066913322605102,0.00407207924036934,0.12315558956385612,7.740291931746172e-07,0.2356008723732157
30,2.9648840188857324e-07,0.0001033072001211577,1.1413414257332451e-05,0.0002905919444091595,0.014973194888723196,1.359693528934315e-06,0.18400441464800696,6.443990081904132e-06,2.90569639683832e-05,1.7592032821918116e-07,0.3996330666864133,0.010001101874751268,3.7206990134460274e-08,0.013527488852249308,0.01428316285251253,4.457409192349483e-07,0.00013127205415279652,2.2083179817166466e-06,4.20657146011629e-07,5.562651961801604e-07,0.00017066913322605102,0.00407207924036934,0.12315558956385612,7.740291931746172e-07,0.2356008723732157
31,6.151796839251671e-07,0.00013163912958834436,2.1668665851849037e-05,0.00030344538129243394,0.014046717016174956,1.3670446151118301e-06,0.23984050648382332,1.2304849332188463e-05,2.0870708945196865e-05,3.097781389652836e-07,0.3695453363048522,0.00817021127277821,3.1172782926871276e-08,0.013514412669435627,0.008947877804615931,3.7759908506144457e-07,0.00011004884038172646,2.632523299206031e-06,5.864277294936975e-07,5.566911740083555e-07,0.00012357057995765683,0.0026782297891405887,0.13903560276869287,8.58435559519105e-07,0.20349022288306856
32,3.2962957396326176e-07,0.00011053964297573002,1.1682844925603747e-05,0.00027226063448842276,0.014907385097298565,1.4813424729559512e-06,0.18041009739578168,6.896321647689687e-06,3.097837650673027e-05,1.8224966946140624e-07,0.4185747921362265,0.010123314155343994,3.95975918320284e-08,0.01294965744230256,0.015286700671151747,4.7380591868234083e-07,0.0001369637796790394,2.2803553216948595e-06,5.442412574610774e-07,5.530989828079946e-07,0.00017415003332771193,0.004434392963250117,0.11883273090351532,8.69296757595869e-07,0.22373070398403214
33,1.050639818868089e-07,6.775044934796591e-05,3.774113928904583e-06,0.0003429275245355444,0.009634541690164316,1.0753372309209292e-06,0.09104032196047554,8.503977380727323e-06,9.842573755636202e-06,1.6355208207196616e-07,0.5486383039170164,0.006407419562770493,3.032890728310721e-08,0.024041329366077162,0.004918526906419756,3.6741175705322644e-07,0.00020380044440794555,1.4418081028278748e-06,3.750979615183116e-07,6.387058519231369e-07,0.00012659879663415823,0.005176040645647798,0.2213258562083482,7.910663837724432e-07,0.08804947349083002
34,3.8006992553863654e-07,0.00011545289353946074,1.2879140908201014e-05,0.0002622538479539096,0.015813142472058474,1.4857167653254836e-06,0.18368151590936196,6.6156144077859365e-06,3.57672389462725e-05,1.614251570531082e-07,0.4209578194857367,0.010473296594898951,4.1461117369045986e-08,0.012363097713711418,0.015453297624253707,4.5380695460885525e-07,0.0001318338956327925,2.3465495737140607e-06,5.483295115385961e-07,5.190364857574418e-07,0.00016920030222857416,0.004130070184958752,0.10705191502464138,8.836896179112298e-07,0.2293350219716527
35,1.6356879169138533e-06,0.00013350634018856607,2.827756145518116e-05,0.0003943628072346608,0.010516173675669484,1.03736506816662e-06,0.31976085364087015,1.2463213724623014e-05,6.643694984083714e-05,2.575544465800264e-07,0.2761207531865871,0.01953607257419544,4.434200029017417e-08,0.009908767303168814,0.011556309248688642,4.64586306480136e-07,0.00011549114778628571,1.020895404507266e-05,6.593391681591666e-07,3.4212485378845535e-07,0.00021390337823221244,0.00569972214318499,0.050259788088758556,1.0472415162403438e-06,0.2956614215450928
36,2.7836803821684345e-07,7.758860630239089e-05,9.023249009496555e-06,0.0002640783053411345,0.008885145162886396,5.596356966568973e-07,0.26035979791640473,2.05341080805775e-05,3.278212246685918e-05,1.1547513322532921e-07,0.3910386465114279,0.03608172208902297,7.027120907199355e-08,0.015230333952435138,0.027193898920350082,9.101216598307825e-07,0.0001311777729987185,2.1022734464766773e-06,6.683424304068833e-07,4.803450028143558e-07,0.00015065947354701116,0.010881160318147955,0.05011853155021712,4.4988067330722807e-07,0.19951928522807155
37,7.103353534520206e-07,0.00012579609966960754,1.8791331641545155e-05,0.0003777944679367018,0.012690315308839168,1.1760649817642024e-06,0.2000392162853914,4.66207586924557e-06,2.4961278907927617e-05,2.6434491418149564e-07,0.34882845087646214,0.010031913324541978,4.066939136067483e-08,0.010401510237745663,0.0056201621330863915,2.627262489715723e-07,0.00013336505830044342,3.7032189542935985e-06,4.296857129968989e-07,5.528838693702878e-07,0.00015835247503518998,0.0030420965124763064,0.17107768304565701,1.6098158749955212e-06,0.23741617974313803
38,7.058641187599527e-07,0.0001255498128110214,2.187728391983666e-05,0.0001323030371254839,0.022926150048739574,2.5765992988143496e-06,0.25626074688405814,5.753643652065557e-06,4.33571872067365e-05,2.0931995633678474e-07,0.3286411416604246,0.006049422486391802,3.34401515453308e-08,0.008374763036193182,0.023845536291686863,5.125294586080285e-07,7.325243593315041e-05,2.233750263897262e-06,7.4668126097279e-07,3.526971223374483e-07,0.00010790086261925646,0.0020884248554821016,0.06528794841306047,8.138740982945012e-07,0.2860076873049663
39,2.616611176587228e-07,4.564394851009422e-05,2.3843462693810907e-05,0.0002908022090292386,0.01226598578110602,3.314967945763992e-06,0.18076222200020098,1.4112521010010865e-05,3.3921861231994855e-05,2.2931436901377313e-07,0.4126958264715669,0.009356069838318097,7.942771551753163e-08,0.007721119121722839,0.024733576694791745,9.607800202635297e-07,0.0002489584531479042,3.0209832740326303e-06,7.669718526336695e-07,7.110060331538096e-07,0.00041677312478039994,0.006058292968311547,0.11383432165998275,1.0325480166680777e-06,0.23148815222325103
40,3.5413636327035487e-07,9.969074127940979e-05,1.5420183917777534e-05,0.00015527073433794014,0.015495539184955612,1.198491749318481e-06,0.22239820530853482,4.872473220264471e-06,3.826530577173795e-05,1.1937593178404293e-07,0.30254165002477695,0.012302497948821664,4.1270160345470484e-08,0.01070583825228918,0.024716698952768956,3.497767652291352e-07,8.95042679904201e-05,1.7137845661493344e-06,4.099915182654415e-07,3.536875435006929e-07,0.0001392599537087215,0.0035950854967795316,0.07080858770660672,4.7634782958676943e-07,0.33688859660181286
41,6.75058973254651e-07,0.00010553355050530568,1.9468023165068914e-05,0.00011759902132573817,0.06122465929901346,1.3669210309947458e-06,0.2808104349000575,4.900504929042687e-06,9.49324565705376e-05,6.139897385304251e-08,0.2991485640907132,0.006370230709220922,5.2381851607313386e-08,0.005177006535206041,0.03841865754918743,8.420552440706528e-07,5.6032776539356216e-05,1.4252417941761762e-06,2.488715781900657e-07,5.123593356174512e-07,5.5856625586199104e-05,0.001074715331972737,0.03305234757400811,5.066413536727231e-07,0.27426337012186386
42,1.6884422416923e-07,6.924766228866751e-05,1.232116604485484e-05,0.00037152599495619116,0.006608017756606552,1.668999477437752e-06,0.16135318563446308,2.0925846284796012e-05,3.403649752475815e-05,2.3246222806904156e-07,0.5180669131096203,0.017619846530835485,5.456108843721693e-08,0.008615162893017218,0.033082204083294355,1.3822180772096696e-06,0.00017911725501369567,2.3617313252166674e-06,1.300199828656625e-06,6.680634751381272e-07,0.00035986589570022564,0.015976371230745398,0.10402483448597083,1.133476371522421e-06,0.13359745340153775
43,1.813562791761004e-07,0.000107283991286044,1.1551874775995078e-05,0.00040298351843445833,0.011789929479712934,2.878326277217719e-06,0.17079570411079406,9.556992974170267e-06,2.467650869875152e-05,7.708481970521315e-07,0.2927879903974707,0.007160372272683966,4.178847182196235e-08,0.016008020853860678,0.017763729407741447,8.904000107584246e-07,0.0002409833172293194,3.6242740807557988e-06,6.751498811100882e-07,1.1752245360157737e-06,0.0005353409978976015,0.008881798322906365,0.21744672663176026,9.94141756145528e-07,0.2560221198122832
44,2.9648840188857324e-07,0.0001033072001211577,1.1413414257332451e-05,0.0002905919444091595,0.014973194888723196,1.359693528934315e-06,0.18400441464800696,6.443990081904132e-06,2.90569639683832e-05,1.7592032821918116e-07,0.3996330666864133,0.010001101874751268,3.7206990134460274e-08,0.013527488852249308,0.01428316285251253,4.457409192349483e-07,0.00013127205415279652,2.2083179817166466e-06,4.20657146011629e-07,5.562651961801604e-07,0.00017066913322605102,0.00407207924036934,0.12315558956385612,7.740291931746172e-07,0.2356008723732157
45,1.771104724741246e-07,4.576796920400639e-05,1.3018193257726894e-05,0.00019098273578350581,0.010614737354747784,1.2006437059321674e-06,0.19403478634271504,1.550408664265011e-05,2.8475403147037137e-05,8.79380167337126e-08,0.5775930031267901,0.007874301076182413,2.3149138241567466e-08,0.00589905446380099,0.0383372127988317,8.639593473174754e-07,6.042551313400517e-05,1.3277132415219274e-06,4.78246292791007e-07,3.149309503558514e-07,8.666407124177399e-05,0.004382744801411845,0.04790129754190801,5.435817499713361e-07,0.11291700724828616
46,2.4456078486251533e-07,8.238874603359751e-05,9.786403768585462e-06,0.00032765740000327646,0.012737980031029944,1.4816732419726917e-06,0.13751513241562408,6.5416559939090064e-06,2.375790077151236e-05,1.6660980571965276e-07,0.43678121376492784,0.009496607067245895,4.5729175946481436e-08,0.014114389670222726,0.01279670519461418,4.4518383818956006e-07,0.00020814168361064675,2.3764846771923805e-06,4.289781146703072e-07,6.50547497638069e-07,0.00019508220877596167,0.005331926060637218,0.14819352658589682,8.615693428342787e-07,0.22217246187436485
47,5.802553402126894e-07,0.00011123173131237962,1.458195225924115e-05,0.00022295867407039834,0.013907421386065457,9.150980099982667e-07,0.23849313664259025,5.723736347696344e-06,4.686665323859224e-05,1.8897455398659198e-07,0.22077258012064352,0.023903331262661275,9.748269945314752e-08,0.008604351840577973,0.020014058796126093,6.119159771902647e-07,0.00019026365646983276,3.0286805675773654e-06,6.607297221306963e-07,6.574168010377865e-07,0.0002763495896813116,0.007245767406970827,0.07976674916470991,8.670510788991897e-07,0.3864170197815248
48,2.9816640843555294e-07,0.00021891768229043694,7.312939362776193e-06,0.00023539155174823932,0.011405006234264365,1.9266378285775866e-06,0.12894622187155902,8.148804247813903e-06,1.871194712318826e-05,3.038155933775485e-07,0.5259811631594284,0.006466014252245292,2.8331872931259016e-08,0.015498821864312697,0.007247376843366355,3.3538527064815346e-07,0.00015854613680879557,1.4198831498842185e-06,1.8943033640426233e-06,5.19051085340499e-07,0.00013399869465372644,0.004801507573303612,0.19649664842405679,1.4681027222850877e-06,0.10236801834393291
49,2.667588543712655e-07,8.938640293489767e-05,1.3984344176781493e-05,0.00037074438028539367,0.010820378425735072,1.4827224362164092e-06,0.1687271866282054,5.913524699089127e-06,2.7550309276443972e-05,1.9590616736751304e-07,0.3802720947065016,0.012085919592197195,4.3945719614808424e-08,0.013683172733751267,0.012810091609297886,4.2787928304475657e-07,0.00013520772539161834,2.3871303767945187e-06,3.7842935763729343e-07,5.716943845650455e-07,0.0002102794128197849,0.00460837611528669,0.1457131221012716,9.052103748501283e-07,0.25041993231121484
50,2.8752884724123825e-07,0.00010151828346150238,1.112725896905689e-05,0.0002731776105715277,0.014925457162295977,1.2485327908807482e-06,0.20243124272195548,6.683830020619257e-06,2.556481872814128e-05,1.9093273523337864e-07,0.37482275775447926,0.009981361221924837,3.5341404535770906e-08,0.013884896570885938,0.013792499816797511,4.262800863637927e-07,0.00012378997320855277,2.091156563265395e-06,4.0495401129169356e-07,5.371671733807399e-07,0.0001628733515161922,0.003900907184819273,0.124214481725193,6.930255309358193e-07,0.2413357457960301
51,4.62969148420637e-07,0.0005006156302467206,9.595189980944342e-06,0.0009401594826057257,0.005403488376239353,9.75895498275118e-07,0.1546660639944238,1.1938727215604356e-05,4.023770944034108e-05,2.9182547656757125e-07,0.46734377498789215,0.019287457774413888,1.355046512997658e-08,0.03804383165837195,0.013893144718204891,3.4667377818822805e-07,0.00010948038286602857,3.987181059625317e-06,8.360261423056697e-07,3.9175661182674105e-07,0.00015881799620432312,0.012330110711069797,0.09861025411590624,7.267594167469427e-07,0.18864299590732123
52,4.0941877036323415e-07,4.76962274343241e-05,9.522123166904703e-06,0.00015305881880476195,0.015311298851590223,3.2191596435983045e-06,0.08068656089889469,6.240599000206566e-06,3.201012582779252e-05,1.3401161930287925e-07,0.5279894124356201,0.0029192762635666058,2.253233605516602e-08,0.015009954975381837,0.02907405273848389,5.491347194120813e-07,0.00016130482478518324,6.908770903016117e-06,3.394779117330457e-07,3.916069452477202e-07,8.535452319632804e-05,0.004282442377035863,0.050794527809300334,5.320930076669385e-07,0.27342478020205446
53,1.125718465566917e-06,0.0002542485935483445,1.654447811018579e-05,0.0004903028962374218,0.012224460750267794,4.890898414982076e-06,0.058720899000805425,5.870545160864806e-06,5.794634318309641e-05,2.8329308654703136e-07,0.4343187768516162,0.007484078488865364,6.504299367996098e-08,0.02418590768029677,0.01189546561834015,5.146081897205027e-07,0.0004884537034697596,8.322712845167097e-06,1.3465471490731298e-06,9.850425323745033e-07,0.0002718479601678991,0.007055868963274113,0.1329653063951685,1.9183087131630925e-06,0.3095445695590979
54,4.71512327346824e-07,0.0001964587842977154,8.81755636702265e-06,0.0001795059701066474,0.01689888131499845,1.0003188583702351e-06,0.19777477459496937,3.6717735084406204e-06,2.928439652997155e-05,2.4348183225873223e-07,0.15633792783255673,0.009243386933328964,2.6147650909097392e-08,0.018356566258184676,0.020567989280042866,3.6463077481446544e-07,8.943602152317612e-05,2.2029936851976392e-06,3.1713970885894217e-07,4.893396116140864e-07,9.882325244270216e-05,0.002918998213120293,0.06781841911931227,2.9070157517038504e-07,0.5094716524326862
55,8.193132154027464e-07,0.00012159931007127063,2.2351427597825725e-05,0.00038797272066755584,0.01184244765032534,9.82710151984707e-07,0.29716371998857866,4.753935566529104e-06,0.0001437937016381886,9.779360085950236e-08,0.2319136698345172,0.047303384342044064,1.3180507526677804e-07,0.00741783860427632,0.01766741120002092,5.923455015701717e-07,9.044038738198029e-05,4.298799161209065e-06,5.144299564553918e-07,3.8502423482104904e-07,0.0002862288474169125,0.004922396516530259,0.040325513140736166,1.2353878986485202e-06,0.3403774207838347
56,3.0653375482727214e-07,0.00010032741945584132,1.138478752734885e-05,0.00028667365512847093,0.014807995434043361,1.3452566411079135e-06,0.18294625508511972,6.298365120079608e-06,2.944008474964093e-05,1.7068109991507127e-07,0.39701838729467065,0.011093671599453972,4.508532350990917e-08,0.013546120361732914,0.01395794400563931,4.4216170639180206e-07,0.00014053847183306142,2.231138209433316e-06,4.424084354309404e-07,5.738750856005929e-07,0.00017593401785777435,0.00420658111782181,0.1223105049089866,8.204405239887493e-07,0.23935556581007908
57,2.99257161162697e-07,0.00010680825474523909,1.0663376173804542e-05,0.00030229204099471073,0.01326546888431193,9.898030633365173e-07,0.2120431368863695,8.115402132881127e-06,3.45187349491369e-05,1.997393711018581e-07,0.30569933485145734,0.022668302361011878,9.146028568218993e-08,0.012770314864818144,0.018083734726065923,6.669111283546555e-07,0.00021146580038235797,2.2112143177324127e-06,6.309476275898114e-07,8.64183301489624e-07,0.0002525347349168677,0.007721740818717908,0.12016881896756489,8.219298318181692e-07,0.28664597384929935
58,3.465878304970209e-07,9.981768948823106e-05,1.2057401270964073e-05,0.00029198679357012275,0.014288398028123437,1.398068108679134e-06,0.175159891296701,6.00180477431215e-06,3.093813846812933e-05,1.5841680767759197e-07,0.4380345972487359,0.011171044754111924,4.5529423212234424e-08,0.012003766433859647,0.01167517392816112,4.206782181269951e-07,0.00012740853112643363,2.251888029043727e-06,4.974988407154158e-07,5.306481870658861e-07,0.00016787175262907036,0.0038430096517176812,0.1278636945459816,1.0913063701894023e-06,0.20521760137946526
59,3.2266504735391863e-07,9.728252055412367e-05,1.4019084656534415e-05,0.00030661875139047017,0.014001727822193135,1.4382027452065667e-06,0.18011857201414996,6.2609228332763206e-06,3.1162794505677886e-05,1.686338341679016e-07,0.4330935035852264,0.010350230083147772,4.067888015190243e-08,0.010692981692255675,0.012772155865402358,4.464637061153739e-07,0.00011817657057173292,2.1283669421113073e-06,4.6306391965761065e-07,5.574545272596457e-07,0.00017797475907084688,0.0037831310440509173,0.13300474738776794,1.0868320930243018e-06,0.20142480274052812
60,2.9648840188857324e-07,0.0001033072001211577,1.1413414257332451e-05,0.0002905919444091595,0.014973194888723196,1.359693528934315e-06,0.18400441464800696,6.443990081904132e-06,2.90569639683832e-05,1.7592032821918116e-07,0.3996330666864133,0.010001101874751268,3.7206990134460274e-08,0.013527488852249308,0.01428316285251253,4.457409192349483e-07,0.00013127205415279652,2.2083179817166466e-06,4.20657146011629e-07,5.562651961801604e-07,0.00017066913322605102,0.00407207924036934,0.12315558956385612,7.740291931746172e-07,0.2356008723732157
61,3.291202064747306e-07,9.699654637188196e-05,1.3936891896089647e-05,0.0002921040433262763,0.01443078977873786,1.4099605448561528e-06,0.18566632334716884,6.327369118432806e-06,3.097520643448107e-05,1.6860036400324592e-07,0.42646691823870564,0.010556442587479413,4.327412069648725e-08,0.010682035876954543,0.012895385858206028,4.428407445437871e-07,0.00011984421012749039,2.130342168029035e-06,4.711800686887726e-07,5.604494168627086e-07,0.00017554129402964463,0.003753319911898668,0.12979736217257948,1.0655412944570326e-06,0.20500907535803664
62,2.9648840188857324e-07,0.0001033072001211577,1.1413414257332451e-05,0.0002905919444091595,0.014973194888723196,1.359693528934315e-06,0.18400441464800696,6.443990081904132e-06,2.90569639683832e-05,1.7592032821918116e-07,0.3996330666864133,0.010001101874751268,3.7206990134460274e-08,0.013527488852249308,0.01428316285251253,4.457409192349483e-07,0.00013127205415279652,2.2083179817166466e-06,4.20657146011629e-07,5.562651961801604e-07,0.00017066913322605102,0.00407207924036934,0.12315558956385612,7.740291931746172e-07,0.2356008723732157
63,3.270567419880269e-07,0.00013207224695616895,1.1504899570867533e-05,0.0002965896878742363,0.015648720864991274,1.3839962918046826e-06,0.18295835854304093,6.120756600641025e-06,3.0466316836238915e-05,1.978643259461418e-07,0.384451950082297,0.010081032279004564,3.6972413307271403e-08,0.014123908385732636,0.014500726807156056,4.3628665156984774e-07,0.00013318709776986815,2.1573158828969044e-06,4.7668024733755036e-07,5.957598676585109e-07,0.00017321297747289568,0.004149195709098851,0.1302493798513304,8.099973928597161e-07,0.24304715156445195
64,2.5944046673867636e-07,0.00010503060714018593,1.131801822667211e-05,0.0003285807652014902,0.013693874780671108,1.4328403553905534e-06,0.18493276968235994,6.017303250023652e-06,2.98850732403316e-05,2.1407054795202573e-07,0.35278092734030714,0.011630431355203622,4.409896489274089e-08,0.014485376063859898,0.014381563292244236,4.596527685022226e-07,0.0001490080193917799,2.3946605547001197e-06,4.195184891885859e-07,6.360723495357193e-07,0.0002545899866761518,0.004898685129856411,0.14028078274462832,8.126119163317902e-07,0.26202448687132934
65,1.674925473347572e-07,9.272659308014678e-05,1.1464372152180006e-05,0.000348914106110119,0.011238911103411506,1.260337778042914e-06,0.23507849603951714,8.551731485614661e-06,1.3293981975924746e-05,3.962390266029379e-07,0.2764424724916508,0.007654040677085868,2.219525834579013e-08,0.017683008179846763,0.012382558211496099,4.1917021960247496e-07,0.00010278420940642483,1.7818709375778484e-06,2.8057762969799476e-07,6.640311312581377e-07,0.00019968774920743902,0.0033999583236203608,0.17846035687486264,4.6348156427985987e-07,0.25687731995899815
66,4.013415996364806e-07,8.535077297157405e-05,1.6209443431433435e-05,0.00022367445685547667,0.021034120904057988,1.95598770287159e-06,0.1733189667657072,4.803209455241411e-06,2.914945923015752e-05,2.1843148480976491e-07,0.36476268518123683,0.006561959569082619,5.256214102398422e-08,0.008478689999913495,0.012750947459380536,4.5171586187346063e-07,0.00016567861667425528,2.504602439046515e-06,4.449949822994745e-07,7.749135373026255e-07,0.00019969619735275504,0.0028486424610786373,0.14949711604941582,1.1876334509175928e-06,0.2600143172709565
67,2.0150746776230017e-07,7.089412878424977e-05,1.0067903740764635e-05,0.00037159924035061665,0.012676532421549506,1.8864016506288545e-06,0.1224882262116661,5.317392360927137e-06,1.958357757184256e-05,1.889885684004926e-07,0.40746318469324055,0.00763259258130966,4.46570236144335e-08,0.017739993615669674,0.009352455660533684,4.025482582560921e-07,0.00018013023048916923,2.249764193111463e-06,2.9933449464639564e-07,7.263649027874158e-07,0.00019564127850248277,0.0034472980970829095,0.19035529773811474,8.734510813898252e-07,0.22798431221139256
68,4.780328538436694e-07,0.00011263568244689136,3.09146137538308e-05,0.0007875026858865171,0.007078417377786942,1.5931053103616215e-06,0.1995415564331482,7.32963856836453e-06,3.554475511710556e-05,3.303006743929009e-07,0.33255515656403734,0.017135025763346325,4.188970099200607e-08,0.014195832662949732,0.005145417453895511,3.9997452998656513e-07,0.00010230251215144819,3.947409794906086e-06,3.8636927238688684e-07,5.742557780053547e-07,0.0003518201423340399,0.003785027605812498,0.20543544140704129,1.732991199617492e-06,0.21369059037260948
69,2.389039106259274e-07,9.251142527373932e-05,1.1218279330043479e-05,0.00030269999169310293,0.013814979596721,1.326577999444484e-06,0.17630394091574966,6.707843388820371e-06,2.494213452544723e-05,1.6778348386837322e-07,0.4434468558545619,0.009304670693002797,3.320388632104061e-08,0.012342420272806515,0.012650371414124924,4.32145164656065e-07,0.00011377070462017554,1.8100668947752412e-06,4.0348694866460186e-07,5.46990382713904e-07,0.00017128534051505417,0.0036950223831890556,0.14027914800669286,8.598079186675977e-07,0.18743363617721515
70,3.0704616256334524e-07,0.00010159323689274087,1.1820752315556841e-05,0.0002968776864505569,0.015120928293852993,1.3412460603635906e-06,0.18783326702402023,6.741327069181937e-06,2.9208775553404106e-05,1.7748355217979123e-07,0.39136898373229145,0.010127811691006988,3.803252080473165e-08,0.013869288718844373,0.014547034245237572,4.6350059498475254e-07,0.0001325347586330647,2.2957247556582374e-06,3.994572497775033e-07,5.71748509382651e-07,0.00016527805466402045,0.004034119215142902,0.11865655903073251,7.395686116479603e-07,0.24369161964927505
71,2.608534715520038e-07,0.00014569657059294717,7.558242407693414e-06,0.0002894577685963352,0.027808178540735667,9.341734974815745e-07,0.19922514102103855,5.21542913299272e-06,2.3844133161724896e-05,2.3397500339695488e-07,0.26353972173657786,0.00920845350464213,4.778668244992149e-08,0.016492282260696354,0.011567184762337727,4.943720680246023e-07,0.0001564570722089256,1.5366647795182932e-06,2.7490270623132414e-07,1.3153595727082121e-06,0.000158857199200019,0.0027337936909298762,0.18329952710822126,6.345132078954867e-07,0.28533289835853076
72,3.3714277037076575e-07,7.615483588151002e-05,1.82175425896877e-05,0.0003228366829775375,0.011628221924995255,1.616086950253665e-06,0.23702667894666363,1.0593747509318123e-05,4.354447926972209e-05,1.5685473424867625e-07,0.4510008702407451,0.013706934440353325,4.494011158820866e-08,0.011203919336210602,0.01704522454932138,6.518099848916855e-07,9.214900392799629e-05,2.9203724272170065e-06,5.02576707616592e-07,4.093987977270302e-07,0.00021257641223056117,0.0042918878505091,0.0702141013003466,8.957070357372772e-07,0.1830985538169491
