,0,1,2,3,4,5,6,7,8,9,10,11,12,13,14,15,16,17,18,19,20,21,22,23,24
0,2.751725933039381e-07,0.00016685046585007804,9.062330095686646e-06,8.936581890048205e-05,0.048201807753924554,2.2652379293188344e-06,0.190927461258986,1.751137728334519e-05,0.00016593480083905773,6.640318410420823e-08,0.5501020860650466,0.010418816576154509,9.658361191111888e-08,0.004321671619664912,0.08032713936750456,2.668358153983501e-06,0.00012721845973528016,7.652946334155017e-07,3.357509904030695e-06,9.717366312912622e-07,0.00022283191005637818,0.0052314381018625095,0.032553803871750435,1.1668572589402171e-06,0.07710536706844529
1,5.044582788347377e-07,0.00024781601451979947,2.5584144449342432e-05,0.00028298720769954426,0.017082308479102165,1.0849781975384288e-06,0.4542751595256794,9.115224419170986e-06,6.231025548451173e-05,3.1020790148576194e-07,0.20777620208207,0.017905034253737535,3.9298798976278854e-08,0.007884763321999234,0.016015086507759367,7.518147847679891e-07,4.131606033529538e-05,1.292851116155979e-06,7.531777709911742e-07,5.470819284749167e-07,0.00019672272975496656,0.0023346909631558883,0.07854738078936907,8.692462346365191e-07,0.19730736932545295
2,3.664186438727078e-07,0.00018926506594550124,1.1676092883024327e-05,0.00017455130484140592,0.026272985110441828,6.09457436798542e-07,0.39162230564931483,5.682387015615991e-06,3.4913859276186306e-05,1.824768145328386e-07,0.1962152570165482,0.012788609975972797,3.063333179267239e-08,0.010076780754688012,0.01616410549746157,4.146214362674737e-07,4.646152495457378e-05,9.855674819190551e-07,3.324249687287829e-07,5.586731239782422e-07,0.0001127539848052966,0.0017027706156865674,0.08208715659788886,4.252981508189804e-07,0.26249081899088705
3,3.473450598457954e-07,0.00019391872038577646,1.5590224388579062e-05,0.00029690835430612195,0.016231032105823162,7.662225072053225e-07,0.3844030133386685,6.7213060988631725e-06,3.567171247330411e-05,2.2336390873597266e-07,0.2462941585195562,0.01637561011863052,3.0394973364419246e-08,0.010764894759985145,0.010585433348701058,4.064227446732207e-07,4.799867541993012e-05,1.1390249483365633e-06,4.343502103021037e-07,4.7378815311540123e-07,0.00016468172950379455,0.002172915661427747,0.11019917753951534,6.950461061794774e-07,0.20220775792650414
4,3.641791464755617e-07,0.00019236504420493895,1.4735940579795001e-05,0.00030196250043965626,0.01612102303607644,7.426699762519386e-07,0.3695266363672271,6.223167919799642e-06,3.665174996759142e-05,2.0772244633068006e-07,0.24535391487447195,0.019130149847184297,3.949754010406242e-08,0.011676306311501019,0.00998383814535043,3.836465970303472e-07,5.6477748864497765e-05,1.2044510057952112e-06,4.4261994759494556e-07,4.898412288082187e-07,0.00017585850557620035,0.0023778936178511416,0.11008725714434124,7.271395407791275e-07,0.21495410423101474
5,3.9308071232106563e-07,0.00019271365692193486,1.4869907655090357e-05,0.00042116204036788584,0.013079305490125561,7.406119391608822e-07,0.3503311009523854,5.883127084709681e-06,3.447256009998528e-05,2.5432787391649615e-07,0.23864121426690954,0.01967202279454438,3.434607251038918e-08,0.013153191361195226,0.008246595902288918,3.632218364162019e-07,5.779911991762981e-05,1.7312727658296485e-06,3.6714113177641816e-07,5.058998113839361e-07,0.00018962012930340223,0.0025471558360351592,0.12165483424215318,8.149535476291052e-07,0.23175285375732108
6,3.473450598457954e-07,0.00019391872038577646,1.5590224388579062e-05,0.00029690835430612195,0.016231032105823162,7.662225072053225e-07,0.3844030133386685,6.7213060988631725e-06,3.567171247330411e-05,2.2336390873597266e-07,0.2462941585195562,0.01637561011863052,3.0394973364419246e-08,0.010764894759985145,0.010585433348701058,4.064227446732207e-07,4.799867541993012e-05,1.1390249483365633e-06,4.343502103021037e-07,4.7378815311540123e-07,0.00016468172950379455,0.002172915661427747,0.11019917753951534,6.950461061794774e-07,0.20220775792650414
7,3.2371301189124213e-07,0.0001938098818202565,1.4580906794403723e-05,0.0003045306531990396,0.01627071095080385,7.577261694878016e-07,0.37958292561010964,6.696785785753105e-06,3.621575498753891e-05,2.2032287210297816e-07,0.2475011963079684,0.01661917315865092,2.9939143357407653e-08,0.011111438222665368,0.01109557915574023,4.1886987920218203e-07,4.920147071243431e-05,1.1388569395175219e-06,4.218938837772262e-07,4.809064200654469e-07,0.0001710880300424979,0.0023084979196371916,0.1103223555853959,6.707172953447973e-07,0.20440753666007175
8,4.0321649973785224e-07,0.00023310709543461394,2.2453291292725638e-05,0.00039685957310710285,0.013964032406055742,6.199314266731672e-07,0.4036109792372387,5.211070018425183e-06,1.7386019491290495e-05,3.2872338354306505e-07,0.17702742767204777,0.012488606720878507,2.151178560550107e-08,0.012009806029051601,0.0032837069820510494,2.243327200284344e-07,2.6076377267187457e-05,6.922694196343828e-07,2.4588660341596777e-07,5.068357392914156e-07,9.040951073061711e-05,0.0006872627930785187,0.20455212915194884,7.564714600880479e-07,0.17158074689126934
9,2.8791059597683193e-07,0.00023550219329467178,2.5920135784539858e-05,0.0006209539979510625,0.009384560631621368,6.997597513863342e-07,0.4365467346235948,5.200202609794314e-06,2.9538343345675107e-05,4.1261626517498213e-07,0.14463965420830435,0.020886966674680006,2.9233956475906872e-08,0.010572518984791045,0.005216996174250903,3.451577048907272e-07,2.9103215274930856e-05,9.450830758482964e-07,2.593441478362578e-07,5.763309378448346e-07,0.00022310421199431155,0.0013705406070151612,0.16741981926126048,8.352617058140151e-07,0.20278849583608569
10,3.473450598457954e-07,0.00019391872038577646,1.5590224388579062e-05,0.00029690835430612195,0.016231032105823162,7.662225072053225e-07,0.3844030133386685,6.7213060988631725e-06,3.567171247330411e-05,2.2336390873597266e-07,0.2462941585195562,0.01637561011863052,3.0394973364419246e-08,0.010764894759985145,0.010585433348701058,4.064227446732207e-07,4.799867541993012e-05,1.1390249483365633e-06,4.343502103021037e-07,4.7378815311540123e-07,0.00016468172950379455,0.002172915661427747,0.11019917753951534,6.950461061794774e-07,0.20220775792650414
11,3.5559295369960193e-07,0.00019271824972767756,1.5512902216340465e-05,0.00029951157512006407,0.016658250754531496,7.591025364952385e-07,0.37905566774406363,6.509825464931026e-06,3.588869987646506e-05,2.1743866754940156e-07,0.2473146116819154,0.017587225233802684,3.656136374344695e-08,0.010810526998763906,0.010119200614055827,4.05007696969727e-07,5.190722627518385e-05,1.1273923708938718e-06,4.430747126102637e-07,5.085733323292849e-07,0.0001676893916201875,0.0021765482890046934,0.11328745456812017,7.461643371914591e-07,0.20221617733746977
12,3.8079644758511606e-07,0.00023439914682291257,8.338537434922958e-06,0.0002797391828699224,0.02290793968624426,7.728397202276873e-07,0.2622446273616708,2.8971827412283973e-06,2.481719844952466e-05,2.5846166437083595e-07,0.14672743164617247,0.010136281238907504,3.0724083963783814e-08,0.023144669708764068,0.005772948052510837,2.1039151218852492e-07,9.62821217449853e-05,1.6768144477359416e-06,2.014726101326202e-07,6.010860538893313e-07,0.00015917075918938785,0.0015852784636932675,0.1353571069188601,3.838548205158402e-07,0.3913135563525632
13,3.79320151625878e-06,0.0008612480427693114,3.628887027378611e-05,9.398606391786997e-05,0.022311239335478752,1.7725164103935215e-06,0.2916930789366585,9.849662306946115e-07,0.0001114146606071539,2.070123555573732e-06,0.004488722847275555,0.0020026117056492223,2.8020369758789625e-08,0.001266602870126661,0.009888585151875877,5.720809299302265e-07,3.6130920903500674e-05,3.1957123332739177e-06,6.521113257142723e-07,7.453252775892534e-07,0.00014462300349630681,0.0003881383798848308,0.01581236602071218,3.8074827889129557e-07,0.6508507683841425
14,3.3436813445614477e-07,0.0002325172174744815,1.2571966514794009e-05,0.00028160649236488855,0.017666903177139395,7.055197527566959e-07,0.3934342195591471,6.644236883781492e-06,3.1606324710274214e-05,2.478249850437247e-07,0.251446213518014,0.014411626575014425,2.443638037747129e-08,0.01195421116850293,0.009758565065733122,3.7994956396100087e-07,4.351540137160924e-05,1.0481075567545228e-06,4.476611285381888e-07,4.7065210117073844e-07,0.0001395104283905268,0.0020021155160378458,0.11323121669932244,6.509052630524179e-07,0.18534264722851235
15,3.473450598457954e-07,0.00019391872038577646,1.5590224388579062e-05,0.00029690835430612195,0.016231032105823162,7.662225072053225e-07,0.3844030133386685,6.7213060988631725e-06,3.567171247330411e-05,2.2336390873597266e-07,0.2462941585195562,0.01637561011863052,3.0394973364419246e-08,0.010764894759985145,0.010585433348701058,4.064227446732207e-07,4.799867541993012e-05,1.1390249483365633e-06,4.343502103021037e-07,4.7378815311540123e-07,0.00016468172950379455,0.002172915661427747,0.11019917753951534,6.950461061794774e-07,0.20220775792650414
16,2.1777331418030378e-07,0.0001889138918311648,1.0197133693519138e-05,0.0003026558924843667,0.010753587537762928,4.812136351524399e-07,0.4496324743434177,7.465061158679397e-06,3.0188178037176472e-05,3.2676057019953513e-07,0.1687348386820235,0.026700637277920863,2.8286071729805863e-08,0.011881427774291332,0.012466875523477979,4.7540594918350007e-07,4.512234278377461e-05,1.1842971217614884e-06,4.3289455828503386e-07,4.711818487150639e-07,0.0002999134935643674,0.00404998288367867,0.09867530547775463,4.882759652411961e-07,0.21621630841708497
17,1.646013406278627e-07,0.00012689834455818484,6.570482718527675e-06,0.0003165767085785099,0.01514034439333972,3.8449536854102383e-07,0.2975647266417478,5.338126906951363e-06,1.7039648415932896e-05,1.5888508174471384e-07,0.2506799839942201,0.02000029985316995,3.602297059673868e-08,0.017809656653152928,0.0061398715089523125,2.55252553642933e-07,8.13658812771549e-05,8.871280591955255e-07,2.1084030950948239e-07,5.817161892038441e-07,0.00016607746951191255,0.0028190182909237885,0.18513593645422566,4.627622312493149e-07,0.20398715384419627
18,2.9395265003017114e-07,0.00012704284768074592,7.69744978071956e-06,0.00020540681890364134,0.01553322830685832,4.2747965343481285e-07,0.3110356458685298,2.751972332031463e-06,1.95006198749348e-05,2.107350461377127e-07,0.11829100893131989,0.015129441206556736,3.508844554737058e-08,0.014491921593629845,0.006879125639387992,1.9252031380569118e-07,7.899504163014097e-05,1.6012368234424376e-06,1.6286085171410042e-07,4.6847451687046567e-07,0.00017640623032532169,0.0020422853610605435,0.10257996200015174,3.054052619846496e-07,0.4133958823584147
19,2.1489328595360258e-07,0.00015754308167135718,1.4953381984681998e-05,0.0003280905677170286,0.009739943184724256,3.76430645604026e-07,0.5249727712174641,6.272738460324392e-06,3.2347103355296795e-05,2.006032136942702e-07,0.1608699943591458,0.027833818971082034,2.8715103012824753e-08,0.007954435819236959,0.00953522650336014,3.7677597043209756e-07,2.8320397776905347e-05,7.784695015088312e-07,2.8617607151576077e-07,3.361044464739156e-07,0.0001828861360567872,0.002419110211924704,0.08167181452608617,4.778394325424689e-07,0.17424939579228274
20,1.8228029733104184e-07,0.0001275311292437999,1.3133471835007869e-05,0.00028854922640266986,0.009938069991901194,5.439418933031761e-07,0.39634891408663403,1.2429942700418282e-05,3.370290569544082e-05,1.7264293075029319e-07,0.30564650988331865,0.021845676539354236,2.2478496506051212e-08,0.008514418245529964,0.02312054406692704,5.842264280740991e-07,3.768234640847104e-05,9.55201015664227e-07,4.700942030311185e-07,3.643257158855414e-07,0.00018001034157640044,0.00467762873168377,0.07905895703567117,4.968032006752303e-07,0.15015245006093644
21,3.9653189004431104e-07,0.00028329789073804366,1.5893246487452202e-05,0.00046989584589071296,0.01275963875801063,7.377366799318413e-07,0.43926431246531134,9.893149855246217e-06,5.010638461986575e-05,3.2154759412408077e-07,0.22038464594394444,0.02781151541441251,3.297043646802487e-08,0.0187354588846816,0.01037613998146621,6.914576732407134e-07,3.59550578745125e-05,1.569267908892569e-06,4.6525995028774117e-07,5.323652363967927e-07,0.0002026653995118572,0.002754946195266389,0.08055180027726015,6.861167029777608e-07,0.18628840185059672
22,6.05992842190512e-07,0.00015739888557763556,1.7801213476315175e-05,0.00027858540138979676,0.01782614104329463,1.0836758818021177e-06,0.2617343840944148,6.389285869195889e-06,3.7707983138638855e-05,2.266627015269689e-07,0.3158313359586798,0.01151184447507246,3.3936462290794486e-08,0.011033897560908227,0.012037767113977036,4.099795997831327e-07,9.76150165701204e-05,2.755517138590547e-06,4.541038234104793e-07,5.318818657248047e-07,0.00017595407914512356,0.0030790380263450577,0.1010664026878816,8.503843820454978e-07,0.26510078503956214
23,3.473450598457954e-07,0.00019391872038577646,1.5590224388579062e-05,0.00029690835430612195,0.016231032105823162,7.662225072053225e-07,0.3844030133386685,6.7213060988631725e-06,3.567171247330411e-05,2.2336390873597266e-07,0.2462941585195562,0.01637561011863052,3.0394973364419246e-08,0.010764894759985145,0.010585433348701058,4.064227446732207e-07,4.799867541993012e-05,1.1390249483365633e-06,4.343502103021037e-07,4.7378815311540123e-07,0.00016468172950379455,0.002172915661427747,0.11019917753951534,6.950461061794774e-07,0.20220775792650414
24,4.013712254109272e-07,0.0003087396627878774,1.2264179070964964e-05,0.0004403159612598773,0.01618397542203698,7.573643193929656e-07,0.34902342734733177,7.068410930201178e-06,3.2455771829839895e-05,3.1155579609191537e-07,0.24226228038882347,0.018261077396033956,3.143293573707886e-08,0.019963695442372576,0.007106569360919199,3.9984800001958983e-07,5.8050812648480804e-05,1.384669825712596e-06,4.4403890730316024e-07,6.329072589099175e-07,0.0001566592197867625,0.002272296350394821,0.1411330883962116,7.549949620957776e-07,0.20277291769433095
25,9.918491824293292e-08,9.650381982268812e-05,6.434091028935835e-06,0.0003170825973963642,0.008646084124275175,3.7246571602473153e-07,0.2870636551861876,1.416739478559907e-05,1.2907964245027518e-05,1.0850187425688101e-07,0.511797265375817,0.012575962668001461,9.728283304218241e-09,0.015593723406947584,0.004988912822370636,3.137332170988786e-07,2.1631572982578647e-05,5.02778663004163e-07,2.678204755691916e-07,2.496676100060548e-07,7.599827207814037e-05,0.0018087848462267943,0.10743315770422121,4.5936740588572914e-07,0.049545344905449866
26,1.1252996765258382e-06,0.00023334450589638177,3.09637438403005e-05,0.00032713450540940663,0.024120718171020534,1.4675024930061134e-06,0.24097806840954308,3.6138082346763503e-06,5.094437187611286e-05,2.2377048007912168e-07,0.31186017896487855,0.011808068707010693,6.945486680180888e-08,0.006834456285341698,0.004591426040328825,2.953703465321358e-07,8.876466654641188e-05,1.8976943524398804e-06,6.802071285770539e-07,7.629671200183169e-07,0.00016634224950213503,0.0013269211683456371,0.2020492136273791,2.995772477039021e-06,0.19552032273590556
27,2.9521735167924005e-07,0.00017657889195251515,1.3592724921690265e-05,0.0003087042388130001,0.014558253462794725,7.765058768456977e-07,0.3527922292410073,8.544981977388745e-06,4.162538114641449e-05,2.0034949557685822e-07,0.30323783516662145,0.018080987024119772,2.9692620150498972e-08,0.010615321302127612,0.015547194935164214,5.311095809514184e-07,5.5644218122160265e-05,1.2869913041057016e-06,5.207788763048905e-07,4.6200682340368416e-07,0.00018767737205275693,0.0037330836712859364,0.0987014606011749,7.151177544288644e-07,0.18193644901703482
28,3.473450598457954e-07,0.00019391872038577646,1.5590224388579062e-05,0.00029690835430612195,0.016231032105823162,7.662225072053225e-07,0.3844030133386685,6.7213060988631725e-06,3.567171247330411e-05,2.2336390873597266e-07,0.2462941585195562,0.01637561011863052,3.0394973364419246e-08,0.010764894759985145,0.010585433348701058,4.064227446732207e-07,4.799867541993012e-05,1.1390249483365633e-06,4.343502103021037e-07,4.7378815311540123e-07,0.00016468172950379455,0.002172915661427747,0.11019917753951534,6.950461061794774e-07,0.20220775792650414
29,3.473450598457954e-07,0.00019391872038577646,1.5590224388579062e-05,0.00029690835430612195,0.016231032105823162,7.662225072053225e-07,0.3844030133386685,6.7213060988631725e-06,3.567171247330411e-05,2.2336390873597266e-07,0.2462941585195562,0.01637561011863052,3.0394973364419246e-08,0.010764894759985145,0.010585433348701058,4.064227446732207e-07,4.799867541993012e-05,1.1390249483365633e-06,4.343502103021037e-07,4.7378815311540123e-07,0.00016468172950379455,0.002172915661427747,0.11019917753951534,6.950461061794774e-07,0.20220775792650414
30,3.473450598457954e-07,0.00019391872038577646,1.5590224388579062e-05,0.00029690835430612195,0.016231032105823162,7.662225072053225e-07,0.3844030133386685,6.7213060988631725e-06,3.567171247330411e-05,2.2336390873597266e-07,0.2462941585195562,0.01637561011863052,3.0394973364419246e-08,0.010764894759985145,0.010585433348701058,4.064227446732207e-07,4.799867541993012e-05,1.1390249483365633e-06,4.343502103021037e-07,4.7378815311540123e-07,0.00016468172950379455,0.002172915661427747,0.11019917753951534,6.950461061794774e-07,0.20220775792650414
31,6.540295991038406e-07,0.00023305658855992463,2.7205963298610392e-05,0.0002783667793493822,0.01442214842528748,7.005885994022236e-07,0.4698113453982761,1.130669214327563e-05,2.4353013783563408e-05,3.5624035377179056e-07,0.21076077472385066,0.012697615050399626,2.3846910327642213e-08,0.009587221622664701,0.006129780894656234,3.2083448948516483e-07,3.523548451953124e-05,1.1749121674099988e-06,5.689685952866281e-07,4.3989757691287394e-07,0.00011083311075740435,0.0012762206986513783,0.11617238144023055,7.360810718804797e-07,0.15841717871420785
32,3.8933443795074436e-07,0.00020913018749976447,1.6101639800634842e-05,0.00028122270186835377,0.016302282513279327,8.419904655735435e-07,0.38035104181847174,7.261232593945619e-06,3.833185352159778e-05,2.335347690137492e-07,0.2602249433310851,0.016718240253641763,3.2615466898659666e-08,0.010416927153102431,0.011426847152062176,4.3564441967841875e-07,5.0592171475139826e-05,1.188592977664255e-06,5.65021367271592e-07,4.7549292519861197e-07,0.00016956310537776076,0.0023881411622224714,0.10734492144750077,7.860398586212346e-07,0.19404950400980903
33,1.437086132100739e-07,0.00015040972835643552,5.963970407612676e-06,0.00039182521353550904,0.01256956457298952,6.992591772436531e-07,0.22420508128950492,1.0142006676180608e-05,1.430649082658955e-05,2.3677314190718463e-07,0.3996532505006855,0.01241297605114241,2.862823660890721e-08,0.022137163181852552,0.004373572853194154,3.888776988541276e-07,8.530823193401746e-05,8.360356791724316e-07,4.597881192182687e-07,6.276108848772313e-07,0.0001397388382773794,0.0032033987230863266,0.23187426023417684,8.201999698288403e-07,0.0887687972318329
34,4.4647185127324885e-07,0.00021751924740009106,1.7664309850073197e-05,0.0002700474680500498,0.01721755739294826,8.414175965655957e-07,0.38576958826318075,6.944468563682735e-06,4.4016227683933244e-05,2.0643530921252728e-07,0.2607491153011047,0.01722658828109125,3.4007590984033423e-08,0.009915436137072152,0.011508348126674218,4.1599461624613165e-07,4.854690050758923e-05,1.21825677031912e-06,5.67169940449838e-07,4.449792461811119e-07,0.00016421501200554567,0.002218332272197965,0.09648768847003057,7.960196768080383e-07,0.19813342136904105
35,1.5424092999751844e-06,0.0002122962331761939,3.178407743729898e-05,0.0003238858309750982,0.009736359881190754,4.793130104912092e-07,0.5605840781113811,1.0286335149449681e-05,6.859764679586469e-05,2.6671727642826464e-07,0.1420090294579243,0.026966910022725638,3.033327370849652e-08,0.006340407213601281,0.007088243391412872,3.536599225953482e-07,3.319814552440283e-05,4.021425653200598e-06,5.738026933145259e-07,2.4441265537300843e-07,0.00017112257971872287,0.0024159988496172424,0.03823013422108944,8.046042941943535e-07,0.2057693513242011
36,2.8714047000437813e-07,0.0001324976004614871,1.0672331101660485e-05,0.00022743145504009604,0.009044806192586219,2.8039129757201536e-07,0.48573357059341116,1.8547891357753877e-05,3.595339637769138e-05,1.2716777284897475e-07,0.22294748693953154,0.0527314692645318,4.995211640952638e-08,0.010920202672860285,0.018401196377393493,7.266318144887658e-07,4.252272926645074e-05,9.150656960892454e-07,6.311748150429513e-07,3.6103225103224497e-07,0.00012552916549358838,0.005162371428169162,0.04142840914640233,3.5667022261512553e-07,0.15303359758955917
37,7.993127355121041e-07,0.00022813331622655207,2.467085232666136e-05,0.00037366769384069627,0.0133498781561435,6.449390648624729e-07,0.4021827009411355,4.667925312121163e-06,2.977584198341792e-05,3.2307664455273607e-07,0.2081403958928331,0.015853730882700152,3.222767354677252e-08,0.008051443094895763,0.004063535146737505,2.3227594594059162e-07,4.752879978447109e-05,1.853811113945178e-06,4.2636660912755544e-07,4.5508740051161846e-07,0.00014877396010094598,0.0015799060382384062,0.14759009525407618,1.389883260064493e-06,0.19832493922321703
38,7.489970218840769e-07,0.00021588168023777517,2.6939556697037553e-05,0.00012597407637869416,0.022536447258072533,1.3257145208078463e-06,0.4814422525946069,5.397377173960025e-06,4.850081279018471e-05,2.4347939779185086e-07,0.18524964517186007,0.009037628367347747,2.5096353492573176e-08,0.006185118905989211,0.01588114984985946,4.2600115583499135e-07,2.503026295109644e-05,1.0718951131233837e-06,6.931826818343353e-07,2.773909742715726e-07,9.595504578249939e-05,0.0010338440746570313,0.05376537201985852,6.711799677185222e-07,0.2243193800085506
39,3.08631829301634e-07,9.175887999450231e-05,3.251833642860119e-05,0.00030013219732817284,0.013721070752455902,1.8769698988930663e-06,0.3828982228278283,1.4036597317873419e-05,4.345645112164101e-05,2.961045995944e-07,0.25908240863006804,0.01577808620804889,6.639695662340022e-08,0.006242659306076181,0.018032037488724877,9.000468148543275e-07,8.9079825770881e-05,1.522887483901072e-06,8.163993336842015e-07,6.268008279331365e-07,0.0004024873151619021,0.003204135386800536,0.1044368427345533,9.844008527165358e-07,0.19562366842372286
40,3.9830616735076613e-07,0.00017748302805694813,1.965239052480249e-05,0.0001534306769627495,0.015913967236847817,6.49620855641603e-07,0.4236377398014436,4.4001445473726246e-06,4.470665912408722e-05,1.4306333154439848e-07,0.17429195150405197,0.018579952057516346,3.2391573754292993e-08,0.008085050631469519,0.016633616771064678,2.918727444645176e-07,3.219873812296469e-05,8.808860144563799e-07,3.8130935639209606e-07,2.829803759326742e-07,0.0001308051118419207,0.0018174477422473034,0.060292452244048056,4.143303315057278e-07,0.28018167050137893
41,7.964591782024549e-07,0.00020380528601250967,2.2952109458881713e-05,0.00014275711832197887,0.0558467807660755,9.095326922667901e-07,0.47168302782085425,4.412206706563094e-06,0.0001206895588345827,8.10120613335948e-08,0.1837466457415698,0.010061102239494683,4.7751578663983325e-08,0.0048656191947283895,0.023424664003077824,7.825127484802405e-07,2.6282536788181613e-05,9.283978048103346e-07,2.8071003519867576e-07,4.511125081792615e-07,5.4995914847273476e-05,0.000671327900181209,0.028468443486253416,5.296687722141316e-07,0.22065168695941553
42,2.0995669748767884e-07,0.0001404276220713942,1.7822628053617424e-05,0.0003941837359417505,0.007793441076613892,9.843265795396333e-07,0.3613381711858734,2.22322810954383e-05,4.48085948336157e-05,3.0962416730766303e-07,0.3371547154343336,0.030730895579732312,4.726846355338344e-08,0.007153781089396412,0.025611184080093913,1.3231344361054885e-06,6.68494494601399e-05,1.242488856296732e-06,1.4172000792751308e-06,6.045866840208842e-07,0.0003643980592551248,0.00865865239772019,0.09958478682021106,1.0950270737342227e-06,0.12091641635227685
43,2.1115790921667524e-07,0.00020140406406305821,1.565394709478447e-05,0.00040162299303852166,0.012829111264004076,1.5813963394406864e-06,0.35655530379110945,9.670760002425643e-06,3.0379809508433354e-05,9.464672222631948e-07,0.17957439733114017,0.011785061704936326,3.393050721943477e-08,0.012412300064341807,0.012978257314413023,7.993398205963417e-07,8.466318477291015e-05,1.793395660642583e-06,6.925213218486291e-07,9.83914496021234e-07,0.0005046672644705189,0.004574278089554738,0.1923358733407182,8.941741322980712e-07,0.2156994187794221
44,3.473450598457954e-07,0.00019391872038577646,1.5590224388579062e-05,0.00029690835430612195,0.016231032105823162,7.662225072053225e-07,0.3844030133386685,6.7213060988631725e-06,3.567171247330411e-05,2.2336390873597266e-07,0.2462941585195562,0.01637561011863052,3.0394973364419246e-08,0.010764894759985145,0.010585433348701058,4.064227446732207e-07,4.799867541993012e-05,1.1390249483365633e-06,4.343502103021037e-07,4.7378815311540123e-07,0.00016468172950379455,0.002172915661427747,0.11019917753951534,6.950461061794774e-07,0.20220775792650414
45,2.1536544580346363e-07,9.38771362690465e-05,1.8410302682314422e-05,0.00020194173131699304,0.012214455999452797,7.030986231113994e-07,0.42335379506862636,1.584031132985056e-05,3.744093882121033e-05,1.1721515964806175e-07,0.36983464372054475,0.013700793280305724,2.013656208774482e-08,0.004867481796943357,0.02861458744703237,8.264479622842932e-07,2.240353320054405e-05,6.875728917201553e-07,5.255197565484045e-07,2.8571703464730886e-07,8.772402657963026e-05,0.00237417276858793,0.045593421238974446,5.340357637554159e-07,0.09896509559013308
46,2.248788918521571e-07,0.00011690968428236942,1.1145567778277225e-05,0.0004600457049846083,0.012004144733583695,1.0837415682090942e-06,0.18980997765109436,7.663103489042701e-06,2.2964536269467413e-05,2.1826325998740906e-07,0.3532881887366951,0.01563670080142343,6.044996308419367e-08,0.013453521292970507,0.008739440308802892,4.694374088495012e-07,0.00019177472906883116,1.543382601786886e-06,5.072177446376052e-07,8.636284186707089e-07,0.00026526379913322233,0.005035237513203969,0.20982827179554897,1.0667802423539456e-06,0.1911227122615717
47,6.044832679171374e-07,0.00018696665780859256,1.7805474680685234e-05,0.00020516053061287343,0.013525678959795702,4.650720570999759e-07,0.44513383467923295,5.3678506386518475e-06,5.12497523313675e-05,2.1505770534092616e-07,0.12297513480779357,0.03468414684528129,7.05099979564693e-08,0.006182834356228092,0.013246266364918546,4.982490493606177e-07,6.217896106802298e-05,1.3974893336116202e-06,6.079538748718642e-07,5.01043363012655e-07,0.00023764182132374756,0.003445090168085768,0.06435728090218082,6.966393527259143e-07,0.2956783053700175
48,3.8753016167736444e-07,0.0004514150791201367,1.1134379585248454e-05,0.00026778960290499475,0.013783751117500685,1.1996744590130563e-06,0.29997114979549894,9.406510302583169e-06,2.562283115857549e-05,4.2569689467167893e-07,0.3583709500927976,0.011789975176629795,2.5753686357831867e-08,0.013678016525015125,0.006015769336754999,3.4121954332092984e-07,6.427003484317513e-05,8.191590545708998e-07,2.124212605742191e-06,4.924070372059113e-07,0.0001438129663469197,0.0028375423214268914,0.1939476173242615,1.4495450143298955e-06,0.09862451170739608
49,3.171405311840873e-07,0.00017018436996250175,1.9293832157700763e-05,0.00038282553926589105,0.01192450580425719,8.459147257949881e-07,0.3571130126808645,6.252317069855655e-06,3.426792680558093e-05,2.51647842513481e-07,0.23748891568350683,0.019977610966339602,3.628469373267646e-08,0.011037568612384089,0.009626636967624468,3.9510761331734875e-07,5.0151450405096643e-05,1.2487244724505716e-06,3.958615334147437e-07,4.928847377830223e-07,0.00020503884204339676,0.002489299908295934,0.13173735037985113,8.211918135873307e-07,0.21773227996120237
50,3.2744900892294355e-07,0.00018552944003789206,1.4783356478279198e-05,0.00027115280477595533,0.015749372628167637,6.841675740098885e-07,0.41100492768673896,6.759901534650641e-06,3.060046175538794e-05,2.352630685325507e-07,0.22476316537047547,0.015909023139062763,2.810221782326501e-08,0.010717394235058594,0.009938595334775242,3.7820010867671305e-07,4.3904562918709854e-05,1.0457602682773426e-06,4.0714955557832844e-07,4.4507775724729326e-07,0.00015288961268416828,0.0020204629332864136,0.1081087306994011,6.069554264272967e-07,0.20107854970786312
51,5.720227146405848e-07,0.0009999590707435897,1.3866960047919639e-05,0.0009820732283360618,0.006452363936039521,5.809303293689777e-07,0.3420641466407673,1.1891893146970983e-05,5.367965577237405e-05,3.834365619770626e-07,0.3017169725313476,0.033502141680380945,1.2133119215302368e-08,0.03051723145169121,0.010628862158079474,3.309691224172331e-07,4.100532911837494e-05,2.0886854480597782e-06,8.97963257180406e-07,3.541182935722564e-07,0.00016526539080401778,0.00659702696118683,0.09481935120577992,7.236112045532197e-07,0.1714282180367069
52,6.737639298518833e-07,7.92275358961654e-05,1.4499828269874165e-05,0.0001403802787034818,0.02082730600831428,3.2010291156504084e-06,0.14086110439819394,6.9334101772494134e-06,5.134689979940847e-05,1.7930327154902e-07,0.44055369212997475,0.0033944042086598443,1.8348966850911094e-08,0.014602076660315653,0.034540121821736484,6.491505519620216e-07,7.594411741390847e-05,6.952569198375623e-06,3.7998393423946026e-07,3.4334242212327956e-07,7.530764288937622e-05,0.0027196119931306106,0.03770502889410335,5.158319075757966e-07,0.30434010084912355
53,1.5470272158792004e-06,0.0005804831866562722,2.7078830450685978e-05,0.0005820561966956205,0.016352109036642574,3.210777273411441e-06,0.15176184714609103,7.006552609716692e-06,8.686156068543479e-05,4.2366270131850887e-07,0.3208383615403035,0.015106519086611972,6.421328781826276e-08,0.022137030644133304,0.01051522225422539,5.637862210641143e-07,0.0002001729162314501,4.782922460304364e-06,1.671367250458e-06,1.0028037532285247e-06,0.00031477210170823163,0.004316495631296025,0.1445266227881235,2.12109299749606e-06,0.3126319728743742
54,5.110579158343879e-07,0.0003460631440899058,1.1303340459644816e-05,0.00017018446495264324,0.017335258607193052,5.250409468982067e-07,0.3891717733359617,3.5361584294357137e-06,3.4012445430143635e-05,2.864289901770974e-07,0.09121225635359102,0.014314606110259096,2.016434765873647e-08,0.013369816587844658,0.014149751883825756,3.132805716505279e-07,2.9897614089538855e-05,1.0304306950001321e-06,3.101138791961017e-07,3.922985034108659e-07,8.980883224256358e-05,0.0014333312277567483,0.05755413230600454,2.514495250429685e-07,0.4007706273224947
55,7.973637705539965e-07,0.00019073526118216637,2.5267230551671898e-05,0.0003321612701827653,0.01077734517064589,4.67853207215491e-07,0.5109754629557539,4.052137835727488e-06,0.00014512220084616953,1.0448285592043848e-07,0.11992740459937276,0.0631064425456324,8.913467790236646e-08,0.004982502103448065,0.010816312192403197,4.4510065987050936e-07,2.8134882377957605e-05,1.869372312100949e-06,4.3681997357245247e-07,2.744826283773491e-07,0.00023157407297953468,0.002194977725509623,0.030629314164319018,9.276415342656102e-07,0.24562777923533935
56,3.590397841730824e-07,0.0001882883966292184,1.5550663414319802e-05,0.00029316840049093605,0.01604490689094133,7.585057079069633e-07,0.3820535991008349,6.57795024799757e-06,3.611476986231261e-05,2.1686918519112668e-07,0.24470457992128872,0.018129285269497857,3.672914543887953e-08,0.010789399035889517,0.010349166133302005,4.031442599706648e-07,5.141418305906791e-05,1.1524890551743136e-06,4.562748149636734e-07,4.88546329248104e-07,0.00016968989048516967,0.0022460010745359036,0.10942129550656536,7.355418602662266e-07,0.205496355672813
57,3.2962781199528507e-07,0.000188292506077366,1.3704667574117343e-05,0.00029042531861522933,0.013532113974352196,5.267683884565285e-07,0.41549685789011437,7.941741298291161e-06,3.9726289097983886e-05,2.3810271661585902e-07,0.17774020197598997,0.034502850485020206,6.940325384266968e-08,0.009569670165517187,0.01256272549184257,5.685883328908421e-07,7.234225985441742e-05,1.0739174843732829e-06,6.08925613444841e-07,6.87945430633735e-07,0.00022790746948626422,0.003845332006757022,0.10109016061373007,6.927294986567645e-07,0.23081495113614184
58,4.1302229366976593e-07,0.00019091143227831282,1.6770428921770497e-05,0.0003042147010628289,0.015784051098006322,8.028890612673727e-07,0.37296964550029715,6.391598694466118e-06,3.865008444589525e-05,2.0531834889567924e-07,0.2747733221133228,0.018601648990010013,3.779235041646736e-08,0.009758348458458091,0.008842002515821267,3.911138539409464e-07,4.755908945999017e-05,1.1852128071249141e-06,5.220618463937798e-07,4.608189997351647e-07,0.00016509775664123167,0.0020934178432189766,0.11649987178343633,9.933045092667913e-07,0.1799030850718539
59,3.822764620589433e-07,0.0001848694916889769,1.9329312197809028e-05,0.0003171019813751424,0.015367090651592598,8.200630598375374e-07,0.38080218436420327,6.61891490967659e-06,3.866445927468151e-05,2.1690891883802107e-07,0.2698810266967315,0.017135637728392047,3.358761710714134e-08,0.008647149342781704,0.009596281935064864,4.11967140431142e-07,4.385840179115814e-05,1.1134633110926057e-06,4.831004549983734e-07,4.805230373832728e-07,0.0001737205292937458,0.0020473168598848885,0.12030461405844715,9.826112034466998e-07,0.1754296107711657
60,3.473450598457954e-07,0.00019391872038577646,1.5590224388579062e-05,0.00029690835430612195,0.016231032105823162,7.662225072053225e-07,0.3844030133386685,6.7213060988631725e-06,3.567171247330411e-05,2.2336390873597266e-07,0.2462941585195562,0.01637561011863052,3.0394973364419246e-08,0.010764894759985145,0.010585433348701058,4.064227446732207e-07,4.799867541993012e-05,1.1390249483365633e-06,4.343502103021037e-07,4.7378815311540123e-07,0.00016468172950379455,0.002172915661427747,0.11019917753951534,6.950461061794774e-07,0.20220775792650414
61,3.86512765860721e-07,0.00018276762180954837,1.9054250260692426e-05,0.0002997149643551839,0.015697301713216393,7.973377570592857e-07,0.3890434371988119,6.631437624855943e-06,3.810832310741541e-05,2.1502462871371135e-07,0.26354771919490005,0.017324151609191676,3.53984272305103e-08,0.008565048955789516,0.009605381350138636,4.0519681933941373e-07,4.409150975034236e-05,1.105018106381409e-06,4.872825492519095e-07,4.78968235616385e-07,0.00016992054798471828,0.002014141408970418,0.11644348014101741,9.554269845706652e-07,0.1769941836067973
62,3.473450598457954e-07,0.00019391872038577646,1.5590224388579062e-05,0.00029690835430612195,0.016231032105823162,7.662225072053225e-07,0.3844030133386685,6.7213060988631725e-06,3.567171247330411e-05,2.2336390873597266e-07,0.2462941585195562,0.01637561011863052,3.0394973364419246e-08,0.010764894759985145,0.010585433348701058,4.064227446732207e-07,4.799867541993012e-05,1.1390249483365633e-06,4.343502103021037e-07,4.7378815311540123e-07,0.00016468172950379455,0.002172915661427747,0.11019917753951534,6.950461061794774e-07,0.20220775792650414
63,3.8173765352945016e-07,0.0002463217837907875,1.567083472783887e-05,0.0003023691904376816,0.016898637599256312,7.77987395041846e-07,0.3810635550854895,6.3778554726435864e-06,3.725773052134483e-05,2.5025769843952506e-07,0.2364288787786577,0.01645119366660208,3.011771973892032e-08,0.011213607503472982,0.010717717676613692,3.9680014361627576e-07,4.862941023042262e-05,1.111883940704771e-06,4.898378299023641e-07,5.055828869828951e-07,0.00016665549692049944,0.0022098723627146694,0.11611872183925104,7.243713219006021e-07,0.20806986460925103
64,3.005068210290955e-07,0.00019438718892917216,1.525580365821035e-05,0.00033098319669254926,0.014656078888435226,7.965289651502355e-07,0.3810314720742994,6.20484102887594e-06,3.6167835450171074e-05,2.6760455566895755e-07,0.21488852420763244,0.01874307763512144,3.5459836886029234e-08,0.01137469327539829,0.010517875141685302,4.1332991099950835e-07,5.3749350434133836e-05,1.2194415401098653e-06,4.272308068013646e-07,5.336043169031744e-07,0.00024113558269449553,0.0025757558699587664,0.12361382816807537,7.189607488199439e-07,0.22171609827300365
65,1.804969325702859e-07,0.00016069989260435953,1.4347396265883784e-05,0.00032279648245782155,0.011275135128804965,6.476728756746381e-07,0.45057146802363185,8.03899426324456e-06,1.5202009117245148e-05,4.539450177974516e-07,0.15672991571779446,0.01159674657618277,1.676554413655806e-08,0.012697786806769097,0.008401485263925333,3.508040616485982e-07,3.393283723557173e-05,8.276621512259186e-07,2.6830692297471025e-07,5.171581195083134e-07,0.00017611022657989666,0.0016448628630919963,0.1460017156417144,3.875163895046797e-07,0.20034610581154594
66,4.704863341475534e-07,0.00016122133887194127,2.2135316782333272e-05,0.00023048722586343527,0.022786214617185295,1.1022866235619876e-06,0.36378800432013614,5.056206924004369e-06,3.591929125551578e-05,2.778596220951906e-07,0.2260565958960397,0.010844484341922643,4.292147828289103e-08,0.0068243413515493975,0.009506792183069983,4.135412555009772e-07,6.0745919937019596e-05,1.297446296668634e-06,4.6091457794841786e-07,6.599870293768095e-07,0.00019313166524703975,0.0015354024729882607,0.13397663840075216,1.0642472581457384e-06,0.2239670397609993
67,2.562684007379581e-07,0.00014548843372777205,1.491697381580122e-05,0.00040697813082511886,0.014982840146756455,1.141414303092846e-06,0.27951996670840706,5.964265649244745e-06,2.6291841000711562e-05,2.586969216412587e-07,0.2717125637426765,0.013645867529294498,3.948210578001196e-08,0.015101184079021016,0.007532576681189864,3.982869588474456e-07,7.009534765483446e-05,1.2377372668457636e-06,3.3755307411195095e-07,6.677782663753488e-07,0.00020400407142749628,0.001977365185395612,0.18377791661487933,8.539535891526272e-07,0.21087078907739204
68,5.397086058550215e-07,0.0002035980934889608,4.0042458329652816e-05,0.0007693929174789533,0.007465414981574346,8.681248891008012e-07,0.39642286325874443,7.121028737588876e-06,4.207293155996347e-05,3.9964890046677946e-07,0.19688856298073676,0.02664008420153115,3.3126350390880156e-08,0.010882528846411079,0.0036791913537859607,3.4714027849294943e-07,3.662694981984855e-05,1.9821767952212374e-06,3.7825712260437907e-07,4.6845584414251304e-07,0.0003271608670399836,0.001949393695337946,0.17583005680358654,1.4925564094942396e-06,0.17880937943664116
69,2.8641563487377376e-07,0.00017731922365874306,1.5636183397009666e-05,0.00031559539259084677,0.015285563980147689,7.632428715515687e-07,0.3758108843346752,7.141441360191774e-06,3.128352937872014e-05,2.175482888568507e-07,0.2784476497646742,0.015548901255632883,2.7707320550021232e-08,0.010041691977973484,0.009581675806948294,4.0210166404029816e-07,4.2580645872207126e-05,9.565041876615492e-07,4.2506108064825e-07,4.7537565906618423e-07,0.0001686068031822225,0.0020161803758369104,0.12780614050055306,7.85947003052315e-07,0.1646988088804082
70,3.567188738866171e-07,0.00018988892660567843,1.6031947687431615e-05,0.00030023194503773153,0.016316092703616475,7.49427328021793e-07,0.39030929652116175,6.949269374323539e-06,3.569602107264319e-05,2.2345173316557135e-07,0.2395959403312609,0.01650705588493487,3.0879987366098626e-08,0.010914708987790058,0.010696730672426904,4.1973458170395374e-07,4.7831049413638976e-05,1.1673774833087988e-06,4.107783311959343e-07,4.836137149729264e-07,0.00015846292297802005,0.0021289393378791993,0.10561972181424661,6.622629522323496e-07,0.20715191741952796
71,2.9011062744411435e-07,0.00025782687518785064,9.834540215695115e-06,0.00028044544336615384,0.028316007832687392,5.014594120461083e-07,0.3937771869574658,5.173806790521102e-06,2.779138733478527e-05,2.8053272400289057e-07,0.15473465845916154,0.014293408225877267,3.685881876366033e-08,0.01241471551401457,0.008146376893378436,4.264710216752488e-07,5.4158121268352374e-05,7.557716126914203e-07,2.703125893234555e-07,1.0495965651411746e-06,0.0001453717589426808,0.0013908377406212159,0.15455963567685296,5.408108309833666e-07,0.23158241884263278
72,3.7471134818715036e-07,0.00013664572337829776,2.3493421136904202e-05,0.0003128856814247931,0.012058773293144198,8.634830622236616e-07,0.4693392602377441,1.0417919389159141e-05,5.0615596261682514e-05,1.8982464357391106e-07,0.26387120935712044,0.02124203822262181,3.4822287025532234e-08,0.008490038068517768,0.01198608608322906,5.636221594984271e-07,3.21245933631454e-05,1.4245776665311023e-06,4.920600033980458e-07,3.339524504555824e-07,0.00019436310827436836,0.0021713139080328427,0.06024011037612889,7.644577553885186e-07,0.14983558289885635
