,0,1,2,3,4,5,6,7,8,9,10,11,12,13,14,15,16,17,18,19,20,21,22,23,24
0,0.012035241787454699,0.00010036642541277191,1.66989786389111e-05,6.729323607536011e-05,0.006488325561642325,0.0002833627504934247,0.0007475134187853092,8.983482216129188e-05,0.008334841832980814,3.695419112176585e-07,0.899763601048671,0.010259581149189085,1.5891420111563665e-06,0.0017595675108159244,0.015777738435319856,5.9521817636782984e-06,0.001424473293736548,2.9106739524374798e-05,8.693048325292155e-05,2.9258097864144714e-08,8.156195385584376e-05,0.00039636625763776864,0.000684443306285495,5.6974463931273207e-05,0.04150823642035114
1,0.009541568894781997,0.0001009957442504914,2.374847781704468e-05,7.026373434007948e-05,0.005681108968113382,0.0009540648804751563,0.0010406702001070794,0.00013549653982989303,0.04951446443722366,1.9008476807279126e-06,0.8059342972031855,0.006374679479428699,2.3629850217726506e-06,0.004602529673192325,0.03451623613172691,9.063166084659019e-06,0.0005449410716855552,5.4901932187585324e-05,0.00021866201467376223,8.249322733252434e-08,0.00010907531954190849,0.0007731398611386902,0.0010964397059900367,8.882861827270138e-05,0.07861047762002318
2,0.006362807086731891,8.973104469400398e-05,1.4031125047390025e-05,4.2883167115728356e-05,0.0054752328654098,0.0004917374523261231,0.0005437284622958885,0.00010072190861425733,0.031385444150062815,1.041545157274078e-06,0.8306712580718721,0.006060191885464144,1.270955346208854e-06,0.005287265428391875,0.03310403291564169,4.193845675051308e-06,0.00043191080772070063,2.6060491820138832e-05,9.09874316548936e-05,5.695472475192732e-08,6.234745607984e-05,0.0007000788769017276,0.000630994534382402,4.8451449071431104e-05,0.0783735400877977
3,0.009033224370449025,8.874105582016836e-05,1.4271740312337757e-05,4.924799055865377e-05,0.004589098315136314,0.000548941218775731,0.0006560433984084814,0.000100082857419092,0.023747064033414606,8.523455841391338e-07,0.8700142354635341,0.006041032058511964,1.5888523549336377e-06,0.0033273306175090416,0.02481264984654878,4.472455309614385e-06,0.0005588121925953993,3.2648265075487354e-05,0.00011452800693011004,4.3331327624363584e-08,7.211782256843944e-05,0.0006867241233947944,0.0006952735422091307,4.831143267871673e-05,0.054762664663573137
4,0.008931222314155272,9.541910062693048e-05,1.4876390610588557e-05,4.85945131330379e-05,0.004806347654212768,0.00045975624352026496,0.000696411955816107,9.976771692100747e-05,0.024883260524106384,8.502446008748218e-07,0.8734481768125392,0.0061396245344770345,1.9206310296434245e-06,0.003911798624270003,0.021774705528393657,4.054388290154756e-06,0.0005212987532559257,3.5240099327078316e-05,0.00011635532079866222,4.8402252286598475e-08,8.286566186727496e-05,0.0007333529663360964,0.0006468249530884239,5.202925157746831e-05,0.0524951974147941
5,0.0099513191212426,8.659346094665436e-05,1.77206294245492e-05,7.191631485469433e-05,0.0057340393117213655,0.0006150173879389152,0.0006831215836320051,0.00011108251849125834,0.02626045656163538,1.1204355369864932e-06,0.8804244186065473,0.005216625672458468,1.8795628633536558e-06,0.003988407933008595,0.02048696071186076,4.602955384871695e-06,0.0005883754930279301,6.009381890169537e-05,0.00013097704029982338,6.025645334748282e-08,9.467034065789607e-05,0.0005749110159056061,0.0010483553047623113,6.183134132039426e-05,0.04378544262112324
6,0.009033224370449025,8.874105582016836e-05,1.4271740312337757e-05,4.924799055865377e-05,0.004589098315136314,0.000548941218775731,0.0006560433984084814,0.000100082857419092,0.023747064033414606,8.523455841391338e-07,0.8700142354635341,0.006041032058511964,1.5888523549336377e-06,0.0033273306175090416,0.02481264984654878,4.472455309614385e-06,0.0005588121925953993,3.2648265075487354e-05,0.00011452800693011004,4.3331327624363584e-08,7.211782256843944e-05,0.0006867241233947944,0.0006952735422091307,4.831143267871673e-05,0.054762664663573137
7,0.014855084212236745,4.686382470365976e-05,8.865655120864879e-06,2.4402985649074204e-05,0.0018826691657180782,0.00025421968166451387,0.0005016037234912836,8.254441925797343e-05,0.008675293668695112,2.9863610371687287e-07,0.9417771646435135,0.0034876824490577877,2.40695839557968e-06,0.0010029765177265548,0.011429613841246442,1.6757878871625188e-06,0.00025105981208969257,2.4343026805351203e-05,8.354689463730429e-05,1.9159657503426386e-08,4.3458908840644544e-05,0.0007120834611553588,0.0001742357715184167,1.6498111223229225e-05,0.01466138868360444
8,0.015513918201961666,0.00013711856219756995,4.6015879111961144e-05,8.533504557950848e-05,0.007325461915703002,0.0006612229393594395,0.00035630177992270265,8.073324352309828e-05,0.038900921585883215,2.0402161030635436e-06,0.7428474836189629,0.008406496452279697,1.6735784987196128e-06,0.006439942992614396,0.033174191432931155,8.337839855875414e-06,0.0010812392088239964,3.192604521596098e-05,6.281924841965816e-05,8.367500064440775e-08,5.9863650694468094e-05,0.0005392024404344598,0.001766107421418404,0.00018523873037012842,0.1422863242951341
9,0.009044556383352656,0.0002302499425165055,5.743359435778143e-05,0.00011175236785091487,0.00747909866241818,0.0007451958298149827,0.00045087197588127167,0.00012923486562010556,0.06410853504067336,5.310866493665675e-06,0.6523819616486419,0.007902754322209124,2.0978208807685375e-06,0.014412143496405787,0.04059207153535766,1.4088991363319194e-05,0.001069053312507861,5.079792769996031e-05,0.00012729969145392018,1.6014249087484544e-07,0.00010596994820741832,0.0006646761008604915,0.002169706846099269,0.0002351737602149068,0.19790980492662735
10,0.009033224370449025,8.874105582016836e-05,1.4271740312337757e-05,4.924799055865377e-05,0.004589098315136314,0.000548941218775731,0.0006560433984084814,0.000100082857419092,0.023747064033414606,8.523455841391338e-07,0.8700142354635341,0.006041032058511964,1.5888523549336377e-06,0.0033273306175090416,0.02481264984654878,4.472455309614385e-06,0.0005588121925953993,3.2648265075487354e-05,0.00011452800693011004,4.3331327624363584e-08,7.211782256843944e-05,0.0006867241233947944,0.0006952735422091307,4.831143267871673e-05,0.054762664663573137
11,0.009497200240536009,8.826888200658137e-05,1.413982400641066e-05,4.9727397499384706e-05,0.004617122497541388,0.0005003354520465834,0.0006965933986026178,9.778855024205231e-05,0.0232497454210015,7.837893250406343e-07,0.8745287925022126,0.006270477139605723,1.8661183849325231e-06,0.0031720841956756063,0.02357587526742079,4.4170812859909915e-06,0.000538013616514177,3.3084923921717e-05,0.00011731877562128049,4.56650601433976e-08,7.362788768616373e-05,0.0007227636548471789,0.0006465066546520268,5.204091349945966e-05,0.051451380150804374
12,0.004723047574654116,3.465170429677584e-05,2.2336322043028113e-05,1.2468434296289728e-05,0.02318506262600395,0.00029871698686092466,0.00023847432616345572,2.073350073819054e-05,0.025309005356325687,4.262515338445783e-07,0.8377376252978468,0.003764017979114543,4.4176566787640167e-07,0.007237321717813381,0.007255883065945329,9.031631092690642e-07,0.0005123621721563835,1.4709659519930179e-05,1.0068809812355665e-05,5.584355483393229e-08,8.395044928440855e-05,0.00018989132062786597,0.0010632579516462303,9.12167437952957e-05,0.08819337097718892
13,0.03202085949731513,0.00035896144241081635,0.00031029104597860837,0.002389803711785042,0.014004406094776984,0.05137135634246749,0.004308450705160254,0.00016630436146776825,0.3873982975916303,0.00011198321579051827,0.2292753553330994,0.002511431571584369,1.0132718065639701e-05,0.004609464394443222,0.06170863483112425,0.00020341581882331195,0.004607039233707777,0.0011585499228448691,0.0026597726304668566,8.3569909752238e-07,0.0005458297379593563,0.0004487399354966541,0.1113893436639071,0.0022258388989840412,0.08620490160161266
14,0.00330677310028108,0.0001580805719204278,4.762050032804304e-06,3.949729814534996e-05,0.007927584037925957,6.378412257391403e-05,0.00021135596012070387,3.3199111595922355e-05,0.003914965881024806,3.7302745283550416e-07,0.9710094932583182,0.0011923118907521332,1.6206452856709747e-06,0.0023915243249785765,0.0025907652269594114,4.2495558995811894e-07,0.00041197822200002884,3.934583404966673e-05,0.0001315441252113486,1.4800721202025448e-08,0.00020560954706440952,0.00031665640018246866,0.00021524731966421923,2.0010060445346526e-05,0.005813078227703694
15,0.009033224370449025,8.874105582016836e-05,1.4271740312337757e-05,4.924799055865377e-05,0.004589098315136314,0.000548941218775731,0.0006560433984084814,0.000100082857419092,0.023747064033414606,8.523455841391338e-07,0.8700142354635341,0.006041032058511964,1.5888523549336377e-06,0.0033273306175090416,0.02481264984654878,4.472455309614385e-06,0.0005588121925953993,3.2648265075487354e-05,0.00011452800693011004,4.3331327624363584e-08,7.211782256843944e-05,0.0006867241233947944,0.0006952735422091307,4.831143267871673e-05,0.054762664663573137
16,0.007673584238946789,7.462217735588853e-05,7.274463937372897e-06,2.7385266867535512e-05,0.0025124872936018172,0.0002600600292410356,0.0004567256311710408,0.00010878897421195082,0.012259119369870838,4.2368483387355694e-07,0.8964987566294779,0.007497814059946434,1.1148552385711447e-06,0.0028464462615060034,0.02301051656838091,2.9551466326097426e-06,0.00041812318898186467,1.984143379309929e-05,8.179746107650966e-05,2.107684403791069e-08,4.401504860959087e-05,0.0008628852485190522,0.00025454124247816537,1.796285124467676e-05,0.0450627377972322
17,0.008692897168890169,6.079813872224535e-05,1.2697667327115293e-05,2.4667662054337672e-05,0.006144712642676064,0.0002236357755877082,0.0006783030377773268,5.8367684521310584e-05,0.01674007789574614,2.906916056588005e-07,0.9132460970327538,0.006334649287906178,1.5561762874854046e-06,0.0035441065312014053,0.007194881914832678,1.6378848302725913e-06,0.00047116421465511756,2.8798626798314414e-05,4.7483898618946133e-05,3.100147431706096e-08,9.76125989700387e-05,0.00047463249743668956,0.0004949681236565602,4.7419968381366524e-05,0.035378511877288604
18,0.005674483455246545,0.00010448591794105673,1.8323648643115074e-05,2.555122610936633e-05,0.004089406933455786,0.00044050442190949707,0.0007430217575118788,7.9281353939735e-05,0.025537684810974005,8.985400714024708e-07,0.73339151234201,0.010732662318870176,1.1200340460745426e-06,0.0062396426954289454,0.03105978759797092,8.456746636060919e-06,0.0009050257323594747,2.235924316651394e-05,0.00010501128449710906,5.3007974412774586e-08,0.00010395417088406012,0.0006486307835610656,0.000889177485942936,7.665150027059537e-05,0.1791023129905792
19,0.007827904697223567,0.00015876087703540722,1.4627387747601341e-05,0.0001235922723025388,0.008274206796016731,0.0011894492648470336,0.000939297343045178,0.00013148478077689362,0.05307102068021428,1.8608943434913403e-06,0.7841940867491027,0.008961449920295959,2.120505320281107e-06,0.004645221485771289,0.049378979726770515,7.214506098815452e-06,0.0006204582397938215,3.312943412488905e-05,0.00017579731537291065,7.177027101522078e-08,5.768921539297733e-05,0.0011823844686736859,0.0009387876158937679,7.278259865198804e-05,0.07799762145491247
20,0.006595514902628066,0.00010010739427943383,7.469371532702911e-06,4.1109359068200685e-05,0.003337349279043613,0.00044070990191285924,0.0005346920001269829,0.00011549206856748444,0.022825627915529955,8.000747966218212e-07,0.8843588112181296,0.0046295273798448045,1.7542485771933768e-06,0.0034058720741217898,0.03050856743111445,2.7610064587020665e-06,0.000340473048152404,2.1596759178553438e-05,0.00012737290299096976,3.799572333662463e-08,5.210824470939431e-05,0.0013109617796397822,0.00032544608681669404,2.482306635229367e-05,0.040891014490704085
21,0.01461959077849022,8.161326920063285e-05,2.8948255087106333e-05,4.213036338082423e-05,0.004261686480169502,0.00023398736574036297,0.0006395965077499891,0.00011010840585890139,0.016537819832988826,6.209835109128435e-07,0.8765976540521189,0.010997320434724863,2.1823249180163492e-06,0.0049303386786234485,0.01065701287480963,5.7967851183413455e-06,0.0007549069245092318,5.879517602522024e-05,6.786134391756277e-05,5.1931275519189284e-08,0.00010788062959878134,0.0004391838846961134,0.0007321668057623629,7.943656268745536e-05,0.05801330934903742
22,0.01212729407686178,7.165012432377428e-05,1.8848932057511317e-05,3.955294695514463e-05,0.0030961056028346993,0.00045475710790330995,0.0003839182374166357,0.00013416739603787546,0.009278866309504207,9.368566236439155e-07,0.9282420221083307,0.0034807247239802535,1.4064254187481335e-06,0.002794574266405777,0.011389356551207836,3.455417950855356e-06,0.00091879456954707,5.4947804589407795e-05,9.172079888461418e-05,3.7530413180864604e-08,0.00010339705752410738,0.0005563374093253432,0.0007305957746621601,2.5654186167215845e-05,0.026000877785073963
23,0.009033224370449025,8.874105582016836e-05,1.4271740312337757e-05,4.924799055865377e-05,0.004589098315136314,0.000548941218775731,0.0006560433984084814,0.000100082857419092,0.023747064033414606,8.523455841391338e-07,0.8700142354635341,0.006041032058511964,1.5888523549336377e-06,0.0033273306175090416,0.02481264984654878,4.472455309614385e-06,0.0005588121925953993,3.2648265075487354e-05,0.00011452800693011004,4.3331327624363584e-08,7.211782256843944e-05,0.0006867241233947944,0.0006952735422091307,4.831143267871673e-05,0.054762664663573137
24,0.007699590103916169,0.00018993662793280743,1.3941680290906418e-05,0.00012365609428819141,0.005770802915392262,0.0006096964147834484,0.0007637085838826228,0.00014868162349210406,0.027443190491105163,1.6746959326529691e-06,0.8541749790248093,0.0063179246430477,2.0595579766595267e-06,0.005215722801405928,0.033976703426374495,6.298041154051132e-06,0.0008370191080109556,5.4170585914727676e-05,0.0002493855946714899,5.584480104714765e-08,9.991914276522948e-05,0.0008969360200995619,0.0010247993024828307,5.546595897324282e-05,0.0543236817164964
25,0.005434998247507624,2.3117843506442024e-05,6.194723795824558e-06,1.7008056488796565e-05,0.003101950481603338,0.00013575560356879668,0.0004409071461616171,0.00012033375075995423,0.005962341275783833,1.516228299501148e-07,0.9606626246332045,0.00414601497230704,7.763151586691992e-07,0.001946906766499572,0.00437593405201904,1.0490263882913404e-06,0.0002343227352019253,3.468967625543193e-05,3.335467339061241e-05,1.958487615944247e-08,6.0174473145526505e-05,0.0002876058234508905,0.00021806766981880387,1.0830821070559412e-05,0.01274487002520701
26,0.019223981851199272,8.543684553269888e-05,5.020416909367966e-05,0.00010566860365354834,0.011516772414958389,0.0010037633249915506,0.0007544477589091163,7.514632050619041e-05,0.06297322963918112,1.8060804704228757e-06,0.8089204149800961,0.005246549243607831,2.4611414043953504e-06,0.00573104457059022,0.015358569613723134,5.8021359600227885e-06,0.0007703407703125242,0.00010556240090954077,9.169113360244111e-05,1.1339354322243334e-07,0.00012994562852610328,0.00035770926865036584,0.0034557507810464554,0.0002572255311753172,0.06377636239835632
27,0.008039062515252594,9.375981637093278e-05,9.6891480687023e-06,5.510306369644337e-05,0.004387958057521721,0.0008424026113559099,0.0006359489134192796,0.00011463670465932883,0.04595180297345223,1.1067878738507272e-06,0.8193855721936504,0.0062316783071951105,1.661584824624678e-06,0.0032740889268955894,0.04399637921730109,4.456122594820816e-06,0.0003123756462110527,2.3452028551123375e-05,0.00013648802926641583,4.6882222436815454e-08,4.018099223037536e-05,0.001264514105499115,0.0005017200210785601,4.620783726871809e-05,0.06464970751353956
28,0.009033224370449025,8.874105582016836e-05,1.4271740312337757e-05,4.924799055865377e-05,0.004589098315136314,0.000548941218775731,0.0006560433984084814,0.000100082857419092,0.023747064033414606,8.523455841391338e-07,0.8700142354635341,0.006041032058511964,1.5888523549336377e-06,0.0033273306175090416,0.02481264984654878,4.472455309614385e-06,0.0005588121925953993,3.2648265075487354e-05,0.00011452800693011004,4.3331327624363584e-08,7.211782256843944e-05,0.0006867241233947944,0.0006952735422091307,4.831143267871673e-05,0.054762664663573137
29,0.009033224370449025,8.874105582016836e-05,1.4271740312337757e-05,4.924799055865377e-05,0.004589098315136314,0.000548941218775731,0.0006560433984084814,0.000100082857419092,0.023747064033414606,8.523455841391338e-07,0.8700142354635341,0.006041032058511964,1.5888523549336377e-06,0.0033273306175090416,0.02481264984654878,4.472455309614385e-06,0.0005588121925953993,3.2648265075487354e-05,0.00011452800693011004,4.3331327624363584e-08,7.211782256843944e-05,0.0006867241233947944,0.0006952735422091307,4.831143267871673e-05,0.054762664663573137
30,0.009033224370449025,8.874105582016836e-05,1.4271740312337757e-05,4.924799055865377e-05,0.004589098315136314,0.000548941218775731,0.0006560433984084814,0.000100082857419092,0.023747064033414606,8.523455841391338e-07,0.8700142354635341,0.006041032058511964,1.5888523549336377e-06,0.0033273306175090416,0.02481264984654878,4.472455309614385e-06,0.0005588121925953993,3.2648265075487354e-05,0.00011452800693011004,4.3331327624363584e-08,7.211782256843944e-05,0.0006867241233947944,0.0006952735422091307,4.831143267871673e-05,0.054762664663573137
31,0.015123360368060768,0.00010955812030894734,2.6157770477066002e-05,4.93388682941258e-05,0.0030024964148079036,0.00046969229498095087,0.0006037743423463766,0.0002036829726503192,0.01605976767887216,1.140389226143587e-06,0.8856459175196466,0.0066923745921394955,1.8391492964225648e-06,0.003675382904471049,0.01629733166655754,6.986235589701137e-06,0.000856782433350312,5.5106636150505446e-05,0.00010865471177197904,4.5239154175042504e-08,9.624546413009957e-05,0.0006716818077166482,0.0007417980246577096,4.161937339161836e-05,0.04945926502195165
32,0.008617698087259786,9.377134986095505e-05,1.3713515990913287e-05,5.6161655515556075e-05,0.00457275092356395,0.0005982705198717568,0.0007207498418188511,0.00010406385413823259,0.024337651368654952,9.517421307164755e-07,0.8652865831696146,0.005738192943912514,1.7399436451381656e-06,0.0032002440829673145,0.029432037057949202,5.115261975905574e-06,0.0005862469641539238,3.488023583967271e-05,0.00015516726381583195,4.6389847338573185e-08,8.043679287387231e-05,0.0007405891308632847,0.0007470093995303967,5.0516203425450315e-05,0.05482541230077988
33,0.00983862857227803,7.702871811576214e-05,6.725062715845696e-06,4.2444806358057754e-05,0.0024482908738437943,0.0001880112276501326,0.0006741586823700819,0.00011081538483270435,0.0057276203596511805,2.2547062985751037e-07,0.9389322623274261,0.008584176506710006,2.043465456679744e-06,0.0013410018864710752,0.009874387669757147,3.5248179018025452e-06,0.0007072380454502911,3.0278420521444293e-05,0.00010619101510844322,1.9057255797708864e-08,6.321027861651072e-05,0.0007077571900096661,0.0002698291338868186,2.3794125375195194e-05,0.020240336901607682
34,0.009011685243955198,8.90921882063278e-05,1.4292237126957753e-05,4.933143033064297e-05,0.004594715204501505,0.000550161585885591,0.0006564718116342746,0.00010025113736911944,0.023792653148185298,8.559413689985925e-07,0.8696717965078354,0.00605738374528865,1.5883706937632156e-06,0.0033410144622466518,0.02485748786151433,4.48843004844511e-06,0.0005605751337477056,3.2635552087305514e-05,0.00011459436249740298,4.3456119816966597e-08,7.218281242223252e-05,0.0006878255628298036,0.0006968771665416618,4.84044202010157e-05,0.05499359222736209
35,0.018403621997802117,7.753536247337318e-05,1.5129345836148222e-05,5.1088125821411066e-05,0.0025246043275353293,0.0006978198948803296,0.0007044542798475465,0.0001686573463193002,0.023678973340339773,9.117302233832729e-07,0.8859518976911005,0.007475283205816969,2.2037517690812947e-06,0.002161720014906539,0.01817330533027264,6.636059431395766e-06,0.0005172135442116876,5.9883685168658676e-05,0.00015095340682770935,3.463267926324861e-08,6.037441032637723e-05,0.0009972953335196635,0.0005569344844989962,4.272242460116585e-05,0.03752074627379067
36,0.013203713145801823,0.0002152740431212154,1.4459442384262113e-05,0.00010511001278765336,0.002201166155456926,0.001007698295057689,0.0009146726041348211,0.00042360729525498664,0.04177547898839194,2.6721862082745754e-06,0.7924360503316087,0.012392909618845593,2.5737190990385044e-06,0.006447755054815147,0.05124721432859437,1.328796307562285e-05,0.0008719127115662142,5.970595917748507e-05,0.000281689909351951,5.505938572879849e-08,5.656141072026547e-05,0.002834006528513393,0.0006455665772836259,2.9842040601327947e-05,0.07281701661876192
37,0.0176992755590237,6.24410995300785e-05,3.0863585020457546e-05,3.5216334382209445e-05,0.006416231162735333,0.0002807313794173007,0.0007837592539367762,5.917743478345994e-05,0.024480899132541797,5.179805255704386e-07,0.881807897792516,0.007415150303963376,2.7759989920491884e-06,0.00379168245803359,0.008355083075570383,3.403978412581e-06,0.000530263081086015,5.504957011265179e-05,6.130231175802432e-05,5.320418174036727e-08,0.00011677858014914338,0.0003949074864483808,0.0007870438664215025,0.00011523559638110901,0.04671425977407696
38,0.016952949154120846,6.940147479525253e-05,1.953295843092291e-05,9.283799840996033e-05,0.003046026836490781,0.0020365865311741988,0.0021060877846550076,0.00017016236936170682,0.02671418376926425,1.4216976160993683e-06,0.842535771634113,0.006026519463246475,3.4007104003302695e-06,0.0014748797670708807,0.049569163824421475,1.6939867847588384e-05,0.0008773232673080892,8.866848872396857e-05,0.0004907243394780532,7.05972975633027e-08,0.00012717168087160146,0.0008837214831316684,0.00154811926580457,6.352816469033454e-05,0.04508480687127518
39,0.010655959830719354,4.6814693053066775e-05,1.2588185040294158e-05,3.100039693578532e-05,0.002186100604851705,0.0007788736216705846,0.0010588543709356129,0.00022114191627911408,0.010683807021633109,4.929382439626702e-07,0.9034344388686371,0.008993947528176633,1.4439718106062023e-06,0.0013461777397200977,0.017105135666750548,8.922585469326354e-06,0.0007663363230227988,3.499472455858704e-05,0.0001248753270882834,3.2281398438834255e-08,8.172136056879348e-05,0.0007687676211197046,0.000540370658188415,2.726770927456564e-05,0.04108993405485358
40,0.009681055703794446,6.331899546768836e-05,9.869594708090638e-06,1.824382861864909e-05,0.0031641073412212476,0.0003416827709681678,0.0004023312658607555,7.044146305332054e-05,0.013886641807570082,3.250124547089089e-07,0.8917062692404506,0.007192319462657523,1.0728852970652392e-06,0.002174684671964693,0.01934229786274573,2.011022741068119e-06,0.0003848953069773302,9.980796028525083e-06,3.6549326138142173e-05,2.046399590575464e-08,3.206447819932909e-05,0.0008482160032150848,0.00022291005214158572,2.0133356159352257e-05,0.05038855728757094
41,0.008794232446569657,7.837419821875833e-05,1.2548304876748983e-05,6.08001803633579e-05,0.005573055210635386,0.0006957232913327143,0.0005951578561595265,9.4673467305891e-05,0.028379146375298446,8.838659020963233e-07,0.8565775115649655,0.005744674747101237,1.3074594998109664e-06,0.0028077031885152108,0.03410182770750353,4.180449040228024e-06,0.0004667549868300692,2.766664767870206e-05,0.00010929975037679808,4.067334410942835e-08,4.9747901272143705e-05,0.0006515474469547265,0.000701275241680448,4.639910334807484e-05,0.054425467935226575
42,0.008115681571033016,0.00010818946577622495,6.298999702465215e-06,4.8696750410261134e-05,0.0026115082407771723,0.0007927395091833919,0.000697324961387761,0.00015338469209642678,0.020797847212776405,8.418889813938689e-07,0.8678633228461639,0.006156682625428134,2.104181229636607e-06,0.0015692892087054958,0.044315281715900455,5.979048904583536e-06,0.0005059392300448627,1.7005386271177198e-05,0.00023942631523731961,3.086077760354993e-08,4.414628999081527e-05,0.002278374775053311,0.0002791502331542428,2.5356612817690964e-05,0.04336539737819638
43,0.008033040614698169,9.452534446766097e-05,1.7447237160176487e-05,7.636515860070868e-05,0.005037833480345879,0.0019878464796920185,0.0006802011667128357,0.00018960149810094,0.04415017936714429,3.2752181036765592e-06,0.8231532507259425,0.0031901277878979067,1.763173088764209e-06,0.0038958258428401942,0.050637322817755036,6.984379487312941e-06,0.0005276686083277095,4.603257113951195e-05,0.00025236101240048937,8.190108081805685e-08,0.00010092446475712146,0.001216614295855119,0.0011222257815403393,4.604575664707273e-05,0.055532455316213855
44,0.009033224370449025,8.874105582016836e-05,1.4271740312337757e-05,4.924799055865377e-05,0.004589098315136314,0.000548941218775731,0.0006560433984084814,0.000100082857419092,0.023747064033414606,8.523455841391338e-07,0.8700142354635341,0.006041032058511964,1.5888523549336377e-06,0.0033273306175090416,0.02481264984654878,4.472455309614385e-06,0.0005588121925953993,3.2648265075487354e-05,0.00011452800693011004,4.3331327624363584e-08,7.211782256843944e-05,0.0006867241233947944,0.0006952735422091307,4.831143267871673e-05,0.054762664663573137
45,0.0063485393894199315,4.482126793928071e-05,4.87284106330012e-06,0.00011408793634675391,0.0062598654463170015,0.0016142654036427908,0.0017858731348748564,0.00012395601444311442,0.04493873326929375,6.194842823150355e-07,0.786674534604933,0.006123351218653169,1.8018965336797027e-06,0.0009488720688622015,0.10459603702876127,6.722312020774824e-06,0.00022029949261280198,2.325944992649333e-05,0.00030585378372553204,4.764220466065845e-08,2.8156666293763587e-05,0.0009481793468231602,0.0005279734759352448,3.733145368158517e-05,0.03832194537140963
46,0.009947842864561138,9.251172692171788e-05,1.3265698669208614e-05,4.920120313018104e-05,0.004082936486899839,0.0005100080970806908,0.0006067157062957531,0.0001006083425963002,0.017310354645589266,7.115998332804082e-07,0.8799281302461764,0.00672938534248046,1.5628895289038708e-06,0.0026586412292591236,0.024309156173502874,4.710209280130192e-06,0.0007100538629771017,2.793488842028831e-05,0.00010765357442882458,3.6322767818547887e-08,6.456611774128754e-05,0.0007375967365382693,0.0006264168955054037,4.257818203885732e-05,0.05133742095777684
47,0.018130431133615538,0.0001859797248318734,1.1699657441973884e-05,2.864604676917228e-05,0.0018525008270569331,0.00030635904364009157,0.0006317610980461564,0.00011843665947337448,0.016466293011988993,5.211180020451824e-07,0.8544717946427924,0.015540983966767985,3.051163155605024e-06,0.002027903820704051,0.021849111076217054,6.562552398700278e-06,0.0006565196148731488,1.4608964439153352e-05,9.010761411149561e-05,2.4480182575519917e-08,3.311629533684636e-05,0.0020416920443769395,0.00018038646593185887,3.9006075659778836e-05,0.06531250290218618
48,0.013177600055165058,0.0005817187464035635,1.92396526537236e-05,0.0001560503712037552,0.003036887458593987,0.0007642221793651204,0.0007314441088346957,0.00028425748642139226,0.013000067651448234,2.8724225171384836e-06,0.8367228069989037,0.009387858209676145,2.6373483792948166e-06,0.004476632072027892,0.044800094934456254,1.4820318542025028e-05,0.0036864987285796956,4.3851997259838685e-05,0.0003684935326457481,4.3723790090540696e-08,0.00010879317507123995,0.002031940976833392,0.0010396838627559923,3.5790861610810376e-05,0.065525693126861
49,0.01043813739880394,7.313113536481199e-05,1.6298465960589587e-05,4.089870520844279e-05,0.004323895966104282,0.0007267772935149887,0.0006292885725494205,0.00011062704962950566,0.02344278536683945,7.486443657797872e-07,0.8804444886854265,0.007372126766117133,1.490424899957281e-06,0.002894367708218778,0.01759645835006848,4.097349925851262e-06,0.000522574228077746,3.0279383749330604e-05,6.671985629842649e-05,4.4316194505284826e-08,5.658022838668182e-05,0.0006830653245503789,0.0006472999744895806,4.407463769586567e-05,0.049833744167559646
50,0.008351372536800884,0.00012370485535262427,1.709392995777132e-05,5.233356391055525e-05,0.00427347836199241,0.0006117952460713418,0.0009340650124944765,0.0001589153192736011,0.03268402743621938,1.5021673747541029e-06,0.8455564096435318,0.006447306881671149,2.2514529140764558e-06,0.005086398227441328,0.029637995194750227,5.443099909627705e-06,0.0005221136824926301,3.6407977260846674e-05,0.0001844776632487293,5.268444919978913e-08,0.00010053687875117879,0.0010910282172359065,0.000575650717620324,4.152633275632388e-05,0.06350411291651875
51,0.006367185943995874,0.00144875858303117,7.171791291884723e-06,0.00020614365934430154,0.0025350370608965794,0.00016858178936794336,0.0002377065541074712,0.00043751016797673664,0.015756816578475084,2.5044332872004498e-06,0.8507379843031032,0.01215996184167578,2.3896865243334337e-06,0.011260029109716008,0.047659405783610095,3.882709983472472e-06,0.0006154256826108384,2.06185409315994e-05,0.00018491033321932923,2.6718148716147966e-08,2.7135804717612896e-05,0.003554651681585698,0.0001322033222721997,1.093536573632079e-05,0.04646302255439064
52,0.006302418023197019,8.486974764279392e-05,1.1857319501189086e-05,2.4071114946167463e-05,0.005696005738980948,0.00026810885232896286,0.0007253248809005004,5.782261540930134e-05,0.015943659461287594,2.937376889732381e-07,0.8759393619344095,0.00831671006129004,1.0933095138419578e-06,0.003075923385105029,0.013795550951612641,2.5253286552155462e-06,0.0006040989263664722,1.3282965364784153e-05,5.285190900148216e-05,2.464581139525556e-08,7.843685534619024e-05,0.00047434283488462806,0.0004809977826489817,4.576880189558768e-05,0.06800459881621082
53,0.01208112269467941,0.0001862299322346431,2.0844038949038167e-05,8.333261868702232e-05,0.00551003231531026,0.00044396755927331296,0.00022833175174296315,0.00010623098915427817,0.017686220150606547,2.2851487665374064e-06,0.8860763810310222,0.0033426057931380056,2.0445747009885273e-06,0.004035255764486687,0.024655045339888965,4.504735239775297e-06,0.0009204447920054437,3.874480474193214e-05,0.0001625433028184625,4.694484421248358e-08,8.69546444482716e-05,0.0010016522017409078,0.0006353969073199253,5.678903177254182e-05,0.04263299293242796
54,0.004670103739842285,0.0001998249810404012,1.5748770424006332e-05,3.1715166970869e-05,0.003766686563397217,0.0003839355370645634,0.0005323268025890853,9.57537271728943e-05,0.04624757001378849,1.4706314346599228e-06,0.5785333264102146,0.015764806132345616,1.0975991801371252e-06,0.00876496815546239,0.05808468808184033,9.979103570889409e-06,0.0005240584486905629,1.1140481597480218e-05,8.003752102404228e-05,5.4407742832275526e-08,3.5668060067806074e-05,0.0009885830278910624,0.0004295556110213878,6.615804227370877e-05,0.28076074298335263
55,0.008996929092299407,7.734574444020146e-05,1.3441192606094116e-05,4.7220281691766896e-05,0.004950878099590737,0.0005224863171233401,0.0007652211332346171,9.019963574254706e-05,0.026329315701060462,6.684485642510643e-07,0.866829057847107,0.007306602704493631,1.5856177849647327e-06,0.003097316181886455,0.022454999897945558,4.351019924299625e-06,0.00048209618481066867,3.218164399205592e-05,0.00010446170769049724,4.0927977451147526e-08,6.697045687798426e-05,0.0006117389606892729,0.0006767985598082114,5.553184225912888e-05,0.056482560800399456
56,0.009282716405635468,8.905967242472627e-05,1.4142794378994284e-05,4.830494652004575e-05,0.00448428540514242,0.0005215485882779461,0.000673677836753189,9.931391120753966e-05,0.0233524426621873,8.099532183471778e-07,0.8730586335912094,0.006192125837499774,1.7108364201578615e-06,0.0032742117419236718,0.023768331686509176,4.349234832043549e-06,0.0005451144061184783,3.259878586419495e-05,0.00011441215592465916,4.360841800232122e-08,7.285430856314986e-05,0.0007111323466249842,0.000662309776871587,4.9007777988681616e-05,0.05294686172948594
57,0.007617298673593558,0.0001404357871306542,1.2054108961362062e-05,4.823963316715213e-05,0.003926996053036114,0.0003933834086533891,0.0009970642882143961,0.00010978882623795445,0.02012340356606147,8.111770384292368e-07,0.864525946158523,0.007827084639247575,2.545093913381294e-06,0.002949470199257234,0.026729864489436227,6.754210090511979e-06,0.0006792713865184408,2.9289192796160564e-05,0.00026804193545920023,3.860288339665118e-08,0.00011684118557360466,0.0010256313839078952,0.0004807403856632369,5.438475934912874e-05,0.06193462085528641
58,0.008831773263789875,9.020975143163715e-05,1.5974604979246925e-05,5.355204277279279e-05,0.005930598121684171,0.0005462254225994267,0.0007406325253573723,7.871434521186635e-05,0.02939047973934531,8.539608588032485e-07,0.8542143501308989,0.006388505446169078,1.9470025529242918e-06,0.003438025470754637,0.02509465887962569,4.8728602117857655e-06,0.0005400207066378302,3.3330392264994366e-05,0.0001225188924459125,5.6009808427531815e-08,8.295406520148526e-05,0.0006295998149569584,0.0008327074508896747,8.171305537892426e-05,0.06285572604417249
59,0.008986802571399437,9.442553081102403e-05,1.8836911423381493e-05,5.126831584402467e-05,0.005980825700230032,0.000574011622508301,0.0006929923398731649,8.633309218811459e-05,0.029082373570436013,1.006100250177961e-06,0.8509985641396243,0.0062682165383946935,1.8307377828804642e-06,0.003913716785358795,0.023454687523857223,5.2511069017996295e-06,0.0006103683062351564,3.5605226181693514e-05,0.00011348350482554123,5.966992212178233e-08,9.052822693139522e-05,0.0006179209971234182,0.0008952679481610663,8.086933064338412e-05,0.06734475420309284
60,0.009033224370449025,8.874105582016836e-05,1.4271740312337757e-05,4.924799055865377e-05,0.004589098315136314,0.000548941218775731,0.0006560433984084814,0.000100082857419092,0.023747064033414606,8.523455841391338e-07,0.8700142354635341,0.006041032058511964,1.5888523549336377e-06,0.0033273306175090416,0.02481264984654878,4.472455309614385e-06,0.0005588121925953993,3.2648265075487354e-05,0.00011452800693011004,4.3331327624363584e-08,7.211782256843944e-05,0.0006867241233947944,0.0006952735422091307,4.831143267871673e-05,0.054762664663573137
61,0.009746023433908891,8.486710623418233e-05,2.037123104646555e-05,4.848519628847063e-05,0.006012277076504841,0.000561284276413274,0.0006837791025177927,8.56888560940346e-05,0.030599742655556796,9.835248947865744e-07,0.8561744693389314,0.005988580027200789,1.853095674664849e-06,0.003934182698102656,0.020565254417251193,4.777328069787281e-06,0.0005486602419914384,3.8360348423844076e-05,0.00010440910240838689,5.879000666115713e-08,9.22151459439854e-05,0.0005763314373036142,0.0008898680106084452,8.30776856427786e-05,0.06315439987298081
62,0.009033224370449025,8.874105582016836e-05,1.4271740312337757e-05,4.924799055865377e-05,0.004589098315136314,0.000548941218775731,0.0006560433984084814,0.000100082857419092,0.023747064033414606,8.523455841391338e-07,0.8700142354635341,0.006041032058511964,1.5888523549336377e-06,0.0033273306175090416,0.02481264984654878,4.472455309614385e-06,0.0005588121925953993,3.2648265075487354e-05,0.00011452800693011004,4.3331327624363584e-08,7.211782256843944e-05,0.0006867241233947944,0.0006952735422091307,4.831143267871673e-05,0.054762664663573137
63,0.008918009758389297,0.00011689726514106206,1.3978918471236879e-05,5.363776407847483e-05,0.004391651523512188,0.0005206953309788212,0.0006260407413643006,0.000107885968891273,0.0233620708431426,9.669584425832205e-07,0.864430185147786,0.006443315940446958,1.7063754207131192e-06,0.0036097641912841505,0.026813753633321426,4.869579246824908e-06,0.0006209394462837631,3.124256688423172e-05,0.0001271012477583289,4.3702940831930725e-08,7.144050449443191e-05,0.0008054016522057631,0.0006555471227211963,4.818459247142115e-05,0.0582246692243218
64,0.008740531061864452,8.816234722313288e-05,1.6578611767194333e-05,4.314381508857787e-05,0.004841998165287499,0.0004456119423574835,0.0007176881139413629,9.528930440576431e-05,0.020021679970068644,7.956154184178504e-07,0.8835606517603706,0.005392502602247576,1.7790543614243705e-06,0.0036393407608698728,0.018998797845998686,4.249545316647166e-06,0.0006317835377332362,3.7458724172168174e-05,0.00012427862715749138,4.5682415322654426e-08,0.00011503167659375259,0.0006100484549918748,0.0007455087265716566,5.188309329411805e-05,0.0510751609604831
65,0.008589155608619918,3.9545327171709844e-05,7.0790743893065775e-06,5.901006713175215e-05,0.00385745929800159,0.0008179126861901279,0.0008153976966097371,8.795584807516238e-05,0.011378977008373542,4.0997002532045183e-07,0.9105833921566481,0.004300230478011167,1.038973830288106e-06,0.0009698464725920668,0.02913690266457404,4.2314164935802034e-06,0.0006080004405256238,3.520186732487223e-05,0.0001709167668578229,2.410467292744721e-08,6.029031704121647e-05,0.00044773780683417507,0.0008425082133156392,2.7782660205532583e-05,0.027158993076484977
66,0.017160939642699137,3.646980485289838e-05,2.5735299064658573e-05,2.0029538455947128e-05,0.0035455808947730903,0.00018068644898987915,0.0007602827213825431,0.0001304187007407408,0.014557401789388184,4.140495965631373e-07,0.9326221752195145,0.004602916605950218,3.647484488141563e-06,0.002366076624845628,0.005628114210399014,2.040287267423099e-06,0.00019238345785746154,4.4606353694367346e-05,4.724276490617817e-05,4.290306421207622e-08,8.183252222463693e-05,0.0005147849087377694,0.00015684419515667866,2.599423458342522e-05,0.017293339337366615
67,0.011063363147032584,7.319263712325091e-05,2.7902670492384224e-05,5.696232889444387e-05,0.005237933819680543,0.0005829495505546404,0.0006415292893171221,0.00010343362724535563,0.018745283530058394,1.1168382907767369e-06,0.884180762726264,0.004458270968735846,1.7433035520514165e-06,0.004206347982747299,0.01726816879387986,5.174327065698332e-06,0.0008876293358611954,6.357638745167848e-05,0.00011213897450679801,6.751313982480342e-08,0.00014874013054340702,0.0004093386488770556,0.0015704487340972345,7.054467743469865e-05,0.05008338005715368
68,0.008574825400790489,8.406404695463601e-05,1.8065601583667417e-05,5.123435531664717e-05,0.005737880574511357,0.0006167192241668441,0.0006983239248233839,9.015580860142949e-05,0.03309121076721065,9.812421904940396e-07,0.8426800230086605,0.006821217302825657,1.5530681228160447e-06,0.004485018065624076,0.02459744607498775,4.4777875451540225e-06,0.0005160837646519783,3.407686956357454e-05,9.2405620981307e-05,5.507247545363891e-08,7.241806065664882e-05,0.0005856073060249455,0.0008849614923164958,6.582902127218319e-05,0.07019536653814197
69,0.009269679126522965,7.05281170088062e-05,3.478134847476257e-05,4.467412160503975e-05,0.00484234802959129,0.000633960165135014,0.0008468150008943216,0.00015562116318042804,0.03205261062423534,1.5462466548141028e-06,0.8515676968742485,0.0057875885102437324,1.784378926792176e-06,0.007673400307446762,0.015370486752849726,5.828859907873035e-06,0.000569286205645551,8.467217181380145e-05,0.00011395840769268992,8.728262873285194e-08,0.00018915392603217944,0.00045280099647444376,0.0014292435960609365,7.350856533138602e-05,0.06872793922139424
70,0.00851232378159763,7.894070023897901e-05,1.35678249148226e-05,5.20889813544215e-05,0.005456766217956809,0.000556432512626374,0.0006721251648539839,9.111385191376904e-05,0.026073840007450867,7.512603545048902e-07,0.8701590266534656,0.005837501151177269,1.45273615794338e-06,0.003305603870580497,0.02484037232607513,3.619371953539968e-06,0.0004856221847937228,2.998830321629485e-05,9.9245876143188e-05,4.1910594032566246e-08,6.575636749002867e-05,0.0006089709255235541,0.000718611739877743,4.78708043469912e-05,0.052288365475342255
71,0.005019042694798277,0.00011474354755596567,2.4676217407418195e-05,4.459049482486571e-05,0.012045982733464128,0.0004454037833278934,0.0011570194572349975,0.00010465519483676033,0.06868467467651639,1.444210092876092e-06,0.7811643454350318,0.006330828132499324,1.8062539621852207e-06,0.013300793850572439,0.01575747450731632,4.40872119249548e-06,0.00041815083852878417,6.0103525803790655e-05,0.00010567794484245717,1.1212639499534849e-07,0.0001999513704557599,0.00048460458891249166,0.0012191145224455645,0.00011000387880246267,0.09320039129317953
72,0.0077115669877423085,0.0001313634592117377,9.921949645539272e-06,0.0001019569316229833,0.003023502328777109,0.004082758384275898,0.007472077250281561,0.00035988949846917025,0.048156455635198075,1.8019662626034706e-06,0.7226288564489849,0.011880530417488152,4.866704791482925e-06,0.0013757919578612121,0.12803315929806924,3.3683941022913044e-05,0.0007228436790736901,4.229617355172113e-05,0.0010096266857847255,9.436457354955708e-08,9.077523731884448e-05,0.002716994677384785,0.0006381291183642665,3.0219694464466808e-05,0.05974083720977913
