,0,1,2,3,4,5,6,7,8,9,10,11,12,13,14,15,16,17,18,19,20,21,22,23,24
0,8.87977078811882e-08,0.0001165627224736445,3.221179524582058e-06,7.535687260049273e-05,0.015536227855997608,5.480599946986891e-06,0.04044488867540141,6.215489284644474e-06,0.00011802893776491854,3.9477634261096656e-08,0.8384968232050909,0.0039619899453310695,4.8387221897457146e-08,0.0025682639124606833,0.029467911724358822,1.134629888554655e-06,0.00011293042503039813,4.903180686785366e-07,8.00605995816361e-06,3.4807037976956164e-07,0.0003339558129423782,0.0056406289553765,0.04377070577091888,3.152129480023344e-06,0.01932750004515705
1,2.2124582105137023e-07,0.0002646838343804132,1.3679575621479007e-05,0.0003752536460018265,0.009514489807182681,4.3362172694239865e-06,0.1571729130724922,6.037034944032192e-06,7.484183844221298e-05,2.8475166631745944e-07,0.5505413025056702,0.011189546327120634,3.4078410128949676e-08,0.007307254351942228,0.011005247304049715,6.12271167161311e-07,6.139646391888724e-05,1.1753637464985778e-06,3.170482451461161e-06,3.5915335856360994e-07,0.00048668169379345475,0.004392700147663569,0.17482632948899635,3.836055193781362e-06,0.07275361328869573
2,1.6796761188191713e-07,0.00020921359613601472,6.576601023669883e-06,0.0002419345679396606,0.014661828916302057,2.559502890214725e-06,0.13763048879628784,3.722013647316609e-06,4.410851343967448e-05,1.723659643155213e-07,0.5290776476905941,0.00826783855897673,2.7779471455216154e-08,0.009424127496418086,0.01113365913540908,3.422735597995835e-07,7.11609661713686e-05,9.399803548899929e-07,1.4489773130081387e-06,3.664915389806042e-07,0.00029634959790940445,0.0033143036069851325,0.18632612336196205,1.9934016717940257e-06,0.09928289784042164
3,1.352628947047837e-07,0.0001831572077582018,7.328493451045073e-06,0.00034704763536998835,0.008077208605691612,2.7288541054107996e-06,0.11585748450872768,3.931358622433838e-06,3.819440308101865e-05,1.85156632603096e-07,0.5681125414601744,0.00879836047950521,2.3176796473470243e-08,0.008755262690842404,0.006493896319674862,3.0260548852660554e-07,6.322988285456555e-05,9.337429693192692e-07,1.5984698884590083e-06,2.8341036972501773e-07,0.00035710915049336006,0.0035926840336788592,0.21341015681279565,2.7000723071800227e-06,0.06589351620582631
4,1.4016848805027076e-07,0.00018096612969919454,6.8572386001030725e-06,0.00035191970969686157,0.008110433722734907,2.6339035882077355e-06,0.11143478741718782,3.761687554812699e-06,3.883448943876314e-05,1.7534443151180506e-07,0.5669241303640506,0.010074995387233826,2.939783926951433e-08,0.009538135370971495,0.006219188683739839,2.9462619753095504e-07,7.383807435459553e-05,9.845505291563312e-07,1.6223920291333743e-06,3.0192749621302384e-07,0.0003732963672123257,0.003907497729499515,0.2133150645508818,2.78207994984115e-06,0.06943732868659452
5,1.503361408892087e-07,0.0001803179860558719,7.019662859908438e-06,0.00047830342449530053,0.006431585585482373,2.5996358237900946e-06,0.10687062745589437,3.5341686891223787e-06,3.657282057983039e-05,2.0637903807153667e-07,0.5493570011321683,0.010621979612258026,2.5805486094284043e-08,0.01046469655770369,0.005100765547217537,2.689331534082928e-07,7.355243104359547e-05,1.3481894154726138e-06,1.38509674115348e-06,2.947591245289849e-07,0.0004038945608988504,0.004154314195480236,0.23230989543028457,3.110477698075262e-06,0.07349654981626673
6,1.352628947047837e-07,0.0001831572077582018,7.328493451045073e-06,0.00034704763536998835,0.008077208605691612,2.7288541054107996e-06,0.11585748450872768,3.931358622433838e-06,3.819440308101865e-05,1.85156632603096e-07,0.5681125414601744,0.00879836047950521,2.3176796473470243e-08,0.008755262690842404,0.006493896319674862,3.0260548852660554e-07,6.322988285456555e-05,9.337429693192692e-07,1.5984698884590083e-06,2.8341036972501773e-07,0.00035710915049336006,0.0035926840336788592,0.21341015681279565,2.7000723071800227e-06,0.06589351620582631
7,1.2598469425857018e-07,0.00018247740448650352,6.862768986089455e-06,0.000354170704250372,0.008049327594607747,2.6895751444797392e-06,0.11427874852184686,3.904265711483465e-06,3.865231873800702e-05,1.8161529279298002e-07,0.5690398766292953,0.008926371386890798,2.2792580633439818e-08,0.008982372999121245,0.006768534685365616,3.0947668131159803e-07,6.440819555789954e-05,9.275587292998645e-07,1.5539314896143278e-06,2.850895516719176e-07,0.0003697816028788543,0.0037969441117954605,0.2128305732960143,2.6023346354365786e-06,0.06629829515565393
8,1.5231485819143888e-07,0.00021555608125770772,1.0209245121709358e-05,0.00045229374981525696,0.007003709121573929,2.18190815446126e-06,0.12127321818236772,3.233101361939896e-06,1.864694295444363e-05,2.719123230834325e-07,0.4116346888890166,0.006634103775661361,1.6086181126442482e-08,0.009725440846797604,0.0021289535132223243,1.7637341184893337e-07,3.438480236379863e-05,5.644908577200306e-07,9.22242612669862e-07,3.118658840177957e-07,0.0001926271415600608,0.0011674739954861308,0.3846137621894924,2.8439684336159136e-06,0.05488425725923035
9,1.24469654995014e-07,0.00024652502187300226,1.3291332902641843e-05,0.0007886474744273268,0.005404027377322706,2.775231737411923e-06,0.14851152524000394,3.6785142286840134e-06,3.521057756005518e-05,3.838249539259494e-07,0.3840053780390598,0.012364747943852844,2.4470974067587025e-08,0.009740955985399096,0.003779747127665505,3.036602676855338e-07,4.320764402531162e-05,8.608619549068479e-07,1.1033677295524726e-06,4.0034373013132497e-07,0.0005209979664682614,0.0025754893439306295,0.3590463014578937,3.5400553672388097e-06,0.07291075266701665
10,1.352628947047837e-07,0.0001831572077582018,7.328493451045073e-06,0.00034704763536998835,0.008077208605691612,2.7288541054107996e-06,0.11585748450872768,3.931358622433838e-06,3.819440308101865e-05,1.85156632603096e-07,0.5681125414601744,0.00879836047950521,2.3176796473470243e-08,0.008755262690842404,0.006493896319674862,3.0260548852660554e-07,6.322988285456555e-05,9.337429693192692e-07,1.5984698884590083e-06,2.8341036972501773e-07,0.00035710915049336006,0.0035926840336788592,0.21341015681279565,2.7000723071800227e-06,0.06589351620582631
11,1.3653414743301592e-07,0.0001802344302805634,7.220563286397341e-06,0.0003461110711343526,0.008226029514713741,2.6722323220136793e-06,0.11381431497597894,3.852796688970003e-06,3.795020580708163e-05,1.7962950987148331e-07,0.5668125888850766,0.009342612573323295,2.7305062248604225e-08,0.008728625856373592,0.006209965148778541,3.0234062303477857e-07,6.726211429815026e-05,9.102811260721363e-07,1.6250045347166253e-06,3.033966187535102e-07,0.0003574497590416276,0.003565206441258143,0.21732058691427023,2.8506271631096923e-06,0.06497098139858244
12,1.6929301757643301e-07,0.00025834050858052326,4.762171061560759e-06,0.00037204059725794907,0.013100196578467371,3.1404412451261275e-06,0.09780614621539872,2.1889077784221468e-06,3.143784718827624e-05,2.4655502470595755e-07,0.4082161029683733,0.006746354988653261,2.7110389642337828e-08,0.020969067475947633,0.0043338076844688725,1.9135071479004295e-07,0.00013586597045987033,1.4579066218930608e-06,9.49206369296904e-07,4.1328537209454525e-07,0.00039546795975329386,0.0030485166479861103,0.3046968965722982,1.7734272817500644e-06,0.13987443833028992
13,3.745627740709877e-06,0.002158427147001712,4.859770024093467e-05,0.00031284777800727476,0.02969145161389266,1.682269247492663e-05,0.2683039807514986,1.97272124590442e-06,0.0003179768394864188,4.341427901338684e-06,0.03442504130368355,0.003523366626268461,5.987741054651458e-08,0.0031022753720387425,0.017549402646803113,1.1751202949930927e-06,0.00012634313996914717,6.414927087647704e-06,7.380653836639358e-06,1.162117484322656e-06,0.000870049856868283,0.0019234122461825236,0.09198352856092483,4.162065540736167e-06,0.5456160611861159
14,1.293700332971047e-07,0.0002157976180881597,5.924705216707232e-06,0.0003254061895033387,0.008572421026345728,2.4916930089621784e-06,0.11708973708094371,3.7669799069636315e-06,3.371844251447748e-05,1.995507025406227e-07,0.5711629147433349,0.007759681278446505,1.869846331599146e-08,0.009499894730878049,0.005871106889330579,2.7413166863420654e-07,5.668102386392645e-05,8.478175964450373e-07,1.630790903135353e-06,2.71465522879308e-07,0.0003037632869762885,0.0032800502001994916,0.2158914797692758,2.521185660926355e-06,0.05991927133161528
15,1.352628947047837e-07,0.0001831572077582018,7.328493451045073e-06,0.00034704763536998835,0.008077208605691612,2.7288541054107996e-06,0.11585748450872768,3.931358622433838e-06,3.819440308101865e-05,1.85156632603096e-07,0.5681125414601744,0.00879836047950521,2.3176796473470243e-08,0.008755262690842404,0.006493896319674862,3.0260548852660554e-07,6.322988285456555e-05,9.337429693192692e-07,1.5984698884590083e-06,2.8341036972501773e-07,0.00035710915049336006,0.0035926840336788592,0.21341015681279565,2.7000723071800227e-06,0.06589351620582631
16,1.038836814655382e-07,0.0002143803514875778,5.868019509327192e-06,0.0004239172195136929,0.006449214260150568,2.0922762250341036e-06,0.16130673189599842,5.091633094941555e-06,3.917018677386489e-05,3.1653867894649184e-07,0.471256432332052,0.01704632752555164,2.6156667475408723e-08,0.011470214731741203,0.0090144349172623,4.1284330977753577e-07,7.143557144137994e-05,1.162237099801417e-06,1.909496756564452e-06,3.3023489103626394e-07,0.0007729062036285584,0.007861131454313854,0.22949073557958372,2.320233687415351e-06,0.08456333421689936
17,5.9117174225087414e-08,0.00010629785554262797,2.8281433271546612e-06,0.0003247363701142873,0.0067748256504391955,1.2417721683925845e-06,0.08032267325144934,2.8996655422412076e-06,1.6373248800678404e-05,1.204206803651787e-07,0.5138072728954921,0.00926655474169854,2.382397063344396e-08,0.012580897490578481,0.0034702085482822926,1.7755344304098345e-07,9.322828850916526e-05,6.603849389223676e-07,7.063413352809109e-07,3.172473262671467e-07,0.00030968859893503424,0.004051856150443753,0.30993347429146473,1.604519147153293e-06,0.05893127362919612
18,1.546886594808045e-07,0.00016429811970960974,5.048617246826845e-06,0.0003252704262853506,0.010350971072988257,2.0818511582946586e-06,0.12915741230838207,2.277159675049129e-06,2.8769424749722172e-05,2.3384622325363237e-07,0.37871975954176845,0.011191583540062961,3.59239596904598e-08,0.015602289539307205,0.0057989254638646705,1.9749414008166243e-07,0.0001354336192090457,1.7051466621803234e-06,8.549019245630239e-07,3.721228589375922e-07,0.0005139239410280773,0.004554150255029836,0.26819541661235313,1.6465156489812966e-06,0.17524718786710433
19,1.0929405515948409e-07,0.00018437264734967802,9.051646348794077e-06,0.0004710712242630394,0.006276359661689327,1.7159420851642861e-06,0.20253152954453327,5.16821471261502e-06,4.277725264419548e-05,2.1583427136686082e-07,0.4812445765007657,0.018320873735364868,2.6853529960015495e-08,0.008144800912728102,0.007757210678818734,3.785629721173696e-07,4.672816618539199e-05,8.093803289701901e-07,1.4004241334906827e-06,2.6821945971874134e-07,0.0004704097877534832,0.004941386149774884,0.1987007356944336,2.3327671086617716e-06,0.07084569090468983
20,6.902152745846409e-08,0.00011536518776231564,5.772298782275177e-06,0.0003218743882521175,0.004797301714960968,1.8670786693715962e-06,0.10963552016992105,6.369821868851155e-06,3.421559432512031e-05,1.3706251864719489e-07,0.653639935312943,0.010677215559859956,1.641646536314345e-08,0.006624444363175798,0.012811224259551963,4.022407682603048e-07,4.849840605983566e-05,7.727541832115332e-07,1.5632557951961252e-06,2.1012743968723782e-07,0.0003705372974807818,0.007095626941062756,0.14624735204076272,1.8541822040085607e-06,0.047561854503659344
21,1.6498974517917497e-07,0.00028466169683188556,8.35762481774584e-06,0.0005723608515989965,0.006782154999775131,2.7984615711364943e-06,0.15029303997048102,6.860663140685024e-06,5.7007274190209476e-05,2.8159384004834533e-07,0.563339296158065,0.016701282609366885,2.6890958909514858e-08,0.015944482430909356,0.007132699105763223,5.559146830357465e-07,4.916772614544875e-05,1.2826080047319576e-06,2.0033663754719763e-06,3.348622782175703e-07,0.0004626376006838664,0.004894319212723887,0.16990749462312482,2.855510005517232e-06,0.06355387325491943
22,2.0331163850563962e-07,0.00013243081959197058,7.584862766444569e-06,0.00028397844986246986,0.007619270752185817,3.3301068477817933e-06,0.07350111785396361,3.5058701046631236e-06,3.56458957546073e-05,1.624200063738911e-07,0.6466642811086672,0.005813077820529923,2.2835984209791312e-08,0.007805783774620382,0.00659542614870723,2.670051559515623e-07,0.00010652999421857172,1.8244967930889306e-06,1.5698849873716584e-06,2.6843631629660856e-07,0.0003358512880835215,0.004460749406413347,0.17295152847939674,2.894509330987263e-06,0.07367269446807305
23,1.352628947047837e-07,0.0001831572077582018,7.328493451045073e-06,0.00034704763536998835,0.008077208605691612,2.7288541054107996e-06,0.11585748450872768,3.931358622433838e-06,3.819440308101865e-05,1.85156632603096e-07,0.5681125414601744,0.00879836047950521,2.3176796473470243e-08,0.008755262690842404,0.006493896319674862,3.0260548852660554e-07,6.322988285456555e-05,9.337429693192692e-07,1.5984698884590083e-06,2.8341036972501773e-07,0.00035710915049336006,0.0035926840336788592,0.21341015681279565,2.7000723071800227e-06,0.06589351620582631
24,1.4879350003402726e-07,0.0002745475120894282,5.611559309634272e-06,0.00048363078380643217,0.007624725021023424,2.574431195818266e-06,0.10178549215768111,3.960717958207266e-06,3.3405703220429394e-05,2.4155647914623244e-07,0.5354787579096422,0.009487075710305472,2.298538433278546e-08,0.015099748712431513,0.004220122430297816,2.8146036252447827e-07,7.19381947956027e-05,1.0624722777594314e-06,1.5843963413777913e-06,3.512954112295341e-07,0.00032678187618724776,0.0035895201407789763,0.2586539574866929,2.8040438852889107e-06,0.06285165264894207
25,2.8776115420568563e-08,6.293583583698615e-05,2.1365936218495936e-06,0.00025201781705212696,0.003010148054644547,9.418498769892791e-07,0.057482916064215524,4.988510984646673e-06,9.808700530122422e-06,6.234577573881444e-08,0.7701660526549705,0.004493367022683322,5.336756099883886e-09,0.008345116832517275,0.0020728537403640343,1.5574571290594767e-07,2.0507019841464174e-05,3.0758945393241423e-07,6.509990862779466e-07,1.0300045920815997e-07,0.00011644889218326578,0.0020102215292191307,0.13999702997938773,1.2700956887795618e-06,0.011949925013022035
26,3.1863742489404124e-07,0.00017415903902367975,1.1075418774378317e-05,0.0002997222194374882,0.00945678907222522,3.9924016967387435e-06,0.05965277955069852,1.8548365225978904e-06,4.155731642350623e-05,1.5314041155906225e-07,0.5590962002481206,0.005039455545837731,3.945839970630489e-08,0.004540750119908784,0.0023591600946770556,1.8585294150458278e-07,8.869893664266493e-05,1.156065717594303e-06,1.988893533380386e-06,3.739912955891783e-07,0.0002815286531092188,0.0017626270817532447,0.3078493457716977,8.447780415172475e-06,0.04932763987331157
27,1.0704098317725757e-07,0.00015389315313502438,5.886603989039197e-06,0.00033262863033818916,0.006666138787524018,2.554502941824431e-06,0.09665935969615415,4.36291729564449e-06,4.0940281947987924e-05,1.520585860698349e-07,0.6335287881707321,0.008841779590810693,2.1006286089856976e-08,0.007914373963389988,0.008505094368929652,3.5253076434982674e-07,6.781877913572642e-05,9.820860565079668e-07,1.7174877456987772e-06,2.509554947053738e-07,0.00037718349318516096,0.005562942558823161,0.17603926091971098,2.573035644898842e-06,0.05529083738039505
28,1.352628947047837e-07,0.0001831572077582018,7.328493451045073e-06,0.00034704763536998835,0.008077208605691612,2.7288541054107996e-06,0.11585748450872768,3.931358622433838e-06,3.819440308101865e-05,1.85156632603096e-07,0.5681125414601744,0.00879836047950521,2.3176796473470243e-08,0.008755262690842404,0.006493896319674862,3.0260548852660554e-07,6.322988285456555e-05,9.337429693192692e-07,1.5984698884590083e-06,2.8341036972501773e-07,0.00035710915049336006,0.0035926840336788592,0.21341015681279565,2.7000723071800227e-06,0.06589351620582631
29,1.352628947047837e-07,0.0001831572077582018,7.328493451045073e-06,0.00034704763536998835,0.008077208605691612,2.7288541054107996e-06,0.11585748450872768,3.931358622433838e-06,3.819440308101865e-05,1.85156632603096e-07,0.5681125414601744,0.00879836047950521,2.3176796473470243e-08,0.008755262690842404,0.006493896319674862,3.0260548852660554e-07,6.322988285456555e-05,9.337429693192692e-07,1.5984698884590083e-06,2.8341036972501773e-07,0.00035710915049336006,0.0035926840336788592,0.21341015681279565,2.7000723071800227e-06,0.06589351620582631
30,1.352628947047837e-07,0.0001831572077582018,7.328493451045073e-06,0.00034704763536998835,0.008077208605691612,2.7288541054107996e-06,0.11585748450872768,3.931358622433838e-06,3.819440308101865e-05,1.85156632603096e-07,0.5681125414601744,0.00879836047950521,2.3176796473470243e-08,0.008755262690842404,0.006493896319674862,3.0260548852660554e-07,6.322988285456555e-05,9.337429693192692e-07,1.5984698884590083e-06,2.8341036972501773e-07,0.00035710915049336006,0.0035926840336788592,0.21341015681279565,2.7000723071800227e-06,0.06589351620582631
31,2.7458677671671214e-07,0.0002385648870343851,1.3386503585636135e-05,0.00035961315843421025,0.007896298990228832,2.7619643009308474e-06,0.14651982483895792,6.344472685603902e-06,2.895532336337865e-05,3.1535457615995773e-07,0.5199001596469262,0.007232791931035347,2.022249916928662e-08,0.00851765636296273,0.004007855854668885,2.532169783445208e-07,5.2950045039582855e-05,1.1037280825957176e-06,2.1174406462716326e-06,2.8608533707140124e-07,0.0002719986550846741,0.0023249235280442576,0.24422776079814046,3.154866284312212e-06,0.058390627538326224
32,1.4838283827661627e-07,0.0001931409744517066,7.367850258595763e-06,0.0003240081909363599,0.007988394546157835,2.9392550743775622e-06,0.11137959415431228,4.0842630200589e-06,4.015649453970226e-05,1.9010318927546262e-07,0.5853529864195776,0.008710108542392646,2.433970522491978e-08,0.008336223974478627,0.00682012899336397,3.169848081731188e-07,6.582579292705092e-05,9.669419510271722e-07,1.9913406280854274e-06,2.8062437628458065e-07,0.00036084128728096777,0.0038556059541234164,0.20406659816154651,2.985386183797374e-06,0.06248509104187821
33,3.985323748663628e-08,9.671551612158831e-05,1.9479208617293273e-06,0.00030993057500972363,0.0043473555649015914,1.7127503085670122e-06,0.04563139460638957,3.833844861321892e-06,1.0709005599740388e-05,1.3474311169696672e-07,0.6106395466122012,0.004422620691638439,1.4838084209463812e-08,0.01195366518424598,0.0018633481587540979,1.9819709532869567e-07,7.671517899898493e-05,4.921499335365904e-07,1.1056926186110457e-06,2.5873348713179646e-07,0.00020616537286759177,0.0035253949065948277,0.29628871427689596,2.162680757980033e-06,0.020615822945422947
34,2.0380722276113118e-07,0.0002192099230891903,8.841707249385102e-06,0.0002907625017383564,0.008909899238026875,3.151382324490718e-06,0.114331250786145,4.166455242204722e-06,5.3627390245820325e-05,1.617506370637524e-07,0.6175627925713246,0.00930544934905862,2.7385966984562428e-08,0.007549826082771709,0.007452288183372494,3.1775348422954983e-07,6.37677576432523e-05,1.039661508681986e-06,2.467404157471762e-06,2.581237322521353e-07,0.00034542784372447785,0.003660301389678268,0.16762006226860607,3.326246387199909e-06,0.06261137303666249
35,8.581118879414242e-07,0.0003102766737260158,2.167767526605768e-05,0.0005612667356166983,0.0075560593938564,2.6140577463135597e-06,0.24482160650026583,7.534235570313918e-06,0.00011144854029030655,3.2431772815637806e-07,0.4854948295388054,0.021374442183150984,3.590529593407691e-08,0.0076081444182861824,0.006256142732030302,3.782795371627693e-07,6.545984786143915e-05,4.666086914878257e-06,3.0142708251543133e-06,2.201921643387427e-07,0.0005861860265563448,0.005743448611886114,0.11725333073136955,4.9267900755885326e-06,0.10221110814328642
36,1.426513182330018e-07,0.00015013806454039174,6.127078072575604e-06,0.0003246101760326775,0.005612564863205421,1.276545126253311e-06,0.16741823075017526,1.1549332111470753e-05,4.5746742548946395e-05,1.332236034664769e-07,0.5994878886070865,0.03067319765669674,4.513998696005857e-08,0.010541523545762444,0.012997015548469316,6.360998250669607e-07,7.092764483291484e-05,9.966783078361684e-07,2.5823550691390714e-06,2.702810692734004e-07,0.0003334381372556187,0.009741128731204893,0.09887823302885118,1.7373236150177666e-06,0.06369985979523239
37,3.1034188911579494e-07,0.00022331102171410604,1.1934403673681895e-05,0.00043366945411698476,0.006566911370304325,2.304734709366501e-06,0.12777217380408623,2.979778143893696e-06,3.250029757899721e-05,2.6439376890080414e-07,0.4948740641273177,0.009113256928641154,2.4506047066151655e-08,0.006769248684268314,0.0026094120800096063,1.7379709934666024e-07,6.058932111673432e-05,1.436970085570389e-06,1.7077271114253935e-06,2.603656294148433e-07,0.00032544933932982683,0.0026829858882402367,0.28455624371054145,5.275415708742191e-06,0.06395351153886779
38,3.5631465140012955e-07,0.0002566756260334907,1.5540099469417295e-05,0.00018997748426965611,0.014233409613398093,5.7764463916122495e-06,0.18379830209491396,4.262016774897032e-06,6.398205720980578e-05,2.597979643560009e-07,0.54741539237616,0.006191373074933856,2.364684236475816e-08,0.0065579421407158224,0.012421170625153563,4.141660125089732e-07,4.1968458635486816e-05,1.1001645278026222e-06,3.189677163538538e-06,2.2089821920015844e-07,0.0002602487748521223,0.0021971598886670572,0.13502571669777985,3.210554639244167e-06,0.09131232730462097
39,1.2750011932353443e-07,9.434282652582498e-05,1.4535242720098444e-05,0.00034856509312756697,0.00710519539330179,6.375490819881029e-06,0.11253010690749715,7.400131556111059e-06,4.6228810094833945e-05,2.488536331172037e-07,0.580999380665071,0.008189936270629526,4.70809417571403e-08,0.005378905144419338,0.010355421194508885,6.196871599828739e-07,0.00011356228645718688,1.2914620466037174e-06,2.775266961020993e-06,3.6787215541887866e-07,0.0008407880983281224,0.005004946988130636,0.20238487579158085,3.685161418840978e-06,0.06657027078079515
40,1.8983777831744293e-07,0.00021104880552080284,1.1528220601388572e-05,0.00022853625835031298,0.010134688741456383,2.8843905770078383e-06,0.1660427723225013,3.744656903846508e-06,5.881389501063851e-05,1.5644512850585883e-07,0.5233043218643626,0.012606131111822131,3.010580051546884e-08,0.008481964734851875,0.013341183068237708,2.9821393004780674e-07,5.261144323940483e-05,8.805564860222556e-07,1.8593766826279236e-06,2.2929873694306318e-07,0.000344676759722879,0.0038145050890728196,0.15104394880279687,2.0031907435699157e-06,0.1103109928096856
41,3.607168951902367e-07,0.00023037820783741147,1.5539781984388316e-05,0.00017705873491334715,0.037948108882100366,3.332295616193262e-06,0.22598311957019407,3.958812524115553e-06,0.0001450144000543538,8.297318100868641e-08,0.5310305330516137,0.007426828577732228,3.958868901941007e-08,0.004225253860450031,0.02118505523875877,6.751332764707791e-07,3.310652534576243e-05,7.04546548805546e-07,1.254763272508026e-06,3.121753568258065e-07,0.00015609541663249077,0.0012370693551589861,0.07648146234402986,2.1916057161043984e-06,0.09371246344211782
42,7.576046309488186e-08,0.00012340980847239325,7.038523047131967e-06,0.0004060329084490466,0.003508777923737226,3.0379290605900615e-06,0.09115041811368475,1.027583313485978e-05,4.124925641463608e-05,2.2989412302717608e-07,0.6573901924387833,0.01342050846690062,2.9743457201271543e-08,0.00549811697013037,0.01262814971018745,8.017291454882692e-07,7.807174350200438e-05,9.564460349907916e-07,4.139881914862094e-06,3.153049790548485e-07,0.0006609808527938401,0.011806406107618886,0.16722823656713454,3.5640813454842596e-06,0.036028984005485175
43,8.747714383923348e-08,0.0001873578929829731,7.686620682992166e-06,0.00045812977242094946,0.006326763389504999,5.526467215779386e-06,0.10959625414145201,5.630901949044339e-06,3.274130837419262e-05,7.348225864147576e-07,0.420487945673534,0.006520189260977926,2.6052862268352724e-08,0.009751787396022433,0.00793674176126499,5.721236068788832e-07,0.00010807076239789795,1.4559028318296068e-06,2.5895004973377133e-06,5.540504437971679e-07,0.0010483258811501716,0.007297578653397904,0.359622526847098,3.5141448937184043e-06,0.07059720919470783
44,1.352628947047837e-07,0.0001831572077582018,7.328493451045073e-06,0.00034704763536998835,0.008077208605691612,2.7288541054107996e-06,0.11585748450872768,3.931358622433838e-06,3.819440308101865e-05,1.85156632603096e-07,0.5681125414601744,0.00879836047950521,2.3176796473470243e-08,0.008755262690842404,0.006493896319674862,3.0260548852660554e-07,6.322988285456555e-05,9.337429693192692e-07,1.5984698884590083e-06,2.8341036972501773e-07,0.00035710915049336006,0.0035926840336788592,0.21341015681279565,2.7000723071800227e-06,0.06589351620582631
45,7.913359337098899e-08,8.630524416352866e-05,7.599183307214637e-06,0.00021550137016224447,0.005645183972775271,2.232904163055752e-06,0.1134787756642008,7.897685319831563e-06,3.566371042963121e-05,9.28102443723799e-08,0.7386476850341356,0.00650594195052265,1.3390818726077257e-08,0.0038376112105961125,0.01483162374742254,5.25436798501467e-07,2.704261052825245e-05,5.287527082050576e-07,1.6750521864996118e-06,1.5667269014836005e-07,0.00017487807897950032,0.0034400058622311067,0.08241473096669193,1.8179172717110847e-06,0.030636431638059375
46,6.633121815552164e-08,8.502119492525444e-05,3.821751363898852e-06,0.00039231572810644955,0.004497136310789987,2.790794552067692e-06,0.0426343056526194,3.3440040146938814e-06,1.816362726530211e-05,1.377852525356722e-07,0.5899462064809914,0.00603107854292611,3.196778468132756e-08,0.008336249431586833,0.003937893173815051,2.594078115745786e-07,0.00017797211580205293,9.465598986475978e-07,1.3481549532601628e-06,3.825796258666118e-07,0.00040552079733887985,0.005923157483981197,0.2914888383872273,2.9265908041086385e-06,0.04611008514534535
47,3.4190697289866643e-07,0.00026159805276578256,1.2033413679114825e-05,0.0003564709892681836,0.009874772471690071,2.462965295342377e-06,0.19107676518795533,4.441233183134649e-06,7.904799353902373e-05,2.6145517360895414e-07,0.4194296277966202,0.026079440711744447,7.565517841602246e-08,0.007586970741571082,0.01148371602223701,5.260049198072423e-07,0.00011976780347867471,1.7044791195003575e-06,3.1512297128776534e-06,4.3283296032397775e-07,0.000743876549076402,0.008147787988835468,0.18432299331606705,3.9356214051667085e-06,0.14040779757755123
48,1.1680611542089794e-07,0.0003105841709472856,3.9481564239523545e-06,0.00023974923907231667,0.005282912272198692,3.2298559683327655e-06,0.06611726093593694,3.787584969715121e-06,2.098951361008882e-05,2.626845988426024e-07,0.6062108842849516,0.004627558064250425,1.5017631572947678e-08,0.008322527768618287,0.002771996389365687,1.906362852409047e-07,6.586512968917366e-05,5.494607573128347e-07,5.267725779812792e-06,2.256851966451469e-07,0.00023831288478088616,0.0034787822512822365,0.27655979952371484,4.207791930006488e-06,0.02573097616592469
49,1.212747442188457e-07,0.00015741494680174782,8.842378377367627e-06,0.00043219214338903337,0.005900899472617647,2.9293995078593423e-06,0.10670600742296069,3.7325822546718876e-06,3.574469435774416e-05,2.054908210840609e-07,0.5402533803856027,0.010427394954533103,2.666839186853438e-08,0.008790709125305793,0.005899401075321992,2.9527212154862355e-07,6.408615514015415e-05,9.926457571736573e-07,1.4504782990897782e-06,2.934434496474049e-07,0.0004250465429073337,0.00400247881344688,0.24805356396156059,3.08364068510143e-06,0.06882970703164519
50,1.3410291201985963e-07,0.0001840855942100424,7.271196310134623e-06,0.00033423709959253694,0.008265202797061794,2.5699545345381874e-06,0.12900385670134276,4.124162926672067e-06,3.453713082048268e-05,2.0504634122686747e-07,0.5448461060527875,0.008911955562511384,2.2517930486392885e-08,0.009169856316044264,0.006404133943734815,2.971171517221722e-07,6.118955169392965e-05,9.092428656398435e-07,1.5625159874917972e-06,2.820579670860527e-07,0.00034844794434552245,0.0035118603838702345,0.21992467230495083,2.484131715606656e-06,0.06897999657039125
51,1.951949318632674e-07,0.0008185370763030561,5.954878128980949e-06,0.0009373103631191809,0.0031213209733503013,1.8191615447397623e-06,0.09752393456935787,6.3499615559793714e-06,5.179160315239851e-05,2.823712689346418e-07,0.629445178230664,0.016213874448773466,8.502392316473505e-09,0.020414856849580294,0.006048101588203416,2.387236470142876e-07,4.419517007415309e-05,1.3610566637613107e-06,3.075204646976471e-06,2.0231306089896607e-07,0.000308952740060997,0.008831202986796766,0.167917785730209,2.606245588676071e-06,0.04830086405692491
52,1.9325771909718375e-07,6.215402175005072e-05,5.592622772897657e-06,0.000124108828393753,0.007951056298476838,8.136080468303526e-06,0.037695786918644544,3.4376321622900003e-06,4.323556183624433e-05,1.1335861110306154e-07,0.7927564367366919,0.0016702431165241177,1.1172381859417737e-08,0.008670347364061127,0.016373161832778028,3.765186142210837e-07,6.720836203998753e-05,3.4809911965855908e-06,1.2538790216481992e-06,1.5540180981566803e-07,0.00013035703880571024,0.0033538090129913217,0.06009620618634512,1.6174394907990704e-06,0.07098152036641268
53,4.628690662830637e-07,0.00044509007454731476,1.0400222576725028e-05,0.0005264066879486599,0.006830237546449094,8.734909517667878e-06,0.04041339217242635,3.382587379361081e-06,7.583261130097283e-05,2.786595245513235e-07,0.6086456698995487,0.006989066472170497,3.946724442904762e-08,0.013871765371447969,0.0053604669259040005,3.481955836746394e-07,0.0001906497262953437,2.7868957977997743e-06,5.09187331385754e-06,4.820889939911668e-07,0.0005442862227159406,0.005500839701827451,0.2310571077444282,6.716447680698299e-06,0.07951046462631045
54,3.272959238898195e-07,0.0005260409960686394,8.591965335454034e-06,0.0003386871381288484,0.01433836028893352,3.161498018471802e-06,0.18302466264352027,3.1197817949107624e-06,6.0228693754159195e-05,3.8826999794175983e-07,0.349933785689958,0.012106500694790613,2.5865596084199282e-08,0.017830104542019887,0.013604749854847222,3.7718566380372515e-07,6.885045820230865e-05,1.490412509702138e-06,1.75857350775372e-06,3.9255311007597844e-07,0.00033286367731451874,0.003928881606790472,0.18697276961913942,1.6829770258937845e-06,0.21691219771804823
55,4.87744512398678e-07,0.00032188622297876226,1.8092765456500345e-05,0.000622726008753997,0.008694068221085585,2.62778921510447e-06,0.24839448989946936,4.324573686515968e-06,0.00022658040857972278,1.573283933395612e-07,0.44215514136754397,0.050789286684520596,9.343315680935094e-08,0.0075495299410354684,0.010354490307355984,5.379841268058249e-07,5.797901833364321e-05,2.3758796411045634e-06,2.658926773354204e-06,2.752713998384704e-07,0.0007552846626846986,0.0057487233993325565,0.09938375174444102,5.176653597263355e-06,0.1249092537639257
56,1.3964629908762633e-07,0.00017838854096710323,7.301796084234872e-06,0.0003438427535237873,0.00805236250717548,2.7072207627324788e-06,0.11552150910692224,3.907536463642218e-06,3.86541235007761e-05,1.8175120064011212e-07,0.5669487011669911,0.009683504335066713,2.776603433198404e-08,0.008832694810892177,0.006409140820498597,3.047617628442154e-07,6.77962289188985e-05,9.481265254906983e-07,1.6793616712810385e-06,2.9665787854458516e-07,0.0003662765728688193,0.003718637216693078,0.21279447486388609,2.8475397735388337e-06,0.06702367478763882
57,1.5835722656083226e-07,0.00021433270601373258,7.626630580891843e-06,0.00040410261570794783,0.007953435718694132,2.2609779463486403e-06,0.14335088185074177,5.0835958035209575e-06,5.013340491410001e-05,2.3276246804057442e-07,0.4814832237426983,0.020883868973574398,6.040365562253741e-08,0.009361947896455372,0.008679600792276853,4.727399828055785e-07,0.00011302627999104241,1.0969017703128123e-06,2.5319844748136923e-06,4.671921342277993e-07,0.0005801873432918056,0.007293681002816828,0.22889943721126718,3.192585534563341e-06,0.09070895632997884
58,1.4930029446784534e-07,0.0001691091298726519,7.308649567740053e-06,0.0003339897487866548,0.007470997969190417,2.676960968645356e-06,0.10539433974538061,3.5856250878755835e-06,3.8528122769533364e-05,1.6275845332977926e-07,0.5938766908675293,0.009214437009891888,2.658494509166948e-08,0.007540077846444948,0.00517826249176309,2.805842248233166e-07,5.9058082635373875e-05,9.16639679880432e-07,1.7810869818365504e-06,2.666912118431655e-07,0.00033186363917711543,0.0032507689565210926,0.21191689948894363,3.548199366082099e-06,0.05520427382031214
59,1.3951355846276345e-07,0.0001648117541280823,8.456979575387658e-06,0.00034908528070611445,0.007277905413983369,2.74642860793362e-06,0.10813339649727349,3.6953538436898543e-06,3.8812471344953336e-05,1.7131735992872525e-07,0.5859343347946244,0.00860041865511954,2.3933429659493978e-08,0.006716908871292237,0.005605670173179023,2.933737400628234e-07,5.478670411330293e-05,8.648455810536987e-07,1.6644977789869127e-06,2.7564629442178716e-07,0.00035206129977213575,0.003197634631906429,0.21939788074184427,3.5402418450102903e-06,0.05415442057909806
60,1.352628947047837e-07,0.0001831572077582018,7.328493451045073e-06,0.00034704763536998835,0.008077208605691612,2.7288541054107996e-06,0.11585748450872768,3.931358622433838e-06,3.819440308101865e-05,1.85156632603096e-07,0.5681125414601744,0.00879836047950521,2.3176796473470243e-08,0.008755262690842404,0.006493896319674862,3.0260548852660554e-07,6.322988285456555e-05,9.337429693192692e-07,1.5984698884590083e-06,2.8341036972501773e-07,0.00035710915049336006,0.0035926840336788592,0.21341015681279565,2.7000723071800227e-06,0.06589351620582631
61,1.4398223528144372e-07,0.00016619756167537213,8.44338845474278e-06,0.00033838921442381424,0.007625774266839006,2.733487584564016e-06,0.11153976172558651,3.7288328386362192e-06,3.901460567195871e-05,1.7426228358936745e-07,0.5823305243104147,0.008757249825712523,2.5651947219550593e-08,0.006814226417339461,0.005705477672982399,2.955016377577527e-07,5.670070516132954e-05,8.880716050098648e-07,1.6865253848968934e-06,2.8343063370608593e-07,0.00035139035228894377,0.0032074500505018676,0.21700048033564964,3.513962449964869e-06,0.05604544585869715
62,1.352628947047837e-07,0.0001831572077582018,7.328493451045073e-06,0.00034704763536998835,0.008077208605691612,2.7288541054107996e-06,0.11585748450872768,3.931358622433838e-06,3.819440308101865e-05,1.85156632603096e-07,0.5681125414601744,0.00879836047950521,2.3176796473470243e-08,0.008755262690842404,0.006493896319674862,3.0260548852660554e-07,6.322988285456555e-05,9.337429693192692e-07,1.5984698884590083e-06,2.8341036972501773e-07,0.00035710915049336006,0.0035926840336788592,0.21341015681279565,2.7000723071800227e-06,0.06589351620582631
63,1.4858702283074229e-07,0.00023218241790751314,7.3953318474089324e-06,0.00035537620278773655,0.008500118108649897,2.782789868339221e-06,0.11609094336310412,3.84098105993125e-06,3.997306098549875e-05,2.097404982475724e-07,0.5515824185892171,0.008873255307618304,2.29893314245861e-08,0.009208001274499706,0.006678339807242037,3.023794938185991e-07,6.433449835823024e-05,9.159028001712692e-07,1.8143978583662964e-06,3.0828469108451147e-07,0.0003606984795180607,0.003677221733227298,0.22635951675721872,2.8135177709844455e-06,0.06795706549742311
64,1.212478086840821e-07,0.00019016044739433676,7.379347592271465e-06,0.0004000615139642593,0.007682608524773696,2.9330474143835687e-06,0.11921219341264046,3.874733399377094e-06,3.991554102374502e-05,2.3235955837337917e-07,0.5182183400302575,0.010278942670587987,2.7603152433549848e-08,0.00966111779391915,0.006781944913960804,3.2772518768390345e-07,7.327890946976255e-05,1.0376416314327082e-06,1.6280281539740348e-06,3.3963268708427373e-07,0.0005279956264088965,0.00438978228826727,0.24801486229236905,2.8670624519931985e-06,0.07450802760592548
65,8.333405687911076e-08,0.00017540827655266296,7.664580080356377e-06,0.0004360541018607272,0.006558258923285777,2.6891320362975305e-06,0.150658836817612,5.02009332863715e-06,1.9326928414251024e-05,4.211386543177733e-07,0.41616937361147655,0.007066822875774576,1.5101036820531803e-08,0.011806079765131719,0.005824522200771516,2.9546403469470524e-07,5.329299549688046e-05,8.180519085902264e-07,1.1050213533568773e-06,3.5414230414256503e-07,0.0004435835365420909,0.0031440532392910123,0.32110844008592776,1.7801327530681027e-06,0.07651570045031535
66,1.8286466309699836e-07,0.00015419637280480254,1.0434445500074926e-05,0.0002725156027881512,0.011140128867666766,3.896176064062621e-06,0.11093847566928824,2.970860524463989e-06,3.8807295071240536e-05,2.2670136495674675e-07,0.5253855924248461,0.006023800633679779,3.2755520347167986e-08,0.005623218337227553,0.005843408627049675,3.033494224510415e-07,7.929754657486941e-05,1.0542122925881868e-06,1.7176777367786518e-06,3.825169504128689e-07,0.0004225146250688477,0.0025842408509928016,0.25847393280872133,4.120270509655032e-06,0.07299454850767106
67,8.578341391640404e-08,0.00011865942702978269,6.024600642525225e-06,0.00040107736350664135,0.006402231847233966,3.415113708183157e-06,0.07371843659936933,3.099809892968323e-06,2.4252765848270866e-05,1.833979014004359e-07,0.5375610862285958,0.006352659765022503,2.536655251337436e-08,0.010403432802890238,0.004052079504211726,2.577636561078735e-07,7.719348762234728e-05,8.530193289129666e-07,1.0895348855844239e-06,3.4039928146009113e-07,0.00037213800193907937,0.0028083409183356496,0.2995146972550623,2.799940334613889e-06,0.058175539303734
68,2.0213914777645952e-07,0.00018926542318642455,1.8308375442015606e-05,0.0008477628236443056,0.003717367184443577,3.0012751028024977e-06,0.12176110855628762,4.39200674416881e-06,4.4015030390680564e-05,3.1838247248048965e-07,0.4574426464443663,0.014347030894140059,2.468586043599091e-08,0.008673569679077871,0.00236093575531292,2.59440971305522e-07,4.648650903884165e-05,1.4988158880839109e-06,1.4515763130561695e-06,2.728930414115388e-07,0.000675234134136129,0.0031988042867316584,0.3303311853893119,5.523406117914274e-06,0.05632933489283025
69,1.026650446216824e-07,0.0001540517857878054,6.727198914462887e-06,0.00033755800205002254,0.007025033238530239,2.490261188940388e-06,0.10431203218663279,3.890764633973574e-06,3.0785249038877774e-05,1.6674055407686008e-07,0.5883423843445175,0.007659821327027074,1.934659710865704e-08,0.007537712543226273,0.005453437728084422,2.784142119093067e-07,5.1589424524631916e-05,7.221218666926194e-07,1.4406913089630695e-06,2.64109610765779e-07,0.00033284881912556095,0.003066749273020457,0.2262331320933137,2.7764875245950725e-06,0.049443985183664746
70,3.007828148948605e-07,0.00017268145832403272,1.6627046020572663e-05,0.0005747711257480566,0.011601344119557842,2.5367902863852227e-06,0.20244738843904553,8.52734778509567e-06,5.3616244854334294e-05,2.4022996787563234e-07,0.46696135998698984,0.014100183802089925,4.3219038386531114e-08,0.014752246114728395,0.010040484974018002,6.572622357076049e-07,8.136918916056498e-05,1.9727051190552124e-06,8.021025224993649e-07,5.01743840934485e-07,0.0002594691786352484,0.0034050754423981203,0.13603220740143276,1.622606758794063e-06,0.1394839706866271
71,1.33331308977179e-07,0.00027214995297513583,5.516084212424394e-06,0.0003694181420705844,0.015048659650605449,2.068771437254204e-06,0.1338910765221932,3.1753694110396935e-06,3.4523543368351644e-05,2.481129960529883e-07,0.4058718065610053,0.009011524507275834,3.269256988495634e-08,0.010967841805094747,0.005480709115741849,3.2943994717957986e-07,8.007509256248754e-05,7.126064051073557e-07,1.1534544513108468e-06,6.284783522853327e-07,0.00037213364093293555,0.002630653147463418,0.3297746815165215,2.4821926801940072e-06,0.08617826626841733
72,1.5374613591748186e-07,0.00013889557757316217,1.1304347329934793e-05,0.00039127098100764235,0.006539321457138231,3.2717118265140366e-06,0.1456919828739723,6.174048810810704e-06,5.655607538176697e-05,1.7150882927919902e-07,0.635804981058782,0.011615794094308898,2.7897849456673172e-08,0.007478621880347703,0.007703330161339397,4.452163101387571e-07,4.66164362826512e-05,1.2677560216373703e-06,1.8398682594230526e-06,2.2168278503524483e-07,0.00044671538020728057,0.0038011118925135824,0.12712922350061948,3.127943232507666e-06,0.05312757290313509
