,0,1,2,3,4,5,6,7,8,9,10,11,12,13,14,15,16,17,18,19,20,21,22,23,24
0,0.0006988820412442853,0.29409967974502677,0.007669355181789508,0.007348023688020662,0.09278457551635143,0.0006212800632786463,0.0015888826365700734,0.0001344125639465862,0.09308104523381347,0.0002222185990250857,0.1735034796896002,0.00012770377231943088,4.270415795174489e-06,0.00677282539826751,0.0630704776225692,2.0415451728684114e-06,2.6599673460788934e-06,1.2190307368079057e-05,0.03542742382336992,8.092784850725068e-08,0.0010971526751948277,1.7836165479268468e-05,5.546826684807269e-05,0.00019087280550161124,0.22146716134825267
1,0.00038507885857683226,0.2867079653116536,0.0047663019080157396,0.006670667771671762,0.06156331331231686,0.00045662932263074873,0.0012485568297168027,0.00014805412576187794,0.13725701217840505,0.0003803401018046943,0.07660859821725324,5.881777684088588e-05,2.3684100325899064e-06,0.005286049497200533,0.06493698635841831,2.4959757960304023e-06,1.6112419808586603e-06,5.966710434557579e-06,0.05911786687712873,6.49560086850334e-08,0.0013038400044510321,1.602225515329611e-05,3.404338936527837e-05,0.00010458321747705114,0.29293676539190494
2,0.0005674464986126451,0.31429849776955776,0.0021339132376167317,0.0052982470575685765,0.043988300134154036,0.0004247435549631713,0.0010882988800940976,9.798046018323036e-05,0.0366157198866839,0.00020227352573413523,0.08077814105966355,7.520808328244214e-05,1.6656374214015752e-06,0.005412640459552911,0.12163478490224718,2.4462565607625954e-06,3.902587473243954e-06,9.596848469016015e-06,0.030713090557117496,4.7238313050151576e-08,0.0015536533676295747,3.2228983276251555e-05,0.00013876811249075464,0.00013972711487244074,0.3547886777864617
3,0.0005267225899698065,0.37096409263621566,0.004041720272041102,0.008705680268793885,0.06310432387843454,0.0003723830752215314,0.001186670735760118,0.00012322060678552596,0.049702747953659115,0.00025934463932447005,0.10359779317409529,8.596872614640001e-05,2.8316612397291133e-06,0.006001727111365079,0.05103333264506002,1.5233248865254482e-06,2.9607323326266424e-06,1.360002864742916e-05,0.028087839750121052,6.042044428807766e-08,0.0013908766847542805,1.9905748344623943e-05,6.969872697834586e-05,0.00017867980832550413,0.310526294801053
4,0.0004969722737995612,0.40234070507350306,0.0046522387144288515,0.008694182829408916,0.07576189846883931,0.00042713584669314396,0.0012183721313255601,0.00010626454924321689,0.05128200738262441,0.0002682828053911623,0.10484087709006883,8.957103396310689e-05,3.875314086388451e-06,0.007531150831239747,0.04934875630702263,1.5074297338856663e-06,2.776854574658452e-06,1.394464055597833e-05,0.025740226321466466,6.247995128697999e-08,0.0012479057258074863,2.003632212213318e-05,6.897195236134591e-05,0.0001835170999726054,0.2656587605218162
5,0.0004376958000899901,0.4021850792708281,0.003582820786146684,0.012527838501875785,0.06752090558459863,0.00034429000538982923,0.0010826240269997663,0.00012842549943352,0.03540380660195702,0.00029716045253000157,0.10275994423313388,7.816749423480752e-05,3.099828671006751e-06,0.006031868280850576,0.03542615481916305,1.241954356450945e-06,3.086942869705081e-06,2.0007398548820076e-05,0.02098996610611145,6.500400962275048e-08,0.0015947993563423717,1.737569352270548e-05,8.308126710556763e-05,0.0002136604246989226,0.30926683466653176
6,0.0005267225899698065,0.37096409263621566,0.004041720272041102,0.008705680268793885,0.06310432387843454,0.0003723830752215314,0.001186670735760118,0.00012322060678552596,0.049702747953659115,0.00025934463932447005,0.10359779317409529,8.596872614640001e-05,2.8316612397291133e-06,0.006001727111365079,0.05103333264506002,1.5233248865254482e-06,2.9607323326266424e-06,1.360002864742916e-05,0.028087839750121052,6.042044428807766e-08,0.0013908766847542805,1.9905748344623943e-05,6.969872697834586e-05,0.00017867980832550413,0.310526294801053
7,0.0005410135361330119,0.4245290828654989,0.004776423719881248,0.00807395427458525,0.04992686995226669,0.00030676476075918135,0.0014108668020999583,0.00011192475194929324,0.05562736761008784,0.0002174008544683584,0.12132448248835383,7.750035508568636e-05,3.860410465638431e-06,0.005168198241829894,0.04242768195040762,1.0675486061527836e-06,2.6381758916811736e-06,1.409457901951748e-05,0.022109235943348904,7.038603130895644e-08,0.000985524306760721,1.6337787468809943e-05,5.058429792324799e-05,0.00020927758922781363,0.26208777681184947
8,0.0004071002330446639,0.2961419185298838,0.0032102534946506483,0.010366070381345058,0.038010774907382416,9.57818540427759e-05,0.0008688525566619,0.00012477373347870643,0.022844223906587115,0.0003080046948448435,0.021248526942902773,3.606700652665772e-05,1.9084826184191927e-06,0.003704157713854198,0.03046076118859963,1.2684775752033248e-06,3.131978801773819e-06,6.77108020874369e-06,0.013110652505386254,3.279813942690601e-08,0.0010504840161647264,8.949538603732711e-06,7.079879659047121e-05,0.00031396867465931374,0.5576047665074468
9,0.0003321554322087202,0.39841963225551963,0.007205539508153507,0.010210918205842428,0.041928038125308265,6.062022016948181e-05,0.0008483593957744097,0.00012406640677453556,0.04456602627079395,0.00024307918718190663,0.026706922815888524,3.194787885153274e-05,4.110053895295888e-06,0.002781238103969721,0.019749586569957105,4.956723473900273e-07,2.596291960014888e-06,6.301976509317542e-06,0.009080908154982309,4.052131202658841e-08,0.0005514317437520817,4.982704753330393e-06,2.3608647748387153e-05,0.0005039019156391136,0.43661349194070714
10,0.0005267225899698065,0.37096409263621566,0.004041720272041102,0.008705680268793885,0.06310432387843454,0.0003723830752215314,0.001186670735760118,0.00012322060678552596,0.049702747953659115,0.00025934463932447005,0.10359779317409529,8.596872614640001e-05,2.8316612397291133e-06,0.006001727111365079,0.05103333264506002,1.5233248865254482e-06,2.9607323326266424e-06,1.360002864742916e-05,0.028087839750121052,6.042044428807766e-08,0.0013908766847542805,1.9905748344623943e-05,6.969872697834586e-05,0.00017867980832550413,0.310526294801053
11,0.0005297688065007665,0.38990401152410586,0.0042173594086560694,0.00873908887772687,0.06253633651124235,0.00037108955353309215,0.0012148264633990058,0.00011827272521552226,0.04934446936023916,0.000256268741581201,0.1053683846524281,8.804295990033146e-05,3.3252735648036403e-06,0.006229745486438413,0.04823658231845179,1.4376740764745765e-06,3.0107184770806407e-06,1.4482081345111387e-05,0.025886116552420173,6.431712991595284e-08,0.0012911891168985155,1.9927988645249913e-05,6.901452499281363e-05,0.00018797526248622842,0.295369209100545
12,0.0006197340226813008,0.43449967672851564,0.0027513284171508867,0.010592946261043252,0.12414524072913759,0.0005827311999348128,0.0007601714655638757,8.313097475956862e-05,0.01066994196291094,0.0002788086148157733,0.09338844010477433,0.00018962718485839684,3.443246935050893e-06,0.014146045928578146,0.03707530974078924,2.001949398740825e-06,5.939925668126244e-06,3.756451209007405e-05,0.01637442215915206,4.9526388946574414e-08,0.0020863894429901542,4.618245524185831e-05,0.0002498596036784979,0.00019931610800108605,0.2512116977349416
13,0.00047202016610923116,0.3956850594293552,0.0035631357962755713,0.009211557391783014,0.061053712894198045,0.0003763446213662311,0.0011897827015087455,0.00011875994952976785,0.04632196791383586,0.0003223229013248448,0.0817546163611236,6.349875555194335e-05,2.786733389352414e-06,0.005539669024315343,0.04635988907970712,1.657401798673425e-06,2.6061043619652304e-06,1.3469798458958694e-05,0.025937533494852998,5.950240819341095e-08,0.0013086415071464933,1.7851439428996743e-05,7.276794329509146e-05,0.00019350142928031827,0.3204167876595943
14,0.0010440618023249515,0.20843969071343796,0.004960352483616964,0.008317796127549721,0.050152658888866,0.0003431437386004099,0.001461288664771271,0.0001411267875039201,0.04345275183545626,0.00014474020900178287,0.11491420556681427,0.00018126767775630958,2.1495414286916167e-06,0.0072429807913067515,0.06794598187972685,2.238596473640986e-06,4.449325028733786e-06,1.3454210085025304e-05,0.03254408440725773,6.850772037240678e-08,0.0015712914375593029,2.4494975363008767e-05,0.00010717388911884119,0.00016008767671170612,0.45682846026651963
15,0.0005267225899698065,0.37096409263621566,0.004041720272041102,0.008705680268793885,0.06310432387843454,0.0003723830752215314,0.001186670735760118,0.00012322060678552596,0.049702747953659115,0.00025934463932447005,0.10359779317409529,8.596872614640001e-05,2.8316612397291133e-06,0.006001727111365079,0.05103333264506002,1.5233248865254482e-06,2.9607323326266424e-06,1.360002864742916e-05,0.028087839750121052,6.042044428807766e-08,0.0013908766847542805,1.9905748344623943e-05,6.969872697834586e-05,0.00017867980832550413,0.310526294801053
16,0.0004521401035105316,0.4041300298480123,0.0020932243052818947,0.011692093170126268,0.044942785335262775,0.0004761428140318236,0.001230550803108979,0.00014762201028135138,0.030515430374628873,0.0005743231134541286,0.09138145743868699,7.66386551996122e-05,1.6964597908452536e-06,0.005866155717304133,0.036524161586132704,2.4505147166102615e-06,2.8422784399483653e-06,2.6304363470735654e-05,0.030143118532664995,7.372942192486756e-08,0.003601621933327594,2.7990631061311024e-05,9.020125985041066e-05,0.00014249813942109524,0.3358584468828122
17,0.0005967272693593993,0.3329159713544198,0.004325315569787206,0.017743090964088746,0.06655082368076423,0.0003643529542958559,0.001282072855975545,0.00011339810306247948,0.024124448430379374,0.00024518152880636184,0.09577322619673809,0.00013790211744178,3.6483135423737855e-06,0.012801374824636608,0.0252760775141343,1.5696461226070406e-06,2.950160441496144e-06,2.565229778173734e-05,0.018223684867768503,8.468883412855041e-08,0.0017351104742748347,1.9331061780140352e-05,0.00013097303565331,0.00016450174817977286,0.3974425303417314
18,0.0011140293401104234,0.3801496901113559,0.003252633443211537,0.006553789201093202,0.026120376466940303,9.407814395080191e-05,0.000983425101131183,0.00011216266863867985,0.015017633525568265,0.00016628923494977705,0.045849717008737995,0.00014340819175112668,2.547088275103348e-06,0.004354723349425375,0.024635053592827805,7.898392239065271e-07,7.894006721071905e-06,2.544668267697955e-05,0.013513432517778324,4.0350254875406144e-08,0.0011814997613668037,3.0231545644910205e-05,6.493143892526138e-05,0.0003242054744237335,0.4763019719150167
19,0.0003306464035592728,0.363926350251087,0.009226989290128572,0.010082222595047147,0.12107474905764873,0.0003581229995676705,0.0008900250771584859,0.00015031901673735762,0.08910716512203154,0.00031184993250878205,0.0989076932909857,0.00012319110582686215,5.180737886750298e-06,0.007996915835056757,0.035300180304430766,1.0488268571539433e-06,2.639922447334423e-06,1.0683069145191906e-05,0.02630407074718321,7.717417412531313e-08,0.0010646132436521415,1.9845978953538707e-05,3.1844341872502105e-05,0.0001710438342752103,0.23460253184177834
20,0.00037513931214452353,0.4059196007951439,0.003104894412285472,0.007163242852697248,0.06772230646626043,0.00025842444873858784,0.0007881700486580681,0.00022002870737430146,0.051238684101837635,0.00032532913981184864,0.07266723329501189,8.420090615400676e-05,2.0532416079591813e-06,0.0045696037024303745,0.06858983376056017,1.284266514662314e-06,5.185328563749055e-06,1.1977483907465804e-05,0.035611028695057015,5.5795985247122376e-08,0.0018491740488792894,4.7381252355696845e-05,6.421382088744201e-05,0.00018530885006873187,0.27919564526706436
21,0.001058631985953468,0.30200130946697085,0.006239069910306964,0.013022161205532661,0.0697341969723847,0.000696904709762146,0.0022687670110249376,0.00010313811248891776,0.036317663162917624,0.0003212789633813811,0.1320019208593033,0.00022275552236306653,5.3316252569704796e-06,0.013039660398625986,0.039602706399660605,3.9800839678766446e-06,2.7790338772830428e-06,2.3731810422692896e-05,0.025141350965079287,1.1224862975533932e-07,0.0018176685570752285,1.7478690337049147e-05,0.00013084111835158244,0.00018975625966075884,0.35603680492666495
22,0.0007984749397251046,0.32745783964259845,0.004731741259341349,0.00933920848892583,0.06639107290702727,0.0005784942397071181,0.0014289868458232972,0.00014706017885264474,0.03991560521762895,0.00025617491008083276,0.19333223296588267,0.00015673509147131896,2.588475436016667e-06,0.006986586921876694,0.05052368701371423,2.1476377336800162e-06,4.714231135572463e-06,3.1031434627089894e-05,0.02734160381012412,8.596975772294233e-08,0.0025801860804786645,3.1014921552211906e-05,0.00010126996263062217,0.0002062612674497342,0.267655195586419
23,0.0005267225899698065,0.37096409263621566,0.004041720272041102,0.008705680268793885,0.06310432387843454,0.0003723830752215314,0.001186670735760118,0.00012322060678552596,0.049702747953659115,0.00025934463932447005,0.10359779317409529,8.596872614640001e-05,2.8316612397291133e-06,0.006001727111365079,0.05103333264506002,1.5233248865254482e-06,2.9607323326266424e-06,1.360002864742916e-05,0.028087839750121052,6.042044428807766e-08,0.0013908766847542805,1.9905748344623943e-05,6.969872697834586e-05,0.00017867980832550413,0.310526294801053
24,0.0002727518736531033,0.4659525500811143,0.003499282968468977,0.014138359877259542,0.08312642816930897,0.00037015760703119715,0.0008763731285214107,0.0001014468489768829,0.03556162035862222,0.00036381324542634824,0.0788951818523081,6.659415359143356e-05,3.7995221853666256e-06,0.008967696139234663,0.025156635721600953,1.0986758993632478e-06,1.8216794182522154e-06,1.5544685951644968e-05,0.021938072019141063,6.594367395499945e-08,0.0013329811281515924,1.5721803311724155e-05,6.11448630712622e-05,0.00013026596853231618,0.25915059168554544
25,0.0008394534482704583,0.2822427672162895,0.006904431148925611,0.017807333643864266,0.05509688551392262,0.00021827280266036603,0.0022120293562538826,0.00030359650687294655,0.04076863571144326,0.00015657275345645335,0.2749910334018481,0.0002223760002350392,4.705362974663477e-06,0.00670880706172136,0.029949763193881082,1.1224594808378026e-06,5.597468241400606e-06,2.640203232022605e-05,0.031656292753568814,1.50931103090678e-07,0.0018886645665627888,1.9490684280189367e-05,8.150444546845621e-05,0.00025522843544588234,0.24763888310090865
26,0.0013200876493976122,0.429128148926327,0.007651097942650577,0.008099125828617762,0.045321873032084035,0.00013201515799046747,0.001413728075358175,0.00019298480264597623,0.0426278815290783,0.0001695928439351337,0.10442266590765745,0.00011085845328177847,5.769875534501817e-06,0.00258511356880346,0.03157786991271434,6.421753153990272e-07,9.95887092321358e-06,2.927787313603385e-05,0.012214153684635696,6.433939224767107e-08,0.0008241368806006977,1.8221874035594657e-05,5.3666809412353125e-05,0.000930162409845413,0.3111609015766268
27,0.0004689170448912695,0.30348022696734933,0.0030726021762418703,0.005254552423994977,0.038491141496930247,0.00040933709311561544,0.0009883787339327829,0.00013425120113399054,0.0848562261844633,0.00028089703608290956,0.06862465608020712,5.255097367025727e-05,1.4493105454114408e-06,0.0034775059087782697,0.07775247087778071,1.7478163206998812e-06,2.383010827421036e-06,8.948128550497753e-06,0.03159003983702874,5.980225624613181e-08,0.001197197312676352,2.7346942494181033e-05,4.969243728657298e-05,0.00013012861840838486,0.37964729258503277
28,0.0005267225899698065,0.37096409263621566,0.004041720272041102,0.008705680268793885,0.06310432387843454,0.0003723830752215314,0.001186670735760118,0.00012322060678552596,0.049702747953659115,0.00025934463932447005,0.10359779317409529,8.596872614640001e-05,2.8316612397291133e-06,0.006001727111365079,0.05103333264506002,1.5233248865254482e-06,2.9607323326266424e-06,1.360002864742916e-05,0.028087839750121052,6.042044428807766e-08,0.0013908766847542805,1.9905748344623943e-05,6.969872697834586e-05,0.00017867980832550413,0.310526294801053
29,0.0005267225899698065,0.37096409263621566,0.004041720272041102,0.008705680268793885,0.06310432387843454,0.0003723830752215314,0.001186670735760118,0.00012322060678552596,0.049702747953659115,0.00025934463932447005,0.10359779317409529,8.596872614640001e-05,2.8316612397291133e-06,0.006001727111365079,0.05103333264506002,1.5233248865254482e-06,2.9607323326266424e-06,1.360002864742916e-05,0.028087839750121052,6.042044428807766e-08,0.0013908766847542805,1.9905748344623943e-05,6.969872697834586e-05,0.00017867980832550413,0.310526294801053
30,0.0005267225899698065,0.37096409263621566,0.004041720272041102,0.008705680268793885,0.06310432387843454,0.0003723830752215314,0.001186670735760118,0.00012322060678552596,0.049702747953659115,0.00025934463932447005,0.10359779317409529,8.596872614640001e-05,2.8316612397291133e-06,0.006001727111365079,0.05103333264506002,1.5233248865254482e-06,2.9607323326266424e-06,1.360002864742916e-05,0.028087839750121052,6.042044428807766e-08,0.0013908766847542805,1.9905748344623943e-05,6.969872697834586e-05,0.00017867980832550413,0.310526294801053
31,0.0004383397297436083,0.4625239805601014,0.00599094827657038,0.012699073264660419,0.08043376681620922,0.00011312200558689076,0.0007442170304075408,0.0002155602673880353,0.03587145357370425,0.0003152675397698721,0.04460380185617691,8.074400503076037e-05,4.655810528657921e-06,0.005172586823442279,0.017289762157373375,7.0124718509777e-07,4.0701757346709414e-06,1.485252830051906e-05,0.020413953386351425,5.844651391718523e-08,0.0010130614608687754,1.5039832652583165e-05,3.5646043417496355e-05,0.00034759317643811313,0.3116577439858436
32,0.0005131716097600991,0.36038236774834964,0.0038031806064906444,0.007849538845397177,0.06179592273113984,0.00037130425591577434,0.0011375049290493857,0.00013120200513078853,0.05697063603663699,0.00026933195343430914,0.09623549892113874,8.236131063925281e-05,2.5680168613634228e-06,0.005773572178845345,0.05772328000137224,1.6458813454329924e-06,2.95748617785501e-06,1.1774822182362209e-05,0.03479561723128379,5.779698547523498e-08,0.0014535012286632832,2.1834496910281987e-05,6.354962471999409e-05,0.00015806116815735447,0.31044955911341254
33,0.0005015828550339899,0.6545992735064721,0.0017860306062042147,0.005906698568366922,0.0886759274409029,0.0002622583340711114,0.0006230890240374673,0.00010921082543447735,0.010053278060767636,0.00023171429622394815,0.06817508771050529,0.00011908212742316094,4.610269706131616e-06,0.008173411970915215,0.03076969135388189,1.0047442999249227e-06,7.25733079218488e-06,2.7037049860686847e-05,0.021023230159430206,4.961234353440887e-08,0.0010400670209854568,8.08458464410499e-05,0.0001141226209664896,0.00019764824419336358,0.10751779042074057
34,0.0005382988464876473,0.3597135986994758,0.0041539291057107386,0.007946662581698918,0.05898414349954342,0.00037095549186984023,0.0012099050662278702,0.00012175676900897167,0.058811442295859925,0.00025301779275108843,0.1003147880117478,8.011559580309854e-05,2.7149764876603822e-06,0.005671144752643669,0.05393563256146209,1.521189010768843e-06,2.7020529005182234e-06,1.2123511404093395e-05,0.03019373208480861,5.863954409748106e-08,0.001309528096469411,1.9030489383371367e-05,6.023466483754928e-05,0.00016889448052920359,0.31612406874433363
35,0.0006670585532862215,0.323693374438052,0.0032336069931740027,0.008409281010851491,0.028332287074349146,0.00016408477186985216,0.0009243868066927546,0.0002208260260524689,0.06888137889410455,0.00031461282082923144,0.05747410261492654,7.347406259029686e-05,2.1457353755019722e-06,0.0025365418716398894,0.02346925706634697,7.688361355750369e-07,3.498633630421185e-06,1.8682799520559088e-05,0.03006050464143104,6.283945437116688e-08,0.0012051483158914786,2.0679018949459087e-05,2.5224409838308033e-05,0.00019217960839830808,0.45007683215660954
36,0.0006618798939098234,0.22593791168591104,0.007300011106804614,0.005095691444878528,0.09299621500176185,5.279157501268511e-05,0.0004157066969773054,0.0002759213403338388,0.05969646694985969,0.00018101519288348252,0.021747662357554348,0.0002572088657646516,3.600264701466593e-06,0.004881821178373939,0.050592110638727886,1.0340619876702208e-06,1.2484215631007056e-05,3.1801454262230675e-06,0.0645320424139202,2.701331896880503e-08,0.0009261560451249691,2.8817766453248303e-05,2.197084243923142e-05,0.0001972505986226158,0.4641810227036207
37,0.002905203289035902,0.40583551180735233,0.006758147221876582,0.007011594200318652,0.041675586045462704,0.0002187124661804398,0.0021737957266892145,8.598438323836263e-05,0.01981794805800361,0.00010143908028105057,0.1354834372847995,0.0002454648951252774,4.837709872309114e-06,0.009552110774592766,0.026565153547393094,1.191076218266615e-06,5.0441046626004006e-06,3.6147026946294417e-05,0.018581344583126467,5.577184675127498e-08,0.0009744310655059057,2.1411598132523307e-05,7.336842068666739e-05,0.00033751902166448194,0.3215345608409883
38,0.0012896501694926684,0.23934453268123076,0.002534058844060341,0.003976282676796762,0.033151117702488554,0.0016053364099191697,0.003516548589102841,5.673430881805656e-05,0.042068886873372964,0.00017952577601640802,0.2521129987841972,9.649080467710417e-05,1.5525904050570538e-06,0.0072606694835704155,0.14473969342845192,6.5932786182752325e-06,1.7819308026710957e-06,1.7355953511942135e-05,0.033910112076204785,6.862786935473431e-08,0.0018294300451270958,2.5636100230267543e-05,0.00020204140321937087,0.00011586879857668851,0.23195703266323922
39,0.0005182058135335447,0.13664439808064213,0.004699453650988812,0.013315929707575684,0.10179532710325864,0.000771759605359871,0.0009478086105122228,0.00027798170783349934,0.06337875985064587,0.00043089557685008526,0.11517783057184898,0.0001893226071666228,1.2858377739377984e-06,0.006517752188575207,0.057513186144775554,5.562405882740399e-06,3.482257510380169e-06,1.4586353146788397e-05,0.06130222543757511,9.630483202934085e-08,0.004931534640363045,2.1256311740261244e-05,0.00010397280587044976,0.00010866839562872102,0.43132871803010986
40,0.0015063912952703025,0.3922684190803574,0.004022771647543141,0.002629789350230111,0.03807262037856321,0.0004392214753685734,0.0012357963248304093,6.378557193845113e-05,0.039814628436072766,0.00010712741690865631,0.11877418781175365,0.00017162790048506966,1.6209305014560366e-06,0.008836563063144332,0.07273957129716978,1.4016384885698631e-06,3.360947400527657e-06,1.8100086420372787e-05,0.031727158255490134,3.836134971014642e-08,0.001265897032678374,6.524013896258317e-05,5.239435586095171e-05,0.00010670370718494897,0.28607558349602646
41,7.24231887887919e-05,0.2056424697057301,0.006793084535015618,0.0028251734692591656,0.11849820880106744,0.0003984924139962013,0.00030812810000246655,5.345609445632163e-05,0.3395897036453253,0.00034019499128620263,0.020185515995882423,9.256586165848489e-06,1.2750801980280023e-06,0.0028304195649710815,0.08050954085162575,1.0785445681549814e-06,3.371612742185061e-07,7.634831556306606e-07,0.022351975785652806,1.566158300160223e-08,0.0004437555693882511,3.7362630879978634e-06,6.9856286354639245e-06,7.643465069516934e-05,0.19905757422818857
42,0.0005256065151627755,0.2770571470602479,0.002276043734493272,0.004473533367844334,0.044396141866960524,0.00028086170731948703,0.0009385775136409659,0.00036995820148789867,0.06735387513487308,0.00034970863656955413,0.07284871782636751,8.547642267035777e-05,8.478569268017023e-07,0.0028640826959409928,0.13410424882617747,3.6266627971781784e-06,6.592776939235687e-06,7.0850608747011555e-06,0.1006461573319656,6.777843695807574e-08,0.003022175902457225,7.539211388805639e-05,6.739871734976465e-05,0.00012041773093848244,0.2881262585576698
43,0.00018827166541893978,0.29842801130123825,0.001447664434370414,0.009241081511769906,0.11766716651813516,0.0010049932462719883,0.0005677305544363903,0.0002720990962695895,0.0676451217591467,0.001358187568647692,0.06329875929110844,4.3423779455568504e-05,8.609362627246077e-07,0.0035336659154704413,0.08936285441322303,4.995608813857763e-06,3.1802236068824706e-06,1.160859874178393e-05,0.06677967237100599,5.139885860365716e-08,0.005444305591996394,4.298569617926934e-05,9.67162185785178e-05,0.00011192277711951321,0.27344466952387386
44,0.0005267225899698065,0.37096409263621566,0.004041720272041102,0.008705680268793885,0.06310432387843454,0.0003723830752215314,0.001186670735760118,0.00012322060678552596,0.049702747953659115,0.00025934463932447005,0.10359779317409529,8.596872614640001e-05,2.8316612397291133e-06,0.006001727111365079,0.05103333264506002,1.5233248865254482e-06,2.9607323326266424e-06,1.360002864742916e-05,0.028087839750121052,6.042044428807766e-08,0.0013908766847542805,1.9905748344623943e-05,6.969872697834586e-05,0.00017867980832550413,0.310526294801053
45,0.000579011885737522,0.30208372203107464,0.007221177280945554,0.005742499923216851,0.09148561494862129,0.00032699834971365013,0.0017353166793997684,0.0002173468408241562,0.11417706806182767,0.00023324038508964782,0.10843665298800301,8.98698371462976e-05,4.401038957059513e-06,0.00488141780686684,0.10612315248920388,2.1520871541638144e-06,3.665990724239735e-06,5.273973601613164e-06,0.050129148747612894,6.866059137203748e-08,0.0008582638981348245,2.1083428849472726e-05,5.214635701082452e-05,0.000261322656808356,0.2053293836528844
46,0.0008200460055161615,0.383077494144421,0.004084091411467232,0.009414902381127029,0.062365254773099975,0.00017017558864097047,0.0008952378821760328,0.000224345409734122,0.030779942057389934,0.00021757241122230309,0.09537331122626426,0.0001503239618123951,3.561383067664828e-06,0.0038947324018205544,0.04718796292966892,1.1139785562460995e-06,1.1555173617946438e-05,1.954632373610051e-05,0.025377397932919897,6.182374293458108e-08,0.0016148782576387046,3.0968665593176155e-05,8.425321000742641e-05,0.00037187918336278224,0.33382939148339613
47,0.003708756729153678,0.34836499519106967,0.0036704708724227867,0.0031673741759379787,0.021314470109862392,0.00024668207289472684,0.0015162039314964594,0.00011933072844410327,0.023961716305212467,0.00012197696044231712,0.10669555951478114,0.0003738756994646049,2.280708008740846e-06,0.004385292081826239,0.0550031050157698,1.9218885356799953e-06,1.0386302382558539e-05,3.384837747026059e-05,0.028136844634623886,6.780638367470833e-08,0.0014372933126752128,7.780631876349789e-05,6.726078621424222e-05,0.00022829907313053866,0.39735418140303325
48,0.00046267742253466783,0.6201408262779142,0.0011186101933740122,0.004342259646324869,0.034074248468987586,6.048607126039627e-05,0.0007857328043246891,0.0002456282088452887,0.017947237556736585,0.0003133059819812957,0.026055042633791953,4.4110719316666476e-05,2.6664965010536237e-06,0.0025369776240568138,0.051614701855936036,1.0942076788037173e-06,1.1163416913114215e-05,6.717140470210932e-06,0.05598244361940862,3.2435018035308004e-08,0.0009623765026732791,5.269327013721702e-05,6.0532097371438294e-05,0.0002488372440300311,0.18292959810441328
49,0.0006152214610421353,0.31723329822031154,0.005723992628467075,0.00905133844418735,0.09784474483541412,0.0006861262690675979,0.0010803554934228836,0.0001352109178699702,0.05128710622909107,0.0002532257030719472,0.16180952983129063,0.00021335046596702008,3.5439830559016068e-06,0.009143554554173913,0.05316078354472223,1.9212257918599515e-06,3.91967910658076e-06,2.2165676777525018e-05,0.028345413450516603,9.136783959749108e-08,0.0018027621442557567,3.673621170298118e-05,8.666091283173248e-05,0.000150988176870602,0.26130795857315126
50,0.00041352331169433663,0.39940462925844855,0.003226109748008183,0.0078121593977481425,0.052916286448597076,0.0004034762522306471,0.0017516041926086909,0.00012187193578783841,0.07148380368987456,0.0005158361453850772,0.049739248372537584,4.059983588723437e-05,2.4882422194127076e-06,0.007564162411226446,0.04494355716483944,2.6328051024993696e-06,1.2614474703545952e-06,7.3760757021042475e-06,0.05178489916951798,5.696523062692562e-08,0.001108330708587537,1.9725331599673276e-05,4.789811851180876e-05,0.00011164959946183597,0.3065768133717224
51,0.00038448598608398357,0.4771419645899851,0.003421626296724106,0.016592157562561202,0.04415297051390309,0.0003019998669161721,0.0015660823282401687,0.00015562171817554436,0.03519591398255698,0.000331052468511308,0.14417120725818974,8.586132209330523e-05,3.142702590061103e-06,0.007926441093388869,0.018082477214571697,6.115801874003804e-07,2.0558048420332743e-06,4.033758614621394e-05,0.019085002387096116,8.853426716459247e-08,0.0020281099738578634,2.5641121669526014e-05,5.1599070607445894e-05,0.00015098662753114736,0.22910256240930388
52,0.0006936921132474668,0.2764927454618362,0.00240343157809768,0.006903829550252098,0.02375379706356131,0.004631209984973993,0.002748324027768424,3.3676002786748324e-05,0.048273552918103584,0.00023709498920887774,0.45136802923570685,6.295490474218195e-05,2.9912662035097973e-06,0.00588088534812083,0.03604391472570588,1.99131235377841e-06,7.918002050063599e-07,0.0001236829740142207,0.005808443200440819,1.899734206317229e-07,0.0011581022046804898,2.3938614404429562e-05,0.0001484414151055472,0.00011863902925032054,0.13308565030580913
53,0.0006111099036784115,0.3422445533149328,0.0037711088087096804,0.007899668758977572,0.03733566518818244,0.0004402653593002836,0.0019773614882035054,0.00010295464632451189,0.05451749017636598,0.00021807433512792073,0.13563542222232014,6.648579212341394e-05,2.5931119563063498e-06,0.0051905379050959525,0.0642252711950486,1.8621938058493138e-06,2.334824621133981e-06,1.3966888547212883e-05,0.023875590938128598,7.793556277828376e-08,0.0012170355005350338,1.7235027812606883e-05,8.995372496099023e-05,0.00018429159092411384,0.3203590891687541
54,0.0005538650154548701,0.3536470980389129,0.002405381003100056,0.0037960027683721894,0.014686169178913681,0.0002891086856144998,0.0016615545112290172,2.954700489954665e-05,0.03675137789407705,0.00020875966423682156,0.028202548991580017,3.8562739106725686e-05,1.6033351398898954e-06,0.007571611311041858,0.04279764994595269,2.1961020129578504e-06,6.407543725461202e-07,5.006321776923572e-06,0.018495459267098995,4.208799981131117e-08,0.000569928298250828,1.2697595444954081e-05,4.215197216675452e-05,6.0795551708255886e-05,0.488170241961536
55,0.0005785815055454767,0.3648043513543589,0.004597046039484202,0.008704094505172419,0.05559601046288686,0.0003307918330065162,0.0012051882370429387,0.00012037729981368693,0.055322295414779135,0.00023362269490608957,0.1049763809393056,9.476655252417575e-05,3.2303889946996705e-06,0.0055861031167324235,0.043397618160610975,1.2407022111973353e-06,2.8569501426446307e-06,1.4580705255208961e-05,0.025228072909101708,6.467113114518428e-08,0.0011932347837239569,1.782402695805898e-05,5.5425501789671425e-05,0.0001851247047359811,0.3277511165397864
56,0.0005216753685520782,0.39689084461595053,0.004313849630792406,0.008602472173457939,0.06365414572430496,0.0003577256774602119,0.0012013668997685654,0.0001218408440481007,0.051784311270072825,0.000256425244785712,0.104564099691384,8.584417196240657e-05,3.4988590055273986e-06,0.005980474489434024,0.04884181069252427,1.3968077806735601e-06,3.072419084148345e-06,1.3923197243281528e-05,0.026488781131504553,6.480773007856377e-08,0.001246504991339233,1.9550516823276098e-05,6.515235707465136e-05,0.00019489644282734533,0.28478627197508916
57,0.00039334537646021475,0.26516620934996454,0.007580707005205053,0.007375684407195189,0.15548595280351588,0.0002147406652203273,0.00043212098986431294,0.00029804127478379617,0.08851844629138277,0.0003757428754121529,0.05341067850250217,0.00023333262178341487,3.234890948128546e-06,0.006073696192148973,0.04690481762056325,1.5872852755134854e-06,7.272916392243088e-06,7.046393613302233e-06,0.06900416721854796,5.227617283180538e-08,0.001956525104392134,3.64487055332516e-05,2.5564407758479747e-05,0.0001401585283245101,0.29635442629703956
58,0.0005522609424214437,0.4071487372925419,0.0042499409324980204,0.008236606223818655,0.06255669380919521,0.00028876967843288097,0.001169428285252368,0.00013246321698009463,0.044283703718765666,0.00025248720960267297,0.09756373878162983,8.375137028278571e-05,3.2648129769281814e-06,0.0050933471814318485,0.049676561803067884,1.3086080254253506e-06,3.9351723291999005e-06,1.4535082960085887e-05,0.02399082053162326,5.6664768604373046e-08,0.0013010918389915263,2.0277542574593604e-05,7.089894767279287e-05,0.0002553863500880449,0.29304993400206825
59,0.0005988857362475866,0.38805940442721626,0.005540305673908352,0.008822103664708376,0.06590803433099914,0.000266755974934317,0.0012291592428419478,0.0001413902298013337,0.04614195308853528,0.00023900486216272494,0.10110367443296009,9.163839936248575e-05,3.559041945128144e-06,0.005049864028937691,0.046269105408893084,1.2740020144579605e-06,4.153051943356579e-06,1.559959741843692e-05,0.021084946553141044,6.135700294134426e-08,0.0012857897391333544,1.788799662041361e-05,6.690122568900758e-05,0.00031561780654319293,0.30774293012703996
60,0.0005267225899698065,0.37096409263621566,0.004041720272041102,0.008705680268793885,0.06310432387843454,0.0003723830752215314,0.001186670735760118,0.00012322060678552596,0.049702747953659115,0.00025934463932447005,0.10359779317409529,8.596872614640001e-05,2.8316612397291133e-06,0.006001727111365079,0.05103333264506002,1.5233248865254482e-06,2.9607323326266424e-06,1.360002864742916e-05,0.028087839750121052,6.042044428807766e-08,0.0013908766847542805,1.9905748344623943e-05,6.969872697834586e-05,0.00017867980832550413,0.310526294801053
61,0.000555560442072374,0.3820178606942548,0.005800847594140763,0.00842113415865997,0.06849187444504536,0.00028323475451508885,0.0011531401598502632,0.00012974589414849883,0.05054352984994942,0.00022168008856205087,0.10803008450810558,9.758049244509465e-05,3.4819054573445326e-06,0.005469996951421311,0.046761326392624404,1.2214067049013257e-06,3.696070852567879e-06,1.3977305973151645e-05,0.022689307158005764,6.118610239715963e-08,0.001253278044601692,1.783405735626871e-05,5.862289823981025e-05,0.0002554706517633058,0.2977254528891477
62,0.0005267225899698065,0.37096409263621566,0.004041720272041102,0.008705680268793885,0.06310432387843454,0.0003723830752215314,0.001186670735760118,0.00012322060678552596,0.049702747953659115,0.00025934463932447005,0.10359779317409529,8.596872614640001e-05,2.8316612397291133e-06,0.006001727111365079,0.05103333264506002,1.5233248865254482e-06,2.9607323326266424e-06,1.360002864742916e-05,0.028087839750121052,6.042044428807766e-08,0.0013908766847542805,1.9905748344623943e-05,6.969872697834586e-05,0.00017867980832550413,0.310526294801053
63,0.0005077865365427842,0.4188733661892847,0.0037030756473363244,0.007606628392998337,0.05180108801922274,0.00031859933297132296,0.001161864695401144,0.00011208129145624624,0.048621366785080056,0.00024038123871738656,0.09815115077116453,7.109170684291921e-05,2.9237144394505724e-06,0.005086754411742003,0.04904793523066649,1.2422770918150536e-06,2.8706893561261116e-06,1.3284115258808349e-05,0.024676909815769227,5.895859880762837e-08,0.0011773763112678246,1.9608602481483698e-05,5.989798834261691e-05,0.00018747213637023403,0.2885551851415965
64,0.000499550129652531,0.3408976775315721,0.003480826754918861,0.008903063641090508,0.06402857099462325,0.00036530388928979543,0.0010508978088161472,0.00013947874599234977,0.04312192310650437,0.000278113689669994,0.11169783737463192,9.197630188222008e-05,1.974096903862257e-06,0.0054857168383316965,0.05601861637118048,1.7014281500633845e-06,3.443474658611592e-06,1.478976553109947e-05,0.03192677925609124,5.294414135823669e-08,0.0023372315301631572,2.0837156437626993e-05,7.591942898680086e-05,0.0001725577117967319,0.3293851600289832
65,0.00047210481844163016,0.2640904954479014,0.004066553531957408,0.013644354746677741,0.13902271308767244,0.0010388513916724594,0.0008950254680661651,0.00010333549002235861,0.030884334087745678,0.0003529256177618944,0.13991049518418103,0.00019742015306572526,2.4106035560672278e-06,0.014225220160222386,0.04304532675717108,3.047711366859697e-06,2.7561406925888086e-06,2.4935737629983916e-05,0.03147619057440599,6.970153500388054e-08,0.0031782953008022948,2.5826955002283413e-05,0.00013465472383081387,0.00010119209693548604,0.3131014645116833
66,0.00043852141462138566,0.2895125411400512,0.006043184940284669,0.010924990352863897,0.07827424122602976,0.0006296227469543198,0.0015543999730273652,0.00017194165150331538,0.12212204678213204,0.0005423195541732609,0.08245153625512439,9.735752331318616e-05,4.1040375940451805e-06,0.008309125337733541,0.03760326693363629,3.250975251057593e-06,1.519445937435479e-06,9.323828586430127e-06,0.06087072924176503,1.1986105854564943e-07,0.0012953572941773878,1.7880512010831663e-05,3.880940347016802e-05,9.831540271555026e-05,0.29898549416598497
67,0.0006542012872702869,0.16652981409350034,0.005198720756983895,0.011648681652098716,0.058938579393647945,0.0024163285126689296,0.0022536201225833753,2.250746749790037e-05,0.01229134791343667,0.00010237878710037591,0.24102245516742835,0.0002742623848554788,3.2342245318761248e-06,0.032745102854570544,0.07590448714944184,7.5007687532686076e-06,1.6645776283007268e-06,3.1037938520641134e-05,0.008269292419170836,1.7264390363692855e-07,0.0017489668860669492,1.7796672837982965e-05,0.0008440343154016586,8.179462378443843e-05,0.37899201738631577
68,0.0008265982224958443,0.2840548422494888,0.0018196901248773705,0.009482637440181747,0.021836397922475947,0.0007148702477415193,0.0012752848565831666,6.265345000856165e-05,0.01482853643795698,0.00013612390662054005,0.27075970219628415,0.00012999369652539545,1.6019695825982565e-06,0.003800994119682785,0.038057767587202355,1.2915005883296744e-06,3.89916085529003e-06,7.360753756508311e-05,0.007723320307202741,1.0245409175509952e-07,0.002199530186533876,2.4780194803785428e-05,0.0002228350566525454,0.00017450816527617553,0.34178843100872264
69,0.0004873133570431265,0.35278830057746746,0.004312129156963305,0.009845688293545634,0.05454775025754858,0.00029643959721490954,0.0011657663048962737,0.00013717284212579932,0.05100365657816991,0.000270116922573583,0.09110610180785933,7.680629317075744e-05,2.8416218261593805e-06,0.004940499272391245,0.04466490765875272,1.4333521005340515e-06,3.008020749420917e-06,1.3126942331882668e-05,0.02539914441587197,6.836068765670777e-08,0.0013581162395134006,1.5884203480686787e-05,6.250554171589978e-05,0.0002027845368673671,0.3572984378451324
70,0.0005529127679298742,0.3579935788799091,0.004455660397354731,0.008793470572015297,0.0635589489974784,0.00040640056046292695,0.001215154306168638,0.00010730105977553732,0.048397606576709315,0.00024568109413905184,0.10375375528646684,9.540353495815969e-05,2.9155767824366776e-06,0.007060697431900164,0.04877210753021669,1.5935564766892955e-06,2.70867034314112e-06,1.4080611585929697e-05,0.025984833537947095,6.217213907900276e-08,0.0013715534995896589,1.9520597154169567e-05,7.124976247211924e-05,0.00016505223687085396,0.3269577507831541
71,0.0014335471701377616,0.26078723515125884,0.004205035441425964,0.0109178656438528,0.025429568051876798,0.00029852730259509377,0.0032963642214964713,0.00019100504045275088,0.0329800397771919,0.00014193478188795613,0.22321498079367108,0.0001534360303942297,2.9847477357642656e-06,0.004849772108162942,0.05387102941027888,2.217217414306872e-06,5.419820254350842e-06,3.0923163698840516e-05,0.02594145815792897,1.4049375719502519e-07,0.0018685789677799255,2.1486013586550983e-05,0.0001545797424136171,0.0003031082672968989,0.34989876248345
72,0.0006419158403191268,0.49400873346154284,0.002045912534569127,0.011219771614961582,0.04483410870530581,0.00020415063392188086,0.0017143258706903745,0.0003298626878712287,0.023682909586311387,0.0003371368635213282,0.16786759205623158,8.156065941159137e-05,3.1974323630604204e-06,0.0028141421183841024,0.039081728050979286,1.1842795475761462e-06,9.530245163358651e-06,3.7581278372254716e-05,0.03412424229997594,8.576297544053261e-08,0.0024801319350133844,3.4453069326445074e-05,0.00010258731043450179,0.00043592929138682585,0.17390722641142004
