,0,1,2,3,4,5,6,7,8,9,10,11,12,13,14,15,16,17,18,19,20,21,22,23,24
0,0.005878256497936402,0.1642508224149782,0.0018717435495362123,0.008986374900428447,0.017102236013527047,0.007606171327561535,0.010704651574859652,9.618398125977401e-05,0.03855208149423481,0.0004147345714357822,0.19554672154459507,0.0003305707185216769,2.583481100524681e-06,0.025222412806116205,0.0537483512899538,3.705448442490045e-05,1.2134262521400972e-06,9.199238838296401e-05,0.06422181932024086,5.331171025598331e-07,0.001646467179784174,0.00011915271782028792,0.0006306211949155426,4.3368603428783946e-05,0.40289388140160265
1,0.003092524879233754,0.14854262556587094,0.001145026450897171,0.00810269416187162,0.010754943569512896,0.0053101696979984975,0.008448076432532682,9.888132946629045e-05,0.05228774530847365,0.0006438684319736645,0.08764987584469523,0.00014606539191644135,1.4076773452999428e-06,0.018724660356762422,0.052331990844887745,4.348035369915459e-05,6.891221013678366e-07,4.22059897790212e-05,0.09698599868622608,4.2236330551899827e-07,0.0018341556028047491,9.290556387389204e-05,0.0003886046126329547,2.3339240444040344e-05,0.503307642521695
2,0.004197102214422591,0.15222647808203388,0.0005206380067377308,0.005988342578523525,0.0075799842007690495,0.004539682607009223,0.006707047514736648,6.44516298022976e-05,0.014552739899099722,0.00032991071774585764,0.0858805733077069,0.00017733462421074426,9.535258106979254e-07,0.017887504899521234,0.0880821015259531,3.795489928050467e-05,1.5476746311502783e-06,6.267413287655891e-05,0.049245974805239734,2.8592797751631845e-07,0.0020155604649813256,0.00017559687598960494,0.0012993638856892325,2.92738508482378e-05,0.5583969221484031
3,0.004269705346301323,0.1911531515985379,0.0009329796518461216,0.009713715191353521,0.01073235841034023,0.0043012555089294805,0.007685238405543296,8.251350332968331e-05,0.019435399036030736,0.000442318908081864,0.11126990142116841,0.00020987631611790944,1.593655001233772e-06,0.020683562422146827,0.04179044864898488,2.6959316041759895e-05,1.2526939962941565e-06,9.323794319954145e-05,0.048881718189826985,3.7800160362972295e-07,0.0019362388325547203,0.00012169132289735127,0.0007398172841186551,3.789223084682251e-05,0.5254567961612009
4,0.004188904892789826,0.21473418661827617,0.0011347708896865428,0.010351477672768646,0.013310752432729575,0.005037587465124133,0.008399940632391311,7.542534098171195e-05,0.021159604224526597,0.0004724855488130649,0.11944726376621106,0.00022543664639429053,2.2451474760575963e-06,0.026741849233460385,0.042932001409978215,2.8107862524313986e-05,1.224905412256477e-06,9.630637304970721e-05,0.0472183447310294,4.123053106244047e-07,0.0018343882048060473,0.0001230011583202957,0.0007719728543645993,4.095567837207311e-05,0.4816713540052031
5,0.0036616637101102192,0.20989366308350438,0.0008417187653615688,0.013984155956289395,0.011645415330053135,0.004152099232420455,0.007199410175597434,8.734892829820891e-05,0.014322908881714497,0.0005212998770871195,0.11226112705727173,0.00019694463794883466,1.7773809021926313e-06,0.021216592594386584,0.029763856550746898,2.2808668765882407e-05,1.3219776346319575e-06,0.00014059624606093548,0.03764551108743321,4.155008050405126e-07,0.0022480885264781576,0.00011053921514265027,0.0008955934823456152,4.5558784604258815e-05,0.529139584349037
6,0.004269705346301323,0.1911531515985379,0.0009329796518461216,0.009713715191353521,0.01073235841034023,0.0043012555089294805,0.007685238405543296,8.251350332968331e-05,0.019435399036030736,0.000442318908081864,0.11126990142116841,0.00020987631611790944,1.593655001233772e-06,0.020683562422146827,0.04179044864898488,2.6959316041759895e-05,1.2526939962941565e-06,9.323794319954145e-05,0.048881718189826985,3.7800160362972295e-07,0.0019362388325547203,0.00012169132289735127,0.0007398172841186551,3.789223084682251e-05,0.5254567961612009
7,0.004583451793062599,0.22939992841115406,0.0011665696832346992,0.009589823012227258,0.009264324997854763,0.0038228612662026045,0.009503885772531322,7.908399342904344e-05,0.02317845307834499,0.00039450499531508984,0.13735537844282755,0.00020074002987705155,2.2777545266956097e-06,0.01923006181261456,0.037318939337462845,2.025456442570962e-05,1.1782953351437958e-06,0.00010064802616363447,0.04121966262781328,4.5964784974816276e-07,0.0014693773437998588,0.00010639778284139745,0.0005751842239294539,4.6198421033076845e-05,0.47137035468614374
8,0.002784701425871147,0.13129405196724397,0.0006638770777825984,0.00975366149965466,0.005977420324403738,0.0010403667547127318,0.004763421666272045,7.040050783777753e-05,0.008333981397536331,0.0004372891486431552,0.02179382833542576,7.956928080177775e-05,9.677259741411174e-07,0.011467248308207363,0.021969808495246466,1.8575689459402965e-05,1.1177123949312587e-06,4.0555609206594005e-05,0.020168708134010237,1.7899371882830836e-07,0.0012370138953523182,4.914741038910543e-05,0.0006205818415078732,5.442172073889317e-05,0.7573791050776081
9,0.002511503731875783,0.19970432352289763,0.0016838859439847545,0.011432931319693333,0.007789289831475951,0.0007903728255136439,0.005435401590419679,7.808191585704858e-05,0.01858190957777648,0.000401643769763079,0.03196837135875707,7.811485761909606e-05,2.391096943463795e-06,0.010287737947671969,0.016392364416653312,8.493403167008345e-06,1.004513827060718e-06,4.216319469744428e-05,0.015946459798369103,2.503488599739964e-07,0.0007528759111681013,3.0041481571767343e-05,0.0002483826256336174,9.735546170029499e-05,0.6757346495541033
10,0.004269705346301323,0.1911531515985379,0.0009329796518461216,0.009713715191353521,0.01073235841034023,0.0043012555089294805,0.007685238405543296,8.251350332968331e-05,0.019435399036030736,0.000442318908081864,0.11126990142116841,0.00020987631611790944,1.593655001233772e-06,0.020683562422146827,0.04179044864898488,2.6959316041759895e-05,1.2526939962941565e-06,9.323794319954145e-05,0.048881718189826985,3.7800160362972295e-07,0.0019362388325547203,0.00012169132289735127,0.0007398172841186551,3.789223084682251e-05,0.5254567961612009
11,0.004358017242118313,0.2039779836456471,0.0009859257438321776,0.009899919331377391,0.010826518992213402,0.00436568514234783,0.00799294928470228,8.026230749458374e-05,0.01965103794254001,0.00044286500595854824,0.11510530179027384,0.00021705360147238666,1.882876825225036e-06,0.021856035547972753,0.040570557770349853,2.6053438623604454e-05,1.2863236309072795e-06,9.945124899157856e-05,0.04616741789152332,4.070991447059139e-07,0.0018318768852283935,0.00012318249684332194,0.0007463011102128602,4.02098988665102e-05,0.5106318173818091
12,0.005342715089830776,0.23620071807612653,0.0007168585266855921,0.012851428988310223,0.02135887500167479,0.00677017549494428,0.005673698636169315,6.26149030890018e-05,0.004954047928794855,0.0005089127608114907,0.1101439766025167,0.0004696214367639447,2.053243418471372e-06,0.0483681241484143,0.033881924772455725,3.8092389178725895e-05,2.632480547088534e-06,0.00025200812345756965,0.0316799095981254,3.3947765260381244e-07,0.0031128754639569442,0.0002726613694107784,0.0026850568827055826,4.69973254951221e-05,0.47460368127946423
13,0.003895841644018765,0.20485403050073378,0.0008287412257107728,0.010390542939145092,0.010481504858462203,0.004469801726546633,0.0078043787422615585,8.040272893775146e-05,0.01823431361529165,0.0005572549789415415,0.08977813575808336,0.00016043719160034416,1.592235932606538e-06,0.019402559948089797,0.037983167709915805,2.9678735093800293e-05,1.1168982933769133e-06,9.60200022352015e-05,0.04551446160931524,3.7921657895221957e-07,0.001851844035330626,0.00011214502596194245,0.0007849886272979276,4.1126967028324833e-05,0.5426455330791929
14,0.006835691161342772,0.0939464826474462,0.0009467180726514369,0.007814105493173575,0.007261018246739057,0.003356411077936169,0.007870322625611133,7.858604433413602e-05,0.014380922147966553,0.00021519719785998302,0.10310469361163757,0.00035422781341947396,1.0329984842418998e-06,0.02078214200266426,0.04620467102905832,3.271978880618346e-05,1.5403003392880407e-06,7.734005633055373e-05,0.04738189290701126,3.577325424055697e-07,0.0018272031561005304,0.00012427324204215026,0.0009346311186863009,2.86771639942915e-05,0.6364391423638222
15,0.004269705346301323,0.1911531515985379,0.0009329796518461216,0.009713715191353521,0.01073235841034023,0.0043012555089294805,0.007685238405543296,8.251350332968331e-05,0.019435399036030736,0.000442318908081864,0.11126990142116841,0.00020987631611790944,1.593655001233772e-06,0.020683562422146827,0.04179044864898488,2.6959316041759895e-05,1.2526939962941565e-06,9.323794319954145e-05,0.048881718189826985,3.7800160362972295e-07,0.0019362388325547203,0.00012169132289735127,0.0007398172841186551,3.789223084682251e-05,0.5254567961612009
16,0.003641574797427048,0.2026736328526168,0.0005049093919334182,0.013110116790980687,0.007998443189014954,0.0053413705964588075,0.007933914651913454,0.00010066953360090315,0.011932599920933618,0.0009701010097399334,0.09729921597547159,0.00019049387930957827,1.0184863171907013e-06,0.019584421193517273,0.028983158755436604,4.119784704268894e-05,1.2526610993165969e-06,0.00018389383233292686,0.05018627343326114,4.4903637269336785e-07,0.004729148299458983,0.00016624944906149612,0.0009559802309737492,3.261378884272814e-05,0.5434373003968823
17,0.004329463281912397,0.15535227739705545,0.0009401506792750404,0.017770260897533845,0.010401742960035942,0.0037825960087646995,0.007619406278969116,7.159660331426492e-05,0.009166477656940192,0.000385732291179131,0.09558527785018928,0.00030215283078966604,1.8733873446348092e-06,0.037991764556207286,0.019363470809501144,2.479658493482062e-05,1.1560092233917133e-06,0.0001559092419462655,0.029282714773467867,4.794609745747226e-07,0.0021877701318483754,0.0001062359149018488,0.001211080710289137,3.289609778705256e-05,0.6039327175856145
18,0.007634378194793187,0.17295022173715405,0.0006487233400766481,0.006429811998511488,0.004019614866515408,0.001048587165937962,0.005799764425415777,6.464760770431887e-05,0.005436804494052,0.0002587654681634111,0.045232595623407666,0.0002914617610879239,1.2513490461701272e-06,0.013293980464657898,0.01903479512679092,1.3351727440902862e-05,2.737517804226655e-06,0.00014496372251119878,0.021750998798507146,2.2375153360476512e-07,0.0014757739430218454,0.00015491738649362966,0.0006275912583243065,5.8307707093631927e-05,0.6936257305639547
19,0.003089194076948114,0.21115270723952115,0.002240787636816281,0.012660435957888684,0.02182444064558425,0.004687613652902128,0.006751494132364954,0.0001098965787093223,0.0373521208311017,0.0005886835348300066,0.12043285140047723,0.00032284925893224993,3.1352560837044764e-06,0.03052364329188558,0.0337606666844821,2.206496063530517e-05,1.2302316897820149e-06,8.106129241685084e-05,0.051987811966626045,5.412109591826848e-07,0.0016969887869596556,0.000131427329031711,0.000409318386606444,4.035465623568781e-05,0.4601286810003118
20,0.0031935437351802397,0.21419601283649503,0.0007790016796125593,0.008372627531423633,0.011819218186294283,0.002965784721521235,0.0054435148852288945,0.0001487919246844002,0.02103976537855107,0.000540142995602591,0.08340326063425631,0.00020932560809886337,1.2028508293105346e-06,0.016344548272319407,0.05916670703947135,2.339789757856857e-05,2.223062272897939e-06,7.895189252684574e-05,0.06402826025165778,3.586250050652574e-07,0.002612255040569306,0.0002704231355470789,0.0006960292907661815,4.122948877071154e-05,0.5046234230357364
21,0.00748564437554734,0.1417851467795556,0.0013268489637258249,0.013588478575992652,0.01097273899589339,0.007097302640366063,0.013255672376562123,6.679791724183995e-05,0.01348763825213928,0.0005082584777039959,0.13091152761002667,0.0004836770402248775,2.7264675306470796e-06,0.03868542529883511,0.02964881471357068,6.062164213273007e-05,1.1169200875713224e-06,0.00014908097757176066,0.039796626512916225,6.3849352393197e-07,0.002313966734834544,9.808189226716379e-05,0.0012539330020790137,3.829632268782534e-05,0.5469809390169831
22,0.006240146280807453,0.1689818272886952,0.0011093655220946,0.010306274053615803,0.011477991055562546,0.006390331806555831,0.009003818124064915,9.793879556995258e-05,0.016138767572101996,0.00043291527619939465,0.20004665303958588,0.00037075999097170543,1.4776742720517928e-06,0.023735257442558864,0.041319237529981546,3.598365475843309e-05,1.9669656710696766e-06,0.00020014606861497306,0.04722134657371532,5.160507411499062e-07,0.003427774294821792,0.00018461440636329123,0.0010228812113325851,4.392244868888339e-05,0.45220808687265474
23,0.004269705346301323,0.1911531515985379,0.0009329796518461216,0.009713715191353521,0.01073235841034023,0.0043012555089294805,0.007685238405543296,8.251350332968331e-05,0.019435399036030736,0.000442318908081864,0.11126990142116841,0.00020987631611790944,1.593655001233772e-06,0.020683562422146827,0.04179044864898488,2.6959316041759895e-05,1.2526939962941565e-06,9.323794319954145e-05,0.048881718189826985,3.7800160362972295e-07,0.0019362388325547203,0.00012169132289735127,0.0007398172841186551,3.789223084682251e-05,0.5254567961612009
24,0.0025157380136017005,0.25734642111675404,0.0008633059712061954,0.017014057947255735,0.0147718586402134,0.004805641911456394,0.006496734762808843,7.424078446413033e-05,0.015096519566242974,0.0006808063318077903,0.09399392320993263,0.0001784877363670553,2.286121506037418e-06,0.03283644056073734,0.02314340181746248,2.2573476820187638e-05,8.432875157673577e-07,0.000118121712480232,0.04204121536968584,4.59556293542763e-07,0.0020501463655139772,0.00010464541779120243,0.0007422618817787834,3.042287832699271e-05,0.4850694455619767
25,0.006418522503364113,0.14552038308476237,0.0015609053539438473,0.018564538871271935,0.009760518453189728,0.0025679009663229515,0.013135324420953881,0.0001900401334293711,0.016289853775666524,0.00027086238096693326,0.2736436735921957,0.0005104814536494185,2.5962034186742384e-06,0.022799898029735814,0.0247422370849645,1.9048220782334663e-05,2.2858674451499998e-06,0.00017255658482870584,0.05315989167534567,8.562284284093105e-07,0.002495695796069813,0.00012020336395497748,0.0008177101124272058,5.292569026456884e-05,0.40718109015261733
26,0.010358229431025821,0.22339652313400354,0.0016805703607705373,0.009296789498405579,0.0077732999342342585,0.0016659974621368158,0.009439581453979946,0.0001268678835414701,0.016704842779841196,0.00030456703170820464,0.11373905044577245,0.00026724277180941174,3.1154316526071125e-06,0.00950658558832792,0.027275063010116805,1.2689270951352473e-05,3.9103859315958205e-06,0.0001939808076230228,0.022949717575750584,4.142332175293466e-07,0.0012194144936625536,0.00011185528487716341,0.0006076540501831312,0.00017954934148453974,0.543182488338992
27,0.0035443166743938954,0.14691498811373965,0.0006797231860361128,0.0055813573825314695,0.006217064607754859,0.004165791785160908,0.006026375954938015,8.310366230621704e-05,0.02998276915407716,0.00042551987217532953,0.07051427089474072,0.00012050393332014461,7.768036059444348e-07,0.011407225143075734,0.05954542743633434,2.8327410897034095e-05,9.53724667796454e-07,5.4556245652245674e-05,0.05139140289110982,3.433853019724444e-07,0.0015574002079795967,0.0001465503151232404,0.0004948000822434565,2.6251041047207957e-05,0.601090200091787
28,0.004269705346301323,0.1911531515985379,0.0009329796518461216,0.009713715191353521,0.01073235841034023,0.0043012555089294805,0.007685238405543296,8.251350332968331e-05,0.019435399036030736,0.000442318908081864,0.11126990142116841,0.00020987631611790944,1.593655001233772e-06,0.020683562422146827,0.04179044864898488,2.6959316041759895e-05,1.2526939962941565e-06,9.323794319954145e-05,0.048881718189826985,3.7800160362972295e-07,0.0019362388325547203,0.00012169132289735127,0.0007398172841186551,3.789223084682251e-05,0.5254567961612009
29,0.004269705346301323,0.1911531515985379,0.0009329796518461216,0.009713715191353521,0.01073235841034023,0.0043012555089294805,0.007685238405543296,8.251350332968331e-05,0.019435399036030736,0.000442318908081864,0.11126990142116841,0.00020987631611790944,1.593655001233772e-06,0.020683562422146827,0.04179044864898488,2.6959316041759895e-05,1.2526939962941565e-06,9.323794319954145e-05,0.048881718189826985,3.7800160362972295e-07,0.0019362388325547203,0.00012169132289735127,0.0007398172841186551,3.789223084682251e-05,0.5254567961612009
30,0.004269705346301323,0.1911531515985379,0.0009329796518461216,0.009713715191353521,0.01073235841034023,0.0043012555089294805,0.007685238405543296,8.251350332968331e-05,0.019435399036030736,0.000442318908081864,0.11126990142116841,0.00020987631611790944,1.593655001233772e-06,0.020683562422146827,0.04179044864898488,2.6959316041759895e-05,1.2526939962941565e-06,9.323794319954145e-05,0.048881718189826985,3.7800160362972295e-07,0.0019362388325547203,0.00012169132289735127,0.0007398172841186551,3.789223084682251e-05,0.5254567961612009
31,0.003833495231720063,0.24908098958658614,0.0013878319375497095,0.014740789550042772,0.013820885122919848,0.0015004295242659815,0.00538364007044122,0.00014629504638280171,0.014758728341284473,0.0005668485308098079,0.05327935770921012,0.00020647032977963328,2.649195539389831e-06,0.018925093757775003,0.016106572119031635,1.4341843224985412e-05,1.7568233540326055e-06,0.00010699023514863917,0.03858553936362491,3.939516873237246e-07,0.00153887896404938,9.715717477890849e-05,0.00043108240340385514,7.420956135105262e-05,0.5654095736260383
32,0.004143405750497358,0.1854956177780575,0.0008953680216896763,0.00879495919588175,0.010669178732488033,0.004254177334386773,0.007301003736254487,8.796586790203232e-05,0.022373755065041762,0.0004552423050169632,0.1040249322654956,0.00020277582367056303,1.4627442864326086e-06,0.019951725363343425,0.046775355360957005,2.8373711572657392e-05,1.2620607675886824e-06,8.12130095768756e-05,0.05949068647719752,3.5966106530920803e-07,0.0020065866881097505,0.00013332872315651933,0.0006670177295025647,3.39601059410902e-05,0.5221302864881407
33,0.00551600480612359,0.4388584712370957,0.0006270073305915463,0.009438861286302941,0.020096649794335675,0.0039060767158370095,0.005855048740822785,0.00010422602560664823,0.0060907719158395796,0.0005213681016896562,0.10481384012415583,0.0003852765523000285,3.412791281465417e-06,0.03685139844194451,0.0365759405792153,2.4420916223807205e-05,4.071512091384004e-06,0.00022429127939030147,0.05128373058346306,4.2980509530097103e-07,0.0020315455902383804,0.000578966364057118,0.0015789743796277508,5.914346781128821e-05,0.2745700716588593
34,0.004312285203687402,0.18387172126310827,0.0009618295357753495,0.008890632770679217,0.010048250816933014,0.004215156148567676,0.00776922105531587,8.153072001596695e-05,0.02275693419940588,0.00042727295748191523,0.10758559264974764,0.00019540015649077773,1.5252666096016927e-06,0.01943144408812711,0.043714839771054434,2.6504928385707756e-05,1.1477238137820466e-06,8.259333286897075e-05,0.05185063192947409,3.6472544529491004e-07,0.0018166228456976872,0.00011517164623358741,0.0006369169806080013,3.593280880509468e-05,0.5311704764756676
35,0.004787985199141425,0.1504367509654151,0.0006580623523447272,0.008461076044280086,0.004431239369929872,0.0017721763950820418,0.005559078579112012,0.00012710548234785076,0.022749228072457488,0.0004784564082518097,0.056757334282357574,0.00015908937207521082,1.0906233046831435e-06,0.008124168305776919,0.018113660367324563,1.314797543552658e-05,1.3074050884215467e-06,0.0001118913905811197,0.04664468569773707,3.521426047935585e-07,0.0015265872744760235,0.00010990133223706196,0.0002644058820487976,3.6712313823992404e-05,0.6686745067667659
36,0.004712847880545495,0.10902991217719415,0.0013684375422550448,0.004649655440561035,0.013611020882878098,0.0006078626412472668,0.0024901456691142515,0.0001411711099085019,0.020183410888791123,0.0002712056239174148,0.02213321530096846,0.0004909444811345759,1.7158073024509366e-06,0.014910689948429229,0.04049436359183865,1.7010176459447197e-05,4.2767702875186465e-06,1.910905356524799e-05,0.09614128153530434,1.3854255705690077e-07,0.0011519078429412626,0.00015056879055517234,0.0002210982196152531,3.638619810579637e-05,0.6671616238845232
37,0.01968004348769806,0.19394159873300598,0.001492876960227016,0.007494345759421331,0.006861666196784708,0.002272091526087527,0.012786505107205847,5.661813981214648e-05,0.007935331595421919,0.00016362566800368894,0.1365465698953988,0.00052004736985645,2.4485865310488853e-06,0.02954172484864985,0.022136118180206665,1.956197852996592e-05,1.9867459221664935e-06,0.00020014611419383647,0.03158253863032498,3.252737674834843e-07,0.0013025632366251802,0.00011597293051942232,0.0007101319090741615,6.639493769143095e-05,0.5245687661890402
38,0.009421405577917704,0.12096451741864402,0.0005896177947620984,0.004413122536323191,0.005778597101894785,0.016566785273268943,0.020572639225419877,3.801787374462131e-05,0.016214836120562345,0.0003149019365189477,0.24600357966984823,0.00022833928212097666,8.990520666968811e-07,0.023281035683834213,0.10550177080252689,0.00010091709213024299,7.720462138734822e-07,0.00011782161604052992,0.05420890508784622,3.91534513298981e-07,0.0024294890130378815,0.000149922319940479,0.0019279560305130413,2.5459908690067163e-05,0.37114830000162086
39,0.0036990949507399087,0.06660811435346799,0.0009758109836332984,0.012883555151304947,0.016101895755185964,0.0073128708134922735,0.005383807521858246,0.00016287248015448293,0.021228975066127132,0.0006486800606695715,0.10709691857003734,0.0003953906446635181,7.162637752036045e-07,0.019346346617859105,0.040806670887514884,7.713499076338256e-05,1.409236641151579e-06,9.197263261586354e-05,0.08789415040721477,4.93309683396967e-07,0.005571269143727981,0.00011655974081909074,0.0009591079071982631,2.3356839541740396e-05,0.6026128256713106
40,0.011061654200181369,0.19843338770025046,0.0009839943212402874,0.0030504706844285516,0.007056203402789032,0.004206860007568672,0.007663887112976767,4.565425595379964e-05,0.01568763707396349,0.0001758745319333819,0.1237810020713928,0.00038122386079999517,9.495352642045003e-07,0.02783863432928822,0.06242145484342976,2.298968210249916e-05,1.5542614222422007e-06,0.00010301503415397,0.05473391367050438,2.1942443788077357e-07,0.0017168809680347214,0.00033539296806775763,0.0005399984862834399,2.6073685345618116e-05,0.47973107388818675
41,0.0008912057434991541,0.1453531538335326,0.0020333825530869936,0.00426203690214089,0.02637554569563513,0.005691221145588817,0.002744571197502258,5.075382961156887e-05,0.15893546953176166,0.0007036551586183843,0.03170747362202911,3.4825364697258354e-05,9.86038403178376e-07,0.013284940226236705,0.09136690764140984,2.4887084512099915e-05,2.330366633982131e-07,7.611227836454961e-06,0.05410986079283928,1.3376542184228866e-07,0.0008612924192154832,3.442125021692462e-05,0.00011097749125644232,2.297667995797062e-05,0.46139147776832656
42,0.003915808529991402,0.13958403106276843,0.0005538090564309521,0.005056090423278325,0.007957968085504237,0.0031508473977405623,0.005708179176379031,0.000222764630216981,0.026003555340691487,0.0005616504778285392,0.07724160570324361,0.0002029907714508041,5.077628250468075e-07,0.010291795218402051,0.09808509565976906,5.4919058893384324e-05,2.5416875908257706e-06,4.768407981117406e-05,0.15405390445906073,3.924835442086319e-07,0.0038289011279411304,0.0004082233345716737,0.0006524630237237649,2.513801241863283e-05,0.4623891334359239
43,0.0016470130861407587,0.15609384680429872,0.0003736498229519191,0.01104143757241363,0.01921187469280886,0.010753865768981132,0.004129327993957007,0.00018254191345485246,0.026469191486229025,0.0021420588554928247,0.07301136914822119,0.0001121304510810411,5.332665669718655e-07,0.01256345686382896,0.07184026998002964,8.540585736848529e-05,1.370418703652431e-06,8.030277479285098e-05,0.11166555179261077,3.4235392398063046e-07,0.00726872540248582,0.00023822803524895441,0.0010556582089389758,2.57898402691173e-05,0.49000605760920085
44,0.004269705346301323,0.1911531515985379,0.0009329796518461216,0.009713715191353521,0.01073235841034023,0.0043012555089294805,0.007685238405543296,8.251350332968331e-05,0.019435399036030736,0.000442318908081864,0.11126990142116841,0.00020987631611790944,1.593655001233772e-06,0.020683562422146827,0.04179044864898488,2.6959316041759895e-05,1.2526939962941565e-06,9.323794319954145e-05,0.048881718189826985,3.7800160362972295e-07,0.0019362388325547203,0.00012169132289735127,0.0007398172841186551,3.789223084682251e-05,0.5254567961612009
45,0.00505565430771576,0.1741853122948066,0.0018191804914262295,0.007277256762890242,0.0172785195141087,0.00421726905845526,0.0119964762386919,0.00015289728455810493,0.04818248329585136,0.00043404715472834387,0.13000538317316732,0.0002392159573020138,2.704130767577849e-06,0.019176399611202977,0.09309527857375445,4.0424505131756665e-05,1.6658111697778394e-06,4.0715213975406084e-05,0.09286690197700904,4.6622399111940806e-07,0.001337187770882592,0.00013932785520025007,0.0006123477604068466,5.9220747709393125e-05,0.39178366428509703
46,0.006339894800567059,0.19455618236324865,0.0009391520741546768,0.010101627892411551,0.01056379798761126,0.0019848501823017586,0.005704311651534937,0.0001415660695098848,0.012382958909289503,0.00035815647644086847,0.10131928085311905,0.00034597066973842045,1.932777322359145e-06,0.013610945066961038,0.0391241825235885,1.9393520213909478e-05,4.4435290369985966e-06,0.00012341314111771837,0.04415938715570969,3.7196680001600554e-07,0.0021664605319474824,0.00018042309906831397,0.0008493000470744193,7.383785979819377e-05,0.5549481588514338
47,0.023242844899291366,0.15721223807146004,0.000789180343381452,0.003554017716943707,0.00348996268512377,0.0025593759941921345,0.008887791571808358,7.457717675174521e-05,0.008766529520267663,0.0002013207583079395,0.10326324658527433,0.0007538823640648718,1.1884427505453575e-06,0.013489487601848892,0.038338245473554224,2.9624220542028944e-05,3.6851299487784465e-06,0.00020250612936328243,0.042507868752571204,3.8545433770699263e-07,0.0018218480264366862,0.00037590209037934356,0.0006466310461262384,4.465981264078024e-05,0.5897430001326329
48,0.004502100475611293,0.3711475579817769,0.0003308960826845042,0.005804172392860698,0.00722461644929356,0.0009227177772163438,0.006109838623817121,0.0001824922826981629,0.008946477944925391,0.0006156503348361624,0.036014687617003396,0.00013153448543187847,1.7747218731872967e-06,0.01098819527490975,0.052103151526450925,2.342628390721084e-05,5.192335179297437e-06,5.479023518730947e-05,0.11219434454046749,2.399737973557262e-07,0.0016170251924374846,0.0003596149690711734,0.000761672558201974,6.115503045575822e-05,0.3798966749099058
49,0.005008155843871374,0.16788079285240093,0.0012898963408135272,0.010386278262558715,0.0161105609816158,0.007843029039759362,0.007353892606630812,9.009812201710794e-05,0.020045152043029795,0.000441311059544437,0.1726637805904658,0.0004893671702130226,1.987967215099594e-06,0.0312788849355406,0.044588321813067315,3.5395928663357194e-05,1.6092720155574593e-06,0.0001468516207621543,0.050354151107737534,5.762699785208675e-07,0.002521948189397706,0.0002120826208078367,0.0009518087194249352,3.2487752039214955e-05,0.46027157889042947
50,0.0033620037951879304,0.20280291645634085,0.0007563024774933733,0.008699488216839815,0.008961084103783894,0.004483726369432915,0.0111993174828283,8.040484650162101e-05,0.027213336913411806,0.000824978812731596,0.055879733845447095,0.00010099151625366286,1.3913456288858894e-06,0.025190029512753176,0.03805122719806211,4.5295604579917893e-05,5.602329421200914e-07,4.941491000613021e-05,0.08660712016246745,3.4851115133405633e-07,0.0015638405294716347,0.00011425627701209054,0.000521899991327586,2.4567069817379085e-05,0.5234657638185273
51,0.0034380560987202994,0.2641830013036951,0.0008363792672574549,0.019880285365192783,0.008203980065425397,0.0038465270411990444,0.011280714841707895,0.00011165008421502993,0.014504046192749556,0.0006300585750581259,0.1633191310898668,0.0002207015667655544,1.942513416770185e-06,0.028438196070013688,0.016619253692784736,1.2791060186653194e-05,9.529616599972301e-07,0.00029085682021964436,0.03629010283772942,5.892485422516061e-07,0.003022283637253248,0.00015889366017578132,0.0006349962655491332,3.663808447231299e-05,0.42403797165614326
52,0.005620173773548553,0.14526639965498048,0.0005922262345614372,0.008549515488210343,0.004400904266105361,0.043585516702116384,0.018355897272753222,2.6787873567165592e-05,0.018107843398010505,0.0004362589316192901,0.4488621526844822,0.00015877987124678447,1.7807344622860066e-06,0.019360789722606207,0.030012302002134353,3.643790223242616e-05,4.0061384595139785e-07,0.0007788817273502555,0.011073106658867288,1.1407972778856218e-06,0.0017228938910202282,0.00013651798436995605,0.0016578035339312384,3.0202535612253615e-05,0.241225285745088
53,0.004710352666977253,0.17125049787918975,0.0008445625742243367,0.008742349785322697,0.006399339031291215,0.005033394376986248,0.012142342129863606,6.694508703116956e-05,0.020569900163932214,0.0003717410547907766,0.139770327504621,0.00015968758235914923,1.444814599501258e-06,0.01769184196022749,0.049497516113736394,3.1904573570347364e-05,9.511659355566383e-07,9.443946201212177e-05,0.04025515382657843,4.7207217076825126e-07,0.0016532178788134452,0.00010242699365064482,0.0009242291058773993,3.750579726827107e-05,0.5196474563989701
54,0.0038188125976345313,0.16487385653098333,0.0005526349246296682,0.0041552096270096005,0.0028140703391239213,0.003042622487586845,0.00957084546714245,1.9355799253532278e-05,0.013542689836301811,0.0003339519314689448,0.030302093056505497,8.663347259803485e-05,9.463904769171782e-07,0.023267541847188614,0.03292990719801793,3.338454953542466e-05,2.8177477878644143e-07,3.146473515904436e-05,0.028721241913884872,2.2682785129822658e-07,0.000736603966553397,6.666349437618511e-05,0.00042900394716140997,1.397610624578026e-05,0.6806559811785322
55,0.004595495079554937,0.18489743846115847,0.001019229235463541,0.00956565454999779,0.009207813304470468,0.003785395553219188,0.007753732664728743,7.894229827482696e-05,0.020821058480286647,0.00039488492817213336,0.1104359249076499,0.0002239513964530054,1.7562094036076724e-06,0.018921354141587184,0.03537555147666268,2.2277501080775533e-05,1.1797048433230308e-06,9.736201366412503e-05,0.04355844755675314,3.9856951412689357e-07,0.0016556051337245933,0.00010652897892506062,0.000595321384499923,3.830999217731777e-05,0.5468463864777345
56,0.0043382550669019745,0.20917941246161695,0.0010238003576064879,0.009932087906846103,0.011094605468887726,0.0042331267326660245,0.008054246109470801,8.388446177637483e-05,0.020806421534223452,0.00044747316215755224,0.11593693136653024,0.00021404897377014034,1.9961257859967664e-06,0.021189141513986653,0.04154565059839525,2.568734455501043e-05,1.3275655767077067e-06,9.636144248540317e-05,0.04768680337195752,4.163944610792195e-07,0.001797893395157457,0.00012102745022896955,0.000716976134996623,4.229723347834788e-05,0.5014301278264812
57,0.0033673230256928087,0.14509304697205397,0.0017237281107818866,0.008453311298461854,0.025481140077896026,0.002596823756900511,0.0030904538889016987,0.00019232707973099503,0.03431306599584903,0.0006302550424740595,0.06165835118443125,0.0005410518146699556,1.8324233618497754e-06,0.021539996075011232,0.04127551673773483,2.9306597161977097e-05,2.9914446112692163e-06,4.937596061350796e-05,0.1191500870587609,3.361755810788129e-07,0.002747928716192064,0.00021668809896221333,0.00029915441230116726,3.096497785363403e-05,0.5275149430740103
58,0.004609275667815722,0.21535433000630366,0.0010023862691638827,0.009493438101301538,0.010941059878431652,0.003507145200716187,0.00782501498900457,9.073714208109439e-05,0.017916352379296598,0.00044527188504061687,0.10829696957745001,0.00021074488645951353,1.8738775486998689e-06,0.01830194258129004,0.042063551397634166,2.4236928803768796e-05,1.6808788133029178e-06,0.00010237682378551366,0.04354069916938332,3.672192826431895e-07,0.0018759406377195727,0.00012775280964670774,0.0007779253092849509,5.441261700053076e-05,0.5134345137667417
59,0.004909321852114746,0.20361354850788574,0.0012794010384572013,0.009989149080993865,0.011458231824414754,0.0032180260129725403,0.008052541535280676,9.552988737561715e-05,0.01853858626555122,0.0004174903950817187,0.1108097152957713,0.00022762238421572317,2.0169356861907202e-06,0.017993878554386774,0.03887978981754386,2.31423601393874e-05,1.7555013430339532e-06,0.00010829630110243194,0.038101555449214126,3.895574195621238e-07,0.0018292822262579776,0.00011302624633055643,0.0007226713793946055,6.571540454894723e-05,0.5295493161865175
60,0.004269705346301323,0.1911531515985379,0.0009329796518461216,0.009713715191353521,0.01073235841034023,0.0043012555089294805,0.007685238405543296,8.251350332968331e-05,0.019435399036030736,0.000442318908081864,0.11126990142116841,0.00020987631611790944,1.593655001233772e-06,0.020683562422146827,0.04179044864898488,2.6959316041759895e-05,1.2526939962941565e-06,9.323794319954145e-05,0.048881718189826985,3.7800160362972295e-07,0.0019362388325547203,0.00012169132289735127,0.0007398172841186551,3.789223084682251e-05,0.5254567961612009
61,0.0046024695006749135,0.20218355821672615,0.0013536914641639698,0.009604023755446965,0.012045581569052805,0.0034182004472131274,0.007594469342798577,8.885136192531296e-05,0.020461903177297583,0.0003902189153978791,0.11884644239120479,0.00024363138186290077,1.9944060754228033e-06,0.0195664126433658,0.039627292622814746,2.2217867665820324e-05,1.590998254073748e-06,9.804581601315019e-05,0.041116104630135465,3.894935847794531e-07,0.0017937240742964332,0.00011390349788656055,0.0006383043379758088,5.4352079146568115e-05,0.5161326260090203
62,0.004269705346301323,0.1911531515985379,0.0009329796518461216,0.009713715191353521,0.01073235841034023,0.0043012555089294805,0.007685238405543296,8.251350332968331e-05,0.019435399036030736,0.000442318908081864,0.11126990142116841,0.00020987631611790944,1.593655001233772e-06,0.020683562422146827,0.04179044864898488,2.6959316041759895e-05,1.2526939962941565e-06,9.323794319954145e-05,0.048881718189826985,3.7800160362972295e-07,0.0019362388325547203,0.00012169132289735127,0.0007398172841186551,3.789223084682251e-05,0.5254567961612009
63,0.00425097503548652,0.22090160358754837,0.0009004692141091783,0.008866425291928973,0.00929221508828278,0.003807399485690635,0.007760251361787005,7.856659805195093e-05,0.01986321334649078,0.00042384298227739133,0.10969314723622939,0.000182235398880067,1.7039970396552e-06,0.018288985347079133,0.04161489753812682,2.2738984220961934e-05,1.2671019355382789e-06,9.385022602807098e-05,0.04467326599193494,3.808095048190132e-07,0.001709872982344693,0.00012385769298122408,0.0006574601210257877,4.125570349298472e-05,0.5067501188775223
64,0.003958856031461123,0.17262456887245842,0.0007985845587028721,0.009644537798014358,0.010801950783443226,0.004157919333860155,0.006607015823088414,9.060095645938072e-05,0.01679108557595451,0.0004625301506495262,0.11659927786984398,0.0002204752294404163,1.1202994475904907e-06,0.01868394895734607,0.04423855714902204,2.8723425867950055e-05,1.4174574335124874e-06,9.981816366817126e-05,0.0535992811850193,3.2403699503478647e-07,0.0030586861697482147,0.00012635103194811882,0.0007727637690398384,3.58325707686705e-05,0.5365957728003192
65,0.0037474966934920332,0.1334967754981529,0.0009035376287661864,0.014956062593286404,0.021379106710037028,0.011162722838552942,0.005952464133430021,6.918053185888808e-05,0.011854759651391681,0.0005988369960292539,0.14403186073291446,0.00044852556562852147,1.3429866545328875e-06,0.04457266624724675,0.03337343424410727,5.169542903617891e-05,1.1297244922841845e-06,0.00016903914480841952,0.05193635134877157,4.366252960406954e-07,0.004169357467730817,0.0001489175450920475,0.0013839380070259145,2.1942324283821168e-05,0.515568419331914
66,0.0035774199391349236,0.1512300042835909,0.0013584173983535947,0.012145727796074509,0.013237631166436779,0.006929409580111481,0.01000122864762713,0.00011343537703660048,0.04435292054968542,0.0008878350958720016,0.08957374621786927,0.0002331023800422726,2.2840881112707118e-06,0.027713399735707665,0.031483590408066954,5.529560737212538e-05,6.793984280917995e-07,6.493290985698432e-05,0.1003729890229553,7.133012634709125e-07,0.0018127717334770364,0.00010729585391560296,0.0004358810146055009,2.230335468885013e-05,0.5042869851397163
67,0.003941208632475806,0.07162814097711295,0.0009752204828426192,0.011693415554110008,0.00859808329499922,0.02379537809209639,0.012255476243239357,1.2908869029673754e-05,0.004419744581558467,0.00016536504969828745,0.2122371816519617,0.0004947526795488472,1.6272702971523486e-06,0.08853617805887169,0.046126468570407274,0.00010369629608380678,5.179904062763321e-07,0.00017351411510039904,0.011893708254478086,9.012511653126334e-07,0.0019214311606171666,8.185963428232193e-05,0.00675807556974249,1.42328427998949e-05,0.4941709128770748
68,0.005990457555338382,0.13630525557433848,0.0004021328277302437,0.009860351554615926,0.003710215002751223,0.007621042556080531,0.0075758245759771775,4.073319578337514e-05,0.005678226275784884,0.000234882824685743,0.2503675351767974,0.0002917189290095693,8.849523804004082e-07,0.012408814087101205,0.0277825511643206,2.127426985548149e-05,1.5030580126483919e-06,0.0004576188376210284,0.01307311877721607,5.78227522530693e-07,0.0027537692478267883,0.00014249096533302917,0.00205943366763646,3.468276624223624e-05,0.5131849039300386
69,0.0038443008910351933,0.17684688946603924,0.0009642041698219253,0.010564749503132517,0.009193496279786544,0.003417328333561317,0.0072631525426563774,8.859011257555057e-05,0.019416300185864283,0.0004503765449545216,0.0955909430510294,0.00018511551552349132,1.5659664634925688e-06,0.016805358438193446,0.03531254626533257,2.4438568283515056e-05,1.2365960188442527e-06,8.961284669956609e-05,0.0428514577208526,4.109950346661519e-07,0.0018311740054529019,9.738163199487898e-05,0.0006437976712782334,4.1377871965312285e-05,0.5744741948264497
70,0.004591005690383892,0.16101167767673732,0.0011391119759616894,0.009259008471607095,0.010040793911728246,0.005099816146444507,0.007723171905818904,5.102631424436971e-05,0.016587152102787328,0.00034736012216459995,0.10383777467086855,0.00026019282755706467,1.591984421179982e-06,0.030733082579747297,0.03474767691022689,2.906334479928498e-05,8.94445895443622e-07,9.31932148994943e-05,0.036703492196227476,3.817596487185636e-07,0.0017329616166696163,0.00010512868590340708,0.0007403537762651862,2.783818157970119e-05,0.5751362494874127
71,0.009753242872508122,0.12186881123537718,0.0008384161883057233,0.010847736905503927,0.004000553572093005,0.0032178801923431143,0.018148080014738954,0.00011048519860768795,0.011493343760659589,0.0002319532520553482,0.2022909230402519,0.0003228472158769596,1.4933691557304492e-06,0.0150362687618412,0.03803785746708292,3.510231034434563e-05,1.9356392598200773e-06,0.00018862715481492438,0.0399351794872672,7.58842686992453e-07,0.0022970313753599833,0.00011718000943553932,0.0014313080209654415,5.5072129572811686e-05,0.5197379119838915
72,0.0066439920345020935,0.3412139214880638,0.0003223310318006431,0.017253813393841664,0.006807824057364023,0.0019287898888574722,0.01606540188118324,0.0004905501505751661,0.006096762565981823,0.0008530698272424747,0.27821266839258996,0.000225511263321156,2.279407874299148e-06,0.006488691516904178,0.02679307866034965,1.9849337660345904e-05,9.929895279364308e-06,0.0006924821173033112,0.07203728891659243,7.946319804248498e-07,0.0058072308216372505,0.0003677404508281403,0.001633681191681903,0.00019100152109125987,0.209841315555494
73,0.00408710786003873,0.1541530526834407,0.0010241893355497883,0.01099053676288414,0.009447029472897356,0.005202378410309288,0.008834598292547489,7.91462679577755e-05,0.022234177928020096,0.0004707038561059949,0.11680267980559779,0.00021461322747003494,1.5831484983770886e-06,0.02171080774157057,0.03696784519852769,3.424210485674591e-05,9.651240040252218e-07,9.235870949229829e-05,0.04838756330228132,4.933164397071294e-07,0.0019791312915138685,9.852914888295347e-05,0.0007453488660984168,3.139933501996039e-05,0.5564095188099948
