,0,1,2,3,4,5,6,7,8,9,10,11,12,13,14,15,16,17,18,19,20,21,22,23,24
0,2.2415255438563474e-05,9.590352034761822e-09,1.4719233770424023e-06,4.440570409609425e-07,8.499686438018659e-05,4.701836785323971e-10,7.869343128307945e-08,2.2604820766019262e-07,0.00012572837297391423,2.7495815729712863e-05,0.9924830783914289,1.8964212092566488e-06,3.789125857889381e-11,0.0007373360249932468,0.005763626916501333,1.7766809373303186e-09,8.006544085878164e-08,9.735485004180829e-08,1.9587818605642304e-09,2.989675010107535e-07,6.158293307374691e-07,4.371643366323858e-09,0.0004601385615843977,1.1622572636462871e-10,0.0002899561148218848
1,1.2297694121145982e-05,1.999890838014164e-08,1.446329943906176e-06,1.854671602424966e-07,9.967551241873973e-05,3.980025038019484e-10,5.417915223684844e-08,7.788766623087207e-08,7.155156011817928e-05,1.4045071392832755e-05,0.9895070163324929,2.538476230008541e-06,1.05678849996962e-11,0.0010701564468444387,0.008402801429882341,8.128383519344017e-10,5.2109269008292224e-08,5.135479603509631e-08,1.8039572739132187e-09,1.4198384702870588e-07,5.533376987202503e-07,6.808670088468859e-09,0.000272241797931269,7.475599290574271e-11,0.0005450831213340519
2,6.074593059125003e-06,1.3744000485348003e-08,6.833816039877818e-07,9.548900462166332e-08,6.229907677355242e-05,1.809073565022054e-10,3.0609421756072235e-08,5.270247931247524e-08,3.853502705078351e-05,7.619147023256535e-06,0.9875484097808443,2.220739076782364e-06,5.288116604383832e-12,0.0011844794014878879,0.010409378071939836,2.885155186938658e-10,2.4574053173594776e-08,4.152216381976411e-08,5.95330448877665e-10,1.2739817847990785e-07,3.8016209455977343e-07,3.5153620684183133e-09,0.000221832670117107,4.0044417425646776e-11,0.0005176972841791534
3,1.0405563103633378e-05,2.1553207944391124e-08,1.0006040750921827e-06,1.7810247171366168e-07,8.185715383794125e-05,3.8872416435895785e-10,6.766938641496649e-08,6.834261406102345e-08,4.497356939979268e-05,1.0616646226006539e-05,0.9866805488442518,3.424196247497526e-06,9.34013827244913e-12,0.0017400965453717547,0.010364823231414069,6.926826159839308e-10,5.8965169348454707e-08,7.551791144387822e-08,1.3357120749912807e-09,1.5061755902443205e-07,6.461702213700167e-07,7.805948607716171e-09,0.000332099379473026,9.721115895144581e-11,0.0007288769984395055
4,1.165784738333106e-05,2.1535050606804084e-08,1.0258373162541015e-06,1.8803002146207732e-07,8.344608104885715e-05,4.0329681165812464e-10,7.1680973312933e-08,7.172065419343783e-08,4.2629551816122616e-05,1.1008578648089746e-05,0.9868442863544943,3.476463108265782e-06,1.1404598417650239e-11,0.0019277836806793356,0.010027251923346954,7.713105908251939e-10,6.188364588309055e-08,8.505694991316608e-08,1.4811006867436314e-09,1.6629715753954875e-07,6.347743745230468e-07,7.587173857470015e-09,0.0003347295260978363,1.1139907235513567e-10,0.0007113928115475174
5,1.0372839599050679e-05,2.4225113787978293e-08,8.651745096587263e-07,2.0779774012814926e-07,7.67497394640383e-05,4.2553183017319726e-10,6.184817711283874e-08,7.115178524525216e-08,4.1653973683067586e-05,9.80283138842299e-06,0.9863059689364223,3.054234786504636e-06,1.052346256123474e-11,0.0017786114650443399,0.01076741995491641,7.639443874600746e-10,5.98959319352345e-08,1.0275564088451458e-07,1.4998068586106911e-09,1.608289406389899e-07,6.628308686788452e-07,7.78250075679784e-09,0.00035004231533507517,1.0025720053386986e-10,0.0006540966180883322
6,1.0405563103633378e-05,2.1553207944391124e-08,1.0006040750921827e-06,1.7810247171366168e-07,8.185715383794125e-05,3.8872416435895785e-10,6.766938641496649e-08,6.834261406102345e-08,4.497356939979268e-05,1.0616646226006539e-05,0.9866805488442518,3.424196247497526e-06,9.34013827244913e-12,0.0017400965453717547,0.010364823231414069,6.926826159839308e-10,5.8965169348454707e-08,7.551791144387822e-08,1.3357120749912807e-09,1.5061755902443205e-07,6.461702213700167e-07,7.805948607716171e-09,0.000332099379473026,9.721115895144581e-11,0.0007288769984395055
7,1.9441428047027144e-05,1.1588523010677794e-08,1.2627519723746887e-06,1.7783944850217216e-07,7.040778095583092e-05,1.677466509525142e-10,6.915407872819335e-08,8.715038819958901e-08,3.904621044215606e-05,1.450523934932409e-05,0.9936025203678656,2.2202440924335714e-06,1.4854649322607245e-11,0.0010830918514914917,0.004557383501921458,5.244543457967964e-10,4.6198788439112515e-08,3.238504308551182e-08,1.2348052420600204e-09,1.3337491025075548e-07,2.0161563993513e-07,5.658940756373546e-09,0.00012701258400893897,7.588838728876737e-11,0.00048234105634307903
8,1.752769718516956e-05,1.579114098318987e-08,2.073080629990247e-06,1.823923378030608e-07,7.324570122214436e-05,2.883001271242657e-10,1.0103515560156211e-07,7.449884058413975e-08,4.491657469835757e-05,2.032954489674953e-05,0.9861088441050905,5.500173200609212e-06,1.2645316222803202e-11,0.0026847578227880415,0.009183486329797586,6.065784846050433e-10,7.87519288797364e-08,3.932946680473698e-08,9.316811674809239e-10,2.05083006102559e-07,8.68433513019968e-07,7.226964706639988e-09,0.0005578034381403487,2.195976605088977e-10,0.0012999409311932502
9,1.175721399357008e-05,1.7978379305297017e-08,1.1173874234684091e-06,1.4972083153658888e-07,5.5560663740299014e-05,2.4770740726786846e-10,6.030260741659681e-08,5.79160353215512e-08,4.14914561267642e-05,1.396651868856371e-05,0.9842329714089507,3.7674216522047947e-06,6.860411968128607e-12,0.0021292683268491954,0.011816684269182538,3.879831752077552e-10,5.0929566280639863e-08,4.084323971475015e-08,7.345089650034563e-10,1.3831774405481347e-07,6.911638894596923e-07,6.155856991221461e-09,0.0005264905934432633,1.2794574150792097e-10,0.0011657099067938998
10,1.0405563103633378e-05,2.1553207944391124e-08,1.0006040750921827e-06,1.7810247171366168e-07,8.185715383794125e-05,3.8872416435895785e-10,6.766938641496649e-08,6.834261406102345e-08,4.497356939979268e-05,1.0616646226006539e-05,0.9866805488442518,3.424196247497526e-06,9.34013827244913e-12,0.0017400965453717547,0.010364823231414069,6.926826159839308e-10,5.8965169348454707e-08,7.551791144387822e-08,1.3357120749912807e-09,1.5061755902443205e-07,6.461702213700167e-07,7.805948607716171e-09,0.000332099379473026,9.721115895144581e-11,0.0007288769984395055
11,1.1853074994727459e-05,2.0826642099144697e-08,1.0717791511849737e-06,1.8680476259306771e-07,8.138026710309491e-05,4.031759755291132e-10,7.459803028471957e-08,8.116672456189526e-08,4.7125705901894664e-05,1.2050195873158174e-05,0.9870946858275973,3.6291277944147483e-06,1.2050026422909965e-11,0.001737849688780392,0.009979471363090962,7.824387474189057e-10,6.51314467694829e-08,8.13107826867472e-08,1.4769041567161172e-09,1.6580256573451023e-07,6.277930850466042e-07,8.095311867526015e-09,0.00033004692273872177,1.1323583799542559e-10,0.0006995217298179804
12,7.03463052036616e-06,1.9424390818310878e-08,6.229434379668786e-07,1.1783480061308761e-07,0.0010136566041840363,1.0611732765760115e-09,2.516352106825028e-07,5.59416433235716e-09,3.8222889130837994e-05,5.260657409303461e-06,0.9482983015476018,3.8470204504799e-06,6.409262514341526e-12,0.031287082323570456,0.010221431394951203,6.471326457816538e-10,8.859481578878106e-08,4.211496951512958e-07,8.193161061359149e-10,6.302888247500402e-07,2.9998694622724666e-06,1.8243366389342339e-09,0.0044425471683122025,3.2800207335271287e-10,0.004677453742697247
13,0.0008080396499621456,5.5412757685098335e-05,4.805988923371725e-05,1.7568441340217002e-05,0.03133104604094407,9.056096085688943e-06,4.78910853239144e-05,3.295714028766229e-06,0.0280382273727744,0.0012959071928057482,0.5838175152373759,4.435835458758933e-05,9.244078995438589e-10,0.007212191728975313,0.10217899477133574,3.608409518459645e-07,5.9384144604611975e-05,1.3929136147889663e-05,1.3490547400712838e-05,1.6308915103164806e-06,8.542762994464061e-05,1.9696561356153458e-05,0.03831367263333588,3.031210035961997e-07,0.20658453923687814
14,2.558057022362464e-06,6.433320007231325e-08,4.5273252540465533e-07,1.728728584455088e-07,9.927451271198163e-05,4.387385370319876e-10,7.593412108945046e-09,1.2120916180201751e-08,1.9295594044353463e-05,2.5030930669259746e-06,0.992072671187227,5.374675664402897e-07,4.249468618282733e-12,0.0005174887843512957,0.007002065251345907,4.539363770633296e-10,1.1620985048110678e-08,9.835326716370674e-08,2.141601908130669e-09,9.382665538899639e-08,2.70142865684141e-07,4.201160418326586e-09,0.00010912926507488597,1.2112415182326502e-11,0.00017328593910434712
15,1.0405563103633378e-05,2.1553207944391124e-08,1.0006040750921827e-06,1.7810247171366168e-07,8.185715383794125e-05,3.8872416435895785e-10,6.766938641496649e-08,6.834261406102345e-08,4.497356939979268e-05,1.0616646226006539e-05,0.9866805488442518,3.424196247497526e-06,9.34013827244913e-12,0.0017400965453717547,0.010364823231414069,6.926826159839308e-10,5.8965169348454707e-08,7.551791144387822e-08,1.3357120749912807e-09,1.5061755902443205e-07,6.461702213700167e-07,7.805948607716171e-09,0.000332099379473026,9.721115895144581e-11,0.0007288769984395055
16,6.970833865289306e-06,8.770838244778064e-09,9.975912318622114e-07,1.529288865764055e-07,5.290773023962525e-05,2.8243736843691974e-10,6.093309710932461e-08,5.578682788736371e-08,1.5394806359547522e-05,6.77634937015214e-06,0.9871388480665363,4.7507799135988885e-06,1.1845116751989636e-11,0.0026684158963755774,0.009544262221137625,1.1272220349014092e-09,4.808343952422752e-08,1.2091320144842597e-07,8.912886729333723e-10,1.9536562070937294e-07,1.0650873913371355e-06,4.337904088765389e-09,0.00027809635880771523,9.091440702479302e-11,0.00028086475524839234
17,1.2196804356280756e-05,9.816800028751917e-09,8.400947789819703e-07,1.5531670855687603e-07,6.678028467805636e-05,1.384563282816812e-10,1.0022259384084788e-07,5.511531036301284e-08,2.7527398758521387e-05,6.540256500833075e-06,0.9906766468054865,4.723661077337621e-06,7.751934002968694e-12,0.002493387973060705,0.0056605583531003515,4.2772422332908095e-10,5.6361470713687854e-08,3.758386088821871e-08,4.5016136555956215e-10,1.269893168260107e-07,4.298334626027716e-07,5.945231698678101e-09,0.00021943600257699723,7.18248274913872e-11,0.0008303840849513214
18,2.008944046701528e-05,3.280484840516294e-08,6.926890683387321e-07,1.6764727742380385e-07,0.0001010704758220125,3.788743378131208e-10,1.3025244071325378e-07,4.908666816056068e-08,5.614994500138088e-05,1.0417662199096317e-05,0.9854703677446156,3.256094059525166e-06,6.985890030275201e-12,0.0025194268778382326,0.00874644828552595,4.25983570663151e-10,1.6159283019218696e-07,8.810691405704631e-08,1.6223149783875098e-09,1.241365480685677e-07,5.368596404766157e-07,1.6051505649674384e-08,0.00048144983723062495,1.631156379533668e-10,0.00258932181222452
19,1.3886904559610502e-05,1.628521015832772e-08,1.851664564413553e-06,2.3619564429317053e-07,0.00010661952163531784,5.587383775986287e-10,1.5343622872865454e-07,1.3634363187415238e-07,7.130996905425851e-05,2.7806380083746135e-05,0.9890916036018433,6.463832647783706e-06,1.9000041649675017e-11,0.001406694617335759,0.008080801279064277,9.606136777003102e-10,9.076081006385368e-08,5.148892948097236e-08,1.4083340022124654e-09,2.2153433951523552e-07,6.567689766561491e-07,1.3057964747537847e-08,0.0002951236783816165,1.6392659864894504e-10,0.0008962595684814942
20,4.920397424250758e-06,3.578769721655173e-08,7.774258966433215e-07,1.50796653431085e-07,3.7923137570437026e-05,3.6691481732850316e-10,3.335021320365567e-08,9.112162702255967e-08,3.321039631198012e-05,6.787115239161449e-06,0.9769361949007765,4.801124862443237e-06,5.9672826815590115e-12,0.0012091099647611218,0.02101344667503707,5.678036800302414e-10,3.734551771379863e-08,7.899291331026122e-08,9.877640773973369e-10,1.0599329113288908e-07,8.455094720784608e-07,1.2017136468282527e-08,0.00024520589658831945,6.064992465555134e-11,0.0005062300619110055
21,6.386786473171508e-06,8.556513118817502e-09,5.896952626770912e-07,1.3422424459808026e-07,3.984553661300027e-05,1.2456196654549335e-10,2.5319655160830447e-08,3.352546088011008e-08,1.6366631744347626e-05,4.301262468698569e-06,0.991061155987673,2.2278955676266286e-06,5.3373631218341035e-12,0.0017191819808329539,0.006721084550787616,4.517936543663515e-10,2.065947810055589e-08,4.676019064209175e-08,5.334874140197909e-10,1.0306235640196994e-07,3.6299459102962553e-07,2.56609929792772e-09,0.00015978120433689968,2.9742515591131186e-11,0.00026833965472785346
22,6.181922650438355e-06,7.112210852369881e-09,6.973616391310086e-07,1.3429228502036913e-07,4.1413178234366046e-05,1.5778506081249805e-10,3.5353277058964304e-08,3.888370197811795e-08,1.9832180721512173e-05,7.67554760322556e-06,0.9931760137578375,1.949512705644945e-06,6.618217988948202e-12,0.0009912213673319713,0.005258993699239855,4.663133403618714e-10,4.731074300298802e-08,5.7602250708579756e-08,6.104782740162173e-10,1.3751835998836638e-07,4.5698874929413635e-07,4.045561539759019e-09,0.0001983470901876445,4.258212177977248e-11,0.0002967539909323512
23,1.0405563103633378e-05,2.1553207944391124e-08,1.0006040750921827e-06,1.7810247171366168e-07,8.185715383794125e-05,3.8872416435895785e-10,6.766938641496649e-08,6.834261406102345e-08,4.497356939979268e-05,1.0616646226006539e-05,0.9866805488442518,3.424196247497526e-06,9.34013827244913e-12,0.0017400965453717547,0.010364823231414069,6.926826159839308e-10,5.8965169348454707e-08,7.551791144387822e-08,1.3357120749912807e-09,1.5061755902443205e-07,6.461702213700167e-07,7.805948607716171e-09,0.000332099379473026,9.721115895144581e-11,0.0007288769984395055
24,8.900002926052232e-06,2.0649538740224393e-08,7.818002606192247e-07,2.013581181628439e-07,8.17591763423051e-05,2.9475767724737487e-10,4.9112953227838826e-08,4.783266258774043e-08,3.2509551751508695e-05,7.532114980878659e-06,0.98977813028506,2.9079491533883236e-06,8.17362770952144e-12,0.0017602666936371704,0.007470362343210206,5.678158955630984e-10,4.316493491722051e-08,6.556573686155606e-08,1.041880613088846e-09,1.3944363874085575e-07,4.4697539133015577e-07,6.4371445249644215e-09,0.0002320171677873055,6.149466527947641e-11,0.0006238104006491042
25,6.579515075206106e-06,2.7903036346342736e-09,4.825749464003439e-07,8.795983632987037e-08,2.8654567751450746e-05,4.999250970773566e-11,4.2828348220194715e-08,4.695620726823621e-08,1.3212869293486212e-05,5.3418017946767156e-06,0.9945787750289146,2.3631522790344847e-06,6.625237613492581e-12,0.0012528289360296317,0.0037717968586850194,2.484400564705866e-10,2.227257335873418e-08,2.5323905121480372e-08,1.9636689299431833e-10,1.0947352752523937e-07,1.7304744680495683e-07,1.895346714090119e-09,9.979940298506994e-05,2.793036765146335e-11,0.00023965221539535767
26,2.701416601416054e-05,3.11664714583955e-08,1.4039169791071256e-06,2.4464093965599977e-07,0.00016296268224293,9.016636833330062e-10,1.4673642993198738e-07,1.1380897708606162e-07,0.00013858696275945016,2.5637531563677226e-05,0.9841020723669265,2.6677427884843505e-06,2.1004927607906525e-11,0.0018619403720965613,0.011286031017296637,1.1573453254465668e-09,1.7285746514627964e-07,1.6087646765506105e-07,3.6971853893318445e-09,2.4557770240347433e-07,1.019280318460761e-06,1.0500934921651861e-08,0.0009818066966675954,3.084619145633463e-10,0.0014077250132969194
27,9.257320876831302e-06,3.602545190953967e-08,7.315766678353735e-07,1.8131939142766744e-07,6.832823961808647e-05,3.9619226751044664e-10,5.175136101091459e-08,7.819774547698998e-08,6.305559341420825e-05,9.654543661639654e-06,0.9846403892851565,3.0014331653093975e-06,6.135300965066331e-12,0.0012012253518799074,0.012821234604660453,4.94317103528025e-10,4.7595800964086806e-08,5.695468358177104e-08,1.401150102016173e-09,9.624841957425815e-08,4.2461392703365886e-07,1.1483399530283216e-08,0.00025483756234863706,6.520658172599826e-11,0.0009272979353686222
28,1.0405563103633378e-05,2.1553207944391124e-08,1.0006040750921827e-06,1.7810247171366168e-07,8.185715383794125e-05,3.8872416435895785e-10,6.766938641496649e-08,6.834261406102345e-08,4.497356939979268e-05,1.0616646226006539e-05,0.9866805488442518,3.424196247497526e-06,9.34013827244913e-12,0.0017400965453717547,0.010364823231414069,6.926826159839308e-10,5.8965169348454707e-08,7.551791144387822e-08,1.3357120749912807e-09,1.5061755902443205e-07,6.461702213700167e-07,7.805948607716171e-09,0.000332099379473026,9.721115895144581e-11,0.0007288769984395055
29,1.0405563103633378e-05,2.1553207944391124e-08,1.0006040750921827e-06,1.7810247171366168e-07,8.185715383794125e-05,3.8872416435895785e-10,6.766938641496649e-08,6.834261406102345e-08,4.497356939979268e-05,1.0616646226006539e-05,0.9866805488442518,3.424196247497526e-06,9.34013827244913e-12,0.0017400965453717547,0.010364823231414069,6.926826159839308e-10,5.8965169348454707e-08,7.551791144387822e-08,1.3357120749912807e-09,1.5061755902443205e-07,6.461702213700167e-07,7.805948607716171e-09,0.000332099379473026,9.721115895144581e-11,0.0007288769984395055
30,1.0405563103633378e-05,2.1553207944391124e-08,1.0006040750921827e-06,1.7810247171366168e-07,8.185715383794125e-05,3.8872416435895785e-10,6.766938641496649e-08,6.834261406102345e-08,4.497356939979268e-05,1.0616646226006539e-05,0.9866805488442518,3.424196247497526e-06,9.34013827244913e-12,0.0017400965453717547,0.010364823231414069,6.926826159839308e-10,5.8965169348454707e-08,7.551791144387822e-08,1.3357120749912807e-09,1.5061755902443205e-07,6.461702213700167e-07,7.805948607716171e-09,0.000332099379473026,9.721115895144581e-11,0.0007288769984395055
31,1.691708088071691e-05,2.1649426990630533e-08,1.6433104888854272e-06,1.8056975291090305e-07,5.941667445801636e-05,2.5205045309268987e-10,6.152199595593496e-08,1.7186363535962275e-07,4.308701199078407e-05,9.873444075272975e-06,0.9864481918018655,4.235622185202697e-06,1.9425943825826516e-11,0.001505049982275476,0.011215336013365343,9.984521038655821e-10,6.786432666366623e-08,7.993332361467161e-08,1.7207330618437476e-09,1.6410754758524789e-07,6.733738931422853e-07,7.937658986225375e-09,0.00023650754727414216,1.204269339204811e-10,0.0004583095784909558
32,1.1903164607611588e-05,2.77881842060349e-08,1.0730309901039639e-06,1.9387865861290787e-07,8.730179436482069e-05,4.5483903373561457e-10,6.570042680824131e-08,7.427296487996716e-08,4.890740327248266e-05,1.1078390689509136e-05,0.9861075910912784,3.3109628195509632e-06,1.0850656324568913e-11,0.0017347191474153354,0.0109016916348801,7.941273634270428e-10,6.56688724309763e-08,8.941848951318606e-08,1.8300239017981786e-09,1.538189917243865e-07,6.564019958684749e-07,9.02662421458011e-09,0.0003401145353742702,1.1089236633737485e-10,0.0007509696683661501
33,5.7487919754955723e-05,1.4305395970152326e-07,2.8180007989575717e-06,7.784494890143419e-07,0.00020047755271978884,2.72567141584793e-09,3.094172501450714e-07,2.728731449065552e-07,7.268147842330975e-05,2.696013300834175e-05,0.9785763644527234,1.0638793017409051e-05,9.099513292229889e-11,0.004694805051519678,0.014011901266366944,6.6384680308689965e-09,6.301727709482634e-07,6.703772719489444e-07,2.222020440861268e-08,3.8090794504731933e-07,1.8267531653338293e-06,7.427863447454835e-08,0.0006842187919606565,1.3569511031627053e-09,0.0016565272437851094
34,1.1092855149787059e-05,2.063229750413615e-08,9.87601215385693e-07,1.7463921845267643e-07,8.10007104133336e-05,3.5601667715689485e-10,6.451155225972365e-08,6.714325583494054e-08,4.3939429981097725e-05,1.0259022061371582e-05,0.987269272118122,3.1931866906971144e-06,9.383282450634728e-12,0.0017254013461182102,0.009845571588684945,6.747238359612009e-10,5.721876301593003e-08,7.328692993797526e-08,1.3478119184153682e-09,1.457032090026987e-07,5.989087256556477e-07,7.284588171730335e-09,0.0003136713962857429,9.295831630292068e-11,0.0006943989358438313
35,2.276400862466263e-05,3.993900256609057e-08,8.062357800727079e-07,2.2174633699893074e-07,7.115017227650561e-05,2.7162848382724095e-10,4.872807965041529e-08,2.0938023444091642e-07,0.00013109373827721103,1.055667081345099e-05,0.988681240889451,2.0018842512091875e-06,1.0374681489946807e-11,0.0006006668348777641,0.009679207520540375,5.687381815108167e-10,6.025504882260161e-08,4.8080023937414667e-08,2.4959275059499074e-09,6.98826385271254e-08,2.1515817344519302e-07,1.399759498054073e-08,0.00013115967743946067,4.945547056246485e-11,0.0006684218044105989
36,1.0088116925508693e-05,1.7401324480243966e-08,5.94154616260655e-07,1.6614148193537147e-07,4.1255453644283756e-05,2.4331588000803667e-10,1.169830326883892e-07,1.3010552370894368e-07,3.114620332362561e-05,7.311124021135283e-06,0.9862580061863103,9.265054440971783e-06,9.316611378740274e-12,0.0021017093804281657,0.010513647019547481,6.660492983437058e-10,9.613489177630989e-08,8.377474911257424e-08,8.562514044860286e-10,1.073222244190359e-07,4.364553030736973e-07,1.9512185191812082e-08,0.0001635597346820079,9.234051047677858e-11,0.0008622418740703147
37,2.3789484496831278e-05,1.494298926697634e-08,1.3903859220778066e-06,1.9834217366208297e-07,0.00010236341345220786,3.53585325606478e-10,1.4267219757564102e-07,4.6853971680442456e-08,2.169007045460933e-05,9.737864372703482e-06,0.9828109450265242,5.2969876162156455e-06,1.798864309529401e-11,0.006999957049341752,0.008457208419030342,1.2337684259538996e-09,1.1164724060104085e-07,1.48833248063651e-07,1.6494624324890734e-09,2.4026068337090546e-07,1.2141764610077972e-06,5.8747915616501915e-09,0.00062652956667772,3.136097877113115e-10,0.0009389645599398248
38,7.804611089549871e-06,2.275913458167206e-08,9.690500568580739e-07,1.867388813241654e-07,6.772769413854514e-05,6.733986343165698e-10,7.828018692473493e-08,6.475627855467295e-08,3.5975758338769235e-05,1.0829676525140151e-05,0.981511471360478,4.316775488848913e-06,1.0474243576082455e-11,0.0020340130570874492,0.015295434605260944,1.1544811042113528e-09,6.02005940041818e-08,1.3324977528511111e-07,1.6932147308014098e-09,1.632223609158882e-07,1.1614678411349306e-06,8.918308930311048e-09,0.0004714521876939747,1.319854442878075e-10,0.000558121966926312
39,1.0679304741240627e-05,7.79667837999786e-08,3.7645806000278046e-06,3.2335062960356063e-07,0.00012502270559091818,1.9624901654203464e-09,1.0007098832022321e-07,2.3218012824242995e-07,9.268389919126861e-05,1.6552286967319634e-05,0.9690420304344542,1.1504025649941649e-05,2.2231902077463493e-11,0.0016162711982495015,0.02746333336758623,3.020884670308463e-09,1.9237940362196778e-07,1.9641018009761887e-07,4.763030111584954e-09,2.8960751929502106e-07,5.1462700491505544e-06,3.272442326157979e-08,0.0007299872587028812,2.790645809368075e-10,0.0008815699304596951
40,1.0877728521360452e-05,2.0373602872194957e-08,1.2037548267168508e-06,1.0633031195324731e-07,0.00010841245141196055,1.690350239109864e-10,6.096144223771427e-08,3.308826558050728e-08,2.405150325420917e-05,4.2582396528768235e-06,0.9871524063522561,5.062838296515705e-06,5.681106142801426e-12,0.0034364149038690335,0.008157909314973413,4.2720963158469046e-10,3.7255031962979176e-08,3.912265905090371e-08,7.827288546620552e-10,1.0701158762202822e-07,5.391441449841532e-07,5.915376047633714e-09,0.00019376922734629134,6.224418367723992e-11,0.0009046830362707
41,8.248320273128225e-06,2.1521696490530526e-08,7.505181720369339e-07,1.6617122368901676e-07,7.863712255493339e-05,2.9436432250476883e-10,3.874158036061704e-08,5.837847034717518e-08,4.3336438390289016e-05,7.686786995458968e-06,0.9882744042151338,2.161558313927728e-06,7.46614749765281e-12,0.0013629422191960905,0.009499597047042342,5.645416369785751e-10,3.365631340201227e-08,6.629938205380926e-08,1.1960729712274425e-09,1.2545218179298748e-07,4.112729460362726e-07,5.183180631338e-09,0.00022973666899604253,5.2319907418509334e-11,0.0004915703131920524
42,1.2121464126489128e-05,1.289849473283071e-07,2.9904299205179677e-06,4.374276597302197e-07,7.509278146422824e-05,9.79676615498923e-10,4.4822993398082706e-08,3.1182733170925215e-07,0.00011088364924046533,1.2248995125456898e-05,0.9808875840439834,5.603214258546269e-06,1.5074386572765442e-11,0.0005415949458636472,0.017613185578102812,2.1026385455965276e-09,1.1828766790272545e-07,8.126096024810437e-08,6.123224881098686e-09,1.192672654001841e-07,1.2082707865807208e-06,5.140473814854832e-08,0.00018590017693500662,9.203111336884493e-11,0.0005502838539833339
43,1.5080385171128036e-05,3.5553139172343546e-08,3.453447506861519e-06,3.745674713775844e-07,0.0001674225600873297,2.1832009999462944e-09,1.4880500230735723e-07,2.075258943341083e-07,0.0001221585049678541,4.411611240500836e-05,0.9799657131150586,7.346443440407386e-06,3.2002573948504445e-11,0.0012762868153990943,0.016753791352003947,2.7536921961540338e-09,2.0500515080073962e-07,1.7349360995811403e-07,4.3718236939254985e-09,4.0031348282115185e-07,3.715981970770056e-06,2.2557544807532687e-08,0.0008726442460615153,3.6796879284866497e-10,0.0007666935059435871
44,1.0405563103633378e-05,2.1553207944391124e-08,1.0006040750921827e-06,1.7810247171366168e-07,8.185715383794125e-05,3.8872416435895785e-10,6.766938641496649e-08,6.834261406102345e-08,4.497356939979268e-05,1.0616646226006539e-05,0.9866805488442518,3.424196247497526e-06,9.34013827244913e-12,0.0017400965453717547,0.010364823231414069,6.926826159839308e-10,5.8965169348454707e-08,7.551791144387822e-08,1.3357120749912807e-09,1.5061755902443205e-07,6.461702213700167e-07,7.805948607716171e-09,0.000332099379473026,9.721115895144581e-11,0.0007288769984395055
45,1.2265575008161228e-05,2.1245818206514506e-08,1.1768747229785504e-06,1.990165741803899e-07,6.544928802861218e-05,5.438953179013041e-10,1.2307920037465466e-07,2.6097976506567025e-07,5.666984437640236e-05,1.6763055778992623e-05,0.9811588036652548,5.753001640892619e-06,2.3121590564382776e-11,0.0015191097149088483,0.016503007783278886,1.4904262493555666e-09,6.585558090535101e-08,1.2523282532039434e-07,2.0592211887358856e-09,1.827834742002438e-07,6.513416164400817e-07,1.2242443757857832e-08,0.00023054579342593053,1.666116441861362e-10,0.0004288093430011189
46,4.140420033747026e-05,2.3211884388581178e-08,2.9320919723328415e-06,4.943871887643723e-07,0.00010959204919272543,9.227388653657063e-10,2.2480665853497366e-07,1.9357559260443725e-07,6.515583931268926e-05,3.1783859345298063e-05,0.9908104733168926,1.011361438913207e-05,4.460124418426144e-11,0.0016761203777209924,0.005633654687644758,2.3012211367662645e-09,5.593180462084152e-07,1.1851537956563903e-07,3.735276524375745e-09,3.033240640627192e-07,1.757688353800768e-06,3.6439105872681155e-08,0.000482398349105869,4.187159379896833e-10,0.0011326529252586705
47,4.6005736291086997e-05,2.8616600551653225e-08,2.4624884077135314e-06,4.260885435581635e-07,8.604502437090667e-05,5.643036060214216e-10,1.6271946095974467e-07,1.9757583027430404e-07,5.559949968392789e-05,2.100130586999621e-05,0.9888415431051651,7.240910443992507e-06,3.7287964024927704e-11,0.0020963031865993066,0.007692841999333834,2.2469999926551893e-09,2.2401841738693576e-07,1.0397642237006906e-07,4.208109363294391e-09,1.856894964794669e-07,9.619830424421001e-07,2.326170887036706e-08,0.0003328648606137866,3.2709077077558395e-10,0.0008157705699055834
48,5.2145873722541673e-05,8.400292069957617e-08,2.9342070134567995e-06,4.201069822423252e-07,0.0001813127162161831,2.147668265452152e-09,2.895773782791308e-07,3.007207825665354e-07,0.00013662632250751854,4.45560724359154e-05,0.9778099877839034,7.79825961850524e-06,5.562089840205667e-11,0.0025759019970153126,0.016258350091960923,3.1205511897338857e-09,5.017190435710683e-07,2.947140840928827e-07,1.2463047729540233e-08,3.231365518560983e-07,1.7282883207402266e-06,4.777688443107345e-08,0.0008687138405834771,1.0571138563666486e-09,0.002057663948072207
49,9.190580474270618e-06,3.7947857745506964e-08,1.7514131036289917e-06,2.4937173153281056e-07,9.444051488059352e-05,7.501250513919983e-10,8.482886701230496e-08,1.1890849649607492e-07,6.513058345346982e-05,1.5585105072300724e-05,0.9843255323474344,6.510998918024167e-06,1.2688614599048274e-11,0.0012656407344354195,0.013036121756194655,1.0287422439954405e-09,8.675707645554498e-08,7.408053845995842e-08,1.8970488706110295e-09,1.87685034799986e-07,1.0683520002458888e-06,1.920874179938445e-08,0.00032603195303534634,1.2422760520183336e-10,0.0008521330598207953
50,2.1990177546001604e-05,6.048816184320875e-09,9.111677301762037e-07,1.457129357718839e-07,7.209364272227867e-05,1.8222891617592712e-10,1.557020763900351e-07,8.348375470883787e-08,3.3500521910065595e-05,1.8434275805114082e-05,0.9911024850936876,3.3630281775307105e-06,1.6123723919587203e-11,0.002469690020064373,0.005267756336543282,5.47415358452551e-10,6.91743746367588e-08,4.9907964491602915e-08,8.271406103720817e-10,1.7958503700929818e-07,2.8030687258346375e-07,4.440894497864206e-09,0.00024494520751810035,1.573938616786684e-10,0.0007638544352667455
51,2.7087493919345667e-06,1.8376897569302502e-07,3.145166441130378e-07,3.984397988975118e-07,1.7677065737866868e-05,3.269761238563954e-10,6.593338479485484e-09,6.927158184400927e-08,3.303090135940036e-05,1.9043224423546745e-06,0.9749802743944156,2.4603348182766544e-06,1.7983139206458696e-12,0.0004252458096995016,0.02406915633871421,3.64604965088196e-10,1.2192822565807975e-08,4.084865682574662e-08,9.13551103820997e-10,2.7911288565674787e-08,3.8956324044818864e-07,2.547668912920245e-08,9.160591896395884e-05,9.11059106527082e-12,0.00037446596537946684
52,5.626095401614884e-06,8.428606950199028e-09,3.849898753260676e-07,1.3819075145130238e-07,5.131629860221724e-05,5.190362449762844e-10,2.495834664462281e-08,9.090301742076726e-08,3.738366379952015e-05,2.3250211364236114e-05,0.984860803637276,1.938816257468788e-06,1.1102673335636272e-11,0.0009737942876222034,0.013709410687744124,5.591710050319915e-10,1.6043584962755092e-08,1.1432514031800146e-07,1.344308889365319e-09,1.7716801661912012e-07,2.815271978786493e-07,3.0793719226353538e-09,0.00015545915815724657,4.841228376368862e-11,0.00017977504783451615
53,2.6779468431600657e-05,1.4631972127391682e-07,1.671686889149239e-06,3.0359478387283825e-07,0.00011316167499291219,8.953971154497472e-10,4.0649717154924784e-08,1.6649412175496367e-07,0.00010083861207060546,1.3941815337947318e-05,0.9793069824695565,3.494135094162437e-06,1.4639848662661908e-11,0.0013189001284971782,0.017763259396272373,1.1614112147831684e-09,9.972544388562952e-08,1.0867462377685659e-07,8.862962807982995e-09,1.0884820864769688e-07,6.178047780435013e-07,2.8662015459236925e-08,0.00024034293843816395,1.453338830465728e-10,0.0011089958212608267
54,1.0802142072548237e-05,7.858689923486508e-08,5.89627982145315e-07,1.917611035423724e-07,7.482684489356636e-05,4.4495616696191764e-10,6.783235606180023e-08,5.739719439736908e-08,5.363847225907519e-05,6.460749312511804e-06,0.9759706168791348,3.5227342904897196e-06,3.90610258604068e-12,0.0024504151315397245,0.019283345409021428,4.672782203996532e-10,4.2718493431410993e-08,6.123767654067513e-08,1.6940759903096885e-09,6.51548635520529e-08,4.0811876205878566e-07,1.693727911302797e-08,0.0002714551908738905,8.300664768080326e-11,0.0018733343807687632
55,1.0579984175298969e-05,1.7926313016628307e-08,1.039996994698956e-06,1.7302726636855043e-07,8.980700043163437e-05,3.930206416460794e-10,9.044868444267814e-08,9.290428599592053e-08,4.7467192472324663e-05,1.1088460150536833e-05,0.9859095593851871,5.505934310299347e-06,1.2701670786745984e-11,0.002196535215725757,0.010670723961282078,8.319369848246468e-10,6.228749005130563e-08,8.448280135550298e-08,1.2196783336832765e-09,1.8032912852262982e-07,6.490696013197074e-07,8.114006338858513e-09,0.000309971150931876,1.1119212110502275e-10,0.0007463605602310676
56,1.1231209447066408e-05,2.119736273517816e-08,1.0517236821484194e-06,1.8954863604174912e-07,8.27920644358848e-05,4.123916380241479e-10,7.253910650631633e-08,7.746514814053974e-08,4.6488994397116176e-05,1.163585095117584e-05,0.9869625987863114,3.5952358950625332e-06,1.139200881399312e-11,0.001740346897968238,0.010100812800536816,7.682750955004812e-10,6.306310356421576e-08,8.111994539703182e-08,1.4356485469939885e-09,1.6586694362378343e-07,6.493337902931951e-07,8.016052958470478e-09,0.0003323641362415118,1.0764335242034475e-10,0.0007057514146936383
57,1.1149980230848218e-05,2.3248889527516485e-08,3.194025292329019e-06,1.9749856733326808e-07,0.00014296949837664053,6.290139881480848e-10,1.0570894257232959e-07,1.1502228197632428e-07,6.417337954587876e-05,1.8209352253645613e-05,0.987427073949374,8.274116222883703e-06,1.9600465713948694e-11,0.0016030309432299814,0.009636246625260367,1.3411286742468627e-09,9.902526704245482e-08,6.387723520786747e-08,1.8711458468075233e-09,2.784786576485689e-07,1.319632265856558e-06,1.293942494635393e-08,0.00033442948513564923,1.56778035233258e-10,0.0007490291958787889
58,1.4796459638514761e-05,2.7475616093631896e-08,1.369499606953883e-06,2.1416989495231303e-07,0.00010350420747603871,6.113863479445738e-10,1.0409831785184773e-07,9.898622895524447e-08,5.662663711238955e-05,1.643155239810055e-05,0.9839881234775492,4.7599079142153815e-06,1.6283328880809297e-11,0.002219849193164381,0.012173394709710288,1.02566116067587e-09,9.383539145292061e-08,1.1121381403450377e-07,2.089262500168478e-09,2.1243777182551945e-07,9.10813081917887e-07,1.0913375905125443e-08,0.00047718882983453824,2.0186302805193464e-10,0.0009421676376464361
59,1.3932571347001206e-05,2.575192404170113e-08,1.5837575236431434e-06,2.1159365096350086e-07,0.00010368337149097831,5.633174897878663e-10,1.0201322036169334e-07,9.861412452980722e-08,5.445065851599336e-05,1.548416239350556e-05,0.9849342522088715,4.872427460125643e-06,1.6230721871287163e-11,0.0020888839933109822,0.011472088089631497,1.0561060252883094e-09,9.11042317004226e-08,9.871358884849286e-08,1.936302841462232e-09,2.1801106471006253e-07,9.709490174349937e-07,1.0461406307544508e-08,0.0004498849057767922,1.8626851340884511e-10,0.000859052883223138
60,1.0405563103633378e-05,2.1553207944391124e-08,1.0006040750921827e-06,1.7810247171366168e-07,8.185715383794125e-05,3.8872416435895785e-10,6.766938641496649e-08,6.834261406102345e-08,4.497356939979268e-05,1.0616646226006539e-05,0.9866805488442518,3.424196247497526e-06,9.34013827244913e-12,0.0017400965453717547,0.010364823231414069,6.926826159839308e-10,5.8965169348454707e-08,7.551791144387822e-08,1.3357120749912807e-09,1.5061755902443205e-07,6.461702213700167e-07,7.805948607716171e-09,0.000332099379473026,9.721115895144581e-11,0.0007288769984395055
61,1.3212422859123286e-05,2.458137889272403e-08,1.4454863622954187e-06,1.9324183414342355e-07,9.99874345954898e-05,5.08539041418361e-10,9.097224248056576e-08,8.669886808451859e-08,5.301484030876675e-05,1.4143069777010194e-05,0.9853563403107181,4.463502210726773e-06,1.3738221508373957e-11,0.00200979070129575,0.011172164033520908,9.215035177276955e-10,8.120127059730695e-08,8.808820542888481e-08,1.7719499064564925e-09,1.9366004622198988e-07,8.785784029428479e-07,9.568438520060553e-09,0.0004208745949527642,1.57588254199928e-10,0.0008529136393930152
62,1.0405563103633378e-05,2.1553207944391124e-08,1.0006040750921827e-06,1.7810247171366168e-07,8.185715383794125e-05,3.8872416435895785e-10,6.766938641496649e-08,6.834261406102345e-08,4.497356939979268e-05,1.0616646226006539e-05,0.9866805488442518,3.424196247497526e-06,9.34013827244913e-12,0.0017400965453717547,0.010364823231414069,6.926826159839308e-10,5.8965169348454707e-08,7.551791144387822e-08,1.3357120749912807e-09,1.5061755902443205e-07,6.461702213700167e-07,7.805948607716171e-09,0.000332099379473026,9.721115895144581e-11,0.0007288769984395055
63,9.9715319367485e-06,3.083254457987698e-08,9.199588886301728e-07,1.8692440187721838e-07,8.056022985327862e-05,4.3213361808943233e-10,5.785060922008409e-08,6.721815075493289e-08,4.900399609106561e-05,9.48502822646591e-06,0.9853115765727076,3.0529256709444453e-06,8.397224912607936e-12,0.0015888762402797819,0.011834142375983216,6.671319895228753e-10,5.6165696452488995e-08,8.113407047747127e-08,1.5620428118421124e-09,1.3441692983262186e-07,6.312120047584811e-07,9.110963739623227e-09,0.00033043695346235907,8.942120204566776e-11,0.000780716562401489
64,9.521441595208196e-06,2.397522151994951e-08,1.455319436216531e-06,1.893260548633389e-07,8.736114469860745e-05,4.894524361079154e-10,6.835614111443095e-08,6.832149525425468e-08,4.5495627487935144e-05,1.1102221748453021e-05,0.9851456671926563,4.56835339091822e-06,1.0112473832661969e-11,0.001785141593633773,0.011723722677681599,8.662155467509118e-10,7.332016844669083e-08,7.99193884791507e-08,1.3655777369060844e-09,1.8308156897570508e-07,1.2299285891023596e-06,9.125972620887806e-09,0.0004466884036486816,1.159319547223205e-10,0.0007373478221318491
65,9.975439905176876e-06,5.04718576149957e-08,1.4373847389369011e-06,2.2456209173844031e-07,0.00012331926808109515,8.378897938519949e-10,9.213523934613455e-08,6.377915175937746e-08,5.5146638377535516e-05,1.0384682464521616e-05,0.9777113368649053,4.965581327017095e-06,1.0089456005227612e-11,0.0026930798201887313,0.017234191753190447,1.0054117149775516e-09,9.912360304200616e-08,1.3977598910433123e-07,2.078636444963339e-09,2.1428462102398458e-07,1.7961158518271154e-06,1.3344522353852095e-08,0.000762664205061495,1.871677303955258e-10,0.0013908006496365386
66,1.870418084098295e-05,1.055654133806987e-08,1.9231775769615743e-06,1.9418402305472015e-07,0.00016347514200601074,3.812324547418563e-10,1.3478906544702437e-07,7.668253296728982e-08,5.447121357954084e-05,1.805482218856818e-05,0.9920498558892965,3.3289359870928266e-06,2.1810931941407972e-11,0.0018084124010337495,0.004936667245216951,1.0076365602128183e-09,8.713871257376467e-08,6.32993818491878e-08,1.558226380041054e-09,2.690863042595444e-07,6.128041919536043e-07,5.407264235972757e-09,0.00031476349641264024,1.44647302212362e-10,0.0006288864342897444
67,8.595766783727374e-06,3.392508589558087e-08,1.0821458796478788e-06,2.0437074489943434e-07,8.36132737344725e-05,6.677853479915629e-10,7.805709202220837e-08,6.080057438155058e-08,4.5682186920559604e-05,1.0705771701595998e-05,0.9814129466413808,4.450267766615366e-06,8.934346249446186e-12,0.002194140765610193,0.014549595697619355,8.28948558674823e-10,8.286871183859135e-08,1.1372047123441556e-07,1.6006450024229153e-09,1.8328013404843816e-07,1.21620359890681e-06,1.1337800572341868e-08,0.0005910406521230704,1.4366966584603034e-10,0.0010961590162832905
68,9.925358418897965e-06,2.1674341696938142e-08,1.0290383453186073e-06,1.779012044198021e-07,8.301196536253944e-05,4.182969364197082e-10,7.051681602835505e-08,7.1799767850616e-08,4.510118971855101e-05,1.091034501909074e-05,0.9860375364069337,3.7209678976691284e-06,9.623244933048824e-12,0.0017641402247708556,0.010968474877386995,7.182026361694017e-10,6.028239042924392e-08,7.923357648882256e-08,1.3249828323508902e-09,1.5866467044426951e-07,7.109253101108356e-07,8.086573649060987e-09,0.0003437818790226861,1.0148417128826662e-10,0.0007310060898831326
69,6.279369715400921e-06,1.5698544546482186e-08,6.929534797704408e-07,1.367486894661653e-07,5.975359853927243e-05,2.788366016903544e-10,4.324083505621132e-08,4.953167871137134e-08,3.7321365577894465e-05,8.150644946856854e-06,0.9880292468956877,2.536544162632083e-06,5.723024949862263e-12,0.001211256444206542,0.009773067829818082,4.146180574246002e-10,4.0245291002929785e-08,5.9057343989571576e-08,7.538259229605976e-10,1.275241373677708e-07,5.501799282190625e-07,5.570315557637219e-09,0.00029290385875805936,5.223134778455241e-11,0.0005777611931087894
70,2.884216700559275e-06,1.0210313094261202e-08,9.121235678040883e-07,2.2418232009452492e-07,5.8848140292698556e-05,3.904097525400682e-10,4.1651726924628616e-08,4.5551834157462e-08,4.8183257290808114e-05,8.430231847393447e-06,0.9913578366447791,2.8802949872036842e-06,4.55355010419065e-12,0.0006961240301028909,0.00730125531645539,6.236435691465698e-10,1.4205399216742465e-08,2.7802638316570105e-08,3.892327828430905e-10,1.3593610042715273e-07,5.088323255839613e-07,3.830194919211443e-09,0.0002113723491986241,2.192668780202662e-11,0.00031025976215837565
