,0,1,2,3,4,5,6,7,8,9,10,11,12,13,14,15,16,17,18,19,20,21,22,23,24
0,5.788617718907154e-07,2.296524586611456e-06,2.617966673489947e-05,5.575313428569418e-06,0.026627371797207356,0.0019607829112408036,0.0001321620681702533,1.0556248093428468e-05,3.0934780799538474e-05,1.3872470957237919e-08,0.9699400726524847,1.392924135658223e-07,6.922851550905904e-09,0.0001762978517050994,0.00034714822397810167,1.8968362872972192e-05,7.831442273197147e-06,4.944910172405914e-07,2.2835217879863688e-06,5.615815972478949e-07,3.2069856835986756e-07,5.966380050544594e-07,0.0006556993084004072,1.7825141096803603e-05,3.530182644334742e-05
1,9.27107152833758e-07,2.9215431764154716e-06,4.636633500422696e-05,4.769272660243754e-06,0.035003294435903214,0.003507943606901494,0.0001570543696042171,1.8326466558580317e-05,9.024911271921632e-05,1.757541272512658e-08,0.9596636287710703,1.7958824391762837e-07,1.4153349328565908e-08,0.00010149605957678524,0.000867577614644243,6.299940829337247e-05,8.655209797532963e-06,6.223747188987157e-07,6.534035533441238e-06,8.554122485635245e-07,4.807214725204901e-07,9.442022437200516e-07,0.0003914729828798082,3.1003506663163824e-05,3.1666134171313353e-05
2,7.586882441018849e-07,2.827394492810138e-06,2.2026864517972423e-05,2.982580021530566e-06,0.059065663006448464,0.0018954678964082856,0.0001518864939813418,1.240901608423327e-05,4.8268610432265865e-05,1.164366819323794e-08,0.9371151700060936,1.4723417709127745e-07,1.1634039658444052e-08,0.0001560306790796461,0.0009021275736923182,2.8606518374122727e-05,1.1907413595345799e-05,4.675088509824586e-07,3.435537139518164e-06,9.688346415553607e-07,3.030569900978087e-07,7.764205473040822e-07,0.0005119153450605554,1.4652746867945173e-05,5.11772965512317e-05
3,5.418496626842216e-07,2.0526479120129352e-06,2.2806963104545054e-05,4.04890625744406e-06,0.02919225980720123,0.0021010641447452953,0.00010742672903748874,1.107285249313521e-05,3.989026413803203e-05,1.028588272101392e-08,0.967353293193609,1.2983851626557222e-07,8.838151628242631e-09,0.00012649546324053652,0.00046249184794537905,2.4590440407132627e-05,9.620311907431392e-06,4.397566773922071e-07,3.2299456995852685e-06,6.140538330010785e-07,3.4088791001267343e-07,7.254466342445053e-07,0.0004891345781935712,1.9024716107297666e-05,2.8686230732833094e-05
4,5.912548305712766e-07,2.099238833076432e-06,2.2309520639427857e-05,4.280687313282904e-06,0.029751287714704644,0.0020580382882572196,0.00010848539247337223,1.0637606743015598e-05,4.276673718254662e-05,9.832783982662478e-09,0.966812673198882,1.638644343257262e-07,1.2328925971711643e-08,0.0001455547120231036,0.00045375442547491426,2.4040861080026628e-05,1.1662113937689998e-05,4.849250399258268e-07,3.343497532684586e-06,6.588870990528813e-07,3.839326125466924e-07,8.197319562761666e-07,0.0004935968560727294,1.992492196045141e-05,3.241946920709752e-05
5,6.274024889749422e-07,2.1091194334496825e-06,2.25161636378056e-05,5.9754939413487766e-06,0.023844925362201567,0.0021701670876009753,9.74903485398919e-05,9.796964584836715e-06,4.002522941875346e-05,1.1975480618910974e-08,0.9726408442809223,1.5383538107661096e-07,9.922666879203326e-09,0.00015585925257133697,0.0003683308053080156,2.3356855293842055e-05,1.0972149199911272e-05,6.648840392402196e-07,2.8069597096801224e-06,6.6766300296472e-07,3.81992108028036e-07,8.147094342667043e-07,0.0005456885589372708,2.370990628545547e-05,3.209307781126815e-05
6,5.418496626842216e-07,2.0526479120129352e-06,2.2806963104545054e-05,4.04890625744406e-06,0.02919225980720123,0.0021010641447452953,0.00010742672903748874,1.107285249313521e-05,3.989026413803203e-05,1.028588272101392e-08,0.967353293193609,1.2983851626557222e-07,8.838151628242631e-09,0.00012649546324053652,0.00046249184794537905,2.4590440407132627e-05,9.620311907431392e-06,4.397566773922071e-07,3.2299456995852685e-06,6.140538330010785e-07,3.4088791001267343e-07,7.254466342445053e-07,0.0004891345781935712,1.9024716107297666e-05,2.8686230732833094e-05
7,3.041395039550601e-07,2.272165549872076e-06,1.2726553754312336e-05,4.602917364993763e-06,0.027752453960957577,0.0017349812393837544,8.599324982626815e-05,9.147324736381024e-06,4.24745841993891e-05,8.522566161712807e-09,0.9689690052144465,1.3452308547364718e-07,6.553038169658602e-09,0.0001391246936275814,0.0006355205992556568,2.7179774877613932e-05,1.0772370076751642e-05,3.521297356746077e-07,2.6894315415427923e-06,6.49030687880834e-07,3.796534225904747e-07,1.1384927841055567e-06,0.0005252357956594352,1.4739575075740324e-05,2.810750484261084e-05
8,7.091127622025599e-07,3.2081816158207922e-06,4.770217182002431e-05,9.055644272301974e-06,0.03121541902827165,0.002641593319614683,0.00019665720346534804,1.4009682082836683e-05,2.6985300984183154e-05,2.3662988281321262e-08,0.9640351522400696,1.6144300307774607e-07,7.90951898642684e-09,0.00026150804053284756,0.00023075085148011938,1.961637170373806e-05,6.072521383351645e-06,3.929226139851783e-07,2.206207526083079e-06,7.537490514544124e-07,3.481122786939871e-07,3.2930812682957714e-07,0.0012252020795582598,2.276258692307263e-05,3.937234835242919e-05
9,6.212406913537161e-07,3.831711876485611e-06,6.016509841318553e-05,1.4522592011449462e-05,0.024335732520975522,0.003346393984240222,0.0002078231687770142,1.4464208003695103e-05,4.89978611497536e-05,3.073653818881271e-08,0.9701199447124436,2.4480215825573747e-07,1.004085673746368e-08,0.00022616048468453496,0.0004015438578747948,3.459083981674541e-05,6.810967860680404e-06,5.468312745362308e-07,2.7210614205179373e-06,9.469547067913133e-07,6.605914911776435e-07,6.475546486208642e-07,0.0010971774140118315,3.1321182750206556e-05,4.408958132430072e-05
10,5.418496626842216e-07,2.0526479120129352e-06,2.2806963104545054e-05,4.04890625744406e-06,0.02919225980720123,0.0021010641447452953,0.00010742672903748874,1.107285249313521e-05,3.989026413803203e-05,1.028588272101392e-08,0.967353293193609,1.2983851626557222e-07,8.838151628242631e-09,0.00012649546324053652,0.00046249184794537905,2.4590440407132627e-05,9.620311907431392e-06,4.397566773922071e-07,3.2299456995852685e-06,6.140538330010785e-07,3.4088791001267343e-07,7.254466342445053e-07,0.0004891345781935712,1.9024716107297666e-05,2.8686230732833094e-05
11,5.856427428599614e-07,2.0763171327094488e-06,2.3697324929201455e-05,4.25323436966163e-06,0.030721911456274394,0.0021012564751128884,0.0001136243431161507,1.123133086486581e-05,4.2003176526507236e-05,1.0647679021352939e-08,0.9657815198667953,1.523566694245454e-07,1.162108675432918e-08,0.00013409800411192033,0.0004595757468843829,2.552199163658708e-05,1.0978809660268449e-05,4.7596325671487097e-07,3.358912056467122e-06,6.888056485768561e-07,3.7708486239385205e-07,7.729821962530083e-07,0.000510013726153813,2.0624439188489004e-05,3.117974104430836e-05
12,1.739158248558966e-06,1.005961580102606e-05,1.0239356333441013e-05,8.325740792139656e-06,0.19554642444357753,0.0046851173843852675,9.685960396452014e-05,3.71064608102434e-06,4.465351553479009e-05,2.9646439462628237e-08,0.7948311949957259,1.1512860417344672e-07,2.719462061425707e-08,0.0019091327328237494,0.00027664476975794065,1.3960036540825038e-05,0.00014980267802101305,2.3158878328813997e-06,1.6460079081059256e-06,3.212838044032281e-06,6.804824420885602e-07,9.461454867007696e-07,0.0020915148656681236,1.361459284989338e-05,0.0002980325325163912
13,4.533682186556982e-05,5.862649485933143e-05,0.0005209756286703322,1.2936333312408813e-05,0.5517411697823795,0.13760164558077043,0.0005606094605056123,2.0708511480978098e-05,0.0017999025726841429,9.394104903731462e-07,0.2987466795222325,7.981591333070418e-08,1.0551898404619967e-07,0.00010459863719116713,0.006048848563737357,0.0013968244023000265,7.031848010751847e-05,1.3108915433404376e-05,6.932722459298427e-05,1.4434347613967844e-05,2.5222702475700952e-06,1.0178141571087982e-06,0.0004963654770680752,0.00022191513331299461,0.00045100328008934105
14,5.374907626232208e-07,1.182466088390885e-06,3.943535949678391e-05,4.235882641847968e-06,0.022813370822517172,0.0027095331343628035,9.305517816494419e-05,1.112692389896268e-05,5.090473709348707e-05,6.873336179455301e-09,0.973094081342156,1.4828435098613572e-07,1.2816944009109467e-08,8.695683556716288e-05,0.0005755668577117416,2.7808992680164166e-05,1.0415210418355984e-05,4.619306734433177e-07,2.8363035916616495e-06,5.438578145564321e-07,4.398470851351911e-07,7.578273048406987e-07,0.000424476123734666,2.1338939301693563e-05,3.076596230237729e-05
15,5.418496626842216e-07,2.0526479120129352e-06,2.2806963104545054e-05,4.04890625744406e-06,0.02919225980720123,0.0021010641447452953,0.00010742672903748874,1.107285249313521e-05,3.989026413803203e-05,1.028588272101392e-08,0.967353293193609,1.2983851626557222e-07,8.838151628242631e-09,0.00012649546324053652,0.00046249184794537905,2.4590440407132627e-05,9.620311907431392e-06,4.397566773922071e-07,3.2299456995852685e-06,6.140538330010785e-07,3.4088791001267343e-07,7.254466342445053e-07,0.0004891345781935712,1.9024716107297666e-05,2.8686230732833094e-05
16,4.426962512223259e-07,2.8210966650004464e-06,1.752070377472574e-05,4.845407952225077e-06,0.026168857822822637,0.0016106397461156843,0.00015822723935015085,1.7067132739753476e-05,3.9465211752447813e-05,1.8450763464059787e-08,0.9704130012508859,2.4697989747911365e-07,9.089231867057417e-09,0.0001811725545354101,0.000708773085052533,3.467174209545165e-05,1.0651677928067121e-05,5.270877105850166e-07,4.616555344028786e-06,7.495357449475659e-07,6.328992981743785e-07,1.6489797846905347e-06,0.0005715129813736079,1.7278644247343034e-05,3.46014286824092e-05
17,2.636920667277897e-07,1.3583550695581902e-06,8.827123651457295e-06,3.6501605899135592e-06,0.02884060535369285,0.0009949355010912646,7.663379543287428e-05,8.39006082395178e-06,1.7133348895909647e-05,6.391502288774821e-09,0.9687653850039489,1.3434395584691102e-07,9.507137958116108e-09,0.00020662342861548118,0.00024858412093702617,1.3295283485244457e-05,1.5061472435560076e-05,3.0222752870030514e-07,1.5249169857002278e-06,6.888518939866122e-07,2.789516383336552e-07,7.636479426358108e-07,0.0007577134784880681,1.118312471279532e-05,2.66478574767888e-05
18,9.302070823515702e-07,2.523526114440914e-06,1.9161148622960576e-05,4.4992118963279364e-06,0.06133141473954319,0.0022739809608685853,0.0001455960840463539,8.653125588298025e-06,3.735280404971124e-05,1.666746631387477e-08,0.9343303716774962,1.8566466386900528e-07,2.065621992121434e-08,0.0003210391882155065,0.0005365902963597381,2.0875398687540026e-05,3.542357726557283e-05,1.1835100644190412e-06,2.423228794972119e-06,1.2313293375082348e-06,5.802464092148076e-07,1.1443172061816233e-06,0.0008051119015208522,1.5295059021653055e-05,0.00010439547345825331
19,4.662078596593027e-07,2.4626663399774245e-06,3.3568866066026845e-05,6.336163915485489e-06,0.026821242348691498,0.0016578875593526192,0.0002168341757200957,1.6227483413862653e-05,5.379539804698298e-05,1.2871120639705902e-08,0.9698039476730899,2.930637722747498e-07,1.1239627298581988e-08,0.0001343693815153405,0.0006535431885307462,3.484712314897591e-05,7.4847198462705075e-06,3.871961035395023e-07,3.1873239500468636e-06,6.018716009340389e-07,5.324653362359328e-07,1.0411030098528399e-06,0.0004993900853337745,1.8005587160918605e-05,3.352423744698121e-05
20,2.7497219698762957e-07,1.3265388656184556e-06,1.833531517573007e-05,3.2486511362639974e-06,0.014869595079679039,0.0011375073613803647,0.00010135050809033173,1.8049686627249645e-05,3.283636345399526e-05,7.069844823783529e-09,0.9824687979296002,1.6285314044236535e-07,5.331814320326169e-09,8.090786158458078e-05,0.0008777737020647954,2.6091254587013185e-05,6.173207972070699e-06,2.9774773855938726e-07,3.322454986222922e-06,3.94420022191225e-07,3.165453085087181e-07,1.3980338767489993e-06,0.0003211442184847401,1.1631247550129432e-05,1.9051644819111095e-05
21,8.310665623072501e-07,3.7428543611541783e-06,3.0444219829344417e-05,8.21316881354888e-06,0.024413470581511273,0.0023476365748976336,0.0001536972461988876,2.0610793584197645e-05,6.89098895274948e-05,2.1794754086567527e-08,0.9715922293738449,3.15587261727037e-07,1.3916730343905923e-08,0.0002482871651143394,0.0005263820777913405,5.6671157661900394e-05,8.894678970000501e-06,8.028327358770154e-07,4.939119682517543e-06,9.464837289467029e-07,4.9555648717666e-07,1.2506091225056624e-06,0.0004518957619242248,2.6965344906877693e-05,3.233214399743291e-05
22,2.1619249777471315e-07,5.640162385551537e-06,3.329796241372015e-05,8.905472608253895e-06,0.044143211870331434,0.0014251629767502542,0.0007001628355161468,2.365731455725043e-05,6.340776215786934e-05,1.62043715316202e-08,0.9516107538990333,6.530958289476892e-07,1.0747432598902335e-08,0.00022597039954717037,0.0006489857274362825,4.309147651432111e-05,1.7415256353095407e-06,7.024109530882486e-08,3.815189331609667e-06,6.664856744637242e-07,4.429731354243376e-07,3.881528553928122e-07,0.0010154492879155103,1.7062284257974374e-05,2.721976071656866e-05
23,5.418496626842216e-07,2.0526479120129352e-06,2.2806963104545054e-05,4.04890625744406e-06,0.02919225980720123,0.0021010641447452953,0.00010742672903748874,1.107285249313521e-05,3.989026413803203e-05,1.028588272101392e-08,0.967353293193609,1.2983851626557222e-07,8.838151628242631e-09,0.00012649546324053652,0.00046249184794537905,2.4590440407132627e-05,9.620311907431392e-06,4.397566773922071e-07,3.2299456995852685e-06,6.140538330010785e-07,3.4088791001267343e-07,7.254466342445053e-07,0.0004891345781935712,1.9024716107297666e-05,2.8686230732833094e-05
24,6.533364831263967e-07,3.5118756714531158e-06,1.7947210867996454e-05,6.75375017719022e-06,0.030374562260002194,0.0022595667778538197,0.00010179936469763756,1.2129354121049818e-05,3.8537078518805e-05,1.6564620866293316e-08,0.9658285812590311,1.589362429068776e-07,1.0457175821458692e-08,0.0002645713745965936,0.00031304405041374485,2.7344519737142278e-05,1.2873265820685867e-05,5.982719914344885e-07,3.508524072525373e-06,9.348991541364537e-07,3.640203089857888e-07,8.191652030901238e-07,0.000677974857201034,2.261738198310299e-05,3.1121444053386945e-05
25,3.456446443503729e-06,6.179065502561794e-06,9.830025350361977e-05,5.7575731314320925e-06,0.1320240788937463,0.011307207044986972,0.00024085105018741503,8.574673543542042e-06,0.00023843748448202216,3.3398388867339236e-08,0.8523793135480277,2.0198509913980645e-07,5.022196472483847e-08,0.00013974717094909116,0.002534410755667818,8.030814520380164e-05,3.441558571356422e-05,2.0205000849994267e-06,7.958704030298014e-06,2.039899642066416e-06,1.1442960644658689e-06,1.132886084000323e-06,0.0006160907465929683,4.617942487140571e-05,0.00022211024608778096
26,1.0902586188364294e-06,1.342078407260594e-06,2.9226120900573753e-05,3.3701945072991365e-06,0.032761551693035795,0.004343260213559505,4.525678540591514e-05,5.1148537227886355e-06,4.3695160651411195e-05,8.080225069773326e-09,0.9619128556445659,5.526010866339485e-08,1.6164922087438964e-08,6.95492090823504e-05,0.00016251809708251318,1.983243922030932e-05,1.4753337516390222e-05,7.333332805867761e-07,3.54496276707629e-06,7.458853733696716e-07,3.1060520210486735e-07,3.243519450099747e-07,0.0005045002078679884,5.707572592899311e-05,1.926933610238828e-05
27,3.795109380380797e-07,1.5954193402542537e-06,1.7056755609542652e-05,3.305910128137908e-06,0.02016978667451898,0.0017498725372910068,7.700662957101332e-05,1.1393329852517912e-05,3.716489844729617e-05,7.537930172643285e-09,0.976853675611524,1.1316800895881582e-07,6.682471300871262e-09,9.436761795011347e-05,0.0005389516160262502,2.464565878941306e-05,8.331809913683771e-06,3.598637078992911e-07,3.481700652357141e-06,4.817935654609295e-07,2.902273982871945e-07,9.578036315238013e-07,0.0003703650858990909,1.6915042201248585e-05,1.9487114633383835e-05
28,5.418496626842216e-07,2.0526479120129352e-06,2.2806963104545054e-05,4.04890625744406e-06,0.02919225980720123,0.0021010641447452953,0.00010742672903748874,1.107285249313521e-05,3.989026413803203e-05,1.028588272101392e-08,0.967353293193609,1.2983851626557222e-07,8.838151628242631e-09,0.00012649546324053652,0.00046249184794537905,2.4590440407132627e-05,9.620311907431392e-06,4.397566773922071e-07,3.2299456995852685e-06,6.140538330010785e-07,3.4088791001267343e-07,7.254466342445053e-07,0.0004891345781935712,1.9024716107297666e-05,2.8686230732833094e-05
29,5.418496626842216e-07,2.0526479120129352e-06,2.2806963104545054e-05,4.04890625744406e-06,0.02919225980720123,0.0021010641447452953,0.00010742672903748874,1.107285249313521e-05,3.989026413803203e-05,1.028588272101392e-08,0.967353293193609,1.2983851626557222e-07,8.838151628242631e-09,0.00012649546324053652,0.00046249184794537905,2.4590440407132627e-05,9.620311907431392e-06,4.397566773922071e-07,3.2299456995852685e-06,6.140538330010785e-07,3.4088791001267343e-07,7.254466342445053e-07,0.0004891345781935712,1.9024716107297666e-05,2.8686230732833094e-05
30,5.418496626842216e-07,2.0526479120129352e-06,2.2806963104545054e-05,4.04890625744406e-06,0.02919225980720123,0.0021010641447452953,0.00010742672903748874,1.107285249313521e-05,3.989026413803203e-05,1.028588272101392e-08,0.967353293193609,1.2983851626557222e-07,8.838151628242631e-09,0.00012649546324053652,0.00046249184794537905,2.4590440407132627e-05,9.620311907431392e-06,4.397566773922071e-07,3.2299456995852685e-06,6.140538330010785e-07,3.4088791001267343e-07,7.254466342445053e-07,0.0004891345781935712,1.9024716107297666e-05,2.8686230732833094e-05
31,1.1270728419642064e-06,2.6588003062816413e-06,4.600993933207723e-05,4.9287863289103e-06,0.030478964621963332,0.0022288491911876132,0.00017913630394964612,2.6719043955479464e-05,3.2279309927084885e-05,2.119065571286699e-08,0.965838246066734,1.380975761373864e-07,9.41746639392423e-09,0.00015994617269702183,0.00033202449301633895,2.4872254859470125e-05,8.441316768394555e-06,6.324199629403209e-07,4.63404665782375e-06,7.074578841256101e-07,3.2777643644110943e-07,5.302373083691674e-07,0.0005782012937388466,2.1374750515917953e-05,2.921993792968347e-05
32,5.733992694464395e-07,2.0732236291160985e-06,2.225530523405598e-05,3.6389007187786586e-06,0.027563774928533437,0.0021272091902154234,0.00010321401377350047,1.1504536531862863e-05,4.0406371740654066e-05,1.0117127167380392e-08,0.9689978852106088,1.275424009018462e-07,8.740256413241492e-09,0.00011805976272544175,0.0004779713162938575,2.4289926526557395e-05,9.344660557158335e-06,4.420944565437964e-07,3.855793492285639e-06,5.658062883392726e-07,3.3405995513947383e-07,7.587297755578262e-07,0.00044554635616982053,1.9667575562139666e-05,2.6482438157715325e-05
33,2.0477415943489133e-07,1.1181618620330253e-06,6.749900595012995e-06,3.764071282482765e-06,0.016177337445962905,0.0014891525786368941,4.158342710182743e-05,1.0806494712028805e-05,1.234585706457328e-05,8.86842575293077e-09,0.9811581024549008,7.509375704766683e-08,8.536718071926737e-09,0.00017620380582780473,0.0001127309241414562,1.841700129387041e-05,1.57593237793381e-05,2.8647699259230807e-07,2.806688730617627e-06,6.923352996016745e-07,2.2929666097099818e-07,7.965373324464044e-07,0.0007411863681558117,2.001287530813409e-05,9.620701298700731e-06
34,2.29130260330175e-06,2.4754548040710748e-06,3.639719830894861e-05,1.1911029999694253e-06,0.027309705064032963,0.002706820652164538,8.179394793151823e-05,1.08741356784417e-05,0.00015963348490009946,2.993203984073327e-09,0.9687736092864576,1.5606833441015033e-07,1.6354231019334767e-08,4.57541821353031e-05,0.0007062030222903059,2.0461806508849786e-05,6.122846797689853e-06,6.204430833366698e-07,1.559134996681335e-05,1.9286370993197167e-07,2.7274937093539605e-07,6.099290643673387e-07,7.35704976788376e-05,2.8677469686971716e-05,1.695579405592682e-05
35,4.220233715726537e-06,3.0582463630409138e-06,6.32115146035631e-05,5.8457299107048865e-06,0.028404064626418122,0.0024037827893487965,0.00022502202069841603,3.793556149709999e-05,0.00012803810271600814,1.8686836338044124e-08,0.9678493744145485,2.630694523210342e-07,1.4611510732900594e-08,0.00011489669564908932,0.0004593621678815662,4.3416680473269846e-05,9.588980032423365e-06,3.2486143814652e-06,8.532979854857396e-06,4.7547339721093666e-07,4.858685761235014e-07,1.0741087501640394e-06,0.00016533414902956958,3.6275873677267794e-05,3.2458800677753814e-05
36,5.199644627206437e-07,1.4224165378681004e-06,1.7376365935391433e-05,3.065388288866321e-06,0.019209647483833366,0.000830212809808188,0.00014900674806630565,3.601454970559292e-05,4.799578316042967e-05,5.311867867992113e-09,0.9784279284361123,4.824113100876225e-07,1.859235823543776e-08,0.00013798596677201263,0.0008710259068122813,5.093003163313607e-05,8.627559073282324e-06,3.6709361414436673e-07,5.202282421456974e-06,4.968205122136314e-07,2.722493727537593e-07,1.6335161892005095e-06,0.0001673688857804217,1.0523402409505612e-05,2.1870023962289756e-05
37,1.213172085328098e-06,2.1419431497181407e-06,3.5698904385635516e-05,5.509599467509554e-06,0.02749560319577404,0.0026883667188957517,0.00011953781446007972,1.0729869132950031e-05,3.5933788185887864e-05,1.7740723444905747e-08,0.968625495963667,1.0806084444948941e-07,1.032774039052606e-08,0.00012783204536290165,0.00020649203332034628,2.11636903989982e-05,9.373288262402997e-06,9.50201961875953e-07,3.418964036394973e-06,6.503467362947937e-07,3.458295103167476e-07,4.64970031480799e-07,0.0005436021783227602,3.788942815694334e-05,2.744992538711994e-05
38,3.90985275590306e-08,7.371472738803569e-07,2.296265008805487e-06,9.0575502973857e-06,0.007615081566403193,0.0002825167759436251,2.2299709387129406e-05,8.76061413248985e-06,6.819730990363494e-06,2.684637993218803e-09,0.9908396575979131,1.0870235188771564e-07,3.067698779074753e-09,0.00022789018556674086,7.111907724586518e-05,7.031814821727108e-06,1.504842697162561e-05,1.8115424001266646e-07,4.199244705380578e-07,6.806560041731783e-07,3.1568061511799575e-07,1.0236485309823154e-06,0.0008757478586362296,5.95830545492206e-06,7.202756875708443e-06
39,5.124438270218609e-07,9.539336468088036e-07,5.1284659152689366e-05,3.564890449006729e-06,0.02268038442583315,0.0041806175950318955,0.00010166450511773671,2.0311419362428127e-05,5.0227530800590905e-05,1.1416984623439933e-08,0.9715425408257842,1.333836899715648e-07,1.8439620791490105e-08,4.9768392010801866e-05,0.0007134763174274295,5.10359756627474e-05,1.4636914408246535e-05,4.571815577987718e-07,6.649331544287977e-06,7.455760478029202e-07,7.06012636021494e-07,1.0354736336528367e-06,0.00047342612740235434,3.338786503995542e-05,2.2449363328063942e-05
40,5.2233159147121e-07,2.014605098234214e-06,2.145090454559687e-05,4.2077199036106306e-06,0.028272144891610906,0.0020901453536793175,0.00010139491036258307,1.120505761644387e-05,3.763652703680885e-05,1.0599264090646908e-08,0.9683202070273722,1.2160621827108385e-07,8.439464654281967e-09,0.00012545289559940452,0.00042144821152837207,2.496611016066377e-05,9.826090120963527e-06,4.432907739745125e-07,3.207756677973615e-06,6.356062787439179e-07,3.3665595442346056e-07,7.17354407508234e-07,0.0005056139746177844,1.976025035037612e-05,2.6521829765586796e-05
41,6.777261743193446e-07,2.276312849912704e-06,2.7016684238318186e-05,3.976486033859987e-06,0.03755463440779841,0.002253645566676182,0.0001249242241547185,1.1494764458889578e-05,5.166885118989393e-05,1.0164211214509255e-08,0.9587239791205197,1.4289161704099827e-07,1.0983935232030478e-08,0.0001219068912315056,0.000569479332949027,2.9239658155324398e-05,1.0246543528072556e-05,4.728766189794585e-07,3.384817462125068e-06,6.91920777284347e-07,3.4843825290522647e-07,7.133904565318309e-07,0.0004554337407588084,1.975897770689059e-05,3.386522824476735e-05
42,2.53381795616098e-07,1.0146206669583009e-06,2.245465143942947e-05,3.5804740085449044e-06,0.009696227488599114,0.0020840407708498172,7.272617210330468e-05,2.8028257700278387e-05,3.895371980872619e-05,1.011006187875288e-08,0.9867531042708806,1.6249078545966766e-07,8.998735269393897e-09,4.885837101137287e-05,0.0008376258604968913,6.397465529475944e-05,7.48397097850544e-06,3.15640391500166e-07,8.357047435732757e-06,5.18826185127689e-07,4.769028904354328e-07,1.8353965426950992e-06,0.0002950509905194163,2.4474307055201005e-05,1.0462623763247624e-05
43,5.866766838896116e-07,3.386337321341132e-06,3.721251523038783e-05,7.504768354777695e-06,0.033435266209498084,0.006263641169877316,0.00014400230544019872,2.2372660557716597e-05,5.104263817071847e-05,7.719981662218152e-08,0.9575395054314456,1.2854070952737445e-07,1.40900555895171e-08,0.00017699122326122265,0.0007459731863087808,7.075789748840734e-05,2.5626037925852676e-05,1.1025614867526753e-06,8.825438282631114e-06,1.997639536787811e-06,1.478966688124742e-06,2.3986548047359627e-06,0.001373120746769368,4.4140652544849957e-05,4.284645174103764e-05
44,5.418496626842216e-07,2.0526479120129352e-06,2.2806963104545054e-05,4.04890625744406e-06,0.02919225980720123,0.0021010641447452953,0.00010742672903748874,1.107285249313521e-05,3.989026413803203e-05,1.028588272101392e-08,0.967353293193609,1.2983851626557222e-07,8.838151628242631e-09,0.00012649546324053652,0.00046249184794537905,2.4590440407132627e-05,9.620311907431392e-06,4.397566773922071e-07,3.2299456995852685e-06,6.140538330010785e-07,3.4088791001267343e-07,7.254466342445053e-07,0.0004891345781935712,1.9024716107297666e-05,2.8686230732833094e-05
45,4.534434158210388e-07,1.4360644277162165e-06,2.6921945396783013e-05,3.3363811419025526e-06,0.021647471487824522,0.0018166851987059958,0.0001127716681428042,1.4937449365549653e-05,4.211087152376962e-05,8.163799271951531e-09,0.9751579739046082,1.3487513733007925e-07,7.603543136392618e-09,7.238661607996762e-05,0.0006943325807425073,3.30605890923949e-05,6.341038344719855e-06,3.3946779870584e-07,3.6616035485022685e-06,4.778353105019182e-07,2.706786139709606e-07,8.068598522246284e-07,0.0003250631146714692,1.7987601205015915e-05,2.102295770735093e-05
46,1.8518441355609371e-07,5.727917110184082e-07,8.814366425116367e-06,3.9791121685451045e-06,0.012448836155974531,0.002147111041618408,2.0067975597482977e-05,6.561330523790824e-06,1.3126710950993416e-05,4.2742196594160555e-09,0.9843008910713996,6.024758314488928e-08,1.3095982181919042e-08,8.927625793508814e-05,0.00019903370198672522,1.6004064739961013e-05,4.074041579183885e-05,3.3872738184834907e-07,2.170398518857491e-06,7.29775438312108e-07,3.588236212027787e-07,1.1642793908491357e-06,0.0006653107225594076,2.023976383463046e-05,1.4409710233212295e-05
47,9.917143416620473e-07,2.2097340912284815e-06,3.0124909151213892e-05,3.896278601059592e-06,0.040461836666974164,0.0024947439195160633,0.00014271162644522163,1.3463591304254814e-05,7.096880225326396e-05,1.137792538362269e-08,0.955368961438731,2.2646908138740655e-07,2.1688466276330283e-08,0.00011580166979667229,0.0007948952206175473,5.124617373369015e-05,1.4193049643513627e-05,6.945012905429268e-07,5.095444687551129e-06,8.510454695649285e-07,4.874781292577538e-07,1.0682329179333342e-06,0.0003576448133582475,2.6041130020588185e-05,4.1813023452835344e-05
48,3.7077670170897196e-07,2.569788795676521e-06,9.204209990922747e-06,2.3648383035012736e-06,0.01729757007298481,0.0027172337927749168,5.145209090677119e-05,1.0208582971435707e-05,1.973408704039123e-05,1.217863832398663e-08,0.9790817100911203,5.282497742316113e-08,5.1109961953634e-09,0.00012055302309531732,0.0001651571858025169,1.6722974184955327e-05,8.414791918032872e-06,2.4933739004175e-07,9.422674241239962e-06,3.8223396428638685e-07,2.1156949957432925e-07,5.6031456771122e-07,0.00045171664452537243,2.5610712023713648e-05,8.510092584771684e-06
49,5.144559548830597e-07,1.8356718707005503e-06,3.0910618206068084e-05,5.453225708392977e-06,0.022494386395463976,0.0023945768024505503,0.00010902201663293112,1.1028997459484253e-05,3.9814941425990057e-05,1.1754698202075882e-08,0.9736387651331909,1.66018065669103e-07,1.0561571668881971e-08,0.00013967538224639442,0.00045024332880333934,2.4097552083518438e-05,9.347606259935866e-06,4.913568840430418e-07,2.8347225355434846e-06,6.326954627252866e-07,4.3020772632649176e-07,7.867629786650269e-07,0.0005902776430171669,2.1749413896698535e-05,3.293673540626289e-05
50,5.537785402872622e-07,2.1459343692789865e-06,2.358757549051283e-05,4.0254039579968005e-06,0.03096506900122724,0.002000217980301544,0.00012753470325726205,1.2342321958473805e-05,3.671753420772843e-05,1.1849865075946243e-08,0.965602237918906,1.3841786714206176e-07,8.799024358567704e-09,0.0001385504870810589,0.00047090647613291006,2.442463427221814e-05,9.358863090001413e-06,4.3414888468449376e-07,3.2617337477055354e-06,6.274392856931216e-07,3.401731437008719e-07,7.234297934497338e-07,0.0005278487666862639,1.7854952152491954e-05,3.107767675677406e-05
51,5.228999951046255e-07,7.838411733760059e-06,1.3582664854873504e-05,9.689579018958554e-06,0.00912006655493513,0.0011914257858850173,7.83441547823618e-05,1.657749056430856e-05,4.236164489393411e-05,1.1641656442721561e-08,0.9884993620270227,1.7809260285365306e-07,2.0093958334427298e-09,0.0003077994508974901,0.0003840623560148951,1.2785155683181809e-05,4.497607378253455e-06,5.079226372896919e-07,4.300608442304317e-06,2.7274517034409745e-07,2.466636595342076e-07,1.274062415399704e-06,0.00027639406427405354,1.0771128594162993e-05,1.7125277491645865e-05
52,9.215435212667126e-07,1.6929696465119687e-06,2.5250768266786e-05,3.1820615170478214e-06,0.027773624590780695,0.003468883542736086,7.230694468046434e-05,9.951977411329273e-06,5.504079967256643e-05,1.2716387064013129e-08,0.9673107235745355,9.474430501569932e-08,9.975329099486267e-09,0.00012544848193538993,0.000671159341443724,3.1033936565048835e-05,1.4175505091024605e-05,1.1369166055118515e-06,4.07878245230129e-06,6.81311593447508e-07,3.1953162017468435e-07,1.0963370580266419e-06,0.0003665027718048627,2.3419785456038197e-05,3.925108958494013e-05
53,2.1631373528734977e-07,1.3225058205572962e-06,2.062220465002375e-05,3.2748056348900604e-06,0.036059743029478106,0.0007559357614875679,0.0003278727230046264,1.4419016285452626e-05,2.4339304312469028e-05,8.781424878589724e-09,0.9614305503815276,2.152844322654829e-07,6.458436386468388e-09,9.380994689713225e-05,0.0005825962698866615,2.0779216690172254e-05,3.7514844840326066e-06,1.5214911235037145e-07,1.5478801635829653e-06,4.701423288404555e-07,2.6644716230412203e-07,5.444683902430804e-07,0.0006193210640211231,1.0282587896325498e-05,2.7951772737074622e-05
54,1.3176663738129193e-06,8.284733303974945e-06,3.381571549598897e-05,5.230382398310301e-06,0.06386492222235347,0.003137393620469267,0.00024261063797941106,1.2416253734431916e-05,7.348609622766153e-05,2.4684256029630533e-08,0.9299752454921664,2.377060114524503e-07,9.707144142846576e-09,0.00035002363597831806,0.0015165371188895916,3.607456264020823e-05,9.189139623747349e-06,5.849528529392891e-07,4.723164454582917e-06,8.996830458993625e-07,3.227523667378864e-07,8.753826956623253e-07,0.0006018958003830986,1.3715216310843949e-05,0.00011016367284419149
55,2.464408301884567e-06,3.196761888853985e-06,6.966604458133333e-05,8.129805924651479e-06,0.03933607232764381,0.0031714479705095113,0.0002540505940846628,1.4290385518517573e-05,0.00036738929300501514,8.173488484820711e-09,0.9553110819719781,8.800249033763384e-07,6.487525978769215e-08,0.00010908144700825813,0.0009712466977781499,7.454062540377921e-05,9.316596470034761e-06,1.5324635538386145e-06,6.737070782862764e-06,7.01062814808836e-07,7.968241056906043e-07,1.0632457339122782e-06,0.00017694619125027227,5.283559246604259e-05,5.6459545544212936e-05
56,5.737128794665028e-07,2.0193297109630247e-06,2.3190928619141804e-05,4.0902692872559095e-06,0.02930295597155068,0.002065798382442982,0.00011137021050582974,1.113406047870963e-05,4.121684573699085e-05,1.007824462678493e-08,0.9672611904807248,1.5280589606501663e-07,1.1143393848904821e-08,0.00013292575185877128,0.000463658801547931,2.4544476209722908e-05,1.0467319481627092e-05,4.584942594901757e-07,3.3922338016711826e-06,6.410098128812301e-07,3.63585195392468e-07,7.680265822257951e-07,0.0004885957870343409,1.9931081419748072e-05,3.053921332487714e-05
57,5.784877814014297e-07,2.109888639552368e-06,2.3446932231013513e-05,4.456928156522691e-06,0.03332221580736324,0.001938153762432877,0.00014253540296206322,1.7871265168931696e-05,5.5477349495449905e-05,1.1144283833836327e-08,0.9630342578257814,2.892264368393597e-07,2.2534790429993416e-08,0.00014672924138965646,0.0007448424200437065,4.771306126677551e-05,1.4318763271878722e-05,4.797840417769166e-07,4.878029925118237e-06,9.808254715380484e-07,5.030429037536542e-07,1.2385516042709752e-06,0.00044102988537509925,2.0330990452471626e-05,3.5528848730398966e-05
58,5.462479390729272e-07,1.6667065983203653e-06,2.1405028167044773e-05,3.6194200907226134e-06,0.024538289527379492,0.0020690387259969063,9.041834120877825e-05,9.575212037088494e-06,3.778551518577352e-05,8.202891331313977e-09,0.9722717343374525,1.2627321329195821e-07,9.806838375568312e-09,0.00010364844434397636,0.00034067579195363155,2.1892760889772223e-05,8.074914621574994e-06,4.058433236124232e-07,3.4316573873311312e-06,5.155581881015178e-07,3.0030569571295866e-07,5.856271525516767e-07,0.00043075582857264166,2.387402780283428e-05,2.16158950695812e-05
59,5.025665977569529e-07,1.6469629222668048e-06,2.558047138786887e-05,3.888574170130966e-06,0.023951332008679303,0.002169886538704198,9.546608576486306e-05,1.0240582914763335e-05,3.8587265564740366e-05,9.065940306422772e-09,0.9726837008535874,1.175469809383218e-07,8.45860744501543e-09,9.221188130747756e-05,0.00038554625331153284,2.396117596680611e-05,7.37695071297926e-06,3.825277375147929e-07,3.237605002809303e-06,5.422715625788255e-07,3.265138769446573e-07,5.943776539277447e-07,0.00045953406342570647,2.401965802249871e-05,2.1299739597173632e-05
60,5.418496626842216e-07,2.0526479120129352e-06,2.2806963104545054e-05,4.04890625744406e-06,0.02919225980720123,0.0021010641447452953,0.00010742672903748874,1.107285249313521e-05,3.989026413803203e-05,1.028588272101392e-08,0.967353293193609,1.2983851626557222e-07,8.838151628242631e-09,0.00012649546324053652,0.00046249184794537905,2.4590440407132627e-05,9.620311907431392e-06,4.397566773922071e-07,3.2299456995852685e-06,6.140538330010785e-07,3.4088791001267343e-07,7.254466342445053e-07,0.0004891345781935712,1.9024716107297666e-05,2.8686230732833094e-05
61,5.348985737216986e-07,1.7459858488618658e-06,2.6115350596618143e-05,3.921558005778974e-06,0.025211379087926606,0.002134927361751824,0.00010357398480837956,1.0545083169569015e-05,3.945646344950312e-05,9.513915971294358e-09,0.9714111268830957,1.2776772489955197e-07,9.139904897266859e-09,9.84080266398507e-05,0.00040461019937933457,2.3445903443042582e-05,7.752541162903556e-06,4.044131795535099e-07,3.309614112002245e-06,5.544743524989268e-07,3.3989649941638935e-07,6.225841111174617e-07,0.00047005981588218,2.3486998349014137e-05,2.3532454116602853e-05
62,5.418496626842216e-07,2.0526479120129352e-06,2.2806963104545054e-05,4.04890625744406e-06,0.02919225980720123,0.0021010641447452953,0.00010742672903748874,1.107285249313521e-05,3.989026413803203e-05,1.028588272101392e-08,0.967353293193609,1.2983851626557222e-07,8.838151628242631e-09,0.00012649546324053652,0.00046249184794537905,2.4590440407132627e-05,9.620311907431392e-06,4.397566773922071e-07,3.2299456995852685e-06,6.140538330010785e-07,3.4088791001267343e-07,7.254466342445053e-07,0.0004891345781935712,1.9024716107297666e-05,2.8686230732833094e-05
63,5.870233569404855e-07,2.66667683595225e-06,2.2924120769868152e-05,4.369878550738693e-06,0.03165503302122864,0.0021766053242479873,0.00011208708544489112,1.0875975774898336e-05,4.228874035460476e-05,1.1794906686159694e-08,0.9647096327774165,1.3529914986203304e-07,8.79558689144859e-09,0.00014315738000163035,0.0004972843694124867,2.4279019413151726e-05,1.0123836290422811e-05,4.475841071503749e-07,3.5202417673211574e-06,6.627343432718548e-07,3.6762109636402655e-07,7.688024965916156e-07,0.0005314032183655987,1.907122849973671e-05,3.168745058185909e-05
64,5.231409527097358e-07,2.362089601872516e-06,2.5728990657585656e-05,4.834752510163764e-06,0.02953633947938553,0.0024423390286660435,0.0001160600382734109,1.1308503746217451e-05,4.387729903139765e-05,1.3186733884232335e-08,0.9664383378359658,1.5706274982143452e-07,1.0851552271708487e-08,0.0001427262562119898,0.0005123455377631851,2.6340270174257033e-05,1.1541971638116426e-05,4.774661397455044e-07,3.6522116303310857e-06,7.4976833304288e-07,5.178724709243369e-07,9.071080614978876e-07,0.0006234511430941807,2.1954916952779704e-05,3.344321770316365e-05
65,4.400262285734336e-07,2.959196666585654e-06,3.313890817897255e-05,6.505130079646573e-06,0.03153707768844236,0.002203929615491893,0.00020559167487083443,2.050584358179491e-05,2.2965156989873705e-05,3.1234536212527944e-08,0.9639411823913006,1.4474381695069904e-07,6.45564519263564e-09,0.00022224198285956078,0.0005199785928493103,2.4295412047337467e-05,9.98515583702627e-06,4.1537550335317377e-07,3.0210854527239963e-06,9.939445995517797e-07,5.042267639945637e-07,8.335760734330858e-07,0.0011843999151180352,1.557294770118724e-05,4.327971936519675e-05
66,3.7681596080294723e-07,2.3020042128029256e-06,1.561499252022473e-05,4.740125450568967e-06,0.01967030368594149,0.0014113395283453871,0.00010119099707102839,1.2711636275831586e-05,3.68148004060213e-05,7.663496057337179e-09,0.9776568628138357,1.7079453723147534e-07,5.943718225397544e-09,0.0001682287300177241,0.0004622384376159206,2.183022649550803e-05,6.593291879055518e-06,3.3368822050498635e-07,2.848502919529925e-06,4.22371479832173e-07,2.5597829150378204e-07,8.428412704456249e-07,0.0003882786057222172,1.2601683611184926e-05,2.308384070528213e-05
67,3.6256330450866664e-07,1.3291201482441493e-06,2.041025871390979e-05,6.0245274756572445e-06,0.023686147836786808,0.0030501856679314688,6.410281560387783e-05,7.919402107920012e-06,2.4264360737967625e-05,1.2291134853288064e-08,0.9715562850073098,1.0601936919204264e-07,1.3254998273633341e-08,0.00017546599282426876,0.00024262092451324667,2.2144077685068468e-05,1.6487365823929776e-05,4.665175746213443e-07,2.1839692049639437e-06,1.00702331926719e-06,4.2186567904574206e-07,6.573642397170901e-07,0.0010647386659050067,2.7478597548695526e-05,2.9164510059382345e-05
68,6.562136992511266e-07,1.7717091360746774e-06,4.148741044538879e-05,7.839335173644623e-06,0.01833143548350143,0.0026634433646956918,0.00010222125926684982,1.2793121279629805e-05,4.0716280252498035e-05,1.3481503648008825e-08,0.977730055400453,1.5158788183072517e-07,9.600745971524874e-09,0.0001414864340223292,0.00022307590216624854,2.2738318098320665e-05,8.738419008840315e-06,6.875433246329719e-07,2.6301325892381374e-06,5.887424189175475e-07,5.306733163415428e-07,5.932142759322087e-07,0.0006123379993742835,2.9304852038010654e-05,2.4693521331934845e-05
69,7.190974759960261e-07,2.4428870014279144e-06,2.4771571052285344e-05,4.0269126579782375e-06,0.035063216486873675,0.002388208877955651,0.00011691198255896455,1.151137189049577e-05,5.028552813636827e-05,1.1193749262370444e-08,0.9610771110778482,1.3764565874815158e-07,1.0100795513131727e-08,0.00014436859179027138,0.0005723063339786239,2.780378215357903e-05,1.1631823389867647e-05,5.653907225833829e-07,3.612827194412523e-06,6.565480504189913e-07,3.454172164001397e-07,8.243692099806524e-07,0.0004434164857449952,1.8221043836943604e-05,3.688265305723409e-05
70,2.986193998179584e-07,1.6916505430081915e-06,1.2864399426797373e-05,2.6705674771959636e-06,0.021251840159080805,0.0020475817329808996,6.612868550228379e-05,6.218387967994038e-06,2.8722545887632468e-05,7.318207640526397e-09,0.9756154648461509,7.740530147249748e-08,5.182706135687738e-09,8.062315425337189e-05,0.0003207433447571619,1.492354884044136e-05,7.018446649747616e-06,2.5850997399130575e-07,3.702228134353827e-06,3.678913751571674e-07,3.233842083321048e-07,6.021684491553786e-07,0.0005007409867425503,2.1325994227681e-05,1.5798841755448222e-05
