,0,1,2,3,4,5,6,7,8,9,10,11,12,13,14,15,16,17,18,19,20,21,22,23,24
0,5.422188766504116e-06,1.2876658798708245e-05,5.566472375730594e-05,9.274512479699803e-07,0.09779634121180183,0.005275145294658026,0.00011127631714438024,3.6503774724371036e-06,0.008206317024565524,7.557296440811673e-10,0.8289643145917573,2.8224198181764975e-07,1.3442798133408993e-08,8.33490103709237e-06,0.059286785311418344,0.00010789956245345419,7.910501394743521e-06,9.53348295657865e-07,3.750746214548612e-05,1.0474729216286256e-07,7.421841706011708e-07,4.721502840364603e-06,1.0548698711976074e-05,2.0488827312340885e-05,8.177067244813253e-05
1,7.417783537120377e-06,1.4319081600041975e-05,8.20770676778206e-05,7.122898416437779e-07,0.11430344340069083,0.008455070278379962,0.00011332866171629787,5.36917133595668e-06,0.01987910909091692,8.513767945024835e-10,0.7335501405276833,2.9971300802794005e-07,2.3123431439112067e-08,4.559545350843566e-06,0.12307764025810762,0.00030234367151432744,7.786114327118124e-06,1.0943482328988907e-06,8.727241877314688e-05,1.3777414928754477e-07,9.595525565000261e-07,6.284825330843963e-06,5.5551013151316105e-06,3.004020001271038e-05,6.50151491331205e-05
2,5.350480283283364e-06,1.1894426426086922e-05,3.5621821026404764e-05,4.135214444823928e-07,0.1763918562189618,0.004586024167238883,9.560493178874644e-05,3.2576219859431703e-06,0.009990854340493282,4.83320615889762e-10,0.6880779319146044,2.0558759713447095e-07,1.650782457420099e-08,6.479352692212023e-06,0.12049890495259954,0.00012979524486395218,9.299529722779352e-06,7.778621097755964e-07,3.894924517554522e-05,1.3204926882778506e-07,5.502710846241546e-07,4.4479322284665235e-06,6.110900623486853e-06,1.2709526543523633e-05,9.28111100914851e-05
3,4.59144649769365e-06,1.0585189934068721e-05,4.378830471751285e-05,6.528424668878286e-07,0.10288655711477507,0.005638187156303928,8.282508749071066e-05,3.553968072618018e-06,0.00969686705477546,5.261273286941367e-10,0.8080409777748107,2.3006125243248123e-07,1.556645452177975e-08,6.071941227670421e-06,0.07330072144590259,0.00013268454897649698,9.139406693145268e-06,8.338119962794634e-07,4.625115752981675e-05,1.0563156223032994e-07,7.360161795223033e-07,5.15208217837498e-06,7.215939217536475e-06,1.9795774229270663e-05,6.246015062815572e-05
4,4.946722688960202e-06,1.0830323033526192e-05,4.3330146896729197e-05,6.815014349645079e-07,0.10413703259030947,0.005501793471081194,8.420778917726086e-05,3.458282402924148e-06,0.010202954712058437,5.069025995069058e-10,0.8076725400767808,2.818590241420299e-07,2.056209030154599e-08,6.828764045244968e-06,0.07203985441961433,0.00012832033681503324,1.0629733225883542e-05,8.872825166702364e-07,4.7923140420102787e-05,1.1161383180995103e-07,8.02075676980938e-07,5.6660119168084075e-06,7.325350726207755e-06,2.0476277935949387e-05,6.909644939365425e-05
5,5.444662922189065e-06,1.1243973736884543e-05,4.426225943739958e-05,9.72411530105453e-07,0.0864997588291557,0.005875773554727512,7.810195414988232e-05,3.3895204030121294e-06,0.009977885753661682,6.250575928965873e-10,0.8362604358867841,2.8382966250297284e-07,1.7799928804534314e-08,7.750172989922902e-06,0.060938282099598715,0.00013168369632596212,1.0541832780554556e-05,1.2611064775008959e-06,4.236985719170615e-05,1.1846661834778673e-07,8.322696178995814e-07,5.953640893949672e-06,8.164999615598783e-06,2.4775440385209913e-05,7.069535634747735e-05
6,4.59144649769365e-06,1.0585189934068721e-05,4.378830471751285e-05,6.528424668878286e-07,0.10288655711477507,0.005638187156303928,8.282508749071066e-05,3.553968072618018e-06,0.00969686705477546,5.261273286941367e-10,0.8080409777748107,2.3006125243248123e-07,1.556645452177975e-08,6.071941227670421e-06,0.07330072144590259,0.00013268454897649698,9.139406693145268e-06,8.338119962794634e-07,4.625115752981675e-05,1.0563156223032994e-07,7.360161795223033e-07,5.15208217837498e-06,7.215939217536475e-06,1.9795774229270663e-05,6.246015062815572e-05
7,7.036454826181587e-06,1.1320028340323811e-05,6.686541030842034e-05,6.377341861269337e-07,0.10770127661883185,0.006237096660907187,9.802662716077733e-05,3.9042874637012865e-06,0.00991908861176932,6.27521527469362e-10,0.8136331747406645,2.463559727790496e-07,1.9135986470257223e-08,5.6425177729477285e-06,0.06202200485540351,0.00012208619769644354,8.981968279248647e-06,9.443454990260144e-07,5.632348104684195e-05,1.0860785337607005e-07,7.167816889775815e-07,4.30479365081689e-06,7.81289464539916e-06,2.534528291524584e-05,6.703497960898301e-05
8,8.677003253475363e-06,2.1522228119486176e-05,0.00012217295294064467,1.5559927594999838e-06,0.11944662852744228,0.006631974284378892,0.0001697361754294665,4.456217118857804e-06,0.007960261095658137,1.3277033763515773e-09,0.8283765385053107,4.0110054059768255e-07,1.9602043515189003e-08,1.0917485217255886e-05,0.036930111456121316,0.00010199006643646817,6.915125475863119e-06,7.420291323051391e-07,4.428522502673787e-05,1.6704348798936796e-07,7.915112924964068e-07,2.783460825979231e-06,2.408541295232887e-05,3.51387543704217e-05,9.812741696207509e-05
9,6.506467317265943e-06,2.245631175317586e-05,0.0001360813701642673,2.3571050059270146e-06,0.09123020830252228,0.008544474479731577,0.0001760204836202065,4.783659608809222e-06,0.013401912922753252,1.667326991701938e-09,0.8203447476624401,5.486387400084248e-07,2.2957323825427935e-08,9.722501504811989e-06,0.06570109582251203,0.00018802478911736045,7.439501302121579e-06,1.0286270282335528e-06,5.004491317937397e-05,1.9371302470004985e-07,1.511785225075445e-06,5.276253388659271e-06,1.9267372173314892e-05,4.168146064258167e-05,0.00010459123259415223
10,4.59144649769365e-06,1.0585189934068721e-05,4.378830471751285e-05,6.528424668878286e-07,0.10288655711477507,0.005638187156303928,8.282508749071066e-05,3.553968072618018e-06,0.00969686705477546,5.261273286941367e-10,0.8080409777748107,2.3006125243248123e-07,1.556645452177975e-08,6.071941227670421e-06,0.07330072144590259,0.00013268454897649698,9.139406693145268e-06,8.338119962794634e-07,4.625115752981675e-05,1.0563156223032994e-07,7.360161795223033e-07,5.15208217837498e-06,7.215939217536475e-06,1.9795774229270663e-05,6.246015062815572e-05
11,4.966662776886273e-06,1.0877632304076618e-05,4.574479049169086e-05,6.803845217387002e-07,0.10685256571672304,0.005571020103287583,8.704956284475844e-05,3.630312351415439e-06,0.010060579625509682,5.44421112716303e-10,0.8049389204820313,2.645777671544416e-07,1.9426902056732584e-08,6.402152290381093e-06,0.07212183129635297,0.00013487326784745885,1.0060431495848052e-05,8.769002979265929e-07,4.8145569688314874e-05,1.1647004783220804e-07,7.841094412555642e-07,5.365433842253994e-06,7.52393852980848e-06,2.1122225843731454e-05,6.657838238958766e-05
12,9.009499513481188e-06,2.9375590298006923e-05,1.5874944331063207e-05,9.586911156729428e-07,0.4646116754068944,0.010665744800263988,5.8975643927688233e-05,1.003119031796777e-06,0.00751215030746145,1.2047701310010748e-09,0.4813990625314359,1.305707598253201e-07,3.034222783016172e-08,6.145186785448614e-05,0.034962186828439885,6.053857033413267e-05,9.667386008847119e-05,3.2146745967579417e-06,1.6269244283766907e-05,3.5999528175105414e-07,1.2583128398732359e-06,4.88667503270878e-06,2.1606061359606292e-05,9.353954492319554e-06,0.0004582073033650766
13,0.00014562920399037015,9.704041778425266e-05,0.00032924877521177073,6.185274422448126e-07,0.5367347791952496,0.07159330824192682,0.0001493510923553481,1.8501006938766464e-06,0.12419017109413082,1.4477044428426567e-08,0.061592648197653525,6.25972363116088e-08,6.171951222001129e-08,1.6247500601131568e-06,0.20290075517580078,0.0015388160472554534,2.1181952371583342e-05,7.671182886068335e-06,0.00026572555742710016,7.228298801440593e-07,1.7198288798032423e-06,2.423981978301818e-06,2.7173600050797334e-06,6.653475358109485e-05,0.00035532293964299426
14,4.557867341466685e-06,1.0887332914502251e-05,4.2058551878261334e-05,6.468640565253307e-07,0.10429277446611916,0.005556696072235627,8.299598103658399e-05,3.5237167913498363e-06,0.009512528312528726,5.351473633539524e-10,0.8079627916945734,2.255975960727011e-07,1.509424453905931e-08,6.166606818696102e-06,0.07224235284237772,0.00013099384227080414,9.032795915241699e-06,8.253125165827544e-07,4.6399996732111154e-05,1.0553543530182696e-07,7.202141916701973e-07,5.096578665633862e-06,7.241364682927929e-06,1.9595824124676567e-05,6.176699980498222e-05
15,4.59144649769365e-06,1.0585189934068721e-05,4.378830471751285e-05,6.528424668878286e-07,0.10288655711477507,0.005638187156303928,8.282508749071066e-05,3.553968072618018e-06,0.00969686705477546,5.261273286941367e-10,0.8080409777748107,2.3006125243248123e-07,1.556645452177975e-08,6.071941227670421e-06,0.07330072144590259,0.00013268454897649698,9.139406693145268e-06,8.338119962794634e-07,4.625115752981675e-05,1.0563156223032994e-07,7.360161795223033e-07,5.15208217837498e-06,7.215939217536475e-06,1.9795774229270663e-05,6.246015062815572e-05
16,3.6499512728174703e-06,1.3811470689341431e-05,3.382371783687428e-05,7.83633459156846e-07,0.09196784425795612,0.004528196567062823,0.00012121637916295953,5.287142350631327e-06,0.00987479507796934,9.37687993249037e-10,0.7784776925134059,4.273549503794262e-07,1.615586208028789e-08,8.610211346203368e-06,0.11458128798725757,0.0001913998342219254,1.0332765091116659e-05,1.0335420167470861e-06,6.289132581769759e-05,1.2604086626738154e-07,1.4804908601073404e-06,1.1744059097231967e-05,8.14837502352223e-06,1.7411563866707693e-05,7.798864486848073e-05
17,2.1307392441887023e-06,6.914736742961679e-06,1.7770438478291715e-05,6.224315051655365e-07,0.10244791017992791,0.0028247218804789602,6.280659325116832e-05,2.975284531463732e-06,0.004396441819285005,3.3549795273279557e-10,0.8453623134095816,2.4909701895073547e-07,1.663360911254359e-08,9.979482360967198e-06,0.04465877411274744,8.018366804716807e-05,1.4322686555879962e-05,5.700024995762791e-07,2.2618999129880558e-05,1.2158715330790618e-07,6.526592477992468e-07,5.844196227925581e-06,1.1377870518450605e-05,1.1736280371158963e-05,5.894487598790929e-05
18,7.2304405043962876e-06,1.1896260687382e-05,3.470618077279925e-05,6.515999149033008e-07,0.19772503804285693,0.005573734805485319,0.00010918382772570184,2.692413222148988e-06,0.008529054412947493,7.857159157705544e-10,0.7042282454127751,2.9358787318531904e-07,2.8789702348017875e-08,1.4282968888227208e-05,0.08335363853637279,0.0001049617057743311,2.8571196400054e-05,2.062303859316921e-06,3.0915702441681276e-05,1.7527108582283086e-07,1.1680825677025597e-06,7.649788743797285e-06,1.042078431044827e-05,1.3293238594537512e-05,0.0002101038607775155
19,4.184219738363835e-06,1.3330304520488925e-05,6.371503889723954e-05,1.008509576628229e-06,0.09384450436805031,0.004145262773171939,0.00017153244857353374,5.638477552491922e-06,0.013129089743475139,6.766650913973569e-10,0.785662551608717,5.616789322090982e-07,2.017584307324486e-08,6.75230522205956e-06,0.10259534248784186,0.000191290481103134,7.224415732316843e-06,7.43296537338201e-07,4.873906989038493e-05,1.0814553633237834e-07,1.1357304286022087e-06,7.769997704367144e-06,7.379675873509686e-06,1.8454580770397817e-05,7.365978964604565e-05
20,2.0910603947722877e-06,6.246738675026692e-06,3.0428869170226234e-05,5.16083374312691e-07,0.05245262513973282,0.0031411229616475694,7.278881174918725e-05,5.542013052662523e-06,0.007442360759897404,3.441612637467395e-10,0.8052769446403649,2.4970780836868096e-07,8.530158221728179e-09,4.3149476890491004e-06,0.131312598182135,0.00014156297395359269,5.673495392331894e-06,5.944682592779371e-07,3.9970722123702535e-05,6.310770871434342e-08,6.621550783029168e-07,8.993516561739703e-06,4.170581905859557e-06,1.0434694599107468e-05,4.003549440662603e-05
21,5.778927796849248e-06,1.5777616177240404e-05,5.299629456246027e-05,1.2152438621467304e-06,0.08291671399493984,0.006235956340731784,0.00011251830789782423,6.699751450777677e-06,0.015492430615783917,9.63584368832882e-10,0.8073449093745653,4.973853291360456e-07,2.2379349857049582e-08,1.1001078514044352e-05,0.08731596511383813,0.00031170372476438884,7.69659993698419e-06,1.3581673396338282e-06,6.30680302034703e-05,1.4917741896549338e-07,1.0187985913664497e-06,8.124462654866655e-06,5.967203577217251e-06,2.470763018632219e-05,6.372281694313202e-05
22,2.3620477285681676e-06,3.874764076584908e-05,6.791051066502634e-05,1.6381668420318953e-06,0.15192881695490737,0.0036687415775375747,0.0005324116255616355,7.028506747410721e-06,0.016039308827606787,1.0504371110770505e-09,0.7361524666444147,1.2427509719204943e-06,1.811421194584661e-08,1.2603123262595644e-05,0.09116649989120494,0.00020921854608068282,2.0102188118445693e-06,1.680310727555839e-07,5.7986890820046144e-05,1.2513938920959656e-07,1.0497800818744882e-06,3.3572518347689895e-06,1.737021602025934e-05,1.8890532600355712e-05,7.002596042260986e-05
23,4.59144649769365e-06,1.0585189934068721e-05,4.378830471751285e-05,6.528424668878286e-07,0.10288655711477507,0.005638187156303928,8.282508749071066e-05,3.553968072618018e-06,0.00969686705477546,5.261273286941367e-10,0.8080409777748107,2.3006125243248123e-07,1.556645452177975e-08,6.071941227670421e-06,0.07330072144590259,0.00013268454897649698,9.139406693145268e-06,8.338119962794634e-07,4.625115752981675e-05,1.0563156223032994e-07,7.360161795223033e-07,5.15208217837498e-06,7.215939217536475e-06,1.9795774229270663e-05,6.246015062815572e-05
24,5.381230643361753e-06,1.705695182894669e-05,3.601749169221435e-05,1.0750727867246793e-06,0.10705664054069323,0.00616666086844752,7.840588510250543e-05,3.780160168556882e-06,0.009598142845099137,7.925681887331196e-10,0.8243839922252452,2.8016006902489697e-07,1.8545292538242443e-08,1.1601195174674341e-05,0.05232299111163079,0.00014749054614119104,1.189233605605509e-05,1.080867462207574e-06,4.929756687336924e-05,1.5718930863637085e-07,7.913107194471769e-07,5.740896062269116e-06,1.0038046158120382e-05,2.4300590209008038e-05,6.716557456697679e-05
25,1.2826491150216758e-06,4.588421199027416e-06,1.6650771972249344e-05,5.235198830247985e-07,0.041333254742149717,0.0021622098171894433,4.7960444848085826e-05,4.034165459484758e-06,0.0031720026643731565,2.2802106361010133e-10,0.9261832996158385,1.5875437454057505e-07,5.289153720925792e-09,5.677933319343929e-06,0.02693552673676969,6.721915216467543e-05,4.076891799190938e-06,3.2751301600579893e-07,2.3361055664909082e-05,4.780395769533255e-08,3.5305215601723467e-07,3.679177497858396e-06,5.777660157085382e-06,1.0997191949623573e-05,1.6984747970906653e-05
26,1.4308492112510914e-05,1.0734970372292325e-05,7.92154991334626e-05,6.202118847840479e-07,0.12813598907912133,0.010716602830920017,4.331882455294772e-05,1.7675467853018976e-06,0.012537090102192793,5.365545177941473e-10,0.8224247818710114,1.4081733682013135e-07,3.4851374711175644e-08,3.3754942083440896e-06,0.02569341335008691,9.958580909783204e-05,1.6449315466636708e-05,1.4054182636388638e-06,7.266865029571833e-05,1.6598731721905958e-07,7.003319310919505e-07,2.8296864468805233e-06,1.0950343893118833e-05,8.209087540582222e-05,5.175910423378426e-05
27,3.257245321941945e-06,8.32783522133248e-06,3.199068094418947e-05,5.592926519788852e-07,0.07481230270966258,0.004869421325626101,6.202812093981403e-05,3.7171141890601386e-06,0.009230514085490757,4.0480496986579594e-10,0.8236908221214126,2.0231418588213296e-07,1.1889525018720621e-08,5.078712497491166e-06,0.0870105262942349,0.000139590250812897,8.271751518360281e-06,7.62200035321928e-07,4.7139232517098346e-05,8.383840296829301e-08,6.704681487448004e-07,7.005512518102965e-06,5.381938618809387e-06,1.694387165263823e-05,4.539078906619455e-05
28,4.59144649769365e-06,1.0585189934068721e-05,4.378830471751285e-05,6.528424668878286e-07,0.10288655711477507,0.005638187156303928,8.282508749071066e-05,3.553968072618018e-06,0.00969686705477546,5.261273286941367e-10,0.8080409777748107,2.3006125243248123e-07,1.556645452177975e-08,6.071941227670421e-06,0.07330072144590259,0.00013268454897649698,9.139406693145268e-06,8.338119962794634e-07,4.625115752981675e-05,1.0563156223032994e-07,7.360161795223033e-07,5.15208217837498e-06,7.215939217536475e-06,1.9795774229270663e-05,6.246015062815572e-05
29,4.59144649769365e-06,1.0585189934068721e-05,4.378830471751285e-05,6.528424668878286e-07,0.10288655711477507,0.005638187156303928,8.282508749071066e-05,3.553968072618018e-06,0.00969686705477546,5.261273286941367e-10,0.8080409777748107,2.3006125243248123e-07,1.556645452177975e-08,6.071941227670421e-06,0.07330072144590259,0.00013268454897649698,9.139406693145268e-06,8.338119962794634e-07,4.625115752981675e-05,1.0563156223032994e-07,7.360161795223033e-07,5.15208217837498e-06,7.215939217536475e-06,1.9795774229270663e-05,6.246015062815572e-05
30,4.59144649769365e-06,1.0585189934068721e-05,4.378830471751285e-05,6.528424668878286e-07,0.10288655711477507,0.005638187156303928,8.282508749071066e-05,3.553968072618018e-06,0.00969686705477546,5.261273286941367e-10,0.8080409777748107,2.3006125243248123e-07,1.556645452177975e-08,6.071941227670421e-06,0.07330072144590259,0.00013268454897649698,9.139406693145268e-06,8.338119962794634e-07,4.625115752981675e-05,1.0563156223032994e-07,7.360161795223033e-07,5.15208217837498e-06,7.215939217536475e-06,1.9795774229270663e-05,6.246015062815572e-05
31,1.1988913021329015e-05,1.7417095090209083e-05,0.00010989638889113034,9.070230795098224e-07,0.11399612486771993,0.006087955125014435,0.00015202368897250157,7.419859135217847e-06,0.0090850796621746,1.2444444999487726e-09,0.8162992587206181,2.8981304501547593e-07,1.8232389817711627e-08,7.389071907662574e-06,0.053897687904837614,0.00012065039398920672,9.211717829130106e-06,1.3019903263162904e-06,7.32032174366777e-05,1.332199286939106e-07,8.210051628678269e-07,4.457090869064435e-06,1.1044032140675986e-05,2.7993338865029777e-05,7.77263831108482e-05
32,5.090582636478018e-06,1.1218134814960966e-05,4.375404502053948e-05,6.019880428771827e-07,0.09907689871911846,0.005734971872464719,8.145808607025656e-05,3.6814043222169906e-06,0.010012924325649665,5.410186296910287e-10,0.8095581380059782,2.3301289383259946e-07,1.5808193074815337e-08,5.825456595185334e-06,0.07517373225288596,0.00013091177461800707,9.196071975233106e-06,8.700357686051194e-07,5.633423463555747e-05,1.0014115317901456e-07,7.397201762868333e-07,5.541470550713317e-06,6.811031711754033e-06,2.1031627071478523e-05,5.991965663398338e-05
33,1.386869109135568e-06,5.227760904708657e-06,1.1603682643340517e-05,6.868821263949945e-07,0.05764554156463531,0.0045295534253080826,3.20980848269486e-05,3.7632013428970344e-06,0.0027589776490589374,4.887022799375208e-10,0.9162057504377269,1.2162111459384907e-07,1.381647034308365e-08,9.875700723152958e-06,0.018570506279233626,0.00011176671969800926,1.6511305694448015e-05,5.687771583660108e-07,3.6522945048901494e-05,1.2152320168968486e-07,5.630461165426937e-07,6.334733757707724e-06,1.2029689274602919e-05,2.005701022738745e-05,2.0416785895963848e-05
34,2.7574930988262353e-05,1.9794696697179074e-05,9.372157232737486e-05,2.425830807826117e-07,0.09755044339606336,0.006323374887832482,7.48484040997409e-05,3.362343746077734e-06,0.040810551401615186,2.18606727963525e-10,0.7565425337464775,3.5864461951876667e-07,2.8792180778866547e-08,2.2357913822082483e-06,0.09809356536858066,9.293070718356964e-05,6.469935391990849e-06,1.2083753363587185e-06,0.00026441551649174135,4.263081985073847e-08,6.094312060103161e-07,5.059453412619513e-06,1.7381094482107804e-06,3.914889629682265e-05,4.574016611514467e-05
35,5.385523025806511e-05,2.251497498205231e-05,0.00017504610486612234,1.1350993378703371e-06,0.11051607052827161,0.00629632751529571,0.00022484672548271593,1.0699423114060002e-05,0.04000765064091196,1.2842853587744078e-09,0.7623210717712121,6.970536537253419e-07,3.303374492409299e-08,5.5000109394340305e-06,0.07981065441343749,0.0002102332834680701,1.2226805807489558e-05,7.686489767502318e-06,0.00014801121008920344,9.613294485100454e-08,1.4935718981209327e-06,1.1239915800370627e-05,3.6202769665020614e-06,5.033620557269341e-05,0.00010895229789191099
36,4.2220452232614255e-06,7.839654720011144e-06,3.422032824881692e-05,5.447406482837096e-07,0.06711814726337931,0.002318746906839611,0.00011788163906691337,1.0117745646346893e-05,0.011521949099587635,3.100350482628152e-10,0.7832048674362777,8.077138773859777e-07,2.8778595472632095e-08,6.701884437463259e-06,0.13524001722622314,0.00025786169276951023,8.521621173185567e-06,7.255478301246162e-07,6.781052880951532e-05,8.500157441315931e-08,6.653647102239007e-07,1.2397906541861781e-05,2.8355624351718577e-06,1.1099185204920586e-05,5.1904816144773044e-05
37,1.673652203100579e-05,1.862437994066598e-05,0.00010101824526660772,1.0521436329837739e-06,0.10693944772974838,0.006949060949562351,0.0001189673254728293,3.8702508174450114e-06,0.011155109559267627,1.2583229961996922e-09,0.8388660544261375,2.868905246639322e-07,2.09975374945818e-08,6.542047349119552e-06,0.03547764180097414,0.00010979213394896183,1.0430124165984635e-05,1.966161731957786e-06,7.426038814059525e-05,1.3868888077704954e-07,8.497151630113563e-07,4.484271624854124e-06,1.1788530750284249e-05,5.398687102756854e-05,7.786858798017158e-05
38,5.120841390027591e-07,4.774285995255366e-06,6.373230319340553e-06,1.962806766625707e-06,0.03398886176062759,0.000903048690754257,2.493167306410077e-05,3.3156085912332437e-06,0.002291131140348664,1.9416875033541399e-10,0.9479442937357936,3.246090055779582e-07,9.616432379786132e-09,1.3524985734929134e-05,0.014669611811697344,4.822983267290607e-05,2.422271014480913e-05,5.519531282663311e-07,7.993129172769228e-06,1.6206289826157922e-07,1.1128277119872946e-06,1.2274909533719888e-05,1.7836788609421248e-05,8.847817196288894e-06,2.6091735492841803e-05
39,4.5472614462198616e-06,5.293918345307276e-06,9.12190509158766e-05,6.014964269860493e-07,0.0874349910402483,0.012369805778394133,7.761754204096216e-05,6.02126273210116e-06,0.012015734642640124,6.528528500408966e-10,0.7836052808998764,2.0178072492139432e-07,2.861718384384971e-08,3.0565469788669287e-06,0.10392486726090831,0.0002668046265854099,1.4359717145059755e-05,1.0501948131262965e-06,7.942060906647912e-05,1.2259819606161007e-07,1.5822794780497195e-06,6.721052817934268e-06,6.554697950885315e-06,2.96412397388461e-05,5.4475232492816566e-05
40,4.472879806334335e-06,1.0456113178947838e-05,4.1268438963136e-05,6.853049810378863e-07,0.10105381236490232,0.005694038975183191,7.866097743010468e-05,3.597584000561087e-06,0.009265740353006263,5.45908797325988e-10,0.8161700132781579,2.170322628467087e-07,1.5125802628064745e-08,6.146844176869388e-06,0.06738561179958165,0.0001361301955560436,9.501486306343173e-06,8.619381529528449e-07,4.5904881918174685e-05,1.1003460829588756e-07,7.392381742974378e-07,5.148685704855656e-06,7.459137254192597e-06,2.0651707614072178e-05,5.875507736810163e-05
41,5.283656803126545e-06,1.0846520387366051e-05,4.8609726171159644e-05,6.029789357099445e-07,0.12463630328159898,0.005834599156481441,8.966266534998155e-05,3.491506634649148e-06,0.011677755082117392,4.827920485152368e-10,0.7717646180907877,2.2949396700789492e-07,1.757914660015145e-08,5.5362204153713855e-06,0.08562044922543699,0.00014841431018495737,8.9437509519626e-06,8.366997574558483e-07,4.480646575043965e-05,1.0960954318350807e-07,6.953366018694609e-07,4.639514800251793e-06,6.26034758872279e-06,1.9107811804068574e-05,6.81804859913811e-05
42,2.361621157616436e-06,6.064155143849958e-06,4.0421787570085e-05,6.472088638893445e-07,0.03823623458366334,0.00569664455239918,6.054988072399658e-05,9.021591227169351e-06,0.009485092569983346,6.098455959084871e-10,0.822172807103477,2.9116134153694484e-07,1.5589636451470347e-08,3.1761875800162847e-06,0.12375143885767369,0.00034935603987950567,7.914464484241961e-06,7.498597099353319e-07,0.00010800939436092647,9.56844415387664e-08,1.093706207187828e-06,1.3483842073713218e-05,4.485133758608765e-06,2.362576779305902e-05,2.6418647004580287e-05
43,4.014903304218827e-06,1.3583174832956484e-05,5.708918207706663e-05,1.049157861688119e-06,0.10949443174373794,0.015409058254271525,9.813986272237142e-05,6.789343830987938e-06,0.010901714668112641,3.136953635539985e-09,0.752588697718211,1.9562289165706737e-07,2.2753191428906055e-08,8.16278448124051e-06,0.110769179461359,0.0003707297187368176,2.1467885152765767e-05,1.924695556553188e-06,0.00010280310449377428,2.9424390924814186e-07,2.799147289842346e-06,1.441054324112009e-05,1.5724924878236104e-05,3.6922632022045264e-05,8.079133688040867e-05
44,4.59144649769365e-06,1.0585189934068721e-05,4.378830471751285e-05,6.528424668878286e-07,0.10288655711477507,0.005638187156303928,8.282508749071066e-05,3.553968072618018e-06,0.00969686705477546,5.261273286941367e-10,0.8080409777748107,2.3006125243248123e-07,1.556645452177975e-08,6.071941227670421e-06,0.07330072144590259,0.00013268454897649698,9.139406693145268e-06,8.338119962794634e-07,4.625115752981675e-05,1.0563156223032994e-07,7.360161795223033e-07,5.15208217837498e-06,7.215939217536475e-06,1.9795774229270663e-05,6.246015062815572e-05
45,3.4768242144620707e-06,6.7588046201007256e-06,4.4334602403478675e-05,5.185312777091031e-07,0.07620016481314515,0.004927561632504471,8.060295415720116e-05,4.682761941663405e-06,0.009427380560573894,3.927540947451525e-10,0.8055623675305477,2.0706299158843117e-07,1.2198496237534338e-08,3.858069083338287e-06,0.1034402279666116,0.00017721130848523856,5.747623782199723e-06,6.716526831971479e-07,4.482522489582772e-05,7.62857192111192e-08,5.486421707733777e-07,5.123083401487974e-06,4.1691935679331625e-06,1.6036384152999515e-05,4.343589581868793e-05
46,1.743036115230341e-06,3.5976078291312626e-06,1.7639723905649822e-05,7.639108774126304e-07,0.05151426518110683,0.0061752659388212856,1.9387148554504594e-05,2.6261259361688973e-06,0.0034235527620092203,2.8298982811914234e-10,0.9036496623771753,1.1706364674817681e-07,2.1621865442576727e-08,6.087508537651496e-06,0.03493458349099597,0.00010039102804827516,4.092497695164915e-05,8.052849346949715e-07,3.08570228092779e-05,1.3815244248376476e-07,8.593196686164945e-07,9.258576989182229e-06,1.0560140828395907e-05,1.9508523705705816e-05,3.738319325539658e-05
47,1.2458222085091672e-05,1.564530455404755e-05,7.279579941991419e-05,6.677345708435448e-07,0.1475075102199238,0.006115294820482029,0.00013136807161989898,4.206159747121004e-06,0.021419716469674624,7.529594368369474e-10,0.6887921250371032,5.619526353703759e-07,4.732826847016596e-08,5.256076208547064e-06,0.1353463782471169,0.00029596772871733664,1.6079123052775946e-05,1.5364669080091052e-06,9.53654440120832e-05,1.6947377326550449e-07,1.2697091982420418e-06,1.0212063590956807e-05,5.952884735959317e-06,3.269838161249831e-05,0.00011671652802967922
48,4.4017098057823286e-06,1.847867210789747e-05,2.510438561101347e-05,4.869251321949968e-07,0.0722676954354745,0.0078619073628289,5.1443137793695286e-05,3.2764129047572816e-06,0.0061697093992570985,8.357288434768896e-10,0.8833868326915006,1.299100596331801e-07,1.1387873362095135e-08,6.020439934425336e-06,0.029856358221061616,9.388822800278085e-05,1.0229859771695583e-05,5.70115974315455e-07,0.00016471343138592837,8.345994353218676e-08,6.02832203348619e-07,5.3512927995445835e-06,9.817304112826104e-06,3.712101112810399e-05,2.5765537603717726e-05
49,4.6455325157709145e-06,1.0511663047390652e-05,6.176387208102005e-05,9.108449222172954e-07,0.08156023913343693,0.006382270509133601,8.914946231784285e-05,3.824253089959167e-06,0.00989571050668046,6.516761930294802e-10,0.8287827339942441,3.0879519462076736e-07,1.8130566688407174e-08,7.11511114080127e-06,0.07290160939603707,0.0001326274236927078,9.015979307597503e-06,9.427646324616147e-07,4.365716049148108e-05,1.136206819624664e-07,9.32178788080532e-07,5.865132397787277e-06,9.22410157730186e-06,2.2892756288582457e-05,7.391702605728243e-05
50,5.387272622905564e-06,1.4044577421228937e-05,5.666204895817634e-05,6.04448473954219e-07,0.15822822130158504,0.0038079951638016643,0.00030991499152494093,7.4533715225929285e-06,0.005333965413483702,1.5287371267382408e-09,0.7462700574126631,3.8466332111596287e-07,1.5799444957835283e-08,1.1096757900479311e-05,0.08562085501604096,0.00012457735239386486,7.664082380170363e-06,7.839693789180715e-07,4.895550814348943e-05,1.1989067825644986e-07,7.955666127715766e-07,5.37382333613472e-06,1.2674760417555655e-05,1.2403984675927909e-05,0.00011999129448091437
51,6.5385839485588505e-06,5.372501673460844e-05,3.629179430155624e-05,1.8728174771282953e-06,0.037720964620755595,0.003055637736717605,8.105252894574603e-05,6.318271544989651e-06,0.012543794466931199,7.742822210180378e-10,0.8789049572948655,5.012436124229135e-07,5.100291064300656e-09,1.591502936135504e-05,0.06732184640807976,7.556559757159924e-05,5.693722425754286e-06,1.1210420790722163e-06,8.332112945137618e-05,6.495506118304314e-08,6.655700791782852e-07,1.258669386863339e-05,5.957065544397333e-06,1.5518309744866687e-05,5.008422632449037e-05
52,6.22387188928467e-06,6.876281692722148e-06,4.2052623482642986e-05,4.369347815905781e-07,0.09237402915355131,0.008957924403906976,4.980985847505487e-05,3.0791392768312706e-06,0.0114207653771523,5.264055409344149e-10,0.7856563677728179,1.3195627797363745e-07,1.4543155081713007e-08,5.377699879050302e-06,0.10115587639525221,0.00015746573151219237,1.108948778407639e-05,1.7724861114880077e-06,4.869390782317996e-05,9.839961082671928e-08,5.741648895318508e-07,6.116053608202204e-06,4.5127167347789314e-06,1.999661686767465e-05,7.071389706177406e-05
53,1.7416457495985199e-06,6.437903970278815e-06,3.498220688232837e-05,5.051600577816095e-07,0.12329729526910309,0.0021056507637115043,0.00023289775251028418,4.593598157313849e-06,0.005683837716089621,4.303478735699608e-10,0.7772319726695645,3.233326457900367e-07,9.41363281269308e-09,5.069087744525095e-06,0.09118022110438562,0.00011166936692166538,3.3554858193839734e-06,3.173534590899341e-07,1.9322933672634892e-05,6.960846269895709e-08,5.563242410625124e-07,3.659130881727141e-06,7.601875987096057e-06,8.73867108966347e-06,5.917119491222218e-05
54,1.1234043488816155e-05,3.8085615485195354e-05,5.93279108743979e-05,7.786069193870736e-07,0.18905311156526228,0.006625891121054882,0.00016302317582303515,2.919677750828956e-06,0.016927232278060287,1.1094770199697208e-09,0.5981270333717863,4.2547929398565793e-07,1.7287337579558977e-08,1.3639803620177977e-05,0.18849188768432146,0.0001553869881150078,8.605913365988561e-06,1.1210210430872412e-06,5.641322992130846e-05,1.402176812660675e-07,7.090676967739867e-07,6.083191785873638e-06,8.190382122066739e-06,1.404741345804345e-05,0.0002346938442549224
55,2.3937528758941445e-05,2.2686389135109294e-05,0.00013891879552458726,1.2937181530300827e-06,0.12069720238720254,0.006661015727800613,0.00020874288298068769,4.56163722770651e-06,0.07767647555512125,5.388472463487782e-10,0.6636844535426398,1.5325230652678052e-06,7.299169410273293e-08,5.6524492791967065e-06,0.13026979650662573,0.0003085807126934392,7.575110897244718e-06,2.7099583403805947e-06,9.908073674491984e-05,1.0864858483590518e-07,1.5181150281759815e-06,7.989127624953282e-06,2.9865928341453525e-06,4.681966049150509e-05,0.00012628816270468646
56,4.922766254034427e-06,1.072872777863056e-05,4.5282259811647874e-05,6.609476419493865e-07,0.10296160717405045,0.005537469553133946,8.649863780894285e-05,3.5989167435448e-06,0.009965758223476439,5.273585665851467e-10,0.8078567119929654,2.6728739567581903e-07,1.879826733350521e-08,6.382374789531485e-06,0.07322930341131159,0.00013043193293449745,9.757541114338184e-06,8.589960881866647e-07,4.909884348153202e-05,1.0938513047929327e-07,7.718477967390038e-07,5.421567333498828e-06,7.326596947262489e-06,2.0649851173258397e-05,6.636183921257977e-05
57,6.151767420100243e-06,1.4515101674375232e-05,5.170191639355468e-05,7.969224373515313e-07,0.11773346264295946,0.0049460519365276505,0.00011890227106527795,5.290318152597975e-06,0.014287436933203832,7.126850649291217e-10,0.7544872214396351,5.812016220679753e-07,3.936278890088827e-08,7.374305010523623e-06,0.10788482757214655,0.0002279299261250386,1.5084379726948316e-05,9.941926376038363e-07,7.829691722835701e-05,1.8172263599489495e-07,1.1808296113674909e-06,1.0158196433270539e-05,8.05944170150678e-06,2.4038406618066477e-05,8.972158355945448e-05
58,5.2195898519011496e-06,9.95608404237699e-06,4.589793580835219e-05,6.290229265384795e-07,0.09121432465822085,0.005654966328268134,7.657655489686505e-05,3.2497308151728295e-06,0.009785960616916294,4.763961716385994e-10,0.8367775663249188,2.4760835100282187e-07,1.799536955580517e-08,5.2193148015114766e-06,0.056144982985336725,0.00012041636406276383,8.188922935342025e-06,8.040302869533237e-07,5.4609316373229655e-05,9.69203743154044e-08,6.853198960503616e-07,4.55506783920201e-06,7.2363900618307844e-06,2.710452870431079e-05,5.148791254569321e-05
59,4.896008207975131e-06,9.754492221953492e-06,5.386166817737405e-05,6.633440740742367e-07,0.08918428034665533,0.005862303337568297,7.877835178776105e-05,3.38635227257787e-06,0.009931811707403494,5.105018877814188e-10,0.8331925394014196,2.2877394503038767e-07,1.591566920461368e-08,4.639486012145536e-06,0.06139417891124774,0.00012903091780253057,7.462558859360311e-06,7.622241459856859e-07,5.102592654571178e-05,1.0149651939682876e-07,7.206572565130518e-07,4.467316234309716e-06,7.530746346220177e-06,2.7415574170800227e-05,5.014397495485807e-05
60,4.59144649769365e-06,1.0585189934068721e-05,4.378830471751285e-05,6.528424668878286e-07,0.10288655711477507,0.005638187156303928,8.282508749071066e-05,3.553968072618018e-06,0.00969686705477546,5.261273286941367e-10,0.8080409777748107,2.3006125243248123e-07,1.556645452177975e-08,6.071941227670421e-06,0.07330072144590259,0.00013268454897649698,9.139406693145268e-06,8.338119962794634e-07,4.625115752981675e-05,1.0563156223032994e-07,7.360161795223033e-07,5.15208217837498e-06,7.215939217536475e-06,1.9795774229270663e-05,6.246015062815572e-05
61,5.221121113714208e-06,1.0312292721466246e-05,5.4437660029731005e-05,6.690480294696607e-07,0.09398540599865318,0.005760267645078508,8.549333059276501e-05,3.471363660249549e-06,0.010185443464974547,5.394480005544264e-10,0.8255205240826811,2.508036131125469e-07,1.7544593119775242e-08,4.982118921137178e-06,0.06409921066720968,0.00012719384256885925,7.99568499859204e-06,8.206977369725184e-07,5.227689379768893e-05,1.044775273423974e-07,7.637148998041529e-07,4.748847708084491e-06,7.674656377421973e-06,2.686379430329841e-05,5.584970876214596e-05
62,4.59144649769365e-06,1.0585189934068721e-05,4.378830471751285e-05,6.528424668878286e-07,0.10288655711477507,0.005638187156303928,8.282508749071066e-05,3.553968072618018e-06,0.00969686705477546,5.261273286941367e-10,0.8080409777748107,2.3006125243248123e-07,1.556645452177975e-08,6.071941227670421e-06,0.07330072144590259,0.00013268454897649698,9.139406693145268e-06,8.338119962794634e-07,4.625115752981675e-05,1.0563156223032994e-07,7.360161795223033e-07,5.15208217837498e-06,7.215939217536475e-06,1.9795774229270663e-05,6.246015062815572e-05
63,5.113128743058028e-06,1.384914065395297e-05,4.5383968393660457e-05,6.986646736236277e-07,0.11057031522827356,0.0056788698763770955,8.74996086908293e-05,3.4779121829834503e-06,0.010392975886403626,6.023292687557709e-10,0.7945756323012949,2.4962048611961656e-07,1.5999208841199157e-08,6.578358973974301e-06,0.07832308897888496,0.00012945296955556515,9.637359446252288e-06,8.310640311544046e-07,5.2092988808524286e-05,1.1587793527113796e-07,7.924050992129588e-07,5.5331539091091675e-06,8.034871223186065e-06,2.0600543971743537e-05,6.915949044971527e-05
64,4.335371449602452e-06,1.190460312693564e-05,4.743709290183684e-05,7.645696448375383e-07,0.10335183280757629,0.006386426654608414,8.971425270715292e-05,3.7668747537433397e-06,0.010441995751690065,6.668031931902483e-10,0.7983280441209434,2.7556570505769455e-07,1.8576833700835548e-08,7.032804524220856e-06,0.08100942142996988,0.0001445958629584029,1.0718036160857874e-05,9.061410147942773e-07,5.136165807597585e-05,1.269241057182956e-07,1.089949579710035e-06,6.375968827811777e-06,8.786015256178047e-06,2.1622262223450538e-05,7.144603855899066e-05
65,3.238783470663826e-06,1.2788122418847556e-05,5.58642030908206e-05,9.973780356679257e-07,0.10888057041569252,0.006082836548266358,0.00014465890910858912,6.0418457726585325e-06,0.005467123323316347,1.389411598576429e-09,0.7963006324102854,2.31319828415402e-07,1.133577170391893e-08,1.034922774302912e-05,0.08272584903294589,0.00013473191998293607,9.381923861876204e-06,8.015007845973102e-07,3.758798811782119e-05,1.5688174707980453e-07,1.100753904406963e-06,5.640055079227951e-06,1.509830841196716e-05,1.4941630599120508e-05,8.936479235238174e-05
66,3.2304002022403237e-06,1.1998653357162393e-05,3.072691768377778e-05,8.03268624958516e-07,0.07253541650616159,0.003909510039879598,8.370573062794436e-05,4.3803565110536595e-06,0.009399049371055646,4.1521200371697043e-10,0.8348186542760182,3.2541514067857955e-07,1.1129705396114908e-08,8.543237670449745e-06,0.07893516220457858,0.00012894212102679696,6.728595697490578e-06,6.763300454009117e-07,4.194473717049634e-05,7.731043243963244e-08,6.148611841524017e-07,6.5827896281521355e-06,5.939025426352921e-06,1.3360380406078537e-05,5.36159265533821e-05
67,1.6824053759692519e-06,3.8002946661398233e-06,3.9271401895041495e-05,2.2033565078658784e-06,0.06599887931096969,0.020109371577344402,2.3334254155871022e-05,1.749961301967151e-06,0.0028540842862523393,1.0463847274984338e-09,0.8954851275195298,1.2560262825793997e-07,4.0605661876717324e-08,1.793408836501436e-05,0.015099891836592274,0.00011600526932918963,3.7446568551802243e-05,1.0618264203158406e-06,1.675724154110424e-05,4.2342998192437215e-07,1.4627280924741991e-06,3.7231771340801798e-06,6.173338399048757e-05,5.090229431133589e-05,7.298653301604209e-05
68,7.939206193325544e-06,1.3672563280619026e-05,0.00010851604219709349,1.5437036138984726e-06,0.07516445232496913,0.007101139359541232,0.00010896614915265561,4.911225058565082e-06,0.012508104293042886,9.56490180357857e-10,0.8620412506759656,3.97076780179448e-07,1.9646096489606547e-08,7.775894137166694e-06,0.04260531769118024,0.0001316784803549044,1.020214593222081e-05,1.525269902656304e-06,5.10055858373382e-05,1.2673691689153184e-07,1.4575599611988985e-06,6.057962234327149e-06,1.2688367611169535e-05,3.780553748327597e-05,7.34455460666858e-05
69,5.980859943560875e-06,1.2030812505654137e-05,4.6116807777270275e-05,6.313092025258803e-07,0.12050557464084323,0.0061510305352893415,8.785284714530979e-05,3.5330203830710324e-06,0.012052649719659475,5.504123107841109e-10,0.7733024975989428,2.470971210359057e-07,1.8600314583383505e-08,6.630188588046284e-06,0.0875039013505918,0.00014720101707809948,1.1113805468495902e-05,1.0606719919167332e-06,5.073449799559863e-05,1.1245540053625627e-07,7.499166850617514e-07,5.824868386808611e-06,6.391217051854299e-06,1.908167848857534e-05,7.903393273309673e-05
70,2.9574791842971315e-06,9.871410429575952e-06,2.718497763249752e-05,4.5704138482384824e-07,0.08083517066113231,0.005567511700185461,5.663265029353641e-05,2.2960740365436607e-06,0.00757073764249091,4.166241633889197e-10,0.8522903835628439,1.5996888794720212e-07,1.0524242930271492e-08,4.249570671678945e-06,0.053400476084897446,8.765098380673165e-05,7.319085812734716e-06,5.331873949627489e-07,6.134019744612643e-05,7.203054328493131e-08,7.283296097396751e-07,4.683310256543031e-06,7.952146426495662e-06,2.411579515383319e-05,3.750516861155268e-05
71,4.53890013379857e-06,1.0292984376747013e-05,4.382070308475164e-05,6.423569107191319e-07,0.09932716767549443,0.00562949436420615,8.131453071995555e-05,3.5420621856384272e-06,0.009635887622197687,5.094744692852045e-10,0.8120256260895267,2.2695431104448037e-07,1.5140203098079626e-08,5.933449672182165e-06,0.07295169978346695,0.00013035179089436293,8.927310154645645e-06,8.287960426717501e-07,4.627448896955082e-05,1.0056359948613957e-07,7.248064748328458e-07,5.143132136728778e-06,6.991031134525791e-06,1.96096893297415e-05,6.0845265299050406e-05
