,0,1,2,3,4,5,6,7,8,9,10,11,12,13,14,15,16,17,18,19,20,21,22,23,24
0,6.2898400019692006e-06,0.00014080119690499038,3.75571543518366e-05,2.3908744908695173e-06,0.0005001592666316521,0.012457745768431155,0.0005716117291083175,1.3189307293889518e-07,0.0003936295264475593,4.5997962755568235e-07,0.9833858437379407,1.7254466489946702e-05,6.232829458968906e-08,0.0009899210710191484,0.0008827333130529473,1.510098676522618e-06,1.2682936045318464e-09,3.366021053261881e-06,0.0005573409793945711,4.89193920941218e-08,3.795159515450378e-05,9.761263222752478e-06,2.921437275900403e-06,2.1396856777955468e-08,4.848748135289754e-07
1,5.4277103042865816e-06,0.00012331890625599505,6.407039158694706e-05,2.4812513074140767e-06,0.0006287962222632595,0.01923229387981332,0.0007891413140766722,1.759471154461495e-07,0.0011767877392098453,7.59009357846514e-07,0.9745294234091937,1.559228811360283e-05,7.62253466415537e-08,0.0010736854470537777,0.0011755250655830969,3.1720081084264125e-06,7.924037629794577e-10,1.96651503456001e-06,0.001127168446434527,7.94426726592627e-08,3.8771764998219216e-05,8.694317608721937e-06,2.0678593596756674e-06,1.7433047259606043e-08,5.066137502404582e-07
2,6.5022898066452604e-06,0.00010885817149950043,3.111752926437416e-05,1.7503926490482228e-06,0.0004002765818697364,0.016453219658510976,0.0006307244551843556,1.0481765710167576e-07,0.0003861164945574419,3.469602195339586e-07,0.9785867610396248,1.699636999711728e-05,4.627831375042998e-08,0.0010481083891945623,0.0016866251731128738,2.4508315253341166e-06,1.2394541529948115e-09,2.3501653697289252e-06,0.0005812068138850613,5.265989118631519e-08,3.845076415825459e-05,1.259919139782419e-05,4.820135417603924e-06,1.6088895109155606e-08,4.97508543825907e-07
3,5.621525979300545e-06,0.00011310900541506568,3.981239718349126e-05,1.9961598014152725e-06,0.00046877326838176534,0.012739912051221247,0.0005432774008797564,1.1136096244093276e-07,0.00040492397631106266,3.871209595843741e-07,0.983503581433495,1.657373860255352e-05,6.304866227466466e-08,0.0008681060833633368,0.000764053981093709,1.4729271144709726e-06,9.847508491557083e-10,2.8765079257493037e-06,0.00048454769339581494,5.0544841202436863e-08,2.9785521228371052e-05,8.129465568141945e-06,2.4429627921564604e-06,1.875658955507734e-08,3.7208348171831407e-07
4,5.198506998007048e-06,0.00011986329752645568,4.529691252680559e-05,2.1216856455306804e-06,0.0005476284551316919,0.013119135450338083,0.0005364187347966089,1.0242173338826634e-07,0.00040930489563605944,3.8585159006394736e-07,0.9829464723800184,1.7641635627894712e-05,8.438090216377996e-08,0.0010501523914976628,0.0007078080034370826,1.387766123080646e-06,9.476920012516776e-10,2.8506215039738707e-06,0.0004505809320767953,5.363692523046721e-08,2.6882685397866498e-05,7.87653624778074e-06,2.398980547768996e-06,1.8948380695795503e-08,3.3394169871196756e-07
5,4.835686831808066e-06,0.00011417378645036554,3.5319928216265086e-05,2.343133599686085e-06,0.0005105911730776146,0.011843361095685864,0.00047120759247666394,1.1346746359606078e-07,0.0003125871058819038,4.025007402855955e-07,0.9848360232817358,1.5685888216839898e-05,6.6924195595404e-08,0.0008269410649318539,0.0005847649406400552,1.1743666100158568e-06,1.0502135246207608e-09,3.623857084820417e-06,0.0003957725939006316,4.749800961814948e-08,3.1031476813383917e-05,7.099342619466675e-06,2.4809146256902347e-06,2.0755560345278515e-08,3.305744181973024e-07
6,5.621525979300545e-06,0.00011310900541506568,3.981239718349126e-05,1.9961598014152725e-06,0.00046877326838176534,0.012739912051221247,0.0005432774008797564,1.1136096244093276e-07,0.00040492397631106266,3.871209595843741e-07,0.983503581433495,1.657373860255352e-05,6.304866227466466e-08,0.0008681060833633368,0.000764053981093709,1.4729271144709726e-06,9.847508491557083e-10,2.8765079257493037e-06,0.00048454769339581494,5.0544841202436863e-08,2.9785521228371052e-05,8.129465568141945e-06,2.4429627921564604e-06,1.875658955507734e-08,3.7208348171831407e-07
7,8.59156928919252e-06,9.041793377676395e-05,3.258265539120421e-05,4.031823080302679e-06,0.0015868354150621248,0.06808918906052674,0.0004940473478335643,2.6376081011193863e-07,0.00048097220839217404,1.492373941649243e-06,0.9211801871427396,4.531387123836852e-05,1.941011827939138e-08,0.0026842416657200823,0.002686259804806469,1.4195944384232101e-05,2.0009310446154835e-09,4.659413089392024e-06,0.002285531716331137,5.5551987092626606e-08,0.00025945944132082973,3.634030522100357e-05,1.4002165838255713e-05,1.1319553459014453e-08,1.2960986167924538e-06
8,1.5691149356104283e-05,0.00028243559311789593,0.00012075223465487101,6.73943421964664e-06,0.0011251823637171239,0.01679273524734033,0.0013597226814433168,3.5868808601222267e-07,0.0008541020124894639,1.2764480107992428e-06,0.9741001369919265,3.086254998781599e-05,1.410180722950163e-07,0.0024519409206057467,0.0017379577786852752,4.059881561188561e-06,2.9284418566204046e-09,4.427660127481034e-06,0.0010169479835702951,9.851110292084606e-08,7.155262252594103e-05,1.4950366156939984e-05,6.139993748457434e-06,6.742065492113058e-08,1.7175203967356777e-06
9,1.0898101940046829e-05,0.0003279550547976588,0.00018771545532506802,5.742398698158039e-06,0.001013388954277556,0.00973161871844349,0.0011408403391578313,2.837899287081989e-07,0.0012494801714843587,9.423318733312292e-07,0.983045331323073,2.1568309097134976e-05,2.404318874543617e-07,0.0015643470879743875,0.001035821159687992,1.5900694904892533e-06,2.03169621691494e-09,3.5571516542669443e-06,0.0006126292530218785,9.644529511140712e-08,3.523294689451656e-05,7.175942968234902e-06,2.220813753713547e-06,8.995791431998616e-08,1.2317596649011323e-06
10,5.621525979300545e-06,0.00011310900541506568,3.981239718349126e-05,1.9961598014152725e-06,0.00046877326838176534,0.012739912051221247,0.0005432774008797564,1.1136096244093276e-07,0.00040492397631106266,3.871209595843741e-07,0.983503581433495,1.657373860255352e-05,6.304866227466466e-08,0.0008681060833633368,0.000764053981093709,1.4729271144709726e-06,9.847508491557083e-10,2.8765079257493037e-06,0.00048454769339581494,5.0544841202436863e-08,2.9785521228371052e-05,8.129465568141945e-06,2.4429627921564604e-06,1.875658955507734e-08,3.7208348171831407e-07
11,5.582248264058619e-06,0.00011794100891586466,4.1047081463159117e-05,2.035411547158308e-06,0.0004747834749630416,0.012305323490778593,0.0005410412601800211,1.0898246698857177e-07,0.0003953013261433261,3.79811918246685e-07,0.9839882521539315,1.692392048149521e-05,7.294159606138803e-08,0.0008953024886754043,0.0007219953925773313,1.3655609296093175e-06,1.0175271570637608e-09,3.0034815580692487e-06,0.0004508793086894769,5.2403223834074684e-08,2.7747666263005555e-05,8.053552404884069e-06,2.428631736832702e-06,1.9802393395267743e-08,3.57581371466114e-07
12,8.345250577096159e-06,0.00013240741637154417,2.6427777964499566e-05,3.3198473612009278e-06,0.0017872158802664415,0.03156809565503663,0.0002748738011372726,6.254658652125663e-08,3.057598403343473e-05,4.1940093509614503e-07,0.9604230152197347,8.325292379647826e-05,9.180356088088369e-08,0.004924508876311477,0.0004050432301789202,2.3083802426995136e-06,3.252121277780762e-09,1.74014719436153e-05,0.0001969224946551608,3.812999291156801e-08,6.35193435330648e-05,3.173122774422207e-05,2.0134943398925874e-05,2.084292645780219e-08,2.6429958933901614e-07
13,2.6543327777592032e-05,0.0012579273658925832,8.197722928165327e-05,1.716282773055634e-05,0.0024871481145553537,0.2381740394746467,0.005247028036320566,7.231646673628502e-07,0.002168504510672998,3.691459831563819e-05,0.7428473895075391,7.690759358287285e-06,2.7683722453118455e-07,0.002394387944205689,0.0028840122089247066,4.0794407223690305e-05,2.3771607863638874e-09,3.1503708174245624e-05,0.0020919752822428227,2.826655547924004e-07,0.00015080715011776087,2.754667042587672e-05,2.1295567252672967e-05,3.3424025394300366e-07,3.7320244800220964e-06
14,5.284917543564532e-06,0.0001207798342460663,3.96309648019429e-05,2.0341611603873893e-06,0.0004927535927267946,0.012917838811266175,0.0005345120095222595,1.1212026134548249e-07,0.0004160957425755881,4.157321393805374e-07,0.9833274326112177,1.5469432674150127e-05,6.572165427373728e-08,0.0008551533759434074,0.0007472823057736934,1.4089093209200551e-06,9.63117503402184e-10,2.9135223088670405e-06,0.00048044084728102453,4.96604692996423e-08,2.9663953627695203e-05,7.945359768283374e-06,2.3369207549321603e-06,1.9466544997330968e-08,3.5906329961017685e-07
15,5.621525979300545e-06,0.00011310900541506568,3.981239718349126e-05,1.9961598014152725e-06,0.00046877326838176534,0.012739912051221247,0.0005432774008797564,1.1136096244093276e-07,0.00040492397631106266,3.871209595843741e-07,0.983503581433495,1.657373860255352e-05,6.304866227466466e-08,0.0008681060833633368,0.000764053981093709,1.4729271144709726e-06,9.847508491557083e-10,2.8765079257493037e-06,0.00048454769339581494,5.0544841202436863e-08,2.9785521228371052e-05,8.129465568141945e-06,2.4429627921564604e-06,1.875658955507734e-08,3.7208348171831407e-07
16,6.490534681707109e-06,0.0001370106975065037,2.7547051150089602e-05,2.847911866696997e-06,0.0005331054304992312,0.01620589084575707,0.000610110264754345,1.7001063232921144e-07,0.0003110194788704559,8.385518507266396e-07,0.9795732820508208,1.86560686103531e-05,5.564533358775529e-08,0.000984194688831006,0.000776619115828157,2.587181360442609e-06,1.447826549638935e-09,4.907102745236391e-06,0.0007195253290355119,5.279086513112753e-08,7.009848295466715e-05,1.0968948363729325e-05,3.5557394674631735e-06,2.161242333353246e-08,4.4301796469342043e-07
17,6.753682491122515e-06,0.0001009524166975478,4.46439568839246e-05,3.1699788672164557e-06,0.0005894127356283174,0.011690193930694905,0.0005435636292740772,1.178229384100978e-07,0.0002439576331013305,3.4155653034076867e-07,0.9842770099429663,2.7669233271592725e-05,8.853632565200997e-08,0.00152598520554984,0.0004995273479988976,1.4188918519310132e-06,1.2546997370813024e-09,4.244663480709454e-06,0.00039601644168928086,5.6148088297590775e-08,3.2989853793809536e-05,7.760283880306498e-06,3.6977339749223333e-06,1.962479535728557e-08,4.0749452619498636e-07
18,2.064821442563187e-05,0.0002064491335110284,6.0865205185106896e-05,2.8151616900997067e-06,0.0004169540433148211,0.007998066636890407,0.0008865185154924539,1.9251282750194937e-07,0.00029542418239147716,4.895050667305104e-07,0.987502437215508,4.711930696719818e-05,1.096232990293197e-07,0.0011856856791405078,0.0007950487992932487,1.5648896747810909e-06,4.019354122063287e-09,9.035102662826307e-06,0.0004996431031298406,6.360084769045876e-08,4.668729172553194e-05,1.9146090756120368e-05,4.005645640246171e-06,5.789916790501112e-08,9.686220378399248e-07
19,4.239349343705317e-06,0.0001394806283750961,8.200268732714094e-05,2.8056964746199428e-06,0.0009602714443523554,0.013768254229460394,0.00047602982246035903,1.4063858026672128e-07,0.00067268582466328,5.5020447986685e-07,0.9813585714987442,2.396269280052633e-05,1.366370204750603e-07,0.001330882244246871,0.0006225825218413915,1.3129104146655551e-06,1.0061028494224273e-09,2.6896621276630555e-06,0.0005164952415464933,7.082409441687365e-08,2.590510851535944e-05,8.85083057356095e-06,1.7073119599861494e-06,2.1476478184854528e-08,3.495080161154867e-07
20,5.532283012745744e-06,0.00017064756162814173,4.324086650792596e-05,2.3548906560192747e-06,0.0007147686039023387,0.01238493941804084,0.0005224225010202725,2.3339292178443116e-07,0.0005670881274661496,6.282771580601378e-07,0.9823585274425894,2.0526287388673192e-05,7.030183348517571e-08,0.0009713867261150228,0.0013657499951268022,1.683758550035517e-06,2.062633973693684e-09,3.209854426166315e-06,0.0007936518945795039,5.922582177118653e-08,4.9309812292166735e-05,2.035872096697668e-05,3.1241308425773158e-06,2.702426252470522e-08,4.568402565698266e-07
21,8.229069315698287e-06,7.782250531635223e-05,4.983731328423756e-05,2.3584824397612834e-06,0.0004557046542584519,0.016297739466741932,0.0007587203312545498,8.513239533803634e-08,0.00025138841139054,3.789840034177718e-07,0.9798178396022282,3.158965092183218e-05,9.615241135295637e-08,0.0013227090829914811,0.0005149378245856967,2.6644449938370802e-06,8.841687322820556e-10,3.708378720293877e-06,0.0003647206478645163,6.93125736478924e-08,2.9455888970596427e-05,5.996592789435019e-06,3.589462639144461e-06,1.840156903674352e-08,3.3932217165405913e-07
22,9.831394001082412e-06,0.0005793963736092317,8.936923257526122e-05,5.083954389748248e-06,0.0016352354985006588,0.02389913435767117,0.001399105287693306,2.672602648921593e-07,0.0027596525429622373,1.762660469099241e-06,0.961750362764516,1.6585026464650564e-05,2.6391083083961657e-07,0.0021538153030820507,0.0036960215097920517,2.507997831213265e-06,1.3988218667624453e-09,2.0090649130666908e-06,0.0019486431189637116,6.179098374236963e-08,3.2163651627319124e-05,1.3213682173779645e-05,3.661116443768732e-06,5.555280273438286e-08,1.7955486166141668e-06
23,5.621525979300545e-06,0.00011310900541506568,3.981239718349126e-05,1.9961598014152725e-06,0.00046877326838176534,0.012739912051221247,0.0005432774008797564,1.1136096244093276e-07,0.00040492397631106266,3.871209595843741e-07,0.983503581433495,1.657373860255352e-05,6.304866227466466e-08,0.0008681060833633368,0.000764053981093709,1.4729271144709726e-06,9.847508491557083e-10,2.8765079257493037e-06,0.00048454769339581494,5.0544841202436863e-08,2.9785521228371052e-05,8.129465568141945e-06,2.4429627921564604e-06,1.875658955507734e-08,3.7208348171831407e-07
24,4.692406278090203e-06,0.00015564182712048003,4.5630636590649886e-05,3.254579216944929e-06,0.0008247077653785122,0.015920083948273003,0.000502236099836288,1.2114163010494537e-07,0.0004014287082893266,5.746864288742521e-07,0.9793975999396237,1.905552563398351e-05,1.0266747397038717e-07,0.001536996349948482,0.0005886888235203518,1.4060056754001192e-06,9.283819146355482e-10,3.614615038688147e-06,0.0005495907134826514,5.5798763946794274e-08,3.362044997704831e-05,8.011223921357647e-06,2.492576281795234e-06,1.797897522742599e-08,3.746042592042917e-07
25,5.042520554128448e-06,8.508234556198247e-05,3.461523909983989e-05,1.9070140398080382e-06,0.00036329106504500786,0.008560489797305289,0.0005073525968008025,1.0936775614648255e-07,0.00029356466210372044,2.6691108282679607e-07,0.9884548735233101,1.5987496051567452e-05,5.8845949187380116e-08,0.0007037443864669003,0.0005387731494551984,1.0809434891959592e-06,9.267101597959214e-10,2.6385564347081676e-06,0.0003974738636838781,4.810185604307777e-08,2.5102488836532615e-05,6.093532922673048e-06,2.111317616343576e-06,1.690710986820076e-08,2.744407583497751e-07
26,1.1602423254243477e-05,0.00013930100686349877,6.236016723957407e-05,1.8547150200884612e-06,0.00032075174059369757,0.0061395645523630695,0.000644237078326247,1.4381594715330517e-07,0.0003593667577884977,2.9502035956339887e-07,0.9910806822459529,1.908722250443401e-05,1.1258052338799536e-07,0.0004499159007393113,0.0004967611583804199,7.814565226714406e-07,2.2324981780446075e-09,5.714896482915081e-06,0.0002379505607322092,5.9231914692959795e-08,1.9230387356603503e-05,7.773398519579099e-06,2.0007711250985884e-06,6.511852414404683e-08,3.855604678120554e-07
27,7.410946443537834e-06,0.0001464390531359956,4.6002053164710736e-05,1.9834518364057567e-06,0.0004707137540002754,0.018288572406063252,0.0006621273307076542,1.7410942853409562e-07,0.0008999776526112781,6.019958607440524e-07,0.9761963036841541,1.5105205951031047e-05,5.499709222190915e-08,0.0007872523715438695,0.0016437812108974755,2.3611865495331994e-06,1.2690447619024783e-09,2.87707295432745e-06,0.0007718284624993505,6.802837332871666e-08,3.831391867271957e-05,1.4452163213138786e-05,2.881172205922641e-06,2.3559306035042674e-08,6.929442898569899e-07
28,5.621525979300545e-06,0.00011310900541506568,3.981239718349126e-05,1.9961598014152725e-06,0.00046877326838176534,0.012739912051221247,0.0005432774008797564,1.1136096244093276e-07,0.00040492397631106266,3.871209595843741e-07,0.983503581433495,1.657373860255352e-05,6.304866227466466e-08,0.0008681060833633368,0.000764053981093709,1.4729271144709726e-06,9.847508491557083e-10,2.8765079257493037e-06,0.00048454769339581494,5.0544841202436863e-08,2.9785521228371052e-05,8.129465568141945e-06,2.4429627921564604e-06,1.875658955507734e-08,3.7208348171831407e-07
29,5.621525979300545e-06,0.00011310900541506568,3.981239718349126e-05,1.9961598014152725e-06,0.00046877326838176534,0.012739912051221247,0.0005432774008797564,1.1136096244093276e-07,0.00040492397631106266,3.871209595843741e-07,0.983503581433495,1.657373860255352e-05,6.304866227466466e-08,0.0008681060833633368,0.000764053981093709,1.4729271144709726e-06,9.847508491557083e-10,2.8765079257493037e-06,0.00048454769339581494,5.0544841202436863e-08,2.9785521228371052e-05,8.129465568141945e-06,2.4429627921564604e-06,1.875658955507734e-08,3.7208348171831407e-07
30,5.621525979300545e-06,0.00011310900541506568,3.981239718349126e-05,1.9961598014152725e-06,0.00046877326838176534,0.012739912051221247,0.0005432774008797564,1.1136096244093276e-07,0.00040492397631106266,3.871209595843741e-07,0.983503581433495,1.657373860255352e-05,6.304866227466466e-08,0.0008681060833633368,0.000764053981093709,1.4729271144709726e-06,9.847508491557083e-10,2.8765079257493037e-06,0.00048454769339581494,5.0544841202436863e-08,2.9785521228371052e-05,8.129465568141945e-06,2.4429627921564604e-06,1.875658955507734e-08,3.7208348171831407e-07
31,1.016503749702461e-05,0.0002558539391780294,0.00011103874077192658,4.462414070055053e-06,0.0011329510558685733,0.010182301588806196,0.0007436954229678684,3.338729180316941e-07,0.0006422712783605424,8.782220758798864e-07,0.9839599699595524,3.149269960699831e-05,1.7783089443686993e-07,0.0014458068001623552,0.0006701589663676892,1.5683384177210838e-06,2.622366007055341e-09,6.001131860360534e-06,0.0007392248004452135,8.757047264907824e-08,4.466763358086929e-05,1.3651634224311517e-05,2.5208856899165353e-06,6.49580591207254e-08,6.525957858800281e-07
32,5.8550286874337514e-06,0.00011790973248522765,4.123529633914023e-05,2.0245780206433494e-06,0.00048658475753981774,0.013415766094296405,0.0005703183509382514,1.2629800540032688e-07,0.00048067460930864054,4.290856311927013e-07,0.9824071228067623,1.6920086052750047e-05,6.185122104103337e-08,0.0009042336225541611,0.0008896552272881246,1.7101549134793563e-06,1.0404193172135462e-09,2.7477903139975538e-06,0.000610968601173299,5.415957821370434e-08,3.339754737795732e-05,9.302886517551004e-06,2.4743770617970767e-06,1.8326744593725452e-08,4.0769076923669367e-07
33,8.053444283933923e-06,0.00020941557632370186,3.569823588898014e-05,2.1419039334373595e-06,0.0007955737737197097,0.013558189669522951,0.0005014067783758676,1.3211238199899552e-07,0.00018590675658042248,4.5118900289625105e-07,0.981779608669975,2.9598863380469318e-05,1.1481675955649059e-07,0.0016386304743874545,0.0006778332857405613,1.4858352598221845e-06,2.257982139247042e-09,6.046438495785322e-06,0.0005067767045768808,5.8846142014354563e-08,3.2638030760884754e-05,2.574559515005052e-05,4.2069349289885586e-06,2.6084010160976087e-08,2.5772243649009867e-07
34,9.715788130862089e-06,0.00017753344644601358,9.920657806937908e-05,1.656688111747279e-06,0.00035255242030388583,0.014379055664827249,0.001128066696835781,2.0575101173597392e-07,0.004808022178733506,6.232055962426921e-07,0.9742687587915,1.1709915782949976e-05,8.161793393461263e-08,0.0007093182214978955,0.002309818340427728,2.285059931376549e-06,6.933230351117237e-10,1.37894787265471e-06,0.00170114900329585,8.031615349632821e-08,2.7703792792885616e-05,8.972536212831385e-06,1.0073016865201698e-06,2.307864393427703e-08,1.0739648785507924e-06
35,2.3167941768106927e-05,0.0002572701023221915,8.238062444002095e-05,5.203586052915668e-06,0.000460996855662513,0.008203447393200914,0.0009548561737252839,8.032447577128588e-07,0.001762825360215795,1.3889321025296577e-06,0.9851986866334784,3.3349601198859056e-05,1.2776837979701007e-07,0.000608307478713392,0.0007169221942774125,1.4916964432211279e-06,4.125129811647974e-09,1.0813719355256746e-05,0.001595293524793362,1.1881894489509717e-07,6.032888577037978e-05,1.8666404693661968e-05,1.5186924019794672e-06,7.575717724383508e-08,1.954484994460114e-06
36,2.2886596223395336e-05,0.00031888406618641135,0.00023038292356027248,6.826998204591487e-06,0.0020041375553413814,0.013114746483027722,0.0010388674778158682,6.69143421080829e-07,0.0016795499952575994,1.3878164186325472e-06,0.972020285839557,0.0001303717986897578,2.4797798222259064e-07,0.003921882708887985,0.0022791026251087016,4.7911346619849375e-06,7.2114668009192755e-09,4.208868300498281e-06,0.0030697227910454015,1.402004797966809e-07,9.841210895846664e-05,4.558691606600161e-05,4.370969152886411e-06,5.677530659349975e-08,2.4730188789708623e-06
37,1.7503256412246685e-05,0.00010939166859703614,5.518604660676645e-05,1.5103231485809956e-06,0.00028007354474379666,0.006004547970226874,0.0007331447857078735,6.843393892003741e-08,0.0001531423465821267,1.4314369256647355e-07,0.9907688009405302,3.307088364820886e-05,8.801468195194922e-08,0.001172662171742248,0.0003446804120560459,9.828504909643698e-07,1.23719601144411e-09,4.806010871946645e-06,0.00029281011888973796,4.4721120746024565e-08,1.7543944653459458e-05,7.328298609618311e-06,2.1175690861249058e-06,2.4644861792757725e-08,3.266619042257179e-07
38,5.613932411567414e-06,0.00016119011321205404,5.855767291519624e-05,3.0889668033706057e-06,0.0007497037339831456,0.011132958761825884,0.0004980869746229237,1.7768467647152215e-07,0.0005800494916234224,5.430810422169981e-07,0.9843533288977357,2.026220075436292e-05,9.658245905227163e-08,0.0010617157300860983,0.0007302437900394838,1.1670861548922342e-06,1.4195046095735586e-09,3.3534385963232263e-06,0.0005935590825482075,5.843100264283258e-08,3.415821288349872e-05,9.46856271997065e-06,2.098749080842493e-06,2.6469170244087395e-08,4.909341479344165e-07
39,4.870476277014538e-06,5.0270413654211095e-05,4.459470321349574e-05,3.0118586668677667e-06,0.0006998511884861221,0.021429626252927582,0.00044926749291124496,2.00065089190703e-07,0.0004354465833661514,5.802140025860621e-07,0.9741274976606519,2.7095587599876726e-05,3.347981198824176e-08,0.0009729915653531747,0.000774720997084985,4.5418160296146705e-06,1.006821034920505e-09,2.7782566558815785e-06,0.000881214019616622,7.680355017789628e-08,7.948051329384417e-05,7.628764328658243e-06,3.7323579819341596e-06,1.23066128565836e-08,4.756160128952401e-07
40,5.783889679871517e-06,0.00011438214648729207,3.989452450119508e-05,1.9442101436485287e-06,0.0004647113249599407,0.012669354747247364,0.0005434296748486767,1.0925427127892603e-07,0.0004000787749817233,3.773393026855608e-07,0.9835527130572015,1.688729678439194e-05,6.269314888310142e-08,0.0008850921983803956,0.0007717895709572728,1.4712527143260325e-06,9.917108718616564e-10,2.8828401457893204e-06,0.0004880931680523311,4.9990949634704844e-08,2.9651985976917178e-05,8.40427611273207e-06,2.4431535686050817e-06,1.8550638771627426e-08,3.7308723385341813e-07
41,5.330121721450378e-06,0.00013255917925128152,5.2099104750730365e-05,2.2198803373283454e-06,0.000617351567640523,0.0156275409243392,0.0005610838097801195,1.239383029900919e-07,0.0006255541146758956,4.98861205803703e-07,0.9797409975382767,1.5770957042807037e-05,7.016993404381227e-08,0.0010096382077912555,0.0009749948496716123,1.742115911913147e-06,9.177333608027005e-10,2.489742753612743e-06,0.0005861582808610844,5.482321004010126e-08,3.2523287466196416e-05,8.428419789504103e-06,2.301747370677267e-06,1.9980368667453385e-08,4.474598132598112e-07
42,7.139919596740831e-06,0.00012271492106400223,3.7592110336801993e-05,1.6628119573600039e-06,0.0004647051249639701,0.014183505367931544,0.0006915858932869207,3.302206943680683e-07,0.0007152159927126403,6.760148581479924e-07,0.9788027570731117,1.9036406656869096e-05,3.142257454675081e-08,0.0007258453799357669,0.0022699344132331364,4.789851429763257e-06,2.0994702570644252e-09,1.99949498942286e-06,0.0018422483427505568,8.321036342494492e-08,7.535005708937601e-05,2.889224380291873e-05,3.3976801721125963e-06,1.7480864051851286e-08,4.864661534557336e-07
43,3.5625871457964234e-06,0.00013366650437828057,2.8051655014399246e-05,3.592102981668824e-06,0.0012824162335431655,0.03988292913178478,0.00043689111837568937,3.3868687235573134e-07,0.0007814968090250885,2.2909659139888077e-06,0.9532574393983236,1.4295555432142856e-05,3.5991722731789145e-08,0.0008592354293251362,0.0017210398236318447,5.553774365915232e-06,1.6219487250719905e-09,3.7727426130528813e-06,0.0014170332344266194,6.183226866168569e-08,0.00014131332363999957,1.9517790440450398e-05,4.882266326153595e-06,2.1228552230334375e-08,5.601919473567373e-07
44,5.621525979300545e-06,0.00011310900541506568,3.981239718349126e-05,1.9961598014152725e-06,0.00046877326838176534,0.012739912051221247,0.0005432774008797564,1.1136096244093276e-07,0.00040492397631106266,3.871209595843741e-07,0.983503581433495,1.657373860255352e-05,6.304866227466466e-08,0.0008681060833633368,0.000764053981093709,1.4729271144709726e-06,9.847508491557083e-10,2.8765079257493037e-06,0.00048454769339581494,5.0544841202436863e-08,2.9785521228371052e-05,8.129465568141945e-06,2.4429627921564604e-06,1.875658955507734e-08,3.7208348171831407e-07
45,5.333974816928763e-06,0.0001092366109027217,6.231036465491091e-05,1.844676593569687e-06,0.000517641967719457,0.012112545355762247,0.0008010353367569425,1.5775054544472473e-07,0.0007693092176031422,4.156643110298207e-07,0.9829549163330823,1.5426082094925284e-05,8.423444491545557e-08,0.0008367862897683337,0.0011226585723161442,1.9402645161798195e-06,8.740036826504387e-10,1.6220023195224532e-06,0.0006520768850738414,7.32346352508328e-08,2.3159102072030156e-05,8.90256652555497e-06,2.1650728786611434e-06,2.2463679239779495e-08,3.3510292338454374e-07
46,1.517337534377146e-05,0.00013754850660858102,4.3377581353635155e-05,2.740116857792202e-06,0.0004026048302430478,0.004030869356054225,0.00039287530102737105,3.308534007437281e-07,0.00019026276338299548,3.1610327001240504e-07,0.9931072182785967,4.9898261814654384e-05,9.140558453464646e-08,0.0004908836694869018,0.000660726050783752,9.161616798341328e-07,1.0727231085179112e-08,7.6228541045529286e-06,0.0003902883275512287,7.077965916435879e-08,4.879250715811203e-05,2.2991549219764354e-05,3.8002959781530566e-06,6.593517585686577e-08,5.244084337277609e-07
47,1.9874819203628618e-05,0.00012086077964459166,3.949018414946487e-05,1.154094233936166e-06,0.0002320430626184401,0.010167249099992936,0.0007238096656351239,1.0384720410704056e-07,0.00023630098884598865,2.7064053084394875e-07,0.9863577395364935,4.044060305926402e-05,6.209406396999884e-08,0.0007394862115865824,0.0007977816992835381,2.1020320636261394e-06,2.2022461398991076e-09,5.622950328680065e-06,0.00046190304297767724,6.397379735122525e-08,3.083959145045168e-05,1.928970493721647e-05,3.00238872233227e-06,2.562481678682708e-08,4.811621137899903e-07
48,1.7982214415543593e-05,0.00045528571190662847,4.294739555741467e-05,3.7465844034517673e-06,0.0007077690277144086,0.010212542781278276,0.0013723393647899465,5.946399509879521e-07,0.0005816831117240223,1.3653907409520898e-06,0.9806769875926562,2.781811197798344e-05,1.4237770299279065e-07,0.0013681675819467657,0.0021252026411238967,3.267485453518069e-06,7.07220570595555e-09,5.991589169539251e-06,0.0022617524855968255,9.547449199067997e-08,7.510943132415063e-05,5.2074310260549806e-05,6.214720890287867e-06,6.960538886664697e-08,8.432973288959508e-07
49,4.598565525795019e-06,7.86989308519084e-05,3.7975233491876104e-05,1.6256670676336258e-06,0.0005165213264143552,0.015971214959944396,0.00037833661687855307,8.036638704281095e-08,0.0002837703025358079,2.8845489904893415e-07,0.9807009574023682,2.376607495484206e-05,6.151208433419262e-08,0.0010091510057963912,0.000585730879056055,1.5387366356194634e-06,8.38272849341703e-10,3.001409028715965e-06,0.0003648235573104171,5.486640853883859e-08,2.5775086238097802e-05,9.197669922634589e-06,2.568016708282066e-06,1.1941260004359157e-08,2.505799586580583e-07
50,5.91329306282736e-06,0.0001198382903727872,4.177250730008073e-05,2.1072032404408334e-06,0.0004935241734392395,0.013469208740822853,0.0005948790766359288,1.1951849481354417e-07,0.0004415315593805075,4.3209730065460274e-07,0.9824867557483811,1.670962331527969e-05,6.628077621640853e-08,0.0009342331601870329,0.0008046679905421992,1.6324824637823817e-06,9.935645143445237e-10,2.911435686104731e-06,0.0005409782559526848,5.3131938840245966e-08,3.112344872144421e-05,8.601150957793852e-06,2.5241426825572915e-06,1.946800032880941e-08,3.962267799376556e-07
51,4.633216646776992e-06,0.00012876719424991762,2.6283193966806093e-05,2.383885916205054e-06,0.0004273036813619572,0.008184789296577562,0.0005082923729188477,1.207873895965006e-07,0.0002456327747414497,3.917331453431588e-07,0.9886957531079885,1.497162003571355e-05,7.62950959624332e-08,0.0009133053502982009,0.0003944599297700922,6.791995946349381e-07,9.193411288638315e-10,4.68047133572178e-06,0.0004072740492170849,3.570662264329603e-08,3.060633256129976e-05,7.427565371919106e-06,1.8760932137753638e-06,1.837976148017968e-08,2.3684287723200706e-07
52,3.892211763268651e-06,6.576505803934032e-05,1.7373544612018986e-05,1.0067733916590803e-06,0.0002206987727477219,0.018106979885063778,0.000388266937932066,4.057534149087749e-08,0.00020471227436098195,2.2708280487557348e-07,0.9798918415838552,9.434619971751173e-06,4.7815319206539165e-08,0.0004594748593208559,0.0004366054991613867,1.028136899306871e-06,4.692383777211362e-10,4.020703018530465e-06,0.00016592403553032626,4.087396104888842e-08,1.5080196458057795e-05,5.099449784377597e-06,2.2693299579422252e-06,1.1726086477796555e-08,1.5758537994021958e-07
53,5.420031411876204e-06,8.538550923186997e-05,3.070504857287856e-05,1.444447445498391e-06,0.0002596956861176431,0.011745726654298454,0.0006574434133559651,7.849132412422156e-08,0.000344613662918706,2.682993336984898e-07,0.9850522573483207,1.153784329519468e-05,4.889969880942569e-08,0.0006249590236170289,0.0007879843930612383,1.4798236681056196e-06,7.201032707930211e-10,2.347493401827535e-06,0.0003584305534229532,4.8414905768918715e-08,2.132781632030784e-05,5.9327113240295834e-06,2.5337380413570225e-06,1.6226510528907545e-08,3.1375029796146454e-07
54,1.8239133740314744e-05,0.0002691200330706622,8.212504549289709e-05,2.558952502231629e-06,0.0004701894333451076,0.025402174421951144,0.001931628130454739,1.0745359234751391e-07,0.0009125029390124232,7.919232994165593e-07,0.9650425848457314,2.678755450103701e-05,1.2110464319480064e-07,0.00265602748244245,0.0021059581899407504,5.305774168535167e-06,1.0233249352633657e-09,3.0868536498709544e-06,0.0010142928477592389,8.685225002618141e-08,3.660050509710809e-05,1.402582119312556e-05,4.250380183749739e-06,2.6842362876996757e-08,1.4064562901970737e-06
55,9.796271414504733e-06,0.0001154958481229584,7.006340263608196e-05,1.9061643958172836e-06,0.0002626705172982687,0.006550144556447748,0.0005621581895443766,1.0536756895362722e-07,0.0006493092874380774,2.543875451205033e-07,0.9905211119749947,2.740300192605964e-05,1.3376408880304246e-07,0.000524730799619548,0.00038658861114908196,5.707320052469597e-07,1.0498142525059654e-09,4.4211786827171604e-06,0.00029235120806232805,6.418205046139172e-08,1.4363707701812096e-05,4.874266575169887e-06,9.133993594478089e-07,2.955481856270512e-08,5.385767399427798e-07
56,5.572748334841171e-06,0.00011959668593321806,4.2263412535329944e-05,2.05298798628144e-06,0.0004806109393350487,0.012041236909840294,0.0005472371163075737,1.1260887195514066e-07,0.0004135806252128453,3.830047308721863e-07,0.9842288683961059,1.6619012418952363e-05,7.61932007761983e-08,0.0008730611614134157,0.0007293720979377994,1.3464619504762724e-06,1.0358746328355321e-09,2.9605311153232004e-06,0.0004569650265775727,5.356742694857996e-08,2.7348343701032505e-05,7.94639725007054e-06,2.3626399433777125e-06,2.0666576883523163e-08,3.514294187710696e-07
57,7.60204329296448e-06,0.00017158917591350356,0.00012218653485428997,4.154296565485055e-06,0.0016234251296822497,0.016982609477321945,0.0005146095116319873,3.8292446661748463e-07,0.001093095060010276,1.173481606404184e-06,0.9747025113202115,5.9413299399887724e-05,1.2810893433550085e-07,0.0018567190310248927,0.00116253478161033,3.4856665064727674e-06,2.9766589701656083e-09,3.630081412068271e-06,0.0015809933240610791,1.0898676541089412e-07,8.173165576808454e-05,2.4473478988032503e-05,2.6277328614108236e-06,2.8723226097985358e-08,7.831972258731232e-07
58,6.16188263497948e-06,0.00012491802573770075,4.231026136108346e-05,2.002264793823497e-06,0.0004638331294680179,0.011104279351231566,0.0005664324858094202,1.2326293760512708e-07,0.0003845904902390989,3.9559387224946833e-07,0.985265154313582,1.6880803528478687e-05,7.154057231915673e-08,0.0007840153349696608,0.0007573508930802577,1.350047174391606e-06,1.2447000680807763e-09,3.2930517160175146e-06,0.0004354745319886308,5.153792951096623e-08,2.9737481656631178e-05,8.62742417869557e-06,2.5492274778646526e-06,2.540178650722149e-08,3.704175734008909e-07
59,6.407391896624572e-06,0.00011998553821371181,5.0168479080161126e-05,1.9377528361188852e-06,0.0004539777670138105,0.010393624410800516,0.0005700065990043179,1.2214367990296252e-07,0.0003917126065580158,3.72144691793535e-07,0.9861140713941879,1.756564736426097e-05,7.423163837460318e-08,0.0007384458231679145,0.0007121572098676955,1.336828927147447e-06,1.2534171773327514e-09,3.39312721293651e-06,0.0003855959907908423,5.473635510042003e-08,2.8311440987862503e-05,7.918337776625051e-06,2.3556155974922164e-06,2.8819098643716237e-08,3.7470983513589567e-07
60,5.621525979300545e-06,0.00011310900541506568,3.981239718349126e-05,1.9961598014152725e-06,0.00046877326838176534,0.012739912051221247,0.0005432774008797564,1.1136096244093276e-07,0.00040492397631106266,3.871209595843741e-07,0.983503581433495,1.657373860255352e-05,6.304866227466466e-08,0.0008681060833633368,0.000764053981093709,1.4729271144709726e-06,9.847508491557083e-10,2.8765079257493037e-06,0.00048454769339581494,5.0544841202436863e-08,2.9785521228371052e-05,8.129465568141945e-06,2.4429627921564604e-06,1.875658955507734e-08,3.7208348171831407e-07
61,5.8928705273197645e-06,0.00011372062980586427,5.072868680203835e-05,1.8766878753513217e-06,0.00046028541034083396,0.01033382845151898,0.0005288622676683003,1.1124131852263035e-07,0.00039597060737320776,3.3860418825794226e-07,0.986198684501137,1.7731956667762133e-05,7.105460761767031e-08,0.0007697312966754849,0.0006905780523904044,1.2684388927466507e-06,1.121765125013443e-09,3.017236203079232e-06,0.00039022357082553894,5.271082027892386e-08,2.701290455963431e-05,7.480506471587791e-06,2.1467509581001495e-06,2.4384057694517988e-08,3.6005654934723595e-07
62,5.621525979300545e-06,0.00011310900541506568,3.981239718349126e-05,1.9961598014152725e-06,0.00046877326838176534,0.012739912051221247,0.0005432774008797564,1.1136096244093276e-07,0.00040492397631106266,3.871209595843741e-07,0.983503581433495,1.657373860255352e-05,6.304866227466466e-08,0.0008681060833633368,0.000764053981093709,1.4729271144709726e-06,9.847508491557083e-10,2.8765079257493037e-06,0.00048454769339581494,5.0544841202436863e-08,2.9785521228371052e-05,8.129465568141945e-06,2.4429627921564604e-06,1.875658955507734e-08,3.7208348171831407e-07
63,5.789003035287913e-06,0.00012976973258173335,3.934699481227205e-05,1.870962859444249e-06,0.0004285220228813393,0.01133483307666773,0.0005497258058234412,1.1079778043668103e-07,0.0004163347227655453,3.733792275687358e-07,0.9850113599774484,1.5127761674187785e-05,6.828898350494912e-08,0.0007840726648381,0.0007829639455486955,1.2613704009349127e-06,1.055464140319598e-09,2.935449727514541e-06,0.0004573837331957547,5.01431048381996e-08,2.7128405771431025e-05,8.348939459835121e-06,2.232680001944019e-06,2.1164063153880678e-08,3.679218826072399e-07
64,5.019679224677929e-06,0.00010102152016934741,3.2292446135227856e-05,1.9023475311065122e-06,0.00045788869074269627,0.01189164829873639,0.0004511801886407189,1.1644605779193407e-07,0.0003379425311195255,3.8446065152175183e-07,0.9845826513770483,1.6307874454264568e-05,4.4809114840692334e-08,0.0007612571583943608,0.0007886315061986349,1.5012516140639651e-06,1.0629833428354392e-09,2.912854704154612e-06,0.0005141743083730829,4.2135538434426906e-08,4.210949263299061e-05,8.069901273850607e-06,2.516115386367638e-06,1.7230126896366426e-08,3.663131474889359e-07
65,5.747084820098964e-06,0.00011701923799296168,4.056880323336457e-05,1.9765098376758616e-06,0.00045532904796594304,0.012249687749656539,0.0005608848676534183,1.1405885106700715e-07,0.0004239089263427687,3.857440828966484e-07,0.9839671780552808,1.607811284653083e-05,6.430310226036877e-08,0.0008437617941584088,0.0007839887639983975,1.4370808682635855e-06,9.999016250824324e-10,2.8203572627835913e-06,0.0004891227243827041,5.0954541674227616e-08,2.8945331530119975e-05,8.1512420183193e-06,2.3802141988285885e-06,1.9565561632058576e-08,3.7846991093422325e-07
66,5.025458527207457e-06,0.00010194964827119582,2.330167086070306e-05,1.228953826719083e-06,0.0002833149336057444,0.00738054171304289,0.00035593414465521475,7.036997058385455e-08,0.00019118252454150322,1.770028884243229e-07,0.9901283208992495,1.2171187011048168e-05,3.502627746264445e-08,0.0005070406743515042,0.0007439239235097604,6.449424695625464e-07,1.1346317553038908e-09,2.957353996933014e-06,0.0002273470083479725,2.5809810460230246e-08,2.4955985658076792e-05,7.085924884772713e-06,2.4553099286251116e-06,1.9808110010281746e-08,2.885915723299965e-07
67,4.511006796059151e-06,4.716156516682522e-05,2.823455573742298e-05,1.3054598859892927e-06,0.0002843245407205561,0.022107460788141416,0.0005148972919633643,3.090342366547049e-08,0.0001386103420078306,1.556693212059632e-07,0.9747131166733335,1.8767848338798774e-05,4.209929509868594e-08,0.0012215052059040602,0.000683218450730094,2.53246321766375e-06,4.785852023225998e-10,2.400080250649958e-06,0.00020083561104967655,5.327345064800221e-08,2.0666905825068523e-05,4.667455918200822e-06,5.23656883586651e-06,7.842723912301103e-09,2.569193773369546e-07
68,3.962725850120229e-06,1.5813814380552505e-05,2.471900969720348e-06,3.2621022765820033e-07,2.9052460686941105e-05,0.008163897967226379,0.00012025927659449582,8.957909404565328e-09,1.3022785373882666e-05,2.8663644329733767e-08,0.991342136725956,8.380127635855425e-06,6.8414184549556896e-09,7.48558500561769e-05,0.00018075860074216014,3.275413829005839e-07,6.262373047541375e-10,8.162067564559869e-06,1.856479051399928e-05,1.403509977868224e-08,1.186352749241137e-05,2.197950058885467e-06,3.785120171433987e-06,6.752757656389112e-09,9.468004885079567e-08
69,9.178407125014739e-06,0.00013990374029386506,8.809594897634469e-05,3.8018118154680263e-06,0.0004115435805353843,0.010995662970425014,0.000915771730092545,2.734339164787986e-07,0.0008604913590178925,7.709171802709146e-07,0.9843294175538301,1.9259998355572278e-05,9.68303507896989e-08,0.0005904581711908552,0.0009583708249568399,2.6095235548399694e-06,1.9936859083643e-09,4.195648007708348e-06,0.0006157205562708985,1.2953539316673115e-07,4.4505171249540104e-05,6.2731007172631385e-06,2.396088165035656e-06,5.345714589463796e-08,1.0176477475361355e-06
70,4.6949675765576866e-06,0.00011910819347851278,2.9507691708453577e-05,1.8840380722709122e-06,0.0004113966915187438,0.010113511727946846,0.0005088558438943496,1.6208896631603326e-07,0.00045027550312974515,4.5516082195074744e-07,0.9864029800293099,1.1819842720132692e-05,5.010665904199661e-08,0.0005097266765094168,0.0008345990231921576,1.1983016622880258e-06,1.165487663743313e-09,2.745888063965708e-06,0.0005530306210046462,4.587457940252095e-08,3.280630246287369e-05,8.673135982162225e-06,2.12328829670292e-06,2.2515740651824326e-08,3.2532121530452186e-07
