,0,1,2,3,4,5,6,7,8,9,10,11,12,13,14,15,16,17,18,19,20,21,22,23,24
0,0.10373321441497355,0.0004811255686415826,0.01908282309884853,1.0541923730612295e-05,0.027531493950322818,5.1357242803645967e-05,0.01610589979543713,0.00016217605722760895,0.018005490872740934,3.1792429302956633e-06,0.5499547595571496,0.018681727297489764,0.00039749830124048805,0.012735287804713459,0.005032967707418004,0.00014253946089918252,0.00667490419322889,2.6475903912912083e-05,1.9391849474893823e-05,7.100587798565408e-06,0.002531187669652229,0.0004957399406825602,0.00015622613965243535,0.0012096489532025323,0.21676724246582774
1,0.11056342497366421,0.0005052144686311346,0.03278971361635876,1.4434844682634243e-05,0.03231810672742527,6.393616913732735e-05,0.023450112632085532,0.0001972252434564743,0.02451913057217236,5.105950483737319e-06,0.45769070179515214,0.021253761034480595,0.0005517918322522064,0.013913138003274553,0.005381190306240481,0.0002890960572260662,0.007859895732154178,3.853876859221066e-05,2.8109513125480587e-05,1.144316045376667e-05,0.0035064609161465712,0.0004284131589094832,0.00021343221389573082,0.002073032153473306,0.2623345901565257
2,0.07463404054602533,0.00048131569886529285,0.019238803621684876,9.39464256672487e-06,0.034895643108194124,3.645543518408451e-05,0.013290475965934336,0.0001515707268447583,0.018087019703232336,3.066021304947478e-06,0.50094034623722,0.02053244687303771,0.0003051123500201412,0.0174445759475396,0.0056742604144083475,0.00013695761873014887,0.006236457975244133,1.9700389410078325e-05,1.3603308181558323e-05,8.193990294716966e-06,0.0022348102806470996,0.0004208806069008853,0.0001359418085097018,0.0012394035867774069,0.28382952314324184
3,0.11307454328508681,0.0005061829362160092,0.020347221896371157,1.1623028992023995e-05,0.0299473839647883,4.337782467240528e-05,0.01670567169970483,0.00015933601522678258,0.01394784082648381,2.6358067105510146e-06,0.5522516209681413,0.021430967218210945,0.0004078650551355788,0.011067156360832702,0.0045109264552743635,0.00015466310663056333,0.008565840113006174,2.5858807358630995e-05,1.815386873992974e-05,6.5051793217335354e-06,0.0026228142231140986,0.0004392421802140273,0.000154754458583226,0.001263334018596753,0.20233448070258728
4,0.11531248113007136,0.0005481347112043455,0.02192376752186517,1.1602566647750808e-05,0.03075815078658954,3.504939799977346e-05,0.01743192131799873,0.00016298990620782882,0.014226652113782809,2.5951309131080036e-06,0.555862077139126,0.02216141719238209,0.0005029221161643837,0.01327499715955181,0.003864978378231686,0.00013762524658231216,0.008043039723629467,2.7824982540091127e-05,1.7587183708160178e-05,7.227431410544089e-06,0.0029779074964782913,0.0004722308687840461,0.0001397737264208159,0.0013270009086489083,0.19077004586306107
5,0.1255075519725011,0.0004981969737797735,0.025154794565092106,1.7314221378020916e-05,0.03770669412156198,4.955275943486943e-05,0.01735829148081683,0.0001781731359497058,0.015470060916429874,3.4777952499859434e-06,0.5643841369114486,0.018796178938720702,0.0004807493350638568,0.013276002625225864,0.003762048841948834,0.00015875725515585666,0.009077930484538442,4.776734565258092e-05,2.073092178580251e-05,9.025379917817176e-06,0.0033961241702112105,0.00037084348250188565,0.00023599963081264737,0.001615391335174182,0.1624242053996474
6,0.11307454328508681,0.0005061829362160092,0.020347221896371157,1.1623028992023995e-05,0.0299473839647883,4.337782467240528e-05,0.01670567169970483,0.00015933601522678258,0.01394784082648381,2.6358067105510146e-06,0.5522516209681413,0.021430967218210945,0.0004078650551355788,0.011067156360832702,0.0045109264552743635,0.00015466310663056333,0.008565840113006174,2.5858807358630995e-05,1.815386873992974e-05,6.5051793217335354e-06,0.0026228142231140986,0.0004392421802140273,0.000154754458583226,0.001263334018596753,0.20233448070258728
7,0.2165103922812514,0.00028726502253315414,0.014635345282545629,6.294194476903869e-06,0.012411267639300368,1.9947364137378735e-05,0.013313632444672742,0.00015725395320023415,0.004847649062325268,9.40720061559299e-07,0.6532939916478756,0.014710547731988271,0.0006780226534144303,0.003665000175942462,0.0020646039915871058,6.337253925906324e-05,0.004540854370975759,2.0758499444532068e-05,1.234300197071198e-05,3.0277185465242532e-06,0.0016071340856733105,0.0004985174185625835,3.85769262629941e-05,0.0004209085987790305,0.05619235267521291
8,0.14127355155181034,0.0005944899092113617,0.05527246615119402,1.5268952037929584e-05,0.03398676648367396,3.623205543578394e-05,0.005792849610390451,8.409993955550166e-05,0.017073280480600677,5.242682861422513e-06,0.31544077264661896,0.018613108810426,0.00033463123384915814,0.016522315605677414,0.004325496942822053,0.00020350324080565738,0.011174007798605973,1.879176167204451e-05,6.980771336022499e-06,1.0221936737001393e-05,0.0016104311827496848,0.0002272000637151168,0.0002941270198039083,0.0038677723224161574,0.3732163908459935
9,0.07564767658868526,0.0008568991815024018,0.06633758883552307,1.6818996441319082e-05,0.031161618268089716,3.572962703594841e-05,0.007015071886393347,0.00012852111229357945,0.02175112197868918,1.124912322664194e-05,0.2569300724530594,0.017331555653752228,0.0003886365080943705,0.030849114880843014,0.0045246481012427755,0.00036193157305247333,0.011700580323720329,2.7498019323633002e-05,1.1501317830938861e-05,1.9926336759060174e-05,0.002558817018024844,0.00023965686828358992,0.0003227825317550317,0.004369463179655909,0.46740151963672183
10,0.11307454328508681,0.0005061829362160092,0.020347221896371157,1.1623028992023995e-05,0.0299473839647883,4.337782467240528e-05,0.01670567169970483,0.00015933601522678258,0.01394784082648381,2.6358067105510146e-06,0.5522516209681413,0.021430967218210945,0.0004078650551355788,0.011067156360832702,0.0045109264552743635,0.00015466310663056333,0.008565840113006174,2.5858807358630995e-05,1.815386873992974e-05,6.5051793217335354e-06,0.0026228142231140986,0.0004392421802140273,0.000154754458583226,0.001263334018596753,0.20233448070258728
11,0.12012318691619465,0.0005058753392608048,0.020488456566091565,1.172335810223102e-05,0.030119685720624175,3.870037747815468e-05,0.0175814668314785,0.00015611048847093484,0.013592984364343556,2.405330303047851e-06,0.5553195338143138,0.022554515945754038,0.0004819537201066855,0.010731048013043152,0.004234589612600047,0.00015121257814690046,0.008302981081432279,2.5910796523150596e-05,1.823686104716143e-05,6.794894439476845e-06,0.002689831395188312,0.0004656625293140975,0.00014195011309337387,0.0013627345762709524,0.19089244877637895
12,0.048553659982345905,0.00019400708026062977,0.026265393130314764,2.8247161646613117e-06,0.1252160606533612,2.558138300521978e-05,0.005578890258249753,3.5138806846237197e-05,0.014168121511305502,1.553725456383743e-06,0.4595422222594751,0.009822244167439174,0.00010234220839394791,0.02023530972946917,0.001401731311619645,3.5087108804049664e-05,0.006890979672200078,1.2319626689217478e-05,1.940236005123613e-06,8.803940022926376e-06,0.0028393674174245548,0.0001175408139616785,0.00022645907853505818,0.0020184718173766065,0.2767039493652733
13,0.08886003256644504,0.00039733234578179385,0.013038651237207844,6.146802557558985e-06,0.02389257537793835,2.001412886513568e-05,0.011468911641477987,0.00013670064811348675,0.00884036875096179,1.2708946474764422e-06,0.629561731796133,0.0218211257659473,0.00030504195024884135,0.010526128941321785,0.0036888447481698704,8.148986198046065e-05,0.005735576076235291,1.4675557339894963e-05,1.0716072058700902e-05,4.1703744702947495e-06,0.0019206648267343011,0.00043191158122411944,6.848617158368245e-05,0.0006988997812035533,0.17846853210135255
14,0.038726119945697905,0.0009530174509450622,0.003727070509782599,9.57182715579264e-06,0.06900470220663553,5.568218187129875e-06,0.0069120141815688955,4.680178824320416e-05,0.0017329673243873845,6.556598385072226e-07,0.8343514584026717,0.005737348503890107,0.0003816176230035612,0.004994761351795939,0.0004504424203049476,1.1909901072025438e-05,0.0073938501588796755,2.7133916027829527e-05,2.3407362654050993e-05,1.6074599947506033e-06,0.0065507574927082856,0.0002268480313800478,4.454316292900027e-05,0.0004427741099795065,0.018243050990266487
15,0.11307454328508681,0.0005061829362160092,0.020347221896371157,1.1623028992023995e-05,0.0299473839647883,4.337782467240528e-05,0.01670567169970483,0.00015933601522678258,0.01394784082648381,2.6358067105510146e-06,0.5522516209681413,0.021430967218210945,0.0004078650551355788,0.011067156360832702,0.0045109264552743635,0.00015466310663056333,0.008565840113006174,2.5858807358630995e-05,1.815386873992974e-05,6.5051793217335354e-06,0.0026228142231140986,0.0004392421802140273,0.000154754458583226,0.001263334018596753,0.20233448070258728
16,0.10250382439366706,0.0004232506757060466,0.009873816636985985,6.841152751676516e-06,0.018905431594955207,2.381748144483387e-05,0.014072013111355764,0.00017109391997461852,0.00834741020806141,1.267861331367429e-06,0.6270171732363706,0.026047049811786814,0.0003016914309359017,0.009187558068071663,0.004684799106792141,9.84787850882014e-05,0.005989083253467965,1.751367960536733e-05,1.5311561969227053e-05,3.3008680098078313e-06,0.0018113298337890387,0.0005581383230694093,6.7106935365272e-05,0.0005230598725266909,0.16934963819691773
17,0.11469016187251958,0.0004524566445781768,0.019829317516274925,9.59033879440532e-06,0.03388241240411648,3.372988883425323e-05,0.017598021753439563,0.00013559534055180105,0.012935807193270456,1.891093386672265e-06,0.5725760319471349,0.02172993728157472,0.0004141114501434435,0.011336690964437186,0.0031593349669142633,0.00011327061766514182,0.008127451102563058,2.5444912108098203e-05,1.4330428356588009e-05,5.932219804890668e-06,0.0029920398237055896,0.0003950993217643511,0.00014458932396316603,0.0012945581096111623,0.1781021934844872
18,0.04919125394874503,0.0004133867504769625,0.019065674811071284,4.211339915112585e-06,0.02080575848010559,2.6053904177929393e-05,0.015049139826117703,8.724985859181957e-05,0.011893814555224225,2.0822407961742587e-06,0.3373425073698897,0.025156199772000485,0.00021477172019492816,0.015156320015145077,0.0041249795059604705,0.000219885668385466,0.009569658448322672,1.4096344460558418e-05,1.3556323377560344e-05,6.395200803666051e-06,0.003169903183776113,0.0002818378185137188,0.00015982213330991248,0.0016427367939625655,0.4863887039866752
19,0.09462033302335889,0.0008428947441764934,0.021092948132164547,2.7460865199696106e-05,0.04963584484754712,8.520127420046856e-05,0.021627249006805547,0.00018638445105797943,0.027739511222699898,5.337914181459995e-06,0.4605896185479188,0.028248959973654838,0.0005404555296104988,0.01400077822027929,0.008400829556303691,0.00022911649536802082,0.008789043583134535,2.4134869351173396e-05,2.4409508186596773e-05,1.0855906189092833e-05,0.0019240868300012964,0.0006641258017027927,0.00019434960375126832,0.0018190571821445462,0.25867701291101153
20,0.0970982209339047,0.0006502846524079621,0.01250867795163501,1.1316724949821737e-05,0.024630571114141468,3.783474547311207e-05,0.015356718250946191,0.00020616701119983324,0.015522650938270575,2.7441703084583018e-06,0.6222560224622409,0.017962295568325373,0.0005180644107057271,0.013492872872038918,0.006049571415747985,9.711680299885649e-05,0.005533845976746042,1.947192408524473e-05,2.1473702316768235e-05,6.280097229067992e-06,0.0021720355528747726,0.0009235350879055312,8.236506498750033e-05,0.0007253336231989633,0.1641145289453612
21,0.17383771450061994,0.0004290666399967615,0.0450642237900842,8.961087264159207e-06,0.023543849715519802,1.4455962737077498e-05,0.013935924531627975,0.0001612594604937083,0.008117064533605781,1.8331768547410289e-06,0.47859273280735043,0.03453981834198546,0.0005686082486679682,0.015960483207021505,0.0015784149373545458,0.00019350495630591604,0.010960744427658091,4.485435791205257e-05,8.874982018257392e-06,7.908943891909411e-06,0.003720795964519257,0.00023801018893611958,0.00013963154029905477,0.0019333703100340403,0.18639789338724122
22,0.0981790517396868,0.0005082411166259085,0.017403405345264144,1.1780071919589712e-05,0.03216040974717586,4.43786192494542e-05,0.018980651070114877,0.00014235125759103003,0.01768165126487502,2.439352978590245e-06,0.5227747260407375,0.024034434066088323,0.0004010371152321212,0.010989703345974362,0.005464915728208704,0.00016116070083169786,0.007013121469673241,2.147058518207065e-05,1.9020189900792598e-05,6.470978893867972e-06,0.0022594471609975134,0.0004522200085566553,0.0001455169437747554,0.0014386186754474866,0.23970377740501964
23,0.11307454328508681,0.0005061829362160092,0.020347221896371157,1.1623028992023995e-05,0.0299473839647883,4.337782467240528e-05,0.01670567169970483,0.00015933601522678258,0.01394784082648381,2.6358067105510146e-06,0.5522516209681413,0.021430967218210945,0.0004078650551355788,0.011067156360832702,0.0045109264552743635,0.00015466310663056333,0.008565840113006174,2.5858807358630995e-05,1.815386873992974e-05,6.5051793217335354e-06,0.0026228142231140986,0.0004392421802140273,0.000154754458583226,0.001263334018596753,0.20233448070258728
24,0.09836908873846557,0.0010374196629957103,0.0189070776914376,2.89906196443863e-05,0.03782523248585303,4.737348556504288e-05,0.02004433177505589,0.000231970065006203,0.015544738797258808,4.5747062717912465e-06,0.5514243075574625,0.02286717187918194,0.0005245455563817415,0.0162592904103668,0.006074058610266126,0.00020315727280740222,0.012387151869309408,4.1413982575171086e-05,3.7831182744972554e-05,7.971527809033484e-06,0.003531583926274487,0.0005626929165843057,0.00022495181554921362,0.0014097676641035657,0.19240330580102932
25,0.08984448311298739,0.00019939926224251322,0.011719683707171222,6.215092813645093e-06,0.029808454621033792,1.6499165937042314e-05,0.01772661776030019,0.00022781446798774473,0.005462632497804078,6.922753062553028e-07,0.7423315370764327,0.018913797401386115,0.0002899029278768378,0.00829617389471652,0.0011959835458407386,5.3115615127080446e-05,0.004926668500721384,3.726510875246784e-05,8.459444657370916e-06,4.111011821399989e-06,0.003051796441672933,0.0002463866579501634,7.494106287780131e-05,0.00043915242399217253,0.06511821692259018
26,0.19202034062791368,0.0003757793228188931,0.06132846974910414,1.8965594603500516e-05,0.058406309249501076,5.972203857565787e-05,0.013159373402845712,9.336098664224298e-05,0.028824673643120708,4.512720636390467e-06,0.40277819157698147,0.01446895369112542,0.00047453042689482084,0.016241272727655492,0.0020871832740159586,0.00014908209191077736,0.009094561140692356,6.451698615399386e-05,9.953346520500332e-06,1.364207199652539e-05,0.0036237246994811176,0.00017289813651725705,0.0006030435922863393,0.005376122322130159,0.19055081657987577
27,0.10089284219137809,0.0005015939775311034,0.012248089598636607,1.2932155399794369e-05,0.02995125341041946,7.038524014391105e-05,0.01708836198009375,0.00017224050538221724,0.028340853529380403,2.9944602381049248e-06,0.5285807557754585,0.022062442265319573,0.0004006693579380385,0.010051736081556012,0.008221739749386173,0.00013538586122595074,0.0042982610657473,1.7559307933152036e-05,2.1351375123989667e-05,6.381144847414837e-06,0.0013938525484402085,0.0007986835605083753,0.00011511207450317464,0.0011923151291115285,0.23342220765429694
28,0.11307454328508681,0.0005061829362160092,0.020347221896371157,1.1623028992023995e-05,0.0299473839647883,4.337782467240528e-05,0.01670567169970483,0.00015933601522678258,0.01394784082648381,2.6358067105510146e-06,0.5522516209681413,0.021430967218210945,0.0004078650551355788,0.011067156360832702,0.0045109264552743635,0.00015466310663056333,0.008565840113006174,2.5858807358630995e-05,1.815386873992974e-05,6.5051793217335354e-06,0.0026228142231140986,0.0004392421802140273,0.000154754458583226,0.001263334018596753,0.20233448070258728
29,0.11307454328508681,0.0005061829362160092,0.020347221896371157,1.1623028992023995e-05,0.0299473839647883,4.337782467240528e-05,0.01670567169970483,0.00015933601522678258,0.01394784082648381,2.6358067105510146e-06,0.5522516209681413,0.021430967218210945,0.0004078650551355788,0.011067156360832702,0.0045109264552743635,0.00015466310663056333,0.008565840113006174,2.5858807358630995e-05,1.815386873992974e-05,6.5051793217335354e-06,0.0026228142231140986,0.0004392421802140273,0.000154754458583226,0.001263334018596753,0.20233448070258728
30,0.11307454328508681,0.0005061829362160092,0.020347221896371157,1.1623028992023995e-05,0.0299473839647883,4.337782467240528e-05,0.01670567169970483,0.00015933601522678258,0.01394784082648381,2.6358067105510146e-06,0.5522516209681413,0.021430967218210945,0.0004078650551355788,0.011067156360832702,0.0045109264552743635,0.00015466310663056333,0.008565840113006174,2.5858807358630995e-05,1.815386873992974e-05,6.5051793217335354e-06,0.0026228142231140986,0.0004392421802140273,0.000154754458583226,0.001263334018596753,0.20233448070258728
31,0.18861830614297292,0.0005860592724783994,0.04032645843795379,1.079376928426149e-05,0.017875660287919443,3.0419353774961536e-05,0.014297167470870623,0.00031251386277569696,0.008397544895108784,3.2466394235316177e-06,0.5048753657733859,0.0228477223317002,0.00046070898666645253,0.01251442460724213,0.0024607864969715797,0.00022545021102644288,0.013033707949554598,4.181839373472029e-05,1.4298583727377388e-05,6.374266168017889e-06,0.003480765540444117,0.00038239923198339913,0.00015074595335030314,0.00102653063048912,0.1680207309109933
32,0.10699538525367866,0.0005293411769912187,0.018917006340747427,1.3177743343785955e-05,0.030307481181034445,4.804923133365954e-05,0.01869256514994651,0.00016503728480127969,0.014480890244708737,2.876695894233075e-06,0.5541235162583028,0.020625254429183098,0.0004370914539279029,0.010535602641257868,0.005403782842616653,0.00017491852675100524,0.00894369187760429,2.733158663525121e-05,2.494848244467029e-05,6.788645295177385e-06,0.0029324158194301408,0.0004778050809379233,0.0001680710087792172,0.0013222263373801613,0.20464474470697394
33,0.15931866125206717,0.0005294879298464209,0.011255992288093153,1.3085950033259175e-05,0.018095293453387104,1.4439326302299615e-05,0.02258363558209066,0.00019473467152350296,0.0034167818478167563,6.809885951043722e-07,0.6560382202301234,0.034600700101564685,0.000722073174477625,0.004720405504703731,0.0017806441703556138,0.00012876939827950919,0.012893872171437806,2.9732526882002297e-05,1.979502338564433e-05,3.0293324120744497e-06,0.0028920482607355516,0.0004935668970212369,6.674405261033362e-05,0.0007111501417853798,0.06947645572447005
34,0.043386739215756226,0.0009881871293799672,0.021124557795252425,1.2740639803659812e-05,0.030744246850511494,5.942306766914511e-05,0.01624344216211763,0.00018409648067287804,0.016188940804247945,5.6711125411109675e-06,0.3673296916943792,0.030038430735302133,0.0002830519216792858,0.021141761965649472,0.005400035801395893,0.000322414372077022,0.014830576488980531,1.835798922840931e-05,1.6600239388305955e-05,1.1270950221805824e-05,0.0025418479375059555,0.00046201224478870193,0.00021853509027915585,0.0015491027195523432,0.42689826459161945
35,0.3936816681423526,0.0002863883035125532,0.017071982462836643,1.1400034221633278e-05,0.00824875914514587,6.1027317170582574e-05,0.02089407964131538,0.00033062009586829,0.011697122875793279,2.0955885469115045e-06,0.4462075061345877,0.023390947560877742,0.0007016606816334975,0.0031153075574705848,0.0019386953210057429,0.0002571004711779965,0.005469224755107729,7.895854440706206e-05,2.791939147132055e-05,3.498447686341985e-06,0.0015720648576942513,0.0006399435922392197,9.45548033556904e-05,0.0008455852102886326,0.0633718890642327
36,0.16575490084559427,0.0011753067947653448,0.02666418013178222,2.3742093441630366e-05,0.013236768207939344,6.709807554065026e-05,0.023604146468768652,0.000608730335822111,0.021136057997822442,8.721278182650667e-06,0.4309611625880758,0.035785736335605084,0.0007806087038910841,0.020476200675053253,0.008106359867152994,0.0005200550000151536,0.014109387509571263,5.2159849815021745e-05,3.9628962671617464e-05,1.0914370796265365e-05,0.002227685298609647,0.0013797108259905385,0.00014772969576533427,0.0008500925749481111,0.23227291551237952
37,0.2048484818427067,0.00029473315656816055,0.035390481272385976,7.313343146894368e-06,0.03615038329529026,1.8792644404066202e-05,0.01812516194550911,8.669665584426805e-05,0.012020918204933359,1.1927230708345005e-06,0.4999762200246042,0.02509947917466761,0.0005969140214257348,0.010497024415060124,0.0012445798023001534,9.345255047468211e-05,0.006978410870727197,3.6761373505117605e-05,7.808330996941295e-06,6.018389278647532e-06,0.0034603083760983743,0.00022864853347910757,0.0001442691613693908,0.0023780225420696826,0.1423079273500834
38,0.17837104315686947,0.0003805630430071037,0.02424135897247688,1.7925585514482712e-05,0.01908984932973553,0.00011732684207703304,0.04078182447743259,0.0002518079187829619,0.013556139807613438,3.6167355713708975e-06,0.503526410256661,0.02229675064825634,0.0006818725684730089,0.005320911765862923,0.007219388721124962,0.0004574381818835497,0.012501351801667851,5.3462625218556375e-05,5.316992052400861e-05,8.577058770979248e-06,0.0037349199416893152,0.0005314288477538177,0.00026405184215500985,0.0013737868328874004,0.1651650231179904
39,0.14406273080925497,0.0003086633408910586,0.021470042357926454,8.507392059825994e-06,0.015577584234084334,6.60917787599067e-05,0.030768734684538196,0.00038755063441992405,0.007203430607285591,1.8712380576518086e-06,0.5658614622327871,0.03068294721972253,0.0004322496319790223,0.005157350884622805,0.0032622795729974428,0.00034753696519134456,0.012535645291815998,3.2823928102354485e-05,2.3064047279458158e-05,5.609709386606624e-06,0.0036375093761329023,0.000512418633912571,0.0001372201071260454,0.0008070588496980699,0.15670961647196788
40,0.13368918004766353,0.0004059165846708072,0.018203651706667334,4.917323421337258e-06,0.02210830484034815,2.6829601805911125e-05,0.010412169667773212,0.00011609467914640111,0.0087602311831223,1.225770038927803e-06,0.5721252828363192,0.024067874571101624,0.0003292256652176103,0.00853426332389108,0.0035067330888151893,7.497842722175024e-05,0.006375616460704703,9.474162106067757e-06,6.264953055265819e-06,3.7171258719676723e-06,0.0014269854387058004,0.0005294377065388638,5.632420400984668e-05,0.0006198284666680596,0.18860547216511486
41,0.11123391062787936,0.00038060253144468845,0.01516707510736148,1.9997449097234087e-05,0.04737371606746515,7.773553617125407e-05,0.01274498627180444,0.00014350224652464146,0.02126008910704924,2.828724346135338e-06,0.547851237001979,0.01945920407566499,0.00025389384096147655,0.007452147211474981,0.009855852187229265,0.0001239369365183109,0.005418094048104302,1.705173618425584e-05,1.5301486265007587e-05,5.446966252664868e-06,0.001022427401995417,0.00039321080746087075,0.00015656542361960421,0.0011066586618694414,0.19846452854527674
42,0.1192374379414286,0.0007496493708953731,0.012631417633537204,1.3774183311811323e-05,0.019981810784071276,7.016791512140313e-05,0.021058542120496338,0.00027533552013985114,0.012967472247656544,3.3267512292268516e-06,0.5860500355755865,0.022511514054361807,0.0006929991848277367,0.00595234707666718,0.00884609304701265,0.0002722680931102138,0.01018824609202614,1.6904205915946355e-05,4.2417071430607296e-05,6.556003505862142e-06,0.0020381118051802567,0.001472444795090452,7.772101657556913e-05,0.0008244843658659157,0.1740189231449556
43,0.09641925060151939,0.0005668480025787144,0.024440144863971894,1.8298139828233814e-05,0.03473705337770974,0.00018319856263641346,0.01892408474012323,0.00030556159382545076,0.026946121684186284,1.0717751117145702e-05,0.5258958609229443,0.011753066969897138,0.0004544099616783181,0.012198243502709814,0.010236116562884668,0.000280359828622735,0.008552626546063445,3.642711727773732e-05,4.2738258148745215e-05,1.3789592585747002e-05,0.0036255469028426556,0.000790910585279109,0.0002706756130040721,0.0012707585782344953,0.22202718974033048
44,0.11307454328508681,0.0005061829362160092,0.020347221896371157,1.1623028992023995e-05,0.0299473839647883,4.337782467240528e-05,0.01670567169970483,0.00015933601522678258,0.01394784082648381,2.6358067105510146e-06,0.5522516209681413,0.021430967218210945,0.0004078650551355788,0.011067156360832702,0.0045109264552743635,0.00015466310663056333,0.008565840113006174,2.5858807358630995e-05,1.815386873992974e-05,6.5051793217335354e-06,0.0026228142231140986,0.0004392421802140273,0.000154754458583226,0.001263334018596753,0.20233448070258728
45,0.10027323526162968,0.0003150930968388839,0.00844844308269762,3.559483991286485e-05,0.046064909068636306,0.00013915232328811739,0.055024723002570934,0.0002482678065471998,0.029346191915107362,2.1324450313836256e-06,0.5461359253785941,0.027453963012099285,0.0005551196825094741,0.0037941189688850017,0.020896156921163065,0.00026036289712836274,0.004161439137464913,2.082222453351836e-05,5.0567717906432265e-05,7.49840459175396e-06,0.0011069912089466637,0.0007290170786445001,0.00012823146749203843,0.0010232679591307692,0.15377877509864968
46,0.20108736734972735,0.0007418950588523231,0.012533669603284244,1.36587396765767e-05,0.015127516740836325,3.029638608205376e-05,0.011196458069673771,0.00015394344737447647,0.0021141207749143577,9.684995273035677e-07,0.5443160234349143,0.037556699966077446,0.00040198105281168996,0.002575139499451083,0.0043859257837626274,0.0002213296693987538,0.038032661368284565,9.963108039387211e-06,1.4694028574294574e-05,2.230429173862518e-06,0.0013111401778981744,0.0007004944989340184,8.520129588820032e-05,0.0005930720020477658,0.12679354901479511
47,0.129488455378465,0.0005877877254406572,0.018312974768720982,1.0127879936511378e-05,0.02389980868752683,3.8308118977937514e-05,0.016700115916309606,0.00016140509717890147,0.012618684714136408,2.2824344881411446e-06,0.5403566421834531,0.026094685395835714,0.00046404096179884725,0.009298701105879098,0.0043824396525322645,0.00016739399988479267,0.008692171250560377,2.1091366214472533e-05,1.7394118371461985e-05,5.552072837830786e-06,0.0021148323375487807,0.0005577236359600174,0.00011213310931496156,0.001173140791044364,0.20472210729758297
48,0.1555626891280987,0.002796980174818272,0.02017519696322158,3.6213376129599276e-05,0.018749771975936837,6.0925242410541425e-05,0.021432745877661905,0.00040958139064913826,0.006928540343681699,6.668473454066685e-06,0.48410214507428767,0.028972903320742604,0.0006064630851022704,0.010900580097573855,0.007544370242615978,0.0004282287588895216,0.048359628561258375,3.3495394161174915e-05,5.950910753889016e-05,5.288291803565183e-06,0.0035375292499812425,0.0011455909970348468,0.00023135165017583976,0.0007857349189372187,0.18712786830383463
49,0.13501618326370454,0.00046046499411156873,0.026341157261960485,1.0496764207943608e-05,0.027941992096166598,5.7867827032831806e-05,0.015345019421456895,0.00017793249923984993,0.014304006958575165,2.6904321860504465e-06,0.5431294294732449,0.025276433919925817,0.00041919915533909015,0.010468793983746668,0.003254987052414942,0.00014775221267641388,0.008154215602440151,2.516766826729532e-05,1.077754050807137e-05,7.2737848799509745e-06,0.0021058406639189982,0.0004432926088927045,0.00014586483882783057,0.0012073846151575383,0.18554577536111752
50,0.10959031502021058,0.0005572280206626205,0.020883110972199605,1.185822114703346e-05,0.029172187024246628,4.590539632789812e-05,0.019772173380761062,0.00018534854891526798,0.015563728333589428,3.098681267836822e-06,0.5445746839748099,0.02172785360991658,0.0004632487114678239,0.012237557505448384,0.004827203552906072,0.00016344817265954387,0.008137423554920246,2.6828252986163212e-05,2.1764974669505106e-05,6.91022969463106e-06,0.0029086235677072314,0.000510893026242348,0.000145283505795498,0.0011784757686844026,0.20728484799276364
51,0.10119360630977502,0.01024553143431401,0.010874371163788327,6.938011668546185e-05,0.01805470715337815,1.724927534127013e-05,0.005757978997797447,0.00081664493352628,0.010115514905562051,9.131222019500984e-06,0.6045003146143184,0.038384985245921203,0.0006919540100910044,0.04017425030986494,0.009105284848418965,0.00010249850326076541,0.00854130554622111,2.032357206408486e-05,2.9256474819046246e-05,4.1119767307035336e-06,0.0009666081690301707,0.0025489606255244246,3.384351394510182e-05,0.0002494056101615679,0.13749278146744096
52,0.21698167103615096,0.0004979640824702512,0.028312123397641227,4.432194693213447e-05,0.016336037266691295,0.0001769330023826662,0.012054370287392386,0.000525436526510046,0.026876924838235432,2.2761517414925342e-05,0.5233463867497845,0.011178049749260802,0.0007880525405818981,0.012234302479369226,0.01368081833438153,0.0005357936847469571,0.007181427398890345,0.0001629557320549021,7.65246321288975e-05,2.117234326607482e-05,0.0018946378030987071,0.0008702372523765337,0.00029596236478017686,0.0012148579705211803,0.12469027706293684
53,0.1165809640625522,0.0005409780459684311,0.02135794419001756,1.2143938923142547e-05,0.030318591528217493,4.239997986728517e-05,0.015068267462808236,0.00016003322027881265,0.013516674352663223,2.8799029493639766e-06,0.5535338618202605,0.02039342778937252,0.0004173894245218879,0.011341444072078356,0.004497368997198786,0.00015432132506636848,0.008970492698648271,2.617120308914055e-05,1.833881801279642e-05,6.6088839151526545e-06,0.0026493992478054604,0.0004511137731805165,0.0001534062288734444,0.0012811615598599946,0.19850461747387102
54,0.03412065645747759,0.0007330726936851063,0.01474571079476622,4.781159538380215e-06,0.0159344165742844,1.994407062146282e-05,0.00856941252033869,8.558776336162206e-05,0.018000419437339373,3.232513789498561e-06,0.21145500189260305,0.029490534536069823,0.00017980048317790955,0.01811566092575633,0.006680354845484885,0.000224617896998433,0.0047888287228500265,6.068376750827332e-06,8.64653206480728e-06,5.851867782071249e-06,0.0008774699586383781,0.00034512734667854273,6.83221096014232e-05,0.0012021504340721757,0.6343343300862689
55,0.10518654203022235,0.00021212168340739785,0.012265708822241669,9.399337126339368e-06,0.044755745241519575,3.1392680861125773e-05,0.042140413036433386,7.816366884046247e-05,0.025213824138712725,5.624516787238003e-07,0.4878050022974765,0.05901734789985882,0.00038905562040991975,0.00630437894823504,0.002371738717752859,0.00011406953145309652,0.003111016415376836,2.2490383135221862e-05,1.0650824424054658e-05,3.998543832687894e-06,0.001542301160115481,0.0002096873370936059,0.00012434132482552524,0.0026218309036860205,0.20645821700128064
56,0.11667382216454046,0.0005111813261246099,0.020154151147179646,1.1470488391876514e-05,0.029285403056812525,4.129943067040862e-05,0.017199325364983704,0.00015872450151781424,0.013721960413856808,2.505215986952145e-06,0.5552421625587707,0.022162872535624815,0.0004406359582389867,0.01090344270306273,0.004332911504627151,0.00015066094726036658,0.008402386030418357,2.5766986272675272e-05,1.8151585851752798e-05,6.526819499896137e-06,0.002640374574905276,0.0004585488889474105,0.0001471146226732313,0.0012798794717598454,0.1960287217020221
57,0.09861051520959509,0.0007620314555292156,0.019304106100822744,1.0582376007490946e-05,0.024753016300204364,2.7467418037198204e-05,0.0251629873113484,0.00016859133750014892,0.010738596246990669,2.3620637755873252e-06,0.5415868534355172,0.026732540467634604,0.0006971526149056842,0.009711076653174743,0.004482248971657304,0.0002347620090892468,0.010618934591599844,2.336240667046656e-05,3.8687941268001324e-05,6.259179864982273e-06,0.0045012225338087785,0.0005934302567060158,0.0001042447945884684,0.001466797198833508,0.21966217112487033
58,0.10341672066666786,0.000489596186759961,0.02084145259986776,1.1972955777309873e-05,0.03781853979088373,4.193872425909976e-05,0.018084767701141497,0.00011969909671063717,0.01710077210201118,2.4914850627173615e-06,0.5216661521954422,0.022234746810505968,0.00045883894062238146,0.011095837889809565,0.0043793268943331035,0.00015775377836666017,0.007777975961695573,2.4749293047515575e-05,1.8782493193243654e-05,7.699524093511494e-06,0.00288509030164509,0.00039396275093238017,0.0001781966286392276,0.002055755384661008,0.22873717984387093
59,0.10564661167304557,0.0005118508997209894,0.02622078972030287,1.1297276172150145e-05,0.03683161221910328,4.183052515066118e-05,0.016114276290855222,0.00012939403783795056,0.016333448472381384,3.0065816473834825e-06,0.5059431432657941,0.020901545406577633,0.00044254208152598576,0.012855441189140622,0.003948930449888251,0.00016977136931385552,0.008741570765287256,2.657170261897061e-05,1.660109821329242e-05,8.532996856242559e-06,0.0031650385755181264,0.0003709766111756629,0.00018735780001862267,0.0020357964080608623,0.23934206258379317
60,0.11307454328508681,0.0005061829362160092,0.020347221896371157,1.1623028992023995e-05,0.0299473839647883,4.337782467240528e-05,0.01670567169970483,0.00015933601522678258,0.01394784082648381,2.6358067105510146e-06,0.5522516209681413,0.021430967218210945,0.0004078650551355788,0.011067156360832702,0.0045109264552743635,0.00015466310663056333,0.008565840113006174,2.5858807358630995e-05,1.815386873992974e-05,6.5051793217335354e-06,0.0026228142231140986,0.0004392421802140273,0.000154754458583226,0.001263334018596753,0.20233448070258728
61,0.11460832023992493,0.0004620487449426909,0.027639269353250874,1.0753713196233387e-05,0.03693929482386444,4.134671116307387e-05,0.01576564148865063,0.0001284563106221862,0.01713802949828653,2.8873887747417813e-06,0.510558825648948,0.020483266142198742,0.00043816252605291317,0.012797357332052213,0.0034849813661442957,0.0001516999464079436,0.007862184649158535,2.7805870430661344e-05,1.5047412332071575e-05,8.096299498365048e-06,0.003113846954530324,0.00035186574249500535,0.00018397602532871615,0.0020491737312527208,0.2257376620804934
62,0.11307454328508681,0.0005061829362160092,0.020347221896371157,1.1623028992023995e-05,0.0299473839647883,4.337782467240528e-05,0.01670567169970483,0.00015933601522678258,0.01394784082648381,2.6358067105510146e-06,0.5522516209681413,0.021430967218210945,0.0004078650551355788,0.011067156360832702,0.0045109264552743635,0.00015466310663056333,0.008565840113006174,2.5858807358630995e-05,1.815386873992974e-05,6.5051793217335354e-06,0.0026228142231140986,0.0004392421802140273,0.000154754458583226,0.001263334018596753,0.20233448070258728
63,0.10887415195858437,0.0006464316170348405,0.01907405968924882,1.2190570114326413e-05,0.028406500006590434,4.0611071964288256e-05,0.015715268730265634,0.00016860667083702654,0.013558282354070566,2.863445853398247e-06,0.5460854917647823,0.02270808714308448,0.00041995153500815286,0.01174684660770946,0.004796334740189263,0.00016269110204803557,0.009251332439856732,2.399926529315401e-05,1.9749834410266234e-05,6.314852354306449e-06,0.0025563799192921286,0.0005083847903597785,0.00014378572666993647,0.0012359110267519094,0.21383577313762642
64,0.10781129643839994,0.00048419806551372165,0.023302130895581405,9.707902615752078e-06,0.03185668925164743,3.4162772274467956e-05,0.018544468953224768,0.0001538568226780031,0.011718759942701516,2.3708879595077193e-06,0.5645094011024616,0.01936115764932279,0.0004446739654150351,0.012289808099420159,0.003317104141373996,0.00014589444450296797,0.009681949761457106,2.9843729673990103e-05,1.9548085205552493e-05,6.7094677549755325e-06,0.004359729404985234,0.00038849622913175974,0.00016492356878293886,0.0013531977483706348,0.19000992066954459
65,0.11578487837239944,6.170428879809486e-05,0.002752442964764547,2.8929301245357388e-05,0.02274502234913866,0.0002089426822394051,0.03989431276840661,0.00012144666912434578,0.0020956386494370097,3.9947978713407726e-07,0.7506396134911371,0.008947684442504633,0.00013974934584425568,0.0003163190942828262,0.010420418012109552,0.0001547696279016283,0.01286437658882299,3.8654069192069195e-05,8.671801105371459e-05,1.30410233739127e-06,0.0017377724108121313,0.0001565856729902448,0.0003651628587492342,0.0003006338338623167,0.030136520913059184
66,0.07950009652536298,0.0006255984666912646,0.013324375776858887,1.467398346085208e-05,0.0318948507050197,6.39364147334199e-05,0.015008455689181468,0.00012707874075113665,0.01660762766818292,3.020925760192072e-06,0.5061575207630404,0.020903003801257366,0.0002629502119788869,0.010997293812575365,0.007423567755344686,0.00017252945435506563,0.010515233716714539,2.062528451108141e-05,2.517085485704597e-05,5.52354899534402e-06,0.0023353945082932193,0.00046210581921821457,0.00025065379562926385,0.0014644837029752181,0.2818342280742516
67,0.1499425363204273,0.00038720712202008087,0.0648651723985309,1.5278193505227916e-05,0.032557709677724395,4.3819127167032935e-05,0.01361833947369429,0.0001687043240022111,0.008500359223364678,4.5328418643771874e-06,0.5018130450393984,0.012531812885400088,0.00046283634188266253,0.01692988366351741,0.0022778767903229627,0.00019987387471774113,0.018901609472815984,7.442953597557676e-05,1.57091441335596e-05,1.3182619388501616e-05,0.007728760733343333,0.000181256152633694,0.0005382923802149034,0.0021342792722373067,0.16609349339171728
68,0.10590027362783452,0.00047889487066617257,0.023431151763603695,1.1637646163600923e-05,0.033378933627092176,4.508797861709726e-05,0.016493791191272103,0.00014274640480268954,0.016835124436165007,2.850377510150926e-06,0.5195388235153946,0.022246699715924554,0.00039144603771212915,0.0132142618255859,0.004345614401472075,0.00014864831242708922,0.007812829950474725,2.5618250731933562e-05,1.5103616489044182e-05,7.426632740478781e-06,0.002533443011257117,0.0003811890510300711,0.00017505799510453184,0.0015059168257927518,0.23093742893413585
69,0.10855777693183923,0.0003728551731527959,0.05406135065052594,9.393170768683555e-06,0.028636569983613604,4.234768441495214e-05,0.020656691719358175,0.00022729411314569288,0.016043731444721994,4.449308855548259e-06,0.4699236345227343,0.019498511446026528,0.0004560730099621366,0.024222771224478797,0.002365172785329411,0.00021077489187815732,0.008978089638512187,6.373423760004986e-05,1.5007320605009999e-05,1.3833085430577402e-05,0.006686961513521576,0.0002425953342857375,0.00029491640497069917,0.0018762998119785583,0.23653916459228974
70,0.11993972303350393,0.0006052340482963643,0.020584554011036642,9.85914654456616e-06,0.020829068619381035,4.250773769343684e-05,0.01601436248338648,0.00018742708074313125,0.011535679369407381,3.274289793103655e-06,0.5399018721662634,0.022043238595243795,0.0004598878784984477,0.010632957245376443,0.004414125300313474,0.00023263704762087337,0.010788218242393618,3.050299456982656e-05,2.4831281497911183e-05,6.698285053272999e-06,0.0031217256850090205,0.0005441078747106226,0.00014440512980245772,0.0012547007015552409,0.2166484017523054
71,0.0408663097619558,0.0005426792700010248,0.035124617254785516,7.527429103953668e-06,0.08119976326070043,2.4276915087519722e-05,0.028275460348689573,0.000135387030585138,0.04029633913033062,4.020059125932063e-06,0.3618523041929172,0.0183903662268193,0.00037512050158685614,0.0529370078430364,0.0018314819956930179,0.00013140069920653276,0.005090156954777954,4.5112482863341845e-05,1.173441067268992e-05,1.8669239054894075e-05,0.007961837344157318,0.00020402587844552762,0.00025221588946268696,0.002907094186328395,0.3215150916946123
72,0.11279652885001559,0.0004844511598787973,0.020301345158576806,1.0881845848282142e-05,0.03131602005519078,3.7291820088088156e-05,0.01378125633089671,0.00014036892110436407,0.013357276902209373,2.44989165993087e-06,0.5592256472091389,0.019891445641662356,0.0003659547252664802,0.011689119940603865,0.0039667190520401956,0.00012846096459452638,0.008187356778532367,2.5182789748146627e-05,1.5477819972294295e-05,6.006221779857585e-06,0.0025784068221878656,0.0003895472384791351,0.0001577056039130042,0.001318706219412891,0.1998263920371994
73,0.13512848375891304,0.0002481049629155485,0.03798509444772465,2.6502761070376876e-06,0.012182191111877337,9.568828139704365e-06,0.0042458427653492715,0.0002215983312058628,0.0031752643821620122,1.7812258322454052e-06,0.6993452418458722,0.0077008182627933,0.00024181250877111703,0.02512117789344715,0.0004715836093853322,2.5606733438938304e-05,0.005851846975356966,5.604235088898576e-05,4.279612768501468e-06,3.632457854707587e-06,0.006975900212933862,0.00019610056075483083,7.922556051093125e-05,0.00027071893385538336,0.060455432391140956
