,0,1,2,3,4,5,6,7,8,9,10,11,12,13,14,15,16,17,18,19,20,21,22,23,24
0,0.14260332038170787,0.0009863893506624685,0.032251954217823904,1.757337343182848e-05,0.031466327305241175,4.124748963588496e-05,0.005392991080376656,0.00017337861868723387,0.012934199304944398,8.497263519478376e-06,0.552031028795899,0.010957364537470801,0.0005181068538654292,0.016548987785334843,0.0048164194592754846,0.00014286262357895193,0.010986844990512234,3.1399406307674106e-05,2.224944120018081e-05,8.666230363294685e-06,0.002859939971712399,0.0006592050103966145,0.00014626716409755195,0.0014320253549633493,0.17296275398899139
1,0.15244308106080967,0.0010389251537176879,0.05544253046513217,2.4102314696769356e-05,0.037027620745113704,5.146021387781078e-05,0.007862497995784421,0.00021132652811021386,0.017642641877436364,1.3657730283319243e-05,0.4613802478859846,0.012498563867031205,0.0007203430486570349,0.01813074784965751,0.005164826958037405,0.00028962656057299327,0.012968842731694602,4.5765685763585443e-05,3.229492270282069e-05,1.3977212914177662e-05,0.003968134016906295,0.0005719967800049861,0.00020015648773426877,0.002455248475561022,0.20980138343181548
2,0.10502220890901387,0.0010083199166581963,0.0332240165905326,1.6012471962925303e-05,0.040702825386730826,2.99723889273295e-05,0.004552018792254025,0.00016563729277547614,0.013276100918655451,8.375153517481022e-06,0.5140618298371484,0.012299656849652963,0.0004069379596639878,0.02312504586965754,0.005545163609919684,0.0001402944111985399,0.010493023968492898,2.3911174928548618e-05,1.5978452374000847e-05,1.0211346943233819e-05,0.0025818879218084422,0.0005723731592775307,0.00013014983130475472,0.0014990903216928117,0.23108895746490837
3,0.1541451233016,0.0010292756229582942,0.034105322471367334,1.921240127262946e-05,0.03394166543088611,3.4593956952260976e-05,0.005548497565842551,0.00016901044776721709,0.009953505755870236,6.995972931169354e-06,0.5499388176277893,0.012461409988613571,0.0005273416213957666,0.014278094689464432,0.004285157508420347,0.00015372124532206502,0.01396939964752924,3.0428704659117075e-05,2.067142226064774e-05,7.88035756150319e-06,0.0029394707639262326,0.0005798261573179278,0.00014375016321860586,0.001483407932176722,0.1602274192428968
4,0.1545937144558206,0.0011079471452293949,0.036683164266423686,1.8793435787315936e-05,0.03490634809223511,2.7859284200423055e-05,0.005744618629449077,0.00016930584378113214,0.010105589462588466,6.88469114086145e-06,0.5505114955645216,0.012850305528442723,0.0006438073138567723,0.017015167686049822,0.0036711278848903807,0.00013818469355310694,0.013207469695429469,3.229739141613989e-05,1.999179438228888e-05,8.80685044338175e-06,0.0033407434656750924,0.0006164182107191607,0.00012994594992972246,0.0015780581828538365,0.15287195448118032
5,0.16792622924462047,0.0009949104886033376,0.04135947176582303,2.8046326762366774e-05,0.04191679250944026,3.8780931093193626e-05,0.005660478334627614,0.00018548490717219097,0.010835439428807674,9.05163039258031e-06,0.5518548001400989,0.010740325102252425,0.0006098745576308663,0.01680380484187874,0.0035128783076289506,0.00015493278960238005,0.014533966984083444,5.502051082549594e-05,2.3165329955937114e-05,1.0718289327305188e-05,0.003732643153966295,0.0004811649510387256,0.0002147996413864512,0.0018602880341688666,0.12645693179881257
6,0.1541451233016,0.0010292756229582942,0.034105322471367334,1.921240127262946e-05,0.03394166543088611,3.4593956952260976e-05,0.005548497565842551,0.00016901044776721709,0.009953505755870236,6.995972931169354e-06,0.5499388176277893,0.012461409988613571,0.0005273416213957666,0.014278094689464432,0.004285157508420347,0.00015372124532206502,0.01396939964752924,3.0428704659117075e-05,2.067142226064774e-05,7.88035756150319e-06,0.0029394707639262326,0.0005798261573179278,0.00014375016321860586,0.001483407932176722,0.1602274192428968
7,0.27256610885306515,0.0005541056913989273,0.023318221920664208,9.62146463734542e-06,0.013465270605299473,1.5102720256238895e-05,0.004158821345230237,0.00015348855291999732,0.003292037032798635,2.38973110217484e-06,0.6134515764117121,0.008144161658186874,0.0008212339523921546,0.004487155219766019,0.0018813020333407397,6.123708819086032e-05,0.007142168999082433,2.2667222326742694e-05,1.3363968880677062e-05,3.540452995411522e-06,0.0017154004450107212,0.0006174398534062247,3.425899808455343e-05,0.0004830409202655745,0.04358628485898646
8,0.1878517570036937,0.0011936389801958088,0.09108395232561461,2.455335058456724e-05,0.038118705397703276,2.8550213405790997e-05,0.0019021182882098808,8.707652086145914e-05,0.012025658242490569,1.3737970639098765e-05,0.3106710580174274,0.010729859399381111,0.0004261787450819063,0.02097057149743807,0.004087874119672823,0.00020185247211158326,0.01810771720886607,2.1581322249640298e-05,7.899046762858109e-06,1.2295865234400277e-05,0.0017861392652878713,0.0002964669320694856,0.00026881208756168387,0.004519214164628989,0.29556273156282725
9,0.10865771423271882,0.0017511616413448158,0.11287190016701808,2.8809052858115876e-05,0.03620174281822891,2.906184521493899e-05,0.002405261999927213,0.00013609998231147526,0.01606439661814213,2.9715990668582405e-05,0.2667708022812143,0.010315956617465127,0.000526584978144884,0.04033675230265639,0.0044061193414108545,0.0003521732041451994,0.018974548415958525,3.342345994074397e-05,1.3533758965939457e-05,2.4196302621802102e-05,0.0029289687441756336,0.0003241850560085153,0.0003068199085817804,0.0052892188555566,0.37122085242472064
10,0.1541451233016,0.0010292756229582942,0.034105322471367334,1.921240127262946e-05,0.03394166543088611,3.4593956952260976e-05,0.005548497565842551,0.00016901044776721709,0.009953505755870236,6.995972931169354e-06,0.5499388176277893,0.012461409988613571,0.0005273416213957666,0.014278094689464432,0.004285157508420347,0.00015372124532206502,0.01396939964752924,3.0428704659117075e-05,2.067142226064774e-05,7.88035756150319e-06,0.0029394707639262326,0.0005798261573179278,0.00014375016321860586,0.001483407932176722,0.1602274192428968
11,0.16306961712443688,0.001024680971224558,0.034208185976472454,1.9302532108909204e-05,0.03400408988342898,3.0762969935777936e-05,0.005815261698696422,0.00016496737019231308,0.009664122883907422,6.3626521591532925e-06,0.5508422450888294,0.013060554664549053,0.0006201812934838843,0.013793246061165585,0.00400845086389372,0.00014972912293135802,0.013490644826940552,3.037181383272676e-05,2.0685232582812838e-05,8.197648207763035e-06,0.003002538213525205,0.0006121403805290037,0.00013140686775400064,0.0015933090131596778,0.15062894484605238
12,0.07013271299717262,0.0003825008242621907,0.043871292312978455,4.8316272545399475e-06,0.14172768882327294,2.025465241234725e-05,0.0018819523759467515,3.5678784008903534e-05,0.010353565716502238,3.963890063835328e-06,0.47122795400280265,0.005695304000259236,0.0001393432942026686,0.025786530130243453,0.00133059233950781,3.240003901437961e-05,0.0106765850525086,1.4980038682000505e-05,2.2682300773431236e-06,1.0346610779919284e-05,0.003197038709059448,0.00015442934297935426,0.00021296143629281016,0.002432264519342764,0.21067256025037284
13,0.1221908577213015,0.0008149819950191455,0.02206905581152047,1.027034203649594e-05,0.02731303458396402,1.6145615980368785e-05,0.003845121424029109,0.00014619641170027386,0.006370868032186063,3.4113699627326917e-06,0.6311491914054652,0.012781367945232238,0.0003979382231851716,0.013684646806068344,0.0035340092832448905,8.187146462932845e-05,0.009443182277147702,1.7449437122550106e-05,1.2327036216940245e-05,5.101463195819725e-06,0.002172110802431406,0.0005744379924217266,6.436487138816845e-05,0.0008293303615076634,0.14247272732304264
14,0.05217409927716429,0.0018980713492923874,0.006194441757228961,1.5564537178680544e-05,0.07652059979981274,4.411431805606224e-06,0.0022665727356757847,4.9102018643805546e-05,0.0012287539517831275,1.7227832739203928e-06,0.8147368220480941,0.0033013084257060943,0.0004850550342767454,0.006359218737323387,0.0004256431994039036,1.1791121233623793e-05,0.01185904934411514,3.1369834562925126e-05,2.6158155931765194e-05,1.9277890911880425e-06,0.007180161051719006,0.00029530797995556355,4.0928886997698494e-05,0.0005137571141242646,0.014378161635605152
15,0.1541451233016,0.0010292756229582942,0.034105322471367334,1.921240127262946e-05,0.03394166543088611,3.4593956952260976e-05,0.005548497565842551,0.00016901044776721709,0.009953505755870236,6.995972931169354e-06,0.5499388176277893,0.012461409988613571,0.0005273416213957666,0.014278094689464432,0.004285157508420347,0.00015372124532206502,0.01396939964752924,3.0428704659117075e-05,2.067142226064774e-05,7.88035756150319e-06,0.0029394707639262326,0.0005798261573179278,0.00014375016321860586,0.001483407932176722,0.1602274192428968
16,0.13590535573922496,0.0008641969096666106,0.016866157311431724,1.0907368931189678e-05,0.021982108016949217,1.917560591996198e-05,0.004665619260627952,0.00017424219340406912,0.006009623109615889,3.4374639900084624e-06,0.6261559394271328,0.01530604556972616,0.0003882654312827136,0.011902125032589089,0.004522878218841599,0.00010275643136873167,0.010161669040463584,2.026417642883964e-05,1.7690198824684027e-05,4.165653962568331e-06,0.0020828505445008322,0.0007271405723849523,6.387002603183235e-05,0.0006525326608848601,0.14139098403581518
17,0.15454135463529262,0.0009152265804842119,0.03312039770675894,1.565625308638237e-05,0.03829245563347447,2.6794284915340515e-05,0.0058031916589159835,0.00014198748628227662,0.00918621450231989,5.011873585982613e-06,0.5667912228933042,0.012580128427154395,0.0005313580405968078,0.014538953875368644,0.0029965599613756533,0.00011299169709218786,0.013264110166560455,2.965103938209654e-05,1.6274110234172942e-05,7.1925218335652616e-06,0.0033439612789922064,0.0005173956871963609,0.0001339827584418027,0.0015256037130748491,0.1415623232142766
18,0.07345257127271547,0.0009162970514985805,0.034762791403990564,7.589884308709434e-06,0.025608293582396892,2.2658140265351155e-05,0.005443589642666524,0.00010118920395491086,0.009222231811265868,6.0146761370842446e-06,0.3668978268761271,0.015938423039558343,0.00030314989612024843,0.021228474723502037,0.004275661500391537,0.0002380544884712396,0.01700478251260978,1.811895028265584e-05,1.6861418369793623e-05,8.417445395384168e-06,0.003863671467101894,0.00040705695272683854,0.00016117581141801777,0.0020893628527969424,0.41800573539592834
19,0.1322508825971882,0.0017509454344728822,0.0362087530191226,4.6286184767926e-05,0.05747188536274627,6.935470327164315e-05,0.007347907353700167,0.00020234486556972549,0.020203971000783222,1.4458843541385032e-05,0.47027108727189043,0.016801095595161446,0.0007147155318990217,0.018479495287433916,0.008147837534349082,0.0002327802635142988,0.014680205523121395,2.910176520854482e-05,2.8426570783503102e-05,1.3434541710277002e-05,0.0022124656014334415,0.0008960659942025976,0.00018470101410097,0.002183717203440113,0.2095580809365869
20,0.12715120902479454,0.0013184077009255899,0.021301584260984142,1.7721442403232007e-05,0.028604751941471118,3.0265057496162663e-05,0.005057442337670012,0.00020648645013608878,0.011093639489431182,7.4006780454099995e-06,0.6184959504643649,0.01054732936776236,0.0006600914358744525,0.017360369834841686,0.0058238711913777465,0.00010195082337290661,0.009429356570041948,2.2285794708545178e-05,2.471139621042406e-05,7.9282802769328e-06,0.0024961016453263667,0.0011897366677947052,7.825980909973995e-05,0.0009109447262146597,0.1380622036093751
21,0.2257720458594437,0.000837496964834519,0.07226200512934597,1.414234277750092e-05,0.025696304728734815,1.1126036648263981e-05,0.004439808077089885,0.00016304673510409242,0.005573656851607868,4.6847780794527385e-06,0.4574524575009813,0.01923619444125598,0.0007029339087762615,0.01971044957650307,0.0014487086503917293,0.00018535197515837765,0.017204263466419137,5.031931539515405e-05,9.743086929861777e-06,9.22333046559721e-06,0.004003519358886542,0.00030166964370856005,0.00012475456735917598,0.0021884782896480367,0.14259761538445534
22,0.13655326602502968,0.0010538569070297709,0.029774483965408393,1.984908977907945e-05,0.03716158597088717,3.608786624557709e-05,0.006424045579373557,0.0001540192702715486,0.012851555786887578,6.605858937767858e-06,0.5310255087826755,0.014243643914774983,0.0005287681842396805,0.014458827110065053,0.005289142039161134,0.00016336097191775625,0.011678449322446986,2.5785157890115026e-05,2.208208690271623e-05,7.996059701197485e-06,0.002584689246586335,0.0006085904470096822,0.00013790200688586332,0.0017220997663904595,0.19346779858350233
23,0.1541451233016,0.0010292756229582942,0.034105322471367334,1.921240127262946e-05,0.03394166543088611,3.4593956952260976e-05,0.005548497565842551,0.00016901044776721709,0.009953505755870236,6.995972931169354e-06,0.5499388176277893,0.012461409988613571,0.0005273416213957666,0.014278094689464432,0.004285157508420347,0.00015372124532206502,0.01396939964752924,3.0428704659117075e-05,2.067142226064774e-05,7.88035756150319e-06,0.0029394707639262326,0.0005798261573179278,0.00014375016321860586,0.001483407932176722,0.1602274192428968
24,0.13100414940083044,0.002096992687001126,0.031898714960722246,4.6214321043927244e-05,0.043323018314197465,3.7763997219544026e-05,0.0066097275643733815,0.0002377270969806499,0.011085327712035149,1.2200979718759631e-05,0.5480499457290069,0.013340900723792765,0.0006714329947856745,0.020888327645742947,0.00580157052971918,0.00020731631740329872,0.02060783909334383,4.77667457585423e-05,4.313120768154168e-05,9.85706466226864e-06,0.004000053219575579,0.000732485884724641,0.00021053272377413048,0.0017125499420893144,0.1573244531438168
25,0.11988147468916349,0.0003913676560560389,0.019388608850548376,9.876752695122239e-06,0.03357553437873646,1.2884920015693981e-05,0.0057481006247422275,0.00022272510446936977,0.0038756537343032967,1.790870716811233e-06,0.730277346373598,0.010778547925578289,0.0003716046333965803,0.010422995123634786,0.0011245487766205606,5.1559293310818496e-05,0.007880313836749614,4.2603523838148374e-05,9.580587090743169e-06,4.9339110208770374e-06,0.0033960608849582566,0.00031334457418795143,6.953752220723269e-05,0.0005333405852595642,0.05161566486710161
26,0.24490779195828577,0.000718026193354067,0.0958864272855473,2.933664994509195e-05,0.06188819057299022,4.4610535652093e-05,0.0041057668211360145,9.317289382669505e-05,0.019225371842756307,1.120584912779371e-05,0.3769355369060741,0.007909753099788143,0.0005751684997406894,0.0196190792856008,0.0018677827730215035,0.0001390459983215769,0.013910870163614947,7.088582638427157e-05,1.0667110877012663e-05,1.5444531168367347e-05,0.003803812868920318,0.00021518828074077888,0.0005218002778339374,0.005877606734485628,0.14161745704080636
27,0.13561257481695346,0.001037955686149747,0.021203982392225002,2.0826366409651464e-05,0.035255838610906996,5.7159107171039796e-05,0.005740568444836131,0.0001777598404166721,0.02056550685473144,8.200706772869452e-06,0.5359297772948542,0.013164848269283812,0.0005221740759139787,0.013202598462393475,0.008030150820913632,0.00014318989172120775,0.007416135382057438,2.059905359222349e-05,2.498478994448303e-05,8.146361114921209e-06,0.0016288010139865478,0.0010531520295230055,0.00011085925473677867,0.001504000613499445,0.19756020985989178
28,0.1541451233016,0.0010292756229582942,0.034105322471367334,1.921240127262946e-05,0.03394166543088611,3.4593956952260976e-05,0.005548497565842551,0.00016901044776721709,0.009953505755870236,6.995972931169354e-06,0.5499388176277893,0.012461409988613571,0.0005273416213957666,0.014278094689464432,0.004285157508420347,0.00015372124532206502,0.01396939964752924,3.0428704659117075e-05,2.067142226064774e-05,7.88035756150319e-06,0.0029394707639262326,0.0005798261573179278,0.00014375016321860586,0.001483407932176722,0.1602274192428968
29,0.1541451233016,0.0010292756229582942,0.034105322471367334,1.921240127262946e-05,0.03394166543088611,3.4593956952260976e-05,0.005548497565842551,0.00016901044776721709,0.009953505755870236,6.995972931169354e-06,0.5499388176277893,0.012461409988613571,0.0005273416213957666,0.014278094689464432,0.004285157508420347,0.00015372124532206502,0.01396939964752924,3.0428704659117075e-05,2.067142226064774e-05,7.88035756150319e-06,0.0029394707639262326,0.0005798261573179278,0.00014375016321860586,0.001483407932176722,0.1602274192428968
30,0.1541451233016,0.0010292756229582942,0.034105322471367334,1.921240127262946e-05,0.03394166543088611,3.4593956952260976e-05,0.005548497565842551,0.00016901044776721709,0.009953505755870236,6.995972931169354e-06,0.5499388176277893,0.012461409988613571,0.0005273416213957666,0.014278094689464432,0.004285157508420347,0.00015372124532206502,0.01396939964752924,3.0428704659117075e-05,2.067142226064774e-05,7.88035756150319e-06,0.0029394707639262326,0.0005798261573179278,0.00014375016321860586,0.001483407932176722,0.1602274192428968
31,0.23944036755874218,0.001131118801579812,0.0643938720369048,1.6569891311847178e-05,0.01950859063680733,2.3126927890853496e-05,0.004500015382667764,0.00030640585611632523,0.005716796280706335,8.240208763826254e-06,0.47787884402854464,0.012673220284378504,0.0005625682487097167,0.015326122264231091,0.0022436913632261444,0.000217478273991221,0.020529249483841553,4.6066603702354196e-05,1.5573806492168775e-05,7.4736470008769e-06,0.0037417759048512197,0.000475918293461974,0.00013425014631674616,0.0011796758036664828,0.12992298826609408
32,0.1465751422286348,0.0010810890089953612,0.031866919841642666,2.186855639372595e-05,0.03450648153513546,3.847590760962264e-05,0.006233431828611383,0.00017583493660091462,0.010379644435277354,7.667122169149595e-06,0.554345001581493,0.012050811833129484,0.0005675360808053295,0.013658723331645433,0.005152164645064979,0.0001745441782392353,0.014649735467917865,3.230107880837325e-05,2.8491935534513822e-05,8.25992527394569e-06,0.0032997105840730056,0.0006333677541089984,0.00015677365190169614,0.0015593654350774728,0.16279665711585628
33,0.20279590021331192,0.0010473417430842584,0.01869139439753566,1.9955716489049356e-05,0.020514016308016615,1.1314025487368001e-05,0.0072336949305802384,0.00019013505881631523,0.0023988540571810257,1.8030360331228252e-06,0.6353192249864339,0.01973249059075922,0.0008950722105125611,0.005951855637035645,0.0016814268895663216,0.00013154663345193773,0.021316674575470016,3.3090161466910063e-05,2.2210002808951638e-05,3.7414788285864593e-06,0.003234163685591461,0.0006217170115315616,6.187360283460699e-05,0.0008705159437693306,0.057219987103403494
34,0.06571918150843012,0.002104626879174802,0.03792735683931175,2.292324905676411e-05,0.03750279031926931,5.046349059389311e-05,0.005819881752627122,0.00020327995494676384,0.012550410488636109,1.5700485460956725e-05,0.39956496208348713,0.018629241545560633,0.00040331795196939165,0.029007682370083523,0.005475911141178008,0.0003270119892806612,0.0251136283242326,2.35960169997617e-05,2.0452866227178877e-05,1.4368163877593621e-05,0.003065019635121492,0.0006497248836374361,0.00021911633235583645,0.001980536832358766,0.3535888148961225
35,0.46615506774393806,0.0005303895496115832,0.026362941259534287,1.6170621430131094e-05,0.008723042034378762,4.423430040554524e-05,0.006245979140376493,0.0003007062192500277,0.0075917318190479146,5.1382450411165894e-06,0.4042590744064067,0.012493682984025797,0.0008111800617234691,0.003668968092671887,0.001710408589211602,0.00024475469197908435,0.00848692464996003,8.158432928117246e-05,2.9228277585379208e-05,4.020214383364691e-06,0.0016455639947957448,0.000753098744776869,8.142522021568625e-05,0.0009613592803962805,0.048793325529572905
36,0.22746278896285582,0.0022996094309902515,0.043751894240939226,3.8738632666595397e-05,0.01477949004050449,5.2155837792241e-05,0.007721361584726472,0.0006157698328619726,0.014907274044883881,2.2126335917996356e-05,0.42798829989529913,0.020357514800001465,0.0010080046015618943,0.025731311491878142,0.007531589873375225,0.00048715775977725164,0.022039848558475322,6.089206745946371e-05,4.45274806533745e-05,1.2757197796270777e-05,0.002460573805660652,0.0017737067112579686,0.00013538839836930587,0.000991971260143234,0.17772524715415244
37,0.25424069872312716,0.0005707880053315649,0.05701003903894826,1.0923065743324586e-05,0.039848436400437046,1.435213691449448e-05,0.005673449213239121,8.300678015361063e-05,0.008182928221100937,3.0728452688720568e-06,0.473266549655837,0.013993846464794594,0.0007229923382925923,0.01286425516449849,0.0011491201706953038,9.33036912052538e-05,0.011293725315734192,3.9896239280433404e-05,8.592346836944576e-06,7.226832075835594e-06,0.0037727235367824756,0.00028229739398316807,0.0001299905857780914,0.0028218894802976655,0.11391589635364366
38,0.23956867531347478,0.0007561196500864914,0.03978895039192115,2.9090258431494006e-05,0.02128096063557326,9.113355357653995e-05,0.01323525148638631,0.00025940413703917756,0.00951697821303261,9.341864812555487e-06,0.49375066976128784,0.012696478319104702,0.0008672681048722102,0.006747927594020953,0.006700911804271977,0.0004383207380866275,0.019806655386184938,6.168688086922273e-05,5.914090860557548e-05,1.0132274620613465e-05,0.004099135985739276,0.0006860064632563817,0.0002402689108115065,0.0015869678482377531,0.12771252351569598
39,0.19165961603141524,0.0005989026506886331,0.03550818078571059,1.3357370575393496e-05,0.0177431016330344,5.1128863888945963e-05,0.009938833564678883,0.00036711441579566985,0.005131278473743598,4.789466395825547e-06,0.5605641413967268,0.01744964463181427,0.0005560198031363935,0.006475545790832896,0.0030581779905343867,0.0003328086210749118,0.019948186617232702,3.7454219275007444e-05,2.6142993953921774e-05,6.7554228350151285e-06,0.004075373208286988,0.0006432034797861427,0.00012799107930029337,0.0010015925361612685,0.12468065895312178
40,0.18022184832882146,0.0008199068681747156,0.030185915628513558,8.087805145780538e-06,0.024802203839599392,2.1238984924857278e-05,0.00342792788967803,0.00012206157090719485,0.006211249621945177,3.2357511079678535e-06,0.5638949030052082,0.013875791090126374,0.0004221895955936223,0.010913099724199023,0.0033178101898298723,7.409613542205244e-05,0.010296410858202905,1.1036326440805965e-05,7.099047646095665e-06,4.467053596874652e-06,0.0015802121369054842,0.0006936493540196997,5.187210833040067e-05,0.000722624090542405,0.148311062995118
41,0.14843319791050041,0.0007763709441039237,0.025625507195501464,3.205911165500926e-05,0.054172014120018736,6.191921999126483e-05,0.004216574868634268,0.00014785865954647124,0.015177902956881859,7.5776166697992166e-06,0.5454798249101119,0.011401805121401471,0.0003271459522230519,0.009629164115046626,0.009442630109830066,0.00012691374137967118,0.009048967874052356,1.9714873296597568e-05,1.7547724423033536e-05,6.748188830614079e-06,0.001161587617785218,0.0005156495624742881,0.00014648784421883245,0.0013451569266682917,0.16267967283475487
42,0.16809264492116757,0.0014489149750201915,0.020763292397336847,2.284232625062207e-05,0.022291827615954978,5.4287474190456104e-05,0.00691725115978476,0.00027285794675959704,0.009285512549191502,8.320855047243087e-06,0.5889697074301155,0.012824906570900086,0.0009152583851130812,0.00749613380974545,0.00822816710474305,0.00024641706254149143,0.015534497816725506,2.0020618501459265e-05,4.7959093954336023e-05,7.574323191043999e-06,0.002246439325915243,0.0018887759303326276,7.169005913941603e-05,0.000974578087056267,0.13137012216132188
43,0.13702090107770076,0.0011095971796301735,0.04060421838042857,3.070368460267012e-05,0.03931641334800672,0.00014287302484819543,0.006297114623513672,0.00030687638708237134,0.019449193105235327,2.7046958424014e-05,0.5337648504445042,0.00677346660845729,0.0006068069080730723,0.015510397901930912,0.009565999332949724,0.00025713425514519225,0.013242982943547345,4.361981892368581e-05,4.877268043066065e-05,1.6128427004997793e-05,0.004049995866645601,0.00102406934911504,0.00025232812839936445,0.0015204129389485906,0.16901809662645179
44,0.1541451233016,0.0010292756229582942,0.034105322471367334,1.921240127262946e-05,0.03394166543088611,3.4593956952260976e-05,0.005548497565842551,0.00016901044776721709,0.009953505755870236,6.995972931169354e-06,0.5499388176277893,0.012461409988613571,0.0005273416213957666,0.014278094689464432,0.004285157508420347,0.00015372124532206502,0.01396939964752924,3.0428704659117075e-05,2.067142226064774e-05,7.88035756150319e-06,0.0029394707639262326,0.0005798261573179278,0.00014375016321860586,0.001483407932176722,0.1602274192428968
45,0.13744349721315574,0.0006550604446506205,0.014864309825339653,5.757912629898395e-05,0.05510222966411955,0.00011373563290895472,0.018619315713935335,0.0002526556436721928,0.021705680654613226,5.872004999186048e-06,0.5647769253211887,0.016562157819028405,0.000738377920931504,0.005057123891784314,0.020578905890936867,0.00027430469752760735,0.00722144341410673,2.477239310498935e-05,6.000227727357079e-05,9.67999085687018e-06,0.0013189092980445379,0.0009669643758709555,0.00012589650004608737,0.0013337334472200704,0.13213086683838532
46,0.2616771839507667,0.0013851079463997602,0.01974454297967024,2.127762406226816e-05,0.016218351984666347,2.257321749417203e-05,0.0035047407103357127,0.0001480774295194361,0.0014451407268255565,2.3750287885203657e-06,0.5150696916371624,0.020351649433195573,0.0004971297206192074,0.0031216961865212643,0.003897832621617803,0.0001987697441494048,0.05645159836020361,1.1160209346803766e-05,1.5830939663627632e-05,2.5221687880869357e-06,0.0013894243063403285,0.0008570228224156472,7.509815955084701e-05,0.0006697375584868114,0.09322146453340971
47,0.17615233072078612,0.0011926286712222324,0.030670393342392,1.6730091251824575e-05,0.02708239918314722,3.052882305650774e-05,0.005539035642179791,0.00017095814163814078,0.008997352171893335,6.054309484849436e-06,0.5374154350051873,0.01513664184210142,0.0005987412148312411,0.011991050385101207,0.0041580101548858465,0.00016607664500923686,0.014154841733065462,2.481123079991075e-05,1.9783532430267488e-05,6.722126265677299e-06,0.002369585868307887,0.0007342923168704807,0.00010419297192305142,0.0013761457492635818,0.16188525812690557
48,0.19457001643595795,0.005388126869984699,0.032814378976396594,5.396672034177676e-05,0.020879647306986306,4.654762772008959e-05,0.006746634346525061,0.000391364793292698,0.004761398669090368,1.7139382970379218e-05,0.4613371910762313,0.016248694553067173,0.0007392711211998412,0.013444095867451,0.006946154625304275,0.0004270881545259398,0.07800429866095082,3.660184194126277e-05,6.52201130077156e-05,6.398241883111423e-06,0.0038825676038331354,0.001411476234690317,0.0002093366477868319,0.0009444668356386505,0.15062791729322278
49,0.1813644589088743,0.0009239414254584367,0.04348789396274434,1.7122138676535993e-05,0.03124620429098941,4.544827978706638e-05,0.005028984943545329,0.0001860413395626956,0.010066447135372357,7.042336662126012e-06,0.5334895387024452,0.014483408800875796,0.0005344909374413035,0.013324935229773302,0.0030549482011167444,0.00014487479048415656,0.013119271409433435,2.9213730658302873e-05,1.2137260651530649e-05,8.685578167463042e-06,0.00233043182102446,0.000577125617801706,0.00013367746922535043,0.001398616854290773,0.14498505883493804
50,0.14815330259475148,0.0011353982451294754,0.035235829217775,1.9360846291638616e-05,0.03338599343474688,3.673317540940999e-05,0.006564486800935364,0.00019395825068217496,0.011140112339873259,8.279877349508897e-06,0.5437822550996049,0.012702898724391915,0.000598100777393353,0.015819903749713808,0.004617070786314886,0.00016530606594739977,0.013470884594627074,3.139928547060444e-05,2.491448449829606e-05,8.491180992218726e-06,0.0032900581673645426,0.000672025172078532,0.00013614248254095867,0.0014138017675274608,0.16739329287858973
51,0.12905307915401507,0.019996705502564542,0.01791602290319304,0.00010369210648253642,0.02060582282444255,1.2880408521563954e-05,0.0018410280289205881,0.000784497021268099,0.007081327464865796,2.3161288874688866e-05,0.5901579048898694,0.021872758412786457,0.0008671233604201352,0.05087054408162058,0.00834110163350595,0.00010136234028153949,0.013844178448993043,2.250895159475835e-05,3.210282875935782e-05,5.064637894953036e-06,0.0010853052495979028,0.003186478757986131,3.075670573821937e-05,0.00030923396717481535,0.11185535903062835
52,0.27816061940829123,0.0009555605718178458,0.04470255860071538,6.864642291934796e-05,0.017526933171931967,0.00013216731043560171,0.0037844347176059483,0.0005226235059092897,0.018036271226529264,5.636412078859485e-05,0.49191283341150266,0.006154303747528341,0.0009581261101076962,0.01488615870913813,0.012191965148135033,0.0004992304785893082,0.011061661741880308,0.00017919763410154747,8.16037052155371e-05,2.405219194370434e-05,0.0020071060851252443,0.0010801050554472814,0.000258533621002991,0.0013463438368355634,0.09341259946650221
53,0.11750395856188174,0.0005539497851860493,0.021851445781321283,1.2874990977632457e-05,0.030866961268770764,4.4206524756502476e-05,0.015440821160414252,0.00016600736029152974,0.013824123704981602,3.0400602888588354e-06,0.550983439177323,0.02064826735490776,0.0004320907448048524,0.011541720063929973,0.004520716012350463,0.0001609232888352489,0.009153741740071619,2.7755630522664917e-05,1.9200509110697528e-05,6.927828357916605e-06,0.002731663742746865,0.00045888028923600147,0.00016032240567703232,0.001327079379958297,0.19755988263329743
54,0.054248351634562396,0.0016893941128341948,0.02825878696163143,9.146848403231424e-06,0.02071612632109234,1.8218024066053123e-05,0.0032701778569958237,0.00010273928796536289,0.014775573462126023,9.700233225674132e-06,0.24375291093388,0.01958254206713965,0.0002702235194109481,0.026588778086898784,0.007262860911274721,0.0002496621743754429,0.008827277882012315,8.244868538111865e-06,1.1339725566019473e-05,8.04413274706719e-06,0.0011266899448614824,0.0005218990384817135,7.286991669803176e-05,0.0016249308242948875,0.5669935112309182
55,0.14468920176604444,0.0004521044504131411,0.021785734713116036,1.5511626951898625e-05,0.05395922049404195,2.6254903124719042e-05,0.0144415042799685,8.286374849585152e-05,0.018774081311707207,1.594519944823287e-06,0.5073318172351541,0.03593712609786802,0.000519696446416285,0.00851109383744926,0.002392398531640742,0.00012409473310905764,0.005523091864135777,2.6984787276352953e-05,1.2832872403507603e-05,5.256336709204726e-06,0.0018489368641597542,0.00028527127647225386,0.0001228386872170381,0.0033863775129314194,0.17974411110324862
56,0.1587568916483101,0.0010376301509568723,0.03372634304807115,1.8929552666735636e-05,0.03313923576670237,3.288930876144253e-05,0.005701933483288093,0.00016808086019341563,0.009776614564248758,6.639905027135e-06,0.5519673042424709,0.012862948682976464,0.0005685184929505713,0.014044227069723216,0.0041099719476360335,0.00014951119903758566,0.01368107975864527,3.027001463686976e-05,2.063392857511206e-05,7.893080818678924e-06,0.0029540496217812916,0.0006041529556484514,0.00013645916940695758,0.001500194637946847,0.15499759690951978
57,0.13664723324863454,0.0015705829022719777,0.03287658473767472,1.777704855786326e-05,0.0285257926648693,2.2304637006621807e-05,0.008471029801646905,0.0001815955808355291,0.007794967702336988,6.372012098486835e-06,0.5478853332783055,0.01577101268709732,0.0009130125116036165,0.012735036173205627,0.004325249711730521,0.00023649389197036722,0.01757101360179844,2.7939869047808212e-05,4.457029744402652e-05,7.703566613367634e-06,0.005109709253110062,0.0007944650328822484,9.85650445154833e-05,0.001748116887707351,0.1766175378570353
58,0.14246383789281797,0.0010057339869024378,0.0352805075747434,1.9986675151162036e-05,0.043240420204050806,3.3788550769605164e-05,0.006064397256995013,0.00012843680102643567,0.012312984032916318,6.6813828715989754e-06,0.5248619241717815,0.013056238556903724,0.000598840462214687,0.014458828095224368,0.004202626890200782,0.0001583530283863039,0.012818576157492401,2.9422718006353006e-05,2.1598382951997162e-05,9.412601022414111e-06,0.0032642822752093417,0.0005255844347620616,0.00016706547537844097,0.002431894766839133,0.18283857762538192
59,0.14472929538220713,0.0010454967385510917,0.04409234244263964,1.8762106490327665e-05,0.04188920945680053,3.3518870245790984e-05,0.005377559297430208,0.00013802905516863487,0.011699472933135101,8.01100477167306e-06,0.5063606244271666,0.012210727151204732,0.0005745448875246206,0.016647884684947937,0.0037710769647933905,0.0001694255519851979,0.014319613589559332,3.14060012838172e-05,1.8998662188761646e-05,1.0369266473584453e-05,0.0035598463728939876,0.0004923876816410464,0.00017465463837265319,0.0023953324605322257,0.19023141037199193
60,0.1541451233016,0.0010292756229582942,0.034105322471367334,1.921240127262946e-05,0.03394166543088611,3.4593956952260976e-05,0.005548497565842551,0.00016901044776721709,0.009953505755870236,6.995972931169354e-06,0.5499388176277893,0.012461409988613571,0.0005273416213957666,0.014278094689464432,0.004285157508420347,0.00015372124532206502,0.01396939964752924,3.0428704659117075e-05,2.067142226064774e-05,7.88035756150319e-06,0.0029394707639262326,0.0005798261573179278,0.00014375016321860586,0.001483407932176722,0.1602274192428968
61,0.15590864706531013,0.0009380815495181436,0.0461596892277428,1.7746737702622566e-05,0.041735227827119865,3.2915697981711395e-05,0.005227276995090625,0.00013613436305756933,0.01219210608822281,7.644537511982498e-06,0.5076012201735817,0.011889073450624394,0.0005651539979666824,0.016464257890124102,0.003308351922574358,0.0001504862332215646,0.012801681744647308,3.26411411265425e-05,1.7116392323179714e-05,9.776707393091436e-06,0.003479575338672489,0.0004640855564751701,0.00017039257867142843,0.0023951608556933212,0.1782955559276464
62,0.1541451233016,0.0010292756229582942,0.034105322471367334,1.921240127262946e-05,0.03394166543088611,3.4593956952260976e-05,0.005548497565842551,0.00016901044776721709,0.009953505755870236,6.995972931169354e-06,0.5499388176277893,0.012461409988613571,0.0005273416213957666,0.014278094689464432,0.004285157508420347,0.00015372124532206502,0.01396939964752924,3.0428704659117075e-05,2.067142226064774e-05,7.88035756150319e-06,0.0029394707639262326,0.0005798261573179278,0.00014375016321860586,0.001483407932176722,0.1602274192428968
63,0.1490341300797468,0.001317943318523874,0.032108306177301316,2.0224914782784524e-05,0.032331230334113746,3.252648255868275e-05,0.005241824583933924,0.0001794958446015986,0.009715115619883917,7.626819328975232e-06,0.5459754451997285,0.013252046951241606,0.0005450261439137557,0.0152099777478055,0.004572772575101645,0.00016229480556438102,0.015140679710105976,2.8363057460932276e-05,2.256738764095466e-05,7.681166678485058e-06,0.0028767035659458978,0.0006732266812533974,0.0001341400710786455,0.001457099557345934,0.1699535512043587
64,0.14636131399402774,0.0009804757609772994,0.0388589032676366,1.599144288278419e-05,0.03593532411118379,2.715938382354252e-05,0.0061287942158840154,0.00016251163390686808,0.008333685953566802,6.268677773571139e-06,0.5596111862030274,0.011214427883878279,0.0005721470376989281,0.015777117463871258,0.0031423272012984947,0.0001444133964883991,0.015710082894024365,3.493721381476197e-05,2.2152573176294565e-05,8.090810678637877e-06,0.004851619950729064,0.0005109159430409397,0.00015247209502179562,0.001581373780220047,0.14985630711136827
65,0.15546229162909705,0.00012950337796235369,0.004686226791597889,4.8039332696199277e-05,0.025633680616703253,0.00016592470435875426,0.013291351193927822,0.0001308331599940016,0.0015521645842574545,1.11783868242327e-06,0.7354732753609714,0.005140873645002809,0.0001829939434214418,0.00043330813849467274,0.00971028765759809,0.0001539455107000301,0.020797217935395514,4.711451984797387e-05,9.945575917758987e-05,1.6261461255772308e-06,0.001980537636193888,0.0002092334473649145,0.0003419052102765751,0.00035436731775833605,0.023972724542393877
66,0.11208119376137508,0.0013116852124560724,0.023106097787847325,2.5007567035809467e-05,0.03730310574201451,5.252760645760104e-05,0.005148572300046486,0.00013931062381324771,0.012222828336501478,8.27097933953479e-06,0.5205431311022688,0.012548316141752723,0.00035176085647698705,0.01464632967736604,0.0072605322550442835,0.00017691091358184802,0.01768283726337153,2.5083404676796298e-05,2.9535603324744294e-05,6.913107776329598e-06,0.0027034706170754206,0.0006295256163107577,0.00023973454986185895,0.0017737126053094725,0.22998360636891524
67,0.19188586445072367,0.0007354224539327364,0.10109603008045812,2.3652678836471857e-05,0.03453158023682382,3.266846186540855e-05,0.004240527004500522,0.0001666270634519485,0.005702922646400357,1.1183393292148089e-05,0.468997892847942,0.0068334632446224106,0.0005617795415694169,0.02037530615628236,0.002030809670342673,0.00018429855374131355,0.028590263431421428,8.17062691148645e-05,1.6772025722184597e-05,1.4849327480814233e-05,0.008062610929587554,0.00022469960620853115,0.0004653974815732016,0.0023443771653409618,0.12278929527876521
68,0.14539731737176864,0.000980698606587371,0.03951229692656071,1.936729735207092e-05,0.03806650268800184,3.61950519530622e-05,0.005515762618436056,0.0001525319071744563,0.01208368681536769,7.613815302673881e-06,0.5210500988575331,0.01302116885821425,0.0005096662363251603,0.017148096899972133,0.004157019436684588,0.00014877922892695818,0.012834266548528645,3.0352204864249046e-05,1.733194581919198e-05,9.051488045977155e-06,0.0028591469586027735,0.0005069940578076259,0.0001636098878039381,0.0017786316457656074,0.1839938126466012
69,0.148541811118252,0.0007297316199380594,0.08806137257016405,1.5398277833069875e-05,0.03184019497862933,3.286869465589753e-05,0.006733109674490916,0.00022948777075161063,0.011317366722590946,1.1281673372585569e-05,0.46432054783093746,0.011054945182434757,0.0005888274186803062,0.030297763637662567,0.00219714647481389,0.00019659770176618655,0.013954475533247829,7.401895925202014e-05,1.6845199970490493e-05,1.609526472025374e-05,0.007310235999761027,0.0003123532479381145,0.00026882967442773956,0.0021796587514075253,0.1796990360223014
70,0.16330946949211145,0.0012284484331798549,0.03447070638764622,1.629657569206287e-05,0.023631587431725318,3.3873886142164806e-05,0.00531540055277942,0.00019846261864557533,0.008233127255478168,8.673086886457718e-06,0.5372323480806237,0.012804263036713125,0.0005937055622203028,0.013708755902619553,0.00418999526958945,0.00023052096063103274,0.017556908504865302,3.583090890471374e-05,2.8203435596708224e-05,8.105906122699027e-06,0.003492337598002054,0.0007168152523796587,0.0001340677564956231,0.001472029259987265,0.17135006684496215
71,0.059863478989249846,0.0011195746265957335,0.060759397586750745,1.3125148546849951e-05,0.09520979998685726,2.0008645067344015e-05,0.009759946183066878,0.00014455734671116972,0.030044896380405244,1.0765387878811995e-05,0.3804303395300451,0.011045946040215492,0.0005159172111091897,0.06982177491995273,0.001804297769247787,0.00012922237233868684,0.008368267717560381,5.577439682591826e-05,1.3995620472277043e-05,2.292228501209559e-05,0.009219926595456241,0.000278339884794263,0.0002441711311115939,0.003580140529801707,0.2575234137149267
72,0.15327572994702257,0.0009821586493733955,0.03391986358513251,1.793588070042822e-05,0.03537086458515287,2.9668729200467632e-05,0.0045671739593869465,0.00014851405762962582,0.009503707550600782,6.484191627507822e-06,0.5550637048341013,0.011533719024245118,0.0004719087378063126,0.01502789088072431,0.003758665302198773,0.00012739431281411786,0.013312571371559789,2.954244873080195e-05,1.75825896496671e-05,7.255672046520569e-06,0.002880707730489719,0.0005129034571683873,0.00014600783789128153,0.001543118980544183,0.15774492568420256
73,0.17277248616300694,0.0004754020580656443,0.05957617129641371,4.144817865908437e-06,0.013023494299548735,7.221359648492427e-06,0.0013334573630887213,0.0002202834479293225,0.0021439006930404248,4.447544590390521e-06,0.6529788938546499,0.004226432104714808,0.00029432048063321046,0.030294890582876148,0.0004255941340091114,2.412045577593714e-05,0.008977236280227209,6.165841358428821e-05,4.609793407507101e-06,4.1437205657907076e-06,0.0073018770789308185,0.00024405495023387559,6.933178741440808e-05,0.0003008535238801514,0.045230973795898445
