,0,1,2,3,4,5,6,7,8,9,10,11,12,13,14,15,16,17,18,19,20,21,22,23,24
0,0.12885361379816668,0.0011351525434505618,0.01806051907636697,1.0670682307116588e-05,0.0226974063149041,4.224051589523112e-05,0.004381258370720519,9.018049749122711e-05,0.014744733086811663,7.2551471165144374e-06,0.5388309904218024,0.00981071919039025,0.0005652558214258304,0.010657601567243822,0.007718569489784162,0.00014418375508620877,0.00828158263050565,1.637728580968381e-05,3.3099844009075265e-05,6.492047750208097e-06,0.002060777159519914,0.0011158236929399064,8.87935283333933e-05,0.0016435720119613755,0.22900313152020743
1,0.13755938997254796,0.001194564670080399,0.03075264419961231,1.456072830592446e-05,0.026648620410672723,5.250123432732043e-05,0.006344937859709021,0.00010952016411243597,0.02000928738019794,1.1565436982256502e-05,0.45180809664743743,0.0111625722435533,0.000781373748529203,0.011659837768121715,0.008265260447856138,0.00028853987497139664,0.009745393633620968,2.371053217670883e-05,4.7715452944409145e-05,1.0384589670500163e-05,0.0028427425212288744,0.0009704301126849794,0.00012087534821331677,0.002792319620837483,0.27678315540160514
2,0.09373416292701588,0.0011394309041775064,0.018266268155657083,9.56707685069678e-06,0.02870756724402948,3.0325492042024867e-05,0.0036438107783618697,8.470100518307645e-05,0.014860027559119564,7.026338634913786e-06,0.4935350486732562,0.010795412888796199,0.0004380260249794993,0.014541461326189069,0.008707232329629775,0.00013913485244825867,0.007776009647156965,1.2311455747180381e-05,2.3490291496396604e-05,7.492149447185675e-06,0.0018309134632154833,0.0009541476453416904,7.777636303089561e-05,0.001688742892412984,0.29898991251578005
3,0.14013903855439283,0.001192548153575493,0.01922341465503938,1.1735248965120066e-05,0.024634409503946457,3.58079986728354e-05,0.004539348717745799,8.861388704290864e-05,0.011486689638425638,6.0395994766244115e-06,0.5408846045431827,0.011215709825098176,0.0005794966729011011,0.00928933971414584,0.006933705607553473,0.00015610965019840147,0.010563552209498181,1.6000043436461587e-05,3.102589793878324e-05,5.958168578840275e-06,0.0021330451820990083,0.0009911706805797503,8.795288965226589e-05,0.0017143290973752167,0.21404035386047882
4,0.14125578515014242,0.0012885304393567012,0.02075452234117876,1.1542428694644191e-05,0.025450827558425877,2.909725227407983e-05,0.004720796883339628,8.921837856089528e-05,0.011718434694213157,5.9755484628107635e-06,0.5441971967116118,0.011618240036828207,0.0007085344069392401,0.011091393998786685,0.005987096706330023,0.00014131799053897592,0.010048439027156882,1.705086939176765e-05,3.0176940633383684e-05,6.679214521162505e-06,0.0024309745552892046,0.0010579252632701855,8.005757169467498e-05,0.001830966355731964,0.2054292196766268
5,0.15542331708942156,0.0011760679768456372,0.02368713712760188,1.734860352761725e-05,0.030901806902120705,4.0845325427073424e-05,0.00472012322132012,9.899364801789971e-05,0.012730321524254904,7.93065804744484e-06,0.5533835929291757,0.00988276821667787,0.0006815534440258528,0.0111143986490305,0.005816414097598574,0.00016040436679660668,0.011198111342478737,2.9185376742133447e-05,3.5378507905347445e-05,8.217196793151708e-06,0.0027498962086725002,0.0008414779306233436,0.00013303644628149738,0.002183134629778317,0.17297853858083495
6,0.14013903855439283,0.001192548153575493,0.01922341465503938,1.1735248965120066e-05,0.024634409503946457,3.58079986728354e-05,0.004539348717745799,8.861388704290864e-05,0.011486689638425638,6.0395994766244115e-06,0.5408846045431827,0.011215709825098176,0.0005794966729011011,0.00928933971414584,0.006933705607553473,0.00015610965019840147,0.010563552209498181,1.6000043436461587e-05,3.102589793878324e-05,5.958168578840275e-06,0.0021330451820990083,0.0009911706805797503,8.795288965226589e-05,0.0017143290973752167,0.21404035386047882
7,0.2550818649442189,0.0006777832943898739,0.013740673930550224,6.196371870484696e-06,0.010310120298927108,1.6512311854573056e-05,0.0035514828560383174,8.381507436593071e-05,0.004039423391527803,2.1902914101449743e-06,0.6264421657179015,0.007710494851151052,0.0009325071991215006,0.003100421918789895,0.003238038439203308,6.583575489912303e-05,0.005676110272276446,1.2362858138576369e-05,2.1019104954879246e-05,2.8215377068922744e-06,0.0012972693283742995,0.0011028975507903769,2.224498957477235e-05,0.0005918776615788121,0.06227387005038521
8,0.16746010268460673,0.0013589971652326136,0.04960716859788278,1.4699114542918854e-05,0.027146540172989776,2.9186857851407563e-05,0.0015603697083989357,4.546209129366842e-05,0.01361975116174857,1.1534402934840118e-05,0.3038198051311655,0.009540375500895126,0.0004628561124153124,0.013333473384368483,0.006530915583964142,0.00020080724912604716,0.013404492184864227,1.1206906804028167e-05,1.1869428575008503e-05,9.072238203992883e-06,0.0012837256316443665,0.0005057353925668558,0.0001597369536269859,0.005035704029741626,0.38483641231455606
9,0.09621086235418416,0.0019524407805498328,0.06016103962611959,1.692782423218151e-05,0.02533943043038343,2.922213386279004e-05,0.001930392392105447,6.931123921239398e-05,0.017826773176866074,2.422012255813848e-05,0.2573440951898752,0.00905011080391913,0.00056090595910379,0.024930046567238327,0.006949893371043232,0.0003414064187149392,0.013788089416730487,1.684579001667267e-05,1.98041812589578e-05,1.7333791254105536e-05,0.0020415074659553053,0.0005451725430230098,0.00017821438254425048,0.005776544476977103,0.4748794095622714
10,0.14013903855439283,0.001192548153575493,0.01922341465503938,1.1735248965120066e-05,0.024634409503946457,3.58079986728354e-05,0.004539348717745799,8.861388704290864e-05,0.011486689638425638,6.0395994766244115e-06,0.5408846045431827,0.011215709825098176,0.0005794966729011011,0.00928933971414584,0.006933705607553473,0.00015610965019840147,0.010563552209498181,1.6000043436461587e-05,3.102589793878324e-05,5.958168578840275e-06,0.0021330451820990083,0.0009911706805797503,8.795288965226589e-05,0.0017143290973752167,0.21404035386047882
11,0.14870455694432516,0.0011921482511415068,0.019358744828491058,1.1837245629803496e-05,0.024779248366329724,3.203973532727244e-05,0.004772899193917509,8.688366219949527e-05,0.011204036182683985,5.524629272507325e-06,0.5439600228631244,0.011792775796900877,0.0006822928643049329,0.009015997478482878,0.006520184970215403,0.00015274619675037447,0.010249441598728887,1.603560744434574e-05,3.1172492393911024e-05,6.218842605180295e-06,0.0021868332376286017,0.0010496381147540295,8.085833089755732e-05,0.0018464460917365399,0.2022614164747141
12,0.06690651554568486,0.00044919008577887774,0.024866680818711587,3.0945249753866484e-06,0.10163312511748354,2.1312443424091027e-05,0.001594076426076714,1.9025955768134085e-05,0.012196638310551126,3.4327013025183702e-06,0.47567718099214085,0.005241031048785736,0.00016163661088455518,0.016717801472918317,0.002216730789213484,3.3041801690475375e-05,0.00802060307075695,8.167332768206367e-06,3.6045074173698405e-06,7.77470203324248e-06,0.0023473047246934022,0.00027199504436635193,0.0001316242014486524,0.0028514188838801944,0.27861699288724534
13,0.07449086923725952,0.0006356517902380698,0.00626301424497198,2.4115189106006733e-06,0.013896494061422359,5.21294416657e-06,0.0017447734188843576,5.853294996530849e-05,0.003665063507907393,9.814981644462785e-07,0.7184257336785325,0.011249294880213773,0.00027517561193562815,0.007965741758827938,0.004062450385199588,3.107503455453672e-05,0.0037968761863462707,3.85237197450043e-06,8.17665261821062e-06,1.949759392090304e-06,0.000959872022542427,0.0009095784708673159,1.1626867998197529e-05,0.0003931946484348803,0.15114239649867175
14,0.05083613718538051,0.0023016142313927344,0.0037874953974584083,1.0094734253882452e-05,0.05764038026982081,4.999337066508055e-06,0.0019818387661105405,2.7726122554662682e-05,0.0015569150478828306,1.6162218582026825e-06,0.8356053105540961,0.003203383519171295,0.0005620853323127567,0.00443557267335996,0.0007572436296490649,1.3213097655945039e-05,0.009467702936568836,1.7360530111307413e-05,4.1337505471494455e-05,1.570996920693292e-06,0.005395375953586641,0.0005398993268479508,2.6968933072767e-05,0.0006372682420643115,0.021146889455331698
15,0.14013903855439283,0.001192548153575493,0.01922341465503938,1.1735248965120066e-05,0.024634409503946457,3.58079986728354e-05,0.004539348717745799,8.861388704290864e-05,0.011486689638425638,6.0395994766244115e-06,0.5408846045431827,0.011215709825098176,0.0005794966729011011,0.00928933971414584,0.006933705607553473,0.00015610965019840147,0.010563552209498181,1.6000043436461587e-05,3.102589793878324e-05,5.958168578840275e-06,0.0021330451820990083,0.0009911706805797503,8.795288965226589e-05,0.0017143290973752167,0.21404035386047882
16,0.12311311972204651,0.0009985684750499148,0.009571675091166913,6.691352405713634e-06,0.015985671805631086,1.9943407444169975e-05,0.003806594210785948,9.077282359951196e-05,0.006957730006836709,2.9882169859721936e-06,0.6108152401900601,0.01364477398413885,0.00042651710818086033,0.00772353901825025,0.007268483872653313,0.00010449844867848873,0.007683174794794718,1.0670898616726567e-05,2.6470271273537297e-05,3.1673198973778637e-06,0.0015119514314213876,0.001230694220527294,3.942214971918216e-05,0.0007608790581743727,0.18819676212166125
17,0.14166572774898162,0.0010715261063138442,0.018834065522736344,9.67856946169895e-06,0.027963348526709918,2.809520803860207e-05,0.0047834876436073015,7.530305169313025e-05,0.010705181312186412,4.3891567427942436e-06,0.5618080690268988,0.011415140985593528,0.0005887048358462445,0.009534916347578363,0.00492075426033801,0.00011634888854975701,0.010123405407390889,1.5728635706699825e-05,2.4736249784759864e-05,5.4925451094804316e-06,0.002441147442540256,0.0008936671764221067,8.276604163757776e-05,0.0017769150407357572,0.19111140426939588
18,0.06183459216991043,0.0009818134240150828,0.018240489414817047,4.4680526262813525e-06,0.017771126786789302,2.1988917170235617e-05,0.004121917080002477,4.911578271906505e-05,0.01003261259601468,4.8625396354147195e-06,0.3345631649184048,0.013051255410206557,0.0003121869006547637,0.012767243059765912,0.006319303595432973,0.00021822147207601497,0.011731380812260737,8.87856280582707e-06,2.3197653705932835e-05,5.955411333455496e-06,0.0025789378353938317,0.0006360145369827486,9.251735986014611e-05,0.002272150607636969,0.5023566050997792
19,0.11891494459445258,0.0019818399288875944,0.020107737921815468,2.7446720171737706e-05,0.04075234016792433,6.992331531225336e-05,0.005899201719314547,0.00010429927587270502,0.022705172223815448,1.2151274299910393e-05,0.45748082356820746,0.014834345086347372,0.0007704108548579655,0.011803090858433252,0.012853509192589806,0.0002314217930050669,0.010939201063600645,1.510482165005733e-05,4.184031942302703e-05,9.922579278010152e-06,0.001591624383253107,0.0014989728535488292,0.00011095810374827388,0.0024718007334954798,0.27477191664669487
20,0.11565978193217626,0.001516674222403458,0.012077613300069652,1.0807641277530659e-05,0.020772629610303423,3.131946275713268e-05,0.004133231474636065,0.00010754652550151575,0.012743542418207694,6.3661497199660965e-06,0.6054029927061972,0.00949668954501078,0.0007204582904187979,0.011224823906634294,0.009347406728761902,0.00010406061995087201,0.007163850430192643,1.175064692547933e-05,3.687453458556498e-05,5.9793422824100905e-06,0.0018120920922015367,0.002001979844170385,4.828733781033474e-05,0.0010596478192524328,0.1845035934185527
21,0.21046013671645722,0.0010055370397243188,0.0414857824197115,8.967815973165152e-06,0.019351496207364195,1.2135421930684066e-05,0.0037651632540959368,8.831580341404217e-05,0.006710486789283822,4.205758233296258e-06,0.4660517820357709,0.017735278511594715,0.0007933796556369513,0.013162694967477488,0.0024678780002687687,0.00019368039923264114,0.013381205178541846,2.707029045689705e-05,1.530361839698516e-05,7.179266454818273e-06,0.002982716800762701,0.0005387069966773639,7.900677264378385e-05,0.0025929227175064853,0.1970789675623896
22,0.12256904763554996,0.0012023813048674282,0.01657358356532598,1.1937053693538327e-05,0.02652741936174062,3.677148638439917e-05,0.005163939386107822,7.96876872610836e-05,0.014543727273257716,5.623923190469846e-06,0.5148497964026599,0.012598986211942232,0.0005724059041158657,0.009265102913317657,0.008399192385988153,0.00016325602432430255,0.008728111051776474,1.3396902513046497e-05,3.261208202286325e-05,5.95428828963966e-06,0.0018520251559823527,0.0010239951502796967,8.318373639245314e-05,0.001955353569135516,0.25374250954388095
23,0.14013903855439283,0.001192548153575493,0.01922341465503938,1.1735248965120066e-05,0.024634409503946457,3.58079986728354e-05,0.004539348717745799,8.861388704290864e-05,0.011486689638425638,6.0395994766244115e-06,0.5408846045431827,0.011215709825098176,0.0005794966729011011,0.00928933971414584,0.006933705607553473,0.00015610965019840147,0.010563552209498181,1.6000043436461587e-05,3.102589793878324e-05,5.958168578840275e-06,0.0021330451820990083,0.0009911706805797503,8.795288965226589e-05,0.0017143290973752167,0.21404035386047882
24,0.11988389403798873,0.0024073835785913362,0.018066684428594302,2.788634605909558e-05,0.031418924461947335,3.9169231571020915e-05,0.0054101024997143185,0.00012432843103749345,0.012814390673768473,1.0465874869995119e-05,0.5410167977006137,0.012036063263468302,0.0007373005286105661,0.013546098293599288,0.009370151204354875,0.00021016578546061588,0.015530856408490258,2.5003899854741344e-05,6.411551670160791e-05,7.4496582863550005e-06,0.0028970709305051476,0.00125139468377329,0.00012839518236027798,0.001981190153952042,0.21099471722582672
25,0.11181945738098538,0.0004600946297439327,0.011157862612431058,6.149976454570849e-06,0.025095017248435065,1.3528213185431984e-05,0.004846286117435252,0.00012079366313937163,0.004539852121705996,1.5591151685927918e-06,0.7430469507699724,0.009969459163670936,0.000418323168251864,0.006950511070326336,0.001835685232073793,5.302445124417703e-05,0.006083446177791357,2.319411480160135e-05,1.4635141329627505e-05,3.8144688957296905e-06,0.0025439414809616573,0.0005464591891653793,4.3331125311216254e-05,0.0006248551507901562,0.06978176821672896
26,0.23199462382617977,0.0008797756520367737,0.05573718790132904,1.8684345274557876e-05,0.04668583701592522,4.829436468348345e-05,0.0035484472165575884,5.18808933386296e-05,0.023036207963257626,1.00782995927053e-05,0.39217752403269013,0.007541347712133555,0.0006630463019157485,0.013334464936347304,0.0032232420371577936,0.00014863080886948159,0.01105321622113152,3.8569865736509157e-05,1.7023450722010393e-05,1.2121181441902869e-05,0.002886702337569172,0.00039345555867843356,0.00032773748600357406,0.006961913524161505,0.19920998706726611
27,0.12050539493544772,0.0011725518980763858,0.011754926807684299,1.2387042883900163e-05,0.02493546742328072,5.717552142894114e-05,0.004577005852067607,9.080330071143903e-05,0.02284303427045703,6.884027908759927e-06,0.5142506109895585,0.011543046205824498,0.0005596622507710745,0.008388061712288522,0.012528008107560759,0.00014198365790094925,0.0055314639587736355,1.063684715531591e-05,3.644360419508754e-05,6.0026837213773784e-06,0.0011649143289145856,0.0017367841291187967,6.645409639750284e-05,0.0016945268934675179,0.25638576945440517
28,0.14013903855439283,0.001192548153575493,0.01922341465503938,1.1735248965120066e-05,0.024634409503946457,3.58079986728354e-05,0.004539348717745799,8.861388704290864e-05,0.011486689638425638,6.0395994766244115e-06,0.5408846045431827,0.011215709825098176,0.0005794966729011011,0.00928933971414584,0.006933705607553473,0.00015610965019840147,0.010563552209498181,1.6000043436461587e-05,3.102589793878324e-05,5.958168578840275e-06,0.0021330451820990083,0.0009911706805797503,8.795288965226589e-05,0.0017143290973752167,0.21404035386047882
29,0.14013903855439283,0.001192548153575493,0.01922341465503938,1.1735248965120066e-05,0.024634409503946457,3.58079986728354e-05,0.004539348717745799,8.861388704290864e-05,0.011486689638425638,6.0395994766244115e-06,0.5408846045431827,0.011215709825098176,0.0005794966729011011,0.00928933971414584,0.006933705607553473,0.00015610965019840147,0.010563552209498181,1.6000043436461587e-05,3.102589793878324e-05,5.958168578840275e-06,0.0021330451820990083,0.0009911706805797503,8.795288965226589e-05,0.0017143290973752167,0.21404035386047882
30,0.14013903855439283,0.001192548153575493,0.01922341465503938,1.1735248965120066e-05,0.024634409503946457,3.58079986728354e-05,0.004539348717745799,8.861388704290864e-05,0.011486689638425638,6.0395994766244115e-06,0.5408846045431827,0.011215709825098176,0.0005794966729011011,0.00928933971414584,0.006933705607553473,0.00015610965019840147,0.010563552209498181,1.6000043436461587e-05,3.102589793878324e-05,5.958168578840275e-06,0.0021330451820990083,0.0009911706805797503,8.795288965226589e-05,0.0017143290973752167,0.21404035386047882
31,0.22270146438709784,0.0013491400474935583,0.037001727969817766,1.046480820507863e-05,0.014747274571765086,2.4865206297049146e-05,0.0038107829955937394,0.00016389746546012447,0.006871540169686923,7.3140877691916065e-06,0.48590364989759277,0.011758654431927364,0.0006367530374544335,0.010269173999210577,0.003787636779902399,0.00022632860013945775,0.015897742166839528,2.4792563722317994e-05,2.4227451792993327e-05,5.832531674547496e-06,0.002787809004334981,0.0008419212752387392,8.480756070445859e-05,0.0014116667024891213,0.17965053228779004
32,0.1330099556287159,0.0012480205228282736,0.017934121991744913,1.328977913060871e-05,0.024967837300965603,3.964028487754566e-05,0.005074985704392127,9.187217766408898e-05,0.011936406812386597,6.589855520291229e-06,0.5436361453265774,0.010822771407161124,0.0006211234299219597,0.00886894898044108,0.008286034536590135,0.00017636298501154767,0.011037997057629862,1.6919510815199284e-05,4.239994175453979e-05,6.222647928052099e-06,0.002382881470629129,0.0010779926054896806,9.550729080196101e-05,0.001795523518189793,0.21681044923283235
33,0.18778721567409007,0.001255715005292925,0.011071220823335703,1.2421381811060451e-05,0.015663346907232267,1.2382982215777934e-05,0.006084086477986914,0.00010138926277198741,0.002943103273065364,1.6594708509400887e-06,0.6452014620592956,0.018286763126418113,0.0010051194495073125,0.004071958406315918,0.002877613884013267,0.00014081581141857727,0.016764101228139087,1.7842556878187856e-05,3.4590173782439325e-05,3.0041245746781453e-06,0.0024429838727403315,0.0010928458647642516,4.0024765552822695e-05,0.0010713612162716304,0.08201697220167474
34,0.057167159782610055,0.0022681674952342566,0.02010403355040206,1.3150986171108062e-05,0.025600314117062286,4.888276573054217e-05,0.004482415486560383,0.00010009017630773649,0.013589891439007936,1.2586369673933257e-05,0.37241827825890805,0.015684168505857604,0.00041962201920599826,0.017556334982201414,0.00831169480422152,0.00030867795157827504,0.01770536950558998,1.1744109783272821e-05,2.8929762762500795e-05,1.0125607312518423e-05,0.0020940660089577468,0.0010443423837672404,0.00012536352734697338,0.002145399347101788,0.4387491910566448
35,0.425702391067958,0.0006685800510755906,0.016428816626457014,1.0398525414916632e-05,0.0073649282538873736,4.959505588561282e-05,0.0054572585536998945,0.00015820614123057575,0.009688560020696785,4.936580221253223e-06,0.4288280058793415,0.012091496985094529,0.0009452400340711091,0.002652935063822727,0.003041751837619199,0.0002751422345648287,0.007199825230529434,4.4133326821768764e-05,4.696843154482669e-05,3.4988361748383924e-06,0.0013319305431576947,0.001331201777908718,5.6243673523801276e-05,0.0013160488901137858,0.07530190637918428
36,0.20463312512324952,0.002643216803475362,0.024934801447792115,2.4152277289529322e-05,0.011297505352941526,5.438072401102407e-05,0.006336643427213303,0.00031554384126258065,0.017534971290351867,1.9056964078568037e-05,0.4244696690377449,0.018101044306932067,0.0011079087769443243,0.016819841324480046,0.01201735425051133,0.00048081029519507696,0.01650608274904678,3.183987068477659e-05,6.565466332993778e-05,9.77056964919561e-06,0.0018059069949389575,0.0029434861409821946,8.502689447419447e-05,0.0011924469908344293,0.23656975988258647
37,0.23778775993839968,0.0006938478282297849,0.03304989049573431,6.9968956101395544e-06,0.029936137568521894,1.5667962205732284e-05,0.004816394981470655,4.576119767982055e-05,0.00983765333436976,2.794926462281887e-06,0.48450934818549796,0.01304728315737691,0.0008200761586169483,0.008704550155288492,0.0019764929471140277,9.925058389056131e-05,0.008899476920579267,2.167108782459595e-05,1.3600881927385854e-05,5.680981765361433e-06,0.0028292013599808792,0.0005074828898537021,8.271268689920659e-05,0.0033463556513807875,0.15894391122331977
38,0.21950569684541085,0.0008958505912092684,0.022764511514453065,1.7984440644946325e-05,0.015889355720220575,9.434795377541666e-05,0.01084298407903572,0.0001371590876803721,0.011200807882105314,8.168706430124298e-06,0.4946615310477285,0.011604916511749412,0.0009610526471304447,0.004529333643210036,0.0109258676286548,0.00044354102390811945,0.015123086402480295,3.256908377547545e-05,8.847751269838697e-05,7.767327831107376e-06,0.0030073336068093134,0.001186945001853004,0.00014840181389466455,0.0018677291680821643,0.17405458075922864
39,0.17599457241249863,0.0007105298007773248,0.0202798782213949,8.32760775107643e-06,0.013211703017769085,5.328839112607039e-05,0.008158976344187881,0.00019246998896362076,0.006076781449378854,4.221400083308697e-06,0.5588687194322509,0.015829067312229758,0.0006189830250906152,0.004333341021934266,0.005048302255176845,0.00033797882374253193,0.015198178506094706,1.9895586799275374e-05,3.962010109076407e-05,5.193603776374527e-06,0.002981160248454324,0.0011128361670768416,7.957454953964345e-05,0.0011820676095176562,0.16965433312329473
40,0.16337081428002814,0.0009574543832458002,0.01702231248945207,5.023514194658638e-06,0.01805845093962315,2.2189110680116297e-05,0.0028242652250204552,6.434870353333528e-05,0.0072441446069952085,2.8358148962697125e-06,0.5544722970740348,0.012509657301388966,0.0004664677288108179,0.007134513732878089,0.005434465540500618,7.632607521620658e-05,0.007815662530982433,5.862723694650983e-06,1.0858037076898633e-05,3.4084007398773738e-06,0.0011506525874520248,0.0011887525663541842,3.214154855989071e-05,0.0008451427433352206,0.19928195234130608
41,0.13413018114318725,0.0008980300749045034,0.014420775600328695,1.927195173068559e-05,0.038725393074332835,6.299702497258655e-05,0.003443474146558882,7.71883883006981e-05,0.01726630201202933,6.488409655539266e-06,0.5329706205454593,0.01020937751423883,0.0003601699590984683,0.006266956170007305,0.014961637735347788,0.00012846204397897016,0.006850149685411242,1.0377646033869955e-05,2.6237806738953493e-05,5.082044948710725e-06,0.0008513720808555599,0.0008773924715496563,8.899514879765928e-05,0.001546830731673951,0.21579623658985878
42,0.15115874554614667,0.0016759350839832654,0.011903640593814789,1.4311143043863876e-05,0.01677527619705798,5.626363552583774e-05,0.005645956447685891,0.0001410147095073439,0.010975072394317224,7.260480824742539e-06,0.5775474693413649,0.011473861675631974,0.0010033359280297413,0.004981252546131103,0.013131928493403283,0.0002450587118588047,0.011620406098991289,1.053378342537093e-05,7.018615063792917e-05,5.815668716042994e-06,0.0016292880135649638,0.0031308574514290538,4.5020959390833656e-05,0.0011639697408652645,0.1755875392046519
43,0.12421503346449231,0.0012774912643157674,0.02270131190640553,1.850412574128412e-05,0.02831841306808405,0.00014343896762496997,0.005114529350233163,0.00015838720141351286,0.022065531283979728,2.2674220083628256e-05,0.5226491425018187,0.0061330688874192615,0.0006618313920493655,0.010025962513844206,0.015180312401846682,0.00025743411975297865,0.009974069387745272,2.2674601266402373e-05,7.172146205575962e-05,1.1978165038382765e-05,0.0029074603696318427,0.001724109946947204,0.0001520689573656638,0.0017475867261438549,0.2244452637147005
44,0.14013903855439283,0.001192548153575493,0.01922341465503938,1.1735248965120066e-05,0.024634409503946457,3.58079986728354e-05,0.004539348717745799,8.861388704290864e-05,0.011486689638425638,6.0395994766244115e-06,0.5408846045431827,0.011215709825098176,0.0005794966729011011,0.00928933971414584,0.006933705607553473,0.00015610965019840147,0.010563552209498181,1.6000043436461587e-05,3.102589793878324e-05,5.958168578840275e-06,0.0021330451820990083,0.0009911706805797503,8.795288965226589e-05,0.0017143290973752167,0.21404035386047882
45,0.1216334031435069,0.0007564116983632814,0.008463006430632448,3.3299525788488514e-05,0.03962780795760538,0.00011410846101932489,0.014685781797368595,0.00012690265566033679,0.024456403080099057,5.066911623710476e-06,0.5489462328458933,0.014728889112307778,0.000793109311123858,0.0033138102024997274,0.03223431774194098,0.0002791139529026976,0.00556858543616174,1.2766793297583424e-05,8.784162610786285e-05,7.3462756982943296e-06,0.0009708982561921744,0.00160552402227312,7.704206851260257e-05,0.0015720074364858482,0.17990032325693495
46,0.2428410373860646,0.0016450255573016658,0.011582475686272388,1.3369133094566491e-05,0.012293163107650251,2.4265137276237455e-05,0.002979461841910607,8.020110763898639e-05,0.0017795050852003897,2.1545268138009794e-06,0.5226817741160251,0.01871064975497138,0.000563584209199112,0.0021511555854520415,0.006510759853118772,0.00020706338540038677,0.0428990794652448,6.157836498324282e-06,2.4604640218257782e-05,2.0059734930699296e-06,0.0010531701708381882,0.0014991795419253624,4.790940235083009e-05,0.0008091517682775592,0.1295930957277634
47,0.1628207720201011,0.0014078263527625586,0.016951924570141795,9.972197698882056e-06,0.01892998408713801,3.089910161853163e-05,0.004514272277819931,8.946972834044802e-05,0.010189738018992887,5.095644791843449e-06,0.5248536506693775,0.013979127621257914,0.0006682914787622971,0.0075714739413777704,0.006673562594965698,0.00017002682475511052,0.010686824343992795,1.2605498360921102e-05,2.9391947716504788e-05,4.944292689251098e-06,0.0016585508045266159,0.0012961129253700702,6.0511650232955665e-05,0.001566849223901172,0.21581812218330748
48,0.17184594039609158,0.006111433610385413,0.018904522364234035,3.121448452480508e-05,0.015747893130209738,4.849718555120809e-05,0.005513319612172619,0.00019468416306657788,0.0056335614681802875,1.490695373451898e-05,0.45924185734683637,0.01481049572994134,0.0008063420372457973,0.008831097846660238,0.011395540549495571,0.0004494797473122598,0.059822387525835866,1.8900089674318703e-05,9.778236857706589e-05,5.0776132805957795e-06,0.002889553603030351,0.002356952415340648,0.00013060202309290398,0.0011735270386154608,0.21392443069691033
49,0.16618829497848414,0.0010842391439787255,0.024669839975968978,1.0594039604793739e-05,0.02295859677157117,4.732091195155415e-05,0.004166384492344193,9.84323483551629e-05,0.011740814830196079,6.144925397566695e-06,0.5306953865147627,0.013141505342564927,0.0005935883430482195,0.008774288055015757,0.0050273857652321135,0.00014888263038196714,0.010039794622561247,1.5539430932999467e-05,1.859230619511985e-05,6.626675660625343e-06,0.0017166264718593328,0.0009973533169338503,8.278659393311026e-05,0.001635627798125279,0.1961353537149403
50,0.12717329924391474,0.0014780357223448592,0.02054300818368546,1.1853515285923285e-05,0.023556754263807468,4.0712440213756316e-05,0.006591743672616791,0.00012010888532873054,0.01471127496396013,8.77718353334357e-06,0.5234016836085847,0.011627271876103804,0.0007648176382668366,0.011628696326260318,0.008148162485215342,0.00018264703642423716,0.009658229016663739,1.7051576977192555e-05,4.698482391352211e-05,7.00257580320565e-06,0.0027321393063168688,0.0013738346308716904,7.719975569807716e-05,0.001526388016710964,0.2345723232514982
51,0.1082017086685797,0.02193866249472042,0.01041862206065947,5.471524560093131e-05,0.015825154486150725,1.3267636041245681e-05,0.0014978468640341794,0.0003551619937523683,0.00826766783949379,1.9874806479815557e-05,0.5799317443376414,0.01985164792459094,0.000924259990882046,0.03246870044306319,0.013621932550948344,0.00011296706100207228,0.011215450849506014,1.1103926809761714e-05,4.8286579300038554e-05,4.180100137105368e-06,0.0008353313854245636,0.005083679164188764,1.9751851217298668e-05,0.0004191206274169862,0.16885916111235885
52,0.25640890700999713,0.001139554722319488,0.025844602183202434,4.246560077533677e-05,0.013355304494502347,0.00013760890932273232,0.0032070241154203666,0.000275476849864508,0.021295676421842165,4.8345933384471654e-05,0.4979066035652432,0.005749253447770424,0.0010724290557421413,0.009974438127711184,0.01983687454214044,0.0005079769424637772,0.008613468715091561,9.38207028596907e-05,0.0001224297843524547,1.840487916598138e-05,0.0015081855564898505,0.001867598682877815,0.00016179505520227854,0.001614694584921639,0.12919706011733656
53,0.10510140524979651,0.0006354269414442688,0.012155563366477103,7.755193096531596e-06,0.02197093620277025,4.460154218370706e-05,0.012141752462156239,8.524294361132892e-05,0.015527024737657059,2.608358780635617e-06,0.5305379954704669,0.01802991610561552,0.0004665470378861808,0.0073799378427077044,0.007154669872316522,0.0001598670590368042,0.0068287546862314304,1.4312349135297244e-05,2.825185517570264e-05,5.140137342803126e-06,0.0019432759996161684,0.0007712290591886799,9.584835324088914e-05,0.0015045428435530373,0.2574073943305128
54,0.04370541907654189,0.001701807241831574,0.014004328985667525,5.018261739959851e-06,0.013420104109875985,1.674578378229963e-05,0.0023595664382466772,4.734213843481668e-05,0.014969857798833697,7.326094701948767e-06,0.212381666989645,0.015261062143802205,0.00026371590263906574,0.015013355479936165,0.01019994509180593,0.0002183825930646087,0.0058496145880109944,3.848657034404121e-06,1.495482492629203e-05,5.346229992473041e-06,0.0007219501023454878,0.00077963987921332,3.95718147549566e-05,0.0016571781709284062,0.6473522516022444
55,0.1306641897208557,0.0005274934319634047,0.012282416637816072,9.437091661112968e-06,0.03853384835157253,2.7098453276862293e-05,0.01152232615706823,4.366430085338121e-05,0.021252363944661092,1.402679057558579e-06,0.49580296922441147,0.03148545112934277,0.0005667853482542916,0.0055455475189677885,0.003881407449520652,0.00012552215370338485,0.004213782322952979,1.4108874605233198e-05,1.927544890167595e-05,3.97205029841251e-06,0.0013423844497996312,0.0004900666999227154,7.478300058672195e-05,0.0038256479716662728,0.23774405558828007
56,0.14451825686823255,0.001204245526341334,0.01904831493091447,1.158666814247922e-05,0.02410628142407409,3.4136696841456174e-05,0.004671090752053401,8.829602389201498e-05,0.011306784814305804,5.748071683178402e-06,0.5438338947153238,0.011591600660050848,0.0006250382384117691,0.009156577241884687,0.006667386259121007,0.00015218729237530935,0.010368294283069823,1.594713736300106e-05,3.1027130960936465e-05,5.9785005739174365e-06,0.0021473432198363548,0.0010338734856840807,8.372271940616133e-05,0.001736539365475674,0.2075558479739818
57,0.12361470428884158,0.0017930604412977045,0.01841107780110707,1.0796300671373981e-05,0.020620734601553496,2.3105034750861104e-05,0.0068287310696730445,9.441226802840458e-05,0.008971047161252164,5.4709745044838935e-06,0.5350645584842552,0.014033721695500937,0.0009863634394035776,0.008243408192493069,0.006947585568341048,0.0002366145886450635,0.013138050519634759,1.4609213987999358e-05,6.550640358988457e-05,5.7853983000055005e-06,0.003644995884752123,0.0013407806182963353,6.028577707913116e-05,0.001999935853328984,0.23384465842071184
58,0.12890147068444338,0.0011585521683653817,0.0197508247845307,1.2124090508869821e-05,0.031053543601136335,3.477289789126591e-05,0.004922856333163476,6.725634599325284e-05,0.014067744998317165,5.73711562842536e-06,0.5134613040427981,0.011668630739495608,0.0006525024597183487,0.009346659038680568,0.006760499664919458,0.00015973388963748378,0.009648326898532116,1.5384760687713012e-05,3.21913435030747e-05,7.050066197249576e-06,0.002349662781915565,0.0008944765035041625,0.00010131163637953767,0.002768324301918479,0.24215905885213423
59,0.13121447963322666,0.0012062775768394531,0.024641339059170982,1.1420380359685848e-05,0.030169452402723396,3.457951961521688e-05,0.004384811780390553,7.235127279777737e-05,0.01340982174360483,6.872099690261006e-06,0.49681988484737294,0.010951228772230476,0.0006279349512222498,0.010759067557184684,0.006092097392345478,0.00017108669079789966,0.010781333258003704,1.644014529453651e-05,2.8447238116537268e-05,7.770869329444573e-06,0.0025642850929735866,0.000840891125001115,0.00010607196879044264,0.0027337077840282847,0.25234834683888974
60,0.14013903855439283,0.001192548153575493,0.01922341465503938,1.1735248965120066e-05,0.024634409503946457,3.58079986728354e-05,0.004539348717745799,8.861388704290864e-05,0.011486689638425638,6.0395994766244115e-06,0.5408846045431827,0.011215709825098176,0.0005794966729011011,0.00928933971414584,0.006933705607553473,0.00015610965019840147,0.010563552209498181,1.6000043436461587e-05,3.102589793878324e-05,5.958168578840275e-06,0.0021330451820990083,0.0009911706805797503,8.795288965226589e-05,0.0017143290973752167,0.21404035386047882
61,0.1419379904028324,0.0010904330345421628,0.025917364850905854,1.0872723376954647e-05,0.03022611251897434,3.4155463595040565e-05,0.00428793805660891,7.176901985185812e-05,0.01404100145768448,6.59941661902701e-06,0.5007580882350199,0.010726639130191297,0.0006212578504878447,0.010701137829233261,0.005386703337423215,0.00015312539069609377,0.009711147305047876,1.716887673405714e-05,2.5818513509729075e-05,7.374967566829612e-06,0.0025213039526268913,0.0007977730076285122,0.00010409981234088577,0.002748570987579799,0.23809555385892298
62,0.14013903855439283,0.001192548153575493,0.01922341465503938,1.1735248965120066e-05,0.024634409503946457,3.58079986728354e-05,0.004539348717745799,8.861388704290864e-05,0.011486689638425638,6.0395994766244115e-06,0.5408846045431827,0.011215709825098176,0.0005794966729011011,0.00928933971414584,0.006933705607553473,0.00015610965019840147,0.010563552209498181,1.6000043436461587e-05,3.102589793878324e-05,5.958168578840275e-06,0.0021330451820990083,0.0009911706805797503,8.795288965226589e-05,0.0017143290973752167,0.21404035386047882
63,0.1349479382571527,0.0015131903421141573,0.018033717577254468,1.2285213712120788e-05,0.0233775472962793,3.3549531926563486e-05,0.004272999892429258,9.357479192818114e-05,0.011164616053670834,6.543575343112504e-06,0.5345732835278715,0.01185900962907735,0.0005958066994968174,0.009838653413316117,0.007356260681552745,0.0001638939890558838,0.01137980427400564,1.4863742865738026e-05,3.366168311894564e-05,5.78337961267208e-06,0.002078654114762382,0.0011424321691538728,8.17954375562526e-05,0.0016766798843774766,0.22574345484236585
64,0.13424654795409788,0.0011460490299672734,0.022025193531103195,9.878166809154008e-06,0.026261883230027004,2.8460021473709562e-05,0.0050449481974520335,8.594518032164984e-05,0.00972496281508923,5.465589156395119e-06,0.5546029298779037,0.010193041797884883,0.0006328056409389053,0.010327683694523413,0.005153704746837625,0.00014799059834046878,0.011949057961902149,1.847084070969472e-05,3.347176321950142e-05,6.163034794692074e-06,0.0035167235285114614,0.0008823324094085905,9.393190379754698e-05,0.0018399652724300714,0.20202239321329957
65,0.1461382167399045,0.00015672557810984803,0.002788912226360243,2.9273660456640494e-05,0.01923590667353676,0.00017020851824722718,0.010878904052903196,6.963776270437992e-05,0.0018541563066605642,9.864562031247564e-07,0.744342661393285,0.004871455447473576,0.00020840113749102718,0.0002972356999160005,0.016021636967652537,0.00015990438537913504,0.01606095135153594,2.4398205349025947e-05,0.00014663024602395227,1.2737748603188281e-06,0.0014638568229496918,0.0003704572981256797,0.00020862134460425958,0.00043143217379889876,0.034068155776468496
66,0.09931585954631142,0.0014663546946005529,0.012709974401837939,1.4732676043452133e-05,0.026192538907150432,5.2295157610703534e-05,0.004087455385365445,7.103092771432119e-05,0.01361902013996851,6.8987336646467595e-06,0.4966374886952709,0.010943425027488563,0.00037734423338450773,0.00923010718258174,0.011277247792721051,0.0001736654888819344,0.012903337309631238,1.2826217904132178e-05,4.268446490994528e-05,5.0772394852955716e-06,0.0019040141109940433,0.0010413173046413882,0.00014084207498344764,0.0019800708480500182,0.29579439143880426
67,0.18343092942500158,0.000904953125849902,0.058986532875069726,1.5194205284034941e-05,0.02644872709545778,3.5733111779183516e-05,0.0036800698034179457,9.224845132627128e-05,0.007017607370588227,1.0105939231218911e-05,0.4883388216727168,0.006563212252942399,0.0006509444130529898,0.013904328576611332,0.0035158130719780065,0.00019693014448535887,0.022529920957545444,4.455302974462653e-05,2.667408980716171e-05,1.1717351592911674e-05,0.006064910159751831,0.00041246375824776114,0.0002942970866816807,0.002836569970524233,0.17398674206131165
68,0.13165756350104826,0.0011315167664503634,0.022099978622273166,1.1768461456731404e-05,0.02743198751094736,3.724584172850558e-05,0.004490274323208491,7.97176745690997e-05,0.01382621918219789,6.529845462686455e-06,0.5103814382620168,0.01165114304029027,0.0005575892821469112,0.011063689269599088,0.006696087220734993,0.00015041693734867516,0.009670955774534805,1.587999981265714e-05,2.596468790361931e-05,6.792120336274462e-06,0.0020653186482420265,0.0008643842172436677,9.936682865038091e-05,0.002038459309232872,0.24393971267256442
69,0.13829555766800727,0.0008706415487659332,0.049935650678540854,9.663959002477767e-06,0.023676925280899812,3.485001893013081e-05,0.005617716751087739,0.00012246001671300692,0.013335203382393971,9.881761392688189e-06,0.4687841654093158,0.01020454834496375,0.0006608824779536569,0.019901130732589215,0.003682355397355548,0.00020341799378540153,0.01079927294033709,3.919803909666333e-05,2.5970028242688153e-05,1.2294659172277215e-05,0.00534038956227503,0.0005525583151373332,0.0001664410081217346,0.002560064358903732,0.24515875966701625
70,0.14763302202399062,0.0014122499044819205,0.01933614632556562,9.937792673569144e-06,0.0171842312414958,3.49143699698191e-05,0.004331963474497288,0.00010327722492620411,0.009489939459942741,7.4241505258797055e-06,0.5261748713025085,0.011465593051500475,0.0006480330177731,0.008884353785771302,0.006751226153032749,0.00023132894396544652,0.013160919026563758,1.86986968004434e-05,4.190051252088807e-05,6.09736722062224e-06,0.0025147404160302763,0.0012150463603980222,8.175354307216367e-05,0.0016935774655151563,0.22756875438925753
71,0.05571555789157548,0.0013035341139666498,0.034110323989822305,8.124188368097718e-06,0.0682656037536838,2.1050650081328775e-05,0.007954795839883401,7.649528983341865e-05,0.03420794131099491,9.281110597275061e-06,0.3790814144262713,0.010027422564606795,0.0005708125897138451,0.044429074339785164,0.0029844159009844934,0.00013248765614118854,0.006427782921824291,2.919536192289292e-05,2.1290288550544547e-05,1.711007806121142e-05,0.006596225734567105,0.00048523557176025534,0.00014892691695035152,0.004098470419635573,0.34327742709041825
72,0.13955576702242065,0.0011404949689416263,0.01914722892658608,1.0984295434039356e-05,0.025688141832118067,3.0837664909471804e-05,0.0037548246856363276,7.81570801483707e-05,0.01099194528349384,5.613208334384964e-06,0.5465894810874247,0.01040962682234745,0.0005203395906753771,0.00978166684777265,0.006104624778924883,0.00012999205524329643,0.010089551836237045,1.5563823396251253e-05,2.650355901347993e-05,5.501633234107736e-06,0.002094059067173515,0.0008799273800766576,8.943278765420169e-05,0.0017845345529327323,0.211075199209871
73,0.16616679685508845,0.0005920842709600505,0.03524104386220427,2.7590005800234583e-06,0.01019450135432142,8.150649906419378e-06,0.0011865558770815152,0.0001218511689598747,0.002696321587770745,4.103537799316896e-06,0.6787010075091798,0.004111767710786571,0.0003464785856320927,0.020612469520200818,0.0007610281293715752,2.6847798997991056e-05,0.007253847880121841,3.393409836448901e-05,7.535496779577202e-06,3.359856774139214e-06,0.0055255781882884965,0.00044920378307744416,4.5563147285071946e-05,0.0003793218351053429,0.06552788829536263
