,0,1,2,3,4,5,6,7,8,9,10,11,12,13,14,15,16,17,18,19,20,21,22,23,24
0,3.380657603814318e-06,1.3839789397621496e-05,6.818599536237251e-06,1.5649282404674142e-06,0.0018944812358631534,0.0006654902867947155,8.293940384620161e-06,5.440072984084044e-06,0.023629686572602563,4.1859096978728586e-11,0.971191936059445,1.189225396857156e-06,4.138184928648493e-09,4.603794068796925e-06,0.002143179226301694,2.2372517092016624e-05,7.92192602503161e-06,1.7333232049664018e-06,0.000284418026998044,4.1910815856018036e-09,1.7434834658432246e-06,6.686242705091664e-05,1.0422023656323151e-06,4.248626382889319e-05,1.5070702234439838e-06
1,4.85510233694878e-06,1.7367841999502803e-05,1.1026483608378252e-05,1.2883820428650026e-06,0.0024534930023138333,0.0011925247411123888,9.10364436233894e-06,8.265564535438284e-06,0.06079018805880859,5.0927138147207454e-11,0.9298547505640377,1.3961316573701829e-06,7.98765128298133e-09,2.82624370796475e-06,0.004676637437356037,6.409362381709879e-05,8.458422257796e-06,1.963276397200839e-06,0.0007382711837085569,6.178896394705628e-09,2.614558383168392e-06,9.030844765919216e-05,6.483202042097432e-07,6.857686709451255e-05,1.3278851241190626e-06
2,3.6392515672458863e-06,1.4723761223625415e-05,5.151770659304378e-06,8.499864304171888e-07,0.0037699021839232155,0.0006911091333811076,8.082578940164529e-06,5.429359362587252e-06,0.03358681449021057,3.0419808156541885e-11,0.9566824650118014,1.0076167948357535e-06,5.695501729687548e-09,4.019299957092337e-06,0.004736653027062577,3.179002785183663e-05,9.80989977065934e-06,1.5104117266398588e-06,0.00034121578120062667,5.949476970220095e-09,1.5092110283354444e-06,6.875250156815593e-05,7.244953786722768e-07,3.3011662989423594e-05,1.8168617729704553e-06
3,2.9300565642955523e-06,1.1813345249235693e-05,5.701559736330436e-06,1.116633326049624e-06,0.002061536621979402,0.0007356524818354994,6.443163680631549e-06,5.299513252155869e-06,0.028407568876540605,2.9991335273690516e-11,0.9655583319400487,9.88413531884313e-07,4.820516765608457e-09,3.3657608991991956e-06,0.0026863213055392044,2.782370937945503e-05,8.706744307884878e-06,1.4594108982731979e-06,0.00035857441959937956,4.311899377993609e-09,1.748445563992397e-06,6.956519164703664e-05,7.549674851814323e-07,4.311820156958923e-05,1.170074958527696e-06
4,3.1340665384229686e-06,1.1927143302793137e-05,5.761662195265031e-06,1.133507920618224e-06,0.002095830866148392,0.0007176646622756739,6.566642855496798e-06,5.074550482750606e-06,0.029452698453295293,2.8862064303521224e-11,0.9645407235535116,1.177370492658218e-06,6.194829331956326e-09,3.6006617557780302e-06,0.002623429494245479,2.6964571363662066e-05,9.610552777444697e-06,1.4864687643879344e-06,0.00037096138625669617,4.537361180124294e-09,1.8419443371981073e-06,7.28302276450874e-05,7.755562925246508e-07,4.553062401864203e-05,1.2652724715946016e-06
5,3.603357897263204e-06,1.2173632429080966e-05,6.259656825722178e-06,1.6313928379650872e-06,0.0017976835071974082,0.0007630442729352592,6.483698615684605e-06,5.172818016071462e-06,0.028278997545670134,3.7344449212858445e-11,0.9663574489468039,1.2015400635086336e-06,5.618457371669874e-09,4.193247296146528e-06,0.0022700200588209717,2.6654181946995487e-05,1.0540621553227716e-05,2.273302007132017e-06,0.00031644458811287365,4.934657700129333e-09,2.036149960855175e-06,7.985456998056898e-05,8.83430774531213e-07,5.195245779274594e-05,1.4364320025535275e-06
6,2.9300565642955523e-06,1.1813345249235693e-05,5.701559736330436e-06,1.116633326049624e-06,0.002061536621979402,0.0007356524818354994,6.443163680631549e-06,5.299513252155869e-06,0.028407568876540605,2.9991335273690516e-11,0.9655583319400487,9.88413531884313e-07,4.820516765608457e-09,3.3657608991991956e-06,0.0026863213055392044,2.782370937945503e-05,8.706744307884878e-06,1.4594108982731979e-06,0.00035857441959937956,4.311899377993609e-09,1.748445563992397e-06,6.956519164703664e-05,7.549674851814323e-07,4.311820156958923e-05,1.170074958527696e-06
7,7.879680073284486e-06,1.2965230819426242e-05,1.5096728514823114e-05,9.359745737474603e-07,0.0019455441916851341,0.0009123912968676609,8.128023444548875e-06,6.0322555502464465e-06,0.027524613299210694,4.0535198668580876e-11,0.9673253793353106,1.0344642501135369e-06,7.365989297169827e-09,2.3586631367733284e-06,0.0014532227626422088,2.1508716585623218e-05,6.8442958883580884e-06,1.6363963512551175e-06,0.0006265810829257338,4.038943747123308e-09,1.2975954537200396e-06,3.77670532296165e-05,8.218018427114125e-07,8.691887708819745e-05,1.0308290874669541e-06
8,4.0084855721878766e-06,2.035158468975142e-05,1.0886789170126615e-05,2.2351032610161142e-06,0.0019658532691815855,0.0007432642378649116,9.498260663128514e-06,5.9347280721020525e-06,0.020164798372701118,5.552861915672519e-11,0.9753902369337931,1.3364900092023266e-06,4.600217067791029e-09,5.303795850806177e-06,0.0012338942758561731,1.9810042734347052e-05,5.734846069879219e-06,1.0475339187755206e-06,0.00031101806471757996,5.559678536760853e-09,1.444253261380823e-06,3.6184179429494304e-05,1.9520956643490846e-06,6.391615203480872e-05,1.280290059976673e-06
9,3.831121234058639e-06,2.4517101187871032e-05,1.4884287307397723e-05,3.6268818029258974e-06,0.0018221970479247258,0.0010373848552313253,1.2175415597813077e-05,7.019459578225108e-06,0.03804185657297461,8.337792319789233e-11,0.9561151251783064,2.162312521255694e-06,6.682322980659981e-09,5.542436743138735e-06,0.0023306441839931642,3.658306372223727e-05,7.433017772680517e-06,1.729885761166559e-06,0.0003777729910228651,7.474581441346115e-09,3.491677071414301e-06,7.117657721519532e-05,1.777865842037144e-06,7.723127430902896e-05,1.8225525978825776e-06
10,2.9300565642955523e-06,1.1813345249235693e-05,5.701559736330436e-06,1.116633326049624e-06,0.002061536621979402,0.0007356524818354994,6.443163680631549e-06,5.299513252155869e-06,0.028407568876540605,2.9991335273690516e-11,0.9655583319400487,9.88413531884313e-07,4.820516765608457e-09,3.3657608991991956e-06,0.0026863213055392044,2.782370937945503e-05,8.706744307884878e-06,1.4594108982731979e-06,0.00035857441959937956,4.311899377993609e-09,1.748445563992397e-06,6.956519164703664e-05,7.549674851814323e-07,4.311820156958923e-05,1.170074958527696e-06
11,3.0644390253052227e-06,1.1851108773412282e-05,5.940729346880513e-06,1.1356495760802342e-06,0.002127383726242222,0.0007338687304041043,6.624422699773522e-06,5.273978933825792e-06,0.02904004654550014,3.032118664494437e-11,0.964906060075121,1.0915525314681283e-06,5.847115289933166e-09,3.370918927153119e-06,0.002622968217270493,2.8407446074633226e-05,9.177708446980244e-06,1.4513089901527196e-06,0.0003721875054473548,4.704563071354013e-09,1.8061611745189762e-06,6.937341967731052e-05,7.881423717758852e-07,4.692267288906575e-05,1.1949585769060797e-06
12,1.0132960521823e-05,5.1010792241531554e-05,3.63430212169611e-06,2.9934599973807903e-06,0.01321111790707807,0.0023104661654743033,7.5888761874752156e-06,2.8958849967157266e-06,0.03581947978394,1.1791935837607621e-10,0.9456747332581836,9.377453046486844e-07,1.4700211972073917e-08,5.562834493635448e-05,0.0022661340229259844,2.198834676664386e-05,0.00016143359864235145,1.0975360085623781e-05,0.00021023900881683675,2.239217507145531e-08,4.895952934436729e-06,0.00012473188649483934,3.216903106164289e-06,3.128630460785557e-05,1.4441924329212384e-05
13,0.00015286457099191535,0.00022332629009046097,7.68709482882002e-05,2.8194540850896907e-06,0.017263392352801183,0.0185617786508496,2.1307591213221237e-05,7.160402687961877e-06,0.7488341922481565,1.587827187074346e-09,0.1908350624981571,7.989823345051222e-07,4.665280841743074e-08,2.6312909242378704e-06,0.017866114954800394,0.0006499970365114607,6.361425314901894e-05,3.238515376285408e-05,0.004968297315323493,6.41995402141025e-08,1.2361254456550678e-05,0.0001265597560286806,6.774497142812047e-07,0.0002831969536980528,1.4478151799522204e-05
14,2.9176851137739316e-06,1.2189022401842811e-05,5.51281102508445e-06,1.1074375854109842e-06,0.0020939709516764006,0.0007259112815937617,6.47774390989463e-06,5.267382757879418e-06,0.027815094014830462,3.065561068627972e-11,0.9661692541796884,9.677061008914661e-07,4.655792811918965e-09,3.4275143494285403e-06,0.0026461961568132217,2.7460193695657967e-05,8.574959203364397e-06,1.4434212846413957e-06,0.0003593334582595684,4.317349038871489e-09,1.7061443548377145e-06,6.855699543963756e-05,7.614982054881247e-07,4.270124110990945e-05,1.1591968027579396e-06
15,2.9300565642955523e-06,1.1813345249235693e-05,5.701559736330436e-06,1.116633326049624e-06,0.002061536621979402,0.0007356524818354994,6.443163680631549e-06,5.299513252155869e-06,0.028407568876540605,2.9991335273690516e-11,0.9655583319400487,9.88413531884313e-07,4.820516765608457e-09,3.3657608991991956e-06,0.0026863213055392044,2.782370937945503e-05,8.706744307884878e-06,1.4594108982731979e-06,0.00035857441959937956,4.311899377993609e-09,1.748445563992397e-06,6.956519164703664e-05,7.549674851814323e-07,4.311820156958923e-05,1.170074958527696e-06
16,2.89800961595932e-06,1.70092315918776e-05,5.55632244714715e-06,1.5121638625492366e-06,0.0021489548227059223,0.0006862817095379034,1.1025438646226093e-05,8.432395144431845e-06,0.03228162216100205,6.38668808514767e-11,0.9596832239578175,2.0065129322659574e-06,5.970745913216479e-09,5.31037744106027e-06,0.004373389346598722,4.300891371990838e-05,1.1450908779037934e-05,2.1624434343861827e-06,0.0005086932933089883,6.01395622500064e-09,4.003170747580537e-06,0.0001586787500995226,9.702687092294391e-07,4.196706626464224e-05,1.830687024260054e-06
17,1.6185879911356513e-06,7.996080917487033e-06,2.790729513067318e-06,1.1198386519587816e-06,0.0020663603584885736,0.00040596592897398324,5.34183629078356e-06,4.690430003490796e-06,0.013047574278166663,2.3050341062749902e-11,0.9824693635010671,1.045933946785973e-06,5.193066166609241e-09,5.455594703375333e-06,0.0016554228557465911,1.7410725330842237e-05,1.4110247328610616e-05,1.1687757407559538e-06,0.0001829381353062738,5.142531944764824e-09,1.560956042760046e-06,7.846352042315257e-05,1.2156517562928328e-06,2.7140185880926944e-05,1.2354890810948276e-06
18,5.007128501456355e-06,1.4436263173467262e-05,5.210679831315603e-06,1.392144367951382e-06,0.004054722135563382,0.0008922758195019264,9.105144769488122e-06,4.784901694214954e-06,0.028994136618221047,5.255414897774744e-11,0.9621179798244308,1.3917243918869422e-06,9.926657374269646e-09,8.721555212733963e-06,0.00338447234552168,2.7686035411385625e-05,3.070452659579431e-05,4.227123470613776e-06,0.00027852523919929964,8.052048106205554e-09,3.1927790757411205e-06,0.00012187030995101597,1.188388200846766e-06,3.48603328558969e-05,4.09094879838804e-06
19,2.5983381456472343e-06,1.3720672304932009e-05,8.035498260163441e-06,1.6815288762638735e-06,0.0018751118901076415,0.0005434771976310796,1.2635360566205033e-05,7.903270832491237e-06,0.03609245511754504,3.822081287619544e-11,0.9572242734194651,2.2757051763771264e-06,6.279890658985646e-09,3.6213159958054085e-06,0.0036536509211638622,3.89618334789111e-05,7.142666177713019e-06,1.3297267117624272e-06,0.0003602242764529313,4.525019454966935e-09,2.569962189236584e-06,0.00010433991626055104,8.195845684046566e-07,4.177288403388602e-05,1.3880709249677215e-06
20,1.4439408394274578e-06,6.726990932053456e-06,4.429556151522024e-06,9.133567865112355e-07,0.0011286451233701754,0.00045437786438172137,5.897312717454131e-06,7.994231769866733e-06,0.021398096597573933,2.0972949108387275e-11,0.9718826559243691,1.0322551925461594e-06,2.9247052331707855e-09,2.308927132860939e-06,0.0046237727882365185,3.0327464771806097e-05,5.7718252649121695e-06,1.0828799506053763e-06,0.0003056501625068661,2.80458322493855e-09,1.5422698974366614e-06,0.00011070453064777999,4.776022350973883e-07,2.5336150819606274e-05,8.064941910065647e-07
21,4.033454158742881e-06,1.9783000408385917e-05,7.456024589574337e-06,1.91403423593005e-06,0.0018935655980592346,0.0008348882930301882,9.220142845214938e-06,9.67491360995354e-06,0.0463825482729457,5.52451518143922e-11,0.9469386503918656,1.975756316124158e-06,6.393881153440843e-09,6.116654539706889e-06,0.0031743345130500864,6.020901580294893e-05,6.821760566457161e-06,2.1858486364909942e-06,0.0004968039856834953,6.027616529138264e-09,2.406912107983758e-06,9.349813496185176e-05,6.443198054251441e-07,5.201882764119813e-05,1.2376683968710977e-06
22,1.5033319103398074e-06,3.6005531615763216e-05,9.769556275893073e-06,2.3672730530545156e-06,0.0030141823405577554,0.0005796819249135831,3.235987992148085e-05,1.0368477726266836e-05,0.04622789896400335,5.033810547060775e-11,0.9457798590190004,4.197717591871416e-06,5.841807002601791e-09,5.5116131269870825e-06,0.003640674011569249,4.521193281758004e-05,2.1674017545414967e-06,2.7494376966754747e-07,0.000512537218281282,5.380594535083996e-09,2.524858614179153e-06,4.3342859619184224e-05,1.7655076444386378e-06,4.6637312264009925e-05,1.1470512295879256e-06
23,2.9300565642955523e-06,1.1813345249235693e-05,5.701559736330436e-06,1.116633326049624e-06,0.002061536621979402,0.0007356524818354994,6.443163680631549e-06,5.299513252155869e-06,0.028407568876540605,2.9991335273690516e-11,0.9655583319400487,9.88413531884313e-07,4.820516765608457e-09,3.3657608991991956e-06,0.0026863213055392044,2.782370937945503e-05,8.706744307884878e-06,1.4594108982731979e-06,0.00035857441959937956,4.311899377993609e-09,1.748445563992397e-06,6.956519164703664e-05,7.549674851814323e-07,4.311820156958923e-05,1.170074958527696e-06
24,3.7696393343074544e-06,1.9560368944226796e-05,5.2001863973456355e-06,1.705495812262926e-06,0.00222366467166855,0.0007661504199025115,6.634047309947258e-06,5.985368605937285e-06,0.026309442238989473,4.666129905241247e-11,0.9681607241957478,1.1380943345495234e-06,5.180131715490266e-09,6.3138164475764945e-06,0.0019466773458236542,2.7852250713332257e-05,1.0777844451864409e-05,1.8850209826299626e-06,0.0003773911453984183,6.095427029873091e-09,1.7339289189613389e-06,7.246821647184674e-05,1.0491288109877024e-06,4.853798757325581e-05,1.3272651404573022e-06
25,8.089459771480943e-07,4.671903063662915e-06,2.182930570143266e-06,7.509699903737863e-07,0.0008298692895707503,0.00028367795779546536,3.5008205419787282e-06,5.671055605130501e-06,0.007949992206733428,1.2484280459236737e-11,0.9897426209130622,5.041767701386596e-07,1.3232099054602411e-09,2.813791738698145e-06,0.0009403549567178818,1.2829288695479061e-05,3.2314902961279713e-06,5.196590864358317e-07,0.00015736491997950084,1.753646835010083e-09,6.610612411514179e-07,3.686553876788872e-05,5.253532472019638e-07,2.0280994616804572e-05,2.9868659159309703e-07
26,7.28134745037178e-06,1.0897893640297001e-05,8.995862705550451e-06,1.006586078710557e-06,0.002353308064747654,0.0011895037246513634,3.345165127438485e-06,2.712401931222905e-06,0.03366678805176223,2.660182233563183e-11,0.9610226764977722,6.052790330443614e-07,9.3493444992474e-09,1.8400491855213174e-06,0.0010221098315677222,1.979125650869884e-05,1.3717061174025622e-05,2.12716749926366e-06,0.0004894397038810336,5.9610763527723206e-09,1.5277003359536882e-06,3.8663957102305897e-05,1.0304079259291045e-06,0.0001417081898800763,9.084630165191924e-07
27,2.1714856711074077e-06,9.046700373649722e-06,4.461538555594543e-06,9.65888581898945e-07,0.001537015065884687,0.0006335859249914073,5.036551998315136e-06,5.656624083671751e-06,0.026142132735174923,2.3491753649305195e-11,0.9679663753424873,8.683898881607052e-07,3.790342201892637e-09,2.817931593079636e-06,0.0031744829981154798,2.813165500352073e-05,8.108414507126122e-06,1.3725116325996873e-06,0.0003476627271465583,3.4887648289927844e-09,1.5793808253493281e-06,9.097420197696105e-05,5.815609999577504e-07,3.605435792856636e-05,9.107099813105057e-07
28,2.9300565642955523e-06,1.1813345249235693e-05,5.701559736330436e-06,1.116633326049624e-06,0.002061536621979402,0.0007356524818354994,6.443163680631549e-06,5.299513252155869e-06,0.028407568876540605,2.9991335273690516e-11,0.9655583319400487,9.88413531884313e-07,4.820516765608457e-09,3.3657608991991956e-06,0.0026863213055392044,2.782370937945503e-05,8.706744307884878e-06,1.4594108982731979e-06,0.00035857441959937956,4.311899377993609e-09,1.748445563992397e-06,6.956519164703664e-05,7.549674851814323e-07,4.311820156958923e-05,1.170074958527696e-06
29,2.9300565642955523e-06,1.1813345249235693e-05,5.701559736330436e-06,1.116633326049624e-06,0.002061536621979402,0.0007356524818354994,6.443163680631549e-06,5.299513252155869e-06,0.028407568876540605,2.9991335273690516e-11,0.9655583319400487,9.88413531884313e-07,4.820516765608457e-09,3.3657608991991956e-06,0.0026863213055392044,2.782370937945503e-05,8.706744307884878e-06,1.4594108982731979e-06,0.00035857441959937956,4.311899377993609e-09,1.748445563992397e-06,6.956519164703664e-05,7.549674851814323e-07,4.311820156958923e-05,1.170074958527696e-06
30,2.9300565642955523e-06,1.1813345249235693e-05,5.701559736330436e-06,1.116633326049624e-06,0.002061536621979402,0.0007356524818354994,6.443163680631549e-06,5.299513252155869e-06,0.028407568876540605,2.9991335273690516e-11,0.9655583319400487,9.88413531884313e-07,4.820516765608457e-09,3.3657608991991956e-06,0.0026863213055392044,2.782370937945503e-05,8.706744307884878e-06,1.4594108982731979e-06,0.00035857441959937956,4.311899377993609e-09,1.748445563992397e-06,6.956519164703664e-05,7.549674851814323e-07,4.311820156958923e-05,1.170074958527696e-06
31,5.837427141717549e-06,1.6486026810502932e-05,1.087486981583555e-05,1.5453787864965216e-06,0.0018937517090053247,0.0008024715155516408,8.978858841931605e-06,1.0456877968553158e-05,0.024938317371804075,5.956518800294571e-11,0.9697199402753529,1.091677043559762e-06,4.9994882513409995e-09,4.093317078944065e-06,0.001906670759669459,2.7717266771127177e-05,8.47835188664032e-06,2.0871023157192435e-06,0.0005198868394223677,5.0474354323357204e-09,1.6834230398281647e-06,6.195385303375744e-05,9.832965024885546e-07,5.5507447273931016e-05,1.1762483941448518e-06
32,3.1920941724611624e-06,1.2364062181765656e-05,5.822834034761528e-06,1.0125089488473105e-06,0.0020005198121580076,0.0007647509228583412,6.298518422819605e-06,5.377039291072807e-06,0.029106222735111615,3.066786459716386e-11,0.9647501643080939,9.797583386382855e-07,4.940463393087454e-09,3.1006904536531863e-06,0.002740240486453639,2.7688001630463742e-05,8.566393151028537e-06,1.4457210556434914e-06,0.0004402170584047911,4.151645799646968e-09,1.7420367910210513e-06,7.137718639563161e-05,7.24829284612166e-07,4.708118014656349e-05,1.1026998435491764e-06
33,8.303660343823198e-07,5.115150776845131e-06,1.508485374913214e-06,1.0008870218705197e-06,0.0010885368162231103,0.0005166515148180663,2.3592003274296065e-06,5.669391214229496e-06,0.005982284170590286,2.5930745255164883e-11,0.9914570663674649,4.036480978938718e-07,3.4315539542958552e-09,5.028655587764305e-06,0.0005590821517668841,1.8412725784004673e-05,1.3983667580935383e-05,8.494013858509609e-07,0.000237257937189056,4.430691326133898e-09,1.0494049751618945e-06,6.577201266237537e-05,1.2096888016103325e-06,3.557932961869347e-05,3.4113852777066774e-07
34,1.2292914604503103e-05,1.9109332187276008e-05,1.0809979109027549e-05,4.1434526250257087e-07,0.0017489016929140124,0.000939938529867099,4.716321237830682e-06,4.890122510889868e-06,0.10259788045286623,1.2259627463806302e-11,0.8890647612820777,1.2855987090461698e-06,8.095872124101266e-09,1.2709699564508221e-06,0.003563794161642733,2.373108283303747e-05,5.271037037856719e-06,1.5921277815585378e-06,0.0018559137045077707,1.889694584643971e-09,1.2759122280824708e-06,5.911082730752232e-05,1.922003045268437e-07,8.213628488477248e-05,7.011223434067817e-07
35,2.6650564360216753e-05,2.2088707791796004e-05,2.007261042388722e-05,2.3383783470491925e-06,0.0019877192364069632,0.0009357972377722676,1.54458443746422e-05,1.7592583279187635e-05,0.09839292737750194,8.480352454780373e-11,0.8942779822693254,2.756202222989422e-06,9.941335980387962e-09,4.014084174672094e-06,0.002995053055425524,5.163668786317473e-05,1.3803954940223938e-05,1.4330305059323322e-05,0.0009541178186367609,4.608840471811737e-09,3.574139448828392e-06,0.00016714970216212695,4.183059675084342e-07,9.231297900625644e-05,2.2033205294293974e-06
36,2.932857510461153e-06,8.787036247306584e-06,5.328094036859801e-06,9.608656813322426e-07,0.0013603080730367166,0.00034683855376981616,8.95495028050708e-06,1.5635211822461134e-05,0.030382509135289944,2.0475194513326634e-11,0.9622826159942762,3.0161081682565246e-06,8.650332190603838e-09,3.746531491925265e-06,0.004786456329427687,4.9380238787701436e-05,9.256761650436682e-06,1.3724292116666077e-06,0.0005394605703398014,3.801689735312102e-09,1.5820548106370114e-06,0.00016360164324551567,3.622356950375113e-07,2.5822976193933232e-05,1.058876528607926e-06
37,7.91429610590649e-06,1.6641870913313064e-05,1.0884275391032943e-05,1.6412566311162762e-06,0.001941600560049698,0.0007635761421143167,8.455935522944754e-06,5.173046006114263e-06,0.029112725858575123,5.8043613410623796e-11,0.9661224325610855,1.2022718730283058e-06,6.18902329617692e-09,3.174124552518307e-06,0.0013288344226795212,2.1705598135109526e-05,9.30068561458148e-06,2.880482665587455e-06,0.00047505329474386123,5.200436817763586e-09,1.839951450658552e-06,6.112681390027697e-05,1.1566865919059407e-06,0.00010133933314813703,1.3290847463362065e-06
38,4.736574397620418e-06,1.458498104152574e-05,8.661478810512056e-06,8.926878355342737e-07,0.002688866683762147,0.0011275552403319199,8.383785380284068e-06,5.365395716783523e-06,0.042150181257923004,3.69721669334425e-11,0.9493044470615534,9.656124595810831e-07,5.578700115201072e-09,2.9075487415725166e-06,0.003974794133801218,3.650699974987786e-05,7.109696001018028e-06,1.614289380684253e-06,0.0005454625358986631,3.9967360742955895e-09,1.7147974135191434e-06,6.0262708719101784e-05,6.210894543933494e-07,5.2932715499071796e-05,1.423113720551159e-06
39,2.7089806589391496e-06,5.261478979895339e-06,1.149207271629613e-05,1.0622706676462361e-06,0.001725124248514721,0.001766706561995239,6.0216088569006595e-06,1.0133184347867713e-05,0.03337454695243028,3.704931869325277e-11,0.9579743704101097,8.80129362133985e-07,1.0448663465182921e-08,1.870378274211501e-06,0.004249799698947849,5.6387453643221546e-05,1.7360252875316298e-05,2.0508763216438654e-06,0.0006299885602268264,5.326803641993363e-09,4.219998621323217e-06,0.00010020667067548247,6.612370103806061e-07,5.798171965194245e-05,1.1494425953930008e-06
40,2.8842387032412385e-06,1.1580457912992383e-05,5.506708328798165e-06,1.1724324040614946e-06,0.00203958486700187,0.0007435884104476053,6.222766418601157e-06,5.368118835531738e-06,0.027136046944736807,3.141028223908153e-11,0.9670448962859458,9.393962939325059e-07,4.747569770822236e-09,3.3983006229410588e-06,0.0024905459863385246,2.834462021026487e-05,9.133678585629242e-06,1.523898662011718e-06,0.0003513869248973859,4.518922856809951e-09,1.7785316297985677e-06,6.947524179550771e-05,7.869271588642898e-07,4.4695420134025475e-05,1.1305450326525723e-06
41,3.7401320677420715e-06,1.2884165718349041e-05,6.958564602504482e-06,9.980712147163e-07,0.002905205311235115,0.0008037859010055928,7.574604720717566e-06,5.268077697490427e-06,0.038823245782887976,2.6859090021943822e-11,0.953414242611204,9.97184339171943e-07,5.8020997708233405e-09,2.919304167909484e-06,0.003501188262561592,3.4326291837191494e-05,8.116614195800227e-06,1.42142819679855e-06,0.00036167867897101823,4.665412553355879e-09,1.5777544928753059e-06,5.7997748537409005e-05,6.358291024936816e-07,4.390462359770472e-05,1.3225632742561974e-06
42,1.6157709280524166e-06,6.4586371758452925e-06,5.99377529755236e-06,1.0289415343324303e-06,0.0008358485883158034,0.0007549287989287071,5.020201941765077e-06,1.3008378868119542e-05,0.02634197584954359,3.3107878076999534e-11,0.966304880591257,1.2324744383142629e-06,5.52776978373253e-09,1.608492994853186e-06,0.0045934808853046625,6.272644893200294e-05,8.421420113120586e-06,1.2439787923637213e-06,0.0008406186268842275,4.083326836880302e-09,2.6032589273404906e-06,0.00016469806652842243,5.073509649884404e-07,5.152870392984807e-05,5.611141945470908e-07
43,2.7368666881476335e-06,1.5665270774762936e-05,7.6290152190080455e-06,1.8686172488784912e-06,0.0023171497663994228,0.002095989085429856,7.987412725939708e-06,1.1026230013361232e-05,0.032839802852134496,1.6963205250928356e-10,0.9572124729277345,8.845039963210495e-07,7.48705896318282e-09,5.230511450470683e-06,0.004297885701702456,7.594264422800487e-05,2.2579418227200713e-05,3.640566221119904e-06,0.0008022219276748543,1.1854596413108021e-08,6.771800689742683e-06,0.00019570479210931856,1.5621459834113155e-06,7.355865418049712e-05,1.6697778809535085e-06
44,2.9300565642955523e-06,1.1813345249235693e-05,5.701559736330436e-06,1.116633326049624e-06,0.002061536621979402,0.0007356524818354994,6.443163680631549e-06,5.299513252155869e-06,0.028407568876540605,2.9991335273690516e-11,0.9655583319400487,9.88413531884313e-07,4.820516765608457e-09,3.3657608991991956e-06,0.0026863213055392044,2.782370937945503e-05,8.706744307884878e-06,1.4594108982731979e-06,0.00035857441959937956,4.311899377993609e-09,1.748445563992397e-06,6.956519164703664e-05,7.549674851814323e-07,4.311820156958923e-05,1.170074958527696e-06
45,1.4844037129009884e-06,4.33686219134738e-06,5.513209276934847e-06,6.546914747982267e-07,0.0010990375366231966,0.0005244405084662901,5.466099459028756e-06,8.731165876458705e-06,0.02328890804963436,1.4024112352968636e-11,0.9695739320037091,7.002693119305642e-07,2.789225183687432e-09,1.2313757988099385e-06,0.00503915589367815,4.0922426212309754e-05,3.5538092175955993e-06,8.18251001967484e-07,0.00030857642174459863,2.1435056329152243e-09,8.876282099268181e-07,6.420771277803544e-05,2.633222396653118e-07,2.6655829566362986e-05,5.175830613817909e-07
46,1.127050989044919e-06,3.6204865819430355e-06,2.603369969408201e-06,1.149171093849513e-06,0.000950288192179065,0.0008140472676903574,1.5919796386895918e-06,3.928830021413016e-06,0.009156092149869396,1.6995172332374894e-11,0.9872352510594486,4.9370810389716e-07,7.196663013290737e-09,2.7492499266743703e-06,0.0013427163342994357,2.008992985392981e-05,3.65493813588366e-05,1.3032610073468903e-06,0.0002649174724750193,5.577285727291714e-09,1.8720717509657034e-06,0.00011439612682987736,1.0795884993558185e-06,4.339739783957705e-05,7.231296292698212e-07
47,8.59615630349116e-06,1.914657780909154e-05,1.1376680337714934e-05,1.391888449728567e-06,0.0033220479138905633,0.0009224913179525429,1.229499334175789e-05,7.609369484656975e-06,0.07029324319455556,5.142744212476206e-11,0.9183680090924192,2.974824659422199e-06,1.8284936469407843e-08,3.5912499056801633e-06,0.005879410539202475,6.80546234362321e-05,1.9457436093849007e-05,3.2418731526589767e-06,0.0008072497463942322,8.36486818550209e-09,3.9699202346476365e-06,0.00016689433819388946,7.615609895645081e-07,7.533770566994925e-05,2.8222962912325112e-06
48,2.598400530689935e-06,1.8688830689461707e-05,3.569464472764903e-06,8.16689039697294e-07,0.001348431349879681,0.000964434540592367,3.8125821024431924e-06,5.408706512756522e-06,0.015706167778764987,4.6404184242212146e-11,0.9795156062453432,5.363440969822871e-07,3.4317319953594625e-09,3.4714116493297695e-06,0.0011495102779336664,1.7905439712504477e-05,1.0317028181230112e-05,9.61323814009702e-07,0.0011090797735561863,3.634763604354753e-09,1.382671333213881e-06,7.06378360923521e-05,1.0586702089478892e-06,6.507557869136392e-05,5.219439022829403e-07
49,2.7033697494063413e-06,1.07748149143604e-05,7.304595768100247e-06,1.4065013852762698e-06,0.0015622524834130263,0.0007916415421591807,6.394675510705748e-06,5.248630839773395e-06,0.027351325093502906,3.333362163675004e-11,0.9671971909105341,1.2194436673975696e-06,5.381164000034177e-09,3.4351895725762992e-06,0.0025579923068765917,2.704767176391634e-05,8.033590066208937e-06,1.460897499809724e-06,0.0003366473215184665,4.367065672529335e-09,1.996349069085233e-06,7.396656519408689e-05,9.025823001176917e-07,4.98192876999009e-05,1.2263954314700784e-06
50,3.4421854393985867e-06,1.7044101226694993e-05,7.079224462055902e-06,1.1688954315988692e-06,0.0030336034190456304,0.0005694960516552179,2.164321157384267e-05,1.1901778628392097e-05,0.016421806465088618,9.306944433400294e-11,0.9761859378864567,1.6186635215988715e-06,4.810032880435944e-09,7.107600352450412e-06,0.003140953751934465,2.947625259689082e-05,8.161980785496047e-06,1.5125421837504984e-06,0.0004203062140552946,5.165634407767983e-09,1.9332385679281336e-06,8.318332753308164e-05,1.3644169556870735e-06,2.9123968550417324e-05,2.1247552183608673e-06
51,3.4558579557363553e-06,4.430755023370119e-05,4.147321026910484e-06,2.575025592704723e-06,0.0006594730670200968,0.0004009196684885216,4.8242784602486236e-06,8.623507256379228e-06,0.02648399835914562,3.878918965804346e-11,0.9695590134403856,1.3826699504718898e-06,1.1886666915298912e-09,7.615296092439611e-06,0.002109449402811824,1.447988062792544e-05,4.670525346413997e-06,1.6632721260815514e-06,0.000525628022683406,2.320806253784328e-09,1.0874794457528673e-06,0.00013200950473552428,5.730503053216455e-07,2.9355913368860646e-05,7.433586782117477e-07
52,3.447564628067107e-06,6.939293083053941e-06,4.875099672946373e-06,7.223301647351484e-07,0.0018604911078920559,0.001093921192736031,3.9191964068587715e-06,4.889314727672295e-06,0.029219452502816295,2.6425030811198268e-11,0.9637533201384298,4.927273527257668e-07,3.801455135321838e-09,3.107090244638653e-06,0.003573992245310749,3.071140155909128e-05,9.585925539557071e-06,2.896876773320085e-06,0.00031750159347270705,3.4546667290798936e-09,1.2310622710209986e-06,7.181770403825285e-05,4.087085342681966e-07,3.506653164406573e-05,1.2031101550218482e-06
53,1.0290299739572849e-06,6.529066326374168e-06,4.290315892509647e-06,8.766362770196502e-07,0.002298813533769627,0.0002880201145445238,1.5253308993405836e-05,6.184311741248349e-06,0.01661257060782871,2.244030454194646e-11,0.9772881655443745,1.3054082020728172e-06,3.0083309358129376e-09,2.580143730732064e-06,0.0032212456310893372,2.4007628733810372e-05,3.3846215873729543e-06,5.59037450324682e-07,0.00014864344657391,2.8853242901543424e-09,1.2908862292903677e-06,5.194649950073983e-05,8.149916007956799e-07,2.1481343893102932e-05,1.0019755910320091e-06
54,8.474124846826117e-06,5.028968420253407e-05,9.204279103558795e-06,1.7417812128547543e-06,0.004398793123144095,0.0010919168666036116,1.4815902982314909e-05,6.338850482447756e-06,0.061947588953435315,7.823744518356172e-11,0.9234552896492169,2.319279709227572e-06,6.833778099595624e-09,1.0476611317515117e-05,0.008218880665363287,4.261043305832549e-05,1.1526218716805959e-05,2.672971820909093e-06,0.000565013855710694,7.190941969010471e-09,2.315723345197803e-06,0.00011721845806783438,1.0293810189441449e-06,3.6397180839246515e-05,5.071902844063929e-06
55,1.3209961855853265e-05,2.0560502917779554e-05,1.9770752006121056e-05,2.0102503551486006e-06,0.0025633330738958015,0.0008652414114595524,1.6890254685112412e-05,6.556827653773319e-06,0.19243217242823055,3.021454119489546e-11,0.7979938809244557,6.122209040739396e-06,2.42928717366625e-08,2.6536285202082918e-06,0.00507617286045208,6.0118295835311715e-05,7.715535500742051e-06,4.103702046481126e-06,0.0006977974653045625,4.8375628182797085e-09,3.860066671152594e-06,0.00010228274794255803,3.8123323722052563e-07,0.00010259244458257911,2.5442627018053467e-06
56,3.0215191674378533e-06,1.1623752302138168e-05,5.83886225232539e-06,1.1095804326264328e-06,0.002043820212020831,0.0007256450377834076,6.554111105545634e-06,5.241472609460227e-06,0.028789729128705442,2.9295186669806455e-11,0.96520637331687,1.1090247539866773e-06,5.714553746984356e-09,3.3786747057537145e-06,0.0026618984307866366,2.747452161035206e-05,9.024826597657601e-06,1.4350422007523984e-06,0.0003766156088967888,4.440757466196376e-09,1.7947074306244742e-06,7.081794223434366e-05,7.656122369031395e-07,4.552200443929671e-05,1.1964262514167867e-06
57,4.015203815892726e-06,1.5634962678355373e-05,7.558931628997835e-06,1.3714872602276914e-06,0.0024428677974893125,0.0007017353531124685,9.806373457732133e-06,7.969518249058991e-06,0.04242115543968557,4.2496679517097223e-11,0.9492982725964456,2.5954029986137065e-06,1.3751268680845976e-08,3.8114310007658587e-06,0.00415106812303068,4.840092123593411e-05,1.5575076180073523e-05,1.7519305968565442e-06,0.0006618313399767669,7.922974603900917e-09,3.0493692578035473e-06,0.00013997618949712542,9.361905698562235e-07,5.8802389164433836e-05,1.7922559279688893e-06
58,3.1250194417470935e-06,1.0616626663319084e-05,5.888568458364651e-06,1.03019738717283e-06,0.0018111275518225827,0.000706333059272749,5.807389145075674e-06,4.672548490405768e-06,0.027971262437090232,2.57039570028969e-11,0.9668668020804911,1.031862782980388e-06,5.399085616144831e-09,2.755404116246373e-06,0.0020619936684915944,2.450617552546023e-05,7.491074400978777e-06,1.3149573447710843e-06,0.0003960067278075724,3.8885450356080465e-09,1.608550604028471e-06,5.910861890694108e-05,7.463242742974194e-07,5.5815711593284216e-05,9.461325544873488e-07
59,2.9330883751927777e-06,1.0436642822427271e-05,6.644893297466359e-06,1.0721293519392716e-06,0.0017693990223454378,0.000714625833758779,5.9887264171350665e-06,4.85387678774214e-06,0.02838762330812935,2.6848798784760562e-11,0.9663157044398515,9.73635531124092e-07,4.8477344219892776e-09,2.466269648874343e-06,0.002249519983091277,2.5791959342411335e-05,6.891911500716914e-06,1.2471644811590735e-06,0.0003759374680398972,3.992051187537393e-09,1.6740795294359036e-06,5.872119477464025e-05,7.592724401394053e-07,5.580662357167335e-05,9.196102771393005e-07
60,2.9300565642955523e-06,1.1813345249235693e-05,5.701559736330436e-06,1.116633326049624e-06,0.002061536621979402,0.0007356524818354994,6.443163680631549e-06,5.299513252155869e-06,0.028407568876540605,2.9991335273690516e-11,0.9655583319400487,9.88413531884313e-07,4.820516765608457e-09,3.3657608991991956e-06,0.0026863213055392044,2.782370937945503e-05,8.706744307884878e-06,1.4594108982731979e-06,0.00035857441959937956,4.311899377993609e-09,1.748445563992397e-06,6.956519164703664e-05,7.549674851814323e-07,4.311820156958923e-05,1.170074958527696e-06
61,3.0476814938510023e-06,1.0817763870843857e-05,6.599675221289678e-06,1.0737543163510912e-06,0.0018305278208645649,0.0007068001086304221,6.308846415542839e-06,4.938853645943099e-06,0.028561145349119205,2.780853973982896e-11,0.9660077898888964,1.0285660607005739e-06,5.1852181222144455e-09,2.583890597317003e-06,0.00231883412197986,2.5542591824571538e-05,7.223416186641092e-06,1.3048105655691853e-06,0.0003845689508302793,4.054660452433797e-09,1.7068068314128612e-06,6.119905267976892e-05,7.660767983839726e-07,5.5202088686662334e-05,9.806167974233573e-07
62,2.9300565642955523e-06,1.1813345249235693e-05,5.701559736330436e-06,1.116633326049624e-06,0.002061536621979402,0.0007356524818354994,6.443163680631549e-06,5.299513252155869e-06,0.028407568876540605,2.9991335273690516e-11,0.9655583319400487,9.88413531884313e-07,4.820516765608457e-09,3.3657608991991956e-06,0.0026863213055392044,2.782370937945503e-05,8.706744307884878e-06,1.4594108982731979e-06,0.00035857441959937956,4.311899377993609e-09,1.748445563992397e-06,6.956519164703664e-05,7.549674851814323e-07,4.311820156958923e-05,1.170074958527696e-06
63,3.3241898861699464e-06,1.5705942026227182e-05,6.040124383973336e-06,1.1869785287459428e-06,0.002241234040072115,0.000763881327560659,6.859446126528342e-06,5.252544024002405e-06,0.030463471736407507,3.5093548073634666e-11,0.9630535401481594,1.055864163431391e-06,4.8944743748007885e-09,3.6620798905514305e-06,0.0028577536119235776,2.780828905312245e-05,8.949516035008526e-06,1.4379166271844714e-06,0.0004162846169167829,4.7654416396728214e-09,1.8364334210475087e-06,7.250022409730326e-05,8.475099539241879e-07,4.607952239801015e-05,1.2782433354307458e-06
64,2.884083058598939e-06,1.3297350988746427e-05,6.520689058244447e-06,1.3326757501171962e-06,0.002158116855539788,0.0008679716807561078,7.240664693605966e-06,5.599572057217933e-06,0.031870791940543645,3.918754490490351e-11,0.9614560980321255,1.215482443619861e-06,6.095178066436568e-09,3.866203126012274e-06,0.0030191939877104008,3.171045326977879e-05,1.0411051545894867e-05,1.6311103730079473e-06,0.0004022579107872568,5.388183775146447e-09,2.685517980935404e-06,8.536506463149291e-05,9.428917102887523e-07,4.945698529167807e-05,1.398274008738561e-06
65,1.2330306560672412e-06,2.062683179478052e-05,8.968759064465261e-06,3.6182310189379306e-06,0.002154064987065135,0.0011835902009754212,2.0390984992219447e-05,2.1980553151724278e-05,0.008232293262716942,3.622002733981721e-10,0.9843038384724052,9.695214242731563e-07,2.407884664352554e-09,1.4568294729658485e-05,0.003552011417525402,4.168082556719001e-05,1.0893506347848526e-05,1.5141011762772289e-06,0.00028947790510228187,1.274529845691795e-08,5.065464046476686e-06,0.0001017720022420426,4.037144447365282e-06,2.5025409682583476e-05,2.3635784844397338e-06
66,2.285707473459026e-06,1.3086171316600139e-05,4.511315309683587e-06,1.3645800545498121e-06,0.0015155123939229582,0.0005352125188569848,6.76648333881599e-06,6.734832299155147e-06,0.02599231874839066,2.620103256698823e-11,0.9685983211807767,1.3007046632402742e-06,3.4823863043847124e-09,4.728944031464125e-06,0.002851370018882199,2.5989486435287973e-05,6.883229388361479e-06,1.3000586616585528e-06,0.0003144188094337164,3.319591597224581e-09,1.4660143594771753e-06,8.563705872817425e-05,6.588984631353077e-07,2.9021213693155384e-05,1.104803341415741e-06
67,7.764241230636257e-07,2.8912354256412793e-06,3.560602284585333e-06,2.537353354557602e-06,0.0011720535678009668,0.0024663973212090532,1.4877865106344685e-06,2.663559077375763e-06,0.007217103123232576,3.671213440208688e-11,0.9882483292468148,3.5543243234262015e-07,9.529587086211421e-09,8.230697653481923e-06,0.0006069849242557509,2.2125823284030165e-05,2.7636611312681412e-05,1.6043802198275971e-06,0.00010833128594515707,1.0746993799010288e-08,2.72743781316845e-06,3.645879992852031e-05,3.0023869545328427e-06,6.371327116610986e-05,1.0084159081744478e-06
68,4.380499585270519e-06,1.383898756205405e-05,1.1870558771375867e-05,2.2456332541477538e-06,0.0014300873435536651,0.0009268737677474927,7.175564720806843e-06,6.268556627098685e-06,0.03529502302849218,4.7108846050624396e-11,0.9602112178920732,1.4545462997446276e-06,5.628730364068128e-09,3.7303158720581447e-06,0.0015042414527339258,2.8536102259637067e-05,8.391386582392665e-06,2.208220179491168e-06,0.00038753690202062243,4.766018503214606e-09,2.9969576074991556e-06,7.02862766723226e-05,1.1295073672390542e-06,7.934086056393223e-05,1.1551975963481629e-06
69,4.04963434824662e-06,1.4095688445090684e-05,6.413675486160711e-06,1.1773482808131562e-06,0.002488418402704952,0.0008577844504328266,7.2416743387661815e-06,5.635520532502776e-06,0.036224613020634504,3.5092469740281724e-11,0.9565131323488184,1.121283834478498e-06,6.096030532835254e-09,4.013086359019511e-06,0.0032850415179270106,3.251431107099689e-05,1.1520748300531829e-05,2.0466942557604736e-06,0.0004093186463056155,4.938893159754465e-09,1.934321697753474e-06,8.40495500642062e-05,7.210199635114772e-07,4.354088964994003e-05,1.6050965326767704e-06
70,1.9333656570458904e-06,1.1064249392953498e-05,3.903362973748595e-06,8.124079743540568e-07,0.001710059378019982,0.0007406504138881251,4.729256120945833e-06,3.505695303453584e-06,0.023177126253146347,2.4859618504480338e-11,0.971700279435898,7.277831669868153e-07,3.5608990270951117e-09,2.404584721107185e-06,0.0020477306554724344,1.942302945949923e-05,7.096425770913599e-06,9.425721782260077e-07,0.0004517030156584745,3.215599074595001e-09,1.860734369886761e-06,6.111484799197842e-05,8.506878336561477e-07,5.130443539412293e-05,7.70608249816482e-07
71,4.922614372332839e-06,4.27191406192192e-05,5.9525761873425855e-06,2.2237060475911883e-06,0.009179737117909117,0.0008179686299138498,1.4511648394670236e-05,7.633192110970344e-06,0.04048732189081807,1.0819951780352707e-10,0.9450222285815937,1.854705786642655e-06,1.373924618553311e-08,9.874083151525608e-06,0.003754324085029185,6.111224979001613e-05,2.113095319602019e-05,1.792266760833766e-06,0.00041223385376548146,3.1312899026534374e-08,3.1982566250962632e-06,7.963491705855646e-05,2.8286423655133085e-06,6.350795655935935e-05,3.243771600051496e-06
