,0,1,2,3,4,5,6,7,8,9,10,11,12,13,14,15,16,17,18,19,20,21,22,23,24
0,4.3663503518299014e-05,1.362051637278533e-05,2.8019202762076214e-06,0.002165617503019932,0.0001771291136739522,5.4201753839309496e-05,0.00016828467735323165,0.0005475352393120932,3.5944598454489854e-08,4.165769917638812e-07,0.9674277350893561,0.006191271690861444,1.0009033535405087e-06,0.0002854337651002883,3.636489168942203e-07,3.311097963927134e-07,5.656293598849383e-06,0.02092182567265906,2.920379399535923e-05,1.8468391863653475e-05,0.0011891626372835637,7.490722377617815e-05,0.0006800744039674837,1.175928491690755e-06,8.269802330864253e-08
1,4.2685650496419875e-05,1.2820418556209248e-05,3.937982586843877e-06,0.001947288249167752,0.00020044641972296692,7.816361648334719e-05,0.00021280476205115856,0.0007329783626099626,8.531380422451722e-08,6.391076748786016e-07,0.9750494395519005,0.005718078289008669,9.536796198954186e-07,0.00029324671680523907,5.669060935895694e-07,6.621956509429571e-07,4.6123706535998326e-06,0.013552545625744565,5.7827748491431724e-05,2.4304730172385974e-05,0.0014549200994869523,7.761544279254026e-05,0.0005322790682348049,1.0029341901404147e-06,9.475800090436908e-08
2,4.757914097179189e-05,1.303894990519297e-05,2.480867868255999e-06,0.0020715773659161028,0.00015904201832238682,6.167577946523964e-05,0.00020221796588286084,0.0006112366824028233,3.785591144670939e-08,3.7409748417712293e-07,0.9707400889154765,0.006715291250695068,9.154204326186573e-07,0.0003341137739296435,7.31094627297825e-07,5.141031426380454e-07,7.589165347631651e-06,0.016354557280240174,3.681247369142856e-05,2.3456021529919812e-05,0.001327755160275751,0.00011646756401372172,0.00117127097173368,1.075676196274671e-06,1.0040453744511432e-07
3,4.378180933971053e-05,1.3842251618195156e-05,2.7905686833697176e-06,0.002214803205081522,0.00017878620276900434,5.41248310099364e-05,0.00016815383589110513,0.0005541700579720135,3.567672882297184e-08,4.2347952340230364e-07,0.9669250351579215,0.006237900323800517,1.0027220149660002e-06,0.0002892552649200065,3.6522092054993163e-07,3.323008477633275e-07,5.768327836849628e-06,0.021271245743601785,2.9450472951877566e-05,1.8521614236235345e-05,0.0012184882111281907,7.604158401658294e-05,0.0006944107476231638,1.1859461896567634e-06,8.444337329131992e-08
4,4.552187520242654e-05,1.629349903568204e-05,3.400188221481633e-06,0.0023200442647429197,0.00021712247289350914,6.174678329135783e-05,0.0001765407483252311,0.0005028114247534354,3.879612369761708e-08,4.610641620034922e-07,0.9659688518143548,0.006739342426124797,1.389297343425342e-06,0.00037274575947999686,3.6736934319048356e-07,3.371556212913934e-07,5.69719670033828e-06,0.021608963907135778,2.7971020243073745e-05,1.9252418048820172e-05,0.001125877967380056,7.651482778889584e-05,0.0007073479245099199,1.277295727575253e-06,8.250344639253947e-08
5,3.965867062407812e-05,1.664062870121651e-05,2.565863764669933e-06,0.0032882157955612373,0.000195845234383117,5.3389898277677515e-05,0.00016679356440686772,0.0006354413576248419,2.9639151059001036e-08,5.596595665935543e-07,0.9555472362625498,0.005786212746690036,1.152179624284894e-06,0.000299617920845527,2.8674768319363476e-07,3.0426281023290884e-07,6.363754407847529e-06,0.03150610877413053,2.526021778332563e-05,2.0952208139648155e-05,0.0014666170923372539,7.344161213771174e-05,0.0008657126395848267,1.498194834247747e-06,9.507438021894372e-08
6,4.378180933971053e-05,1.3842251618195156e-05,2.7905686833697176e-06,0.002214803205081522,0.00017878620276900434,5.41248310099364e-05,0.00016815383589110513,0.0005541700579720135,3.567672882297184e-08,4.2347952340230364e-07,0.9669250351579215,0.006237900323800517,1.0027220149660002e-06,0.0002892552649200065,3.6522092054993163e-07,3.323008477633275e-07,5.768327836849628e-06,0.021271245743601785,2.9450472951877566e-05,1.8521614236235345e-05,0.0012184882111281907,7.604158401658294e-05,0.0006944107476231638,1.1859461896567634e-06,8.444337329131992e-08
7,4.383722390457529e-05,1.380439594674412e-05,2.787521757608615e-06,0.0022354156157148373,0.00018168014723611036,5.5004327590958684e-05,0.00016802023684047104,0.0005587899850810167,3.5712478437699315e-08,4.2916301087337834e-07,0.9667139582161063,0.006314935115544533,9.87910920243666e-07,0.0002936839093345765,3.7162019946213347e-07,3.4052295104599145e-07,5.814663531752191e-06,0.021323483657414127,3.003011549261928e-05,1.8501242024230174e-05,0.0012510117471294462,7.73475250773357e-05,0.0007084648526005547,1.1786688571720725e-06,8.590325511541962e-08
8,9.024804587214936e-05,2.6686830626355293e-05,8.708720436492391e-06,0.009704383040913128,0.00043319091685477376,6.262574712206313e-05,0.000356793833940191,0.0016982501741558903,5.5155021484129605e-08,1.1915631719955357e-06,0.9341628442725673,0.012228260047193925,2.824836591147653e-06,0.0008655604051932713,4.5162902801112694e-07,8.306073508526647e-07,1.4232644146203222e-05,0.03575571900720541,4.5980623265429e-05,5.104132091112029e-05,0.002470655414392029,0.00011106818125603095,0.0019045768223339879,3.55591195583368e-06,2.642484947237015e-07
9,7.198759578065054e-05,3.0542141230838405e-05,1.2608646016735842e-05,0.007722060938864575,0.0003340487167055952,3.960422808537944e-05,0.00030440011393048367,0.0014068237892525975,7.691805040256699e-08,8.916978914576973e-07,0.9467632466055935,0.008930673757060224,4.415403416119778e-06,0.0005335119989046444,2.673160359256898e-07,3.591058862069169e-07,9.722949785915699e-06,0.03175428305070085,2.553809520577013e-05,5.5258791136131024e-05,0.0012175172533606608,5.814567008491811e-05,0.0007192877531228496,4.531270216810162e-06,1.9619368055189188e-07
10,4.378180933971053e-05,1.3842251618195156e-05,2.7905686833697176e-06,0.002214803205081522,0.00017878620276900434,5.41248310099364e-05,0.00016815383589110513,0.0005541700579720135,3.567672882297184e-08,4.2347952340230364e-07,0.9669250351579215,0.006237900323800517,1.0027220149660002e-06,0.0002892552649200065,3.6522092054993163e-07,3.323008477633275e-07,5.768327836849628e-06,0.021271245743601785,2.9450472951877566e-05,1.8521614236235345e-05,0.0012184882111281907,7.604158401658294e-05,0.0006944107476231638,1.1859461896567634e-06,8.444337329131992e-08
11,4.528102399804063e-05,1.517307162951917e-05,2.9612721291553064e-06,0.0022901859226183425,0.00018141870433552459,5.371607624984129e-05,0.00017531222385032042,0.0005568461758130983,3.709171137851859e-08,4.402142154271165e-07,0.9657123904016873,0.0063693567180064005,1.2155064242017025e-06,0.00030221792941971786,3.540454462434848e-07,3.193251528412078e-07,5.990052579184168e-06,0.022336025773503056,2.821470742696133e-05,1.9826895152153244e-05,0.0011355652180009242,7.656036937840585e-05,0.0006892141086647536,1.2932314467405439e-06,8.39411604963347e-08
12,4.8874035492695764e-05,1.8817319436587807e-05,2.532572466211352e-06,0.003159139772405293,0.0002867265091798129,6.949225008008912e-05,0.00015970913528068215,0.0004720006893129358,1.9071939901488372e-08,5.264011628430828e-07,0.945582439329188,0.009528401424144557,1.2505966282413336e-06,0.0005586834646005861,3.583441878459121e-07,3.7820299004511523e-07,8.416798086126764e-06,0.03676643651755574,2.6398839342239558e-05,1.6559896442777996e-05,0.0017440288854593303,0.00012012979823395324,0.0014271994414690947,1.3773817846616267e-06,1.0332312974952259e-07
13,5.160947301365145e-05,3.161893159328123e-05,3.28693779500014e-06,0.008573218444917416,0.0003701704835829516,0.0001430529185007695,0.000352272366319537,0.0012711977999723283,4.419839947825953e-08,2.7415762696708166e-06,0.8942999815000225,0.004403557502288057,2.544787741119372e-06,0.0003996478003783136,3.061027759282171e-07,1.014414621804313e-06,8.520780605075772e-06,0.08538131351991601,3.972568581318673e-05,5.7469421821561e-05,0.0023186939970086915,0.00010854431059438425,0.0021752601488749445,4.0581751116024365e-06,1.487220627235673e-07
14,9.368521431295061e-05,7.596559327510708e-06,3.066639907236074e-06,0.001955893481418756,0.00012724910597503852,4.794653416363654e-05,0.00022515782135329625,0.0005868002752234012,3.05618616241965e-08,2.1448125021930975e-07,0.9633792415734045,0.012219946541320626,6.437326125442952e-07,0.0003519804028583879,5.972602069369952e-07,5.116571112844838e-07,8.175568831152282e-06,0.018391991383173212,3.579920581753668e-05,1.8472602926198248e-05,0.0013032232890824987,9.730390700481588e-05,0.0011432961410473156,1.0277485745173223e-06,1.48311234902673e-07
15,4.378180933971053e-05,1.3842251618195156e-05,2.7905686833697176e-06,0.002214803205081522,0.00017878620276900434,5.41248310099364e-05,0.00016815383589110513,0.0005541700579720135,3.567672882297184e-08,4.2347952340230364e-07,0.9669250351579215,0.006237900323800517,1.0027220149660002e-06,0.0002892552649200065,3.6522092054993163e-07,3.323008477633275e-07,5.768327836849628e-06,0.021271245743601785,2.9450472951877566e-05,1.8521614236235345e-05,0.0012184882111281907,7.604158401658294e-05,0.0006944107476231638,1.1859461896567634e-06,8.444337329131992e-08
16,4.356495968522608e-05,1.1376574206924343e-05,3.235569162215778e-06,0.0015295582231744337,0.00015854952845436758,5.4002615994060037e-05,0.00015222801232898112,0.0004481259727842701,4.25753648847533e-08,2.657499562676225e-07,0.9750069688385453,0.005873774777225986,9.54286327028487e-07,0.0002474401778832386,3.9677829568533223e-07,2.6731516340616486e-07,4.593481627308139e-06,0.015081675166261306,2.3119911887808587e-05,1.7963164129647008e-05,0.0007145493826597941,6.922644720119828e-05,0.0005570238288820602,1.0262617541773947e-06,7.040104431860983e-08
17,4.739769394697138e-05,1.5633634546121716e-05,3.003929704510255e-06,0.002850843000699862,0.00019960198849494,5.4553736081331674e-05,0.00017881005386739078,0.0005980120008282966,3.310769414987369e-08,4.743347638611211e-07,0.9605879835828041,0.007104755402373269,1.1787632605117127e-06,0.0003604317417585644,3.3867111113698535e-07,3.401433479323824e-07,6.423272545469748e-06,0.025664558200946427,2.8929999214946547e-05,2.033092211957797e-05,0.0013475479149360728,8.070811198300395e-05,0.0008466870083046088,1.3225442117289417e-06,1.0024045534350014e-07
18,4.7173062445802676e-05,1.4395334339220136e-05,2.8226367731879737e-06,0.002273957347642536,0.00017642591090803693,5.129828297615041e-05,0.00017204286581051935,0.0005699204650017649,3.420255414683662e-08,4.2543470692932007e-07,0.964431123098981,0.006692443132860769,1.0441897093521827e-06,0.0002930208884057292,3.621552397394329e-07,3.256627602731652e-07,6.413574951088191e-06,0.023159452400397892,2.9295796194523736e-05,1.857965651081148e-05,0.0012582392539333815,8.053020439245126e-05,0.0007193034250375884,1.2817301658802745e-06,8.928730116928395e-08
19,4.609066387850476e-05,1.9114050646441238e-05,6.137866001273936e-06,0.0030268762463438368,0.0003536559973163944,6.651487398145509e-05,0.00016279293458370186,0.0007192555482370873,6.239120069301586e-08,6.394923909726717e-07,0.9617105507282142,0.010048972690819058,2.0162166301704275e-06,0.0004897874995834679,3.451710324613052e-07,3.422372359170783e-07,6.522685693055706e-06,0.02147854837432588,3.289625711976993e-05,2.4772764858366373e-05,0.0011826051419149936,8.94671561306881e-05,0.000530486124375427,1.445414477162129e-06,1.0147300919599181e-07
20,3.9693602449367195e-05,5.63911158744119e-06,1.930104719564169e-06,0.0011876135869361632,7.685743947910895e-05,7.228115283395966e-05,0.0001437103723795533,9.16202284635423e-05,1.563178655262437e-08,1.5680380849308583e-07,0.9751668728581533,0.003454497245941958,6.704431391007324e-07,0.0002067887420725879,1.0839250830655022e-07,2.451625629720525e-07,1.0833429765926722e-06,0.018694680083148306,8.719388258133056e-06,1.0470150553758913e-05,0.0004309440557211579,1.160824305794952e-05,0.0003932419710125041,5.07408243222015e-07,4.447820644738733e-08
21,6.253377860237592e-05,1.2236712256720369e-05,3.643335020805559e-06,0.002852794567977594,0.00016896859328060935,6.286214560071544e-05,0.00025379181410410467,0.00040267255342163894,2.350055646384046e-08,4.362236481471279e-07,0.9546365149323912,0.0101629433381937,1.7406230342790629e-06,0.0004493688124793976,2.455066578917978e-07,4.982226070172791e-07,4.974636516321241e-06,0.028769789833061395,2.1414504221488735e-05,2.5364235747065474e-05,0.0011217114388733164,5.2383376757524535e-05,0.0009316703048990186,1.3286592807916632e-06,8.835081036641375e-08
22,5.057696034861529e-05,2.9800840449496116e-05,5.760929826754324e-06,0.0052624867331417975,0.0004342155422744592,9.35927507103025e-05,0.000310685224186332,0.0007926695993530285,1.1431944045158521e-07,8.807112373369963e-07,0.967591612132596,0.007074974972545311,2.8973407930649537e-06,0.0007691258542303955,6.87848914506513e-07,4.3203853924999197e-07,4.4380563039122235e-06,0.01530612162142392,5.487061733795319e-05,2.787090636839159e-05,0.0010707125129915391,8.368188017139242e-05,0.0010299614248018534,1.6357544127349585e-06,1.9342760099581133e-07
23,4.378180933971053e-05,1.3842251618195156e-05,2.7905686833697176e-06,0.002214803205081522,0.00017878620276900434,5.41248310099364e-05,0.00016815383589110513,0.0005541700579720135,3.567672882297184e-08,4.2347952340230364e-07,0.9669250351579215,0.006237900323800517,1.0027220149660002e-06,0.0002892552649200065,3.6522092054993163e-07,3.323008477633275e-07,5.768327836849628e-06,0.021271245743601785,2.9450472951877566e-05,1.8521614236235345e-05,0.0012184882111281907,7.604158401658294e-05,0.0006944107476231638,1.1859461896567634e-06,8.444337329131992e-08
24,4.171691220757424e-05,2.3837469208227555e-05,3.341646822211406e-06,0.004949286050598156,0.0003043371673525906,7.18575055819246e-05,0.000171949687096758,0.0006256408263200988,3.217069775018158e-08,7.593822348163412e-07,0.9474391836976351,0.007612483488409901,1.8137155221789036e-06,0.0006170742684136987,2.508162294482184e-07,3.533731493034462e-07,5.55506037786086e-06,0.03542660721744098,3.110992596716785e-05,2.6207425131382827e-05,0.0015987889093476198,8.16690302619364e-05,0.0009647744150598147,1.2533279732700793e-06,1.1651096007637628e-07
25,3.241770116008043e-05,2.559243015126884e-05,4.931365311302948e-06,0.0008125022851400715,0.0018813191948641392,0.003656379947144781,6.723539648029974e-05,3.3192368004382145e-05,1.3336066087859274e-07,1.5058031345058449e-06,0.9589666101965442,0.008374519404692167,7.710192029859829e-07,0.00254382242723587,3.343867709468387e-06,3.3371613851632614e-06,2.1018464693403987e-06,0.018606901646920252,5.441030161546423e-05,5.761440271264951e-06,0.002776967697730398,0.00021328227248256626,0.0019324917041874273,2.9790045263461586e-07,1.7126104918168386e-07
26,8.613247221563708e-05,1.671379728403073e-05,3.671458443340041e-06,0.0020454219499038842,0.00010934074673672223,2.3827975270444177e-05,0.00021142103644556198,0.0006994745327579733,3.001653234182735e-08,3.2149654021077203e-07,0.9473872789984648,0.006208620657120599,1.6173232136680125e-06,0.00013296967505640363,2.560817705566282e-07,1.6469980333855027e-07,1.3243401339424297e-05,0.04155305052706358,1.4688723557683575e-05,1.888379221301691e-05,0.0008149014852050059,6.867574954453556e-05,0.0005849222042888927,4.280738698421917e-06,9.046052975709571e-08
27,4.6429198526375276e-05,1.3032195440519049e-05,3.066862077553185e-06,0.0020282289667751855,0.00016663048334400333,6.166707894365872e-05,0.00018223423608047852,0.0008893586217821396,7.32610307541102e-08,5.037396413614359e-07,0.9717541158859202,0.005663925689394823,8.290915047614337e-07,0.0002175825114642723,6.797232994887732e-07,4.665206986979137e-07,7.165020355598262e-06,0.0167736824716197,4.786564032297616e-05,2.523980422258442e-05,0.0013398502920309154,0.00010980304631108114,0.0006661964155521542,1.2539776717523997e-06,1.1926598895717768e-07
28,4.378180933971053e-05,1.3842251618195156e-05,2.7905686833697176e-06,0.002214803205081522,0.00017878620276900434,5.41248310099364e-05,0.00016815383589110513,0.0005541700579720135,3.567672882297184e-08,4.2347952340230364e-07,0.9669250351579215,0.006237900323800517,1.0027220149660002e-06,0.0002892552649200065,3.6522092054993163e-07,3.323008477633275e-07,5.768327836849628e-06,0.021271245743601785,2.9450472951877566e-05,1.8521614236235345e-05,0.0012184882111281907,7.604158401658294e-05,0.0006944107476231638,1.1859461896567634e-06,8.444337329131992e-08
29,4.378180933971053e-05,1.3842251618195156e-05,2.7905686833697176e-06,0.002214803205081522,0.00017878620276900434,5.41248310099364e-05,0.00016815383589110513,0.0005541700579720135,3.567672882297184e-08,4.2347952340230364e-07,0.9669250351579215,0.006237900323800517,1.0027220149660002e-06,0.0002892552649200065,3.6522092054993163e-07,3.323008477633275e-07,5.768327836849628e-06,0.021271245743601785,2.9450472951877566e-05,1.8521614236235345e-05,0.0012184882111281907,7.604158401658294e-05,0.0006944107476231638,1.1859461896567634e-06,8.444337329131992e-08
30,4.378180933971053e-05,1.3842251618195156e-05,2.7905686833697176e-06,0.002214803205081522,0.00017878620276900434,5.41248310099364e-05,0.00016815383589110513,0.0005541700579720135,3.567672882297184e-08,4.2347952340230364e-07,0.9669250351579215,0.006237900323800517,1.0027220149660002e-06,0.0002892552649200065,3.6522092054993163e-07,3.323008477633275e-07,5.768327836849628e-06,0.021271245743601785,2.9450472951877566e-05,1.8521614236235345e-05,0.0012184882111281907,7.604158401658294e-05,0.0006944107476231638,1.1859461896567634e-06,8.444337329131992e-08
31,7.611464086632383e-05,3.49572001482708e-05,7.3685119736852894e-06,0.0061775296722414545,0.00038885427959707607,4.4218635131150685e-05,0.0002580434903835744,0.0016635627491314914,5.1176286962107554e-08,1.0818040697688937e-06,0.928506342177251,0.01055426722370185,3.0563666805949546e-06,0.0005166149076850718,2.7212079133373446e-07,3.804390355396726e-07,1.2750539318322965e-05,0.048893818050125784,4.027808497648392e-05,4.0339141819655304e-05,0.0018112930962048978,0.00011638920369067723,0.0008481753670068297,4.082407088322176e-06,1.5871479396149123e-07
32,4.63234931698598e-05,1.421801965704372e-05,2.8653942425382113e-06,0.0021040630153859666,0.0001835211463192144,5.736751595546028e-05,0.00017484671006060923,0.0006042832069026213,4.223478227687439e-08,4.5446736463763654e-07,0.9678656920017084,0.00635349793557761,9.529477855213265e-07,0.00029436412884281964,4.380431196103033e-07,3.7893330052670936e-07,6.127090010149203e-06,0.020114324864058016,3.6483312083086264e-05,1.8616233633519313e-05,0.0013431287300117117,8.69708850460274e-05,0.0006897845296310092,1.1637855616579962e-06,9.137579010557476e-08
33,5.8086537279798443e-05,2.4402485492111846e-05,2.8486413854770835e-06,0.002832827928095434,0.0002494616286546502,5.479934046771388e-05,0.0001968954043563543,0.0006830086676568192,2.6987610828331126e-08,5.583955549610124e-07,0.9508273932936793,0.008752075419316191,1.7303153679596838e-06,0.0004642341469054947,3.662107970333798e-07,3.5090854901480766e-07,9.725898563574021e-06,0.033290138790216,3.600242777724521e-05,2.3009764884813913e-05,0.0013219262026096844,0.00015612820344303063,0.0010123062130711897,1.6117322557608274e-06,8.445600969434135e-08
34,3.7017088729779554e-05,1.6066118316300525e-05,2.2199278571582853e-06,0.0037915181000765354,0.00021915815887649638,5.1180285097880757e-05,0.00016562139644063893,0.0005659310325648317,1.4842073382796442e-08,5.088391616306646e-07,0.9492317095793934,0.007493730262904119,1.1568024260219227e-06,0.00039512838209922874,2.51904864188384e-07,3.380863409708188e-07,7.390764590515148e-06,0.03499565672028387,2.0175507896977153e-05,2.198544510501678e-05,0.0015492098391482942,8.783086976654856e-05,0.0013446809644550386,1.434802666145337e-06,8.427886508334138e-08
35,7.806246988935258e-05,1.8537280054404663e-05,3.239896030080335e-06,0.003091522121388921,0.00014544899852041675,3.3249769045314674e-05,0.0002040404192190899,0.0012873601629078775,5.836460126287203e-08,6.303864494832591e-07,0.9428514419007576,0.007737616245534231,1.3611987373435752e-06,0.00018651490723744498,2.954784401584356e-07,2.397210309052512e-07,1.1534510799006457e-05,0.042232594014584665,4.322673818199911e-05,2.392656493097104e-05,0.0014617499239651915,0.00010255409652975146,0.0004822000092312025,2.4402456726060097e-06,1.5457626069780174e-07
36,0.0001743695257766746,3.060021154068184e-05,1.1037540996552026e-05,0.0036346516871993955,0.0006042865918420958,6.31149654159453e-05,0.00025296094624562324,0.0020073519827898683,1.1643387110042007e-07,9.936170801015828e-07,0.921452303998033,0.04162691062312636,2.663914289635803e-06,0.0009995923663200052,1.1739211260679103e-06,8.404825646383885e-07,3.364576829751768e-05,0.02452116873536803,0.00013950805812753257,2.8061097951569068e-05,0.0031203401260913276,0.000378457487031125,0.0009129640917814238,2.5617750250325656e-06,3.2405210878793436e-07
37,3.45690522885108e-05,1.3513991055639467e-05,2.59600513038182e-06,0.0022966954629790796,0.00019257292838818912,6.22438309242557e-05,0.00015495487324439412,0.00060730645280254,4.2533278910679457e-08,5.010748329258551e-07,0.9692809965674472,0.005508578381980902,9.17148091869013e-07,0.0002641602800525343,4.2695520173336474e-07,3.56142321627652e-07,5.554774720576637e-06,0.019363852450761145,3.1196285914861025e-05,1.919948790897916e-05,0.001357123229170872,7.846769905735732e-05,0.000722968834632906,1.1195438407914668e-06,8.601397200795951e-08
38,3.8813353447443035e-05,4.6598014714213775e-06,1.2421043078356014e-06,0.0005390268895183367,6.550366830558458e-05,6.78738846417793e-05,0.00018447433206206804,0.0001560936917484953,1.9965402277561857e-08,1.4602370207241606e-07,0.9835603100016675,0.003576029772610568,3.7844987451556807e-07,0.00014185537847682605,4.4189454245572517e-07,4.3646878409021703e-07,2.3030433404784367e-06,0.010359279207477456,2.0293035863710253e-05,8.894146782294987e-06,0.0006454186503418413,4.0026663044189214e-05,0.0005859471557055834,5.014025458507619e-07,3.101433508366206e-08
39,4.446722833401164e-05,1.2882184807387965e-05,3.0597301196952944e-06,0.0024852904928829443,0.00020335764310266583,5.9693663983178924e-05,0.0001756081806425146,0.0006764149833733117,4.0742309836622334e-08,5.001074886754295e-07,0.9658062285818393,0.006917053191543536,9.421156595673219e-07,0.00030284359895937994,3.997116674219758e-07,4.2290468914432946e-07,5.9904213660735835e-06,0.020938355614629707,3.586097526517044e-05,2.0428108186425603e-05,0.0015062994802283445,7.833241263991348e-05,0.0007242276529075136,1.2033952274060036e-06,9.687814679509871e-08
40,9.13311982464899e-05,1.53547006557175e-05,3.3021051736271874e-06,0.0011194310948869069,0.0002093686302302032,5.4215460037091166e-05,0.0001536472767355148,0.0003266213184593761,3.149584684564685e-08,2.1086644553021642e-07,0.9667901544972786,0.011447917334312288,8.571053839716427e-07,0.0005693857550482427,5.511360887170249e-07,3.2746582358084135e-07,7.163784325341511e-06,0.017305469306457565,4.8212130091240764e-05,9.796740422062916e-06,0.0011218535674224037,0.00014687119933244467,0.000577078774960238,7.598387759092055e-07,8.721756034066216e-08
41,3.7834260982595903e-05,1.5912673839097143e-05,6.115369637692488e-06,0.002540315525288318,0.00038485049394209545,0.00010230040570073794,0.0001518495020923754,0.0007189438184366188,1.1088673852799302e-07,6.981207790528374e-07,0.9749813508620948,0.00583711377154163,1.1143476545236105e-06,0.00042036241242142966,6.60337019407201e-07,5.706547121736078e-07,4.636262971976676e-06,0.012595759430589524,4.775158410790176e-05,2.2528344698427752e-05,0.001504108196673855,7.410773577937859e-05,0.0005497492154738522,1.139190830279419e-06,1.165959936958593e-07
42,3.535764876371398e-05,1.6601625193982843e-05,4.091567937796295e-06,0.003180271469782923,0.00020164146169124848,6.847549039443498e-05,0.00013731801774117134,5.447008942237275e-05,1.3881919059616886e-08,1.881687604197412e-07,0.9530572178600974,0.00476875134334406,3.822695813994758e-06,0.0007220348060825485,5.882396032285544e-08,6.738881382863879e-08,1.0818984994168623e-06,0.03698371606852526,2.960428680363049e-06,8.552065990175376e-06,0.0002593746904164943,8.095289903762146e-06,0.0004846786567383311,1.0942265826562668e-06,6.433494410286431e-08
43,2.2819855788179372e-05,1.4820457009923839e-05,1.8929365081493501e-06,0.0034446930132375807,0.0004132264241026817,0.00011425231961516688,0.00014142665469526396,0.0013330721453788542,6.23801772368431e-08,1.7908080981855233e-06,0.9622647009309391,0.004660358871095992,5.29693701599736e-07,0.0002441845187006728,8.672422991480389e-07,9.401989588570787e-07,8.847886541960105e-06,0.020761122065493756,8.460325028005157e-05,1.7764820485559795e-05,0.005175813040335716,0.00014111298033483418,0.0011496384574878863,1.3383730055838445e-06,1.2067572811923676e-07
44,4.378180933971053e-05,1.3842251618195156e-05,2.7905686833697176e-06,0.002214803205081522,0.00017878620276900434,5.41248310099364e-05,0.00016815383589110513,0.0005541700579720135,3.567672882297184e-08,4.2347952340230364e-07,0.9669250351579215,0.006237900323800517,1.0027220149660002e-06,0.0002892552649200065,3.6522092054993163e-07,3.323008477633275e-07,5.768327836849628e-06,0.021271245743601785,2.9450472951877566e-05,1.8521614236235345e-05,0.0012184882111281907,7.604158401658294e-05,0.0006944107476231638,1.1859461896567634e-06,8.444337329131992e-08
45,4.636863145778542e-05,1.277277587338004e-05,3.4666381845265813e-06,0.0018718167470944955,0.00018978274596141782,5.406426125180217e-05,0.0001975485491636978,0.0007089618051474983,5.063570926072187e-08,4.2013820790364245e-07,0.9729323220264323,0.0061742767363819106,1.139050610619347e-06,0.00025739926889579463,4.512171842207416e-07,3.6878764566951325e-07,5.9311831297688325e-06,0.015810959252193064,3.41938991248592e-05,2.0937008860012702e-05,0.0009945088477080195,8.088416667751944e-05,0.0005999640048465765,1.3409476351530259e-06,7.067462279279176e-08
46,5.9306378392594315e-05,1.6483202980352115e-05,2.9929371905000965e-06,0.002614802211180009,0.00017809175723715892,4.061219697459516e-05,0.0001779896399389162,0.0007787617712775205,3.404602129426751e-08,4.545429455743558e-07,0.9585018523538722,0.008017704514662211,1.1936069529091729e-06,0.00026453526081623394,4.010424500072678e-07,3.062289760537771e-07,1.0747750440848674e-05,0.026974666619616703,3.1020076089281697e-05,2.0381946966500996e-05,0.0014206743948174145,0.0001028072841360854,0.0007822525606577812,1.8188378435363694e-06,1.0883756344888221e-07
47,0.00014946153338239788,1.308116629113231e-05,2.824721912124899e-06,0.0011358833193977087,8.346790674684631e-05,2.8349588286008977e-05,0.00024869642225547805,0.0005378404648074934,2.2053890717752117e-08,2.3958238067852663e-07,0.9451389553198534,0.016676773869134798,1.111162994150205e-06,0.0002043484490296765,4.056411040726411e-07,3.840606603282063e-07,1.5501242188591155e-05,0.0338727714805052,3.709464648077855e-05,2.0504111753061502e-05,0.0010623535742093782,0.00017057881440889515,0.0005974755668200243,1.772219285725622e-06,1.0308222132372087e-07
48,0.00010878890509540435,4.172923782037126e-05,2.688352589034562e-06,0.003554572594302114,0.00024102191180704096,3.4163206402880544e-05,0.00034622994664288223,0.0022076194694087207,3.9055901064279895e-08,1.030573246662901e-06,0.9348126920908909,0.010969228322679617,2.2395159728035694e-06,0.0004109345102272512,7.201119353188741e-07,4.824540956016301e-07,3.546990375339151e-05,0.04278203611094058,0.00010030299321943784,2.8500212274280562e-05,0.002497929827038886,0.0004121845163831646,0.001405657191462074,3.6083356321743333e-06,1.306502784712153e-07
49,4.111257626774735e-05,1.2491167851076304e-05,2.8013063039330215e-06,0.0020031449149891445,0.00019809542035579075,6.823539685635088e-05,0.0001510916960701177,0.0004400113607228413,3.1838615356414025e-08,3.8135936546969543e-07,0.9655410601094918,0.008337438040108253,1.0111733455382049e-06,0.0003681995955249743,3.751627113516197e-07,3.7215931628592055e-07,5.090337437103697e-06,0.020804127864315947,2.882838145020162e-05,1.932859007583506e-05,0.0011629661416343307,8.908522033287206e-05,0.0007237740546446982,8.640582918032005e-07,8.207392123214992e-08
50,6.502381781652052e-05,2.345568964944433e-05,4.973887135349433e-06,0.0036805215251619937,0.0003409809629589463,9.635921970569148e-05,0.00042718346755803047,0.0014106702947618477,8.80351141965705e-08,1.4568770863371666e-06,0.9610661258405909,0.006650509602887054,2.0501603522067464e-06,0.0005833626650265498,4.712967821334647e-07,1.0905164596356424e-06,6.318400995570706e-06,0.022831272478432387,0.00010806910913843331,4.107518134261343e-05,0.0016485742643121846,0.00014441999429888662,0.0008641741800750132,1.6716288228606636e-06,1.0090353517502899e-07
51,4.601714042377375e-05,1.1914496762304685e-05,3.10818207722404e-06,0.0016753842599620448,0.00017861613770755045,6.589439986680448e-05,0.0001663308915424236,0.0004814679503650872,4.286019650461455e-08,3.7688313610857995e-07,0.9730100350685249,0.006273379259994487,8.134937975227894e-07,0.0002712609642314315,5.418279783899767e-07,4.6471534794826276e-07,5.8669843025076064e-06,0.015747346816984097,3.194415812767896e-05,1.8452816367026404e-05,0.0011984766201299873,8.151728254243891e-05,0.0007295511547775455,1.104455590807235e-06,9.117926319757853e-08
52,5.18411183089922e-05,1.5797914774990584e-05,3.5368222057047366e-06,0.0026319995682943667,0.00022983426577237684,5.015469534709982e-05,0.0001748084359906455,0.0007705597171647964,4.167561808410372e-08,4.913799722402526e-07,0.9648706704706767,0.008025660396402087,1.0354578435627892e-06,0.0003545190820644388,4.2996459919158787e-07,3.7929157665363775e-07,7.677716253543581e-06,0.020343893605884553,4.013610466979426e-05,1.9309920213222443e-05,0.001582045924821059,9.524992413059321e-05,0.0007284754487005022,1.3441285120980276e-06,1.069702029293827e-07
53,3.143328583636168e-05,5.395072627859509e-06,1.2210289599699638e-06,0.0008785601934390969,2.824586462386349e-05,3.562101753587491e-05,0.0002656889072440797,0.0002432738901460079,2.2977988996538278e-08,1.43274371006202e-07,0.9835161229117895,0.0018607953663059432,5.542446071023191e-07,7.564231909414837e-05,3.1522070641122847e-07,2.924288895452901e-07,2.4290966512154504e-06,0.011922236851901509,1.0927717354546986e-05,2.1697510547716316e-05,0.0003755384447176771,2.8182023699735458e-05,0.0006947602648303876,8.622412868425818e-07,3.784484473669414e-08
54,7.48241018127072e-05,1.7409475095807238e-05,4.689029564643753e-06,0.0024485589647999903,0.00019050774553084143,9.659309432040582e-05,0.0003096812741918304,0.0004173807108601599,4.896103190196173e-08,5.770933324709334e-07,0.9613889878819094,0.011305243706063221,1.7482713957129715e-06,0.0007157301051296459,5.366174330645054e-07,9.601744263913503e-07,5.3824331534912865e-06,0.02046206913407076,4.695440348071551e-05,3.308892876030017e-05,0.0013033201430998694,0.00010364665047686915,0.0010709538702346612,9.694440222664234e-07,1.3778580283766956e-07
55,8.338743077744104e-05,1.3038943491260907e-05,4.216799946391071e-06,0.0018772115373400654,7.840240289889914e-05,2.734471634150478e-05,0.00017587499972781026,0.000467816874106151,4.396567105285468e-08,2.4263078996997835e-07,0.951775616604952,0.010204990000637657,1.9492414658992727e-06,0.00016232014768142506,1.6277975548793065e-07,1.351740251783698e-07,5.844319526629299e-06,0.03422238625848206,1.5207225844276213e-05,2.4939019635029672e-05,0.0005427184268381196,4.32680323666327e-05,0.0002710853423274337,1.6872072373052457e-06,1.0991813425648188e-07
56,4.701398980289588e-05,1.5432845324333895e-05,3.0835501840891326e-06,0.0023110922408733463,0.00018264498045281923,5.340426610457465e-05,0.00017931023759148624,0.0005743804305864997,3.860122924563348e-08,4.479172024603978e-07,0.9657932421081895,0.006413815132997291,1.2458020783910998e-06,0.00029884265117874646,3.643649665879161e-07,3.2601483680719234e-07,6.174655338092118e-06,0.022159554679826457,2.876897217465524e-05,2.020992295301203e-05,0.0011505148526556957,7.574977875215694e-05,0.000682902105354565,1.353973414676676e-06,8.592593194215202e-08
57,7.585548066694159e-05,2.289035070526834e-05,8.082017465024181e-06,0.0033452457013996876,0.0005422700085073195,7.426217539277127e-05,0.0001907085777404241,0.0016398305764982074,1.0443304236553162e-07,1.1802076122121545e-06,0.9460428133895724,0.02145429994185801,1.7650362967755868e-06,0.0005966474796672579,7.87162581723286e-07,8.122475589125348e-07,1.674089866331021e-05,0.0218151815168234,0.00010581951878484327,2.9201484539057424e-05,0.003194899415187214,0.00022229437700069165,0.0006162726897920825,1.839241352868672e-06,1.9607129133350197e-07
58,4.7738429626267636e-05,1.5957794798675113e-05,2.9161088049940767e-06,0.0022706870018545516,0.00018074015282303695,4.7344774444355514e-05,0.00017780042120709528,0.0006265774119934697,3.5473095754050365e-08,4.5460782471677867e-07,0.9637065036099628,0.006153779411557173,1.1509724665399896e-06,0.000262087093492824,3.7743931922753474e-07,3.016971536324371e-07,7.475771031159623e-06,0.02437311654618962,2.765877525748414e-05,1.8278276327606403e-05,0.001262762648546312,8.247888377540719e-05,0.0007320456518596189,1.645288663437676e-06,8.575792436525909e-08
59,5.0336648043156925e-05,1.521588600387227e-05,3.5736818560604705e-06,0.002240229154126028,0.00017324654027349418,4.5048864294549775e-05,0.00019058163859478233,0.0006510254527791422,3.816038451025573e-08,4.443504336131551e-07,0.9634644866736926,0.0063320462898559795,1.190647067463463e-06,0.00024898868633306743,3.6486504391706555e-07,3.2555539782033176e-07,7.389766967602171e-06,0.024561049986441603,2.5765620861915195e-05,2.086978201807346e-05,0.0012081619747832146,7.592790623304205e-05,0.0006817307509786758,1.8710894741887485e-06,9.002806163994998e-08
60,4.378180933971053e-05,1.3842251618195156e-05,2.7905686833697176e-06,0.002214803205081522,0.00017878620276900434,5.41248310099364e-05,0.00016815383589110513,0.0005541700579720135,3.567672882297184e-08,4.2347952340230364e-07,0.9669250351579215,0.006237900323800517,1.0027220149660002e-06,0.0002892552649200065,3.6522092054993163e-07,3.323008477633275e-07,5.768327836849628e-06,0.021271245743601785,2.9450472951877566e-05,1.8521614236235345e-05,0.0012184882111281907,7.604158401658294e-05,0.0006944107476231638,1.1859461896567634e-06,8.444337329131992e-08
61,4.836676587141892e-05,1.4814284882808062e-05,3.6045424802789943e-06,0.0021247360201375595,0.00017959680137885877,4.576347627573602e-05,0.00017122248259135033,0.000606318053798273,3.877997865270122e-08,4.123895307858757e-07,0.9652668148557196,0.006600828492058222,1.1353841655164328e-06,0.00025584487132528994,3.584587066278725e-07,3.029571068302898e-07,6.921557943321348e-06,0.022770072974983496,2.5792519791996585e-05,1.9564578879397787e-05,0.001169458806868102,7.469188998133468e-05,0.0006116183486700866,1.6328271484075241e-06,8.787972603524335e-08
62,4.378180933971053e-05,1.3842251618195156e-05,2.7905686833697176e-06,0.002214803205081522,0.00017878620276900434,5.41248310099364e-05,0.00016815383589110513,0.0005541700579720135,3.567672882297184e-08,4.2347952340230364e-07,0.9669250351579215,0.006237900323800517,1.0027220149660002e-06,0.0002892552649200065,3.6522092054993163e-07,3.323008477633275e-07,5.768327836849628e-06,0.021271245743601785,2.9450472951877566e-05,1.8521614236235345e-05,0.0012184882111281907,7.604158401658294e-05,0.0006944107476231638,1.1859461896567634e-06,8.444337329131992e-08
63,4.4034015560526526e-05,1.5507997302825307e-05,2.724682100138149e-06,0.002090984852279651,0.00016398530868483207,4.982903683470229e-05,0.00016635063695617523,0.0005393117747900929,3.65203989813515e-08,4.146466402147969e-07,0.9670748245593772,0.0056922871642890015,1.0829791048412044e-06,0.00026218473916717056,3.650585210672877e-07,2.93203095380047e-07,6.099670134673138e-06,0.021985688123862864,2.7784420816608963e-05,1.8633577130442445e-05,0.0011262816903805498,7.766409276252433e-05,0.0006522535173649286,1.2954470166607253e-06,8.228542798626597e-08
64,3.996339749815675e-05,1.3992150256080358e-05,2.475216299997189e-06,0.002286936673562411,0.00019980550821007412,5.408870278933219e-05,0.00014728351640905132,0.0006097849378679165,3.533630799661743e-08,5.010168215211345e-07,0.965565721215946,0.006230512436187885,7.692624408138522e-07,0.0002718135604153681,4.214737191914165e-07,3.565323125817526e-07,6.505804821809422e-06,0.021835641154133195,3.5564298342911574e-05,1.4953130884640129e-05,0.0018946232132356173,7.868934484044441e-05,0.0007082679766203888,1.1982969771035622e-06,9.584309966499709e-08
65,4.272261751371339e-05,1.3636940410435857e-05,2.7548423625030296e-06,0.002291435252825254,0.00018922714163107724,5.8150124686813124e-05,0.00016477112082064816,0.0005338001069681804,3.4109394111297884e-08,4.38104424551725e-07,0.9658081858746229,0.0064796759059021925,9.806567662107463e-07,0.0003108138760127585,3.618368849100741e-07,3.498868495938077e-07,5.601831279595389e-06,0.021951100371002365,2.964759945166706e-05,1.8264488494561604e-05,0.0012925632631803953,7.634016751044944e-05,0.0007279277125684511,1.1298787770148635e-06,8.628965975764859e-08
66,3.5919998979509845e-05,8.99487493459231e-06,8.678537749080381e-07,0.0008719814960087436,7.756639178383814e-05,1.527483027259201e-05,5.267567819551642e-05,0.00016087871232557658,5.377488538559687e-09,5.985389566254227e-08,0.9693204464530975,0.0038626758760503203,2.2319336667783736e-07,0.00010177049948752003,3.691073115446837e-07,4.593716434124652e-08,9.891892895547051e-06,0.023455263562117534,5.04852619853642e-06,2.557807722678007e-06,0.0010590009430822853,5.111524185351728e-05,0.0009059386135757551,1.372216250394733e-06,5.506216649216334e-08
67,4.309887215200958e-05,1.2898290076077356e-05,2.7990362179677286e-06,0.002229801075065466,0.00017135755197551225,6.141579627165112e-05,0.00017471883418056214,0.0004697372857359511,3.230391247461145e-08,3.933794773778398e-07,0.9664653436193139,0.0065080462626024614,1.0148557506233288e-06,0.0003241593582135307,3.720566326096099e-07,3.7627968359340253e-07,5.191752347374237e-06,0.021437950984388932,2.62256007877785e-05,2.0260028742328815e-05,0.0011597229264435156,7.273700338299295e-05,0.0008111792362099558,1.0804359887314834e-06,8.717444632526809e-08
68,4.320985085663738e-05,1.3555655536428662e-05,2.6743518663911436e-06,0.002173824321854938,0.0001710378951949953,5.321545149251801e-05,0.0001654279570509841,0.0005347121447176155,3.400374271854751e-08,4.0912109413356296e-07,0.9667612978623221,0.006143502874904501,9.791967777089311e-07,0.000277849416110451,3.579653133234644e-07,3.223705186379715e-07,5.7325291848236825e-06,0.021632046845894794,2.804867018243223e-05,1.826088545122142e-05,0.0011993443712383488,7.463597264027081e-05,0.0006982582813082864,1.1786810741536984e-06,8.332367160919456e-08
69,4.453511630243833e-05,1.4165066270383e-05,2.9501098317210196e-06,0.0023723545188774576,0.00017430726093610192,5.2969116935382845e-05,0.00017598205374342866,0.0005953970784567772,3.7012472694994556e-08,4.4735669183084325e-07,0.96575476101159,0.006218900869680519,1.0494532604893523e-06,0.00028112592670285303,3.612922681565461e-07,3.467264112382567e-07,5.978178995557702e-06,0.022230539183698952,2.922692565320837e-05,2.069046769669463e-05,0.0012447242481548218,7.447363069508915e-05,0.0007032991023917257,1.2879823823290137e-06,9.030990019028102e-08
70,4.761901877888192e-05,1.4380351557862963e-05,3.330696608419731e-06,0.002432028185335189,0.00020185869497912063,6.305406727686111e-05,0.00017409658441260614,0.00048145548575923025,3.4909963223017135e-08,4.2264336438349936e-07,0.9644443838776383,0.007440753448495127,1.1614463977688623e-06,0.0003930244237398473,3.5588484157362005e-07,3.8123628189632153e-07,5.4178779488610855e-06,0.02220190071038045,2.8421014434330563e-05,2.0399696103272892e-05,0.0012032335235290141,7.59493113065154e-05,0.0007651367283082199,1.1055890342616003e-06,9.45935246205843e-08
71,3.662227483593023e-05,1.734640783549305e-05,3.3149315210777535e-06,0.00243746819693086,0.00033109531305150497,7.950990808716693e-05,0.00012493487512461293,0.000521308302001662,4.724226425183032e-08,5.960520940001392e-07,0.966417513273238,0.006694750250155581,1.0686284415361456e-06,0.00040272659034397,4.2796347233920215e-07,3.2963966998712176e-07,5.661734511787193e-06,0.020598372861311276,3.414360856934466e-05,1.4196898936851016e-05,0.0015264551480852074,8.799734285613094e-05,0.0006629181442673661,1.1007616690961246e-06,9.365072500285939e-08
