,0,1,2,3,4,5,6,7,8,9,10,11,12,13,14,15,16,17,18,19,20,21,22,23,24
0,3.06625093713736e-05,8.343711094060415e-06,3.525952923927618e-06,0.00048123649679022014,0.00020650329413231822,0.00015108534948999618,7.656978765140793e-05,9.800770151632127e-05,6.686956512037148e-08,1.6769031882064975e-07,0.9853316322580307,0.004967360229479164,3.926803579890853e-07,0.0003497976298912427,7.759487728268155e-07,3.6458275680760615e-07,1.7509056547324347e-06,0.007189246783918708,2.513049551129902e-05,6.7590896041158286e-06,0.0006769527499513473,6.18429928981854e-05,0.0003314578912457375,3.0457819005607373e-07,6.182088355411345e-08
1,2.9964821719073393e-05,7.62941346979718e-06,5.1922377480503605e-06,0.0004187823086902735,0.00023458796001637103,0.0002165742509455259,9.878261725857694e-05,0.00013754501174116223,1.7105692250579037e-07,2.6397205567205393e-07,0.9882376701512752,0.004725993865573567,3.7780447112396616e-07,0.0003530068938115764,1.2090457453244354e-06,7.657177919146527e-07,1.4016744102783731e-06,0.004351049533889465,5.322729914458941e-05,9.179434987803093e-06,0.0008116113073244837,6.430315519115879e-05,0.0002403880455293921,2.5335447108537377e-07,6.90658163845899e-08
2,3.204266728417104e-05,7.375551597750583e-06,2.788685799335083e-06,0.00042865670741320047,0.00016846053174367762,0.00017086735595044664,9.379123030152336e-05,0.00010009905428812748,6.268670565040003e-08,1.373495015303028e-07,0.9867964585737325,0.005017857748413081,3.2645661738764684e-07,0.00039747669071379607,1.5657698589144564e-06,5.808368492670067e-07,2.1807122387992377e-06,0.005314326831636493,3.052646381108733e-05,8.265305369103037e-06,0.0007297416110734565,9.263025360454538e-05,0.0006034568662484843,2.552775588307921e-07,6.878168884073964e-08
3,3.0761387643891446e-05,8.468548287886382e-06,3.500198517308816e-06,0.0004909265673708956,0.00020740515478649243,0.00015041146932546945,7.65154670813146e-05,9.863073468122567e-05,6.592759071877226e-08,1.694274723612185e-07,0.9851409998052256,0.004996693167270098,3.9214331093277535e-07,0.00035418470100531695,7.774818312872777e-07,3.6464658554192594e-07,1.782266066665816e-06,0.007311940628735817,2.5235859351413737e-05,6.757592944775479e-06,0.0006922969211810748,6.261380530006396e-05,0.00033873644568592877,3.066062317181045e-07,6.304651625885867e-08
4,3.142906606197868e-05,9.938097782295978e-06,4.184418753572636e-06,0.0005028325101244299,0.00025003640787705475,0.00017057208355246998,7.965447934811149e-05,8.686199773869483e-05,6.960673100566398e-08,1.804436078823766e-07,0.9846921026885377,0.005332851993991647,5.425251668810755e-07,0.0004559972179625402,7.75760518069311e-07,3.6439950457541845e-07,1.732935658574441e-06,0.007314936247235129,2.3525083372336164e-05,6.9089325244157524e-06,0.0006285284673910507,6.257148886154407e-05,0.00034301942720387944,3.244057862418015e-07,5.9314707907022356e-08
5,2.8309625545190726e-05,1.0173572369135117e-05,3.1797437209470337e-06,0.0007376570081090509,0.00022239841482806093,0.00014708264515786093,7.70001092893907e-05,0.00011102382933471731,5.27466071367444e-08,2.1999001275273085e-07,0.9811439908738913,0.004609026395383736,4.490665574229278e-07,0.0003664974125027449,5.976803930167365e-07,3.298950093437849e-07,1.9626868639500455e-06,0.01118551317149238,2.1041788476725084e-05,7.621168558633381e-06,0.0008336951704642746,5.929423560025499e-05,0.0004324182338751686,3.93057196323664e-07,7.147876054128976e-08
6,3.0761387643891446e-05,8.468548287886382e-06,3.500198517308816e-06,0.0004909265673708956,0.00020740515478649243,0.00015041146932546945,7.65154670813146e-05,9.863073468122567e-05,6.592759071877226e-08,1.694274723612185e-07,0.9851409998052256,0.004996693167270098,3.9214331093277535e-07,0.00035418470100531695,7.774818312872777e-07,3.6464658554192594e-07,1.782266066665816e-06,0.007311940628735817,2.5235859351413737e-05,6.757592944775479e-06,0.0006922969211810748,6.261380530006396e-05,0.00033873644568592877,3.066062317181045e-07,6.304651625885867e-08
7,3.087086579407182e-05,8.42373762854916e-06,3.4934568030021424e-06,0.0004952796864970528,0.00021044765868920247,0.00015281045507786504,7.656451806538852e-05,9.940500837486217e-05,6.585124293326654e-08,1.7141127433321055e-07,0.9850085521619426,0.005062929977554269,3.8575737423923105e-07,0.00035932766600748966,7.905778195626555e-07,3.7419770638928696e-07,1.7963574834558216e-06,0.0073349327475683785,2.5722734531296845e-05,6.745744197727043e-06,0.0007109071349774078,6.360732591097738e-05,0.0003460260305631573,3.048159728023394e-07,6.412094302133242e-08
8,7.03682508556885e-05,1.6617504351385298e-05,1.1986606176611243e-05,0.0023318258605030512,0.0004996556241335133,0.00017215323566830632,0.00018277865314570964,0.0003079686069106686,1.0347048720223402e-07,4.780930335457203e-07,0.9696357946332855,0.010246936962937051,1.1685847422412609e-06,0.001141677766454674,9.59353774884926e-07,9.598630144246718e-07,4.467829206947602e-06,0.012819815971991597,3.98579692767577e-05,1.961065253053749e-05,0.0014147198589984649,8.820139757780693e-05,0.0009906789857457442,9.942215363119143e-07,2.2004366143932623e-07
9,5.313470151044712e-05,2.082416255105122e-05,1.8868079716451078e-05,0.0019740032798794163,0.0004079760281310063,0.00010114089583071156,0.00016762172033797537,0.00025063068048581234,1.6208113205794606e-07,3.661808964637568e-07,0.9776601960679817,0.006971652182924577,2.072869836108829e-06,0.0007294093277261056,5.886502020302282e-07,3.7412107054398736e-07,2.8567944801299105e-06,0.01056194322458549,2.2527145798537997e-05,2.0453569856742454e-05,0.0006547171209963899,4.19542978026233e-05,0.000334972263294361,1.3811545969919927e-06,1.7339837614460815e-07
10,3.0761387643891446e-05,8.468548287886382e-06,3.500198517308816e-06,0.0004909265673708956,0.00020740515478649243,0.00015041146932546945,7.65154670813146e-05,9.863073468122567e-05,6.592759071877226e-08,1.694274723612185e-07,0.9851409998052256,0.004996693167270098,3.9214331093277535e-07,0.00035418470100531695,7.774818312872777e-07,3.6464658554192594e-07,1.782266066665816e-06,0.007311940628735817,2.5235859351413737e-05,6.757592944775479e-06,0.0006922969211810748,6.261380530006396e-05,0.00033873644568592877,3.066062317181045e-07,6.304651625885867e-08
11,3.177840842744593e-05,9.229784059759017e-06,3.6630479539868193e-06,0.0005013263299072347,0.0002065794441774159,0.00014792726636897097,7.992245353774378e-05,9.690388464644127e-05,6.691926998177714e-08,1.722833387591716e-07,0.9847633875246047,0.005052474948433255,4.730932027829195e-07,0.00036819058923470845,7.463008456524802e-07,3.462096808852192e-07,1.8315161630719462e-06,0.007668403995131175,2.373914978585208e-05,7.166882844781063e-06,0.000636284966922381,6.229092609015228e-05,0.00033670012413358313,3.321919913420562e-07,6.175924801419217e-08
12,3.4628735993274593e-05,1.1447680395317201e-05,3.0635586928956694e-06,0.0006917044706882397,0.00032690990742456334,0.00019305737203616016,7.344538839237482e-05,7.967569067671489e-05,3.235536616821743e-08,2.0230949429540066e-07,0.9754251332436105,0.007686224193984028,4.812853925871611e-07,0.0006999113281914636,7.522165628541412e-07,4.134293290390358e-07,2.5866210303992276e-06,0.012924248450977673,2.1918741611818074e-05,5.892481129567933e-06,0.0009894628522059512,9.908672904836494e-05,0.0007292943331623551,3.5117123513797856e-07,7.54533682985557e-08
13,3.8731070571754555e-05,2.0242535837529513e-05,4.2138949900368055e-06,0.002106593849870826,0.0004296324815737113,0.0004451397398334414,0.0001822622318584837,0.000232818844374385,8.313419949902083e-08,1.2166998812987123e-06,0.9563989211790342,0.003453594874551168,1.0337980175938811e-06,0.0005077160730682449,6.522967788422325e-07,1.2589884879024094e-06,2.6141130184000555e-06,0.033427834937111454,3.492735315632003e-05,2.3312826742127794e-05,0.0013779278784462543,8.844933857418614e-05,0.0012195654705792981,1.1355877955866858e-06,1.2080164761694022e-07
14,6.982717719670809e-05,4.606976053524606e-06,4.005776661331038e-06,0.0004563615289642447,0.00014976137867906157,0.00013893809336550396,0.00010669922262846036,0.00010861287333132875,5.934033710757459e-08,8.80660646635486e-08,0.9803290223287868,0.010178931463892335,2.505551517613726e-07,0.00045222017051356565,1.3423198861875987e-06,6.025437678649483e-07,2.603703408060287e-06,0.00650137167553828,3.198511113714126e-05,6.97666717619494e-06,0.0007735190018973918,8.208628525159684e-05,0.0005997332075118278,2.7151064321603875e-07,1.23022155606466e-07
15,3.0761387643891446e-05,8.468548287886382e-06,3.500198517308816e-06,0.0004909265673708956,0.00020740515478649243,0.00015041146932546945,7.65154670813146e-05,9.863073468122567e-05,6.592759071877226e-08,1.694274723612185e-07,0.9851409998052256,0.004996693167270098,3.9214331093277535e-07,0.00035418470100531695,7.774818312872777e-07,3.6464658554192594e-07,1.782266066665816e-06,0.007311940628735817,2.5235859351413737e-05,6.757592944775479e-06,0.0006922969211810748,6.261380530006396e-05,0.00033873644568592877,3.066062317181045e-07,6.304651625885867e-08
16,3.0811049890575334e-05,7.498659144543692e-06,3.8288218194253276e-06,0.00039204204234665,0.0001911913793363106,0.00015054666763241514,7.195952770285887e-05,8.542587178260809e-05,7.320018072854482e-08,1.2598073747875276e-07,0.9871255040653634,0.004771060350398729,3.7815590694902775e-07,0.00032239974975863903,8.18816382667076e-07,3.1694465722456356e-07,1.5413417806530259e-06,0.005961622613246143,2.1451704549198983e-05,6.59798720046704e-06,0.0004970166025518267,5.8538763862099774e-05,0.00029891131285001386,2.812458914165884e-07,5.714502675036805e-08
17,3.390039591280286e-05,9.626593738330324e-06,3.802462995268871e-06,0.0006453630133867444,0.00023264724309916666,0.00015251751979666078,8.250633676139709e-05,0.00010707813806189936,6.108189009880764e-08,1.911610646832793e-07,0.9822234408120453,0.005751746234520773,4.660323946172391e-07,0.00044832115592933184,7.200772898236783e-07,3.765019298169124e-07,2.0025841743883422e-06,0.009010564214829845,2.4783558062148088e-05,7.48725374690076e-06,0.0007734210424352147,6.64958960601645e-05,0.00042205712359340985,3.471341742753206e-07,7.643210702539174e-08
18,3.3437287669841587e-05,8.890323654377805e-06,3.5723937937622815e-06,0.0005092981424546183,0.00020570948181710517,0.00014299853300458407,7.861865518550642e-05,0.00010203498237294077,6.366345036938504e-08,1.7155942204751815e-07,0.9839262914794162,0.005397137884615936,4.1128173098431993e-07,0.0003617784652549049,7.74563573627978e-07,3.5820785899541257e-07,2.0016731328520285e-06,0.008053350200368889,2.5189774533251072e-05,6.814680313698265e-06,0.0007203877146538138,6.674227115643589e-05,0.0003535641586149059,3.347900317724508e-07,6.783191830439193e-08
19,2.9025837981886244e-05,1.3142313248118385e-05,8.393309628803075e-06,0.0007115126991272814,0.0004910009041423541,0.00019141589506202917,7.292943625001745e-05,0.00013873325678348886,1.3540991038977228e-07,2.9541148504327836e-07,0.981624859211226,0.00812892813311377,8.987665834429563e-07,0.0006555437383197556,7.942977614701402e-07,3.71184235282578e-07,2.0387671707370466e-06,0.006885668035905237,3.1315441752730906e-05,9.207570978637999e-06,0.0006836111452937229,8.020048268333861e-05,0.0002395214311751969,3.814370548624691e-07,7.588312640371509e-08
20,2.83261230298534e-05,3.3702289398767502e-06,2.4638314748861985e-06,0.00026931716276777233,8.800276274782008e-05,0.000211629446478351,6.561512808676804e-05,1.524226837084216e-05,2.882114776936367e-08,6.276904054767042e-08,0.9892283244098351,0.0027126082310466888,2.6328416680387036e-07,0.0002553573678845467,2.1986039138770067e-07,2.7263692963314073e-07,3.1295881532579826e-07,0.006666777496330791,7.056830924390484e-06,3.828688587435455e-06,0.0002387250159051677,8.72681513271597e-06,0.00019330282045583387,1.3055764091360785e-07,3.4483868510998e-08
21,4.3094889701348806e-05,7.760151418388895e-06,4.821350192956762e-06,0.0006801607575293126,0.000223805168084245,0.00018873190430582034,0.00011674614123249943,8.221072804195093e-05,4.8221270775649225e-08,2.0508929668674631e-07,0.9782374428062017,0.00872204631480588,7.531049177696761e-07,0.0005737562509361198,5.475163929457375e-07,6.106648214728058e-07,1.62936070055032e-06,0.009896235193449,2.038245586814734e-05,1.009535412833466e-05,0.000682649396597263,4.670815835850759e-05,0.0004591367317117717,3.57128881863292e-07,6.516115470457155e-08
22,2.9366666419143552e-05,2.2694054855244275e-05,7.047514213507048e-06,0.001317075784796476,0.0006030167303952094,0.00024648014106456225,0.00014281780262607525,0.00016655217650704806,2.8087622007322987e-07,4.477855595842068e-07,0.9856191481514978,0.005014349121720479,1.398618495400359e-06,0.000903934307933769,1.7096646214722082e-06,3.875947912352057e-07,1.3945681233785674e-06,0.004736725706482099,5.460314368817609e-05,9.264130513088838e-06,0.0006092359477790515,6.984682229287566e-05,0.0004415865943678059,4.862491510063321e-07,1.4984588567970835e-07
23,3.0761387643891446e-05,8.468548287886382e-06,3.500198517308816e-06,0.0004909265673708956,0.00020740515478649243,0.00015041146932546945,7.65154670813146e-05,9.863073468122567e-05,6.592759071877226e-08,1.694274723612185e-07,0.9851409998052256,0.004996693167270098,3.9214331093277535e-07,0.00035418470100531695,7.774818312872777e-07,3.6464658554192594e-07,1.782266066665816e-06,0.007311940628735817,2.5235859351413737e-05,6.757592944775479e-06,0.0006922969211810748,6.261380530006396e-05,0.00033873644568592877,3.066062317181045e-07,6.304651625885867e-08
24,2.703779707996542e-05,1.559233767398928e-05,4.198004588594692e-06,0.0011411918885403517,0.00038436394924716853,0.0002013704100116846,7.879964723820777e-05,0.00011404438510833499,6.120371792914528e-08,3.247380512453024e-07,0.9781011520851849,0.006015984310749401,7.596559278018649e-07,0.000797523974892353,5.475989463317542e-07,3.857538091782938e-07,1.683164431346194e-06,0.011630334112955748,2.8198179268749324e-05,9.62901634921823e-06,0.0009182689397007043,6.913115748050428e-05,0.0004590132195614251,3.207760898920723e-07,8.369339492366684e-08
25,2.607855288281442e-05,1.304651024543888e-05,5.436077998201034e-06,0.0002658697504969363,0.0009697631826344627,0.0021373573353429148,4.327688697157995e-05,1.7879787191974165e-05,1.6889761426766782e-07,4.000619415886121e-07,0.980132160848391,0.00623627197359081,3.577910036492325e-07,0.0013857974304755133,3.1318935754821406e-06,1.5121452695350354e-06,9.788382910019485e-07,0.006857580068273739,3.846184246420629e-05,3.2861242691137832e-06,0.0011361085475109368,0.00012313639338034737,0.0006017005065631824,1.3730286981048892e-07,1.012507514054265e-07
26,6.770388797898605e-05,1.0280497419288947e-05,4.955129156084941e-06,0.0004550408654177063,0.00012221523610635849,6.300903387576445e-05,0.00010148860067342075,0.00012653850308502515,5.626888992261209e-08,1.245584949402004e-07,0.9774641909347207,0.005231810321532741,6.665092773443381e-07,0.0001588313835515581,5.250995969275534e-07,1.741364008680524e-07,4.3393271768879e-06,0.015385624476032766,1.2096509128666337e-05,6.989404620616752e-06,0.0004456800109231666,5.577151160790579e-05,0.0002805875606966592,1.2291926301733893e-06,7.104100586344553e-08
27,3.342219271358649e-05,7.627849242055727e-06,3.8277030390923566e-06,0.00042695055184643774,0.00017821768776102686,0.00016510521847295614,8.465991692948234e-05,0.0001517079624193654,1.3300415120695218e-07,1.870375975425582e-07,0.9874203997668288,0.004479803126425178,3.091934450226684e-07,0.00025771496431622245,1.4254976793640436e-06,5.051822157085895e-07,2.140590811012889e-06,0.005606355456510381,4.020254839364572e-05,9.114960201127418e-06,0.0007252976253641739,8.737797196441653e-05,0.00031710930713958746,3.1510381346586465e-07,8.958071930083411e-08
28,3.0761387643891446e-05,8.468548287886382e-06,3.500198517308816e-06,0.0004909265673708956,0.00020740515478649243,0.00015041146932546945,7.65154670813146e-05,9.863073468122567e-05,6.592759071877226e-08,1.694274723612185e-07,0.9851409998052256,0.004996693167270098,3.9214331093277535e-07,0.00035418470100531695,7.774818312872777e-07,3.6464658554192594e-07,1.782266066665816e-06,0.007311940628735817,2.5235859351413737e-05,6.757592944775479e-06,0.0006922969211810748,6.261380530006396e-05,0.00033873644568592877,3.066062317181045e-07,6.304651625885867e-08
29,3.0761387643891446e-05,8.468548287886382e-06,3.500198517308816e-06,0.0004909265673708956,0.00020740515478649243,0.00015041146932546945,7.65154670813146e-05,9.863073468122567e-05,6.592759071877226e-08,1.694274723612185e-07,0.9851409998052256,0.004996693167270098,3.9214331093277535e-07,0.00035418470100531695,7.774818312872777e-07,3.6464658554192594e-07,1.782266066665816e-06,0.007311940628735817,2.5235859351413737e-05,6.757592944775479e-06,0.0006922969211810748,6.261380530006396e-05,0.00033873644568592877,3.066062317181045e-07,6.304651625885867e-08
30,3.0761387643891446e-05,8.468548287886382e-06,3.500198517308816e-06,0.0004909265673708956,0.00020740515478649243,0.00015041146932546945,7.65154670813146e-05,9.863073468122567e-05,6.592759071877226e-08,1.694274723612185e-07,0.9851409998052256,0.004996693167270098,3.9214331093277535e-07,0.00035418470100531695,7.774818312872777e-07,3.6464658554192594e-07,1.782266066665816e-06,0.007311940628735817,2.5235859351413737e-05,6.757592944775479e-06,0.0006922969211810748,6.261380530006396e-05,0.00033873644568592877,3.066062317181045e-07,6.304651625885867e-08
31,5.973087435233608e-05,2.3069549702395198e-05,1.0742505625413956e-05,0.0015090779609035446,0.0004926444910067101,0.0001249284489085017,0.00012609636227942068,0.000336086319787147,1.0570316544947612e-07,4.785206573808952e-07,0.9671014546560942,0.009442332007461616,1.357826344231853e-06,0.0006780913119570456,5.786501636396043e-07,4.360542409526537e-07,4.326215968807889e-06,0.018447894178643457,3.686345019740568e-05,1.6143518509340953e-05,0.0010682069935401535,0.00010174961753566291,0.0004162712300018208,1.2018800995261277e-06,1.3167285374917599e-07
32,3.218860860058983e-05,8.65978810735755e-06,3.5594378566344296e-06,0.0004560858783082536,0.00021098552558408058,0.00015786711851918084,7.89999441853982e-05,0.00010657462527423537,7.755829822503174e-08,1.7946213149652896e-07,0.9855379213647062,0.005068741743979582,3.68508607486602e-07,0.00035769031436713765,9.334080469723761e-07,4.1315250771674764e-07,1.879948731280116e-06,0.006778919934669263,3.139230836905306e-05,6.728806341260726e-06,0.0007565196463199248,7.193770983625703e-05,0.00033101283583008233,2.954566383009407e-07,6.691418410991964e-08
33,3.911338577142972e-05,1.4964185871790858e-05,3.312146849541426e-06,0.0005853280054986282,0.00027942086604791606,0.0001460390185568248,8.768057958101289e-05,0.0001137822917985236,4.459516907651352e-08,2.0805450536994262e-07,0.9788329749684319,0.006871523833324974,6.626220860671038e-07,0.000561721960282053,7.606489854316505e-07,3.6651097728050673e-07,2.952824523835397e-06,0.011081768007337947,2.9858683429677615e-05,8.061486582093255e-06,0.0007198726795633503,0.00013151802363495072,0.0004876136807149847,3.9461422135617637e-07,5.6326254005837763e-08
34,2.4008226859104406e-05,1.0110227383886291e-05,2.631662554074911e-06,0.000847431231671848,0.0002631001969710123,0.00014435311151986507,7.275004507058795e-05,9.917703806207689e-05,2.550844262951944e-08,2.077972037664211e-07,0.9784538492543289,0.005897520862613067,4.518763654493951e-07,0.0004917915467575357,5.366496563072396e-07,3.6878434230908145e-07,2.289723525381557e-06,0.01201074868655143,1.6962343943256964e-05,8.021172444239825e-06,0.0008970626119148143,7.527886239759455e-05,0.0006809028134992003,3.606821773580026e-07,5.908374441219965e-08
35,6.072482303467089e-05,1.1925287315427374e-05,4.6089494055956814e-06,0.0007507479691874313,0.00018099343747866298,9.412337239093782e-05,9.861302453920083e-05,0.00027177037622628104,1.271962890760957e-07,2.8701113216629666e-07,0.9745934857469222,0.006877113610322022,5.89039833484805e-07,0.0002325667974634907,6.432408198222518e-07,2.801249188843276e-07,3.953297101429995e-06,0.015568116664443651,4.150890320607812e-05,9.649062847786454e-06,0.0008772094303033666,9.027325625425135e-05,0.00022985342159516646,7.058688669871975e-07,1.3008810194708712e-07
36,0.00013515466721623166,2.0917408976831083e-05,1.7411592019399036e-05,0.0008611664356872773,0.0008513697533862544,0.00018286145753552068,0.0001173199764109248,0.000437121410506423,2.7747085129232115e-07,4.7271180594822965e-07,0.9431357997426433,0.041420223259325414,1.2398517606504596e-06,0.0013838153015732825,2.712158357620688e-06,9.883298695911307e-07,1.2280180633310294e-05,0.008592722990438329,0.0001440081830260033,1.1240930151967824e-05,0.0018780932609256985,0.00037895736573141257,0.00041284320929988285,7.270406729684051e-07,2.753111946363362e-07
37,2.3444573345638884e-05,8.162449692148533e-06,3.2014660429170292e-06,0.0004916667207820199,0.00022088771421820895,0.00016998261079809076,6.91645472968113e-05,0.00010691317895643627,7.782678346179447e-08,1.9709776465971722e-07,0.9866164601382155,0.0043772843845617145,3.5319010041438085e-07,0.0003165949905736935,9.01634004634e-07,3.8440999292327037e-07,1.6867302126270153e-06,0.0063981196579334975,2.667709273241012e-05,6.928904377673695e-06,0.0007553624453166863,6.466185094767933e-05,0.00034054492237464625,2.79984183022086e-07,6.147879248627242e-08
38,2.3983951997023687e-05,2.6240976890119165e-06,1.3051211457048906e-06,0.00011004776324631074,7.226164793886628e-05,0.00020436741338008974,8.331885538573839e-05,2.5480267753525508e-05,3.396146606386939e-08,5.757186751528232e-08,0.9928368719776323,0.0024661888681510717,1.3143876863414037e-07,0.00016587297489017592,9.944979288175586e-07,5.182534593463391e-07,6.348870473689642e-07,0.0032764624077814266,1.7393111787152876e-05,3.0640425408194137e-06,0.000366835621234497,3.2172460457118374e-05,0.00030924421985948036,1.146472612498215e-07,1.99393307740128e-08
39,3.1415119005117186e-05,7.652250515074833e-06,3.7854822655156376e-06,0.0005467273565142992,0.00023062928801745823,0.00016624556802497572,8.128962567750356e-05,0.00011902059793949284,7.378839221551232e-08,1.969863290016391e-07,0.9844621741485875,0.005501236410759969,3.594280579580169e-07,0.0003684556176917652,8.448733737990276e-07,4.7378936950265963e-07,1.8129879351401581e-06,0.007162855524026054,3.067608964139922e-05,7.433454255674726e-06,0.0008550961379488311,6.317680952842024e-05,0.00035798974280403927,3.070744397619084e-07,7.184889957429043e-08
40,6.528766630106395e-05,9.936466107044623e-06,4.350311470121336e-06,0.0002452278820266742,0.00025745950273786124,0.00015403341766860866,6.798490256216694e-05,5.764511105048507e-05,6.13722694774551e-08,8.527712868267817e-08,0.9817740004450355,0.009560726909068066,3.4301861062990293e-07,0.0007507340794626962,1.223880344573729e-06,3.5382763794628693e-07,2.2792936366258863e-06,0.005951380895143213,4.320771437356156e-05,3.4966335338253926e-06,0.0006434655920388723,0.00013075858236438572,0.0002756958663687807,1.9327201863844843e-07,6.808104063156698e-08
41,2.565331740341183e-05,1.0208330882323275e-05,8.45106032038083e-06,0.0005903029542776276,0.0004702668826221399,0.0002686611906860211,7.756164770658849e-05,0.00012413869854284082,2.3322678053916683e-07,2.8175960482285693e-07,0.988557862483421,0.004358464182109647,4.775786035057064e-07,0.0005427144339689127,1.4902192200175357e-06,5.996718956580258e-07,1.2883055213122268e-06,0.003814648094056899,4.334480248638999e-05,7.825925517675559e-06,0.0007993618707535277,5.396991045847644e-05,0.0002417888352202654,3.1175688748351745e-07,9.286105274622908e-08
42,2.2397790387220512e-05,1.1970417446517426e-05,4.861723135445131e-06,0.0007889608715136716,0.00025576810992434233,0.0001796447063200941,6.104028725961605e-05,8.860092204401595e-06,2.86409476948299e-08,8.04341052191325e-08,0.9798760479373723,0.003290098229862902,1.911177246204019e-06,0.0008600493355301504,1.1706826928719376e-07,4.824591512397469e-08,3.0870059357105785e-07,0.014292275556359322,2.203548366340442e-06,2.4591189433731884e-06,0.0001302761312197549,5.492280097661241e-06,0.0002047110071617959,3.380270347532803e-07,5.0562783320225e-08
43,1.4124962187424024e-05,8.607722885646105e-06,2.175854563843481e-06,0.0007634140363026735,0.0005189615266090751,0.0003515522405797506,6.408679666558948e-05,0.00026158803076004923,1.188818876924658e-07,8.313140360453433e-07,0.9834963186179272,0.003570952911133618,1.9654129739448805e-07,0.00028753884489896893,1.9570456205692925e-06,1.2090748458636154e-06,2.6701418582703946e-06,0.006665043056881168,8.18323654604786e-05,6.66224510522139e-06,0.003194604831605553,0.0001235918904605109,0.0005815546951452095,3.263601289784687e-07,8.001115320085589e-08
44,3.0761387643891446e-05,8.468548287886382e-06,3.500198517308816e-06,0.0004909265673708956,0.00020740515478649243,0.00015041146932546945,7.65154670813146e-05,9.863073468122567e-05,6.592759071877226e-08,1.694274723612185e-07,0.9851409998052256,0.004996693167270098,3.9214331093277535e-07,0.00035418470100531695,7.774818312872777e-07,3.6464658554192594e-07,1.782266066665816e-06,0.007311940628735817,2.5235859351413737e-05,6.757592944775479e-06,0.0006922969211810748,6.261380530006396e-05,0.00033873644568592877,3.066062317181045e-07,6.304651625885867e-08
45,3.127281336109801e-05,7.826351007534854e-06,4.3103574099917894e-06,0.000414884113665781,0.00023162619757079931,0.0001538532654045575,8.867006547292847e-05,0.00013372976289692114,9.734723369606264e-08,1.772348623656132e-07,0.9874911438304019,0.0049105976988884185,4.5347883885014905e-07,0.00031108747875358483,9.939838691264605e-07,4.178545367567265e-07,1.859883708111533e-06,0.005245653361921659,3.059879515266963e-05,7.76481348800316e-06,0.0005733472682329806,6.915085796932245e-05,0.0002900861085183942,3.469412327272593e-07,5.013560171727576e-08
46,4.193457094959386e-05,1.0013608136082667e-05,3.6672097752826153e-06,0.0005631469969571008,0.00019927748321945914,0.00010849898036072225,8.08637334284135e-05,0.00013507463971011003,5.984754576365528e-08,1.7347156484820856e-07,0.9815944085817561,0.006424032724398251,4.600846205226042e-07,0.0003175973296982507,8.421508125031342e-07,3.256822451980651e-07,3.352651054284288e-06,0.009227278337991564,2.5925876709973204e-05,7.2957927645438935e-06,0.0007918057626165397,8.450866611336431e-05,0.000378908497579322,4.6803910354852136e-07,7.928088871667431e-08
47,0.0001100575796140455,8.240949878195232e-06,3.5695917222709433e-06,0.0002560463254166386,9.88676043841088e-05,8.079461396943184e-05,0.00011547307656339481,9.946267587636336e-05,4.1091910109271855e-08,1.0024815803488086e-07,0.9714995327800371,0.014062430781209449,4.4925739824481674e-07,0.0002519292598736356,9.010109697538911e-07,4.43676744943457e-07,5.161716740962386e-06,0.012282602571663966,3.2976771190418265e-05,7.771607236820122e-06,0.0006278439318965291,0.00015150374666476866,0.00030323949634678443,4.802584189416485e-07,7.937611511773842e-08
48,6.993054110652844e-05,2.6760429673856602e-05,2.744515806678124e-06,0.0007299745467231189,0.0002673937011632312,9.165292877809238e-05,0.0001610105194168722,0.00040583877098323624,6.630916587057873e-08,4.2045836870876403e-07,0.9733424646810814,0.007843166465611234,8.638757003969264e-07,0.00046935372150739055,1.6559718001123525e-06,5.17507409412603e-07,1.1409519080531297e-05,0.013937995219997446,9.215692392618253e-05,9.86454518731818e-06,0.0014286787124482053,0.00037905310274690497,0.0007260391444192728,9.07166070633275e-07,8.07218272003022e-08
49,2.860426523234036e-05,7.673499112492764e-06,3.655867905128432e-06,0.00044097733426484324,0.00023791020577031613,0.00019147957646635825,6.806770600089445e-05,8.08117133622871e-05,6.150414045411973e-08,1.5701145763424196e-07,0.9833869382837884,0.007017535346277162,4.0709760304086614e-07,0.00045732691378685134,7.991742585346482e-07,4.15955978275346e-07,1.5834863481278098e-06,0.006972575474313374,2.561778455617108e-05,7.258765941149541e-06,0.00065547479911241,7.59785060923545e-05,0.00033840937889769254,2.1947672740060454e-07,6.087260613401038e-08
50,4.259637092518356e-05,1.6067482772548606e-05,6.701915333425013e-06,0.0009033749030989195,0.00043641365314533493,0.00028296385069908556,0.0002246359896588579,0.0002621883578912094,1.9266251370980171e-07,6.770710323472457e-07,0.983265015188501,0.004879313911769179,8.851262969533793e-07,0.0008162443466167956,1.1215129704612336e-06,1.3006280472779952e-06,1.7981924158533862e-06,0.00723151959419668,0.00010896141820333442,1.5603583527229005e-05,0.0009537187428797633,0.00011982786444735708,0.000428353171392669,4.420439896378202e-07,8.241767506829329e-08
51,3.3290479204452644e-05,7.263736911088916e-06,4.165280575130925e-06,0.0003788890823853558,0.0002168871767010615,0.000188242408038942,7.690690098056927e-05,9.210925664748378e-05,8.650397631553915e-08,1.6033032891142217e-07,0.9868840482521272,0.005281212466831474,3.29518702944487e-07,0.00033293489938354513,1.183362972885477e-06,5.43185539507907e-07,1.8726498309789335e-06,0.00535432672191548,2.895623989200559e-05,7.063318738665017e-06,0.0006909508228385302,6.89119800945473e-05,0.00034930028798425453,2.9469683900518456e-07,7.04405598598638e-08
52,3.5524280312619234e-05,1.0092115141724708e-05,4.6155844876370565e-06,0.0005956722627682255,0.0002837997126666062,0.00014110959506955374,7.807608827645473e-05,0.0001452114455993493,8.212670511826546e-08,2.0884056718216232e-07,0.9834110077780619,0.006607887334923309,4.164546028944886e-07,0.000447693585299661,9.454260507188348e-07,4.227948199000354e-07,2.447460195359391e-06,0.006833804978708069,3.646775428009591e-05,7.224053029702165e-06,0.0009259655590791066,8.305724127620813e-05,0.00034783911712788884,3.4704937733038784e-07,8.136157348449489e-08
53,2.0085434252195843e-05,3.070943096425883e-06,1.3623364210824791e-06,0.0001906523625513304,3.0076128129471403e-05,0.00010572048003973599,0.00012559851738513412,4.121156403588786e-05,4.111554070263161e-08,5.752156297881956e-08,0.993563065862756,0.0012867803454032806,1.9832245681869348e-07,8.872645074991933e-05,6.955962811139333e-07,3.5001086346551766e-07,6.741799284736342e-07,0.003916777662906421,9.20163127431541e-06,8.041595647470607e-06,0.00021068691855165563,2.2060708472846157e-05,0.0003746307610063257,2.0681508785074098e-07,2.6735599000885576e-08
54,5.4019107882415335e-05,1.1515050900992091e-05,6.478196230650244e-06,0.0005971181097218157,0.00023176576119769972,0.00027566295073589174,0.0001581814252200596,7.411172234250184e-05,1.0117316592459261e-07,2.480766651850353e-07,0.9801417603436516,0.009083314874918315,7.511064387659977e-07,0.0009855856724813564,1.2394568470227494e-06,1.1134151415989946e-06,1.6204231454344447e-06,0.006939461206075545,4.327349097795124e-05,1.2472055982829993e-05,0.0007559783953710735,8.352227123923923e-05,0.0005403214305204183,2.646832088043469e-07,1.195999365567776e-07
55,6.388029932372323e-05,8.680496433884669e-06,6.306643441398774e-06,0.00046220450175647173,0.00010668515034569633,8.009600669597728e-05,8.042205426184279e-05,0.00010245944403112149,1.0506716855498248e-07,1.175370037764244e-07,0.9756653828122612,0.009538374060236984,9.297161397903735e-07,0.00020519734600625016,3.538984338411679e-07,1.4871360734509554e-07,2.0743392864139685e-06,0.013169880251734507,1.4392465094169566e-05,9.961402774575328e-06,0.0003193381611312408,3.993851022934432e-05,0.00012247013420281245,5.089777330548157e-07,9.201066593643402e-08
56,3.252809806746992e-05,9.450428051995362e-06,3.8078590259986856e-06,0.0005005108325591435,0.00020823426362330712,0.00014606367628637538,8.08711132137786e-05,9.944926364939552e-05,6.958302566791106e-08,1.746092526074752e-07,0.984907018301431,0.005075252855229327,4.845027120085061e-07,0.0003636608091342253,7.686608733040545e-07,3.4957991427929296e-07,1.8840797030539935e-06,0.007505409849964013,2.4212168403529912e-05,7.2762098295698896e-06,0.0006411508381503878,6.200047509270493e-05,0.0003289653203747414,3.440974826961143e-07,6.25249493921997e-08
57,5.581499290806159e-05,1.4900732164730897e-05,1.2190911476394037e-05,0.0007504841337796363,0.0007346237082409906,0.00020971616363036,8.627359001873686e-05,0.00034173073945379637,2.3614544808242444e-07,5.377881687823255e-07,0.9666268327665025,0.02052524970008713,7.889698484839608e-07,0.0007799819179182681,1.7249179837841263e-06,9.247047876114014e-07,5.768482308264074e-06,0.0074110628935870615,0.00010476028590350071,1.1369331975736703e-05,0.0018476406494355277,0.00021292811364682958,0.000263806167370151,4.99905018708449e-07,1.522883368591886e-07
58,3.4015891414678894e-05,9.822499165597305e-06,3.7189286752905285e-06,0.0004955931277497123,0.0002055956459038874,0.0001281298459321395,8.13920643185864e-05,0.00011018353726654802,6.525684575117825e-08,1.7781104561137452e-07,0.9841126417576411,0.004975171102670518,4.520591234557883e-07,0.0003195645718938126,7.930963155798783e-07,3.2350709978579233e-07,2.3206344296961015e-06,0.008367625847302109,2.340891938860175e-05,6.6423121821963925e-06,0.0007039185607390251,6.762577477647872e-05,0.0003503244542834857,4.283499742873967e-07,6.444386225626405e-08
59,3.700609545140587e-05,9.27024854651333e-06,4.631855923092159e-06,0.0004988050201047783,0.00019664923032322422,0.00012293043369291715,8.919187737859708e-05,0.00011601237811010833,7.073993462819764e-08,1.750260857559676e-07,0.9837111471990927,0.005151413659174349,4.7072765259669404e-07,0.00030304975135216576,7.667341383844231e-07,3.567676615382102e-07,2.313307864351188e-06,0.008651453520791682,2.1711143501407503e-05,7.690470977458867e-06,0.0006799454814258323,6.134034836504752e-05,0.0003330257817728719,5.028725395882634e-07,6.932813911862086e-08
60,3.0761387643891446e-05,8.468548287886382e-06,3.500198517308816e-06,0.0004909265673708956,0.00020740515478649243,0.00015041146932546945,7.65154670813146e-05,9.863073468122567e-05,6.592759071877226e-08,1.694274723612185e-07,0.9851409998052256,0.004996693167270098,3.9214331093277535e-07,0.00035418470100531695,7.774818312872777e-07,3.6464658554192594e-07,1.782266066665816e-06,0.007311940628735817,2.5235859351413737e-05,6.757592944775479e-06,0.0006922969211810748,6.261380530006396e-05,0.00033873644568592877,3.066062317181045e-07,6.304651625885867e-08
61,3.376783131659809e-05,9.20827949113788e-06,4.632110552656589e-06,0.0004639517454956364,0.00020764421018802377,0.00012467802197521855,7.723160928417988e-05,0.00010711143742347567,7.236900019781114e-08,1.6318058232383518e-07,0.9845565129042105,0.005322540467821928,4.468804643023788e-07,0.0003136378567014337,7.596796604308342e-07,3.248607479348148e-07,2.1454457857280877e-06,0.007738794590658305,2.194729476306972e-05,7.144748703361514e-06,0.0006549955503423034,6.185815297760244e-05,0.00028994273709990185,4.2208920916125377e-07,6.594554471735869e-08
62,3.0761387643891446e-05,8.468548287886382e-06,3.500198517308816e-06,0.0004909265673708956,0.00020740515478649243,0.00015041146932546945,7.65154670813146e-05,9.863073468122567e-05,6.592759071877226e-08,1.694274723612185e-07,0.9851409998052256,0.004996693167270098,3.9214331093277535e-07,0.00035418470100531695,7.774818312872777e-07,3.6464658554192594e-07,1.782266066665816e-06,0.007311940628735817,2.5235859351413737e-05,6.757592944775479e-06,0.0006922969211810748,6.261380530006396e-05,0.00033873644568592877,3.066062317181045e-07,6.304651625885867e-08
63,3.053547196219955e-05,9.509528741147176e-06,3.3478704706227047e-06,0.0004573368324004987,0.00018802912826231783,0.0001374637778500293,7.50926465946554e-05,9.439997772595193e-05,6.622716096396517e-08,1.6370505244174473e-07,0.9856302905300277,0.004479763245116785,4.2054776417969945e-07,0.0003177672279060751,7.761579504566358e-07,3.1701808139844593e-07,1.874890318390131e-06,0.007525345450621935,2.3500358549706976e-05,6.724051724561664e-06,0.0006350874764132003,6.38292285269747e-05,0.00031796575463655243,3.326360864317874e-07,6.026005481544821e-08
64,2.7683036595838985e-05,8.393314593092969e-06,2.9656014411922147e-06,0.0004947365519778734,0.00022574199595846092,0.00014809590551366408,6.626803723411886e-05,0.00010477832587680829,6.18904109160177e-08,1.9377534892064698e-07,0.9847186944397641,0.004873443173205754,2.88950618039239e-07,0.00032594441112248935,8.916469719390348e-07,3.852692111829449e-07,1.982028298435009e-06,0.007469290097469098,2.9816791420203898e-05,5.25571414738973e-06,0.0010831470964616785,6.353306420361514e-05,0.0003480350088363309,3.043832390906245e-07,6.949007976688005e-08
65,2.9922880483904644e-05,8.329012615800077e-06,3.444511227525538e-06,0.0005072260843763378,0.00021979194049194035,0.0001619369258633444,7.483517648596804e-05,9.46126560071916e-05,6.26872518330577e-08,1.7508021305558355e-07,0.9845917328023629,0.00519578397284392,3.825399957634033e-07,0.00038145878038514967,7.692990660658828e-07,3.8433290238590783e-07,1.7259618837128491e-06,0.007541404328690375,2.538612304842817e-05,6.6488110805201334e-06,0.0007353416641633285,6.286323076059992e-05,0.00035542629758625294,2.9068954309620664e-07,6.42106706666929e-08
66,2.5599803073186286e-05,5.320241333734122e-06,9.740275726033346e-07,0.00017610659696784393,7.657947200813195e-05,3.535504226213092e-05,2.2044776235624238e-05,2.54682183081337e-05,8.41043778637473e-09,1.9433159925785234e-08,0.987187553982846,0.0029010931808749842,7.768007678873235e-08,0.00010560605442375265,7.377487379839784e-07,3.809690073522211e-08,3.1643485185443978e-06,0.008404258607198543,3.5187836662229597e-06,7.713550224749451e-07,0.0005596607537863167,3.781902446303297e-05,0.0004278101869576727,3.7355692021141436e-07,4.061824772206362e-08
67,2.9842264503698315e-05,7.77144541963866e-06,3.4223468901909965e-06,0.00048694483486402086,0.00019383895933130154,0.00017145613281933445,7.967206598678273e-05,8.038033825878494e-05,5.762628648173394e-08,1.531578417220444e-07,0.9849784278069382,0.005108564374496499,3.8771017126578656e-07,0.00039801250676006593,7.887846688137286e-07,4.135293729054294e-07,1.5588920219748563e-06,0.0073149552231206935,2.1990299182377607e-05,7.3197641524918815e-06,0.0006515706384360975,5.894689888952502e-05,0.00040318829910562727,2.718979051104416e-07,6.420257624843834e-08
68,3.0420418993320464e-05,8.272338847964458e-06,3.342871537470648e-06,0.00048087331848048216,0.00019704226068331828,0.00014750887760937354,7.531665017202331e-05,9.450596864932105e-05,6.240053308230845e-08,1.6252173155436918e-07,0.9851393941509982,0.004910300910577388,3.815818657933523e-07,0.00033942162101982076,7.598118995592382e-07,3.5237618889040323e-07,1.7674442429489037e-06,0.00745705607926077,2.387121130323337e-05,6.643122044795381e-06,0.0006796749282036876,6.117014502947335e-05,0.00034133207767681536,3.0464425649397483e-07,6.226819426366442e-08
69,3.165976275051402e-05,8.672223235495687e-06,3.755988628742013e-06,0.0005270445389277409,0.0002008707772625255,0.0001462256920644711,8.07063908912175e-05,0.00010628011284663573,6.887125684877032e-08,1.7852773687039866e-07,0.984716894639342,0.005023729551811629,4.1259454093402976e-07,0.00034433382928365325,7.647537247510593e-07,3.804327190836204e-07,1.8509589847700754e-06,0.007667219298678781,2.5028873090888858e-05,7.614560477685951e-06,0.0007039199249214449,6.10557711985412e-05,0.000340928412468446,3.3521088818789656e-07,6.830226817542278e-08
70,3.381045746931368e-05,8.952193714939507e-06,4.304898277809224e-06,0.0005428401416637944,0.0002345975913839496,0.00017572729210084458,7.937525299337852e-05,8.417849462577551e-05,6.520366764310455e-08,1.6808943869076987e-07,0.9834661837989761,0.0060493942816288275,4.5917911500001814e-07,0.0004960528872465722,7.557804073225535e-07,4.1570732500038005e-07,1.6668068815116868e-06,0.007674123186970893,2.422975839937676e-05,7.498126994322188e-06,0.0006797657240750685,6.259007025776276e-05,0.00037248748787073585,2.844242519080686e-07,7.316426339924776e-08
71,2.5112803594400952e-05,1.0761462201348049e-05,4.314855908467697e-06,0.00052003751161098,0.0003896843214551609,0.0002132546542642317,5.557566803625177e-05,9.166597617762414e-05,9.019274291303812e-08,2.356207096622585e-07,0.9847436411088359,0.005505143950771973,4.245749404648782e-07,0.000494733425777408,8.948337791351559e-07,3.441372499162009e-07,1.7193039490582846e-06,0.006705272195787741,2.967310100922584e-05,5.046878782825141e-06,0.0008340277224367247,7.261995813410782e-05,0.0002953802480566698,2.7661498577344285e-07,6.887880181168736e-08
