,0,1,2,3,4,5,6,7,8,9,10,11,12,13,14,15,16,17,18,19,20,21,22,23,24
0,6.277140475843053e-05,3.676244483497609e-06,6.566327720833492e-06,0.00030577964477256054,0.00013915728792802094,0.00013352731642708946,9.599392530388942e-05,0.0001367880354996329,1.5037617670992452e-07,7.759222396005222e-08,0.9839116737108775,0.010266252085913476,1.9253935046010089e-07,0.00033532636215578696,2.1135774454445604e-06,6.510569437117029e-07,2.3372495580712167e-06,0.003462398897639078,4.324065630495596e-05,7.942377447160247e-06,0.0006734747881220249,8.647985607990518e-05,0.0003230525314349053,2.2755910255110296e-07,1.4859633034303225e-07
1,6.025405462847158e-05,3.4730808949300784e-06,9.748322553218778e-06,0.0002767861938988504,0.00016629656425125753,0.00019857102720308398,0.00012224322883076465,0.0001995213145498475,3.996101399655886e-07,1.2970678175944102e-07,0.9854367352051562,0.009761729329270271,1.890125116251e-07,0.0003462897539756148,3.3997995120866633e-06,1.39717583502139e-06,1.9188496916776917e-06,0.002131728418377524,9.407023249757595e-05,1.0997607759637603e-05,0.0008399238668992257,9.318136182317867e-05,0.00024065359049570085,1.9236955370807705e-07,1.7032290863943586e-07
2,6.433378093717485e-05,3.358826916436245e-06,5.238436982517831e-06,0.0002829607428348108,0.00011920090038340174,0.0001565214341171249,0.00011625163766869477,0.0001444197045385092,1.4655446790862495e-07,6.737243354475476e-08,0.9842432553317967,0.010313134175312972,1.631162057447251e-07,0.00038984310275952253,4.394864231525237e-06,1.0569983338166378e-06,2.9661201198721133e-06,0.0025995232941693367,5.389180569493513e-05,9.866115970778985e-06,0.0007539934913107547,0.00013335290414008232,0.000601695971304939,1.9365189946594713e-07,1.6966546971542109e-07
3,6.291480989323875e-05,3.7380779200949352e-06,6.523354060373731e-06,0.00031260764659779143,0.00014017474809146157,0.00013322552024989278,9.588492033038347e-05,0.0001379688188154154,1.4865059489721664e-07,7.866990922675868e-08,0.9837505708005253,0.010326492676828893,1.9252203751620796e-07,0.00033998893965318393,2.122046089327797e-06,6.521319873142742e-07,2.3820630951817755e-06,0.0035239816134373624,4.350122036965529e-05,7.950333730268645e-06,0.0006902219640782206,8.772560767260729e-05,0.00033057180700183725,2.2928988412331284e-07,1.5176714658438639e-07
4,6.395120481742029e-05,4.4217959664555e-06,7.814042075893505e-06,0.00032356129615479534,0.00017117833944873932,0.0001525182925429828,9.95343675466555e-05,0.0001229133676311399,1.5880073123515103e-07,8.518212978032978e-08,0.9829509884178618,0.011011346172456249,2.673700122599486e-07,0.0004399006512380392,2.137570519748408e-06,6.561004995577933e-07,2.330681515952921e-06,0.0035376415257312808,4.091819889321302e-05,8.17208284148795e-06,0.0006337439198558469,8.848191048726002e-05,0.00033689125423636934,2.435669091382975e-07,1.4388789685041302e-07
5,5.7709243012367295e-05,4.542269621048923e-06,5.9430757379223895e-06,0.0004748724419342293,0.0001525090145563747,0.00013206308348077215,9.64049748447197e-05,0.00015656665416137255,1.20363764261096e-07,1.0375127011157039e-07,0.9822252476360249,0.009515715954510784,2.216141276430299e-07,0.0003552682805188638,1.654985481520658e-06,5.946526992105814e-07,2.6410602713586507e-06,0.005419012338894497,3.659754602591128e-05,9.011438300344197e-06,0.0008419501268646614,8.400047233737633e-05,0.0004267799600722583,2.952783885485369e-07,1.7378309882688174e-07
6,6.291480989323875e-05,3.7380779200949352e-06,6.523354060373731e-06,0.00031260764659779143,0.00014017474809146157,0.00013322552024989278,9.588492033038347e-05,0.0001379688188154154,1.4865059489721664e-07,7.866990922675868e-08,0.9837505708005253,0.010326492676828893,1.9252203751620796e-07,0.00033998893965318393,2.122046089327797e-06,6.521319873142742e-07,2.3820630951817755e-06,0.0035239816134373624,4.350122036965529e-05,7.950333730268645e-06,0.0006902219640782206,8.772560767260729e-05,0.00033057180700183725,2.2928988412331284e-07,1.5176714658438639e-07
7,6.308004846890124e-05,3.7244569971972954e-06,6.5144869709811835e-06,0.0003159742450735829,0.00014258180932356663,0.00013558969316786093,9.59006589206889e-05,0.000139318598947385,1.4880644979631976e-07,7.98311650804561e-08,0.9835574204136376,0.010461623187724872,1.8960358665916053e-07,0.00034530324857519237,2.1613148951880276e-06,6.699344310637033e-07,2.4034579324786657e-06,0.0035372354567889354,4.44048314066077e-05,7.944437831393278e-06,0.0007100483554674717,8.925983504781014e-05,0.00033804060378297567,2.2813841904677214e-07,1.5454498743447935e-07
8,0.0001424628270014179,7.401977090245124e-06,2.2085287458988063e-05,0.001491995732528753,0.00033421622582746537,0.00015258513017808568,0.0002231527146131412,0.00043772588098099917,2.3239968491784756e-07,2.2541835613784104e-07,0.9657761077690192,0.02138255387079212,5.600939168793647e-07,0.0010898054705308132,2.6571857291857454e-06,1.7231371142421758e-06,6.1437528994443415e-06,0.006256711683961871,6.879599909874874e-05,2.330013343338443e-05,0.0014625900667858361,0.00012725126849841563,0.0009884381810397595,7.355749146880549e-07,5.422185451473153e-07
9,0.00011060052408499254,8.837871595301946e-06,3.340300284370832e-05,0.0012107704544247965,0.0002714964558356872,9.546095841103807e-05,0.00019132152770025995,0.0003621618678909477,3.4700682425715857e-07,1.7191481497701553e-07,0.975355431090781,0.01506645162931678,9.468726879653621e-07,0.000673570048234128,1.5673789365147888e-06,7.033720657282343e-07,4.073648954874423e-06,0.005450090423976173,3.7978432163235544e-05,2.496917054421533e-05,0.0006878513229765606,6.394835668562757e-05,0.0003464636699631266,9.83149642314566e-07,3.9984864550515714e-07
10,6.291480989323875e-05,3.7380779200949352e-06,6.523354060373731e-06,0.00031260764659779143,0.00014017474809146157,0.00013322552024989278,9.588492033038347e-05,0.0001379688188154154,1.4865059489721664e-07,7.866990922675868e-08,0.9837505708005253,0.010326492676828893,1.9252203751620796e-07,0.00033998893965318393,2.122046089327797e-06,6.521319873142742e-07,2.3820630951817755e-06,0.0035239816134373624,4.350122036965529e-05,7.950333730268645e-06,0.0006902219640782206,8.772560767260729e-05,0.00033057180700183725,2.2928988412331284e-07,1.5176714658438639e-07
11,6.47606213031039e-05,4.1011201912052705e-06,6.843331223826982e-06,0.0003218893937762946,0.00014116048372939485,0.00013210428259315745,9.996801549977786e-05,0.00013672872355785238,1.523162201917538e-07,8.104982466018554e-08,0.983476396928993,0.010440959684235637,2.331043208550533e-07,0.0003552195300792109,2.0529096399397714e-06,6.227541096122007e-07,2.4597473085029635e-06,0.0037058321594093478,4.1218116327316294e-05,8.467259600027956e-06,0.0006400977676984828,8.792309256355791e-05,0.00033032882457129976,2.492112031808406e-07,1.4957202056105094e-07
12,6.987661431519464e-05,5.16261099627532e-06,5.741042879700311e-06,0.00045135500054635015,0.00022771186321064236,0.00017525151422449764,9.14675111609106e-05,0.00011409313382449808,7.518013472857665e-08,9.758892531685e-08,0.9741953158164584,0.015779694031943195,2.389008499571125e-07,0.000680803077909707,2.104241323288095e-06,7.499549800170677e-07,3.4984937848665985e-06,0.006274912130847914,3.85061765237995e-05,7.019215045289923e-06,0.001011569513427136,0.00014152707340121888,0.0007227792566450876,2.6510189367049423e-07,1.8495474830707326e-07
13,8.263778189216922e-05,9.245763755887976e-06,8.253728734473915e-06,0.0013762871014121171,0.000304825668498664,0.00039578200466395234,0.0002342067112821152,0.0003444111613104534,2.005825131812402e-07,5.748674779794322e-07,0.9702426041549602,0.007483942424034007,5.208599047071583e-07,0.0005246218867803809,1.913568015451318e-06,2.306829956560433e-06,3.691596083703767e-06,0.016082768882706905,6.510470044735351e-05,2.748354495825394e-05,0.0014591722525131967,0.00013221740735482623,0.0012160517534613915,8.659420847629956e-07,3.0882519733162763e-07
14,5.89050554766282e-05,3.932597395279161e-06,6.4610028758716155e-06,0.000315376163810438,0.00014439625331853152,0.00013445806071130594,9.335811086201122e-05,0.00013734394756183686,1.504070568357819e-07,8.323639803860062e-08,0.9843021613633928,0.009762904580930931,1.9981537533275454e-07,0.00033413711132641855,2.037972549685309e-06,6.280186615207525e-07,2.31604389985504e-06,0.003561044711783164,4.28009308339442e-05,7.943830336195939e-06,0.0006862946928777655,8.609862655764935e-05,0.0003165913693678952,2.3182720343880872e-07,1.4426943662726932e-07
15,6.291480989323875e-05,3.7380779200949352e-06,6.523354060373731e-06,0.00031260764659779143,0.00014017474809146157,0.00013322552024989278,9.588492033038347e-05,0.0001379688188154154,1.4865059489721664e-07,7.866990922675868e-08,0.9837505708005253,0.010326492676828893,1.9252203751620796e-07,0.00033998893965318393,2.122046089327797e-06,6.521319873142742e-07,2.3820630951817755e-06,0.0035239816134373624,4.350122036965529e-05,7.950333730268645e-06,0.0006902219640782206,8.772560767260729e-05,0.00033057180700183725,2.2928988412331284e-07,1.5176714658438639e-07
16,6.322186715850681e-05,3.2784420124072528e-06,7.075769336936211e-06,0.0002467061279331529,0.00012687686937556128,0.00013174177361460185,9.030378744242444e-05,0.0001174661560079388,1.6185434294533034e-07,5.727489730360274e-08,0.9853047701631735,0.009822799762342323,1.838461335249347e-07,0.00030731773172322366,2.2093089463671746e-06,5.611655733321545e-07,2.0425085881214414e-06,0.0028669290808550052,3.649169148730255e-05,7.688377663702562e-06,0.0004902408305500286,8.100620808200629e-05,0.0002905239824716972,2.0898082238550423e-07,1.3643946545981145e-07
17,6.930507757738014e-05,4.246496768027408e-06,7.084100340583108e-06,0.0004103279490702246,0.00015714321080943135,0.00013509422355658065,0.0001033605992880443,0.00014972843180548193,1.378008969970267e-07,8.870612178695845e-08,0.9809844945896797,0.011878636007307144,2.285913834305023e-07,0.0004298032890159094,1.966470827200257e-06,6.732842325909322e-07,2.6749958267904563e-06,0.00433780953532662,4.273083865574743e-05,8.804488078486282e-06,0.0007706793988674209,9.314167571794196e-05,0.00041139699882403175,2.59439044755603e-07,1.8380097767325883e-07
18,6.853430910744138e-05,3.902295709509015e-06,6.64400241305047e-06,0.00032219783734798493,0.00013789553236997907,0.00012593117052657764,9.862941446526328e-05,0.00014179353472582187,1.4255448734255358e-07,7.886894038522595e-08,0.9825208700875494,0.0111496946421759,2.0115379526432553e-07,0.00034587417064543607,2.102194210868152e-06,6.380715606702943e-07,2.6635523412500416e-06,0.0038705233549763017,4.319993356512302e-05,7.990107565276786e-06,0.0007135157142764477,9.295947114942156e-05,0.0003436059682565765,2.495632614433475e-07,1.6249457736841441e-07
19,6.168252248633138e-05,5.340588041588085e-06,1.4718142774414924e-05,0.0004233625996026888,0.0002989722571027256,0.00016555348757766076,8.8839592791922e-05,0.00018713416248338348,2.740117561775058e-07,1.2577238281899733e-07,0.976727666872018,0.016995947700877714,4.03751083657494e-07,0.0005867407125525908,2.0339760778354687e-06,6.718321987296542e-07,2.715480187551808e-06,0.003358637326119985,5.0900908979259785e-05,1.0839840084977722e-05,0.0006699129301669584,0.00010934744361036072,0.0002377344103490152,2.709298696104508e-07,1.7274882396753665e-07
20,5.9971756219684284e-05,1.4647787510143894e-06,4.5614292912636014e-06,0.00016337919222419642,5.6167145066966855e-05,0.00017525161599707374,8.334828997417338e-05,2.0831302156564818e-05,6.360990610146081e-08,2.6837827770305298e-08,0.9899948449373318,0.005622198911999714,1.2558269729412828e-07,0.0002428548277662265,5.947150390290055e-07,4.6385942752503915e-07,4.177346917472386e-07,0.0031303417575722532,1.2171460028430923e-05,4.320910679779104e-06,0.0002321456851629755,1.2072770694176074e-05,0.00018220250872623845,9.59996633942515e-08,8.238110469077103e-08
21,8.88225759704298e-05,3.337164254902607e-06,8.867809574855875e-06,0.0004190414064176817,0.0001452792698143487,0.00016201001547110273,0.00014644050883577705,0.00011155755569444702,1.0519523128893423e-07,9.07076056306531e-08,0.9745309284047207,0.01792989299841642,3.6162149295118644e-07,0.0005381931277932108,1.4559193425253093e-06,1.0662004781594005e-06,2.137244182686149e-06,0.0047022758208880334,3.428544148209246e-05,1.1641154700260129e-05,0.0006596949517596033,6.377413465051725e-05,0.00043832447684783913,2.6296168967043844e-07,1.5333268475901088e-07
22,6.774396471486678e-05,8.900546890115358e-06,1.2924872160684987e-05,0.0007541219741183362,0.00034963991268575684,0.00019672529969544728,0.00017862880423296222,0.00022701705092230238,5.551666866460708e-07,1.7612463058321e-07,0.9823336378031201,0.011489902330410827,6.150159623656863e-07,0.0008422299228903375,4.410613478809796e-06,7.006505649796471e-07,1.9608237645711413e-06,0.0022826732589058232,9.065151507124792e-05,1.0700683273538432e-05,0.0006103817544579455,9.908179187846224e-05,0.00043592397777270867,3.4237975474326636e-07,3.5376195590939645e-07
23,6.291480989323875e-05,3.7380779200949352e-06,6.523354060373731e-06,0.00031260764659779143,0.00014017474809146157,0.00013322552024989278,9.588492033038347e-05,0.0001379688188154154,1.4865059489721664e-07,7.866990922675868e-08,0.9837505708005253,0.010326492676828893,1.9252203751620796e-07,0.00033998893965318393,2.122046089327797e-06,6.521319873142742e-07,2.3820630951817755e-06,0.0035239816134373624,4.350122036965529e-05,7.950333730268645e-06,0.0006902219640782206,8.772560767260729e-05,0.00033057180700183725,2.2928988412331284e-07,1.5176714658438639e-07
24,5.596487562102738e-05,6.763390264203016e-06,7.700859025874655e-06,0.0007147202296753827,0.0002578921879448478,0.00018280076932860082,9.529694869471465e-05,0.0001624011232902063,1.35699575414057e-07,1.513989979728496e-07,0.9777402688987299,0.012704707473311103,3.6262816812860484e-07,0.0007513988579984039,1.4818978108352772e-06,7.057235204083162e-07,2.3191939683391582e-06,0.005761681878025522,4.821959826390347e-05,1.1538465866033317e-05,0.0009347176870597686,0.00010033391050916869,0.0004580020109868842,2.3614022433353954e-07,1.981531390061121e-07
25,5.670700202444163e-05,5.6688466360622425e-06,1.0586354712289936e-05,0.0001709679532838425,0.0006594224374438083,0.001832001546872601,5.60253589122567e-05,2.6557396607215673e-05,3.851732045544035e-07,1.8268298364693728e-07,0.9766786606109102,0.013774998813437892,1.7487131532487664e-07,0.0014105041883897117,8.959697834011383e-06,2.8693899098146527e-06,1.3898319131557355e-06,0.0032346633281684716,7.064230670985594e-05,3.9383265592104576e-06,0.0012036008384607034,0.0001813798953608931,0.0006093538359589225,1.0359234779595328e-07,2.5572004308623665e-07
26,0.00013625497269301897,4.645590774780023e-06,9.259101919609626e-06,0.00030030332618637427,8.533760944948945e-05,5.7722155727609235e-05,0.00012729370343870147,0.00018244283871745036,1.3069552046709428e-07,6.067187800494762e-08,0.9799069347704764,0.010758994788972045,3.2896564865970304e-07,0.00015581166088475377,1.484536911052886e-06,3.232971665015863e-07,5.855017689324936e-06,0.007410621323973983,2.1581884586292998e-05,8.431829602309767e-06,0.0004631537379966109,7.957084354243027e-05,0.0002823607533517896,9.201418359484682e-07,1.757810561077344e-07
27,6.713288748859728e-05,3.475417998484556e-06,7.181677234291233e-06,0.00028203467626125844,0.00012614958647343816,0.00015137762113604682,0.00010506925338136623,0.00021849226500749065,3.097824070222993e-07,9.164101180687421e-08,0.9855382193474871,0.009219777172482839,1.546462714010329e-07,0.00025358744213512115,4.006111326573343e-06,9.207132836504203e-07,2.9138675833331203e-06,0.002743386205970122,7.09073819127002e-05,1.0881509396492357e-05,0.0007499435040801996,0.00012592138727319968,0.00031760622213643046,2.389024754626066e-07,2.207777856937085e-07
28,6.291480989323875e-05,3.7380779200949352e-06,6.523354060373731e-06,0.00031260764659779143,0.00014017474809146157,0.00013322552024989278,9.588492033038347e-05,0.0001379688188154154,1.4865059489721664e-07,7.866990922675868e-08,0.9837505708005253,0.010326492676828893,1.9252203751620796e-07,0.00033998893965318393,2.122046089327797e-06,6.521319873142742e-07,2.3820630951817755e-06,0.0035239816134373624,4.350122036965529e-05,7.950333730268645e-06,0.0006902219640782206,8.772560767260729e-05,0.00033057180700183725,2.2928988412331284e-07,1.5176714658438639e-07
29,6.291480989323875e-05,3.7380779200949352e-06,6.523354060373731e-06,0.00031260764659779143,0.00014017474809146157,0.00013322552024989278,9.588492033038347e-05,0.0001379688188154154,1.4865059489721664e-07,7.866990922675868e-08,0.9837505708005253,0.010326492676828893,1.9252203751620796e-07,0.00033998893965318393,2.122046089327797e-06,6.521319873142742e-07,2.3820630951817755e-06,0.0035239816134373624,4.350122036965529e-05,7.950333730268645e-06,0.0006902219640782206,8.772560767260729e-05,0.00033057180700183725,2.2928988412331284e-07,1.5176714658438639e-07
30,6.291480989323875e-05,3.7380779200949352e-06,6.523354060373731e-06,0.00031260764659779143,0.00014017474809146157,0.00013322552024989278,9.588492033038347e-05,0.0001379688188154154,1.4865059489721664e-07,7.866990922675868e-08,0.9837505708005253,0.010326492676828893,1.9252203751620796e-07,0.00033998893965318393,2.122046089327797e-06,6.521319873142742e-07,2.3820630951817755e-06,0.0035239816134373624,4.350122036965529e-05,7.950333730268645e-06,0.0006902219640782206,8.772560767260729e-05,0.00033057180700183725,2.2928988412331284e-07,1.5176714658438639e-07
31,0.00012077584413777331,1.0209334442681033e-05,1.9817560221283063e-05,0.0009714554701178332,0.0003329128521954112,0.00011196172313385376,0.00015819441555616384,0.0004729502603837135,2.394746822374539e-07,2.24951124477643e-07,0.9673308596388133,0.01928937585111758,6.590428664722492e-07,0.0006511657380004318,1.6088922886140387e-06,7.962291039037379e-07,5.765581853740842e-06,0.008795563883023064,6.437716763342553e-05,1.918680035664418e-05,0.0010852534203761417,0.00014212455097775936,0.0004133099162347701,8.909333517951453e-07,3.2046800671628963e-07
32,6.54968720990047e-05,3.854530810722057e-06,6.65206781411928e-06,0.0002935048659260107,0.0001444971421324069,0.00014115516572509487,9.872581160143776e-05,0.0001505500245167146,1.7673043200085328e-07,8.465785453626205e-08,0.9837448095739002,0.010468729608848511,1.819720358161969e-07,0.0003454470845845035,2.5679980648256623e-06,7.430784858053594e-07,2.5264045276283156e-06,0.003279224463569388,5.448660698731299e-05,7.957995321662415e-06,0.0007615829516397549,0.00010159818370126642,0.0003250621589693556,2.219015728743109e-07,1.6214887911186602e-07
33,7.856652359387962e-05,6.801110299680088e-06,6.248452221697216e-06,0.0003870027951763685,0.0001982909263405298,0.00013427421068501724,0.00010889631719874096,0.00016537974917567208,1.0529308673183483e-07,1.0254655732992425e-07,0.9773076554574195,0.014164212529276795,3.313104124747444e-07,0.0005507683897846951,2.1496024877171277e-06,6.719915825544645e-07,4.024945727628026e-06,0.0053992420964781695,5.30589275915694e-05,9.670851700119093e-06,0.0007460211716104151,0.0001897700461584977,0.000486315839774128,2.9951433454472166e-07,1.3940132525007171e-07
34,4.9644264336023354e-05,4.4454975483000166e-06,4.914932085187574e-06,0.0005323782423273764,0.0001754669745116347,0.00012612309302611685,9.158395976564246e-05,0.00013810596703222935,5.770316160493129e-08,9.466146424884538e-08,0.9787722156708739,0.012199390755895365,2.20521422809036e-07,0.0004708195058361033,1.4657275835401076e-06,6.52726847236232e-07,3.0548337829695168e-06,0.005740469861559297,2.9361598135136383e-05,9.34538728898444e-06,0.0008884908499670168,0.00010503023808875454,0.0006562562619459866,2.6855655105166334e-07,1.4220896359411346e-07
35,0.00012405099385185008,5.258357877337177e-06,8.590857767424808e-06,0.0004772076455575473,0.00012245768686948463,8.36664396048037e-05,0.0001237020098337125,0.0003781652904263882,2.8584008186840724e-07,1.3283851224238482e-07,0.9754356263192079,0.014217605726292895,2.888960022575326e-07,0.00022409123139610916,1.759180361483313e-06,5.023867443564517e-07,5.26598980300749e-06,0.007482311017093546,7.141465927445708e-05,1.1344459312008346e-05,0.000873992948824491,0.0001263212047621492,0.00022511972891328506,5.261102570723009e-07,3.1218137211667003e-07
36,0.0002654807863814038,8.739148906131178e-06,3.0430274368676008e-05,0.0005323494353550352,0.0005356802819536993,0.00015551749880795965,0.00014382767030907449,0.0005837973521892476,5.864427555799285e-07,2.088357377289486e-07,0.9093013796674335,0.08025113202605463,5.697457778052063e-07,0.0012556252616485752,7.125370290142375e-06,1.7411337555930502e-06,1.549233533472838e-05,0.00394658647439821,0.000237575742738544,1.2873811661215296e-05,0.001821851789624978,0.0004921157588098834,0.0003981539462110726,5.189293616397656e-07,6.402801351767691e-07
37,7.260504523725634e-05,3.7690854142496497e-06,6.79946241808728e-06,0.0003085229311558479,0.00013357974378791235,0.00012370085486571104,0.00010117994090134353,0.00013077015390505187,1.347132858659439e-07,7.144150729165218e-08,0.9828406164813167,0.011046093601766206,2.0164533057523967e-07,0.0003571867082995604,1.9461395967847315e-06,6.297449845150516e-07,2.431857757143917e-06,0.0037551232889497803,4.1863606985886794e-05,7.797422582725231e-06,0.0006520823775528426,8.536733428221894e-05,0.00032713517590558875,2.388549644203709e-07,1.5238724616044254e-07
38,4.987766734553899e-05,1.1306353135333992e-06,2.410335619569326e-06,6.806120275805573e-05,4.667518174121123e-05,0.00017430817500082858,0.00010512843713936241,3.4410779786712094e-05,7.333290740274994e-08,2.527325673904327e-08,0.9919583110115123,0.00510419244302976,6.344869432825583e-08,0.00015636333575912197,2.6214241088225408e-06,9.006636187173329e-07,8.33816108315442e-07,0.0015686272530645307,2.9037069569289958e-05,3.541088504068577e-06,0.0003535274888702141,4.372185075641182e-05,0.00029602620421618136,8.4790753762091e-08,4.7090565364900535e-08
39,6.372282050151779e-05,3.4283661919815883e-06,7.0858822665397735e-06,0.000353896868452521,0.00015931239394718075,0.0001495913645856156,0.00010139566367715413,0.000169203427463175,1.695165028333525e-07,9.390226804804578e-08,0.9824331742177024,0.011352542709899452,1.7817691643833948e-07,0.00035727924120552876,2.340204384271093e-06,8.55188714963416e-07,2.4466177709809818e-06,0.003471604278895476,5.3548544598580035e-05,8.817609068405977e-06,0.0008662065537119572,8.98331559135507e-05,0.0003528672084241201,2.3122012202147059e-07,1.7486681543462337e-07
40,0.00013429199801245556,4.190057116113283e-06,7.858305402432383e-06,0.0001495379590191456,0.00015899912076502835,0.00012808177529355,8.609639795154769e-05,7.636299740960217e-05,1.287697430190573e-07,3.646327671805617e-08,0.9752221964612067,0.01942623181254703,1.604474411760696e-07,0.0006902467772673509,3.1995868381505183e-06,6.141076979981552e-07,2.9354746301770428e-06,0.002781236790644689,7.10473359892841e-05,4.024617975434017e-06,0.0006163941295652156,0.00017200272557443732,0.00026382549145519693,1.4020970411958996e-07,1.6018747337491195e-07
41,5.374970296989885e-05,4.362466480328816e-06,1.5177763476081107e-05,0.00036831042279167065,0.00031811177495770173,0.00025509439835325195,8.878970986902995e-05,0.00018348606915829876,5.048440006235493e-07,1.35029485699512e-07,0.9853754030669974,0.009563361765734585,2.2179638028608782e-07,0.0005069322681211039,3.9805756042130174e-06,1.1437768732330071e-06,1.8689927607164849e-06,0.0019889199255725912,7.373472596603815e-05,9.717529070867243e-06,0.0008505134101917689,8.350140758057645e-05,0.0002525372713708561,2.2495528503538207e-07,2.1635094805511527e-07
42,4.86002630383046e-05,4.834758679972614e-06,8.82115064270802e-06,0.00046220050422892924,0.000154420714708944,0.00015034278633960032,7.51256295344079e-05,1.2123876242899454e-05,5.758592725456803e-08,3.347545052986093e-08,0.9840038983856142,0.007088874385681808,8.52719185676198e-07,0.0007800682806656644,2.97958880540493e-07,8.747912436267252e-08,4.1655645246428217e-07,0.006864578362781615,3.60987016945751e-06,2.9055555531827505e-06,0.00012914576515938756,7.548217895839691e-06,0.00020079963755894977,2.4066825696451104e-07,1.1541222646346902e-07
43,2.9056548909174157e-05,3.932315405440925e-06,4.128387111011115e-06,0.0004980437567412336,0.0003610771551795575,0.0003127929348444212,8.052973332181053e-05,0.00038040205717959397,2.8172447552289656e-07,3.95678949611956e-07,0.9832119620407306,0.007408222083944321,9.78055280534696e-08,0.0002858188521830357,5.581283226217356e-06,2.1760041137340413e-06,3.667521258719053e-06,0.0031958238987324188,0.000147987780797729,7.879799642619209e-06,0.003307093821868732,0.00017885762564964365,0.0005737449269120152,2.4602275623074784e-07,2.0024053867190734e-07
44,6.291480989323875e-05,3.7380779200949352e-06,6.523354060373731e-06,0.00031260764659779143,0.00014017474809146157,0.00013322552024989278,9.588492033038347e-05,0.0001379688188154154,1.4865059489721664e-07,7.866990922675868e-08,0.9837505708005253,0.010326492676828893,1.9252203751620796e-07,0.00033998893965318393,2.122046089327797e-06,6.521319873142742e-07,2.3820630951817755e-06,0.0035239816134373624,4.350122036965529e-05,7.950333730268645e-06,0.0006902219640782206,8.772560767260729e-05,0.00033057180700183725,2.2928988412331284e-07,1.5176714658438639e-07
45,6.426048394143617e-05,3.41345621650762e-06,7.981835358139575e-06,0.00026062296011203264,0.00015353728339613377,0.00013435401531973636,0.0001112205950783086,0.00018399609912696674,2.1543420789263628e-07,8.0453862408242e-08,0.9851162439273,0.01014155166105379,2.205551613923247e-07,0.00029604457233844224,2.6735606335400364e-06,7.394263484274066e-07,2.4629716212907265e-06,0.0025186730230699938,5.2055393557195875e-05,9.053052413300204e-06,0.0005639338072784976,9.55878064291623e-05,0.0002807005215701796,2.575177246197768e-07,1.1958688062925428e-07
46,8.466489678054167e-05,4.505940086998218e-06,6.880902071612901e-06,0.0003670422078451591,0.0001390497233765648,9.854284496961292e-05,0.00010072415151491598,0.0001932594568965117,1.3876348615296676e-07,8.367762533290783e-08,0.9796089125730054,0.013243710006114236,2.2863806490595746e-07,0.0003095905678098736,2.3475301106096546e-06,5.91858248218063e-07,4.526765266217399e-06,0.0044765190192003574,4.556243845875122e-05,8.687971005203562e-06,0.000808179463229946,0.00012070322642148074,0.0003750009708502424,3.526067094051523e-07,1.9380085177093836e-07
47,0.00022796607386508648,3.5198727136654807e-06,6.550242465036167e-06,0.00015499419778486947,6.260298977500656e-05,6.706564691195296e-05,0.000144938617146226,0.00013350360187106545,8.92659564496067e-08,4.284745598994338e-08,0.963326189270049,0.028755377753585422,2.1252771007952625e-07,0.00023629414750622857,2.3824137467053666e-06,7.537196251620773e-07,6.7134076241718355e-06,0.005716872494369168,5.5478085307305016e-05,8.757838701833106e-06,0.0006015193060463627,0.00020381933044003847,0.0002838209665163298,3.484704182743543e-07,1.8691240859865403e-07
48,0.00013691975517780882,1.1706604759609403e-05,4.877647484919183e-06,0.00046149755133238453,0.00018247993081204882,8.26033711817671e-05,0.00019721135012830114,0.0005594909703697304,1.4517332896138938e-07,1.9551338700805958e-07,0.9727243557630522,0.015670373050915495,4.1592842985177116e-07,0.0004454860256058625,4.566378688327331e-06,9.267627239515892e-07,1.5010310727230838e-05,0.006642132474999852,0.00015701634121234514,1.140350553117605e-05,0.0014390033360567982,0.0005302785235581969,0.0007210535208327597,6.646296049717062e-07,1.8558009878760258e-07
49,5.812528893124877e-05,3.4224983364049878e-06,6.82387090766784e-06,0.0002838889827340922,0.00016289645117528988,0.00017073255823712693,8.497130530852389e-05,0.00011456340676669489,1.4074926643641827e-07,7.417329012716084e-08,0.9797208338044008,0.01442975879483792,2.0056705150373335e-07,0.0004413055584569641,2.206312959951696e-06,7.470554195526383e-07,2.131178797061792e-06,0.003362481477250319,4.465695122362791e-05,8.565131630112196e-06,0.0006618704099887683,0.00010736438995791964,0.00033192636319100247,1.6486611335444734e-07,1.4785376735364896e-07
50,9.16700910065307e-05,6.488948693616484e-06,1.17555985849816e-05,0.0005294361593831211,0.0002681938399029384,0.00024908305169374557,0.0002645274204482133,0.0003548258320850981,3.8597654324454437e-07,2.873735314081295e-07,0.981611356459404,0.010493550680918895,3.9649494654101145e-07,0.0007279506027280385,2.8300294234353645e-06,2.331703649330739e-06,2.461105743941011e-06,0.0036568211923338665,0.00017343256218320396,1.8360199119442438e-05,0.0009371403143656156,0.00016909533651558015,0.0004271211529655112,3.133019537989896e-07,1.8457187573142512e-07
51,6.800228214120987e-05,3.2168445854070172e-06,7.756331404716442e-06,0.00024167325637715283,0.0001467692226596389,0.0001662300472404336,9.621761325445826e-05,0.00012925969473218647,1.9562118292440763e-07,7.452217051667311e-08,0.984151121615918,0.01089614195208219,1.6184522164808313e-07,0.00032028238667657435,3.2325994029920356e-06,9.66967834457009e-07,2.506540008514795e-06,0.002579790971976836,5.0085132535834425e-05,8.288514203418142e-06,0.0006906152555449278,9.67353350995513e-05,0.00034028530016413537,2.2027877540811158e-07,1.6986880704858116e-07
52,7.303124236308209e-05,4.372753593984535e-06,8.52289248589529e-06,0.00037120778933124666,0.0001865109406526305,0.00012259044422872084,9.801986802312275e-05,0.00019851501931689272,1.8074978392509347e-07,9.388643304687506e-08,0.9802050761902599,0.013611870638612212,2.0191179437162529e-07,0.0004234413699917135,2.530118151598043e-06,7.450509257664573e-07,3.2235060875694076e-06,0.0032675291704257568,6.167031067789155e-05,8.39639802267439e-06,0.0009028429845516955,0.00011408612343973282,0.0003348911460398889,2.5682557515932615e-07,1.9266923157198288e-07
53,4.2477524614449294e-05,1.327965028050993e-06,2.541554594392441e-06,0.000116670857068001,1.8928439408798083e-05,8.651099056276718e-05,0.00015840342808463685,5.515521287922948e-05,8.730724181094003e-08,2.4564886931841468e-08,0.994223952184506,0.0027282721665239343,9.506760320056776e-08,8.314029981702659e-05,1.8257716852261053e-06,5.919107609038931e-07,9.006633745279075e-07,0.0018682904715663492,1.5202279261126635e-05,9.187020162859743e-06,0.00020326842143350896,2.9890034828190675e-05,0.00035303802065881316,1.5348168845968907e-07,6.436176098296967e-08
54,0.000114991301451219,4.670895169542518e-06,1.140491178217588e-05,0.0003458664447133292,0.0001365693066797836,0.00022851607763140947,0.00018796842127785906,9.886443400320803e-05,1.998091447027887e-07,1.0233078142336711e-07,0.9736309307377712,0.01949725043151986,3.3120257204920956e-07,0.0008715896758384514,3.112485678948967e-06,1.92693280461556e-06,2.2035887642430932e-06,0.003403110367179177,6.846182683199295e-05,1.4470731387146634e-05,0.0007355833285691996,0.0001159936072175566,0.0005254223930583415,1.8563221585690818e-07,2.7312595696622277e-07
55,0.00013143678808546068,3.6667473186506237e-06,1.136298907715528e-05,0.0002833871820177365,6.682243762881726e-05,6.788920767883257e-05,0.00010241883897120897,0.00013677195371490005,2.2156757890411486e-07,5.0809621493642184e-08,0.973070193922828,0.019310870264693643,4.3321515723070797e-07,0.0001904537132273841,9.390687275600791e-07,2.653111923633926e-07,2.666733692478471e-06,0.006102454991771138,2.415462765808342e-05,1.1555405339444003e-05,0.00030980323521110693,5.2781491541759066e-05,0.00011881621522712698,3.6724044859973234e-07,2.160415909678088e-07
56,6.624675958736679e-05,4.2012601028245555e-06,7.113399878985118e-06,0.0003216192905019015,0.00014243440891610528,0.0001305470210753369,0.00010111761096495489,0.00014040966599649515,1.584847693446502e-07,8.224355872691688e-08,0.9835078086845689,0.010486436939151552,2.3878365470514396e-07,0.00035102979263511405,2.1155021263246247e-06,6.290721518418524e-07,2.530959107881513e-06,0.0036282403642513856,4.206026741788671e-05,8.598770146316186e-06,0.000645470302853135,8.757404037332995e-05,0.00032292672541414956,2.581577279665596e-07,1.5149306757698344e-07
57,0.00011078783584105053,6.550595448990053e-06,2.2012223621139376e-05,0.0004902136366597954,0.0004936366694220838,0.000187909598105716,0.00010731774664761231,0.00048278597303432196,5.298582666036349e-07,2.556523770124325e-07,0.9504674481841073,0.04071270143240648,3.779639467539018e-07,0.0007400271079930918,4.7804335373340164e-06,1.6997944967093894e-06,7.6089777481508325e-06,0.0035169884172947577,0.0001816414812182394,1.3526965660017463e-05,0.0018929527056620488,0.00029168376851576106,0.0002658214311349083,3.7014456831857804e-07,3.714022857667606e-07
58,6.909625853271767e-05,4.3928628472981415e-06,6.966356218388635e-06,0.00032079973947945963,0.0001419593664409327,0.00011541291885791655,0.00010167629778411347,0.00015661834535944286,1.4990527847191858e-07,8.468017219385298e-08,0.9832231194034774,0.010285171133117391,2.2383684452667424e-07,0.00031015730281932575,2.1967382891782546e-06,5.852693615827653e-07,3.1275545729582605e-06,0.004054041058608561,4.091795172464164e-05,7.886239483874067e-06,0.000713466881325639,9.608613211779713e-05,0.0003453847913265645,3.220397759646266e-07,1.5693618349996477e-07
59,7.525749636771451e-05,4.133168838894204e-06,8.654170583656108e-06,0.00032156518530929796,0.0001351042880615788,0.00011032704997948548,0.0001114472082529045,0.00016418031371967737,1.6168325415580284e-07,8.283546374291386e-08,0.9827887305397822,0.010647529721791251,2.3249931922343727e-07,0.0002934795684293842,2.1164513544830298e-06,6.43378223708363e-07,3.110295949840903e-06,0.00418474090194164,3.784241438009808e-05,9.103016320083522e-06,0.0006865125340040999,8.689739446481515e-05,0.00032760255274777135,3.770530391088338e-07,1.6827842141320412e-07
60,6.291480989323875e-05,3.7380779200949352e-06,6.523354060373731e-06,0.00031260764659779143,0.00014017474809146157,0.00013322552024989278,9.588492033038347e-05,0.0001379688188154154,1.4865059489721664e-07,7.866990922675868e-08,0.9837505708005253,0.010326492676828893,1.9252203751620796e-07,0.00033998893965318393,2.122046089327797e-06,6.521319873142742e-07,2.3820630951817755e-06,0.0035239816134373624,4.350122036965529e-05,7.950333730268645e-06,0.0006902219640782206,8.772560767260729e-05,0.00033057180700183725,2.2928988412331284e-07,1.5176714658438639e-07
61,6.893800871173286e-05,4.071017994822393e-06,8.62434706605753e-06,0.000296264759728586,0.00014079847961177388,0.00011081877913464937,9.670969440807972e-05,0.000150136783360496,1.6354724959858167e-07,7.608964246778854e-08,0.9830187012627157,0.010993708238080439,2.1951331791733914e-07,0.0003017313650333,2.078337322562978e-06,5.822792670094161e-07,2.868332007433352e-06,0.003731304294722549,3.793917069905e-05,8.413589022885983e-06,0.0006548832092449691,8.686029081397303e-05,0.00028363427653333573,3.1536114162656017e-07,1.5897316909986993e-07
62,6.291480989323875e-05,3.7380779200949352e-06,6.523354060373731e-06,0.00031260764659779143,0.00014017474809146157,0.00013322552024989278,9.588492033038347e-05,0.0001379688188154154,1.4865059489721664e-07,7.866990922675868e-08,0.9837505708005253,0.010326492676828893,1.9252203751620796e-07,0.00033998893965318393,2.122046089327797e-06,6.521319873142742e-07,2.3820630951817755e-06,0.0035239816134373624,4.350122036965529e-05,7.950333730268645e-06,0.0006902219640782206,8.772560767260729e-05,0.00033057180700183725,2.2928988412331284e-07,1.5176714658438639e-07
63,6.247746153512081e-05,4.1997850023951e-06,6.246401915686884e-06,0.0002917247683743656,0.0001273472758182043,0.0001219794618632838,9.415941437677895e-05,0.00013226019492614202,1.4953231357814344e-07,7.615809887540028e-08,0.9848655429848473,0.009269983141343733,2.0659158713187513e-07,0.00030555057983941067,2.121099417510329e-06,5.680344499172264e-07,2.507710696287898e-06,0.0036293907825690397,4.0574939057232346e-05,7.919026110941192e-06,0.0006343449354069807,8.952868213100751e-05,0.0003107469113492499,2.4886683003517846e-07,1.452601395252166e-07
64,5.632129836862157e-05,3.741820608840588e-06,5.531791680060109e-06,0.0003183824278354369,0.0001543507991717648,0.00013261115944519685,8.2860466835396e-05,0.00014741044837055745,1.4070762826533417e-07,9.118773752309172e-08,0.9835429642582649,0.010035516499306077,1.4261048222167454e-07,0.00031537514330261886,2.4566214708890615e-06,6.920645303002069e-07,2.6602080565790736e-06,0.0036184922472213576,5.161760844836732e-05,6.212574433137828e-06,0.0010892340361881143,8.97309764441002e-05,0.0003430660545795645,2.284474810168998e-07,1.685421088044986e-07
65,6.11527495994282e-05,3.6827612342642594e-06,6.423623114085989e-06,0.00032354516923778563,0.00014887250531283268,0.0001436361893274808,9.374506340230503e-05,0.00013263868880823557,1.4169582583093048e-07,8.152874145817735e-08,0.9831222461637805,0.010734263953811336,1.8802809109504825e-07,0.0003664346484020136,2.103447511059239e-06,6.879589271603049e-07,2.309775201542849e-06,0.003636137814724218,4.382642829985406e-05,7.830805891698346e-06,0.0007342954930293545,8.82203580232179e-05,0.00034716277000405117,2.176224020343497e-07,1.5475729705634226e-07
66,5.3843259325826966e-05,2.386958833401931e-06,1.9162160843393217e-06,0.00011581237475065283,5.2843280144443934e-05,3.108572651254994e-05,2.8499736537933047e-05,3.690348540801361e-05,1.932586110850871e-08,9.278885020623488e-09,0.9880481335190421,0.00636013636440787,3.9103442733985804e-08,0.00010694652879443154,2.0936483706186746e-06,7.127337044605133e-08,4.428390665469191e-06,0.004074416807996493,6.259329522718537e-06,9.35695460478391e-07,0.0005845176849430369,5.53762344846778e-05,0.0004329346239106927,2.869827408781199e-07,1.0417050422827771e-07
67,6.08718241704232e-05,3.4422077626008867e-06,6.360961077883463e-06,0.00031084931140206427,0.00013126049441301263,0.0001521943527832136,9.964371253034832e-05,0.00011233006838720252,1.2986771709366145e-07,7.126508313521071e-08,0.9835103996317837,0.010514793391814374,1.9013214280335335e-07,0.0003826632470866774,2.158853555439452e-06,7.385305009305429e-07,2.0849705350370906e-06,0.00353342384998367,3.788274402794021e-05,8.596803162092088e-06,0.000651823703271196,8.269403731028125e-05,0.00039503769186746365,2.034604786999896e-07,1.5488715290484916e-07
68,6.221161592808942e-05,3.6548886119187447e-06,6.234291682840569e-06,0.0003065239258014595,0.000133364225679285,0.00013078553072911375,9.439192194263848e-05,0.00013235471248568642,1.4088659731196912e-07,7.558376568543795e-08,0.9839065492625149,0.01015051433311081,1.8747571849665638e-07,0.0003261047022448404,2.0758384093871296e-06,6.307241081106638e-07,2.3637977959240218e-06,0.003595023127418824,4.119426768822869e-05,7.820847166183388e-06,0.0006783356567808208,8.578522551599053e-05,0.0003332992093236326,2.2794096034438766e-07,1.5000801992756653e-07
69,6.459008216388597e-05,3.8469388110679895e-06,7.0108441153860724e-06,0.0003374830003652206,0.0001368463159033192,0.0001302895373250434,0.00010099772069223912,0.0001495086312531011,1.5630206728063628e-07,8.364824068167242e-08,0.983468280773419,0.010382662014656364,2.031894182523968e-07,0.00033183928469202435,2.0988016243886616e-06,6.828701347755117e-07,2.4822010814027846e-06,0.0037022298815373965,4.3358575185878e-05,8.98148920060317e-06,0.0007059893064518712,8.600740749926287e-05,0.0003339549343679514,2.5120902428155665e-07,1.6504076918659758e-07
70,6.917928873548327e-05,3.923060088216309e-06,7.957901772988776e-06,0.00034233727936456204,0.00015634337559317974,0.00015423778660919916,9.942088683127291e-05,0.00011624062394375079,1.4494652438671035e-07,7.679710795912174e-08,0.981279687200866,0.01243145394719434,2.2344593601625706e-07,0.00047276883983000376,2.047583772646826e-06,7.366860864844587e-07,2.212679811015575e-06,0.003689230310384694,4.1321489878631895e-05,8.748024744651137e-06,0.0006720132150835541,8.68834852991328e-05,0.00036242458781625923,2.1164609329453758e-07,1.749106321876275e-07
