,0,1,2,3,4,5,6,7,8,9,10,11,12,13,14,15,16,17,18,19,20,21,22,23,24
0,7.169992108302128e-05,1.5553963206498413e-06,9.569645111726358e-06,0.0001429054922050712,6.276132761861623e-05,0.0001630098305377657,0.00011573460974095143,0.00011789965063009126,5.951420581134047e-07,5.50495056024925e-08,0.9909826438433459,0.006418794450419924,1.0698833447794231e-07,0.0001395486177261624,2.98183519917012e-06,1.081495759397369e-06,9.241121409002705e-07,0.0011496322746005134,6.765550347748388e-05,9.647042780124059e-06,0.0004080514846917317,3.313098544861858e-05,9.973461600839911e-05,1.1965562810634546e-07,1.6102962783750748e-07
1,6.764930718236696e-05,1.5082631898969514e-06,1.4177677619820347e-05,0.00013345301858673207,7.80340932468358e-05,0.0002434202891020309,0.00014850322869887882,0.0001704252809822466,1.5829496577562022e-06,9.307799386759035e-08,0.9915290267026536,0.0059714206839158995,1.090357564846486e-07,0.00014743229331153995,4.80788139461253e-06,2.2555748023130896e-06,7.512028783216683e-07,0.0007137634027217086,0.00014589081305461124,1.3117135280607664e-05,0.0005023323094461644,3.5296044128702126e-05,7.466107810715695e-05,1.0393617330303111e-07,1.847201148018022e-07
2,7.311469698929426e-05,1.4295205634817083e-06,7.581407352574319e-06,0.00013206994275436127,5.239367437316888e-05,0.00018570864090725484,0.00013893826979820276,0.00012076565364702918,5.625866337588729e-07,4.6808358024036935e-08,0.9910886063578412,0.006370824751245917,8.924226567788181e-08,0.00016096793684024102,6.020032475843772e-06,1.6851829534955419e-06,1.157058354480621e-06,0.0008747652407811264,8.167886381914212e-05,1.1699784912430368e-05,0.0004563135132304177,4.960615349174056e-05,0.0001836873022451304,1.0168613667029103e-07,1.8569202967030584e-07
3,7.189761111672058e-05,1.5801587088215856e-06,9.510618839122175e-06,0.00014589250231553412,6.303582949286988e-05,0.00016223079256665434,0.0001156790577036956,0.0001187981668602554,5.878131281522733e-07,5.568672521184313e-08,0.9909046269560005,0.006459759449973399,1.0686287814581126e-07,0.00014133503090689532,2.992668712109527e-06,1.0820300739941542e-06,9.414822867467191e-07,0.0011686225852903037,6.799994669837232e-05,9.653655999099894e-06,0.00041781479167946994,3.356838096329373e-05,0.00010194287511729034,1.2049627708632787e-07,1.6454968642356147e-07
4,7.198908155260468e-05,1.8927966651946579e-06,1.1461049312685692e-05,0.00015411493831769902,7.935158816058322e-05,0.00018751291468721616,0.00012225915197289734,0.00010658135109530072,6.484103422375896e-07,6.15524212442981e-08,0.990596168062913,0.006725046852750122,1.513332221834285e-07,0.00018475869290818917,3.0677881586502622e-06,1.0891038422579326e-06,9.046732748940689e-07,0.0011589833664999987,6.538167672098539e-05,9.852250151950811e-06,0.0003820956472761259,3.346391205211376e-05,0.00010287673839151942,1.300384630405562e-07,1.570288471906239e-07
5,6.583119601998235e-05,1.9087339224622374e-06,8.641956646059592e-06,0.00021849907004282162,6.993488883334148e-05,0.00016551852455771418,0.00011560727760154328,0.00013370463184217833,4.826708939035541e-07,7.336547125820411e-08,0.9906530106718658,0.005896416555740232,1.2322898564091206e-07,0.00014838797159336247,2.3623847789920137e-06,9.982028754325897e-07,1.0313982310422392e-06,0.001780899502004009,5.7644575163467444e-05,1.0869585605303226e-05,0.0005042574022597915,3.229594727755611e-05,0.0001311620138406484,1.537577880937119e-07,1.844861591139302e-07
6,7.189761111672058e-05,1.5801587088215856e-06,9.510618839122175e-06,0.00014589250231553412,6.303582949286988e-05,0.00016223079256665434,0.0001156790577036956,0.0001187981668602554,5.878131281522733e-07,5.568672521184313e-08,0.9909046269560005,0.006459759449973399,1.0686287814581126e-07,0.00014133503090689532,2.992668712109527e-06,1.0820300739941542e-06,9.414822867467191e-07,0.0011686225852903037,6.799994669837232e-05,9.653655999099894e-06,0.00041781479167946994,3.356838096329373e-05,0.00010194287511729034,1.2049627708632787e-07,1.6454968642356147e-07
7,7.206923254548487e-05,1.574942813120696e-06,9.498861264315032e-06,0.00014744421980023985,6.415126643725609e-05,0.00016519110066914655,0.00011568019649915273,0.00011995797882211366,5.88802094280202e-07,5.652158985465189e-08,0.9907955133584698,0.006539376739951659,1.053703310917654e-07,0.00014349877336428257,3.0463263025985244e-06,1.1109585854458066e-06,9.495202459420477e-07,0.0011732200804107772,6.938077082897319e-05,9.648993501832826e-06,0.00042933811415407473,3.414316801754935e-05,0.00010416740569996061,1.199429304182503e-07,1.673546705933989e-07
8,0.00015431247653439038,3.198022358163271e-06,3.148349794677723e-05,0.0006831226128224489,0.00014446137044641543,0.00017531271872091233,0.00027746884705574294,0.0003503826365118842,9.248117283636227e-07,1.5211264990911483e-07,0.9818944405192248,0.012538326168443576,3.0680179929893564e-07,0.0004483682498601185,3.88793769686577e-06,2.634347145265115e-06,2.2797474217415603e-06,0.001958140878586302,0.00010667771428312826,2.634335045610148e-05,0.0008601978899562489,4.5805257355391195e-05,0.00029078853164826957,3.8264368244352636e-07,6.008556655163717e-07
9,0.00011799015454950153,3.883773644238831e-06,4.760078054004284e-05,0.0005709219799555192,0.0001236564173840597,0.00011184399549175715,0.00025073784924982824,0.0002843439700332206,1.4187122518694678e-06,1.1843458906369264e-07,0.9873930329036604,0.008535035294139732,5.358955620382857e-07,0.00029173113889427097,2.387248207826494e-06,1.093225364551544e-06,1.448628589183781e-06,0.0016469866322466789,6.171056681840936e-05,2.7275371767723996e-05,0.00040017612037078325,2.2572325269028387e-05,0.00010253338829726746,5.17176447768566e-07,4.480166749007133e-07
10,7.189761111672058e-05,1.5801587088215856e-06,9.510618839122175e-06,0.00014589250231553412,6.303582949286988e-05,0.00016223079256665434,0.0001156790577036956,0.0001187981668602554,5.878131281522733e-07,5.568672521184313e-08,0.9909046269560005,0.006459759449973399,1.0686287814581126e-07,0.00014133503090689532,2.992668712109527e-06,1.0820300739941542e-06,9.414822867467191e-07,0.0011686225852903037,6.799994669837232e-05,9.653655999099894e-06,0.00041781479167946994,3.356838096329373e-05,0.00010194287511729034,1.2049627708632787e-07,1.6454968642356147e-07
11,7.386743727239366e-05,1.7280173614209053e-06,9.958363940326186e-06,0.00015020909318817134,6.376642188616886e-05,0.00016169897259672315,0.00012030481211836522,0.00011794045863358512,6.032568863772103e-07,5.748630549218222e-08,0.9907980909167269,0.006521793761071437,1.2864062056995536e-07,0.00014757112419903814,2.9010472291291784e-06,1.0375200935624339e-06,9.704679895164348e-07,0.0012277986493520157,6.467066051887499e-05,1.0262257439017259e-05,0.000388735551761534,3.3685010617297514e-05,0.00010192753619616588,1.3060862184818637e-07,1.6192737416695384e-07
12,0.0001016580751451961,4.403378488428206e-06,6.318081165813857e-06,0.000477893719736807,0.00031002635335416497,0.0004046680067424208,9.954750678672077e-05,6.407282963316977e-05,6.361420542066289e-08,1.1320998489846084e-07,0.960635135634525,0.026001022987390224,2.1954318464521973e-07,0.0013326707772829969,2.8240173495583676e-06,1.7451442764366924e-06,3.2375818485967135e-06,0.007658404935936433,4.528304831308221e-05,6.543056089260115e-06,0.0014072178384967426,0.00015732016878397266,0.00127911620377916,1.938194983282014e-07,3.0046800286426525e-07
13,8.83937951051206e-05,3.9017341919336525e-06,1.142921422930424e-05,0.0006211611626171501,0.00013746830571309158,0.0004964711805282168,0.0002634816523185463,0.00028166531885720784,7.857425673506212e-07,3.9664009078218685e-07,0.9868172905165324,0.004451146265837707,2.791487049923656e-07,0.00020865733294419186,2.702157847840298e-06,3.6221451621019897e-06,1.4001348145539333e-06,0.0052098088629115545,9.725245737307637e-05,3.2189170432385076e-05,0.0008556418499666718,4.923740729387446e-05,0.0003648667213391671,4.3357219566033403e-07,3.175104252109836e-07
14,6.746530791376936e-05,1.6588597136787658e-06,9.42151965456479e-06,0.00014715744223053596,6.495918757404007e-05,0.00016393485171424822,0.00011269437169979963,0.00011831744877314209,5.949173721568891e-07,5.884025362777972e-08,0.99124842796632,0.006117555170931356,1.108051481668017e-07,0.00013903169876039535,2.8789473132471092e-06,1.0442763250421777e-06,9.160759485656761e-07,0.0011806420531181854,6.697185764881622e-05,9.646536560116708e-06,0.000415449561632087,3.298006485047243e-05,9.780387704745953e-05,1.2177837329400527e-07,1.56583123424798e-07
15,7.189761111672058e-05,1.5801587088215856e-06,9.510618839122175e-06,0.00014589250231553412,6.303582949286988e-05,0.00016223079256665434,0.0001156790577036956,0.0001187981668602554,5.878131281522733e-07,5.568672521184313e-08,0.9909046269560005,0.006459759449973399,1.0686287814581126e-07,0.00014133503090689532,2.992668712109527e-06,1.0820300739941542e-06,9.414822867467191e-07,0.0011686225852903037,6.799994669837232e-05,9.653655999099894e-06,0.00041781479167946994,3.356838096329373e-05,0.00010194287511729034,1.2049627708632787e-07,1.6454968642356147e-07
16,7.137709864050838e-05,1.4135941512603023e-06,1.0373664450122077e-05,0.000117998482057237,5.845741296211906e-05,0.0001606710903243622,0.00011115855257809637,0.00010132779736220668,6.511938088757613e-07,4.1503903212643404e-08,0.9917545677608106,0.006044621464442532,1.044781034179541e-07,0.0001301744173085818,3.150029344297784e-06,9.30889524112642e-07,7.984319140146242e-07,0.0009461359949138306,5.807331496411119e-05,9.262939221288168e-06,0.00029853067049934325,3.064203382471563e-05,8.927587363513436e-05,1.116493671439094e-07,1.4966188882050792e-07
17,7.879802524074758e-05,1.790250636339052e-06,1.0304907686917656e-05,0.00019010289710405927,7.135324138659877e-05,0.00016680479086211153,0.00012415116363265378,0.000129107807286114,5.511170935806742e-07,6.310655727858533e-08,0.9895343705361492,0.0073728859287573644,1.268624668507782e-07,0.00017767851520997824,2.789585381886366e-06,1.1234629098363302e-06,1.0517914844782222e-06,0.0014320876523145393,6.718058251908175e-05,1.0677758801813288e-05,0.0004649295550873118,3.571488116680753e-05,0.00012602283891781257,1.3604281104057764e-07,1.966985351790751e-07
18,8.132495499076363e-05,1.67863369308635e-06,9.768287828403747e-06,0.00015205881799990485,6.104660496262253e-05,0.00014850885317364184,0.0001207020236444446,0.00012324418097152894,5.517275576188514e-07,5.556960669055501e-08,0.9899386186703063,0.007221016280457242,1.132936011673065e-07,0.00014460261040324823,2.952562678555532e-06,1.0456918693780643e-06,1.104345189763671e-06,0.0013321185131265822,6.720570500810488e-05,9.717132476938462e-06,0.00043822658634741713,3.636785410213448e-05,0.00010765317723407387,1.3573105793391643e-07,1.8219171225118554e-07
19,6.670937199197481e-05,2.4009190546487587e-06,2.1939860106280826e-05,0.00020654279695072749,0.0001415074607499338,0.00019750475749304665,0.0001154883255534288,0.00015738445907619204,1.168900378807541e-06,9.141839896662288e-08,0.9873631071641521,0.009825621545075327,2.390001245245234e-07,0.0002551978402713572,3.0489614148799503e-06,1.075753984582051e-06,1.0030632182290718e-06,0.0010398119894381042,8.379530469221591e-05,1.2626294122302933e-05,0.0003933524755945119,3.968167698591311e-05,7.035856002028087e-05,1.4782113790640316e-07,1.9428001359477516e-07
20,6.66445384961738e-05,6.588790678671417e-07,6.765423486366199e-06,8.116500089922254e-05,2.6193539260114503e-05,0.0002070718723899791,0.00010438714020284788,1.8532766833263522e-05,2.5259610884678857e-07,1.9927563263057872e-08,0.9945784891536762,0.003543057299441686,7.280632876456075e-08,0.0001056699705047486,8.812847151863264e-07,7.691991127346423e-07,1.7135323650362387e-07,0.0010258700496936556,1.954723722340823e-05,5.3380580659869285e-06,0.00014491290736269434,4.819678965389255e-06,5.8562977012513725e-05,5.2576001151506173e-08,9.376435143884e-08
21,0.00010065665778651979,1.4210319989820698e-06,1.2814348961375209e-05,0.00019344135043891715,6.469359444861907e-05,0.00019405566154275682,0.00017465593128636493,9.69630465823178e-05,4.209415920440253e-07,6.35575970480508e-08,0.9857286653974244,0.011036281675193787,1.952391627419672e-07,0.0002197373030338069,2.0909728275738104e-06,1.7306915878347036e-06,8.530779087784015e-07,0.0015424950317741157,5.414909028072689e-05,1.3943131524322681e-05,0.0004016561414920672,2.4748973824219696e-05,0.00013396164318006486,1.3771658298011726e-07,1.677919674569542e-07
22,6.741342391214695e-05,4.127769046265402e-06,1.8745815349926983e-05,0.0003643096430480544,0.00015523765468661592,0.00022002312840019707,0.00022515673172627455,0.00018081459501765294,2.2830453064590692e-06,1.264553686331067e-07,0.9908383042009438,0.006222905899652797,3.5262423683121006e-07,0.0003403336514512775,6.3423889752154386e-06,1.023289395880444e-06,6.999831802811739e-07,0.0006964711854111141,0.00013971609999511005,1.2239331740244447e-05,0.00034841933876731567,3.354852744416828e-05,0.00012082265818164883,1.8485638222110618e-07,3.9770237998757866e-07
23,7.189761111672058e-05,1.5801587088215856e-06,9.510618839122175e-06,0.00014589250231553412,6.303582949286988e-05,0.00016223079256665434,0.0001156790577036956,0.0001187981668602554,5.878131281522733e-07,5.568672521184313e-08,0.9909046269560005,0.006459759449973399,1.0686287814581126e-07,0.00014133503090689532,2.992668712109527e-06,1.0820300739941542e-06,9.414822867467191e-07,0.0011686225852903037,6.799994669837232e-05,9.653655999099894e-06,0.00041781479167946994,3.356838096329373e-05,0.00010194287511729034,1.2049627708632787e-07,1.6454968642356147e-07
24,6.24515956771986e-05,2.9315894739437923e-06,1.1583283950786402e-05,0.0003393530543456582,0.0001207576382941822,0.00022059726745797558,0.00012222571109392143,0.00013859115549251478,5.798803590928499e-07,1.0852473312427592e-07,0.988503040997678,0.007538879862888158,2.108792308998925e-07,0.0003174022880106499,2.218938087650476e-06,1.1527767553943886e-06,8.792222914973391e-07,0.001802938485252387,7.830931039260631e-05,1.3541980042755798e-05,0.0005491691029918772,3.679263839468536e-05,0.00013593471897184963,1.2972019160302674e-07,2.193779415036163e-07
25,5.7362502403553625e-05,2.446800194177426e-06,1.3602087581733682e-05,8.836971908052214e-05,0.0002517118074076134,0.0019435433938875199,7.317030748007265e-05,2.3391917548460964e-05,1.4397311166573359e-06,1.2799346047421952e-07,0.9879240939999371,0.007049006557361833,9.142339852121153e-08,0.0005123006447757567,1.2236003387529767e-05,4.51536327425432e-06,4.897302813144924e-07,0.000964630223013754,0.0001096957141612349,5.083891193648645e-06,0.000719781792604105,5.579578660493632e-05,0.00018677315435568608,5.364988404562135e-08,2.858056053803954e-07
26,0.00015032594743521493,1.9568187652586646e-06,1.3332749906271073e-05,0.00014161575412968328,4.048190018803098e-05,7.520872234838318e-05,0.00015124460283737635,0.0001569307240396481,5.291903207214382e-07,4.440488232340803e-08,0.9896560025729818,0.006684604094365753,1.813708206534977e-07,6.752556408082005e-05,2.1370975704528197e-06,5.61002251408617e-07,2.22600100593849e-06,0.002404388235931338,3.511990241308636e-05,1.027932522867775e-05,0.0002856846821770415,3.087927792797362e-05,8.80937023522517e-05,4.592359060608916e-07,1.8712013391736427e-07
27,7.609637325641887e-05,1.4835852251846408e-06,1.0414559430735906e-05,0.00013311086993127147,5.727296019000705e-05,0.00018411898250084936,0.00012590069334237684,0.0001850692334927634,1.1920306037622127e-06,6.498110459469803e-08,0.9916886756681803,0.005774597999010169,8.662965526228495e-08,0.00010717179436439064,5.540797035992192e-06,1.5075453519710613e-06,1.145821818029883e-06,0.0009216321155603159,0.00010882976605038256,1.3053711021987507e-05,0.00045617070100923253,4.768506066679366e-05,9.881519439466983e-05,1.2549800068851113e-07,2.3742880173757177e-07
28,7.189761111672058e-05,1.5801587088215856e-06,9.510618839122175e-06,0.00014589250231553412,6.303582949286988e-05,0.00016223079256665434,0.0001156790577036956,0.0001187981668602554,5.878131281522733e-07,5.568672521184313e-08,0.9909046269560005,0.006459759449973399,1.0686287814581126e-07,0.00014133503090689532,2.992668712109527e-06,1.0820300739941542e-06,9.414822867467191e-07,0.0011686225852903037,6.799994669837232e-05,9.653655999099894e-06,0.00041781479167946994,3.356838096329373e-05,0.00010194287511729034,1.2049627708632787e-07,1.6454968642356147e-07
29,7.189761111672058e-05,1.5801587088215856e-06,9.510618839122175e-06,0.00014589250231553412,6.303582949286988e-05,0.00016223079256665434,0.0001156790577036956,0.0001187981668602554,5.878131281522733e-07,5.568672521184313e-08,0.9909046269560005,0.006459759449973399,1.0686287814581126e-07,0.00014133503090689532,2.992668712109527e-06,1.0820300739941542e-06,9.414822867467191e-07,0.0011686225852903037,6.799994669837232e-05,9.653655999099894e-06,0.00041781479167946994,3.356838096329373e-05,0.00010194287511729034,1.2049627708632787e-07,1.6454968642356147e-07
30,7.189761111672058e-05,1.5801587088215856e-06,9.510618839122175e-06,0.00014589250231553412,6.303582949286988e-05,0.00016223079256665434,0.0001156790577036956,0.0001187981668602554,5.878131281522733e-07,5.568672521184313e-08,0.9909046269560005,0.006459759449973399,1.0686287814581126e-07,0.00014133503090689532,2.992668712109527e-06,1.0820300739941542e-06,9.414822867467191e-07,0.0011686225852903037,6.799994669837232e-05,9.653655999099894e-06,0.00041781479167946994,3.356838096329373e-05,0.00010194287511729034,1.2049627708632787e-07,1.6454968642356147e-07
31,0.00013334123577487722,4.253978591609922e-06,2.817573530998297e-05,0.0004456092592440497,0.00015160026110107883,0.0001407970468068994,0.0001919924605967265,0.0003908794823841626,9.698031588686457e-07,1.5753027159986695e-07,0.9829013654574125,0.011588172510275897,3.623982655763341e-07,0.000271262061711176,2.3550682336056963e-06,1.3222124734294964e-06,2.1705396248949386e-06,0.002796295752845744,0.00010178063002997127,2.2497739335129724e-05,0.0006446172998833502,5.312267962728907e-05,0.00012610412107662958,4.5424046611367343e-07,3.4049549874228026e-07
32,7.452258553539621e-05,1.6295311754266369e-06,9.68829764778917e-06,0.0001377375487665565,6.583683576585841e-05,0.00017395991389180756,0.00011861567294269473,0.0001296531359272458,6.990377727929918e-07,6.031334588215137e-08,0.9908298319643494,0.006520866155215467,1.0187129912843661e-07,0.00014395429835523243,3.5981349051177924e-06,1.2338368701678238e-06,9.941890829093044e-07,0.0010940985378156745,8.471402268146306e-05,9.680158109604396e-06,0.0004590271059790571,3.877575201246995e-05,0.00010043004187664221,1.1697666454003467e-07,1.7408201136356753e-07
33,8.803948086130854e-05,2.8659998911831585e-06,9.204208022139558e-06,0.00018408906869151438,9.311336946253908e-05,0.00017206256181855767,0.00012980078432521874,0.0001456460346832794,4.3962718456270196e-07,7.566100059814706e-08,0.9876704080507833,0.00870247031027349,1.8461316785558053e-07,0.00022922874579204514,3.1003638430253206e-06,1.145440789241524e-06,1.5723371842449867e-06,0.0017876028402248076,8.44858043555349e-05,1.1846437790777117e-05,0.00045993422557538466,7.223696185110117e-05,0.0001501372034737614,1.5797542722065478e-07,1.5189352725841977e-07
34,5.7653072337621616e-05,1.8669324186187969e-06,7.2712953955557795e-06,0.00024265839737447448,7.684171776200523e-05,0.00015130849326942897,0.00011142807864608712,0.00011859419192995756,2.355298941554e-07,6.57976237322179e-08,0.9887076795615297,0.007636470576809984,1.2099566820084397e-07,0.00019275653871819056,2.1003609477005083e-06,1.0765838714880992e-06,1.201123971755636e-06,0.0018621949423310979,4.651891416504614e-05,1.1272020610744509e-05,0.0005337208324003917,3.979914837632183e-05,0.00019686815194575407,1.4022701782684583e-07,1.5651498418546953e-07
35,0.0001388422825873979,2.196259362286639e-06,1.243488636980488e-05,0.00021886341946128384,5.457115842756231e-05,0.00010235619916676847,0.00014881387873190953,0.00031192277964266554,1.0936358206261125e-06,9.123204720907333e-08,0.9868825672045082,0.008853545481078858,1.5703165241740937e-07,9.478272714622671e-05,2.5056205363668052e-06,8.39274305683173e-07,2.0267012795564995e-06,0.0024045620703222106,0.00010921977836048262,1.3594355070963185e-05,0.0005261154347350852,4.758021853967441e-05,7.071801454828893e-05,2.675356112002126e-07,3.328206872983195e-07
36,0.00028611803231303677,3.7229955964927854e-06,4.436509966930946e-05,0.00025327425358459516,0.00022590260699947065,0.00017736313351031577,0.0001824542089223194,0.00048410459528452665,2.278827609312383e-06,1.4224252483280531e-07,0.9480653684197515,0.04674979903106499,3.108015242397339e-07,0.00050595872064756,9.94565140902603e-06,2.727918765399263e-06,5.743690803536383e-06,0.0012564160846715343,0.00035518185821869613,1.5586890407937177e-05,0.001080058253723402,0.00017143143777487415,0.00012076713444133233,2.7470123962191445e-07,7.034095421734611e-07
37,8.259311826825478e-05,1.5924634393184999e-06,9.900501532257458e-06,0.00014395680567877393,5.9881095475653586e-05,0.00015031969553912534,0.00012197516874295152,0.00011272769918482898,5.335496856788661e-07,5.060675869488371e-08,0.9904150550798743,0.00690286176887238,1.1148722563137723e-07,0.0001480569809891419,2.7539757496051574e-06,1.0443082035004104e-06,9.613910550104298e-07,0.0012409615016395206,6.546828953300359e-05,9.472490578194328e-06,0.0003958410926825338,3.267087942139009e-05,0.00010091907281333835,1.2527119949170897e-07,1.6570585782868807e-07
38,5.745275873195121e-05,4.96431963713681e-07,3.5777243444615888e-06,3.3154381973436186e-05,2.082756985571612e-05,0.00020187471651154484,0.0001261964949200641,3.002995625572454e-05,2.841020029577051e-07,1.7825482915768732e-08,0.9953043030308684,0.0032404895789667027,3.567259463418827e-08,6.62705741485219e-05,3.614704946361905e-06,1.426558639279022e-06,3.395100493003107e-07,0.000534495183623111,4.45017578036659e-05,4.336741709855899e-06,0.00021736338267163314,1.6779592111120076e-05,9.203225063354392e-05,4.566474662017692e-08,5.3834444703587845e-08
39,7.268663798902674e-05,1.4565895993025682e-06,1.0299069380672933e-05,0.0001647236699117427,7.20024473164799e-05,0.00018317202918608763,0.00012186372625072804,0.0001449113827649236,6.704334598992446e-07,6.644593635976959e-08,0.9901023416511585,0.0070594680841628375,9.969175530791215e-08,0.00014860820185193504,3.29188549725921e-06,1.4096843548481583e-06,9.651645878764405e-07,0.0011550120618550833,8.32542899584651e-05,1.0679499425900877e-05,0.0005196010473636738,3.444148468233918e-05,0.00010866548034046485,1.216767227605749e-07,1.8766448746044576e-07
40,0.00014982036991324364,1.7511574206118483e-06,1.1179815636808232e-05,7.075346765057887e-05,6.689121011810887e-05,0.0001490778872250292,0.00010521065894808759,6.464373199905658e-05,4.868630528331242e-07,2.525346895833539e-08,0.9857544292518355,0.011785985695706984,8.682245631611399e-08,0.0002759547215698776,4.398001356663235e-06,9.887181105306932e-07,1.1438927805658905e-06,0.0009285753342051033,0.00010517403616353145,4.926143868485202e-06,0.00037283973866729543,6.254162865452982e-05,8.286486828723875e-05,7.430442730701343e-08,1.7642647671055852e-07
41,5.728150275313603e-05,2.0335702542436797e-06,2.2390298084065116e-05,0.00018754935581910475,0.00015362692552103218,0.00030349403779929046,0.00011645406634223583,0.0001564314995673444,2.168894678500312e-06,1.0166591788483163e-07,0.9919647723070034,0.0054318539569011785,1.3665673848438676e-07,0.00022113410669477503,5.93103626006911e-06,1.7779494392826784e-06,6.957382863994e-07,0.0006335040785621628,0.00012089675461587668,1.131633433296788e-05,0.0005007137584811783,3.0083354004788845e-05,7.527859170366391e-05,1.270462152927062e-07,2.465140236347834e-07
42,5.1793610606742316e-05,2.2328185815802104e-06,1.2979713249057615e-05,0.00022735190793914516,6.87589369486208e-05,0.000165408162407946,0.00010193008296067888,1.0938976862666256e-05,2.566553992479914e-07,2.4664831226743228e-08,0.9929061588862089,0.003981404042195503,4.7620790173770874e-07,0.0003207106488243376,4.864166167117109e-07,1.412682608984849e-07,1.6070262970141164e-07,0.0019971054068183675,6.451149831793709e-06,3.4524376995591386e-06,7.981791812626234e-05,2.8060888375167585e-06,5.888109841517169e-05,1.3313585040948402e-07,1.3906199610359776e-07
43,3.298778105569216e-05,1.7056517561910866e-06,6.0650973078334e-06,0.00023557882767584123,0.00016535691760398004,0.00039307216513425345,9.549847406420553e-05,0.000320780847421488,1.1213815390639953e-06,2.808730111787431e-07,0.9905953233151137,0.004556083529216389,5.7087564045920576e-08,0.00011930993458382409,7.641752410906685e-06,3.505388040308361e-06,1.418439577848487e-06,0.0010893269648413603,0.00022131724879629976,9.788109148004415e-06,0.0019002442564805759,6.733909246588441e-05,0.00017585430812104224,1.304610409517795e-07,2.120960291616805e-07
44,7.189761111672058e-05,1.5801587088215856e-06,9.510618839122175e-06,0.00014589250231553412,6.303582949286988e-05,0.00016223079256665434,0.0001156790577036956,0.0001187981668602554,5.878131281522733e-07,5.568672521184313e-08,0.9909046269560005,0.006459759449973399,1.0686287814581126e-07,0.00014133503090689532,2.992668712109527e-06,1.0820300739941542e-06,9.414822867467191e-07,0.0011686225852903037,6.799994669837232e-05,9.653655999099894e-06,0.00041781479167946994,3.356838096329373e-05,0.00010194287511729034,1.2049627708632787e-07,1.6454968642356147e-07
45,7.271708043847744e-05,1.4681154717273284e-06,1.1669579678568192e-05,0.00012410568780364336,6.915809244393265e-05,0.00016101889269254713,0.0001362896500351639,0.00015549802431724424,8.517768935818098e-07,5.6990725212664204e-08,0.991482048382562,0.006265832899355285,1.2374411317974914e-07,0.0001252062567983229,3.778643274808378e-06,1.2051525145675456e-06,9.58053969309539e-07,0.0008319071303324747,8.143867537961358e-05,1.0822567147861255e-05,0.00034163772327429684,3.578768144042353e-05,8.614983524242606e-05,1.3626082749410906e-07,1.3310326775322446e-07
46,9.561209473416862e-05,1.894807184713106e-06,1.0027175929915043e-05,0.00017072208281845082,6.31230918739511e-05,0.00012262727112712167,0.00012131586209413894,0.00016470745889832482,5.533987539346938e-07,5.947386998571785e-08,0.9887093317352176,0.00819918267803152,1.2663215737502644e-07,0.00012964448755076373,3.3053205923106486e-06,9.90913933325294e-07,1.7434965032157626e-06,0.0014748133835340287,7.136048980129041e-05,1.0539638386978237e-05,0.000486865563223912,4.57432227883948e-05,0.00011531957513572814,1.8250837608029208e-07,2.0763748271824296e-07
47,0.00024944155192186643,1.4936160835024896e-06,9.616279191752027e-06,7.48176868962243e-05,2.827001893971276e-05,8.207258783030467e-05,0.0001744958216118073,0.00011450515196748101,3.53564555426213e-07,3.077605737633869e-08,0.97910624562388,0.01755719470253853,1.1668643952208053e-07,9.932626996250227e-05,3.3401543781279656e-06,1.241342734866385e-06,2.5671618060078557e-06,0.0018661475351959035,8.485730445843826e-05,1.0701050902471026e-05,0.0003687944592356901,7.493740479449628e-05,8.904656018057779e-05,1.8086860514064924e-07,2.0581983221159672e-07
48,0.00014832101363063954,4.79708509730039e-06,7.183861850115767e-06,0.00020865130575041337,8.113936762766367e-05,0.00010226580247454578,0.00022759493038757952,0.00044435147295428224,5.716050156463907e-07,1.3155086092200236e-07,0.9854113169653229,0.009563862124111311,2.2275163468077256e-07,0.00018497206178759657,6.244181164912196e-06,1.483718327769321e-06,5.438946482142295e-06,0.00211749494325267,0.00023143673379286923,1.3533019791090778e-05,0.0008359852261552476,0.00019004136108758074,0.0002124349960676021,3.2702026343598583e-07,1.9795510893020697e-07
49,6.63796871877751e-05,1.4586664230024202e-06,9.94209952552934e-06,0.0001340577387758185,7.514674153198327e-05,0.00021242046349331995,0.00010257296562016839,0.00010037386425303314,5.675856933878569e-07,5.378120733806326e-08,0.9885079280913538,0.008847629523230573,1.127726244714316e-07,0.00018295598889371065,3.121093495852185e-06,1.2506527177137676e-06,8.442610408448266e-07,0.0011263729032641096,7.043229516441939e-05,1.0424805897471224e-05,0.00040183749112901527,4.1108174903733004e-05,0.00010276167066642797,8.830710504805053e-08,1.5837480149711377e-07
50,9.640577878167448e-05,2.924848141358676e-06,1.765330395315842e-05,0.00025323560371799176,0.00011808479243360875,0.0002652695986388294,0.0003405915269795318,0.00027319073631721584,1.558635147066653e-06,1.8834184875515987e-07,0.9901764379689025,0.0060595408031179614,2.2985310572198044e-07,0.0003138138988615226,4.195045838524226e-06,3.312554787531738e-06,8.869115837551578e-07,0.0010802450522061516,0.00026331863177714624,2.006647269791261e-05,0.0005305437917811865,5.705349018116418e-05,0.00012086681868542673,1.687447551888033e-07,2.167957593177189e-07
51,7.718524882505893e-05,1.3701268176312289e-06,1.1220219126284581e-05,0.00011436147745421662,6.699407727258284e-05,0.0002039763167625239,0.0001156205214127331,0.00011207243962248233,7.713565433391685e-07,5.345634205255292e-08,0.990868856785255,0.006768568946682822,9.112639931949164e-08,0.000133924351001614,4.485853303587668e-06,1.5894492281842286e-06,9.859898488249222e-07,0.00086960964433254,7.817877783369116e-05,1.0065262669683179e-05,0.0004177917165904206,3.700812284669916e-05,0.00010492087535685641,1.161566031620828e-07,1.817018689232565e-07
52,8.265697907519576e-05,1.8598512816391928e-06,1.2438482311542628e-05,0.0001737914048759335,8.228658635036571e-05,0.0001459551053209967,0.00012104372563442082,0.00016706286178217453,7.148862154480327e-07,6.558612785065948e-08,0.9888075546286736,0.008365320830179313,1.1304200545734136e-07,0.00017603039629753258,3.5815191200468115e-06,1.210637362840924e-06,1.2465640771122413e-06,0.0010685216382226592,9.553143299468953e-05,1.0081766673079686e-05,0.000537926883082954,4.241949275285668e-05,0.00010223819899429597,1.3577335487555919e-07,2.1172723309137646e-07
53,4.8293138859013684e-05,5.762127662744878e-07,3.7290861830711207e-06,5.609154505388956e-05,8.658680388201159e-06,0.00010329089650403864,0.00019259825000295688,4.667653322053217e-05,3.364066745117976e-07,1.7433761009334934e-08,0.9968627695502401,0.0017322413142263399,5.1920724498243385e-08,3.6619870551790936e-05,2.594655019628287e-06,9.717537507098396e-07,3.542733432686708e-07,0.0006183437337632011,2.427399503705794e-05,1.0781881545675102e-05,0.00012827969920153057,1.1433315064722123e-05,0.00011086276983608234,7.957896526933572e-08,7.350531634149312e-08
54,0.00012321108333165378,2.105505110347134e-06,1.7046458734443602e-05,0.00017085131173848178,6.151436459296028e-05,0.0002470691760859,0.0002496738203948389,8.095429735226656e-05,8.208619539678248e-07,7.014307896787882e-08,0.9858742460514295,0.01101515745422812,1.930648259139946e-07,0.0003710596422617715,4.599186808855792e-06,2.8150555402756377e-06,8.060798504556467e-07,0.0010360136953579849,0.0001075063864558332,1.605653135331337e-05,0.000426416459821019,3.940440112102214e-05,0.00015198623562415162,1.0440524985943002e-07,3.183276982107361e-07
55,0.00014252817288803126,1.6008054190442141e-06,1.640095458671727e-05,0.00013757050033127156,3.0806528172983664e-05,8.208367118035437e-05,0.00013101881450367712,0.00011596588025941811,8.844825445290382e-07,3.665849007557323e-08,0.9858103280312104,0.011263459501172388,2.3757978366258736e-07,8.255796527229518e-05,1.4178916919004185e-06,4.5176933526755335e-07,1.0063673619463737e-06,0.0018779726090116908,3.9709679285024804e-05,1.3681217294268047e-05,0.0001926183484096483,1.942864075506733e-05,3.7799567100024216e-05,1.9291446902416896e-07,2.4144947110453114e-07
56,7.53248920415757e-05,1.7705059635215402e-06,1.033316873835889e-05,0.0001504571403869258,6.509450788568331e-05,0.00016180584321982925,0.00012133953903522014,0.0001213695647545778,6.305859249282276e-07,5.8763036098714325e-08,0.9908027837595308,0.006529099971873551,1.3232571153934982e-07,0.00014628460200583504,2.989467642640651e-06,1.0530409329314762e-06,9.958260629303523e-07,0.0012062919176194875,6.61579764137176e-05,1.0431082983092847e-05,0.00039180398067079617,3.365632219240135e-05,9.983695680847171e-05,1.3529954605949075e-07,1.62959018915238e-07
57,0.00012048074207973388,2.812811950765116e-06,3.0937098275610074e-05,0.00023014810161477235,0.00022194869625286797,0.0002361228313018316,0.00012810910010721262,0.00040649233303076247,2.07942382000091e-06,1.815426678673676e-07,0.9715692886417456,0.023958330679305254,2.082909996184791e-07,0.00030660035190347985,6.7491347142838355e-06,2.804803109175288e-06,2.8809056827740694e-06,0.0011547565707002083,0.0002795522344495835,1.659741360542429e-05,0.001129077375485692,0.00010966676886196761,8.359340504947252e-05,1.8951035320694176e-07,3.912329327299568e-07
58,7.869087068184965e-05,1.8450195426454961e-06,1.0132305650263397e-05,0.00014958541697762795,6.378362293871993e-05,0.00014133602497834623,0.00012242541429296312,0.00013416807782453498,5.925626722856607e-07,5.97514083657448e-08,0.9907388798117096,0.006438311564271784,1.2347376194012792e-07,0.00012945371761912764,3.0943957800999096e-06,9.7552887471745e-07,1.222715641234811e-06,0.0013368410575822168,6.413520986251161e-05,9.581532146478838e-06,0.0004314426952305848,3.6634921234919094e-05,0.0001063473737920101,1.669037232498708e-07,1.700318022345639e-07
59,8.519066748411682e-05,1.743265591087798e-06,1.247446730954448e-05,0.0001504154317379468,6.174913616537492e-05,0.0001374131814615903,0.00013331464822464954,0.00014095662193395632,6.421875192600681e-07,5.909293687739684e-08,0.9905108434386921,0.0066320983691430585,1.288975701728611e-07,0.00012319900731375783,2.991170539235076e-06,1.0752393196980222e-06,1.2141916565536984e-06,0.001382862091421918,5.9767928288189846e-05,1.1017420876110894e-05,0.00041582758560299493,3.339963616916278e-05,0.00010124126815950148,1.945351843587829e-07,1.8051969875373144e-07
60,7.189761111672058e-05,1.5801587088215856e-06,9.510618839122175e-06,0.00014589250231553412,6.303582949286988e-05,0.00016223079256665434,0.0001156790577036956,0.0001187981668602554,5.878131281522733e-07,5.568672521184313e-08,0.9909046269560005,0.006459759449973399,1.0686287814581126e-07,0.00014133503090689532,2.992668712109527e-06,1.0820300739941542e-06,9.414822867467191e-07,0.0011686225852903037,6.799994669837232e-05,9.653655999099894e-06,0.00041781479167946994,3.356838096329373e-05,0.00010194287511729034,1.2049627708632787e-07,1.6454968642356147e-07
61,7.842298605916186e-05,1.7163400842750588e-06,1.2431550129707554e-05,0.00013878675834617403,6.369701822097632e-05,0.00013682933225817558,0.00011653511015529109,0.00012906484607022072,6.46333250290889e-07,5.4162524832365805e-08,0.9905135653895859,0.006851320641465743,1.2152686471296056e-07,0.00012625899163629296,2.9363157093433917e-06,9.734728498671269e-07,1.124454267110257e-06,0.0012364097735901827,5.976181706010351e-05,1.0203149611428644e-05,0.00039739492197406765,3.3310013371363917e-05,8.809978539278668e-05,1.637149475963639e-07,1.7159457455952465e-07
62,7.189761111672058e-05,1.5801587088215856e-06,9.510618839122175e-06,0.00014589250231553412,6.303582949286988e-05,0.00016223079256665434,0.0001156790577036956,0.0001187981668602554,5.878131281522733e-07,5.568672521184313e-08,0.9909046269560005,0.006459759449973399,1.0686287814581126e-07,0.00014133503090689532,2.992668712109527e-06,1.0820300739941542e-06,9.414822867467191e-07,0.0011686225852903037,6.799994669837232e-05,9.653655999099894e-06,0.00041781479167946994,3.356838096329373e-05,0.00010194287511729034,1.2049627708632787e-07,1.6454968642356147e-07
63,7.156395268626442e-05,1.7636842442854916e-06,9.120936493426573e-06,0.00013610836922715524,5.670846175102164e-05,0.00014703542803350857,0.00011393867395084352,0.00011362871729183478,5.867935227741653e-07,5.348238065538009e-08,0.9915883710678454,0.005842318775400495,1.1363004758983316e-07,0.00012715991459635544,2.9859865853265285e-06,9.420773297750473e-07,9.903198835906586e-07,0.0011981043458436109,6.334558287765948e-05,9.596573931975781e-06,0.00038524321175989706,3.4102056187358436e-05,9.592913776900756e-05,1.3006783483066097e-07,1.587525256249634e-07
64,6.48478003311649e-05,1.5759915976253836e-06,8.073723787310643e-06,0.00014735478796208036,6.727500156828146e-05,0.0001578654497292856,0.0001009041145130674,0.00012463026703386093,5.46477867056012e-07,6.273622921196846e-08,0.990839398064371,0.006284440291590849,7.902450167164794e-08,0.00013080325063989282,3.4289335475409865e-06,1.1294431103281567e-06,1.0450631402396678e-06,0.001194491121046171,7.905561338046908e-05,7.56082604435028e-06,0.0006453956286008522,3.397174842549328e-05,0.00010576173812419251,1.1941893245650934e-07,1.8348392544229985e-07
65,6.992293380719358e-05,1.5589516603726301e-06,9.373372470683042e-06,0.00015097828225845247,6.713258402712288e-05,0.00017528415287196828,0.00011312414708774836,0.00011458161126216136,5.630556470323285e-07,5.783198974483752e-08,0.9905742744594684,0.006697483620305837,1.0472621667152069e-07,0.00015206298870209172,2.969916777783455e-06,1.1417149771947638e-06,9.137580929451438e-07,0.0012058963461975814,6.860238115653939e-05,9.523393769273775e-06,0.0004434504836201004,3.38010850471513e-05,0.00010691618977375172,1.1471780726810787e-07,1.6729500478572923e-07
66,5.852442018039537e-05,1.044381653880175e-06,2.713337740675614e-06,5.687398831152544e-05,2.3067084607055196e-05,3.9428332835643563e-05,3.528219404258428e-05,3.244871496614279e-05,8.123462860701446e-08,7.098346540308219e-09,0.9940976647480562,0.0037465035768210024,2.1952409292879987e-08,4.4566252866123954e-05,2.9166891581902913e-06,1.2263231055068047e-07,1.631801594025729e-06,0.0013343880737122496,1.037388936682125e-05,1.222536147297469e-06,0.000358293989703464,2.0539363069648474e-05,0.00013202546422626254,1.420978044233056e-07,1.1614544107258956e-07
67,6.968074220951233e-05,1.4595582668001916e-06,9.275216687492995e-06,0.00014497782208663498,5.900916611745372e-05,0.00018388256772455214,0.00012006402460458972,9.734515586128752e-05,5.151100317313794e-07,5.0516430156528544e-08,0.9907901195650983,0.006570620896552534,1.0541478186302512e-07,0.00015821443920501174,3.040980808925646e-06,1.2170380659292941e-06,8.283613389550893e-07,0.0011714271314017877,5.9455489142715826e-05,1.0393574460618818e-05,0.0003953842177196529,3.168340110115441e-05,0.00012097429838686743,1.0738688575269496e-07,1.6792502967847192e-07
68,7.111423647490778e-05,1.5465155740115433e-06,9.105972654471042e-06,0.00014318981024071998,6.01452128940296e-05,0.00015950839500804224,0.00011392990120887441,0.00011418283351652282,5.585793591990173e-07,5.361891698273928e-08,0.9910209219040327,0.006352690058561195,1.0421056026059155e-07,0.00013581883292513786,2.930342344424494e-06,1.0483031631046881e-06,9.34432462805789e-07,0.0011913641798106695,6.455283970135164e-05,9.503621700470126e-06,0.0004108992269550654,3.286207736694896e-05,0.00010275241892421228,1.1982510187342575e-07,1.626505420567963e-07
69,7.373609311492221e-05,1.6245553504313917e-06,1.0192196437347559e-05,0.0001570392854777962,6.163936154257593e-05,0.00015890278042070516,0.0001215908907791891,0.00012834025785477167,6.170253718229674e-07,5.90870887027483e-08,0.9907818952387095,0.006493633828619346,1.1257109914830432e-07,0.0001381219999505943,2.961842323239119e-06,1.1312634339047943e-06,9.79467773721773e-07,0.0012255250695524318,6.780556754304065e-05,1.0852782441327792e-05,0.00042701984876560375,3.294691493313262e-05,0.00010296222665947828,1.3154180420390535e-07,1.783029530000393e-07
70,7.874759466982611e-05,1.6552051925835018e-06,1.1471984763394045e-05,0.00015903012096184568,6.988419315007189e-05,0.00018693882061750748,0.00011976839112008141,0.00010029689765732269,5.713198878905526e-07,5.422908356458855e-08,0.9895282194107738,0.007693512794687144,1.2305231753734594e-07,0.00019399999260489534,2.8913589861921838e-06,1.2141781834142602e-06,8.75496994346347e-07,0.0012235686480111946,6.45095120065948e-05,1.0555992046181437e-05,0.0004069281524477198,3.3206519303026674e-05,0.0001116762866328825,1.1151800909131533e-07,1.8832989149516076e-07
