,0,1,2,3,4,5,6,7,8,9,10,11,12,13,14,15,16,17,18,19,20,21,22,23,24
0,0.019125843187708384,2.3816568551281585e-06,0.0007560183569868081,0.05043266749520457,0.003804800869899479,0.0005753546833316809,0.0004257740827037522,0.007310304608625883,0.00012188268498703615,0.004210187118913536,0.1366468977312222,0.00042902357415541115,0.002375076844175336,0.0006487972807573706,0.0002436132894359533,0.1299291574294549,0.005580291538006107,0.6268589693365141,0.007225314536780355,0.002501429505577359,0.0003251088876665817,0.00022506019578115446,0.00021055827423263387,3.439009746784225e-05,1.0967335564579327e-06
1,0.025335143678730267,2.9036041842378002e-06,0.0014136663141047986,0.05841766175596832,0.006143396666673086,0.0007676374024098066,0.0004405987053836186,0.00964336140178031,0.00021747955748222685,0.00682443829200777,0.162022562500927,0.0004261092133901204,0.0032483387260550407,0.0005319459690385933,0.00025370819070155904,0.1849767708564022,0.0061241441846197715,0.516814831415656,0.012670238794818432,0.002873143735552602,0.0003555113842104707,0.00025656095035569114,0.00020364891848507344,3.5135676404408194e-05,1.0621046585718825e-06
2,0.01840147142333603,2.971657809646956e-06,0.0009576210699205203,0.03635090644748497,0.005951328640529893,0.0004132974490505725,0.0003329866736193173,0.008859500264446589,0.0001766740421019175,0.005318435328271166,0.27166379729463486,0.0005298021431857293,0.0021234235201352454,0.0010038342868517187,0.0005350558285249699,0.07454470093357339,0.00441611045479158,0.5581396389565314,0.0056620342655275685,0.003790985518776336,0.0003589789190309529,0.00017587218797064395,0.000263295144735972,2.548582888832446e-05,1.791720270703632e-06
3,0.018752624424780526,2.732559283543491e-06,0.000782286359398305,0.04557452809007581,0.004101265882792537,0.0005944327784032038,0.00044017563485047547,0.006735770134675601,0.00011854035742376989,0.003994137254465831,0.14039077100658764,0.0004708963512159707,0.002178482999953963,0.0007452435036416149,0.0002736531457144481,0.12311282182335279,0.005846707253898562,0.635032660661787,0.007595046366472319,0.0023991181705629717,0.000354652635609638,0.00024649948866840236,0.00021937318997570192,3.62994910393577e-05,1.2804353699405265e-06
4,0.01975274419553759,2.494494537738156e-06,0.0007608942614485867,0.042339302672989035,0.004004583031829499,0.000562407536043406,0.00043487511556979276,0.0066381310691621944,0.00010548267301570526,0.0038954902129120584,0.12477907469101378,0.0004260355380176401,0.0025855353752011383,0.0007587538545877584,0.0002384948695181665,0.1261892331024414,0.005840228831637139,0.6492684117379154,0.008203183605732411,0.0024396945685195275,0.00031678787720076874,0.00021374838740786877,0.00020316932527396673,4.009356646162297e-05,1.1494060258677098e-06
5,0.013396034727427765,2.3474047388590572e-06,0.00043779198704195407,0.045633370415745916,0.0025999249839649494,0.0005139182743578552,0.00030541957474327383,0.005072953142067919,8.213338059373782e-05,0.002613097361792208,0.10760102499205224,0.0003308974626064807,0.0016404615798545625,0.0005702959616365099,0.00021493101992603195,0.10304866278688266,0.0041346912892119515,0.7036335291495631,0.005551580431659738,0.001947560534499673,0.0002626929076608466,0.00019658056899408564,0.00018265092233230764,2.6550244815529304e-05,8.98895829905133e-07
6,0.018752624424780526,2.732559283543491e-06,0.000782286359398305,0.04557452809007581,0.004101265882792537,0.0005944327784032038,0.00044017563485047547,0.006735770134675601,0.00011854035742376989,0.003994137254465831,0.14039077100658764,0.0004708963512159707,0.002178482999953963,0.0007452435036416149,0.0002736531457144481,0.12311282182335279,0.005846707253898562,0.635032660661787,0.007595046366472319,0.0023991181705629717,0.000354652635609638,0.00024649948866840236,0.00021937318997570192,3.62994910393577e-05,1.2804353699405265e-06
7,0.01983373450690235,2.7311582375715455e-06,0.0008152316269035451,0.04661475183977736,0.00419737030520411,0.0005849396778419424,0.0004521768423182088,0.007017618061092741,0.00012036971940987374,0.004181721439738147,0.1445439190527517,0.00047375921870430323,0.0022973603285040005,0.0007551481904198446,0.0002722389358545375,0.12473031430011514,0.005982707223092276,0.6259934962441408,0.007830459035888557,0.0024507736317054703,0.0003465042779267197,0.00024888969463946034,0.0002154456941488019,3.7046931910138776e-05,1.292062772459537e-06
8,0.05077927633284728,3.444285744500369e-06,0.00330031327676747,0.075084967185762,0.006637960776212447,0.0005666722825506617,0.0009157764060642551,0.012738720010609588,0.0001740566322906417,0.015191523613950013,0.24053412026525414,0.0010484325724680872,0.005684349538128605,0.001767597563747603,0.0003809596626147357,0.1518079679077532,0.013495119837715026,0.40291022097083506,0.009887159774336374,0.005409072355906707,0.0007115389876772705,0.00036258263518533474,0.00047824883745028074,0.00012654803215699572,3.370255971671256e-06
9,0.03908882900532479,3.841958252977618e-06,0.0015281756080852379,0.073159506346442,0.0046617860912311045,0.0004858457986121055,0.0005323880370239778,0.01096983619089565,0.0001701195799881317,0.01053163004083146,0.25853074029502277,0.0006933368205227381,0.003143511500496626,0.0013973650892500486,0.0004821339436505192,0.10095500422306095,0.008551035159519806,0.4723148958572029,0.007623438799081895,0.0038597964943658776,0.0004889731831633358,0.00030540925194767375,0.0004492370632788101,7.017506545644087e-05,2.9885972922746364e-06
10,0.018752624424780526,2.732559283543491e-06,0.000782286359398305,0.04557452809007581,0.004101265882792537,0.0005944327784032038,0.00044017563485047547,0.006735770134675601,0.00011854035742376989,0.003994137254465831,0.14039077100658764,0.0004708963512159707,0.002178482999953963,0.0007452435036416149,0.0002736531457144481,0.12311282182335279,0.005846707253898562,0.635032660661787,0.007595046366472319,0.0023991181705629717,0.000354652635609638,0.00024649948866840236,0.00021937318997570192,3.62994910393577e-05,1.2804353699405265e-06
11,0.020456088864087445,2.4509497694108204e-06,0.0008140507835905251,0.04298864232732265,0.003925849385266957,0.0005753485984005449,0.0004684605991743826,0.007802244605775395,0.00011720601270749021,0.004427578241049478,0.12903559779639562,0.0004686429837711592,0.002786773012735075,0.0007166014222159281,0.0002480230982981386,0.1314131066346185,0.006323579960911981,0.6358183992609561,0.008288723334476163,0.002517526212856496,0.00032157956199135564,0.0002360874663671605,0.00020397563755269896,4.229239513357526e-05,1.1708545756925656e-06
12,0.009147224435789011,1.7507936687910681e-06,0.0003617349763552597,0.024783236545592648,0.005468367974159129,0.0005472621691544448,0.00035989239933553594,0.0017102055759735588,7.115697970024885e-05,0.0018533530267403839,0.08456121914310781,0.0002964000944448732,0.0010958035462035212,0.0011210250154470788,0.0001709537111853849,0.07331761849189877,0.003940258472593764,0.7839469200336633,0.00403635711114596,0.0024089374596488306,0.0003478722120916795,9.947703773775786e-05,0.00032076531504361683,3.079445367468778e-05,1.413025643777307e-06
13,0.01148811272376115,6.470882742987056e-07,0.0008831386132936833,0.024478037093459023,0.0018822179191069937,5.116655448253205e-05,0.00014584154577151426,0.00605821545698679,4.7208689842630914e-05,0.0024216818616271544,0.650379777046846,0.0008116013499740836,0.0011803283584963496,0.0015041515977873335,0.0005440583350664484,0.037818573943240764,0.001675646547911718,0.25411239841030586,0.0008471420663866896,0.0031834017416865028,0.0002791968372239906,5.983878287174215e-05,0.00014087868270247765,6.031167099051894e-06,7.07585795103997e-07
14,0.025279670258570437,2.175266504960167e-06,0.0008974370200685763,0.04885687312250538,0.0037368834746391347,0.0006252048232918212,0.0007476063843131774,0.010079409129764178,0.00014473892874149237,0.005645177134370345,0.13792785867593982,0.0007411118221828241,0.0025598777558837583,0.0008998176063680101,0.0002994823358700724,0.14031977462764525,0.008498535676097098,0.6024839675230449,0.006607825370389605,0.0025319700405423604,0.0004564013587005129,0.00031687929385808993,0.0002819150778032208,5.769505579461466e-05,1.7122371101777878e-06
15,0.018752624424780526,2.732559283543491e-06,0.000782286359398305,0.04557452809007581,0.004101265882792537,0.0005944327784032038,0.00044017563485047547,0.006735770134675601,0.00011854035742376989,0.003994137254465831,0.14039077100658764,0.0004708963512159707,0.002178482999953963,0.0007452435036416149,0.0002736531457144481,0.12311282182335279,0.005846707253898562,0.635032660661787,0.007595046366472319,0.0023991181705629717,0.000354652635609638,0.00024649948866840236,0.00021937318997570192,3.62994910393577e-05,1.2804353699405265e-06
16,0.035698622941758344,7.462527578583845e-06,0.0012429170899239035,0.07045034083810511,0.007906179751002232,0.0009741664025056402,0.0006214313467767926,0.011517626996187974,0.0003346816371372449,0.00818148638236086,0.18710980927863338,0.00047544396223553006,0.0027153687930032777,0.0007266474191005975,0.00039070804601520475,0.1172253323458561,0.009268837394370988,0.5257749845903295,0.0155805134095414,0.00259901258061814,0.00033275930882386456,0.0005104493211815014,0.0002987077568042553,5.32090716587298e-05,3.300808490920863e-06
17,0.022096548317409356,2.6410236183764156e-06,0.0008756427964162208,0.049956124414106996,0.0044736218619080125,0.0005273031485999628,0.0005295530893779708,0.007227011057473367,0.00011914269924992828,0.004007776260495873,0.15829673315876183,0.0005647669430862118,0.002364690480177426,0.0009134952207004462,0.00027038596089792833,0.1249676589940012,0.0065771336488871365,0.6058696256395173,0.0068619833813132304,0.0025978320132266906,0.00037437286410974625,0.00026138838439164507,0.00022487844895638511,3.821264848677611e-05,1.4775448300242055e-06
18,0.019404806118126856,2.7866976583407297e-06,0.0007640597826608781,0.04459893805326629,0.004170774945085385,0.0005879537048227614,0.0004547602721120504,0.006556249325144137,0.0001191739513327785,0.003990469350016085,0.14040621962161065,0.00046550231351313306,0.002140955068245271,0.0007680608841192094,0.0002717160773038903,0.1182888624630562,0.006243376529740562,0.6398075454898744,0.0077148894766171285,0.0023750202804688164,0.0003506193751074575,0.00025420334574533475,0.00022418173408130966,3.749284766039807e-05,1.38229263073949e-06
19,0.031632738842319964,2.6360165083461654e-06,0.0018801633683325015,0.0752671847550563,0.006235313470295035,0.0010339346337417924,0.0011864333213338467,0.017521840320888285,0.0002373884761494553,0.013164325102837632,0.16213448455041463,0.0010766231375799007,0.005293920765087857,0.0006595724818020646,0.00025125056292572395,0.21047544306032268,0.011108792818913776,0.4454729058677314,0.010322389784984365,0.0037812859651166204,0.00042933366632127886,0.0005452630568607814,0.00021212016242651987,7.27769841618146e-05,1.87882788743045e-06
20,0.10459074281848581,6.477195840959845e-07,0.0014012806943635302,0.040699715591305245,0.03622468525032795,0.0005051807292467068,0.0019686731241725973,0.002518632505081412,0.00018593036450336402,0.009830646649328987,0.10046917570374078,0.00013153037909209304,0.007808078878372222,0.0016588198630777915,3.160741671060245e-05,0.16628676138289616,0.016220274210867018,0.48270129176109583,0.021347636558918193,0.004850300446444787,0.00012154491203695997,5.575024764928333e-05,0.0002808035681661518,0.00010816270925953776,2.126515272927639e-06
21,0.013242517698600438,1.651639709590827e-06,0.0005521850909870828,0.05630913335007511,0.002540003835937095,0.00030274506685452017,0.0002182716938375417,0.003959928392458221,6.543257957231345e-05,0.0020700465961512927,0.20950094332012664,0.00044684134297542206,0.001329004746778014,0.0009178619866012314,0.00026454291415563085,0.10320121292101715,0.002432119493252881,0.5964462320404835,0.0031720993124034315,0.0024045135097565,0.00030233045255015546,0.0001235342565512142,0.00018297872871996868,1.3141290912858837e-05,7.277395322729355e-07
22,0.03281550376080866,2.5095229026816852e-05,0.0006026810561211893,0.033500003765348944,0.010524832134350948,0.003672208895830342,0.0009747671795636553,0.019603216253617856,0.0004961027180866142,0.004217354616144638,0.03263967297038472,0.0006623419518534185,0.003675731093491252,0.0010046293798133955,0.0005758283972380036,0.15940649581338698,0.003922096556504034,0.646085549852188,0.04325583286129584,0.0011429181527849333,0.00021208271493263175,0.0005582708300622872,0.0002373784393633193,0.00018526029076547086,4.145087036131657e-06
23,0.018752624424780526,2.732559283543491e-06,0.000782286359398305,0.04557452809007581,0.004101265882792537,0.0005944327784032038,0.00044017563485047547,0.006735770134675601,0.00011854035742376989,0.003994137254465831,0.14039077100658764,0.0004708963512159707,0.002178482999953963,0.0007452435036416149,0.0002736531457144481,0.12311282182335279,0.005846707253898562,0.635032660661787,0.007595046366472319,0.0023991181705629717,0.000354652635609638,0.00024649948866840236,0.00021937318997570192,3.62994910393577e-05,1.2804353699405265e-06
24,0.01880998454251075,3.385919607590031e-06,0.0007583621341212445,0.07681927531785043,0.004706257430429079,0.000539294745287888,0.0003709174674240121,0.005516484201497084,0.00010826888601754533,0.0034596984850275773,0.17790829699170935,0.0004996229135921836,0.0020394627368186015,0.0008308747054606976,0.00022945993222799746,0.116490773101338,0.0046827170428245255,0.5767152715570313,0.006062498648075798,0.002674481807120387,0.0002913612872768439,0.0002673920765086803,0.00018999170533601012,2.4445147130623383e-05,1.4212177758516519e-06
25,0.0015267079422102761,5.0279395308897125e-05,0.00011360034014275746,0.008101980126519082,0.002508829910776182,0.017143524802390755,4.719590695801902e-05,0.0004141771491022187,0.000166277769303413,0.0006858216001977002,0.0018424717758819024,2.6595946738637355e-05,0.0001544354145332611,4.060673629198554e-05,0.00014878743938327946,0.08437564071754323,0.0025266329679414314,0.7828963863219045,0.095680159823535,0.00014808446799502258,0.0005153295119390841,0.00043351642106180733,0.0003818669932518164,7.009628662935392e-05,9.942324605566717e-07
26,0.021909889695055206,2.194110150803135e-06,0.0005173049047244042,0.027806648445515485,0.004047244220042011,0.0007546645881204582,0.0005035809548729007,0.005022108036704339,0.00017028855509100928,0.0043298939600376,0.06519051897220543,0.00020954334871372749,0.0022101667532592045,0.0004650992692906987,0.00016292283446087933,0.10122924268520724,0.008618954881880336,0.7435339688785358,0.010524611458707846,0.0018924994532121765,0.00030000872916221676,0.00018030343400416741,0.00035192550614735905,6.500285936001454e-05,1.413465538797e-06
27,0.019340277509203207,5.8185789746865785e-06,0.000628508630556955,0.06026643599233502,0.003944425446159388,0.0007752067153373762,0.00041020303420915405,0.00973811453034647,0.00020977489606156417,0.0046153197479264566,0.17892635130668844,0.0005095095914502015,0.001666981524875051,0.0006088950196427558,0.0004394724194670019,0.10119831232155149,0.005394443106311144,0.5994391496668042,0.009016811991617775,0.0018965998600338756,0.00026560912392573066,0.000464981922617655,0.00020814276720498604,2.8562057410324587e-05,2.09223928905395e-06
28,0.018752624424780526,2.732559283543491e-06,0.000782286359398305,0.04557452809007581,0.004101265882792537,0.0005944327784032038,0.00044017563485047547,0.006735770134675601,0.00011854035742376989,0.003994137254465831,0.14039077100658764,0.0004708963512159707,0.002178482999953963,0.0007452435036416149,0.0002736531457144481,0.12311282182335279,0.005846707253898562,0.635032660661787,0.007595046366472319,0.0023991181705629717,0.000354652635609638,0.00024649948866840236,0.00021937318997570192,3.62994910393577e-05,1.2804353699405265e-06
29,0.018752624424780526,2.732559283543491e-06,0.000782286359398305,0.04557452809007581,0.004101265882792537,0.0005944327784032038,0.00044017563485047547,0.006735770134675601,0.00011854035742376989,0.003994137254465831,0.14039077100658764,0.0004708963512159707,0.002178482999953963,0.0007452435036416149,0.0002736531457144481,0.12311282182335279,0.005846707253898562,0.635032660661787,0.007595046366472319,0.0023991181705629717,0.000354652635609638,0.00024649948866840236,0.00021937318997570192,3.62994910393577e-05,1.2804353699405265e-06
30,0.018752624424780526,2.732559283543491e-06,0.000782286359398305,0.04557452809007581,0.004101265882792537,0.0005944327784032038,0.00044017563485047547,0.006735770134675601,0.00011854035742376989,0.003994137254465831,0.14039077100658764,0.0004708963512159707,0.002178482999953963,0.0007452435036416149,0.0002736531457144481,0.12311282182335279,0.005846707253898562,0.635032660661787,0.007595046366472319,0.0023991181705629717,0.000354652635609638,0.00024649948866840236,0.00021937318997570192,3.62994910393577e-05,1.2804353699405265e-06
31,0.02881260378395909,2.3279768492526667e-06,0.0013404411610670338,0.03656699556728751,0.0027864454524443153,0.00032929296424138256,0.0003630700778265082,0.017113685752219745,9.528163559000573e-05,0.003091151604402944,0.11198420082632632,0.0005146865876267298,0.004977809539555535,0.0005413970314271663,0.0002471926843746103,0.1730703991810397,0.006347245835219508,0.5989134611208147,0.009839487495905326,0.002327439274154062,0.00035747028847802763,0.0002068758721897393,0.00012668368062664385,4.3756749305216235e-05,5.978570690105426e-07
32,0.019103032513804786,3.2041611550556873e-06,0.0007860185602424449,0.04127793952646246,0.004054777537107707,0.0006105860591683188,0.00037768775965127914,0.006295662025131776,0.0001130749411142465,0.0036716695582179972,0.12234701119711633,0.00039994067247558417,0.002265146465802985,0.0006871706320594128,0.0002600216854333765,0.12378960131583121,0.005953337670404078,0.6553266350034441,0.009695902418649382,0.0021550075898968345,0.0003348837636431125,0.00024662369590943166,0.00020539602603809515,3.846156038105907e-05,1.2076608589676782e-06
33,0.01704734334106697,2.458113035853285e-06,0.0004723908167499877,0.03419020699612606,0.0022099256653203172,0.0006426373773855143,0.0003831245993804242,0.005150128479605134,4.9794209853350115e-05,0.0023258189953944126,0.03478548173765677,0.0002703034146831633,0.0031398582699346585,0.0003831400934060848,8.46036130385015e-05,0.16079428547591118,0.008102596620606728,0.713891859902153,0.01411702607442323,0.001304447898117887,0.00019421752680030637,0.00028338980039042917,0.00010636825772678346,6.796362787003817e-05,6.290933631829125e-07
34,0.007725567511332792,3.154598260981379e-06,0.0005860035276814303,0.049200883896754165,0.002997288425918091,0.001113554182124404,0.00048349549345060407,0.006488241111521768,0.0001183613810056168,0.004258163522978042,0.1055696740635029,0.0006973163085475917,0.0015215880234248158,0.0005506211090186566,0.0003318933358633065,0.12607758308963093,0.005472285881405705,0.6780860310676595,0.00495680452844788,0.002553069928160377,0.0005086272271474912,0.00037876023552793473,0.0002807329019161108,3.884166504588213e-05,1.4569836730365575e-06
35,0.03505294996709526,4.780954407379735e-06,0.0006898067580747489,0.05901939480242559,0.003945826215929342,0.0005791776233115333,0.000412850330401511,0.017793564610924902,0.00028700720642576286,0.004382966447447783,0.15185251133320102,0.0003838875742616476,0.002661740571519207,0.00038686979074175525,0.0003063901037309997,0.12013222642522485,0.0063101706455498535,0.5808356662549166,0.01256447753618343,0.001629074552928723,0.00018121376108444693,0.00042561894970681385,0.0001335780552573499,2.6871223725336414e-05,1.3783055241779016e-06
36,0.015454530057295848,1.6040489712524445e-06,0.00040243447273570027,0.027605235499966813,0.001915950588231837,0.0002942717913580931,0.0006715635525743558,0.010813213568735285,7.202713025738499e-05,0.0022536495867122143,0.12715036019546797,0.0011268050915145566,0.0019275028988333294,0.000850918805412899,0.0002580090610670428,0.09026513716440906,0.00903178994655203,0.7035832018760525,0.0037814570606434952,0.0017158026779808433,0.0002377883900050428,0.00044527382894118993,0.00010907594006260992,3.100957619316697e-05,1.387190025430441e-06
37,0.017554465602035614,3.145041067547893e-06,0.0007880201498171058,0.047632609709118354,0.004205591675756343,0.0006664743414430011,0.00041543889907211804,0.007769860693260567,0.00014447073915003025,0.004333514505409871,0.14960555214248072,0.00048013037783552816,0.002104551956986477,0.0006375025108411218,0.00030789790452041035,0.12211897733038238,0.0056401434409469545,0.6243288465220922,0.00801194498010681,0.0023790607457866673,0.00034514992669737086,0.00028063819828551685,0.00021224689990786684,3.244994491037526e-05,1.3157620890071674e-06
38,0.008508127747300614,1.561678191905965e-06,0.00044793448385954936,0.023963163214876345,0.0019348277853865553,0.0007148354091068614,0.0002885397833063547,0.0038960053412820353,5.960481412925351e-05,0.0022314412623225355,0.06622154031232275,0.00034611167308882694,0.0015878628356628976,0.0004173728319899077,0.0002065394046912661,0.14222771890563474,0.003676883909140535,0.7341102966687096,0.0070006231170374675,0.0014109843464622568,0.00038176172431610855,0.00016549677052272866,0.00016952659974938262,3.0773695063800656e-05,4.6568584568818123e-07
39,0.01406333774435787,2.8357037755808957e-06,0.0008137284657606234,0.0419037253031512,0.0032987209548468893,0.0007154961357309168,0.0003715509778410063,0.0072574541363261994,0.00010645248464200946,0.003230555349187177,0.10235944566539013,0.0005132041751927681,0.002118773371028607,0.0005362678965742958,0.00026080130862367535,0.14798519795341222,0.0058277325535182915,0.6576481098917638,0.007828204063186826,0.0021816095594591528,0.0004642209779238757,0.00027600959906458415,0.0001996032112445125,3.601507409536007e-05,9.474439023896282e-07
40,0.03544487993070322,4.277761620186292e-06,0.0018393936790575308,0.030852455186419905,0.0137416136792936,0.0002753311666026573,0.0005523350648207556,0.004351119041190736,9.757040646641523e-05,0.002388786323579687,0.2843093952615495,0.0008747565101986858,0.0025489575706105928,0.003542541373282099,0.00037963686203881667,0.09407284609443667,0.006316209420709427,0.5056784586840339,0.008733909864889708,0.0030974904314689904,0.00045115627826567095,0.00019553443650541482,0.00021328979169795242,3.5255531648304245e-05,2.799648909616829e-06
41,0.0145165943500669,4.474641444611769e-06,0.0007038520990289929,0.07216439602531509,0.005622640280748902,0.0004954507068395377,0.00016967210873741393,0.007980355560604216,0.00017801053189363722,0.0028583244045250642,0.19718212639584856,0.00024372161018458723,0.0019001702185638117,0.0004757567879579296,0.00030527872187552976,0.1227307881889766,0.0018071469548291072,0.559777037459213,0.00817751642832107,0.0022588315576646165,0.000168920082707265,0.0001527662985109718,0.00011478390305582425,1.0724880036611883e-05,6.59803049980869e-07
42,0.02326749610833166,3.9034614976456694e-07,0.0002700908583627814,0.014129077659152495,0.008594389162410917,0.000210113063280744,0.0009626824273791506,0.0010794714510661727,5.083199834494541e-05,0.005205454129290678,0.2032613223220311,0.00030067560715419083,0.0015808801424986709,0.006089985978962281,0.00020855993146069848,0.029813874828105588,0.0038577586071624104,0.6941255000143318,0.0018097208774492605,0.004239897391087908,0.00021352246368976405,2.6199316732817553e-05,0.0006413720517454516,5.749776214304305e-05,3.235501675727278e-06
43,0.010148065504201938,1.6655928065118162e-06,0.0008198880951408809,0.04022052278689823,0.002955573546076697,0.001448691764246809,0.00041915375115267176,0.009440834193974826,0.00014700740269416883,0.007788392796840855,0.05988303433948608,0.00046963452254485246,0.002918387853997868,0.00024010366497655592,0.00020780086483217255,0.1934363369717558,0.007590275490776979,0.6493127531067294,0.008530866191620762,0.0027182100114623922,0.0006996973481080194,0.00028947388670875975,0.0002565395346400173,5.648680670973254e-05,6.039716170769497e-07
44,0.018752624424780526,2.732559283543491e-06,0.000782286359398305,0.04557452809007581,0.004101265882792537,0.0005944327784032038,0.00044017563485047547,0.006735770134675601,0.00011854035742376989,0.003994137254465831,0.14039077100658764,0.0004708963512159707,0.002178482999953963,0.0007452435036416149,0.0002736531457144481,0.12311282182335279,0.005846707253898562,0.635032660661787,0.007595046366472319,0.0023991181705629717,0.000354652635609638,0.00024649948866840236,0.00021937318997570192,3.62994910393577e-05,1.2804353699405265e-06
45,0.017431058287036477,2.058118600696848e-06,0.0007417721894279498,0.03774118352536881,0.002916641330137413,0.0005896122512430751,0.0005008386202568947,0.01213639720745088,0.00011202037397212603,0.004265361407252632,0.10378028895168098,0.0004927355364029585,0.003054692896351971,0.0005118878742195108,0.0002688852286027079,0.15684783604831085,0.005294260467311164,0.64229942115581,0.008128930155050928,0.0021501327527866923,0.00030128878831207017,0.0002456294845269744,0.0001445630910892604,4.176881638207669e-05,7.354424149039711e-07
46,0.021641388916756498,2.5941260834840024e-06,0.0008784070095946519,0.05081874193798936,0.003989466939221455,0.0006255973000102481,0.0005061061249420649,0.007346359404182911,0.00011712533393903071,0.004439214979983331,0.1346987331247369,0.0005220362446865155,0.002507868133387297,0.000688313185886141,0.00023484649916687597,0.13591105255472694,0.007747605658181108,0.6158831338386612,0.00799699716801498,0.0024924497518421028,0.00039276453144012035,0.0002974181252861787,0.0002186771248535912,4.178430186490762e-05,1.3176845621984082e-06
47,0.05342440985774029,1.8794868309358677e-06,0.0013268922371201986,0.060629660563376105,0.0028142240465715293,0.0005273881287547316,0.0007460670426859054,0.01211304249128995,8.842669022767387e-05,0.004866849424729697,0.07346385396324519,0.0005637922429430113,0.006001736557278487,0.00046889548521965063,0.0001003801564785237,0.24734818472559342,0.014591369259329376,0.5036016927657412,0.014469548474966128,0.0018988401134502962,0.0003286739704217857,0.0004079726452085941,0.00013166137936360603,8.374293947097019e-05,8.153519627622793e-07
48,0.030317004031237806,3.2430174668721226e-06,0.0007703442326606305,0.026393133071931436,0.0028985044429412524,0.000981018608553839,0.0006130776550068686,0.010037855940543319,0.00010341978094982172,0.005783331083616216,0.03464581089053571,0.00027988262935749837,0.004576389423730805,0.0003231458010477041,0.00012297948632648912,0.16469619691519533,0.01922297662771532,0.6667672593096486,0.029007170386169113,0.0014165016009862904,0.0002762728746396135,0.00045103354293539016,0.0001570343209824596,0.00015530983291930459,1.104492902096011e-06
49,0.015230246652699916,4.504728933962068e-06,0.0012743852327033569,0.06178289562875912,0.004321598719376632,0.0010768566264210502,0.0005046417124838377,0.01054508733736827,0.00016625223790917796,0.005051495200805985,0.13287317070411755,0.0008523510774506812,0.0025753061199125073,0.00048150723245601087,0.0003171373040148408,0.17147735408551767,0.007378844968764852,0.5708652905988413,0.009085423044112547,0.0027670194808007372,0.0005625752080620249,0.0005591838412799954,0.00020586699505312626,3.961930417607605e-05,1.3859579787440977e-06
50,0.06719631676687582,8.76014839944887e-07,0.0009704548446028079,0.043395958357872605,0.005106238071841273,0.0003329683699695931,0.0014646829195451817,0.014751947213969475,0.0001223245735315405,0.012928282265098892,0.17424105892033945,0.0005093227603635433,0.00733548944131056,0.0013313074030601238,0.0001682151480818705,0.1255844256807364,0.011740277844202025,0.519743838084851,0.008652926760308932,0.003813211031973623,0.00015868119139414994,0.00017280310229302772,0.00017823863172935584,9.85317311377114e-05,1.622870070959318e-06
51,0.03331864028056551,6.938700535116789e-07,0.0012349779422479582,0.018160170862207104,0.008140453621074864,0.0005732038095262882,0.001146972885749969,0.004982265472861104,0.00010442461574009989,0.007928877200400818,0.08859767779273149,0.0004343518589109569,0.004851667027205607,0.001195254959376715,0.00012894347944221717,0.15166746232070755,0.013250545127046627,0.6491782068610223,0.01041243567295949,0.003692472278538403,0.00044618607206243897,0.00010592477159781683,0.0003256188403791772,0.0001213104148290528,1.2619627630089856e-06
52,0.024156658617282074,4.101044263134244e-06,0.0012203260097170313,0.04911820937501912,0.0054597663815477565,0.0005776768081028488,0.0006031201635286151,0.006185905490640642,0.00012814762404731865,0.0032206124346049287,0.15055786963706155,0.0005647748687819474,0.002208731629987711,0.0009760975771693156,0.00027611715355304554,0.14062205107136733,0.009490633027052706,0.5920434744509209,0.008995656306714462,0.0023729565421607333,0.0005385661273916801,0.00034073862819806246,0.00028838685374746363,4.740618431783394e-05,2.015992821942436e-06
53,0.009987130025265967,7.165558113234935e-07,0.0005725361647389172,0.0378389960337865,0.003541304468740845,0.0003970336625389123,0.000782225710491074,0.0034192325148596115,7.690335567319286e-05,0.0032103457127541386,0.1810626465744521,0.0006792141908445033,0.0014306618450956694,0.0012020122057436373,0.00022547124949700664,0.10541632067003391,0.0045236669373740525,0.639135873918328,0.0017235993230423686,0.0037306498684111507,0.0005202160025185479,0.0001185685312331188,0.0003759512358974734,2.7540485905824326e-05,1.1827569622271879e-06
54,0.02540670151248469,1.4510262983285093e-05,0.0005871262328756266,0.06411834893961796,0.005104546662990916,0.0009208470476111803,0.0005391443425541034,0.007779772202176274,0.00020329732237959862,0.003418090129691769,0.16334502207238447,0.0005104086215453431,0.0012094912257942267,0.0010983089330098951,0.0006114541585622962,0.09538105360764121,0.005913335121878225,0.6073035235335839,0.01397692817763127,0.0012967968939018078,0.00026733495402413984,0.0007312198502994141,0.00021803413320775806,4.0366755248025536e-05,4.337305922595265e-06
55,0.009772411531949915,1.103739325788589e-06,0.0004036082179684415,0.02367923708441623,0.002783492375709151,0.0005008870460853758,0.0005065861951139418,0.008852865937114752,8.653405177073819e-05,0.002198349893698449,0.07069832593473929,0.0011309537202117074,0.0026302956464268907,0.0007832785760320423,0.00019421024172701443,0.1320010422251916,0.0032445144393541767,0.7342031198879551,0.003404235192154992,0.002376920051937152,0.00022599554201809918,0.00016976291771531732,0.00011991768892924802,3.1581967553573185e-05,7.698949009101542e-07
56,0.019196867007370076,2.4809347580928885e-06,0.0007795745359561276,0.04508670007800846,0.003887554641775083,0.0005950098440991743,0.00044815112648802203,0.007392104935117979,0.00011501043061390777,0.004171567804847083,0.1276390029739026,0.00046360922726469467,0.002592009781041396,0.0006940951534743483,0.00024504904661787493,0.1308280978602449,0.005936988782323741,0.6387582988854187,0.007871779214321433,0.002489517028203902,0.0003287217994082047,0.00023573877723907395,0.00020199576247406065,3.893046675254188e-05,1.1439022786681404e-06
57,0.019806283537831856,2.8530753306686363e-06,0.002778390061207133,0.04259697023027678,0.008163885713240423,0.0008444278402589779,0.0007156765978875413,0.011398478753380188,0.00016977753014117862,0.006992291510226412,0.1483314064689987,0.0012101933403953877,0.004833842224468547,0.0008367975354463756,0.0002794529454938365,0.22621940751351285,0.009861335274715843,0.498369316368173,0.010504433578997385,0.004697529616226509,0.0007384964364896925,0.00035886336646582395,0.00022702183265908195,6.142246375289127e-05,1.4461844230230994e-06
58,0.01940960022766664,2.5565617871217663e-06,0.0007939328047432564,0.03662818877306347,0.0037777574522500712,0.0006894511090900467,0.0004953935214807061,0.0070981221252458425,0.00010597683765522362,0.004551541703862647,0.0943093703213987,0.0004785484676662476,0.0028234618565245607,0.0007143931741770899,0.0002343171441930927,0.13352193428919573,0.00715699556976587,0.6745397948294516,0.009384374833301222,0.0023706107413536967,0.00037146263684492107,0.00025256291137053043,0.00022819645753480828,6.023606887591798e-05,1.219581500947856e-06
59,0.019838572097905568,2.5368955369884338e-06,0.0009805008824980282,0.03979449797026104,0.004138903047370687,0.000642609882651309,0.0005271723283474638,0.007463333328608817,0.0001091202475588471,0.004490738220067546,0.10816353963284353,0.0005245572575058038,0.002990757199716874,0.0007500691162457463,0.00023986694701261,0.1453500690288774,0.0073357843526523515,0.6442180975220063,0.008779706475256914,0.0026924470939050735,0.00042192717701682074,0.00025176931336622874,0.00023524723420295017,5.696636821640866e-05,1.210380368617639e-06
60,0.018752624424780526,2.732559283543491e-06,0.000782286359398305,0.04557452809007581,0.004101265882792537,0.0005944327784032038,0.00044017563485047547,0.006735770134675601,0.00011854035742376989,0.003994137254465831,0.14039077100658764,0.0004708963512159707,0.002178482999953963,0.0007452435036416149,0.0002736531457144481,0.12311282182335279,0.005846707253898562,0.635032660661787,0.007595046366472319,0.0023991181705629717,0.000354652635609638,0.00024649948866840236,0.00021937318997570192,3.62994910393577e-05,1.2804353699405265e-06
61,0.021358141526433557,2.756365721510579e-06,0.001039654219382129,0.040122101763621416,0.00457530147966273,0.0006500775138192583,0.0005246702370147542,0.007163638687412263,0.0001192469347507581,0.004557405465981035,0.12243070919582592,0.0005409962065530838,0.002804503509704805,0.0008252580553073437,0.00026465144857906487,0.14185989933801946,0.0074577680858236165,0.6308646811235163,0.009188284392605533,0.002638872740208505,0.00044641881801573086,0.0002578108571645766,0.0002516269410724042,5.415300533258875e-05,1.3720884715449282e-06
62,0.018752624424780526,2.732559283543491e-06,0.000782286359398305,0.04557452809007581,0.004101265882792537,0.0005944327784032038,0.00044017563485047547,0.006735770134675601,0.00011854035742376989,0.003994137254465831,0.14039077100658764,0.0004708963512159707,0.002178482999953963,0.0007452435036416149,0.0002736531457144481,0.12311282182335279,0.005846707253898562,0.635032660661787,0.007595046366472319,0.0023991181705629717,0.000354652635609638,0.00024649948866840236,0.00021937318997570192,3.62994910393577e-05,1.2804353699405265e-06
63,0.017476354000158383,4.132113340986773e-06,0.0007211343527168202,0.0457257616991286,0.003984160576536033,0.0006634825864417806,0.000372919191152455,0.006386526325213236,0.00013053898203621767,0.0034218895157742584,0.1369471166003816,0.0004270365998290267,0.001811831822214137,0.0006834489160778028,0.0003230801104960615,0.11405430219524697,0.005531544459260846,0.6495990219718778,0.00881270749434712,0.0020132600426273064,0.0003557932920670953,0.0002973839160973746,0.00022187176337445136,3.3240548391024614e-05,1.4609252125190798e-06
64,0.016364856216790864,2.753754732964304e-06,0.0011539512896206591,0.042608689350135405,0.004333827698610604,0.0006796901861172019,0.00041400523644046053,0.005943674778286678,0.00010946634321855538,0.0037586507967619608,0.1330522239568405,0.0005962429712310286,0.0022222283624328443,0.0007616611147804003,0.00028684733248744373,0.14728222178639497,0.007013000617929374,0.6219458667213634,0.007448361575620506,0.002761646790142178,0.0006829373551672969,0.0002560794285148383,0.0002794221948004518,4.049111381340781e-05,1.2030277658556227e-06
65,0.0166166596514907,2.9101176243287672e-06,0.0007287987649917524,0.044130124155287255,0.003893769230015749,0.000621308228246991,0.0004093606673711826,0.006014592505419659,0.00011081575210191735,0.0035442637796119416,0.1270181214894153,0.00045571456643036444,0.0019732703924006064,0.000725296016022363,0.00027128080862679057,0.12001754653114206,0.005684230480998052,0.6572016672592115,0.007370514739329718,0.0023193822440873016,0.00037725327203318447,0.000247670238660156,0.00022807254759640882,3.609406591857904e-05,1.2824959659672882e-06
66,0.0021889544673677212,1.3382103444872692e-05,6.838107929063758e-05,0.03048976154651383,0.00035946157185924593,0.0005346878224640538,5.142389278422025e-05,0.0033793439238334736,5.8547458589053816e-05,0.0006040894924379232,0.10261692843713442,0.00037461534526652416,0.00010870306130673751,0.0003695033515300307,0.0015294786393378937,0.02689305914433658,0.0011283916471998452,0.8256569379409973,0.0021521330935490627,0.00038900433938133454,0.0002819633543593931,0.0005276503527301797,0.0002149494897119626,7.103491789076409e-06,1.5449527845645357e-06
67,0.005780844964545209,3.6011126220463572e-06,0.0003919174947650822,0.03720378105254031,0.001764238929430336,0.0009338210712647898,0.00025750476821890367,0.0024423685854496903,5.8858049431605013e-05,0.001612520798205332,0.06509332405410359,0.0003677417751664015,0.0008351172990159085,0.0004747024793007458,0.00023734939098710384,0.09214789116130077,0.005068762785677735,0.7776680455603221,0.00464684487472907,0.001750081076459325,0.0006112092671627556,0.0002795915738615515,0.00033618210083026994,3.240401841422119e-05,1.2957561951184126e-06
68,0.0183952387107748,2.716673811298489e-06,0.0007766534962540094,0.04521944296460194,0.004064941662344938,0.0005990992819490054,0.00043939908051734993,0.006736789635718768,0.00011773801896456812,0.00396771216256532,0.13925054242642532,0.00047576336348902624,0.0021631822526592998,0.0007406260082740247,0.00027496833517762486,0.1229524937879366,0.005806036294716025,0.6372606015632754,0.007494292174236517,0.0023998898134777844,0.00035851943761217617,0.00024662329209769864,0.00021926190309820483,3.6196380573710645e-05,1.2712794484471275e-06
69,0.0032248003679996693,8.967086697332631e-07,0.00016578959469663767,0.03198254465172506,0.0013674180737232903,0.0001971749869347876,7.556977464781105e-05,0.002442977391687477,7.38147704921758e-05,0.0016705770707065998,0.37498603722418566,0.0002367783080009338,0.00036297704107424384,0.00029831509342008027,0.00037351471478860816,0.021487197933252038,0.0014323955676224889,0.5556914862491177,0.000682124393071935,0.0027341816258470188,0.00023286322048970178,8.12828734758133e-05,0.0001963611125316288,2.266319478875349e-06,6.549323598960044e-07
70,0.016183614906302934,2.6946941227401745e-06,0.0008617318220732913,0.05997165516260716,0.004086739911592555,0.0006754381544438659,0.0004295845409701331,0.0071604805776503445,0.00013291554251937954,0.004195888869702728,0.15801064950268257,0.0005070367336491412,0.0021032838860940207,0.0006362701675596523,0.0002732042223856538,0.14201611561243854,0.004804863249689117,0.5878831468175435,0.006526422378271058,0.0026698566400518483,0.0003725429931727191,0.0002533412355129212,0.00021299296499604727,2.840492659690354e-05,1.1244873713416362e-06
71,0.01487211093057745,3.4428030885362016e-06,0.0007360626517068007,0.04557370570551573,0.003472438227590925,0.0005822245256677329,0.00029459693735067315,0.005739965089683298,0.00010442814890227248,0.003042001521326402,0.1413949426503145,0.00044704766974598676,0.0017006378417138265,0.0006681261758221521,0.00031018797938809717,0.11649366541266325,0.004746745505023503,0.6494234744489172,0.007445827043217138,0.0020712276491256574,0.0003837479128159062,0.0002529141579278569,0.00021157873655379156,2.7764531427439977e-05,1.1357439338125649e-06
72,0.011509984390539275,6.170037175411995e-07,0.0006204670895197601,0.029621032809236555,0.0026787121650142156,0.0005670081575550413,0.0007057755979916196,0.008114209243398944,5.871043143562731e-05,0.0024907257949041044,0.041318481515207894,0.0004318714106423026,0.003864963805698003,0.0004169567661005072,8.292673305508469e-05,0.25562535005377035,0.004835037860176099,0.628930282967546,0.00522893650734386,0.0023408677528982146,0.0002923939445996547,0.00011298220515009758,0.00010376958496507196,4.7637759401095574e-05,2.9845013300626633e-07
