,0,1,2,3,4,5,6,7,8,9,10,11,12,13,14,15,16,17,18,19,20,21,22,23,24
0,0.0010726152411543643,3.1115528911699897e-08,1.0884732636128898e-05,8.301116226202009e-08,0.004477950183391076,6.962953608499296e-08,8.151428415902423e-06,0.00011791562983882625,8.92184538822432e-06,5.187850442765714e-09,0.9822750744625509,8.75360699221063e-07,8.420391259973926e-06,0.0006970866411798998,1.3462157343858218e-09,5.2182968136242736e-11,1.2968034946431572e-06,0.0047747625160179386,1.1273903217080778e-07,1.0508014016919682e-07,0.0065395418754732905,5.6096683499360495e-06,3.795560192468598e-07,7.88081252600238e-08,2.6694356436755008e-08
1,0.0011564632672341076,3.2909353444301495e-08,1.5477086663745537e-05,9.81102593095488e-08,0.006114524492509056,9.941739984578445e-08,1.1982902415724711e-05,0.0001396675495944749,1.7097621057543805e-05,9.337083744516175e-09,0.9728678982236946,8.073759574923503e-07,1.2665458682883908e-05,0.0009282539966366934,1.5562177696442263e-09,8.123643495936665e-11,1.1655103734357897e-06,0.007716406509249056,1.9995580666401846e-07,1.8361783834729544e-07,0.011009638904021823,6.591654792306278e-06,5.551709334753063e-07,1.4467826116044608e-07,3.46127269663929e-08
2,0.000784357718147351,3.120248819267312e-08,1.0225458117086185e-05,6.991768201260561e-08,0.005542573887911421,6.45515810758419e-08,7.122073415162089e-06,0.00011376860743785465,1.1054351391828591e-05,6.111640157171718e-09,0.9820717727789344,8.35902957433812e-07,7.329977610295318e-06,0.0010221806253832117,1.7416419910499848e-09,5.111087017485359e-11,1.0905510871840311e-06,0.003993256890844646,9.729799961398038e-08,1.4506499229371305e-07,0.006427525589690119,6.001644239705622e-06,3.673708988618153e-07,8.424328088494137e-08,3.6389516448933955e-08
3,0.0010645322782741149,3.102590707237897e-08,1.081878329182406e-05,8.200792656465195e-08,0.004457967964707115,7.039391958525076e-08,8.13502303599102e-06,0.0001177356128487863,9.109322221954619e-06,5.26156883124275e-09,0.9822964646089744,8.671892344154375e-07,8.43378901800108e-06,0.000705617511338612,1.3556369277586866e-09,5.1874750646015877e-11,1.2710803344503151e-06,0.0047711743848174795,1.1340472957040346e-07,1.0594975388440385e-07,0.006541291915254813,5.686732253778961e-06,3.7864469512112216e-07,7.879114472470343e-08,2.6917237304945524e-08
4,0.001077231140080716,3.476542230592827e-08,1.2387373100561429e-05,8.965822274926979e-08,0.004420879249810956,6.698405370067451e-08,8.907905402486504e-06,0.00012797669443314778,9.93595906321477e-06,5.98647351458093e-09,0.980607408568473,9.111412089116312e-07,1.0203150784294456e-05,0.0008667327535347299,1.3291241655469656e-09,5.364453440400074e-11,1.2756892418450979e-06,0.005449717062179413,1.2100949108723177e-07,1.2650923317642416e-07,0.007399441289418563,6.041867853220497e-06,3.909571471798274e-07,8.544296591234604e-08,2.7459636230656798e-08
5,0.0012154932473328196,3.1751531248421924e-08,1.396573474316098e-05,1.2503446868458853e-07,0.005656010933055624,8.173490253450246e-08,9.422106436596611e-06,0.00012963792679422821,1.0466450143429824e-05,6.938809338238081e-09,0.9748102675707085,8.307061056766987e-07,1.0308108018341117e-05,0.0008390263789514676,1.2190400899773397e-09,5.865399076738587e-11,1.392765497672681e-06,0.008629146560902174,1.3966060287358058e-07,1.4309627436456382e-07,0.008667942729387507,4.847821600673158e-06,5.82657713305198e-07,1.0488692550197905e-07,2.3921400366278472e-08
6,0.0010645322782741149,3.102590707237897e-08,1.081878329182406e-05,8.200792656465195e-08,0.004457967964707115,7.039391958525076e-08,8.13502303599102e-06,0.0001177356128487863,9.109322221954619e-06,5.26156883124275e-09,0.9822964646089744,8.671892344154375e-07,8.43378901800108e-06,0.000705617511338612,1.3556369277586866e-09,5.1874750646015877e-11,1.2710803344503151e-06,0.0047711743848174795,1.1340472957040346e-07,1.0594975388440385e-07,0.006541291915254813,5.686732253778961e-06,3.7864469512112216e-07,7.879114472470343e-08,2.6917237304945524e-08
7,0.0010348015758572036,3.1990004659581444e-08,1.0815067213665398e-05,8.371905120106062e-08,0.004744868337817246,7.259409194051526e-08,8.25699389638762e-06,0.0001175401815485947,9.574687022035795e-06,5.426552387355737e-09,0.9817602791623236,8.967966178669854e-07,8.198003476878912e-06,0.0007455910671164938,1.3979443546165922e-09,5.389857624708023e-11,1.3230173253718239e-06,0.004789215545912748,1.1520874601859079e-07,1.0876311888524023e-07,0.006761954191844231,5.749494868547765e-06,4.042271998713037e-07,8.360033385646238e-08,2.8896217321467455e-08
8,0.0026243849243738895,5.378294157614092e-08,3.286463433206001e-05,1.6216820137053926e-07,0.008777231169752507,7.621580835577629e-08,5.53297759605647e-06,0.00010980809735563697,1.53171873176043e-05,1.0754626128593588e-08,0.9749198336575917,1.3242561479419165e-06,1.1375254833724268e-05,0.0013237245049705893,1.870999748811137e-09,8.394351425573136e-11,2.3974891654249042e-06,0.005298263448214329,8.216406120446416e-08,1.618174180913502e-07,0.006870017539163114,6.134555721148579e-06,8.821130285600588e-07,2.9150281754596433e-07,6.782961804834046e-08
9,0.0015737570472074479,8.817776366098754e-08,3.556875932332441e-05,1.5779756407083726e-07,0.009532433703143987,7.697533226087314e-08,7.6185304270966095e-06,0.00016423705642734396,2.2349580715345384e-05,2.297832292744877e-08,0.9632173135537938,1.2639974677991475e-06,1.641838914810455e-05,0.002701656625003738,2.035006536742823e-09,1.3803409852683535e-10,2.5419461829292136e-06,0.007746435793227207,1.7648785169638554e-07,3.040873603135286e-07,0.01496670918629701,9.516683988107786e-06,8.961582033077328e-07,3.621766821544319e-07,9.213552596787684e-08
10,0.0010645322782741149,3.102590707237897e-08,1.081878329182406e-05,8.200792656465195e-08,0.004457967964707115,7.039391958525076e-08,8.13502303599102e-06,0.0001177356128487863,9.109322221954619e-06,5.26156883124275e-09,0.9822964646089744,8.671892344154375e-07,8.43378901800108e-06,0.000705617511338612,1.3556369277586866e-09,5.1874750646015877e-11,1.2710803344503151e-06,0.0047711743848174795,1.1340472957040346e-07,1.0594975388440385e-07,0.006541291915254813,5.686732253778961e-06,3.7864469512112216e-07,7.879114472470343e-08,2.6917237304945524e-08
11,0.0011149962087729469,3.221980707681702e-08,1.1673894227325812e-05,8.934743937195038e-08,0.0044027724063364655,7.027039310807676e-08,8.903214539931101e-06,0.00012168688526202704,9.370569769839992e-06,5.434013134387466e-09,0.9819069553069717,9.354315811422903e-07,9.893150428340521e-06,0.0007075870949215932,1.4250668616083274e-09,5.7700396613433796e-11,1.296974129019558e-06,0.00501486061936112,1.225735914017864e-07,1.1928141265814916e-07,0.006682228456265502,5.902521268697296e-06,3.815938717565893e-07,8.762583179932521e-08,2.743703656773531e-08
12,0.0009163630874695175,2.6262324249889732e-08,1.2647624345184587e-05,6.408592087404456e-08,0.006462674625766427,6.940842968053261e-08,6.982890196810948e-06,9.676920027228538e-05,9.454369266169486e-06,5.121986566165366e-09,0.9804130795458068,8.345278767360774e-07,6.052009664601004e-06,0.0008545598286405641,1.2016314906180474e-09,4.5449436465508226e-11,1.4136169627224384e-06,0.004203713179331196,7.536262834533708e-08,1.1748383876425433e-07,0.0070100655517373826,4.460375048367422e-06,4.474253399277055e-07,8.901620014737078e-08,3.4153865608147384e-08
13,0.004760674644657079,1.1344262138808435e-07,6.475250039796309e-05,1.072819666325336e-06,0.023807008878176737,7.403747373292876e-07,5.251085475102125e-05,0.00023736865030912513,7.094106215861876e-05,5.6581918469628415e-08,0.8800866640349854,1.098022864002139e-06,4.1241878990635825e-05,0.001324710868041483,2.699213401407539e-09,3.598683882424581e-10,5.213172043600711e-06,0.0515676192348072,1.0147913359245483e-06,4.773849786796343e-07,0.03795882834906029,9.214034833904802e-06,7.616835635515183e-06,1.0027516575447822e-06,5.577228998769512e-08
14,0.0014552784425105997,2.2851655256813555e-08,1.1869925779762757e-05,6.467442775757432e-08,0.004009798504201351,8.93275498957031e-08,9.760111346171839e-06,0.00012557069908988337,1.196456694042207e-05,4.3399990867818375e-09,0.9848837870485554,1.2255700987836905e-06,8.858427212130444e-06,0.0006366558030596877,1.6673058551002625e-09,6.573702959066447e-11,1.137013896083783e-06,0.003897829378106588,8.458186891369068e-08,1.1582987333238151e-07,0.004938400496639849,6.969383119487878e-06,3.7928304364456176e-07,9.460602195017228e-08,3.740196096473288e-08
15,0.0010645322782741149,3.102590707237897e-08,1.081878329182406e-05,8.200792656465195e-08,0.004457967964707115,7.039391958525076e-08,8.13502303599102e-06,0.0001177356128487863,9.109322221954619e-06,5.26156883124275e-09,0.9822964646089744,8.671892344154375e-07,8.43378901800108e-06,0.000705617511338612,1.3556369277586866e-09,5.1874750646015877e-11,1.2710803344503151e-06,0.0047711743848174795,1.1340472957040346e-07,1.0594975388440385e-07,0.006541291915254813,5.686732253778961e-06,3.7864469512112216e-07,7.879114472470343e-08,2.6917237304945524e-08
16,0.001248408317518768,3.3991749291959294e-08,1.7167038498100084e-05,1.0670618118203842e-07,0.007449680563566534,9.751238512048935e-08,1.1050616080719271e-05,0.00011532914639245735,1.3039070203402238e-05,7.159477355355514e-09,0.9743107109820502,8.535449025624811e-07,1.043092116616738e-05,0.0007753250491028507,1.298257781223436e-09,6.952711241989181e-11,1.6108004033028774e-06,0.006273667425116877,1.3256795152022763e-07,1.557440319668143e-07,0.009766384592273119,4.945187463038715e-06,6.747026541053107e-07,1.5243922800071766e-07,3.455381848266303e-08
17,0.0010614451500189886,2.9013825750954657e-08,1.1638920675707482e-05,7.803785963462896e-08,0.004642925765465956,6.489096615642779e-08,8.671377057728767e-06,0.0001123783642143112,9.141968199208111e-06,4.621150179212276e-09,0.9815360730761714,9.302255649175548e-07,8.201846925514017e-06,0.000765943141809529,1.1146799797340948e-09,4.566606435150898e-11,1.2838627138198236e-06,0.00496001338869299,9.629848081727688e-08,1.0273536143036775e-07,0.006875436145657044,5.043529365645122e-06,3.905551277734194e-07,7.9826578122244e-08,2.60977716621059e-08
18,0.0009230724389461395,3.501547721178104e-08,1.2511841896977804e-05,6.669182759878327e-08,0.004685314434864381,6.777696298734311e-08,9.317470744138397e-06,0.00011791526470732965,9.937900529081084e-06,5.718822838468523e-09,0.979985058897325,1.114557464028818e-06,8.055544408489059e-06,0.000985924009619917,1.5004124141235383e-09,6.883256208487194e-11,1.6224098242234473e-06,0.004458234161547859,1.1887595983754828e-07,1.242775672496444e-07,0.008794784023780306,6.135516734545135e-06,4.383238879272764e-07,9.976989478303868e-08,4.3507962275811394e-08
19,0.0010672356654731945,6.323608813784056e-08,1.1041607789910343e-05,2.2588779864186203e-07,0.008832141663871963,1.5491751466447296e-07,1.1921388266158406e-05,0.00014754621934600032,2.077090110398595e-05,1.1186555681927646e-08,0.9779177103461676,1.290352842059462e-06,1.1896873696916213e-05,0.0010295250208605014,2.8930034179560844e-09,7.78031256154482e-11,1.5780535639785297e-06,0.005119700568283895,1.9002664393758515e-07,1.6869083600114418e-07,0.0058155037743579975,1.054622798569233e-05,6.030544736323235e-07,1.311235046392248e-07,4.024216833661906e-08
20,0.0020137458780400777,2.1395226120996757e-08,2.5370117875388527e-05,9.51812393455491e-08,0.010319072384807405,7.233495497260459e-08,1.1582322971429691e-05,7.54489528941091e-05,9.38142903850187e-06,3.4716189200129584e-09,0.9672309421501512,1.3475589947319535e-06,6.321343058826478e-06,0.0005779119860431902,7.035355443526556e-10,7.455546593903553e-11,2.4760486586935482e-06,0.008813269617626594,7.574726579116951e-08,9.479607498713151e-08,0.010909547517083241,1.7632400342424802e-06,1.1814744693422893e-06,2.369444458123546e-07,3.7329336011488795e-08
21,0.0019348625404296044,3.131217966370028e-08,2.5519406089393955e-05,8.291785152224275e-08,0.004114597963169159,3.716418449232623e-08,7.980312635490416e-06,0.00014730855910429253,7.824454728793259e-06,5.178856257283421e-09,0.9719787249246935,1.3884665317250873e-06,1.1861609597381939e-05,0.0012245854110780397,6.890877624948645e-10,7.171116500381364e-11,1.7446963552629732e-06,0.010122969160138301,7.605589960755009e-08,1.39182836101356e-07,0.010415667427084718,3.943384212169097e-06,4.858685641444788e-07,1.3308855457769387e-07,3.015442689009741e-08
22,0.0005490048111959258,5.38156581082752e-08,4.115519570782433e-06,1.5194352028096483e-07,0.016615494730932084,1.3374231757437671e-07,4.496647214018992e-05,3.9313658937904005e-05,0.00010367135085331515,2.605467000534184e-09,0.9783353917273474,4.2368907095094345e-06,1.654459194301762e-05,0.0008189888824655151,9.898473681862617e-09,8.454669323536116e-11,3.5970436193754283e-07,0.0009726549854044434,1.6330280677677599e-07,1.803196540442971e-07,0.0024824455049253214,1.1114754917989627e-05,3.366981948056723e-07,5.204009377543802e-07,1.4360271793475165e-07
23,0.0010645322782741149,3.102590707237897e-08,1.081878329182406e-05,8.200792656465195e-08,0.004457967964707115,7.039391958525076e-08,8.13502303599102e-06,0.0001177356128487863,9.109322221954619e-06,5.26156883124275e-09,0.9822964646089744,8.671892344154375e-07,8.43378901800108e-06,0.000705617511338612,1.3556369277586866e-09,5.1874750646015877e-11,1.2710803344503151e-06,0.0047711743848174795,1.1340472957040346e-07,1.0594975388440385e-07,0.006541291915254813,5.686732253778961e-06,3.7864469512112216e-07,7.879114472470343e-08,2.6917237304945524e-08
24,0.0009754440169457666,6.810423028551649e-08,1.0327595010262362e-05,2.0371673029277622e-07,0.005341120812728618,8.333219420432806e-08,9.091469449916869e-06,0.00016477624037713312,1.0344541909906115e-05,1.0071788461754528e-08,0.976769258916018,9.158121821346109e-07,1.1170154553085014e-05,0.0010606789915048312,1.8277311358417088e-09,6.550452614008867e-11,1.8622173621327108e-06,0.007290473770296522,2.255465092937305e-07,1.2758008231579513e-07,0.008345263850733482,7.89937737706305e-06,5.397729737414616e-07,8.68477639486331e-08,2.536804297673266e-08
25,0.003807851288700624,3.2195972434428333e-07,3.2809718916228256e-05,5.516451704976755e-07,0.01483333267119305,3.654203146178151e-07,1.9765259092834726e-05,7.623164466882015e-05,8.5900469291083e-05,4.8535407589825243e-08,0.9629155451560762,1.7297314120633667e-06,3.953675988806705e-05,0.0015963551702959356,1.959371609293634e-08,3.2787811119738774e-10,4.7059818621705755e-06,0.004375819757070125,1.056432549294747e-06,2.510781845187716e-07,0.012172255313107344,3.215869044874559e-05,2.0832972765100137e-06,1.0470347390239353e-06,2.570630161898744e-07
26,0.0027098779345238683,3.1768077842456135e-08,3.837783243403758e-05,1.750706290400012e-07,0.013115986090315303,1.1697070950484196e-07,1.2054021497739061e-05,9.531523505224239e-05,2.5280445232490492e-05,9.536530056896118e-09,0.9554967982145688,1.0468321825558704e-06,1.3510985600457842e-05,0.001159165971690413,1.001535809233931e-09,7.821990064551303e-11,1.7854885414116073e-06,0.014643963447048996,1.1323909725835341e-07,2.174264771880274e-07,0.01268058556118893,3.400770025990751e-06,1.7057351090022199e-06,4.3603706226756507e-07,4.4306649033950554e-08
27,0.0010678870662063661,3.5412881673562114e-08,6.981239829338057e-06,1.0258997232231358e-07,0.004442409419393928,1.2318087279458502e-07,7.928733126893495e-06,0.0001307415639107743,1.701853996629056e-05,6.578216020672524e-09,0.9866855803845183,9.495989046737439e-07,8.726365964181908e-06,0.0006545258681353148,2.542783414161415e-09,5.1810990037811055e-11,8.268886288099152e-07,0.003446076220378897,1.3406342648253343e-07,1.0938922270352154e-07,0.0035183368574630215,1.1059969302011428e-05,3.251514369448838e-07,8.003786054894375e-08,3.228578717360555e-08
28,0.0010645322782741149,3.102590707237897e-08,1.081878329182406e-05,8.200792656465195e-08,0.004457967964707115,7.039391958525076e-08,8.13502303599102e-06,0.0001177356128487863,9.109322221954619e-06,5.26156883124275e-09,0.9822964646089744,8.671892344154375e-07,8.43378901800108e-06,0.000705617511338612,1.3556369277586866e-09,5.1874750646015877e-11,1.2710803344503151e-06,0.0047711743848174795,1.1340472957040346e-07,1.0594975388440385e-07,0.006541291915254813,5.686732253778961e-06,3.7864469512112216e-07,7.879114472470343e-08,2.6917237304945524e-08
29,0.0010645322782741149,3.102590707237897e-08,1.081878329182406e-05,8.200792656465195e-08,0.004457967964707115,7.039391958525076e-08,8.13502303599102e-06,0.0001177356128487863,9.109322221954619e-06,5.26156883124275e-09,0.9822964646089744,8.671892344154375e-07,8.43378901800108e-06,0.000705617511338612,1.3556369277586866e-09,5.1874750646015877e-11,1.2710803344503151e-06,0.0047711743848174795,1.1340472957040346e-07,1.0594975388440385e-07,0.006541291915254813,5.686732253778961e-06,3.7864469512112216e-07,7.879114472470343e-08,2.6917237304945524e-08
30,0.0010645322782741149,3.102590707237897e-08,1.081878329182406e-05,8.200792656465195e-08,0.004457967964707115,7.039391958525076e-08,8.13502303599102e-06,0.0001177356128487863,9.109322221954619e-06,5.26156883124275e-09,0.9822964646089744,8.671892344154375e-07,8.43378901800108e-06,0.000705617511338612,1.3556369277586866e-09,5.1874750646015877e-11,1.2710803344503151e-06,0.0047711743848174795,1.1340472957040346e-07,1.0594975388440385e-07,0.006541291915254813,5.686732253778961e-06,3.7864469512112216e-07,7.879114472470343e-08,2.6917237304945524e-08
31,0.0018387894541674675,3.297828466839249e-08,1.872297272929261e-05,7.349118793038521e-08,0.0029119719856550617,5.3338316426728865e-08,7.986872778707463e-06,0.00021035080222013685,5.626441637197569e-06,5.638494144707229e-09,0.9777026610185798,9.132526667165037e-07,1.0663468072889971e-05,0.0006705430374159315,7.556723189284893e-10,7.27794303357225e-11,1.849850875235201e-06,0.007872190877790427,9.864774770982701e-08,1.0914983167172954e-07,0.008741658531142319,5.235702923676397e-06,3.735213225980312e-07,6.741944206419054e-08,2.0718266424243356e-08
32,0.0010059300337776573,3.29603272259105e-08,1.0324316915814729e-05,9.253384129338339e-08,0.004498808479372371,7.848860611651852e-08,8.807572667042041e-06,0.00012110127710288329,9.310047617545615e-06,5.8125030171323995e-09,0.9817617668839025,8.555780121534467e-07,8.962201129427545e-06,0.0006700777570291405,1.6213718877190303e-09,5.975901186371943e-11,1.3493217635052081e-06,0.004885261788137482,1.473648114702495e-07,1.1252100746276899e-07,0.007010340056114776,6.117201523174814e-06,4.0525065346459894e-07,8.310977043246963e-08,2.7762283227539465e-08
33,0.0011782446782046608,2.851300145200285e-08,5.712963806577419e-06,1.0019711245586125e-07,0.0014495275386690759,3.49563376364302e-08,7.588570978052917e-06,0.00018510859952144805,2.3166630180908363e-06,1.895399758751603e-09,0.9883840942005062,1.4154105637636459e-06,9.360120315119951e-06,0.0002866536229257035,6.950264065706536e-10,5.200834150451914e-11,1.6933766885789139e-06,0.004844999460436289,1.0395911712033015e-07,4.533493892085229e-08,0.003637022602957625,5.753430197454934e-06,1.5424531700187094e-07,2.9560272952774914e-08,9.352679041675397e-09
34,0.0006267079167082896,7.822892296008781e-08,1.0919451789637861e-05,1.1877515060648318e-07,0.00729799360119011,1.0768405865559458e-07,1.0656208841559827e-05,0.0001785546930251829,1.433632172246392e-05,1.204663097281675e-08,0.9746773113729275,1.3495106841512671e-06,8.534404284481096e-06,0.0017263174477229986,1.86834689013709e-09,9.557219663668955e-11,2.4986134529338278e-06,0.004891432549170893,1.709011025859949e-07,1.8056255852706997e-07,0.010541297480692415,1.0620360494537255e-05,6.255806496182782e-07,1.1484675517715953e-07,5.9477544830346344e-08
35,0.0022129100311560476,2.65069638173926e-08,1.1327289924203497e-05,8.660301041507904e-08,0.002416892678235908,8.719963655401654e-08,8.625894869217904e-06,0.00021609347083671767,8.216667829517538e-06,5.1379466866899e-09,0.9815561083403381,1.1623324593175505e-06,1.0728372243927304e-05,0.00044888812464501544,8.95078363000499e-10,7.479620617274191e-11,1.2644819685566774e-06,0.00824905869323996,1.2017746660837877e-07,7.931491422741757e-08,0.004849965507584272,7.973635755948965e-06,2.977992699160073e-07,6.321948812235771e-08,1.755034229440043e-08
36,0.0015574077593071042,6.923934417668192e-08,1.0111717785367305e-05,1.0383735885509163e-07,0.002344391858917953,8.91146675733288e-08,8.94846368175896e-06,0.00038550791641014487,1.1962920635107443e-05,1.1631669672056522e-08,0.9817319408873457,1.804379173877706e-06,1.4129396470024931e-05,0.0012751360769801291,1.6460873135397822e-09,1.2268801710465919e-10,2.026876015516193e-06,0.006994573779002276,1.7224085004980866e-07,1.33523066984998e-07,0.005637593199541326,2.3529829423675247e-05,2.652946770627943e-07,5.5741507283134714e-08,3.2547393226035066e-08
37,0.0009931982946767186,3.149931398970441e-08,9.897915242830206e-06,8.090890105525782e-08,0.00436969398376889,7.197983903920663e-08,7.917533865260612e-06,0.00011919515667342953,8.941572047752046e-06,5.285666852162718e-09,0.9830443387516027,8.460005874676485e-07,8.119530901059185e-06,0.0006855478729014802,1.4320376797872357e-09,5.15705721106376e-11,1.2510967225533966e-06,0.004456063244756843,1.168446178019054e-07,1.0380046773907495e-07,0.0062881416852630725,5.974588459278784e-06,3.6065528217334337e-07,7.356738822437279e-08,2.674744537596984e-08
38,0.0018425145227234261,2.396820627515544e-08,1.4372581112643739e-05,1.2545444667585692e-07,0.003463997955240096,1.762730753103073e-07,2.2549567740222928e-05,0.00017852531295754764,9.892708536522495e-06,7.060978661490546e-09,0.9710247413642826,8.928057322542129e-07,1.6011637354865926e-05,0.00037648898106201094,2.180906065520781e-09,1.5445294981674832e-10,1.8860529711307796e-06,0.011462193287161805,3.5763356229378677e-07,1.6504235645327112e-07,0.011577524415476183,6.653191745220811e-06,7.618512856295687e-07,1.1133453901535133e-07,2.4662093976459915e-08
39,0.0010726125864871333,2.768726840115282e-08,1.0666586811293197e-05,7.51090349909155e-08,0.003934472031844778,7.378019462095143e-08,8.645939422142134e-06,0.00013467891707575185,8.072670762017046e-06,4.869197211998203e-09,0.9826668360843724,9.06991713860144e-07,8.250237519836184e-06,0.0006197300361164909,1.2499747344977468e-09,5.742441711094576e-11,1.314142806108806e-06,0.0048589182375141544,1.1284915120676441e-07,1.0300362223124453e-07,0.006668311981801411,5.727308060059135e-06,3.6059388046919703e-07,7.165055060928565e-08,2.5397393926833025e-08
40,0.00118361264757465,2.5329650178651385e-08,1.1198627811223363e-05,4.2754528200479235e-08,0.0035639533003745238,5.218090256954138e-08,6.00960068348897e-06,8.00359754624701e-05,6.675120221611025e-06,2.7721064334278624e-09,0.9893478977258613,1.1401730422655088e-06,6.5336919145552054e-06,0.0005804069667954061,1.3809666334401285e-09,3.234337264373046e-11,1.1516846081945342e-06,0.0018335722970889347,4.3732108720443396e-08,7.133722602754601e-08,0.003371581873314436,5.720327643319632e-06,1.9102811680875114e-07,4.77968066022493e-08,3.164284811885485e-08
41,0.0011256296607498784,2.2380126666418778e-08,6.931788825304488e-06,1.224072130655061e-07,0.007354702282038552,1.0473833764744418e-07,5.6054604641917205e-06,7.824436323922092e-05,1.2105500665123289e-05,4.234831744073429e-09,0.9856246769863369,7.290006292895902e-07,5.390379950044798e-06,0.00041037096357166816,2.3556819839418324e-09,3.1282837849870885e-11,7.704642312284291e-07,0.0028360986400009325,8.129358527238773e-08,7.619826787157232e-08,0.002533004089712879,4.865533119323067e-06,3.6449525564734774e-07,7.430131271932626e-08,2.2450569831314218e-08
42,0.0018290248281462452,2.7842809228287044e-08,3.439407365638801e-05,1.0623689626765101e-07,0.012478654013933516,4.5378192369752393e-08,1.2581162103560432e-05,5.7418041520697496e-05,1.434037998466008e-05,4.428426189590967e-09,0.9501335700075745,9.427654814363464e-07,8.190497008563123e-06,0.0018076966730762054,6.029762261378674e-10,3.431597247889221e-11,1.5573375406222218e-06,0.014729797771947925,6.1759684040909e-08,1.3130793763183876e-07,0.018888434438519563,1.3365370339383573e-06,1.4282518332595189e-06,2.234844658547168e-07,3.2144935357985806e-08
43,0.0008944778425540134,3.598599350935684e-08,1.1900328738588214e-05,9.953994561063073e-08,0.005407907468419433,1.8554472283974561e-07,8.351578582765178e-06,0.00019910962886453195,1.609358094090929e-05,1.67097130376913e-08,0.9755031991592061,4.852866345166306e-07,9.76491155249466e-06,0.0009034741762150959,2.479194549189381e-09,7.699200754843865e-11,1.2441776848751748e-06,0.006005310554925373,2.554513805575009e-07,1.8948685710820072e-07,0.011025880643682581,1.1375873971701093e-05,5.260135112079774e-07,8.210523407528377e-08,3.1394482589872935e-08
44,0.0010645322782741149,3.102590707237897e-08,1.081878329182406e-05,8.200792656465195e-08,0.004457967964707115,7.039391958525076e-08,8.13502303599102e-06,0.0001177356128487863,9.109322221954619e-06,5.26156883124275e-09,0.9822964646089744,8.671892344154375e-07,8.43378901800108e-06,0.000705617511338612,1.3556369277586866e-09,5.1874750646015877e-11,1.2710803344503151e-06,0.0047711743848174795,1.1340472957040346e-07,1.0594975388440385e-07,0.006541291915254813,5.686732253778961e-06,3.7864469512112216e-07,7.879114472470343e-08,2.6917237304945524e-08
45,0.0008145965173665744,1.7979457576147455e-08,4.705076302437919e-06,1.299905493995419e-07,0.005661820545925311,1.4057429942339042e-07,1.5567455836511653e-05,0.00011638557949802021,1.3190090204533332e-05,3.3481006079897316e-09,0.9866952700968996,9.018973982358864e-07,9.660060900542197e-06,0.0002658970399881455,3.2844446785412062e-09,6.254207230782735e-11,6.43585619552008e-07,0.0033709143641156604,1.7277922660947339e-07,1.2792638197075009e-07,0.0030227298726503865,6.7328529523908294e-06,2.967316457493085e-07,7.326581892425035e-08,1.9021874979539575e-08
46,0.001235709281501455,3.53439764304087e-08,9.833666829750753e-06,9.257101211623842e-08,0.0036802451999360204,6.973758917878513e-08,7.274059880658691e-06,0.00012875035278178142,5.874437517211594e-06,4.291474100250853e-09,0.9857479445875783,1.1073515701586472e-06,7.761938330690462e-06,0.0004917645578153715,1.4885496803004444e-09,6.27736620551202e-11,1.983953225060969e-06,0.003713652369593655,1.0809234094280408e-07,7.981019859760229e-08,0.004960804038262872,6.47755229347512e-06,3.3516300665687325e-07,6.426865593724044e-08,2.582330620598058e-08
47,0.0022276480596650707,7.803182603209527e-08,1.0914702930957642e-05,7.775714391847168e-08,0.002043458152166124,7.082215497305806e-08,1.1657932277348126e-05,0.00017826238370169693,8.33259576475923e-06,4.796887152161579e-09,0.9893490290891807,2.8111811291380413e-06,1.6906391741142902e-05,0.0004319708201536112,2.0725687807684652e-09,1.4226873590272375e-10,2.2672178698580393e-06,0.0026369857249528943,1.395863539283583e-07,7.948440167405477e-08,0.003061666672575084,1.734770877537936e-05,1.656983928020138e-07,7.9164775186789e-08,4.381034306484002e-08
48,0.0016216587908259134,1.9393041110715427e-07,1.232253091133955e-05,2.877279310252438e-07,0.0028701378109945515,9.348484623986674e-08,8.991933524494586e-06,0.00034436037413860377,5.756979361141068e-06,1.6115875484774118e-08,0.9786928960879112,1.2695883146062465e-06,1.4326724930524477e-05,0.0009661635086323501,2.3099624199127517e-09,1.2447679882747596e-10,6.262854910116313e-06,0.006763071368533377,3.686609542580488e-07,9.062719996596954e-08,0.00867303413894125,1.8115521005678116e-05,5.007790247536247e-07,5.1785482302599495e-08,2.624090052939821e-08
49,0.001276471542364536,2.4184871373017818e-08,1.2308367107040311e-05,7.082793665976738e-08,0.004147955764442768,9.070824078672544e-08,8.976944301748116e-06,0.00012684092557200657,8.952326369471001e-06,4.3330147791976736e-09,0.9835901442144073,1.0931496459823894e-06,8.224390880447367e-06,0.0005760738315406758,1.0630449151675094e-09,5.255274225580998e-11,1.2274285196369481e-06,0.00473563260510058,8.022333476377618e-08,1.0427282083682719e-07,0.0054998083653110255,5.430856692958512e-06,3.8258074993224583e-07,7.458742227236044e-08,2.6453754850081595e-08
50,0.0009483006544791152,5.216081677261602e-08,1.3120149185298314e-05,9.907070808982039e-08,0.0038644706657359512,8.974242632145604e-08,1.1360317945700243e-05,0.0002311959582199872,1.319929142849139e-05,1.2174159444553367e-08,0.9773108226643291,7.978814719186603e-07,1.3209339972319267e-05,0.0012904786433750363,1.5972868631606359e-09,6.319623564260537e-11,1.2528070677564455e-06,0.00611054332967172,1.9595767812592056e-07,1.5486580177282553e-07,0.010179612379367712,1.0595562842929118e-05,3.4468116783083126e-07,6.298223047927194e-08,2.7059434782397157e-08
51,0.0010270018624662543,4.1552286292344756e-07,5.967555308925155e-06,4.191758649881843e-07,0.0023372885174175115,3.965592802125409e-08,3.213321771370235e-06,0.00032361964050169463,6.727676235669108e-06,1.6590844620654134e-08,0.9880078634517481,1.280722928971421e-06,1.680092162574987e-05,0.0017382037297855601,2.7649563336204578e-09,4.407959265432929e-11,1.5727592750428736e-06,0.0037984524210035874,2.0309958943161917e-07,8.20705591787788e-08,0.002703908917329998,2.6743638463133878e-05,1.3218494965590517e-07,2.649792862953631e-08,1.7256575045809312e-08
52,0.000977690291531141,3.190626100876056e-08,1.100007701560814e-05,7.389395331342199e-08,0.0049140468272389016,6.590471795301064e-08,9.328911430023296e-06,0.00010197691271219154,8.821157630945627e-06,4.136359119742652e-09,0.9828616332137478,1.0117151461851492e-06,7.708957016281775e-06,0.0006906978312564239,1.284927907083786e-09,4.864360537611639e-11,1.4045011243088948e-06,0.0037529832901827495,9.670001624914287e-08,9.504923217405756e-08,0.006655784173115643,5.0510021140629645e-06,3.799827667826613e-07,8.171581587086135e-08,3.051604380882079e-08
53,0.0008758291791800347,1.7521691498768648e-08,7.077594439051573e-06,5.380445039047352e-08,0.003978390931539768,1.0145867327033685e-07,2.1447218073760855e-05,0.00011152248436869002,1.230233117390786e-05,2.2203823096571174e-09,0.9851745633500254,1.440403424647078e-06,7.3273420661363664e-06,0.0005108227794258888,1.2812496501940878e-09,4.986091507495309e-11,8.18266776889537e-07,0.0040073248846587755,8.338688589892049e-08,9.740601446741465e-08,0.005285603960164216,4.692008208373361e-06,3.838723957859301e-07,6.823722207714792e-08,2.802764823294905e-08
54,0.0007937925302875475,8.748916448076252e-08,1.0957635275139233e-05,6.25768069404889e-08,0.006051980873153773,6.088455550306422e-08,8.249299447907568e-06,0.00011075490176818048,2.0786222935757034e-05,9.197564646680647e-09,0.9833135846626869,2.0410827101060456e-06,9.203021110440857e-06,0.0018719660336552271,3.2516248398938364e-09,9.99323760215907e-11,1.4665962822994189e-06,0.0022375143724940737,1.198425793429587e-07,1.6091502358588667e-07,0.005553830797002666,1.2788403088693495e-05,3.0886387607430804e-07,1.5191414459195206e-07,1.1853282890532433e-07
55,0.0013443842628552232,1.4565523212144396e-08,8.241404985787206e-06,9.153451046804447e-08,0.006435579681307052,9.494004054855014e-08,2.4172318036344396e-05,6.741661083275266e-05,1.7747836289037113e-05,1.3934976818456633e-09,0.9836678398581138,2.9246685953240547e-06,8.086788497919772e-06,0.00036817639221739247,1.0489226277332026e-09,5.2749544051307e-11,7.016743548609576e-07,0.004634445480810326,6.950837340008131e-08,7.503401828630094e-08,0.003416368971489901,2.8754175229034384e-06,4.841030493129953e-07,1.7519341109438894e-07,3.125999523920784e-08
56,0.0010989003544828587,3.164931766466786e-08,1.1111325360569774e-05,8.482468522878342e-08,0.004297260904217097,7.146727532379008e-08,8.538402843493506e-06,0.00012094680818707842,9.222276098496973e-06,5.296245538122395e-09,0.9823375694902593,9.096031732935739e-07,9.017899346484336e-06,0.0007040998490254824,1.3820520191302263e-09,5.386488586679909e-11,1.2791377993094385e-06,0.0048775341902585,1.1692306928197e-07,1.0959649187117716e-07,0.006516848313923121,5.852204106342381e-06,3.8025200060320306e-07,8.076686142179391e-08,2.702905474846691e-08
57,0.0008471605334449599,5.263800040385252e-08,1.191968681717518e-05,8.75265477838776e-08,0.003751907988502577,6.209698955368241e-08,1.1860380481493869e-05,0.00014669099797073005,8.426290935324596e-06,6.997080513248147e-09,0.9790050097660435,1.1513790399742475e-06,1.3364278887352805e-05,0.0007648791039414889,1.690168038789207e-09,1.0144113463802171e-10,1.8515641702350811e-06,0.004626368395308781,2.5292342026218336e-07,1.2976839178978804e-07,0.010800304713234269,8.05992252888812e-06,3.18503254204929e-07,9.731441384313166e-08,3.543898551731461e-08
58,0.001094275364610342,3.343478796397902e-08,1.3213918861303311e-05,1.0186867816017595e-07,0.005915487005915605,7.74939937192754e-08,1.038386444776498e-05,0.00010162961210314771,1.191189764891253e-05,5.70511136919423e-09,0.9792544403964936,1.0285248441759888e-06,1.0454471707665369e-05,0.0007575563338629882,1.6297074001606798e-09,6.661329283650886e-11,1.3743511515956396e-06,0.005140238271415544,1.3718852006834963e-07,1.409915581970519e-07,0.007681551580948982,5.270627391520083e-06,5.120134471592838e-07,1.3780579903299828e-07,3.5580380429098434e-08
59,0.0011339058117457769,3.4776386249281516e-08,1.530501829472543e-05,9.469360859579348e-08,0.006080683881435304,7.556713224403372e-08,9.604940383675857e-06,0.00011060422037213178,1.1551532405711555e-05,6.555692857671216e-09,0.9770601003170578,9.516314838646332e-07,1.0100613894176641e-05,0.0008730718354293234,1.4414984467310117e-09,6.825170609284813e-11,1.5080449414437568e-06,0.005676289022240467,1.2989584959864215e-07,1.4732617094855502e-07,0.009009869662923248,5.25129094627924e-06,5.390722860358331e-07,1.3594256952870797e-07,3.683699990990991e-08
60,0.0010645322782741149,3.102590707237897e-08,1.081878329182406e-05,8.200792656465195e-08,0.004457967964707115,7.039391958525076e-08,8.13502303599102e-06,0.0001177356128487863,9.109322221954619e-06,5.26156883124275e-09,0.9822964646089744,8.671892344154375e-07,8.43378901800108e-06,0.000705617511338612,1.3556369277586866e-09,5.1874750646015877e-11,1.2710803344503151e-06,0.0047711743848174795,1.1340472957040346e-07,1.0594975388440385e-07,0.006541291915254813,5.686732253778961e-06,3.7864469512112216e-07,7.879114472470343e-08,2.6917237304945524e-08
61,0.0012319105576881,3.123593911313303e-08,1.6291882011359904e-05,9.227208103655325e-08,0.006077356263106693,7.8387774075258e-08,9.737284972563705e-06,0.0001088081613014232,1.222024309661476e-05,6.48876766160596e-09,0.9765055754794002,9.064112558514054e-07,1.0108603628828696e-05,0.0008467829187098917,1.3293544082578507e-09,6.366302387172206e-11,1.3914057945505288e-06,0.006094939264668702,1.252965857609608e-07,1.4317863208611774e-07,0.009077849806505335,4.910963317638454e-06,5.589470549881956e-07,1.38747613218984e-07,3.480707676306575e-08
62,0.0010645322782741149,3.102590707237897e-08,1.081878329182406e-05,8.200792656465195e-08,0.004457967964707115,7.039391958525076e-08,8.13502303599102e-06,0.0001177356128487863,9.109322221954619e-06,5.26156883124275e-09,0.9822964646089744,8.671892344154375e-07,8.43378901800108e-06,0.000705617511338612,1.3556369277586866e-09,5.1874750646015877e-11,1.2710803344503151e-06,0.0047711743848174795,1.1340472957040346e-07,1.0594975388440385e-07,0.006541291915254813,5.686732253778961e-06,3.7864469512112216e-07,7.879114472470343e-08,2.6917237304945524e-08
63,0.001074686165319202,4.219758333988249e-08,1.1005377433890459e-05,9.492996106018088e-08,0.004450071941522082,7.16029508317934e-08,8.24963350470678e-06,0.00012677018959702556,9.461912743129165e-06,6.302390777824016e-09,0.9821731378441892,9.482544392378898e-07,9.44844212646586e-06,0.000769566413803038,1.5642513193184197e-09,5.994219165156702e-11,1.4685661424161852e-06,0.004693288591083307,1.3524790533551268e-07,1.1140978402436136e-07,0.006664164713157774,6.7759900992449575e-06,3.7961796320223243e-07,8.331258643379013e-08,2.9719520723397742e-08
64,0.0009922796824548656,3.2180300634208326e-08,1.4400587891561984e-05,7.595604295857053e-08,0.004655333906566882,6.1394156141612e-08,9.365540267314567e-06,0.0001177671245139705,8.073114660435008e-06,5.670907114062196e-09,0.9767531875471466,8.227566330976964e-07,9.334912640435405e-06,0.0008386524475016267,1.1612786061816437e-09,6.00879410328682e-11,1.5910845281505954e-06,0.005707845802608845,1.3172511419432083e-07,1.2414665623384153e-07,0.010885579033982878,4.7574751001036765e-06,4.5536874304608254e-07,9.197776432630516e-08,2.9342452051606965e-08
65,0.0006107381123712725,2.421515101167188e-09,1.1473689322456688e-06,9.466180353711858e-08,0.0020707560142638353,2.0010843775774935e-07,7.709476675389343e-06,5.554862448810991e-05,1.1726207340579227e-06,5.605986248975847e-10,0.9919041214318598,2.83582299657918e-07,1.4537442040616523e-06,2.03059595683332e-05,1.8447766590832762e-09,2.4324732316767812e-11,8.778021428565695e-07,0.003414123095355142,1.7705200231600726e-07,1.5468327537477797e-08,0.0019095659218879137,1.2551656018815344e-06,4.3242876934728054e-07,1.3122356356447823e-08,3.3867036030864253e-09
66,0.000814163150949372,5.648429449564156e-08,5.672580965894678e-06,1.801308913098445e-07,0.00649154302253484,1.5188138326516816e-07,8.92051474652526e-06,9.085254741094683e-05,1.3748674289260625e-05,6.566071409518984e-09,0.9824825871454537,1.1921858631096464e-06,5.3823263825219285e-06,0.00069783651600354,3.5780260468456517e-09,7.008133704905567e-11,2.192354490949839e-06,0.0036949181967408733,2.408556763647382e-07,7.706688976320984e-08,0.005681195422296092,7.981674190975164e-06,9.235660926738595e-07,1.232581820518838e-07,5.0230092580610066e-08
67,0.0011519432899245818,2.842299658449954e-08,1.538671481448072e-05,8.511791729868428e-08,0.0048501717147519845,6.870035448596404e-08,8.19274009005157e-06,0.00012319541572709794,8.329680371468047e-06,6.130260884879817e-09,0.9767196080640012,7.576536138004948e-07,8.936357385807565e-06,0.0008310872045067504,1.1270668500977607e-09,5.568924219129081e-11,1.5073143782208437e-06,0.0065616824895573305,1.1502371049556534e-07,1.2993729617409579e-07,0.009713620337847532,4.500541795578415e-06,5.255950946865802e-07,9.337141815540138e-08,2.6999429311867916e-08
68,0.0010677012640157506,3.055077713487368e-08,1.1671675843822081e-05,8.381256437706474e-08,0.0049861198836060406,7.301772730707332e-08,8.476449401092823e-06,0.0001118320250805295,1.0395132702370176e-05,5.4450207549288145e-09,0.9813474221534123,8.990655139124833e-07,8.56145277585933e-06,0.0007847701405614609,1.345484688832979e-09,5.0447596807007396e-11,1.2179103383116133e-06,0.004905094677274721,1.0717126642850654e-07,1.1433856301005652e-07,0.006749438597507441,5.449360163994318e-06,4.159061399603518e-07,8.935263307311415e-08,2.9221178067148892e-08
69,0.001171104151810925,2.3764200502719402e-08,3.786928334214974e-05,5.0744410533784195e-08,0.004742293752258934,7.646231391416438e-08,1.5809405851569607e-05,0.0002152447094316473,1.3053514204870571e-05,1.0555356319889752e-08,0.9355557343789666,8.932221857723998e-07,1.3203134255245497e-05,0.002177093262510925,6.17760440544911e-10,9.828007347296923e-11,1.6488186043193042e-06,0.017526271901399645,1.3997830503642216e-07,2.909102985162635e-07,0.038523766037720814,4.419348077271994e-06,8.213327822737136e-07,1.4193018373164986e-07,3.8685487867818644e-08
70,0.0009370448648546888,2.0723340759988317e-08,9.16022927997107e-06,1.0585973629250384e-07,0.0076712640569140044,8.577222983446005e-08,9.029149535699273e-06,7.808422240784924e-05,1.269975166156224e-05,3.2225065663900648e-09,0.983119383221082,8.076342731466655e-07,6.325740660012078e-06,0.0006181006866634437,1.392439244282795e-09,2.3892039931352296e-11,7.535733840924905e-07,0.003267192362624113,6.35060444821846e-08,8.820641710265267e-08,0.004265581428310671,3.6695804829272467e-06,4.3560031994540757e-07,7.730292290748985e-08,2.188801640933566e-08
71,0.0014330395148987132,2.608267896038253e-08,7.565053869383546e-06,9.262156613449705e-08,0.002608436367324952,7.25692324832095e-08,5.530096559245117e-06,0.00010778778887144013,5.062178981022591e-06,3.6712694667526417e-09,0.9889631503309081,8.253224908221394e-07,7.460123183078947e-06,0.0003170551379500295,1.6912479840915422e-09,4.610255843538483e-11,1.3480106491991917e-06,0.003247838477361493,1.1189367793085864e-07,5.6850681807647674e-08,0.0032878080628087896,6.396865598488133e-06,2.6379186167613805e-07,4.87403087835634e-08,1.8709917429511634e-08
