,0,1,2,3,4,5,6,7,8,9,10,11,12,13,14,15,16,17,18,19,20,21,22,23,24
0,0.001085966840425528,1.4844704735253191e-06,3.631219824008169e-05,0.00037380844174448083,0.000347184470969127,0.0003593743072758589,0.0003093150882686397,0.005027312755947433,4.68648963755679e-06,3.2687034483160196e-07,0.8275854815432566,0.13393771048471187,1.1471371186942037e-08,0.0004485170046387638,0.0001865506732013487,9.912245368143545e-05,4.3871399434468405e-05,0.00048449406093396634,0.011235886853367185,2.863208536929958e-05,0.014442560242745697,0.0028303751207985747,0.0011205028655706928,1.8544560050340786e-07,1.0326361991285965e-05
1,0.0010868084634777196,1.3481340121307486e-06,5.44309471476548e-05,0.00035471418877578836,0.0004165691461644148,0.0005615377749211189,0.0004082770682708097,0.007312100292350052,1.2772218533052796e-05,5.525297488429327e-07,0.8124984407342881,0.12926530278152235,1.1811294722111552e-08,0.0004902649416436189,0.0002883935798250451,0.00022779178575241786,3.4238562505734307e-05,0.00029423543228277306,0.02529546703438713,4.1644776711444744e-05,0.01757638415117175,0.0029299164405696587,0.0008369499902918162,1.477712757659462e-07,1.1699443076242042e-05
2,0.0010773393532375827,1.3044457820721268e-06,2.7342642419299245e-05,0.00032149339574856316,0.00028143704988620963,0.0004091143750481281,0.0003585062238358807,0.0048001697730762774,4.222580262371653e-06,2.6401965286587473e-07,0.8279577810881718,0.12810720278048532,8.845839113427435e-09,0.0004915303222503522,0.00037935948453570817,0.0001500154455647246,5.3183705584125614e-05,0.00037142869234292315,0.012836091093974926,3.204807802462605e-05,0.016093049821548883,0.004164992017324984,0.0020703164897235738,1.5718657581056713e-07,1.1641089103731837e-05
3,0.001087082349169612,1.50700504369732e-06,3.6050553043498416e-05,0.0003813209191855875,0.00034815456900904516,0.0003574110396143063,0.00030892292308678935,0.00505978120151796,4.626177382260571e-06,3.304319086268838e-07,0.8265918629817035,0.13447782032411573,1.1451394106221215e-08,0.00045340234005692657,0.00018677945424989042,9.901963943090751e-05,4.458160295889478e-05,0.0004919948379873005,0.01127288166124969,2.8644328662395797e-05,0.014753885473334734,0.0028596249737400914,0.0011435817630037353,1.8656271466742702e-07,1.0535436436238974e-05
4,0.001086582418785789,1.6563253533906614e-06,4.040508240722987e-05,0.00037554290893248774,0.0004069328367547204,0.0004111334773699851,0.0003152940740915677,0.004432651140158506,4.870513253036611e-06,3.4408294807748795e-07,0.8251083406758809,0.13824515999191742,1.4765197481926815e-08,0.0005519421138405275,0.00019069142668761666,0.00010083736677809106,4.231808545400557e-05,0.000487573670924077,0.010610219168973778,2.8564041283868752e-05,0.013536858533242466,0.002860043597600708,0.0011521886441179625,1.9120645710063748e-07,9.643851589061376e-06
5,0.00101326089568951,1.790382347064499e-06,3.327909399582629e-05,0.0005585211526682839,0.0003842986875052541,0.0003487525522061907,0.0003059064006753315,0.005805052199734317,3.783536051371461e-06,4.170261573386117e-07,0.8328314858863028,0.12617918381201745,1.3321663321076311e-08,0.0004647306653326657,0.0001466055006617583,8.704680255276207e-05,5.0115521600185546e-05,0.000748047895310271,0.00938771081161156,3.182068075652263e-05,0.017424477633304864,0.0027642565965871587,0.0014175960313756158,2.4376937806865396e-07,1.1603144514425916e-05
6,0.001087082349169612,1.50700504369732e-06,3.6050553043498416e-05,0.0003813209191855875,0.00034815456900904516,0.0003574110396143063,0.00030892292308678935,0.00505978120151796,4.626177382260571e-06,3.304319086268838e-07,0.8265918629817035,0.13447782032411573,1.1451394106221215e-08,0.00045340234005692657,0.00018677945424989042,9.901963943090751e-05,4.458160295889478e-05,0.0004919948379873005,0.01127288166124969,2.8644328662395797e-05,0.014753885473334734,0.0028596249737400914,0.0011435817630037353,1.8656271466742702e-07,1.0535436436238974e-05
7,0.0010100131113862502,1.8566282270631778e-06,4.058707803952406e-05,0.00023129876150490528,0.0001573227503522106,0.00014473875240322484,0.00031011617753320893,0.003527091419019935,4.542363292108297e-06,1.6374428345545923e-07,0.9042136274997812,0.07904066065435794,2.2706061640308225e-08,0.00020815373649676544,8.648103945300124e-05,2.6225532004475433e-05,3.3858112231087617e-05,0.0004382162647753779,0.004394624619429031,2.9083506035399096e-05,0.004334511024184322,0.0013635552918527302,0.00039803511854403524,2.66682765779814e-07,4.947425985156536e-06
8,0.002154904890604227,2.3431316954245697e-06,9.524705158573891e-05,0.0012874805792664884,0.0005298563283566128,0.00027048205089492576,0.0006017021938800855,0.014227301078496062,6.004875037562972e-06,6.570224036560706e-07,0.7247583370018628,0.2072907404810999,2.1327996187691228e-08,0.0008318825218672584,0.00021858571668082084,0.00018331093031983184,0.00011201334079730541,0.0007341470629751052,0.013835727612529153,6.362774117822095e-05,0.026677577092236938,0.00337972269541399,0.002703402124227386,5.91294743692002e-07,3.433385385061993e-05
9,0.0019878062630055565,3.006099577492004e-06,0.00015384273843155953,0.0010519817999511817,0.00048315954339078683,0.00019785682041782948,0.0005092694359619653,0.013665618985393589,9.340271350701659e-06,5.622534662230136e-07,0.7796040689819014,0.17410069928901464,3.5889081976518544e-08,0.0005414714542095323,0.0001443818353682396,9.026085298432332e-05,9.546662239991765e-05,0.0007389096666240785,0.008639114897120943,7.553126732293541e-05,0.014536457446846753,0.0022309009960800185,0.0011126344869379324,8.512516580154466e-07,2.6770851502440348e-05
10,0.001087082349169612,1.50700504369732e-06,3.6050553043498416e-05,0.0003813209191855875,0.00034815456900904516,0.0003574110396143063,0.00030892292308678935,0.00505978120151796,4.626177382260571e-06,3.304319086268838e-07,0.8265918629817035,0.13447782032411573,1.1451394106221215e-08,0.00045340234005692657,0.00018677945424989042,9.901963943090751e-05,4.458160295889478e-05,0.0004919948379873005,0.01127288166124969,2.8644328662395797e-05,0.014753885473334734,0.0028596249737400914,0.0011435817630037353,1.8656271466742702e-07,1.0535436436238974e-05
11,0.0011055112038892902,1.6168651782318277e-06,3.7152227740067716e-05,0.0003850846635940513,0.00034768431525814746,0.00035234186206765505,0.0003179987754328869,0.004993353598679152,4.687010846310504e-06,3.35471444996704e-07,0.8281959777864057,0.13450747425243062,1.3379969537537043e-08,0.0004618788210507907,0.0001824063408132076,9.406191735810519e-05,4.600813557316597e-05,0.0005157927629635713,0.010599068743694437,2.986093179141691e-05,0.013802491372265538,0.0028676459243257763,0.0011410475290032425,2.0255144594484542e-07,1.0303556778278734e-05
12,0.0011074555460484994,2.467763867660783e-06,1.6688369082583737e-05,0.0006843465656571728,0.0010826792326066278,0.0005894188344501138,0.0001792227823902769,0.0015981240921808765,3.101053462823679e-07,3.5381690820778717e-07,0.5649930644738824,0.3742550374068594,1.6263248411755068e-08,0.002618226730292909,0.00011753571591775794,9.835915044994878e-05,0.00010108208936210907,0.0023154111094413434,0.004024687890172506,1.2273793822020674e-05,0.027960034218817473,0.008883684420860714,0.009348430132912746,2.245270876941224e-07,1.08649683342124e-05
13,0.0014287940578087835,3.952671579802365e-06,5.1655045285926646e-05,0.001746749142829858,0.0007818051910474609,0.0011656160429939233,0.0007837945708252469,0.01215052877190905,6.902815143315451e-06,2.5249716317019575e-06,0.829723081570821,0.09452691293759483,3.204590153573535e-08,0.0007087942641974865,0.00017217566963370764,0.00037022484312597816,6.68781893121128e-05,0.002125607517560464,0.015925322394119173,0.00010488134036438993,0.029669330812746492,0.0039483080149284415,0.0045129364915444635,7.291053385364514e-07,2.2461521756378283e-05
14,0.0010277447637602874,1.6002808406140653e-06,3.559187348271625e-05,0.0003843852088949725,0.0003587011860470409,0.0003637487156747384,0.00030204054262129507,0.005062270940793753,4.708960923101327e-06,3.500517240667122e-07,0.8341628828968619,0.12716662807360962,1.187434689716341e-08,0.00044386370811292573,0.00018177984003674204,9.554862042914074e-05,4.3788460457574245e-05,0.000503138018923788,0.011159827330353507,2.872797984614994e-05,0.014716371356163363,0.002839928948113334,0.0011060736055613562,1.90449950231956e-07,1.0096312471057327e-05
15,0.001087082349169612,1.50700504369732e-06,3.6050553043498416e-05,0.0003813209191855875,0.00034815456900904516,0.0003574110396143063,0.00030892292308678935,0.00505978120151796,4.626177382260571e-06,3.304319086268838e-07,0.8265918629817035,0.13447782032411573,1.1451394106221215e-08,0.00045340234005692657,0.00018677945424989042,9.901963943090751e-05,4.458160295889478e-05,0.0004919948379873005,0.01127288166124969,2.8644328662395797e-05,0.014753885473334734,0.0028596249737400914,0.0011435817630037353,1.8656271466742702e-07,1.0535436436238974e-05
16,0.0009801727251058543,1.7043141781510367e-06,2.5296690372826184e-05,0.0005442563748103029,0.0003552676490925967,0.000341627389960383,0.0003278587906614698,0.006245552600112482,3.468325959677733e-06,5.340093021569406e-07,0.8127087340941211,0.13143361682371799,1.0910617215399017e-08,0.00047220813163921787,0.0001617968038360686,0.00012014037934337762,5.332954081414283e-05,0.0007141595534857175,0.014287497143531827,2.8196575219256174e-05,0.026756149249446467,0.0030173590611225027,0.0014093039560065434,2.011732349348595e-07,1.1557734307715498e-05
17,0.0011646611422731353,1.610682678707287e-06,3.7391521855178856e-05,0.00047385884552602313,0.0003770191289620075,0.0003606627277078922,0.0003248288456049126,0.005290904603422816,4.210570727252942e-06,3.5769146372265223e-07,0.8095472297939817,0.1496405926327033,1.2979074803611805e-08,0.0005507056051392177,0.00017147267026683546,0.00010185615912176804,4.7739494366316985e-05,0.0005833689947212869,0.010922870138506088,3.0660526646190404e-05,0.016022769708554787,0.002958929584369216,0.001373962269499385,2.0108044005934192e-07,1.2122602387536308e-05
18,0.0012213948868546578,1.5851260623465461e-06,3.7021989398794044e-05,0.000393077636512355,0.00033488179001267565,0.00032158267298325295,0.00031906937092695897,0.005201897936286863,4.287492110299238e-06,3.26038604646395e-07,0.8108153101148414,0.14949437660856613,1.207569432425426e-08,0.00046139434748138704,0.00018127546254767348,9.479347033977652e-05,5.184423790733403e-05,0.0005516120901349514,0.011008991717984125,2.8556442715446363e-05,0.0152095817607704,0.0030637983851844923,0.0011915666789353067,2.0868738779677173e-07,1.155297975646951e-05
19,0.0009735566123403486,1.7919725672911213e-06,6.977373759478311e-05,0.0004187084413832379,0.0006195971303826714,0.0003762126726865605,0.00025282884270429976,0.0063771672736690115,7.788785589031295e-06,4.335045035592602e-07,0.7685113433916491,0.19220109951740025,1.9280774115425848e-08,0.0006012917958639594,0.00017342328275745238,8.730851410920952e-05,4.8462782919634774e-05,0.00042088932990815865,0.01178634370723735,3.315724031023557e-05,0.013039206801549517,0.0032844605824709125,0.0007044222626938624,2.0801813358887081e-07,1.0504518801684472e-05
20,0.0013059304651663775,7.073342925834166e-07,3.377768300736909e-05,0.00028129443088619025,0.00016245355346315734,0.0005618556350369592,0.00036428708872858067,0.0009825594608247742,2.5933503461865074e-06,1.5074806010451839e-07,0.8933356521613209,0.09070793093045117,9.945623515815102e-09,0.00044186091596577515,5.9695813770688866e-05,0.0001019049624579734,9.013191058282053e-06,0.00044903357054029876,0.004161543647566058,2.236348283010672e-05,0.005757349927979899,0.00044353189539975195,0.0008069914055333438,8.529380428857497e-08,7.423105885677139e-06
21,0.0014541262924555336,1.0717515219017776e-06,4.20230763177016e-05,0.0004341238147503849,0.00029326960016791084,0.00041112275123776106,0.0004607956646666368,0.0035527941563269377,3.0172187813014225e-06,3.215617027305732e-07,0.7606891603942049,0.2062093566569501,1.7318344647007954e-08,0.0006326992691327246,0.00012688765000253878,0.00016800657854034755,3.437720272562706e-05,0.0005652337263114542,0.008475330997010788,3.8083183161013e-05,0.013037086936106966,0.0018887832009122855,0.001472360610260803,1.797155203279146e-07,9.77067288691612e-06
22,0.0013965674574378183,3.35786889818194e-06,6.308516279071122e-05,0.0007284661530867763,0.0006184838703507966,0.0004535080103638227,0.0004293902633003279,0.010695329742061738,1.600014166975892e-05,7.001427133043758e-07,0.7916867996555702,0.15137763522089157,2.412951934763393e-08,0.0006313450681843495,0.00035298249395901844,9.937882978173452e-05,5.489579302473905e-05,0.00038010084429728375,0.021545894637820164,4.209211483716261e-05,0.014123545900241523,0.0038267948988924263,0.0014477294537650401,3.0278611452200477e-07,2.5589360427616692e-05
23,0.001087082349169612,1.50700504369732e-06,3.6050553043498416e-05,0.0003813209191855875,0.00034815456900904516,0.0003574110396143063,0.00030892292308678935,0.00505978120151796,4.626177382260571e-06,3.304319086268838e-07,0.8265918629817035,0.13447782032411573,1.1451394106221215e-08,0.00045340234005692657,0.00018677945424989042,9.901963943090751e-05,4.458160295889478e-05,0.0004919948379873005,0.01127288166124969,2.8644328662395797e-05,0.014753885473334734,0.0028596249737400914,0.0011435817630037353,1.8656271466742702e-07,1.0535436436238974e-05
24,0.0009309672913478498,2.36036333326198e-06,3.846427913947236e-05,0.0007454867257749972,0.0005537344212033422,0.00045924199820118825,0.0002927228389321869,0.005690119287376501,4.213488018072039e-06,5.577808647368751e-07,0.8061817455081699,0.14823188681219904,1.846449730895692e-08,0.0008153616626223089,0.00013251418171634556,0.00010080626297329959,4.126285660574749e-05,0.0007437492292459514,0.011857849264899549,3.8170869526254874e-05,0.018647100518133786,0.003044691702932018,0.0014341897028234357,1.843797853619996e-07,1.2600109678161289e-05
25,0.001557170036365571,4.474790716478481e-06,5.941644963385161e-05,0.00027758783891023374,0.0014627404748939104,0.005103942992452883,0.0002541359854970951,0.0019643701675206198,1.898931906836367e-05,1.545876416454999e-06,0.7624783332012781,0.14664815953766816,9.58867664621561e-09,0.0014262001791488597,0.0013563021380894396,0.0005935267246446201,4.3814940378449465e-05,0.0005927934310201498,0.02553984601912172,1.9048965793027256e-05,0.03839658794495729,0.00921939186960146,0.002941213420636985,1.7116396415697483e-07,4.02269435455185e-05
26,0.0023757819966387975,1.9852064052247313e-06,5.9592160015466726e-05,0.0003900966417583888,0.0002512581395917621,0.00015660618096469903,0.0004024207516915299,0.007447237018174025,4.469471337793948e-06,2.7337015357830835e-07,0.8151076105278408,0.1526692036484026,2.1539366017297504e-08,0.00022745814098175274,0.0001328066744684552,4.926664290516843e-05,0.00011758461742765835,0.0009880840539141825,0.005880146844831716,3.127505552914667e-05,0.01002373107281983,0.0027274384030341946,0.0009425184881278041,7.898019459597105e-07,1.2343551673507115e-05
27,0.0011177109451027008,1.54213569988698e-06,4.0424803269957214e-05,0.0003660998289322161,0.0003491336476936447,0.0004321715224044072,0.00032633418697842543,0.007644463633828757,9.405284667006653e-06,4.1040869345362733e-07,0.8274748065975541,0.1218177153421228,9.998333400512534e-09,0.000375438600449758,0.0003365478346643735,0.00013428180671779308,5.309325825379077e-05,0.00039950566947578745,0.0177449149458621,3.827363187430041e-05,0.016118647904883557,0.004070937978938281,0.0011327846325625956,1.93864545287507e-07,1.515153649170639e-05
28,0.001087082349169612,1.50700504369732e-06,3.6050553043498416e-05,0.0003813209191855875,0.00034815456900904516,0.0003574110396143063,0.00030892292308678935,0.00505978120151796,4.626177382260571e-06,3.304319086268838e-07,0.8265918629817035,0.13447782032411573,1.1451394106221215e-08,0.00045340234005692657,0.00018677945424989042,9.901963943090751e-05,4.458160295889478e-05,0.0004919948379873005,0.01127288166124969,2.8644328662395797e-05,0.014753885473334734,0.0028596249737400914,0.0011435817630037353,1.8656271466742702e-07,1.0535436436238974e-05
29,0.001087082349169612,1.50700504369732e-06,3.6050553043498416e-05,0.0003813209191855875,0.00034815456900904516,0.0003574110396143063,0.00030892292308678935,0.00505978120151796,4.626177382260571e-06,3.304319086268838e-07,0.8265918629817035,0.13447782032411573,1.1451394106221215e-08,0.00045340234005692657,0.00018677945424989042,9.901963943090751e-05,4.458160295889478e-05,0.0004919948379873005,0.01127288166124969,2.8644328662395797e-05,0.014753885473334734,0.0028596249737400914,0.0011435817630037353,1.8656271466742702e-07,1.0535436436238974e-05
30,0.001087082349169612,1.50700504369732e-06,3.6050553043498416e-05,0.0003813209191855875,0.00034815456900904516,0.0003574110396143063,0.00030892292308678935,0.00505978120151796,4.626177382260571e-06,3.304319086268838e-07,0.8265918629817035,0.13447782032411573,1.1451394106221215e-08,0.00045340234005692657,0.00018677945424989042,9.901963943090751e-05,4.458160295889478e-05,0.0004919948379873005,0.01127288166124969,2.8644328662395797e-05,0.014753885473334734,0.0028596249737400914,0.0011435817630037353,1.8656271466742702e-07,1.0535436436238974e-05
31,0.0018085615684547546,3.507421024110527e-06,9.25294292665724e-05,0.0009664298813205911,0.0007206441634885326,0.00025431715639348665,0.00042323858015521406,0.015516759199994897,6.606574549440365e-06,8.041444642055056e-07,0.7198568413050912,0.21621861159194808,3.0569651390345465e-08,0.000697012894414308,0.00013726558791536488,0.0001034869883174684,0.00010241776893299336,0.001030368195569532,0.015057218646862646,5.558896369831796e-05,0.021393888446787815,0.004303001292177907,0.0012302723623489377,6.462771940075028e-07,1.9950989978325174e-05
32,0.0011330873473524893,1.5382556103662281e-06,3.680614594341778e-05,0.00035993934463318943,0.000363543382099311,0.0003781154835653828,0.0003143602449599174,0.005506932084197588,5.479360066657764e-06,3.527790271106283e-07,0.8184849533959005,0.1376822223105106,1.1076900327426232e-08,0.00046719405281745054,0.00022060468528833295,0.00011143168885263574,4.673292417018023e-05,0.00045459095609241715,0.014060479229168461,2.8670144874710883e-05,0.015949471443381786,0.003283821568745609,0.0010984907307643864,1.774228033822661e-07,1.0993942273584566e-05
33,0.0011926592208325417,2.456537489059603e-06,3.101351951489543e-05,0.00041716275974581845,0.00048271494025892733,0.00035235132760771986,0.00030695527287121226,0.005624864341419526,3.0869004507462705e-06,4.0007614132147473e-07,0.7887117443983334,0.16585569476031173,1.7171827402210883e-08,0.0006422359138522591,0.00018701109861181089,9.29997580780125e-05,7.034265727166044e-05,0.0007266698121529734,0.012358458457686707,3.0249068308572087e-05,0.01545017387273593,0.005878077106733465,0.0015736417504328421,2.3711205273159143e-07,8.782165278745203e-06
34,0.0008506908557984369,1.6608227628666244e-06,2.7209332644825676e-05,0.0005827646954952382,0.00038823170293749587,0.0003013723113670261,0.000289302031438242,0.0049041557176256936,1.758372792573695e-06,3.50365601672714e-07,0.8103895131883043,0.15126953064992968,1.2271025012881033e-08,0.0005406435754825002,0.00012580337173260186,8.899908629593781e-05,5.681738270414264e-05,0.0007636098081113083,0.00679350901861764,3.1867913777835176e-05,0.017287734543836246,0.0031828664401882833,0.0021119357923358394,2.2800367058795418e-07,9.432745523830157e-06
35,0.0018685678662117206,2.069329151011208e-06,4.4709956481287905e-05,0.000613751705867517,0.00030525624935015837,0.00022781241262366875,0.00037713054519977404,0.012568366734310938,8.23978434807773e-06,5.5838554822438e-07,0.769945902454151,0.17295684668117822,1.7353791645168797e-08,0.00032339381033831,0.00013638330320990498,7.427408164331533e-05,8.207009004810906e-05,0.0009319207975507901,0.01754483447671849,4.042722742518079e-05,0.017614898720830566,0.0035519186385855137,0.0007604203626623006,3.5676050579342704e-07,1.987227226852161e-05
36,0.0025203561428923343,1.7638567112317408e-06,9.450268233390186e-05,0.0003514852259018178,0.0005357660627517266,0.00015615424939840553,0.00026454234522609233,0.012809257737385428,9.391407643644828e-06,4.3292277504907174e-07,0.38725344863195166,0.5321160943238576,1.5547380138551438e-08,0.0007040782977509823,0.00032896091962094227,0.0001348152251683576,0.00017459169337538208,0.0002766953237912691,0.030818972367307927,2.690273554453898e-05,0.022158592152013955,0.008515652048991034,0.0007191396412510717,2.588159279063812e-07,2.8129643047745702e-05
37,0.0012453233344202558,1.5046313398265267e-06,3.746265135561324e-05,0.00036948633762344437,0.000329521391723764,0.0003267724932129094,0.00032129283494253453,0.00477834969208498,4.188686054422746e-06,2.962296733341946e-07,0.8188400539314766,0.14383354500718243,1.1849500929832965e-08,0.00047023723990351625,0.00017184807574773664,9.43202335814564e-05,4.561628632916849e-05,0.0005169499169045895,0.01080966306717523,2.770923029193569e-05,0.013864087412812049,0.002790700866463684,0.001110343263876202,1.930778970387228e-07,1.0522258426501026e-05
38,0.0008834898931756621,4.957321897006853e-07,1.3905316670767286e-05,0.00010568392872796898,0.00012960689760529987,0.0005704072902528472,0.00038944066379114614,0.0012167609307845442,2.215789416096214e-06,1.221643776950854e-07,0.904537350253966,0.07188600721947218,4.269931444679568e-09,0.0002819050020436707,0.00023030053829407236,0.00016626038944664068,1.4459344675123968e-05,0.0002482994552329451,0.007833314910811585,1.456621303490129e-05,0.008703975696007584,0.0014261683106199117,0.0013414767377179925,6.649186339622951e-08,3.7165598909237992e-06
39,0.0010644925052907186,1.3406679553897224e-06,3.823785389523088e-05,0.00042723696823539925,0.0003911868830125687,0.00039694073447531686,0.0003203151429338939,0.006016843227394988,5.1288608706591075e-06,3.882535983662951e-07,0.8097148952489768,0.14447846561430022,1.0438928903353637e-08,0.0004747209769793708,0.00020060134768664988,0.0001283208573111425,4.4264872653839843e-05,0.00047176594908801995,0.013507888922170615,3.103313231590191e-05,0.018219195862612503,0.002847848521403329,0.001206949002415491,1.818501154053353e-07,1.1746305379515646e-05
40,0.0020334064850624257,1.5350975276953475e-06,3.7086336291337785e-05,0.00015667706679351487,0.000308303928652175,0.00027786974070002647,0.0002473636374792282,0.0025246439843427232,3.454029525462062e-06,1.33555349623428e-07,0.7472589335518831,0.21291087279371393,7.833470013036081e-09,0.0006778195988660974,0.0002558881356605252,7.574552898222594e-05,5.2169459775260705e-05,0.0003860858253498119,0.014707347395518107,1.2922327070608342e-05,0.012155541496549347,0.005066866156855724,0.0008385467279357128,1.1778998229944498e-07,1.0661516663148786e-05
41,0.000911867987614402,1.7805188715881783e-06,0.00010410422151448104,0.00040690981576435245,0.000938876559528094,0.0008573214984828603,0.00025634578156973113,0.007337194687689808,2.4816335670746777e-05,6.238754633161737e-07,0.8315839260775574,0.11311568490095866,1.2614699999309247e-08,0.0006214930308276241,0.00044581304178164226,0.00019222193236442226,3.408697770069344e-05,0.00023902516753007382,0.021281107917668896,3.605027728950883e-05,0.018089555716068496,0.002754049185591189,0.0007512258683969006,1.8817267534232788e-07,1.5717836719629277e-05
42,0.0008975290686795489,1.414579058036137e-06,3.2069278511545993e-05,0.0003727996530990979,0.0002511576436770461,0.0004343014941705985,0.00018002050206157794,0.000492701152389909,1.4252665008250323e-06,1.146201695598578e-07,0.8990143183612468,0.0911584448931275,2.6829875653967473e-08,0.0005921976334468582,2.8815534370018417e-05,1.536533504733678e-05,1.0208236969787103e-05,0.0011371313042040695,0.0008588779310911019,1.1025576129924121e-05,0.003325119112095806,0.00033834022795429483,0.0008399050979630803,1.6461172756003072e-07,6.526056432327803e-06
43,0.0005023599653700461,1.5160770492023249e-06,2.2036760490983626e-05,0.0005706687899877083,0.000830776136168654,0.0008228415807158481,0.0002463434946145699,0.01285596018250366,8.638614433267257e-06,1.4590466245437374e-06,0.79670059269947,0.09010392948285546,6.342278060133906e-09,0.000350822893237479,0.00042498008557629566,0.0002848508840607055,6.12734149790897e-05,0.0004438142685225562,0.03328369815932212,2.898614232235343e-05,0.05550609651723454,0.0051924295995626184,0.0017438521560066197,1.9100529100189905e-07,1.1875701322665587e-05
44,0.001087082349169612,1.50700504369732e-06,3.6050553043498416e-05,0.0003813209191855875,0.00034815456900904516,0.0003574110396143063,0.00030892292308678935,0.00505978120151796,4.626177382260571e-06,3.304319086268838e-07,0.8265918629817035,0.13447782032411573,1.1451394106221215e-08,0.00045340234005692657,0.00018677945424989042,9.901963943090751e-05,4.458160295889478e-05,0.0004919948379873005,0.01127288166124969,2.8644328662395797e-05,0.014753885473334734,0.0028596249737400914,0.0011435817630037353,1.8656271466742702e-07,1.0535436436238974e-05
45,0.0011134685680368255,1.3511293666703036e-06,4.4167376851877834e-05,0.00032388567208581007,0.00038142726623289304,0.00035912474993284477,0.00035851284639020734,0.00663863684888392,6.530292068900087e-06,3.393415500761866e-07,0.8249794577384298,0.1344513777128358,1.2717058088893076e-08,0.0004040752620951353,0.00023580636299475367,0.00011506018364902857,4.6235429291983425e-05,0.0003532842276422012,0.013442291917749531,3.1950589208151484e-05,0.012604769552658197,0.003095423488453852,0.0010039515320514867,2.0828026571104942e-07,8.650914216375995e-06
46,0.0013612409190583608,1.7359194966971598e-06,3.7735317755852626e-05,0.0004303286923284687,0.00034426322520487003,0.0002507254062423088,0.0003036364089342176,0.006872744981901136,4.198770236458581e-06,3.388516694384227e-07,0.7898495446188467,0.16636360331976482,1.30461897060535e-08,0.00039763292268438146,0.00019636063339181962,8.36867841922238e-05,8.082509506872158e-05,0.000588814931271196,0.01117081414030418,2.939218411729426e-05,0.01669779674035146,0.0037198292759775555,0.0012017091990129479,2.771257349603977e-07,1.2751490264268165e-05
47,0.0030346081929089963,1.2324033003475882e-06,3.5573039913941204e-05,0.00016976431941211214,0.00015425690167057655,0.0001582006924189924,0.0003613637493082929,0.003883940618660899,2.5408421492637595e-06,1.6311044758330232e-07,0.6452923142496836,0.31773448476499383,1.1614002894791482e-08,0.00030621560793209874,0.00016362696074773966,9.372798590703547e-05,9.661211532196269e-05,0.0005965424255553993,0.01160092368881447,2.531088173128329e-05,0.010455790931893073,0.0050672065896032485,0.0007546098697703423,2.2292003319908416e-07,1.0755523818956065e-05
48,0.002027990025199855,4.592560671890768e-06,2.840198817817389e-05,0.0005273105058638764,0.00041227608996389717,0.00017743662247840945,0.0005330530369518471,0.019755582060674976,4.599727946021984e-06,7.56968084678842e-07,0.7150180417759351,0.1797807058981537,2.179518296786198e-08,0.0005065201656351973,0.00034563334980931517,0.00011293883607782233,0.00025828637566016957,0.0007431031358965602,0.03649427271941289,3.7949539434445116e-05,0.02693510999184538,0.014367632591647734,0.0019142490094118147,4.947746394611983e-07,1.3040455243663847e-05
49,0.0009097610538066987,1.263079164943853e-06,3.6907549204245616e-05,0.0003278750920091485,0.0004242998900282167,0.0004421008093954255,0.0002478873708253949,0.003973279278677166,4.129346169456534e-06,2.9688530978852577e-07,0.7818601036658063,0.18186865301862348,1.1689113810782272e-08,0.0005784898285977395,0.00018208025120827238,0.00010486206040805508,3.7748485468343875e-05,0.0004435262147582517,0.010539924854887568,2.7754257062552785e-05,0.013600868288359167,0.0033234516135821723,0.0010555877194520287,1.2923785267745124e-07,9.008460229118652e-06
50,0.0015725766763491434,2.1093759216002337e-06,5.865109365810162e-05,0.0005869267262347727,0.0005256639912573351,0.0006277887982472056,0.0008597661081335614,0.01112924265407656,1.063439531778766e-05,1.018856632803415e-06,0.7805863118093205,0.1340387272696168,1.9727041384271943e-08,0.0009217632676562818,0.00023894311443609968,0.0003840942902848968,4.054772924993976e-05,0.00045098689746437594,0.042203377238816536,6.441639341821848e-05,0.019278820487444517,0.00489215363867773,0.001512449955935088,2.0898935838967681e-07,1.280051545041508e-05
51,0.0009945441732041554,1.675602571893225e-06,2.6372474947132727e-05,0.0005035433191164597,0.0002867237889939395,0.00022954475222397176,0.00030281540976760375,0.005525973048600421,2.973389636492543e-06,3.10446392384102e-07,0.8389443636021006,0.12476604374332857,1.3319421554150625e-08,0.00043842902791329835,0.00010334126525548212,5.152111233337929e-05,4.255330801674187e-05,0.0007548620171710156,0.008911029985603992,2.5180913307927888e-05,0.014590888472405954,0.002467515395486525,0.0010209246744100062,1.948526921324301e-07,8.661905098206397e-06
52,0.0005651601758890545,7.671605424766538e-07,1.1665488532986936e-05,0.00019814873419931697,0.00012535331830161155,0.0006436857714783634,0.00028892789304459945,0.001100553861883746,2.1676814882689484e-06,1.718219605073223e-07,0.9409333108442386,0.04481619944417297,1.028581312096161e-08,0.00020791842886237074,9.485874744755652e-05,6.34854826265322e-05,1.1724324065352086e-05,0.0007470188806205387,0.002753207784765535,2.3644341521253707e-05,0.005239530661989162,0.0010008160255914754,0.0011679665645164283,1.1187763132036945e-07,3.5943988168291696e-06
53,0.0008292541731579838,6.19700541607688e-07,1.713782888861147e-05,0.0001912642136839936,5.7354045836833495e-05,0.0003006980700484915,0.0006382198081644123,0.0021429897753625334,2.9933735934198855e-06,1.3009129484447303e-07,0.9402610376622061,0.0421657353407576,6.7557564203356815e-09,0.0001603905900820171,0.00016962604945998998,0.00012103494952620943,1.669855520565713e-05,0.0002988787190492167,0.004591583495777403,4.01501621273517e-05,0.005367351076043904,0.0009988651435840084,0.001622302929708599,1.2904707691710998e-07,5.5484430656245216e-06
54,0.002144828281514276,1.933406531302859e-06,5.892674543855561e-05,0.00038580521792822817,0.000273724310509814,0.0005414104557007577,0.0006199993107508009,0.0034745475217544536,5.9591116185862966e-06,3.989373947272828e-07,0.7380163808053304,0.21722011680641137,1.747153045582144e-08,0.000977537092865491,0.00026401412701557516,0.0002716405075034829,4.0202535860367525e-05,0.0004514169406843109,0.0160592912559123,4.974528033925741e-05,0.013842157611338902,0.0034938633276188663,0.001785760515652766,1.58873551454763e-07,2.0163549243625593e-05
55,0.0018453620200235153,1.4569727641689512e-06,5.364246204997484e-05,0.0003440104861180369,0.0001724977762923225,0.00019592574610653854,0.0002942907359831201,0.004457193440813283,6.408423975406319e-06,2.25020068276944e-07,0.7644613662504648,0.21156714843303187,2.1889537723718434e-08,0.0002602038967617981,8.445178956730234e-05,4.1389497159274875e-05,4.310864204781808e-05,0.0007413493238354042,0.006277157393966836,3.6661296997642964e-05,0.007057103549532945,0.0016103776918230048,0.00043417424459773243,2.4954935241977453e-07,1.4223467128868468e-05
56,0.0011138501571263692,1.6597955971510846e-06,3.809718311723803e-05,0.0003855024199362002,0.00035762881740198537,0.000356302893029316,0.0003174249431289424,0.005085283520609401,4.875506496907915e-06,3.4376502300640385e-07,0.8279769123973516,0.1343062447256705,1.3791674371363759e-08,0.00046181742017020695,0.00018683065044790674,9.491282201446976e-05,4.654127977096369e-05,0.0005082367889536964,0.010838567496844562,3.015925268295552e-05,0.013903192609746153,0.0028626944243457814,0.0011124327266755266,2.066205747846398e-07,1.0267991609887562e-05
57,0.0012367421820284503,1.8628350455917389e-06,8.225487713728693e-05,0.00041790195824750525,0.0008506550968634914,0.0003574002324873576,0.00023833884892968436,0.012233989546542251,1.1582189748503567e-05,7.71422493371453e-07,0.565601587265379,0.34677982002936386,1.493238319775621e-08,0.0006823879996854762,0.00030783395185522954,0.000187108124267818,9.665686008824924e-05,0.00033840184288529173,0.03311375293873141,3.476560742964247e-05,0.029773172812830543,0.006966781925183365,0.0006677376477932311,2.0706170247377198e-07,1.827181089756104e-05
58,0.0011834130563633226,1.7547381653007612e-06,3.9226173159666415e-05,0.00039310046813965314,0.00035794708362214546,0.0003064341048442447,0.0003258026462388762,0.005723685367625187,4.564957394814633e-06,3.5237332500510297e-07,0.8241239832213269,0.13635768086896333,1.337069782619301e-08,0.00041959487439622553,0.0001897738225281363,8.809140919038604e-05,5.829194575667142e-05,0.0005648367621667182,0.010351995080427362,2.8292987762747642e-05,0.015163865618544188,0.003107008436928271,0.0011991846217143866,2.635845027205232e-07,1.084242621600709e-05
59,0.0012549251470692993,1.6956635507128467e-06,4.8425426494814256e-05,0.0003968698412128638,0.0003573383719167592,0.0002917598582644863,0.0003433385742346864,0.0060168347193576,4.848615996279957e-06,3.477486053798557e-07,0.8202884365712573,0.1416474036415946,1.4178830799342007e-08,0.00040268345586093855,0.00018173081683673327,9.237251005159027e-05,5.923268880038605e-05,0.0005849095722390938,0.009420067951010563,3.1748235839375584e-05,0.014556123988002642,0.002878143348198866,0.001129109382354032,3.10650351986111e-07,1.1329042068607716e-05
60,0.001087082349169612,1.50700504369732e-06,3.6050553043498416e-05,0.0003813209191855875,0.00034815456900904516,0.0003574110396143063,0.00030892292308678935,0.00505978120151796,4.626177382260571e-06,3.304319086268838e-07,0.8265918629817035,0.13447782032411573,1.1451394106221215e-08,0.00045340234005692657,0.00018677945424989042,9.901963943090751e-05,4.458160295889478e-05,0.0004919948379873005,0.01127288166124969,2.8644328662395797e-05,0.014753885473334734,0.0028596249737400914,0.0011435817630037353,1.8656271466742702e-07,1.0535436436238974e-05
61,0.0011689048119494932,1.6454247217967481e-06,4.850836062234291e-05,0.000368453917715503,0.00036644688171162475,0.0003002681005329923,0.00030819028499115997,0.005450488883687541,4.962340463376847e-06,3.241026697799494e-07,0.816652381790359,0.14644835151551996,1.3352697965806743e-08,0.00042300258710032074,0.0001798721896344487,8.872754376171516e-05,5.347706619410344e-05,0.0005177223565913429,0.009683369746271545,2.9979413715409637e-05,0.014047542949658305,0.00284757211214,0.0009986492781502748,2.5484291345652143e-07,1.0890146226608519e-05
62,0.001087082349169612,1.50700504369732e-06,3.6050553043498416e-05,0.0003813209191855875,0.00034815456900904516,0.0003574110396143063,0.00030892292308678935,0.00505978120151796,4.626177382260571e-06,3.304319086268838e-07,0.8265918629817035,0.13447782032411573,1.1451394106221215e-08,0.00045340234005692657,0.00018677945424989042,9.901963943090751e-05,4.458160295889478e-05,0.0004919948379873005,0.01127288166124969,2.8644328662395797e-05,0.014753885473334734,0.0028596249737400914,0.0011435817630037353,1.8656271466742702e-07,1.0535436436238974e-05
63,0.001088689388216127,1.7466786797148653e-06,3.5279796072914964e-05,0.00036332917777175984,0.0003253708829630788,0.00032824955551301137,0.00030261422688230134,0.004950536288439822,4.72168078134304e-06,3.2500751221348507e-07,0.8387865273141026,0.12407826865807786,1.2570891129045111e-08,0.0004164510753161284,0.00018708300013916548,8.481707741720767e-05,4.774829070294052e-05,0.0005159492394628066,0.010662232349222428,2.872393425659641e-05,0.01375532354817496,0.00295863616269838,0.00106688792713701,2.048889899980286e-07,1.0271280578312115e-05
64,0.0009648038858366065,1.4433525024228764e-06,3.0300518459911787e-05,0.000379550312122245,0.00036199976887600404,0.00033176221170204976,0.00026450647815766864,0.005305054829590518,4.221806025563124e-06,3.557039737221404e-07,0.8219153378029704,0.130450361762966,8.408683221122433e-09,0.00040623193289818525,0.00020766133524122404,9.816138386097428e-05,4.8946751618848576e-05,0.0004917361027784427,0.012641594162071485,2.2078668312360772e-05,0.02211376057043313,0.0028102766684409,0.0011383274841060868,1.8256926973182818e-07,1.133552910227946e-05
65,0.0010497907561312395,1.4633310775875768e-06,3.5039932846155954e-05,0.00038906038110467006,0.0003660392179119147,0.00038283147331808436,0.0002994997036705419,0.004821851688229354,4.3858810929863e-06,3.3711758298959013e-07,0.8220130252772255,0.1385190860537884,1.1130673823391687e-08,0.0004829723679482801,0.00018385241437722543,0.00010327297871691487,4.273240303890167e-05,0.0005032557014779146,0.011260812089615272,2.796508822990934e-05,0.01546227881800066,0.002855299708855719,0.001184426529289436,1.7510943900127835e-07,1.0534846357654084e-05
66,0.000732433660016147,1.358092299332272e-06,1.0227554490051987e-05,0.0001755324811650873,0.0001763019132373368,0.00010918099852737767,8.632958968111911e-05,0.0012118548789773,5.502760365392216e-07,5.032619599247716e-08,0.9018005879619004,0.07509669870493185,2.7841981247097247e-09,0.00018842111328714315,0.000184576922082903,1.0168555053342623e-05,7.781889339725462e-05,0.0007145976792271489,0.0014497480844272528,3.4574364519066597e-06,0.014078789687054734,0.0019484135939522632,0.0019352761357976486,2.465767382330645e-07,7.3761008735232416e-06
67,0.0010429337821771963,1.3760985278871208e-06,3.5094006488941484e-05,0.00038187889281867516,0.00032780306416344647,0.0004147477079891657,0.0003246369574280006,0.004083445402103479,4.018483370076622e-06,3.0333419783218984e-07,0.8275545561258912,0.1364061348741508,1.1258706652847708e-08,0.000517792050562229,0.0001898434453226666,0.0001151722994734154,3.848022975662372e-05,0.0004922511050132158,0.009835011392907834,3.095416649723516e-05,0.014116606572220806,0.002681049635941553,0.001395021423084385,1.6438042174822183e-07,1.0713310784734994e-05
68,0.0010736238127660622,1.4814304865834657e-06,3.457516132416246e-05,0.0003774799446860484,0.00033454235573471573,0.00035439175573566113,0.0003053423069395648,0.004872215576498709,4.406098203541488e-06,3.207504029426449e-07,0.8295647258531028,0.1324879586160155,1.1231347580209017e-08,0.0004397008184853167,0.00018299492120774777,9.652641034362872e-05,4.4145045232752485e-05,0.0005031841254988565,0.010739388483875317,2.834148625135083e-05,0.014582083249880393,0.0028014365028241266,0.0011605070852846848,1.8532913918491815e-07,1.0431648732716403e-05
69,0.0011112680022503777,1.5456219250626204e-06,3.878629433826873e-05,0.00041389174284681677,0.000341686854451947,0.0003485040988553582,0.0003249602641879953,0.005503717218624028,4.858541753622911e-06,3.5277432508030616e-07,0.8247163877233801,0.13542416600040733,1.2034892675801373e-08,0.0004444970596319635,0.00018441906190910006,0.00010384932727300408,4.6429013603741654e-05,0.0005130847008538859,0.011282409266012254,3.219170392401758e-05,0.015200318821023911,0.002795129628290307,0.001155857520869386,2.0354065448173683e-07,1.1473183715461343e-05
70,0.001183061215919586,1.4763985697124777e-06,4.21868948353302e-05,0.00039323286154418715,0.00036238450747518714,0.00039679498028976734,0.0003177071063891065,0.004182995038347722,4.420829913714909e-06,3.06901019558793e-07,0.8074564671002229,0.15549395281901685,1.2322159377108967e-08,0.0005853910735549761,0.00018104498509507948,0.00011161510403682278,4.0765948497472384e-05,0.0004951372595552548,0.010555970503184527,3.0364940485366613e-05,0.014167608530865475,0.0027614134988734507,0.0012236624928884555,1.6911810869228843e-07,1.1857569151499005e-05
71,0.0009063418970459784,2.0021018006364436e-06,4.497225428299347e-05,0.0003901697925178433,0.0006562598939604507,0.0004880508589793729,0.00021302174712523072,0.005006927503174147,6.723184149520893e-06,4.5375403483966537e-07,0.809252764798989,0.14696946897496455,1.2776086582180969e-08,0.0005931999840104586,0.0002197479719469813,8.66526892656362e-05,4.640279189445769e-05,0.0004516922579056848,0.013306808251638564,2.1704309601953874e-05,0.016858608558721875,0.0035289422232119044,0.0009375504775058246,1.7613646257458074e-07,1.1344810722959565e-05
