,0,1,2,3,4,5,6,7,8,9,10,11,12,13,14,15,16,17,18,19,20,21,22,23,24
0,1.0185482255867945e-08,6.454759817160801e-05,1.397148534880247e-08,0.0003244096989928635,0.005904778969607783,1.907866925055923e-05,2.615422654771194e-05,2.668501483548366e-06,4.726616827147929e-06,5.119169279003617e-08,0.5758244352207186,1.525333176907994e-05,1.655263040896943e-08,0.047776703563106954,8.783468620618929e-06,8.465403389111728e-07,0.004012508017259364,1.0199576366582615e-06,2.1231462113363806e-06,1.4381044696208272e-05,0.00014930117246236916,0.001150628500402098,0.364587152739027,2.232265357504048e-05,8.808446200388657e-05
1,1.6956983717194604e-08,0.00010280886212086018,2.51173184761754e-08,0.00032658475674892745,0.00800049083932428,2.999788878770784e-05,3.830557892435883e-05,4.6541162050001e-06,1.0342393712746363e-05,7.878625480186944e-08,0.6398462596671926,2.0769222574702955e-05,2.3521369539097962e-08,0.04211392559558796,1.7691168676705243e-05,1.918107165743507e-06,0.003654892534921399,1.2271451495188511e-06,4.851699408930768e-06,1.8893892732689066e-05,0.00018994277113703969,0.001526885689592889,0.3039632589777203,3.2060176280639826e-05,9.409453410853366e-05
2,1.621252669966515e-08,9.149454620636418e-05,1.661508923408579e-08,0.000284145459459451,0.01316633209879374,2.156303974411503e-05,4.112880423947122e-05,3.4511303783313895e-06,7.118215236640531e-06,6.718249484227537e-08,0.5745889661839271,1.731642826851593e-05,2.5710262015694836e-08,0.058996067215866976,1.835987823664445e-05,1.3770617494927948e-06,0.004820044800343977,1.3139321052490973e-06,2.339968048012064e-06,2.6590824316327173e-05,0.0001519181742673988,0.001130508532040294,0.3464513136470951,2.0561054351945974e-05,0.00015796328495223618
3,1.0299929313879249e-08,6.485960644800128e-05,1.3977353088566551e-08,0.00031567054071206935,0.006154307804470707,1.9889930884597388e-05,2.5774578982968913e-05,2.7547125391949475e-06,5.00379762049955e-06,4.9888446157951276e-08,0.5895044236675028,1.505462380498842e-05,1.732092171105434e-08,0.046414037418783916,9.277793735647985e-06,9.035461904061022e-07,0.004146688258530701,1.0205058803906266e-06,2.267764830319231e-06,1.4866749559837077e-05,0.0001523059700432766,0.0011726355648663405,0.3518692711793709,2.3035746681370965e-05,8.585875191064154e-05
4,1.1735552422719968e-08,6.654895998303427e-05,1.4630772745107807e-08,0.0003292392753149111,0.006199114101232765,1.947060377410926e-05,2.67387596870159e-05,2.5538340365880948e-06,5.406359362635738e-06,4.7797853658885004e-08,0.5842449981387007,1.8786822206517486e-05,2.376696728471729e-08,0.048881674529045314,8.80698691741203e-06,8.619013117351734e-07,0.004671555010255049,1.0960558492707956e-06,2.379311433944768e-06,1.5346086074623657e-05,0.0001689939303352852,0.0012448247815802192,0.35397101870756087,2.5722674581818514e-05,9.476523961004675e-05
5,1.1298818188905315e-08,6.566649563602531e-05,1.3240568489526149e-08,0.00041653410769983194,0.005006369958215862,1.9326639510891245e-05,2.4197114755734997e-05,2.5666225479532473e-06,4.617627159105824e-06,6.182887079884075e-08,0.537964140688876,1.714922920251167e-05,1.7781352030331888e-08,0.05927652011468141,7.766691961538268e-06,8.202436885385959e-07,0.0049929995205805905,1.4872453700395223e-06,1.9570553139021e-06,1.558386754405484e-05,0.00017007099920182821,0.0014432585635499415,0.39044354955402183,2.351469892794375e-05,0.00010179881194499261
6,1.0299929313879249e-08,6.485960644800128e-05,1.3977353088566551e-08,0.00031567054071206935,0.006154307804470707,1.9889930884597388e-05,2.5774578982968913e-05,2.7547125391949475e-06,5.00379762049955e-06,4.9888446157951276e-08,0.5895044236675028,1.505462380498842e-05,1.732092171105434e-08,0.046414037418783916,9.277793735647985e-06,9.035461904061022e-07,0.004146688258530701,1.0205058803906266e-06,2.267764830319231e-06,1.4866749559837077e-05,0.0001523059700432766,0.0011726355648663405,0.3518692711793709,2.3035746681370965e-05,8.585875191064154e-05
7,9.703914018297873e-09,6.498241761441173e-05,1.3204119386164455e-08,0.0003257560993851149,0.006172194039288126,1.9783216285396758e-05,2.5458367995417063e-05,2.741955048939026e-06,5.084749288111571e-06,4.954024296674364e-08,0.5879398847267461,1.5207915507804861e-05,1.7064660903443798e-08,0.04786019309454817,9.737963744438702e-06,9.314349520771612e-07,0.0042966367811436024,1.0327173020819985e-06,2.1938040523728914e-06,1.515004603519025e-05,0.00015928339074201754,0.0012457191743811874,0.3517279576238966,2.21793711171464e-05,8.780159798837858e-05
8,7.038520615634105e-09,6.534355284560617e-05,1.3693184596107051e-08,0.0003558884613915557,0.0036650474019597813,1.1127037243710407e-05,2.48993672907643e-05,2.0191289673119944e-06,1.707289232287408e-06,6.240642400320301e-08,0.3558423509765157,1.1066833655252471e-05,8.49630772044532e-09,0.04937776958972158,2.318539554415871e-06,3.7487074357465734e-07,0.0014912315676124206,3.796164002074673e-07,1.094345866612577e-06,1.1268766201219643e-05,6.157856285508849e-05,0.00033202612889184676,0.5886730239136552,1.7085535367789664e-05,5.230687959121735e-05
9,6.919554745455781e-09,8.646288472462044e-05,1.8805899926639288e-08,0.0005963413534061581,0.003330525698014005,1.7395416447416975e-05,2.679056915635772e-05,2.036516341274356e-06,3.7226968564939807e-06,9.411118775021317e-08,0.34280330396398273,1.8682336632255283e-05,1.3682974812110086e-08,0.05023171246821633,4.937465618880712e-06,7.198124504196809e-07,0.0023932739304015197,6.680900342658931e-07,1.495870835829367e-06,1.687336297621673e-05,0.0001831437778581286,0.0008426544110050183,0.5993343433650105,2.3925895187347984e-05,8.085659522712096e-05
10,1.0299929313879249e-08,6.485960644800128e-05,1.3977353088566551e-08,0.00031567054071206935,0.006154307804470707,1.9889930884597388e-05,2.5774578982968913e-05,2.7547125391949475e-06,5.00379762049955e-06,4.9888446157951276e-08,0.5895044236675028,1.505462380498842e-05,1.732092171105434e-08,0.046414037418783916,9.277793735647985e-06,9.035461904061022e-07,0.004146688258530701,1.0205058803906266e-06,2.267764830319231e-06,1.4866749559837077e-05,0.0001523059700432766,0.0011726355648663405,0.3518692711793709,2.3035746681370965e-05,8.585875191064154e-05
11,1.1213869577602735e-08,6.48313159106675e-05,1.4816094867267309e-08,0.00031621914363433784,0.006303176910450231,1.9628831334759204e-05,2.6248512005814614e-05,2.667862107107541e-06,5.085581217908342e-06,4.918414165335046e-08,0.5836989827400767,1.6445336793697287e-05,2.109892878779661e-08,0.045438254173384894,8.72973336048699e-06,8.885431060129123e-07,0.004309513689435444,1.0213864171415894e-06,2.3328894410022415e-06,1.5732247575281447e-05,0.00015433349559014486,0.0011283881693930006,0.3583751317765206,2.536493931711148e-05,8.692640989264598e-05
12,1.3240704871388188e-08,8.327111180592889e-05,1.0671834222432187e-08,0.0003660029410747539,0.00905701025897767,2.4062287587401346e-05,2.308192708884466e-05,1.6978390045869006e-06,4.6197296895261985e-06,6.278796095440862e-08,0.4574594516133462,1.2200447869412353e-05,2.1781229044702993e-08,0.08674569161525837,6.970639038696823e-06,6.808786432061943e-07,0.008297254057513722,1.6572997725173932e-06,1.4900725055953028e-06,2.0047183317976077e-05,0.00018338738381175023,0.001074922482298582,0.4364559606356423,1.8216617757594306e-05,0.00016221449626628066
13,1.3176833981108572e-07,0.0007526996081323445,5.6636457161836803e-08,0.0006765124822322226,0.03948137036822076,0.00020380437570103024,5.787172967474249e-05,3.494480443631574e-06,5.1578279051174854e-05,8.357913178599889e-07,0.2988998959736562,1.422940924467718e-05,7.718405927848005e-08,0.06897921008570261,4.68939993693282e-05,7.448016239370805e-06,0.024614246857718902,8.615712166162432e-06,1.6245347915400216e-05,0.00011743487161723539,0.0006493070201532465,0.0029668252501040384,0.5617779712367544,8.375969515216407e-05,0.0005894838205761874
14,1.050021786754831e-08,8.183054527137762e-05,1.1651433424152845e-08,0.00029551735807839037,0.007073899583263517,1.8389183108166186e-05,2.793185194007169e-05,2.5879190113298095e-06,4.4656598110303325e-06,5.86427694388412e-08,0.5807461014091096,1.2594390261319505e-05,1.3669847554666534e-08,0.048220014560975175,8.15230994023814e-06,8.463575435412717e-07,0.0034364140123006254,9.24186332780085e-07,2.3277600567863146e-06,1.4897820318087338e-05,0.0001267828821625968,0.0009562711244957782,0.35886939132822826,2.29665262606254e-05,7.759876726238537e-05
15,1.0299929313879249e-08,6.485960644800128e-05,1.3977353088566551e-08,0.00031567054071206935,0.006154307804470707,1.9889930884597388e-05,2.5774578982968913e-05,2.7547125391949475e-06,5.00379762049955e-06,4.9888446157951276e-08,0.5895044236675028,1.505462380498842e-05,1.732092171105434e-08,0.046414037418783916,9.277793735647985e-06,9.035461904061022e-07,0.004146688258530701,1.0205058803906266e-06,2.267764830319231e-06,1.4866749559837077e-05,0.0001523059700432766,0.0011726355648663405,0.3518692711793709,2.3035746681370965e-05,8.585875191064154e-05
16,1.118597477566395e-08,5.337141825047058e-05,1.4403256181176457e-08,0.0002562032530088445,0.006531976618728015,2.211678325377099e-05,1.844918351788673e-05,2.133580081533913e-06,4.678716002891342e-06,3.133592700483929e-08,0.6409632809923159,9.251506916234805e-06,1.518934407194153e-08,0.03654475988867344,7.19753902738486e-06,6.90946568983205e-07,0.003687106705040238,8.457239669450912e-07,1.906405292292777e-06,1.2292056660988879e-05,8.853222896691975e-05,0.000706626703897349,0.3109971738880453,2.4123220151199316e-05,6.721052713144157e-05
17,8.699415655044889e-09,5.591378507518851e-05,1.1783988815712193e-08,0.0003262870791784495,0.005795780809392677,1.5974076601360078e-05,2.523886147641672e-05,2.5789572553971384e-06,3.950227748723828e-06,4.689891679810195e-08,0.5456684556619135,1.581016538985958e-05,1.827328713835153e-08,0.050886933003621765,7.484067683290026e-06,7.810474913498072e-07,0.004603005908219969,9.651959261153537e-07,1.763189089905537e-06,1.5240041507647061e-05,0.0001555846126713228,0.0011865428897686382,0.3911243515073541,2.036740709928584e-05,8.690584992681528e-05
18,9.720433892032634e-09,6.355351616100392e-05,1.4265583711445933e-08,0.0003022189940327146,0.005728206893643507,1.9904795615530914e-05,2.441112145048139e-05,2.8883708756675302e-06,5.080383888210449e-06,4.527165847524938e-08,0.6188818275639034,1.414524621913706e-05,1.5475407545374745e-08,0.040499413630049795,9.280192766573797e-06,9.260236381108226e-07,0.0034631580203267364,8.739939227989329e-07,2.452632616334965e-06,1.3529729405792117e-05,0.00013563876227450777,0.0010891348845113483,0.3296486532837426,2.422441585277496e-05,7.039281201917472e-05
19,1.086570289952175e-08,8.112393055163572e-05,2.02298134905377e-08,0.00048315730325278514,0.00546304935988928,1.437298300497344e-05,5.07107178621104e-05,3.659492027861741e-06,7.1432906193265564e-06,6.152412729466451e-08,0.5727859373219222,3.985250211902037e-05,2.367123116616278e-08,0.051922184001439275,1.306946888164823e-05,1.2141717285402722e-06,0.003663050717833908,1.0815606442870685e-06,2.3400008116572985e-06,1.4012817311977222e-05,0.00023148380033235,0.0020500257846059254,0.36303399622474536,2.2661387363121213e-05,0.00011575687217774402
20,2.9457743595414384e-08,0.00012821057179691518,1.0129044309184913e-08,0.00018409925367677822,0.01774417674253023,3.570833529380287e-05,1.2959320765343997e-05,3.159800350444772e-07,4.200669667290964e-06,4.9142633160328604e-08,0.2970731856482706,4.615532171854937e-06,2.657004139853888e-08,0.059661834898730226,9.147873777994428e-07,2.5651746536173647e-07,0.006114388660034306,8.529030719933242e-07,1.5211410380861275e-06,1.9074333665797273e-05,7.544096587314019e-05,0.00012853868551903144,0.6186641195912876,4.0692449358552514e-05,0.00010477771290745149
21,1.2907347048253064e-08,0.00011051952621349001,1.566181266990364e-08,0.0005199157212378055,0.005638515517766116,2.0703761036606246e-05,3.5240725332409804e-05,4.272364426165645e-06,7.663590380587822e-06,8.581097111982565e-08,0.583820204943494,3.077692073028129e-05,2.1198235654509003e-08,0.08888532554751645,1.0777638876580156e-05,1.698449556368903e-06,0.0032474117138087824,1.4315657999828448e-06,2.90504305807817e-06,1.9679864887325453e-05,0.00019969480021236598,0.0016287354370928138,0.3156952418797288,2.599579379280801e-05,9.315361668574902e-05
22,1.4870880982075897e-08,4.4373249994460066e-05,1.4173326188972164e-08,0.0002728045593950233,0.0057989432834332005,2.6128935143575695e-05,1.6790903682265547e-05,2.623605043633955e-06,4.572728512766015e-06,4.827647399001507e-08,0.6755642803371998,9.24398525258651e-06,1.8138061114980477e-08,0.04123419387674212,9.617496832850507e-06,8.905531103960929e-07,0.007922624847590404,2.259776327218527e-06,2.236514142440498e-06,1.4824849770074083e-05,0.00015889701330771132,0.0015808313684028143,0.26721320493890444,2.5189135591449664e-05,9.53725828787408e-05
23,1.0299929313879249e-08,6.485960644800128e-05,1.3977353088566551e-08,0.00031567054071206935,0.006154307804470707,1.9889930884597388e-05,2.5774578982968913e-05,2.7547125391949475e-06,5.00379762049955e-06,4.9888446157951276e-08,0.5895044236675028,1.505462380498842e-05,1.732092171105434e-08,0.046414037418783916,9.277793735647985e-06,9.035461904061022e-07,0.004146688258530701,1.0205058803906266e-06,2.267764830319231e-06,1.4866749559837077e-05,0.0001523059700432766,0.0011726355648663405,0.3518692711793709,2.3035746681370965e-05,8.585875191064154e-05
24,1.1694109067662284e-08,9.58357453588546e-05,1.112991128107945e-08,0.00044268868745374313,0.00568790354976892,1.7578939304056858e-05,2.3326244814051745e-05,2.6307410264564928e-06,4.131445624085317e-06,6.877060015514689e-08,0.49260757472986316,1.5514824412161094e-05,1.6579461237817742e-08,0.07401691167649538,5.5297155435459076e-06,7.975465215413683e-07,0.004378668703975845,1.1519696370808343e-06,2.034470001202772e-06,1.8884551774614315e-05,0.00013180777164884864,0.0010291708696386266,0.4214109827692693,2.342596706835672e-05,8.334090671834641e-05
25,5.113989615320697e-09,3.516760831884553e-05,9.335004420349677e-09,0.0002782649693157991,0.003608769975000664,1.2931998204407621e-05,1.950082199523208e-05,3.6591382090583875e-06,2.5345500656747073e-06,3.135234746891957e-08,0.6705340923801897,1.0075900092504358e-05,8.389472868178784e-09,0.04177169019177416,5.004968402582308e-06,7.233836076081371e-07,0.002167994454322336,5.91338308148712e-07,1.5221779992882662e-06,8.975925742196672e-06,8.80734431079792e-05,0.000801783015913158,0.28059739893269225,1.744119108772775e-05,3.374944483636916e-05
26,1.9936646006793024e-08,5.144910567360612e-05,1.537547370078414e-08,0.0001945659987448059,0.00634593903907234,2.526998078130345e-05,1.08817351490778e-05,1.2109159985297415e-06,4.281694454624242e-06,3.3678831582737124e-08,0.5550464892002881,6.836784760496359e-06,2.390623756679661e-08,0.022602920301019232,2.6777922312996657e-06,4.5796796477463e-07,0.005609123222322981,1.044409027565094e-06,2.8729390465930717e-06,1.4845444044331879e-05,9.169723063831177e-05,0.0005447745057997431,0.4093377895646806,5.694963751764554e-05,4.7829633595288545e-05
27,8.865754059650627e-09,5.6213674668577324e-05,1.2761870235088934e-08,0.0003304037729993722,0.0048480944095631905,1.9347428411918106e-05,2.4009819527150488e-05,3.676589043264157e-06,5.440688565134031e-06,4.7732899494658214e-08,0.6552950631089706,1.6096516853213402e-05,1.5908543242609586e-08,0.04392910634009165,1.2795613258655651e-05,1.1423116765141599e-06,0.004401229818280521,1.1927300722918067e-06,2.641022840016096e-06,1.3781280948254914e-05,0.00016835764783577258,0.0019122456034688067,0.28886129855670367,2.2462248759803242e-05,7.53155483946617e-05
28,1.0299929313879249e-08,6.485960644800128e-05,1.3977353088566551e-08,0.00031567054071206935,0.006154307804470707,1.9889930884597388e-05,2.5774578982968913e-05,2.7547125391949475e-06,5.00379762049955e-06,4.9888446157951276e-08,0.5895044236675028,1.505462380498842e-05,1.732092171105434e-08,0.046414037418783916,9.277793735647985e-06,9.035461904061022e-07,0.004146688258530701,1.0205058803906266e-06,2.267764830319231e-06,1.4866749559837077e-05,0.0001523059700432766,0.0011726355648663405,0.3518692711793709,2.3035746681370965e-05,8.585875191064154e-05
29,1.0299929313879249e-08,6.485960644800128e-05,1.3977353088566551e-08,0.00031567054071206935,0.006154307804470707,1.9889930884597388e-05,2.5774578982968913e-05,2.7547125391949475e-06,5.00379762049955e-06,4.9888446157951276e-08,0.5895044236675028,1.505462380498842e-05,1.732092171105434e-08,0.046414037418783916,9.277793735647985e-06,9.035461904061022e-07,0.004146688258530701,1.0205058803906266e-06,2.267764830319231e-06,1.4866749559837077e-05,0.0001523059700432766,0.0011726355648663405,0.3518692711793709,2.3035746681370965e-05,8.585875191064154e-05
30,1.0299929313879249e-08,6.485960644800128e-05,1.3977353088566551e-08,0.00031567054071206935,0.006154307804470707,1.9889930884597388e-05,2.5774578982968913e-05,2.7547125391949475e-06,5.00379762049955e-06,4.9888446157951276e-08,0.5895044236675028,1.505462380498842e-05,1.732092171105434e-08,0.046414037418783916,9.277793735647985e-06,9.035461904061022e-07,0.004146688258530701,1.0205058803906266e-06,2.267764830319231e-06,1.4866749559837077e-05,0.0001523059700432766,0.0011726355648663405,0.3518692711793709,2.3035746681370965e-05,8.585875191064154e-05
31,1.8126332127937467e-08,7.037529192235176e-05,2.5159930751340352e-08,0.0003291194278756357,0.0051537095718886565,1.979117066705689e-05,3.1977674349881385e-05,5.418939744426517e-06,3.58040689769506e-06,8.136570003479262e-08,0.5507984296547463,1.309836508157498e-05,1.5410297322801102e-08,0.04551322874773057,6.144400294576137e-06,7.959058434328924e-07,0.003216157758719199,1.1434754524446123e-06,3.0493769916476516e-06,1.4273461168177563e-05,0.0001102711086638581,0.0008153254480589258,0.39379916607502014,2.5138284166472266e-05,6.966539245678092e-05
32,1.1745396818548636e-08,7.072840027639637e-05,1.5023351351821392e-08,0.0002965247075405749,0.006162323640051677,2.1424327802431622e-05,2.6382654166819698e-05,2.9713085607280083e-06,5.407923888989484e-06,5.326482375357904e-08,0.6048544561026461,1.5434574458855652e-05,1.845613033951594e-08,0.043391554248510156,9.72106391164925e-06,9.591920239905038e-07,0.004082912870405166,1.0412663786951687e-06,2.9341454303480804e-06,1.481296521947244e-05,0.00015686371853354804,0.001219903196013057,0.339555978847804,2.6398325477475145e-05,8.116803119774745e-05
33,5.829877423000415e-09,4.0227516469637246e-05,8.436547767160737e-09,0.00029219098265440485,0.004195953098303677,1.6584999897902238e-05,1.633178950299322e-05,2.7826344777681397e-06,2.448287820121042e-06,4.399163160639674e-08,0.5448337063821836,9.586059215238833e-06,1.506369059032927e-08,0.04590548249265137,4.042974825084755e-06,7.423570300456771e-07,0.004511608260239253,7.351843307540483e-07,1.8432496729270756e-06,1.3796753649209193e-05,0.00012172691360187943,0.0010072456421309068,0.39895697395896446,2.2673430564732134e-05,4.3243710066584916e-05
34,9.339914175071929e-08,0.00015963034402938735,4.564389215398312e-08,0.00012116106946042083,0.008951749088679099,4.138934422120407e-05,2.7960106088303005e-05,3.5283528585637265e-06,3.541553365153109e-05,2.1303437420905735e-08,0.8867152876086601,2.417744578111285e-05,4.604464874473815e-08,0.018346771877490894,1.793962060299566e-05,1.068763787674749e-06,0.0028629597756648917,1.6255853495802365e-06,2.3014190042966136e-05,6.67338213789099e-06,0.00013529316522218834,0.0010887500113474762,0.08129965843486561,7.790760988743028e-05,5.783229905055848e-05
35,3.10988349562378e-08,8.405668926145509e-05,2.6520445923016787e-08,0.00041781842333170056,0.0064740372710331015,2.383685142350022e-05,4.089213911110998e-05,5.4541743670945205e-06,1.0176937523232172e-05,7.531251232288014e-08,0.6573924443560006,2.8234862121716167e-05,2.7242412362248492e-08,0.05078756207246228,1.2278026123871616e-05,1.2626431927961707e-06,0.006122129079721763,3.1412014051233767e-06,4.390710103796776e-06,1.4786650715654344e-05,0.00022893401846019006,0.0022893620058132198,0.2759005485258025,3.378052998080983e-05,0.00012471265783885806
36,1.7957533485829846e-08,5.51525808312062e-05,2.3504101565393277e-08,0.0004226316436745909,0.004858155540089482,1.2688355679453702e-05,5.415524747776077e-05,1.1271750937747231e-05,8.597012667470526e-06,4.414677555284648e-08,0.7434020750203741,7.547062557558082e-05,5.844360125733724e-08,0.054205944571584806,2.2298017308763156e-05,2.548302174206652e-06,0.005670236789191471,1.6577959128993375e-06,4.5595263679318385e-06,1.7259341756737417e-05,0.00022002427799314002,0.003705150266363438,0.18711661458433834,2.4472997978128903e-05,0.00010889169971088251
37,9.158870748906876e-09,6.247123006338157e-05,1.3553163709014995e-08,0.0003142597128540654,0.006512676781243157,2.1090205134286947e-05,2.6120366159308068e-05,2.9225245171453554e-06,5.30297403280046e-06,4.654117658192363e-08,0.608074475822319,1.5058938148491448e-05,1.765756224707027e-08,0.047696092133135894,1.1122659783950466e-05,1.0209984143149046e-06,0.004199394374937519,9.649013894101515e-07,2.210105442496197e-06,1.5144194760145626e-05,0.000160927531328052,0.0012143066397917403,0.3315551040043499,2.101668762626372e-05,8.823030379554436e-05
38,2.9567887535523866e-08,0.00011150790021546057,3.3042618044245716e-08,0.0001954423830480756,0.01220892648822716,5.279835274428803e-05,4.370353209851193e-05,2.7814637216601317e-06,1.118300898188752e-05,7.231392543954872e-08,0.6883179470041855,1.2619734765039814e-05,2.1061095894037737e-08,0.037960415140210875,2.1414727904790265e-05,1.4400475261360396e-06,0.002555185310634254,1.2059433323272334e-06,5.490192297600687e-06,1.1879152207603156e-05,0.00012973751610724084,0.0007867657907186557,0.25740650002586607,3.7187698418585384e-05,0.0001257126012615934
39,9.974423026687951e-09,4.364961947981499e-05,1.8636423008869664e-08,0.00029263073100403974,0.005696502177074986,2.8702593957196344e-05,2.5262986856659728e-05,4.022544975816849e-06,5.328757042960565e-06,5.0071987290606184e-08,0.6385526278698784,1.412864050369596e-05,2.304371675853534e-08,0.03553125796785829,1.1626570762668651e-05,1.2138111067086229e-06,0.005389093442643637,1.1628463435811586e-06,3.0318011124759962e-06,1.4434832967464204e-05,0.00021361435539869056,0.0014080837505824374,0.31265942840851957,2.5489628425223303e-05,7.860493695548567e-05
40,1.8369395462828766e-08,9.513683769677778e-05,2.9343080733281345e-08,0.00030335465835159447,0.00834827312962275,2.379314855077505e-05,5.260736719998729e-05,2.615120209705191e-06,1.0579949594045698e-05,4.6711806911223406e-08,0.6488652632373845,3.388342327872877e-05,3.0119256923259754e-08,0.05456656312736531,2.202512641235433e-05,9.587741686974282e-07,0.0032085063074247223,1.1797593575293363e-06,2.774044528476998e-06,1.1552683584889229e-05,0.00019159768499439354,0.0013988080822416253,0.2826497105154934,2.2977289196726662e-05,0.00018771518980309883
41,1.9245616340541406e-08,8.999556896722751e-05,2.3173560956987904e-08,0.0002626304674549403,0.015611665183567887,2.7580310132135356e-05,4.08713195741693e-05,3.063914452328379e-06,1.0820443700222137e-05,4.178573192816365e-08,0.6755867261490988,1.5577012800126346e-05,2.757750348394593e-08,0.03826666371727981,1.87347793450879e-05,1.549448952761685e-06,0.0038794736178347287,1.0078716781714347e-06,2.606835998201621e-06,1.8989387773799305e-05,0.0001265770864919605,0.0008273014127221531,0.2650630919998606,2.605532430265572e-05,0.00011890636559958865
42,9.142123408494673e-09,5.895513246605101e-05,1.4486511903681575e-08,0.00033021128416897076,0.004885371928581975,1.999136728878549e-05,2.5508870621898783e-05,3.793725677937911e-06,5.0623569678256855e-06,5.3858669513681195e-08,0.6180925904884244,1.7282063966464912e-05,1.8078920549600634e-08,0.04104617310033281,1.0951377766217737e-05,1.1501380191328554e-06,0.004214447945338241,1.028183626966526e-06,2.983454379412076e-06,1.4842793103139474e-05,0.00017680151918661962,0.0015968992283998476,0.3293986983536418,2.4704329610519813e-05,7.245679220564012e-05
43,6.490641958188469e-09,5.748760239391114e-05,1.1192313321497373e-08,0.0003414968009463498,0.00457853894053515,3.5871431212755576e-05,1.9203905361830514e-05,3.4947046613986853e-06,3.723357324372777e-06,1.7607693039161325e-07,0.41163419803858387,8.846838313595187e-06,1.6089010883745512e-08,0.05031467198107361,9.479190334656517e-06,1.4468384786785063e-06,0.007413545567920763,1.7453277568774136e-06,3.2662865517154006e-06,2.556527127103301e-05,0.0003564056182068306,0.0023596102777356355,0.5227240755275039,2.591106075363757e-05,8.120558418299381e-05
44,1.0299929313879249e-08,6.485960644800128e-05,1.3977353088566551e-08,0.00031567054071206935,0.006154307804470707,1.9889930884597388e-05,2.5774578982968913e-05,2.7547125391949475e-06,5.00379762049955e-06,4.9888446157951276e-08,0.5895044236675028,1.505462380498842e-05,1.732092171105434e-08,0.046414037418783916,9.277793735647985e-06,9.035461904061022e-07,0.004146688258530701,1.0205058803906266e-06,2.267764830319231e-06,1.4866749559837077e-05,0.0001523059700432766,0.0011726355648663405,0.3518692711793709,2.3035746681370965e-05,8.585875191064154e-05
45,8.843447785583419e-09,4.6780833256230666e-05,1.6863839957392952e-08,0.000277078676909661,0.005356230437946213,1.9982916479337082e-05,2.751966400817928e-05,4.466190928502457e-06,5.5163305525469155e-06,3.747177227434872e-08,0.7272985225519821,1.4255710857128618e-05,1.4684892855987989e-08,0.03229657663406545,1.5495072320808115e-05,1.3057657817683115e-06,0.0028329479201439187,8.597868924581047e-07,2.5113516076574654e-06,1.1759886270855398e-05,0.00011672584155285575,0.0012432114599394235,0.2303444487517031,2.102408036995599e-05,6.270227247898833e-05
46,8.275618490978262e-09,4.731887684458001e-05,1.1597858173555053e-08,0.0003250397523278556,0.004865051609141358,1.988837303174738e-05,1.824748038787527e-05,2.5673191298138337e-06,3.817110310035253e-06,4.249848119033519e-08,0.5795668633890221,1.2757565693613351e-05,1.93505363115716e-08,0.04264388424418411,7.3737215363358e-06,8.345515271135672e-07,0.005894002049465344,1.0222274299447005e-06,2.074782244973704e-06,1.5006151305960177e-05,0.0001606591822026766,0.0013524200937183217,0.3649644139054986,2.3572235695806887e-05,7.310365680751377e-05
47,2.8626019865677456e-08,0.00012221305382521255,2.4724736269096018e-08,0.0004176673614939196,0.009730636963702551,2.093016139295078e-05,5.399944467476079e-05,3.893196999034072e-06,1.302017008080483e-05,8.889415017017766e-08,0.5345476495612895,6.083020294267816e-05,7.262395082159393e-08,0.055278025504363566,2.09183837248026e-05,2.162801922911284e-06,0.010127856632139338,2.124498208368353e-06,5.431543148269275e-06,2.9702127733845817e-05,0.000409080246825146,0.0036311421953328813,0.38525812496285233,3.8727892634773345e-05,0.00022564822585514817
48,8.979662741612737e-09,8.116574384850276e-05,8.741204524134931e-09,0.00020756476002252577,0.0033688383081443823,2.7077728894230765e-05,1.1742759516562989e-05,2.1897144177300264e-06,2.8142167979087604e-06,5.8138191462420014e-08,0.5554333254954911,6.693728770237467e-06,1.290287907180211e-08,0.031204122020126318,3.0191955787181184e-06,5.654663244292705e-07,0.004008450108520436,5.742230644077147e-07,6.967603497084771e-06,1.0613922736162328e-05,0.00010201692974691464,0.0008867187322651554,0.4045633125696369,4.4955299709515024e-05,2.7182710953019087e-05
49,8.52731330469904e-09,5.541634408211957e-05,1.5170192726591994e-08,0.00037033303843195167,0.00408151662847311,1.8470815519118925e-05,2.4069582668276376e-05,2.5731855039852126e-06,4.165840210635987e-06,5.341267217593942e-08,0.5524057841013823,1.8029541799909058e-05,1.666193211574797e-08,0.04813947357956348,8.034371593984727e-06,7.825746988825559e-07,0.003568325458862178,9.823959825279577e-07,1.9525107958589924e-06,1.3127210798866279e-05,0.0001573503759441483,0.001274328161943241,0.38974783998959467,2.2972583261282675e-05,8.437793677921812e-05
50,9.97309022079388e-09,6.400090750765068e-05,1.6354283941870405e-08,0.0002839995176882787,0.0068108531850248205,1.1694043120876944e-05,7.585883095305074e-05,4.334263174193996e-06,2.1942345751524154e-06,1.4031302288030733e-07,0.38129413953343616,2.0637421478321854e-05,1.630842428694764e-08,0.06846863569829444,7.759964297414698e-06,7.658671068595318e-07,0.0027107904594211554,8.857808951832658e-07,1.663238419303581e-06,1.5696987310675507e-05,0.0001424131197701788,0.0009152952644377588,0.5390129824597752,1.3299545304550434e-05,0.00014191672918728807
51,1.0361067748620465e-08,6.677463958969136e-05,1.3952802630126488e-08,0.0003234806865336033,0.006017010920162476,1.9736282853054532e-05,2.571072733506335e-05,2.7854926987272475e-06,5.04421672052919e-06,5.0379072693235104e-08,0.5902825699158003,1.5296347022723136e-05,1.6999100280762627e-08,0.04718308073913379,9.298356189946558e-06,9.001582383543878e-07,0.0041202086248042094,1.0306516790687366e-06,2.295801761147738e-06,1.4774706487348301e-05,0.0001524459559661787,0.0011995303954962918,0.3504493741955591,2.302767725774224e-05,8.553181666713984e-05
52,1.758533334703763e-08,3.9590627260047626e-05,1.5501805077789474e-08,0.0002067015516288142,0.007037775732632783,4.790476987639833e-05,1.6118788765015116e-05,2.9252150335405923e-06,6.211528931091896e-06,5.556771654159472e-08,0.7579209797911645,5.305551520907372e-06,1.2674157853436455e-08,0.052481728388208415,1.575189705974522e-05,1.1366069125179663e-06,0.005045666808410646,3.649159205075969e-06,2.1063714867220816e-06,1.2028929962045619e-05,0.00010349445345749602,0.001232861539747586,0.17569078182369577,2.1235881504486934e-05,0.0001059432545234936
53,4.620179815693096e-09,3.9500678594237434e-05,1.2760394280156261e-08,0.0002458801840294586,0.007651163358414583,8.03934557070864e-06,6.987062639927641e-05,3.1654731045101627e-06,3.365482050508601e-06,4.2078174058405685e-08,0.5628150688228175,2.1560065428785498e-05,1.134319134302802e-08,0.03587111612901337,1.2004115359282177e-05,8.680568969468437e-07,0.0014505091111067666,4.3100537388489256e-07,9.561841450428036e-07,1.0407624205769835e-05,0.00011009333230358953,0.0008284917324528309,0.3907595585184679,1.2320893611086365e-05,8.55584587145397e-05
54,3.029043233421564e-08,0.0002524256464209189,2.469266437459431e-08,0.00046982880466294716,0.012559110792492474,2.9312452838716235e-05,6.652658940313347e-05,3.193814838605432e-06,1.1487891158163217e-05,1.434005825164885e-07,0.4593992011825437,3.536587186587952e-05,2.7402779115944808e-08,0.11803329638242209,3.097475988556271e-05,1.6137634099780006e-06,0.00467203548947094,1.9080690317145883e-06,3.4419790351802187e-06,2.485468432636674e-05,0.0002172408022086341,0.0018091049788235489,0.4019735801418689,1.9672398536679722e-05,0.00038559771829760515
55,6.269495701034476e-08,0.0001834794167790117,5.059387443454323e-08,0.0006936712057873285,0.010090311476877006,2.6821136161014622e-05,8.614024919711638e-05,4.102841321835357e-06,4.850702591469081e-05,5.7820552497247775e-08,0.6919229615691432,0.0001535718523569604,1.1003260225116023e-07,0.05885495504550924,2.4583445038202333e-05,2.140041032974806e-06,0.005487933443461362,3.727145517437084e-06,6.778428642794892e-06,1.875292132894468e-05,0.00044424832418471277,0.003029437293956392,0.22859116828375034,6.374287949862797e-05,0.0002626848325545453
56,1.1439091973891497e-08,6.539355231189787e-05,1.5042744893444293e-08,0.00032314778075895545,0.0061710930056535,2.0070705243726986e-05,2.7099516563105315e-05,2.769440173999938e-06,5.282956201402832e-06,5.04508572206586e-08,0.5875971830585085,1.7583226180005163e-05,2.176508864965596e-08,0.04736536435738341,9.113013519020785e-06,9.145728248204068e-07,0.00438843752607348,1.0736220539169306e-06,2.438173793195765e-06,1.5488926693153513e-05,0.0001617196565392021,0.0012047382197772848,0.35250504751902,2.5288494296639226e-05,9.065397864809959e-05
57,1.485826588481859e-08,8.910499958808233e-05,1.8124009539368095e-08,0.0004084814399830541,0.006726394006874679,1.5671491708828364e-05,4.3161778896208614e-05,4.557160457936078e-06,7.09290564325352e-06,7.626300507839374e-08,0.5263098596764524,4.391110671052859e-05,4.9000957525491894e-08,0.05277983851326713,1.2449972535589906e-05,1.5659431888545072e-06,0.006869727003914848,1.2775366032379194e-06,4.077042964774183e-06,2.6874424096677024e-05,0.00026540241735383246,0.00237151368626612,0.40386366927019063,3.053123637400746e-05,0.00012468014069125179
58,1.1131542228041125e-08,5.758051037707197e-05,1.3902747633749379e-08,0.0002785867539797449,0.005421096711258341,1.9108091982095152e-05,2.298889917039883e-05,2.422889066399815e-06,4.8979819599132835e-06,4.137492666097203e-08,0.6078594968466853,1.5869318201182197e-05,1.965200064536608e-08,0.03865305957281246,6.9492412500195205e-06,7.752037211184728e-07,0.0036728189328154165,9.285165797975033e-07,2.6144477839808355e-06,1.2649399548295196e-05,0.00013824183445827165,0.0010329493237646778,0.3426990960154168,2.9913428299421323e-05,6.787001965206905e-05
59,9.940236193814387e-09,5.6290132403729275e-05,1.4760151040913512e-08,0.0002796155686243125,0.005241778018993724,1.86215512491053e-05,2.291776466842329e-05,2.5307328615391003e-06,4.754077690920786e-06,4.257868379703893e-08,0.6074016811890166,1.4450595234538503e-05,1.6398312800182542e-08,0.03492752763588875,7.647195430528314e-06,8.003060179984706e-07,0.003324920542965647,8.448006698861636e-07,2.4465664769055366e-06,1.2925534419998893e-05,0.00013509395120131707,0.0010272379573651193,0.34742541341199856,2.8104463525867118e-05,6.431432591257386e-05
60,1.0299929313879249e-08,6.485960644800128e-05,1.3977353088566551e-08,0.00031567054071206935,0.006154307804470707,1.9889930884597388e-05,2.5774578982968913e-05,2.7547125391949475e-06,5.00379762049955e-06,4.9888446157951276e-08,0.5895044236675028,1.505462380498842e-05,1.732092171105434e-08,0.046414037418783916,9.277793735647985e-06,9.035461904061022e-07,0.004146688258530701,1.0205058803906266e-06,2.267764830319231e-06,1.4866749559837077e-05,0.0001523059700432766,0.0011726355648663405,0.3518692711793709,2.3035746681370965e-05,8.585875191064154e-05
61,1.0530355190084452e-08,5.797182907302071e-05,1.5437101737941655e-08,0.000279592495695825,0.00547427412341771,1.8749175070671792e-05,2.4649429905713212e-05,2.632202209780644e-06,4.8182425992984715e-06,4.4597120855174414e-08,0.6044824548900709,1.5218962035464892e-05,1.7845160660719372e-08,0.035881984136763814,7.970786199970833e-06,8.107780857550928e-07,0.003422437023541271,8.75601857824572e-07,2.518072958839611e-06,1.3312967786910866e-05,0.00013761765225310188,0.0010373008181575986,0.34903792388833776,2.81013069259514e-05,6.869720731443946e-05
62,1.0299929313879249e-08,6.485960644800128e-05,1.3977353088566551e-08,0.00031567054071206935,0.006154307804470707,1.9889930884597388e-05,2.5774578982968913e-05,2.7547125391949475e-06,5.00379762049955e-06,4.9888446157951276e-08,0.5895044236675028,1.505462380498842e-05,1.732092171105434e-08,0.046414037418783916,9.277793735647985e-06,9.035461904061022e-07,0.004146688258530701,1.0205058803906266e-06,2.267764830319231e-06,1.4866749559837077e-05,0.0001523059700432766,0.0011726355648663405,0.3518692711793709,2.3035746681370965e-05,8.585875191064154e-05
63,1.1940922729774362e-08,8.320720373528411e-05,1.5228616470344634e-08,0.00032746498086470345,0.006646550058437374,2.0433351280205857e-05,2.7520835371716582e-05,2.616705252156741e-06,5.436583824503083e-06,5.658870898730639e-08,0.5680175502279863,1.578973783605072e-05,1.775848089676702e-08,0.04681172173731179,9.703562944400791e-06,9.053089590928886e-07,0.004087094869889623,1.0007599822139863e-06,2.5513583913762683e-06,1.584754741428018e-05,0.00015800155791524653,0.0011603958907558014,0.3724890301835033,2.4831041156768996e-05,9.224498045868847e-05
64,9.974507213648293e-09,6.798932293626204e-05,1.4654683501755181e-08,0.00034326773183615105,0.005835910583409308,2.1529446865837512e-05,2.6685622759578535e-05,2.5860703397220674e-06,5.209507163145324e-06,6.084110509967507e-08,0.5329377133504815,1.78745956769469e-05,2.0569328139598616e-08,0.05095968284397926,9.478397917711427e-06,9.053533916556551e-07,0.004881655878254175,1.1468674974332435e-06,2.388564297990684e-06,1.6352106980482394e-05,0.0002257824528531864,0.0014282212019789972,0.4030907665346609,2.4190416779385245e-05,0.00010055711031639272
65,8.971486412307226e-09,6.322655337923838e-05,1.386158609423259e-08,0.0003328454726042588,0.0057870877830415385,1.9653252449320996e-05,2.703353878894561e-05,2.9347134808729943e-06,4.1929619701446235e-06,6.041148878667805e-08,0.5465963840450302,1.4260680399938848e-05,1.545948899430581e-08,0.05012577108742486,9.061878661072019e-06,8.937133284542538e-07,0.003974976940991608,9.830442360316686e-07,2.0534400696442813e-06,1.571392488945432e-05,0.0001586670116904144,0.0011440330932593486,0.3916109975592971,2.0561465422398702e-05,8.856913553489431e-05
66,7.606540625872316e-09,8.09288713057597e-05,1.1039532989189178e-08,0.0005551524355012419,0.0032277253305959142,1.177881472278918e-05,3.332835039555359e-05,4.595002017239321e-06,5.1458984086166166e-06,3.747233378309772e-08,0.6514784787803808,3.13057163200581e-05,1.067828661560226e-08,0.08672255897237176,1.1309264622094041e-05,8.473801985375517e-07,0.002594189938448469,9.589718669655249e-07,1.931581022404915e-06,7.953888883376087e-06,0.00012607224355550407,0.0019280625947740752,0.2530817674354249,1.2890954998583659e-05,8.295077749133464e-05
67,6.547451810802762e-09,4.247726384599476e-05,1.0573706947450538e-08,0.00032365703155922494,0.004744755069455172,2.1301054669680876e-05,1.647433807515269e-05,2.0667177734901225e-06,3.1466587932735766e-06,4.4419587459372365e-08,0.5207528243467653,1.052830520998681e-05,1.6288469793005636e-08,0.050747357472305035,5.6557731975923185e-06,7.089865501120483e-07,0.004421395105824758,8.696000670607901e-07,1.4733698373886406e-06,1.5096621636911403e-05,0.00013901837204334717,0.0008740976347536432,0.41778536101052616,2.0772308496001755e-05,7.088512939885945e-05
68,1.019475726408684e-08,6.401092655396129e-05,1.4117325729856042e-08,0.0003272411571698943,0.005716187762049849,1.956752085846236e-05,2.4838948087512207e-05,2.7069072959041193e-06,4.871042765382978e-06,5.032395603948293e-08,0.5792778157083284,1.5216186892626004e-05,1.674306976108096e-08,0.04675532129187248,8.410369718080548e-06,8.621639348594446e-07,0.004075727366233689,1.025835947057493e-06,2.2189277124767514e-06,1.4429218908798308e-05,0.00015430452811984014,0.0011670375979303646,0.36226197394169896,2.3381635620212532e-05,8.275958319251132e-05
69,3.5933707041912433e-09,3.213062459952578e-05,9.54925171372917e-09,0.00020493777486008292,0.0034535040185225594,1.4170037263750101e-05,1.539710399386868e-05,2.283424710999863e-06,2.0479566454183566e-06,3.0363868896204696e-08,0.5905511677931182,6.9122190908954494e-06,6.6977611433178834e-09,0.02414664684754765,4.45636193927169e-06,5.985875275462558e-07,0.001482909989665099,3.1225635441096993e-07,1.5481528711553015e-06,8.325479925159664e-06,8.875136786352604e-05,0.000547086266419587,0.37939022759518215,2.1632978300874306e-05,2.4902959345688528e-05
70,3.504178606674991e-08,7.783964317933416e-05,5.14678177125972e-08,0.0010644277281259998,0.01303028597744974,2.206987138102303e-05,7.14948327667768e-05,1.670836413378417e-05,9.326983322673548e-06,1.2625712746755732e-07,0.5676551827290099,3.611070468465578e-05,5.61417729259098e-08,0.15647052373458162,2.8785620461144593e-05,4.978753728204592e-06,0.009585525184357886,4.399746747738078e-06,1.028649270243195e-06,7.070838798272703e-05,0.00011202330469656124,0.0017973915822865505,0.24959471005562583,1.1959402971130135e-05,0.0003342498347322627
71,9.912947407303306e-09,4.4396517677671577e-05,1.6017016155841505e-08,0.0002868813280249575,0.003927833815575467,2.3583128877857335e-05,2.112286812171858e-05,2.7778040100211418e-06,5.035590642913697e-06,3.537976438071983e-08,0.7074366651398132,1.3331999911350195e-05,1.3514392955572608e-08,0.03739930096104921,9.700774553369819e-06,7.609035005711404e-07,0.0036891317898316805,1.1975568082059264e-06,2.460533048768144e-06,7.761490419304836e-06,0.00014501627640928455,0.001378641495649835,0.24551118570117048,2.273517379135772e-05,7.040432699185968e-05
