,0,1,2,3,4,5,6,7,8,9,10,11,12,13,14,15,16,17,18,19,20,21,22,23,24
0,0.00036059793471403945,7.425109472566677e-06,4.130225144823748e-06,0.00016601369831495177,0.0016009335897534725,0.004085815438932704,6.825524067995985e-05,0.00040927528211729856,8.079858084523647e-07,1.0190940255607112e-06,0.917188372810393,0.04009501360276755,9.391173585336493e-09,0.0003419361166683302,0.0006740120327631016,0.00011550967491091198,5.025253934666145e-05,0.0010519048419119392,0.0026327606539981448,3.207188298368211e-06,0.01584423441895745,0.0038667718939218425,0.011425823706750184,3.048786187054515e-07,5.612650556462535e-06
1,0.0005123925589306011,2.9551697249810262e-05,3.7086599806563216e-06,0.000607728132616093,0.0021618025114459,0.005601330962845414,0.00010654678901923126,0.0011562370657820056,1.3996820736412048e-06,5.476482683326505e-06,0.79415892787675,0.04357603540454997,9.047651692989951e-09,0.0008297850549560735,0.001613342344387495,0.000308057005946996,0.00012191477413377797,0.0021226547309198657,0.009677976488791422,5.610861127701393e-06,0.08901728815507137,0.012553712612317846,0.03579220857045665,4.312336136566e-07,3.5871296698801056e-05
2,0.0005883695122578574,3.054067391039419e-05,1.920108149281084e-06,0.000522904322393909,0.0015900913610912295,0.004070933468891726,9.624790469934196e-05,0.0008003960752662157,4.7347676635548824e-07,2.9021090494100523e-06,0.7398994141242736,0.04476930355163198,6.983742388565993e-09,0.0008422173884657633,0.002431002828800415,0.00023653109908409865,0.0002108695954083198,0.002527450844838435,0.005348675337828593,3.884426073189475e-06,0.08566515705245627,0.018371228175804312,0.09194952752968741,5.29771818792352e-07,3.942227761055203e-05
3,0.0005291954629162414,3.097694319471466e-05,2.5744696494963414e-06,0.0006220214128987042,0.0018438587835974945,0.0033289593224032432,8.072099628887223e-05,0.0008062385405982242,4.91246439871381e-07,3.0643993513127264e-06,0.8029639994926099,0.046816834954534446,8.803591220606526e-09,0.0007418960017766858,0.0010658871124955753,0.00013556791761561165,0.00016681495034853247,0.003308396962564571,0.004236998548033512,3.6475558699442655e-06,0.07362359533917266,0.011522879277840353,0.048133794147219015,5.781133702781802e-07,3.0999245619523654e-05
4,0.0004955963688911016,3.234196433700471e-05,2.8478389325002033e-06,0.0006179221317901539,0.00213903767100635,0.0036433271270432817,7.928058756002372e-05,0.000693925678774448,4.927833123883473e-07,2.990940009505589e-06,0.8107499410535055,0.04783573156972695,1.1197803018139188e-08,0.0008962043329425665,0.0010107908550588088,0.0001278745893727336,0.00015490778138713756,0.0032540319210581058,0.003864850375282976,3.596905407167669e-06,0.06633632450697731,0.011007145954705793,0.04702367709076924,5.664814462003288e-07,2.6582292899770404e-05
5,0.0004499045064897245,3.3130319355807095e-05,2.3053585609472946e-06,0.0008561820341052283,0.0019465474281694763,0.003092784205116324,7.525636250168588e-05,0.0008445664330103058,3.6772073347428427e-07,3.48591563133737e-06,0.7920925535030334,0.042996702399632575,9.650566243699385e-09,0.0007387742610710433,0.0007647836444654229,0.0001120818225670873,0.00017193290776599366,0.004675401797766453,0.0032751134130342445,3.877687077749161e-06,0.08197874521147264,0.010231058401394448,0.05562324615206422,6.811545764642643e-07,3.0507709837646657e-05
6,0.0005291954629162414,3.097694319471466e-05,2.5744696494963414e-06,0.0006220214128987042,0.0018438587835974945,0.0033289593224032432,8.072099628887223e-05,0.0008062385405982242,4.91246439871381e-07,3.0643993513127264e-06,0.8029639994926099,0.046816834954534446,8.803591220606526e-09,0.0007418960017766858,0.0010658871124955753,0.00013556791761561165,0.00016681495034853247,0.003308396962564571,0.004236998548033512,3.6475558699442655e-06,0.07362359533917266,0.011522879277840353,0.048133794147219015,5.781133702781802e-07,3.0999245619523654e-05
7,0.0003934962677503691,3.146958582226061e-05,2.964292724590432e-06,0.0003784351865417546,0.0007539603298303164,0.001371455357388043,8.409098234771586e-05,0.0004533145051797523,4.886455643868012e-07,1.2805234583281696e-06,0.9269078375970503,0.025913200139823345,1.5342915173297058e-08,0.00036333605925521875,0.00042668091486938747,3.100557214669249e-05,8.790460629384672e-05,0.002615598393492638,0.0015086062121371364,3.6857270488508666e-06,0.020352013871169843,0.004549225379593935,0.013756310619159377,6.183731700944141e-07,1.300551526678163e-05
8,0.0011664525870130592,6.62971715984155e-05,6.631661530469372e-06,0.0021959444600655204,0.0034133967262863253,0.002913477366295272,0.00017347150273224238,0.002526329857507026,7.223617552811632e-07,9.407753402346442e-06,0.6025602544606753,0.0654336506075241,1.7888702079037154e-08,0.001494884746755905,0.00168420200622487,0.0003321367424443038,0.00046670499149630544,0.004915493426070372,0.006171873008131634,7.291888027302549e-06,0.15531700129678988,0.01629372358500966,0.13271781032378754,2.357645282779247e-06,0.0001304659348921396
9,0.0009610688481506924,8.698248821342516e-05,1.3429086121486027e-05,0.0022469115640211764,0.0038253068406485027,0.002026230120076728,0.00017409426214526637,0.0025600620291434018,1.3401493202403194e-06,7.940171745195758e-06,0.7659860048568018,0.05782700103717193,3.6138005600762585e-08,0.0011613085168401935,0.0011784203889457973,0.00014650220941208908,0.00039351436102296323,0.004692078130971747,0.004465819024163018,8.86043504299631e-06,0.0900926822846247,0.009572683326414979,0.052461783102692436,3.69586797208474e-06,0.00010624476033136614
10,0.0005291954629162414,3.097694319471466e-05,2.5744696494963414e-06,0.0006220214128987042,0.0018438587835974945,0.0033289593224032432,8.072099628887223e-05,0.0008062385405982242,4.91246439871381e-07,3.0643993513127264e-06,0.8029639994926099,0.046816834954534446,8.803591220606526e-09,0.0007418960017766858,0.0010658871124955753,0.00013556791761561165,0.00016681495034853247,0.003308396962564571,0.004236998548033512,3.6475558699442655e-06,0.07362359533917266,0.011522879277840353,0.048133794147219015,5.781133702781802e-07,3.0999245619523654e-05
11,0.0005260454723946304,3.2218905067065315e-05,2.643034967973503e-06,0.0006239201184154659,0.0018200921349893135,0.0032409550734928826,8.203085015497466e-05,0.0007797703684412766,4.873772605967141e-07,3.002693820384901e-06,0.809686740363625,0.04698743411251902,1.0114800767296242e-08,0.0007558428550745585,0.0010115894287290792,0.0001260203708697003,0.00016815103831313875,0.0034279332152051616,0.003927520053397968,3.785396754835522e-06,0.06826660081671318,0.011295650955738071,0.047201439132618164,6.063932171313623e-07,2.9509723419598136e-05
12,0.0003898747230181871,3.818939654269487e-05,8.094403530681318e-07,0.0007494757899600108,0.006217124620255955,0.0038730592846399803,2.8704019222266975e-05,0.0001441303266429248,1.3980992790518908e-08,2.1248665637574212e-06,0.3638184025729109,0.11327628392857729,1.1727738696144227e-08,0.004155981146230633,0.0004839295769243343,0.00011144655254677097,0.00032569260975454415,0.010584761647872108,0.0010413958331124862,8.449878728007749e-07,0.09332762453659312,0.02455602795240901,0.37685460889445327,5.54802900833077e-07,1.8926781911469218e-05
13,0.0008607339801655151,0.00012740165849560033,3.046679749221783e-06,0.0023290051782131993,0.004024217570730315,0.011844668305223136,0.00023234209876192262,0.0019390708500491075,8.28056943507482e-07,3.7962007219224994e-05,0.5492104917739283,0.024002565307705913,2.288920585882946e-08,0.0011474326347452974,0.0015814083264999953,0.0007245793370273469,0.00025069991810127546,0.012135580055599395,0.006827734085067439,1.0204077865268379e-05,0.1557484262614696,0.02066150213180719,0.20619917373468052,2.919496393230725e-06,9.798358435258797e-05
14,0.0005015439663710196,3.3232913591907146e-05,2.5386446550509444e-06,0.0006297288894553562,0.0019070784307426054,0.003429777603685823,7.936129947330014e-05,0.0008084626944342389,5.016886399993318e-07,3.309431739577869e-06,0.8060913670526213,0.04418093714540139,9.120582499222689e-09,0.0007322883348659299,0.001046043791682596,0.00013297509781495874,0.00016349610931559895,0.003393797049036644,0.004214465684072806,3.6703049520819856e-06,0.07409318703923388,0.011554596178513907,0.04696698743329784,5.912660942816861e-07,3.005282972535381e-05
15,0.0005291954629162414,3.097694319471466e-05,2.5744696494963414e-06,0.0006220214128987042,0.0018438587835974945,0.0033289593224032432,8.072099628887223e-05,0.0008062385405982242,4.91246439871381e-07,3.0643993513127264e-06,0.8029639994926099,0.046816834954534446,8.803591220606526e-09,0.0007418960017766858,0.0010658871124955753,0.00013556791761561165,0.00016681495034853247,0.003308396962564571,0.004236998548033512,3.6475558699442655e-06,0.07362359533917266,0.011522879277840353,0.048133794147219015,5.781133702781802e-07,3.0999245619523654e-05
16,0.000450222050848259,3.55273659913635e-05,1.6814375925990606e-06,0.0008677583549237399,0.001605521896880686,0.0038555582105987475,9.110636861019443e-05,0.0008945803679990048,3.830603461342212e-07,5.739620083982628e-06,0.7281858026732757,0.040695937086477084,6.81229665307635e-09,0.0008226700561685186,0.0008783467178651616,0.000175793217941911,0.00014765564720297915,0.004990044643748693,0.00481830580587515,3.7890158675631402e-06,0.1430160591833221,0.013208211512635654,0.05521286238129379,5.109729400074329e-07,3.592553921429658e-05
17,0.0005381894287939708,3.061559842555797e-05,2.622323075181812e-06,0.0007355534557795067,0.0018980953314324798,0.0032634997176146647,8.237456580067761e-05,0.000784480484017446,4.2533251876545085e-07,3.0169772295974513e-06,0.789306146680277,0.05137231618194522,9.481695118986089e-09,0.0008846536398984989,0.0009168165904565158,0.000131247528589281,0.0001650760613321793,0.003765323386379014,0.0038639013647889333,3.795345278441512e-06,0.07667276158639576,0.01120371202619574,0.054341878263703895,5.734776962729077e-07,3.291517068060902e-05
18,0.0006110504186417175,3.3633093239322074e-05,2.6665933925328377e-06,0.0006478995549155967,0.0018042085782715785,0.0030756128162811405,8.532474519802691e-05,0.0008457935862369408,4.6394310506518146e-07,3.148296572692017e-06,0.7884770247508639,0.052315575619559074,9.36765480589486e-09,0.000768584743980414,0.0010717959453158392,0.00013486613518615394,0.0001970950608718696,0.00375689213671264,0.004220625965138056,3.6667774365313405e-06,0.07781492464775558,0.01271018507951274,0.051383213665106175,6.644153432820234e-07,3.50740637080767e-05
19,0.00037703618423106755,3.0462324350276462e-05,5.045097894831603e-06,0.0007055425689457183,0.003224264119204521,0.0034240592751446923,6.072335647893669e-05,0.0009230984618493045,7.721626709234905e-07,3.4526261646424536e-06,0.8139192048899373,0.06680256221409168,1.3933949047953936e-08,0.0009751198847704428,0.0008048802693184022,0.00010237202367400746,0.00015716150073513314,0.0027536589461743363,0.004086110562614685,4.377409998411434e-06,0.06328549545515677,0.011368803582075034,0.026960017289810706,5.272667050689696e-07,2.5238594053844397e-05
20,0.000519834491536079,3.3034592710426294e-05,2.582008838661043e-06,0.0006338893690548005,0.0019530604858177668,0.0032269978457743842,7.966707109841965e-05,0.0009182144148216283,5.183803950490397e-07,3.297302149394937e-06,0.7917834990245588,0.04801321888526076,8.801755558072876e-09,0.0007445712297830943,0.0011746950449968748,0.00013599998473207289,0.00018822592358400548,0.0033126849136839395,0.004613605507779237,3.7069841422628908e-06,0.07993081303800807,0.013479912517638496,0.0492152944042764,6.107905347675832e-07,3.205698706882388e-05
21,0.0006987672960315006,2.1280036969463487e-05,3.0168129905796195e-06,0.0007331484009366605,0.0016036215523901817,0.004497036653354857,0.00012318540103405145,0.0005215290559812756,3.155635499358948e-07,3.086650565089407e-06,0.765720034050781,0.0761470318718589,1.2735323016383554e-08,0.001177891255405964,0.0007006874600071701,0.00024788692514017124,0.00011098336363053397,0.003954122973011045,0.0030949569906221627,4.966176847245012e-06,0.06990201632333526,0.007568353663702189,0.06313679142748893,4.923543332394936e-07,2.8785004709514943e-05
22,0.0006629250789695263,6.029335617200617e-05,3.438371904243196e-06,0.0009580540265600634,0.0029345203524026673,0.0037971533933939764,0.00010964365073434127,0.0012421372170711826,9.73068795520738e-07,5.470590630754719e-06,0.7773880750315044,0.04792376429670018,1.6254305093857847e-08,0.000989211179097957,0.0018429801968442435,0.00016361204736869145,0.00021202343049235288,0.0029688507496230384,0.0071876016778779995,4.26699896129024e-06,0.07467666628437188,0.01387969042381753,0.06292803701680831,9.431069334561547e-07,5.9652198659350727e-05
23,0.0005291954629162414,3.097694319471466e-05,2.5744696494963414e-06,0.0006220214128987042,0.0018438587835974945,0.0033289593224032432,8.072099628887223e-05,0.0008062385405982242,4.91246439871381e-07,3.0643993513127264e-06,0.8029639994926099,0.046816834954534446,8.803591220606526e-09,0.0007418960017766858,0.0010658871124955753,0.00013556791761561165,0.00016681495034853247,0.003308396962564571,0.004236998548033512,3.6475558699442655e-06,0.07362359533917266,0.011522879277840353,0.048133794147219015,5.781133702781802e-07,3.0999245619523654e-05
24,0.0003663465447600133,4.296280898044875e-05,2.6536013014407526e-06,0.0011428744736670061,0.002757323586441249,0.00413539970727752,7.040082315894227e-05,0.0008056409904386615,4.1836541471966926e-07,4.706565365458597e-06,0.7800614304169138,0.04712772706756525,1.279486116550381e-08,0.0012782134869006694,0.000657507543434683,0.0001225792984833713,0.00013118110782470675,0.004613552652967959,0.004039072163721953,4.731827406203782e-06,0.08807831001923559,0.011118029858712011,0.05340735913359765,4.809617867249892e-07,3.1084199782787884e-05
25,0.00046367753856270605,2.330188353793501e-05,2.427323341469757e-06,0.0006333752337335593,0.0014411610566667586,0.002199781460166374,7.906308876826329e-05,0.0008602710972829151,3.863402545177375e-07,2.1786759681729002e-06,0.8292764361928846,0.04686899813567357,8.47237167631603e-09,0.0006153327202423419,0.0007270472690636077,9.617789898243526e-05,0.0001542935238503849,0.0030811305390370473,0.0035256671337548324,3.803812390134465e-06,0.062203286596264916,0.00889347626461256,0.038824888932536224,5.250207378821897e-07,2.330378931512061e-05
26,0.001168926839724438,3.80465609515467e-05,4.38747062157175e-06,0.0006175031527968373,0.0014306104694109317,0.0014071886629468686,0.00010305899523264582,0.0011614544537485157,4.44922424999148e-07,2.2848797236857818e-06,0.8269010036159066,0.05636823972836877,1.700383773156434e-08,0.0003764144454496952,0.000778009935660979,6.795518222911584e-05,0.0004614287458941357,0.006288578962116719,0.002211145859792468,3.737597498023831e-06,0.049449174207199034,0.010240183497313773,0.040883714700638896,2.519051201166215e-06,3.397105931063567e-05
27,0.000616906879155196,3.6934377954527094e-05,2.834905000287034e-06,0.0005941191718161368,0.0017075395627208921,0.004859730117003748,9.89847266806164e-05,0.0012183442247154313,1.0934359243651488e-06,4.702697317931206e-06,0.7777644848131163,0.04032953792965062,7.034607081508175e-09,0.0006658850511523192,0.0021522900435091406,0.0002151994961057858,0.00018031695243589613,0.0029726229108218804,0.006653755171940172,5.1262871900050075e-06,0.09067235674303022,0.0195965643315287,0.04959757053632857,6.097414084078908e-07,5.248285888580485e-05
28,0.0005291954629162414,3.097694319471466e-05,2.5744696494963414e-06,0.0006220214128987042,0.0018438587835974945,0.0033289593224032432,8.072099628887223e-05,0.0008062385405982242,4.91246439871381e-07,3.0643993513127264e-06,0.8029639994926099,0.046816834954534446,8.803591220606526e-09,0.0007418960017766858,0.0010658871124955753,0.00013556791761561165,0.00016681495034853247,0.003308396962564571,0.004236998548033512,3.6475558699442655e-06,0.07362359533917266,0.011522879277840353,0.048133794147219015,5.781133702781802e-07,3.0999245619523654e-05
29,0.0005291954629162414,3.097694319471466e-05,2.5744696494963414e-06,0.0006220214128987042,0.0018438587835974945,0.0033289593224032432,8.072099628887223e-05,0.0008062385405982242,4.91246439871381e-07,3.0643993513127264e-06,0.8029639994926099,0.046816834954534446,8.803591220606526e-09,0.0007418960017766858,0.0010658871124955753,0.00013556791761561165,0.00016681495034853247,0.003308396962564571,0.004236998548033512,3.6475558699442655e-06,0.07362359533917266,0.011522879277840353,0.048133794147219015,5.781133702781802e-07,3.0999245619523654e-05
30,0.0005291954629162414,3.097694319471466e-05,2.5744696494963414e-06,0.0006220214128987042,0.0018438587835974945,0.0033289593224032432,8.072099628887223e-05,0.0008062385405982242,4.91246439871381e-07,3.0643993513127264e-06,0.8029639994926099,0.046816834954534446,8.803591220606526e-09,0.0007418960017766858,0.0010658871124955753,0.00013556791761561165,0.00016681495034853247,0.003308396962564571,0.004236998548033512,3.6475558699442655e-06,0.07362359533917266,0.011522879277840353,0.048133794147219015,5.781133702781802e-07,3.0999245619523654e-05
31,0.0008619538787409645,6.824260249483765e-05,6.4568866069090754e-06,0.0015725437277934419,0.003951686872528536,0.0022586742268706933,0.00010582384424472036,0.0023885264818003012,6.50369662529135e-07,6.7675018027503505e-06,0.7178685417680715,0.08076218877948821,2.421121957871405e-08,0.0011876984036062032,0.0007745659079415095,0.00014165976536691484,0.00039601512496761557,0.006555001011704961,0.005937478076303759,6.836367036416363e-06,0.1052020611907058,0.016390447057337578,0.05349751530480325,1.8789827994805215e-06,5.676165610148214e-05
32,0.0005431579674579321,3.180689372392473e-05,2.629510226543516e-06,0.0005949684654503217,0.0019377870994652536,0.0035198681784363783,8.151320100634743e-05,0.0008818154678640387,5.878813946789914e-07,3.3030530680958297e-06,0.7946093462499869,0.04777907234122475,8.5506419621924e-09,0.0007683520953554634,0.0012493768387075938,0.00015152487124456607,0.00017454216251203762,0.0030553197322477957,0.005351673413805701,3.6699550429279748e-06,0.07988367128104383,0.013201707673246764,0.04614121392312964,5.44145053010012e-07,3.253904866351349e-05
33,0.0005686787365394546,4.9234667576611825e-05,2.1566100737406107e-06,0.0006355727468586625,0.002583966381112484,0.0031390282232625862,7.734664285751462e-05,0.0008303002811880021,2.9984511934832457e-07,3.3957519959984123e-06,0.762656979675468,0.057157454678213114,1.346839653683375e-08,0.0010540931476797702,0.0010608715154963595,0.00012637538393742563,0.0002595984016796707,0.004586671340953113,0.004539574664923418,3.6057894944191446e-06,0.07242573920900178,0.022143715657994372,0.06607053383736317,7.227354499231162e-07,2.407060736449474e-05
34,0.0008709018455677742,3.304977912485222e-05,4.389816036681389e-06,0.0003591045937008631,0.001565876764695554,0.004822855835989373,0.0001140522422315465,0.0009182532938038868,3.012936283542713e-06,3.4291473887140563e-06,0.8463690548706192,0.03629778374901205,8.241236301718815e-09,0.0006357013991141598,0.002439395913461633,0.00016814490763098318,0.00010704814111044552,0.0017310412819414411,0.010746471204579873,3.2046646521634732e-06,0.06363168502718754,0.010945268290305229,0.018181264662610754,4.7302887705671187e-07,4.852836283845975e-05
35,0.0013671570381931291,5.739952289088417e-05,3.831092018199637e-06,0.0014230748292125138,0.0013649221387031292,0.002109908014736283,0.00013185945875343258,0.0036699224107195404,1.6205360538643721e-06,9.066629635433878e-06,0.7257852256931032,0.07032077624291547,1.4004080648008267e-08,0.0005096077969191201,0.0007355244008507737,9.994533493353282e-05,0.00037980939945795434,0.010043155000523963,0.009765793366204773,7.1762862949640944e-06,0.12662785418290295,0.02087852945536478,0.024596952481618993,1.406343971298408e-06,0.00010946833994137497
36,0.0015947330353099263,4.707259613892263e-05,8.892602211658814e-06,0.000789174605395705,0.005880557576231888,0.0014924001434419346,7.005785691901452e-05,0.0032221891439333226,1.2185850116469852e-06,4.799743033024175e-06,0.4840090043071337,0.27006691869407684,2.240249478137511e-08,0.0014332481162957565,0.00270279053453074,0.00023136939376186205,0.0013638798231902565,0.0020260525242812096,0.020355062974697816,3.4161871201602297e-06,0.12521699380708146,0.0351768950754576,0.04420224795041793,1.3589120824831563e-06,9.964340975049407e-05
37,0.0008930342182528849,2.9502797101502303e-05,3.014324510592587e-06,0.0005371445474169608,0.0014720022347731736,0.002423040348149989,9.5712051044764e-05,0.0006229524660659765,3.2918282395929934e-07,1.8967686827386626e-06,0.8123305472160762,0.061580693941529124,9.91941466749751e-09,0.0008572094702029563,0.000777400511797271,0.00011193319950633428,0.00017507180446073948,0.003990012958120984,0.003417013631258223,3.219919825883036e-06,0.05740041661799709,0.01022206302107924,0.04302564299983622,6.498620460160209e-07,2.9485988026415457e-05
38,0.0005344071788591098,1.22164862233341e-05,9.352339523418225e-07,0.00016987457218747032,0.0006040516740385695,0.006540592622914582,0.0001210631825607073,0.00018837465390285715,2.413074465044148e-07,1.3433589922032087e-06,0.8468663995089064,0.024307056897807804,3.075605065475425e-09,0.0005136442294227386,0.001446573049927344,0.0002628514070447629,4.7814121246479104e-05,0.0020050228432877035,0.00268788537693611,1.99786319943243e-06,0.04668844730229401,0.007172034894454937,0.05981389302339103,2.1372490218449924e-07,1.3062410495999061e-05
39,0.0004912083076433893,2.5551220455648287e-05,2.6741518618308893e-06,0.0006852301682647109,0.001986344976930713,0.0035844091171338367,8.03475798313255e-05,0.0009084663187365627,5.202392852658654e-07,3.328879486926343e-06,0.7855858925716652,0.050257633574104794,7.773406706315005e-09,0.0007598892024767099,0.0010554873157532668,0.00016485801102589118,0.00015619424647228373,0.003100225277037334,0.004824703817543667,3.9190140514782944e-06,0.0870808423584233,0.01079599958449862,0.04841327333066774,5.207286887261747e-07,3.247223455373322e-05
40,0.001020387972635743,3.004025699472262e-05,2.5693761331231993e-06,0.00021758637865845764,0.0012340188980287403,0.003114237446002772,7.401216322111021e-05,0.0003326824992846306,4.019479113571508e-07,1.0802640709864314e-06,0.807493306535094,0.0675458142639875,4.783676626040939e-09,0.0011854708585134898,0.0014344304126343872,9.676196949354749e-05,0.0001334234404851044,0.0026535723990460296,0.00477921382512407,1.7413859268569533e-06,0.05833149822424798,0.021369607318238826,0.02891820211163525,2.7524315957780955e-07,2.966002579502737e-05
41,0.000438041816487686,4.897295655778221e-05,8.052516016075828e-06,0.0007843894531757355,0.0060063815010419404,0.00839986139715606,8.500796518613708e-05,0.0011850445245012058,3.036908295955172e-06,7.668853132888858e-06,0.7905665064908354,0.035085914280184836,1.1952552363899673e-08,0.0012448205329623257,0.0031322005244443702,0.00028915261047012225,0.00012111297745457746,0.0015531180156208968,0.009102371815354091,4.3141945329419246e-06,0.09682926863683222,0.011104420394428594,0.033942460345774444,7.285447510686273e-07,5.714079225019409e-05
42,0.0003855365555567084,3.465604844603244e-05,3.096551498366062e-06,0.0010018913139997184,0.002128293552388361,0.0032731983420737315,6.106182889327749e-05,0.00010133276819468458,1.969972520941376e-07,1.324406423656893e-06,0.89694707163243,0.03272604224668274,3.256969950590248e-08,0.0012628484584793992,0.00019200525662409218,1.9874943706761065e-05,4.304392638247801e-05,0.006526435602406319,0.00044386505109925053,1.360608296206955e-06,0.018075627475608855,0.0010981023380063606,0.03564766707910309,7.390834539999749e-07,2.469536329412697e-05
43,0.0002380371154940712,3.443736049447832e-05,1.2312007852045559e-06,0.0008328970884773607,0.0037637413963606705,0.008348793937202502,6.122716857488506e-05,0.0017034230148287957,8.221820610566627e-07,1.5841816908174877e-05,0.5907093536497293,0.025495430930437882,4.26526788178039e-09,0.0005855691160919105,0.0023262788126153008,0.0004240332020105831,0.00017764488522274208,0.002885471060389196,0.011319054609092057,3.320914519851226e-06,0.25770838241652905,0.02185623792489579,0.07147074953469733,5.066538263536881e-07,3.7509743487446104e-05
44,0.0005291954629162414,3.097694319471466e-05,2.5744696494963414e-06,0.0006220214128987042,0.0018438587835974945,0.0033289593224032432,8.072099628887223e-05,0.0008062385405982242,4.91246439871381e-07,3.0643993513127264e-06,0.8029639994926099,0.046816834954534446,8.803591220606526e-09,0.0007418960017766858,0.0010658871124955753,0.00013556791761561165,0.00016681495034853247,0.003308396962564571,0.004236998548033512,3.6475558699442655e-06,0.07362359533917266,0.011522879277840353,0.048133794147219015,5.781133702781802e-07,3.0999245619523654e-05
45,0.0005647589493104578,2.606019762629403e-05,3.774145123996671e-06,0.00046630167467435183,0.002388927099337415,0.0029733711984161197,0.00010078294014051933,0.001280481190093446,8.525658472469154e-07,2.8548379455557613e-06,0.8286082573716466,0.0489085687820381,1.21077682145e-08,0.0006153347096630842,0.0016526292929128982,0.00016604915975640261,0.00020058071087826807,0.0017607843978788378,0.006054505183318173,4.0348611258219544e-06,0.052384436056262765,0.012075867549419111,0.03973852743350488,7.682579817524426e-07,2.1479327329632938e-05
46,0.0006349552728042021,3.369926897085374e-05,2.754997683658864e-06,0.0006964125303542017,0.0019852208083385846,0.0021628052656705683,7.44646922310968e-05,0.0010821629770294387,4.1591629478492583e-07,2.88082839477344e-06,0.7786182210444904,0.06020825721872718,1.0729553135052024e-08,0.0006438305308502105,0.0010898567605561347,0.00011105081731694026,0.0003222391555391342,0.0037258877970817324,0.004239841995527894,3.550356482195963e-06,0.07944665809492167,0.013654593864030194,0.0512248585722528,8.812139092552769e-07,3.4489290988936046e-05
47,0.002136346857907219,3.3711798653325565e-05,2.5668857590651547e-06,0.00029478483338108043,0.0007653902356853721,0.0023522536802117753,0.00014146222228758924,0.0006413982673659469,3.0800437264785927e-07,2.014345253009867e-06,0.7234157382466345,0.1202208273446092,8.845382797789671e-09,0.0006642398475465854,0.0012707838870883925,0.00018957134612229164,0.00032042282376820074,0.005619969211827353,0.004535617298798267,4.098942680590907e-06,0.06592869533189484,0.029761819251969735,0.04165397241795503,7.667593852495763e-07,4.3231313459836606e-05
48,0.0011273273755722385,0.00012376572780437042,2.0018020690600015e-06,0.0008509237500720002,0.0029366005889236908,0.0016193684145603417,0.00012990861685694522,0.0034750924075147576,5.165726996975413e-07,8.73596707786265e-06,0.6058189445283041,0.0629858321320403,2.167407332617162e-08,0.0008735029759670634,0.0026895681945703783,0.00020412449013262277,0.0012975887120079367,0.00435331080931496,0.018528534399765196,4.139627438369054e-06,0.13305425879254054,0.059517443145023635,0.10034843783267142,1.9980959536673925e-06,4.80533670454667e-05
49,0.0003721393355880679,1.993496200053128e-05,2.623443487911935e-06,0.0005107816697809883,0.0019710129352270727,0.0037476095110625684,6.0082259568112045e-05,0.0005504070625870887,3.832811200633549e-07,2.099542896885141e-06,0.8124854838361277,0.06222018917328643,7.976195738309175e-09,0.0008639610156220337,0.0008043968896131362,0.00011379885613482289,0.00011842723606781818,0.002886419045685979,0.0031900845355724403,3.533942489877103e-06,0.06120636084762629,0.0110334581871718,0.03781593069809981,3.335775993727776e-07,2.0540179387405568e-05
50,0.0009296249214887774,7.331501702753834e-05,4.0825514412690855e-06,0.0011289311098750723,0.0029361498896902385,0.008528076292549732,0.00031031020302443304,0.0019317661033506118,1.627291912746505e-06,1.7446941411884024e-05,0.6879413236499662,0.0401663500187401,1.5859023296726237e-08,0.0020050963924047914,0.002052843918626179,0.0007604029683180163,0.00013358072696252626,0.0034508974664877404,0.020474064839342058,8.87541444085813e-06,0.12487528272453816,0.027784510983490465,0.07441962511566666,7.348112804782191e-07,6.506478894016085e-05
51,0.0003405566595804469,3.025661586837706e-05,1.7077786034750074e-06,0.0008697443012858018,0.0011679181521902185,0.0021519648242363226,7.80790092305358e-05,0.0007579666682920831,2.941777944364155e-07,2.8154288143065915e-06,0.8270049695286519,0.03635888207412144,7.561565289690863e-09,0.0007618226256921769,0.0003911306921311122,4.985465832679752e-05,9.898314695133345e-05,0.00561677386846574,0.0026642246833012266,3.3132504893124272e-06,0.08047881228790048,0.009413956258766634,0.03173485017888508,3.957887025305529e-07,2.07197801532062e-05
52,0.0002535394074687291,1.359787319727958e-05,7.449534538447578e-07,0.00026677246134471365,0.00041428673433387136,0.007833443291944932,8.671075860141522e-05,0.0001293970377297261,2.2896467480325513e-07,1.5040535215979246e-06,0.9025036735675084,0.012967247955009491,4.7095089646331976e-09,0.0003534549440468512,0.0004468772557607425,7.856323806871348e-05,2.329330788953133e-05,0.005533038085887217,0.0007270993571561486,3.2820743109430997e-06,0.02747386269516694,0.00464516462564915,0.03623460605188219,2.1784815514063072e-07,9.388747728558765e-06
53,0.00041722152745516294,1.2857457174601886e-05,1.1773432762262198e-06,0.00027678344223231545,0.00023954379411428151,0.0032936866540084434,0.00018704533898789285,0.00029672789238599365,3.253821843941708e-07,1.2570177037457182e-06,0.8854533594648877,0.013167465926486894,3.9351940898447135e-09,0.00027331392784128776,0.00093873364872983,0.00016209854818149415,4.556177475934299e-05,0.0021698768724463047,0.0014075786445077781,5.14220315465671e-06,0.028718788232893883,0.004595493060657911,0.05831907469988396,3.411149313658634e-07,1.6542095920502615e-05
54,0.0014332508528463821,7.346643925170535e-05,4.159942573992687e-06,0.0007610098018068637,0.0013638925681609185,0.00802834540817742,0.0002717836950881066,0.0006130446996158992,9.58057963370304e-07,7.025621089168081e-06,0.7063660323834818,0.06301455385927336,1.3972975738857216e-08,0.0022484135875247596,0.002338168364377777,0.000548338970161811,0.00011944551921672329,0.003940592952848457,0.007243059059108979,7.639344182258304e-06,0.09051998615246577,0.021838260938684028,0.08914896983056725,5.859250522080807e-07,0.00010900205350507851
55,0.0008578564711628914,2.8566116726422934e-05,4.146221604914149e-06,0.000606848949703951,0.0009013762483514319,0.00200343334152276,8.541811727637653e-05,0.0006991834941391511,7.388585358631298e-07,2.01055047338002e-06,0.8477080768657597,0.07597510398466756,1.59588610537263e-08,0.0004742407974524623,0.00047394328402297343,5.4848444974768215e-05,0.00014241419900364315,0.005190400145587349,0.002378919925836102,5.124655835496741e-06,0.0380396368773596,0.006593914000364868,0.01773186311818789,6.944981619938344e-07,4.1224874427469754e-05
56,0.0005193952535442742,3.27388858240512e-05,2.703958752583539e-06,0.0006203203749206243,0.001872618085883262,0.0032101306264273035,8.04764668031249e-05,0.0007900739968316499,5.064409971364333e-07,3.002357962883475e-06,0.812832110469702,0.04655891935281464,1.0478848634103441e-08,0.0007463316321456035,0.0010247332972019886,0.0001239081729336084,0.00017047008764193807,0.0033310468925675076,0.0040284776008406385,3.796588764266634e-06,0.06746492167403265,0.011099436113370473,0.04545442921469633,6.126557717698324e-07,2.8829320721019778e-05
57,0.0005638233323576248,3.566330204831687e-05,6.328023870062301e-06,0.0007724049154533737,0.005519826969227494,0.002967825356614888,5.6825846736121484e-05,0.0021529810667047103,1.176463007960054e-06,6.182187649979757e-06,0.6373056535886878,0.13753334159745897,1.4184975346183798e-08,0.0011206697773347713,0.0016418748772297157,0.00022780726812524042,0.0004498445221315716,0.0022936627402849736,0.013841388242934027,4.522895558679876e-06,0.1390246054993367,0.024516168672847772,0.029908954054256545,6.870378036287967e-07,4.7767577363806096e-05
58,0.0005723968651400351,3.548376669265345e-05,2.791873995205613e-06,0.0006276936302061962,0.0019509347583035015,0.0027977954127679254,8.316865203391085e-05,0.0008933497709851651,4.6694740092215887e-07,3.1623580004485057e-06,0.7991625454794682,0.047738031124537145,1.054687454943583e-08,0.0006804370829078833,0.0010870985210085378,0.00012133632562622548,0.000221723042310843,0.003680038356913227,0.00387145653915447,3.498113232340669e-06,0.07329170297086435,0.012065312968364337,0.05107787907153534,8.282503140857172e-07,3.085757136267258e-05
59,0.0006055616263711169,3.337723366911787e-05,3.4543295905933403e-06,0.000644323473802599,0.001960178078304888,0.00262545638631949,8.766805880960953e-05,0.0009463341098639664,4.7558530344540496e-07,3.0728090964333615e-06,0.8023569460631685,0.05056196111404205,1.1155412847174682e-08,0.0006505755708590259,0.0010142778094964502,0.00012517508129659757,0.00022932534456215388,0.003884901243906692,0.003403837767567265,3.922071047120495e-06,0.07112015687708234,0.011089031815696114,0.04861752154338051,9.932005306945313e-07,3.1461650820301936e-05
60,0.0005291954629162414,3.097694319471466e-05,2.5744696494963414e-06,0.0006220214128987042,0.0018438587835974945,0.0033289593224032432,8.072099628887223e-05,0.0008062385405982242,4.91246439871381e-07,3.0643993513127264e-06,0.8029639994926099,0.046816834954534446,8.803591220606526e-09,0.0007418960017766858,0.0010658871124955753,0.00013556791761561165,0.00016681495034853247,0.003308396962564571,0.004236998548033512,3.6475558699442655e-06,0.07362359533917266,0.011522879277840353,0.048133794147219015,5.781133702781802e-07,3.0999245619523654e-05
61,0.0005427314158446296,3.1139687526644186e-05,3.4599739867993147e-06,0.0005879798694200188,0.0019551743884614627,0.002664310256935594,7.745893739303195e-05,0.0008312417238353568,4.887325016255806e-07,2.7078344142358413e-06,0.8141772886278968,0.051656176464855645,1.0322386755335354e-08,0.0006745228140489245,0.0009679968492591465,0.00011445429334681396,0.00019847145347221313,0.0033776734493942712,0.0034486440701553414,3.7081563814264857e-06,0.06675251514122862,0.010604532557148902,0.04129757429017697,7.730744737973922e-07,2.8965615455017175e-05
62,0.0005291954629162414,3.097694319471466e-05,2.5744696494963414e-06,0.0006220214128987042,0.0018438587835974945,0.0033289593224032432,8.072099628887223e-05,0.0008062385405982242,4.91246439871381e-07,3.0643993513127264e-06,0.8029639994926099,0.046816834954534446,8.803591220606526e-09,0.0007418960017766858,0.0010658871124955753,0.00013556791761561165,0.00016681495034853247,0.003308396962564571,0.004236998548033512,3.6475558699442655e-06,0.07362359533917266,0.011522879277840353,0.048133794147219015,5.781133702781802e-07,3.0999245619523654e-05
63,0.0005363643665966977,3.6198178100143386e-05,2.505238387216344e-06,0.0005848932241336285,0.0016881285398219611,0.003151475186684021,8.070086569863684e-05,0.0007760295390551354,5.060791202215954e-07,3.0470510249249767e-06,0.8148673617563817,0.04276288117521527,9.469535908824787e-09,0.0006898487944455952,0.0010815644875277431,0.00011868209303398851,0.00017262987738819383,0.00348168077558152,0.003983997507198138,3.67885737106136e-06,0.06896116051555506,0.012098634993891806,0.04488682221304577,6.240066735942849e-07,3.057520853220307e-05
64,0.0004476019375061023,2.7413095447355423e-05,2.100068489641856e-06,0.0005878269291336406,0.0018027460987354446,0.002923396572851448,6.664599141970394e-05,0.0007847473939409088,4.176791423385066e-07,2.9692649384978493e-06,0.7813297399375871,0.044116500839363894,6.20647808626699e-09,0.0006463439617198743,0.001090471474423169,0.00012418321024572677,0.00016969984553496495,0.0031631720833882877,0.0043625461465900085,2.7026123510327626e-06,0.10271384346868563,0.010529089804073723,0.04507466527720385,5.279358331876794e-07,3.064216491607867e-05
65,0.0005012354493474173,2.929683116020216e-05,2.500450770915877e-06,0.0006346429305881009,0.0019307699509568195,0.003537775042163052,7.730286215015267e-05,0.0007597274677271582,4.590225666192092e-07,3.074907888962285e-06,0.7973502355687121,0.0483510110987513,8.484709682189282e-09,0.000785751366290271,0.0010229298521786225,0.0001395197369906161,0.00015757172384884307,0.003356207578268261,0.004167184457712248,3.5536279596249448e-06,0.07664597580679335,0.011258776818783085,0.049253582968455195,5.327657962775197e-07,3.0373229431108462e-05
66,0.0004358985470840065,3.308875550879694e-05,7.181144809932709e-07,0.00024943291896069585,0.0009579753075022934,0.0007876877691153291,2.3880237229630768e-05,0.00020764133799504767,5.371058298985312e-08,4.2832451178114767e-07,0.8147037752223107,0.024615346414555813,2.6821396752299747e-09,0.00029185866196753925,0.0012010545915970014,1.4045819965883525e-05,0.00036724261425520816,0.004354988987883687,0.0005841900058076404,3.858388983279865e-07,0.05821035899335037,0.007846756882906598,0.08509067476172305,1.0279937324774044e-06,2.1485505934475597e-05
67,0.0004856242409519544,2.646712068932555e-05,2.482108454230533e-06,0.0006050075870554808,0.0016935502356316002,0.003710024946978566,8.216956665692785e-05,0.0006254920241394846,4.036259286155575e-07,2.6286408643274813e-06,0.8020500386995805,0.04717031607372152,8.380187431381788e-09,0.0008226898924145854,0.0010177137605936837,0.00014920583069149396,0.00013894140648576593,0.00322618131618496,0.003488453941668913,3.839051446983088e-06,0.06834957181345529,0.01025493470673432,0.056064477456801584,4.908680761568953e-07,2.9286704606454048e-05
68,0.0005205186250546054,3.0257406017308863e-05,2.4679193346926978e-06,0.0006132939225402409,0.0017580676516304066,0.003311710252940009,7.986126646665903e-05,0.0007717247651044633,4.676484240895876e-07,2.9674718892354455e-06,0.804945656662934,0.04598198666482275,8.547741979946054e-09,0.0007192209440370833,0.0010383874427360687,0.0001318579128479802,0.0001630820538688547,0.003378183140011156,0.004007807198881441,3.6113133917787837e-06,0.07276378661020447,0.011275362867469456,0.04846859136801232,5.686392902247721e-07,3.055170434868323e-05
69,0.0005367316045717395,3.160176136713532e-05,2.7721906797136723e-06,0.0006799971664730564,0.0018258528061907335,0.0032584852701509574,8.440141920843216e-05,0.0008822891984444673,5.169183419773563e-07,3.3029861518297694e-06,0.7992541552081271,0.047258668716029455,9.222699562755648e-09,0.0007253650093178844,0.0010486809694549876,0.0001422356277269128,0.00017447489534917236,0.0034553142789876404,0.00425097541517565,4.098930153920029e-06,0.0763809251222377,0.01128084420787741,0.04868397852881239,6.304106384544551e-07,3.3692135831489904e-05
70,0.0007639405554499814,1.629255497361389e-05,8.678937559761112e-06,0.0006687643031066324,0.0017245321541041181,0.0088706605395197,0.00010068795031341641,0.00011155761506425162,3.013116210210306e-07,1.1805398385090605e-06,0.7222545582283946,0.13888123555706294,9.471298100798477e-09,0.006200177865664827,0.0005373011855027672,0.00026324558206043864,3.736725008044977e-05,0.0031907633788038807,0.0016154230246860708,5.547641362975349e-06,0.053387139416694145,0.0067399703110582986,0.05456578917956119,1.3300408712125201e-07,5.474244213112249e-05
71,0.00046663489723680396,4.946736031573533e-05,3.2148468605968743e-06,0.0007121265061895356,0.003941508080909758,0.0050615376387699385,5.9263031968610754e-05,0.000881250063572242,7.791969656807552e-07,5.309471360050104e-06,0.7734836288846063,0.05109679371730929,1.118887350165071e-08,0.0010588239664580112,0.0014251310186669962,0.00014072693755871492,0.00018976330437947236,0.003245122869106502,0.005806220061392502,2.9449350929721204e-06,0.09088803178582079,0.01575094943819988,0.04569126645431406,6.128019576372367e-07,3.888154211436117e-05
72,0.000377702364478304,3.04575141340406e-05,8.992767275913988e-07,0.0006268632377116809,0.0009728621336327249,0.0011220573349165765,8.749165050148053e-05,0.0014505192355725733,1.8489049967083519e-07,3.0031401156534364e-06,0.8244882401858655,0.02631740523372538,8.189348952962136e-09,0.00024733064340288927,0.0005543295750658513,5.8515007969109054e-05,0.0003076781800661142,0.0057538904423583654,0.0034728080682595404,3.0677941465202157e-06,0.08028080480206444,0.01136613859128979,0.042464003002347046,1.0722848545290098e-06,1.2667220945638829e-05
