,0,1,2,3,4,5,6,7,8,9,10,11,12,13,14,15,16,17,18,19,20,21,22,23,24
0,0.02203740346448194,1.7540416569389264e-07,3.1581930863533825e-05,1.1332500583458653e-06,0.008931704443046978,5.303376243345631e-07,0.00010167057393430124,0.0001258391704969733,1.7325568133962806e-05,4.849241058612008e-09,0.9361091445507626,4.758463967762555e-06,2.521230673050343e-05,0.00012258227013931547,2.7471116928567157e-09,6.705723063899545e-10,2.381344375136677e-05,0.021189137262039828,8.218886786033451e-07,4.009272748285443e-08,0.011263017745756913,6.216968444272737e-06,7.06003145421587e-06,7.717789913155219e-07,5.0786824773905635e-08
1,0.020615487407362167,1.583004328331541e-07,3.551260255935651e-05,9.695229350599478e-07,0.009517987702999706,9.276321660679184e-07,0.0001361985527866016,0.0001425997597578717,4.466882261577048e-05,9.995778501532752e-09,0.9209498232741085,3.476828744746606e-06,3.596567692642807e-05,0.00018287866560021183,3.620691965211261e-09,8.361282666237998e-10,1.3235934147052778e-05,0.03158252893259044,1.506400099767086e-06,7.305129646276986e-08,0.016716343087600054,9.316123234272454e-06,9.081363685577913e-06,1.17570827099552e-06,7.019748134994348e-08
2,0.014604956301338082,1.6173965496143693e-07,2.536255224744387e-05,7.504979884049291e-07,0.009399768752002876,6.456157467530747e-07,8.666519549212597e-05,0.00012047935061447326,3.194783775717433e-05,7.315529000915307e-09,0.9469791754905356,3.744560645014754e-06,2.2482980337957723e-05,0.00021589724657563447,4.131146916649168e-09,5.736103960780005e-10,1.3235808577007824e-05,0.017773314835633238,8.070388031394857e-07,6.18899459263816e-08,0.010704160240052694,8.92178443490348e-06,6.596358232788798e-06,7.731869621002384e-07,7.871613563842513e-08
3,0.01908789007537641,1.5910868957559725e-07,2.6600018736200823e-05,8.48648431359657e-07,0.007604546929827883,6.969928809158086e-07,9.723840000611365e-05,0.00012539972094310946,2.6315756586815484e-05,6.401146178433575e-09,0.9409374449777403,3.7717571520636647e-06,2.541637119693198e-05,0.00015082282556193297,3.265964916251124e-09,5.900208474942828e-10,1.5143532557959321e-05,0.020850546035702737,9.381686366246272e-07,4.657840174463698e-08,0.011030225166451432,8.463688449804338e-06,6.695750923489694e-06,7.20004313113938e-07,5.9234301416968114e-08
4,0.01871802847311445,1.776148102911206e-07,3.0230545377763387e-05,8.964873149392636e-07,0.007772335422770169,6.567703620060002e-07,0.00010605311798296481,0.00013402268864036055,2.8406530984366833e-05,7.184781833442331e-09,0.9375502657683197,4.0261281301056196e-06,2.979237055142525e-05,0.00018372557652444185,3.203705450625697e-09,6.23378832997171e-10,1.5574080712515112e-05,0.022985370047225246,9.810741371652747e-07,5.593267156646948e-08,0.012422804892823306,8.865465581403779e-06,6.8671182134726865e-06,7.904516240135626e-07,6.2430261983416e-08
5,0.02086223035775318,1.5657237507814767e-07,3.323990444082764e-05,1.2043719588045216e-06,0.009318418320698409,7.647909840578108e-07,0.00010676463277148416,0.0001353016877984521,2.8750154408170875e-05,8.06818951689792e-09,0.9200054575434724,3.501891725423851e-06,2.961829907641835e-05,0.00017534681361445383,2.843328785487915e-09,6.393208748804827e-10,1.6013662080518564e-05,0.035256597007809115,1.0763548550814704e-06,6.139351724614901e-08,0.014007778776647793,6.994503832733958e-06,9.743985574695686e-06,9.155094609668042e-07,5.19143052844698e-08
6,0.01908789007537641,1.5910868957559725e-07,2.6600018736200823e-05,8.48648431359657e-07,0.007604546929827883,6.969928809158086e-07,9.723840000611365e-05,0.00012539972094310946,2.6315756586815484e-05,6.401146178433575e-09,0.9409374449777403,3.7717571520636647e-06,2.541637119693198e-05,0.00015082282556193297,3.265964916251124e-09,5.900208474942828e-10,1.5143532557959321e-05,0.020850546035702737,9.381686366246272e-07,4.657840174463698e-08,0.011030225166451432,8.463688449804338e-06,6.695750923489694e-06,7.20004313113938e-07,5.9234301416968114e-08
7,0.01865077871663068,1.6325837183369333e-07,2.6632878060500037e-05,8.676498048162588e-07,0.008040770886330626,7.156094247834249e-07,9.846735376051308e-05,0.00012505053673484947,2.757514821513132e-05,6.5790028990301305e-09,0.9404701636858704,3.879489042188508e-06,2.4844622367505657e-05,0.00015872113129557054,3.3491064824235472e-09,6.07240330785811e-10,1.5626565252541906e-05,0.02097730309770905,9.503450726239403e-07,4.765768284144578e-08,0.011360972182273044,8.531417939199411e-06,7.1043021997247e-06,7.600585166259812e-07,6.287209521118971e-08
8,0.041110951403494925,2.5130991990473184e-07,7.256974857543022e-05,1.5635471352642213e-06,0.01476917786887323,7.008131925819159e-07,6.738643582233061e-05,0.00010726936698255577,4.214434660307607e-05,1.1728212283069e-08,0.9094786544659473,5.448602247809771e-06,3.2396692880622695e-05,0.0002733049489798858,4.2103084178325185e-09,8.653304856223294e-10,2.687001780759354e-05,0.02258580769588466,6.609229881191682e-07,6.958496300903125e-08,0.01139886039446072,8.296008578866175e-06,1.498995862596497e-05,2.471845132051235e-06,1.372170530242415e-07
9,0.02574587034023385,3.36684902254519e-07,7.527746385962645e-05,1.4993795843297798e-06,0.014911167968266277,6.697834625072304e-07,8.363280153717222e-05,0.00015034906890168975,5.484770650409148e-05,2.130468075059894e-08,0.9042029234408353,4.6867899685173844e-06,4.29224739596803e-05,0.000491922880509944,4.25057327408885e-09,1.1669822555960184e-09,2.484305690315271e-05,0.032747035184346844,1.188854024212911e-06,1.2105243597639688e-07,0.021431520527851647,1.073085097980073e-05,1.5448934963839526e-05,2.817881987741346e-06,1.6015174517990566e-07
10,0.01908789007537641,1.5910868957559725e-07,2.6600018736200823e-05,8.48648431359657e-07,0.007604546929827883,6.969928809158086e-07,9.723840000611365e-05,0.00012539972094310946,2.6315756586815484e-05,6.401146178433575e-09,0.9409374449777403,3.7717571520636647e-06,2.541637119693198e-05,0.00015082282556193297,3.265964916251124e-09,5.900208474942828e-10,1.5143532557959321e-05,0.020850546035702737,9.381686366246272e-07,4.657840174463698e-08,0.011030225166451432,8.463688449804338e-06,6.695750923489694e-06,7.20004313113938e-07,5.9234301416968114e-08
11,0.019756517360925922,1.6734963556147072e-07,2.8666958239758663e-05,9.190271115453014e-07,0.007637329249357869,6.918159096420806e-07,0.00010550578763092207,0.0001302479079227166,2.706064479311231e-05,6.6415936217390075e-09,0.9391196499872911,4.091685121175962e-06,2.9316754497681406e-05,0.000154057355035852,3.3982261759936757e-09,6.548071679558146e-10,1.565615882573258e-05,0.021714781872813418,9.922853269385542e-07,5.2458787537837905e-08,0.011257883632609668,8.804869329592928e-06,6.739077692371171e-06,7.96087251251789e-07,6.097926374787471e-08
12,0.016832645690783434,1.3538881979146923e-07,3.1474900729518834e-05,7.020036435991504e-07,0.010945899185514576,6.610628018355267e-07,8.441544545616426e-05,0.00010312658091348373,2.7777207289852047e-05,6.101814014226365e-09,0.9414853284211735,3.706097432245431e-06,1.9258982278452643e-05,0.00018733766452438738,2.8080858304678474e-09,4.884655804195742e-10,1.610857782487109e-05,0.018758784243721627,6.054611445620799e-07,5.178633512093052e-08,0.0114867504908572,6.5718623543284744e-06,7.760979158109906e-06,8.171054023284328e-07,7.146347557423602e-08
13,0.03809800298179105,2.6643524880261916e-07,6.109238425957494e-05,2.615549899336749e-06,0.015187452140290665,1.940992330538871e-06,0.00021781379378668273,0.00016439204132404786,6.455052963121604e-05,1.8685921635454123e-08,0.856865378406177,3.810526041185736e-06,5.2976716481801876e-05,0.00019139312795547053,4.208090222662238e-09,1.3907024843284956e-09,2.707151803100631e-05,0.06374488784583804,2.5794489114888683e-06,9.08022036926153e-08,0.025275484058956074,9.893491126908346e-06,2.591323246386146e-05,2.2923150950466434e-06,7.73774420800719e-08
14,0.015569098759254083,1.876732697522844e-07,2.6253650231664533e-05,9.611645118470962e-07,0.008315398642335211,5.655899968947029e-07,8.580174570592194e-05,0.00012065999268451698,2.1845822675835568e-05,7.1045813064306314e-09,0.9383521750227335,3.005336111498862e-06,2.5050605467572203e-05,0.00016529083941456028,2.706010185920749e-09,4.993765500556941e-10,1.6011964111203334e-05,0.023835586552318558,1.0578280765796353e-06,4.602085341024947e-08,0.01344657821536625,7.130461148479877e-06,6.580918189075544e-06,6.553926075772423e-07,4.749296807814899e-08
15,0.01908789007537641,1.5910868957559725e-07,2.6600018736200823e-05,8.48648431359657e-07,0.007604546929827883,6.969928809158086e-07,9.723840000611365e-05,0.00012539972094310946,2.6315756586815484e-05,6.401146178433575e-09,0.9409374449777403,3.7717571520636647e-06,2.541637119693198e-05,0.00015082282556193297,3.265964916251124e-09,5.900208474942828e-10,1.5143532557959321e-05,0.020850546035702737,9.381686366246272e-07,4.657840174463698e-08,0.011030225166451432,8.463688449804338e-06,6.695750923489694e-06,7.20004313113938e-07,5.9234301416968114e-08
16,0.01797280630243024,1.521685106859626e-07,2.3427156923881663e-05,7.471920628092911e-07,0.00650307215878441,6.052451673939691e-07,8.731612424066818e-05,0.00012641850198578068,2.279801603080784e-05,5.695148534127288e-09,0.946255610483835,3.8229950230498385e-06,2.3458593150199528e-05,0.0001482103764029656,3.248456011126398e-09,5.470256441348618e-10,1.437167786250613e-05,0.01897373489109134,8.560174106335232e-07,4.2384826553271435e-08,0.009827693883346865,8.647164098164106e-06,5.555869710432524e-06,5.87399807019937e-07,5.590666866333731e-08
17,0.018585283149469584,1.5087907076036848e-07,2.917637155082416e-05,7.792054595858202e-07,0.008093582931106307,6.246193276226869e-07,0.00010264130200648918,0.0001213051790524522,2.5949589151887793e-05,5.7064241689594655e-09,0.9396266320134578,4.0825376227821415e-06,2.465261739937043e-05,0.00016673546376128938,2.6781960484255085e-09,5.437762889121543e-10,1.578472725552546e-05,0.021357158708314054,7.841993348436819e-07,4.717790377557956e-08,0.011829499348711168,7.5176674610956364e-06,6.802788587475251e-06,7.410986953458307e-07,5.9496903783232816e-08
18,0.016727599648777507,1.7851218497603457e-07,3.0291750277563468e-05,6.832890831692681e-07,0.007878103684119415,6.634132269375311e-07,0.00010968867026104606,0.00012558575601568053,2.7974848051417448e-05,6.79984244891138e-09,0.9411731002538316,4.871354707207383e-06,2.4041040620312055e-05,0.00020573386305636755,3.6033306592693454e-09,7.764893404850959e-10,1.9351332262164805e-05,0.019365679791267836,9.61837578594398e-07,5.392849066149249e-08,0.014287767846701726,9.12096805834742e-06,7.562340768855068e-06,8.807998403671496e-07,9.389115550665316e-08
19,0.018551149019946103,2.8010668516225623e-07,2.8036075472624e-05,1.968620991610719e-06,0.014390173581938054,1.2819759953752092e-06,0.00013545209087634282,0.00014815949030680801,5.270179548009548e-05,1.1553087089399893e-08,0.9350463268489642,5.454834007991697e-06,3.4113297548575e-05,0.0002131812346562469,6.00885516038969e-09,8.136645449471984e-10,1.796388949235674e-05,0.02158193741720501,1.3128328616061976e-06,7.396912723810642e-08,0.009765938010563791,1.3369965512705396e-05,9.869921150930581e-06,1.1525252484472271e-06,8.412036215196988e-08
20,0.02165651330319915,1.467918461284276e-07,3.109847074697535e-05,8.767789578648972e-07,0.00868178993302621,6.952658111969679e-07,0.00010286699909882166,0.00011547313823225229,2.6272683965658512e-05,5.908143280368576e-09,0.9334799508688857,4.004611747329743e-06,2.4347139947207637e-05,0.00014371748782383088,2.8487393317532452e-09,6.165998551165522e-10,1.6678373170402628e-05,0.023602181940752143,8.738466940275175e-07,4.497049521210107e-08,0.012096621433086707,6.78030071519438e-06,8.128236364585706e-06,8.672630861527402e-07,6.07888651741357e-08
21,0.03054347225018125,1.5516184424543702e-07,6.082061556462989e-05,8.036557515140938e-07,0.007444323926715512,3.354307633573851e-07,9.132642198987512e-05,0.000141984322111768,2.2027766831261393e-05,5.974412611263033e-09,0.9051261404325988,5.969423368429011e-06,3.41169338835179e-05,0.00026361534771554454,1.5729582640085264e-09,7.428921597926838e-10,2.0013258044165103e-05,0.03958917069442182,5.687566039421297e-07,6.158679058161483e-08,0.016640518384345826,5.457752774673416e-06,7.85444168346968e-06,1.189940522574721e-06,6.520523003983036e-08
22,0.010619852153810434,2.8109360380982907e-07,1.1125193432162216e-05,1.4916165378003364e-06,0.025161520297229824,1.3536420897418896e-06,0.00047266099172193604,5.0270187355828454e-05,0.0002376565514644016,3.757355939636156e-09,0.9527397502314754,1.5162226099836619e-05,4.729751343260783e-05,0.00017071217030072234,2.1246521801953352e-08,1.0705790799603215e-09,5.362085809160615e-06,0.005277522959320644,1.5311005932986365e-06,7.86924907479934e-08,0.005158715989232335,1.681632877598003e-05,6.463046787626317e-06,4.064871253592233e-06,2.8498272541835824e-07
23,0.01908789007537641,1.5910868957559725e-07,2.6600018736200823e-05,8.48648431359657e-07,0.007604546929827883,6.969928809158086e-07,9.723840000611365e-05,0.00012539972094310946,2.6315756586815484e-05,6.401146178433575e-09,0.9409374449777403,3.7717571520636647e-06,2.541637119693198e-05,0.00015082282556193297,3.265964916251124e-09,5.900208474942828e-10,1.5143532557959321e-05,0.020850546035702737,9.381686366246272e-07,4.657840174463698e-08,0.011030225166451432,8.463688449804338e-06,6.695750923489694e-06,7.20004313113938e-07,5.9234301416968114e-08
24,0.01714079728101607,3.0851454702783433e-07,2.5650937008076046e-05,1.792382103875466e-06,0.008841554855402974,7.760780399145956e-07,0.00010652583917171289,0.0001684388040485561,2.795787774534995e-05,1.107282798455863e-08,0.9292503941387233,3.861167396146686e-06,3.203740820287216e-05,0.0002109762743400932,4.1597110740319644e-09,7.441819980753106e-10,2.149081223663973e-05,0.03013229969451533,1.6985432496726786e-06,5.6349751635261404e-08,0.014012621650194538,1.0860345422857995e-05,9.048386498087868e-06,7.806330753563296e-07,5.605058873222806e-08
25,0.059788658117244556,1.2433941126827895e-06,6.345752934239652e-05,4.466500659451448e-06,0.019217677175983227,3.224693581285184e-06,0.00021269054949279783,8.845390569207956e-05,0.00017459625775020245,4.424847152921108e-08,0.8826730051873778,6.276290973601198e-06,9.348911247174046e-05,0.0002626038922595602,3.7050233742118555e-08,3.2085703613858106e-09,4.8879725123730935e-05,0.018939487395225187,7.339342946341943e-06,9.173561600585136e-08,0.018336687759103385,4.0486651856950936e-05,3.0427915741635653e-05,6.26165135490153e-06,4.1070881482450964e-07
26,0.04293961301745022,1.4949808352233644e-07,7.829035976855346e-05,1.6886147790285625e-06,0.019315284834376313,1.0319002663581216e-06,0.0001321455317869751,9.84185028713234e-05,6.159848733108888e-05,9.92280767675338e-09,0.8620129261065143,4.094027026235012e-06,3.6461853244184923e-05,0.00022428899412175392,2.2820150261887917e-09,7.623767907460329e-10,1.9484987948782135e-05,0.05651884631305592,8.346816239724343e-07,8.494961682254117e-08,0.018520430671716645,4.796527953287585e-06,2.6303582332355875e-05,3.1309312150277143e-06,8.26597176808541e-08
27,0.019180950327194374,1.6974363521376408e-07,1.8540017494467452e-05,9.57161094701878e-07,0.007345561795741848,1.092927987144219e-06,9.373538556217401e-05,0.0001379831432139175,4.395862088202486e-05,7.600156045103224e-09,0.9506975049091253,3.977944972726242e-06,2.6427218787243927e-05,0.00013803556081945864,5.57694049276065e-09,6.01465779428874e-10,1.0166985535767275e-05,0.015715658656915717,1.0729220673166023e-06,4.9440720170584577e-08,0.006562855614806986,1.4834757825543352e-05,5.654720761600743e-06,7.290398100809599e-07,6.932648404794125e-08
28,0.01908789007537641,1.5910868957559725e-07,2.6600018736200823e-05,8.48648431359657e-07,0.007604546929827883,6.969928809158086e-07,9.723840000611365e-05,0.00012539972094310946,2.6315756586815484e-05,6.401146178433575e-09,0.9409374449777403,3.7717571520636647e-06,2.541637119693198e-05,0.00015082282556193297,3.265964916251124e-09,5.900208474942828e-10,1.5143532557959321e-05,0.020850546035702737,9.381686366246272e-07,4.657840174463698e-08,0.011030225166451432,8.463688449804338e-06,6.695750923489694e-06,7.20004313113938e-07,5.9234301416968114e-08
29,0.01908789007537641,1.5910868957559725e-07,2.6600018736200823e-05,8.48648431359657e-07,0.007604546929827883,6.969928809158086e-07,9.723840000611365e-05,0.00012539972094310946,2.6315756586815484e-05,6.401146178433575e-09,0.9409374449777403,3.7717571520636647e-06,2.541637119693198e-05,0.00015082282556193297,3.265964916251124e-09,5.900208474942828e-10,1.5143532557959321e-05,0.020850546035702737,9.381686366246272e-07,4.657840174463698e-08,0.011030225166451432,8.463688449804338e-06,6.695750923489694e-06,7.20004313113938e-07,5.9234301416968114e-08
30,0.01908789007537641,1.5910868957559725e-07,2.6600018736200823e-05,8.48648431359657e-07,0.007604546929827883,6.969928809158086e-07,9.723840000611365e-05,0.00012539972094310946,2.6315756586815484e-05,6.401146178433575e-09,0.9409374449777403,3.7717571520636647e-06,2.541637119693198e-05,0.00015082282556193297,3.265964916251124e-09,5.900208474942828e-10,1.5143532557959321e-05,0.020850546035702737,9.381686366246272e-07,4.657840174463698e-08,0.011030225166451432,8.463688449804338e-06,6.695750923489694e-06,7.20004313113938e-07,5.9234301416968114e-08
31,0.03109112322207135,1.658595074973193e-07,4.1898526851052284e-05,7.452223419546282e-07,0.004836247888335805,5.460739467686581e-07,9.263963714580245e-05,0.00020842209854319917,1.618881368478215e-05,6.78695841736553e-09,0.9168260482601152,3.82871959675769e-06,3.0308802614862486e-05,0.00013575818992168364,1.93656075703071e-09,8.101389837957222e-10,2.1390677617226575e-05,0.03251283874486216,8.631663413260332e-07,4.4912468943217584e-08,0.014165955639058677,7.866623303660812e-06,6.471805085596903e-06,5.919499806700411e-07,4.5632947136578566e-08
32,0.018307443782706812,1.6837073594005552e-07,2.55331100762849e-05,9.390349541065739e-07,0.007505918654585142,7.684893149239754e-07,0.00010411167030628161,0.00013076800467427246,2.6512445149320308e-05,7.032847424766906e-09,0.9403693253651987,3.6941967755215398e-06,2.6995947086013626e-05,0.0001430577057658558,3.830587485777349e-09,6.765581941775639e-10,1.597411350916472e-05,0.021495549473053155,1.1993297815725052e-06,4.9025478065984665e-08,0.01182500147378171,9.142597173979745e-06,7.032944364036339e-06,7.42409226775209e-07,6.03163092948386e-08
33,0.019564811087089802,1.6017425641431578e-07,1.6745493033830186e-05,9.644851690707545e-07,0.0031050810249502766,3.3327283366145907e-07,9.128775795740774e-05,0.00019827699623707837,7.47414057390372e-06,2.716889117639814e-09,0.9485268577316653,6.296590147046629e-06,2.8752100458118385e-05,7.564046770577712e-05,1.6340763146895509e-09,6.483053059345931e-10,2.1934502605533585e-05,0.021152985499451864,8.127377772142444e-07,2.4574134108964365e-08,0.007189897774091692,8.495048985985777e-06,2.8222953602494717e-06,3.167539951313045e-07,2.4492249583179946e-08
34,0.011870760011808222,3.2810788430213754e-07,2.8592792405277415e-05,1.129681746305447e-06,0.01202551368654313,8.837285657228101e-07,0.00012034132634165419,0.00017121990253602263,3.809168724341725e-05,1.2011032637019758e-08,0.9374755623387301,5.640003387293437e-06,2.6038762326657553e-05,0.0003509510339546776,3.889816496028423e-09,9.051597605790464e-10,2.5875633643459837e-05,0.021336910309896,1.1339676763989128e-06,7.850751452555431e-08,0.016496604293857485,1.2937212101738616e-05,1.0241894721089171e-05,1.03344957512232e-06,1.148615324750747e-07
35,0.036889872017601556,1.2821463439220144e-07,2.6544309291058583e-05,7.983448054990739e-07,0.0038280459659849574,8.193906561486161e-07,9.82789261334954e-05,0.00021237686657066526,2.1922773603291623e-05,5.957342640039401e-09,0.9166595125520862,4.591801992453041e-06,3.0585077069209934e-05,9.053489440473814e-05,2.223973113804286e-09,8.319973889391236e-10,1.4472152243213226e-05,0.03374125895970345,1.022071466460424e-06,3.374288511153043e-08,0.008362303634041049,1.1272702869694907e-05,5.034426709344207e-06,5.436508351963361e-07,3.851109970361341e-08
36,0.028529370621375602,2.865566961482803e-07,2.270955486317919e-05,9.94638918692516e-07,0.0035004590160368308,8.649599991866285e-07,0.00010353339104325817,0.0003524865342021706,3.038381673110154e-05,1.1425452762062597e-08,0.9285385890480359,6.7342664153750474e-06,3.8831724854470705e-05,0.00021787755545554034,3.952273471959445e-09,1.1848277332456883e-09,2.0929101240443806e-05,0.029764144162696862,1.3917923254804445e-06,5.044461287278127e-08,0.008836031655402563,2.9109940989084337e-05,4.688950025424977e-06,4.538531371597319e-07,6.185238890908798e-08
37,0.0181174202947181,1.6105066351709135e-07,2.434402879459344e-05,8.475474633967708e-07,0.007390802939152607,7.216661988887681e-07,9.511170120296316e-05,0.00012740158029716684,2.59061565053129e-05,6.423998901699432e-09,0.9437277268381725,3.670218495191481e-06,2.4564314668370097e-05,0.00014540978363091972,3.463026671220484e-09,5.843670752719201e-10,1.4855022358466743e-05,0.019703927442818448,9.739895182118317e-07,4.5208986253799526e-08,0.010580021215946662,8.905784148268938e-06,6.443887209326019e-06,6.70488244141077e-07,5.83694141297002e-08
38,0.03256397328862934,1.2105360149477466e-07,3.0899121868699516e-05,1.277703355725294e-06,0.0051254158086117075,1.7045885711458012e-06,0.00023627832142866697,0.0001790965773166767,2.7352296852309036e-05,8.212489157464412e-09,0.8977492333941239,3.5224828076453452e-06,4.458504599541072e-05,7.452749250502251e-05,5.166295266065714e-09,1.4872744229668072e-09,1.9661226372710176e-05,0.046592602724390336,2.9588534033068036e-06,5.934436408456131e-08,0.017323722191055834,1.0056430585946318e-05,1.2024551252933377e-05,8.644541316974984e-07,4.818271641727571e-08
39,0.019799039660264545,1.1451114897917192e-07,2.4851015575016435e-05,6.769070685089316e-07,0.0051733305458323,8.326843061569407e-07,0.00011630588536021328,0.0001797679668206499,1.9093539776717435e-05,5.19030877758597e-09,0.9408543359884406,4.289204497921768e-06,2.389904101563735e-05,0.00010177860090683091,2.6823533859188343e-09,7.851384428425603e-10,1.645211702986615e-05,0.02213923730804854,9.845136045144212e-07,4.11286696354319e-08,0.011529600047090855,8.824287708110407e-06,5.935761299176181e-06,5.504245928574402e-07,5.020314173441244e-08
40,0.02182419241940446,1.4188530005873208e-07,2.654964528952102e-05,4.89382379236359e-07,0.005997613138439862,5.818017640621703e-07,7.539457054875074e-05,9.959766336207994e-05,1.9473850667594997e-05,3.722629933559142e-09,0.9569613456890788,4.905030082787554e-06,1.988229641375459e-05,0.00012379947734797393,3.4673280518055898e-09,4.081439492771812e-10,1.46236700051237e-05,0.00885797740421562,4.070467443696959e-07,3.176771436074851e-08,0.005959478868196513,9.420757550209123e-06,3.599626866871429e-06,4.18475473586005e-07,6.793505254544779e-08
41,0.020899870819581026,8.093990576780102e-08,1.1160279855095425e-05,1.7004481217850253e-06,0.019035204217884752,1.5032247625392393e-06,4.8421630552327545e-05,5.817917706370379e-05,4.30532218779049e-05,4.0907621147160455e-09,0.9503763229470554,2.6085449963753295e-06,1.0606529401943658e-05,4.908823780639852e-05,9.475267599742846e-09,2.3420288536095247e-10,5.767096816581255e-06,0.007606328547493562,5.140420630890537e-07,2.475251418100399e-08,0.001836675521342683,6.155453997779809e-06,6.0539935235040425e-06,6.253026727564562e-07,4.1270478195605e-08
42,0.018006321781083388,1.6929893335273753e-07,2.103335764389939e-05,8.11180764239792e-07,0.006063479789751313,8.016715393625237e-07,9.593443124773744e-05,0.00014461733594155093,2.491714845369055e-05,6.522167294148229e-09,0.950082358825431,3.9224409631564855e-06,2.6759061985779576e-05,0.00012001306265019164,4.091486958286499e-09,6.840231088329043e-10,1.514766184709753e-05,0.016310589029382677,1.1483124376359701e-06,4.3031405657338116e-08,0.009063990622284402,1.225702896422965e-05,5.026229715692442e-06,5.885552677857598e-07,5.884462863199638e-08
43,0.016407701730679576,1.537611964046024e-07,2.7459379213943022e-05,1.0424032881655566e-06,0.00820094280445286,1.6145611884343341e-06,9.097987541721314e-05,0.00019267809270934766,4.1883279211121785e-05,1.694496113351673e-08,0.9317899602114984,1.915762327454174e-06,2.8308111016742058e-05,0.0001744238786496596,5.2333249564981255e-09,6.759583320053511e-10,1.1963941050219999e-05,0.026905560643098677,1.83567232816478e-06,7.391682427136159e-08,0.016098006286871414,1.3786237682249194e-05,8.94285699695513e-06,6.875235233604392e-07,5.621653088775639e-08
44,0.01908789007537641,1.5910868957559725e-07,2.6600018736200823e-05,8.48648431359657e-07,0.007604546929827883,6.969928809158086e-07,9.723840000611365e-05,0.00012539972094310946,2.6315756586815484e-05,6.401146178433575e-09,0.9409374449777403,3.7717571520636647e-06,2.541637119693198e-05,0.00015082282556193297,3.265964916251124e-09,5.900208474942828e-10,1.5143532557959321e-05,0.020850546035702737,9.381686366246272e-07,4.657840174463698e-08,0.011030225166451432,8.463688449804338e-06,6.695750923489694e-06,7.20004313113938e-07,5.9234301416968114e-08
45,0.015431127485954333,1.0094541150567176e-07,1.2405129733562967e-05,1.3718457321071446e-06,0.00937206944407043,1.4027333979448708e-06,0.0001780090117938884,0.000123115895349279,3.933116496986774e-05,4.574328759523636e-09,0.9532656843586929,3.8389982861236905e-06,2.9959870143824116e-05,6.217903364985402e-05,7.734343871773261e-09,7.082267205556204e-10,8.058249609286866e-06,0.01580014713472056,1.5658531250307835e-06,5.3703074498738067e-08,0.005652849220279765,1.0459906147457117e-05,5.5189185238266035e-06,6.946174628512629e-07,4.346297179310985e-08
46,0.022180106513561518,1.7832532122361284e-07,2.5476094890615698e-05,9.369441100989714e-07,0.006398221934560633,6.582682348324308e-07,8.588309949175804e-05,0.00013484833332807596,1.7674475673887812e-05,5.3740028860526975e-09,0.9451011398363438,4.68344381231433e-06,2.4195492317976636e-05,0.00011392152868507434,3.4367599392877724e-09,6.920637294471535e-10,2.2557073236608077e-05,0.017050957316422786,8.75667936512256e-07,3.695194063931544e-08,0.008821608408198678,9.391195123765917e-06,5.969976433908924e-06,6.124885120904075e-07,5.7129036459313204e-08
47,0.038395932432882314,3.4167686472863217e-07,2.9076569448556327e-05,7.185230079903554e-07,0.0034306264706791996,5.869269650935995e-07,0.00012623922731807953,0.0001815376975671343,2.2134898047084903e-05,5.489238437654939e-09,0.9392936536973693,1.072487305516598e-05,4.976884631454907e-05,0.00010081795737847613,4.232009975394852e-09,1.3984618406904016e-09,2.4211580848567103e-05,0.0126254333873556,1.0036475133699426e-06,3.705901721614929e-08,0.005681746403189599,2.1785338888759427e-05,2.8350075229756506e-06,6.89891885215145e-07,8.676717070722629e-08
48,0.027157047904088384,7.780839348480966e-07,3.233936348637407e-05,2.2344875296005954e-06,0.00492142381037485,7.683161117850721e-07,0.00010004443870118591,0.0003389228492632733,1.529014221987793e-05,1.677876198085418e-08,0.9232275658337841,5.090788531152868e-06,4.059036295159068e-05,0.00020354113856052743,4.6889665614809285e-09,1.3571848874801818e-09,6.540281476696666e-05,0.02860534405646977,2.4119716069694488e-06,4.387122182069467e-08,0.01525030973588121,2.226268997970901e-05,8.022953947530529e-06,4.839025591638406e-07,5.7659116080202814e-08
49,0.02232155199404188,1.3511376042609228e-07,3.0077806644350125e-05,7.829464841989833e-07,0.007451130326996472,8.923024284046099e-07,0.00010755353627469863,0.00013747319437424206,2.6925315599135327e-05,5.599536036162378e-09,0.9396299196458768,4.79914393515008e-06,2.516883513871274e-05,0.00013187292138231886,2.6237711941776646e-09,5.995037639413216e-10,1.4998188297171412e-05,0.020703555374463903,6.832508902717999e-07,4.653187274967528e-08,0.009396447775564818,8.428004563750456e-06,6.79592982565542e-06,6.938928070885407e-07,5.914596707338317e-08
50,0.016748158877887314,2.284718297823623e-07,3.3695251013066176e-05,9.121026352595772e-07,0.006637611014217752,7.596906725808513e-07,0.00012870863122983305,0.00021507013405235904,3.5408097447964835e-05,1.265575146636415e-08,0.9328682330131166,3.3849577152666653e-06,3.930753943222129e-05,0.00025909838077664045,3.4476373428290748e-09,6.639577358984965e-10,1.3782668310770212e-05,0.026021268894306296,1.4271795706149763e-06,6.857818931171322e-08,0.01697324815997113,1.3204905529085512e-05,5.740814639210294e-06,6.087213683339731e-07,5.7148741986502015e-08
51,0.01624800206309668,1.6018628174664915e-06,1.5779613121280772e-05,3.2889598422420087e-06,0.004413708504561837,3.9813525085968944e-07,4.0835030051847984e-05,0.00033638998719815426,1.8545956574921432e-05,1.842159941079911e-08,0.9565319894551797,5.019259613572963e-06,4.443090046029001e-05,0.00034596284537794983,5.752788967235329e-09,5.120846549776343e-10,1.821605975344587e-05,0.01662409915682796,1.496487507124254e-06,4.047209713721374e-08,0.00531519753475377,3.2217687491476406e-05,2.4639752859886455e-06,2.5230002568464793e-07,3.906663783761465e-08
52,0.017718923364807362,1.6486126633921769e-07,2.767967937416553e-05,7.686531273487955e-07,0.008418578483675564,6.470137668779819e-07,0.00010964892683699503,0.00011095142565648001,2.563339949980083e-05,5.234292138143606e-09,0.9449235177809282,4.349186303331904e-06,2.3723731691841318e-05,0.00015193212633241615,3.0803880508818235e-09,5.639657446403486e-10,1.6801857454136777e-05,0.016975918379822565,8.084468748784541e-07,4.321851468743677e-08,0.011474718201659665,7.618781874831008e-06,6.738550817333849e-06,7.577702390430982e-07,6.728083025122612e-08
53,0.016676577538624563,9.182977772077451e-08,1.9445163615003708e-05,5.796642228401079e-07,0.006876356822411662,9.026053603146812e-07,0.00022228771134150425,0.0001135841969497872,3.4823512647917486e-05,2.9494610244012567e-09,0.9477073917082744,5.857599178066635e-06,2.321264730431894e-05,0.00012150040342710383,2.951078080787284e-09,5.367507649809862e-10,9.971388657879717e-06,0.01874578069878533,6.787571243669297e-07,4.41095187031296e-08,0.009426428050325493,6.806292779434931e-06,6.9482438646063635e-06,6.635001666544924e-07,6.11183522852094e-08
54,0.015357719056029943,3.8536385786263897e-07,2.7945807286345253e-05,6.532620992733562e-07,0.009743301772952967,5.595185379455274e-07,9.585041215709402e-05,0.00011670075184263237,5.349789178133547e-05,9.751037677078371e-09,0.9543324197395895,8.432270397270077e-06,2.7752367207705582e-05,0.00038029989365378336,6.799862168927728e-09,9.817397980326575e-10,1.672539702233699e-05,0.010710868808544095,8.632682942219358e-07,6.842310370787817e-08,0.009102311480118695,1.6634341244495803e-05,5.500925737240199e-06,1.2725784109696237e-06,2.191374907239713e-07
55,0.022126192037808672,8.797008229460082e-08,2.378430118172884e-05,8.740466854087291e-07,0.01188347735335167,8.004819158118327e-07,0.00025740341786985744,7.882820078472721e-05,4.8603205617059236e-05,2.0925364504643192e-09,0.9380901384047698,1.2058723586943161e-05,2.5895502447253893e-05,9.922831046921322e-05,2.3576854524438896e-09,6.56237712926523e-10,9.634425084965555e-06,0.02042846014615085,5.608517970427485e-07,3.981599615368117e-08,0.0068997524925087554,4.618807005627551e-06,7.853021432873868e-06,1.628739429698592e-06,7.46375642036081e-08
56,0.0194838272367746,1.6363503919971484e-07,2.7454203942880096e-05,8.684823052747477e-07,0.007435721323337104,7.017422969264936e-07,0.00010159336178522981,0.00012909206382427955,2.659894958238648e-05,6.489285651042474e-09,0.9402858286617097,3.966451850355606e-06,2.7000995946005492e-05,0.00015231623151042817,3.311688954877706e-09,6.187351062675568e-10,1.5427541206022367e-05,0.021203037911747536,9.603929711677828e-07,4.8627480478742694e-08,0.01108916366006692,8.715464019333508e-06,6.701040497886149e-06,7.41373599184475e-07,6.022879736818356e-08
57,0.015529477532258312,2.5144964407887494e-07,2.822849092408526e-05,8.885722558900631e-07,0.006234796561114631,6.352792498230013e-07,0.00014121838812378488,0.0001621400554818072,2.353148392798493e-05,7.95533507926914e-09,0.940567248046995,4.802185883438465e-06,3.854754212043731e-05,0.00015019337851398398,3.946000973928361e-09,1.0822855755675338e-09,2.0586802835488775e-05,0.020091828846152848,1.940626115760581e-06,5.4866459446515047e-08,0.016985680020637176,1.1671390128239444e-05,5.389904194230435e-06,8.047348872559787e-07,7.085847490421942e-08
58,0.01943303710461557,1.773520523640899e-07,3.215962804343346e-05,1.0538304264918513e-06,0.01003720390569282,7.648636174206105e-07,0.00012171830757814389,0.00011275490178198306,3.4022806869929276e-05,7.122068169042209e-09,0.9347218817387766,4.448273172988237e-06,3.1178620633450135e-05,0.00016555683939992354,3.837484491336719e-09,7.523818783475995e-10,1.6556361171034122e-05,0.022371389041002415,1.1171006542346244e-06,6.121872921913201e-08,0.012896755849425486,8.121789735319477e-06,8.754070758543332e-06,1.197833833548045e-06,7.685009466666144e-08
59,0.019861262723213546,1.8053109199206805e-07,3.6322633386004814e-05,9.895387082965926e-07,0.010366226117269652,7.439742433190255e-07,0.00011388368086714238,0.00011841370767552809,3.331977847247002e-05,7.88208501878167e-09,0.9305453594449828,4.1723088926181955e-06,3.0004837176828284e-05,0.00018636063676025937,3.428489532397471e-09,7.479104699562949e-10,1.7651462013390803e-05,0.02410080132793909,1.047857452438717e-06,6.30296053159842e-08,0.014564842413179367,7.919870323528784e-06,9.154867208699973e-06,1.1884717037992521e-06,7.87293487480228e-08
60,0.01908789007537641,1.5910868957559725e-07,2.6600018736200823e-05,8.48648431359657e-07,0.007604546929827883,6.969928809158086e-07,9.723840000611365e-05,0.00012539972094310946,2.6315756586815484e-05,6.401146178433575e-09,0.9409374449777403,3.7717571520636647e-06,2.541637119693198e-05,0.00015082282556193297,3.265964916251124e-09,5.900208474942828e-10,1.5143532557959321e-05,0.020850546035702737,9.381686366246272e-07,4.657840174463698e-08,0.011030225166451432,8.463688449804338e-06,6.695750923489694e-06,7.20004313113938e-07,5.9234301416968114e-08
61,0.021412631043207404,1.6341997805053334e-07,3.8782809739912914e-05,9.62269600303361e-07,0.010344909341620448,7.560041323873948e-07,0.00011444620385488711,0.00011694532998171582,3.4852741583557885e-05,7.791642865865786e-09,0.9272019768485391,3.978472332532761e-06,3.015069270829122e-05,0.0001829829960152612,3.132474571192709e-09,6.969772371950961e-10,1.6335344693988215e-05,0.025784761832813707,9.97087615016873e-07,6.17723827640439e-08,0.014696225014966596,7.4073490315857545e-06,9.379886030242639e-06,1.2077039055199795e-06,7.421417198083627e-08
62,0.01908789007537641,1.5910868957559725e-07,2.6600018736200823e-05,8.48648431359657e-07,0.007604546929827883,6.969928809158086e-07,9.723840000611365e-05,0.00012539972094310946,2.6315756586815484e-05,6.401146178433575e-09,0.9409374449777403,3.7717571520636647e-06,2.541637119693198e-05,0.00015082282556193297,3.265964916251124e-09,5.900208474942828e-10,1.5143532557959321e-05,0.020850546035702737,9.381686366246272e-07,4.657840174463698e-08,0.011030225166451432,8.463688449804338e-06,6.695750923489694e-06,7.20004313113938e-07,5.9234301416968114e-08
63,0.019395864384122295,2.086304764711704e-07,2.7045936774660236e-05,9.615586314965858e-07,0.00747916643933903,7.007533009364837e-07,9.812325246187398e-05,0.0001359557384376745,2.6762610449205747e-05,7.435416726754284e-09,0.9408591619360553,4.078735087705084e-06,2.8137860522297962e-05,0.0001623384910744206,3.672220177484174e-09,6.687507598227538e-10,1.719057814961072e-05,0.020600017586485875,1.0788864549169347e-06,4.8684915001254944e-08,0.01114581683590859,9.887847568309523e-06,6.635893478042174e-06,7.417791550554362e-07,6.380476356974758e-08
64,0.017938411514190126,1.6820680097234507e-07,3.4215965408989814e-05,8.074609930645543e-07,0.007907130864242128,6.171353695235952e-07,0.00011044279844937629,0.00012737330154618328,2.360696969488201e-05,6.8680664922059084e-09,0.93199755536304,3.6532615049736664e-06,2.7816713921270028e-05,0.00017848595993208446,2.8217409966802005e-09,6.67636490537507e-10,1.8649170140463645e-05,0.02445416130842289,1.0571340269389021e-06,5.325356410043186e-08,0.01715976418900211,7.314493150080151e-06,7.830398577587642e-06,8.107720049957609e-07,6.340857331903857e-08
65,0.012293566872378215,1.6138141980298574e-08,3.6826062391184224e-06,1.0101516528172077e-06,0.0037512496283894693,1.853248410753467e-06,9.436592505255659e-05,6.63918861244347e-05,4.12224715238799e-06,9.412113320473746e-10,0.961301634145304,1.2088737516777737e-06,5.574111552908915e-06,6.177107174889341e-06,4.4459409318321135e-09,3.254577183946067e-10,1.1591955739570742e-05,0.018137602183525635,1.686443081283053e-06,8.699639731729265e-09,0.004307418944640337,2.217924528854426e-06,8.457547062094078e-06,1.487660935772402e-07,8.881753636933526e-09
66,0.015555349286036973,2.7763635935784555e-07,1.622204899532685e-05,1.6062059138778706e-06,0.01036931792269228,1.2833628662703052e-06,0.00010270644037648989,0.00010719873254443333,3.497083239616623e-05,8.222921655349555e-09,0.9437551981535374,4.701998414569316e-06,1.7488620572353412e-05,0.00015997646784188696,7.501815256323526e-09,8.691996731448001e-10,2.778876529474901e-05,0.018540400328446244,1.8774282880020974e-06,3.893627337617595e-08,0.011275206401274506,1.1562064931838457e-05,1.5625587816267477e-05,1.0798894841057267e-06,1.0629570710966321e-07
67,0.022724634543388095,1.3153996773154547e-07,5.4791486335354344e-05,9.883884821239921e-07,0.00904952224132625,6.735205266771827e-07,9.616845939297691e-05,0.0001316607822582229,2.2214472005077114e-05,9.022803689082908e-09,0.9000773627360376,2.6839098414828302e-06,2.8347571712450817e-05,0.0002159176547954146,2.1925743164267438e-09,6.457698881538873e-10,2.1462306020906666e-05,0.04234844098808193,9.828660291081393e-07,6.904901312818382e-08,0.025203363822571847,5.031703290086983e-06,1.4444074402151948e-05,1.0386477588936116e-06,5.737561480134524e-08
68,0.018160321992119467,1.0959835819486619e-07,0.00011469527849379055,1.2459027788251716e-06,0.06797463499063187,1.074103565579139e-06,0.0002011154958188766,4.484177911410202e-05,0.00029513030423065776,1.0387662271000988e-08,0.8614861842378693,7.67012243378185e-06,3.30428702138385e-05,0.0012110621397764538,2.1879713207047967e-09,2.882524300069795e-10,6.293448706233126e-06,0.03253355935956256,2.2719017783877588e-07,2.0429896674326302e-07,0.017882812372612047,3.160833728929435e-06,3.483530091731531e-05,7.520384677731404e-06,2.4513135992459584e-07
69,0.01762864072925941,8.894485036191378e-08,7.236171230982402e-05,5.417057967915655e-07,0.007101028915021565,6.337587985281109e-07,0.00012809692853282318,0.00019207377276715277,3.062383965897708e-05,1.1189106681733388e-08,0.858662723095991,2.70398581427753e-06,3.167052792136942e-05,0.00038821744339241057,1.2734963970330753e-09,6.71793452506896e-10,1.2850568976995944e-05,0.07089616439417577,8.970715527174562e-07,1.0956540999296843e-07,0.04483129589814471,4.6155322228639095e-06,1.3534285772855796e-05,1.0547167584826115e-06,5.947247457431839e-08
70,0.016165255536715398,1.0693097276047352e-07,2.365075103715189e-05,1.035379458468737e-06,0.013426753374040423,7.894133441265803e-07,0.00010481782883563844,8.4410021593489e-05,3.510638608691985e-05,4.0322723350037475e-09,0.9478413153581289,3.5679848629791717e-06,1.8995345742394347e-05,0.00014092122722362396,3.2144744975001698e-09,2.865770994105856e-10,9.601898870182532e-06,0.014581140908192628,5.050866716614379e-07,4.2282461923663104e-08,0.0075480874496550564,5.306991069284214e-06,7.79439645507507e-06,7.37168311739144e-07,5.0746946348327464e-08
71,0.02382080226711822,1.424979304196864e-07,2.0637826981005084e-05,9.092291614260887e-07,0.005071231437753394,7.243345678444745e-07,7.393782931465314e-05,0.00012182011014412225,1.7075989345023804e-05,5.06971762890413e-09,0.9476552528670643,3.5935726680002983e-06,2.3272024228851174e-05,8.484086023800376e-05,3.869430068136664e-09,5.659615076687161e-10,1.6135383869632482e-05,0.016123584216410254,9.594341791332653e-07,3.0034338958618075e-08,0.006949844834169307,9.459954173093782e-06,5.186748507752122e-06,5.028949400859937e-07,4.614778710686896e-08
