,0,1,2,3,4,5,6,7,8,9,10,11,12,13,14,15,16,17,18,19,20,21,22,23,24
0,5.5926672210255815e-06,2.0160609048711573e-05,4.5899878259058776e-05,0.0002697377983466385,0.0006982975139424409,1.1068343338312922e-06,9.183924600119234e-09,8.802702734889311e-11,1.6439977081177508e-09,6.378295618117017e-08,0.9860903974923965,0.00011097570234723622,3.632272521324189e-05,0.0114987180745211,1.5413638504881196e-06,8.061628249034245e-08,2.549056390980041e-06,1.1242719065137002e-05,2.1850313892510385e-07,3.143944164758911e-10,0.0012036494491426686,1.6415661960198118e-07,2.3975344226111936e-06,8.354706331041156e-07,3.6821524380687084e-08
1,7.0605622527896326e-06,2.215489451861154e-05,3.2971848545978186e-05,0.0003006723244731742,0.001071617965794727,3.558698875021431e-07,7.314922376787265e-09,7.143407555362712e-11,3.5227979316082264e-09,5.326654303504602e-08,0.9898058642007296,6.028286463082884e-05,3.108283841461706e-05,0.00820533608340546,9.306239517651996e-07,6.483675410956777e-08,2.073737834552529e-06,8.357841141957374e-06,1.1659441134903013e-07,1.0417156813242429e-10,0.0004487204785262679,9.842246568922965e-08,1.321325271753081e-06,8.197230507969099e-07,3.26840693951946e-08
2,5.883953719688041e-06,1.7612878431964457e-05,3.036661965877516e-05,0.00023826919552554927,0.0011422450157713621,2.9912453884714655e-07,7.480210524587537e-09,5.791644695213621e-11,3.203723448756464e-09,5.283991762651052e-08,0.9841994115077292,5.4055262915497855e-05,1.9985649232225183e-05,0.013706669874705377,1.3922390178669774e-06,3.7326116664588565e-08,1.55261025978446e-06,9.574367519206584e-06,1.053319543395675e-07,1.83422387805249e-10,0.0005689484967202526,1.7469830819504935e-07,2.2700650381989817e-06,1.013610259800632e-06,6.84073867433932e-08
3,4.619720551060043e-06,1.6740533808028334e-05,2.5999942009351504e-05,0.00022351101121208713,0.0007330144216554186,2.703427726480294e-07,4.872338247617938e-09,3.91469108199911e-11,1.4269146784207533e-09,2.9490055531609427e-08,0.9891405621806434,7.205151340759612e-05,2.3385550687410203e-05,0.009211817693747936,7.773742975507441e-07,3.33725777576059e-08,1.7069006680433882e-06,8.591888909100667e-06,7.381352240884312e-08,7.911633411841924e-11,0.0005349023355626066,8.961170556598536e-08,1.2192881242602914e-06,5.671562733956484e-07,2.944029264106575e-08
4,3.865468906555936e-06,1.6360529758917275e-05,2.4094735043493797e-05,0.00021491223647092137,0.0006583939281871302,2.4710042083314036e-07,4.37807270189949e-09,3.5416397753711865e-11,1.1995820593737188e-09,2.4455980112687805e-08,0.9895980931067673,7.928329616964855e-05,2.8329428255365434e-05,0.008896808706712268,6.046171601560984e-07,3.0517426589956547e-08,1.7154229324316305e-06,8.283245855203333e-06,6.542169708294464e-08,6.853711058822898e-11,0.0004672852123596231,7.774530613498128e-08,1.0262465846282177e-06,4.694533409381166e-07,2.3443056310521807e-08
5,6.329571953389472e-06,1.2606290996557189e-05,2.727946475339736e-05,0.00030583468086660485,0.000675638521931177,2.2747083714360181e-07,4.892145790334022e-09,4.0750802792248135e-11,1.3953097640567166e-09,3.563559046513296e-08,0.9870025131438394,8.706292216845764e-05,2.4017339283789486e-05,0.011278551810435723,5.58267972449261e-07,3.721313155077597e-08,2.1286739541163004e-06,1.8218731040566e-05,5.568650163634865e-08,1.0786990000509197e-10,0.0005566001210883979,8.27297397854685e-08,1.38740416994766e-06,7.897307113740575e-07,3.8152958114986255e-08
6,4.619720551060043e-06,1.6740533808028334e-05,2.5999942009351504e-05,0.00022351101121208713,0.0007330144216554186,2.703427726480294e-07,4.872338247617938e-09,3.91469108199911e-11,1.4269146784207533e-09,2.9490055531609427e-08,0.9891405621806434,7.205151340759612e-05,2.3385550687410203e-05,0.009211817693747936,7.773742975507441e-07,3.33725777576059e-08,1.7069006680433882e-06,8.591888909100667e-06,7.381352240884312e-08,7.911633411841924e-11,0.0005349023355626066,8.961170556598536e-08,1.2192881242602914e-06,5.671562733956484e-07,2.944029264106575e-08
7,3.941557685876529e-06,1.4827074477192321e-05,3.317384986820088e-05,0.00014986412966832665,0.0004553314545757499,1.5303413899210763e-07,2.644828656657881e-09,3.318430558800481e-11,5.985718908559277e-10,1.3135916985295248e-08,0.9953890097651161,5.323869968251087e-05,3.700865509196139e-05,0.003571498217267769,3.924482366027256e-07,1.7759679593884328e-08,1.1156766526384638e-06,4.441779974165568e-06,6.972647185955175e-08,3.275498056575423e-11,0.00028514507198511887,4.309522891840175e-08,3.7183968684577987e-07,3.326843782052184e-07,7.0348764554108664e-09
8,4.2531031705766315e-06,1.0416733405897617e-05,2.2437331544171575e-05,0.00024981449378824966,0.0008052562444830745,1.4026419787286734e-07,4.61802175941153e-09,1.9993910646549575e-11,2.6828605975132814e-09,4.9002399634656564e-08,0.9826623760475922,2.1989012522074922e-05,7.387417507255517e-06,0.01582991000204636,1.452886277899151e-06,1.7997565484427976e-08,9.904947443511844e-07,7.607269391566927e-06,2.9307790472913512e-08,8.354378984425058e-11,0.00037167841421334045,1.242031030215355e-07,1.6858254288075093e-06,2.290868058975768e-06,8.567634864014071e-08
9,3.781747264818361e-06,8.359222527086433e-06,3.60886572461532e-05,0.0003051476884092901,0.000611938647061941,2.1215831882761133e-07,2.82916913284109e-09,3.219399708748586e-11,1.6924957919966628e-09,4.308052072182276e-08,0.986682417335285,2.910559096677616e-05,1.4313367660411225e-05,0.011897933282934776,8.875067654870121e-07,2.3738124318942524e-08,1.488009806626245e-06,6.474844258417929e-06,4.3589873504066684e-08,1.0559712753669779e-10,0.0003986937297384159,1.0697934729619872e-07,1.3465168241012924e-06,1.56351321129893e-06,2.613439859822141e-08
10,4.619720551060043e-06,1.6740533808028334e-05,2.5999942009351504e-05,0.00022351101121208713,0.0007330144216554186,2.703427726480294e-07,4.872338247617938e-09,3.91469108199911e-11,1.4269146784207533e-09,2.9490055531609427e-08,0.9891405621806434,7.205151340759612e-05,2.3385550687410203e-05,0.009211817693747936,7.773742975507441e-07,3.33725777576059e-08,1.7069006680433882e-06,8.591888909100667e-06,7.381352240884312e-08,7.911633411841924e-11,0.0005349023355626066,8.961170556598536e-08,1.2192881242602914e-06,5.671562733956484e-07,2.944029264106575e-08
11,4.472326613257423e-06,1.700624475665223e-05,2.6578390831375037e-05,0.000233225219687604,0.0007023996602543006,2.786264767899003e-07,4.951862467683566e-09,4.360228666842924e-11,1.369669316343436e-09,2.7813392678266283e-08,0.9896152360773935,7.904197886478001e-05,2.826255445558579e-05,0.008772674474712746,7.161159270268103e-07,3.57932024539614e-08,1.8623668838366032e-06,8.603274256167608e-06,7.720928886335192e-08,7.850130738176382e-11,0.0005077062028961236,8.616351616216702e-08,1.156795420129263e-06,5.20608574077421e-07,2.5658960513790796e-08
12,4.4319882603252796e-06,2.219447444573015e-05,2.570524027116308e-05,0.00023929833928001693,0.0013208301218991987,3.4383188315099313e-07,5.364494033454262e-09,2.530206775636318e-11,1.4712319006147289e-09,2.7190678908308593e-08,0.982268969700433,0.00010522801011793144,2.3003123919644843e-05,0.015363221466762961,6.758252797838015e-07,3.4312632278366465e-08,1.5022901173497662e-06,1.4319428854007043e-05,6.098704062930482e-08,1.0263000200263547e-10,0.0006078883246512556,6.58871981326843e-08,1.6396306263403258e-06,4.988325789339884e-07,5.40294114726542e-08
13,9.871479598882766e-05,0.00017666346109065207,0.00024976506575264686,0.001255216043044591,0.005150771724642723,4.8448165470598325e-06,1.2380725783373164e-07,1.0411317967138344e-09,4.326534259299365e-08,1.1083481778779742e-06,0.9219722010977244,0.000496966416764885,8.870521701953223e-05,0.06648672806620999,4.475914100687207e-06,5.231861747228297e-07,2.1733498766048977e-05,0.00019462109978900444,1.2100601378740734e-06,3.0300434857936406e-09,0.003778513428021269,1.831291601124594e-06,9.72094410059248e-06,4.144811378032486e-06,1.3695691918721326e-06
14,7.019825801280345e-06,1.1883131977528147e-05,3.926014849125703e-05,0.0004840600348045246,0.0008067894618017656,2.502873192833603e-07,7.2914031390862154e-09,8.07325745900236e-11,3.3682179868369392e-09,6.293098436600015e-08,0.9853192075747387,4.873788832178476e-05,1.9511965555661958e-05,0.012625018871699515,1.2529374767115745e-06,4.405951443787567e-08,2.7648407876597447e-06,1.3381038182305253e-05,6.12340324319912e-08,1.494183777827389e-10,0.0006167382396259841,1.685306827091794e-07,2.1736631093742094e-06,1.5445186824742686e-06,5.792663825235115e-08
15,4.619720551060043e-06,1.6740533808028334e-05,2.5999942009351504e-05,0.00022351101121208713,0.0007330144216554186,2.703427726480294e-07,4.872338247617938e-09,3.91469108199911e-11,1.4269146784207533e-09,2.9490055531609427e-08,0.9891405621806434,7.205151340759612e-05,2.3385550687410203e-05,0.009211817693747936,7.773742975507441e-07,3.33725777576059e-08,1.7069006680433882e-06,8.591888909100667e-06,7.381352240884312e-08,7.911633411841924e-11,0.0005349023355626066,8.961170556598536e-08,1.2192881242602914e-06,5.671562733956484e-07,2.944029264106575e-08
16,4.57926028406318e-06,1.7318539729721087e-05,2.7175530027581175e-05,0.00021944302209076584,0.0007731717887186942,2.762409201459079e-07,4.7742075828511755e-09,4.162424163254655e-11,1.574710013819731e-09,2.7469348912090402e-08,0.9899922393260412,6.30715528485037e-05,2.4145485005693918e-05,0.008406516325319793,8.307955699430382e-07,3.3383401951764105e-08,1.6240510052096719e-06,7.138354727578257e-06,7.858140931807547e-08,7.52350309419398e-11,0.0004604318290217744,8.586256411438737e-08,1.2035232242244717e-06,5.75979999410422e-07,2.663296457198649e-08
17,4.9903808747627095e-06,1.7074318822689287e-05,2.5194595831225257e-05,0.00022607789601472713,0.0007136193715236862,2.5081721486207924e-07,4.8038257744745516e-09,3.991730395894956e-11,1.2600576487658233e-09,2.836477721085958e-08,0.9872516311508512,0.00010130994800560322,2.6503668965686072e-05,0.010999173032666643,6.288077173306422e-07,3.220687882684438e-08,1.9946685271256527e-06,1.2382689010975733e-05,7.286232581729557e-08,8.956426966887701e-11,0.0006170293365818901,9.82017596890336e-08,1.3602165064215038e-06,5.061206050218351e-07,3.515117380097015e-08
18,6.406793914953462e-06,2.1620698410601792e-05,2.2744732027159448e-05,0.0002100218323180593,0.0006590966816222521,2.9465713664724827e-07,6.231398364239098e-09,4.282123969414814e-11,1.808636218933472e-09,4.1110774739128584e-08,0.9845355358159482,0.00012047682384688184,2.65165080838783e-05,0.013716361190967646,7.013940275671833e-07,3.7146910302447526e-08,2.7156359645417944e-06,1.682552021039815e-05,8.082703228920371e-08,1.0956853455473256e-10,0.0006580679241103941,1.421073221541613e-07,1.631169202490382e-06,6.130583522237135e-07,6.017939223829995e-08
19,4.143431755011722e-06,1.8132803810693935e-05,3.661795795219392e-05,0.00026117666945897963,0.0009523692495739746,2.233504349640163e-07,4.494212027340688e-09,4.9943305289443776e-11,1.1584157631462929e-09,2.354552972502629e-08,0.9894746645970471,0.00010224989058620276,3.428772792911019e-05,0.008571184776282053,6.264246831785982e-07,3.119920171025838e-08,1.6438888606106297e-06,8.945290245147996e-06,8.258226708001454e-08,7.495903060377602e-11,0.0005322314580237941,8.857095138537859e-08,8.286215746061144e-07,4.224833380788805e-07,1.9702964239943486e-08
20,2.4468052569233362e-06,1.1448540522383548e-05,2.317320531834971e-05,0.00017628954297352253,0.0005199407066839347,2.09277392404174e-07,4.853971180164779e-09,4.622794421206175e-11,9.421684757034952e-10,2.108496517400919e-08,0.9929320712835875,3.723141512558226e-05,1.4551824856943213e-05,0.005605639668879605,1.7677870736823596e-06,2.1914727995267578e-08,1.0002466890250792e-06,2.817609474012703e-06,7.89593830888299e-08,5.818010642542515e-11,0.0006694658950216872,1.2110340809316194e-07,1.1756562085471828e-06,5.039142408222696e-07,1.7657662900178613e-08
21,4.197994608110484e-06,1.6005135287861924e-05,2.0406220523376565e-05,0.00019944175842102614,0.0007714406312352214,1.9152272025931978e-07,2.9852343780588314e-09,2.176698360037897e-11,7.815633509920494e-10,2.8119112964346773e-08,0.9874935978765642,0.00010601271346120144,2.01637462580629e-05,0.01061713778606769,4.1302619196069687e-07,2.6895717971042628e-08,1.3214165579084083e-06,1.220454427683545e-05,5.298670210946208e-08,6.384657308220019e-11,0.0007359682596078753,6.081526535574213e-08,8.94505579559239e-07,4.0393125100566806e-07,2.626217793031799e-08
22,5.480898013392959e-06,5.0000252697078685e-05,2.440654337719384e-05,0.00017520011244220125,0.0020627664998394005,5.740455152732755e-07,1.1896377730684272e-08,5.340487297354514e-11,5.06246269129861e-09,2.6050715678797703e-08,0.9853998591527063,7.316124428431062e-05,3.058626078445773e-05,0.011765446136945959,1.7870667450893698e-06,4.630537160874806e-08,1.2748488057499157e-06,5.9014972871147935e-06,1.6277859244450887e-07,1.1105172358454118e-10,0.0003999157926926345,1.0489906192621323e-07,2.62594141013343e-06,5.76861025526504e-07,7.968838943784105e-08
23,4.619720551060043e-06,1.6740533808028334e-05,2.5999942009351504e-05,0.00022351101121208713,0.0007330144216554186,2.703427726480294e-07,4.872338247617938e-09,3.91469108199911e-11,1.4269146784207533e-09,2.9490055531609427e-08,0.9891405621806434,7.205151340759612e-05,2.3385550687410203e-05,0.009211817693747936,7.773742975507441e-07,3.33725777576059e-08,1.7069006680433882e-06,8.591888909100667e-06,7.381352240884312e-08,7.911633411841924e-11,0.0005349023355626066,8.961170556598536e-08,1.2192881242602914e-06,5.671562733956484e-07,2.944029264106575e-08
24,3.2524043792583513e-06,1.4424944914473953e-05,2.28006546852287e-05,0.0002825918426337721,0.0010555483682060105,2.106161483826098e-07,3.7018321049044424e-09,3.0750743028188234e-11,1.0726585281223087e-09,1.945112635328843e-08,0.9864934863399623,9.560452799067335e-05,3.118338099014752e-05,0.011571824038098243,4.443088282378391e-07,3.5528434761890696e-08,1.4100897394462187e-06,1.0134436842462679e-05,5.277819059796198e-08,6.785667544328568e-11,0.00041541583185892076,5.2313275214641244e-08,1.0858826007060945e-06,3.958284950327079e-07,2.1559501695072436e-08
25,5.139454925550154e-06,2.263783538159435e-05,2.9869758872508488e-05,0.0002312354126812082,0.0008635521217539694,4.0369024581792903e-07,5.736098183189508e-09,3.9635887413627015e-11,2.027859797353293e-09,3.939068977809366e-08,0.9858122472204808,7.960963369709473e-05,2.340310959144195e-05,0.012324006204704538,9.518695623523828e-07,3.7721046609094615e-08,2.0822362407723165e-06,9.671196131260182e-06,8.408113273677758e-08,1.0250356810785273e-10,0.0005926369909560964,1.1573664296293773e-07,1.515507060483183e-06,7.083301888591763e-07,4.459191614169829e-08
26,7.930123278958761e-06,1.4654078770115528e-05,2.6500393360322194e-05,0.00034477555341202884,0.0007486564659123614,2.866271029391047e-07,4.06813003315331e-09,5.442310244675099e-11,4.100479084470819e-09,2.7220807748015008e-08,0.9918355342290538,3.363719210829844e-05,1.9691823488906665e-05,0.0066586220514506704,8.789218561366093e-07,3.7479299615367637e-08,2.2563311128996304e-06,7.050044784656267e-06,5.217051926927745e-08,8.852579085547765e-11,0.00029526353940616734,6.028934739851688e-08,2.436991856199696e-06,1.6063311966770667e-06,3.383031683573913e-08
27,4.40780899914442e-06,1.8822299788144637e-05,2.2965730907146176e-05,0.00019507963986880198,0.00076599031861298,3.0532541581437473e-07,7.270749012286364e-09,4.843174454713787e-11,3.0986178634778108e-09,4.4826671806950355e-08,0.9879401080828094,5.015907886030732e-05,1.8619715805796942e-05,0.010506767829690879,1.5341126603108812e-06,3.556846333176526e-08,1.7814917510230444e-06,6.087254903598221e-06,8.717990776617855e-08,1.0998481491744028e-10,0.00046437159514759726,1.764607011849042e-07,1.6859030726683822e-06,9.096229954276687e-07,4.962518307772676e-08
28,4.619720551060043e-06,1.6740533808028334e-05,2.5999942009351504e-05,0.00022351101121208713,0.0007330144216554186,2.703427726480294e-07,4.872338247617938e-09,3.91469108199911e-11,1.4269146784207533e-09,2.9490055531609427e-08,0.9891405621806434,7.205151340759612e-05,2.3385550687410203e-05,0.009211817693747936,7.773742975507441e-07,3.33725777576059e-08,1.7069006680433882e-06,8.591888909100667e-06,7.381352240884312e-08,7.911633411841924e-11,0.0005349023355626066,8.961170556598536e-08,1.2192881242602914e-06,5.671562733956484e-07,2.944029264106575e-08
29,4.619720551060043e-06,1.6740533808028334e-05,2.5999942009351504e-05,0.00022351101121208713,0.0007330144216554186,2.703427726480294e-07,4.872338247617938e-09,3.91469108199911e-11,1.4269146784207533e-09,2.9490055531609427e-08,0.9891405621806434,7.205151340759612e-05,2.3385550687410203e-05,0.009211817693747936,7.773742975507441e-07,3.33725777576059e-08,1.7069006680433882e-06,8.591888909100667e-06,7.381352240884312e-08,7.911633411841924e-11,0.0005349023355626066,8.961170556598536e-08,1.2192881242602914e-06,5.671562733956484e-07,2.944029264106575e-08
30,4.619720551060043e-06,1.6740533808028334e-05,2.5999942009351504e-05,0.00022351101121208713,0.0007330144216554186,2.703427726480294e-07,4.872338247617938e-09,3.91469108199911e-11,1.4269146784207533e-09,2.9490055531609427e-08,0.9891405621806434,7.205151340759612e-05,2.3385550687410203e-05,0.009211817693747936,7.773742975507441e-07,3.33725777576059e-08,1.7069006680433882e-06,8.591888909100667e-06,7.381352240884312e-08,7.911633411841924e-11,0.0005349023355626066,8.961170556598536e-08,1.2192881242602914e-06,5.671562733956484e-07,2.944029264106575e-08
31,1.4135648331018003e-05,2.363860187173171e-05,5.817460048228145e-05,0.00031173221570087253,0.0010993588429850244,2.429267032189782e-07,6.783088852132407e-09,1.1027770149662846e-10,1.7677270310226414e-09,4.1605025455052886e-08,0.9875043935067269,0.00014007423374031718,4.709305860285383e-05,0.009988855481233709,5.995676446137288e-07,4.35489503402687e-08,2.6318106695903574e-06,2.489695323602713e-05,1.7446549935984565e-07,1.603094902694039e-10,0.0007815554949611339,1.3271941930450858e-07,1.5259059928915492e-06,6.401141075069655e-07,4.9876712784675075e-08
32,4.62839631094161e-06,1.79359782600647e-05,2.7961551459483494e-05,0.00020511652493996086,0.0007756744869398995,2.9457076342530227e-07,5.296891421877524e-09,4.53503268867411e-11,1.3852549552021683e-09,2.9068154498667803e-08,0.9893409476060139,7.714826368053856e-05,2.5522838021597486e-05,0.008947051892481997,8.729664435437322e-07,3.528469500298958e-08,1.6523751370829666e-06,8.029896468825282e-06,9.695163348973663e-08,8.815766303003835e-11,0.0005650818796769803,1.0162340097119397e-07,1.266115595536386e-06,5.15685888123578e-07,2.9228379988801805e-08
33,4.7261659763793005e-06,1.7620640165688184e-05,2.6509862536463053e-05,0.0002501398315384026,0.0005888945681709898,3.036409145994028e-07,5.565505991297011e-09,5.079908247291979e-11,1.5303681522033773e-09,3.446930097573795e-08,0.9871379987200173,0.00011210889922444429,3.9777774737901276e-05,0.011338136831190915,5.504551915436889e-07,4.316586634975689e-08,2.9808885038144718e-06,1.2285142934453985e-05,7.89741012831832e-08,9.20042083061325e-11,0.0004660746099701036,1.2055061050464163e-07,1.0852839085841788e-06,4.953231941994811e-07,2.6963267713476922e-08
34,4.231908599394756e-06,1.697178154448281e-05,2.7181407934890545e-05,0.00029140699479889096,0.0007299889696117921,3.59327197807748e-07,5.865447026013227e-09,4.205160245071579e-11,1.3538123074404462e-09,3.286548810428287e-08,0.9867326975740285,9.56661309342028e-05,2.570893882755415e-05,0.01139528180896594,8.040837718687707e-07,4.277364095562174e-08,2.3033435610834187e-06,1.1528825243579288e-05,6.315554048544407e-08,9.151081226615364e-11,0.0006637039195193784,9.280294119069074e-08,1.3521186908269875e-06,5.421178814558156e-07,3.1798455688446834e-08
35,3.8402379013210833e-05,3.820053173315304e-05,5.03092368550277e-05,0.0004064643073639933,0.0008291095919819454,2.4233588088409145e-07,1.1929131699051104e-08,2.299217206086968e-10,4.9524037826370785e-09,9.026221609213791e-08,0.9881647834624129,0.00023660185410868167,7.485578911911482e-05,0.009416422729669043,4.3600571716092834e-07,8.298423472606412e-08,7.397286237911446e-06,5.7876691007021425e-05,2.006504870263061e-07,1.6089421925232463e-10,0.0006761172277539163,2.080626486730119e-07,1.2416369003506233e-06,8.680113469751029e-07,7.169096074458023e-08
36,6.918251143064907e-06,3.536628805419456e-05,2.7153875363630237e-05,0.00044952962314795695,0.0005236411010294912,8.78546424428514e-07,2.0263239164635575e-08,2.7920396139001967e-10,8.4921678516781e-09,7.463713840654966e-08,0.9746582256027103,0.00034630622822880223,0.00012171664834093602,0.02335525390788389,1.0423099195643402e-06,1.6907867577954063e-07,2.4842869461937953e-05,2.3895887124495263e-05,1.6172954804094696e-07,2.4142854190570835e-10,0.0004205637802811055,6.74648392298619e-07,2.913396484071235e-06,5.763841035941392e-07,6.593050466638168e-08
37,4.543305744299486e-06,1.8087754485841775e-05,2.604380351268856e-05,0.00022123693801361565,0.0007671446132811611,2.9233735964733115e-07,5.16620481216825e-09,4.1432530497999066e-11,1.5187459241970294e-09,3.013099367419042e-08,0.9889573759832052,7.469940950195022e-05,2.425651940406355e-05,0.009337196540939037,8.284803239338168e-07,3.49032620254306e-08,1.7450248323454148e-06,8.23186477871322e-06,7.962351654736197e-08,8.150363381544364e-11,0.0005562327450696952,9.481503281236438e-08,1.2672965798304513e-06,5.408523454776959e-07,3.024993045517299e-08
38,2.7985738269808962e-06,1.4174680576659094e-05,2.084850896841511e-05,0.00019030762328010387,0.0004603169581076594,6.43998787038437e-07,6.79819621532538e-09,4.689403433695218e-11,7.314230547977421e-10,2.1641873714045524e-08,0.9920089119896283,8.151912312525213e-05,3.0469303327335545e-05,0.00646258640774215,1.1198536298691448e-06,6.225638037665185e-08,1.835326374457222e-06,5.431441080240831e-06,1.1660685894425618e-07,8.780540665447506e-11,0.000716805478210428,7.23949680048564e-08,1.6045400740726269e-06,3.294658654321578e-07,1.616299619244574e-08
39,5.320390309961777e-06,1.819017952450273e-05,2.8811545483722983e-05,0.00029743803321569476,0.0007954752323559925,4.3382591600767335e-07,8.553025727244471e-09,7.337508775717386e-11,1.553487564909135e-09,3.564128313732694e-08,0.9875985255785333,0.0001043533011733283,2.8773553842126715e-05,0.010126341695669113,1.2054761466475232e-06,5.5186638652441177e-08,2.5356559786602744e-06,1.1368621915229664e-05,1.1579030595329327e-07,1.318573292974808e-10,0.0009779617495185293,1.3315886935630902e-07,2.3300367317234624e-06,5.387171271084704e-07,4.6317715420635466e-08
40,2.7510759152696904e-06,3.132224095203377e-05,5.312458425143559e-05,0.00011530218302789388,0.0015508819233417657,3.8004615113965035e-07,3.92929341235522e-09,1.9498293106595286e-11,7.72262451995271e-10,2.435812811501594e-08,0.9822263666548035,0.00010585926141736779,1.9602241528951986e-05,0.0152502400200594,1.183897017700217e-06,1.7521696928043783e-08,8.412632957752467e-07,6.231186583197913e-06,1.1886413730408408e-07,8.98511209025656e-11,0.0006345148515642243,1.4154333455679314e-07,6.735115986450469e-07,3.848784593130631e-07,3.3081829864225817e-08
41,4.2962548950361965e-06,4.031955149541575e-05,3.266303715730799e-05,0.00034458091229067035,0.0017817904140522236,4.4602177562018e-07,5.1071411151204275e-09,4.013398400511832e-11,5.185571239637279e-09,3.07381667946851e-08,0.9877166400692077,4.95873063401225e-05,3.156024719340453e-05,0.009710949748783022,8.354024971141041e-07,4.128209970806857e-08,1.8771121863931139e-06,4.706898583915671e-06,5.215013845846516e-08,5.4206366137575105e-11,0.00027774210990446323,5.296551443692522e-08,1.0898865394822725e-06,7.007779336197821e-07,2.672619236589759e-08
42,5.15322662548553e-06,2.094042316258392e-05,4.3380460057969715e-05,0.00018942916194938103,0.0007144930350743223,2.769332499536178e-07,6.001971306604676e-09,1.0625920756682875e-10,1.4398824050360914e-09,3.917704860896182e-08,0.9906549687451599,9.98084048849222e-05,3.3190325579162614e-05,0.007338496055935304,1.250460800688796e-06,3.6210518779681544e-08,2.123657818876574e-06,5.819765290858069e-06,2.2486039434053164e-07,1.1035116117915949e-10,0.0008885666443811459,2.709523880826082e-07,1.04880355171133e-06,4.5303673071813516e-07,2.2000933018177534e-08
43,7.673173892901973e-06,1.878348435353643e-05,4.909678826487215e-05,0.00036973709397902956,0.0009590673934739108,6.063810852110806e-07,1.025071352208206e-08,1.1208024168080985e-10,5.017743734984305e-09,1.8298402374845612e-07,0.9842569034095517,4.33007809148238e-05,2.3125010745384098e-05,0.013305379797583176,1.8602890166250264e-06,7.525704503023127e-08,2.6255470343138535e-06,8.942077414073705e-06,1.6548636561418653e-07,3.0654833324690755e-10,0.0009483782968709149,3.076601221100512e-07,2.0421662466983654e-06,1.676946546825834e-06,5.428838375055078e-08
44,4.619720551060043e-06,1.6740533808028334e-05,2.5999942009351504e-05,0.00022351101121208713,0.0007330144216554186,2.703427726480294e-07,4.872338247617938e-09,3.91469108199911e-11,1.4269146784207533e-09,2.9490055531609427e-08,0.9891405621806434,7.205151340759612e-05,2.3385550687410203e-05,0.009211817693747936,7.773742975507441e-07,3.33725777576059e-08,1.7069006680433882e-06,8.591888909100667e-06,7.381352240884312e-08,7.911633411841924e-11,0.0005349023355626066,8.961170556598536e-08,1.2192881242602914e-06,5.671562733956484e-07,2.944029264106575e-08
45,3.25442870017903e-06,1.2329340828494528e-05,3.546901350140188e-05,0.00030558199096279416,0.0006612024312004965,4.5499060997586037e-07,1.051932106582758e-08,1.014469940799841e-10,1.563009947479261e-09,2.9550077492970718e-08,0.9932582557642794,3.637891509353041e-05,2.4341185208555235e-05,0.0051403261780725434,2.7926084192018017e-06,6.143518950403712e-08,1.5020294648551e-06,3.363565852052605e-06,1.215953440185357e-07,9.276538441297453e-11,0.0005123851142190661,1.0941487539318223e-07,1.3438649489157052e-06,6.683069332232689e-07,1.599967542706603e-08
46,5.507685109870682e-06,1.3186487946370179e-05,2.6121233565047866e-05,0.0003235225884542348,0.00033326238373406836,3.8110154465717674e-07,4.13166088461901e-09,6.581856281649708e-11,1.174594089921365e-09,2.671651240687338e-08,0.9918142266248849,9.848011300586568e-05,3.4118115777747904e-05,0.006778145051254327,6.107426120111463e-07,5.046525050215749e-08,4.422390198005778e-06,1.023487528943911e-05,6.698671815217712e-08,7.465488508907386e-11,0.0005555918365869269,8.677276434638038e-08,1.3372953716753833e-06,5.989983732081117e-07,1.608831779107831e-08
47,2.459125151118534e-05,7.724699955601028e-05,5.0566293449723556e-05,0.00014944344663031417,0.0006597185493518448,4.530036302072181e-07,1.614975757254588e-08,1.9345405608834018e-10,3.6654262154559403e-09,1.0507879951402141e-07,0.9848837427460913,0.00047527336646482817,7.084652824709175e-05,0.012364405656321253,9.850564545015313e-07,6.012358135418314e-08,8.087221607180769e-06,3.622773594843076e-05,5.014298564440848e-07,2.2733579530208584e-10,0.0011950229581530584,8.225066999205984e-07,1.1545912372478507e-06,6.095321805302627e-07,1.1568825438789506e-07
48,8.21641578927094e-06,4.52249751339069e-05,4.126986604706431e-05,0.0003258822501098085,0.0003205609289722091,1.9440683577293915e-06,1.3469764672252829e-08,3.589536838739867e-10,2.3937698673645944e-09,2.9751152558219083e-08,0.9940378707641033,0.00019201693659481295,0.00015321399746811114,0.004200297563353452,1.1415030138368034e-06,1.565368629228134e-07,1.3057569812807289e-05,6.145236794719329e-06,4.212131190196622e-07,1.060265950530556e-10,0.0006503381253813287,1.4595247936665669e-07,1.7443488204908192e-06,2.9477031995680596e-07,1.0897798538077329e-08
49,3.938066215972167e-06,2.3267902375778815e-05,4.45704845991688e-05,0.00019726203192394515,0.0007623102058551112,4.336954212553995e-07,5.050628341950719e-09,3.943154448493458e-11,9.985943137494887e-10,3.5345742886569515e-08,0.9846994954107225,0.0001504926997625631,3.119609134334408e-05,0.013285601609705072,8.073260865634093e-07,3.0858028035656156e-08,2.281788011958478e-06,1.1532944337907661e-05,1.0542692437050456e-07,1.2015933869384904e-10,0.0007850606831832278,1.667098226605518e-07,9.024332900899392e-07,4.723536963152713e-07,2.9724138102770722e-08
50,1.6722320239215608e-05,3.074412639470889e-05,4.306848446962653e-05,0.00025948914490668177,0.0014904999085526426,2.6790644138278835e-07,3.881333164751923e-08,1.6849605986983927e-10,6.956320931500742e-09,2.625154505377013e-07,0.9771390295807459,7.577228212164121e-05,2.9841908850547282e-05,0.01990340195684898,2.4458433785384584e-06,7.827334059505093e-08,2.2172907253763825e-06,2.712616574215305e-05,3.3292479942689993e-07,3.6748485415120255e-10,0.0009743064821023964,6.72112383345952e-07,2.0365557679505195e-06,1.3454479400957991e-06,2.924631644636487e-07
51,6.02607165631351e-06,1.3988056230479863e-05,2.4716924243591445e-05,0.0001748384188082245,0.0007456303054539717,4.6829636032918147e-07,8.510385009445605e-09,4.70730519656405e-11,1.21970504820538e-09,3.804267969506231e-08,0.9858197641668505,9.126081199682352e-05,1.954355401342955e-05,0.012180644876550007,1.3735719811220549e-06,5.4467967859502736e-08,1.727232020242968e-06,1.4823522451634893e-05,1.6015885299606553e-07,2.110050279329411e-10,0.0009007519834789199,1.3413917166155684e-07,3.329706648893856e-06,6.367740816705946e-07,7.893033356816856e-08
52,4.7666546377319586e-06,6.267127228144312e-06,2.6173121183396453e-05,0.0003118370805624175,0.00043050111397802235,1.987079518651358e-07,3.3503943833263738e-09,3.120536771059385e-11,1.082635240895516e-09,3.7336091412945e-08,0.9905637074998872,4.1233334873138384e-05,2.082975966298512e-05,0.008272382778095748,4.527892701716447e-07,3.8550523646329194e-08,1.7366746500547048e-06,1.2093910430316253e-05,3.816267705682653e-08,8.928381536368992e-11,0.0003057380047270372,5.671015846728235e-08,8.952579533875736e-07,9.939530495119943e-07,1.6918889354616122e-08
53,3.6222389155855954e-06,1.1655423551612194e-05,1.3274274961250434e-05,0.0003690437566927754,0.0007288971360647524,3.7431462834167554e-07,2.5454510770638392e-08,8.523346296370591e-11,3.70573285625008e-09,3.768157286633379e-08,0.9881441975219472,4.1421560046684886e-05,2.3726942389282153e-05,0.01017790813619978,2.441294001500563e-06,8.246204536195821e-08,1.8651696639941184e-06,8.662703951047683e-06,6.644276528616937e-08,1.442557843896018e-10,0.0004677996903655956,1.1008905583443991e-07,3.87685014072474e-06,8.348854328967947e-07,7.203587468414556e-08
54,1.1066124379378582e-05,0.0001060500076976415,2.1821789144265796e-05,0.00015942396349993607,0.0014011367359415814,5.662162469493809e-07,1.6214067535628646e-08,6.098083147575421e-11,5.0836546289297495e-09,6.592755816313482e-08,0.9766344190466129,0.0003080266552569779,4.4384336693650784e-05,0.02051814680495855,1.0355954221912628e-06,6.813848619189999e-08,4.000617864512401e-06,2.370033385363426e-05,1.806507691303537e-07,1.1320208045978252e-10,0.0007633800031574426,2.3661884996168742e-07,1.6544495308742529e-06,4.5297023886667e-07,1.615419319559935e-07
55,1.0103273265555564e-05,8.150939106401622e-05,1.8981743614741896e-05,0.0001807158907591444,0.0018301126894904396,2.1242107148130846e-07,9.298574963777516e-09,2.8733256150014506e-11,3.0989225815656728e-09,2.2464221620466738e-08,0.9805613274215507,0.0005567931139133152,4.473887297790311e-05,0.01611068774872204,3.633966823199095e-07,3.484951174369085e-08,2.8508819059790346e-06,4.635836807933126e-05,7.008637458687495e-08,6.347508649520867e-11,0.0005536098175543069,7.829211003871482e-08,9.698197931324668e-07,3.1569349493025876e-07,1.3127413698375005e-07
56,4.417306631928421e-06,1.7263760891677512e-05,2.61682396959826e-05,0.00021744846891440673,0.0007163228906277114,2.6111842668546216e-07,4.802660782259486e-09,3.972708971162808e-11,1.3750146266830458e-09,2.7135315364004805e-08,0.9896721559811875,7.634693221937537e-05,2.7161686429854174e-05,0.00874965026122644,7.016892108390113e-07,3.285558630811992e-08,1.7077637572321752e-06,8.500749894495563e-06,7.380064608000533e-08,7.557643503246097e-11,0.0004800361141006241,8.379454800485345e-08,1.0853486450906795e-06,5.215348750755331e-07,2.6274190233818838e-08
57,5.118716172632849e-06,2.723701317624643e-05,5.28744459619217e-05,0.00015902644555416446,0.0010281731134147189,3.6303588324358497e-07,5.930594656655512e-09,8.723620229975993e-11,9.213262703449709e-10,3.1389316260575597e-08,0.9873968368577762,0.00022340409148103793,4.086098727598384e-05,0.009774817440992546,1.021411131642696e-06,3.770200819385023e-08,2.0811845659670214e-06,9.50848104015842e-06,3.2944102488423323e-07,1.4581487687156884e-10,0.0012765736639304527,2.709450117299753e-07,1.1145756551121304e-06,2.835023870633118e-07,2.847126767810245e-08
58,4.26228404645954e-06,1.3716465191828857e-05,2.6145724697388885e-05,0.0002183103330766024,0.0006233770410066441,2.4168763434032474e-07,4.478985375517059e-09,3.6880284175275005e-11,1.4020034258148703e-09,2.936582435058545e-08,0.9903595819109298,5.4726751894087124e-05,2.0491237107015107e-05,0.008205702973120826,8.521940298707323e-07,3.004039411822754e-08,1.5306523801471951e-06,7.165602697797586e-06,6.519876518744768e-08,7.694670057846477e-11,0.00046179216539112873,8.90573737729955e-08,1.1346267503862302e-06,7.225395687360934e-07,2.615330376927961e-08
59,4.227440429347785e-06,1.3049049222099007e-05,2.735022482377956e-05,0.00022184051703523237,0.0006431184047413154,2.319687052520509e-07,4.2179127371758215e-09,3.4361981408563075e-11,1.390378289408245e-09,3.097764060885375e-08,0.9902689201778355,5.037376846499912e-05,1.788532408764101e-05,0.008276685359534637,8.92958699633095e-07,2.9298684358936334e-08,1.4469264971721177e-06,7.066756100601829e-06,6.166871549420252e-08,7.631539354458715e-11,0.00046477133966709745,8.746221022497758e-08,1.0994738317050118e-06,7.987243030439824e-07,2.645980181667154e-08
60,4.619720551060043e-06,1.6740533808028334e-05,2.5999942009351504e-05,0.00022351101121208713,0.0007330144216554186,2.703427726480294e-07,4.872338247617938e-09,3.91469108199911e-11,1.4269146784207533e-09,2.9490055531609427e-08,0.9891405621806434,7.205151340759612e-05,2.3385550687410203e-05,0.009211817693747936,7.773742975507441e-07,3.33725777576059e-08,1.7069006680433882e-06,8.591888909100667e-06,7.381352240884312e-08,7.911633411841924e-11,0.0005349023355626066,8.961170556598536e-08,1.2192881242602914e-06,5.671562733956484e-07,2.944029264106575e-08
61,4.475412918226326e-06,1.3245306516251441e-05,3.0364988345187673e-05,0.00023628495855282594,0.0006548512213691679,2.402247047181597e-07,4.02973961499975e-09,3.7066528410403884e-11,1.2813152416506472e-09,2.987561854108939e-08,0.9902034316848206,5.424302145568613e-05,1.942196148444428e-05,0.008277658308141625,8.306781254827275e-07,2.8894836518899946e-08,1.5224754626686175e-06,7.573374128367795e-06,6.396087206134152e-08,7.759172906744024e-11,0.0004937900788370091,8.558760306465384e-08,1.0816301527335168e-06,7.46318556905524e-07,2.4611784770313388e-08
62,4.619720551060043e-06,1.6740533808028334e-05,2.5999942009351504e-05,0.00022351101121208713,0.0007330144216554186,2.703427726480294e-07,4.872338247617938e-09,3.91469108199911e-11,1.4269146784207533e-09,2.9490055531609427e-08,0.9891405621806434,7.205151340759612e-05,2.3385550687410203e-05,0.009211817693747936,7.773742975507441e-07,3.33725777576059e-08,1.7069006680433882e-06,8.591888909100667e-06,7.381352240884312e-08,7.911633411841924e-11,0.0005349023355626066,8.961170556598536e-08,1.2192881242602914e-06,5.671562733956484e-07,2.944029264106575e-08
63,4.673947460040317e-06,1.8566164709581313e-05,2.5904614765978238e-05,0.00021395125593097364,0.0007469366192738485,2.728939076956672e-07,4.918494120164417e-09,3.860043204675814e-11,1.5044860947736275e-09,2.9453456158929764e-08,0.9892054216412546,7.400019216226319e-05,2.374641226730707e-05,0.00914702539579452,7.835173401938197e-07,3.233219698348265e-08,1.7157543324004942e-06,8.341230450813387e-06,7.44881406090784e-08,7.53576873120693e-11,0.0005266758890090276,9.127135386643066e-08,1.1630814070083479e-06,5.573302606478044e-07,2.997758727584763e-08
64,4.125333088427591e-06,1.607098554950684e-05,2.7489048023242166e-05,0.00022557973723569887,0.0007606295580181582,2.617458845361376e-07,4.654901916298767e-09,3.935564979316274e-11,1.155472802681452e-09,2.7845114623556157e-08,0.9902652950568009,6.793521265531159e-05,1.9842061608569667e-05,0.007840358904082117,8.92132171781183e-07,2.9291662706949414e-08,1.376428523519427e-06,7.068722182838013e-06,7.669587702959659e-08,7.69475967027974e-11,0.0007610623757254103,8.572346813315458e-08,1.2268058560821153e-06,5.342804997107781e-07,2.6129293287150802e-08
65,3.4227965481696233e-06,1.525979791386587e-05,2.7824195722582577e-05,0.00021623291988647067,0.0006868253660533008,2.941652182121735e-07,4.411274832838978e-09,3.5692146008034024e-11,1.166694437764984e-09,2.468901044219974e-08,0.9903430604165652,5.499006241597448e-05,2.030770521445223e-05,0.008074735174830235,9.863160782352254e-07,2.8444642125183372e-08,1.4283413822822383e-06,5.525947935712132e-06,6.924622915346198e-08,6.912040558233415e-11,0.0005471535235273369,8.304340568699981e-08,1.1697056829043553e-06,5.498201350017722e-07,2.2638820687546236e-08
66,5.508844910878614e-06,2.0099198526666665e-05,2.5662476608685423e-05,0.0002194911546965217,0.0007246914090836252,3.7643021359253276e-07,6.795289189891392e-09,5.6066375635161556e-11,1.968039323648852e-09,3.070476683514743e-08,0.9893032156930386,7.641555570301341e-05,2.6285043689293394e-05,0.009015207613284504,1.0790606628848572e-06,4.105544816415076e-08,2.0463824149603714e-06,8.588395731821085e-06,1.0284221212718405e-07,1.0436155215139388e-10,0.0005685841632892772,1.0960276054157806e-07,1.7988738008458089e-06,6.185295634616384e-07,3.804583690181517e-08
67,3.6176313358892035e-06,1.4179014569965396e-05,2.300929282398179e-05,0.00020984370237476678,0.0005658198983371905,3.5012934129452973e-07,4.5653384934896926e-09,3.0158392003634966e-11,1.1004137260704504e-09,2.8317485514425787e-08,0.9874434427566698,7.379023419260904e-05,2.12453079300738e-05,0.011048064579014957,8.01277069121041e-07,3.227074631737163e-08,1.856657359805981e-06,8.904413751243356e-06,6.264771798294503e-08,9.363235680693497e-11,0.0005827328010391841,9.015267956013568e-08,1.4954397937783879e-06,5.964553239866763e-07,3.12308999745818e-08
68,4.355175406242258e-06,9.191161417565602e-06,2.3790444876870962e-05,0.0004508659935724211,0.0004502800803416978,2.73076014260655e-07,6.347806393115547e-09,4.52960447777208e-11,6.299262440230501e-10,1.9289741301322964e-08,0.9840776964959014,0.00021563918174190684,6.880592100846543e-05,0.014002435336191698,2.1579327987453072e-07,4.9575514047667114e-08,3.379714256315558e-06,4.6650769296262295e-05,4.096104616588676e-08,1.216041180017458e-10,0.0006443228245930318,4.222542469062509e-08,1.6083918899044334e-06,3.0247182126596053e-07,2.7972031900863394e-08
69,2.7057376189984092e-06,1.0175145650959789e-05,2.546705510171446e-05,0.00012612586532715522,0.0002931298927179751,4.625905275164067e-07,3.433522652118232e-09,3.318244784832063e-11,3.493536361915613e-10,2.1304111973593552e-08,0.9898770409800207,0.00010412325574456925,2.824697349750869e-05,0.008544712519443593,6.645634821892775e-07,2.6184502849995487e-08,1.7493401027683126e-06,7.146703253656186e-06,1.3013348622372925e-07,1.3853386056266634e-10,0.0009761919388632817,1.1455246774119711e-07,1.4140482282951687e-06,3.3235348132038106e-07,1.4907776620318086e-08
70,2.712498312669362e-06,1.1154135264968741e-05,3.429004595860359e-05,0.0014929264975658079,0.0012761196758140053,1.2885117918482856e-06,7.982117733608687e-09,5.599165024211295e-11,5.52285512794915e-09,5.800148579748256e-08,0.961548388011475,8.835504440308553e-05,5.3721270581437006e-05,0.035149211494472636,5.779452163699702e-07,1.7818692133401668e-07,7.512117153091625e-06,2.2989527345946004e-05,2.431371314219814e-08,2.905062431886033e-10,0.00030485846811292605,5.373971865551232e-08,4.044855315604967e-06,1.4838571371389826e-06,3.795076910671486e-08
