,0,1,2,3,4,5,6,7,8,9,10,11,12,13,14,15,16,17,18,19,20,21,22,23,24
0,0.024659950778269504,1.6810439499750042e-07,4.8957862940825085e-05,1.2572042894646573e-06,0.013205226670928225,4.101487245250024e-07,0.00010646161118652811,0.00010147335491166196,1.9402473951074877e-05,4.914904354862023e-09,0.9130916220243281,4.680696296455354e-06,2.4275445921283646e-05,0.00018906253292467448,1.941258787909023e-09,5.611313971394614e-10,2.4533681116094996e-05,0.03245988041946618,6.011713010895115e-07,4.804410284965396e-08,0.016045911497895953,3.4279740890869682e-06,1.1449827961013482e-05,1.1371409760935727e-06,5.391672985633119e-08
1,0.022747230246978507,1.5059218197276752e-07,5.456457702894126e-05,1.0605418844462927e-06,0.014026322793642744,7.091114615447105e-07,0.00014134885805403076,0.00011322263720898338,4.9414426534368106e-05,1.002128995854482e-08,0.8911999773465494,3.408665235311156e-06,3.4163852909933575e-05,0.0002791309538067762,2.54559615836886e-09,6.984534644429624e-10,1.3650147650083688e-05,0.04765646913911777,1.0943576676959912e-06,8.679127749109414e-08,0.023656482188334504,5.075268127986564e-06,1.4621863668043978e-05,1.727777024144339e-06,7.45983157171773e-08
2,0.016327984531728394,1.5555789564131542e-07,3.9481885992017874e-05,8.31359118698169e-07,0.01400743269403194,5.000988902814719e-07,9.118811230922588e-05,9.682139494142455e-05,3.5806647097733676e-05,7.429617791915686e-09,0.9264424336462593,3.7104071652113022e-06,2.165468332121508e-05,0.0003328706583692791,2.9345380065854267e-09,4.855810264295744e-10,1.3802055823466098e-05,0.02721028993106992,5.950174951923988e-07,7.442269647873476e-08,0.015357444502487766,4.915835068985892e-06,1.0759424331738285e-05,1.1517587993465602e-06,8.452536989922524e-08
3,0.02127921160184722,1.5276454548406853e-07,4.1378505595686915e-05,9.372296492866933e-07,0.011326055058193583,5.381139756657649e-07,0.00010202794438773861,0.00010062413468549404,2.9466521902455547e-05,6.497011221644335e-09,0.9191506853852837,3.729827590556302e-06,2.443828684216579e-05,0.00023285050719749228,2.3171592312228455e-09,4.986552685565949e-10,1.5753805374224728e-05,0.031862137270253485,6.895451768424291e-07,5.606231081647933e-08,0.0158125680942187,4.655946373144474e-06,1.089894898738588e-05,1.07152941469812e-06,6.360336848477326e-08
4,0.020955625754544353,1.7012761193732107e-07,4.6852305971766124e-05,9.954419990675954e-07,0.011495013538304887,5.070385696467742e-07,0.00011096890582514343,0.00010797944148682745,3.1703288907419206e-05,7.261594691281958e-09,0.9140441298941915,3.9623238130782794e-06,2.8643025892423358e-05,0.0002825497436759291,2.2607511693993276e-09,5.216118751691286e-10,1.6077711793514875e-05,0.03517745905956872,7.165066450958459e-07,6.686087264885914e-08,0.017679329836378113,4.875688900528442e-06,1.1133374681832325e-05,1.1639218791913173e-06,6.61645287022542e-08
5,0.02300713204042192,1.488051653305593e-07,5.111073210203891e-05,1.3137446267592343e-06,0.013720104370598467,5.840939241505826e-07,0.00011081565369209269,0.00010741034176506761,3.1846256997366354e-05,8.094113268005355e-09,0.8896252484477992,3.429032582019706e-06,2.8161546756419782e-05,0.0002677029695805442,1.998300801221625e-09,5.345376566242359e-10,1.6483067443814356e-05,0.053159289701410026,7.823779235427369e-07,7.30182110380404e-08,0.0198474751425915,3.812664892626472e-06,1.5663523695021063e-05,1.346624716993629e-06,5.521615217204346e-08
6,0.02127921160184722,1.5276454548406853e-07,4.1378505595686915e-05,9.372296492866933e-07,0.011326055058193583,5.381139756657649e-07,0.00010202794438773861,0.00010062413468549404,2.9466521902455547e-05,6.497011221644335e-09,0.9191506853852837,3.729827590556302e-06,2.443828684216579e-05,0.00023285050719749228,2.3171592312228455e-09,4.986552685565949e-10,1.5753805374224728e-05,0.031862137270253485,6.895451768424291e-07,5.606231081647933e-08,0.0158125680942187,4.655946373144474e-06,1.089894898738588e-05,1.07152941469812e-06,6.360336848477326e-08
7,0.0207867318798225,1.5666425489605675e-07,4.1413297581864815e-05,9.57718186011819e-07,0.011967171676078251,5.521870119287468e-07,0.00010326979462372782,0.00010030679479171193,3.085621269881085e-05,6.673865693094428e-09,0.9183416752602422,3.834238564670717e-06,2.388252191801061e-05,0.000244875626678369,2.374874517230597e-09,5.129224109587064e-10,1.6246995102769808e-05,0.03204229095013546,6.981712989386044e-07,5.7331383840075186e-08,0.016277568713209692,4.6911685821396374e-06,1.1555437496558626e-05,1.1303391230501735e-06,6.745955193089063e-08
8,0.04520328086679921,2.404118871182871e-07,0.00011104911287518319,1.6984423993772832e-06,0.021705857134204053,5.308470482244315e-07,6.897624606495925e-05,8.482578355761108e-05,4.662442882920506e-05,1.1724017213141869e-08,0.8820248777374724,5.353728957164368e-06,3.0502345193452775e-05,0.00042143018731316827,2.9266920054826137e-09,7.179722922706881e-10,2.744153432956532e-05,0.034111099694616016,4.7455409004695213e-07,8.216531268496931e-08,0.016123214539864723,4.4972763315351486e-06,2.4121087096343712e-05,3.659475606531393e-06,1.470314696645032e-07
9,0.027825938635577824,3.209769673500403e-07,0.0001144378731530648,1.5785787491986465e-06,0.021838813091462534,4.959642080568155e-07,8.328732559207391e-05,0.00011601737001193756,6.000784944857305e-05,2.1026300494831296e-08,0.8709079786590684,4.631637748772108e-06,3.943841389315909e-05,0.0007579723932132628,2.9133368404478333e-09,9.654027068191374e-10,2.5207540439587963e-05,0.048213458705815185,8.321371958456354e-07,1.410616711080292e-07,0.029974782240858647,5.723578212968507e-06,2.451880367954614e-05,4.217047186016781e-06,1.7521080677922773e-07
10,0.02127921160184722,1.5276454548406853e-07,4.1378505595686915e-05,9.372296492866933e-07,0.011326055058193583,5.381139756657649e-07,0.00010202794438773861,0.00010062413468549404,2.9466521902455547e-05,6.497011221644335e-09,0.9191506853852837,3.729827590556302e-06,2.443828684216579e-05,0.00023285050719749228,2.3171592312228455e-09,4.986552685565949e-10,1.5753805374224728e-05,0.031862137270253485,6.895451768424291e-07,5.606231081647933e-08,0.0158125680942187,4.655946373144474e-06,1.089894898738588e-05,1.07152941469812e-06,6.360336848477326e-08
11,0.02200496983877717,1.605184210601849e-07,4.454339263479402e-05,1.01377809189328e-06,0.01136677167650215,5.337735187932152e-07,0.0001105729824901249,0.0001044191391622622,3.0274759627527843e-05,6.734954369118567e-09,0.9167548871393119,4.041467781464881e-06,2.8145380891025147e-05,0.00023765082276549002,2.4087729552987187e-09,5.526876764317404e-10,1.6272684610833328e-05,0.03315200589708538,7.285769933810515e-07,6.305218168380316e-08,0.016125886077964165,4.839170202461517e-06,1.0961514538039638e-05,1.1832392582679627e-06,6.542077524857354e-08
12,0.018770134902611424,1.3005311062637314e-07,4.888978529368384e-05,7.757817869834218e-07,0.016259736764962934,5.102919499872164e-07,8.860556550831866e-05,8.280818171844672e-05,3.107823998444389e-05,6.1920142868119614e-09,0.9192463400407411,3.6635400253179715e-06,1.8539509209112674e-05,0.0002887162671357726,1.993137637851178e-09,4.1309213368084536e-10,1.674366049303637e-05,0.02867002438285753,4.4595271232211364e-07,6.226195643434311e-08,0.016455260283856635,3.6189417387902582e-06,1.261583104465569e-05,1.21455015045063e-06,7.661290783450006e-08
13,0.041038830690115206,2.46016826102652e-07,9.112354151967524e-05,2.792225319799079e-06,0.021655792383335197,1.4399007640527172e-06,0.0002195494586145639,0.00012768088198505777,6.934258608183253e-05,1.8162291819455153e-08,0.8078154951646231,3.6205558134898394e-06,4.9063472475084624e-05,0.00028446201951648487,2.86893137968404e-09,1.1203661664965686e-09,2.69653199379532e-05,0.09387689879677949,1.8149216153996186e-06,1.0472856685162089e-07,0.03468575281832422,5.250648021576379e-06,4.0424223456297666e-05,3.2482848992180494e-06,7.920981987502557e-08
14,0.017332120009455197,1.7954468722893023e-07,4.073639461470501e-05,1.0579421013377006e-06,0.012345957450898537,4.3606525073824405e-07,8.985985645944623e-05,9.659048168619478e-05,2.442455841810445e-05,7.187740675816913e-09,0.914250524440285,2.96817062166058e-06,2.4025865870381757e-05,0.0002543838404666296,1.917008489043757e-09,4.2136327850322874e-10,1.660832059848042e-05,0.036299893881885106,7.749154858787974e-07,5.525077522028353e-08,0.019203767707336176,3.916275807449682e-06,1.0685199684125604e-05,9.733718256361152e-07,5.0929674330752504e-08
15,0.02127921160184722,1.5276454548406853e-07,4.1378505595686915e-05,9.372296492866933e-07,0.011326055058193583,5.381139756657649e-07,0.00010202794438773861,0.00010062413468549404,2.9466521902455547e-05,6.497011221644335e-09,0.9191506853852837,3.729827590556302e-06,2.443828684216579e-05,0.00023285050719749228,2.3171592312228455e-09,4.986552685565949e-10,1.5753805374224728e-05,0.031862137270253485,6.895451768424291e-07,5.606231081647933e-08,0.0158125680942187,4.655946373144474e-06,1.089894898738588e-05,1.07152941469812e-06,6.360336848477326e-08
16,0.020143665284295766,1.4648469806670199e-07,3.6536333849712066e-05,8.30547871748538e-07,0.009694831311504025,4.6905658330042473e-07,9.186984154677489e-05,0.00010195926365965295,2.5596869099786343e-05,5.7933450073665844e-09,0.9263885272352779,3.784539490421296e-06,2.2646036470768418e-05,0.00022927948267859922,2.3063131552582666e-09,4.619617794942743e-10,1.4951714820643088e-05,0.02912886850809047,6.297504763492409e-07,5.1070567070081023e-08,0.014100576715136775,4.771241189712486e-06,9.066251579688482e-06,8.740054854047945e-07,5.989400763727183e-08
17,0.020764088476400242,1.4479755268690178e-07,4.5300336373246324e-05,8.633791766719557e-07,0.012011177123983835,4.824871719716437e-07,0.00010755277365666055,9.756911791672903e-05,2.9021362474668426e-05,5.7863688872693535e-09,0.9170607460993744,4.02702033195194e-06,2.3719015671610437e-05,0.00025694699980419693,1.897498858111256e-09,4.5770899462455713e-10,1.635906278107998e-05,0.03266590039086671,5.753506033578341e-07,5.662673328362556e-08,0.016899109215607323,4.138690469822328e-06,1.1052519462885918e-05,1.0975117709439983e-06,6.350023929444659e-08
18,0.018653023458209714,1.7119017691861267e-07,4.7061005899770556e-05,7.55194313695655e-07,0.011725043470513986,5.120772505377389e-07,0.00011495066366210669,0.00010072111779116532,3.129693593455496e-05,6.8956884544929375e-09,0.9189104778009436,4.807451439903232e-06,2.311170546862653e-05,0.00031688042143986555,2.5537237854470042e-09,6.548477102700554e-10,2.009169854105407e-05,0.02959093485183432,7.064766698194119e-07,6.481955587201487e-08,0.020440663344039302,5.012739950592821e-06,1.2294384586606301e-05,1.308597093363692e-06,1.0049042433475515e-07
19,0.020584107940986952,2.6283777812650694e-07,4.34104172854325e-05,2.126546098373313e-06,0.021154725495126453,9.744463654635488e-07,0.0001412177139949807,0.00011805780485364503,5.782307692583191e-05,1.144838087102892e-08,0.91086203046973,5.348367122199237e-06,3.243426416419983e-05,0.0003238109514410851,4.208478506496009e-09,6.81471133935525e-10,1.8527248990322803e-05,0.03272393231368361,9.471655675857068e-07,8.85217433347454e-08,0.013905250234586436,7.2116395186498065e-06,1.5912220900344335e-05,1.6946108258684987e-06,8.93739806812882e-08
20,0.024055101446624982,1.4059951364729676e-07,4.8192090309477875e-05,9.653178059552651e-07,0.01288307745147182,5.352406451709293e-07,0.00010758668209455939,9.243674621351879e-05,2.9333748982186613e-05,5.982173518929185e-09,0.9092793556124564,3.947273431058271e-06,2.334864330799418e-05,0.00022130427132301854,2.0169477708570848e-09,5.194801987836926e-10,1.7290576240239057e-05,0.035936565933394705,6.406867017247293e-07,5.3982174215010204e-08,0.017281863155925437,3.724035047027781e-06,1.3177369308575003e-05,1.2855440340819099e-06,6.507439272601065e-08
21,0.03348097719501779,1.4844824119143837e-07,9.228280434704562e-05,8.86053342744098e-07,0.010998155184926382,2.5957606034299975e-07,9.508838340489313e-05,0.00011228083120947454,2.4758914344828918e-05,6.022440819021023e-09,0.8721438001869282,5.83567004315384e-06,3.238003374076403e-05,0.00040250666065561513,1.1180807637806435e-09,6.180967514474968e-10,2.0437244674751543e-05,0.05923843384081592,4.161119154154288e-07,7.296584742544615e-08,0.023333781128867442,3.005160881160841e-06,1.2665166640226237e-05,1.751156513993635e-06,6.952296282675886e-08
22,0.011811297228861593,2.735496123387813e-07,1.7424272396909023e-05,1.6052674714492715e-06,0.037216761005850515,1.0140213800895557e-06,0.0004722774156154121,3.9962043169350976e-05,0.000262003201213349,3.807737305008585e-09,0.9344206843289032,1.514192542815642e-05,4.427309585179555e-05,0.0002701110409340798,1.4593241220449835e-08,8.953735868171082e-10,5.555017234890406e-06,0.008018110604832594,1.080516738361733e-06,9.323126045161428e-08,0.007376276234944,9.115813258261713e-06,1.0459705410737805e-05,6.147001975844757e-06,3.1418130445065127e-07
23,0.02127921160184722,1.5276454548406853e-07,4.1378505595686915e-05,9.372296492866933e-07,0.011326055058193583,5.381139756657649e-07,0.00010202794438773861,0.00010062413468549404,2.9466521902455547e-05,6.497011221644335e-09,0.9191506853852837,3.729827590556302e-06,2.443828684216579e-05,0.00023285050719749228,2.3171592312228455e-09,4.986552685565949e-10,1.5753805374224728e-05,0.031862137270253485,6.895451768424291e-07,5.606231081647933e-08,0.0158125680942187,4.655946373144474e-06,1.089894898738588e-05,1.07152941469812e-06,6.360336848477326e-08
24,0.01910824444614891,2.927660901842597e-07,3.955624237148802e-05,1.9836230394464526e-06,0.013051793238825814,5.969622822298744e-07,0.0001112530028315868,0.00013433687384582817,3.111682337538424e-05,1.1125834107971614e-08,0.901048270242912,3.7577037975316522e-06,3.065585788975721e-05,0.00032258664123566995,2.925677273442083e-09,6.194716239254549e-10,2.2122390994193822e-05,0.04613244240067885,1.2401358511112918e-06,6.721690506751145e-08,0.019937796106700375,5.916546639179429e-06,1.4747614901691837e-05,1.1494021453604064e-06,5.908955513063005e-08
25,0.0642098264003011,1.1472607954046492e-06,9.665420176005483e-05,4.556114788248935e-06,0.027878831680455914,2.329315979363499e-06,0.0002099763992963155,6.820716636686273e-05,0.0001858078163990156,4.2263485766917466e-08,0.8534234302260372,6.187479084907563e-06,8.458702299570989e-05,0.00040020001174574156,2.4820973343166405e-08,2.626893941656791e-09,4.910428609572888e-05,0.027772229928782637,4.958389271540374e-06,1.0728725966259974e-07,0.02552331373698957,2.0946912984585213e-05,4.780958073539576e-05,9.27348265714482e-06,4.455878651434279e-07
26,0.04614556104382651,1.389874093053152e-07,0.00011697922546012102,1.8109819869414458e-06,0.027828908753697656,7.72765963582439e-07,0.00013456821462660715,7.63002363616325e-05,6.665895612840752e-05,9.746104275109097e-09,0.8157274394123392,3.896433830458111e-06,3.389326407153653e-05,0.0003344053023770516,1.5784878478847378e-09,6.237011455640051e-10,1.96868377504113e-05,0.08370102058427652,5.998568629299948e-07,9.890598370074304e-08,0.025758457255295665,2.557251199747309e-06,4.165243496902646e-05,4.4956028144837406e-06,8.574447521642085e-08
27,0.021618528232674843,1.6375104951142098e-07,2.9015594310073748e-05,1.0697115414243552e-06,0.010942249495326295,8.470068773579664e-07,9.882741673941375e-05,0.00011191600149284434,4.927028218480163e-05,7.731693850664696e-09,0.9331628903238507,3.942125590161187e-06,2.5600710947301812e-05,0.00021410673429986246,3.949555451829189e-09,5.068468485636899e-10,1.059472423472277e-05,0.024271809433955408,7.885598095160511e-07,5.955072382471296e-08,0.009439721630082727,8.189711712487217e-06,9.241481945752946e-06,1.0813996143542993e-06,7.393294073044953e-08
28,0.02127921160184722,1.5276454548406853e-07,4.1378505595686915e-05,9.372296492866933e-07,0.011326055058193583,5.381139756657649e-07,0.00010202794438773861,0.00010062413468549404,2.9466521902455547e-05,6.497011221644335e-09,0.9191506853852837,3.729827590556302e-06,2.443828684216579e-05,0.00023285050719749228,2.3171592312228455e-09,4.986552685565949e-10,1.5753805374224728e-05,0.031862137270253485,6.895451768424291e-07,5.606231081647933e-08,0.0158125680942187,4.655946373144474e-06,1.089894898738588e-05,1.07152941469812e-06,6.360336848477326e-08
29,0.02127921160184722,1.5276454548406853e-07,4.1378505595686915e-05,9.372296492866933e-07,0.011326055058193583,5.381139756657649e-07,0.00010202794438773861,0.00010062413468549404,2.9466521902455547e-05,6.497011221644335e-09,0.9191506853852837,3.729827590556302e-06,2.443828684216579e-05,0.00023285050719749228,2.3171592312228455e-09,4.986552685565949e-10,1.5753805374224728e-05,0.031862137270253485,6.895451768424291e-07,5.606231081647933e-08,0.0158125680942187,4.655946373144474e-06,1.089894898738588e-05,1.07152941469812e-06,6.360336848477326e-08
30,0.02127921160184722,1.5276454548406853e-07,4.1378505595686915e-05,9.372296492866933e-07,0.011326055058193583,5.381139756657649e-07,0.00010202794438773861,0.00010062413468549404,2.9466521902455547e-05,6.497011221644335e-09,0.9191506853852837,3.729827590556302e-06,2.443828684216579e-05,0.00023285050719749228,2.3171592312228455e-09,4.986552685565949e-10,1.5753805374224728e-05,0.031862137270253485,6.895451768424291e-07,5.606231081647933e-08,0.0158125680942187,4.655946373144474e-06,1.089894898738588e-05,1.07152941469812e-06,6.360336848477326e-08
31,0.03447520791247631,1.5814556495228092e-07,6.431274726774051e-05,8.246225185864165e-07,0.007135129260487957,4.203971543143788e-07,9.651847810977904e-05,0.00016638506149294714,1.8054044023005463e-05,6.8233456003781955e-09,0.888465652457849,3.7495339125844786e-06,2.89478491520463e-05,0.0002078523854816472,1.3651296526281403e-09,6.727467864719726e-10,2.1903598911489294e-05,0.049302757355348295,6.278290138827619e-07,5.3393779009530994e-08,0.01999576888389455,4.309003582350704e-06,1.0441695963791741e-05,8.682727021151339e-07,4.8210091642265577e-08
32,0.020402973354724338,1.6151409574715826e-07,3.9706594133639614e-05,1.0358581446655332e-06,0.01117386700003191,5.926431013826959e-07,0.00010913542490712665,0.00010484795378628378,2.9669099836167457e-05,7.130264470383862e-09,0.9180930554307567,3.651566820013707e-06,2.5933514493161115e-05,0.00022080967906381576,2.7136896434668058e-09,5.710140545005838e-10,1.660345187357188e-05,0.032823762683462446,8.797297070299554e-07,5.895725205237411e-08,0.016935613812703157,5.024352292928918e-06,1.143817728683329e-05,1.1040639879307796e-06,6.472257088092713e-08
33,0.021981449097353136,1.5641836525257013e-07,2.6037838465192277e-05,1.0893779959036713e-06,0.004686212783604644,2.633080162411159e-07,9.68395847116316e-05,0.00016000700509810807,8.639073701726911e-06,2.8043925195256534e-09,0.9301552442625605,6.260904054502209e-06,2.7899433760694387e-05,0.00011872489907474747,1.1819601128683116e-09,5.46896573411666e-10,2.2689536870869246e-05,0.03241865477068697,6.030857703714729e-07,2.9757799469360672e-08,0.010279260162875647,4.770322034188627e-06,4.660468879628409e-06,4.7676383737433185e-07,2.661123375201965e-08
34,0.01321676905901734,3.1239936326791243e-07,4.4278264469541073e-05,1.2404102739136456e-06,0.01778921667739497,6.78548809373943e-07,0.00012559567527361737,0.00013657950248647832,4.238563457429632e-05,1.2096059917988578e-08,0.9120579754700905,5.541357888154669e-06,2.4931151874509197e-05,0.0005369213286859304,2.745685162791075e-09,7.599485649144937e-10,2.6723779034182136e-05,0.03246808809277414,8.29128453336075e-07,9.381697256501266e-08,0.023496541728634694,7.070078681355313e-06,1.656147859570217e-05,1.5284647915457085e-06,1.2235016705656746e-07
35,0.040945288013186906,1.2248241190588213e-07,4.0981979345901284e-05,8.830037820722299e-07,0.00565925520659283,6.288559261638348e-07,0.00010240851605130072,0.00016985853730718033,2.4392156216878642e-05,6.000051171740083e-09,0.889693783324934,4.4947876372342695e-06,2.9265622663870316e-05,0.00013917594310020314,1.5655640040249541e-09,6.917935930646951e-10,1.487803844110473e-05,0.051284778028766326,7.428416492409445e-07,4.027086585991166e-08,0.011873872833186043,6.162349511532576e-06,8.13959938137049e-06,7.986078877702681e-07,4.0743745258621895e-08
36,0.03157220605639846,2.680103641198767e-07,3.5135625709932125e-05,1.0837377681095763e-06,0.0052069976022441995,6.606468237739122e-07,0.00010851785942981534,0.00027823836650429077,3.347453524966307e-05,1.1312029468140475e-08,0.904391759190442,6.553398699472241e-06,3.686886822011224e-05,0.0003301635640895778,2.78488119836228e-09,9.905232421129675e-10,2.1644267749059914e-05,0.04531043190784753,1.0105938497840219e-06,6.065234181350785e-08,0.012640932283431152,1.5554112516129843e-05,7.684208097243824e-06,6.73678995829202e-07,6.574579423023148e-08
37,0.020225431523742874,1.5478524010046487e-07,3.7930006382840136e-05,9.370335542605775e-07,0.011021478856459956,5.57650829358707e-07,9.991754375813834e-05,0.00010233147184420861,2.9041960642538622e-05,6.527121969660071e-09,0.9228574606821931,3.6339315241777287e-06,2.3649347915473642e-05,0.0002247850147749442,2.458776310159719e-09,4.944394743282958e-10,1.5472149442150383e-05,0.030152642259382058,7.164885467113697e-07,5.448256316571098e-08,0.015187327563165397,4.902967626579162e-06,1.050271258866172e-05,9.993395280227015e-07,6.274795755555569e-08
38,0.03556286027027153,1.1446928106672562e-07,4.7155587997565526e-05,1.3848101907110496e-06,0.0075235203313381025,1.2885266570497234e-06,0.00024256430311759745,0.0001409340983402879,3.011658573537569e-05,8.180655496854156e-09,0.8623043244226353,3.427023168173224e-06,4.197741820575228e-05,0.00011349371948427699,3.597188012943173e-09,1.2287810298692418e-09,2.0075938050706797e-05,0.06961328265900894,2.1247413671744998e-06,7.005884832871759e-08,0.024325341175154717,5.434649637807231e-06,1.918222127227245e-05,1.2630543127642885e-06,5.0929300024021486e-08
39,0.022204568019068317,1.1019831618662694e-07,3.8639852922993694e-05,7.544420597266447e-07,0.007685598284383985,6.432789455392654e-07,0.0001218833113019619,0.00014488439313785532,2.1404096045944202e-05,5.266843700373384e-09,0.9191535741094611,4.228422754106449e-06,2.3054917866181416e-05,0.00015739961151536164,1.8987829387024396e-09,6.574310132430117e-10,1.7013929403743475e-05,0.03396051485041457,7.204987823320694e-07,4.935649803733946e-08,0.016449568288069028,4.863268148448115e-06,9.651746016196188e-06,8.139162527068635e-07,5.338557815545985e-08
40,0.02453434502192709,1.3765353944523765e-07,4.1646969727584156e-05,5.478038930957736e-07,0.009032612761462944,4.5452946643148166e-07,8.00257013096778e-05,8.076720648867084e-05,2.2064048219171888e-05,3.826011800489477e-09,0.9435890033496661,4.891085058849799e-06,1.9316046653597292e-05,0.00019302591987969216,2.485147651387213e-09,3.4895641223933486e-10,1.5361391411535427e-05,0.013725511999402928,3.037233232994234e-07,3.865669173633024e-08,0.008648065597804065,5.2303268276046415e-06,5.939339953843652e-06,6.306146573496454e-07,7.359251970121196e-08
41,0.02349012709719572,7.595135419837035e-08,1.7486621678079273e-05,1.844471356473733e-06,0.027889718258461677,1.143124605280083e-06,5.133929086386795e-05,4.729354620170727e-05,4.70407481820115e-05,4.03769199928345e-09,0.9339738348127697,2.5813852492715555e-06,1.0223304508382341e-05,7.497404534251662e-05,6.604792724202531e-09,1.9771430436535716e-10,6.001210470682853e-06,0.011726529039229331,3.7042794326157237e-07,2.997892262534474e-08,0.0026452688163102105,3.3302662706305376e-06,9.81535609106583e-06,9.177290951640637e-07,4.3677699204769476e-08
42,0.018284637076760594,1.8176483213742886e-07,2.206658194687338e-05,8.345383134741414e-07,0.006177738818376312,7.902219978078302e-07,9.896445786611468e-05,0.00014883358195322163,2.5575630542494548e-05,6.875606933074388e-09,0.9491848404012588,4.17144103492702e-06,2.8256313122053285e-05,0.00012630774451450458,4.2866865736588155e-09,7.481029535100962e-10,1.58604328156878e-05,0.01650438803895947,1.1979879469961714e-06,4.552969005171736e-08,0.009356814095574104,1.2745387098359297e-05,5.050076670038325e-06,6.25113134448337e-07,6.285519486505108e-08
43,0.018206869778391543,1.4684663682744096e-07,4.2471967527065315e-05,1.14347185994026e-06,0.01214158694756891,1.233501268672525e-06,9.497263007211347e-05,0.00015336751905696295,4.6511310494408954e-05,1.700561100743825e-08,0.9052525247466163,1.8916044021438403e-06,2.705150706736117e-05,0.000267573191944463,3.682218222752182e-09,5.676801840198731e-10,1.2394801169641488e-05,0.04082668656459669,1.3364431328753683e-06,8.823524514316944e-08,0.022899077767502444,7.520372224109827e-06,1.4451657021324205e-05,1.017831654397723e-06,6.004903728719339e-08
44,0.02127921160184722,1.5276454548406853e-07,4.1378505595686915e-05,9.372296492866933e-07,0.011326055058193583,5.381139756657649e-07,0.00010202794438773861,0.00010062413468549404,2.9466521902455547e-05,6.497011221644335e-09,0.9191506853852837,3.729827590556302e-06,2.443828684216579e-05,0.00023285050719749228,2.3171592312228455e-09,4.986552685565949e-10,1.5753805374224728e-05,0.031862137270253485,6.895451768424291e-07,5.606231081647933e-08,0.0158125680942187,4.655946373144474e-06,1.089894898738588e-05,1.07152941469812e-06,6.360336848477326e-08
45,0.01741333849611432,9.767492117666484e-08,1.945921002632631e-05,1.5297816568471942e-06,0.013939874824602948,1.0854181057635135e-06,0.00018695379936023933,9.991766692857019e-05,4.410955426914992e-05,4.667179773637806e-09,0.935601242840515,3.8049569775832903e-06,2.8999221260014042e-05,9.68955765246143e-05,5.466418660780386e-09,5.96192327721149e-10,8.408236765962852e-06,0.024399760758038715,1.148189127651016e-06,6.464832746487951e-08,0.008137415120248463,5.7860700062080705e-06,9.020189299984428e-06,1.0305611815088424e-06,4.647595070185239e-08
46,0.02478645123593288,1.7166736529989651e-07,3.977189035653501e-05,1.0375681983144803e-06,0.00957080546869309,5.100765337435697e-07,9.047904176738884e-05,0.00010851847727392891,1.9903212262931914e-05,5.4782675083523474e-09,0.9262587530500892,4.640798823041602e-06,2.3348434937171203e-05,0.0001767572906421607,2.445692427695994e-09,5.862841170626819e-10,2.348849426602658e-05,0.026173590286304515,6.460082876155246e-07,4.4684695579468777e-08,0.012705160217550297,5.180134516031445e-06,9.756467133517992e-06,9.15424455061778e-07,6.155967152782174e-08
47,0.042908027702304855,3.287242524874431e-07,4.550519508534542e-05,7.995417890602307e-07,0.005167505009535585,4.5658983559292065e-07,0.00013312452609836055,0.0001463101685046384,2.4974092521462393e-05,5.613289208066506e-09,0.923604114703071,1.0609680983458674e-05,4.797773390708537e-05,0.0001570501684280188,3.017715733291756e-09,1.1836334681228885e-09,2.5282966113798753e-05,0.01947818910416373,7.422384413866393e-07,4.4959614426123816e-08,0.00823115503818724,1.1995930872861498e-05,4.668795892353872e-06,1.0337463049169945e-06,9.3569453912011e-08
48,0.030212785323034667,7.357772979631144e-07,4.989628117492551e-05,2.4576785038221728e-06,0.00726858292817436,5.901861254972174e-07,0.00010429082791891094,0.00027045914159417266,1.7057549149378114e-05,1.6804331855352415e-08,0.8964915572979143,4.9827483429556895e-06,3.879414767781722e-05,0.0003115581980724754,3.287929296570515e-09,1.125791097766002e-09,6.667319996622156e-05,0.043543421987342595,1.7450233464504043e-06,5.230417993725416e-08,0.021588495882346067,1.212741368760664e-05,1.2942302975109755e-05,7.116956657513477e-07,6.088745671190563e-08
49,0.024866611093170673,1.2995389327181296e-07,4.672654987312745e-05,8.661909753706666e-07,0.011107406152865975,6.891481133719428e-07,0.0001129051993769242,0.00011027792422982374,3.0176886290680726e-05,5.689995782744213e-09,0.9183458067114973,4.743483307403299e-06,2.4200373297461917e-05,0.0002037059911973743,1.8668714693877456e-09,5.068440573830912e-10,1.561211781619254e-05,0.03163503785097855,5.037270962671656e-07,5.5991366042628514e-08,0.013477727718370917,4.640536482558663e-06,1.1071548066202488e-05,1.033235136586399e-06,6.355288632159513e-08
50,0.018679724305046295,2.145086420318139e-07,5.198402558198927e-05,9.964515548122766e-07,0.009741486462813274,5.794484807384136e-07,0.00013398017878747323,0.000171839775748304,3.886687010092036e-05,1.250402095936111e-08,0.9072560131593984,3.31528917184628e-06,3.739672217718848e-05,0.0003923712649872894,2.41081480311299e-09,5.516970257486465e-10,1.413844079035969e-05,0.039515558772795084,1.0238743264577293e-06,8.166222260482936e-08,0.023943078624452246,7.130151688238053e-06,9.254457760884506e-06,8.899657808550901e-07,6.012115969268488e-08
51,0.018374181424283213,1.5020622020780254e-06,2.472072967627629e-05,3.6154597166255062e-06,0.006584138870742634,3.079544541898125e-07,4.404162834187575e-05,0.0002739292788778807,2.0628574692483122e-05,1.8339502060668938e-08,0.9404987678624944,5.002848407378088e-06,4.3021772911110216e-05,0.0005281737492036283,4.0338252048724375e-09,4.382643894154403e-10,1.918013332940888e-05,0.025854250823435225,1.095006397521751e-06,4.901117021492016e-08,0.007701309055428782,1.760670694930617e-05,4.037682361564372e-06,3.750403005878273e-07,4.151303178011687e-08
52,0.01979532368397763,1.585229339999351e-07,4.3120890901695495e-05,8.508236054785446e-07,0.012552164107007139,5.005956671765714e-07,0.00011516296392510965,8.92461793103006e-05,2.8755637662364824e-05,5.328044246315673e-09,0.924587307506558,4.304499946902563e-06,2.285881572876027e-05,0.00023495087067574257,2.189961589478815e-09,4.775712480152995e-10,1.7497837547296114e-05,0.026016921528361697,5.957340021489951e-07,5.212968128037971e-08,0.016473830367048994,4.200883379284786e-06,1.0986810294660155e-05,1.1293048301383625e-06,7.231137708149653e-08
53,0.018772942349105988,8.861591829057899e-08,3.032501906423906e-05,6.520405615149734e-07,0.010263884113896617,7.003510741903013e-07,0.00023336974688069415,9.167477436945639e-05,3.9080815036890976e-05,3.0156815484511305e-09,0.9276923386529674,5.741378864540536e-06,2.2468538480962486e-05,0.00018818081846577953,2.099869050066048e-09,4.5198151640951654e-10,1.0410599160938868e-05,0.02905788092009795,5.0307438084573e-07,5.320028625241163e-08,0.013573441324602854,3.754071887363744e-06,1.145170712261338e-05,9.873006165679637e-07,6.501962614873455e-08
54,0.017227498487416112,3.7047730758617416e-07,4.371093106245385e-05,7.251984999641605e-07,0.014572209111121616,4.342513476600271e-07,0.00010091153693294809,9.411940076493832e-05,5.997330886551718e-05,9.925071077958663e-09,0.9376054237073667,8.357484270181965e-06,2.6781096676772612e-05,0.0005880176552079974,4.8248883989108945e-09,8.318404181610925e-10,1.747815108001657e-05,0.016501876342849133,6.369257098320697e-07,8.257447987579598e-08,0.013131073923761907,9.16049673707893e-06,9.006868678658492e-06,1.9010949909109445e-06,2.3539307234112332e-07
55,0.024685710975747698,8.504339562088368e-08,3.6969891521772616e-05,9.624503018897866e-07,0.017547008212654723,6.129426920263088e-07,0.0002652272424933779,6.346890616723941e-05,5.4052047806650765e-05,2.1291025875582958e-09,0.9161792653270872,1.1878544760797485e-05,2.4764637589098728e-05,0.00015426359714641245,1.6589275430970661e-09,5.49254680210783e-10,9.95811360839735e-06,0.031107965794756196,4.069112625279387e-07,4.7577729645557314e-08,0.009839636720396318,2.545517176144515e-06,1.2677828536427811e-05,2.40736030284523e-06,8.001958236270364e-08
56,0.02171385544678932,1.570546113358177e-07,4.269119173442638e-05,9.588212008377008e-07,0.011073988946082563,5.41656551010012e-07,0.00010654960000107011,0.00010354958320084857,2.9776102531852086e-05,6.58469201743025e-09,0.9183442838373111,3.920447194417821e-06,2.594772400763097e-05,0.0002350979487459791,2.3489621593210272e-09,5.22677053927504e-10,1.604445896053721e-05,0.03239144455551966,7.056485219100359e-07,5.8502617458860874e-08,0.01589355327602983,4.792711422740352e-06,1.0905445984545914e-05,1.102932035981238e-06,6.46526137588217e-08
57,0.017310609499274328,2.4058710025952955e-07,4.3802435636631246e-05,9.807955282907477e-07,0.009289687766803011,4.908729507724326e-07,0.00014777793260554816,0.00012973764717277383,2.6353564810609893e-05,8.054611687838219e-09,0.9178389193885197,4.739152785972368e-06,3.691378411117938e-05,0.00023146963247840005,2.7965680557551494e-09,9.104039378677634e-10,2.1356336958346632e-05,0.030658424950679372,1.4197136461316625e-06,6.585417232779086e-08,0.024240543461069543,6.40409933918831e-06,8.77943768777752e-06,1.1953857437147311e-06,7.593934214507537e-08
58,0.02159730366281091,1.6966526836918063e-07,4.982219673704697e-05,1.1588817617632335e-06,0.01488028597970186,5.884345943547894e-07,0.00012716477785245365,9.02655147865674e-05,3.7925349891648004e-05,7.2026905795287885e-09,0.910401118970479,4.38146509095728e-06,2.985353042628608e-05,0.0002546975515975701,2.7119608913740577e-09,6.330722405925232e-10,1.71633090479686e-05,0.03407035276062525,8.177721650356587e-07,7.334572890266346e-08,0.018416351996423577,4.455674912415753e-06,1.4184467942187935e-05,1.7719979996852765e-06,8.214643226599718e-08
59,0.022022558474690604,1.724107393694848e-07,5.60631747806131e-05,1.087376755116431e-06,0.01534015713459702,5.721295628260222e-07,0.00011886987711072943,9.456376764058891e-05,3.709673402932895e-05,7.95040941273454e-09,0.9046491393053651,4.10523870695671e-06,2.866594261982302e-05,0.0002857463625012274,2.422541369210988e-09,6.281034392483878e-10,1.8257983110204052e-05,0.03659587897067014,7.66452420789959e-07,7.530130603051009e-08,0.020725226188822547,4.33900072820513e-06,1.480856813969655e-05,1.7546046820720441e-06,8.399996676429534e-08
60,0.02127921160184722,1.5276454548406853e-07,4.1378505595686915e-05,9.372296492866933e-07,0.011326055058193583,5.381139756657649e-07,0.00010202794438773861,0.00010062413468549404,2.9466521902455547e-05,6.497011221644335e-09,0.9191506853852837,3.729827590556302e-06,2.443828684216579e-05,0.00023285050719749228,2.3171592312228455e-09,4.986552685565949e-10,1.5753805374224728e-05,0.031862137270253485,6.895451768424291e-07,5.606231081647933e-08,0.0158125680942187,4.655946373144474e-06,1.089894898738588e-05,1.07152941469812e-06,6.360336848477326e-08
61,0.023709959160554975,1.5592792631785072e-07,5.983024811866234e-05,1.0554813073102323e-06,0.015286182580867039,5.798556039115415e-07,0.00011924010548056304,9.33097323147331e-05,3.872450796964199e-05,7.851235280124384e-09,0.9003202610276396,3.90915564348236e-06,2.8785506253832813e-05,0.0002804674008793084,2.2095211831858273e-09,5.849003353692594e-10,1.6883035397015577e-05,0.03911406469438282,7.281440257235121e-07,7.37756805949376e-08,0.020904720422511715,4.053339685999917e-06,1.5145179054041432e-05,1.780973777775117e-06,7.90992682920149e-08
62,0.02127921160184722,1.5276454548406853e-07,4.1378505595686915e-05,9.372296492866933e-07,0.011326055058193583,5.381139756657649e-07,0.00010202794438773861,0.00010062413468549404,2.9466521902455547e-05,6.497011221644335e-09,0.9191506853852837,3.729827590556302e-06,2.443828684216579e-05,0.00023285050719749228,2.3171592312228455e-09,4.986552685565949e-10,1.5753805374224728e-05,0.031862137270253485,6.895451768424291e-07,5.606231081647933e-08,0.0158125680942187,4.655946373144474e-06,1.089894898738588e-05,1.07152941469812e-06,6.360336848477326e-08
63,0.021622697618736142,2.0001082582879525e-07,4.207231631337974e-05,1.061248012829748e-06,0.011141549911260689,5.410551662186479e-07,0.0001029613601297476,0.00010905346856732645,2.9966945340657162e-05,7.540846761514534e-09,0.9191684467577144,4.03193494441076e-06,2.704150523639048e-05,0.00025054550418281206,2.6038485645403254e-09,5.64832104807511e-10,1.7871740335386348e-05,0.03148476654576171,7.923959978837425e-07,5.858835833521624e-08,0.01597891991605223,5.43493324384605e-06,1.0803193443439491e-05,1.1038530806707777e-06,6.848776840024708e-08
64,0.019905694201026686,1.607341724274355e-07,5.28388454827522e-05,8.885102564167838e-07,0.011721824867468167,4.751910997506647e-07,0.0001153179960682314,0.00010169133506483428,2.6340919363567198e-05,6.934379841821629e-09,0.906199490660188,3.5979487535156695e-06,2.6591695972898927e-05,0.0002737865427508838,1.99644378588152e-09,5.611567488980406e-10,1.9286818031402207e-05,0.03713525817157986,7.733227622258866e-07,6.369578349426983e-08,0.024397951582990338,4.009875749799509e-06,1.2679946078436431e-05,1.1998960641158496e-06,6.775131205854192e-08
65,0.0138511666382066,1.5812354518341905e-08,5.835739720723923e-06,1.1296708479689432e-06,0.0056763711537688,1.437020283780412e-06,0.0001001198205262512,5.368974218945524e-05,4.713427510523894e-06,9.754392188422535e-10,0.9458154152206515,1.2051569781171905e-06,5.4540867242458485e-06,9.795262259154828e-06,3.1835042521403213e-09,2.784306287132017e-10,1.2222066966160725e-05,0.028152038367008598,1.2548364052085396e-06,1.068956443136854e-08,0.006292627963487247,1.2354049488736431e-06,1.4021447111441785e-05,2.2632404376637657e-07,9.711068658769307e-09
66,0.017371490157866033,2.654930325274018e-07,2.5292138211081205e-05,1.7779830925090501e-06,0.01548043709654839,9.898709379912007e-07,0.00010810330813999444,8.580005531139217e-05,3.9188777022628706e-05,8.35057754452732e-09,0.9217387186729608,4.615349329571759e-06,1.6869968098480155e-05,0.0002469837126608785,5.315160579424305e-09,7.337848912787843e-10,2.8930897865130727e-05,0.028559258828214387,1.3856613687518224e-06,4.706644931932944e-08,0.01625615642556351,6.330002323067469e-06,2.561885359951632e-05,1.6116103898101752e-06,1.1367149135923375e-07
67,0.024819788374465458,1.2391357049455896e-07,8.30661055296448e-05,1.076666824757361e-06,0.01326061207487382,5.11977503768457e-07,9.934188779191913e-05,0.00010316890872743851,2.448728853990162e-05,8.977897887898379e-09,0.8621681563331257,2.5927642119638564e-06,2.6719617894609284e-05,0.0003260192527333022,1.5359319321090934e-09,5.354313674470501e-10,2.1942976510815237e-05,0.06360768728805546,7.144842202232231e-07,8.149742464600256e-08,0.03542636115462418,2.715378040839943e-06,2.3240719373984526e-05,1.5198958579947908e-06,6.039083788002764e-08
68,0.0194024603864334,1.0175396132162444e-07,0.00016609096027538127,1.279483586212363e-06,0.09344418337557599,8.001710605887697e-07,0.00019987569889351375,3.478890706725102e-05,0.00030975750799709336,1.0058584825774828e-08,0.8126033819964852,7.296973872062032e-06,2.9918048613042828e-05,0.00172634910695912,1.4957887713378476e-09,2.4191776302263726e-10,6.2845110839221955e-06,0.0473055156356665,1.6621096762185664e-07,2.2652254131384458e-07,0.024695819082774937,1.6962767173861063e-06,5.3062813622267495e-05,1.067696716352802e-05,2.558123910397315e-07
69,0.01886847326607162,8.22819774008852e-08,0.00010729660118997134,5.762503801114546e-07,0.010159071492059876,4.7056891895023566e-07,0.00012888329058040692,0.00014753548464621174,3.290489428552157e-05,1.0864069404720714e-08,0.8056052500284986,2.5729574058286982e-06,2.917705367594572e-05,0.0005716937776616862,8.731010226027365e-10,5.445574307297233e-10,1.2845808028748375e-05,0.10318044824749904,6.335195726281052e-07,1.2585164942203576e-07,0.06112686611320663,2.446994168146124e-06,2.106884141640747e-05,1.5030855083482993e-06,6.130987057798433e-08
70,0.018200181524130932,1.0309262324527642e-07,3.683988168296002e-05,1.1606271157489907e-06,0.019961362340712573,6.129918879813784e-07,0.0001105315169298344,6.824602694294112e-05,3.939525752537985e-05,4.115055217660439e-09,0.92779616489796,3.507379088284998e-06,1.840775619533703e-05,0.00021806206051594587,2.286067867256393e-09,2.422098092424245e-10,1.0026791005475674e-05,0.022635284673847133,3.750003936887566e-07,5.100800796661197e-08,0.01088276174917647,2.9313531440532312e-06,1.2837178755605054e-05,1.0962048587314545e-06,5.4044166878652506e-08
71,0.026657924345385914,1.376141875793159e-07,3.231856758154726e-05,1.0089192878975557e-06,0.007610330685422233,5.619897745128055e-07,7.810793660625832e-05,9.827461969733633e-05,1.9268769867850045e-05,5.1794295502961654e-09,0.9304655774103209,3.5730431709530205e-06,2.2504037482274127e-05,0.00013211063910532352,2.756749990556995e-09,4.809161343780102e-10,1.6866175868492208e-05,0.02480406484161491,7.087312897921111e-07,3.6431395045383066e-08,0.010042086319828619,5.227490817479631e-06,8.49923549914917e-06,7.538968718153603e-07,4.988182856716269e-08
