,0,1,2,3,4,5,6,7,8,9,10,11,12,13,14,15,16,17,18,19,20,21,22,23,24
0,8.134895182845394e-06,1.744265910878438e-05,7.176440820454352e-05,0.00041025003286785256,0.001877402739608828,7.643675840386279e-07,1.592253478731956e-08,1.1002245017980537e-10,4.9267952508223525e-09,1.3818661207061257e-07,0.9804178600238043,3.5037132067044024e-05,1.2316382184057146e-05,0.01540699449202753,5.436415315101376e-06,6.407187852538492e-08,1.1264536013577923e-06,1.0279502387917098e-05,2.050976622066748e-07,5.94507582583657e-10,0.0017162666174320943,2.578857600969811e-07,5.204063578004603e-06,2.8859109569395706e-06,1.4710831583027128e-07
1,9.876373999902528e-06,1.8290856648505305e-05,5.179201685810484e-05,0.0004744703009892798,0.002787681075156705,2.575235864622768e-07,1.2154668231134582e-08,8.867896908071328e-11,1.0555954585136978e-08,1.1257493418199723e-07,0.9850021855957946,1.868849048805898e-05,1.07063135678953e-05,0.010985167201879318,3.183661961012975e-06,5.310157741492291e-08,9.689049798719958e-07,7.484787445570379e-06,1.0570745965807691e-07,1.9797211136712364e-10,0.0006228430115632817,1.4817273843391133e-07,2.955575438203056e-06,2.8819828060371926e-06,1.2377285377811917e-07
2,8.302991181934615e-06,1.4736295082098017e-05,4.716069382993268e-05,0.00037034605103985135,0.0030137745964029777,2.0985180524870626e-07,1.2797073510161324e-08,7.185655232737045e-11,9.570326957652254e-09,1.1342652727220185e-07,0.9773065886137628,1.6876869297765084e-05,6.8629281524318255e-06,0.018394722300087724,4.7976926112590805e-06,3.0290963237932224e-08,7.04444871870217e-07,8.682310156984369e-06,9.644120927785119e-08,3.473708826811584e-10,0.0007969412699140426,2.6822291435101134e-07,4.987049359042109e-06,3.5087098583099356e-06,2.661643434992817e-07
3,6.51780543978834e-06,1.3958339171378236e-05,4.103103851780818e-05,0.00035285669505002515,0.0019260516757832653,1.9594271691634997e-07,8.265525495672436e-09,4.91990263236138e-11,4.3212553124196485e-09,6.309463424268597e-08,0.9844944794588447,2.235572187408856e-05,8.082801032206884e-06,0.012372168681321457,2.697023200486601e-06,2.7488201411426976e-08,7.943029612029274e-07,7.724756361576973e-06,6.786765306019115e-08,1.5158678548576129e-10,0.0007459360543016841,1.3678041030959786e-07,2.7319755686220743e-06,1.996570619563792e-06,1.1313876938758487e-07
4,5.544580513619018e-06,1.3732127645337058e-05,3.7809080444219154e-05,0.0003356665220261523,0.001747172543997187,1.7367825050911975e-07,7.458528822627763e-09,4.4477568432941295e-11,3.627410905448645e-09,5.309131559887033e-08,0.9851881698063696,2.480532918024049e-05,9.754264007382537e-06,0.011962951652457952,2.083668013508431e-06,2.4885476944399663e-08,7.834175562002918e-07,7.564549936007821e-06,6.069232495145695e-08,1.3147972543294857e-10,0.0006595059147193436,1.2006140596598858e-07,2.2752609344740386e-06,1.645806128915617e-06,9.180539888116796e-08
5,8.960961813511401e-06,1.0527448075235143e-05,4.279835523117988e-05,0.00047882803435411324,0.0017788579205093255,1.620777107427008e-07,8.262115327372565e-09,5.1012186542431734e-11,4.214456259389227e-09,7.650899662327268e-08,0.9817362555654783,2.7054839210282676e-05,8.280432363473507e-06,0.015103904994434205,1.922709253758288e-06,3.042484944849371e-08,9.80031745921287e-07,1.639003305981378e-05,5.1331438274374564e-08,2.0582094308894978e-10,0.0007787821497231361,1.265319748717171e-07,3.084179040809964e-06,2.7657348218399615e-06,1.4700251057334202e-07
6,6.51780543978834e-06,1.3958339171378236e-05,4.103103851780818e-05,0.00035285669505002515,0.0019260516757832653,1.9594271691634997e-07,8.265525495672436e-09,4.91990263236138e-11,4.3212553124196485e-09,6.309463424268597e-08,0.9844944794588447,2.235572187408856e-05,8.082801032206884e-06,0.012372168681321457,2.697023200486601e-06,2.7488201411426976e-08,7.943029612029274e-07,7.724756361576973e-06,6.786765306019115e-08,1.5158678548576129e-10,0.0007459360543016841,1.3678041030959786e-07,2.7319755686220743e-06,1.996570619563792e-06,1.1313876938758487e-07
7,5.470058339947766e-06,1.253848735600191e-05,5.078991770964996e-05,0.0002296593994717783,0.0012625018386341095,1.0348761344736116e-07,4.489613198841962e-09,3.951177153444593e-11,1.7469687257722592e-09,2.815119481567743e-08,0.9932059448693061,1.6469607715987584e-05,1.2251655667141965e-05,0.004795521727716122,1.3668935781351612e-06,1.4130139682193216e-08,4.711069820526185e-07,3.97750156120773e-06,6.282019331346196e-08,6.042267698308779e-11,0.0004008072587190934,6.503613623436767e-08,7.897237520898174e-07,1.132548170223562e-06,2.7443526557098084e-08
8,6.06304960009482e-06,8.654807305757902e-06,3.470710534380974e-05,0.0003964702045728256,0.002129688411298899,1.0066442573347583e-07,8.04914172316081e-09,2.610627314864919e-11,8.267041806538342e-09,1.061331901761043e-07,0.9753447469632057,6.887835648383676e-06,2.6006844514104323e-06,0.021525461722159134,5.012905001360522e-06,1.5175710256072023e-08,4.689421334250855e-07,6.959647880069871e-06,2.7684373943753755e-08,1.6270453861237097e-10,0.0005197409732671601,1.9404198333765036e-07,3.884465044595429e-06,7.855570451756604e-06,3.365079576684122e-07
9,5.4058831944017545e-06,6.953756289389937e-06,5.61061242151916e-05,0.00048742625703199216,0.0016132850273375334,1.5308167937250349e-07,4.949565986617266e-09,4.182912862655231e-11,5.227541600583145e-09,9.339803516150169e-08,0.9810724814675892,9.080251011613648e-06,5.006564938610065e-06,0.016167729874929145,3.089456881053026e-06,2.0003509395112885e-08,7.057470526693055e-07,5.936231596889578e-06,4.074013086580876e-08,2.0485442588278613e-10,0.0005576637825331391,1.6636798590205313e-07,3.095584383073028e-06,5.446949203244087e-06,1.0302668090878115e-07
10,6.51780543978834e-06,1.3958339171378236e-05,4.103103851780818e-05,0.00035285669505002515,0.0019260516757832653,1.9594271691634997e-07,8.265525495672436e-09,4.91990263236138e-11,4.3212553124196485e-09,6.309463424268597e-08,0.9844944794588447,2.235572187408856e-05,8.082801032206884e-06,0.012372168681321457,2.697023200486601e-06,2.7488201411426976e-08,7.943029612029274e-07,7.724756361576973e-06,6.786765306019115e-08,1.5158678548576129e-10,0.0007459360543016841,1.3678041030959786e-07,2.7319755686220743e-06,1.996570619563792e-06,1.1313876938758487e-07
11,6.339316193676834e-06,1.4191999333427015e-05,4.183951900643969e-05,0.0003669846629240149,0.001850115233715536,1.9990080840272626e-07,8.396727410139841e-09,5.469939709206037e-11,4.14572009642441e-09,5.976829925734639e-08,0.9851701405835124,2.4570534552025813e-05,9.747285069596868e-06,0.011789447928308248,2.476317917275243e-06,2.937331779910272e-08,8.616630693549424e-07,7.771920656406076e-06,7.107747546971116e-08,1.5041327540947915e-10,0.0007104930381621757,1.3187737126145446e-07,2.5843338335381893e-06,1.8317610091979165e-06,9.915790438380064e-08
12,6.231478152497232e-06,1.8604680364575134e-05,4.066504313775359e-05,0.00037611543316104615,0.0034684427653637875,2.507956600857477e-07,9.263006145513527e-09,3.209878487716117e-11,4.453651855355016e-09,5.80894630524397e-08,0.9746324814773352,3.2472555244234146e-05,7.94990371979551e-06,0.02054942363304818,2.3875587523723147e-06,2.827212436509449e-08,6.961918616904759e-07,1.274273012268144e-05,5.6602111864688216e-08,1.9621952554456262e-10,0.0008456638458473103,1.0164975417783996e-07,3.661782747275532e-06,1.7437572139218736e-06,2.0780983783175832e-07
13,0.00011876724573523626,0.00014078770462716935,0.0003576028910354167,0.001922805844771893,0.013377025000330953,3.4440111972477193e-06,2.04674266969369e-07,1.2109153469083655e-09,1.2933703899397288e-07,2.2261371760181756e-06,0.8874496309158763,0.00015089501559397323,3.03246360639959e-05,0.09124212872256961,1.4902091375884976e-05,4.190593949885663e-07,9.757387887513362e-06,0.0001626024363273487,1.0196315950924512e-06,5.58999113808969e-09,0.00497230844767686,2.7255489579799113e-06,2.189935516298123e-05,1.3231387782809913e-05,5.1557166482720575e-06
14,6.421264387494946e-06,1.4135717532352055e-05,4.0425459344821464e-05,0.0003431034217373467,0.0019198487810714827,1.9644955678418484e-07,8.149244496851546e-09,4.793602980612812e-11,4.189405505891824e-09,6.140290558053568e-08,0.9846536188086389,2.2676825964018292e-05,8.13617983615665e-06,0.012233146330860572,2.651470961567273e-06,2.7212406149655597e-08,7.804020324084709e-07,7.6034171587770796e-06,6.834609463998556e-08,1.4815603944111275e-10,0.0007422411221008641,1.3373799761867378e-07,2.6752911092215447e-06,1.925376329761422e-06,1.1044723144839943e-07
15,6.51780543978834e-06,1.3958339171378236e-05,4.103103851780818e-05,0.00035285669505002515,0.0019260516757832653,1.9594271691634997e-07,8.265525495672436e-09,4.91990263236138e-11,4.3212553124196485e-09,6.309463424268597e-08,0.9844944794588447,2.235572187408856e-05,8.082801032206884e-06,0.012372168681321457,2.697023200486601e-06,2.7488201411426976e-08,7.943029612029274e-07,7.724756361576973e-06,6.786765306019115e-08,1.5158678548576129e-10,0.0007459360543016841,1.3678041030959786e-07,2.7319755686220743e-06,1.996570619563792e-06,1.1313876938758487e-07
16,6.4281439838447725e-06,1.442279032254677e-05,4.301638982780097e-05,0.0003479816124957288,0.0020260311028172362,2.0283250714352268e-07,8.105229389360789e-09,5.236493304851764e-11,4.772448826306123e-09,5.854312151722201e-08,0.9855760677148564,1.9534401298872472e-05,8.352977745181208e-06,0.011302070411719274,2.8962803095283806e-06,2.761981696065806e-08,7.614069682022847e-07,6.392185751723402e-06,7.208751503466833e-08,1.4428648986728185e-10,0.0006406958312886523,1.307465060117231e-07,2.710106911800195e-06,2.031841860290851e-06,1.0189804640400018e-07
17,7.108912286028869e-06,1.4269803095455561e-05,3.952664517348098e-05,0.0003537465255433767,0.0018845383416533745,1.7734453743037164e-07,8.140718316799598e-09,5.000337699659654e-11,3.80720929916671e-09,6.123083189519681e-08,0.9820336955575698,3.1524239003036944e-05,9.12552136461888e-06,0.01474136948119307,2.164032055041626e-06,2.6293324537076543e-08,9.138532957706526e-07,1.1218623362269001e-05,6.72419119129904e-08,1.7121607363218202e-10,0.0008653768562476046,1.5058878899775955e-07,3.0147748788797886e-06,1.7756737419844644e-06,1.362909941667196e-07
18,8.928372109576748e-06,1.7501845499822838e-05,3.6115328738808875e-05,0.00033472256148400125,0.0017364160793486647,2.1131120002308188e-07,1.0185954453495027e-08,5.2693399785340136e-11,5.385100759379579e-09,8.78494749390184e-08,0.9786363730992773,3.618570855544024e-05,8.882181878513942e-06,0.018239279631155556,2.423884244017509e-06,3.0209148761673245e-08,1.2270159931779167e-06,1.4841167611455874e-05,7.272369018767537e-08,2.094426298829475e-10,0.0009204163843856129,2.1051289555686182e-07,3.6294700913398624e-06,2.2036773497639535e-06,2.251526762246713e-07
19,5.968798100766463e-06,1.539822377669304e-05,5.799402120646583e-05,0.00041270396874602567,0.0025347414639365347,1.6141798591566882e-07,8.010100921096558e-09,6.430475700348668e-11,3.547334507483604e-09,5.1470910047578055e-08,0.9845476612476562,3.180988720136401e-05,1.184570718936377e-05,0.011614838000517982,2.2472828535214322e-06,2.584889757472963e-08,7.587887010950804e-07,8.179939623540847e-06,7.756535512652272e-08,1.4497004659970825e-10,0.0007519569469145397,1.3936731887249433e-07,1.8621518102025337e-06,1.4874803578901342e-06,7.865422994025543e-08
20,3.5673833844717154e-06,9.901116874695198e-06,3.654410528033255e-05,0.0002731062658483743,0.0014152348292931236,1.464764767983178e-07,8.667163024596071e-09,5.893567670444358e-11,2.868112332732052e-09,4.6527520341565014e-08,0.9896410796843114,1.1852224128387674e-05,5.068374076490126e-06,0.007634383108630145,6.230461940314384e-06,1.7913543279099028e-08,4.500560699597887e-07,2.622007869576029e-06,7.53220505076994e-08,1.1264041882095923e-10,0.0009550662430701593,1.925394199177566e-07,2.59203064958224e-06,1.739857379973424e-06,7.176533088728238e-08
21,6.064291050408966e-06,1.3527308615753263e-05,3.176035167873835e-05,0.00030792226473243516,0.002064115994319385,1.3116600963066805e-07,5.173100783648424e-09,2.7382864533008703e-11,2.3638603143832335e-09,6.164364276230701e-08,0.9821825356341818,3.329720083736322e-05,6.941437587210557e-06,0.014293944219217989,1.4269701916264237e-06,2.1736881512634064e-08,5.919901508563216e-07,1.123713193152407e-05,4.9554241921026466e-08,1.2245259245499563e-10,0.0010427964673671904,9.54221891142559e-08,1.962974601637379e-06,1.40371779197924e-06,1.0483598273162839e-07
22,7.875224305816583e-06,4.188092862619641e-05,3.8686905095824645e-05,0.0002714702665350166,0.0055823399074749576,3.930047258408648e-07,2.0461770726796013e-08,6.648849321817382e-11,1.4905167089932192e-08,5.7390174201678593e-08,0.9776386323702472,2.2534497538610393e-05,1.0212530960839892e-05,0.015788823208317787,6.309354600052081e-06,3.6877492221295965e-08,5.518771667361581e-07,5.379926804163669e-06,1.5156759456262264e-07,2.131129829552232e-10,0.0005764515881045305,1.633645216090637e-07,5.678727181486029e-06,2.020009098418288e-06,3.148268946308494e-07
23,6.51780543978834e-06,1.3958339171378236e-05,4.103103851780818e-05,0.00035285669505002515,0.0019260516757832653,1.9594271691634997e-07,8.265525495672436e-09,4.91990263236138e-11,4.3212553124196485e-09,6.309463424268597e-08,0.9844944794588447,2.235572187408856e-05,8.082801032206884e-06,0.012372168681321457,2.697023200486601e-06,2.7488201411426976e-08,7.943029612029274e-07,7.724756361576973e-06,6.786765306019115e-08,1.5158678548576129e-10,0.0007459360543016841,1.3678041030959786e-07,2.7319755686220743e-06,1.996570619563792e-06,1.1313876938758487e-07
24,4.739944107030658e-06,1.2293469285001457e-05,3.6182025446665405e-05,0.0004352277667390983,0.002811394352872073,1.472769978988735e-07,6.1978522872897805e-09,3.827620538112009e-11,3.2203983612988815e-09,4.2226025618576126e-08,0.9806107865897609,3.0018371618684223e-05,1.0570176901398966e-05,0.015441450478422726,1.5349778908862023e-06,2.8406297499866655e-08,6.352025069280007e-07,9.272179211179027e-06,4.9040233901279504e-08,1.292859454844844e-10,0.0005916885427196454,8.070117719024552e-08,2.3688040970049696e-06,1.3954515396730141e-06,8.44303364044431e-08
25,7.187331575266205e-06,1.8918620670906927e-05,4.736844779458949e-05,0.00036597096174188147,0.0022682189689129844,2.9789043776841926e-07,9.85473751275265e-09,5.011806134099513e-11,6.13666919555856e-09,8.355929981193473e-08,0.9798901833637733,2.457378206438991e-05,8.102890093868473e-06,0.016527617305278575,3.357909251678752e-06,3.122527165497865e-08,9.721070966500394e-07,8.600684350740125e-06,7.752592529885572e-08,1.9619829632187325e-10,0.0008221830125418109,1.7679993041177231e-07,3.408380100325625e-06,2.482457615599762e-06,1.7053854950505273e-07
26,1.0853532531885921e-05,1.2121266776190853e-05,4.145806036888448e-05,0.0005481930606985807,0.0019989521825954635,2.084395315141622e-07,6.8614838118253225e-09,6.79956173746302e-11,1.2438380827406357e-08,5.864259740387518e-08,0.987771718571258,1.056214509552202e-05,6.861705117139639e-06,0.009161385546622935,3.016132869945646e-06,3.115617116973241e-08,1.0501542223183108e-06,6.341094660941375e-06,4.786860635269187e-08,1.7231610790994473e-10,0.00041580131883011214,9.271826362220682e-08,5.541816842863809e-06,5.554409032869778e-06,1.3063713004284804e-07
27,6.265580877359836e-06,1.581444917352805e-05,3.6226147343627555e-05,0.00030616393284892693,0.0020289350537178365,2.1843326214973775e-07,1.2461890949818322e-08,6.097218446142823e-11,9.316824291524195e-09,9.625874862192165e-08,0.9827911729571059,1.5688167750144965e-05,6.448634833572795e-06,0.014121365606141746,5.320343813536111e-06,2.9155585344419634e-08,8.187307313074207e-07,5.524242739649861e-06,8.083527637061347e-08,2.104064077950445e-10,0.0006524333256006657,2.7090310452299304e-07,3.745217691290314e-06,3.1674344744431764e-06,1.92539085422244e-07
28,6.51780543978834e-06,1.3958339171378236e-05,4.103103851780818e-05,0.00035285669505002515,0.0019260516757832653,1.9594271691634997e-07,8.265525495672436e-09,4.91990263236138e-11,4.3212553124196485e-09,6.309463424268597e-08,0.9844944794588447,2.235572187408856e-05,8.082801032206884e-06,0.012372168681321457,2.697023200486601e-06,2.7488201411426976e-08,7.943029612029274e-07,7.724756361576973e-06,6.786765306019115e-08,1.5158678548576129e-10,0.0007459360543016841,1.3678041030959786e-07,2.7319755686220743e-06,1.996570619563792e-06,1.1313876938758487e-07
29,6.51780543978834e-06,1.3958339171378236e-05,4.103103851780818e-05,0.00035285669505002515,0.0019260516757832653,1.9594271691634997e-07,8.265525495672436e-09,4.91990263236138e-11,4.3212553124196485e-09,6.309463424268597e-08,0.9844944794588447,2.235572187408856e-05,8.082801032206884e-06,0.012372168681321457,2.697023200486601e-06,2.7488201411426976e-08,7.943029612029274e-07,7.724756361576973e-06,6.786765306019115e-08,1.5158678548576129e-10,0.0007459360543016841,1.3678041030959786e-07,2.7319755686220743e-06,1.996570619563792e-06,1.1313876938758487e-07
30,6.51780543978834e-06,1.3958339171378236e-05,4.103103851780818e-05,0.00035285669505002515,0.0019260516757832653,1.9594271691634997e-07,8.265525495672436e-09,4.91990263236138e-11,4.3212553124196485e-09,6.309463424268597e-08,0.9844944794588447,2.235572187408856e-05,8.082801032206884e-06,0.012372168681321457,2.697023200486601e-06,2.7488201411426976e-08,7.943029612029274e-07,7.724756361576973e-06,6.786765306019115e-08,1.5158678548576129e-10,0.0007459360543016841,1.3678041030959786e-07,2.7319755686220743e-06,1.996570619563792e-06,1.1313876938758487e-07
31,1.829900600463805e-05,1.8750185163250182e-05,8.430478205917318e-05,0.00048114871830203253,0.002852545429206203,1.6868182309624263e-07,1.1219540154208282e-08,1.2639427313828037e-10,5.234283855350535e-09,8.685574813611555e-08,0.981673206630416,4.2165436528803184e-05,1.5520585727637193e-05,0.013730623700397652,2.036999384183395e-06,3.485761767448288e-08,1.1754798881775638e-06,2.183487631651366e-05,1.4569730496366814e-07,2.978266784443941e-10,0.0010519234836293668,1.9838847545287492e-07,3.412408925381874e-06,2.209091612385413e-06,1.918274242382298e-07
32,6.5608199087990576e-06,1.4918411860829858e-05,4.391981668923424e-05,0.0003230233202902664,0.0020374468235404607,2.104072097273437e-07,8.92577750069237e-09,5.673224085252288e-11,4.1881891250636684e-09,6.243386439897817e-08,0.9847260502662977,2.3981747295027904e-05,8.8015175328949e-06,0.012009212898965104,2.996805102087721e-06,2.891918887306219e-08,7.65220357777093e-07,7.264755061543597e-06,8.882897731292988e-08,1.685760197887202e-10,0.0007897465976022039,1.5488305263069271e-07,2.823289131516128e-06,1.816314429319253e-06,1.1258436727824754e-07
33,7.016816743506512e-06,1.5820820715246622e-05,4.381434836006556e-05,0.0004546573581010982,0.0011953369928067328,2.466065684691603e-07,1.1192178205616799e-08,8.938178456243725e-11,4.962597107677002e-09,9.381911117431624e-08,0.9774371961755528,6.238140959222377e-05,2.6962646555523324e-05,0.02017219405778539,1.2196567500219866e-06,4.85654388654481e-08,2.729475344079848e-06,1.8073017411165582e-05,8.015605805495369e-08,2.1781578191309052e-10,0.000558264767448368,2.7653183189775336e-07,2.0043152526376154e-06,1.4725928705465307e-06,9.34077291628999e-08
34,5.9309248695690526e-06,1.4225700235277374e-05,4.316148592187562e-05,0.00046051352320045064,0.0019211221978154343,2.655535101753556e-07,1.0080224217408402e-08,5.317220578130235e-11,4.113138484379254e-09,6.986000100092322e-08,0.9812765685479243,2.9497966904955444e-05,8.898444389174451e-06,0.015299931139920267,2.842137704544163e-06,3.538708246426432e-08,1.0749257283645249e-06,1.0242195507182305e-05,5.8404239221443494e-08,1.754144882648567e-10,0.000920332427557535,1.4210650394470375e-07,3.0453981062055937e-06,1.905225775218979e-06,1.2202515347103768e-07
35,5.118674500239162e-05,3.0320956082481832e-05,7.553188325730012e-05,0.0006435928038596373,0.0022340180285845288,1.624517543969267e-07,2.0113719217460956e-08,2.682269798340485e-10,1.4379073785662541e-08,1.9520674295439355e-07,0.9830230349197949,7.002288055025134e-05,2.404154754439774e-05,0.012839077007789362,1.524201454618993e-06,6.589889229324584e-08,3.113609442293165e-06,5.157225981706483e-05,1.6989897597593873e-07,3.000752522629933e-10,0.0009459882520344297,3.0996024657591813e-07,2.6891136825985123e-06,3.0685927782080376e-06,2.787206181507499e-07
36,9.43421835067419e-06,2.7347700793335896e-05,4.077132533442714e-05,0.0007054230102039233,0.0012828839596768853,6.461040693127131e-07,3.2667055012267014e-08,3.3428638533946713e-10,2.4344710681845416e-08,1.583161395022996e-07,0.966980164387291,9.83825681301984e-05,3.719506650830895e-05,0.03016657497787356,3.8387504520717435e-06,1.3457936552407191e-07,1.0724594982976737e-05,2.013683978887012e-05,1.4054261346786388e-07,4.60496075422928e-10,0.0006059558452756391,9.76739228320155e-07,6.642131107463868e-06,2.1707381302858417e-06,2.3979813596226143e-07
37,6.38535029209407e-06,1.510105709749601e-05,4.124452551254474e-05,0.00035017443819162364,0.0020152384302444806,2.1426682210569546e-07,8.810862734939751e-09,5.220704689690022e-11,4.604331407026378e-09,6.425252994301455e-08,0.9842012093475069,2.312253373029177e-05,8.392090081600315e-06,0.0125489146949093,2.897915020838505e-06,2.884667347117487e-08,8.151632146709525e-07,7.367780493496963e-06,7.326330284374422e-08,1.5626589286617396e-10,0.000773727822274186,1.4476418502283891e-07,2.8491664408254023e-06,1.9046202501423197e-06,1.1604755910140188e-07
38,3.920235236826955e-06,1.184939234547123e-05,3.3456698875110025e-05,0.00030137173017522165,0.0012271675629680408,4.7182815681988506e-07,1.129067809303227e-08,5.7435856055314404e-11,2.1999729352420253e-09,4.6000737340466404e-08,0.9886576496332473,2.4853311501646882e-05,1.0177675636769079e-05,0.008713961796742333,3.968885658707234e-06,5.0220099405370584e-08,8.353051908470012e-07,4.827771598671467e-06,1.0448641375120396e-07,1.6712871445888024e-10,0.001000352859444899,1.089976423110831e-07,3.563076531302972e-06,1.1870516438124662e-06,6.176493768232417e-08
39,7.79481629797811e-06,1.5350312571892686e-05,4.626556163215735e-05,0.00047270839258805,0.002100079779704008,3.102919396785064e-07,1.4481253263349565e-08,9.3151145640695e-11,4.7233277959327965e-09,7.748386455242974e-08,0.9823222315635086,3.238665521205376e-05,9.766047691871253e-06,0.013589580443894859,4.220011226207131e-06,4.49481916709003e-08,1.1730948357095845e-06,1.04797227466354e-05,1.0614193940579831e-07,2.5182808829673624e-10,0.0013799294733871413,2.0397873345492225e-07,5.146298552736642e-06,1.9450106951507824e-06,1.804212257510659e-07
40,3.650667665636506e-06,2.5806706451417062e-05,7.941972712269432e-05,0.00017895498518260132,0.004039554137986547,2.7111478865615286e-07,6.5578822813824065e-09,2.30366637854868e-11,2.272261656562971e-09,4.9551777619170494e-08,0.9745649645309631,3.244500882131216e-05,6.653740169873956e-06,0.020211813005782744,4.027986734141576e-06,1.4257040299340474e-08,3.8263281783899914e-07,5.423426028963193e-06,1.0188594991417057e-07,1.6163330540299736e-10,0.0008433663283183136,2.0639982966239658e-07,1.4604148506830786e-06,1.3018614793451707e-06,1.2261542486941798e-07
41,5.8813160383698695e-06,3.3063644485042616e-05,4.976774038358514e-05,0.0005304759501624452,0.004703294265709643,3.109815728442531e-07,8.263193873095457e-09,4.822903776795699e-11,1.512201531928265e-08,6.372852650350124e-08,0.9813868780643388,1.5350667480360623e-05,1.0709408461141238e-05,0.01287111161818823,2.7855754977092707e-06,3.3355971741335e-08,8.441585052671212e-07,4.153793402628216e-06,4.6756087293915704e-08,1.0004499260327874e-10,0.00038027574368351837,7.807252879620457e-08,2.378959486849681e-06,2.37333648222527e-06,9.932952391186205e-08
42,6.714511153400433e-06,1.6852277807157284e-05,6.481910119685191e-05,0.00029830313137396225,0.0018478128494002655,2.0114576858498255e-07,1.0153777569204044e-08,1.228421711787821e-10,4.273051523371429e-09,8.115867631708049e-08,0.9864496569438257,3.0028724035896472e-05,1.0996207271677145e-05,0.01006747418560299,4.377591061196704e-06,2.930166197746719e-08,9.659662970199669e-07,5.123410825780712e-06,1.8650644421557466e-07,2.050040485084054e-10,0.0011919350123231094,4.012738872904126e-07,2.344054984309689e-06,1.5975282084749381e-06,8.436351843266423e-08
43,1.0713033077881157e-05,1.547779468566058e-05,7.680994998485799e-05,0.0005823301692429351,0.002490195170650396,4.367789174458799e-07,1.698243793707678e-08,1.385906761239102e-10,1.4987660911850578e-08,3.8282063936602917e-07,0.9777334667865105,1.3421267567394384e-05,7.967228602231527e-06,0.017734336765556528,6.329313505861048e-06,6.149014947103251e-08,1.2237784000972983e-06,7.996585478584164e-06,1.4937597276792468e-07,5.781836479550723e-10,0.0013075809815687432,4.588338442171362e-07,4.556542146547204e-06,5.867860329485057e-06,2.0478629593892838e-07
44,6.51780543978834e-06,1.3958339171378236e-05,4.103103851780818e-05,0.00035285669505002515,0.0019260516757832653,1.9594271691634997e-07,8.265525495672436e-09,4.91990263236138e-11,4.3212553124196485e-09,6.309463424268597e-08,0.9844944794588447,2.235572187408856e-05,8.082801032206884e-06,0.012372168681321457,2.697023200486601e-06,2.7488201411426976e-08,7.943029612029274e-07,7.724756361576973e-06,6.786765306019115e-08,1.5158678548576129e-10,0.0007459360543016841,1.3678041030959786e-07,2.7319755686220743e-06,1.996570619563792e-06,1.1313876938758487e-07
45,4.679229302431018e-06,1.0469097974759894e-05,5.5727739224832595e-05,0.0004857752353867555,0.001777007577503948,3.318735729162012e-07,1.8704837797387816e-08,1.3232009204756365e-10,4.865456818137286e-09,6.443844483344367e-08,0.9898062816325749,1.140601790854799e-05,8.50807511043761e-06,0.007099921702938802,9.924346120547286e-06,5.1527763309535045e-08,7.090084605168221e-07,3.095992260628782e-06,1.152726885390692e-07,1.815287266007577e-10,0.000720233956853942,1.736548954986134e-07,3.1113925586044748e-06,2.3238293280040066e-06,6.451498381694081e-08
46,8.683715231456316e-06,9.27379783080254e-06,4.106239503483741e-05,0.0006553197474724811,0.0005172726301698022,3.475792660180749e-07,6.163493221889875e-09,1.1683264033597385e-10,3.1314786614200874e-09,5.335337737994182e-08,0.9904576975863262,3.7534074748541073e-05,1.5174072554704507e-05,0.007443188542763804,1.7819559784599554e-06,5.5009900229633685e-08,3.911947174099796e-06,1.0293889008585673e-05,5.764175037233985e-08,1.3822299409873432e-10,0.0007926981147318438,1.2890044675538753e-07,3.231690785823647e-06,2.182824885903055e-06,4.0980534675108644e-08
47,3.081709046805382e-05,5.976450801342235e-05,7.132372992015418e-05,0.00023246236762151175,0.0016916883792738927,3.181289637719286e-07,2.711968897407182e-08,2.2367809761256434e-10,1.0588061092413548e-08,2.246688089205006e-07,0.9792285526327197,0.00014033732721157615,2.254165163485565e-05,0.01677133069994362,3.515438975815126e-06,4.838715997777885e-08,3.385386804865206e-06,3.064026412975135e-05,4.2586509573181845e-07,4.34891111560235e-10,0.001706169190548197,1.2265837498657876e-06,2.625992457426363e-06,2.1264158918250764e-06,4.369242880604143e-07
48,1.0127430110020247e-05,3.52757468410407e-05,6.360700007325313e-05,0.0005463117006414488,0.0008967679774206404,1.4284085024182438e-06,2.2457340856614726e-08,4.097460309713939e-10,7.21219704226794e-09,6.470441194519048e-08,0.991250312974011,5.639001640517469e-05,4.8400754694348184e-05,0.006151627580822017,4.157030230570975e-06,1.2727665817876213e-07,5.644999120126606e-06,5.4196187191665085e-06,3.3765213040588803e-07,2.0902314179583167e-10,0.0009185794497651842,2.1844433984826242e-07,4.045743286439281e-06,1.0821073254477676e-06,4.30961842402898e-08
49,5.561814633010548e-06,1.9458726709910017e-05,7.008677837031961e-05,0.0003107667624063779,0.00201055008283323,3.1370909067182196e-07,8.671032224671905e-09,4.973842660957215e-11,3.0334065345584482e-09,7.554436643156643e-08,0.9786159552898961,4.640160044663766e-05,1.075648452253588e-05,0.017799679055105638,2.82759723268291e-06,2.5424304973876446e-08,1.054023481365886e-06,1.0326949794761025e-05,9.722319648765777e-08,2.295103525567702e-10,0.0010920001017592882,2.5477024578157285e-07,2.0245142582189065e-06,1.6566541358848283e-06,1.14909522425538e-07
50,2.383963627427113e-05,2.6295244156443122e-05,6.696004342413745e-05,0.0004002987130672813,0.003947321030235155,1.8631396712484365e-07,6.674707587460543e-08,2.059204652034673e-10,2.0526445670469195e-08,5.542323450522949e-07,0.9673620409323015,2.363144849316982e-05,9.918692594252375e-06,0.02671994060058226,8.687342805425726e-06,6.122784883927204e-08,9.811201444993442e-07,2.4786535075608468e-05,2.961766982978615e-07,6.787433817389597e-10,0.0013728368019099535,1.0293303797372592e-06,4.402570958365422e-06,4.684433859282733e-06,1.1594146940062994e-06
51,8.42527214657731e-06,1.1504596106015796e-05,3.902011308185472e-05,0.0002779903157570853,0.0019473574427065956,3.37479827911256e-07,1.4055725192849823e-08,5.84595666318044e-11,3.6777695783196165e-09,8.089847336467492e-08,0.9801559574483317,2.793502337162176e-05,6.695694672157094e-06,0.016248635159915665,4.698619364281009e-06,4.453241123604256e-08,8.017612571794252e-07,1.317191030140101e-05,1.4427334650179248e-07,4.0006478497976486e-10,0.001247027833477779,2.0077274227063276e-07,7.395718252432105e-06,2.2607232253731444e-06,2.9621921188863967e-07
52,6.826066115310801e-06,5.3043527079163415e-06,4.1037362942211136e-05,0.00048587021580002575,0.001147081792157532,1.3995247676009284e-07,5.730598786303839e-09,3.9272025938008083e-11,3.279397019313904e-09,8.083148226685558e-08,0.9867019724280252,1.2979432805098217e-05,7.199347880320107e-06,0.011139204154411319,1.56512471110165e-06,3.140880834197619e-08,7.936292780050777e-07,1.101595487515778e-05,3.5597031077885174e-08,1.7103694414384912e-10,0.0004332470093552428,8.790885617332116e-08,1.9891014637458176e-06,3.462598390005407e-06,6.651012250336228e-08
53,5.383636297106847e-06,9.810182364809024e-06,2.1946877828979123e-05,0.0005836967764742962,0.002032968037094323,2.5645111639094316e-07,4.292619619027486e-08,1.0625780609009924e-10,1.0873771445031175e-08,8.497313693970322e-08,0.9829252868475876,1.2454862575327693e-05,7.5723520650936875e-06,0.013676689596119663,8.899012523792049e-06,6.459200142344292e-08,7.789126099159162e-07,7.956463442815997e-06,6.183382180972706e-08,2.7948802227699786e-10,0.0006941938184209829,1.6968517723018844e-07,8.310636211263505e-06,3.074100150162267e-06,2.861672663854795e-07
54,1.581132632878616e-05,8.455042774976503e-05,3.421977111532625e-05,0.0002531757060768938,0.0036676304806026612,3.8423736228141343e-07,2.67719879932304e-08,7.53049437693648e-11,1.480660848205535e-08,1.4360887743385113e-07,0.967698489675308,9.035612169602714e-05,1.4226903616869902e-05,0.02700453151165752,3.6633525473491807e-06,5.3383269772995364e-08,1.7091225791918878e-06,2.1176753467113312e-05,1.6166534124728932e-07,2.1575387306162758e-10,0.0011034061284453042,3.530537767228664e-07,3.6395840011189918e-06,1.655676804516154e-06,6.196397207478154e-07
55,1.3992725623320307e-05,6.654410366345098e-05,2.909466600556748e-05,0.00027185625610650504,0.005093175594734776,1.4132699993287365e-07,1.5173624930143784e-08,3.473623691103962e-11,9.029891864600385e-09,4.942769697611824e-08,0.9715462263700092,0.00016844757972289296,1.4694832676271725e-05,0.021957843967902516,1.2429651867385311e-06,2.7355741586626492e-08,1.1795108836361733e-06,4.0870807891487866e-05,6.621970007111795e-08,1.2369209407205368e-10,0.0007906947024060364,1.2177207162646467e-07,2.1265958551825055e-06,1.0682267268755127e-06,5.106304501319474e-07
56,6.275831270871266e-06,1.4417257417558455e-05,4.115284353641563e-05,0.0003417821019999705,0.0018889195487118765,1.865144771815518e-07,8.150621711384703e-09,4.986582821682698e-11,4.159831005716995e-09,5.844028548167792e-08,0.9852252195990472,2.3771930402772664e-05,9.368100610006241e-06,0.011760179155048397,2.423308274913158e-06,2.693867276476251e-08,7.884414720628085e-07,7.698052626859007e-06,6.804643706830701e-08,1.448557446093152e-10,0.0006731663295897738,1.2848957388929324e-07,2.421593526102829e-06,1.8331925117454294e-06,1.0177933299398567e-07
57,7.071239339747422e-06,2.2874426922733454e-05,7.926786665604162e-05,0.00024254321176059838,0.002735195133818283,2.458750239794609e-07,9.803927862968667e-09,1.0321482520788019e-10,2.7059708628685834e-09,6.536087813825463e-08,0.9821572096206872,6.97457311122834e-05,1.3917654213283087e-05,0.012926625522910242,3.3842858657147584e-06,3.013321921915535e-08,9.207517737664236e-07,8.50700061745701e-06,2.896738707405429e-07,2.6206642632572563e-10,0.0017282748966761278,3.9857291967698733e-07,2.3590551364049934e-06,9.533229730916422e-07,1.0778844513425377e-07
58,6.0380313595512215e-06,1.1450315691700365e-05,4.118059995645941e-05,0.00034423071812593497,0.0016413345440815684,1.739807835852504e-07,7.581275309937667e-09,4.630670458878213e-11,4.243887944126706e-09,6.300776676021787e-08,0.986237549760806,1.705476672594278e-05,7.087817133747291e-06,0.01103211719034425,2.939104608157181e-06,2.4712330328808e-08,7.111151437256025e-07,6.477948028539219e-06,6.000366978168552e-08,1.4745193539112308e-10,0.0006461801538241478,1.359885146123496e-07,2.5383312488378576e-06,2.5390859155761935e-06,1.0080501872011667e-07
59,5.947360841784203e-06,1.0813265372563154e-05,4.311153062828928e-05,0.0003518103072678587,0.0016797788580474645,1.6889411963919778e-07,7.0589629242919325e-09,4.3030599247221857e-11,4.209491230640569e-09,6.596877919991366e-08,0.986119864428957,1.5632394645909134e-05,6.191090337612171e-06,0.011104549649789049,3.065001254513995e-06,2.4194142590267314e-08,6.795755914923637e-07,6.348203741019472e-06,5.627949924669318e-08,1.460324779326676e-10,0.0006463564986037891,1.3218447480793133e-07,2.4724327494432828e-06,2.8197428137335158e-06,1.0068082570535587e-07
60,6.51780543978834e-06,1.3958339171378236e-05,4.103103851780818e-05,0.00035285669505002515,0.0019260516757832653,1.9594271691634997e-07,8.265525495672436e-09,4.91990263236138e-11,4.3212553124196485e-09,6.309463424268597e-08,0.9844944794588447,2.235572187408856e-05,8.082801032206884e-06,0.012372168681321457,2.697023200486601e-06,2.7488201411426976e-08,7.943029612029274e-07,7.724756361576973e-06,6.786765306019115e-08,1.5158678548576129e-10,0.0007459360543016841,1.3678041030959786e-07,2.7319755686220743e-06,1.996570619563792e-06,1.1313876938758487e-07
61,6.292909479099e-06,1.097408753761093e-05,4.781893988614499e-05,0.0003745007498893387,0.0017100959680510304,1.7484632041242304e-07,6.746437131934427e-09,4.6385554579348254e-11,3.881871779996295e-09,6.363940356645537e-08,0.98601902061354,1.6821826387563218e-05,6.718003619614951e-06,0.011105436219343514,2.8528938683776624e-06,2.3862621729990174e-08,7.147200168134415e-07,6.7990171855475895e-06,5.835092185178692e-08,1.484482117866863e-10,0.0006863307223386101,1.2937062894886857e-07,2.432559259288608e-06,2.6361727520530917e-06,9.370380637872241e-08
62,6.51780543978834e-06,1.3958339171378236e-05,4.103103851780818e-05,0.00035285669505002515,0.0019260516757832653,1.9594271691634997e-07,8.265525495672436e-09,4.91990263236138e-11,4.3212553124196485e-09,6.309463424268597e-08,0.9844944794588447,2.235572187408856e-05,8.082801032206884e-06,0.012372168681321457,2.697023200486601e-06,2.7488201411426976e-08,7.943029612029274e-07,7.724756361576973e-06,6.786765306019115e-08,1.5158678548576129e-10,0.0007459360543016841,1.3678041030959786e-07,2.7319755686220743e-06,1.996570619563792e-06,1.1313876938758487e-07
63,6.612583921024079e-06,1.5556173772102744e-05,4.090933198824906e-05,0.00033696766402481324,0.0019721850428647608,1.9732720108476986e-07,8.426192444151117e-09,4.867956385179404e-11,4.556747461070923e-09,6.322224219504126e-08,0.9845380400509215,2.300836819453322e-05,8.21296232349808e-06,0.012305489732647862,2.7353331655646375e-06,2.6617950008582447e-08,7.94390230527488e-07,7.5176319815940925e-06,6.891092528920493e-08,1.446392291043433e-10,0.0007367868914506825,1.4026849620704015e-07,2.6028490447284135e-06,1.955410616982132e-06,1.1605977845039942e-07
64,5.9085600585094185e-06,1.3505794741561935e-05,4.310678133071929e-05,0.00035235854915229757,0.0020175902562754562,1.8434146958104997e-07,7.960830007133622e-09,4.947422611348504e-11,3.4982118795891917e-09,6.038776777540867e-08,0.9858924811399649,2.127917081479524e-05,6.860758147460917e-06,0.010562132590999905,3.0747043809221955e-06,2.3931031587901413e-08,6.301134857540709e-07,6.4591267556390824e-06,7.117655447978103e-08,1.4759023254459745e-10,0.0010694378524990706,1.3252736794196717e-07,2.7190322718198885e-06,1.8691788102322868e-06,1.0237001320634974e-07
65,4.834494299694359e-06,1.2866186973609615e-05,4.416166420779021e-05,0.00034171194266751286,0.0018182421119014658,2.1611997233052934e-07,7.64718162334559e-09,4.529586354868807e-11,3.5518859703702575e-09,5.291453185939581e-08,0.9860792663311702,1.7111291447591886e-05,7.051172882208845e-06,0.010896664987745466,3.485352335057054e-06,2.3576421229420744e-08,6.657217340835214e-07,4.969535295629783e-06,6.435204517470335e-08,1.3305517500851532e-10,0.0007638244344818513,1.281386170371776e-07,2.6316855476995056e-06,1.928734475007984e-06,8.787382892956603e-08
66,7.522594304039402e-06,1.6422001809931043e-05,4.0103845879182134e-05,0.0003526870622493412,0.001890870213981294,2.7778699236746724e-07,1.173139665152062e-08,6.94500355723574e-11,5.942699212416654e-09,6.526257157333495e-08,0.9846134340178979,2.3143171356659763e-05,8.92353732129902e-06,0.012245330446520566,3.842052425265213e-06,3.4018299782392654e-08,9.523227224765796e-07,7.633897878683456e-06,9.103564012867729e-08,1.989441589805122e-10,0.0007820706501272603,1.6628495252446707e-07,4.062522312668929e-06,2.2033147758477064e-06,1.4601749084851563e-07
67,5.101027553228375e-06,1.1809128392776074e-05,3.635758973481284e-05,0.00033198080597398287,0.00148608600662235,2.5414168065922555e-07,7.72166710697467e-09,3.794442991922944e-11,3.3392238460217852e-09,6.044688310001328e-08,0.982468527172852,2.2846167310767865e-05,7.346260715309898e-06,0.014802032285593002,2.7760924469441088e-06,2.6613942266707415e-08,8.659798783723596e-07,7.98271626697859e-06,5.751403703999414e-08,1.7900821570788876e-10,0.0008101712965811459,1.3712796973389137e-07,3.349384216427648e-06,2.1015149124436754e-06,1.1944859300407712e-07
68,5.729844628858055e-06,7.141652006289726e-06,3.7464313906589476e-05,0.0007262512137201034,0.00119011028747937,1.9677187703886448e-07,9.92614397749677e-09,5.1008859937320326e-11,1.7771986180115247e-09,4.013487776389114e-08,0.9780741541830759,6.25911931484825e-05,2.1412589852333282e-05,0.018926589180438373,7.558424355803129e-07,3.874381821311831e-08,1.4413426358133547e-06,4.090586733560495e-05,3.3273885426526905e-08,2.2915033047141284e-10,0.000900327024633553,5.914972803175282e-08,3.5240637664532112e-06,1.1187510484091725e-06,1.0259219994611196e-07
69,3.704685812196973e-06,8.23406095457363e-06,3.724875216686097e-05,0.0001956052374562823,0.0007161321102407929,3.405442629358434e-07,5.787198453410107e-09,4.1159200812287064e-11,1.0600522561125708e-09,4.4854888011441646e-08,0.9863475078746794,3.1979815511937846e-05,9.584901147087366e-06,0.011285133156821859,2.3163040589416485e-06,2.1755589135812973e-08,8.284681516206327e-07,6.231853734657379e-06,1.166153941842255e-07,2.6318296230533346e-10,0.0013502886590575022,1.73593719397893e-07,3.2675478034305027e-06,1.1760934171005445e-06,5.596353906698168e-08
70,3.865077111245475e-06,9.304672778685307e-06,5.4711277098059774e-05,0.0022854048781697817,0.0033285665142633795,9.139349194279056e-07,1.2648234239178993e-08,6.779852897189293e-11,1.614027914408023e-08,1.2132456519300876e-07,0.9480206509104232,2.700958998215342e-05,1.769573894905462e-05,0.045784296355945414,1.978710942691651e-06,1.3962102642065934e-07,3.3589794146273893e-06,2.026128369777202e-05,2.198928685085463e-08,5.401963792689124e-10,0.0004274655574690558,7.94867181153731e-08,8.726859103176076e-06,5.256580650943005e-06,1.4126097653694435e-07
