,0,1,2,3,4,5,6,7,8,9,10,11,12,13,14,15,16,17,18,19,20,21,22,23,24
0,9.221926013793643e-08,7.096709668405569e-05,2.974410356992208e-07,6.26671188957419e-05,0.016415334444486108,0.00010518596890800724,0.00027695663534163593,4.971274163501275e-06,7.177245053487291e-05,4.9048251900414883e-08,0.9022655663786312,2.5428975680618493e-05,2.8106382715328932e-08,0.004072337295750739,0.00040469479616130007,2.027595857739592e-06,0.004522188847981454,2.7618161641719165e-06,2.9337151061770393e-05,1.5503554303443916e-06,0.0004950549031946165,0.00493881057322432,0.06568481001279235,2.4868631082231367e-05,0.0005222408630428086
1,1.4499855699602114e-07,0.00010006451051413767,4.922524789992418e-07,5.700369104893892e-05,0.02052681250458788,0.0001628090236184827,0.0003596393851816456,7.918629358561268e-06,0.00014348126916491677,7.216557759728221e-08,0.9115381187324747,3.1430422170183756e-05,4.0076249629709655e-08,0.003344891871471343,0.0007568527094865056,4.385960905951467e-06,0.004322217154419863,3.319499456381244e-06,6.456846476185153e-05,1.9754737739150133e-06,0.0006140986852298547,0.006386764249560555,0.05099923403758414,3.36968501234632e-05,0.0005399673822432808
2,1.304502819932449e-07,9.163876846576566e-05,3.2932268699890446e-07,5.25035606007004e-05,0.03237181406897275,0.0001112050612442091,0.00038195333840335935,5.641024596854809e-06,9.949025329292384e-05,5.476529928042059e-08,0.889044760569292,2.708373894130729e-05,3.968994344089913e-08,0.004519754588932832,0.0007729959701328326,2.8589414592977677e-06,0.004975375408145855,3.1108051489771795e-06,2.993988749549005e-05,2.521998214152055e-06,0.00047843422367086435,0.004580809087554052,0.06159012800587298,2.270225627860607e-05,0.0008347242150723309
3,9.12819948692692e-08,6.991542438367302e-05,2.918194663588585e-07,5.9951507074381517e-05,0.01669379710016861,0.00010737855374624558,0.00026801355481875414,5.032112027613176e-06,7.430261529138657e-05,4.6963629016226505e-08,0.9055484904257105,2.4702858042699214e-05,2.8787877536342e-08,0.003889419920757509,0.0004192820201403421,2.1198433742397286e-06,0.004568448846286184,2.7077377132552308e-06,3.0699901300709846e-05,1.567297165550223e-06,0.0004945495849419966,0.0049433667426685085,0.06227057690552377,2.513038238805808e-05,0.0005000878135082871
4,1.0044346708455111e-07,7.24619346914457e-05,2.9497110610181176e-07,6.37923354673357e-05,0.016723328457106463,0.00010477241676465053,0.00027247656555673964,4.68750930630116e-06,7.948008969229598e-05,4.53836474242514e-08,0.9031740633976005,3.025536726004881e-05,3.8079553290836036e-08,0.004171263632216405,0.0004007522274055748,2.0537349717827044e-06,0.005084086146490185,2.886594878628162e-06,3.1696003110072004e-05,1.6472934951213876e-06,0.000537512136498226,0.00526018746261823,0.06340997203335785,2.775832517721055e-05,0.0005443874585605529
5,9.745636532179153e-08,7.026398747364723e-05,2.596799876709109e-07,8.187703957981107e-05,0.0136122607942446,0.00010040822378095639,0.0002479095780202919,4.575365761047021e-06,6.761369897798352e-05,5.3884970471209834e-08,0.897444723457238,2.927584244400091e-05,3.031280202195882e-08,0.0050077324323685455,0.0003425395728824279,1.8395317313760775e-06,0.005525758372965115,3.9186741761780215e-06,2.6162455896410214e-05,1.6339956671826995e-06,0.00054048407753675,0.00603819299393003,0.07024843610220484,2.691652338941152e-05,0.0005770359456060002
6,9.12819948692692e-08,6.991542438367302e-05,2.918194663588585e-07,5.9951507074381517e-05,0.01669379710016861,0.00010737855374624558,0.00026801355481875414,5.032112027613176e-06,7.430261529138657e-05,4.6963629016226505e-08,0.9055484904257105,2.4702858042699214e-05,2.8787877536342e-08,0.003889419920757509,0.0004192820201403421,2.1198433742397286e-06,0.004568448846286184,2.7077377132552308e-06,3.0699901300709846e-05,1.567297165550223e-06,0.0004945495849419966,0.0049433667426685085,0.06227057690552377,2.513038238805808e-05,0.0005000878135082871
7,8.630924280702319e-08,6.977972059808807e-05,2.753485719441085e-07,6.151700187837158e-05,0.016701326927135243,0.0001062668102319979,0.0002642845325098726,4.981413127585057e-06,7.534918332116577e-05,4.615619086337912e-08,0.9053651827776361,2.4928592418480275e-05,2.8342594521278112e-08,0.003983419498561142,0.00043701688613627995,2.166860549365295e-06,0.004690701536699637,2.72784111234188e-06,2.9684125656705594e-05,1.5806614770197747e-06,0.0005122328466002548,0.005208350963062711,0.06192594452112035,2.4289883429964884e-05,0.0005078312601372364
8,8.717881859102544e-08,8.895451924904186e-05,4.139249928740512e-07,8.876796572577448e-05,0.014803366990266761,8.957567013889287e-05,0.00032782259610129676,4.6037980612238915e-06,3.847864373485316e-05,6.859010181981693e-08,0.8251420009852436,2.4688532005742453e-05,2.1502980853247106e-08,0.00510756670609061,0.00017108386127305221,1.2032566762196585e-06,0.0025661216457693137,1.4265457983507086e-06,2.0233517498840175e-05,1.6776683353152755e-06,0.00031145318168728837,0.00210084780316246,0.14863114001451033,2.816101549495933e-05,0.00045023388628202387
9,8.17089395240068e-08,0.0001089036441297539,5.272581365520575e-07,0.00013959916119831226,0.013061239057647169,0.00011534502485319065,0.00039051606935327994,5.022111435747865e-06,7.389735956321228e-05,9.178218766555619e-08,0.8323173457003087,4.338207869631332e-05,3.068907075871163e-08,0.005221108339753959,0.0003235784038162583,2.0286013978909857e-06,0.0035388264666535575,2.271207358832269e-06,2.5473130128191376e-05,2.11566928413909e-06,0.0007691923528352203,0.004748254541936917,0.13844438242386556,3.43949255385622e-05,0.0006323922919106193
10,9.12819948692692e-08,6.991542438367302e-05,2.918194663588585e-07,5.9951507074381517e-05,0.01669379710016861,0.00010737855374624558,0.00026801355481875414,5.032112027613176e-06,7.430261529138657e-05,4.6963629016226505e-08,0.9055484904257105,2.4702858042699214e-05,2.8787877536342e-08,0.003889419920757509,0.0004192820201403421,2.1198433742397286e-06,0.004568448846286184,2.7077377132552308e-06,3.0699901300709846e-05,1.567297165550223e-06,0.0004945495849419966,0.0049433667426685085,0.06227057690552377,2.513038238805808e-05,0.0005000878135082871
11,9.78250191231133e-08,7.101783510160472e-05,3.012107607637784e-07,6.139635659275868e-05,0.017094895730286042,0.00010648114339390915,0.00027183990924200104,4.959083845997752e-06,7.600928356649716e-05,4.7295013539408615e-08,0.9036021214682423,2.7055233481400366e-05,3.462941927765182e-08,0.003916183849733139,0.0004012370118788868,2.1506952994581877e-06,0.00477378337808675,2.75469373129362e-06,3.1718062617100365e-05,1.6921093491992488e-06,0.0005001222687122384,0.0048703184052893865,0.06364940791783075,2.752245881778768e-05,0.0005068521446888668
12,1.3887010829680674e-07,0.00010455747356438403,2.7463821370874307e-07,8.335614961330518e-05,0.029060190968480497,0.00015754143347582904,0.0002791284344217652,3.7506457409604664e-06,8.20936039107423e-05,7.142968473168927e-08,0.8480278365919857,2.35678996537944e-05,4.33494823086467e-08,0.008346694444395565,0.0003800318930859295,1.957947943607646e-06,0.010934180362642786,5.253709385964202e-06,2.424941311660688e-05,2.612500717677918e-06,0.0007156831529464702,0.005471557869247654,0.09516668346079415,2.4652533994687336e-05,0.001103891223392699
13,1.849894678704221e-06,0.0009555771390278126,2.1052400537782857e-06,0.00016642645610160793,0.13753506492167178,0.0012754108076643573,0.0011045359475193254,1.2238458968926768e-05,0.0009154428603152745,1.0733579868663383e-06,0.6564985441790933,3.8841242355013746e-05,1.782277794633613e-07,0.008327933491996394,0.0030089584093163516,2.1146376625689952e-05,0.038011999057044,3.564084564884875e-05,0.00030101853626879056,1.4546516159516762e-05,0.003136544889350049,0.018286105707682784,0.12489201042978251,0.00010321045225447008,0.005353596554654477
14,9.211527871554674e-08,9.076178519788441e-05,2.3442670496131466e-07,5.899169490293793e-05,0.018832701570041258,9.846076780962164e-05,0.0002872214443385115,4.807607076384421e-06,6.673001381259635e-05,5.624983475973568e-08,0.902718583721779,2.1363326504357888e-05,2.29552477519503e-08,0.004259478487206692,0.00036658448389526765,2.015522989257998e-06,0.003869515889085343,2.5302252359866215e-06,3.17413478583102e-05,1.6109176301829772e-06,0.0004147632728328111,0.004201030229691893,0.06419260645959525,2.520469073812128e-05,0.0004528907947120916
15,9.12819948692692e-08,6.991542438367302e-05,2.918194663588585e-07,5.9951507074381517e-05,0.01669379710016861,0.00010737855374624558,0.00026801355481875414,5.032112027613176e-06,7.430261529138657e-05,4.6963629016226505e-08,0.9055484904257105,2.4702858042699214e-05,2.8787877536342e-08,0.003889419920757509,0.0004192820201403421,2.1198433742397286e-06,0.004568448846286184,2.7077377132552308e-06,3.0699901300709846e-05,1.567297165550223e-06,0.0004945495849419966,0.0049433667426685085,0.06227057690552377,2.513038238805808e-05,0.0005000878135082871
16,9.408424840082992e-08,5.793569224314615e-05,2.9091024714873067e-07,4.8287061488637214e-05,0.016706426910212277,0.00011197843940284381,0.00019548252893395026,3.960815383767965e-06,6.547968075747745e-05,3.11062263623307e-08,0.918034603923902,1.5257510556688332e-05,2.371647510757908e-08,0.0030873060435708238,0.00031154119140904175,1.5836513745829505e-06,0.003882807268922831,2.175956502995117e-06,2.527466465858052e-05,1.273318789038244e-06,0.0002900205721364464,0.00296487612220232,0.05378528380049721,2.4427625286996946e-05,0.0003835774045711249
17,7.896672944173052e-08,6.23282302843856e-05,2.4665056629138864e-07,6.502917323284366e-05,0.01636374580563004,9.026048749237227e-05,0.00025864501468585377,4.6747270150545216e-06,6.211811066456638e-05,4.4063959382138716e-08,0.8940969081304218,2.6863956022455764e-05,3.2185666518784414e-08,0.004356771926223206,0.00035442324080243396,1.8882552073855993e-06,0.005355163112861103,2.6787510424156604e-06,2.468039182927825e-05,1.7094224533837766e-06,0.0005219340894194769,0.005206928547358454,0.0725965657060934,2.3980772255779097e-05,0.0005223002820827665
18,1.1958467650716506e-07,7.91872460066115e-05,2.932733537419727e-07,7.536859941687001e-05,0.023107538946578233,0.00012019659501813424,0.0003348186707688846,4.644613912572373e-06,7.917743427900423e-05,6.776349118376621e-08,0.8678774063512107,3.263144539027056e-05,4.643594314278743e-08,0.0064870172084593265,0.0004730734112905316,2.2253822631417103e-06,0.009033279059053666,4.958340070980596e-06,2.606525703466789e-05,2.3397735416415204e-06,0.0007754129817837394,0.006979123525474076,0.08345492796814667,2.4131912307140487e-05,0.0010259482205285436
19,9.421649510428765e-08,8.341747616613879e-05,4.144122031455508e-07,8.935571487714147e-05,0.014933513515269722,7.677013949937189e-05,0.0005102495228976794,6.545555420402115e-06,9.971825503379734e-05,5.5419234704358734e-08,0.900865331077905,6.120481332426372e-05,3.7789225793983304e-08,0.004255292614867228,0.0005570603389520341,2.6501275270826622e-06,0.004017994367801628,2.8115178570609046e-06,3.0244637591388893e-05,1.4648969018053463e-06,0.0007257060892040953,0.007996630913041428,0.06500385451255399,2.4550429134356062e-05,0.0006550316470159029
20,3.892031116180005e-07,0.000212828274345677,3.7460574735307665e-07,6.394919293955412e-05,0.07099929539359395,0.00029316891331326585,0.00024225092466953138,1.2239610731275856e-06,9.621105133105658e-05,8.684268233422773e-08,0.7272924473391222,1.3279555605635423e-05,6.684126537502551e-08,0.008683922285105299,8.050974289160129e-05,1.1004114762229624e-06,0.01114879550240788,4.109765660442347e-06,3.115144989220267e-05,3.4682624037168097e-06,0.0004420071737546071,0.001078831913835743,0.17818861670865802,6.194837929215225e-05,0.0010599663058214282
21,1.1248529254385556e-07,0.00010099568768641888,3.200208189959052e-07,8.759462760313632e-05,0.015363046039624784,0.0001079157160213617,0.0003554841971878454,7.436610624412248e-06,0.00011631499399024746,6.791425609887374e-08,0.9150656166265243,4.856499861480607e-05,3.608441351841227e-08,0.006257669003201923,0.0005058252106728966,3.9763101737016185e-06,0.0034906523480401626,3.7010119348493247e-06,3.823026865736671e-05,1.8426793018078485e-06,0.0006265055285971645,0.006821182149586821,0.05045629040010992,2.8533446647423158e-05,0.0005120856404175627
22,1.1349051385357435e-07,4.3698646855933645e-05,2.6064245415003827e-07,4.9320243013428406e-05,0.014964767028263553,0.00013167087343860572,0.00015099299100541566,4.176952357786531e-06,6.274706859285237e-05,4.2941614579999e-08,0.9184301920960156,1.3647653064480794e-05,2.8556170425835692e-08,0.0032528709891598536,0.0004020399422210205,2.0197096227777197e-06,0.008292750329336704,5.462664566916866e-06,2.5715843970378993e-05,1.6156605912594088e-06,0.00047841508024456364,0.00607044882947055,0.047066220679275114,2.5229516652380985e-05,0.0005255515715279276
23,9.12819948692692e-08,6.991542438367302e-05,2.918194663588585e-07,5.9951507074381517e-05,0.01669379710016861,0.00010737855374624558,0.00026801355481875414,5.032112027613176e-06,7.430261529138657e-05,4.6963629016226505e-08,0.9055484904257105,2.4702858042699214e-05,2.8787877536342e-08,0.003889419920757509,0.0004192820201403421,2.1198433742397286e-06,0.004568448846286184,2.7077377132552308e-06,3.0699901300709846e-05,1.567297165550223e-06,0.0004945495849419966,0.0049433667426685085,0.06227057690552377,2.513038238805808e-05,0.0005000878135082871
24,1.1626849030388054e-07,0.0001081132671199312,2.586707699549772e-07,8.935004548787373e-05,0.016970378504716208,0.00010786595376376676,0.00026358432020661836,5.202097051357156e-06,7.01945871767348e-05,6.58130573530363e-08,0.8845874403639516,2.8492852056946545e-05,3.181349047376423e-08,0.006454341531968997,0.00029339035298052207,2.07526570936476e-06,0.005394868074479876,3.4157115116130732e-06,3.187504741030993e-05,2.0713795150319498e-06,0.000480357975448971,0.004984413840394527,0.07956029044520589,2.9704716272139445e-05,0.0005321011017635167
25,2.0133066710841395e-08,2.010016138129239e-05,1.0098508416741318e-07,4.150872056130097e-05,0.005144234675948757,3.290409205139703e-05,0.00013492533938836977,5.637828146376037e-06,1.7823719717596662e-05,1.4421279967243116e-08,0.9545513641031516,1.1658640079004992e-05,6.653247494704925e-09,0.002506448959855338,0.00011196983495804719,9.457746297550085e-07,0.0011284915952023218,7.960568930487595e-07,1.0906194173112014e-05,5.081645936777285e-07,0.00015153916281775514,0.0019857953167273894,0.03404746265719211,1.23824163532687e-05,8.245439349984449e-05
26,1.6472040050316187e-07,5.510768042384187e-05,3.12789660427148e-07,4.1223777028480155e-05,0.018517359109230726,0.00014825752954940213,0.00010854326464581064,2.2255891954131206e-06,6.705467322781572e-05,3.364196795435491e-08,0.8864697362093626,1.1634821491499402e-05,4.320020029173367e-08,0.0021151662217481046,0.00014496210154619146,1.2369646332162684e-06,0.0071888344572550835,3.0684606013265406e-06,3.5895924456753256e-05,1.8925344050260343e-06,0.00033151281401517125,0.002638872789001223,0.08173167670848105,6.177603252652755e-05,0.00032340798494570307
27,6.943217180712563e-08,5.53512714995704e-05,2.3699849771181448e-07,5.700298839843944e-05,0.012239311854291031,9.217964931258365e-05,0.00022219175776874047,5.676120061719767e-06,7.297110962111708e-05,3.8270896915543764e-08,0.9232478628134093,2.3875841248219863e-05,2.3769980798719032e-08,0.0032919698474461034,0.0005109968990500938,2.292709920550268e-06,0.004234748168178504,2.6811344419328966e-06,3.062831246842202e-05,1.3159965899204995e-06,0.00048213491005965356,0.006845687202752933,0.04816207705285502,2.2418725489916333e-05,0.0003962571635891147
28,9.12819948692692e-08,6.991542438367302e-05,2.918194663588585e-07,5.9951507074381517e-05,0.01669379710016861,0.00010737855374624558,0.00026801355481875414,5.032112027613176e-06,7.430261529138657e-05,4.6963629016226505e-08,0.9055484904257105,2.4702858042699214e-05,2.8787877536342e-08,0.003889419920757509,0.0004192820201403421,2.1198433742397286e-06,0.004568448846286184,2.7077377132552308e-06,3.0699901300709846e-05,1.567297165550223e-06,0.0004945495849419966,0.0049433667426685085,0.06227057690552377,2.513038238805808e-05,0.0005000878135082871
29,9.12819948692692e-08,6.991542438367302e-05,2.918194663588585e-07,5.9951507074381517e-05,0.01669379710016861,0.00010737855374624558,0.00026801355481875414,5.032112027613176e-06,7.430261529138657e-05,4.6963629016226505e-08,0.9055484904257105,2.4702858042699214e-05,2.8787877536342e-08,0.003889419920757509,0.0004192820201403421,2.1198433742397286e-06,0.004568448846286184,2.7077377132552308e-06,3.0699901300709846e-05,1.567297165550223e-06,0.0004945495849419966,0.0049433667426685085,0.06227057690552377,2.513038238805808e-05,0.0005000878135082871
30,9.12819948692692e-08,6.991542438367302e-05,2.918194663588585e-07,5.9951507074381517e-05,0.01669379710016861,0.00010737855374624558,0.00026801355481875414,5.032112027613176e-06,7.430261529138657e-05,4.6963629016226505e-08,0.9055484904257105,2.4702858042699214e-05,2.8787877536342e-08,0.003889419920757509,0.0004192820201403421,2.1198433742397286e-06,0.004568448846286184,2.7077377132552308e-06,3.0699901300709846e-05,1.567297165550223e-06,0.0004945495849419966,0.0049433667426685085,0.06227057690552377,2.513038238805808e-05,0.0005000878135082871
31,1.6330641049890558e-07,8.849545480438137e-05,5.364376697499405e-07,7.192461568373691e-05,0.01552147582299828,0.00011237028057382512,0.00036824577363443723,1.0560270293445168e-05,5.7155129735989574e-05,8.938524848611645e-08,0.8911553666748437,2.3617990230068764e-05,2.64647062616754e-08,0.004504733008183636,0.0002945554857226696,2.0275923174640032e-06,0.003937866497289581,3.295017244243659e-06,4.2326622060484694e-05,1.75568277390532e-06,0.0004028395443406592,0.003799147522382852,0.07911704659885613,2.819010992395713e-05,0.0004561887120715481
32,9.95456834823877e-08,7.524721214993422e-05,2.9981830066180746e-07,5.6047947148831066e-05,0.016117505054902427,0.00011263398139466607,0.00026519603028784595,5.299066567616051e-06,7.782538674480108e-05,4.907014023828788e-08,0.9096300349439799,2.4869542064154287e-05,2.976033341778559e-08,0.00363173598882145,0.00042891842630658473,2.2007454630159194e-06,0.004399580425924684,2.6807552422298956e-06,3.863613426691206e-05,1.537396875170583e-06,0.000494318962508883,0.005059383838892513,0.0590867301919132,2.7911650130879485e-05,0.00046122812395664074
33,3.802278996776171e-08,3.619698413943333e-05,1.1240757602297852e-07,6.177051032717365e-05,0.009560269322782214,8.191761944639313e-05,0.00012331085058194137,5.04338262186703e-06,2.6082247777805582e-05,3.958788472381757e-08,0.8940516430905797,1.3598438476143018e-05,2.655739131882906e-08,0.004424921286028981,0.00011729828201796776,1.6831925608902472e-06,0.0060820116010035855,1.922324707511951e-06,2.311792812455338e-05,1.646226651358511e-06,0.00035709760681092986,0.0044361055120622165,0.08038647035957569,2.76651970647126e-05,0.00018001146101674235
34,4.490488713696759e-07,0.00014162614937737796,5.910135138874746e-07,2.1786218028712415e-05,0.016156245682907168,0.00016066384938028284,0.0001985720419851512,5.2204470485170675e-06,0.00034966034903748474,1.858631346268949e-08,0.9599694382877718,3.1941716360502674e-05,5.5118527290114055e-08,0.0013921899439359561,0.0006210284295309045,2.187243992529312e-06,0.00261837117444197,2.9274226439225237e-06,0.00022261687025177754,7.161355937535426e-07,0.0003586743089455131,0.004015997938337156,0.01341521033715507,5.868086864675661e-05,0.00025513081740148933
35,3.3327377326406167e-07,9.023861045892313e-05,5.927188535161879e-07,8.755928828027223e-05,0.016626101382358337,0.00011409435134376793,0.000498936070406312,1.2389523787333398e-05,0.00016776183410526857,8.294498724175307e-08,0.9190035630940593,5.2104316909766754e-05,4.4056692930832157e-08,0.004293262638872698,0.0005341276195687475,3.3860725076672942e-06,0.006270459682268955,1.1330279850116184e-05,5.756870885567024e-05,1.506795306008834e-06,0.0007467505249429328,0.010419863179925255,0.04023924613274528,3.5056689521860606e-05,0.0007336402096183528
36,1.1514149981721133e-07,5.878314920443241e-05,3.408001750540615e-07,6.932176234959714e-05,0.01045034414428765,5.439681957123607e-05,0.000449834017396801,1.720286257359044e-05,0.00010354189257341916,3.702548804220244e-08,0.937247629652576,0.00010023419486050472,6.926163666114035e-08,0.0040577199115979555,0.0007973853978023622,4.884195461828542e-06,0.0046932815267513705,3.2145129914316362e-06,5.590028079906547e-05,1.5769234997504669e-06,0.0005690307020540635,0.01269068627514957,0.02808295941029606,2.1628855641722633e-05,0.0004698812837616801
37,7.998191786482716e-08,6.664324076519255e-05,2.7726130647799087e-07,5.801206748402941e-05,0.017063235595466332,0.00011152858561965683,0.00026332695157814043,5.192413614581674e-06,7.716745319299157e-05,4.30495222992143e-08,0.9097805290280744,2.4306672411693238e-05,2.8929552017832453e-08,0.0038708330548251984,0.0004879017315671857,2.323294272631383e-06,0.004538409740345481,2.4871352780406704e-06,3.0129285344438493e-05,1.5664459871395036e-06,0.0005119647530451451,0.005025599830159631,0.057556307008716404,2.2781463377915165e-05,0.0004993250265752145
38,2.3055188060601113e-07,0.0001165174163662618,6.223562333019264e-07,3.9036790500301275e-05,0.029804759358424544,0.0002357468552642983,0.0004540396696849645,5.5625134833125225e-06,0.00014687106997004467,7.336606092180775e-08,0.913783975535695,2.148498550236234e-05,3.307447006248054e-08,0.0033503870844890245,0.0008567866925657445,3.372752089853628e-06,0.002961480366575162,3.239783331753072e-06,6.568962872805771e-05,1.347069802473785e-06,0.00042671771114257204,0.0034536848226650843,0.04351999822752239,3.3188147998704303e-05,0.0007151541695529657
39,8.667654525450756e-08,4.966822853725253e-05,3.82390181540708e-07,5.532065391216028e-05,0.015196732077919354,0.00015443562037855066,0.00025243374766712877,7.108318080683806e-06,7.660946080163711e-05,5.0915270329017954e-08,0.9101544206189641,2.240268853607264e-05,3.735874802674536e-08,0.003057451148230511,0.0005062006839546511,2.810086773828215e-06,0.006073503472754563,3.0271587518773736e-06,4.105051395864955e-05,1.644547631848409e-06,0.0006918491419359284,0.005831270232687264,0.057328012015838446,2.688708302677862e-05,0.00046660515891364394
40,1.411924538876983e-07,9.67084631693255e-05,6.007564986849782e-07,5.5720194527789454e-05,0.021519563933396293,0.00013209779312020077,0.00047738554517246,4.759892143775171e-06,0.00014359277551137216,4.627272346005214e-08,0.9072662862628046,4.863171004214854e-05,4.738121116384307e-08,0.004254084600192021,0.0009618414402757157,2.3164013256698565e-06,0.0037279781719722913,2.8192015068367455e-06,3.6805656808259166e-05,1.3957547958529068e-06,0.0006367674435424866,0.00568959897765804,0.05388490058823817,2.39562817597136e-05,0.0010319533091499977
41,1.9284703677614664e-07,9.071980300552775e-05,5.13782613321093e-07,3.43150111423379e-05,0.068095364635435,0.0001336114885227005,0.0004804627764400908,4.7846334340410335e-06,0.0002241637762459191,2.6176533945724088e-08,0.8921963491966659,2.0922845684172437e-05,4.820601889604806e-08,0.002128040198018839,0.0011270353880702896,4.431777209353341e-06,0.002992529332086567,2.043000618260567e-06,2.6640579385753027e-05,1.9204484554936275e-06,0.0002763740111232568,0.002102696076526823,0.029357587331128525,2.2825489551239156e-05,0.0006764011890470093
42,5.363543437188632e-08,4.529177732659054e-05,2.8492698217360433e-07,5.917008086038862e-05,0.006666906790408664,0.00010263483684800381,0.0002144950620899987,1.2875204492721736e-05,7.193183336142838e-05,5.350104302108447e-08,0.9281903756569465,3.509352673969899e-05,3.194291429230004e-08,0.002190518533050686,0.0006926577797009302,4.492312627240566e-06,0.004530185381080758,2.4352684785538575e-06,7.704396929466425e-05,1.4524037401468663e-06,0.0007493200104197364,0.013041697874469776,0.04303236718854299,2.939864592192387e-05,0.00024923185722477894
43,8.771758269857504e-08,8.147422805441448e-05,3.6729385525294353e-07,8.288663537857832e-05,0.01719852155903301,0.00027519563495844004,0.0002799384885195205,9.146421725364949e-06,8.078731517663959e-05,2.1426897479920545e-07,0.8333550906244339,2.116491220149278e-05,4.167095478339053e-08,0.005352195773698315,0.0006446108212963365,5.08817631749289e-06,0.011979388651725691,6.413738952294902e-06,6.550273246508664e-05,3.7154569885078777e-06,0.001603240615657354,0.013735956684910226,0.11449067127700663,3.7975657428254415e-05,0.000690323642704871
44,9.12819948692692e-08,6.991542438367302e-05,2.918194663588585e-07,5.9951507074381517e-05,0.01669379710016861,0.00010737855374624558,0.00026801355481875414,5.032112027613176e-06,7.430261529138657e-05,4.6963629016226505e-08,0.9055484904257105,2.4702858042699214e-05,2.8787877536342e-08,0.003889419920757509,0.0004192820201403421,2.1198433742397286e-06,0.004568448846286184,2.7077377132552308e-06,3.0699901300709846e-05,1.567297165550223e-06,0.0004945495849419966,0.0049433667426685085,0.06227057690552377,2.513038238805808e-05,0.0005000878135082871
45,5.497938189249481e-08,3.1967797238620986e-05,2.8893816085112045e-07,3.7110966532597774e-05,0.009854613906729945,7.854387843509139e-05,0.00023898015132150266,9.125578590826336e-06,6.542519120884974e-05,2.367293510622062e-08,0.9588214738264736,1.7619636853236144e-05,1.6059452468055372e-08,0.001692808069606083,0.0007266504107160834,3.083950921658327e-06,0.001787490855116692,1.624786243548618e-06,2.8532592126795543e-05,7.95596215625386e-07,0.00023267899450395426,0.004193721956650159,0.021940590654936074,1.5813414242795447e-05,0.00022096413540607677
46,5.7835760421809205e-08,4.168608588313296e-05,1.955790089014079e-07,6.916031379741944e-05,0.010484353520861269,0.00011179601516002859,0.00012797096142606556,4.262315114346274e-06,4.380549664227189e-05,3.67408536260234e-08,0.8926511329715914,1.8340854878607052e-05,3.7084018838538546e-08,0.0035689396983696843,0.0002671677080127036,1.7957004630222618e-06,0.009796463240420347,2.7388239577863476e-06,2.695327189962991e-05,1.8413623509385977e-06,0.0005700526050399696,0.006708486503723144,0.07509564998216378,2.7828888242517968e-05,0.0003792464403601971
47,2.5592822267067883e-07,0.00013222138499216412,5.365428680022251e-07,8.267574912906949e-05,0.02709746111088451,0.00012783706323188495,0.0005640823539839884,8.078880009662979e-06,0.00019588296934248725,9.305659309968416e-08,0.8643448231395574,9.599732140188537e-05,1.220252341085029e-07,0.0050296049683670315,0.0010381215145491111,5.732296341736637e-06,0.012063071642931937,6.258146923667067e-06,7.860005072437518e-05,3.423983889770642e-06,0.001355800254151152,0.016200824718754156,0.07015882472386502,4.2387340485649636e-05,0.001367282833565881
48,8.698553097908841e-08,0.00011082496704438956,1.8965678250408973e-07,4.800305228256801e-05,0.009783641085264475,0.00014220066025139223,0.00015198275243993232,5.09571969895266e-06,4.648938869840861e-05,6.760781366292651e-08,0.9011416276443186,1.4207348645201298e-05,2.3042228067929728e-08,0.003414103679449194,0.00016491182755709008,1.519573364731362e-06,0.00484994580733078,1.812925163228962e-06,0.00010449392247822893,1.303377778393814e-06,0.00038470611132506143,0.004629687317182209,0.07476521566603508,4.6459774010133984e-05,0.00019140010732677276
49,7.921145345575805e-08,6.30455786008986e-05,3.391819385308615e-07,7.308856586153412e-05,0.01203712674285726,0.00010955070439886836,0.00025233260328138315,4.814332944992816e-06,6.55920030682976e-05,5.199845123147911e-08,0.8960387830628908,2.9911877627274723e-05,2.9728245126731063e-08,0.0041627904819630255,0.00039293737015533856,1.927318811214511e-06,0.004335884227992458,2.6764377612816914e-06,2.803044069215697e-05,1.533284177299158e-06,0.0005472583002928973,0.0055753835924196565,0.07572330445926195,2.685334513080116e-05,0.0005266751497223836
50,1.2390099931129365e-07,0.00010092779718704673,4.83607383669156e-07,7.397328216632384e-05,0.02391914452621769,8.725109397154463e-05,0.0011088854938209368,1.1888438864489563e-05,4.805454172874501e-05,1.7212795077439786e-07,0.8385016044604393,4.9021528785086366e-05,3.56645130234467e-08,0.007654856720544565,0.0005044312074291051,2.562218383505746e-06,0.003902288650781434,3.104444420501424e-06,3.577283332683233e-05,2.08085742741029e-06,0.0006430498548034814,0.00554249463532728,0.11674480106400062,2.008924928446915e-05,0.001042901800242924
51,1.1327962419610775e-07,0.000253282885964803,2.379274641988235e-07,0.0001753052134443416,0.0049553859591148185,6.601545114141517e-05,0.00021284300343464303,7.1885787628546214e-06,9.077719654012692e-05,6.200850009180665e-08,0.9227168121258417,4.647319545699236e-05,1.0185388612684154e-08,0.007919453024004795,0.0003782880260196025,1.3611159229665319e-06,0.002894914417872194,3.7896047862725925e-06,4.8741083013723716e-05,9.150321451495393e-07,0.0004341464409150269,0.012238235752098875,0.04716924685455864,2.315314800473202e-05,0.00036324848997897573
52,1.4312627422919867e-07,2.7369091152815898e-05,2.4924249901891963e-07,2.7336152806399147e-05,0.0157150986350001,0.0002538398050438207,0.00010348684570745344,3.997394440502485e-06,8.706519086202427e-05,3.628297708594819e-08,0.9495296064489211,6.065926193302028e-06,2.0587499098850328e-08,0.0031488274844518626,0.0007269802534983358,2.662219660384596e-06,0.005619353362278446,1.0751617372403445e-05,2.365479580882161e-05,1.0954550201992889e-06,0.000253556066088727,0.004681405267339967,0.01921869464920847,1.9440913046453534e-05,0.00053926318684886
53,3.9502902502280395e-08,4.0261369281395345e-05,2.5581253438048725e-07,4.64075247687864e-05,0.018902876533648603,3.8776616803600216e-05,0.0007182896249741174,5.793992872257886e-06,4.8037316952695366e-05,3.38137468431805e-08,0.9091813718302998,3.6853084515514075e-05,1.766095972101749e-08,0.002814961671302902,0.0005008693392276034,1.8153172198944478e-06,0.00144853369733492,1.0781953510462288e-06,1.254867137593228e-05,9.531721634037187e-07,0.00033727662673342624,0.003284294679837405,0.06211777096832971,1.313594708641073e-05,0.0004477470297771882
54,2.7346665245306813e-07,0.00029894313725319175,5.575859966994849e-07,0.00010563018939962904,0.03708493997869125,0.00017778991448583783,0.0007104175065759642,6.494870563484716e-06,0.00018096870508320004,1.4613267591985381e-07,0.8420002883953913,6.219133397195221e-05,4.9893195463286565e-08,0.011046000992811411,0.001418199775257827,3.991431061165329e-06,0.006045093787115647,5.359572868896111e-06,5.1640976345859446e-05,3.111385713621982e-06,0.0008037347571166003,0.008459168372998075,0.0892128652041639,2.5729640192383237e-05,0.002296412994418152
55,3.8211832916606786e-07,0.00015220729719219586,7.452689207485178e-07,0.00010928858388806272,0.02273944462837965,0.00011260530967820712,0.000724291864059863,6.752383015220867e-06,0.000521219384061263,4.630947734843372e-08,0.9186157544030918,0.00018554957465152165,1.2912538924649384e-07,0.00427610603131814,0.0009166365277220183,4.504628250105965e-06,0.004728702184106835,7.71084002122104e-06,6.823171888534461e-05,1.6776611555898437e-06,0.0010816870598436604,0.010510108839477027,0.034041697098746715,5.20371435512969e-05,0.0011424840167879233
56,9.765405831222208e-08,7.095154622706849e-05,3.0475805440026284e-07,6.201181369757059e-05,0.016525837778935255,0.00010693652974290194,0.00027544055148292677,4.999497440281642e-06,7.723600546196162e-05,4.689522377567996e-08,0.9045416563900979,2.8360654867107437e-05,3.4793029575942354e-08,0.00399208364302834,0.00041062975232327234,2.1199928576418107e-06,0.004735371632440565,2.768461715619632e-06,3.2309283846126615e-05,1.6330548944608475e-06,0.0005144552509786642,0.00503344829884883,0.06303502026951754,2.720264546186588e-05,0.0005190428457678771
57,1.3163283596143156e-07,0.00010161424168778821,3.886338656522941e-07,7.980932327424724e-05,0.01888899077834548,9.863672121389784e-05,0.000418549716302721,8.22664616715654e-06,0.00011396148809986036,7.214061498306067e-08,0.8773911071869749,7.036515732620422e-05,8.499123762307334e-08,0.004524086336531695,0.0006275071727615929,3.877503238041518e-06,0.008174568100057475,3.4023870258325937e-06,6.181948263505806e-05,3.069290912422604e-06,0.0009097427094243893,0.010514474611837616,0.07722094667908096,3.677368179488031e-05,0.0007477933867534003
58,8.962754752964308e-08,6.230481164786673e-05,2.664591935120854e-07,5.3739984859872645e-05,0.014325408585839753,9.661670298397616e-05,0.00023057726689627313,4.309590033099589e-06,7.03301542059678e-05,3.781996897868701e-08,0.9124713486519416,2.543838126752498e-05,3.0274850045586145e-08,0.003269892255502007,0.0003129763195159976,1.7847692426717775e-06,0.0038288653540749524,2.315213499455487e-06,3.2693418444933116e-05,1.340692296887279e-06,0.0004278697528662736,0.004253111405015814,0.06011456183590308,3.046950241771393e-05,0.0003836211699841902
59,8.376909722998991e-08,5.999896922621076e-05,2.9969173388300945e-07,5.313152960139795e-05,0.014150492255851167,9.719273392204845e-05,0.00023422675534171428,4.496708782448774e-06,6.858300027002801e-05,3.908114663391996e-08,0.9115896368853091,2.312992027513968e-05,2.608494143310039e-08,0.002931378543249323,0.000343560314636363,1.8199365119188596e-06,0.003571650462302555,2.1494464994419982e-06,3.083413399600364e-05,1.3589468597472436e-06,0.0004298035819730934,0.004197450982290264,0.06180444463000332,2.9053522329609786e-05,0.0003751581138498014
60,9.12819948692692e-08,6.991542438367302e-05,2.918194663588585e-07,5.9951507074381517e-05,0.01669379710016861,0.00010737855374624558,0.00026801355481875414,5.032112027613176e-06,7.430261529138657e-05,4.6963629016226505e-08,0.9055484904257105,2.4702858042699214e-05,2.8787877536342e-08,0.003889419920757509,0.0004192820201403421,2.1198433742397286e-06,0.004568448846286184,2.7077377132552308e-06,3.0699901300709846e-05,1.567297165550223e-06,0.0004945495849419966,0.0049433667426685085,0.06227057690552377,2.513038238805808e-05,0.0005000878135082871
61,8.766387815783615e-08,6.172195258589175e-05,3.072502745582163e-07,5.36128847858328e-05,0.014704457290636939,9.74247023021643e-05,0.0002499638901062896,4.6901765322902625e-06,6.954477290820521e-05,4.092095969700144e-08,0.9107175053036123,2.4341261032768923e-05,2.812489498459871e-08,0.0030371777777759824,0.0003582881586873049,1.8695706889166585e-06,0.003657807976995411,2.2382514357486513e-06,3.153499927704116e-05,1.4031616583047188e-06,0.0004340715702069954,0.004267303367642215,0.061798506456806485,2.897981710958595e-05,0.0003970926972058964
62,9.12819948692692e-08,6.991542438367302e-05,2.918194663588585e-07,5.9951507074381517e-05,0.01669379710016861,0.00010737855374624558,0.00026801355481875414,5.032112027613176e-06,7.430261529138657e-05,4.6963629016226505e-08,0.9055484904257105,2.4702858042699214e-05,2.8787877536342e-08,0.003889419920757509,0.0004192820201403421,2.1198433742397286e-06,0.004568448846286184,2.7077377132552308e-06,3.0699901300709846e-05,1.567297165550223e-06,0.0004945495849419966,0.0049433667426685085,0.06227057690552377,2.513038238805808e-05,0.0005000878135082871
63,1.0545184315098367e-07,9.19122566159838e-05,3.161928986023975e-07,6.466310910884651e-05,0.018138753745605092,0.00011366796943195749,0.0002829133989932932,4.851133898628689e-06,8.163750638744046e-05,5.4404948104089457e-08,0.8970450816835042,2.6329570245173108e-05,3.021776262348564e-08,0.004091594641675024,0.00044455246334848916,2.161142781836619e-06,0.004688568807976064,2.708424868143591e-06,3.535960851195536e-05,1.7458714280667803e-06,0.0005238548559372942,0.005051301798288024,0.06873406718839016,2.786552449627585e-05,0.0005459030310555384
64,9.004836697823429e-08,7.853196071892408e-05,3.152088839636788e-07,7.051146548317325e-05,0.01684271209856665,0.00012016745645624666,0.0002912387694716679,5.047751179717881e-06,8.181907693319729e-05,5.895205133831859e-08,0.8879228743116285,3.098335258599009e-05,3.4946593837062636e-08,0.004557763218469134,0.0004607037834992053,2.267856857714836e-06,0.005477455278602553,3.0837176103006378e-06,3.3351251899413884e-05,1.8484824048318737e-06,0.0007399718348826232,0.0062667917191033965,0.07637829543284685,2.765556714168384e-05,0.0006064264577623248
65,8.569713713961912e-08,7.278877189272855e-05,3.1569648867331657e-07,6.628150060211182e-05,0.01660964770968308,0.00011172901166692815,0.0003021623999293773,5.675517067293845e-06,6.596013552703836e-05,5.909335094363171e-08,0.8939433916921025,2.4869407745780176e-05,2.687785130281643e-08,0.004388608460152986,0.00042985400113969383,2.1528610164954903e-06,0.004560317922680184,2.70136644890836e-06,2.9698655381315027e-05,1.704112932720626e-06,0.0005446224729700319,0.005023957889250721,0.07324606871001672,2.3799977980007887e-05,0.0005435200589855164
66,6.044362056638633e-08,8.965260304850907e-05,1.9127206528508984e-07,9.953253348260608e-05,0.008566349455241344,5.798333542335188e-05,0.0003141530374108197,7.881144015218263e-06,7.038119732055558e-05,3.638865881969909e-08,0.9282099507772787,4.675407278633556e-05,1.6435238898057545e-08,0.007001369300411766,0.0004765460826908385,1.9646007192513473e-06,0.0027279617910154668,2.36687718311418e-06,2.5684178338193127e-05,9.026338069666107e-07,0.00038964698371813733,0.007734282264179573,0.04372710847327292,1.3606483836190163e-05,0.0004356176352365563
67,6.86043288051251e-08,5.081999158088081e-05,2.521154248677261e-07,6.643942791298897e-05,0.014460561635841225,0.00013195863186867742,0.0001851125669020182,4.044490884846104e-06,5.320191247139567e-05,4.59364106191567e-08,0.8876124704187348,1.8975106911069475e-05,3.1462589726636385e-08,0.0045602236989808614,0.0002898026896813578,1.828744923031311e-06,0.005721249535934467,2.6814739333961364e-06,2.302453263095949e-05,1.77504857179407e-06,0.0005111348752719956,0.004186376944134663,0.08161929166985436,2.620151226163133e-05,0.0004724269719595545
68,1.0669556577755497e-07,7.159363285767222e-05,4.985449909127125e-07,0.00010964498700890829,0.010013559036496394,0.00011757898182966904,0.00025340967019360386,5.284095004456746e-06,7.609847101614268e-05,6.554392287717186e-08,0.8739863158296453,3.4162395289437416e-05,2.769700552192531e-08,0.004359901336092238,0.00019861035762546637,1.7667857474146252e-06,0.00436667487450086,3.4997632604087684e-06,2.900966056970371e-05,1.4955236130557874e-06,0.0007979473579712918,0.005234724828786259,0.09986151463102048,3.93042923936709e-05,0.00043720500759260593
69,1.2619060476685259e-08,2.1635284577280406e-05,1.1899298026990188e-07,3.459133202101922e-05,0.005166352839373156,3.9527744422245834e-05,0.00010568742265583932,3.2216319244859775e-06,1.4243060595750874e-05,1.6448453583058228e-08,0.9197841597591807,8.64008178646866e-06,5.525866721731229e-09,0.0013110217510484037,0.00010589466776681419,7.560566365780778e-07,0.0007852617547471984,3.454344961560479e-07,1.2562315840083843e-05,6.015059726326752e-07,0.0002009585391107768,0.0013781436283536801,0.07094402868877814,2.011144446425505e-05,6.21014698873762e-05
70,2.9511130643007185e-07,6.953452650083815e-05,1.1294920917043125e-06,0.00016190271312637708,0.034739777261870115,0.00011004680576575982,0.0007989367982380709,2.8300102256186446e-05,0.00012642289069374728,9.309154687316315e-08,0.8941130538138933,5.4675661577683615e-05,7.926765679589917e-08,0.010563326609331814,0.0011971065813321368,9.407797632366662e-06,0.008566798321114205,9.504465431013206e-06,1.3170835107528093e-05,5.289498922928685e-06,0.0003507695418853746,0.00646078269117172,0.040892792443083935,1.2535508636597538e-05,0.0017142681698262647
71,1.2621054549026024e-07,0.00021009772270070748,2.376616083948119e-07,8.798934362405216e-05,0.08577809286141556,7.8068917391029e-05,0.0005447867550486329,4.9962050125607795e-06,9.317522671012921e-05,1.2270010385711215e-07,0.6755201863034468,4.044703988511799e-05,7.95040168348711e-08,0.007626341841222435,0.0004731653075945105,4.186228374386053e-06,0.007913176074074253,2.068657262562118e-06,2.3935331726038718e-05,1.2295515155437236e-05,0.0006736291549460395,0.0035080856213878958,0.2162457260225458,3.3501597088334847e-05,0.001125482197113209
