,0,1,2,3,4,5,6,7,8,9,10,11,12,13,14,15,16,17,18,19,20,21,22,23,24
0,8.679128839648038e-06,2.4308607870238877e-05,7.229401280172741e-05,0.0004267956042090595,0.002704385718815552,1.0212149693033166e-06,1.518565772246983e-08,9.36925383835443e-11,1.000655939534459e-08,1.0013389426279409e-07,0.9834671555379211,2.0532957644765566e-05,1.382566327064694e-05,0.012536223002895697,5.5908012283787e-06,6.949170555905326e-08,9.86353515842906e-07,6.527215278182957e-06,1.684071602022638e-07,4.439456057485715e-10,0.0007020339752599031,1.3051323278166468e-07,5.355544308031616e-06,3.659883112983992e-06,1.3050221119277412e-07
1,1.0229462553335335e-05,2.518631820478696e-05,5.262149695584577e-05,0.0004960407472878628,0.003941467726732392,3.551427884924397e-07,1.1361673506650985e-08,7.594066455390602e-11,2.0410845604988846e-08,7.71880486889644e-08,0.9861892321997296,1.1228487887070096e-05,1.2241816027208842e-05,0.00898839622268755,3.242867548479291e-06,5.702647281289662e-08,8.757434330415782e-07,4.74582841495729e-06,8.653192437156533e-08,1.4855274193416114e-10,0.0002570591287054203,7.381050478968753e-08,3.1287996375238927e-06,3.514556685246713e-06,1.0690075793804095e-07
2,8.615817571166955e-06,2.050482946614903e-05,4.8217691174629875e-05,0.00038866031620448673,0.004283543766843728,2.930874485356102e-07,1.2145201316816671e-08,6.211118340485007e-11,1.858732730420612e-08,7.787049370328763e-08,0.9798518364063664,1.0165628790235242e-05,7.907617099737747e-06,0.015030263566333473,4.942409577577617e-06,3.284914878839977e-08,6.392149987389119e-07,5.490325359728582e-06,7.967042754642569e-08,2.601566290888532e-10,0.0003287993789957527,1.3395926249783267e-07,5.271343350290554e-06,4.263481703731758e-06,2.2971458654591403e-07
3,6.774659040386698e-06,1.9419507210760126e-05,4.197896089528225e-05,0.00037023108425515103,0.00274755671973333,2.736594024674938e-07,7.872386029752679e-09,4.2653754617764064e-11,8.45167647788808e-09,4.353303266163709e-08,0.9863280110277384,1.3420280866200147e-05,9.292260502509782e-06,0.010141243678617119,2.791997587800685e-06,2.981766566878038e-08,7.194357519930071e-07,4.887049304495529e-06,5.621855608299473e-08,1.143638097884136e-10,0.0003077462618676267,6.871212770772043e-08,2.902597369850602e-06,2.437668507852227e-06,9.838888693023578e-08
4,5.77858881359101e-06,1.89735100929578e-05,3.8556108180158626e-05,0.00035232597975531427,0.0024830578838965374,2.405804065762451e-07,7.009340751002761e-09,3.836764592848399e-11,7.0911377472454965e-09,3.669106608339588e-08,0.9870038224763147,1.487244297026559e-05,1.1170386885964468e-05,0.009786643574163886,2.132481997221004e-06,2.6938289882760362e-08,7.099982628992572e-07,4.798976122187311e-06,4.998136578323523e-08,9.911256165296353e-11,0.0002722141582709075,5.996704764554711e-08,2.416245410612173e-06,2.019221950753218e-06,7.957077722978682e-08
5,9.301835427707776e-06,1.4592197175407392e-05,4.3619236184846966e-05,0.000501187809732352,0.0025292428015945734,2.2480268713874027e-07,7.761753226434012e-09,4.3974095391011704e-11,8.232000748683211e-09,5.2721893008276726e-08,0.9841986294354357,1.6217798454067106e-05,9.50357613160305e-06,0.012336182879121043,1.97052107187177e-06,3.2891483840035534e-08,8.868270130711466e-07,1.0327072953923216e-05,4.2367578627650306e-08,1.5458030328466958e-10,0.00032113275467445565,6.320668623733763e-08,3.267741229556175e-06,3.378417039197355e-06,1.269141235780109e-07
6,6.774659040386698e-06,1.9419507210760126e-05,4.197896089528225e-05,0.00037023108425515103,0.00274755671973333,2.736594024674938e-07,7.872386029752679e-09,4.2653754617764064e-11,8.45167647788808e-09,4.353303266163709e-08,0.9863280110277384,1.3420280866200147e-05,9.292260502509782e-06,0.010141243678617119,2.791997587800685e-06,2.981766566878038e-08,7.194357519930071e-07,4.887049304495529e-06,5.621855608299473e-08,1.143638097884136e-10,0.0003077462618676267,6.871212770772043e-08,2.902597369850602e-06,2.437668507852227e-06,9.838888693023578e-08
7,5.768345648637408e-06,1.7458212068611333e-05,5.191793922381091e-05,0.00024153507513614906,0.0018140946139534012,1.4357277931453004e-07,4.3831600341693455e-09,3.46613212414442e-11,3.467155602808694e-09,1.9978825356717818e-08,0.9936692787447605,9.915054499719012e-06,1.3973965018405134e-05,0.004000198090904309,1.4395985053146278e-06,1.536069539384708e-08,4.248645948281096e-07,2.5687893259802378e-06,5.265612829121124e-08,4.6801082758913966e-11,0.00016887347037898478,3.3640490514841627e-08,8.539660058417182e-07,1.4012815125794126e-06,2.4847766138156904e-08
8,6.30375769814456e-06,1.1904931755989902e-05,3.605015345702946e-05,0.00042056292717503816,0.002960960322239186,1.4304011009842787e-07,7.359276094320637e-09,2.204865126528118e-11,1.6092443694227745e-08,7.328004118562937e-08,0.9791448214623029,4.0956151240521845e-06,2.9669711374990764e-06,0.017174991861341936,5.0853676857720875e-06,1.6532771269105054e-08,4.2759237175498615e-07,4.352034198296769e-06,2.2239145199808807e-08,1.2082133880891857e-10,0.00021286164225014655,9.357595018801083e-08,3.998585296976094e-06,9.965841824439093e-06,2.7867153324073555e-07
9,5.600266857397659e-06,9.652468507034471e-06,5.766752087453546e-05,0.0005106170901752416,0.0022715618045598476,2.1461723945070386e-07,4.580191235637681e-09,3.547019792998148e-11,1.0060800730527879e-08,6.353325931933348e-08,0.983841209834267,5.480627027575589e-06,5.737790276501147e-06,0.01304453525409726,3.139606963993262e-06,2.1532100364041654e-08,6.396340667942885e-07,3.740479246529029e-06,3.312101985465663e-08,1.522169703285441e-10,0.0002299809886258192,8.122665171366573e-08,3.2277849695014014e-06,6.6927615198344845e-06,8.722901544415186e-08
10,6.774659040386698e-06,1.9419507210760126e-05,4.197896089528225e-05,0.00037023108425515103,0.00274755671973333,2.736594024674938e-07,7.872386029752679e-09,4.2653754617764064e-11,8.45167647788808e-09,4.353303266163709e-08,0.9863280110277384,1.3420280866200147e-05,9.292260502509782e-06,0.010141243678617119,2.791997587800685e-06,2.981766566878038e-08,7.194357519930071e-07,4.887049304495529e-06,5.621855608299473e-08,1.143638097884136e-10,0.0003077462618676267,6.871212770772043e-08,2.902597369850602e-06,2.437668507852227e-06,9.838888693023578e-08
11,6.590284173430701e-06,1.9739570749092887e-05,4.2794042823977976e-05,0.0003848727003626919,0.002640009050743185,2.7910731483896947e-07,7.995381761381636e-09,4.736943954230168e-11,8.110843847520671e-09,4.125567770365863e-08,0.986905821618448,1.473502000754136e-05,1.1184520602413719e-05,0.009667192905219344,2.5653933216235724e-06,3.1839152406182964e-08,7.797606447282081e-07,4.9161376356203e-06,5.884565152590345e-08,1.1347633145335938e-10,0.0002932340327637657,6.626620287116648e-08,2.7469502131712695e-06,2.2380987440849603e-06,8.633247645031182e-08
12,6.48577783688505e-06,2.583560353726512e-05,4.164612265078453e-05,0.00039475227663810517,0.004924290792714862,3.4975431859820374e-07,8.820775872688476e-09,2.796896388773208e-11,8.716041239105374e-09,4.014828243360504e-08,0.9774347360775529,1.944110086168353e-05,9.149291403381732e-06,0.0167770045692181,2.4768059990485833e-06,3.068770885129289e-08,6.31952027070183e-07,8.030129278123587e-06,4.7011821914557504e-08,1.4780329173440382e-10,0.00034878633736490556,5.1257443471840384e-08,3.883032883738525e-06,2.1337336332527736e-06,1.798242352549989e-07
13,0.00012863327176572422,0.00019098400593505976,0.0003713120011679772,0.002021126250849516,0.01810646333609071,4.7521946324172035e-06,1.8398356308710394e-07,1.005724429565456e-09,2.5180403270161685e-07,1.5402360692181126e-06,0.9066419630834439,8.462081895579984e-05,3.316629951360279e-05,0.07025119656000788,1.5509635280570388e-05,4.4680231368890786e-07,8.665865973765755e-06,9.9282083759616e-05,8.08164302163827e-07,3.990041259772179e-09,0.0019937738233707022,1.285377856684185e-06,2.2008228958341917e-05,1.78367568879377e-05,4.184419503152123e-06
14,6.675114018339337e-06,1.9663412859941633e-05,4.136433052581761e-05,0.0003600863056391854,0.002738727361819432,2.7435380912806833e-07,7.76251017803744e-09,4.1568214918471885e-11,8.196053287258e-09,4.237589531466189e-08,0.9864621094034065,1.361083931450309e-05,9.352806605241103e-06,0.01002814155965425,2.7452264195439237e-06,2.9520659835909926e-08,7.069484893479686e-07,4.8109035386289e-06,5.6609670960655227e-08,1.117975096531631e-10,0.0003062291584007311,6.719673021318921e-08,2.84287954462772e-06,2.3515128153357425e-06,9.606825399143859e-08
15,6.774659040386698e-06,1.9419507210760126e-05,4.197896089528225e-05,0.00037023108425515103,0.00274755671973333,2.736594024674938e-07,7.872386029752679e-09,4.2653754617764064e-11,8.45167647788808e-09,4.353303266163709e-08,0.9863280110277384,1.3420280866200147e-05,9.292260502509782e-06,0.010141243678617119,2.791997587800685e-06,2.981766566878038e-08,7.194357519930071e-07,4.887049304495529e-06,5.621855608299473e-08,1.143638097884136e-10,0.0003077462618676267,6.871212770772043e-08,2.902597369850602e-06,2.437668507852227e-06,9.838888693023578e-08
16,7.0560347547951254e-06,1.7655668939232314e-05,3.65830099617013e-05,0.00038567615751883847,0.0023710693531358296,2.4748164593204946e-07,8.3376307555172e-09,3.556787178435178e-11,6.327375055330666e-09,5.417653715565229e-08,0.9834483136236308,1.9898583013416212e-05,8.444635959537587e-06,0.013208074676901783,2.268396845861816e-06,2.941322237394103e-08,8.141570277949462e-07,8.493752508317772e-06,4.715933840704282e-08,1.3211471185228576e-10,0.00047975773697725855,7.84010913143809e-08,2.972294857337353e-06,2.3168983811246063e-06,1.3355506266737617e-07
17,7.394621975087933e-06,1.973330467460118e-05,4.032855871028599e-05,0.0003713304619840681,0.0026790200191628773,2.459643609654822e-07,7.658600037062874e-09,4.3134251639564794e-11,7.444898479887686e-09,4.228219629785541e-08,0.9844355490614111,1.8868335342583474e-05,1.0465061204038467e-05,0.01204473948085328,2.218063582853514e-06,2.8471430509499104e-08,8.274150537643324e-07,7.092445618654179e-06,5.538764562200263e-08,1.2883788780962956e-10,0.00035647987676103133,7.514214196447694e-08,3.1953786212464275e-06,2.1775877605819436e-06,1.1780403794664819e-07
18,9.274647364503401e-06,2.4158162880084442e-05,3.6894486715600084e-05,0.0003518078341344835,0.0024712277435846542,2.925548476318072e-07,9.557014139286806e-09,4.544169695221594e-11,1.050105795392727e-08,6.049737432713893e-08,0.9817950506358455,2.1645300640641614e-05,1.0194416230685915e-05,0.014880299197308737,2.4804861298893907e-06,3.268347528670744e-08,1.1086742865437034e-06,9.366435662487246e-06,5.986582255170392e-08,1.5738364252924024e-10,0.0003791859739615646,1.0471786284267764e-07,3.842128358230898e-06,2.69957198263597e-06,1.9372463361148583e-07
19,6.163419343368875e-06,2.142542470249774e-05,5.899939128543737e-05,0.00042776276250393227,0.003611293564843537,2.2522265727466253e-07,7.5049602657411e-09,5.4810605272346395e-11,6.899643532703951e-09,3.5288863926050214e-08,0.9860282934084212,1.906222996914725e-05,1.3534128294670084e-05,0.009491514596217061,2.3085639214428056e-06,2.780708577197691e-08,6.818955743699112e-07,5.12800733750742e-06,6.401874176305233e-08,1.0887389172748892e-10,0.00030954593505915217,6.947193003036781e-08,1.9735451380864963e-06,1.8087363470782127e-06,6.801347429673785e-08
20,3.7406851890873443e-06,1.3851456435762614e-05,3.736856874414176e-05,0.00028630122707095794,0.002030019536879534,2.037005845835093e-07,8.27725463712548e-09,5.101654915336187e-11,5.6268184557238886e-09,3.228831109544203e-08,0.9909201735763322,7.171488624440337e-06,5.849487903110882e-06,0.006287692924686493,6.395716707257806e-06,1.9460155221829495e-08,4.0765339462955407e-07,1.6810856660916987e-06,6.250351420725461e-08,8.521535615628956e-11,0.0003939870289580971,9.674260008472777e-08,2.746569553782509e-06,2.121269660113359e-06,6.298872391842223e-08
21,6.350063426041351e-06,1.8777463528289055e-05,3.240540129028268e-05,0.00032230308484338375,0.002943295681736689,1.8054323912947195e-07,4.907401035973312e-09,2.3769048077900738e-11,4.640043015776093e-09,4.276979972536099e-08,0.9845149877549577,1.9984149338006883e-05,7.97822553977374e-06,0.011690049499103248,1.4668465384819358e-06,2.3498984944556303e-08,5.343916194065604e-07,7.140796888749508e-06,4.1105547878510136e-08,9.247211272029901e-11,0.00043048874206207187,4.807089041733677e-08,2.0805623665151156e-06,1.7201789117909178e-06,9.15057020664489e-08
22,8.405494773911184e-06,5.893734158403164e-05,3.9175413551738187e-05,0.00027840751714038243,0.008078821900170285,5.149772070412002e-07,1.9906677200657427e-08,5.7756891172496385e-11,2.8679629233570384e-08,4.0727556044960797e-08,0.9782829616121722,1.3776617928598001e-05,1.1689782392569215e-05,0.012964089052652214,6.479355310103363e-06,3.911870738122367e-08,4.804668304120349e-07,3.5119974324241653e-06,1.279471267223625e-07,1.6060457245147458e-10,0.00024385704639876246,8.466710769318399e-08,5.849696099014636e-06,2.4170894767372033e-06,2.833737137528257e-07
23,6.774659040386698e-06,1.9419507210760126e-05,4.197896089528225e-05,0.00037023108425515103,0.00274755671973333,2.736594024674938e-07,7.872386029752679e-09,4.2653754617764064e-11,8.45167647788808e-09,4.353303266163709e-08,0.9863280110277384,1.3420280866200147e-05,9.292260502509782e-06,0.010141243678617119,2.791997587800685e-06,2.981766566878038e-08,7.194357519930071e-07,4.887049304495529e-06,5.621855608299473e-08,1.143638097884136e-10,0.0003077462618676267,6.871212770772043e-08,2.902597369850602e-06,2.437668507852227e-06,9.838888693023578e-08
24,4.948255736502209e-06,1.7006570658246127e-05,3.69183954175458e-05,0.0004557562984481161,0.003977836897751665,2.0436639893287567e-07,5.835928180867504e-09,3.3071277922492423e-11,6.303709389378295e-09,2.9251321227641244e-08,0.9826170362722796,1.7967728463460407e-05,1.209727700318317e-05,0.01260323028350395,1.5758276318413332e-06,3.0715130016053924e-08,5.769310349183456e-07,5.871680275444982e-06,4.0475206347235925e-08,9.7490034492873e-11,0.0002445167178584443,4.046905251860245e-08,2.5150030262147832e-06,1.7150643080561242e-06,7.324929489130247e-08
25,7.46840682961522e-06,2.626051896266799e-05,4.842731142469101e-05,0.0003841071044998931,0.003232677115972818,4.146347980151027e-07,9.376221811352186e-09,4.347119880688628e-11,1.1969592839327708e-08,5.753441684501087e-08,0.9824022098272163,1.4747978528529389e-05,9.321229861929225e-06,0.013518414063807566,3.4710800548176515e-06,3.3851920222831385e-08,8.79340846544657e-07,5.439122057875312e-06,6.417859106442073e-08,1.477492082649783e-10,0.0003391062919725582,8.865429927212377e-08,3.615886282798893e-06,3.026514781782464e-06,1.4781583920169202e-07
26,1.1229581678445774e-05,1.6713821435012357e-05,4.2524587422887495e-05,0.0005759902829642953,0.002814103070214442,2.9010917722907384e-07,6.4338154493186875e-09,5.821622004189419e-11,2.3927541121074708e-08,4.038006741286855e-08,0.9888607773872722,6.358270310613489e-06,7.858426964795195e-06,0.007471095391736258,3.0824556160394917e-06,3.362689680747011e-08,9.517242523266753e-07,4.022433589702912e-06,3.912247375577127e-08,1.2897975003421258e-10,0.00017210159907488808,4.6031885051520803e-08,5.79517624029233e-06,6.804158159520117e-06,1.1181401564705043e-07
27,6.51638967310225e-06,2.1980081598473776e-05,3.711570236740135e-05,0.0003217494602743265,0.0028934960719440234,3.0481663483260524e-07,1.1824769584511957e-08,5.2762726652503995e-11,1.809147761766202e-08,6.615915821218013e-08,0.9848515709356593,9.452010725394521e-06,7.431362154253531e-06,0.01156276933916987,5.4728797774089005e-06,3.1615232498356536e-08,7.415050747010903e-07,3.50699022480634e-06,6.686192890678655e-08,1.582726150422774e-10,0.0002695771156412573,1.3522362701794939e-07,3.967881571757798e-06,3.850853548714659e-06,1.6661673082826316e-07
28,6.774659040386698e-06,1.9419507210760126e-05,4.197896089528225e-05,0.00037023108425515103,0.00274755671973333,2.736594024674938e-07,7.872386029752679e-09,4.2653754617764064e-11,8.45167647788808e-09,4.353303266163709e-08,0.9863280110277384,1.3420280866200147e-05,9.292260502509782e-06,0.010141243678617119,2.791997587800685e-06,2.981766566878038e-08,7.194357519930071e-07,4.887049304495529e-06,5.621855608299473e-08,1.143638097884136e-10,0.0003077462618676267,6.871212770772043e-08,2.902597369850602e-06,2.437668507852227e-06,9.838888693023578e-08
29,6.774659040386698e-06,1.9419507210760126e-05,4.197896089528225e-05,0.00037023108425515103,0.00274755671973333,2.736594024674938e-07,7.872386029752679e-09,4.2653754617764064e-11,8.45167647788808e-09,4.353303266163709e-08,0.9863280110277384,1.3420280866200147e-05,9.292260502509782e-06,0.010141243678617119,2.791997587800685e-06,2.981766566878038e-08,7.194357519930071e-07,4.887049304495529e-06,5.621855608299473e-08,1.143638097884136e-10,0.0003077462618676267,6.871212770772043e-08,2.902597369850602e-06,2.437668507852227e-06,9.838888693023578e-08
30,6.774659040386698e-06,1.9419507210760126e-05,4.197896089528225e-05,0.00037023108425515103,0.00274755671973333,2.736594024674938e-07,7.872386029752679e-09,4.2653754617764064e-11,8.45167647788808e-09,4.353303266163709e-08,0.9863280110277384,1.3420280866200147e-05,9.292260502509782e-06,0.010141243678617119,2.791997587800685e-06,2.981766566878038e-08,7.194357519930071e-07,4.887049304495529e-06,5.621855608299473e-08,1.143638097884136e-10,0.0003077462618676267,6.871212770772043e-08,2.902597369850602e-06,2.437668507852227e-06,9.838888693023578e-08
31,1.823620312906893e-05,2.5219400767394203e-05,8.444159799599899e-05,0.0005089865416659943,0.00394048812863415,2.3617880422795921e-07,1.0373730086145847e-08,1.039544697463123e-10,1.0047799522570146e-08,5.877619621654084e-08,0.9837380657776649,2.4688717503176046e-05,1.7338732510993908e-05,0.011194023431568011,2.0895329580335776e-06,3.7361903804666615e-08,1.0618123988187302e-06,1.355371648940186e-05,1.1223359397135878e-07,2.1863485020335555e-10,0.00042475537354408696,9.600837884053569e-08,3.5687589080173752e-06,2.7593468964451025e-06,1.6162436966343917e-07
32,6.822970938200599e-06,2.0656616478930784e-05,4.479743544152613e-05,0.0003391773020492397,0.0028968878805613377,2.920607038298572e-07,8.424410130817934e-09,4.8945341820882035e-11,8.183137407508377e-09,4.307828505799854e-08,0.9864943945160327,1.438391876769043e-05,1.0097598570390422e-05,0.009833072768470829,3.0742177330244204e-06,3.129791967330792e-08,6.934886482926594e-07,4.6053025608706e-06,7.309440356977218e-08,1.268830194196314e-10,0.0003254866872823697,7.739495971675728e-08,2.9946477913393086e-06,2.2233346474409607e-06,9.760437805624334e-08
33,7.320910317291287e-06,2.23551660545794e-05,4.4438238092573425e-05,0.00047392816511188004,0.0016982168232642352,3.4717335446042487e-07,1.0880472063564116e-08,7.831720396537869e-11,9.834327219328439e-09,6.421318510788725e-08,0.9808945235223518,3.797130908151171e-05,3.157039805188783e-05,0.016540768804851735,1.2662122962695275e-06,5.314019084671359e-08,2.5212753755067354e-06,1.1464045869950798e-05,6.711777443478553e-08,1.6357620353619088e-10,0.00022895466600474828,1.4036615387781428e-07,2.1524592969846596e-06,1.7727207097884738e-06,8.231591768192678e-08
34,6.174179005428573e-06,1.9800388705951246e-05,4.416502585803912e-05,0.00048225381796833145,0.002742329372526055,3.700274559852749e-07,9.588465666261451e-09,4.609300121433186e-11,8.05356854778177e-09,4.818403826500844e-08,0.9837582469489383,1.7671679077674417e-05,1.0226939103734821e-05,0.012523321484301056,2.942597775196069e-06,3.8316712537267406e-08,9.713841994690217e-07,6.4661756328462475e-06,4.848037482937699e-08,1.3223785750247722e-10,0.00037916674289422065,7.14066150075618e-08,3.2342521521324003e-06,2.328669771436826e-06,1.0610652836613493e-07
35,5.202473691759248e-05,4.1827257145522796e-05,7.623220938417685e-05,0.0006624708845670984,0.003176395375406902,2.2386129193820714e-07,1.8518671522131222e-08,2.2480277633883374e-10,2.7585137363782862e-08,1.3239130975888754e-07,0.9850170658337866,4.186094869603947e-05,2.7337910397478334e-05,0.010472182779321087,1.5495239672366362e-06,7.006674676637891e-08,2.764128117780504e-06,3.198215587129842e-05,1.3881622870034288e-07,2.2335712850152825e-10,0.00038876871827165635,1.5308743859211079e-07,2.831224140392161e-06,3.7033658405250136e-06,2.381731842281438e-07
36,9.764637597562631e-06,3.856804181494942e-05,4.137894162514582e-05,0.0007260549605169619,0.0018280246895190952,9.006559946988641e-07,3.0980020421518194e-08,2.857106433476335e-10,4.7263214014105004e-08,1.0716343675183293e-07,0.9723606804657159,5.9856635107638e-05,4.3406308286481905e-05,0.024605943969595902,3.9131567657645606e-06,1.4484914710757764e-07,9.717863096882373e-06,1.267968245907981e-05,1.1703720386521422e-07,3.4240142603375053e-10,0.0002483520408191472,4.872023674639043e-07,7.023518701758367e-06,2.591341793515061e-06,2.0796708792766185e-07
37,6.638369143784851e-06,2.0993577538894086e-05,4.219570749331921e-05,0.0003674476652850415,0.002873557796855461,2.989963677468932e-07,8.38669836944609e-09,4.523614959293056e-11,8.999907303771295e-09,4.43246208886243e-08,0.9860473468337098,1.387622965698109e-05,9.644433784674972e-06,0.010284818386492124,2.997915204269942e-06,3.127701956656501e-08,7.381527932984634e-07,4.663387616517143e-06,6.064390595598115e-08,1.178605755358152e-10,0.00031910277577487764,7.268375075944451e-08,3.0259117581377777e-06,2.32648673940161e-06,1.0089478612240396e-07
38,4.093921178872787e-06,1.6508102674627798e-05,3.4290020465678535e-05,0.00031662714783846216,0.001757852028826216,6.53266901990067e-07,1.0719098287454808e-08,4.971011509309737e-11,4.330026222293336e-09,3.1829214248572183e-08,0.990253100895412,1.4901261557115535e-05,1.1672174933721296e-05,0.007165400913747156,4.092504038979216e-06,5.414871173137183e-08,7.560489015587751e-07,3.0675326945254125e-06,8.617425065302484e-08,1.2594444602999993e-10,0.0004114565019706064,5.486411751882322e-08,3.775126433349175e-06,1.4562951397623118e-06,5.401621233026193e-08
39,8.045065048351015e-06,2.1229747263879453e-05,4.7024401756518335e-05,0.0004897338054986936,0.0029863182321752265,4.2661634544041173e-07,1.331098412477228e-08,7.87182104839501e-11,9.15047149723849e-09,5.296361360142127e-08,0.9847578264428225,1.941876020680455e-05,1.1166539692688505e-05,0.011073832767618372,4.253237068791221e-06,4.7995965743760395e-08,1.0512903845373273e-06,6.577246851309832e-06,8.681988451796582e-08,1.8788811654749305e-10,0.0005648681317025994,1.0069510607785816e-07,5.3940731794036095e-06,2.3683501381655185e-06,1.5408961462832213e-07
40,3.8263910873291255e-06,3.553068709417807e-05,8.111255997287905e-05,0.00019017660256845283,0.005705228120963208,3.7994310982187295e-07,6.3007666816855054e-09,2.0249762514859598e-11,4.499741300501456e-09,3.4552596103678026e-08,0.9770109123547346,1.9339437517027415e-05,7.656029233362602e-06,0.016584757778451482,4.188445788045585e-06,1.5611324162544277e-08,3.5092767666393584e-07,3.4562330071269025e-06,8.423911874308273e-08,1.2339379062510502e-10,0.00034953509489860026,1.041004262709716e-07,1.5781199318620082e-06,1.6143957976154993e-06,1.074305508869861e-07
41,6.125633287079279e-06,4.5044375609688986e-05,5.1201335756660904e-05,0.0005601032986318062,0.006548308496068891,4.3438000766861893e-07,7.788417031645878e-09,4.162240168489386e-11,2.9130935553709597e-08,4.403777688915866e-08,0.9821065944954753,9.173452267671739e-06,1.2195356656500605e-05,0.010490753922323345,2.874902784843097e-06,3.605127679628231e-08,7.692360674804389e-07,2.648079739801964e-06,3.824964288873678e-08,7.583717132516706e-11,0.0001580150247690462,3.901788589565589e-08,2.5230224399130456e-06,2.954960696076071e-06,8.563402335029842e-08
42,7.32346477267431e-06,2.6750646350754582e-05,8.934811407871976e-05,0.00028261537620047236,0.0025953959310541764,2.8590546281945906e-07,1.1036318814831634e-08,1.9108500102185893e-10,8.364951414205687e-09,6.598733226295612e-08,0.989046403904431,2.1800706390963774e-05,1.5452993963076648e-05,0.0072374641334565365,6.092791049038628e-06,3.323019031915172e-08,9.898299224722274e-07,2.5491100873624163e-06,2.963574872601221e-07,1.8774949117813647e-10,0.0006626868000186246,3.916714837939993e-07,2.270895229077976e-06,1.7006047465110553e-06,6.176618734285378e-08
43,1.110881641346442e-05,2.137913078826771e-05,7.78718389695503e-05,0.0006087624749812706,0.0035302769025420855,6.003765247218738e-07,1.5846591040030315e-08,1.1834144746714554e-10,2.8957647957117843e-08,2.600667862828787e-07,0.9807045753122131,8.098047519892948e-06,9.14795912563523e-06,0.014466187471636801,6.415391792074063e-06,6.608384009021638e-08,1.1054393780712138e-06,5.074574127575387e-06,1.220411168225956e-07,4.301385725403997e-10,0.0005365619723015516,2.2643457194981492e-07,4.81063576545461e-06,7.127382994827897e-06,1.7629389138817948e-07
44,6.774659040386698e-06,1.9419507210760126e-05,4.197896089528225e-05,0.00037023108425515103,0.00274755671973333,2.736594024674938e-07,7.872386029752679e-09,4.2653754617764064e-11,8.45167647788808e-09,4.353303266163709e-08,0.9863280110277384,1.3420280866200147e-05,9.292260502509782e-06,0.010141243678617119,2.791997587800685e-06,2.981766566878038e-08,7.194357519930071e-07,4.887049304495529e-06,5.621855608299473e-08,1.143638097884136e-10,0.0003077462618676267,6.871212770772043e-08,2.902597369850602e-06,2.437668507852227e-06,9.838888693023578e-08
45,4.840217423704443e-06,1.4526953952849703e-05,5.7713425109570654e-05,0.0005103693487546223,0.0024943036422703977,4.677046619927166e-07,1.7278042396875244e-08,1.112315109090372e-10,9.352328806056696e-09,4.385730753498167e-08,0.9908289187623635,6.842500531337446e-06,9.686835438036249e-06,0.005757338302279967,1.011530075597473e-05,5.5031444572205525e-08,6.427333888943251e-07,1.953262253458318e-06,9.26740796977268e-08,1.3475730611791772e-10,0.00029580391591492103,8.474117753517684e-08,3.2320893407546016e-06,2.887075829264851e-06,5.4749361809725575e-08
46,9.007919531233963e-06,1.277394056601463e-05,4.267461939724742e-05,0.0006952480035587437,0.0007290454537543773,4.875248983590294e-07,5.766088719831801e-09,9.91167780455463e-11,6.07283517345712e-09,3.667153566695119e-08,0.9920927649461047,2.2202552332526096e-05,1.7180232715482808e-05,0.0060346669321181285,1.8403083107448427e-06,5.907458294649228e-08,3.5233112806033564e-06,6.491349842528079e-06,4.63358911678532e-08,1.0309128115970442e-10,0.0003257268343239611,6.300068424074686e-08,3.3644634369782507e-06,2.749490936713868e-06,3.499306552219453e-08
47,3.2783091586382095e-05,8.433867651502442e-05,7.192961841454914e-05,0.00023844090052735104,0.002405866728004946,4.305785440536403e-07,2.619304826531631e-08,1.9404497589204359e-10,2.0583337756140232e-08,1.5374510914585484e-07,0.9827306845310086,8.474612450011079e-05,2.6071113565161725e-05,0.013592991830676715,3.613456356791694e-06,5.182138335324011e-08,3.0308966099763223e-06,1.9561059000328746e-05,3.5658668438109895e-07,3.2128297546550015e-10,0.0006986022247375391,6.179898917926067e-07,2.749333372129991e-06,2.5481442755120403e-06,3.8425752212055077e-07
48,1.0425538769111015e-05,4.7830966405720125e-05,6.300471060402885e-05,0.0005532924913876061,0.001219878407774795,1.933222637439887e-06,2.0531837795581842e-08,3.306398910764494e-10,1.3581440965037341e-08,4.267824431957255e-08,0.992736681349911,3.283025256385949e-05,5.332569601285977e-05,0.004899554035290142,4.2113768722556566e-06,1.3208354303195714e-07,5.0221218869226016e-06,3.3727488730912005e-06,2.617121024884083e-07,1.4903624506687836e-10,0.0003625461150252208,1.0500788358761711e-07,4.139706831007519e-06,1.3388111499569491e-06,3.63732766157648e-08
49,5.796600843158102e-06,2.7016675045323097e-05,7.14194389380811e-05,0.00032684922343506644,0.002870248284770006,4.3665760388095014e-07,8.26440826270839e-09,4.316710612811454e-11,5.960091970414429e-09,5.209300657240074e-08,0.9816379314353242,2.7691733008425492e-05,1.2346322056988893e-05,0.01455587991545706,2.929243920104086e-06,2.7631819588559223e-08,9.531821256633684e-07,6.522628587442267e-06,8.034994926636659e-08,1.7266185136338493e-10,0.00044938838410349467,1.2736684050543338e-07,2.15969860046914e-06,2.028663984838942e-06,1.0003025039802746e-07
50,2.510581446475512e-05,3.735665090561059e-05,6.730444913025583e-05,0.00040549815687409364,0.005770545044187404,2.444964426391238e-07,6.380868158793997e-08,1.7542489255553034e-10,3.924913917692324e-08,3.8443811141665e-07,0.9711966252101117,1.453651064808646e-05,1.1393265194720304e-05,0.021855813655634118,8.841097104137215e-06,6.431861128296765e-08,8.428063014701293e-07,1.5910501797524257e-05,2.4956530221393975e-07,5.05788479188237e-10,0.0005775706506240723,5.245850263805128e-07,4.531947275898203e-06,5.522361807070282e-06,1.0307354113152211e-06
51,8.752245333042396e-06,1.5965986903178053e-05,3.985845466165817e-05,0.0002926304918795701,0.0027705936842563885,4.6600168581090656e-07,1.3186855962289585e-08,5.0419336706839104e-11,7.199802446577372e-09,5.5739907101250866e-08,0.9830357647280322,1.674801626325653e-05,7.707432117449135e-06,0.01327435736025505,4.791755045933059e-06,4.802008421240058e-08,7.271376187597482e-07,8.315306003933419e-06,1.1813822366887067e-07,2.9882101731035053e-10,0.0005121809095521829,1.0005228497018926e-07,7.777272863130875e-06,2.766090619864754e-06,2.5444050994198485e-07
52,7.099625248836891e-06,7.396287229594885e-06,4.181350624740778e-05,0.000508147748134455,0.001636790580329269,1.9426034142168012e-07,5.398989230653605e-09,3.391664198203132e-11,6.416816082842559e-09,5.563378765235678e-08,0.9884683742207621,7.830546195846707e-06,8.268443501816402e-06,0.009118686173055092,1.60616113876722e-06,3.39221253819599e-08,7.191358592125029e-07,6.96298361938577e-06,2.9465147897152717e-08,1.2859991266593455e-10,0.00017954477806330523,4.40384737605759e-08,2.115017003465235e-06,4.217671429331608e-06,5.782398430304808e-08
53,5.577706182820431e-06,1.3874613196687032e-05,2.236825791557655e-05,0.000600768203005788,0.002880001626343446,3.588299111609773e-07,4.030933338347751e-08,9.126528696065321e-11,2.1151484649090305e-08,5.775010511925325e-08,0.9849517961208212,7.666939928064974e-06,8.894291184664725e-06,0.011197258502844754,8.980095038737626e-06,6.96344533290525e-08,7.171513791177177e-07,5.027952190053035e-06,5.1613219623816466e-08,2.0828592308612536e-10,0.0002837460861047737,8.553088423842408e-08,8.732092206167064e-06,3.658793684025768e-06,2.464490316019228e-07
54,1.627825332731159e-05,0.00011759013798185956,3.491732052943119e-05,0.0002627991476460422,0.005182364743275809,5.356858654918428e-07,2.5073672855077872e-08,6.470736250130443e-11,2.8657226954691337e-08,9.694943859030408e-08,0.9718864713557983,5.457160527372843e-05,1.653590191932414e-05,0.02195121370869707,3.73894572399916e-06,5.727837219179425e-08,1.5550529547036755e-06,1.3252838346586633e-05,1.3355947824310724e-07,1.6089629088058815e-10,0.00045128507293744634,1.760465768659601e-07,3.851109210257148e-06,1.9918758794675806e-06,5.294542637357527e-07
55,1.5235637916201676e-05,9.3324147838645e-05,2.9936778998371485e-05,0.00028383553658993863,0.007211371671008976,1.840306598333141e-07,1.4711894705231706e-08,3.031444981233966e-11,1.7288119794237315e-08,3.492636233321611e-08,0.9744957137412368,0.0001008637090101334,1.6759714334729657e-05,0.017386551063950293,1.280519655575659e-06,2.905840040010532e-08,1.0282903393094698e-06,2.6499427981132445e-05,5.4699766949832107e-08,9.038494032254261e-11,0.00033329842889888065,6.115466939798812e-08,2.1360942783976883e-06,1.3212131792509335e-06,4.480342105012793e-07
56,6.524642298957397e-06,2.0048979739988396e-05,4.209663530610017e-05,0.00035867269391556426,0.0026947259046682767,2.605801509079821e-07,7.762938201327248e-09,4.322033644917892e-11,8.13783778685498e-09,4.034603725565373e-08,0.986918476876229,1.4260036230649908e-05,1.0753086211878768e-05,0.009643014036645681,2.510894529453995e-06,2.9223280255344805e-08,7.14080438085391e-07,4.869654085180684e-06,5.635753701665713e-08,1.0931863629611071e-10,0.0002779615408968453,6.457736572236793e-08,2.575476750183819e-06,2.2397356154296812e-06,8.858875249320721e-08
57,7.378730552518257e-06,3.1229897062386805e-05,8.076471605535248e-05,0.0002575815200615007,0.003852688705518393,3.425482063724148e-07,9.272476189046707e-09,8.911424918661473e-11,5.3507026457264456e-09,4.560436213342528e-08,0.9843346395351961,4.1173151512634037e-05,1.585309767745314e-05,0.010651865672116165,3.4878973516778008e-06,3.268956663803882e-08,8.394258633362608e-07,5.418850951392506e-06,2.3557260734439133e-07,1.9974181887307976e-10,0.0007123758562036233,1.989894545496966e-07,2.5432560418406755e-06,1.195006172624959e-06,9.436543097061459e-08
58,6.279478946483326e-06,1.5957833203312412e-05,4.2122896513287416e-05,0.0003612014960453654,0.0023445965474163857,2.432218357437825e-07,7.2254033964467205e-09,4.0162457778108275e-11,8.300308326951527e-09,4.346583182548594e-08,0.987879187761506,1.0263016767039539e-05,8.157261043173361e-06,0.009051207307894726,3.0395316147298925e-06,2.6829276709156028e-08,6.446607326378932e-07,4.1044882546038805e-06,4.9754529931352725e-08,1.112539228036669e-10,0.00026691213634575284,6.830581928682019e-08,2.6982870189900805e-06,3.092297288454855e-06,8.774498738987339e-08
59,6.193311269298885e-06,1.4972974926159558e-05,4.390154606514269e-05,0.00036905218988901524,0.002387853087727764,2.339839029169963e-07,6.636441450452671e-09,3.712613145948588e-11,8.21607440852413e-09,4.548878520859468e-08,0.9877906637298245,9.413217355321407e-06,7.120102719501313e-06,0.009089669081998018,3.1247053383035144e-06,2.6193403565733373e-08,6.166481698877484e-07,4.033581413641581e-06,4.637464250870763e-08,1.0995596130410679e-10,0.00026680139541136993,6.595168879849034e-08,2.6231638345423315e-06,3.4410984787849354e-06,8.71735578435498e-08
60,6.774659040386698e-06,1.9419507210760126e-05,4.197896089528225e-05,0.00037023108425515103,0.00274755671973333,2.736594024674938e-07,7.872386029752679e-09,4.2653754617764064e-11,8.45167647788808e-09,4.353303266163709e-08,0.9863280110277384,1.3420280866200147e-05,9.292260502509782e-06,0.010141243678617119,2.791997587800685e-06,2.981766566878038e-08,7.194357519930071e-07,4.887049304495529e-06,5.621855608299473e-08,1.143638097884136e-10,0.0003077462618676267,6.871212770772043e-08,2.902597369850602e-06,2.437668507852227e-06,9.838888693023578e-08
61,6.548146754996784e-06,1.5214470844974845e-05,4.868523864381945e-05,0.0003926266204566353,0.002432761116329128,2.42593393561724e-07,6.363250134044009e-09,4.003859538617248e-11,7.585800138441723e-09,4.389812251974646e-08,0.9876944839604326,1.0122746896953001e-05,7.7231226539865e-06,0.009094454429631691,2.9184239469925677e-06,2.5853317788730202e-08,6.481652095922936e-07,4.315003182511744e-06,4.8129953561887706e-08,1.1180533336646597e-10,0.00028317838094165466,6.464981459947848e-08,2.5823915754604565e-06,3.2172830750863184e-06,8.127392789029304e-08
62,6.774659040386698e-06,1.9419507210760126e-05,4.197896089528225e-05,0.00037023108425515103,0.00274755671973333,2.736594024674938e-07,7.872386029752679e-09,4.2653754617764064e-11,8.45167647788808e-09,4.353303266163709e-08,0.9863280110277384,1.3420280866200147e-05,9.292260502509782e-06,0.010141243678617119,2.791997587800685e-06,2.981766566878038e-08,7.194357519930071e-07,4.887049304495529e-06,5.621855608299473e-08,1.143638097884136e-10,0.0003077462618676267,6.871212770772043e-08,2.902597369850602e-06,2.437668507852227e-06,9.838888693023578e-08
63,6.8719642615268175e-06,2.1619071115220992e-05,4.1854117434967034e-05,0.00035370409267588643,0.002812621728198482,2.755642389926602e-07,8.023627245582338e-09,4.220618609266915e-11,8.907372245817203e-09,4.361863697751507e-08,0.9863352819799681,1.3807729009591014e-05,9.440098243398726e-06,0.01008674672084195,2.8311678989734957e-06,2.8881581469338387e-08,7.194878090952607e-07,4.7570871851838385e-06,5.707227060751993e-08,1.0916771874485873e-10,0.0003039967842965069,7.04446852687013e-08,2.7665984732692237e-06,2.3878082267658044e-06,1.0090057412375478e-07
64,6.146147225491863e-06,1.879258840698549e-05,4.4073920744825486e-05,0.000369648607095499,0.0028763442307959434,2.575633078731488e-07,7.583602377350454e-09,4.288251055560506e-11,6.854704215187383e-09,4.167572183341434e-08,0.9875418478192767,1.2777866430974606e-05,7.898464240330537e-06,0.008669298718724268,3.178396505769357e-06,2.598923870817046e-08,5.718989069910195e-07,4.092698461785918e-06,5.892207850326101e-08,1.1135782165359441e-10,0.00043960256541916156,6.658422048891892e-08,2.888471451867427e-06,2.2831847769947558e-06,8.909442238789163e-08
65,5.038459096397536e-06,1.7910346006299627e-05,4.514029748619441e-05,0.00035857276984372255,0.002594657379792868,3.0149028165536e-07,7.287379520376126e-09,3.929288563553182e-11,6.9586027204444574e-09,3.6563455650894935e-08,0.9876913347708514,1.029638118438341e-05,8.115240446285825e-06,0.00894086381188585,3.598405309967217e-06,2.5606891810555355e-08,6.03874950947064e-07,3.1567131239656646e-06,5.332247389101223e-08,1.0048790642652927e-10,0.0003149876006738247,6.439782881432142e-08,2.7964616064171736e-06,2.355132870908513e-06,7.658817569881983e-08
66,7.753668808679403e-06,2.2844929127373973e-05,4.096109761837904e-05,0.0003662583085025466,0.0027026776727733003,3.8571888896380457e-07,1.095557541701402e-08,5.91760582294838e-11,1.1505880122966885e-08,4.466007853355825e-08,0.9864904522760474,1.391690823012833e-05,1.0227482382855593e-05,0.010005666630729444,3.928021493555686e-06,3.651316191990125e-08,8.542863866031482e-07,4.790813966670254e-06,7.50506107380622e-08,1.490131258001501e-10,0.0003219498831263071,8.278197703486674e-08,4.274960119582935e-06,2.67010416422129e-06,1.2556216118235907e-07
67,5.318149104130514e-06,1.6466925946333173e-05,3.726580156845319e-05,0.0003487645996483767,0.0021266652168113317,3.5428766374377775e-07,7.364132039319534e-09,3.3000994145445895e-11,6.55161781312867e-09,4.175123905477993e-08,0.984973601430991,1.372096018719866e-05,8.458933918376757e-06,0.012120043556096765,2.87496367316773e-06,2.8897565806412005e-08,7.842249280109102e-07,5.05200918899641e-06,4.7750059953520477e-08,1.3492497904355959e-10,0.00033420345925700285,6.89309282639055e-08,3.5539388680394573e-06,2.566237822959958e-06,1.0389085731427409e-07
68,5.9897518672307544e-06,1.0168894967070318e-05,3.805451859715651e-05,0.0007536039127527106,0.0016908298417630614,2.7761489981823874e-07,9.660698232945465e-09,4.493626383196286e-11,3.5568732360677557e-09,2.769531661788567e-08,0.9815084506757594,3.809702691882178e-05,2.5127225710602727e-05,0.015528648950254952,7.8831137798841e-07,4.248513589491348e-08,1.3396055539366111e-06,2.574303452738771e-05,2.8098446793120307e-08,1.7200066776336467e-10,0.00036753390531399507,3.04738598282849e-08,3.763902272461182e-06,1.3503140062370303e-06,9.032618987534616e-08
69,3.874399065342936e-06,1.1522049560213783e-05,3.81711085268741e-05,0.00020655077498510377,0.001032091480982537,4.73408375766344e-07,5.534738340297565e-09,3.576960588106001e-11,2.1030521448140804e-09,3.107171161428645e-08,0.9888457707573507,1.9144598461037368e-05,1.100857037337008e-05,0.009264799825969124,2.403047373143002e-06,2.3668849251219192e-08,7.505912586136234e-07,3.953465549993048e-06,9.616159532695806e-08,1.9763801680906093e-10,0.0005542787729476106,8.706481266812761e-08,3.4680058969088023e-06,1.4442720577957695e-06,4.903309886432169e-08
70,4.055480629887436e-06,1.2945985242535579e-05,5.577494609304598e-05,0.002371042486370361,0.004721680852902198,1.252682133983116e-06,1.1932845971904399e-08,5.86618394523854e-11,3.1306773952435604e-08,8.36857052470235e-08,0.9553793984165512,1.6256776823254474e-05,2.0306088534109685e-05,0.037205415211646865,2.0368643636205558e-06,1.498540638663952e-07,3.0234442688580704e-06,1.279746403249422e-05,1.839252049910696e-08,4.0431556578227546e-10,0.00017793264590560805,4.012259928437335e-08,9.217743613354261e-06,6.404477911241274e-06,1.2267549110253129e-07
71,7.3706157730187835e-06,2.0032982587032207e-05,3.407364914088492e-05,0.00036041930115128474,0.002912213315640098,2.2735329580279977e-07,7.671300325697862e-09,4.1395060166158864e-11,9.565291860473203e-09,4.236913914192129e-08,0.986307785438534,1.4284932254547131e-05,9.135881126383568e-06,0.010032945531351391,2.461962900491931e-06,3.08057205249766e-08,7.091391479878263e-07,5.3554249479938165e-06,5.1628741333509574e-08,1.0622704932609803e-10,0.00028728343521247803,6.304075482247103e-08,3.023306226895401e-06,2.364316821637079e-06,1.0818531788446193e-07
