,0,1,2,3,4,5,6,7,8,9,10,11,12,13,14,15,16,17,18,19,20,21,22,23,24
0,0.0013942919977769674,9.045204838279782e-07,6.94773400919309e-06,0.00010492071423614952,0.0003602164825093866,0.0030003078924148085,0.00010966353579857862,0.0001018356091597108,4.997148409103049e-07,8.237164807271586e-08,0.8305869109423332,0.13979956542072616,3.573148379680163e-09,0.0006918586608130092,0.0004723840908438542,0.0001028681104082311,1.8808805693107507e-05,0.0006578494492794293,0.0010730149984724106,2.150282819406418e-06,0.006557906375269818,0.0012329166065399662,0.013709877234227641,7.900768904511191e-08,1.413586885876963e-05
1,0.0020067391525450074,3.499754282943769e-06,6.929474862903888e-06,0.00041842460361093525,0.0005464129842609078,0.003709141504336402,0.00018316968728366556,0.00028734814417980973,8.588572868278905e-07,4.0826553216113413e-07,0.7430903502138091,0.16048970071073396,3.975287324285455e-09,0.0017659247260175368,0.0011368657406449628,0.00025739569670206594,4.6431346327693455e-05,0.0012333818801723345,0.003908193254278659,3.5311395014468425e-06,0.03494126010034013,0.003406219883781326,0.04246679183911213,1.2672718562387182e-07,9.089033792425542e-05
2,0.0022844698184407764,3.3031620793039054e-06,3.339684082080115e-06,0.00033220220550415024,0.00037637769835259077,0.0027508800807654267,0.00014680219470767546,0.00019638421777011007,2.64189928127042e-07,2.084354652336564e-07,0.6704154023513444,0.16836977006310802,2.7591443634663393e-09,0.001662122936496776,0.0015568546149180814,0.00020040966988477257,8.10141455009383e-05,0.0015153964270131401,0.002018470250170783,2.466026676972297e-06,0.03372534487643131,0.005111379851269375,0.10915600927356046,1.4153423428563878e-07,9.098353315088189e-05
3,0.002043679924257565,3.3425414140206213e-06,4.452314633138004e-06,0.00039191998775518034,0.00042573625459876174,0.0022662195358479475,0.00012859854531792564,0.00018889352245065832,2.7767267926581885e-07,2.170560594950044e-07,0.7271917983743338,0.17342592319266467,3.4544738766835197e-09,0.001514372156011921,0.0006988314072391558,0.00011497675331373883,6.042628057546152e-05,0.001940946757366234,0.0016092091753678625,2.2789458655775483e-06,0.028724466505250675,0.0031643685571958033,0.056025880115655596,1.5001549492904554e-07,7.303095417693721e-05
4,0.0019224393311676644,3.546359344486963e-06,4.934718893838407e-06,0.00038770834488969185,0.00048768702724943155,0.002434982887203387,0.0001291320488288354,0.00016247899689752923,2.8498815365367606e-07,2.1113554715720557e-07,0.732399221452129,0.1736190029454568,4.417192664729643e-09,0.0018146420154619646,0.000678223061548914,0.00010705972243286316,5.58709088702126e-05,0.0018803694771585102,0.001487466462483358,2.2301443450202677e-06,0.02550037298358079,0.0030200542141632994,0.05383812237981378,1.492116943597378e-07,6.380476549282255e-05
5,0.0017794811893460992,3.5898176905808862e-06,3.970304994728766e-06,0.0005308072246188807,0.0004397529897624864,0.0021733601018995487,0.0001217476733451843,0.00019693628012286353,2.106006939486917e-07,2.4811766343725034e-07,0.7265836587172465,0.16138029079394242,3.7225766543166527e-09,0.0015242467125342687,0.0005107105770105661,9.748247535613342e-05,6.203592545549555e-05,0.0027977398314636775,0.001259738198227618,2.466566476962435e-06,0.03242789017428739,0.002913847923510677,0.06511685152007435,1.732470964055847e-07,7.275931460278833e-05
6,0.002043679924257565,3.3425414140206213e-06,4.452314633138004e-06,0.00039191998775518034,0.00042573625459876174,0.0022662195358479475,0.00012859854531792564,0.00018889352245065832,2.7767267926581885e-07,2.170560594950044e-07,0.7271917983743338,0.17342592319266467,3.4544738766835197e-09,0.001514372156011921,0.0006988314072391558,0.00011497675331373883,6.042628057546152e-05,0.001940946757366234,0.0016092091753678625,2.2789458655775483e-06,0.028724466505250675,0.0031643685571958033,0.056025880115655596,1.5001549492904554e-07,7.303095417693721e-05
7,0.0015336729198413368,3.670395632168878e-06,5.472479104699137e-06,0.00025519112566382824,0.00017991223545537328,0.0009612845948652896,0.0001519091305114829,0.00010758501962995227,3.0480917739332183e-07,9.654423300953437e-08,0.8732530026500602,0.09488790140317101,6.5178410336251e-09,0.0008035606170582094,0.00030238898835217046,2.7313071047589484e-05,3.0660106293031215e-05,0.001528014481781354,0.000612758765345809,2.415637568233833e-06,0.00805656877509358,0.0012573566049486294,0.016005453666304077,1.6878308343444814e-07,3.3330677936927815e-05
8,0.0044130338721915865,7.146422729556689e-06,1.1448986262085452e-05,0.0013533222728013769,0.0007609299629066725,0.0019043508505361257,0.0002905080531285832,0.0005620154365260892,4.2266290828832765e-07,6.394509803152045e-07,0.5437444069763202,0.2308364250786167,7.037018889673086e-09,0.0030419261464521446,0.0011338018450316502,0.00026760984719222716,0.00015748791310639908,0.002729285973634694,0.002359599979216824,4.3553177703384866e-06,0.057763320011773166,0.004259392745620722,0.14408649185899436,6.073840782398067e-07,0.0003114639142026772
9,0.0036212553097826564,9.402369466153426e-06,2.292272974319004e-05,0.0013918780428078855,0.0008589258112873647,0.0013316986805847334,0.0002907924159407012,0.0005661436791342336,7.739580063050051e-07,5.43152861831493e-07,0.6860590461605345,0.20383609115803308,1.421335613836641e-08,0.002395103261776525,0.0007953878907940108,0.00011925707475392283,0.00013259339856164384,0.0025940410929010246,0.0017140321329256138,5.260897096751795e-06,0.033617365332601554,0.002513373647454001,0.05786930827402967,9.437418169556209e-07,0.0002538455737495776
10,0.002043679924257565,3.3425414140206213e-06,4.452314633138004e-06,0.00039191998775518034,0.00042573625459876174,0.0022662195358479475,0.00012859854531792564,0.00018889352245065832,2.7767267926581885e-07,2.170560594950044e-07,0.7271917983743338,0.17342592319266467,3.4544738766835197e-09,0.001514372156011921,0.0006988314072391558,0.00011497675331373883,6.042628057546152e-05,0.001940946757366234,0.0016092091753678625,2.2789458655775483e-06,0.028724466505250675,0.0031643685571958033,0.056025880115655596,1.5001549492904554e-07,7.303095417693721e-05
11,0.002029426543965017,3.466981739429152e-06,4.5326891824593855e-06,0.00038942505438065725,0.00041529188229988233,0.0022152056968426604,0.0001303666437623229,0.00018163751639075677,2.7515691061185764e-07,2.124394860193238e-07,0.7310041439313539,0.17320937868129369,3.919472096213766e-09,0.0015369883000116247,0.0006629049666360158,0.00010705462501162211,6.0471879462036736e-05,0.0020121521844127964,0.001489825991173087,2.364370296161905e-06,0.02662379449303,0.00312069470775733,0.05473079888055128,1.5551444529012331e-07,6.942695013312234e-05
12,0.001116092204871201,3.5850136767366947e-06,9.569520304816754e-07,0.0003603886731332947,0.001107910092366808,0.0025877218622778254,3.612203721476881e-05,2.5341556137866075e-05,6.277000578663837e-09,1.361536939412729e-07,0.2647102478743683,0.3013535030840405,3.4544845136249063e-09,0.00704768446679921,0.00026590361028429993,8.363532390827617e-05,8.462033296268264e-05,0.005504289729594114,0.0003221482970978627,4.5108470863489886e-07,0.030237069064937106,0.006348374338457989,0.3787693018367045,1.027222589009969e-07,3.440395698966004e-05
13,0.003566314552625912,1.537800266247926e-05,5.941772303907523e-06,0.0016365545919161692,0.0010253070413084081,0.008632021136939968,0.0004331749921514325,0.00047780895241997565,5.388146301188055e-07,2.894536636806152e-06,0.5519969322087135,0.09530494058301428,1.0176063101541744e-08,0.002699562385264669,0.0011813621260859473,0.000650052771804433,9.315480490065815e-05,0.007404563501042843,0.002917730693583707,6.7620023682336e-06,0.06514434895410658,0.00595369266108272,0.25058804139131197,8.278838792712167e-07,0.0002620834631829336
14,0.00037004634207760085,3.986108463965027e-05,3.564331913651207e-06,0.0007343350924734328,0.0014973086463939942,0.005623109101529294,0.00010807645076753078,0.00020780053737179616,7.389260372573833e-07,2.8254661096067836e-06,0.8961473084158681,0.025542610620877013,1.435685111193083e-08,0.0012836565039278237,0.0004971270231476714,6.0284787463534125e-05,2.8714629953964254e-05,0.003876143800405667,0.00167878717391086,2.698489990570741e-06,0.03477281875738545,0.0030966684110681347,0.024389314874043444,3.84125572666909e-07,3.580205022012689e-05
15,0.002043679924257565,3.3425414140206213e-06,4.452314633138004e-06,0.00039191998775518034,0.00042573625459876174,0.0022662195358479475,0.00012859854531792564,0.00018889352245065832,2.7767267926581885e-07,2.170560594950044e-07,0.7271917983743338,0.17342592319266467,3.4544738766835197e-09,0.001514372156011921,0.0006988314072391558,0.00011497675331373883,6.042628057546152e-05,0.001940946757366234,0.0016092091753678625,2.2789458655775483e-06,0.028724466505250675,0.0031643685571958033,0.056025880115655596,1.5001549492904554e-07,7.303095417693721e-05
16,0.0018770008301713745,4.003914245202226e-06,3.0607140491008535e-06,0.0005654305008591004,0.00039055010920558086,0.0027108403350291285,0.0001468880126570161,0.0002295090317773321,2.247154756241937e-07,4.209382362380719e-07,0.6940663454183365,0.16144428527086066,2.804286881879552e-09,0.0016831214088739123,0.0006030587197552771,0.00015634380189015977,6.02853654875932e-05,0.0031173369875326447,0.0019096988305339483,2.521488715441806e-06,0.058180023110338853,0.0039029990016308225,0.06885852904730934,1.4371396351137455e-07,8.73759287786795e-05
17,0.002066885503686756,3.271920140762912e-06,4.423378779032739e-06,0.00044985728913293397,0.000425347122168567,0.0022219411928446234,0.00012831609155270464,0.0001825906653023945,2.3808078546332952e-07,2.123999036768331e-07,0.7054614100286575,0.18737333680853832,3.6047652399932627e-09,0.0017566753972545117,0.0005957436162136396,0.00011097755722390466,5.955866453590027e-05,0.002208023350557627,0.0014525988839853294,2.3678464192962497e-06,0.029683256229100015,0.0031215681018954477,0.06261489368198381,1.4542826539088334e-07,7.635715630720533e-05
18,0.002326046206490914,3.5744046941969795e-06,4.545762020624825e-06,0.00040263441036755566,0.0004125213066766188,0.0020645076352469953,0.0001328361317984739,0.0001969629427985711,2.579454757650471e-07,2.202696277375049e-07,0.704126883535723,0.19141403022364528,3.6228490640056735e-09,0.0015364078063588007,0.0006907752119553355,0.00011291628028441989,7.108894240199988e-05,0.0021779242589529063,0.001578970020840057,2.265905534423405e-06,0.02997628630615842,0.0034499198485933927,0.05923720082184299,1.7055654080000555e-07,8.104964312168838e-05
19,0.001394863003701302,3.2185715474664774e-06,8.420140177964723e-06,0.00042808662890006586,0.0007001892286886026,0.002173438104502737,9.914142904513318e-05,0.00020073112567916014,4.33025946091865e-07,2.311381904472841e-07,0.7057658846472546,0.22848319814713222,5.344969596261258e-09,0.0019454892414489048,0.0005272622733965091,8.154625613517905e-05,5.2047330146907166e-05,0.0014905714504615912,0.0015179166687864262,2.554486254469116e-06,0.023020545050763973,0.0029008924555233837,0.029143944779929296,1.3312904968475945e-07,5.9256342368239346e-05
20,0.002015823291141115,3.53587722867314e-06,4.438491398345968e-06,0.00039637255641986947,0.00044760185369704865,0.002208207790267972,0.00012587179189939738,0.00021474706922119846,2.9035267937445715e-07,2.32524054744064e-07,0.7170973670993076,0.1788191351921842,3.4204382980694524e-09,0.0015122213370873864,0.0007648671513722198,0.00011582932392445867,6.834011906322401e-05,0.0019565371766788946,0.0017417447656990664,2.3232305259802807e-06,0.03123821962088242,0.003720076776478278,0.05747103301761583,1.5715148784801794e-07,7.50230192465798e-05
21,0.002488031594128041,2.3047339935500476e-06,4.794887152333497e-06,0.00042791109451315024,0.00034587706840960835,0.0028996081477275903,0.00017688518478200233,0.00012239514497398407,1.762396806528166e-07,2.2003606917890163e-07,0.6404722180012247,0.2495574251480364,4.596010718468321e-09,0.0021220943026357695,0.00044299952190973105,0.00019726865761296973,3.9855300143495084e-05,0.00221263439569905,0.0011401433621304748,3.003355323120539e-06,0.025848331656326766,0.002113219629553973,0.06931829980651368,1.2271911609017349e-07,6.417541633301325e-05
22,0.0025270864639076324,6.737209930500574e-06,6.1426626306706975e-06,0.0006228132841531175,0.0006865545794784874,0.002530856031349458,0.00018834642177516014,0.00028595278900819126,5.791459520757336e-07,3.905842311865059e-07,0.7096275673692015,0.17192290643562816,6.674353135952874e-09,0.0020979677705465914,0.0012613826788609524,0.0001366884044223974,7.34650897614931e-05,0.0016778849809421417,0.002813259384526329,2.632714818674704e-06,0.02862354627023619,0.003681573050742052,0.07107859143156976,2.523685554081103e-07,0.00014681620341860707
23,0.002043679924257565,3.3425414140206213e-06,4.452314633138004e-06,0.00039191998775518034,0.00042573625459876174,0.0022662195358479475,0.00012859854531792564,0.00018889352245065832,2.7767267926581885e-07,2.170560594950044e-07,0.7271917983743338,0.17342592319266467,3.4544738766835197e-09,0.001514372156011921,0.0006988314072391558,0.00011497675331373883,6.042628057546152e-05,0.001940946757366234,0.0016092091753678625,2.2789458655775483e-06,0.028724466505250675,0.0031643685571958033,0.056025880115655596,1.5001549492904554e-07,7.303095417693721e-05
24,0.0014386817606397825,4.779803242032525e-06,4.7187524344133306e-06,0.0007285213982812833,0.0006352032353532569,0.0027769324998606123,0.00012099636851454526,0.00018577843170532022,2.496510934249508e-07,3.318152055812238e-07,0.7170615282806531,0.17188120611423402,5.190647915215635e-09,0.002688869565460808,0.0004564025345705576,0.00010304416723581914,4.623964332135565e-05,0.002635634557697658,0.0015867167255515016,2.9159674377424096e-06,0.03384027094949947,0.0030105020586917736,0.0607134145935111,1.2852505887425586e-07,7.692741009818863e-05
25,0.0017944774503140814,2.4926675880060872e-06,4.059683973198727e-06,0.0003847139106347785,0.00031956245774822454,0.0015543772379866528,0.00012329360970653942,0.00019838851738787565,2.1623063814711364e-07,1.5553471887326498e-07,0.7454400263792517,0.17271842231640086,3.1636652850896507e-09,0.0012420793663876057,0.00047325317750170504,8.337898238435071e-05,5.5065506395614225e-05,0.0018488480302038704,0.001328316228565071,2.4085440402704474e-06,0.024554767404366133,0.0025467753305589667,0.04527045699961904,1.2965191644158e-07,5.4331618046865516e-05
26,0.004316388755121107,4.012792323499557e-06,7.0526596263067955e-06,0.00036465174868268834,0.00030728836515861506,0.0009854739233983228,0.00015617003993992993,0.0002607173706142125,2.462958114384718e-07,1.623002757637261e-07,0.721139283098,0.19814331030465915,6.092790338614075e-09,0.0007432618501548917,0.0004968606735412846,5.787004296981161e-05,0.00015714615866408417,0.0036539424371012,0.0008239029646789157,2.3229720204820466e-06,0.019145416839743277,0.0029020139634024825,0.04625458649914224,5.906683022153874e-07,7.732118387766853e-05
27,0.002467074007905025,4.084628595763363e-06,5.037475292190671e-06,0.0003856653132961945,0.0004099466608216784,0.003396737160439121,0.0001580905086805993,0.0002995901789503981,6.234859889704827e-07,3.4300236773579015e-07,0.7264948730084893,0.15609275565505154,2.8431876042521456e-09,0.0013770558771696907,0.0014278141147920586,0.0001881737766647519,6.955566250636816e-05,0.001824782404891474,0.002578520674295441,3.322776591846114e-06,0.036641823776690174,0.00558622245164609,0.06046265534478363,1.6456266632900326e-07,0.00012508464823615502
28,0.002043679924257565,3.3425414140206213e-06,4.452314633138004e-06,0.00039191998775518034,0.00042573625459876174,0.0022662195358479475,0.00012859854531792564,0.00018889352245065832,2.7767267926581885e-07,2.170560594950044e-07,0.7271917983743338,0.17342592319266467,3.4544738766835197e-09,0.001514372156011921,0.0006988314072391558,0.00011497675331373883,6.042628057546152e-05,0.001940946757366234,0.0016092091753678625,2.2789458655775483e-06,0.028724466505250675,0.0031643685571958033,0.056025880115655596,1.5001549492904554e-07,7.303095417693721e-05
29,0.002043679924257565,3.3425414140206213e-06,4.452314633138004e-06,0.00039191998775518034,0.00042573625459876174,0.0022662195358479475,0.00012859854531792564,0.00018889352245065832,2.7767267926581885e-07,2.170560594950044e-07,0.7271917983743338,0.17342592319266467,3.4544738766835197e-09,0.001514372156011921,0.0006988314072391558,0.00011497675331373883,6.042628057546152e-05,0.001940946757366234,0.0016092091753678625,2.2789458655775483e-06,0.028724466505250675,0.0031643685571958033,0.056025880115655596,1.5001549492904554e-07,7.303095417693721e-05
30,0.002043679924257565,3.3425414140206213e-06,4.452314633138004e-06,0.00039191998775518034,0.00042573625459876174,0.0022662195358479475,0.00012859854531792564,0.00018889352245065832,2.7767267926581885e-07,2.170560594950044e-07,0.7271917983743338,0.17342592319266467,3.4544738766835197e-09,0.001514372156011921,0.0006988314072391558,0.00011497675331373883,6.042628057546152e-05,0.001940946757366234,0.0016092091753678625,2.2789458655775483e-06,0.028724466505250675,0.0031643685571958033,0.056025880115655596,1.5001549492904554e-07,7.303095417693721e-05
31,0.003058253941126278,7.3260005508021244e-06,1.0488793191612715e-05,0.0009389914119101799,0.0008501072016277619,0.0015055693921205192,0.00016721534029058243,0.0005158874227064469,3.71401872535136e-07,4.7453317013542724e-07,0.6160293552291591,0.267046824088072,8.954680466601862e-09,0.0023583607622215843,0.0005043236044122824,0.00011441739753946825,0.0001274873984277254,0.0035773185284096423,0.0022132877536650162,4.0471367040204295e-06,0.0389151828402884,0.004343355835315175,0.05757947801539819,4.5038470230092523e-07,0.00013141663243763745
32,0.0021077755237655905,3.4556901058083094e-06,4.576053653724409e-06,0.0003774260358021269,0.00045181911484359194,0.0023816855023836387,0.0001294162022431616,0.00020978340729088272,3.3292961352361526e-07,2.348860678760522e-07,0.7214289649009631,0.1774977002005706,3.3879571331333955e-09,0.0015567587147576056,0.000820813359453544,0.00012830321741071936,6.449876920973023e-05,0.0017991842897179904,0.0020361363164552886,2.3028407014109558e-06,0.031178610663503213,0.0036344275280138292,0.05410889616683172,1.4382798056696454e-07,7.675047070379552e-05
33,0.002159869133908388,5.48312073404042e-06,3.451589271669639e-06,0.00038255257287377894,0.0006027576785833875,0.002072072325959734,0.00011452347536140645,0.00019187998173701416,1.4897124334057419e-07,2.3752083878155647e-07,0.6602720644714893,0.21309936951933045,5.344086257085401e-09,0.0021495690427382093,0.0006622432104139577,0.00010366829345576802,0.00010000825587948712,0.0027974662402985846,0.0016703747142537166,2.206092477266012e-06,0.02752215161357221,0.00670122295430143,0.07933474137217054,1.858606931564002e-07,5.174664432804757e-05
34,0.0033212414473959683,4.147570966407535e-06,8.698893718085074e-06,0.0002708718104914137,0.00042730591037212377,0.003184047874033662,0.00020515036932343249,0.000249340189740644,1.9351944733943094e-06,2.7966779328837904e-07,0.8000009449705108,0.13230952321516162,3.9319476541938304e-09,0.0013753977421426674,0.0017702342417863675,0.00014893175333759195,4.253528919515667e-05,0.0009988475580121861,0.0045456080461661556,2.186702183695673e-06,0.025471614161009657,0.002978246490131194,0.022555288742319636,1.522172306592779e-07,0.0001274660105565381
35,0.005111910004793389,5.995233863149251e-06,6.5007443727620475e-06,0.0008790752182741787,0.0003117085789429443,0.0014092816126446495,0.00020089616643524324,0.0008842741020968168,8.709340144107573e-07,6.412211326035781e-07,0.640629469896865,0.2556604051072245,5.3712598915265825e-09,0.0009803135893906353,0.00047067199306254526,8.799312370776572e-05,0.00014149194836128912,0.005770477456283707,0.0035972210701141027,4.6668286729320714e-06,0.04850290892543369,0.005742956088211045,0.029354739148559336,3.670541222436409e-07,0.0002451585821612285
36,0.003993947259890785,3.5869326410220915e-06,1.0390595678081028e-05,0.0003408412346430164,0.000874494716809705,0.0006893897854164958,8.313041183222561e-05,0.0005003107065600987,4.956562807553431e-07,2.3917820958794353e-07,0.2949894152331017,0.6164414923660533,6.004737254658813e-09,0.001992010285792491,0.0012557595029365181,0.00013610718234389056,0.0003041144748770554,0.000773687511651262,0.005357407479858632,1.5112923971635306e-06,0.03197786965039682,0.006465667091552405,0.0336421648408362,2.3922718899783273e-07,0.00016572137831464583
37,0.0032558468602650985,3.1420665767428583e-06,4.941847847334314e-06,0.0003247222983859129,0.00032814670332606397,0.0016146857922527363,0.00014213379638838272,0.0001452155674696706,1.8230095632332323e-07,1.3510310758902923e-07,0.700909596249862,0.21400302819164713,3.6907600722072912e-09,0.0016354254122380612,0.0004922089268024622,9.229016929140399e-05,6.253226065144143e-05,0.0022793069948173566,0.0012628343675173633,1.9773867301906835e-06,0.02184327641147174,0.002809129478849238,0.04872252448587263,1.6241669330775395e-07,6.655122021970775e-05
38,0.0021337351895564737,1.4732352220170235e-06,1.7122081719589889e-06,0.00011541285471400584,0.00015178112267916438,0.004723145545710029,0.00019430500004345434,5.016854728360092e-05,1.491427562947153e-07,1.0811720102240637e-07,0.7987816994647707,0.09264637276389923,1.2843831903537806e-09,0.001068340379409701,0.0010014955737897284,0.00023551152421561898,1.947170126708025e-05,0.0012714025084353884,0.0011037085100097566,1.366902382201892e-06,0.019642906952593565,0.0022000135250611597,0.07462293560572937,6.052999578747877e-08,3.2721810719327216e-05
39,0.0019021303851450388,2.7502597690261037e-06,4.522176045438422e-06,0.00042210615997571144,0.0004491958843212211,0.0024884629898372615,0.00012427146272406335,0.00021430096226803766,2.905665239000486e-07,2.3795947048590093e-07,0.7079685921599452,0.1860228774185551,2.9598217270579095e-09,0.0015182831186036111,0.0006839739691289459,0.00014149882470799842,5.7334302393250824e-05,0.0018597963413717403,0.0018171810038657705,2.4866890777585887e-06,0.034280736699648706,0.003070872475734063,0.05689263088046988,1.322373082749516e-07,7.533211328785343e-05
40,0.003708311782625524,3.1027063442646047e-06,4.27067586190222e-06,0.00013368838572930657,0.0002861639171854203,0.001945211669650462,0.00010578128935589085,8.03163861138749e-05,2.1200205724787389e-07,7.48010555629267e-08,0.6882898353064394,0.23840276053439052,1.8373857386524285e-09,0.002166453440425576,0.0008782587397605163,7.764398111089259e-05,5.085183124127722e-05,0.0014924970588776369,0.0017119619626924452,1.0462945852900918e-06,0.02178211620888517,0.0055704393709175,0.03324442242769216,7.337384755535844e-08,6.450401576897009e-05
41,0.0017950519485554974,5.750983048006994e-06,1.4910365291561683e-05,0.0005310023315060683,0.0014483133674883723,0.005858122858602722,0.00015427308640947177,0.00028550204998162136,1.874382674752281e-06,5.668341052914295e-07,0.7629129610529105,0.1341302891854982,5.137795846981437e-09,0.002766814186340108,0.0022546485592388936,0.00025190819234925514,4.4659137646094095e-05,0.0009384402091173431,0.0037375364878669726,2.7871577993642996e-06,0.03896558879854137,0.0031412408509813665,0.0406091824053692,2.0455085397318721e-07,0.0001483658800280718
42,0.001664472076349056,4.067784213366168e-06,5.106454551808197e-06,0.000546650337438868,0.000471659733812178,0.0023926276864533968,0.00012324712122691237,6.408561206988896e-05,1.9136258946114968e-07,1.5835635959062355e-07,0.7942714312290949,0.1309225765708508,7.55094280178749e-09,0.002093245361132754,0.0003008024910334631,4.293734905863003e-05,2.8088785384100815e-05,0.0028803807863852955,0.0005027878603953454,1.4701199774075908e-06,0.013591717665237908,0.0009327307080641411,0.049088917325330425,1.8477841196807798e-07,7.045489363537361e-05
43,0.0011385640280016012,4.300867242012367e-06,2.4981999279197832e-06,0.0005985862714102074,0.0009857947182329385,0.006715971320966079,0.00011372091339626357,0.00047137135632048885,5.349270947838986e-07,1.2732999582595629e-06,0.6393233776985126,0.11553829924110327,1.9365023848771557e-09,0.0013817803015164084,0.0017806215191295868,0.0004259680841556178,7.844905131387079e-05,0.0020625010775858683,0.004975826350576741,2.495423054737378e-06,0.11774986711989809,0.007304053449158644,0.099240925360119,1.538329902124519e-07,0.00010306365183253208
44,0.002043679924257565,3.3425414140206213e-06,4.452314633138004e-06,0.00039191998775518034,0.00042573625459876174,0.0022662195358479475,0.00012859854531792564,0.00018889352245065832,2.7767267926581885e-07,2.170560594950044e-07,0.7271917983743338,0.17342592319266467,3.4544738766835197e-09,0.001514372156011921,0.0006988314072391558,0.00011497675331373883,6.042628057546152e-05,0.001940946757366234,0.0016092091753678625,2.2789458655775483e-06,0.028724466505250675,0.0031643685571958033,0.056025880115655596,1.5001549492904554e-07,7.303095417693721e-05
45,0.002112235380086074,2.958352751037958e-06,6.646033980128295e-06,0.00030356934014315584,0.0005550828370010268,0.0020100611109866435,0.00017287982435809591,0.00028828331338915004,5.115764643536142e-07,2.0738394296930139e-07,0.7490457645456581,0.171583820886403,4.918974217968166e-09,0.0013237899962587844,0.0011288542132161777,0.00013758972407893142,6.727427203315683e-05,0.0009952594540784,0.0023725972570609465,2.460995173583821e-06,0.02016058292997415,0.0032061509439872647,0.04446972850971957,2.0058590921559266e-07,5.348561437179517e-05
46,0.002840623052491106,3.778779448599298e-06,4.59834842560093e-06,0.00045108723850127653,0.0004423576910005007,0.0007978780186258899,9.593391542188661e-05,0.0003411851639969953,1.745532477621488e-07,1.7813439371007198e-07,0.6145940087630741,0.27862506201960413,4.755893652322021e-09,0.000984635490166198,0.0006753590118841688,6.788080172318241e-05,0.0002517716471274342,0.0024125498744609875,0.0014841007216767602,2.012215280195119e-06,0.031997478077262345,0.004588697648880967,0.05925265728384262,3.477990615716931e-07,8.563899450835847e-05
47,0.006442130788493264,3.588029529130229e-06,4.21115036985087e-06,0.0001753079126668905,0.00018155197506427483,0.0014763668888587423,0.0001705623144582188,0.00013540035156353795,1.7426353824618755e-07,1.442795955243265e-07,0.5715038734292831,0.34519783907137286,3.3263686104182963e-09,0.0011576159147135621,0.0006841064466367847,0.00013195064843364457,0.00010557718561344788,0.0027200523180253514,0.001473856950091442,2.2080776342341018e-06,0.021680628871086644,0.006800909948873435,0.03986871060292511,1.7727719300223293e-07,8.305197761128224e-05
48,0.004356651784765897,1.303857209297638e-05,3.491000854265766e-06,0.0005348138052695743,0.000652304301624764,0.0011669467270254007,0.00021230415067193865,0.000810653972764271,2.9401668749680683e-07,6.311219909840486e-07,0.5566895474201373,0.234841817885694,8.294157392605427e-09,0.0017926942435581117,0.0017510502442484109,0.00018735954335393382,0.0004512908525014164,0.002596810646944599,0.0069514859753875575,2.8152577269833465e-06,0.05227322612431689,0.016673235493535537,0.11792358759590478,4.987784305461697e-07,0.00011344219035488481
49,0.0013731360621440764,2.1707087854243235e-06,4.341992893540375e-06,0.00031270322420642285,0.00044539991901631826,0.002496261773542325,8.92384145816127e-05,0.00013170003641405293,2.1435882778499573e-07,1.5254667529812546e-07,0.7036275429545461,0.2163048516915171,3.007995904584772e-09,0.001640749700155713,0.0005123456298669368,9.441433415173315e-05,4.354113851048972e-05,0.0016705648257683606,0.0011925037653782535,2.195074405907667e-06,0.02349639485076297,0.003073447534076107,0.04343925800692074,8.563919295685704e-08,4.6782809663682346e-05
50,0.003747576250731955,9.051764800531875e-06,8.006520907718853e-06,0.0008101871295208847,0.000775876959154755,0.0057491069003043575,0.0005557255755311532,0.0004979440314875334,1.0528815226147725e-06,1.335887024055273e-06,0.6699817055330765,0.15219466293019343,7.327611627356997e-09,0.0043961854843200905,0.00151930593224485,0.0006459698631291811,5.2846158098237466e-05,0.0020436540294850357,0.008598215908363462,5.7334552298247555e-06,0.05027792883053537,0.007674108135668534,0.09028142784024085,2.2767908142781383e-07,0.0001721569917360272
51,0.0013899781780991848,3.3549532121123472e-06,3.0746513715931385e-06,0.0005605904663768198,0.000268034087489832,0.0015361020274141405,0.00013430615832260773,0.00018776765263214937,1.7431289554203366e-07,2.087720718772612e-07,0.776085294101183,0.13956743716350944,3.0452475844799337e-09,0.0015839834114358207,0.00027370127148227205,4.7146228715302325e-05,3.716052783882354e-05,0.0033981126325427226,0.001063807952117727,2.304518547873845e-06,0.03227361792311529,0.0027642840566078145,0.03876789229339149,1.0704350769126183e-07,5.1556570871386024e-05
52,0.0010601395535522918,1.6522152501860763e-06,1.441627250562739e-06,0.00019057052646070697,0.00011383887518727217,0.005513415633934256,0.00013937295463440375,3.689049099344467e-05,1.4068281715711076e-07,1.2082314508153192e-07,0.8740966746154475,0.05288256535202314,2.1064558966568446e-09,0.0007442897186574074,0.0003162972649314307,7.18263701007329e-05,1.0500425414344845e-05,0.003514981949615944,0.00030730938263362755,2.2535449964653432e-06,0.01179395078404566,0.001407250352633039,0.0477707119296644,6.756150336114031e-08,2.3735258651615346e-05
53,0.0016455528888838597,1.680471405595929e-06,2.42001183985476e-06,0.00021311037470598285,6.989461632794e-05,0.002204727162955827,0.00033537390545286213,8.14013284822726e-05,2.1981360140266098e-07,1.0360249272531727e-07,0.8574006927813379,0.04975923691896868,1.9495365187108254e-09,0.0006179194846112607,0.0007032877468680856,0.0001385741636065247,1.873481015098109e-05,0.0012708749186493382,0.0006209955834184045,3.3399155059541684e-06,0.011826075400919527,0.0012641669087754724,0.07177665752970704,1.126543926383418e-07,4.484505740307897e-05
54,0.005165484135102227,8.696782419600458e-06,7.82458862648633e-06,0.0005284962649401069,0.0003656559427218441,0.004642791417759397,0.0004405213134841085,0.00015798821519071049,5.834021276159439e-07,5.146983101084393e-07,0.6247568913014622,0.21311448512194925,6.39826539928758e-09,0.0043832629159883075,0.0016172235823161344,0.0004147757775874553,4.744601271786071e-05,0.002072663288164798,0.002879151862173913,4.429898324598857e-06,0.033247984780469565,0.005381100377107876,0.10049895822637242,1.8838118040296247e-07,0.0002628753152375117
55,0.0029016616934724373,3.2753342268570822e-06,7.288846618836545e-06,0.00040308537109498283,0.00022438393856597606,0.0011891493005369235,0.00013565877865393748,0.0001652426967690239,4.38150821252632e-07,1.461948350943386e-07,0.7143713448604257,0.24116479614678488,6.748457434287888e-09,0.0009317081311284024,0.00031500385171817104,4.1561304334771174e-05,4.976397764046117e-05,0.0026246931932631806,0.0009179037264217905,2.9166703765381993e-06,0.013651690434441493,0.001594993552113519,0.019205875159181054,1.9685102951799436e-07,9.721508708766578e-05
56,0.001999008865329452,3.538223848466107e-06,4.680492059422013e-06,0.00039160287303925163,0.0004324649639694672,0.002179406175805671,0.00012895908013856592,0.0001843435395945201,2.8727207504817406e-07,2.1263735677709505e-07,0.7351746504831076,0.17160512368185332,4.116212795365633e-09,0.0015285902976185958,0.0006738831276792148,0.0001048162155104342,6.127643506678585e-05,0.0019428111780455113,0.0015332123523236927,2.361536140886081e-06,0.026263048456184247,0.003031918200060539,0.05268545366972344,1.5895713817559378e-07,6.818717011803216e-05
57,0.0018334509329009203,3.1319683749910905e-06,8.757174871516652e-06,0.0003905115973455739,0.001006189950543153,0.0017405627971883633,7.426372955338295e-05,0.0004090218275291112,5.366112415050264e-07,3.5930036118201937e-07,0.4817823344667532,0.42371899139766067,4.398817079009692e-09,0.0018793702663373784,0.0008796236232839023,0.00016338114992119258,0.0001329137361055846,0.0011560816066652291,0.00425901922647683,2.3820701302918353e-06,0.045389838596797454,0.005757248914702493,0.029320051504095418,1.4125668347067667e-07,9.183189566032113e-05
58,0.0022068230154934695,3.782221542421954e-06,4.760435397461031e-06,0.00038921359828410527,0.0004404942508445046,0.0019253904292236314,0.0001324753393272463,0.00020517230655988598,2.6227222939613705e-07,2.220559259036169e-07,0.7215422440823517,0.17633157924878642,4.050319213619189e-09,0.0013925349740556503,0.000709385296076894,0.0001033188445881647,7.843235771441275e-05,0.00215927882971929,0.001462193002422042,2.1819916423830266e-06,0.028553246569375086,0.0033255966203049243,0.058958786789644814,2.086510831792873e-07,7.241276708785755e-05
59,0.0022968924741235464,3.670612122340313e-06,5.860716974285079e-06,0.0004012074738863335,0.0004429191916656316,0.0018277176675277275,0.00014033832076424,0.0002188629571314691,2.7492567570216265e-07,2.230528721271823e-07,0.7206489773174123,0.18137023727061952,4.284277131585165e-09,0.0013320826409292605,0.0006722631867759273,0.00010676809127680396,8.042011765946703e-05,0.0022748787607482753,0.001309580784752276,2.462716238623507e-06,0.0278220713595535,0.003115245395818214,0.055851993272422996,2.498584906089825e-07,7.47975502816146e-05
60,0.002043679924257565,3.3425414140206213e-06,4.452314633138004e-06,0.00039191998775518034,0.00042573625459876174,0.0022662195358479475,0.00012859854531792564,0.00018889352245065832,2.7767267926581885e-07,2.170560594950044e-07,0.7271917983743338,0.17342592319266467,3.4544738766835197e-09,0.001514372156011921,0.0006988314072391558,0.00011497675331373883,6.042628057546152e-05,0.001940946757366234,0.0016092091753678625,2.2789458655775483e-06,0.028724466505250675,0.0031643685571958033,0.056025880115655596,1.5001549492904554e-07,7.303095417693721e-05
61,0.0020541073859572582,3.3812982307333906e-06,5.869701146926081e-06,0.00036559738420000526,0.00044010252922940926,0.0018281200816523664,0.00012477133927119998,0.0001895079344131297,2.797254577332497e-07,1.9306487381006367e-07,0.7285170023358721,0.18516765133917,3.973862286278608e-09,0.0013845458667279755,0.0006383292775260617,9.661200771224006e-05,6.871567030427866e-05,0.0019537031070572465,0.0013150943972890198,2.2955787962507546e-06,0.025831181525165094,0.002913960005407212,0.047030121300131414,1.9436276690052946e-07,6.865880777942464e-05
62,0.002043679924257565,3.3425414140206213e-06,4.452314633138004e-06,0.00039191998775518034,0.00042573625459876174,0.0022662195358479475,0.00012859854531792564,0.00018889352245065832,2.7767267926581885e-07,2.170560594950044e-07,0.7271917983743338,0.17342592319266467,3.4544738766835197e-09,0.001514372156011921,0.0006988314072391558,0.00011497675331373883,6.042628057546152e-05,0.001940946757366234,0.0016092091753678625,2.2789458655775483e-06,0.028724466505250675,0.0031643685571958033,0.056025880115655596,1.5001549492904554e-07,7.303095417693721e-05
63,0.002084186473613405,3.973288045508015e-06,4.409580530398668e-06,0.00037539076479153216,0.0003952344830692544,0.002165525740977956,0.00013257707110734038,0.0001820356070636743,2.928916976696509e-07,2.185618353382612e-07,0.7468873563209198,0.15896906352839069,3.789344406963659e-09,0.0014449615506764415,0.0007241786943720896,0.00010146852743812032,6.205681390334773e-05,0.0020429317675044393,0.0015417115772629571,2.309083855646496e-06,0.027107727012184363,0.003323471202958599,0.0523750544081927,1.6383600306548462e-07,7.369742426113247e-05
64,0.0017899498860896885,3.076678833609147e-06,3.6992464570433066e-06,0.0003765097846226504,0.0004269956173364427,0.002046652232297608,0.00010535410523345439,0.0001963987607534491,2.426879041879562e-07,2.1987555505346403e-07,0.722721677220619,0.167284789973478,2.4815657320969355e-09,0.0013026050086321302,0.0007316213729628734,0.00010884502827372922,6.635689799533665e-05,0.00194152893013112,0.0017037770671573197,1.773388374774284e-06,0.04123120574946749,0.0030823481390809884,0.05480094217092766,1.4301599321848875e-07,7.328468025758141e-05
65,0.0019441605171243348,3.141232205900964e-06,4.2676808486623304e-06,0.00039346943423787745,0.00043946661516769804,0.002413517807987009,0.00012071286329552791,0.00017921264710672047,2.5685532904170444e-07,2.1730808054771922e-07,0.718705322304859,0.1791544911737958,3.270148954760719e-09,0.001571308084768525,0.0006653601733258638,0.00011866494124049515,5.786710640867064e-05,0.0019869625410210466,0.001571669583081874,2.2340487898484924e-06,0.0299174724740387,0.003143035814452524,0.057536310961499304,1.3716967710552847e-07,7.073739150899418e-05
66,0.0016718954508107167,3.7371491977502592e-06,1.301614028255238e-06,0.00017243314250396676,0.00022743944970086453,0.0006213809458479208,4.2458831305497115e-05,5.439216145873987e-05,3.352869398208184e-08,3.617009838589225e-08,0.7636970705818129,0.0929706667642299,1.1002019309542278e-09,0.0006363283467710474,0.0008546163357022258,1.5009265052864075e-05,0.00013184485510169745,0.0027069824857793106,0.00024288663381753371,3.03887784753032e-07,0.02475252362328996,0.0024250016325527636,0.10871675462662944,2.7184164625164107e-07,5.462957598154487e-05
67,0.0018601795728243708,2.895665062363382e-06,4.273750533399599e-06,0.00038165346043928596,0.00039460574662257607,0.002517277032000078,0.0001277396270778871,0.00015055903918968525,2.2932257440966768e-07,1.9013034697355374e-07,0.720808851258125,0.1727200661605799,3.282989251887203e-09,0.0016404108114332593,0.0006645500312112343,0.00012631240548204622,5.167742955612075e-05,0.0019018044737668651,0.0013305412056311564,2.4171095692064452e-06,0.026769939633129777,0.0028611329500742868,0.06561403868052165,1.290081960470324e-07,6.852221306291992e-05
68,0.0020183296525876503,3.2480894309006906e-06,4.251913542616981e-06,0.000384530065535928,0.0004048519141133273,0.002262557846018805,0.00012601123689458575,0.00018157542180247672,2.624902448552907e-07,2.099323896182923e-07,0.7290300919191048,0.1713837849538772,3.33171636058098e-09,0.0014594490460488095,0.0006773269976553884,0.00011231252039676885,5.957270703749005e-05,0.0019952128354761324,0.0015170287274493715,2.265803063459783e-06,0.028482810434414054,0.0031188129756673237,0.0567038036147842,1.4704530333367446e-07,7.15485254444657e-05
69,0.0020689199349352345,3.4270544560787704e-06,4.8112535291349e-06,0.0004302513702074171,0.00042367450829635853,0.0022139081135333152,0.00013520609685974315,0.00020664198080171751,2.9376039447039875e-07,2.344203707260863e-07,0.7244595360113375,0.174550182608029,3.641228183657446e-09,0.0014867994756749437,0.0006906571879147017,0.00012033378180700957,6.305640597465727e-05,0.00201908701935748,0.001620635777676659,2.553980281054296e-06,0.02975889130793046,0.0030878361617142263,0.05657322994182893,1.643178368149992e-07,7.966388802401748e-05
70,0.002323419305882534,1.7413762339728328e-06,1.3164745790437644e-05,0.00037500768075009205,0.0003657599754680711,0.004640080512077765,0.00013467274429838376,2.6295817662321007e-05,1.6847345939878833e-07,8.173092520795152e-08,0.5375396611032012,0.37133936729391204,3.3766774459544135e-09,0.009374312897103502,0.0003262696822947583,0.00017624157494989138,1.2997103441376688e-05,0.001512048992348643,0.0005697927015094025,2.924709104130035e-06,0.017471252783355713,0.0016141119425747846,0.052066894777738675,3.568905502222895e-08,0.00011369301018533951
71,0.0018172401783384201,5.5118775751144886e-06,5.722876906802516e-06,0.00045873463721271757,0.0009037124019952499,0.00337943068298815,0.00010308545108835246,0.00020308653773978757,4.6413068356594094e-07,3.7540017667408326e-07,0.7097638286509523,0.1848501455882148,4.569615680977845e-09,0.0022369898636289526,0.000983977712245417,0.00011851337009761595,6.609112528723277e-05,0.0018484414320689014,0.002278530704973236,1.8341887528039001e-06,0.0347772785652322,0.00422768437008163,0.05187272705803448,1.6386762741314463e-07,9.642475848260588e-05
