,0,1,2,3,4,5,6,7,8,9,10,11,12,13,14,15,16,17,18,19,20,21,22,23,24
0,0.03622095411790293,2.515536853139057e-07,1.318590565426945e-05,8.081068997798834e-07,0.007753543464414152,1.1527526649688175e-06,0.00024298038381555983,0.0001181688773737572,7.993233034633932e-05,2.1962397431624607e-09,0.9500517948032421,3.2003620910086535e-05,2.733363395714847e-05,8.388819609683249e-05,1.1842742316669022e-08,1.1500889623834056e-09,1.119106459831983e-05,0.003858742580035678,4.3827580116365507e-07,2.5992198319165465e-08,0.001473482622357648,2.6164384729487925e-05,2.7373731316792043e-06,1.0150837887381385e-06,1.8968732477854277e-07
1,0.033684141005484135,2.3522570240018987e-07,1.53669897792202e-05,6.916277847844566e-07,0.0085773160314234,1.9557693393060222e-06,0.000325130866133647,0.00013319230560496489,0.0002023809348763395,4.626943084110976e-09,0.9487441367683881,2.3983553595606758e-05,3.960453679300214e-05,0.00012920410300608967,1.5717799224607364e-08,1.4962600792938296e-09,6.677030142560056e-06,0.005772177268415192,8.216070056798629e-07,4.858625639602483e-08,0.00229816980510665,3.932267526295681e-05,3.5472952602901364e-06,1.6016547649271668e-06,2.7251887195924754e-07
2,0.024179391485573697,2.3202361514857214e-07,1.098138772315865e-05,5.263208315674287e-07,0.008198074952036592,1.3426638164072159e-06,0.0002057406848325448,0.00011225649201682613,0.000141731854751351,3.2772672446357785e-09,0.9621783909921315,2.540378566691466e-05,2.4651845615904293e-05,0.0001470236985565942,1.7175821011219306e-08,1.010477421469512e-09,6.463935817256534e-06,0.0032748276421525222,4.2878983982648357e-07,4.036340486735015e-08,0.0014521498604543011,3.643364995996357e-05,2.5477515839337435e-06,1.0433337852021777e-06,2.9502226811513917e-07
3,0.031024638143450786,2.285503476944528e-07,1.1312023476715488e-05,6.021237043724734e-07,0.0067075768159927905,1.4725499307198947e-06,0.00023244188493972968,0.00011703521359494911,0.00011889857414878185,2.8956373799242833e-09,0.9562865283989328,2.543040841953959e-05,2.7762365938875034e-05,0.00010372398328216787,1.3928036121412557e-08,1.030490606652439e-09,7.299138403832077e-06,0.003811613455605365,5.029826917462442e-07,3.0688012487897635e-08,0.0014841502391623755,3.4953754994329e-05,2.5953016511652164e-06,9.631797010205072e-07,2.223694539846441e-07
4,0.030913636587916186,2.5403941509293154e-07,1.2870032794603571e-05,6.419092116810823e-07,0.0067946649372633726,1.3882132437658626e-06,0.00025208141442245683,0.00012669107462096233,0.00012757392551296655,3.2346999563019e-09,0.955633053324199,2.6919285941432483e-05,3.265888600809501e-05,0.00012588237135822828,1.3536303697631357e-08,1.073783031518104e-09,7.435570118444518e-06,0.004240811721935907,5.203644375355987e-07,3.654915954340911e-08,0.001662265179869754,3.6677825325435396e-05,2.648746232690727e-06,1.0407127045205737e-06,2.2948352176679466e-07
5,0.034317112478512254,2.2820130612359676e-07,1.4056693854246454e-05,8.630589166647239e-07,0.008253985388675783,1.6554650184040246e-06,0.0002604400506891979,0.0001278852867444349,0.0001317285634866385,3.6559112634763736e-09,0.9484291979739444,2.4005633926337423e-05,3.258639768902414e-05,0.00012014580157130953,1.25129588067624e-08,1.125679225309014e-09,7.816046194965128e-06,0.006367155576961325,5.873250538773376e-07,4.023976388244866e-08,0.0018755688468302728,2.9730156843443677e-05,3.7788874330616843e-06,1.217389752493123e-06,1.9724228258537164e-07
6,0.031024638143450786,2.285503476944528e-07,1.1312023476715488e-05,6.021237043724734e-07,0.0067075768159927905,1.4725499307198947e-06,0.00023244188493972968,0.00011703521359494911,0.00011889857414878185,2.8956373799242833e-09,0.9562865283989328,2.543040841953959e-05,2.7762365938875034e-05,0.00010372398328216787,1.3928036121412557e-08,1.030490606652439e-09,7.299138403832077e-06,0.003811613455605365,5.029826917462442e-07,3.0688012487897635e-08,0.0014841502391623755,3.4953754994329e-05,2.5953016511652164e-06,9.631797010205072e-07,2.223694539846441e-07
7,0.030209416086137208,2.345438954926695e-07,1.1317585637445524e-05,6.128360616489877e-07,0.007083759236210643,1.5075712686839873e-06,0.00023475916070708167,0.00011649331611513283,0.0001244563362050317,2.9782761045534793e-09,0.9566512762842143,2.613251002031652e-05,2.714476687552091e-05,0.0001092510189809942,1.4268091432436707e-08,1.0599708220737597e-09,7.510756259674159e-06,0.0038264199491738903,5.096483423228047e-07,3.1420928547076774e-08,0.001529925621145293,3.522689356438198e-05,2.742575330812244e-06,1.0171391595933066e-06,2.364374276481973e-07
8,0.060841536610903794,3.5626154255305314e-07,2.9435067323842175e-05,9.64949770274917e-07,0.012035885715778884,1.3301910301532658e-06,0.0001462743158231732,9.977373771817468e-05,0.00017903363086923187,5.0835543886989746e-09,0.920982121729324,3.661207246860217e-05,3.378425959063182e-05,0.0001937738014777861,1.6102951903569762e-08,1.4169492891272418e-09,1.1551239165401683e-05,0.0038635764086152632,3.199100252652069e-07,4.4090354826409866e-08,0.0015013195012259708,3.3732753211029295e-05,4.955323239640796e-06,3.0855751279743096e-06,5.102519578072066e-07
9,0.041815957436066135,5.187701671525765e-07,3.160181708871038e-05,9.753837570336753e-07,0.012876632631621037,1.3578397272837503e-06,0.0001825580358487401,0.00013806786627999844,0.00024434026707095027,9.340290242816327e-09,0.9360849087686459,3.576004507172181e-05,4.360806683498524e-05,0.00034759080254335816,1.7260059782806948e-08,2.035539662044014e-09,1.1809375359949659e-05,0.00544247183164998,5.703312513236994e-07,7.237727691780289e-08,0.002685682098911058,4.562099248784741e-05,5.384540131622555e-06,3.817774319861512e-06,6.643119989948231e-07
10,0.031024638143450786,2.285503476944528e-07,1.1312023476715488e-05,6.021237043724734e-07,0.0067075768159927905,1.4725499307198947e-06,0.00023244188493972968,0.00011703521359494911,0.00011889857414878185,2.8956373799242833e-09,0.9562865283989328,2.543040841953959e-05,2.7762365938875034e-05,0.00010372398328216787,1.3928036121412557e-08,1.030490606652439e-09,7.299138403832077e-06,0.003811613455605365,5.029826917462442e-07,3.0688012487897635e-08,0.0014841502391623755,3.4953754994329e-05,2.5953016511652164e-06,9.631797010205072e-07,2.223694539846441e-07
11,0.03223118932150421,2.3945565883908336e-07,1.2185363244639542e-05,6.51516776149429e-07,0.006749402671341015,1.4678610810713948e-06,0.0002527375005069713,0.00012150407119291035,0.00012212310565062803,2.9976635068931624e-09,0.9548065291324049,2.751099412433948e-05,3.1865677300133175e-05,0.00010542239980087926,1.4521026359214321e-08,1.1432700877876233e-09,7.587825704053502e-06,0.003973440390576044,5.326896798054791e-07,3.44120974452186e-08,0.001515338697351962,3.630548482984642e-05,2.623911544084232e-06,1.0604263655266318e-06,2.2842930470528366e-07
12,0.02685720319636882,1.964652186931482e-07,1.337146845575641e-05,4.845610679875786e-07,0.009603303016508916,1.372386399954618e-06,0.0002005131433483057,9.506902480292949e-05,0.00012509904386064771,2.7856813630909346e-09,0.9579190013728872,2.521065858540782e-05,2.1108816698053242e-05,0.00012936908677376244,1.2058491334816777e-08,8.799393330054048e-10,7.817878596542977e-06,0.003396501111380294,3.3224614526703875e-07,3.444369206570105e-08,0.0015723896661686725,2.7232064148523695e-05,2.9769782542770036e-06,1.120594450589183e-06,2.7705207548100917e-07
13,0.06167446327501431,3.8363019893215095e-07,2.5564702971526643e-05,1.8852185719435495e-06,0.013330979354634712,4.125050964533235e-06,0.0005327815337429683,0.0001610822708864266,0.00029212015391751143,8.469240671127193e-09,0.9084937488453231,2.562287683949213e-05,5.988350360725993e-05,0.00013500281408278733,1.854929558500419e-08,2.364011090197e-09,1.2862892857056366e-05,0.011753240039095406,1.4174268394832755e-06,6.113174410589416e-08,0.003439008204595979,4.283714233224528e-05,9.726355171436313e-06,2.8924087166881616e-06,2.8178534486956644e-07
14,0.01408944387999649,5.156603781855485e-07,1.1023231367702828e-05,1.135665358494042e-06,0.010526084991647556,6.877392702525971e-07,0.00014580234362575895,0.0001020372194395748,6.08693250238556e-05,4.972116332877574e-09,0.9645094009468144,1.074418069496191e-05,2.7075028181392567e-05,0.0001597399427224295,7.0004825061245956e-09,5.586390666512198e-10,1.0187856121772305e-05,0.0068608284446791765,9.259963973835812e-07,2.9111125447060378e-08,0.0034610666668351006,1.8967221802901116e-05,2.617981127617782e-06,7.07140303935246e-07,9.689584756305799e-08
15,0.031024638143450786,2.285503476944528e-07,1.1312023476715488e-05,6.021237043724734e-07,0.0067075768159927905,1.4725499307198947e-06,0.00023244188493972968,0.00011703521359494911,0.00011889857414878185,2.8956373799242833e-09,0.9562865283989328,2.543040841953959e-05,2.7762365938875034e-05,0.00010372398328216787,1.3928036121412557e-08,1.030490606652439e-09,7.299138403832077e-06,0.003811613455605365,5.029826917462442e-07,3.0688012487897635e-08,0.0014841502391623755,3.4953754994329e-05,2.5953016511652164e-06,9.631797010205072e-07,2.223694539846441e-07
16,0.029675200379869673,2.221172669697761e-07,9.937170606854097e-06,5.465727236539589e-07,0.005772654228120088,1.3108200540046512e-06,0.00021027381159149054,0.00011849672524164915,0.00010468551915241055,2.595910505317362e-09,0.9591217504887624,2.5993795582617313e-05,2.5637013826850467e-05,0.00010147161196664367,1.3946873972795395e-08,9.52806460398804e-10,6.949890901734875e-06,0.0034799373139144433,4.613695750258361e-07,2.751248390806856e-08,0.001305158876718294,3.6084352326501716e-05,2.184434675205563e-06,7.891587391877891e-07,2.0934030935336026e-07
17,0.030447833225447578,2.1797403887847285e-07,1.2257838317440429e-05,5.683497335631587e-07,0.0070983514917753185,1.349428330816813e-06,0.0002474324645103651,0.00011476300186250086,0.00011815871334635641,2.6076575278570158e-09,0.9562371142857238,2.726301727122677e-05,2.7207060188301804e-05,0.00011364456124039071,1.1621169410750747e-08,9.4472845701904e-10,7.54546708831473e-06,0.003932668256772695,4.2896379318274523e-07,3.095305394070679e-08,0.0015777412358457907,3.156954577355007e-05,2.644120732645196e-06,9.757579899487044e-07,2.1911360790781422e-07
18,0.027038426301722877,2.6442322078813437e-07,1.3329878360500091e-05,4.5737355759998156e-07,0.006975048976360349,1.354635327631323e-06,0.00025767993565631347,0.00011603929470048971,0.00012624556057558824,3.059073621354821e-09,0.9597971146529263,3.524653036144814e-05,2.543313151136131e-05,0.00015006296675742635,1.524926187073061e-08,1.418640715366757e-09,9.725288807706224e-06,0.0034440013996578293,4.927205202108647e-07,3.567337552880943e-08,0.001966798479357957,3.762644685853205e-05,2.958911592706391e-06,1.245904717447565e-06,3.9178709722692144e-07
19,0.029804058133930843,4.1659932324450325e-07,1.186844971386713e-05,1.4118440812958456e-06,0.012600843964297554,2.7165330532379384e-06,0.0003204523731023452,0.0001388728102353375,0.00024336672719760082,5.498583098803354e-09,0.9511902280417939,3.5984516539209375e-05,3.7980023065664286e-05,0.00015215637148132066,2.5485411291894848e-08,1.4116468847080392e-09,8.612310753388262e-06,0.004022589706050813,7.40937523377708e-07,4.8216672816240926e-08,0.0013647387145124612,5.723983907224583e-05,3.791224068102767e-06,1.5352882428239558e-06,3.149796474713712e-07
20,0.03387775375378392,2.1256692002112535e-07,1.3064615135938894e-05,6.069034821253178e-07,0.007707159413772895,1.45905872494373e-06,0.00024383896569122956,0.00010644563768709584,0.000119632353734748,2.7193977898985014e-09,0.9518487030308405,2.6923473377860795e-05,2.651642764880526e-05,0.00010060078053095517,1.232416652837361e-08,1.0879814690478133e-09,7.996341110937364e-06,0.0042357193682943705,4.772345325580906e-07,3.014279351497185e-08,0.0016500219966542815,2.8301118859943805e-05,3.112465770716415e-06,1.1733402421920388e-06,2.3487886476791542e-07
21,0.04913725139075819,2.2565831564905255e-07,2.5434090354372453e-05,5.730263819476645e-07,0.006593134716689866,7.271312827870846e-07,0.0002180425318266522,0.00013442340844669926,0.00010084598568132453,2.7558009302459863e-09,0.93408435819087,3.939083078462997e-05,3.751848864828866e-05,0.00018176966255259138,6.884325401157738e-09,1.2846079032683967e-09,9.490993616389645e-06,0.007163147012598555,3.1119932933001265e-07,4.087858080240442e-08,0.0022452271264592496,2.3252955540669617e-05,3.013814674894082e-06,1.5655556067149905e-06,2.444262662038686e-07
22,0.01772776666394615,4.100463353187681e-07,4.9673569050920495e-06,9.479211248861345e-07,0.019961123553029054,2.6025077908280744e-06,0.0009226304458834495,4.901770380575973e-05,0.00093728129926116,1.6831345956795043e-09,0.9584762063695165,0.00010736650830312541,4.458393742580234e-05,0.00012021018959928151,7.833160815710093e-08,1.7997501871113603e-09,2.6300067839439843e-06,0.0009266319008211832,6.778775898494649e-07,4.54852362704002e-08,0.0006405394924598785,6.587779466028462e-05,2.286869487876556e-06,5.0109836183447945e-06,1.103271923302119e-06
23,0.031024638143450786,2.285503476944528e-07,1.1312023476715488e-05,6.021237043724734e-07,0.0067075768159927905,1.4725499307198947e-06,0.00023244188493972968,0.00011703521359494911,0.00011889857414878185,2.8956373799242833e-09,0.9562865283989328,2.543040841953959e-05,2.7762365938875034e-05,0.00010372398328216787,1.3928036121412557e-08,1.030490606652439e-09,7.299138403832077e-06,0.003811613455605365,5.029826917462442e-07,3.0688012487897635e-08,0.0014841502391623755,3.4953754994329e-05,2.5953016511652164e-06,9.631797010205072e-07,2.223694539846441e-07
24,0.028326789428404144,4.5650630438590566e-07,1.0988027033011714e-05,1.275244490512582e-06,0.00785680173353036,1.6715445300101514e-06,0.0002513417765040472,0.00015828735256333428,0.00013144849587815068,5.1270205113892754e-09,0.9556690934373997,2.676641591501687e-05,3.51823676255074e-05,0.00014983550458989888,1.772194266452147e-08,1.28754355451152e-09,1.0161867974196641e-05,0.005448986256339177,8.993982091870111e-07,3.6527723842688187e-08,0.001868640654721727,4.65865455395928e-05,3.4506094918259713e-06,1.0594707338114866e-06,2.1669799191922686e-07
25,0.07763586342386185,1.7344193051841391e-06,2.6126218481112136e-05,2.4576801024762322e-06,0.016155537037377283,5.4768754248548034e-06,0.000406258500531315,8.118006765162259e-05,0.0007292125620811253,2.0615594289025883e-08,0.8985803205499936,4.075901341296887e-05,9.183369239888787e-05,0.00021312862751006234,1.2783686051583192e-07,5.072196507836509e-09,2.0416953489912956e-05,0.0032166883596413697,3.3972894528383584e-06,6.030537615897393e-08,0.0026103950583428073,0.00015997907184287018,9.46701389157246e-06,7.950887753589458e-06,1.602867425196252e-06
26,0.06316559281838673,2.2115699158056635e-07,3.309156615981102e-05,1.0939276029733876e-06,0.016883947310992672,2.1006619661925098e-06,0.00031604774614734277,9.512546486539532e-05,0.00027546205682493107,4.7744744532629175e-09,0.9064275938296076,2.7806886605317704e-05,4.1512267118174996e-05,0.00016397528523422953,1.0108799026064135e-08,1.397609353568683e-09,9.348671619704734e-06,0.009840402528121373,4.799478751801357e-07,5.992580809957144e-08,0.0026812461480089623,2.1401919147768937e-05,9.10218779509055e-06,4.045196243917409e-06,3.2621599416900054e-07
27,0.030353985319272626,2.497713370144933e-07,7.900623375396577e-06,7.068023362998254e-07,0.006481957719229941,2.297237679417863e-06,0.00022554140608315693,0.00013065524359398513,0.0002000630155681123,3.6186690349673423e-09,0.9584466396455538,2.560665453727329e-05,2.997632790653717e-05,9.89714297371053e-05,2.3225973304474182e-08,1.0239801734171554e-09,4.837834666963905e-06,0.002992914785797809,6.039225444658866e-07,3.298222983030052e-08,0.0009315936740306396,6.204911872379244e-05,2.1883114998547174e-06,9.52100462976425e-07,2.482052105572818e-07
28,0.031024638143450786,2.285503476944528e-07,1.1312023476715488e-05,6.021237043724734e-07,0.0067075768159927905,1.4725499307198947e-06,0.00023244188493972968,0.00011703521359494911,0.00011889857414878185,2.8956373799242833e-09,0.9562865283989328,2.543040841953959e-05,2.7762365938875034e-05,0.00010372398328216787,1.3928036121412557e-08,1.030490606652439e-09,7.299138403832077e-06,0.003811613455605365,5.029826917462442e-07,3.0688012487897635e-08,0.0014841502391623755,3.4953754994329e-05,2.5953016511652164e-06,9.631797010205072e-07,2.223694539846441e-07
29,0.031024638143450786,2.285503476944528e-07,1.1312023476715488e-05,6.021237043724734e-07,0.0067075768159927905,1.4725499307198947e-06,0.00023244188493972968,0.00011703521359494911,0.00011889857414878185,2.8956373799242833e-09,0.9562865283989328,2.543040841953959e-05,2.7762365938875034e-05,0.00010372398328216787,1.3928036121412557e-08,1.030490606652439e-09,7.299138403832077e-06,0.003811613455605365,5.029826917462442e-07,3.0688012487897635e-08,0.0014841502391623755,3.4953754994329e-05,2.5953016511652164e-06,9.631797010205072e-07,2.223694539846441e-07
30,0.031024638143450786,2.285503476944528e-07,1.1312023476715488e-05,6.021237043724734e-07,0.0067075768159927905,1.4725499307198947e-06,0.00023244188493972968,0.00011703521359494911,0.00011889857414878185,2.8956373799242833e-09,0.9562865283989328,2.543040841953959e-05,2.7762365938875034e-05,0.00010372398328216787,1.3928036121412557e-08,1.030490606652439e-09,7.299138403832077e-06,0.003811613455605365,5.029826917462442e-07,3.0688012487897635e-08,0.0014841502391623755,3.4953754994329e-05,2.5953016511652164e-06,9.631797010205072e-07,2.223694539846441e-07
31,0.04901604648074776,2.4033486601178324e-07,1.768985724362438e-05,5.176847344997864e-07,0.004319316931251032,1.119010835788276e-06,0.00021262775912742868,0.0001902385396246431,7.430073135134219e-05,3.0744755329886603e-09,0.9382533030900689,2.5837797899169445e-05,3.277850807533066e-05,9.773740177021537e-05,8.153307026869533e-09,1.3698153582509892e-09,9.866433909020473e-06,0.005812076238079256,4.453820215017737e-07,2.9801627487691218e-08,0.001899975050547134,3.24093272409619e-05,2.4469488806594068e-06,8.081636893373473e-07,1.7592881070278108e-07
32,0.02956073984634119,2.406914011396298e-07,1.082215846592188e-05,6.69289303975455e-07,0.006673877453418856,1.6398986296850599e-06,0.0002524035745802319,0.00012204441358512036,0.00012084030907652928,3.198829679828457e-09,0.9575060190332412,2.47193691681931e-05,2.9683614563393787e-05,9.841260240125578e-05,1.6464261466082945e-08,1.1793752620991225e-09,7.699865246424508e-06,0.003945181822596555,6.524288392780397e-07,3.2583340100841685e-08,0.0016024538533571258,3.7892250126124215e-05,2.7400413838842223e-06,9.889508565453471e-07,2.2510761066238392e-07
33,0.030909020768104985,2.2536296801303927e-07,7.198984721717649e-06,6.882037529852137e-07,0.002816649528510793,7.277884729538371e-07,0.00022051132989722854,0.00018439526464503555,3.5804867779645117e-05,1.3070765248382383e-09,0.9606698744638897,3.901036314148358e-05,3.2208460788311716e-05,5.4269164772820176e-05,7.122279851403513e-09,1.0900597368036301e-09,9.954795432803315e-06,0.003966863410338767,4.5144121776007394e-07,1.7126894374610523e-08,0.001015262961779926,3.522257975493623e-05,1.1210248337012244e-06,4.223339962015871e-07,9.025488978568697e-08
34,0.020314641319965857,4.82660589920416e-07,1.2226715599244967e-05,8.109421116875828e-07,0.010705441417463928,1.90657201393563e-06,0.0002826729903548831,0.00015456547336199967,0.00017690149640112838,5.4676474043921775e-09,0.9619546640588347,3.9254847407845826e-05,2.8239393567040074e-05,0.00023542367148561368,1.7049984723696482e-08,1.6027018753027488e-09,1.2572771516810251e-05,0.0038598764414672785,6.215155740188318e-07,4.900068816587358e-08,0.002159533350189913,5.424071514602843e-05,3.966130667863546e-06,1.438070073126054e-06,4.4632518513498413e-07
35,0.05743549890717256,1.894392850860413e-07,1.1164336417398096e-05,5.870646174466721e-07,0.0034884804735785535,1.7421369019952814e-06,0.00023569272363000617,0.00019600238481542952,0.00010197770012742399,2.790087256711373e-09,0.9310748740343865,2.999232181817497e-05,3.384008695852314e-05,6.51750062791794e-05,9.698805042999767e-09,1.4015888917100044e-09,6.8422474409747795e-06,0.006115556190610619,5.608299732355048e-07,2.2702715314716058e-08,0.001151887262911705,4.706098284961919e-05,1.9700911897858066e-06,7.251950972021086e-07,1.4399074204974352e-07
36,0.04537894901600825,4.168681004124485e-07,9.983023098662107e-06,7.349008181199684e-07,0.003325674161111087,1.8930956555113158e-06,0.0002594236744193433,0.0003200038996296022,0.00014365493438395715,5.474414381350267e-09,0.9433982065239398,4.387792919327949e-05,4.416052082291481e-05,0.00015180388976949126,1.7501766386451836e-08,2.096592037453314e-09,1.0339792761501233e-05,0.005514507716511192,8.114877345581692e-07,3.4588824515460725e-08,0.0012722089094100743,0.00012055225343915129,1.8746734509867689e-06,6.300410185881606e-07,2.3302712594016246e-07
37,0.029433878306200544,2.3091767468186008e-07,1.0429010072711507e-05,5.968348300921636e-07,0.006535616100132143,1.5132763991191557e-06,0.0002269040782075091,0.00011835813236927633,0.00011691240952250424,2.905647976867685e-09,0.9583181040592688,2.4785956639038585e-05,2.6837712101508105e-05,0.00010039000850119026,1.4690951291841537e-08,1.0246419769566353e-09,7.181286617595104e-06,0.0036057595344842538,5.203099846609608e-07,2.991285874815923e-08,0.0014317387932476168,3.657041141787999e-05,2.49944268719438e-06,9.043912007937307e-07,2.2049434094444426e-07
38,0.051550799794789326,1.7496708471309075e-07,1.3495948821157687e-05,9.141032057397462e-07,0.004763327541597194,3.544505445848919e-06,0.0005779907646498558,0.00016956811926374177,0.0001266121824517349,3.8639498159288305e-09,0.9314603890920854,2.3057279535954147e-05,5.07868823016199e-05,5.418410239445251e-05,2.2420460196249228e-08,2.577562731210982e-09,9.657966652121144e-06,0.008672863901153707,1.6437355251109692e-06,4.187146474963277e-08,0.0024726071368242307,4.230285698942968e-05,4.675516855521082e-06,1.1532407707257807e-06,1.7962816503694513e-07
39,0.033107332719300206,1.6620127288536206e-07,1.073473372488334e-05,4.97798802211529e-07,0.00460862963430957,1.7536447516122628e-06,0.00027915424462586204,0.00016845218820782466,8.721918545910408e-05,2.3645106875407247e-09,0.9558859073354365,2.8466203492449973e-05,2.6679811256789796e-05,7.082814884683374e-05,1.1491133150133152e-08,1.340783163353322e-09,7.916043583716407e-06,0.004130482522800874,5.254964930143111e-07,2.7290393679922844e-08,0.001545470025724929,3.6501636690098947e-05,2.324899244013423e-06,7.314836211620268e-07,1.8355553445913602e-07
40,0.032781453463586956,2.0207639836997272e-07,1.1333070812713447e-05,3.244708845069109e-07,0.005388183685280651,1.1581398684606294e-06,0.0001736344983227764,8.89034062930342e-05,8.761978292398095e-05,1.737250925435982e-09,0.9587959031688903,3.224775742023059e-05,2.135491677315186e-05,8.831751754751934e-05,1.4318974142215605e-08,7.407355555083395e-10,7.009534268001505e-06,0.001626733813462424,2.2391962733809427e-07,2.1850409759188208e-08,0.0008557651221431051,3.7326285014446595e-05,1.397049069085504e-06,6.008187244741104e-07,2.688553184551931e-07
41,0.03110722590321547,1.2482920584385558e-07,4.82771093344137e-06,1.2003551043466941e-06,0.015911622288149768,3.0218480096518736e-06,0.00011728761801797947,5.728154957402487e-05,0.0001982786728619873,2.0985123941628465e-09,0.9506982822352773,1.6406784709799305e-05,1.2848403466180294e-05,3.891040340445373e-05,3.75711263483411e-08,4.093523894202223e-10,2.7009386826298285e-06,0.0015102241698884173,3.07133493763885e-07,1.7568596232906446e-08,0.0002889253516404055,2.7234875808179882e-05,2.262535180097718e-06,8.185747681971012e-07,1.5017102063202954e-07
42,0.026913881581811936,2.703931299577027e-07,6.13654680024258e-06,5.686824012052775e-07,0.003778069262325868,2.2168085467723174e-06,0.00023568806626287172,0.00017121934121981145,0.00010604551616616982,3.1588340641960914e-09,0.9655754547544079,2.7350450100565188e-05,3.287452379216213e-05,5.655840762365189e-05,2.586624698699914e-08,1.5320213025857315e-09,7.4948854067512604e-06,0.002080137654689932,9.171463461851337e-07,2.526004269967511e-08,0.000909034146729406,9.398499990254635e-05,1.2692409837903827e-06,5.616894799317752e-07,2.1008472727808751e-07
43,0.02774961338669434,2.3066870236259547e-07,1.1885260379791157e-05,7.625166319869536e-07,0.007574264972677832,3.4710449208931892e-06,0.0002290962472647643,0.00017542893593823922,0.00019297540129598395,7.54562488545619e-09,0.9567888074821067,1.4075222382018975e-05,3.099360470684036e-05,0.00011862538794999781,2.327341201345365e-08,1.2550100250747227e-09,6.328143346954423e-06,0.004888366410806167,1.0139723231455258e-06,4.7823477070782904e-08,0.002151671730024763,5.749714657047312e-05,3.616022952805394e-06,9.719042871613241e-07,2.2464051293802126e-07
44,0.031024638143450786,2.285503476944528e-07,1.1312023476715488e-05,6.021237043724734e-07,0.0067075768159927905,1.4725499307198947e-06,0.00023244188493972968,0.00011703521359494911,0.00011889857414878185,2.8956373799242833e-09,0.9562865283989328,2.543040841953959e-05,2.7762365938875034e-05,0.00010372398328216787,1.3928036121412557e-08,1.030490606652439e-09,7.299138403832077e-06,0.003811613455605365,5.029826917462442e-07,3.0688012487897635e-08,0.0014841502391623755,3.4953754994329e-05,2.5953016511652164e-06,9.631797010205072e-07,2.223694539846441e-07
45,0.025832370982151923,1.4220105433178813e-07,5.218754182486101e-06,1.0371640204475334e-06,0.008171611479226595,3.10672206137599e-06,0.00044915351053704443,0.00011852742128461264,0.00017818706143522028,2.067873952683889e-09,0.9613436545195382,2.501678931252108e-05,3.377192407355318e-05,4.1062564228780526e-05,3.3739418296944085e-08,1.2177632308076815e-09,3.908115472925611e-06,0.0029897266595087205,8.769284784854794e-07,3.528505847721889e-08,0.0007554856916662191,4.3853668521475084e-05,2.1852349881933824e-06,8.795263505484366e-07,1.5077179225381303e-07
46,0.03733338905638712,2.630268016064265e-07,1.0413432690411946e-05,7.055389086510941e-07,0.005169062400733791,1.365994784950809e-06,0.00019830937623346962,0.00013121921706065086,6.717373189016851e-05,2.288170831610042e-09,0.9528968350461857,3.276024411451542e-05,2.66058927536347e-05,6.88987316982979e-05,1.501075755580191e-08,1.2642943596877846e-09,1.2535551612627125e-05,0.0029074877626634825,4.7471609638702315e-07,2.248038515287057e-08,0.0010985154256438166,4.0836277566016714e-05,2.176770831695517e-06,7.319067390340016e-07,1.9885499586658014e-07
47,0.05559382397662223,4.7573966389691556e-07,1.2014989347143502e-05,4.826730295689075e-07,0.0031618606794122693,1.1969872779659594e-06,0.0002823967474924519,0.00015759673293055666,0.00010092028399759458,2.548378388494705e-09,0.9373357686541993,6.763542082747477e-05,5.0833987801082995e-05,7.290947676482891e-05,1.7461789524473537e-08,2.3343546875407068e-09,1.1097453066190234e-05,0.0022624770254766123,5.341424721838949e-07,2.4700106427873962e-08,0.000801008374303233,8.452165299148491e-05,1.1110117054685761e-06,9.517731515637293e-07,3.3517283778020096e-07
48,0.04567708865724956,1.0863355487618575e-06,1.3632277072738741e-05,1.6922220959923362e-06,0.004539347821815171,1.7619734929518279e-06,0.0002533203015719959,0.00031356433389735357,7.521434552497589e-05,7.644049662021941e-09,0.9413793545188777,3.41349383637039e-05,4.532693083057107e-05,0.00013807865042388562,2.0747894697598476e-08,2.303920668968359e-09,3.0341484177460067e-05,0.0053793182649908905,1.3360504501021188e-06,2.8753659195305172e-08,0.0020175508279276166,9.370031411104848e-05,3.2256198305991668e-06,6.54086320451353e-07,2.1059590209480808e-07
49,0.03507635075642715,1.9507216345292535e-07,1.2872184269243859e-05,5.323567805983391e-07,0.006594294194721502,1.7888278023680157e-06,0.00024860504948758454,0.00012515492573504183,0.00012022644718193888,2.5602260657961573e-09,0.9525779626418132,3.1880047272530006e-05,2.7268416449058334e-05,9.337945552044416e-05,1.1079835811683074e-08,1.056407286431664e-09,7.211118878300542e-06,0.003741691827516301,3.663418550782855e-07,3.114382433353674e-08,0.0013021520327579905,3.425063654182497e-05,2.5903040982488475e-06,9.526433224116599e-07,2.288791122463948e-07
50,0.029159862470113825,3.477998387375867e-07,1.4282910094142778e-05,7.198112019722897e-07,0.006082173457235335,1.7391045649519204e-06,0.00031660268961604713,0.00020266219984738294,0.00016807859552583505,5.864598803098633e-09,0.9566619760866935,2.3920158380906265e-05,4.337042548510312e-05,0.0001762237927392771,1.5489634984763725e-08,1.1814641750922526e-09,7.003323242862293e-06,0.004865046661713622,7.979147190741778e-07,4.3413154491732155e-08,0.0022143643635141506,5.735551377145762e-05,2.355517855512131e-06,8.345029910564618e-07,2.1675200262700191e-07
51,0.0274354974398742,2.2355524839691598e-06,6.8440869029819945e-06,2.259865985662884e-06,0.004051561600766319,8.854539833864155e-07,9.687123638009245e-05,0.0002931572880950425,8.88060082333868e-05,8.11964766491118e-09,0.9638940571775261,3.573515287340676e-05,4.5323392474302935e-05,0.00023525843136448796,2.3983515838227083e-08,9.008072223417807e-10,8.82403523629413e-06,0.002969658415870784,7.602712839933355e-07,2.499145907880936e-08,0.0007017768878050329,0.0001288843286643841,1.0126245690000901e-06,3.7232314131043376e-07,1.6043105607397743e-07
52,0.032159547934165665,2.249506249275694e-07,1.1227020632547213e-05,6.263971958010842e-07,0.00646206343468564,1.5150089972533296e-06,0.00022338628492451964,0.00012298961209131386,0.00011989561216014438,3.124017015805935e-09,0.9550814466160379,2.4091380134095534e-05,2.8642539390299445e-05,0.00010322786847547652,1.4249992587416928e-08,1.0535708727205146e-09,7.071294047101222e-06,0.004144704248431037,5.332927052128712e-07,3.170652497292581e-08,0.001468648520203361,3.635195440670175e-05,2.5992513566116924e-06,9.453087249749389e-07,2.1133650387802327e-07
53,0.02682698281000391,1.3498314867273196e-07,8.296981390967938e-06,4.22778547925224e-07,0.006005604236756962,1.879565790304263e-06,0.0005088375908147449,0.00010830899344818413,0.0001552429478878782,1.4029670114249541e-09,0.9614477803712703,3.759216110793287e-05,2.5915878409433836e-05,8.518952617506896e-05,1.2525979665597225e-08,9.169395454282482e-10,4.736668078790522e-06,0.003466905448076096,3.724882301461509e-07,2.9340187469231705e-08,0.0012833035004629532,2.8741285483228103e-05,2.6238836548555996e-06,8.628614049373513e-07,2.2085378305168747e-07
54,0.024292129336582063,5.447300962682441e-07,1.1805769715439525e-05,4.371732039479481e-07,0.00864191635654778,1.1496585974158847e-06,0.0002156452494260713,0.00010276802909819932,0.00023293191434053357,4.2932779350149996e-09,0.962963694564561,5.7531765775825884e-05,2.8321722212178447e-05,0.00025512189817793597,2.7619137524037412e-08,1.7205158023648356e-09,8.153832943864985e-06,0.0018994686188073123,4.4540240468320057e-07,4.304101781755782e-08,0.0012180588158599475,6.504058771653947e-05,2.1265616046398823e-06,1.7739421487154795e-06,8.57396230726346e-07
55,0.03256960639201391,1.3096425701231775e-07,9.967951101834983e-06,5.790367426455308e-07,0.010020505132277783,1.5537532431680322e-06,0.0005394990762925593,7.401829002701522e-05,0.0002112298783899771,1.0300180818186683e-09,0.9517220645317972,7.317371068167368e-05,2.811354702826571e-05,7.528107148504436e-05,9.594683593011574e-09,1.0813294453664273e-09,4.326122725210235e-06,0.003663400045725565,2.981140757682412e-07,2.7043474462188367e-08,0.0009815572935698354,1.9477000356934605e-05,2.814421918819412e-06,2.0857055712736363e-06,2.7921121311999765e-07
56,0.03168151235580689,2.3450564082532112e-07,1.1620483233092659e-05,6.205627993814434e-07,0.0065590163156912734,1.4914522333733008e-06,0.00024367024954958288,0.00012080598224530073,0.00012034893836309273,2.9369847721240334e-09,0.9556755704441966,2.6567620522496076e-05,2.95172910314535e-05,0.00010440021230680551,1.4157325520284937e-08,1.0743997360202546e-09,7.412398091258049e-06,0.0038865988082641212,5.171885691738281e-07,3.196314075086456e-08,0.0014901805845480844,3.60555991587624e-05,2.601089081748602e-06,9.838564768970986e-07,2.239303387767175e-07
57,0.02578933902103007,3.7922888784018387e-07,1.238429130423801e-05,6.345959775228025e-07,0.005876914422464267,1.3790008882382537e-06,0.0003318957851118001,0.00014621674194299102,0.0001124035897380029,3.783343564236748e-09,0.9615161020527921,3.403598099901673e-05,4.1180279891327e-05,0.00010802362425035996,1.7358721697991297e-08,1.9777735705857844e-09,1.054808193189965e-05,0.0036595112785401877,1.0496880939488836e-06,3.6174115303802565e-08,0.0023050519884541348,4.9230624568566646e-05,2.19532219099979e-06,1.1718091622725254e-06,2.932978260585456e-07
58,0.030936958506323577,2.547361078046851e-07,1.3560172329912324e-05,7.251069800381677e-07,0.008798137609129734,1.5907475003106326e-06,0.0002846514566969021,0.00010473449878312323,0.00015230753237510487,3.233597115241431e-09,0.9536941433926895,2.9831531427400288e-05,3.356445602672062e-05,0.00011522418375734612,1.6216385466941055e-08,1.307338758770788e-09,7.925638663916614e-06,0.004042421692509709,5.948218000656272e-07,4.0197024745263236e-08,0.0017445315942209976,3.356951622974493e-05,3.331648836633348e-06,1.5884563495794475e-06,2.9174691601751795e-07
59,0.03208725297827563,2.5877587445678e-07,1.5521432771218448e-05,6.80201141759092e-07,0.009065700298997129,1.5320544815862028e-06,0.00026668983863025207,0.0001104623953382663,0.00014840445811448687,3.558198531823516e-09,0.951704974552087,2.815472999210823e-05,3.261369284851699e-05,0.00012970685044130865,1.4435276967830665e-08,1.3087973664488263e-09,8.501294520071783e-06,0.004385309737346563,5.543766311951162e-07,4.1650444495704177e-08,0.001975590194298351,3.2667162078959e-05,3.4796305320850835e-06,1.5856465365057244e-06,2.987463451420546e-07
60,0.031024638143450786,2.285503476944528e-07,1.1312023476715488e-05,6.021237043724734e-07,0.0067075768159927905,1.4725499307198947e-06,0.00023244188493972968,0.00011703521359494911,0.00011889857414878185,2.8956373799242833e-09,0.9562865283989328,2.543040841953959e-05,2.7762365938875034e-05,0.00010372398328216787,1.3928036121412557e-08,1.030490606652439e-09,7.299138403832077e-06,0.003811613455605365,5.029826917462442e-07,3.0688012487897635e-08,0.0014841502391623755,3.4953754994329e-05,2.5953016511652164e-06,9.631797010205072e-07,2.223694539846441e-07
61,0.034040622115287744,2.370051081670656e-07,1.64051061602335e-05,6.547809358679862e-07,0.009089596350439466,1.551584422197253e-06,0.0002653045404342073,0.00010792164230468103,0.00015535005606247875,3.5179498714121217e-09,0.9494982636005087,2.719082285094432e-05,3.233662808488005e-05,0.00012806135168538663,1.3276368517238068e-08,1.2275281227650097e-09,7.887153401728075e-06,0.004608419259826307,5.263089029299305e-07,4.0640843852598456e-08,0.001983533190881196,3.0609575247717304e-05,3.552512991357009e-06,1.6292119205061507e-06,2.885398529212021e-07
62,0.031024638143450786,2.285503476944528e-07,1.1312023476715488e-05,6.021237043724734e-07,0.0067075768159927905,1.4725499307198947e-06,0.00023244188493972968,0.00011703521359494911,0.00011889857414878185,2.8956373799242833e-09,0.9562865283989328,2.543040841953959e-05,2.7762365938875034e-05,0.00010372398328216787,1.3928036121412557e-08,1.030490606652439e-09,7.299138403832077e-06,0.003811613455605365,5.029826917462442e-07,3.0688012487897635e-08,0.0014841502391623755,3.4953754994329e-05,2.5953016511652164e-06,9.631797010205072e-07,2.223694539846441e-07
63,0.03098063777982346,2.97477418338615e-07,1.1471766705167152e-05,6.65654567109962e-07,0.006656950575764433,1.4691972331666525e-06,0.00023202230892869886,0.00012447319953610097,0.00012122653317583002,3.3533449280933646e-09,0.9564246914038171,2.7627452144627475e-05,3.0241176495598075e-05,0.00011222442630470718,1.5596138756337854e-08,1.1719722428541469e-09,8.260523778260353e-06,0.0037170004757810728,5.743129755027473e-07,3.205912911208328e-08,0.0015058842328884243,4.040603316504887e-05,2.5684790801360877e-06,1.0094874635113743e-06,2.4532236877679866e-07
64,0.02969003701140258,2.408488533289068e-07,1.4749491890521178e-05,5.758473427662029e-07,0.0070959962615948545,1.323591576255971e-06,0.000269177326867288,0.0001195442590618628,0.00010797080295912338,3.134685250556521e-09,0.9556387078725255,2.4850462454511545e-05,3.081677678012926e-05,0.00012203995225485758,1.2349034309801784e-08,1.198128872717753e-09,9.212620160791536e-06,0.004515865871411639,5.785265980020114e-07,3.582677214465831e-08,0.002323265245701665,3.057669943388468e-05,3.0767553841573167e-06,1.100394164979944e-06,2.4087296079001657e-07
65,0.020770092575164194,2.5655000794339743e-08,1.7189827004003932e-06,7.280526840806195e-07,0.00334572977823855,3.857700585092307e-06,0.0002352682383429195,6.693176916078446e-05,2.0388149088296032e-05,4.668463810625847e-10,0.9716128674486617,8.647260429047395e-06,6.765936230898156e-06,4.805308934776463e-06,1.891599733710064e-08,5.796748592205647e-10,5.582599053553829e-06,0.003312095259186033,8.872059253056914e-07,6.186646029461879e-09,0.0005901076497338254,1.0136469878535682e-05,3.1025339515569995e-06,2.0077123445913457e-07,3.450665045267016e-08
66,0.023613812598953766,3.887365874817104e-07,7.0186034399644905e-06,1.0243029879857227e-06,0.00878424963564037,2.4883479823891453e-06,0.00023283073447960694,0.00010175607564386437,0.0001545507208622761,3.768343553263893e-09,0.9620556576935555,3.097840517199816e-05,1.9654186895354704e-05,0.00011567738590124738,2.936707659373323e-08,1.4477227174148174e-09,1.2002506904284841e-05,0.003270560278494375,9.436099679738308e-07,2.652761601149238e-08,0.0015415522426028307,4.779506049012046e-05,5.228651516376111e-06,1.3787904902495163e-06,3.9032067309048236e-07
67,0.057278178076642344,1.3301111670109555e-07,0.00010550562575264297,1.012919087546894e-06,0.012069331774931078,1.409901891713956e-06,0.0002487414113101886,0.0001416221122315191,7.505958553119844e-05,8.389021733101528e-09,0.8765038047185523,9.574460397584464e-06,4.1440740962812255e-05,0.000306466492049213,4.603528722198121e-09,1.4879252201316918e-09,2.3237137678490975e-05,0.034350827621415815,6.348960722016081e-07,1.073037754318464e-07,0.018803559213513742,7.723039990740888e-06,2.8334986039652357e-05,3.0703433640740915e-06,2.101472174184117e-07
68,0.02901592084451641,1.721827028084811e-07,4.878071372889283e-05,7.743885244323288e-07,0.058518454685670324,2.0214191428188047e-06,0.0004191097682445906,4.0498392012680256e-05,0.0011937309593500354,4.559850927026529e-09,0.9020904437660852,5.77144428889671e-05,3.279270405841494e-05,0.0008387839696687162,9.289398077856765e-09,5.552959467059595e-10,3.4154793185147774e-06,0.0053545122176289804,1.1434362148623532e-07,1.2729480701230304e-07,0.0023451301011624477,1.3118159503685405e-05,1.2636119432165852e-05,1.0648418944788307e-05,1.0852244415155742e-06
69,0.03168458768956419,1.4395112377339933e-07,3.197678484821636e-05,4.055613282925379e-07,0.006747785774619013,1.3977043393597655e-06,0.0003090967812068062,0.0001838172083367046,0.000144863180117177,5.115080178740168e-09,0.9420892198966029,2.1137924568471728e-05,3.502010641877541e-05,0.0002741513553671251,5.969240628143865e-09,1.2707587015603547e-09,6.857014365001343e-06,0.012620526162346837,4.80233426890234e-07,7.14410114304154e-08,0.005820595397950177,2.064382937374939e-05,5.403744304117777e-06,1.5501983607059134e-06,2.5570534098740657e-07
70,0.026819507455923725,1.5543820866917038e-07,1.0066069932030025e-05,7.389146388384318e-07,0.01124891220380379,1.6720317794913674e-06,0.000251958563167738,8.248527369405746e-05,0.00015514525835165006,1.8570602936922921e-09,0.9575248034464882,2.3930501673810386e-05,2.1365233329032605e-05,9.563478298609588e-05,1.3619783345381038e-08,5.091440541728576e-10,4.646706723871142e-06,0.002716653504459807,2.7757734380318647e-07,2.768665992021723e-08,0.00101520782662314,2.2753408798201793e-05,2.9169775664322125e-06,9.41717501876119e-07,1.8343435817129585e-07
