,0,1,2,3,4,5,6,7,8,9,10,11,12,13,14,15,16,17,18,19,20,21,22,23,24
0,0.028666796436374372,1.8487592406114067e-07,8.947364480452771e-06,5.385887477436166e-07,0.007505728709367073,9.958285875653724e-07,0.0002019043283304376,6.92029149161309e-05,6.74788294150793e-05,1.2475946253473539e-09,0.9605907393461427,2.9601086939053897e-05,2.011781657321612e-05,5.3853160935326197e-05,1.4639358810721683e-08,7.882094139439428e-10,8.662581800061008e-06,0.001855795204189756,3.180956958880216e-07,1.875629223536592e-08,0.0008935325435669763,2.276872858482603e-05,1.8018847459309247e-06,8.038089850200742e-07,1.9243424298059892e-07
1,0.026539644784911498,1.7156980786475315e-07,1.0210175354852835e-05,4.6288884751415486e-07,0.008292764470707332,1.7045474691427165e-06,0.0002717083796329779,7.739241946477885e-05,0.00016862964050936067,2.560640684064877e-09,0.9603780299184254,2.2391078216939147e-05,2.86000391144577e-05,8.0719647378581e-05,1.9625484455935813e-08,1.0181195643104482e-09,5.1922340834654794e-06,0.00272391826976229,5.920642791516344e-07,3.434735292753819e-08,0.0013600609510464343,3.388450830168542e-05,2.338498482127817e-06,1.2513715424545137e-06,2.7499106422103346e-07
2,0.019092654481601086,1.7104248717067812e-07,7.309416008304543e-06,3.5647913776801893e-07,0.007943592686971965,1.180613803505319e-06,0.00017253472294062353,6.529752460347672e-05,0.0001195502573911383,1.8424466003005568e-09,0.9700017175356068,2.36781587454519e-05,1.794543765053682e-05,9.223525690288249e-05,2.1456406278240858e-08,6.90983763652447e-10,5.029686459811208e-06,0.0015572099907038106,3.141028339962116e-07,2.8496480816052588e-08,0.0008646793504423511,3.168524004356023e-05,1.6867546861335509e-06,8.210989759314084e-07,2.976756863344563e-07
3,0.024530695104696694,1.6829959036925746e-07,7.6269306972602395e-06,4.0446163118642205e-07,0.0065093589272533945,1.2776003939206241e-06,0.00019376866282630616,6.834743629817565e-05,0.00010010376726559688,1.6355995751302442e-09,0.965721859140009,2.3633333095491465e-05,2.033091171202952e-05,6.599823389799535e-05,1.7281656017143684e-08,7.061478382603418e-10,5.677071369564374e-06,0.0018238063060759925,3.6563830259094637e-07,2.1958655237286583e-08,0.0008934937811238757,3.034356169859215e-05,1.7126316096176856e-06,7.614804474205407e-07,2.251379464750746e-07
4,0.024410852398158246,1.871860149759082e-07,8.608295730331416e-06,4.329845968031903e-07,0.006605324962952813,1.215342824403554e-06,0.00021071019405429823,7.381332074031264e-05,0.00010770233525597942,1.8235667368085595e-09,0.9653983347150908,2.5072277864325766e-05,2.3793524821589776e-05,7.955946627508971e-05,1.6915341300018374e-08,7.353664652658497e-10,5.785351694609091e-06,0.0020193887463714325,3.797975928418438e-07,2.597939130024395e-08,0.000994083449704741,3.190357716612661e-05,1.752696950715481e-06,8.213424546760126e-07,2.3258001881788453e-07
5,0.02720738174275059,1.679931783456134e-07,9.540327146741319e-06,5.750026201631885e-07,0.007990342941057643,1.424362748006083e-06,0.0002164433106729557,7.488915778304487e-05,0.00011053812821218192,2.0636626642165153e-09,0.9600498686929919,2.2309026663120157e-05,2.3948574698388703e-05,7.681458825402218e-05,1.5469658673875328e-08,7.724184753627619e-10,6.084212294589759e-06,0.0030449083420007452,4.2486163022845764e-07,2.890377334735236e-08,0.001134808140265387,2.5841428393787162e-05,2.4792654393614466e-06,9.62520598224906e-07,2.0017108736568508e-07
6,0.024530695104696694,1.6829959036925746e-07,7.6269306972602395e-06,4.0446163118642205e-07,0.0065093589272533945,1.2776003939206241e-06,0.00019376866282630616,6.834743629817565e-05,0.00010010376726559688,1.6355995751302442e-09,0.965721859140009,2.3633333095491465e-05,2.033091171202952e-05,6.599823389799535e-05,1.7281656017143684e-08,7.061478382603418e-10,5.677071369564374e-06,0.0018238063060759925,3.6563830259094637e-07,2.1958655237286583e-08,0.0008934937811238757,3.034356169859215e-05,1.7126316096176856e-06,7.614804474205407e-07,2.251379464750746e-07
7,0.023899343459172655,1.7257167602585034e-07,7.639851718252369e-06,4.1111528627541027e-07,0.006866360465675345,1.3053018821866946e-06,0.00019551125262547693,6.804822596417474e-05,0.00010463492351272749,1.6817054532340104e-09,0.9659497059745791,2.4260861686689492e-05,1.9895324382123557e-05,6.952194253289517e-05,1.7672569044236872e-08,7.26038813994205e-10,5.838323035046622e-06,0.001831943128418042,3.7005779780180056e-07,2.2494380526264384e-08,0.0009215855240104023,3.055911867130882e-05,1.8072741673091844e-06,8.036271210348009e-07,2.3910139121263866e-07
8,0.04787694806998292,2.634266912075799e-07,1.9509033048888193e-05,6.540291463802875e-07,0.011704625940202789,1.179966029893661e-06,0.0001242880474937346,5.863200409466617e-05,0.00015186180104998236,2.866233624929517e-09,0.937085300495991,3.42573418157771e-05,2.4705043007049394e-05,0.00012217819009755195,2.030832673809333e-08,9.730417082743974e-10,8.997610256584051e-06,0.001849133345357747,2.3729335868341697e-07,3.136214065888841e-08,0.000901340419121459,2.9621470550843e-05,3.28049285987385e-06,2.414868516170187e-06,5.15601583960797e-07
9,0.03292188525869885,3.752585762097486e-07,2.084271537425935e-05,6.512179482569526e-07,0.012409111961127964,1.1915804371213074e-06,0.00015404171280744908,8.03548267856876e-05,0.00020351244601427996,5.132374974425375e-09,0.9497072065218619,3.3280429224162045e-05,3.151699734321749e-05,0.00021480224223689867,2.1569626259623196e-08,1.3823653381925206e-09,9.133864156968182e-06,0.0025756716493629764,4.1382447423291205e-07,5.10054579433068e-08,0.0015894545340984507,3.9317096198399076e-05,3.537658339669206e-06,2.955183610718163e-06,6.639314977832277e-07
10,0.024530695104696694,1.6829959036925746e-07,7.6269306972602395e-06,4.0446163118642205e-07,0.0065093589272533945,1.2776003939206241e-06,0.00019376866282630616,6.834743629817565e-05,0.00010010376726559688,1.6355995751302442e-09,0.965721859140009,2.3633333095491465e-05,2.033091171202952e-05,6.599823389799535e-05,1.7281656017143684e-08,7.061478382603418e-10,5.677071369564374e-06,0.0018238063060759925,3.6563830259094637e-07,2.1958655237286583e-08,0.0008934937811238757,3.034356169859215e-05,1.7126316096176856e-06,7.614804474205407e-07,2.251379464750746e-07
11,0.02546739429724023,1.7638738550603683e-07,8.192881621661562e-06,4.3803053875548383e-07,0.006555320361914674,1.2774116446891584e-06,0.00021077620298248575,7.091103314128392e-05,0.00010293503523599235,1.692642810966654e-09,0.9646167972228793,2.557243836191975e-05,2.32766340845478e-05,6.698971144234371e-05,1.8052610774914072e-08,7.825583818560756e-10,5.9014087102341635e-06,0.0018985594800418851,3.876194010139455e-07,2.4557734227792566e-08,0.0009107094227616462,3.153718333996891e-05,1.733456255076897e-06,8.373306219230248e-07,2.3136484867150484e-07
12,0.02124515573476486,1.4498242382871636e-07,8.947715307004124e-06,3.273487988641547e-07,0.009271726920007698,1.1969636779441408e-06,0.00016768419494205344,5.559467247105556e-05,0.00010537099509918739,1.5716937881246067e-09,0.9664259941929871,2.3443371860168074e-05,1.54698219338429e-05,8.175289515894321e-05,1.503273238370353e-08,6.030312638645045e-10,6.066986474062871e-06,0.0016227843294459828,2.431571581933569e-07,2.4501360950457395e-08,0.0009411955875828468,2.3734977785284048e-05,1.9621182414332267e-06,8.820010085061973e-07,2.793240526779399e-07
13,0.04900074900371224,2.8303300407827707e-07,1.738549240929862e-05,1.2546101400429162e-06,0.012947584149687866,3.5401396376108902e-06,0.00044297505413480224,9.496523900793814e-05,0.0002448199040358169,4.770796510081178e-09,0.9293197861577221,2.4024213250881847e-05,4.407930250555258e-05,8.698641068055035e-05,2.303352309178358e-08,1.6220607908148536e-09,1.0044148051047647e-05,0.005629766628026508,1.0228984881061987e-06,4.410512724157054e-08,0.0020843294170862455,3.7396552237829656e-05,6.363944172092902e-06,2.2827871910830543e-06,2.873833106026826e-07
14,0.011424712309203663,3.7042100494137113e-07,7.483507216436306e-06,7.464090134811749e-07,0.01008753220247691,5.966468040591642e-07,0.00012184520903608966,5.947809973126802e-05,5.0810945612190245e-05,2.7186500746826806e-09,0.9728189654924739,1.0193303215010924e-05,1.9592028136976694e-05,9.933617509619629e-05,8.690121258810218e-09,3.8664738714511175e-10,7.951633849840281e-06,0.0032380648685554816,6.507125543241546e-07,2.065197368643451e-08,0.002032933805371713,1.631623078753739e-05,1.7274866754081327e-06,5.608366525119704e-07,9.922913937452987e-08
15,0.024530695104696694,1.6829959036925746e-07,7.6269306972602395e-06,4.0446163118642205e-07,0.0065093589272533945,1.2776003939206241e-06,0.00019376866282630616,6.834743629817565e-05,0.00010010376726559688,1.6355995751302442e-09,0.965721859140009,2.3633333095491465e-05,2.033091171202952e-05,6.599823389799535e-05,1.7281656017143684e-08,7.061478382603418e-10,5.677071369564374e-06,0.0018238063060759925,3.6563830259094637e-07,2.1958655237286583e-08,0.0008934937811238757,3.034356169859215e-05,1.7126316096176856e-06,7.614804474205407e-07,2.251379464750746e-07
16,0.023474640445031943,1.6133715030838312e-07,6.74946338074133e-06,3.619108573608748e-07,0.005575281535165104,1.121393026659629e-06,0.00017456708866802966,6.912150136963909e-05,8.709724788302179e-05,1.4509715368267175e-09,0.9680085194265411,2.400841544410366e-05,1.8765781067856325e-05,6.435592843299277e-05,1.7096990761083718e-08,6.51545729777471e-10,5.38621190828118e-06,0.0016675168039065632,3.3088071095039626e-07,1.9802805547395104e-08,0.0007887960010635964,3.091036845082451e-05,1.4352569239824474e-06,6.230979584517298e-07,2.109027448990158e-07
17,0.024118295350545625,1.599694381866144e-07,8.31430381354853e-06,3.7941244855072104e-07,0.006865800373030557,1.1606173647673393e-06,0.00020527361772534232,6.71286311297464e-05,9.89547679949894e-05,1.472936421669453e-09,0.9656388303901781,2.522872206968477e-05,1.9985605757460437e-05,7.247583428536818e-05,1.4340452126214634e-08,6.480266226426147e-10,5.860525780221483e-06,0.0018875327742569285,3.105177304763764e-07,2.225860754749323e-08,0.0009542149641181349,2.7323646454180587e-05,1.7382752962095362e-06,7.71532494566916e-07,2.2144806498824515e-07
18,0.021340985798820107,1.94734864889982e-07,8.863181888985554e-06,3.1049485612870825e-07,0.006777877326553531,1.1912019867581732e-06,0.00021557716115166466,6.753796827673604e-05,0.00010671134034704138,1.722980218814499e-09,0.9684845986433163,3.273260093124174e-05,1.852852802489224e-05,9.423805661843871e-05,1.9085271719308474e-08,9.666722443663723e-10,7.533397221159541e-06,0.0016385698209504065,3.6046014625987144e-07,2.5259047015607254e-08,0.0011680816857391285,3.273083950088665e-05,1.9563767499812215e-06,9.791977198527682e-07,3.9415036432764274e-07
19,0.023579945758309524,2.9962226113690893e-07,8.038852509996324e-06,9.225351852535388e-07,0.01204583004148423,2.3029913185014527e-06,0.00026484206223534643,8.084087024263032e-05,0.00020007728247057983,3.0367479392172793e-09,0.9608538812805997,3.3114515315594776e-05,2.763599461281073e-05,9.582608071068065e-05,3.101704094302363e-08,9.603704837241168e-10,6.656208283651874e-06,0.0019228445971993186,5.276641974611933e-07,3.445258094791159e-08,0.0008236718970336979,4.868127887410761e-05,2.4741654442078716e-06,1.2011893403921887e-06,3.1564563070148513e-07
20,0.02682953590690038,1.5653192426498627e-07,8.864061011361179e-06,4.059171503229133e-07,0.007459667489701997,1.2562534293636095e-06,0.0002025609573773066,6.240833725924502e-05,0.00010043729738990578,1.5400956707232045e-09,0.9621584142845216,2.4952987727781666e-05,1.9519545396311474e-05,6.441323679098606e-05,1.522294448230063e-08,7.460127055014965e-10,6.2155603290937376e-06,0.0020341302803885634,3.4590383343850507e-07,2.1704104886762654e-08,0.000998869620244811,2.459704835757053e-05,2.0448638630539717e-06,9.271455902062306e-07,2.3755765442495598e-07
21,0.038744307513047964,1.677247193670473e-07,1.687612919761528e-05,3.907413131343267e-07,0.0064573385562787956,6.49624573978522e-07,0.0001841544430733,7.862290573916415e-05,8.611837492446156e-05,1.5650691871981889e-09,0.9494831584846226,3.679268484668563e-05,2.737619306289027e-05,0.00011461409351311744,8.77251730129513e-09,8.825919990129981e-10,7.405988465591141e-06,0.0033979707105779027,2.307317431259279e-07,2.9083218280655162e-08,0.0013397912898786774,2.0502458503257206e-05,2.006641976063986e-06,1.2352205715370301e-06,2.4918597401189364e-07
22,0.014196331927353653,2.959664633417507e-07,3.3288159829054943e-06,6.128715016540091e-07,0.018779348476874878,2.1770288994461903e-06,0.0007202975867658503,2.8464112537772098e-05,0.0007442798349919856,9.388183013581463e-10,0.9644228917676579,9.51071229883012e-05,3.184727262607397e-05,7.567055971857276e-05,9.07368333067391e-08,1.1706921020271408e-09,2.052095518248077e-06,0.0004459880806462194,4.7194023034121215e-07,3.14258299985467e-08,0.00038782400375103956,5.653647424861167e-05,1.481036854507783e-06,3.8102685969597732e-06,1.0584836178367755e-06
23,0.024530695104696694,1.6829959036925746e-07,7.6269306972602395e-06,4.0446163118642205e-07,0.0065093589272533945,1.2776003939206241e-06,0.00019376866282630616,6.834743629817565e-05,0.00010010376726559688,1.6355995751302442e-09,0.965721859140009,2.3633333095491465e-05,2.033091171202952e-05,6.599823389799535e-05,1.7281656017143684e-08,7.061478382603418e-10,5.677071369564374e-06,0.0018238063060759925,3.6563830259094637e-07,2.1958655237286583e-08,0.0008934937811238757,3.034356169859215e-05,1.7126316096176856e-06,7.614804474205407e-07,2.251379464750746e-07
24,0.02243981907921438,3.2796637785125374e-07,7.460051335773938e-06,8.341133772023153e-07,0.007558380113097814,1.4249786093506049e-06,0.00020835638029241896,9.203983845320921e-05,0.00010892880693541727,2.8355076474908096e-09,0.9656648197803244,2.4726702635863497e-05,2.564800012015623e-05,9.448078470649406e-05,2.1658783391445837e-08,8.773659467236117e-10,7.839278121696425e-06,0.0025967115507749346,6.387254686784885e-07,2.6223224362930812e-08,0.001124477153113741,3.972886789923356e-05,2.2545781579466566e-06,8.333895011679392e-07,2.1826660112236501e-07
25,0.0624277759656647,1.246780792947169e-06,1.7265231923493937e-05,1.677085369769033e-06,0.015149683558418092,4.744723352405311e-06,0.0003310424134997823,4.979664400607854e-05,0.0005986216932028701,1.1393916438917704e-08,0.9179112273633119,3.7091892691052394e-05,6.582184877186268e-05,0.0001355012041187268,1.5256522265446157e-07,3.250375506863864e-09,1.5303343256269724e-05,0.0015721598762875825,2.361283770658069e-06,4.160109208146974e-08,0.001526454866830001,0.00013855048281036136,6.123668776849548e-06,5.8292881344139685e-06,1.5119744034689982e-06
26,0.05098857001222559,1.631351426429531e-07,2.1844676401401174e-05,7.56293312509738e-07,0.015937026047912882,1.8516752217066726e-06,0.0002632265437265599,5.774818138259906e-05,0.00022953818182529586,2.664049985045376e-09,0.9260020544389639,2.5704221461118154e-05,3.037324033842049e-05,0.00010344253971802582,1.2569083246835782e-08,9.233481987087496e-10,7.118625143080857e-06,0.0047337523577688475,3.444325930685615e-07,4.173627526530901e-08,0.0015682134091735715,1.894992813229934e-05,5.9202862929474814e-06,3.027778016309512e-06,3.1610249056859803e-07
27,0.023992322725273626,1.8062949226888432e-07,5.380105375488221e-06,4.652855445623364e-07,0.006243285079660502,1.9476612817848036e-06,0.0001869879773783406,7.606373112557562e-05,0.00016466059714116216,2.0078332722359167e-09,0.9671605724240159,2.3637930799607154e-05,2.186992918645554e-05,6.266560205914506e-05,2.8247777732786547e-08,6.989456118841127e-10,3.7636526041784627e-06,0.001435634199285799,4.305667606769538e-07,2.3678457717492746e-08,0.0005649951578575062,5.264740324494093e-05,1.4364852142042856e-06,7.489948324118665e-07,2.492288516976473e-07
28,0.024530695104696694,1.6829959036925746e-07,7.6269306972602395e-06,4.0446163118642205e-07,0.0065093589272533945,1.2776003939206241e-06,0.00019376866282630616,6.834743629817565e-05,0.00010010376726559688,1.6355995751302442e-09,0.965721859140009,2.3633333095491465e-05,2.033091171202952e-05,6.599823389799535e-05,1.7281656017143684e-08,7.061478382603418e-10,5.677071369564374e-06,0.0018238063060759925,3.6563830259094637e-07,2.1958655237286583e-08,0.0008934937811238757,3.034356169859215e-05,1.7126316096176856e-06,7.614804474205407e-07,2.251379464750746e-07
29,0.024530695104696694,1.6829959036925746e-07,7.6269306972602395e-06,4.0446163118642205e-07,0.0065093589272533945,1.2776003939206241e-06,0.00019376866282630616,6.834743629817565e-05,0.00010010376726559688,1.6355995751302442e-09,0.965721859140009,2.3633333095491465e-05,2.033091171202952e-05,6.599823389799535e-05,1.7281656017143684e-08,7.061478382603418e-10,5.677071369564374e-06,0.0018238063060759925,3.6563830259094637e-07,2.1958655237286583e-08,0.0008934937811238757,3.034356169859215e-05,1.7126316096176856e-06,7.614804474205407e-07,2.251379464750746e-07
30,0.024530695104696694,1.6829959036925746e-07,7.6269306972602395e-06,4.0446163118642205e-07,0.0065093589272533945,1.2776003939206241e-06,0.00019376866282630616,6.834743629817565e-05,0.00010010376726559688,1.6355995751302442e-09,0.965721859140009,2.3633333095491465e-05,2.033091171202952e-05,6.599823389799535e-05,1.7281656017143684e-08,7.061478382603418e-10,5.677071369564374e-06,0.0018238063060759925,3.6563830259094637e-07,2.1958655237286583e-08,0.0008934937811238757,3.034356169859215e-05,1.7126316096176856e-06,7.614804474205407e-07,2.251379464750746e-07
31,0.038611894240292585,1.7830983385760388e-07,1.1782054014853347e-05,3.5312652443821904e-07,0.0042496929769649805,9.931159881555725e-07,0.00017946340803597563,0.00011065375636803508,6.364174747011935e-05,1.7418274441845813e-09,0.9527251246327795,2.4243519429062487e-05,2.3936352410973995e-05,6.207024408071542e-05,1.0356301175906186e-08,9.394146150230409e-10,7.68744971386698e-06,0.002761909127291984,3.2834542225032626e-07,2.1269566531249034e-08,0.0011351351655288424,2.8423545567952708e-05,1.6320628450143386e-06,6.425599645919635e-07,1.7995236262123105e-07
32,0.02342598279366012,1.7675328415770487e-07,7.3524178856304895e-06,4.4656201738827816e-07,0.006464438776525623,1.4081969752349905e-06,0.0002093432595106534,7.134460924720738e-05,0.00010132309823886635,1.8057126022839995e-09,0.9667048741483345,2.2909883087955877e-05,2.1793964465319626e-05,6.295891716775132e-05,2.023676195954409e-08,8.06909374856377e-10,5.981289251651918e-06,0.0018942219814969056,4.7041693304450485e-07,2.3410893270282432e-08,0.0009693457854125629,3.2769878353974926e-05,1.8011520782986749e-06,7.823121019689102e-07,2.2754369407592477e-07
33,0.024478163534869885,1.6562635143261846e-07,4.916712513210488e-06,4.5897741072433575e-07,0.0027590812852846874,6.31603148221533e-07,0.00018320148003140985,0.00010720308725667001,3.0502313063298288e-05,7.464862729064728e-10,0.9697792851972189,3.5936163741964475e-05,2.3620524557805803e-05,3.498769462701536e-05,8.85026454152865e-09,7.465119637292643e-10,7.706302191159175e-06,0.001904342248849566,3.270497681508472e-07,1.2408798497156782e-08,0.0006177839264641868,3.048785650209685e-05,7.455291060344666e-07,3.3781055909407486e-07,9.232442332441808e-08
34,0.016126938155332365,3.4572752818334853e-07,8.270854268517401e-06,5.323866066157207e-07,0.010234158832696476,1.6189041371504722e-06,0.0002334447846642783,8.970250851161186e-05,0.00014569809546578086,3.014579810084159e-09,0.9697573009676898,3.6001029939510116e-05,2.0599797276292292e-05,0.0001472420760719177,2.0801461048021428e-08,1.0865539093563393e-09,9.65045469018341e-06,0.0018436241606924588,4.425336734997281e-07,3.4963847390903126e-08,0.0012941586958372861,4.606080136626519e-05,2.5808946091926945e-06,1.12415351203162e-06,4.4431898865415627e-07
35,0.04536227157745363,1.3854204241227967e-07,7.625761428100717e-06,3.9035108593016274e-07,0.0034132102262216368,1.4936743642790147e-06,0.00019677655999689284,0.00011436482659573906,8.532126655637995e-05,1.5651947251501024e-09,0.9470455523999933,2.7839199568668454e-05,2.483707075730683e-05,4.1809088277084385e-05,1.2022466976614631e-08,9.60008150820677e-10,5.339163572291204e-06,0.0029282317457965854,4.0327633124075157e-07,1.6503241806275227e-08,0.0007019555901535666,4.0380141345015915e-05,1.304870218327321e-06,5.76888905291108e-07,1.4672842464946812e-07
36,0.035618307550770924,3.047636917327201e-07,6.672688776210495e-06,4.858522974777195e-07,0.0032363721847331437,1.6248778706050707e-06,0.00021207695293043208,0.00018335659699193654,0.00011978620159563355,3.007245899503676e-09,0.9570106658040064,4.1123505674512055e-05,3.145800624171517e-05,9.591065427284346e-05,2.1457491696355036e-08,1.406061630435683e-09,7.896118574522343e-06,0.0025787207019026493,5.679963247175928e-07,2.4269856039031307e-08,0.0007506294872172642,0.00010201832680187321,1.2314278242777824e-06,5.014259695565772e-07,2.387348762244577e-07
37,0.023260634856177846,1.7006710739720663e-07,7.015109894639488e-06,4.0159906404039647e-07,0.006346103502847007,1.3164672578875083e-06,0.00018941245160802585,6.902749411533475e-05,9.855285320648126e-05,1.6398125972128655e-09,0.9672978757726013,2.3058221723190947e-05,1.962399444752958e-05,6.37461547264625e-05,1.8258767911781383e-08,7.017397592068348e-10,5.584700942520266e-06,0.0017228780061327483,3.785833566796276e-07,2.1356762163173503e-08,0.0008598430923243072,3.174554472714357e-05,1.6513779633917023e-06,7.149226380566472e-07,2.2327005562229488e-07
38,0.04036858578172389,1.3170896433433307e-07,9.039307736454886e-06,6.075715891858005e-07,0.0046796029932254755,3.0476628879500523e-06,0.00047009901580945604,9.797408717088056e-05,0.00010746458529548475,2.1762963009621737e-09,0.9486092184602376,2.1994621820993544e-05,3.6351602173201295e-05,3.519719368205281e-05,2.7753158392260397e-08,1.7503139140377864e-09,7.481796905856684e-06,0.004046701033963155,1.16255849073188e-06,2.953317221584063e-08,0.0014643002214372667,3.680023935389196e-05,3.063458723513429e-06,9.265998299912618e-07,1.8828603781316256e-07
39,0.02609491636694092,1.233410232664752e-07,7.163858528523399e-06,3.3818601404866054e-07,0.004509814370405569,1.5401460403841625e-06,0.00023370241865383934,9.769016163537443e-05,7.42098541710013e-05,1.3380880834979096e-09,0.9659645841853826,2.655409779034062e-05,1.9446341479218027e-05,4.4965209246999706e-05,1.4464143111349418e-08,9.155657600566955e-10,6.157416623628716e-06,0.001962628514617314,3.8480398016177693e-07,1.9410806606341708e-08,0.0009216166615227863,3.181682975210266e-05,1.5446185922404785e-06,5.796962460194541e-07,1.8679275014199773e-07
40,0.02620000032640731,1.4937666839959628e-07,7.523739536103593e-06,2.2569247165760755e-07,0.0051849899770198184,1.024822304513197e-06,0.00014587177364094872,5.275567727789764e-05,7.423188021104969e-05,9.811253970697562e-10,0.9668959044261071,2.9784125623158328e-05,1.5693285945612878e-05,5.5688149023794606e-05,1.7772282903039542e-08,4.987304080913978e-10,5.372477813136052e-06,0.000789139769640051,1.6372578450437093e-07,1.540338131366371e-08,0.000507159111097887,3.2628242705378744e-05,9.280303294506118e-07,4.66525638348316e-07,2.642092339168516e-07
41,0.024568533578837145,9.105719143181971e-08,3.3073299730403034e-06,7.843599933742596e-07,0.015139341286893886,2.5516400572786397e-06,9.803141277603254e-05,3.369485942237702e-05,0.00016313641701939106,1.1721822289195296e-09,0.9590043997014068,1.5227088286261297e-05,9.474253194235007e-06,2.4928952856703763e-05,4.538641221276079e-08,2.8266562911455965e-10,2.116383902726249e-06,0.0007306141861781839,2.2082035177290893e-07,1.2711574183458123e-08,0.0001778581257993468,2.3348461237628976e-05,1.483878563736594e-06,6.449353109260231e-07,1.517179136240309e-07
42,0.02102417981765945,1.971331588241697e-07,4.1404541021756435e-06,3.6929756850978564e-07,0.003663357480493354,1.8657383555984867e-06,0.00019101619468574668,9.772521553548997e-05,8.797816182514807e-05,1.7422227682930323e-09,0.9732363231602155,2.5632007637012785e-05,2.3378656869836033e-05,3.620745150047112e-05,3.125454034768129e-08,1.0356535379138932e-09,5.749947973028283e-06,0.0009787345917465602,6.370970314321483e-07,1.787200612521193e-08,0.0005420591282869229,7.889760753491254e-05,8.32142101819847e-07,4.500203048123172e-07,2.1679099066786278e-07
43,0.02213951662008853,1.6742277604935567e-07,8.003794329966677e-06,5.093188840321926e-07,0.007245758967528097,2.954830340082435e-06,0.00019051561088888935,0.00010261930951096318,0.0001592772460010122,4.138335005946918e-09,0.9663661554509986,1.3089719400803815e-05,2.2651423395111326e-05,7.464925561744817e-05,2.8333954566951385e-08,8.456182422122101e-10,4.872980194728152e-06,0.002338234497325449,7.168588929700912e-07,3.3886257246266646e-08,0.001277796748243304,4.910513946938109e-05,2.3590621323633257e-06,7.556941892668615e-07,2.2284562792692208e-07
44,0.024530695104696694,1.6829959036925746e-07,7.6269306972602395e-06,4.0446163118642205e-07,0.0065093589272533945,1.2776003939206241e-06,0.00019376866282630616,6.834743629817565e-05,0.00010010376726559688,1.6355995751302442e-09,0.965721859140009,2.3633333095491465e-05,2.033091171202952e-05,6.599823389799535e-05,1.7281656017143684e-08,7.061478382603418e-10,5.677071369564374e-06,0.0018238063060759925,3.6563830259094637e-07,2.1958655237286583e-08,0.0008934937811238757,3.034356169859215e-05,1.7126316096176856e-06,7.614804474205407e-07,2.251379464750746e-07
45,0.02028310668197915,1.0581972642587777e-07,3.5700959010848212e-06,6.718601454500439e-07,0.007870354058977416,2.5929036903401886e-06,0.0003596637299865828,6.835213093112946e-05,0.00014780921610442927,1.1661014499121267e-09,0.9692741074361119,2.3455875969309246e-05,2.4276321166187597e-05,2.6848580038678768e-05,4.046696179101812e-08,8.294892344730939e-10,3.0358954009057237e-06,0.0014142165199070948,6.130317510566114e-07,2.5043946967822236e-08,0.00045735139610786666,3.7515823050835286e-05,1.4225530549426188e-06,7.057612612207176e-07,1.5680223840736913e-07
46,0.02952022974696867,1.930949785927612e-07,7.084334611661692e-06,4.708233176517376e-07,0.005027932002849688,1.176809084599083e-06,0.00016513922566234454,7.670035247796968e-05,5.6808128220805e-05,1.298446219431181e-09,0.9629313376897359,3.0275959963978335e-05,1.957899426471348e-05,4.432188620318382e-05,1.8488318587309467e-08,8.64956843954615e-10,9.683859620231532e-06,0.0014027809214251681,3.440049222158191e-07,1.6244633738736972e-08,0.0006683742489108081,3.531131660713056e-05,1.4364364742905794e-06,5.817617788423335e-07,2.0150556585630742e-07
47,0.04395706362356214,3.4300219444122524e-07,8.167193376560314e-06,3.2222918736741834e-07,0.003073963262777484,1.0281743491159099e-06,0.00023325068168388981,9.255545382195072e-05,8.413080195232887e-05,1.4304266104283282e-09,0.9507353664549726,6.164754943013224e-05,3.696232812219893e-05,4.671699168030035e-05,2.1328528696195564e-08,1.5702475402532683e-09,8.540090028914248e-06,0.0010979514139475414,3.817180822614037e-07,1.7797146609201383e-08,0.0004877986676282671,7.1950207996789e-05,7.377604304748086e-07,7.461859368930609e-07,3.3408248887674613e-07
48,0.035958365770618964,7.770171251968381e-07,9.263121190168363e-06,1.0966252447761233e-06,0.004412198201021125,1.4947353407129954e-06,0.0002084984604168509,0.00018048045147595775,6.290902139550789e-05,4.212654331460474e-09,0.9551359451399684,3.1721519142662056e-05,3.2822359377454145e-05,8.794037350907309e-05,2.5252168379582417e-08,1.5623987064062966e-09,2.30911870752234e-05,0.002556282830695667,9.374462688972611e-07,2.0708776937361317e-08,0.0012140485695680992,7.922990498401081e-05,2.1075261911778028e-06,5.228330382206258e-07,2.151703531848751e-07
49,0.02763108989041789,1.4448977221193771e-07,8.571455907286083e-06,3.614125637166756e-07,0.006423848850877548,1.5709293466969302e-06,0.00020848273794279502,7.287783830429074e-05,0.00010188313449937658,1.447603834378224e-09,0.9628450635087411,2.9700021304785325e-05,1.9873380769492977e-05,5.907836938080102e-05,1.3955705260641818e-08,7.237711390861055e-10,5.617011157095726e-06,0.0017805305742081747,2.6958291377750127e-07,2.2117413150923048e-08,0.0007784097156854925,2.9885242335557304e-05,1.718830672253628e-06,7.524929224966679e-07,2.3228578370221647e-07
50,0.02309052226615509,2.507567193889791e-07,9.663540931983638e-06,4.7435052458068275e-07,0.005870721718801514,1.4817733676551628e-06,0.0002616575156772024,0.00011745893424345461,0.00013883235176200584,3.2376495054227477e-09,0.9666357733337063,2.212951267489231e-05,3.1529832636575216e-05,0.00011088189968843637,1.896366273854969e-08,8.059731603800866e-10,5.428984428205812e-06,0.0023218390031923214,5.675342521336692e-07,3.109513994087089e-08,0.0013295306305731295,4.8778412245678234e-05,1.5467569810232007e-06,6.584730485335698e-07,2.183159645235055e-07
51,0.021711645261855223,1.5428090685143389e-06,4.6578670707190404e-06,1.4476707775483872e-06,0.003910077735767944,7.52087867061981e-07,8.249309776328222e-05,0.00017004869966879969,7.272701172676436e-05,4.372216665014274e-09,0.9718568792711364,3.300171188004634e-05,3.289283716254586e-05,0.00014533741849720596,2.8793039640574666e-08,6.235815643596687e-10,6.890627880559482e-06,0.0014316913698714248,5.376698983573243e-07,1.8038954152011245e-08,0.0004287785101167664,0.00010742331966895131,6.682308683368255e-07,2.945140776461152e-07,1.604495840929122e-07
52,0.025387380448211674,1.6601486885741852e-07,7.527222473825244e-06,4.225608687435213e-07,0.006286101027624823,1.3242187118649875e-06,0.00018699473072216686,7.170086909279415e-05,0.00010128921753775799,1.7622700650120904e-09,0.9649528967164748,2.246929581020641e-05,2.091071851105654e-05,6.543996188042571e-05,1.7788930846976347e-08,7.218036755953136e-10,5.5060336920933135e-06,0.001974968059981379,3.8903480491096275e-07,2.2589342452772784e-08,0.0008801671643375038,3.1622060616167443e-05,1.7202271304649502e-06,7.471284204127546e-07,2.1442588124127218e-07
53,0.021266460937646614,9.978589102354286e-08,5.651165853371542e-06,2.835212773370619e-07,0.005819670839250032,1.6095891107674325e-06,0.0004177698337108249,6.335428701412143e-05,0.0001296192686537421,7.998120991194506e-10,0.9697120671708377,3.461648263487136e-05,1.9043497360849456e-05,5.4551006432782265e-05,1.5436750352779327e-08,6.288329853601814e-10,3.699477658499555e-06,0.001665827791908039,2.702982482332548e-07,2.1089709298649843e-08,0.000777814124949927,2.4922595116976812e-05,1.724140650935981e-06,6.831426697328562e-07,2.230880189569398e-07
54,0.01936124284742505,3.8979117423607435e-07,7.942356299148923e-06,2.9289678787147824e-07,0.008232556472397755,9.886241903190661e-07,0.00017888601028327573,6.036884412081466e-05,0.0001911703826127262,2.366750928907811e-09,0.9700229276397025,5.237228853233713e-05,2.0679391067438774e-05,0.00015869419702562053,3.3428588174122375e-08,1.1524210240583648e-09,6.244696846735406e-06,0.0009179306034328899,3.1733123119908537e-07,3.0501935046180044e-08,0.0007280560240852769,5.527877833260994e-05,1.3929052531399632e-06,1.3662628590135398e-06,8.342066449141573e-07
55,0.025788886781989966,9.698758870171204e-08,6.782351182185621e-06,3.8724771140954296e-07,0.009658657436072858,1.3357511479402454e-06,0.0004432175095223525,4.357331597893981e-05,0.00017589781131091065,5.904011819595107e-10,0.9613616014602357,6.688802193118858e-05,2.066495107194213e-05,4.8351318972249186e-05,1.1882151145498785e-08,7.409943658590702e-10,3.3875393834191343e-06,0.0017614082922454534,2.1726187207353947e-07,1.9486603003492456e-08,0.0005978478011306834,1.699915013195475e-05,1.8502040195459205e-06,1.6345467938384589e-06,2.8155955675902127e-07
56,0.02506401461514515,1.7254240729684744e-07,7.853828309950571e-06,4.159923038950499e-07,0.006364216011965048,1.2899998075770103e-06,0.00020276442099990779,7.057721454507075e-05,0.00010119386721107958,1.659462386550585e-09,0.9652730678421844,2.4654875579153667e-05,2.1630830693338617e-05,6.655196146827195e-05,1.752142925672669e-08,7.360736192873847e-10,5.764326289369706e-06,0.0018622670390565346,3.7528359183533575e-07,2.290466286430814e-08,0.0008991623037959624,3.1264627440896213e-05,1.7148931568280827e-06,7.780652526199575e-07,2.266371675784822e-07
57,0.020648116132510427,2.7417104421308416e-07,8.204728485262561e-06,4.323684562148437e-07,0.005620160375773255,1.2084391057415405e-06,0.0002761972506643652,8.599725977615822e-05,9.387260753009402e-05,2.0841107633479228e-09,0.9699896893754232,3.13316226854514e-05,2.984372524713592e-05,6.730128796194284e-05,2.1380664529431872e-08,1.310284574588539e-09,8.011838607881835e-06,0.0017499853617946298,7.436223376655089e-07,2.533966202533364e-08,0.0013435722188270473,4.237878283583972e-05,1.4447264920959276e-06,8.973574717257305e-07,2.8663224774662346e-07
58,0.02448271096299147,1.8727180347942053e-07,9.142921847075632e-06,4.853132051350305e-07,0.00850611360488635,1.3757093842171578e-06,0.00023647473111878904,6.130312338240984e-05,0.0001277191052264772,1.8248756609631177e-09,0.9634236150339446,2.7650743529233677e-05,2.455228719992402e-05,7.334172458734199e-05,2.0046202495300754e-08,8.934477066943925e-10,6.158973856266524e-06,0.0019356400498094365,4.310135572551857e-07,2.871228090384401e-08,0.0010501681678023178,2.914492400650434e-05,2.1901503768917353e-06,1.2483974254026552e-06,2.9431325250399163e-07
59,0.025307808830528113,1.909795568185078e-07,1.0310959998283665e-05,4.6033375175330155e-07,0.008795211369897893,1.348267329710322e-06,0.00022345890004478767,6.44324086842112e-05,0.00012542405001323952,2.0033536467313487e-09,0.9620429759302066,2.6274112696673e-05,2.3715003009315337e-05,8.171452544526248e-05,1.8120395138304717e-08,8.942376800276397e-10,6.608169018588377e-06,0.0020826130761451497,4.057718445222694e-07,2.9468441069949815e-08,0.0011746268928331755,2.8523328887257686e-05,2.300198049627572e-06,1.244248675747288e-06,3.0215695582071565e-07
60,0.024530695104696694,1.6829959036925746e-07,7.6269306972602395e-06,4.0446163118642205e-07,0.0065093589272533945,1.2776003939206241e-06,0.00019376866282630616,6.834743629817565e-05,0.00010010376726559688,1.6355995751302442e-09,0.965721859140009,2.3633333095491465e-05,2.033091171202952e-05,6.599823389799535e-05,1.7281656017143684e-08,7.061478382603418e-10,5.677071369564374e-06,0.0018238063060759925,3.6563830259094637e-07,2.1958655237286583e-08,0.0008934937811238757,3.034356169859215e-05,1.7126316096176856e-06,7.614804474205407e-07,2.251379464750746e-07
61,0.026877417702808475,1.7497373783722646e-07,1.0952823596575822e-05,4.419542523255542e-07,0.00881175681022406,1.3574485712574593e-06,0.00022182734902070688,6.308349238229144e-05,0.00013093969446589256,1.9833080377406168e-09,0.9603350773387832,2.5346999450043462e-05,2.3590862213282697e-05,8.102194786772768e-05,1.660871060726061e-08,8.401176880363818e-10,6.138632575140577e-06,0.00219478257755715,3.844372398690832e-07,2.8884702302675793e-08,0.0011850257335681688,2.6715313760819224e-05,2.344013223664901e-06,1.2797144876541817e-06,2.918633754774156e-07
62,0.024530695104696694,1.6829959036925746e-07,7.6269306972602395e-06,4.0446163118642205e-07,0.0065093589272533945,1.2776003939206241e-06,0.00019376866282630616,6.834743629817565e-05,0.00010010376726559688,1.6355995751302442e-09,0.965721859140009,2.3633333095491465e-05,2.033091171202952e-05,6.599823389799535e-05,1.7281656017143684e-08,7.061478382603418e-10,5.677071369564374e-06,0.0018238063060759925,3.6563830259094637e-07,2.1958655237286583e-08,0.0008934937811238757,3.034356169859215e-05,1.7126316096176856e-06,7.614804474205407e-07,2.251379464750746e-07
63,0.024505578156147817,2.1747455993061694e-07,7.754470820389241e-06,4.4444241728917986e-07,0.006448555652757855,1.267980113160943e-06,0.0001930542086599266,7.264293233872917e-05,0.00010163519503282622,1.8852245775940728e-09,0.9658167584132458,2.559921400402115e-05,2.212858835150518e-05,7.133484161857669e-05,1.9242930005397936e-08,8.01244312654464e-10,6.407829290821193e-06,0.0017806302905782575,4.1494221575048466e-07,2.2974463125494697e-08,0.0009079098981120226,3.4884195426551725e-05,1.6916604650512293e-06,7.970401883403315e-07,2.4766979368030927e-07
64,0.023431681589919363,1.7784638468400108e-07,9.800841091712567e-06,3.904091041136275e-07,0.006903703376739956,1.1665875894610692e-06,0.00022542661272818758,6.963009142916638e-05,9.159684242227785e-05,1.7671428699939204e-09,0.9655855901969675,2.3219384195939262e-05,2.241618253426218e-05,7.6915497427894e-05,1.5527199300895052e-08,8.192486808797779e-10,7.1507223982481825e-06,0.002142943133964633,4.230442905396836e-07,2.5388180141037305e-08,0.0013778656319274698,2.6710654092068875e-05,2.0363593087618747e-06,8.67278329285096e-07,2.442153832117749e-07
65,0.01632889674050275,1.950425782802619e-08,1.1930620053096485e-06,4.7074145572466917e-07,0.0032449878052155942,3.196631868499059e-06,0.0001891649000910265,3.894222486664857e-05,1.7336718074083083e-05,2.6769711468908104e-10,0.97823214261474,8.244725769800687e-06,4.958539460977953e-06,3.2279894559076083e-06,2.275049839069722e-08,3.978232582096849e-10,4.296243032874512e-06,0.0015546633283671251,6.151387841544246e-07,4.47789356020919e-09,0.0003565822896561733,8.844180697440235e-06,1.9887639153801297e-06,1.6341582876111728e-07,3.654804156296939e-08
66,0.0187305350525423,2.833769999768708e-07,4.790065629662429e-06,6.754559539112044e-07,0.00843781221181368,2.117480875141185e-06,0.00019250539426323834,5.9684090564737967e-05,0.0001287248825064506,2.116003838272996e-09,0.9697793899031631,2.870975082848338e-05,1.447410389077317e-05,7.370813215105523e-05,3.5670504546813636e-08,9.853812230220053e-10,9.22444112357729e-06,0.0015631240896022277,6.718319627350269e-07,1.9034392258891547e-08,0.0009274374157758283,4.1231603306201504e-05,3.371647014691073e-06,1.0800135005994404e-06,3.912502498860601e-07
67,0.046657361052776986,1.0317815895600661e-07,7.047871017597192e-05,6.904274142133977e-07,0.011937581225350158,1.2629806496363947e-06,0.00020921719480640144,8.42212980959199e-05,6.539476819365095e-05,4.7254304189580855e-09,0.913863990754872,9.639247383910837e-06,3.0159376814419857e-05,0.00019668442218863407,5.956189268738014e-09,1.0430096829078276e-09,1.8341751248747783e-05,0.015963852491834307,4.574615715212558e-07,7.515346406432916e-08,0.010862219798158353,7.038777286153424e-06,1.8508715116885396e-05,2.4838970496453403e-06,2.2559275998653946e-07
68,0.02360990024652826,1.2492046065414918e-07,3.1766175291718465e-05,5.317150732607906e-07,0.053880030299117115,1.7632702893681798e-06,0.00035485318544187054,2.5055394445976312e-05,0.0009581120190177633,2.492120194296577e-09,0.9165321945887611,5.301328550266771e-05,2.40891174771439e-05,0.0005077105644382672,1.1376088745908321e-08,3.773316752262177e-10,2.6700904960505347e-06,0.0026113681787411146,8.362582352027731e-08,8.74886106706906e-08,0.0013781090584624295,1.1615299877638304e-05,8.110211870619195e-06,7.778987437202133e-06,1.0180312951124713e-06
69,0.02553651268779564,1.0800173728774011e-07,2.1195594764030028e-05,2.792804890527536e-07,0.006619997023908631,1.2478216574279823e-06,0.00026062332194066854,0.00010693287066273433,0.00012302233966965585,2.8533323057289285e-09,0.9577883258496931,2.0239807805918003e-05,2.5350906864336744e-05,0.00017004416715296841,7.662040121713756e-09,8.789994378566133e-10,5.44765404086169e-06,0.005914883329112511,3.511553444326378e-07,4.981111677731505e-08,0.003382074988990755,1.8210149426561412e-05,3.5999263849987777e-06,1.2292889579966271e-06,2.6262811172595376e-07
70,0.02120731724495272,1.1462519632127632e-07,6.783395208081242e-06,4.934700734294171e-07,0.010818386484162385,1.444995145867854e-06,0.00020950308269992163,4.829600757931814e-05,0.0001297649862996194,1.0509991915098622e-09,0.9655373855939439,2.221722417332437e-05,1.5660000525947923e-05,6.071820918879107e-05,1.687066623873001e-08,3.5140549732235426e-10,3.6279370469381876e-06,0.0013026451345680011,2.027352018456947e-07,1.9803066587545416e-08,0.0006127541376658145,1.9799658521196396e-05,1.918268829636847e-06,7.429489301044142e-07,1.8578394900737572e-07
