,0,1,2,3,4,5,6,7,8,9,10,11,12,13,14,15,16,17,18,19,20,21,22,23,24
0,1.3355444336985755e-06,0.0008695616318947296,9.429636474231049e-07,8.911998028536114e-05,0.019834640187499693,0.0002924531852677755,0.00011287373826126588,0.0001352046439834653,0.0009099235124051807,4.0417709235177435e-08,0.9753406568573985,1.379441143789983e-07,1.0048852825520577e-10,0.0022184424259870895,2.37541746439278e-05,5.061051363402961e-05,1.146436058095981e-06,3.0629572376506703e-06,2.4736806743688947e-05,4.909299808164591e-07,3.2424900589666135e-07,2.3247735288125497e-06,5.8950052146652295e-05,2.8872031523875287e-05,3.939421199496873e-07
1,2.4936008350297536e-06,0.0013060643442074863,2.07971351389713e-06,9.532268426468062e-05,0.024955466473935626,0.0005375455795718909,0.00016594167801302557,0.000267351448135744,0.002485342716687982,7.026896657728725e-08,0.9682716570593716,1.9066528294323483e-07,1.8699718004887722e-10,0.0015323446700051284,5.082641991759252e-05,0.00015920547605526586,1.0495501846729562e-06,4.287460012009432e-06,6.650580278133838e-05,7.151320784097139e-07,4.57680246922379e-07,3.1978520564203495e-06,4.061342163787222e-05,5.0879029463193047e-05,3.9108577762657756e-07
2,2.028743709994472e-06,0.0013388507680344836,8.286025391521244e-07,5.7773128931617665e-05,0.05285349829347513,0.00025995494603976845,0.00016091327931706215,0.00015848541726169908,0.0012900649777852532,4.194760657281561e-08,0.94097320234277,1.576502262891492e-07,1.5784186185213976e-10,0.0026604698661692352,5.725459269664961e-05,6.928978601702724e-05,1.6584921578687368e-06,3.080708222576324e-06,2.9261862823886282e-05,9.300431612138921e-07,2.7358118154289633e-07,2.5714395372094033e-06,5.7513813379670356e-05,2.1141408781241014e-05,7.541503330507645e-07
3,1.2998875032833752e-06,0.0008369249031318109,9.008429285246683e-07,8.039587413183318e-05,0.020438793414511946,0.00029897903089400605,0.00010490336111635287,0.00013688874105834508,0.0009641378338335155,3.671901291641627e-08,0.9749495503531892,1.3194622382874945e-07,1.0741826973316445e-10,0.001988797321423948,2.5241312613212102e-05,5.413893272087246e-05,1.2129549025147931e-06,2.8897093856518775e-06,2.7348924174227024e-05,5.014160149542114e-07,3.2375573601449827e-07,2.3967667039120094e-06,5.442978503041647e-05,2.9412097911367066e-05,3.640084292829949e-07
4,1.515433613056001e-06,0.000857970709560145,9.270676453080297e-07,8.297575552599189e-05,0.021355947244834545,0.0003058544379903364,0.00010515465112945973,0.0001255260304231757,0.0010573199891643075,3.4646820884695355e-08,0.9736401275077534,1.6793230731717612e-07,1.631662198792584e-10,0.0022647496366822437,2.429837699277517e-05,5.199337004439594e-05,1.4820122180341302e-06,3.180223401113192e-06,2.8958973238747977e-05,5.359792056926261e-07,3.622463755367247e-07,2.5948381691752066e-06,5.548234218240266e-05,3.241969650990672e-05,4.2073504587440685e-07
5,1.6572164979845917e-06,0.0008823321750486538,9.460848002687433e-07,0.00014590976495642427,0.016231609267797802,0.00032331329279553406,9.652090340357465e-05,0.00012840929143111506,0.0009213415174969641,5.0605207429364e-08,0.9780024132700518,1.6427904707397054e-07,1.2698876288420742e-10,0.0030584410191377945,1.8088414976895125e-05,4.9261878886972756e-05,1.6282707993198716e-06,5.662736018854658e-06,2.127638327613654e-05,6.106035752669309e-07,3.977703370525015e-07,2.884572043225096e-06,6.934832662368791e-05,3.7258977217997685e-05,4.732515833978479e-07
6,1.2998875032833752e-06,0.0008369249031318109,9.008429285246683e-07,8.039587413183318e-05,0.020438793414511946,0.00029897903089400605,0.00010490336111635287,0.00013688874105834508,0.0009641378338335155,3.671901291641627e-08,0.9749495503531892,1.3194622382874945e-07,1.0741826973316445e-10,0.001988797321423948,2.5241312613212102e-05,5.413893272087246e-05,1.2129549025147931e-06,2.8897093856518775e-06,2.7348924174227024e-05,5.014160149542114e-07,3.2375573601449827e-07,2.3967667039120094e-06,5.442978503041647e-05,2.9412097911367066e-05,3.640084292829949e-07
7,6.347009298681316e-07,0.0011001390948288125,4.3669800035109286e-07,0.00011271164953974454,0.020677689836554936,0.00024379138433873535,8.350061679063973e-05,0.00012522386141897756,0.0010273827724756237,3.581589627821477e-08,0.9735438649122395,1.3721685636925097e-07,6.939266432589987e-11,0.002859080611777788,4.2578828000872996e-05,6.17736603965239e-05,1.7433819599968443e-06,2.631451125132085e-06,2.0336668209324153e-05,6.454307836217574e-07,4.275106002849247e-07,5.144170476244429e-06,7.068980799771939e-05,1.8962825156059128e-05,4.3702425368915326e-07
8,1.5720328794637483e-06,0.0016684299561635745,2.208736607919272e-06,0.0002569517444757526,0.022788899260795546,0.00037004946468490585,0.0002569015023237838,0.00017770880958734278,0.00068848078249111,1.3684385684421226e-07,0.9676621606260262,2.7224868960979027e-07,1.291552333298316e-10,0.005763859575317276,1.293844614378807e-05,4.9119759881892715e-05,8.078697081542239e-07,2.6703457408531536e-06,1.950390051901558e-05,1.1012803694005606e-06,4.749705398241243e-07,1.2770902034944692e-06,0.00022799026254287393,4.583107476845249e-05,6.532865276684692e-07
9,1.2012560388385622e-06,0.002011753126313239,2.631403440589038e-06,0.0004418128104901901,0.015038382732483374,0.0004906064643460475,0.00023769564215812833,0.00019188694851012583,0.0011173390900712918,1.6807295903648593e-07,0.9757293891702249,3.0034623331911146e-07,1.1804459166616903e-10,0.004382686415335793,2.0069641744121087e-05,7.630166454056182e-05,7.859264598788299e-07,3.4386191410308306e-06,2.2113440513323125e-05,1.0098535473935542e-06,8.019301245114995e-07,2.1805818336705977e-06,0.00017307823199417437,5.377777727088485e-05,5.887361813472889e-07
10,1.2998875032833752e-06,0.0008369249031318109,9.008429285246683e-07,8.039587413183318e-05,0.020438793414511946,0.00029897903089400605,0.00010490336111635287,0.00013688874105834508,0.0009641378338335155,3.671901291641627e-08,0.9749495503531892,1.3194622382874945e-07,1.0741826973316445e-10,0.001988797321423948,2.5241312613212102e-05,5.413893272087246e-05,1.2129549025147931e-06,2.8897093856518775e-06,2.7348924174227024e-05,5.014160149542114e-07,3.2375573601449827e-07,2.3967667039120094e-06,5.442978503041647e-05,2.9412097911367066e-05,3.640084292829949e-07
11,1.4244203029473532e-06,0.0008273204293451085,9.691261802185477e-07,8.254751952120521e-05,0.021721445223259042,0.00030805514273167306,0.00011049875563718765,0.00013463009028746438,0.001010029559757878,3.8020649087606345e-08,0.9735525172831069,1.5369896648231513e-07,1.491075183963451e-10,0.0020413977700270277,2.4426600281988738e-05,5.588929843199141e-05,1.3803556802282833e-06,3.0459259490586286e-06,2.8834501445108874e-05,5.65333785378862e-07,3.581398101875638e-07,2.4627004271079244e-06,5.8146546035065235e-05,3.347144987474487e-05,3.9195939937618095e-07
12,4.680208516096905e-06,0.003987740163654664,4.0842003839452924e-07,0.00017746048970708806,0.11955778326003132,0.0007072416944104399,8.819464477532795e-05,4.626327425868708e-05,0.0011920842091808113,9.936337665079249e-08,0.8441942935788584,1.1966861023424937e-07,3.2032697994819384e-10,0.02970192105676753,1.6426029722879955e-05,3.1237321048985146e-05,2.1403708281829964e-05,1.8506143638490396e-05,1.5035240738573588e-05,2.2264879021113104e-06,6.496910704945464e-07,4.082765487199775e-06,0.00020632201828279736,2.2018091501167837e-05,3.802149812672956e-06
13,1.1398481364113838e-06,0.0007564735440558668,8.205907142126614e-07,7.640533406588902e-05,0.018544740275987136,0.000268734825470135,9.794742904789827e-05,0.00013177864235644913,0.0008621727421466975,3.2562780166055794e-08,0.9771371787462588,1.2941419205779616e-07,9.909918408213522e-11,0.0019374409473635805,2.3281034515129276e-05,4.8810271645443554e-05,1.1282327962197382e-06,2.5905089050076466e-06,2.5200191724947603e-05,4.580057984251558e-07,3.020730397537145e-07,2.3163994310435478e-06,5.317726706091567e-05,2.7410196714808485e-05,3.308166939124008e-07
14,1.3149008248641366e-06,0.0001694003070595564,4.1628118354516516e-06,0.0001127961942236893,0.007744077210934713,0.0006246639992274185,5.7474734506966654e-05,0.0001621929174932569,0.0026545245106299833,9.793803832563514e-09,0.9874765150644784,2.6359445532660157e-07,4.232919510866667e-10,0.0007414755976899274,5.429032582547172e-05,9.218105079690479e-05,1.7682992444350345e-06,4.388699312221054e-06,2.1811151807634946e-05,3.88296354113313e-07,7.669806808800209e-07,3.7775392636136936e-06,2.740661742721119e-05,4.391997048582207e-05,4.290083463386832e-07
15,1.2998875032833752e-06,0.0008369249031318109,9.008429285246683e-07,8.039587413183318e-05,0.020438793414511946,0.00029897903089400605,0.00010490336111635287,0.00013688874105834508,0.0009641378338335155,3.671901291641627e-08,0.9749495503531892,1.3194622382874945e-07,1.0741826973316445e-10,0.001988797321423948,2.5241312613212102e-05,5.413893272087246e-05,1.2129549025147931e-06,2.8897093856518775e-06,2.7348924174227024e-05,5.014160149542114e-07,3.2375573601449827e-07,2.3967667039120094e-06,5.442978503041647e-05,2.9412097911367066e-05,3.640084292829949e-07
16,1.1931131208066513e-06,0.0010811015861555782,7.774314917141285e-07,9.442480792350421e-05,0.01945207753534346,0.00025452154152711315,0.00013141407284846272,0.0001817968121436425,0.0009555088808866994,5.357728517386257e-08,0.9750390993101994,1.9206575232357428e-07,1.0692378630796434e-10,0.002578419288135526,3.135144456106149e-05,6.649162347851847e-05,1.2816347552438774e-06,3.2359192090366197e-06,3.322884700505753e-05,5.79546577718673e-07,4.55301680403173e-07,3.76858242398535e-06,6.104356682484946e-05,2.757550664422715e-05,4.07897102505329e-07
17,1.004301952718388e-06,0.0007292966179140343,6.433703795727166e-07,8.069323959765142e-05,0.020413583376230324,0.00023257229502970489,9.156559227405057e-05,0.0001264684240205759,0.0006964105475826482,3.193396258094719e-08,0.9749443156481071,1.320238543558953e-07,1.1001652777209717e-10,0.0025007573036188707,2.00367279557177e-05,4.384401471285817e-05,1.4930184568997417e-06,2.5841661142886894e-06,2.0370156591270522e-05,5.457316869772483e-07,3.034138330569461e-07,2.487014934134679e-06,6.640125356515388e-05,2.4097317240615952e-05,3.6240036831197227e-07
18,3.0317087808944026e-06,0.001241190963605054,7.267400324196142e-07,0.00010192814347281942,0.05432531248991272,0.0003563376100976272,0.00014597555996311425,9.863246162188807e-05,0.0009313761850651051,7.242119652199352e-08,0.9351977168808459,1.8818117895232972e-07,2.762982690433511e-10,0.007353293995868071,2.870653019555264e-05,4.3739802458290235e-05,6.806433714882724e-06,1.1682205491612403e-05,1.8283103278349337e-05,1.1949090591324314e-06,5.920327108537011e-07,4.388600052936057e-06,0.00010453305172396093,2.2337352630250266e-05,1.952360744764256e-06
19,1.1389208491470264e-06,0.001138552141751223,1.4139270822521553e-06,0.0001463064852531574,0.018449896083401224,0.00021979562354506913,0.0002609857692605488,0.00022191786144878036,0.0013937803628029483,5.262478539144544e-08,0.9754961304502662,3.7689139251583327e-07,1.4323372153893598e-10,0.002430470925887092,3.6429402665532624e-05,8.29029714495924e-05,8.52628530061451e-07,2.648475165049372e-06,2.6712753065018948e-05,4.841572570821185e-07,5.478565130185663e-07,3.7644580591498517e-06,5.663918926246732e-05,2.7747747126560367e-05,4.521499471982213e-07
20,5.160678772112036e-07,0.00046569467651036005,6.921111536993701e-07,6.576662232886381e-05,0.007925506289360722,0.00014531109899857954,9.193236948311342e-05,0.0002717259273649847,0.0006912002669601471,2.486987023938123e-08,0.9890098023467213,1.6112019075078777e-07,5.1343577516937306e-11,0.0011286410635641061,5.5292905793928055e-05,6.117981570921276e-05,7.04847325281179e-07,1.7599564586854096e-06,2.7967040544549307e-05,2.9081492954377915e-07,2.916162837494137e-07,5.706786548072838e-06,3.375840760536691e-05,1.5866710270945202e-05,2.0621680296630995e-07
21,8.659500775908007e-07,0.0004440883163490594,6.974836491180156e-07,4.1085861048349446e-05,0.02191068874867325,0.0002764734204403929,7.307817005416645e-05,7.868916934323497e-05,0.0005861123247588249,1.812372468625938e-08,0.9754207458924504,5.989132498703456e-08,7.240872355451662e-11,0.0010150133203110981,2.394971680264656e-05,2.6392690239744776e-05,1.3086983116397038e-06,1.7164673582193804e-06,1.9639525936301945e-05,3.301776006418628e-07,2.2862274935952235e-07,1.584136720950531e-06,5.4760203061262125e-05,2.215663412888122e-05,3.1638247649427285e-07
22,2.2116687201027396e-06,0.0004687321972095286,7.342956612698459e-07,5.293072639673456e-05,0.015935656459674243,0.0003577053418313899,4.1078251425195254e-05,9.2860629551904e-05,0.0008020896024974667,2.7636204989676004e-08,0.9805812223476008,6.320427744299523e-08,1.0237944731066196e-10,0.0014929920519654509,2.2822796551118196e-05,4.255506714248532e-05,2.9326209967802618e-06,8.200009164324154e-06,2.525220528547889e-05,4.503863139403245e-07,2.821715716181341e-07,3.6406986678071293e-06,3.407877243132295e-05,3.108884906790995e-05,3.9190741137140224e-07
23,1.2998875032833752e-06,0.0008369249031318109,9.008429285246683e-07,8.039587413183318e-05,0.020438793414511946,0.00029897903089400605,0.00010490336111635287,0.00013688874105834508,0.0009641378338335155,3.671901291641627e-08,0.9749495503531892,1.3194622382874945e-07,1.0741826973316445e-10,0.001988797321423948,2.5241312613212102e-05,5.413893272087246e-05,1.2129549025147931e-06,2.8897093856518775e-06,2.7348924174227024e-05,5.014160149542114e-07,3.2375573601449827e-07,2.3967667039120094e-06,5.442978503041647e-05,2.9412097911367066e-05,3.640084292829949e-07
24,1.7525479475823857e-06,0.0017729159358200112,7.816083698122439e-07,0.0001847030997038544,0.025139974401739314,0.00034724599070308374,0.00012039098128694918,0.00017984069161561077,0.0010311209294808523,8.658688711635934e-08,0.9641808039035674,2.1234531024970203e-07,1.5814401880408706e-10,0.0067740833168352405,1.909306974755747e-05,7.170452633541945e-05,2.183701544140693e-06,5.591512045757399e-06,2.7698906498400854e-05,1.1863797402120695e-06,4.821708554599045e-07,3.4387111474343925e-06,9.928975341553665e-05,3.484754306465995e-05,5.712281941715239e-07
25,1.6666976899887386e-05,0.00392530858524405,5.03224544049325e-06,0.00011324943236857554,0.13349840699514492,0.0022260439229808654,0.00027833193997069025,8.44773731189688e-05,0.01006107246185816,1.395427772408283e-07,0.8468789915322581,2.5262517816588625e-07,1.0012519189056782e-09,0.0022283341330956025,0.0001944299907115332,0.00019049072740340384,6.232903548955139e-06,2.0953575004633487e-05,0.00010003805237781374,1.8085211198088862e-06,1.3043954543541531e-06,4.574431045485094e-06,6.443928122079357e-05,9.465939168369881e-05,4.759962841992991e-06
26,4.091389119854608e-06,0.00054687246892704,1.5743958219265025e-06,6.415715744709291e-05,0.029037157169024934,0.0007058443535083884,4.57262526566511e-05,4.94800745727905e-05,0.0014482676106551099,3.090955643399548e-08,0.9667058780136527,7.406252789247097e-08,3.7652004789704733e-10,0.001086864016614903,8.920702442625928e-06,4.1904848693837e-05,2.8225223411100306e-06,7.523992509627125e-06,3.4360536872720186e-05,9.517020903409251e-07,4.2133562245849956e-07,1.2100956762807783e-06,6.729109997304593e-05,0.0001382292162113786,3.4569696073710344e-07
27,8.871350824249469e-07,0.0006295167509452814,6.58463105107366e-07,6.568017855051107e-05,0.01261917220448254,0.00024112656290789646,7.107920337265733e-05,0.00015709797808494602,0.0008532742946363565,2.695343673904618e-08,0.9836955551636872,1.0805890002522298e-07,7.068033842671346e-11,0.0014807106657241807,3.1249843309885145e-05,5.2669976754075984e-05,1.0733996996904683e-06,2.4979036595233652e-06,2.9791323352354983e-05,3.637379644166899e-07,2.7007045376745143e-07,3.6461361745585177e-06,3.930900517232331e-05,2.399664186282435e-05,2.3827800006118125e-07
28,1.2998875032833752e-06,0.0008369249031318109,9.008429285246683e-07,8.039587413183318e-05,0.020438793414511946,0.00029897903089400605,0.00010490336111635287,0.00013688874105834508,0.0009641378338335155,3.671901291641627e-08,0.9749495503531892,1.3194622382874945e-07,1.0741826973316445e-10,0.001988797321423948,2.5241312613212102e-05,5.413893272087246e-05,1.2129549025147931e-06,2.8897093856518775e-06,2.7348924174227024e-05,5.014160149542114e-07,3.2375573601449827e-07,2.3967667039120094e-06,5.442978503041647e-05,2.9412097911367066e-05,3.640084292829949e-07
29,1.2998875032833752e-06,0.0008369249031318109,9.008429285246683e-07,8.039587413183318e-05,0.020438793414511946,0.00029897903089400605,0.00010490336111635287,0.00013688874105834508,0.0009641378338335155,3.671901291641627e-08,0.9749495503531892,1.3194622382874945e-07,1.0741826973316445e-10,0.001988797321423948,2.5241312613212102e-05,5.413893272087246e-05,1.2129549025147931e-06,2.8897093856518775e-06,2.7348924174227024e-05,5.014160149542114e-07,3.2375573601449827e-07,2.3967667039120094e-06,5.442978503041647e-05,2.9412097911367066e-05,3.640084292829949e-07
30,1.2998875032833752e-06,0.0008369249031318109,9.008429285246683e-07,8.039587413183318e-05,0.020438793414511946,0.00029897903089400605,0.00010490336111635287,0.00013688874105834508,0.0009641378338335155,3.671901291641627e-08,0.9749495503531892,1.3194622382874945e-07,1.0741826973316445e-10,0.001988797321423948,2.5241312613212102e-05,5.413893272087246e-05,1.2129549025147931e-06,2.8897093856518775e-06,2.7348924174227024e-05,5.014160149542114e-07,3.2375573601449827e-07,2.3967667039120094e-06,5.442978503041647e-05,2.9412097911367066e-05,3.640084292829949e-07
31,3.088539539623129e-06,0.0008560322389449003,2.429427442554706e-06,9.915606565474062e-05,0.021251602388060255,0.00032488615860063705,0.0002304381766533583,0.00040299217658553305,0.0009383047546150449,8.379170594647818e-08,0.9729833524171138,2.1245461144864302e-07,1.6226497025077477e-10,0.0026596084853518194,2.485020808386944e-05,7.310594611136933e-05,1.1727599930649897e-06,5.624485499553545e-06,4.160049072174423e-05,6.848673430965367e-07,4.4843632140127927e-07,2.3812325761983838e-06,6.128956621899079e-05,3.618568547166355e-05,4.6908451469934934e-07
32,1.3689675627089742e-06,0.0008145519115951062,9.020760035741326e-07,7.055453260410154e-05,0.01923448330078291,0.000311087430537437,0.00010077528474510945,0.00014326098286176545,0.000976881658719592,3.654692701521475e-08,0.9763022845381298,1.3232636254973704e-07,1.1268104399452417e-10,0.001839656563878343,2.6580450318424012e-05,5.502350227380823e-05,1.198701411946994e-06,2.9308829629394366e-06,3.36077891759279e-05,4.798918358309934e-07,3.2929032313149923e-07,2.5219096047843496e-06,4.973960967391655e-05,3.1273060435313435e-05,3.386785928868142e-07
33,1.075313599025978e-06,0.0007296568124450987,7.489677452220637e-07,8.115279913051968e-05,0.0186968621535319,0.00028439914035799276,9.12501925964504e-05,0.00014047299737985733,0.0007844334456167973,3.716285958922984e-08,0.9767706700595103,1.2513876380873484e-07,1.1228288098960157e-10,0.0022206681229757328,2.042668859628748e-05,5.301067380433122e-05,1.4163393653192453e-06,2.8056849664264336e-06,2.6061666696944904e-05,5.501818613832047e-07,3.302707540439465e-07,2.6038645398515802e-06,6.14020860968414e-05,2.9523057217491218e-05,3.170673055698759e-07
34,5.912210700888492e-07,0.0008500152157698784,6.355109836683589e-07,0.00016249330080769794,0.020205735014230553,0.0002523595103019784,0.00011632987145799744,0.0001480969764503231,0.00043766354599784234,7.671850980651329e-08,0.9738462406811185,1.1303239708362658e-07,6.876065249747925e-11,0.0037095901267967654,1.923263291452815e-05,5.602261190604408e-05,1.5786497838253594e-06,2.4604445562668476e-06,1.2408698967199409e-05,9.402290310413532e-07,3.4607313760452765e-07,2.7690023498596343e-06,0.00015131978326675697,2.2523199630749314e-05,4.578798032472368e-07
35,2.695744282175197e-05,0.0014082858673059354,5.228399191423208e-06,0.00014523925442561897,0.02026380525880625,0.0004247469364383112,0.00035322362868459896,0.0007609511813801036,0.005994358086630755,9.824108229351435e-08,0.9681843715728182,4.4560405934638743e-07,2.3710902055913227e-10,0.001994187570273781,4.0063005042862665e-05,0.00013667116834164346,1.4245767481413768e-06,6.515811555934683e-05,0.00010071061606647074,3.940401917453074e-07,7.278823785558658e-07,6.056189653419721e-06,1.3027435646048657e-05,7.319522463981808e-05,6.724647043783662e-07
36,1.5521003423329918e-06,0.0005131513564330879,9.176911630148393e-07,5.439609960743244e-05,0.0124889516912993,0.00010815149795920416,0.00017231863750961275,0.000696625854038832,0.001216646746457237,1.719388702324697e-08,0.9823189496138911,6.250255944092902e-07,2.6598264705603914e-10,0.002145175152914784,6.270597897046214e-05,0.00012988800845014435,1.0976957104074512e-06,2.5165175248997696e-06,5.090983997104286e-05,3.625778689939015e-07,2.526589284072931e-07,6.5142868992596525e-06,1.4384533338124588e-05,1.3594895960718678e-05,2.9407929746623456e-07
37,1.355074310445422e-06,0.0008374017690959169,9.236857952438901e-07,8.173084346497442e-05,0.020483094248617613,0.00030191894093353544,0.00010637257015999133,0.00013662698695925213,0.000967045035305459,3.777545731158689e-08,0.9748802562265226,1.3265446794076942e-07,1.0936424724521795e-10,0.002004346525762857,2.446334534560006e-05,5.403728362557236e-05,1.2141994453218725e-06,3.0283293291937913e-06,2.7323553750405504e-05,5.06631224568741e-07,3.2756312048282227e-07,2.3604486236449967e-06,5.4709225853273e-05,3.0419718745824032e-05,3.6725471869658404e-07
38,6.391612961150276e-06,0.0013949073052716308,3.430610592607936e-06,4.905326804560478e-05,0.04360139707054572,0.000870264747035649,0.00026255136393749253,0.00015395387115564444,0.0027949570217716147,6.386838016943388e-08,0.9491198751469718,1.6270127175899536e-07,2.2077433353785198e-10,0.001389913031127317,7.259938228354397e-05,0.00010352431905299075,9.871900891434514e-07,5.030596172236355e-06,8.258493496488566e-05,4.0451600019583324e-07,3.291683840464623e-07,1.954302219045243e-06,3.2956169362906845e-05,5.186207389172318e-05,8.455077366862636e-07
39,1.2949132914281147e-06,0.00027239430001378104,2.4342891843273773e-06,5.766320584942242e-05,0.012906283957859668,0.0006633656853195913,8.597403795970576e-05,0.000295983487073493,0.0011662421024060917,3.2068864925466865e-08,0.9837104893769963,1.229873038320264e-07,2.6812957844442086e-10,0.0005088258068998264,4.227568430298724e-05,0.00010616309166262387,2.2149358777424e-06,2.9078445960681636e-06,7.301468438777264e-05,4.810887098997259e-07,6.818554698112294e-07,3.8209937356603945e-06,4.32444202006465e-05,5.384485676823476e-05,2.4405713684955193e-07
40,1.9216435063992566e-06,0.0009844425981998175,1.5163584175508328e-06,4.6637654179275645e-05,0.026568045419736848,0.0002758391138404091,0.00017961090363964903,0.00010649945991040126,0.0020042765039654975,1.8277140398023634e-08,0.9677563653437996,2.947459808599719e-07,1.834518443670609e-10,0.0018755741661658997,7.045993339458113e-05,4.415484055604257e-05,8.52746794638431e-07,2.2465762737072492e-06,3.0705270380006915e-05,2.5908793395683493e-07,3.0522382041997526e-07,2.6582913050365725e-06,2.835074856054046e-05,1.8219672070258443e-05,7.452369764444492e-07
41,1.74394881649614e-06,0.0009332376007959304,1.121060007709109e-06,7.580346853740526e-05,0.02821704073750122,0.0003295970166290304,0.00012407667540655798,0.0001393850107676205,0.0013201879876736512,3.453444307029419e-08,0.9668281934880748,1.4246723689388635e-07,1.3959157574075339e-10,0.0018150613084293424,3.152221915265712e-05,6.610813928644787e-05,1.2677582320952993e-06,3.0184094616833867e-06,2.8876354203094114e-05,5.535053573544142e-07,3.1246767857888454e-07,2.1966937750455344e-06,4.8986036092842204e-05,3.1100293137709416e-05,4.326797114019165e-07
42,5.095334723692516e-07,0.00034550510281525085,9.312711463497044e-07,6.872599882282984e-05,0.004768375094641423,0.0002887846143547161,6.163172802015004e-05,0.0005050351825398005,0.0008166590700177692,3.803432871132883e-08,0.9921486939613079,1.5967436255607064e-07,1.0410158202922935e-10,0.0006168898981280769,5.0843917945703506e-05,0.00015642066082510804,9.282138250099205e-07,1.9601804044560717e-06,9.191588965746197e-05,4.162351289150509e-07,4.7374922190964874e-07,7.630972140910406e-06,2.9598272577928406e-05,3.777283957295837e-05,9.980063989770052e-08
43,1.4743630085619707e-06,0.0017276404146924105,1.526944586703069e-06,0.00022428082727937726,0.02348125518823382,0.001087481747649044,0.0001443223271443259,0.00037343897334874316,0.0013717615414370467,4.5385848495994744e-07,0.9673381500326551,1.5641885944742558e-07,2.3660886827144016e-10,0.0035834340735628085,4.321540000415145e-05,0.00022108297326377355,5.130142549524603e-06,1.0564252186236441e-05,9.336939709308608e-05,2.6317782903421837e-06,2.1138947084386145e-06,1.1779486607537036e-05,0.00019167410099617791,8.243057235759481e-05,6.31054391817776e-07
44,1.2998875032833752e-06,0.0008369249031318109,9.008429285246683e-07,8.039587413183318e-05,0.020438793414511946,0.00029897903089400605,0.00010490336111635287,0.00013688874105834508,0.0009641378338335155,3.671901291641627e-08,0.9749495503531892,1.3194622382874945e-07,1.0741826973316445e-10,0.001988797321423948,2.5241312613212102e-05,5.413893272087246e-05,1.2129549025147931e-06,2.8897093856518775e-06,2.7348924174227024e-05,5.014160149542114e-07,3.2375573601449827e-07,2.3967667039120094e-06,5.442978503041647e-05,2.9412097911367066e-05,3.640084292829949e-07
45,1.083996053726605e-06,0.0004974904381624613,1.1593963860929035e-06,6.255396767358006e-05,0.013824331206180521,0.00024215494482784372,0.00011176022114002545,0.00021695354306814753,0.0009743999155687627,2.612010096249352e-08,0.9828882221370214,1.3623443018214377e-07,9.336795264323997e-11,0.0009691816188795087,4.1056817941707185e-05,7.403303390701171e-05,7.890322004422424e-07,2.1684318891541035e-06,3.1337797567580984e-05,3.52081105412118e-07,2.392092488267449e-07,2.7823088162541122e-06,3.169016850053883e-05,2.584665546134098e-05,2.506305006001855e-07
46,3.3414254850953995e-07,0.00013631130540727072,3.123254954225236e-07,7.300182215844063e-05,0.006931354505004472,0.0003380087015156134,1.2507439137740002e-05,7.151893940145374e-05,0.00023152455040979607,1.2599232115068731e-08,0.9906883760915206,5.261626427817966e-08,2.1475627739218097e-10,0.0013208050786851686,1.0958235572103024e-05,3.355459879973191e-05,8.769253428577552e-06,2.3797131341398746e-06,1.614402887133987e-05,7.723565103600692e-07,3.963764715063356e-07,5.017018709522375e-06,8.468651203949443e-05,3.301942012403609e-05,1.8215480152917118e-07
47,4.886529048891287e-06,0.0011019784964320272,1.6308283038306774e-06,7.331040197223725e-05,0.041353832208099066,0.00038175480413729656,0.00019931463847834804,0.0002247011167787892,0.002716588822943509,4.6682805107916765e-08,0.9513737783750801,3.7838851057265604e-07,5.45664112073699e-10,0.002181602047065747,6.75301647165481e-05,0.0001671280785960536,2.7220436658633115e-06,7.96208550700822e-06,6.016719269610955e-05,8.848017622094633e-07,6.062111848164923e-07,4.931448115464413e-06,3.072245020762981e-05,4.265630287300433e-05,8.853353557786438e-07
48,9.19978246945257e-07,0.0009702116226991886,5.62596961009889e-07,4.7095991406984694e-05,0.015125816085847267,0.000475043092600984,7.123340176215395e-05,0.0001425542349273846,0.0005886798891721371,6.166758798011808e-08,0.9798467002428657,8.724933337840665e-08,1.158198969668236e-10,0.002455840483354058,1.46900561319327e-05,4.532460184599701e-05,1.6401576381616597e-06,2.287739040776925e-06,9.239498726589215e-05,6.021187435855598e-07,4.5158174932153166e-07,2.760395531070267e-06,6.893646334556967e-05,4.59168163177187e-05,1.8842980514482414e-07
49,1.082103359381592e-06,0.0007375530504327196,1.168849824674292e-06,0.00011385263550825817,0.01295305276489997,0.000344339074383303,9.571168641873108e-05,0.0001264765453793418,0.0008907027462111725,4.2207898314717914e-08,0.9824536895840861,1.6152582591483355e-07,1.1209814403222844e-10,0.002075699439650315,2.23270993927353e-05,4.991862325060266e-05,1.0077495977017477e-06,2.8655573944627828e-06,2.4034096526756935e-05,4.624324370415296e-07,3.7997881453788353e-07,2.515415471385908e-06,6.723547076876525e-05,3.5358532303163274e-05,3.6271806652748647e-07
50,1.7523748536072757e-06,0.0014831425121840066,1.423649804315061e-06,9.03303902386396e-05,0.039499977624966646,0.00019517099577058292,0.0007581417339660871,0.00047350814588423057,0.0004391701428573832,2.1062078416918178e-07,0.9507544322307242,3.0897196622420097e-07,1.1208076552845107e-10,0.006018626465923853,3.422348776900081e-05,6.0083453680500035e-05,9.90846895600687e-07,2.971949888422675e-06,3.218316462840212e-05,7.453133830224598e-07,3.8355977437822457e-07,2.7007378029183653e-06,0.00013236736866546034,1.615456320634941e-05,9.995823011922098e-07
51,1.286868630118432e-06,0.00032835241777710584,1.2737445939111123e-06,3.886369886499126e-05,0.04302181169626301,0.00043130756284011417,0.00012100893902716269,9.513105290411941e-05,0.000924423998282939,2.847325268596783e-08,0.9539311119781195,9.573485477182963e-08,2.773205410849605e-10,0.0008563518879955038,2.8732057848364332e-05,7.476053458518577e-05,1.8688405641307713e-06,2.2034086611125994e-06,2.420200791886086e-05,7.444125722305179e-07,3.633777183314378e-07,1.4747278144198322e-06,7.117348273988143e-05,4.29744167643379e-05,4.54402086448627e-07
52,5.338533591047564e-07,0.0013494936787523837,9.025018094387886e-07,0.00012775569101410484,0.021182960282800554,0.00012044690387052674,0.0002652945077495209,0.00018284069361205573,0.0005992821938859182,3.632027858375454e-08,0.9735891545065339,3.4250056269972304e-07,9.847370342346034e-11,0.0023544358386145756,1.6958476372522862e-05,3.9345921203031334e-05,6.11802054268296e-07,6.120910993821846e-07,2.2903090897255804e-05,5.726764959510974e-07,4.644491730859038e-07,1.6413362343326205e-06,0.00011859397691959091,2.4550709334523082e-05,2.6589889900231044e-07
53,4.750480586551994e-07,0.0005477121989247441,8.577049412524144e-07,7.421164234026462e-05,0.027265944017280424,9.410021147887797e-05,0.0004436050974582175,0.00019113598406340313,0.0005866139367932255,3.319322351885453e-08,0.9691109137617647,2.593180677428308e-07,7.071978834518594e-11,0.0014993148056758026,3.267101178962189e-05,4.49586764485029e-05,3.714645267936522e-07,8.59597385490116e-07,1.1158976322939767e-05,3.6481539319083803e-07,2.498553344598357e-07,1.6187608617368472e-06,7.723291602668312e-05,1.4954204320781034e-05,3.827307991586919e-07
54,4.805127966247017e-06,0.0050135628556008316,1.429226002725772e-06,0.00010811653969468433,0.05558877304141439,0.00044593675714211774,0.00033133511909222023,0.00017352191050971552,0.0020543782292626617,1.080505070078591e-07,0.9270564806230506,3.1578737686795335e-07,1.1591439146996703e-10,0.008895910864764073,0.00011150579250221306,7.697113818106919e-05,1.2183398764572532e-06,5.086763652056063e-06,4.2568313872156926e-05,6.602573034201228e-07,2.973680556359459e-07,3.4878166384626734e-06,6.477222926854317e-05,1.645691537106651e-05,2.3008169805576647e-06
55,1.2596580848582849e-05,0.0016410330063520858,5.131341299434202e-06,0.00019592821962853012,0.034385169778983336,0.0005353884036750841,0.00040321034744373154,0.000218011148835736,0.017538414660865576,3.165353846011309e-08,0.9425688063590378,1.566581506959838e-06,1.2566432350052387e-09,0.0020351655728641123,6.910060057381096e-05,0.00019087977404727788,1.1332978325933425e-06,1.8403080446701377e-05,6.398360886291762e-05,5.268361464510026e-07,1.0126467156102407e-06,3.777240009402024e-06,1.555849246851631e-05,9.400504728921579e-05,1.1644640849439358e-06
56,1.3848516488911397e-06,0.0008122149180392766,9.408059933754573e-07,7.973101507700553e-05,0.020329707426776283,0.0002999746040270982,0.00010751344171532314,0.00013425699869074338,0.0009825295778729999,3.569267690442474e-08,0.9750017050557558,1.5474212448674277e-07,1.4037510046420267e-10,0.0020488713709303445,2.470286618021583e-05,5.256751896150598e-05,1.3082512384795373e-06,2.919399526075919e-06,2.9121846165604843e-05,5.195226079657189e-07,3.4072541529954515e-07,2.4487730157165266e-06,5.506255774409417e-05,3.1603693525934634e-05,3.842039156138647e-07
57,1.4902340270655142e-06,0.0009304266995271112,9.840038516808156e-07,8.598613336865547e-05,0.02407852258262411,0.00027849404541740677,0.0001428572357429124,0.00024563330023557423,0.0013867541591801318,4.143714910079715e-08,0.9702146069935935,3.1694773642450595e-07,3.1389060242737875e-10,0.0023424455479070156,4.2860146241326855e-05,0.00011003004045569172,1.825230648079373e-06,3.0026990516724634e-06,4.714953364292641e-05,8.687017090422738e-07,4.6444280799477896e-07,4.092244321555566e-06,4.8652545847545665e-05,3.2045649279091045e-05,4.4913174375922694e-07
58,1.3571124073547428e-06,0.0006069722147157677,9.370909564565368e-07,6.809511521603497e-05,0.01702804878904689,0.00030098695705639317,9.0667569634433e-05,0.0001140960395451261,0.0009254064443687104,2.7742457829488858e-08,0.9791336050407085,1.3447213160312064e-07,1.3114437514542742e-10,0.0015433294409944486,1.8408297491734626e-05,4.6340686388642145e-05,9.953835464002481e-07,2.7332868333957932e-06,2.8519609679208556e-05,4.1166552127321623e-07,3.04805555235017e-07,1.851494313356739e-06,4.7408900667179446e-05,3.9080911614170116e-05,2.807980054145437e-07
59,1.180077439278996e-06,0.0006204811423993668,1.048139149478759e-06,7.357911187761974e-05,0.0158950997743704,0.0002993397736444232,9.252833024147733e-05,0.00012355137877118869,0.0009121013699012033,3.060026337482752e-08,0.9804539634371263,1.1957514578229536e-07,1.0338448100692604e-10,0.0013363921589472803,2.0183994089905285e-05,4.92759832662904e-05,8.582860427380286e-07,2.4395423664683722e-06,2.706393794112464e-05,4.2272594431624825e-07,3.091965088501278e-07,1.8530076521779749e-06,4.95589923874843e-05,3.836431296837325e-05,2.550481708497983e-07
60,1.2998875032833752e-06,0.0008369249031318109,9.008429285246683e-07,8.039587413183318e-05,0.020438793414511946,0.00029897903089400605,0.00010490336111635287,0.00013688874105834508,0.0009641378338335155,3.671901291641627e-08,0.9749495503531892,1.3194622382874945e-07,1.0741826973316445e-10,0.001988797321423948,2.5241312613212102e-05,5.413893272087246e-05,1.2129549025147931e-06,2.8897093856518775e-06,2.7348924174227024e-05,5.014160149542114e-07,3.2375573601449827e-07,2.3967667039120094e-06,5.442978503041647e-05,2.9412097911367066e-05,3.640084292829949e-07
61,1.2534389856735907e-06,0.0006544257930601967,1.0704929876738973e-06,7.395982740766109e-05,0.01677925915603622,0.0002984144384890526,0.00010074504420357057,0.00012591282079289453,0.000929975004527145,3.261036107964614e-08,0.9794290931440062,1.3102315982426342e-07,1.1539275230620077e-10,0.0014111995061377642,2.1176546451760508e-05,4.885680457302609e-05,9.109075608494805e-07,2.5719793427696822e-06,2.8144814413131565e-05,4.388550850036236e-07,3.2547856272568383e-07,1.947296282646905e-06,5.131417687014173e-05,3.8558567249299994e-05,2.821580609782561e-07
62,1.2998875032833752e-06,0.0008369249031318109,9.008429285246683e-07,8.039587413183318e-05,0.020438793414511946,0.00029897903089400605,0.00010490336111635287,0.00013688874105834508,0.0009641378338335155,3.671901291641627e-08,0.9749495503531892,1.3194622382874945e-07,1.0741826973316445e-10,0.001988797321423948,2.5241312613212102e-05,5.413893272087246e-05,1.2129549025147931e-06,2.8897093856518775e-06,2.7348924174227024e-05,5.014160149542114e-07,3.2375573601449827e-07,2.3967667039120094e-06,5.442978503041647e-05,2.9412097911367066e-05,3.640084292829949e-07
63,1.4101770340506517e-06,0.0011079493010507002,9.203781492608052e-07,8.582654025271035e-05,0.022767515317982007,0.000316559953553824,0.00011301982747121977,0.00013024025488081738,0.0010279237634459079,4.412391526170606e-08,0.9719049713930398,1.4105939503173821e-07,1.0815508045894248e-10,0.002331803164150971,2.8023315293794422e-05,5.3795881556041255e-05,1.272854816280941e-06,2.9582245181348846e-06,2.990126326160026e-05,5.534775979555468e-07,3.6752930654903705e-07,2.5899546651086887e-06,6.188346405487061e-05,2.990666195406434e-05,4.2201049883058697e-07
64,1.2565734384161576e-06,0.000964204595879206,1.0454819631571944e-06,9.910239869932438e-05,0.020585851269346617,0.0003659162659598533,0.00011326383119617473,0.00013867748692553752,0.0010569208150247678,4.8832130834072865e-08,0.9741627744476905,1.6349040255577468e-07,1.4079695648964568e-10,0.0022740646504014594,2.6792946135102742e-05,5.8931946320075885e-05,1.5126854213426982e-06,3.1326237440638117e-06,3.1762817130561726e-05,6.167910505054759e-07,5.337507555890736e-07,3.0424968487473995e-06,7.39040555224655e-05,3.6053702980217185e-05,4.2590423608364973e-07
65,1.2178466262153164e-06,0.000890846983161884,9.292810320435598e-07,8.856752177096119e-05,0.020415474651585788,0.00029789194883348454,0.00011602209223075814,0.0001525460481758978,0.0008708218740456848,4.442751951228796e-08,0.9747458709859311,1.3616879599477683e-07,1.0208390196311051e-10,0.002212335508094967,2.5531310424374374e-05,5.4979489051443266e-05,1.2261623901987825e-06,2.826956598229468e-06,2.7072440359433784e-05,5.515261682758905e-07,3.457076252077298e-07,2.492588539863217e-06,6.342976775608732e-05,2.845482904236668e-05,3.8378215642772464e-07
66,9.856184890094802e-07,0.0009119255796988449,6.907504915949206e-07,9.981908639600397e-05,0.013915611737753915,0.00021035973279221511,0.00010512088296105239,0.00017453215065684716,0.0008856293274327531,2.9191423957616803e-08,0.9806299990758196,1.789552751993117e-07,7.430622995497654e-11,0.002894978824596761,2.6785312583831684e-05,4.938052360516951e-05,9.145280973483644e-07,2.5101881663910774e-06,2.320213540115356e-05,3.5220590378839785e-07,2.607975630781436e-07,3.0153252146728084e-06,4.467497695261607e-05,1.871115488601303e-05,3.318635319869247e-07
67,1.0698009098604763e-06,0.0007157964996535555,8.260337039372825e-07,9.675476485682616e-05,0.01854213865349236,0.00034057473739617684,8.28570797802076e-05,0.00011960444006698554,0.0007835612480487754,3.89990199762511e-08,0.9768011480208066,1.2176915300937354e-07,1.260461077126199e-10,0.0023054725978067666,1.9200232283118656e-05,5.1171638956052844e-05,1.5409200640622422e-06,2.9150714718651016e-06,2.32184870576765e-05,6.229267640308299e-07,3.4906867399837793e-07,2.3308928857527344e-06,7.484207288074819e-05,3.348274894387742e-05,3.6116927775774267e-07
68,1.3973388888714283e-06,0.0008158352423937845,1.1473608186864704e-06,0.00010987605369431255,0.01639088804781758,0.00033149024459653886,0.00010376227277916868,0.0001442000030752421,0.0010263728077165146,4.249079054485278e-08,0.978726314235046,1.4755043789650924e-07,1.0779251193162953e-10,0.002145351637353668,1.903783302234712e-05,5.4974227719365e-05,1.10369655310546e-06,3.5705087496823137e-06,2.5434240034773536e-05,4.9659444358617e-07,4.030321720003118e-07,2.285998932739497e-06,5.924681129454264e-05,3.628281853455847e-05,3.388453420654786e-07
69,1.495662991057793e-06,0.0009064893674744841,9.37638032584309e-07,8.113242164341218e-05,0.022154750478916754,0.00031882106169716284,0.00010851045521372918,0.00014058166164002998,0.0010692407035701626,3.835873402031572e-08,0.9728891814655432,1.3566368123284012e-07,1.157166053326404e-10,0.002124934863204908,2.754603691317559e-05,5.776562415404875e-05,1.337511788741553e-06,3.285391957744449e-06,2.8895548210965583e-05,5.213913836857581e-07,3.2491846699443624e-07,2.540657589378519e-06,5.198475872339143e-05,2.9140666083035186e-05,4.0757666972298157e-07
70,2.5251675577680996e-06,0.0010923336299766004,1.595128190803234e-06,0.0001340113036515445,0.027520799930861223,0.0003128124618909236,0.00016678115403170453,0.0002657302349233437,0.001360564994129409,5.5260432135351853e-08,0.9655067756581464,2.1705179401677805e-07,1.7474228163666727e-10,0.0033903127708611726,3.6274119888354586e-05,9.536724386583886e-05,1.7052573090093998e-06,5.239666108924235e-06,2.3898066808857e-05,8.636504384137531e-07,3.078532212467384e-07,3.0001785908286186e-06,5.249292396660199e-05,2.5673422185387954e-05,6.626964272329394e-07
