,0,1,2,3,4,5,6,7,8,9,10,11,12,13,14,15,16,17,18,19,20,21,22,23,24
0,2.481112875008869e-08,0.009058741886243846,0.0004697576290894153,0.004734187567769605,0.003022453558292905,0.001972964296257808,0.0013888025834191723,4.7031408511283e-06,0.012213835053982458,0.0001655050303339257,0.966681428325959,8.054826878001352e-08,8.21978629112876e-05,0.00010466746978124176,1.2709353604121196e-06,9.980234625577901e-09,4.1363491730949514e-11,6.090165076204039e-05,2.396087904074267e-05,6.208160998372957e-06,4.1651210103723785e-06,8.906839524448337e-09,7.739816620176274e-08,3.701809143061289e-06,3.4535279164747613e-07
1,2.7730898250609354e-08,0.010279890356080075,0.0007874054355181875,0.0046077824162388545,0.00418289368108604,0.0030265375021156127,0.002016350224886253,8.195441992987099e-06,0.04709971379128736,0.0003354008406384007,0.927313278851465,7.761483219616663e-08,9.842198411159905e-05,0.00011795304409260046,2.3786449150787677e-06,2.1257928916172866e-08,3.62458754125889e-11,3.622345661087046e-05,7.015895556731014e-05,8.247675097394705e-06,5.011019111082163e-06,1.0727400709520962e-08,5.0893494566227824e-08,3.512055110241752e-06,4.5636327467684403e-07
2,2.9302117688651045e-08,0.009812492896656934,0.000353078040652131,0.0038269170404759386,0.002519164774458031,0.002812329139785708,0.0017329562922093558,4.7512543621461276e-06,0.013092187361746069,0.0001663820423284005,0.9653833564922258,8.422735063493001e-08,7.46243443656557e-05,0.00011918012281608316,3.326020463691335e-06,1.68236038277627e-08,5.92065085363029e-11,5.489371929750446e-05,2.7676241229553626e-05,7.352244540038133e-06,4.882964461974943e-06,1.753562181665968e-08,1.6315890207527812e-07,3.6914792118839405e-06,4.4642191026175233e-07
3,2.4753220302415446e-08,0.00894737132395544,0.0004716487048808359,0.004673872796287834,0.0030170958488559057,0.0019749963602717596,0.001385309166047101,4.674371962614898e-06,0.01226020435744689,0.0001637519437555302,0.966814991467226,8.050028217238886e-08,8.220535964759345e-05,0.00010394334147472709,1.2658335881401953e-06,9.962250234290644e-09,4.096727552115561e-11,6.0293501052276906e-05,2.385123488752372e-05,6.196580256309401e-06,4.106453368338656e-06,8.831167117746412e-09,7.643538031994662e-08,3.680586497833488e-06,3.402452700368688e-07
4,2.4365725569294837e-08,0.01053760537770747,0.0005497864802633269,0.004687559200810316,0.003781777892100813,0.002301521835736252,0.0014429214158937155,3.992270053360748e-06,0.012277402399381212,0.00017374591756060266,0.9638842572255494,8.815355976308606e-08,0.00012043582382094291,0.00013912989214490273,1.3045862043990767e-06,1.04329595205956e-08,4.1127978460718146e-11,6.183464202417513e-05,2.2043529291088326e-05,6.559135322493356e-06,3.661648154533319e-06,9.671277075800653e-09,8.182111704045119e-08,3.94493037586381e-06,3.013118380618747e-07
5,2.040231631610001e-08,0.009663738259934824,0.00040761302910142,0.007109948080315095,0.0034446897669415696,0.0017528289170584991,0.001205541467481288,4.963270322768835e-06,0.0076848143795073395,0.00018489337033255842,0.9682109647927486,8.013171250786403e-08,9.254167684486818e-05,0.0001102417359986383,8.236575758836404e-07,7.95392882650034e-09,4.6175370715944574e-11,9.244465146252409e-05,1.7632626531574207e-05,6.562507033037443e-06,4.848177239838942e-06,8.013633202671458e-09,9.766271492115828e-08,4.370086066442081e-06,3.2533702213019756e-07
6,2.4753220302415446e-08,0.00894737132395544,0.0004716487048808359,0.004673872796287834,0.0030170958488559057,0.0019749963602717596,0.001385309166047101,4.674371962614898e-06,0.01226020435744689,0.0001637519437555302,0.966814991467226,8.050028217238886e-08,8.220535964759345e-05,0.00010394334147472709,1.2658335881401953e-06,9.962250234290644e-09,4.096727552115561e-11,6.0293501052276906e-05,2.385123488752372e-05,6.196580256309401e-06,4.106453368338656e-06,8.831167117746412e-09,7.643538031994662e-08,3.680586497833488e-06,3.402452700368688e-07
7,2.4532079038694447e-08,0.008533211881156218,0.00045164353293365744,0.007289486106409632,0.0057210049039570915,0.0038962977172888056,0.0012255691876244875,6.87158588940343e-06,0.014486383786179351,0.0003003689230834554,0.9577261673649423,1.1006015521821083e-07,5.1250519393071255e-05,0.00017437288442084104,2.0647333027724502e-06,2.1950037327577717e-08,5.0035086450004305e-11,6.871880627638043e-05,4.607515836985762e-05,6.21568289229503e-06,1.0473994195636278e-05,1.4308581751800272e-08,1.4852728384659967e-07,2.893463729156844e-06,6.103397832072473e-07
8,7.470335691748308e-08,0.0358083669299964,0.001958125375898986,0.030700157278477882,0.008936957873921248,0.0026496403198662745,0.004996293365523321,2.407616468616834e-05,0.0317938770920099,0.0011522666363919243,0.8810896079851572,1.5200347806402243e-07,0.00027819668383011274,0.00035316207001845725,3.2594784275122166e-06,3.9025426223660106e-08,1.7562102771943198e-10,0.00013964551965118909,5.080696162751487e-05,1.9376862730406716e-05,1.5387778935674178e-05,2.140342462249932e-08,3.366965897379107e-07,2.732402249825604e-05,2.8475924549139884e-06
9,6.611739927190631e-08,0.03510545171597651,0.0030448637810539993,0.021435263986631398,0.007141223939617422,0.0013146965856719274,0.0039161913664781285,1.7606166106228938e-05,0.037530749318886884,0.0006082646455773912,0.8890368247887755,1.355075666655868e-07,0.00042730660825692786,0.00022000296211433084,1.7717314093760672e-06,1.4877299351932989e-08,1.3856512511914796e-10,0.00011044257637011526,3.0272417022466097e-05,1.743921738330281e-05,6.71940544866093e-06,1.0798209114594765e-08,1.1133499231146408e-07,3.276545544319928e-05,1.8045577442339885e-06
10,2.4753220302415446e-08,0.00894737132395544,0.0004716487048808359,0.004673872796287834,0.0030170958488559057,0.0019749963602717596,0.001385309166047101,4.674371962614898e-06,0.01226020435744689,0.0001637519437555302,0.966814991467226,8.050028217238886e-08,8.220535964759345e-05,0.00010394334147472709,1.2658335881401953e-06,9.962250234290644e-09,4.096727552115561e-11,6.0293501052276906e-05,2.385123488752372e-05,6.196580256309401e-06,4.106453368338656e-06,8.831167117746412e-09,7.643538031994662e-08,3.680586497833488e-06,3.402452700368688e-07
11,2.5287390603188337e-08,0.00945618457929146,0.00048792544330549437,0.004675087098066052,0.0030107167108942034,0.0019194029183335255,0.0014209664002413807,4.515890908722893e-06,0.01172658054714663,0.0001605678589610554,0.9668287075462549,8.42251706167056e-08,9.873466578860633e-05,0.00010915326017417047,1.2124536035293905e-06,9.632653202974352e-09,4.341807765075384e-11,6.333896709667433e-05,2.20414356342656e-05,6.604806313187149e-06,3.786769269547304e-06,9.055303844812902e-09,7.847597377274014e-08,3.945152600068531e-06,3.20776206331792e-07
12,2.121326271582904e-08,0.013671839790992013,0.00027007911932458624,0.008879473286578652,0.010499768113938424,0.006195862863064016,0.0007431359156987919,1.869367930997841e-06,0.001089513345570637,0.00024510810545992694,0.9573373821707578,2.382435237705772e-07,0.00013464682000145978,0.0005759815730123244,6.721153383470364e-07,1.713350636679319e-08,7.94604488035346e-11,0.0003262896660796226,8.696385114613381e-06,5.7783162740167236e-06,9.17281118806018e-06,2.6742935512858127e-08,6.590535996487004e-07,3.525818031444115e-06,2.419493557342647e-07
13,2.3002326037269782e-08,0.0076045374533167814,0.00044739178556925987,0.00393401490467946,0.002735762258024276,0.0016804443843083255,0.001195234169371774,4.132870411299453e-06,0.01124805388758301,0.00012333877830371647,0.9707707566510223,8.306037507243784e-08,7.430187440316075e-05,9.465386878225309e-05,1.1995030278014115e-06,8.09103375183534e-09,3.922048619904914e-11,5.188209274470868e-05,2.1672595756172522e-05,5.333598318944354e-06,3.651456416483915e-06,8.03193903387066e-09,6.494869995298408e-08,3.1573400354712043e-06,2.9335433056702725e-07
14,2.1710170098351346e-07,0.0003704064639456531,0.0010485619299043744,0.002926627841396683,0.0006279928312757602,0.0005654430065376216,0.002421792442533564,5.397476230773723e-06,0.006423925732139887,5.8599704222827755e-06,0.9854113363293784,7.459678227203414e-07,1.5320367725627057e-05,0.00011782430882903879,2.4976259625652975e-06,2.063568805808951e-08,9.14101010592664e-11,2.0332879235539977e-05,2.2730553553826604e-05,6.406755985460321e-06,3.2106570458422137e-06,4.971808950719118e-09,2.060200318586626e-07,1.6983532882874759e-06,1.4396861460817966e-06
15,2.4753220302415446e-08,0.00894737132395544,0.0004716487048808359,0.004673872796287834,0.0030170958488559057,0.0019749963602717596,0.001385309166047101,4.674371962614898e-06,0.01226020435744689,0.0001637519437555302,0.966814991467226,8.050028217238886e-08,8.220535964759345e-05,0.00010394334147472709,1.2658335881401953e-06,9.962250234290644e-09,4.096727552115561e-11,6.0293501052276906e-05,2.385123488752372e-05,6.196580256309401e-06,4.106453368338656e-06,8.831167117746412e-09,7.643538031994662e-08,3.680586497833488e-06,3.402452700368688e-07
16,2.6130782993820118e-08,0.011643517375679098,0.00039129692272137794,0.006100519859573359,0.003333262958914893,0.0023375783835985673,0.001490270865296128,5.924489475661332e-06,0.01055791663702978,0.0002889033520938043,0.9635095463333525,8.59775657297755e-08,8.540710266907903e-05,0.00011350173321235114,1.2468880390008043e-06,1.3455095184629207e-08,5.2585233147921915e-11,9.460198168888773e-05,2.759092502805314e-05,6.922051409607653e-06,6.870873860218742e-06,1.1602076938196489e-08,1.0117544902551092e-07,4.48359121527527e-06,3.9928158729360126e-07
17,2.5685938161320597e-08,0.009422612398865719,0.0004921153399874481,0.0059273220880459825,0.0033467040904644704,0.0019693969334626435,0.0014068349481625277,4.772810015306209e-06,0.01023488815239219,0.00016947723684109601,0.9666850310138275,9.405479441551173e-08,9.728952716577296e-05,0.0001311608510406879,1.085523075742828e-06,9.996984970016869e-09,4.4756204305468697e-11,7.366683366477817e-05,2.1871084174783552e-05,6.883820201655739e-06,4.381877222171259e-06,9.150080951367536e-09,9.493771728740154e-08,3.901178632380204e-06,3.704224851691439e-07
18,9.813436669766705e-08,0.02054701840773664,0.0008256081909991903,0.008309450558713445,0.0023915289620143852,0.0012177745674843358,0.002888620141354865,7.685375100250211e-06,0.0086697921563938,0.00025540540684438023,0.95426386269193,2.3346307307724184e-07,0.00017388720422746422,0.00016769058459085396,1.2842269362825105e-06,1.330386934879536e-08,1.7343444157149036e-10,0.00022344368937287997,2.3744872638678093e-05,1.0448680748060645e-05,7.689507194250587e-06,2.127387477308391e-08,1.53948318897187e-07,1.3359324551027614e-05,1.1851542319915842e-06
19,1.7985659127494394e-08,0.010462533509315608,0.0010929587821357212,0.0064567229026373935,0.00758424653486427,0.00225364547364765,0.0011393063752019995,5.921785647081201e-06,0.021142114120495655,0.0002373728218115434,0.9491742830063216,1.3279077910099728e-07,0.00017557717569607618,0.00018155564296641166,1.146202248888178e-06,9.970157320068505e-09,4.4465816506434297e-11,4.759262800954698e-05,2.8707242138055024e-05,8.033326935554076e-06,3.8340270340829775e-06,9.747260895142466e-09,5.104499381738861e-08,3.911639059445324e-06,3.1522051732010647e-07
20,2.1622855534078706e-08,0.014518770242933627,0.000519858531905814,0.006369066690725713,0.005214127897040676,0.0018490804142432858,0.0013823586756724921,1.1948837129438384e-05,0.01802493058769993,0.0003071771282594607,0.9514461519818361,9.858154825462077e-08,9.731225577849121e-05,0.00012685838341903782,2.4274331883750695e-06,1.219503945996973e-08,9.218206066145615e-11,6.264762462570153e-05,4.533923544778398e-05,8.11869453970475e-06,7.717164110812107e-06,2.4889945859043033e-08,1.0442628947178133e-07,5.425307920294322e-06,4.211056626426871e-07
21,1.8704329492495524e-08,0.010381674634611485,0.00041900868883257405,0.004315036225266138,0.0030817324328891505,0.0015670759011911458,0.0010990669706832266,5.622191869783171e-06,0.016389501358674508,0.00015185712118217866,0.9623623719474352,5.179712789028082e-08,5.73626733759435e-05,7.989038457693883e-05,1.5985632303983304e-06,6.604870933583412e-09,4.2288300853126255e-11,4.6528771010070925e-05,2.8609767676266814e-05,4.850676228201703e-06,4.147992895047846e-06,9.869926489057676e-09,5.910313728460256e-08,3.55586935809498e-06,3.617073331681947e-07
22,1.9009155994911137e-08,0.004634723420314553,0.000300294240467733,0.0026207627959673576,0.0020314067537861593,0.001488185388308206,0.0007761501258186871,2.941267598423597e-06,0.005401423714616233,8.253188370845091e-05,0.9824666875203794,7.135451201090881e-08,4.351362288117204e-05,6.0426848721186396e-05,7.675845620612841e-07,6.831314565424606e-09,4.0465174012982764e-11,6.648162373408435e-05,1.2851081469378467e-05,3.882406654202921e-06,3.913116419834356e-06,6.406229939069489e-09,6.176014129378599e-08,2.7235535993536464e-06,1.6764917430063943e-07
23,2.4753220302415446e-08,0.00894737132395544,0.0004716487048808359,0.004673872796287834,0.0030170958488559057,0.0019749963602717596,0.001385309166047101,4.674371962614898e-06,0.01226020435744689,0.0001637519437555302,0.966814991467226,8.050028217238886e-08,8.220535964759345e-05,0.00010394334147472709,1.2658335881401953e-06,9.962250234290644e-09,4.096727552115561e-11,6.0293501052276906e-05,2.385123488752372e-05,6.196580256309401e-06,4.106453368338656e-06,8.831167117746412e-09,7.643538031994662e-08,3.680586497833488e-06,3.402452700368688e-07
24,1.8372699143857222e-08,0.01743412046886781,0.0005141988258432173,0.011974710127904102,0.006459616708450803,0.0028381663015476163,0.0013294717721920608,5.390265034812896e-06,0.010058356245888883,0.00035527798362631043,0.9484694419150447,9.648075603454718e-08,0.00015920383372551746,0.0002526957835281384,9.183474079720447e-07,1.1479958052390208e-08,4.0714352560313005e-11,0.00010096897599370476,2.7759029497093786e-05,9.078562919765018e-06,6.1576209540095695e-06,1.0980017414871295e-08,1.2090270873872592e-07,3.7730376484317694e-06,4.3593707142071183e-07
25,3.554755855996684e-08,0.043220514889951524,0.0008907601610113914,0.0058256534110524855,0.01186022817180689,0.019441852902116558,0.0017566954704238745,3.1380930011980613e-06,0.07060878570033069,0.0011323625464023203,0.8445943010347636,7.485966076444605e-08,0.0001196045394595394,0.00038008352685241654,7.877437950735734e-06,4.235586145258051e-08,3.5704335030622554e-11,7.893033592647269e-05,5.754458041825916e-05,6.011651945977988e-06,8.897694094837698e-06,2.9430910733206326e-08,1.4637847378445853e-07,4.657830916519972e-06,1.7714134050995276e-06
26,5.598025758131154e-08,0.008990670186929289,0.0009238137324691035,0.004357588507063745,0.0017690603994782155,0.0006762990759910269,0.0017642704631553006,6.13230580785009e-06,0.010256084274936666,9.613847808530867e-05,0.9708204445071394,8.845894384382008e-08,0.0001509740604821845,4.3297508074805144e-05,6.789891388503225e-07,4.45703741300249e-09,1.0065065406747383e-10,0.00010917266319028205,9.148665165712713e-06,7.1057115048384294e-06,2.3093936950528646e-06,5.730488785396505e-09,5.385513409041597e-08,1.6268187307755912e-05,3.343078723327073e-07
27,3.256548640004346e-08,0.010773146977415252,0.0005443527956548,0.0039057630395171023,0.002717379961244741,0.003094906183230459,0.0017452514813214633,7.646839218449576e-06,0.035315645332738926,0.0002557978352814143,0.9413780178187101,6.484663347715424e-08,6.628306222653476e-05,8.107469753943508e-05,3.1840504521336914e-06,1.790529890548155e-08,4.778298999010667e-11,4.979656470473747e-05,4.295796714764609e-05,8.992030291812617e-06,4.751736534718322e-06,1.569764978791089e-08,7.669391689215027e-08,4.217613165229513e-06,6.262568364496986e-07
28,2.4753220302415446e-08,0.00894737132395544,0.0004716487048808359,0.004673872796287834,0.0030170958488559057,0.0019749963602717596,0.001385309166047101,4.674371962614898e-06,0.01226020435744689,0.0001637519437555302,0.966814991467226,8.050028217238886e-08,8.220535964759345e-05,0.00010394334147472709,1.2658335881401953e-06,9.962250234290644e-09,4.096727552115561e-11,6.0293501052276906e-05,2.385123488752372e-05,6.196580256309401e-06,4.106453368338656e-06,8.831167117746412e-09,7.643538031994662e-08,3.680586497833488e-06,3.402452700368688e-07
29,2.4753220302415446e-08,0.00894737132395544,0.0004716487048808359,0.004673872796287834,0.0030170958488559057,0.0019749963602717596,0.001385309166047101,4.674371962614898e-06,0.01226020435744689,0.0001637519437555302,0.966814991467226,8.050028217238886e-08,8.220535964759345e-05,0.00010394334147472709,1.2658335881401953e-06,9.962250234290644e-09,4.096727552115561e-11,6.0293501052276906e-05,2.385123488752372e-05,6.196580256309401e-06,4.106453368338656e-06,8.831167117746412e-09,7.643538031994662e-08,3.680586497833488e-06,3.402452700368688e-07
30,2.4753220302415446e-08,0.00894737132395544,0.0004716487048808359,0.004673872796287834,0.0030170958488559057,0.0019749963602717596,0.001385309166047101,4.674371962614898e-06,0.01226020435744689,0.0001637519437555302,0.966814991467226,8.050028217238886e-08,8.220535964759345e-05,0.00010394334147472709,1.2658335881401953e-06,9.962250234290644e-09,4.096727552115561e-11,6.0293501052276906e-05,2.385123488752372e-05,6.196580256309401e-06,4.106453368338656e-06,8.831167117746412e-09,7.643538031994662e-08,3.680586497833488e-06,3.402452700368688e-07
31,5.3829842216654e-08,0.02329680022569418,0.0016175385712714348,0.017150218306133582,0.008092487708147666,0.001252968856874173,0.002241730508412674,2.0617885968410915e-05,0.016457889483285443,0.000445966979747882,0.9286540800122651,2.033187907346445e-07,0.0003121747688095117,0.0002152303819039197,8.487410022514791e-07,1.1649601679618457e-08,1.4107052949810627e-10,0.00016282322458408582,3.7763912206515156e-05,1.575315562290419e-05,7.14752894087459e-06,1.64474574453874e-08,1.0149787074940544e-07,1.6828029942654193e-05,7.44834553214394e-07
32,2.645471613997294e-08,0.009404136139244682,0.0004936275620812296,0.00447976582723492,0.0032469603063793387,0.0020788243801991607,0.0014139738658826787,5.43643343593225e-06,0.015592618548535896,0.00018072750222625976,0.9628123765426068,8.355626651333905e-08,8.014221573681689e-05,0.00010718071259343409,1.5652872198118963e-06,1.117804188502346e-08,4.5134546138766906e-11,5.5846194351482296e-05,3.183929933020348e-05,6.191520297790678e-06,4.600533757474191e-06,1.0544699058138046e-08,7.276168195508122e-08,3.61144825246368e-06,3.7114009357998484e-07
33,2.4875233997024695e-08,0.010683496327913612,0.00044344192220735024,0.004913172533539159,0.00345792864256819,0.0020560745974308424,0.0013605886695511606,4.7357215603669284e-06,0.010027410212325028,0.0001759353016909558,0.9665426402449666,8.762135112406894e-08,9.937627765505741e-05,0.00012368361991632273,1.1965144164447464e-06,1.0004891620121077e-08,4.673444483340886e-11,7.136071195837696e-05,2.3739349267640906e-05,6.701235354585888e-06,4.139453430061272e-06,1.1415084443222295e-08,8.837670043439391e-08,3.858262221368839e-06,2.98062030710013e-07
34,1.4395672413539228e-08,0.008494998648737553,0.00030790843699531474,0.00804473558145969,0.0037559839505495593,0.0017369684595497485,0.0010221731839587529,3.907772998862913e-06,0.002980571124538074,0.00016968400668227338,0.9731267956763171,9.268376623404458e-08,9.106283216841738e-05,0.00012499151686825292,5.859468663957819e-07,7.901640685399372e-09,5.0444980475003104e-11,0.00011293355502132703,1.0192467062110567e-05,6.768881959296747e-06,5.0464853570056345e-06,8.144565828104992e-09,1.6647056274428254e-07,4.177740193968879e-06,2.2408606317869632e-07
35,1.4312452037849968e-07,0.023711140159824874,0.0009935720603293568,0.013796378216387595,0.002419910403004352,0.001060952737024185,0.0029769717446906487,6.015717521002574e-05,0.07255942757859839,0.0009095270168464516,0.8808874851533225,1.630920459284674e-07,0.0001377948582929318,5.369391546779593e-05,1.4237430241093948e-06,1.4859880105683861e-08,2.563559811916731e-10,0.0002513356736907538,0.0001249018585919608,1.850558275580902e-05,1.3002248067312868e-05,2.716884646345666e-08,4.885903771144163e-08,2.0601903245924386e-05,2.8206109382699102e-06
36,8.497405421632451e-08,0.020431815701305873,0.004053200229619163,0.01352015049869081,0.015239676365703097,0.001436329151926168,0.002436796783656577,3.4361238451708735e-05,0.09121107399471176,0.0005551267671286708,0.8500277914622554,6.883603342952689e-07,0.00037512640396919413,0.0003975633909826997,4.347644995998456e-06,2.4977616049311883e-08,3.315202464873838e-10,4.3697143611488165e-05,0.00019318524085505862,1.3530420082857376e-05,1.2115948855345686e-05,3.585258494579304e-08,6.460827746017105e-08,1.1126995609666265e-05,2.085513201157063e-06
37,8.190553872546699e-08,0.008577566622921907,0.0006881237379366636,0.0029410154861742445,0.00169751261460686,0.0007996336848354139,0.0018113496935922022,2.4181106814880814e-06,0.004677731588760684,4.931861891145789e-05,0.9783905522178622,1.38763659287412e-07,0.00012142911256118922,0.00012005083748819827,5.323894129252359e-07,4.817892051239545e-09,4.831693441173824e-11,9.835007561859532e-05,1.1950231727106087e-05,4.194267347215023e-06,1.9721009816554512e-06,5.861591373446639e-09,4.976617076843102e-08,5.742383882648661e-06,2.750615281002849e-07
38,2.3452782685099913e-08,0.002499611234646669,0.00013399955859133322,0.0006882740952974836,0.000655537577866585,0.003477347545528647,0.0016873584296088762,8.079894612018361e-07,0.005021997215582735,4.555570177522087e-05,0.985676273728197,3.376837596133322e-08,2.293066650089573e-05,4.173621252308727e-05,1.6014539986807621e-06,1.543589048800463e-08,1.0471915098733914e-11,3.0789541204853684e-05,1.03243292067398e-05,2.6834291652955423e-06,1.7048492736167656e-06,4.35719669495924e-09,7.732010609029086e-08,1.2212901182573955e-06,9.080662906785838e-08
39,2.4351309869083038e-08,0.0030327751631365,0.0005818685618233009,0.00716274022917823,0.005611850762470536,0.003111053393073191,0.001000456702775893,1.3158461007959255e-05,0.014137396552380634,0.0002701113921704919,0.9648066829980186,1.787616350284388e-07,3.655967827913723e-05,9.3799733289225e-05,1.3804946220032773e-06,3.2069172537573407e-08,6.389804725111412e-11,6.338786427789702e-05,4.993091391228207e-05,8.191431537878474e-06,1.4732100260369933e-05,8.940115640874164e-09,1.1422304982419721e-07,3.100296337908965e-06,4.648622668619925e-07
40,4.8259163173883666e-08,0.009895028799625913,0.000536775017028391,0.0013987833617274353,0.002776555491625462,0.0018456162533177502,0.0010836600384845378,1.725776830395574e-06,0.010878217245786324,5.545198986596966e-05,0.971221560171339,1.0805453535455282e-07,5.57922589488791e-05,0.00017122441140856679,2.1571211194404966e-06,6.973612510901368e-09,3.842351959945103e-11,4.172422001085126e-05,2.7571270714063194e-05,2.256888349130323e-06,3.0888152918560357e-06,1.4415131306314284e-08,4.679251338356962e-08,2.2652608419728613e-06,3.2107430496036585e-07
41,2.3554591258081675e-08,0.010481318300851923,0.0006349785852915215,0.0049167426933030105,0.004281781068176857,0.0025530862537559216,0.001381529255104385,5.115272139999866e-06,0.020800564847540032,0.00021246548690996982,0.9544268892500762,7.429706187563974e-08,8.916082886363423e-05,0.00012118654651416388,1.7514028183565974e-06,1.1576835105720112e-08,3.7627353688746845e-11,4.856025088444568e-05,2.990971442146006e-05,6.048188945293784e-06,4.407888544116601e-06,8.991650525341398e-09,6.743917729863289e-08,3.90743494742338e-06,4.1083396790310825e-07
42,2.964353494526383e-08,0.009053080567421967,0.00047033343535484833,0.004072424747836234,0.0033958281236309796,0.0017752921961798626,0.001703441873151045,2.2337929410757807e-05,0.029110806527336268,0.00031685772775708596,0.9497781237639629,9.430737750976665e-08,4.265213270342923e-05,7.296563674868975e-05,4.10608106348948e-06,2.729508990104741e-08,1.0936628253083958e-10,3.7592510726583524e-05,0.00011842380030166888,9.911355243390347e-06,1.1167874471379677e-05,3.433885035674177e-08,8.350831213287057e-08,3.958534427783925e-06,4.259797405131944e-07
43,1.2587802663665577e-08,0.013584022477831208,0.0002945406720018243,0.009817817178872534,0.011081772663439548,0.008689287981909145,0.001110130685540672,1.9722343231252693e-05,0.029271147286462608,0.0018691549816579804,0.9238852308742651,6.233572422566676e-08,4.844587273133735e-05,0.00010308813117775955,3.4355237936854735e-06,5.283011800337971e-08,7.372080377450483e-11,8.491478192235517e-05,9.532444817997544e-05,8.978333493612482e-06,2.774358152648994e-05,2.9640648163883687e-08,1.7028554086024139e-07,4.401048819641371e-06,5.133795884744742e-07
44,2.4753220302415446e-08,0.00894737132395544,0.0004716487048808359,0.004673872796287834,0.0030170958488559057,0.0019749963602717596,0.001385309166047101,4.674371962614898e-06,0.01226020435744689,0.0001637519437555302,0.966814991467226,8.050028217238886e-08,8.220535964759345e-05,0.00010394334147472709,1.2658335881401953e-06,9.962250234290644e-09,4.096727552115561e-11,6.0293501052276906e-05,2.385123488752372e-05,6.196580256309401e-06,4.106453368338656e-06,8.831167117746412e-09,7.643538031994662e-08,3.680586497833488e-06,3.402452700368688e-07
45,2.493531488176427e-08,0.007470887248540227,0.0006316716713254555,0.003647209164133888,0.0031157599323576512,0.0018268866157253347,0.0017809619731726234,6.03668176393586e-06,0.018608493909577736,0.00014959309207570346,0.9624892266578592,8.081398429948477e-08,9.96630756395613e-05,9.1776453065383e-05,1.624979026356445e-06,1.171640814296869e-08,3.905483536366898e-11,3.635810180454297e-05,2.9039397603148997e-05,7.462047210440936e-06,2.931425670383785e-06,9.150189270359918e-09,5.967774813551628e-08,3.979264345482022e-06,2.51976403320408e-07
46,5.088317286500911e-08,0.009298053351785098,0.0006647248260491247,0.007767659595828095,0.0027535595155004865,0.00031309280177487176,0.0007568125385243572,1.9164314442024503e-05,0.00565621817167439,0.00010924423537872454,0.9722853533112242,2.3804866148888812e-07,0.00014949784020626435,3.698671105359474e-05,8.15947400373222e-07,3.259193385764203e-09,7.172017976842168e-10,0.00013907304623148162,1.4054969624361872e-05,8.697566506670877e-06,6.243864084039815e-06,1.6841672949973957e-08,8.104008451984151e-08,1.9939147670450114e-05,4.1745505429689774e-07
47,1.395730968404163e-07,0.009284295162195956,0.0005126330747704267,0.0017697152927022186,0.001055760754520337,0.001128833384639659,0.001886195899150529,4.335053685422423e-06,0.007439186754365545,8.372730393311237e-05,0.9765070180180713,2.563494338956392e-07,9.556231838182628e-05,6.304800637631144e-05,1.2309919554463737e-06,1.0501181091008074e-08,1.2145674431709058e-10,0.00012986595893338794,2.0998318348031e-05,7.240402023609667e-06,3.282753906086361e-06,2.196535627331517e-08,5.6726949142286926e-08,6.175520738346851e-06,4.097938284728652e-07
48,7.36759648107366e-08,0.04873133746937635,0.0005202234042157786,0.010821202668721181,0.004534779695239795,0.001380449281916607,0.004907536049445841,3.5185422853377424e-05,0.01995202223249532,0.0008605821999721475,0.9075306848949977,1.1415353108749617e-07,0.0002359021849529244,0.0001740772056124785,4.055948981611154e-06,2.6997892811881824e-08,3.6815443770978565e-10,0.00011761923868390502,0.0001477315290994261,1.577318784293587e-05,1.2440134053460967e-05,7.653230083046692e-08,2.2335822388371273e-07,1.7130481248356395e-05,7.516842228415058e-07
49,1.9986340304373336e-08,0.005569353006050494,0.0004481138991805627,0.003245618122263798,0.003407521653527521,0.0024687677748010278,0.0008347412799589454,3.327344138450127e-06,0.00815511740598165,0.00011099025916773075,0.9754803658695786,1.3286078337010763e-07,7.4621541975164e-05,0.0001081610822943511,9.85440489002897e-07,9.723060488572463e-09,3.8040620659352776e-11,6.288558030952493e-05,1.697889055787039e-05,6.1193780586205e-06,3.559519020379675e-06,1.0065155781321363e-08,7.226033374198977e-08,2.3131461740714908e-06,2.1387275788660894e-07
50,7.57077732105287e-08,0.03895394961963715,0.0011196252342582928,0.012077018143955055,0.007628881486804063,0.005976552789946005,0.009958245190227455,2.0569990679710564e-05,0.06665859163428224,0.0018297485976511057,0.8548037177441368,8.324101375541455e-08,0.00023022288478798155,0.00041220387265571503,4.384613434517099e-06,9.18916142546969e-08,5.4775879453723775e-11,7.576516935617531e-05,0.0002114520154127059,1.8113982251167414e-05,9.514820692711073e-06,3.864654489402806e-08,1.7207675356701102e-07,9.773830128296767e-06,1.2067612271751517e-06
51,2.8426463934412864e-08,0.008062383174532919,0.0006430008380907558,0.003730416487366486,0.003384856776950557,0.002525121179794992,0.0013703721806658249,4.249396099961836e-06,0.01771713783861042,0.00015061099474891304,0.9621339977497864,9.340663106525708e-08,8.57736931993283e-05,0.00010507532231863406,1.726577463147712e-06,1.308130005249409e-08,4.206873779568814e-11,4.5445913212053445e-05,2.5455596947947836e-05,6.7392214181024395e-06,3.4344386421327727e-06,9.198642725091116e-09,7.089836594921379e-08,3.6121417677710754e-06,3.754249112459145e-07
52,3.791320203395124e-08,0.015940821103903213,0.0015677256543524182,0.012396734313715808,0.009052843082022552,0.0010370979481483923,0.0018549605709541367,2.056121662751903e-05,0.03223497872043247,0.00032755955069961075,0.925076407887207,1.848633546253617e-07,0.00011899307200105683,0.00021066523254627818,2.4409993295607612e-06,1.2730973064739775e-08,1.2848580216456105e-10,3.9841454823094104e-05,9.117876040956542e-05,7.217851013462608e-06,1.070005040960654e-05,1.5000324908978524e-08,7.250142468276139e-08,7.875367508094998e-06,1.0740261311169408e-06
53,2.178257634880394e-08,0.0031801544142936932,0.0001577797378398403,0.0013366708844827137,0.00023305623414521058,0.0011816545434066026,0.0035121049123189854,1.3985206681471947e-06,0.006402752511303527,3.916254397389176e-05,0.9838482190285462,1.746271277346212e-08,3.581446072341712e-05,2.4048510919500315e-05,1.2499148834094638e-06,9.457041736328904e-09,1.186226168533464e-11,2.8950708499793992e-05,6.755701245433345e-06,6.558306854968813e-06,9.340378785596925e-07,2.6678305523676544e-09,9.20988706478194e-08,2.438603351483334e-06,1.5294377022814465e-07
54,9.389827595391619e-08,0.0350597874320761,0.001208460063944128,0.0067688585763591375,0.0031154016261488904,0.005310701695921821,0.00745946112626651,4.1737795076207575e-06,0.03977290808187949,0.0005416523651178947,0.8998788172226662,1.2769681221929134e-07,0.0002371348560195855,0.0004758842015879162,4.362493978719952e-06,5.363403658269423e-08,3.626610465795097e-11,7.211933172921661e-05,6.235252780739099e-05,1.439432834404441e-05,5.401917048260817e-06,1.9805173187764295e-08,1.5234418524247995e-07,5.892394237854369e-06,1.7885646101083773e-06
55,4.801670299689075e-08,0.007632187599332245,0.0008768278784401026,0.004139230922781084,0.0011994189456881366,0.0007945741563612988,0.0014921309121013254,3.6768179893237496e-06,0.019153727920276434,7.521680307066348e-05,0.9642929279532617,1.4408849028792708e-07,0.00017950467004036394,5.627566870991172e-05,5.134736743070816e-07,3.4680526457590717e-09,3.56739815352656e-11,7.502643513138662e-05,1.3163902845431926e-05,8.705206675576009e-06,1.491308886326671e-06,3.670909767118593e-09,2.1516392534350898e-08,4.686501119793478e-06,4.921273922929402e-07
56,2.550517322496848e-08,0.00953158268664242,0.0004982173781223714,0.004562860909259517,0.003032000528321084,0.001869391634867499,0.0013995440215468936,4.638446478125135e-06,0.012265326703045604,0.00015860877561043723,0.9663706319890948,8.383854818116281e-08,0.00010232366693434287,0.00010411440546105877,1.226832143860644e-06,9.301392496746139e-09,4.479435566528279e-11,6.212684507576598e-05,2.249791701567991e-05,6.6424196002756636e-06,3.692720954304572e-06,8.981149487766686e-09,7.364514471346214e-08,4.0604759533966366e-06,3.103276700217054e-07
57,3.390951402951519e-08,0.013640338476747267,0.0019325913579201672,0.009315175017658323,0.014290887516610604,0.002553931426943846,0.0011493881207361174,2.1119783334194445e-05,0.048609700994253095,0.0005728211693442145,0.9072762399341611,3.9449109204777284e-07,0.0002054525655863758,0.0002327452208672869,2.2728537326249402e-06,2.3816598983874523e-08,1.6063421020761272e-10,5.961946071605585e-05,0.0001059169765634459,1.3085140405200659e-05,1.1739422879091083e-05,2.906845652238884e-08,5.547438955723873e-08,5.7043411561175245e-06,7.332996997445217e-07
58,2.7969661478863138e-08,0.009615914754941144,0.0005111601710607233,0.004674380732904771,0.0029498657048120072,0.0016398566357854981,0.0014873036548432336,5.175009601131061e-06,0.010973132981463267,0.0001628101948966292,0.9676853842252712,8.332268185798924e-08,9.358743269995084e-05,9.356219020896789e-05,1.231099986281047e-06,9.227457282628852e-09,5.459967321225614e-11,6.972219766640852e-05,2.072517778871495e-05,6.203647639651447e-06,4.1827259727813595e-06,9.269103945255063e-09,8.299437521180134e-08,5.2596481455201655e-06,3.289764325994263e-07
59,2.933204490128208e-08,0.008482349913775278,0.0006470271139704108,0.004517654104033313,0.002858948087512159,0.0013839898480393217,0.0014434718535624616,5.31831177023303e-06,0.010945552570633486,0.00013851585602152742,0.9692897774523815,9.052013304052133e-08,9.763455101526092e-05,8.39764431418722e-05,1.062586754060486e-06,8.321578273253558e-09,5.605833078037365e-11,7.06145430501288e-05,1.71721495836144e-05,6.5545322626046824e-06,3.735626218600606e-06,7.862932862896103e-09,7.052176047697327e-08,6.118899309930197e-06,3.1894245599584423e-07
60,2.4753220302415446e-08,0.00894737132395544,0.0004716487048808359,0.004673872796287834,0.0030170958488559057,0.0019749963602717596,0.001385309166047101,4.674371962614898e-06,0.01226020435744689,0.0001637519437555302,0.966814991467226,8.050028217238886e-08,8.220535964759345e-05,0.00010394334147472709,1.2658335881401953e-06,9.962250234290644e-09,4.096727552115561e-11,6.0293501052276906e-05,2.385123488752372e-05,6.196580256309401e-06,4.106453368338656e-06,8.831167117746412e-09,7.643538031994662e-08,3.680586497833488e-06,3.402452700368688e-07
61,2.6220080254042517e-08,0.008141700125028673,0.0006344432518563273,0.004102724832280601,0.002887055431156019,0.001409815539273834,0.0012884380929246706,4.582188948899976e-06,0.011411300117882009,0.00012377629898728169,0.9697239070277914,8.899760938248858e-08,9.270658878744746e-05,8.564126560320851e-05,1.0541555389303582e-06,7.576214967818788e-09,4.832047313827865e-11,6.0567062612359583e-05,1.742554277622064e-05,6.008767140863682e-06,3.4201746289660595e-06,7.403606104447424e-09,6.048862076593076e-08,4.9444275288151874e-06,2.983748014070928e-07
62,2.4753220302415446e-08,0.00894737132395544,0.0004716487048808359,0.004673872796287834,0.0030170958488559057,0.0019749963602717596,0.001385309166047101,4.674371962614898e-06,0.01226020435744689,0.0001637519437555302,0.966814991467226,8.050028217238886e-08,8.220535964759345e-05,0.00010394334147472709,1.2658335881401953e-06,9.962250234290644e-09,4.096727552115561e-11,6.0293501052276906e-05,2.385123488752372e-05,6.196580256309401e-06,4.106453368338656e-06,8.831167117746412e-09,7.643538031994662e-08,3.680586497833488e-06,3.402452700368688e-07
63,2.6337635760322912e-08,0.010740433220147795,0.0004581764443070256,0.004269018397053194,0.002678431038600496,0.0017533120727801898,0.00141287166872685,4.436351119784066e-06,0.012279678676920406,0.0001552241019413569,0.9659609621015054,7.372034831400336e-08,8.989701906830632e-05,9.66447035338614e-05,1.315457564015335e-06,8.539464659603978e-09,4.4434400658500716e-11,6.258380663540839e-05,2.255560180932775e-05,6.1128149542398424e-06,3.724743005864646e-06,9.515094092542657e-09,7.1099786035621e-08,4.094112474565383e-06,3.384110885371518e-07
64,2.1580546448820885e-08,0.007790972405532833,0.00037996517234122485,0.004339978370614154,0.0030027900316737634,0.0016932684035864296,0.0010311378944205633,4.824543080168164e-06,0.009583725687210495,0.00015442921858738014,0.9717745631782652,8.447498050410308e-08,5.412310500506975e-05,8.767716527566953e-05,1.2728755416785528e-06,9.004746498671138e-09,4.8184181080255976e-11,6.20744099870123e-05,2.4414539588528173e-05,4.58730206388256e-06,6.29999901293681e-06,8.804660966518207e-09,7.418762639164705e-08,3.3612659701564736e-06,3.363314979165919e-07
65,2.4962326752898222e-08,0.009043379816730434,0.000474607652381482,0.004659269003285528,0.0029727928875866536,0.0019375378375858577,0.0014055607992842303,4.723770622950721e-06,0.012484155791780907,0.00016316773365855817,0.9665698473397338,7.942012465707892e-08,8.285102169803863e-05,0.00010265789062364188,1.2765322719786238e-06,9.859499513695705e-09,4.115439526465583e-11,5.965814099616202e-05,2.3961545539101333e-05,6.220436139530869e-06,4.0541591216870466e-06,8.813777607579779e-09,7.559313889042507e-08,3.7369190644872225e-06,3.4203187356904877e-07
66,1.7970826301678414e-08,0.00676944671360211,0.00019760184834044888,0.0023381928478178127,0.0014234231027836497,0.0008107483350354464,0.0006059965407801394,1.7935242891883723e-06,0.003092549199133394,3.8805087455271376e-05,0.9845697045514435,4.49160115223403e-08,2.4959945271394114e-05,4.987769296210166e-05,1.179428779951899e-06,2.424264027026902e-09,4.628536969135826e-11,6.026152885359206e-05,6.304393242087136e-06,1.7412133781009134e-06,3.5697494239689173e-06,5.933613127480694e-09,8.644995920783999e-08,3.441021343397744e-06,2.4553510464774943e-07
67,2.336609438133719e-08,0.0073723811064276765,0.0004298332034796267,0.00431819047653291,0.0026698410914572875,0.0022423053770158135,0.001341566210657455,3.4224143624245404e-06,0.009115707477047276,0.00013099355307757808,0.9720898690704683,8.556196207506519e-08,7.772901405718081e-05,0.00011282601771337331,1.1808001180092716e-06,1.0855435400908289e-08,3.527228246232175e-11,6.213939515569181e-05,1.8277487854448196e-05,6.4470818042024715e-06,3.697243689991189e-06,7.969461705432027e-09,9.4867362297884e-08,3.0597209323955096e-06,3.106025601172501e-07
68,2.174958434162312e-08,0.006401316339917444,0.0002807411057850573,0.00359814435374373,0.0016798789072093975,0.0017794352896450657,0.0010507198815180039,2.791542752757523e-06,0.006094720349202506,0.0001007206058885133,0.9787831734143126,6.953891898085499e-08,5.7707749159364476e-05,6.571668212135149e-05,8.661974095998694e-07,7.216532211057717e-09,3.5693725045073013e-11,8.012382694702327e-05,1.154742398724976e-05,5.487048365703673e-06,3.3855440198357608e-06,6.679426021501868e-09,8.704203699423755e-08,3.0625160397670347e-06,2.6895978234721236e-07
69,2.3568463596433275e-08,0.00872554397221614,0.0004375930445988845,0.004243807465597167,0.0030863310456556037,0.0020518004641093338,0.0013104714738807416,4.204445945346183e-06,0.011676622015917746,0.00015267231520053268,0.96803171525111,7.786219143365096e-08,7.695469654463024e-05,0.00010759553485896696,1.2839537498806048e-06,9.574917815225032e-09,3.7818593349628004e-11,5.632006579479355e-05,2.384403288891399e-05,5.485780626597666e-06,3.9736880829624585e-06,8.921284864257568e-09,7.471725434721544e-08,3.278416819576082e-06,3.0765447156601537e-07
70,3.1878667637520685e-08,0.00917680262042468,0.0007073296797231655,0.0051620071653799395,0.0037065428783780246,0.002859795215236844,0.001499315878688505,2.5289540306157237e-06,0.01055021686800476,0.00013705567075280917,0.9657582036674719,1.2688594249126444e-07,0.00011871707231762828,0.00021916073111925263,1.1795819936972664e-06,1.2588764225210773e-08,3.291234579958678e-11,6.889970380716327e-05,1.807848834945793e-05,6.661828613921813e-06,3.645187389752734e-06,7.905875226342441e-09,9.748253109177e-08,3.126231093330396e-06,4.558025316115878e-07
71,2.7905838375086713e-08,0.005310028050454561,0.00031521617242977125,0.0034554655970330706,0.001163773177595641,0.001041422661914933,0.001670760989376935,3.8787401219051775e-06,0.006104200562705719,7.585722376564996e-05,0.9806396113226213,7.25716428747971e-08,6.887946434798098e-05,5.8233520309557866e-05,8.047191348409107e-07,7.448700869338834e-09,3.957383598968356e-11,6.411633381937822e-05,1.4118612682097157e-05,6.923818552335283e-06,2.6859987722361024e-06,5.937634933615142e-09,7.84888586309475e-08,3.606852868588722e-06,2.2378924394480546e-07
