,0,1,2,3,4,5,6,7,8,9,10,11,12,13,14,15,16,17,18,19,20,21,22,23,24
0,2.5521438022891783e-06,8.260347529009353e-05,0.0024399548245149145,0.0005556802889473842,0.011140874686162976,2.8176371804207423e-05,2.0989808102094552e-08,4.0657883703533885e-11,1.838577094272294e-08,5.833920444013993e-07,0.9832080335671549,1.0395147128788362e-06,6.714782295379283e-05,0.00239144108892281,4.343596727728132e-06,1.4546430506143507e-07,9.655196752638573e-08,1.632280692207724e-07,4.3495470048250847e-07,3.1663834789659266e-10,6.698711742477459e-05,1.601658378133084e-08,2.0107654261176312e-08,9.665582617297305e-06,4.707637221916904e-10
1,3.782419591302261e-06,9.601075697466226e-05,0.002410575704864526,0.0006457395520633744,0.014867384891346994,2.001631880266577e-05,1.9004671591710858e-08,4.6503752789131554e-11,3.470077154826962e-08,7.369026525379524e-07,0.9799930463554525,7.649671556923138e-07,6.783975246603935e-05,0.0018373657471769513,3.365911147212766e-06,1.965369716475964e-07,1.0205050216163117e-07,1.461097600881262e-07,4.355843583555737e-07,2.0446130226522595e-10,4.112484127895582e-05,1.1979041813266074e-08,1.4813868098380325e-08,1.1284445802035648e-05,4.0231448787937317e-10
2,3.529546144423658e-06,9.273506962805087e-05,0.002497232919080378,0.0005025821413863189,0.02071533105467719,1.7376384998146134e-05,2.642357144717672e-08,4.7001003237962184e-11,3.4641192058387014e-08,7.455505126371422e-07,0.9726659772537452,7.935793824800671e-07,4.978053585679622e-05,0.003371973066943709,5.905381280576947e-06,1.101028490468342e-07,6.876373412402084e-08,1.9542106713651777e-07,4.945955176507555e-07,4.665304658050045e-10,6.22535671400236e-05,2.5470941049281374e-08,2.936515732172999e-08,1.279751409139711e-05,1.137571294432007e-09
3,2.314222694149286e-06,7.40576483173751e-05,0.0020245050053764434,0.00047590961455200076,0.010635473785220374,1.5560841773462394e-05,1.3500279682658385e-08,2.5179393451340318e-11,1.3202255900790017e-08,3.590913686174433e-07,0.9846283299646147,8.834669182870446e-07,5.268569408685491e-05,0.0020304602798734235,3.026332930427543e-06,9.048569516613267e-08,7.551705731494548e-08,1.427215987452791e-07,2.697839446685154e-07,1.5707022819333668e-10,4.82560119653748e-05,1.0302057647237653e-08,1.3400202091983476e-08,7.548588289905856e-06,3.566777848372641e-10
4,1.8133814631652515e-06,7.242201043611109e-05,0.0017026947891473135,0.00044304813564510813,0.009477380329363818,1.3210228506137186e-05,1.2195096000783987e-08,2.1700782103333682e-11,1.0567209388526926e-08,2.813688147194856e-07,0.9860572877258384,1.096435653000581e-06,6.60807696622037e-05,0.0021134829146971248,2.1844645530853784e-06,7.963554106927136e-08,7.835310239658256e-08,1.4788854255925746e-07,2.322842886371085e-07,1.3311735233900707e-10,4.296212900534231e-05,9.239892001728411e-09,1.1690631880016366e-08,5.473001398565767e-06,3.0669376695918325e-10
5,3.487010557726043e-06,5.498831571151892e-05,0.0021909882930511585,0.0006892079684531623,0.009840166884334603,1.2639481008713273e-05,1.406855257693521e-08,2.8363640782506343e-11,1.4291595604895867e-08,4.833624120853169e-07,0.9845852574166417,1.0878051913955168e-06,5.593094541157285e-05,0.002500923123091785,2.09957229197639e-06,1.0664706254531481e-07,9.955949442433631e-08,3.3335037330952715e-07,2.0504102561881734e-07,2.3163143766287489e-10,5.023323529609134e-05,1.0064166996201537e-08,1.508138045684686e-08,1.1707742065657033e-05,4.80834175594663e-10
6,2.314222694149286e-06,7.40576483173751e-05,0.0020245050053764434,0.00047590961455200076,0.010635473785220374,1.5560841773462394e-05,1.3500279682658385e-08,2.5179393451340318e-11,1.3202255900790017e-08,3.590913686174433e-07,0.9846283299646147,8.834669182870446e-07,5.268569408685491e-05,0.0020304602798734235,3.026332930427543e-06,9.048569516613267e-08,7.551705731494548e-08,1.427215987452791e-07,2.697839446685154e-07,1.5707022819333668e-10,4.82560119653748e-05,1.0302057647237653e-08,1.3400202091983476e-08,7.548588289905856e-06,3.566777848372641e-10
7,2.214504073801587e-06,7.146444040374209e-05,0.0014638149077426533,0.0006132275561674994,0.01371516559343946,2.369319298660901e-05,1.705416112640537e-08,2.221444444212899e-11,2.3736400633595117e-08,5.781553743375546e-07,0.9801842611384871,9.736919277547734e-07,3.489118325766292e-05,0.003812400792976856,4.305419203650554e-06,1.4570761784294327e-07,1.0109864183594369e-07,2.0088975415739704e-07,2.2960773611314007e-07,2.531974727960416e-10,6.11866120399588e-05,1.3831811991655198e-08,2.9871284166751e-08,1.1059908279362063e-05,8.308195288604019e-10
8,2.7444492053168645e-06,5.0554327582287384e-05,0.001792977501795,0.0004928683943890993,0.011040923379242274,7.708054229711321e-06,9.696605356263946e-09,1.0440834958769868e-11,2.5887345043950696e-08,5.927057418797402e-07,0.9838639560017012,2.370432856128555e-07,1.3684614010220765e-05,0.0026601324838231226,4.854208401674656e-06,4.659393087448563e-08,4.019916940193947e-08,1.2178752168006157e-07,9.310107989675667e-08,1.2560242512413953e-10,3.0351552361565817e-05,1.0419778501750933e-08,1.453626840565298e-08,3.8052056541401736e-05,8.699471689529077e-10
9,2.410547690021156e-06,3.802008464123889e-05,0.002859384475893589,0.0006691292800248102,0.00863833019779917,1.0695800198351808e-05,6.377021224576002e-09,1.909056571945342e-11,1.827715226401048e-08,5.556176540271054e-07,0.9853763123594271,3.3180340745992525e-07,2.8075018521862963e-05,0.002312232908370675,2.93909182507702e-06,6.058227604315967e-08,6.756825897303412e-08,1.1436184251601432e-07,1.40553128754463e-07,1.8301395663526572e-10,3.489774105049629e-05,1.0770610502653055e-08,1.3837860276400754e-08,2.625222645453706e-05,3.1678650086539157e-10
10,2.314222694149286e-06,7.40576483173751e-05,0.0020245050053764434,0.00047590961455200076,0.010635473785220374,1.5560841773462394e-05,1.3500279682658385e-08,2.5179393451340318e-11,1.3202255900790017e-08,3.590913686174433e-07,0.9846283299646147,8.834669182870446e-07,5.268569408685491e-05,0.0020304602798734235,3.026332930427543e-06,9.048569516613267e-08,7.551705731494548e-08,1.427215987452791e-07,2.697839446685154e-07,1.5707022819333668e-10,4.82560119653748e-05,1.0302057647237653e-08,1.3400202091983476e-08,7.548588289905856e-06,3.566777848372641e-10
11,2.3357050965275603e-06,7.826211571501331e-05,0.0020770989510839294,0.0004985773025486179,0.010175370153003798,1.6034212324210327e-05,1.4237299250720544e-08,2.9230429026736294e-11,1.2728294648884129e-08,3.381089542058814e-07,0.98506615153807,1.0371530037053185e-06,6.584678297389876e-05,0.001960872066100435,2.77508636249643e-06,9.739314626428684e-08,8.595635229549435e-08,1.511419868574179e-07,2.9293408424424487e-07,1.5710283668390286e-10,4.789376168963594e-05,1.0201819851850442e-08,1.3045320789062039e-08,6.728911240927563e-06,3.2719500394799857e-10
12,1.7902591707371177e-06,0.00015700107512314188,0.0014319738243491866,0.00040904542054187587,0.05019972852407407,2.312912982945487e-05,1.846473821117648e-08,8.131344778771335e-12,1.2684829644018565e-08,2.379808312818232e-07,0.9385515767332729,2.9687408241320752e-06,5.025721487514205e-05,0.009100566839154533,2.143481491709727e-06,7.88429284029792e-08,5.342143970492265e-08,5.70310913011265e-07,1.7439570433621986e-07,3.390730279927035e-10,6.5044062491044e-05,6.806268889037506e-09,3.3780000514641485e-08,3.585431267902282e-06,2.228675620947776e-09
13,2.0337696176632197e-06,6.753696918621251e-05,0.001811851749419961,0.00044001786561434405,0.009738102516235145,1.3690477298655624e-05,1.1757954107644367e-08,2.1748814359182207e-11,1.139220867150492e-08,3.037479264134694e-07,0.98593976242046,8.315770498051339e-07,4.9872192428963985e-05,0.0018813514092619215,2.778163436770887e-06,8.004476138270678e-08,6.88449509944098e-08,1.2674676727817056e-07,2.384198444787855e-07,1.3302676883775304e-10,4.449693703057701e-05,9.064892823843567e-09,1.2372663895965119e-08,6.811098301300997e-06,3.0791315063902597e-10
14,4.980424918523529e-06,2.003699570734907e-05,0.005467747976235432,0.00500639588328139,0.012265197498671318,1.1899880935255279e-05,2.8343197045971665e-08,1.1059122284469226e-10,1.3645662050481235e-07,2.5717088186516194e-06,0.972285913789066,2.0574318963898772e-07,2.3065988500181832e-05,0.004689134449938053,9.740827273865739e-06,1.8533833479783744e-07,2.602320336753309e-07,4.2149025911875024e-07,6.890842344438694e-08,6.72471353049021e-10,5.132787198292861e-05,3.673182313387748e-08,5.834333440180786e-08,0.00016058259239288094,1.741999731642677e-09
15,2.314222694149286e-06,7.40576483173751e-05,0.0020245050053764434,0.00047590961455200076,0.010635473785220374,1.5560841773462394e-05,1.3500279682658385e-08,2.5179393451340318e-11,1.3202255900790017e-08,3.590913686174433e-07,0.9846283299646147,8.834669182870446e-07,5.268569408685491e-05,0.0020304602798734235,3.026332930427543e-06,9.048569516613267e-08,7.551705731494548e-08,1.427215987452791e-07,2.697839446685154e-07,1.5707022819333668e-10,4.82560119653748e-05,1.0302057647237653e-08,1.3400202091983476e-08,7.548588289905856e-06,3.566777848372641e-10
16,2.3268589859944123e-06,6.554348150315672e-05,0.0017725055955157359,0.0004901370963558975,0.009210921435923504,1.3782136380702887e-05,1.3628191840201439e-08,2.0485264075141557e-11,9.689771367439024e-09,4.3815842974657756e-07,0.9857484076138946,1.2283110263501934e-06,4.698964445031049e-05,0.0025655748816265705,2.445601988350653e-06,8.671433267863356e-08,8.14235054949173e-08,2.324610150852349e-07,2.212691038690205e-07,1.7674182164336856e-10,7.187449879526232e-05,1.14449145180571e-08,1.329231692046538e-08,7.154111779026002e-06,4.529660833710483e-10
17,2.6782123940591694e-06,7.385513554665434e-05,0.0018177150840450605,0.00046622021963376153,0.010057153392455557,1.2270412787292191e-05,1.2876892174783191e-08,2.5714102217230237e-11,9.748888396857444e-09,3.142325203361656e-07,0.9845263015552262,1.7644858204078377e-06,7.006785165028723e-05,0.002900325455852626,1.8393434880865747e-06,7.947606443164484e-08,9.791003516105135e-08,3.062935606710465e-07,2.652651646782484e-07,2.0721144334183625e-10,6.306772878523118e-05,1.2010831727700117e-08,1.709681081165907e-08,5.6254627664977255e-06,5.158540280805598e-10
18,4.2325838041496835e-06,0.00012037423120581899,0.0011754336731423102,0.00037935830748148455,0.0080858639661636,1.773030954820609e-05,2.1484793322990514e-08,2.4781452752446042e-11,2.2514484063134856e-08,7.013417950792715e-07,0.9843558228958331,2.9595961931029578e-06,6.939467234255672e-05,0.005707892039106632,2.010172357787482e-06,1.0870352213642708e-07,2.1646709607513913e-07,7.241958209193239e-07,2.788464600633765e-07,3.49874025650026e-10,6.840296440866339e-05,2.701155267763853e-08,2.986203984753326e-08,8.391720349760818e-06,2.065843242774247e-09
19,2.1952618870429254e-06,8.458376069119485e-05,0.0031513722667241115,0.0006645148125390516,0.014836527334483516,1.4798238805991884e-05,1.6615210981148737e-08,4.194085928520896e-11,1.2690030086973124e-08,3.202699010464778e-07,0.9789961641183798,1.3876019247963548e-06,9.289949552292343e-05,0.002091687535445021,2.6920973250612616e-06,9.798914167174529e-08,8.613745645681283e-08,1.7357026816799845e-07,3.2300616859383744e-07,1.8884624442044358e-10,5.4161755737556294e-05,1.2013734507388538e-08,1.085679822669233e-08,5.962056048003641e-06,2.849890587793393e-10
20,1.0690512957312023e-06,4.994930721455344e-05,0.0017529089933177359,0.00038215659061984175,0.007565870575839324,1.2622640010941819e-05,1.6104098011460963e-08,3.151968721157191e-11,8.903096496924632e-09,2.385397555451004e-07,0.9889699415321758,4.245331830407254e-07,3.2131618774933935e-05,0.001153121284357819,8.434295884545536e-06,5.889560963932161e-08,4.0876573167152386e-08,4.0829473635130804e-08,2.808377108308136e-07,1.1716658959450674e-10,6.404147427492339e-05,1.432046152188973e-08,1.3830289717351233e-08,6.6145988263986365e-06,2.1846965289072235e-10
21,2.7316420657043022e-06,7.544017512076344e-05,0.0015089813010466975,0.00040519338040529926,0.011423862063057599,9.277870789651824e-06,8.103809563922838e-09,1.5045399855330117e-11,9.75515552573877e-09,3.9254758170135235e-07,0.984335705688794,1.21954499339309e-06,4.282232188007995e-05,0.0021250608216566275,1.522521025268488e-06,7.306860787857507e-08,5.983761604974165e-08,2.1090556933263404e-07,2.0848610970201008e-07,1.2319986377836176e-10,6.094790276443551e-05,7.472487169854943e-09,9.791732786777961e-09,6.254295065204321e-06,3.644203590968663e-10
22,2.2014103024489805e-06,3.7258635838060834e-05,0.0018198293360798508,0.0005214440660572935,0.0054452572439241745,8.470904846780126e-06,6.5932297633797146e-09,1.7816815415336636e-11,6.277653141578149e-09,3.545372005486643e-07,0.9905549587291996,7.949654273253516e-07,3.7981008507073614e-05,0.0015125089619025054,1.5944051782916975e-06,7.16949916299296e-08,8.88906462437709e-08,1.686833826992439e-07,1.4593042642516958e-07,9.611116115836495e-11,4.962632022285438e-05,8.04182045984527e-09,7.923507685102757e-09,7.21514232557357e-06,1.8340154879020902e-10
23,2.314222694149286e-06,7.40576483173751e-05,0.0020245050053764434,0.00047590961455200076,0.010635473785220374,1.5560841773462394e-05,1.3500279682658385e-08,2.5179393451340318e-11,1.3202255900790017e-08,3.590913686174433e-07,0.9846283299646147,8.834669182870446e-07,5.268569408685491e-05,0.0020304602798734235,3.026332930427543e-06,9.048569516613267e-08,7.551705731494548e-08,1.427215987452791e-07,2.697839446685154e-07,1.5707022819333668e-10,4.82560119653748e-05,1.0302057647237653e-08,1.3400202091983476e-08,7.548588289905856e-06,3.566777848372641e-10
24,1.5693976546615318e-06,6.157872338750243e-05,0.0014475691114228392,0.0006155096854234453,0.015400696558274595,1.106410187869287e-05,9.671868810529025e-09,1.7431004539553663e-11,9.82853194281251e-09,2.185339256770422e-07,0.9795914234888806,1.3632072678669326e-06,7.229378863971268e-05,0.0027529743504570523,1.3714232119206021e-06,1.0033798399565232e-07,6.731882483470734e-08,1.9863585277327903e-07,1.6609645593681806e-07,1.2696808811193019e-10,3.718536423081353e-05,5.294903344543878e-09,1.3192559960722496e-08,4.61145786487093e-06,2.860989937581469e-10
25,1.8758143108201544e-06,3.5411872388383935e-05,0.0014883557969121875,0.00048784636798786924,0.0073007317930133195,5.427857787984602e-06,9.84121721945181e-09,3.112816476894144e-11,5.305522033685323e-09,1.6055298576510971e-07,0.9896096751594031,7.987950358052262e-07,6.388531856317127e-05,0.0009568765806363391,1.6669115186428946e-06,6.901014050149983e-08,5.14847335077088e-08,1.1672531367037123e-07,2.1610812813556085e-07,8.579520882352551e-11,4.317882843868551e-05,5.566318816428601e-09,8.668065675200116e-09,3.6253998016415907e-06,1.2485326404146358e-10
26,4.5950908689916365e-06,6.0381580862357044e-05,0.0018947090855083164,0.0006771059047892018,0.010189314075823363,1.385437360835538e-05,1.015734480719003e-08,3.437970496220884e-11,4.328668349240302e-08,3.398507806988726e-07,0.9857732557725497,3.5353721651401436e-07,3.795108399835427e-05,0.001294515700173374,3.44330037639812e-06,9.550569625890036e-08,9.412128095456405e-08,1.1100794476993293e-07,1.8185736205734008e-07,1.684597112633393e-10,2.331007682277329e-05,6.915195334237025e-09,2.5668963509524998e-08,2.630143512646697e-05,4.081844362955283e-10
27,2.175638742133202e-06,8.50910365462613e-05,0.001719625184777814,0.00043971809028819925,0.011788295108743265,1.9367032254794e-05,2.364435910763873e-08,3.24105372530551e-11,3.4861165599728576e-08,6.122015248660829e-07,0.9833720636156256,6.066640279618741e-07,4.2925330691445866e-05,0.0024666071691279087,6.461547885834556e-06,1.0888373839729297e-07,8.172556392185097e-08,1.0542377704276953e-07,3.0962659611678926e-07,2.5021141386928283e-10,4.227507302924357e-05,2.1688043272533667e-08,2.0871310436411993e-08,1.346859820878286e-05,7.013501679741035e-10
28,2.314222694149286e-06,7.40576483173751e-05,0.0020245050053764434,0.00047590961455200076,0.010635473785220374,1.5560841773462394e-05,1.3500279682658385e-08,2.5179393451340318e-11,1.3202255900790017e-08,3.590913686174433e-07,0.9846283299646147,8.834669182870446e-07,5.268569408685491e-05,0.0020304602798734235,3.026332930427543e-06,9.048569516613267e-08,7.551705731494548e-08,1.427215987452791e-07,2.697839446685154e-07,1.5707022819333668e-10,4.82560119653748e-05,1.0302057647237653e-08,1.3400202091983476e-08,7.548588289905856e-06,3.566777848372641e-10
29,2.314222694149286e-06,7.40576483173751e-05,0.0020245050053764434,0.00047590961455200076,0.010635473785220374,1.5560841773462394e-05,1.3500279682658385e-08,2.5179393451340318e-11,1.3202255900790017e-08,3.590913686174433e-07,0.9846283299646147,8.834669182870446e-07,5.268569408685491e-05,0.0020304602798734235,3.026332930427543e-06,9.048569516613267e-08,7.551705731494548e-08,1.427215987452791e-07,2.697839446685154e-07,1.5707022819333668e-10,4.82560119653748e-05,1.0302057647237653e-08,1.3400202091983476e-08,7.548588289905856e-06,3.566777848372641e-10
30,2.314222694149286e-06,7.40576483173751e-05,0.0020245050053764434,0.00047590961455200076,0.010635473785220374,1.5560841773462394e-05,1.3500279682658385e-08,2.5179393451340318e-11,1.3202255900790017e-08,3.590913686174433e-07,0.9846283299646147,8.834669182870446e-07,5.268569408685491e-05,0.0020304602798734235,3.026332930427543e-06,9.048569516613267e-08,7.551705731494548e-08,1.427215987452791e-07,2.697839446685154e-07,1.5707022819333668e-10,4.82560119653748e-05,1.0302057647237653e-08,1.3400202091983476e-08,7.548588289905856e-06,3.566777848372641e-10
31,8.943547892060279e-06,0.00012198329326028775,0.0058442513851133865,0.0006764207495353857,0.01805713852809093,1.3492057536453568e-05,2.0456320859224316e-08,9.469039182818299e-11,1.522131920875132e-08,5.058249837245908e-07,0.9728148294492939,2.0954007034404575e-06,0.00012114062743424606,0.002236862396227473,2.4574107800381e-06,1.0623184732631833e-07,1.1745552394857561e-07,5.041804086236128e-07,8.044206968375498e-07,3.828884330676056e-10,9.011277284698824e-05,1.8261394002280918e-08,1.7472959998014837e-08,8.161691999972341e-06,6.862522776802128e-10
32,2.461938729015549e-06,8.026370185139241e-05,0.002185499504443903,0.0004308814183325389,0.011153550125279256,1.654645473997765e-05,1.46659962096345e-08,3.035810234177859e-11,1.269335980420634e-08,3.572374793446995e-07,0.9840473302297986,9.702033284411458e-07,5.819119181822672e-05,0.00196077174807685,3.3455751416949924e-06,9.576847221763486e-08,7.494058034206423e-08,1.3737578182374835e-07,3.7583268289687855e-07,1.7656259564849568e-10,5.233133886308887e-05,1.197873373328062e-08,1.4179482913098383e-08,6.7613280801716235e-06,3.620268223335694e-10
33,2.284282378342207e-06,7.343670604240836e-05,0.0020261971890431925,0.0004706479277143122,0.011164762478245514,1.5369543257707623e-05,1.3276544194793607e-08,2.420984366859433e-11,1.3327411526478475e-08,3.5260045871985337e-07,0.9841720543221364,8.063065122929924e-07,4.7911205757966853e-05,0.0019650138506020153,3.2613200675977724e-06,8.67863707010826e-08,6.828452058265183e-08,1.3218109188294783e-07,2.654530918687934e-07,1.545234851557529e-10,4.945817371507584e-05,9.856768556597725e-09,1.3798636232525537e-08,7.840586828580381e-06,3.640708700513153e-10
34,1.8780917506529567e-06,7.228747014569766e-05,0.002160866783235225,0.0006897145890754797,0.011046514905869312,2.337415416826718e-05,1.8652501541115346e-08,2.7850290546973127e-11,1.3283408564585266e-08,4.2666595271926573e-07,0.9831457832065514,1.1793769123180727e-06,6.020289192276496e-05,0.002725028243991082,3.39442019101936e-06,1.2951178027532417e-07,1.0566084234481473e-07,1.9533817386989883e-07,2.16155471233881e-07,2.0341329759697217e-10,6.110603921577773e-05,1.1223759541018462e-08,1.5620464801160286e-08,7.5370863763111405e-06,3.969759438337282e-10
35,0.00017314182473735775,0.0003101244816550483,0.006701081309499388,0.001152546551802526,0.010983118220285595,8.353724162515238e-06,3.562675124224511e-08,5.160937072291277e-10,9.723409825595216e-08,2.734648478132615e-06,0.9786878753852913,6.689122030024365e-06,0.00031628400972214774,0.00155694476926249,7.330500952491845e-07,3.48281784407107e-07,9.08471220071615e-07,4.8290722594330705e-06,1.6043034988922878e-06,4.169749229748881e-10,7.395754477209053e-05,3.541875921603284e-08,1.0277193226765937e-08,1.8544373987086455e-05,1.3655855518439633e-09
36,2.8122532901474006e-06,0.00014515796444735507,0.001664904863183237,0.0008057986913223626,0.006760239709921048,5.369462385465978e-05,4.262106255629961e-08,1.2984746612354376e-10,6.232359299471572e-08,6.760133309755747e-07,0.9855430967809677,4.50064011066725e-06,0.0002579423255804429,0.00471680679211048,3.3846438381400405e-06,4.425790755696899e-07,1.0151853474707762e-06,3.5840993459072635e-07,5.067295084237137e-07,4.1011180034791056e-10,3.220860994536424e-05,5.631246572834045e-08,3.144435876971773e-08,6.259317503723075e-06,6.252880742428046e-10
37,2.194097822769787e-06,8.007749877136376e-05,0.0020216588146274314,0.0004760527471937633,0.011241876957615138,1.727847301057224e-05,1.4545549180895285e-08,2.681475296423777e-11,1.4026018805560543e-08,3.6537570771919995e-07,0.9839458480673883,9.167810092259964e-07,5.5298747119031136e-05,0.0020969822484307164,3.278044994560451e-06,9.577730763192267e-08,7.771873838450551e-08,1.3459291299656022e-07,2.898750334049017e-07,1.6341476426256728e-10,5.046968370356749e-05,1.1031360526648456e-08,1.4213508506754836e-08,7.050125672838493e-06,3.662738210678178e-10
38,1.5820029672198346e-06,6.804692818260181e-05,0.0016608336248494632,0.0004227132490010303,0.006939914016368249,3.5972684535709015e-05,2.259955060738416e-08,3.849025470750846e-11,7.154178631874868e-09,2.625072050775672e-07,0.9894153640458266,9.85601737735659e-07,7.043420641226412e-05,0.001306194870289213,4.9397759444065865e-06,1.7868986108657383e-07,8.776321060565869e-08,8.700931826656747e-08,5.110563104583996e-07,1.6235752294304256e-10,6.793253767764305e-05,9.563191321862103e-09,1.93010981988835e-08,3.900400980295274e-06,2.1045547487459088e-10
39,2.575027694830637e-06,8.60380917765054e-05,0.0027209602264177874,0.0008053872356219439,0.012906024452102156,3.465109202468117e-05,3.2436378666696034e-08,7.066690264904585e-11,1.4549476118014839e-08,4.3931356832898e-07,0.9809636957295899,1.5057978429799814e-06,8.404370679658882e-05,0.002262205755239631,5.866969151667698e-06,1.900216844450383e-07,1.328364663152921e-07,1.9947681222449826e-07,5.313997487556979e-07,3.5168577347477873e-10,0.00011884333312563665,1.7208584151818882e-08,3.458932678709871e-08,6.609712046721367e-06,6.161704847866263e-10
40,1.556198431553778e-06,0.00020561017517935296,0.004642288845010513,0.0002524075337241677,0.026609034134042205,2.4052199999491804e-05,1.1421482420683223e-08,1.3735430102424282e-11,8.434435826336565e-09,2.496512699572966e-07,0.9645516654522039,1.6117740320940776e-06,4.749151378059139e-05,0.0035919292574031333,4.85368888452484e-06,4.006147384202165e-08,4.4910197970368445e-08,1.0859276760488174e-07,4.613228302169757e-07,1.5281919428223755e-10,6.232191237957845e-05,1.7608924889350453e-08,8.442948972210214e-09,4.22618308340899e-06,5.189592364672689e-10
41,2.3497821919695595e-06,9.742559952190236e-05,0.002216598272393098,0.000554262843255036,0.013746821107561145,1.813864419911453e-05,1.393769261514963e-08,2.6301560254754072e-11,1.942246731758805e-08,3.776172339976107e-07,0.9811600273459136,8.156285107153739e-07,5.738036758734399e-05,0.0020921942739524496,3.1266465686085307e-06,9.825379343522492e-08,8.083841807329758e-08,1.2385209779813802e-07,2.4932655874527854e-07,1.411791454006789e-10,4.174587933959465e-05,9.16072980026737e-09,1.304036815464413e-08,8.127636526523242e-06,3.556383074841847e-10
42,3.0042360906407887e-06,0.00013654241412285913,0.005971534026673113,0.0004202876679676393,0.010515964683633154,2.0883109079361825e-05,2.000343243808752e-08,1.7021119651131923e-10,1.2444935037279358e-08,5.452877971334251e-07,0.9814115768197677,1.784470260638425e-06,0.00011774281995673795,0.0012473177075517851,6.64158763166333e-06,1.1612332118677953e-07,1.3356255493857904e-07,7.116342928959319e-08,2.0580501563047555e-06,2.4553873074530373e-10,0.00013938443701707172,6.190441190635739e-08,1.0386608769780948e-08,4.306495053994309e-06,1.8279671676235987e-10
43,4.164685570049278e-06,8.812709038736969e-05,0.0037291969978382866,0.0008907041202426611,0.015723084529206528,3.753152722709519e-05,2.763277646027838e-08,6.936704307328414e-11,6.630133431951202e-08,3.1139631062914818e-06,0.9759952754073659,5.390013799725334e-07,4.859531446751938e-05,0.003349969172238515,6.696406321423656e-06,2.399870577049567e-07,1.2960676564369085e-07,1.6913669735058622e-07,5.3728191807387e-07,7.038111720652467e-10,9.290200949066188e-05,3.830639925995486e-08,2.418482220057983e-08,2.8865779455854233e-05,7.84752522559632e-10
44,2.314222694149286e-06,7.40576483173751e-05,0.0020245050053764434,0.00047590961455200076,0.010635473785220374,1.5560841773462394e-05,1.3500279682658385e-08,2.5179393451340318e-11,1.3202255900790017e-08,3.590913686174433e-07,0.9846283299646147,8.834669182870446e-07,5.268569408685491e-05,0.0020304602798734235,3.026332930427543e-06,9.048569516613267e-08,7.551705731494548e-08,1.427215987452791e-07,2.697839446685154e-07,1.5707022819333668e-10,4.82560119653748e-05,1.0302057647237653e-08,1.3400202091983476e-08,7.548588289905856e-06,3.566777848372641e-10
45,2.0393763521118715e-06,6.828908911762731e-05,0.002611305125320003,0.0006214095463651744,0.010685428951040564,2.2807815816233606e-05,2.2777154897715914e-08,4.667875045237436e-11,1.4893870308683573e-08,3.8374537014331895e-07,0.9843627408126218,6.459966386385099e-07,5.6777780979272465e-05,0.0015009936770209067,6.345953632358189e-06,1.3788856220252904e-07,7.598157249218653e-08,9.117627676041015e-08,3.6231392567211923e-07,1.7886306556729005e-10,5.143759965031703e-05,1.189487474187752e-08,1.4482873306106197e-08,8.66262757637006e-06,2.6784640252292677e-10
46,3.0953676343500577e-06,3.979962176232595e-05,0.0015278089865409165,0.0012049082449629895,0.0018702137901308628,2.5923241221409068e-05,8.30683334076821e-09,6.885527600705048e-11,1.0198006904432135e-08,2.546118102411316e-07,0.9943100530046372,1.5054880973865947e-06,0.00010278439207735556,0.0008588336480778851,1.4598651443332725e-06,2.2675127640247515e-07,6.193088819415474e-07,1.9421705182964481e-07,1.4701934455752768e-07,9.481573775413254e-11,4.4336606452360556e-05,7.983596475843187e-09,1.7809495998075713e-08,7.791278597328279e-06,9.469443639876384e-11
47,1.5648683117274495e-05,0.0003731308737841798,0.0035345493876403704,0.0002393757183007349,0.009063317119113765,2.4099610059507323e-05,3.7755723878756063e-08,1.1298371536848307e-10,3.2076870515956165e-08,1.1884655290322556e-06,0.9842375732477672,5.642712906520687e-06,0.0001363015219112412,0.002245517103775108,3.691623278693074e-06,1.3645632830513537e-07,2.9535261896716427e-07,5.939323514140683e-07,2.094969940441448e-06,4.434860140001156e-10,0.00010863644292452381,8.58601682743902e-08,1.2749462147490238e-08,8.036337874090948e-06,1.4420840707869744e-09
48,5.063166238916292e-06,0.0002665811568299368,0.003320906929177158,0.0006233374904986777,0.005049014942212675,9.625900587297345e-05,3.54855717794163e-08,2.8206131301039345e-10,1.940818553727393e-08,2.906097289327982e-07,0.989497730843854,2.6481960314927072e-06,0.0003361063737844452,0.0007238893606171806,4.6252445016825965e-06,3.583886381857357e-07,5.663430139014091e-07,9.155863916243708e-08,1.948490849978994e-06,1.4998739648068103e-10,6.775861678773633e-05,1.7904006250487542e-08,1.8621045887929547e-08,2.7313041502185693e-06,1.2771449449033583e-10
49,2.0746853295781794e-06,0.00011780221870730671,0.00372403830543724,0.00048267364362622564,0.012193743059428691,2.670286230343849e-05,1.637219586671774e-08,2.955575195759174e-11,1.0663361080906078e-08,4.428865211846297e-07,0.9801989517462044,1.967389565404047e-06,7.433162763679245e-05,0.0030893189760420867,3.3885876283703313e-06,8.58067581510359e-08,1.1644250533501648e-07,2.073426060590897e-07,3.819192597372769e-07,2.3954841150069993e-10,7.767225568195769e-05,2.194359234745174e-08,1.1562795067924735e-08,6.038996757114355e-06,4.3695225850485565e-10
50,1.0014595593362535e-05,0.00017791523069523836,0.0036516768395423583,0.0006209031076834626,0.03152166604550721,1.7835291144794645e-05,1.5690071933936507e-07,1.3959449251699943e-10,1.0250663446751576e-07,4.614945934352779e-06,0.9587663233741389,9.971221368015352e-07,8.304480356456282e-05,0.00501334678811387,9.952029210524303e-06,2.777840350175748e-07,9.997127488048198e-08,5.350433418225655e-07,1.4915522870420491e-06,1.0144961807515131e-09,9.946523039618157e-05,9.41027136267249e-08,2.6260790904655e-08,1.945419559033056e-05,5.124860160831364e-09
51,2.828174984696352e-06,6.219171975515436e-05,0.0016770263923882739,0.0003516458322078834,0.012006988703124147,2.6466093713997388e-05,2.7851878731587102e-08,3.368793699849428e-11,1.282273005631822e-08,4.559904071711271e-07,0.9825078930217235,1.294966932475161e-06,4.934474127120438e-05,0.003219212534527572,5.5515725914835395e-06,1.536959167412977e-07,8.356456667579352e-08,2.717386944555221e-07,6.548901016406375e-07,5.337128396107071e-10,8.031506538657217e-05,1.9658836668914635e-08,4.7725761311965464e-08,7.511399710214691e-06,1.2753886133194476e-09
52,2.1055436320807136e-06,0.00022147207738541653,0.002296572832442619,0.0003583873177666,0.020242316729178603,2.5375231078651223e-05,2.208617770267453e-08,3.7417580537928636e-11,1.8419014502516023e-08,2.6867428968536515e-07,0.9744281515029746,1.4958930822492082e-06,6.823969879530032e-05,0.0022562000631645607,5.9552313928871236e-06,7.94864809920374e-08,7.369943056421073e-08,8.799909966099536e-08,5.985883208901642e-07,1.5361494414476e-10,8.849899505696252e-05,1.682124497575179e-08,2.0252056882126802e-08,4.042057409568577e-06,6.094913882755191e-10
53,1.5279313387645516e-06,4.771143533653076e-05,0.0009660008405251261,0.0008930698570007767,0.012346640670533555,2.2963209049148204e-05,9.994033894520877e-08,6.47778159037256e-11,3.9080105008936807e-08,5.196168109265455e-07,0.9829486200244798,4.978395787860034e-07,5.660758486868204e-05,0.0026445458001073297,1.1782121395880605e-05,2.5920332630464407e-07,7.938664912522107e-08,1.5027238676595785e-07,2.3508714341541564e-07,3.91767000652024e-10,4.71840131707697e-05,1.585598323898324e-08,5.482133581339367e-08,1.1393859487974858e-05,1.092502658017367e-09
54,4.3666879251173846e-06,0.00042757534408586025,0.00139490390458247,0.0003269973873848397,0.020534762315479897,3.248647990535923e-05,3.650107305726518e-08,2.773091111600802e-11,4.855390961910195e-08,8.643572575641379e-07,0.9724919417762015,3.0419649245631868e-06,8.586994142150384e-05,0.004629825451137582,3.585950614696367e-06,1.9292094989072165e-07,1.516850174723137e-07,3.1872202542254003e-07,5.13657085092414e-07,1.960451826610047e-10,5.612436073953224e-05,2.222260089999206e-08,1.6281691626344426e-08,6.351644927671933e-06,1.6652823925836024e-09
55,5.279749877381614e-06,0.000333924367831064,0.001380690886211135,0.0003593946363583033,0.022891804838529116,9.464910459376652e-06,1.8630910383150044e-08,1.657146920987594e-11,2.5791419468482227e-08,2.628798304922665e-07,0.9716830552773463,6.421140627577008e-06,9.408346922210183e-05,0.0031838661858201132,1.1478646605794938e-06,7.909689733473144e-08,1.23724889453156e-07,7.302082815379761e-07,2.1511634312575417e-07,1.0710697752472055e-10,4.4932711012565904e-05,8.392478597046565e-09,8.864160770656035e-09,4.459821823203565e-06,1.311331678826071e-09
56,2.1823776741975787e-06,7.719128346223891e-05,0.0019809155400193888,0.000466154231900749,0.010279399272289356,1.4720983978025028e-05,1.3379817199180098e-08,2.5406142961365692e-11,1.2730310177549365e-08,3.301115409334127e-07,0.9850647121248586,9.783979395812167e-07,6.222352273149357e-05,0.0019974813541699136,2.6681786100092693e-06,8.86151524659264e-08,7.864098927596766e-08,1.4536623718061479e-07,2.644941720912984e-07,1.47472732679005e-10,4.368038637346714e-05,9.890923449821071e-09,1.2049584128052841e-08,6.736565716782773e-06,3.286705226950028e-10
57,2.6595071123763754e-06,0.00012896162827035168,0.003900978297056962,0.0003185226451961692,0.01589731393447202,1.9638716188385568e-05,1.6132718378710342e-08,5.863664808645103e-11,8.05278366250278e-09,3.3606053614721284e-07,0.9773876188193712,3.1548951310083156e-06,0.00010015300522856529,0.00211135417807175,3.55900534139289e-06,9.915517483416317e-08,9.437697943373721e-08,1.6791387819503324e-07,1.3529534149909775e-06,2.831878853469465e-10,0.00012100428586382012,3.098654004081053e-08,1.383074309744203e-08,2.9609018932845555e-06,3.762091147011189e-10
58,2.2855572109035074e-06,6.048591528014996e-05,0.0019836670712420506,0.0004471274807928061,0.008521268858035598,1.290976165140185e-05,1.1471447531078244e-08,2.2139515918868884e-11,1.2701728199991858e-08,3.552182331490347e-07,0.9871840411112889,6.517777827364157e-07,4.202166994960768e-05,0.0016907893388192104,3.2357891402547905e-06,7.794944447817231e-08,6.676270252772603e-08,1.1866553856430693e-07,2.2683654066907152e-07,1.3644792851577223e-10,4.0465685796721345e-05,9.798467022753123e-09,1.1498740292099951e-08,1.0158613558426566e-05,3.080214238641201e-10
59,2.235864857664241e-06,5.6360453555296106e-05,0.002152863367822559,0.0004856910810293528,0.008777236817232454,1.2674917163719725e-05,1.0765887349046598e-08,2.1383286636617766e-11,1.2653877594832776e-08,3.824725157809693e-07,0.9866971367311046,5.882907489047704e-07,3.721893317617447e-05,0.0017201883168558518,3.3869820583647017e-06,7.757459851801846e-08,6.544903254031104e-08,1.168710121292599e-07,2.0771316872888985e-07,1.3745772870057958e-10,4.19490883673279e-05,9.615090857971302e-09,1.140253402723034e-08,1.1574174545829579e-05,3.0492350378879533e-10
60,2.314222694149286e-06,7.40576483173751e-05,0.0020245050053764434,0.00047590961455200076,0.010635473785220374,1.5560841773462394e-05,1.3500279682658385e-08,2.5179393451340318e-11,1.3202255900790017e-08,3.590913686174433e-07,0.9846283299646147,8.834669182870446e-07,5.268569408685491e-05,0.0020304602798734235,3.026332930427543e-06,9.048569516613267e-08,7.551705731494548e-08,1.427215987452791e-07,2.697839446685154e-07,1.5707022819333668e-10,4.82560119653748e-05,1.0302057647237653e-08,1.3400202091983476e-08,7.548588289905856e-06,3.566777848372641e-10
61,2.41594232788259e-06,5.865838583840355e-05,0.0024476756883040594,0.0005083471834267069,0.009204912133016474,1.30680264021533e-05,1.0374888711655704e-08,2.3590393704292457e-11,1.176323943855984e-08,3.6917754784215946e-07,0.9859411258058485,6.412362955743221e-07,4.0766127861448916e-05,0.0017229288339250047,3.190808779731309e-06,7.536066543476404e-08,6.774686004418578e-08,1.251320927348188e-07,2.2538716588177058e-07,1.4210898244681697e-10,4.469288545252291e-05,9.678796227984589e-09,1.1111216942234423e-08,1.0670758089630197e-05,2.8625915998169603e-10
62,2.314222694149286e-06,7.40576483173751e-05,0.0020245050053764434,0.00047590961455200076,0.010635473785220374,1.5560841773462394e-05,1.3500279682658385e-08,2.5179393451340318e-11,1.3202255900790017e-08,3.590913686174433e-07,0.9846283299646147,8.834669182870446e-07,5.268569408685491e-05,0.0020304602798734235,3.026332930427543e-06,9.048569516613267e-08,7.551705731494548e-08,1.427215987452791e-07,2.697839446685154e-07,1.5707022819333668e-10,4.82560119653748e-05,1.0302057647237653e-08,1.3400202091983476e-08,7.548588289905856e-06,3.566777848372641e-10
63,2.4028843950106884e-06,8.35761705597602e-05,0.0020288485834090513,0.00044554474014958943,0.010795753597533974,1.5510912347713686e-05,1.3608546309185014e-08,2.4908402404447165e-11,1.3887775487317875e-08,3.57893672675642e-07,0.984531374016059,9.052451503741248e-07,5.310248252277784e-05,0.001984119971849778,3.0754226730889963e-06,8.614064484725049e-08,7.49811709987464e-08,1.3790407293350144e-07,2.786912934924635e-07,1.476344547689794e-10,4.739637735217629e-05,1.0523774666184014e-08,1.2561701461254525e-08,7.402866824557707e-06,3.639776695931106e-10
64,2.212486891529657e-06,7.547787842517668e-05,0.0023414510347846314,0.00048283324156972007,0.01128887082498719,1.4475445759940903e-05,1.3197426828191168e-08,2.8152366484982352e-11,1.0661991503540795e-08,3.4798262255847053e-07,0.9839830193022168,8.421543725389099e-07,4.544914298564503e-05,0.0016794161900466121,3.6568986014063513e-06,7.484480707279839e-08,6.030658844842675e-08,1.1497512349316501e-07,3.0917448257984415e-07,1.5305060804007265e-10,7.426790994035851e-05,1.0689287490374423e-08,1.2999816576315434e-08,7.072159885960867e-06,3.1618315636593485e-10
65,1.857909884938959e-06,7.297904029670597e-05,0.0021808870825610477,0.00046280784554889856,0.010264244511023023,1.691070555186881e-05,1.282363586848261e-08,2.3570815813069087e-11,1.0979330452254625e-08,2.992504270079956e-07,0.9850641540139436,7.564249572841854e-07,4.761075115337171e-05,0.001825630356380511,3.7076568933170032e-06,7.829061197112605e-08,6.682141303955717e-08,1.0335617267637874e-07,2.575416551181902e-07,1.3644742868343492e-10,5.052025014864563e-05,9.695760808982857e-09,1.2776465329808475e-08,7.081461340573497e-06,2.9482551747185936e-10
66,3.6317094887038763e-06,0.00011046251974424185,0.002196240654483927,0.0004544294141738316,0.010072864821956408,2.835853866497433e-05,2.3256959670331165e-08,5.14988435000007e-11,2.2569528066662123e-08,3.618176509486943e-07,0.9853127232828881,8.987198286273913e-07,6.533962933563929e-05,0.0016861919667131645,5.585208303147915e-06,1.2222550718685815e-07,1.0186203589197634e-07,1.3018738022636463e-07,5.216347828957435e-07,2.3224329636185156e-10,5.284932921610747e-05,1.3492212968361509e-08,2.4764917823166004e-08,9.101612947301242e-06,4.975381861895095e-10
67,1.76452411320034e-06,6.443545739209902e-05,0.0017154257363416318,0.0004426342230978868,0.008715288591419965,1.99843576872769e-05,1.3573850429939303e-08,1.9697066556542965e-11,1.0787425301907143e-08,3.431122904624233e-07,0.9864133168694653,9.307675534615401e-07,4.808467241770718e-05,0.002513509895886147,3.2095941975881557e-06,8.80710495733958e-08,8.138887626999523e-08,1.508210604644401e-07,2.301477317883309e-07,1.9208123714341304e-10,5.286483318285396e-05,1.1038762444375314e-08,1.760717322724383e-08,7.603298966611827e-06,4.18279898600361e-10
68,2.272161621267448e-06,6.774600778685682e-05,0.002066307563785772,0.0005487343906443933,0.010225806584957012,1.576983739035793e-05,1.4403707401782222e-08,2.6957084070795975e-11,1.2384037067230602e-08,3.534712365241969e-07,0.9847486977344384,1.0112031909801773e-06,6.31321795427189e-05,0.0021998818182227633,2.5730368789023526e-06,9.735718921786485e-08,8.328406773064689e-08,1.797290128970779e-07,2.5039095140671294e-07,1.7540599013159597e-10,4.990034196799823e-05,9.573862565376836e-09,1.409776251141276e-08,7.1518897488605446e-06,3.556332370213324e-10
69,2.2672263837316367e-06,7.294706310551425e-05,0.0020165532750815876,0.00046645318041046513,0.010248117249153739,1.598253395303648e-05,1.3384084069193975e-08,2.50704705104731e-11,1.2617722485052482e-08,3.5414887841073526e-07,0.9850332993763583,9.009478427924756e-07,5.333853993024767e-05,0.0020293715200740852,3.0078913028814386e-06,8.982175137430013e-08,7.621608352963317e-08,1.4209655353081614e-07,2.7527200566407354e-07,1.610520929546983e-10,4.936314814978378e-05,1.0415214242876645e-08,1.3562735170080135e-08,7.409977712729907e-06,3.4938992712237836e-10
70,1.0927720845950812e-06,3.586086859707627e-05,0.0026804589251850407,0.006915913231059629,0.021606792185481914,0.00011403540385137499,3.234279442755666e-08,5.6256335029399956e-11,1.0248051816070882e-07,1.2981814051799643e-06,0.9551608710795363,1.127176022645203e-06,0.00015533995416686759,0.013263712432498178,2.4063420356017964e-06,1.078164059677693e-06,6.321560950741361e-07,5.790386461914849e-07,6.017067804470007e-08,1.1748982400046464e-09,2.7458989389912707e-05,8.875050431838927e-09,8.277512653172897e-08,3.1054613010125704e-05,6.115526402164975e-10
