,0,1,2,3,4,5,6,7,8,9,10,11,12,13,14,15,16,17,18,19,20,21,22,23,24
0,2.719480435939796e-06,8.563937263455566e-05,0.0022633841872126367,0.0005109040140537281,0.01115890418719891,2.6123794697096395e-05,1.919826446848217e-08,3.59635622983202e-11,1.828841445023523e-08,5.963653105039416e-07,0.983199372203472,1.1407972027293188e-06,6.366277574237061e-05,0.0026039366364281774,3.868430707992753e-06,1.3427818398403487e-07,9.696289883615046e-08,1.8503963407496585e-07,4.264607277370498e-07,3.187589203678059e-10,6.928551685996016e-05,1.6410979829940372e-08,2.071746168682589e-08,9.54398407056387e-06,5.426851469629344e-10
1,4.03757744082253e-06,0.00010094615492539336,0.002237125776431172,0.0006002646360144342,0.015122462788086535,1.8579392969875593e-05,1.7589317476669496e-08,4.142245335663129e-11,3.5354134866804155e-08,7.580531475605807e-07,0.9797692629522058,8.4613246424666e-07,6.460057890546484e-05,0.0020233043228945085,3.0046691455273784e-06,1.8185550980865272e-07,1.0354264727620729e-07,1.666838949700825e-07,4.253189061682354e-07,2.062159809328344e-10,4.268795647741624e-05,1.2430682813153843e-08,1.54292623511032e-08,1.1160083088265765e-05,4.738087756942128e-10
2,3.7796904415104555e-06,9.7453461737874e-05,0.0023174366857860083,0.00046646484325129034,0.021015712157911384,1.609832447516518e-05,2.4390819420418565e-08,4.183578955686167e-11,3.5223952362532685e-08,7.660788447357117e-07,0.9722535010662118,8.758292255865973e-07,4.732198998127895e-05,0.003697155832012513,5.263689514831682e-06,1.0178104492678425e-07,6.971018181370705e-08,2.2264276544828736e-07,4.829860325441505e-07,4.687145906928233e-10,6.4508815965475e-05,2.6343565721880406e-08,3.0477696168177855e-08,1.2666133522459637e-05,1.3345096645445616e-09
3,2.4832151945069137e-06,7.763509487391027e-05,0.0018794029991669942,0.0004404982757361508,0.010755309826053196,1.4416297464240432e-05,1.2470268404659783e-08,2.2516586773601207e-11,1.3380073518793357e-08,3.691935394259758e-07,0.9844980347775684,9.740143893830964e-07,5.0134808721756315e-05,0.002219883305156542,2.7020253471341445e-06,8.375493876063656e-08,7.65267757626755e-08,1.6251289130701275e-07,2.6499826667959424e-07,1.5829325461925164e-10,5.005888624188835e-05,1.0686954905548377e-08,1.3927991197594267e-08,7.458424071019899e-06,4.1750526093444254e-10
4,1.9333485487696397e-06,7.529453954361759e-05,0.0015781405823384425,0.00040921644835889006,0.00954804978334896,1.2252418612203716e-05,1.124256324101527e-08,1.9351730021832072e-11,1.0610705880621316e-08,2.886470957592816e-07,0.9859531348176966,1.2030037023583208e-06,6.281078168687411e-05,0.0023052207782859467,1.9516670868406134e-06,7.38295467868614e-08,7.8925163810609e-08,1.677770552993412e-07,2.283188330566496e-07,1.3436682469204828e-10,4.451997881426145e-05,9.535480987131847e-09,1.2149437141861143e-08,5.390305818286376e-06,3.5655732189160305e-10
5,3.7160005087248326e-06,5.7110673312022965e-05,0.0020284312314994895,0.0006357089900478011,0.009921015727002066,1.1692175354064007e-05,1.2940154495430424e-08,2.5166514870251066e-11,1.4323289238623731e-08,4.94588240561714e-07,0.9844992754594282,1.1877987471674172e-06,5.2938906562226364e-05,0.0027222458101699987,1.8762429421301092e-06,9.855096437079314e-08,9.973789021362086e-08,3.7704849890534816e-07,2.0098450983517702e-07,2.3280668238131455e-10,5.1934831555016124e-05,1.0326444378115726e-08,1.5640140284856976e-08,1.1541196404322546e-05,5.583612621206787e-10
6,2.4832151945069137e-06,7.763509487391027e-05,0.0018794029991669942,0.0004404982757361508,0.010755309826053196,1.4416297464240432e-05,1.2470268404659783e-08,2.2516586773601207e-11,1.3380073518793357e-08,3.691935394259758e-07,0.9844980347775684,9.740143893830964e-07,5.0134808721756315e-05,0.002219883305156542,2.7020253471341445e-06,8.375493876063656e-08,7.65267757626755e-08,1.6251289130701275e-07,2.6499826667959424e-07,1.5829325461925164e-10,5.005888624188835e-05,1.0686954905548377e-08,1.3927991197594267e-08,7.458424071019899e-06,4.1750526093444254e-10
7,2.38797430591917e-06,7.543646471488715e-05,0.0013942706912769352,0.0005576555904189349,0.013635681807234047,2.126749561368695e-05,1.549692672962876e-08,2.0083855284481257e-11,2.311987044926731e-08,5.740180546721711e-07,0.9802183720130867,1.0689768419362605e-06,3.431293138353954e-05,0.003981461241890703,3.740675358275783e-06,1.3003782704111405e-07,1.0054473865493077e-07,2.2326252792564368e-07,2.2818164099279352e-07,2.4605898066748784e-10,6.237881320134112e-05,1.40727787949745e-08,2.9214649494937085e-08,1.0626194558854226e-05,9.149566400404629e-10
8,2.9497668444701275e-06,5.301025258057194e-05,0.001668506407448434,0.00045521222258819585,0.0112201519673825,7.073108118949102e-06,8.963248369429628e-09,9.299891902282101e-12,2.6155597359475052e-08,6.108427077959883e-07,0.9835908409364678,2.6217311048083273e-07,1.3008725291418656e-05,0.002914645694579329,4.3227284642445774e-06,4.306416882513222e-08,4.0503430254412235e-08,1.393718227348978e-07,9.154055685271698e-08,1.2633549759990527e-10,3.137471046463898e-05,1.0823174925533136e-08,1.4945047298813058e-08,3.765394110287134e-05,1.0201662586899964e-09
9,2.5735594936806216e-06,3.9319591190583935e-05,0.002654234524689009,0.0006128391907128089,0.008683825446162115,9.811481082110754e-06,5.847721327632438e-09,1.683943262734084e-11,1.808435364469394e-08,5.692647633440636e-07,0.9853888383369606,3.6381783803260715e-07,2.6542293640371693e-05,0.002516132453916844,2.617319660580351e-06,5.588941498319074e-08,6.723478994582791e-08,1.3009155229709208e-07,1.3824107236370414e-07,1.839214949826651e-10,3.596212696406797e-05,1.1045888279442369e-08,1.4132386903559273e-08,2.5929459034646494e-05,3.659507545459654e-10
10,2.4832151945069137e-06,7.763509487391027e-05,0.0018794029991669942,0.0004404982757361508,0.010755309826053196,1.4416297464240432e-05,1.2470268404659783e-08,2.2516586773601207e-11,1.3380073518793357e-08,3.691935394259758e-07,0.9844980347775684,9.740143893830964e-07,5.0134808721756315e-05,0.002219883305156542,2.7020253471341445e-06,8.375493876063656e-08,7.65267757626755e-08,1.6251289130701275e-07,2.6499826667959424e-07,1.5829325461925164e-10,5.005888624188835e-05,1.0686954905548377e-08,1.3927991197594267e-08,7.458424071019899e-06,4.1750526093444254e-10
11,2.500513385942608e-06,8.155703665871281e-05,0.001925674878951748,0.0004602448510420638,0.010254467390174406,1.4838190206562656e-05,1.3119909442611657e-08,2.607957157697861e-11,1.2806022082336621e-08,3.468413199946532e-07,0.9850010771421772,1.1378619085940026e-06,6.250976047557212e-05,0.002136224234140574,2.4783967907465717e-06,9.010928833382136e-08,8.664320770339912e-08,1.715940980394229e-07,2.879130507967685e-07,1.5823676222030469e-10,4.96190144944677e-05,1.0535659853949193e-08,1.3545419649044569e-08,6.637056313989241e-06,3.8098740659456425e-10
12,1.93666745183194e-06,0.00016547126741058336,0.0013258464514847173,0.00038263739771546767,0.05059654893440928,2.1526990851056406e-05,1.720764972660045e-08,7.312371566514797e-12,1.2973083433085625e-08,2.4528745724245453e-07,0.9374049014738998,3.2949265376799595e-06,4.807690590367081e-05,0.00997524524748171,1.9062415912542332e-06,7.354887323423201e-08,5.506005505964005e-08,6.563015249624611e-07,1.7039474439263334e-07,3.4055948605290537e-10,6.777816783047887e-05,7.046346523747903e-09,3.53898645462685e-08,3.553134772212867e-06,2.635189352792493e-09
13,2.1781827046047084e-06,7.04268917987406e-05,0.0016803526458740452,0.00040635389816585536,0.009816782078184047,1.2674102426383235e-05,1.0840847395432837e-08,1.9418451269125245e-11,1.1469617769946057e-08,3.117047129037401e-07,0.985856541283846,9.129932787810207e-07,4.737704751546967e-05,0.002050212327814968,2.481092834049291e-06,7.408872794927586e-08,6.944825798996221e-08,1.4397409638467164e-07,2.3441819493232654e-07,1.340360099610847e-10,4.611007429561511e-05,9.366368824243437e-09,1.2849090471643e-08,6.7187091925406485e-06,3.586996726184758e-10
14,5.3766875413911295e-06,2.124763583957144e-05,0.005071852114410568,0.0046788797738080085,0.01245013730468042,1.1135035497126163e-05,2.6398423743136344e-08,9.915637676395878e-11,1.3972067597022764e-07,2.649611285541522e-06,0.9723533034911677,2.2910927363145854e-07,2.2104248335774166e-05,0.005160745657895475,8.66977091919666e-06,1.7279481169264805e-07,2.676793143764793e-07,4.845858978438514e-07,6.749020111378307e-08,6.76896844094958e-10,5.3606146727092466e-05,3.801367745356813e-08,6.122284786590223e-08,0.00015880266638491463,2.0643301419865746e-09
15,2.4832151945069137e-06,7.763509487391027e-05,0.0018794029991669942,0.0004404982757361508,0.010755309826053196,1.4416297464240432e-05,1.2470268404659783e-08,2.2516586773601207e-11,1.3380073518793357e-08,3.691935394259758e-07,0.9844980347775684,9.740143893830964e-07,5.0134808721756315e-05,0.002219883305156542,2.7020253471341445e-06,8.375493876063656e-08,7.65267757626755e-08,1.6251289130701275e-07,2.6499826667959424e-07,1.5829325461925164e-10,5.005888624188835e-05,1.0686954905548377e-08,1.3927991197594267e-08,7.458424071019899e-06,4.1750526093444254e-10
16,2.484828452511981e-06,6.874363990143876e-05,0.0016502200920401893,0.0004531857425140688,0.009298438708864655,1.2841980807830906e-05,1.250412012105811e-08,1.812097232995461e-11,9.780667834573774e-09,4.500963884631671e-07,0.9855634205563829,1.3603919914688145e-06,4.469909976949019e-05,0.0028197003016498883,2.178489007607929e-06,8.009431734377464e-08,8.250002144557627e-08,2.64855667670592e-07,2.1618768527552552e-07,1.7832585059359777e-10,7.447025804895992e-05,1.1796786462486406e-08,1.3701163091693734e-08,7.11366998960878e-06,5.273150180513914e-10
17,2.877937755220012e-06,7.777867987547666e-05,0.0016893950464260822,0.00043240693930746144,0.01019979626553623,1.1382217794271969e-05,1.1916213405105298e-08,2.3028346415647985e-11,9.944024377931815e-09,3.2374928817058395e-07,0.9842663613042049,1.949522285047599e-06,6.673343257074078e-05,0.003177494640444858,1.6436598029678799e-06,7.359491366015594e-08,9.95602662431211e-08,3.4898148998704256e-07,2.603860778871381e-07,2.0878360742726817e-10,6.545115553008234e-05,1.2499584842109233e-08,1.7775059280567995e-08,5.56995378806215e-06,6.059488350772192e-10
18,4.599000293784504e-06,0.00012757984935658122,0.0010933182333780608,0.0003542451448925748,0.008182078158423924,1.6530929001348033e-05,1.996442999693564e-08,2.231348826035399e-11,2.299437670412941e-08,7.218657540983683e-07,0.9838144770800153,3.2990976485672955e-06,6.636951434779277e-05,0.006253613664019633,1.789682941364246e-06,1.011844860011518e-07,2.2297889814033552e-07,8.346977345188343e-07,2.7333308207073327e-07,3.5160176976158947e-10,7.153206181824355e-05,2.7995684462049127e-08,3.1252418491337616e-08,8.308501175647092e-06,2.4419071599359895e-09
19,2.3523006714107876e-06,8.895294214429641e-05,0.0029247730096801055,0.000616561799698154,0.015075607702521648,1.3720172889652662e-05,1.5343916003777315e-08,3.735532128115145e-11,1.2918596169022377e-08,3.292353626565233e-07,0.9788287821012995,1.5309375897100412e-06,8.8371887165988e-05,0.0022938469203646985,2.4000437387061493e-06,9.065646380876715e-08,8.727201403179212e-08,1.9764735341208423e-07,3.160369215291152e-07,1.8997454462526885e-10,5.612533948149752e-05,1.2424198334826762e-08,1.1281000567745939e-08,5.901465101132124e-06,3.3449720954562164e-10
20,1.139364148250638e-06,5.1911229941523374e-05,0.0016254453534515138,0.00035377490568834095,0.0076183463697506735,1.1746385779727603e-05,1.4819182264851232e-08,2.809677810572326e-11,8.952930251631142e-09,2.444109625047228e-07,0.9889667595383552,4.6602142325808984e-07,3.0591096218119144e-05,0.0012588521772498792,7.516278086152281e-06,5.4711540934799165e-08,4.134504672980772e-08,4.636224575303922e-08,2.7551025310128135e-07,1.1826539408263432e-10,6.621677465327392e-05,1.474121561578858e-08,1.4400356677299864e-08,6.5188514952290626e-06,2.536629565050116e-10
21,2.899865020212691e-06,7.804067980941414e-05,0.0014009780190571877,0.00037374401141925857,0.011445350447852526,8.645838591562062e-06,7.411496349397559e-09,1.3292507363709748e-11,9.723078294461365e-09,4.007001690745281e-07,0.9842615655450383,1.3332157842160043e-06,4.05639314687075e-05,0.0023154298978327187,1.3590227558990243e-06,6.758508295452998e-08,6.014997250623656e-08,2.383632598601458e-07,2.038148766751169e-07,1.2411718566635846e-10,6.289024276841043e-05,7.629644221127927e-09,1.0121497451537782e-08,6.193226542381302e-06,4.1957204167808003e-10
22,2.3481483720772974e-06,3.870712316210565e-05,0.0016895738446464394,0.0004793576142009866,0.005459119251454385,7.874815341695472e-06,6.046032855471202e-09,1.5805372817232466e-11,6.258430184005246e-09,3.6287188256287697e-07,0.9905772522731345,8.735736632328783e-07,3.607677553054912e-05,0.0016480033234440644,1.4229320269089226e-06,6.629516863685649e-08,8.937244438678944e-08,1.912607239490143e-07,1.4354830309474505e-07,9.702573490001275e-11,5.1381444565257255e-05,8.261201063871065e-09,8.180014099918987e-09,7.126461634513944e-06,2.1179136966609867e-10
23,2.4832151945069137e-06,7.763509487391027e-05,0.0018794029991669942,0.0004404982757361508,0.010755309826053196,1.4416297464240432e-05,1.2470268404659783e-08,2.2516586773601207e-11,1.3380073518793357e-08,3.691935394259758e-07,0.9844980347775684,9.740143893830964e-07,5.0134808721756315e-05,0.002219883305156542,2.7020253471341445e-06,8.375493876063656e-08,7.65267757626755e-08,1.6251289130701275e-07,2.6499826667959424e-07,1.5829325461925164e-10,5.005888624188835e-05,1.0686954905548377e-08,1.3927991197594267e-08,7.458424071019899e-06,4.1750526093444254e-10
24,1.6774587116342653e-06,6.439952968351786e-05,0.0013499635875590375,0.0005672144531439009,0.015572689588689268,1.020929384417962e-05,8.896270787394295e-09,1.5406103099097728e-11,9.878843225414702e-09,2.255562560448622e-07,0.9792898020832258,1.5106139990259843e-06,6.865011132972355e-05,0.003028813441547303,1.2216774280094704e-06,9.263845894951367e-08,6.7825170825338e-08,2.2722432067736647e-07,1.6281938213103037e-07,1.2817418528448728e-10,3.8443859775608216e-05,5.490433914937296e-09,1.3487720442916607e-08,4.590006725745227e-06,3.338998504574555e-10
25,2.008641245895792e-06,3.669027807738321e-05,0.0013838797857581959,0.00044826061261210516,0.0073441375209766235,4.99313604768262e-06,9.037525762100306e-09,2.7666941271318024e-11,5.289793568246856e-09,1.64717748123769e-07,0.9896285279751653,8.739052710361067e-07,6.050053654986725e-05,0.0010399444851763669,1.4864768422696018e-06,6.384030449210408e-08,5.15798964777118e-08,1.325439715158254e-07,2.1304380635066764e-07,8.629262789353531e-11,4.445702003251373e-05,5.738473825289246e-09,8.911287269010173e-09,3.5846649625336675e-06,1.4451502874151723e-10
26,4.9331394742721755e-06,6.362687229463431e-05,0.0017611113065198445,0.0006276249576911266,0.010335361580363083,1.285055706975824e-05,9.405798842919049e-09,3.0775819739205566e-11,4.402541216190032e-08,3.501481354968363e-07,0.9856828587769607,3.9197624016245686e-07,3.619707903833497e-05,0.0014208337508908302,3.0735402062988974e-06,8.842036353349722e-08,9.57321852498556e-08,1.2676600297985186e-07,1.7868258417675178e-07,1.6983999631898323e-10,2.424490489322913e-05,7.206045180218364e-09,2.6669606638913478e-08,2.5963821817903814e-05,4.797898373777856e-10
27,2.337584270818495e-06,8.959116959028304e-05,0.0015983529128236972,0.00040800756147389353,0.011955152900764203,1.795443658189232e-05,2.1859701630815577e-08,2.901398032867958e-11,3.547658094613504e-08,6.299758928076832e-07,0.9831180960818414,6.71985304583335e-07,4.0939141263259576e-05,0.002704573161645692,5.759337722242714e-06,1.0079492075560293e-07,8.315492382732501e-08,1.2039201003192048e-07,3.0380600944710014e-07,2.52097784128033e-10,4.3913961999320594e-05,2.2549232582752292e-08,2.169751542438486e-08,1.3308953277107226e-05,8.235427612629355e-10
28,2.4832151945069137e-06,7.763509487391027e-05,0.0018794029991669942,0.0004404982757361508,0.010755309826053196,1.4416297464240432e-05,1.2470268404659783e-08,2.2516586773601207e-11,1.3380073518793357e-08,3.691935394259758e-07,0.9844980347775684,9.740143893830964e-07,5.0134808721756315e-05,0.002219883305156542,2.7020253471341445e-06,8.375493876063656e-08,7.65267757626755e-08,1.6251289130701275e-07,2.6499826667959424e-07,1.5829325461925164e-10,5.005888624188835e-05,1.0686954905548377e-08,1.3927991197594267e-08,7.458424071019899e-06,4.1750526093444254e-10
29,2.4832151945069137e-06,7.763509487391027e-05,0.0018794029991669942,0.0004404982757361508,0.010755309826053196,1.4416297464240432e-05,1.2470268404659783e-08,2.2516586773601207e-11,1.3380073518793357e-08,3.691935394259758e-07,0.9844980347775684,9.740143893830964e-07,5.0134808721756315e-05,0.002219883305156542,2.7020253471341445e-06,8.375493876063656e-08,7.65267757626755e-08,1.6251289130701275e-07,2.6499826667959424e-07,1.5829325461925164e-10,5.005888624188835e-05,1.0686954905548377e-08,1.3927991197594267e-08,7.458424071019899e-06,4.1750526093444254e-10
30,2.4832151945069137e-06,7.763509487391027e-05,0.0018794029991669942,0.0004404982757361508,0.010755309826053196,1.4416297464240432e-05,1.2470268404659783e-08,2.2516586773601207e-11,1.3380073518793357e-08,3.691935394259758e-07,0.9844980347775684,9.740143893830964e-07,5.0134808721756315e-05,0.002219883305156542,2.7020253471341445e-06,8.375493876063656e-08,7.65267757626755e-08,1.6251289130701275e-07,2.6499826667959424e-07,1.5829325461925164e-10,5.005888624188835e-05,1.0686954905548377e-08,1.3927991197594267e-08,7.458424071019899e-06,4.1750526093444254e-10
31,9.54065189507475e-06,0.00012670497603654946,0.005404805768710308,0.0006234487657563842,0.01815154058255451,1.248698327053712e-05,1.8822106549362718e-08,8.422395780453005e-11,1.526236142598197e-08,5.180303906021895e-07,0.9730158989813226,2.2914201753272586e-06,0.00011478489057525642,0.0024328888279400926,2.195809627616869e-06,9.82784195495833e-08,1.1808041191682242e-07,5.703980069134961e-07,7.894307864969297e-07,3.849328119805622e-10,9.320398103823814e-05,1.8803146908350172e-08,1.8127293525826693e-08,8.041862893705336e-06,7.961232982921713e-10
32,2.6326938148410317e-06,8.342334761474071e-05,0.0020248024595011286,0.0003974163509542988,0.011220426477652534,1.5303904353971164e-05,1.3500523067149405e-08,2.705969182104601e-11,1.2729434390755827e-08,3.6603596087948974e-07,0.9840020960898629,1.062404725443365e-06,5.520886702438701e-05,0.0021326936474230732,2.9868415227449515e-06,8.859706434689404e-08,7.539180384342153e-08,1.5579957371772867e-07,3.693234515036238e-07,1.7774795877733476e-10,5.417473961179289e-05,1.2341995930728518e-08,1.4713443655669474e-08,6.663117433253861e-06,4.204458984708289e-10
33,2.4488099689864617e-06,7.679825180417153e-05,0.0018799613198668245,0.0004351662961094243,0.011272646316591936,1.4233046344814717e-05,1.2252384158477508e-08,2.163334063241372e-11,1.3465132614177263e-08,3.6217332051878586e-07,0.9840641675964298,8.874142679219284e-07,4.556362129787921e-05,0.0021452271941070555,2.91148714086608e-06,8.032766434445549e-08,6.906563874059557e-08,1.503559093261526e-07,2.608360043850268e-07,1.5569431182701052e-10,5.127509277598828e-05,1.0206716773125199e-08,1.4334780493379286e-08,7.73993324140389e-06,4.251740161828408e-10
34,2.019713546360281e-06,7.613443126394971e-05,0.0020076946777632795,0.0006392040761491365,0.011201514777093854,2.165439022863706e-05,1.7248515718520846e-08,2.4938407695708133e-11,1.3541251161966081e-08,4.3933013082825317e-07,0.9829320845047971,1.3041939459518892e-06,5.735837239256403e-05,0.0029859594391950877,3.0296008530265805e-06,1.1981267496732065e-07,1.0742954880811762e-07,2.227784507238078e-07,2.1227849090113617e-07,2.049734312707313e-10,6.342223644668533e-05,1.1682627362764173e-08,1.6243878540756257e-08,7.45854426278738e-06,4.66580665895595e-10
35,0.0001860988202413512,0.0003260831195383207,0.006207504163385703,0.001067151361609611,0.011096032336935893,7.720768680972954e-06,3.287004991240204e-08,4.584679456619583e-10,9.81330151220472e-08,2.8000729706247335e-06,0.9789886553123257,7.434925541954448e-06,0.0003013918684993851,0.0017048616983733565,6.499503422992382e-07,3.2291063736467744e-07,9.267866940373155e-07,5.532262328686604e-06,1.5684960066674268e-06,4.170916569982658e-10,7.677375717522668e-05,3.6583832847583225e-08,1.0664450594066013e-08,1.8310658076667255e-05,1.6037280669217099e-09
36,3.053677291425195e-06,0.00015427251494175214,0.001545313877769626,0.0007459984365730492,0.006862927966436994,4.9965223078108124e-05,3.924823413421336e-08,1.153685588720502e-10,6.326931233236007e-08,6.914992390993048e-07,0.9851885250725964,5.0318040026584865e-06,0.00024568826859053245,0.005153081946145539,2.9921990063729007e-06,4.091996062220309e-07,1.0357432170537549e-06,4.13254692339018e-07,4.958008679739985e-07,4.109788399185318e-10,3.373545794143434e-05,5.7794275850692864e-08,3.281113936319334e-08,6.173669722238482e-06,7.389720533361959e-10
37,2.358103908167069e-06,8.425444046010823e-05,0.001878330617293195,0.0004413788115980288,0.011393828163910342,1.6015248615878503e-05,1.345369307544384e-08,2.400702639037783e-11,1.4282234897517713e-08,3.7622622330088943e-07,0.9837688926324653,1.013708723331492e-06,5.2682448558318386e-05,0.00229791199388822,2.9260723989205053e-06,8.865874898690502e-08,7.901564424246418e-08,1.5356096594654191e-07,2.845434768147898e-07,1.6473419569050342e-10,5.239525108441177e-05,1.1475816907225902e-08,1.478185712765106e-08,6.975889444149748e-06,4.3024935817215623e-10
38,1.6885994103002692e-06,7.060453892590171e-05,0.001542245775090043,0.00038876282669866765,0.006954090882779259,3.334175778911207e-05,2.0671351550631525e-08,3.4090652333580884e-11,7.130336929616177e-09,2.688442813753969e-07,0.989438005777507,1.0825788375913582e-06,6.681766999631336e-05,0.0014236343752157862,4.3982501565408415e-06,1.6492059756682862e-07,8.824104275270092e-08,9.878950135698608e-08,5.01416403676016e-07,1.6372518901721096e-10,7.028946386806956e-05,9.820548623956716e-09,1.9889369265688727e-08,3.85733951265596e-06,2.4296375670870046e-10
39,2.789908272090566e-06,9.108056570205042e-05,0.0025254282656466585,0.0007517157216349481,0.013053633621587507,3.232350314059704e-05,3.014959057247988e-08,6.34899845292401e-11,1.4855667452071108e-08,4.527044971984656e-07,0.9808360281645404,1.681319950346439e-06,8.04825663584162e-05,0.002487273659858812,5.21483996505339e-06,1.770618522941858e-07,1.3690981982177234e-07,2.3044028006438313e-07,5.20285913215513e-07,3.541591156203242e-10,0.00012419415995565923,1.7850674050409016e-08,3.625396940114748e-08,6.5360436909240414e-06,7.29783305992236e-10
40,1.660872537107619e-06,0.00021205448953640348,0.004302384119288529,0.00023185782093659732,0.026658503520943313,2.2085294038403346e-05,1.0493163952338185e-08,1.2186284941874359e-11,8.368911041899577e-09,2.564149406911365e-07,0.9645426720428548,1.7692235290129978e-06,4.511484756195133e-05,0.003908236700983817,4.314555778384111e-06,3.716219582359663e-08,4.495239676548583e-08,1.2365940848020588e-07,4.540036417470322e-07,1.5401359438674952e-10,6.42078574214537e-05,1.8110622135367033e-08,8.647032430435778e-09,4.176077665132898e-06,5.984121142449176e-10
41,2.5258469316081956e-06,0.00010254891366764994,0.002059400582104687,0.00051391168383166,0.013933653619029122,1.681313701551987e-05,1.2896540462360938e-08,2.355475845787079e-11,1.9784298133605123e-08,3.889296397585999e-07,0.9809665527822248,9.02649021894634e-07,5.4675493825929714e-05,0.0022938147293585184,2.791123732376603e-06,9.09487942431421e-08,8.223828939080097e-08,1.4138525216307913e-07,2.447865215472405e-07,1.423713300426685e-10,4.336296126055714e-05,9.539397556418573e-09,1.3566072586860407e-08,8.041819167391956e-06,4.180964076675311e-10
42,3.231673437165069e-06,0.00014319980792823792,0.005552688137979911,0.00038945043885667936,0.010711760010521794,1.9219833572282837e-05,1.86319285107856e-08,1.523804096445634e-10,1.2695974452150796e-08,5.650697394589386e-07,0.9815341835412199,1.975352136857116e-06,0.00011228861064480121,0.001374569799883734,5.933192130506147e-06,1.0774716219549189e-07,1.3513141121131296e-07,8.184988827968951e-08,2.022895778091806e-06,2.4941205497254197e-10,0.00014419559651569815,6.477885436188191e-08,1.0770249650802254e-08,4.283815879406918e-06,2.1651420434471584e-10
43,4.434081299047662e-06,9.16083227591273e-05,0.0034502560955846045,0.0008217929622470765,0.01583283291264628,3.472212418022738e-05,2.544770020564343e-08,6.175219940091599e-11,6.63782603923329e-08,3.17920362869751e-06,0.9759327023402875,5.920655230154291e-07,4.621957688268781e-05,0.0036500144807228956,5.9704062306421615e-06,2.2201786748942108e-07,1.304242078322888e-07,1.9183057365191208e-07,5.272688497872053e-07,7.078841612853525e-10,9.612023236202436e-05,3.9433640269769854e-08,2.5114622926830405e-08,2.8325598975474462e-05,9.113118545404098e-10
44,2.4832151945069137e-06,7.763509487391027e-05,0.0018794029991669942,0.0004404982757361508,0.010755309826053196,1.4416297464240432e-05,1.2470268404659783e-08,2.2516586773601207e-11,1.3380073518793357e-08,3.691935394259758e-07,0.9844980347775684,9.740143893830964e-07,5.0134808721756315e-05,0.002219883305156542,2.7020253471341445e-06,8.375493876063656e-08,7.65267757626755e-08,1.6251289130701275e-07,2.6499826667959424e-07,1.5829325461925164e-10,5.005888624188835e-05,1.0686954905548377e-08,1.3927991197594267e-08,7.458424071019899e-06,4.1750526093444254e-10
45,2.121451306977754e-06,6.97392922945894e-05,0.0025591036416301774,0.0006076803337146292,0.010762337102189873,2.294931812440873e-05,2.3527747054047557e-08,4.76758018813922e-11,1.5337136827758323e-08,3.9900065354757424e-07,0.9843223216324266,6.605102356704216e-07,5.477585694104619e-05,0.0015276727580513419,6.668901527018933e-06,1.3996663312650428e-07,7.654598476627602e-08,9.370194274871602e-08,3.80169950470114e-07,1.8533815923008988e-10,5.401480254006533e-05,1.2653886741093443e-08,1.5289947282146367e-08,8.7976800083665e-06,2.921126257918559e-10
46,3.3413713588185654e-06,4.217555690360994e-05,0.0014246827785729238,0.001119858526053247,0.0018874125432723759,2.4356955168763113e-05,7.683492004182946e-09,6.134475989332716e-11,1.0332794859371752e-08,2.625128529121601e-07,0.9943912310171265,1.6931106872041718e-06,9.853360338193102e-05,0.0009496898504349158,1.297484119293104e-06,2.1090236650709403e-07,6.375598082701883e-07,2.2476067143811803e-07,1.440775128700454e-07,9.601455838719608e-11,4.6462721518365016e-05,8.261937221722581e-09,1.8514262453151593e-08,7.73960674739523e-06,1.1159697971435667e-10
47,1.6900336948352857e-05,0.0003911311559087716,0.003292988077404017,0.00022236179100804983,0.009095213162571135,2.2396291784519693e-05,3.4780566869210956e-08,1.0047528012003068e-10,3.223281037237838e-08,1.2217063327765227e-06,0.9842271281177238,6.295787190456973e-06,0.00013009507007962965,0.0024668262255785906,3.270291075567235e-06,1.2690437778254462e-07,3.029314110452116e-07,6.861475871299185e-07,2.046703361276346e-06,4.4593085656957243e-10,0.00011283410829667245,8.844218729620323e-08,1.315090954808545e-08,8.004353745562504e-06,1.6847344792926e-09
48,5.4215102025046775e-06,0.0002779480904919222,0.0030894841947570672,0.0005766678839326521,0.0050593767002666875,8.983012699985564e-05,3.230300906285099e-08,2.490350697536772e-10,1.9284986580162375e-08,2.9635811485139064e-07,0.9897073386399363,2.9323843832327272e-06,0.00031996593619313356,0.000790326682912012,4.08042963382374e-06,3.3093471310880404e-07,5.75296199674171e-07,1.0462078251725667e-07,1.9032861052611864e-06,1.5077330510183462e-10,7.063118297622973e-05,1.823773974502253e-08,1.929409088340047e-08,2.6960741220809423e-06,1.4764255790006005e-10
49,2.2142134696979212e-06,0.00012360848027121382,0.003464177081242338,0.0004465284332647256,0.012292848597287838,2.4917407993177585e-05,1.5046662241595042e-08,2.6243239543834217e-11,1.0775297933181994e-08,4.5563903692995945e-07,0.9800815622377803,2.187545263970419e-06,7.09701331476123e-05,0.0034000217177685846,3.01621444647877e-06,7.947317670051158e-08,1.1849242485708081e-07,2.366213939499297e-07,3.738821883411314e-07,2.4232211553600524e-10,8.062993818887e-05,2.2715615374726604e-08,1.1941384600371264e-08,5.992635280377991e-06,5.088484567993695e-10
50,1.0650042566305466e-05,0.00018377445030569168,0.003384117919054634,0.0005671140985993695,0.03161991882080488,1.6339994390237518e-05,1.421208684764233e-07,1.227724224603143e-10,1.0126447477033927e-07,4.68650873741958e-06,0.9585779618989348,1.0907893902094768e-06,7.841135404134991e-05,0.005423063188375577,8.808530871156075e-06,2.5501466131085397e-07,9.961639877619526e-08,6.033650712279449e-07,1.4619545900347495e-06,1.013081274677859e-09,0.00010214755050464032,9.618833802837581e-08,2.686940707325441e-08,1.9121455207388712e-05,5.86855292905333e-09
51,3.0147637501359424e-06,6.456637192675778e-05,0.0015532324746179032,0.00032475273105819655,0.012098925366369776,2.4441716652226303e-05,2.5578230915784282e-08,2.987574099658527e-11,1.2852177150967817e-08,4.665690157702612e-07,0.9822841172745813,1.4132908026418873e-06,4.6710326971717515e-05,0.0035017716972564517,4.950411100504e-06,1.4190065399470206e-07,8.373239095285268e-08,3.074452109498361e-07,6.403069349223586e-07,5.354214416190546e-10,8.294338772639553e-05,2.014043086657836e-08,4.936949051931663e-08,7.410249515108342e-06,1.4778375096648918e-09
52,2.263553440200967e-06,0.00023269710179230543,0.002133296514052387,0.00033255571393902964,0.020498663359279315,2.3501868159518068e-05,2.041455099609462e-08,3.3481605548899386e-11,1.876199366162972e-08,2.7688460688446826e-07,0.9741351485005643,1.6532297164308013e-06,6.499205467311868e-05,0.0024729496785752033,5.308493062454294e-06,7.36002764750693e-08,7.498113448673896e-08,1.005156478030386e-07,5.865598784318291e-07,1.5486696780229565e-10,9.177410374573538e-05,1.749258814539498e-08,2.104691174045272e-08,4.004667410453797e-06,7.156526534388484e-10
53,1.6188495144838272e-06,4.952907650044981e-05,0.0008955080100639254,0.0008232683720701971,0.012448755756471827,2.1313797746144036e-05,9.104720407782422e-08,5.711966940944237e-11,3.906916635024082e-08,5.297192591566963e-07,0.9827518004825522,5.45146449388639e-07,5.365307650724862e-05,0.002882173811729242,1.0460225513688012e-05,2.391449732435164e-07,7.968065674788227e-08,1.6956017888680644e-07,2.2966169524128164e-07,3.933867251793535e-10,4.871372337955586e-05,1.620497525456428e-08,5.677776252806463e-08,1.1207094006960742e-05,1.2611169076049798e-09
54,4.7584119987838245e-06,0.00045034180525029336,0.0012994430340532127,0.0003038750585910884,0.02074344182506583,2.9906705322975767e-05,3.3851724749240494e-08,2.4898301847108264e-11,4.915608554403375e-08,8.913155533915311e-07,0.9719451851850415,3.3888508703242452e-06,8.185518215323628e-05,0.005067617513266134,3.1839109389661865e-06,1.7897614624001047e-07,1.552030728078125e-07,3.6918283610429765e-07,5.044795979134638e-07,1.9690124736932114e-10,5.847434480578753e-05,2.3093394543370822e-08,1.6872588872255268e-08,6.303852782953172e-06,1.9670593072072754e-09
55,5.711350434249672e-06,0.0003522022843437351,0.0012837243657890095,0.0003365515777321567,0.0231254560956735,8.856917798410974e-06,1.726924929807057e-08,1.485956586636513e-11,2.6325895505008448e-08,2.704075187718843e-07,0.9712432637660202,7.118653831585959e-06,8.9709948173663e-05,0.00349346747072607,1.0228685694400287e-06,7.369285432304862e-08,1.2743265288826903e-07,8.395093492454462e-07,2.0977966709189998e-07,1.0767192459116375e-10,4.689750933110212e-05,8.656406399803664e-09,9.303922639037228e-09,4.433143936094486e-06,1.5475931361713014e-09
56,2.334300056650088e-06,8.023565706922609e-05,0.0018356152388659668,0.0004298757871427245,0.010342673329354983,1.3618664805940296e-05,1.2318764063219305e-08,2.265385460828455e-11,1.2766289774321043e-08,3.3829369982614164e-07,0.9850078019416614,1.0713491609714448e-06,5.9025818814025546e-05,0.0021725179198838324,2.383167353092233e-06,8.199172564957445e-08,7.910587128642417e-08,1.6484084896509424e-07,2.600989684123794e-07,1.485164448594521e-10,4.523545380888508e-05,1.0194795145583669e-08,1.2507411651867996e-08,6.638700697647835e-06,3.817793404632719e-10
57,2.8371063512872744e-06,0.0001353018519278445,0.0036286691145716206,0.0002949424051691083,0.01601884990062356,1.8338445869855264e-05,1.482802830571886e-08,5.1994924064068394e-11,8.142577518368808e-09,3.459572247501899e-07,0.9773425712415786,3.50476132403486e-06,9.557153881550897e-05,0.002325680535804641,3.1677992631540786e-06,9.181518329123542e-08,9.608654017328186e-08,1.9172123541493815e-07,1.3211241915057008e-06,2.863875250678748e-10,0.0001255058231609463,3.205608634207492e-08,1.4279287249860704e-08,2.9426885275801674e-06,4.3827546019478284e-10
58,2.4412127764619165e-06,6.305503561411791e-05,0.001843781278380012,0.0004118520236218021,0.00855335980542816,1.200836803432357e-05,1.051778711659467e-08,1.9644892960270712e-11,1.2706383632949752e-08,3.6421086604337536e-07,0.9871693605549715,7.195653547834826e-07,3.997128471524253e-05,0.0018476550734014626,2.8824766314186473e-06,7.207068045064584e-08,6.744088611435277e-08,1.349629377942448e-07,2.2275506591022924e-07,1.3774360526388195e-10,4.1959525652211824e-05,1.0092879318711712e-08,1.1860438385664943e-08,1.0046663593720282e-05,3.5651135806193687e-10
59,2.3939492353108836e-06,5.919581242845234e-05,0.002005099318857482,0.00044853094224903,0.008841019246371358,1.1818962422513193e-05,9.888545321224641e-09,1.8997506724156812e-11,1.2760852854099522e-08,3.932475958971762e-07,0.9866472624971357,6.54167528547149e-07,3.5507252734002547e-05,0.0018895350309210144,3.0150902731090707e-06,7.1734818771975e-08,6.656608845954277e-08,1.334445254148999e-07,2.037562684743599e-07,1.3892571720770276e-10,4.357273854238729e-05,9.955143146481088e-09,1.175948817803131e-08,1.1481365166981393e-05,3.5488431389528774e-10
60,2.4832151945069137e-06,7.763509487391027e-05,0.0018794029991669942,0.0004404982757361508,0.010755309826053196,1.4416297464240432e-05,1.2470268404659783e-08,2.2516586773601207e-11,1.3380073518793357e-08,3.691935394259758e-07,0.9844980347775684,9.740143893830964e-07,5.0134808721756315e-05,0.002219883305156542,2.7020253471341445e-06,8.375493876063656e-08,7.65267757626755e-08,1.6251289130701275e-07,2.6499826667959424e-07,1.5829325461925164e-10,5.005888624188835e-05,1.0686954905548377e-08,1.3927991197594267e-08,7.458424071019899e-06,4.1750526093444254e-10
61,2.5765330605854695e-06,6.088295960984826e-05,0.002271135203426359,0.0004673507181370891,0.009218534089878863,1.2137813541692725e-05,9.505126299375535e-09,2.0915415662640475e-11,1.1712265541022422e-08,3.778317130289339e-07,0.9859905756602916,7.049681898903961e-07,3.8717311197014815e-05,0.001876803201086497,2.8436310066556486e-06,6.967885315420258e-08,6.815341797435079e-08,1.4197022870620107e-07,2.2151352105874657e-07,1.4334828755960343e-10,4.628434879483606e-05,9.939217522758126e-09,1.1463136314703784e-08,1.0531299761941438e-05,3.302737642861711e-10
62,2.4832151945069137e-06,7.763509487391027e-05,0.0018794029991669942,0.0004404982757361508,0.010755309826053196,1.4416297464240432e-05,1.2470268404659783e-08,2.2516586773601207e-11,1.3380073518793357e-08,3.691935394259758e-07,0.9844980347775684,9.740143893830964e-07,5.0134808721756315e-05,0.002219883305156542,2.7020253471341445e-06,8.375493876063656e-08,7.65267757626755e-08,1.6251289130701275e-07,2.6499826667959424e-07,1.5829325461925164e-10,5.005888624188835e-05,1.0686954905548377e-08,1.3927991197594267e-08,7.458424071019899e-06,4.1750526093444254e-10
63,2.5825072418082127e-06,8.796863824935579e-05,0.001885211454385001,0.0004132379440759378,0.01094575201254682,1.438151438012291e-05,1.2591144158914094e-08,2.2307423316344253e-11,1.414999171302872e-08,3.686107470041835e-07,0.9843638449652744,1.0013471397884162e-06,5.060259924813255e-05,0.002175122288973696,2.745589836954015e-06,7.975877243961288e-08,7.626889009825808e-08,1.5736765866767326e-07,2.735756359143363e-07,1.4886646606181287e-10,4.921679175922295e-05,1.0952807468333288e-08,1.3068607942352329e-08,7.32540371648408e-06,4.2774312616125976e-10
64,2.3601197112440515e-06,7.834420189662203e-05,0.0021675524116725104,0.0004457048996396992,0.01137902377256282,1.338752785575211e-05,1.2141161486829969e-08,2.498080498621407e-11,1.069267298580435e-08,3.563249717065477e-07,0.9839520928331996,9.201025089462567e-07,4.303858042667787e-05,0.001829638980502235,3.264362274116722e-06,6.921723689382228e-08,6.048039070131227e-08,1.303396157179362e-07,3.028179968795472e-07,1.539669606125397e-10,7.672601113679132e-05,1.0967093321862746e-08,1.3486318484499049e-08,6.979182706841412e-06,3.6750016300722237e-10
65,1.987961946323139e-06,7.586826045676584e-05,0.0020205771083317593,0.00042680856443214825,0.010327756620620026,1.564040302077635e-05,1.1808065164584553e-08,2.1021209291561594e-11,1.1014038610748917e-08,3.067385946356648e-07,0.9850358526839823,8.287513028639061e-07,4.519023516302187e-05,0.0019860336264767562,3.309461882432367e-06,7.24594759550565e-08,6.724093791473924e-08,1.1728852851575453e-07,2.532832410797145e-07,1.3743910530763913e-10,5.230466284283236e-05,9.994337295974673e-09,1.3260695536422534e-08,6.978070615051063e-06,3.425520697319151e-10
66,3.880618290387292e-06,0.00011473929692981594,0.0020348016313143195,0.0004191035851459994,0.010135730021838272,2.620074363922824e-05,2.1389171612534862e-08,4.585507059860844e-11,2.260760610809841e-08,3.7073166204866123e-07,0.9852979235233432,9.843162041366414e-07,6.197822835896268e-05,0.0018346703539148677,4.981231896582013e-06,1.1301990191795379e-07,1.0241401057372849e-07,1.4766843096851764e-07,5.122714127557594e-07,2.3367831201902347e-10,5.471170418204706e-05,1.3898431672400249e-08,2.5668850482202594e-08,8.964218465345236e-06,5.774652555386806e-10
67,1.883070602282396e-06,6.693081959143286e-05,0.001593123088325963,0.0004072365359500502,0.008735141335405934,1.85496746156329e-05,1.2430182995000562e-08,1.7463763021764516e-11,1.0755758518692508e-08,3.513130128770343e-07,0.9863261646863772,1.0232809009132019e-06,4.565631135012753e-05,0.002738222585143538,2.8597194117729295e-06,8.138969798699675e-08,8.190003582848655e-08,1.7112580325564708e-07,2.260240548170674e-07,1.9362816414140015e-10,5.473044651910683e-05,1.1336214022973734e-08,1.8144611124774478e-08,7.5133327003502e-06,4.826420958553493e-10
68,2.4275566269926826e-06,7.03954386359257e-05,0.0019140524394761086,0.0005060595568545724,0.010296664353782929,1.4584701029364227e-05,1.3254898739453385e-08,2.3989948745966823e-11,1.2417950015694526e-08,3.620769758381157e-07,0.9846795136334098,1.106077657207061e-06,5.9829197056149006e-05,0.0023933466233775165,2.2983660260272072e-06,9.003184016239231e-08,8.364882552317794e-08,2.036518587383347e-07,2.4589937600307956e-07,1.7651131779936938e-10,5.163491451095749e-05,9.851428993952707e-09,1.4626110115176412e-08,7.051068682794687e-06,4.131083149213773e-10
69,2.428563753127571e-06,7.612746849782689e-05,0.001870169676075804,0.00043089394044748487,0.010335726465732999,1.4793821424674852e-05,1.2341340057006577e-08,2.238476893292769e-11,1.2715790318523202e-08,3.6344952512174464e-07,0.9849435803696209,9.897182127684366e-07,5.0678632700620375e-05,0.002212456505120724,2.6857783124589863e-06,8.312244843322653e-08,7.69302552261072e-08,1.6144567131351837e-07,2.705385682738758e-07,1.6222504067979737e-10,5.115256329040823e-05,1.0766293852786813e-08,1.4084757491166299e-08,7.310510283969912e-06,4.07266281380686e-10
70,1.1524117230276044e-06,3.7458543802582086e-05,0.002496702213630867,0.006714484704282118,0.022050812283238883,0.00011012702005384758,3.0131870558373224e-08,5.0188430316249387e-11,1.0742423238057209e-07,1.34736251811619e-06,0.9532366537713178,1.2677712361474257e-06,0.00015168537622873567,0.01513402898175353,2.105991007646124e-06,1.031901692606902e-06,6.735426102116827e-07,6.810270928704638e-07,5.6822343108843804e-08,1.2187142399895174e-09,2.8082705875152017e-05,9.061433580608058e-09,8.832059125043114e-08,3.141064004100917e-05,7.225208531697137e-10
