,0,1,2,3,4,5,6,7,8,9,10,11,12,13,14,15,16,17,18,19,20,21,22,23,24
0,2.0380587922236235e-07,0.1179694591885945,0.004712050436030954,0.003055420636079303,0.045523641919515745,0.00010895546034578939,0.0009211095964513912,8.368221903380625e-05,0.06290786119031899,0.00012368478727938092,0.7633268659381318,5.808017189477181e-07,6.885052564936089e-05,0.00034142997906933063,4.496494601210738e-05,2.877229935816693e-09,4.051756471707096e-09,1.2188673159274314e-05,0.0007254844568964915,5.940580547174312e-07,2.5468891307526473e-05,3.006923196212667e-07,3.4658899814051434e-08,4.396362553038801e-05,3.1965847350437855e-06
1,1.9366685446534654e-07,0.1023828729592871,0.0061700548298312344,0.002595507028255622,0.05018779540120021,0.0001548766892913886,0.001123742820771085,0.00011258678208992357,0.18327721269236116,0.00019683277140635712,0.6514986767747144,5.075457007675807e-07,6.506984440077621e-05,0.0003557424127679916,6.602913170055538e-05,5.497405716229997e-09,2.7210262672006494e-09,6.5244181444407e-06,0.0017446269875471584,6.99839318895111e-07,2.7221464823041235e-05,3.017988134900354e-07,2.0866340087255483e-08,2.943155876392265e-05,3.4634971838120624e-06
2,2.648519586262819e-07,0.12609277667435628,0.0035468585798663936,0.002466249737645581,0.041037750479793494,0.00014724812578127263,0.0011032496311211492,8.834873122149533e-05,0.06358340067255581,0.00012077976796189148,0.7602126642326149,6.359889549234081e-07,5.749998348421207e-05,0.00039480271257770754,0.0001200333906550973,5.064487768162584e-09,6.2989320490220985e-09,1.0841338314774373e-05,0.0009327774157127215,6.200348902927858e-07,3.264379210366061e-05,5.727775929377659e-07,7.557902171363725e-08,4.5519733070881093e-05,4.374405324451006e-06
3,2.034431850014938e-07,0.11665448573175105,0.0047308267920404025,0.0030237826616899264,0.04551093997324355,0.00010914960509103012,0.0009192801113104479,8.324406179607092e-05,0.0631389126439848,0.00012250349181646623,0.7644444489184119,5.809678743649547e-07,6.888619493340346e-05,0.0003397466554253297,4.480599756187594e-05,2.8715880417126634e-09,4.0184133522338875e-09,1.2086835763565872e-05,0.000723136614637807,5.928733449508055e-07,2.5171130752284332e-05,2.983857442491071e-07,3.4287202802848155e-08,4.372204139728022e-05,3.1536910401047615e-06
4,1.9404370189091507e-07,0.122340782241563,0.0051749700496699505,0.0028664679416175315,0.052482311710685826,0.00012158647771197112,0.0009143532700800691,7.04706625088446e-05,0.06168859923034505,0.00012097087091309026,0.7529298507036767,6.072153505064988e-07,8.919175924272236e-05,0.0004114471909919994,4.418984963429628e-05,2.894861299146406e-09,3.857130824652631e-09,1.192063761185756e-05,0.0006625698314459066,5.96721575661386e-07,2.2421039570781826e-05,3.0513473946667954e-07,3.4413819503792676e-08,4.349670149324309e-05,2.6555500580762706e-06
5,1.703285360290509e-07,0.12643691201594845,0.004150641892379956,0.004300838081230209,0.04832766797405958,9.965721919504891e-05,0.0008236903757818454,8.906375505758213e-05,0.04325714948498435,0.00013950135169923516,0.7712906502525624,5.616837273871459e-07,7.505890588643126e-05,0.0003388488746978086,3.011897304871899e-05,2.2976757723929304e-09,4.378776766193879e-09,1.8444153563860092e-05,0.0005366086465499096,6.528083840010996e-07,2.8944759664271574e-05,2.807316179614549e-07,4.089818601406273e-08,5.1462351549588054e-05,3.027805236715032e-06
6,2.034431850014938e-07,0.11665448573175105,0.0047308267920404025,0.0030237826616899264,0.04551093997324355,0.00010914960509103012,0.0009192801113104479,8.324406179607092e-05,0.0631389126439848,0.00012250349181646623,0.7644444489184119,5.809678743649547e-07,6.888619493340346e-05,0.0003397466554253297,4.480599756187594e-05,2.8715880417126634e-09,4.0184133522338875e-09,1.2086835763565872e-05,0.000723136614637807,5.928733449508055e-07,2.5171130752284332e-05,2.983857442491071e-07,3.4287202802848155e-08,4.372204139728022e-05,3.1536910401047615e-06
7,2.0225038432025097e-07,0.11383429954859126,0.004522493181893669,0.004428762332113558,0.08860952718958265,0.0001933521334384257,0.0008055226894315277,0.000117325956093299,0.06857154598172578,0.00021538150255381074,0.7165319302578634,7.878384791867611e-07,4.850835733321565e-05,0.000560828107617858,7.256701902201092e-05,6.343023531499044e-09,5.203925737224698e-09,1.277711536558077e-05,0.001373138463808056,5.608328608528501e-07,5.764976696459644e-05,4.605864631901732e-07,6.667699784795775e-08,3.7120262279677235e-05,5.180402186958058e-06
8,4.224651588987448e-07,0.3081970685932363,0.01223992330129119,0.010551369063495382,0.0940696949678537,7.76183301979703e-05,0.001901044232717885,0.0002977528483844082,0.1006897062645256,0.0004766736339861666,0.46919064281991363,7.229905937856453e-07,0.00015195252727041048,0.0006044532960076491,8.651689417869395e-05,6.767471335433878e-09,1.4546386524951431e-08,1.6371867994957546e-05,0.0011210382275732365,9.86408026855258e-07,5.669477728891716e-05,4.607477552003772e-07,9.540498975628344e-08,0.00025273508181874755,1.6033941882581214e-05
9,3.563380817824208e-07,0.30532830503128333,0.018854316893577684,0.007710444980468204,0.0722819588513204,4.1177079123656895e-05,0.0015452501395908902,0.00022483443570174338,0.12576597796842437,0.00027456922070624506,0.4663674454245993,5.792389808415822e-07,0.00022723525835313888,0.000354021872334691,4.7797577617481315e-05,2.521435879303561e-09,1.0966486730621513e-08,1.3838912238666105e-05,0.0006010065181983481,9.434091060368145e-07,2.5059268693851746e-05,2.3631531210826045e-07,3.22836939986059e-08,0.0003241911300243428,1.0408364646209889e-05
10,2.034431850014938e-07,0.11665448573175105,0.0047308267920404025,0.0030237826616899264,0.04551093997324355,0.00010914960509103012,0.0009192801113104479,8.324406179607092e-05,0.0631389126439848,0.00012250349181646623,0.7644444489184119,5.809678743649547e-07,6.888619493340346e-05,0.0003397466554253297,4.480599756187594e-05,2.8715880417126634e-09,4.0184133522338875e-09,1.2086835763565872e-05,0.000723136614637807,5.928733449508055e-07,2.5171130752284332e-05,2.983857442491071e-07,3.4287202802848155e-08,4.372204139728022e-05,3.1536910401047615e-06
11,2.057026351983486e-07,0.1208202539533797,0.004814357247592121,0.0029575885615364386,0.04399461922652027,0.00010617243910379347,0.0009306976777047165,8.007296154881151e-05,0.061091816916451845,0.00011878865898985546,0.7638691660238139,5.942232855862679e-07,7.926523704004461e-05,0.00034410007217787404,4.251583606522273e-05,2.725228852422784e-09,4.153105318344337e-09,1.2663764601550243e-05,0.0006643302047022437,6.271415578074533e-07,2.311459435477368e-05,3.030616522234604e-07,3.4100291274597524e-08,4.574663106937758e-05,2.9588855911045316e-06
12,1.9176949467066014e-07,0.15717284713399782,0.002532370477189751,0.0043952882043498676,0.14548208845997737,0.00026665477782732123,0.00044833920240752907,3.642615476676539e-05,0.006139417635298737,0.00015497332043984673,0.681412627599746,1.4686437895124254e-06,9.106560546783227e-05,0.0013699609303659658,2.901719181368361e-05,4.947751851820713e-09,8.650131304358938e-09,4.90714823854237e-05,0.00031576246098632835,4.196567314694735e-07,5.262836892791916e-05,7.768706838887743e-07,2.539499630027425e-07,4.60617952691206e-05,2.2747102371983626e-06
13,1.9661705726237448e-07,0.10084066993076088,0.004574623809692648,0.002630700399407444,0.04181385097863854,9.788691336715397e-05,0.0008286203626631214,7.626574240400928e-05,0.05971067477393543,9.667732103177217e-05,0.7881387623603532,6.161471891773062e-07,6.21413433756923e-05,0.0003202343953405126,4.370181686804357e-05,2.4962853953082473e-09,3.8997003269892025e-09,1.0818676195414124e-05,0.0006883418398416876,5.329311745441471e-07,2.3683903219102233e-05,2.8197971311280256e-07,3.039526257859878e-08,3.784934001807341e-05,2.831626504896413e-06
14,1.3837356249268205e-06,0.006470377077552612,0.011842178067164222,0.002162736310291727,0.012726981431852911,4.981879627308786e-05,0.001786250602209328,9.218868460406259e-05,0.04137159826426488,7.098686656882013e-06,0.9219036308136943,5.8823518402055245e-06,1.831747958653051e-05,0.0005652287808145548,8.415550950652165e-05,7.901965406539178e-09,7.365128131123937e-09,4.713712043056192e-06,0.0008563183639154865,8.422476865760194e-07,2.3352514569404843e-05,2.2083296003323174e-07,8.798658130727553e-08,1.617952332890989e-05,1.0442959885092934e-05
15,2.034431850014938e-07,0.11665448573175105,0.0047308267920404025,0.0030237826616899264,0.04551093997324355,0.00010914960509103012,0.0009192801113104479,8.324406179607092e-05,0.0631389126439848,0.00012250349181646623,0.7644444489184119,5.809678743649547e-07,6.888619493340346e-05,0.0003397466554253297,4.480599756187594e-05,2.8715880417126634e-09,4.0184133522338875e-09,1.2086835763565872e-05,0.000723136614637807,5.928733449508055e-07,2.5171130752284332e-05,2.983857442491071e-07,3.4287202802848155e-08,4.372204139728022e-05,3.1536910401047615e-06
16,2.049278618841562e-07,0.12847554840950823,0.0037065790899885633,0.0037445977540035104,0.042586612946066846,0.00013197587153173133,0.000984574264503518,9.754775195940683e-05,0.053687845246388,0.00019245562854757685,0.7650327751166378,6.010779948876523e-07,5.899304483379858e-05,0.0003596830692111455,3.9960763926267314e-05,3.7217030564241467e-09,4.266083330658031e-09,1.8195112031460875e-05,0.0007928840993425306,6.719548037654137e-07,4.1759813765530815e-05,3.714743041998844e-07,4.119543119646339e-08,4.263121575707226e-05,3.4821838146275026e-06
17,2.1220486243746598e-07,0.11604639071197355,0.004903080855834584,0.0036814722460293205,0.047767620592204754,0.00011210927219834937,0.0009440937575066746,8.495260308786107e-05,0.054373857069923606,0.00012513513203794561,0.7706640287013309,6.737261876356578e-07,7.443002005210896e-05,0.00041653565059502544,3.898907363887194e-05,3.0028665677791816e-09,4.1913493195412525e-09,1.4515999395946093e-05,0.0006759897457169814,6.65609544086303e-07,2.7790874268434703e-05,3.103983624834421e-07,4.1337568424327253e-08,4.3684956255479285e-05,3.412267208781624e-06
18,6.848927838388938e-07,0.23707955359577249,0.0070697612739641065,0.004661576202280133,0.03488419959336865,5.887525449277891e-05,0.001624705495662058,0.0001272805515279085,0.039873173163884224,0.0001674374335901629,0.6729102784430423,1.3722969670798706e-06,0.00011640825819585962,0.000464910211437301,4.422439100913475e-05,3.3490687354898296e-09,1.529930654645422e-08,3.577774977746374e-05,0.0006816078083709153,7.864176862784003e-07,4.312605748048807e-05,6.201624425637172e-07,6.246678281312257e-08,0.00014400615893902025,9.55347216719886e-06
19,1.3342191589901234e-07,0.10986690337185526,0.009259851772154545,0.003335890369955048,0.08123025767533759,0.00011249251317516014,0.0006897628933854554,9.29033680394114e-05,0.10195092539974776,0.00014717275981686578,0.6919462912588821,7.773003784981422e-07,0.00010907649168425982,0.0004382428794286044,3.54318740605993e-05,2.4341378767893445e-09,3.5631002029854643e-09,9.013977077049187e-06,0.0007106930625983501,7.151657734511168e-07,2.0894469887413606e-05,2.8883968120224864e-07,1.8617129051225934e-08,3.97092594077373e-05,2.5472613906486634e-06
20,1.6664718417289923e-07,0.16104041471632233,0.004736863896467331,0.0033679088276752853,0.06065366629580822,9.192257013252961e-05,0.0008320762734739921,0.00018258078771334272,0.08675170741524475,0.0001930609993725576,0.6804528419306185,5.997855436955582e-07,6.531684438878036e-05,0.00032393736866448923,7.475563756649233e-05,3.0234705086869865e-09,7.484538999734368e-09,1.164979655317358e-05,0.001116650734839188,7.071507744356911e-07,4.034933538062713e-05,7.073265767771522e-07,3.826751613101113e-08,5.8481067751193596e-05,3.5858164225395753e-06
21,1.5039918324194024e-07,0.14004658900753197,0.004095888543980137,0.002697590391928978,0.04539685214806702,8.170946866891737e-05,0.0007169586548434896,9.756444780014513e-05,0.08045990503652849,0.00011476722935303038,0.7250592925225879,3.594228758175092e-07,5.279391142620353e-05,0.00024246227434854007,5.354311084791723e-05,1.7904099846120925e-09,4.228224722514636e-09,9.431680149632809e-06,0.0008016111305801348,4.6053339492101067e-07,2.289913328184908e-05,3.21461226291932e-07,2.565374046615526e-08,4.563061580584647e-05,3.187203214358553e-06
22,1.5863126569152698e-07,0.06186985595322449,0.0034213740730946866,0.0019288551841502505,0.031128678649254327,0.00010632841482510504,0.0006249945673473358,5.35283416165039e-05,0.032932545277565964,7.229844555604511e-05,0.8670661008919501,5.757029333271455e-07,3.897022635175068e-05,0.00024501726554630125,2.6843389193501513e-05,2.249145286941273e-09,3.4581934468787807e-09,1.514284456340079e-05,0.0004108029900572618,4.7007536222137597e-07,2.6969797003092306e-05,2.5210191013082327e-07,2.7910479357266093e-08,2.864054541194463e-05,1.5630139984374301e-06
23,2.034431850014938e-07,0.11665448573175105,0.0047308267920404025,0.0030237826616899264,0.04551093997324355,0.00010914960509103012,0.0009192801113104479,8.324406179607092e-05,0.0631389126439848,0.00012250349181646623,0.7644444489184119,5.809678743649547e-07,6.888619493340346e-05,0.0003397466554253297,4.480599756187594e-05,2.8715880417126634e-09,4.0184133522338875e-09,1.2086835763565872e-05,0.000723136614637807,5.928733449508055e-07,2.5171130752284332e-05,2.983857442491071e-07,3.4287202802848155e-08,4.372204139728022e-05,3.1536910401047615e-06
24,1.3633009085292103e-07,0.1712296051715645,0.004482802265603535,0.005758757888756831,0.07078631065952037,0.00013915639876996828,0.0007893556662528788,8.473786120139745e-05,0.05038270766584045,0.0002117125031711982,0.6945993891757898,5.897265452805895e-07,0.00010258675052262659,0.0005919354828452684,2.8514907554107165e-05,2.8302236961835236e-09,3.339705431671347e-09,1.782109301101029e-05,0.0007202254323002312,7.860086336338195e-07,3.186603048542453e-05,3.197732830081963e-07,4.108988548038273e-08,3.737677823455051e-05,3.259170208489064e-06
25,1.7878630459259734e-07,0.3374478738603588,0.004845828134290888,0.002021953410903758,0.11271189643268528,0.00042609505486820864,0.0006055899703780961,3.723100168183503e-05,0.16712668892401236,0.0004157495525963259,0.37230625113979515,3.256044915386566e-07,6.372336327674512e-05,0.0006265306639110543,0.00016573593227801176,6.383796358820768e-09,2.8393527050373345e-09,8.146672150259282e-06,0.0011112511627180514,2.795433141837941e-07,2.896622451540302e-05,5.50853708290034e-07,4.01695516656843e-08,4.0326304319137286e-05,8.778014741191874e-06
26,4.085995545059788e-07,0.1313951326576175,0.0088975187810844,0.002929029621726956,0.03000913539792649,3.861241845324157e-05,0.0011357101874717266,0.00011166119421379969,0.05522179876708765,7.962045182972474e-05,0.769345182848745,5.900895110370828e-07,0.00013842359244101656,0.0001436628346780955,2.551343441081338e-05,1.2108303722160064e-09,9.91464690132849e-09,2.126259598626995e-05,0.0002895517524412031,6.606535289231276e-07,1.3808196413309196e-05,1.9964021618406311e-07,2.4181491091754584e-08,0.00019945255977954086,3.0284179141636574e-06
27,2.262417921997703e-07,0.12680246515531635,0.004898576180679685,0.002466746317693268,0.036248503566691605,0.00015434503201081122,0.0010512186620950015,0.0001149566627935659,0.14979359437677442,0.00017038242579091024,0.6767684985879391,4.171457154948422e-07,4.714284576139083e-05,0.00025987103977146103,9.001185623434212e-05,4.201568182079001e-09,3.785411617367051e-09,9.408028298511555e-06,0.0010479466971586734,7.688247798980744e-07,2.7310608721881757e-05,4.649301193887667e-07,3.063376021157247e-08,4.197718575470585e-05,5.12900736716581e-06
28,2.034431850014938e-07,0.11665448573175105,0.0047308267920404025,0.0030237826616899264,0.04551093997324355,0.00010914960509103012,0.0009192801113104479,8.324406179607092e-05,0.0631389126439848,0.00012250349181646623,0.7644444489184119,5.809678743649547e-07,6.888619493340346e-05,0.0003397466554253297,4.480599756187594e-05,2.8715880417126634e-09,4.0184133522338875e-09,1.2086835763565872e-05,0.000723136614637807,5.928733449508055e-07,2.5171130752284332e-05,2.983857442491071e-07,3.4287202802848155e-08,4.372204139728022e-05,3.1536910401047615e-06
29,2.034431850014938e-07,0.11665448573175105,0.0047308267920404025,0.0030237826616899264,0.04551093997324355,0.00010914960509103012,0.0009192801113104479,8.324406179607092e-05,0.0631389126439848,0.00012250349181646623,0.7644444489184119,5.809678743649547e-07,6.888619493340346e-05,0.0003397466554253297,4.480599756187594e-05,2.8715880417126634e-09,4.0184133522338875e-09,1.2086835763565872e-05,0.000723136614637807,5.928733449508055e-07,2.5171130752284332e-05,2.983857442491071e-07,3.4287202802848155e-08,4.372204139728022e-05,3.1536910401047615e-06
30,2.034431850014938e-07,0.11665448573175105,0.0047308267920404025,0.0030237826616899264,0.04551093997324355,0.00010914960509103012,0.0009192801113104479,8.324406179607092e-05,0.0631389126439848,0.00012250349181646623,0.7644444489184119,5.809678743649547e-07,6.888619493340346e-05,0.0003397466554253297,4.480599756187594e-05,2.8715880417126634e-09,4.0184133522338875e-09,1.2086835763565872e-05,0.000723136614637807,5.928733449508055e-07,2.5171130752284332e-05,2.983857442491071e-07,3.4287202802848155e-08,4.372204139728022e-05,3.1536910401047615e-06
31,3.3536273437013653e-07,0.2452840286150696,0.01135292829472719,0.007971481703925896,0.09192109248387967,5.584761452166176e-05,0.001104359231354247,0.0002603895216201404,0.06697885707791765,0.00024903357672158,0.5729682274403884,1.0416896907394608e-06,0.00019680771468445443,0.0005159249036534107,2.6432122468366964e-05,2.645067080295593e-09,1.0331306711793389e-08,2.316366644256534e-05,0.0009021925391690863,1.0923132974952224e-06,3.161986087059234e-05,4.1354989024079693e-07,3.700869761081448e-08,0.00014907370569189476,5.607026209339017e-06
32,2.0833804057756965e-07,0.11775486505408254,0.004757569025376795,0.0028736462809176256,0.0474252229966532,0.00011404447562251309,0.0009160443138253448,9.188495386273827e-05,0.07652211661858284,0.00013112251800381834,0.7479389875415284,5.892610318158979e-07,6.633109980959113e-05,0.0003480142116250006,5.219529285140548e-05,3.150724694161308e-09,4.165723096333941e-09,1.0997087809352723e-05,0.0009243564703455834,5.865878929526606e-07,2.7185962585618335e-05,3.3897544854015973e-07,3.2098317451752045e-08,4.036632970375104e-05,3.287189634813057e-06
33,2.0547111827791437e-07,0.13543545958800512,0.004390646509073785,0.0030511554186294395,0.05067784169484589,0.00010903914562675618,0.0008836515146306362,8.471807959256149e-05,0.0519211099969461,0.00012787745337750398,0.7520072704515958,6.147681728182028e-07,7.964915693624968e-05,0.0003783844438341871,4.285921488223437e-05,2.8303230536209752e-09,4.6346632237417495e-09,1.3858827768403049e-05,0.0007202562853162524,6.131525154768938e-07,2.5050207556277675e-05,3.7158873305723123e-07,3.852655978405808e-08,4.653775184927883e-05,2.78328744768889e-06
34,1.3658122273595827e-07,0.1208732230196011,0.0033676078189592436,0.005096650189039596,0.05991645516551696,9.709272784933881e-05,0.0007241719667132097,7.707899685829778e-05,0.018179807660474792,0.00013292997925463043,0.7905408069442876,6.962345936115757e-07,8.077123744940476e-05,0.00040895274503870095,2.4761622899429752e-05,2.512969969980874e-09,5.546979990641029e-09,2.195013285626447e-05,0.00036595255887584297,6.503135497236633e-07,3.174518206982718e-05,2.9235303799505254e-07,7.573038296643738e-08,5.5819223036004164e-05,2.3635564829141527e-06
35,5.304867176233078e-07,0.18963404424670474,0.005375626016823855,0.006003285745771556,0.018197799202305718,5.511303305295964e-05,0.0013635677006790334,0.0004965127683187545,0.24774884139938586,0.00043938216651918905,0.5283861434984157,6.384650086989697e-07,7.44785696318414e-05,0.00012635933165043835,2.4134766303315304e-05,2.3510969112569356e-09,8.702150201568411e-09,3.6163301469671945e-05,0.0018882029954490009,1.5510487276862785e-06,4.3005327063497364e-05,5.679823265693648e-07,1.2148486856847147e-08,9.141706252292656e-05,1.2611683417421414e-05
36,4.899420433577629e-07,0.17786936525215177,0.021368444921381867,0.004704742613176267,0.17980136927111268,4.2119165566780895e-05,0.000863021264183244,0.0003763932022995118,0.22203717537138623,0.00023465587093786383,0.3872247052933186,2.765109076647702e-06,0.00021849803934212295,0.0007026569378350025,0.00012346988878994276,5.5812151647804424e-09,2.810091540525215e-08,4.762017160996542e-06,0.004255541944159925,5.787057920426441e-07,4.166878696301535e-05,6.22961016485753e-07,2.592774343788242e-08,0.00011474574292398874,1.2148089507681069e-05
37,6.531464908660666e-07,0.11063815677941197,0.006889259502162001,0.001955939029451592,0.02805606885362367,5.2620741497411595e-05,0.0012271758005162011,4.712675880114595e-05,0.026936652899225713,4.204831333801249e-05,0.8230768632243537,1.0757375332455792e-06,9.606968063367355e-05,0.0004232416239306878,2.1736337716044403e-05,1.7010607618781733e-09,4.905020803152556e-09,1.9638519493393616e-05,0.00043557611352307036,4.3116075614454865e-07,1.4376323212125937e-05,2.293581328410892e-07,2.4491421070459806e-08,6.240298590595779e-05,2.626012787941043e-06
38,2.0908960741061236e-07,0.03867835278275668,0.001595964058281938,0.0006429403868132622,0.012894389700085671,0.0002445179789512923,0.0012601182949873015,1.746480338061464e-05,0.03003954059585887,4.370841239860796e-05,0.9138320642506127,3.17038439195196e-07,2.0559170701187293e-05,0.0002144183104756941,5.941255438624314e-05,5.318295247162492e-09,1.0872922971177164e-09,7.4464612129150684e-06,0.0004189300376410667,3.1898379512226043e-07,1.5003307550461283e-05,1.9240202730070252e-07,4.0882509115871945e-08,1.3019055423608523e-05,1.0650365161678087e-06
39,1.8551373778486317e-07,0.04173343631370429,0.00550105340129065,0.004722582670803918,0.07106909741458528,0.00021607207629400265,0.0007418085133462712,0.00018703694833216412,0.076818679451315,0.0002093057304069569,0.7967629988274578,1.2719478644579967e-06,3.26777389005753e-05,0.0003788387716659449,4.3361339800738925e-05,9.90149124290889e-09,4.36630058407277e-09,1.322759163677655e-05,0.0014552984637608251,9.80002280864724e-07,8.201414888175053e-05,3.215865956766866e-07,4.888842076683106e-08,2.5623213242063163e-05,4.065177883719394e-06
40,3.831170783569178e-07,0.1116937882671191,0.004744977689907119,0.0008546991313774726,0.028420961771028933,0.00012474922034763863,0.0007879004995626448,3.06524456654158e-05,0.0601490349305105,4.4995183091760197e-05,0.7917495527105355,7.47981262101099e-07,3.543433517702904e-05,0.0004840051916587962,6.270150181331658e-05,2.147939974637324e-09,2.8381165526160466e-09,1.0243367353345082e-05,0.0007609684319499856,2.8630294020719843e-07,2.020519532970617e-05,5.435953016953974e-07,1.8335147686900567e-08,2.0288900982295105e-05,2.856908802742032e-06
41,1.837656805860114e-07,0.12591293276208262,0.005976115271799413,0.0029508799181552792,0.05961344966665296,0.00012787718968700944,0.0008629025434705046,8.604970806822503e-05,0.09689497237136216,0.00014569279824336805,0.7060190471265149,5.118492475795043e-07,7.104812153094349e-05,0.00036272019410820626,5.768493669485667e-05,3.1603108258271654e-09,3.5809798116922283e-09,9.211690833137995e-06,0.0008343014126389413,5.485077546195465e-07,2.5084352152487976e-05,2.834897874001274e-07,2.8919397105263898e-08,4.495017429733026e-05,3.5164885497664636e-06
42,2.2422000362178874e-07,0.1166655733893461,0.004362424955127728,0.0025203380226290146,0.044385660866363724,0.00010101067543105906,0.0010909372999220908,0.00031177896734137055,0.13216504143223679,0.0002238820739791185,0.6948241145231852,6.274693529857116e-07,3.506825040165005e-05,0.00024299594786094457,0.00011942567132358802,7.088392981363378e-09,8.378789341233103e-09,7.750811284051491e-06,0.002837714847704463,9.359244284382758e-07,5.880060779577127e-05,1.0372678931464504e-06,3.4976279086044804e-08,4.085020408368974e-05,3.75612884393789e-06
43,9.748505526619207e-08,0.13274836963546482,0.0024266499827602407,0.004981311749871706,0.11730218645597354,0.000396527340717638,0.0006362796695136898,0.00024209180838876936,0.11322661326809642,0.0009017519069491474,0.6243189017480738,3.9433305357619185e-07,3.0599397188201704e-05,0.0003093940643447801,9.206335792785648e-05,1.1880403635850535e-08,5.10847381564574e-09,1.4506878788796505e-05,0.0022008884884215534,7.007535086961688e-07,0.0001293785825244156,7.750170056240161e-07,6.237540742862185e-08,3.642883609619384e-05,4.009875990311392e-06
44,2.034431850014938e-07,0.11665448573175105,0.0047308267920404025,0.0030237826616899264,0.04551093997324355,0.00010914960509103012,0.0009192801113104479,8.324406179607092e-05,0.0631389126439848,0.00012250349181646623,0.7644444489184119,5.809678743649547e-07,6.888619493340346e-05,0.0003397466554253297,4.480599756187594e-05,2.8715880417126634e-09,4.0184133522338875e-09,1.2086835763565872e-05,0.000723136614637807,5.928733449508055e-07,2.5171130752284332e-05,2.983857442491071e-07,3.4287202802848155e-08,4.372204139728022e-05,3.1536910401047615e-06
45,2.086656591074157e-07,0.09822801362633023,0.006475564753894548,0.002290768652258927,0.05179989099964682,9.228033984587595e-05,0.0011569078030124844,0.0001151528566949081,0.09692070072267232,0.00010942380556983892,0.7413375799174761,5.711102191344742e-07,8.751427446072458e-05,0.0002888047102202823,6.340978672454937e-05,3.4141715728650606e-09,4.269688608002514e-09,6.4717128957149315e-06,0.0009534082557422456,6.512360581120398e-07,1.734173142708685e-05,2.97268658638532e-07,2.7389955316116565e-08,5.269069357748678e-05,2.3120031393125426e-06
46,4.7156936499975304e-07,0.14661531713146145,0.006696758567151453,0.0048794713484975796,0.057292937750860196,1.875955509362687e-05,0.0005326406558548452,0.00035082448946116644,0.029897199910203717,9.409412038345343e-05,0.7523334087904211,1.7192278092319178e-06,0.00015569062131032314,0.00013940260920101567,3.935291778717378e-05,1.305590399802371e-09,8.186879440416207e-08,2.447723861836888e-05,0.0005954057633322266,7.010637842940362e-07,3.799676620109604e-05,5.580029349336148e-07,4.741405942480182e-08,0.000288436136798318,4.245175024995443e-06
47,1.053261040502239e-06,0.11911481129536601,0.00486801527038743,0.0012981889228998523,0.016911256183880497,8.387232886915513e-05,0.0013124736540289941,7.26448911102662e-05,0.039795047072313,7.027524273012022e-05,0.8152902437581908,1.804909586799895e-06,6.750638123641214e-05,0.00026634539190822687,4.384772448696596e-05,3.50208947736723e-09,9.316765860278195e-09,2.7311340533912412e-05,0.0006899006624129247,7.316948395616978e-07,2.4285873443555274e-05,8.020417154675934e-07,2.8365858622986233e-08,5.5610162605037777e-05,3.930751700549814e-06
48,4.092279802149052e-07,0.4532537294546414,0.0030926948691006317,0.004031558017010393,0.05577779367234636,4.258250892595584e-05,0.001695000376713671,0.0003660553429384998,0.05694470996298794,0.00038039121778195257,0.42044553251689654,5.352552052486253e-07,0.0001680582785324005,0.0003399513747840079,0.00010252765896235792,5.250898566306677e-09,2.8444668633375316e-08,1.2920005894838584e-05,0.003140853971832947,7.474326046257922e-07,3.8156423831491914e-05,1.333224267708805e-06,7.374836662088615e-08,0.00015972851162238832,4.623251204792858e-06
49,1.563977986662589e-07,0.06923827272609831,0.004586733086571538,0.0022528537931775037,0.048437711091581744,0.0001459244669121498,0.0005946694957758318,5.8180579556100026e-05,0.04518497361272211,8.394503163633953e-05,0.8283961498111185,9.130957460949133e-07,5.904246446301248e-05,0.0003677582184062437,3.219461656118414e-05,2.5770371890349864e-09,3.2633915419448593e-09,1.3238540741927454e-05,0.0004966623218544856,6.116111973728774e-07,2.29436162067878e-05,3.309149357862388e-07,2.980835882294296e-08,2.479867709709662e-05,1.900181053579511e-06
50,3.7633553145781954e-07,0.24487047496811554,0.005764819120741767,0.0046543054119958975,0.06253686171127006,0.00023442116108214118,0.003598072470568034,0.00019330392564034888,0.18792585140700188,0.0006804075098322036,0.4843833458224771,4.2148808827150487e-07,0.00010305974021987073,0.0008443861865401015,8.457857911308965e-05,1.6551919618056978e-08,2.878879922753484e-09,9.985647029247473e-06,0.0040208206322150586,1.0918050543705284e-06,3.7865910106276506e-05,7.236975875637258e-07,4.8386056623931025e-08,4.8606031817602144e-05,6.152621115810504e-06
51,2.491071483275474e-07,0.11671469005644601,0.006191278069512458,0.0025331422149145657,0.05947025857135866,0.00012082959737482125,0.0008647030895338585,8.204359466213017e-05,0.08210782539925252,0.00011357747480827687,0.7303579177399477,6.765617272155763e-07,7.775021750906948e-05,0.00034723808773311747,6.772842270308092e-05,3.832727909988923e-09,5.091974103602278e-09,8.654722486863092e-06,0.0008636830528357328,5.530726741090524e-07,2.1628951951177205e-05,3.0007495712285265e-07,3.688419498059894e-08,5.1430225574044667e-05,3.7958859921731737e-06
52,1.1155464453811483e-07,0.04918844989232502,0.0013048454116467343,0.001078609520254201,0.01078339585802269,0.0002564810421386425,0.0006954392625518397,1.4886636897834024e-05,0.024264941227478177,5.156023301085325e-05,0.9119746749196211,2.201146043267025e-07,3.418080588194223e-05,0.00015484754305366674,1.769877013066381e-05,1.7854204612328999e-09,8.025570668984413e-10,2.0984558999593848e-05,0.00013367510325897652,5.645147526386677e-07,9.535055124400224e-06,1.5797977079534295e-07,2.9017419204334895e-08,1.3891988824129865e-05,8.164016104721731e-07
53,1.718411703872836e-07,0.04439829059672728,0.0019775698034591766,0.0011151769577292833,0.004064648661024462,8.257921536574857e-05,0.0024543714790066134,2.8706460100778473e-05,0.04154093267568032,3.592017469260144e-05,0.9038833476575691,1.4670549911269074e-07,2.8751229851644868e-05,9.812801708476778e-05,4.050542136737316e-05,2.4939737545134396e-09,1.0745124630435708e-09,7.381750958287171e-06,0.0002065910204317354,7.673917861614801e-07,7.598366549266533e-06,1.1048573513653742e-07,3.657540327820208e-08,2.6706326488632138e-05,1.5576178327786903e-06
54,5.04713623197868e-07,0.29217017946975826,0.007491100045063764,0.0031165234870482324,0.028749700035991876,0.00021179928190012231,0.0031402798616213074,5.231692718357063e-05,0.1355484297050597,0.0002619699179539741,0.5267415759971392,6.223468282575523e-07,0.00010507956198847002,0.0010058117629900972,9.547878454298206e-05,9.401767018594359e-09,2.206060191354945e-09,1.0973392377466073e-05,0.0012189243890713896,9.807164879332657e-07,2.5132737404723308e-05,4.785884649716786e-07,4.5360494722048355e-08,4.0512173629436256e-05,1.156913554920349e-05
55,3.3305262547960676e-07,0.09611635762292946,0.007923374245848356,0.0026375772433971504,0.016892413691422168,5.276311346248213e-05,0.0009836691166054772,6.215440799417011e-05,0.10008854243436505,6.122963513043485e-05,0.7744016070028317,8.840257903540652e-07,0.00011998015452010015,0.00018798407204789603,1.763981494771961e-05,9.861075938101563e-10,2.834300294767524e-09,1.551059917514001e-05,0.0003774889407715826,8.543746736018062e-07,1.0070733519536739e-05,1.3642427286753674e-07,9.387663257844624e-09,4.526581664948965e-05,4.150268948562239e-06
56,2.069209265267282e-07,0.12148122060121179,0.004907173082202999,0.0029030055177276057,0.04471738044872106,0.0001024691573861638,0.0009122040674772266,8.223448148175408e-05,0.06336460308240527,0.00011688679160616829,0.7601923943619191,5.910614084412384e-07,8.254863267846255e-05,0.00032905337311907795,4.317080308833843e-05,2.6433021156228415e-09,4.306684121975451e-09,1.2294157498363252e-05,0.0006788890394487707,6.256465438386942e-07,2.247653715874398e-05,2.9696138315445177e-07,3.23914652484985e-08,4.735932500664716e-05,2.8766081491431197e-06
57,2.3604109881647658e-07,0.11984037297776967,0.011968642753447143,0.0040244553477187545,0.15464053868523037,9.731358016603179e-05,0.0005476299343380462,0.0002585561682961112,0.15009850509766492,0.00025988486401744764,0.5548378292797788,2.021291254820149e-06,0.0001094973072691922,0.0005325217200690703,6.457130666751189e-05,5.297823304600958e-09,1.2660208061361675e-08,8.489036002344262e-06,0.002598188526619802,7.19213692637527e-07,5.437025647081964e-05,6.390102983047633e-07,2.1931346898280165e-08,4.9994178998320184e-05,4.98353375284604e-06
58,2.2767946145018638e-07,0.13295861290048372,0.005175815137807334,0.003042434136655347,0.046428650040397826,8.848056597326685e-05,0.0009745369771051681,9.414867972960953e-05,0.05783216491430128,0.00012533263093720778,0.7521059383924037,5.867123492021806e-07,8.377655119392479e-05,0.0002995201363017372,4.5149990431999826e-05,2.634720265835799e-09,5.557718843455487e-09,1.3687749252684035e-05,0.0006353488654145725,5.9087358259066e-07,2.458895668418362e-05,3.111324856824033e-07,3.7427749286649256e-08,6.69330770420108e-05,3.1182798171772974e-06
59,2.3760859307247013e-07,0.12215502450686855,0.006609379338923225,0.0030887762255376538,0.04721932728229409,7.719516083766366e-05,0.0009746904079256455,9.818366744322516e-05,0.05785347940936336,0.00011221493839945462,0.7607386691028283,6.394642476622378e-07,8.806772026724855e-05,0.0002863259924180313,4.017316850787502e-05,2.424507046786314e-09,5.769400399318498e-09,1.402188087212719e-05,0.0005376381993089185,6.238801905910658e-07,2.3154181287414783e-05,2.749525359350501e-07,3.331711001175371e-08,7.877877553693563e-05,3.0826247956677383e-06
60,2.034431850014938e-07,0.11665448573175105,0.0047308267920404025,0.0030237826616899264,0.04551093997324355,0.00010914960509103012,0.0009192801113104479,8.324406179607092e-05,0.0631389126439848,0.00012250349181646623,0.7644444489184119,5.809678743649547e-07,6.888619493340346e-05,0.0003397466554253297,4.480599756187594e-05,2.8715880417126634e-09,4.0184133522338875e-09,1.2086835763565872e-05,0.000723136614637807,5.928733449508055e-07,2.5171130752284332e-05,2.983857442491071e-07,3.4287202802848155e-08,4.372204139728022e-05,3.1536910401047615e-06
61,2.1438327502849772e-07,0.11304432730674834,0.006481468075097589,0.0028199543500382674,0.04720552920880482,7.980798289650811e-05,0.0008742563375112942,8.444034990389977e-05,0.06005364081239409,9.896914283693168e-05,0.7681924929358563,6.393700325879514e-07,8.193553327997416e-05,0.0002953712419604632,3.950807196449529e-05,2.258517591073369e-09,4.908412550187908e-09,1.2089052844824325e-05,0.0005480867530390528,5.769018206332075e-07,2.159566692574712e-05,2.5630325393106585e-07,2.8869694965557803e-08,6.192913221262524e-05,2.875050677633504e-06
62,2.034431850014938e-07,0.11665448573175105,0.0047308267920404025,0.0030237826616899264,0.04551093997324355,0.00010914960509103012,0.0009192801113104479,8.324406179607092e-05,0.0631389126439848,0.00012250349181646623,0.7644444489184119,5.809678743649547e-07,6.888619493340346e-05,0.0003397466554253297,4.480599756187594e-05,2.8715880417126634e-09,4.0184133522338875e-09,1.2086835763565872e-05,0.000723136614637807,5.928733449508055e-07,2.5171130752284332e-05,2.983857442491071e-07,3.4287202802848155e-08,4.372204139728022e-05,3.1536910401047615e-06
63,2.0838202123851991e-07,0.13740637125778307,0.004528504586392009,0.0027222539934574153,0.039040282961700465,9.643789843751653e-05,0.000920717702851115,7.781423312124258e-05,0.06356434676461949,0.00011558290222738241,0.7503618946084191,5.151390609275671e-07,7.421178917261036e-05,0.0003038404614654699,4.4891817259485e-05,2.3795535429988992e-09,4.163605694587697e-09,1.2461405179128845e-05,0.000656050504483522,5.908837965923068e-07,2.200066813954223e-05,3.1412512760821786e-07,3.0626636497243965e-08,4.759070277581827e-05,3.080042713570805e-06
64,1.8402952630711145e-07,0.10166836906378195,0.003995133964543397,0.0029380392505901267,0.04554667484927339,0.00010100958258668578,0.0007426557503716394,8.751182289701694e-05,0.05164225189630128,0.00012033355724601042,0.7918944561587774,6.351923800606937e-07,4.657319143962968e-05,0.0003093232541038785,4.5706459236648843e-05,2.8395149739165106e-09,4.584993477414639e-09,1.2774304437926943e-05,0.0007655504260474053,4.786757128984156e-07,3.9678511338999966e-05,3.094069901633735e-07,3.470278357342e-08,3.912875878541259e-05,3.17976633984874e-06
65,2.048470892409189e-07,0.11814528124806224,0.004759102665699372,0.0030089207789931803,0.044911302409148146,0.00010699850936091356,0.0009302226184083552,8.405864965566485e-05,0.06420442485272461,0.00012222075825337662,0.7624669371369635,5.724749543730334e-07,6.953634621773412e-05,0.0003348576071234227,4.5193995415658137e-05,2.8396943214939324e-09,4.0426913297223094e-09,1.196062806690572e-05,0.0007247785369303751,5.944408912204926e-07,2.479719111044062e-05,2.97905190338366e-07,3.3904390828545205e-08,4.452631041685461e-05,3.1693025476395703e-06
66,1.6903213563192828e-07,0.12494946870538226,0.0025650573599811438,0.0018731524330776355,0.030347828413554722,5.108839837597402e-05,0.0004949467347132767,4.1889461917373056e-05,0.02064218650327951,4.280640124770532e-05,0.8183642132893525,3.731031697988254e-07,3.492876831794185e-05,0.00019505297338732585,5.150577289361717e-05,9.231443883347505e-10,5.972661888214784e-09,1.3324971368920854e-05,0.00024586747090022933,2.1423227474439383e-07,2.2453876304226628e-05,2.42162090324965e-07,4.6330972805021136e-08,6.0506077959026035e-05,2.670631536998694e-06
67,1.9915029134998473e-07,0.099126494289786,0.004556672864068115,0.002929223706915763,0.04241593255057242,0.00012775434226413573,0.0009274132786276832,6.49358637347638e-05,0.04989636940555318,0.00010303961965749764,0.7986913299803662,6.385170878371874e-07,6.56093028509934e-05,0.0003848962346700551,4.362993873315148e-05,3.2294755956891674e-09,3.5958139304647905e-09,1.2790362815740592e-05,0.0005869914742377148,6.297854406136093e-07,2.4389425827243905e-05,2.814144433956005e-07,4.319325864077291e-08,3.7731566236890365e-05,2.996907271066456e-06
68,1.791534415565115e-07,0.0870658849489979,0.0030874047500904227,0.00264432703511798,0.026501997340594295,0.0001107093136183974,0.0007745263167895044,5.3560179844665116e-05,0.03620451111902218,8.35187714101329e-05,0.8426997773698459,5.179948266867755e-07,4.894915779295306e-05,0.0002424515914069492,3.096519896311257e-05,2.1166002755274947e-09,3.286368518814797e-09,1.7077464592908787e-05,0.00037214685059789346,5.882273483867219e-07,2.3004657802766252e-05,2.4210297141308876e-07,3.843571454609256e-08,3.499759997898739e-05,2.6190162618516453e-06
69,1.958146455905651e-07,0.11448208389794826,0.00443948618707271,0.0027570427441755397,0.046289335273019094,0.00011456749119858372,0.0008808711386155679,7.571832655741573e-05,0.06100229566893789,0.00011598740692141659,0.7685736475324765,5.679625419744851e-07,6.545361890715477e-05,0.00035119641631806744,4.553268510957315e-05,2.81242279421016e-09,3.736139889935511e-09,1.1468715046195647e-05,0.0007270428435145598,5.393332146925e-07,2.4427616757466172e-05,3.0475581044666105e-07,3.360023152751851e-08,3.9317769586670307e-05,2.876652830593626e-06
70,2.790699794528037e-07,0.09495059713706155,0.0076116021751484525,0.0030915963882840757,0.04787585641419817,0.0001815774261036496,0.001023076078575937,3.930837393909656e-05,0.05442391786787611,8.941965494004892e-05,0.78923574551296,1.0076947817968123e-06,7.443831759670701e-05,0.000780035424029044,3.973831225721176e-05,3.969929465263378e-09,2.6485782338777422e-09,1.4212710011837271e-05,0.000507860384890183,6.530140158024497e-07,2.5349464472705706e-05,2.6420655375185635e-07,4.159511596865196e-08,2.9035896903506934e-05,4.380261797224401e-06
71,2.3898131515642315e-07,0.07115675556633078,0.003593235490969856,0.0024954013788475397,0.019797015851414714,6.775430977516747e-05,0.0011846636542864235,7.638636518884081e-05,0.03688023171602137,6.35185905948498e-05,0.8638075925582811,5.758351735046045e-07,5.371529032236828e-05,0.00022141351612069068,3.1673557479289294e-05,2.3972841940804258e-09,3.906468479715296e-09,1.3515050841798169e-05,0.0004911572779761191,7.071017129064445e-07,2.0501718887968948e-05,2.2473224390158405e-07,3.660500310890188e-08,4.135077291743614e-05,2.3277745424899655e-06
