,0,1,2,3,4,5,6,7,8,9,10,11,12,13,14,15,16,17,18,19,20,21,22,23,24
0,7.188984320979379e-05,0.04365671655442313,9.378966096927424e-07,1.0847052975827007e-06,0.21515937559954623,0.00012795895864154563,0.0005595327490306503,0.00011779805414840382,0.02762704259436114,1.4956125631445948e-08,0.6907583816213984,1.2569265597158427e-06,6.539397427631336e-10,0.0002712632580451351,0.0009213935110853978,8.826264034580458e-05,3.7317508665918366e-06,9.681523052028299e-07,0.02053578060531428,1.6643550130702746e-07,4.41817495861913e-07,3.875206021093629e-05,5.623681579284326e-06,5.047256253128083e-05,1.152411427250937e-06
1,0.00014533311592651707,0.08860477462603243,2.1426324929344634e-06,2.011025360380417e-06,0.19320970681221594,0.0001341175573831711,0.001276276927265432,0.0001557018716869655,0.033373997582047704,4.5674402568220676e-08,0.6588154629297863,2.5529106674277237e-06,5.272357007072912e-10,0.0004702696010132792,0.0009613312473169348,9.916233534388768e-05,2.193975691477888e-06,1.549272764220075e-06,0.022627674709849457,1.6327970481936573e-07,4.5328672669925644e-07,4.39751019330653e-05,9.132700223488305e-06,5.9837268979881144e-05,2.1330279493554428e-06
2,0.00012101817450637895,0.08167784742489251,1.1459565246139942e-06,1.6289000092582946e-06,0.32017697607868406,7.396798916681647e-05,0.0012888121280025774,9.694745315968296e-05,0.018427415261500154,3.0738941895106884e-08,0.5683484179469377,1.7837725361551198e-06,4.267616462264935e-10,0.0006456322335443853,0.0008076187756032995,4.662954875655327e-05,2.3447801644446627e-06,1.2568527414321793e-06,0.008211166138687756,1.8476065384007204e-07,3.032939126178871e-07,2.4475627951602902e-05,1.0478579084658025e-05,3.066746723595555e-05,3.2496900398900643e-06
3,9.59284162565504e-05,0.06773080242336083,1.3219716804486513e-06,2.3103892654971286e-06,0.18379748195930165,9.09785959583938e-05,0.0010761325129447614,0.00010293123779148057,0.017334292632442454,3.190890505492693e-08,0.7181887978079485,2.1568594219395617e-06,3.931988982942328e-10,0.0006702447440914549,0.0005468269969592535,4.543366145582579e-05,2.5804162289061274e-06,1.3705452514908126e-06,0.01021535932027056,1.4372275492629308e-07,4.241924216422429e-07,3.453421192919958e-05,1.3184493723826421e-05,4.4400396335345065e-05,2.3301901011529734e-06
4,0.00010967369650203207,0.07062948709165123,1.3967141999678722e-06,2.5227517042720864e-06,0.18793376831968328,9.16124602881091e-05,0.0011042894617691258,9.758188789074648e-05,0.01874929083642736,3.158943379219842e-08,0.7093792080668464,2.6935932820784483e-06,5.608442238543674e-10,0.0007528446140331281,0.000522053869102564,4.363338633435495e-05,3.0847403026739593e-06,1.5280917119296576e-06,0.010472126548727378,1.562756393461285e-07,4.875962118633168e-07,3.734906568663565e-05,1.3739790286866716e-05,4.875780316099042e-05,2.6811882796904553e-06
5,0.00011501228140085146,0.0693772340664133,1.3101604823198305e-06,3.3485216406731984e-06,0.15599679855688403,9.423744581213998e-05,0.000971718747488932,9.190677515062336e-05,0.01676049099160049,3.726743799357787e-08,0.7464013939327305,2.5622742054188277e-06,4.30270251837969e-10,0.0008900335492386668,0.00043958639577603836,4.112178691011889e-05,3.166259811158154e-06,2.142859635027641e-06,0.008695323826469861,1.5628817464875783e-07,4.628348103677955e-07,4.043933259294964e-05,1.5780159336129077e-05,5.295775502473388e-05,2.777500702555472e-06
6,9.59284162565504e-05,0.06773080242336083,1.3219716804486513e-06,2.3103892654971286e-06,0.18379748195930165,9.09785959583938e-05,0.0010761325129447614,0.00010293123779148057,0.017334292632442454,3.190890505492693e-08,0.7181887978079485,2.1568594219395617e-06,3.931988982942328e-10,0.0006702447440914549,0.0005468269969592535,4.543366145582579e-05,2.5804162289061274e-06,1.3705452514908126e-06,0.01021535932027056,1.4372275492629308e-07,4.241924216422429e-07,3.453421192919958e-05,1.3184493723826421e-05,4.4400396335345065e-05,2.3301901011529734e-06
7,4.260676711555444e-05,0.06638520723075594,5.887278342824569e-07,2.8158144330593287e-06,0.17475507054322104,8.028437094135355e-05,0.0007476676883460478,8.858661685515448e-05,0.016062105839749027,2.3671964565093247e-08,0.7336933989661054,1.5755882394398132e-06,2.3077833989201085e-10,0.0007613066687628842,0.000675686477278036,5.3019862544842986e-05,2.621213343705869e-06,1.040611244449584e-06,0.006559018763665435,1.305723641439955e-07,4.2224650598737025e-07,4.3888024755618166e-05,1.2342797449889839e-05,2.868912648098155e-05,1.9015792648148714e-06
8,0.00012490174793059245,0.11171728576234702,2.7411246328158256e-06,4.612899654543275e-06,0.19281805961589715,7.906183467603278e-05,0.002038169356201452,0.00010146691147414947,0.012221070829491244,6.60546412646663e-08,0.6718555841571675,4.288570259883121e-06,4.461090698366174e-10,0.0013088161548260003,0.0002822311556059786,2.9888445567479508e-05,1.7281038298314258e-06,1.0072090511193636e-06,0.0072835022691412725,2.2704307154239694e-07,4.3373297937215394e-07,1.9415443964196677e-05,4.231371955316704e-05,5.947714012648162e-05,3.650271800891934e-06
9,9.468598577230655e-05,0.12364805709463755,2.800441554383334e-06,6.453599310962562e-06,0.13789676366784465,0.00010060164242716883,0.001787742919698553,0.00010695967533520028,0.018196085333506945,7.295194409666536e-08,0.7077803949661308,4.468516261746696e-06,3.99178684674461e-10,0.0010145885458332923,0.00042027452197002357,4.59021530727958e-05,1.7227934762350208e-06,1.1874785870589632e-06,0.00875399196889931,1.982468018939201e-07,6.270536369988136e-07,3.2905610493803965e-05,3.2471625591595286e-05,6.79735058519624e-05,3.0693021819823517e-06
10,9.59284162565504e-05,0.06773080242336083,1.3219716804486513e-06,2.3103892654971286e-06,0.18379748195930165,9.09785959583938e-05,0.0010761325129447614,0.00010293123779148057,0.017334292632442454,3.190890505492693e-08,0.7181887978079485,2.1568594219395617e-06,3.931988982942328e-10,0.0006702447440914549,0.0005468269969592535,4.543366145582579e-05,2.5804162289061274e-06,1.3705452514908126e-06,0.01021535932027056,1.4372275492629308e-07,4.241924216422429e-07,3.453421192919958e-05,1.3184493723826421e-05,4.4400396335345065e-05,2.3301901011529734e-06
11,0.00010447772944038453,0.06844452524513617,1.4215989205732407e-06,2.436206376242732e-06,0.19196768919850343,9.138083910618695e-05,0.00112518201488175,0.00010218844808011105,0.01800504893215024,3.313594902523941e-08,0.7083058194401001,2.48430327767495e-06,5.182784340005413e-10,0.0006909891640535538,0.0005288847893166892,4.586448070059263e-05,2.9199331306623733e-06,1.4505764346658517e-06,0.010475528305091183,1.624385618788019e-07,4.655106784301117e-07,3.552570118710168e-05,1.405891526512646e-05,4.8941749468289226e-05,2.520825911701865e-06
12,0.00013961664934291457,0.1499616228841289,4.342818257470431e-07,3.1020669354375856e-06,0.46520907387246524,0.00011572109002673058,0.0006142452685841738,2.3306959879441963e-05,0.012966531709409814,4.7928342041022025e-08,0.3642181628652246,1.0667403372059889e-06,5.377005397037111e-10,0.0032549771115055175,0.00020815157300987653,1.9179287488636562e-05,1.1573976252356227e-05,3.5217876696322508e-06,0.003170452217101788,3.0256915087011293e-07,5.450186021384e-07,2.3659047711409833e-05,2.227674559315568e-05,2.4150007556436085e-05,8.277804155111919e-06
13,8.794402424459477e-05,0.06331604157772448,1.263654382769686e-06,2.3081166272789443e-06,0.17365732403827638,8.503421813029192e-05,0.0010503438169179203,0.00010254951736132077,0.016191581963375678,2.9607314965956028e-08,0.7346330275847226,2.1742910638083265e-06,3.7853426075312953e-10,0.0006727271557210118,0.0005191489314317457,4.2710699299954216e-05,2.468309953148571e-06,1.2946802198083587e-06,0.009539312852535885,1.369089029155265e-07,4.143284186654419e-07,3.3888275228729975e-05,1.319530770134664e-05,4.286923949584591e-05,2.2105224143470477e-06
14,0.00010463905634221877,0.01664019324205212,3.5470767878660138e-06,2.124852895260651e-06,0.07601173802866922,0.00012920262819059788,0.0004972302786087463,0.00010587314222011594,0.03142595019799798,5.64011431137958e-09,0.8636037018401105,3.1591639948741327e-06,9.71284503181492e-10,0.00021048366786172482,0.0006927648516702418,4.69738238921462e-05,3.5116910549803476e-06,1.1711913340783512e-06,0.010405969973595107,5.7480810490401136e-08,4.589329690281909e-07,4.5312643914290184e-05,6.803031320140969e-06,5.740052251991015e-05,1.7260697896409387e-06
15,9.59284162565504e-05,0.06773080242336083,1.3219716804486513e-06,2.3103892654971286e-06,0.18379748195930165,9.09785959583938e-05,0.0010761325129447614,0.00010293123779148057,0.017334292632442454,3.190890505492693e-08,0.7181887978079485,2.1568594219395617e-06,3.931988982942328e-10,0.0006702447440914549,0.0005468269969592535,4.543366145582579e-05,2.5804162289061274e-06,1.3705452514908126e-06,0.01021535932027056,1.4372275492629308e-07,4.241924216422429e-07,3.453421192919958e-05,1.3184493723826421e-05,4.4400396335345065e-05,2.3301901011529734e-06
16,8.96150532355293e-05,0.08291629110621153,1.192693152001488e-06,2.714367376800321e-06,0.1719590196027725,8.146254532492867e-05,0.0013290968409929147,0.0001333953766413199,0.01690195972849186,4.513717900932948e-08,0.7129316951483294,2.8193357622902364e-06,3.7885140140756876e-10,0.0007961757479951583,0.0006302701063702479,5.423175701961423e-05,2.622888806848727e-06,1.5124462664653074e-06,0.01205618595390882,1.5227103472130924e-07,5.705634567904478e-07,4.922834613151732e-05,1.437640386690559e-05,4.288104372683229e-05,2.4851570946858057e-06
17,5.3560231919995966e-05,0.05206344705924569,7.102278214972195e-07,3.213819971931546e-06,0.19716489564416315,5.036681604011069e-05,0.0009672677808493443,9.110749935268578e-05,0.008694069509086676,2.7032266272262954e-08,0.7347956516259524,2.548374724697902e-06,5.195917029433353e-10,0.0011967806756938806,0.00028490463134324623,3.0623747645961296e-05,4.215178603704871e-06,1.1681725748896278e-06,0.004496232138228329,2.1273090455013628e-07,5.010099849930479e-07,3.5887421066427667e-05,2.527212883799457e-05,3.484908232865686e-05,2.486941801132146e-06
18,0.00017446039107253935,0.08394567926883346,1.017925703366382e-06,2.648598314538053e-06,0.3343653024985152,8.779725777327416e-05,0.0013020953603048826,6.809363816289491e-05,0.01395105143652626,4.8677559080458365e-08,0.5580842073207889,2.2356366880211194e-06,6.944966587741234e-10,0.0014454626199973896,0.00042003527295274577,3.0241941856703666e-05,7.928462759622945e-06,3.5710969400703316e-06,0.006010566004339783,2.0833859120002386e-07,6.139788098524731e-07,3.9791962606742105e-05,1.8082903617049425e-05,3.169184258586876e-05,7.166870203806116e-06
19,8.858502441426567e-05,0.08881906214426319,1.7974838260192252e-06,3.521293355662921e-06,0.16332255823228856,6.247388045202673e-05,0.002142048461904047,0.0001502951311925745,0.021802737181552363,3.740343963718087e-08,0.711786846572167,4.905602011134183e-06,4.5746393953679423e-10,0.0007144912505184338,0.0006729337077281552,5.6346766446080504e-05,1.9473967519424423e-06,1.1217962859577107e-06,0.010262959240644697,1.1888503614145128e-07,5.572395638003055e-07,4.936938717164895e-05,1.3341794797008249e-05,3.937873933304819e-05,2.564927392686234e-06
20,4.998459057828219e-05,0.04478360973240755,1.1939522229627296e-06,2.387662336156037e-06,0.09709123249336556,6.159784404951885e-05,0.0010863757664749548,0.00022035876315677292,0.014614532798466404,2.4742276718364033e-08,0.8299379583858535,2.4395336347267224e-06,2.3855209070056255e-10,0.0004727493622689007,0.0010547262318065817,5.970520914754036e-05,1.6604118481284987e-06,1.0459790548342248e-06,0.010457380217263713,9.310018007600422e-08,4.1591671339906265e-07,6.172323767213613e-05,8.547972087702534e-06,2.8767795054282458e-05,1.4880635275010125e-06
21,9.594343108137757e-05,0.06774877954865687,1.3220383822934335e-06,2.3111714953983186e-06,0.1837736306554177,9.097873230044912e-05,0.0010762815837031957,0.00010296554677208505,0.01733838723828735,3.191931143530974e-08,0.7181889339339825,2.1577484928656866e-06,3.932398212454034e-10,0.0006705204284260984,0.0005468475895490829,4.5453080566980374e-05,2.5800587208496476e-06,1.37095200375823e-06,0.01021647758147698,1.437390928206635e-07,4.2423205167739915e-07,3.454294611062637e-05,1.3182692301348354e-05,4.4402584133756325e-05,2.3301744428029914e-06
22,0.0001492982725694168,0.04396857307139923,1.1622710416825586e-06,1.8010065954091608e-06,0.16640109611168555,0.00011205394408235029,0.0005401917687626006,7.840870009574755e-05,0.016064924783215504,2.6716335619009183e-08,0.7624700800850744,1.1758910970804409e-06,3.888673714081774e-10,0.0005658337759933942,0.0005207967598368021,4.0653926295018965e-05,5.041048437151093e-06,3.442657639007561e-06,0.008970281115459998,1.4181848767091958e-07,4.0698897889622234e-07,4.483026182278153e-05,9.021250825947501e-06,4.8210749573978165e-05,2.546635827407006e-06
23,9.59284162565504e-05,0.06773080242336083,1.3219716804486513e-06,2.3103892654971286e-06,0.18379748195930165,9.09785959583938e-05,0.0010761325129447614,0.00010293123779148057,0.017334292632442454,3.190890505492693e-08,0.7181887978079485,2.1568594219395617e-06,3.931988982942328e-10,0.0006702447440914549,0.0005468269969592535,4.543366145582579e-05,2.5804162289061274e-06,1.3705452514908126e-06,0.01021535932027056,1.4372275492629308e-07,4.241924216422429e-07,3.453421192919958e-05,1.3184493723826421e-05,4.4400396335345065e-05,2.3301901011529734e-06
24,0.00011499102152437358,0.11462738719649934,1.1463062224055455e-06,4.005353456088333e-06,0.19237710797204777,9.755309225577575e-05,0.0010805943727229326,0.00010836865364238551,0.01719212679033713,5.7464342264546595e-08,0.6622856420584929,2.8817350525462845e-06,4.880258207482778e-10,0.0015091723243349047,0.0003958945185307,5.202834749621364e-05,3.441397644248954e-06,2.0168634267628495e-06,0.010029189115982242,2.5588464419758097e-07,5.288476777926313e-07,4.032687773392251e-05,1.964584088049319e-05,5.274525420590679e-05,2.8922228210464057e-06
25,0.00024624979642902644,0.12193999239989509,2.0203499698977938e-06,1.910765766131782e-06,0.30710379296086043,0.00015625100073614077,0.0011522144410306531,6.294386740922469e-05,0.0347588946514314,4.401961611139974e-08,0.5154829722121572,2.1788569439432896e-06,7.353184754653849e-10,0.0005091184602107148,0.0009344437493764552,5.3355673183506037e-05,4.467652710120642e-06,2.159341749436245e-06,0.017472518331648364,1.8142089766759674e-07,5.018064308838624e-07,3.858342450654834e-05,1.2153049356398648e-05,5.789845102033381e-05,5.152581345858768e-06
26,0.00024227353508210435,0.04700927336641511,1.848978952327497e-06,1.5197573469457331e-06,0.22925537686949377,0.00014994671996039542,0.00045215199989364106,3.4248707154986574e-05,0.021975996976242043,2.295787342132161e-08,0.6870765043056799,1.3561304344785508e-06,9.66130388071606e-10,0.00033339932302844493,0.00021401520527552161,2.9647706698226108e-05,5.016433582621711e-06,2.248727406503391e-06,0.013013018020032385,2.2429540276712371e-07,3.902300452711656e-07,2.0521495682727647e-05,1.785335107309609e-05,0.000161099830596157,2.044110516698945e-06
27,7.129439629918767e-05,0.05409217053352754,1.0800356761190685e-06,2.194337199934197e-06,0.13687681855385245,8.407776092760604e-05,0.0008515743862691357,0.0001226982675018928,0.017435253786348744,2.573142280704412e-08,0.7782535088098357,1.9339937699962554e-06,3.1359760929526035e-10,0.0005495557619995324,0.0006794825145675678,5.3065367780764205e-05,2.3170502348709243e-06,1.2841330097806786e-06,0.010820524821307726,1.1952910518325475e-07,3.9729161244539523e-07,4.710332021936979e-05,1.0282921284801727e-05,4.1551148008995904e-05,1.685234640198521e-06
28,9.59284162565504e-05,0.06773080242336083,1.3219716804486513e-06,2.3103892654971286e-06,0.18379748195930165,9.09785959583938e-05,0.0010761325129447614,0.00010293123779148057,0.017334292632442454,3.190890505492693e-08,0.7181887978079485,2.1568594219395617e-06,3.931988982942328e-10,0.0006702447440914549,0.0005468269969592535,4.543366145582579e-05,2.5804162289061274e-06,1.3705452514908126e-06,0.01021535932027056,1.4372275492629308e-07,4.241924216422429e-07,3.453421192919958e-05,1.3184493723826421e-05,4.4400396335345065e-05,2.3301901011529734e-06
29,9.59284162565504e-05,0.06773080242336083,1.3219716804486513e-06,2.3103892654971286e-06,0.18379748195930165,9.09785959583938e-05,0.0010761325129447614,0.00010293123779148057,0.017334292632442454,3.190890505492693e-08,0.7181887978079485,2.1568594219395617e-06,3.931988982942328e-10,0.0006702447440914549,0.0005468269969592535,4.543366145582579e-05,2.5804162289061274e-06,1.3705452514908126e-06,0.01021535932027056,1.4372275492629308e-07,4.241924216422429e-07,3.453421192919958e-05,1.3184493723826421e-05,4.4400396335345065e-05,2.3301901011529734e-06
30,9.59284162565504e-05,0.06773080242336083,1.3219716804486513e-06,2.3103892654971286e-06,0.18379748195930165,9.09785959583938e-05,0.0010761325129447614,0.00010293123779148057,0.017334292632442454,3.190890505492693e-08,0.7181887978079485,2.1568594219395617e-06,3.931988982942328e-10,0.0006702447440914549,0.0005468269969592535,4.543366145582579e-05,2.5804162289061274e-06,1.3705452514908126e-06,0.01021535932027056,1.4372275492629308e-07,4.241924216422429e-07,3.453421192919958e-05,1.3184493723826421e-05,4.4400396335345065e-05,2.3301901011529734e-06
31,0.00021940083561656414,0.09744079497646561,3.299755481574137e-06,2.984610420278181e-06,0.1959229760389786,8.617870749196615e-05,0.0022869766012038177,0.00025022563296023655,0.017099690730963166,8.029154592757464e-08,0.6690205655022432,3.712493344456493e-06,5.187828697155901e-10,0.0009313627500089976,0.0005280242615059481,4.890635888059586e-05,2.57714566970913e-06,2.2566387041126197e-06,0.016037817199886197,2.2266788268175992e-07,5.644536851717531e-07,3.64690804553786e-05,1.8777445598592994e-05,5.279612060021677e-05,3.339181624057509e-06
32,0.00010826920935391821,0.07147958896429965,1.4225874523595826e-06,2.1761824585504483e-06,0.17774862228266566,9.748405854637508e-05,0.0010931864488158266,0.00011079907879680646,0.018461659480514134,3.480148348518843e-08,0.7163720680185288,2.2735049763339272e-06,4.3307373670479585e-10,0.0006344557655503077,0.0005879013822317249,4.74724804329896e-05,2.68473780183008e-06,1.4676787240352625e-06,0.013144481890377339,1.4702250667278513e-07,4.624050431649013e-07,3.815164953731402e-05,1.2848049432160396e-05,5.0028626571939945e-05,2.3132608248184855e-06
33,8.158626353477935e-05,0.06144644245691366,1.1658797810143061e-06,2.487171961864457e-06,0.17361984459124333,9.272936466666382e-05,0.0009870818956355927,0.00010865421178791202,0.01501118819042232,3.424897810051019e-08,0.7373599379544235,2.0828870123923083e-06,4.1950252879374355e-10,0.0007578107625219484,0.0004657574930379673,4.7891983177961834e-05,2.9534207006580236e-06,1.386546060171884e-06,0.009909404683545047,1.6283977444995583e-07,4.555104726129424e-07,3.710331048892002e-05,1.4963237369712884e-05,4.677291082980288e-05,2.101766157149994e-06
34,4.005038877252184e-05,0.051912591601159255,8.217415705198833e-07,3.6083094607040346e-06,0.18110593745822656,7.748117718867125e-05,0.0010725663194815548,0.00010522696560041451,0.008231351036998489,4.436163103938487e-08,0.7515023190923776,1.5825610687657196e-06,2.4424328108787543e-10,0.0010282787341416512,0.0004235751036956971,4.8595176974238566e-05,2.7340228896315426e-06,1.060341595048601e-06,0.004351725116353495,1.9212694652586172e-07,3.9888616172112747e-07,3.248938999007234e-05,2.4453363948146053e-05,3.058676219214039e-05,2.3297173322333615e-06
35,0.0010099087139667253,0.09626937399344504,4.692670239600311e-06,2.7782434776017957e-06,0.1904745899042389,7.915230563381599e-05,0.002901383598243173,0.0002856173124667903,0.06028692378279502,5.3273382859093366e-08,0.6242884314350302,6.009820664168025e-06,5.936015832191384e-10,0.0005661329231207388,0.0006527148718693009,5.644001621367667e-05,2.9338248811469654e-06,1.136928692007696e-05,0.022947870020270003,9.14557380410199e-08,6.513993590598249e-07,7.06117304098913e-05,5.597225191094258e-06,7.237223776471958e-05,4.299361076665258e-06
36,0.00013363494016637332,0.06360716346164833,1.913718611244059e-06,2.7876768074852345e-06,0.12773980269818916,5.1530080606973675e-05,0.0020843517833015537,0.0004690876709761867,0.025954914874682333,2.742692488500176e-08,0.7561023555718515,9.785200081311508e-06,1.1081867439926377e-09,0.0007765586709447478,0.0011184951265861666,0.00012474536896252243,2.840406462886101e-06,1.4783044891550155e-06,0.021682001289637987,1.54303927504348e-07,5.50209621118652e-07,8.999141633240278e-05,6.2809469081476e-06,3.725703735794425e-05,2.290706735546687e-06
37,0.00019448850314493987,0.07735765413475784,1.8887879849767851e-06,2.510577000533858e-06,0.18529345634896965,8.575304877768293e-05,0.0012815056419411448,8.893648465394239e-05,0.017180505873055106,4.6646551876846886e-08,0.7058283922321948,2.578599448395827e-06,4.455262192369061e-10,0.0006816093966185219,0.0003530554025518111,3.447810729133492e-05,2.7699085536259073e-06,2.3179534271726908e-06,0.011482580054661374,1.5779363060942729e-07,4.202651661606405e-07,3.3307069325456865e-05,1.7284142893846677e-05,7.149700247475437e-05,2.805579398018948e-06
38,0.00024912397088919377,0.08549160175891585,2.775384194151474e-06,1.1504016873769029e-06,0.2717703345008287,0.0001985268086053814,0.0016143927723505048,8.435752821962258e-05,0.032896429971663185,4.3366265713061995e-08,0.5839304570457983,1.712503530957229e-06,4.735432203201224e-10,0.00039164722123605797,0.001113053810451753,6.864521021160687e-05,1.5346405757998816e-06,1.5755087356689898e-06,0.022089827884490952,1.0007884742850501e-07,3.099667337847182e-07,2.2426240560130638e-05,6.996189132080843e-06,5.9731608132923835e-05,3.245154399424815e-06
39,6.31348951324614e-05,0.0229086131184857,2.089391752132943e-06,1.533099714438301e-06,0.12515486124873162,0.00021016461907631307,0.0007656081650107692,0.00020205719586015398,0.01789098070258419,2.7082567072645065e-08,0.8081848677665289,1.5054971178278496e-06,6.857511258777576e-10,0.00023866228429269133,0.0008770987367415175,9.906637116266818e-05,3.6850351573215695e-06,1.1944398996605275e-06,0.02327463105498106,1.318626252473762e-07,7.254253697309236e-07,4.468602361258126e-05,9.158564789690872e-06,6.426043510233013e-05,1.2562979530392458e-06
40,0.0001525579144763882,0.0987105173947372,2.3577333199900428e-06,1.8615678213346817e-06,0.20078853810029998,9.369490046698237e-05,0.0016526823427823265,8.430994571001202e-05,0.03056535586773957,2.3504754303468974e-08,0.6539687583404941,3.6841271220533833e-06,5.641834358201747e-10,0.0006038896583394119,0.0009791868883106507,3.5422898520010654e-05,1.7578360724101737e-06,1.1322220858227586e-06,0.012273412856199909,8.570715520732526e-08,3.936725645221176e-07,3.162383863942703e-05,8.549033279480285e-06,3.630277993651507e-05,3.90030498893365e-06
41,0.00018023305913475316,0.049123734744325534,1.7346384642548371e-06,7.345360688912194e-07,0.5638241420265807,6.672131147437764e-05,0.001200219631487293,5.2874628239402235e-05,0.04285374182314068,8.35511264299776e-09,0.3373065396289933,1.130291174776931e-06,5.273502833067424e-10,0.00019059982670757028,0.0010327577231862165,5.8842315481343574e-05,1.1992189455578928e-06,7.780985405805242e-07,0.004071479100486385,9.88090634518792e-08,1.2897076003618543e-07,7.904295144279258e-06,2.6927006676703944e-06,1.905540069777514e-05,2.6483387722364096e-06
42,4.52863838131569e-05,0.034613207792235666,1.3973255616811913e-06,2.2713222540868393e-06,0.061304125709645184,0.00011250548533248521,0.0007406915054148829,0.0003582057534801372,0.017329168450807057,3.7234652291219394e-08,0.8474800804607101,2.860923574992332e-06,4.788862549578823e-10,0.0002845931316602871,0.0011222474986934455,0.00015436041963566262,2.5333131487554287e-06,1.0732372276536913e-06,0.03626141616035675,1.4135550746427061e-07,6.898903603182483e-07,0.00010828784784976646,8.716184131099043e-06,6.527250601266269e-05,8.296290481966848e-07
43,6.942580185638139e-05,0.08609407964876108,1.2529800585756673e-06,3.2667164773337826e-06,0.17353469097993166,0.00026650220122551385,0.0009982014239242288,0.00020956990357440757,0.01622920889990536,1.9026846177144322e-07,0.6931518916012568,1.4306649539580497e-06,4.803208004277203e-10,0.0009349408633940385,0.0007829486833424417,0.0001268475895124391,6.671525440143702e-06,2.9121581083750763e-06,0.0273772428771406,3.5334841011852397e-07,1.392224083990239e-06,0.00010564755134627128,2.6231013495410054e-05,7.270599162507901e-05,2.394603393067335e-06
44,9.59284162565504e-05,0.06773080242336083,1.3219716804486513e-06,2.3103892654971286e-06,0.18379748195930165,9.09785959583938e-05,0.0010761325129447614,0.00010293123779148057,0.017334292632442454,3.190890505492693e-08,0.7181887978079485,2.1568594219395617e-06,3.931988982942328e-10,0.0006702447440914549,0.0005468269969592535,4.543366145582579e-05,2.5804162289061274e-06,1.3705452514908126e-06,0.01021535932027056,1.4372275492629308e-07,4.241924216422429e-07,3.453421192919958e-05,1.3184493723826421e-05,4.4400396335345065e-05,2.3301901011529734e-06
45,7.101516011592663e-05,0.040670078466390425,1.4419702104610308e-06,1.8320113855705878e-06,0.13860156346062866,8.652199997199587e-05,0.0010656873903429336,0.0001541321042224243,0.017147393165717003,2.3017791406917375e-08,0.7898433051626446,1.9213524556701042e-06,3.2192793482393967e-10,0.00039163281202121437,0.0008587087451911123,6.713436381485677e-05,1.6568917262709244e-06,1.0365772505100682e-06,0.01095199980140124,1.0411606702948626e-07,3.086546603829728e-07,3.520703344053883e-05,7.718085961701075e-06,3.8035525929877534e-05,1.541808730589387e-06
46,3.5753014623685436e-05,0.020729967809812528,7.217009149369511e-07,3.489674677864066e-06,0.08907612697016441,0.00014515647154033132,0.00024729050952293865,8.421756597496443e-05,0.007035377097636932,2.13864685957491e-08,0.8724673044759491,1.33415237568134e-06,1.0151264443733662e-09,0.0006373384322848386,0.0003185102656654082,4.821785014154051e-05,1.775708391959825e-05,1.6044686152118576e-06,0.008967736853231297,3.141609756975777e-07,8.779752740511786e-07,8.191528425963035e-05,2.550719898747773e-05,7.184559804979583e-05,1.6129838067792343e-06
47,0.00031242244607948376,0.10253975700891547,2.192927146156092e-06,2.0927371553979506e-06,0.2512657264072584,9.887341576554923e-05,0.0015772175087080446,0.0001253706063554322,0.03885561306402229,4.2038145216536607e-08,0.5763937152249095,5.3230533248632295e-06,1.368137756775385e-09,0.0004816835857779869,0.0009785055230419652,0.00010562506939042124,4.911706912034697e-06,2.332265078618206e-06,0.027088825937219556,2.0478084597107328e-07,6.245568533064858e-07,6.884524951594001e-05,9.58357924661517e-06,7.64201154792166e-05,4.089824714690394e-06
48,8.473507627879968e-05,0.11265494049204483,1.1270695987441987e-06,1.9648438391838728e-06,0.13422940498026795,0.0001739360842333676,0.0008781530660872616,0.00011418597214325331,0.013227180662430229,9.111333104208895e-08,0.6908490451024869,1.8821749448166335e-06,5.127415096277012e-10,0.0008357859729930723,0.0003446089464163247,5.1035026177312917e-05,4.0113551103955545e-06,1.236738723132042e-06,0.046362798013287715,2.4883018679735507e-07,7.611799216697969e-07,5.1802790298588246e-05,2.4445408909349934e-05,0.00010511801086222475,1.50057668552253e-06
49,9.234488166528636e-05,0.06517410338255,1.7163049331601572e-06,3.1132086107788754e-06,0.13585945499694824,0.00010244336964890146,0.0010488103377319393,0.00010442986105517668,0.016964315582374788,3.5514747281987736e-08,0.769225504090051,2.8296169170821595e-06,4.481927758407576e-10,0.0007598238911014842,0.0005241644381736531,4.1996864107589934e-05,2.5676793984312524e-06,1.4501931344740765e-06,0.009979537887462468,1.3813118068297963e-07,4.947897432099307e-07,4.020568714184303e-05,1.659589620344781e-05,5.13550361089102e-05,2.5679108175140657e-06
50,0.00012898504193476203,0.11009076958592155,2.1728260482939164e-06,2.5461534924178995e-06,0.29046658929598473,5.882185476108791e-05,0.006190053458872841,0.0002858466020972249,0.0088482908242652,1.5564241803982401e-07,0.5700764201795984,4.406127110777911e-06,4.4279882969959723e-10,0.0014514066596574963,0.0006063983630654517,4.7702040681288835e-05,1.9912036986674617e-06,1.4244885185751122e-06,0.011641291991930456,1.9686200357032625e-07,5.729790853075075e-07,3.476348413135906e-05,2.5947476292575686e-05,2.791939426756538e-05,5.327021363718198e-06
51,8.679603342046906e-05,0.049646126821525,1.2730536905398493e-06,1.842944803270463e-06,0.2116434703413672,9.850563014431114e-05,0.0010152693040603356,9.136036174563844e-05,0.01583451902142923,2.7627840627106136e-08,0.7111387168588367,1.7543045353773736e-06,4.4836904879563974e-10,0.000534328540915562,0.0005217790636413027,4.8319447950623185e-05,2.672801994958672e-06,1.2004055632788004e-06,0.009242910465361591,1.4402685293400734e-07,3.8904946505491216e-07,2.794104902012438e-05,1.303334104744471e-05,4.5425293226211114e-05,2.1937631932620837e-06
52,0.00010105794742868865,0.0619992648518464,1.2832359463659426e-06,2.144452470636893e-06,0.18108417053977216,0.00010155387886324833,0.0009550469212376328,9.917314105201872e-05,0.017771544273365428,3.1272218707802615e-08,0.7264083591432949,1.847321188829127e-06,3.778073961657566e-10,0.0006603921465685889,0.0005700348693204771,4.661159103339769e-05,2.6603629775572916e-06,1.6019431895446891e-06,0.01009982921948795,1.367802558612298e-07,3.9917422091110877e-07,3.475867591146598e-05,1.1720732530444912e-05,4.4048342698514974e-05,2.328805312751716e-06
53,3.217692891815392e-05,0.03763983360305305,1.0115168235960998e-06,1.723879050635726e-06,0.22295417303822795,2.9331308809821797e-05,0.0032330749795297796,0.0001388734225014328,0.00845249109885028,2.2105700126568007e-08,0.7227821571918801,2.462635753998851e-06,1.8734658727186431e-10,0.00044425763120202585,0.0005552489555498205,3.29633190921045e-05,7.191391921984895e-07,3.809003691098689e-07,0.0036469391732276086,7.143310759713166e-08,2.4245315027905823e-07,1.8160930309998097e-05,1.3677067532228561e-05,1.829257160872996e-05,1.7145292127740741e-06
54,0.00024383528393226369,0.2804573638810695,1.6963238303653376e-06,2.5130689742178196e-06,0.2755119461166533,8.69349073077135e-05,0.0020276814385666478,7.802508990170897e-05,0.027798150501866972,6.765116965776814e-08,0.39903347305479697,3.5262925281044443e-06,3.5179386924827315e-10,0.0012697599560917306,0.0011408355039205685,4.720432550447442e-05,1.616504898666007e-06,1.4984244769639171e-06,0.01221667575697699,1.585751022083327e-07,3.21119891912946e-07,3.0155572096700662e-05,1.1357026443334283e-05,2.8038506893969705e-05,7.164765311308218e-06
55,0.0005068121610009228,0.10827883944526986,3.693645324356759e-06,3.181020593925978e-06,0.19382427628763194,9.14917196186204e-05,0.0020165998306509816,9.522583691511059e-05,0.12103184583259728,1.7505668583678957e-08,0.5541739762886226,1.0688132402054876e-05,1.5387122398693503e-09,0.00038413754911800004,0.0007432636297601957,6.839246344765481e-05,1.7533855576613415e-06,3.121594703747546e-06,0.018625543256075773,7.987053744403206e-08,5.140779797464441e-07,3.772479448439047e-05,4.325163216458102e-06,9.087688803565665e-05,3.618082074709947e-06
56,0.00010411622056470828,0.06794890515043528,1.426109862487568e-06,2.4161935184419884e-06,0.18424687433469797,9.191263769163661e-05,0.0011301627553504572,0.00010326074940241985,0.018061222337074807,3.2367923144298793e-08,0.716082128280127,2.5478364469327966e-06,5.090422410665969e-10,0.0006899100809554204,0.0005404699012491551,4.523771658355743e-05,2.8172198355681473e-06,1.4249259491080021e-06,0.010843761701983475,1.5372028952158147e-07,4.619936967883148e-07,3.5888866741176185e-05,1.3686656939085217e-05,4.867088552103956e-05,2.5108481185428105e-06
57,0.00013681558873441762,0.09616245970140543,1.760789238188019e-06,2.938370318401709e-06,0.19610702157040452,8.492635600289218e-05,0.0015316840933025265,0.0001753430437811391,0.02592908397320587,4.4894768507363635e-08,0.6562366877226199,5.582540695743483e-06,1.1859608209695037e-09,0.0006825152005514778,0.0007610044022480672,8.52553081402283e-05,4.366290108425158e-06,1.4665842629214176e-06,0.021942301441572616,2.6028689015218694e-07,6.946584853663906e-07,6.562698937964178e-05,1.491092712683724e-05,6.428363432846116e-05,2.9644464673527304e-06
58,0.00010551045374823419,0.057650024953107795,1.393975587463262e-06,2.086014455751144e-06,0.16557625974380052,8.963740026131354e-05,0.0009810561984619833,8.902100444790976e-05,0.017412977253888205,2.6896657592424772e-08,0.7455336657655659,2.394095932502525e-06,4.732936082988169e-10,0.0005606596474678841,0.0004321837766664648,4.011620147915333e-05,2.344350369275816e-06,1.2988954280617956e-06,0.01141265689473731,1.324113900469897e-07,4.0008743539939524e-07,3.0766275917891084e-05,1.3456159188234612e-05,5.99463239646045e-05,1.9847467467091756e-06
59,9.236581848220504e-05,0.05521462465048491,1.4796058408708606e-06,2.0730828485449413e-06,0.15588598573964463,8.85043258568221e-05,0.0009536331633432409,9.209260960385066e-05,0.01691491644971029,2.6537403012265438e-08,0.7588359440749929,2.117645991622858e-06,3.8432559451212906e-10,0.00048303355158175624,0.0004712827049194783,4.158121018499506e-05,2.046295374737357e-06,1.1327392937018425e-06,0.010813972865137782,1.2792355957522533e-07,3.792905318567367e-07,3.0180723895937797e-05,1.333517812881545e-05,5.738783709725789e-05,1.7755917657753247e-06
60,9.59284162565504e-05,0.06773080242336083,1.3219716804486513e-06,2.3103892654971286e-06,0.18379748195930165,9.09785959583938e-05,0.0010761325129447614,0.00010293123779148057,0.017334292632442454,3.190890505492693e-08,0.7181887978079485,2.1568594219395617e-06,3.931988982942328e-10,0.0006702447440914549,0.0005468269969592535,4.543366145582579e-05,2.5804162289061274e-06,1.3705452514908126e-06,0.01021535932027056,1.4372275492629308e-07,4.241924216422429e-07,3.453421192919958e-05,1.3184493723826421e-05,4.4400396335345065e-05,2.3301901011529734e-06
61,9.845846861182182e-05,0.05832812859599485,1.5143761308580017e-06,2.1094056521099185e-06,0.16446813437860794,8.670892169844003e-05,0.0010465478292271877,9.541847862810988e-05,0.01726157265101805,2.829528481848502e-08,0.7464207180387633,2.320736063267763e-06,4.283252686284922e-10,0.0005128223023677525,0.00048705486175475946,4.100294814853467e-05,2.1855395395542616e-06,1.2109427414908332e-06,0.011039777328316238,1.3279083254575303e-07,4.0420182059022867e-07,3.1623021889616596e-05,1.3660015801044519e-05,5.6493733499226414e-05,1.9717092825288413e-06
62,9.59284162565504e-05,0.06773080242336083,1.3219716804486513e-06,2.3103892654971286e-06,0.18379748195930165,9.09785959583938e-05,0.0010761325129447614,0.00010293123779148057,0.017334292632442454,3.190890505492693e-08,0.7181887978079485,2.1568594219395617e-06,3.931988982942328e-10,0.0006702447440914549,0.0005468269969592535,4.543366145582579e-05,2.5804162289061274e-06,1.3705452514908126e-06,0.01021535932027056,1.4372275492629308e-07,4.241924216422429e-07,3.453421192919958e-05,1.3184493723826421e-05,4.4400396335345065e-05,2.3301901011529734e-06
63,0.00011092045366387594,0.0932182320987949,1.4339131154036224e-06,2.5748882359942933e-06,0.19810471181071407,9.392797680900382e-05,0.0011609726072193737,9.869499643201528e-05,0.018991246469692986,3.969940146620679e-08,0.6752681645623421,2.4046451085785904e-06,4.1961535676548946e-10,0.0007560340006998593,0.0005873314352082016,4.489686186586764e-05,2.792703497387371e-06,1.443774005362371e-06,0.011451399763833508,1.6787641901412795e-07,4.899233488631248e-07,3.7497401135027196e-05,1.5037875333034038e-05,4.682419566141706e-05,2.7596478475838003e-06
64,9.055362212741778e-05,0.07645208846491806,1.4049920666333667e-06,2.6803335444236356e-06,0.18288726236274486,0.00010323505208316375,0.001106782000977527,0.00010449369094913115,0.017775378652013982,3.908040622215396e-08,0.7089442578645707,2.3800928915479478e-06,4.4597669124296805e-10,0.0007466374138606455,0.0005553817490246676,4.572713164345339e-05,3.007614062562985e-06,1.4234924746964665e-06,0.01106894843499267,1.6002831910302697e-07,5.964179463483581e-07,4.0411145899978476e-05,1.635399552674757e-05,4.825163660067612e-05,2.5442843779417036e-06
65,4.472695692548221e-05,0.10366159429824257,1.6904628238566346e-06,5.033037066493286e-06,0.17174192274969902,9.37112564272124e-05,0.002852819363804112,0.000300518410330184,0.006017892681521888,1.8270301498098537e-07,0.7043029389526783,2.282623014483802e-06,1.9968668330479384e-10,0.0017762434892163522,0.0006482177033384094,4.8837563050880226e-05,2.3696158035751853e-06,1.1427033495125537e-06,0.008380694069039645,2.752398524721434e-07,8.318758434974025e-07,4.3192789744313296e-05,4.304769753774823e-05,2.6323519428972736e-05,3.5100385593371764e-06
66,7.889834214437664e-05,0.08206702063341678,1.1287564130616778e-06,3.0408677614142536e-06,0.142078130658811,7.096988980003269e-05,0.0011784239046656966,0.00013105366756552785,0.017611564983413583,2.959423142379382e-08,0.7455184547077269,2.996026327672016e-06,3.077487283403983e-10,0.0009433633712029519,0.0005846830684832777,4.602487282374719e-05,2.0167572225899783e-06,1.24267658368052e-06,0.009589406521312826,1.1862768282749642e-07,3.9498592551187605e-07,4.2384682945245535e-05,1.2153253256559121e-05,3.429274638975513e-05,2.2060961449164443e-06
67,1.042820584823577e-05,0.008823611155374023,4.0309457558214236e-07,5.032030553732868e-06,0.0703909713066976,0.00033129054677964097,0.0001082901711420564,2.9341472983681395e-05,0.0024135054654959576,2.5341264805000906e-08,0.9138196201949453,4.902473881126069e-07,7.019967733617457e-10,0.0017006221177179402,7.54142583006281e-05,2.9426115745951624e-05,8.4849021464107e-06,1.0335361630843962e-06,0.0020839025044046737,3.58512644024578e-07,4.832728420164488e-07,1.5931410435251602e-05,7.077151848226192e-05,7.94295553334191e-05,1.1323607387056056e-06
68,0.00010768204929734721,0.06919486735578614,1.603301731754549e-06,2.8098192556161655e-06,0.15807992196030982,9.012656171173534e-05,0.0010976717351063236,0.00010923358697554632,0.017845685000214884,3.455625253338388e-08,0.7420037865694283,2.579886411807755e-06,3.8876320448918383e-10,0.000735849720954616,0.00044681118360481747,4.116248866174701e-05,2.636283033962603e-06,1.5902906372905796e-06,0.010130342463976823,1.3733974312752622e-07,4.88850630749211e-07,3.762383529937522e-05,1.5370183876128554e-05,4.962484342445598e-05,2.359744911937097e-06
69,5.674723199816529e-05,0.05030807509358524,1.140274744482852e-06,2.2817853044016367e-06,0.14051876063595334,7.548364509266331e-05,0.0009437575532141351,9.755846541920878e-05,0.011969193470649994,2.677457453808771e-08,0.7864556032982284,1.9448713723730737e-06,2.932594098085554e-10,0.0005535456413603693,0.0004265980502414489,3.714109487054768e-05,1.8665795056474457e-06,8.751299040444056e-07,0.008456010013628312,1.2573201385299423e-07,4.140372255625437e-07,2.9296486976091927e-05,1.5921042962396328e-05,4.608239966052281e-05,1.550398254791296e-06
70,0.0001448667837057533,0.07332694781833461,1.9279821744094057e-06,3.0493146841518765e-06,0.21917896965494804,8.302017042825247e-05,0.0014871836542673356,0.0001621294394023561,0.0209211293726304,3.6772734913882285e-08,0.6750670289108359,2.9060940459217827e-06,5.05353040564399e-10,0.0009126549260083178,0.0006967371417533316,6.377176099833689e-05,2.8442738365357835e-06,1.9358041820321117e-06,0.007858232146268435,1.8528396743936938e-07,3.6995669947866753e-07,3.5726959635471174e-05,1.0889116228862218e-05,3.4094007441834166e-05,3.362149434989238e-06
71,9.78119856287391e-05,0.10553833934230702,9.7725972933831e-07,2.596354414656017e-06,0.3436417395541097,6.747147793484616e-05,0.0013395746288380672,9.514132224453229e-05,0.015284018095566143,5.0821591843141634e-08,0.5246547873189366,2.2950342887859842e-06,5.366574662762374e-10,0.0009109205421898087,0.0004728333997957406,5.329757373243527e-05,3.16837064025599e-06,1.1328501384870812e-06,0.007740289963108123,3.4640942669348845e-07,4.214459934971616e-07,2.652110671961153e-05,2.1793749487573982e-05,4.132075167472482e-05,3.150104845113798e-06
