,0,1,2,3,4,5,6,7,8,9,10,11,12,13,14,15,16,17,18,19,20,21,22,23,24
0,8.683906696735299e-06,4.5628104495310975e-05,0.020999712722937186,0.009127933995261458,0.017982391611295587,9.370332946284482e-06,4.310663749501316e-08,4.827251618281317e-10,2.933298773926055e-06,1.150836566609073e-05,0.94431198344229,1.0963525182391169e-07,1.535159359808335e-05,0.005835641317418409,5.3307975744188196e-05,1.1736908686878856e-07,8.865814466096512e-07,2.11920277425734e-07,7.32652102752293e-08,1.0241479508281687e-09,3.7881149073037706e-05,5.654697720875193e-07,5.2421633596652255e-08,0.001555605216408007,5.691206326262553e-09
1,1.2104637231627389e-05,5.22628235576476e-05,0.017374483665016132,0.009854936639481499,0.026343083245644265,3.3841474403720813e-06,3.645821223628429e-08,4.3784328951031356e-10,5.1707414553543304e-06,9.815753411024457e-06,0.9398435218939742,8.49702749995996e-08,1.334699307647892e-05,0.005032109545569624,3.4322817022393426e-05,9.254284119991229e-08,8.602607256332817e-07,2.1837721405562754e-07,4.580246235680812e-08,4.4273734013316414e-10,1.966023170501638e-05,4.350426926615626e-07,3.3892355545127165e-08,0.0013999825313462232,6.106708915309697e-09
2,1.0106501020951443e-05,4.51063512619224e-05,0.016888704298301006,0.008439248910299055,0.03250916621012413,2.7691348644529133e-06,4.487528667556638e-08,4.463227868440348e-10,4.809388612089437e-06,9.45567027503102e-06,0.9325479795546703,7.462929515074682e-08,1.0160492788272534e-05,0.007975820810001791,5.460294101112981e-05,5.7674371969129564e-08,6.201554985308177e-07,2.3399106261438667e-07,4.688472655361058e-08,7.462109033950528e-10,2.4729315401481896e-05,7.966286977892292e-07,5.7367448875521574e-08,0.001475394670108361,1.2352338232110638e-08
3,7.695680108494814e-06,4.081507132144773e-05,0.01430360765359533,0.008207215876114815,0.018859915511126486,2.7428404900586294e-06,2.7578153363354145e-08,2.714529782405759e-10,2.237973025868407e-06,5.231501029022434e-06,0.9520296069690457,9.38696057111527e-08,1.1259519750617726e-05,0.005516653305651661,3.0535767749761516e-05,5.004364234602428e-08,7.307905103311335e-07,2.0806569913459986e-07,2.9089141239040108e-08,3.269386541460417e-10,2.2258289246041712e-05,3.817818894187478e-07,3.247232590273999e-08,0.0009586644422668238,5.3101186757266925e-09
4,6.149989342456757e-06,3.9735686387172893e-05,0.011970864917563625,0.007235851527666901,0.017115206482110838,2.287225968453418e-06,2.3273880043495276e-08,2.23056024190093e-10,1.7381902592125746e-06,4.061720096276062e-06,0.9572359141211022,1.1175704627381607e-07,1.3476999994244442e-05,0.005619808410190254,2.1859921172614996e-05,4.2139736105815856e-08,7.02261717985637e-07,2.0783402511535148e-07,2.541724992238669e-08,2.8019054860076946e-10,1.9865324001664864e-05,3.322634197280667e-07,2.8220943611066472e-08,0.0007117013405297998,4.472349028770376e-09
5,1.0416392230711562e-05,2.903361130412671e-05,0.01432483847391132,0.012083078605398976,0.01738601909265934,2.2469110037515666e-06,2.8773004114194607e-08,2.8604862338330614e-10,2.3668008512297727e-06,6.768598850066165e-06,0.9479240865778171,1.0293628880464893e-07,1.1448748030127055e-05,0.006729271990742207,2.1551552100034236e-05,5.943443184557432e-08,9.080513858934378e-07,4.334134881518527e-07,2.0534290179436075e-08,4.41568404161013e-10,2.192656434935532e-05,3.4263832190413663e-07,3.692727832059042e-08,0.001445005823448524,6.821196997184338e-09
6,7.695680108494814e-06,4.081507132144773e-05,0.01430360765359533,0.008207215876114815,0.018859915511126486,2.7428404900586294e-06,2.7578153363354145e-08,2.714529782405759e-10,2.237973025868407e-06,5.231501029022434e-06,0.9520296069690457,9.38696057111527e-08,1.1259519750617726e-05,0.005516653305651661,3.0535767749761516e-05,5.004364234602428e-08,7.307905103311335e-07,2.0806569913459986e-07,2.9089141239040108e-08,3.269386541460417e-10,2.2258289246041712e-05,3.817818894187478e-07,3.247232590273999e-08,0.0009586644422668238,5.3101186757266925e-09
7,7.915113542936095e-06,4.083404992211041e-05,0.010520725319622747,0.010540970168276284,0.02461765230844051,3.823397898875218e-06,3.7360780944885134e-08,2.7372086249586185e-10,4.108642105138622e-06,8.143808713420955e-06,0.943350268815685,1.0287529648137055e-07,8.376323618190082e-06,0.00949203103101642,4.1997350907523096e-05,7.961111744416348e-08,9.562621156635666e-07,2.8785343779579476e-07,2.708495581845068e-08,5.075066678932613e-10,2.7376522546375575e-05,5.128377775835437e-07,6.838491055108247e-08,0.0013336921273018683,1.1968782571755982e-08
8,7.80290024725434e-06,2.5500660594660712e-05,0.013271905194134482,0.009983510679778283,0.020745622582424794,1.4373835969916208e-06,2.5711633678763775e-08,1.4589067516519255e-10,4.562605926005917e-06,9.566571068443052e-06,0.943286883770995,2.693761050180582e-08,3.639780433250321e-06,0.008223826431039782,5.450646659241327e-05,3.1492866949742065e-08,4.2671966128816367e-07,1.817892606407774e-07,1.121249852111272e-08,3.1702130839781645e-10,1.4357006511558106e-05,4.6848739736939474e-07,3.7540458273562576e-08,0.004365654545303669,1.306705422632703e-08
9,7.09439767023319e-06,1.9244303424407054e-05,0.020199149571381535,0.011756898645193626,0.014248644658159738,2.0696395405941978e-06,1.538541918629274e-08,2.3551984579472454e-10,2.6622333818486563e-06,8.167383849850957e-06,0.9443097398745622,3.9205226295262304e-08,7.023411459029444e-06,0.006531603356151544,3.161511232462373e-05,3.921715617541067e-08,6.902744879358689e-07,1.7319947680385385e-07,1.6854166031233215e-08,4.3235100900741357e-10,1.703878064929691e-05,4.289587137347789e-07,3.3803734680585266e-08,0.0028576067028934678,4.363106352614083e-09
10,7.695680108494814e-06,4.081507132144773e-05,0.01430360765359533,0.008207215876114815,0.018859915511126486,2.7428404900586294e-06,2.7578153363354145e-08,2.714529782405759e-10,2.237973025868407e-06,5.231501029022434e-06,0.9520296069690457,9.38696057111527e-08,1.1259519750617726e-05,0.005516653305651661,3.0535767749761516e-05,5.004364234602428e-08,7.307905103311335e-07,2.0806569913459986e-07,2.9089141239040108e-08,3.269386541460417e-10,2.2258289246041712e-05,3.817818894187478e-07,3.247232590273999e-08,0.0009586644422668238,5.3101186757266925e-09
11,7.307779897975444e-06,4.1962934244297276e-05,0.014196483096536807,0.008291138824473115,0.01806494915866728,2.786209891038807e-06,2.787246425435696e-08,2.9415269592625366e-10,2.1020037659538175e-06,4.871406866792544e-06,0.9530202244719547,1.0747922633743097e-07,1.3613622133965187e-05,0.0054543417607540445,2.7656689356791804e-05,5.17882234601906e-08,7.948164008820324e-07,2.126127241884087e-07,3.0479930111128615e-08,3.3003892788989283e-10,2.180223927860568e-05,3.784915391814593e-07,3.165859755777523e-08,0.0008491191576613917,4.821219680862947e-09
12,5.759990788510196e-06,8.282623949345691e-05,0.00982819030876371,0.006857275964131085,0.08523398161040646,3.659561146843122e-06,2.8661114930942583e-08,7.448919513191048e-11,1.8668615541552435e-06,3.0022769831063705e-06,0.8790592598195749,2.5994184589014857e-07,1.0271316239849407e-05,0.01845829617688349,1.727433269446905e-05,4.276428908311268e-08,4.2820144162760935e-07,6.373619474046216e-07,1.8492735957653667e-08,4.798860695953272e-10,2.626052174297795e-05,1.6389351534793457e-07,6.449986818704326e-08,0.00041040749757693284,2.3150886228494486e-08
13,6.858527599715908e-06,3.7213747090710027e-05,0.013008127080383874,0.007601574688268035,0.01738864978231094,2.4350246721455424e-06,2.420195947535975e-08,2.3785869461543336e-10,1.9453206664367023e-06,4.5009450078958795e-06,0.9558951616148617,8.749817686196206e-08,1.0663737987410857e-05,0.0051116657887285396,2.844413254941416e-05,4.455885810313978e-08,6.627853662951363e-07,1.8499126299058567e-07,2.6185653438715364e-08,2.8303243487381597e-10,2.0616083396056005e-05,3.396454388116358e-07,3.012418544428194e-08,0.000880738413415852,4.601268800890796e-09
14,2.8671192826641237e-06,7.948746352916149e-05,0.005667538764247924,0.0015714307630078908,0.01595478301651747,3.2227908923640377e-06,1.1642429449237304e-08,5.538071654795226e-11,3.6444550669005626e-07,1.0842345141559955e-06,0.9735022426349463,1.896929646909813e-07,1.5400022350023337e-05,0.003055088158193068,1.1720195361826339e-05,2.600127617125928e-08,2.4711760347502613e-07,7.238870499239035e-08,4.3877973040946366e-08,8.981322885486942e-11,1.6703404448561565e-05,1.0850540771708732e-07,1.0590804043481803e-08,0.00011735568428344193,1.3405611419971437e-09
15,7.695680108494814e-06,4.081507132144773e-05,0.01430360765359533,0.008207215876114815,0.018859915511126486,2.7428404900586294e-06,2.7578153363354145e-08,2.714529782405759e-10,2.237973025868407e-06,5.231501029022434e-06,0.9520296069690457,9.38696057111527e-08,1.1259519750617726e-05,0.005516653305651661,3.0535767749761516e-05,5.004364234602428e-08,7.307905103311335e-07,2.0806569913459986e-07,2.9089141239040108e-08,3.269386541460417e-10,2.2258289246041712e-05,3.817818894187478e-07,3.247232590273999e-08,0.0009586644422668238,5.3101186757266925e-09
16,7.789199072877687e-06,3.652881563435638e-05,0.01265033963973995,0.008996473410702418,0.01704955611438693,2.502013812037653e-06,2.8590148345897892e-08,2.2689298737226744e-10,1.814943231137322e-06,6.4857161226460086e-06,0.9531594262550961,1.2162799041021917e-07,1.0029983851516239e-05,0.007039621260219195,2.5752684803625546e-05,4.922021078143391e-08,7.90006136769312e-07,3.260045358333939e-07,2.3426703962041813e-08,3.6508908308396627e-10,3.155055790012884e-05,4.113835445430348e-07,3.311676767844949e-08,0.0009803385243712338,6.9130354919087055e-09
17,8.922725193270401e-06,4.187878567737033e-05,0.013123752593699715,0.008633224917939667,0.01804329914509256,2.257885456032973e-06,2.7838744637542376e-08,2.988002972746841e-10,1.8582770144626785e-06,4.798149031324274e-06,0.9515303732950037,1.743922487995984e-07,1.5228469163382806e-05,0.007793440208342804,1.996807595346603e-05,4.6534190860838545e-08,1.007145121296698e-06,4.1442362633980405e-07,2.8707872523699574e-08,4.102961961564636e-10,2.770622496290579e-05,4.5993046720827885e-07,4.14368801623197e-08,0.0007510824368041822,7.692416770340638e-09
18,1.573257460793877e-05,7.154086870212613e-05,0.0082800930907521,0.007094678598256524,0.014531558474234842,3.022170987841034e-06,5.1351315559620314e-08,3.5067972047239056e-10,4.190539940785089e-06,9.969661828730006e-06,0.9550536659306169,3.082127570203811e-07,1.7415079873785495e-05,0.013899834656416336,2.1036125771306198e-05,6.931065251537271e-08,2.351174915552953e-06,9.732019084656197e-07,3.541649805267133e-08,6.231849572963069e-10,3.0054408598557438e-05,1.0393640392752612e-06,7.240395817591639e-08,0.0009622773849900214,2.9024512640659822e-08
19,6.731046529994041e-06,4.2101413892794064e-05,0.019889660078351173,0.010733763366776266,0.024412572437811895,2.3686664703136127e-06,3.127929010494129e-08,3.892547545675881e-10,2.0032311945614376e-06,4.616160898713434e-06,0.9385396587309134,1.2200778351985149e-07,1.6945113456392083e-05,0.005534398037658783,2.6958848580476014e-05,5.015808369139235e-08,7.389208260719106e-07,2.2160225463710782e-07,3.2166810898549086e-08,3.439467981302018e-10,2.236519147573113e-05,4.1645302515942247e-07,2.4576591068367577e-08,0.0007642158330922469,3.9450306141007185e-09
20,4.042954004764141e-06,2.7195134019416224e-05,0.012534732244054434,0.006550613334905579,0.013173258956831487,2.054075283482317e-06,3.188562074533872e-08,3.524443114094123e-10,1.3742378649791028e-06,3.716032194216705e-06,0.9635239573474031,4.822984011805943e-08,7.090603988243818e-06,0.003255378170085576,7.749651825673159e-05,3.3851523399762475e-08,4.100798165545005e-07,6.806221522020246e-08,3.274214030968475e-08,2.4360721517506606e-10,2.9869002319431354e-05,5.475637648975641e-07,3.2164591862172605e-08,0.0008080129714397188,3.241784387133867e-09
21,7.089237911237667e-06,3.488711979098822e-05,0.010191787298216617,0.007298336857257286,0.019379882100089504,1.771128892586424e-06,1.5704745243856192e-08,1.4470052497945993e-10,1.5199615397749962e-06,5.470905633280019e-06,0.9563563545140827,1.0796777223428955e-07,9.039612385245401e-06,0.005848656229367258,1.570365740554733e-05,4.199844953041524e-08,5.350640886538737e-07,2.562949699678299e-07,1.9811161079551352e-08,2.58542213728058e-10,2.539678812328004e-05,2.458806946647393e-07,2.406729154245019e-08,0.0008228528013254193,4.595563499372556e-09
22,7.015340949940298e-06,2.0810527516113777e-05,0.014147809539088233,0.009341346476503871,0.009894098041026006,1.8091428955622937e-06,1.511548876690568e-08,2.104635950670215e-10,1.1175366289763998e-06,5.62880938685894e-06,0.9608506867245495,9.04119722722765e-08,9.125568835480275e-06,0.004662640722237323,1.8156241166909736e-05,4.3507959071477595e-08,8.975763138393926e-07,2.550059616060745e-07,1.7454430704486064e-08,2.5677318977207987e-10,2.4236866470391096e-05,3.2570871534176093e-07,2.0456555360028707e-08,0.0010138499132212161,2.844889961972032e-09
23,7.695680108494814e-06,4.081507132144773e-05,0.01430360765359533,0.008207215876114815,0.018859915511126486,2.7428404900586294e-06,2.7578153363354145e-08,2.714529782405759e-10,2.237973025868407e-06,5.231501029022434e-06,0.9520296069690457,9.38696057111527e-08,1.1259519750617726e-05,0.005516653305651661,3.0535767749761516e-05,5.004364234602428e-08,7.307905103311335e-07,2.0806569913459986e-07,2.9089141239040108e-08,3.269386541460417e-10,2.2258289246041712e-05,3.817818894187478e-07,3.247232590273999e-08,0.0009586644422668238,5.3101186757266925e-09
24,5.1864926281740654e-06,3.1614061847297336e-05,0.01071247605789452,0.009912597009072493,0.026683926446933254,1.839300190079801e-06,1.946653856641693e-08,1.8775733111247764e-10,1.6475904535388552e-06,3.546907637692167e-06,0.9444506981875116,1.2209505661878234e-07,1.3747227094444661e-05,0.007483168512078229,1.5512546701958687e-05,5.0123532264342256e-08,5.708617554852927e-07,2.601063814064144e-07,1.9111094116132375e-08,2.88270324165788e-10,1.7009373711228876e-05,2.2189830789678403e-07,3.036070769420222e-08,0.0006657315638456015,4.222997853635335e-09
25,5.809213205449145e-06,1.6196006835557523e-05,0.010515281574527325,0.008733113748648363,0.012180534254378305,8.756705707866139e-07,2.1904330785439155e-08,3.4411080718035176e-10,8.753701095373645e-07,2.630260723221436e-06,0.9652895955149329,6.843635382925048e-08,1.2308375893952646e-05,0.002681822265671049,1.9516837555672872e-05,3.7578576779143983e-08,4.531490735664709e-07,1.5996567614560248e-07,2.2584981871933367e-08,1.8929653771524198e-10,1.8663113475908067e-05,2.311056540656287e-07,2.0365455234422165e-08,0.000521760313951836,1.8560103700144704e-09
26,1.2825680236847392e-05,3.673685691447218e-05,0.012920178593460434,0.011092889894770763,0.018766716114709245,2.656923462583407e-06,1.96204357077311e-08,3.1879053795041826e-10,5.928428295478083e-06,4.504761736543009e-06,0.9508559756033493,4.905331713452795e-08,9.169263996511478e-06,0.003805041763779488,2.9337007329563094e-05,5.470132405318057e-08,9.310973927771555e-07,1.7168803196929437e-07,1.9438734995918354e-08,3.216277127897148e-10,1.192426264847812e-05,2.3734895213851125e-07,5.7977594906414696e-08,0.002444567603010321,5.676097887230868e-09
27,7.246769951352729e-06,4.568390939755755e-05,0.012148753954344895,0.007127445985460375,0.020123928806852813,3.04442512999494e-06,4.170297315485525e-08,3.238017104122879e-10,4.9453091553974645e-06,8.270461379969248e-06,0.9525096229215668,6.510530759924552e-08,8.856834372047216e-06,0.00637603497271864,5.8975163641793255e-05,5.4840044494730326e-08,7.382439077259509e-07,1.4871406772430112e-07,3.3660534387371596e-08,4.5660051727330804e-10,1.9216338542844163e-05,7.466271077327127e-07,4.4149405164356996e-08,0.001556091289116559,9.034618551437759e-09
28,7.695680108494814e-06,4.081507132144773e-05,0.01430360765359533,0.008207215876114815,0.018859915511126486,2.7428404900586294e-06,2.7578153363354145e-08,2.714529782405759e-10,2.237973025868407e-06,5.231501029022434e-06,0.9520296069690457,9.38696057111527e-08,1.1259519750617726e-05,0.005516653305651661,3.0535767749761516e-05,5.004364234602428e-08,7.307905103311335e-07,2.0806569913459986e-07,2.9089141239040108e-08,3.269386541460417e-10,2.2258289246041712e-05,3.817818894187478e-07,3.247232590273999e-08,0.0009586644422668238,5.3101186757266925e-09
29,7.695680108494814e-06,4.081507132144773e-05,0.01430360765359533,0.008207215876114815,0.018859915511126486,2.7428404900586294e-06,2.7578153363354145e-08,2.714529782405759e-10,2.237973025868407e-06,5.231501029022434e-06,0.9520296069690457,9.38696057111527e-08,1.1259519750617726e-05,0.005516653305651661,3.0535767749761516e-05,5.004364234602428e-08,7.307905103311335e-07,2.0806569913459986e-07,2.9089141239040108e-08,3.269386541460417e-10,2.2258289246041712e-05,3.817818894187478e-07,3.247232590273999e-08,0.0009586644422668238,5.3101186757266925e-09
30,7.695680108494814e-06,4.081507132144773e-05,0.01430360765359533,0.008207215876114815,0.018859915511126486,2.7428404900586294e-06,2.7578153363354145e-08,2.714529782405759e-10,2.237973025868407e-06,5.231501029022434e-06,0.9520296069690457,9.38696057111527e-08,1.1259519750617726e-05,0.005516653305651661,3.0535767749761516e-05,5.004364234602428e-08,7.307905103311335e-07,2.0806569913459986e-07,2.9089141239040108e-08,3.269386541460417e-10,2.2258289246041712e-05,3.817818894187478e-07,3.247232590273999e-08,0.0009586644422668238,5.3101186757266925e-09
31,2.2473623764642697e-05,5.970800988985768e-05,0.03624613255204514,0.011019168594232619,0.02672617486774132,2.4340781431703118e-06,3.65548768097015e-08,7.689068385055412e-10,2.247877989324201e-06,6.555250571530732e-06,0.9188852652968142,2.054006774773314e-07,2.2280675943062614e-05,0.0059767961900220766,2.433879450191169e-05,5.431665891015947e-08,1.1392239410343232e-06,6.245927083544241e-07,6.624724287768188e-08,6.470710999850016e-10,3.696233279555853e-05,6.08077945869887e-07,3.748095583182966e-08,0.0009666798620037269,8.6825564939269e-09
32,7.595776019639126e-06,4.2918559647489306e-05,0.014712404209402728,0.007331290227244825,0.019922018338385444,2.8876365830154638e-06,2.9431597806791728e-08,3.0549128068636553e-10,2.116823251849009e-06,5.071931669018747e-06,0.9516346036351901,1.0290584453533557e-07,1.2294810828085308e-05,0.005429363895392353,3.293258229021469e-05,5.2485988288402047e-08,6.980275295885868e-07,1.979844843829569e-07,3.8077850830949814e-08,3.663719616989371e-10,2.3583354942818983e-05,4.296179680975234e-07,3.429480801982075e-08,0.0008393293791966648,5.342020843827159e-09
33,7.679199852709745e-06,4.035584555234082e-05,0.014392520559693216,0.008081272262521642,0.01963295264053569,2.698692613575163e-06,2.6776853493042223e-08,2.6015760208980334e-10,2.2238739711136093e-06,5.120725529516151e-06,0.9515047487836878,8.570343161538362e-08,1.0217058781964111e-05,0.005270757015367263,3.253469840365496e-05,4.793310051107226e-08,6.596025021849616e-07,1.9318089315315827e-07,2.8768969182614243e-08,3.1879702431757755e-10,2.283413084929561e-05,3.6055920780664115e-07,3.3031717826818863e-08,0.0009926430440299163,5.3329797313055435e-09
34,6.890619134296682e-06,4.030297980799361e-05,0.015727124808500657,0.011731372728380134,0.019198768212772607,3.83753220279704e-06,3.58080691788341e-08,3.1078344444167405e-10,2.2339143988786953e-06,6.205860029687307e-06,0.9453486581637717,1.1553147607260454e-07,1.2434032533761084e-05,0.006872663805815652,3.386848307651844e-05,6.833326328155872e-08,9.95391150093582e-07,2.7037709142905564e-07,2.449320672780352e-08,3.8781529516200585e-10,2.7265634239983772e-05,4.039694962759036e-07,3.585998858641801e-08,0.0009864171236439716,5.63935083828704e-09
35,0.00033177055496252364,0.00015491758956461612,0.04001284118273191,0.021585121273110283,0.02026038139328667,1.9548287837607553e-06,1.2744188472019724e-07,5.817943758128411e-09,2.148659212429862e-05,4.284816804508584e-05,0.9088458880286768,7.740340228208439e-07,7.730091253837758e-05,0.0064385455383995606,1.0422893410627714e-05,2.2639871947139297e-07,1.0179974369186828e-05,6.905187072297089e-06,1.6047867054668783e-07,1.2803923743305268e-09,3.383192909034467e-05,2.0431862815797092e-06,3.5766509055817596e-08,0.0021621983947492213,3.115466008941648e-08
36,1.1274570576823133e-05,8.605958286227919e-05,0.013013385801271756,0.014956686102961726,0.011612238818937493,9.092777942477142e-06,1.1660599004112435e-07,1.8543601706674886e-09,1.2279353477825871e-05,1.1641776509255493e-05,0.9450049412590292,5.010320678911243e-07,5.8039254772235106e-05,0.014278026349823442,4.117434146346294e-05,2.3957405006185643e-07,1.161355592349962e-05,6.08938995536866e-07,6.36076036151928e-08,9.73188897817878e-10,1.7027959257053603e-05,2.9140325706168506e-06,8.356993593873206e-08,0.0008719758539333265,1.2452495237298898e-08
37,7.476779036641782e-06,4.4728577770087215e-05,0.01421718319603864,0.008041483592111038,0.019893246605464356,2.992834568633307e-06,2.9535206644115553e-08,2.875097333006645e-10,2.3713504804689515e-06,5.2829630802857465e-06,0.9511629698760923,9.927164014392958e-08,1.1835200397081e-05,0.005663062899046882,3.2510274375104754e-05,5.2277484390054074e-08,7.505373070884295e-07,1.9958667418789275e-07,3.16608299749019e-08,3.38197133451352e-10,2.3261915010059105e-05,4.0852605557715396e-07,3.41249260490231e-08,0.0008899822841966716,5.506500757356906e-09
38,4.735626080740778e-06,3.4825644261473576e-05,0.013363111117279489,0.007576905004983836,0.011957372519904546,7.160269400066108e-06,4.1523397861939197e-08,3.6468174653824915e-10,1.1689263488467782e-06,3.944859445009073e-06,0.9625094116002226,1.0290176248519673e-07,1.5244308904715895e-05,0.00385827824086679,4.9488608586475775e-05,9.599824586853731e-08,8.399872646509684e-07,1.2938889657934202e-07,4.850326167161044e-08,3.7988022318585514e-10,2.973720009991889e-05,3.298095903384861e-07,4.216982310101702e-08,0.0005869822022910815,2.844520199087405e-09
39,9.758286888460225e-06,4.923201865900893e-05,0.018993720683738603,0.013464096291225873,0.020789808436825704,5.603460994510279e-06,6.92756328000522e-08,7.612949293276797e-10,2.4106202433375127e-06,6.74230230049604e-06,0.9391319289809491,1.7075068112580316e-07,1.650013685238398e-05,0.006541798375264109,5.9917990794420604e-05,9.662953961912762e-08,1.3998034906366053e-06,3.382418480867481e-07,5.582712400946255e-08,6.965993403300856e-10,5.7088232212575204e-05,7.194979623993467e-07,7.995088182044913e-08,0.0008684524002864998,1.0347710330902394e-08
40,4.3813051170405e-06,7.506417660026682e-05,0.030320203150789607,0.0038789527772725677,0.03647877494648961,3.901050587653893e-06,1.975502794995956e-08,1.3640230822412705e-10,1.0706033031021113e-06,3.391730385155525e-06,0.920953800972637,1.3215408982627922e-07,1.0057624887985905e-05,0.007645921077994234,4.464173846560847e-05,2.3796741519130712e-08,3.5953104951640823e-07,1.285967014690648e-07,4.811426842126972e-08,3.3309686723114404e-10,2.4548555529763832e-05,5.251784716943069e-07,1.7669986269607263e-08,0.0005540300453953287,4.978709132563468e-09
41,7.551709681475704e-06,5.206473067998858e-05,0.015384201590846745,0.009050875677313315,0.02368931555806363,3.1591416670368997e-06,2.7837658234170263e-08,2.680669438181201e-10,3.0583543965268193e-06,5.376460839907742e-06,0.9449483096265985,8.942038001829085e-08,1.1939547531826021e-05,0.00577964110152681,3.115975700608279e-05,5.192466882150298e-08,7.542466429454338e-07,1.8529387242530038e-07,2.646358693111715e-08,3.054589371130011e-10,1.9687872169280587e-05,3.449480415696766e-07,3.143020592642571e-08,0.0010121414123346348,5.320761442125357e-09
42,9.025174848876635e-06,6.0466496145573166e-05,0.03783010426890703,0.006929292797789668,0.018196885285885072,3.217053147760224e-06,4.399166841777428e-08,1.6415375806176368e-09,2.1071571157103323e-06,8.07315410915015e-06,0.9324706538085473,1.7563766072829024e-07,2.291165418952516e-05,0.0037324289278868423,7.091463546724487e-05,6.341815300776249e-08,1.1469506610243984e-06,1.1545139981174346e-07,1.841431937381754e-07,5.836603361012259e-10,5.462503380647799e-05,2.4325746118461018e-06,2.5057471938677027e-08,0.0006051020096321286,3.0925030482429314e-09
43,1.2319129858273821e-05,4.3060399900260886e-05,0.022419817619138648,0.012671013471355274,0.025991281071192307,5.2641101285332755e-06,4.933381202697309e-08,6.777363708557813e-10,7.937599371677014e-06,3.352209534788798e-05,0.9281993611581997,5.76180979219769e-08,1.0916119432755364e-05,0.007839772273052676,5.7281615260744685e-05,1.206214890094784e-07,1.002626892077967e-06,2.1972450007352654e-07,6.04488699867115e-08,1.2060249667594992e-09,3.7474608439405616e-05,1.1517343111017583e-06,5.124626149860582e-08,0.002668254299864784,9.19146219460072e-09
44,7.695680108494814e-06,4.081507132144773e-05,0.01430360765359533,0.008207215876114815,0.018859915511126486,2.7428404900586294e-06,2.7578153363354145e-08,2.714529782405759e-10,2.237973025868407e-06,5.231501029022434e-06,0.9520296069690457,9.38696057111527e-08,1.1259519750617726e-05,0.005516653305651661,3.0535767749761516e-05,5.004364234602428e-08,7.307905103311335e-07,2.0806569913459986e-07,2.9089141239040108e-08,3.269386541460417e-10,2.2258289246041712e-05,3.817818894187478e-07,3.247232590273999e-08,0.0009586644422668238,5.3101186757266925e-09
45,6.4594325367779996e-06,3.468710894544567e-05,0.019739674936951467,0.010587430087291455,0.01789522043867675,4.074791508383094e-06,4.9211538892923554e-08,5.434555977351432e-10,2.360823482931902e-06,5.7802458018876284e-06,0.9465340484460464,6.378230609489286e-08,1.1636006060005286e-05,0.003956604441368605,7.427636168093102e-05,7.601832432749283e-08,7.020282670875777e-07,1.2368273991301662e-07,4.200587642737802e-08,3.9640751636558443e-10,2.406091468677009e-05,4.831176414271095e-07,3.378436368160466e-08,0.001122107669956377,3.724084969087646e-09
46,1.0992952197004302e-05,2.3637395885867868e-05,0.01344925497379778,0.017442752609588892,0.003264115240217907,5.335000581022465e-06,1.561382362243005e-08,6.83053322276356e-10,1.4654349580867613e-06,4.215621310594473e-06,0.961734722628301,1.8601977072827052e-07,2.3722344704380878e-05,0.0028327656061265926,1.5121561320394769e-05,1.1429072901222525e-07,5.633237765841386e-06,3.0622692123113693e-07,2.039424150844385e-08,2.6593443134739467e-10,2.3098727622177098e-05,3.209461610848735e-07,3.6420761741178134e-08,0.001162164440900739,1.36332513102182e-09
47,3.9646227952633684e-05,0.00018025029182123142,0.02391024874109349,0.004892978034930138,0.015764021347080902,4.321999479812231e-06,8.998115372814239e-08,1.356986097281265e-09,6.1576360081528745e-06,1.7871896929007884e-05,0.9472129313450565,5.815092486108948e-07,3.511988789157539e-05,0.006906694317588838,3.8028594266934546e-05,8.94208151253172e-08,3.429486449066495e-06,7.80760195155569e-07,2.128002602722951e-07,9.256765364874263e-10,4.49341107066878e-05,3.6005821765652895e-06,3.3246444968247036e-08,0.0009379545351588517,2.0964629269969415e-08
48,1.2273225782438833e-05,0.0001188881793171645,0.022807323839253695,0.011591612159685958,0.00769129331218562,2.123802052761353e-05,8.200639899505734e-08,2.364603224268592e-09,2.7835115720755225e-06,4.4527709408727345e-06,0.9542053680877423,3.779948245203155e-07,7.687564321294655e-05,0.00299805817505798,4.6766781905367926e-05,2.1832571824388577e-07,6.499619207852914e-06,1.9591298791338694e-07,1.5118978361585516e-07,4.4255940020634076e-10,3.333373754592992e-05,7.164596982056753e-07,4.831072027929826e-08,0.00038143768234531885,2.246422623622937e-09
49,6.548174830621703e-06,5.691580495659481e-05,0.026329797866242694,0.007319430098066993,0.01925003661606818,4.599346295987501e-06,2.7716260615616967e-08,2.897345093699387e-10,1.5859913636706164e-06,5.924509405691999e-06,0.9390491960899031,1.8271258109429686e-07,1.5985500938296093e-05,0.007101163351226275,3.178305863330871e-05,4.6793051182649884e-08,9.835347685781907e-07,2.48651396676271e-07,4.287595925593116e-08,4.764615833817583e-10,3.106844760254119e-05,6.64135820069124e-07,2.3264613810073653e-08,0.0007937399677689227,4.726050025317536e-09
50,2.8530865496024373e-05,8.112595600196335e-05,0.02276661356885356,0.009097720773877844,0.04600916320246686,2.2585176864662714e-06,2.5570576495201785e-07,1.2047484709292241e-09,1.12095835342086e-05,5.436255421774931e-05,0.9072453523615779,1.0176294014703153e-07,1.4229787137067124e-05,0.012492264950934738,9.621856069259155e-05,1.1849865827905308e-07,7.753129586753235e-07,7.062311778142312e-07,1.3965605267949557e-07,1.5283597641002458e-09,4.1583659270739554e-05,3.221398797397687e-06,4.6393839972058435e-08,0.0020539385676204467,5.939733376246697e-08
51,9.595650657938908e-06,3.5453597007987135e-05,0.012597789895919672,0.005421835664790262,0.01950585158409776,4.254577366207951e-06,3.990874815456093e-08,2.92279800078776e-10,1.6510300883267248e-06,5.284302624846284e-06,0.9548962553060549,1.3065042983813269e-07,9.960375155486218e-06,0.006605831680890212,4.6019059454857136e-05,7.452433025740816e-08,7.064823722489084e-07,3.340406791230187e-07,6.576050517591022e-08,7.295905804375284e-10,3.2757183482655676e-05,4.971207725339608e-07,8.074340951378868e-08,0.0008255173287621652,1.2510529642740733e-08
52,7.403260322525204e-06,0.00011115952467262582,0.015863777498655265,0.006633833475922516,0.03189809592448606,4.226722233507763e-06,4.741450514334366e-08,4.185489837075722e-10,3.3414922688418504e-06,4.231051981605193e-06,0.9386675240788692,1.4708214123230257e-07,1.3910894433156745e-05,0.006122245158706098,6.0421917136903975e-05,4.5306361901371674e-08,8.011952045932515e-07,1.3588857987578338e-07,5.98373976618096e-08,3.049025123521543e-10,3.770570045167627e-05,6.599217495745109e-07,4.793106511669071e-08,0.0005701686625417946,9.336861756940951e-09
53,6.024591347954488e-06,3.070673049338587e-05,0.007282399955084448,0.013811191069961846,0.02093894067605145,3.6262259018403985e-06,1.710085513533576e-07,6.19938494605639e-10,5.459815161880168e-06,7.011847206964998e-06,0.9494587909112935,6.228267201676325e-08,1.1609455644895234e-05,0.007032855842334418,0.00010252807686449562,1.2297287178070056e-07,7.699428296550805e-07,2.4496519234199467e-07,2.707750045491432e-08,6.250131561561784e-10,2.1481079950034125e-05,5.423176887085278e-07,1.0203588098127527e-07,0.0012853145222194934,1.535234447499721e-08
54,1.8017328248271396e-05,0.0002269402615553691,0.010924313162228713,0.006432391751798126,0.036489975052822046,5.467930778111398e-06,1.0079230293868635e-07,4.3475411757001604e-10,1.0316803234395385e-05,1.4673258984783406e-05,0.9319722260105282,3.0659064392489703e-07,1.959180093336317e-05,0.012860254142390207,4.3106343119117886e-05,1.1239696156769208e-07,1.6610604939547044e-06,5.292268174978795e-07,6.728844078329926e-08,5.009381390751864e-10,2.7692259910203757e-05,1.087047111463532e-06,4.640854096889694e-08,0.0009510904349429107,3.1711520781202505e-08
55,1.755621794060215e-05,0.00018080602373574255,0.009564928605101452,0.006608716662959201,0.04373404798527169,1.9053538726156836e-06,5.0094960400106706e-08,2.0030606891411829e-10,5.599414851383807e-06,4.205171260622202e-06,0.9304099474578242,6.032275394817719e-07,2.1257314363872576e-05,0.0088237379186661,1.3348661417414035e-05,5.167263229955879e-08,1.1859859295235058e-06,1.0276907737224323e-06,2.6657049875427226e-08,2.5149018760405217e-10,1.9984844714056143e-05,3.1910762392462086e-07,2.564262812029838e-08,0.0005906444963963045,2.3340691296911946e-08
56,7.282931414383808e-06,4.20567173424261e-05,0.01384357479699667,0.007755088818120722,0.01841195228524609,2.5830002290696333e-06,2.7128880223292154e-08,2.6749208867259e-10,2.123472194254688e-06,4.8073566226105374e-06,0.9535882285455282,1.0256328578416134e-07,1.2950892297298154e-05,0.005419952549298383,2.7063498919296578e-05,4.8097454210990146e-08,7.245673413831734e-07,2.1144668530396396e-07,2.903646425909121e-08,3.1777108211660183e-10,2.042405368122696e-05,3.655260544186153e-07,2.96578126991814e-08,0.0008603675206356634,4.952232060236829e-09
57,8.101181304262244e-06,6.153561083108133e-05,0.025377473968738816,0.005162525910923867,0.02504988586786486,3.283243114775222e-06,2.924991465939288e-08,5.405572188474596e-10,1.3164233701965145e-06,4.806448855625533e-06,0.9382788414529106,2.891528903870715e-07,1.965430018221532e-05,0.005533253959728617,3.449415807925907e-05,5.223559940426179e-08,8.509344585745968e-07,2.208789414709545e-07,1.2653874830815205e-07,5.674779933695813e-10,4.8817176060906024e-05,1.0357569318156212e-06,3.0670524721598774e-08,0.0004133688594972623,4.912493237970041e-09
58,7.0925948911479824e-06,3.3626016457047984e-05,0.013951725172338069,0.0076155207786155876,0.015827369668301703,2.392956347499989e-06,2.3585950937566298e-08,2.341381719480473e-10,2.1330895933240297e-06,5.183746363382171e-06,0.9563851620261385,7.335342599127812e-08,9.44327103436237e-06,0.004878224855489677,3.1968743003685287e-05,4.381773197122663e-08,6.377141029951425e-07,1.749576260166468e-07,2.4881024732551886e-08,3.094864609807632e-10,1.930654233105103e-05,3.6968506136162314e-07,2.9008359085829537e-08,0.0012294683492552801,4.6429318672556365e-09
59,6.958183427597379e-06,3.1230612594774316e-05,0.014946166568004186,0.008109403673513624,0.016423278878195724,2.3129156594897393e-06,2.2095410972849853e-08,2.2722244720863546e-10,2.1229490575434784e-06,5.497269780951057e-06,0.9542212986531601,6.562486582752691e-08,8.466074631308808e-06,0.004814499955484996,3.30872702381283e-05,4.396505766363019e-08,6.060189764271009e-07,1.6836529160710333e-07,2.3384184267019826e-08,3.0829655619476217e-10,1.962355169342863e-05,3.5440172497718645e-07,2.8228031415308115e-08,0.0013747363526724747,4.472823265510563e-09
60,7.695680108494814e-06,4.081507132144773e-05,0.01430360765359533,0.008207215876114815,0.018859915511126486,2.7428404900586294e-06,2.7578153363354145e-08,2.714529782405759e-10,2.237973025868407e-06,5.231501029022434e-06,0.9520296069690457,9.38696057111527e-08,1.1259519750617726e-05,0.005516653305651661,3.0535767749761516e-05,5.004364234602428e-08,7.307905103311335e-07,2.0806569913459986e-07,2.9089141239040108e-08,3.269386541460417e-10,2.2258289246041712e-05,3.817818894187478e-07,3.247232590273999e-08,0.0009586644422668238,5.3101186757266925e-09
61,7.668453047217028e-06,3.242872405791451e-05,0.017160865965458405,0.008619476907703396,0.016701710126972993,2.4281069671223303e-06,2.1877667193109316e-08,2.5783153485381526e-10,1.9370159582963416e-06,5.28796146350199e-06,0.9514049449901851,7.299567660074638e-08,9.39576437987203e-06,0.00474262196507618,3.1637133602342706e-05,4.422225890433101e-08,6.504011325296124e-07,1.855138624274091e-07,2.5423901857983367e-08,3.150708220626762e-10,2.113875004056367e-05,3.537530102317587e-07,2.75250028398592e-08,0.001257071660959918,4.188712011308514e-09
62,7.695680108494814e-06,4.081507132144773e-05,0.01430360765359533,0.008207215876114815,0.018859915511126486,2.7428404900586294e-06,2.7578153363354145e-08,2.714529782405759e-10,2.237973025868407e-06,5.231501029022434e-06,0.9520296069690457,9.38696057111527e-08,1.1259519750617726e-05,0.005516653305651661,3.0535767749761516e-05,5.004364234602428e-08,7.307905103311335e-07,2.0806569913459986e-07,2.9089141239040108e-08,3.269386541460417e-10,2.2258289246041712e-05,3.817818894187478e-07,3.247232590273999e-08,0.0009586644422668238,5.3101186757266925e-09
63,7.764292292963015e-06,4.5350610412385336e-05,0.014084452253463973,0.007804968076004299,0.019196381507548144,2.7615092666427897e-06,2.7963628941359802e-08,2.659695615780559e-10,2.3742415383738344e-06,5.208352026372569e-06,0.9523603122961666,9.590230005648361e-08,1.1423235197964376e-05,0.005484562707730185,3.078981634388892e-05,4.8278290516199835e-08,7.32236926019454e-07,2.0101895251417911e-07,2.9286835856484948e-08,3.1051903999383424e-10,2.1754879576225848e-05,3.8881468518286854e-07,3.11504404879079e-08,0.0009403355429013122,5.4509824582938386e-09
64,6.792230972059243e-06,4.028171273016749e-05,0.015292267797930546,0.00826670523751561,0.02022375091714335,2.6099397908303328e-06,2.60708138936881e-08,2.7323190107443755e-10,1.7718325668759802e-06,4.770237619435369e-06,0.9505792946226951,8.921296219402944e-08,9.813486618512376e-06,0.0046345856002628265,3.449041117740344e-05,4.2650143654945586e-08,5.663588254506731e-07,1.6814134736094428e-07,3.014725661999294e-08,3.1071390547679433e-10,3.1915286774838334e-05,3.541965076810469e-07,3.201981271377635e-08,0.0008696366776881751,4.626898804232419e-09
65,6.331527218955717e-06,3.9542369399626104e-05,0.015735370426250814,0.008048302311266634,0.01814023308973527,2.9704816008639515e-06,2.6580046832392885e-08,2.663302610601448e-10,1.837436542853319e-06,4.450448100473309e-06,0.9521332468995223,8.122840163529926e-08,1.0491952463610843e-05,0.004921961455840822,3.730606313049318e-05,4.484155592357073e-08,6.496165211403189e-07,1.5469234009088926e-07,2.8830444249235405e-08,2.9286685076234865e-10,2.337891273870959e-05,3.6330220694614436e-07,3.0821752501494145e-08,0.0008931918299883753,4.3237337806594435e-09
66,1.038448619260321e-05,5.64241336230912e-05,0.014803054087171053,0.008985772812993974,0.017709770259243657,5.2349011437269585e-06,5.670459914420512e-08,5.767209042274613e-10,4.238555910944544e-06,5.641129094990628e-06,0.9519885711018751,9.63859258063994e-08,1.4965100476953965e-05,0.005177355519914249,5.84709583759455e-05,7.609861321814314e-08,1.1123422266297199e-06,2.0066627973298587e-07,4.9906525036755455e-08,5.074497427210476e-10,2.3392541589484776e-05,5.483654708542552e-07,6.375181386026797e-08,0.0011545110551415291,8.05162791781297e-09
67,5.925323322877107e-06,3.533845136102197e-05,0.012304362736979945,0.007585649501642795,0.015004838379887928,3.4607923398957727e-06,2.503301978590007e-08,2.0413662818032876e-10,1.691289788310819e-06,4.801583532127608e-06,0.957539883535073,9.77506341025183e-08,1.0391125843269388e-05,0.006489707523219882,3.0465597499404646e-05,4.851432319352922e-08,7.771463221590418e-07,2.105873839334634e-07,2.444230618628767e-08,3.6265053812908735e-10,2.3464383890019505e-05,3.6824171295876076e-07,3.849823343406398e-08,0.0009584235607906923,5.434105820235813e-09
68,7.689531419144416e-06,3.817829358478167e-05,0.0148222040418718,0.009130502988678398,0.017773092485254136,2.8069109542169763e-06,2.82182997040813e-08,2.8262234004618613e-10,2.0402186860130483e-06,4.967263061666066e-06,0.9515807190624643,1.073088901465219e-07,1.3304140810969786e-05,0.005680675193209409,2.582861699143737e-05,5.3067294393961697e-08,8.036172136383487e-07,2.5453598633492847e-07,2.7198687260193474e-08,3.4507000762229546e-10,2.2633437129536434e-05,3.414280473497031e-07,3.2761588957988705e-08,0.0008937039827195457,5.0694647458097585e-09
69,7.540144662622629e-06,4.0101071870145734e-05,0.014288715491427741,0.00802579109518062,0.018181884548905923,2.8021755869092257e-06,2.7058037420650056e-08,2.6916943167184473e-10,2.1241556927892023e-06,5.134602570487084e-06,0.9529761534009838,9.500271647472072e-08,1.1363080224788163e-05,0.005464650448823951,3.0290922750375177e-05,4.9579729448564814e-08,7.316468592448611e-07,2.054456091805399e-07,2.9652322031071415e-08,3.3153118604373313e-10,2.262030208012196e-05,3.819009273758832e-07,3.253677940757228e-08,0.0009392700007889872,5.134769422748569e-09
70,3.6168115775646896e-06,2.306845315416983e-05,0.018396289730891052,0.07024860251615825,0.0345537350432601,1.5185628034376426e-05,3.7259714676320166e-08,3.480562408155271e-10,9.481385579793378e-06,1.141105496634183e-05,0.8472922108799692,1.308591616797644e-07,2.8251949033293413e-05,0.026682235081071204,1.608634997008225e-05,3.3148769350020997e-07,3.9643598645479225e-06,6.756702062546991e-07,6.821472291528657e-09,1.4932889409980047e-09,1.1727070312690733e-05,1.9813373316935175e-07,1.1550473399244562e-07,0.0027026299517275473,6.156368953921893e-09
71,9.065843376559418e-06,4.25355678410662e-05,0.009060556186734821,0.007814564603898502,0.021277189884629996,1.8467847882933173e-06,2.6551545306900768e-08,2.5408285816494333e-10,2.950272640419051e-06,5.1336696598669795e-06,0.955186209975347,1.0609144940112592e-07,1.0820083004092777e-05,0.005635744007668434,2.3271911945869614e-05,5.3906189132885424e-08,7.192146118870871e-07,2.5709698095601305e-07,2.435279674133201e-08,2.9031727824274445e-10,1.9259491978537018e-05,3.315491133522402e-07,3.636009372387956e-08,0.0009092893352155864,6.714090201823405e-09
