,0,1,2,3,4,5,6,7,8,9,10,11,12,13,14,15,16,17,18,19,20,21,22,23,24
0,3.2669982527889894e-05,0.3213138383694105,0.00029960493088878253,0.00636716482098337,0.009363219421446446,0.00035328028346408806,0.00787946138329175,0.000341587865716629,0.0037631625529577243,0.00029313833247752703,0.6391435153344209,4.824492078973982e-06,6.3324116886372404e-06,0.001171365197459845,0.001491445131943826,2.627350343084884e-07,3.2728187943252206e-07,0.00025766091039501886,0.00661285517915789,8.697819737553641e-07,0.0007899907390783921,3.730847248444561e-05,3.106267443661478e-05,0.00015770452723748134,0.00028734718756560484
1,2.9404402508165875e-05,0.3074749064260847,0.0004562884408529352,0.006440950545678049,0.011815550435133439,0.0005351104479490392,0.010450368697065652,0.0005022569542358598,0.01244025130260021,0.0005135995342370164,0.6280591748064348,4.2296334043069255e-06,6.9391536710363485e-06,0.0013005413489170542,0.0023152674648018122,5.053755624416139e-07,2.2860816870951993e-07,0.00014522957573801277,0.01607953431380217,1.166261753378574e-06,0.0009161776297803555,3.5520041993915044e-05,1.9982362859197157e-05,0.00012129093567824998,0.0003355253010896127
2,3.901830062502834e-05,0.32574045665526496,0.00022067223158767475,0.005139214152025098,0.008321970206216599,0.00045661868760681827,0.00916855079634165,0.00034298835309921,0.0036794302832233654,0.00028066639108981624,0.6317422313965827,4.818934490906026e-06,5.090585439790463e-06,0.001261941854936861,0.003666050284535339,4.449339607262224e-07,4.6800860110544954e-07,0.0002154764480367126,0.008074696341127499,8.597050757422847e-07,0.0009846047030419329,6.16132432399382e-05,6.452033025059834e-05,0.00016049220717960012,0.0003671049664205506
3,3.268373866592786e-05,0.31875282340277167,0.00030151196265547017,0.006324681510011342,0.009384510080941929,0.00035469222413532096,0.007883963961929537,0.00034090699245943135,0.003786476284658122,0.00029131043329422935,0.6417167290202295,4.836804557707273e-06,6.35123198895006e-06,0.0011685960699368693,0.0014899285515765776,2.628511764054136e-07,3.255471298071499e-07,0.0002562611782218254,0.006608984951621838,8.706371329752901e-07,0.0007835587088447972,3.711678880038376e-05,3.082221074942188e-05,0.0001572963704984482,0.0002844984860115637
4,3.0256544554878474e-05,0.3283691652410356,0.0003338133848866556,0.006153734356796094,0.010675763223767452,0.0003842792024576828,0.007889439020131353,0.0002920603551918552,0.003767736611286398,0.00028712594779826706,0.6315662450588064,4.924054456191436e-06,8.11760220770267e-06,0.001384864371624134,0.0014462391335201934,2.595351895127473e-07,3.0542501022245627e-07,0.000246396389371625,0.005996517053780889,8.801904311334512e-07,0.0006951231085610178,3.609711667818287e-05,3.04020058955822e-05,0.00015656739919565538,0.00024368766736524724
5,2.7579987388329798e-05,0.3391114268242705,0.0002609435658404016,0.00871908954621982,0.009781443857320693,0.00033154563430371923,0.007196672819838479,0.0003548685024635485,0.0026995313446979974,0.0003340733071787711,0.6222109843057845,4.428662987572087e-06,6.865325337681364e-06,0.0011530124321828632,0.0010384487304559266,2.1940047669783e-07,3.377092751465733e-07,0.0003749677493119301,0.004984845498778406,9.367388051466361e-07,0.0008772799716520388,3.353200699640092e-05,3.6456695008236134e-05,0.0001840660346231163,0.00027644334880216583
6,3.268373866592786e-05,0.31875282340277167,0.00030151196265547017,0.006324681510011342,0.009384510080941929,0.00035469222413532096,0.007883963961929537,0.00034090699245943135,0.003786476284658122,0.00029131043329422935,0.6417167290202295,4.836804557707273e-06,6.35123198895006e-06,0.0011685960699368693,0.0014899285515765776,2.628511764054136e-07,3.255471298071499e-07,0.0002562611782218254,0.006608984951621838,8.706371329752901e-07,0.0007835587088447972,3.711678880038376e-05,3.082221074942188e-05,0.0001572963704984482,0.0002844984860115637
7,2.6827357374043115e-05,0.31330726143514737,0.0003147758141693331,0.003885530724797424,0.0043589669709743475,0.0001776914725545885,0.008246391089456793,0.00021541691174398062,0.0036046866590984422,0.00014851314361533603,0.6603553447706523,3.0657355394284987e-06,9.165529531443343e-06,0.0006334565083560495,0.0007991789089992616,9.609322543881938e-08,2.0801366028369604e-07,0.0002058176332549736,0.003081924371303678,9.052558933759578e-07,0.00028046436016412955,2.0389131425328083e-05,1.2147511635716947e-05,0.00016447346805520456,0.00014730112937182433
8,6.0530980568936844e-05,0.604012917519524,0.0005424308731359921,0.016093411694977765,0.013938174415108192,0.00023158178052117882,0.013171371813086459,0.0008287755626385807,0.0043047459920887874,0.0007866500545652648,0.33122085525121736,5.037912251389561e-06,1.0712985029978262e-05,0.0016817222168461104,0.0021380338843031707,4.952253434026455e-07,8.318541688873672e-07,0.0003142460762051735,0.007577207637397087,1.1312682284916935e-06,0.0012937365044032227,4.558351077656937e-05,7.059652102071133e-05,0.0006303282078250588,0.001038890258768201
9,4.034035320409242e-05,0.6191443413623352,0.000899674961833803,0.012946582523040982,0.012026233474727458,0.00012929755471089005,0.010468279741646885,0.0006448164607454679,0.0063217811736837656,0.0005132231710135178,0.32791463260150694,3.6711576245103764e-06,1.7040959540374528e-05,0.0010701466260208512,0.0011922539963673527,1.848439442779099e-07,5.502321844337585e-07,0.00023079402536408687,0.0043904995667172955,1.1577707782830467e-06,0.0005841071627206551,2.1646050171408334e-05,2.2019068085680256e-05,0.0007347755649250785,0.0006819495971068871
10,3.268373866592786e-05,0.31875282340277167,0.00030151196265547017,0.006324681510011342,0.009384510080941929,0.00035469222413532096,0.007883963961929537,0.00034090699245943135,0.003786476284658122,0.00029131043329422935,0.6417167290202295,4.836804557707273e-06,6.35123198895006e-06,0.0011685960699368693,0.0014899285515765776,2.628511764054136e-07,3.255471298071499e-07,0.0002562611782218254,0.006608984951621838,8.706371329752901e-07,0.0007835587088447972,3.711678880038376e-05,3.082221074942188e-05,0.0001572963704984482,0.0002844984860115637
11,3.252707316901014e-05,0.32640783807583623,0.00030470021286896375,0.006183786140186904,0.009055204691172417,0.00034517012478630857,0.007921382725402656,0.00032506756993119237,0.003669231152528602,0.0002820047220887907,0.635339440379409,4.8675025279558885e-06,7.199080001058536e-06,0.0011791263751765434,0.001404430758563725,2.4858828857148727e-07,3.2852717800439745e-07,0.00026433756172621054,0.00606035684140113,9.120700579717377e-07,0.0007160807815972198,3.6997980061621714e-05,3.0316672648163026e-05,0.00016183683271092574,0.00026660756068071527
12,3.929207571890326e-05,0.3977520680922057,0.00017865803228142628,0.008777084553991473,0.024217221955608163,0.0006207392555278775,0.004262294115922589,0.0001761961752449584,0.00038923191029225496,0.0003073855067299484,0.5522308519331937,1.4096971304371111e-05,8.202661542638271e-06,0.004044424245033226,0.000924108679298354,3.834769903406647e-07,8.282835653454735e-07,0.000976813841068812,0.00294941022107183,6.112658882608333e-07,0.0014337049044036386,9.920708365289108e-05,0.00019270450761702733,0.00018218178168749006,0.0002222984701588894
13,3.2087709277841246e-05,0.2841763834765389,0.0003017253466004424,0.005669685183512467,0.008862923549089605,0.00032281210452403956,0.007263021977512887,0.00032183302633261517,0.003660450757670063,0.0002363653916654878,0.6786707503600792,5.2881615249442006e-06,5.895284208731325e-06,0.001130610718345754,0.0014703960836942864,2.3152669524951895e-07,3.2485074847047536e-07,0.00023410427277928953,0.006418331531599776,8.082766811380369e-07,0.0007518058589366011,3.618686351178465e-05,2.7753977824577954e-05,0.0001392517494607243,0.0002609719611851676
14,0.0003930502484441545,0.030113956079593357,0.0006693040669887477,0.005472285669776636,0.00380678925746925,0.0002501820192438359,0.01802301067524857,0.0004929972322893342,0.0020658316971194687,2.8042794846602697e-05,0.9201207294847725,7.513541201257627e-05,2.250783619718261e-06,0.00252038372039786,0.003548471102404523,1.0340656736234729e-06,1.1158895469782855e-06,0.00021979257255030265,0.009723683869548713,1.3401457645574196e-06,0.0010713207704417724,5.930878619725498e-05,0.00014515859442156554,9.428924767419838e-05,0.0011005358139538313
15,3.268373866592786e-05,0.31875282340277167,0.00030151196265547017,0.006324681510011342,0.009384510080941929,0.00035469222413532096,0.007883963961929537,0.00034090699245943135,0.003786476284658122,0.00029131043329422935,0.6417167290202295,4.836804557707273e-06,6.35123198895006e-06,0.0011685960699368693,0.0014899285515765776,2.628511764054136e-07,3.255471298071499e-07,0.0002562611782218254,0.006608984951621838,8.706371329752901e-07,0.0007835587088447972,3.711678880038376e-05,3.082221074942188e-05,0.0001572963704984482,0.0002844984860115637
16,3.1490552256174945e-05,0.33764876385314835,0.00023401597515594144,0.0073728503275534525,0.008569158068219337,0.00040505073292667774,0.008092667427135896,0.00037993009442849476,0.0031757261703506934,0.0004234548350440766,0.6220849919797921,4.78442154334649e-06,5.308715592832818e-06,0.001184247863684013,0.0013160883740042939,3.216236907771862e-07,3.3368472233766475e-07,0.0003537212097847515,0.006987527525182515,9.35909620536822e-07,0.0012000420382652518,4.379766733896107e-05,3.524385927675236e-05,0.00014893096686981275,0.00030061612441279796
17,3.5661793375864926e-05,0.31390409849028356,0.0003208400612163092,0.008415396000431384,0.009912211553142493,0.0003602473172756054,0.008335031958009822,0.0003499214980713709,0.0030278565312244236,0.00029500683141379225,0.6445956676490343,6.056601163335478e-06,7.170355691126613e-06,0.0015620175334482328,0.0012089737286304714,2.751091117116227e-07,3.487923315378961e-07,0.00033500763746844886,0.005883017537450182,1.0178644431020642e-06,0.0008830367793150974,3.887125252853739e-05,4.025473766323075e-05,0.00016007146952402363,0.0003219409177520028
18,9.631643550873589e-05,0.5020896708123784,0.0003584149023699088,0.007462704962330615,0.005886564484794645,0.00015268271333128216,0.010747686617696359,0.0004319227686369681,0.0018229298000960374,0.0002931858223663266,0.46023630739228816,1.0616900260585415e-05,8.435661878149315e-06,0.0013254177701245804,0.001166644042276452,2.3206901245577692e-07,1.0783382137465741e-06,0.0006423559758662529,0.005057317311322805,8.996733628696919e-07,0.001034250569370015,7.11998697881964e-05,4.5164037301257694e-05,0.00039763273889294155,0.0006603683305323017
19,2.2710319802765786e-05,0.323253702492346,0.0006104267838195606,0.007266755414222186,0.016872616579823134,0.00037898636214037606,0.006212888288097994,0.0003904338304606976,0.006284045598677364,0.0003512633056249651,0.6274357667634672,6.984305197844726e-06,1.05664727166634e-05,0.0016292201101160073,0.001195022356308836,2.1971362402344057e-07,2.966395930062597e-07,0.0002038554397382055,0.006773301526846716,1.1256749979372882e-06,0.0006614619543011093,3.889371392121903e-05,1.70451676951795e-05,0.00014100087476280103,0.00024141031169838169
20,2.6290488106640054e-05,0.40616649765117546,0.00028922505108074906,0.006386177606648883,0.011349319521231157,0.00027098421001423955,0.006654138063856654,0.0006710775096237552,0.0046564526026152235,0.0004027711417921718,0.5485347040959409,4.967029856969247e-06,5.576304665316853e-06,0.0010427458904517027,0.002222507451125701,2.4989763901946984e-07,5.752489923702741e-07,0.00023606469212225574,0.009326781307583382,9.490951225068297e-07,0.001144356819939094,8.109173912001237e-05,3.129230810791398e-05,0.00019400334476617708,0.000301200928421628
21,2.3591632295807196e-05,0.37438963570431694,0.00025064460180186307,0.005364895837683381,0.009151848470581047,0.00027125465832086523,0.005988920685305091,0.00037552471250427234,0.004619457466996579,0.00027216800850808306,0.5880657617113749,2.975189332206533e-06,4.7824372661008575e-06,0.0008395129714128802,0.0017422555642387335,1.6942188719652862e-07,3.270929732843988e-07,0.0001964011618321327,0.007242607248760023,6.647766575585094e-07,0.0007031574309203094,3.97308296315065e-05,2.2824980706068553e-05,0.00015470687172923245,0.0002761805329638801
22,3.1697787936978256e-05,0.19138933761255125,0.0002428515220554247,0.004451138585917645,0.0069811150853495724,0.00035410833611700446,0.005987359335598461,0.0002647075103236351,0.0021424291219123647,0.0001878602799225327,0.7800993376401115,5.761187273160838e-06,3.963740895946248e-06,0.0009081082738965396,0.0010006777309322533,2.2414271802554146e-07,3.4594778408426597e-07,0.0003665253975350855,0.004300505057743923,7.578315191611342e-07,0.0009285389732405347,3.750090468998976e-05,2.7966163398665546e-05,0.00012189507110518805,0.00016528675947094417
23,3.268373866592786e-05,0.31875282340277167,0.00030151196265547017,0.006324681510011342,0.009384510080941929,0.00035469222413532096,0.007883963961929537,0.00034090699245943135,0.003786476284658122,0.00029131043329422935,0.6417167290202295,4.836804557707273e-06,6.35123198895006e-06,0.0011685960699368693,0.0014899285515765776,2.628511764054136e-07,3.255471298071499e-07,0.0002562611782218254,0.006608984951621838,8.706371329752901e-07,0.0007835587088447972,3.711678880038376e-05,3.082221074942188e-05,0.0001572963704984482,0.0002844984860115637
24,2.0552166998127917e-05,0.4216259575981285,0.00026695437420686273,0.01046433925656509,0.012900472210888208,0.0004073171528852724,0.006338761087118871,0.00030856767998852126,0.002858820002919106,0.00043913284889428316,0.5339585083864492,4.4845455293829075e-06,8.601593082848396e-06,0.0018450269451955365,0.0008996049130057078,2.3421692444905783e-07,2.455019870055141e-07,0.00033151396488514305,0.005991613437689142,1.0336156198060075e-06,0.0008644734111941166,3.62456216625733e-05,3.295456304183899e-05,0.00012277379883803658,0.00027181110630246716
25,2.570122069870342e-05,0.6771279252327342,0.00022889744431348017,0.0037564304873268393,0.01672882479110897,0.0010102330391833707,0.005185929780062746,0.00015227178665287537,0.007326473463625729,0.0008123394182941221,0.2714582041776406,2.0221251539415323e-06,4.7134830574397165e-06,0.0014616589642744448,0.0045547208342617785,5.585542433877685e-07,2.1120192179790458e-07,0.00015180474106720143,0.008368015916696015,3.6892957442964793e-07,0.0008052368725444392,5.099692881720246e-05,3.70461634567225e-05,0.00015046748316664582,0.0005989469601228925
26,7.339542692351353e-05,0.36023081507270216,0.00047305754342303344,0.005618312447818013,0.006199992192461159,0.00014169421266061217,0.009234740535426904,0.00044772035639161005,0.002959542971761633,0.0001932480122117841,0.6080544689840643,5.437975716850008e-06,1.1300189688246483e-05,0.0005374452088595207,0.0009221512129365937,1.2623645492038004e-07,8.38202363040065e-07,0.0004911298952393663,0.0029753296187322383,9.038927541822495e-07,0.0004645066884603429,3.129033014232089e-05,2.446193247685332e-05,0.000629948663780407,0.0002781421965502825
27,3.737683054864056e-05,0.3571945153927447,0.0003245436737903839,0.005387658752801006,0.00789493104297618,0.0004875038550178163,0.009101865311119697,0.00048151212275489134,0.008492517570049835,0.00040332274745075614,0.5949404871686284,3.784161687073236e-06,4.623703564139322e-06,0.0009378966793785589,0.0028831397994927357,3.7652524988879693e-07,3.294139767286778e-07,0.00021280388573632797,0.009627113756936374,1.131842218051627e-06,0.0008814259620722444,5.854389213086339e-05,2.8340773466289412e-05,0.00015851941609924613,0.00045573572010941256
28,3.268373866592786e-05,0.31875282340277167,0.00030151196265547017,0.006324681510011342,0.009384510080941929,0.00035469222413532096,0.007883963961929537,0.00034090699245943135,0.003786476284658122,0.00029131043329422935,0.6417167290202295,4.836804557707273e-06,6.35123198895006e-06,0.0011685960699368693,0.0014899285515765776,2.628511764054136e-07,3.255471298071499e-07,0.0002562611782218254,0.006608984951621838,8.706371329752901e-07,0.0007835587088447972,3.711678880038376e-05,3.082221074942188e-05,0.0001572963704984482,0.0002844984860115637
29,3.268373866592786e-05,0.31875282340277167,0.00030151196265547017,0.006324681510011342,0.009384510080941929,0.00035469222413532096,0.007883963961929537,0.00034090699245943135,0.003786476284658122,0.00029131043329422935,0.6417167290202295,4.836804557707273e-06,6.35123198895006e-06,0.0011685960699368693,0.0014899285515765776,2.628511764054136e-07,3.255471298071499e-07,0.0002562611782218254,0.006608984951621838,8.706371329752901e-07,0.0007835587088447972,3.711678880038376e-05,3.082221074942188e-05,0.0001572963704984482,0.0002844984860115637
30,3.268373866592786e-05,0.31875282340277167,0.00030151196265547017,0.006324681510011342,0.009384510080941929,0.00035469222413532096,0.007883963961929537,0.00034090699245943135,0.003786476284658122,0.00029131043329422935,0.6417167290202295,4.836804557707273e-06,6.35123198895006e-06,0.0011685960699368693,0.0014899285515765776,2.628511764054136e-07,3.255471298071499e-07,0.0002562611782218254,0.006608984951621838,8.706371329752901e-07,0.0007835587088447972,3.711678880038376e-05,3.082221074942188e-05,0.0001572963704984482,0.0002844984860115637
31,4.148041930814964e-05,0.5475108253849038,0.0005614133819365548,0.01245693946526734,0.015114088883293728,0.00016430749045295354,0.0076493103061269175,0.0008474884437522684,0.0036836618497676356,0.0005033676308024743,0.39990050870737376,6.465505463280285e-06,1.3672189052734671e-05,0.0013742895668951167,0.0008069620182726147,2.0744852072047744e-07,6.433630182392162e-07,0.00039159395569957355,0.0072396020877580295,1.278447584991788e-06,0.0008380394872923102,4.268453118237763e-05,2.5878133509431072e-05,0.00041374537606844475,0.0004115459266964602
32,3.297755428754135e-05,0.32522348127392575,0.0003048634167400991,0.006031433894175015,0.009824617238753523,0.0003692746523638102,0.007847356464068554,0.0003760948312387259,0.004576752903578255,0.0003136516798591537,0.6321967374874591,4.861628634013464e-06,6.129031832783209e-06,0.0011897067672231947,0.0017356529850516694,2.8703300101693423e-07,3.384414480852406e-07,0.00023371654049162538,0.00836731728125016,8.635253536243238e-07,0.0008495691133315177,4.190620478540017e-05,2.8934697177375256e-05,0.0001472310929168598,0.00029624426105291846
33,3.223707323209203e-05,0.3508922277540006,0.0002714790732938989,0.006101519941322196,0.009891118624775345,0.00033577658919349866,0.007321510920002688,0.0003344341804691685,0.003002844734078286,0.00028760047616423277,0.6110476555087964,5.005100504272539e-06,6.9042840218831365e-06,0.0012398338511830902,0.0013801207099931134,2.4825000276328163e-07,3.6487346988137505e-07,0.0002805237047660382,0.006329736581947977,8.57122564049885e-07,0.0007542719097240898,4.4376163389286825e-05,3.323464632007523e-05,0.0001607481696713204,0.0002453697571137483
34,2.3827005453122018e-05,0.3272496655830562,0.0001990112740489298,0.009071198602788976,0.011362570824756852,0.0003189425733299788,0.005959472413080308,0.00029114629188575536,0.0010918263722699709,0.0002916893538074977,0.6365043060678383,5.898514861044801e-06,6.821924141786204e-06,0.001393008802766838,0.0008577372654370414,2.293278518607713e-07,4.3520693976332534e-07,0.0004423629673158692,0.003514918403576103,8.811062860193134e-07,0.0009252960663747499,4.0221639691500806e-05,6.32079303716406e-05,0.0001773863400275972,0.00020793814204235557
35,9.66724620388803e-05,0.4955405091023286,0.0003693425801297515,0.012950923430677995,0.004230309758935343,0.00018624919280210245,0.011687961917118154,0.0019014078278009041,0.011819193173102318,0.0009354262923717217,0.44062916400359237,6.933341807256829e-06,7.78384063652717e-06,0.0005296241360769499,0.0007444346494247761,2.0934187069781457e-07,7.706227992636187e-07,0.0008998938285813316,0.014688740241491095,2.2319690308212976e-06,0.0012594253225249217,7.595140859962777e-05,1.2513215965646305e-05,0.0003453788068753914,0.0010789495334173965
36,9.731531994645563e-05,0.5338468803445302,0.0011347137931318483,0.00846237021193252,0.03241655522996549,0.00015074154394272718,0.007347427356446196,0.0014375718679956585,0.010604035241302672,0.00050716526126816,0.35829851757373926,2.759202217078729e-05,1.8657995521381647e-05,0.002476070493051845,0.003997378096475024,4.7577501852663646e-07,2.582407643268262e-06,0.00014052402716313743,0.03620862852332533,8.487975980317938e-07,0.001283953568766629,0.0001124831010228884,2.5927238517060738e-05,0.0003904117569911705,0.001011172452533643
37,0.0001152814627942107,0.28498753899136287,0.00040877224580118557,0.0042995957628826015,0.0056523031448282015,0.00017256736596522103,0.010624670435354271,0.00021013940876311673,0.0014798334765556646,0.00010096270266792012,0.684403469369008,9.85995327420833e-06,8.261976980725718e-06,0.0014138514529832926,0.0007401456434731374,1.6378541005118457e-07,4.48355455428597e-07,0.00045276716746550064,0.0039031489560781628,6.354094420240982e-07,0.0004782922994926579,3.144326608838737e-05,2.5560380521841497e-05,0.00023214130876409548,0.0002481456785872074
38,4.316643158512058e-05,0.12286465602105448,0.00011617090245900609,0.001717979083449449,0.0031506047685886593,0.0007919402099536855,0.01220421212173367,9.668220259584294e-05,0.0019223191313211439,0.00012332985377766208,0.8484557253376018,3.222976221711697e-06,2.1941862415002065e-06,0.0007792535390050801,0.0022571419041945906,5.559327023563325e-07,1.2709625997764752e-07,0.00019557841005772648,0.004426773163353656,5.238534643216071e-07,0.0005868038585584165,2.799588733236412e-05,4.6982990700298665e-05,6.556387157798438e-05,0.00012049626620955401
39,3.7144516590909815e-05,0.14856539984287737,0.00037965399227745446,0.010700251653302816,0.016462012154351082,0.000839505962224585,0.0075777489106808905,0.0008435339094505721,0.005373437302328389,0.0005745671313233964,0.7864949154310439,1.1193025660573148e-05,3.7098272875761595e-06,0.0014499675464629237,0.001773246404517546,1.0174772011232617e-06,4.108977861639552e-07,0.00034059794997443597,0.015187466495572902,1.619741845539183e-06,0.0027572584726223747,4.775095526531288e-05,5.097840629115999e-05,0.00011501566515257062,0.0004115963279084179
40,7.22756748288366e-05,0.3028242932740973,0.0002787056019413837,0.0018719112780139183,0.005538001648579494,0.0003526940420168976,0.007016023648487931,0.00015041377575949333,0.0028250170647071467,0.00010715094313743321,0.6674698940342763,7.509728307838893e-06,3.2620010143652846e-06,0.0015325237303011297,0.001955135195468603,2.046325811837535e-07,3.037529298846651e-07,0.0002508489580393449,0.006663690239984669,4.477829447557715e-07,0.0006449119007017805,8.18190809943249e-05,2.0011420779447908e-05,8.466831823899707e-05,0.00024828227186768695
41,2.9822371542835628e-05,0.3478569407313655,0.00037817375317222905,0.006325516618901193,0.012235686059214788,0.00042041984348256754,0.007594070612951002,0.0003583242040041007,0.005773726339091452,0.00035220769797261666,0.6062487633732041,4.278211296018069e-06,6.658933915780199e-06,0.0012507652031818477,0.0019173374833857417,2.945260476327307e-07,2.942380051823359e-07,0.00020255966346063192,0.00769831255627294,8.291413940672753e-07,0.0007984188789789142,3.53989241329909e-05,2.6817575473193303e-05,0.00016489415709665457,0.00031948890245586437
42,3.653770519931127e-05,0.3223062739392103,0.0002569363549065994,0.00472491255576169,0.009484361752454776,0.0003317355814440337,0.008384938916009135,0.0012066406899926318,0.0071010179527922455,0.0005029776014904548,0.6127406087833094,5.494921704635773e-06,3.0211915868355164e-06,0.0007807723635463002,0.004078878689938428,6.263358361976187e-07,7.480616960781528e-07,0.00017139227938640914,0.02535048360182029,1.2173863972291147e-06,0.0018996770985374258,0.0001365410531980697,3.2508745685993735e-05,0.00014900847463266055,0.0003126879634628192
43,1.5991528886455562e-05,0.3535943758267987,0.00016523736221786087,0.009834952769788533,0.02233029739423189,0.0011381416709199896,0.0058159688678996535,0.0009475840761302829,0.006946114870614869,0.0018334910580224994,0.5693985380011192,3.1431110520080175e-06,2.942402461445126e-06,0.0009594112428567873,0.003202049943145021,1.018253264104514e-06,4.200396446311671e-07,0.0002790944299545056,0.019187144971702846,1.0075813686631117e-06,0.00371522651978146,8.230142839578243e-05,5.470405100958458e-05,0.0001435240888360213,0.0003473185098972246
44,3.268373866592786e-05,0.31875282340277167,0.00030151196265547017,0.006324681510011342,0.009384510080941929,0.00035469222413532096,0.007883963961929537,0.00034090699245943135,0.003786476284658122,0.00029131043329422935,0.6417167290202295,4.836804557707273e-06,6.35123198895006e-06,0.0011685960699368693,0.0014899285515765776,2.628511764054136e-07,3.255471298071499e-07,0.0002562611782218254,0.006608984951621838,8.706371329752901e-07,0.0007835587088447972,3.711678880038376e-05,3.082221074942188e-05,0.0001572963704984482,0.0002844984860115637
45,3.4813757061411614e-05,0.2908646956463052,0.0004178161551762317,0.005216910868701038,0.01134223743208478,0.00033832475924634546,0.010357954993401294,0.00047952265477707996,0.006086127543783536,0.0002872097601939545,0.660882479403726,4.832967348652707e-06,8.41354276384257e-06,0.0010690915531458012,0.0022178450611871937,3.388672605241363e-07,3.516927871919592e-07,0.0001522995853761867,0.009154634395177842,1.0111518123421277e-06,0.0005947720544724397,3.841296271075617e-05,2.6963906422064995e-05,0.00019638336943792516,0.0002265559156402899
46,8.31557610356436e-05,0.3871381837350917,0.00033739985472186414,0.0077761783906922805,0.010666311986196423,6.702242382129827e-05,0.004133256985532404,0.0011621587661731392,0.0014475235339766915,0.00019613878610411997,0.5767885896834792,1.5797076877834178e-05,1.1488217748267399e-05,0.0005230488320903137,0.001300470428212675,1.196273658003061e-07,5.9933583014827346e-06,0.000542337557448078,0.0054502789156656815,8.469128076203367e-07,0.0010931795496987003,9.102039570395138e-05,4.315156491531621e-05,0.0007827803458985271,0.0003435673104410226
47,0.00017422553183914284,0.2961377727599509,0.0002951480224116282,0.0027069022942430737,0.0034693295781972914,0.0002315221575862279,0.01033402023890051,0.000321628973301643,0.001984439268069704,0.0001482953217191042,0.6739982361956244,1.6832313662708925e-05,5.531031342455025e-06,0.0008617746423608329,0.0013592835771208988,2.844812274090383e-07,8.800296161107292e-07,0.0005875715389978731,0.005924669444980282,9.615819288557152e-07,0.0007697625028005611,0.00010511316526581721,2.680480441570344e-05,0.00020361997292988338,0.0003353905715070018
48,3.8062392872373654e-05,0.7216010648017904,0.00011822902266277364,0.004311301582291366,0.00710480407861529,9.17949180785231e-05,0.007337746649329141,0.0008047633993381371,0.001987750159526897,0.00047410977348351515,0.23517802026197976,3.1667182354201867e-06,8.258633261558332e-06,0.0007314740066241642,0.0019953426970915904,2.6009001997461597e-07,1.3191768693488616e-06,0.00017148088631336586,0.01667770144894354,6.338388967939929e-07,0.0007087648326968911,0.00011630016378571433,3.492120098180932e-05,0.0002779287785525354,0.00022480048775907132
49,2.795844481071316e-05,0.21564323991379036,0.0003054073826009484,0.005039140170977579,0.010622539466811505,0.0005075566434798259,0.005588285142826791,0.00025539676696343684,0.0029155183043792824,0.00021696703329726714,0.7498087205064802,8.013092357259592e-06,5.87083019002083e-06,0.0013806464739963317,0.001183988381517932,2.554644661146058e-07,2.86157499577427e-07,0.00029746668267298566,0.005073025005600911,9.551112592348277e-07,0.0007602917824021411,4.574003218988062e-05,2.9157058003447123e-05,9.553826451728014e-05,0.00018803588690909534
50,4.053527304903439e-05,0.5541381971458228,0.0003448316089071583,0.008471714677706403,0.011210207393058051,0.0005728882700900862,0.022924838446414686,0.0006183593478504142,0.009868183957648068,0.0012221687364640723,0.3579487431920295,2.8376054973999453e-06,8.47195908230811e-06,0.0023478849752369677,0.0021991384274869263,9.920333606831286e-07,1.885735654842205e-07,0.0001666475417921326,0.026289573282804235,1.3298653253061144e-06,0.0009254977111627039,6.358544722615258e-05,3.1925057515474795e-05,0.00014661836958184034,0.00045464110132216256
51,2.8370501358912324e-05,0.3182681582276124,0.0002493209532953208,0.00712681507317661,0.007506847544157332,0.00031269583772919253,0.008069339711653942,0.00034040110781958225,0.0030082320699740344,0.0002970627534628635,0.6453462904512441,4.509568522825844e-06,5.859014909329233e-06,0.0011735963645231942,0.001030167857511845,1.976910303481277e-07,2.737663257092226e-07,0.0003346403416006767,0.0056066476247492395,9.109824057816417e-07,0.0008414455532641247,3.794548650667692e-05,2.775448837709644e-05,0.0001357221203476164,0.0002467949084410572
52,2.1151987341008933e-05,0.14304778282691455,0.00011414298763178372,0.003123023245142946,0.0025804402509585923,0.0008346929466522426,0.007717011707844935,8.677217685229736e-05,0.0018843195253228683,0.00015204295203084112,0.8366552294758052,2.094680318593664e-06,3.434998313793605e-06,0.0005944393116086702,0.0006569218406828246,1.827977326091365e-07,7.869858784003634e-08,0.0005079761740204099,0.0014080220754551151,9.868646028660011e-07,0.0003947419705069429,2.0438429144408496e-05,2.85541947457557e-05,6.822134661368821e-05,9.729653516919318e-05
53,3.0407581104045022e-05,0.14992297720225398,0.0001421458150785279,0.002936997101548959,0.001216043148453034,0.00034674021187947664,0.022024800311553544,0.00013516557332534198,0.0029324259634058744,0.00011516509726676714,0.8149198431694796,1.3774795680611326e-06,3.260219805388174e-06,0.00043478476141470805,0.0016137111303548503,2.9034297589048366e-07,1.0049481274307084e-07,0.00017955722262966828,0.0024058513391560904,1.2002576305841266e-06,0.0002994880364246226,1.5635883173283412e-05,4.034281945522717e-05,0.00011220122385882985,0.00016948761339077926
54,6.000994771048979e-05,0.5722515543533065,0.0003694427344037433,0.0055497815064923265,0.0049984033405008265,0.0005259834768195401,0.020082252427731886,0.00016844777049971146,0.005747876209274939,0.0004479975952976774,0.37512053125967115,4.183654180244819e-06,7.82971757085328e-06,0.0026760852555806703,0.0022987411894182367,6.150565059207468e-07,1.4605347609787497e-07,0.00018766786733133035,0.007960978129878143,1.1021829211241367e-06,0.0006026647959836709,4.301091880138016e-05,3.45008911006273e-05,0.00011648802249402266,0.000743705643048983
55,5.7318297961615886e-05,0.288672058056587,0.0005552757008821139,0.006435702757699584,0.004145856805032379,0.0001910484375262162,0.009292041765439879,0.00029124171235887135,0.0062220962685952865,0.000167904239145338,0.6773881200218939,8.082294212564193e-06,1.2206770446876546e-05,0.0007806784412799668,0.0006359518351304273,1.0143247845304814e-07,2.566892608301487e-07,0.0003702994273214818,0.0037953260520309983,1.3604603035171598e-06,0.0003552389174623844,1.9495370763316386e-05,9.920150664786999e-06,0.00018105767626032092,0.00041136041926189673
56,3.197108912943877e-05,0.3295572383924032,0.0003112147254297233,0.0060733487823142794,0.009217443646996275,0.0003320367361922947,0.007754948473856992,0.0003313123162231875,0.0038218487388808316,0.00027874871838663706,0.6320767913020137,4.78044046890825e-06,7.4558898735297785e-06,0.0011323397358669047,0.0014313576809458302,2.405980041618606e-07,3.373205154787153e-07,0.00025280302040579154,0.006194486512367863,9.058762260924085e-07,0.0006976274710926508,3.6108603612726195e-05,2.8769819678795682e-05,0.00016624793933689024,0.0002596361697777003
57,3.7651745212882806e-05,0.36804898861767765,0.0008067260334719072,0.008451011238420948,0.03156247389581071,0.0003306005871465681,0.0049910754379504695,0.0010795507488268346,0.009660537812748223,0.0006110066034584537,0.5438796091176876,1.7105597213781934e-05,1.0506966225305163e-05,0.0018778633265769916,0.002218818171213841,4.4722854503674935e-07,1.0235436634204738e-06,0.00019272579182166424,0.02380435437895221,1.1610205622446312e-06,0.001683736110987937,8.679728296907122e-05,1.923661508349808e-05,0.00018137327969831879,0.000445618848074495
58,3.453292103985491e-05,0.3528656562456634,0.00031402255477001363,0.006059847461507754,0.009293495855216646,0.0002871149971107672,0.007931383471125862,0.00036474070842461466,0.003410056593153999,0.00028981486010524744,0.6093081118432732,4.7044328947459534e-06,7.316918749232361e-06,0.0010204326428845745,0.0014605965944668184,2.3497922255398484e-07,4.1797952103164075e-07,0.0002758196404711318,0.005771049926266254,8.377522904545557e-07,0.0007401408411507188,3.8116808521903554e-05,3.1816192698942023e-05,0.00021850182952695867,0.0002712359499434224
59,3.740216495486129e-05,0.33809018979369,0.0003970548955599011,0.0063918754596512,0.009719483157350968,0.000267974674327584,0.008284073617076712,0.00038889620847667734,0.003532911784391436,0.0002768314965906337,0.6234640226092146,5.108373960651123e-06,7.9473154465012e-06,0.001011958092118767,0.0013645199152598133,2.307114437567432e-07,4.392756176046369e-07,0.0002958879617635289,0.005126944332933588,9.06701204858218e-07,0.0007249551213123661,3.465899944037088e-05,3.0121346798318424e-05,0.0002649568449316756,0.00028064914648342923
60,3.268373866592786e-05,0.31875282340277167,0.00030151196265547017,0.006324681510011342,0.009384510080941929,0.00035469222413532096,0.007883963961929537,0.00034090699245943135,0.003786476284658122,0.00029131043329422935,0.6417167290202295,4.836804557707273e-06,6.35123198895006e-06,0.0011685960699368693,0.0014899285515765776,2.628511764054136e-07,3.255471298071499e-07,0.0002562611782218254,0.006608984951621838,8.706371329752901e-07,0.0007835587088447972,3.711678880038376e-05,3.082221074942188e-05,0.0001572963704984482,0.0002844984860115637
61,3.359835141255344e-05,0.31999480938274383,0.0004060329725419639,0.0058879105827233675,0.009856277042509578,0.0002692126410651903,0.007427202310784236,0.00034906068880009655,0.003744709656437851,0.0002458631111622313,0.6426169658118657,5.287980785589854e-06,7.514162964553051e-06,0.0010458029056415199,0.0013382200651272868,2.0925652987267098e-07,3.893188178920196e-07,0.00025636513456206845,0.0052953887546092655,8.594092617156079e-07,0.0006841157647901399,3.3453211180642194e-05,2.5438357156696795e-05,0.0002122771480212115,0.00026303597850505964
62,3.268373866592786e-05,0.31875282340277167,0.00030151196265547017,0.006324681510011342,0.009384510080941929,0.00035469222413532096,0.007883963961929537,0.00034090699245943135,0.003786476284658122,0.00029131043329422935,0.6417167290202295,4.836804557707273e-06,6.35123198895006e-06,0.0011685960699368693,0.0014899285515765776,2.628511764054136e-07,3.255471298071499e-07,0.0002562611782218254,0.006608984951621838,8.706371329752901e-07,0.0007835587088447972,3.711678880038376e-05,3.082221074942188e-05,0.0001572963704984482,0.0002844984860115637
63,3.1549895943142456e-05,0.35395101100068566,0.0002795741768184192,0.005526377485889008,0.00790119235255014,0.0003051058822754336,0.0075662325588559,0.0003111677123409823,0.0037194351781956103,0.00026756620526942066,0.6103902581879195,4.113229698343395e-06,6.481118047455025e-06,0.0010011376005259246,0.0014492994844641585,2.1441363067370942e-07,3.2240883953367386e-07,0.00024932670872114917,0.005871552143549622,8.352414590733617e-07,0.0006736301456943688,3.6953916817033286e-05,2.6601746300086015e-05,0.00016364441062397675,0.0002664167948854183
64,3.0715972327629686e-05,0.29109143962997014,0.00025293417278117165,0.006107326387617379,0.009602569540085289,0.00035177445521236705,0.006577465894304612,0.0003648281937963215,0.003251958167329271,0.00030175811254479315,0.6700064829242377,5.167246354708886e-06,4.436706819538332e-06,0.0010702065481920427,0.001611956672343886,2.7902552759940213e-07,3.743545592945215e-07,0.0002774567762669082,0.007345392875815252,7.247551701677418e-07,0.001235678924994744,3.9983804978721206e-05,3.237415600164052e-05,0.0001458027865843015,0.0002909119161845177
65,3.283295084975379e-05,0.3216757926889449,0.00030212737768543275,0.006277732190775535,0.009251376792400177,0.00034787207644815726,0.007947714612574257,0.0003430233076942326,0.0038322886273743028,0.00029001323195021174,0.6388900621834449,4.763556663844247e-06,6.38561706565333e-06,0.0011506817117494274,0.0014989620313738412,2.598491146461461e-07,3.266834282466409e-07,0.00025336075980717546,0.006609928033698245,8.704028633668018e-07,0.0007716740686253017,3.7013669427874366e-05,3.046642104508596e-05,0.00015946485814150244,0.00028500629685410323
66,3.4625827549228296e-05,0.2978694826304307,0.0006932502532619456,0.011548954170401008,0.01624145088609254,0.0008861962597219098,0.016132321436802755,0.0008243613977706429,0.017393844304651757,0.0011015941448362931,0.6066847635100446,7.612893338706047e-06,1.4992735840088872e-05,0.0022059494376771125,0.0012562580543544217,9.868737014479828e-07,1.8620763627919082e-07,0.0002052381018533069,0.025492055725562165,3.1692039708853056e-06,0.0008980690623945998,4.3909366653549274e-05,1.835802044980997e-05,0.00010361599636014886,0.000338753498644157
67,3.201033288364597e-05,0.28274691406728336,0.0002980320394849145,0.0063371940677751796,0.009060863972406661,0.0004227787687145252,0.008154625315028134,0.0002738441195064328,0.003169969707917422,0.0002573814631963033,0.6792771101656304,5.252587381253726e-06,6.288932148356624e-06,0.001352339277525018,0.0014878083017701462,2.995138685273838e-07,2.9248370750920877e-07,0.00027136193665698566,0.005582855643852243,9.405913024932825e-07,0.0007704650934798306,3.52389220517809e-05,3.8765035061856276e-05,0.000139458667135411,0.00027790899423171345
68,3.112663269571432e-05,0.2507441268805208,0.00020183527919040203,0.0055576609126614255,0.005842409640448731,0.00037216780710473755,0.006867737180925975,0.0002334165095835521,0.0022537642417750077,0.00020862194995924582,0.7203456314571886,4.559312465459046e-06,4.617999426666835e-06,0.0008752875123386483,0.0011213655398799257,2.1058090820957605e-07,2.8775689139820155e-07,0.0003642443175704077,0.0037715486034006177,8.652441695003945e-07,0.0007536902203784025,3.301022150613847e-05,3.634543643002462e-05,0.00013130735378314261,0.0002441614087974177
69,3.2179000645773614e-05,0.3117256854217431,0.00028470778336026607,0.0058485818770547164,0.009494484774741851,0.00036933331245647926,0.007648345819091119,0.0003128999532297787,0.0036097098382761855,0.00027433952557027113,0.6495858995161353,4.821252987786e-06,6.060460626782714e-06,0.0012093696658864851,0.001510663498497115,2.587685126539396e-07,3.089509730536485e-07,0.0002464873515950021,0.006595422502284982,7.987306910589691e-07,0.0007643481446878225,3.8022989814893476e-05,3.0843379363678095e-05,0.00014375846495005967,0.00026266901682388987
70,5.048301593738122e-05,0.2662432433995675,0.0006142204234004139,0.006841007785854121,0.010524817653793154,0.0006985248178151622,0.009457904835566359,0.0001291593481034988,0.0032374281176383,0.00019804853273098938,0.6907681754669808,1.095031611197503e-05,7.808793294542847e-06,0.003957348014073404,0.0012643890139997288,3.9175041487219953e-07,1.9312631781762157e-07,0.00032911732248852983,0.004265722844477922,1.0569407943634737e-06,0.0007758155258912609,3.4894081645467725e-05,3.952511361946684e-05,9.146689445516378e-05,0.0004583068650277742
71,4.356027629660597e-05,0.2159345286432343,0.00023918795252727136,0.0056603036832925425,0.00468006393743229,0.0002578191487673625,0.010761247922233885,0.0003409538459219381,0.002425279722804952,0.00017602741818759665,0.7509256490962659,5.099337305924649e-06,5.330889144427534e-06,0.0008328402154031709,0.0011868557088197172,2.5436180721990256e-07,3.4567532144052905e-07,0.0003223778687585456,0.005017828586833499,1.0810376765565703e-06,0.0007143093949325266,3.106360786495006e-05,3.7022724364209876e-05,0.00016611141985591282,0.00023485752494724674
