,0,1,2,3,4,5,6,7,8,9,10,11,12,13,14,15,16,17,18,19,20,21,22,23,24
0,0.0003224467740722078,0.001232725357241765,2.874429917634012e-05,0.007660806070954627,0.005232629220986146,0.037460533689360746,0.0007687920827681796,9.758354502750409e-05,0.008772763213980208,0.009261003257355826,0.10593427965468519,0.00098583103920902,1.1282319127958258e-07,0.015883453118654765,0.4545770289565084,0.0007013790799588688,0.000101052496589191,0.022612554695161404,0.000581756179669816,3.933489836863898e-05,0.0019395032536841023,0.0010887658592573868,0.30832959998414267,9.485112609961235e-05,0.016292469323896275
1,0.000458487450451191,0.0014497448354947823,5.4529116823276793e-05,0.008799830241262347,0.008275047860737936,0.04794617592993855,0.0007437611364922819,0.00013199245447731794,0.016979354157412602,0.01472213267965088,0.12111273702115609,0.0008923147727153152,1.5512292333888337e-07,0.011816904287587205,0.4439032912972716,0.0010256061878380991,0.00010740635107430153,0.01747438610987096,0.0010698532706233058,4.178265323874792e-05,0.0020152431097427447,0.0011685816945318517,0.2851652866136679,9.092934387276366e-05,0.014554466301144486
2,0.0001666180257698958,0.000878995307548684,1.926067161044863e-05,0.0029575297059258087,0.00471059555492171,0.013610634929327852,0.0002859498491009678,6.070804004881919e-05,0.0068597873389219435,0.006455056482511318,0.12827761017526912,0.0006269250666408381,5.132216775592301e-08,0.01450292469668145,0.5882764482011168,0.00019378301052591808,4.079403778300231e-05,0.010981958702020643,0.0002463204993573695,3.282947570275372e-05,0.0011116603725751615,0.0004368241547527152,0.2039315447930089,3.396047773404831e-05,0.015301229108976104
3,0.00030070209623940937,0.001294296723197388,2.7722968639757427e-05,0.006594150231494764,0.005155747063649243,0.035038844575961216,0.0007394950585262747,8.79459905811731e-05,0.00793507627344193,0.008384904241123772,0.10200152959125607,0.0009833571700450603,1.007508315572879e-07,0.01676497630830559,0.4721051811597218,0.0006175603972997806,9.872155688540359e-05,0.02137303987903574,0.0005631902226243101,3.6641108019911284e-05,0.001908733780045071,0.001079340379699114,0.29942661259112957,9.484440746775192e-05,0.01738728547477839
4,0.0003490693539375166,0.0012961001528918794,2.9510505540910404e-05,0.006769173446746746,0.0055487730958905575,0.03671521272046935,0.0007919571672507417,9.38344722967273e-05,0.007492145531985402,0.00899180176333798,0.10145214611392846,0.0009966225702719397,1.3360527334156015e-07,0.01973768913899956,0.4587388699229911,0.0007061443140686393,0.00010787908332087504,0.024839370946161964,0.0006785842980980091,4.1666478751158614e-05,0.0018929926474983351,0.0010175222494993156,0.3045670585942296,0.00011611806883906592,0.017029623757720748
5,0.000287788179243556,0.0014138690775655127,2.088638820739496e-05,0.00853191149955886,0.0041688576403936155,0.03816450525709216,0.0006206131925135592,8.860743047155462e-05,0.006948660617196323,0.007150431275132549,0.10071549741792156,0.0008292123104788376,1.0625017419396017e-07,0.015166456285621938,0.4569985986013469,0.0006610913719325349,9.036119403210885e-05,0.030713555999272276,0.0005518338274331615,3.97376264535414e-05,0.001805006884763258,0.0010656452108187156,0.30959046482246644,8.858470614077338e-05,0.014287716933768825
6,0.00030070209623940937,0.001294296723197388,2.7722968639757427e-05,0.006594150231494764,0.005155747063649243,0.035038844575961216,0.0007394950585262747,8.79459905811731e-05,0.00793507627344193,0.008384904241123772,0.10200152959125607,0.0009833571700450603,1.007508315572879e-07,0.01676497630830559,0.4721051811597218,0.0006175603972997806,9.872155688540359e-05,0.02137303987903574,0.0005631902226243101,3.6641108019911284e-05,0.001908733780045071,0.001079340379699114,0.29942661259112957,9.484440746775192e-05,0.01738728547477839
7,0.0009336343017661773,0.0013763131330340025,6.479804723538784e-05,0.012065411826969656,0.009446988993049521,0.029339387028168382,0.001290174417395021,0.0001994869057407886,0.011871029650711436,0.024588604714508258,0.210283543253625,0.0012172437570037433,2.920749992422925e-07,0.022967079081858625,0.4388973234150657,0.0008372602303946274,0.00015513608421062076,0.017275248356393706,0.0011410895050436693,5.7451378506101234e-05,0.0011612479693377594,0.0015495456796391297,0.19072839663864533,0.00012883503799124478,0.022424478518706763
8,0.0004145416052878144,0.0008015852923684516,6.577824027588927e-05,0.005522201449924761,0.00533528286300641,0.017865146852680706,0.0008452459462990268,6.363059015378039e-05,0.005534295685674455,0.017234916736785375,0.10871157512373675,0.0014192424057025775,1.1401921916632055e-07,0.03333800526007375,0.3815053710161159,0.00039540332091609606,0.00012052422879491381,0.0071635619041958845,0.0003728684776406706,4.1836925600446275e-05,0.0024261669332259796,0.0008039141260708357,0.3786257757732464,0.0001668650752245708,0.031226150147779422
9,0.00024852677021343985,0.0008920856079961473,2.595936658462834e-05,0.004523366004144154,0.0032208327527061603,0.013656397002545513,0.0004147932381358296,4.595011141423173e-05,0.004734517815806224,0.010283079366547283,0.10594191202319819,0.0008219206542135866,4.969169113606252e-08,0.021854091745125724,0.47236982413769213,0.00019967141391910554,6.306175204938095e-05,0.0071270825317148985,0.00023324892429678202,2.538506496004077e-05,0.0015062391912779565,0.0006377236733518588,0.32486500599254964,7.737879823933359e-05,0.02623189636962683
10,0.00030070209623940937,0.001294296723197388,2.7722968639757427e-05,0.006594150231494764,0.005155747063649243,0.035038844575961216,0.0007394950585262747,8.79459905811731e-05,0.00793507627344193,0.008384904241123772,0.10200152959125607,0.0009833571700450603,1.007508315572879e-07,0.01676497630830559,0.4721051811597218,0.0006175603972997806,9.872155688540359e-05,0.02137303987903574,0.0005631902226243101,3.6641108019911284e-05,0.001908733780045071,0.001079340379699114,0.29942661259112957,9.484440746775192e-05,0.01738728547477839
11,0.00035006517774552727,0.0012611666349740735,3.0128454872829026e-05,0.006939509530124334,0.0054052910422275665,0.038502464708613404,0.00083922636073648,0.00010708397474734387,0.008474799159399202,0.01007796643406705,0.1036941366348742,0.0010867281720453174,1.3890050137913488e-07,0.017707203854985414,0.46320071003176533,0.0007348281227568004,0.00011424268058401694,0.024480697318322857,0.0006783088929123783,4.1206651428194764e-05,0.0018788373574197136,0.0011537896637664666,0.2962325286532225,0.00011545602247437497,0.016893485565433016
12,2.022627990070216e-05,0.00011916552303904395,1.7237307334769531e-06,0.00029525053063301175,0.0064883326540072,0.00806375187062948,0.00027975353270355227,6.04201747590943e-07,0.0007870250288171465,0.0003272644821523286,0.00926617266650199,9.655903828967726e-05,6.734486055084453e-09,0.035655054140715056,0.05380010408325,4.502334994086954e-05,1.5550765707264926e-05,0.013577409062815755,2.6368513912441996e-05,2.169331176738114e-05,0.0010773774422338936,1.620541900282539e-05,0.8548122980857012,4.5565396579354854e-05,0.01516151415473264
13,0.00010859075673246101,9.542979215894034e-05,1.3526480571240333e-05,0.0017770154451455006,0.0010039322212733648,0.000782885338198295,9.09502671187396e-05,3.6649351104025866e-05,0.0010592107027875969,0.0024746681162585017,0.3753878729945656,0.0007825691220382048,3.158101901173751e-08,0.02749724145786992,0.48731988361787654,7.928037108843547e-05,1.1705876126447911e-05,0.004752743275972544,2.2447167357211958e-05,3.2798518736605544e-05,0.0005643325692163741,7.165416778831894e-05,0.09212408062422613,6.220483549674913e-06,0.00390427970122024
14,0.00012644607042401666,0.007866425830797394,2.2302333587248032e-05,0.007013656450076547,0.00901977200637461,0.03923685809698301,0.0001002616205475943,4.017766759750351e-05,0.005906334862087304,0.002616364414011603,0.1510371335465039,0.00013140137932806447,1.1276741742188894e-07,0.005878865765014763,0.5537017183613516,0.00044751128909540245,2.5700590130087684e-05,0.04686517321459883,0.0016194979666416236,5.448986002164541e-05,0.0007393148233103047,0.0005265198533330418,0.16146406227959667,2.31707077373979e-05,0.005536728243432278
15,0.00030070209623940937,0.001294296723197388,2.7722968639757427e-05,0.006594150231494764,0.005155747063649243,0.035038844575961216,0.0007394950585262747,8.79459905811731e-05,0.00793507627344193,0.008384904241123772,0.10200152959125607,0.0009833571700450603,1.007508315572879e-07,0.01676497630830559,0.4721051811597218,0.0006175603972997806,9.872155688540359e-05,0.02137303987903574,0.0005631902226243101,3.6641108019911284e-05,0.001908733780045071,0.001079340379699114,0.29942661259112957,9.484440746775192e-05,0.01738728547477839
16,0.00026026817158635886,0.0008301869037127241,2.7323336082598274e-05,0.005903901174926453,0.004012026011558967,0.029998722155226084,0.0007243011934741549,8.38258970141427e-05,0.004939482720158792,0.00658077248539737,0.10132940542591848,0.001153106186880866,1.1906874941359826e-07,0.020480617192743758,0.46580186551455155,0.0007841015710053723,9.184777636694814e-05,0.029130225847193138,0.0004468573650089258,4.548371409660074e-05,0.002488969786883203,0.0007732736216229673,0.31283786555342735,0.00010083989633064728,0.011174611430083067
17,0.0004069763728935614,0.0010950379390450107,3.351525616911574e-05,0.007748597758471756,0.006061898453285837,0.025805993798101445,0.0011499098251559355,9.540421302369775e-05,0.007681908755059319,0.0080779213041071,0.1285247029961237,0.0014734599712363235,1.133455497043282e-07,0.026141757874818525,0.4340447015785375,0.0006204581290879863,0.00012094619619898775,0.018198102567106897,0.00040935102397515044,4.1383598122253176e-05,0.0020400427073713513,0.0011766857429065366,0.30546509562146695,0.00010130200887344129,0.023484732963311824
18,0.0004574383544239644,0.0016899973362083597,1.3361600695294744e-05,0.0034358344244994265,0.0058622076568099575,0.021779945937001784,0.0010830313654358779,3.9623450208672605e-05,0.007502723393052703,0.006731390780262848,0.08981246587471242,0.0006644250383015287,4.966304969296788e-08,0.025815018065238674,0.3687180421042342,0.00019819751283490754,0.0002750625856556034,0.01848676230694336,0.0005770928547634064,2.2320628593585285e-05,0.0011819910067794913,0.001718046659310647,0.36990413417404455,0.0001299478802409551,0.07390088934669813
19,0.00046977809850708895,0.001122435266682222,6.298229249290486e-05,0.012324125772951828,0.008024083934769825,0.06768724730807092,0.0022027353661945343,0.00022951705553190987,0.015488193465150294,0.031075558541519898,0.12137194850374688,0.0024650692110515958,2.5826594229145085e-07,0.014749556016817685,0.40265922223003137,0.001115201756972831,0.0001811730445809228,0.01607045667264306,0.0007129057606492982,6.306402787580086e-05,0.002170322999268493,0.0025386310535163606,0.27233388953523685,0.00018582678284709698,0.024695817036948096
20,8.277808916544932e-05,0.001626323791744841,1.3172732785390239e-05,0.004057611779427821,0.0011624506148594413,0.021072396329644878,0.00021183436221818128,9.229100091156224e-05,0.0038711712595234098,0.003296045824718246,0.06857592355759141,0.0009365310544129692,3.721199267931426e-08,0.005915282536404525,0.7233764052389693,0.0003054795207991641,3.674907386062707e-05,0.014050635306043304,0.0002233808800875752,1.6520894637853587e-05,0.001641013774425389,0.0012914536251099737,0.14066891005927273,3.424518839696515e-05,0.0074413562929964705
21,0.00031019545756335107,0.0009788399716750323,2.6551963236649074e-05,0.007446402523426559,0.004083998860807648,0.02281812719677333,0.0005568066318819828,7.948575264278122e-05,0.005943898034627709,0.006129536585874206,0.13204438060206203,0.0009796094180171597,9.650111239125232e-08,0.020465451584494945,0.4757435586001057,0.0006278930444268809,6.894369083280008e-05,0.021497719548193326,0.0003924253862038151,4.098147199921164e-05,0.0018005771427349387,0.0007059107892257852,0.2845783929697953,6.520870587669491e-05,0.012615007566409717
22,0.0003147310679490172,0.0006569193966392034,3.5001508579529374e-05,0.009777041925903169,0.003936029770797937,0.020303112004623498,0.0006126982386117689,8.669577601960452e-05,0.005475398636528335,0.010479939241365853,0.19781386110996385,0.0008800525720339152,1.2339520594292097e-07,0.014641072505676589,0.380936251150762,0.0006772290471037801,0.00013395506002058572,0.026440640517046372,0.0003641828498925285,6.510000516021364e-05,0.0022954686358144104,0.0008930721454717863,0.3121938380657302,6.432550842073533e-05,0.010923259864679222
23,0.00030070209623940937,0.001294296723197388,2.7722968639757427e-05,0.006594150231494764,0.005155747063649243,0.035038844575961216,0.0007394950585262747,8.79459905811731e-05,0.00793507627344193,0.008384904241123772,0.10200152959125607,0.0009833571700450603,1.007508315572879e-07,0.01676497630830559,0.4721051811597218,0.0006175603972997806,9.872155688540359e-05,0.02137303987903574,0.0005631902226243101,3.6641108019911284e-05,0.001908733780045071,0.001079340379699114,0.29942661259112957,9.484440746775192e-05,0.01738728547477839
24,0.00039270450657897854,0.0017387498569845935,3.184264565374742e-05,0.011798409270589798,0.006538794503949991,0.030547995082641926,0.000666094536573208,9.353626546633704e-05,0.0076014015239245164,0.008016085929646833,0.1492335939956504,0.0010276575896947992,1.3268548908705667e-07,0.02070119286302444,0.43317240176975963,0.0006352054205358152,9.196187911803089e-05,0.02322308814133096,0.0005299400865342841,5.28555898884031e-05,0.001627343870282658,0.0011164354495407,0.28198261211705133,7.821886373598425e-05,0.019101745556353477
25,0.00013269944364607058,0.004032915145124407,1.708718108831404e-05,0.0033864935843622517,0.004387774816493811,0.12015827479184427,0.0003526503148018934,3.559949923995568e-05,0.009637118017804615,0.00436865324410081,0.01943992339883654,0.00035581815787880686,4.012263973462674e-08,0.005586276021214707,0.38710088393416314,0.0005961443392408375,8.627000279416056e-05,0.021023638030822554,0.0015946477668829977,1.3080100376153842e-05,0.002641711832408322,0.0014198731453438495,0.3970120859148744,0.00014060854758604372,0.016479732646431308
26,0.00040028911549794776,0.0010674132842782202,1.7982876916627564e-05,0.005588039984791269,0.0068906744563620925,0.05949970490888103,0.0008550884636650407,6.143208624543678e-05,0.014176963627595211,0.011642662760955026,0.06130017348322751,0.0004620260614060556,1.1127295386887596e-07,0.011795686998941433,0.27855032423772585,0.0006191983430653251,0.00015644284942468973,0.033453521039615124,0.0009747304486369908,3.22842945119112e-05,0.001683921856267907,0.0009024362834954302,0.48941869949878813,0.00014460237917105788,0.020305589387580845
27,0.0002442642775915713,0.0022428413478850643,1.7444421245121004e-05,0.006422945622326956,0.0037334637129758804,0.03343333978848621,0.0005164232977874503,9.960422176665807e-05,0.011262604991526634,0.007059903539525549,0.09629002724834188,0.0007910325306818908,5.6093293965367674e-08,0.009812376351795245,0.5796816760882553,0.0003810205913463677,7.184329807003255e-05,0.01418699462576863,0.0005315504688640398,2.0242093726466523e-05,0.0010772152474099834,0.0016373507971737056,0.20832430751433367,5.539697324140299e-05,0.022106074856580605
28,0.00030070209623940937,0.001294296723197388,2.7722968639757427e-05,0.006594150231494764,0.005155747063649243,0.035038844575961216,0.0007394950585262747,8.79459905811731e-05,0.00793507627344193,0.008384904241123772,0.10200152959125607,0.0009833571700450603,1.007508315572879e-07,0.01676497630830559,0.4721051811597218,0.0006175603972997806,9.872155688540359e-05,0.02137303987903574,0.0005631902226243101,3.6641108019911284e-05,0.001908733780045071,0.001079340379699114,0.29942661259112957,9.484440746775192e-05,0.01738728547477839
29,0.00030070209623940937,0.001294296723197388,2.7722968639757427e-05,0.006594150231494764,0.005155747063649243,0.035038844575961216,0.0007394950585262747,8.79459905811731e-05,0.00793507627344193,0.008384904241123772,0.10200152959125607,0.0009833571700450603,1.007508315572879e-07,0.01676497630830559,0.4721051811597218,0.0006175603972997806,9.872155688540359e-05,0.02137303987903574,0.0005631902226243101,3.6641108019911284e-05,0.001908733780045071,0.001079340379699114,0.29942661259112957,9.484440746775192e-05,0.01738728547477839
30,0.00030070209623940937,0.001294296723197388,2.7722968639757427e-05,0.006594150231494764,0.005155747063649243,0.035038844575961216,0.0007394950585262747,8.79459905811731e-05,0.00793507627344193,0.008384904241123772,0.10200152959125607,0.0009833571700450603,1.007508315572879e-07,0.01676497630830559,0.4721051811597218,0.0006175603972997806,9.872155688540359e-05,0.02137303987903574,0.0005631902226243101,3.6641108019911284e-05,0.001908733780045071,0.001079340379699114,0.29942661259112957,9.484440746775192e-05,0.01738728547477839
31,0.0005419987517740065,0.0014790252595054817,5.562453362271032e-05,0.00831036386270403,0.004936563179572392,0.02776892060287329,0.0006839577539702059,0.00024338450266419849,0.007673370235275967,0.009216776123807956,0.12720090522247163,0.001634703913557608,2.5434002008460695e-07,0.019140979730565003,0.5722207553102873,0.0011809951484917267,0.0001233793224644631,0.028271813845952322,0.001017050590558923,4.169582053589787e-05,0.002272690801664958,0.0014121436101567227,0.17362612081007175,0.00011008255964174533,0.010836444167789526
32,0.0003366923151047786,0.0016319648359504621,2.923483395367275e-05,0.006660482957492964,0.0054336679340906266,0.039253242960075235,0.000675009595377482,9.157557824745601e-05,0.008257894595311165,0.008428545798311399,0.09631782679093422,0.0008901157791351945,1.1695385885341429e-07,0.016302565689053927,0.4755256723970418,0.0006834512376846615,0.00010778049119525312,0.024610222010494565,0.0007918515166800892,3.598648224978539e-05,0.0018594072634896704,0.0011735438444272655,0.29370373499080216,0.00010719577593074197,0.01709221737310667
33,0.0004302397592867672,0.0018798843452007396,3.305955864713145e-05,0.008670607430398913,0.005853523372934463,0.05487725556757663,0.0010114065106267963,0.00011567148651936112,0.00785415554780394,0.009569746003511896,0.08420033343617045,0.001181359127155423,1.7769751105416596e-07,0.019161605916113947,0.4308645026638502,0.0010888445599471182,0.00017067932444821149,0.0353303316113425,0.0011542406136857198,4.123693516207529e-05,0.0022477848489131716,0.0017617615042539935,0.31422257739080883,0.00018265048730047338,0.0180963643008303
34,0.0023706087327730143,0.0012123416655913928,5.137561925337099e-05,0.008675324239412013,0.012272606961967643,0.012354207237669867,0.0005419564540460806,0.00011569386655388777,0.009999420800464596,0.01053148153124853,0.2630427901676935,0.0005310231508424406,2.5423420646375295e-07,0.042764878124325834,0.39963861974792336,0.0007236134362797699,0.00012794549459227544,0.02604672930485218,0.0018619870117970374,4.233918271037515e-05,0.0009229902189832499,0.0005471159221934072,0.189569582014202,8.007851395527419e-05,0.015975036366462338
35,0.001080166481683824,0.004658999097151286,1.963366558208581e-05,0.01509932556177986,0.005820336433303451,0.04204152056457824,0.0006092335361330329,0.0005398785612427918,0.05631751153026646,0.010652425665771003,0.14639295018463783,0.0007882264483653655,1.2765944111937895e-07,0.004740618173018678,0.5809569567615886,0.0007607061060502073,0.00011567032734255757,0.020263856289957225,0.002010430285159452,1.3389298538369424e-05,0.0004634557549518348,0.004895520298769446,0.08152692456992715,3.4501931020427054e-05,0.02019763481373967
36,0.00035030293892803047,0.0010041132506912562,1.788740251811141e-05,0.005703825024509623,0.0026022874558987896,0.022948813732187014,0.0018021195371723672,0.00021855776196479492,0.006372186564752402,0.005868286316525968,0.1135081178623912,0.003925871096574484,1.2055316043864338e-07,0.025118523508301963,0.5740434401305385,0.0007314105636306288,0.0002173784572088786,0.029974800105818766,0.00037349126530561124,2.9430641101728665e-05,0.0015727129765993027,0.0033209806477930773,0.17589043456659365,0.00011537663199356954,0.02428953100783976
37,0.0005103166000081375,0.0007878115666113441,3.448501313299604e-05,0.0060436147866623794,0.005367734688847929,0.024252185714887502,0.0011825102019693522,5.1083736650946845e-05,0.003382444176695141,0.006437499721752136,0.08573774832974237,0.0011302665170452994,1.4498979571884433e-07,0.04729960217087878,0.3278576071131124,0.0008254364750934063,0.00014532010841778896,0.02767700095911249,0.0005507240352562431,4.478971746108899e-05,0.002918638012316405,0.0006727516956664082,0.4387335290901848,0.00021623625068620478,0.01814051832801264
38,0.00015610697413036726,0.0008452000824340185,1.6837758299531462e-05,0.0039028618186862205,0.002558737386356357,0.052710647237286426,0.000686240705971194,6.644881275011473e-05,0.00472000528714109,0.005421694805130894,0.051966252449203845,0.0008653958800787598,9.629591345336184e-08,0.011845092858907192,0.46464153237232014,0.0009081780972872061,7.285695820537181e-05,0.033998060534091636,0.000559610972499049,2.8108364757224017e-05,0.002543716987092767,0.0007758113142188644,0.3529825607525961,0.0001248508895685359,0.0076030944050736
39,0.00012143473061752476,0.0020836392979599544,5.066894504256661e-05,0.005807240788094469,0.003046743508954592,0.11096259578049206,0.0005217974792877816,0.00014480390409992247,0.007571843598569712,0.00464795644574481,0.033312574557236,0.0018271092343530371,1.0837657251789623e-07,0.005151014335236842,0.49074163794932757,0.0018204637723728862,0.00013596463700800868,0.028537345482361386,0.0009212937944076715,2.86081817826928e-05,0.009054653675591563,0.0024631692933742076,0.28394667331159235,0.00012524894768158322,0.006975409972238547
40,0.0004044316886852662,0.001516377234325713,5.3280013785490136e-05,0.002560221132533948,0.011087745609309465,0.009069632076852673,0.0006281602156795066,4.355068899993694e-05,0.004028988815159866,0.0035802040027407213,0.13655817246261312,0.001323390200919395,8.012826408031758e-08,0.06176034624984909,0.5146619084567523,0.0002611489745554162,7.88504674424732e-05,0.009442203892422365,0.0004209536340007379,3.4289785562659705e-05,0.0017299591388550894,0.0005731982090167904,0.20812878606969426,7.789308784062184e-05,0.031976227764139
41,0.0003106848555618233,0.0018487485918851471,2.592083286278623e-05,0.009164519346671481,0.00667073984600893,0.029815890418865468,0.00037890051776355197,0.00010993511211213919,0.01096544778629481,0.0067107361229801,0.13985043393308727,0.0005818280454866041,1.1081585620215698e-07,0.013577115772771656,0.5330501090681283,0.0006623663454492331,4.861806058100116e-05,0.023505911020404092,0.0006792398194646954,3.933757326897185e-05,0.0011540055567515557,0.0007046201093069093,0.20944915204581374,4.539575011070713e-05,0.010650232652512914
42,0.00025557915070290456,0.00802868676825894,7.570807019494762e-05,0.019809334854613277,0.002990535677827237,0.10462386048543042,0.00039737550027157324,0.0004419805991566651,0.018775853824370196,0.00703016289280526,0.07120142990725739,0.0016232533405304912,1.2787791439744237e-07,0.0025204423407077605,0.608229091950095,0.0023862048102580497,0.00014703671075669126,0.019405343747470508,0.0022681435749569274,2.0072391374765492e-05,0.003311530214874217,0.009722558782489631,0.10882278718156177,6.224746925827783e-05,0.007850651876862806
43,0.00018566732439893635,0.0010222198215509674,4.398301972320395e-05,0.006723586702142621,0.004813345841064524,0.12250223854906962,0.0007595586706528527,0.00014877846353962432,0.011258496574708734,0.02054042822030269,0.04519972138946138,0.001071987998834069,1.7844491592662743e-07,0.004747859474523715,0.3800860130988084,0.0012926740377950654,0.00017996227821818139,0.02654640911835328,0.0010002827923566344,4.81127957359669e-05,0.0056668208836552795,0.0017931714089322844,0.35635204025413686,0.0001794458606609891,0.007837016976458415
44,0.00030070209623940937,0.001294296723197388,2.7722968639757427e-05,0.006594150231494764,0.005155747063649243,0.035038844575961216,0.0007394950585262747,8.79459905811731e-05,0.00793507627344193,0.008384904241123772,0.10200152959125607,0.0009833571700450603,1.007508315572879e-07,0.01676497630830559,0.4721051811597218,0.0006175603972997806,9.872155688540359e-05,0.02137303987903574,0.0005631902226243101,3.6641108019911284e-05,0.001908733780045071,0.001079340379699114,0.29942661259112957,9.484440746775192e-05,0.01738728547477839
45,0.0002812655986955713,0.0010570266398708876,2.5767861510314245e-05,0.006738908811736201,0.003377732653892207,0.0522120751493036,0.0012810189889720161,0.0003039383608361869,0.008659293690516169,0.011326304344041463,0.07904847013012205,0.00161396500044005,2.1287996674979957e-07,0.011642303987517012,0.622070927252708,0.0014135069313191836,9.20606984505124e-05,0.03359280407695544,0.0008073172696082162,3.348699227227627e-05,0.001666620126489763,0.0017330381581715797,0.15318984896150656,0.00013610887489467807,0.007695996560203269
46,0.0014428838286872098,0.0013549508015065805,7.975017835870698e-05,0.033976178854796896,0.005719088255634499,0.10374107307040803,0.002856409096876683,0.00028738239257493375,0.010823353709726513,0.03413849380881607,0.12483683236652554,0.004011641644081813,5.157298870414848e-07,0.01366183249970475,0.20705525021630097,0.002469106777197235,0.0014037359285946685,0.03618703154955454,0.0014966438759724944,8.096926888360416e-05,0.005552044523664945,0.009541636961175395,0.37014576269807714,0.000381936050413169,0.028755495912580552
47,0.0016247060006932025,0.001859322370063804,7.614949426042242e-05,0.02106431340574391,0.006076753714534558,0.07901853674468039,0.0024800440066299,0.0002954242702668887,0.011289673465562393,0.018870939713030836,0.10161912901175162,0.0030278000514340243,5.091763363181767e-07,0.02286856674510808,0.3437922247239779,0.003409701125940746,0.00047582800984196733,0.04080103224265176,0.0024573230093173064,4.57236254983802e-05,0.0035367768287716474,0.004809553529414544,0.31039945328329926,0.0004038454264268948,0.019696670024763052
48,0.0007524038822091346,0.00273794822807818,3.798654245120234e-05,0.008361113349805686,0.006646248445956085,0.13193986176757222,0.0016033424630128587,0.00019641339081253621,0.0113281557554468,0.023844729058810774,0.049125247798159584,0.001211001472834376,3.461969848509419e-07,0.013697140768518709,0.36131098552262025,0.0016221623387701215,0.0005330856377569715,0.050589983664482585,0.004210724155315329,3.539906780750262e-05,0.002406449543540573,0.004499300225572303,0.29815920724402944,0.0005649633895012287,0.02458580008995072
49,0.00022397817460299087,0.0021065151300655575,4.4054304562289703e-05,0.008931331899821773,0.004782280071717642,0.06440691250312731,0.0008296689444975027,0.00014464862815380175,0.010564573712248143,0.01047400368286357,0.08547683384644376,0.0017835525246478415,1.1777441760933832e-07,0.009044005881839385,0.505295059218203,0.0008543061915837154,0.00012362033724584316,0.017841458958319904,0.0006512978987722143,4.035198576158782e-05,0.002888141042068583,0.002664892045941597,0.253586560321185,0.0001034789026020722,0.017138356019307358
50,0.0011794203466358396,0.0004040288964177004,3.965272801999032e-05,0.007493537663573285,0.009417714758789476,0.02594885355903469,0.003640063791967696,0.00016874685732444998,0.008403670337838735,0.034192357665412586,0.1731082861174121,0.001748200847892373,3.591292385978285e-07,0.057279821863241175,0.34465899263919425,0.0008336755254559046,0.0002268990871747914,0.02306666377461542,0.0007185688642491656,6.768450376194253e-05,0.0010859482194990875,0.0009327712810416483,0.2740179676248768,0.00029361606265680223,0.031072497854675456
51,0.00016682021704361827,0.0027774005691377384,1.770971758167042e-05,0.008629995463407519,0.002441378925029427,0.025642500465393698,0.0002871809946796362,9.56357727335782e-05,0.00676939489225504,0.004070898255974336,0.10390670124945241,0.0007447833994329587,4.968085803304548e-08,0.008283848774455742,0.6297889205118139,0.00038555998577888034,4.6502792627281555e-05,0.015214152981033143,0.0003735576226471036,2.1661230130928933e-05,0.0012851960006976199,0.0014864112870796105,0.17445910779257695,3.518717642102254e-05,0.013069444241758162
52,0.00032855633900891526,0.00219216262294002,4.551179808607958e-05,0.005892517226236374,0.0070550696531628005,0.024766669046759962,0.0012528601084427948,4.4508886413849603e-05,0.007065107537288285,0.0037222628930133387,0.08559144068368342,0.0012629365966449568,5.74522408180067e-08,0.025530031211948676,0.35046468533521896,0.0005758074631359449,0.00020118382884286372,0.012271693960170098,0.0004816207238621956,2.306034389122898e-05,0.003364126370298486,0.0017852379481836844,0.42202034988099635,0.00011579571211117752,0.043946746377418716
53,0.0001154290846346384,0.00021013165792930534,1.5480892778319874e-05,0.004090177194082643,0.003505335796494416,0.017398612842347148,0.0013473843873158466,3.313053236285875e-05,0.004061141914098119,0.005392017167756665,0.10294525297231698,0.001098706072553645,5.332556257953396e-08,0.02168080529750035,0.2919616366203264,0.0003977866164825254,5.6365969666247016e-05,0.01660347432003541,7.349830755903662e-05,5.056846774968561e-05,0.0022824451177309,0.0003333250454916253,0.5131875188666897,6.296286238060063e-05,0.013096758668154282
54,0.0002148438993866778,0.003969538012455193,1.070214614311534e-05,0.003948462868269146,0.0027931149525358048,0.021745016727487035,0.0005012310784197238,5.486667912237824e-05,0.006703350585147003,0.003015581586461109,0.060223086970551246,0.0005738843760633992,2.4425251066331805e-08,0.01460715387603195,0.6685761834689583,0.00021587451002863723,4.732168321841045e-05,0.008526610555481496,0.00046158301708636027,8.584567054041702e-06,0.0007156459778185593,0.0015725564264921386,0.16510838750348414,5.848046158347519e-05,0.036347913645469514
55,0.0003117278861188277,0.0007239018417040672,2.7539695855374663e-05,0.006259371446290979,0.006148502097449071,0.05037476314602993,0.0020161546167055985,0.00021800337256083253,0.010963044306210446,0.007885637581534133,0.08389851156993101,0.0046478455125781885,2.42926233912019e-07,0.027869656970726586,0.4675794162791096,0.001451624743368027,0.00010454056095691875,0.03876079469057341,0.00042200677979824713,5.8998074363851414e-05,0.0020975199425401878,0.0013461923200347758,0.2703022007737888,0.00014918685071860455,0.016382616014818604
56,0.0003351394200394259,0.0012822665937063992,2.9883045995859274e-05,0.0072288823059583,0.00538869615680555,0.03921329829914131,0.0008148811879344978,0.0001040753693060727,0.008371752980398845,0.009604306184031224,0.10272854724773134,0.0010668826028853683,1.322911574106337e-07,0.01714837517303785,0.46126233743847456,0.0007273161611815821,0.00010897500140154909,0.024226749142196757,0.0006448443109638022,4.1724951887034604e-05,0.0019469094854178152,0.0011356412068136467,0.29977943520767325,0.00010960740402755078,0.016699340831833127
57,0.0003174102684992835,0.001391049454300455,0.00011432950752790949,0.006357975418844039,0.010564034236007389,0.05692795825911901,0.001214205155349889,0.00015628335811541025,0.011779587422379945,0.015400426134806132,0.09921179076102128,0.002689506486680078,2.386859767895182e-07,0.016042040936703438,0.4453392528190356,0.0012802220697437621,0.00018399577345964182,0.016317585144684652,0.0008864708524849248,7.02784906967978e-05,0.004517959015757923,0.001830645236041338,0.28928185233632947,0.00016531401837789413,0.017959588158056757
58,0.0003358981216621243,0.0012887132355235264,3.023686359037428e-05,0.006241114160962617,0.005540517854944599,0.04767250264811687,0.0009205269769212768,9.699922232107814e-05,0.007657058127405411,0.010969573071104589,0.07945986383937605,0.00113567598745117,1.4732949261304623e-07,0.01842144135283209,0.4349910459419997,0.0007734546169528733,0.00013143579546156956,0.027033009139994048,0.000777901101939764,4.138164843241506e-05,0.0022108381507288575,0.001233858001203815,0.33513671490819874,0.00016553568690647264,0.017734556216477328
59,0.0003303719872427463,0.0012836573088685437,3.8257247162378444e-05,0.006581017549038515,0.0059327866402283875,0.04426768508300908,0.0009304254196413128,9.926054408159184e-05,0.007662217179442494,0.010747908257629942,0.08783197209350072,0.0012385258738944454,1.4934135947625364e-07,0.018532588750028386,0.4370652924714715,0.0008143123608049783,0.0001327927170528737,0.024286323694335622,0.0007285940499605836,4.524646090071217e-05,0.002535486246866369,0.0012487195895253345,0.33014817634871824,0.00015256513373371826,0.017365667651502114
60,0.00030070209623940937,0.001294296723197388,2.7722968639757427e-05,0.006594150231494764,0.005155747063649243,0.035038844575961216,0.0007394950585262747,8.79459905811731e-05,0.00793507627344193,0.008384904241123772,0.10200152959125607,0.0009833571700450603,1.007508315572879e-07,0.01676497630830559,0.4721051811597218,0.0006175603972997806,9.872155688540359e-05,0.02137303987903574,0.0005631902226243101,3.6641108019911284e-05,0.001908733780045071,0.001079340379699114,0.29942661259112957,9.484440746775192e-05,0.01738728547477839
61,0.000326717551065233,0.001278426318620346,3.656453012397844e-05,0.006093747049410711,0.005902720909074547,0.040688983901633016,0.0008702371372334427,9.04743711705703e-05,0.007828084432934684,0.010003672964159192,0.0897926341359935,0.0011550053717691298,1.2947365874821913e-07,0.018414494753773884,0.44384774597933185,0.0007280929373437402,0.00012307546402677132,0.02178666202579499,0.0006865504567686049,4.1001906805230246e-05,0.0023970018967849334,0.0011630901816046088,0.32847028017656454,0.00013599410289221093,0.018138611971461556
62,0.00030070209623940937,0.001294296723197388,2.7722968639757427e-05,0.006594150231494764,0.005155747063649243,0.035038844575961216,0.0007394950585262747,8.79459905811731e-05,0.00793507627344193,0.008384904241123772,0.10200152959125607,0.0009833571700450603,1.007508315572879e-07,0.01676497630830559,0.4721051811597218,0.0006175603972997806,9.872155688540359e-05,0.02137303987903574,0.0005631902226243101,3.6641108019911284e-05,0.001908733780045071,0.001079340379699114,0.29942661259112957,9.484440746775192e-05,0.01738728547477839
63,0.0002657306905862494,0.0018110197631989943,2.3099965152048994e-05,0.006254140474788481,0.0045676667309241985,0.03543187542191045,0.0005640606016921253,8.109402542119182e-05,0.008146919489727886,0.006704078887118551,0.09264177666157995,0.000776884228511465,8.201238265107767e-08,0.01360856236097258,0.5090763110307142,0.0005265443973789627,8.580822192912604e-05,0.02092611216743936,0.0006104116065437895,2.9618646764420927e-05,0.0016849057325707547,0.0011654055557021393,0.27743926357037596,8.02551984947548e-05,0.017498372558119733
64,0.00022278143044694346,0.0011764954013237185,3.5199636669712596e-05,0.005525316403522072,0.004555641874295094,0.03655409680886525,0.0006201099490855166,7.11127731365263e-05,0.0065900833961281356,0.007083319278649737,0.08180053769942132,0.001106775123495354,9.077224129106522e-08,0.014252492494046204,0.44500211030646736,0.0006497105883384662,0.0001048868150158393,0.018546800687089984,0.00046939911271231296,3.767421327574985e-05,0.003324971812234822,0.0010194725535792638,0.3566754866026018,9.781529615492828e-05,0.014477618971202503
65,0.00028391931753684864,0.0013285407763352986,2.7221659621516434e-05,0.006407875879214226,0.005049825993429095,0.03553480966404896,0.000720839308542938,8.318336300563904e-05,0.007706777524065508,0.007918599690060335,0.09690967039069986,0.0009656297965663606,9.591562300437035e-08,0.016446674065688283,0.4697494627434093,0.000604930671075935,9.769667575000441e-05,0.021357840418443113,0.00055123285055479,3.595549873514044e-05,0.0019858132220497053,0.001075367984237198,0.30756378681170876,9.516419236198201e-05,0.01749908558723626
66,0.00048676922575215597,0.0010498934763773203,4.803454921896823e-05,0.008283283699553815,0.009571567578295682,0.042850293439145065,0.0012613517744033142,0.00010828342764543216,0.010265491577246169,0.013868525933416467,0.12378883172667196,0.0011775384042525894,1.9663963865652148e-07,0.021957406660558825,0.3791590622674765,0.0009393166111503361,0.0001474361321475714,0.023986381541815864,0.0007935543427174582,5.973128334901105e-05,0.0022480350155584536,0.0010544247217628689,0.3378029173058938,0.0001407456828693279,0.018950926983082254
67,0.0002163070599998093,0.00136689619450932,2.334228527493827e-05,0.005883004180807332,0.00398504077715283,0.037889616215734896,0.0006462116347233187,6.651822644878007e-05,0.0064713418553764045,0.006453618938140751,0.08035449855257432,0.0009143517476497661,7.637873845329266e-08,0.014591428541267522,0.4550834788893262,0.0005458668643970909,9.373287767303005e-05,0.021158661006326393,0.0004706390578272183,3.282383424039209e-05,0.002228229091977597,0.0010818317674461929,0.3427438046524988,9.424939176403109e-05,0.0176044299781245
68,0.0001903770362547039,0.0010854146272272272,2.410715286008189e-05,0.005466305970502222,0.004181711925147352,0.04054380616167123,0.0007142206527500695,8.897620573101589e-05,0.006567775390551792,0.0073607712638940415,0.08339299053840749,0.0012020947246604138,8.788684121907594e-08,0.013804494991701362,0.5028055829490741,0.0005755146710838503,8.482348050034307e-05,0.02230243448593888,0.00039976649134153736,3.8390145970270325e-05,0.002402529002080635,0.0010606431730791792,0.2911977957137768,8.95371303836493e-05,0.014419848228570422
69,2.3359613227685707e-05,0.00030089505016640323,3.870400501875819e-06,0.0022376749891750997,0.0009432303932136137,0.006575299797821362,7.28464131279673e-05,1.9265939832786403e-05,0.004331221174490049,0.0022400796894788085,0.18030361459845315,0.00025805876782350587,6.720176283804789e-09,0.002492237494505011,0.5278720082606567,3.652772964910991e-05,1.319618980373078e-05,0.008147265177651035,1.8329519293694587e-05,2.4068459621171445e-05,0.0010138584320109306,0.0002234132059932445,0.25549665371999014,3.016322247210954e-06,0.007350001941089481
70,0.00021471475497135477,0.0011726419342452973,3.238959526973841e-05,0.009647502615291244,0.004610203258793249,0.04096110172404511,0.0007107439381772764,9.642606539511765e-05,0.009813986132861479,0.008521469856944417,0.11592771635948575,0.0010679964909777531,8.798568538752976e-08,0.01143325877568485,0.46157039540385086,0.0007190612357524283,6.191351246709806e-05,0.01623188183188448,0.00036147404338626385,4.2113342507752495e-05,0.002046822277504749,0.001008331092712264,0.3001401656016607,6.083587119922741e-05,0.013546766299246235
71,0.0005158078290790383,0.000734627913266418,3.211279516163816e-05,0.007567762136200187,0.009180228997649635,0.045859414097008826,0.002417160459820617,0.00012204224291656097,0.011922804107369478,0.018069516152562345,0.1123464316619774,0.0013534837525535223,1.8519991581537104e-07,0.02515558890478828,0.36227200487590144,0.0008228425426474608,0.0001669572021303717,0.02331960247288814,0.0005993909767743567,5.4416072285584306e-05,0.001738073231738853,0.001173378069013066,0.3486384140194615,0.00018069385178597427,0.025757060435103604
72,0.0004169413162280684,0.0003670282495125116,6.13588157599922e-05,0.013690807103877758,0.009830674058283915,0.18689258738561104,0.009319434862797002,0.0004091234679077321,0.010179410038496692,0.0144865783445759,0.047476843647477944,0.004505963473551021,9.638767690692931e-07,0.02325017046077846,0.2283399880417359,0.010853228118053173,0.00025229969430353854,0.09954820569462546,0.001050013529921076,0.00011429875290708712,0.005879718355212674,0.001527211034324644,0.32550058874840637,0.0005658131527147474,0.005480749776168156
73,0.00018207858933660392,0.000367323581119346,6.924712051114427e-05,0.0100491754662356,0.0054370360749860635,0.008489742525259605,0.00048456883890169784,5.576470894286709e-05,0.021018742027452176,0.015404710457285158,0.3027150342531301,0.0011701352172715973,2.2280665617018548e-08,0.0058068257860531955,0.2700429441810009,0.00011917348992568633,5.656574178055702e-05,0.0011178232629680952,3.6822985309378264e-05,4.03941682210237e-05,0.0021947436239124606,0.0006808790428180953,0.3140242813650554,9.708593097446753e-06,0.040426256618760134
