,0,1,2,3,4,5,6,7,8,9,10,11,12,13,14,15,16,17,18,19,20,21,22,23,24
0,0.002041639815809753,0.004325254492863467,4.7215760227913933e-05,0.005029687252193894,0.06673029123432116,0.13397601634115003,0.00449204644323534,0.00029784917856862147,0.07263877231493643,0.02095603888691507,0.08813225449964597,0.0009955941797930383,3.641248910278736e-07,0.011878904397709158,0.32044237070666637,0.0012897250147942511,0.0009351408219853933,0.04387212915050342,0.009373720309029276,3.15187175917142e-05,0.0011858612753384565,0.006914261595845378,0.14977283028868796,0.0002530449211129773,0.054387468276184
1,0.0025209531941755197,0.004462444400739709,7.682738933589488e-05,0.005099337364302653,0.09091982073632622,0.14934459883294715,0.003848062831679421,0.000350824612491282,0.11988461175594223,0.028720353279748496,0.08853283049969721,0.0008005794676855964,4.3454105890296025e-07,0.007910240393211905,0.27645123724098963,0.001635620374339323,0.000874174114966937,0.030229632312901406,0.014717550087960869,2.946313889595235e-05,0.0010879299059249625,0.006550162868132129,0.12261511757615277,0.0002142022344185951,0.04312299084597525
2,0.0012466765120837271,0.003597696069283473,3.824704135611062e-05,0.002497660885654086,0.06679130321445721,0.05658243240109186,0.0019923388756396387,0.0002173614127456038,0.06381094840407214,0.016665664555176804,0.12125734611948726,0.0007324830138003887,1.9113274406833326e-07,0.011864546296372456,0.45230748653121194,0.00043607211532465095,0.00043709084123953474,0.023489405727864548,0.004514394891829973,2.9547927876037845e-05,0.0008017305233319716,0.003395116645456296,0.1105444265051907,0.00010356747412534668,0.05664626488258417
3,0.0019461842654424177,0.004616554086165416,4.676597613843723e-05,0.004498997855987649,0.06663686670097983,0.12728674659165576,0.004403258703780492,0.0002749880135654633,0.06692273918686961,0.01935736796759042,0.08667641989685408,0.001009708062173148,3.313360351806104e-07,0.01262702042945838,0.3363481945833421,0.0011647443795320307,0.0009261003319600269,0.041815853530998946,0.00917853016889656,2.987657654716066e-05,0.0011903397662918788,0.0070112284390026,0.14719845994978323,0.0002553248457877546,0.05857739835516149
4,0.0022259331291441865,0.004606031750890427,4.990825539151774e-05,0.00464424234090351,0.07074220396373979,0.13158418853898293,0.004668619526061188,0.0002905928666823624,0.06268437369259651,0.020512703382721167,0.08578738028140909,0.0010151813973406497,4.274503732721233e-07,0.014515690256229716,0.3237039469127528,0.0013146355400450417,0.0009958760298646229,0.04715820671437587,0.01079042696648107,3.3398235623496816e-05,0.001180030976469243,0.00662573950909513,0.14769906246143716,0.0003048255062856159,0.05686637431510375
5,0.0018717450082808582,0.005027247537726067,3.546640965693046e-05,0.005640702925195902,0.0551453155162021,0.139824382594402,0.003748023144524482,0.0002774803822848613,0.05967538074297893,0.0167853443485277,0.08573353497351384,0.0008639340603996457,3.52535159527715e-07,0.011676560737542613,0.33013810535131816,0.0012448062675989038,0.0008622895819494287,0.06040855441285185,0.00915756045207366,3.259723919465969e-05,0.0011306867392939042,0.006900027635073196,0.15434854471149728,0.00024370325938420078,0.0492276534333693
6,0.0019461842654424177,0.004616554086165416,4.676597613843723e-05,0.004498997855987649,0.06663686670097983,0.12728674659165576,0.004403258703780492,0.0002749880135654633,0.06692273918686961,0.01935736796759042,0.08667641989685408,0.001009708062173148,3.313360351806104e-07,0.01262702042945838,0.3363481945833421,0.0011647443795320307,0.0009261003319600269,0.041815853530998946,0.00917853016889656,2.987657654716066e-05,0.0011903397662918788,0.0070112284390026,0.14719845994978323,0.0002553248457877546,0.05857739835516149
7,0.004972250698592063,0.004271289572458388,9.124075491296372e-05,0.006956276608959289,0.10331764093925758,0.0939472302852855,0.006514943991529824,0.0005217138247785863,0.08561310226639891,0.04686201925984203,0.15019852938795397,0.0010791128464530198,7.935592305966577e-07,0.014864067995083186,0.27411333967937973,0.0013566892131717538,0.0012413684857143076,0.029862500052533554,0.015657416282112036,3.995854731832371e-05,0.0006487062137946461,0.008619761152659378,0.08384467959223732,0.00029817395485734016,0.06510719483548577
8,0.002692803870099606,0.0029783501160684264,0.00010375228852392963,0.003576916253128614,0.07293894731122927,0.07146244719058396,0.005149571036677282,0.0002059512098375959,0.05021617230760449,0.040015471361889494,0.09340672970952223,0.0014769955067164694,3.940450581027897e-07,0.026142795663124965,0.29131606853529785,0.0007768659796587569,0.0011874084785440477,0.016488959978083452,0.006707856631901284,3.563592709931379e-05,0.0015186509339253894,0.0052751549303279915,0.1976859575077582,0.00047331010276124635,0.10816683312457806
9,0.0017732290023302199,0.0035253567672380143,4.598140521675492e-05,0.0031684331211771287,0.048331787295179195,0.05922639539357624,0.00280460767959345,0.00016178495322543968,0.04630652417344439,0.026225471526431163,0.09748803601308023,0.0009411240715927062,1.9173240104051301e-07,0.018727380920940062,0.3813721890759309,0.0004347812294900662,0.0006870470053580097,0.01753713895553649,0.004596580604870713,2.3729069184698073e-05,0.0010337390008718073,0.004530725658441079,0.18277702220809525,0.000244201816071314,0.09803654132072379
10,0.0019461842654424177,0.004616554086165416,4.676597613843723e-05,0.004498997855987649,0.06663686670097983,0.12728674659165576,0.004403258703780492,0.0002749880135654633,0.06692273918686961,0.01935736796759042,0.08667641989685408,0.001009708062173148,3.313360351806104e-07,0.01262702042945838,0.3363481945833421,0.0011647443795320307,0.0009261003319600269,0.041815853530998946,0.00917853016889656,2.987657654716066e-05,0.0011903397662918788,0.0070112284390026,0.14719845994978323,0.0002553248457877546,0.05857739835516149
11,0.002191980433095689,0.0044436409502555466,5.096755202919876e-05,0.004701453934820651,0.06827258384295287,0.13588404637565496,0.004871460902097056,0.00032386600374737266,0.06937614216330588,0.022578003695086724,0.08626704621959783,0.0010869432727771712,4.347302582317726e-07,0.012850552611174338,0.3221068458865485,0.0013433619238229493,0.0010361853786498704,0.04528974496645028,0.01060264960283588,3.2548253478914386e-05,0.001169333777250458,0.007388516159358666,0.14200357100445402,0.0002987776975487076,0.05582934266274831
12,0.00024109977614036432,0.0007902843139290026,5.9688510935521665e-06,0.00045299514739168375,0.12382785056172649,0.047091852639160735,0.0027615347381827852,3.984093020940183e-06,0.011329235080593254,0.0013817391817841254,0.01463143353174672,0.00017679953578992428,3.811141239766335e-08,0.036979855013089376,0.06455352575679926,0.00015783227728607458,0.0002386984028142194,0.03673910358567266,0.0007219413847311445,2.7666313217998764e-05,0.0011354566637968222,0.00022417412155257042,0.5793610991197854,0.00018073856775732084,0.07698509323152508
13,0.0009077675312994254,0.000520466720588428,3.508990470753544e-05,0.0016402871457983964,0.019133197793854965,0.004591024051527104,0.0007909426899045024,0.00014877070342475415,0.01273909781192995,0.008050531254669275,0.37575259189824417,0.0010509680549819372,1.3488435275931542e-07,0.02521332270177618,0.45217311450905745,0.00020790791938554625,0.0001592674198811095,0.011728174384616855,0.0005514860114410902,3.45166012825728e-05,0.0005464224771562418,0.0007063912597688,0.06405733157799474,2.5351408825495825e-05,0.019235843283530805
14,0.0007817896981573832,0.026144027392712852,4.446128642956066e-05,0.005532257616900159,0.10561869927318078,0.13053982927537633,0.0006444168117634985,0.00012401381428466147,0.045035020581354154,0.006082344081270267,0.12414059802024717,0.000142276316314401,3.208610703428956e-07,0.003980265292419422,0.36336943399798466,0.0008159857466297414,0.00022838072778739324,0.06827392517098613,0.020839424247444116,4.051847640500738e-05,0.0005283699323646007,0.00370582045533821,0.07489178394066177,5.842410519730708e-05,0.01843761287772014
15,0.0019461842654424177,0.004616554086165416,4.676597613843723e-05,0.004498997855987649,0.06663686670097983,0.12728674659165576,0.004403258703780492,0.0002749880135654633,0.06692273918686961,0.01935736796759042,0.08667641989685408,0.001009708062173148,3.313360351806104e-07,0.01262702042945838,0.3363481945833421,0.0011647443795320307,0.0009261003319600269,0.041815853530998946,0.00917853016889656,2.987657654716066e-05,0.0011903397662918788,0.0070112284390026,0.14719845994978323,0.0002553248457877546,0.05857739835516149
16,0.001859910043380607,0.0033298766877524737,5.184125095534022e-05,0.0046600242304348375,0.056304439189644215,0.11751046209408945,0.0047047640768174475,0.0002884145828486975,0.045859856980034024,0.016633092706414443,0.0947286157247055,0.0012775149685786262,4.1648032948395885e-07,0.01618407737200511,0.35583903549970125,0.001603180661653104,0.0009260745420099287,0.05842563145764188,0.00780913185026583,3.947262461098867e-05,0.0016817832205651164,0.005686974469165577,0.16303214109022224,0.0002859379605210563,0.04127733023565274
17,0.002563241325011212,0.003883049502812451,5.564891454848163e-05,0.005017576838317013,0.07872605935945001,0.09513108099736274,0.00672589009898391,0.00029206044924611255,0.0648524441134602,0.018660631411527767,0.10662708393174918,0.0014865237222502052,3.695508312386879e-07,0.0195770115120761,0.31108582171069066,0.0011489820131244,0.0011330722655981547,0.03602364184644252,0.006780769742527941,3.3595735970544774e-05,0.0012726691954959384,0.007474857494739069,0.1519387416516305,0.00027616890836461034,0.07923300770778896
18,0.0027813576166431093,0.0058359939070720636,2.4789051769784673e-05,0.002645715129153994,0.06955999493072289,0.07429313358099804,0.006056789340353577,0.00012479860833967052,0.058409301507905693,0.014787807123942705,0.0748212600395139,0.0006628908662405027,1.542093696747247e-07,0.016852846889820604,0.2441866807433542,0.0003837688260621283,0.002238779285133572,0.030537579701085046,0.008342276140275816,1.7284696325162657e-05,0.0007533019042801213,0.011011644174239726,0.16213483537016674,0.00030527181320183104,0.2132317445440294
19,0.002334901334089651,0.003161792985358403,7.801796128451173e-05,0.0060946828968157915,0.08145319380218698,0.1913341594750808,0.009794181221549035,0.0005357067756010317,0.1011736095400389,0.05338681077182342,0.08004910181141439,0.0019101959299294513,6.492385846070129e-07,0.0090861098153517,0.23252611923568456,0.0016004643063511274,0.0013245866029128561,0.02638415697781854,0.009330736040554588,4.0000382855678086e-05,0.0010541237476616656,0.012209390197180394,0.10907080685162722,0.00039373281473844933,0.06567276928350604
20,0.0006466958262517502,0.0065372074768277715,2.61199184134607e-05,0.0030536784560161495,0.019072889228625465,0.09221276768878035,0.0015447372506434025,0.0003249288995229201,0.03939316040363608,0.009260513093877662,0.06718121562435757,0.0011058983391986456,1.488441541972264e-07,0.005521639356154576,0.5887588038900994,0.0006754120871526578,0.0004239551337650339,0.033261884975765155,0.004501800422406042,1.62791898560908e-05,0.0011927192215527378,0.009330017593393376,0.08505833407693775,0.00011542742890823016,0.030783765573703582
21,0.002107397749873654,0.0038610580623434,5.092818433664186e-05,0.005331136106781835,0.0588546162384061,0.09252663161542841,0.0036431112127397647,0.0002640168249026065,0.05478706364126009,0.015660729781491214,0.11775346938892901,0.0010835718877326248,3.354445321667244e-07,0.016271248715879608,0.3673703926705941,0.001254156152751591,0.000713058909266021,0.043698788568490285,0.0070113655630525094,3.574186720905645e-05,0.0012741167712408314,0.005069947525288979,0.153592515722228,0.00019515763165372022,0.047589443763587744
22,0.002118073414840349,0.002559378741382661,6.05244326024233e-05,0.006354351407734389,0.05669251151281993,0.08329904451544978,0.003921092486062447,0.00028269286252202675,0.051066480434582506,0.025813469075903404,0.16921247759331848,0.0009674171765264391,4.3234687882029337e-07,0.012228833915446359,0.29962064948375766,0.001326346720976633,0.0013504143297729063,0.05716108241827871,0.006717366397313916,5.567784860213609e-05,0.0015194441418881885,0.0060439718976500615,0.16999257934327666,0.00019737694584627628,0.04143831055656687
23,0.0019461842654424177,0.004616554086165416,4.676597613843723e-05,0.004498997855987649,0.06663686670097983,0.12728674659165576,0.004403258703780492,0.0002749880135654633,0.06692273918686961,0.01935736796759042,0.08667641989685408,0.001009708062173148,3.313360351806104e-07,0.01262702042945838,0.3363481945833421,0.0011647443795320307,0.0009261003319600269,0.041815853530998946,0.00917853016889656,2.987657654716066e-05,0.0011903397662918788,0.0070112284390026,0.14719845994978323,0.0002553248457877546,0.05857739835516149
24,0.00230269807249332,0.005831768898465583,5.1590093457340966e-05,0.006694611796371391,0.0838755310518143,0.11143579138786845,0.0038266276004787782,0.00026876658609097565,0.0626222606941612,0.018138314982784908,0.11516666833142644,0.0010064044765935557,4.0971612590124445e-07,0.015163652809426694,0.3058000866349806,0.0011068693290537698,0.0008529694395722042,0.044302817578682194,0.008616044423286964,4.1036626240993136e-05,0.0010217216790514877,0.006718553653216152,0.14059089191064908,0.00021574639950120588,0.06434816582820649
25,0.0007576007393639598,0.011483422427031775,2.547119547095865e-05,0.0020978186382641065,0.047531448749918916,0.33971122923482033,0.001836942878743653,9.875331226155076e-05,0.06697821448436199,0.008729494368459437,0.015264777251294638,0.0003238521558209189,1.1515285615113128e-07,0.003672721339108417,0.23156294803746946,0.0009533401508666544,0.0006769101560446568,0.033488179481745005,0.02028118845581083,9.383973618689592e-06,0.0013717734506687143,0.007775097618352478,0.15880011642363087,0.0003049214496243403,0.046264278874391565
26,0.0022969265803226453,0.003491556655870501,2.8681878718264007e-05,0.0035344997998592895,0.07900216046826636,0.1888332209398436,0.004565438498867933,0.0001764313457948467,0.1040483629530981,0.02382212807941178,0.04832892280069899,0.00044503054689379404,3.249512792580821e-07,0.00805631706237481,0.18306724695119925,0.0010533510426604976,0.0012849304614081989,0.056202249622807024,0.013766503176815175,2.3786258782304754e-05,0.00096730038346655,0.005391198822708054,0.21017214636686146,0.00034018493515840855,0.06110109941683301
27,0.0015441754177793682,0.007612978640069472,3.000205307903551e-05,0.004259164135955047,0.04817376188952447,0.11910679130264773,0.003059207007927895,0.0002995651323922751,0.09080071909862918,0.016083175773308714,0.07965508623506556,0.0008005026222498912,1.8374334791480206e-07,0.007367645833069197,0.3987816392438865,0.000714259257405532,0.0006682188711119674,0.027199480035944114,0.008450144302051087,1.657126340829413e-05,0.0006871441142417527,0.010170404511735317,0.10217722358384455,0.00014986172259394173,0.07219209420873113
28,0.0019461842654424177,0.004616554086165416,4.676597613843723e-05,0.004498997855987649,0.06663686670097983,0.12728674659165576,0.004403258703780492,0.0002749880135654633,0.06692273918686961,0.01935736796759042,0.08667641989685408,0.001009708062173148,3.313360351806104e-07,0.01262702042945838,0.3363481945833421,0.0011647443795320307,0.0009261003319600269,0.041815853530998946,0.00917853016889656,2.987657654716066e-05,0.0011903397662918788,0.0070112284390026,0.14719845994978323,0.0002553248457877546,0.05857739835516149
29,0.0019461842654424177,0.004616554086165416,4.676597613843723e-05,0.004498997855987649,0.06663686670097983,0.12728674659165576,0.004403258703780492,0.0002749880135654633,0.06692273918686961,0.01935736796759042,0.08667641989685408,0.001009708062173148,3.313360351806104e-07,0.01262702042945838,0.3363481945833421,0.0011647443795320307,0.0009261003319600269,0.041815853530998946,0.00917853016889656,2.987657654716066e-05,0.0011903397662918788,0.0070112284390026,0.14719845994978323,0.0002553248457877546,0.05857739835516149
30,0.0019461842654424177,0.004616554086165416,4.676597613843723e-05,0.004498997855987649,0.06663686670097983,0.12728674659165576,0.004403258703780492,0.0002749880135654633,0.06692273918686961,0.01935736796759042,0.08667641989685408,0.001009708062173148,3.313360351806104e-07,0.01262702042945838,0.3363481945833421,0.0011647443795320307,0.0009261003319600269,0.041815853530998946,0.00917853016889656,2.987657654716066e-05,0.0011903397662918788,0.0070112284390026,0.14719845994978323,0.0002553248457877546,0.05857739835516149
31,0.003315448569745008,0.005094066909182772,8.628450347512978e-05,0.005235582292758853,0.06353849655236897,0.10162500906833988,0.004004814943611694,0.0007023867233292852,0.06429497217040617,0.02087929986265537,0.10381960594940724,0.0016031268641082902,7.91166091361032e-07,0.014359444947222591,0.4010859479340701,0.0020957683569263726,0.0011375701793886908,0.05550569178995149,0.01612936910925162,3.342708251494511e-05,0.0013658848438661518,0.008700437035306824,0.08790450676956017,0.0002957623804666907,0.03718630399599438
32,0.0021056760276838985,0.005640711377090625,4.890081224688573e-05,0.00445917191433384,0.06854835598250965,0.1383926909644665,0.003948649900810072,0.0002781504893068229,0.06768170103128239,0.019017658971215292,0.08006593257917763,0.0008969193639978305,3.697757386156603e-07,0.011919893980814665,0.33021280745105697,0.0012491070127379252,0.0009807637157438706,0.04589920112185162,0.012313011051961404,2.8609109718653196e-05,0.0011489264845959061,0.007447930267251504,0.1410326421748954,0.00027922852028970934,0.05640298991922239
33,0.002448076349861064,0.006035218589465318,5.207741898771069e-05,0.00523226217085478,0.06952107893726327,0.1790469729968299,0.0054144107645533734,0.00032044951265676306,0.060357959569331224,0.020131585187034135,0.06523671556016557,0.0010941259781826057,5.09549546369833e-07,0.012975148802244402,0.28227678525685473,0.001795658971449672,0.0014221730903195239,0.05992667202203667,0.01650131563383967,3.041835210191377e-05,0.0013081529364471621,0.01018069928484497,0.14198891646288303,0.000436671341854863,0.05626594526039139
34,0.012446540444957115,0.004023146550904853,8.119919534676676e-05,0.005467137082612925,0.13915379504084088,0.0431677928405271,0.0030100803332670637,0.0003236169905652023,0.07541849269334575,0.022012547156305223,0.19418197751048621,0.0005143712364481065,7.107173192884384e-07,0.027346527462522252,0.26079487272352925,0.0012308441656898553,0.001073253226030402,0.04365430160974009,0.025553138165171855,3.104771473203072e-05,0.0005682590769468977,0.0034258811203885056,0.08672677020908806,0.00019630550543569137,0.04959739122779863
35,0.004169098666290878,0.011128107272741767,2.805571370399358e-05,0.0067169896081845475,0.053867174856180464,0.10571516806170689,0.0025462783594613634,0.0009963343399900684,0.288195588393124,0.0170312392180985,0.08101845650941106,0.0005586553763197481,2.608894347244449e-07,0.00245463469044546,0.2807256345540853,0.0009296931306085329,0.0007325316958860093,0.023143752615355225,0.020262831393695026,7.734506457571906e-06,0.0002503581402708592,0.020809577286139823,0.030052071892926066,6.727207782593531e-05,0.048592500751656116
36,0.002225263926415541,0.003906955128325284,3.8023114780229183e-05,0.00432920151269995,0.036474366871723125,0.0870703135574805,0.010683364209167816,0.0006541174436096169,0.05433424242503916,0.01433538078350092,0.09806061425981434,0.0038540044785474806,3.744366141803378e-07,0.017663465351632473,0.4090921547964875,0.0013817309471802906,0.0019659069312183298,0.05005813253394614,0.0060340246785757995,2.4339143166965505e-05,0.001156848196184857,0.022097049291432483,0.09019756514505944,0.0003054856476066229,0.08405707518979098
37,0.0033976343836720473,0.0030369418702925963,5.852861752012963e-05,0.004069223743807873,0.07573056304019961,0.0985324503882865,0.007328186580921881,0.0001733292635805403,0.0325178886424797,0.016265311299188012,0.0773226440755632,0.001231815451637382,5.109289415586875e-07,0.037531482596469115,0.26048398084592433,0.001617530027093138,0.0014634226602663087,0.06100834545867949,0.010002968165988665,3.927255490361145e-05,0.001875498126707489,0.004628096820586731,0.23433194222692136,0.0006232328090483195,0.06672919942132031
38,0.0011751862725244999,0.0034926495566543407,3.533249209489871e-05,0.0035542798481087274,0.03607809306976954,0.19601106106169158,0.004534325939411807,0.0002381315210047687,0.043291892031014925,0.01382230157498731,0.051962770073830794,0.000984076167109424,3.3497823998527695e-07,0.009251535932426436,0.3482767371556996,0.0018962870313513542,0.000728439944078191,0.06276458948503076,0.009271970717227662,2.4761586297307828e-05,0.0017697299562293171,0.006030870615730568,0.1763620470678389,0.00033411339650164345,0.028108482525145587
39,0.000695203956927268,0.006099205089521999,6.800388038676735e-05,0.0031935853812583843,0.03497975944091457,0.32877141737620424,0.0026857990452443833,0.0003715645813296715,0.05520040118161736,0.009473858120815496,0.02522078155269694,0.0015446039028790754,3.0650613545506323e-07,0.0036077046144153383,0.3016246174179135,0.002733376143023078,0.0010851535458835959,0.049008308642778116,0.01280650321183217,2.0326477979304094e-05,0.004381232313104681,0.012720782678613736,0.12210972784825483,0.00029163528992710836,0.021306141800342928
40,0.00267416856749342,0.0055894150101090286,9.383791292737103e-05,0.0020569590663659797,0.137878015053563,0.03528658547452443,0.0038788548466578577,0.00014693357887407628,0.03536617999945131,0.008772405597272801,0.11925625067564515,0.0013722868905332692,2.674932001887926e-07,0.04277109522927773,0.36538346192038085,0.0005358626713101555,0.0007483215714481193,0.01844963722984084,0.006847302411309998,2.828832795966239e-05,0.0011295636065761503,0.004090897501127804,0.10298098682947264,0.00020739881625366754,0.10445502371842465
41,0.0017953165498519504,0.006169587444086971,4.3745088714400154e-05,0.005196747951656149,0.0854962431548915,0.10820913428385436,0.0022236767951500356,0.00030609420601939244,0.08731389207911683,0.015235856766767074,0.10633682711706663,0.0005799664389816127,3.3548909667357595e-07,0.009925991784112808,0.3683575478038458,0.0011277715763344334,0.00046057374884064415,0.0428337091250148,0.010704677737453526,3.055609011917279e-05,0.0007551101485365941,0.004323647957071094,0.10546099192755284,0.0001275656504213508,0.03698443308544346
42,0.001191185391543658,0.01845516203426414,8.067566431290848e-05,0.007965345774433539,0.03020743705473246,0.2742156593705672,0.0017726314038074452,0.0009031060099998237,0.11433654157525815,0.012145014152750624,0.043586016882116226,0.0011829735335833296,3.145604675698092e-07,0.0016403646032086211,0.3250303029469213,0.0029814324625667015,0.0010287962350685588,0.0313572209224074,0.02696295551696378,1.2674779681085654e-05,0.0014230383304936656,0.03855001316039375,0.043879963495815466,0.00013532989651520314,0.02095584424212733
43,0.0010315628686759016,0.003103018683680465,6.307454466501669e-05,0.00413772196392156,0.05047976030022715,0.33605218901781525,0.0037477992211228115,0.00037986733584289883,0.07563354158849704,0.03709207833577453,0.0337338737335463,0.0009070273149595342,4.6134442194424917e-07,0.003035996557273939,0.22136254079470954,0.0019689122174366734,0.0013210946774079018,0.039726743734311405,0.012563896869672124,3.148499092319698e-05,0.002806194328347474,0.009724972968835338,0.13848255207087734,0.0003695708027134796,0.02224406373434119
44,0.0019461842654424177,0.004616554086165416,4.676597613843723e-05,0.004498997855987649,0.06663686670097983,0.12728674659165576,0.004403258703780492,0.0002749880135654633,0.06692273918686961,0.01935736796759042,0.08667641989685408,0.001009708062173148,3.313360351806104e-07,0.01262702042945838,0.3363481945833421,0.0011647443795320307,0.0009261003319600269,0.041815853530998946,0.00917853016889656,2.987657654716066e-05,0.0011903397662918788,0.0070112284390026,0.14719845994978323,0.0002553248457877546,0.05857739835516149
45,0.0016441061401828397,0.003594035608097756,4.3444988629206386e-05,0.004137355976825225,0.04270901031332759,0.17789729557908282,0.007018456954184846,0.0008239468772653292,0.06793848693406214,0.024491958164082638,0.062035137620739,0.0015172217867875052,6.181338375066955e-07,0.008201774061815189,0.4136431348946131,0.002356200302020743,0.0008140131061329492,0.05771533207128113,0.012129561368786526,2.5534921946848403e-05,0.0010402335334675399,0.010341890864519417,0.07381761440293373,0.0003441178061250105,0.0257195175892536
46,0.005673312659101405,0.0033993425287239887,9.294636972239986e-05,0.012695557727542394,0.056189725701713523,0.2681698512629775,0.01124332685914864,0.0005595910670498876,0.0650007930069221,0.053475299962057195,0.07020306009834963,0.002694797338239538,1.0853805924229112e-06,0.007617965530440632,0.11358005885536657,0.002898958646226074,0.00844945154120367,0.04972737924991233,0.017309613537592493,4.5649495105655255e-05,0.0025015790287376545,0.03727184841597438,0.13854097433616053,0.0007386747745642117,0.0719191566265752
47,0.007348176604907765,0.005265816901482943,0.00010629643319040465,0.010645829030668824,0.06329911998017125,0.22021924876733465,0.011055017214373561,0.0006675658872402401,0.07333783747747696,0.033466979781236,0.0672493705014698,0.002316535178638936,1.1676926211290873e-06,0.0130170173626474,0.19737600755769102,0.0045509677355784215,0.0032478241963725357,0.0563862823562657,0.028870029937498085,2.891499547142644e-05,0.0018337327932443524,0.02324055013889691,0.12211112401832278,0.0008004898072577045,0.0535580976499412
48,0.0031781559783449274,0.006624690545644426,4.651418828436099e-05,0.003984963564964691,0.05939818980802586,0.31081454238579725,0.006402209763053497,0.0004051905390230936,0.0646211393584439,0.036384025279283125,0.030023320455995248,0.0008544612840400877,7.233570081851005e-07,0.007076275279882377,0.18062497312778916,0.002006402297314025,0.003162882052434852,0.06227455839115123,0.04220858407272394,1.994095216519122e-05,0.0010767827636351515,0.019164701640279808,0.10171541627262246,0.0009550460181587903,0.05697631062393433
49,0.001306072908725278,0.0064885351602047975,6.335792947624389e-05,0.005163357176993038,0.055826807849216606,0.2041752309392356,0.004372320061104667,0.000390625178526772,0.07886881080306615,0.02138688525633363,0.06489707767135569,0.0015823397963106456,3.453996803254197e-07,0.006371525690846499,0.32276862802927486,0.001404188400449496,0.0010317305088346398,0.03226559607787842,0.009545749480263963,2.9372884592148744e-05,0.0015615103594830047,0.014513856600145194,0.11374174672254658,0.0002516925132484448,0.051992636602207334
50,0.006515786442877242,0.001410426783953603,6.301671408426903e-05,0.005085209766208957,0.10381552517535779,0.08396945496691482,0.018096601059727862,0.000468861221783678,0.06243130859133632,0.06559945752798187,0.1320217637307148,0.0015758319806577217,9.747785049677397e-07,0.03491755555725856,0.219605394797216,0.0014230858932934049,0.0017909254014067493,0.03757064664231858,0.009965048603410097,4.74179597676257e-05,0.0006421669769234396,0.005753816584257244,0.1172448742051458,0.0006391813915660854,0.08934566724733246
51,0.000601314940877339,0.020222670725284723,1.8634601640984582e-05,0.0068245441682425224,0.01597243493734921,0.07151215826583165,0.0006909277435272488,0.00031633841759956863,0.050140014803134625,0.0047772244488142055,0.08763019230306046,0.0005855739957679983,8.459325257732598e-08,0.0033200501444218874,0.6079249464261838,0.0004532114991391816,0.0002188027071607938,0.02298061891213761,0.0043091234657503495,1.0880456032119787e-05,0.0005474862802175881,0.012579666394119261,0.05365811627811193,3.8840924979681744e-05,0.03466614256736251
52,0.0020513158006001974,0.007355639561096347,7.096231016521166e-05,0.0037606067489704717,0.08860371306360497,0.09063745428078747,0.007067614448409283,0.0001395538630718401,0.05910325344870401,0.008788933937730632,0.07091800757224995,0.001248124060128417,1.919811389797298e-07,0.018752679986869605,0.25051490460250664,0.0010548476785947527,0.0017975348856425107,0.025005389738504274,0.007893179477799436,1.8954949369658847e-05,0.0019698491629761973,0.010806617622965394,0.20276728873875888,0.0003083969212267943,0.13936498515812812
53,0.0009705319361831841,0.0010199343728131552,3.37598601430032e-05,0.0036363382888625327,0.0563974218005524,0.07988636678434285,0.00957882549587068,0.00013483552218713924,0.043324979643550046,0.015619177346526738,0.1082839953923682,0.001380431536840249,2.213129081498524e-07,0.019534648183633662,0.26018381738432755,0.0009496056323891304,0.0006638973484891837,0.0395047663900084,0.0016142242575150885,4.95929512696179e-05,0.0017453367150046693,0.002870127136348087,0.29778286651237823,0.00020953723191440238,0.054624760963573736
54,0.0014029786488532476,0.013612991432780094,1.9772314967014292e-05,0.0026949313811340534,0.03873820065914471,0.08362759677373717,0.0030991779927515613,0.00017490586012519312,0.05814285944192659,0.007531861871960487,0.05255514285211593,0.000614534464528484,8.675742184950475e-08,0.011276721767073342,0.4800931398497257,0.0004288732785616466,0.0004727832355233866,0.017576413469596125,0.00779112177637993,7.684862749898639e-06,0.0004933199470004937,0.010090498805294234,0.08693090563469258,0.00016745263813406665,0.1224560442838223
55,0.0017993247341167129,0.0025482657847104373,4.9685909230098624e-05,0.0041867836100760525,0.07365819934548112,0.16470161000342007,0.010629056249936784,0.0005878072222014163,0.08191038421933966,0.016980016050010767,0.06610596965024913,0.004056538799815583,6.613753404537206e-07,0.017719447092889293,0.30297731061812566,0.002380633223870054,0.0008845115218667527,0.059045039830119314,0.006138949405983063,4.2389592511161286e-05,0.0013320262143954782,0.008337692186699894,0.12183632055208596,0.00035165841183609303,0.05173971839568893
56,0.002106114223589743,0.004486079284155693,4.95473905263497e-05,0.004819349163565563,0.06802219018455882,0.1384737950268897,0.004725614224231629,0.000315206734555278,0.06877657409463536,0.021545526940568965,0.08534280823822304,0.001067018685430685,4.180538818081451e-07,0.012572595061246894,0.3215546424286269,0.0013294481598658653,0.000993673231129106,0.0456877591982143,0.010178369361984942,3.301435957140373e-05,0.0011936393570555173,0.007216652699825406,0.14403777552187616,0.0002859522117768587,0.05518623616401402
57,0.0017656236959656775,0.004264608201816171,0.0001558466270151312,0.0038136989155545357,0.11243108773848302,0.1722374786925628,0.006059761271992491,0.0004089879082872214,0.08325710676546332,0.029538764259348937,0.07286378966025146,0.002252557087119213,6.417597300239651e-07,0.010310585090401283,0.2720205418418559,0.0020047136392364025,0.0014278757644014674,0.02738783026304715,0.012009714642024348,4.742571616143519e-05,0.002323909383491143,0.010027305201681205,0.12139365188904094,0.0003676319460760996,0.05162886203899251
58,0.0020763026346542184,0.004439394103777873,4.9575881888507464e-05,0.004158887607188225,0.06850816868690617,0.16338424759549325,0.005216331904307063,0.00029016847971402994,0.06198873183446679,0.024002890379282774,0.06586861427425994,0.001112899268864387,4.538416294102078e-07,0.01316677331988695,0.298273912071372,0.0013869479792346425,0.0011636459110334677,0.049428937856810184,0.011898768831769609,3.214157736049125e-05,0.001327131328452011,0.007704187092919039,0.1567981678222396,0.00041356119662711575,0.05730915851986222
59,0.0020528695677465227,0.004419103253216829,6.119374698569894e-05,0.004327731341566074,0.07347902926040643,0.1533581703344844,0.0052822367086969284,0.00029754986625971325,0.06248953098261703,0.02363884725621146,0.07256671697233755,0.0012124932569015918,4.6445134799054174e-07,0.013406966840880587,0.30178870657086876,0.0014605182868455131,0.0011840702707866704,0.045591187062835103,0.011312213304941025,3.521993518499989e-05,0.0015030599017565019,0.007764124080168919,0.15590311585233343,0.00038687922747483266,0.056478001667145304
60,0.0019461842654424177,0.004616554086165416,4.676597613843723e-05,0.004498997855987649,0.06663686670097983,0.12728674659165576,0.004403258703780492,0.0002749880135654633,0.06692273918686961,0.01935736796759042,0.08667641989685408,0.001009708062173148,3.313360351806104e-07,0.01262702042945838,0.3363481945833421,0.0011647443795320307,0.0009261003319600269,0.041815853530998946,0.00917853016889656,2.987657654716066e-05,0.0011903397662918788,0.0070112284390026,0.14719845994978323,0.0002553248457877546,0.05857739835516149
61,0.0020493840843279786,0.004439635447832836,5.8956660736723286e-05,0.004034374444644305,0.07398358626122091,0.14327691215801114,0.005005384589663363,0.00027488996442005435,0.0645016371076368,0.02231881864905968,0.0747259486722886,0.0011459771980730303,4.103700251646358e-07,0.013500702494611157,0.30982459162595144,0.001324912988132334,0.0011148239393713678,0.04176224455689609,0.010833651860519818,3.243859008508591e-05,0.0014373400422092683,0.007308944466211297,0.1571426527159768,0.00035162600129009413,0.05955015511080463
62,0.0019461842654424177,0.004616554086165416,4.676597613843723e-05,0.004498997855987649,0.06663686670097983,0.12728674659165576,0.004403258703780492,0.0002749880135654633,0.06692273918686961,0.01935736796759042,0.08667641989685408,0.001009708062173148,3.313360351806104e-07,0.01262702042945838,0.3363481945833421,0.0011647443795320307,0.0009261003319600269,0.041815853530998946,0.00917853016889656,2.987657654716066e-05,0.0011903397662918788,0.0070112284390026,0.14719845994978323,0.0002553248457877546,0.05857739835516149
63,0.0017273457280370184,0.00638179226290559,3.9936229926784235e-05,0.0042877924174152555,0.05975755606079614,0.12913677136011276,0.003418237865826338,0.0002543932914410434,0.06870662663078866,0.01572239066815103,0.07915853622930429,0.000809422440452361,2.718257342039554e-07,0.010346895464374402,0.36221630563662244,0.0010010350555141924,0.000812619213960091,0.0406645126467627,0.009909099011017542,2.4452918898339766e-05,0.0010713576710796177,0.007575315314446104,0.13748649605102317,0.00021854606372324773,0.05927229194168657
64,0.001541397901695127,0.004442043035486983,6.218912563154034e-05,0.004062813926428353,0.061954155929415736,0.13843702441185965,0.003915245902058613,0.0002367357862180276,0.05870707310110169,0.017291621695328184,0.07408147825981876,0.0011861133832146947,3.138877302035381e-07,0.01128106891680273,0.3324476587728738,0.0012868702544632572,0.0010251291261482883,0.037893538822777656,0.008046005818982552,3.211010562314793e-05,0.0021216545701839957,0.007022401236678597,0.18117550381715963,0.00027368250995286826,0.051476169702365855
65,0.001849907334029421,0.004749227947904031,4.608177497316158e-05,0.004385057619530578,0.06564699002943292,0.12961448336431897,0.004314933038697723,0.00026180040699410717,0.06539734310517202,0.018414754564977424,0.08286251445626874,0.000996452690542552,3.177214124251758e-07,0.012464310523299818,0.33634047839434617,0.0011463048245928368,0.000921350547283065,0.04203874686403193,0.009040880959149396,2.9479157247926537e-05,0.001240300449288123,0.007007849980551487,0.15175966704703783,0.00025751465353494727,0.05921325254538256
66,0.002787770802849163,0.003436406826682059,7.168199751960623e-05,0.00509925196434028,0.10837771865355907,0.13933447500644,0.006623104589434028,0.00030396959574991133,0.07730904561356249,0.028249844932245704,0.09453278956753591,0.0010858334464004537,5.651379003740359e-07,0.014733335597617308,0.2472067893834687,0.0015730811593213895,0.0012253481021311523,0.042051011446617936,0.01147687965639763,4.2981842534591466e-05,0.001261691152348463,0.006234806371092128,0.14914173320753976,0.0003352171814935452,0.05750466676521837
67,0.001455512591760601,0.004961164613445133,4.00409932594816e-05,0.004017464052833532,0.054010267895256356,0.14198625383576358,0.003972457103423301,0.00021548316775893097,0.05700516823310167,0.015551604354951057,0.07051640267249312,0.0009669891358845478,2.635040391632316e-07,0.011522021240948433,0.33613097772443823,0.0010579895753016068,0.0009126694408148268,0.04352855238446085,0.008061662841831269,2.7783492395099017e-05,0.001406788399491086,0.0071208350499831295,0.17393485401369116,0.000264657600237292,0.06133213608243652
68,0.0012861011278401605,0.0039821407138955385,4.173844164953303e-05,0.0038363128571712295,0.05570550459670223,0.14902086528839464,0.00434264644669703,0.00028337840932383983,0.05702852719654618,0.017440416206284073,0.07298463197189377,0.001245035214144936,2.9676436299196067e-07,0.010709116406793727,0.36400492817653946,0.0011103558031923659,0.0008176786258443668,0.044400828319633406,0.006762741943428574,3.1833616610897045e-05,0.001508832322629925,0.007027310778290324,0.14616988783838838,0.0002465144657218787,0.05001237646802039
69,0.0002303116166192844,0.0015222200593643744,1.0094532336637956e-05,0.002308754311987896,0.0173722694486274,0.03374063811937446,0.0006436584436886533,8.503082734611263e-05,0.04809085912343874,0.007142763897341429,0.19539593603092315,0.00037158834492118065,3.3433449736439534e-08,0.002663229082169613,0.4694141692827258,0.0001088379304315666,0.00017596850511697552,0.021027444529894697,0.0004575179878719542,2.6312294568499758e-05,0.0008820775878299497,0.0020812494364463555,0.1635410961988474,1.2471032168750397e-05,0.03269546794250944
70,0.0013563979779545273,0.004013361450287098,4.973657952353771e-05,0.005686973451563846,0.05976210858381423,0.1476770530173167,0.00410746758237796,0.000286972478453938,0.0813208855743283,0.019303610105731967,0.09326922076897834,0.0010605256712322203,2.900109423531644e-07,0.00892673524143131,0.3283920556965016,0.001286741281532305,0.0005943043560521965,0.03375030659154291,0.006133590975246509,3.373491793465065e-05,0.001214501286290547,0.006138905256439309,0.14934030273688573,0.00017129887850401664,0.04612291952913399
71,0.0028564332764753203,0.0024033741643628933,4.91248881396126e-05,0.004659796968223911,0.1012048813021508,0.14384385577673187,0.01196349993227027,0.00033094897910264934,0.08609057360827005,0.035310951018519096,0.0840586641233621,0.001205427128334179,5.126784174630184e-07,0.016046070045079512,0.2289712264431791,0.001349964536286917,0.0013320361211764927,0.03856456827276815,0.008439160570717424,3.8058579318621104e-05,0.000980088675900991,0.006798036397567558,0.14838428436220905,0.00040852060467688137,0.07470994154675914
72,0.0016397491045110374,0.000912807301626144,6.961743044370305e-05,0.00573330421395222,0.08046818841466709,0.4016531612154828,0.03130647854931659,0.0007359014913104836,0.05370316062322617,0.02101701602450482,0.026449029135525232,0.002727997547793053,1.730949018140844e-06,0.010689811179739193,0.10808879292437641,0.011037830174066631,0.0014369774443576755,0.10644073975156451,0.010415104876930651,5.5669640882764025e-05,0.002386066892868959,0.006328311977799144,0.10297747633610112,0.0008887576137524448,0.012836319186183326
73,0.0010474055338687885,0.0012573440807958722,9.23073408071974e-05,0.0051728496473662676,0.06607846948806494,0.03187739526180224,0.0026249123040999606,0.00015811946473378067,0.1610335699162517,0.03190074104118452,0.21567857725146972,0.0010886750183559022,7.378873924763189e-08,0.004479473249258597,0.1918192433377228,0.00021473864917748834,0.0005148504428496889,0.002623136748761692,0.000670942669232396,3.0874941437689344e-05,0.0012110104221074146,0.0038946671250227652,0.15172678828295985,2.8752825659341527e-05,0.12477508116826999
74,0.003005635288376898,0.0038940107752488675,4.0805556974819666e-05,0.007800343976841405,0.09555157521552564,0.15784377103529,0.00555637714139168,0.00014535083136642523,0.0992831758975541,0.012854981532966962,0.0571955541770227,0.0006299425264202647,2.975883472396163e-07,0.011936571131188274,0.14385631991884815,0.0015834566810555932,0.0010232820805556905,0.040244855685838236,0.008350235705411213,2.4371219740500197e-05,0.0014530568211416652,0.004782133489916755,0.27426759321088734,0.00025550475664283783,0.06842079775544686
