,0,1,2,3,4,5,6,7,8,9,10,11,12,13,14,15,16,17,18,19,20,21,22,23,24
0,0.03148164237617289,0.0005282376732663564,1.1748789251031214e-05,0.004563148331625648,0.0005549191328857078,9.192746493359438e-05,0.0012017388170216827,0.0203597473623069,4.6052357628007224e-05,1.2605073600095478e-06,0.9159360880160476,0.005187365653627162,6.677090142199522e-05,0.0002360831194736431,0.0029559349050694533,8.234044734004015e-05,0.009490774992813896,0.0034746016106324516,0.0016823112860574522,2.1406004735046558e-07,0.00022163895998856788,0.0015794755851396528,0.00012387274370725628,1.918344875020669e-06,0.00012018656130659836
1,0.0343641239212134,0.0006012440778011835,2.1059750832352526e-05,0.006339554866036018,0.0007056051527916129,0.00016045559232120846,0.001965865408366986,0.028609833263979537,9.503615349545178e-05,2.8705141406663574e-06,0.8948065940954029,0.005691142623311391,0.0001041310676238705,0.00033476947504314486,0.004178171952843835,0.00018215560492141635,0.00993877521384213,0.00613155772121853,0.0032410686033616234,4.5006244970665824e-07,0.0003563001117123303,0.0017830241664397633,0.0002014443454346384,3.7339421864604487e-06,0.00018103231322977832
2,0.02315755668686835,0.0005505280704532578,1.2223472842438684e-05,0.004044940997243184,0.0006976332260505043,8.437937281998644e-05,0.0010409278743269707,0.021730388826178632,6.402159851548274e-05,1.6041296591609724e-06,0.9243408914080065,0.005468474934680293,5.570170283456961e-05,0.00040203298555836867,0.004049058597892156,8.105231183319083e-05,0.007688556464579446,0.002929231424756333,0.001399229922694989,2.9517638806359476e-07,0.00020803098860471087,0.0016919325607154352,0.00011706702364220366,2.035954337433989e-06,0.00018220428851841147
3,0.031492723890499986,0.0005283035127644543,1.174986742652935e-05,0.004565197360583479,0.000555081121605974,9.186285761123695e-05,0.0012019562721203609,0.020359384620705884,4.6002635599934065e-05,1.2593653334107279e-06,0.915915383175878,0.005190017958625194,6.677188890230285e-05,0.0002359246053188405,0.0029543728902473496,8.235487936760161e-05,0.009499070533867636,0.0034743562774569563,0.001681807385052145,2.1394402188472766e-07,0.0002216512432537336,0.0015786391226078967,0.0001238635070826906,1.918353941394983e-06,0.0001201327301249519
4,0.031369283739304976,0.0005580960648633622,1.2199536036446453e-05,0.004501393860608096,0.0005713900857245826,7.56818530919432e-05,0.0012648610794750504,0.02059601518629268,4.7432804207646754e-05,1.2363173684892221e-06,0.9165993684266567,0.0051749284794748805,8.051409770018003e-05,0.0002754932233111383,0.002540989331301288,7.279513633453902e-05,0.00864823684409593,0.00377883920173338,0.0016798085300402245,2.3563354999256934e-07,0.0002530851664348484,0.0016710885943223208,0.00011336437837296127,2.004393562735244e-06,0.0001116580361359126
5,0.034190748332827745,0.0005132043560794451,1.4317686413988419e-05,0.006651652180606085,0.0006828935652134316,0.00010252530033459355,0.0012272824611601343,0.021898243421105888,5.024251145914204e-05,1.6344165095768549e-06,0.9076405425932282,0.0043977798784209255,7.76646114680578e-05,0.0002762486560234605,0.0024309878422617494,8.256646522954503e-05,0.009791716204819848,0.0062232838696323085,0.001887270611445056,2.914231773856739e-07,0.0002814842186413901,0.0012954396775736216,0.00018503126141870466,2.4189906245755385e-06,9.452946432531923e-05
6,0.031492723890499986,0.0005283035127644543,1.174986742652935e-05,0.004565197360583479,0.000555081121605974,9.186285761123695e-05,0.0012019562721203609,0.020359384620705884,4.6002635599934065e-05,1.2593653334107279e-06,0.915915383175878,0.005190017958625194,6.677188890230285e-05,0.0002359246053188405,0.0029543728902473496,8.235487936760161e-05,0.009499070533867636,0.0034743562774569563,0.001681807385052145,2.1394402188472766e-07,0.0002216512432537336,0.0015786391226078967,0.0001238635070826906,1.918353941394983e-06,0.0001201327301249519
7,0.04863417053478497,0.00026278767393179297,7.35113729444181e-06,0.002195590049692363,0.00021394398148668245,4.0877867521886096e-05,0.0008676288309330668,0.01614347338539256,1.5427299819011008e-05,4.382736657044361e-07,0.9179400806673336,0.0027010986335254525,9.806208545825061e-05,6.730244956812336e-05,0.0012545724779203838,2.9923613114125653e-05,0.004198196505928736,0.002501591403276841,0.0011354974683516184,9.459725356884377e-08,0.00012776409992034144,0.0015042718867532066,2.980102559242326e-05,6.113447547600278e-07,2.9442706726024775e-05
8,0.06095046411891905,0.0009451717778599217,4.5552217565822414e-05,0.009058017720300345,0.0010032292812291838,0.0001242224437276315,0.0006903256025209253,0.017976209691191097,8.785708698671222e-05,3.6209634693532132e-06,0.8691270116200536,0.007802164742870514,8.037928379702535e-05,0.0005455593067929559,0.004480903580960214,0.0001681201764827569,0.019737364336251274,0.003855469791611476,0.0010174035353245198,4.849524490049185e-07,0.00020989450543824502,0.00136338652254395,0.00035940654362760045,8.59588218298228e-06,0.00035918431584392395
9,0.0397357529948295,0.001618797176979969,6.44315991879946e-05,0.01214086703868405,0.0011314815826946431,0.0001523407700477658,0.0010260343073102086,0.030455990832019966,0.00014321329968079277,9.436733973322427e-06,0.862137781116164,0.008295188187127196,0.00011728756216059336,0.0011843694444790122,0.005981016351131841,0.00034942131669368103,0.023309673217075628,0.006815319314994876,0.0021682646190867238,1.1556981826095666e-06,0.0004033698069884881,0.0017187680550595718,0.00048787680987980725,1.243982199016175e-05,0.0005397223435774849
10,0.031492723890499986,0.0005283035127644543,1.174986742652935e-05,0.004565197360583479,0.000555081121605974,9.186285761123695e-05,0.0012019562721203609,0.020359384620705884,4.6002635599934065e-05,1.2593653334107279e-06,0.915915383175878,0.005190017958625194,6.677188890230285e-05,0.0002359246053188405,0.0029543728902473496,8.235487936760161e-05,0.009499070533867636,0.0034743562774569563,0.001681807385052145,2.1394402188472766e-07,0.0002216512432537336,0.0015786391226078967,0.0001238635070826906,1.918353941394983e-06,0.0001201327301249519
11,0.03283053464070657,0.0005231060941441694,1.1733060662229801e-05,0.004554926946862934,0.0005672688725361299,8.309154770491466e-05,0.0012769849324024561,0.019474942568746226,4.543114232722718e-05,1.1580324522726755e-06,0.91567848846796,0.005323787152547335,7.786939468641227e-05,0.0002269642047477176,0.0027860653875911618,8.059521146753947e-05,0.009131193308415306,0.0034987559969679788,0.0017245553566052356,2.245635844178092e-07,0.00023163783264484663,0.001638362713007243,0.00011632790349577705,2.1047658092255396e-06,0.00011388990192458385
12,0.014590750859404722,0.0001861931891518885,2.08129808684678e-05,0.0008470413686346444,0.0038133083307389675,4.8740106841515104e-05,0.0003615808571301467,0.0033556503166452113,5.057651168972338e-05,6.405211597933386e-07,0.9595978397289489,0.003070517286912183,1.550500792470468e-05,0.0006038558515879994,0.0007733710299617159,1.5228384625315488e-05,0.010001663407377967,0.0014134369162894463,0.00010935699227391566,3.378733930420826e-07,0.0002891055781806518,0.00038529509860032687,0.00021107546775762205,4.458402642316923e-06,0.00023365793125890852
13,0.01379242457728418,0.00022967098274923284,3.3006815402357474e-06,0.0008672837976254859,0.0002739598813005402,1.532229840226994e-05,0.00041729993310684677,0.011847905595077599,1.3468937067360295e-05,2.0472861186695905e-07,0.9604547322953727,0.004404679388140903,2.470228286686193e-05,0.00015659196383481963,0.001487339840397159,1.723618215083947e-05,0.003385370191140639,0.0007679730459608276,0.0004284434960935119,6.095163496526576e-08,8.71361200352757e-05,0.0012309809387538247,1.7516867989754053e-05,4.1568522495612086e-07,7.597933763727808e-05
14,0.010590906259243436,0.0008203430021011648,3.704150872056939e-06,0.0033929185836324,0.0009106943000139796,1.3134553163437539e-05,0.00045546776774651733,0.005602192958857533,7.845539263389641e-06,5.000013361008654e-07,0.9633830957705418,0.0010755543565574579,7.402161021062429e-05,0.00012793946196621087,0.0003726027064831546,9.463067054246652e-06,0.006556047470150991,0.00352043913922958,0.0018570344613906898,9.079005858121812e-08,0.0004997309031233205,0.0006727150896087963,3.9097295827103606e-05,8.680777985483047e-07,1.3592683768598999e-05
15,0.031492723890499986,0.0005283035127644543,1.174986742652935e-05,0.004565197360583479,0.000555081121605974,9.186285761123695e-05,0.0012019562721203609,0.020359384620705884,4.6002635599934065e-05,1.2593653334107279e-06,0.915915383175878,0.005190017958625194,6.677188890230285e-05,0.0002359246053188405,0.0029543728902473496,8.235487936760161e-05,0.009499070533867636,0.0034743562774569563,0.001681807385052145,2.1394402188472766e-07,0.0002216512432537336,0.0015786391226078967,0.0001238635070826906,1.918353941394983e-06,0.0001201327301249519
16,0.02606130760696244,0.000391932150003759,5.3457112690137825e-06,0.002388297293707284,0.000298861147978343,4.320447928702592e-05,0.0008233844330501412,0.02060512156134421,2.242615717411133e-05,5.219203173645197e-07,0.9288830754388979,0.006077945188284908,4.2612977921238404e-05,0.00017662506357334372,0.00257665654661334,4.613125628575993e-05,0.006438012251530546,0.0019036880842670685,0.0010913237967329213,9.148339188614671e-08,0.0001257051399045053,0.0018630169243389002,4.3958586534954505e-05,6.580957060485051e-07,9.00967049229869e-05
17,0.030842534687224556,0.00045189312849789015,1.0825887245631657e-05,0.0036238047571930565,0.0005970153341981013,6.906777831447265e-05,0.0012116087022091204,0.017188373536447348,4.0669767189890934e-05,8.595662430579392e-07,0.9233332455254578,0.005192007893075357,6.41194796089206e-05,0.00023199080343274384,0.0020010056964422144,5.820410505481059e-05,0.008708032131487738,0.0032601367412831415,0.0012667058066909533,1.8363657621253803e-07,0.00023814187961594641,0.001395972673058226,0.0001095343635501853,1.8385969839205967e-06,0.00010222752291880817
18,0.023284165738145523,0.0006932739233340439,1.7898083007781174e-05,0.002644227100201303,0.0005804031776845206,8.235748486749802e-05,0.0016200685681433027,0.01899784144697771,5.681974035852662e-05,1.4769574010004582e-06,0.9111740772749567,0.010773901034006163,5.5336038651265145e-05,0.0005188878425581438,0.004131204149827367,0.00018033710512333913,0.01788296018416172,0.00281493733308054,0.0017548143507130714,3.079698473139407e-07,0.0003897388613785275,0.0017054059457889622,0.000182980185649612,3.574967931077536e-06,0.00045300453620490113
19,0.029258436719013542,0.000952022400450235,1.2962807325362172e-05,0.011533578385828464,0.0010608919680359888,0.00020823615152799514,0.0018105981944607794,0.02714064041087248,0.00010372012959591705,2.7379292115428506e-06,0.8926767423261825,0.007952755779733848,9.370766989302768e-05,0.00033168052548447684,0.0061768152763278265,0.00013705292223522883,0.011045230149060871,0.0036640151456456423,0.0025908434587176813,3.8453550390441574e-07,0.00018724171013386118,0.002698028064824442,0.00017958103077844856,3.090799268398188e-06,0.00017900550988723515
20,0.0231305511103563,0.0005653237880113086,6.081911230921847e-06,0.0037625318408084966,0.00038919919583898436,6.981691475304562e-05,0.0009465003413128875,0.02438224849429657,4.353946485005841e-05,1.1359550267345494e-06,0.9265745033590366,0.0037358612871921312,7.272111306770498e-05,0.00024644187710913166,0.003402001121941109,4.568495121132531e-05,0.005243870890604257,0.0023367381027403398,0.0017837113589618636,1.790983994623407e-07,0.0001620198817910263,0.0029599858039701626,5.541880231014008e-05,9.151205778327063e-07,8.301821460184027e-05
21,0.023437816905431633,0.0005362338774787542,7.197478511394003e-06,0.0048619226952979246,0.0005735613585816072,0.00015074115148815795,0.0011998203716795358,0.019266357428036906,5.5748572069225116e-05,1.4270339772337537e-06,0.9261869125446883,0.0037153177428609287,5.27586981479848e-05,0.0001800060881246364,0.004794868397135205,6.816212814803326e-05,0.007749991892712187,0.002398430004184743,0.0022820948729625826,1.799527449605366e-07,0.00016976093380282595,0.002077212999368511,0.00011724367264591882,1.3847933394360726e-06,0.00011484840658120156
22,0.03829966642852337,0.0003968541810042754,1.449617213913793e-05,0.0033080706460595385,0.0003501904462811924,7.060816641992389e-05,0.0006346105166374802,0.02435738519974481,1.6958304890201833e-05,1.298412888346574e-06,0.9057918644410442,0.0027605946390997513,5.448158013253762e-05,0.00018565840599982168,0.0012716966389505122,5.9014667722145385e-05,0.014241471971706013,0.005287055415603332,0.0012477991180621995,1.7495003018828753e-07,0.0002965813192410115,0.0011769336688921684,0.0001208149192917744,9.79956132267518e-07,5.473983350354529e-05
23,0.031492723890499986,0.0005283035127644543,1.174986742652935e-05,0.004565197360583479,0.000555081121605974,9.186285761123695e-05,0.0012019562721203609,0.020359384620705884,4.6002635599934065e-05,1.2593653334107279e-06,0.915915383175878,0.005190017958625194,6.677188890230285e-05,0.0002359246053188405,0.0029543728902473496,8.235487936760161e-05,0.009499070533867636,0.0034743562774569563,0.001681807385052145,2.1394402188472766e-07,0.0002216512432537336,0.0015786391226078967,0.0001238635070826906,1.918353941394983e-06,0.0001201327301249519
24,0.027165777511582813,0.001050071065416891,1.0851376478599552e-05,0.01105330814899838,0.000690490740963382,9.927984351311006e-05,0.0014268181367571404,0.028600962133338296,5.099755579541791e-05,2.142725712771964e-06,0.8953508211971529,0.005356600204963351,8.483309591214062e-05,0.0003380595203835767,0.0038999288564046095,0.00010539700583420453,0.013272207798045147,0.0054751953413698755,0.003420406730584684,2.5923226916337577e-07,0.000294352168760169,0.0019588830705641698,0.0001782061601042091,2.127690200489137e-06,0.00011202268889437983
25,0.055568432941089464,0.002587182881875529,3.4043528074373216e-05,0.014557637140344725,0.0008111206314301972,0.0004887304286656817,0.0016214511847179721,0.0170734854389877,0.000236152498692823,1.1415337616072013e-05,0.830185261153172,0.007569552240348389,0.00014867071796366977,0.00047559867106476526,0.02481785490695804,0.0005066211964703238,0.026813921684351375,0.0031891021803403885,0.007264791078999291,6.087265594369534e-07,0.0002750249161280542,0.004510859843848016,0.0004890613267891214,1.1628000927549046e-05,0.0007517913445850191
26,0.06470138536547465,0.0005199293290599858,4.577482448559984e-05,0.009092980450651522,0.0014634320145568462,0.00016915883127377433,0.001267674980218189,0.014373433727835923,0.00012693994249645532,2.939406457183443e-06,0.8732222223899962,0.00446655860084714,0.00010160307283325448,0.0004452966658097674,0.0019017502041085064,0.00011221477944272208,0.01357964204928045,0.011043750360943978,0.0013192934779198608,6.285994727730184e-07,0.00042507748294219215,0.0007974103787289286,0.0006502677985186835,1.1578155258630398e-05,0.000159057111386926
27,0.02909018671247078,0.0005322137169695302,7.613063807378963e-06,0.005142622995696719,0.0005792369082115808,0.0001491542487482145,0.001237941299522176,0.022731921213295737,9.161991190991092e-05,1.4840267281384588e-06,0.916578900078207,0.005275338272583894,6.81128531543077e-05,0.00022027966646283648,0.005377977567639807,7.418176763418883e-05,0.0050885431449806395,0.002439413106726835,0.002042247909640047,2.1669075802040665e-07,0.00012867877847489527,0.002905791723321657,9.393616266467958e-05,1.849691762088829e-06,0.00014053848862916654
28,0.031492723890499986,0.0005283035127644543,1.174986742652935e-05,0.004565197360583479,0.000555081121605974,9.186285761123695e-05,0.0012019562721203609,0.020359384620705884,4.6002635599934065e-05,1.2593653334107279e-06,0.915915383175878,0.005190017958625194,6.677188890230285e-05,0.0002359246053188405,0.0029543728902473496,8.235487936760161e-05,0.009499070533867636,0.0034743562774569563,0.001681807385052145,2.1394402188472766e-07,0.0002216512432537336,0.0015786391226078967,0.0001238635070826906,1.918353941394983e-06,0.0001201327301249519
29,0.031492723890499986,0.0005283035127644543,1.174986742652935e-05,0.004565197360583479,0.000555081121605974,9.186285761123695e-05,0.0012019562721203609,0.020359384620705884,4.6002635599934065e-05,1.2593653334107279e-06,0.915915383175878,0.005190017958625194,6.677188890230285e-05,0.0002359246053188405,0.0029543728902473496,8.235487936760161e-05,0.009499070533867636,0.0034743562774569563,0.001681807385052145,2.1394402188472766e-07,0.0002216512432537336,0.0015786391226078967,0.0001238635070826906,1.918353941394983e-06,0.0001201327301249519
30,0.031492723890499986,0.0005283035127644543,1.174986742652935e-05,0.004565197360583479,0.000555081121605974,9.186285761123695e-05,0.0012019562721203609,0.020359384620705884,4.6002635599934065e-05,1.2593653334107279e-06,0.915915383175878,0.005190017958625194,6.677188890230285e-05,0.0002359246053188405,0.0029543728902473496,8.235487936760161e-05,0.009499070533867636,0.0034743562774569563,0.001681807385052145,2.1394402188472766e-07,0.0002216512432537336,0.0015786391226078967,0.0001238635070826906,1.918353941394983e-06,0.0001201327301249519
31,0.0502396371201893,0.0005814652081333709,2.0842246362178065e-05,0.004133716614594941,0.00033354019709138456,6.774604098512794e-05,0.001049770175895184,0.04164509929366071,2.8598475154387922e-05,1.5359677628353146e-06,0.8716932798706216,0.005351622800870289,7.342238428520005e-05,0.0002562179061992491,0.0016701912464383735,0.0001199943253292656,0.013521449335574,0.005800424662477371,0.0014546027978360704,2.0855983362768155e-07,0.00029602349173040224,0.001442185833168613,0.00011902539430841943,1.50192425513258e-06,9.789812724294891e-05
32,0.029607453863865332,0.0005484187844674574,1.0953887955660321e-05,0.005092046031809567,0.0005548238193840343,0.00010010556744205189,0.0013182599796579834,0.020962836648263178,4.7053588617870955e-05,1.372008409138309e-06,0.9149212487655158,0.004936441619835748,7.153778838368271e-05,0.0002233023440203021,0.003500059886382499,9.302304192435302e-05,0.009876076246313776,0.0036412538789791647,0.002284334974982615,2.2403189684712082e-07,0.00024639448550355325,0.0017082270706057464,0.0001320068739004639,1.9938152957370465e-06,0.00012055099658730418
33,0.031695688389607304,0.0004923612559470168,9.48089331288673e-06,0.0043219555394880625,0.00047174756997265193,6.91242157930972e-05,0.0012094604869981884,0.020614550497568624,3.198670920632751e-05,8.757828656126017e-07,0.9162615543364001,0.0054890513724122104,6.935269306042285e-05,0.00018421896643779564,0.0022880663508290065,7.482231855402305e-05,0.009759573831415501,0.0033657019285444224,0.0016290960646764359,1.6811997495081056e-07,0.00021370819537954,0.0015585871410792147,9.639319680791267e-05,1.5639150089578388e-06,9.091022865950325e-05
34,0.08088498018485084,7.916428551547119e-05,5.4921867229496455e-06,0.0019910276379777863,0.00028690216659748425,3.118446680979455e-05,0.0006545187469532874,0.007537485694132119,1.9223945203177475e-05,1.8405433502010963e-07,0.8990622889261091,0.0011300505918653185,6.218318239783891e-05,3.420785397828566e-05,0.0011149073806463138,1.1346143535040703e-05,0.0017448726177064751,0.0033388330722237632,0.001138207728851115,4.302170687260189e-08,0.00012745353063903288,0.0006916618709150707,3.7885039349201896e-05,6.973616686630938e-07,1.5198309310240761e-05
35,0.10805232292624851,0.0002853812686889164,9.877110075472162e-06,0.003967292433483626,0.00015669614865311822,0.00011916837915923547,0.0014294352623156442,0.04525314483361094,3.3674288999362625e-05,9.06042215013166e-07,0.8118790459252092,0.006037637356404311,0.00010663646990418071,6.745606703747059e-05,0.0012265552615023162,0.00013394627870032396,0.006782214849472706,0.009320168935334274,0.0024141249933672384,1.0373580371160467e-07,0.00014112811662668094,0.002474950405953324,6.697062420341405e-05,1.1473598115749812e-06,4.0014927219562225e-05
36,0.04308873125372708,0.0010419146257268246,1.3376780768881087e-05,0.007613049011819132,0.00026836757305116646,0.000145619138616555,0.0016949314604039747,0.07768038071811484,6.591091013136559e-05,3.585917230154679e-06,0.8210986324120862,0.009157678569996526,0.00010799268394937908,0.0004045426759346588,0.005237038175483788,0.0002718019548705349,0.016238402554730108,0.006474443335020008,0.0037931924274593495,3.1650826322563424e-07,0.00020249252160439108,0.005129862321006831,0.00011468488458046262,1.2507678156777627e-06,0.00015180081760862135
37,0.05082828707287708,0.00039461707502124984,1.9065166117902208e-05,0.003625591888629671,0.0006980409603540022,5.612300432753739e-05,0.0013931373010324505,0.013801699226828364,4.5912470507780344e-05,8.165261269522318e-07,0.905325696773548,0.005811211566605504,9.65027681107644e-05,0.00024443469542871974,0.0013186981378503983,6.263154668982095e-05,0.008708935389327361,0.004925759597958242,0.001059642464148541,2.2729766558475987e-07,0.0003039345672082412,0.0010433981195022751,0.00013237161003184166,3.3456593538230507e-06,9.991911474793094e-05
38,0.05592835300539143,0.00040887723840210566,1.6704801514760373e-05,0.008188397036579954,0.00037670874011475644,0.0003274959577396238,0.003824617064190386,0.03252131400605547,5.1070638831972196e-05,2.1851340076138806e-06,0.8522451209830074,0.0049157553401782865,0.00014224034690271943,0.00010556690023465468,0.005704716195480359,0.0003270383193386069,0.015464245099489321,0.00940178849083939,0.007329853512819473,3.61454295311777e-07,0.000416364227042651,0.0019195072584164215,0.0002782695212074568,2.65387011549156e-06,0.00010079485780449231
39,0.03569543883530554,0.0002612723566555958,9.626252681692907e-06,0.0027998343085372064,0.0002458551002581466,0.00011766867687080413,0.001844517985398596,0.04572016066494787,2.0036577536345363e-05,6.837156454300286e-07,0.8846708117655012,0.007217177757085829,5.723912143823192e-05,9.519536620671082e-05,0.0018187416869253686,0.0001466272988170377,0.011730985826911067,0.0036582912889611906,0.0017409987423509924,1.404333699238181e-07,0.00024390752808755353,0.0017355739665471167,8.734392111395394e-05,9.620824619867778e-07,8.090874038455006e-05
40,0.03237154932794835,0.00038192221867535976,8.778926500500977e-06,0.0015905830346858174,0.0003984596347570473,5.59647803377072e-05,0.0007128245887062454,0.013452584021937018,2.780073617282926e-05,5.129565007980083e-07,0.9318484544320784,0.006092029258157127,4.5003370223773977e-05,0.00016514392630351577,0.00229821331639642,3.8860640521250043e-05,0.006768396009072626,0.0010533004817190092,0.0005408998969380933,1.085067680239577e-07,0.00010717748269808449,0.0018786440124511047,4.126362299033115e-05,8.920582187180861e-07,0.00012063275924173575
41,0.031582297421865406,0.0004773534910187662,1.057369160819592e-05,0.0058167430013127295,0.00068222282261076,0.00011888948802112527,0.0010962319714576368,0.019463131544236248,5.601630060439337e-05,1.3248897826318656e-06,0.916850553438443,0.004969511962359111,5.596736797192523e-05,0.0002027487375990339,0.004143107522607806,7.595722344618365e-05,0.007895995749097367,0.002983535777739878,0.0016040946694116888,2.0302804845193067e-07,0.00015333590924869432,0.0015104200399264991,0.00012767254535250635,1.862277861752338e-06,0.00012024912836821679
42,0.027566589034317905,0.0005872574030401615,5.073867726493327e-06,0.004156204624575797,0.00030133916684997445,0.0001265374573398824,0.001256795679671992,0.030901264178026272,3.61709429031535e-05,1.1541302705371722e-06,0.9055053902673978,0.005172978716076386,8.586456013660769e-05,0.00010175916490692354,0.005050655454032103,0.00011402914588113961,0.008768542174897491,0.00179377601083693,0.0033055539106095835,1.5667178972404238e-07,0.00013006466628501308,0.004893180758056618,4.79241730738395e-05,9.617897779416102e-07,9.077605151975954e-05
43,0.02799684183467401,0.000582144250175764,1.491948673353052e-05,0.007059529813113895,0.000635006740933511,0.00035360483964377225,0.0013034496718934748,0.03596945456077613,8.588252593456503e-05,4.903705044651529e-06,0.8945578514967997,0.002870181336167477,7.993763677077412e-05,0.000262343166381968,0.006496542366416397,0.0001427381265822405,0.009480224976339621,0.004838194564237421,0.0038462752034779516,4.5771265446125415e-07,0.0003098769049969895,0.0027692464351237282,0.00020833662370529593,2.0305508465855165e-06,0.00013002547057631276
44,0.031492723890499986,0.0005283035127644543,1.174986742652935e-05,0.004565197360583479,0.000555081121605974,9.186285761123695e-05,0.0012019562721203609,0.020359384620705884,4.6002635599934065e-05,1.2593653334107279e-06,0.915915383175878,0.005190017958625194,6.677188890230285e-05,0.0002359246053188405,0.0029543728902473496,8.235487936760161e-05,0.009499070533867636,0.0034743562774569563,0.001681807385052145,2.1394402188472766e-07,0.0002216512432537336,0.0015786391226078967,0.0001238635070826906,1.918353941394983e-06,0.0001201327301249519
45,0.025931521779392126,0.00031993016675172555,5.114847637270763e-06,0.010451706125570595,0.0007968493079005957,0.00024425804801030034,0.003147590472070192,0.027606610366944385,8.455630647364758e-05,1.037306549645653e-06,0.9010743489127018,0.0054106595461523785,8.026450794570812e-05,8.938207562717041e-05,0.010072105010116187,0.00011967965808994214,0.0047507586003626215,0.0029504829301929447,0.004278656920133739,2.3298191528908398e-07,0.00011538864687978974,0.0022705600688469707,0.00010672554904653977,1.5786186536894882e-06,9.000124603464363e-05
46,0.04842510766842259,0.0006168018178984751,6.100990332557915e-06,0.0043513786519259095,0.0002780182917500667,5.894873373565356e-05,0.0007594221354359684,0.017615363556637984,6.580417070453106e-06,3.8340526664926123e-07,0.8753706858597617,0.008445517411472122,5.283170343804429e-05,5.059506378785898e-05,0.0025000475243587813,9.953195030780386e-05,0.036479338976904974,0.0012031576891521753,0.0012242912059330284,6.101308493133109e-08,0.0001074264557215118,0.0022115820323169904,6.358065746048032e-05,8.191560444405375e-07,7.242763177879973e-05
47,0.05851484276694984,0.001047223941399219,8.634417414210192e-06,0.002546778618209956,0.00023270747539136976,5.387992292127197e-05,0.001211248274756741,0.02130281907770206,2.9923067624673942e-05,7.203291432986611e-07,0.8804184296708913,0.012545307804023622,0.0001213599745089358,0.0001208515373408265,0.002683782240814568,0.00012328991099532527,0.011526396213343667,0.0014460639544974713,0.0014014988557789505,1.1657949348894296e-07,9.864033235134571e-05,0.004391954407549215,3.280427094144929e-05,1.5408403701985886e-06,0.00013918551558717064
48,0.0432256783215814,0.0026536213259936393,1.1842205587981275e-05,0.012958999712044752,0.0003316502644703773,0.00011407764861605827,0.0013823429713674734,0.05246411756831713,2.0428722160574733e-05,2.8875600075361977e-06,0.8093279759320353,0.006966214933517088,9.53877296720364e-05,0.00022806035110897483,0.004511098599369597,0.00021108264963158536,0.05204809886705838,0.004098168914755001,0.00475770198203394,1.6205443276614618e-07,0.0002850775694267707,0.004038143102058514,0.0001594371104833351,1.0839776007041486e-06,0.00010665992666914712
49,0.03566337425771318,0.00046214027744979853,1.4123118870818508e-05,0.0038860483534321213,0.0005240640503218995,0.00012326113760087278,0.001110497591906912,0.022438411933858912,4.696121314063432e-05,1.2343598574110998e-06,0.9116039224523175,0.006249328824665664,6.405086219120336e-05,0.00021777552797820333,0.0021478381007565884,7.948198343832925e-05,0.009066160146886949,0.0032827983333069493,0.001016270036870397,2.3075487882931766e-07,0.00017727740089175763,0.0015919923610081869,0.00011679043389817628,1.8228477584256965e-06,0.00011414363900035345
50,0.029869823276401437,0.0007470435385642978,1.3265849637183069e-05,0.005015326565481326,0.0004835033952109887,0.00010664876268323304,0.0020591288020237537,0.037410966706252456,6.346911323140434e-05,2.1682576665441158e-06,0.895974366628275,0.005681691362689545,0.00010684540172610149,0.00034094335649680253,0.003661408778137684,9.847122632610824e-05,0.008132592821831814,0.0039013168058089974,0.002980186213087492,2.5713550521348463e-07,0.0003055663320965381,0.002825004651503232,9.172986982311237e-05,1.3972235789613141e-06,0.0001268779259608617
51,0.02909206219142618,0.0010695001104258045,9.53405974235899e-06,0.006717444832071498,0.0004756974763950973,6.94679091893719e-05,0.0008830732732276121,0.02874440498221026,4.125151435644912e-05,1.6290793813960216e-06,0.9067033620888189,0.005744036545965757,7.290578768135462e-05,0.00031112198098792634,0.003451437528429876,7.06146907291549e-05,0.00897903041160795,0.0030167072727279305,0.001820607365800911,1.8157619992536374e-07,0.00016449562862664904,0.002373262351952901,7.978954089162777e-05,1.2419491711462679e-06,0.00010713985198212625
52,0.022185424787538495,0.0005023916863447656,9.035714234895002e-06,0.0022851035606020233,0.0007273747743178522,4.640493228086177e-05,0.0014018983533956443,0.011623532646029605,3.270150367938799e-05,4.0698576076243293e-07,0.9380809786589055,0.0073543210896131845,4.423239785271959e-05,0.00021622845227096943,0.00167235053864026,4.301007501699211e-05,0.009984488021933916,0.0013679435971208837,0.0008024816719225658,1.0967902206206464e-07,0.00024397626180773806,0.00113626009508594,8.757670125798713e-05,1.8123061610409568e-06,0.00014995550920375713
53,0.025181884024212085,0.0002860728364643152,7.783569376178851e-06,0.0032028438283610364,0.0005011317347023001,0.00011740775209685824,0.0033330547500662003,0.02097807069791909,6.211987736845474e-05,5.272583584595871e-07,0.9212873377300529,0.009030255401682005,5.405187291818312e-05,0.00019413996117193172,0.0030286990414305874,8.171112608080344e-05,0.006424186674076762,0.0030388423529111174,0.0014286018088734847,1.760316680948644e-07,0.00019750711537382877,0.0012811747612019185,0.00013474018140399241,1.608498471463477e-06,0.0001460711137580494
54,0.02292241057857482,0.0017449565230448529,1.895505375830709e-05,0.004177917132623549,0.0006645389605835599,9.647159425524148e-05,0.0013640246043741615,0.02712298784584256,0.00012905544432143808,3.2789037212059157e-06,0.8893658288660848,0.019559429974533638,6.635861922290104e-05,0.0008837536753929207,0.010476773954462625,0.00027984308198747193,0.013250285730022215,0.001684597266768258,0.001725249857508374,4.114770069793225e-07,0.00015563560230485115,0.003257810804452406,0.00011297683052549211,3.958634575678306e-06,0.0009324889840516017
55,0.03200444835469572,0.000246971996375802,7.822499011225979e-06,0.004018394704037651,0.0009454133247564408,7.749451664960896e-05,0.003281319917784596,0.011391168471365695,9.009909178772077e-05,3.02400871670507e-07,0.9199970383800721,0.016220956395298157,6.574246742652095e-05,0.00015117343547277023,0.0017460093188404009,6.744227759778198e-05,0.004165166436267794,0.003178003493546414,0.0010701365919598045,1.4017141299230045e-07,0.00014533769454349294,0.000869218133996386,0.00011284149413434038,4.273981462863263e-06,0.00014308445063219082
56,0.032210064498678755,0.000527679818386164,1.1509326540202893e-05,0.0044785727161624,0.0005403434086569629,8.722137311169185e-05,0.001231371012344573,0.020195044317921764,4.506270184336641e-05,1.1915779890427729e-06,0.915761292983383,0.005276926213061438,7.147733426148835e-05,0.0002302406344598467,0.002821780474288533,7.949686113761248e-05,0.009196254478068763,0.0034590675605533027,0.0016840127761579326,2.1297269601028604e-07,0.00022274808023691373,0.0016341754179961337,0.00011727289425236951,1.9241133580985988e-06,0.00011505645445359007
57,0.02537484552210011,0.0007412691935844085,1.0253662711851286e-05,0.0037473247686070727,0.00046426362598994616,5.992571194635724e-05,0.0017684281372920788,0.021070333841244324,3.537573219032726e-05,1.0961732408563536e-06,0.9156591820373692,0.00656047184163158,0.00010366613208577528,0.00019986636462123784,0.0029547600726886,0.00012875313007674146,0.011781109954563976,0.0030257727432680295,0.003594963073070779,2.042030790014927e-07,0.0003736611031636156,0.0021215865314164074,8.347275109173844e-05,2.232216111454276e-06,0.00013718147685456096
58,0.03120470366419664,0.0005621572421608528,1.355039654893163e-05,0.005103120231376232,0.0007535229754097454,9.465166564810695e-05,0.0013867663144309652,0.01605772878528381,6.047428135265192e-05,1.3227925949072012e-06,0.918602554911493,0.005657715869792509,8.316860556721166e-05,0.00025727844609712793,0.0031018970250574394,9.154589722939277e-05,0.009434283060994225,0.0035899244048808367,0.0018753729389437042,2.814513802716478e-07,0.00026671906712816756,0.0014968846812850386,0.0001548038725907696,3.4364458005902193e-06,0.00014613497275686686
59,0.031976219888515914,0.0005876439616620459,1.663729646439348e-05,0.004834038925229591,0.0007518530889830874,9.756112933659473e-05,0.001276099315641643,0.01775952940366559,5.926901865487826e-05,1.587046307958708e-06,0.9154349716616377,0.0055007233967535,7.944030675226734e-05,0.00029919534802864365,0.002861890213675441,9.994518073990786e-05,0.010687323766067243,0.003903033917651364,0.0017047749293689182,3.1059488647823334e-07,0.00029522672453209214,0.0014461679042079446,0.00016618601440384484,3.4344355296072618e-06,0.00015693653130350539
60,0.031492723890499986,0.0005283035127644543,1.174986742652935e-05,0.004565197360583479,0.000555081121605974,9.186285761123695e-05,0.0012019562721203609,0.020359384620705884,4.6002635599934065e-05,1.2593653334107279e-06,0.915915383175878,0.005190017958625194,6.677188890230285e-05,0.0002359246053188405,0.0029543728902473496,8.235487936760161e-05,0.009499070533867636,0.0034743562774569563,0.001681807385052145,2.1394402188472766e-07,0.0002216512432537336,0.0015786391226078967,0.0001238635070826906,1.918353941394983e-06,0.0001201327301249519
61,0.03422121280426815,0.000531901632253447,1.7563604557027857e-05,0.004595831897360479,0.0007578294551061304,9.692845863826542e-05,0.0012528914303557102,0.017277436951245773,6.272118483420964e-05,1.5501497246001736e-06,0.9157041975400831,0.005247371568855802,7.931858834765284e-05,0.00029626365468971705,0.0025475528979565887,9.014392265852468e-05,0.00955249914948592,0.004118135885345323,0.0015826880876547303,3.0093847031095575e-07,0.0002950109373697379,0.0013538969916092574,0.00016546240983901674,3.5234620447504786e-06,0.00014776639724565504
62,0.031492723890499986,0.0005283035127644543,1.174986742652935e-05,0.004565197360583479,0.000555081121605974,9.186285761123695e-05,0.0012019562721203609,0.020359384620705884,4.6002635599934065e-05,1.2593653334107279e-06,0.915915383175878,0.005190017958625194,6.677188890230285e-05,0.0002359246053188405,0.0029543728902473496,8.235487936760161e-05,0.009499070533867636,0.0034743562774569563,0.001681807385052145,2.1394402188472766e-07,0.0002216512432537336,0.0015786391226078967,0.0001238635070826906,1.918353941394983e-06,0.0001201327301249519
63,0.03078056975806711,0.0006897856930842111,1.1644598555163633e-05,0.0048450813106242245,0.0005454962855604513,8.710337691778418e-05,0.0011495281042860988,0.0211126721026252,4.563279366254107e-05,1.4178037624087026e-06,0.9135753194918039,0.00550027564482456,7.101579488295432e-05,0.0002563941295413733,0.0032011146624118312,8.927018732570622e-05,0.010617016223087123,0.0032705425313946956,0.001861912093646787,2.1748641573878885e-07,0.00022550989093775428,0.0018101764567103025,0.0001193569802293426,1.9868317763250754e-06,0.00013095976786636358
64,0.02975334863650164,0.0005125598353645397,1.3909637430381848e-05,0.0037928677089243265,0.0005930171248001535,7.184663978272677e-05,0.0013125732458999033,0.018790270239425633,3.871639538008196e-05,1.1612917131239047e-06,0.9192569725301505,0.0046262444668158315,7.380383012956994e-05,0.0002624606614937994,0.002195357289581147,7.925362403948695e-05,0.010906438509976813,0.003938585779445399,0.0017982975411519318,2.2794407994229937e-07,0.0003682423670318035,0.0013638706331246023,0.00013309050720112584,2.137126423802477e-06,0.00011474643413178497
65,0.03115387798679838,0.00048243908509424847,1.0761601876413864e-05,0.004660987833694114,0.0005423620018414572,9.616962026838602e-05,0.001225633955000791,0.019976309416872368,4.231768839477803e-05,1.1582296297536181e-06,0.9167401824082554,0.00497793658960133,6.331716810441247e-05,0.00020434830218222618,0.0030097184569277285,8.136390291141477e-05,0.009532216947059047,0.0034812909180877635,0.0017586277786623076,1.9877024639421217e-07,0.00021535978154226657,0.001504934281504577,0.00012604398276659694,1.7922751775207995e-06,0.00011065101750047884
66,0.039274386965463044,0.00038114716600778486,1.5534105550162988e-05,0.003270519655354928,0.0004739259725543376,5.85217740481052e-05,0.0012298114764221638,0.023319030013427656,3.6087487897410504e-05,1.0234374685606418e-06,0.9115719183451676,0.004559246131535716,9.369122133465035e-05,0.00021148673035595528,0.0016665940195926042,6.75055745016821e-05,0.006721629655365541,0.004108445226269123,0.0011897798834888849,2.335303048950238e-07,0.00023217020606194205,0.0013682115531870682,7.077722930743253e-05,1.5025726911336418e-06,7.682006664162707e-05
67,0.034820208110086834,0.0005021333654572979,1.698734377720925e-05,0.005087724586872175,0.0005923646170902431,9.586531505947443e-05,0.0011776049856966312,0.020757809273233598,4.166718168829165e-05,1.5394975174782389e-06,0.9088253023732213,0.004454635809926421,7.164424899667111e-05,0.00027370909446979523,0.0025052339874958875,9.16372911757181e-05,0.012200715303558934,0.00492971404706425,0.0016970799603627234,2.7532543476442476e-07,0.00031837253652859725,0.0012305842477170527,0.00018808560425083388,2.3620535567121416e-06,0.00011674383976121532
68,0.024724923959736335,0.0005070509234741897,0.00012235382074699498,0.008198061963197747,0.004703130292504432,0.00033111533625691423,0.0022041743848991062,0.009920680816789339,0.0010329610264007158,6.721207065245643e-06,0.9059731031357874,0.01743573063090631,7.268424167640016e-05,0.004208159140091758,0.00398319776940191,0.00011245033030247508,0.006322577037727628,0.006150172345972594,0.00038544856883211974,2.325657223517045e-06,0.0003099117479045232,0.0005465518398084542,0.0012636539427247416,3.805380824871705e-05,0.0014448060723207055
69,0.031496452077717,0.0005279843876447578,1.1775966504450278e-05,0.004563782799414782,0.0005551347327168967,9.188257670736155e-05,0.001202813453688378,0.020381392112884027,4.602868253134158e-05,1.2610279275629555e-06,0.9158847474149776,0.0051898109103513555,6.680225456669098e-05,0.00023636958885595727,0.002950810485160309,8.242502314914812e-05,0.009500758798638891,0.003482460734688803,0.001681730432817678,2.1434075745647597e-07,0.000222168431365704,0.0015770170161615213,0.00012406454884231983,1.9203446551263993e-06,0.00012019185727466684
70,0.025924210750098042,0.00031254033123351304,9.327904943461779e-06,0.006680641966465969,0.0012428412809366387,9.997367912366875e-05,0.0013765030808393555,0.014312811436629392,7.333881141802711e-05,6.926364045606047e-07,0.9330757076537576,0.004397373554751044,4.546118724077547e-05,0.00023520705035105232,0.0029763453333624397,2.7831944918986594e-05,0.004599537259165978,0.002461990771940771,0.0008426540465805813,1.7504733202825335e-07,0.00013910014272238772,0.0009298652898099876,0.00014444865501074924,1.7027967053937376e-06,8.971738825778677e-05
71,0.011658458191154285,0.000959869778007292,4.551066707670144e-05,0.004103720789724852,0.004232396144203136,6.880682465470869e-05,0.004440891877929771,0.02867572263190259,0.00039948803394543493,4.329174000561562e-06,0.9055744598146468,0.00659581232815208,0.00010924652188827655,0.004293648483290496,0.0013451485737442756,0.00010861657671317806,0.0070955579179949445,0.01467696044852848,0.001686570345364639,1.907878122673533e-06,0.0021587308234214063,0.0009251973171199935,0.0004316179801586571,1.1441687469372032e-05,0.00039588919078538886
72,0.03139406645569351,0.0006701193578955475,1.1994914961620565e-05,0.00651196442339469,0.00048762496749449785,0.00021726343975644107,0.0034827340776305824,0.03742732803183455,6.37915808807906e-05,1.9883887437892105e-06,0.8821362839942359,0.007055280538328292,0.0001200002628471619,0.00018066308708326398,0.0060557624625381,0.0002220673228447562,0.011791490186627455,0.004373107934892795,0.00441223553616571,3.5121701252506366e-07,0.0002737206341921717,0.00284768959874505,0.00012787544902098113,1.7370856379046017e-06,0.0001328590515417638
