,0,1,2,3,4,5,6,7,8,9,10,11,12,13,14,15,16,17,18,19,20,21,22,23,24
0,7.73841450032682e-05,0.26571216937039127,7.322368459772826e-07,2.0062878893316966e-06,0.5553088985836602,0.00012895227997960436,0.001427902359629843,2.8537362360793252e-05,0.05134819366033847,6.149897719224839e-08,0.09261855054704804,4.575124182428627e-06,4.834901886566666e-09,0.0003022039463301735,0.0024653997374386766,7.001992345713744e-05,6.526015548069167e-05,8.305604425341936e-07,0.030137463201626545,4.931172359787435e-07,6.26343622454388e-06,0.00022931346185330428,2.171562836902772e-05,2.3548334605511476e-05,1.952020572774877e-05
1,0.00014892797169449985,0.5162000615773081,1.445386395334658e-06,4.148328963440795e-06,0.35310795581113097,8.565316525962196e-05,0.0033223229644574474,2.5355441088883206e-05,0.038816753866055945,1.963963801775558e-07,0.0664766575652927,9.62051901052919e-06,2.7974345917390454e-09,0.0005849212389754855,0.0013964565705521293,3.688294427470183e-05,3.287312248338406e-05,1.3283866162289649e-06,0.019422289105452076,3.2499872883923813e-07,5.68290380785688e-06,0.00021579950064278984,4.133789511590117e-05,2.034103434420255e-05,4.266050853410263e-05
2,0.00010528083399289107,0.41614878256520577,7.507233997545035e-07,3.0690633967393934e-06,0.494567600614167,4.6269846884535454e-05,0.00298390608599691,1.44430933360717e-05,0.022106995410989073,1.2234575317266013e-07,0.054365178774773204,6.770695562332491e-06,2.1974729591720367e-09,0.0006428641549335451,0.0012399375012697497,1.9712252709201835e-05,3.062545763762409e-05,9.383864057907603e-07,0.007477559496183404,3.564999723672997e-07,3.6564742898449012e-06,0.00012682352353435227,4.2969444341072625e-05,1.1186467041861813e-05,5.419809075109888e-05
3,0.000115439075356081,0.48687310537553047,1.05778401987467e-06,5.684791445393181e-06,0.3820478272957249,7.137029255521763e-05,0.003218669243771257,2.065617924846659e-05,0.02534964978983696,1.6752076305532623e-07,0.08800282780063885,9.756035213119404e-06,2.4620888994953443e-09,0.0009019670928873665,0.0010260657844691125,2.2940279178324258e-05,4.4495497809375366e-05,1.3319686523953212e-06,0.011921039029016981,3.426855100190231e-07,5.931198531552287e-06,0.0002195271814071289,6.971079460351055e-05,1.9513808946815588e-05,5.0921032794906774e-05
4,0.0001222882032239248,0.4925492865179625,1.0677478245811328e-06,6.053041132620193e-06,0.37717922952500477,6.975470312527327e-05,0.0032138477208474288,1.9032354391793736e-05,0.026630631569250846,1.6301468002353474e-07,0.08580612740241751,1.1869343759870636e-05,3.308042197041418e-09,0.0009689513343573807,0.0009746866856079653,2.2350574682396398e-05,4.996204261175067e-05,1.3940355924512187e-06,0.011983954871176875,3.6790692614864617e-07,6.5510287637351084e-06,0.00023375847597420035,7.200401497848526e-05,2.1241104410824163e-05,5.5423473254329416e-05
5,0.00014652723375159195,0.5167375371023114,1.127902133496169e-06,8.982509659415136e-06,0.3438869304649471,7.70752179486173e-05,0.0032653284303144283,2.0660043809396115e-05,0.025496463331384233,2.153140202928659e-07,0.09696864236556442,1.3056897074463544e-05,3.0066183968791874e-09,0.0013616616552912378,0.0008934227912554422,2.1413820591947762e-05,6.402225119052262e-05,2.377982604375311e-06,0.01054249179997606,4.005550608940337e-07,7.393457768768706e-06,0.00029908181642239885,9.1235822850249e-05,2.341501450435757e-05,7.053321294643163e-05
6,0.000115439075356081,0.48687310537553047,1.05778401987467e-06,5.684791445393181e-06,0.3820478272957249,7.137029255521763e-05,0.003218669243771257,2.065617924846659e-05,0.02534964978983696,1.6752076305532623e-07,0.08800282780063885,9.756035213119404e-06,2.4620888994953443e-09,0.0009019670928873665,0.0010260657844691125,2.2940279178324258e-05,4.4495497809375366e-05,1.3319686523953212e-06,0.011921039029016981,3.426855100190231e-07,5.931198531552287e-06,0.0002195271814071289,6.971079460351055e-05,1.9513808946815588e-05,5.0921032794906774e-05
7,8.340278329902064e-05,0.4808951482952051,7.965575388136101e-07,6.640505973361749e-06,0.388354963656956,6.961083965131135e-05,0.002995254209567284,1.9947998584769033e-05,0.02705420843956557,1.6017204158203427e-07,0.08776630464869778,1.0118422450345522e-05,2.2864702946630377e-09,0.0010442927665455198,0.0013073277586751642,2.643005194569119e-05,5.276022351683903e-05,1.3848177216229674e-06,0.009863206664169394,3.777112837204998e-07,7.470926577007521e-06,0.00029585086822374703,7.161274585915198e-05,1.629465673834814e-05,5.643199274267495e-05
8,0.00012141643305679313,0.620357749506505,1.4478564624256993e-06,6.840637480004367e-06,0.28897931074603217,4.6785846929434434e-05,0.00357079134725061,1.4495803891146648e-05,0.012629590268545605,1.9790674704002324e-07,0.06529986584667084,9.300822876626423e-06,1.5357159620170317e-09,0.0009116256200578695,0.0003467579903336762,1.020789625265517e-05,1.7988838021319542e-05,5.842153638527749e-07,0.007413629115316713,2.868597006759961e-07,2.902249250286971e-06,7.043589878963069e-05,0.00012785815343474064,2.0280878223777123e-05,3.964772709113568e-05
9,9.417408577256273e-05,0.6829492828707058,1.682376877134958e-06,1.1440974304348479e-05,0.22243934402592275,5.9070951265879776e-05,0.0038269461802712414,1.5214656659347229e-05,0.021848475378395113,2.703385582980807e-07,0.05890357991477928,1.4414013121315801e-05,2.124567414590031e-09,0.000900210152666191,0.0005499054438556846,1.6681895976497522e-05,2.4337525900961096e-05,9.108961123235836e-07,0.007997112290480578,3.54428804479021e-07,7.555508419737839e-06,0.00015061207074654908,0.00011522682765701364,2.3468003635295325e-05,4.9727064544217844e-05
10,0.000115439075356081,0.48687310537553047,1.05778401987467e-06,5.684791445393181e-06,0.3820478272957249,7.137029255521763e-05,0.003218669243771257,2.065617924846659e-05,0.02534964978983696,1.6752076305532623e-07,0.08800282780063885,9.756035213119404e-06,2.4620888994953443e-09,0.0009019670928873665,0.0010260657844691125,2.2940279178324258e-05,4.4495497809375366e-05,1.3319686523953212e-06,0.011921039029016981,3.426855100190231e-07,5.931198531552287e-06,0.0002195271814071289,6.971079460351055e-05,1.9513808946815588e-05,5.0921032794906774e-05
11,0.00011904200786086385,0.48031527530808266,1.0913442524744139e-06,5.810416496515516e-06,0.3894748867510626,7.100213931207461e-05,0.003231770765269297,2.013105845244832e-05,0.025590101337358555,1.6814121806072304e-07,0.08679747381206111,1.0625400713548749e-05,3.0249316355632523e-09,0.0008984450382004092,0.0009757032101819572,2.337481137812839e-05,4.6944587217077816e-05,1.3237654059270385e-06,0.012049798154340546,3.763011704767787e-07,6.095972335346076e-06,0.00021557334513693023,7.237771775191647e-05,2.130341112947226e-05,5.1302178679930604e-05
12,0.00010286996532345144,0.5015260940687905,2.478256596992436e-07,4.4462626378538854e-06,0.45656485596175594,5.69255327874974e-05,0.0010625919631542238,3.2182772149724627e-06,0.011437046080690197,1.531313152764234e-07,0.024157444347350596,2.9062417063421794e-06,2.0626893966323304e-09,0.002070805991444481,0.00026306400045987685,6.58771397300981e-06,0.00011891047926755316,2.2491159886188403e-06,0.0023454936416611723,3.8848089089868734e-07,4.70357582024924e-06,9.971891052947453e-05,5.76373710363076e-05,6.0156876534167485e-06,0.00010562331019908635
13,6.291405859732827e-05,0.3383458818118802,1.1682245615394475e-06,1.1005721100164639e-05,0.3306224832725922,5.8540006739094646e-05,0.004230660168512657,3.740793647677745e-05,0.020136323162444587,9.943428984828722e-08,0.29319832084857017,2.214619427847545e-05,2.8686420233497217e-09,0.001560240968097381,0.0010773441589146178,2.2782664524269792e-05,4.0352058035885657e-05,9.954183317332162e-07,0.010025409585932715,3.4806089119539775e-07,7.5879660708825185e-06,0.0003231063294396661,0.0001442224511724039,3.107657197647525e-05,3.958005792780334e-05
14,0.00026363109987963474,0.26904609031977145,7.000082357809337e-06,1.5059175492140243e-05,0.38506242071462315,0.00022925202845730714,0.004707474355551928,4.5853705874660016e-05,0.12625375914742903,1.136753140692258e-07,0.18485379702986618,5.2317006946236915e-05,2.1172332537522767e-08,0.0008818887128488995,0.004018146230408662,7.101966855056478e-05,0.00018513651589932703,4.251127751492923e-06,0.02296910115487494,5.649789012749101e-07,3.251125435704723e-05,0.000995988665539196,9.48792904032433e-05,5.7432931236170216e-05,0.00015228995533296565
15,0.000115439075356081,0.48687310537553047,1.05778401987467e-06,5.684791445393181e-06,0.3820478272957249,7.137029255521763e-05,0.003218669243771257,2.065617924846659e-05,0.02534964978983696,1.6752076305532623e-07,0.08800282780063885,9.756035213119404e-06,2.4620888994953443e-09,0.0009019670928873665,0.0010260657844691125,2.2940279178324258e-05,4.4495497809375366e-05,1.3319686523953212e-06,0.011921039029016981,3.426855100190231e-07,5.931198531552287e-06,0.0002195271814071289,6.971079460351055e-05,1.9513808946815588e-05,5.0921032794906774e-05
16,9.638335478656487e-05,0.5454976662107911,9.340026980884812e-07,6.786354414911631e-06,0.3320415081127428,6.042007776407873e-05,0.004176111207244813,2.5266871028017452e-05,0.025899409542218865,2.5878720162438733e-07,0.07590669123823712,1.5785314746165344e-05,2.7492294209171493e-09,0.0011174435726591686,0.0013185127580598365,2.9810793169483812e-05,4.94700916029654e-05,1.5979723112573591e-06,0.013206324758981827,4.043587138421922e-07,1.0618098376967358e-05,0.0003816899616772513,7.570937447271224e-05,1.752984766281732e-05,6.366458920839217e-05
17,8.193000243515539e-05,0.42114954887462575,7.332673674736315e-07,9.963401462766787e-06,0.4438227429972917,5.085046618458804e-05,0.0034557666940733373,2.0949519097663097e-05,0.01669492120484954,1.8444870780828803e-07,0.10454801060425159,1.5786156212805042e-05,4.429414226320747e-09,0.0018054551656417354,0.0007284301539818866,2.0253281687284223e-05,0.00010174242191833874,1.6289268720344154e-06,0.0068783669828740785,6.328791358019368e-07,9.64724806654507e-06,0.0003484402988991597,0.0001592589696335433,2.028212702414715e-05,7.446947829091838e-05
18,0.0001389003147577067,0.42464594109662,7.154873888951753e-07,5.836501817385357e-06,0.49089597827971615,5.914001923280411e-05,0.0032719684154970882,1.0882315250164305e-05,0.020297600532113703,2.277058562484811e-07,0.051645203875056146,1.1356204509332106e-05,4.351920239205762e-09,0.0015195328947586483,0.0009088048431440692,1.7191392328759454e-05,0.00011846983551848398,3.0162571996947962e-06,0.005904670077288293,5.116104909521481e-07,1.000590048689314e-05,0.00029765166024036874,7.93369788966526e-05,1.2363167239488007e-05,0.00014469028267189045
19,0.00010323435828020643,0.5356530828762902,1.39866117385792e-06,8.139317254481215e-06,0.3285779095875166,4.724885961712755e-05,0.00628740985933677,2.6908540269628406e-05,0.030591735518919253,1.9660062417195993e-07,0.08473906979056929,2.399229604520269e-05,3.174447026819174e-09,0.0009641431425777417,0.0013346494444836886,2.771449186269389e-05,3.76969974320891e-05,1.256911354157505e-06,0.01105902930079142,3.1506363372779333e-07,8.617946920370634e-06,0.0003509033697802058,7.311229599109897e-05,1.770059988666474e-05,6.453099494240259e-05
20,9.192018499822357e-05,0.45827594542337874,1.5286458631512156e-06,9.137927898668924e-06,0.3260619609989266,7.739540501189156e-05,0.005159785565335019,5.876582201699915e-05,0.035957766166984824,2.0993001304714148e-07,0.1510846621904747,1.9689739498961257e-05,2.8487017003781957e-09,0.0010078732796256022,0.003309280449844278,5.010115251134158e-05,5.080053997471451e-05,1.7704059316674904e-06,0.01793275805128114,4.1571687313801375e-07,1.0734529757458538e-05,0.0006816394164415302,7.518162715064927e-05,2.1631175291506557e-05,5.904280621436103e-05
21,0.0001235771001126107,0.5698888717602424,1.0035162343080214e-06,6.739775142411667e-06,0.3068288921391206,6.362752003300118e-05,0.0033191643508305893,2.452233129364667e-05,0.029852527006420427,1.995697903727122e-07,0.07550728399088695,1.3377095027345189e-05,2.4647124401309667e-09,0.0012247122557249236,0.0009526207078506087,3.0083320795759226e-05,3.381489424073612e-05,1.590261121979189e-06,0.011761402875791175,3.362004282422136e-07,6.198887780356145e-06,0.00024301801608667576,5.2175924314058e-05,1.7770011035630693e-05,4.648802498266348e-05
22,0.00022352701386028234,0.4018761690234035,1.2573927958408179e-06,6.130114264693552e-06,0.4318078636315445,0.0001154852897109225,0.002219950036222007,2.220062932754824e-05,0.02923033700180689,1.9368666814197351e-07,0.11832354186902444,7.018099486627046e-06,3.1393725123704386e-09,0.0010171390794961421,0.0012632670852577611,2.8209705430494997e-05,0.0001078827322609789,4.177071071753276e-06,0.013219783600007435,4.3694548617534375e-07,6.980641452424747e-06,0.0003576598885578395,6.248765019501771e-05,2.60632195228951e-05,7.223545377312498e-05
23,0.000115439075356081,0.48687310537553047,1.05778401987467e-06,5.684791445393181e-06,0.3820478272957249,7.137029255521763e-05,0.003218669243771257,2.065617924846659e-05,0.02534964978983696,1.6752076305532623e-07,0.08800282780063885,9.756035213119404e-06,2.4620888994953443e-09,0.0009019670928873665,0.0010260657844691125,2.2940279178324258e-05,4.4495497809375366e-05,1.3319686523953212e-06,0.011921039029016981,3.426855100190231e-07,5.931198531552287e-06,0.0002195271814071289,6.971079460351055e-05,1.9513808946815588e-05,5.0921032794906774e-05
24,0.00011132267631820247,0.6171311948169049,7.054452928899493e-07,6.780968581015937e-06,0.2885958112787043,5.5053156196350656e-05,0.002295202453739028,1.6446905788467236e-05,0.017891404911531756,1.9615123316998728e-07,0.06252382685730665,8.287509405221508e-06,1.9702731903557844e-09,0.0012363896693329132,0.0005301474502080715,1.737340364046438e-05,4.045792363704597e-05,1.3108450536542614e-06,0.009232507299115731,3.6834073906375607e-07,4.493831658532061e-06,0.00017148061749839305,7.083598190233076e-05,1.7080020866792085e-05,4.131951507181195e-05
25,7.15325795611386e-05,0.41486070839113415,1.0428969426683197e-06,1.0426869022481276e-05,0.3293503242798194,6.389280691698693e-05,0.004120685755746179,5.778848726490102e-05,0.016951851251418126,1.613140568552386e-07,0.22024458999508748,1.1505793070691601e-05,1.5538205416121343e-09,0.001606877747557954,0.0007764641087805246,2.782008560062711e-05,3.2873942424915113e-05,1.1123839103049073e-06,0.011396860652458991,3.3884921622492156e-07,5.53338705563925e-06,0.00024719438824233634,0.00010997518714697037,2.4866706085317163e-05,2.5570587658382992e-05
26,0.0002848054310916059,0.40711326642378454,1.424127090259013e-06,4.393957214833382e-06,0.4552612820436476,0.00011084835018986867,0.0014179328498525406,8.997613642928447e-06,0.027545436528199192,1.2326990330819882e-07,0.09171941785087163,5.254577503502011e-06,4.711418390924549e-09,0.0004798107008497887,0.0003363399819055005,1.4057046154636444e-05,7.391536268545362e-05,1.869333305606325e-06,0.015311620966770492,4.3981290585665325e-07,4.241113731169792e-06,0.00011154310961448516,9.306625485334284e-05,6.355882443380499e-05,3.634975837969945e-05
27,0.000108677233674152,0.4791568253873861,1.107388085562571e-06,6.8877464799516405e-06,0.35330388279850605,7.8717288374447e-05,0.0033539436607634217,2.978656707949156e-05,0.03193544672668603,1.7418235618578269e-07,0.1137524401082287,1.1969314672703532e-05,2.5944130879821043e-09,0.0009532955478784045,0.0016561459999144953,3.218700334620989e-05,5.3142814312972454e-05,1.6755375957643856e-06,0.015010514314862196,3.726316448085541e-07,7.586862941817837e-06,0.00040151228021359134,6.986648832607216e-05,2.2176640969548758e-05,5.166288128824447e-05
28,0.000115439075356081,0.48687310537553047,1.05778401987467e-06,5.684791445393181e-06,0.3820478272957249,7.137029255521763e-05,0.003218669243771257,2.065617924846659e-05,0.02534964978983696,1.6752076305532623e-07,0.08800282780063885,9.756035213119404e-06,2.4620888994953443e-09,0.0009019670928873665,0.0010260657844691125,2.2940279178324258e-05,4.4495497809375366e-05,1.3319686523953212e-06,0.011921039029016981,3.426855100190231e-07,5.931198531552287e-06,0.0002195271814071289,6.971079460351055e-05,1.9513808946815588e-05,5.0921032794906774e-05
29,0.000115439075356081,0.48687310537553047,1.05778401987467e-06,5.684791445393181e-06,0.3820478272957249,7.137029255521763e-05,0.003218669243771257,2.065617924846659e-05,0.02534964978983696,1.6752076305532623e-07,0.08800282780063885,9.756035213119404e-06,2.4620888994953443e-09,0.0009019670928873665,0.0010260657844691125,2.2940279178324258e-05,4.4495497809375366e-05,1.3319686523953212e-06,0.011921039029016981,3.426855100190231e-07,5.931198531552287e-06,0.0002195271814071289,6.971079460351055e-05,1.9513808946815588e-05,5.0921032794906774e-05
30,0.000115439075356081,0.48687310537553047,1.05778401987467e-06,5.684791445393181e-06,0.3820478272957249,7.137029255521763e-05,0.003218669243771257,2.065617924846659e-05,0.02534964978983696,1.6752076305532623e-07,0.08800282780063885,9.756035213119404e-06,2.4620888994953443e-09,0.0009019670928873665,0.0010260657844691125,2.2940279178324258e-05,4.4495497809375366e-05,1.3319686523953212e-06,0.011921039029016981,3.426855100190231e-07,5.931198531552287e-06,0.0002195271814071289,6.971079460351055e-05,1.9513808946815588e-05,5.0921032794906774e-05
31,0.00021690511481097527,0.5696556384801356,1.8728556548584304e-06,5.542635858642415e-06,0.31639337402633455,6.222395390481311e-05,0.0042264884597150955,3.8056183935546234e-05,0.018174763114545377,2.8321299317505467e-07,0.0733604176888997,8.725692735139908e-06,1.998005699320467e-09,0.000830209553722058,0.0006630876468429308,1.9272570497701663e-05,3.1072732507497445e-05,1.4766599299123873e-06,0.01603281322039684,3.3018853804171236e-07,4.075193987951318e-06,0.00014170307362103884,6.981467218915169e-05,2.004280392954707e-05,4.1808266308212045e-05
32,0.00012424610697312158,0.502771555025585,1.0898680752120287e-06,5.2390093673348846e-06,0.3635342487252451,7.52391295459298e-05,0.003126548840240365,2.1669502245577188e-05,0.02579031882947761,1.740666678650915e-07,0.08756311887940572,9.592392667599568e-06,2.5401765266381468e-09,0.0008364864979349098,0.0010333912035798884,2.3475137965661964e-05,4.323991389737557e-05,1.3234672898088086e-06,0.014675626561441522,3.349371108573571e-07,5.913442716349079e-06,0.00022240661592842043,6.642571891107747e-05,2.1439902220905817e-05,4.6893685330260776e-05
33,0.00010666062659402943,0.48122927967696144,9.87468511037467e-07,6.363431433866952e-06,0.3813199921408356,7.586322931643642e-05,0.003064228849601449,2.288079970162128e-05,0.023222862997707157,1.8311718737750313e-07,0.09605109237917821,9.57684049058135e-06,2.6670814304048175e-09,0.0010219856448137096,0.0009101183568650305,2.4722412461861135e-05,5.2167928609497217e-05,1.3707498672201153e-06,0.01248216775474101,3.907745762592327e-07,6.3265155867652e-06,0.000240528821779865,8.173013292793227e-05,2.182542943190683e-05,4.6691253738483896e-05
34,0.0002682488433001037,0.5474278918428278,1.4359943876942218e-06,2.30060303674144e-06,0.3036417819526534,7.170534002497853e-05,0.0022367981224958,1.622876400224826e-05,0.04719413603699987,7.674338079120787e-08,0.06898932760645966,8.545947984041178e-06,2.78912770763059e-09,0.0003721253408044034,0.0009821993883473395,1.6585600656569277e-05,2.4876311633021902e-05,1.1606232527479814e-06,0.028526737325695547,1.6013454119852086e-07,3.5804541206111236e-06,0.00013755109723510487,2.2238456854770976e-05,2.462559862548599e-05,2.9679081552257275e-05
35,0.0008862140316865928,0.5884540654331174,3.0350249995409774e-06,7.81035336696041e-06,0.2585917354400696,5.6383192189326206e-05,0.006323646179414834,5.297246406764371e-05,0.0676282629347232,3.155454876683032e-07,0.05459107252418999,2.141321110512342e-05,3.384597404397764e-09,0.0006768410752385657,0.0008652604879759974,3.083173305629483e-05,4.195621528602612e-05,9.935642879305865e-06,0.021273973591085592,2.23283187359402e-07,7.561288485843532e-06,0.00035625667082167295,2.2889854942694612e-05,2.6815075514790333e-05,7.052536251058334e-05
36,0.00019388023549558438,0.5079052394713289,1.7775478570514814e-06,7.656077910089198e-06,0.30472510853463713,4.398317865636171e-05,0.0071168541700197905,9.163095735116198e-05,0.04323432414353049,1.747336330894781e-07,0.10449151424441154,4.978451643207653e-05,7.63411565292296e-09,0.0010798555466906713,0.0025257849330072137,6.557114880824154e-05,5.7909112610267286e-05,1.9007917887152591e-06,0.02758063362775629,4.5303422753986593e-07,8.990059798769549e-06,0.0006935149369225204,4.001939150762938e-05,2.0323196652684342e-05,6.310877485069366e-05
37,0.00020830095224855233,0.540313795947816,1.3722523077521658e-06,6.438618611698797e-06,0.3366118304739458,6.101840524418558e-05,0.003497775478007304,1.7695350292167484e-05,0.021730907897057842,2.2525426594037663e-07,0.08337715341342403,1.0310300903756899e-05,2.520907263720771e-09,0.0008324256463742761,0.0005430201131974786,1.5666874381300436e-05,4.3627049116052785e-05,1.9552084143827278e-06,0.012363908188335668,3.279229994629268e-07,5.019045579925127e-06,0.00018821016591198233,8.746230452953151e-05,3.0013825926233346e-05,5.153679020117491e-05
38,0.00021677317728810474,0.45355742086106277,1.5977822416527382e-06,2.0680961667011324e-06,0.436827239108076,0.00010659811059107715,0.0036249807780088937,1.4381076352451624e-05,0.031166505322057843,1.5822045916911555e-07,0.05582171790111969,4.95299200188767e-06,1.8159910005475735e-09,0.0004418219854032396,0.0013558863967120711,2.2172879392704893e-05,1.7638748541387823e-05,1.0853600106241422e-06,0.016635277141736016,1.6291640817358055e-07,2.8618735165056958e-06,8.727954704659806e-05,2.6994406136862625e-05,1.6387259269960984e-05,4.8036244408495306e-05
39,0.00014400546479497028,0.30152438811390647,2.8205186339470126e-06,7.233457527676584e-06,0.45953602976442387,0.00025909082219092213,0.004183896166342533,6.919151585735474e-05,0.04455754812501455,2.7514032000189953e-07,0.14713241440590963,1.2878138497476421e-05,7.816706783940737e-09,0.0007140702393047482,0.002749467631826614,7.609484929731403e-05,0.00013532783244572165,2.586211952802605e-06,0.03814289123361413,5.876914525893194e-07,2.0186036904446353e-05,0.0005431692365797032,8.38381243909541e-05,3.8617757691145814e-05,6.338370441355777e-05
40,0.00012802874138777265,0.5411060809499226,1.4823573071652644e-06,3.8409693120776295e-06,0.3378539133102434,5.8690986289102014e-05,0.004259814426673205,1.3954370958486457e-05,0.03748828056172842,1.0901943499407688e-07,0.06516524088848431,1.5065160023091771e-05,2.793653293920015e-09,0.0007049353232337691,0.0017668116972242606,1.737865593027951e-05,2.3038361924954936e-05,9.122603515023794e-07,0.011081271140872241,1.9761805670805613e-07,5.158312257053015e-06,0.0001821888791785688,3.894539152343437e-05,1.322551760832267e-05,7.143230642099309e-05
41,0.0001182029936005519,0.21720004786261318,8.575092881494558e-07,1.1866463161748654e-06,0.7071463592673369,3.776701823873455e-05,0.0021948647444702605,7.482869699217418e-06,0.035996142851264075,3.0009144453465164e-08,0.03243436870059297,3.032279038509371e-06,1.8266741714288369e-09,0.00018314560509866752,0.0012095745085277563,2.1116533808191107e-05,1.1345625631858983e-05,4.485228388798437e-07,0.0033549907348617847,1.6112930788045326e-07,1.1026464582259803e-06,3.1080340234941506e-05,1.0266623459258374e-05,6.374441866324162e-06,3.004870962884242e-05
42,0.00010342406747064015,0.4625306146255605,1.9632439491437277e-06,1.0467135814512209e-05,0.24864003346982919,0.00013718470256915224,0.004374668521812623,0.00010792501648361202,0.04565780515404687,3.4457269819675137e-07,0.17177819810024644,2.689001026715275e-05,5.907641951854563e-09,0.0008071402904956586,0.003605910182574885,0.00010844896947454683,9.309241119403842e-05,2.170607912141516e-06,0.06047948037924877,6.340071000252679e-07,2.0171890710041734e-05,0.0013328270155597074,9.119189891432492e-05,4.610446283564368e-05,4.330335559032842e-05
43,8.32733637990933e-05,0.5206292361813603,1.0370536787214085e-06,7.332109719453246e-06,0.3462296962588706,0.00017688330984240121,0.0030360846804750492,3.732003617310196e-05,0.023909865723162255,8.130346580579892e-07,0.07636111789447718,7.1069279583870895e-06,3.142787135430871e-09,0.001171812330714191,0.00151229223552064,5.72220409086889e-05,0.00010701278096000067,2.8177101317733713e-06,0.02581637439324173,7.959501185241263e-07,1.9389490675464493e-05,0.0006266896075142534,0.00012059658117918817,2.795162544596866e-05,5.72755366277731e-05
44,0.000115439075356081,0.48687310537553047,1.05778401987467e-06,5.684791445393181e-06,0.3820478272957249,7.137029255521763e-05,0.003218669243771257,2.065617924846659e-05,0.02534964978983696,1.6752076305532623e-07,0.08800282780063885,9.756035213119404e-06,2.4620888994953443e-09,0.0009019670928873665,0.0010260657844691125,2.2940279178324258e-05,4.4495497809375366e-05,1.3319686523953212e-06,0.011921039029016981,3.426855100190231e-07,5.931198531552287e-06,0.0002195271814071289,6.971079460351055e-05,1.9513808946815588e-05,5.0921032794906774e-05
45,0.0001196779707342184,0.34992264092918035,1.947831612654818e-06,5.855365976151946e-06,0.41908771780258547,9.783789023968887e-05,0.0050488797721302695,6.128349357658703e-05,0.03815379588882352,1.4764726241050183e-07,0.16354720097696887,1.1818187876802731e-05,2.6956734293673572e-09,0.0006154801870457335,0.0032263516139792387,5.906606614458829e-05,3.439209346245395e-05,1.3718912097291862e-06,0.019560436613403877,3.2979033186955627e-07,5.364589101586651e-06,0.0003269026052749633,4.6662323638643305e-05,2.32338236664888e-05,4.160195010024813e-05
46,9.762536962741035e-05,0.36479891662359776,1.1857299126261888e-06,1.9251710439242865e-05,0.3656799506828272,0.0002113995362508173,0.001675605628295699,3.601607478512521e-05,0.021873234960775936,2.51358739702378e-07,0.21751269087988492,1.3399512606388946e-05,1.1796209642693183e-08,0.0016966094283384766,0.0012069261643457734,4.79610424697974e-05,0.0005833098093511739,3.2448242938341845e-06,0.022948988762397322,1.3655601392004622e-06,2.2247701145821868e-05,0.001151191097132077,0.00027998958683588817,6.5277353039934e-05,7.334880655835545e-05
47,0.00022570644727229567,0.500785309327679,1.2986276112015196e-06,4.732991581856432e-06,0.38167193621108847,5.271559944352206e-05,0.004305756684038745,2.0666079275094066e-05,0.04055306050745234,1.9663095677557442e-07,0.05137316237453131,2.5077434515009416e-05,7.333182927614604e-09,0.000734223311044198,0.0015268570139201248,3.740010242976615e-05,7.988288313885028e-05,2.171406437529093e-06,0.01797890209732932,4.5023862643884886e-07,9.940493777667081e-06,0.00044703534642080104,4.699403684424823e-05,2.0172038705844525e-05,9.634478269658232e-05
48,8.834846429503502e-05,0.6608319363087533,6.886688165550105e-07,3.561664930299758e-06,0.21483255079451644,8.746181980386292e-05,0.001853439140099717,1.83367923058409e-05,0.013397083394475255,2.727298706024209e-07,0.06971293545786685,5.074165229794615e-06,1.8411462835498543e-09,0.0006764684711413842,0.00042891886481237956,1.6033053675942628e-05,4.239713311931801e-05,7.444208779217582e-07,0.03767070956487148,3.290556332303943e-07,5.05442406862481e-06,0.00018969452626369993,8.596143422912814e-05,3.2216226414604165e-05,1.978158278241668e-05
49,0.00012024588003142349,0.5216496147922418,1.4895708002247012e-06,8.580508110962667e-06,0.3224796201780096,8.818405809224951e-05,0.0036103575537895917,2.3083956660738382e-05,0.02866618949337391,2.1213770922672742e-07,0.10706824872340892,1.5300409535104524e-05,3.247351114653713e-09,0.0011300871162775853,0.0011913067515970253,2.573476799565125e-05,5.0446848011509576e-05,1.5864532901300496e-06,0.013359325688916042,3.9587073725890513e-07,8.042892835510027e-06,0.0003104764410356742,0.00010074686675239455,2.6487552133218573e-05,6.423224130329656e-05
50,0.00011024051220613439,0.5294183621930237,1.2186810569053122e-06,4.288918813080853e-06,0.38614079072230634,3.663991409486313e-05,0.010128988866454976,3.3147181321464624e-05,0.010534201401507827,4.6573795477858816e-07,0.050946881606116365,1.2521158523701459e-05,1.8930965939820565e-09,0.0010760611979208786,0.00083331992056704,1.81852359191827e-05,2.311084216201356e-05,9.146105696822042e-07,0.01035552383103656,3.0308668897291586e-07,5.115255957660024e-06,0.0001534087815621246,8.630079985982986e-05,1.0310107629545709e-05,6.969754364968967e-05
51,0.00011235576287457902,0.3885705008921407,1.1193848941041025e-06,4.924229053236559e-06,0.4772847991337797,8.100702562906208e-05,0.0033964279162891652,1.999161956153013e-05,0.025699285096570542,1.6084400463952117e-07,0.09107712271414428,9.132572881698345e-06,3.1283964957317627e-09,0.0008047015912729577,0.001102155881660978,2.651597869480197e-05,5.052851470724359e-05,1.3062599251775615e-06,0.011402500843396722,3.884982980693852e-07,6.318194250902937e-06,0.0001993975264793975,7.38163014193575e-05,2.0732812641766027e-05,5.480727703308379e-05
52,0.000311108010169236,0.2576919367105541,1.334673478884892e-06,3.4436369714593433e-06,0.5247851426521642,0.00031831379219737684,0.001492974677983394,2.319729184450493e-05,0.05076830395521992,1.9090330243623823e-07,0.1453569367398904,2.661383242283309e-06,2.3072203863561276e-09,0.0010042730233716629,0.003041783251166561,4.789281656204156e-05,8.257897195025388e-05,1.0664537595392988e-05,0.014593961888647509,3.2549261447746717e-07,4.379604852693713e-06,0.0003317697023725716,2.5719675351124568e-05,2.431547157452073e-05,7.678882970265998e-05
53,5.325163002778548e-05,0.30030884184379103,1.1405050780271776e-06,5.120077909328722e-06,0.5536286255751625,3.0360447933038884e-05,0.011788374317414018,3.048639206893059e-05,0.017646952846864926,1.49179686661528e-07,0.10822538476015481,1.6807023835045327e-05,1.8402706942231593e-09,0.0007234143160054579,0.001583106342686161,2.3099125685141514e-05,1.791133914581861e-05,5.877433292855343e-07,0.005575404630460243,2.575851964410708e-07,5.127892078654869e-06,0.00017760964530350037,8.962635669311238e-05,1.1716287765492661e-05,5.664229545379787e-05
54,0.00012194037483115552,0.7052542467981856,6.101639146162921e-07,2.7235687989991967e-06,0.24550664837963337,3.082000042877266e-05,0.0026201245676898003,7.267484237275272e-06,0.017080024555102394,1.498879578449027e-07,0.021833049368676995,7.075899200544308e-06,1.083318527604841e-09,0.0007970315890710141,0.0008711103461336893,9.908875368665365e-06,1.4861955609694859e-05,7.534229456677964e-07,0.005644917601264013,1.7001734910258726e-07,2.3943256831923533e-06,9.041538106179695e-05,2.657624440903162e-05,5.1638636133824e-06,7.201424551476097e-05
55,0.0003365108041359659,0.5182555040981381,2.18435658050648e-06,7.164191016370385e-06,0.2906687658107411,4.847657343911186e-05,0.005487849679583686,1.5444350742433845e-05,0.12252146647534067,9.571646785646536e-08,0.04723535730274347,5.012614938963491e-05,8.90487629858964e-09,0.0005263461822024156,0.001258222199988463,2.951777015559135e-05,2.848600040025672e-05,2.839758445510642e-06,0.013123694513352425,2.245079214831489e-07,9.230009879462941e-06,0.0002607479836948641,2.2184601210857638e-05,2.7847872082136634e-05,8.170418747135604e-05
56,0.00012072501027005565,0.48523083906557807,1.1159147716471608e-06,5.932131623993329e-06,0.3815656985182691,7.221667508107375e-05,0.0033411003367508243,2.0741368967361943e-05,0.02614203567689245,1.694603776958756e-07,0.08857055484857619,1.1293304185652744e-05,3.073136760377707e-09,0.0009317697005608481,0.001014661756041854,2.3313702843243107e-05,4.723502725380627e-05,1.3523928206033235e-06,0.01251940469710783,3.6704198212533014e-07,6.327252378637025e-06,0.00022595642844495435,7.250705291580114e-05,2.130865365502936e-05,5.337090951431314e-05
57,0.0001286950364722897,0.5254567766346641,1.1864949056092844e-06,6.406342055086818e-06,0.3471832958203151,5.508265404183697e-05,0.004083500947043548,2.8225028687957597e-05,0.03198568884401005,2.0900184530355999e-07,0.06901342822849509,2.4105437858466224e-05,6.8031298822057624e-09,0.0008472546703636554,0.0013021685550709192,3.635671296624744e-05,7.25756864166971e-05,1.394585760203487e-06,0.01918651622733179,5.863878598084042e-07,9.75480011181025e-06,0.0004149427644246965,7.34580081923093e-05,2.3740794820862938e-05,6.464353315684078e-05
58,0.0001362459375517844,0.47388510753859964,1.185313332467094e-06,5.704116388374236e-06,0.37838265670937826,7.518878914341416e-05,0.0032026150342471995,2.0168951993037184e-05,0.026918778079704095,1.542832729541035e-07,0.10083143470924051,1.1359515641786723e-05,3.0435701920612297e-09,0.0008422384053705567,0.000864058535216101,2.1663972255559078e-05,4.349031341918756e-05,1.3258034996543602e-06,0.014389832731186675,3.3552159340653313e-07,5.810575980372817e-06,0.00020884583061961105,7.819858184154909e-05,2.7523889074943912e-05,4.607381787865108e-05
59,0.0001260310898226222,0.4700774612302718,1.3110549320793816e-06,5.890273300655971e-06,0.3769549410874282,7.672980519708727e-05,0.003302558145001389,2.166700134725334e-05,0.027540000112363256,1.593223997620909e-07,0.10559189808558751,1.0866339930585688e-05,2.7014590087486364e-09,0.000778944829422098,0.0009863377880101813,2.3200455394196753e-05,4.1004181627934266e-05,1.2487152323856427e-06,0.014082948272821767,3.4527315884887497e-07,5.982907644054437e-06,0.00021762413533610018,8.086031645656322e-05,2.7181516291709224e-05,4.480535956278204e-05
60,0.000115439075356081,0.48687310537553047,1.05778401987467e-06,5.684791445393181e-06,0.3820478272957249,7.137029255521763e-05,0.003218669243771257,2.065617924846659e-05,0.02534964978983696,1.6752076305532623e-07,0.08800282780063885,9.756035213119404e-06,2.4620888994953443e-09,0.0009019670928873665,0.0010260657844691125,2.2940279178324258e-05,4.4495497809375366e-05,1.3319686523953212e-06,0.011921039029016981,3.426855100190231e-07,5.931198531552287e-06,0.0002195271814071289,6.971079460351055e-05,1.9513808946815588e-05,5.0921032794906774e-05
61,0.00012668008932760862,0.47155087631021225,1.283996568451555e-06,5.696651850413151e-06,0.38039117978652726,7.339203329641157e-05,0.0034098409755106427,2.1622945226206277e-05,0.026873735424037436,1.609582532348665e-07,0.10147407806706367,1.099777123032545e-05,2.784610967006218e-09,0.0007763549969853446,0.0009858393587636315,2.2663261737797807e-05,4.016504867086223e-05,1.2425726056030352e-06,0.01386574667815842,3.428513881528001e-07,5.84208187945206e-06,0.00021212259683143318,7.845029544549013e-05,2.6102472429823996e-05,4.5579991388936824e-05
62,0.000115439075356081,0.48687310537553047,1.05778401987467e-06,5.684791445393181e-06,0.3820478272957249,7.137029255521763e-05,0.003218669243771257,2.065617924846659e-05,0.02534964978983696,1.6752076305532623e-07,0.08800282780063885,9.756035213119404e-06,2.4620888994953443e-09,0.0009019670928873665,0.0010260657844691125,2.2940279178324258e-05,4.4495497809375366e-05,1.3319686523953212e-06,0.011921039029016981,3.426855100190231e-07,5.931198531552287e-06,0.0002195271814071289,6.971079460351055e-05,1.9513808946815588e-05,5.0921032794906774e-05
63,0.00010911839489087051,0.5447834158431148,9.433868414140659e-07,5.217930350313473e-06,0.3440074578849696,6.30580031077701e-05,0.0028113967452693244,1.6812402037082415e-05,0.022717043715457116,1.670289033003667e-07,0.07213911631907821,8.573531834757304e-06,2.1183321809947267e-09,0.000832009389011069,0.0008854398695926487,1.932630023144983e-05,3.834898476318956e-05,1.1148523630611884e-06,0.011238867459671325,3.2332626600595896e-07,5.27874930232241e-06,0.000187309237448256,6.559287910122166e-05,1.7621332529178112e-05,4.644431553348752e-05
64,0.00010133990850221329,0.5076029946116718,1.0842614755240602e-06,6.4930500291338046e-06,0.3659642983672052,7.780956372478879e-05,0.0033229050726458964,1.9847067055284233e-05,0.026227582728268795,2.0580533792726615e-07,0.08187344552987073,1.1711258996792785e-05,2.9335114651331152e-09,0.0010199447156207949,0.0010899730245066746,2.405194393687983e-05,5.2567352927029635e-05,1.4187581592900423e-06,0.012154927242301104,4.0207416958252746e-07,8.977783372393511e-06,0.0002734173951918785,8.50152972297923e-05,2.042968894368114e-05,5.915456534533768e-05
65,5.4108190766293974e-05,0.5989617075438722,1.221523051709438e-06,9.904200123549146e-06,0.3004370752412698,7.479100452884787e-05,0.00620591372954311,4.311858180027264e-05,0.009209103371980892,7.011378071023059e-07,0.07244863130395073,8.646287998326543e-06,1.2278304604618134e-09,0.0018170891462917411,0.0010316999423136712,2.3336121180316234e-05,3.613295968753376e-05,1.0105533532019284e-06,0.009160252148030377,5.162034668671086e-07,9.689693863318988e-06,0.00022421029877196916,0.0001653668984697557,1.1342177315654617e-05,6.44305127324748e-05
66,0.00010344963975777481,0.5695455520231079,9.526217338438562e-07,7.1131568400174185e-06,0.29805142681041313,5.6710101445284896e-05,0.003497601240434579,2.4731005031535644e-05,0.026240252888714868,1.5564845623812164e-07,0.08830625251052582,1.311369833094038e-05,1.9953242275291e-09,0.0011482473858757257,0.0011327825287237535,2.2351779331447473e-05,3.6893634008224224e-05,1.2929083354809246e-06,0.011402106040738953,2.813640221855205e-07,5.7017755070517685e-06,0.00027387379410171917,6.274280285213727e-05,1.559321525125122e-05,5.0819431135934024e-05
67,5.0775030748644564e-05,0.23573945382386466,1.0403912080760124e-06,3.372604301671608e-05,0.4652384278719864,0.000701329155736248,0.0010702187630521084,1.8599132141467025e-05,0.012951673672624751,4.02679253069418e-07,0.26719812507610613,7.185667985801631e-06,1.3510166248521695e-08,0.006349974422381979,0.0004427968437234434,3.977333361149069e-05,0.000495695394596374,3.4126485206869263e-06,0.008259159633882941,2.2109159912095703e-06,2.3857472835723936e-05,0.00033059295809351554,0.0008699864705669687,8.400700951437537e-05,8.75620783908366e-05
68,0.0001313823380796036,0.5183260922846485,1.273699159150223e-06,6.846654227598987e-06,0.3429281172015294,7.539522796415364e-05,0.0032369261466864275,2.1384769354505868e-05,0.02749309217750708,1.8292999654406853e-07,0.09274409116106906,1.1486377275922437e-05,2.5068897695576166e-09,0.000959696752150002,0.0008769627923608405,2.227830964849256e-05,4.5776280666724904e-05,1.5004332460355834e-06,0.01271551151673237,3.36834296870686e-07,6.866811221978766e-06,0.00023908940654962648,8.152373814246894e-05,2.328058520528159e-05,5.090306539155504e-05
69,8.72594079285931e-05,0.470163808773757,1.1036448140149021e-06,6.594092387752413e-06,0.3704954811386132,7.219829454760533e-05,0.003373132613603656,2.4264954874606654e-05,0.02162163957043481,1.6364977791913334e-07,0.11941822094232832,9.926577374142082e-06,2.1149428560717363e-09,0.0008828819748873619,0.0009575807478105217,2.2733928050087493e-05,3.679041102578367e-05,9.788500823919143e-07,0.0124497538742336,3.4996333707475963e-07,6.257636548659354e-06,0.00020823396151604793,9.756777495477583e-05,2.458557204553952e-05,3.848953012364948e-05
70,0.0001562022858313071,0.46040179441260276,1.3906840962660842e-06,6.622388995020295e-06,0.4172536053667522,6.383168526497583e-05,0.003837490156148472,2.8621164928811113e-05,0.02797344633431266,1.7503935141150352e-07,0.07870000498886164,1.1179416567028907e-05,2.915559108894279e-09,0.00104100606034693,0.0012139755917168421,3.0151226902980634e-05,4.641374710776364e-05,1.73600489263667e-06,0.00888387839319096,4.1083317254484743e-07,4.766556728699146e-06,0.00021112577450576136,5.32801815249899e-05,1.5016132221867656e-05,6.38726584164682e-05
71,7.945601739558674e-05,0.4728378149942485,5.549936235582458e-07,3.861373169794803e-06,0.4568828229520431,3.5658570105135256e-05,0.0025676523542291834,1.2227958169136547e-05,0.01573327978029343,1.5430564318349694e-07,0.04391955860406215,6.768460976458876e-06,2.1759686874912634e-09,0.0007135427969486984,0.0006203431250528671,1.737201731676763e-05,3.3709340559085705e-05,7.015447045953565e-07,0.006296437027399,4.935079038426584e-07,3.89897906347672e-06,0.00010955948513921983,6.899971685681488e-05,1.2454399281522433e-05,4.267551984621346e-05
