,0,1,2,3,4,5,6,7,8,9,10,11,12,13,14,15,16,17,18,19,20,21,22,23,24
0,0.00011389656755438117,0.5003922908559405,1.977476922651368e-06,3.832687441918476e-06,0.20252566299391137,0.00035860855631813295,0.002243815367588349,2.674582697929278e-05,0.07508306406802713,3.371485533442676e-07,0.09123512238023565,1.0520029342297014e-05,4.344805223794923e-09,0.00033411377368299785,0.004946381474179472,5.195030524419202e-05,8.458219112698579e-05,2.578813084425114e-06,0.1213571097424213,3.391256015515151e-07,3.726802544287423e-05,0.0010229661766233632,5.764733866496841e-05,5.519454777928897e-05,5.39901825281575e-05
1,0.00019133830520814935,0.7499833474601727,3.8232789043435405e-06,7.540806339252485e-06,0.09080667467095875,0.0001999773406400324,0.004240364703932913,1.7923527643162345e-05,0.04897963986109571,9.624652815916593e-07,0.04397662214292808,1.7052991373355433e-05,2.3271774011408428e-09,0.00041176729712954797,0.0019180600183923932,2.438941399532027e-05,2.963801332674612e-05,3.6550288208744003e-06,0.05831250961572794,1.9894521282923063e-07,3.19573083762088e-05,0.0006269439411079774,7.873077368986947e-05,4.845653641343066e-05,8.842322615142837e-05
2,0.00015837207284674518,0.7116982672738099,2.1485516622782383e-06,5.836280438564182e-06,0.16725496663004272,0.00013258348566647104,0.004419610419260142,1.3244136183877127e-05,0.032492636857461,6.512894480594542e-07,0.05028579821638521,1.4760239204404249e-05,2.053520180648389e-09,0.0006309018259448857,0.00241828811526755,1.5312202694848433e-05,3.907508439978992e-05,3.0069241851985436e-06,0.02958234654916638,2.4475232269437503e-07,2.185904904179465e-05,0.0005357703657150752,0.00010364439044387452,2.7335469045814018e-05,0.00014333776584259266
3,0.00015866063710182329,0.7426067167251004,2.924776670670833e-06,1.0480279398382605e-05,0.10898187704781223,0.0001830124738857835,0.004323874596339631,1.62966144108161e-05,0.034307009965767056,8.455581392597965e-07,0.06592624299201981,1.8736417216247063e-05,2.1748591246097856e-09,0.0007189706855519456,0.001649705446834714,1.6501566298442167e-05,4.658231231885262e-05,3.929409587286734e-06,0.03993984973164368,2.2045404694733018e-07,3.4110671574229194e-05,0.0007465641789667043,0.00014335048592561348,4.6592692840038275e-05,0.0001169421056903486
4,0.00016456317288132178,0.744796836968698,2.821365197272314e-06,1.0709893503252413e-05,0.10765729748457287,0.00017419811454711645,0.004246796483238524,1.4928041679480105e-05,0.03487196144199966,8.01261816340119e-07,0.06461373933339622,2.2226153976880322e-05,2.781231006133095e-09,0.000777546790728005,0.001562124729778583,1.5483901260523637e-05,5.1942992450480336e-05,4.014996295420586e-06,0.039860706748790074,2.2898457388713238e-07,3.6121459178961756e-05,0.000793782490287366,0.0001470286283206601,4.84965933309061e-05,0.0001256391882672221
5,0.000195433368791337,0.7653752189221916,3.102952337598951e-06,1.6568596553469124e-05,0.09204916089110465,0.00019015434533001626,0.004274311437350213,1.5552176429638693e-05,0.0335717639499807,1.0811502235042318e-06,0.06709353500846259,2.3833075034289722e-05,2.59431045949328e-09,0.0010005690647791048,0.0013253627818680827,1.4997402566119458e-05,6.162622611326491e-05,6.819125811814115e-06,0.03342182677469668,2.523575912277162e-07,4.242027479827707e-05,0.0009305007799090381,0.00017712202242418376,5.617489958624594e-05,0.00015260982175595135
6,0.00015866063710182329,0.7426067167251004,2.924776670670833e-06,1.0480279398382605e-05,0.10898187704781223,0.0001830124738857835,0.004323874596339631,1.62966144108161e-05,0.034307009965767056,8.455581392597965e-07,0.06592624299201981,1.8736417216247063e-05,2.1748591246097856e-09,0.0007189706855519456,0.001649705446834714,1.6501566298442167e-05,4.658231231885262e-05,3.929409587286734e-06,0.03993984973164368,2.2045404694733018e-07,3.4110671574229194e-05,0.0007465641789667043,0.00014335048592561348,4.6592692840038275e-05,0.0001169421056903486
7,0.00011488341162051112,0.7412169224840729,2.194948980754206e-06,1.2142150597114941e-05,0.11259995656327745,0.00017936015919135545,0.0040485452896142984,1.5923628809073658e-05,0.0367005770269762,8.071641621477044e-07,0.06704921450032945,1.9616009076481774e-05,2.021573785494043e-09,0.0008494116583953611,0.0021290477734810576,1.8980402948974834e-05,5.598997801613064e-05,4.0621644523617416e-06,0.033598544129797035,2.427709069961297e-07,4.26555743771119e-05,0.0010223938390553065,0.0001494477374345294,3.8680123057844834e-05,0.0001303984897956761
8,0.0001489951776942029,0.8490060522369385,3.533084279017931e-06,1.1733625475186385e-05,0.06811297043446628,0.00010487806957481108,0.004113335172116929,1.0003019857335447e-05,0.014738698313328932,9.043989736015639e-07,0.04075636620270928,1.453220013528178e-05,1.1563196791172664e-09,0.0005972041250555561,0.00043870553326708653,6.357596859833904e-06,1.5476069466229348e-05,1.534445870942612e-06,0.021373723181135312,1.574275297111847e-07,1.453975708341168e-05,0.00019223289770869321,0.00021937950849304773,4.44727283059271e-05,7.421363735523364e-05
9,0.00010818618741258202,0.8618821571835096,3.99620509729656e-06,1.8452225001163906e-05,0.050532345938600905,0.00012554256717854596,0.004297046476856559,9.839533942052354e-06,0.024870403635175446,1.1785658064364046e-06,0.03451835507138063,2.248545666730136e-05,1.595984770630041e-09,0.0005612125510999356,0.0006935446073621761,1.0245196435721128e-05,1.9906766197911353e-05,2.288513476179486e-06,0.02155745142130946,1.943201964543566e-07,3.769799784472648e-05,0.0003975986393967982,0.00018890029612899577,4.923468090422775e-05,9.173436703415817e-05
10,0.00015866063710182329,0.7426067167251004,2.924776670670833e-06,1.0480279398382605e-05,0.10898187704781223,0.0001830124738857835,0.004323874596339631,1.62966144108161e-05,0.034307009965767056,8.455581392597965e-07,0.06592624299201981,1.8736417216247063e-05,2.1748591246097856e-09,0.0007189706855519456,0.001649705446834714,1.6501566298442167e-05,4.658231231885262e-05,3.929409587286734e-06,0.03993984973164368,2.2045404694733018e-07,3.4110671574229194e-05,0.0007465641789667043,0.00014335048592561348,4.6592692840038275e-05,0.0001169421056903486
11,0.00016318946645201698,0.739284860027751,2.9801251642538163e-06,1.0677249379360679e-05,0.1118918979200988,0.00018144942632035012,0.004354315366564621,1.6000789287243795e-05,0.034457116347415155,8.496860200942773e-07,0.0656358023710042,2.0357810852515216e-05,2.6330502305138687e-09,0.0007268594893657091,0.0015756468821678884,1.666203430262617e-05,4.937335484372891e-05,3.907411380841764e-06,0.0405149383214971,2.407895127554655e-07,3.4891478389681806e-05,0.0007397190853956296,0.00014980161609911115,5.032191644538616e-05,0.00011813840123975294
12,0.0001421566940919123,0.7987548595619529,6.504897835272934e-07,7.4843219927126095e-06,0.1490176457791488,0.00015054914682651816,0.0014949493776722576,2.898064287685705e-06,0.015705518958942725,7.335357782473064e-07,0.022184042030790174,6.0610700766725735e-06,1.7519340591502525e-09,0.0019296677541162336,0.0005176724112195691,4.812560834048826e-06,0.0001421923205992462,6.448598248984622e-06,0.009087567022022925,2.431893298437251e-07,2.5103754588189957e-05,0.0004140821778476581,0.0001313959355510553,1.3243114199931738e-05,0.000260020378164151
13,8.13177657491414e-05,0.5587923018754907,2.7852294819670966e-06,1.811634621472123e-05,0.10968569899037392,0.00015187753143086911,0.005712338445311563,3.1646476309553304e-05,0.027345402736541152,4.750331524574332e-07,0.2553235657740355,4.4555138337802527e-05,2.38326523268324e-09,0.0015224371750975874,0.002053110056710436,1.5969014994102852e-05,4.957350981519109e-05,2.7431500493078734e-06,0.037288186929305266,2.175867998130787e-07,4.045023616208379e-05,0.0013464635803687836,0.000330009670811551,6.325970654549335e-05,9.749565764578324e-05
14,0.0004057912233008536,0.464877842588792,2.189736707597942e-05,3.174448346091198e-05,0.11773781177847994,0.0006301670865183894,0.007168064413688824,3.908384116867883e-05,0.17773397012430125,7.007079378028928e-07,0.14008484875230354,0.00010366571313880757,1.9778121036232826e-08,0.0007530008890441936,0.006443599265938931,5.424898432770788e-05,0.0001941805032102067,1.4070498247884595e-05,0.07943943319059575,4.1352094577476547e-07,0.0002073991878948515,0.003305199543738165,0.00021668693441009358,0.0001547354411155672,0.0003814241822430059
15,0.00015866063710182329,0.7426067167251004,2.924776670670833e-06,1.0480279398382605e-05,0.10898187704781223,0.0001830124738857835,0.004323874596339631,1.62966144108161e-05,0.034307009965767056,8.455581392597965e-07,0.06592624299201981,1.8736417216247063e-05,2.1748591246097856e-09,0.0007189706855519456,0.001649705446834714,1.6501566298442167e-05,4.658231231885262e-05,3.929409587286734e-06,0.03993984973164368,2.2045404694733018e-07,3.4110671574229194e-05,0.0007465641789667043,0.00014335048592561348,4.6592692840038275e-05,0.0001169421056903486
16,0.00012400512507854288,0.7737136373713323,2.4089205390997085e-06,1.1571510183140807e-05,0.08892911430577584,0.0001451286270708365,0.005196840692218678,1.8529952384200293e-05,0.03265414934423402,1.2019815200782571e-06,0.05345507373263164,2.7976571492723717e-05,2.2555542726878447e-09,0.0008297072916727234,0.0019746578671377894,1.986217896859181e-05,4.83758509419498e-05,4.370710510781012e-06,0.041266915104594536,2.412909070430141e-07,5.597154385549175e-05,0.001200204342058305,0.00014518413824450097,3.8982969405301834e-05,0.00013588632168749944
17,0.00011275164780138027,0.6972903556061101,1.884467848860184e-06,1.699271475326004e-05,0.14802364733490853,0.00013706209501273794,0.00482821798674699,1.839260748249022e-05,0.023326571918990846,9.008615277748672e-07,0.09442745025143005,3.2518683922646865e-05,3.777908698082847e-09,0.0017467870718775947,0.0014197578048911316,1.4710074311567926e-05,0.00012423899325262998,4.713371279252487e-06,0.026378835278772512,4.017478459004876e-07,5.2443317361815625e-05,0.0014447794489592396,0.00036572954551312184,4.4017610912809193e-05,0.00018683578057803198
18,0.00021061960920813413,0.7275553023379214,2.132486170707358e-06,1.1390988386378172e-05,0.1621659861843216,0.00016982284022722837,0.004881226070315795,9.95327951003876e-06,0.030382615717604165,1.2302690543346137e-06,0.04628308034209267,2.4452465089729237e-05,4.1103457855225686e-09,0.0014114502519757795,0.0017299629443702801,1.3656892376253912e-05,0.00014221385068347088,9.582455928174613e-06,0.02315711816795228,3.557901249444509e-07,6.0576856915537346e-05,0.0011891819667999997,0.00018618976874620554,3.15374786264146e-05,0.0003703568752525853
19,0.0001246317816007369,0.7746251942574746,3.5585953045087255e-06,1.460860041127875e-05,0.08461083056000235,0.0001123258936500389,0.007737091649114146,1.9147447278436658e-05,0.039034353391094644,9.429290898014341e-07,0.05629277709621932,4.2189194559410106e-05,2.6457820491834976e-09,0.0007001147059210508,0.0018754850776890747,1.8630828533610893e-05,3.505714111070454e-05,3.3366181909945574e-06,0.033327101780987814,1.9295028680063756e-07,4.838624599613244e-05,0.0010626648461468811,0.0001396442577424117,4.037895121389396e-05,0.0001313525545992802
20,0.00012066253359242146,0.672417741013942,3.821057849137932e-06,1.5059410456482538e-05,0.09366872395484041,0.00018935424988795874,0.006527307522486782,4.435694136806365e-05,0.04546927910457718,9.716634948573493e-07,0.11375440609015372,3.590944518354312e-05,2.324905473187926e-09,0.0008151266270599448,0.005264125031574373,3.321164359115239e-05,5.362924941176367e-05,4.879245219822655e-06,0.05889280151213498,2.4868426339171746e-07,5.540925672894056e-05,0.0023018971221456072,0.00015187960542805182,4.645725892984715e-05,0.0001327394507741192
21,0.00014964211519497773,0.795063263574718,2.521698430590141e-06,1.1488748060856778e-05,0.07722808650040563,0.00014422125439294712,0.004061725221026783,1.6926051006144065e-05,0.03641061326642477,9.275651696655598e-07,0.04902600777051375,2.2896899048659246e-05,1.9600279779740175e-09,0.0008402290104827218,0.0013119602356075559,1.9432610392258235e-05,2.9804732975634362e-05,4.101698473244355e-06,0.034694833591156625,1.9723646387294902e-07,3.288699561297931e-05,0.000699208055657125,9.642180155958116e-05,3.9657606186815354e-05,9.294380101106551e-05
22,0.0003251066691509814,0.6659967268163246,3.6438499159010005e-06,1.1813911351046387e-05,0.13597600709183658,0.0003159039066327079,0.0032399690976063975,1.91274797524115e-05,0.042219897651943755,1.0308175961537744e-06,0.09821947182257935,1.474198139796523e-05,2.9274352461824946e-09,0.0009016238977954408,0.0022552709735995757,2.158668562496498e-05,0.00012296603168893402,1.2821295939152661e-05,0.048570752900043646,2.978652516483593e-07,4.2038570627005005e-05,0.001343270683096616,0.0001411847427399981,6.463404518015998e-05,0.00018010828488986702
23,0.00015866063710182329,0.7426067167251004,2.924776670670833e-06,1.0480279398382605e-05,0.10898187704781223,0.0001830124738857835,0.004323874596339631,1.62966144108161e-05,0.034307009965767056,8.455581392597965e-07,0.06592624299201981,1.8736417216247063e-05,2.1748591246097856e-09,0.0007189706855519456,0.001649705446834714,1.6501566298442167e-05,4.658231231885262e-05,3.929409587286734e-06,0.03993984973164368,2.2045404694733018e-07,3.4110671574229194e-05,0.0007465641789667043,0.00014335048592561348,4.6592692840038275e-05,0.0001169421056903486
24,0.00013261862233644094,0.8289879620742922,1.6946052683311392e-06,1.0801972146160627e-05,0.07405432955997876,0.00012471628972848402,0.0027307038532046043,1.1564943728741667e-05,0.0214303537695438,8.580064259459374e-07,0.042361731491368876,1.4149278825301689e-05,1.5253115354788355e-09,0.0008827606656220825,0.0007757179168535481,1.1006927856754348e-05,3.7979271631482827e-05,3.354941762662768e-06,0.027626525929268547,2.069175132618191e-07,2.2662617140182718e-05,0.000528950997601608,0.00012988295924296233,3.521089646151168e-05,8.425396688626122e-05
25,8.460704865514075e-05,0.6255175798055119,2.4677083868731205e-06,1.831195549411992e-05,0.09940256285564172,0.00015645212988209196,0.005530868485535673,5.363324852168555e-05,0.02073311762201969,7.407582718776585e-07,0.2046834105910002,2.272283745853231e-05,1.1771448905593776e-09,0.0015767093776251594,0.0013467273729749051,1.9444330884194642e-05,3.611428638139775e-05,2.9344926785321577e-06,0.03945381906678381,2.0411562536648198e-07,2.8085785277586358e-05,0.0009708674232180112,0.00025196166831743984,5.152953158718843e-05,5.512632512199763e-05
26,0.0004278986011753681,0.6944844065115898,4.448485382241941e-06,9.53428102221592e-06,0.13490138614606004,0.00030661257836875474,0.002139116807891358,7.801450722028316e-06,0.04076655204835351,7.198601100346099e-07,0.07085466256502433,1.089146486651349e-05,4.525780875237742e-09,0.00040193405153363083,0.0005567867022415635,1.1163774856957926e-05,7.856577897710586e-05,6.126000742239704e-06,0.054149932195821406,3.1120439295479124e-07,2.790470502903482e-05,0.00038973318100699354,0.0002028980836299623,0.00017185321301297658,8.875578240807964e-05
27,0.0001437753833923453,0.7137996904117136,2.8903301325194892e-06,1.1962827278723222e-05,0.10049205515581769,0.00019539609965201388,0.0043630697681015344,2.2913218525429484e-05,0.04149652160292325,8.378411709429111e-07,0.08488305457977358,2.237247720417886e-05,2.190110639165713e-09,0.0007628170698840121,0.0026359071991752373,2.2110375708086675e-05,5.532676669864315e-05,4.712781508900751e-06,0.049381428038630715,2.2990086740556185e-07,4.123134454337776e-05,0.0013535367903070715,0.00014193940619693627,4.970106004395981e-05,0.00011651738063938858
28,0.00015866063710182329,0.7426067167251004,2.924776670670833e-06,1.0480279398382605e-05,0.10898187704781223,0.0001830124738857835,0.004323874596339631,1.62966144108161e-05,0.034307009965767056,8.455581392597965e-07,0.06592624299201981,1.8736417216247063e-05,2.1748591246097856e-09,0.0007189706855519456,0.001649705446834714,1.6501566298442167e-05,4.658231231885262e-05,3.929409587286734e-06,0.03993984973164368,2.2045404694733018e-07,3.4110671574229194e-05,0.0007465641789667043,0.00014335048592561348,4.6592692840038275e-05,0.0001169421056903486
29,0.00015866063710182329,0.7426067167251004,2.924776670670833e-06,1.0480279398382605e-05,0.10898187704781223,0.0001830124738857835,0.004323874596339631,1.62966144108161e-05,0.034307009965767056,8.455581392597965e-07,0.06592624299201981,1.8736417216247063e-05,2.1748591246097856e-09,0.0007189706855519456,0.001649705446834714,1.6501566298442167e-05,4.658231231885262e-05,3.929409587286734e-06,0.03993984973164368,2.2045404694733018e-07,3.4110671574229194e-05,0.0007465641789667043,0.00014335048592561348,4.6592692840038275e-05,0.0001169421056903486
30,0.00015866063710182329,0.7426067167251004,2.924776670670833e-06,1.0480279398382605e-05,0.10898187704781223,0.0001830124738857835,0.004323874596339631,1.62966144108161e-05,0.034307009965767056,8.455581392597965e-07,0.06592624299201981,1.8736417216247063e-05,2.1748591246097856e-09,0.0007189706855519456,0.001649705446834714,1.6501566298442167e-05,4.658231231885262e-05,3.929409587286734e-06,0.03993984973164368,2.2045404694733018e-07,3.4110671574229194e-05,0.0007465641789667043,0.00014335048592561348,4.6592692840038275e-05,0.0001169421056903486
31,0.00027018455540144947,0.7960594954398328,4.577060145356208e-06,9.3751290605124e-06,0.07838507794348791,0.0001436334808586019,0.004878441051555616,2.6312482329516254e-05,0.021533879523963795,1.260176801246829e-06,0.04859571392914155,1.39799934480553e-05,1.5249989303837731e-09,0.0005661113197184851,0.0008705140076392337,1.2001875118481658e-05,2.810507530521466e-05,3.7884925735102504e-06,0.04792617639611455,1.8041130652432055e-07,1.993735745367213e-05,0.0004008527676697407,0.00012592324791775152,4.400605903239025e-05,8.047069912503345e-05
32,0.0001650986316948495,0.7439656442488994,2.889615363379771e-06,9.262320773164672e-06,0.10190348594705216,0.0001869966471313641,0.004073307881270692,1.666773756167999e-05,0.0337427627706026,8.439176104363584e-07,0.06462187013653309,1.7929159945362246e-05,2.160449509091869e-09,0.0006576504279742427,0.0016367664904985931,1.6312408451187205e-05,4.455766671042412e-05,3.772562197092216e-06,0.047868205976778606,2.0802857199450747e-07,3.2612749672970795e-05,0.0007453098793565522,0.0001335960649311076,4.886449678106519e-05,0.00010538207318858478
33,0.00014623915203743252,0.7351685187740656,2.6759290753022825e-06,1.1452060821249812e-05,0.11028391694358518,0.00019324489436486808,0.004108386039101896,1.813764352763835e-05,0.03116376018143038,9.10119171409273e-07,0.07316638219965599,1.8373671112103476e-05,2.3109184341825026e-09,0.0008289767647814618,0.0014909777015685323,1.7519622693739887e-05,5.525270674648808e-05,4.014322856711961e-06,0.0421264616345045,2.476061001222043e-07,3.559413916246622e-05,0.0008314055282316005,0.00016869473247580323,5.073717423024445e-05,0.00010811814778070739
34,0.0003111592149245939,0.73437634232346,3.328816505172915e-06,3.635471660109676e-06,0.07743946428425948,0.00015676147457219193,0.0026469199960866127,1.1079950966502827e-05,0.05426687081974441,3.370624343039126e-07,0.0459743147219121,1.4353764164696337e-05,2.0865672837821527e-09,0.0002651027620265034,0.0013824629140135353,1.0233430958789044e-05,2.2643367641774767e-05,2.8860146891919205e-06,0.08253328075253936,8.982145682167187e-08,1.7687399794078226e-05,0.00040990060830475145,4.13431283164165e-05,5.0124348934147916e-05,5.967546406719305e-05
35,0.0010005876256521098,0.7599926309167213,7.42308449418924e-06,1.3081463643089037e-05,0.06018229955696274,0.00012465881459336554,0.007187104579873811,3.389926385051995e-05,0.07798921556612731,1.401975875121468e-06,0.03284593966149064,3.416827919690104e-05,2.6407349302462542e-09,0.00043142764778404414,0.001111088201605771,1.9303387458913198e-05,3.5214362822873896e-05,2.4368299046985198e-05,0.05774650812250513,1.2785364166186016e-07,3.92750750209866e-05,0.0009486801833450103,3.998064241156272e-05,5.8402379021152484e-05,0.0001332104161199059
36,0.00020128122366096525,0.690216902720386,3.446353638724574e-06,1.0527157060179506e-05,0.08456643771249231,9.537642500161442e-05,0.00789673378038888,6.401004870811067e-05,0.04741667521865693,6.840631594994248e-07,0.07853250740213218,8.170452558830389e-05,5.07705399281278e-09,0.0009032821811820417,0.003967627030452619,3.7304347845027874e-05,5.896128146988873e-05,4.281100884966761e-06,0.08327475221591514,2.331502784069318e-07,3.905444931105384e-05,0.002386792061299535,7.89833075300074e-05,3.4100169555612296e-05,0.00012833699634821799
37,0.00027043183646963413,0.7832715596348637,3.810878962154426e-06,1.1967279093611529e-05,0.08720245022164407,0.00014922777428122877,0.004510221603342616,1.2804609436971996e-05,0.028851437990180532,1.1191783903594623e-06,0.05527547390648396,1.8758531576873694e-05,2.211326869990022e-09,0.0005819624089490805,0.000783646946649267,1.111578217908782e-05,4.010501604979853e-05,5.4563105569413834e-06,0.03806151235630977,2.0729246354653503e-07,2.9317994414051683e-05,0.0005604429865684811,0.00016516708115991684,7.323339553803109e-05,0.00010856677310941824
38,0.0002962108916256449,0.7212113021609674,4.2803015431844555e-06,3.8561354862789775e-06,0.1283545130963046,0.00026678398630801896,0.004973822877846895,1.1526198608734103e-05,0.04181311828115878,8.071450476864259e-07,0.04338813373264091,9.740604972860365e-06,1.5794871739736775e-09,0.0003669139221331813,0.002171182866613862,1.5602505767618305e-05,1.870652525126373e-05,3.185906481608791e-06,0.05656132715832915,1.0630707479803787e-07,1.661693224631716e-05,0.00030362864923984246,5.826733622179672e-05,3.9357326390378174e-05,0.00011100757225195137
39,0.0002201752393794171,0.5228041603470553,8.499586503993122e-06,1.5100579381462538e-05,0.14242504833229186,0.0007075880192213447,0.0062482772135551215,5.869304538432417e-05,0.06557246952676096,1.562320328729632e-06,0.11811673850622015,2.6910928685777258e-05,7.401456354168273e-09,0.0006274410800043312,0.004619802092353589,5.828123104539638e-05,0.00014918131695052528,8.474114907314523e-06,0.13580492343600128,4.1588461595217377e-07,0.00012715075295034666,0.0019484953874031683,0.00018908219914819712,0.00010252324808809912,0.00015899821030704824
40,0.00015726649804130262,0.7631228431535375,3.3965476932830044e-06,5.836414600142586e-06,0.09630822969439454,0.00013609959196562088,0.005171384796114589,1.0412122460666256e-05,0.04478036379241078,4.731422812760366e-07,0.049809935493889373,2.6647056195733946e-05,2.1179195352911566e-09,0.0005650882788566401,0.0028212490719645386,1.1052581654171314e-05,2.3981557149555505e-05,2.3454843426148625e-06,0.03613804400057593,1.1243779275734631e-07,2.483846539709128e-05,0.000622319769749314,7.796624960451032e-05,2.6479771633822812e-05,0.00015363190977465166
41,0.00025370553535186566,0.5434157958826796,3.6281742656432326e-06,3.4924258052258805e-06,0.31579029205953507,0.000149908778255363,0.004716866207372651,9.39316800290494e-06,0.07457662573850923,2.475632660082388e-07,0.03919981713900121,9.322125456514738e-06,2.4666848176527687e-09,0.00023844260453118244,0.0029811763617768835,2.3063938942266967e-05,1.8679380633467465e-05,2.084320388854848e-06,0.01825940160127133,1.6314064940391848e-07,1.0194638389245639e-05,0.00017007516727137806,3.4958088040933843e-05,2.440159424275401e-05,0.00010826189967626168
42,0.00011970327797229902,0.6060623681819717,4.405666823554463e-06,1.620213605748571e-05,0.060023315478553343,0.0002863695180982469,0.004954305477972987,6.998906773289894e-05,0.050095416994052094,1.4693178718852364e-06,0.10643468074231748,4.178567104760241e-05,4.152612175198871e-09,0.0005538755125043395,0.0046514357784453375,6.18969419836343e-05,7.935971719578087e-05,5.388382964559655e-06,0.1624894528369288,3.362324614188551e-07,9.396489846582788e-05,0.0036236947544564906,0.000157334086327467,8.962106913837013e-05,8.362410604433873e-05
43,0.00010137191901604465,0.7483124929166269,2.714113343162487e-06,1.3505292555315822e-05,0.08689792443976956,0.00040738679790997126,0.0037970003439240767,2.603704623954364e-05,0.030819167368853137,3.821585856164427e-06,0.049363753139241795,1.277684614260111e-05,2.6534740492059906e-09,0.0008224297247195199,0.0020602341403342848,3.8080788115815015e-05,9.477413221038931e-05,7.401956045780409e-06,0.07488797676973612,4.807310440488889e-07,0.00010883177664620158,0.001817838788541901,0.00022393582486978506,6.45604276337214e-05,0.00011550047715011929
44,0.00015866063710182329,0.7426067167251004,2.924776670670833e-06,1.0480279398382605e-05,0.10898187704781223,0.0001830124738857835,0.004323874596339631,1.62966144108161e-05,0.034307009965767056,8.455581392597965e-07,0.06592624299201981,1.8736417216247063e-05,2.1748591246097856e-09,0.0007189706855519456,0.001649705446834714,1.6501566298442167e-05,4.658231231885262e-05,3.929409587286734e-06,0.03993984973164368,2.2045404694733018e-07,3.4110671574229194e-05,0.0007465641789667043,0.00014335048592561348,4.6592692840038275e-05,0.0001169421056903486
45,0.0001771909047390945,0.5939704393919666,5.5419940416679095e-06,1.1554730702392163e-05,0.1314123202180335,0.00026614508509182683,0.00732064607557034,5.2409861936868016e-05,0.05404152343603496,8.130347713845423e-07,0.13430565385347068,2.4312958427584198e-05,2.4691135150406597e-09,0.0005610684822182899,0.005543690580202439,4.3990297129903016e-05,3.970375084855201e-05,4.395682878818066e-06,0.07069637650517735,2.2707092545275873e-07,3.259055022607619e-05,0.0012200485791220644,0.00010668062510815464,5.778881166483374e-05,0.00010488505059753503
46,0.00013477718167186198,0.5807924289552787,2.9434963644321132e-06,3.131651785648223e-05,0.11549032501368413,0.0005225489972885722,0.0023044569589633626,2.9959291488259544e-05,0.028489767550864256,1.1982516026790538e-06,0.18141148380790753,2.581434356554226e-05,9.238264716943436e-09,0.0015359958929496743,0.002151059647131349,3.194390105685163e-05,0.0006394228976640872,9.273487957732743e-06,0.08111141328517654,8.108834596891293e-07,0.00011292229055051008,0.004262976594805502,0.0005952668663926005,0.00013504459858060047,0.00017684004947420711
47,0.0002947378128921747,0.7425525081677609,3.4886684927150273e-06,8.67007810711673e-06,0.10219838319832411,0.00012913658524999074,0.005573181572415148,1.5382532559885374e-05,0.05221302166953219,9.75755561645488e-07,0.03610757966470774,4.4773195830023055e-05,6.080739210372519e-09,0.0005455527490727493,0.0022237657012758347,2.5393727616876326e-05,7.544383225363042e-05,6.1082419623650735e-06,0.05621561674126616,2.7892854430854206e-07,5.5639681159504744e-05,0.0013649929044226147,9.254200726639628e-05,4.7933751696872035e-05,0.00020488675128976612
48,9.15928502653576e-05,0.8012987853481269,1.2296317713032084e-06,4.504166909544588e-06,0.04581057511064071,0.00015782770294988727,0.0016529078897469392,1.1012790325074474e-05,0.011796155506070632,8.842339255308694e-07,0.0416822188714967,6.055599384526489e-06,9.817266932723805e-10,0.0004051914556499581,0.0004402253702603712,7.0386232219555515e-06,3.2699911391541487e-05,1.4045101182321668e-06,0.09593764171161662,1.2344008960823403e-07,1.6067135637986947e-05,0.0004372337310090853,0.0001295268340867232,4.964509841331234e-05,2.9451495165080715e-05
49,0.00015237728510910989,0.7568620105579703,3.867515903132407e-06,1.534667937675714e-05,0.08445976997083308,0.00020945612866417063,0.004567259734226601,1.6850660958156912e-05,0.03655146400590035,1.0284716206039975e-06,0.07225786350640767,2.71692971874355e-05,2.7010884523894933e-09,0.000825017814933081,0.0017113775729124976,1.7349059565527105e-05,4.76489093699875e-05,4.373010371443721e-06,0.04088682824929838,2.417435300684955e-07,4.4770659008722355e-05,0.0009512717164876324,0.00019158856782825937,6.053245083963495e-05,0.00013453373060894636
50,0.0001439023540207444,0.7791455298955693,2.9761389374254302e-06,6.9569135894854e-06,0.11442646360627079,9.151447588082023e-05,0.012614822396604379,2.5890715831254174e-05,0.013624371356907725,2.0709034898340016e-06,0.04118953995577167,2.3306883797118372e-05,1.5325125630089333e-09,0.0009086061865054903,0.001432433219649497,1.2236069094495078e-05,2.5893514007139133e-05,2.5417124360569985e-06,0.03537333425438079,1.8041440351237475e-07,2.609354262553489e-05,0.0005624918525258508,0.00017770091610643066,2.174167067928471e-05,0.00015939951840280686
51,0.00017434844775160796,0.6790232833131447,3.45864382612722e-06,1.0267127147583535e-05,0.1527831983862922,0.00023104262324930792,0.005164256932116727,1.773608115184978e-05,0.03896925190055587,9.213649544634287e-07,0.07661060055367178,1.9711136622761964e-05,3.063524821774547e-09,0.0007238905233746013,0.0019683504302443404,2.115749261002279e-05,5.8605620971774156e-05,4.334161118249269e-06,0.04304978808185767,2.800048157839146e-07,4.086200762878528e-05,0.000756825556706227,0.0001711037627905585,5.58822008460419e-05,0.00014084058302606283
52,0.0005165347742861462,0.5017136204490541,4.336260771642065e-06,7.440828533847274e-06,0.19495731567549213,0.0009764097689430193,0.0025211529213570744,2.3118217779659948e-05,0.08352672135361612,1.1415599422686606e-06,0.14263097844462397,6.627094207288933e-06,2.44632519205148e-09,0.001040200846288306,0.006436975952962582,4.1486056204371576e-05,0.00011184340420891701,3.6130276264305575e-05,0.06356315742268898,2.5389818372220755e-07,2.9848263416867576e-05,0.0014952062879608902,6.910640963898484e-05,6.766097441539341e-05,0.00022273041283424802
53,8.793645815560478e-05,0.6112142089858089,3.79748259696192e-06,1.1924614611628306e-05,0.20373257535759837,9.912874345591507e-05,0.01964220545593839,3.0177674416788297e-05,0.030927597785635898,9.487750441792405e-07,0.10451366372345572,4.164041613235252e-05,2.0547514597372424e-09,0.0007660305386749373,0.0032437750192806274,2.1173255230723928e-05,2.3937114512762328e-05,2.0814869417711336e-06,0.024372210640249886,2.1250824100493102e-07,3.772021495807232e-05,0.000789260400775477,0.0002414587420404156,3.5022803227918935e-05,0.00016130974826437296
54,0.00013376189930365458,0.8799089815835461,1.2615779513178445e-06,3.739483169387129e-06,0.0635929972737188,6.572281597262786e-05,0.0028694349288482805,5.107300002202723e-06,0.018402422051463002,5.776025405508511e-07,0.015736898778292326,1.1418368547884854e-05,7.418435961374777e-10,0.0005961169182894678,0.0013111092288149407,5.7611794452645765e-06,1.4573302727190882e-05,1.7751294171253819e-06,0.01683492464040588,8.672112378757965e-08,1.0329669003110251e-05,0.00029394096816356204,4.8527135896512025e-05,9.144835538585901e-06,0.00014138586597492786
55,0.00039554000815079856,0.709877494987406,5.382022735804361e-06,1.2146097548959384e-05,0.07066620968284518,0.00010816046921986576,0.006511399131075891,1.038470037725984e-05,0.14225243370683627,4.491575269628772e-07,0.02962130729368411,8.073712248708278e-05,6.817736108112876e-09,0.0003501011174413533,0.0016316869168947162,1.856363012117081e-05,2.4248919892862206e-05,7.173706003693779e-06,0.037407115312541525,1.309595559334704e-07,4.8585366706450216e-05,0.0007117181022149547,4.047709618099005e-05,6.202223106022575e-05,0.00015652544375578044
56,0.000164471304394554,0.7385547027968835,3.010842523672498e-06,1.0707179926787161e-05,0.10936796656434204,0.00018313937458058817,0.004454660221145716,1.637810762670106e-05,0.03482418213553242,8.439320343003088e-07,0.06690064618262204,2.1440867908543422e-05,2.644057159285451e-09,0.0007505028258941103,0.0016383841686022245,1.6463377914630513e-05,4.9630094833359635e-05,3.954391829926674e-06,0.041908632459374234,2.3225367385434135e-07,3.5592384684529864e-05,0.0007735011957030139,0.00014905443474094236,4.9592870489520495e-05,0.0001223073886818126
57,0.00015275402009592545,0.7495288745217548,2.7287225611322598e-06,1.0060264161105108e-05,0.09425189311261786,0.00012452496122726178,0.004949710198513407,2.0079019884918875e-05,0.03817160811635442,9.183732427966368e-07,0.04942314104706239,4.133477314700432e-05,5.038702665069182e-09,0.0006487132456019807,0.0019349046750328873,2.239196162960686e-05,6.862814245838929e-05,3.498630233930816e-06,0.05896784022746772,3.2715181591234303e-07,4.808645718055681e-05,0.001304978025047636,0.0001418034572093406,4.812579628156007e-05,0.0001330700607146814
58,0.00018641856013172414,0.7297961191724154,3.295021835882719e-06,1.068653624558044e-05,0.10589766961127137,0.0001894982094482903,0.004328531967095447,1.558677164209335e-05,0.036337332093022104,7.931464220433815e-07,0.07292015415292752,2.1522799740592436e-05,2.67066993897828e-09,0.0006501473486831935,0.0013361117497437897,1.5465086764483946e-05,4.345184414993204e-05,3.887603683125018e-06,0.047201579753019585,2.166303100117209e-07,3.396293340197738e-05,0.0006784819775840592,0.00015840870079530597,6.696115272505574e-05,0.00010371450627170532
59,0.0001747448225897336,0.7285719017152156,3.7219300919577066e-06,1.1357841398440143e-05,0.10448333650766245,0.0001949391136540533,0.004500260503672061,1.6752746552894274e-05,0.0375631587233256,8.369609061896324e-07,0.07525772879477427,2.0663638481163856e-05,2.4176478605637925e-09,0.0005962940231417085,0.0014993321549973584,1.674526308565302e-05,4.069233406441974e-05,3.735331937030246e-06,0.0459778676313955,2.2628552287595256e-07,3.5825519210352375e-05,0.000697746824840282,0.00016329918673297579,6.789668820901057e-05,0.00010093304089059472
60,0.00015866063710182329,0.7426067167251004,2.924776670670833e-06,1.0480279398382605e-05,0.10898187704781223,0.0001830124738857835,0.004323874596339631,1.62966144108161e-05,0.034307009965767056,8.455581392597965e-07,0.06592624299201981,1.8736417216247063e-05,2.1748591246097856e-09,0.0007189706855519456,0.001649705446834714,1.6501566298442167e-05,4.658231231885262e-05,3.929409587286734e-06,0.03993984973164368,2.2045404694733018e-07,3.4110671574229194e-05,0.0007465641789667043,0.00014335048592561348,4.6592692840038275e-05,0.0001169421056903486
61,0.00017729030745943175,0.7289734854212171,3.712096871769652e-06,1.1118583947687098e-05,0.10628911587816799,0.00019078387896252327,0.004659338453847542,1.697782804128076e-05,0.03723564278156385,8.49031466492924e-07,0.0733812716471626,2.1202618931919057e-05,2.543654457561227e-09,0.0006024707999082445,0.00153568512122552,1.6752133607932198e-05,4.101092574214976e-05,3.7762977989100175e-06,0.04577616765728845,2.2771948309319325e-07,3.538273689483162e-05,0.0006978654654102495,0.00015985332539380926,6.561415146736708e-05,0.00010440259448479769
62,0.00015866063710182329,0.7426067167251004,2.924776670670833e-06,1.0480279398382605e-05,0.10898187704781223,0.0001830124738857835,0.004323874596339631,1.62966144108161e-05,0.034307009965767056,8.455581392597965e-07,0.06592624299201981,1.8736417216247063e-05,2.1748591246097856e-09,0.0007189706855519456,0.001649705446834714,1.6501566298442167e-05,4.658231231885262e-05,3.929409587286734e-06,0.03993984973164368,2.2045404694733018e-07,3.4110671574229194e-05,0.0007465641789667043,0.00014335048592561348,4.6592692840038275e-05,0.0001169421056903486
63,0.00014125200028801066,0.7823705561476282,2.43759020188606e-06,8.966064891489751e-06,0.09389362629602226,0.00015296251286315389,0.003569213855559973,1.2649172473287705e-05,0.028978477684489717,7.87717920372568e-07,0.052015533844408594,1.5622754102091837e-05,1.758485733383312e-09,0.0006364727477611492,0.0013687551815462513,1.3112636746374246e-05,3.853725148918042e-05,3.099610439122568e-06,0.035867242895189416,1.953448413415581e-07,2.8373883283056208e-05,0.0006131234400778326,0.0001283363037353451,3.919517939844573e-05,0.00010146812615783914
64,0.00013458944925978322,0.7598676523995793,2.913592053576761e-06,1.1878353585514621e-05,0.09990733450730843,0.00019169080746978724,0.004351803685100032,1.5126692062666042e-05,0.03442345792152151,1.0230704900837803e-06,0.05837443049140684,2.1612503114980967e-05,2.5047583745761417e-09,0.0007792986182852175,0.0016470110850499273,1.6686249514015493e-05,5.1954923529121366e-05,4.066562909404734e-06,0.03892221625856895,2.5177606420628763e-07,5.0650929603507904e-05,0.0008784616472169045,0.00016831688142052227,4.8005279664183574e-05,0.00012956381046304503
65,6.758290512690675e-05,0.8194227069483282,2.976286806573768e-06,1.5921429502938168e-05,0.07898357941361542,0.0001724939626736335,0.007400592037244775,3.069324587123248e-05,0.011355102253258644,3.059017640933944e-06,0.050335731269876546,1.5051722638816217e-05,9.73753508674613e-10,0.0013268345489149279,0.001540813494479767,1.5106019393698394e-05,3.482877691205609e-05,2.6793574447399027e-06,0.028057922704343975,2.9457089506387284e-07,4.831009189899634e-05,0.0007045697569018812,0.00030489002405948286,2.392244548470083e-05,0.000134336742932328
66,0.00012655404567070842,0.7847168561183316,2.315071244422262e-06,1.1532802957424518e-05,0.07873883780293511,0.000131721439100302,0.004228229799816764,1.789717599346016e-05,0.031694556027780305,7.010798490171918e-07,0.0615862458486486,2.2720035759087412e-05,1.5639372331101403e-09,0.0008546965316676088,0.001697188204587238,1.4506423885138234e-05,3.5785763036507273e-05,3.3965990042947196e-06,0.03496345441295232,1.6268555283866164e-07,2.882577904573797e-05,0.0008661812304147364,0.00011869569725766988,3.2560008176126456e-05,0.00010637785239580656
67,9.743579472526932e-05,0.5037998062869484,3.999292459042014e-06,8.523052262887472e-05,0.17168011771469743,0.0022278428748283533,0.002049954442576128,1.9954646196614883e-05,0.0237339096709768,2.837768513696747e-06,0.2479512531513379,1.8540312205706114e-05,1.5382915074431282e-08,0.006373562779754635,0.0009206580292519905,3.723440254719027e-05,0.0006273044271446193,1.376415553642607e-05,0.035978174465133114,1.8629814955925863e-06,0.00018688281549191733,0.0014209711092584311,0.002236063577260372,0.00026625307539774673,0.0002663703207184638
68,0.00017618679030142413,0.7629442231506418,3.592941903310568e-06,1.30111792377192e-05,0.09017056706099083,0.0001875231699665502,0.004242366053648286,1.5900273169421047e-05,0.03666518308633,9.331919301524171e-07,0.06272323090259159,2.1092309350534637e-05,2.2258360889973876e-09,0.0006913210127677236,0.0012796493609501262,1.589282023930094e-05,4.360603471849187e-05,4.36900039516213e-06,0.039704708329011365,2.1618618711821503e-07,4.0420335391156426e-05,0.0007314937944050422,0.0001569554115574477,5.7479873144415565e-05,0.0001100755053348974
69,0.00012187308538188573,0.7261630930124691,3.115956738691668e-06,1.2349529773288875e-05,0.10575731361362495,0.00018624087675339686,0.004585337363249646,1.898678360975787e-05,0.02986493093025696,8.404213550533084e-07,0.08810847861908995,1.9248170871507095e-05,1.910506736638552e-09,0.000694704035960272,0.001528469552406745,1.659600912772768e-05,3.8100051752771506e-05,2.9180678512114275e-06,0.041793332919889535,2.2858662891739474e-07,3.675122614534027e-05,0.0006984415509691673,0.00019964690355576907,6.016333679483011e-05,8.883748523699956e-05
70,0.00037913020629040217,0.7093728745436175,6.46858808308274e-06,1.728484462843106e-05,0.15301394432851426,0.00014932312563253116,0.007635732174188615,4.456641632333456e-05,0.04813052778021674,1.0507733927744647e-06,0.05558530096886383,2.9846609544821567e-05,3.6130400134427605e-09,0.001224506328694341,0.0029655819664333016,3.8363737230191206e-05,5.771241382473698e-05,8.63578400400165e-06,0.02021077622372797,3.9255948916937855e-07,2.0217929151310203e-05,0.0007679758047994609,7.854287239389402e-05,2.4368892200683845e-05,0.00023687151571468945
71,0.00011250749528096954,0.7750478815079171,1.6204081745136272e-06,7.532396368380214e-06,0.137864756063657,9.673533319836532e-05,0.0036774140027461136,1.0089176282745655e-05,0.022994425742025277,8.178460520860482e-07,0.03512542489401711,1.4029105289577813e-05,2.039781415528965e-09,0.0005984007392219636,0.0010547120029652797,1.3287947279610952e-05,3.630614516016547e-05,2.1130977367742406e-06,0.02263859285935652,3.3288460131107927e-07,2.4107368102699873e-05,0.0003939577308484552,0.0001513503014453329,3.192601325417799e-05,0.00010167689923700548
