,0,1,2,3,4,5,6,7,8,9,10,11,12,13,14,15,16,17,18,19,20,21,22,23,24
0,2.9847294788445984e-05,0.8057594303644611,0.0001109075298108387,0.000649367345312329,0.009698738751742915,0.0002133695288294253,0.0024332909969383668,0.0002551654951131378,0.022684571234291167,0.00043067108469344733,0.1069795514197641,8.428928974546881e-07,1.4467921443035937e-06,0.0003946869870200437,0.010745907306307794,1.7316968981335028e-07,2.716191547532916e-07,2.0919812847983405e-05,0.0385563177081899,6.605896363514511e-08,0.00031140423148117964,0.00011644097800285034,5.272475345333658e-06,8.283626596264835e-05,0.0005185026562468703
1,2.537375307188187e-05,0.7227843764667627,0.00015369096290665567,0.0006167276406893175,0.011020375715360232,0.000291440906855104,0.0030173153936076617,0.0003425298747482542,0.06457571898403511,0.0006783248970654257,0.09852109439931858,6.844167154735948e-07,1.4788801415254308e-06,0.0004029829204421507,0.014941590095763521,2.989819370039405e-07,1.7836075742713353e-07,1.1433106839227876e-05,0.08155974818004245,8.27261021107598e-08,0.0003301301904906831,0.00010203762579081202,3.2540722415267904e-06,6.102323091633879e-05,0.0005581082173987907
2,3.4105163771854544e-05,0.7905582442668291,8.038408528729224e-05,0.00050694355491267,0.008734251061641904,0.00026911269639149266,0.0025900848033328914,0.00024140510076959185,0.021414402611257724,0.00039581236203116665,0.1030352311914498,8.452538892580428e-07,1.122646239208698e-06,0.00041763134572821083,0.024746654269903863,2.71154191097305e-07,3.790785098727355e-07,1.7294846930540643e-05,0.04566139392457293,6.054242624071521e-08,0.0003793152354154185,0.0001852545837702699,1.0177522147066652e-05,7.96219245790632e-05,0.0006400007740213313
3,3.0026937596160362e-05,0.8041651923020848,0.00011217221888654085,0.0006487282849481379,0.009772117968729878,0.0002153858968898773,0.002447242159673351,0.00025595657084504414,0.022940186797542048,0.0004303651468765972,0.10798650779784585,8.495812834881709e-07,1.4582970379896932e-06,0.000396013010009191,0.01079719242051014,1.7417288741423825e-07,2.7175385619920314e-07,2.0927755886459912e-05,0.0387469059106551,6.646043751146462e-08,0.00031076376687961014,0.00011651081860755256,5.262981257613587e-06,8.306066336364369e-05,0.0005166603254097064
4,2.7882846042476127e-05,0.8114927274957795,0.00012114324167701919,0.0006203861412237647,0.010690404505354814,0.00022940240024352254,0.00242192724132888,0.00021850676624604842,0.02234189583283309,0.0004169339741822151,0.10524427692785099,8.484188563217061e-07,1.8038298653281374e-06,0.00044844661189547756,0.010323530794336313,1.7143107451915862e-07,2.5319052521441586e-07,2.0028484819478538e-05,0.03446963520346213,6.721721525258262e-08,0.0002711049455491479,0.00011149001347109486,5.151995863894646e-06,8.219925524437433e-05,0.00043978123505927997
5,2.499975991564936e-05,0.8291594398420669,9.542102926739017e-05,0.0008474305122898273,0.009879121920055202,0.00019838619931797938,0.0021736680314022065,0.000254650664029,0.0163015618503507,0.00047185069080878767,0.10259585819739746,7.620049144913024e-07,1.5140237095359918e-06,0.0003823331399613401,0.007550426863481869,1.4300561947154088e-07,2.724191515641117e-07,2.8985371180534044e-05,0.029002295549109984,6.868462930898761e-08,0.000336809879651539,0.00010270052534111631,5.979478673613857e-06,9.254462300367427e-05,0.0004927757346708997
6,3.0026937596160362e-05,0.8041651923020848,0.00011217221888654085,0.0006487282849481379,0.009772117968729878,0.0002153858968898773,0.002447242159673351,0.00025595657084504414,0.022940186797542048,0.0004303651468765972,0.10798650779784585,8.495812834881709e-07,1.4582970379896932e-06,0.000396013010009191,0.01079719242051014,1.7417288741423825e-07,2.7175385619920314e-07,2.0927755886459912e-05,0.0387469059106551,6.646043751146462e-08,0.00031076376687961014,0.00011651081860755256,5.262981257613587e-06,8.306066336364369e-05,0.0005166603254097064
7,2.4691534213003272e-05,0.825761340782522,0.0001223531869916326,0.0004432005778799582,0.005031271850540436,0.00012308094351394747,0.002671643892213307,0.00016283603016857152,0.022832605863409433,0.00024348272076478292,0.11614421465138347,5.559767414015819e-07,2.1200699184944586e-06,0.0002457905881945855,0.006119465771958234,7.16984261229194e-08,1.6828030714610614e-07,1.7412816434954008e-05,0.01948219542165809,7.144843060322807e-08,0.00012580468235956997,6.458447107738685e-05,2.2754090919252487e-06,8.500557715602479e-05,0.00029375575464502505
8,3.3200669136622725e-05,0.897353226094488,0.00011464566843615736,0.0009044682092701027,0.008355776137097981,9.38061600750774e-05,0.0023376096721886325,0.00032108891155571044,0.015587537472130649,0.000632237395528397,0.03616927943738578,5.261057148764749e-07,1.381147345564062e-06,0.0003469452502388368,0.009415241612337248,1.9265458457364838e-07,3.744607308183348e-07,1.5404147121055552e-05,0.026678603854532208,5.001015071670035e-08,0.0003000645978425546,8.419141980750486e-05,6.8823084324247864e-06,0.00017037489097689775,0.0010768917128918007
9,2.279440396481589e-05,0.9083453778747598,0.0001843283747668096,0.0007346153707323824,0.007281642647435102,5.3225565380384585e-05,0.00187222475846791,0.0002587347928050715,0.022252622325378665,0.0004203377340655977,0.035713731889891666,3.961198337759277e-07,2.119995164729785e-06,0.00022344417215392165,0.005478203243121016,7.59019837556983e-08,2.6229638307133534e-07,1.1512009542292433e-05,0.01603167253306617,5.07205250661951e-08,0.00014296588044227033,4.237856893019898e-05,2.3197737576493086e-06,0.00019950898759695575,0.0007254540598511026
10,3.0026937596160362e-05,0.8041651923020848,0.00011217221888654085,0.0006487282849481379,0.009772117968729878,0.0002153858968898773,0.002447242159673351,0.00025595657084504414,0.022940186797542048,0.0004303651468765972,0.10798650779784585,8.495812834881709e-07,1.4582970379896932e-06,0.000396013010009191,0.01079719242051014,1.7417288741423825e-07,2.7175385619920314e-07,2.0927755886459912e-05,0.0387469059106551,6.646043751146462e-08,0.00031076376687961014,0.00011651081860755256,5.262981257613587e-06,8.306066336364369e-05,0.0005166603254097064
11,2.94225592158541e-05,0.8119210301202083,0.00011187610817581479,0.0006276102982327797,0.009348652246580236,0.00020925608504426932,0.0024176600964443975,0.00023853533587649118,0.021987236303900155,0.0004114109499744788,0.10598103510026223,8.421436554124229e-07,1.6106127880080785e-06,0.0003968842491324512,0.0100983959696699,1.6339799118626933e-07,2.680035341636527e-07,2.124509856766699e-05,0.03522933237938995,6.82345219268882e-08,0.0002829633979174526,0.00011384504424168316,5.114923359990107e-06,8.335250715644871e-05,0.00048218883415891033
12,3.432918123497421e-05,0.8785866744820254,4.072456753189405e-05,0.0007979150674844412,0.02903286114063391,0.0003728255359851274,0.0008538428564788559,9.145279196178869e-05,0.0006834328447812418,0.00037100829217484956,0.07173238707703114,3.3077723581455095e-06,1.7173583754029903e-06,0.0016865226646570984,0.004529748110418762,2.4588619546630043e-07,9.719159638329976e-07,0.00012679452806647055,0.009589452442610811,3.449198861134888e-08,0.0005847115562833431,0.00044420622986261873,6.413134785483067e-05,9.492979680552237e-05,0.00027577206123553615
13,3.207560100543862e-05,0.7843635989886836,0.00012184078919942728,0.0006370987996238489,0.010054449036354642,0.0002141199242303037,0.0024671594563566946,0.00026469260188651667,0.02410478615403383,0.00038595206866352653,0.12342594288168224,1.0025194069367403e-06,1.4813948154539807e-06,0.0004155383610658193,0.011559704800632703,1.6856480964764763e-07,2.951652830382301e-07,2.0934596751406092e-05,0.040878565035459447,6.767594080682544e-08,0.0003241740422076076,0.00012374629646344984,5.195184020483818e-06,8.090120743976097e-05,0.0005165088539831693
14,0.0008292712578819594,0.262501813044306,0.0006392956720703787,0.0016134661475219528,0.013384446230702875,0.000514361408789829,0.01388094390541116,0.0009358873409886701,0.035942776605897286,0.00014789430142427929,0.42704700290679254,3.2363221259647683e-05,1.5706864982140691e-06,0.0025532240591902462,0.07077987846261628,1.8713252413072385e-06,2.366408829533431e-06,5.395446588308e-05,0.16194666828814464,2.684177539410372e-07,0.0012484427443865138,0.0005447854431837128,6.683958676247403e-05,0.0001342088000035163,0.005196399268459966
15,3.0026937596160362e-05,0.8041651923020848,0.00011217221888654085,0.0006487282849481379,0.009772117968729878,0.0002153858968898773,0.002447242159673351,0.00025595657084504414,0.022940186797542048,0.0004303651468765972,0.10798650779784585,8.495812834881709e-07,1.4582970379896932e-06,0.000396013010009191,0.01079719242051014,1.7417288741423825e-07,2.7175385619920314e-07,2.0927755886459912e-05,0.0387469059106551,6.646043751146462e-08,0.00031076376687961014,0.00011651081860755256,5.262981257613587e-06,8.306066336364369e-05,0.0005166603254097064
16,2.776281629782942e-05,0.8245556136283638,7.082197217105714e-05,0.0007585731148266904,0.007599919014622241,0.0002428892629138755,0.0024390732446464523,0.0002892722642018472,0.01640140581589447,0.0007052341244199067,0.09736779625140572,7.782038036501587e-07,1.0299742382628219e-06,0.0003642707616063732,0.008410790086104162,2.242155280981041e-07,2.707492908484998e-07,3.265302732639654e-05,0.039424701949348176,7.139883775006403e-08,0.0005548710964133318,0.0001420495324914251,6.070381981896313e-06,7.34396252765762e-05,0.0005304174879889935
17,3.614772256488679e-05,0.8117057271389163,0.0001292567342156561,0.001097490425217039,0.010992928754625233,0.00023421618733207613,0.002816440437297077,0.0002748057957732142,0.016220713872022452,0.00046058366672275326,0.11380352336252283,1.2718841732426696e-06,1.8621915924197977e-06,0.0006633506592015441,0.0078021940383226915,1.996950292901066e-07,3.105186406003836e-07,3.438391688889439e-05,0.032448867517491445,9.212174328001602e-08,0.00039114964025977394,0.0001281240957673457,8.645248399125355e-06,8.894431936601148e-05,0.0006587700559148786
18,5.9739292153894906e-05,0.8954299325441312,9.584459350394389e-05,0.0005523507133188674,0.004749893492860289,7.108326655530766e-05,0.0023555303244439424,0.00024095384736329528,0.00845844945820858,0.00032132769835300145,0.05720101688398779,1.3230792054065518e-06,1.4030093836829428e-06,0.000323850662241339,0.0063191935706839765,1.1308262071286873e-07,6.313082163577032e-07,3.6264378542136077e-05,0.022353823658653633,4.972714109952655e-08,0.0002961800771771742,0.00016228531086326996,5.544700081888431e-06,0.00014677738980249967,0.0008164379305069239
19,2.1951544634197134e-05,0.7928962068877866,0.0002106885447597159,0.0007074947666816654,0.015688717937834353,0.0002129930205776641,0.0019752215921201664,0.00030072811475564455,0.03594045348627493,0.0004923809448099764,0.10297679416822705,1.1655625384023923e-06,2.3140638320337188e-06,0.00049535526322121,0.008603133380017378,1.442578653550129e-07,2.555331170161894e-07,1.667329158292057e-05,0.0385758962251337,8.564943755866716e-08,0.00025101181095328747,0.00012178958456403087,2.96428893424673e-06,7.766218057422361e-05,0.00042791789976662724
20,2.0161000453875594e-05,0.8282195184117072,8.82279729185333e-05,0.000536765088053865,0.010072641062611373,0.00014253892815775738,0.0016521391456275154,0.0003956512664823765,0.02256784968729586,0.000486496583363777,0.07689345236239405,7.501743351891499e-07,1.0635471399329592e-06,0.00029535534656621623,0.013164812638736584,1.3850232472242026e-07,3.9939104915373894e-07,1.6365648472778544e-05,0.04432911068511052,5.8219270050174625e-08,0.00037222874353478675,0.00020753071689616514,4.526642649896323e-06,8.324268811266732e-05,0.0004489755467352365
21,4.466480406772084e-05,0.7805580479634657,0.00014557170804142396,0.0008213256910665924,0.010644375071797076,0.00029546438010626125,0.003496237579299726,0.0002622039160095928,0.021659576611729337,0.0004974589566015163,0.12994645705198057,1.3827323523095073e-06,2.044961676691928e-06,0.0005659100432962216,0.010469304299395493,2.7973737826964463e-07,2.9628388735070295e-07,2.890810403312786e-05,0.03937920234556789,9.453150256911808e-08,0.0003701268463951681,0.000119700092026722,7.446274969796088e-06,9.436608271873498e-05,0.0005895539306343153
22,4.1694687799738765e-05,0.7277475615613519,0.00013405085438754507,0.0007059795022475008,0.010782585657292896,0.00031914857037892747,0.002846825305668637,0.00029971021160527043,0.019458447077011803,0.00043644528318878664,0.18813876764035303,1.4255538649847386e-06,1.4088525718260655e-06,0.00045350125782061895,0.01047865792495131,2.2750147280865104e-07,4.0433614451773557e-07,4.3049897442796334e-05,0.03686876007307952,8.995967055252718e-08,0.0005245291051051615,0.00016690102233949343,7.128912105983353e-06,9.733116130852542e-05,0.00044536809083578905
23,3.0026937596160362e-05,0.8041651923020848,0.00011217221888654085,0.0006487282849481379,0.009772117968729878,0.0002153858968898773,0.002447242159673351,0.00025595657084504414,0.022940186797542048,0.0004303651468765972,0.10798650779784585,8.495812834881709e-07,1.4582970379896932e-06,0.000396013010009191,0.01079719242051014,1.7417288741423825e-07,2.7175385619920314e-07,2.0927755886459912e-05,0.0387469059106551,6.646043751146462e-08,0.00031076376687961014,0.00011651081860755256,5.262981257613587e-06,8.306066336364369e-05,0.0005166603254097064
24,1.646809088531817e-05,0.8604847498596653,8.309055593795278e-05,0.0008574178066397804,0.010279383973262108,0.00019762767869825826,0.0017235224708812313,0.00019594055808407477,0.01465041964342023,0.0005162843412344484,0.07550717522650854,6.320074870087989e-07,1.6096780963735002e-06,0.0004838938374006327,0.005476140598737198,1.3047776344355238e-07,1.686832763539031e-07,2.1871266296899277e-05,0.028672167419547305,6.73192412293837e-08,0.0002727926793811895,9.138121543960183e-05,4.582867985320796e-06,5.5786451758552805e-05,0.00040669529237165797
25,3.432289278684599e-05,0.7719607865031438,0.00012958529469110552,0.0007857974690973123,0.00980791908161496,0.00019905155010034524,0.002873972236418604,0.0003226018128848696,0.02231418140152516,0.00039518700265374037,0.1391019644857211,1.1022488999737828e-06,1.6900137255055798e-06,0.00042168212005616037,0.00973380872590599,1.679796220894771e-07,3.2353168937957084e-07,2.5427738979372238e-05,0.040831352405277216,8.495135245986582e-08,0.00034267022718532887,0.00012131799760801064,5.637677563332462e-06,9.143528444497983e-05,0.0004979293670525873
26,6.071493020209323e-05,0.8508172118063965,0.00015925514030411795,0.0005408714284871014,0.006419538802255809,8.624418346213137e-05,0.002617904473269831,0.00031887169087194464,0.017103597672128375,0.0002787899888795214,0.09600794930520004,9.232153107445381e-07,2.3604083654680616e-06,0.000180200467071466,0.0066332029150213394,8.296189709916879e-08,6.518286798343683e-07,3.667334794322549e-05,0.017686988830216036,6.403873985981035e-08,0.0001816471545068439,9.868675124786052e-05,4.061108922694578e-06,0.0002893788367049038,0.0004741287139151689
27,2.8806309390128786e-05,0.7895643724552442,0.0001058919627580172,0.0005019605883466702,0.0076843629870381154,0.000260886506941427,0.002418041596060754,0.00030745589862012784,0.04274191973759322,0.0005278032193291822,0.08795462464530092,6.023927518914581e-07,9.616144571216958e-07,0.0002957329166349409,0.017487189540728677,2.1436729974808658e-07,2.387753528157911e-07,1.5482298051481897e-05,0.04885339542389244,7.317169465632281e-08,0.00031296227457029604,0.00015729676454633598,4.312048681142547e-06,7.215180985077029e-05,0.0007032606948651102
28,3.0026937596160362e-05,0.8041651923020848,0.00011217221888654085,0.0006487282849481379,0.009772117968729878,0.0002153858968898773,0.002447242159673351,0.00025595657084504414,0.022940186797542048,0.0004303651468765972,0.10798650779784585,8.495812834881709e-07,1.4582970379896932e-06,0.000396013010009191,0.01079719242051014,1.7417288741423825e-07,2.7175385619920314e-07,2.0927755886459912e-05,0.0387469059106551,6.646043751146462e-08,0.00031076376687961014,0.00011651081860755256,5.262981257613587e-06,8.306066336364369e-05,0.0005166603254097064
29,3.0026937596160362e-05,0.8041651923020848,0.00011217221888654085,0.0006487282849481379,0.009772117968729878,0.0002153858968898773,0.002447242159673351,0.00025595657084504414,0.022940186797542048,0.0004303651468765972,0.10798650779784585,8.495812834881709e-07,1.4582970379896932e-06,0.000396013010009191,0.01079719242051014,1.7417288741423825e-07,2.7175385619920314e-07,2.0927755886459912e-05,0.0387469059106551,6.646043751146462e-08,0.00031076376687961014,0.00011651081860755256,5.262981257613587e-06,8.306066336364369e-05,0.0005166603254097064
30,3.0026937596160362e-05,0.8041651923020848,0.00011217221888654085,0.0006487282849481379,0.009772117968729878,0.0002153858968898773,0.002447242159673351,0.00025595657084504414,0.022940186797542048,0.0004303651468765972,0.10798650779784585,8.495812834881709e-07,1.4582970379896932e-06,0.000396013010009191,0.01079719242051014,1.7417288741423825e-07,2.7175385619920314e-07,2.0927755886459912e-05,0.0387469059106551,6.646043751146462e-08,0.00031076376687961014,0.00011651081860755256,5.262981257613587e-06,8.306066336364369e-05,0.0005166603254097064
31,2.4085576523247162e-05,0.8908263493782,0.00013395557835872788,0.0008367266366335418,0.01060869920350499,7.640576343287925e-05,0.0015498603328716262,0.00037183387200248857,0.014752765314756567,0.0004915825813170406,0.04726657823332392,7.436196477921615e-07,1.9721681098819813e-06,0.00032371443960963804,0.004054390140880684,9.628519932575729e-08,3.2321382404536957e-07,2.0963328302767332e-05,0.027720021429328418,6.303709565681038e-08,0.0002273085022860597,8.54867305713791e-05,3.0526618669815993e-06,0.00012941374460178967,0.0004936082277502773
32,2.9666053208556874e-05,0.7956241809715221,0.00011001636315448242,0.0006011782138873989,0.009880467422340347,0.00021594831999759452,0.0023716102255725937,0.000275880393807317,0.02655862651757625,0.0004478841349820903,0.10338262621644843,8.335638507015693e-07,1.3750339419931514e-06,0.00038725779922398534,0.012119109487787112,1.839912781338893e-07,2.779008928249236e-07,1.8749920934099992e-05,0.04691998146149674,6.443474127401808e-08,0.0003245010634520364,0.00012803513105332388,4.838900918368885e-06,7.679044108110999e-05,0.0005199160368510326
33,2.7991294008556287e-05,0.8263784465563547,9.54537412241747e-05,0.0005870134838722011,0.009739307040125475,0.00019198690048116452,0.0021288104435302295,0.00023867696068597628,0.01735467831650618,0.00040010849851804194,0.09678661769161345,8.359841319710422e-07,1.4830821718431968e-06,0.00039204351013288343,0.009525103798856887,1.5501437532394995e-07,2.9058931005636305e-07,2.1515026575529785e-05,0.03520621539222796,6.121537083806665e-08,0.00028305735437543364,0.0001317835622160172,5.335083909489754e-06,8.024291315732106e-05,0.0004227865462681529
34,2.4229485539569814e-05,0.8367945233881707,7.705796937935996e-05,0.0008834760914682703,0.011636003293848705,0.00019349554181424843,0.0018881342350558603,0.0002307117676122455,0.007346349538336052,0.00042042360015798696,0.1099313643004879,1.0768049775097194e-06,1.5645694429247772e-06,0.0004530518681549281,0.006845173407893974,1.542533587497703e-07,3.949921233113376e-07,3.5967074285190734e-05,0.02223116085313909,6.767182484500047e-08,0.00036564870698225984,0.0001349924153519951,1.0520578014465599e-05,9.761649652166015e-05,0.00039684109605818885
35,5.2808660904277005e-05,0.8320630018242366,9.222650096582223e-05,0.0008820723494839433,0.0035870898223194264,9.086643866537285e-05,0.00220537423145601,0.0007897304293784606,0.0443298569903606,0.0009036823436880993,0.05267945913521822,8.571330391685638e-07,1.1809536558746415e-06,0.00014237353477891085,0.003969304185870535,9.812881427164343e-08,4.0850647330117634e-07,4.695262744673463e-05,0.05629151503330554,1.0168404057417694e-07,0.0003547191645043685,0.00015700293876850618,1.6158656589813861e-06,0.0001086889133535832,0.0012490126036127096
36,5.374703826900262e-05,0.776088193923797,0.00021345253208794121,0.0004646382242545512,0.017977560489211866,5.893317601505249e-05,0.0013043033628928153,0.0005918516333343736,0.03400949346585972,0.0004204325029441706,0.03667573708151648,2.670629074497516e-06,2.3351486720982747e-06,0.0004427963719583781,0.016806700433412453,1.85989657789824e-07,1.2368369671950619e-06,7.5307578390911425e-06,0.113278260685409,3.8670212089989286e-08,0.0002829768943342141,0.00022032214363444013,2.7820516630740147e-06,0.00011837157786176809,0.0009754483791209789
37,0.00010753725420016757,0.8148660523240229,0.00016822846639316967,0.0005197927183402537,0.006714119454131151,0.00012332807332248545,0.0037513574675746074,0.00018418004974265673,0.010788937140024817,0.0001833510015309205,0.12861124472897623,1.7922231754650938e-06,2.119714912663966e-06,0.0005311234548802451,0.006158722258811367,1.2749883459335683e-07,3.9286463330875956e-07,3.960704090203489e-05,0.02627563828023478,5.7511453656587806e-08,0.00021778770537259003,0.00010818930581599136,4.9339816794407034e-06,0.00013455393571484988,0.0005068255453197692
38,6.775543936465446e-05,0.6219332874787891,8.723643329531101e-05,0.0003806186993445249,0.006742962767493906,0.0008800053845315259,0.007036955022570684,0.0001427791236374476,0.022867986063345704,0.00037901513215720544,0.26053511571484,1.0389828715990263e-06,1.0291857029435767e-06,0.0005372697709044526,0.028315898116790732,6.642829393174878e-07,1.8941759446858844e-07,2.982951809133598e-05,0.0489447403074721,7.871556119859847e-08,0.0004484856725337708,0.00015562355110637925,1.4420648891986497e-05,6.599472360057401e-05,0.0004310198465691355
39,4.79853342048305e-05,0.5803569458376988,0.00020291175013145758,0.0015442230197860204,0.02550975477040822,0.0007407971027355765,0.003262175851651461,0.0008120563817682877,0.04635514778766876,0.0011781221083708732,0.19259478487157056,2.7820170813304257e-06,1.259994719712865e-06,0.0007505741561028124,0.019019639781550846,8.871512204149022e-07,4.870987747721324e-07,3.977937903931879e-05,0.12465003991240878,1.6260117337287257e-07,0.0015251312956437951,0.00021561650240838827,1.2341329455673225e-05,8.52582152197924e-05,0.0010911357492063465
40,6.695015803430442e-05,0.7999562380210098,0.00010887633782283269,0.00022220559346475523,0.006273755835428051,0.00022157241946353347,0.0023556861993560803,0.00013552362796183205,0.018023213990290866,0.000185853340234902,0.11607069118182421,1.363576179823479e-06,8.553488502990566e-07,0.0005089779005738996,0.014344932297307806,1.5013926676926998e-07,2.820250461932241e-07,2.2227666251440234e-05,0.04044934760146723,3.9923050736620114e-08,0.00026721214214553597,0.0002651730859598184,3.820344410245294e-06,5.2598361551354116e-05,0.0004624528830475079
41,1.4135209611384569e-05,0.7663971059832161,0.00019067624834605962,0.00043438863332042195,0.018005512206900623,0.00028009813181794995,0.001483636183204881,0.00021356545158395516,0.0868867135802015,0.000618626249426062,0.05738486579740543,3.2650163686890214e-07,1.192939913387866e-06,0.0003345265993321723,0.019755016889813036,1.877220934377308e-07,1.1555426556564365e-07,5.283490355686852e-06,0.04709591598160615,3.849157745922499e-08,0.00021495893492120107,6.129890934491749e-05,1.9567706539427564e-06,6.921896234027177e-05,0.0005506385771115485
42,2.758106295917018e-05,0.7138995611560752,8.446324602028599e-05,0.00044207536354258113,0.009440803581646466,0.00018907923760361477,0.0021444011243607402,0.0006927895425255286,0.035698028457901224,0.0006482163818332901,0.09042702031645114,8.676013281025471e-07,6.360333245319011e-07,0.00025544490273520746,0.024362630824665412,3.4353895990552444e-07,5.106203721047165e-07,1.2694997906283622e-05,0.12010531281741955,7.553540503159637e-08,0.0006518698604241048,0.0003469050872212739,4.9387422611966045e-06,6.56838215575909e-05,0.0004980661455004031
43,1.417150830647452e-05,0.7480448289873903,5.385513769019797e-05,0.0007850455192837568,0.01807236802038234,0.00051758131835992,0.001537042262600615,0.0005893796056634753,0.03417089451293975,0.001924616596141634,0.08232167856853165,5.05333756709454e-07,5.979674264069808e-07,0.0002616865952097659,0.019560439797342254,5.125528231135861e-07,3.290772832577332e-07,1.9642180213938837e-05,0.09019094945487044,6.405613911286604e-08,0.0011034104232537474,0.000223940017150297,7.688865907071459e-06,6.817162359403276e-05,0.0005306000177398014
44,3.0026937596160362e-05,0.8041651923020848,0.00011217221888654085,0.0006487282849481379,0.009772117968729878,0.0002153858968898773,0.002447242159673351,0.00025595657084504414,0.022940186797542048,0.0004303651468765972,0.10798650779784585,8.495812834881709e-07,1.4582970379896932e-06,0.000396013010009191,0.01079719242051014,1.7417288741423825e-07,2.7175385619920314e-07,2.0927755886459912e-05,0.0387469059106551,6.646043751146462e-08,0.00031076376687961014,0.00011651081860755256,5.262981257613587e-06,8.306066336364369e-05,0.0005166603254097064
45,3.2326030257086355e-05,0.7589504086371253,0.0001550960042174362,0.0005542942060418539,0.012727117618526622,0.00022434108061710934,0.0030536702928595626,0.00034696072351638737,0.03614164360381171,0.00043948930921879683,0.11507392857619354,9.138212747645352e-07,1.9158109834037997e-06,0.0003867157860186278,0.01653216514493753,2.2852091756197627e-07,3.090440150780294e-07,1.3528391823630822e-05,0.05443855798973216,7.526498172380349e-08,0.0002561978201304704,0.00012751745893607272,4.907022168101237e-06,0.00010162109617644033,0.00043607074551906797
46,6.070398369946657e-05,0.8581765957791236,0.00010418822060130289,0.0006894105099204215,0.009985228572546427,4.1313988395191135e-05,0.0011678779803426986,0.0007090667835653357,0.00802842742418012,0.0002775430910889856,0.08208485686664803,2.2274825618192088e-06,2.272775070163967e-06,0.0001699413852444823,0.008171438976986847,7.55352128038101e-08,3.4934311129113584e-06,3.7345481258396655e-05,0.028827857467631758,5.680852984296295e-08,0.00037029031188642164,0.00024732865960866825,6.410664845075966e-06,0.0003185824599693461,0.000517465359969814
47,0.00014528504312459573,0.8074529204370304,0.00011786714074680545,0.00032321554399472125,0.004430142866300123,0.00015933697067116757,0.0032834696685538193,0.00025815577361854106,0.01344068210173039,0.0002556640034304023,0.1196612957271828,2.9643421450659894e-06,1.3866283937155872e-06,0.000335530853901595,0.010588693000778221,2.0076613745093094e-07,7.30090186163733e-07,4.852232057989458e-05,0.038064567236624956,7.590759500138424e-08,0.00033847748189432523,0.00033334512989730973,5.0004186657299635e-06,0.0001107089871760375,0.0006417615596408769
48,1.7819025466553332e-05,0.9074317580080035,2.4646714720000534e-05,0.0002413840929050442,0.004265501323613413,3.414280267099826e-05,0.0011473586130112635,0.00029315880525614514,0.006548326199368282,0.00036663015327078404,0.022447767578061113,3.1612574041300423e-07,9.792462268786703e-07,0.0001398529789865681,0.007608936133801867,9.22919179969021e-08,5.408333204593151e-07,7.766629466983894e-06,0.04878827828023285,2.530941767576229e-08,0.00015490418366652232,0.0001837013412707518,3.2156698999398285e-06,7.277856887252218e-05,0.00022011909083158196
49,3.408489221928133e-05,0.7406118299253964,0.00015039440148730053,0.0007042983362231685,0.014687975698242874,0.00039113876538210873,0.00238191005409132,0.0002701478964087956,0.023808264207252794,0.0004447083559210648,0.16302723641544573,1.808587158714695e-06,1.834099857341008e-06,0.0006084779017673757,0.011415468304613575,2.2567405795246206e-07,3.246857098172557e-07,3.1972708658795225e-05,0.040302128059092175,9.746882616283201e-08,0.00039952646996319784,0.00019087173599136392,6.6583079608463455e-06,7.112505760691069e-05,0.00045749199066498963
50,2.250982380360155e-05,0.818875466010549,7.73871084975928e-05,0.0005094650635792185,0.00691507926397117,0.00021741746876411948,0.0039042280125934875,0.0002438027158537995,0.033950024379832376,0.0009501924977875306,0.039514321412580586,3.1070756342570516e-07,1.1083415295461213e-06,0.00047344834238878904,0.009630863061747548,3.649730855017954e-07,9.426806949304179e-08,8.490412385422436e-06,0.08381787740636923,5.816729086711563e-08,0.00022293663777310613,0.0001110904895723811,3.2899040957559563e-06,4.411148243507918e-05,0.0005060620478814533
51,2.7670105648196095e-05,0.8147381665187196,9.537317289171425e-05,0.0007279240509818359,0.00791029625065479,0.0001954005199189517,0.0025510607823127905,0.0002620345560889351,0.01871730151204068,0.0004408430764528669,0.11153803846687547,8.155242928726184e-07,1.373862396475704e-06,0.00039194296137342314,0.00786553927273189,1.3790271900581218e-07,2.416820350753596e-07,2.7736812895028756e-05,0.03351030215309872,7.197481459473746e-08,0.0003336818352216852,0.00012230950116642018,4.9201866564417995e-06,7.518331395514965e-05,0.00046163400405738414
52,3.531470075050558e-05,0.6441475121499611,7.375963749718367e-05,0.0005960836562358219,0.0044856305012578096,0.0012348014191602209,0.00489348710596172,0.0001020184971927104,0.020697751095195154,0.000420603078307138,0.3009608462968529,6.384422294395092e-07,1.4551665251216992e-06,0.00038129577963766067,0.008273495140285579,2.3415486228205622e-07,9.897711981431099e-08,9.445650467935816e-05,0.012826985457876744,1.5700107293465794e-07,0.00028792351805398723,0.00011396886737551743,9.797634494694038e-06,6.1733852068873e-05,0.00029995136534575226
53,4.2111494706348325e-05,0.6774153436502597,9.479220799463429e-05,0.0005628870992577664,0.0026638033443756094,0.0004050650141821111,0.010165771084759958,0.00015230918994727012,0.030440586957905698,0.00031293699177815254,0.23202899325809848,4.301686001372244e-07,1.269792496449406e-06,0.0003088696553328849,0.019237308348195734,3.2272399901781704e-07,1.284427153215353e-07,2.4497731980120586e-05,0.025178715052659464,1.400224708827482e-07,0.00022812017403897912,7.833148661286364e-05,1.1229472141788336e-05,8.685301443474831e-05,0.0005591836210560562
54,3.459956055098782e-05,0.8863340114214603,8.717727652340515e-05,0.0003687159726130099,0.0033629120527176315,0.00020375697366889313,0.003816514256887748,8.308288852558629e-05,0.021618146416185827,0.00040668523632009365,0.042942953526914025,4.6542747461466434e-07,1.1317976288454555e-06,0.0005383380464148346,0.010315699435246198,2.522227267717253e-07,8.032107525023728e-08,1.0101975421544915e-05,0.028779364934435437,5.494940800783588e-08,0.00015317740893858902,8.259327809391671e-05,3.776704792840861e-06,4.0217874722919306e-05,0.0008161900412527505
55,5.12817180986041e-05,0.7973078447670808,0.00021538862304924073,0.0007480267874756109,0.005243762844868373,0.0001371960547329784,0.003068994809843672,0.00023476937716659276,0.03920608597943176,0.00029586185952555454,0.12191493085580837,1.4757878197169019e-06,2.9518563297291666e-06,0.00031213778067990444,0.005154801611172977,7.930541232713497e-08,2.2332840659610406e-07,3.187032357033683e-05,0.024956292316758028,1.0885449241186723e-07,0.00016580995938155626,6.768758326410472e-05,2.0086277698281115e-06,9.953715804794309e-05,0.000780871829813302
56,2.837194330790473e-05,0.812822442461632,0.00011342773118627293,0.0006210809032678731,0.009431098869412902,0.00020078614508195928,0.0023811637537268825,0.00024214188893915335,0.022626242523257407,0.0004104413678160735,0.10431465755100518,8.126612961020997e-07,1.6671526856384584e-06,0.0003804524889957957,0.010046924230238183,1.5868377321662065e-07,2.673691790052641e-07,2.0206747114273536e-05,0.0354220370975958,6.832183621983801e-08,0.00027328056586877256,0.00010901364569999167,4.839962787244542e-06,8.505540309165225e-05,0.0004633605312043475
57,2.7681180096078687e-05,0.7365132065233834,0.00022392538482416462,0.0006796338678459656,0.024560124810723827,0.00015765821171859716,0.001282688805117413,0.0006325464172559534,0.043869218297470855,0.000697992071769716,0.07320704358409583,2.2590650437410615e-06,1.901398319888615e-06,0.00048440913783741145,0.012590478463506328,2.2869319709650188e-07,6.675852068260724e-07,1.3019117180622058e-05,0.10363167031851354,7.009292753370676e-08,0.0005073122753673566,0.00021549329809912712,2.7515394871290734e-06,7.904934651480308e-05,0.0006189705144969655
58,2.9282577197855848e-05,0.8278965020195422,0.00010897742475509616,0.0005848581944767287,0.009214717603197411,0.00016722553589021308,0.002277116231325726,0.0002529655542054058,0.019461216242632837,0.00040266444684727804,0.09622771033202078,7.804497074071847e-07,1.5536935153020318e-06,0.000331128154035939,0.009951148746753628,1.466136273445473e-07,3.2076996952444016e-07,2.0973705935611034e-05,0.032106918583093884,5.92787731488636e-08,0.00027851811343499464,0.0001121892937630197,5.083932966440731e-06,0.00010446316590042123,0.0004634793364318941
59,3.248271053905393e-05,0.8224564279727721,0.00013998922605454716,0.0006338300913596371,0.010004316396248991,0.00016355216344164932,0.0024256970192035013,0.00027380824739781334,0.020774061326352167,0.0003974137797778768,0.10182495244617173,8.743222021215165e-07,1.7234453433968213e-06,0.00034252719745584076,0.009702025585014654,1.4859227799407663e-07,3.4648055029536404e-07,2.312345934559047e-05,0.02978294605217582,6.519020277290795e-08,0.0002840808117828024,0.00010608833396745946,4.994010325482573e-06,0.00012767657358825113,0.0004968485664480849
60,3.0026937596160362e-05,0.8041651923020848,0.00011217221888654085,0.0006487282849481379,0.009772117968729878,0.0002153858968898773,0.002447242159673351,0.00025595657084504414,0.022940186797542048,0.0004303651468765972,0.10798650779784585,8.495812834881709e-07,1.4582970379896932e-06,0.000396013010009191,0.01079719242051014,1.7417288741423825e-07,2.7175385619920314e-07,2.0927755886459912e-05,0.0387469059106551,6.646043751146462e-08,0.00031076376687961014,0.00011651081860755256,5.262981257613587e-06,8.306066336364369e-05,0.0005166603254097064
61,3.026638742295847e-05,0.8114191968179838,0.00014866865383197402,0.0006150940037928268,0.01047551037364979,0.00017060394078919152,0.0022989789204644145,0.00025688904113615476,0.022779403996269362,0.00037220663976185935,0.10858944316259928,9.26249461631602e-07,1.706002626599066e-06,0.0003677918377254392,0.009784440152436008,1.4143052101526502e-07,3.1533815431254525e-07,2.093368302233794e-05,0.03168771739749355,6.500887590413928e-08,0.0002785502037059228,0.00010503962283266256,4.418761422603918e-06,0.00010770987930720398,0.00048398249471324546
62,3.0026937596160362e-05,0.8041651923020848,0.00011217221888654085,0.0006487282849481379,0.009772117968729878,0.0002153858968898773,0.002447242159673351,0.00025595657084504414,0.022940186797542048,0.0004303651468765972,0.10798650779784585,8.495812834881709e-07,1.4582970379896932e-06,0.000396013010009191,0.01079719242051014,1.7417288741423825e-07,2.7175385619920314e-07,2.0927755886459912e-05,0.0387469059106551,6.646043751146462e-08,0.00031076376687961014,0.00011651081860755256,5.262981257613587e-06,8.306066336364369e-05,0.0005166603254097064
63,2.6515087867493795e-05,0.8285187592830907,9.795231599303367e-05,0.0005446581050985565,0.007814071013715757,0.0001758464566875794,0.002226428377846672,0.00021900584560095708,0.02107613671611482,0.0003785323725186757,0.09583184873273619,6.716721948281835e-07,1.4002987172519094e-06,0.00032485605234311795,0.009644774060631333,1.3543608552686051e-07,2.4328020246908805e-07,1.8936580406526903e-05,0.03220565638503939,6.03373318175144e-08,0.0002523536822634267,0.00010606420753662575,4.274044682616761e-06,7.99512963416569e-05,0.00045086835895306654
64,3.0255140424696127e-05,0.7859066925672182,0.00010161876470131108,0.0006757864313050872,0.010440269455075452,0.0002271116150299328,0.002252488626859208,0.0002939813084060201,0.021137807578592422,0.00047910713152510585,0.11973280120417579,9.468348287935538e-07,1.1252633704623605e-06,0.00038285060263036484,0.01216775301453661,1.9921064254230807e-07,3.2471320328527405e-07,2.4088292411960948e-05,0.0448686780298199,6.163352354144543e-08,0.0004986484034591637,0.00013096502850772914,5.888781119482139e-06,8.37309236936081e-05,0.0005568194449393109
65,2.99284059182167e-05,0.8056836244281111,0.0001116356936645718,0.0006400773938241184,0.009590981376933956,0.00021033733052174883,0.0024468655737435114,0.00025543296155092183,0.02304261088830746,0.0004258204196746459,0.1068348058389696,8.32399431189547e-07,1.4554047093001437e-06,0.0003882489375394826,0.010788721083180887,1.711505642721881e-07,2.707129516818311e-07,2.056816503728796e-05,0.03850464549149697,6.592960128840894e-08,0.00030458715602615694,0.00011543440978977078,5.172330890274453e-06,8.346972216400938e-05,0.000514236795397411
66,2.8305888085225335e-05,0.6705959568833989,0.00021598036526799635,0.00098499471319284,0.014211025475391739,0.00047360796118999735,0.004084529756731019,0.00045941210415367415,0.08417965052539927,0.0012433492379692196,0.09411452798734664,1.1317567691623731e-06,2.725153934451089e-06,0.000655751046791494,0.008379578560847393,5.23437205097779e-07,1.351449525979022e-07,1.4903470347142345e-05,0.1193096529817725,1.8733691460494567e-07,0.00031675545860102624,0.00011436186499966074,2.8414914670646387e-06,4.602972566559063e-05,0.0005640816716057299
67,3.924905220059563e-05,0.7222810935176684,0.00015573206060500653,0.0009626113208041813,0.01227382314156125,0.0006370377767384237,0.004104592011779861,0.00015177448230122234,0.016350997004890216,0.00038398022298178947,0.19662469026631169,1.6759440754556243e-06,2.035476975597385e-06,0.001045139985632874,0.015298173251755864,4.278038536484274e-07,2.4564090089366243e-07,3.781037104532281e-05,0.028321702918757765,1.3221966441255714e-07,0.0004208112089090881,0.00013285917817480443,1.8962735960704965e-05,7.319898821816446e-05,0.0006812434182329734
68,3.445662495639042e-05,0.784881440364755,9.414189861729455e-05,0.0007064210391923035,0.007817444628264206,0.0002764596905728203,0.0026044552555426043,0.00021929217051419705,0.01724324022688368,0.0003893269830672461,0.14594291505688956,9.862354964485929e-07,1.3263202116863885e-06,0.0003741526049928423,0.010087610186791725,1.7274671845261824e-07,2.949395247181877e-07,3.537852202576201e-05,0.028156019861829494,7.992021919297395e-08,0.00036883924728301675,0.00012793382402121088,7.499808707841226e-06,8.512759773828052e-05,0.0005449842451839789
69,2.5568984860889293e-05,0.8354860640715136,0.00016671260218104186,0.0012515465364766323,0.007696798563542866,0.00013230799333206547,0.002635417619632744,0.00042776254796088607,0.030613413628929505,0.0006742500190643903,0.07954146515275942,6.918936267931545e-07,1.8758028237526765e-06,0.0002655770298323584,0.007478839573617829,1.6882761598490399e-07,3.163892261644713e-07,2.4645732461569853e-05,0.03202884413370506,1.2338609891892498e-07,0.00034807583392730074,6.672319228462325e-05,4.231887056064007e-06,0.00014657114234677902,0.000982007455122764
70,7.586465068512708e-05,0.7650762978204416,0.00042801833769534847,0.0009666081599904617,0.013671388109092627,0.000770296236781043,0.004510424785383204,7.721770103522416e-05,0.02237914180366113,0.0003165081363971793,0.1534419996509356,3.578473191900586e-06,2.6755687173274407e-06,0.0030538875769599684,0.009914449964510793,4.403442444762184e-07,1.470078154960544e-07,4.002553121344317e-05,0.02340812511879428,1.313472336487231e-07,0.0003646549372152145,0.00012730016647241333,1.0036220430928974e-05,4.9316869341039145e-05,0.001311465481760489
71,4.9592841895229796e-05,0.747253789489405,0.00012080843458042099,0.0008070405231848411,0.007128203432783339,0.00022576841624833162,0.004293650374666322,0.0003268889718025835,0.020010338564984322,0.00037349101977085405,0.1668079467064498,1.1823479700704683e-06,1.6580912124864925e-06,0.00040477288107752417,0.011427000229877783,2.3000041077833238e-07,3.6185191982336886e-07,3.4580078415822925e-05,0.03951960265815636,1.0784710942559075e-07,0.0003892009602418538,0.0001274716419718902,8.421677194649055e-06,0.00011189642166430551,0.0005759945370063385
