,0,1,2,3,4,5,6,7,8,9,10,11,12,13,14,15,16,17,18,19,20,21,22,23,24
0,3.900174079104017e-06,7.82046026813732e-09,2.559214268507332e-08,5.480381044218959e-08,6.951057026060456e-07,4.482615222959472e-09,0.02430564403557289,2.8354539990129794e-06,5.506589339274414e-07,2.1001727516520554e-13,3.4138370091114205e-05,0.9756232143058196,1.434102916248423e-05,7.417948948792477e-08,1.791238513205345e-09,1.0545458932894018e-05,3.496590454507119e-07,7.240272221952614e-07,2.1200134201248127e-08,3.5458752936732056e-09,1.5316010928251564e-07,6.136583792388447e-07,1.173871731959805e-09,4.634828730144184e-07,1.63683022943385e-06
1,3.737099003740115e-06,8.334029882228542e-09,3.2574576966743064e-08,5.7753064462059723e-08,7.289876729511837e-07,4.852645307109178e-09,0.028227982715525176,3.3236494948556354e-06,6.759006949430524e-07,3.039508264352707e-13,3.088580629066221e-05,0.9716947246000867,1.6725432831145288e-05,8.620340585171934e-08,2.0450574223067615e-09,1.6249670162326288e-05,3.7579538922946813e-07,8.650537499665218e-07,2.987529850384777e-08,4.662044439007782e-09,1.9750567733369696e-07,6.563032490329739e-07,1.308408161627096e-09,5.7911369062138e-07,2.0647576465580024e-06
2,3.523575434486061e-06,8.215570109288569e-09,2.725447914676632e-08,5.6789134669142274e-08,8.394396402090501e-07,4.329359034203515e-09,0.021548216493716868,3.2134414481151855e-06,6.448013120045181e-07,2.54335410577163e-13,3.484548167747346e-05,0.9783786267154797,1.3965067856805413e-05,1.0154709340348928e-07,2.1939238922124926e-09,1.1523723238780594e-05,3.3797632717913765e-07,7.280463587331279e-07,1.8888181986158987e-08,4.956427498721187e-09,1.5017276824060848e-07,6.633147076201732e-07,1.236068951510178e-09,4.972356646656226e-07,1.9991038760926194e-06
3,3.898963653743426e-06,7.834727509993102e-09,2.5633948776217988e-08,5.4958423786700664e-08,6.950885302127746e-07,4.443693618092185e-09,0.02423259294192839,2.8281238685992566e-06,5.437138049218429e-07,2.0873175693717223e-13,3.4051837404277976e-05,0.9756963916909018,1.4356585846810159e-05,7.37875246586085e-08,1.7802192089450017e-09,1.0525319370787972e-05,3.5104972562029426e-07,7.213096998314347e-07,2.1059851754198322e-08,3.5344901400511074e-09,1.5262246686165792e-07,6.102807642054251e-07,1.165882830472526e-09,4.6058994915597974e-07,1.6256831134786981e-06
4,4.029952305747661e-06,8.08541355542073e-09,2.8413223502757117e-08,5.425643322440452e-08,7.011370119159174e-07,4.1869144029429015e-09,0.024986702290587602,2.756668603369469e-06,5.4500742116999e-07,2.1428677496289392e-13,3.505395327568105e-05,0.9749392633994539,1.6849041313132647e-05,7.939022950480402e-08,1.6756378532761648e-09,9.93725394060132e-06,3.472905334164534e-07,7.389574798051466e-07,2.0574481184501018e-08,3.960878886547966e-09,1.6080560106500922e-07,6.349215208588862e-07,1.1126984099303578e-09,4.820893559947675e-07,1.5955754706531488e-06
5,4.546604497265109e-06,8.548892112583688e-09,3.293375177906919e-08,7.467020745654025e-08,9.710942041415547e-07,5.609666096428229e-09,0.027008893398517638,3.1451954535184806e-06,6.476577972646328e-07,2.7480495198466133e-13,3.9486383329498495e-05,0.9729080508419806,1.7924884573428926e-05,8.733576613226912e-08,1.875152287325569e-09,1.1513615752064305e-05,3.9308922989245037e-07,1.02525501508798e-06,2.4885375168299638e-08,4.91617910894134e-09,1.922485812212123e-07,6.488846362231635e-07,1.5696218628239183e-09,6.126299088844047e-07,1.7058716362161908e-06
6,3.898963653743426e-06,7.834727509993102e-09,2.5633948776217988e-08,5.4958423786700664e-08,6.950885302127746e-07,4.443693618092185e-09,0.02423259294192839,2.8281238685992566e-06,5.437138049218429e-07,2.0873175693717223e-13,3.4051837404277976e-05,0.9756963916909018,1.4356585846810159e-05,7.37875246586085e-08,1.7802192089450017e-09,1.0525319370787972e-05,3.5104972562029426e-07,7.213096998314347e-07,2.1059851754198322e-08,3.5344901400511074e-09,1.5262246686165792e-07,6.102807642054251e-07,1.165882830472526e-09,4.6058994915597974e-07,1.6256831134786981e-06
7,7.1436590048824e-06,8.446851760848127e-09,3.453503808317256e-08,7.395036197459282e-08,6.563952258248657e-07,4.564815452001242e-09,0.03630061264171131,3.006281974974242e-06,4.625693207666379e-07,1.88585992861436e-13,4.8047084996484795e-05,0.9635827444159327,4.25677553626351e-05,5.4809695471075e-08,1.9007284763045017e-09,1.0625298367032875e-05,3.5450972800175556e-07,9.62026950560818e-07,2.821618938400974e-08,5.445734454056692e-09,1.7966486931746145e-07,8.920839428608406e-07,8.901387434575219e-10,4.987834780019584e-07,1.0340693922571485e-06
8,3.1586853566810566e-06,8.665710332157502e-09,2.5612621038053035e-08,5.1127545964814636e-08,6.825564697772469e-07,2.9315860373477346e-09,0.011896847004283374,1.7621859222194377e-06,4.6702306130468563e-07,2.3095521810138465e-13,2.3989920956842858e-05,0.9880496049661366,9.871520742378432e-06,8.145384330006343e-08,1.7233047522191292e-09,9.27298613143402e-06,3.3407150687006746e-07,4.445652992312492e-07,1.1617900395873327e-08,3.2360987474737962e-09,7.766557083929046e-08,4.7253419571429027e-07,1.0196972600499918e-09,5.641829284962659e-07,2.262742899486362e-06
9,2.5568212647302596e-06,1.1853088407597363e-08,3.3381909936365285e-08,6.188712348221387e-08,7.635487430241557e-07,3.2019788622381303e-09,0.014330796088241534,2.956180818767499e-06,5.851823798224246e-07,4.2374482987456745e-13,2.5505904524689026e-05,0.9856042129965121,1.2381172572918682e-05,1.406752688735809e-07,2.025405083273739e-09,1.4591982819053753e-05,3.957886699829438e-07,6.492866030192053e-07,1.8924793722580593e-08,5.391744045751168e-09,1.3521811101711863e-07,6.066883735480012e-07,1.207339742838401e-09,6.451850156049987e-07,2.9394062743436953e-06
10,3.898963653743426e-06,7.834727509993102e-09,2.5633948776217988e-08,5.4958423786700664e-08,6.950885302127746e-07,4.443693618092185e-09,0.02423259294192839,2.8281238685992566e-06,5.437138049218429e-07,2.0873175693717223e-13,3.4051837404277976e-05,0.9756963916909018,1.4356585846810159e-05,7.37875246586085e-08,1.7802192089450017e-09,1.0525319370787972e-05,3.5104972562029426e-07,7.213096998314347e-07,2.1059851754198322e-08,3.5344901400511074e-09,1.5262246686165792e-07,6.102807642054251e-07,1.165882830472526e-09,4.6058994915597974e-07,1.6256831134786981e-06
11,4.118343152464348e-06,7.9365745014052e-09,2.734416601075361e-08,5.5328385402848834e-08,7.017621253517156e-07,4.232242632946102e-09,0.024516316016457096,2.6706862752466128e-06,5.359438237957781e-07,2.077522536181944e-13,3.446601288126069e-05,0.9754099360020739,1.6745794748891676e-05,7.222199178484514e-08,1.7495971307882788e-09,1.0399823218533217e-05,3.4659807149405456e-07,7.103993564558566e-07,2.100313571257111e-08,3.826372748551309e-09,1.5328956173272084e-07,6.316054905891777e-07,1.098200584233514e-09,4.930453800747913e-07,1.5799365086753031e-06
12,4.125917047749493e-06,8.896822271400812e-09,2.3909628082258097e-08,6.787483503252724e-08,4.964924025610025e-07,4.9780274228836535e-09,0.0292122630405613,3.3801758198104207e-06,5.467790531576767e-07,2.3530638838128897e-13,3.161941528207878e-05,0.9707141782571358,1.6827538746505043e-05,6.249698784867012e-08,2.157846530700468e-09,1.2515761023128512e-05,3.406103972062685e-07,7.416080045749773e-07,3.2669384362061616e-08,2.929868212843897e-09,1.5012384950443028e-07,7.240686282568231e-07,1.061069893296515e-09,4.0331110318217075e-07,1.4799262399984318e-06
13,1.0711863372886826e-05,1.8568605347680746e-08,8.357343857737116e-08,5.940560355657632e-07,2.4948756786851625e-06,8.487545517157699e-08,0.17283730582195883,5.3371699731787804e-06,4.7699026133716526e-06,2.489277752467496e-12,2.3838562419203536e-05,0.8269674228048781,4.858412464764373e-05,7.272954392543203e-08,7.516675828414962e-09,8.406577300362074e-05,7.445305046527761e-07,4.214756729517886e-06,2.9877220610789276e-07,1.1835297873307211e-08,5.123745397632795e-07,1.2271125249468807e-06,1.5529936355615977e-08,3.7549203646007344e-06,3.827947106707473e-06
14,3.5980396676254984e-06,7.07867315927308e-09,2.3649253791696857e-08,4.6074948280487937e-08,5.704981686246454e-07,3.9736177940889015e-09,0.022183911837242005,2.6224863758002726e-06,5.256044288991704e-07,1.919455671467772e-13,2.8322981336617332e-05,0.9777529128946013,1.281436618460373e-05,6.733491714127857e-08,1.7732359116564841e-09,1.0877214706038756e-05,3.069391960438222e-07,5.900814680553326e-07,1.7907488985095585e-08,3.2223923600257305e-09,1.1908121280592559e-07,5.79246790755431e-07,9.744324717824054e-10,4.019251035334738e-07,1.6748143655391578e-06
15,3.898963653743426e-06,7.834727509993102e-09,2.5633948776217988e-08,5.4958423786700664e-08,6.950885302127746e-07,4.443693618092185e-09,0.02423259294192839,2.8281238685992566e-06,5.437138049218429e-07,2.0873175693717223e-13,3.4051837404277976e-05,0.9756963916909018,1.4356585846810159e-05,7.37875246586085e-08,1.7802192089450017e-09,1.0525319370787972e-05,3.5104972562029426e-07,7.213096998314347e-07,2.1059851754198322e-08,3.5344901400511074e-09,1.5262246686165792e-07,6.102807642054251e-07,1.165882830472526e-09,4.6058994915597974e-07,1.6256831134786981e-06
16,4.989266366224693e-06,8.14579266703035e-09,4.619608916078421e-08,6.085217330164901e-08,1.2464111885335983e-06,6.959733361357422e-09,0.039310141059635824,2.8938215371032912e-06,8.782129875230743e-07,3.098535554544172e-13,3.776088084282303e-05,0.9606049002455016,1.8118364905745233e-05,7.926730461173369e-08,1.6414159511879427e-09,1.3585190215060745e-05,4.517150353645035e-07,1.0388576701927634e-06,2.5948062813854278e-08,5.418143125540796e-09,2.4510060334561454e-07,5.11779745152519e-07,2.1265078118876405e-09,9.078428768979538e-07,2.094695355670795e-06
17,3.939869247125118e-06,1.6454796428621384e-08,3.2382003818397254e-08,1.1468224037128877e-07,6.293477250927176e-07,9.361034612214183e-09,0.0248895252973657,6.666721827572283e-06,8.132444094558152e-07,8.398208632472594e-13,2.7235751415641002e-05,0.9750060301184678,1.3793891285933438e-05,9.159228579823448e-08,6.677188971820932e-09,4.430810422345058e-05,5.970205038778494e-07,9.116681771953909e-07,7.184796370132496e-08,4.953583892153845e-09,1.9265270984116256e-07,1.0402518179899084e-06,1.9508719136899534e-09,5.520710255617555e-07,3.414086988262176e-06
18,5.295289740539748e-06,9.44285783407475e-09,2.830755473176531e-08,1.2534191732782838e-07,1.1439598372433486e-06,7.367311155059503e-09,0.03339367763618482,3.816977313819643e-06,6.845212535755008e-07,2.586003142301625e-13,4.303058648556786e-05,0.9665138674066447,2.2276120179033668e-05,6.432678925440528e-08,2.5769507834540792e-09,1.17843156463923e-05,4.0154432490379294e-07,9.660095438275628e-07,2.9787397146339392e-08,4.9338146093154146e-09,1.5983001186969223e-07,7.947797171326582e-07,1.5292697063934873e-09,5.56489918664187e-07,1.2709190767769979e-06
19,4.838478583395838e-06,6.901021425459507e-09,2.9780863722288347e-08,2.980282172852463e-08,5.547725990915191e-07,3.5087973939220006e-09,0.02885523191368974,3.4985974172516112e-06,4.3086477227231234e-07,1.6807367074705367e-13,5.2320496671693384e-05,0.9710511428174046,1.5901593850219344e-05,8.146030034095476e-08,1.3489832759506498e-09,1.139888715113404e-05,4.163168908160694e-07,1.1138968297614967e-06,2.5609648163324303e-08,3.6867707835463957e-09,2.914633154756131e-07,5.943841588099258e-07,1.1645223929630434e-09,4.234785095277432e-07,1.658774258800988e-06
20,4.657261200826548e-06,1.0068156905399572e-08,2.4241726445203027e-08,7.729605608322498e-08,6.637017118850807e-07,5.648532066948223e-09,0.026783012097127357,4.496651661209732e-06,6.54176933906411e-07,2.8057291330348737e-13,4.4315172704844077e-05,0.9731250040982488,2.1683151433654704e-05,8.985135602077493e-08,2.6071223115909576e-09,1.0915568201597474e-05,3.5203615120044726e-07,8.686443700114371e-07,2.9050089763567876e-08,4.8597175786281696e-09,1.5635441307326802e-07,1.1209510360808368e-06,1.0955125000683485e-09,4.0685294884045475e-07,1.4485633066563322e-06
21,5.9778133730254795e-06,1.3608088547341949e-08,1.4358627251321199e-08,1.8463810038847616e-07,1.2665339988489546e-06,3.5655380775314945e-08,0.05815466275462391,7.244044104919343e-06,2.331570784335992e-06,5.360703421665476e-13,7.237073802079042e-05,0.9417205517562864,1.6831942688713882e-05,7.568331397372019e-08,9.385942998887788e-09,1.2205119252861908e-05,3.854002105771213e-07,1.109383392771785e-06,1.0249223346463796e-07,3.720852907684754e-09,1.908635910321051e-07,2.173810305456722e-06,3.2300220726362047e-09,4.83932818342443e-07,1.7715634495994551e-06
22,5.760921127977348e-06,1.166107090685338e-08,4.3090768838591533e-08,7.369435829592095e-08,8.351309868326884e-07,6.002864236657444e-09,0.02582211516892273,5.22271476139486e-06,4.7652125746822366e-07,3.9957771151791835e-13,5.08479021437383e-05,0.9740740838776688,2.0747055014402854e-05,1.0816294324378219e-07,1.916883601716965e-09,1.4297932651543432e-05,6.616738556771085e-07,1.4259980667335305e-06,3.2684950541433997e-08,5.4751795167918495e-09,2.862663925733674e-07,8.923952888072556e-07,1.607980938786229e-09,4.244943434451641e-07,1.6376501184444057e-06
23,3.898963653743426e-06,7.834727509993102e-09,2.5633948776217988e-08,5.4958423786700664e-08,6.950885302127746e-07,4.443693618092185e-09,0.02423259294192839,2.8281238685992566e-06,5.437138049218429e-07,2.0873175693717223e-13,3.4051837404277976e-05,0.9756963916909018,1.4356585846810159e-05,7.37875246586085e-08,1.7802192089450017e-09,1.0525319370787972e-05,3.5104972562029426e-07,7.213096998314347e-07,2.1059851754198322e-08,3.5344901400511074e-09,1.5262246686165792e-07,6.102807642054251e-07,1.165882830472526e-09,4.6058994915597974e-07,1.6256831134786981e-06
24,3.974566924155522e-06,2.4247024731658044e-09,2.3075440801794914e-08,9.999397149352742e-09,5.707653810087514e-07,2.3758895780914465e-09,0.024817406580483245,1.1759907276012e-06,5.252465683878592e-07,6.186261017835881e-14,2.9755112703277248e-05,0.975126770712714,9.630352671911178e-06,4.4292608355850366e-08,8.365470573223576e-10,6.991469725443727e-06,1.8358439316329184e-07,4.28395022712438e-07,6.786811850713076e-09,2.7369414365925172e-09,1.1844508980109996e-07,2.8661857789097176e-07,6.958256218937576e-10,4.665810223337797e-07,1.6223537687791447e-06
25,3.822897015025183e-06,1.0012681829389042e-08,2.1037451654016763e-08,5.6490667432359864e-08,4.661238215648811e-07,5.662591309064262e-09,0.022114386319028727,1.3830153635624045e-06,8.238319971509375e-07,2.766378202210021e-13,1.9007062487290515e-05,0.9778274645865271,1.2459802143052688e-05,5.4644468069288685e-08,3.854700776397345e-09,1.4690310205819909e-05,3.4386470610151593e-07,3.4301150580085854e-07,3.216714601600759e-08,2.2268888285762996e-09,9.524652798754364e-08,7.37145747645933e-07,1.3169713010132634e-09,7.680989885365093e-07,3.021270090483098e-06
26,4.913034195773391e-06,6.4858234994415465e-09,3.942620072904281e-08,5.824752410850359e-08,1.321250745314188e-06,5.171334498241603e-09,0.025854800367562474,1.7877335461790939e-06,8.576550378659056e-07,2.26476083083887e-13,3.399193850802145e-05,0.9740706353318286,1.7120783776365392e-05,8.406027576579298e-08,1.3952858186854014e-09,9.438017515832546e-06,3.1655785958482287e-07,9.375951833488088e-07,1.5511341014407986e-08,5.509351396046228e-09,1.6090092016689807e-07,4.5551524898277126e-07,1.8359808382258255e-09,1.0292444828512739e-06,2.0164302443221634e-06
27,4.102703271284549e-06,8.246033897388843e-09,1.8913823965190615e-08,7.817958246667045e-08,6.701204160649878e-07,6.583665734554304e-09,0.023286618217379533,3.3615964114764666e-06,7.855180893446555e-07,2.492838440142484e-13,3.238177062819474e-05,0.9766417244002247,1.4710078321374727e-05,6.827298778486112e-08,2.764743488208773e-09,1.1351156675136354e-05,2.8433756584841316e-07,6.856818786458416e-07,2.5028034440835483e-08,3.730547366662711e-09,1.0111470753524508e-07,9.217549636998195e-07,1.2055045905157694e-09,4.6142990684973064e-07,1.6271943870975055e-06
28,3.898963653743426e-06,7.834727509993102e-09,2.5633948776217988e-08,5.4958423786700664e-08,6.950885302127746e-07,4.443693618092185e-09,0.02423259294192839,2.8281238685992566e-06,5.437138049218429e-07,2.0873175693717223e-13,3.4051837404277976e-05,0.9756963916909018,1.4356585846810159e-05,7.37875246586085e-08,1.7802192089450017e-09,1.0525319370787972e-05,3.5104972562029426e-07,7.213096998314347e-07,2.1059851754198322e-08,3.5344901400511074e-09,1.5262246686165792e-07,6.102807642054251e-07,1.165882830472526e-09,4.6058994915597974e-07,1.6256831134786981e-06
29,3.898963653743426e-06,7.834727509993102e-09,2.5633948776217988e-08,5.4958423786700664e-08,6.950885302127746e-07,4.443693618092185e-09,0.02423259294192839,2.8281238685992566e-06,5.437138049218429e-07,2.0873175693717223e-13,3.4051837404277976e-05,0.9756963916909018,1.4356585846810159e-05,7.37875246586085e-08,1.7802192089450017e-09,1.0525319370787972e-05,3.5104972562029426e-07,7.213096998314347e-07,2.1059851754198322e-08,3.5344901400511074e-09,1.5262246686165792e-07,6.102807642054251e-07,1.165882830472526e-09,4.6058994915597974e-07,1.6256831134786981e-06
30,3.898963653743426e-06,7.834727509993102e-09,2.5633948776217988e-08,5.4958423786700664e-08,6.950885302127746e-07,4.443693618092185e-09,0.02423259294192839,2.8281238685992566e-06,5.437138049218429e-07,2.0873175693717223e-13,3.4051837404277976e-05,0.9756963916909018,1.4356585846810159e-05,7.37875246586085e-08,1.7802192089450017e-09,1.0525319370787972e-05,3.5104972562029426e-07,7.213096998314347e-07,2.1059851754198322e-08,3.5344901400511074e-09,1.5262246686165792e-07,6.102807642054251e-07,1.165882830472526e-09,4.6058994915597974e-07,1.6256831134786981e-06
31,4.2277883109730915e-06,8.500746346982459e-09,3.134653505872176e-08,3.8690706975581875e-08,4.838208507096773e-07,3.2586933359160733e-09,0.021490895247798743,3.6161493610799512e-06,3.646992412112801e-07,2.225116112139351e-13,3.496836412675067e-05,0.9784348877046917,1.4750631581086034e-05,7.54687475867706e-08,1.2645779358087763e-09,1.180006948300858e-05,4.0762146031822e-07,8.384847975870078e-07,1.941791077717803e-08,3.388662685012036e-09,1.7006882430390934e-07,5.879426561990107e-07,8.590661529222827e-10,3.37425491114421e-07,1.4817854558606547e-06
32,4.191499321200174e-06,8.63691876064914e-09,2.7030113075033114e-08,6.259064081636145e-08,7.235684276734064e-07,5.045182728544201e-09,0.025887606673936334,3.0615376476303256e-06,5.939994280610698e-07,2.424391832000711e-13,3.5828128819222335e-05,0.974035686522294,1.581788672240079e-05,7.519813736319385e-08,2.0972879919230707e-09,1.201049899530946e-05,3.8376233528208896e-07,7.827491207236424e-07,2.6903088244193326e-08,3.756763051576161e-09,1.7253541297371174e-07,6.863521621664253e-07,1.3055574087561574e-09,5.09800412431261e-07,1.7319210325632993e-06
33,3.409195785740904e-06,9.590614628926505e-09,3.851461926684631e-08,7.105182599058528e-08,1.3588032057926665e-06,9.220485585839593e-09,0.03165527857017447,3.542190660574022e-06,1.5757126707058444e-06,5.208947283879501e-13,3.332123045083157e-05,0.9682665909102445,1.134101481512062e-05,1.7011630274538663e-07,3.9544000029266555e-09,1.616158123541393e-05,3.799497366043418e-07,9.542876847178589e-07,2.9417267605953253e-08,6.890637066779151e-09,2.3767617637516073e-07,6.642121190815948e-07,2.9910764924610305e-09,8.880915535334472e-07,3.954825736404003e-06
34,6.898758457065845e-06,6.526816652034073e-09,3.021657447886786e-08,5.776303661771125e-08,7.301266843458652e-07,4.745571731809441e-09,0.031657762521062185,2.6225110764199096e-06,5.542574659186778e-07,1.584596636213487e-13,4.883428577298895e-05,0.9682458908471868,2.3990693993976648e-05,5.65243380603421e-08,1.925761118160321e-09,8.712587354322872e-06,3.2351267366027475e-07,9.394233096850523e-07,2.4612822497925035e-08,3.820831926474519e-09,1.727267112964166e-07,6.981408729841508e-07,1.048963784216126e-09,5.052433510547627e-07,1.1771791520319097e-06
35,3.262262723288277e-06,1.0563689260640521e-08,3.293611657976288e-08,8.353323590565193e-08,1.263651668003138e-06,4.387250204767322e-09,0.02624367345106328,2.3539868846543487e-06,6.194741336617993e-07,2.5051692509636666e-13,3.759541412050299e-05,0.9736770989360076,1.7846661438889254e-05,1.0884308057636752e-07,2.7931176822415804e-09,1.1181986512137368e-05,4.4027814801731296e-07,6.21848575222054e-07,2.151710310795698e-08,5.9629118033110115e-09,2.03326057422043e-07,5.607341036190565e-07,1.6950328699704747e-09,7.09743795250249e-07,2.2960129802820736e-06
36,3.9184618823742855e-06,7.798777584238845e-09,2.5795540110880375e-08,5.51173885129666e-08,7.070874447061172e-07,4.469579028554259e-09,0.024393926585965245,2.8036921044425418e-06,5.476894199682923e-07,2.0763423209141173e-13,3.441216727593234e-05,0.9755347893638893,1.435507943753166e-05,7.407017507467253e-08,1.779958365017616e-09,1.041336458646571e-05,3.5044786114851975e-07,7.265693364843711e-07,2.0992606910123986e-08,3.549876893117177e-09,1.542715421477799e-07,6.03121316430766e-07,1.1850434997024575e-09,4.675011713490017e-07,1.629837612927058e-06
37,5.414589576653818e-06,5.445789991156008e-09,3.5381694540714084e-08,4.291583476416479e-08,8.219674366621996e-07,3.7307007885990434e-09,0.030265828150667175,1.7018269310676164e-06,5.718834629646246e-07,1.4776480709065316e-13,3.622283709612087e-05,0.9696569652073207,2.0616177646825304e-05,6.544168504455247e-08,1.0800500679764018e-09,7.764980707996876e-06,2.826513540392914e-07,9.139355595762653e-07,1.579254675952647e-08,4.044566152546326e-09,1.6844875807168053e-07,4.537277113863941e-07,1.1519172004150518e-09,6.909368178976025e-07,1.4076940197068516e-06
38,7.038210543058134e-07,4.476231249859262e-09,6.045495873559478e-09,2.1078248051662824e-08,5.692895589387969e-07,5.867776578442866e-10,0.002193082068037247,1.032297838847327e-06,2.776639365072461e-07,5.3358065520082705e-14,2.1903184796655206e-05,0.9977784333559665,1.121781758247238e-06,1.730837145216132e-07,4.053595837256292e-10,8.328785798131182e-07,1.112267157963669e-07,1.5463179469864873e-07,1.0739930658099908e-09,7.120149496832964e-10,2.2710233062841822e-08,1.5260114066269318e-07,3.9809795780997053e-10,1.7455940572650281e-07,1.2200691967074682e-06
39,3.879466000817215e-06,7.925584955868582e-09,2.555167519967155e-08,5.789159984946026e-08,7.424873238794317e-07,4.458310851282006e-09,0.024193650887196418,2.635967258928827e-06,5.741162990906811e-07,2.070059113449008e-13,3.421137333957901e-05,0.9757354813625252,1.4470141567693727e-05,7.577467156068053e-08,1.888219916819172e-09,1.0157931754758104e-05,3.4655329218323453e-07,7.012523997962478e-07,2.096180384817215e-08,3.6104314701757453e-09,1.500041711752709e-07,6.07137997481346e-07,1.214455477117454e-09,5.007103240492488e-07,1.6913315889714526e-06
40,3.925009134313802e-06,7.964747728237287e-09,2.5908896877238563e-08,5.6685094759198785e-08,7.059207165558175e-07,4.582845577561697e-09,0.02470435157966911,2.921151815235511e-06,5.56117375649347e-07,2.1660060978737642e-13,3.446052146135768e-05,0.9752234434295521,1.4586192907219474e-05,7.479663630524761e-08,1.8110559953200798e-09,1.0855586791156762e-05,3.5537869002268175e-07,7.48486552214332e-07,2.2012006296204534e-08,3.6213969414682492e-09,1.570967824277448e-07,6.211317647718672e-07,1.201969477928796e-09,4.707197062502295e-07,1.6430922149931823e-06
41,4.16195618886596e-06,7.571042138414735e-09,1.9084160081500384e-08,1.568230809418439e-07,1.2185024586936781e-06,8.059855451015187e-09,0.019772376735003178,2.7959297215551423e-06,8.473461558700874e-07,2.3470669330514816e-13,2.9340369336971356e-05,0.9801636239172881,1.1566283857760021e-05,5.75942699181956e-08,4.514995136714471e-09,1.0232896192802577e-05,2.655347617750427e-07,5.487618603507289e-07,1.83339488616593e-08,3.8346595413401e-09,6.258411783817436e-08,6.506581413580593e-07,1.4940980028822989e-09,4.910130752437577e-07,1.540201494869729e-06
42,4.3517449831955795e-06,5.406888541333912e-09,5.107476549305012e-08,5.037653984497991e-08,1.6469244092098816e-06,4.180047710974621e-09,0.034348581898862626,1.6839040183624586e-06,8.321545712646421e-07,1.729471914948241e-13,4.746092595770867e-05,0.9655722483723893,1.242667976701374e-05,1.509468813083252e-07,9.46049341062329e-10,5.177249899133249e-06,2.7961965447207933e-07,1.471647316641197e-06,1.224702944778458e-08,4.7000021445926465e-09,3.236290798014813e-07,2.1091499350939265e-07,2.956062924564545e-09,9.89342527066282e-07,2.03215713067702e-06
43,5.00722552361338e-06,1.41818578588789e-08,3.880245395740732e-08,1.2588010623982298e-07,1.202579399492444e-06,1.3409144694922905e-08,0.035099259859381,7.569968744816772e-06,1.2117500603340578e-06,8.299124705319372e-13,4.983029549731866e-05,0.9647850353520909,1.9882739445396424e-05,1.4272790809542553e-07,4.736316928302283e-09,2.3469202707782297e-05,5.963314619653283e-07,1.55618527754182e-06,6.544770774748339e-08,7.678091441966916e-09,3.3276689497381185e-07,1.3070058467067158e-06,2.860007852239054e-09,7.027441467830721e-07,2.620269096703823e-06
44,3.898963653743426e-06,7.834727509993102e-09,2.5633948776217988e-08,5.4958423786700664e-08,6.950885302127746e-07,4.443693618092185e-09,0.02423259294192839,2.8281238685992566e-06,5.437138049218429e-07,2.0873175693717223e-13,3.4051837404277976e-05,0.9756963916909018,1.4356585846810159e-05,7.37875246586085e-08,1.7802192089450017e-09,1.0525319370787972e-05,3.5104972562029426e-07,7.213096998314347e-07,2.1059851754198322e-08,3.5344901400511074e-09,1.5262246686165792e-07,6.102807642054251e-07,1.165882830472526e-09,4.6058994915597974e-07,1.6256831134786981e-06
45,2.8244730345159126e-06,7.907193604068238e-09,2.581198377104525e-08,2.7836003427413285e-08,5.446415702882471e-07,2.5848499503428306e-09,0.015938463714456133,2.0013596044558706e-06,3.790432038317407e-07,1.776458410189662e-13,3.207735244433488e-05,0.9840017636796786,9.717539298644727e-06,1.0404381385982126e-07,9.741282298169865e-10,7.857506948376017e-06,3.886428925302818e-07,6.461886315255001e-07,1.3834245942292291e-08,2.8671830373894593e-09,1.797568035213436e-07,4.575946829495603e-07,1.075849507097189e-09,4.451639090708211e-07,2.0664074123258112e-06
46,3.5823621984107518e-06,7.0153412537185845e-09,3.5383522843650024e-08,5.923607854124514e-08,1.0221546447178229e-06,6.465111052694895e-09,0.040759792165753386,3.890139752548422e-06,1.1591990615072246e-06,3.201355544273891e-13,4.022210181807035e-05,0.9591547073583392,1.7141985110388842e-05,1.3347724033019337e-07,1.997410698710018e-09,1.2729001140857424e-05,2.672527496832571e-07,1.3558029770835777e-06,2.9418493211230156e-08,6.628201022678797e-09,2.7854788819242506e-07,6.033919675744987e-07,1.8815480686433087e-09,7.480530155965509e-07,2.2189803157007797e-06
47,3.6045704079920455e-06,6.5205930670511424e-09,1.1965644900207249e-08,2.550650179397251e-08,2.504390347898225e-07,2.157316727941501e-09,0.014428568345065021,1.4234574417540538e-06,2.736722114756802e-07,8.212704171933855e-14,2.0318894334075632e-05,0.9855207526197631,1.3798866024059935e-05,2.67052694342114e-08,1.0581115784943853e-09,8.357025326452844e-06,2.2276265218074852e-07,2.711560334545905e-07,1.1392601020100285e-08,1.6502507156313247e-09,5.227644080095485e-08,6.622302836980608e-07,3.652011386831768e-10,3.0702010727952545e-07,1.049343301555028e-06
48,5.209182144095255e-06,2.013392266999937e-08,2.5985897092516732e-08,1.1541318015375826e-07,4.857383800730039e-07,8.534566186550325e-09,0.027910447963109663,6.5917077769316526e-06,5.013716814336445e-07,5.211975712418178e-13,3.780739346823105e-05,0.9719991779597317,1.800628115032734e-05,8.445194381374982e-08,3.0315613648637307e-09,1.6221017955734873e-05,7.590782953626148e-07,9.359453211953892e-07,5.4998735620414186e-08,2.9717984441821488e-09,1.945110267593471e-07,1.4598919704745425e-06,1.5737152876783738e-09,3.028471107338507e-07,1.5820150353958616e-06
49,3.733693043228431e-06,5.8922535244804405e-09,2.2624078666088154e-08,4.038931490525487e-08,5.972579444561489e-07,3.732054142684626e-09,0.019521371163320738,2.270548131708612e-06,4.394476346256909e-07,1.4508878201854146e-13,3.068528581506491e-05,0.9804174545523756,1.2492163326777856e-05,5.885933684797109e-08,1.1957418013173602e-09,7.686152461758873e-06,2.7004832339154523e-07,5.963785215503312e-07,1.2028099031605629e-08,3.072770436451459e-09,1.0334484215260044e-07,4.9505086339849e-07,8.69907562259469e-10,3.653087092778134e-07,1.2909409844079603e-06
50,4.112094058184921e-06,1.0672862467945449e-08,3.039469913991504e-08,8.055006567478954e-08,6.518145291583372e-07,7.833235046933297e-09,0.038491845232566615,5.401364123133289e-06,8.350578095320962e-07,4.205275577144531e-13,3.608333395285961e-05,0.9614211703583262,2.000080515731711e-05,1.0178577274476357e-07,2.3692292068308172e-09,1.4763542466415047e-05,3.919738111809963e-07,1.0787007105057665e-06,4.157987357237583e-08,4.716780747835227e-09,2.2678085538367183e-07,9.94242201612407e-07,1.54648571193174e-09,4.4252704601784445e-07,1.7207229610443147e-06
51,3.4558288856867604e-06,1.0914244280203812e-08,2.0930515595250903e-08,7.723118103122936e-08,5.521327513755682e-07,4.2884712655898695e-09,0.018184332281547765,3.663891636951026e-06,4.7124675546248144e-07,2.529133632216014e-13,3.2715798595316206e-05,0.9817475841638514,1.336752952501445e-05,8.199407989672291e-08,2.184480997808162e-09,9.90214658267997e-06,3.472797853031708e-07,6.531348224430466e-07,2.1884423255248173e-08,3.208328880851593e-09,1.1065470524300954e-07,7.773272654186967e-07,9.744243831482261e-10,3.413370973547309e-07,1.5016357900133653e-06
52,4.653155381459287e-06,8.77298332728191e-09,2.9170856361282373e-08,7.228684143485416e-08,7.71031627352409e-07,5.9393080445101016e-09,0.026624962515234427,3.734601792465596e-06,6.677709812710734e-07,3.0367397480637903e-13,3.8990631611640496e-05,0.9732900529953559,1.7653891070207453e-05,8.417806899761411e-08,2.347284174972353e-09,1.3624707095618493e-05,3.8796309857290265e-07,9.927907048499997e-07,3.026205230963767e-08,4.5671562040709196e-09,1.8042984804204758e-07,7.93231445758967e-07,1.4181096890682853e-09,5.308154499552487e-07,1.76452633836597e-06
53,9.160101551904805e-06,3.5235634839737334e-08,7.333481204845872e-08,3.053520780297074e-07,1.6645691294211427e-06,7.930552463213241e-09,0.014129509475458539,8.04662080864944e-06,8.277484898921447e-07,1.895519879354225e-12,7.538966455715156e-05,0.9856942898911553,4.259076205212082e-05,2.7295234957155186e-07,5.631622259086748e-09,2.672227928514831e-05,1.270019700298724e-06,2.9210455557910524e-06,9.988538586030628e-08,1.2506231668942795e-08,4.4210109624015165e-07,2.3095078091917466e-06,2.8244045348038564e-09,1.2498105530679428e-06,2.7907478303114374e-06
54,1.491098074800981e-05,8.369681168885973e-09,6.077554699309022e-08,1.764172237606296e-07,2.4046167188115902e-06,1.6774135881766935e-08,0.0810157365632538,5.913455018885424e-06,8.744969801513743e-07,3.228218195543016e-13,0.00013825769228353286,0.9187529126426454,5.1096266665414265e-05,8.551560583721298e-08,2.030271325510519e-09,9.015248003966384e-06,7.131714088855336e-07,4.382374497547204e-06,6.164553220070965e-08,8.308488200106988e-09,6.731933091818956e-07,9.727697105904585e-07,4.011848466240967e-09,8.310173179310221e-07,8.816627814679203e-07
55,3.864521679259069e-05,2.637932848458184e-06,1.536225129575506e-06,3.8772941558944365e-06,5.278418900549459e-06,2.0284866500426406e-07,0.08294411247298052,0.003299447475432214,3.3874788209645202e-06,1.652345375356755e-09,0.0010219120866897947,0.9104077433054701,0.00029861974802656904,3.1423239034433544e-05,5.672357322187392e-07,0.0013804508686261706,0.00014282868588725306,0.00012278171571998903,1.7747268874862192e-05,6.269586008824505e-07,6.719102176217792e-05,0.00017286749102264444,6.724488336968466e-08,7.458897882957777e-07,3.530022381020086e-05
56,4.045614345522408e-06,7.859548681032397e-09,2.6146644909354483e-08,5.4376061594825856e-08,6.836647939704302e-07,4.434111717990797e-09,0.024674469364430726,2.755362214965279e-06,5.442220301583524e-07,2.061916204866987e-13,3.445923471447144e-05,0.9752534789324919,1.5278729053249403e-05,7.265245378316232e-08,1.7443499708887608e-09,1.0191745750281004e-05,3.475714117885302e-07,7.185482042409952e-07,2.1056567099444152e-08,3.569765067178427e-09,1.5277313081924683e-07,6.244881168942241e-07,1.1449436221860255e-09,4.6734916035596775e-07,1.5894154981276702e-06
57,6.890124082493844e-06,4.778433519477537e-09,2.926115899746127e-08,1.192873480952405e-07,3.046219153002364e-06,2.1277643363709448e-08,0.03623956539284477,3.789536175672759e-06,1.7532032583457158e-06,2.71028139877888e-13,5.8544824952261586e-05,0.9636691400403165,6.222165918590004e-06,1.2545649396596503e-07,2.698249186145162e-09,5.521227381196785e-06,3.3532843758662905e-07,1.8367488324892058e-06,1.0026598269967163e-08,4.988260021712658e-09,1.2067648951209406e-07,4.2166129032254633e-07,6.100545965596435e-09,5.899978907681381e-07,1.8989779739791167e-06
58,4.089087956788222e-06,7.525665897019155e-09,2.7278936640890958e-08,5.742570569445597e-08,8.147223499895296e-07,4.544101117646318e-09,0.025041596753245802,2.2959875780245717e-06,6.312648377093271e-07,2.043175863367105e-13,3.453295871735549e-05,0.9748845132961288,1.6682260637720662e-05,7.124978553577378e-08,1.8406460549755733e-09,1.0456148782803472e-05,3.195785453195583e-07,7.145893432052159e-07,2.1492335069468414e-08,4.093782184679046e-09,1.5470978215166563e-07,5.872487149154714e-07,1.2822173422583887e-09,6.476808813588249e-07,1.7669791180784313e-06
59,3.825783386306372e-06,7.837390193527434e-09,2.96747122676175e-08,5.33962374224142e-08,8.235971456686492e-07,4.281559940057769e-09,0.024268753549461054,2.4537809423634252e-06,6.058321545314616e-07,2.232465380560994e-13,3.368037843282116e-05,0.9756591359032355,1.5430927922392143e-05,8.258032015196042e-08,1.7223924096344677e-09,1.0782722537973792e-05,3.4577426490070314e-07,7.425414266756512e-07,2.008783951324087e-08,4.263883846435315e-09,1.674554814352369e-07,5.631992165665669e-07,1.2890404692071376e-09,6.070741532086793e-07,1.8763466391167002e-06
60,3.898963653743426e-06,7.834727509993102e-09,2.5633948776217988e-08,5.4958423786700664e-08,6.950885302127746e-07,4.443693618092185e-09,0.02423259294192839,2.8281238685992566e-06,5.437138049218429e-07,2.0873175693717223e-13,3.4051837404277976e-05,0.9756963916909018,1.4356585846810159e-05,7.37875246586085e-08,1.7802192089450017e-09,1.0525319370787972e-05,3.5104972562029426e-07,7.213096998314347e-07,2.1059851754198322e-08,3.5344901400511074e-09,1.5262246686165792e-07,6.102807642054251e-07,1.165882830472526e-09,4.6058994915597974e-07,1.6256831134786981e-06
61,3.894416042735621e-06,7.420354058017455e-09,3.001917530266554e-08,5.079658711111391e-08,8.296708975104092e-07,4.304233943691055e-09,0.02442308417498478,2.3665585675295973e-06,6.162743727151531e-07,2.1505966619141284e-13,3.4302848142286476e-05,0.9755054676048693,1.4870966909279443e-05,8.175684141077403e-08,1.6246080071601796e-09,1.010196598353562e-05,3.3708696778532503e-07,7.563930722323747e-07,1.950928883806675e-08,4.073244315047247e-09,1.6941939969075284e-07,5.352546876676994e-07,1.3114394050317663e-09,6.156061699235032e-07,1.8509429455453318e-06
62,3.898963653743426e-06,7.834727509993102e-09,2.5633948776217988e-08,5.4958423786700664e-08,6.950885302127746e-07,4.443693618092185e-09,0.02423259294192839,2.8281238685992566e-06,5.437138049218429e-07,2.0873175693717223e-13,3.4051837404277976e-05,0.9756963916909018,1.4356585846810159e-05,7.37875246586085e-08,1.7802192089450017e-09,1.0525319370787972e-05,3.5104972562029426e-07,7.213096998314347e-07,2.1059851754198322e-08,3.5344901400511074e-09,1.5262246686165792e-07,6.102807642054251e-07,1.165882830472526e-09,4.6058994915597974e-07,1.6256831134786981e-06
63,3.7720860353918736e-06,8.831344184379143e-09,2.5080094218383815e-08,5.55995167850658e-08,6.594791817977356e-07,4.334836133322737e-09,0.022629128947280284,2.8207898512579896e-06,5.219754216079977e-07,2.2032753802571483e-13,3.3081009919040135e-05,0.9773011526512753,1.3926904752725884e-05,7.45530460271018e-08,1.841678978256592e-09,1.0749138446926703e-05,3.729430674339274e-07,6.712730171735696e-07,2.1920776799670607e-08,3.3605468242321292e-09,1.5089157439542499e-07,6.363406988241981e-07,1.152410485530992e-09,4.609155608457962e-07,1.6979794464757791e-06
64,4.117635516414559e-06,8.370209105008887e-09,3.242886162114126e-08,5.0307843272154646e-08,8.055218522575764e-07,4.372925369602603e-09,0.027887085225562214,2.9717592354312974e-06,5.562082460420562e-07,2.310955210485462e-13,3.982483188105957e-05,0.9720330616856081,1.604830156436611e-05,9.038049796137164e-08,1.6255693109572047e-09,1.0864877679079909e-05,4.246591056986918e-07,8.833187451842644e-07,2.4241904686194482e-08,4.085035056406882e-09,2.3471283485853634e-07,5.997966816573817e-07,1.3696496123359937e-09,5.310362691097246e-07,1.7732464913208955e-06
65,2.9285221960388844e-06,7.472204629178854e-09,2.4594095333760262e-08,3.7905506187019856e-08,5.772103217840569e-07,3.0203504139548814e-09,0.02010365799216615,2.3604090215351667e-06,5.558375177996032e-07,1.9645126576117575e-13,2.727365474786895e-05,0.9798357159476195,1.308654086500265e-05,8.904664555851265e-08,1.4544187065172496e-09,9.741256440095164e-06,2.7467752588291193e-07,5.623081214173359e-07,1.5170679066755197e-08,3.776114093070728e-09,1.2539369830574155e-07,5.661359891869242e-07,8.710768483681057e-10,4.777194622217664e-07,1.913083019899928e-06
66,3.932395246917038e-06,7.761771540455387e-09,2.6360882896856566e-08,5.451430274090638e-08,6.953573886240982e-07,4.326750234971671e-09,0.024744993553620576,2.8673885611644e-06,5.370779350073962e-07,2.077507900168016e-13,3.412734305591358e-05,0.9751829412836245,1.513890511989049e-05,7.396481193122723e-08,1.7405753512885557e-09,1.0673220227115994e-05,3.4720319641409285e-07,7.341188147429952e-07,2.0832723373543094e-08,3.7016519591250857e-09,1.545126052406128e-07,6.125426101651022e-07,1.1257899603288435e-09,4.584915863888106e-07,1.5922769397282462e-06
67,3.898988764001181e-06,7.834846884829151e-09,2.5634880840037513e-08,5.495905538918597e-08,6.951056873893608e-07,4.443708878539447e-09,0.024232829923436876,2.8281607095523925e-06,5.437168186972397e-07,2.087380173509433e-13,3.405223452729043e-05,0.9756961536031823,1.43569574412624e-05,7.378987417300477e-08,1.7802201647636047e-09,1.0525499920726584e-05,3.5105638473661954e-07,7.213308564826998e-07,2.106006233736593e-08,3.5346475721718406e-09,1.5262791912719254e-07,6.102825642263444e-07,1.1659092522214927e-09,4.605995803160418e-07,1.6257087927262552e-06
68,9.141793110810778e-06,1.8869552436849903e-08,2.552980156315088e-08,9.258224048467638e-08,4.215904786890229e-07,9.06659261315249e-09,0.034149997232243316,1.3698927645975356e-05,4.1960549788529994e-07,5.017384643323917e-13,7.454157106434226e-05,0.9656927434982242,2.346662031696866e-05,6.256765038646301e-08,4.160050523428588e-09,2.824136257779916e-05,1.0457441524390374e-06,1.7632936352613721e-06,1.3347473504510897e-07,2.8839787432493933e-09,4.0217362023272983e-07,2.2855743429944583e-06,1.2583023571604528e-09,2.6026802781694256e-07,1.2203516553853772e-06
69,4.043151819945607e-06,7.56439188682164e-09,2.1600690878272644e-08,5.659407905889234e-08,6.583636636406863e-07,4.470422894203497e-09,0.022980666512684534,2.463210059470607e-06,5.182554644823796e-07,1.752152063540773e-13,3.2667588764389026e-05,0.9769525255665048,1.3091144391266214e-05,5.921578910578851e-08,1.906030530043638e-09,9.581840564216276e-06,3.4107120997464605e-07,5.969515433754909e-07,2.015398134640774e-08,2.8063449678614975e-09,1.2389621604429988e-07,6.037057655518762e-07,1.0935389637000294e-09,4.3940925997672137e-07,1.503926643658354e-06
70,3.867851264683616e-06,7.730042535986765e-09,2.5396742940045767e-08,5.580080482962313e-08,7.027436858819776e-07,4.415710816553162e-09,0.024231801293284918,2.8030341532573835e-06,5.435268722211794e-07,2.0340016420712452e-13,3.3876161177973914e-05,0.9756978840229811,1.4322199123402804e-05,7.344151574993997e-08,1.7696882786934654e-09,1.0162982522041796e-05,3.42561323505752e-07,7.084050879325568e-07,2.0250258135927876e-08,3.534067840784169e-09,1.4747891473685087e-07,6.020035736833343e-07,1.1504750552285644e-09,4.521494842313093e-07,1.5900970408427786e-06
