,0,1,2,3,4,5,6,7,8,9,10,11,12,13,14,15,16,17,18,19,20,21,22,23,24
0,6.20445231265612e-05,3.374156655011231e-07,9.583389205622277e-08,6.848858830082907e-07,7.812191992582865e-05,5.269605661578279e-05,0.4107063617649707,2.528363385711016e-05,0.001930456653724087,2.078472031494772e-10,0.0025626124464488555,0.5840097381964916,5.5932016471629164e-06,4.506850808882721e-06,8.54167602847824e-06,1.323837544946721e-05,3.5861130637663517e-06,3.3086330704842118e-06,1.0706488242868656e-05,6.958811582970157e-09,6.707625444642687e-06,9.135391143472182e-05,1.0674350529970673e-06,6.261743864825176e-06,0.0004166874486316335
1,5.1519500790568756e-05,3.168072457084544e-07,1.1641929590870518e-07,6.665981726830278e-07,7.45010728583394e-05,5.6638061984892935e-05,0.4819870219593841,2.7490850866155808e-05,0.0025452854842541012,3.098988751171719e-10,0.0019993314170869783,0.5126114850878596,6.3606986324879e-06,5.101196110042878e-06,8.673633715671622e-06,1.8609673488073132e-05,2.9828978798022786e-06,3.918075172451683e-06,1.4958426179653135e-05,8.972426471379024e-09,8.314142323286178e-06,8.921799549817974e-05,1.0872801466990865e-06,7.540417514960286e-06,0.00047885302121432566
2,5.5704717451265383e-05,3.991818865846098e-07,1.1170717501260991e-07,6.732242843122075e-07,9.973583301086999e-05,5.1313445821874556e-05,0.3637321563207895,3.1612058025093046e-05,0.0025655434859687396,2.913853178759836e-10,0.0028184401824595915,0.6298779057682338,5.480529141001713e-06,7.6054067287672855e-06,1.1139302107957394e-05,1.4317526529660225e-05,3.380308008507667e-06,3.263337860600723e-06,9.442679429914557e-06,1.0275753052120602e-08,6.842027427094662e-06,0.00010977723186909759,1.0529127875144349e-06,6.674005994975044e-06,0.0005874182398700631
3,6.20133668688403e-05,3.369836862955089e-07,9.565720601152976e-08,6.849295208304336e-07,7.798098221488715e-05,5.180329950235706e-05,0.40884005517017125,2.505995047065985e-05,0.0018894455363763524,2.0424455428681595e-10,0.0025476143230560864,0.5859400209621818,5.5898219920458935e-06,4.446433230007177e-06,8.428273609902435e-06,1.320653861314897e-05,3.615244362234343e-06,3.2817306938252563e-06,1.0569518798500428e-05,6.901664563501227e-09,6.66716065185419e-06,9.025961290462434e-05,1.0578210762967587e-06,6.235203700218874e-06,0.00041152437320268704
4,5.943323979616517e-05,3.4870405739706617e-07,1.0377130599872415e-07,6.356353137417676e-07,7.519666674661894e-05,4.425116406938267e-05,0.4085282376735375,2.472086496295031e-05,0.0018044486974417898,2.0534892043352752e-10,0.0024958900599018606,0.5864226696710748,6.521563476358911e-06,4.9041323901164045e-06,7.19654444765095e-06,1.2423300348071837e-05,3.5051624748395117e-06,3.2972084409171635e-06,9.71544876960138e-06,7.90589326839518e-09,7.0037620053807395e-06,9.249492686607464e-05,9.35809691683906e-07,6.3682597111885925e-06,0.00038968962192781874
5,6.520366575726153e-05,3.283654590524969e-07,1.1489864787740307e-07,9.029540773319821e-07,9.741635494014976e-05,5.844800895498426e-05,0.44878689880429323,2.7440603376179645e-05,0.001985632681950689,2.5654802718631544e-10,0.002709437177682543,0.5457407386145153,6.466452445895735e-06,5.2415971352351645e-06,7.57210623637621e-06,1.3914110672579792e-05,3.954565235175537e-06,5.370338151211926e-06,1.216561555622844e-05,9.472060306495826e-09,8.519904378513083e-06,8.11649141008901e-05,1.4688161792155076e-06,7.670582277019948e-06,0.00037391913936885864
6,6.20133668688403e-05,3.369836862955089e-07,9.565720601152976e-08,6.849295208304336e-07,7.798098221488715e-05,5.180329950235706e-05,0.40884005517017125,2.505995047065985e-05,0.0018894455363763524,2.0424455428681595e-10,0.0025476143230560864,0.5859400209621818,5.5898219920458935e-06,4.446433230007177e-06,8.428273609902435e-06,1.320653861314897e-05,3.615244362234343e-06,3.2817306938252563e-06,1.0569518798500428e-05,6.901664563501227e-09,6.66716065185419e-06,9.025961290462434e-05,1.0578210762967587e-06,6.235203700218874e-06,0.00041152437320268704
7,0.00010070952157876687,3.316172962713742e-07,1.0531217413404923e-07,6.355310202151737e-07,5.222010187512802e-05,3.9237370111541116e-05,0.49012380586131993,2.5520285972461734e-05,0.0011435810880849344,1.4449670825049384e-10,0.003430503347414816,0.5047143104028151,1.3904100573775073e-05,2.6739896517729358e-06,6.681078209271044e-06,9.667982725871336e-06,2.9481790149841637e-06,3.4805947676578964e-06,1.1218352454308543e-05,7.616222412225954e-09,6.454451840267787e-06,0.00011698650373305595,5.102390105231463e-07,4.2666833732971196e-06,0.0001902396442628346
8,7.948501112763259e-05,4.285615310129959e-07,1.782864975458298e-07,8.748667736923455e-07,0.00011046555960105872,4.4894926648872815e-05,0.21696103954848947,1.813786289835286e-05,0.002011444908470783,2.796806975499213e-10,0.002064579411944895,0.777553945475003,4.409403169713891e-06,6.476608692237626e-06,1.0618401772162346e-05,1.6851482171285946e-05,5.837741343501702e-06,2.11005839040697e-06,5.712271883438027e-06,7.88712506873348e-09,4.964247165360455e-06,7.897189325048615e-05,1.6955737109405412e-06,1.4747912262331985e-05,0.0010021218203962862
9,4.944078374472645e-05,5.847765006293837e-07,2.2331384828459837e-07,9.174594897628776e-07,0.00011504000456250055,4.717176408775277e-05,0.2793640192890741,3.0456135693864935e-05,0.0031718939153984396,6.43843440343519e-10,0.0020929779078659038,0.7135663464812978,5.708735658012909e-06,1.4768545721458714e-05,1.2213912118574846e-05,2.3823022011141206e-05,5.09586042910731e-06,3.380922027834018e-06,1.058598097380749e-05,1.4991453241241694e-08,9.128408531482879e-06,0.00010490316242326893,1.7395970165571423e-06,1.5832152212321862e-05,0.0013537322340161273
10,6.20133668688403e-05,3.369836862955089e-07,9.565720601152976e-08,6.849295208304336e-07,7.798098221488715e-05,5.180329950235706e-05,0.40884005517017125,2.505995047065985e-05,0.0018894455363763524,2.0424455428681595e-10,0.0025476143230560864,0.5859400209621818,5.5898219920458935e-06,4.446433230007177e-06,8.428273609902435e-06,1.320653861314897e-05,3.615244362234343e-06,3.2817306938252563e-06,1.0569518798500428e-05,6.901664563501227e-09,6.66716065185419e-06,9.025961290462434e-05,1.0578210762967587e-06,6.235203700218874e-06,0.00041152437320268704
11,6.335634685387016e-05,3.341162108963086e-07,9.807730108788531e-08,6.767031192236476e-07,7.37610619774005e-05,4.6048335171860674e-05,0.40358411688610707,2.415016560582812e-05,0.0017513193596729146,1.9316409952164194e-10,0.0024602477648246403,0.5914658363010192,6.3709925751422765e-06,4.242857635311469e-06,7.756327553725595e-06,1.3052859075410811e-05,3.525249490832257e-06,3.198897500764478e-06,9.958198112131936e-06,7.342076186326267e-09,6.416335072159332e-06,9.057394675407684e-05,9.535464938070453e-07,6.425529021314675e-06,0.0003775726076109078
12,5.612380372188716e-05,3.597538037636293e-07,7.326960670683225e-08,7.442055961103331e-07,4.307782696770788e-05,4.695204259269046e-05,0.44007814667710043,2.7959804841167502e-05,0.0015877980382426981,2.018493282342023e-10,0.002009794133458562,0.5556527360442022,6.340180697873466e-06,3.2089630610714657e-06,9.543877050644812e-06,1.616818286807009e-05,2.991380582621334e-06,3.0006126253035407e-06,1.555725577076479e-05,5.371996019883523e-09,5.409062799849029e-06,0.00010012737425608798,7.539188841260081e-07,4.615679478671166e-06,0.0003285123379455877
13,2.9461154888324803e-05,1.6401372447460797e-07,1.5336661429109153e-07,2.7140260641268913e-06,5.54061475436426e-05,0.0005348938981494011,0.9039744233832705,7.157225550658278e-06,0.0041112421931137,1.507618917748941e-09,0.00022673688015063836,0.09058373617610462,3.946662827283252e-06,1.1325433726598695e-06,6.929494965976932e-06,6.734014212255586e-05,4.667042934333856e-06,1.1253736069344586e-05,5.179355307214501e-05,1.1731967343546548e-08,8.826772516910484e-06,1.640222325055602e-05,1.603555062479993e-05,2.955451513975651e-05,0.00025601605834290925
14,6.53278467455368e-05,2.925558792031783e-07,9.591247961861255e-08,6.100946997721614e-07,6.28837142551748e-05,5.1795224243796845e-05,0.37948371647379436,2.5691329245493393e-05,0.001970329862508088,1.9324683900622655e-10,0.002186136144565734,0.6155398944613355,4.90750268627963e-06,4.255179771426832e-06,9.044788664648658e-06,1.4337166918881224e-05,3.344654463177687e-06,2.7871541111877654e-06,8.906122778394433e-06,6.231825638361614e-09,5.351056029063047e-06,9.127153562885793e-05,1.0111262712433145e-06,5.831340734304156e-06,0.0004621723271178658
15,6.20133668688403e-05,3.369836862955089e-07,9.565720601152976e-08,6.849295208304336e-07,7.798098221488715e-05,5.180329950235706e-05,0.40884005517017125,2.505995047065985e-05,0.0018894455363763524,2.0424455428681595e-10,0.0025476143230560864,0.5859400209621818,5.5898219920458935e-06,4.446433230007177e-06,8.428273609902435e-06,1.320653861314897e-05,3.615244362234343e-06,3.2817306938252563e-06,1.0569518798500428e-05,6.901664563501227e-09,6.66716065185419e-06,9.025961290462434e-05,1.0578210762967587e-06,6.235203700218874e-06,0.00041152437320268704
16,8.054957919037148e-05,2.452826484541221e-07,2.022944520753661e-07,1.1220093991087945e-06,0.00014741114441791333,9.983179737941285e-05,0.6158448344626057,2.1422086842480634e-05,0.00268186556150242,2.9249536394869077e-10,0.002121641083216106,0.3784399931210699,6.377091113413112e-06,3.841502711676176e-06,6.582742657875565e-06,1.545769846571909e-05,4.8243527067880524e-06,5.48361563342993e-06,1.1878681626966256e-05,1.0638015213927085e-08,1.1584767821974547e-05,5.231782445784262e-05,3.1835534043570865e-06,1.480502146217083e-05,0.0004245337947032742
17,8.894029609413943e-05,8.441866709214555e-07,1.4185210362324281e-07,2.4564172624853215e-06,8.531044972701082e-05,0.000195724781859162,0.44702431572575185,6.899970370224996e-05,0.004085161691349839,1.2786718616423008e-09,0.0028443903709696023,0.5440556438819082,6.406233280952629e-06,6.333318770528647e-06,6.539247316600297e-05,5.707164214289446e-05,6.0072527180660515e-06,5.128177070398372e-06,6.197795314279847e-05,1.0293050933825104e-08,9.160686395993761e-06,0.0002119320564053455,2.5442677674589436e-06,8.395738394056858e-06,0.0011077092716235497
18,8.078034207048782e-05,3.44361644700001e-07,8.514239787218511e-08,1.3568795010701571e-06,0.00010919762843841001,8.302473707217369e-05,0.4831449867760783,3.090837706863599e-05,0.0021351790139501675,2.2203217357342997e-10,0.0033572909647905363,0.510639262080359,7.409016341214934e-06,3.2794178228971857e-06,1.0577317019038276e-05,1.0462841277982796e-05,3.269623389919772e-06,4.296600636569921e-06,1.3698066749956884e-05,7.425545333855158e-09,5.652275751211759e-06,0.00010782805660190941,1.1239081845360613e-06,5.6700452374715005e-06,0.0002443088800382621
19,9.421031574646358e-05,2.442667023268249e-07,1.2168017273653615e-07,3.209114684009833e-07,5.5806374836347766e-05,3.6935215112275883e-05,0.4531057759913685,3.149225191845961e-05,0.0012526129702770633,1.3416813769211907e-10,0.0047159156352359535,0.540131668197969,6.0785300121310135e-06,4.965836493608189e-06,6.078721045400968e-06,1.3133915337443465e-05,4.647912205760617e-06,5.799241662130908e-06,1.2241540774918774e-05,6.9096982507677445e-09,1.6022541049392233e-05,8.121541059391053e-05,1.2283502574552961e-06,5.885906349019688e-06,0.00041759123954501596
20,6.825726111207895e-05,5.181328715519666e-07,9.12013289432224e-08,8.40661528894818e-07,7.413032809462898e-05,6.469823793127625e-05,0.4232636000888888,4.267823827938437e-05,0.0024541151873986714,3.273898967403433e-10,0.0035391589411174315,0.5698038934663333,8.884827826472519e-06,6.329713891293441e-06,1.3224347897186014e-05,1.3159283053419096e-05,3.441584727333783e-06,3.466062722030441e-06,1.5256723544120637e-05,9.975369079510176e-09,6.962007888147725e-06,0.00020619431784033308,8.02636359602044e-07,4.926724688744968e-06,0.0004053597219175469
21,5.41486413224636e-05,1.9831161572445626e-07,1.243713844943727e-07,3.243444503607814e-07,4.9421127869794546e-05,1.5827476421793766e-05,0.2853011463471814,1.589858570320805e-05,0.0008429554709888262,9.489871840459124e-11,0.0017351303210483382,0.7115662490942408,5.091389640723455e-06,4.23285404870898e-06,2.692392515521793e-06,1.1341913338011465e-05,3.290885546339255e-06,3.0561917252183172e-06,3.847193749832042e-06,6.348876493464035e-09,6.1322161944366925e-06,4.064864444356875e-05,6.486872027616299e-07,6.558204289790892e-06,0.0003310288913028345
22,0.00010689188023432681,4.5149641959426976e-07,1.735351030713385e-07,8.848098647821589e-07,9.147265964888461e-05,6.792727413019454e-05,0.4115285391959033,4.5757541224793114e-05,0.0013765655526621948,3.464834392474834e-10,0.004181699966633342,0.5820165925114902,7.917776682105048e-06,6.4826843827476236e-06,7.420640344491141e-06,1.5844100376224262e-05,8.262723294643366e-06,7.487587709475167e-06,1.447883474209194e-05,1.011257182704512e-08,1.4151004931440488e-05,0.0001243497704387866,1.668864478261005e-06,5.755908203889765e-06,0.0003692132220460565
23,6.20133668688403e-05,3.369836862955089e-07,9.565720601152976e-08,6.849295208304336e-07,7.798098221488715e-05,5.180329950235706e-05,0.40884005517017125,2.505995047065985e-05,0.0018894455363763524,2.0424455428681595e-10,0.0025476143230560864,0.5859400209621818,5.5898219920458935e-06,4.446433230007177e-06,8.428273609902435e-06,1.320653861314897e-05,3.615244362234343e-06,3.2817306938252563e-06,1.0569518798500428e-05,6.901664563501227e-09,6.66716065185419e-06,9.025961290462434e-05,1.0578210762967587e-06,6.235203700218874e-06,0.00041152437320268704
24,6.0636440198910594e-05,3.5407054106930783e-07,9.432053511642499e-08,7.258280403904526e-07,7.812723454155274e-05,5.211410341401224e-05,0.4111179582451339,2.5587151518945913e-05,0.0018748467752900805,2.1315801492101874e-10,0.0025350726915216717,0.583691121990012,5.6837590298822924e-06,4.518976567364074e-06,8.597656912848344e-06,1.3446483766384786e-05,3.7073067940579903e-06,3.366465669477117e-06,1.1149549754173084e-05,6.999653975560392e-09,6.716005377004771e-06,9.204735539337533e-05,1.069626380127219e-06,6.186249188712665e-06,0.0004068645016067337
25,5.883522428105443e-05,2.326827138500922e-07,9.479397175409849e-08,5.060998324087917e-07,7.93070890385148e-05,3.582466739754132e-05,0.4020465302976397,3.196774015298519e-05,0.001363914257226925,1.3411146054932282e-10,0.0033271056398961668,0.5926824799739179,5.5305008932736505e-06,4.876304374862838e-06,4.336496141565121e-06,8.991504434019509e-06,3.059236549000549e-06,4.62190735840019e-06,6.796297265310522e-06,7.752515766476973e-09,7.964618432850295e-06,6.905603203469197e-05,8.401175893300691e-07,4.502379663365238e-06,0.0002526182525673964
26,8.069592362894099e-05,2.208294284062203e-07,1.6173992076945669e-07,7.917528123002623e-07,0.00014591032385641016,6.735576579369855e-05,0.44294592034741886,1.6441978718335655e-05,0.0028462540088198254,2.1798047374003185e-10,0.0023285970784305597,0.5509209025479421,5.3541308796334265e-06,5.323627212379679e-06,5.694775973226818e-06,1.1982946786040001e-05,3.8095572141325936e-06,5.422731103364042e-06,7.040171666453907e-06,1.0566510454514925e-08,7.745736765194458e-06,5.4476975317963184e-05,2.5000874441758366e-06,1.5777115191127167e-05,0.0005216090631850634
27,6.367053785020153e-05,4.0160713780175506e-07,7.154035214549809e-08,8.236312775542115e-07,7.802328402714258e-05,8.052897456701406e-05,0.37220068402960677,3.0534986870440384e-05,0.003443904430299075,2.810045690827191e-10,0.0026204458862385477,0.6207582132267161,6.004797897028778e-06,4.648961586408037e-06,1.4475442884756771e-05,1.3284570773308829e-05,2.3911637724349624e-06,2.598775612532721e-06,1.2235668523058059e-05,7.566544669460123e-09,3.924485647954009e-06,0.00017118037024622766,8.427613061929269e-07,6.033086749583313e-06,0.0004850699325082822
28,6.20133668688403e-05,3.369836862955089e-07,9.565720601152976e-08,6.849295208304336e-07,7.798098221488715e-05,5.180329950235706e-05,0.40884005517017125,2.505995047065985e-05,0.0018894455363763524,2.0424455428681595e-10,0.0025476143230560864,0.5859400209621818,5.5898219920458935e-06,4.446433230007177e-06,8.428273609902435e-06,1.320653861314897e-05,3.615244362234343e-06,3.2817306938252563e-06,1.0569518798500428e-05,6.901664563501227e-09,6.66716065185419e-06,9.025961290462434e-05,1.0578210762967587e-06,6.235203700218874e-06,0.00041152437320268704
29,6.20133668688403e-05,3.369836862955089e-07,9.565720601152976e-08,6.849295208304336e-07,7.798098221488715e-05,5.180329950235706e-05,0.40884005517017125,2.505995047065985e-05,0.0018894455363763524,2.0424455428681595e-10,0.0025476143230560864,0.5859400209621818,5.5898219920458935e-06,4.446433230007177e-06,8.428273609902435e-06,1.320653861314897e-05,3.615244362234343e-06,3.2817306938252563e-06,1.0569518798500428e-05,6.901664563501227e-09,6.66716065185419e-06,9.025961290462434e-05,1.0578210762967587e-06,6.235203700218874e-06,0.00041152437320268704
30,6.20133668688403e-05,3.369836862955089e-07,9.565720601152976e-08,6.849295208304336e-07,7.798098221488715e-05,5.180329950235706e-05,0.40884005517017125,2.505995047065985e-05,0.0018894455363763524,2.0424455428681595e-10,0.0025476143230560864,0.5859400209621818,5.5898219920458935e-06,4.446433230007177e-06,8.428273609902435e-06,1.320653861314897e-05,3.615244362234343e-06,3.2817306938252563e-06,1.0569518798500428e-05,6.901664563501227e-09,6.66716065185419e-06,9.025961290462434e-05,1.0578210762967587e-06,6.235203700218874e-06,0.00041152437320268704
31,7.579569704921541e-05,3.5472799940944783e-07,1.3992595843498182e-07,5.127779277979619e-07,4.7283727939203694e-05,3.6567463922479904e-05,0.3678130212206143,4.106701064065073e-05,0.001153177915403515,2.1613080298478147e-10,0.002394000505997479,0.6279048631254255,5.863663244288774e-06,4.978192581528052e-06,5.365630916728611e-06,1.746105309025095e-05,4.760164174035489e-06,4.243754376304376e-06,8.616120101465686e-06,7.09147082975456e-09,8.305583067891821e-06,8.750305473572106e-05,8.835769325879575e-07,4.668695490118927e-06,0.0003805591048095491
32,6.31533269006552e-05,3.657452491915699e-07,9.724223680209174e-08,7.828571095840548e-07,7.855932801008328e-05,5.6441370195106e-05,0.43589889655577024,2.6654602033847643e-05,0.0019721630937781197,2.362903501934629e-10,0.002566398072736023,0.5587516860112903,6.108068306024841e-06,4.3787393969845524e-06,9.766608273358975e-06,1.522784224925167e-05,3.898782992376363e-06,3.6133271575796297e-06,1.4002468591061096e-05,7.317777023949814e-09,7.545979154349615e-06,9.67092787086674e-05,1.1693097291699606e-06,6.6841485674873935e-06,0.0004156896874963031
33,6.308982856756969e-05,2.282828100887049e-07,5.136243675488925e-08,4.7593768695252204e-07,2.9927159495248866e-05,1.642538271088156e-05,0.30707512158994266,1.9699049171894366e-05,0.0004212897156449361,5.2398384646040045e-11,0.0020727446679205323,0.6900823465357278,6.481865267594615e-06,1.5182281186166907e-06,2.5065625697558404e-06,9.352571008923836e-06,3.784387132575792e-06,2.5912420607701016e-06,5.72482768951351e-06,3.2141289807457488e-09,3.8421300437013795e-06,6.190843302235656e-05,3.681362049537042e-07,2.9642082766390464e-06,0.00011755462996181961
34,0.00011587382042895284,2.5359631094248546e-07,1.0421214001710235e-07,7.160984260134771e-07,8.322917377757436e-05,5.348175781694136e-05,0.4903380008134817,2.2182517874269566e-05,0.001767964680483216,1.4110185742081613e-10,0.003930327912126678,0.5032442462043071,9.097578067988355e-06,2.965295048750893e-06,1.007252297441747e-05,1.07372557750162e-05,3.1824737568399485e-06,4.456610236572013e-06,1.309060880929839e-05,7.48759379029877e-09,7.371922282249952e-06,9.738813285557509e-05,9.718557686576421e-07,6.584890807352423e-06,0.0002776924377482292
35,4.901171429170802e-05,5.477670590437725e-07,1.4578986991611784e-07,9.036726195770337e-07,0.00017636371984390615,4.948257626895917e-05,0.41279860627289616,2.187587851347554e-05,0.002446964808999684,2.9720958714042575e-10,0.003473739169338563,0.5800754145858003,5.869543267900471e-06,1.0144449680227328e-05,1.4482092380202374e-05,1.0408141857338182e-05,4.860844821091463e-06,2.476116590381529e-06,9.468583358150644e-06,1.133632897571968e-08,1.0018155571341502e-05,8.645923271071599e-05,1.5524060606574912e-06,8.335908474983833e-06,0.0007428569361872253
36,6.231458085633658e-05,3.3634559405935114e-07,9.690824511931714e-08,6.85317324127512e-07,8.00665962271153e-05,5.1978383819350905e-05,0.4102251191838787,2.4719877470507297e-05,0.0019005143049533732,2.0352174880949085e-10,0.0025815673034160734,0.584505370345185,5.602807396583466e-06,4.467508020840966e-06,8.439908045748348e-06,1.3084518944607227e-05,3.6202793521019526e-06,3.287905750562814e-06,1.0523870148019784e-05,6.9610720700160595e-09,6.78121826591315e-06,8.90674655279786e-05,1.0744431867851631e-06,6.3682180112732355e-06,0.0004149055457861497
37,6.490081848796228e-05,1.64635475087977e-07,1.2669864497955662e-07,3.567879751885935e-07,7.023051519860346e-05,2.3309256629917475e-05,0.4141705290518414,1.169305467929312e-05,0.0012218337544564308,8.880042177772983e-11,0.0017701557501491457,0.5823020817714109,6.414760289247729e-06,3.2834822445315966e-06,2.5366083336599077e-06,9.229048489916264e-06,2.762853747028127e-06,3.4283790423823834e-06,4.2085420020054525e-06,7.0711265553811506e-09,6.564918994215483e-06,3.950104530336669e-05,8.235964881725797e-07,9.083535827948188e-06,0.00027677397436171085
38,8.635720688738477e-06,4.195974816468547e-07,4.727650682463812e-08,1.1573981195924642e-07,0.00022215032980690602,3.890005886443975e-06,0.022640328279403456,9.743111864035418e-06,0.001162698497705126,5.942630297782565e-11,0.004215069069765184,0.9704076317344534,4.236595726047254e-07,3.66474203687019e-05,2.3360503866204853e-06,6.812426274062899e-07,1.7513939434008488e-06,2.2646674578577376e-07,2.1075107490858856e-07,2.657346337534179e-09,1.2800405490931229e-06,4.47509552789242e-05,1.7966487017724344e-07,2.900097073344606e-06,0.0012378801773625925
39,5.9886039941106e-05,3.645060067428097e-07,9.499043494133418e-08,7.353294177944445e-07,8.761760064236007e-05,5.236155970703855e-05,0.40811854803935355,2.3616858694725347e-05,0.0020715153045397666,2.1706575569710426e-10,0.002658592519209267,0.5863211920730372,5.64789329886074e-06,4.9157887796352955e-06,9.453818410913243e-06,1.2670311173915302e-05,3.6072896358484275e-06,3.247169109572329e-06,1.0946583436759844e-05,7.3292727718466365e-09,6.551074942775172e-06,9.305515137608853e-05,1.0971137461854531e-06,6.6550702722233784e-06,0.0004476203684942411
40,6.138878549444687e-05,3.376495844818069e-07,9.529562200282984e-08,6.987905390374811e-07,7.84127224999696e-05,5.254928254720612e-05,0.4158586099699865,2.5407714703797706e-05,0.0019091806731307108,2.0960947904752042e-10,0.002551950794334599,0.5788969382461179,5.64508780154754e-06,4.4722528730861525e-06,8.453118163532195e-06,1.3503047954972043e-05,3.633294399783053e-06,3.421663096398709e-06,1.105631820477636e-05,7.048686036847473e-09,6.849649362066969e-06,9.008272124109408e-05,1.0882252371104668e-06,6.3394429521490835e-06,0.00040987799585734603
41,8.15419343043609e-05,4.364417140037106e-07,8.027972625193443e-08,2.1335277187483718e-06,0.00023627902379080203,0.00014838990822697515,0.34142190788647503,2.2726065949768764e-05,0.0046257335236914434,3.1345469808953594e-10,0.003192263201241149,0.649499484169565,4.315991718706557e-06,3.765306389919244e-06,3.438336488525807e-05,1.1477662811533173e-05,3.0255863219580833e-06,2.0828309651389475e-06,1.1462130124830168e-05,6.972513364960534e-09,2.681326285415711e-06,0.00012575417032964208,1.4908582582142163e-06,7.701459887738427e-06,0.0005608760636500722
42,5.491625951639597e-05,2.793077200758713e-07,1.1051141645773673e-07,6.198030564998362e-07,9.900818372197775e-05,4.421916675092938e-05,0.42814318490869846,1.9881361236852478e-05,0.0018442305362674238,1.7652917180404324e-10,0.0025848692286128583,0.5666493342850935,4.703534023275638e-06,5.5169965168465895e-06,6.5313443155240825e-06,1.0877028610568861e-05,3.439404590665713e-06,3.994866033993916e-06,7.90461278941289e-06,7.780488386887254e-09,7.919922815129287e-06,5.529694425461391e-05,1.4136857985324983e-06,7.396267575559322e-06,0.0004443438835670772
43,7.084015419348932e-05,5.445510103818822e-07,1.4819980509004121e-07,1.4842570534506032e-06,0.00014196236965586512,0.0001968105943545873,0.5686728870341066,5.740792877622596e-05,0.005419172006665539,1.0105789569577616e-09,0.0034579822171545644,0.4209949620508641,8.064380484632478e-06,8.484961824350534e-06,2.4105530124596673e-05,2.3573142957743563e-05,4.104036294961778e-06,6.2824651308719e-06,3.57111874381154e-05,1.5541785287872897e-08,1.43114622749404e-05,0.0002018299377226125,2.3597274093552776e-06,9.134586318040493e-06,0.0006478206660155574
44,6.20133668688403e-05,3.369836862955089e-07,9.565720601152976e-08,6.849295208304336e-07,7.798098221488715e-05,5.180329950235706e-05,0.40884005517017125,2.505995047065985e-05,0.0018894455363763524,2.0424455428681595e-10,0.0025476143230560864,0.5859400209621818,5.5898219920458935e-06,4.446433230007177e-06,8.428273609902435e-06,1.320653861314897e-05,3.615244362234343e-06,3.2817306938252563e-06,1.0569518798500428e-05,6.901664563501227e-09,6.66716065185419e-06,9.025961290462434e-05,1.0578210762967587e-06,6.235203700218874e-06,0.00041152437320268704
45,5.463226391199236e-05,4.253278677449713e-07,1.4663172532691255e-07,3.783811202597931e-07,7.488079123434467e-05,3.278545868671385e-05,0.2930101869078908,2.263013012828118e-05,0.0013519135357383464,2.2044172810679148e-10,0.002989905712980419,0.7015902040433827,3.912786558369495e-06,9.915963082969747e-06,4.539226333776806e-06,1.1350698888953737e-05,6.443677924191661e-06,3.783807156123465e-06,7.092250835319723e-06,6.4959196649990385e-09,1.2776959462256997e-05,7.429860776530927e-05,1.4280635222901422e-06,7.5468244443431174e-06,0.0007288152329980355
46,5.820566034041029e-05,3.2759559364673427e-07,9.945914725914574e-08,6.676639108827803e-07,8.39962098329897e-05,5.46912269899762e-05,0.4375079073566904,2.5655602750260915e-05,0.002193594941931776,2.2432795687035047e-10,0.002609731888619302,0.5568742552762176,5.631900736945396e-06,5.027885904269145e-06,8.587716391240603e-06,1.3046408109155052e-05,3.2580844424847793e-06,3.5899860050847875e-06,1.1193096197933352e-05,7.697151784727604e-09,7.3680123642600205e-06,8.879045294310252e-05,1.1186137107777433e-06,6.617783579693527e-06,0.00043662925611065055
47,5.915695322520889e-05,3.372088855127956e-07,4.276714035519007e-08,2.493048062650503e-07,1.9476341734086475e-05,1.953345127563032e-05,0.22857497341426164,1.4892856615045008e-05,0.0008366227538671927,7.331689225628441e-11,0.0013573907984678934,0.7687024699187258,5.353150938129275e-06,1.5828075041032798e-06,4.3069609910290855e-06,1.0846590820249572e-05,2.2647664783598446e-06,9.400653977208052e-07,4.50222830542639e-06,2.613990807552801e-09,1.687921695334383e-06,0.00011883089569915898,2.0449310894814973e-07,3.131823561141424e-06,0.0002611998391879902
48,6.0411977298861136e-05,1.198431126400398e-06,7.862525038359761e-08,1.2476984742752668e-06,3.961456210404882e-05,6.218283784852935e-05,0.3931324831398903,5.0220031149797657e-05,0.0010348911469262644,4.766638354276088e-10,0.0018494573484690484,0.6030955312983568,6.7545504929829395e-06,4.315341289490182e-06,1.1620760335071885e-05,2.6562070144939893e-05,1.1256934948667348e-05,3.128624732174754e-06,2.4952599591824407e-05,5.341691455471805e-09,6.901092642388567e-06,0.00021667712205902242,1.0103556524828674e-06,3.1473575456583277e-06,0.0003563502753152485
49,6.922695058572283e-05,2.6155564334031893e-07,1.0268249790855931e-07,5.123026122855905e-07,6.808297138673157e-05,5.010116958902297e-05,0.3332410785085563,2.473409249898968e-05,0.0016454350549152995,1.543883733351046e-10,0.002412787861618989,0.6620078679876317,4.852106494036979e-06,3.896583486577027e-06,5.343957219061491e-06,9.876834944450249e-06,2.9561084190145026e-06,2.7091135815068514e-06,5.400489121954359e-06,5.8377650680664305e-09,4.850114868767837e-06,8.130422573635301e-05,8.153760157980826e-07,5.0767373824510225e-06,0.0003527212230403432
50,3.8328096780206045e-05,4.6389164018663225e-07,1.0071358347888368e-07,6.715047100796792e-07,5.900333470725525e-05,5.526283152805836e-05,0.5229057697917516,3.7461694710369376e-05,0.0023277348333666198,4.1350601115074897e-10,0.0018789460140876723,0.47210490493826435,7.174197706794785e-06,6.391066827296415e-06,8.411805875638187e-06,1.6349881464552024e-05,3.0196273510730935e-06,3.3177258248315353e-06,1.6793396424416585e-05,9.008229310709263e-09,8.775300773520364e-06,0.00012307244740670525,8.010479229452981e-07,4.564543709502931e-06,0.0003926718918475042
51,4.983389004499054e-05,6.596904797074543e-07,7.831361567489512e-08,9.037880594626957e-07,6.129195600122917e-05,4.298350934651506e-05,0.29462444748723154,3.510778026227613e-05,0.001581201967706638,2.7718897065753064e-10,0.0025094675654029485,0.7004838700884298,5.708118933507538e-06,5.639414681261975e-06,1.0628960721128232e-05,1.3067835852631923e-05,3.675248620534978e-06,2.544656369129274e-06,1.0937576897201497e-05,6.518511311625406e-09,4.4603702971885155e-06,0.00013676659821944414,6.437695720838783e-07,4.023282243203287e-06,0.0004120513353116885
52,6.931068228341359e-05,3.62674862457515e-07,1.006200095501252e-07,8.873778876218508e-07,8.075253408961635e-05,6.767015200993653e-05,0.43874049809475063,3.2010196488856524e-05,0.002278760855113271,2.989977149268864e-10,0.0027950083689664484,0.5553208753802361,6.835606798459595e-06,4.952837544986171e-06,1.1103653988660906e-05,1.6664456117861937e-05,3.6575013292517884e-06,4.634944001659266e-06,1.5452129000259073e-05,9.029501862943027e-09,7.289649499390619e-06,0.0001146778640130591,1.2219131843668954e-06,6.62363464936507e-06,0.0004206395446751845
53,0.0001650155767367652,3.007034520364331e-06,4.3086513395596776e-07,4.730962037901923e-06,0.0003875563691660624,0.00014644990986788074,0.23523173308845347,9.763120454291823e-05,0.003190018326319279,3.595877241233348e-09,0.009505836299561072,0.7489763346500241,1.9990676576363158e-05,2.2443996586889982e-05,4.5897558703168824e-05,4.735714151539018e-05,2.648129433535949e-05,1.069359781407994e-05,7.303940288921226e-05,3.301318063102761e-08,2.849419734977884e-05,0.0006687537349094208,2.511530076430408e-06,2.112496505356111e-05,0.0013244310087686987
54,3.453964440011608e-05,4.120963519019998e-07,7.491591563033989e-08,3.9607721546636416e-07,5.118339652101158e-05,3.140799832962694e-05,0.2546982843987968,2.0621900818447608e-05,0.0021301776590399316,2.182515852290611e-10,0.0015144517287116934,0.7406018544556578,3.299938412967106e-06,5.951796462371478e-06,9.811400089384152e-06,1.5113761710667396e-05,2.487245414951861e-06,1.371851858607929e-06,6.6111202840611765e-06,5.296638393402346e-09,3.4626636369273504e-06,9.158701395016412e-05,5.786181063956284e-07,5.2536540945201095e-06,0.0007710611493304645
55,0.00014968531434178845,1.8939043069615939e-06,3.6158943083995386e-07,2.423056497180131e-06,0.00016306750679572152,0.00019676742734405035,0.4986293375151822,0.00016045935278197318,0.003582272257517688,2.944925132043289e-09,0.0082731629317556,0.48673548837181196,1.408109297208854e-05,2.6196049323735466e-05,5.8152551122341545e-05,4.264745075216373e-05,2.0279603157273642e-05,1.1535125133827756e-05,7.426223844531724e-05,2.8275791428087666e-08,3.915549334517781e-05,0.0005670230192487375,3.639802887361093e-06,7.535549821624703e-06,0.0012405415753077881
56,6.275637157910087e-05,3.3334849682994183e-07,9.57024296895044e-08,6.630639546930564e-07,7.41297050768146e-05,4.910711723782751e-05,0.4062656100006184,2.45444488537607e-05,0.0018189627258275683,1.9547493298842464e-10,0.0025041182165454886,0.5886563013217924,5.909077773529829e-06,4.310888587499393e-06,7.919172992875248e-06,1.2864156805133986e-05,3.522615977656529e-06,3.223213625207555e-06,1.0152139953135243e-05,6.984375351861186e-09,6.514080258177509e-06,9.066040775117645e-05,9.994741372414874e-07,6.232109888929594e-06,0.00039106345998676356
57,0.00017268084496593338,1.6429262556863912e-07,1.7440847409510603e-07,1.4140003533916454e-06,0.0004605332017497268,0.0003087291577784891,0.3857501281578279,3.415503003232286e-05,0.00758815087351399,2.997259405891988e-10,0.0064081708259829005,0.5983026305260597,2.1377096247371445e-06,1.2459793328313971e-05,1.7795592975042646e-05,5.43355339482734e-06,3.6101483011056074e-06,7.875000801366184e-06,2.593862929010585e-06,1.2975987166529886e-08,4.366558376159971e-06,7.461303546645505e-05,7.2346687418046774e-06,9.196512063632458e-06,0.0008257389689203885
58,5.949642894485125e-05,3.1758653548862213e-07,9.800873303934506e-08,6.910862085756621e-07,8.77099544319364e-05,4.792988890209403e-05,0.4135536581670813,2.006832063036442e-05,0.0020409641390924968,1.9107988073882731e-10,0.0023729309500266694,0.5812497901277248,6.173313483396613e-06,4.147527942710189e-06,7.914860735222523e-06,1.3269831252206038e-05,3.253653260005999e-06,3.1538640850127847e-06,1.022206813779088e-05,7.80788094156317e-09,6.619092423743339e-06,7.921072146046362e-05,1.1150172594098885e-06,8.615522903495041e-06,0.0004226418697841757
59,6.0136227786624484e-05,3.3585416558482453e-07,1.1779560492792299e-07,6.596581481993524e-07,9.374816614377368e-05,4.872460363492596e-05,0.4032966077698441,2.2003456456371757e-05,0.0020679909024514933,2.2089342485776395e-10,0.0024253264593693757,0.5913541191812197,5.861371185534831e-06,5.069151256629438e-06,7.665575127910415e-06,1.3875635992628899e-05,3.6709779188001813e-06,3.3235268024214133e-06,9.613641658250563e-06,8.303132697857161e-09,7.69325584673763e-06,7.959608233064605e-05,1.1938048014475644e-06,8.680715478960348e-06,0.00048397766274870977
60,6.20133668688403e-05,3.369836862955089e-07,9.565720601152976e-08,6.849295208304336e-07,7.798098221488715e-05,5.180329950235706e-05,0.40884005517017125,2.505995047065985e-05,0.0018894455363763524,2.0424455428681595e-10,0.0025476143230560864,0.5859400209621818,5.5898219920458935e-06,4.446433230007177e-06,8.428273609902435e-06,1.320653861314897e-05,3.615244362234343e-06,3.2817306938252563e-06,1.0569518798500428e-05,6.901664563501227e-09,6.66716065185419e-06,9.025961290462434e-05,1.0578210762967587e-06,6.235203700218874e-06,0.00041152437320268704
61,6.116041321415331e-05,3.163576575859382e-07,1.219303484252868e-07,6.380990557245506e-07,9.580101586262462e-05,4.922139412874731e-05,0.4062474915669136,2.1597428221229492e-05,0.002134401455141377,2.1487217607089452e-10,0.002458566383094886,0.588311337370675,5.7406091163230425e-06,5.135164708616451e-06,7.140619745160798e-06,1.297488074770157e-05,3.508336853551701e-06,3.416730771295234e-06,9.15555609339933e-06,8.173179756534272e-09,7.872149425616227e-06,7.605501692106235e-05,1.217446148716295e-06,8.943361404215564e-06,0.00047817832569895956
62,6.20133668688403e-05,3.369836862955089e-07,9.565720601152976e-08,6.849295208304336e-07,7.798098221488715e-05,5.180329950235706e-05,0.40884005517017125,2.505995047065985e-05,0.0018894455363763524,2.0424455428681595e-10,0.0025476143230560864,0.5859400209621818,5.5898219920458935e-06,4.446433230007177e-06,8.428273609902435e-06,1.320653861314897e-05,3.615244362234343e-06,3.2817306938252563e-06,1.0569518798500428e-05,6.901664563501227e-09,6.66716065185419e-06,9.025961290462434e-05,1.0578210762967587e-06,6.235203700218874e-06,0.00041152437320268704
63,5.9239696535034375e-05,4.0990903767300214e-07,9.114179880008e-08,7.169184462123418e-07,7.29793102430013e-05,4.9969082848431764e-05,0.3849320119723731,2.5856186768238476e-05,0.001818074978046069,2.217216784038864e-10,0.002476749354516173,0.6099691775396728,5.5676583032571144e-06,4.576536784728213e-06,9.011094185784518e-06,1.3862416397308085e-05,3.87273123644028e-06,3.0508022700553795e-06,1.1281290076340451e-05,6.67191060054876e-09,6.315772453652683e-06,9.879603168607536e-05,1.0031768456540983e-06,6.057244214468272e-06,0.0004313222616284683
64,5.98496727426876e-05,3.339703016528938e-07,1.199645065407607e-07,6.145246479201246e-07,8.261135768826249e-05,4.510152319356473e-05,0.45602644246581026,2.5714858341393883e-05,0.0016569049258750286,2.1012717732910497e-10,0.0026170695643834567,0.5389393045344698,6.146955003330553e-06,5.094263760358291e-06,6.6999832367786655e-06,1.3784104609654842e-05,4.254946130694235e-06,3.969961136680271e-06,1.138580578715314e-05,7.904876555181745e-09,1.0578468742220826e-05,7.789519608429535e-05,1.1938188583112564e-06,6.84831838464194e-06,0.0003980727013014941
65,0.00013305197091177402,2.2701992729068797e-07,6.8873801058987e-08,1.8340058057553951e-06,0.00010272091062824244,0.00014709199681249436,0.5990267663247045,2.7523262944419887e-05,0.0012885247620035103,1.6283086798661878e-10,0.004102302559448752,0.3948313599479337,5.996659772470293e-06,1.3800898871255423e-06,1.452387826586543e-05,1.450418293132487e-05,6.088717894325942e-06,7.1695703710660475e-06,2.897550705806819e-05,4.522931897629686e-09,8.84078716353207e-06,7.57030025854382e-05,2.6357868276586473e-06,4.815534241532467e-06,0.00016788996231740076
66,6.497415339340451e-05,1.5755325601169055e-07,1.6913150909309983e-07,3.186655729254277e-07,5.86374719168657e-05,1.885951369216162e-05,0.553048336539461,2.771770499652458e-05,0.0011308539635376763,1.2559334549243702e-10,0.002544790427142937,0.4428224383869107,1.6875175032350962e-05,4.053054179543824e-06,2.5284295251368607e-06,9.747271561312162e-06,1.6593685595791625e-06,4.585890449631453e-06,5.337336278972847e-06,1.5409084315400433e-08,8.589382978365023e-06,6.958468496282836e-05,2.9001138722088305e-07,4.284548586064771e-06,0.00015519580043221937
67,6.201426394531251e-05,3.3698199043779164e-07,9.566115824693029e-08,6.849379998051434e-07,7.798249451846573e-05,5.180369463515406e-05,0.4088454519355509,2.506014317016553e-05,0.0018894395018249042,2.0424877979824712e-10,0.0025476397362781886,0.5859345994496693,5.589930096288454e-06,4.4465352824534705e-06,8.428187176098261e-06,1.320670877947417e-05,3.6153406040773534e-06,3.2818727026944494e-06,1.056964108818503e-05,6.9019164885745515e-09,6.667499707588979e-06,9.02582217222019e-05,1.057870274115909e-06,6.235379539161246e-06,0.0004115269061215755
68,0.00016117431381081009,9.59935618049267e-07,6.353963671191972e-08,1.166894448691909e-06,3.498613961688206e-05,7.931777186356311e-05,0.46171193144507344,0.00010904900157259755,0.0008637946218890207,3.42311102280723e-10,0.005393881856445505,0.5308386537853692,1.056059853493849e-05,2.0822150660359218e-06,2.1905672726437857e-05,3.911262262896079e-05,1.202454158245997e-05,6.258045038574736e-06,7.641554676296241e-05,4.5332414542085965e-09,1.285871166883914e-05,0.0004076286873457512,7.424546352876783e-07,2.6101115085055326e-06,0.00021281661160431123
69,5.015493608068844e-05,2.274371107217352e-07,2.2954337897257432e-07,4.5695457885885584e-07,6.698437396596858e-05,4.5069501533243834e-05,0.5206689812339617,4.504530271573084e-05,0.0020659708371590425,3.779811917224947e-10,0.0024677501613551696,0.4739723833545338,7.514881046748509e-06,1.1611556548544712e-05,3.9669426115761024e-06,1.6992191398182804e-05,3.115537568577046e-06,9.471622987739908e-06,1.056870289738716e-05,1.7822206177375467e-08,2.0669807623501263e-05,6.428388980464244e-05,1.5773600303620873e-06,7.488712192970198e-06,0.00045946695872864634
70,6.178118640596966e-05,3.324737783223687e-07,9.562739881562195e-08,6.944934643149525e-07,8.042261007946409e-05,5.2005615045506984e-05,0.4097084700483633,2.466281890668654e-05,0.00191367635079704,1.9998003510058402e-10,0.0025587653742030533,0.5850405437848817,5.5622676754300274e-06,4.446530220080223e-06,8.4401945224874e-06,1.2700084450072073e-05,3.5480124315744904e-06,3.211909838604301e-06,1.019691909284613e-05,6.914186432221108e-09,6.511852790761182e-06,8.899459212737507e-05,1.057355184329327e-06,6.210976564177113e-06,0.0004076618076118362
71,8.224989858001365e-05,3.774256286114649e-07,9.022077500685646e-08,8.390947261713596e-07,6.75928924270004e-05,5.905948069838683e-05,0.3612566344861124,2.6461028702536045e-05,0.0016377910222491164,2.037122060019572e-10,0.0027854535091190544,0.6335111943793883,5.922312606487925e-06,3.5022416289453577e-06,1.0922762553625382e-05,1.4133972324223118e-05,4.259503711296634e-06,2.9714789810209964e-06,1.1894672080280202e-05,5.598908358807473e-09,5.3782622240712905e-06,0.00011146700851471258,1.0122557628186606e-06,5.6141150937182075e-06,0.0003951721734915624
