,0,1,2,3,4,5,6,7,8,9,10,11,12,13,14,15,16,17,18,19,20,21,22,23,24
0,0.0002478734729668752,6.752174485574294e-05,0.08607329817197759,0.0018099167527706717,0.0005315100261297986,1.9599292233062137e-07,8.520524016978969e-05,0.002024645665254485,0.00014055179569080932,1.8845118306536646e-05,0.0003421340008547042,0.905511871492128,0.0019717898851240945,0.0003125717531509652,6.37085912646167e-08,8.018218275996412e-08,7.983220244700937e-05,0.00038036680299076436,3.07488480534114e-05,0.00012112226627136007,8.359668879589532e-06,6.31318615289704e-05,4.9773151592366864e-08,8.287473208829971e-05,9.543884151264852e-05
1,0.0003251630428880612,0.00016425376666098605,0.0728899800987398,0.0038555939407378913,0.0005482605960436202,2.0323327224868944e-07,0.00012230255645847578,0.003932814707613873,0.00018847577832343734,5.1204298219449284e-05,0.0003481249675276249,0.9137534417390687,0.0017194560575288192,0.00043757348760436126,1.291197024756704e-07,1.3404255090226168e-07,0.00016828876254195227,0.0006407793884868195,6.522439256636678e-05,0.00015355504071388318,2.869048615157546e-05,0.00013315002585506,1.0654329799971841e-07,0.00013029650052907366,0.0003427974269167876
2,0.0003116615859679385,0.00015113181793674954,0.04578462817084294,0.0031102621466549745,0.00038281617554431575,1.574222016952914e-07,0.00010030436507540157,0.002864320287989492,8.89887056364463e-05,3.13918551360138e-05,0.00032166035291143535,0.9433415997329594,0.001397251696562696,0.00039571472045898,1.351010700389471e-07,1.0020277740863032e-07,0.00021547322552627717,0.0007129523670089391,3.769047838334951e-05,0.00013004153870393027,2.5796360504005603e-05,0.00016267897613280976,1.6193588683442842e-07,0.00012534135079221936,0.0003077394273356971
3,0.0003022349309012289,0.00015876940370812006,0.054950526320382206,0.0036252646404753576,0.0004482994430982881,1.3790263730091266e-07,9.196658864723859e-05,0.0030592072848557067,9.334592154890982e-05,3.4735920533236136e-05,0.0003178869028256103,0.9332154906749918,0.0016029771531182089,0.00037735668130420513,8.625730745643715e-08,7.697660286422703e-08,0.00019015074271324755,0.0008002631606881915,3.679976365090411e-05,0.0001231910370916306,2.344172744775291e-05,0.000125804515879215,1.1192335102042213e-07,0.00013625630318016494,0.0002856178230601614
4,0.00028672194471753416,0.00016158593313150474,0.056608801010860445,0.0034953170217368215,0.0004866144441187946,1.454192141124696e-07,9.00323108618962e-05,0.002633680582607585,8.893447125340503e-05,3.3300359971354357e-05,0.00031137121900878914,0.9318400128317073,0.0019148901142512758,0.0004244131934418067,8.13011387415796e-08,7.344435720293973e-08,0.0001765540040352936,0.0007751780820016411,3.336214643597035e-05,0.00011986063241751095,2.0440033774765405e-05,0.00012098871079807054,1.1050755594625264e-07,0.0001319881857689865,0.0002455420948333791
5,0.00028803591306021415,0.00017925975015330032,0.05235146440687485,0.0045658224748481606,0.0004850308352161075,1.3778551988553802e-07,9.223154191263249e-05,0.003355754585431556,8.128794280415943e-05,3.9703423758627976e-05,0.0003396037708573789,0.9340102697076095,0.0017949370987869414,0.0003841513315404503,7.640139499624048e-08,7.208367730775876e-08,0.00021280802784728992,0.0010415846205563662,3.368372369296649e-05,0.00013536407461091026,2.6509092234554646e-05,0.00012728691256868468,1.3082713645531642e-07,0.00016075833571643596,0.00029403533219026385
6,0.0003022349309012289,0.00015876940370812006,0.054950526320382206,0.0036252646404753576,0.0004482994430982881,1.3790263730091266e-07,9.196658864723859e-05,0.0030592072848557067,9.334592154890982e-05,3.4735920533236136e-05,0.0003178869028256103,0.9332154906749918,0.0016029771531182089,0.00037735668130420513,8.625730745643715e-08,7.697660286422703e-08,0.00019015074271324755,0.0008002631606881915,3.679976365090411e-05,0.0001231910370916306,2.344172744775291e-05,0.000125804515879215,1.1192335102042213e-07,0.00013625630318016494,0.0002856178230601614
7,0.0004417888241016105,0.00030335891946169433,0.08973637365093495,0.0051515952749784715,0.0005515833679241065,1.4896242436780144e-07,0.00016274540580683787,0.0033008544375659663,0.00012141712746282183,3.8074934291739895e-05,0.0004739623267416876,0.8927953260462282,0.004164138099324872,0.0005013723814303013,8.902379187361059e-08,6.269608531417984e-08,0.00021048309471112487,0.0011448429204122328,3.357822685465794e-05,0.00018141645174903987,1.5669845517315557e-05,0.00011880314835105036,1.270566283401819e-07,0.00026815741186226954,0.00028403036535909004
8,0.00034920125297012563,0.00022071540601423167,0.07464811999845915,0.00603105576546077,0.0004916376106366762,1.0753299143096296e-07,0.00012366408326958516,0.004384460321077708,9.433955601232008e-05,5.512255323914899e-05,0.000235741712682474,0.9086593710006363,0.002058419600996187,0.000490601318521757,9.228463965721176e-08,1.0034218025599737e-07,0.0002536880390031722,0.0008149659956509653,3.551414237750332e-05,0.00015684870265727502,2.9804185163575253e-05,0.0001310509205229327,1.6081100666652535e-07,0.00023131766462159293,0.0005038991992085993
9,0.0003744861940697268,0.0002718757062320963,0.10889124479216863,0.006389072370912917,0.0005935404067229766,1.0078182211447628e-07,0.00012636047817345697,0.004309612812623798,0.00012270137623006573,4.9192634858141304e-05,0.00027063876905342643,0.8728137509985282,0.00312440396823789,0.0004850189768107536,8.204895469332103e-08,7.153704319187673e-08,0.00024107033826719918,0.0008447818312571911,3.1677963341238745e-05,0.00016822543745785725,2.1198445481075378e-05,0.00010416996742321728,1.1939046419582555e-07,0.0003059620046956038,0.0004606407691706109
10,0.0003022349309012289,0.00015876940370812006,0.054950526320382206,0.0036252646404753576,0.0004482994430982881,1.3790263730091266e-07,9.196658864723859e-05,0.0030592072848557067,9.334592154890982e-05,3.4735920533236136e-05,0.0003178869028256103,0.9332154906749918,0.0016029771531182089,0.00037735668130420513,8.625730745643715e-08,7.697660286422703e-08,0.00019015074271324755,0.0008002631606881915,3.679976365090411e-05,0.0001231910370916306,2.344172744775291e-05,0.000125804515879215,1.1192335102042213e-07,0.00013625630318016494,0.0002856178230601614
11,0.00030332136785274594,0.00016350104102703196,0.05545699909558421,0.003670674959263345,0.0004542446827984605,1.3704578739715873e-07,9.257634702676915e-05,0.002945808796666959,8.963960622983604e-05,3.416797465046253e-05,0.00031419748542817276,0.9325711162788604,0.0017770274830093094,0.00039224800996646926,8.294959623115593e-08,7.413311658523259e-08,0.000191406071963491,0.0008214349449074603,3.4650229907255196e-05,0.00012519346370577344,2.1889947083442853e-05,0.00012489827699067312,1.1453976822838999e-07,0.0001406761310797988,0.00027391913772952285
12,0.00014294937717737122,6.291631813616472e-05,0.009739652509500958,0.0013265548896297188,0.00030573532134710443,6.925853257367193e-08,1.4838022325197547e-05,0.0006088541533727029,3.811425258789014e-06,1.1041951105477767e-05,8.281893863261582e-05,0.9851525717221347,0.0005852258821605624,0.0003433576919328299,1.9331432194793105e-08,3.046171569714248e-08,0.00020846696061005543,0.0010698283718824553,5.743701702986117e-06,2.8201644780291513e-05,1.395497057661329e-05,0.00016665272953068775,1.7680643973878235e-07,5.132387215449068e-05,7.520368792779733e-05
13,0.000302069399820479,0.00015858489446616582,0.05491857914608798,0.0036217006126263726,0.00044803512265086435,1.3776620915278628e-07,9.186673310500829e-05,0.0030564071448054135,9.325878851819241e-05,3.467793556878262e-05,0.00031777088830566073,0.9332578123133312,0.0016016772312936677,0.0003771771034946772,8.620053479273846e-08,7.688249977266716e-08,0.00019005976919672838,0.0007995057221489639,3.677303801425666e-05,0.00012305352024288843,2.3422634096072403e-05,0.00012572004345701087,1.1182620743485516e-07,0.00013609702168889556,0.0002853382616298639
14,0.00028233726199410384,7.520333258700497e-05,0.04099819647427149,0.00227941012014847,0.00026235585470027597,8.744105675122014e-08,6.654246711930923e-05,0.002242442630047523,5.935539233011929e-05,1.7003047319671534e-05,0.00022242163834518852,0.9511227947242651,0.0008835638938282874,0.0002732176829745208,6.751742517479406e-08,6.400376181652028e-08,0.0001571143349952988,0.0005146533690316513,2.7574030058842372e-05,8.755646784381635e-05,1.7107092547579623e-05,9.500552511572158e-05,9.054053186663037e-08,8.196623516881283e-05,0.00023386892253164678
15,0.0003022349309012289,0.00015876940370812006,0.054950526320382206,0.0036252646404753576,0.0004482994430982881,1.3790263730091266e-07,9.196658864723859e-05,0.0030592072848557067,9.334592154890982e-05,3.4735920533236136e-05,0.0003178869028256103,0.9332154906749918,0.0016029771531182089,0.00037735668130420513,8.625730745643715e-08,7.697660286422703e-08,0.00019015074271324755,0.0008002631606881915,3.679976365090411e-05,0.0001231910370916306,2.344172744775291e-05,0.000125804515879215,1.1192335102042213e-07,0.00013625630318016494,0.0002856178230601614
16,0.0002650092449786135,0.00013155267083339318,0.09149920017602886,0.0027731865559237714,0.0004866782276718706,1.0937550849914916e-07,8.382212041839127e-05,0.0023466233473448607,0.0001457526765983313,1.6943459369280425e-05,0.0003324069867590258,0.8983183438361182,0.0020456966833866256,0.00036622049274966854,9.243652862132992e-08,4.3151403605641904e-08,0.0001437336807624734,0.0004342613450132721,2.9527706624494585e-05,0.00011453205554177481,1.0300554279498289e-05,9.071173053425956e-05,6.829273850420064e-08,0.0001240142433759278,0.00024116894950805567
17,0.0004278232208693566,0.0002667266668981922,0.09231894005804941,0.0028439015290373953,0.000657585069142289,2.9666977181352235e-07,0.00015760650435759187,0.005137770064954581,0.0003497345688994002,5.875032099121882e-05,0.0006727566468950022,0.8930854932291882,0.0015904501980764432,0.0003083265146563861,3.0895934505438247e-07,1.3652217895007498e-07,0.00025482631363332747,0.0007731490311971408,8.96769434739246e-05,0.00015691615712413307,3.577263065173821e-05,0.00021687837314447806,1.0196874595489535e-07,0.00022047374038793732,0.00037559809833013076
18,0.00025314092583288,0.00019330797638210848,0.08031743145934499,0.005378243419170212,0.0008222809248410905,2.9269574134808716e-07,0.00012752611888067688,0.00418108324723228,0.00021405322197151448,5.2711642250645086e-05,0.0005744272972079813,0.9034360504910108,0.002236903462287915,0.0005221194734739443,1.428235160088863e-07,1.2081928572728718e-07,0.00015058580095867133,0.0007082420980882138,6.24666240960183e-05,0.00019381597880473037,3.0367901657564793e-05,0.00011900285064550558,1.3120387162057247e-07,0.0001345732077491365,0.0002909783356982313
19,0.029223875678566852,0.0028336068591528814,0.004909197193328444,0.02984159150861431,5.914990009464342e-05,2.433974877565121e-06,0.011023687563236469,0.025295319868458024,6.959591046457347e-05,0.00037109945337068995,0.006995191355366956,0.7720657406199807,0.00017921300144410642,0.0007929980949300142,1.0642208106168995e-05,1.2584206076493006e-05,0.0032536977457991363,0.06843220825738888,0.0011206820717201535,0.0008062145332425111,0.006600336284117379,0.0030102499314633114,0.00012186222971305087,0.0016977591151591087,0.031271062435327526
20,0.00023881906656174004,0.00016501317152036273,0.04732862420390867,0.0032784087806234934,0.00045801512682963397,1.0512779930893672e-07,7.475942738303591e-05,0.003944129839452073,8.738169328595998e-05,3.666126133176125e-05,0.00026884524347046284,0.9405358761471708,0.001518801670089589,0.00032718076792420686,9.357677530670157e-08,6.489751134129336e-08,0.0002535336055661682,0.0007295578390470563,3.718772803704594e-05,0.00011914334388649343,2.5069344121965383e-05,0.00018462544495392437,1.0635836264259881e-07,0.0001421959477140025,0.0002458003866729824
21,0.00028002591079087,0.0001087780107781445,0.046081611957822864,0.003071315704762854,0.00035618481925796854,1.2301374366619563e-07,8.182862860690618e-05,0.002069771171754031,5.807229565460111e-05,2.6488355110749184e-05,0.000249202384233459,0.9443625203960762,0.0014997104259892066,0.0003717528535502606,5.72532555709658e-08,7.699461382695055e-08,0.00013890819654829102,0.0006928028842371243,2.5965182252130657e-05,0.0001072545015374723,1.793961245181452e-05,8.764381822219575e-05,1.0599022799766602e-07,0.00010136868625298929,0.00021049095226898583
22,0.00028634409750579435,0.00011219829552357302,0.04114142983881505,0.002738080622906856,0.00036764168499551304,1.304510865988824e-07,7.0418577766752e-05,0.002374033361368908,5.529372794002977e-05,2.516396231843988e-05,0.000314082748313561,0.9494059953665246,0.001110718340294162,0.00031634686518351756,6.845027932393487e-08,7.271963472802133e-08,0.0001946761383177802,0.0009039751720526046,2.82283453779148e-05,9.832781780685022e-05,2.4266800597661595e-05,0.00011943153145823396,1.1589264061557834e-07,0.00010953612417157798,0.00020342306711941004
23,0.0003022349309012289,0.00015876940370812006,0.054950526320382206,0.0036252646404753576,0.0004482994430982881,1.3790263730091266e-07,9.196658864723859e-05,0.0030592072848557067,9.334592154890982e-05,3.4735920533236136e-05,0.0003178869028256103,0.9332154906749918,0.0016029771531182089,0.00037735668130420513,8.625730745643715e-08,7.697660286422703e-08,0.00019015074271324755,0.0008002631606881915,3.679976365090411e-05,0.0001231910370916306,2.344172744775291e-05,0.000125804515879215,1.1192335102042213e-07,0.00013625630318016494,0.0002856178230601614
24,0.00037896843842300865,0.0001240046871269473,0.05577354216609512,0.0025363934288530256,0.00035958713672299726,1.2879546897429273e-07,9.715555417525332e-05,0.0031760895887943843,0.00010445564512768485,2.653962328424458e-05,0.0003261872165664962,0.9340686851282982,0.0011177753043603298,0.0002852484181894484,1.1858706524519024e-07,8.566525881375783e-08,0.00021720820852740954,0.0006676723707129866,3.937738072764877e-05,0.00010607232630845965,2.3006941144818467e-05,0.00013557474889545887,1.0911891974494103e-07,0.0001425639276469635,0.0002934495933062309
25,0.0003336993385549661,0.00030410690256164446,0.07648648774947274,0.003482975530304634,0.0007248866860820979,3.2504021433936157e-07,0.00010276965275671952,0.0025461509892801895,0.0002139685134192481,6.821804200246085e-05,0.00033934024299628844,0.910725540478939,0.0019662527798496626,0.0005903228706690579,1.8553884653947163e-07,1.2577478275735553e-07,0.00018062194788589258,0.0008617608325721157,5.1757716806665123e-05,0.00012721734702408308,3.061340708373806e-05,0.0002030453337780532,1.2279179654060875e-07,0.00015166239512891505,0.0005078420971917023
26,0.00043472684831731746,0.00016843594483412078,0.06586516599265604,0.003301549218403844,0.00037948529610380536,8.32670215038246e-08,8.821773693088894e-05,0.0036243500807790724,7.850509752910663e-05,2.8295728630104236e-05,0.0002757992424981936,0.9212704646012675,0.001942389730694272,0.0002483190531124454,6.669905448662594e-08,4.855730852376762e-08,0.0003244491970836245,0.0011380240576411925,2.4638563786540372e-05,0.00011256457377934098,1.7548136383634077e-05,0.0001294379728987754,1.0096394976070019e-07,0.00027357733218298636,0.0002737561071529092
27,0.00036674063103800495,0.00018775500011588357,0.06361126430692235,0.003643733787018171,0.00046681462876965133,1.8653575288586763e-07,0.00010951774865627982,0.004237376294281056,0.0001633235921487321,4.7500568052022456e-05,0.0003411363856061853,0.9228987445153009,0.001474295105231559,0.0003639577204158195,1.4971805683098758e-07,1.1288689064624912e-07,0.00023262329973826744,0.0008295234582818363,5.140050188494543e-05,0.0001577518984291853,2.9291361143893e-05,0.00018820176148013438,1.293418754244584e-07,0.00016289264373215556,0.00043557630917724833
28,0.0003022349309012289,0.00015876940370812006,0.054950526320382206,0.0036252646404753576,0.0004482994430982881,1.3790263730091266e-07,9.196658864723859e-05,0.0030592072848557067,9.334592154890982e-05,3.4735920533236136e-05,0.0003178869028256103,0.9332154906749918,0.0016029771531182089,0.00037735668130420513,8.625730745643715e-08,7.697660286422703e-08,0.00019015074271324755,0.0008002631606881915,3.679976365090411e-05,0.0001231910370916306,2.344172744775291e-05,0.000125804515879215,1.1192335102042213e-07,0.00013625630318016494,0.0002856178230601614
29,0.0003022349309012289,0.00015876940370812006,0.054950526320382206,0.0036252646404753576,0.0004482994430982881,1.3790263730091266e-07,9.196658864723859e-05,0.0030592072848557067,9.334592154890982e-05,3.4735920533236136e-05,0.0003178869028256103,0.9332154906749918,0.0016029771531182089,0.00037735668130420513,8.625730745643715e-08,7.697660286422703e-08,0.00019015074271324755,0.0008002631606881915,3.679976365090411e-05,0.0001231910370916306,2.344172744775291e-05,0.000125804515879215,1.1192335102042213e-07,0.00013625630318016494,0.0002856178230601614
30,0.0003022349309012289,0.00015876940370812006,0.054950526320382206,0.0036252646404753576,0.0004482994430982881,1.3790263730091266e-07,9.196658864723859e-05,0.0030592072848557067,9.334592154890982e-05,3.4735920533236136e-05,0.0003178869028256103,0.9332154906749918,0.0016029771531182089,0.00037735668130420513,8.625730745643715e-08,7.697660286422703e-08,0.00019015074271324755,0.0008002631606881915,3.679976365090411e-05,0.0001231910370916306,2.344172744775291e-05,0.000125804515879215,1.1192335102042213e-07,0.00013625630318016494,0.0002856178230601614
31,0.0002765993275137112,0.00017763327387744084,0.06924218200718374,0.004505842059429516,0.0004992459823280228,6.831070992226403e-08,7.569163484795444e-05,0.00425109988628663,7.395305762096573e-05,3.697939286534504e-05,0.00020530343140476664,0.916242907197264,0.002235786028740626,0.0003478329397178557,4.470324241557988e-08,4.776705316431234e-08,0.00022566024520155687,0.0008590927093999253,2.9160291777053882e-05,0.0001263488276710973,1.8803032494358735e-05,0.00010708448823001839,7.685483668447775e-08,0.00020390565007341347,0.0002586509002296655
32,0.0003069743967817651,0.00015724825679913065,0.05456871438374658,0.0034624422687150845,0.00044616362958187157,1.4015614186276654e-07,9.224303809482979e-05,0.0032124987250698924,0.00010225499170851637,3.550869793400203e-05,0.0003168132917876104,0.933693987727239,0.0015280994072119486,0.0003717978508070806,9.458656587318719e-08,8.168037075232351e-08,0.00019554106752628678,0.0007628355032005656,4.1527833480202544e-05,0.0001223615271447049,2.4729598141772565e-05,0.00013399669130143645,1.0895533709552103e-07,0.00013169907482782958,0.0002921366604842471
33,0.00041851578253084996,0.00012977101796473532,0.10387611338667962,0.005307878895944171,0.0005040271696002638,2.6004538845537815e-07,0.00015774188880771187,0.004049384228188277,0.00029703074494591105,4.5355362560255034e-05,0.0005289809975918212,0.8812377222613107,0.0010710081747401226,0.00038919684516098614,1.9334044713335778e-07,1.5910410501244885e-07,0.00014168576881681748,0.0006264983366909816,6.561100765671544e-05,0.0001448472620503053,4.037908143317632e-05,7.003242663322945e-05,1.3666548768278538e-07,0.0001506937195265921,0.000746776485738307
34,0.0005317049886892813,0.00021857452421889984,0.10627518001104694,0.00317947723369078,0.0005643093675876722,2.6698963337570107e-07,0.0001645870840306927,0.0037391324492213594,0.00046720574502412583,4.677297858757164e-05,0.0004202151720970307,0.8801589563426709,0.00195592464835444,0.0005506168527039102,2.2775368251656627e-07,1.3974326359724527e-07,0.00013922283746146526,0.000527434604806595,0.00010895331578630874,0.00014110380890210492,2.463854412901374e-05,0.00014479472109922128,7.859090636015114e-08,0.00012573850907222897,0.0005147431833336887
35,0.0003524695416225691,0.0001648489272444188,0.05210419489738869,0.0037767134168187146,0.00040033248472183655,1.1927500627495805e-07,9.155202166001347e-05,0.0038076630616974633,9.945658777251612e-05,3.826584846619094e-05,0.00029173540152756884,0.9350411208808994,0.0015283216892136402,0.0003245121286507718,7.939541840794658e-08,7.200724778836108e-08,0.00022378349567673555,0.0009375598253056313,4.1364811000875254e-05,0.0001255111490327666,2.446749172984921e-05,0.00014100483948269735,1.0324388957700766e-07,0.000152452252744161,0.0003322953257812475
36,0.00030368237378411217,0.0001605266565404882,0.055110806612590435,0.003661560408835016,0.0004511515451745855,1.4008260942325737e-07,9.29808338895513e-05,0.0030736384649037206,9.394619234341984e-05,3.511906377875017e-05,0.0003223286682750463,0.9329634344224046,0.0016128023738776784,0.00037967846800238093,8.697015882862464e-08,7.774065219655721e-08,0.00019045029790653724,0.0008112445569682685,3.697932418464974e-05,0.00012446330994722097,2.3672509619299627e-05,0.0001263983924728455,1.1342133966601402e-07,0.00013741313500827306,0.000287304174733049
37,0.0004060425192376217,0.00010699101623023159,0.04212054362328124,0.0019929960445034447,0.0002407187514459252,6.189779296958721e-08,6.949258310519487e-05,0.00146661011160631,3.39829608758075e-05,1.365254903017236e-05,0.0001946923499338301,0.9504035221699302,0.0012707440229601278,0.0003361307670764977,3.642539118402999e-08,4.023009279479693e-08,0.0001437708038556191,0.0007393109623955086,1.9696960118786852e-05,6.431999586294787e-05,1.1756184297085653e-05,8.23327861476507e-05,6.766439300635137e-08,0.00010143142818099642,0.00018105519225474913
38,0.0002182753736455949,0.0001820498701960607,0.06356789807567588,0.004875086214895449,0.0005428288189100028,7.487465666034089e-08,5.897196862866606e-05,0.004152984849159421,9.42101495244522e-05,3.6184851700673486e-05,0.0002345989631737591,0.921940290404129,0.0020229669986179762,0.00033269491246509233,5.4230732666407875e-08,3.869980997298695e-08,0.00023600918384776302,0.0007590291938526041,3.1217235981957895e-05,0.00012056722141732504,1.99101315847e-05,0.00011703700561010666,7.265312927917285e-08,0.00015971325365559454,0.0002972348649994112
39,0.0003896053391270936,0.00028861740576072164,0.06508793848365742,0.004022777553397129,0.0004961280940944868,1.496216960351034e-07,0.00012169119861570515,0.002943371003123662,0.00011416050866744644,3.85747685340185e-05,0.0003980930589394038,0.920938510582399,0.0025319399749576285,0.00048169675756617623,1.0858487365033136e-07,6.508543508880892e-08,0.00022618249659382697,0.0010327447063700325,3.784653020229088e-05,0.0001344413783702256,2.0690321711351667e-05,0.0001670911506484289,1.2511961518737878e-07,0.00019211589609803784,0.0003353343795459619
40,0.00034478196097909036,0.0001251896949060951,0.03865779077963623,0.001424640748108279,0.0002864027028781356,9.054136151938554e-08,5.938877677008054e-05,0.0013744369595435264,5.430323417870307e-05,1.5382703157140684e-05,0.00021258356403521545,0.9548098666379309,0.0010324892534858264,0.0003584319528905757,7.33974976741794e-08,4.630705575357547e-08,0.00015794818329405418,0.0005659425034981882,2.748027402200654e-05,5.469075996964631e-05,1.4459241037496218e-05,0.00014171985213014374,6.732930769044506e-08,7.84975136155282e-05,0.0002032951287106065
41,0.0002734433902459464,0.00028892241734480406,0.15842946679411604,0.004852167844832742,0.001330744759029884,3.7262974356503375e-07,0.00011686024023219182,0.004047259688397999,0.0005124387474060076,8.533913440645221e-05,0.00040131075183866873,0.8246575154171156,0.0025531574874624965,0.0006812111990588328,2.5913515246542414e-07,1.5113931443128127e-07,0.00015222095026761379,0.0004964402401505785,7.039178834317477e-05,0.00015428694474942884,3.2888913104277574e-05,0.00013668026374795707,9.537983410843182e-08,0.00018851360171658757,0.000537861142388203
42,0.0003016538814418479,0.00015340767895511692,0.052424896700915484,0.0034018830608293677,0.00042656523302397214,1.2904688557728846e-07,9.187022922036444e-05,0.003704829787688927,0.00010019522684761692,3.722778996054318e-05,0.00030451070844649095,0.9356050644534641,0.001382738680746104,0.0003363515375203961,9.907913406701078e-08,8.701048056377979e-08,0.00021786325955091177,0.0007348352837383744,4.3881516342763524e-05,0.00012791916988215115,2.676714738060791e-05,0.000149037542533655,1.1069925021304815e-07,0.00013599059445383824,0.0002920846813066139
43,0.0002620093119366058,0.00020004106461116953,0.045735387690776785,0.00534563906977597,0.0008468835718185607,3.369267653520274e-07,9.664234538073124e-05,0.006836559414483347,0.00015528810365837014,0.00011760133378985485,0.0003889598554434837,0.935806042640273,0.0012119165882349065,0.00037699705880921505,1.7973129722627442e-07,2.1394737559448403e-07,0.00031404570825050414,0.0011394453171030055,7.786829092367669e-05,0.000170263769667388,7.325549569329876e-05,0.00027312952546186694,2.0891071556120367e-07,0.0001742300315361373,0.00039685429621826956
44,0.0003022349309012289,0.00015876940370812006,0.054950526320382206,0.0036252646404753576,0.0004482994430982881,1.3790263730091266e-07,9.196658864723859e-05,0.0030592072848557067,9.334592154890982e-05,3.4735920533236136e-05,0.0003178869028256103,0.9332154906749918,0.0016029771531182089,0.00037735668130420513,8.625730745643715e-08,7.697660286422703e-08,0.00019015074271324755,0.0008002631606881915,3.679976365090411e-05,0.0001231910370916306,2.344172744775291e-05,0.000125804515879215,1.1192335102042213e-07,0.00013625630318016494,0.0002856178230601614
45,0.00031686235551654166,0.0001722290619043635,0.043597391842796165,0.003822176354713475,0.00039339298633165524,1.4310237182210157e-07,7.918193295082956e-05,0.0024843496270638395,6.880133124307702e-05,3.372746356367631e-05,0.000328746021812886,0.9449141148924728,0.0013463496466685162,0.0003806996503906556,7.534916943884977e-08,6.987708025387455e-08,0.0001976264803179673,0.001109039032325168,3.1502046842423445e-05,0.0001100618266005059,2.813106525624151e-05,0.00012650807009893547,1.2925165638546658e-07,0.00012630025579875884,0.00033239047505347443
46,0.00033271116138402747,0.00021943165916399102,0.07580882331969575,0.004502010520358394,0.0006138957468258511,2.848799836287023e-07,0.0001567798210209046,0.002995003775590865,0.00017377071258281191,5.1744691696689513e-05,0.0004766626702694957,0.9101401608541496,0.0020555991885562548,0.000622791963310186,1.31936317975158e-07,1.3160420410170104e-07,0.00012371523247074176,0.0008486512897921411,5.5299354053032545e-05,0.00016464229023463917,2.8211588749398366e-05,0.00012671447583130304,1.3856437418767672e-07,0.00013436423110629034,0.00036832846827773133
47,0.00040239122236971936,7.999623307499143e-05,0.02412551925665293,0.0011638736629210938,0.00014384555874559924,5.530879947151343e-08,5.145059791175207e-05,0.0015044649977425586,2.789098151897096e-05,1.2650970180631776e-05,0.0001469557333672076,0.9701262098582342,0.000707792300568465,0.00018177588073832614,4.588613409448904e-08,4.6384900625603496e-08,0.0001911664804264347,0.0006605791704762894,1.9784973506596075e-05,5.850439005406494e-05,1.2715602787801266e-05,0.0001327665053635611,6.551540044730735e-08,7.918251418185947e-05,0.00017027001394220547
48,0.00044354337076486425,0.00026792683919431526,0.04161391014370506,0.0036752697959815737,0.0003718267939776903,8.003691520332602e-08,0.00013020901002008974,0.006489136254754086,7.826303914948782e-05,5.1263521384977774e-05,0.00026343894211977977,0.9418066990089816,0.0019196429568734577,0.0003147931712634157,1.1336403950690449e-07,8.70127855973303e-08,0.0005105714041648314,0.0009808498437468924,6.265251917179538e-05,0.00014681543054618715,3.126021438438719e-05,0.0003030499965121731,1.4433592831056424e-07,0.0002459236349348029,0.0002925293586998414
49,0.00020858007274644899,8.929917846727988e-05,0.04100066379958477,0.0023097980498142136,0.00036386565802055477,1.1034437192234321e-07,5.210343634097316e-05,0.0019957575610854927,5.802932742559885e-05,2.0818412463757247e-05,0.00023666837742573175,0.9509598632340563,0.0011792746650709717,0.00028431852083239786,5.5332800547240034e-08,5.355993828535629e-08,0.0001462203051346607,0.0006142080339908705,2.315557970780305e-05,8.963434337206874e-05,1.6050619979532584e-05,0.00010060476393727089,7.838540969955928e-08,8.186468282109161e-05,0.00016892375520165823
50,0.00046069523663700264,0.0002890178603843362,0.08085968557913657,0.0056897222392639744,0.0006386308030781304,2.528303939306901e-07,0.0002605197720913103,0.00518541066543623,0.00019918466573028864,9.938708502041165e-05,0.0003514032477703142,0.9000804981985052,0.002845013477216255,0.0007694471043082916,1.3303992134137896e-07,2.2285031627732247e-07,0.00017264865681260232,0.000921037875128258,9.494325328498046e-05,0.0002223703642993765,3.315778646187511e-05,0.00020715294379616378,1.6053590907827285e-07,0.00018876307111583454,0.00043054085798196947
51,0.000309438877840164,0.00017402241474711387,0.045676529405400436,0.004119844615290729,0.0004117039896046639,1.1454195796174787e-07,9.433720747954667e-05,0.0032713775991180427,6.979313990042515e-05,3.459135552143464e-05,0.00033166973106106063,0.9413813636888742,0.0017661225738711992,0.00037937210986776067,6.5237663852754e-08,5.9197692091610504e-08,0.00020376229640828221,0.001076448426744286,3.3587395460356785e-05,0.00011847356242375537,2.3938727516625028e-05,0.00013141640426623106,1.1684730417162287e-07,0.00014491887101299736,0.00024693178297259267
52,0.0003221145352072237,0.0001687020885876534,0.052672563293965496,0.003685059645785969,0.00045515661979926195,1.776891219520846e-07,9.926941992479097e-05,0.0028383022192402393,9.415061779432066e-05,3.6776726132139235e-05,0.00036559652411291625,0.9351784286434337,0.0017651115602083343,0.0003968977188097605,8.999475857258838e-08,8.422137907314384e-08,0.00018570649340131799,0.000990794638906505,3.498582175721016e-05,0.00013581853838227028,2.3438120772977053e-05,0.00013453229326658076,1.308020243063317e-07,0.00014031550752670826,0.0002757962657007146
53,7.36176396764553e-05,5.958223339146126e-05,0.022065196778854705,0.0013195269814239934,0.0007168882932621023,2.9542347270466834e-08,5.2125636729443784e-06,0.0014122359934539718,1.8355965601465058e-05,1.3365954572907613e-05,5.4862245215946484e-05,0.9728330660761759,0.0005446385474855979,0.00022028378225592764,1.2213579286629235e-08,9.604654904279167e-09,0.00013255945253876907,0.0003032484070525257,1.5561459263480872e-05,1.5774961635844388e-05,1.3003612894873856e-05,8.247310310583941e-05,1.3670200887075077e-08,3.127431487456784e-05,6.920660280821983e-05
54,0.0001825467463841825,0.0001169809259091206,0.04241287578071541,0.004043810491899733,0.0006556802446542213,1.1645466406505128e-07,4.700379169722365e-05,0.005098558133842223,7.323629039893606e-05,3.1652819693918394e-05,0.00041590689890480927,0.9434219716475358,0.0013140115202882347,0.00021845683339128042,5.901474391027747e-08,4.0931971520259084e-08,0.00027721390291276707,0.001091532666015077,2.9257680456280336e-05,0.0001077353340095827,2.9599368486821486e-05,0.000130142108936344,9.14233931458267e-08,0.0001530594124285643,0.00014845957666665872
55,0.0004070270442810428,0.0011279829197034428,0.04787501675136946,0.018660130220994834,0.012101286380406733,5.563759667844734e-06,0.0005173994946406132,0.03357354038071812,0.0001738137120369071,0.0011255413261293502,0.0016668224462097693,0.8622953206493692,0.0005430889700084817,0.0054246186687327445,8.356419104077182e-06,1.0941489258285982e-05,0.0016500943961758102,0.001474177674276365,0.0012737803879750201,0.00030927020345376056,0.002386022858399598,0.006101010684989749,1.572410897608886e-05,0.0003852192958638791,0.0008882497572588367
56,0.0003037202640270193,0.00016727986784314936,0.057040404143560486,0.0037330611554386535,0.00046927330911018523,1.3899489436863493e-07,9.381106419620597e-05,0.00300635657935236,9.370734555889517e-05,3.4923639095305984e-05,0.0003193250168358508,0.9307629766946617,0.001838133647769275,0.000396100820023375,8.495953082494948e-08,7.455144032245873e-08,0.00019337840244257082,0.000819404329903325,3.5651468995011834e-05,0.00012671501106564434,2.2113089572563444e-05,0.00012442163821986893,1.1376965598103435e-07,0.00014410975293291007,0.0002747204838743749
57,0.0018107626372021737,0.001371303623369262,0.09615967818230309,0.018678467992424622,0.0006031564404722206,1.030374733358857e-06,0.0014132377373630351,0.005564099105001504,0.00023552159063300936,0.00011329438673461612,0.0030051086058246928,0.8531742021171996,0.005388625603978896,0.0013113057915521758,5.600243005149913e-07,3.3884038906084885e-07,0.0003202962928227479,0.007231742544574833,7.146067328019651e-05,0.0006317262681827423,7.089255652464263e-05,0.00029505105275908546,1.7730176758109147e-06,0.0009575262102119478,0.0015888383304862232
58,0.0003235487007691508,0.00017236536584815186,0.05706944393552201,0.0036500407965433185,0.00045522290061920326,1.2827959543998046e-07,9.546303192007761e-05,0.0033248576943171633,9.095713453964209e-05,3.6419475540363094e-05,0.00031341653318430526,0.9305214435743977,0.0017120975720665808,0.0003566229494928384,8.921491637869561e-08,7.505105611053665e-08,0.00022585908212878006,0.0008743089653771812,3.521679106045381e-05,0.00012309369242927286,2.4040092616920806e-05,0.00013535812436164867,1.1924513480604234e-07,0.000169588593696362,0.0002902232028662984
59,0.0003284869381891114,0.00015695571486953742,0.06127011835873618,0.0034280868803791818,0.00043833155894770407,1.178789104939097e-07,9.17073232299279e-05,0.003241976807214745,8.672970359686357e-05,3.2418901941401415e-05,0.00030420040207752104,0.926833093150779,0.001632650935611446,0.0003304531585014067,8.348164661769403e-08,7.125795609160198e-08,0.00022092262226697698,0.0008513811440772693,3.1505289521475225e-05,0.0001197711729810584,2.2292672558188726e-05,0.00012245513954820155,1.1115419852382241e-07,0.00017724701628164935,0.00027883133597980875
60,0.0003022349309012289,0.00015876940370812006,0.054950526320382206,0.0036252646404753576,0.0004482994430982881,1.3790263730091266e-07,9.196658864723859e-05,0.0030592072848557067,9.334592154890982e-05,3.4735920533236136e-05,0.0003178869028256103,0.9332154906749918,0.0016029771531182089,0.00037735668130420513,8.625730745643715e-08,7.697660286422703e-08,0.00019015074271324755,0.0008002631606881915,3.679976365090411e-05,0.0001231910370916306,2.344172744775291e-05,0.000125804515879215,1.1192335102042213e-07,0.00013625630318016494,0.0002856178230601614
61,0.0003096141672993687,0.00015169633029029936,0.06165671845079706,0.003328571819516929,0.0004446092285272557,1.172497364959528e-07,8.627510277634375e-05,0.003047173663240477,8.930835799501049e-05,3.076790153890807e-05,0.00030114734489155806,0.9269394721813923,0.001578621930656936,0.00033757139827943146,8.22963231410531e-08,6.839925531108729e-08,0.00020457200393746557,0.0007767749188038062,3.2206893764421545e-05,0.00011442690840132082,2.1713888921200957e-05,0.0001166907726244334,1.0155172327705529e-07,0.0001578699579558732,0.00027382728135163554
62,0.0003022349309012289,0.00015876940370812006,0.054950526320382206,0.0036252646404753576,0.0004482994430982881,1.3790263730091266e-07,9.196658864723859e-05,0.0030592072848557067,9.334592154890982e-05,3.4735920533236136e-05,0.0003178869028256103,0.9332154906749918,0.0016029771531182089,0.00037735668130420513,8.625730745643715e-08,7.697660286422703e-08,0.00019015074271324755,0.0008002631606881915,3.679976365090411e-05,0.0001231910370916306,2.344172744775291e-05,0.000125804515879215,1.1192335102042213e-07,0.00013625630318016494,0.0002856178230601614
63,0.0003294457404637283,0.0001948328603241149,0.05839259791537679,0.0038534759553075404,0.00047150464823936245,1.468150622809889e-07,0.00010114154586503389,0.003216039502079642,0.00010218626802391015,3.8343225331746563e-05,0.00034467424885576954,0.9288265316109507,0.001813029383159008,0.0004006729005994757,9.718207843371298e-08,7.866682499892501e-08,0.0002098004523949846,0.0008950854346383657,3.887543010991285e-05,0.00013278746150937958,2.462539312644024e-05,0.0001412778405324128,1.20910669589164e-07,0.0001578506486448495,0.0003147779598312618
64,0.0002867007809927419,0.00014848609141551174,0.04841701600448635,0.0035983664138598743,0.0004428926563908528,1.3241012043895473e-07,8.335835175747934e-05,0.0031147689664227465,8.135427949858786e-05,3.4457083269578447e-05,0.00032244232491196874,0.9401100741961221,0.0012564938863225614,0.0003567783534385499,9.0881512995362e-08,7.941307031149401e-08,0.00020453959379384724,0.0008135822336144365,3.8420969693948864e-05,0.00010816277932461064,3.069599968414041e-05,0.00012561799580664633,1.1926851478623283e-07,0.0001298739537904826,0.0002954951121845221
65,0.0004736780693229872,0.0003320374059735738,0.0891002636743106,0.005221737736956505,0.0005292311222366926,1.420944946731945e-07,0.00017517332582064456,0.005428628402774455,0.00019694297655530534,5.3348881371730324e-05,0.00041333563451823177,0.892292674076298,0.0028883849323777934,0.00045647783959309085,1.5002643737936482e-07,8.781604352518296e-08,0.0002839743232443494,0.0009448342629636414,5.741004342856193e-05,0.00018986933220031175,2.4489985677857357e-05,0.00018602954411304554,1.3689929831353468e-07,0.00028062378550265617,0.0004703378084862937
66,0.000305722837134549,0.00016531541209333786,0.053512731009009155,0.0035811085189765856,0.00044205430346577437,1.3404282526186286e-07,8.963757943377477e-05,0.0029969017495790956,8.859258275295216e-05,3.32922117540122e-05,0.00032866502704834345,0.9347583961090054,0.0015418379267496095,0.0003702030385563376,8.981619269373901e-08,7.203659085286057e-08,0.00020245676626366946,0.0008406184914897676,3.490067946284694e-05,0.00011718889210896354,2.4350466310063133e-05,0.00012993476334852483,1.1678467888068058e-07,0.00014257496216886053,0.0002931039930007333
67,0.0003039077073370357,0.00016128685057115766,0.05530918712974657,0.0036471943466545435,0.00045326945733936957,1.3701038842939304e-07,9.212610417325236e-05,0.0031250758535696288,9.492636436125649e-05,3.527030122675359e-05,0.0003188504295115478,0.9327354557899853,0.0016131857215245158,0.00037596904411585976,8.652740275004265e-08,7.635817021106545e-08,0.00019283898809072559,0.0008045863964947485,3.7376729989324904e-05,0.00012290656695073475,2.361844838262699e-05,0.00012731709668163335,1.106709873470886e-07,0.00013837646773168894,0.00028686363861314673
68,0.00029049968505228025,0.0001695202655738472,0.06656154915980933,0.003610766195920264,0.0005316260895167895,1.2921344970985638e-07,9.87791819758354e-05,0.003447651919095914,0.00011990301449138608,3.865748980337489e-05,0.00029504804110517077,0.9210604508713215,0.0018217831421012101,0.0004268341113034593,9.240104560145237e-08,8.00825208731047e-08,0.00018045428840236666,0.0006181561157210763,4.5553300707397374e-05,0.00012013401994183017,2.2329341560576778e-05,0.00012682758963037316,9.142754609085167e-08,0.00013726794885861264,0.0002758151035452961
69,0.0002921518157374357,0.00015386047666541617,0.05041882835384249,0.003101849169598833,0.00045315064987594883,1.423191604405324e-07,8.600102033711935e-05,0.002667336959335608,8.91422905211377e-05,3.128158267859778e-05,0.00032092785181907425,0.9388851256089757,0.0015196714144656565,0.000389000982970665,8.730737128634822e-08,7.105771341197371e-08,0.00017830420349716834,0.0007484570400208403,3.6263578295336885e-05,0.00010551198827194808,2.198671361503702e-05,0.00013339374335864424,1.0510345198969836e-07,0.0001189865218485793,0.0002483622465712913
70,0.00023172667208924786,5.637622309440519e-05,0.048047205510443836,0.001658303950468435,0.00025515752687215853,9.665577043888372e-08,4.490253397016608e-05,0.0004580341332748877,3.20748854285428e-05,8.555168241799187e-06,0.00012443699423729626,0.9465296773565814,0.0012230696625913232,0.000593107240225768,3.220312559703474e-08,4.686225751019935e-08,5.478164871375236e-05,0.0003500530170307514,1.0557941527504918e-05,5.1852685743316654e-05,7.061412989687039e-06,4.131823457860356e-05,6.460662668154167e-08,3.813943854154123e-05,0.00018336743557529543
71,0.0002843926627263338,0.00017928406325946937,0.060116310745193725,0.0036303330501231412,0.000534737306006684,1.5515886020888482e-07,8.639969086698093e-05,0.003037480491872883,0.00011166753618288966,3.9821694943948636e-05,0.0003210035009765719,0.9278638596181786,0.0016788395162573464,0.00040410670934910034,9.493048371479793e-08,7.66628066126806e-08,0.00018794745606391655,0.0007681778548651845,3.8943524287047834e-05,0.00011738023573509334,2.453542657428397e-05,0.00013418488752817143,1.0281308281146041e-07,0.000137815993365873,0.0003023484704094706
