,0,1,2,3,4,5,6,7,8,9,10,11,12,13,14,15,16,17,18,19,20,21,22,23,24
0,2.1762052362759432e-05,4.070859758737826e-05,3.503289857324526e-09,3.975818404712104e-06,1.0304266979997085e-05,3.4174599898895775e-07,0.00371195536436383,8.600758712089856e-07,2.379927328224094e-06,4.4537124530039016e-07,7.14860110897226e-07,0.39580570005416965,0.0002333815851937247,0.0014274549707951846,1.4356397530305273e-09,0.0001324509609464526,0.0007982655128957435,0.5946418010345059,5.978756780711843e-07,2.758750461840573e-07,1.0927576711349746e-05,8.543363591398252e-06,3.0554629642478894e-06,3.004677707161322e-11,0.0031440926782724116
1,2.8927127059533402e-05,4.845263029283184e-05,3.624916700981361e-09,4.6198824577352574e-06,1.3023950120625282e-05,4.0197913247466957e-07,0.004503703260471344,1.1965398625231348e-06,3.824904436846448e-06,6.02989862436681e-07,7.588934924952763e-07,0.37045710406948573,0.0003027026044024797,0.0013635860744438196,1.4850657993083592e-09,0.00021209460374571837,0.0008881917746902032,0.6187864807695259,7.859223941873665e-07,3.2171443101270387e-07,9.58244041537303e-06,8.118815041037312e-06,3.4887479916198556e-06,3.496991562427024e-11,0.003362025161291726
2,2.6971560244311026e-05,4.450370897352822e-05,3.948428336482264e-09,4.282444623207979e-06,1.5573205044535768e-05,3.7304064615267893e-07,0.005743448690734103,1.2502875179013585e-06,4.429191177292723e-06,7.637795003906717e-07,6.88966381267064e-07,0.3252995165126202,0.00020329594887372155,0.0018781017511392778,2.377995787828362e-09,0.00015871975138244615,0.000703011527861199,0.6595901544691402,8.506096715869553e-07,5.252750859903234e-07,1.255892653158114e-05,1.4284300715970817e-05,4.677329733529666e-06,4.538302220672111e-11,0.006292012350594676
3,2.1756487533922904e-05,4.057904968976676e-05,3.5166214269078725e-09,3.963413588215283e-06,1.0262418583811477e-05,3.453414017961694e-07,0.003732551519198121,8.713557287258521e-07,2.364859060877631e-06,4.481848831062805e-07,7.112493160030324e-07,0.3969612767973484,0.00023435665997718593,0.001416745820944339,1.4434884061585587e-09,0.0001338925578808209,0.0007954454161022454,0.5935003142656973,6.07843412519831e-07,2.802658464240806e-07,1.1023551312240005e-05,8.55706333102021e-06,3.0568098339902528e-06,2.9970916995409794e-11,0.0031205840792486285
4,1.978000142368561e-05,4.224357991851003e-05,3.560117824508511e-09,3.7965142020796622e-06,1.042251833120192e-05,3.3012840418904053e-07,0.0032165556035988864,7.926720501620271e-07,2.044365176349698e-06,3.7525250501304347e-07,7.793909858927974e-07,0.4435315751738788,0.0002778438332866014,0.0013802631723150223,1.2302476376581574e-09,0.00012618066214397164,0.0007850986300853567,0.5481079933824174,6.256949672256963e-07,2.4451024768402946e-07,1.0327621145550733e-05,7.604547915901858e-06,2.7348356635470706e-06,2.5954374456943595e-11,0.002472383093017255
5,1.829737597478099e-05,2.2779879727224407e-05,2.890187353246721e-09,3.879659232477861e-06,6.792196424495935e-06,2.430930164298426e-07,0.002846082097765975,6.866272739426277e-07,1.7455185113173728e-06,4.1274364206451776e-07,5.081479217832099e-07,0.3058338746771525,0.00016456452082653036,0.001215853604437295,9.376331930838693e-10,0.00010773671224291844,0.0007030789987740628,0.68644382385457,3.6077917886477253e-07,2.754230497985804e-07,8.626902147832624e-06,6.402192520686255e-06,2.4424139000472455e-06,2.987320247374377e-11,0.0026115287240152016
6,2.1756487533922904e-05,4.057904968976676e-05,3.5166214269078725e-09,3.963413588215283e-06,1.0262418583811477e-05,3.453414017961694e-07,0.003732551519198121,8.713557287258521e-07,2.364859060877631e-06,4.481848831062805e-07,7.112493160030324e-07,0.3969612767973484,0.00023435665997718593,0.001416745820944339,1.4434884061585587e-09,0.0001338925578808209,0.0007954454161022454,0.5935003142656973,6.07843412519831e-07,2.802658464240806e-07,1.1023551312240005e-05,8.55706333102021e-06,3.0568098339902528e-06,2.9970916995409794e-11,0.0031205840792486285
7,2.6289096966654756e-05,5.809186275653582e-05,5.977157731055921e-09,4.128095813643641e-06,9.8983122983894e-06,3.266572974413764e-07,0.0038479136481479517,1.322453058847066e-06,1.7397178308518262e-06,3.3276184772730076e-07,9.388327046802826e-07,0.5037731122091175,0.0005648766922016404,0.0009413495905714079,1.1923655219502344e-09,0.00012295213589796436,0.0008888269376130002,0.4883064781735028,9.475163001114226e-07,1.9395706375370597e-07,9.556962621621569e-06,7.814559302860351e-06,1.5753898272903987e-06,2.410618944157386e-11,0.0014313272436278933
8,2.799161383804008e-05,4.1366722583686194e-05,4.902565819350905e-09,6.563049498841748e-06,1.4679074636533348e-05,4.015228752220884e-07,0.0053019236539381745,7.62315984297243e-07,4.890378089760981e-06,9.53509073690648e-07,9.260173448929814e-07,0.22072662584766675,0.000126996746880213,0.0029300754806153707,3.790698785161722e-09,0.00012779842952542137,0.0007520600149046658,0.7601484273988922,4.1440217383042327e-07,4.412218725240992e-07,1.3534225675424672e-05,1.4069363333171062e-05,5.787884163580761e-06,1.2509598280193545e-10,0.009753302308073033
9,2.4644785296718217e-05,3.245225944237237e-05,5.168676118061672e-09,6.499948822039742e-06,1.024119758145874e-05,3.765909974999859e-07,0.00351070005358917,9.517688513333959e-07,3.113847958988139e-06,7.759263407287498e-07,8.157137764585401e-07,0.27245337776051826,0.0002032931522471896,0.001967489446372191,1.9351159679607424e-09,0.00014615186028561574,0.000914843253394488,0.7167044910237971,4.5213588211085513e-07,4.0282010763219307e-07,1.1930878816830655e-05,1.016683979714547e-05,3.895060657526032e-06,7.406639833673675e-11,0.003992926497608739
10,2.1756487533922904e-05,4.057904968976676e-05,3.5166214269078725e-09,3.963413588215283e-06,1.0262418583811477e-05,3.453414017961694e-07,0.003732551519198121,8.713557287258521e-07,2.364859060877631e-06,4.481848831062805e-07,7.112493160030324e-07,0.3969612767973484,0.00023435665997718593,0.001416745820944339,1.4434884061585587e-09,0.0001338925578808209,0.0007954454161022454,0.5935003142656973,6.07843412519831e-07,2.802658464240806e-07,1.1023551312240005e-05,8.55706333102021e-06,3.0568098339902528e-06,2.9970916995409794e-11,0.0031205840792486285
11,2.1290712758473137e-05,4.121554383392371e-05,3.7151559268619573e-09,4.001958895529998e-06,1.022753296169797e-05,3.5197230698347105e-07,0.0036211508902885,9.227271755297551e-07,2.233192423211161e-06,4.1810920190507476e-07,7.356122939516396e-07,0.42073522349036696,0.0002694910580744647,0.0013483310968549602,1.3736682322148382e-09,0.000137926306343333,0.0008206429272837924,0.5702661357668534,6.537612736521491e-07,2.7503072270530043e-07,1.0676651842881383e-05,8.258196847600978e-06,2.9185185966689504e-06,2.8181130619717504e-11,0.0026969138257945803
12,1.4480497778520103e-05,3.675399881828621e-05,2.4156147298613247e-09,2.803517468375161e-06,1.600533058760184e-05,2.232487956147135e-07,0.0024641918226568165,3.6566013748062923e-07,1.8088418261108354e-06,3.0207979959699753e-07,5.038197523107786e-07,0.39304262675185625,0.00012272784527095717,0.0017209532570814407,9.460737002796288e-10,8.215412873046148e-05,0.0004079863295231626,0.5980333320459018,3.9558244546401913e-07,2.2654395218839257e-07,9.027577026841473e-06,5.087096374025593e-06,2.5523192167001265e-06,1.9212803780096907e-11,0.004035488324098772
13,1.4421367957138713e-05,5.4247128182978525e-05,3.101647874921049e-09,4.287301979649741e-06,1.173239580789748e-05,3.0774914296563646e-07,0.002236472873227995,4.0004562322725147e-07,1.3367224750478785e-06,1.968800641008819e-07,2.278018649118919e-06,0.5961169177219728,0.00043514801343768825,0.0017506597156864972,1.53383174705058e-09,9.71919598246124e-05,0.0008109949971572679,0.39686898096698886,4.911145776324277e-07,1.1609173545585621e-07,1.1371289471639631e-05,4.992803836568862e-06,3.1345885307703842e-06,2.618066589652609e-11,0.0015743155920097725
14,7.83153206426162e-06,6.450082631336899e-05,1.651804553093405e-09,7.865943360783962e-07,1.0450721029807724e-05,2.5852735989323116e-07,0.0013929969569157813,2.0562656872256732e-07,4.142677983373183e-07,1.1884214514096669e-07,6.690653722753836e-07,0.800652981058902,0.00027088886328098294,0.0007445131932759896,5.592672705905194e-10,7.350064960513903e-05,0.00023158624693148154,0.19583725027740242,1.043287111015307e-06,7.578979201684098e-08,8.314834971295547e-06,3.1642084289699076e-06,7.016634734150786e-07,3.91788425727875e-12,0.0006977447519314863
15,2.1756487533922904e-05,4.057904968976676e-05,3.5166214269078725e-09,3.963413588215283e-06,1.0262418583811477e-05,3.453414017961694e-07,0.003732551519198121,8.713557287258521e-07,2.364859060877631e-06,4.481848831062805e-07,7.112493160030324e-07,0.3969612767973484,0.00023435665997718593,0.001416745820944339,1.4434884061585587e-09,0.0001338925578808209,0.0007954454161022454,0.5935003142656973,6.07843412519831e-07,2.802658464240806e-07,1.1023551312240005e-05,8.55706333102021e-06,3.0568098339902528e-06,2.9970916995409794e-11,0.0031205840792486285
16,4.245835667863209e-05,0.00010571035199248058,7.741949408907042e-09,7.069344445678877e-06,2.756367650644832e-05,5.756464916797963e-07,0.006884483810430621,2.3398469876519717e-06,8.17007626101431e-06,5.482631067235863e-07,1.3993730144252506e-06,0.4517650061948327,0.0006245631873386513,0.001997282263939612,3.3647918926816925e-09,0.0002173539330688419,0.0013075877622148323,0.5322239842673707,1.4645163132209527e-06,3.658170852221053e-07,8.924910931374529e-06,1.5104458901237055e-05,5.398664229606393e-06,5.8085829469589716e-11,0.004752634113031576
17,5.468960889999647e-05,0.00012131685378138091,9.770213063311828e-09,1.3997683444192858e-05,3.424955130194778e-05,1.3576203774749797e-06,0.012974591539293758,2.7305285159650765e-06,1.1867454938992177e-05,1.528727003416013e-06,2.0444025654875214e-06,0.3634945708871898,0.0004549233446541606,0.0025238404665073296,9.678302457293993e-09,0.0004962436500783024,0.0014825157723988257,0.6113786479406002,1.463475793158429e-06,4.969107195392531e-07,1.9767451008253427e-05,1.6796913370261802e-05,7.2502199062328e-06,1.420958941642777e-10,0.006905089407040008
18,2.562743915921248e-05,6.457015261917548e-05,6.10768715024882e-09,8.233883433920513e-06,1.961865536800208e-05,5.899233022673096e-07,0.0061149530763005165,1.5819347053850718e-06,3.2785576483194288e-06,5.202075563746598e-07,1.1718717699146898e-06,0.4566576013368188,0.00045655112595612127,0.0015487743928286972,2.7638439653728335e-09,0.00025368625063120403,0.0009565287565317223,0.5312546814748696,8.700067563296149e-07,2.848567597477691e-07,1.3782830104700611e-05,7.746850985890137e-06,3.471583867360441e-06,3.9882237852008175e-11,0.0026058659206133375
19,3.456306600030114e-05,4.3309914669385e-05,2.2117601026198393e-09,3.7583981133207e-06,8.087872684648575e-06,4.585238443756519e-07,0.003248891681764465,4.903958604764695e-07,3.6730740954691963e-06,8.00121026112208e-07,9.139105057971558e-07,0.26719526946727545,0.0001084716276422371,0.001814471375020294,2.0872328803176647e-09,0.00015895496033072157,0.0009266352296000291,0.7195893596318101,4.453290774020632e-07,2.65107418845248e-07,1.4509204053542725e-05,7.503972058698475e-06,6.145233970342162e-06,6.275857175936738e-11,0.006833017541426409
20,2.5319993909025865e-05,5.835333779957851e-05,6.358575858666204e-09,6.230052559771657e-06,1.4211228657836843e-05,6.287078589028209e-07,0.007819676167226284,1.8042510651805155e-06,3.517113835346359e-06,7.050443935020827e-07,1.2161499055800509e-06,0.43297886672620395,0.0003215115757282254,0.0020025244990367792,4.887577560577016e-09,0.0001793633210350846,0.0010748355056761725,0.550556650153369,1.0759350891838689e-06,4.961289683484967e-07,2.2729945639359568e-05,2.1003688884474186e-05,5.82463777401398e-06,5.534610148185161e-11,0.004903444533884995
21,1.6894950857662628e-05,3.5234444492703713e-05,2.653220762326053e-09,2.8947737748581847e-06,9.55977633249549e-06,2.495893733970659e-07,0.0022022499055662395,4.659516227977825e-07,1.4495098423587928e-06,3.7307723647435696e-07,6.3252269696707e-07,0.42244809370336517,0.00017647899115317864,0.0013244976070475192,8.652436466600133e-10,9.75519337482094e-05,0.000552924813440613,0.5707360594690214,4.50718233615486e-07,2.1171978080439012e-07,1.094502745361467e-05,5.668657941781705e-06,2.096720163527888e-06,2.0988141056977703e-11,0.002375012597402059
22,1.7567433447157574e-05,2.3153103715812265e-05,2.975153995605167e-09,3.5461017965198965e-06,5.536699419350805e-06,2.474045364980742e-07,0.0021852846279707804,5.903323108123235e-07,1.2786108910292152e-06,4.34528367244824e-07,5.797766617882585e-07,0.3506033806171079,0.00017456462472016272,0.001160105264467173,8.240700198915858e-10,0.00010073227165055335,0.0007998757362764211,0.6428986217967271,3.708622471777208e-07,2.309491589098677e-07,1.0519176570087678e-05,6.728973185048802e-06,2.0143957457165486e-06,2.5556933516833666e-11,0.0020046328882459266
23,2.1756487533922904e-05,4.057904968976676e-05,3.5166214269078725e-09,3.963413588215283e-06,1.0262418583811477e-05,3.453414017961694e-07,0.003732551519198121,8.713557287258521e-07,2.364859060877631e-06,4.481848831062805e-07,7.112493160030324e-07,0.3969612767973484,0.00023435665997718593,0.001416745820944339,1.4434884061585587e-09,0.0001338925578808209,0.0007954454161022454,0.5935003142656973,6.07843412519831e-07,2.802658464240806e-07,1.1023551312240005e-05,8.55706333102021e-06,3.0568098339902528e-06,2.9970916995409794e-11,0.0031205840792486285
24,5.373365647710656e-05,6.560323991676313e-05,5.8032005501205344e-09,4.1066851955970004e-06,8.573496529113382e-06,5.740479180013114e-07,0.00810924049486804,2.0709630641202393e-06,4.87758011648143e-06,9.444464508344504e-07,7.727819258039263e-07,0.32641157337122806,0.00018897218318108963,0.001199182661752679,4.232199184565099e-09,0.0001359810003695195,0.0012102259989785875,0.6550065303407403,1.2461926844105295e-06,4.7206795719806565e-07,2.3788037357564145e-05,2.4104960985302413e-05,5.173865230322828e-06,6.292205820176871e-11,0.007542241828751421
25,2.809079322756413e-05,6.64425730341363e-05,3.852616087778523e-09,3.0290950950727174e-06,1.5267795173554784e-05,4.2411390438639243e-07,0.0033377243937077043,6.453138711213659e-07,3.5913756431223995e-06,5.505794628857084e-07,6.417398208948562e-07,0.3984805904640433,0.00015371312731134507,0.001872983483193363,1.7605689537100084e-09,0.00011199485962414076,0.0006988385334266157,0.5892519946721897,7.205472382479641e-07,2.932470181780501e-07,1.1884228761230756e-05,1.0844072075689812e-05,3.5205916560203305e-06,3.9337585158037314e-11,0.005946208747999089
26,4.16506203777691e-05,5.242645312245341e-05,4.578142164535449e-09,6.654107451691987e-06,1.4208662604469e-05,4.19073604378348e-07,0.004502916776536118,1.5053090867295121e-06,6.993169485654369e-06,5.584805063078873e-07,9.302264702100086e-07,0.3197540532782818,0.00027546439346013346,0.0015259195287218481,2.164361864526255e-09,0.00017104627173983596,0.0012683963841852806,0.6672835285051769,6.466928232615468e-07,3.9633065363483334e-07,9.500678761152631e-06,9.884393455492337e-06,6.38729284259326e-06,7.811979338959636e-11,0.005066506550028255
27,2.9426259991909243e-05,5.482034346698226e-05,4.560757371699708e-09,5.110465804298478e-06,1.5271220230151278e-05,4.7370724874828134e-07,0.006354064257234933,1.3922196233217704e-06,4.967073941192693e-06,7.297466003308024e-07,9.272738794760269e-07,0.3650619592095967,0.00025438585100684695,0.0019529738857333974,3.065119345898859e-09,0.00017774814546422674,0.0009628902218904607,0.6191059686480945,8.719733727692701e-07,4.601806155724597e-07,1.3801391377062924e-05,1.6424176924941898e-05,5.333926983072822e-06,5.686743658382747e-11,0.005979992138174994
28,2.1756487533922904e-05,4.057904968976676e-05,3.5166214269078725e-09,3.963413588215283e-06,1.0262418583811477e-05,3.453414017961694e-07,0.003732551519198121,8.713557287258521e-07,2.364859060877631e-06,4.481848831062805e-07,7.112493160030324e-07,0.3969612767973484,0.00023435665997718593,0.001416745820944339,1.4434884061585587e-09,0.0001338925578808209,0.0007954454161022454,0.5935003142656973,6.07843412519831e-07,2.802658464240806e-07,1.1023551312240005e-05,8.55706333102021e-06,3.0568098339902528e-06,2.9970916995409794e-11,0.0031205840792486285
29,2.1756487533922904e-05,4.057904968976676e-05,3.5166214269078725e-09,3.963413588215283e-06,1.0262418583811477e-05,3.453414017961694e-07,0.003732551519198121,8.713557287258521e-07,2.364859060877631e-06,4.481848831062805e-07,7.112493160030324e-07,0.3969612767973484,0.00023435665997718593,0.001416745820944339,1.4434884061585587e-09,0.0001338925578808209,0.0007954454161022454,0.5935003142656973,6.07843412519831e-07,2.802658464240806e-07,1.1023551312240005e-05,8.55706333102021e-06,3.0568098339902528e-06,2.9970916995409794e-11,0.0031205840792486285
30,2.1756487533922904e-05,4.057904968976676e-05,3.5166214269078725e-09,3.963413588215283e-06,1.0262418583811477e-05,3.453414017961694e-07,0.003732551519198121,8.713557287258521e-07,2.364859060877631e-06,4.481848831062805e-07,7.112493160030324e-07,0.3969612767973484,0.00023435665997718593,0.001416745820944339,1.4434884061585587e-09,0.0001338925578808209,0.0007954454161022454,0.5935003142656973,6.07843412519831e-07,2.802658464240806e-07,1.1023551312240005e-05,8.55706333102021e-06,3.0568098339902528e-06,2.9970916995409794e-11,0.0031205840792486285
31,2.3361441484315843e-05,2.9291125011784112e-05,3.6980831803107145e-09,2.8603852072633764e-06,7.302596344902896e-06,2.04219472041562e-07,0.002893681750815076,1.021274281660873e-06,1.7757277138777396e-06,3.6954906792087397e-07,3.720769029188201e-07,0.34831626577088026,0.0002164354870446702,0.000851449075609595,7.111898172725106e-10,9.505583565551464e-05,0.0006574634985252702,0.6445179623271797,6.063628204552763e-07,2.8346510070261536e-07,7.763599782455367e-06,6.9512699190074205e-06,1.796545735835825e-06,1.9537682793400283e-11,0.0023677221866340065
32,2.1485970028468898e-05,4.2496653292643575e-05,3.6791528563530723e-09,3.702283068096776e-06,1.066681020739476e-05,3.655172397471963e-07,0.0038396827508161745,9.200918217274962e-07,2.3156531155187437e-06,4.553857069711398e-07,7.171535239113247e-07,0.42082892631508484,0.00024845798570052223,0.0014142770085731574,1.5102209189050699e-09,0.00013877037898915652,0.0007842402290118302,0.5695471810027133,7.273391376563331e-07,3.021739499114007e-07,1.1379044887795045e-05,9.30309455734213e-06,3.071088314095352e-06,2.824308394580571e-11,0.0030905508526429793
33,4.856904381915141e-05,0.0001032860728843683,7.059054939958583e-09,8.182293046698831e-06,4.667621373290008e-05,6.652064109388741e-07,0.00813932464744471,9.751072989616452e-07,8.887603393971859e-06,1.4701884090824319e-06,1.4974280101273372e-06,0.26083947660355383,9.578512928796849e-05,0.0035048514671617795,1.24958472803918e-08,0.00013130918596182585,0.0005032143795174986,0.7001199238916946,9.126768855560171e-07,6.735346763637455e-07,4.775274486603832e-05,1.618605291908025e-05,1.3033307109656648e-05,1.6959597649416575e-10,0.026367327497416514
34,3.444518337046582e-05,7.29596717259883e-05,4.368382265113562e-09,3.309564708769059e-06,1.4972953652389049e-05,3.081932898221465e-07,0.0035187919167006245,9.063474661548986e-07,3.648085628918925e-06,4.3389034307399124e-07,1.0820044728486469e-06,0.44389055125782223,0.00032489690473942956,0.0015227767778978574,1.6635415752639609e-09,0.00010691266315030013,0.0007940794869310472,0.5456227372216872,1.0004398455068738e-06,2.5795455614578767e-07,1.0159616964938216e-05,1.0119556010978027e-05,3.519718344646283e-06,3.7434661696161016e-11,0.004062124521331999
35,1.3901508900454603e-05,7.643261382460147e-05,5.719973854899005e-09,9.097942375301854e-06,3.427588175048374e-05,9.710260453040114e-07,0.007434810984252469,8.193168611051571e-07,3.2940465662475766e-06,6.093471697654593e-07,2.2860881487090638e-06,0.528051398566529,0.00030513385628195227,0.004752198001213234,8.354115671092038e-09,0.0002161651864703382,0.000796344968164855,0.4515693429349985,8.832247650607111e-07,4.4102619223685193e-07,3.065468383020338e-05,1.5084055408521677e-05,1.0086606917290777e-05,6.725113019918449e-11,0.00667575399199368
36,1.776505552897743e-05,2.4973254269494304e-05,2.096719545491562e-09,2.8697430159574366e-06,5.0620864054467446e-06,2.9717079540541954e-07,0.003805894663187264,1.2792245148192434e-06,2.312027839052486e-06,3.0491299383554686e-07,3.8612144883693317e-07,0.41867279719922595,0.00031456800020474956,0.0008814607879940462,6.954304839482822e-10,0.00020223488528426026,0.0012730958981161953,0.572939089842535,5.527561418749757e-07,2.440293910156781e-07,4.711768535793112e-06,8.694736470132222e-06,2.441150389972512e-06,1.4416594836030728e-11,0.0018389618791451188
37,2.0687137278352955e-05,2.2671444664886225e-05,3.06348465308435e-09,3.852220649647073e-06,5.934878027861336e-06,1.9924830827482954e-07,0.002350554284800549,4.940672682058445e-07,1.4793754679033463e-06,3.553437402738643e-07,6.210163689995458e-07,0.2806095352988459,0.00015430139447562905,0.001154754042585269,8.933034511467067e-10,8.23156775421384e-05,0.0006672421323564105,0.7125035662116731,2.870783239946048e-07,2.0569545090986456e-07,7.446839590090616e-06,5.016689127333536e-06,2.0409243436395003e-06,3.952606586124603e-11,0.002406435002796372
38,2.0807446994467183e-05,3.983395500352892e-05,3.425721823739557e-09,3.947290964866991e-06,9.794478716878546e-06,3.8194227063175954e-07,0.003998765087365514,9.232442976093525e-07,2.1975391128326077e-06,4.46376822017094e-07,7.105278109819631e-07,0.41374089264148306,0.00024934755546702694,0.0013501866159658495,1.4944270549925295e-09,0.00015283366005684615,0.000813919330128981,0.5767251327567829,6.575937360248454e-07,2.860739778703941e-07,1.142619543317268e-05,8.394382246538986e-06,3.093264806958148e-06,2.76604970819279e-11,0.0028660170927459695
39,2.3845769244897862e-05,4.74233307832749e-05,3.455246478684088e-09,3.5344946493103403e-06,1.122194561374668e-05,2.781315156249751e-07,0.0026961058030459065,6.128596848865712e-07,2.4806185239617627e-06,4.096845873459518e-07,8.125515194910532e-07,0.39007406466145034,0.00023650145075849977,0.0015682401349234212,1.112830960214696e-09,0.00010471062405642148,0.0007232190029960258,0.6016517999320928,5.073382243723362e-07,2.086549046019845e-07,8.053469149473335e-06,7.141900353030744e-06,2.3140378589345383e-06,3.293667245733665e-11,0.002836509003049338
40,1.9165633731072716e-05,5.0308006543192895e-05,4.031434106576394e-09,3.0926473308389313e-06,1.28252121849338e-05,3.278136162141459e-07,0.003125416218247332,6.36637886574829e-07,1.846959462592816e-06,3.8212578016733653e-07,7.310583009030928e-07,0.4585452236630713,0.00020859726790770902,0.0015635398909319158,1.528443790655377e-09,9.9971828614098e-05,0.0006112679987016986,0.5325623519477649,6.597943829728269e-07,2.420623697450163e-07,1.14735968981394e-05,8.977796717367487e-06,2.3929898487634797e-06,2.5845482755602434e-11,0.003170563263984125
41,4.2369987230268184e-05,0.00015681392792945873,8.26019228588774e-09,1.2384657770904185e-05,5.0573754663479716e-05,9.958823505768582e-07,0.006504638704649209,1.9682680949917637e-06,1.4262209675142539e-05,1.0875504466551554e-06,1.2956939032166678e-06,0.41485343977820494,0.0005653822264346905,0.0026768428985740824,2.9598851621289347e-09,0.00042196802191775737,0.0013973519285933988,0.5683998738426851,9.085199267386117e-07,3.371802878390187e-07,1.1002048382690892e-05,9.83701341773642e-06,4.902512008583649e-06,7.607231983796914e-11,0.004871752096702644
42,2.1668002092820295e-05,3.792687415839225e-05,3.1287891480044115e-09,4.188363231794128e-06,1.0449047985442964e-05,3.205538894303097e-07,0.0034980610026057297,7.277929912656424e-07,2.445800725991753e-06,4.2086555996106764e-07,7.107924968938673e-07,0.36217021653784043,0.000207410768284458,0.0014778586893341031,1.338778631327349e-09,0.0001283940513636375,0.0007537474341865897,0.6283466045669753,4.860167411409783e-07,2.5335083310587576e-07,9.820056066066197e-06,6.9216582028775184e-06,3.160150537345802e-06,3.2268156947862455e-11,0.0033182031240611355
43,3.5195225047826516e-05,4.322237521302982e-05,4.739478934187608e-09,5.4211876386127836e-06,1.2896604511872078e-05,4.967006742605153e-07,0.005326779161661359,1.7091691457827013e-06,5.115650775982035e-06,1.4708827870121927e-06,6.86830453116218e-07,0.27746262009240075,0.00021217691800892358,0.001739382177237914,2.2210395029030188e-09,0.0002124833111762982,0.0009114707588960902,0.7086702621341794,9.366392507685726e-07,6.86070864866806e-07,1.793997600719406e-05,1.6467673896236242e-05,4.708165851160496e-06,5.97345376596175e-11,0.005317865274068535
44,2.1756487533922904e-05,4.057904968976676e-05,3.5166214269078725e-09,3.963413588215283e-06,1.0262418583811477e-05,3.453414017961694e-07,0.003732551519198121,8.713557287258521e-07,2.364859060877631e-06,4.481848831062805e-07,7.112493160030324e-07,0.3969612767973484,0.00023435665997718593,0.001416745820944339,1.4434884061585587e-09,0.0001338925578808209,0.0007954454161022454,0.5935003142656973,6.07843412519831e-07,2.802658464240806e-07,1.1023551312240005e-05,8.55706333102021e-06,3.0568098339902528e-06,2.9970916995409794e-11,0.0031205840792486285
45,2.626621772783734e-05,4.6274295248149494e-05,5.440055240133745e-09,7.169418316524381e-06,1.2771915531632362e-05,6.808467434792645e-07,0.010655227668721306,2.5258050821721663e-06,3.642949361534648e-06,7.164424253112593e-07,8.929843073048033e-07,0.38112225405850253,0.00039487747709904665,0.0014488501227866504,3.964854483398715e-09,0.0003181320312135284,0.001080470338031646,0.6011257446460343,1.0922935558374906e-06,4.993927080076422e-07,1.504284432656119e-05,1.3715185469694914e-05,4.720614872744392e-06,4.4612650797037414e-11,0.0037184230024119307
46,2.1363029678115643e-05,3.1730297217981315e-05,3.559962632166939e-09,4.38646520739492e-06,6.453204792539241e-06,3.6833089012280693e-07,0.0028246867957086603,9.231759756765359e-07,1.8487196032072756e-06,3.7544561284762143e-07,6.685604943287506e-07,0.4087738751481498,0.00025196260836705676,0.0010757167505138438,1.0949561956374533e-09,0.00013773343034794783,0.0011090801692528296,0.5837951729007735,4.951924709224502e-07,2.462134134994863e-07,1.0377249548816711e-05,7.090220960297668e-06,2.7866841778316957e-06,2.945648209193928e-11,0.0019426547224674704
47,2.8133890787724694e-05,4.771410270214433e-05,3.01983305420051e-09,1.0121543625756127e-06,5.467791655569998e-06,1.9695122107636268e-07,0.002472711161010169,8.369787042065713e-07,1.3590543732884677e-06,3.3299252112585666e-07,3.517813685211019e-07,0.5103010642704858,0.0001868794323383943,0.0005748843273594077,7.116321396771736e-10,7.122094079815008e-05,0.0005739255013473001,0.4835470416325475,1.1308614728556704e-06,2.227445466266492e-07,9.055801687251114e-06,1.1440339967658778e-05,1.1688330007512583e-06,1.1862994206207376e-11,0.0021638447124137416
48,2.8413996422341187e-05,5.6644351071595835e-05,4.948818261362839e-09,4.0199940941656166e-06,6.310649502804729e-06,7.432200672369226e-07,0.005989729161692317,2.712132506722444e-06,2.1671908154359713e-06,3.2657101009461496e-07,7.306115339296888e-07,0.575111761241096,0.000687074830282637,0.0006745366956972584,1.5329437649075322e-09,0.00026361681959321273,0.0017935987980640298,0.41408607243228257,1.660622898777733e-06,2.61981055016607e-07,1.0408642090113813e-05,9.853387900095764e-06,2.8237784986369024e-06,1.7431762384091725e-11,0.0012665263926312977
49,1.567076128966838e-05,3.613809162871321e-05,4.0929103204153976e-09,2.7192951608572157e-06,8.154373700679102e-06,3.0759115777795035e-07,0.002429895840160798,6.299501863620723e-07,1.1878214725526797e-06,3.282292825745395e-07,5.559962578119891e-07,0.4769146481455232,0.00018919697286766567,0.0012137138081843425,1.1110522998410288e-09,8.448501906483017e-05,0.0006451603544307363,0.5163758014477282,5.80637297067854e-07,2.399899550921524e-07,1.1336441562512413e-05,8.92642407313762e-06,1.739574413428303e-06,2.0692735068161996e-11,0.002058578009946535
50,3.2675386517382236e-05,3.7945095079827045e-05,3.4828214841183033e-09,2.8821862646359073e-06,1.2058934932724298e-05,2.683435106017507e-07,0.01255760572584092,1.8281882724295452e-06,4.573002215574214e-06,1.292702040321688e-06,4.3680249252534316e-07,0.22096686885126832,0.00018779674578822933,0.0016136385034251424,2.4249423178493127e-09,0.0001582732303194623,0.0005266278209090904,0.7535686758652957,1.3491881394121188e-06,6.887768338156302e-07,1.180764392049356e-05,2.3611383557591637e-05,3.551586195760211e-06,3.4165163953402263e-11,0.010285538095251222
51,2.6128358066382433e-05,6.365456690233176e-05,5.749490551830466e-09,6.982920890084196e-06,1.2815961230045713e-05,3.7046804369098206e-07,0.0032698246726279826,1.0206708366928294e-06,2.8309992799762306e-06,4.2816868182378516e-07,9.866086608845676e-07,0.421238212292184,0.0003879548323750748,0.001507640934395999,1.2953308504259395e-09,0.00012673343170739734,0.0010782823959885354,0.5703364757210072,4.181570883158042e-07,1.6255019198683366e-07,1.0088417419031051e-05,7.331161045324785e-06,1.9488473939333335e-06,3.9348885841991955e-11,0.0019197007798128635
52,1.7103399965008293e-05,9.587891633872944e-06,1.9609046487748673e-09,4.903603283346991e-06,3.338016573129481e-06,1.7796311109454753e-07,0.0015375149231413685,4.6504451039468526e-07,1.2107701858396672e-06,4.5221564569831454e-07,4.968454442913587e-07,0.18697726260870906,0.00016455211428800725,0.0008929504457144108,4.128810167342914e-10,0.0001407881950471187,0.000724999658751669,0.8083958286605554,1.678284000725841e-07,2.0457798690874443e-07,4.072135761240117e-06,2.598054454646094e-06,1.494435404681468e-06,3.789668877544001e-11,0.0011198281997506034
53,1.2676019286936269e-05,4.717922270840659e-05,3.614149601559253e-09,5.651399868401146e-07,5.109329975685836e-06,6.994982728780742e-08,9.058899373986274e-05,5.788193347828327e-08,2.0606309912830916e-07,9.960620685662585e-08,3.209796833093766e-07,0.6820127040826042,9.220035927473895e-05,0.000578842210620726,7.258024465370298e-11,9.7215784065264e-06,0.0002906584698056669,0.3164506215944526,2.3419666337794513e-07,3.038094276480516e-08,5.355457203750732e-06,2.0663129252248193e-06,1.5731496611900976e-07,4.97858940419666e-12,0.00040053116397796476
54,2.01433282716154e-05,2.845127514614348e-05,5.8683448489691625e-09,9.940041176711265e-06,1.0130639081699552e-05,3.563494512861031e-07,0.003554494435536874,1.2152999810176025e-06,1.984104337674986e-06,3.9772167677311644e-07,1.1786514851188018e-06,0.35613006823221544,0.00035043446023753997,0.0014445201979738683,1.883762405551316e-09,0.0001307006382994224,0.001067420804307974,0.6351427044006307,4.25068803326891e-07,3.010279451301231e-07,1.41812543897403e-05,6.675149063941777e-06,3.8086012631341377e-06,4.9617672178475506e-11,0.0020804605169998697
55,0.000191081482719716,3.640333368909228e-05,6.036867452808834e-07,0.0018156060126892828,6.42252634026338e-05,6.733232845627533e-05,0.17134894109362697,0.0004106859499210406,4.776466889909996e-05,0.00020044713963180078,4.525201737278648e-05,0.06924352477330165,0.003052051597436995,0.036922637050307065,1.8035976061927516e-06,0.017007496643467478,0.026541877301091962,0.6564758473481609,3.842780306872923e-05,5.710700900905395e-05,0.001260341467361734,0.001622753902737539,0.0009693501205293424,2.064837255293886e-08,0.012578417760394948
56,2.1677651552898984e-05,4.2731202972996715e-05,3.7494697876786735e-09,3.928645313192371e-06,1.0677620586152358e-05,3.4001217735017506e-07,0.0036329609650211617,8.971321495613277e-07,2.2955402255596685e-06,4.1825309581290825e-07,7.512731753731916e-07,0.41823477578667523,0.0002674438725974678,0.0013791280071401213,1.3928047126929548e-09,0.00013265205264210414,0.0007928267925797554,0.5726436604889545,6.546180786170819e-07,2.6990198596078683e-07,1.0476047816205357e-05,8.356706662364776e-06,2.8638051498818498e-06,2.874636041499205e-11,0.002810208452426826
57,1.5158151750881874e-05,4.0497638546381056e-05,3.1479293417802696e-09,1.873886225998118e-06,8.694609563102576e-06,2.578967214163211e-07,0.002470088729084491,6.640729819442054e-07,1.1457367093239015e-06,2.652145272974693e-07,5.319685530060525e-07,0.562755408668783,0.0002284469170649572,0.0009577035310780167,9.337883505960846e-10,8.674532239253567e-05,0.0005537420493046668,0.43092483720492,8.547798528187033e-07,2.2601495596243168e-07,1.1005778497878105e-05,8.279039307727932e-06,1.7584838921050228e-06,1.2117763868360622e-11,0.001931810211451064
58,2.386458226301777e-05,4.272459948665341e-05,4.090060398998105e-09,4.4102079593320355e-06,1.057438170343723e-05,3.6741610934133163e-07,0.0037903607920468656,9.157273362672414e-07,2.5489076087903215e-06,4.781819298315621e-07,8.214377990461438e-07,0.38950531282955947,0.0002495656442161035,0.0014657456683682295,1.6841015836688488e-09,0.00013748209599160954,0.000846327723168206,0.6007146136138599,6.213823628107198e-07,2.9243432226387436e-07,1.1267279025215592e-05,9.016738221788896e-06,3.207028863202499e-06,3.8954933122249084e-11,0.003179475514681609
59,2.3903086431152103e-05,4.1842924233444806e-05,4.458150705615707e-09,4.855691827644291e-06,1.0920266540726697e-05,3.8460390302569746e-07,0.0037434995654270407,9.09317848881491e-07,2.6766370101351696e-06,5.321908273835109e-07,8.58119298646707e-07,0.3722136245382949,0.00023206542696715995,0.0016270517364430136,1.871596075566196e-09,0.00013466152308113898,0.0008683918743077584,0.617594292013255,5.943265487337703e-07,3.2305213108879714e-07,1.2352477151461727e-05,9.71775844811389e-06,3.498135375664161e-06,4.6825289259892965e-11,0.003473038358076024
60,2.1756487533922904e-05,4.057904968976676e-05,3.5166214269078725e-09,3.963413588215283e-06,1.0262418583811477e-05,3.453414017961694e-07,0.003732551519198121,8.713557287258521e-07,2.364859060877631e-06,4.481848831062805e-07,7.112493160030324e-07,0.3969612767973484,0.00023435665997718593,0.001416745820944339,1.4434884061585587e-09,0.0001338925578808209,0.0007954454161022454,0.5935003142656973,6.07843412519831e-07,2.802658464240806e-07,1.1023551312240005e-05,8.55706333102021e-06,3.0568098339902528e-06,2.9970916995409794e-11,0.0031205840792486285
61,2.342258048118407e-05,4.0111755424428906e-05,4.493251407741007e-09,4.802292508112317e-06,1.0231286736569386e-05,3.750100207104714e-07,0.003561293317375286,9.190136051899898e-07,2.4095957462133284e-06,5.095444321060315e-07,7.931898000101585e-07,0.3717664550097389,0.00023223330515801516,0.001519781966561305,1.6844392254544065e-09,0.00013036924497860692,0.000866179826441607,0.6186978312162498,5.753835714585492e-07,3.0500320779085754e-07,1.2028246571954182e-05,9.155480960329507e-06,3.1291752459974706e-06,4.160497185856495e-11,0.0031170823358888924
62,2.1756487533922904e-05,4.057904968976676e-05,3.5166214269078725e-09,3.963413588215283e-06,1.0262418583811477e-05,3.453414017961694e-07,0.003732551519198121,8.713557287258521e-07,2.364859060877631e-06,4.481848831062805e-07,7.112493160030324e-07,0.3969612767973484,0.00023435665997718593,0.001416745820944339,1.4434884061585587e-09,0.0001338925578808209,0.0007954454161022454,0.5935003142656973,6.07843412519831e-07,2.802658464240806e-07,1.1023551312240005e-05,8.55706333102021e-06,3.0568098339902528e-06,2.9970916995409794e-11,0.0031205840792486285
63,2.246328519118388e-05,4.418840777138062e-05,3.6221527369325063e-09,3.876780293606224e-06,1.0775975207093113e-05,3.505450831289662e-07,0.003733090869914006,8.723107269000555e-07,2.4337093504096666e-06,4.426244645431228e-07,7.296291263660685e-07,0.4084481823504708,0.00023975787168484334,0.0014172515855661804,1.4759628063220608e-09,0.00013171242938866024,0.0007911790036495114,0.5819880516920418,6.322263414377441e-07,2.7205096044832596e-07,1.1103444542852935e-05,8.688492947898445e-06,3.0027491466821434e-06,2.9942400906022736e-11,0.0031409368380721963
64,2.1903292758060422e-05,4.491905746615319e-05,4.191640717724162e-09,4.364973894808189e-06,1.1320619580344592e-05,3.9365411655977346e-07,0.00392223780606974,9.468422571574903e-07,2.2710246203742402e-06,4.981364068147995e-07,7.854112455692538e-07,0.4196031602827421,0.000233764121389243,0.0014511158664568524,1.780968732347284e-09,0.00013200295282772212,0.0007879563967803028,0.5705357759416875,6.770621413645423e-07,3.1316713061937215e-07,1.556465306723988e-05,9.541792033581269e-06,3.3400814331432717e-06,3.268147580124106e-11,0.0032171408586039196
65,2.090869854697073e-05,3.406511761866336e-05,2.602110584276064e-09,2.974894168683451e-06,8.630953131648194e-06,2.3641113060977275e-07,0.0029216141067178306,6.819246163459168e-07,2.092310989466935e-06,3.757909664877406e-07,5.673567957781193e-07,0.376639266301475,0.00020469400152767933,0.001195399550527299,8.864962869164185e-10,0.00010984830615567513,0.0006755383873824167,0.6153967037059107,5.002406876156261e-07,2.3324971018989879e-07,8.076519316959861e-06,6.791216600769406e-06,2.364676635569884e-06,2.2703345173036467e-11,0.002768432768077496
66,1.0167433091801938e-05,2.3109560999692456e-05,2.769662596853594e-09,3.3735477493823823e-06,9.374250803498599e-06,1.4653303802182257e-07,0.0008960748439175716,2.2248840060619794e-07,6.584595231061594e-07,4.033201900599728e-07,5.732896825016529e-07,0.41991461632766036,0.00016187373247459973,0.0013787812079372372,3.5128018632308423e-10,9.023703528738079e-05,0.00044531972370203906,0.5759590517016332,2.1228332581441554e-07,1.102164792063507e-07,8.951603344428559e-06,3.2822730879373146e-06,7.397315325187451e-07,1.5220430495793673e-11,0.0010927172999757547
67,2.1620914081237873e-05,4.034367334703374e-05,3.509783626080476e-09,3.960636575866409e-06,1.0216449067308177e-05,3.464467515806403e-07,0.003720281629774864,8.650548854214128e-07,2.3480222117138163e-06,4.47556749749885e-07,7.114374554019899e-07,0.3970569385809318,0.0002328553916251801,0.0014220293304289177,1.4463434346343617e-09,0.00013357691479573566,0.0007952148776777764,0.5934127378826523,6.056402563575339e-07,2.811302014527003e-07,1.1068676107880807e-05,8.557383508242707e-06,3.069566332427784e-06,3.0057880894829635e-11,0.003121917818396892
68,8.189734053931896e-06,1.1156675624164988e-05,1.6795731984037288e-09,3.0521975027017996e-06,3.5824111302291518e-06,1.7199019601360906e-07,0.0024050580794145633,6.04612324965887e-07,6.663258457961458e-07,1.8615864924479571e-07,3.128302714885208e-07,0.3650752968926067,0.00022578519760424977,0.0008622139033341882,3.5118630550554873e-10,9.224691407823283e-05,0.0005617476422747566,0.6296645221355933,2.823679309780034e-07,2.0574476974468286e-07,6.617651110560275e-06,3.323109471406703e-06,1.6244530788840196e-06,8.276545469608629e-12,0.0010731509340978526
69,1.527461943204826e-05,2.9487607194253584e-05,3.0103898316356457e-09,2.228285659051942e-06,5.945303932515358e-06,2.80884505043956e-07,0.002564580443526929,6.234626606614033e-07,9.235357398351145e-07,2.950088957149423e-07,6.290921148838787e-07,0.496982170802978,0.00021796943390521383,0.0010174907341454404,9.846204605857802e-10,8.472813529344262e-05,0.0006151595372243451,0.49666742292946153,7.428478825945948e-07,2.7075775958285406e-07,1.2912253828166997e-05,7.746106253967439e-06,2.1262262259571953e-06,1.7172720694793665e-11,0.0017709879791978056
70,2.5299404589986676e-05,5.096462542695533e-05,3.80276785973044e-09,2.973519716279361e-06,1.008720013230887e-05,3.1428896338362243e-07,0.0037797333998003235,8.089791607155941e-07,2.137747432107525e-06,4.2520398914238776e-07,7.652850809598772e-07,0.4299685213030929,0.00022297829993459767,0.0013247356187202392,1.622832413252139e-09,9.93478164704172e-05,0.0007144093988363881,0.5602611231335446,7.770979063895224e-07,2.521217465274284e-07,1.2371405302058366e-05,1.0447672039437827e-05,2.6835566483212685e-06,2.7726236228993103e-11,0.003508837468139433
71,2.1791619565868345e-05,4.146846664868942e-05,4.298601027794079e-09,4.161898803209393e-06,9.87386168952204e-06,3.6225700623946326e-07,0.0038125930082726746,8.769863327637406e-07,2.082588506726745e-06,4.3821772409393195e-07,7.301718041420936e-07,0.3938958140955281,0.0002314471410743424,0.0014510549853082911,1.5970544706117578e-09,0.00011654322787091091,0.0008088324163158454,0.5964760765292264,6.228256305954996e-07,2.7177749732228136e-07,1.189564916375909e-05,9.252999478779797e-06,2.8379443825253563e-06,3.1506782284816276e-11,0.0031009654050069457
