,0,1,2,3,4,5,6,7,8,9,10,11,12,13,14,15,16,17,18,19,20,21,22,23,24
0,1.8563852582922395e-05,2.0105487014122934e-08,0.00047418208677308424,4.6288574820007424e-05,9.721401526229113e-05,0.006673673139460935,0.13161416664749268,0.0015777431319258957,2.6678044674863843e-05,0.0010654865381350188,1.2542602060798945e-06,0.8194809349233635,5.723653467968914e-05,5.16008257806942e-06,1.0551540317725225e-06,0.02624142959599479,0.002170512222352569,1.3018972270723956e-05,1.3836238669003963e-05,3.93790996160573e-06,0.0007385120763329594,0.008819007892815046,3.96297245840035e-06,0.000852497121423404,3.6279062478167163e-06
1,2.0659167774449268e-05,2.838605717624957e-08,0.0007066463086672251,3.834119783361665e-05,0.00013167515309198073,0.007158097366276734,0.12424086216314216,0.0015884846483197245,3.288208612439761e-05,0.001153877165048307,1.3283053210080241e-06,0.8246585235609847,5.536778026308758e-05,5.232201114246881e-06,1.2505534725113082e-06,0.026270036618974892,0.0022452751187300403,1.0269801482599343e-05,2.0161364623163465e-05,3.6158727593912805e-06,0.0007990926492018592,0.009966760452997122,3.7124838923772965e-06,0.0008835793909549336,4.2402028924446995e-06
2,1.4625079213206512e-05,2.978011061418145e-08,0.0004935783039078237,2.770154681849263e-05,0.00012218899371384915,0.004282328546235726,0.08977406513800067,0.001329393263146218,2.499489890022561e-05,0.0008969280036196881,1.8965411683843584e-06,0.8799624769395405,3.623043272385145e-05,7.898007076395464e-06,2.0400242200947586e-06,0.01246839741331099,0.0016165624234263632,1.0313643738673264e-05,1.0700439065887232e-05,4.126855530579266e-06,0.0007294941302979052,0.007557481034127305,3.984059540588789e-06,0.0006166588403899721,5.905662175890836e-06
3,1.5471224251065733e-05,2.5102139491708046e-08,0.00045275894676272767,3.100672880312717e-05,9.527753765776831e-05,0.005405354108376266,0.11927646588044048,0.0011630397934194747,2.007898208313793e-05,0.0007966503236433156,1.1904780243054447e-06,0.8421871472057173,3.9563997689041964e-05,6.241110523024517e-06,1.2451682877409893e-06,0.017759236235143177,0.0020292056740687445,1.0558070102713347e-05,1.2477228485400594e-05,3.180924406541232e-06,0.0007293920919164502,0.00911426042526416,3.6967285007643657e-06,0.0008417788854813049,4.697148812685068e-06
4,1.7046941536956936e-05,2.535868512966797e-08,0.00047436042432651913,3.1792863556486386e-05,0.00010120275243642477,0.005519044169217539,0.124770787925938,0.0011900185134564758,1.9618550627295127e-05,0.0008279643910466554,1.1985224101188648e-06,0.8352195553300865,4.630686901006526e-05,6.948915641935041e-06,1.2237859523931128e-06,0.019178492986435376,0.002143094769993108,1.1498768804801521e-05,1.396398069192026e-05,3.4277532893154193e-06,0.0007292003459023161,0.00873884585818647,3.8022268079060963e-06,0.00094586468192393,4.713314036353977e-06
5,1.7168628780668414e-05,3.0528335947877584e-08,0.00042447664036520267,4.0989667086467266e-05,9.686086329685768e-05,0.0063773381651944,0.12074130868705789,0.0012859480450712446,2.1520228535531635e-05,0.0008075974038918202,1.354113907549127e-06,0.8354261613697627,4.53440719552229e-05,6.742517295493442e-06,1.3828336279723905e-06,0.020669276353116522,0.0021846192609042622,1.5024207194743374e-05,1.4038811954497622e-05,3.755594197371135e-06,0.0007852974147905732,0.010121332328527643,4.385711714379165e-06,0.0009031953603494901,4.851193085265662e-06
6,1.5471224251065733e-05,2.5102139491708046e-08,0.00045275894676272767,3.100672880312717e-05,9.527753765776831e-05,0.005405354108376266,0.11927646588044048,0.0011630397934194747,2.007898208313793e-05,0.0007966503236433156,1.1904780243054447e-06,0.8421871472057173,3.9563997689041964e-05,6.241110523024517e-06,1.2451682877409893e-06,0.017759236235143177,0.0020292056740687445,1.0558070102713347e-05,1.2477228485400594e-05,3.180924406541232e-06,0.0007293920919164502,0.00911426042526416,3.6967285007643657e-06,0.0008417788854813049,4.697148812685068e-06
7,3.624141375556849e-05,2.153773055244363e-08,0.0007360243736207776,4.38616242514718e-05,0.00013464828664709656,0.0037593657670750625,0.1629600798342081,0.0019859470068514084,2.352291274013081e-05,0.0016634136338263398,1.8391486082012519e-06,0.7948895731818156,8.657337920557959e-05,6.983523495295634e-06,9.2576805519216e-07,0.019548201260254094,0.0026377045517382643,7.807743780455903e-06,2.027237130462014e-05,3.8587035079835206e-06,0.0003651530229451945,0.010153083414454919,2.0279073572470473e-06,0.000928066863334486,4.802769436551873e-06
8,1.6336861217714416e-05,1.8320617179598675e-08,0.0005665288671117473,2.4781632768599507e-05,7.982887861352984e-05,0.0031153826264711847,0.10390975826795913,0.0008845826096845847,1.3934701213710361e-05,0.0009551610978619279,1.0932077823289368e-06,0.8680135565249029,3.850478097164998e-05,8.400031142892673e-06,9.926079486631752e-07,0.012207585760341064,0.0018467467642716772,5.557987245954583e-06,9.299618461100031e-06,2.968153367924222e-06,0.000602574221220994,0.006713323277700602,3.3585840382547962e-06,0.0009742405112901731,5.484105794916156e-06
9,1.679025984370838e-05,2.6163752603023943e-08,0.00043981961131116763,2.967488475047509e-05,8.486715371856292e-05,0.0036761054371801044,0.0986471534914432,0.0010280186467858572,1.7964354705447397e-05,0.0009992879528245718,1.519956196536328e-06,0.8726426999660133,3.2528630983638126e-05,9.177283141137349e-06,1.5770266454721576e-06,0.010919230988817651,0.0018009579532150591,7.939198626362914e-06,9.589569873011684e-06,3.1394936854034838e-06,0.0006240123031863174,0.008138981184380924,4.245468068589226e-06,0.0008576026047209653,7.090416129953898e-06
10,1.5471224251065733e-05,2.5102139491708046e-08,0.00045275894676272767,3.100672880312717e-05,9.527753765776831e-05,0.005405354108376266,0.11927646588044048,0.0011630397934194747,2.007898208313793e-05,0.0007966503236433156,1.1904780243054447e-06,0.8421871472057173,3.9563997689041964e-05,6.241110523024517e-06,1.2451682877409893e-06,0.017759236235143177,0.0020292056740687445,1.0558070102713347e-05,1.2477228485400594e-05,3.180924406541232e-06,0.0007293920919164502,0.00911426042526416,3.6967285007643657e-06,0.0008417788854813049,4.697148812685068e-06
11,1.6112424204900916e-05,2.3450038154792902e-08,0.00046149193485021126,3.06157356994652e-05,9.392630767954082e-05,0.005421164175548737,0.12228188033375806,0.0012298233402583648,1.9863858501848424e-05,0.0008471413293357799,1.148581075689632e-06,0.8381349350411799,4.522143418495809e-05,6.127489457996676e-06,1.1702438533685582e-06,0.01876808799837887,0.0020922403160018215,1.0819147890421517e-05,1.3239631022197453e-05,3.247057452264698e-06,0.0006986185682866439,0.008917392725239618,3.5371592716611587e-06,0.0008977953772411879,4.37633958851084e-06
12,1.232520424067666e-05,2.4907354905337487e-08,0.0003770090555131489,2.3886798902995195e-05,0.00021270854057001368,0.006792039836266649,0.17086744119588484,0.00042130159432035444,1.7183789391672744e-05,0.0004883809738004953,1.071396550895173e-06,0.79604571522394,3.236187111565189e-05,1.7105446994778258e-05,1.215985974708047e-06,0.015549813681467064,0.002046688676395155,1.8593076660459827e-05,8.784659782055985e-06,5.643341617700668e-06,0.001285780895660878,0.004431208662009724,1.0723044449530562e-05,0.0013240761061255192,8.916035009980643e-06
13,1.261359870587862e-05,1.419677276870723e-08,0.0004222068972717935,2.417986630594493e-05,6.666337193054108e-05,0.0019821071035815447,0.07126565412466865,0.0010370082606746185,1.233610608237037e-05,0.000598825908623363,2.031554513961204e-06,0.9065608257938232,3.140782726977239e-05,8.527254088044363e-06,1.5098489322207554e-06,0.011003444135093429,0.0012098054142978911,7.950760843285825e-06,5.4898162721872545e-06,3.526533531878897e-06,0.0005927585144314821,0.00472218610608372,2.9721601583098546e-06,0.000422465411632257,3.489434410644863e-06
14,1.4486204040876388e-05,1.937539533033076e-08,0.000403914705912565,2.6768408819281866e-05,7.979307098281655e-05,0.004682887562636513,0.11751080927293411,0.001085741831269969,1.76619892998766e-05,0.0007510370831193596,1.0095039519999758e-06,0.8473887947089334,3.526965262888061e-05,5.904787627289749e-06,1.0801838393816154e-06,0.01625088238268269,0.001935000742746459,8.934069179297801e-06,1.0453996935866494e-05,2.724316635169149e-06,0.0006765545100113368,0.008284087976740281,3.320541581985902e-06,0.000818558293091464,4.30482900401125e-06
15,1.5471224251065733e-05,2.5102139491708046e-08,0.00045275894676272767,3.100672880312717e-05,9.527753765776831e-05,0.005405354108376266,0.11927646588044048,0.0011630397934194747,2.007898208313793e-05,0.0007966503236433156,1.1904780243054447e-06,0.8421871472057173,3.9563997689041964e-05,6.241110523024517e-06,1.2451682877409893e-06,0.017759236235143177,0.0020292056740687445,1.0558070102713347e-05,1.2477228485400594e-05,3.180924406541232e-06,0.0007293920919164502,0.00911426042526416,3.6967285007643657e-06,0.0008417788854813049,4.697148812685068e-06
16,2.85187704148506e-05,1.0168186318889767e-07,0.0006695511727215505,4.471739206810452e-05,0.0002372206118588783,0.011885830062682836,0.14828605328868064,0.002038476084667898,7.568429789510827e-05,0.002060953756530484,1.4092533341855406e-06,0.7876023763944029,4.5415809348941854e-05,4.860810159285212e-06,1.8028152121179706e-06,0.014772397245178114,0.0032557393535170187,7.910826813936107e-06,3.950307788308979e-05,2.732570196209547e-06,0.0005107068647233698,0.02725928796563136,3.699929614831809e-06,0.0011501980719999549,1.4851892601132116e-05
17,2.1142305195732224e-05,1.0994880660146413e-07,0.000888564667770348,5.918909991692197e-05,0.00019068104810578254,0.03425253528497643,0.11116985303237953,0.0027878484299067646,6.387678542682193e-05,0.002826973515945567,1.6523725354436736e-06,0.7655023749871189,9.048076033918246e-05,4.353638425517363e-06,3.393729349346235e-06,0.05063393618529691,0.003994333451922459,3.5803260380858255e-05,9.226832429894472e-05,6.239036222800015e-06,0.0015296274442987792,0.023830699903524717,7.705758592427473e-06,0.0020005535524710116,5.80347679211031e-06
18,1.6022954070455285e-05,2.6024688156453152e-08,0.00044952305042786426,3.0916713196086125e-05,9.702076544709609e-05,0.005387059794903024,0.12222139391125761,0.0011439065183664935,2.022424963679501e-05,0.0007983148363072879,1.2057758900002763e-06,0.8392235364245153,3.906262999002416e-05,6.4535412461901115e-06,1.2580011630349642e-06,0.017337029077672254,0.002141475517674541,1.0708827076995651e-05,1.2775702432872221e-05,3.1663107948212675e-06,0.0007314902159768226,0.00945251717799958,3.7891693273143753e-06,0.0008660947963237318,5.028013615620703e-06
19,0.00031184213677672547,2.2132346458707417e-05,0.0012416543136100524,0.0003000668769169239,0.0016001993709518626,0.017266216647581885,0.02980258371625582,0.0009410402039515811,5.7131650587362675e-05,5.23185808611711e-05,0.00014404894418649697,0.6970383389408635,3.2645696579070484e-05,0.0029793845577960193,0.0007544909289392297,0.1268929822026807,0.010470082161875555,0.010678420853092686,0.0007338143550610505,3.176754285746128e-05,0.08024363182601525,0.015120147935506034,0.0009339091194945628,0.0022431106487418354,0.00010803844235854355
20,8.159653397201288e-06,3.445712600083775e-08,0.00032972187710624733,2.5709879355117853e-05,4.7741440857387274e-05,0.004365202687471582,0.06576125915539505,0.0012898311100113032,1.6131063269866467e-05,0.0005104173912487481,1.1155319220075972e-06,0.9008873746526301,2.3079360062576102e-05,3.9442269857203755e-06,1.855134479117194e-06,0.012442507354613974,0.0013194528200275665,9.025269195140846e-06,8.080572715240177e-06,2.197410180032167e-06,0.0007386202149231142,0.011698561624585588,2.8099400899490085e-06,0.0005035742260435368,3.592946307732055e-06
21,1.431374860960922e-05,4.0633766482701514e-08,0.00047281655712021084,1.8871655025956784e-05,0.00014746505375538545,0.013432635292623988,0.20388196574091563,0.0015553946258163901,3.0643759992333176e-05,0.0016524003830326794,4.939270849659227e-07,0.7292922244314565,5.370415497136621e-05,2.983027395866187e-06,9.201795891789745e-07,0.017985837781483896,0.0047780201114168315,1.0004496228781674e-05,3.625633114226267e-05,2.1538619047524953e-06,0.0006392019870636315,0.023858206557767693,2.64590508828231e-06,0.002124164236107375,6.635560639884659e-06
22,1.7232731828725235e-05,1.8728161532340288e-08,0.0005651772313598806,4.203897509676843e-05,8.988804943325048e-05,0.004268936282056083,0.11329684196470531,0.001180896637465414,1.8601925373170913e-05,0.000986007077028147,2.0006279562130336e-06,0.8470540888882339,4.565265549369792e-05,6.452429610484986e-06,1.2474122941900475e-06,0.01957912433547922,0.002626130662194414,1.2697718435229699e-05,1.0203226235296298e-05,4.787502769923733e-06,0.0009214002898311589,0.008553226233745038,4.5797067318840774e-06,0.0007085793685516899,4.189339929400786e-06
23,1.5471224251065733e-05,2.5102139491708046e-08,0.00045275894676272767,3.100672880312717e-05,9.527753765776831e-05,0.005405354108376266,0.11927646588044048,0.0011630397934194747,2.007898208313793e-05,0.0007966503236433156,1.1904780243054447e-06,0.8421871472057173,3.9563997689041964e-05,6.241110523024517e-06,1.2451682877409893e-06,0.017759236235143177,0.0020292056740687445,1.0558070102713347e-05,1.2477228485400594e-05,3.180924406541232e-06,0.0007293920919164502,0.00911426042526416,3.6967285007643657e-06,0.0008417788854813049,4.697148812685068e-06
24,1.1468336506132452e-05,1.4269218344434442e-08,0.0004325119846687137,1.458042489138201e-05,6.215541749808147e-05,0.005304265223082463,0.13783037552056351,0.0011692642997718885,1.6711625373550257e-05,0.0008066991437379526,6.240880018437788e-07,0.8221675517513753,3.18625922965346e-05,3.842923586196246e-06,1.003696266723082e-06,0.01849593211891846,0.0023941415124405425,7.120124723459335e-06,1.3248207622129163e-05,1.8005942339214193e-06,0.000788352487409019,0.009417137600915714,2.582003651802674e-06,0.0010236104579288317,3.1435953173195687e-06
25,1.513823566205529e-05,1.8649668739194273e-08,0.0004233895731508721,2.977652032608848e-05,8.571098066459207e-05,0.003932959075349416,0.11566724501984915,0.0011568777601199888,1.7037763868072626e-05,0.0007596195577496349,1.3470483037052712e-06,0.8515575409999514,3.944196400291998e-05,6.551646825813873e-06,1.1457586527569076e-06,0.015615948143297483,0.0018051122298883267,9.527842762648385e-06,9.368912582700555e-06,3.266184756041178e-06,0.0006160808138166627,0.0075446006900563205,3.172088192710234e-06,0.0006949663149496753,4.1562255522614524e-06
26,2.67548216896638e-05,3.4677832138081234e-08,0.0005483034058535813,4.2013640296221885e-05,0.00015719742252621533,0.010857849426436014,0.17288618408752726,0.00142833129712555,3.7984446364337305e-05,0.0013464664575601457,1.1919477915200926e-06,0.7659254883194294,6.617398264929899e-05,6.719002506222305e-06,1.2569225757669649e-06,0.02807865465257221,0.0037247841277922404,1.9517558828377615e-05,2.7833304354927348e-05,4.174589342737506e-06,0.0009706324205848741,0.012258598030902216,6.298317297170853e-06,0.0015710807177508174,6.476422411331535e-06
27,1.5942347298869328e-05,4.2537908819302085e-08,0.00041225243651651114,3.579374784294181e-05,9.257997540818643e-05,0.006254088701251095,0.10897157983382523,0.0014933361211327627,2.8450427734569677e-05,0.0008329897783480465,1.3431761333792605e-06,0.8486006147592517,3.337557500023784e-05,5.322587955481258e-06,1.7013971060660275e-06,0.01618780377368683,0.001945218591027647,1.0246946724676259e-05,1.5071010715874665e-05,2.6483256908980967e-06,0.0006202560741558569,0.013701332104391057,3.459697390769055e-06,0.0007284716967861347,6.078376716257085e-06
28,1.5471224251065733e-05,2.5102139491708046e-08,0.00045275894676272767,3.100672880312717e-05,9.527753765776831e-05,0.005405354108376266,0.11927646588044048,0.0011630397934194747,2.007898208313793e-05,0.0007966503236433156,1.1904780243054447e-06,0.8421871472057173,3.9563997689041964e-05,6.241110523024517e-06,1.2451682877409893e-06,0.017759236235143177,0.0020292056740687445,1.0558070102713347e-05,1.2477228485400594e-05,3.180924406541232e-06,0.0007293920919164502,0.00911426042526416,3.6967285007643657e-06,0.0008417788854813049,4.697148812685068e-06
29,1.5471224251065733e-05,2.5102139491708046e-08,0.00045275894676272767,3.100672880312717e-05,9.527753765776831e-05,0.005405354108376266,0.11927646588044048,0.0011630397934194747,2.007898208313793e-05,0.0007966503236433156,1.1904780243054447e-06,0.8421871472057173,3.9563997689041964e-05,6.241110523024517e-06,1.2451682877409893e-06,0.017759236235143177,0.0020292056740687445,1.0558070102713347e-05,1.2477228485400594e-05,3.180924406541232e-06,0.0007293920919164502,0.00911426042526416,3.6967285007643657e-06,0.0008417788854813049,4.697148812685068e-06
30,1.5471224251065733e-05,2.5102139491708046e-08,0.00045275894676272767,3.100672880312717e-05,9.527753765776831e-05,0.005405354108376266,0.11927646588044048,0.0011630397934194747,2.007898208313793e-05,0.0007966503236433156,1.1904780243054447e-06,0.8421871472057173,3.9563997689041964e-05,6.241110523024517e-06,1.2451682877409893e-06,0.017759236235143177,0.0020292056740687445,1.0558070102713347e-05,1.2477228485400594e-05,3.180924406541232e-06,0.0007293920919164502,0.00911426042526416,3.6967285007643657e-06,0.0008417788854813049,4.697148812685068e-06
31,1.8159222863340734e-05,2.0166544601381373e-08,0.0005320248623076195,2.7365659769939802e-05,7.476990663020875e-05,0.0034754087736599626,0.09102143223753068,0.0016784069810209057,1.552375043693315e-05,0.0006491707765727922,1.0834731554008459e-06,0.8705486322925895,5.5983861843941315e-05,5.3588073073140855e-06,1.0264253429829926e-06,0.020535982229321043,0.0018947039425937708,9.769008553841447e-06,1.42042941180045e-05,2.6892270428568446e-06,0.0005899667271224744,0.008142348268432568,1.9850310264618758e-06,0.0007012554677942464,2.728606418686366e-06
32,1.7827234071077967e-05,3.127141736151505e-08,0.0005074014692358235,3.3554451540069106e-05,0.00010749616575897586,0.0061952136213068755,0.12168339893869484,0.001258400563610161,2.246727507364221e-05,0.0008566188446645196,1.2466303966726428e-06,0.8349389054613608,4.5517309802596233e-05,6.561754781161324e-06,1.3416756287198866e-06,0.019990462454937612,0.0022976416933676593,1.2164764584551412e-05,1.643563238100257e-05,3.3570798479729616e-06,0.0007729902548716461,0.010262381076086093,3.968731918795076e-06,0.000959525766860585,5.089877800527969e-06
33,1.2665379180192077e-05,2.009571540405303e-08,0.0004520945230962588,2.820392998030329e-05,0.00010406258841362245,0.0037635387268955284,0.1007617202262391,0.0011159510897613982,2.5296015013880828e-05,0.0008288359863290969,1.9861169903373177e-06,0.8726384121295213,2.6033781033092398e-05,7.0118735698054765e-06,1.8081321547956319e-06,0.011491049084360676,0.0013028149445032738,7.618502247556522e-06,6.517720781429007e-06,3.6388168693667973e-06,0.0007301567497342103,0.006219179525082776,4.174665846667095e-06,0.0004617920799643702,5.417316715560537e-06
34,4.425519199363704e-05,3.1064976509509455e-08,0.0007554116735742296,4.369648123884308e-05,0.0001695421062336858,0.004372237146290048,0.13450467575748853,0.0016013121839408813,2.6810530895299174e-05,0.001065055000761599,2.0832363081986498e-06,0.8200153681748487,7.154292667854033e-05,1.0879967359067336e-05,1.3387001363133235e-06,0.023461047115065824,0.0029963727461346425,1.3090180982271667e-05,2.5340875309331823e-05,4.060933212990018e-06,0.0006752395367143027,0.009150968179808927,3.615464397573207e-06,0.000980260726855376,5.764098794581074e-06
35,3.398133450481921e-05,5.483283583405707e-08,0.0004997456648815414,5.272647748221519e-05,0.00010698941825947706,0.006588785674506863,0.10885032187639888,0.003488178303774184,5.889214419596136e-05,0.0010422145014146469,1.3984264090009396e-06,0.829224997842435,5.148579745936872e-05,3.0400685283892134e-06,1.413402215133274e-06,0.022933920858050558,0.0024747621329800945,9.594587052260871e-06,2.9286584767741757e-05,1.8737418163958793e-06,0.00042389828713017226,0.023547960136780375,1.8468423459200468e-06,0.0005676851504297151,4.9459133454977775e-06
36,9.56715891756106e-06,1.2653371340581345e-08,0.00024930334715658726,1.7228984887311034e-05,4.140071875784778e-05,0.002535243328782914,0.09837869204428308,0.0009308105027347579,1.0298580698020084e-05,0.0004017059688317212,7.333914534147599e-07,0.8758539520477543,2.3350328039488428e-05,4.2658158056193026e-06,7.897687159127034e-07,0.010974323848937083,0.0015524201202221362,6.2321069649722865e-06,5.727277115372905e-06,1.6423285574439989e-06,0.00044231412189999647,0.008036365004969907,1.8062819270924223e-06,0.0005187362068246392,3.078062391483877e-06
37,2.1676095003555804e-05,1.611236796426966e-08,0.00043520031542272484,2.4893115878964163e-05,9.235640770792686e-05,0.0036503793985026146,0.15816277736722623,0.0006413217129894686,9.608992210703612e-06,0.0005366137723825899,9.638747715365952e-07,0.8064095599011482,4.579820587529657e-05,1.4356041236152967e-05,8.941305777125637e-07,0.01972061820557744,0.0024806591553609494,1.329380497480949e-05,1.14964722098976e-05,3.3467762616420167e-06,0.0008792990782200446,0.005363613079777947,4.945782101740538e-06,0.0014715287278848062,4.7834743288635e-06
38,4.038822741029732e-05,4.1811549763347134e-08,0.000865560936687852,4.9894146092291334e-05,0.0002647273859854153,0.0020849218413818435,0.0882669578224722,0.0014727765264897974,4.262795917584095e-05,0.0015320401766305192,3.184298973385953e-06,0.8839556004804545,3.712318940863432e-05,1.0120585877818622e-05,1.1583767475970702e-06,0.006718772981284446,0.0026956013250453463,3.738424256252694e-06,1.1312657052833751e-05,4.142775951751429e-06,0.00034880391188746676,0.011122963131891367,2.5088233790851025e-06,0.00044836714233994866,1.666506157353779e-05
39,1.0748270201457245e-05,2.4712541974732323e-08,0.0004472679467051606,2.658477652603468e-05,7.263567612898235e-05,0.006440374782151475,0.0962552963777474,0.0011524241351039293,1.8111355749143736e-05,0.0005904100681566506,7.866639222664394e-07,0.860513967383019,3.4809091749996955e-05,3.977821435713148e-06,1.0868626510870816e-06,0.020788568410649067,0.0019506183838348238,1.0118223725509378e-05,1.2351397517051737e-05,2.594850671111762e-06,0.0009339362280114934,0.00995364435998797,3.2432935643941053e-06,0.0007731562152951003,3.2627129533468024e-06
40,1.552294412097594e-05,2.5102956246488615e-08,0.0004556359141786061,3.045200698555004e-05,9.61820892994382e-05,0.0052499433037072754,0.11844092192924538,0.0011444070260990772,1.977066613590593e-05,0.0007804591462348588,1.1957570657586009e-06,0.8437150909590653,3.922294604578739e-05,6.379579927769898e-06,1.2447447242838561e-06,0.017426077241442173,0.002010833716265583,1.0383884659090795e-05,1.2351708513396562e-05,3.165885477590872e-06,0.000725013745607515,0.008973175489830312,3.6640716339823826e-06,0.0008341467241257575,4.7334166524472666e-06
41,3.0314330607286808e-05,8.26286600190012e-08,0.0009292570456888681,8.530817841357125e-05,0.0002973066842094561,0.009686215084588728,0.09740931378791155,0.0028514931303755126,6.392007367582217e-05,0.0012752489420340856,3.508242639573327e-06,0.8362525286577192,8.79300193499873e-05,1.0072902576408953e-05,3.162627976260899e-06,0.038012783577899,0.0016365346643708652,2.4189312604735387e-05,3.416350685631113e-05,7.300948482410431e-06,0.0008987272542509804,0.00967274969948532,5.5173994794950164e-06,0.0007170289241621057,5.342375982570591e-06
42,2.3441504647527682e-05,8.871393260469719e-09,0.00031810218077941006,1.9758357335055456e-05,0.0001845749727895689,0.002848853915108873,0.23892628975720093,0.0004604159028534077,1.1667919768052386e-05,0.00109970932226535,2.003921881708046e-06,0.7405449426381802,4.6282084906512514e-05,3.337073586918946e-05,1.2473400852211477e-06,0.009111581430625447,0.0018746965817818405,1.3887510224485618e-05,5.921213646485441e-06,6.555546343319314e-06,0.0006252557164321781,0.002338398909376561,8.826421009220623e-06,0.001484428343606539,9.778901889669904e-06
43,1.1511731967430627e-05,2.2881182255673543e-08,0.0005320548918228014,3.511765324716848e-05,8.608648269378666e-05,0.011291667528991358,0.11741239104725508,0.0016032204717701499,2.6769830133884702e-05,0.0012827787457580396,7.558379159003261e-07,0.822759469325949,5.076182376489882e-05,2.661347213111903e-06,1.0770585663149028e-06,0.02709448880375878,0.002684284884272565,1.1705718785604886e-05,1.65393618739733e-05,3.489931110646518e-06,0.001248655134562888,0.012776694119388218,3.979799927893267e-06,0.0010609386645713133,2.8769235170269933e-06
44,1.5471224251065733e-05,2.5102139491708046e-08,0.00045275894676272767,3.100672880312717e-05,9.527753765776831e-05,0.005405354108376266,0.11927646588044048,0.0011630397934194747,2.007898208313793e-05,0.0007966503236433156,1.1904780243054447e-06,0.8421871472057173,3.9563997689041964e-05,6.241110523024517e-06,1.2451682877409893e-06,0.017759236235143177,0.0020292056740687445,1.0558070102713347e-05,1.2477228485400594e-05,3.180924406541232e-06,0.0007293920919164502,0.00911426042526416,3.6967285007643657e-06,0.0008417788854813049,4.697148812685068e-06
45,1.3821660737846061e-05,2.1300509401781832e-08,0.00041489106441911096,2.7679338657178422e-05,8.105907331501603e-05,0.005245964184237703,0.12414361799151231,0.0013206418363269118,1.8804954241822205e-05,0.0007783054681771851,1.0148894402469747e-06,0.8367384974284103,4.0982481236669636e-05,5.245567731870168e-06,1.167980140170573e-06,0.01879646306138668,0.00185112906112153,1.0025030685249658e-05,1.2005424868244669e-05,2.7830116770894325e-06,0.0006545901695955788,0.00900728944890116,2.9773453093559882e-06,0.0008273360502793284,3.686177082192192e-06
46,1.4326600241873371e-05,4.267967050852463e-08,0.0005232641923114654,2.7868580385787002e-05,0.00016370017529999899,0.0054408163201804804,0.1259926048477986,0.0012968402479756628,2.9685923210177886e-05,0.000761476105348335,1.8973264742685644e-06,0.8391045205032402,3.6586671411261087e-05,1.188443442642119e-05,2.7923510358609913e-06,0.017186589417273582,0.0011743905032271526,1.3109185424315414e-05,1.395279728791347e-05,3.956564375428169e-06,0.0007156813911179347,0.006675285788933801,4.991004772492258e-06,0.0007971397170205444,6.596671556099932e-06
47,2.307599676282615e-05,1.7617387013868248e-08,0.00046015259293978567,3.293914235343856e-05,6.0353717527735344e-05,0.004710443760939744,0.13675539846377274,0.0012387024862451504,1.3353501305163297e-05,0.0006303968023454389,6.08972044827018e-07,0.8119934610314978,5.4181458208378814e-05,3.956414450578952e-06,5.225481663201665e-07,0.027194910654766407,0.002978914918677781,8.58241818045352e-06,1.7563061827591147e-05,1.8589167548746597e-06,0.000576395306940701,0.012172682002943587,1.9792522264710697e-06,0.0010668019206767352,2.747041058367873e-06
48,2.4568155610362038e-05,3.4717002463177885e-08,0.0005241659506349766,3.2085818607750645e-05,0.0001031749882915752,0.010534943171818995,0.16482991083681056,0.001587690480620544,2.2627492309965295e-05,0.0013417174271429864,7.074154287041459e-07,0.7665310188766745,7.118906764819389e-05,4.68112735539152e-06,9.310866157168642e-07,0.028270510714848495,0.004916372272143272,1.5331894164613564e-05,3.909158245216381e-05,2.728410006576121e-06,0.000767526973117944,0.01828801036895874,3.3468856120030802e-06,0.0020826326722486062,5.00161387485525e-06
49,9.37664752587143e-06,2.5474014628564133e-08,0.0004290079144636666,2.6787288343285842e-05,6.736097213853854e-05,0.005854155155587775,0.09115107002194753,0.001128129996113539,1.792125816021569e-05,0.0006491871947369651,7.761766835180345e-07,0.8701389467433979,3.1390938459763055e-05,3.1987664633717566e-06,9.805989513103085e-07,0.01608594174657355,0.0016973948348234927,7.311309368409003e-06,1.0300886330844798e-05,2.447818862842638e-06,0.0007042690012367245,0.011321824170503331,2.579418038611265e-06,0.0006561977390034027,3.417928270609079e-06
50,2.5042219304121018e-05,9.16135892106512e-09,0.0003814143737434122,2.5360115620360075e-05,9.278483985316793e-05,0.0029857416871114607,0.21039495432897248,0.0011566213816986805,1.4004768297272599e-05,0.0011817818866993893,1.1429601524196961e-06,0.7589145670338638,5.6892879828419074e-05,9.129903920356688e-06,6.932215496462533e-07,0.015288105528212945,0.0022520209060014305,7.734813372828528e-06,1.0273764230206213e-05,3.01547996314499e-06,0.0003424847545898868,0.005747564232925214,2.3877575276805414e-06,0.0011017941821726879,4.477819029979508e-06
51,1.0743969059860655e-05,1.5785843813418218e-07,0.00038030950440846786,8.104762140458053e-05,5.596238637336833e-05,0.005558193502730045,0.04568727261444936,0.0021835897579688354,3.110713577524911e-05,0.0004498546400756881,2.399041681131439e-06,0.9043294757084807,2.0409211707585786e-05,3.880433293823056e-06,3.822289575764021e-06,0.013244936845896204,0.0010901084882859176,1.109117029748005e-05,1.1138501435760819e-05,2.454093814330757e-06,0.0006938462064722672,0.025846942412341072,3.179898618323667e-06,0.00029200355381048493,6.073153605556875e-06
52,1.5832586239810216e-05,2.4960059874601456e-08,0.0004528273964922112,3.215657738017731e-05,9.654357795024222e-05,0.00560383631673583,0.11829698150512681,0.0012292535493572422,2.0947306494467e-05,0.0008610089442724355,1.2387780570231638e-06,0.8426151140076021,4.150453898960942e-05,6.214756743916142e-06,1.289283759884451e-06,0.01809990173709421,0.0019880419728453276,1.0938396778410449e-05,1.2826213258679334e-05,3.327356728830446e-06,0.0007171270672059578,0.009041159372377433,3.719885156452936e-06,0.0008435859608313651,4.597952461711608e-06
53,7.616806601065362e-06,7.887876336696693e-09,0.00027843096063968426,2.1736365409190468e-05,6.49647406723493e-05,0.003193721810457639,0.15343689244391456,0.0006055628904988396,1.1268807730446496e-05,0.0005108667054746329,1.0323211529506777e-06,0.8218888206877072,2.5396961215487405e-05,6.466929206966035e-06,8.123128943553543e-07,0.01305401248152909,0.0013142794205130734,8.632255235885713e-06,3.379884359957806e-06,3.478265184009739e-06,0.0007059001987547997,0.004250696805670488,4.255946775592021e-06,0.0005984315452422872,3.3345652834129774e-06
54,1.333459446184689e-05,6.252481143008171e-09,0.0006933110516253311,3.14125316104603e-05,9.465226831128465e-05,0.004600526713596838,0.09272346853598061,0.0011281899817276394,1.422413084523381e-05,0.001119150834284412,1.1906479556606563e-06,0.8641210139364293,8.294035271568979e-05,4.006263682346378e-06,5.628029593959624e-07,0.027401943306074962,0.0021215935087860968,1.1766770566636299e-05,8.863373840433493e-06,6.307248539650106e-06,0.001006111369184467,0.004125739752385903,3.3374027836348847e-06,0.0006849026803060334,1.4436888649202385e-06
55,9.535168974836206e-06,1.1908226455272855e-08,0.00030414299372363753,1.8907320188641297e-05,6.216428408017346e-05,0.0036180489328706284,0.10248611636371409,0.0009143573602234368,1.324818227171413e-05,0.0004920299160337619,6.794752832281423e-07,0.8694281804990902,3.192710412372198e-05,4.477578591886173e-06,7.253457188883469e-07,0.01445227476725079,0.001249811385186915,7.140504888131299e-06,6.603248211678515e-06,2.2841670732181842e-06,0.000490782610269784,0.005800626720389411,2.2357183490312814e-06,0.000600931580843342,2.7568644224199747e-06
56,1.5860378771559548e-05,2.39704019950776e-08,0.00045838082022852007,3.155550082333038e-05,9.459917276443505e-05,0.005560263359129206,0.12098035505097955,0.0012236003652897486,1.996341781893913e-05,0.0008305744395368482,1.1522072299306815e-06,0.8392419119511563,4.462053281887711e-05,6.105941212321739e-06,1.1835940007251903e-06,0.018887748774564516,0.002057566519079745,1.1007194110195262e-05,1.3051114415366073e-05,3.3144246906917896e-06,0.0007168207256337232,0.0089089411256986,3.6110918540555437e-06,0.0008833967467808626,4.391581010144629e-06
57,6.468973471277234e-05,9.916490694585685e-08,0.0002301730851520657,0.00013669396235862423,0.0001379865823823362,0.009584332438903383,0.2356277655998463,0.002056506218993641,4.172135002675199e-05,0.0012869337796214638,5.210398174274467e-06,0.7034421231988198,4.664578676406469e-05,2.7158423806642385e-05,5.160608602434126e-06,0.023302406678588808,0.0034934896619246703,6.030691726144678e-05,2.8469080876105585e-05,4.720819027812342e-06,0.0007093384227669338,0.018203184066823495,1.317723647056545e-05,0.001473062112951701,1.864467023712838e-05
58,1.5453013055943614e-05,2.3768293579346682e-08,0.0004502837340670575,2.8415310578408957e-05,9.32474954320998e-05,0.005962811805881161,0.12551723870523548,0.0011383476611984639,1.846521061018128e-05,0.0008617438006585437,9.661999991850192e-07,0.8338908546491121,4.554646342089974e-05,6.0337235634476505e-06,1.094396708768975e-06,0.018769806898364962,0.0021803085191493704,1.0983009095909291e-05,1.4109242734083696e-05,3.1458840746292653e-06,0.0007209278489119083,0.009204473771172852,3.6033535671650337e-06,0.0010577048809390403,4.410654174580044e-06
59,1.4367098962210544e-05,2.22789019382007e-08,0.00046318710677531726,2.7538586256211813e-05,8.993729804277053e-05,0.0054644762965771485,0.11965364744994975,0.001105441266137761,1.7714520584602746e-05,0.0007996672219954609,9.694039065883599e-07,0.8415408048826598,4.321751832836884e-05,5.769449599294711e-06,1.0570804611520468e-06,0.018201284714005457,0.002078132808115243,1.0106802271279528e-05,1.2639411862980709e-05,3.13252655555485e-06,0.0007313961817160722,0.00877599380556425,3.433052721640456e-06,0.000951898824768153,4.164413281218261e-06
60,1.5471224251065733e-05,2.5102139491708046e-08,0.00045275894676272767,3.100672880312717e-05,9.527753765776831e-05,0.005405354108376266,0.11927646588044048,0.0011630397934194747,2.007898208313793e-05,0.0007966503236433156,1.1904780243054447e-06,0.8421871472057173,3.9563997689041964e-05,6.241110523024517e-06,1.2451682877409893e-06,0.017759236235143177,0.0020292056740687445,1.0558070102713347e-05,1.2477228485400594e-05,3.180924406541232e-06,0.0007293920919164502,0.00911426042526416,3.6967285007643657e-06,0.0008417788854813049,4.697148812685068e-06
61,1.5083987629338027e-05,2.3292331659326966e-08,0.0004761355306502434,2.7369246859051824e-05,9.515762692103358e-05,0.005442886172766234,0.12021645093394454,0.0010957386281826172,1.8719637767056937e-05,0.000799962692133602,1.0317883276836216e-06,0.8411252014638775,4.214452382633089e-05,6.1003023107511115e-06,1.121139703316036e-06,0.01808532272608956,0.002099650192300637,1.0140470188997776e-05,1.3064188674868913e-05,3.122293700072498e-06,0.0007467161007275031,0.008730256110328311,3.5972814794382643e-06,0.0009405667561878528,4.436913091599768e-06
62,1.5471224251065733e-05,2.5102139491708046e-08,0.00045275894676272767,3.100672880312717e-05,9.527753765776831e-05,0.005405354108376266,0.11927646588044048,0.0011630397934194747,2.007898208313793e-05,0.0007966503236433156,1.1904780243054447e-06,0.8421871472057173,3.9563997689041964e-05,6.241110523024517e-06,1.2451682877409893e-06,0.017759236235143177,0.0020292056740687445,1.0558070102713347e-05,1.2477228485400594e-05,3.180924406541232e-06,0.0007293920919164502,0.00911426042526416,3.6967285007643657e-06,0.0008417788854813049,4.697148812685068e-06
63,1.6739419209417397e-05,3.641210097358403e-08,0.0004786114408857994,3.4996780620645674e-05,0.00010473307352486277,0.006365314646844223,0.11774319161210858,0.0012780953419670516,2.38805059213268e-05,0.0008091014289232312,1.3130245832177668e-06,0.8392730851766301,4.0489967210964353e-05,6.445405010863102e-06,1.5296274553910943e-06,0.018807714817337534,0.0021787282402333723,1.2241295324516036e-05,1.5477352701935103e-05,3.269059787973186e-06,0.0007985477356276053,0.011105799546599814,4.167351000471651e-06,0.0008909613972251021,5.529341164777874e-06
64,1.243842520319317e-05,2.3038424789462567e-08,0.0004944997674315624,2.744205105996912e-05,8.584775821889076e-05,0.005365738601423614,0.1048948017861502,0.0009935981456596508,1.7444788396827255e-05,0.0006764203414314847,1.0211663898497168e-06,0.8571383228739232,3.566612846962594e-05,5.431321406889989e-06,1.1529981873366368e-06,0.0178206329022671,0.0020462154245614876,9.68830754104901e-06,1.080727895503311e-05,3.160588886133849e-06,0.000966809491985065,0.00857757517834399,3.920915752308898e-06,0.0008073049485459408,4.035771384772888e-06
65,1.907926458391442e-05,2.040853642250974e-08,0.00048656910534061184,3.241645079279978e-05,0.00010025967389945831,0.004539236965544968,0.12419621753204955,0.001417978882746284,2.1051157472167727e-05,0.0009626006256054088,1.3960094894960467e-06,0.8380854225162478,4.6866682814431503e-05,6.213930185438421e-06,1.15135398262897e-06,0.01824350393478901,0.0019813506197220642,9.333579561965722e-06,1.3101617336679139e-05,3.1664960337265785e-06,0.0005613157195989683,0.00851035483123654,2.850332188104171e-06,0.0007544322805375284,4.110029704039404e-06
66,1.4235547338138895e-05,2.918570664263816e-08,0.00041333130024954595,3.089671705986144e-05,8.42073976610794e-05,0.005399178389933055,0.10755258658829218,0.0011686653714277886,1.9852782917878717e-05,0.0007265665279760075,1.2116539685102695e-06,0.8545677480495698,3.402211073170785e-05,6.143716869180369e-06,1.4449157117843293e-06,0.016557950356594242,0.0019115191954546188,1.0788531475059794e-05,1.2022660457535344e-05,2.913603794468272e-06,0.0007433651870399098,0.009942172707446018,3.7898549579330744e-06,0.0007904217103541473,4.93593701313855e-06
67,1.3628156555602184e-05,2.6506098817534698e-08,0.0004337905687204835,2.9635815350027593e-05,8.812697141330589e-05,0.005817120375069411,0.11700224737459543,0.0010342355723824874,1.856032044957382e-05,0.0007207743868275511,1.0795771899931734e-06,0.8441328141119998,3.629354188993323e-05,6.116514002933719e-06,1.243961553392861e-06,0.017378228569466497,0.002108696593567155,1.0979333954335847e-05,1.1988712560911378e-05,3.157623284322456e-06,0.0008208430866179046,0.009430528638506895,4.097555829510566e-06,0.0008908629441916487,4.923187922030088e-06
68,6.797957687515369e-05,6.193768862939858e-08,0.001028443103446843,6.892379679616627e-05,0.00024327020278810824,0.00611351127987991,0.18393468628203205,0.001838166489982529,4.346802504945036e-05,0.0015126392286429428,2.739079797955055e-06,0.7496599084146459,9.015668024486106e-05,1.4568310816497757e-05,1.6982204827818149e-06,0.034758169815185834,0.004315515711462041,1.6546455755330828e-05,5.0764959564084255e-05,4.420308245011732e-06,0.0006816232809829074,0.014029921370557013,5.387734133243739e-06,0.0015077644635964876,9.665271348267123e-06
69,8.812583849790427e-06,2.785979584093181e-08,0.00034715176317512436,4.443711135441212e-05,7.275318045635667e-05,0.004287883557902636,0.06227748405398679,0.001230591968089561,2.6287246122088368e-05,0.0007106363643962024,3.5087148041666638e-06,0.9090662327670409,2.332856569874441e-05,4.553643656621335e-06,2.6155561821417405e-06,0.009919335640916337,0.001485090811988333,1.4211807811247612e-05,4.60909282193741e-06,5.503038005123025e-06,0.0010517030198383488,0.009141713396266299,5.889382730672909e-06,0.00026069878836310306,4.940084747264736e-06
70,7.642390787437731e-06,1.7825796335379147e-08,0.0005155881469152473,4.239531425479746e-05,7.723512726834914e-05,0.006809037062178331,0.09791837984397633,0.001196207700262088,2.358235249498261e-05,0.0006688416704105673,1.1107686666045732e-06,0.8601536142070331,3.416858635928261e-05,3.260380461988217e-06,1.0181529140515791e-06,0.024075386826506926,0.0009313088569638744,7.621319712103563e-06,6.571314528673296e-06,3.837880288885485e-06,0.0007950918185355698,0.00628703001833865,3.3706462492546206e-06,0.0004352843872435925,2.397401853142437e-06
71,1.643392372084312e-05,1.577424483051895e-08,0.0004045091185501267,2.7912168901161096e-05,0.00010185565928680165,0.00512738335305757,0.17190944639750036,0.001116821021173785,1.9696861066342237e-05,0.0009387815752211379,1.0052411262098848e-06,0.7915972709587442,4.396424979233274e-05,6.188716675452528e-06,9.021433040428223e-07,0.017439978216645998,0.0020584996468926485,9.097213535151615e-06,1.0733508142149025e-05,3.1211906352681396e-06,0.0005812635352959697,0.007623491095431543,3.282626659047723e-06,0.0009538988182541164,4.446986142927136e-06
