,0,1,2,3,4,5,6,7,8,9,10,11,12,13,14,15,16,17,18,19,20,21,22,23,24
0,0.0010376530941350302,0.0014622712171956434,0.6888762401746179,0.0013553644153319142,0.001635668899775634,1.2266705979414918e-07,0.0005847984988932213,0.014023603689206209,0.014502917931990994,4.266891924783679e-05,0.0011697806532949958,0.2656076034795974,0.007141519194014958,0.00040755621023520164,1.6256423583301382e-06,2.9731476462941946e-08,0.00018908549739617877,9.048224692880463e-05,0.0004571608002515785,6.245382430836127e-05,5.238276878409411e-06,0.00024840214952809764,1.159059499420651e-08,0.0007861131499234286,0.00031162804575858344
1,0.0014603811729545473,0.00405142833365,0.641626777200211,0.003123466705997171,0.0019008002069024687,1.5857056797446581e-07,0.0009470290376945386,0.027920702454865325,0.021356018346141134,0.00013174452235424085,0.00136405971629856,0.2834204324777182,0.007305844088347034,0.0006376730088019131,3.5558838757004473e-06,5.571779819140883e-08,0.00039634574420434614,0.0001784377877334465,0.0009804165699631854,9.100466148546269e-05,1.864519654963252e-05,0.0005680946317756239,2.7524317232579426e-08,0.0013705949866749353,0.0011463054531180947
2,0.0018438686734619837,0.005131908832968515,0.5380789685710496,0.0034742323132991326,0.0018400694158815195,1.760801992405736e-07,0.0010667587418682928,0.027007674802777784,0.013909555724496423,0.00011374365186193962,0.0017400817298614682,0.3909103019655061,0.008179391948896568,0.0008024906296992246,5.093004561112743e-06,5.807135940550845e-08,0.0006570268099979593,0.0002703426576762347,0.0007856299598484598,0.00010599805847793014,2.315129165223793e-05,0.0009368514341996343,5.699364980848851e-08,0.0017348561913552336,0.001381712445394272
3,0.0016336314195941582,0.00476832073549605,0.5842418127312293,0.0035271425933643867,0.0018501996574007778,1.3018505037146852e-07,0.0008725732369036645,0.026326514104422823,0.013028431158520246,0.0001111260123128079,0.0014548583700560475,0.348041105121587,0.008321524423372568,0.0006687427368408427,2.909476485824136e-06,3.990244912612601e-08,0.0005391969181642429,0.0002657368201094997,0.0006799146340438828,9.002265694040301e-05,1.8322629799397653e-05,0.0006641690188937813,3.48656805172781e-08,0.0017212314793826453,0.001172309111899638
4,0.0015381754002364142,0.004773444580726662,0.588509424418573,0.003390548713850077,0.001966423071870799,1.37233664176308e-07,0.0008471731597893207,0.022450556323646,0.012160367197179806,0.00010608249079564942,0.0014120566447966864,0.3476253769466322,0.009721868159681199,0.0007453304012167315,2.7278534150237443e-06,3.843698943089715e-08,0.0004975779061859267,0.00025732216566487265,0.0006113130891314869,8.78784441976677e-05,1.606241687518091e-05,0.0006387833195072279,3.465303084841724e-08,0.0016314472685309864,0.0010098497038125208
5,0.0015849461181788444,0.0054401146115078645,0.5709487159221488,0.004468387782215515,0.0020266885538696437,1.3128266067733255e-07,0.000878899200113276,0.02957620650567751,0.0117950568020706,0.0001312258771611838,0.0015311844159298332,0.3557762298817715,0.009467729011232264,0.0006883011147713795,2.6048593210883946e-06,3.833876275327997e-08,0.0006099157781339114,0.000344242496733888,0.0006407809762443916,0.00010060909186186208,2.087104938887345e-05,0.0006856823721445286,4.01687808390239e-08,0.002039441264287485,0.0012419565250314363
6,0.0016336314195941582,0.00476832073549605,0.5842418127312293,0.0035271425933643867,0.0018501996574007778,1.3018505037146852e-07,0.0008725732369036645,0.026326514104422823,0.013028431158520246,0.0001111260123128079,0.0014548583700560475,0.348041105121587,0.008321524423372568,0.0006687427368408427,2.909476485824136e-06,3.990244912612601e-08,0.0005391969181642429,0.0002657368201094997,0.0006799146340438828,9.002265694040301e-05,1.8322629799397653e-05,0.0006641690188937813,3.48656805172781e-08,0.0017212314793826453,0.001172309111899638
7,0.0017713259763649542,0.00634189592289321,0.6783129657891216,0.003564315900016947,0.0016318100997557694,1.0340605871667118e-07,0.0010881730201411344,0.020479448165760212,0.01185479030814667,8.597640228299955e-05,0.0015983736640597947,0.2530306401724625,0.014632409310983578,0.0006378120934507295,2.207284581380646e-06,2.4404471012849377e-08,0.0004451487299887127,0.0002774584380153698,0.0004531525377606404,9.497676153796515e-05,9.337144611609351e-06,0.0004642107926596198,2.9348038851487538e-08,0.0023696244952443046,0.0008537898315917654
8,0.0015497646226574552,0.00534669280169922,0.6471152981584471,0.004709622728255351,0.0016485719568132729,8.341685410432259e-08,0.0009289827949619968,0.03036462986834492,0.010647995124382378,0.00014516137137168117,0.0008643477708842366,0.2811648279398631,0.008771745653001586,0.0006964012327290175,2.444433021754341e-06,4.2162435044791844e-08,0.0005847354363218199,0.00022469612841116845,0.0005241288806993245,9.31097599718268e-05,1.8689531442814015e-05,0.0005613801651027564,3.974600528317897e-08,0.002365945270476212,0.0016706630458465288
9,0.001333349800478302,0.005057142831430805,0.7154488789761398,0.003872264189437972,0.001514949589920056,6.290807391837325e-08,0.000741495695654885,0.023657216275436894,0.010617128850597292,0.00010350941719051704,0.0007740774307939946,0.22120375906906253,0.010071594059274332,0.0005369332653491707,1.7452762062775745e-06,2.5205096159906795e-08,0.00045011810888704077,0.00018550134004755188,0.00037397837980674423,8.036146070104936e-05,1.0884329513364715e-05,0.00036886101404805623,2.4036544291577158e-08,0.002375634423690798,0.0012205040666181278
10,0.0016336314195941582,0.00476832073549605,0.5842418127312293,0.0035271425933643867,0.0018501996574007778,1.3018505037146852e-07,0.0008725732369036645,0.026326514104422823,0.013028431158520246,0.0001111260123128079,0.0014548583700560475,0.348041105121587,0.008321524423372568,0.0006687427368408427,2.909476485824136e-06,3.990244912612601e-08,0.0005391969181642429,0.0002657368201094997,0.0006799146340438828,9.002265694040301e-05,1.8322629799397653e-05,0.0006641690188937813,3.48656805172781e-08,0.0017212314793826453,0.001172309111899638
11,0.0016369765882428857,0.00485185037424941,0.5851481061233373,0.003545766790074872,0.0018586519939843968,1.2910589737002781e-07,0.000871629296225113,0.025296181169945545,0.012438054446635698,0.00010866921918264839,0.0014346282281002736,0.34795087104663236,0.009068041556032034,0.0006883839590078864,2.7923814183312516e-06,3.8552544070184556e-08,0.0005417070441403933,0.0002714559638852633,0.0006392871262481196,9.110796874409184e-05,1.7163045469111652e-05,0.0006577918742450871,3.5569189665848493e-08,0.001758718438548894,0.0011219621380189988
12,0.0014348044071048275,0.004156558572928033,0.21292673217602706,0.002633472738477846,0.0024724046576474847,1.2234112735540688e-07,0.0002773294232921488,0.009429184201818585,0.0010896911428440754,7.73090753123195e-05,0.0007140732316423826,0.7499272733306761,0.008147036774700498,0.0011842275865304494,1.136580330814701e-06,3.0181672882344434e-08,0.0010953997123390815,0.0006970026181773396,0.00019295550216283697,4.407501467304676e-05,1.8972019461609496e-05,0.0014752182430670775,9.597097417183861e-08,0.0013655650592851324,0.0006393294377266533
13,0.0016334309795593494,0.004764814558394909,0.5841335981385937,0.003524917231130032,0.0018497774352579086,1.3010777707818998e-07,0.0008720194907071232,0.026313845881643178,0.013022011066141995,0.00011098441587835551,0.0014549368408006145,0.348181667422877,0.008317831983760413,0.0006686654826089382,2.9089558800907715e-06,3.9871118220486056e-08,0.0005391702595763343,0.00026558871941615206,0.0006797231331572911,8.995995474601042e-05,1.831518221566608e-05,0.0006640254784198332,3.485003095901035e-08,0.0017199741233565147,0.0011716284369522655
14,0.0017930440897369576,0.0028263098988998057,0.531525141826641,0.0026776957636005763,0.001354461957268041,1.0179502573418613e-07,0.0007595948405810375,0.023490295050984874,0.010478750887078014,6.787039386771345e-05,0.001246166329249468,0.41309064522610633,0.005645541410770614,0.0005825762065189815,2.7739090407464414e-06,3.936413970207984e-08,0.0005241658120410971,0.0002053951824161815,0.0006284256992648069,7.665137367929764e-05,1.6186295844778536e-05,0.0006010190286627652,3.292834080274353e-08,0.0012657753569947827,0.0011413393732459625
15,0.0016336314195941582,0.00476832073549605,0.5842418127312293,0.0035271425933643867,0.0018501996574007778,1.3018505037146852e-07,0.0008725732369036645,0.026326514104422823,0.013028431158520246,0.0001111260123128079,0.0014548583700560475,0.348041105121587,0.008321524423372568,0.0006687427368408427,2.909476485824136e-06,3.990244912612601e-08,0.0005391969181642429,0.0002657368201094997,0.0006799146340438828,9.002265694040301e-05,1.8322629799397653e-05,0.0006641690188937813,3.48656805172781e-08,0.0017212314793826453,0.001172309111899638
16,0.0010764989750150459,0.0028867991487480653,0.6990789968136164,0.001928540855357444,0.0014804136212790975,7.686526553071904e-08,0.0005683592574368543,0.015559139030087052,0.015285097593322633,4.128852797173587e-05,0.0011122359815264877,0.2498626282234113,0.00749836302713919,0.0004590256771633995,2.3773785353830135e-06,1.7611187277562322e-08,0.0003111976719052197,0.00010549484202264728,0.00043014181441510007,6.146485331332749e-05,6.219047571350208e-06,0.00036284639593101866,1.5607193232349178e-08,0.0011439681252418013,0.0007387930553435097
17,0.0016446952010394792,0.005517635760253459,0.675722705296285,0.0019340857658859925,0.0019149640039488778,1.9040925924674296e-07,0.0010205111208666355,0.030130466620834274,0.03227782400817532,0.00012532396758827276,0.0021836285899647675,0.23575021661914053,0.00573806565762723,0.0003844214981988396,6.958710361167665e-06,4.746690739510834e-08,0.0005040069397679532,0.00017772115786962236,0.001130715878536211,7.635118588340717e-05,1.9309311264176357e-05,0.0007702450575356113,2.2203899223678633e-08,0.0019254613734783742,0.001044426195428894
18,0.0010975560688294514,0.004534890404051929,0.6555079625409606,0.0039097815669453485,0.0025115269109735115,2.025112734322045e-07,0.0009379287241077686,0.02812438719893506,0.02269079036430717,0.00012973272626459745,0.0019374119153704303,0.26465289904406636,0.00891385955922751,0.0007024293814933367,3.7385529529562126e-06,4.847312060426081e-08,0.00034609706100415297,0.0001817141836160991,0.000894011012246615,0.00010878125665236633,1.8121917979526884e-05,0.0005111153680692606,3.142275134006488e-08,0.0013420298075459678,0.0009429520272545346
19,0.13441341443026872,0.05921036237676249,0.053238343201514514,0.016508082727618962,0.00020447026221649193,1.5238126996407069e-06,0.07169763897099048,0.18345523764830898,0.010659891671823393,0.0009219215891407037,0.021699533109929964,0.2815778050738504,0.0008945437622144224,0.0008800686330834532,0.00028040571109542333,5.070786412887225e-06,0.007961220439807617,0.012086563904828767,0.018194655444799982,0.0004339594299918068,0.0030103440866823604,0.011501117470746607,1.7722207444913458e-05,0.017511217073034574,0.09363488617473241
20,0.0013898195776114012,0.005348298473000482,0.5467482473871097,0.003530573379125174,0.0021027017661196584,1.1145965281107138e-07,0.0007744949413155908,0.035681067985832204,0.013170655111985202,0.00012517331314310828,0.0013948348686264095,0.3746355387729848,0.008589981705671757,0.000640161061183073,3.382357461617313e-06,3.595605468677808e-08,0.0007469356770663418,0.0002644370576903993,0.0007373459993592056,9.281878666789752e-05,2.125015610693628e-05,0.0009979237387803186,3.616108907971696e-08,0.0019269841208171981,0.0010771901855448074
21,0.0017097131886742456,0.003190581521340707,0.5246302802224666,0.0033183755977863323,0.0015375987719836858,1.3060539683525218e-07,0.000863779252589111,0.01697687653923721,0.0073239026336801676,8.983605777946334e-05,0.0011526821571628358,0.425440741209855,0.009121572465719211,0.000790715708948489,1.8029521392793454e-06,4.813163473844528e-08,0.00039382710485488597,0.00025713711042735487,0.0004652978795251336,8.814838921144084e-05,1.443831096600953e-05,0.00045670970197035784,3.85430052946448e-08,0.0012882354738091753,0.0008875304698366017
22,0.001836742127740131,0.004055882850102547,0.5327367748283355,0.0030590309352731978,0.0017694245482704608,1.3393091291024184e-07,0.0007791185903875381,0.024892614203796258,0.009565197842234358,9.663050044917868e-05,0.0015697121332156326,0.4068939452378313,0.006952738283276277,0.0006398889621623648,2.664233913968799e-06,4.2623931595209416e-08,0.0006566640995811436,0.0003337717624372586,0.0006235412701038682,8.245907397353676e-05,2.1157596054774352e-05,0.0007412527791059578,3.928033653018179e-08,0.0016893418792203515,0.0010012304273533143
23,0.0016336314195941582,0.00476832073549605,0.5842418127312293,0.0035271425933643867,0.0018501996574007778,1.3018505037146852e-07,0.0008725732369036645,0.026326514104422823,0.013028431158520246,0.0001111260123128079,0.0014548583700560475,0.348041105121587,0.008321524423372568,0.0006687427368408427,2.909476485824136e-06,3.990244912612601e-08,0.0005391969181642429,0.0002657368201094997,0.0006799146340438828,9.002265694040301e-05,1.8322629799397653e-05,0.0006641690188937813,3.48656805172781e-08,0.0017212314793826453,0.001172309111899638
24,0.0014229696821057428,0.005682785017052283,0.5742117569101673,0.004494853217055851,0.0021054840797897767,1.3725800888360015e-07,0.000854336437358863,0.025788627633444042,0.01200175794656172,0.0001357680400689656,0.0014062299991717726,0.355299445572145,0.010685106908594848,0.000816905229907935,2.392583306910901e-06,3.8548130748465375e-08,0.0005040249909755584,0.0003044971216372709,0.0006545306387811842,0.00010268010235956771,1.8757011755706218e-05,0.0006597311413897698,3.645956004001307e-08,0.0016680942135626202,0.001179053257107629
25,0.0014505665775252587,0.007159339638103562,0.6438284784460269,0.002783164660722717,0.0023373339687344516,2.393025480147497e-07,0.0007879717020749052,0.01763935767079165,0.023321667269163935,0.00017537413051201895,0.0012812425596471788,0.2844890062049682,0.008437397665884064,0.0008205505657729165,4.739287638071972e-06,5.1731747100356594e-08,0.0004124124697697863,0.00023050218446696581,0.0007510262186559216,7.609788314724481e-05,1.9416423413087955e-05,0.0008232431036515985,3.000617205842361e-08,0.0015255993667042383,0.0016451909621582202
26,0.002040037057344296,0.004347099944957057,0.6270469529714559,0.0028437113157134763,0.0014227145752295986,7.063210957108865e-08,0.0006993919636462228,0.027856548139446984,0.009927837112832584,8.293016060768252e-05,0.0010916351415687729,0.3074666215256402,0.008651751328040969,0.0003826740403888114,1.9056867905465965e-06,2.2524161138449304e-08,0.0007887006664305848,0.0003274324017665064,0.000407030580683282,7.154788663732493e-05,1.2364991596002663e-05,0.0005828952479846633,2.6242044762309167e-08,0.002947216534865219,0.0010008813280578657
27,0.0017492659877280433,0.005069728659686043,0.6118852217579088,0.003285815051139766,0.0018012463797605727,1.6088071661117898e-07,0.0009332132436820605,0.032132538328748086,0.020171973631676207,0.0001344890183037362,0.0014622845772434645,0.30770478905164433,0.007030893218523621,0.0005945386433463679,4.41615702680234e-06,5.080291341558559e-08,0.0005749094817597353,0.00025010621728008855,0.0008412418118038919,0.0001017376581721784,2.0572785877568034e-05,0.0008463713042890542,3.6251764428830464e-08,0.001842944143160077,0.0015614549558449653
28,0.0016336314195941582,0.00476832073549605,0.5842418127312293,0.0035271425933643867,0.0018501996574007778,1.3018505037146852e-07,0.0008725732369036645,0.026326514104422823,0.013028431158520246,0.0001111260123128079,0.0014548583700560475,0.348041105121587,0.008321524423372568,0.0006687427368408427,2.909476485824136e-06,3.990244912612601e-08,0.0005391969181642429,0.0002657368201094997,0.0006799146340438828,9.002265694040301e-05,1.8322629799397653e-05,0.0006641690188937813,3.48656805172781e-08,0.0017212314793826453,0.001172309111899638
29,0.0016336314195941582,0.00476832073549605,0.5842418127312293,0.0035271425933643867,0.0018501996574007778,1.3018505037146852e-07,0.0008725732369036645,0.026326514104422823,0.013028431158520246,0.0001111260123128079,0.0014548583700560475,0.348041105121587,0.008321524423372568,0.0006687427368408427,2.909476485824136e-06,3.990244912612601e-08,0.0005391969181642429,0.0002657368201094997,0.0006799146340438828,9.002265694040301e-05,1.8322629799397653e-05,0.0006641690188937813,3.48656805172781e-08,0.0017212314793826453,0.001172309111899638
30,0.0016336314195941582,0.00476832073549605,0.5842418127312293,0.0035271425933643867,0.0018501996574007778,1.3018505037146852e-07,0.0008725732369036645,0.026326514104422823,0.013028431158520246,0.0001111260123128079,0.0014548583700560475,0.348041105121587,0.008321524423372568,0.0006687427368408427,2.909476485824136e-06,3.990244912612601e-08,0.0005391969181642429,0.0002657368201094997,0.0006799146340438828,9.002265694040301e-05,1.8322629799397653e-05,0.0006641690188937813,3.48656805172781e-08,0.0017212314793826453,0.001172309111899638
31,0.0013106834129013407,0.004406419163280164,0.6234395892585183,0.003875569558321846,0.001802136089832008,6.057527433934284e-08,0.0006094944967399348,0.031011692903109015,0.00875289968417286,0.00010284358473641518,0.0008571651073593224,0.30883767874253915,0.009566547249296637,0.0005367427912907365,1.3120840729540057e-06,2.272907894961028e-08,0.0005486242875915935,0.00025434425584579766,0.0004647252873973013,8.057421894061934e-05,1.3474902734507526e-05,0.00048062057961852447,2.1668090478712404e-08,0.0021169683572920244,0.0009297890119652737
32,0.0016583411216337177,0.004738137993253141,0.5814819094303204,0.0034042267281391187,0.0018599484895950303,1.3385186429722864e-07,0.0008801851534213173,0.027557575765837325,0.014248970277609345,0.00011337179443531828,0.0014742163699082475,0.34868757760985264,0.007980603449730107,0.0006650805287844046,3.1959931911864607e-06,4.227325435302946e-08,0.0005519590225291824,0.00025510686461967307,0.0007657160978227108,8.960773898751017e-05,1.9403994928845552e-05,0.0007025294903083452,3.42673422201923e-08,0.0016659146179989477,0.0011962110746327212
33,0.0015137891293637918,0.0025979153413003865,0.7128706197214904,0.0031409876680337694,0.0012941424226872828,1.4638135303091295e-07,0.0009551323207650655,0.023456087897946946,0.02638169223669817,9.433672902402179e-05,0.001457537655875461,0.2173494824348625,0.0036478246816241534,0.0004307905647705141,4.190364279188964e-06,5.2897916649682074e-08,0.0002824405800188017,0.00013453810363743828,0.0007902586930223801,6.888858026823123e-05,1.9793018442390734e-05,0.0002649346370536917,2.6752271753324955e-08,0.0012841099876894288,0.001960281199604547
34,0.0018337839338285395,0.004047947780108347,0.7019628397848588,0.001977092015946861,0.0014714804177895795,1.5888913430940168e-07,0.0009691019618098753,0.020680932949845826,0.03887332634911652,9.298701534053557e-05,0.0012522110448093438,0.21548905705591798,0.006224200498395075,0.0006060017726946721,4.785466378322504e-06,4.6187374716757555e-08,0.00026073352030089804,0.0001145095457177495,0.0012450684007478574,6.570543337761431e-05,1.2611369122920657e-05,0.0004886564701541459,1.610195195509006e-08,0.001009771889893291,0.0013169741453842605
35,0.0019311109121543744,0.004947586886425678,0.5642311407137173,0.003741759605785026,0.0016863758271298268,1.1516021290401171e-07,0.0008641497158754062,0.03307079229557853,0.013893704200390778,0.0001253254005394487,0.001343722157055906,0.35968426861546116,0.007982548733092114,0.0005816793663614657,2.665824755558245e-06,3.838240711521859e-08,0.0006443772167994521,0.00031718528031170093,0.0007632258182897927,9.301470050307452e-05,1.9583717824121235e-05,0.0007477879955346895,3.262236184708918e-08,0.001941034865114735,0.00138677398631797
36,0.0015849711592236548,0.0043689085125851145,0.5791662246744601,0.0032950723528608825,0.0017922355381480223,1.1567735407352818e-07,0.0007990320966315206,0.025547528935948072,0.012425412569262204,0.0001020520733251981,0.0013163619645904512,0.3560368687744742,0.007993868769858288,0.000644867631531286,2.7305957064617016e-06,3.698498906637733e-08,0.0005390294379254758,0.00024046095875093486,0.0006574990438640517,8.313177577427182e-05,1.715111315903887e-05,0.0006415970652115468,3.1525694769719296e-08,0.0016192709997684721,0.0011255397689028303
37,0.0025517882098292574,0.0038814385899023918,0.5434040990322131,0.002229052151216552,0.0012044104665770983,6.912131068102416e-08,0.0007527297750866495,0.015235006891059685,0.0059022866008344235,5.3077127203368356e-05,0.0010459431924076537,0.4110852246401161,0.007765449990929547,0.0006744775631753754,1.4599001773335862e-06,2.424184312664484e-08,0.00048449587001733085,0.00028596285735155077,0.0004344717589758337,5.496074541344039e-05,1.085794593449722e-05,0.0005170815209365644,2.360560111500602e-08,0.0015526402056433672,0.0008729679962439312
38,0.0010873514613385382,0.004838442163755965,0.6117844693238026,0.004217400613058841,0.0020137576140569296,6.570272653827512e-08,0.0005014480242747911,0.03234773168971556,0.01196737978411676,0.0001066827598644724,0.0009656664466556708,0.3154751158887999,0.009237191811673142,0.0005248439209184897,1.6517558321814163e-06,1.8932898513954534e-08,0.0006033135422911338,0.00022951857901552312,0.0005250848227379071,7.966939873293348e-05,1.4354470584405673e-05,0.0005589159440405276,2.0387463146574543e-08,0.0018073423148089265,0.001112562646836754
39,0.001849082840397172,0.0076309966915394465,0.616467993892474,0.0035522054987917554,0.0018579330037005095,1.3152327803917875e-07,0.0010308885895750732,0.02285762405282578,0.014498195416146047,0.00011283571635125932,0.0016449760954486549,0.31031177242644203,0.01165747235361915,0.0007730127464436415,3.320112182041715e-06,3.131103136154009e-08,0.000562706554814801,0.00030727775277365966,0.0006408894382909761,9.0133641446919e-05,1.4908026533072631e-05,0.0007907311623130199,3.5106946526678007e-08,0.002106800545902706,0.0012380455007324346
40,0.002353862299816283,0.004773137162941179,0.5074768802754921,0.0017631470864248415,0.0015204414470100863,1.1134182820357453e-07,0.000721387386801893,0.01506796912466393,0.009508288200178124,6.239122208972672e-05,0.0013085003731926601,0.4432666492676224,0.006634176409673903,0.0007852811725256555,3.2091985662543015e-06,3.080837749637175e-08,0.0005696235396629888,0.00023871384409968513,0.0006479041134399863,4.996545303151751e-05,1.4800402567932513e-05,0.0009350641576155626,2.7603085089246763e-08,0.0012739314480904478,0.0010245066612021945
41,0.0006286248314604112,0.0038664797526637936,0.7978004194982464,0.0019966805697114254,0.002418287256016214,1.513146900992613e-07,0.0004913846614722123,0.015413426356329219,0.03557733012924214,0.00012147263532975196,0.0008091496351042376,0.13112800198911104,0.005988915203043861,0.0005103241189718617,3.969814078312743e-06,3.3739649417261864e-08,0.00018495219085101357,6.72133791903325e-05,0.0005715681055754106,4.963063997422793e-05,1.1020715245834557e-05,0.0003039534125352555,1.1800382841572858e-08,0.001080287935019631,0.000976710316105002
42,0.0017844895913227653,0.004725164253150212,0.5246602791513107,0.0029931534605890154,0.001729839237411163,1.1480999355402376e-07,0.0009655300730112541,0.055616518882410114,0.018050583106627053,0.0001514815944616004,0.0014605621044636286,0.37482059571962956,0.005287051345661488,0.0004818171519244266,5.419867709924443e-06,6.641600489202082e-08,0.0009571469470730647,0.00021354479856153062,0.0014056406610568116,0.00010714051246378093,3.271822374581615e-05,0.0013298868984469702,3.7729120937125845e-08,0.001897489028667304,0.0013237284351823222
43,0.0014643662023592402,0.006130136551809821,0.5216717615749547,0.005018266746401297,0.003266612467260553,2.8431566969714343e-07,0.0009685113884491607,0.058521154105438046,0.02282516797558299,0.0003541123731311175,0.0018800247670506466,0.3622400687779102,0.006887786793332361,0.0006325783561193023,5.792555050257608e-06,1.0079833168874524e-07,0.0009059042983805637,0.0003674502730802865,0.00138048707392099,0.0001259242339690669,5.392746173821094e-05,0.0013448709565354944,5.811901337166929e-08,0.0023511168700935856,0.0016035349644173817
44,0.0016336314195941582,0.00476832073549605,0.5842418127312293,0.0035271425933643867,0.0018501996574007778,1.3018505037146852e-07,0.0008725732369036645,0.026326514104422823,0.013028431158520246,0.0001111260123128079,0.0014548583700560475,0.348041105121587,0.008321524423372568,0.0006687427368408427,2.909476485824136e-06,3.990244912612601e-08,0.0005391969181642429,0.0002657368201094997,0.0006799146340438828,9.002265694040301e-05,1.8322629799397653e-05,0.0006641690188937813,3.48656805172781e-08,0.0017212314793826453,0.001172309111899638
45,0.0019229083181774261,0.005915927196213612,0.5394425515027882,0.0041546378275316,0.0018420734255114562,1.4619646121532528e-07,0.0008426731963486959,0.024791966976002937,0.011255323963365798,0.00012568703067403737,0.001599545038714722,0.3932344496707818,0.008146448445118288,0.0007518729257355413,2.8112953805183014e-06,4.026881651533803e-08,0.0006344106202753604,0.0004024875377864527,0.0006622615917089028,9.054839810549974e-05,2.394304609391443e-05,0.0007565481254498443,4.306048555159043e-08,0.001848649407119839,0.001552044935352082
46,0.0014950130427559775,0.005332654765661824,0.6458535225297352,0.003515137733907794,0.0019827714178739853,2.1019658141700798e-07,0.0012047285197779526,0.021383496207482238,0.01938932545622014,0.0001346128335888238,0.0016983541168392468,0.2837758416743131,0.008657046383288389,0.0008868334445799655,3.648665610334657e-06,5.637368885856944e-08,0.0002999314564197221,0.00022744048346057597,0.0008380303032823685,9.967789135107204e-05,1.7850224535811856e-05,0.0005728811684852283,3.5286109884607085e-08,0.0013766523812580136,0.001254247443192113
47,0.0032551005437843,0.0037673541025477963,0.4013121852333981,0.0018223139561254072,0.0009765854713650194,8.436341475096241e-08,0.0007246294790309364,0.018878941729396713,0.0057584504135240865,6.36508142438626e-05,0.0010744377656975526,0.5506366435038729,0.005870511702644476,0.0005038347966990083,2.219080128803521e-06,3.565250621270984e-08,0.0007981851050594607,0.00035028556780550935,0.0005221238719362563,6.409762510286114e-05,1.5301238282610472e-05,0.0009895447563997445,3.1525535582716225e-08,0.0015673651291749752,0.0010460865723230929
48,0.002619695045385176,0.00915148011555007,0.4886229155037293,0.004093107942510358,0.0019048340558595626,9.297558428846358e-08,0.001327175458693346,0.059414505790620645,0.012424965525517985,0.00018501413340559527,0.0014155401762879166,0.39635791333518267,0.01204312057851399,0.0006541573199131107,4.5072156781440525e-06,5.374386991078262e-08,0.0015512744553398702,0.00035484128513566687,0.001360707296933492,0.000118675863056867,2.689422752157102e-05,0.0016477828981272492,5.288542953863634e-08,0.003366289611056174,0.0013544025610974654
49,0.00135234005405446,0.003266424326512601,0.5260855222512445,0.0027827049980601744,0.0018346778463205684,1.2552001399715958e-07,0.0006002391644012303,0.02067825914385386,0.009871312633994756,8.143900144775105e-05,0.0013053075597209457,0.41998254990486167,0.007493526313448159,0.0006161416816043389,2.223586765663557e-06,3.308206428528911e-08,0.00048825630746953254,0.00024208983546381545,0.0005195891780529506,7.813144890490685e-05,1.504124012976787e-05,0.0006186815956034589,2.9134859794708083e-08,0.001241961071637872,0.0008433931195091332
50,0.0019090810250136383,0.006364298987674424,0.6410605238932647,0.004300490979649944,0.0020187964483344696,1.9063243068526861e-07,0.0018331430148916625,0.03337300331382502,0.0203481480994676,0.00023233921559095142,0.0013081931899500605,0.26935882964323327,0.010849771953545138,0.0010425310489193792,3.474727626244724e-06,8.916222726697776e-08,0.0003795443408253886,0.0002410305773698476,0.0013094158443949897,0.00012535148996520713,2.064975010361779e-05,0.0008268900598689886,4.006839972357714e-08,0.0017479131553909627,0.0013462593780368425
51,0.0018589694638082269,0.005763830187503648,0.5318017662712592,0.00435586097859742,0.0018208572748066936,1.196003359504396e-07,0.0009942733591486702,0.030963983350806985,0.010739998362071578,0.00012404672737758402,0.001616204280459762,0.39334818533913257,0.010072507867391493,0.0007430871593517461,2.4876403061254155e-06,3.545900633985e-08,0.0006482292466850285,0.00039143307724447547,0.0006886866359245308,9.83568043922877e-05,2.0667879789142685e-05,0.0007997061503350998,4.084431081918676e-08,0.0019983797734041517,0.001148286266550533
52,0.0022248562805427777,0.006574055911225755,0.5444646506414695,0.004112596534204154,0.0021116290061539947,3.506322008727763e-07,0.0012556838523939016,0.021702615556477216,0.014633529912111752,0.00015311937194185122,0.0025106602341608405,0.37996839637904867,0.013310551536171878,0.0008864662568986516,3.618035634707517e-06,6.001125150926637e-08,0.0005347210146956761,0.0006255179997490355,0.0006109627350905894,0.00014100406340599987,1.943330395125097e-05,0.0009288734100141986,6.604638938428608e-08,0.0020855904972840473,0.001140990777531731
53,0.0006201883527392194,0.0027614652877591714,0.35877116673782095,0.0018174563058526798,0.004434230350975086,3.318742399738778e-08,6.868676304528944e-05,0.01801657561563849,0.0036374420215303325,5.939938725032846e-05,0.00037507872141497793,0.60018205634732,0.005783315373849067,0.0004942684301941281,5.891683973479225e-07,7.560328146944209e-09,0.0007027486571683023,0.00013902881111374995,0.00043840889696992856,1.7438968620160603e-05,1.2624099936423718e-05,0.0005289789515287016,6.37936868921531e-09,0.0007117519748001195,0.00042705364895462527
54,0.0008892549388527347,0.0030098020646227054,0.5198812332774055,0.004017836795317907,0.0028154949509716825,8.741097039490007e-08,0.0003997633080897362,0.04713155669626481,0.010968208752777223,8.61589006744335e-05,0.001871347777125266,0.3961320101562894,0.007558982818884878,0.00036937036439732026,1.7196921506656342e-06,1.8225103244202238e-08,0.0008737176614773669,0.000312634723275771,0.0006038372435822184,8.19523451247091e-05,2.0480506369421573e-05,0.0006193165808831383,2.4332789043070106e-08,0.0018025446876294613,0.0005526457889708933
55,0.0017689962992665676,0.027004269807180025,0.36250604002818415,0.010671567016595288,0.037037030048485034,2.767595739595717e-06,0.0032011172788651994,0.19909282813848295,0.016663103275326566,0.0022681424145680642,0.005340688744439622,0.2746578230689275,0.0030235557466784255,0.005821095129580704,0.00022057281373871128,3.986496523108186e-06,0.0045121404885514384,0.00029654066540035073,0.018110340150590227,0.00014212032020549165,0.0010657022704746559,0.0195275131486072,3.3465965325421735e-06,0.004466806430731342,0.0025919060263252035
56,0.0016074109333706424,0.004878126061995434,0.5899657409713226,0.0035733600740827376,0.001891510030390876,1.295864055322187e-07,0.0008673128350855011,0.02527401371199953,0.01269437748070208,0.00010981817364071125,0.0014323065481156826,0.34269214729942893,0.009249844052893768,0.0006875076284912289,2.7952566745640578e-06,3.825553352917164e-08,0.000536377993217367,0.00026809358335856134,0.000643277855395231,9.102018887699273e-05,1.710249354036407e-05,0.0006432336377809902,3.494518326521708e-08,0.0017648073773450957,0.0011096130251688546
57,0.006073798609268918,0.024280224472783166,0.6465538812153924,0.009690368528129262,0.0014956689110952345,5.33172768679144e-07,0.007435842686521285,0.031628436426257706,0.022172873181247835,0.00022842816657671138,0.007123340665302632,0.21025558630568883,0.01669939621641463,0.0013464235064909078,1.1591379872694239e-05,1.0982395480413549e-07,0.0005895017136963882,0.0012664162815779866,0.0009177419086059065,0.00027310351523932025,3.279741978868191e-05,0.0010659422499532387,2.769572839491251e-07,0.006886831093460056,0.003970885592628859
58,0.0016964982110932547,0.004981355551496969,0.5910383195426728,0.0034756128364676815,0.0018421672061952614,1.1931832715297323e-07,0.0008728558760241252,0.027816508501181687,0.012413619489595037,0.00011355704015466647,0.0014052040917556382,0.3396098843272802,0.008578837796559696,0.0006160530937283023,2.9068791468969863e-06,3.80239934818587e-08,0.0006158391633726584,0.00028178947672280154,0.0006358183379915562,8.745554957982513e-05,1.840391055625407e-05,0.0006864671829813317,3.5882781221199733e-08,0.0020510272059945157,0.0011596255043469913
59,0.0016589621129793211,0.004368706399431417,0.6093613807690876,0.0031382014545184534,0.001702177337460292,1.050538095734776e-07,0.0008032188220151949,0.02624515388191398,0.01145464051604197,9.825116939007395e-05,0.0012959973163057152,0.3262226799503331,0.00787288424463705,0.0005481150581697121,2.610108589451422e-06,3.4865762420048065e-08,0.0005813221372458663,0.0002626013770922189,0.000551233218161852,8.191224512818565e-05,1.6417486599756286e-05,0.0006011731299570128,3.193876105925891e-08,0.0020535634192028135,0.001078625987405888
60,0.0016336314195941582,0.00476832073549605,0.5842418127312293,0.0035271425933643867,0.0018501996574007778,1.3018505037146852e-07,0.0008725732369036645,0.026326514104422823,0.013028431158520246,0.0001111260123128079,0.0014548583700560475,0.348041105121587,0.008321524423372568,0.0006687427368408427,2.909476485824136e-06,3.990244912612601e-08,0.0005391969181642429,0.0002657368201094997,0.0006799146340438828,9.002265694040301e-05,1.8322629799397653e-05,0.0006641690188937813,3.48656805172781e-08,0.0017212314793826453,0.001172309111899638
61,0.0015660178779168578,0.004246203015564104,0.611897500495192,0.0030567040178588233,0.0017246322661606797,1.0464912674022607e-07,0.0007606082899641762,0.02464451503646465,0.011707911054245547,9.346213329283922e-05,0.0012857269649533304,0.3258817525067697,0.007652080882283802,0.000561130677689053,2.5762900820095867e-06,3.3510636692253404e-08,0.0005408690258852455,0.00024209300975245657,0.0005601139857439945,7.855703239615981e-05,1.6015190006756942e-05,0.0005756085379198913,2.9528571189770143e-08,0.001846458534677188,0.0010592954868461487
62,0.0016336314195941582,0.00476832073549605,0.5842418127312293,0.0035271425933643867,0.0018501996574007778,1.3018505037146852e-07,0.0008725732369036645,0.026326514104422823,0.013028431158520246,0.0001111260123128079,0.0014548583700560475,0.348041105121587,0.008321524423372568,0.0006687427368408427,2.909476485824136e-06,3.990244912612601e-08,0.0005391969181642429,0.0002657368201094997,0.0006799146340438828,9.002265694040301e-05,1.8322629799397653e-05,0.0006641690188937813,3.48656805172781e-08,0.0017212314793826453,0.001172309111899638
63,0.00171013230689468,0.0055625220223580185,0.59449726526575,0.0036052648859489994,0.001870432426280988,1.3384176678623976e-07,0.0009189417517894016,0.026549356898780425,0.013626612654064375,0.00011747184647194712,0.0015214880659585217,0.3348523319722447,0.008973422913576626,0.0006820726355724483,3.1414063719498357e-06,3.9402721339214936e-08,0.0005704066885880303,0.00028555859064579144,0.0006896173438027239,9.318489206990594e-05,1.858870749702856e-05,0.0007139765097650297,3.6315768231315756e-08,0.0019001043847984775,0.0012378962705136285
64,0.001674332286640096,0.004763568375460215,0.5562938229342975,0.003693812585194344,0.0019411283235968634,1.3019493085768422e-07,0.0008372662937779138,0.028912369670083458,0.012283891412674053,0.00011844040430075204,0.0015320804599258467,0.37470997497487823,0.0070215821678664605,0.0006657115486324749,3.218297516816789e-06,4.356262637800673e-08,0.0006233346634264094,0.00028337441756967407,0.0007584927726611301,8.371712867272769e-05,2.500380932309941e-05,0.0007078524209025757,3.852237317498498e-08,0.0017675668555114893,0.001299245917157442
65,0.0008215129033701683,0.0011825559368714655,0.2718768989454861,0.0024389281771416155,0.0022892923180507442,2.2726146684108644e-07,0.0002608016625142949,0.009405835538146716,0.0028361264152655104,6.650749407597304e-05,0.001153380160280941,0.7012826483160796,0.0031283907110544905,0.000797858416084922,1.116286027678245e-06,5.1101401594563224e-08,0.00031308557369372556,0.00031438743664031636,0.00035981234805777107,4.850033603460439e-05,2.9068312487984558e-05,0.0004297997392019568,3.8382248960255344e-08,0.0004181569068634755,0.0005450193214526424
66,0.0016814484612862335,0.005024570695560244,0.578790678217489,0.0035172020462169613,0.0018439833774031268,1.2761715575284286e-07,0.0008649223830329319,0.0263108252041157,0.01266641844225584,0.00010803663780536094,0.0015154659523001154,0.3535163208793273,0.008125523308247281,0.0006644752966431214,3.081247004145652e-06,3.800231537118933e-08,0.0005819225813381328,0.0002796972566675466,0.0006607451005621731,8.699205670871544e-05,1.918255717910677e-05,0.0006973706317599103,3.657553157288004e-08,0.001819867945764512,0.00122106752632979
67,0.0014948368402961667,0.0025736849687281196,0.5112696370828548,0.0033487879102976014,0.0013018114103451296,2.323120928391402e-07,0.0009966508069545004,0.01016857562183227,0.006361466357682221,6.196319056272539e-05,0.0015321726144296448,0.44854156308775944,0.007704371249141736,0.0010610896550110136,2.9468313652302723e-06,7.569957563871269e-08,0.0003097285564686024,0.0002523292202983438,0.0003555918186434885,0.00012735544561404661,1.5109806520261282e-05,0.0004208081021804327,8.14659580647482e-08,0.0009324727857060689,0.0011666571596816648
68,0.002843778158813636,0.005641120262097237,0.39957056900465054,0.004960350392229627,0.0013974332234766573,2.406923428513752e-07,0.000985726378473398,0.024191855600499662,0.007204947308934064,0.00010995588576801388,0.0027984922274128902,0.5342099535127214,0.0074115738586108685,0.0006027205658330734,3.4006566970486233e-06,5.1540170926947136e-08,0.0009984081472801452,0.001020424647089794,0.00044973954218281617,0.00014020888886773735,3.261673833891201e-05,0.0010060721354717538,1.121406449755352e-07,0.002506083156940712,0.0019141653344513674
69,0.0016729104874479792,0.004889122234482085,0.564529191154317,0.003170358473814247,0.0019690628514665875,1.429837849464556e-07,0.0008641922576578692,0.02443461868885487,0.01326307800007642,0.00010624671987447685,0.0015624085671154175,0.3695243054231298,0.008256196588655711,0.0007221977480164517,3.1579871666740175e-06,3.946185805385725e-08,0.0005360422284413974,0.0002623097123007608,0.0007169235946598435,8.199371605918581e-05,1.8363582655494304e-05,0.0007508806496353209,3.468528790922068e-08,0.0015872372743673247,0.0010789849288742634
70,0.0014180648583011395,0.0020530480392168594,0.5633806566706976,0.0018105640830184762,0.0011557331860847539,9.779092814587412e-08,0.00045443169945060127,0.004268928262430125,0.004465390657744177,3.295981707257667e-05,0.0005821284911092157,0.40929299235903766,0.007666816673900513,0.0011463207815558226,1.0960413265057769e-06,2.6205176020744295e-08,0.00018596077744089485,0.00014475022175813686,0.00019623735588798215,4.3419679794878685e-05,6.041104773547976e-06,0.0002587013772495474,2.2339155411627683e-08,0.000581728578315648,0.0008538829485736982
71,0.001466284864860421,0.005057608952815714,0.6023144207703683,0.003333880496232212,0.0020569676708335344,1.3706802936797792e-07,0.0007734667160815819,0.02485443322049363,0.014570977232374892,0.00012092027052872917,0.0013683406926917276,0.33016243099689196,0.00820985560948526,0.00067171583661878,2.99731291118272e-06,3.793324243199157e-08,0.0005095026851550989,0.00024277695708801634,0.0006772517245960698,8.171084420660884e-05,1.8145617500850813e-05,0.0006747799902471039,3.0378349983276434e-08,0.0016504048568283896,0.0011809213015681024
72,0.0023428957273691577,0.006699257313667701,0.49145700920721397,0.004986684889520708,0.0019132826377094945,1.299366339121594e-07,0.0013074411160318806,0.05307910658591871,0.010898582390976536,0.0001653870491991877,0.0020933681741451982,0.4062196931779953,0.00997190558953636,0.0005953329858301952,3.2503732119352296e-06,5.001902225998146e-08,0.0011258007920188584,0.0005460944252522867,0.0009764875964051037,0.00013295843690708047,3.0254009186663022e-05,0.0011389817017046354,5.840336203210379e-08,0.0031354443851822527,0.0011805430759985757
