,0,1,2,3,4,5,6,7,8,9,10,11,12,13,14,15,16,17,18,19,20,21,22,23,24
0,0.0002746579246954141,4.912400834731553e-06,2.0904843196262188e-06,4.0079935743970765e-06,0.0017458723186589736,0.0020783072320297393,0.6893792417025218,6.592468503609445e-05,0.008537045280178332,1.1285149872433896e-08,0.028903782713162667,0.2580013123992379,3.0328651968530407e-06,0.00021350670515495987,0.0001486290962342965,1.760253449917041e-05,0.00030007491617604405,1.8057272403947984e-05,2.516837491711049e-05,5.0075504914452044e-08,0.00017206332018601328,0.0002287988622474514,0.00021239975420863245,2.055921580129215e-05,0.009642890588069726
1,0.00019036852688066036,3.7508365869665134e-06,2.370422541883331e-06,3.5074588789339305e-06,0.001378935313970918,0.0034049479362817043,0.7722028637001168,6.90587869861859e-05,0.017696099257343025,2.3312826418143584e-08,0.020878935494269047,0.17114088519709664,3.1348313689895093e-06,0.00026927314417867534,0.0001842236169169629,2.2666848412373185e-05,0.0001571262661536519,2.23086345280097e-05,3.6987479814882416e-05,7.893994137528496e-08,0.00017745731527162327,0.00023142648580732472,0.0002398269791246999,2.4316694003643364e-05,0.01165942652069842
2,0.00023749852234679851,5.928636074570513e-06,2.655889982411879e-06,3.941143852954715e-06,0.002155192323757128,0.00302458376359887,0.659016588245894,9.325268805474692e-05,0.01930508955462221,2.443322670018686e-08,0.03443498735132339,0.261379462381999,3.0182883651025664e-06,0.0005084719676888219,0.0002802146964209775,1.963219474809613e-05,0.00021878675792553543,1.9679972078288638e-05,2.706652508828218e-05,9.310545144407196e-08,0.00017638899907952436,0.0003436928439138899,0.00024583104613119783,2.3756288013223836e-05,0.018474162380362667
3,0.00026621566941231994,4.977140048847869e-06,2.157316734130708e-06,3.785338645631868e-06,0.001608801830394106,0.0030132847712478475,0.7048647512063063,7.834775053975735e-05,0.013183511581715775,1.6959317763185075e-08,0.03184864100951028,0.23171072836331064,3.1524075050477914e-06,0.00028776439313742326,0.00019648480584776718,1.759083364292588e-05,0.00023330875520511892,2.0211802055643502e-05,2.994374446416884e-05,6.274409152432211e-08,0.00017278520603877483,0.0003057765843752149,0.00022920440309958748,2.0038148189715016e-05,0.011898457235163779
4,0.00025037718359401,5.030769564223665e-06,2.1672172732476784e-06,3.5330704106959e-06,0.0015619210259391137,0.0025151138915689617,0.7127297768809426,7.727591257429656e-05,0.012856623166816145,1.64698127034936e-08,0.030442622998099193,0.22700591613042995,3.5330682896773597e-06,0.00031148387316248024,0.00016846442756279266,1.61114434495629e-05,0.00021376808937761333,2.052045373707285e-05,2.8888682914777322e-05,6.713035973846079e-08,0.00018348108744632784,0.00031122959655568056,0.00020304603617298355,2.0146856011868336e-05,0.011068884537934328
5,0.0002939234335991583,4.806486697597377e-06,2.668563285686776e-06,5.259910865651014e-06,0.0019408689070053817,0.00348560432474945,0.7310143500708749,8.768684765368368e-05,0.01465332695740803,2.242346752919582e-08,0.03242629331018621,0.2044942585436604,3.668139162775219e-06,0.00033555033005198466,0.00016854362909625504,1.8490819860285765e-05,0.0002424538565749499,3.510720360359328e-05,3.3936893727419214e-05,8.578267569744054e-08,0.00021622366109462612,0.00026499162912516566,0.00032973858892242205,2.5050882737972897e-05,0.009917088803913204
6,0.00026621566941231994,4.977140048847869e-06,2.157316734130708e-06,3.785338645631868e-06,0.001608801830394106,0.0030132847712478475,0.7048647512063063,7.834775053975735e-05,0.013183511581715775,1.6959317763185075e-08,0.03184864100951028,0.23171072836331064,3.1524075050477914e-06,0.00028776439313742326,0.00019648480584776718,1.759083364292588e-05,0.00023330875520511892,2.0211802055643502e-05,2.994374446416884e-05,6.274409152432211e-08,0.00017278520603877483,0.0003057765843752149,0.00022920440309958748,2.0038148189715016e-05,0.011898457235163779
7,0.0004724437507059211,3.865736044240578e-06,1.69099223704456e-06,2.8838473982011737e-06,0.0009633226364469959,0.0018712112337104924,0.7652605107259037,8.431121875005357e-05,0.006415414836557407,8.193788668216891e-09,0.04256203046637815,0.17687287398760598,6.211906167281747e-06,0.0001280483172794226,0.0001266359227343695,9.51427925517734e-06,0.00015507719580415427,2.011942501448725e-05,3.0751272539056425e-05,4.187049269823634e-08,0.00015257099076632026,0.00040008189258102336,8.843519942333363e-05,9.600577245392807e-06,0.004362343525170166
8,0.00048640269786923217,9.65445256591127e-06,7.607643673652462e-06,8.123632798240286e-06,0.0032989116639724064,0.0045779592993307645,0.49938989931760025,7.287989693192163e-05,0.026662202539207987,4.7481913242107106e-08,0.034604989335725304,0.38957014638079923,4.129828964413833e-06,0.000695361103562022,0.0003462063929190489,3.7882473030662404e-05,0.0005278977527104579,2.3586613102101424e-05,2.2376567007572883e-05,1.5431690148393415e-07,0.0001867737975604792,0.00030577026359439183,0.0007074981612193814,9.207130239972931e-05,0.03836146708464006
9,0.00026417935694449986,1.2144494668535167e-05,7.826986065154233e-06,8.062899965008141e-06,0.0029303360205061983,0.0041932111284852195,0.5588181049213149,9.004139981995172e-05,0.03589320491556199,8.698049987388326e-08,0.02716720899733333,0.3234997745132356,4.511832430815657e-06,0.0011766410501838802,0.0003447536465003644,5.0359091312191495e-05,0.0004275899151691321,3.080075279538995e-05,3.5247362218990604e-05,2.4018107366022946e-07,0.00026706945268496345,0.00031335064678161253,0.0006925835832849626,9.876137898539821e-05,0.04367390849217822
10,0.00026621566941231994,4.977140048847869e-06,2.157316734130708e-06,3.785338645631868e-06,0.001608801830394106,0.0030132847712478475,0.7048647512063063,7.834775053975735e-05,0.013183511581715775,1.6959317763185075e-08,0.03184864100951028,0.23171072836331064,3.1524075050477914e-06,0.00028776439313742326,0.00019648480584776718,1.759083364292588e-05,0.00023330875520511892,2.0211802055643502e-05,2.994374446416884e-05,6.274409152432211e-08,0.00017278520603877483,0.0003057765843752149,0.00022920440309958748,2.0038148189715016e-05,0.011898457235163779
11,0.00027084295735864953,4.7964678936649675e-06,2.095402035244037e-06,3.7064115766127515e-06,0.001534743875130511,0.0026695309113585943,0.7095435206033165,7.544296345737947e-05,0.012354348659718285,1.5413180268810573e-08,0.030472602742376387,0.23086399741490654,3.5063865636358957e-06,0.0002652971771607853,0.00017956581720962058,1.711865994970995e-05,0.00021947859818688246,1.9864352826102473e-05,2.9161600499062406e-05,6.370483394803211e-08,0.0001681386304006738,0.000306477952095489,0.00020707504720754712,2.0521501845498028e-05,0.010768086748912501
12,0.00023777518739419594,4.859201850700335e-06,1.4627959792536916e-06,4.082276118001059e-06,0.0008391914110447059,0.002709972716431307,0.7448364172730981,8.590217047046468e-05,0.010541609351094964,1.5243503284907616e-08,0.02475720950550369,0.20627937553757061,3.4716156631545167e-06,0.00018347270435726154,0.0002111593072598739,2.0117280642660316e-05,0.00017628893417556295,1.8700094188275598e-05,4.44797131289514e-05,4.526163655655896e-08,0.00013053786157628765,0.00032998001812125835,0.00015733617550046483,1.3670108670800568e-05,0.008412868255019815
13,0.00022665027805394473,3.7892793144884034e-06,4.525619397159129e-06,1.1635586737834448e-05,0.0012478053781785935,0.013939085812491394,0.8863810690027899,3.9356565930953326e-05,0.023988755171752946,8.408527934769233e-08,0.006588681905755656,0.05908634964172531,3.608601368247704e-06,0.00012990301366809685,0.00012268272395326264,5.32204117020899e-05,0.0002928513376521355,5.9727811728118254e-05,6.757553072694941e-05,1.2281364769213274e-07,0.00022128599915299005,9.588874033542305e-05,0.0014542818887392933,6.599263788109002e-05,0.005915070162037066
14,0.00028077933812691724,8.263482230227703e-06,2.3117546434768697e-06,4.978498338146899e-06,0.0026625377078480627,0.0023036908676415625,0.720532646249111,8.112240779808111e-05,0.010421672797178165,1.8777120240380286e-08,0.045826384323517315,0.20734417751557785,4.399084562860352e-06,0.00034858712831633496,0.00014127108893379975,1.333277951466896e-05,0.0003158784456843827,2.975150772805211e-05,4.20128765910618e-05,6.637069384517509e-08,0.000321021085577037,0.0003238364442385897,0.0002307486785337936,2.18824953952966e-05,0.008738628295099108
15,0.00026621566941231994,4.977140048847869e-06,2.157316734130708e-06,3.785338645631868e-06,0.001608801830394106,0.0030132847712478475,0.7048647512063063,7.834775053975735e-05,0.013183511581715775,1.6959317763185075e-08,0.03184864100951028,0.23171072836331064,3.1524075050477914e-06,0.00028776439313742326,0.00019648480584776718,1.759083364292588e-05,0.00023330875520511892,2.0211802055643502e-05,2.994374446416884e-05,6.274409152432211e-08,0.00017278520603877483,0.0003057765843752149,0.00022920440309958748,2.0038148189715016e-05,0.011898457235163779
16,0.0002469376827448159,4.103496883873439e-06,3.8006865429793666e-06,5.275683781890977e-06,0.002473642502743323,0.005325438058398123,0.8058707914502913,5.49401778247589e-05,0.02112193749247697,2.8538701621507264e-08,0.023933108422755214,0.1282939214427837,3.5792162772990882e-06,0.00026013425866046764,0.00014751693504511313,2.1199652342182783e-05,0.00024309929476379636,2.941672941003252e-05,3.2218419207270265e-05,1.1506327080153087e-07,0.0002464971100683869,0.00016615741115614039,0.000567041005579048,4.884650075519751e-05,0.010900252767535732
17,0.00030149079705242874,1.1424511848429402e-05,2.8414240946170783e-06,1.4684301385173044e-05,0.0012272238228111772,0.012560230643657454,0.6807973813968641,0.00018524379721255913,0.0287396418634901,1.1206203994774154e-07,0.03246551126921938,0.21406357991982028,3.9116908933857685e-06,0.0003569409589170449,0.0016308218545723733,8.382638833950158e-05,0.00030954778031402723,3.023100425877063e-05,0.00014981794572610838,1.24911137868554e-07,0.00013661475583073363,0.000606522687563082,0.00048252873302028263,2.4966310110574757e-05,0.02581477916982051
18,0.00038183063622296504,5.001627218886645e-06,1.769927497471431e-06,7.349989251846327e-06,0.0021335165928529146,0.0042620213931279455,0.7634949051869772,9.734154841926581e-05,0.014944340137366327,1.7754336088191055e-08,0.041883720778637314,0.16589844004178295,4.704964979573851e-06,0.00020402520116205984,0.00020267442664364093,1.1151128647912556e-05,0.00017055187394239568,2.9123394038367533e-05,3.917958236365444e-05,6.201804670383008e-08,0.0001490019163201951,0.000382160895267559,0.0002160905852661068,1.5945997758913607e-05,0.005465072401871862
19,0.00042668525877015065,3.4431961377769352e-06,2.884446390689995e-06,1.6593318320432971e-06,0.001131051996203885,0.0016814764569510515,0.7153313051948503,7.793705383355462e-05,0.007006078150949244,8.832431179859222e-09,0.05362443095519733,0.20748042601700495,3.2717565000432973e-06,0.00028006224765085943,0.00012486177872538708,1.4574284567150334e-05,0.0003080373754114739,2.8712947786778597e-05,2.7324723348746323e-05,5.1528680192857135e-08,0.00036437447421820446,0.0002308905138856843,0.0002371264440829031,1.7940648628305252e-05,0.011595384385962143
20,0.0002747880230032481,7.374940557458892e-06,1.7307935458433128e-06,4.22093855644363e-06,0.0014885007538780646,0.0031007581918020906,0.7055703452321563,0.00011452153664184538,0.0157440488454031,2.2013938793839405e-08,0.03944289911486113,0.22103408978674502,4.517329117968481e-06,0.00036751694496697053,0.00028734426045375625,1.5028310594099294e-05,0.00019822119590676298,1.7926525330778895e-05,4.0073211646840855e-05,7.182264852530343e-08,0.00016309073206851026,0.0006617216746672857,0.0001496956312754679,1.4528944158062334e-05,0.011296963246075641
21,0.00032724729018456433,3.7608627963824002e-06,3.4579103407158375e-06,2.626281925986708e-06,0.0013547950788367026,0.0012100481967398844,0.6174846093887741,6.885155442243717e-05,0.008510826001982627,1.0710980469088626e-08,0.027824572160193985,0.33065528671934113,3.6264688427422175e-06,0.00035652469357551613,8.129163487204027e-05,1.8630267118352783e-05,0.00025097315493770853,2.82032153798707e-05,1.6039521079929446e-05,6.779312566540854e-08,0.00021846544226470721,0.0001744343372518696,0.00020204614696837903,2.7471441219227815e-05,0.01117613372684493
22,0.000492346167451694,6.544048114592421e-06,4.1145848085359325e-06,4.8457249662492625e-06,0.0018531404382040426,0.004159686502236657,0.7037501250477204,0.00013693401906871374,0.009347767140901873,2.8545398147386558e-08,0.05142719027228836,0.2164731524788807,4.478098545779202e-06,0.0003915914606809032,0.00016136896600419236,2.0336387492265552e-05,0.0005465016667176563,4.690565956340355e-05,3.9525845736039935e-05,8.90410017734643e-08,0.0003769695885137386,0.0003977869067764765,0.0003858490798603909,1.8706327486943925e-05,0.009954016001580586
23,0.00026621566941231994,4.977140048847869e-06,2.157316734130708e-06,3.785338645631868e-06,0.001608801830394106,0.0030132847712478475,0.7048647512063063,7.834775053975735e-05,0.013183511581715775,1.6959317763185075e-08,0.03184864100951028,0.23171072836331064,3.1524075050477914e-06,0.00028776439313742326,0.00019648480584776718,1.759083364292588e-05,0.00023330875520511892,2.0211802055643502e-05,2.994374446416884e-05,6.274409152432211e-08,0.00017278520603877483,0.0003057765843752149,0.00022920440309958748,2.0038148189715016e-05,0.011898457235163779
24,0.00025804389014342404,5.19332509556134e-06,2.111104795407281e-06,3.999382294864848e-06,0.0016101091690930137,0.0030157703004346256,0.7070208808710694,7.97938877846637e-05,0.013091541241142556,1.7610957187303847e-08,0.03144283212406967,0.23017058007712074,3.1683092933680294e-06,0.00029126061173674015,0.00019995766416671082,1.7905157063077217e-05,0.00023757694443149135,2.064751842889534e-05,3.1587138517688565e-05,6.30977935003128e-08,0.0001736770334354289,0.0003092213157702023,0.00023158841444706235,1.9890871706747903e-05,0.01176258293920779
25,0.0002689318141519529,3.1536716471558246e-06,1.8257355352532802e-06,2.7346637698785185e-06,0.0016586861752780945,0.001735028891301253,0.7118786636835759,9.551105158759535e-05,0.008596417063101894,8.66139225327331e-09,0.038886710090009005,0.22893908485478343,2.9095791490506447e-06,0.00027131701508599536,9.487078110610871e-05,9.981832150582753e-06,0.00017637864498437655,2.594991998006401e-05,1.908955783855545e-05,5.202543781477369e-08,0.0001959467401226048,0.0002317920106150066,0.00015908806548591326,1.2554821415808904e-05,0.006733312650494656
26,0.0004885590701536159,4.620121671949856e-06,6.617128400628735e-06,7.237154152526915e-06,0.0036485426969800876,0.005220614548341082,0.7228088494672701,5.546999167616968e-05,0.03245082317068539,3.426799596329064e-08,0.028791528477699807,0.1902058736601755,4.411374451509643e-06,0.00048226330654836723,0.00012663354941313767,2.0537847307882036e-05,0.0002855598385964352,5.59548488601805e-05,2.3086851289022034e-05,1.5214711078044445e-07,0.00027946818049823214,0.00016271163360004974,0.0009687070568036829,9.110681989496205e-05,0.013810636790422819
27,0.00025534799280528314,5.710473425570113e-06,1.647306390439633e-06,4.655506193421423e-06,0.001642689085641875,0.004472864075752629,0.6836603202901008,8.833753899595876e-05,0.02450156741078161,2.255353433226599e-08,0.030535576492788475,0.2391975765460537,3.4576996059460415e-06,0.0002915799827492276,0.0003350377207811419,1.7948309496919695e-05,0.00014597173363348765,1.5630264940463307e-05,3.580594244355126e-05,6.971794218407114e-08,0.00010593498877254406,0.0005200577320372806,0.00018479878101468144,2.101618122714099e-05,0.013956375672891505
28,0.00026621566941231994,4.977140048847869e-06,2.157316734130708e-06,3.785338645631868e-06,0.001608801830394106,0.0030132847712478475,0.7048647512063063,7.834775053975735e-05,0.013183511581715775,1.6959317763185075e-08,0.03184864100951028,0.23171072836331064,3.1524075050477914e-06,0.00028776439313742326,0.00019648480584776718,1.759083364292588e-05,0.00023330875520511892,2.0211802055643502e-05,2.994374446416884e-05,6.274409152432211e-08,0.00017278520603877483,0.0003057765843752149,0.00022920440309958748,2.0038148189715016e-05,0.011898457235163779
29,0.00026621566941231994,4.977140048847869e-06,2.157316734130708e-06,3.785338645631868e-06,0.001608801830394106,0.0030132847712478475,0.7048647512063063,7.834775053975735e-05,0.013183511581715775,1.6959317763185075e-08,0.03184864100951028,0.23171072836331064,3.1524075050477914e-06,0.00028776439313742326,0.00019648480584776718,1.759083364292588e-05,0.00023330875520511892,2.0211802055643502e-05,2.994374446416884e-05,6.274409152432211e-08,0.00017278520603877483,0.0003057765843752149,0.00022920440309958748,2.0038148189715016e-05,0.011898457235163779
30,0.00026621566941231994,4.977140048847869e-06,2.157316734130708e-06,3.785338645631868e-06,0.001608801830394106,0.0030132847712478475,0.7048647512063063,7.834775053975735e-05,0.013183511581715775,1.6959317763185075e-08,0.03184864100951028,0.23171072836331064,3.1524075050477914e-06,0.00028776439313742326,0.00019648480584776718,1.759083364292588e-05,0.00023330875520511892,2.0211802055643502e-05,2.994374446416884e-05,6.274409152432211e-08,0.00017278520603877483,0.0003057765843752149,0.00022920440309958748,2.0038148189715016e-05,0.011898457235163779
31,0.0003789730402353747,5.649993282168706e-06,3.5932224552329192e-06,3.5059915558840766e-06,0.0011103741987730123,0.002398831264897974,0.69442966699192,0.00013117970266898448,0.008825353924613585,1.9726047421681988e-08,0.030998086599910483,0.2492859332823499,3.611401382789035e-06,0.0003163156307078134,0.00012825083720646865,2.5091408840984648e-05,0.00033932634224625026,3.097464852462556e-05,2.745181927667748e-05,6.780919241194067e-08,0.00023525200659332512,0.0002784843110824403,0.00023994596842336104,1.779838204151495e-05,0.010786261495771445
32,0.0002573192708879911,5.135311168801342e-06,2.087036126464994e-06,4.186711626245943e-06,0.00154067714129997,0.0031037642225041403,0.7269974390900823,7.941202152417638e-05,0.013147483573520073,1.8590924143578007e-08,0.030389488597875727,0.21157277385727785,3.3590385272452694e-06,0.00027148009006449454,0.00021747718820071133,1.9245945798413464e-05,0.00023576174811834456,2.128811005564667e-05,3.776465434329083e-05,6.423197900863995e-08,0.00018522889144181548,0.0003133611421879024,0.00023828817621440775,2.0382416360397435e-05,0.011336512941890527
33,0.0002981464631326683,3.955564411661156e-06,1.1135282683241905e-06,2.9104615264097407e-06,0.0008609095435502156,0.0008862873513139288,0.669592319442819,7.070099711909246e-05,0.0033545391196205493,4.322826004328044e-09,0.02912955442951879,0.2907667315737001,3.993456472859653e-06,0.00011104908862538943,6.446202536662575e-05,1.2401250124188113e-05,0.0002579769440549176,1.757081657309938e-05,2.2774056249890792e-05,2.6320352946234382e-08,0.0001416995434944182,0.00025694693071663763,8.519187258723007e-05,1.0711579467103722e-05,0.004048023318108182
34,0.000719105442960785,1.8179262224844595e-06,1.6101665181181972e-06,3.385772610464081e-06,0.0015502249721707883,0.0020804619321905375,0.8137779400365032,5.667476548436992e-05,0.009374528554555332,5.359105015119716e-09,0.050493360765795386,0.11711756978115062,4.872822987206468e-06,9.651291755859201e-05,0.00016963205415483496,6.870577456840081e-06,0.00010648072513412432,3.175813619830194e-05,3.912628546048246e-05,3.446955692433935e-08,0.00018561625882416188,0.0002430380349573025,0.00015700573657620071,1.4311294262793796e-05,0.0037680552116053675
35,0.0003387279899799241,3.82081098062384e-06,1.8028133939257497e-06,3.4104903603875108e-06,0.0009292790615863666,0.003085075061736375,0.7106285350909426,9.176640957043576e-05,0.010711530718786525,1.3963876332428457e-08,0.026668279276561544,0.23850203290535416,3.401866889499902e-06,0.00017414423797965084,0.00013642146370818374,2.0992380141057882e-05,0.00020253489871320215,2.6069041152413214e-05,3.2062550442738934e-05,4.799565158551031e-08,0.00013459113826584288,0.00032703171676243844,0.00017625242322764226,1.6068565922476134e-05,0.007786107128013879
36,0.0002639907266617553,6.6572038491554994e-06,1.643211088606134e-06,4.536781870236965e-06,0.0006264945079581282,0.0028062957561141664,0.671591240781103,0.0001668108611304399,0.013380949611758132,2.642399730550339e-08,0.02020066929399603,0.2795010748919299,3.4442613627787223e-06,0.00033744969700150764,0.00020806861301864412,2.8522553220390233e-05,0.00024181723741863628,2.395181060071191e-05,4.0754414461761064e-05,5.2670320998234467e-08,0.00010795069785547135,0.0006047081875740261,0.0001445958287865361,9.887869922534482e-06,0.009698406106999208
37,0.0003572094625190895,3.061859151983226e-06,3.545694914341481e-06,2.4341517261134083e-06,0.0017409403675394167,0.0014258764498060968,0.7161651981443896,4.269302450134634e-05,0.01044778048165301,9.34313956858867e-09,0.024778845893252285,0.23514470084861155,4.159400883200169e-06,0.0002631171018952168,6.224362444240663e-05,1.3439913977416479e-05,0.00020606323566938625,2.6641256361103334e-05,1.4300054620763945e-05,6.827916423449375e-08,0.00022082334711255185,0.00014772097942077642,0.00022448585257103747,3.597534737363008e-05,0.008668665885303739
38,0.0001589665162290032,3.449018735747193e-05,3.3102965598387606e-06,2.139407865094666e-06,0.014931393648232916,0.0002719158994183399,0.07097062308222968,6.203190831750583e-05,0.029744804784248468,1.5807460448544674e-08,0.1078430299262566,0.7005800284404585,1.121801973302987e-06,0.009060094605795568,8.901255485335431e-05,1.3935438229993623e-06,0.00021949640744815054,3.925798958301649e-06,1.4939586589989083e-06,5.0167780965803344e-08,0.00010411654740810672,0.0004794266705181481,7.977348908851262e-05,2.8307431217650155e-05,0.06532903711784208
39,0.00026950529359412207,5.6085425521085e-06,2.275826031000354e-06,4.178578982060371e-06,0.0018494857703349613,0.0030611136683234424,0.6981237258038752,7.539122169086213e-05,0.014998528634080629,1.8937304924234174e-08,0.033751094226580486,0.23313210995388706,3.289394437635179e-06,0.00033435463467824125,0.00021952885781500824,1.7095085134958993e-05,0.0002381206321543159,2.0790243361958118e-05,3.113924224072639e-05,6.838363430200945e-08,0.00017654739232453095,0.0003174690122518604,0.00024644995673378604,2.2244030552790027e-05,0.013099866677442801
40,0.0003685706802724506,5.776129672557503e-06,2.3777566763921596e-06,2.9106248451331256e-06,0.0016567819655033398,0.0026945187450964623,0.6170724650481588,8.193941050996832e-05,0.012147174467022796,1.2954942198397514e-08,0.03918616877701533,0.3115202155143991,3.314057268665086e-06,0.0003001600895339343,0.0002026290566433101,1.3983417588141659e-05,0.0002475350497664615,1.2993878332452914e-05,1.8736826724666557e-05,5.1555427423138705e-08,0.0001416127803998971,0.0004309297251361263,0.00015309802416298572,1.5787921178450857e-05,0.013720255543722809
41,0.0002930085404897114,5.411797241660002e-06,1.7880692097379591e-06,1.3294099232863348e-05,0.004774256053523669,0.009494113863256467,0.6444557058105813,7.817044747643864e-05,0.03964524733237754,3.0381623338062234e-08,0.03788753392904565,0.24494794133899783,2.2707530689985624e-06,0.00026077069084683857,0.0008809893919587666,1.7490186637315493e-05,0.000159677769326178,1.5681006201350347e-05,3.8981904700592577e-05,7.238499021602661e-08,6.919793645486594e-05,0.0003539305831472857,0.0003686152572196621,2.6694041957378414e-05,0.016209126430434297
42,0.0002694041209727495,4.607087717717061e-06,3.0288343979684787e-06,3.873388119931698e-06,0.002100666356428467,0.0026399028691152194,0.7004014719677522,6.683774450400984e-05,0.013855356996480247,1.7103836809767875e-08,0.032840835969297884,0.2326775499756077,2.7693237470645682e-06,0.00040123575409598233,0.00015616359202305852,1.589165137930104e-05,0.00024953709928929915,2.705385461677436e-05,2.2618797960305006e-05,7.424019991623514e-08,0.00022048636319341373,0.00018404481024780937,0.00034846976101802747,2.6766339714191467e-05,0.013481335998284025
43,0.00027811951402281646,5.8487661225862785e-06,2.9442050666338048e-06,6.2937946632115605e-06,0.002148266731278168,0.009683117763112837,0.7801413638056826,0.0001278037314234642,0.026778948720030494,5.849265272302309e-08,0.03297151287382728,0.13300586922464205,4.0125681924341765e-06,0.00036272235827451834,0.00038103671084364243,2.4491666145113903e-05,0.00022332998092109736,3.0167655609024766e-05,6.455239940523005e-05,1.1820386709048031e-07,0.0002690046388194528,0.000508748587556985,0.00040209954249575605,2.3631222180625716e-05,0.012555936843164061
44,0.00026621566941231994,4.977140048847869e-06,2.157316734130708e-06,3.785338645631868e-06,0.001608801830394106,0.0030132847712478475,0.7048647512063063,7.834775053975735e-05,0.013183511581715775,1.6959317763185075e-08,0.03184864100951028,0.23171072836331064,3.1524075050477914e-06,0.00028776439313742326,0.00019648480584776718,1.759083364292588e-05,0.00023330875520511892,2.0211802055643502e-05,2.994374446416884e-05,6.274409152432211e-08,0.00017278520603877483,0.0003057765843752149,0.00022920440309958748,2.0038148189715016e-05,0.011898457235163779
45,0.00044853850157882086,1.1917820752532906e-05,5.908368740756996e-06,3.3697488294216396e-06,0.002001246781608268,0.002375205102689496,0.5524709862303236,0.00010378483318945063,0.013162585959902905,3.1532055016503605e-08,0.05238478867695496,0.3502634733981103,4.171328853757955e-06,0.0010065299990783645,0.00012569945068082456,2.0155411959365756e-05,0.0006346517937713871,3.650294461697874e-05,2.5238046724692808e-05,9.001960779116685e-08,0.0004768274938115943,0.0003943694678778537,0.00041388881221747324,3.428926545080989e-05,0.02359574901061352
46,0.0006674468796116345,8.984304511336957e-06,2.1095431224490836e-06,5.341723336159315e-06,0.0011331919326114446,0.002074426708279271,0.5034956961122538,9.163281692007509e-05,0.0037186467800077575,9.325059933353833e-09,0.03672754183278184,0.4408882510258595,4.208308004014893e-06,0.00012793471800167625,0.00018025754289163369,2.57208757583633e-05,0.0009312792732403447,1.2918741882827092e-05,2.6123029224492584e-05,2.990926950115854e-08,0.00013197299130099805,0.0005189460715452794,0.00017619292023171956,1.5092578631822999e-05,0.009036044055662128
47,0.000347357197434959,7.721963475772032e-06,1.2885873986180324e-06,1.8417980845242718e-06,0.0005558686958235576,0.0012705436952679626,0.5370731842970773,6.728807731137477e-05,0.006855880659450075,7.749377447206336e-09,0.023068450211731595,0.41904055583689237,4.3037024861402635e-06,0.0001417422226219468,0.00013088775838103397,1.9076618342214852e-05,0.0002172064426357978,7.259704307060144e-06,1.846808802434488e-05,2.880593926144044e-08,6.754428263244666e-05,0.0006064271956507585,5.280040429096971e-05,1.2634909812705664e-05,0.010431631095549846
48,0.00029968068518308445,2.106445958754132e-05,2.4000684730544185e-06,7.851552453863633e-06,0.0009130176934280237,0.0033687015487100205,0.6745672833461487,0.00014375876764532498,0.006735533232984159,4.1719864047250134e-08,0.022905572225518516,0.2763584487132808,4.18940561720526e-06,0.00028844808819590854,0.00026767594142323265,4.369289403610273e-05,0.0010056567563721322,1.9625023001835194e-05,6.718945210315488e-05,5.352628383248711e-08,0.00019510358524661126,0.0006413634065811416,0.00025994952373277903,1.355462027047294e-05,0.011870143763858589
49,0.0003383904310058395,4.272620478383252e-06,2.6552859713260533e-06,3.238351594703584e-06,0.001558163914705244,0.003767813331301029,0.6572873329155928,8.77423443956432e-05,0.013319113902496814,1.542754753207314e-08,0.03356569027168751,0.2778957187041318,3.1154151133999913e-06,0.00026357747829178896,0.00013774311705136688,1.5720556023399844e-05,0.0002188335281439111,2.00371571855382e-05,1.7934884382435833e-05,6.369443831000224e-08,0.00014383759235537876,0.0003038226201569141,0.00021664175548008764,1.9154801415403437e-05,0.010809369899053399
50,0.00015366386335750732,5.4842462369220084e-06,1.912602673309876e-06,3.087094963872642e-06,0.001076022465824563,0.0023603785206004102,0.7828213794555654,8.912329392315152e-05,0.013011262107112767,2.3501463081216806e-08,0.019557485888980486,0.16974370855533058,3.3768274595925412e-06,0.00032567511326613203,0.00016684445857866127,1.6775421863736704e-05,0.00016217653921418764,1.5606061559652435e-05,3.7026060189251336e-05,5.931500094363821e-08,0.00018590678601978876,0.0003341075815180471,0.00013878663673050516,1.2578932494684314e-05,0.00977754867007279
51,0.00029982133905613845,1.4209289805091063e-05,2.149940344392237e-06,6.8832632300350515e-06,0.001608407794129282,0.002700209861637048,0.5862385074209872,0.00014626613538797596,0.014559133705582834,2.9684388693685375e-08,0.03901336704109162,0.3394869585215046,4.272332588706532e-06,0.0004977554985121538,0.0002965068614392728,1.9336554420852055e-05,0.00027536098378529487,2.040104630438554e-05,4.0145935422176746e-05,6.499031148715653e-08,0.00014542296091639006,0.0006312815935664369,0.00016179462342907607,1.5243904337369319e-05,0.01381646871782154
52,0.0002931398384498997,5.16082133392607e-06,2.2961199689812787e-06,4.9027982077933e-06,0.0015502702046936458,0.003976451096698173,0.7161880778735156,9.601672729808093e-05,0.015146158682823133,2.4328215381755175e-08,0.032846317719876186,0.21658147184599855,3.6082375976233476e-06,0.00030170893382689887,0.0002505622550309946,2.2111657584819885e-05,0.00023770454251995432,2.7317348336761768e-05,4.0201361602154636e-05,7.885349435246142e-08,0.00017367400053916517,0.0003556559817943802,0.00026683266973377326,2.0826001075771555e-05,0.011609430099783987
53,0.0016183948384169528,0.00010031801568643244,2.0396514839681635e-05,4.9911168006019257e-05,0.011094733743024072,0.009730712605731696,0.4138956683751052,0.0003672281798332633,0.03659308041758579,5.439420158894581e-07,0.14504082858090295,0.3317614214701561,2.1093614994821385e-05,0.0024285930483354274,0.0009809938037472475,7.543300484420015e-05,0.0026579297470454132,0.00012166211312227872,0.00024172867904929073,4.037747930597177e-07,0.0011765080599187617,0.002608669585157454,0.001024935561876043,0.00012852085872371805,0.03826029029708816
54,0.00016274766732257996,8.389245208281291e-06,2.2566616271311975e-06,2.66363964492987e-06,0.0013032153975608659,0.0020403675296149153,0.5259712590402661,6.715256679248317e-05,0.019109472879177233,2.3263619161929237e-08,0.021510285121331487,0.3951710589607334,2.2804924764826502e-06,0.0005192487539245919,0.0003093412999410824,2.7351668249829576e-05,0.00020563053411756826,8.91011612653435e-06,2.0940433022294558e-05,6.591854679496336e-08,9.86013910247161e-05,0.00034226603299441653,0.00015409949068211133,2.4125536521584207e-05,0.03293824635947333
55,0.0002482718377318385,4.400508521203826e-06,1.972521583077937e-06,3.507966521477857e-06,0.0015557802742929908,0.0027444552946586697,0.7052186823791885,7.01332288793882e-05,0.012898186250391297,1.4290215269549723e-08,0.02947154697871288,0.23520594101109904,2.9523637140164017e-06,0.0002605415395028969,0.00017439623558151868,1.6399560659933874e-05,0.00020532685457062716,1.8874661635750147e-05,2.6871297453074904e-05,5.738489491871772e-08,0.00015680531738769814,0.00026957159457653517,0.00021312410059506838,2.0068048585655323e-05,0.011212118499046665
56,0.00026866514186441807,4.921442613208318e-06,2.1177022392632035e-06,3.6696501766831006e-06,0.0015352121754343207,0.0028276245631348334,0.7061622371532245,7.721740820651812e-05,0.012682795809900928,1.6050295664840557e-08,0.03117430438374992,0.23249124959684853,3.3094631834479273e-06,0.0002779386350518605,0.0001849484923708926,1.7066947276181438e-05,0.00022569682730948635,1.98870677955864e-05,2.9286905062332412e-05,6.219688953698207e-08,0.00017077524287785492,0.000308998793318848,0.00021574826964779173,1.989918616946226e-05,0.011296350895357968
57,0.000310710878577762,4.587717766776055e-06,2.502671984514759e-06,4.247078246575596e-06,0.0019734854707573906,0.004017998404410616,0.6874869769532854,8.377854641521633e-05,0.016145010228573287,1.913186897451387e-08,0.0369489180832652,0.2382511024600475,2.9161758536843e-06,0.0003400218440819156,0.0002232098416942837,1.6545459901382915e-05,0.0002397118685356199,2.330309311840192e-05,2.449452471168034e-05,7.485901499602312e-08,0.00016008613926827157,0.000301745524932727,0.0002991353640178475,2.1529945766555946e-05,0.013117887733903452
58,0.00024406841687807086,4.6746295672868e-06,2.2823606482157333e-06,3.7913936989221428e-06,0.0018225248155527111,0.0028168154605837494,0.7120659236409979,6.048005612238389e-05,0.014481996929146795,1.6238502194871587e-08,0.02857607679969069,0.2259666149425102,3.4478062235302944e-06,0.00027045777915864645,0.00018322415788355303,1.839004019437676e-05,0.0002136308373993566,1.9097738980295034e-05,2.8817596335845978e-05,7.377533692080627e-08,0.00017692145005318298,0.00025744214231979135,0.00024991423494710193,2.9532369078930376e-05,0.012503784388189354
59,0.00025102063949609634,5.0231274770560624e-06,2.713848268643704e-06,3.7300464856283958e-06,0.0019308083622207976,0.0030537262016166536,0.7020880199463968,6.71081426477418e-05,0.014926038236772254,1.9262704823293436e-08,0.029950017121833632,0.23206757791102006,3.367894021892035e-06,0.0003217132094740945,0.00018101934025150222,2.0019583991377964e-05,0.0002457056600986765,2.0863113634113322e-05,2.7935256821095375e-05,8.18315056822713e-08,0.0002010037170908082,0.00026392644269447477,0.000276477591757819,3.0311868699202404e-05,0.014061771643019092
60,0.00026621566941231994,4.977140048847869e-06,2.157316734130708e-06,3.785338645631868e-06,0.001608801830394106,0.0030132847712478475,0.7048647512063063,7.834775053975735e-05,0.013183511581715775,1.6959317763185075e-08,0.03184864100951028,0.23171072836331064,3.1524075050477914e-06,0.00028776439313742326,0.00019648480584776718,1.759083364292588e-05,0.00023330875520511892,2.0211802055643502e-05,2.994374446416884e-05,6.274409152432211e-08,0.00017278520603877483,0.0003057765843752149,0.00022920440309958748,2.0038148189715016e-05,0.011898457235163779
61,0.0002583586146249904,4.646337864405298e-06,2.8039169583720053e-06,3.6473630350587878e-06,0.0019945308899266706,0.0030570434992892035,0.7093626011424283,6.53294307775431e-05,0.015804970563446343,1.8706285876123778e-08,0.03019201551521503,0.22423120906670574,3.379942282944725e-06,0.000326723793707527,0.00016586578150694822,1.820051312757806e-05,0.00022435634015303366,2.199612808519913e-05,2.6661414551230187e-05,8.127772237039392e-08,0.00020658174808705664,0.00025032960132319445,0.00028178281258406704,3.129837197930765e-05,0.013465567228332028
62,0.00026621566941231994,4.977140048847869e-06,2.157316734130708e-06,3.785338645631868e-06,0.001608801830394106,0.0030132847712478475,0.7048647512063063,7.834775053975735e-05,0.013183511581715775,1.6959317763185075e-08,0.03184864100951028,0.23171072836331064,3.1524075050477914e-06,0.00028776439313742326,0.00019648480584776718,1.759083364292588e-05,0.00023330875520511892,2.0211802055643502e-05,2.994374446416884e-05,6.274409152432211e-08,0.00017278520603877483,0.0003057765843752149,0.00022920440309958748,2.0038148189715016e-05,0.011898457235163779
63,0.000261427497698351,6.353062543296327e-06,2.092840520310228e-06,4.034215791107531e-06,0.0015512421984155982,0.0029193599347927942,0.6847762030226772,8.408189028300163e-05,0.012944931077377616,1.8801356795545532e-08,0.03236865413671639,0.2505977811923797,3.3400269283164003e-06,0.00030888832084367395,0.00021583863945224229,1.8950428520335593e-05,0.00025714849956994315,1.91627573905944e-05,3.311630917497728e-05,6.314794192033825e-08,0.0001701393786612417,0.0003593904849542914,0.0002151977165997268,1.9800609483320794e-05,0.012862783809927303
64,0.0002523419982099777,4.609395669382918e-06,2.4197742281675327e-06,3.1308368626707496e-06,0.0015859721193765503,0.0023562293086730824,0.7394964070680549,7.431284430567963e-05,0.010386980390585368,1.502006967932156e-08,0.031162837364523917,0.20254521323937852,3.322172345612757e-06,0.0002936579915600915,0.00014423495354939922,1.653584757482748e-05,0.0002567579396648074,2.2259056314642848e-05,3.0205623421778498e-05,6.306256080383133e-08,0.00025367211341319646,0.0002589302807208264,0.00023112821840683996,2.0006750175763395e-05,0.010598756630353482
65,0.00037760267236572386,1.9012252284304127e-06,9.723384418821192e-07,8.031135792609983e-06,0.0015808290170585256,0.0053621219414005435,0.8447867285347468,5.631962573542756e-05,0.006655556653413346,7.729885687208355e-09,0.03032619643840466,0.10622342331414894,2.186606906465283e-06,5.410164208223897e-05,0.00022633679312393003,1.3740788862993838e-05,0.00023262243512409044,3.356380216332409e-05,6.472000970431379e-05,2.5128274579350395e-08,0.00016626598117715883,0.00014299919540904576,0.00044706563349044263,1.2523405867695135e-05,0.003224157951191049
66,0.00030472830378877803,1.9432645834431774e-06,3.300481380828314e-06,1.4318096530209073e-06,0.001161470865233036,0.0008155253172744997,0.809937488688894,7.865491047746128e-05,0.006925792551705836,7.566852235898357e-09,0.026514830014462223,0.1496745213862333,6.51570854690146e-06,0.0002175106058544459,4.2238442668719075e-05,8.40971466022875e-06,8.306479503502648e-05,2.4285960965708736e-05,1.2188821219067811e-05,7.324829827334356e-08,0.00021465534421522938,0.00018405636568037694,5.4255277770944925e-05,1.1031253007425494e-05,0.003722019301539024
67,0.0002662193600305559,4.9770844392471584e-06,2.157404831341042e-06,3.7853659848059896e-06,0.0016088178632410123,0.0030133182880357793,0.7048675779325465,7.834808560917166e-05,0.013183397682074681,1.6959637656983534e-08,0.0318488190902406,0.23170774533270327,3.152433689636548e-06,0.00028776866099122046,0.0001964819544696406,1.7591053347650517e-05,0.00023331525359915036,2.0212591955702354e-05,2.9943833965979636e-05,6.274596777303248e-08,0.0001727926328957716,0.0003057693236794115,0.00022921542842054945,2.00386459428722e-05,0.011898474991699682
68,0.0006783401552057126,1.1373940712619543e-05,9.035938778093084e-07,4.901663440408629e-06,0.0006708279495810099,0.0021982393720618534,0.7609066661432624,0.00025481713957164505,0.0033116670649661526,1.2927067948667116e-08,0.05760490835284558,0.16763017226538782,6.702801716991539e-06,8.042495882611296e-05,0.00029001034182654596,3.0011412222006148e-05,0.0005757222831414166,2.917722822833908e-05,0.0001806718405550133,2.4763585475848094e-08,0.0002914267836659326,0.0013395308767491165,8.55168879438968e-05,5.406462732816804e-06,0.0038125427908253357
69,0.00018434421020714555,2.0475449549241147e-06,7.954178190310755e-06,1.9062292012228326e-06,0.001180736260129517,0.002299868146585127,0.8130124998642446,0.0001009512596367911,0.013932077298698936,3.0381317360498186e-08,0.01902302841083888,0.13648951918193764,3.0749258403970235e-06,0.000759733097518687,4.8251841779065136e-05,2.1323187070189616e-05,0.00016760783197604324,7.416169301934105e-05,1.9374518890014047e-05,1.71911556672004e-07,0.0007098005071651925,8.660447336742536e-05,0.000531089833243315,3.338098103102664e-05,0.011310462231599974
70,0.00026322781395657894,4.8475813882264236e-06,2.138574147523164e-06,3.824205160726094e-06,0.0016641098791298097,0.003028110764612069,0.7067106516061805,7.690225250044128e-05,0.013449970133913955,1.6556539154885764e-08,0.03179919631497327,0.22972176234717526,3.089716254437093e-06,0.0002865521735281124,0.00019646151531637832,1.6849506169343575e-05,0.00022610493958064422,1.9818418783512607e-05,2.8993855360950135e-05,6.227069297552022e-08,0.00016878478381732347,0.00029797709493246954,0.00023033572341510622,1.998313770931833e-05,0.011780228834762064
71,0.00015295343714108667,4.248860878944425e-06,2.374270508931446e-06,2.631324822395445e-06,0.0021134944903972433,0.001996971164581143,0.7597290009601901,6.122339476190911e-05,0.017794140120310897,1.7055905580344654e-08,0.02304129611718018,0.18147529554685304,2.655886892579263e-06,0.00046104466436248454,0.00011125771355670206,1.3671656307881865e-05,0.000155524413327006,2.198640589447701e-05,2.139205823989367e-05,8.251872451272762e-08,0.00023876250712570406,0.00018600179876945817,0.0002375217990026247,2.504735463476653e-05,0.012151404479630458
