,0,1,2,3,4,5,6,7,8,9,10,11,12,13,14,15,16,17,18,19,20,21,22,23,24
0,0.00021429710104572134,0.0006126162766683972,6.048623798632289e-08,3.0499054388162347e-05,6.856917108801993e-05,4.0897629585648235e-06,0.016018331680601877,2.3438164895764003e-06,7.25696848667793e-05,5.064622727385429e-06,9.749133487911176e-06,0.26282431136190987,0.00033966516027801266,0.011001851643986907,7.98354977159675e-08,0.00022871340443780927,0.004517690401680456,0.6701915555369539,2.026666804648039e-06,4.65150692674863e-07,3.1937238946831515e-05,0.00011010514202469264,1.524077959514398e-05,2.2854776979775822e-09,0.033698164601153345
1,0.0002878319167717935,0.0007864789222483686,7.720442958100931e-08,4.0446631042623326e-05,9.824624504724142e-05,5.583952471922845e-06,0.02192411915598716,3.7984731292346637e-06,0.00013930260647910807,8.291811686066239e-06,1.0742505495660836e-05,0.2523231385975436,0.0004599945996725826,0.011274615057637803,9.772898914583826e-08,0.00039746165598016645,0.005377737504281436,0.6708657411391423,3.0837397625327243e-06,6.423699403330672e-07,3.1698774115426234e-05,0.0001254101482168659,1.7698509375566157e-05,3.059233504831451e-09,0.035817757691320014
2,0.0002385290690355148,0.0006202135825455093,6.056618412416469e-08,2.8732245898428405e-05,8.967036856124421e-05,4.03235574769968e-06,0.02073830029597706,2.708686396666676e-06,0.00011750549040233764,7.43211680087751e-06,8.91526228392106e-06,0.2048223245470853,0.00027041475827001884,0.013216034926236664,1.1118945423961116e-07,0.00023777954291857853,0.003760158368700604,0.697095440217109,2.3888295884800183e-06,7.453103475575512e-07,3.1447277314244565e-05,0.00015447820180683046,2.0320525249726538e-05,3.0841819793532934e-09,0.05853225318190332
3,0.00021437260012516929,0.00061377538363135,6.094290600146753e-08,3.0479010869379074e-05,6.82949332194055e-05,4.167238712031436e-06,0.0161100237098012,2.374340805880723e-06,7.208747333834091e-05,5.108847139822723e-06,9.728469892948896e-06,0.26440568531059727,0.000342181678331237,0.01094494876143794,8.044901547969327e-08,0.00023178715386799195,0.004519690680348955,0.6688729993221311,2.0639418187911336e-06,4.7262352967044426e-07,3.234304458853854e-05,0.0001103569489532678,1.526117995431158e-05,2.2824967124679227e-09,0.03339165367248727
4,0.00019307899397188918,0.0006243456490350505,5.994699657301112e-08,2.91525110239791e-05,6.607114446364489e-05,4.059000786189817e-06,0.014425475470010477,2.2164008056568045e-06,6.382911996396586e-05,4.349843902390686e-06,1.026109746830442e-05,0.2942718749872053,0.00041267572224359164,0.010843772318326086,6.744300029788798e-08,0.00021856144128213847,0.004586731098434224,0.646249869890822,2.0236281929127044e-06,4.414122268086402e-07,2.9970081689718483e-05,0.00010072448396467309,1.4143343537743664e-05,1.993612455293771e-09,0.027846242977033697
5,0.00017169215550583708,0.00032077102330974755,4.422913307996149e-08,2.7081154029529505e-05,4.1088433502793426e-05,2.6416619361536374e-06,0.011088011017348309,1.7070569768674512e-06,4.71729265509047e-05,4.143228809596155e-06,6.564689983684764e-06,0.19674770283455129,0.00022812990065392897,0.008789846163673157,4.6609327937218304e-08,0.0001725127679216921,0.003763750150431923,0.751880631788627,1.1149703338626503e-06,4.1526450427511795e-07,2.325304095655031e-05,7.514348775002548e-05,1.1600029641028815e-05,2.046617805803684e-09,0.02659493336792311
6,0.00021437260012516929,0.00061377538363135,6.094290600146753e-08,3.0479010869379074e-05,6.82949332194055e-05,4.167238712031436e-06,0.0161100237098012,2.374340805880723e-06,7.208747333834091e-05,5.108847139822723e-06,9.728469892948896e-06,0.26440568531059727,0.000342181678331237,0.01094494876143794,8.044901547969327e-08,0.00023178715386799195,0.004519690680348955,0.6688729993221311,2.0639418187911336e-06,4.7262352967044426e-07,3.234304458853854e-05,0.0001103569489532678,1.526117995431158e-05,2.2824967124679227e-09,0.03339165367248727
7,0.00026839365703136434,0.0009696411524527279,1.0549575548262462e-07,3.140743791494517e-05,6.848597455087479e-05,4.282776913547384e-06,0.01662247502272847,3.160289948718406e-06,5.87539123582761e-05,3.947903265395215e-06,1.4015197034434343e-05,0.3537083841560538,0.0008226583138127917,0.008012197099791856,6.832141915548524e-08,0.0002113854450779802,0.005439067576462261,0.5964431341594733,3.0524222646977367e-06,3.378386302235996e-07,2.7579589521003768e-05,9.958432583266151e-05,8.472906587257952e-06,1.992591528716732e-09,0.017179407032527367
8,0.00024537459480424397,0.0005223404679205485,6.986334774052694e-08,4.259471615905846e-05,8.573346095612585e-05,3.736758018752126e-06,0.019505045371457214,1.8105401830563038e-06,0.0001324030773309789,8.824052876232778e-06,1.1439753031404932e-05,0.13021033929267087,0.00016024740375485244,0.018700165885647328,1.779215897894123e-07,0.00018976193485291975,0.003686462295054781,0.7385032824741716,1.258552489367351e-06,6.183041886777219e-07,3.325517783861458e-05,0.00015492805936117277,2.5310014622306665e-05,8.096117343331499e-09,0.08777481193155479
9,0.00023803522524849807,0.0004570818621607726,8.972763085588324e-08,5.044235814734295e-05,7.107211365262893e-05,4.0704352721767005e-06,0.014513058146923833,2.6315383959200033e-06,9.788247153880683e-05,8.782398936426731e-06,1.1189095582657988e-05,0.1769820967108513,0.00027503467461795157,0.014457713788239348,1.0827583534951635e-07,0.00025165761210706937,0.004981441397721838,0.748704742802243,1.5955206079585678e-06,6.520311674288395e-07,3.4549798217586623e-05,0.00013370729242045178,1.8365742465055045e-05,5.718086984402873e-09,0.03870399326192884
10,0.00021437260012516929,0.00061377538363135,6.094290600146753e-08,3.0479010869379074e-05,6.82949332194055e-05,4.167238712031436e-06,0.0161100237098012,2.374340805880723e-06,7.208747333834091e-05,5.108847139822723e-06,9.728469892948896e-06,0.26440568531059727,0.000342181678331237,0.01094494876143794,8.044901547969327e-08,0.00023178715386799195,0.004519690680348955,0.6688729993221311,2.0639418187911336e-06,4.7262352967044426e-07,3.234304458853854e-05,0.0001103569489532678,1.526117995431158e-05,2.2824967124679227e-09,0.03339165367248727
11,0.0002092611307589981,0.0006183158912520507,6.278803103981789e-08,3.0448768567399505e-05,6.641827332290969e-05,4.2872339704039945e-06,0.01572781058371925,2.5159285787056454e-06,6.8550343238307e-05,4.766877821150679e-06,9.899428636616458e-06,0.2814811998878461,0.00039532879483141544,0.010502432891201235,7.538846001440315e-08,0.0002386095056853456,0.004721943534107252,0.6561581237964936,2.1765133358202083e-06,4.755021087070874e-07,3.107590170117734e-05,0.00010724640385076249,1.4868273499672705e-05,2.140265108039208e-09,0.029604104218716898
12,7.578510427138029e-05,0.000522198271868384,2.2898026701036852e-08,1.1394715098271626e-05,0.00012696559876763664,1.7720894806811167e-06,0.006109081073369567,2.9268254867594884e-07,3.148253966431664e-05,1.7387901203859386e-06,3.775663725912246e-06,0.24282941802809188,9.405776936960506e-05,0.014426221719184082,2.4023480342590314e-08,6.574503884550361e-05,0.001060462253192696,0.6808707317798606,5.701246914763509e-07,2.6085281456788556e-07,1.68973064978834e-05,2.7155550435384697e-05,8.759370503662098e-06,6.265617714863098e-10,0.0537151861295284
13,0.0001722450314833279,0.0008292142666249062,6.192050630579521e-08,4.3811107131417335e-05,8.964867981179034e-05,3.942399928817036e-06,0.012726486605133489,1.5840962369823368e-06,5.528512670040247e-05,2.7919295627115583e-06,3.5491448297790155e-05,0.41982499587936567,0.0006956709934674744,0.015384651831743682,1.1215553483647216e-07,0.00020936900892354365,0.005520306082765339,0.5236832652783062,1.913787818912576e-06,2.5506318048394174e-07,4.0709511422515623e-05,8.566310894740684e-05,2.069640550913316e-05,2.7953170022514616e-09,0.020571825486279924
14,7.237436021157833e-05,0.0014049633494795173,2.7551701773181347e-08,5.4303279615916555e-06,6.896469596879099e-05,4.90789885638525e-06,0.006481068067570299,4.823096217881796e-07,1.132135154353357e-05,1.1945990865300877e-06,1.0422293268838489e-05,0.7390349323578508,0.0005572890026988962,0.006409902161677981,3.020258660183998e-08,0.00013985968898001704,0.0014984998581575077,0.2367373308349899,3.7201011203900587e-06,1.3211054913586442e-07,2.6186302855531638e-05,3.5377013261936414e-05,3.819948222181709e-06,2.395326845804643e-10,0.0074917633722457735
15,0.00021437260012516929,0.00061377538363135,6.094290600146753e-08,3.0479010869379074e-05,6.82949332194055e-05,4.167238712031436e-06,0.0161100237098012,2.374340805880723e-06,7.208747333834091e-05,5.108847139822723e-06,9.728469892948896e-06,0.26440568531059727,0.000342181678331237,0.01094494876143794,8.044901547969327e-08,0.00023178715386799195,0.004519690680348955,0.6688729993221311,2.0639418187911336e-06,4.7262352967044426e-07,3.234304458853854e-05,0.0001103569489532678,1.526117995431158e-05,2.2824967124679227e-09,0.03339165367248727
16,0.00043246046386275633,0.0018639981038343684,1.5445570220768858e-07,5.8878940435300775e-05,0.00020951181917368077,8.299136254854143e-06,0.03254081383336706,6.335678891386881e-06,0.00029601118348805314,7.2010630408628e-06,2.205601079375642e-05,0.31748455360717137,0.0009222522344104987,0.016229854866853806,2.2487215225677846e-07,0.0004052910475952662,0.007867339946857281,0.5709187394105215,5.620796240184905e-06,6.633059360554345e-07,3.0048181364149743e-05,0.00020419681376199667,2.8350139767579425e-05,5.031671330445749e-09,0.05045713905685239
17,0.00030515994433642004,0.0010203226719129222,1.0511934663505166e-07,5.311513226326426e-05,0.00012213240181601026,8.03391641318695e-06,0.02801425819818548,3.856930249067918e-06,0.0001540334114780444,9.44570062940501e-06,1.5769863953918458e-05,0.2656474821385535,0.0004508786843965576,0.014451418749382341,1.922683279773663e-07,0.0004097374904666741,0.005984657441058513,0.6391737324067448,3.335399047179854e-06,6.545366742786639e-07,4.4558553885529614e-05,0.00015926391697704858,2.1471465198388557e-05,4.587292813012481e-09,0.043946379071410246
18,0.00028531193920567635,0.0011721807486928214,1.461050945638173e-07,7.82058087383493e-05,0.00017647856817591142,8.86284096675704e-06,0.031113628367529417,5.077549071149328e-06,0.00014053359712291647,8.29064580507024e-06,2.021463037398239e-05,0.33797372802767545,0.0006945644380616221,0.01403643117631295,2.1602930887600662e-07,0.0005340478363782468,0.0061775733918215375,0.5787273496538295,4.153383092393376e-06,5.946448076857725e-07,5.104914379494626e-05,0.0001323411327148834,1.9080840849302567e-05,4.132197894664054e-09,0.028639935368377917
19,0.0003063931606527857,0.0005862171902462741,3.6849567665426853e-08,2.9420397353009206e-05,5.1790013346689365e-05,5.455734471226345e-06,0.01675647965191042,1.6901908910798604e-06,0.00011661131386566828,9.133257950693553e-06,1.0844250274343496e-05,0.16141539373430347,0.00016549258753099848,0.013022825533974679,1.2399749092061285e-07,0.0002803036865135804,0.0048839502402485005,0.7295305399442314,1.6111069397977945e-06,5.208207540441589e-07,4.3382591065487894e-05,0.00010801477623153391,3.179060950969196e-05,4.530425789058403e-09,0.07264197383024999
20,0.00026828982567537676,0.0008796275730084045,1.1361709621580228e-07,5.227704301534447e-05,0.00010066822108225003,7.568128712050247e-06,0.03313617981104116,5.1266034764899184e-06,0.00011031511930119844,8.314922053108777e-06,1.901097687119728e-05,0.29813187904705474,0.0004531842444762663,0.015472906839877527,3.024240184458936e-07,0.0003430859898071904,0.006280986147473174,0.5960983459342063,4.127235748259669e-06,7.911648654047634e-07,7.310795200313143e-05,0.00027709455429594804,3.0570765071812246e-05,4.716189686368093e-09,0.04824612114357933
21,0.000167797760174042,0.0005040055365764666,4.507477337478072e-08,2.294594099903215e-05,5.9991662580813493e-05,2.9719998087569224e-06,0.009680854128572176,1.3685613105052272e-06,4.333525622038849e-05,4.217705953628478e-06,8.36574233188785e-06,0.28044127041369526,0.0002635518409600328,0.010195968189204091,4.730680599458423e-08,0.0001721819952599372,0.003250941951209574,0.6694372636045592,1.4892663099899905e-06,3.676863101553306e-07,3.209074394009611e-05,7.537570510254787e-05,1.0789713362040982e-05,1.6089491573020668e-09,0.025622760605030888
22,0.00017931784368345008,0.00032103096037715365,5.175508800689531e-08,2.96495085008047e-05,3.8543676910187516e-05,2.699023708786855e-06,0.010070833272030632,1.8804446354753206e-06,4.129666252120767e-05,5.093849596908633e-06,7.923715083643471e-06,0.22633665335205752,0.00024942365363358473,0.00893091368290528,4.9151865038847084e-08,0.0001831203420056215,0.004463601887752478,0.7271408146210429,1.3287833044456883e-06,4.076836562262871e-07,3.215906074640462e-05,9.52198536886132e-05,1.062687327724021e-05,2.1020120506955118e-09,0.021857358239916375
23,0.00021437260012516929,0.00061377538363135,6.094290600146753e-08,3.0479010869379074e-05,6.82949332194055e-05,4.167238712031436e-06,0.0161100237098012,2.374340805880723e-06,7.208747333834091e-05,5.108847139822723e-06,9.728469892948896e-06,0.26440568531059727,0.000342181678331237,0.01094494876143794,8.044901547969327e-08,0.00023178715386799195,0.004519690680348955,0.6688729993221311,2.0639418187911336e-06,4.7262352967044426e-07,3.234304458853854e-05,0.0001103569489532678,1.526117995431158e-05,2.2824967124679227e-09,0.03339165367248727
24,0.0004768421823412402,0.0009891298392696185,9.454844762368382e-08,2.9231198170620977e-05,5.6208094957111376e-05,6.775403249908182e-06,0.03115492539317401,4.511259059743609e-06,0.00014296995523186668,9.836362576519237e-06,1.1139313647151045e-05,0.21134919002898658,0.0002612888299893068,0.009054490566802223,2.231977218053281e-07,0.00022100204095318175,0.006502675841271169,0.6682029850853727,3.87337233176468e-06,7.028397955040077e-07,6.244179702647513e-05,0.00026762309227975847,2.398954282926497e-05,4.627000634598199e-09,0.07116784558751425
25,0.00019308300481322058,0.0004035329452819441,5.4744520997327764e-08,3.783435875132948e-05,5.436287690085371e-05,3.0702878158812764e-06,0.016384717825726744,2.9312113002236306e-06,5.1477750965942394e-05,4.2407715157645085e-06,1.130142452157462e-05,0.265447913139371,0.00042119791595935643,0.008905509835024143,7.190626032727545e-08,0.00026730438055578746,0.004752438189503485,0.6818763568255904,1.9183813414150746e-06,4.1341034462675697e-07,3.1594087058475896e-05,9.322072926843677e-05,1.418116013561566e-05,1.987281932929633e-09,0.02104127085019055
26,0.0003843234933214942,0.0007785799430459745,7.72048511439846e-08,4.8664496958956815e-05,8.854780791466375e-05,4.897856289562592e-06,0.017929716334892154,3.6771158680555597e-06,0.00019361823537779048,5.909789320992316e-06,1.2872474770289407e-05,0.2085596450890177,0.0003820205432766164,0.01127870636644985,1.1672767453613541e-07,0.0002761697169240469,0.006975619116090426,0.7038811895573029,2.0535740977686782e-06,5.957607095723846e-07,2.7431323798693132e-05,0.00011905693292364118,2.9793456044067822e-05,5.682875081839289e-09,0.04901671140020402
27,0.0002676915272555249,0.0007989506875450268,7.437202921005275e-08,3.652955722783966e-05,9.197116583815372e-05,5.684535940525866e-06,0.02496199402766685,3.267768698916982e-06,0.00014426401262113934,7.845212263535457e-06,1.2636926300300663e-05,0.23698850824509976,0.0003518756660298907,0.01443592267354187,1.5900176291384632e-07,0.0002879076031911959,0.005405668199226701,0.6587061434478511,2.678637835199052e-06,7.252449386836757e-07,3.760601617205616e-05,0.00019309538743541568,2.4922166456004894e-05,4.198998277047117e-09,0.05723387371807406
28,0.00021437260012516929,0.00061377538363135,6.094290600146753e-08,3.0479010869379074e-05,6.82949332194055e-05,4.167238712031436e-06,0.0161100237098012,2.374340805880723e-06,7.208747333834091e-05,5.108847139822723e-06,9.728469892948896e-06,0.26440568531059727,0.000342181678331237,0.01094494876143794,8.044901547969327e-08,0.00023178715386799195,0.004519690680348955,0.6688729993221311,2.0639418187911336e-06,4.7262352967044426e-07,3.234304458853854e-05,0.0001103569489532678,1.526117995431158e-05,2.2824967124679227e-09,0.03339165367248727
29,0.00021437260012516929,0.00061377538363135,6.094290600146753e-08,3.0479010869379074e-05,6.82949332194055e-05,4.167238712031436e-06,0.0161100237098012,2.374340805880723e-06,7.208747333834091e-05,5.108847139822723e-06,9.728469892948896e-06,0.26440568531059727,0.000342181678331237,0.01094494876143794,8.044901547969327e-08,0.00023178715386799195,0.004519690680348955,0.6688729993221311,2.0639418187911336e-06,4.7262352967044426e-07,3.234304458853854e-05,0.0001103569489532678,1.526117995431158e-05,2.2824967124679227e-09,0.03339165367248727
30,0.00021437260012516929,0.00061377538363135,6.094290600146753e-08,3.0479010869379074e-05,6.82949332194055e-05,4.167238712031436e-06,0.0161100237098012,2.374340805880723e-06,7.208747333834091e-05,5.108847139822723e-06,9.728469892948896e-06,0.26440568531059727,0.000342181678331237,0.01094494876143794,8.044901547969327e-08,0.00023178715386799195,0.004519690680348955,0.6688729993221311,2.0639418187911336e-06,4.7262352967044426e-07,3.234304458853854e-05,0.0001103569489532678,1.526117995431158e-05,2.2824967124679227e-09,0.03339165367248727
31,0.00022413338464075488,0.00041748806534491474,5.325740725551214e-08,1.932882888672187e-05,4.2792236277406806e-05,2.1735585397504647e-06,0.010472892406257867,2.3557479357780494e-06,4.320869278277287e-05,3.386187834927451e-06,4.865927009485201e-06,0.22791329537487562,0.00029826181238112756,0.0061102446814351495,3.33249019984888e-08,0.00014836410656221633,0.0034886455275585882,0.726196238191452,1.7921574185158527e-06,3.8375828337589973e-07,2.054763974511313e-05,7.467710479124175e-05,8.627587721847098e-06,1.2673791492470774e-09,0.024506209172576465
32,0.0002163891683614069,0.0006531077330842146,6.443930567893531e-08,2.9081781273530593e-05,7.201637404465699e-05,4.4646590095103175e-06,0.01702808535469395,2.5860794048548845e-06,7.195707446297542e-05,5.2524882877774234e-06,9.916407701167922e-06,0.28183834499275345,0.00036844258638480326,0.01103452121277191,8.614439021602387e-08,0.0002440445722723251,0.004512385052755064,0.6498079563308332,2.5078223045115295e-06,5.154985295693835e-07,3.4086791368271036e-05,0.00012193814376906859,1.5730487416059225e-05,2.1882761140390854e-09,0.03392651661654559
33,0.00047544598999074277,0.0016234415100312167,1.3234868118092147e-07,5.8599074921314764e-05,0.00033138720099667,7.144609402063634e-06,0.029468694152269354,2.5099536935250594e-06,0.00024948329509137554,1.4611695372409225e-05,2.2819656510156652e-05,0.16834502978209995,0.0001259152102105117,0.022073047890147676,7.423494584704047e-07,0.00021824101249367728,0.0026133234932417316,0.5774406924611667,3.7790199654802813e-06,8.324192241179476e-07,0.0001373570550869198,0.0001957245801426244,5.405741746921032e-05,1.2138475748864724e-08,0.1965369756838572
34,0.0004575315702290044,0.00143385559601971,9.208588779068713e-08,2.8445843578337842e-05,0.0001283453773733727,3.889897560801557e-06,0.018060951528549776,3.458598690787349e-06,0.00015159920589915353,5.640361694498722e-06,1.8949722302720986e-05,0.3172678438639017,0.0005822237437694278,0.012612796470314916,1.2458892779692423e-07,0.00020212021534486298,0.0048413515388480745,0.5923837845601968,5.247438844064362e-06,4.869969762588966e-07,3.571466566019306e-05,0.0001726158285051588,2.2177248024201096e-05,3.6627459000305427e-09,0.05158074939015476
35,0.00013130809673305647,0.0013547632326465703,1.1407882998980273e-07,7.190306858817971e-05,0.00024131313203572906,1.5076003144191766e-05,0.03226726128538908,2.0840328931983494e-06,0.00010865668885032014,7.500416133631771e-06,3.487964784313079e-05,0.3856511752272415,0.00047345766682454045,0.038302982909750614,5.144944423720913e-07,0.00040703231347615827,0.005041310804635164,0.4723969176802459,3.2136487433232294e-06,7.609480641964406e-07,9.431665142204456e-05,0.00019629830947826246,4.876420233471938e-05,5.384105226060045e-09,0.06314839007614885
36,0.00015778964826543038,0.00035844200555402365,3.1985742396114544e-08,2.1893176176996997e-05,3.173751299350238e-05,3.7119234348401123e-06,0.016664032906017916,3.5404724753202064e-06,6.84450724397556e-05,3.2271163738579986e-06,5.004379642179951e-06,0.2868349902415278,0.0004601083489139887,0.006906672164485527,3.828090156410731e-08,0.00034490117881256,0.007178694400491303,0.6601958689424688,1.644621450644642e-06,4.531879855157425e-07,1.4711871516379162e-05,0.00010978805563363531,1.3781612474666748e-05,1.0402551441239705e-09,0.020620489853966088
37,0.0002021069176857606,0.00030195596459453236,4.966402511701082e-08,2.946305028731423e-05,3.807985173166708e-05,1.9635390616016624e-06,0.009415836981521522,1.390031324209788e-06,3.965131360151691e-05,3.649006359908847e-06,8.052466004354906e-06,0.17518519906932598,0.00020854286090229356,0.008210187342482866,4.660333990987082e-08,0.00013550672763215678,0.0034756611292314724,0.7785272585275914,9.359278234157847e-07,3.0360889332677087e-07,2.1450864833687638e-05,6.198412397315452e-05,9.68242546986372e-06,2.8145480731929985e-09,0.024121039187754975
38,0.00020887126707481348,0.000615377073871139,5.996937385489144e-08,3.088151895623438e-05,6.627556776889812e-05,4.7396364962287935e-06,0.017731558799657668,2.578507176511749e-06,6.862059166810754e-05,5.188530019297088e-06,9.93918791401815e-06,0.2791479593677009,0.0003701155503278134,0.010618100157500499,8.618554388298364e-08,0.00027008088125884207,0.004693901120616239,0.6545441522478884,2.2993604257880183e-06,4.937059822457411e-07,3.4494514510305175e-05,0.00011088913169782895,1.5983486772126983e-05,2.1570866330506513e-09,0.031447351482711564
39,0.00020611231579920172,0.0005627543296298329,5.8310455086034076e-08,3.0545250568787934e-05,6.390204605392951e-05,4.276472812193164e-06,0.017132276423512293,2.59877021822748e-06,6.721066934616529e-05,4.998593967656191e-06,9.017131496144577e-06,0.2644431009675264,0.00033440145642836495,0.010298031757894965,8.279109820619351e-08,0.00024550020404743916,0.00457427459938241,0.6678283323801677,2.1272689723890795e-06,5.010333688684661e-07,3.4755721502249576e-05,0.00011285939645753054,1.647867592654869e-05,2.109069370803296e-09,0.03402580132429792
40,0.00019186804038237744,0.0008029208518522145,7.39057617756502e-08,2.4903959699630914e-05,8.742466744387238e-05,4.409306474064213e-06,0.014685174117747992,1.8642255871937728e-06,6.212665441003912e-05,4.740488579760001e-06,9.975526696606603e-06,0.3121525936002809,0.0003275764887719442,0.012584166716816397,8.840057520554961e-08,0.00018312570628666,0.003707035520952632,0.6193090643206374,2.3176766471467573e-06,4.5584638496302903e-07,3.458789236135932e-05,0.0001224863471175361,1.2505315214525952e-05,2.04292416991149e-09,0.035688512380393625
41,0.0003693462055107777,0.00257760005581588,1.5176305556667062e-07,9.049513232049533e-05,0.0003435070549397176,1.4349298789786798e-05,0.031355555235914524,4.822969017981784e-06,0.0005830692694441139,1.3897696208279667e-05,1.836957863075447e-05,0.27971516839744825,0.0008366250818142805,0.02183098984187014,1.8021261881894877e-07,0.0006921302284459248,0.00853516544821568,0.5997406857207277,2.9863819942671864e-06,7.173348821304343e-07,3.058420905987495e-05,0.0001374177070590597,2.5075213695476915e-05,6.383233543126167e-09,0.0530811035792869
42,0.0002355723488855004,0.0006965127621282768,8.24196328859983e-08,2.957083428255611e-05,7.253842190447861e-05,4.742505584253525e-06,0.019005236098668655,3.9799765742288505e-06,7.417705454677602e-05,6.25342903264756e-06,1.0199348345468625e-05,0.3321081305412221,0.0004423740870076028,0.0102455309550664,1.0150294993176337e-07,0.0002771778844312144,0.0052319285750598386,0.6014561596042715,3.8053184207482813e-06,6.194274492684506e-07,4.3905565917699476e-05,0.00019187110403807945,1.5154973403448e-05,2.149411384544114e-09,0.02984437311176518
43,0.00031836333101014215,0.0006512173057251829,9.139164242316714e-08,4.333308562057055e-05,9.226837858634105e-05,6.31236902651738e-06,0.02225040632980196,4.475017478054142e-06,0.00016361192719569246,1.7809282359876523e-05,9.593190846518669e-06,0.18730898995096149,0.0002998024415827684,0.01350636632508002,1.2887371777505952e-07,0.0003752654504882235,0.005119119120698872,0.7205722093349836,3.361895582985353e-06,1.1767393765833942e-06,5.2824854335312856e-05,0.00021592350781372076,2.1163252787846266e-05,4.692281178570145e-09,0.0489661819510163
44,0.00021437260012516929,0.00061377538363135,6.094290600146753e-08,3.0479010869379074e-05,6.82949332194055e-05,4.167238712031436e-06,0.0161100237098012,2.374340805880723e-06,7.208747333834091e-05,5.108847139822723e-06,9.728469892948896e-06,0.26440568531059727,0.000342181678331237,0.01094494876143794,8.044901547969327e-08,0.00023178715386799195,0.004519690680348955,0.6688729993221311,2.0639418187911336e-06,4.7262352967044426e-07,3.234304458853854e-05,0.0001103569489532678,1.526117995431158e-05,2.2824967124679227e-09,0.03339165367248727
45,0.0002675846333380409,0.0007555234397439526,1.0941806611683505e-07,6.117919318751757e-05,0.00010174789725591583,8.745975122846324e-06,0.04530875290099495,6.9198726952132475e-06,0.00012777675346534604,9.165187357668198e-06,1.4196225304618249e-05,0.26693608949758024,0.0005567840846386018,0.011985020774580062,2.5788260779868903e-07,0.0005927391828103128,0.006374329641412191,0.6293483216332048,4.279741297051768e-06,8.542252826514902e-07,4.874675333294929e-05,0.0001935105460395734,2.388390259824066e-05,3.970315367508604e-09,0.03727347666776798
46,0.000210462511648512,0.0004467935911596634,5.620842010971107e-08,3.294623156540697e-05,4.076363044443183e-05,4.172331046814629e-06,0.012094557053519469,2.585871630277902e-06,5.440709276426009e-05,4.117485449126053e-06,8.827865601049687e-06,0.27135214051059603,0.0003626443498522699,0.008264586933386336,5.859768620417015e-08,0.00023824700646418511,0.0061928977302068994,0.6790825811923439,1.643848460198366e-06,4.1996480895811844e-07,3.005966240487703e-05,9.244513641160833e-05,1.4534021016803354e-05,2.193661023513643e-09,0.02146804897945156
47,0.0002633116925655882,0.000611336970059939,4.12054684232508e-08,7.228445295880634e-06,2.9732824721707745e-05,2.2161971490351804e-06,0.010358642848818378,2.196674929894101e-06,3.4224038984623265e-05,3.07840608876819e-06,4.119940222134167e-06,0.34535681256195216,0.0002699310788123647,0.004164068946946225,3.247022324669393e-08,0.00011381035101404724,0.0031516847918194664,0.6110935666155561,3.2004069760299593e-06,3.7083029979646605e-07,2.4188699773718842e-05,0.0001317706806473941,6.045705232248074e-06,7.734446644963568e-10,0.024368386842998156
48,0.0002766701942370174,0.0009226586773408381,8.064460548468149e-08,3.2690122480367835e-05,4.241579951142036e-05,1.1238603450187414e-05,0.02916238639064516,8.059244546974227e-06,7.706347122189128e-05,3.821368914616098e-06,1.009845039356356e-05,0.42503699531233563,0.0011505961046532115,0.0058343462096333044,8.990029651841945e-08,0.0005116692605004175,0.01145984187978053,0.5095364032299273,5.568981460636225e-06,5.506502442365071e-07,3.173452264811209e-05,0.00013388597131515023,1.7809661455486306e-05,1.396647236141176e-09,0.015733323951754592
49,0.00015476674419883776,0.0005899142577835431,7.187159165836245e-08,2.0905358951244698e-05,5.4062009819078844e-05,4.23135261108066e-06,0.011110526878703843,1.7455771124172997e-06,3.9584292386219165e-05,3.960758978751501e-06,7.350528917237836e-06,0.32971606326039965,0.0003044756305913712,0.009910751770523054,5.993051998705747e-08,0.00015153960722592472,0.003947972812247736,0.6198675605506363,1.931718045672717e-06,4.5275501865772724e-07,3.238758957811245e-05,0.00011677117715000836,9.087858539149532e-06,1.5583386762421192e-09,0.02395382415013178
50,0.0002623135498930283,0.00047815294741139177,4.7467263345381276e-08,1.807045986631651e-05,6.486959624427558e-05,2.532980884898804e-06,0.037227496692762985,3.3391792891595673e-06,0.00010015681827229201,1.0512477064217474e-05,5.493821467257038e-06,0.1326547479752834,0.00022299254927527206,0.010369738948171727,1.0052766672633445e-07,0.00021292536393471397,0.002530801823584227,0.7328421712996883,3.2766039471051284e-06,8.024885799179307e-07,2.7844452230923122e-05,0.00021075664328278296,1.4128111630092622e-05,2.068617194205673e-09,0.08273672515368855
51,0.0002779335037740621,0.0012363932082843278,1.466515647247041e-07,8.017636558470147e-05,0.00012463162690895017,5.515747613894695e-06,0.01738409684049909,3.482479774705275e-06,0.00014660322230544945,6.667492430935917e-06,1.8805945852187145e-05,0.312731297823759,0.0006970886883341307,0.01469505674795129,1.0172102506351229e-07,0.00025724665020811325,0.007794669026005005,0.6241633222042654,1.5809634243358141e-06,3.3355572761602143e-07,3.574730685492882e-05,0.0001256401784124523,1.0660137857460456e-05,4.601397759795184e-09,0.020202797310184477
52,0.00016283221889274173,0.0001460810803893685,3.900308642477186e-08,4.2176017513149355e-05,2.5377642461940382e-05,2.2198789176022804e-06,0.007772652421429813,1.4993498186572585e-06,4.379457810578821e-05,5.992826323627277e-06,6.979012110715707e-06,0.12263648048907434,0.00023600524337965618,0.00725159257487568,2.8279729633269686e-08,0.0002555419518655088,0.0041026575923019245,0.8450846811487536,6.438791578176469e-07,4.0310909438370837e-07,1.3748468437263852e-05,4.120271546618563e-05,7.75609581439457e-06,3.251931406697566e-09,0.012159611171068433
53,0.00016784964851645207,0.0008084852237599232,8.164742254383356e-08,6.909443141146944e-06,4.5266635631713e-05,1.1312637239570493e-06,0.0006512226136211226,3.260838823347678e-07,9.703564193101816e-06,1.7324052488151647e-06,4.992696785017627e-06,0.5306632350556297,0.0001917529674922757,0.005650449025269918,5.8796329092446474e-09,2.6812935248485966e-05,0.0021916582818489756,0.45333701829733397,1.227039253392374e-06,8.66063434810556e-08,2.3617059798120243e-05,4.1896416589731454e-05,1.2482657376896651e-06,5.367650796890839e-10,0.006173290407130212
54,0.00022830446912957804,0.0004687228188871245,1.2132581653106378e-07,8.677344074293292e-05,8.279660907884083e-05,4.329490127490347e-06,0.015461068122509315,3.5952012908236113e-06,6.522857508297739e-05,5.117215003612384e-06,1.9312466807496213e-05,0.2553112983298148,0.0004896721000832817,0.011580001505987418,1.2675103081199463e-07,0.00026012588745377626,0.006226172556046498,0.6888016815284728,1.8598388996633614e-06,4.7625927849978716e-07,4.851922369907166e-05,9.535994887141907e-05,1.9040013202252656e-05,4.402210599297766e-09,0.02074029192047239
55,0.0006557929318952566,0.00026990450902144686,6.452444946959884e-06,0.006586070246913969,0.0001746816986456479,0.0007160266392837841,0.3165083397509435,0.0004469337891661773,0.0008066105577377863,0.0013486751796564034,0.0003340009912771223,0.025001255828826542,0.0021453701171084538,0.1714555056193929,5.963843162665372e-05,0.017159991051794502,0.11636157301387237,0.27784267497341053,7.122323184435087e-05,5.315768766513072e-05,0.0014987358949227604,0.013385650729391458,0.0019598103898937273,9.044810719794334e-07,0.04515101980969068
56,0.00021052963820688994,0.0006337748330753042,6.30899353522887e-08,2.987526867903391e-05,6.878760293889368e-05,4.114846894000524e-06,0.015892872044429983,2.4372720556974502e-06,7.058317171811775e-05,4.773679495146334e-06,1.0030434619634722e-05,0.2769250534794168,0.00039084599688988446,0.010729977247485747,7.623582294944746e-08,0.00022787728234153972,0.004545353228669285,0.6592122314542508,2.140313328558122e-06,4.698945128088588e-07,3.0285505609540667e-05,0.00010832725357565908,1.45388154472622e-05,2.18321558448205e-09,0.03088497922738557
57,0.0001762012827087085,0.0006716695745188206,6.519893379534857e-08,1.7905704214537255e-05,6.664528093211937e-05,3.5369422417440987e-06,0.012195140451691403,2.3883639377901113e-06,3.971488145670095e-05,3.574936176960133e-06,7.776920682985786e-06,0.40903398397823915,0.00037950290289646857,0.008209581200709746,5.9664948653986e-08,0.00018023115041096793,0.0035929782642360403,0.5424016645348477,3.4628981867660637e-06,4.3605956210230236e-07,3.83506115218308e-05,0.00012627804980376692,9.984410376811783e-06,1.070870930733543e-09,0.022838865665893673
58,0.0002347844713145579,0.0006359477838064406,7.071091078311695e-08,3.4556381010012466e-05,7.05250165716223e-05,4.46316689268124e-06,0.01699473557943468,2.6011865494571687e-06,8.144826205089708e-05,5.611610015244584e-06,1.1278554576608815e-05,0.2578346195171239,0.0003636950391572552,0.011399433457527565,9.702414865195701e-08,0.00024319819744507106,0.0048677922644665556,0.6726973055683233,2.1524696099818483e-06,5.152274692231981e-07,3.365160987441781e-05,0.000121341684507095,1.6533464004210657e-05,3.0590177332662464e-09,0.03434363869419192
59,0.00023475193016851359,0.0006210638322227091,7.668246724584923e-08,3.727407875717793e-05,7.427630108214506e-05,4.5041255634487575e-06,0.01625865124699949,2.493791727004595e-06,8.42855161460314e-05,6.118257444261223e-06,1.1794515342738671e-05,0.24609769417373298,0.00033122404300830425,0.01245520117245975,1.0552797455047374e-07,0.00023503155248719647,0.004870813168543106,0.6818318903885436,2.0680393985921475e-06,5.460979648612592e-07,3.596057730738986e-05,0.00012711745513625263,1.738804990005404e-05,3.5878879054843566e-09,0.03665966588773447
60,0.00021437260012516929,0.00061377538363135,6.094290600146753e-08,3.0479010869379074e-05,6.82949332194055e-05,4.167238712031436e-06,0.0161100237098012,2.374340805880723e-06,7.208747333834091e-05,5.108847139822723e-06,9.728469892948896e-06,0.26440568531059727,0.000342181678331237,0.01094494876143794,8.044901547969327e-08,0.00023178715386799195,0.004519690680348955,0.6688729993221311,2.0639418187911336e-06,4.7262352967044426e-07,3.234304458853854e-05,0.0001103569489532678,1.526117995431158e-05,2.2824967124679227e-09,0.03339165367248727
61,0.00023117577084800302,0.0005958983291996161,7.698371107744709e-08,3.683632638596873e-05,6.990594367435763e-05,4.328614378381742e-06,0.015473261517403393,2.508516512149256e-06,7.539301135994906e-05,5.812195413064715e-06,1.0939555812099158e-05,0.24525522115504594,0.00033094077953575913,0.01165974113318828,9.493864859816975e-08,0.00022617632969513306,0.004827664806814829,0.6877172770797413,1.9872348177285968e-06,5.103989037121588e-07,3.496961400191649e-05,0.0001191529931026258,1.559232027583395e-05,3.1883725839989246e-09,0.033304531263157626
62,0.00021437260012516929,0.00061377538363135,6.094290600146753e-08,3.0479010869379074e-05,6.82949332194055e-05,4.167238712031436e-06,0.0161100237098012,2.374340805880723e-06,7.208747333834091e-05,5.108847139822723e-06,9.728469892948896e-06,0.26440568531059727,0.000342181678331237,0.01094494876143794,8.044901547969327e-08,0.00023178715386799195,0.004519690680348955,0.6688729993221311,2.0639418187911336e-06,4.7262352967044426e-07,3.234304458853854e-05,0.0001103569489532678,1.526117995431158e-05,2.2824967124679227e-09,0.03339165367248727
63,0.00022082406591266175,0.0006710016484126016,6.268282647934634e-08,2.9822961816313087e-05,7.109492989182532e-05,4.3033739774254275e-06,0.016327723471089857,2.388240230900855e-06,7.529703788826914e-05,5.084706515551101e-06,9.959122436629892e-06,0.2723063398962981,0.0003535129205569396,0.011017898809037238,8.251688513822595e-08,0.0002287383955473481,0.004550444673844634,0.6599432658242743,2.13594176715631e-06,4.681042465269747e-07,3.253492587553915e-05,0.00011292818139238759,1.5192594472064858e-05,2.294995135071907e-09,0.034018892679809
64,0.00022223695334697315,0.0006761151881109396,7.272663752517993e-08,3.437274293611493e-05,7.686795585603763e-05,4.810061358069521e-06,0.017093605614805236,2.690921229232028e-06,7.159410971822189e-05,5.807716635791402e-06,1.1034116109552846e-05,0.2859380676378249,0.0003440710655820943,0.011339277306252376,1.0201147864079579e-07,0.0002405063686167592,0.004584167599928664,0.6448156048942298,2.441599194220262e-06,5.392289380460667e-07,4.644747109778809e-05,0.0001273439903529175,1.7266292021245737e-05,2.5698043437992627e-09,0.03434495385793424
65,0.00020236156858397466,0.0004984481582304165,4.347489157377413e-08,2.272534430060357e-05,5.455510970541009e-05,2.8439823846521974e-06,0.012369590574238993,1.861226625143663e-06,5.974600357644629e-05,4.130353235234015e-06,7.600673815773243e-06,0.24941893765983203,0.00029829673080179834,0.009101994651148644,4.8362420780011334e-08,0.00018916021847644748,0.0038226027630098745,0.6946106295944923,1.6479165822320768e-06,3.859350488383589e-07,2.3813776613955623e-05,8.582038247227495e-05,1.189909578754988e-05,1.680275913627003e-09,0.029210854763449142
66,0.0001135837886558836,0.00038220909628570293,6.918308011362291e-08,3.638034158625601e-05,8.106858059671565e-05,1.9862115183960415e-06,0.0047288121863060155,7.936671481824991e-07,2.731338261560403e-05,6.415137969571121e-06,9.734333116909237e-06,0.29523035179668383,0.0002541596253597766,0.012473676660679922,2.6966977107060066e-08,0.00018446919983282264,0.002916056296687468,0.671641767791452,8.919049756514136e-07,2.3175850953054348e-07,3.404991526950555e-05,5.606499119931258e-05,4.02110271502367e-06,1.6758730486229799e-09,0.011815864404905636
67,0.00021257583803108187,0.0006097970219084914,6.056928567325529e-08,3.0353042729654825e-05,6.767680510241066e-05,4.181499038751317e-06,0.016031555743025783,2.348844768447113e-06,7.132075146707783e-05,5.084919062942731e-06,9.7097194682367e-06,0.2643283069619598,0.00034013720412570236,0.010971951135310706,8.028773047762204e-08,0.00023073469467235007,0.004515744739568603,0.6690119633319502,2.0473296240082583e-06,4.7329722513483915e-07,3.2386887578956856e-05,0.00010996650280623241,1.5312211149495527e-05,2.2801624860032426e-09,0.03339622838224731
68,7.260217663262687e-05,0.00016251136788151207,2.094236451887032e-08,1.666826630439914e-05,1.767291719198433e-05,1.745000011958675e-06,0.007937864361494632,1.0749958904848099e-06,1.577822361880596e-05,1.496733165339568e-06,3.6518576590647052e-06,0.22453588526023946,0.0003050773671489853,0.005964504027687858,1.3315801422795516e-08,0.0001160436337432978,0.002922919486715045,0.7458422222952014,6.148670282401928e-07,2.666842197798668e-07,1.375732852331735e-05,3.0612478911188204e-05,7.1945948150015e-06,4.847604521834467e-10,0.012029801332989329
69,0.00015916861126654024,0.00047288546043752164,4.900342355924843e-08,1.759297935303217e-05,3.744500130873197e-05,3.7697273818340892e-06,0.011487922858493343,1.7730120463665271e-06,2.672411427212629e-05,3.26269734018943e-06,8.824640004816376e-06,0.3495097039868344,0.00034760231297518437,0.00815023613012819,5.517521276990712e-08,0.00015745290965578945,0.0037525688459868214,0.6051713684011778,2.480470104773268e-06,4.5158263614544784e-07,3.990560322169964e-05,9.747011162025186e-05,1.1929208586540956e-05,1.2812519175314897e-09,0.02053935587527944
70,0.00026068609012569824,0.0007749953834825544,6.486798695598616e-08,2.418434098063988e-05,6.82060065681462e-05,3.920506680274523e-06,0.017271290505610767,2.3971564744789086e-06,6.606452302816915e-05,4.890501978394227e-06,1.1020347683131952e-05,0.2907866414390707,0.00033566916218772373,0.010362457901525898,9.755492732103037e-08,0.00018594297044481492,0.004170196268737904,0.6367416767115373,2.8109383640557194e-06,4.314215900771966e-07,3.8910052313310515e-05,0.0001383771770889981,1.4809550103952562e-05,2.202330106800839e-09,0.038734256419178874
71,0.0002125105624096954,0.0004970305425484964,3.016527279167698e-08,2.474604451368598e-05,7.080044962912302e-05,2.6787102382199837e-06,0.01221349896709125,1.964114075943058e-06,8.509142629511916e-05,4.616494871151145e-06,8.765394236484763e-06,0.2578451122366395,0.00031082391322622533,0.009406192037344982,4.885380006763195e-08,0.00030574610986801185,0.003909444628444604,0.6843352146140803,1.588557386756665e-06,4.0289857935879767e-07,2.2865872086070186e-05,7.364251008464855e-05,1.640655921130074e-05,1.8100256659404777e-09,0.030650776528040567
