,0,1,2,3,4,5,6,7,8,9,10,11,12,13,14,15,16,17,18,19,20,21,22,23,24
0,4.225567698043653e-05,1.0357542545201412e-07,0.001294264070867065,4.9784224865600095e-05,0.0003361519003844851,0.006884817469119805,0.13257243192184753,0.0007464619752525754,4.626358626929652e-05,0.0008280848276188935,1.318950509629379e-06,0.8068796831146972,3.487723302152637e-05,1.0316882253748649e-05,9.780497316704154e-07,0.01924478854503233,0.0074351697404490815,7.633585776805883e-06,3.73305578897302e-05,3.1033465325519222e-06,0.0013266008048789415,0.020806116852908,7.205656648246861e-06,0.001381071525693473,2.3185925345812303e-05
1,4.037338314080402e-05,1.6777576409446982e-07,0.00175887757227956,2.9482557706543694e-05,0.0004342658200623262,0.006002642567307517,0.11559067435363587,0.0005853109513359907,4.61493152677274e-05,0.0007082746666756357,1.3686047578351822e-06,0.8276668535069561,2.3945131790449066e-05,1.2265720452104969e-05,1.3411487817300844e-06,0.01355218512125571,0.007067711201194216,5.013236170477315e-06,4.7355747779516296e-05,2.339290024354663e-06,0.0013585265711785566,0.02366426065212364,6.398111269967378e-06,0.0013604465922941228,3.377040079505672e-05
2,2.8882414039414898e-05,1.695815451902616e-07,0.0012274977232444545,2.1933093107783536e-05,0.00040527585222428574,0.003613999351050922,0.08492013164374047,0.0004922604958038039,3.549808091399994e-05,0.0005736133473192076,2.0168435905569024e-06,0.8773914640387065,1.5739936760446993e-05,1.8289183896681558e-05,2.1664159507901756e-06,0.0063566138697785084,0.0050095219539645994,4.9756774441449955e-06,2.443367325822052e-05,2.7446839964855757e-06,0.001218869060872711,0.017649705086789882,6.870625279596203e-06,0.0009303409726350981,4.698639408615633e-05
3,3.0500174003016175e-05,1.470320632008974e-07,0.0011391697739491394,2.399012419871675e-05,0.00031608986567863444,0.004516639046084314,0.11114295992488435,0.00043070003864697733,2.81372184179825e-05,0.0004906687991388147,1.234763281153688e-06,0.8420305101950768,1.7288670553233194e-05,1.4585728413398257e-05,1.3254072517412853e-06,0.009252125081657868,0.00642058862057845,5.156851623567125e-06,2.9518278442860028e-05,2.0699695441626716e-06,0.001240421776893814,0.021532650167583666,6.322705709269964e-06,0.0012902174622166425,3.698232410844738e-05
4,3.3344942589092477e-05,1.468489142421445e-07,0.0011756856726690462,2.4601429983694944e-05,0.00032917486137204883,0.004609194761726942,0.11511734031593548,0.00044388141160780787,2.7471645080996797e-05,0.0005114897799973803,1.2459245949168205e-06,0.8378031147060889,2.0102843744522317e-05,1.6079386887543744e-05,1.3137796161035762e-06,0.009940365138055431,0.006662647533351006,5.613260597363208e-06,3.2542819533356455e-05,2.2214684351153483e-06,0.0012328727008555276,0.020533608273552693,6.487132941696045e-06,0.0014327198863840183,3.673347548497359e-05
5,3.312610612626201e-05,1.7505697125192086e-07,0.0010578677140896705,3.0800334211459495e-05,0.0003140400706212746,0.005314194478272982,0.11086406556983383,0.00047290795215979334,2.961187795589669e-05,0.0004927033618718678,1.3786675676920609e-06,0.8375433353031936,1.955891465587137e-05,1.5492292099516036e-05,1.4739801325221417e-06,0.010601293022771187,0.006805251340412791,7.2486033267744455e-06,3.258212074638891e-05,2.4147501301208173e-06,0.0013486206124079124,0.02359194052036033,7.444521453770802e-06,0.0013748983077202287,3.7574520906993216e-05
6,3.0500174003016175e-05,1.470320632008974e-07,0.0011391697739491394,2.399012419871675e-05,0.00031608986567863444,0.004516639046084314,0.11114295992488435,0.00043070003864697733,2.81372184179825e-05,0.0004906687991388147,1.234763281153688e-06,0.8420305101950768,1.7288670553233194e-05,1.4585728413398257e-05,1.3254072517412853e-06,0.009252125081657868,0.00642058862057845,5.156851623567125e-06,2.9518278442860028e-05,2.0699695441626716e-06,0.001240421776893814,0.021532650167583666,6.322705709269964e-06,0.0012902174622166425,3.698232410844738e-05
7,7.05729074847439e-05,1.2533341735593622e-07,0.0017290213932839612,3.4149289979809704e-05,0.0004231833253521883,0.003089190382927665,0.1479433268622145,0.0007501893753938986,3.4571336304910784e-05,0.0010194031208074752,1.9971443801819735e-06,0.8020417743978748,3.552987716059911e-05,1.630216113438475e-05,1.0580033753436473e-06,0.009777024912967525,0.0075312515598582475,3.7782758887185297e-06,4.470583427457579e-05,2.4376280889128317e-06,0.000590629312851814,0.023494908774925945,3.516060317261513e-06,0.0013231502868739625,3.8202442861253824e-05
8,3.079894083863565e-05,9.197876075037586e-08,0.0013060123816511376,1.8138055778523983e-05,0.00025033205241823927,0.002535058744350812,0.09962052674005123,0.0003162017476762152,1.92983836729429e-05,0.0006160261472070134,1.1069971233047457e-06,0.865904202406946,1.5949633573364806e-05,1.8982186726998507e-05,1.0079059926303226e-06,0.005846997572843324,0.005847161782918713,2.5986033881334263e-06,1.9417284848462987e-05,1.9087204728702935e-06,0.0009948189673390402,0.01511764156030255,5.818781753321121e-06,0.0014663810748761798,4.352134848969371e-05
9,3.157268477938724e-05,1.4170656169526239e-07,0.0010673777572831728,2.152705658538574e-05,0.00027176793902664026,0.0030441978275069304,0.09208561514636789,0.0003663814922388002,2.419981384274336e-05,0.0006175301023433926,1.4947171936935583e-06,0.8700555101105535,1.3808335028048383e-05,2.0794140140972345e-05,1.6138528063067109e-06,0.0054087638550722695,0.005754755139013928,3.7530250071561845e-06,2.1402428890030837e-05,2.009539877104696e-06,0.0010714559088717667,0.0187252490565581,7.24031469883762e-06,0.0013264766481031224,5.536140164942564e-05
10,3.0500174003016175e-05,1.470320632008974e-07,0.0011391697739491394,2.399012419871675e-05,0.00031608986567863444,0.004516639046084314,0.11114295992488435,0.00043070003864697733,2.81372184179825e-05,0.0004906687991388147,1.234763281153688e-06,0.8420305101950768,1.7288670553233194e-05,1.4585728413398257e-05,1.3254072517412853e-06,0.009252125081657868,0.00642058862057845,5.156851623567125e-06,2.9518278442860028e-05,2.0699695441626716e-06,0.001240421776893814,0.021532650167583666,6.322705709269964e-06,0.0012902174622166425,3.698232410844738e-05
11,3.152363440841526e-05,1.369342386010838e-07,0.0011505142472335137,2.3678624432895486e-05,0.00030792258741571456,0.0045419391863337774,0.11322227619826934,0.0004563684563474222,2.7710485491425386e-05,0.0005225702808684574,1.1852822271570788e-06,0.8396220912827038,1.9722497605652886e-05,1.4225576046830394e-05,1.2474902294912327e-06,0.009754979750761752,0.006585196791571434,5.290002125867149e-06,3.1136318456277836e-05,2.1083227406264686e-06,0.0011864845403334252,0.021075804890289714,6.043942169871814e-06,0.0013755613893799861,3.428128831833638e-05
12,2.5205543767877656e-05,1.2568489244162255e-07,0.000903793157318364,1.818191669530913e-05,0.0007045690033140427,0.005355989606469318,0.1701860418438596,0.00015504005581747698,2.472517661000646e-05,0.00032343600921964634,1.1431271697023833e-06,0.793542094508311,1.4091433356071459e-05,4.1083618689880475e-05,1.2275705597462885e-06,0.00777124346235847,0.006724701001092019,8.885573009204781e-06,1.93313461203594e-05,3.6863605948507078e-06,0.002058295375729277,0.010005596300013637,1.8587313814640706e-05,0.0020209904507380353,7.193456047896666e-05
13,2.4507391068565346e-05,8.108350227176522e-08,0.0010609787410576106,1.8887395534401256e-05,0.00022106236966146645,0.0017020039720255882,0.06728361013830549,0.00038014423160641624,1.7040985183573335e-05,0.00038361466905754727,2.088461107715456e-06,0.9065316800370927,1.3841852917414623e-05,1.952299797470913e-05,1.5726749189284295e-06,0.005628159979234296,0.0038486546848377776,3.842170098074028e-06,1.27023741114438e-05,2.3581143767539372e-06,0.0010153043726086027,0.011137642891123765,5.114582169750541e-06,0.0006579876368170671,2.7596193607933174e-05
14,2.8450971680203682e-05,1.117483514001038e-07,0.0010155134368163344,2.0667733231255725e-05,0.0002671057267803011,0.003938692549408154,0.11136717097962927,0.000396912169821534,2.4622929720553534e-05,0.0004704365472973952,1.0374563392825212e-06,0.845701457161828,1.5458309285284226e-05,1.378973782793668e-05,1.1261506620525682e-06,0.008379331231460868,0.006254329514304274,4.340177738382935e-06,2.4526763714916816e-05,1.7920089731722727e-06,0.001154132795036301,0.019603069387049005,5.721912161762873e-06,0.0012758606766791086,3.434192420321275e-05
15,3.0500174003016175e-05,1.470320632008974e-07,0.0011391697739491394,2.399012419871675e-05,0.00031608986567863444,0.004516639046084314,0.11114295992488435,0.00043070003864697733,2.81372184179825e-05,0.0004906687991388147,1.234763281153688e-06,0.8420305101950768,1.7288670553233194e-05,1.4585728413398257e-05,1.3254072517412853e-06,0.009252125081657868,0.00642058862057845,5.156851623567125e-06,2.9518278442860028e-05,2.0699695441626716e-06,0.001240421776893814,0.021532650167583666,6.322705709269964e-06,0.0012902174622166425,3.698232410844738e-05
16,6.59990802302001e-05,4.835039446246883e-07,0.0015641853916079176,3.950683394908789e-05,0.0008206451305571397,0.008454257424858282,0.14071305180087612,0.0007993922261586589,0.00010661453976744167,0.0015435691819736985,1.8259395612814887e-06,0.7692929755956829,1.991607057603478e-05,1.3185481191913574e-05,2.0946579711151606e-06,0.00704463042586639,0.011223313782741955,4.1929072909321836e-06,7.788084362374133e-05,1.9829793662329927e-06,0.0009376226551487632,0.05544723967264976,7.436816351899445e-06,0.0016886547906152822,0.00012934226743855596
17,3.8430958019651487e-05,6.893195867589735e-07,0.002168747211180543,4.4232933470129705e-05,0.0005797302392801332,0.029446591833729118,0.09371641315083139,0.0010339460910442468,8.275752099187495e-05,0.0016259662020931373,1.567028247223475e-06,0.7695947155770443,3.91279447515493e-05,9.572328844146931e-06,3.6916646960642182e-06,0.02639668543671927,0.011882382587438943,1.7561573377402564e-05,0.00022151614038144862,3.873696338045898e-06,0.002651992181090071,0.057297177029710405,1.2608706451824443e-05,0.0030873260009877117,4.269664369472077e-05
18,3.153752554454073e-05,1.505714808979926e-07,0.0011218308064715739,2.3887064908528076e-05,0.0003210543867429224,0.004487568128250993,0.11440674339674384,0.00042228292256392023,2.8396869320027656e-05,0.0004943885955133311,1.2515824447289833e-06,0.8379854098563532,1.698796010344121e-05,1.5068452686182133e-05,1.3328326956054544e-06,0.008966464280944832,0.006779171856478436,5.211817631717539e-06,2.9897511361074807e-05,2.060270461066381e-06,0.001236760150119495,0.02225180428468993,6.4948969827975185e-06,0.0013245184214552316,3.972555805186357e-05
19,0.0005926015108833044,0.00013235715683761277,0.0029510007396869632,0.00022757055729807237,0.005855888886815295,0.014629892276308494,0.029595949666569095,0.0002875782262834059,8.518030689876676e-05,3.360275804587179e-05,0.00013561226354411615,0.6472915632103886,1.2819381682858178e-05,0.007122160924464741,0.0007119422792597966,0.05901638714421236,0.03927214459466975,0.004828666614382275,0.0016454180295727905,1.9704388179523613e-05,0.14250870033327848,0.03625943001511511,0.0019169902704406412,0.003801976558944661,0.001064861906237463
20,1.4769107548538238e-05,1.9271893135258126e-07,0.0007887541691979133,1.855509153394297e-05,0.0001421736300184966,0.003636029485460155,0.056157471045640665,0.00047304716508824764,2.084080258869601e-05,0.0003016143160700696,1.0720848339962825e-06,0.8995293449628678,9.77413270921386e-06,8.502139511423916e-06,1.975699584502324e-06,0.0062737491016743125,0.0038873494841586446,4.297626376718428e-06,1.8209104997262713e-05,1.3644096935199522e-06,0.0012716634055239117,0.026658356627387143,4.586343056472504e-06,0.0007504652608847657,2.5842084662200428e-05
21,3.30386892752259e-05,1.915020998150231e-07,0.0010772330577372973,1.660052310987853e-05,0.00044739223245772794,0.009549957792407218,0.19076262973828673,0.0006860667453925383,4.2773164940446784e-05,0.0013006768595429639,6.161188485732109e-07,0.7186876101540438,2.5028063589049236e-05,7.5552714698593e-06,1.1089490503659523e-06,0.008384902344047707,0.016024530199646444,5.292006229704622e-06,6.877594092186346e-05,1.6180182266150057e-06,0.0011363256136624686,0.0482919836787249,5.459969956873548e-06,0.0033869379807929573,5.569538553904034e-05
22,3.273368364049043e-05,1.0703456038899867e-07,0.0013806450186696834,3.106448809180877e-05,0.0002899920002582411,0.003553094569580381,0.10481842506455391,0.0004260813188965748,2.524392835676757e-05,0.0005993206770161514,1.9641923820969674e-06,0.8474034075699554,1.9615694768142243e-05,1.4862225488520909e-05,1.2942478865985832e-06,0.009964216573119904,0.008477215145216098,6.139984408700912e-06,2.3669574799355177e-05,3.0443940710024257e-06,0.0015806172127022424,0.02019377593826797,7.827334415112033e-06,0.0011127217149518277,3.292041394279306e-05
23,3.0500174003016175e-05,1.470320632008974e-07,0.0011391697739491394,2.399012419871675e-05,0.00031608986567863444,0.004516639046084314,0.11114295992488435,0.00043070003864697733,2.81372184179825e-05,0.0004906687991388147,1.234763281153688e-06,0.8420305101950768,1.7288670553233194e-05,1.4585728413398257e-05,1.3254072517412853e-06,0.009252125081657868,0.00642058862057845,5.156851623567125e-06,2.9518278442860028e-05,2.0699695441626716e-06,0.001240421776893814,0.021532650167583666,6.322705709269964e-06,0.0012902174622166425,3.698232410844738e-05
24,2.4415207122974393e-05,1.0087353978762644e-07,0.0010813835070975616,1.467760320895147e-05,0.0002319254815064447,0.004651206378350664,0.12509223123204574,0.0004349762371720061,2.5220892895948235e-05,0.0005212892727778072,7.842749072402833e-07,0.8259682672192782,1.476896397804989e-05,1.0166176472917628e-05,1.1430682144733993e-06,0.009401681991033145,0.007053080430675096,3.869884824297978e-06,3.044308929969626e-05,1.4035201975695692e-06,0.0012715468536757218,0.022628273077935808,4.957434790516165e-06,0.0015036535517367043,2.8533777262624495e-05
25,2.820994295404627e-05,5.8732977187619634e-08,0.000926283263598788,2.093646014221105e-05,0.00023135609797337429,0.0017430889074838696,0.10298817231060244,0.0004140150513313773,1.713537700919333e-05,0.0004323721965426594,1.788168165044472e-06,0.8690720496262302,1.6836503131102904e-05,1.6838496397443187e-05,1.0227320453093697e-06,0.006053154922874017,0.004475566285409062,3.696369539345686e-06,1.2023716865804285e-05,2.2640820329440158e-06,0.0007466035211524016,0.012041604730432486,4.032446062419996e-06,0.0007247223003426316,2.616775870479356e-05
26,5.237884172957972e-05,1.7939649705953533e-07,0.001303576623431644,3.2043161149553904e-05,0.0005270921001697258,0.008900260388441225,0.17395660932734341,0.0005037514321659197,5.419048632291714e-05,0.00089172019066306,1.2391101859376482e-06,0.75548511943395,2.794231703665777e-05,1.5756306536735675e-05,1.2464606195255331e-06,0.013563724532549648,0.012348254913103948,9.15747266592107e-06,5.9682116860504694e-05,2.771538730697795e-06,0.0015857824089548058,0.02818374934440807,1.115559564216738e-05,0.0024283751922727637,5.424130856856872e-05
27,3.078104432324537e-05,2.3925995571636243e-07,0.0010309707300008603,2.664480343441294e-05,0.000306349955791535,0.005186897884859226,0.10231379559396168,0.0005357790010066431,3.905942944703081e-05,0.0005126534486533873,1.3584078715948033e-06,0.8416410304420195,1.4329733749949342e-05,1.2290532041965258e-05,1.7633265331797371e-06,0.00815829477063726,0.00618674990851353,4.870484508896972e-06,3.45953216745466e-05,1.7149980014287335e-06,0.0010622910123359514,0.03172377291884428,5.905897293117868e-06,0.0011198864425077605,4.797465203348612e-05
28,3.0500174003016175e-05,1.470320632008974e-07,0.0011391697739491394,2.399012419871675e-05,0.00031608986567863444,0.004516639046084314,0.11114295992488435,0.00043070003864697733,2.81372184179825e-05,0.0004906687991388147,1.234763281153688e-06,0.8420305101950768,1.7288670553233194e-05,1.4585728413398257e-05,1.3254072517412853e-06,0.009252125081657868,0.00642058862057845,5.156851623567125e-06,2.9518278442860028e-05,2.0699695441626716e-06,0.001240421776893814,0.021532650167583666,6.322705709269964e-06,0.0012902174622166425,3.698232410844738e-05
29,3.0500174003016175e-05,1.470320632008974e-07,0.0011391697739491394,2.399012419871675e-05,0.00031608986567863444,0.004516639046084314,0.11114295992488435,0.00043070003864697733,2.81372184179825e-05,0.0004906687991388147,1.234763281153688e-06,0.8420305101950768,1.7288670553233194e-05,1.4585728413398257e-05,1.3254072517412853e-06,0.009252125081657868,0.00642058862057845,5.156851623567125e-06,2.9518278442860028e-05,2.0699695441626716e-06,0.001240421776893814,0.021532650167583666,6.322705709269964e-06,0.0012902174622166425,3.698232410844738e-05
30,3.0500174003016175e-05,1.470320632008974e-07,0.0011391697739491394,2.399012419871675e-05,0.00031608986567863444,0.004516639046084314,0.11114295992488435,0.00043070003864697733,2.81372184179825e-05,0.0004906687991388147,1.234763281153688e-06,0.8420305101950768,1.7288670553233194e-05,1.4585728413398257e-05,1.3254072517412853e-06,0.009252125081657868,0.00642058862057845,5.156851623567125e-06,2.9518278442860028e-05,2.0699695441626716e-06,0.001240421776893814,0.021532650167583666,6.322705709269964e-06,0.0012902174622166425,3.698232410844738e-05
31,3.4141306069309895e-05,1.2107161565460405e-07,0.0012212118440730897,2.227321521037603e-05,0.00022419185231370577,0.002975891296013645,0.079206220185082,0.0006456607589146303,2.166724589699715e-05,0.0004050573948226979,1.1201731285815476e-06,0.8775651944321136,2.3944449600583536e-05,1.1953250670438957e-05,1.141995249526471e-06,0.010598469174912159,0.005478239796183635,4.877295605983156e-06,3.2203762388830225e-05,1.7187359310545116e-06,0.0009506590102595657,0.01950947877374089,3.3720643201389575e-06,0.0010404409253244526,2.0749990558354777e-05
32,3.474556191955203e-05,1.8291893611012056e-07,0.0012492535172764453,2.6006898684052547e-05,0.0003477502360649059,0.005167266576672861,0.11151011552564857,0.0004692709140777331,3.1393702026273894e-05,0.0005255363570065344,1.2882011834424677e-06,0.8360154609722703,1.97276355204691e-05,1.5180072741811535e-05,1.4406587063390912e-06,0.01038386869354724,0.007132808294243076,5.958201671424909e-06,3.845214611543951e-05,2.162351959743457e-06,0.0013000741452988665,0.024220045098136002,6.759093741696757e-06,0.0014556353139857537,3.961691256541737e-05
33,2.501413008742969e-05,1.1205969369815387e-07,0.0011560372372493956,2.159245625006574e-05,0.0003476400496085874,0.0031755476861824376,0.09513212469995234,0.00041058332070450647,3.502544527014948e-05,0.000532179995824994,2.0679906050334612e-06,0.8729712423766169,1.153410030716438e-05,1.6195478204065786e-05,1.8976373333384132e-06,0.005831716316825454,0.004038330873276399,3.6255689754046627e-06,1.5017430005513387e-05,2.4254358765713756e-06,0.0012444500075824503,0.014267425657131023,7.099508494304316e-06,0.000708804933854109,4.230960408881423e-05
34,8.626738615700118e-05,1.893121017966066e-07,0.0018501334922958177,3.5289498523592796e-05,0.0005505339248632476,0.0037534722597963414,0.12297750272532881,0.0006021058829782611,3.840065242576474e-05,0.0006679237292239171,2.2170163918742904e-06,0.8238867889245284,3.0778777198932275e-05,2.521231043965601e-05,1.4852025102978407e-06,0.012040569760167562,0.008895951912050589,6.417037878550978e-06,5.861546940180501e-05,2.6654341845474995e-06,0.0011183494554021806,0.021846440744979344,6.256950762206511e-06,0.0014704586594466635,4.5973480962757714e-05
35,6.825828039612389e-05,3.2464145453969197e-07,0.0012991183802678636,4.19873606928873e-05,0.00037250020275461784,0.0055467680172992225,0.10383348080215564,0.0012588363959899383,8.256053859069525e-05,0.0006566703238927738,1.4772892027961051e-06,0.8100793431537631,2.2784399128307977e-05,7.174421262253556e-06,1.4618296045361595e-06,0.011826170671276833,0.007887299871055914,4.6067122726942756e-06,6.977366179650289e-05,1.2599021867294295e-06,0.000713512107090436,0.055305912412742006,3.1667922403621453e-06,0.0008756959973158426,3.985583556736846e-05
36,1.7008157945452243e-05,6.728637714726568e-08,0.0005508280933368796,1.2628915593288264e-05,0.00011785705212167475,0.0019429980507439896,0.08884788964424553,0.00033065751796650545,1.2576352341822019e-05,0.00023005353292242098,6.717792670345292e-07,0.8767963579809513,9.649480933679412e-06,9.18434415295488e-06,7.438892400829659e-07,0.005340795486264184,0.004938196950523791,2.8638006299209993e-06,1.2076617223519669e-05,9.78835364984128e-07,0.0006840750311153756,0.019336462469808847,2.7708624462583336e-06,0.0007798681369074916,2.2739731575763883e-05
37,4.1583740460839695e-05,8.860932977344087e-08,0.0010351841231332774,1.8684404544296407e-05,0.0002925747723516609,0.003009675141453614,0.1474189347302744,0.00023649635434726105,1.3473511602136441e-05,0.000334814224802551,9.882840793655748e-07,0.8136737802944197,1.9350659723502156e-05,3.303480584060323e-05,9.518384075903613e-07,0.009895631187543684,0.00774246538018015,6.410918583412111e-06,2.5572214255361474e-05,2.137060976833248e-06,0.0014730592055223366,0.012455623099789443,8.532463914579729e-06,0.002223260719088611,3.7692255375065235e-05
38,4.726460532589735e-05,1.7325415733192562e-07,0.0014845382240162768,2.8970204551495796e-05,0.0005123870210124026,0.0028826779953478117,0.10327766308243608,0.00046052527205650887,4.041518027300803e-05,0.0006625603606031275,1.9371130968876034e-06,0.8521200002539436,1.6292351762519336e-05,1.8676998163212284e-05,1.2452399395135464e-06,0.005858663917672914,0.007526085619279289,3.2122787724862607e-06,2.723875809703778e-05,2.312960269772331e-06,0.0008768732682865349,0.02310601615594499,5.455650232272583e-06,0.0009710791234784397,6.773511128048453e-05
39,2.0689737939671322e-05,1.4567239272179322e-07,0.0010948727218970775,2.091594318479974e-05,0.00022903529368028654,0.005441229868955834,0.0859313859487617,0.0004364664830166838,2.482185793096477e-05,0.00036308845799230735,8.051021546690092e-07,0.8630831858929174,1.530102436314176e-05,8.996594875700398e-06,1.1702277234141025e-06,0.010949461362332026,0.005971525900118491,5.008190210542275e-06,2.9115590310140418e-05,1.6754106583039665e-06,0.0015717466234578046,0.023596884338042676,5.445901287658121e-06,0.0011724028257479723,2.4623030047890037e-05
40,3.062007908884052e-05,1.4716505703836363e-07,0.001144893086971832,2.3627290750894873e-05,0.000318954004073271,0.004388885636379411,0.11037016827206345,0.0004242765733056544,2.774255920393579e-05,0.00048135116903787954,1.242088655133208e-06,0.8435105068503369,1.7143787899251032e-05,1.4911226967645868e-05,1.325711796592511e-06,0.009082628610772395,0.006357531993724069,5.076407761396115e-06,2.9214198007519e-05,2.0614292649257203e-06,0.001230661211446465,0.02121558983903637,6.269691665918889e-06,0.0012778841038599878,3.728701287342475e-05
41,5.999902052348472e-05,4.936004977640813e-07,0.002394261619116094,6.541022081019475e-05,0.0009903526748242658,0.00815325618571036,0.0902943542228748,0.001057614875895164,8.801566008454047e-05,0.0007801132631643078,3.6047618127367354e-06,0.8448814839834782,3.90440457628037e-05,2.376631635274163e-05,3.39213374791861e-06,0.02004761296902417,0.00523796592252992,1.1905205106434102e-05,8.28258933674966e-05,4.76197469273697e-06,0.0015675626653181031,0.02303683980301591,9.435877861803778e-06,0.001124004647671523,4.192245675641281e-05
42,4.552764858635272e-05,4.4162569233704485e-08,0.000764540388949839,1.4369226220222062e-05,0.0006072651988924834,0.002330493649353555,0.23651136317607804,0.00016416732850175534,1.6615411661667637e-05,0.0007231485381189214,2.0830565042241594e-06,0.7398405301317883,1.9282594184352612e-05,7.643376464054274e-05,1.272081737728448e-06,0.0043227955838162566,0.005954424215809796,6.364714797023985e-06,1.2425518322520315e-05,4.287111866119657e-06,0.0010483229571962595,0.005215517200304838,1.5415203293096652e-05,0.002223824731129069,7.948640567786979e-05
43,2.171965677993197e-05,1.2772825791858256e-07,0.0012794420649533764,2.5898449893776508e-05,0.00026898390547160957,0.009307974991111322,0.10627520208069839,0.0005880178414007177,3.617155319286693e-05,0.0007773823051856031,7.495852916627594e-07,0.825751555803255,2.1660718398778626e-05,6.025928090069347e-06,1.1350418357832863e-06,0.013775227852249204,0.00838355256183618,5.654188772588273e-06,3.7641350565557636e-05,2.2009394334522527e-06,0.0021252441150467543,0.029662423673596415,6.714411265512853e-06,0.001617359756082316,2.1933497335579828e-05
44,3.0500174003016175e-05,1.470320632008974e-07,0.0011391697739491394,2.399012419871675e-05,0.00031608986567863444,0.004516639046084314,0.11114295992488435,0.00043070003864697733,2.81372184179825e-05,0.0004906687991388147,1.234763281153688e-06,0.8420305101950768,1.7288670553233194e-05,1.4585728413398257e-05,1.3254072517412853e-06,0.009252125081657868,0.00642058862057845,5.156851623567125e-06,2.9518278442860028e-05,2.0699695441626716e-06,0.001240421776893814,0.021532650167583666,6.322705709269964e-06,0.0012902174622166425,3.698232410844738e-05
45,2.0523591775110248e-05,9.371583473644951e-08,0.0008517745476465804,1.7173669817683696e-05,0.0001810486468643043,0.00431045911748755,0.11834682636554558,0.0006506834217827328,2.2163392419930136e-05,0.00045308427855229205,7.271895199706601e-07,0.8359670337491321,1.9412301115492752e-05,8.176082072546412e-06,1.1223239316771005e-06,0.011111860557594097,0.0045887451748734065,4.465893449239354e-06,2.642403292139957e-05,1.3617810337358266e-06,0.0008967310956130715,0.021264051245441402,3.1951991321333443e-06,0.0012360109518585573,1.6851674584758904e-05
46,2.8606081585793694e-05,2.663074852190894e-07,0.001369690182038095,2.3091068051880577e-05,0.0005531831791462935,0.004791606034024797,0.11627023519440123,0.0004939378687724061,4.149670552591418e-05,0.00048359768551275794,2.0078728888372093e-06,0.8441035244615566,1.6753080737397525e-05,2.749644599257415e-05,3.0175554501512577e-06,0.009284633796458787,0.003680048507421233,6.5556019971455456e-06,3.4477307611929515e-05,2.69237079800455e-06,0.0012350815233962305,0.016243958461212592,8.524183559169145e-06,0.0012440355589494788,5.1482965425518086e-05
47,4.254005246728067e-05,9.824736313481728e-08,0.001040682966026996,2.5182128425059453e-05,0.00017963917472621995,0.003955028634725046,0.12125467423006277,0.0004619276152362169,1.856344765260966e-05,0.0003945297868770228,6.237599349038171e-07,0.8201031352838242,2.2293026825238972e-05,8.778778881815227e-06,5.762729561717577e-07,0.013296132727350512,0.008540370699414084,4.121187743500381e-06,3.74575719299148e-05,1.1753500675999422e-06,0.0009386247804881027,0.028090982357719747,3.3907008017752086e-06,0.001558311335762831,2.11598827374012e-05
48,4.597362407097832e-05,1.955524138974255e-07,0.0011905395360486844,2.385553911960367e-05,0.00031649513195537726,0.008519897411139031,0.1487035042061434,0.0005763808289334875,3.1331888939365615e-05,0.0008096526543400933,7.067259395556009e-07,0.763743221325685,2.917878231206556e-05,1.0775831346860072e-05,9.952242380279206e-07,0.013932071088856733,0.01500424044326023,7.402174294655345e-06,8.576124682009969e-05,1.6827618661784378e-06,0.0012510551774846087,0.04254400447088713,5.757749605521276e-06,0.003125832122894833,3.9488501404581156e-05
49,1.8016334452906496e-05,1.4020448629168995e-07,0.001018105117043292,2.0191461232644153e-05,0.0002125109967067972,0.004774252464032324,0.08389324845202267,0.0004152571626019126,2.5107341766115373e-05,0.00040069656928402094,8.026550282322676e-07,0.8678349201185375,1.3169251320488216e-05,7.3247929365726844e-06,1.0461485734626434e-06,0.008047668674631603,0.005168399565957329,3.5012574709756387e-06,2.281605010348698e-05,1.5543313092503582e-06,0.001162072007800874,0.025958457002457313,4.3988742606940314e-06,0.0009697400881244773,2.6603077858706647e-05
50,4.7222185758545396e-05,4.976971486711763e-08,0.0009007810341046775,1.9213811284257415e-05,0.00029361777980622624,0.002533413073034913,0.19793239569199855,0.0004205574338293058,1.9684177019398973e-05,0.0007642908280553666,1.183118400511639e-06,0.7673145635034564,2.3701107816933355e-05,2.0709945692548296e-05,7.423364727056384e-07,0.007377288391094881,0.006800748861770426,3.6523724954770814e-06,2.1902173924203586e-05,1.974312302593071e-06,0.0005739516161802966,0.013231050674220451,4.185746404154032e-06,0.0016570973732245233,3.602268193778004e-05
51,1.8433139112866295e-05,1.2503838524881957e-06,0.0009210128680103012,6.898355766607067e-05,0.00015096104516429423,0.004468508649762679,0.030998941409228854,0.0008949300348621744,4.09548395731158e-05,0.00023125993394811534,2.538291829271555e-06,0.8817231095135019,8.051712746797393e-06,7.582731983712309e-06,4.775117877594895e-06,0.00656483820666392,0.0028515468953904085,5.297367242262231e-06,2.6276249760673996e-05,1.428518149565344e-06,0.0011549951362676192,0.06944790007796658,4.714151602473568e-06,0.00035933872152397545,4.237144631251728e-05
52,3.6983634045757095e-05,1.2389848096077056e-07,0.0010748904718926907,3.50963521335707e-05,0.00033335291742275374,0.007338823285449363,0.09335852461674522,0.0008659980264565078,4.4352693350139704e-05,0.001341078406095007,1.8865109665817353e-06,0.8587471703266891,3.113322446089449e-05,1.2542266781268375e-05,2.056772423426524e-06,0.01112776517313383,0.004649657077533677,7.859205820544685e-06,3.872153433839038e-05,3.6073383501549225e-06,0.0010312741101495485,0.0185676945489316,6.647327025258679e-06,0.001316904632198556,2.585564912512255e-05
53,1.5295961518578162e-05,4.333732495391285e-08,0.000720128462271264,1.713838325171507e-05,0.0002226819424157847,0.0027207830541407536,0.14923028767367724,0.0002256239157852909,1.591549189242111e-05,0.00033776101659252646,1.09470314940748e-06,0.8235997393891805,1.150982715269359e-05,1.4998245787353348e-05,8.397612008872814e-07,0.006742168031394092,0.004161374431779484,4.144828718343601e-06,7.814723237133827e-06,2.381310858938405e-06,0.0011989880250588378,0.009791973986231843,7.288357422495458e-06,0.0009238362507926311,2.6188889164886787e-05
54,2.63838446834667e-05,3.35735318109863e-08,0.0016839056590359602,2.361229370927582e-05,0.00033179910590408224,0.0038301303274130274,0.09733267176118411,0.0003922940286877498,2.0548697183984826e-05,0.0007374638247971413,1.1963846797771168e-06,0.8615897775872876,3.568970839181821e-05,9.641300284824119e-06,5.442811086212039e-07,0.013481049744468315,0.007671314274680244,5.634197802643457e-06,1.9892026157167312e-05,4.178553771171499e-06,0.0016946077949366945,0.00995836561715242,6.065658034855436e-06,0.0011305413660008946,1.2658389112384439e-05
55,1.87434267081301e-05,7.306421985622785e-08,0.0007858950055719187,1.5078671575750001e-05,0.0002080966784029607,0.0031389515009589693,0.09450432732700273,0.0003420049157190838,1.822384374471217e-05,0.0003065604965253269,6.963833217563655e-07,0.872988551704692,1.444045375952275e-05,1.0365975285689753e-05,7.710287872556282e-07,0.007727099058009532,0.004002629459800992,3.550800909990833e-06,1.623445453571928e-05,1.521842926814758e-06,0.0008528563212055402,0.01406760538223147,3.814406452955337e-06,0.0009503832690473189,2.152452860404405e-05
56,3.1093209219284924e-05,1.3914931833628056e-07,0.0011438578427570868,2.4340964027073986e-05,0.0003105723053252731,0.004644163087627834,0.11228861913536752,0.00045390876581187165,2.7900455270078737e-05,0.000512511272256906,1.1924751727630718e-06,0.8406185041494882,1.943234673187565e-05,1.418992089992139e-05,1.2616262900753232e-06,0.009802692176321815,0.006475073363609205,5.3709215953406345e-06,3.0611346283560314e-05,2.1516770933952322e-06,0.0012174046287275835,0.020985073385614655,6.170144048656709e-06,0.0013493601807916195,3.440547035010001e-05
57,0.00012679437799687613,5.427214400928039e-07,0.0006183408821778682,0.00010089041352551123,0.000479065302325537,0.008212483978665993,0.22430451876392163,0.0007475675638180459,5.57118115132822e-05,0.0008353616477627102,5.0407953665742346e-06,0.6956352233256858,2.191940841149894e-05,6.125784387429493e-05,5.043874622032963e-06,0.01206086541572847,0.011311065429581222,2.8237983253041562e-05,6.881420668528401e-05,3.1709168218443694e-06,0.0012343461888194595,0.04153269399860746,2.1626049781926122e-05,0.0023889780862671787,0.00014043901334655467
58,2.9816941713815462e-05,1.3360080519292866e-07,0.0010924308979685822,2.1610028787029606e-05,0.00029878846163435273,0.004941326904285892,0.11621725733179299,0.00042013683233806543,2.55672752198779e-05,0.0005339961976336567,9.848040616203175e-07,0.8354579390059944,1.961840154706365e-05,1.3863291377907156e-05,1.1524295797076043e-06,0.009606043622557837,0.006880293368316248,5.33533690082541e-06,3.2286172447791976e-05,2.022121802903462e-06,0.0012140950676940542,0.02153055177960652,6.151851739941442e-06,0.001614253393488764,3.434488070477354e-05
59,2.8303880256489305e-05,1.293116083375913e-07,0.0011479570250575877,2.149299205830277e-05,0.0002959952776925603,0.004560157131362975,0.11182317150594655,0.00041081168029002805,2.488258514106667e-05,0.0004971581864186946,1.0054251307064666e-06,0.8414798921053696,1.889970317383107e-05,1.3465573008756664e-05,1.1182179182266566e-06,0.009485592385815667,0.006619478826857972,4.961726329837028e-06,2.9709471784572333e-05,2.0393008577453163e-06,0.0012306500191863012,0.02080206333037101,5.886917650803894e-06,0.0014623443752242644,3.283304548804105e-05
60,3.0500174003016175e-05,1.470320632008974e-07,0.0011391697739491394,2.399012419871675e-05,0.00031608986567863444,0.004516639046084314,0.11114295992488435,0.00043070003864697733,2.81372184179825e-05,0.0004906687991388147,1.234763281153688e-06,0.8420305101950768,1.7288670553233194e-05,1.4585728413398257e-05,1.3254072517412853e-06,0.009252125081657868,0.00642058862057845,5.156851623567125e-06,2.9518278442860028e-05,2.0699695441626716e-06,0.001240421776893814,0.021532650167583666,6.322705709269964e-06,0.0012902174622166425,3.698232410844738e-05
61,2.9502501164104194e-05,1.348439053362216e-07,0.001172585567289581,2.1308299829910252e-05,0.0003118115911952416,0.004559523802570922,0.11231280760418491,0.0004052858861704635,2.62342589152153e-05,0.00049912280525471,1.0653953503758862e-06,0.8411658565195265,1.8337877486420874e-05,1.4185355053731398e-05,1.184844649665574e-06,0.009340934928378996,0.0066580557894300105,4.958415416045315e-06,3.043085667222406e-05,2.033358432145297e-06,0.0012550517082392468,0.02068143828721163,6.183856651376066e-06,0.0014468567589700422,3.5108888051578105e-05
62,3.0500174003016175e-05,1.470320632008974e-07,0.0011391697739491394,2.399012419871675e-05,0.00031608986567863444,0.004516639046084314,0.11114295992488435,0.00043070003864697733,2.81372184179825e-05,0.0004906687991388147,1.234763281153688e-06,0.8420305101950768,1.7288670553233194e-05,1.4585728413398257e-05,1.3254072517412853e-06,0.009252125081657868,0.00642058862057845,5.156851623567125e-06,2.9518278442860028e-05,2.0699695441626716e-06,0.001240421776893814,0.021532650167583666,6.322705709269964e-06,0.0012902174622166425,3.698232410844738e-05
63,3.26356292295352e-05,2.0994453890806396e-07,0.0011831154414580706,2.6935282573640477e-05,0.0003396671938631141,0.005289510039451156,0.10827281500350648,0.00047466231409841415,3.326651579957342e-05,0.0004972246747411466,1.3572781653303517e-06,0.8385312137942023,1.753366826207256e-05,1.4869845954672675e-05,1.632569408294439e-06,0.009726518143459515,0.006770125648771085,5.956163930557845e-06,3.6008735581538434e-05,2.1092281659325363e-06,0.0013463774010493608,0.025999426653394126,7.078364782629855e-06,0.0013468534936443004,4.289697196851452e-05
64,2.3985713677096368e-05,1.3468500705192597e-07,0.0011968450442264636,2.120537914882532e-05,0.0002726642879339576,0.0044749680797241415,0.0950090174874563,0.0003712892418477147,2.436264870766482e-05,0.0004137182316954201,1.05242370794763e-06,0.8596591179682976,1.528806063243398e-05,1.247767932031066e-05,1.250452517968176e-06,0.009176917443781872,0.006231395822870801,4.7380626023352e-06,2.4958924347649428e-05,2.01867650804074e-06,0.0016139329539732615,0.020196795228364962,6.672632254838279e-06,0.001213903531481916,3.1289339913137274e-05
65,3.682218321268998e-05,1.1708329548937842e-07,0.0011825196515210213,2.474330599974065e-05,0.00032638598158425485,0.0037993781050193677,0.11627903753265387,0.0005171574950136468,2.9560028251540472e-05,0.0005993649321358279,1.4325499434115175e-06,0.8395914424345038,1.9954693325788212e-05,1.4445622036785517e-05,1.2236848151004281e-06,0.009185690724967867,0.006198237757641045,4.502746055914963e-06,2.9782845887920747e-05,2.0467582662591015e-06,0.0009433856586159808,0.020018806498435862,4.942161904489127e-06,0.001156036864585339,3.2982700327195145e-05
66,2.7718384242931457e-05,1.704931824114876e-07,0.0010350783876119536,2.379603775976024e-05,0.0002766422733225592,0.004534014380055458,0.09945276183295865,0.00043074691287750707,2.7392717454188644e-05,0.0004473118007327441,1.2356045598222077e-06,0.8529519263946158,1.4903875682754002e-05,1.4198463501755205e-05,1.5226174856404707e-06,0.008609483265733152,0.006065379688611749,5.263556687611614e-06,2.84152029149169e-05,1.893780835571809e-06,0.001267969813247048,0.023516132201032876,6.449624797542471e-06,0.0012210719693798802,3.852072071588941e-05
67,2.6436703624079143e-05,1.5306865925427989e-07,0.0010672277708243657,2.2790921970741787e-05,0.00028369119562443037,0.004848514098444864,0.10706041036784814,0.0003849157526337663,2.5779048426629465e-05,0.00044287561890944595,1.1113117566458568e-06,0.8453543983307943,1.5707960338130918e-05,1.4059706954640536e-05,1.331512046539436e-06,0.008984265277147595,0.006532470627838582,5.3520539717751545e-06,2.785276123275179e-05,2.033493124901104e-06,0.0013854033125935538,0.022119645996956518,6.958269114162596e-06,0.0013485321740750748,3.808266508943588e-05
68,0.0001338519200689417,3.4860373227712363e-07,0.002493848982402712,5.216386320813027e-05,0.0008429043595661914,0.004998374260572761,0.18420733032977443,0.0006348037769290702,6.148206958640416e-05,0.0009634752173848728,2.7845750211100663e-06,0.7369408134067857,3.802899866061867e-05,3.565481602221691e-05,1.7043701679200968e-06,0.016894793984246027,0.014704088148140558,7.875792118249804e-06,0.00011388642105096112,2.8941753038781915e-06,0.001136120066282507,0.033212591880641476,9.68704088274942e-06,0.0024262270157178623,8.426592573235342e-05
69,1.5232002165591271e-05,1.2869744749214886e-07,0.0007615323703763709,3.1202318535355025e-05,0.0002234863469921815,0.003418528058321578,0.058657660572285636,0.0004069181217211687,3.807297382919475e-05,0.0004822668522578653,3.882493563976562e-06,0.9061455891280338,8.366432917151028e-06,9.939882553701565e-06,2.83616040281572e-06,0.003921479941794351,0.004324806886956038,6.117507974887009e-06,7.715772735608682e-06,3.6618978592544733e-06,0.0018060236215641711,0.019321100042286102,1.1285090134201761e-05,0.00034906224456241136,4.310458272924423e-05
70,1.4544653673606973e-05,9.51276368066716e-08,0.001190415404764836,3.203739047140365e-05,0.00023908736066395033,0.0055701697765007255,0.09120428949043444,0.0004396196378962619,3.428678099807793e-05,0.00043018006473785527,1.2111189759676244e-06,0.8707002008544242,1.3669135961930827e-05,7.474580237451479e-06,1.1371237845492996e-06,0.011304032943018134,0.0026850725955250274,3.5496373292461783e-06,1.3435740156436621e-05,2.4722302724371574e-06,0.0012935764713530957,0.014177242533904132,5.939878488234122e-06,0.000616738731392702,1.9520737398505043e-05
71,3.32773926004311e-05,6.004071093964584e-08,0.0009002826724748198,1.9428408615731475e-05,0.0003573839984933137,0.004015917167813615,0.21766576980105715,0.00037837865471273006,2.7507662831123687e-05,0.0006780193310977141,9.290208677238708e-07,0.7430164209327644,1.9654683917515504e-05,1.4367654584992035e-05,7.23286573924711e-07,0.008238697039990852,0.006792918323871259,3.815137295556191e-06,2.0800553298465727e-05,2.024535304654395e-06,0.000820969212528389,0.01537210060120172,5.322396423056011e-06,0.0015796004527320923,3.5631038237848846e-05
