,0,1,2,3,4,5,6,7,8,9,10,11,12,13,14,15,16,17,18,19,20,21,22,23,24
0,0.00029300779103118437,1.822340435683869e-06,0.00022357292873644675,2.5662436301550182e-06,1.3383352311307847e-05,9.545675918090995e-11,1.083214210409953e-08,0.0005736114271468861,3.0224001134188703e-07,2.582474644484355e-07,1.1847141568742045e-07,0.9694816333710586,4.963018414292225e-06,3.6164879628269776e-07,5.728038232822009e-09,1.18933934217343e-09,0.029006449092436867,3.8302588252337724e-05,4.47813665692899e-06,8.357440898753642e-08,1.5598717157914776e-06,0.00031061995353481067,1.6397533622445316e-09,1.8152744530674165e-05,2.473347328154343e-05
1,0.00031837471174961303,1.9169736280412696e-06,0.0002541728709072926,2.79405135085725e-06,1.3919502263585057e-05,1.1746975399989948e-10,1.259311944641888e-08,0.0006474298200416798,4.377920041219333e-07,3.1289681465276143e-07,1.227066482283135e-07,0.9713490086285832,4.761634910179418e-06,4.029792806052358e-07,7.085532324343771e-09,1.6029338609957296e-09,0.02698882701048848,3.4883008427498125e-05,6.302219893796677e-06,9.79724288040852e-08,1.8469404598369937e-06,0.0003269108714449753,1.6294025047297858e-09,1.650638458786909e-05,3.094799562865728e-05
2,0.00029769261287067224,1.7022981831042002e-06,0.000178579967401843,2.3937995401011614e-06,1.2450730585527386e-05,9.70093750246294e-11,1.0916454943790931e-08,0.0005541819976631548,2.4174774476549673e-07,2.3991652793652896e-07,1.1617244418527422e-07,0.962900023705958,4.117082624360751e-06,3.581644144637944e-07,7.600811711843803e-09,1.434698466922547e-09,0.03560064366932363,3.647972463273056e-05,4.579468427728495e-06,7.667874859018325e-08,1.7616661431251435e-06,0.0003596692625521057,2.4125899939910244e-09,1.8219117437501055e-05,2.6449755212063473e-05
3,0.000302753967085562,1.866097965645289e-06,0.0002137346446525458,2.616582233650556e-06,1.3139952111358763e-05,8.994019961851264e-11,1.0645212308277486e-08,0.0005836991699514701,2.7925558792584037e-07,2.5091948926939547e-07,1.1873547055162513e-07,0.9664210643402564,4.562233747581486e-06,3.5185921132695617e-07,5.895216574329048e-09,1.1396902549099089e-09,0.03204927498057384,3.9669892463994006e-05,4.456591807609174e-06,7.829039015339458e-08,1.6631106361291783e-06,0.0003147179304463739,1.7465489780413072e-09,1.9068824044237636e-05,2.661310526572353e-05
4,0.00029452979087974264,1.9663553034940215e-06,0.00022932851400364536,2.708004904516465e-06,1.434390125017277e-05,1.0010647701443404e-10,1.1403783605258643e-08,0.0005590909212917622,2.9046161556938545e-07,2.6721787478851027e-07,1.2559327282393143e-07,0.9681904922238164,5.325045335139707e-06,3.9036956435168594e-07,5.954778066710165e-09,1.194918745876815e-09,0.030295179472570797,4.086782304120912e-05,4.287897108395991e-06,8.304517343909982e-08,1.6119819638667723e-06,0.00031396155066324067,1.8240476000023448e-09,1.9928493386360586e-05,2.5200859345748477e-05
5,0.0003023043250974775,1.9440297481747974e-06,0.00021278917341551422,2.8712291288356877e-06,1.362794926817657e-05,8.918281922013851e-11,1.0566295774250673e-08,0.000602547893866318,2.633915395543184e-07,2.580478406098405e-07,1.2131436398512003e-07,0.9644717590019315,4.7708150199394956e-06,3.527203259917671e-07,5.581503696835832e-09,1.0638188811658076e-09,0.03398283540111376,4.440614531301538e-05,4.171728199998758e-06,7.86957741293824e-08,1.7124702093959906e-06,0.0003049107334298518,1.8297696833067935e-09,2.0805257304972804e-05,2.7450546537981714e-05
6,0.000302753967085562,1.866097965645289e-06,0.0002137346446525458,2.616582233650556e-06,1.3139952111358763e-05,8.994019961851264e-11,1.0645212308277486e-08,0.0005836991699514701,2.7925558792584037e-07,2.5091948926939547e-07,1.1873547055162513e-07,0.9664210643402564,4.562233747581486e-06,3.5185921132695617e-07,5.895216574329048e-09,1.1396902549099089e-09,0.03204927498057384,3.9669892463994006e-05,4.456591807609174e-06,7.829039015339458e-08,1.6631106361291783e-06,0.0003147179304463739,1.7465489780413072e-09,1.9068824044237636e-05,2.661310526572353e-05
7,0.0003421779017288022,2.7740842141308115e-06,0.0003316626527840533,3.4720945096236454e-06,1.4042128508341208e-05,9.457881397706799e-11,1.7238307423440152e-08,0.0007065443397530881,4.257254445993474e-07,3.229373763309966e-07,1.7877056892012189e-07,0.9662097744424356,9.37190275121978e-06,3.8283193597862854e-07,5.638012051280558e-09,1.0081441135074554e-09,0.031983011563057155,5.20031197473516e-05,4.201076272687963e-06,1.2088515185452461e-07,1.432054038485103e-06,0.00028014275441508063,1.499178287309594e-09,3.123295827410541e-05,2.6700298812302666e-05
8,0.0003460199155878042,2.1833943984343402e-06,0.0002714890015521159,3.4692387171948433e-06,1.4824667482189694e-05,7.601206386671072e-11,1.3261893440273759e-08,0.0007200119591508652,2.9166743298923286e-07,2.8084965155840984e-07,1.112963018875995e-07,0.9561600723725128,5.607256904331707e-06,4.150473373184977e-07,6.871011971964876e-09,1.2531282650106123e-09,0.04208580136717058,3.858492773383406e-05,4.651217787474412e-06,8.326451298104023e-08,1.799129602234925e-06,0.00028145505994425297,2.194039325296054e-09,2.7722146390436316e-05,3.5102563743449577e-05
9,0.00035941758455184996,3.0231637305242927e-06,0.0003765041171527362,4.150947054143214e-06,1.7862494924318067e-05,7.763401896439454e-11,1.5789067797655553e-08,0.0008216361664426522,4.178835024539966e-07,3.407285000745086e-07,1.3836569500482567e-07,0.9552816038405847,9.074959059192995e-06,4.302677533538545e-07,6.741051025851963e-09,1.0439744245785379e-09,0.04274000046672517,4.634270969848159e-05,4.524333675638021e-06,9.935838326928884e-08,1.6967482373492486e-06,0.0002557751446680839,1.7792641740953051e-09,4.050020362912556e-05,3.643508504036929e-05
10,0.000302753967085562,1.866097965645289e-06,0.0002137346446525458,2.616582233650556e-06,1.3139952111358763e-05,8.994019961851264e-11,1.0645212308277486e-08,0.0005836991699514701,2.7925558792584037e-07,2.5091948926939547e-07,1.1873547055162513e-07,0.9664210643402564,4.562233747581486e-06,3.5185921132695617e-07,5.895216574329048e-09,1.1396902549099089e-09,0.03204927498057384,3.9669892463994006e-05,4.456591807609174e-06,7.829039015339458e-08,1.6631106361291783e-06,0.0003147179304463739,1.7465489780413072e-09,1.9068824044237636e-05,2.661310526572353e-05
11,0.00030404552729280346,1.9119220733702514e-06,0.00022061736686930332,2.6789167992386604e-06,1.3277243880769378e-05,9.150361905792619e-11,1.1132536447228134e-08,0.0005827852711175703,2.8186413024511975e-07,2.5491484728686306e-07,1.2291741640456103e-07,0.9666975353694126,4.918555569602912e-06,3.6117510916473123e-07,5.815549756964227e-09,1.1375166124945987e-09,0.03176694982005293,4.1066777582972264e-05,4.316785489885316e-06,8.135655211506227e-08,1.6267328371703176e-06,0.0003110558166308023,1.7720374000307647e-09,1.9937438070942096e-05,2.615427912111378e-05
12,0.000382728322430662,2.60380315472022e-06,0.0003681230969439293,3.822581617278267e-06,1.3687009457586479e-05,1.019789144258555e-10,1.8179869143103675e-08,0.001021723290310088,8.664187318795856e-07,3.6831136922272544e-07,1.6800530116042254e-07,0.9675950249450066,6.326950572905132e-06,3.646269453343331e-07,9.009655289062047e-09,1.4030072010816038e-09,0.030203749761356907,3.364585100268655e-05,8.708025370570227e-06,1.3282189761758948e-07,2.0555577757116645e-06,0.0002894244666744736,1.251860004045096e-09,2.291336228793199e-05,4.3532845422436236e-05
13,0.0002967515496559167,1.7629521978766825e-06,0.0002066966627685775,2.482589349709423e-06,1.2522290942089918e-05,8.628446113842888e-11,1.0273420499960852e-08,0.0005563254673384119,2.6556555812961954e-07,2.3285458509767654e-07,1.17216701611884e-07,0.9675830387502377,4.3253904091045e-06,3.4251544370783707e-07,5.723103431889619e-09,1.100657480712941e-09,0.03094116502341971,3.798997937170255e-05,4.273413509137228e-06,7.509780385943024e-08,1.6145317422741885e-06,0.00030639485055390745,1.700658203387038e-09,1.8027768052075856e-05,2.5576646235361004e-05
14,0.00030403169509286376,1.993874908961614e-06,0.0002219173387960643,2.7153121424075277e-06,1.3860301997417253e-05,9.324582715497224e-11,1.0906126194006943e-08,0.0006023182819331899,2.949196398507304e-07,2.6614343982027084e-07,1.2258207258450644e-07,0.9657395386236457,4.85304000827361e-06,3.6016140896504517e-07,6.030016015185676e-09,1.1465246628309768e-09,0.03269243526467382,4.093655291440305e-05,4.589096364781036e-06,8.068395463107417e-08,1.690321680323662e-06,0.0003208919552960674,1.7519307394993927e-09,2.0016613828648896e-05,2.706730835795898e-05
15,0.000302753967085562,1.866097965645289e-06,0.0002137346446525458,2.616582233650556e-06,1.3139952111358763e-05,8.994019961851264e-11,1.0645212308277486e-08,0.0005836991699514701,2.7925558792584037e-07,2.5091948926939547e-07,1.1873547055162513e-07,0.9664210643402564,4.562233747581486e-06,3.5185921132695617e-07,5.895216574329048e-09,1.1396902549099089e-09,0.03204927498057384,3.9669892463994006e-05,4.456591807609174e-06,7.829039015339458e-08,1.6631106361291783e-06,0.0003147179304463739,1.7465489780413072e-09,1.9068824044237636e-05,2.661310526572353e-05
16,0.0003027901564953056,1.8974606354926192e-06,0.00021764420395835676,2.6439339395168724e-06,1.3496016154350328e-05,8.954560769992108e-11,1.0706892336237495e-08,0.0005885676824030668,2.851918356419166e-07,2.505683775512172e-07,1.1982156084820346e-07,0.9662951308071287,4.700945893731289e-06,3.5665607977777105e-07,6.024195161549244e-09,1.1315380033328232e-09,0.03216619830273807,3.906489967080908e-05,4.488153444327168e-06,7.827785413670391e-08,1.6401643438196885e-06,0.0003144626832193233,1.7466042809249897e-09,1.944077121857064e-05,2.6723604273152473e-05
17,0.00027916883045127984,1.4275568557756736e-06,0.0001924774952251578,2.6395475606080786e-06,1.1267255688231281e-05,7.96456207925844e-11,9.895856989615252e-09,0.0004896466789643431,1.9698931207942558e-07,1.9777674377106074e-07,1.0823224780053012e-07,0.9714211774410786,4.055971820901614e-06,3.673278427209714e-07,4.336510890484893e-09,1.003065581181146e-09,0.027258457431042996,3.993177586656794e-05,3.218443135756931e-06,7.222270842101071e-08,1.4800820085096394e-06,0.0002536473622879612,1.8403617117931233e-09,1.6365633899891206e-05,2.4078789818060274e-05
18,0.0003122561807553699,1.4081906773817758e-06,0.0001571123760915085,2.0021184319801496e-06,8.442157355615947e-06,5.5387179518078665e-11,8.738371065547305e-09,0.00047655799913943797,1.507030348435585e-07,1.7271515668650875e-07,9.42396339421559e-08,0.9601624718621291,3.311036926277795e-06,2.471179821922364e-07,4.24791962796266e-09,8.23737657008693e-10,0.03849557495756069,4.450165309338998e-05,2.864656206489604e-06,5.7807693605390933e-08,1.4413270794779425e-06,0.00028804736093807537,1.6730373863680412e-09,1.990216299259272e-05,2.3367838668544505e-05
19,0.0002510137296887176,1.8730820711639026e-06,0.00024548105523076823,2.6877365387676646e-06,1.5374775820402254e-05,9.74513663519833e-11,9.919766494297388e-09,0.0005458709858689635,3.0376512252824406e-07,2.6747491314828575e-07,1.1575498386332179e-07,0.9717390725567694,5.576831775482079e-06,3.8707709476210677e-07,5.111762195758944e-09,1.0445895845274564e-09,0.026809620603729052,3.7624135901444054e-05,3.829665079861899e-06,8.42198373848442e-08,1.4191866680137014e-06,0.0002989612729025891,1.4738978883521716e-09,1.8070476867709876e-05,2.2347965668463885e-05
20,0.0003711491857182292,1.6993114879183913e-06,0.0002633359571719507,3.1353718400890266e-06,1.1873163361875066e-05,9.715656056198687e-11,1.3021625844576038e-08,0.00043004425842815293,2.925443689297417e-07,2.421953708158862e-07,1.251219528361449e-07,0.9770911090179459,5.3611237561626485e-06,4.2528450174056067e-07,4.377400343684933e-09,1.2276709629118173e-09,0.02154919315332724,4.097988020352076e-05,4.1289112822121e-06,7.80853425815277e-08,1.473144280043871e-06,0.000173654926785711,1.517956382359528e-09,1.7607911964462408e-05,3.407120909928328e-05
21,0.0002890096359654615,1.665980542704435e-06,0.0002071304145594819,2.4893980109267972e-06,1.221071942940048e-05,8.91048363937438e-11,1.0389305590730615e-08,0.0005209662385892254,2.5481190619279864e-07,2.3621301762530355e-07,1.1241710162104815e-07,0.9700765613111793,4.465171494478209e-06,3.5188948559881184e-07,5.3058715341042795e-09,1.1414512294449836e-09,0.028513475865295318,3.813990309429492e-05,4.027616202371652e-06,7.644060930191121e-08,1.5530258292749687e-06,0.00028521044879305777,1.6933765156055662e-09,1.7248864010771008e-05,2.4795015773957006e-05
22,0.00028986792584015006,1.4011569976369703e-06,0.00017885623129022956,2.0815881040654097e-06,1.0001556442843916e-05,8.500194825020734e-11,9.182126189834339e-09,0.0004665482277133041,1.9340095518024024e-07,1.93047959700676e-07,1.1208007556680932e-07,0.9695279948922547,3.163187952887229e-06,3.116761325353865e-07,4.7320033544067535e-09,1.0989554694678317e-09,0.02912129880363424,4.1491764854979034e-05,3.455947770764931e-06,7.18794578747681e-08,1.6908889443943043e-06,0.00031436911030794474,1.7028363457819175e-09,1.4927524910435069e-05,2.195230747734457e-05
23,0.000302753967085562,1.866097965645289e-06,0.0002137346446525458,2.616582233650556e-06,1.3139952111358763e-05,8.994019961851264e-11,1.0645212308277486e-08,0.0005836991699514701,2.7925558792584037e-07,2.5091948926939547e-07,1.1873547055162513e-07,0.9664210643402564,4.562233747581486e-06,3.5185921132695617e-07,5.895216574329048e-09,1.1396902549099089e-09,0.03204927498057384,3.9669892463994006e-05,4.456591807609174e-06,7.829039015339458e-08,1.6631106361291783e-06,0.0003147179304463739,1.7465489780413072e-09,1.9068824044237636e-05,2.661310526572353e-05
24,0.00028138991804206717,2.1699144107036296e-06,0.00023635646123798648,3.1047792045326785e-06,1.6270975793587224e-05,1.0605481130548306e-10,1.106178263110369e-08,0.0005829477560786698,2.920605719521362e-07,3.0072396033834903e-07,1.2543426744078094e-07,0.9684326816755797,5.658713568034715e-06,4.218119573426137e-07,5.487350401691651e-09,1.1485112888738486e-09,0.030037220518133113,4.39012193003464e-05,4.407763357242005e-06,8.442659840257893e-08,1.65643088422247e-06,0.0003040571383370468,1.8265091039761659e-09,2.0117456150986934e-05,2.6815192357825262e-05
25,0.00029665456322411934,1.3389485195156223e-06,0.0001825291576206132,2.4192451155479277e-06,8.767266133350244e-06,6.049255785673899e-11,1.0875765322883027e-08,0.0006029429987655066,1.9003506486416306e-07,1.756083107671623e-07,1.1461135724703738e-07,0.9688202188251012,3.861589823798629e-06,2.791525832795559e-07,4.02018533614879e-09,8.900653297493873e-10,0.029738664574508182,3.931607709273009e-05,3.353794983461023e-06,7.984027536634073e-08,1.4483037617895577e-06,0.0002596753090450724,1.5899141789988618e-09,1.7308383980507635e-05,2.0644278310268397e-05
26,0.00037129498256785785,2.046305092070117e-06,0.00022002289519175569,2.638142557117273e-06,1.1109187016209005e-05,6.608953849742907e-11,1.1335967223145208e-08,0.0006601773799861446,2.4718989657080446e-07,2.2855888024161254e-07,1.2963135702840253e-07,0.9524626206410217,5.318550414845808e-06,2.667410379290833e-07,5.209447439992283e-09,8.147627277884873e-10,0.04582789846767338,5.6699014553647906e-05,3.329584884245354e-06,7.623620946688169e-08,1.6037785709601415e-06,0.000318213762136429,1.6773885299507205e-09,3.103423134698836e-05,2.5025615949723523e-05
27,0.00031881401482133286,1.9453104506412114e-06,0.0002214150891228408,2.7372256820126128e-06,1.343232340288658e-05,1.0911874281574036e-10,1.135310256447928e-08,0.0006854123846046093,3.665926348624278e-07,2.898143076410799e-07,1.2781984133183765e-07,0.9644454063851197,4.248512014019476e-06,3.519494299811665e-07,7.376485028996706e-09,1.3641973585232176e-09,0.0338192456638415,4.1237973260722264e-05,5.425113433886554e-06,9.332956923927226e-08,1.9166934105471437e-06,0.0003883773304168306,1.812549812274359e-09,1.8803154073065225e-05,3.0331305108826484e-05
28,0.000302753967085562,1.866097965645289e-06,0.0002137346446525458,2.616582233650556e-06,1.3139952111358763e-05,8.994019961851264e-11,1.0645212308277486e-08,0.0005836991699514701,2.7925558792584037e-07,2.5091948926939547e-07,1.1873547055162513e-07,0.9664210643402564,4.562233747581486e-06,3.5185921132695617e-07,5.895216574329048e-09,1.1396902549099089e-09,0.03204927498057384,3.9669892463994006e-05,4.456591807609174e-06,7.829039015339458e-08,1.6631106361291783e-06,0.0003147179304463739,1.7465489780413072e-09,1.9068824044237636e-05,2.661310526572353e-05
29,0.000302753967085562,1.866097965645289e-06,0.0002137346446525458,2.616582233650556e-06,1.3139952111358763e-05,8.994019961851264e-11,1.0645212308277486e-08,0.0005836991699514701,2.7925558792584037e-07,2.5091948926939547e-07,1.1873547055162513e-07,0.9664210643402564,4.562233747581486e-06,3.5185921132695617e-07,5.895216574329048e-09,1.1396902549099089e-09,0.03204927498057384,3.9669892463994006e-05,4.456591807609174e-06,7.829039015339458e-08,1.6631106361291783e-06,0.0003147179304463739,1.7465489780413072e-09,1.9068824044237636e-05,2.661310526572353e-05
30,0.000302753967085562,1.866097965645289e-06,0.0002137346446525458,2.616582233650556e-06,1.3139952111358763e-05,8.994019961851264e-11,1.0645212308277486e-08,0.0005836991699514701,2.7925558792584037e-07,2.5091948926939547e-07,1.1873547055162513e-07,0.9664210643402564,4.562233747581486e-06,3.5185921132695617e-07,5.895216574329048e-09,1.1396902549099089e-09,0.03204927498057384,3.9669892463994006e-05,4.456591807609174e-06,7.829039015339458e-08,1.6631106361291783e-06,0.0003147179304463739,1.7465489780413072e-09,1.9068824044237636e-05,2.661310526572353e-05
31,0.0003111930666502503,2.2650364354693846e-06,0.0002627509226610775,3.1242315135803734e-06,1.556993443200463e-05,7.650379838090402e-11,1.0927301128368314e-08,0.0007219235849720499,2.9326717739270735e-07,2.8469938105573777e-07,1.1019138388367048e-07,0.9624605292743679,6.169130034587565e-06,3.72407500520536e-07,4.907567710169848e-09,9.687995334550596e-10,0.03581800281746477,4.602650440753924e-05,4.242634292956556e-06,8.45285192544262e-08,1.5407941798123038e-06,0.0002920920496089683,1.601936142748045e-09,2.6189088837525684e-05,2.7217354071056285e-05
32,0.000310756259648806,1.8792444550875313e-06,0.00021214912424862158,2.592044721941644e-06,1.31107607768291e-05,9.406294189710313e-11,1.0914870419611412e-08,0.0006014713930468001,2.9529126785694263e-07,2.5829872967583676e-07,1.198399628600571e-07,0.9660781344250379,4.4141937617709615e-06,3.5409401778105403e-07,6.3170791432342085e-09,1.2302430257422284e-09,0.03235132372398411,3.910229173407845e-05,4.860285713296256e-06,8.021552668410834e-08,1.7396986693469703e-06,0.000331168873043691,1.7923534767364208e-09,1.8654216744796473e-05,2.7515376299202837e-05
33,0.00029113315386625725,1.9899445995204635e-06,0.00018993442473588367,2.3482448411433304e-06,1.4261704442900437e-05,8.699904958321647e-11,1.0059352367280127e-08,0.0005595075616088657,2.1347219791970064e-07,2.465243334246001e-07,1.1408973113687276e-07,0.962564723346199,4.982105754276377e-06,3.6096023414056594e-07,5.502240092773207e-09,1.0958711027199481e-09,0.03589521660011118,4.316409250269033e-05,4.115467535793189e-06,7.312271292523225e-08,1.4795764711617954e-06,0.0003845069464243761,1.9826409073233004e-09,2.051364704808592e-05,2.109628754555616e-05
34,0.00036509800009594106,2.181853622873774e-06,0.0002911060556858354,2.962829852338432e-06,1.4153833763584717e-05,1.1727573558895454e-10,1.4574523054823825e-08,0.0007057921852962243,5.563691855577549e-07,3.255415520221763e-07,1.3998638304399768e-07,0.9711249371535207,5.313450228680845e-06,4.0774348198842355e-07,7.581926909602236e-09,1.523753716039168e-09,0.02706179330442256,3.678691332338839e-05,6.991690397222088e-06,1.0281817151121854e-07,1.8736103631847863e-06,0.0003256193553292863,1.4825486557526292e-09,1.9089273230640024e-05,3.474275206548547e-05
35,0.00016756013399014426,1.8875156482299569e-06,0.00022332338415323745,2.0556900455096803e-06,2.682097939624604e-05,1.372310351722669e-10,9.572013701746085e-09,0.00024934053110242443,1.49594626260834e-07,1.9378418236152383e-07,1.263510115142287e-07,0.973559998573923,6.573365555700915e-06,7.97458590794054e-07,1.183518122052387e-08,2.063289764711737e-09,0.025422058519233293,1.8406094034843727e-05,3.275415799453258e-06,5.596040947032182e-08,1.4194373680777292e-06,0.00028513821199138733,4.243761275976583e-09,1.5069545736186892e-05,1.5721601724721188e-05
36,0.0005119709202095708,6.506611446886221e-06,0.00038621130375110594,1.0753131744032118e-05,2.1711614038169916e-05,7.301341928096395e-10,4.156914809350307e-08,0.0016225008405611882,1.03768306156229e-06,1.5934492967091277e-06,6.093298801311453e-07,0.9648948819814827,7.694697951889154e-06,6.506326569571055e-07,1.2079392184580276e-08,3.848676325444329e-09,0.03142333541685152,0.00024018014208802935,8.669602119471791e-06,4.982156030261056e-07,8.2647642946414e-06,0.000746033527915479,4.425932712707719e-09,4.144679561492011e-05,6.53866861483378e-05
37,0.0002944395633908921,2.00010747170421e-06,0.00021930967794903645,2.841087857326069e-06,1.4385114986378838e-05,9.917796308562075e-11,1.0932558566355277e-08,0.0006409080380383946,3.198061267987783e-07,2.824539224058331e-07,1.229723653854316e-07,0.9649389710383707,4.827450638149609e-06,3.6407315218589594e-07,6.6245098526440355e-09,1.226341174739295e-09,0.03345326215088215,3.9454033017235564e-05,4.926125537484569e-06,8.469985344585553e-08,1.7768438854282458e-06,0.0003338126170697264,1.840356961751523e-09,1.9535763530239463e-05,2.8355659010264025e-05
38,0.00030673883701676653,1.3358869236086502e-06,0.0001717365401702415,1.962194589083543e-06,9.579112572456208e-06,1.1463618957935211e-10,1.177624996477646e-08,0.00041505249703078335,2.336689834361248e-07,2.1387985228112404e-07,1.2108951648546454e-07,0.9750389991481936,3.2753274836069386e-06,3.5841201232741247e-07,6.462711392711263e-09,1.6676626726211388e-09,0.023654292513089446,3.481032016005744e-05,4.566486652107453e-06,7.787690353363427e-08,1.7817358072750951e-06,0.0003190842986249395,2.0350629938303923e-09,1.2413525821187445e-05,2.3344592273701222e-05
39,0.000289463735777655,1.5911438145505712e-06,0.000199063322282287,2.4736750969609974e-06,1.2072377639992632e-05,8.95527237057841e-11,9.827720291006082e-09,0.0005525159951414779,2.6016475007853027e-07,2.3152934890952593e-07,1.0915426318952293e-07,0.9697002089984794,3.8683549021545956e-06,3.421893989430455e-07,5.537281044029752e-09,1.182400906061663e-09,0.028857119985367875,3.6881007927861406e-05,4.364388446784074e-06,7.598242908412557e-08,1.6956417214521751e-06,0.0002955499720116154,1.700466081595045e-09,1.600918895498688e-05,2.6084854823492932e-05
40,0.00030347536085267694,1.848976991504817e-06,0.000211921574093959,2.5680592731198823e-06,1.299259613812534e-05,8.991350996583328e-11,1.058846937129631e-08,0.0005752104470788847,2.763628394246692e-07,2.472407175647483e-07,1.1887236204657291e-07,0.9666594062201259,4.476490436138679e-06,3.504905678090093e-07,5.890354541852737e-09,1.1396322831940491e-09,0.03181977306777797,3.951853052562094e-05,4.441406834175833e-06,7.746296374764885e-08,1.661850132186991e-06,0.0003164143748380367,1.7415733340019376e-09,1.8813056867919608e-05,2.6388108639996347e-05
41,0.00030996800572584193,2.589267349265962e-06,0.00031260911036955214,3.285340066338404e-06,2.066812524643649e-05,1.305042685014705e-10,1.214432670954023e-08,0.0006799368957630042,5.023692267455729e-07,3.6050309005164663e-07,1.3626744441977694e-07,0.9662603088651406,6.036775336915111e-06,4.785503727325063e-07,8.795208093311684e-09,1.4920688509852458e-09,0.031957454375525655,3.754353279580971e-05,6.129157288242162e-06,9.275880531220312e-08,2.0188967714825755e-06,0.00034317623654580556,1.8126484064955433e-09,2.2543325617511542e-05,3.413726676196816e-05
42,0.0003107040551725434,1.6390653319702487e-06,0.0001776580866130335,1.9542826200105423e-06,1.0978811076690869e-05,8.549980750394574e-11,1.0327009883280576e-08,0.000776710970909434,2.9460719294015717e-07,2.446016658093235e-07,1.1172338009642589e-07,0.9580181485818462,2.6790588988590986e-06,2.837809837925961e-07,8.49166771991692e-09,1.6392085832279996e-09,0.04009891584485689,3.1043518789035176e-05,6.977472200684623e-06,8.466902757289038e-08,2.1909850061589333e-06,0.0005195012963897335,1.8555198313739318e-09,1.5200520968185477e-05,2.465566816460908e-05
43,0.0002778940803193724,2.031351588007375e-06,0.0001830580229310299,3.1272631442810326e-06,1.9030528429712628e-05,1.5629871083627754e-10,9.921238649847543e-09,0.0009140804009530318,3.72518474756811e-07,4.6191252933944644e-07,1.3165656223185234e-07,0.9556736429774536,3.6832141959772135e-06,3.374305692887154e-07,8.741382460894993e-09,2.0340273956118328e-09,0.042313048729895414,4.702402561934344e-05,7.279739471224301e-06,9.687729844266319e-08,3.003817257969226e-06,0.0005037864841725006,2.4207209850590516e-09,1.938996060933827e-05,2.8495734857077157e-05
44,0.000302753967085562,1.866097965645289e-06,0.0002137346446525458,2.616582233650556e-06,1.3139952111358763e-05,8.994019961851264e-11,1.0645212308277486e-08,0.0005836991699514701,2.7925558792584037e-07,2.5091948926939547e-07,1.1873547055162513e-07,0.9664210643402564,4.562233747581486e-06,3.5185921132695617e-07,5.895216574329048e-09,1.1396902549099089e-09,0.03204927498057384,3.9669892463994006e-05,4.456591807609174e-06,7.829039015339458e-08,1.6631106361291783e-06,0.0003147179304463739,1.7465489780413072e-09,1.9068824044237636e-05,2.661310526572353e-05
45,0.00029334991709630877,1.9933840482976474e-06,0.0002354053389507032,2.7045446792089136e-06,1.4484562643341347e-05,9.160743021205632e-11,1.1858693197066432e-08,0.0006493941588575365,3.2796554192100546e-07,2.718034661262698e-07,1.203836017461567e-07,0.9664484628434815,5.551808086095738e-06,3.769882672623772e-07,6.593564262287119e-09,1.233239067408665e-09,0.03192677811945658,3.563301915492007e-05,4.94705192858416e-06,8.770194621382933e-08,1.5654485273610472e-06,0.0003330162220222976,1.7587057857792554e-09,2.0260060155065376e-05,2.5247142279261537e-05
46,0.00044018927736575006,1.1315790445270897e-05,0.002861260337020521,1.4551320080213961e-05,0.0001299235691026549,9.687328005834106e-09,1.600519292006244e-07,0.0010231503141300564,6.033140078699932e-05,1.1430742142600084e-05,2.7876289285485e-07,0.9936727413352321,1.9556167870444725e-05,1.4169550183220108e-05,5.490538482545048e-08,5.942569503163476e-08,0.0007824883475917927,1.6872113577943407e-05,0.00018995680268857096,7.794492699363432e-07,5.792128313807551e-06,0.0004369190822588581,1.105263838717069e-09,4.5603084693004175e-06,0.0003034480249761086
47,0.0002998241500175235,1.0284737720379633e-06,0.00013080272035261958,1.2859780159672708e-06,6.018371730755108e-06,5.896659070408182e-11,7.734656179049681e-09,0.0003687269073055174,1.3529404100628317e-07,1.34825756310128e-07,9.325636307282657e-08,0.9713536843161107,2.3144793900641323e-06,2.046058924271377e-07,3.638907572299122e-09,8.840709990486247e-10,0.0274444113622744,3.914911895408016e-05,2.8350236801773627e-06,5.696518881795243e-08,1.2897840708894894e-06,0.00031941820768739037,1.270994722291448e-09,1.2142952108021404e-05,1.6429619692400298e-05
48,0.0002854334955362921,1.715529004189871e-06,0.00021873836130607672,2.605275599675608e-06,1.2930006612034708e-05,9.449332057924266e-11,1.0074897753205845e-08,0.0005269006490616137,2.844540919380758e-07,2.396377945816491e-07,1.1877122638106206e-07,0.9711135379245587,4.386482858283953e-06,3.584343939019536e-07,5.4672082909730405e-09,1.100939417149491e-09,0.027463839901558852,3.864456981897681e-05,4.084389051398247e-06,7.732436162610821e-08,1.6248019446507171e-06,0.00028108514185457706,1.5981948840839318e-09,1.704091207790993e-05,2.6335601554631338e-05
49,0.0002452359321397284,1.3718820329907386e-06,0.00017924357455432015,2.094813373727205e-06,1.1339625132255718e-05,9.161212949711926e-11,8.482853427553438e-09,0.0004459855779257768,2.1571483510283047e-07,2.0785056620627562e-07,1.0457222042178782e-07,0.9738404032770782,3.821442801748907e-06,3.2339308846149004e-07,4.623208536890657e-09,1.0616521404848318e-09,0.02489689233689591,3.688169388314204e-05,3.35534710555377e-06,7.236107420471422e-08,1.424588734181009e-06,0.00029757007182412595,1.5486148456485357e-09,1.370505600154552e-05,1.973508079123992e-05
50,0.000364870584889353,2.461896275177522e-06,0.0003015269377059789,3.812709574868124e-06,1.8737083146590457e-05,1.437247835927936e-10,1.81436494779843e-08,0.0008836859535124124,5.451883126537576e-07,4.862659794103617e-07,1.207048187396632e-07,0.9693908407048392,6.591979045463453e-06,5.637028339640227e-07,7.731464479429688e-09,2.2452562614717785e-09,0.028520080338434478,3.7232028165361135e-05,9.151357150191704e-06,1.2441582033707216e-07,1.940662001301781e-06,0.00040122243977695483,2.015610413305431e-09,2.0138029054353456e-05,3.583673895756193e-05
51,0.00030571225031646843,1.8341021746077074e-06,0.00021253247001148847,2.630216952756571e-06,1.2305722127891368e-05,8.51410021137173e-11,1.0884793049806975e-08,0.0005952328252318028,2.67650848265627e-07,2.461912710655185e-07,1.1958530676831642e-07,0.9669746428188312,4.49432474952641e-06,3.365100117321866e-07,5.263437550053131e-09,1.034744728169954e-09,0.031485813515072056,4.224623666324393e-05,4.20134324046013e-06,7.879584503381503e-08,1.6465092117591695e-06,0.0003110774900496713,1.6431069702420643e-09,1.9242387956470727e-05,2.5320142904748817e-05
52,0.0003160589367296122,2.140681138628039e-06,0.00022233603135665095,2.8546402562297484e-06,1.7640015252641696e-05,5.1525672305200434e-11,9.500318328613778e-09,0.0007687970880542958,2.5561879225093327e-07,2.2193156971249786e-07,9.333481011225666e-08,0.9503503238056941,3.823649678071626e-06,3.736151379935543e-07,8.604096094181343e-09,1.163323810217747e-09,0.047947805208136844,2.1859961887872404e-05,6.811757658309207e-06,5.033451564223368e-08,1.9006249933176615e-06,0.00027688444659960336,2.0606215779577505e-09,2.3051532406453288e-05,3.6695405446133915e-05
53,0.0003003612970665607,1.8670183620020144e-06,0.00021259458595965783,2.598707669432762e-06,1.3287027133551731e-05,8.951150605051036e-11,1.042328783850828e-08,0.0005797415439243357,2.7614001413599017e-07,2.502039560010587e-07,1.1733693132026043e-07,0.9664414310966724,4.537449017345126e-06,3.5146954952781695e-07,5.833903208599379e-09,1.1277142875487593e-09,0.032036924242306294,3.953854349929135e-05,4.439774684239445e-06,7.702603269149001e-08,1.6565065003524943e-06,0.0003145245151468649,1.733267919410579e-09,1.8964897348277455e-05,2.644141054114708e-05
54,0.00026739523576144,2.357196948855104e-06,0.00016247815229162614,3.450862337620198e-06,2.4053085999436632e-05,7.174817356253115e-11,7.126646195500293e-09,0.001218390412809967,1.9963159009061529e-07,3.2467930143369413e-07,1.3335650286521267e-07,0.9280043457695948,5.435226250595565e-06,2.433008283321494e-07,4.9546166569336965e-09,7.883666685615423e-10,0.06973843647301495,6.621412544107123e-05,4.234203960230676e-06,6.852090026595882e-08,2.270474678566751e-06,0.00044424646609340587,2.2151885190093893e-09,3.84883506205023e-05,1.7219318507903583e-05
55,0.00039062780059795935,6.158986836338563e-06,9.170917981039094e-05,4.677298419558533e-06,0.00022137640725633295,7.711536644223537e-10,2.5345964517747906e-08,0.004261057833654003,1.108774366753057e-07,3.108307924091814e-06,1.6488149779222095e-07,0.5297131911731662,9.68331411152712e-07,1.7590923887554818e-06,3.2918223687695544e-07,1.71132208291589e-07,0.45734154389157416,2.0317722990282706e-05,0.00011384736744492,7.676840612079318e-08,5.74668503983776e-05,0.007677220927096045,2.126446040046538e-07,5.7530352408770256e-05,3.634687311480876e-05
56,0.0003054254799283359,1.962332690986071e-06,0.00022422687399130593,2.7128156779837247e-06,1.365106690474194e-05,9.405171865755292e-11,1.131361620735847e-08,0.0005861012841431298,2.893265811023527e-07,2.616306536471542e-07,1.247476696370422e-07,0.9665295480149816,5.053334797901967e-06,3.677058127997102e-07,5.977594328680024e-09,1.1594292992044832e-09,0.03192219335854235,4.1336753123005615e-05,4.3949168123068695e-06,8.21635237439373e-08,1.6470752189711143e-06,0.0003138795055689719,1.797347276917767e-09,2.0329320282039966e-05,2.6391951056793884e-05
57,0.05705928329948055,0.0004035926839401529,0.0008277435039607287,0.0003269955239059716,7.7512722133334e-06,1.2953043883409226e-09,9.60441497702221e-06,0.00936391591241506,3.664293180521025e-06,9.551798319404695e-06,8.536281122026888e-06,0.6448051490524086,5.442427103586388e-05,3.915490214280416e-06,5.170213640803727e-07,1.7672795774769102e-08,0.2580016287788742,0.00648726983196268,2.388575880657938e-05,2.6274342318384633e-06,7.411476558622503e-05,0.0028248110512527863,5.376316347540282e-07,0.005734497926100761,0.01396596303491241
58,0.0003164769684060005,1.9714142794515114e-06,0.00021644579243061668,2.6250017480894613e-06,1.313621360881006e-05,8.40319597490879e-11,1.0972405956278438e-08,0.0006044545770214628,2.677981588720626e-07,2.481200551644279e-07,1.2132787498673513e-07,0.9626034819486026,4.803435713253956e-06,3.4088347487554283e-07,6.035799784296013e-09,1.0841203569271036e-09,0.035817327990407294,4.232263690497548e-05,4.256853777938883e-06,7.68905464593543e-08,1.683315455635475e-06,0.000321471650093986,1.826257898725859e-09,2.2034785951125765e-05,2.6432392872772137e-05
59,0.00031813433764040725,1.927403595407543e-06,0.00022542332272228535,2.6136006383852927e-06,1.2806277989844413e-05,7.946981113286639e-11,1.0961836804435448e-08,0.0005952084398594079,2.614638515567862e-07,2.3851121499984165e-07,1.1894153491195568e-07,0.9630153817549473,4.860991061143556e-06,3.378102267662019e-07,5.79237291290515e-09,1.049838714184015e-09,0.03542151815577255,4.2551306054571876e-05,4.001203809900452e-06,7.672944363544754e-08,1.6452769818461516e-06,0.00030388918508408153,1.7600595478349886e-09,2.274224212009298e-05,2.6243401873118953e-05
60,0.000302753967085562,1.866097965645289e-06,0.0002137346446525458,2.616582233650556e-06,1.3139952111358763e-05,8.994019961851264e-11,1.0645212308277486e-08,0.0005836991699514701,2.7925558792584037e-07,2.5091948926939547e-07,1.1873547055162513e-07,0.9664210643402564,4.562233747581486e-06,3.5185921132695617e-07,5.895216574329048e-09,1.1396902549099089e-09,0.03204927498057384,3.9669892463994006e-05,4.456591807609174e-06,7.829039015339458e-08,1.6631106361291783e-06,0.0003147179304463739,1.7465489780413072e-09,1.9068824044237636e-05,2.661310526572353e-05
61,0.0003061241852179428,1.9018565146406391e-06,0.00022703686806732813,2.5710396291934197e-06,1.2952221804233784e-05,8.181885759595568e-11,1.065510358771742e-08,0.0005751315052859302,2.671549171864623e-07,2.3529118990003443e-07,1.2056535752818287e-07,0.9650859412614834,4.731610155100079e-06,3.4207439248942817e-07,5.759056874903566e-09,1.044957967037913e-09,0.033387137002892094,4.117859639471039e-05,4.0126561290617006e-06,7.660030482164854e-08,1.6410306434854821e-06,0.0003014406335688883,1.6844898390459855e-09,2.1280421639167343e-05,2.5858198985695534e-05
62,0.000302753967085562,1.866097965645289e-06,0.0002137346446525458,2.616582233650556e-06,1.3139952111358763e-05,8.994019961851264e-11,1.0645212308277486e-08,0.0005836991699514701,2.7925558792584037e-07,2.5091948926939547e-07,1.1873547055162513e-07,0.9664210643402564,4.562233747581486e-06,3.5185921132695617e-07,5.895216574329048e-09,1.1396902549099089e-09,0.03204927498057384,3.9669892463994006e-05,4.456591807609174e-06,7.829039015339458e-08,1.6631106361291783e-06,0.0003147179304463739,1.7465489780413072e-09,1.9068824044237636e-05,2.661310526572353e-05
63,0.00031585716688946515,2.072981564220652e-06,0.00022586884167319064,2.726464847840628e-06,1.3644042186559888e-05,9.411517325586442e-11,1.1437816293804684e-08,0.0006126667265852763,3.0205200730355327e-07,2.6644720754816297e-07,1.3004478323616264e-07,0.9644165581511526,4.8616480477846164e-06,3.586800797235868e-07,6.379997241276614e-09,1.1613470067850224e-09,0.03397714227742015,4.219426812099377e-05,4.660729753836168e-06,8.260045040198487e-08,1.7467866489204747e-06,0.00032997809376595364,1.8029938018673437e-09,2.1012213278724456e-05,2.7848907266887233e-05
64,0.00030358006304904923,1.7552395978205377e-06,0.00020305321386137432,2.459387012356866e-06,1.2153294350553826e-05,8.653429836748985e-11,1.0114414526949454e-08,0.000555593391586578,2.5709550841672714e-07,2.2522572296015778e-07,1.2047507694903828e-07,0.9663291768769772,3.76912342900062e-06,3.345475139148501e-07,6.0725320041906e-09,1.1273537924985859e-09,0.03219187775649933,3.8822993752313574e-05,4.384210678289388e-06,7.255345678343957e-08,1.858941397637303e-06,0.00030535146602956963,1.7711812648847878e-09,1.7880121041348838e-05,2.7254851442356907e-05
65,0.0003250802313868167,2.1070959295723453e-06,0.0002324250946950494,2.8087694225573684e-06,1.373972724392156e-05,8.802275360134616e-11,1.1856458585330628e-08,0.0006593778102264716,3.191581338839056e-07,2.6783340902102337e-07,1.2735001540166378e-07,0.9631170182051907,5.101537749641131e-06,3.5788997810551236e-07,6.5052155594571926e-09,1.1466477002788859e-09,0.03521522304590818,4.019762666606674e-05,4.905022599991084e-06,8.326919526507935e-08,1.694442117360222e-06,0.0003286993374263932,1.7809863889652296e-09,2.192878224058006e-05,2.8516393134028616e-05
66,0.0002718822014121609,1.6619759786207051e-06,0.00025820225891920733,2.9735185454512676e-06,1.3836138379850977e-05,1.4588743839175737e-10,1.3247477309987788e-08,0.0006304065965496089,4.712954102103533e-07,3.759986091572094e-07,1.1125216365436984e-07,0.9791666639443535,5.876537898159814e-06,4.4513902935435687e-07,5.179326310516997e-09,1.8387756359621978e-09,0.019250925845441247,3.5809156704057136e-05,6.102335141836482e-06,1.307280279406915e-07,1.4804674772913422e-06,0.0003139993917811234,1.41159364278323e-09,1.291682610500582e-05,2.5706569012298777e-05
67,0.0002664788858820988,1.3808879599945078e-06,0.0001898241536494466,2.3747914513990407e-06,1.11803651018079e-05,9.640439676857289e-11,1.0414376775391905e-08,0.0004158377167011455,2.0274798329527598e-07,2.0461083565558673e-07,1.1225153033647496e-07,0.9735518138875187,4.046364398102406e-06,3.8228967482158427e-07,5.556355247185435e-09,1.318995613940057e-09,0.025221880316278,3.5568071027405144e-05,3.4023695976187317e-06,7.543380344996968e-08,1.5422738610638788e-06,0.0002546321133086112,2.0551124597389697e-09,1.4944711221735556e-05,2.409631697087175e-05
68,0.0003143899141616748,2.4154902227058227e-06,0.0002812364377579177,2.9739846741816165e-06,1.8361952252477936e-05,9.464848657877887e-11,1.2491437175325697e-08,0.0007134592200447239,4.022460386611838e-07,3.160013307530737e-07,1.1551356312795683e-07,0.9653379304854341,6.174244909357426e-06,4.541634338667e-07,7.3348530957620314e-09,1.3627767067708818e-09,0.03288885573952967,3.197624514979754e-05,6.3535788713528686e-06,8.514315076786881e-08,1.6197680311294776e-06,0.00034144854136853735,1.7382423026996746e-09,2.185846527510545e-05,2.9549842842299925e-05
69,0.00030465293524010144,1.8816194293157751e-06,0.00021797418496586948,2.6782135453922533e-06,1.3057126347867221e-05,8.933153271395152e-11,1.0854795542219932e-08,0.0005955494977461805,2.841607316187498e-07,2.55294755716022e-07,1.1875741119607623e-07,0.9661471045630845,4.661058657068473e-06,3.508774602390411e-07,5.8824322944307714e-09,1.1467506398296256e-09,0.03230874694717633,4.023497298181428e-05,4.463380699403436e-06,8.039994923472475e-08,1.6710736980521534e-06,0.0003094548926813496,1.7388286480745101e-09,1.9547785269881213e-05,2.72125460303167e-05
70,0.00027102373640763784,1.4127945556023737e-06,0.00021632417179966675,2.3316042456311567e-06,1.162340665147935e-05,9.2076995961102e-11,9.996223182502371e-09,0.00040304396827995454,2.264559884876402e-07,2.0459056847719798e-07,1.0824036175402191e-07,0.9762497769451841,4.136340802975065e-06,3.9189659182554433e-07,4.623179423605295e-09,1.1422970521732874e-09,0.022514509329052405,3.5902737159204734e-05,3.314889136560197e-06,7.201784128232866e-08,1.4245041945301645e-06,0.00024614381623236327,1.583498204244121e-09,1.4628876747858033e-05,2.3382240923279245e-05
