,0,1,2,3,4,5,6,7,8,9,10,11,12,13,14,15,16,17,18,19,20,21,22,23,24
0,0.00042830196202914153,3.0099488904317258e-06,4.2057273740173237e-05,2.284126631788685e-06,4.18075903423977e-05,7.45564548245441e-11,9.204212557459505e-09,0.003777957184816332,4.363195721626817e-08,6.493742810402826e-07,9.420148729572569e-08,0.4044524177766471,1.3609094018956906e-07,2.851119574880313e-07,1.3343009869099596e-07,2.3028003419625016e-08,0.5882032586433422,1.1445462814434302e-05,5.778842257253488e-05,1.9214906162396353e-08,4.883982038217526e-05,0.002837271604717455,4.654012705042526e-08,4.0484792569703065e-05,5.163548797678043e-05
1,0.0005105176875817931,3.443010065860265e-06,5.093346273245259e-05,2.7244750563057663e-06,4.6634177332549437e-05,1.0194475697039819e-10,1.2352963210096156e-08,0.00492273478738673,7.092766950028749e-08,9.417695504465674e-07,1.0310930681276052e-07,0.4178308414574868,1.3536738990281836e-07,3.404292761020843e-07,1.860679307645268e-07,3.784044162784514e-08,0.573075909714959,1.0894219793598575e-05,9.349491324138492e-05,2.495037394112965e-08,6.589073704645313e-05,0.003271840655485216,5.041494931521652e-08,4.057282865151545e-05,7.166454138389554e-05
2,0.0004263715690693686,2.6954154598139423e-06,2.9076948244687192e-05,1.7810394384429628e-06,3.234122580470577e-05,7.068378167405808e-11,8.616429749613961e-09,0.003071357664028443,3.0801908371951415e-08,5.500243374734249e-07,7.628640637048017e-08,0.3508149360956661,9.568303871258105e-08,2.631336393452626e-07,1.7384174388891737e-07,2.6728413107194358e-08,0.6421926954014424,9.772962752801286e-06,5.229484810430586e-05,1.537076438272683e-08,4.950057484724838e-05,0.003225147812889469,6.443499954923267e-08,3.602260112332663e-05,5.470084876406821e-05
3,0.00042974002863941724,2.976088161277497e-06,3.727423136300882e-05,2.193788409521931e-06,3.7960052358001726e-05,6.658869457710884e-11,8.739824963977816e-09,0.003666041350854074,3.786009114111673e-08,6.133801996438538e-07,8.763880872245464e-08,0.3745051256657162,1.158653907655595e-07,2.608569321300367e-07,1.3277070759612497e-07,2.140250752352525e-08,0.6183432659888017,1.1291357351835695e-05,5.4218663251368786e-05,1.6869903705797357e-08,5.004011139444505e-05,0.0027631705877721275,4.774470608735682e-08,4.109425205248167e-05,5.4264638213511066e-05
4,0.0004227244823092785,3.21609046322221e-06,4.180619720932026e-05,2.3154009782704647e-06,4.255481463058259e-05,7.539559142489727e-11,9.42944521261569e-09,0.0034976379231282896,4.058934844341381e-08,6.396130076980544e-07,9.580892519791867e-08,0.39275314272913303,1.4507268640159583e-07,3.0117125004589174e-07,1.3458828072822604e-07,2.1750177009057995e-08,0.600210720840264,1.2017421212993967e-05,5.246146973664768e-05,1.8537811473218355e-08,4.7631259006564445e-05,0.002817490711432524,5.04705083934596e-08,4.3215730020996296e-05,5.160782363823598e-05
5,0.00039460396323498574,2.8959162380978123e-06,3.530238847165495e-05,2.352980838699214e-06,3.870947063849866e-05,6.283552762059964e-11,8.052920793864752e-09,0.0036403830352618708,3.340889135061326e-08,5.957414166210025e-07,8.908058322021246e-08,0.3573104808627852,1.1517480469847202e-07,2.4444567898411357e-07,1.1729707255542569e-07,1.8500403416673843e-08,0.6358923893178252,1.2295125743447765e-05,4.743963821704268e-05,1.609272932559183e-08,5.031921900321382e-05,0.0024763413157566833,4.79430582728875e-08,4.3410563535369905e-05,5.179040205514779e-05
6,0.00042974002863941724,2.976088161277497e-06,3.727423136300882e-05,2.193788409521931e-06,3.7960052358001726e-05,6.658869457710884e-11,8.739824963977816e-09,0.003666041350854074,3.786009114111673e-08,6.133801996438538e-07,8.763880872245464e-08,0.3745051256657162,1.158653907655595e-07,2.608569321300367e-07,1.3277070759612497e-07,2.140250752352525e-08,0.6183432659888017,1.1291357351835695e-05,5.4218663251368786e-05,1.6869903705797357e-08,5.004011139444505e-05,0.0027631705877721275,4.774470608735682e-08,4.109425205248167e-05,5.4264638213511066e-05
7,0.0004958117702455919,4.747031735789636e-06,6.016456697589128e-05,2.74690459588002e-06,3.748218823562202e-05,6.846429718995266e-11,1.359064086598204e-08,0.00392560925231422,5.986539762778854e-08,6.911203077330432e-07,1.3497137201960685e-07,0.38361914861264,2.6646618529033696e-07,2.826510301418108e-07,1.210705960672129e-07,1.5139986484785124e-08,0.6091643504878194,1.5928500785750437e-05,4.489023733664538e-05,2.6337149491673738e-08,3.734030660691331e-05,0.002469614956213963,3.754925928882318e-08,6.619665210201483e-05,5.4319702002829374e-05
8,0.00045369045145148424,3.2742912365728117e-06,3.9125098369094367e-05,2.5260761937631455e-06,3.602034944009517e-05,5.056822867206483e-11,1.0174557862952445e-08,0.004024656187323433,3.4032791736427756e-08,6.816268426133823e-07,6.582663618786034e-08,0.29751006883594044,1.1832999727326263e-07,2.6816065770203286e-07,1.4499071016950382e-07,2.2937050644146456e-08,0.6954598828215709,9.513626933995058e-06,4.926842126709873e-05,1.5207731380026543e-08,4.908871269520997e-05,0.0022378292004554133,5.4644455831189546e-08,5.543743266066452e-05,6.820251246220927e-05
9,0.0004509094366421181,4.497393446378367e-06,5.821075534696175e-05,2.9731136209236084e-06,4.331006234235948e-05,4.814866982504629e-11,1.1407516907350127e-08,0.0042906749136914675,5.017458812005595e-08,7.269244827224357e-07,8.240736955251658e-08,0.3028962226334792,2.0740970594320794e-07,2.8022419493080866e-07,1.3181941629870757e-07,1.6171708719010307e-08,0.6901041671885804,1.1192860005065814e-05,4.572796917764314e-05,1.8144190185387895e-08,4.1328197205941127e-05,0.001903644956205259,4.001720515842141e-08,7.772961787491118e-05,6.784615385416769e-05
10,0.00042974002863941724,2.976088161277497e-06,3.727423136300882e-05,2.193788409521931e-06,3.7960052358001726e-05,6.658869457710884e-11,8.739824963977816e-09,0.003666041350854074,3.786009114111673e-08,6.133801996438538e-07,8.763880872245464e-08,0.3745051256657162,1.158653907655595e-07,2.608569321300367e-07,1.3277070759612497e-07,2.140250752352525e-08,0.6183432659888017,1.1291357351835695e-05,5.4218663251368786e-05,1.6869903705797357e-08,5.004011139444505e-05,0.0027631705877721275,4.774470608735682e-08,4.109425205248167e-05,5.4264638213511066e-05
11,0.00042884734291527083,3.0509374292929506e-06,3.853227581765377e-05,2.2305575647701894e-06,3.800316193609099e-05,6.721122435264314e-11,9.001860577123846e-09,0.0035830711056757587,3.814751185006365e-08,6.048015252269221e-07,9.110267905918425e-08,0.3777242619312596,1.2735926360764817e-07,2.672110158861946e-07,1.2920399768564767e-07,2.0504275366480317e-08,0.6152585066773798,1.1803318779520542e-05,5.151437081730546e-05,1.7514242804434967e-08,4.7790740781205476e-05,0.002715544050742408,4.8055551687940555e-08,4.2575279563658144e-05,5.2915280202659954e-05
12,0.0005890918778224466,4.549889648951709e-06,7.119077851940507e-05,3.6626687948993954e-06,4.253470051547355e-05,8.411416197377118e-11,1.726854741353462e-08,0.007545076782437059,1.429963759626272e-07,1.0738792364184233e-06,1.3846873675150962e-07,0.38912363010392503,1.6900241697201368e-07,2.8373162880801616e-07,2.296086450827596e-07,3.069768720579579e-08,0.5996265188668123,9.953603032746887e-06,0.0001245739455511514,3.252963002668355e-08,7.157006080372384e-05,0.0026296270004378744,3.526506591286217e-08,5.39805142833602e-05,0.00010188567533087242
13,0.0003852048091691098,2.150355387874892e-06,3.3363659243117506e-05,1.7390931449930749e-06,3.057272566744758e-05,5.1020047212166906e-11,7.111139304410901e-09,0.003033616248024015,2.9286587013608484e-08,3.837849446568943e-07,8.860814186030919e-08,0.42833583028690564,9.58999171901935e-08,2.2750555720458342e-07,1.0678039283234679e-07,1.6123776886368943e-08,0.5655313697160521,9.667365014190136e-06,4.456675832597721e-05,1.4558082751223388e-08,4.235923522556919e-05,0.002476012348142415,4.1164514475158784e-08,3.082960686504602e-05,4.170691875829246e-05
14,0.00042742016409442904,3.1771073593203027e-06,3.828530277479166e-05,2.2626394165844637e-06,3.983234348369032e-05,6.877611364071777e-11,8.909400155710243e-09,0.0037657177027878947,3.980100923058418e-08,6.535723891340064e-07,8.975259821027742e-08,0.368297985139333,1.225182403863403e-07,2.640471513687822e-07,1.3505499004110469e-07,2.1437192443883732e-08,0.6244154852245642,1.1579566236957908e-05,5.53567521678191e-05,1.723194675152513e-08,5.059981138252869e-05,0.0027930013819348377,4.7489270391555435e-08,4.3127245229311645e-05,5.4769736270445115e-05
15,0.00042974002863941724,2.976088161277497e-06,3.727423136300882e-05,2.193788409521931e-06,3.7960052358001726e-05,6.658869457710884e-11,8.739824963977816e-09,0.003666041350854074,3.786009114111673e-08,6.133801996438538e-07,8.763880872245464e-08,0.3745051256657162,1.158653907655595e-07,2.608569321300367e-07,1.3277070759612497e-07,2.140250752352525e-08,0.6183432659888017,1.1291357351835695e-05,5.4218663251368786e-05,1.6869903705797357e-08,5.004011139444505e-05,0.0027631705877721275,4.774470608735682e-08,4.109425205248167e-05,5.4264638213511066e-05
16,0.0004525985017289236,2.8484198311641374e-06,3.178039691675327e-05,2.1539300769435685e-06,3.345001248456149e-05,7.472085996106544e-11,9.266809890475141e-09,0.003909351919796081,3.316874680400145e-08,7.37817472166677e-07,8.689085665652104e-08,0.3668728679948683,9.243719763724148e-08,2.3717701958765682e-07,1.2685590382527879e-07,2.620474419272115e-08,0.625447332504501,1.330193354761929e-05,5.415657615333362e-05,1.7335408894989177e-08,6.268559484962278e-05,0.003020197451887974,5.274252913906603e-08,4.092597398144964e-05,5.492881796666181e-05
17,0.0004108048033725533,2.34332414161321e-06,3.6657703665491575e-05,2.4279844959171106e-06,3.510363035894889e-05,6.105477353927926e-11,8.35142931697699e-09,0.003230402906792262,2.8131650663997982e-08,4.7262317481334674e-07,8.88590566590609e-08,0.4202536576295949,1.1502640422103216e-07,2.9403865906501175e-07,9.836783033713259e-08,1.8224106306895663e-08,0.5735452145924614,1.2434920571636178e-05,4.044562129474143e-05,1.6863086411875595e-08,4.573474144755032e-05,0.0022959747656751575,5.357903411536589e-08,3.6768806521269404e-05,5.083444411973585e-05
18,0.00043069576544673305,2.1351279400252435e-06,2.2432097413678803e-05,1.3260062629362024e-06,1.8459371523273467e-05,3.3889335067175896e-11,6.243696753360519e-09,0.0024118676671669335,1.7212335138782977e-08,3.44006135700141e-07,5.5535448815305136e-08,0.31994054383728293,7.322124199369897e-08,1.55276553751608e-07,8.614589877760576e-08,1.2156547404946825e-08,0.6746097744400261,1.1685960743269733e-05,2.768371856713736e-05,1.0253760474458822e-08,3.463863452001682e-05,0.002404116275373026,3.989361098596038e-08,3.850210036332075e-05,4.533901825151117e-05
19,0.00035526404830504843,3.1015029988620897e-06,4.847837294907056e-05,2.471054914233431e-06,5.011443116944656e-05,7.40676210547625e-11,8.251785189308687e-09,0.003710129093577881,4.461400794101317e-08,6.47809966983191e-07,9.584033953814816e-08,0.4262450305499941,1.6534823906594527e-07,3.080456175242671e-07,1.1450817764756748e-07,1.85528286972263e-08,0.5666324846289358,1.1577343024632268e-05,4.8786154204255956e-05,2.021376585318077e-08,4.299084781718044e-05,0.002762572149488369,4.097770056914789e-08,4.0925161430062614e-05,4.461042469430924e-05
20,0.0006972001093624502,3.4742458480293514e-06,6.380942099607666e-05,3.4178777686953024e-06,4.3346033696109584e-05,8.580947744789811e-11,1.4162821298972599e-08,0.003388776931253278,5.2020821983214926e-08,7.192073084316307e-07,1.1509939592833118e-07,0.48487494039032564,1.850311530954213e-07,4.200098554772524e-07,1.1755957134997404e-07,2.8348973203392155e-08,0.508852868956567,1.4445573509532218e-05,6.61423500056744e-05,2.1773100409704782e-08,5.2696024795330995e-05,0.0017983488784097342,4.922581406906887e-08,4.8204006548040764e-05,9.060667628966612e-05
21,0.00043929218458039864,2.825726030336641e-06,3.892810221433554e-05,2.2488838126700182e-06,3.78393013809237e-05,7.088505275605655e-11,9.22558273641086e-09,0.003508831174353848,3.6955597933753124e-08,6.1967247041466e-07,8.929640370355877e-08,0.4059854800069625,1.2270677831626212e-07,2.816176264540642e-07,1.2746894901816135e-07,2.3203561763701548e-08,0.587109294866984,1.1624533687882357e-05,5.249855399588921e-05,1.7808687457389192e-08,5.003595414884522e-05,0.002665975745824171,4.9897768176965644e-08,3.9795364254908016e-05,5.395167745814681e-05
22,0.0004225327469057943,2.339378461098945e-06,3.460056056918006e-05,1.9619451008860358e-06,3.196108711191759e-05,6.589126538201789e-11,8.446640810450493e-09,0.0032081998209537617,2.8369573370398556e-08,5.067440643115452e-07,9.225930707527904e-08,0.40265428385150664,8.778860114202637e-08,2.517858994024726e-07,1.1215019619279226e-07,2.1961162097954582e-08,0.5905814346648189,1.2536920813544212e-05,4.623491225405497e-05,1.6914986752817987e-08,5.543581422137618e-05,0.0028654042047438146,4.879566944901428e-08,3.498719190357899e-05,4.691161864350262e-05
23,0.00042974002863941724,2.976088161277497e-06,3.727423136300882e-05,2.193788409521931e-06,3.7960052358001726e-05,6.658869457710884e-11,8.739824963977816e-09,0.003666041350854074,3.786009114111673e-08,6.133801996438538e-07,8.763880872245464e-08,0.3745051256657162,1.158653907655595e-07,2.608569321300367e-07,1.3277070759612497e-07,2.140250752352525e-08,0.6183432659888017,1.1291357351835695e-05,5.4218663251368786e-05,1.6869903705797357e-08,5.004011139444505e-05,0.0027631705877721275,4.774470608735682e-08,4.109425205248167e-05,5.4264638213511066e-05
24,0.00039839800793343625,3.6026615007399247e-06,4.390244173814117e-05,2.7976051133641813e-06,5.090371356333589e-05,8.112737259251303e-11,9.369441529478632e-09,0.003863082849146726,4.1545032122437285e-08,7.606039142101015e-07,9.93165443789516e-08,0.38955966252574314,1.557004818741481e-07,3.2848264871633514e-07,1.2511760301970539e-07,2.167117827756855e-08,0.6031551472715926,1.2989800132739338e-05,5.5641261923381826e-05,1.926833887125192e-08,5.120394411325993e-05,0.002700447585898014,5.1541264369423516e-08,4.551014757010456e-05,5.509748645625075e-05
25,0.0003650739777068847,1.8132947682059643e-06,3.161606134451911e-05,2.218134068956709e-06,2.640378822135276e-05,4.04570898164387e-11,8.164230852185293e-09,0.003978845235691622,2.3813902371668865e-08,3.7938914639245025e-07,9.631056691336884e-08,0.3970244947306978,9.848724777293786e-08,1.884604664133089e-07,7.750627591934132e-08,1.4198617254771128e-08,0.5964611494557348,1.1483240238309523e-05,3.910827773946325e-05,1.7332004436317524e-08,4.440026530454655e-05,0.001939394807622206,4.217268736112392e-08,3.659955610764443e-05,3.64532991506842e-05
26,0.00040890454567727455,2.5188150265580545e-06,2.9777472155186554e-05,1.616340654941297e-06,2.3040403428692657e-05,3.410880203943521e-11,6.767815332008414e-09,0.0029966104330057058,2.520366090216774e-08,3.7300563045320186e-07,7.282441206326978e-08,0.28500168011491434,1.0818433995460175e-07,1.4531896949247102e-07,8.562544938032691e-08,9.803315594464458e-09,0.7092491073740737,1.2772626627731535e-05,2.8448890327350913e-05,1.2273488805624647e-08,3.352397777056505e-05,0.0021211874493435603,3.320937936798353e-08,5.1799464790758666e-05,3.8139841633415814e-05
27,0.0004955112053697418,3.3677974584716763e-06,3.675293282490259e-05,2.1597093570013034e-06,3.584158967854878e-05,8.420127392625714e-11,9.662942896944225e-09,0.0042489134207645465,5.120684639942448e-08,7.629980731738129e-07,8.622149016501131e-08,0.3545192216921431,1.0292526103968893e-07,2.5743087639341133e-07,1.7748320068157373e-07,2.688731069187711e-08,0.6366829730333643,1.2106691054950953e-05,6.525350694490654e-05,1.9667427918185174e-08,5.788059975440329e-05,0.0037292760533144784,4.930422650500664e-08,4.1465497973315385e-05,6.773239814030422e-05
28,0.00042974002863941724,2.976088161277497e-06,3.727423136300882e-05,2.193788409521931e-06,3.7960052358001726e-05,6.658869457710884e-11,8.739824963977816e-09,0.003666041350854074,3.786009114111673e-08,6.133801996438538e-07,8.763880872245464e-08,0.3745051256657162,1.158653907655595e-07,2.608569321300367e-07,1.3277070759612497e-07,2.140250752352525e-08,0.6183432659888017,1.1291357351835695e-05,5.4218663251368786e-05,1.6869903705797357e-08,5.004011139444505e-05,0.0027631705877721275,4.774470608735682e-08,4.109425205248167e-05,5.4264638213511066e-05
29,0.00042974002863941724,2.976088161277497e-06,3.727423136300882e-05,2.193788409521931e-06,3.7960052358001726e-05,6.658869457710884e-11,8.739824963977816e-09,0.003666041350854074,3.786009114111673e-08,6.133801996438538e-07,8.763880872245464e-08,0.3745051256657162,1.158653907655595e-07,2.608569321300367e-07,1.3277070759612497e-07,2.140250752352525e-08,0.6183432659888017,1.1291357351835695e-05,5.4218663251368786e-05,1.6869903705797357e-08,5.004011139444505e-05,0.0027631705877721275,4.774470608735682e-08,4.109425205248167e-05,5.4264638213511066e-05
30,0.00042974002863941724,2.976088161277497e-06,3.727423136300882e-05,2.193788409521931e-06,3.7960052358001726e-05,6.658869457710884e-11,8.739824963977816e-09,0.003666041350854074,3.786009114111673e-08,6.133801996438538e-07,8.763880872245464e-08,0.3745051256657162,1.158653907655595e-07,2.608569321300367e-07,1.3277070759612497e-07,2.140250752352525e-08,0.6183432659888017,1.1291357351835695e-05,5.4218663251368786e-05,1.6869903705797357e-08,5.004011139444505e-05,0.0027631705877721275,4.774470608735682e-08,4.109425205248167e-05,5.4264638213511066e-05
31,0.0003944182486513402,3.2774651369823843e-06,4.5890111014059954e-05,2.548714898365691e-06,4.495676215789746e-05,5.219859399448593e-11,8.006016642146536e-09,0.004239782095076521,3.6888164733024905e-08,6.250941321770879e-07,7.865771692562412e-08,0.3555820128682805,1.4728204560970142e-07,2.653717703144834e-07,9.697972444752968e-08,1.623148935973765e-08,0.6372157562596941,1.2278081608854572e-05,4.7344712695903994e-05,1.723207324439598e-08,4.3393309388878404e-05,0.0022644138712330244,3.936004072873954e-08,5.2291833354982655e-05,5.030451143595793e-05
32,0.00043859922361251465,2.9600411505203324e-06,3.682098795543331e-05,2.1539594452358332e-06,3.755315064257684e-05,6.948866152832051e-11,8.933698757133614e-09,0.0037848039190006874,3.986878952987297e-08,6.288196028944092e-07,8.792894356472255e-08,0.37343357506562,1.1049620023161709e-07,2.609753081854279e-07,1.414357464893848e-07,2.3226190240116566e-08,0.6191194606555716,1.1056624964436773e-05,5.93271339055699e-05,1.7366851980942138e-08,5.227505252967106e-05,0.002924941971506387,4.859412300903261e-08,3.9624313703104175e-05,5.548018544863205e-05
33,0.00031840895667187665,2.933020696484734e-06,2.434715146865806e-05,1.3487028237721723e-06,3.809275609078059e-05,5.0112332999047306e-11,6.012183915864702e-09,0.002481828235180617,1.628502519241171e-08,4.2837634496187357e-07,6.697322110452612e-08,0.32325839087758584,1.2562264029060888e-07,2.406272066194034e-07,8.981857431446215e-08,1.3868170823222408e-08,0.6698842499305634,1.1883761242315035e-05,3.458495503400864e-05,1.1871844076875668e-08,2.8603763094285796e-05,0.0038506369505610146,5.1040377950749614e-08,3.860034571866365e-05,2.5040047566758272e-05
34,0.0006408318873317396,4.26334761221489e-06,5.860081559581443e-05,2.703675936437853e-06,4.364445747511282e-05,1.0141019381088372e-10,1.4225402684467812e-08,0.004926749844345554,9.41385384984544e-08,9.158136326409906e-07,1.1151287297150554e-07,0.422625528223138,1.5729921143738424e-07,3.526937075285476e-07,2.0367604306003605e-07,3.2385243013242754e-08,0.5679352143985942,1.1950308479180814e-05,9.889599674483742e-05,2.555036185782338e-08,6.100198063915056e-05,0.003455181112541526,4.4127288777166104e-08,4.6090334947902274e-05,8.739209290571926e-05
35,0.00023932809110276636,3.449985823900563e-06,4.967619120005065e-05,2.1062714325771096e-06,0.00010897935466676486,1.1049196970333865e-10,9.195032143875755e-09,0.0019592872625686783,2.357787679328534e-08,5.754777164869547e-07,1.0575971857409402e-07,0.4306498795930979,2.2761831152405093e-07,7.355391570706105e-07,2.9508063702455474e-07,4.751527356211077e-08,0.5640466727531556,5.277205631129474e-06,5.331129025254272e-05,1.4468877331818923e-08,4.614273504625333e-05,0.0027648153274895814,1.3065172765522066e-07,3.7982816140813477e-05,3.092612757137582e-05
36,0.0004635524271487546,3.417096654021461e-06,3.9703175125418604e-05,2.482293517878506e-06,4.0593037232169966e-05,8.409665883100999e-11,1.0083845489427495e-08,0.004028823581055566,4.388667931864112e-08,7.442352008254611e-07,1.0412856455106578e-07,0.37270301289740765,1.2143400649867969e-07,2.787921875623145e-07,1.4718036372614156e-07,2.4401219271981156e-08,0.6194612990286731,1.3482875716535671e-05,5.838877715841425e-05,1.9675882309744013e-08,5.9312075608336185e-05,0.003019639777552435,5.218024568399035e-08,4.50819362407989e-05,5.966493861694566e-05
37,0.00039860597674171627,3.1079275907750147e-06,3.675340458653981e-05,2.3648970555699918e-06,4.1371532102849074e-05,7.161343614130046e-11,8.753308842509673e-09,0.004050897880695375,4.266976245668329e-08,6.97154237514367e-07,8.908123199684725e-08,0.3572450474405894,1.1920742752392215e-07,2.573366490472056e-07,1.4690722329296302e-07,2.2791672189366727e-08,0.6351833358997885,1.0858819710436227e-05,5.952905531584701e-05,1.771131028520657e-08,5.341334721917915e-05,0.002815369656620211,4.9365464122277764e-08,4.196657901401408e-05,5.592653306892368e-05
38,0.0006081808501841908,2.8320019506299437e-06,3.685918825664916e-05,1.96406241151362e-06,3.3083066150207546e-05,1.186838657050572e-10,1.364897629781511e-08,0.0032327150326583085,4.06878541195777e-08,7.279791452039576e-07,1.0898510602215394e-07,0.4552591090300143,9.69768094989299e-08,3.5177838099498503e-07,2.0590191268197572e-07,4.790024122121932e-08,0.5366907837492365,1.2364462445471428e-05,7.265150291608849e-05,2.137482249381247e-08,7.186113031957045e-05,0.0038772237857704105,7.413265615668377e-08,3.388824988146625e-05,6.47944032160007e-05
39,0.00041915236973070455,2.55965925131863e-06,3.669551690123355e-05,2.2702596119962033e-06,3.848560908990743e-05,7.056848107658524e-11,8.49594970232674e-09,0.0038268834981655853,3.6703503254776214e-08,6.117749224920964e-07,8.789564814874967e-08,0.40201812315676067,1.0129567454185384e-07,2.661019122379368e-07,1.3008843333960182e-07,2.4501493457991982e-08,0.5907666280021006,1.0985168752347918e-05,5.8030526064009294e-05,1.749567704811992e-08,5.67986738755246e-05,0.002671229927146841,4.992549410474397e-08,3.6357453758975216e-05,5.446582951354228e-05
40,0.00043527719584362563,2.9718463665339987e-06,3.714962143423663e-05,2.1474938203831306e-06,3.742673241141668e-05,6.672194061881557e-11,8.73710266626039e-09,0.0036121800897998993,3.762814323331238e-08,6.028741472736091e-07,8.76910391624013e-08,0.3770559012643875,1.1426302805457309e-07,2.61707804886992e-07,1.3327301938833355e-07,2.138728986516102e-08,0.6157919103104659,1.130872454538534e-05,5.413548158430987e-05,1.678037788425065e-08,4.983751668045654e-05,0.0028137195871485166,4.767732425827941e-08,4.0559322033929744e-05,5.4142727479517264e-05
41,0.0005085530054008377,6.848694709207563e-06,8.795456405388004e-05,3.7223471119916547e-06,0.0001055486493664266,1.5875158994747876e-10,1.3379479401879292e-08,0.005808151162239363,1.4323075318442835e-07,1.638586460460751e-06,1.1166181725508012e-07,0.37073894444937,2.1792032154694353e-07,5.428321289400759e-07,3.4679288882957654e-07,4.58808556864769e-08,0.6185320352645082,1.038972884688822e-05,0.00011943119930151346,2.5799494025168704e-08,8.157131110347811e-05,0.0038259281366581845,5.401279376039075e-08,6.598961176898387e-05,0.00010179161981637783
42,0.00039821225205802213,2.336354844530809e-06,2.666279698645215e-05,1.457617475651222e-06,2.7716751326118748e-05,5.929891533113656e-11,8.157977501456761e-09,0.0045465622614357165,3.662980905549129e-08,5.947042080839063e-07,7.252613342732077e-08,0.3170313288768511,5.446705242598104e-08,1.860013916958617e-07,1.8869170173100508e-07,3.230384230039038e-08,0.6734673522664646,7.5564003972505005e-06,8.225297472659258e-05,1.6333241198839352e-08,6.571145779937276e-05,0.004264937039708567,4.6576755247125124e-08,2.9213382861261645e-05,4.746311565317469e-05
43,0.00033880101693792335,3.0474038020121726e-06,2.434456655967447e-05,2.312526824691212e-06,4.890428645109755e-05,1.0787138809095088e-10,7.504412376131774e-09,0.005506851581277303,4.5042042736374195e-08,1.2218459567012467e-06,8.035199492439122e-08,0.2831866038247452,7.56317211162317e-08,2.035206146304732e-07,1.940683924446394e-07,3.806995568192831e-08,0.7064949426696481,1.163395302701372e-05,8.185589726171735e-05,1.7336710249460224e-08,8.826250634850005e-05,0.004117416147621686,6.117489808633401e-08,4.006462827197575e-05,5.301433665279689e-05
44,0.00042974002863941724,2.976088161277497e-06,3.727423136300882e-05,2.193788409521931e-06,3.7960052358001726e-05,6.658869457710884e-11,8.739824963977816e-09,0.003666041350854074,3.786009114111673e-08,6.133801996438538e-07,8.763880872245464e-08,0.3745051256657162,1.158653907655595e-07,2.608569321300367e-07,1.3277070759612497e-07,2.140250752352525e-08,0.6183432659888017,1.1291357351835695e-05,5.4218663251368786e-05,1.6869903705797357e-08,5.004011139444505e-05,0.0027631705877721275,4.774470608735682e-08,4.109425205248167e-05,5.4264638213511066e-05
45,0.00040435751844168763,3.1339685851648227e-06,4.152209742963046e-05,2.3014601835357864e-06,4.365069258368284e-05,6.892196113040846e-11,9.597056853066247e-09,0.0040619123908999044,4.484223326150894e-08,6.657084446615387e-07,9.074150659762392e-08,0.37865352160765736,1.4323519449350195e-07,2.824140527254786e-07,1.4910364923279505e-07,2.330560419278874e-08,0.6137132310769672,9.980444738043353e-06,6.113205439056684e-05,1.8834066927515562e-08,4.749553725229661e-05,0.0028626166693290133,4.831191293615796e-08,4.322819264626064e-05,5.044012625204938e-05
46,0.0016721531958113342,8.545784569628754e-05,0.00217046903055574,5.7476049354263206e-05,0.0018655019546942716,6.551864116038067e-08,6.118068704399671e-07,0.019590659949088075,6.663727063946209e-05,0.0002246854951504128,6.301845702957605e-07,0.9274526364680092,1.5350636547201828e-06,7.630116019177986e-05,5.572225030842847e-06,7.816546016195803e-06,0.01688392897770928,1.4498620702617592e-05,0.013639141513328576,7.036912901796979e-07,0.0008780729282263073,0.011651995618017682,9.06142518559811e-08,2.0104107539449607e-05,0.003633254164959747
47,0.0005705893103141648,2.2414971650614584e-06,2.8027823252263033e-05,1.121671837411256e-06,1.778300622248921e-05,4.9428192120091976e-11,8.394499863173073e-09,0.002270552208038354,2.2963966872375685e-08,3.5246134172658445e-07,7.334143153987622e-08,0.42692755781686,7.078629273808971e-08,1.9844661821910455e-07,1.0868118911686224e-07,1.817439249069048e-08,0.5663727733330354,1.2551397286241506e-05,3.9381191202817056e-05,1.3564143483879096e-08,4.0007833526873653e-05,0.003639723905967259,3.778312672013838e-08,3.022266633280285e-05,4.6561692527866084e-05
48,0.0004424475619611749,2.9834925635895787e-06,4.280878915861039e-05,2.410908409675118e-06,4.1205265169053195e-05,7.609303951204626e-11,9.089666219820811e-09,0.0036534469746165752,4.2753095399694565e-08,6.36104561283845e-07,9.628958642228888e-08,0.417240761550793,1.2353448517279696e-07,2.9445641643375353e-07,1.329977243144448e-07,2.245754231778737e-08,0.5756579041881071,1.201684621352172e-05,5.4796733472046366e-05,1.8555143444418552e-08,5.31312812276422e-05,0.002696202395609053,4.6980787320107876e-08,3.994807114670569e-05,5.851264645101417e-05
49,0.0003735427869130659,2.3433324185761083e-06,3.6894016640798754e-05,1.9416808284261354e-06,3.7075795500317996e-05,7.254147078227661e-11,7.421598106319655e-09,0.0030903657389658103,3.245776956323207e-08,5.131409123620712e-07,8.845546416940942e-08,0.44939826378162506,1.1336653400363908e-07,2.7063331644801774e-07,1.0828647831945322e-07,2.0146619227829495e-08,0.5439367673362371,1.188140672835436e-05,4.468811277474894e-05,1.810824893465077e-08,4.53236747588675e-05,0.0029464575610837064,4.474504377603995e-08,3.1554840501683474e-05,4.16831004970682e-05
50,0.0006525004717896866,4.936566855659583e-06,6.02394648409196e-05,3.7504727279271735e-06,6.370224712478263e-05,1.4606314646753453e-10,1.9400038306211818e-08,0.0065014433092418856,9.223011599293999e-08,1.7044828006234794e-06,9.784498949748581e-08,0.4068981061437211,1.8348052343109426e-07,5.246610765128122e-07,2.252376788230997e-07,6.250300833886621e-08,0.5810678557498845,1.2190751019380327e-05,0.0001391130856242983,3.160507814476063e-08,7.431728511378428e-05,0.004372367905932191,6.757777833942265e-08,5.09169065708829e-05,9.555047040171898e-05
51,0.00043393555530248334,2.943251370284624e-06,3.697113788034581e-05,2.2290187559058303e-06,3.5688596319232086e-05,6.31039330719878e-11,8.978892607621749e-09,0.0038131725673528514,3.6302692756339904e-08,6.079129616646358e-07,9.087890550788211e-08,0.3750755207948308,1.1425065150933625e-07,2.447373381938551e-07,1.1794124986937492e-07,1.911804803291872e-08,0.6176536455881977,1.2380960244867472e-05,5.050363865077644e-05,1.70425034311914e-08,5.065635892970582e-05,0.0027372506860593314,4.50132787291686e-08,4.268931676049129e-05,5.111028971919084e-05
52,0.0005917081624408939,4.079908239063725e-06,5.1373935421985094e-05,2.776598152582721e-06,3.696836817241386e-05,1.893337506532274e-10,1.5394331957381844e-08,0.003400670526676422,6.574285157878857e-08,1.022390335907326e-06,1.615178530366004e-07,0.4992460132756351,2.1876479307745841e-07,3.665832566482439e-07,1.2973715511218475e-07,2.7475404834709332e-08,0.49179846900603214,3.2585135149292894e-05,4.478322966439521e-05,3.9166251020029793e-08,5.619241634022798e-05,0.004626202456130836,5.28019553608011e-08,4.816583926980833e-05,5.791137915236464e-05
53,0.0004233405247008961,2.961949250530207e-06,3.689281314253624e-05,2.1759483208763993e-06,3.841604702944385e-05,6.579845506217753e-11,8.496505167011909e-09,0.0036494612501162156,3.718974674100102e-08,6.093842679827681e-07,8.649200222870235e-08,0.37419713321805703,1.151244268743097e-07,2.586754299658002e-07,1.3031180226885342e-07,2.098601405459954e-08,0.6186859605329968,1.1252375301337002e-05,5.380335118011021e-05,1.6538853565420402e-08,4.9679531367267905e-05,0.002753343057254638,4.718542333113378e-08,4.086251721171585e-05,5.33864337999681e-05
54,0.00012067040966890983,1.488009012737372e-06,1.5485306743479082e-05,1.9296861194425494e-06,4.6697842478628164e-05,1.9102753212718994e-11,2.3689243441347206e-09,0.004842461876693004,1.2761382438664685e-08,3.076802551016365e-07,6.782665246987814e-08,0.1966839999895633,8.573538353182693e-08,7.43849017724025e-08,3.9803433936642546e-08,4.1597032230884954e-09,0.7966890722580802,1.0084274694649333e-05,2.475647351727446e-05,7.719473242586123e-09,3.314440889487776e-05,0.001471599190163341,2.522651861281683e-08,4.632930941257304e-05,1.1653279226162752e-05
55,0.0003602155315221948,2.777659649416849e-06,2.5251445584271387e-05,1.8577512081563551e-06,4.400859160193369e-05,7.26066170654068e-11,7.937944721820899e-09,0.00395101266711278,2.564568031665981e-08,7.182185922460098e-07,7.1355864902845e-08,0.26842890194617947,6.957916988440942e-08,2.5469348540349696e-07,1.9129954561315446e-07,3.668328380746296e-08,0.7233665717206887,8.230130233311956e-06,6.93441111574295e-05,1.3300229677460019e-08,6.863942034622693e-05,0.0035881984433908105,7.709244924669315e-08,3.8340426561601866e-05,4.518427591132044e-05
56,0.00042727481404486684,3.1115609741877606e-06,3.918296972733622e-05,2.2527979565527106e-06,3.900131771506837e-05,6.853286576402929e-11,9.11416579059112e-09,0.0036083843187173737,3.908394855560569e-08,6.16012537756083e-07,9.248546355573735e-08,0.37649781006749244,1.3112804343853207e-07,2.7045471546552904e-07,1.317527550598867e-07,2.0686609192472782e-08,0.6164434616677322,1.1842026437000629e-05,5.213556271387003e-05,1.772303769498554e-08,4.800822651621602e-05,0.0027300836057496357,4.836166158609657e-08,4.336622305049974e-05,5.270796970176924e-05
57,0.026380831153295592,0.0007654457140777531,4.564290817488813e-05,0.0001577858213029316,5.269529816128235e-06,6.177565676354976e-10,6.1058458768038716e-06,0.010787733569750282,2.1264837243787735e-07,1.2665436005846619e-05,3.25993895611708e-06,0.047702467639252594,1.037341636751968e-06,1.9277593405493914e-06,4.983788663649241e-06,8.359004451955142e-08,0.8757392063981413,0.0015659151682743584,5.539029577920132e-05,3.2404280687425664e-07,0.0005979757536806966,0.011280051904641921,1.0603719232310446e-05,0.005626783112467288,0.019248296302652457
58,0.0004123214921199992,2.8991433162459164e-06,3.461738380760826e-05,2.03114381268862e-06,3.499883438330504e-05,5.68785657705699e-11,8.23942364929883e-09,0.0034907999820252686,3.3162607267138026e-08,5.54445191891895e-07,8.358340355175902e-08,0.343781357437578,1.1307573766232121e-07,2.296252204445253e-07,1.2519864249919898e-07,1.841439016040949e-08,0.6494617457465706,1.125166113118201e-05,4.7020363865726815e-05,1.5139425718224247e-08,4.692623820299769e-05,0.0025788867274346133,4.636220893680281e-08,4.4572944577397405e-05,4.934359804417978e-05
59,0.0004152905393850944,2.83185762367506e-06,3.672473619481897e-05,2.0279573094295392e-06,3.4574570592278184e-05,5.385524391319207e-11,8.196372546482224e-09,0.0034370294970037392,3.2173006148005734e-08,5.275599233872323e-07,8.28455950972116e-08,0.34934450219477653,1.1457057406644707e-07,2.2992462766016786e-07,1.1948798197632911e-07,1.7723693226141477e-08,0.644074934912879,1.1444448723928504e-05,4.391277049122019e-05,1.5203719032608182e-08,4.6080840639801665e-05,0.002454606771334549,4.448658919715152e-08,4.614287331551323e-05,4.8703803792604156e-05
60,0.00042974002863941724,2.976088161277497e-06,3.727423136300882e-05,2.193788409521931e-06,3.7960052358001726e-05,6.658869457710884e-11,8.739824963977816e-09,0.003666041350854074,3.786009114111673e-08,6.133801996438538e-07,8.763880872245464e-08,0.3745051256657162,1.158653907655595e-07,2.608569321300367e-07,1.3277070759612497e-07,2.140250752352525e-08,0.6183432659888017,1.1291357351835695e-05,5.4218663251368786e-05,1.6869903705797357e-08,5.004011139444505e-05,0.0027631705877721275,4.774470608735682e-08,4.109425205248167e-05,5.4264638213511066e-05
61,0.0004139545867721628,2.8905820240445386e-06,3.8987408862604016e-05,2.0775397645367295e-06,3.627382233564213e-05,5.727673754072359e-11,8.292419371973295e-09,0.0034372117464355105,3.4563527801454735e-08,5.347858048164034e-07,8.666394112722834e-08,0.3669666798092938,1.1724246765347696e-07,2.452542211264807e-07,1.2258302552869146e-07,1.82937198545153e-08,0.6263830679660223,1.134031122324179e-05,4.642079512202765e-05,1.5943159490667135e-08,4.703504883029843e-05,0.00251888938374883,4.378660351063534e-08,4.39546584454779e-05,4.9988874952695334e-05
62,0.00042974002863941724,2.976088161277497e-06,3.727423136300882e-05,2.193788409521931e-06,3.7960052358001726e-05,6.658869457710884e-11,8.739824963977816e-09,0.003666041350854074,3.786009114111673e-08,6.133801996438538e-07,8.763880872245464e-08,0.3745051256657162,1.158653907655595e-07,2.608569321300367e-07,1.3277070759612497e-07,2.140250752352525e-08,0.6183432659888017,1.1291357351835695e-05,5.4218663251368786e-05,1.6869903705797357e-08,5.004011139444505e-05,0.0027631705877721275,4.774470608735682e-08,4.109425205248167e-05,5.4264638213511066e-05
63,0.0004402645435639914,3.2741885307966604e-06,3.789123749087162e-05,2.1683288419101504e-06,3.713939697420609e-05,6.721248697552672e-11,9.088032621281814e-09,0.003669361661898858,3.986513905447787e-08,6.241243206174081e-07,9.220855693960238e-08,0.35806149444601343,1.200385458561765e-07,2.5480549538363293e-07,1.398352746944513e-07,2.05353699065558e-08,0.6346840408761667,1.179979842826551e-05,5.362778706881718e-05,1.7171776945184337e-08,4.999825184207511e-05,0.0028479577684681957,4.7188615018791664e-08,4.4169192797938743e-05,5.5447593574328415e-05
64,0.000411197585761285,2.6707064386360874e-06,3.354837851682371e-05,2.067730781774101e-06,3.4968999814746485e-05,6.169355634042567e-11,8.125885077402791e-09,0.0036400519371952806,3.312220197203437e-08,5.550122478020489e-07,9.041575059467784e-08,0.36521189037926605,9.135575020238375e-08,2.2997413211498853e-07,1.327141085546903e-07,2.087586421324505e-08,0.6278568547563653,1.1074366325610853e-05,5.2427281170003104e-05,1.525159111983416e-08,5.80504640337717e-05,0.0025921990017469198,4.831729025598822e-08,3.9477157059163636e-05,5.2296029008876256e-05
65,0.0004455992585072682,3.2481305877103163e-06,3.846150401245403e-05,2.2155745528989917e-06,3.7041386257619713e-05,6.224587503785434e-11,9.315755929974303e-09,0.003878054937513236,4.157278941960408e-08,6.253460942011492e-07,8.81344899250146e-08,0.351107135531433,1.2289430236431398e-07,2.526049269133651e-07,1.4084809512571514e-07,2.050469155397201e-08,0.6415163547165367,1.0857638691430328e-05,5.645382342335948e-05,1.6957443908737828e-08,4.812462812309172e-05,0.0027537570677398353,4.606010759547527e-08,4.4859412189030465e-05,5.647208948966956e-05
66,0.0004972783916852741,3.453696972939668e-06,6.193682627937489e-05,3.506854849324852e-06,5.593092578135662e-05,1.5710445751013463e-10,1.5210088568051046e-08,0.005529265687077849,9.199314127821966e-08,1.343947512264007e-06,1.1325748953172835e-07,0.515547426703098,2.0742046381746858e-07,4.56157822897039e-07,1.5549037614073155e-07,5.157027773383478e-08,0.47434930879321463,1.34071557601513e-05,0.00010834763839218742,4.115520844697613e-08,6.142910056984173e-05,0.0036614987739498994,5.161921785323754e-08,3.5628953238727866e-05,6.90525204275202e-05
67,0.00043376572001403615,2.4646707086918603e-06,4.081338421450196e-05,2.216702595167206e-06,3.6062745961686e-05,7.963356385582746e-11,9.639636216976327e-09,0.002733450756815777,3.1674366918703734e-08,5.056584911999361e-07,9.356982066865586e-08,0.449140705888387,1.219243511159051e-07,3.4792170183260955e-07,1.406045967529276e-07,2.7035034605712438e-08,0.5449152729136992,1.115582294925666e-05,4.6604900571806544e-05,1.9015018671422772e-08,4.930627926119617e-05,0.0024958942799750464,6.279902214100585e-08,3.420490053185836e-05,5.672111264098778e-05
68,0.0004339568875799922,3.818739186467044e-06,4.990117124686064e-05,2.561464137981288e-06,5.643498340640669e-05,6.96322249072769e-11,1.043515248340279e-08,0.004749148681037517,5.499528699631136e-08,8.223174635515975e-07,8.388950948179369e-08,0.36890168687012076,1.579961156832518e-07,3.406146425866579e-07,1.6376555286146575e-07,2.7101481889709425e-08,0.6225879511390267,8.70485426207222e-06,8.16200456332681e-05,1.8421855637321825e-08,4.947676623144378e-05,0.0029669121921920816,4.6951694809558606e-08,4.786263335875482e-05,5.8237014191557724e-05
69,0.00043127881593613544,2.991500962272597e-06,3.8130871839623176e-05,2.2442077714195146e-06,3.7611429195666796e-05,6.631448143357282e-11,8.908645074405773e-09,0.0037163208113773945,3.8542751051401175e-08,6.234948014289921e-07,8.753702893943521e-08,0.3733981876648344,1.1779627265535466e-07,2.6066233135897356e-07,1.3240255091942065e-07,2.164007228486133e-08,0.6194575162533144,1.1406423227494128e-05,5.417097144762062e-05,1.735684356436368e-08,5.0324939576937156e-05,0.002700921820628246,4.739514427854295e-08,4.1880953716986934e-05,5.565753341559796e-05
70,0.0004970562140666717,2.827112405993317e-06,4.92921011271134e-05,2.2474271775302114e-06,3.833697493415498e-05,8.29022634247437e-11,9.964367781566003e-09,0.002737521271499692,3.8369954880096366e-08,5.389021668423251e-07,9.228146281702178e-08,0.4876170820842239,1.3534058383260243e-07,3.908336910061221e-07,1.2491461529040483e-07,2.4205267421382103e-08,0.5060930375365196,1.2419431167928617e-05,4.703726253714525e-05,1.9417379358316608e-08,4.617706696067572e-05,0.002759428930509635,5.0529351115591924e-08,3.500089520577776e-05,6.111084992153668e-05
71,0.00044126801065531076,2.4121852762967676e-06,3.582558889631788e-05,2.0648091280512186e-06,2.9372923026918633e-05,5.794337835045512e-11,9.346235723635593e-09,0.003485938325913857,3.1892862216957764e-08,4.980190087549405e-07,8.938435152922677e-08,0.39486891777220806,1.068876538614168e-07,2.4279470767903915e-07,1.1568317961863691e-07,2.1011153308805863e-08,0.5983978444364397,1.1476705426229468e-05,4.790645586625913e-05,1.8129607568886748e-08,4.775929519175772e-05,0.002540529306929552,4.800199184322523e-08,3.77687073785538e-05,4.9734268967570704e-05
