,0,1,2,3,4,5,6,7,8,9,10,11,12,13,14,15,16,17,18,19,20,21,22,23,24
0,9.243846724129249e-05,0.00026837637364004183,6.085794336883888e-07,1.4406649283185516e-06,1.4783504899833195e-07,8.963553074684421e-08,0.001694657971765486,0.00022910429257574797,2.725280929039115e-06,2.2550468224969165e-08,6.203236857147753e-05,0.9739129114541485,7.069398361972199e-05,1.039456611001401e-06,7.426851076737367e-06,0.02045651642424699,0.0005834638892001294,4.5923491450571716e-07,0.00027934087283528267,3.054466022480225e-09,1.2899993635700602e-06,0.0015942975724174528,3.848178346458765e-09,3.1294969197216185e-06,0.0007377798418686856
1,8.68270540583148e-05,0.00033167844139539513,7.816278814840107e-07,1.6796090878427523e-06,1.6590405555136169e-07,1.5225214506266747e-07,0.0022114166293417913,0.00032698521221626606,6.2258519506572395e-06,5.148998782842972e-08,6.593358925810686e-05,0.9630911336599297,8.590317778278037e-05,1.927668088954613e-06,1.1214421959829475e-05,0.02942491514726332,0.0004799847791557583,7.220145650185957e-07,0.0004806705301247235,5.210424215496267e-09,1.7822468128082535e-06,0.002251568097715287,5.38326816304021e-09,4.2731007902225184e-06,0.0011339969007408907
2,7.627724259120453e-05,0.00032150452817157545,6.059439505772947e-07,1.38392348352089e-06,1.6487098963341328e-07,1.295922553549731e-07,0.001822986653244378,0.0003060038944511882,5.470696175693409e-06,3.993714933457107e-08,6.95105914340639e-05,0.9712737224319886,6.776368692138209e-05,1.9604689424378245e-06,1.163781564597336e-05,0.02173719354149365,0.00043527308720211046,5.289896150802939e-07,0.00035479928684988444,4.461307606266491e-09,1.4196240285140847e-06,0.002357216092275579,4.4208877593004426e-09,3.3279885949370442e-06,0.0011510702303499584
3,8.49269447345818e-05,0.0003105835607349703,5.984875434768225e-07,1.4366421635791718e-06,1.505507703736134e-07,1.2523748619490854e-07,0.0018830799065130733,0.00028327312489899675,4.7056893120399205e-06,3.502842583890276e-08,6.801545172507562e-05,0.9719627152792066,7.206193175339265e-05,1.5909068414596867e-06,9.935260754270002e-06,0.021296507062022622,0.000463442392947971,5.493682060690393e-07,0.00037190857527071193,3.7582698948943464e-09,1.440562140700382e-06,0.0021982056207720093,4.370685581380601e-09,3.3203754621745804e-06,0.0009813839113583232
4,8.866321599664666e-05,0.00032069834798212734,6.379309207536817e-07,1.4797642930016991e-06,1.5563314862236022e-07,1.174115390307945e-07,0.0019438997396053737,0.0002874243013737354,4.801501475220376e-06,3.5288072193561105e-08,7.009886076429473e-05,0.9730312682730885,8.040666585797708e-05,1.7479803342732611e-06,9.355717656357854e-06,0.02011391961027263,0.0004607465271675067,5.941368322443311e-07,0.0003736507778420965,4.0082638044733265e-09,1.5841749969664548e-06,0.0022527520964191615,4.416493228476901e-09,3.4733869617589742e-06,0.0009524802326425306
5,9.242298715885121e-05,0.0003302479776959612,6.650654572789958e-07,1.775363085386858e-06,1.7381286757808113e-07,1.3987999998829065e-07,0.0020707494557326914,0.00030619547017295693,5.274082030445336e-06,4.0799126593015423e-08,7.182022349451197e-05,0.9705127621142012,8.287650996653865e-05,1.771325488648862e-06,9.964520522437042e-06,0.022446232917835623,0.0004849709190317655,7.278985487467635e-07,0.0004234148815102226,4.5165598987497665e-09,1.654240452491359e-06,0.002212399736111577,5.3183476201473e-09,3.841318910310947e-06,0.0009398686656909989
6,8.49269447345818e-05,0.0003105835607349703,5.984875434768225e-07,1.4366421635791718e-06,1.505507703736134e-07,1.2523748619490854e-07,0.0018830799065130733,0.00028327312489899675,4.7056893120399205e-06,3.502842583890276e-08,6.801545172507562e-05,0.9719627152792066,7.206193175339265e-05,1.5909068414596867e-06,9.935260754270002e-06,0.021296507062022622,0.000463442392947971,5.493682060690393e-07,0.00037190857527071193,3.7582698948943464e-09,1.440562140700382e-06,0.0021982056207720093,4.370685581380601e-09,3.3203754621745804e-06,0.0009813839113583232
7,0.00013252110686488405,0.00032931335741489415,7.753319854539493e-07,1.607124394539139e-06,1.3736426835274354e-07,9.943562020670999e-08,0.0022023099439294814,0.00032330764872096583,3.782785073960254e-06,3.225789790693053e-08,8.331101453301184e-05,0.9720179760141557,0.000131930546262762,1.4075308907817836e-06,8.980805981078672e-06,0.02067620752664452,0.000457489490968864,7.060247478481038e-07,0.00041914919553595083,4.277019436824324e-09,1.6647221630872926e-06,0.0024878557873952946,3.341444264934409e-09,3.142035870333677e-06,0.0007162853302162357
8,0.00010054108793847616,0.00031472047634258993,8.552364167998817e-07,1.3112505360404875e-06,1.575005805705074e-07,1.1186142043657065e-07,0.0011939283604093616,0.00020664388332717,4.7239041871779945e-06,3.899878916333218e-08,6.043384445380756e-05,0.9731888954353218,6.223277462756275e-05,1.7934317587212863e-06,9.664800498921731e-06,0.020931578481643513,0.0005356422706873036,4.202771583236719e-07,0.00022456029162612015,3.92477012431528e-09,1.1579109783027823e-06,0.0018214586091052415,5.107458890335035e-09,4.840615834809125e-06,0.001334279664128816
9,8.579770425632714e-05,0.00042845366704756613,1.0163781477415834e-06,1.6510890484964139e-06,1.6003555562228085e-07,1.3582081631752396e-07,0.0014024177532908633,0.0002825529046330747,6.09551188715491e-06,6.78384912944931e-08,6.0213020045452136e-05,0.9625932810839902,8.024132817506748e-05,2.551529337853816e-06,1.1191253394146586e-05,0.030389126990377716,0.000581520419744117,5.806688619369693e-07,0.0003368970112302256,6.165557879724828e-09,1.5346925361826412e-06,0.002219562899185255,5.921075315040179e-09,5.5763213368966045e-06,0.001509361991977048
10,8.49269447345818e-05,0.0003105835607349703,5.984875434768225e-07,1.4366421635791718e-06,1.505507703736134e-07,1.2523748619490854e-07,0.0018830799065130733,0.00028327312489899675,4.7056893120399205e-06,3.502842583890276e-08,6.801545172507562e-05,0.9719627152792066,7.206193175339265e-05,1.5909068414596867e-06,9.935260754270002e-06,0.021296507062022622,0.000463442392947971,5.493682060690393e-07,0.00037190857527071193,3.7582698948943464e-09,1.440562140700382e-06,0.0021982056207720093,4.370685581380601e-09,3.3203754621745804e-06,0.0009813839113583232
11,8.748643938124532e-05,0.00030688366584525543,6.093928562642521e-07,1.4536191460725517e-06,1.5154461544407304e-07,1.1811256609511388e-07,0.0019111032946710856,0.0002771175447163114,4.606919394297436e-06,3.342701390102029e-08,6.817512149088451e-05,0.97264468507183,7.743549469093061e-05,1.5806781609671532e-06,9.547632154103268e-06,0.020649914000280253,0.0004569314593703644,5.559640759223915e-07,0.0003652036879894764,3.856763445219771e-09,1.4695872342286683e-06,0.002190751364782578,4.283708420993313e-09,3.431066853538981e-06,0.0009407467704087595
12,9.756014121176996e-05,0.00034755864136979027,5.040374752200422e-07,1.9792378460656217e-06,8.748587636816233e-08,1.2019845626051548e-07,0.002282290345452209,0.000361352145278049,4.219766417934207e-06,3.6445865436656735e-08,6.311137200755075e-05,0.9675193521619155,0.00010119706306876919,1.2269202864256213e-06,1.1152846371712859e-05,0.02481699585903303,0.0003951754461077808,6.597479324804565e-07,0.0006565155285504717,2.891183073764788e-09,1.3700834489064065e-06,0.002642171377218458,3.443520260185903e-09,2.588628907701624e-06,0.0006927681851986428
13,6.791458244822672e-05,0.00021497819792686866,3.712277983432031e-07,7.086605541154122e-07,1.0593571791011359e-07,5.409126164951127e-08,0.0011438514183827442,0.00024618576575166477,2.604900347951651e-06,1.4534578258363593e-08,7.675048455915756e-05,0.9852032625640984,4.963521760857213e-05,1.4210082778711229e-06,6.998004029015982e-06,0.009719873022640905,0.0002887483687295444,2.9220355333551315e-07,0.0001785043314111945,2.1332659508341082e-09,9.557594150763959e-07,0.0020225696530308535,1.7889004328599982e-09,1.594324630206615e-06,0.0007726018210816824
14,8.753912248308527e-05,0.0003480424504711283,6.077864733288599e-07,1.5947240760795422e-06,1.6718142948320814e-07,1.2927626123068486e-07,0.002003038883874986,0.00029146265184528465,4.783309400212899e-06,3.707347833676088e-08,7.375372605560454e-05,0.9717842148185644,7.79289735577444e-05,1.6663438770522127e-06,9.98808157407345e-06,0.02114003651267514,0.0005014391215609923,6.12751455371935e-07,0.00042412676873778874,3.888102405643359e-09,1.6426165357738242e-06,0.0022829627148983982,4.732764319415885e-09,3.495300833564476e-06,0.0009607211890143522
15,8.49269447345818e-05,0.0003105835607349703,5.984875434768225e-07,1.4366421635791718e-06,1.505507703736134e-07,1.2523748619490854e-07,0.0018830799065130733,0.00028327312489899675,4.7056893120399205e-06,3.502842583890276e-08,6.801545172507562e-05,0.9719627152792066,7.206193175339265e-05,1.5909068414596867e-06,9.935260754270002e-06,0.021296507062022622,0.000463442392947971,5.493682060690393e-07,0.00037190857527071193,3.7582698948943464e-09,1.440562140700382e-06,0.0021982056207720093,4.370685581380601e-09,3.3203754621745804e-06,0.0009813839113583232
16,8.716187856253686e-05,0.0003158086787133208,6.343264909352081e-07,1.4709914529140814e-06,1.5564865219622392e-07,1.2908566588052987e-07,0.001915458203903424,0.00028542316304299597,4.8320987427636415e-06,3.6398594933573036e-08,6.84598637431501e-05,0.9713633633872255,7.371506281774139e-05,1.619295719246243e-06,9.885384478440661e-06,0.021839698187921093,0.0004783792319640714,5.654588032928106e-07,0.0003733401796235991,3.9053638241374366e-09,1.4900890354643253e-06,0.0021777394305102626,4.581074484384656e-09,3.493077214442061e-06,0.0009971323906836568
17,8.50953372111054e-05,0.0002451609776017593,5.375347805038454e-07,1.1603776784755053e-06,1.7830810150346792e-07,8.822253980300706e-08,0.001972075416863603,0.00020585997020687225,4.1338876905814444e-06,2.009885777553119e-08,7.058756060800225e-05,0.9813582185541379,6.88646140250147e-05,1.5637714886578997e-06,5.944882615583433e-06,0.012747724599105496,0.00042742257176761074,5.320584694472695e-07,0.0002616486627215565,3.037435643327791e-09,1.6465985357834433e-06,0.0017447218401703084,4.319441173370702e-09,3.5189530171384944e-06,0.0007932878449290196
18,6.088829226915394e-05,0.00026239743641059173,5.49745298265801e-07,9.158224647382962e-07,1.268170747519937e-07,1.0443922693079295e-07,0.0016394298674245827,0.00022338971579446236,4.165573579843045e-06,2.9975628858368085e-08,5.846904349790455e-05,0.9727594048140661,5.0677551136008436e-05,1.7607652258175063e-06,8.650622366958085e-06,0.021056992399745324,0.00047609915919036684,4.250054626802306e-07,0.0002984221453896907,3.406942493831062e-09,1.5101634269686695e-06,0.0018081903741607335,4.48963706102939e-09,3.395675158150745e-06,0.0012839966994217078
19,7.085446078775417e-05,0.0003353187675293416,5.2447558837811e-07,1.834222380856332e-06,1.6101686593822447e-07,1.4733073797908772e-07,0.001828135905658061,0.0002658926079923258,5.437469907121399e-06,4.0112376753024575e-08,5.546289596275227e-05,0.9720614766431642,6.527930624401823e-05,1.5837896849215433e-06,1.1609867282535922e-05,0.02125310038158567,0.00043347584223787456,4.713247816511741e-07,0.00036103677985606483,3.749999002537353e-09,1.090167421438482e-06,0.002267154249543993,4.43911081913904e-09,3.1984651479968695e-06,0.0009767057281526404
20,8.421061479901042e-05,0.00036620280361538267,5.45269006128139e-07,1.5778065312321559e-06,1.5680724053694258e-07,1.2591262744629996e-07,0.0019672653736947437,0.00035212087584712853,5.258808567909543e-06,3.9645495032720616e-08,7.943148280051019e-05,0.9722516139346966,8.659174847938658e-05,1.9678026918437813e-06,1.2022068974742182e-05,0.019802748638147155,0.00043594786362553654,5.793663942833629e-07,0.0004485936348356435,4.318687769892316e-09,1.5676913744469358e-06,0.0031235535219202395,3.873277132190122e-09,2.970113848859847e-06,0.0009749000228212223
21,8.206104836312875e-05,0.00036097945593655786,5.51086639468463e-07,1.6450228757325499e-06,1.7790500411513083e-07,1.700034393651634e-07,0.002159773553203602,0.0003163410536437085,5.8489751250109425e-06,4.228642323059505e-08,7.652754612519083e-05,0.9700002832022451,7.098292078125028e-05,1.6847200683595264e-06,1.333963817159611e-05,0.02207847550570425,0.0004864411830099302,5.42019558391347e-07,0.00048723196328594745,3.847565551451533e-09,1.542341561247521e-06,0.002738332212632513,4.900733455493619e-09,3.314728413245574e-06,0.0011137028794902626
22,0.00011694888902724756,0.00036549723740573304,8.689831304927838e-07,1.6519795542164546e-06,1.5885759182286906e-07,1.50875462351841e-07,0.0019307794007296466,0.00039309394182807176,4.204563886609486e-06,4.81446758986098e-08,8.336255621177631e-05,0.9672054531656035,8.725414584085495e-05,1.879236749527957e-06,9.332545963160396e-06,0.025134532528813675,0.0007097068599944918,8.231842717945712e-07,0.0004362887615804767,4.582906967945743e-09,2.1118085967149162e-06,0.0025585088917164326,5.699560822555824e-09,3.3626206734754495e-06,0.0009539705382242329
23,8.49269447345818e-05,0.0003105835607349703,5.984875434768225e-07,1.4366421635791718e-06,1.505507703736134e-07,1.2523748619490854e-07,0.0018830799065130733,0.00028327312489899675,4.7056893120399205e-06,3.502842583890276e-08,6.801545172507562e-05,0.9719627152792066,7.206193175339265e-05,1.5909068414596867e-06,9.935260754270002e-06,0.021296507062022622,0.000463442392947971,5.493682060690393e-07,0.00037190857527071193,3.7582698948943464e-09,1.440562140700382e-06,0.0021982056207720093,4.370685581380601e-09,3.3203754621745804e-06,0.0009813839113583232
24,8.113253174861401e-05,0.00041533927508689,5.680206088485542e-07,2.0775319350054366e-06,1.6436444534609173e-07,1.3719777564933428e-07,0.002066385919639831,0.00032222467344439153,5.179140862344821e-06,4.492105866943597e-08,6.80935056997088e-05,0.9692542252434448,8.248742609641919e-05,1.841302286008193e-06,1.1384343063454494e-05,0.023145696663083814,0.0005144452537844954,6.761495194256011e-07,0.0005291964621724038,4.0834759137225595e-09,1.6430801571485244e-06,0.0025409639710480365,5.129188702758875e-09,3.4910204568388555e-06,0.0009525927899173034
25,7.729193949115241e-05,0.000213634611748281,4.708731568514815e-07,1.1973726226403372e-06,1.4838570911924704e-07,9.568146029104222e-08,0.002129893939578583,0.0003716636900882559,3.2464006765654253e-06,2.143881462648434e-08,7.927644804055358e-05,0.9773088337640675,6.954358515251114e-05,1.3464218805850767e-06,6.151476708044508e-06,0.01654012953385969,0.0003866539278410705,7.001772378263209e-07,0.000306361625263138,3.6197391016145824e-09,1.5651576358836468e-06,0.001885725847074053,3.400784291887263e-09,2.2058862476599218e-06,0.0006138347951217089
26,0.00012742675091133394,0.00033456481873214163,1.0959470458637293e-06,1.8310565808749935e-06,2.3881608656789886e-07,1.5144153052234915e-07,0.0019833558283809836,0.00024788051576268784,7.522105061968559e-06,4.8852633186533814e-08,7.268937029464081e-05,0.9703387688152464,9.173169815414839e-05,2.260648769949198e-06,8.647295994269416e-06,0.02283692075592136,0.0005509978325339864,8.692956311610434e-07,0.0003381083466351858,5.711136469432709e-09,1.9731398111672715e-06,0.0018681808834238168,8.083470440798827e-09,6.970192635611664e-06,0.0011777517976156058
27,7.805549743887167e-05,0.00032699910833088,4.82064657321508e-07,1.5348799186944509e-06,1.5293388212573583e-07,1.4394016001980792e-07,0.0017413666724318125,0.00029435496297926125,5.936822332070942e-06,3.860067204842672e-08,6.50641583965e-05,0.9717817641118583,6.706300726040303e-05,1.6001840953943092e-06,1.2881644228129975e-05,0.021016122243300937,0.00038030071197585645,4.729786380107174e-07,0.00039500861563169316,3.7227008548144884e-09,1.1034149290782764e-06,0.002768602555437165,3.90337822913362e-09,3.132006460226441e-06,0.0010578112589060982
28,8.49269447345818e-05,0.0003105835607349703,5.984875434768225e-07,1.4366421635791718e-06,1.505507703736134e-07,1.2523748619490854e-07,0.0018830799065130733,0.00028327312489899675,4.7056893120399205e-06,3.502842583890276e-08,6.801545172507562e-05,0.9719627152792066,7.206193175339265e-05,1.5909068414596867e-06,9.935260754270002e-06,0.021296507062022622,0.000463442392947971,5.493682060690393e-07,0.00037190857527071193,3.7582698948943464e-09,1.440562140700382e-06,0.0021982056207720093,4.370685581380601e-09,3.3203754621745804e-06,0.0009813839113583232
29,8.49269447345818e-05,0.0003105835607349703,5.984875434768225e-07,1.4366421635791718e-06,1.505507703736134e-07,1.2523748619490854e-07,0.0018830799065130733,0.00028327312489899675,4.7056893120399205e-06,3.502842583890276e-08,6.801545172507562e-05,0.9719627152792066,7.206193175339265e-05,1.5909068414596867e-06,9.935260754270002e-06,0.021296507062022622,0.000463442392947971,5.493682060690393e-07,0.00037190857527071193,3.7582698948943464e-09,1.440562140700382e-06,0.0021982056207720093,4.370685581380601e-09,3.3203754621745804e-06,0.0009813839113583232
30,8.49269447345818e-05,0.0003105835607349703,5.984875434768225e-07,1.4366421635791718e-06,1.505507703736134e-07,1.2523748619490854e-07,0.0018830799065130733,0.00028327312489899675,4.7056893120399205e-06,3.502842583890276e-08,6.801545172507562e-05,0.9719627152792066,7.206193175339265e-05,1.5909068414596867e-06,9.935260754270002e-06,0.021296507062022622,0.000463442392947971,5.493682060690393e-07,0.00037190857527071193,3.7582698948943464e-09,1.440562140700382e-06,0.0021982056207720093,4.370685581380601e-09,3.3203754621745804e-06,0.0009813839113583232
31,0.00010744023801211575,0.00031791543128417243,8.053968187720867e-07,1.2852071790060892e-06,1.2949851006172505e-07,1.0630455657190733e-07,0.001757236789396252,0.00037841444404525135,3.874138408754437e-06,3.8146651942025815e-08,7.246547770749318e-05,0.969967095039133,7.944865352913881e-05,1.7667260454692318e-06,7.475460686577018e-06,0.023330905058405627,0.0005385327532296456,6.954011463610827e-07,0.00033501291982957393,3.930683439923581e-09,1.7612717485127791e-06,0.002187202281684309,4.18255886371003e-09,3.083141100995056e-06,0.0009073021076481503
32,8.438405466557748e-05,0.0003185781508277781,5.851886400059894e-07,1.5460604910583494e-06,1.5608021427694654e-07,1.3340379336461463e-07,0.002007159178939199,0.0002944286576240431,4.855265621468727e-06,3.666335123546388e-08,7.031244628445126e-05,0.9703489284800432,7.492215391536222e-05,1.5852882096607278e-06,1.0904668245156192e-05,0.02255691350678369,0.0004777636659261862,5.784360014183456e-07,0.0004332124287889709,3.8893323794701764e-09,1.5440845213815973e-06,0.0023110866632213185,4.626383525035749e-09,3.428280959188511e-06,0.0009969486772162441
33,7.9730902590456e-05,0.00022038892101783632,3.646206658469486e-07,1.1463560891060968e-06,9.538761711072016e-08,6.737724081556248e-08,0.0016533814724868062,0.0002413708671871706,2.1892326618271945e-06,1.5145593178545008e-08,5.964223495517021e-05,0.9787742388720043,6.823375636088828e-05,8.639221525853593e-07,5.586511084408642e-06,0.015848125469991745,0.00041291654280797054,4.587977107165296e-07,0.0002925707028812972,2.1648365882626246e-09,1.1125213855724942e-06,0.001801333839458993,2.576996353541269e-09,2.1486213991314077e-06,0.0005340131828241498
34,0.00018019589829487557,0.00028541340751268455,8.350112957381135e-07,1.8954474238393566e-06,2.0072011673497108e-07,1.310070713033935e-07,0.0023806775541815083,0.0003161365498028955,5.777137139201226e-06,3.20170668207327e-08,0.00010240323537696839,0.9746499990474928,0.0001190294715850182,1.5138590186711985e-06,1.087608241611555e-05,0.017764120976423502,0.0004244637398688288,8.62524959036559e-07,0.0004726964928125565,3.867396905004765e-09,1.9266021043313465e-06,0.0024705802676739746,4.874916332308577e-09,4.225056980402687e-06,0.0008059991510692933
35,4.6324456051810755e-05,0.0007318177203788748,1.2128355134401323e-06,2.499640715000151e-06,4.687739014957661e-07,1.5195130287175751e-07,0.0025199553763998747,0.00017165621584312404,6.743620226635658e-06,6.512983146498771e-08,7.733748253693483e-05,0.965706618330173,9.574299180479222e-05,4.445811263192563e-06,2.6434107284957503e-05,0.02462832942592477,0.0009154591017867627,3.188141171524392e-07,0.0004102578957811213,1.103471120209787e-08,3.1820974906764947e-06,0.00192130336658154,1.0310043323967e-08,7.361203930024679e-06,0.0027222923064057084
36,0.00014346515683144422,0.0003366122532827658,1.5201502895997964e-06,1.438992849573049e-06,1.2426027064609543e-06,1.8370314655550402e-07,0.00350156416370741,9.961446087150845e-05,7.900487244673196e-06,2.4308165264931463e-08,0.00023718948562960788,0.9807899306491485,8.234069203542266e-05,2.323940488908921e-06,1.2441875910369794e-05,0.010242114454159701,0.0007338799927617441,6.640835411069212e-07,0.0004047150881986153,5.439410053365463e-09,7.1398293325536384e-06,0.0009483204031046139,1.924079966222903e-08,1.9219982808906347e-05,0.0024261285635749784
37,8.271037590970338e-05,0.0003162844183797483,5.852863469583583e-07,1.4492352711403923e-06,1.4930162586550024e-07,1.2827304308835133e-07,0.0018731752145848698,0.0002908321697307258,4.7288086300312095e-06,3.593450345974222e-08,6.806745994482331e-05,0.9715466778454216,7.076075532125161e-05,1.601310722108188e-06,1.0321054596310318e-05,0.021630573657013017,0.0004642833346346955,5.402245236650714e-07,0.00038064484875529665,3.752391595806163e-09,1.425621935194012e-06,0.0022564011350735763,4.3372126911415915e-09,3.228779529716729e-06,0.0009953868648989808
38,0.00010437065869854446,0.00028198542550454876,7.400120312367715e-07,1.8557672569846336e-06,1.3675978104595753e-07,1.9281255960814693e-07,0.003005533413286137,0.0003640504001990941,4.876476450527354e-06,4.5454168139112e-08,6.671799247207656e-05,0.9532408965954623,0.00010231498662574651,1.2968352074853011e-06,1.273320747001778e-05,0.038318150330483136,0.0005701658549982216,8.743682414809377e-07,0.0006462126513383804,5.237166579963852e-09,1.974971981411881e-06,0.0023500788973633766,5.949130865456418e-09,3.7663555996905225e-06,0.0009210185865234816
39,0.00011140601827666115,0.0010495502999422822,9.06321731227522e-07,4.378889702836843e-06,4.031380839821617e-07,1.648050825616263e-07,0.001975523383562183,0.00017477179654561877,1.601424666806414e-05,9.590335268012051e-08,8.321943144638726e-05,0.9724877983360217,0.00013143263155042487,4.513878215746879e-06,2.5072659387511664e-05,0.01775217559102897,0.0005085319307264214,7.235187843089706e-07,0.0006576471599459179,6.674022912031637e-09,1.6257716456325281e-06,0.0031822877061904275,8.88074059777884e-09,8.973230951535398e-06,0.0018227677963933914
40,8.429256455383995e-05,0.0003012716681281244,5.881045201961726e-07,1.3314477491681383e-06,1.462132312649238e-07,1.1627859279068378e-07,0.001776384355938709,0.0002664059621323136,4.441699411052785e-06,3.209712315038205e-08,6.696362480159306e-05,0.9739075014089477,6.901734713592659e-05,1.5560297754409094e-06,9.637744756256458e-06,0.019597915663841132,0.0004508731212009636,4.930949739105044e-07,0.0003313377195879082,3.5120152468009185e-09,1.347965118090371e-06,0.002152627036795806,4.007034151906519e-09,3.122235010541626e-06,0.000972589097624564
41,9.254420400744364e-05,0.0003082444323397329,5.900559912849322e-07,1.905273636927736e-06,1.928306534082304e-07,1.7120843949357172e-07,0.0017467286980797758,0.0002819384486602254,5.958061858440746e-06,4.018929563999996e-08,6.958499550613429e-05,0.9723233973285548,6.504069071531804e-05,1.427621607049762e-06,1.4648521601733706e-05,0.020969148470201017,0.0004099123894575294,4.818585977981631e-07,0.0003671587710602786,3.720537625106409e-09,1.0362006184970443e-06,0.00230011298388197,4.4959891759981345e-09,3.3005861576764548e-06,0.0010364279625511218
42,7.56957629056212e-05,0.00034379484961721325,4.676160374781893e-07,1.574326463749377e-06,1.1796359177572243e-07,1.3944530532629873e-07,0.001759960946299467,0.00036099017598277566,4.163429503394557e-06,3.909683711872731e-08,6.23679839335179e-05,0.9637693641650195,7.578214163539452e-05,1.2493345286017167e-06,1.3032032951026586e-05,0.02834966733225872,0.0004980233977820801,4.3570663575279794e-07,0.00048021176933167435,3.633631513765685e-09,1.1373879276874893e-06,0.0032705095092849996,3.2011419294565002e-09,2.555184361137544e-06,0.0009287136070324325
43,9.265201891622318e-05,0.00044261897579162126,7.96924229277423e-07,2.3126740619694844e-06,2.0316829899432317e-07,3.028048941961041e-07,0.0026295274460322814,0.0004970251891618507,7.998389897797108e-06,8.775596506704626e-08,8.320614442473912e-05,0.9511789405110905,9.162877331842068e-05,2.2000645972572944e-06,1.974771530978458e-05,0.03854393487781282,0.0006258044409788133,8.382539705856019e-07,0.0007799942858334704,6.697045455377697e-09,2.2156065683934867e-06,0.0036195441839498702,7.397210870211266e-09,4.152217902806004e-06,0.0013742534827370066
44,8.49269447345818e-05,0.0003105835607349703,5.984875434768225e-07,1.4366421635791718e-06,1.505507703736134e-07,1.2523748619490854e-07,0.0018830799065130733,0.00028327312489899675,4.7056893120399205e-06,3.502842583890276e-08,6.801545172507562e-05,0.9719627152792066,7.206193175339265e-05,1.5909068414596867e-06,9.935260754270002e-06,0.021296507062022622,0.000463442392947971,5.493682060690393e-07,0.00037190857527071193,3.7582698948943464e-09,1.440562140700382e-06,0.0021982056207720093,4.370685581380601e-09,3.3203754621745804e-06,0.0009813839113583232
45,8.352362886303644e-05,0.000273949445368626,5.27745503529972e-07,1.6363062319596601e-06,1.5836063339051405e-07,1.4796368547160884e-07,0.0022150665815090643,0.0003094220320687139,5.044456706117427e-06,3.3756688971579655e-08,6.80343655328007e-05,0.969992872623201,7.489139916919893e-05,1.3307476838406394e-06,1.223339784301667e-05,0.022883226103072835,0.0004112294635678187,5.463385617404257e-07,0.0004262892973488213,3.900466760065895e-09,1.2844445345161337e-06,0.002337675749422463,4.130774932023583e-09,3.0365343440974326e-06,0.0008978312272174291
46,0.00010857584668815968,0.0005696643353582104,1.9971576404661076e-06,2.9728373667874518e-06,4.603772377681152e-07,3.407070177899377e-07,0.0054855015563664775,0.0006059350608960773,4.179481929606146e-05,2.1285524223472346e-07,0.00011943383472656487,0.94651463864033,0.0001983303117820295,9.565700205588023e-06,2.061672080800479e-05,0.039320560318228295,0.0002829322181011536,2.926461115685243e-06,0.0012909967387806597,2.130261239360413e-08,6.40023385091768e-06,0.0030995955131892794,1.4161549624456063e-08,1.2659913691815365e-05,0.0023038523779181606
47,7.917311644500413e-05,0.0002841580618041874,3.7293812490567026e-07,8.777952915911807e-07,7.88401563887245e-08,7.325468309788915e-08,0.0012600190349106326,0.0002108077830290713,2.8924706809933628e-06,2.0116701097946517e-08,4.967951938421043e-05,0.9771757261967765,6.135701582848276e-05,9.303818959584025e-07,6.780350460924539e-06,0.01726944135751364,0.0003606817883910845,2.987054057145532e-07,0.00022608788058940292,2.1597708514708737e-09,6.96347089796221e-07,0.002261264267154956,2.0288474241148064e-09,2.1983882913290545e-06,0.0007463802007725846
48,8.368602461570792e-05,0.0002724123164842264,6.217968084326709e-07,1.3277543500581596e-06,1.5541202343239946e-07,1.1949141822846242e-07,0.0018537714105199665,0.0002621386204389746,4.9665446767978446e-06,3.250371834052475e-08,6.692521829130547e-05,0.9732073574504676,7.084887933689363e-05,1.5872395791410616e-06,9.538380145649469e-06,0.020456418006064923,0.00040272772554581215,5.364716332452175e-07,0.00032829181891118445,3.9169664088578285e-09,1.3770830626678657e-06,0.001974324018202743,4.20155578393945e-09,3.534224850581791e-06,0.0009972934903320783
49,8.18351253857743e-05,0.0002653181156545481,6.020503926360745e-07,1.2095387363035691e-06,1.375653162041413e-07,1.176964374804342e-07,0.0016225083102999827,0.00026674568164836984,4.158641589965554e-06,3.008552529288896e-08,6.44277634866176e-05,0.9757483473080928,6.375168012668887e-05,1.4963462757671838e-06,7.955572048151012e-06,0.018337582290709427,0.00042296917432272247,4.906465832696893e-07,0.00026088978748577807,3.5503846153863193e-09,1.2182677510651884e-06,0.0019523226680544616,3.82959360983222e-09,2.913789530509745e-06,0.0008929645145678599
50,8.36392298854392e-05,0.000345811219063906,6.049395067277981e-07,1.6629634212503922e-06,1.4947498870951446e-07,1.6971390843031332e-07,0.002613356309959452,0.0003973225446775314,5.744820872054041e-06,4.835787288340699e-08,7.172763492935683e-05,0.9658274964225102,8.293605385411643e-05,1.8003594927919482e-06,1.222032342237749e-05,0.02565544231789453,0.0004774853139797448,6.869936089551296e-07,0.0005738036316057297,4.25561677163065e-09,1.8038433162480707e-06,0.0028194001350870528,4.898631139463429e-09,2.990213995166008e-06,0.0010236880278994014
51,8.063574500817739e-05,0.0003816877790263209,5.250458471574815e-07,1.617899924683023e-06,1.4044760303216306e-07,1.1767247016626711e-07,0.0016894925333616141,0.00030875471518002274,4.63884879604385e-06,3.770030855201827e-08,6.88645634202236e-05,0.9737659717439413,7.268435963348042e-05,1.7247338786810512e-06,1.0822571221560047e-05,0.01930692566958533,0.0004342495082132875,5.248326652533507e-07,0.00039259833487439603,3.51667237830722e-09,1.2733573441452998e-06,0.0025383984850867584,3.815426126848345e-09,2.813591903866807e-06,0.0009354925286074802
52,5.5785688915458075e-05,0.0002204483486774877,4.7092236777092904e-07,7.187077282510996e-07,1.5891365960204796e-07,6.224590571660063e-08,0.0015281387448014597,0.00012904163625430053,2.976289305465215e-06,1.2707355115536346e-08,5.5694158165106675e-05,0.9849561736967837,4.270889945688962e-05,1.2581133507158362e-06,5.118064123566788e-06,0.010298783782512321,0.0003999177251805415,2.3071516683683092e-07,0.00014970976206050946,2.059970272132015e-09,1.2206982395449334e-06,0.0011734089878472091,3.2003792176957324e-09,3.0116195089008756e-06,0.000974944312283997
53,8.848858477050777e-05,0.00032661119750393566,6.228076524999517e-07,1.508874196238719e-06,1.5440705448603825e-07,1.289400149270943e-07,0.0018563238116606475,0.0002914193115091948,4.795236841847183e-06,3.736141991011647e-08,6.999875076722508e-05,0.9713102756283856,7.46357888789743e-05,1.637205336964201e-06,1.0290455191648873e-05,0.02179895845257739,0.0004819870095386768,5.671900913107391e-07,0.0003876751490312366,3.86491864465448e-09,1.4787460289201573e-06,0.0022914161895491074,4.489231051190366e-09,3.4180468929411053e-06,0.000997562500956109
54,0.0010714923177014494,0.0003557715313976661,2.2961350795150983e-06,1.3177923612142997e-05,8.798120511577988e-07,7.458626779117821e-07,0.012530871278880727,0.0011203206912524623,6.052619370495377e-06,5.308245401702593e-08,0.0005353914844795123,0.9495676764889486,0.0004943985945140406,1.4552886715477876e-06,1.0607606769199133e-05,0.024047813423776276,0.0027697353239529068,1.3833399639654085e-05,0.003182055221172778,8.704807197883867e-09,2.360342792194719e-05,0.003944811961023242,4.8753536068831656e-08,9.762891596726703e-06,0.0002971361747128138
55,0.00030540729269025387,0.014363540762364147,8.002820070271338e-06,1.8093504374137028e-05,3.6111337312644057e-07,1.8021881876501237e-06,0.0020721780233171213,0.006978047245100616,1.069209596922444e-05,8.708451358202104e-06,0.00032839959548210975,0.4680146833576419,0.0005585380678956106,2.504073092260569e-05,0.0003449900179976538,0.4015782356800199,0.018226197887804312,3.932467251143292e-06,0.01621092968731133,8.250910337060479e-08,3.011689789057453e-05,0.06526747185353261,4.024356563803802e-08,5.501596878118577e-06,0.005639005909898402
56,8.632192612216994e-05,0.0003083951514902432,5.969085156929308e-07,1.4336052171563418e-06,1.4929275264697304e-07,1.2169231914027098e-07,0.0018940567912370898,0.00028080408056180045,4.631310500972563e-06,3.397582021523575e-08,6.832947954276649e-05,0.9725688621369384,7.407990776287545e-05,1.5803430461429536e-06,9.688675845236457e-06,0.02070862836991889,0.0004593668639848377,5.528955511937075e-07,0.00036931048561989426,3.745307037861954e-09,1.4511949040396525e-06,0.002202605847039432,4.319761894855416e-09,3.3257298353744797e-06,0.0009556652704049633
57,0.0011791412024411872,9.86074525323232e-05,4.7052497121382216e-06,8.71621968704456e-06,2.6249111803990473e-06,1.3700154093942924e-05,0.0013751088137097466,0.0006355681683609402,0.0001432388316409808,2.3460935892731654e-07,0.00022469361960396374,0.984148129382333,1.17171163438985e-05,9.442694669162942e-06,4.800112691223539e-05,0.00781293498157054,0.000546975660431357,3.3682067882184797e-06,1.0859222728620385e-05,2.2733712893368526e-08,2.1610350245924724e-07,0.001105033290832443,3.028540716499426e-07,8.057675105648247e-06,0.002608599718676202
58,8.519218735975345e-05,0.00030517762040747703,6.259572024875462e-07,1.4577036230545658e-06,1.6924303773544488e-07,1.2242594084643214e-07,0.0019548440539079704,0.00025118340117826225,5.001754086595789e-06,3.385188710941382e-08,6.907096211516568e-05,0.972233715599228,7.73209996268425e-05,1.6096750165908089e-06,9.699227049135511e-06,0.02108031918739224,0.0004584772280714687,5.643753320611101e-07,0.00037676454591855686,4.112784383531432e-09,1.5703739439125967e-06,0.002065041336793054,4.789791467790898e-09,4.104969442416224e-06,0.001017924418863583
59,8.763896660617136e-05,0.00031903042048571535,6.959377852580284e-07,1.4468866603791618e-06,1.6537616477371682e-07,1.2823582692899483e-07,0.0018816005282539412,0.00026662007719859877,5.0974688438822226e-06,3.7999088842081375e-08,6.829668152023898e-05,0.9709156944783787,7.647749002654645e-05,1.733144551809895e-06,9.646138995114979e-06,0.022342209004434725,0.0004875120013711107,5.758921902174503e-07,0.00036171268486290736,4.30924753392766e-09,1.5959794608168772e-06,0.0020971083167308172,4.958121660962924e-09,4.1076362393128695e-06,0.001070859386953843
60,8.49269447345818e-05,0.0003105835607349703,5.984875434768225e-07,1.4366421635791718e-06,1.505507703736134e-07,1.2523748619490854e-07,0.0018830799065130733,0.00028327312489899675,4.7056893120399205e-06,3.502842583890276e-08,6.801545172507562e-05,0.9719627152792066,7.206193175339265e-05,1.5909068414596867e-06,9.935260754270002e-06,0.021296507062022622,0.000463442392947971,5.493682060690393e-07,0.00037190857527071193,3.7582698948943464e-09,1.440562140700382e-06,0.0021982056207720093,4.370685581380601e-09,3.3203754621745804e-06,0.0009813839113583232
61,9.232359123099346e-05,0.00031106141997225414,7.294521481015829e-07,1.4539569780432063e-06,1.710760999930828e-07,1.2929919877219142e-07,0.0019057689107624886,0.00026747841577046355,5.310318794960715e-06,3.815085182571019e-08,6.967204000868226e-05,0.9715444541144672,7.719175589228643e-05,1.7635708641372504e-06,9.360867869055348e-06,0.021764539916219655,0.0004777370009971475,6.054446323571022e-07,0.00035661055872636464,4.31103939909991e-09,1.634108403361789e-06,0.0020428771288798268,5.109244692011901e-09,4.261630107230813e-06,0.0010648178508405146
62,8.49269447345818e-05,0.0003105835607349703,5.984875434768225e-07,1.4366421635791718e-06,1.505507703736134e-07,1.2523748619490854e-07,0.0018830799065130733,0.00028327312489899675,4.7056893120399205e-06,3.502842583890276e-08,6.801545172507562e-05,0.9719627152792066,7.206193175339265e-05,1.5909068414596867e-06,9.935260754270002e-06,0.021296507062022622,0.000463442392947971,5.493682060690393e-07,0.00037190857527071193,3.7582698948943464e-09,1.440562140700382e-06,0.0021982056207720093,4.370685581380601e-09,3.3203754621745804e-06,0.0009813839113583232
63,8.264947823713072e-05,0.0003379496796042576,5.79085745357902e-07,1.4597258545331377e-06,1.4913565421354128e-07,1.2168932451119241e-07,0.0018234425399297606,0.0002817042159665605,4.694112444994861e-06,3.592145449449683e-08,6.736303173603982e-05,0.9721501825296701,7.160934399231252e-05,1.6325174009290654e-06,1.0089112745238292e-05,0.021045573359271874,0.0004693355906184546,5.326564488466869e-07,0.0003803584191011828,3.682552741857917e-09,1.4248524600183254e-06,0.002269358695315469,4.3076321711745116e-09,3.3115614326324364e-06,0.0009964347554065256
64,9.018246727085378e-05,0.0003220568150353994,6.767798993685196e-07,1.4596121211615516e-06,1.678616453109071e-07,1.244735489377469e-07,0.0021056188575734333,0.00029501220769059393,4.735724354036265e-06,3.596642104116799e-08,7.499302259877054e-05,0.9712837905547589,7.975846410176363e-05,1.7717625533937472e-06,9.45900621778729e-06,0.02159824110692346,0.000521402967209002,6.381383318854105e-07,0.0004124711087742763,4.113810086279765e-09,1.9115169445655075e-06,0.0021870800905714563,5.041493019751868e-09,3.7126963271382175e-06,0.0010046896438243992
65,8.36312132063626e-05,0.00031737929751354663,6.088083841740237e-07,1.4050020848545025e-06,1.4911588129907962e-07,1.214720445479117e-07,0.0018411913288800342,0.000280694941191831,4.810747084770232e-06,3.572940505919872e-08,6.676787647729106e-05,0.972097806585361,7.234800959524454e-05,1.6593001926291047e-06,9.773457878384296e-06,0.021193424317853572,0.0004555607375932048,5.397634032994087e-07,0.00035989379974609375,3.8321041917406555e-09,1.4263939387581329e-06,0.0022041903225380063,4.293758396879084e-09,3.371565763958543e-06,0.0010032020881193932
66,0.00011078016409071441,0.0002888697500721515,8.810845935029375e-07,1.4260197402813026e-06,1.5024424061362804e-07,1.0777363338282471e-07,0.0022413812673681287,0.00036318011739404045,4.5510302079279425e-06,3.8510821710199915e-08,7.38272849069954e-05,0.9675243377650726,0.00011640423342996037,1.6555982573558909e-06,8.45340424422718e-06,0.025370494602618532,0.0004289129927344687,7.402541290874552e-07,0.0003622782391861311,5.458624793028461e-09,1.6863549060015486e-06,0.0022723791986728734,3.4694060232200056e-09,3.3652353350368073e-06,0.0008240899463135096
67,0.00015825459960921295,0.0004422357220206664,2.984559689864794e-06,2.6149115892035888e-06,2.9005532084523995e-07,2.1013246174825509e-07,0.0030961427492913777,0.0004264223558388014,5.5961642047686985e-06,1.0016893234441468e-07,0.0001088000299304531,0.9385289169604243,0.00018749284039453457,4.056025907059134e-06,1.1297426824121064e-05,0.05146103540144889,0.0014589767475387382,2.014127475507722e-06,0.0006044506922651237,1.8487724879155568e-08,7.104577672048597e-06,0.0018820414814752133,2.0271519063723212e-08,1.0526200173511422e-05,0.0015983973102676077
68,9.867226167183582e-05,0.00035661527514781806,5.13644304140951e-07,1.5658959810129476e-06,1.4510499966861572e-07,1.295232000024876e-07,0.002069107538655808,0.00037197789935286795,3.994429152983233e-06,3.4882700153443664e-08,8.373379945018943e-05,0.9677754382393104,8.21825750096528e-05,1.376946968667368e-06,1.1545882103147124e-05,0.024154196477373657,0.0005587569114292848,6.306774949129159e-07,0.0005581001854242647,3.415759776419004e-09,1.7196475956434039e-06,0.002987305836168464,4.010260274942532e-09,2.8022266237675636e-06,0.0008794467138614247
69,8.597195037569829e-05,0.00029797649584951226,1.0406430601241142e-06,1.385786314900665e-06,1.684336839891628e-07,1.370769709084571e-07,0.002322335215764994,0.00039391209402818775,5.698655831358945e-06,5.358402187306764e-08,7.464719352776602e-05,0.9647853988583175,9.179142988172637e-05,2.733603498327645e-06,8.33896928267191e-06,0.027888391277367402,0.0005013222538725225,9.88802528083333e-07,0.00040536624166735463,6.996357785754475e-09,2.698969222012912e-06,0.001975193060000451,6.246692274638543e-09,4.34529691380407e-06,0.001150090864968655
70,8.613998602244716e-05,0.000288986930467418,6.229322375051349e-07,1.649947609450868e-06,2.0114024298175954e-07,1.2459741056121994e-07,0.001960443598136255,0.00025187623776529324,5.2513149313441606e-06,3.018778907843388e-08,7.05082553403004e-05,0.9778315808708249,7.13207982895495e-05,1.6759539093721762e-06,1.0033211370202423e-05,0.015804482594216667,0.0004122762205832404,4.894116594758791e-07,0.00029527401247782275,3.747895045113425e-09,1.3279245697008208e-06,0.001978913599510675,4.474413680522205e-09,3.33924679725864e-06,0.0009234428055296595
71,5.372654782801849e-05,0.0003942117895462284,1.0061739447849352e-06,1.3752953195994313e-06,3.383627534827668e-07,1.2566563351764743e-07,0.0034976736714106625,0.0003481082416370966,1.1356680925532017e-05,6.283586767206057e-08,6.648831370254134e-05,0.9628314666219693,9.828690274601565e-05,4.833957614023647e-06,7.268099877618782e-06,0.028610509458487445,0.0004175150191934371,1.1753288035032659e-06,0.0004100167745535551,1.2109489810808167e-08,3.8030507906240478e-06,0.0017834655263303367,7.918253480467877e-09,6.787830609220684e-06,0.0014503778227124508
