,0,1,2,3,4,5,6,7,8,9,10,11,12,13,14,15,16,17,18,19,20,21,22,23,24
0,0.00018973607041537655,0.0003158510402330183,3.4126449766072565e-07,3.3375101261117502e-06,2.7475969625549506e-07,1.6928578174646538e-07,0.0023387493198535557,0.0003637108038484896,2.2075731051417798e-06,1.627678186437853e-08,0.00018190632453880668,0.9767032922712313,8.35253501985726e-05,7.284914509868286e-07,1.1245664968337082e-05,0.014248685759533948,0.0012353025903758669,9.779162905394825e-07,0.0007550432681213561,1.9785160584999743e-09,2.339482933728668e-06,0.0031432211193357516,7.007071847606452e-09,2.6398781920109187e-06,0.0004166889929018171
1,0.00018492993191773563,0.00040571127166327787,4.5943800723405756e-07,4.170010107857733e-06,3.3686477055569385e-07,3.789395135753155e-07,0.0034309559164507606,0.0006118010907931503,7.377800283929687e-06,4.9568916462178053e-08,0.00022252866514899802,0.9643322458450461,0.00011270169182614285,1.703485128303998e-06,2.2514723578002957e-05,0.0216424590806772,0.000892790098927277,1.7525665951512672e-06,0.001658465294355714,4.096596703134995e-09,3.5159587711562745e-06,0.005678299222536916,1.1019254889162686e-08,3.908219703187924e-06,0.0007809291994300082
2,0.0001627799542122572,0.0004003166557884683,3.596824507986854e-07,3.519018760237757e-06,3.355618236436534e-07,3.170562084940669e-07,0.0027851041133936496,0.00056988930504812,6.317929196365366e-06,3.865187490094583e-08,0.00023022446502245672,0.9709030535363866,8.847044341756062e-05,1.7333855801487707e-06,2.2707348267234084e-05,0.016176390405608407,0.0008366316732882121,1.3062741806689847e-06,0.001211282390935221,3.495899485367812e-09,2.8221619252095035e-06,0.005813204474796866,9.229245028211251e-09,3.082135430310567e-06,0.000780100651259633
3,0.00018335580869348138,0.00039373245764012294,3.582767171061145e-07,3.7126056201623875e-06,3.1542616078380766e-07,3.129805526217668e-07,0.002988884430086721,0.000535942874467034,5.468189661547921e-06,3.4223319603552546e-08,0.00023207549062814737,0.9708995122133313,9.540661926893806e-05,1.4229191980619566e-06,1.9877889985518858e-05,0.01621429047454227,0.0009332548073583749,1.4035569262160874e-06,0.0013271894450814566,3.0101023758205443e-09,3.0092496829150793e-06,0.005484282359139013,9.50860512478585e-09,3.1206184272866913e-06,0.0006730245648038742
4,0.00018671847278425757,0.0004036301933045058,3.79946656873794e-07,3.7428279497344085e-06,3.178114982385361e-07,2.921855636790813e-07,0.0030157014182189555,0.0005403578528706314,5.515685559759218e-06,3.4485469875950376e-08,0.00023345584879165006,0.971636719549009,0.00010435194518313952,1.5443237305793422e-06,1.8429317881037224e-05,0.015446145363519752,0.0009184676386393835,1.4783401215665099e-06,0.001288178679837267,3.2181128817073886e-09,3.1978166141817407e-06,0.00553868238259385,9.398556190062356e-09,3.226955387665521e-06,0.0006494183421453898
5,0.0002006893763514867,0.0004284026634613428,4.1161858451215463e-07,4.787654945457474e-06,3.716399429117324e-07,3.548235320696459e-07,0.0032807518783724604,0.0005825244130456593,6.205272610209787e-06,4.1637616060059575e-08,0.0002433167306928458,0.968880992329071,0.00011098909291812349,1.6287107213110502e-06,2.001845804810816e-05,0.01757652130251314,0.0010076983217784975,1.9182772313730223e-06,0.0015296761917892282,3.728919589847341e-09,3.5341436584620734e-06,0.005463313456535316,1.2131533146375766e-08,3.749551703488566e-06,0.0006520865944240511
6,0.00018335580869348138,0.00039373245764012294,3.582767171061145e-07,3.7126056201623875e-06,3.1542616078380766e-07,3.129805526217668e-07,0.002988884430086721,0.000535942874467034,5.468189661547921e-06,3.4223319603552546e-08,0.00023207549062814737,0.9708995122133313,9.540661926893806e-05,1.4229191980619566e-06,1.9877889985518858e-05,0.01621429047454227,0.0009332548073583749,1.4035569262160874e-06,0.0013271894450814566,3.0101023758205443e-09,3.0092496829150793e-06,0.005484282359139013,9.50860512478585e-09,3.1206184272866913e-06,0.0006730245648038742
7,0.00027171313970757725,0.00041127830936923965,4.4070312224538864e-07,3.850636326845722e-06,2.6758366456757695e-07,2.6028656991446996e-07,0.003272742652315814,0.0006019659583069074,4.327897715779067e-06,3.089853410152389e-08,0.00027674380890287494,0.9703387032166239,0.00016256012623235046,1.1501059292279743e-06,1.8272323634412317e-05,0.01564719873286398,0.0008806429625350491,1.5519304049756243e-06,0.0013469708124664464,3.3223530587008407e-09,2.935371763093314e-06,0.006268151124121047,6.534856778429508e-09,2.7321539800093248e-06,0.00048549940769960576
8,0.00021458870620557043,0.0004241271681414108,5.597380299046803e-07,3.916659956631254e-06,3.4906770523717947e-07,2.94993158453679e-07,0.0018678093649612338,0.000399137947433844,6.018671100677471e-06,4.4428079495396194e-08,0.00020082682560459725,0.9724798225805692,8.819629790278373e-05,1.7655569662573712e-06,1.998988854158278e-05,0.016943834844712277,0.0010790675201824433,1.1453533950009526e-06,0.0008243059127248583,3.567079100428173e-09,2.4430593025349487e-06,0.004493982497975922,1.219250778612913e-08,5.08835249591651e-06,0.0009426688052674291
9,0.00018577090483066407,0.0005274536611404734,6.45387393878239e-07,4.561374248787848e-06,3.540866560360132e-07,3.5099721761356935e-07,0.002237384472591431,0.0005148549071389321,7.87292250847064e-06,6.941256116443298e-08,0.0001978573382794782,0.965105093830187,0.00010838572308384727,2.3972856702609478e-06,2.191775940137133e-05,0.02252146510350056,0.0010888510898790632,1.5178703233564788e-06,0.0011581173617536582,5.167312690157376e-09,3.1547592228606324e-06,0.005248585767062466,1.3849717354070026e-08,5.850771083120806e-06,0.0010574681972355163
10,0.00018335580869348138,0.00039373245764012294,3.582767171061145e-07,3.7126056201623875e-06,3.1542616078380766e-07,3.129805526217668e-07,0.002988884430086721,0.000535942874467034,5.468189661547921e-06,3.4223319603552546e-08,0.00023207549062814737,0.9708995122133313,9.540661926893806e-05,1.4229191980619566e-06,1.9877889985518858e-05,0.01621429047454227,0.0009332548073583749,1.4035569262160874e-06,0.0013271894450814566,3.0101023758205443e-09,3.0092496829150793e-06,0.005484282359139013,9.50860512478585e-09,3.1206184272866913e-06,0.0006730245648038742
11,0.00018601893799908051,0.0003873204150093874,3.629263082114389e-07,3.726386815687009e-06,3.126423243180966e-07,2.935003773678764e-07,0.0029759645414034535,0.000522149215566194,5.3163483772943286e-06,3.2702269922614544e-08,0.00022755558879578746,0.9715200669048822,0.00010089290643023498,1.4018856033322707e-06,1.8894241082876846e-05,0.01580565688679305,0.0009123427268893163,1.3950309920000567e-06,0.0012722032473164086,3.080094462065329e-09,2.9843711419619503e-06,0.00540885634978887,9.198174768919357e-09,3.2018543546036325e-06,0.0006430381112093435
12,0.00019268625773814923,0.0004537923075949517,2.9083306375636285e-07,4.964109410535808e-06,1.8615290818086408e-07,3.055274353729676e-07,0.003510515425800465,0.0006891778835818329,4.987385820065607e-06,3.6860363641951554e-08,0.00020658993543632264,0.9641429659162194,0.00012955800269169533,1.0608170195991406e-06,2.3608871401335253e-05,0.02038080100351456,0.0007727451085785691,1.5201054286085068e-06,0.0022563459730283947,2.4597496598787527e-09,2.5678992532432087e-06,0.006724608272921201,6.938332906861026e-09,2.3732630328869104e-06,0.0004983026896744569
13,0.00013270535423458955,0.000276271461786512,2.2770464800106825e-07,1.695536282521107e-06,2.002855656527265e-07,1.4856472160149146e-07,0.0016797083882190338,0.00044777344253900457,3.0378020855746494e-06,1.517339161900829e-08,0.00025642407827254073,0.9823099932774718,6.278408715066311e-05,1.2149095650242009e-06,1.4826936662839064e-05,0.008208132957651812,0.0006020956260314329,6.581749715938686e-07,0.0005711951842383345,1.936001731512244e-09,1.7151643997927333e-06,0.004888886516175242,3.746619599846669e-09,1.519096853970504e-06,0.0005387645944596352
14,0.00018786733540314556,0.00044008283789643545,3.637877850131683e-07,4.07458518651707e-06,3.4780464089406395e-07,3.1910767667283617e-07,0.0031292972646397954,0.0005454838862020739,5.469218752317244e-06,3.56793548339754e-08,0.0002499728408753819,0.9706609760203933,0.00010188777079167155,1.4753089138956202e-06,1.9545830813252972e-05,0.015910726857659024,0.0010083031525271366,1.5385697689412764e-06,0.0014678351091801116,3.07728692070927e-09,3.3844751635145803e-06,0.0056065453592825405,1.0145786881673782e-08,3.272106407898731e-06,0.0006511818676118449
15,0.00018335580869348138,0.00039373245764012294,3.582767171061145e-07,3.7126056201623875e-06,3.1542616078380766e-07,3.129805526217668e-07,0.002988884430086721,0.000535942874467034,5.468189661547921e-06,3.4223319603552546e-08,0.00023207549062814737,0.9708995122133313,9.540661926893806e-05,1.4229191980619566e-06,1.9877889985518858e-05,0.01621429047454227,0.0009332548073583749,1.4035569262160874e-06,0.0013271894450814566,3.0101023758205443e-09,3.0092496829150793e-06,0.005484282359139013,9.50860512478585e-09,3.1206184272866913e-06,0.0006730245648038742
16,0.00018983051686956352,0.0004044644778385221,3.8575937133732047e-07,3.8962282108952635e-06,3.3048304331280864e-07,3.2888302169607004e-07,0.003073383808712,0.0005422126489464363,5.719787333690802e-06,3.640311952067895e-08,0.0002353906005329924,0.9701310900234564,9.910689388808165e-05,1.4702163392973484e-06,2.009174449716313e-05,0.016807920595991385,0.0009734038425930392,1.4744546466195636e-06,0.0013593925346671839,3.1907700762242676e-09,3.1606297749370993e-06,0.0054539271085367455,1.024998337463288e-08,3.3506750864231205e-06,0.0006896182427690276
17,0.00016639928793381898,0.0003080092233342449,3.36259745182243e-07,2.720086288962153e-06,3.474254540972643e-07,2.344483046528101e-07,0.0030432452688433187,0.0003890487043004292,4.842815529107714e-06,2.084944359975204e-08,0.00023023843615020207,0.9786583115524732,8.692518031386753e-05,1.4042796070494804e-06,1.165036128311739e-05,0.01064091044162346,0.0008670234392573237,1.286497576655084e-06,0.000853274798023901,2.6950536041544026e-09,3.2849472632562234e-06,0.004167132915310435,9.200367670345816e-09,3.3363737592388452e-06,0.0005600045127598142
18,0.00012355071535174642,0.0003140386135956493,3.1051819584750884e-07,2.1131305489642894e-06,2.497929018364427e-07,2.4615835959448346e-07,0.002584081654639182,0.00040042277270544026,4.55554559777568e-06,2.679452571368923e-08,0.0001858889398330226,0.9730485683244174,6.246532847004521e-05,1.4761650196490553e-06,1.6486466415526567e-05,0.016151745954889708,0.0009300347270008737,1.0182702593950105e-06,0.0010040685644433604,2.6046789899959704e-09,3.0166803045899826e-06,0.004280229754698077,9.223087576716996e-09,3.0557762666325004e-06,0.0008823375237934474
19,0.0001487089962467239,0.0004246385962440285,3.196700574423874e-07,4.85276840552815e-06,3.3690926612780573e-07,3.7843029321078673e-07,0.0028230849137985234,0.0004997509803246555,6.533283967492382e-06,4.101336191633093e-08,0.0001828281677185892,0.9715076231833112,8.743430657187883e-05,1.4276949887310036e-06,2.265402432863843e-05,0.015975633798913418,0.0008258323226894677,1.1664615199162044e-06,0.0012267667068166445,3.0845234874641182e-09,2.1649081451499985e-06,0.005592313166718637,9.49452163977664e-09,3.0665248210292878e-06,0.0006624305924458637
20,0.0001800392114510467,0.0004600388822032029,3.2805243312054847e-07,4.001229796064757e-06,3.169950164338873e-07,3.422772037663998e-07,0.003062771946134969,0.0006555614805802359,6.231905623096094e-06,3.975782122891644e-08,0.00026925587123210754,0.9687959492600194,0.00011230336316576763,1.6845672771184515e-06,2.46934204489028e-05,0.015531411131056407,0.0008813598916827178,1.411737190303435e-06,0.0015363807452860839,3.5568728016731577e-09,3.0361154458513685e-06,0.00779880430715091,8.456574824476348e-09,2.8089107289234873e-06,0.0006712169276048612
21,0.0001863799928541279,0.0003393600571282415,3.846307758770684e-07,3.19631123185859e-06,2.683623186216422e-07,2.319442409058689e-07,0.0026295167767327304,0.00047781451593372377,4.4530257773240115e-06,2.8339539790959548e-08,0.00020395764504541668,0.973657017203427,9.523408335202566e-05,1.355912397633295e-06,1.4633101747723433e-05,0.015480767013853296,0.0008762015072118486,1.420957626357927e-06,0.0010181244188738905,2.898057636164058e-09,2.858702175563776e-06,0.004406594033297803,8.47246351259576e-09,3.124765047577301e-06,0.0005970653288895607
22,0.0002600447948882231,0.00046991959815203594,5.108910829214104e-07,4.32648852591089e-06,3.3076904642845613e-07,3.7017697228146124e-07,0.0030278288881599724,0.0007470291323256218,4.749554065844761e-06,4.613710807013012e-08,0.0002936613679890515,0.9661607602707326,0.0001184540490675735,1.6563396161291436e-06,1.8730280760696964e-05,0.01865986655494778,0.0014453195560724535,2.1134915858970236e-06,0.0015817586587603372,3.58863336448587e-09,4.4129884102663106e-06,0.006562484381242665,1.2080453166884231e-08,3.0905536003395005e-06,0.0006325194078001028
23,0.00018335580869348138,0.00039373245764012294,3.582767171061145e-07,3.7126056201623875e-06,3.1542616078380766e-07,3.129805526217668e-07,0.002988884430086721,0.000535942874467034,5.468189661547921e-06,3.4223319603552546e-08,0.00023207549062814737,0.9708995122133313,9.540661926893806e-05,1.4229191980619566e-06,1.9877889985518858e-05,0.01621429047454227,0.0009332548073583749,1.4035569262160874e-06,0.0013271894450814566,3.0101023758205443e-09,3.0092496829150793e-06,0.005484282359139013,9.50860512478585e-09,3.1206184272866913e-06,0.0006730245648038742
24,0.00017490813827857434,0.0005515432413075956,3.495597637294685e-07,5.694938286748542e-06,3.5100512380084827e-07,3.4309568097228974e-07,0.003226496349284641,0.0006172260093032292,5.976090214516403e-06,4.569725502740367e-08,0.00023062391629581673,0.9670472086597994,0.00011005718214166363,1.6848309060387736e-06,2.262119216266729e-05,0.018129833141651227,0.001089758862892615,1.7717545752665937e-06,0.001887202194371294,3.3651783646906144e-09,3.462090474102065e-06,0.006242341551243487,1.1589358892178293e-08,3.3743324505245643e-06,0.0006471112119997776
25,0.00015771221494521978,0.0002546982119003471,2.8854368772716174e-07,2.8087519774857627e-06,2.850140985528876e-07,2.5137736410309417e-07,0.003208101250052595,0.0006369236526324717,3.852718284017597e-06,2.0528153688388672e-08,0.000263360394952604,0.9763928603782644,8.873545235597119e-05,1.144768554300931e-06,1.2027530348004943e-05,0.012519171987831207,0.0007413501482767225,1.6214404765997886e-06,0.0009509708432306019,3.0626770863583238e-09,2.8951616247058524e-06,0.004344081131326766,7.171549014276054e-09,2.161346225183602e-06,0.00041466691921064505
26,0.00026909907170214587,0.00045204383855962035,7.302824057098726e-07,5.306539960415292e-06,5.293294209095653e-07,3.951050906111404e-07,0.003144662291241675,0.00048131629640621904,9.331869956093159e-06,5.548015091503573e-08,0.00023995861139293373,0.9688676777095684,0.00012828418057300787,2.2556404551115965e-06,1.7055815242423545e-05,0.018645066161717138,0.0011494157550014262,2.412572350755616e-06,0.0012264917849176544,5.179855257447034e-09,4.395083213245524e-06,0.004516409328753836,1.956115950467378e-08,7.338670115067714e-06,0.0008297438407900676
27,0.00016466863082734105,0.00040348131044168903,2.880396647562443e-07,3.816789587036219e-06,3.1623200403334243e-07,3.7706835896881834e-07,0.0027918230296256363,0.0005656004523082117,7.362060296906838e-06,3.8808406436028444e-08,0.00022441513376723294,0.9699103320088176,9.151218130962376e-05,1.4471455982615933e-06,2.5980947567908014e-05,0.01576439106215051,0.0007024338114954719,1.172748619326229e-06,0.0013894472638092913,3.1169074157914107e-09,2.2393310644898166e-06,0.007215053225902117,8.068971761826353e-09,2.9386279161573747e-06,0.0007308529045817942
28,0.00018335580869348138,0.00039373245764012294,3.582767171061145e-07,3.7126056201623875e-06,3.1542616078380766e-07,3.129805526217668e-07,0.002988884430086721,0.000535942874467034,5.468189661547921e-06,3.4223319603552546e-08,0.00023207549062814737,0.9708995122133313,9.540661926893806e-05,1.4229191980619566e-06,1.9877889985518858e-05,0.01621429047454227,0.0009332548073583749,1.4035569262160874e-06,0.0013271894450814566,3.0101023758205443e-09,3.0092496829150793e-06,0.005484282359139013,9.50860512478585e-09,3.1206184272866913e-06,0.0006730245648038742
29,0.00018335580869348138,0.00039373245764012294,3.582767171061145e-07,3.7126056201623875e-06,3.1542616078380766e-07,3.129805526217668e-07,0.002988884430086721,0.000535942874467034,5.468189661547921e-06,3.4223319603552546e-08,0.00023207549062814737,0.9708995122133313,9.540661926893806e-05,1.4229191980619566e-06,1.9877889985518858e-05,0.01621429047454227,0.0009332548073583749,1.4035569262160874e-06,0.0013271894450814566,3.0101023758205443e-09,3.0092496829150793e-06,0.005484282359139013,9.50860512478585e-09,3.1206184272866913e-06,0.0006730245648038742
30,0.00018335580869348138,0.00039373245764012294,3.582767171061145e-07,3.7126056201623875e-06,3.1542616078380766e-07,3.129805526217668e-07,0.002988884430086721,0.000535942874467034,5.468189661547921e-06,3.4223319603552546e-08,0.00023207549062814737,0.9708995122133313,9.540661926893806e-05,1.4229191980619566e-06,1.9877889985518858e-05,0.01621429047454227,0.0009332548073583749,1.4035569262160874e-06,0.0013271894450814566,3.0101023758205443e-09,3.0092496829150793e-06,0.005484282359139013,9.50860512478585e-09,3.1206184272866913e-06,0.0006730245648038742
31,0.00022477506884601862,0.0004050122375709904,4.766271447046965e-07,3.292608741042614e-06,2.6393866398811977e-07,2.595680412185927e-07,0.0027176954373015847,0.0007147866056618675,4.4482728617342555e-06,3.735910353213235e-08,0.0002400088855720071,0.9693967018743956,0.00010405730078026106,1.5766659077331726e-06,1.4845104087360016e-05,0.017903236272798037,0.001055935180830446,1.7343568553558173e-06,0.00117107164074907,3.152162889587298e-09,3.548422105493116e-06,0.005412971780101417,8.771370838405932e-09,2.836410074494708e-06,0.0006204164582722166
32,0.00018238358959491173,0.0004069541374362175,3.539966930740982e-07,4.030757079595659e-06,3.2848430043363113e-07,3.3768530677382566e-07,0.0032090049693300903,0.0005622371505668453,5.7031255965059656e-06,3.657148318316785e-08,0.00024132471953336495,0.9687263171893999,0.0001001082658265212,1.4370350349429071e-06,2.214760591464389e-05,0.017483498272940604,0.0009734140867957287,1.5001416023460127e-06,0.001573425693783515,3.1805189766739453e-09,3.269999517208082e-06,0.005808129286339207,1.0228056825567169e-08,3.253371913085113e-06,0.0006907904554356948
33,0.00016405846616963904,0.00030113116469034914,2.481975550275999e-07,3.071474628844072e-06,2.0652124924212689e-07,1.8528660325228897e-07,0.0025993303532448287,0.0004553450842056388,2.691559876975581e-06,1.719634917403125e-08,0.00020284619300247808,0.9759786199552434,9.130775847719376e-05,8.329215854353989e-07,1.145126014788768e-05,0.013619351204732648,0.0009226537296862913,1.2051875716899789e-06,0.0010144125649828072,2.0562026486046315e-09,2.3945636115946486e-06,0.00424143154224675,6.2343164893187174e-09,2.2630150901046527e-06,0.0003849365085295627
34,0.0005675842187353005,0.0003649921488328781,6.833056059756151e-07,5.770448930178142e-06,4.929153296982549e-07,4.0566814256690363e-07,0.0044290087152605954,0.000680245838438132,8.315941755693229e-06,3.654427686352457e-08,0.0004681711721006285,0.9676605781344246,0.000223724714999769,1.4097176397549371e-06,2.6295491529787082e-05,0.015237375799868278,0.0009086122188340865,2.996056049402467e-06,0.0020325824743443266,4.207778680010718e-09,4.897100468125569e-06,0.006835260548406393,1.2401959604769397e-08,5.063908343775994e-06,0.0005354803079445982
35,9.839775006112791e-05,0.000958256671917206,6.828327192303441e-07,6.605495758367033e-06,1.04961513480057e-06,3.8061674477674697e-07,0.003991203151016295,0.0003398504314864302,8.494816182844693e-06,6.393447169511981e-08,0.0002718361303807506,0.9669043826007451,0.0001216042993786578,3.978899239305737e-06,5.4583763517183663e-05,0.017133581597307573,0.0017299926013234664,7.424375875182656e-07,0.00143786764862413,8.233458502507529e-09,6.075619308994059e-06,0.0050565072831404035,2.0865610477437613e-08,6.6937335182071205e-06,0.0018671389713669777
36,0.0002778731725909079,0.00044282145342118177,9.53069825107704e-07,3.7169279179261554e-06,2.624432539473302e-06,4.5310887350061055e-07,0.0050919523785691746,0.0001918962683621157,8.380828971096255e-06,2.5053106361307026e-08,0.0007978509291673331,0.977116476013378,0.00011647473018813734,1.987577294801354e-06,2.5726814438092468e-05,0.009034442517194728,0.001538142833200132,1.4971782243862267e-06,0.0012925379653880198,5.336377385775007e-09,1.3479157938280151e-05,0.0023816060095221327,3.648473973638293e-08,1.797865274816656e-05,0.0016410611060234893
37,0.00017954690012903472,0.0004024400023023342,3.5041563379198393e-07,3.7773527256598895e-06,3.143654482442709e-07,3.233964029646496e-07,0.0029880976311480803,0.0005517608473546816,5.528630490400927e-06,3.525893511989078e-08,0.00023408270920341636,0.9703657107448364,9.418781121229493e-05,1.43264537748727e-06,2.0895757481123953e-05,0.016483209898422113,0.0009383420683761616,1.3843492739738835e-06,0.001371946054376508,3.0147801448645503e-09,2.9812161433101294e-06,0.005666740500793227,9.494025811161559e-09,3.0402565727325797e-06,0.0006838586785552305
38,0.00023526856666772475,0.0003508698776567727,4.5234395032832916e-07,4.729605577153519e-06,2.918913355697118e-07,5.211117394638741e-07,0.005007510450583934,0.0006762766211489588,6.0263824246474375e-06,4.5331886565079424e-08,0.000236227452289521,0.9544919606048062,0.000142534237363017,1.1571148724400955e-06,2.5751383794740896e-05,0.02862352447587637,0.001116324184231093,2.295503985356726e-06,0.0023732955411788167,4.297594574398128e-09,4.25676856489855e-06,0.006061305455561007,1.3271678262311464e-08,3.680265939777463e-06,0.0006356772592928097
39,0.00023939873959919112,0.0014421022335764,5.857000329857365e-07,1.2339065310056823e-05,9.690873568431354e-07,4.54970930293711e-07,0.0033792455605459247,0.000369681773544105,2.080177110623707e-05,1.0868441699006238e-07,0.00031552390764866473,0.9654910698295579,0.00018706298375624443,4.599083991831551e-06,5.568965883612635e-05,0.014782090163893131,0.0011193768857164141,2.016497674680679e-06,0.002618543125606681,6.317229165359282e-09,3.8839158982626175e-06,0.008590621781448147,2.1476601505875426e-08,9.182379335230104e-06,0.0013546244063867424
40,0.00017920478235772952,0.00038003854764395224,3.4845542644888767e-07,3.3774007706436994e-06,3.016559256410991e-07,2.8886405090155046e-07,0.002784644039862623,0.0005050868643830705,5.113752411374357e-06,3.124780962179423e-08,0.00022571289260725204,0.9727717804096662,9.029440737861087e-05,1.3789720129082541e-06,1.9124427675160438e-05,0.014927439681434533,0.0008964934584297478,1.2330783229687038e-06,0.0011618415908918503,2.7956770376895783e-09,2.7593731196519128e-06,0.005375498000023492,8.497837964202698e-09,2.8823074505553034e-06,0.0006651144968299079
41,0.0001983072251144684,0.00040020698809695605,3.587307521394154e-07,5.191975079609209e-06,4.140625737976584e-07,4.460953977215617e-07,0.002771171365601447,0.000552765610789593,7.301618804914735e-06,4.223860119223003e-08,0.00024102613843899083,0.9705090012712948,8.971771614357773e-05,1.3206187241458773e-06,3.0579324697711555e-05,0.016344706538830665,0.0008181674915328828,1.2432968240198273e-06,0.0013456910237216327,3.1794400301431224e-09,2.1377740637300786e-06,0.0059606770418513776,9.898902774322372e-09,3.178164217158506e-06,0.0007163346105048754
42,0.0001689792408387946,0.00041714144870252766,2.6415920924098076e-07,3.969612228546373e-06,2.4118009824010237e-07,3.6345200246294776e-07,0.0028601948897696156,0.000666377006730913,4.97236589606265e-06,3.626193463312576e-08,0.0002181421160581532,0.9633992557242872,0.00010224395646286937,1.045486537136504e-06,2.6531928870783235e-05,0.020338211395570654,0.0009388466537428638,1.080942696114069e-06,0.001724366788737928,2.7936442593806128e-09,2.23909588865294e-06,0.00850765771528922,6.705376693996968e-09,2.335158245079892e-06,0.0006154939211816217
43,0.0002051667074658765,0.0005286692156925304,4.862009116515256e-07,5.984996700997936e-06,4.4423972649192426e-07,7.80167299226414e-07,0.004188017751643526,0.0009012800054643756,1.0227337270981992e-05,8.569961966405129e-08,0.00028540119069974605,0.9522738748597137,0.00012364210079844566,1.9857739179220863e-06,3.972862799323331e-05,0.027657785725736055,0.0011458690642521673,2.1005655049532747e-06,0.0026888433524749735,5.423574183904738e-09,4.457521552949836e-06,0.008970188515188425,1.6243310899809497e-08,4.166892193758555e-06,0.0009607918212933234
44,0.00018335580869348138,0.00039373245764012294,3.582767171061145e-07,3.7126056201623875e-06,3.1542616078380766e-07,3.129805526217668e-07,0.002988884430086721,0.000535942874467034,5.468189661547921e-06,3.4223319603552546e-08,0.00023207549062814737,0.9708995122133313,9.540661926893806e-05,1.4229191980619566e-06,1.9877889985518858e-05,0.01621429047454227,0.0009332548073583749,1.4035569262160874e-06,0.0013271894450814566,3.0101023758205443e-09,3.0092496829150793e-06,0.005484282359139013,9.50860512478585e-09,3.1206184272866913e-06,0.0006730245648038742
45,0.0001801827927818909,0.0003425039747636849,3.1341472572865457e-07,4.266195930636457e-06,3.3184314948134815e-07,3.8602420610688685e-07,0.0035109402715636146,0.0005819556491448528,6.124131344005215e-06,3.3314576737334704e-08,0.0002349235256192505,0.9690618348335286,0.0001004798572021011,1.1725092575665331e-06,2.5070853318680855e-05,0.017113321868186596,0.000795708186285948,1.3570480112636363e-06,0.0014991535241587525,3.184744300758652e-09,2.5452826652636535e-06,0.005923360874589178,8.887242350816041e-09,2.8792901284133913e-06,0.0006111426628750005
46,0.0002250957000009786,0.000645032584575631,1.1552408782879408e-06,7.023431758526213e-06,9.91641925821621e-07,9.75251601642587e-07,0.009232505294975114,0.0011137153678396302,5.6380237376559976e-05,2.0313008873908031e-07,0.00038806539926695396,0.9442206151987351,0.00024208594424271476,8.13684687621436e-06,4.138362753485011e-05,0.02966416447315771,0.0005035788108833584,6.889362038225391e-06,0.004229351942298094,1.7251321734977245e-08,1.2075312883447472e-05,0.00768620532837563,3.158075756444683e-08,1.2430846334734858e-05,0.0017018901942728562
47,0.00015973943088961728,0.0003456254339879611,2.153255350020925e-07,2.050533240771952e-06,1.4999517025808548e-07,1.7377881605669668e-07,0.001875194891223145,0.0003814577430584734,3.2481588021616375e-06,1.892413163246531e-08,0.00015879449840581572,0.9770471739620987,7.77511957458184e-05,8.015747651744817e-07,1.2664765522347596e-05,0.01261136099375552,0.0006608687187339749,6.95252598122381e-07,0.0007281081697632102,1.6652523251113622e-09,1.318731255526668e-06,0.005436848211893531,3.9150486642142125e-09,1.9501051795707e-06,0.0004937840251268062
48,0.00018179823047175268,0.0003425367561398494,3.750586805779728e-07,3.41249975507921e-06,3.3010019210396793e-07,3.034795764787942e-07,0.003007082969688536,0.0004988774424189082,5.9409569263943135e-06,3.1949393960244234e-08,0.00023358633442302425,0.9724185242994738,9.526234578961562e-05,1.441837407131494e-06,1.9502096093878383e-05,0.015490976357991527,0.0007990560771870558,1.3814594386444039e-06,0.0011958787671034951,3.1856063032823906e-09,2.9339865936267846e-06,0.005001959178388909,9.19131268236844e-09,3.3539690211671765e-06,0.0006954414709255362
49,0.0001703666872575761,0.0003306638306771257,3.5532442003841477e-07,3.028688993372632e-06,2.7628074919672155e-07,2.992303781087953e-07,0.0024926947495994153,0.0005005890902799483,4.813057445459041e-06,2.976796955021877e-08,0.00021001821485699412,0.9750492735318557,8.268930904615974e-05,1.3012066441498006e-06,1.5529294925115677e-05,0.013976392567020253,0.0008119738523854154,1.1860187631359214e-06,0.0008823697681307949,2.8300903142500888e-09,2.3782333502536216e-06,0.00485421291323596,7.93264017480537e-09,2.6688065506368942e-06,0.0006068788127354396
50,0.0001729944334936917,0.0004205357085803067,3.6602827844569344e-07,4.098167624355633e-06,3.044364779921699e-07,4.2287424758133234e-07,0.003956160624128375,0.0006995600997044007,6.8174904323304855e-06,4.6092408644770735e-08,0.00023576695994360306,0.9658283904475768,0.00010672705078666952,1.5724781659357462e-06,2.343466173587933e-05,0.01852954362898866,0.0008839851903117939,1.605931939461264e-06,0.0018236591076563726,3.4038217243709007e-09,3.4342666744993834e-06,0.006604321424818045,1.0138724063201875e-08,2.8676838091729727e-06,0.00069337166967125
51,0.00016874768236062158,0.0004899448309432152,3.113242262144433e-07,4.175649951463086e-06,2.8446832878219583e-07,2.869605336619324e-07,0.002525417820161359,0.0005775031271955616,5.171450615999033e-06,3.6740835845123095e-08,0.000225028914675878,0.9722750731288501,9.296347827675744e-05,1.5029005451717398e-06,2.0860722229343283e-05,0.014653136069577407,0.0008710326780335348,1.2724919039702344e-06,0.0013078359174814055,2.755644344084536e-09,2.4803765867740843e-06,0.00615071804945832,7.957934457251749e-09,2.575713434571308e-06,0.0006236287902151174
52,0.00010915684280624893,0.00029070594841703527,2.8351679584279477e-07,1.7434389441936986e-06,3.1648785377509946e-07,1.5009480596288993e-07,0.002335440773807777,0.00024322444145218004,3.2802639750702347e-06,1.2595743812683187e-08,0.00018608503643327453,0.983852923758265,5.5812482373590216e-05,1.13658885305888e-06,9.811534739309386e-06,0.008082797285140952,0.0008207250032327032,5.523601234010452e-07,0.0004991571009939427,1.7414071035745975e-09,2.503193201653366e-06,0.0028467111323795223,6.458430567198837e-09,2.76126794739391e-06,0.0006547006518767234
53,0.00014527054561024218,0.0002914176350000272,2.86205360675027e-07,2.806106934860485e-06,2.713373607958134e-07,2.804428064820124e-07,0.0033560535048344983,0.0004511137100983089,5.118411538385572e-06,2.3981209153029024e-08,0.00020012383607347108,0.9744091220230359,7.969927861686027e-05,1.1993193008035495e-06,1.6828755435891677e-05,0.014252708639135936,0.0007330064357293722,1.1771803418700871e-06,0.0010715464178652138,2.6452102090410012e-09,2.5767804976633e-06,0.004359552798704882,8.35196778770115e-09,2.6826358405877116e-06,0.0006171230214898098
54,0.0004395573885376093,0.0004314555756743738,6.076548526663708e-07,8.478819284446804e-06,6.433178053437784e-07,6.661696313205118e-07,0.00609611791778168,0.0008770745784229233,6.729293421961327e-06,4.432577366298476e-08,0.0005025892315232425,0.96118900131351,0.0001977659443984815,1.4455813152794589e-06,2.2076689468422174e-05,0.018079546783622273,0.001800230688369612,4.4227334159779705e-06,0.002906019462614302,4.693979068234536e-09,8.141119066138544e-06,0.006953460106357608,2.3926194168079922e-08,5.030416181427488e-06,0.00046886626879818404
55,0.0008358025424644467,0.01761460680716651,4.54405273869358e-06,4.5652480812505745e-05,8.617062869442156e-07,5.073783516601642e-06,0.003269818900413696,0.013980558415530605,1.2933276182400635e-05,8.026634916020716e-06,0.0014446903819781629,0.4178796675560818,0.0008358914628730932,2.1844753227398273e-05,0.0006955361306081392,0.24081504153109345,0.03552069428873397,1.0895964859435883e-05,0.057761089855266644,6.534989430269123e-08,6.620214110453404e-05,0.20574139394465726,8.527139824433197e-08,4.6209295121643875e-06,0.003424401838682891
56,0.00018431491525813695,0.00039004435296862377,3.5724788867614576e-07,3.6700308666687553e-06,3.101645247713184e-07,3.0273765616888793e-07,0.00297813800137059,0.0005313230646582501,5.360775811696484e-06,3.327582916094774e-08,0.0002305627305257673,0.971378335401755,9.735427868432252e-05,1.4128464851595287e-06,1.9207752068025553e-05,0.01582779622420915,0.0009196032896186778,1.3998970627551424e-06,0.0012998558386807873,3.004767406348342e-09,3.0027724520203037e-06,0.005469285921524484,9.302173656117417e-09,3.1129067409021004e-06,0.0006552032664191701
57,0.003509522502885372,0.0001453009197583778,5.958689592675114e-06,3.824367388193699e-05,9.127581653953424e-06,5.4056787832597736e-05,0.0026682964671221484,0.001453569702168575,0.0002421109327509326,4.154040795060793e-07,0.001034698490841209,0.9751904163373604,2.960745648361489e-05,1.2345847024443485e-05,0.00012097526875678108,0.008919950850483862,0.0013956621906271425,1.4144115502689309e-05,4.454037598002805e-05,4.5085148050726445e-08,6.907648934946311e-07,0.002991074459603681,1.0628623179680632e-06,1.3782924268952844e-05,0.002104400308982083
58,0.00017924705636545497,0.0003871219645038089,3.7654799155885766e-07,3.756787617856386e-06,3.511396645626763e-07,3.0584707588714756e-07,0.003056640563970028,0.00047776935681002967,5.8286037498659645e-06,3.3816350328504975e-08,0.00022911235300878384,0.9711279967355876,0.00010128760483393875,1.4501120297151578e-06,1.9180098622578633e-05,0.016364903176611323,0.0009160360473228333,1.4280079500450219e-06,0.0013183318740279195,3.350749579710425e-09,3.2224878266925555e-06,0.00510061869099458,1.036295685581662e-08,3.864347706563941e-06,0.0007011230656716461
59,0.00018690625261592105,0.0004043215335075538,4.2330515276606055e-07,3.7298453282166303e-06,3.4714265086052327e-07,3.191634537866639e-07,0.0029667856563342352,0.0005023278396221008,5.916614114354067e-06,3.7543818832643244e-08,0.00022947129663296052,0.9703620711382653,0.00010085096017845264,1.5679323315792142e-06,1.8911521594103753e-05,0.017080007788454168,0.0009788202515374884,1.470529831738189e-06,0.0012681199510048064,3.4802788890445577e-09,3.3568752234656975e-06,0.005143353446179174,1.0822839407970056e-08,3.906058097661968e-06,0.0007369630509522792
60,0.00018335580869348138,0.00039373245764012294,3.582767171061145e-07,3.7126056201623875e-06,3.1542616078380766e-07,3.129805526217668e-07,0.002988884430086721,0.000535942874467034,5.468189661547921e-06,3.4223319603552546e-08,0.00023207549062814737,0.9708995122133313,9.540661926893806e-05,1.4229191980619566e-06,1.9877889985518858e-05,0.01621429047454227,0.0009332548073583749,1.4035569262160874e-06,0.0013271894450814566,3.0101023758205443e-09,3.0092496829150793e-06,0.005484282359139013,9.50860512478585e-09,3.1206184272866913e-06,0.0006730245648038742
61,0.0001968574516849379,0.00039527497649276743,4.4564732830327445e-07,3.7612735620040475e-06,3.5916378619963457e-07,3.216672195550066e-07,0.0029856160514704546,0.0005064269302524417,6.207317897387023e-06,3.805419465651359e-08,0.0002341893858592592,0.9709384456228576,0.00010226520437134294,1.609203634573141e-06,1.8382968122951907e-05,0.016626112865369105,0.0009514496091122216,1.5448095434574927e-06,0.0012483665306597443,3.5003251413866793e-09,3.426981232837946e-06,0.0050402181532401245,1.109146174090304e-08,4.059962815210758e-06,0.0007346055775057483
62,0.00018335580869348138,0.00039373245764012294,3.582767171061145e-07,3.7126056201623875e-06,3.1542616078380766e-07,3.129805526217668e-07,0.002988884430086721,0.000535942874467034,5.468189661547921e-06,3.4223319603552546e-08,0.00023207549062814737,0.9708995122133313,9.540661926893806e-05,1.4229191980619566e-06,1.9877889985518858e-05,0.01621429047454227,0.0009332548073583749,1.4035569262160874e-06,0.0013271894450814566,3.0101023758205443e-09,3.0092496829150793e-06,0.005484282359139013,9.50860512478585e-09,3.1206184272866913e-06,0.0006730245648038742
63,0.00017765285719988652,0.00043072200438035136,3.463664057143201e-07,3.7845848463056777e-06,3.098894000839152e-07,3.0204286146340397e-07,0.0028588412020913155,0.0005336383226249345,5.3969727187985e-06,3.526277354038222e-08,0.0002275694079807856,0.9708854686809821,9.439375780895059e-05,1.4576047055467647e-06,2.007747900163365e-05,0.01613043298914307,0.0009502351513542208,1.3576083736606538e-06,0.001348875804902415,2.945627764136631e-09,2.950802446723644e-06,0.005642806313273433,9.332748208313876e-09,3.0971803322216228e-06,0.0006802354360168929
64,0.00019263696035144292,0.0004073016687997966,4.096508835419846e-07,3.69285106094881e-06,3.4546817213038354e-07,3.099527873138291e-07,0.003304536552118841,0.0005530762180717191,5.423491237324125e-06,3.51544780242505e-08,0.00025256180604161876,0.9699409055924997,0.00010395628215578251,1.5836239651484527e-06,1.86896075924499e-05,0.016649467409289114,0.0010583693264463714,1.6198544443422782e-06,0.0014447133118772348,3.299275192186779e-09,3.9928857892694415e-06,0.0053597192735715775,1.0949847962733654e-08,3.4867887206224294e-06,0.0006931520205224239
65,0.00017992076934729233,0.0004017105929668052,3.6434416309259495e-07,3.617151265778179e-06,3.1086037898542544e-07,3.0158931038597e-07,0.002901725821049136,0.0005299999478248916,5.5673238084459535e-06,3.4849936351822206e-08,0.00022654239274019175,0.9711807395041915,9.545719216449976e-05,1.4835133663012583e-06,1.9432724429061944e-05,0.016092858034302857,0.0009124431272254761,1.3719223349354302e-06,0.0012739956202215922,3.0578654331642653e-09,2.9634388559411784e-06,0.005479239208748103,9.272444593362894e-09,3.158383997996691e-06,0.000686749357060416
66,0.00023382944647366732,0.000340855150225628,4.950041777721013e-07,3.379802264376595e-06,2.940296413988593e-07,2.504928962864047e-07,0.0033232881540803546,0.0006361643331588425,5.006123802885365e-06,3.3159349846883944e-08,0.0002378902644604666,0.9701115954189722,0.00014302354130702328,1.3518825297039549e-06,1.5296658796597435e-05,0.01719722353869362,0.000774402199376358,1.683553772389905e-06,0.001119197586810564,3.8482414485189645e-09,3.095172933810285e-06,0.005319327138901493,6.69557202030779e-09,2.9645816086166325e-06,0.0005293422219524386
67,0.00036921650724544417,0.0005586133413344444,1.87244015568844e-06,7.157418903972816e-06,6.363461938855471e-07,5.065341884247467e-07,0.004705273561758416,0.0007461078710533461,6.449925758025137e-06,9.479878263077097e-08,0.0003499864601603941,0.94615259967115,0.0002273494937244908,3.6029090033521544e-06,2.0471215780541097e-05,0.03655259660141945,0.003044247714173365,5.380399900966077e-06,0.002001001972975957,1.3006275420349819e-08,1.4702961110243796e-05,0.004143800800159721,4.8754689300751514e-08,1.0596155337336591e-05,0.001077673138765216
68,0.00021030081668888253,0.00046201326173158345,3.1732193702075466e-07,3.995720057374119e-06,2.9173007635567045e-07,3.394091770990788e-07,0.00322095509861714,0.0006958713824180008,4.540852083113273e-06,3.522794802250033e-08,0.00029098473426739693,0.9645595513031509,0.0001092836695494342,1.2162657092768806e-06,2.3455314099886432e-05,0.019334735589795822,0.0011985005284328198,1.606684871230947e-06,0.0019544313525341524,2.905206259714327e-09,3.5452579528242496e-06,0.007326673702622148,8.881407800644175e-09,2.6676818922272804e-06,0.00059467530777321
69,0.0001859851310299463,0.0003456320864432473,6.063492404604541e-07,3.354672262389709e-06,3.367117731900285e-07,3.263802903805288e-07,0.003580234185225497,0.0006759307198217075,6.449723897192803e-06,4.7163163212689026e-08,0.00023432105625162901,0.9675421242117824,0.00011236822423082937,2.2829362117785266e-06,1.518781838087014e-05,0.01980318718377184,0.000938859617169873,2.4170365840452833e-06,0.001303940226228578,5.038548901851406e-09,5.249885877207414e-06,0.004466602434984066,1.3403044646277751e-08,4.090541639968641e-06,0.000770447262146163
70,0.00018196843120361106,0.0003710896268318834,3.828201049168638e-07,4.387924810460611e-06,4.3021354926747045e-07,3.312383867681521e-07,0.003142481533878025,0.0004861872540697681,6.536684697251953e-06,3.148696375782826e-08,0.00024275264854961608,0.9755080777815712,9.53305881489042e-05,1.5452993458368937e-06,2.1268802286082065e-05,0.012381089297981056,0.0008177748213230079,1.2349285835301216e-06,0.0010663107731023632,3.1927836124807783e-09,2.7153947080425343e-06,0.005006852428888741,9.97527460102386e-09,3.2272768718699956e-06,0.0006579795760858196
71,0.00010836023628556173,0.0004462878274566578,6.301481337095301e-07,3.2157229021359516e-06,7.236656543396852e-07,2.923249127211133e-07,0.005658854256766631,0.0006122538588307294,1.530069731418617e-05,5.900643863485411e-08,0.0002004442342352092,0.9662700854148659,0.00011735973596441262,4.784045898474836e-06,1.2253225428146391e-05,0.019724076523423457,0.0006897062714244256,3.063238452631182e-06,0.0012688676181734791,9.32793938211078e-09,8.001508397094753e-06,0.0037989654237233967,1.770804305256856e-08,7.057695309086969e-06,0.001049330284026762
