,0,1,2,3,4,5,6,7,8,9,10,11,12,13,14,15,16,17,18,19,20,21,22,23,24
0,2.6297186545978608e-05,3.254880786012048e-07,2.149685425953545e-06,1.0701226971455966e-05,1.0370811650007141e-08,8.799379545623618e-09,3.499643511044179e-05,7.144183656507022e-07,0.002038125309063083,4.307381933664706e-08,4.191122301017993e-09,0.9901796374323154,0.006871779854140412,1.8432427329859027e-07,3.6703403875026384e-07,5.109606663700243e-05,1.2065901209704485e-05,9.760754307129308e-05,2.8047404438642604e-05,3.060116441722525e-07,0.0003077095327327543,0.0002498161092029371,1.439816202331881e-09,1.150529857586112e-06,8.685463192788898e-05
1,2.9747246853412384e-05,3.3129237899754953e-07,2.6437519225652783e-06,1.0311178414174873e-05,9.279552393248849e-09,9.294632941595591e-09,3.7106849831533257e-05,7.088248605700783e-07,0.002284851586291676,4.8610842910848e-08,3.453919540179215e-09,0.9899378538926263,0.006903897164436351,1.4950762279191648e-07,3.6448751013406755e-07,5.772214851463112e-05,9.33240709381777e-06,9.603310398019432e-05,3.029206948193436e-05,2.870590432261393e-07,0.00029988327721357005,0.000214694459687974,1.2124191034137725e-09,1.2259891376221979e-06,8.249185173159664e-05
2,2.8072336741819445e-05,3.2760063426197905e-07,2.023224739997258e-06,8.880629477987579e-06,1.2159857314265046e-08,6.98150817660607e-09,3.873493565975597e-05,6.701815945990249e-07,0.0019455570160116407,3.995127260111399e-08,3.6223098800479946e-09,0.9904091374106747,0.006806811816150223,1.8674095183371322e-07,3.9654237220048635e-07,4.4609830650455e-05,1.1135407916226617e-05,9.276875539908183e-05,2.2392564344140563e-05,2.9701710015933405e-07,0.00026107083565907755,0.00022422673295100575,1.3075187956394629e-09,8.706205304378298e-07,0.00010176577797362806
3,2.5131526423097656e-05,3.147383735725521e-07,2.0498373202431155e-06,1.0870934138278175e-05,9.233505849750942e-09,7.867595931798419e-09,3.414673401475023e-05,6.663063953097159e-07,0.0018382339874838712,4.2815298303641544e-08,3.751953724474454e-09,0.9909464027393289,0.006341652519117037,1.83506919710546e-07,3.3023585001929716e-07,4.555321180495422e-05,1.1264562359788644e-05,9.547087321544612e-05,2.4613090048286773e-05,2.8375587181239237e-07,0.00029528502472545823,0.00023960880372910932,1.3963474851590272e-09,1.04780083851957e-06,8.682474734065164e-05
4,2.3606379809441595e-05,2.9154832649222197e-07,1.8585214447645907e-06,1.0200171211122308e-05,8.721448235475341e-09,7.171695354610603e-09,3.203745337027723e-05,5.828181050189523e-07,0.0016750056954575702,3.956722988452428e-08,3.470151339134443e-09,0.9908554743525048,0.00664725689263766,1.816809244365597e-07,2.959234770860355e-07,4.066048896427727e-05,1.1023733012620426e-05,8.972797979648603e-05,2.2344982091082552e-05,2.7365651999084337e-07,0.00028007806458209847,0.00022224994758604817,1.348471347000511e-09,9.882941545173215e-07,8.580113702802666e-05
5,2.3550748780286262e-05,3.016243092466328e-07,1.813801616894501e-06,1.2163450486913955e-05,7.43866015411399e-09,7.241164672317609e-09,2.9245932753118137e-05,5.73163171129563e-07,0.001654104014607222,4.32957393368937e-08,3.3079941762516036e-09,0.9914218460129893,0.006052812176465942,1.8762506052457147e-07,2.779882436954484e-07,4.088515191667719e-05,1.1369672856683694e-05,0.00010334661852213521,2.132588474595588e-05,2.7971646562381685e-07,0.00029601563095036515,0.0002436263502615449,1.368604405477159e-09,1.0346776727793806e-06,8.517710596116496e-05
6,2.5131526423097656e-05,3.147383735725521e-07,2.0498373202431155e-06,1.0870934138278175e-05,9.233505849750942e-09,7.867595931798419e-09,3.414673401475023e-05,6.663063953097159e-07,0.0018382339874838712,4.2815298303641544e-08,3.751953724474454e-09,0.9909464027393289,0.006341652519117037,1.83506919710546e-07,3.3023585001929716e-07,4.555321180495422e-05,1.1264562359788644e-05,9.547087321544612e-05,2.4613090048286773e-05,2.8375587181239237e-07,0.00029528502472545823,0.00023960880372910932,1.3963474851590272e-09,1.04780083851957e-06,8.682474734065164e-05
7,4.631279271781331e-05,3.4803250334479254e-07,3.4110290701334753e-06,8.706445368927624e-06,1.060815122326653e-08,8.883226979007766e-09,4.0128770903234856e-05,7.75271283807004e-07,0.0018667496257925406,4.55007576835103e-08,3.718828846386715e-09,0.988575584856439,0.00878707175713864,1.5224369834092238e-07,2.5362394628206354e-07,4.132984816815822e-05,1.0558827829736465e-05,9.57564286699142e-05,3.567029594951072e-05,2.889476549769199e-07,0.00024247192801825007,0.0001626766433875729,1.3141334331303534e-09,1.4758726280861788e-06,8.020673373343898e-05
8,2.5578816493189538e-05,3.27189325146782e-07,2.651569120897042e-06,1.2716566061660205e-05,7.7174013618511e-09,6.686509776608315e-09,3.67970765385271e-05,6.502194482900067e-07,0.0014297376850629796,4.325383536924309e-08,3.144899035399416e-09,0.992495589668655,0.0054084848019225204,1.7400327481894845e-07,2.1153840704945335e-07,3.4158826515512803e-05,7.676413663815098e-06,6.741483646010955e-05,1.872618420476237e-05,2.431657266383228e-07,0.00022975575569022814,0.00015328821627611568,1.6330904612266114e-09,1.023311110095049e-06,7.473172030677782e-05
9,1.844570427529931e-05,2.8596956483194985e-07,2.264154770555146e-06,1.3907947838279832e-05,5.8809188507828425e-09,6.76535464313133e-09,3.130390123632738e-05,4.984645379195006e-07,0.0015286763619199396,4.4902754314480393e-08,2.682208877185117e-09,0.992655636154239,0.005087611330714255,1.4840345230861188e-07,2.315301858262184e-07,3.803165167202847e-05,6.966067628848702e-06,7.010106323387633e-05,1.635950032327039e-05,2.4844649640263984e-07,0.0002847303863329906,0.0001704452923291824,1.4259734778518502e-09,1.017542137089086e-06,7.30284699014707e-05
10,2.5131526423097656e-05,3.147383735725521e-07,2.0498373202431155e-06,1.0870934138278175e-05,9.233505849750942e-09,7.867595931798419e-09,3.414673401475023e-05,6.663063953097159e-07,0.0018382339874838712,4.2815298303641544e-08,3.751953724474454e-09,0.9909464027393289,0.006341652519117037,1.83506919710546e-07,3.3023585001929716e-07,4.555321180495422e-05,1.1264562359788644e-05,9.547087321544612e-05,2.4613090048286773e-05,2.8375587181239237e-07,0.00029528502472545823,0.00023960880372910932,1.3963474851590272e-09,1.04780083851957e-06,8.682474734065164e-05
11,2.4645676576583663e-05,3.055617629989305e-07,1.977412073931509e-06,1.055431530721786e-05,9.261875294620519e-09,7.57138340109132e-09,3.348549891281423e-05,6.324108524736283e-07,0.0017613929552798835,4.19144087519551e-08,3.646341252347731e-09,0.9906793485610355,0.006715208677255226,1.8239984077696571e-07,3.1115282332965797e-07,4.395255449623437e-05,1.1217912783308484e-05,9.241172486761186e-05,2.370438845789507e-05,2.903299531649215e-07,0.00028690696006299977,0.00022661343090514744,1.3992157262581315e-09,1.0455813109631817e-06,8.574870221725516e-05
12,1.8223480052628198e-05,2.3535678537394964e-07,2.8012543683572864e-06,9.092580981052772e-06,6.459555486498254e-09,7.076809478169188e-09,3.940689606787502e-05,9.040907394506309e-07,0.0017838943211003673,3.377168992743406e-08,4.955134993863526e-09,0.9934612998052387,0.004050557538839218,9.28087801830224e-08,4.1004249110285476e-07,5.276454590236975e-05,4.854074839269082e-06,5.2050544364673e-05,3.280483601697267e-05,1.8869574342920896e-07,0.00023049179341007824,0.0002124591750707221,1.267937759433116e-09,1.3753830884833666e-06,4.6039244991901024e-05
13,1.1217900784112492e-05,1.775790981741369e-07,1.0901444708357658e-06,8.726974699921212e-06,5.7842767057400135e-09,3.794020724879501e-09,2.5672740109343814e-05,6.323088639381055e-07,0.0009057220700149618,2.034496362431242e-08,4.55369151975171e-09,0.9945858007720231,0.003918708573143069,2.0540478479095912e-07,2.260680677723292e-07,2.473860146948318e-05,7.377017999614203e-06,5.3152176442786924e-05,1.3829816986762263e-05,1.7747856021553223e-07,0.00018311171459374942,0.00020591305553130192,1.27057353376137e-09,6.249588850162916e-07,5.28588959452365e-05
14,3.212449113727697e-05,4.8944856070364e-07,1.912812249512172e-06,1.1547435670142591e-05,1.601944141860212e-08,9.66331984040329e-09,4.730934569924222e-05,8.477677846204161e-07,0.002008856196397681,6.568057912173373e-08,5.353993301092177e-09,0.9900221787431461,0.006910322022996259,2.685459770946326e-07,3.899347392283027e-07,5.4796566766626905e-05,1.5337923521222575e-05,0.0001215550771554311,3.326681143573726e-05,3.4007285044872837e-07,0.00031228847591142054,0.0003213066670723332,2.0751332056506915e-09,1.2844442658266293e-06,0.00010347842419630668
15,2.5131526423097656e-05,3.147383735725521e-07,2.0498373202431155e-06,1.0870934138278175e-05,9.233505849750942e-09,7.867595931798419e-09,3.414673401475023e-05,6.663063953097159e-07,0.0018382339874838712,4.2815298303641544e-08,3.751953724474454e-09,0.9909464027393289,0.006341652519117037,1.83506919710546e-07,3.3023585001929716e-07,4.555321180495422e-05,1.1264562359788644e-05,9.547087321544612e-05,2.4613090048286773e-05,2.8375587181239237e-07,0.00029528502472545823,0.00023960880372910932,1.3963474851590272e-09,1.04780083851957e-06,8.682474734065164e-05
16,2.540703275908711e-05,3.169064158951505e-07,2.07539502073438e-06,1.0931488964092801e-05,9.330582984672392e-09,7.967680569930098e-09,3.4239718854510926e-05,6.703456560337588e-07,0.0018579549419999173,4.280389921118617e-08,3.785795360521813e-09,0.9908707908402391,0.006396301366503875,1.8377033237276533e-07,3.317015813269611e-07,4.587119487659354e-05,1.1343406224342892e-05,9.572928076963018e-05,2.482417844405206e-05,2.8572828751102047e-07,0.00029530107717837354,0.00023933719549488672,1.4037481109714408e-09,1.0601403922947778e-06,8.697899829926786e-05
17,1.5749979698877773e-05,2.2368900190647236e-07,1.1932612867350669e-06,1.0302209476074997e-05,7.8631058425944e-09,4.989723422073173e-09,2.85564837068018e-05,5.535554743808526e-07,0.001066923235320766,3.543510161666526e-08,3.340407135805795e-09,0.9919525913820403,0.006181189849034448,2.2585535958412878e-07,2.361520936356743e-07,3.259765257328558e-05,1.3275397488808328e-05,8.176483178228084e-05,1.506053617743957e-05,2.882490831789872e-07,0.00026659962706686345,0.0002463072703819501,1.62831802296721e-09,7.262296988872585e-07,8.558129659760114e-05
18,2.4973277143733808e-05,2.6567877810624323e-07,1.3793791979488337e-06,9.263171831905732e-06,9.583290320307045e-09,6.114360629465987e-09,3.093375164591515e-05,4.6622244463486657e-07,0.0013958764186848562,4.1116448195553166e-08,2.6960909652320738e-09,0.9900703968772255,0.007558540185434725,2.3734100666089013e-07,2.8192006956070025e-07,3.27006044383327e-05,1.74153157082308e-05,0.00012754063403723319,1.6229718807298307e-05,2.95706572947159e-07,0.00032172058103771485,0.0002580180572602168,1.2829885563688286e-09,6.809420707429067e-07,0.00013272342342479605
19,1.6141525190794025e-05,2.4705119926481086e-07,1.622824612270007e-06,9.55751067019117e-06,6.318613618898829e-09,4.904926145473936e-09,3.275338857876285e-05,5.016029002282931e-07,0.0013817302324149762,3.569753528652785e-08,2.6849079335897034e-09,0.9932761513340463,0.0046465478453321446,1.4488263643256386e-07,2.6685240752561653e-07,3.499524074049506e-05,6.940613176365306e-06,6.471340598859077e-05,1.6104784849048603e-05,2.084140262836526e-07,0.00024450267458971467,0.00019454990196634463,1.1267097087019343e-09,7.260839200909021e-07,7.154309806142727e-05
20,1.839959755923663e-05,2.702416015004323e-07,1.8148211010769273e-06,1.0559850294645752e-05,7.4150229036985474e-09,6.449454366737093e-09,3.454526326119787e-05,7.903318159035255e-07,0.0015255824437819243,4.088605134387438e-08,4.096797461653821e-09,0.9930286090770173,0.004580384330726826,1.7723721119264453e-07,3.95795387801301e-07,4.347981488369484e-05,9.162627061737651e-06,8.448327606122576e-05,2.2935270688460135e-05,2.435742250057934e-07,0.00027713956262706227,0.00028317793679201035,1.359129051961134e-09,8.541827264133847e-07,7.693455872068066e-05
21,2.1183878648055017e-05,2.689972198299723e-07,1.8193082106965135e-06,1.062880010075217e-05,7.0679279184243085e-09,6.744273159421816e-09,3.089454031870713e-05,5.772563845356258e-07,0.0016700679515278688,3.923589681995618e-08,3.068598634272356e-09,0.9919945502440352,0.0055842782416209436,1.775951278349237e-07,2.595206846170101e-07,4.5217870466780095e-05,7.805273466067435e-06,8.4965224404385e-05,1.927894392358827e-05,2.3526178312615871e-07,0.0002619223111999853,0.00019356388332821616,1.1099478821161048e-09,9.306455164502579e-07,7.131702538810962e-05
22,3.922887098943216e-05,3.721224146933539e-07,2.4178578167241196e-06,1.2883699443954683e-05,1.1697564315198698e-08,1.1234477566618028e-08,3.3755110282111044e-05,8.217427898191135e-07,0.0021183690082515055,5.260692010954501e-08,4.921607222574448e-09,0.9887809772051988,0.007900598483220004,2.380666617439465e-07,4.1822321545572555e-07,5.380244883420894e-05,2.048874808908454e-05,0.000170101566345323,3.23260411704249e-05,3.839483521464521e-07,0.0003763473968676066,0.00033677892454417346,1.5798161527873992e-09,1.3577169233847294e-06,0.00011825077820419926
23,2.5131526423097656e-05,3.147383735725521e-07,2.0498373202431155e-06,1.0870934138278175e-05,9.233505849750942e-09,7.867595931798419e-09,3.414673401475023e-05,6.663063953097159e-07,0.0018382339874838712,4.2815298303641544e-08,3.751953724474454e-09,0.9909464027393289,0.006341652519117037,1.83506919710546e-07,3.3023585001929716e-07,4.555321180495422e-05,1.1264562359788644e-05,9.547087321544612e-05,2.4613090048286773e-05,2.8375587181239237e-07,0.00029528502472545823,0.00023960880372910932,1.3963474851590272e-09,1.04780083851957e-06,8.682474734065164e-05
24,2.491324752881234e-05,3.347915211583483e-07,1.8016376201218285e-06,1.2576230695920865e-05,8.488185209033473e-09,7.59534641648019e-09,3.0792318164543545e-05,6.442532376618754e-07,0.0016285966515601393,4.72304879442522e-08,3.509466615185295e-09,0.9910352367275886,0.006488510130860294,2.290196363506659e-07,2.4750388716874853e-07,4.326811284793134e-05,1.1870185534308592e-05,0.00010298291649169631,2.2116797600630012e-05,2.996031219490921e-07,0.0002803636409704309,0.00023154299606391668,1.5106716199121322e-09,1.0477999323849914e-06,8.255710097831524e-05
25,1.605829906379139e-05,2.510055603712112e-07,1.7153228391967044e-06,1.3331230304833647e-05,7.738424142065253e-09,6.9826847353939094e-09,3.439932842885155e-05,1.1263981257609274e-06,0.0012642574963096496,3.734269305756363e-08,6.256166550239285e-09,0.993582280944263,0.0043712142214585355,2.5721837629813803e-07,2.844832635960472e-07,4.5853215311801154e-05,9.427310047084836e-06,7.667717922971383e-05,2.2717722488033026e-05,2.5407339767556996e-07,0.00024188961866474713,0.0002612576787946607,1.7656082872758106e-09,1.0086729388262392e-06,5.5678495556430416e-05
26,5.352257784191185e-05,4.3894324754180257e-07,3.1861650837407885e-06,1.3208052806278472e-05,1.3864159006844159e-08,1.3887188530679941e-08,3.178548163178853e-05,6.502417593088785e-07,0.0027424682439273896,5.129724655592354e-08,4.65078999923256e-09,0.9840719241765162,0.012125581351332923,1.7528814017583547e-07,2.848338572176219e-07,5.706772372448046e-05,1.954102696477259e-05,0.00014279711917391722,4.182585389397269e-05,4.7098024092607327e-07,0.0003666194723890149,0.00023062845228300933,1.863920619300055e-09,2.5505810417450027e-06,9.518787083883746e-05
27,2.1920486923930033e-05,3.071653338747286e-07,1.9091035507144782e-06,1.130795498076705e-05,8.310517048965323e-09,7.414495048811141e-09,3.3712928525775275e-05,7.265560964255537e-07,0.0017379584874031148,4.309255016224556e-08,4.0979729562394715e-09,0.9920135296288579,0.005345036687786976,1.8670470266474773e-07,3.587417716828087e-07,4.5409566689580236e-05,1.0769808774976852e-05,9.292371339354756e-05,2.4988482852482456e-05,2.6938195641439557e-07,0.0002944839566827443,0.0002821061191299704,1.4572031883227127e-09,1.0183305750659084e-06,8.101182127304428e-05
28,2.5131526423097656e-05,3.147383735725521e-07,2.0498373202431155e-06,1.0870934138278175e-05,9.233505849750942e-09,7.867595931798419e-09,3.414673401475023e-05,6.663063953097159e-07,0.0018382339874838712,4.2815298303641544e-08,3.751953724474454e-09,0.9909464027393289,0.006341652519117037,1.83506919710546e-07,3.3023585001929716e-07,4.555321180495422e-05,1.1264562359788644e-05,9.547087321544612e-05,2.4613090048286773e-05,2.8375587181239237e-07,0.00029528502472545823,0.00023960880372910932,1.3963474851590272e-09,1.04780083851957e-06,8.682474734065164e-05
29,2.5131526423097656e-05,3.147383735725521e-07,2.0498373202431155e-06,1.0870934138278175e-05,9.233505849750942e-09,7.867595931798419e-09,3.414673401475023e-05,6.663063953097159e-07,0.0018382339874838712,4.2815298303641544e-08,3.751953724474454e-09,0.9909464027393289,0.006341652519117037,1.83506919710546e-07,3.3023585001929716e-07,4.555321180495422e-05,1.1264562359788644e-05,9.547087321544612e-05,2.4613090048286773e-05,2.8375587181239237e-07,0.00029528502472545823,0.00023960880372910932,1.3963474851590272e-09,1.04780083851957e-06,8.682474734065164e-05
30,2.5131526423097656e-05,3.147383735725521e-07,2.0498373202431155e-06,1.0870934138278175e-05,9.233505849750942e-09,7.867595931798419e-09,3.414673401475023e-05,6.663063953097159e-07,0.0018382339874838712,4.2815298303641544e-08,3.751953724474454e-09,0.9909464027393289,0.006341652519117037,1.83506919710546e-07,3.3023585001929716e-07,4.555321180495422e-05,1.1264562359788644e-05,9.547087321544612e-05,2.4613090048286773e-05,2.8375587181239237e-07,0.00029528502472545823,0.00023960880372910932,1.3963474851590272e-09,1.04780083851957e-06,8.682474734065164e-05
31,3.6891780303608325e-05,3.579182847954865e-07,2.831131596450655e-06,1.1485680795505022e-05,1.0171888376493753e-08,8.280700770313635e-09,4.217380046104015e-05,1.034185990939081e-06,0.001697096885050518,5.592289985011007e-08,3.888167007108207e-09,0.9906841947470278,0.006728832248066729,2.0237713304206637e-07,3.099276923800183e-07,4.634777276748966e-05,1.1880258752609655e-05,0.00011315995972146826,3.020324767809705e-05,3.1650557789780433e-07,0.0002807443448073754,0.00022072458601144195,1.532981839780203e-09,1.1174352445459212e-06,9.001541039858602e-05
32,2.6459809549483546e-05,3.275015739293163e-07,2.1070584036392516e-06,1.0548752574757872e-05,9.289984572562347e-09,8.155407538020227e-09,3.4562362322375504e-05,6.903940319447365e-07,0.0018660938427601632,4.467928070479305e-08,3.885414245625781e-09,0.9908848788400764,0.006359907918448486,1.8172225276453036e-07,3.3642102314433685e-07,4.5787788276605774e-05,1.1300961630008353e-05,9.687005509081395e-05,2.7562510473750216e-05,2.807569363644924e-07,0.0002979518672707813,0.00024759546921280514,1.4242650686345254e-09,1.107088341664056e-06,8.538144539788008e-05
33,2.2584074978152748e-05,3.0630915332095396e-07,1.7486382358499196e-06,1.3006005270485078e-05,9.809592331075962e-09,9.001374548051639e-09,3.239843571618226e-05,8.22401323524657e-07,0.0015565897679192008,5.157143644152616e-08,4.767108758631902e-09,0.9898666197836832,0.007613194280219825,2.5149069220893545e-07,2.84074397433843e-07,5.4044001346109543e-05,1.582758271960415e-05,0.00010679482911771992,2.788116885987725e-05,3.705476053255617e-07,0.00031315634795875446,0.000293182819481043,1.9134418573651328e-09,1.2707792205539119e-06,7.958959914768421e-05
34,4.3071366134774485e-05,3.86167182037696e-07,2.739782238782349e-06,7.677989021658593e-06,1.051771223976441e-08,9.33178715414636e-09,3.515253411975451e-05,6.47572517453389e-07,0.002614408434035812,3.3879042322562424e-08,4.223688904663773e-09,0.9895091617069465,0.007050615746030083,1.4529192538015082e-07,3.469192623957894e-07,3.997581983343081e-05,9.59348728423395e-06,9.806887862629867e-05,4.1745498132993466e-05,2.1225312547781782e-07,0.0002628294433917505,0.00020337669278865716,1.0639547120853032e-09,1.3850785458448085e-06,7.84003226714464e-05
35,8.773458559506909e-06,3.01129702109839e-07,1.8035030328913706e-06,1.3975657467668801e-05,1.644527171962958e-08,1.3271195343149934e-08,3.253472076283162e-05,5.273474393212244e-07,0.0015653776271706962,3.8820521835896353e-08,8.170026278517052e-09,0.988153134385037,0.009340487892777142,3.2597721123220906e-07,5.446438034179939e-07,6.779882217757636e-05,1.7006988574564575e-05,3.931092640215655e-05,1.851034390010482e-05,4.7573791578845443e-07,0.0003365997364603201,0.0003002391568361571,4.27819326006857e-09,1.1351917020365759e-06,0.00010105576785864521
36,0.0002400290215515109,2.8851574079313886e-06,1.5844041489379114e-05,6.665586413535707e-05,9.02794884502636e-08,1.5729596765174433e-07,7.758589396353191e-05,7.140061884880505e-07,0.019156734815868912,2.688349193394144e-07,1.238307945921662e-08,0.9529999197266797,0.022770690083043166,4.912777546790677e-07,1.1657128171896982e-06,0.0001348416888313858,9.239185007902279e-05,0.0008669295454604128,8.572890755655773e-05,1.7455944842820958e-06,0.0023820106616260456,0.0005351194324258607,9.071425782065451e-09,1.1420070308279415e-05,0.0005565587834475315
37,3.007942502760284e-05,3.2710593936971147e-07,2.127236120175999e-06,1.0894109539515118e-05,8.578766164242552e-09,7.3129732286006345e-09,3.2562377782088094e-05,6.198390315158754e-07,0.0017687620472479405,4.398802180557995e-08,3.382046704296383e-09,0.9907149862942796,0.006669191372687326,1.6662793881884019e-07,2.647341072993239e-07,4.121493354508544e-05,1.1214604425987914e-05,0.00010277667309782226,2.5474815522477498e-05,2.8652982870714474e-07,0.00028398506480098494,0.00022207037689234868,1.3549378204614918e-09,1.2131326340758407e-06,8.171808280534474e-05
38,4.398104908106827e-05,3.931013136863976e-07,3.3711694486778484e-06,8.455425537043123e-06,1.3137026390152693e-08,1.1915032681852984e-08,4.665159720022161e-05,6.942993575665774e-07,0.0028701717151262194,5.094481074609307e-08,3.680262175520042e-09,0.9881349315121855,0.0080806902815897,1.489231824061621e-07,4.529933743209459e-07,6.130572093208074e-05,9.424428232060377e-06,0.0001034910815374574,3.790059960047405e-05,2.602457032959055e-07,0.00029631907225935244,0.00019878034206862293,1.1350297814193729e-09,1.3521740897475748e-06,0.00010114345601885307
39,1.8861127285905338e-05,3.7373096313014947e-07,7.467919868995162e-07,6.375993817054963e-06,6.37452370300686e-09,1.6161873216926889e-09,2.2505724337023438e-05,1.747566197192389e-07,0.0014318298653748021,1.2334612618970057e-08,1.927094261303729e-09,0.9955352909759666,0.0025925503733056016,1.5993352061277163e-07,1.5050310011140114e-07,1.1463646824211573e-05,4.268934592272309e-06,4.608032910219396e-05,6.809863106340793e-06,9.479358239517299e-08,0.00010081148402255528,0.00015668318093402375,7.339991099780831e-10,4.1770611360996784e-07,6.432729902786167e-05
40,2.5638007000001677e-05,3.2262809294609704e-07,2.0660496605435084e-06,1.1447927356131777e-05,9.437361255257738e-09,8.1975675923267e-09,3.418563077775464e-05,6.975348330451436e-07,0.0018641739964548399,4.4994544060477e-08,3.8774190146259885e-09,0.9907661859725924,0.006466124713681971,1.8940610783647292e-07,3.312760897155134e-07,4.795116880329557e-05,1.195998639823058e-05,0.00010011277380288247,2.548221170484185e-05,3.00482766850022e-07,0.00030519221718266213,0.00024935078931626173,1.4586399039396224e-09,1.0983529782203864e-06,8.712090886802624e-05
41,4.360426362541145e-05,3.483517664441739e-07,3.3441302805893728e-06,8.056295285782793e-06,2.4095055484150413e-08,9.19305611751664e-09,5.4356311852423204e-05,6.501754415592172e-07,0.0037418287185067398,3.0436723908135804e-08,3.5954884118378647e-09,0.9849710950365081,0.010507605387429318,1.314630899964511e-07,5.818516096500796e-07,7.60272424485802e-05,8.958310744172133e-06,8.570792672967034e-05,2.0397361715405127e-05,3.4980938044093063e-07,0.000229141197951695,0.00012868328942356532,9.371111772496827e-10,1.030219210236249e-06,0.00011803439956496952
42,1.7173226851044995e-05,2.471981380063979e-07,2.0223225891331178e-06,1.1987619434756222e-05,5.721973239302876e-09,8.203753191282371e-09,3.148163555190678e-05,9.675156298118393e-07,0.0014072590307345385,5.5158396922986256e-08,4.2973419615645485e-09,0.9925806155051882,0.0050581427131604646,1.5484596147504908e-07,3.5814775255363e-07,5.837924243874385e-05,9.670288472508978e-06,8.54379110491615e-05,3.380628675356036e-05,2.76224570032448e-07,0.00032055690217044013,0.00031838677598855183,1.586060699841901e-09,1.2003933105715624e-06,6.180124672852933e-05
43,2.6930335044340326e-05,3.939932740899545e-07,2.590666676536032e-06,1.5937190564539622e-05,1.1136423334066997e-08,1.5468876617080573e-08,4.2342037063728926e-05,1.0431985878303643e-06,0.0020991464240726673,1.0759062677433663e-07,4.812699807682411e-09,0.9884238364473092,0.007978634231265928,2.563548330790252e-07,4.754400573019519e-07,7.995964661924435e-05,1.911463302797913e-05,0.00016199768482083783,4.124054316485941e-05,5.01923113806106e-07,0.0005722371892872819,0.00041759502800637856,2.3742646996805134e-09,1.6209070741625817e-06,0.00011400474324492005
44,2.5131526423097656e-05,3.147383735725521e-07,2.0498373202431155e-06,1.0870934138278175e-05,9.233505849750942e-09,7.867595931798419e-09,3.414673401475023e-05,6.663063953097159e-07,0.0018382339874838712,4.2815298303641544e-08,3.751953724474454e-09,0.9909464027393289,0.006341652519117037,1.83506919710546e-07,3.3023585001929716e-07,4.555321180495422e-05,1.1264562359788644e-05,9.547087321544612e-05,2.4613090048286773e-05,2.8375587181239237e-07,0.00029528502472545823,0.00023960880372910932,1.3963474851590272e-09,1.04780083851957e-06,8.682474734065164e-05
45,2.4299774142797964e-05,2.996329638921445e-07,2.3980185621914146e-06,1.1193243650491533e-05,9.537543649764859e-09,8.899956826991676e-09,3.8229147565284464e-05,8.903616580569246e-07,0.0019926592922532055,4.444853049999082e-08,4.585626566995033e-09,0.9911377272367871,0.005980887961835395,1.7130361036372825e-07,4.414981478476195e-07,5.97809029244452e-05,9.983296491508242e-06,9.25355468758293e-05,2.838603138269871e-05,2.886161477316528e-07,0.00028094541161887104,0.0002577177960895738,1.3576345463455702e-09,1.123854587232934e-06,7.997224341337308e-05
46,3.802191067119897e-05,3.4211820264096337e-07,3.236937368557843e-06,4.261528058194784e-06,1.1253378875433103e-08,4.608834110779802e-09,6.946521654261076e-05,4.3262698281421745e-07,0.0038958212512540755,2.2322251644088095e-08,1.8532489328370289e-09,0.992487618242723,0.0030687467161291055,7.407525232566191e-08,5.024214820428999e-07,3.4555323925995e-05,1.7558648962470381e-06,5.472374149193128e-05,1.558657477410796e-05,7.946312067783273e-08,0.00015313616514607087,8.812130703106193e-05,3.9064846214595095e-10,5.303523600532641e-07,8.294773422520492e-05
47,2.5064626126884605e-05,2.3630406641612886e-07,1.5743053865017545e-06,6.919630049500725e-06,6.877419700793583e-09,4.995076709784976e-09,2.771557167663056e-05,3.955592412143318e-07,0.0015362422571607072,3.4804092683190797e-08,2.0861592492151544e-09,0.9907059738891177,0.007025044435897935,1.1521211328211197e-07,2.401231922858763e-07,3.855511101692823e-05,9.156501946555999e-06,8.039071366898613e-05,2.077180711017875e-05,2.3316067584575328e-07,0.00025030856578402665,0.00019019343484973748,9.009580594288362e-10,8.651876087825984e-07,7.995393960347818e-05
48,3.0199570442579515e-05,3.9931158279996964e-07,2.1647949133218976e-06,1.1423755937004556e-05,1.0404165006129436e-08,1.068811894942511e-08,3.478023882912905e-05,8.150985513377734e-07,0.0019590756562233276,5.532046811208423e-08,4.952387343022318e-09,0.9894622164503528,0.007574720704420256,2.1430716734408354e-07,3.1231249773622624e-07,5.086177146828848e-05,1.5099567175219766e-05,0.00010767553904007157,4.2528520764218915e-05,3.175910599722963e-07,0.0003225207987188369,0.00030283625650991456,1.8522662319579481e-09,1.5325226544881732e-06,8.022201428557381e-05
49,2.0769546457715755e-05,2.759215304718854e-07,1.9135689046918943e-06,1.0984990557514125e-05,6.8458283764307065e-09,6.642553483230318e-09,3.002440051923796e-05,5.642773146127426e-07,0.0015079314632192298,3.929704254033685e-08,3.222912508078881e-09,0.9921285144182339,0.005585038156426921,1.7049798521042452e-07,2.6708772696954006e-07,3.629851675949055e-05,9.241611878608082e-06,8.193957998287239e-05,2.020111505874694e-05,2.472014615723327e-07,0.0002734024928557134,0.0002132942110273749,1.3492779391272602e-09,9.578905841758302e-07,7.790569390017473e-05
50,2.0937836262669118e-05,2.6125065841188136e-07,1.8012660948309167e-06,7.5548269117869546e-06,8.416298702875518e-09,5.0561761642852485e-09,4.846340014707013e-05,7.646985669313517e-07,0.0010779012681543518,5.311880530142093e-08,2.868729936961691e-09,0.9930596140136864,0.00510393486942613,1.8323314932319982e-07,2.84166692088565e-07,3.333678667146708e-05,8.489783865504554e-06,7.341897345860833e-05,2.091554132108379e-05,2.1350334551302775e-07,0.00023753602499953252,0.00021379617993362495,1.386529073619971e-09,6.359704551646958e-07,8.988555966035632e-05
51,2.4023376686528575e-05,3.3166812828372485e-07,1.9050270520061912e-06,1.140558117046921e-05,7.686019111351566e-09,6.966368151837382e-09,3.1861538336977344e-05,6.574194188954088e-07,0.0017197581857325186,4.1074539955345496e-08,3.6598483945027415e-09,0.9922779742309369,0.005157538988963167,1.9162652435450504e-07,3.0775739951919047e-07,3.872488115365978e-05,1.0129401227286678e-05,9.499323402198009e-05,2.3448735968394907e-05,2.4249800816773575e-07,0.0002736530474228021,0.0002505690000937022,1.3196514342331996e-09,9.464385385993585e-07,8.127665678869801e-05
52,2.777605806583484e-05,3.267557390973746e-07,2.137710155766755e-06,1.121144624053087e-05,9.869020732582192e-09,8.862554339062916e-09,3.447950224737835e-05,7.170652465143016e-07,0.002002069365832442,4.485532517960148e-08,4.031257623119248e-09,0.9903275976855491,0.006737514742945975,1.974211513042035e-07,3.632227659519125e-07,4.992462287170383e-05,1.2349758916998995e-05,0.00011032183227810967,2.6624634992787553e-05,3.002826055335178e-07,0.00030567978334259576,0.00025724594256562475,1.3734719556559463e-09,1.1111820510484726e-06,9.19819928056802e-05
53,2.7257559300027434e-05,3.320721615329598e-07,2.134299948786413e-06,1.1405147756455913e-05,9.350677333996432e-09,8.587372701455273e-09,3.304473323486518e-05,6.757824638183039e-07,0.0019254397802947604,4.46350367304663e-08,3.860940302568934e-09,0.9905096262321157,0.006651265573615073,1.9178718114767632e-07,3.320451167192147e-07,4.694149559746275e-05,1.2296544535965427e-05,0.00010384790162347156,2.6406859754159343e-05,2.975013938460732e-07,0.0003082232472164521,0.0002495144453166436,1.4328312036418581e-09,1.1230322018986032e-06,8.957609231303002e-05
54,2.533927292130911e-05,3.1931888151145416e-07,2.01468387276009e-06,1.0081001688863744e-05,8.788665998976294e-09,7.201451570773354e-09,3.4120572024599094e-05,6.010664722154682e-07,0.0018012643224910143,4.1689649710433944e-08,3.302234774423182e-09,0.9914439755816342,0.005923033094268904,1.771568039066569e-07,3.2742711752395143e-07,4.149385028792615e-05,1.013225764117691e-05,9.012501091534657e-05,2.2695867582321535e-05,2.534284130980098e-07,0.00027554257315933676,0.00022678479310876107,1.2868736375012146e-09,9.175141271448238e-07,9.073893771240589e-05
55,0.00014961684865303257,1.0917756655065971e-05,6.75147838832198e-05,0.0005008053057079347,3.0605014879251287e-06,5.759990286628614e-06,0.0007199543426518529,0.0008855858614146221,0.002790935921896754,1.8589733434689234e-05,6.0069776891754494e-06,0.7263489240000395,0.030381892040453926,8.782111924684242e-05,0.00011015514903644371,0.0037782873653984697,0.04002825445914746,0.003241252066970351,0.003145034529369264,8.850668710927839e-05,0.017478152645285436,0.16623251949786988,5.235405697272442e-06,2.4400334847109025e-05,0.0038908166757678567
56,2.4070365565843267e-05,2.98550762936969e-07,1.952178488480777e-06,1.0385446926754224e-05,8.892275828352032e-09,7.415736719669687e-09,3.314801784360696e-05,6.247235497037346e-07,0.0017132373684819618,4.101010039890416e-08,3.6139615377255e-09,0.9909360462738757,0.006517704222704921,1.802684572871649e-07,3.064122612367707e-07,4.240336584528307e-05,1.0932591319664964e-05,9.009655716443252e-05,2.3531713846839176e-05,2.7733283222540427e-07,0.00028298180598454383,0.00022612889006574545,1.3825059380633786e-09,1.0230227189204936e-06,8.460857672355867e-05
57,0.005590603408280077,1.41483161860301e-05,0.00037737054590974956,0.0006155380857197141,1.9295182616877984e-06,1.665479571640208e-05,0.0003647570770876463,1.850644762697397e-05,0.4902395583305262,6.590016828029278e-07,1.154926666868036e-06,0.4244536098072718,0.008966083741717328,8.164518358648858e-06,6.427652547014662e-05,0.001462486095364874,0.00033670020624008843,0.0547126279277378,0.00032668511739485654,1.9219641025858995e-06,0.006031630321194403,0.0027870062124347927,2.0153654437887978e-08,6.537361338979303e-05,0.003542533342004119
58,2.52973019074417e-05,3.0353734452393353e-07,2.0271864498898087e-06,1.0335926631280542e-05,8.61309419944129e-09,7.55869716800569e-09,3.227238302299274e-05,6.079779973829721e-07,0.0017813227720336732,3.9928229369433475e-08,3.6388509123019347e-09,0.9908491032174718,0.0065618655577644605,1.641289873380463e-07,2.792188346373828e-07,4.2442892985893866e-05,1.0197212346956385e-05,8.709349710364772e-05,2.5481796503507246e-05,2.6866661385715243e-07,0.00027884319945234594,0.0002147796739492682,1.3750792591743625e-09,1.1821307499069566e-06,7.607060789846287e-05
59,2.578062592012595e-05,3.1396738192550327e-07,2.2661674038899458e-06,1.1037032546189301e-05,8.828793957746878e-09,8.10505123460956e-09,3.380180508711899e-05,6.55739203454214e-07,0.0018937427893369583,4.241388219660163e-08,3.825565245127536e-09,0.9908846399954571,0.006379622407821932,1.6129420963824296e-07,3.147033168408798e-07,4.643088895975059e-05,1.0159903193052516e-05,8.893832175846097e-05,2.6214124909819606e-05,2.8474557060987794e-07,0.00029171320928572214,0.00022458552105063771,1.4205213069097176e-09,1.234583415209411e-06,7.803758035763998e-05
60,2.5131526423097656e-05,3.147383735725521e-07,2.0498373202431155e-06,1.0870934138278175e-05,9.233505849750942e-09,7.867595931798419e-09,3.414673401475023e-05,6.663063953097159e-07,0.0018382339874838712,4.2815298303641544e-08,3.751953724474454e-09,0.9909464027393289,0.006341652519117037,1.83506919710546e-07,3.3023585001929716e-07,4.555321180495422e-05,1.1264562359788644e-05,9.547087321544612e-05,2.4613090048286773e-05,2.8375587181239237e-07,0.00029528502472545823,0.00023960880372910932,1.3963474851590272e-09,1.04780083851957e-06,8.682474734065164e-05
61,2.5460711362252148e-05,3.1131942481613344e-07,2.2277773907407612e-06,1.0742242911591459e-05,8.839018850362983e-09,7.82354080137298e-09,3.4552557593709504e-05,6.562221865794597e-07,0.0018376485042339843,4.199064853540308e-08,3.8155631362572145e-09,0.9910984040457902,0.006234211648847395,1.6144028314010586e-07,3.1638743112073273e-07,4.445130898080002e-05,9.932179425234843e-06,8.75255561862116e-05,2.5733548640156112e-05,2.752114816059259e-07,0.00028520540419377043,0.00022214857736271908,1.4140251514751685e-09,1.182718973343416e-06,7.878875450398551e-05
62,2.5131526423097656e-05,3.147383735725521e-07,2.0498373202431155e-06,1.0870934138278175e-05,9.233505849750942e-09,7.867595931798419e-09,3.414673401475023e-05,6.663063953097159e-07,0.0018382339874838712,4.2815298303641544e-08,3.751953724474454e-09,0.9909464027393289,0.006341652519117037,1.83506919710546e-07,3.3023585001929716e-07,4.555321180495422e-05,1.1264562359788644e-05,9.547087321544612e-05,2.4613090048286773e-05,2.8375587181239237e-07,0.00029528502472545823,0.00023960880372910932,1.3963474851590272e-09,1.04780083851957e-06,8.682474734065164e-05
63,2.6110599819836384e-05,3.4362178517049584e-07,2.0817984883188987e-06,1.091949183166879e-05,9.410105452541085e-09,7.838104679920547e-09,3.445332006311175e-05,6.440784865917832e-07,0.0018578050226352306,4.4423903291049375e-08,3.7421913894248825e-09,0.9910637707982344,0.006200879559463425,1.8551018499247648e-07,3.3236671318518437e-07,4.3729108734887e-05,1.1195598028556784e-05,9.455523145425262e-05,2.5215559598290312e-05,2.8142233342153853e-07,0.00029542421505265875,0.00024219749624956906,1.4504960304880215e-09,1.0563308522863823e-06,8.875200518920632e-05
64,2.2581586679814792e-05,3.0380781663801146e-07,1.944842383736276e-06,1.0890743352176387e-05,8.506609966433364e-09,7.523335256134041e-09,3.310051837294412e-05,5.918030439274712e-07,0.0017139341563505218,4.395389529698948e-08,3.452483661772677e-09,0.9912485568344854,0.006156637793760853,1.8197738425382592e-07,3.148413915338378e-07,4.154171460500243e-05,1.0894512900239528e-05,9.194759736534751e-05,2.256732081533935e-05,2.7952771153695237e-07,0.00031789460755942095,0.00023606096741996186,1.4391164342317513e-09,9.977751429402195e-07,8.871219601758395e-05
65,1.624003623412341e-05,3.184299580685412e-07,2.7374759099609023e-06,1.6517656895483407e-05,8.79954877069849e-09,7.987122219130689e-09,6.148806064942738e-05,1.347825336340694e-06,0.0009286198684442654,1.1620230664345192e-07,3.6035707466041465e-09,0.9935242293262521,0.0044132331268007235,3.3069704490461323e-07,3.9564094511565023e-07,4.301856309608174e-05,1.207906786514235e-05,9.638588224129463e-05,1.773083882854332e-05,3.8120547853358604e-07,0.0004436096314299684,0.00028905533304959905,2.8733984529749116e-09,6.050387281510804e-07,0.0001315368288652868
66,4.259950731488646e-05,4.043266378618605e-07,3.1677678601558895e-06,1.1318767461529068e-05,1.6813433987887067e-08,1.3356565599005384e-08,4.142251346787058e-05,7.072223021727989e-07,0.002632827181096742,5.8342452718979677e-08,4.759837361121173e-09,0.985014789222208,0.011224263423699013,1.7316799529127207e-07,4.291603982870055e-07,6.395899422579237e-05,1.8691844490107442e-05,0.00012733958794788517,3.782274618887899e-05,4.929735588493451e-07,0.00041113900936925817,0.0002491827567133464,1.8977445761779733e-09,1.8932488058042743e-06,0.00011728140822374875
67,2.2967349502508788e-05,2.8841257287067405e-07,2.075682389191688e-06,1.5514052652668135e-05,9.890571520590181e-09,1.158227257793684e-08,2.9070153743267982e-05,6.750553674304801e-07,0.0017056939565624693,5.152493102064047e-08,4.2483573126631764e-09,0.9876818894979397,0.009592877263641664,2.64647146307738e-07,2.89038689013308e-07,5.520715907821548e-05,1.8116692704184456e-05,0.0001166646752651684,2.2943261522576104e-05,4.3775962808778e-07,0.0003806552320197694,0.000253376226695092,2.036879595638621e-09,1.3321424339888028e-06,9.958245743388302e-05
68,2.534529636771306e-05,3.309578522487518e-07,2.0537526195390055e-06,9.876588621075226e-06,1.202702096399554e-08,9.005905942760021e-09,3.865482812180523e-05,7.344329118033821e-07,0.0019854558715056967,4.431133790234393e-08,4.645314876347274e-09,0.9900194176736127,0.007059929071779165,1.9379956607946383e-07,4.4726323058518416e-07,5.2052971567701714e-05,1.3009889041813353e-05,9.429853550586636e-05,2.893859050072884e-05,3.036305981580315e-07,0.00029251151162385354,0.0002776180485612786,1.5649272975173585e-09,1.0746597503800814e-06,9.768107215483617e-05
69,1.747086183004661e-05,2.6810017144525135e-07,2.2628188153305156e-06,1.3140223742646799e-05,9.057271592749823e-09,8.220153790202242e-09,3.526212443056227e-05,8.334217881619689e-07,0.0015219817276475897,4.005446597808916e-08,5.6895915032170366e-09,0.9918413921179164,0.005847010746122193,1.671034318039558e-07,3.139435001943274e-07,5.251636558985932e-05,8.507767403119673e-06,6.525302756237852e-05,2.459660943215935e-05,3.1761562073660447e-07,0.0002982459541372314,0.00021163888503929646,2.041100422958325e-09,1.5248845937479298e-06,5.72306386416735e-05
70,2.577833812011135e-05,2.722417314162598e-07,2.1128473327513535e-06,1.0869530528616788e-05,9.034487660863681e-09,6.497880350995426e-09,3.499474148369332e-05,7.299152663556032e-07,0.0016498425701728285,3.968225962414243e-08,3.1570490949155483e-09,0.9910864692317954,0.006487655210881641,1.9133973639766681e-07,3.100928566595334e-07,4.655444415173424e-05,1.0513085286293335e-05,9.62470613531928e-05,1.7939041241146104e-05,3.020511935327562e-07,0.00024017121272787675,0.0001970385326665554,1.1464835227906e-09,7.967820506326501e-07,9.115221126316812e-05
