,0,1,2,3,4,5,6,7,8,9,10,11,12,13,14,15,16,17,18,19,20,21,22,23,24
0,0.00019903012683100904,1.2859811759534119e-06,4.6152397039082235e-06,4.394457299014042e-07,6.973043136736788e-06,3.5187251867464e-12,1.6257867446716338e-09,0.0022436513552403755,5.198135609461803e-09,8.109285227664582e-08,2.084707968560496e-08,0.06292378720734991,1.2822102634234516e-08,2.271499259586087e-08,7.794686608481183e-08,1.8058434625909335e-09,0.9332126535325355,2.648489864255523e-06,1.4194520131380598e-05,1.4409124470859456e-09,1.684005064311811e-05,0.0013180638824448955,1.928771829206023e-08,3.606486238344077e-05,1.950747702102547e-05
1,0.00022382374395705923,1.4355642648290147e-06,4.662581335412301e-06,4.84162083203127e-07,6.848947048485373e-06,4.060600192373726e-12,1.948763728600543e-09,0.002720554904454811,6.914860508595825e-09,1.1110563552201873e-07,2.001589328188176e-08,0.05715861416660582,1.1040025875765759e-08,2.2960198690941317e-08,1.0015402345652469e-07,2.566711145315728e-09,0.9383779082941812,2.4746859396476534e-06,2.0061382326443338e-05,1.5576418881209862e-09,2.1685626735551318e-05,0.0013975191732940547,2.02086269857072e-08,3.6923274451607e-05,2.6705016880279664e-05
2,0.00017384008019469727,1.0373977986379955e-06,2.4714488195747037e-06,2.9397824945699195e-07,4.426868728916136e-06,2.5889863207287396e-12,1.2658598263015267e-09,0.0015748525196163374,2.752023825200664e-09,5.9394409243933515e-08,1.3869628253040548e-08,0.044425604110966424,7.202916083003723e-09,1.653073220564917e-08,8.55270728717239e-08,1.6458983805546454e-09,0.9524748182779162,2.039002815553485e-06,1.0250127080669787e-05,8.795164883459058e-10,1.4903569705852753e-05,0.0012662750902908805,2.3710034619633982e-08,3.0360358870632166e-05,1.8614388265327612e-05
3,0.00018101895778170523,1.183890580087019e-06,3.299429557984574e-06,3.692002564253715e-07,5.302634431893681e-06,2.595520298313847e-12,1.3342086554588824e-09,0.0019282847086038628,3.5592792613980615e-09,6.922587120345559e-08,1.6290257057598943e-08,0.049272084337413556,8.897519749630799e-09,1.7179796408406988e-08,6.930474981586863e-08,1.430677286879068e-09,0.9473671960694697,2.4238005885800105e-06,1.1250886168385589e-05,1.030265363292647e-09,1.5764577822061188e-05,0.0011574794930483284,1.828449177931986e-08,3.476061971985519e-05,1.9374854845394935e-05
4,0.00018224120875441608,1.2929580985611667e-06,3.7794999817228793e-06,4.000873033960702e-07,6.087850673847108e-06,3.0091414915170915e-12,1.4633357925981481e-09,0.0018892339490721181,3.872987634157622e-09,7.401778368897413e-08,1.8148108686876725e-08,0.05294960560708289,1.1193449328172763e-08,2.022662145928913e-08,7.165424176785942e-08,1.5047123082243735e-09,0.9436796665297662,2.636157985382543e-06,1.1175761627422152e-05,1.155670528099338e-09,1.5550411972311623e-05,0.0012020001978402704,1.983560527435018e-08,3.7197980079147955e-05,1.890872423662935e-05
5,0.00016222951305142262,1.1385271150628248e-06,3.0719809952003294e-06,3.8460666725813264e-07,5.2637305253033265e-06,2.3606603692943157e-12,1.2157223924062201e-09,0.0018983170550328956,3.1016620063690252e-09,6.660452666379534e-08,1.5988600343101988e-08,0.04570449812034836,8.816871363067796e-09,1.5642936057190062e-08,5.9415435419790656e-08,1.2108388800887386e-09,0.9511207006146096,2.568344812356458e-06,9.739736105033342e-06,9.717164450982407e-10,1.5258374096676834e-05,0.0010225366186145594,1.7615235038434042e-08,3.623046185337187e-05,1.78717302676237e-05
6,0.00018101895778170523,1.183890580087019e-06,3.299429557984574e-06,3.692002564253715e-07,5.302634431893681e-06,2.595520298313847e-12,1.3342086554588824e-09,0.0019282847086038628,3.5592792613980615e-09,6.922587120345559e-08,1.6290257057598943e-08,0.049272084337413556,8.897519749630799e-09,1.7179796408406988e-08,6.930474981586863e-08,1.430677286879068e-09,0.9473671960694697,2.4238005885800105e-06,1.1250886168385589e-05,1.030265363292647e-09,1.5764577822061188e-05,0.0011574794930483284,1.828449177931986e-08,3.476061971985519e-05,1.9374854845394935e-05
7,0.00021088581636254095,1.7774536016410232e-06,5.206401605079833e-06,4.616934177297415e-07,5.131925206992578e-06,2.596034318692907e-12,2.052756845761802e-09,0.0021125443934747697,5.40746303284593e-09,7.461822495867085e-08,2.4443688252758387e-08,0.05033614172918499,1.8152232733050116e-08,1.86780813237996e-08,6.467347927623228e-08,1.0516210927615762e-09,0.9461839438135398,3.2631353978389833e-06,9.706486962761164e-06,1.571668169197217e-09,1.246533122374481e-05,0.0010450578061773083,1.490561055392361e-08,5.3295532377387465e-05,1.9892924044987864e-05
8,0.00017043959352957075,1.1520804851894315e-06,3.0827162461890302e-06,3.78711048377948e-07,4.4387348081297405e-06,1.6544668184300375e-12,1.3940686146252817e-09,0.0019374795630163646,2.8218109339949622e-09,6.891983362256406e-08,1.0838114951007926e-08,0.03440985237109341,8.261715730947156e-09,1.50330056768938e-08,6.443112879704341e-08,1.3173221132961123e-09,0.9625869721762855,1.840477775476064e-06,8.962386188175768e-06,8.058866986718042e-10,1.3767337354065041e-05,0.000796103840784791,1.811106583695408e-08,4.429066198607236e-05,2.104741379129887e-05
9,0.00017103283074739728,1.550889187074584e-06,4.636226204244488e-06,4.562140849045203e-07,5.348981868333384e-06,1.6330330358555584e-12,1.5745489948496098e-09,0.0021145750142470467,4.188055966474816e-09,7.392730715029636e-08,1.372532770380655e-08,0.035949489446169144,1.4033450789280317e-08,1.6122936129580157e-08,5.969635882787585e-08,9.75720080473272e-10,0.9609492308591872,2.1845458008268563e-06,8.528485881602102e-06,1.0063984565313868e-09,1.196917480080169e-05,0.0006991448368829568,1.3671053631678327e-08,6.014172568668117e-05,2.151184646117913e-05
10,0.00018101895778170523,1.183890580087019e-06,3.299429557984574e-06,3.692002564253715e-07,5.302634431893681e-06,2.595520298313847e-12,1.3342086554588824e-09,0.0019282847086038628,3.5592792613980615e-09,6.922587120345559e-08,1.6290257057598943e-08,0.049272084337413556,8.897519749630799e-09,1.7179796408406988e-08,6.930474981586863e-08,1.430677286879068e-09,0.9473671960694697,2.4238005885800105e-06,1.1250886168385589e-05,1.030265363292647e-09,1.5764577822061188e-05,0.0011574794930483284,1.828449177931986e-08,3.476061971985519e-05,1.9374854845394935e-05
11,0.00018174487077588793,1.2145898801544015e-06,3.4361874566660085e-06,3.776554799038949e-07,5.34135467377659e-06,2.6489955459216466e-12,1.3807146771503417e-09,0.0018936236549959016,3.6024586319713863e-09,6.862430138919623e-08,1.7016195470203154e-08,0.05012183552531063,9.752542318309723e-09,1.777949657870696e-08,6.801386090668858e-08,1.3918604603941428e-09,0.9465608304645569,2.540903950923371e-06,1.0784476156179236e-05,1.0793818511399566e-09,1.5216968659012091e-05,0.0011478650929092585,1.8562488788860635e-08,3.592528740716298e-05,1.9055761837673682e-05
12,0.00024505011316545186,1.8161884583742146e-06,6.351198987322726e-06,6.380646946394674e-07,6.0640223675853695e-06,3.2963121908088713e-12,2.6581858689675056e-09,0.004138118575440557,1.3417373123422086e-08,1.261486036147779e-07,2.572739480696767e-08,0.05238807791745864,1.3946138468022411e-08,1.8716448219718213e-08,1.1601537587124861e-07,2.0664183061014317e-09,0.9419625548134418,2.23100167170976e-06,2.5509437969762856e-05,2.0975699973455582e-09,2.2000682469928433e-05,0.0011184247195211007,1.3667057266100498e-08,4.721770775576889e-05,3.561109273520332e-05
13,0.0001728197433971065,8.136181254979094e-07,3.179738842733918e-06,2.935409729703806e-07,4.376803136665798e-06,2.0967739242392996e-12,1.0840854206800442e-09,0.001569434189002513,2.7419606434620754e-09,3.855434239851418e-08,1.9388946184732064e-08,0.07097524728791625,7.726728494039852e-09,1.6153824083395126e-08,5.680261278574292e-08,1.0719663201925982e-09,0.9260893730304552,2.2337984163878605e-06,9.114771272612608e-06,9.539985939534987e-10,1.3815608773389945e-05,0.001119615303515192,1.6853724872657826e-08,2.4813713946480116e-05,1.4707517940401246e-05
14,0.00013323559519333938,3.941798839034111e-06,4.702838181337345e-06,6.184553354367631e-07,1.1534484441607617e-05,4.019373519966641e-12,1.709298362195211e-09,0.0029096507659047426,8.195792706096685e-09,2.1699331017810374e-07,2.1695218301822665e-08,0.027743577289230475,2.210488033727428e-08,1.870135755690315e-08,8.29728018283527e-08,1.2649780993134307e-09,0.9678127499849071,3.3672656828409307e-06,1.5086942996254793e-05,1.3876243117923387e-09,1.7788625944844805e-05,0.0012442083987567966,1.4583834870012399e-08,7.8252166993184e-05,2.089577447701629e-05
15,0.00018101895778170523,1.183890580087019e-06,3.299429557984574e-06,3.692002564253715e-07,5.302634431893681e-06,2.595520298313847e-12,1.3342086554588824e-09,0.0019282847086038628,3.5592792613980615e-09,6.922587120345559e-08,1.6290257057598943e-08,0.049272084337413556,8.897519749630799e-09,1.7179796408406988e-08,6.930474981586863e-08,1.430677286879068e-09,0.9473671960694697,2.4238005885800105e-06,1.1250886168385589e-05,1.030265363292647e-09,1.5764577822061188e-05,0.0011574794930483284,1.828449177931986e-08,3.476061971985519e-05,1.9374854845394935e-05
16,0.00018943352575902426,1.1216693316620401e-06,2.881570239130733e-06,3.6342748985273455e-07,4.6913656014919344e-06,2.85895932269548e-12,1.4124338814669217e-09,0.002033909897947808,3.147133638432612e-09,8.224042307963654e-08,1.606408109714325e-08,0.04796400097113038,7.132571485476713e-09,1.570394759815234e-08,6.506997203093974e-08,1.7399344435041556e-09,0.948493397003897,2.7983951579243136e-06,1.1240132487940594e-05,1.0507754862556461e-09,1.9608285257130054e-05,0.001222205561407404,1.975126500600764e-08,3.456046977299593e-05,1.9574409123369073e-05
17,0.0001840919364253411,1.006741825074335e-06,3.5327914842190193e-06,4.3642398628731653e-07,5.320336736256766e-06,2.5861748835112822e-12,1.3734259130407443e-09,0.0018217577075673062,2.8313905169591678e-09,5.897243525100246e-08,1.7567526390606987e-08,0.05980442903376743,9.735983238609952e-09,2.087219492669802e-08,5.443898530750404e-08,1.3416870162192185e-09,0.937058930880915,2.8795181392159946e-06,8.969897821960085e-06,1.1291821709127377e-09,1.5284137801293472e-05,0.0010405319253156968,2.174767546376584e-08,3.3540450516584664e-05,1.9098204625974824e-05
18,0.0001706350644170773,7.826933530479347e-07,1.965681986006815e-06,2.1393818146591284e-07,2.4810197221465776e-06,1.2341246401192907e-12,9.141135578008081e-10,0.0012141733206287727,1.5339505014393292e-09,3.6982811295078244e-08,9.645670502680654e-09,0.03980844515756805,5.216685361287266e-09,9.901270167146637e-09,4.143456156508943e-08,8.014033287316294e-10,0.957812726076235,2.2950645586027303e-06,5.59517677454887e-06,5.99862300674055e-10,1.0531605170333279e-05,0.0009245118929977332,1.4124614067142573e-08,3.034134331487683e-05,1.518080891549797e-05
19,0.00016226448689567888,1.3123236808638534e-06,4.604745333028919e-06,4.444506135473892e-07,7.37332581088598e-06,3.0995485411577915e-12,1.3590787159274074e-09,0.0020998298975316372,4.543034337956798e-09,7.831056318817466e-08,1.90282843708505e-08,0.05983141045665643,1.3239661472717788e-08,2.165955419150788e-08,6.496468285781565e-08,1.3603942421179663e-09,0.9365691817286439,2.6563579431042e-06,1.1037429674604401e-05,1.3286967517377422e-09,1.4870057868915656e-05,0.0012404830478110547,1.691099557221404e-08,3.687135704949555e-05,1.7437626441843402e-05
20,0.0002756225021680432,1.4770641964074025e-06,5.2238188980821635e-06,5.478329215473173e-07,6.505295421011699e-06,3.507454629135003e-12,2.0095231527132348e-09,0.001955136787603344,5.001611347168979e-09,8.181724426173856e-08,2.2576156736312582e-08,0.06517354533848894,1.3476736447587427e-08,2.6781291813968097e-08,7.501371279547323e-08,1.860820585834477e-09,0.9314986142950914,3.131546515612331e-06,1.3987805646906438e-05,1.3329411913826846e-09,1.8137751172139362e-05,0.000974441067900825,2.1413252729438743e-08,4.237799369590373e-05,3.0999613481560487e-05
21,0.00023135374455330687,1.1230718580158188e-06,4.537567823415582e-06,4.757342070624697e-07,6.105844396990912e-06,3.737753274569263e-12,1.9000490727714675e-09,0.0019244354926081198,3.778773859201964e-09,8.242972893830634e-08,2.0386221773607038e-08,0.07705004187432696,1.241340693615132e-08,2.651778253101675e-08,6.948491796616284e-08,2.240435181047807e-09,0.9195342574194679,3.112521873873961e-06,1.1782849578444789e-05,1.434393367642944e-09,1.8872781757437463e-05,0.0011550835307440285,2.5192639026313208e-08,3.61289578301202e-05,2.244282688787667e-05
22,0.00017704057328946597,9.358479508824282e-07,2.962840333044607e-06,3.2403814062887295e-07,4.436980267937707e-06,2.5632005433637963e-12,1.2407591381908541e-09,0.0017413436775978325,2.6118624560476027e-09,5.99797393055836e-08,1.6816480091034532e-08,0.05338376156739311,7.0328981354111675e-09,1.554575425737219e-08,5.591755376945437e-08,1.462664925163128e-09,0.9434014633217518,2.8398310259900664e-06,9.323936841034481e-06,1.047661886488699e-09,1.7180763651483244e-05,0.0012115221646413642,1.856881004631955e-08,3.077089561190542e-05,1.59133347563126e-05
23,0.00018101895778170523,1.183890580087019e-06,3.299429557984574e-06,3.692002564253715e-07,5.302634431893681e-06,2.595520298313847e-12,1.3342086554588824e-09,0.0019282847086038628,3.5592792613980615e-09,6.922587120345559e-08,1.6290257057598943e-08,0.049272084337413556,8.897519749630799e-09,1.7179796408406988e-08,6.930474981586863e-08,1.430677286879068e-09,0.9473671960694697,2.4238005885800105e-06,1.1250886168385589e-05,1.030265363292647e-09,1.5764577822061188e-05,0.0011574794930483284,1.828449177931986e-08,3.476061971985519e-05,1.9374854845394935e-05
24,0.00017150765641737347,1.462625604986844e-06,4.023943908341783e-06,4.847021083232568e-07,7.194584173527156e-06,3.187393169248337e-12,1.4766575158171127e-09,0.0021277295872884714,4.052703394685853e-09,8.813369809437e-08,1.8848149592077442e-08,0.05252395858768198,1.235953419693992e-08,2.1932503419792886e-08,6.580872271547235e-08,1.4743705367722685e-09,0.9439154037297337,2.8659903076260144e-06,1.1881730232336801e-05,1.2353073717604068e-09,1.634682499983251e-05,0.0011572617413700289,1.9770565688999693e-08,3.956837357243315e-05,2.0074827201276204e-05
25,0.0001580260508561121,7.286372665818645e-07,2.947114274286524e-06,3.8824521895523263e-07,3.7755059950654874e-06,1.6007934498637287e-12,1.3019319683975135e-09,0.0022988720549685033,2.3038706847177166e-09,4.5700201838058534e-08,1.787142967387893e-08,0.05407028303300568,7.789300187198496e-09,1.271081147456553e-08,4.011713544180133e-08,1.0240164373916882e-09,0.9425343200702851,2.536866403059211e-06,8.561765657696437e-06,1.1636510759094319e-09,1.428902344102146e-05,0.0008603117541875154,1.625190357107883e-08,3.176282236027997e-05,1.3050820227105071e-05
26,0.00015193003223493013,8.764968281931425e-07,2.351214691170569e-06,2.439909320758124e-07,2.876819064084798e-06,1.1946939305402716e-12,9.201551629176826e-10,0.0014223873622410176,2.1207893615787e-09,3.801406796458767e-08,1.1875524793484097e-08,0.0334172214452083,7.242621345595741e-09,8.590281018272871e-09,3.9996831856266883e-08,6.074169436818512e-10,0.9641411820968624,2.397898671312657e-06,5.416300717262355e-06,6.775583457314741e-10,9.581555057119225e-06,0.000793103509482656,1.139057095849277e-08,3.80929025774935e-05,1.2216938419825582e-05
27,0.00020621131615798443,1.3153965905476359e-06,3.3137580694990775e-06,3.670157968915738e-07,5.048407137742113e-06,3.2531662594465414e-12,1.4688821320609957e-09,0.0021824825685349174,4.728159464828061e-09,8.296426407394724e-08,1.618882284938656e-08,0.04716518614594145,7.930655690195375e-09,1.7450920433618443e-08,9.028006911703836e-08,1.7572603219383236e-09,0.9488195241701672,2.546654404904829e-06,1.3268541626294248e-05,1.2005965348012582e-09,1.7778710421315557e-05,0.0015246430850167458,1.8728722105508805e-08,3.411369492105783e-05,2.3957833607552365e-05
28,0.00018101895778170523,1.183890580087019e-06,3.299429557984574e-06,3.692002564253715e-07,5.302634431893681e-06,2.595520298313847e-12,1.3342086554588824e-09,0.0019282847086038628,3.5592792613980615e-09,6.922587120345559e-08,1.6290257057598943e-08,0.049272084337413556,8.897519749630799e-09,1.7179796408406988e-08,6.930474981586863e-08,1.430677286879068e-09,0.9473671960694697,2.4238005885800105e-06,1.1250886168385589e-05,1.030265363292647e-09,1.5764577822061188e-05,0.0011574794930483284,1.828449177931986e-08,3.476061971985519e-05,1.9374854845394935e-05
29,0.00018101895778170523,1.183890580087019e-06,3.299429557984574e-06,3.692002564253715e-07,5.302634431893681e-06,2.595520298313847e-12,1.3342086554588824e-09,0.0019282847086038628,3.5592792613980615e-09,6.922587120345559e-08,1.6290257057598943e-08,0.049272084337413556,8.897519749630799e-09,1.7179796408406988e-08,6.930474981586863e-08,1.430677286879068e-09,0.9473671960694697,2.4238005885800105e-06,1.1250886168385589e-05,1.030265363292647e-09,1.5764577822061188e-05,0.0011574794930483284,1.828449177931986e-08,3.476061971985519e-05,1.9374854845394935e-05
30,0.00018101895778170523,1.183890580087019e-06,3.299429557984574e-06,3.692002564253715e-07,5.302634431893681e-06,2.595520298313847e-12,1.3342086554588824e-09,0.0019282847086038628,3.5592792613980615e-09,6.922587120345559e-08,1.6290257057598943e-08,0.049272084337413556,8.897519749630799e-09,1.7179796408406988e-08,6.930474981586863e-08,1.430677286879068e-09,0.9473671960694697,2.4238005885800105e-06,1.1250886168385589e-05,1.030265363292647e-09,1.5764577822061188e-05,0.0011574794930483284,1.828449177931986e-08,3.476061971985519e-05,1.9374854845394935e-05
31,0.00015605210402179604,1.2002636482444808e-06,3.6874847384338945e-06,4.1275247607054754e-07,5.842008785101435e-06,1.837361597636428e-12,1.1508745969730399e-09,0.002263235318228764,3.1938810895725112e-09,6.770300342050844e-08,1.3566168474230078e-08,0.043654812509204756,1.0427502332753887e-08,1.5612164351710477e-08,4.696985086181103e-08,1.0154352573237652e-09,0.9529347849258083,2.5176392062389674e-06,9.415933718776719e-06,9.95707913478221e-10,1.3131543581027563e-05,0.0008950527705946105,1.4329799721443866e-08,4.29681833521557e-05,1.6711596410299978e-05
32,0.00018354305695703193,1.1778431574423834e-06,3.2365825861904585e-06,3.6176931485166404e-07,5.244441104776479e-06,2.6829263456094566e-12,1.3541483730892566e-09,0.0019867846510395115,3.724568614019168e-09,7.112482516167573e-08,1.6267737603786432e-08,0.048801994435034315,8.547557054091864e-09,1.6973999169222724e-08,7.292772840548062e-08,1.5303775640645787e-09,0.94772254903248,2.379416956626744e-06,1.217995531741572e-05,1.049901077345076e-09,1.632850533734159e-05,0.0012105823398524508,1.8454246325222635e-08,3.381223856363314e-05,1.9613774526318705e-05
33,0.00012209219969804564,1.0211641519407624e-06,1.8629973505671547e-06,2.0369639922720954e-07,4.728749063984773e-06,1.7464612051521093e-12,7.967274020110895e-10,0.00122443872687657,1.3312223974338986e-09,4.391302939336528e-08,1.1108865785727089e-08,0.03871459207426907,8.348111887019297e-09,1.355637037219826e-08,4.140042153512861e-08,8.392451565422141e-10,0.9584151189060192,2.3541980900181154e-06,6.434472078025027e-06,6.49840289670538e-10,8.335448147409082e-06,0.001461266481827384,1.7924333562894226e-08,2.9488064216173306e-05,7.922951898195487e-06
34,0.0003855024447114389,2.315253741177786e-06,7.89172793221359e-06,5.908477090810992e-07,7.612170641989306e-06,5.946588129743132e-12,3.264866576794945e-09,0.0034929626295200984,1.7267216966111894e-08,1.53060316326642e-07,2.6900136576697306e-08,0.06847642993428715,1.6180255171717956e-08,3.1890039627857454e-08,1.5257660975482392e-07,3.324586477287261e-09,0.9256195627985917,3.014982876365841e-06,3.347046397857907e-05,2.3269019343076746e-09,2.503414987246921e-05,0.0018520674363601156,1.8163722126964856e-08,4.6265992616109416e-05,4.685420656334025e-05
35,0.0001120974309864883,1.3725960096478555e-06,4.312828561269692e-06,3.6317569531314194e-07,1.5187491989255366e-05,4.588843924585517e-12,1.4015728237679474e-09,0.0009346435247392776,2.08422537488624e-09,5.766084878471086e-08,2.2296536049764548e-08,0.06357876377396982,1.6504322389385175e-08,5.173218496736958e-08,1.714882780267129e-07,2.9947503617844107e-09,0.934127611031484,1.2431248263388099e-06,9.993131491791399e-06,7.991743267094367e-10,1.6367172953403668e-05,0.0011519200276151778,5.982810814208564e-08,3.318797660260493e-05,1.2549918485550349e-05
36,0.00019436668948046238,1.350661391651435e-06,3.5333535259886202e-06,4.2063577981681015e-07,5.6635981014146955e-06,3.2385244571061083e-12,1.540050041735364e-09,0.0021307161095804705,4.1266585631180644e-09,8.287834900693756e-08,1.933882759796641e-08,0.04929293941662472,9.368401519556342e-09,1.8468267858293416e-08,7.627730464054738e-08,1.6130650027804152e-09,0.9470167288453349,2.871903937377804e-06,1.2126642049791646e-05,1.2110379377279742e-09,1.8469036463791814e-05,0.0012614145507956176,1.98997003503419e-08,3.7845153486344234e-05,2.1318678546592176e-05
37,0.00021307994925394105,1.1295182388013309e-06,3.4253211261155982e-06,3.312366320767924e-07,4.642628485022136e-06,2.312968408069723e-12,1.3621098470766396e-09,0.0016802869453085138,2.9460363654744776e-09,5.704290974321795e-08,1.6161814179263746e-08,0.0547391966018949,8.705924101049283e-09,1.768275253794904e-08,5.930994784084513e-08,1.3017061146594822e-09,0.9421282438445767,2.7017754284511936e-06,9.793631115048845e-06,9.628319617767088e-10,1.4475798844678791e-05,0.001148647270971661,1.7701735004197558e-08,3.503844816902006e-05,1.882384987426877e-05
38,0.0002807769728620657,1.2496415192974668e-06,3.525294178084253e-06,3.695651197473775e-07,5.17267784631766e-06,4.9857336417420755e-12,2.2463649666336815e-09,0.0018693521151858204,4.1507927970833235e-09,8.816319470863577e-08,2.2607961757292887e-08,0.06605361822787273,8.278660255538276e-09,2.53036191071764e-08,1.1925429462605785e-07,3.339204225198627e-09,0.929927874410866,2.9348903642007513e-06,1.6256904351964525e-05,1.3844536275163877e-09,2.486228864730194e-05,0.0017556653068934653,3.1953026816728706e-08,3.2313559592691535e-05,2.572145814165111e-05
39,0.0001837022235916404,1.0751943501167789e-06,3.395104151602155e-06,3.9635837316478233e-07,5.581644429668865e-06,2.8654449171145716e-12,1.3553302701432977e-09,0.002088172586805182,3.643400663649312e-09,7.252201724851803e-08,1.7037944278560968e-08,0.05477523939377621,8.28529975226278e-09,1.8138924112603918e-08,7.052208316574825e-08,1.6894797480535317e-09,0.941694171798809,2.474511453036725e-06,1.2446832875090497e-05,1.1163308361550737e-09,1.8407483223554187e-05,0.001162079431294669,1.96882994503593e-08,3.244922786029658e-05,2.019420703186918e-05
40,0.00018386466434957343,1.187830710961327e-06,3.3028980831446483e-06,3.6304777811103596e-07,5.253753365026297e-06,2.6165694295398767e-12,1.338178122042864e-09,0.0019061635190586867,3.5565528058367805e-09,6.85040715772742e-08,1.6370205476620023e-08,0.04979994991054675,8.83728446589057e-09,1.7290847344838518e-08,6.977073646290002e-08,1.4359644912390552e-09,0.9468345903196891,2.441698038941729e-06,1.126015582440058e-05,1.03005254683767e-09,1.5751751364633545e-05,0.0011817822727801367,1.8314959285018367e-08,3.448667032901061e-05,1.9395056612420914e-05
41,0.0002180009816310624,3.150282752205757e-06,8.55168701998401e-06,6.602288098610135e-07,1.661001867573848e-05,7.1277250788703255e-12,2.1446824697824165e-09,0.0031390309784401025,1.6506499449691045e-08,2.1247755663352838e-07,2.1920521764724176e-08,0.04860813528558548,1.931836114429824e-08,3.854125819196503e-08,2.0691716818633052e-07,3.2569272358292225e-09,0.9461771615820219,2.296369552556177e-06,2.631579690108526e-05,1.667675056332893e-09,2.650997994226855e-05,0.0016728531111616317,2.0902524193331454e-08,6.079877595662097e-05,3.9381261247520444e-05
42,0.00014775635649642607,8.349167657075121e-07,2.0281029185263326e-06,2.1830926976034397e-07,3.3956585610412275e-06,1.92212869724703e-12,1.0809484859696633e-09,0.002304373126423436,2.971428619877513e-09,6.231758139026382e-08,1.1690424344957622e-08,0.03694373890985041,4.055952823224395e-09,9.919160073899835e-09,7.886773983822863e-08,1.7923983344270036e-09,0.9589576132769781,1.5408549515145466e-06,1.4575779564195874e-05,9.063491111335802e-10,1.7328559119733806e-05,0.0015687355029180784,1.52149006313251e-08,2.3821763498782346e-05,1.3850063878787196e-05
43,0.0001317788210695671,1.0530421198673856e-06,2.0282595277468175e-06,3.433305942802605e-07,6.015592350956121e-06,3.644299463031615e-12,1.0187665849395118e-09,0.0025424042369206067,3.7272730686340865e-09,1.1686244200390928e-07,1.3454275575760333e-08,0.034148314196529354,5.103433216960774e-09,1.2201348830626933e-08,8.542977850671743e-08,2.2514470341078103e-09,0.96159213438168,2.210318951369073e-06,1.4961668521249726e-05,9.45771639109624e-10,2.469681610685833e-05,0.0014873637109360097,2.0377311675959845e-08,2.9736234468900595e-05,1.669801473086676e-05
44,0.00018101895778170523,1.183890580087019e-06,3.299429557984574e-06,3.692002564253715e-07,5.302634431893681e-06,2.595520298313847e-12,1.3342086554588824e-09,0.0019282847086038628,3.5592792613980615e-09,6.922587120345559e-08,1.6290257057598943e-08,0.049272084337413556,8.897519749630799e-09,1.7179796408406988e-08,6.930474981586863e-08,1.430677286879068e-09,0.9473671960694697,2.4238005885800105e-06,1.1250886168385589e-05,1.030265363292647e-09,1.5764577822061188e-05,0.0011574794930483284,1.828449177931986e-08,3.476061971985519e-05,1.9374854845394935e-05
45,0.00017052746080259187,1.2150285915878395e-06,3.6192103810980545e-06,3.887542900530849e-07,6.0263253388063775e-06,2.651248052902524e-12,1.457941604831589e-09,0.002172762525552867,4.112427335468972e-09,7.463052501838898e-08,1.6686677154366972e-08,0.04968052855565489,1.0620119385841596e-08,1.8375640080773243e-08,7.728768963523988e-08,1.5718884637262191e-09,0.9466810880601353,2.135103195219525e-06,1.267186469505765e-05,1.1476170839439875e-09,1.5169218730718125e-05,0.001199346493331934,1.8709127864677563e-08,3.6327872324428654e-05,1.7968924670528312e-05
46,0.003772386428848394,0.00022458213653978024,0.0009415779026389917,6.589780960350579e-05,0.0014653997064101815,1.5830334334788503e-08,5.503758586198896e-07,0.058397861644822496,3.42463430071914e-05,0.00014052606532680652,8.094812382116994e-07,0.7097136946891642,7.298952920582156e-07,3.176436959895619e-05,1.937529310216435e-05,2.761796371445786e-06,0.16566064207054068,2.1164299355685818e-05,0.01544209199577644,2.7744614824683667e-07,0.001710723863165158,0.033798267789972934,2.8878006771327586e-07,9.763832000545425e-05,0.00845672566681037
47,0.00025217028184611954,9.299440051256341e-07,2.482895610385467e-06,1.939371726385216e-07,2.5754736029311195e-06,1.9680564895292247e-12,1.2740235652739217e-09,0.0012666617872288957,2.201389485976183e-09,4.082634659193455e-08,1.4347296279879643e-08,0.05817024969751335,5.643897542992827e-09,1.2907831377794904e-08,5.7618390668606495e-08,1.1990725856278703e-09,0.938671641464145,2.883205778327219e-06,8.255814582467666e-06,8.33693844926269e-10,1.313928586559364e-05,0.0015644452425587147,1.525003448134326e-08,2.7388514916980212e-05,1.6830351229169643e-05
48,0.00019828795670314515,1.2562404030549113e-06,3.984647852318619e-06,4.295107769758832e-07,6.085342307944669e-06,3.177634239921659e-12,1.4612574416339956e-09,0.002011267692807749,4.258354043904613e-09,7.533769270717176e-08,1.915773478664418e-08,0.05823981854745522,9.953056709995922e-09,2.056732929007768e-08,7.456572128163934e-08,1.584875576374456e-09,0.9382531977066382,2.7441502178014343e-06,1.1953288320173807e-05,1.1893208413827652e-09,1.7889778671668846e-05,0.0011947781142677663,1.9345647287905456e-08,3.569228378877778e-05,2.2387315621684862e-05
49,0.00017643739330463362,1.0309759463247939e-06,3.5558088603195197e-06,3.6409362319444074e-07,5.708823247040137e-06,3.1259442317115944e-12,1.241785915328523e-09,0.001785460728541032,3.3565067423222314e-09,6.220478709721283e-08,1.859830521305404e-08,0.06543067195476918,9.418429773806434e-09,1.967586951309502e-08,6.366477138172774e-08,1.4468300909404804e-09,0.9311706363860489,2.8340540606043257e-06,1.0129226151167775e-05,1.1916024944184285e-09,1.6013563478299133e-05,0.0013504857189114829,1.9434760948558844e-08,2.9614168502941256e-05,1.685686777969827e-05
50,0.00027565386874330516,1.9166101239912598e-06,5.0923104207845436e-06,6.321719312377349e-07,8.636458059332474e-06,5.4237966291594624e-12,2.9350245558918746e-09,0.00364264468317592,8.387855405407758e-09,1.9103348892243792e-07,1.788810344816832e-08,0.05321857527880852,1.3516105286439403e-08,3.2638341591988736e-08,1.1848518870693186e-07,4.143156273181236e-09,0.9408424939269542,2.6504780140586083e-06,2.9121870291235654e-05,1.925242481574257e-09,2.4093623154208185e-05,0.0018699615163087417,2.653870140138467e-08,4.420808235011494e-05,3.390162503267372e-05
51,0.0001821796128302574,1.1791676487483759e-06,3.31056256045194e-06,3.7916188695366574e-07,5.013232698791003e-06,2.510536557370941e-12,1.3818792582255466e-09,0.0020395015519629146,3.463426096174995e-09,7.000436401027719e-08,1.696285404946925e-08,0.050043421199897874,8.978914379978237e-09,1.6287324968362204e-08,6.171208268379486e-08,1.3028918542919017e-09,0.946467860749124,2.695477357215254e-06,1.0551478112715954e-05,1.084982603846036e-09,1.5841966366451656e-05,0.0011736114885104133,1.7261475678245027e-08,3.5989176834885646e-05,1.8266731502236792e-05
52,0.0003022158038680362,1.8533747567455807e-06,5.355928024491173e-06,5.408247753102055e-07,6.105432480500769e-06,8.888892848240648e-12,2.6622284361928225e-09,0.002047733138499905,7.1182786389396455e-09,1.2218256551110163e-07,3.6975251613178376e-08,0.0794815395688767,1.769349737598515e-08,2.976630945208947e-08,8.680135968713703e-08,2.203226504375586e-09,0.9156856109593895,7.822223635899332e-06,1.105045596871205e-05,2.7523352812605514e-09,2.193325632341141e-05,0.0023574894464902085,2.5837792433081894e-08,4.487097899973556e-05,2.5544606177246587e-05
53,0.0001784784819961547,1.178239449356707e-06,3.2748444449102456e-06,3.664536013349854e-07,5.365889511968971e-06,2.5681471229196348e-12,1.2994496122187046e-09,0.001919983275416384,3.503958035088352e-09,6.885826009966335e-08,1.608479948370573e-08,0.04925798464617255,8.84447888539843e-09,1.7062342654399282e-08,6.803701810621967e-08,1.407000191769764e-09,0.9473970636618687,2.4154570523823456e-06,1.117956025683034e-05,1.012517431215212e-09,1.566775097875847e-05,0.0011531992050243028,1.806081942984806e-08,3.455552090448404e-05,1.908284010989738e-05
54,3.314437756860264e-05,3.764078051476967e-07,1.1258792495252656e-06,2.537158515030787e-07,5.029668428654771e-06,5.120867924735805e-13,2.4434535132010897e-10,0.001998837484085456,9.23810971529699e-10,2.1995818601400307e-08,1.043054186418498e-08,0.021793866414295194,5.285005023188653e-09,3.5445581331928557e-09,1.348105803846347e-08,1.8553366634644138e-10,0.9757009496579035,1.589050770478573e-06,4.093426946489207e-06,4.0099659898210257e-10,7.42423832996383e-06,0.00042452899878346454,6.747718814478513e-09,2.6041137631056847e-05,2.6763024517503664e-06
55,0.00015068081152128942,1.066570846526411e-06,2.457275962951998e-06,3.1294385204114096e-07,5.372112289366699e-06,2.4470320699879074e-12,1.1660654366151021e-09,0.0018600504736827088,2.6438515955687804e-09,7.013975444518234e-08,1.3416466176965123e-08,0.03770296547333788,6.478143767321609e-09,1.542928791420778e-08,7.618037206078071e-08,1.7115660688440912e-09,0.9589980133226061,1.8940028274616192e-06,1.1719819819801896e-05,8.19264599154066e-10,1.6911577304315454e-05,0.0012004930161492247,2.161812900407583e-08,3.195640085177139e-05,1.5896593600680188e-05
56,0.0001800883152467153,1.2280786790238067e-06,3.4614639502921337e-06,3.7975284009420915e-07,5.447699275003304e-06,2.6760037327236314e-12,1.3875488304028047e-09,0.0019061649547243288,3.6562929078486946e-09,6.959967701748528e-08,1.7129873689607134e-08,0.04963504534407207,9.93221098142479e-09,1.7811865285276227e-08,6.889573492922103e-08,1.3978464185323825e-09,0.9470370939790728,2.5364707680211195e-06,1.0879428513477798e-05,1.0836861084672046e-09,1.526539478387634e-05,0.00114687399472416,1.8608031564770295e-08,3.645065536708902e-05,1.8874962539219772e-05
57,0.008312749611858471,0.00032532420873040453,4.988167695891956e-06,3.059185103753698e-05,9.525369959834547e-07,3.512719994567566e-11,8.488519819969251e-07,0.003823812842625613,2.0290686427345528e-08,1.6566062544911967e-06,5.717169420653089e-07,0.006682568435522776,1.2884980687070408e-07,1.8280346814034148e-07,2.1495153518636185e-06,6.3207167813876445e-09,0.9656296988461753,0.0003335368154090245,7.929112502621036e-06,2.6037403282591482e-08,0.0001301292880324415,0.0046040965793714495,4.550387526768421e-06,0.0039342777481273785,0.006169202540648858
58,0.0001669865350418948,1.1105490987617577e-06,2.9526913250200547e-06,3.277244535834474e-07,4.677282757955083e-06,2.132197916899801e-12,1.2162782096276977e-09,0.0017733066100890746,3.0185909094683583e-09,6.025624853649774e-08,1.487479739877738e-08,0.0434768332662832,8.34334475120728e-09,1.4588462150577608e-08,6.30581049662184e-08,1.1919720539514985e-09,0.9534461044673347,2.3100316297969366e-06,9.4713024322132e-06,8.97714488551512e-10,1.417916557230327e-05,0.0010486027354903518,1.7009228040329638e-08,3.598836478859606e-05,1.6964816828820476e-05
59,0.00016882342643325258,1.086624153431449e-06,3.119472357820844e-06,3.283232376744541e-07,4.610232747705921e-06,2.0162045895807773e-12,1.2131676035636493e-09,0.0017579234719346277,2.9467142351108914e-09,5.7384398895925046e-08,1.4790425424679687e-08,0.04411060862013963,8.441671117026904e-09,1.4545786476004825e-08,6.061353160610799e-08,1.1456284077046115e-09,0.9528754112914466,2.3549369487974966e-06,8.887722131766847e-06,8.9997628720351e-10,1.401940863504424e-05,0.0009983072277222266,1.642371616421517e-08,3.747874448240653e-05,1.6862090596612256e-05
60,0.00018101895778170523,1.183890580087019e-06,3.299429557984574e-06,3.692002564253715e-07,5.302634431893681e-06,2.595520298313847e-12,1.3342086554588824e-09,0.0019282847086038628,3.5592792613980615e-09,6.922587120345559e-08,1.6290257057598943e-08,0.049272084337413556,8.897519749630799e-09,1.7179796408406988e-08,6.930474981586863e-08,1.430677286879068e-09,0.9473671960694697,2.4238005885800105e-06,1.1250886168385589e-05,1.030265363292647e-09,1.5764577822061188e-05,0.0011574794930483284,1.828449177931986e-08,3.476061971985519e-05,1.9374854845394935e-05
61,0.00017198547958893284,1.131350058486914e-06,3.3773468202297368e-06,3.453942518235854e-07,4.983039979056783e-06,2.2030231269105802e-12,1.2456565918951561e-09,0.0017836139454631124,3.21588286296539e-09,5.9372694117782426e-08,1.588902636680457e-08,0.047486785426107125,8.823730943500082e-09,1.5882120763513823e-08,6.350064412777406e-08,1.2043042722035869e-09,0.9494286287478159,2.3949306615858964e-06,9.54088551679999e-06,9.5524466115399e-10,1.4686277121939892e-05,0.0010380467682748167,1.6637709144211445e-08,3.656036237633724e-05,1.7733316747076296e-05
62,0.00018101895778170523,1.183890580087019e-06,3.299429557984574e-06,3.692002564253715e-07,5.302634431893681e-06,2.595520298313847e-12,1.3342086554588824e-09,0.0019282847086038628,3.5592792613980615e-09,6.922587120345559e-08,1.6290257057598943e-08,0.049272084337413556,8.897519749630799e-09,1.7179796408406988e-08,6.930474981586863e-08,1.430677286879068e-09,0.9473671960694697,2.4238005885800105e-06,1.1250886168385589e-05,1.030265363292647e-09,1.5764577822061188e-05,0.0011574794930483284,1.828449177931986e-08,3.476061971985519e-05,1.9374854845394935e-05
63,0.0001813806857303962,1.2732309909083259e-06,3.28508209767057e-06,3.568227210240564e-07,5.074562566203943e-06,2.572930828373578e-12,1.360711182629069e-09,0.0018928048576977144,3.667999746482616e-09,6.901707141252502e-08,1.673108409929005e-08,0.04628218895603504,9.025212935793594e-09,1.6505396403892482e-08,7.159814812933117e-08,1.3537235382993638e-09,0.9503707045170222,2.473924453889092e-06,1.0933939858018298e-05,1.034713052842094e-09,1.5384226215409347e-05,0.0011782436954672637,1.7719985553104168e-08,3.6324262903107995e-05,1.9363219622236806e-05
64,0.0001719395948001939,1.0652179197886909e-06,3.031674544865512e-06,3.478468764230053e-07,4.909386071910002e-06,2.4047332253892485e-12,1.2477179766394276e-09,0.0019135814101870247,3.14523637396741e-09,6.386037666276643e-08,1.6610951562703588e-08,0.04793842292702176,7.191968391512208e-09,1.5211955715779153e-08,6.767241688496185e-08,1.411390789074748e-09,0.9488054939937933,2.3718403912515743e-06,1.088598437160461e-05,9.477734629528053e-10,1.7958421731937695e-05,0.0010779567385605948,1.8030592798582663e-08,3.3441208227379614e-05,1.8398422716605598e-05
65,0.0001804491761489226,8.942694611420638e-07,3.6537684737920914e-06,4.600565687563348e-07,8.004049053797005e-06,4.622003477041421e-12,1.2106258531542948e-09,0.001667227564463575,2.679170771465489e-09,7.44097693099438e-08,2.0029060606261327e-08,0.08805549429910547,8.071063307675656e-09,2.7911994118927244e-08,6.231355414808961e-08,2.2095443999898095e-09,0.9086487186905413,3.5530641533254083e-06,1.1432291992725971e-05,1.184872875936138e-09,2.4733953322979316e-05,0.0013485888959238477,2.7591690797694986e-08,2.6273919568126148e-05,2.028838525398652e-05
66,0.0003521449745017377,2.1358200761556465e-06,1.2081706158227653e-05,1.347246027704031e-06,1.4980041763813591e-05,1.738993484521832e-11,5.611592036188951e-09,0.006711145616177345,2.7687269029263617e-08,4.2123621404125464e-07,3.8406962247184565e-08,0.12706445167149993,3.5705544234020495e-08,6.684243496075964e-08,1.3447324021584225e-07,1.046072513136165e-08,0.8629172308677442,4.823046680010133e-06,6.122468370604425e-05,8.01793313471905e-09,3.537095039039828e-05,0.002737030689198006,3.113359450501569e-08,3.966065938138082e-05,4.55924337954404e-05
67,0.00024131902890142575,9.814279547003694e-07,5.24994435435485e-06,5.062863075252187e-07,6.141765325211536e-06,4.97753648692221e-12,2.1854832887238267e-09,0.0012183410814694297,2.9172457773459073e-09,5.215132334930744e-08,2.6083024290058046e-08,0.10020934918631813,1.3388696387862498e-08,4.507887212212518e-08,1.0165574204304464e-07,2.8798297202688833e-09,0.897103856307849,3.0827658142997406e-06,9.597907819887168e-06,1.7032461322547645e-09,1.9001374155846472e-05,0.0011244919624926702,4.671912801548565e-08,2.966227013767324e-05,2.8123923531234548e-05
68,0.00017802615134061638,1.4727211933104278e-06,4.2354308435564756e-06,4.198868638817937e-07,7.5611136454456975e-06,2.7014544261712846e-12,1.5400075191571518e-09,0.002463798255866215,5.071112900478863e-09,9.286690381949442e-08,1.5154969868165317e-08,0.04740994242379162,1.1749640123182174e-08,2.1295969531666895e-08,8.38193173429467e-08,1.807655612970405e-09,0.9486136025779935,1.8812624112013167e-06,1.6495620371519835e-05,1.1196849116398675e-09,1.553496520023014e-05,0.0012267058382133631,1.7697142077808743e-08,3.967454297402602e-05,2.0397084186391397e-05
69,0.00018096468417883746,1.1834676326049294e-06,3.3405682875361707e-06,3.7579233004555204e-07,5.225708716342371e-06,2.5455485898166314e-12,1.3510396925641536e-09,0.001951432131856319,3.589475165431186e-09,6.967344002679092e-08,1.6175786982647617e-08,0.048705676477559044,8.960758203054034e-09,1.698498754827949e-08,6.869273388587997e-08,1.4256672891485146e-09,0.9479462847990238,2.4309557519562987e-06,1.119489473113708e-05,1.0433946973096529e-09,1.579985675990785e-05,0.0011206921535604096,1.806670072483128e-08,3.5433636881348526e-05,1.9758906200972026e-05
70,0.0002426445346684391,1.3208326552526722e-06,4.9628751454294104e-06,4.4517661802785524e-07,6.353412650589931e-06,3.701665208523198e-12,1.7371663828501963e-09,0.0016896422226078999,4.13415538094201e-09,7.182233535600425e-08,2.0153166631017647e-08,0.07393558924013778,1.2297072929538573e-08,2.8921486857831318e-08,7.483765838783913e-08,1.8140482824645341e-09,0.9227253277878374,3.1708705134875328e-06,1.1130503601325035e-05,1.3247046838906702e-09,1.703939020201203e-05,0.0013009071899452308,2.2609709008375573e-08,3.611775994465623e-05,2.5108548267041536e-05
