,0,1,2,3,4,5,6,7,8,9,10,11,12,13,14,15,16,17,18,19,20,21,22,23,24
0,0.00020129636624716495,0.0003585435226500789,3.552214993472553e-07,3.2894498343869017e-06,2.4531460410050087e-07,1.7613050918488963e-07,0.0023210997342125836,0.00042118692818615195,2.102572750503484e-06,1.9364607337722285e-08,0.0001878679793205216,0.9727018267124286,8.841141792011376e-05,7.622939453040382e-07,1.2002036460404236e-05,0.017252221079817897,0.0014346650497852808,1.0957815906372433e-06,0.0009177988724230025,2.0607622250362724e-09,2.653799298817615e-06,0.003644160232072371,7.201494940191794e-09,2.6093763288801715e-06,0.0004456015012503167
1,0.00019520902200071818,0.0004855629774685536,5.000249369302195e-07,4.307926539469036e-06,3.113863492537257e-07,4.7320687930079087e-07,0.0036038899724867932,0.0007602599257703063,8.672545115137871e-06,7.16205555500362e-08,0.00024225958266355755,0.9554636695392803,0.00012481992398733434,2.0496615012477318e-06,2.7338137315615084e-05,0.027580498698698885,0.0009967524151764133,2.1353490944736313e-06,0.002259562792998172,4.869743709436642e-09,4.198189046412867e-06,0.007308230796130639,1.2566701141389712e-08,4.158879268125736e-06,0.0009250499902922159
2,0.00017072672761142804,0.00047890695199228386,3.914946941291447e-07,3.597262319552386e-06,3.0782440946445894e-07,3.849080207178736e-07,0.002887696168660568,0.00070821233580495,7.305174780042459e-06,5.5373971253355255e-08,0.00024924132070421463,0.9638109811784222,9.697968814531865e-05,2.098310906419292e-06,2.741268374151317e-05,0.020632031971049125,0.0009362718578679915,1.5847174496705502e-06,0.001638319223862627,4.120967293387352e-09,3.374293498539719e-06,0.007414365256074066,1.0392674134107029e-08,3.249086244666051e-06,0.0009264916761279195
3,0.00019314340616765382,0.00047114785304272987,3.8739283518210043e-07,3.8110192960329916e-06,2.886557203928714e-07,3.9027072433541826e-07,0.0031361264799645776,0.0006660850356832661,6.387229952958613e-06,4.932629749816717e-08,0.0002519179439749324,0.963497803727805,0.00010572656961445941,1.7004796236850535e-06,2.4275529902996025e-05,0.02088317096042174,0.0010420938155195321,1.708480613114122e-06,0.001816539329770781,3.5862661227729302e-09,3.572788920206643e-06,0.0070918491704732595,1.0766680122198454e-08,3.2991201332529956e-06,0.0007985110605962462
4,0.00019632631067294595,0.00048270501269405115,4.082384753800949e-07,3.83951393028301e-06,2.9612263909507947e-07,3.593118247854781e-07,0.0031822665137460934,0.0006699801597330112,6.4796742432620125e-06,4.92807796032313e-08,0.00025301415401489445,0.964534661654912,0.00011568749919982458,1.8492565459590982e-06,2.2502666858889895e-05,0.019794246643275525,0.0010158708196857287,1.7961682766434754e-06,0.001768536722950657,3.821064125962903e-09,3.809476775621869e-06,0.007166606997070381,1.0582887356982765e-08,3.421048649372466e-06,0.0007752723490945865
5,0.00021184032708972478,0.0005118571258264989,4.4626729634469796e-07,4.895433276760955e-06,3.398605086538607e-07,4.3960934404326677e-07,0.0034317929046282134,0.0007239380933766577,7.228409581776506e-06,5.98126929387162e-08,0.0002644171888319115,0.9612051983661319,0.000122367712761516,1.9539989955780777e-06,2.4316663914790903e-05,0.022454181072079877,0.0011258657458560711,2.3315129892807665e-06,0.0020843237588193176,4.403150101686498e-09,4.212187115073172e-06,0.007040695693880914,1.3719025967621787e-08,3.951651923084431e-06,0.0007733284809028463
6,0.00019314340616765382,0.00047114785304272987,3.8739283518210043e-07,3.8110192960329916e-06,2.886557203928714e-07,3.9027072433541826e-07,0.0031361264799645776,0.0006660850356832661,6.387229952958613e-06,4.932629749816717e-08,0.0002519179439749324,0.963497803727805,0.00010572656961445941,1.7004796236850535e-06,2.4275529902996025e-05,0.02088317096042174,0.0010420938155195321,1.708480613114122e-06,0.001816539329770781,3.5862661227729302e-09,3.572788920206643e-06,0.0070918491704732595,1.0766680122198454e-08,3.2991201332529956e-06,0.0007985110605962462
7,0.0002899444816025084,0.0004907179045050374,4.7442774672800377e-07,3.96610523679797e-06,2.5743597038201387e-07,3.1716600474980964e-07,0.0035013937449580516,0.0007484351047972012,5.165079172066758e-06,4.363773371197431e-08,0.0003033650187789194,0.9635378955419263,0.00017986190208343098,1.3948085247136869e-06,2.2057729622721692e-05,0.019376862729501947,0.0009651259147369176,1.8898887612201933e-06,0.001850923245131891,3.847128781094698e-09,3.570401764437869e-06,0.008132092690177485,7.393894616973625e-09,2.9083430234606517e-06,0.0005813254572162452
8,0.00022195015746168012,0.0005069378712454656,6.000272180542094e-07,3.970787306384759e-06,3.1784703061386503e-07,3.550313128393102e-07,0.0019372302188594753,0.0004953314221881003,6.894565796048858e-06,6.30713123269649e-08,0.00021626983447153828,0.9653730062826474,9.671622094295501e-05,2.1129760697742845e-06,2.4328376615795108e-05,0.02191833561267756,0.0012013980966678185,1.3803935018543225e-06,0.0011197408050514946,4.240759218952067e-09,2.889280953680835e-06,0.0057448169808715695,1.351845894861934e-08,5.31507827539966e-06,0.001120021302304082
9,0.00019266673657508912,0.0006305105636698657,6.966923666315456e-07,4.624783846822545e-06,3.2190923781033454e-07,4.233078809839828e-07,0.0023062140565129285,0.0006397527650117844,9.011280975884267e-06,9.919601903407796e-08,0.000212376258101345,0.9561018880931035,0.00011807598658046989,2.8822948197987155e-06,2.6477290477637153e-05,0.02901984817652254,0.0012182839773257428,1.82930400317702e-06,0.0015628035992223432,6.103673757730276e-09,3.7403498336601464e-06,0.006685469369828059,1.5440569929416828e-08,6.112552812109831e-06,0.0012558699110291113
10,0.00019314340616765382,0.00047114785304272987,3.8739283518210043e-07,3.8110192960329916e-06,2.886557203928714e-07,3.9027072433541826e-07,0.0031361264799645776,0.0006660850356832661,6.387229952958613e-06,4.932629749816717e-08,0.0002519179439749324,0.963497803727805,0.00010572656961445941,1.7004796236850535e-06,2.4275529902996025e-05,0.02088317096042174,0.0010420938155195321,1.708480613114122e-06,0.001816539329770781,3.5862661227729302e-09,3.572788920206643e-06,0.0070918491704732595,1.0766680122198454e-08,3.2991201332529956e-06,0.0007985110605962462
11,0.00019562785871150628,0.000463233426312007,3.912714896200936e-07,3.8189403382161946e-06,2.8680102951935907e-07,3.62512828999447e-07,0.0031190223825296928,0.00064903769285514,6.1911758396495254e-06,4.6906171436929043e-08,0.0002466918623891653,0.9643488682420205,0.00011160034770010265,1.676926503833008e-06,2.3033906984476823e-05,0.02031352913520292,0.0010165971528688091,1.6959834034437726e-06,0.0017407274241012514,3.655737219758292e-09,3.546852566779746e-06,0.006987212470806169,1.0367984339186033e-08,3.376498583010032e-06,0.0007634102050421785
12,0.00020104113865311192,0.0005456839436114058,3.19397221973739e-07,5.1546810512693064e-06,1.7609689512578178e-07,3.832772884898799e-07,0.003701316000677321,0.000847039907925062,5.98804305196369e-06,5.3999278569881545e-08,0.00022326036265719448,0.9547702524617921,0.00014426548374036352,1.2850788280756757e-06,2.893968844110348e-05,0.026410351554401225,0.000858008068536633,1.8497417008891634e-06,0.0030688439769772837,3.0112107601107844e-09,3.053772531403945e-06,0.008580230379873469,7.982730573695648e-09,2.5910997217942698e-06,0.0005999008512027787
13,0.0001384270019889297,0.0003292110042588018,2.408748357062001e-07,1.7285187463757545e-06,1.9015232955527194e-07,1.737807764266514e-07,0.0017610740871626725,0.0005537431721926811,3.525641134743854e-06,2.101313462301651e-08,0.00027588398685473404,0.9782326836177206,6.87061196268239e-05,1.4570057023601666e-06,1.7742780197370008e-05,0.010290442755208212,0.000657885216861821,7.899649091062343e-07,0.0007719574486238743,2.2436913474556087e-09,2.0378839102933905e-06,0.00625059732141643,4.12022200549436e-09,1.5960378087241348e-06,0.0006398782506856134
14,0.00019795763672147984,0.0005261156446373591,3.9185299131053356e-07,4.178362846873022e-06,3.235454933089427e-07,3.9384456889338803e-07,0.0033020447843574298,0.0006764253087736243,6.4314564407215075e-06,5.106317491934362e-08,0.0002712972314730823,0.9633578970093576,0.00011289697577980851,1.767898241416351e-06,2.384479836727656e-05,0.020348778305107347,0.0011166758707347728,1.8701083898954082e-06,0.0020129110570436077,3.649188753301336e-09,4.035663847754261e-06,0.007253370050061088,1.145012425674669e-08,3.4695210910508926e-06,0.0007768569111862391
15,0.00019314340616765382,0.00047114785304272987,3.8739283518210043e-07,3.8110192960329916e-06,2.886557203928714e-07,3.9027072433541826e-07,0.0031361264799645776,0.0006660850356832661,6.387229952958613e-06,4.932629749816717e-08,0.0002519179439749324,0.963497803727805,0.00010572656961445941,1.7004796236850535e-06,2.4275529902996025e-05,0.02088317096042174,0.0010420938155195321,1.708480613114122e-06,0.001816539329770781,3.5862661227729302e-09,3.572788920206643e-06,0.0070918491704732595,1.0766680122198454e-08,3.2991201332529956e-06,0.0007985110605962462
16,0.000199260980900323,0.0004841401809017229,4.160950894482187e-07,4.002596559611573e-06,3.0220191956031724e-07,4.0974251269088673e-07,0.0032224543300868806,0.0006733468636405567,6.6735150010882755e-06,5.2486536004366994e-08,0.0002548938595986276,0.9624408351971488,0.00010995589426099934,1.7531975380102527e-06,2.4582792712335084e-05,0.02175009326333428,0.0010859414372411038,1.793709300097531e-06,0.001862176523195161,3.818181280635747e-09,3.740462727064097e-06,0.007051458212205886,1.1586927492133226e-08,3.543804333153517e-06,0.0008181572481477995
17,0.0001771544001655856,0.0003643012897603747,3.5040592503916147e-07,2.750232660218718e-06,3.194102401703335e-07,2.8118078926223747e-07,0.0032126831048732638,0.00048603411682553724,5.549001979222387e-06,2.8581814502057866e-08,0.0002507189487607842,0.9739840494854104,9.525999501297734e-05,1.6486754858567744e-06,1.394075748518824e-05,0.013171982519891733,0.0009507951105418628,1.5487271160293802e-06,0.0011664391287614824,3.0398868292248553e-09,3.893593490196497e-06,0.005453744295533757,1.0074536795046744e-08,3.4074890322652446e-06,0.0006531064340207611
18,0.00012828421513713531,0.00037767451551618843,3.382073813282883e-07,2.1853181803140954e-06,2.320862792311463e-07,3.0061589169043553e-07,0.0026891972605493477,0.0004961378943699404,5.324100577137293e-06,3.879530310027011e-08,0.00020018258970502274,0.9661273463977013,6.91260878930705e-05,1.7868765925594149e-06,2.00967970940977e-05,0.020966290014698234,0.0010380955503645364,1.2373363856029515e-06,0.001363361351289122,3.150155903055011e-09,3.5832205743780204e-06,0.005451960887251511,1.04370083036984e-08,3.2726783520412165e-06,0.0010539336157489125
19,0.0001556647124050143,0.0005101878706766437,3.4990950682874926e-07,4.996154933298917e-06,3.153708603610961e-07,4.732078608177285e-07,0.0029729428290826217,0.0006153128584777961,7.788858156660445e-06,5.980321253675387e-08,0.00019772963124361684,0.9640928440156171,9.714910045693475e-05,1.7235818767182664e-06,2.781654382310045e-05,0.020751114467579553,0.0009185532004453608,1.4187869175217657e-06,0.0016732119090428399,3.750636507222574e-09,2.573449708814145e-06,0.007166277759985704,1.0855001001690809e-08,3.31771597181089e-06,0.0007981636565205368
20,0.00019140539989292708,0.0005471689936935608,3.489180935630404e-07,4.089931180356949e-06,2.9936036233381546e-07,4.144108297136262e-07,0.003259032570934504,0.0008157627442944013,7.318524449184355e-06,5.569785403893961e-08,0.00029378361042669713,0.9613178683619802,0.00012404077369168728,2.018768967497548e-06,2.9843359875860264e-05,0.01936244482724916,0.0009654976713467715,1.7142609986845623e-06,0.0021165003203203617,4.1006274648967645e-09,3.660658211334143e-06,0.010155148222073565,9.44955464972164e-09,2.945921968365236e-06,0.0007986231411232419
21,0.00019543524421897402,0.00040718840460901936,4.246693957575711e-07,3.2647808118653094e-06,2.511056802994371e-07,2.821647340389522e-07,0.002735335352537306,0.000589565613346096,5.246269801858527e-06,4.096254279147352e-08,0.0002208523627681439,0.9673206270069448,0.00010427778574768666,1.6624691950570105e-06,1.7702987554540135e-05,0.01974361318163166,0.0009785600942043755,1.7226896821681834e-06,0.0013704082167394804,3.448734216176998e-09,3.438252234001196e-06,0.005577151305668929,9.63220639295136e-09,3.3536894208483233e-06,0.0007195823095896902
22,0.0002746823673652459,0.0005641061758067217,5.639578884383119e-07,4.4792794044887735e-06,3.122648676195573e-07,4.653511136562521e-07,0.0031985972599685715,0.0009220145628412366,5.703565573240631e-06,6.735317900580559e-08,0.000320021608584688,0.957854033915883,0.00013135202977110575,2.0163107492939734e-06,2.280512233269426e-05,0.02377844662448049,0.001609582004932993,2.5762635636000994e-06,0.0021477045243309388,4.313654746233657e-09,5.299384701160974e-06,0.008392364113662185,1.3941147249724912e-08,3.354963753005043e-06,0.0007594327404447459
23,0.00019314340616765382,0.00047114785304272987,3.8739283518210043e-07,3.8110192960329916e-06,2.886557203928714e-07,3.9027072433541826e-07,0.0031361264799645776,0.0006660850356832661,6.387229952958613e-06,4.932629749816717e-08,0.0002519179439749324,0.963497803727805,0.00010572656961445941,1.7004796236850535e-06,2.4275529902996025e-05,0.02088317096042174,0.0010420938155195321,1.708480613114122e-06,0.001816539329770781,3.5862661227729302e-09,3.572788920206643e-06,0.0070918491704732595,1.0766680122198454e-08,3.2991201332529956e-06,0.0007985110605962462
24,0.00018467960771915176,0.0006567255134264305,3.757136881979746e-07,5.7944408824540976e-06,3.227676422189447e-07,4.1669294732649563e-07,0.003374323715823689,0.0007677177014271787,6.9167607536328546e-06,6.4701364457063e-08,0.0002504547121565059,0.9591048498811648,0.00012078996204161167,2.021831332805223e-06,2.730673696386535e-05,0.022894428205581636,0.0012095348903052097,2.1475522881247926e-06,0.0025713426693473027,3.9129966134350714e-09,4.1427869113450795e-06,0.00804551196647433,1.2967539293002791e-08,3.5254118509879595e-06,0.0007665888973705858
25,0.0001656266928971032,0.00030152529159482535,3.072791003641933e-07,2.8122180702342093e-06,2.684370889275045e-07,2.936427196226256e-07,0.0033440915548770315,0.0007916668711555829,4.422985391824766e-06,2.8315750820765837e-08,0.00028596921778047384,0.9713659482264683,9.578581926918143e-05,1.3827767608772014e-06,1.4246181513813481e-05,0.01548523417241862,0.0008169346508341347,1.9487493463777294e-06,0.001273974912681865,3.4910950707631517e-09,3.4814782582157018e-06,0.0055495400392906605,7.871165182064881e-09,2.2347118950629392e-06,0.0004922644125758764
26,0.0002821943912623634,0.0005398252103175455,7.837920829450678e-07,5.408051431304065e-06,4.835790488054809e-07,4.907316074820798e-07,0.00330930190592534,0.0005981220535950892,1.0863727507888381e-05,7.925955577881435e-08,0.00026093082553808866,0.9610562017739849,0.00014182379911275374,2.682622432603665e-06,2.086004584623861e-05,0.023964539529324883,0.0012787742605848969,2.920918057541591e-06,0.0016795882090034921,6.1522002788534606e-09,5.208197907061513e-06,0.005847473670165076,2.196629166278651e-08,7.701261212723848e-06,0.0009837140660034927
27,0.00017469857869391322,0.0004811142394774009,3.096736462374496e-07,3.90290354500257e-06,2.9064955136004436e-07,4.656998116295685e-07,0.0029398969944993097,0.0007047483545344896,8.575594643338493e-06,5.525580909905426e-08,0.000244627031081684,0.9624092989904527,0.00010108112553474337,1.7295840434079204e-06,3.15192694526891e-05,0.019976155813982786,0.0007810326655694694,1.4269333811685779e-06,0.0019045618039223917,3.6433620647565563e-09,2.677780815363047e-06,0.00936397820617181,9.088753521029279e-09,3.0801091473491523e-06,0.000864760010116886
28,0.00019314340616765382,0.00047114785304272987,3.8739283518210043e-07,3.8110192960329916e-06,2.886557203928714e-07,3.9027072433541826e-07,0.0031361264799645776,0.0006660850356832661,6.387229952958613e-06,4.932629749816717e-08,0.0002519179439749324,0.963497803727805,0.00010572656961445941,1.7004796236850535e-06,2.4275529902996025e-05,0.02088317096042174,0.0010420938155195321,1.708480613114122e-06,0.001816539329770781,3.5862661227729302e-09,3.572788920206643e-06,0.0070918491704732595,1.0766680122198454e-08,3.2991201332529956e-06,0.0007985110605962462
29,0.00019314340616765382,0.00047114785304272987,3.8739283518210043e-07,3.8110192960329916e-06,2.886557203928714e-07,3.9027072433541826e-07,0.0031361264799645776,0.0006660850356832661,6.387229952958613e-06,4.932629749816717e-08,0.0002519179439749324,0.963497803727805,0.00010572656961445941,1.7004796236850535e-06,2.4275529902996025e-05,0.02088317096042174,0.0010420938155195321,1.708480613114122e-06,0.001816539329770781,3.5862661227729302e-09,3.572788920206643e-06,0.0070918491704732595,1.0766680122198454e-08,3.2991201332529956e-06,0.0007985110605962462
30,0.00019314340616765382,0.00047114785304272987,3.8739283518210043e-07,3.8110192960329916e-06,2.886557203928714e-07,3.9027072433541826e-07,0.0031361264799645776,0.0006660850356832661,6.387229952958613e-06,4.932629749816717e-08,0.0002519179439749324,0.963497803727805,0.00010572656961445941,1.7004796236850535e-06,2.4275529902996025e-05,0.02088317096042174,0.0010420938155195321,1.708480613114122e-06,0.001816539329770781,3.5862661227729302e-09,3.572788920206643e-06,0.0070918491704732595,1.0766680122198454e-08,3.2991201332529956e-06,0.0007985110605962462
31,0.00023268748696091132,0.0004859739383561471,5.159439988083867e-07,3.394763697136007e-06,2.430890740512412e-07,3.147248985086395e-07,0.0028149482577654473,0.0008863117252388771,5.146122707752191e-06,5.377830719169012e-08,0.0002578383271915445,0.9615589601562753,0.00011478150142257017,1.9010439655692792e-06,1.804742560028909e-05,0.023214177743399282,0.001178509841996628,2.102675248449939e-06,0.001588368114202026,3.790161193591142e-09,4.202615415989794e-06,0.006891085355853408,9.861949350498865e-09,3.0119031058751647e-06,0.0007374098132079043
32,0.00019277616824959603,0.0004870547330632257,3.8543528837005323e-07,4.143670597234482e-06,3.03995083538227e-07,4.2160907747569224e-07,0.003376643399441913,0.0006974889271682303,6.722593516351176e-06,5.281610783575252e-08,0.0002626881254034683,0.9609507152351683,0.00011081786140075653,1.7293528001999894e-06,2.6963608061660684e-05,0.022331113973106977,0.0010854233892026084,1.8267995081017042e-06,0.002146779591884458,3.781308490079634e-09,3.905993354364649e-06,0.007486102240703907,1.164999972083633e-08,3.4638237924386704e-06,0.0008224612267109646
33,0.00017442103736924362,0.00035688819243183124,2.6262870787829374e-07,3.1044876342963153e-06,1.9453001931732305e-07,2.2242476845034904e-07,0.002753499905536261,0.000563475481665189,3.1510393223171568e-06,2.377926998092643e-08,0.00022073604538594253,0.97066513798264,9.988269841889603e-05,9.917750698163257e-07,1.3702135966999284e-05,0.01680499735649368,0.0010074645446380857,1.4486446920090121e-06,0.0013769088115413491,2.3417978803181547e-09,2.8568324893506025e-06,0.005492594680540326,6.90070080412862e-09,2.359834808900017e-06,0.0004556659080911847
34,0.0005892966864303197,0.00043221594835973586,7.085819681109345e-07,5.85072057810293e-06,4.5464844469450273e-07,4.710990054482193e-07,0.004601339206564022,0.0008452944491093878,9.397052801592519e-06,4.9923989455891976e-08,0.0005015978145617923,0.9604970763205435,0.0002438096643544646,1.6618097208513473e-06,3.131129334721868e-05,0.019071481537585453,0.0009927695095220375,3.5806542773067656e-06,0.002749623475693542,4.807021573855748e-09,5.7534094664770245e-06,0.00878663959330559,1.3420477658763695e-08,5.184482364771478e-06,0.0006244138905067978
35,0.00010220364131727341,0.001144207854134844,7.453619077577473e-07,6.662197602672521e-06,9.604234336326808e-07,4.546198870349032e-07,0.0041107291837968124,0.000424137357217111,9.761044885810169e-06,9.190324722685634e-08,0.00029416527089028426,0.9592938005036563,0.0001332802299386146,4.877065045155041e-06,6.511704291967558e-05,0.021856949197057936,0.0019342146783146589,9.037345193855412e-07,0.0019359193149945996,9.77984452079522e-09,7.317905297222301e-06,0.006446447182697327,2.3247539497638156e-08,7.030073098594212e-06,0.0022199911867559334
36,0.00029209919958462545,0.0005244036880926265,1.0195076432747265e-06,3.7514599889579084e-06,2.38522709936781e-06,5.170505202568409e-07,0.005228222061224341,0.0002383579985696678,9.210706888396745e-06,3.4359122098844625e-08,0.0008496094167917056,0.9726229999806595,0.0001295380914312892,2.3378475864146573e-06,3.08494046014895e-05,0.011580877690847084,0.0017031182740454064,1.7705692177428541e-06,0.001746032996515839,6.154479935431976e-09,1.6022194367846535e-05,0.0030656366404887415,3.885986044803914e-08,1.8352804710122434e-05,0.0019328078156627408
37,0.00018905850126697116,0.00048160586095668867,3.7925063361601215e-07,3.877405352741173e-06,2.8814516719865897e-07,4.032884997130111e-07,0.003135746236313573,0.0006851475388635229,6.467227437370441e-06,5.085188488279576e-08,0.00025401988160282153,0.962814355596227,0.00010436861056733806,1.7133795222086897e-06,2.5519593826207168e-05,0.021231048637541074,0.0010473260562270201,1.6847638802403115e-06,0.0018767506914378416,3.5955005817134314e-09,3.5399958378672635e-06,0.007321261379266873,1.0757411261640646e-08,3.2191724643128636e-06,0.0008121535823113449
38,0.0002477794180686364,0.00042028182074828314,4.992884124614528e-07,4.882531610533049e-06,2.758946877898383e-07,6.533577262649423e-07,0.005275333326350355,0.0008310679099536176,7.241110364971442e-06,6.610091133227734e-08,0.00025673016779819764,0.9434830685542462,0.0001575444349353068,1.4082410232032053e-06,3.125746411140741e-05,0.03634298831056104,0.0012392016878350891,2.7893236489238977e-06,0.003208271967950507,5.159629092743534e-09,5.102341250942047e-06,0.007716632060966114,1.5300646169281608e-08,3.997367153872155e-06,0.0007629068594097134
39,0.0002473584895598864,0.001722038541046517,6.347358798716149e-07,1.2611460520401933e-05,8.866572120441575e-07,5.506359502828435e-07,0.003490683404069624,0.00045836985652350216,2.4041643221741934e-05,1.5657587339225146e-07,0.000338205634420366,0.9568378619996959,0.00020568790641676293,5.5613909853242176e-06,6.757886983295392e-05,0.019242417359873913,0.001247539591866455,2.4517777690995955e-06,0.0035467289437124817,7.611118079931108e-09,4.609631535970475e-06,0.010918844430592706,2.4142867658014472e-08,9.736607257878393e-06,0.001615412102197125
40,0.00018799270838364788,0.0004555188051705238,3.765271154200346e-07,3.4747414692453667e-06,2.7675601028686616e-07,3.602754421675529e-07,0.0029230175802899363,0.0006270000161978012,5.9844044833444325e-06,4.515933258264355e-08,0.0002443855477571481,0.9657165383618814,0.0001003182322346805,1.6469594860004208e-06,2.344116484212718e-05,0.01936974661036453,0.0010003519301762008,1.50117078239092e-06,0.0015926341877297153,3.3590880366115413e-09,3.2668398080380184e-06,0.006947982378290756,9.623168297176232e-09,3.0595736373779646e-06,0.0007910670868585167
41,0.00020900980585663478,0.0004777011598496252,3.8781534005388323e-07,5.2945214194165155e-06,3.7786503696283863e-07,5.493109449012107e-07,0.002892050070513234,0.0006865216275728537,8.46980514435794e-06,6.03888905219187e-08,0.000261497435063935,0.9632134950954122,9.867346740287211e-05,1.5816016524988424e-06,3.701971433541389e-05,0.020843241435819483,0.0009135178428606695,1.5078702236156035e-06,0.001827850331262138,3.741293826620662e-09,2.5420847417827404e-06,0.007667738681032924,1.1146878705918838e-08,3.33887655111861e-06,0.0008475583049002536
42,0.00017823506133127318,0.0005028680905186484,2.9180061478059503e-07,4.091702685515811e-06,2.2783679131527677e-07,4.5658409168277324e-07,0.0030144865358268853,0.0008258738760119487,5.963764634188618e-06,5.3092196767475774e-08,0.00023762084420477772,0.9540843643803871,0.00011325245355869266,1.2753259648908902e-06,3.221134229700497e-05,0.02594702682790543,0.0010479651092011634,1.3140033499653177e-06,0.002333119014448948,3.362558434971241e-09,2.691067327678458e-06,0.010924624441504912,7.70520331757602e-09,2.525071163577206e-06,0.000739450706221257
43,0.0002139079099641641,0.0006318582418055538,5.326199750514556e-07,6.079899126690146e-06,4.135078196573703e-07,9.610211267740189e-07,0.004363821374519932,0.0011074584451259176,1.2067967884545292e-05,1.239725756854579e-07,0.000307283519734417,0.9403645351399363,0.00013504916665836846,2.4049428640784057e-06,4.8069010586168034e-05,0.035376686208560444,0.0012739337647507897,2.5311693312715798e-06,0.0036144605907462843,6.4670188938879454e-09,5.309339890555613e-06,0.011374068399595092,1.843682331213208e-08,4.455786845217146e-06,0.0011539630967349406
44,0.00019314340616765382,0.00047114785304272987,3.8739283518210043e-07,3.8110192960329916e-06,2.886557203928714e-07,3.9027072433541826e-07,0.0031361264799645776,0.0006660850356832661,6.387229952958613e-06,4.932629749816717e-08,0.0002519179439749324,0.963497803727805,0.00010572656961445941,1.7004796236850535e-06,2.4275529902996025e-05,0.02088317096042174,0.0010420938155195321,1.708480613114122e-06,0.001816539329770781,3.5862661227729302e-09,3.572788920206643e-06,0.0070918491704732595,1.0766680122198454e-08,3.2991201332529956e-06,0.0007985110605962462
45,0.00019067120353527748,0.0004078207702978867,3.327531787372329e-07,4.359993450997995e-06,3.0598617285382556e-07,4.713873954300218e-07,0.003705581616775802,0.0007260727861469178,7.099920330508635e-06,4.695537981976368e-08,0.00025551923501109826,0.9615047242420087,0.00011111986095012184,1.3940047467740725e-06,3.0422934280398652e-05,0.021655435790926644,0.000878993464598459,1.6487510746095569e-06,0.0020655876463189357,3.703494709894021e-09,3.0382255960831635e-06,0.007724409448842864,9.91462007804251e-09,2.9983773318462948e-06,0.0007219310275344207
46,0.00023633109790085035,0.0007671872873777295,1.255460355040955e-06,7.185897339622545e-06,9.087642843845864e-07,1.2153490174427726e-06,0.009651217575196649,0.0013796635829857224,6.61505680300977e-05,2.937656740004928e-07,0.0004207043232361083,0.9310546370701435,0.0002671704144396177,9.801725784769088e-06,5.0113256895237606e-05,0.03785429680925395,0.0005598464212999981,8.39907370468888e-06,0.005751684699035942,2.054576571663115e-08,1.4420043140878381e-05,0.009867318738877955,3.5944557006109863e-08,1.318617949380658e-05,0.002016955406209237
47,0.00016996578678667203,0.00041067194191553075,2.2893722155321624e-07,2.095763698157651e-06,1.4304625799283562e-07,2.0989021486123342e-07,0.001996430232921744,0.00047278859671747467,3.836622095164022e-06,2.6317192080147338e-08,0.00017329573191243416,0.9717994971939223,8.548842190875571e-05,9.59014723730128e-07,1.515479284109814e-05,0.01553405827251897,0.0007219517395316186,8.388821435625919e-07,0.0009894151526947898,1.9093768474864352e-09,1.5798545202672784e-06,0.007034772869589103,4.371212838685703e-09,2.0540938764409677e-06,0.0005845305642060096
48,0.00019246396905396495,0.00040980270188062796,4.069540244163611e-07,3.4992727608119658e-06,3.024101717153276e-07,3.7876976069565336e-07,0.0031581393814905916,0.0006208322555147561,6.949161187105775e-06,4.602612981409628e-08,0.0002544494015088648,0.9655697584622669,0.00010538239906731545,1.728783073667913e-06,2.3753354856329794e-05,0.019819483277349857,0.0008936323603837399,1.6830383669526271e-06,0.0016349605316680262,3.771276346675805e-09,3.499914916345658e-06,0.006470047253590563,1.0431123725913215e-08,3.5432443910897618e-06,0.0008252428741856259
49,0.00017913054681424747,0.0003963907142768077,3.8386717804855753e-07,3.1160567300808866e-06,2.5302838161401343e-07,3.7334500324618655e-07,0.0026177167391530803,0.0006225546576505431,5.624391133222029e-06,4.298350939938704e-08,0.00022778435769811155,0.9685963695727865,9.186965224344682e-05,1.5541276845658567e-06,1.9027695939477168e-05,0.018106545313941916,0.0009072595977455524,1.445089233092675e-06,0.0012107682742117456,3.3902804680386504e-09,2.8197146521688184e-06,0.006285099485222425,8.982493585547106e-09,2.82688108662202e-06,0.0007210315349499754
50,0.00018109779903838268,0.0005014163688447973,3.880625912731615e-07,4.1668306719742264e-06,2.881967209714805e-07,5.052589369850143e-07,0.004182191475147111,0.0008683769905758341,7.969743392530211e-06,6.463493066518463e-08,0.00025447800421531797,0.957565837574204,0.00011725030932241895,1.8852501411072675e-06,2.8377874641328286e-05,0.023430944142992988,0.000967393726529379,1.9369060760555404e-06,0.002501328838370891,3.96512432008e-09,4.113501201323564e-06,0.008546105396273703,1.1237289545030251e-08,3.0092019180395343e-06,0.0008308587108493286
51,0.00017698351070737203,0.0005841683950974613,3.3435917336258167e-07,4.240805595199134e-06,2.6298861938162166e-07,3.4193443432867444e-07,0.002628482926654761,0.000717668201282822,5.956442377413287e-06,5.1798434361999645e-08,0.00024326865069019968,0.9655837719680579,0.00010169710550216748,1.8131675239477984e-06,2.5141553199902216e-05,0.01855288287488152,0.0009654333348653674,1.539229115710184e-06,0.0017774009187450888,3.2065718559095663e-09,2.97175757758355e-06,0.007880795853173877,8.84620312214843e-09,2.691830414468927e-06,0.0007420883411010081
52,0.0001159169285782761,0.0003442771153330014,2.963264704261914e-07,1.7606009364589908e-06,2.907764774452656e-07,1.7826681255800587e-07,0.0024532628775280514,0.00030412720959216183,3.7422879493491118e-06,1.7264021221289933e-08,0.0002023145086861098,0.98041348689683,6.099242599973989e-05,1.341205889975493e-06,1.1719964066915902e-05,0.010023083393998123,0.0009021248798892187,6.649380977285456e-07,0.000680284646568937,1.9646731113313914e-09,2.9719192854079936e-06,0.003709364571747787,7.056148634953753e-09,2.8190190073112262e-06,0.0007649529554119013
53,0.00015417259960559301,0.0003477555030188237,3.0580138567527287e-07,2.87354793172167e-06,2.5032763865449294e-07,3.4453263150284316e-07,0.0035443975494777596,0.0005635667820317601,5.955140302690432e-06,3.398915929741642e-08,0.00021824317792815633,0.9682724132957167,8.823824649575243e-05,1.4310821888455336e-06,2.0454929886015296e-05,0.01806678881927194,0.0008129578923625114,1.4332957158871877e-06,0.001476139425076399,3.085853769101853e-09,3.0830015109496935e-06,0.0056857928654809875,9.365782304332403e-09,2.8045018082008745e-06,0.0007305512417378957
54,0.0004711872354080342,0.0005210605269641577,6.535739367127933e-07,8.62763748199565e-06,6.170631405339768e-07,8.091302128933448e-07,0.006465059516078624,0.0011025876244677945,7.972383598416057e-06,6.307781844114432e-08,0.0005565720164190771,0.952270529911753,0.0002230358116983271,1.7643628140264763e-06,2.6639565314063597e-05,0.02252144373054218,0.0019754842054675666,5.410025548524701e-06,0.003993386818071219,5.5449860509908464e-09,9.941694358852911e-06,0.009272591168803836,2.6495455000779164e-08,5.28023552397798e-06,0.0005592506441368625
55,0.0007934992408380112,0.01750811400128406,4.354605670182798e-06,3.939378967642106e-05,6.993982291861009e-07,5.344361146602925e-06,0.00303586728335676,0.01470809070870785,1.3512097530006122e-05,9.370780824810601e-06,0.001361072613421903,0.3781230691223706,0.0008113350587171077,2.254826588503545e-05,0.0006896837523826597,0.26097712959454905,0.03261707074226126,1.1500832730979302e-05,0.06296539410478258,6.66596990553719e-08,6.629759359880443e-05,0.22270763454210998,8.204198937100354e-08,4.361093929917798e-06,0.003524507714307918
56,0.0001936220351473281,0.00046713858165752843,3.8614413968459174e-07,3.7712329118363447e-06,2.855409060351854e-07,3.768222713263958e-07,0.003129175566116938,0.0006590923637440116,6.2843224221400615e-06,4.799732482540032e-08,0.00024982431207267933,0.9640499274776381,0.00010802847739506089,1.689769997197326e-06,2.3504388934595326e-05,0.020447653832942905,0.0010244274971055356,1.7032216422679375e-06,0.0017804388324037777,3.597347862305383e-09,3.562339123064766e-06,0.007065765048846405,1.0532258934044456e-08,3.304789671348969e-06,0.0007799752759787118
57,0.0037135225638494436,0.00017862409753318357,6.989924791766076e-06,3.797162932167012e-05,8.285381184181583e-06,6.56499718383416e-05,0.002728416308545949,0.0017322747419098786,0.000278218910263251,6.235804556918499e-07,0.0010980221541184556,0.9697420854278233,3.399737616506816e-05,1.5090832410244183e-05,0.0001474717999364583,0.012049347816880811,0.0016390331922904362,1.6569631788546935e-05,5.929804116060435e-05,5.629901506945077e-08,8.372798477908103e-07,0.003826184421672016,1.1921130959795563e-06,1.5177632262330682e-05,0.002605058871839529
58,0.00018901868733740623,0.00046279387685122745,4.0860671371714637e-07,3.839239462102155e-06,3.2111330565184243e-07,3.770998591753929e-07,0.0031909738167611216,0.0005940806249963009,6.774950873669778e-06,4.8545710370883504e-08,0.00024882864397410417,0.9640316785617741,0.00011152148252969012,1.7435280698462621e-06,2.327687917072836e-05,0.020912098394562754,0.0010243359507908316,1.7354915635895046e-06,0.0017942199781824225,3.9541644980590196e-09,3.84425955851687e-06,0.006561896824066807,1.1703390993871349e-08,4.069972669067568e-06,0.0008320978136614905
59,0.00019511344948731197,0.0004837063655132037,4.571320904449644e-07,3.811581749645737e-06,3.1671701418628813e-07,3.8960140745607787e-07,0.0030808745568031907,0.0006234196693818321,6.833136684185081e-06,5.3834983414074104e-08,0.00024746585910078063,0.9628782433873984,0.00011102751388062374,1.8806672161478476e-06,2.2999336829632668e-05,0.022048760877465132,0.0010928980372500764,1.7827326836749453e-06,0.0017246622468887025,4.140271204284348e-09,3.978596100531725e-06,0.006592165656243976,1.2144104530240573e-08,4.111788247121687e-06,0.0008750309712048364
60,0.00019314340616765382,0.00047114785304272987,3.8739283518210043e-07,3.8110192960329916e-06,2.886557203928714e-07,3.9027072433541826e-07,0.0031361264799645776,0.0006660850356832661,6.387229952958613e-06,4.932629749816717e-08,0.0002519179439749324,0.963497803727805,0.00010572656961445941,1.7004796236850535e-06,2.4275529902996025e-05,0.02088317096042174,0.0010420938155195321,1.708480613114122e-06,0.001816539329770781,3.5862661227729302e-09,3.572788920206643e-06,0.0070918491704732595,1.0766680122198454e-08,3.2991201332529956e-06,0.0007985110605962462
61,0.000205301652582281,0.0004733575511046305,4.800006783323032e-07,3.856941459836365e-06,3.278604592161359e-07,3.95811893107858e-07,0.003111847692862139,0.000628436128737109,7.193477477648415e-06,5.473499871030269e-08,0.00025244792890870575,0.9634450180276943,0.00011313073527680221,1.9219316237366373e-06,2.24666780124467e-05,0.021599526176902993,0.001061479570661259,1.875076009124218e-06,0.001705160792087701,4.194954581607818e-09,4.047347322418285e-06,0.006485124193938531,1.2467780011414782e-08,4.285569013795781e-06,0.0008722474575604606
62,0.00019314340616765382,0.00047114785304272987,3.8739283518210043e-07,3.8110192960329916e-06,2.886557203928714e-07,3.9027072433541826e-07,0.0031361264799645776,0.0006660850356832661,6.387229952958613e-06,4.932629749816717e-08,0.0002519179439749324,0.963497803727805,0.00010572656961445941,1.7004796236850535e-06,2.4275529902996025e-05,0.02088317096042174,0.0010420938155195321,1.708480613114122e-06,0.001816539329770781,3.5862661227729302e-09,3.572788920206643e-06,0.0070918491704732595,1.0766680122198454e-08,3.2991201332529956e-06,0.0007985110605962462
63,0.00018681834453142972,0.0005156456792946344,3.7507545329854297e-07,3.888372823059333e-06,2.842734653515548e-07,3.754355852620291e-07,0.0029959714234417236,0.0006629267482742399,6.305054354144643e-06,5.0846884525088034e-08,0.00024681261063116814,0.9634747349382601,0.00010453999218859945,1.7459390717606026e-06,2.4497244045443474e-05,0.02077614964092262,0.0010610272730576008,1.652093068949241e-06,0.0018432319826014736,3.5140213934038276e-09,3.505602703955989e-06,0.007278407740879993,1.056932530327417e-08,3.280300898036326e-06,0.0008077593042160538
64,0.00020101591353128252,0.0004869280243948843,4.374984944564042e-07,3.7928054198602215e-06,3.188768893236153e-07,3.7494033912429224e-07,0.0034537227357821143,0.0006881128890470706,6.26725860201398e-06,4.994460432678721e-08,0.0002724294114618702,0.9624814210324634,0.00011488305815296967,1.8939146403707935e-06,2.271697305140315e-05,0.021376591413562632,0.0011728056278726001,1.964590433067049e-06,0.001977303549958189,3.905844276845185e-09,4.739894330185818e-06,0.006907031582877276,1.2216298762891306e-08,3.6626649497816343e-06,0.0008215192769989117
65,0.00018976333717658664,0.00048058131553321967,3.9438237552929464e-07,3.7105407991396513e-06,2.845305768825363e-07,3.757800307757305e-07,0.003043988285480564,0.0006588909983449631,6.502220272109016e-06,5.020214850800413e-08,0.00024612352489005986,0.9638920312641107,0.00010567565766526755,1.775057896928467e-06,2.3703356592493045e-05,0.020678971224612784,0.0010192925367708263,1.6700495651121228e-06,0.001742363153119782,3.6345217311738735e-09,3.5236941579392483e-06,0.007082176240930641,1.0502410409605114e-08,3.3373129893895058e-06,0.0008148011970276854
66,0.0002454428749141523,0.0004064508100902034,5.290681921866245e-07,3.42102740348006e-06,2.699926149063711e-07,2.9917891706636334e-07,0.003458392540075426,0.0007954535807154128,5.729333721245219e-06,4.664612110445591e-08,0.00025739018906045466,0.9630538778488945,0.0001557331608756617,1.6254251292474182e-06,1.8392237093492103e-05,0.021726468727956354,0.000861396680662232,2.032320250466365e-06,0.0015219030372905335,4.437664661752699e-09,3.7097616537763283e-06,0.006850568952604945,7.420173134873703e-09,3.066151148574893e-06,0.0006277885967767257
67,0.00038205933590296394,0.0006631144255950235,2.0643150546809684e-06,7.191433958096849e-06,5.990773876350251e-07,6.118666749949781e-07,0.004880688137164042,0.0009190548972153951,7.585946278992082e-06,1.3628509560250418e-07,0.00037948479503158725,0.9336477375326637,0.00024592988452682357,4.44701393180853e-06,2.4529552494238387e-05,0.04625775890051646,0.003380709348939972,6.50908763702715e-06,0.0026628962998027036,1.5512577829709954e-08,1.778586035777316e-05,0.005196966124353953,5.517231480899539e-08,1.1302712699364764e-05,0.0013007664818243773
68,0.00022009975582775872,0.000547230228364096,3.326707771765959e-07,4.050190319807415e-06,2.7261417696722646e-07,4.002892323390143e-07,0.0033775118521502364,0.0008610121419241251,5.231374197611469e-06,4.8562050120355816e-08,0.0003133581914910948,0.9562901893531268,0.00011951177622449047,1.4427380841825808e-06,2.8068484211152378e-05,0.024128139041298468,0.0013061497835621077,1.9269452890493198e-06,0.0026532643688891113,3.3341655358051788e-09,4.198667145410644e-06,0.009434210277210331,9.728583030551466e-09,2.7659241577702536e-06,0.0007005717075410224
69,0.00019376782077347267,0.00041350333733741594,6.622061862279184e-07,3.414139969731464e-06,3.08819431283216e-07,3.9624311112895967e-07,0.003701679303994519,0.0008421361722056943,7.4742148793544196e-06,6.804162948955035e-08,0.0002527370650372922,0.9595568622121615,0.00012260777347276568,2.7832705491476343e-06,1.832366011755272e-05,0.025453241872806315,0.0010526485654176855,2.935668999402213e-06,0.00175871170588865,5.982559712162465e-09,6.292553921981878e-06,0.005684125920787158,1.513247772183027e-08,4.321431303309068e-06,0.0009209768849815117
70,0.0001920599127270704,0.0004295572377014888,4.1911350711024956e-07,4.810014653655312e-06,4.584478417292581e-07,4.041694134170933e-07,0.003371429500746788,0.0005818387346780469,8.136563519444991e-06,4.221149733547032e-08,0.0002696636315134232,0.9721539192952517,0.00010441815545642573,1.925709661435554e-06,2.6377614851700906e-05,0.013677420505261075,0.0008504362878063871,1.4115846270814435e-06,0.001321444348770776,3.748224376628459e-09,3.118881060595179e-06,0.006227116499146032,1.1268920317601552e-08,3.3830594225828678e-06,0.0007701935037400089
71,0.00011297154212378499,0.0005338402874408217,6.882461339448221e-07,3.2732378690970495e-06,6.63257762425308e-07,3.5497881759588854e-07,0.00584863644102657,0.0007629662463567786,1.7716932364978522e-05,8.511712955810072e-08,0.00021625743168512653,0.9584033588036419,0.0001280625277127544,5.828631800226164e-06,1.4788152235232802e-05,0.025354490053245422,0.0007736356475859388,3.720013780219333e-06,0.001711646692158847,1.1069644015936167e-08,9.58747757084323e-06,0.0048358655003354145,1.998931812882065e-08,7.4526089456752345e-06,0.0012540791133147972
