,0,1,2,3,4,5,6,7,8,9,10,11,12,13,14,15,16,17,18,19,20,21,22,23,24
0,7.77762961840168e-06,0.04780757448877915,4.594742969894707e-05,4.5880949255941593e-05,0.10838997185222354,9.759306589674874e-06,6.956448200515868e-07,6.329295751927123e-10,1.800462295390124e-06,2.9168274515245505e-06,0.05366696912334505,0.04282544915565194,0.0003018066711530926,0.7454725999004204,1.7052338916909758e-06,4.006995907765146e-07,1.3956840052012362e-05,0.0001424554470084421,3.6366769782682917e-06,7.753679953626536e-09,0.0011759417114796979,5.212128123750156e-05,8.233543820092251e-07,1.7302197775263088e-07,2.96279054892666e-05
1,9.222188673245337e-06,0.056032852017507934,4.570162017379603e-05,5.930059140876543e-05,0.1327113899581305,9.224888388158956e-06,8.028681427608567e-07,7.635145419273594e-10,3.393819087949108e-06,3.767162455968112e-06,0.056838185702704234,0.03307085155831466,0.00031148697789305557,0.7197304344888376,1.8332364801522705e-06,4.866881029960929e-07,1.6290111764570592e-05,0.0001249359576330762,3.340443633382747e-06,6.5393228217138205e-09,0.0009426272052117976,5.159641717946693e-05,8.137599991623235e-07,2.1886497863248638e-07,3.12361704608592e-05
2,6.578239493385835e-06,0.03899635602582916,3.4575772652508584e-05,3.896291387915841e-05,0.11319748578899495,6.251791647722368e-06,6.525113182794108e-07,5.531762528749935e-10,2.311060534014846e-06,2.68537966422751e-06,0.04381447504881442,0.025278131297912305,0.00019071769366030375,0.7773441374440844,1.848707566712663e-06,2.6170423105523387e-07,1.0662457049528474e-05,0.00010949725983504188,2.629566103340835e-06,7.135654592839787e-09,0.0008610479393662616,5.921700574525116e-05,9.241664941080711e-07,1.7099154197541892e-07,4.041154475129938e-05
3,6.757398007600587e-06,0.044980141319695355,3.8888100947227036e-05,4.650807932116151e-05,0.10268514159713356,6.999777013390258e-06,6.022020668408789e-07,5.071489303638842e-10,1.7130714918788649e-06,2.3028333202770894e-06,0.0550821421390997,0.03706062506885073,0.00025818421159492085,0.7586185091749222,1.5615715056970436e-06,2.9114708969303186e-07,1.3708704454178513e-05,0.00012703933587747008,2.449524204833551e-06,5.165449815198478e-09,0.0009889584736305105,4.781490930628082e-05,7.362907128844692e-07,1.5589315363373926e-07,2.8763504001286305e-05
4,5.84478379733454e-06,0.044961593637348335,3.6910763368517206e-05,4.485315737424892e-05,0.09708656016168617,6.674876805411539e-06,5.410809633259644e-07,4.592698104648235e-10,1.4880996540093178e-06,1.943597820143863e-06,0.055725199091009946,0.04106859642133337,0.00030293103980798204,0.759632565615853,1.2723870286385348e-06,2.686073802494801e-07,1.4029166276557916e-05,0.00012457358046039088,2.241081378451075e-06,4.699504293651287e-09,0.0009136907141201193,4.263307887936944e-05,6.781229516880465e-07,1.313171725707676e-07,2.4774458756007256e-05
5,7.522928208530616e-06,0.032689318374994315,3.80085865840583e-05,5.556733787300409e-05,0.08500737253181287,5.961889103481742e-06,5.452463005279425e-07,4.742195532126541e-10,1.5276698860882064e-06,2.4785661581886932e-06,0.05100665569995529,0.03704425037685376,0.00023449818502031805,0.7926952619498238,1.1806566547444667e-06,2.9450639697879883e-07,1.529193108025124e-05,0.00018969496042910562,1.7730006794325637e-06,5.723870936525909e-09,0.0009302126833721415,4.162666920654361e-05,7.215257242297867e-07,1.8986153142165269e-07,3.003866426050481e-05
6,6.757398007600587e-06,0.044980141319695355,3.8888100947227036e-05,4.650807932116151e-05,0.10268514159713356,6.999777013390258e-06,6.022020668408789e-07,5.071489303638842e-10,1.7130714918788649e-06,2.3028333202770894e-06,0.0550821421390997,0.03706062506885073,0.00025818421159492085,0.7586185091749222,1.5615715056970436e-06,2.9114708969303186e-07,1.3708704454178513e-05,0.00012703933587747008,2.449524204833551e-06,5.165449815198478e-09,0.0009889584736305105,4.781490930628082e-05,7.362907128844692e-07,1.5589315363373926e-07,2.8763504001286305e-05
7,9.68953570457677e-06,0.06800278676207844,6.691892770671845e-05,5.4786916213570724e-05,0.11676625914228375,8.031331158997698e-06,6.30903187469778e-07,6.908677282134352e-10,1.6292495455329532e-06,2.09351612689082e-06,0.08252773668324878,0.04920264354938426,0.0004999743210958986,0.6815612190591784,1.615635233673478e-06,2.940602761812922e-07,1.7128563814841954e-05,0.00013433146998376044,3.5821122558914235e-06,4.708743933333679e-09,0.0010699783776642851,4.720710583850936e-05,6.111589324455098e-07,1.726362971668749e-07,2.067358317825639e-05
8,7.421767801046443e-06,0.06098270292613272,4.4971005818175924e-05,4.570144415144379e-05,0.11341897536316398,9.241837794085468e-06,6.732806436087335e-07,7.167070170379573e-10,1.4164564616201368e-06,1.9287481898598245e-06,0.06086041794720306,0.06899730200511657,0.00046296908879416476,0.6936941967691098,1.3234251470084752e-06,3.800419370206852e-07,1.7905703078307737e-05,0.00014632193822450233,4.035521816286771e-06,5.568709197771429e-09,0.0012316049354692351,4.832204424473209e-05,7.082276589605036e-07,9.07167472642213e-08,2.1382519880432204e-05
9,7.036749872706264e-06,0.05564494415133564,3.635360584843838e-05,4.168478654646319e-05,0.11203876293825173,7.418621455214932e-06,6.878642834898314e-07,5.226564333734382e-10,1.6363170155047369e-06,2.026101056513707e-06,0.055547909168107874,0.04781699387790432,0.00029513729477408915,0.7272800431803158,1.5297742064346338e-06,3.0894347872991654e-07,1.3974761257226815e-05,0.00013548857528059683,2.858948594332465e-06,4.78746822494324e-09,0.0010476745596076705,4.6433272213090936e-05,7.175819427880123e-07,1.1772023422491617e-07,3.025589629264859e-05
10,6.757398007600587e-06,0.044980141319695355,3.8888100947227036e-05,4.650807932116151e-05,0.10268514159713356,6.999777013390258e-06,6.022020668408789e-07,5.071489303638842e-10,1.7130714918788649e-06,2.3028333202770894e-06,0.0550821421390997,0.03706062506885073,0.00025818421159492085,0.7586185091749222,1.5615715056970436e-06,2.9114708969303186e-07,1.3708704454178513e-05,0.00012703933587747008,2.449524204833551e-06,5.165449815198478e-09,0.0009889584736305105,4.781490930628082e-05,7.362907128844692e-07,1.5589315363373926e-07,2.8763504001286305e-05
11,6.837144777944441e-06,0.04721274996758341,4.0453805465153926e-05,4.811538568611723e-05,0.10230540008514272,7.222734476005817e-06,6.113483726772405e-07,5.520769976941297e-10,1.6969671194342527e-06,2.2211965035687074e-06,0.05601657113745329,0.04114985687458255,0.0003033267633722572,0.7517061505005522,1.4702174909830944e-06,3.065677571208505e-07,1.4985944282564752e-05,0.00013158377624087882,2.5966596848622096e-06,5.22021626115033e-09,0.0009725367133464607,4.725657344566226e-05,7.285588269418026e-07,1.477114549188957e-07,2.7167594088900866e-05
12,2.4419582797724903e-06,0.030622127279946672,1.468915057384271e-05,2.1086413255781935e-05,0.11606598617227612,4.838537291362983e-06,2.8527271697435335e-07,9.454437548023828e-11,6.417507450190171e-07,7.282831766582348e-07,0.026923264296159554,0.035021646723083756,0.00010911356214415121,0.7904519231876191,5.683208670460741e-07,1.291047452413885e-07,4.683892659637422e-06,0.0001259413726256309,7.573939596058214e-07,3.3948209296824473e-09,0.0005850774692503934,1.2154497527239399e-05,5.803439575897273e-07,4.9108167137033105e-08,3.128241960616342e-05
13,1.2565888743619692e-05,0.05622383517515225,4.8217468261559264e-05,4.497566074346923e-05,0.10831081444785907,1.075847922987063e-05,1.1090969432109103e-06,9.78498374862317e-10,3.57457774773721e-06,5.699452804572587e-06,0.024972337257322546,0.03727816765667454,0.00019297260320151987,0.7714197395274203,1.6320196047306406e-06,4.51526841376125e-07,1.7955541846671745e-05,0.00021961208017957703,3.859084725859848e-06,1.1340077582187394e-08,0.0010775182872114733,8.623386104747926e-05,7.564214191089906e-07,1.9173880620267162e-07,6.700982763735568e-05
14,7.82735483688226e-06,0.012383938572495187,4.136494130474916e-05,0.00013252753487875315,0.05681911155070981,4.194853644921257e-06,9.947436528199649e-07,1.1815779546414727e-09,5.269672948301329e-06,6.833896329084649e-06,0.036037986760231844,0.00993101153366833,0.00010727454325334109,0.8833523169930569,2.8518151606232137e-06,3.55136863235623e-07,2.3546923574658345e-05,0.00017715683766445138,8.766342078933514e-07,1.0573378960748632e-08,0.0007921590128351242,0.00010709527208417468,1.416343300145958e-06,7.319495456697308e-07,6.314536879618946e-05
15,6.757398007600587e-06,0.044980141319695355,3.8888100947227036e-05,4.650807932116151e-05,0.10268514159713356,6.999777013390258e-06,6.022020668408789e-07,5.071489303638842e-10,1.7130714918788649e-06,2.3028333202770894e-06,0.0550821421390997,0.03706062506885073,0.00025818421159492085,0.7586185091749222,1.5615715056970436e-06,2.9114708969303186e-07,1.3708704454178513e-05,0.00012703933587747008,2.449524204833551e-06,5.165449815198478e-09,0.0009889584736305105,4.781490930628082e-05,7.362907128844692e-07,1.5589315363373926e-07,2.8763504001286305e-05
16,1.2263047089196033e-05,0.14114939671829455,0.00010046823535472078,7.74479755288307e-05,0.333175316345318,2.0001211916276137e-05,1.1648199805008488e-06,3.1120167183895307e-09,1.7435819613164107e-05,1.664109880893164e-06,0.11210225178762127,0.013090944192722966,0.0009611979619594769,0.39889635816042235,7.837827104430008e-06,7.146956817023705e-07,1.8319690082525325e-05,1.964593674953073e-05,1.1609344977536963e-05,5.251295928482822e-09,0.00025908888046015507,5.9337866403361365e-05,1.6925457667889914e-06,3.7060162782083016e-07,1.5463862131289994e-05
17,6.041461462301323e-06,0.03688807359571911,2.886982279503192e-05,3.5267993995810106e-05,0.07551843297671859,4.67200225977378e-06,4.596755184327703e-07,4.1600408315248027e-10,9.91700789942813e-07,1.560150354856458e-06,0.04311296830517514,0.05476994168594008,0.00026711163124412164,0.7881190596973862,8.167834036452155e-07,2.110977548270023e-07,1.4253160894626805e-05,0.00018666758723351418,1.992272888099597e-06,4.805780232557253e-09,0.0009689904285062865,4.336898615779733e-05,6.778258755051063e-07,8.948336499129442e-08,2.947645277678984e-05
18,6.529871133752458e-06,0.04200331710012491,3.0840350722752696e-05,3.811830119684957e-05,0.08258918960612624,5.991614196283772e-06,5.810869253041409e-07,4.517986076653755e-10,1.5810510751239504e-06,2.2679364749371474e-06,0.046398903533463785,0.04021744884898106,0.0002352487425353371,0.7873031264777821,1.2485924098498988e-06,2.5751222499305195e-07,1.451947359936838e-05,0.00014960547188946847,2.1676609515861167e-06,5.1041282703127245e-09,0.0009118684556369145,5.190327529198236e-05,7.095495092509083e-07,1.3214722523281364e-07,3.443778459602225e-05
19,6.859921649413965e-06,0.04744751642134654,4.245077939191461e-05,4.963271156630951e-05,0.10985790330821676,6.88372467447572e-06,6.281969919100884e-07,5.711497805310559e-10,1.641549215836933e-06,2.152407971752009e-06,0.05533996997203424,0.04272747734324685,0.00030386641926440636,0.7429867055946194,1.4639820998443475e-06,3.0330628409362276e-07,1.4383234479742493e-05,0.00013504280662687292,2.6041627918385726e-06,5.121545777471428e-09,0.0009981090090704805,4.719390665734567e-05,6.862072243683868e-07,1.4062945566966305e-07,2.6378712424236853e-05
20,8.937575585825888e-06,0.04507439150969944,3.0862789201909915e-05,3.8271905280086754e-05,0.09538094818839438,6.0752416422262365e-06,4.141893633031769e-07,3.2391112403507765e-10,1.6403206548227178e-06,2.185309598716572e-06,0.04191407197910233,0.04808847936620896,0.00027917953870293947,0.7682491798289676,5.7205274383983e-07,2.943809347618191e-07,1.467607422806567e-05,0.0002264606570342863,1.850198903540375e-06,4.761258682771803e-09,0.0006253632959920038,2.684037873322884e-05,5.182501290206269e-07,1.2514326028565311e-07,2.8656740468439986e-05
21,7.041614627337022e-06,0.052556922767133446,6.662005567138965e-05,6.802594780142926e-05,0.0860642058779845,1.7985043815501166e-05,2.2109973058060877e-06,1.6875511444261613e-09,5.086352620411333e-06,2.77149423153698e-06,0.06262817326437033,0.02026612153064546,0.00035940218477394694,0.7770020198764357,7.84882808831985e-06,4.4738719244000007e-07,2.7543640956556077e-05,7.210987364686125e-05,4.530516663787064e-06,8.940087245803979e-09,0.0006532809184232708,0.0001412897764465283,1.5559202414027557e-06,3.245758903775512e-07,4.4470927395382046e-05
22,7.4370456717508925e-06,0.031128723064928178,4.537592231432866e-05,5.9020530160165965e-05,0.07730695017233667,5.431368898602644e-06,4.444728663245199e-07,4.77328027721145e-10,1.278459219990102e-06,2.957736924607546e-06,0.06159805099416823,0.03746497534881401,0.00023232181947575135,0.7906915567705569,1.2619969232937704e-06,2.7554289824594276e-07,1.6815519327706412e-05,0.0001683762931260766,1.8597905824030364e-06,5.129760822453777e-09,0.0011915498353028192,5.134541242244035e-05,6.05525999939435e-07,2.0467202915120832e-07,2.317609796348118e-05
23,6.757398007600587e-06,0.044980141319695355,3.8888100947227036e-05,4.650807932116151e-05,0.10268514159713356,6.999777013390258e-06,6.022020668408789e-07,5.071489303638842e-10,1.7130714918788649e-06,2.3028333202770894e-06,0.0550821421390997,0.03706062506885073,0.00025818421159492085,0.7586185091749222,1.5615715056970436e-06,2.9114708969303186e-07,1.3708704454178513e-05,0.00012703933587747008,2.449524204833551e-06,5.165449815198478e-09,0.0009889584736305105,4.781490930628082e-05,7.362907128844692e-07,1.5589315363373926e-07,2.8763504001286305e-05
24,0.0004662545174797813,0.3846313325111921,0.0004918242944519792,2.581954494744665e-05,0.037931390409836944,4.0147581216611766e-05,1.0310314393830771e-05,9.413264293057701e-09,2.4587989961901856e-05,9.550734610933036e-05,0.17176914150335554,0.015152973101538472,9.693756840607996e-05,0.37114439993842036,0.00020182060692366306,3.4675904420301584e-07,7.500978938958695e-05,0.00016464461103493451,9.699001064141182e-05,2.945860218671094e-08,0.011703600510746402,0.005236283639360677,2.0509349389811365e-06,6.934747575437259e-06,0.0006316528971677712
25,9.053654162317058e-06,0.03884750954993748,4.853716960859625e-05,7.747185646858722e-05,0.10923972775334963,5.75492977708885e-06,7.261605579449891e-07,8.946024920014469e-10,1.427590295602661e-06,2.052935720188793e-06,0.08656991109162754,0.048435857830466236,0.00042983424707893937,0.7147158044438474,1.6951012837421414e-06,3.783304963392303e-07,1.813124876218571e-05,0.00016864866664535828,3.0743387643674585e-06,5.280185729000209e-09,0.0013548251200249846,4.673101945563739e-05,9.319130027615058e-07,1.6004172498761625e-07,2.174883215389321e-05
26,3.364511415281792e-06,0.03779733660699584,2.8145532153740076e-05,2.5776663767410148e-05,0.07077863544845094,5.720026152646073e-06,5.28473788234673e-07,3.060597641189685e-10,6.097234372834196e-07,1.7693145322322703e-06,0.04004700879832818,0.050336444673029945,0.00021453265169915628,0.7993321668867855,1.1271106528025638e-06,1.9507557835405344e-07,9.675547983152029e-06,0.00011415227448218144,2.388869745934642e-06,3.811812624515667e-09,0.00122660491689458,5.085187395051289e-05,4.095219158917825e-07,5.273753627073349e-08,2.249864285162719e-05
27,6.167993022777292e-06,0.04404186944649064,3.4235082156564924e-05,4.044844754854442e-05,0.09696635779145295,7.11564036248261e-06,7.323987500341158e-07,5.300583220510485e-10,2.715701620592351e-06,3.002615805352522e-06,0.04964198858363683,0.025854150986274672,0.00019750950565475188,0.7821539438004577,2.2508172253220146e-06,2.8318150151436173e-07,1.340489946787834e-05,9.717711479235219e-05,2.4275981019071385e-06,6.045978479735931e-09,0.0008232384030622894,7.040471829926134e-05,8.335973218049891e-07,2.0842199987012689e-07,3.952667895694757e-05
28,6.757398007600587e-06,0.044980141319695355,3.8888100947227036e-05,4.650807932116151e-05,0.10268514159713356,6.999777013390258e-06,6.022020668408789e-07,5.071489303638842e-10,1.7130714918788649e-06,2.3028333202770894e-06,0.0550821421390997,0.03706062506885073,0.00025818421159492085,0.7586185091749222,1.5615715056970436e-06,2.9114708969303186e-07,1.3708704454178513e-05,0.00012703933587747008,2.449524204833551e-06,5.165449815198478e-09,0.0009889584736305105,4.781490930628082e-05,7.362907128844692e-07,1.5589315363373926e-07,2.8763504001286305e-05
29,6.757398007600587e-06,0.044980141319695355,3.8888100947227036e-05,4.650807932116151e-05,0.10268514159713356,6.999777013390258e-06,6.022020668408789e-07,5.071489303638842e-10,1.7130714918788649e-06,2.3028333202770894e-06,0.0550821421390997,0.03706062506885073,0.00025818421159492085,0.7586185091749222,1.5615715056970436e-06,2.9114708969303186e-07,1.3708704454178513e-05,0.00012703933587747008,2.449524204833551e-06,5.165449815198478e-09,0.0009889584736305105,4.781490930628082e-05,7.362907128844692e-07,1.5589315363373926e-07,2.8763504001286305e-05
30,6.757398007600587e-06,0.044980141319695355,3.8888100947227036e-05,4.650807932116151e-05,0.10268514159713356,6.999777013390258e-06,6.022020668408789e-07,5.071489303638842e-10,1.7130714918788649e-06,2.3028333202770894e-06,0.0550821421390997,0.03706062506885073,0.00025818421159492085,0.7586185091749222,1.5615715056970436e-06,2.9114708969303186e-07,1.3708704454178513e-05,0.00012703933587747008,2.449524204833551e-06,5.165449815198478e-09,0.0009889584736305105,4.781490930628082e-05,7.362907128844692e-07,1.5589315363373926e-07,2.8763504001286305e-05
31,1.3227286446310355e-05,0.05914934116652487,6.452111846084788e-05,5.027015834496692e-05,0.11937100656412516,6.56284161506561e-06,6.494639231575872e-07,9.10377807391301e-10,1.563131573317628e-06,2.3414949229168297e-06,0.052836403281640645,0.05909245745461292,0.0003932981201479901,0.7074153009908675,1.2613554686030808e-06,2.9420105966597627e-07,1.7070542015786414e-05,0.00022740052661274676,4.197019459074481e-06,7.0355064799837305e-09,0.0012641012650827829,5.3990262866398214e-05,7.492702693663214e-07,1.430077583834774e-07,3.38415303172821e-05
32,6.909851025880449e-06,0.04759723562861721,4.107896531140596e-05,4.4226461797636155e-05,0.10605041934274467,7.592599508242957e-06,6.370760463295981e-07,5.70347710854637e-10,1.7010251551853295e-06,2.3055986191610093e-06,0.05526849753457357,0.039163597632785076,0.0002769171885098897,0.7502647157961257,1.6889077123115583e-06,3.058068766872537e-07,1.3858565907376063e-05,0.00012253916848099935,3.008854929024205e-06,5.667693039684254e-09,0.001050134317489796,5.250367202410981e-05,7.85860814252925e-07,1.4715128471300686e-07,2.9186755620229847e-05
33,8.023385210605948e-06,0.04790282598843436,4.728353208111786e-05,4.933649932606667e-05,0.19100134783404532,6.817079412405965e-06,5.643626805521392e-07,3.908371023472742e-10,1.921650274611221e-06,2.372367405912806e-06,0.07197125439836521,0.02048599088179501,0.00011969125228702621,0.6665995974660334,3.6467370157863992e-06,2.3092196017809206e-07,6.102833557193224e-06,8.444523627280863e-05,2.6242357928227934e-06,5.110584621901118e-09,0.0016267299651178807,3.6960582534521135e-05,1.1021228765976092e-06,2.740696823293202e-07,4.085109641663834e-05
34,1.4084800499558273e-05,0.07613915203405762,6.008155702705422e-05,3.905653786571144e-05,0.15808961157659826,6.428798590070266e-06,5.745376845243933e-07,7.321909262329774e-10,2.596959804885819e-06,2.48081221869462e-06,0.08332421497494902,0.03455722591012829,0.00036186135556111337,0.6461391454580989,2.0455376110631686e-06,2.6497354759753047e-07,1.171154209513796e-05,0.00010280899809911542,6.017273065110697e-06,5.3857227838210325e-09,0.0010490029319829906,5.867026147171024e-05,8.59691689283717e-07,2.2297506037317892e-07,3.187438438015806e-05
35,8.65028817508715e-05,0.11633855418758016,7.92900805449606e-05,8.189532862974816e-05,0.09040090932104348,6.321768860860656e-06,1.3554669114691156e-06,3.6149085304979054e-09,6.761382437232054e-06,7.80398034109994e-06,0.048840629636045414,0.12146792450872755,0.0008047740117671603,0.6194227827719149,7.498889631917919e-07,7.082893456595112e-07,7.476895559073054e-05,0.000996789669145202,6.8691102402116785e-06,9.718057509750519e-09,0.0012036793978153042,0.0001037415850566293,6.490195659720643e-07,2.635690490924385e-07,6.62618557070203e-05
36,5.82228588155808e-06,0.044775700667831,2.479262521769923e-05,3.8253235490292354e-05,0.05050794538912272,7.410893132969583e-06,1.031683022959324e-06,1.2051454618895514e-09,2.8220678854493924e-06,2.546951709875691e-06,0.028799285922913354,0.06813681317340298,0.0004934268173569159,0.8063471919551745,9.741302876052503e-07,4.6791006958696487e-07,4.223012733847088e-05,0.00017759328045489453,2.8540314279252957e-06,6.618317585546858e-09,0.0004861628272327132,0.00011470094978663851,6.372303740751178e-07,7.272619158059414e-08,3.125529523124002e-05
37,1.091194786492076e-05,0.030816363506559044,5.1148763049400045e-05,6.586384230964174e-05,0.08869300415710006,4.9724108531480905e-06,4.600574623075089e-07,4.3737033622924773e-10,1.4279040201017309e-06,2.6235951472908856e-06,0.06849561508914855,0.03126608882927042,0.00022443083591541929,0.7791336500775736,1.2696508794181256e-06,2.650628113000244e-07,1.4178367757512613e-05,0.0002108744766098895,1.7679670155019783e-06,5.197394951769914e-09,0.0009400072111155272,3.632173189077926e-05,6.828027883317293e-07,3.270976881534213e-07,2.7738980404359277e-05
38,6.955802631786798e-06,0.05267411615751229,4.4532535491799584e-05,4.849935648621235e-05,0.1049150145098116,1.2964442556528079e-05,9.581726566820158e-07,7.385378083700902e-10,1.2891740032235283e-06,2.2948069465947912e-06,0.06693123408811216,0.05240987560727854,0.0003859197529502871,0.7208459389350582,2.335459881250474e-06,5.103269679470392e-07,1.5775846557029532e-05,0.00012968231316141574,4.592815207426921e-06,6.825045615641296e-09,0.0014889676852580113,5.175728688522097e-05,9.941001616353988e-07,1.2583083392344102e-07,2.5657430006755306e-05
39,7.547372558784193e-06,0.0450479428001858,3.942861167122962e-05,5.196480110318273e-05,0.10335571057627836,8.19527282872529e-06,9.282251540962472e-07,8.376354466533275e-10,1.5327707208903687e-06,2.365755419993786e-06,0.04941084893094736,0.051162226593374445,0.0002884658172687571,0.7487887311220902,2.0140408023387e-06,3.8303500063869227e-07,1.675854223737582e-05,0.0001663728000805648,3.530205583829833e-06,7.213717003992184e-09,0.001538022667696963,6.379744373336166e-05,1.1078390848107614e-06,1.2582334009440713e-07,4.19909014856368e-05
40,8.216150721640129e-06,0.041803833071328365,3.732904835243976e-05,6.0531959066590766e-05,0.09646346960173238,6.986970293305507e-06,7.072467974273015e-07,6.414173351580336e-10,2.2045610309657356e-06,2.7965725177943693e-06,0.06089367491132641,0.03569896077058418,0.00028653315250252623,0.7634720093039543,1.6109627059185217e-06,3.732414331362491e-07,1.746018332540933e-05,0.0001493035546872812,2.369491024362329e-06,5.530768102411196e-09,0.0010102414161780187,4.921099751644127e-05,8.847467412607691e-07,1.9807997770729332e-07,3.1087834016711225e-05
41,6.768757255326447e-06,0.041428319094235166,3.861655860295803e-05,4.5184697386601246e-05,0.09519070086200589,6.809169603318812e-06,6.065865831703579e-07,5.120135404497365e-10,1.4901501092177215e-06,2.2911983840904147e-06,0.05618630649543988,0.039092097987529904,0.0002550042106670273,0.7664294341829735,1.5861535236023946e-06,2.8864218275633885e-07,1.3728817540435661e-05,0.0001354142102568312,2.5760063109288574e-06,5.433303301711219e-09,0.0010816883125008402,5.107028391721935e-05,7.605002225405416e-07,1.5218656231930435e-07,2.9098990889668472e-05
42,9.151718976384179e-06,0.0774070760392091,7.83677298127823e-05,4.4932718008734665e-05,0.11213467852329749,9.804550934662476e-06,9.322700259089378e-07,1.9353300752645255e-09,2.0274672193488927e-06,3.415807608249874e-06,0.06198533291653671,0.06832171865551356,0.0004822200996070028,0.6769884830803586,3.0628752435634535e-06,3.836841001153908e-07,2.383096457251632e-05,9.555797526737298e-05,1.0411094724901057e-05,8.377760625615309e-09,0.0021849129514430366,0.00018749807672575466,8.139180869537046e-07,1.2041715024189694e-07,2.5256152486318084e-05
43,8.07040848582216e-06,0.03456837832042333,4.5555357712823135e-05,5.4686114404401586e-05,0.09786154862420351,8.717519062528875e-06,7.100706163146855e-07,7.65735444170681e-10,3.4417037491326267e-06,7.347523471346484e-06,0.045098151464946404,0.019971694292546537,0.00018483707973920946,0.8007471475968451,2.0724583323923813e-06,4.2188884353231337e-07,1.4619919682922103e-05,0.00011342728706804597,3.0540672655442228e-06,1.0787049568173674e-08,0.001179830964321531,8.900160853320379e-05,8.464614458359364e-07,3.1203842643901764e-07,3.611567708904096e-05
44,6.757398007600587e-06,0.044980141319695355,3.8888100947227036e-05,4.650807932116151e-05,0.10268514159713356,6.999777013390258e-06,6.022020668408789e-07,5.071489303638842e-10,1.7130714918788649e-06,2.3028333202770894e-06,0.0550821421390997,0.03706062506885073,0.00025818421159492085,0.7586185091749222,1.5615715056970436e-06,2.9114708969303186e-07,1.3708704454178513e-05,0.00012703933587747008,2.449524204833551e-06,5.165449815198478e-09,0.0009889584736305105,4.781490930628082e-05,7.362907128844692e-07,1.5589315363373926e-07,2.8763504001286305e-05
45,8.77982957795017e-06,0.05243533952546844,6.537601462911635e-05,8.337785086145615e-05,0.13459372632702352,1.336236786585244e-05,1.5394304590908018e-06,1.4826768630856347e-09,2.873034649141591e-06,3.407984945561799e-06,0.07454922948522143,0.03327454503782042,0.00037277196968403683,0.7029968503613888,5.002460990473067e-06,6.46140924932478e-07,1.835705565753611e-05,0.00010798926844636774,4.932553733471699e-06,8.41620097753053e-09,0.0013535120632975652,7.622034672251944e-05,1.1863236736193748e-06,2.556735259489293e-07,3.0708994554952626e-05
46,1.352679568605076e-05,0.0408724369405992,5.727664434923228e-05,0.00011331451784763102,0.05421867887570633,1.1502652687629434e-05,6.003723482509148e-07,1.3357510454200583e-09,1.9279409070735056e-06,3.1102124423182806e-06,0.07847973582470888,0.08282107077369942,0.0005956464839742618,0.7410492538646672,1.2657753427837724e-06,6.879823013926873e-07,6.665155292238759e-05,0.00029033144718347505,2.6209339508028435e-06,6.86464331195665e-09,0.0013150509644937545,6.481878547794842e-05,1.0202201456263486e-06,2.694062298527748e-07,1.9192831934177332e-05
47,7.663975518035554e-06,0.05136730756220777,4.030451494231326e-05,4.266083017201187e-05,0.10015261355986053,7.124538229331393e-06,6.443297258035704e-07,5.673202880222921e-10,1.8122005190354994e-06,2.478606915487155e-06,0.05320883585758213,0.042897653727999106,0.00027811305341079583,0.7507152090066413,1.5429747408902523e-06,2.9410225453326933e-07,1.515684027859442e-05,0.0001386185901567777,2.8715052307416117e-06,5.47197690643102e-09,0.0010301942942105942,5.6511359320450464e-05,7.055609863459161e-07,1.4920859478008638e-07,3.152776120536641e-05
48,1.0495708097338318e-05,0.0726883077041381,5.300672650546635e-05,5.6125916374259415e-05,0.10561526296666897,1.1567658392807095e-05,9.30450538210342e-07,1.1152063323006975e-09,2.260381945560464e-06,2.633853384366201e-06,0.06365855652703636,0.059790072000160094,0.000514332796974385,0.6961228802601526,1.8820577060107976e-06,4.7652288196225934e-07,2.4872633845946126e-05,0.000149149370110457,4.99566704506019e-06,6.413336405044633e-09,0.001199564531639657,6.418512892811513e-05,8.714210535451603e-07,1.4306196047126195e-07,2.741912591729194e-05
49,4.979421520539549e-06,0.045452152886219295,4.332273049463008e-05,3.4516155459924996e-05,0.07896302040583214,8.164879011336665e-06,4.857974781796841e-07,4.112885761399513e-10,1.0957323430106873e-06,1.999922322338798e-06,0.04344667384159123,0.05164656185626202,0.00025634252594672086,0.7788506950991623,1.2292509714243336e-06,2.2110449523284802e-07,1.4744626447373801e-05,0.00013063121814156948,2.408738454868984e-06,5.5627343156875155e-09,0.0010584899912410145,5.754344057777161e-05,5.265920627226895e-07,1.0958719315303637e-07,2.407822274831056e-05
50,1.011167383038985e-05,0.046571154118006206,3.250077124106813e-05,3.331949474399278e-05,0.0978017767004356,5.553350201228047e-06,1.7025704581381509e-06,8.971592704742002e-10,3.2746862210194725e-06,6.52532895373091e-06,0.03586000209690241,0.025022932329874584,0.00020099107514125964,0.7930840158174052,2.367470382123675e-06,3.845665042250647e-07,1.197052464721677e-05,0.00016374327225467236,4.526172496754095e-06,8.95591612535729e-09,0.0009825499744001856,0.00011723908618871126,7.190327565238156e-07,1.7044557691414695e-07,8.245958830219983e-05
51,6.133564218305485e-06,0.034977484973034295,3.0220257118447893e-05,2.9935168236077996e-05,0.09500182384878962,7.785125310915501e-06,7.122245853357564e-07,4.4788281387944845e-10,1.1311293250552645e-06,2.0843338439560573e-06,0.04676604132084723,0.039589765498057004,0.0001960627047290799,0.7819164412348523,1.8668080077807045e-06,3.109375457124709e-07,1.0304103703086117e-05,0.00014767707596762957,3.5571217585188625e-06,7.99356497523349e-09,0.0012105785755320933,5.313893965691364e-05,1.1437171229948519e-06,1.1705532387378258e-07,4.567584098608743e-05
52,8.029227302328542e-06,0.013480289910830485,4.7166326536436564e-05,0.0001044594659185506,0.06139834232859095,6.479212063137242e-06,3.6501199787649625e-07,3.731296175423838e-10,1.606962973003833e-06,4.157845036421646e-06,0.0729094890453926,0.018683769026328224,0.00024317968554890695,0.8322481915487387,8.928258839345653e-07,4.617152616781521e-07,1.8005190099909075e-05,0.00023097370372658247,9.273305920770415e-07,7.349992196254701e-09,0.0005707238709152355,2.6108035005679373e-05,6.471004907488967e-07,5.278440460973486e-07,1.5199063598636194e-05
53,5.621923641506367e-06,0.032227393490331505,2.5454489089035456e-05,6.227703196914151e-05,0.09447037314757696,8.36711575247492e-06,1.800944845587064e-06,7.866703600073306e-10,2.785112031672142e-06,2.5587609801966453e-06,0.05226630991393105,0.024610750619664376,0.00024311746336848372,0.7949797039957335,3.2505313889730304e-06,5.054013544549335e-07,1.4563970789614675e-05,0.00013417106067177136,2.1612469661818203e-06,7.313820339441456e-09,0.0008309890531088762,5.3664523120392476e-05,1.4718899968240148e-06,1.9051715717008961e-07,5.2509696039561906e-05
54,6.426080002569921e-06,0.06769220805383128,2.4089809171834493e-05,2.7051968310312174e-05,0.09199438494062998,6.763655435337216e-06,7.267842969749483e-07,4.137108080025819e-10,2.1187046796615144e-06,2.3872215871430646e-06,0.035295237040656326,0.046588510601902056,0.00022224536007429873,0.7571183802150137,1.216005778334194e-06,2.75963038746169e-07,1.377241394751901e-05,0.00013524881148520914,2.392395140971971e-06,4.1930791017738056e-09,0.0007693118709538912,5.341405780988043e-05,5.531066323042668e-07,9.404487009396888e-08,4.318628796176813e-05
55,8.063878976974824e-06,0.09159461486576494,2.151507268719671e-05,2.720937195345779e-05,0.11961528897089303,4.220691647713284e-06,6.07184128171579e-07,2.823384568332854e-10,1.7616924265878134e-06,1.200224759184764e-06,0.03865647529706232,0.10426195187781029,0.00029675444879672514,0.644479334340476,6.061027132698992e-07,2.1978304605291808e-07,1.361474773277431e-05,0.00025450236726161477,1.6396502653461301e-06,2.6134892224427e-09,0.0006912255378052233,2.5428176447658565e-05,3.819063385977745e-07,6.682929762255285e-08,4.331408588135832e-05
56,6.722523589948373e-06,0.04707968357939073,3.9761262362577045e-05,4.6624573461372884e-05,0.10330249847541115,7.002599427458678e-06,6.075288750632135e-07,5.213296917138809e-10,1.7071100215907438e-06,2.201174830077548e-06,0.05616143635030457,0.039887548955573865,0.00029524979660112407,0.7520047399115466,1.461513378311948e-06,2.9451147919614067e-07,1.4206799294791794e-05,0.00013066537921326043,2.4906835426470044e-06,5.1248454333677e-09,0.0009404751811063817,4.627568604873106e-05,7.046901916231418e-07,1.4873323690217712e-07,2.748733493685752e-05
57,6.752426686259571e-06,0.04927083378559107,4.240289233627294e-05,4.199566877368395e-05,0.1066957176054799,7.293230201419611e-06,6.050631322224469e-07,5.689424408102832e-10,1.5286683490939795e-06,2.2127778780080784e-06,0.054446897855155246,0.04552588932969726,0.000286043738337366,0.742307878361606,1.584796027892185e-06,2.9338890853129773e-07,1.3986863319352967e-05,0.00012520584432507164,3.186769848469726e-06,5.532936196691544e-09,0.0011356499758877019,5.560640820773553e-05,7.167866356716209e-07,1.3056649914806815e-07,2.758109523800271e-05
58,7.364985827740686e-06,0.04434753244151755,4.4525564999796546e-05,5.079392513099188e-05,0.10275992085701456,7.2381884184316485e-06,6.027229951022234e-07,5.235649998643777e-10,1.8839056941007416e-06,2.5485914416322815e-06,0.06160899955489749,0.03385144694164804,0.0002585243796744079,0.7558500974774084,1.8023832742464508e-06,3.002056316070089e-07,1.4079731549573924e-05,0.00012463724782733228,2.451037704978229e-06,5.460949271491792e-09,0.0009852851742465957,5.040444561496142e-05,7.507250634050125e-07,2.1174292671792682e-07,2.859178497806312e-05
59,7.365300600171411e-06,0.041286810005802234,4.4877714324127786e-05,5.25731927697668e-05,0.10154190016483838,7.014816004995038e-06,5.750655600546232e-07,5.039754078366068e-10,1.861591400235772e-06,2.6759671344147064e-06,0.06204055518743589,0.03210912671214237,0.00023529491117839328,0.7614321482015988,1.8316614344294777e-06,3.0054434049002945e-07,1.3917672077507598e-05,0.00012651671494884732,2.3263740727039643e-06,5.519525011494835e-09,0.001012658650267853,4.97682901243495e-05,7.609949107460852e-07,2.306839743139036e-07,2.8903559558662918e-05
60,6.757398007600587e-06,0.044980141319695355,3.8888100947227036e-05,4.650807932116151e-05,0.10268514159713356,6.999777013390258e-06,6.022020668408789e-07,5.071489303638842e-10,1.7130714918788649e-06,2.3028333202770894e-06,0.0550821421390997,0.03706062506885073,0.00025818421159492085,0.7586185091749222,1.5615715056970436e-06,2.9114708969303186e-07,1.3708704454178513e-05,0.00012703933587747008,2.449524204833551e-06,5.165449815198478e-09,0.0009889584736305105,4.781490930628082e-05,7.362907128844692e-07,1.5589315363373926e-07,2.8763504001286305e-05
61,7.744081440631852e-06,0.04186400530615129,4.761498307473058e-05,5.4196450193171825e-05,0.10258908876529628,7.131837067899472e-06,5.70590354868288e-07,5.41528205470117e-10,1.7971979472031475e-06,2.626397745522135e-06,0.06148618625099637,0.03318173001682361,0.00024802973981775245,0.7592418692930917,1.7700021404692634e-06,2.978305169789519e-07,1.428571518591406e-05,0.00013171145751689176,2.4337903962661956e-06,5.626703887150975e-09,0.0010382008181617157,4.9715083427450353e-05,7.599690622667686e-07,2.2005628284553604e-07,2.8008199076098115e-05
62,6.757398007600587e-06,0.044980141319695355,3.8888100947227036e-05,4.650807932116151e-05,0.10268514159713356,6.999777013390258e-06,6.022020668408789e-07,5.071489303638842e-10,1.7130714918788649e-06,2.3028333202770894e-06,0.0550821421390997,0.03706062506885073,0.00025818421159492085,0.7586185091749222,1.5615715056970436e-06,2.9114708969303186e-07,1.3708704454178513e-05,0.00012703933587747008,2.449524204833551e-06,5.165449815198478e-09,0.0009889584736305105,4.781490930628082e-05,7.362907128844692e-07,1.5589315363373926e-07,2.8763504001286305e-05
63,3.0603689818374e-06,0.0029357593894759047,2.627206593739857e-05,0.00011857767217081497,0.042973142322558444,4.983967239588185e-06,3.778304137343562e-07,4.210542101276953e-10,4.4484213883786326e-07,2.241682903011558e-06,0.048281052149705725,0.014134206370404804,0.00011101517382197489,0.8899758868653984,1.231118186756926e-06,4.6034085794953504e-07,1.1078712481978304e-05,0.00018571517028663742,9.742420063980236e-07,1.2013296038883032e-08,0.0011874757313470442,2.7593623669053672e-05,1.894896639129385e-06,2.5658085871174397e-07,1.6286448165633984e-05
64,7.085395442971649e-06,0.049305138567606197,4.604901341134424e-05,4.9592361293530076e-05,0.11817811760961622,7.299447945347573e-06,6.164384904474758e-07,5.549158731924356e-10,1.5723148636183228e-06,2.373180212476576e-06,0.06046413419168378,0.039352298852109176,0.0002542205992833165,0.730732758028207,1.8515967580971308e-06,2.8088999847389907e-07,1.2596122490269292e-05,0.0001214207471583119,2.8754866451945893e-06,5.467054601155037e-09,0.0013797984663844703,5.0165699418213116e-05,7.865017142462048e-07,1.606309207640639e-07,2.8801836375955006e-05
65,3.4299663264825528e-06,0.04261860927110445,9.602039430979322e-05,8.009307137780642e-05,0.1152064343013103,1.5764260222752577e-05,8.441246286106154e-07,7.049196601098992e-10,1.0755586791805034e-06,1.8192541058130946e-06,0.09757301160623882,0.017632351227449886,0.00021139321097919553,0.7243836303068257,9.962822927957522e-06,2.408663574133052e-07,1.0998598581132769e-05,3.600710692045823e-05,3.0544508155571975e-06,5.150879413078692e-09,0.0020272040952618664,6.904545606139156e-05,1.1463477347624094e-06,2.855199832817701e-07,1.7572325998084888e-05
66,4.068786851015438e-06,0.02777756974843413,3.562328782449642e-05,4.702157422234988e-05,0.09286529779018787,4.326265773888185e-06,2.702862720124469e-07,2.167891772917369e-10,9.162706335019057e-07,2.0670117473901356e-06,0.055294677935998904,0.030400636570844842,0.00018599537148795753,0.7923343224094047,8.193993821236445e-07,1.9796368580331896e-07,9.859659933027468e-06,0.00011119721465183422,1.1358694095218251e-06,3.262855218751014e-09,0.0008779124133625434,2.9801742803640704e-05,3.9723552271029376e-07,1.4345100157623824e-07,1.573826091987494e-05
67,3.1954912150245595e-06,0.022980625731623693,2.405838819867363e-05,3.0235079663755648e-05,0.050945227221350066,7.443912250821318e-06,3.7243375826634414e-07,2.1657553578773116e-10,7.145249122090241e-07,1.5680051169182682e-06,0.04157043656621575,0.030971196970160222,0.00016092831184253025,0.8522592263521995,1.122660474866349e-06,1.9464455276146552e-07,1.1363288428199149e-05,0.00011553403680971315,1.3155613630050848e-06,5.525207466983666e-09,0.0008513703456298077,3.7556993191438086e-05,7.800279896224901e-07,1.2622604314294637e-07,2.5401485226851757e-05
68,5.85570279846507e-06,0.028543563840798328,2.779006149690714e-05,5.01186908123982e-05,0.061822343886683756,5.302025777912409e-06,5.264516606681013e-07,3.9909810760422227e-10,8.398419753604066e-07,1.4054226936912212e-06,0.048688726925566125,0.06803199820783488,0.00043439091804759773,0.7911637582276038,5.279021473617211e-07,3.003184761880701e-07,1.6634558850551488e-05,0.0003065348067850465,1.5242252918824598e-06,5.034549774151108e-09,0.0008505005971504558,2.357193455707133e-05,6.694880237102355e-07,8.535044047808595e-08,2.302518087948165e-05
69,5.201349130254153e-06,0.03203723148307903,4.424676996190467e-05,2.925369892224841e-05,0.05903274790120269,9.885427301697446e-06,4.236160440819345e-07,4.806153128411978e-10,5.136344868608168e-07,1.732860130042582e-06,0.06169418512324386,0.06486880043152489,0.0003646579146494848,0.7798256024348378,1.2262051778929526e-06,2.4253092289232597e-07,1.4141592674260122e-05,0.00013645427959435311,4.824211306447697e-06,9.487489406710512e-09,0.0018465792368972164,6.3183551590817e-05,9.136348664010268e-07,9.763073069476534e-08,1.7844513619462046e-05
70,2.9620829203884195e-06,0.018012965333679687,2.2145334318056914e-05,6.148506175401557e-05,0.0735579735581618,6.736466843041603e-06,4.113872722007468e-07,3.102257228184497e-10,1.7361090086832382e-06,1.962808060333573e-06,0.031360520867610236,0.02470061389305084,0.00021567888591678472,0.851433739237045,6.412785094441809e-07,3.6024231918624534e-07,1.4146161404806261e-05,0.0001358892184273394,7.760341352530276e-07,6.025013859867748e-09,0.0004274215999066025,2.2055933841954345e-05,6.984293652473807e-07,1.4182922646266093e-07,1.8931911982946242e-05
71,1.1276842981080902e-05,0.057460491517395365,2.1512453227774345e-05,4.553753177446546e-05,0.13788848426542424,4.188360874645689e-06,5.380370228579296e-07,4.6330210933937984e-10,2.5019667240380393e-06,2.00042400549599e-06,0.05900290119200013,0.05012820582076816,0.00028171919618389513,0.6941009083687969,8.969281653636952e-07,3.791754057807374e-07,1.4901225123479342e-05,0.0002006524344895824,1.9088090244081275e-06,3.6512796168124126e-09,0.0007657082649521916,2.7788108786073905e-05,8.10034647027843e-07,1.3550539275494436e-07,3.6549422252408655e-05
