,0,1,2,3,4,5,6,7,8,9,10,11,12,13,14,15,16,17,18,19,20,21,22,23,24
0,0.000293422175383164,7.463531700539791e-07,4.591976588589193e-06,2.960363140109637e-07,4.618510646359328e-06,3.4693286443207364e-12,1.9408555406750094e-09,0.0015687244830566139,3.736318450028813e-09,4.076363195464986e-08,2.269325969285118e-08,0.11246573801842719,9.973838999727426e-09,2.9243154520686792e-08,8.582662019219349e-08,2.2661840071936636e-09,0.8837128960359242,2.5563709441595084e-06,1.2943200450258527e-05,1.4698896084122375e-09,1.5344748853634732e-05,0.0018769743663582911,2.5116917140052023e-08,2.3356527313787268e-05,1.7568162430087493e-05
1,0.0002909736560457828,7.052448640754669e-07,2.8451979044783016e-06,2.4528965173743027e-07,3.015605380877232e-06,2.678004044799631e-12,1.6578988975648815e-09,0.001523446542906156,2.7759455062817303e-09,4.342646135569385e-08,1.533959771288636e-08,0.07528218370187724,4.94390191662124e-09,1.9603718605240058e-08,8.889349609169681e-08,2.373912401164558e-09,0.9211111925073296,2.1582922845845227e-06,1.2753142917021475e-05,1.0198657079519728e-09,1.792163820058076e-05,0.0017083345174330185,2.470179992794201e-08,2.142847174981487e-05,2.259145217897793e-05
2,0.00022916422934676517,5.697942600225507e-07,1.6721038174896185e-06,1.6377645400618731e-07,2.169721322506197e-06,1.8111813326295865e-12,1.1589167968587903e-09,0.0009032003254703721,1.271249934302918e-09,2.551661460714132e-08,1.1281825235126409e-08,0.05786855618425619,3.5518232485084685e-09,1.5376769269754144e-08,8.173670927489279e-08,1.5497545890369007e-09,0.939400512621405,1.7749806393830032e-06,7.006230933217498e-06,5.835100465543624e-10,1.2839586162797384e-05,0.00153632801598839,2.8842230051993825e-08,1.885144271912835e-05,1.702011601053357e-05
3,0.0002370107838632636,6.029777251725359e-07,2.048204909102244e-06,1.92774242180255e-07,2.392951934560868e-06,1.7178619287769408e-12,1.1800622646266957e-09,0.001097675593805596,1.4897824127044275e-09,2.78131891920957e-08,1.269204372555206e-08,0.06439495057656652,4.114467825403119e-09,1.491479587525818e-08,6.394136407544018e-08,1.3223275157848212e-09,0.9327958667724809,2.117409731901347e-06,7.368494192849736e-06,6.719147109623121e-10,1.3232962206017301e-05,0.0014084039537564594,2.247275595526711e-08,2.099867624888724e-05,1.69872539151665e-05
4,0.0002393198717543157,6.5370931489981e-07,2.325717086635944e-06,2.0666492750790825e-07,2.7095761364245563e-06,1.9838834164044304e-12,1.2877046668136611e-09,0.0010760851815661912,1.6110638651337245e-09,2.959158925719009e-08,1.4065199701213707e-08,0.0687734289302306,5.047852839035674e-09,1.73496822997969e-08,6.620577430148402e-08,1.394404160277142e-09,0.9283772894663812,2.299942755193658e-06,7.313227629392803e-06,7.494220167714649e-10,1.3173347332203095e-05,0.0014661071623843119,2.4313847355302137e-08,2.234631826721185e-05,1.6579265709529698e-05
5,0.0002139517687664525,5.793571779786847e-07,1.9045953562157008e-06,1.9971153040460614e-07,2.358625779752988e-06,1.5662854270969664e-12,1.0780824188831398e-09,0.0010843451115486037,1.3007429292676718e-09,2.6772660763060048e-08,1.245782845586332e-08,0.05964731135492102,4.012587986456565e-09,1.3532361437556954e-08,5.5278598404991095e-08,1.1285586626666722e-09,0.9377371584589627,2.2464884423904142e-06,6.4125381087544884e-06,6.335855494322362e-10,1.2960650777149215e-05,0.0012528147014019325,2.1687622306595434e-08,2.1868397773868634e-05,1.5750355257497594e-05
6,0.0002370107838632636,6.029777251725359e-07,2.048204909102244e-06,1.92774242180255e-07,2.392951934560868e-06,1.7178619287769408e-12,1.1800622646266957e-09,0.001097675593805596,1.4897824127044275e-09,2.78131891920957e-08,1.269204372555206e-08,0.06439495057656652,4.114467825403119e-09,1.491479587525818e-08,6.394136407544018e-08,1.3223275157848212e-09,0.9327958667724809,2.117409731901347e-06,7.368494192849736e-06,6.719147109623121e-10,1.3232962206017301e-05,0.0014084039537564594,2.247275595526711e-08,2.099867624888724e-05,1.69872539151665e-05
7,0.0002745045370526767,8.252821342961204e-07,2.9637104593968612e-06,2.190944846917212e-07,2.126958645690195e-06,1.7035240617078067e-12,1.6284299655022714e-09,0.001165900218546158,2.043669107807932e-09,2.8138096020384957e-08,1.8189459778676226e-08,0.0652077282288441,7.227794301632003e-09,1.4866556232611047e-08,5.62492427314683e-08,9.745078485866833e-10,0.9319919960881181,2.8550483410782562e-06,5.984899292079256e-06,9.910851321408842e-10,1.0592687572083378e-05,0.0012884187761917343,1.8243763741979837e-08,2.9439133553935144e-05,1.629678245556627e-05
8,0.00022371659924506475,5.432632514129721e-07,1.829838698552997e-06,1.837333793317546e-07,1.8910541266159336e-06,1.1159584055647129e-12,1.1286943375204989e-09,0.0010772816818995325,1.092849720408477e-09,2.6360133888929124e-08,8.256265966783456e-09,0.04612035580668338,3.4659056622973583e-09,1.2467481577871597e-08,5.5778718200356236e-08,1.2466862661569372e-09,0.9515127325909266,1.631295692387125e-06,5.605985727860979e-06,5.329137097820615e-10,1.1562611828909183e-05,0.0010008680579483996,2.2263190720422922e-08,2.4410501291255314e-05,1.725438534466916e-05
9,0.00022312303921324158,7.211679280600272e-07,2.654140523734391e-06,2.1684304524192315e-07,2.223334234952084e-06,1.078931526974456e-12,1.2512449126245157e-09,0.0011739710871719255,1.5865744904728725e-09,2.8006729800316688e-08,1.0282896213543346e-08,0.04713257943664986,5.680705266250862e-09,1.2873874208960922e-08,5.140100986830404e-08,9.078321026244457e-10,0.950525927227515,1.9300088101018313e-06,5.271299748308241e-06,6.458380503819196e-10,1.0098544474636135e-05,0.0008705637826408015,1.672236601544285e-08,3.314423923281908e-05,1.74464886612304e-05
10,0.0002370107838632636,6.029777251725359e-07,2.048204909102244e-06,1.92774242180255e-07,2.392951934560868e-06,1.7178619287769408e-12,1.1800622646266957e-09,0.001097675593805596,1.4897824127044275e-09,2.78131891920957e-08,1.269204372555206e-08,0.06439495057656652,4.114467825403119e-09,1.491479587525818e-08,6.394136407544018e-08,1.3223275157848212e-09,0.9327958667724809,2.117409731901347e-06,7.368494192849736e-06,6.719147109623121e-10,1.3232962206017301e-05,0.0014084039537564594,2.247275595526711e-08,2.099867624888724e-05,1.69872539151665e-05
11,0.00023851002766642174,6.187800663866596e-07,2.131769519843373e-06,1.9690445769486987e-07,2.404154440038912e-06,1.7527608747942e-12,1.2236609226706765e-09,0.001079894535037397,1.5100417566830844e-09,2.759331552349685e-08,1.325082332307268e-08,0.06535077388384909,4.474922256582599e-09,1.5408528761398503e-08,6.304066741594143e-08,1.2901652051084233e-09,0.9318656541348405,2.2183102231573655e-06,7.086233022836443e-06,7.027541189073925e-10,1.2850176886539789e-05,0.0013990246221962416,2.281005824638119e-08,2.1716929822451216e-05,1.676823128124607e-05
12,0.00031367669037817063,8.455170813214655e-07,3.6246153803529433e-06,3.0472426199747774e-07,2.5544133005568967e-06,2.158022048373683e-12,2.08467646752695e-09,0.0022437262520155,4.9946620878180524e-09,4.726686651585597e-08,1.9152464817670984e-08,0.06864195832680016,5.847362690146286e-09,1.5078166451841736e-08,9.791547489335347e-08,1.8691022994300444e-09,0.9273378415164945,1.9625636215047344e-06,1.5321434481867057e-05,1.329523984043153e-09,1.7918718480077957e-05,0.001365500472692989,1.671893280673962e-08,2.608406493303152e-05,2.8468430686728664e-05
13,0.0002305361380523498,4.466730308099278e-07,2.130819570798729e-06,1.6435737473996965e-07,2.0835804283214367e-06,1.3609006233747146e-12,1.0833852055307488e-09,0.0009197200815296719,1.2630181576728557e-09,1.5869475918862626e-08,1.5909721165243378e-08,0.09325346472360203,3.821518588279437e-09,1.509249897535972e-08,5.791493179089749e-08,9.849210618200034e-10,0.9041838502118567,1.9066767079983132e-06,6.495503147272339e-06,6.204246023520021e-10,1.2010140098110342e-05,0.0013567666207014233,2.066663950376369e-08,1.6192503058935915e-05,1.4098742944851001e-05
14,0.0001433897786559574,3.680686813496028e-06,3.240779496938508e-06,3.938573909974613e-07,7.5718794816342226e-06,3.3521705644213246e-12,1.5349641037731206e-09,0.002090076761530929,5.041241470168978e-09,1.5955651268866138e-07,1.8986709031690232e-08,0.024452713470335747,1.4146514456829404e-08,1.507018116662223e-08,8.052786766223553e-08,1.0672954790519864e-09,0.971620695723874,3.4998435048697285e-06,1.1146025973435984e-05,9.99416010487808e-10,1.6681538210934243e-05,0.0015587023953695502,1.5320118901238e-08,7.020618687767144e-05,1.7688818310565337e-05
15,0.0002370107838632636,6.029777251725359e-07,2.048204909102244e-06,1.92774242180255e-07,2.392951934560868e-06,1.7178619287769408e-12,1.1800622646266957e-09,0.001097675593805596,1.4897824127044275e-09,2.78131891920957e-08,1.269204372555206e-08,0.06439495057656652,4.114467825403119e-09,1.491479587525818e-08,6.394136407544018e-08,1.3223275157848212e-09,0.9327958667724809,2.117409731901347e-06,7.368494192849736e-06,6.719147109623121e-10,1.3232962206017301e-05,0.0014084039537564594,2.247275595526711e-08,2.099867624888724e-05,1.69872539151665e-05
16,0.0002505090536670094,6.177077774718679e-07,1.921186692005318e-06,2.0519470625668057e-07,2.278575421018845e-06,1.9106671938346687e-12,1.3694626651429233e-09,0.0011863399673083,1.4380022032794883e-09,3.475462657521598e-08,1.2996304563417605e-08,0.06295460892519791,3.651820058892591e-09,1.471305660069831e-08,6.429754254991625e-08,1.6173097633222816e-09,0.9340592179305762,2.4267637207400636e-06,7.843537140880563e-06,6.960308747915306e-10,1.6606515391981934e-05,0.0014763734228098674,2.4495632040626524e-08,2.2446458688259313e-05,1.8444729203344915e-05
17,0.00024647881620924544,5.365554178355873e-07,2.267292542834712e-06,2.3420546013684153e-07,2.439615557204501e-06,1.721091997119324e-12,1.296075717223767e-09,0.001061984839880327,1.256684453943079e-09,2.4494486224566457e-08,1.3938498747978501e-08,0.07676255781018303,4.49392146531548e-09,1.8574281387011916e-08,5.387604156167801e-08,1.2696668422897662e-09,0.9205848964881825,2.501720207608713e-06,6.2035816305799786e-06,7.350263443824561e-10,1.345870799553631e-05,0.0012772891172154427,2.6777995860703025e-08,2.1190335517657133e-05,1.7814199600266788e-05
18,0.00022303668814778436,4.5450613311340184e-07,1.3905234871208354e-06,1.257954508529389e-07,1.292616156981768e-06,8.749417952902712e-13,8.685361902304218e-10,0.000710717277807598,7.58139308561322e-10,1.6745449748185608e-08,8.01977730358079e-09,0.0511455623080831,2.7811165724505704e-09,9.549404181265807e-09,4.056751167392529e-08,7.513554983398901e-10,0.9467649336331126,1.977325180542826e-06,3.948208875168438e-06,4.001203344474948e-10,9.044324771064874e-06,0.0011035419439303145,1.7082203546842114e-08,1.9709841586815933e-05,1.4167482787517682e-05
19,0.00021409203105771308,6.596288692198349e-07,2.8065433988553413e-06,2.2704319964171598e-07,3.2329164865219323e-06,2.0380273002563287e-12,1.1940631909934899e-09,0.001194287638382604,1.87724682186099e-09,3.116017598588528e-08,1.4680000196445924e-08,0.07708507287468672,5.82350573575162e-09,1.8382426059644853e-08,6.029386492092087e-08,1.2667288112238465e-09,0.9199237914075322,2.315410643284188e-06,7.22165206826962e-06,8.557693095842391e-10,1.2725641939763491e-05,0.0015160322833489826,2.0736892288612125e-08,2.2062000869389152e-05,1.5316654805544206e-05
20,0.0003514255474636057,6.951793288068744e-07,3.020275267536582e-06,2.6436141280666024e-07,2.7466509195850065e-06,2.2633417014513414e-12,1.6159245886806743e-09,0.0010866229341756752,1.906631507688639e-09,3.108363123061222e-08,1.674839798613929e-08,0.08460678920519044,5.729445608606309e-09,2.1627482407165645e-08,6.394885469522384e-08,1.6895616872600616e-09,0.9126785688723755,2.7094695591677696e-06,8.593396311364514e-06,8.572181342852707e-10,1.4705112301253306e-05,0.00119514709142125,2.5819375324743937e-08,2.3672976531451534e-05,2.486789895489975e-05
21,0.0003082867864903953,5.956258911845661e-07,2.930087806073607e-06,2.5760503861103023e-07,2.8176194908287194e-06,2.490842583169767e-12,1.7992913779693949e-09,0.0011129221760048148,1.6691333385544384e-09,3.415174527025793e-08,1.6203067984599e-08,0.09979311613295362,5.845979542280927e-09,2.3901571436311313e-08,6.79307329252304e-08,2.1148552823053093e-09,0.8973059059441725,2.7054044994509145e-06,8.07931539755553e-06,9.376763604307507e-10,1.6420963742039615e-05,0.0014021599594986394,3.111507237693528e-08,2.2766633934509828e-05,2.0850073462996257e-05
22,0.0002387353513493721,5.428877926353253e-07,2.1310393001560923e-06,1.9416904084342131e-07,2.272404720449963e-06,1.7484120656366556e-12,1.3041094795000406e-09,0.001043860618624763,1.2829492715720018e-09,2.6592085989183867e-08,1.3971413070996008e-08,0.07095905208337006,3.819386387676384e-09,1.5668535007592046e-08,5.8081195178007026e-08,1.4194322864567921e-09,0.9262176685336505,2.4448282612191374e-06,6.946459903674013e-06,7.195791880359224e-10,1.491704593678438e-05,0.001474350407798784,2.3161228060451386e-08,2.0810430326980103e-05,1.592771826120749e-05
23,0.0002370107838632636,6.029777251725359e-07,2.048204909102244e-06,1.92774242180255e-07,2.392951934560868e-06,1.7178619287769408e-12,1.1800622646266957e-09,0.001097675593805596,1.4897824127044275e-09,2.78131891920957e-08,1.269204372555206e-08,0.06439495057656652,4.114467825403119e-09,1.491479587525818e-08,6.394136407544018e-08,1.3223275157848212e-09,0.9327958667724809,2.117409731901347e-06,7.368494192849736e-06,6.719147109623121e-10,1.3232962206017301e-05,0.0014084039537564594,2.247275595526711e-08,2.099867624888724e-05,1.69872539151665e-05
24,0.00022551801102165342,7.127279469428794e-07,2.3946957389885037e-06,2.402583949211755e-07,3.073164110567652e-06,2.0887346619990173e-12,1.2503114956699943e-09,0.0012011625307873075,1.6231354762459561e-09,3.432865588635539e-08,1.4355063777984016e-08,0.06787712468849026,5.246256760154952e-09,1.8093466139260506e-08,5.9479225032020626e-08,1.3682303750900215e-09,0.9292029439429761,2.50632152407456e-06,7.583282318212626e-06,7.936527501597455e-10,1.3916602389441789e-05,0.0014225323902149433,2.413512076974234e-08,2.3016923573141733e-05,1.7113785306442007e-05
25,0.00021044264832980112,4.2557610326283144e-07,2.0654136742306873e-06,2.280119353574136e-07,1.9349258388664624e-06,1.116709330294644e-12,1.2965299248284356e-09,0.0013395411228411718,1.1300812876984703e-09,2.0334618874989343e-08,1.4839492909142837e-08,0.07007507914822393,4.116844884778288e-09,1.2449275610146627e-08,4.134668068706723e-08,9.681534063422362e-10,0.9272764652902578,2.1921462936294415e-06,6.178067707298746e-06,7.694745956717404e-10,1.2449148490949617e-05,0.0010389345005376092,2.0110553746414665e-08,2.112462404547413e-05,1.2822012897881353e-05
26,0.0002012377104011477,4.684156775691139e-07,1.5276973785363807e-06,1.3413140442373713e-07,1.3677648348820844e-06,8.090914347049347e-13,8.606839107663747e-10,0.0008267215740229436,9.384438979558788e-10,1.5904707840858023e-08,9.52387584187272e-09,0.04430026158232145,3.5626058564564064e-09,7.875686865251635e-09,3.859945092615485e-08,5.734193981270799e-10,0.9536480970883198,2.0999073733328665e-06,3.715687924411983e-06,4.508269140406429e-10,8.16914173002002e-06,0.000970951617681566,1.4244182833924873e-08,2.3930666686129418e-05,1.1224479550572544e-05
27,0.00026921574094031085,6.749242198687884e-07,2.0764040687560956e-06,1.9393027283733045e-07,2.3076041087142845e-06,2.149457976944406e-12,1.3092486530178431e-09,0.0012428278453964921,1.989192532305403e-09,3.3445336489762696e-08,1.267977467303304e-08,0.06189537486951327,3.746497978169166e-09,1.531690754034271e-08,8.326615115727028e-08,1.6168651404651235e-09,0.9346764204615836,2.2227422036124364e-06,8.714766551221424e-06,7.843176666246096e-10,1.4836924975155606e-05,0.0018431173592146903,2.304505404193089e-08,2.0778637655931146e-05,2.106058780006659e-05
28,0.0002370107838632636,6.029777251725359e-07,2.048204909102244e-06,1.92774242180255e-07,2.392951934560868e-06,1.7178619287769408e-12,1.1800622646266957e-09,0.001097675593805596,1.4897824127044275e-09,2.78131891920957e-08,1.269204372555206e-08,0.06439495057656652,4.114467825403119e-09,1.491479587525818e-08,6.394136407544018e-08,1.3223275157848212e-09,0.9327958667724809,2.117409731901347e-06,7.368494192849736e-06,6.719147109623121e-10,1.3232962206017301e-05,0.0014084039537564594,2.247275595526711e-08,2.099867624888724e-05,1.69872539151665e-05
29,0.0002370107838632636,6.029777251725359e-07,2.048204909102244e-06,1.92774242180255e-07,2.392951934560868e-06,1.7178619287769408e-12,1.1800622646266957e-09,0.001097675593805596,1.4897824127044275e-09,2.78131891920957e-08,1.269204372555206e-08,0.06439495057656652,4.114467825403119e-09,1.491479587525818e-08,6.394136407544018e-08,1.3223275157848212e-09,0.9327958667724809,2.117409731901347e-06,7.368494192849736e-06,6.719147109623121e-10,1.3232962206017301e-05,0.0014084039537564594,2.247275595526711e-08,2.099867624888724e-05,1.69872539151665e-05
30,0.0002370107838632636,6.029777251725359e-07,2.048204909102244e-06,1.92774242180255e-07,2.392951934560868e-06,1.7178619287769408e-12,1.1800622646266957e-09,0.001097675593805596,1.4897824127044275e-09,2.78131891920957e-08,1.269204372555206e-08,0.06439495057656652,4.114467825403119e-09,1.491479587525818e-08,6.394136407544018e-08,1.3223275157848212e-09,0.9327958667724809,2.117409731901347e-06,7.368494192849736e-06,6.719147109623121e-10,1.3232962206017301e-05,0.0014084039537564594,2.247275595526711e-08,2.099867624888724e-05,1.69872539151665e-05
31,0.00020615416411434725,6.071769330057348e-07,2.302973026574486e-06,2.1420644250311933e-07,2.63210042653678e-06,1.2390945739519948e-12,1.0144358439015698e-09,0.00128066282544535,1.3345426864256167e-09,2.7136338657860325e-08,1.0625205087784337e-08,0.057814087720512615,4.743329256773806e-09,1.3688325692057601e-08,4.352792244218177e-08,9.59978014320912e-10,0.9395291720493381,2.2055621641545823e-06,6.207027873880554e-06,6.562453203602898e-10,1.1164374174568066e-05,0.0011042915726900502,1.775268534443891e-08,2.5474705058006967e-05,1.4702101552824112e-05
32,0.00024038200229648343,6.042090383764917e-07,2.0231172655033066e-06,1.9040186039534946e-07,2.384683806314878e-06,1.7769971670434595e-12,1.2071146135523462e-09,0.0011326573367257885,1.5699482260533343e-09,2.8703343920115052e-08,1.2720359774235186e-08,0.06385479662519448,3.998227099429268e-09,1.4848745757926288e-08,6.758831972013201e-08,1.4134801820329456e-09,0.9332345640047249,2.078388636205377e-06,8.009489407991207e-06,6.857791739929975e-10,1.3697332343242934e-05,0.0014705929165161967,2.270173376280649e-08,2.056697284085348e-05,1.7297080513943203e-05
33,0.00016859016143504514,5.945493400225216e-07,1.3187572837072002e-06,1.2093697359915394e-07,2.3548100120558015e-06,1.1980393144910611e-12,8.480459598505608e-10,0.0007444198536387771,6.626266981663024e-10,1.9553240481987562e-08,9.319882076476968e-09,0.05065947473636156,4.271261946849483e-09,1.331217076911565e-08,4.4824746384643125e-08,8.233061594165649e-10,0.9465850912242597,2.054418303559587e-06,4.852429338520762e-06,4.395022011897981e-10,7.641494128881841e-06,0.0017949282198562813,2.2553315352262045e-08,2.0239304985491865e-05,8.202494786632405e-06
34,0.0004873276059847172,1.064842041372604e-06,4.438376383462542e-06,2.7972832175799314e-07,3.1501653206922253e-06,3.797588561775623e-12,2.544356916543202e-09,0.0019046314618004078,6.3455345789275655e-09,5.687701404094575e-08,1.9779933524898837e-08,0.08831440167740295,6.696820051499968e-09,2.5093712015463804e-08,1.2714030676170686e-07,2.963847131113031e-09,0.906943415407116,2.620083957911325e-06,1.98988714615642e-05,1.4646252424026872e-09,2.0198726797542816e-05,0.002235907509072491,2.1916838811591697e-08,2.5521037959644063e-05,3.68736795928104e-05
35,0.00015262313117903655,6.233959141364133e-07,2.538611919596438e-06,1.7176119363645713e-07,6.022094025388832e-06,2.891604351273794e-12,1.1464475894735888e-09,0.0005308540804646251,8.017186725552345e-10,2.0755353039795765e-08,1.6660663803657635e-08,0.08209139456732,6.092664813392966e-09,4.1378264664781626e-08,1.4819174353222924e-07,2.7766961347769412e-09,0.9157395804473931,1.0640886433090231e-06,6.389128714557267e-06,5.094530337426106e-10,1.4351526878760292e-05,0.001425522850457186,7.132393695358836e-08,1.7949418559561583e-05,1.0605257503373548e-05
36,0.00025385290544076126,6.928126775873613e-07,2.2119074796742557e-06,2.218219428669308e-07,2.5843113430284685e-06,2.13881834379435e-12,1.3720746272144018e-09,0.0012133219371907812,1.7401106542721446e-09,3.3407138600035745e-08,1.5101801687388096e-08,0.06460372754273852,4.415445053849998e-09,1.6196964885752363e-08,7.053711323367184e-08,1.4853602257984975e-09,0.9323272785451235,2.5003095379690783e-06,7.97570307900967e-06,7.90641075002631e-10,1.5397125787269552e-05,0.00152827324893259,2.4450034339828558e-08,2.3016412282201883e-05,1.8775917621149265e-05
37,0.00028023497273140674,5.973512095262673e-07,2.2189345073965554e-06,1.8036805870887975e-07,2.1799374857065813e-06,1.5493387917947852e-12,1.265529993821299e-09,0.0009699456554928242,1.2939028013004046e-09,2.3611526111346373e-08,1.2842530961235905e-08,0.07189139834611766,4.23022533674324e-09,1.6066234810948654e-08,5.66986561959177e-08,1.221063521114518e-09,0.9253953730723362,2.3453905450507092e-06,6.657496593563926e-06,6.386924168924847e-10,1.225170254378544e-05,0.0013975238664406039,2.1872472924416733e-08,2.181480461626439e-05,1.7138358936852582e-05
38,0.0003644303323216024,7.241092026608913e-07,2.52675800022621e-06,2.1803778658313142e-07,2.7000370902793134e-06,3.5038731406302173e-12,2.1390084862728095e-09,0.0010804993938102823,2.044146993227158e-09,3.943095138118129e-08,1.8692754978129628e-08,0.08522444073242343,4.460978165862057e-09,2.479996208161751e-08,1.1577175343775834e-07,3.106125581025574e-09,0.9111587072934362,2.5017726424919012e-06,1.138482178958172e-05,9.276878508760999e-10,2.0954143367365115e-05,0.002085802422157881,3.8303052401223585e-08,2.0806630564087484e-05,2.4053835482370937e-05
39,0.00024113133201279435,5.687262647835243e-07,2.177624040266431e-06,2.1456995003242312e-07,2.6078295017044286e-06,1.9046092580978287e-12,1.2502162802960742e-09,0.0011968065014870046,1.5872315823260397e-09,2.9820043989004234e-08,1.3501011459455441e-08,0.0715929331815319,4.026868874959696e-09,1.6327661244039086e-08,6.7087170631662e-08,1.5609262673108255e-09,0.9254931735293396,2.1522126262728295e-06,8.374952327908459e-06,7.314302234855638e-10,1.5464616385260405e-05,0.0014056628720603816,2.426481768000347e-08,2.0267999887575526e-05,1.8303893301744737e-05
40,0.0002409056490432424,6.078581025872028e-07,2.059051605447907e-06,1.9047748546484668e-07,2.3805625515501355e-06,1.732689308129187e-12,1.1907450623105464e-09,0.0010870464932751804,1.496936082996425e-09,2.761834747728606e-08,1.2782350934030906e-08,0.06505919851510132,4.107202026369706e-09,1.5075608004585075e-08,6.467688152057177e-08,1.328285867583118e-09,0.9321095985419565,2.1318779248036473e-06,7.405897417650812e-06,6.722482221949373e-10,1.3243389368783828e-05,0.0014370596219055733,2.2521220107343388e-08,2.0930781470837268e-05,1.708981123316356e-05
41,0.0002852256778403054,1.4590876134300744e-06,5.049731968011202e-06,3.1769339688633355e-07,6.91725468765194e-06,4.671060918609756e-12,1.7449192565980146e-09,0.0017530153230274066,6.2370937321027364e-09,8.011897376368939e-08,1.640133483732357e-08,0.06479452957463715,8.000301656198537e-09,3.171806985646114e-08,1.753201289816691e-07,3.077889965604857e-09,0.9309504868803423,2.009464672520979e-06,1.6348212420104296e-05,1.1073599833674495e-09,2.1945195809074813e-05,0.0020973144041643212,2.546604451870673e-08,3.321345936155552e-05,3.181884327160816e-05
42,0.00019874332588139132,5.170850996260463e-07,1.5924078962516141e-06,1.3848653422225665e-07,1.907452876579818e-06,1.428092646636023e-12,1.1183357918012027e-09,0.0013599730922852803,1.5894165359795027e-09,2.949606990554709e-08,1.01737704480044e-08,0.04933309377711103,2.3567760318458863e-09,1.0710020606489845e-08,8.140231124405319e-08,1.7621824800439552e-09,0.9471460251311181,1.3340777121474624e-06,1.0904122688853095e-05,6.363786680876636e-10,1.518004101343741e-05,0.0019004932617709396,1.8761174137125652e-08,1.6012409936586343e-05,1.3927320211543398e-05
43,0.00017677002578879176,6.067358878501249e-07,1.407037802154892e-06,2.0216133564064665e-07,3.0206086814419246e-06,2.4326800315934366e-12,1.0461615626417787e-09,0.0015099583469597648,1.7763649846949249e-09,5.0662764432057497e-08,1.1122965948356011e-08,0.045124152926355215,2.761954117940779e-09,1.190614071569719e-08,8.742822992057283e-08,2.0957076715300113e-09,0.9513162826479937,1.9221702587594628e-06,1.0804608348101027e-05,6.331925925795675e-10,2.104268046165839e-05,0.001797027052529891,2.5443322692217935e-08,2.0213539126764443e-05,1.6394579232706246e-05
44,0.0002370107838632636,6.029777251725359e-07,2.048204909102244e-06,1.92774242180255e-07,2.392951934560868e-06,1.7178619287769408e-12,1.1800622646266957e-09,0.001097675593805596,1.4897824127044275e-09,2.78131891920957e-08,1.269204372555206e-08,0.06439495057656652,4.114467825403119e-09,1.491479587525818e-08,6.394136407544018e-08,1.3223275157848212e-09,0.9327958667724809,2.117409731901347e-06,7.368494192849736e-06,6.719147109623121e-10,1.3232962206017301e-05,0.0014084039537564594,2.247275595526711e-08,2.099867624888724e-05,1.69872539151665e-05
45,0.00022363690933077828,6.004332421958957e-07,2.180624880086679e-06,1.9581402207225226e-07,2.6316350839680424e-06,1.7579365565132962e-12,1.23954271852599e-09,0.0012172962557989956,1.661019067112873e-09,2.9284241890033955e-08,1.2833604753107363e-08,0.064778543196941,4.6330520339311465e-09,1.5472844949317654e-08,6.998308260707981e-08,1.4541941106085688e-09,0.9322471151623825,1.8761705364092416e-06,8.11259810533348e-06,7.389535129116297e-10,1.2850650847777554e-05,0.0014681145255895963,2.2962822172649622e-08,2.1231729850699747e-05,1.5454028272895996e-05
46,0.00420914539228985,7.546464832642001e-05,0.0004309883263679894,2.286928749594625e-05,0.0004618379777557863,7.788022519082002e-09,3.6109227615519953e-07,0.025312992948137974,9.975758156990125e-06,3.420795253006627e-05,5.24566572264744e-07,0.7786458241102483,2.1409849757227035e-07,2.0549594826295745e-05,1.4784924472113946e-05,1.924800345161092e-06,0.14221588745774907,1.3978402179563508e-05,0.007860857582338147,1.294948381779275e-07,0.0011271590780691234,0.0341569314086489,2.839072089060608e-07,4.101292208803273e-05,0.00534208648055895
47,0.0003327528226720418,5.873505509667133e-07,1.9828463807310707e-06,1.2521565693515844e-07,1.4856474501022428e-06,1.475981313809843e-12,1.3142837422130843e-09,0.0007521884602607986,1.2188102125626061e-09,1.9850847170799387e-08,1.2515192608362215e-08,0.0758909568454242,3.3421271726431046e-09,1.4034593867743226e-08,5.961062170290138e-08,1.1755067964958905e-09,0.921090782339716,2.442747246803122e-06,6.221878239821147e-06,5.846274957505045e-10,1.1456284792703938e-05,0.0018736299821090876,1.8515270727683895e-08,1.8446930050094755e-05,1.6808486092572504e-05
48,0.00025825102919446426,6.347191072732189e-07,2.450505767957184e-06,2.222386770316371e-07,2.7236673670294765e-06,2.089406675681126e-12,1.279990750595087e-09,0.0011390899299156035,1.7637460661367753e-09,3.0054607621184976e-08,1.4816461249140056e-08,0.07572612521401409,4.563867892364395e-09,1.7691013508825278e-08,6.821270317890921e-08,1.4570757891373858e-09,0.9213553270207726,2.3864624247597055e-06,7.768892027791806e-06,7.713237370513265e-10,1.4918031400588203e-05,0.001449095218555705,2.367574253204019e-08,2.1402653815615102e-05,1.94401283378433e-05
49,0.00023516397995753638,5.750351214475755e-07,2.419409953706402e-06,2.0830274058770864e-07,2.790464804196145e-06,2.1003589912636e-12,1.237237986479732e-09,0.0010484479042439595,1.5652813078054599e-09,2.665479474380925e-08,1.5119396779639686e-08,0.08554868233956406,4.821477721302542e-09,1.877832358158739e-08,6.409979459085819e-08,1.3713508253218966e-09,0.911468491667947,2.4433747074718054e-06,7.22163861351311e-06,7.960274723968072e-10,1.3774485080289856e-05,0.0016339768572539374,2.4093727930369547e-08,1.9393965313666934e-05,1.6252035185221767e-05
50,0.0003545283357143629,8.857503711047445e-07,2.900362646138536e-06,2.9842959228182206e-07,3.5633388630587984e-06,3.5113816170309202e-12,2.296868493456455e-09,0.0019877045048774388,3.13351448945304e-09,7.100249856728746e-08,1.3315787892941127e-08,0.0691723262701,5.498797040629313e-09,2.575155038259374e-08,1.0040221642914603e-07,3.741331543191379e-09,0.9261102411009321,2.324693637322783e-06,1.7528175876677468e-05,1.216942483746339e-09,1.9922536403957896e-05,0.002275969905012274,3.203013469906376e-08,2.4375381838428046e-05,2.7172820981445658e-05
51,0.0002390951402859871,6.100698354037103e-07,2.08528841076913e-06,2.0114807967427437e-07,2.2967693640505162e-06,1.6662128493640559e-12,1.2456373012251376e-09,0.0011665629288095925,1.4767683971712991e-09,2.842627750479884e-08,1.3313545143809273e-08,0.0654243186059635,4.231120154747109e-09,1.4369659958111099e-08,5.785708546473459e-08,1.2083512348411702e-09,0.9316780202845267,2.348623863947786e-06,7.010382229370468e-06,7.095471297646868e-10,1.3343383030277066e-05,0.0014256267071342992,2.1273708850287776e-08,2.2054037885415277e-05,1.6282517213697697e-05
52,0.00039849614300846507,1.0240007751917302e-06,3.6136929258058776e-06,3.162563761476145e-07,3.042636903359856e-06,5.694040694766346e-12,2.6563748843917718e-09,0.0011979431228571283,3.2651137662516436e-09,5.088881822837146e-08,2.9904504184042825e-08,0.1016724672906823,8.819025643143354e-09,2.8482355441123394e-08,8.862665565329671e-08,2.0139220096146253e-09,0.8939207648992338,6.464093109954761e-06,7.968990664468516e-06,1.7229539842423766e-09,1.9123880089229006e-05,0.002713541797490515,3.218139716919164e-08,2.9811779799031093e-05,2.5172849269802397e-05
53,0.00023389827703272224,6.018217667016589e-07,2.03821024032735e-06,1.9186375917280473e-07,2.426461337843108e-06,1.7008176342972547e-12,1.1538887317256402e-09,0.0010941818620731224,1.4717374343659511e-09,2.7722019399402148e-08,1.255167938770686e-08,0.06437208554297769,4.101274888865298e-09,1.4851670843208493e-08,6.29730077721079e-08,1.3016321946988731e-09,0.9328308489920767,2.1099635293798725e-06,7.341169957043416e-06,6.608286825189781e-10,1.3167968134804308e-05,0.001403241235467865,2.2210890371688438e-08,2.0932590846294463e-05,1.6785040469790838e-05
54,4.47934697739578e-05,2.13328984926736e-07,8.045446981413258e-07,1.504503267649114e-07,2.5054764945916073e-06,3.369699535084439e-13,2.565646018303389e-10,0.0012221003560364148,4.5621139745395364e-10,9.591792307097998e-09,8.673516179005534e-09,0.028563843912601854,2.7381225375736826e-09,3.4228456448325683e-09,1.401141834714311e-08,1.7774581904534548e-10,0.9696297399906166,1.3614748853318765e-06,3.127264716322902e-06,2.700763888801572e-10,6.659388050437016e-06,0.0005042225479358501,8.273490409302165e-09,1.775030816045942e-05,2.679614597845334e-06
55,0.0002006090196785325,5.699168007593371e-07,1.6210139045474415e-06,1.7245736194804367e-07,2.545578663214979e-06,1.6519277002938352e-12,1.0986345840247253e-09,0.0010797248188236849,1.1760497080484752e-09,2.9203018406586898e-08,1.0782565451917017e-08,0.05024662859116072,3.203485983779151e-09,1.4241898526861946e-08,7.31551302585437e-08,1.6143274743149548e-09,0.9469393570607756,1.661929688575868e-06,8.026999052586054e-06,5.506043907885294e-10,1.4362560540397275e-05,0.0014698362640167063,2.6811942573441296e-08,2.0073394110917504e-05,1.4648556112490451e-05
56,0.00023610504824421355,6.233325484050484e-07,2.1406934279042675e-06,1.9737526284471176e-07,2.445498146020697e-06,1.7695035074810058e-12,1.2237269768351016e-09,0.0010853529387217218,1.5257487076342883e-09,2.7910165371977536e-08,1.33158410578822e-08,0.06475963909460554,4.5453281435937615e-09,1.5391244205616825e-08,6.357506070200365e-08,1.2942284850351338e-09,0.9324549129893746,2.2150996827208573e-06,7.12254423137491e-06,7.052734497329653e-10,1.2862885414223359e-05,0.0013977346374952507,2.28561483925621e-08,2.1953288109801927e-05,1.6542230200536573e-05
57,0.010255967484702583,0.00016508530141364755,3.6208846027156897e-06,1.6842067471843046e-05,5.853479771515797e-07,2.9085882170711603e-11,5.715561138966903e-07,0.0019427097087712482,1.0068862072630565e-08,7.289101751231712e-07,4.4952791549527576e-07,0.008946515397068137,6.466496454041585e-08,1.893998474382915e-07,1.8082203747835615e-06,5.7296531997542944e-09,0.9666299448997668,0.00025677140975274507,5.131218784701201e-06,1.456154754662889e-08,0.00010644704341471787,0.005089570679517668,4.8047219276844555e-06,0.0019104531496169526,0.004661708016671344
58,0.00021911181742946529,5.696165548702315e-07,1.8471612733184462e-06,1.7266299526626994e-07,2.1309227682798544e-06,1.418867001749665e-12,1.083675866117583e-09,0.0010130288220699085,1.2743674810022627e-09,2.4371896760886293e-08,1.1651104366936904e-08,0.05710995607422211,3.90678955259751e-09,1.2786967462156792e-08,5.845593954079488e-08,1.1056402672752494e-09,0.9403178037938658,2.0221167491096062e-06,6.244418709240964e-06,5.886038387520635e-10,1.1912224676947835e-05,0.0012782499553095543,2.0976171225561297e-08,2.1847089431514907e-05,1.4967121369339813e-05
59,0.0002211574760419251,5.576066706179955e-07,1.9504999715556932e-06,1.730293635875071e-07,2.1077561591537473e-06,1.3471773910912428e-12,1.0770364772308295e-09,0.000999458557869861,1.2430433988166029e-09,2.3194460827778112e-08,1.159935480738519e-08,0.05807258645521446,3.96161333642253e-09,1.2786728161010635e-08,5.6168048202548903e-08,1.0621215687620812e-09,0.939428226226006,2.061181289497781e-06,5.8569654054491254e-06,5.893207784138359e-10,1.1759572022146393e-05,0.0012164311431507378,2.028748533693046e-08,2.2665448013963785e-05,1.487611226087554e-05
60,0.0002370107838632636,6.029777251725359e-07,2.048204909102244e-06,1.92774242180255e-07,2.392951934560868e-06,1.7178619287769408e-12,1.1800622646266957e-09,0.001097675593805596,1.4897824127044275e-09,2.78131891920957e-08,1.269204372555206e-08,0.06439495057656652,4.114467825403119e-09,1.491479587525818e-08,6.394136407544018e-08,1.3223275157848212e-09,0.9327958667724809,2.117409731901347e-06,7.368494192849736e-06,6.719147109623121e-10,1.3232962206017301e-05,0.0014084039537564594,2.247275595526711e-08,2.099867624888724e-05,1.69872539151665e-05
61,0.0002245655958182052,5.739045811528934e-07,2.0885533330063636e-06,1.8008764355896434e-07,2.2502800357603675e-06,1.4609957114619603e-12,1.094080496121967e-09,0.0010133704054567038,1.3394039868896668e-09,2.3827752527815012e-08,1.235925457711481e-08,0.062267438747585356,4.095230617672087e-09,1.3775182598364172e-08,5.813299284747447e-08,1.1120412501761605e-09,0.935168135997225,2.0932311205134866e-06,6.223073026620212e-06,6.241094197976075e-10,1.2246017536557499e-05,0.001263298071132822,2.0469740756627133e-08,2.19558373458595e-05,1.5443366908555578e-05
62,0.0002370107838632636,6.029777251725359e-07,2.048204909102244e-06,1.92774242180255e-07,2.392951934560868e-06,1.7178619287769408e-12,1.1800622646266957e-09,0.001097675593805596,1.4897824127044275e-09,2.78131891920957e-08,1.269204372555206e-08,0.06439495057656652,4.114467825403119e-09,1.491479587525818e-08,6.394136407544018e-08,1.3223275157848212e-09,0.9327958667724809,2.117409731901347e-06,7.368494192849736e-06,6.719147109623121e-10,1.3232962206017301e-05,0.0014084039537564594,2.247275595526711e-08,2.099867624888724e-05,1.69872539151665e-05
63,0.00023694186333575885,6.42420411602493e-07,2.025175542181142e-06,1.8509480747055072e-07,2.2794195927775462e-06,1.702013978644035e-12,1.1894688830850553e-09,0.00107445162715158,1.5192271978152033e-09,2.7574886596491957e-08,1.2983449361584366e-08,0.06065766374510912,4.150573708562221e-09,1.424242204404137e-08,6.536476664590765e-08,1.249548388565873e-09,0.9365311928314399,2.163141512199554e-06,7.105319728478529e-06,6.745680444591256e-10,1.2856396927086941e-05,0.001433780243631436,2.177974232387528e-08,2.175167254093626e-05,1.6810317914279347e-05
64,0.00022643544114715704,5.610931053638986e-07,1.9401899369404242e-06,1.8777157721340047e-07,2.2849265709584385e-06,1.6022506754089755e-12,1.148109732074958e-09,0.0011008557531886915,1.3672482012919439e-09,2.6266110973129816e-08,1.3147348692575932e-08,0.06280589004719328,3.4736299460607042e-09,1.3651691575806945e-08,6.426395846620079e-08,1.3105564618656734e-09,0.9344897075988172,2.0694016775729243e-06,7.3242050293085254e-06,6.232263173604537e-10,1.5135662574905985e-05,0.0013099886675451465,2.2269353001268103e-08,2.0827656114704904e-05,1.6644062685790507e-05
65,0.00023781779508813365,5.067289889257988e-07,2.473796888412581e-06,2.6633530741869316e-07,3.936847383850501e-06,2.9795138005947185e-12,1.2250667872596774e-09,0.0009807777359665522,1.2594929080203456e-09,3.150453427480417e-08,1.6209090471328117e-08,0.11225718040024854,4.21297875863398e-09,2.654090851071349e-08,6.330637290174372e-08,2.003399793198744e-09,0.8848584727363352,2.982114268066805e-06,8.204293036332136e-06,7.658069958350127e-10,2.085902417753e-05,0.0015890095640399575,3.3780011023351106e-08,1.7630176498992683e-05,1.9701641130140138e-05
66,0.0004633541965985476,1.0017173407823705e-06,7.376565624697956e-06,6.807649384911574e-07,6.414454615353049e-06,1.004550586992498e-11,4.844651265764937e-09,0.003773048968746709,1.0635891391731589e-08,1.49961374274733e-07,2.8474137224386e-08,0.15675450871017466,1.369124923530215e-08,5.624501804117419e-08,1.205719155739482e-07,9.226855751745801e-09,0.8357738421405241,3.8032040521287695e-06,4.073513026252195e-05,4.647197219706291e-09,3.112291389030378e-05,0.0030805216804475973,3.703985488533822e-08,2.2992822027682156e-05,4.016138256600443e-05
67,0.00031426223363142567,5.753407073730841e-07,3.900457883070272e-06,2.9556914236818246e-07,3.2437124595171123e-06,3.701785210150946e-12,2.0034924493258305e-09,0.0006970576653346931,1.4989110029276375e-09,2.4149828448588092e-08,2.1717203029567915e-08,0.1259314853432311,6.84420142620373e-09,4.43630441220701e-08,9.752925641706928e-08,2.7762025162228953e-09,0.8716263728790358,2.5929985020072373e-06,6.724618267236542e-06,1.1481740126321545e-09,1.6580381093832287e-05,0.0013526116338051777,5.437894962316835e-08,1.8238851563443442e-05,2.580190237820865e-05
68,0.00023085598803127065,6.81562812181541e-07,2.424631074124666e-06,1.9948626597621362e-07,3.109281155758471e-06,1.7473535766360369e-12,1.2248323106064946e-09,0.001371011144751737,1.9108817328296562e-09,3.507511358687153e-08,1.1239639005122697e-08,0.06144290773525906,4.781984025439362e-09,1.6789164197693203e-08,7.095033389856159e-08,1.6587649327791356e-09,0.9353839435348845,1.6558752811497697e-06,1.0064745274284718e-05,7.1695284225679e-10,1.2945627362203876e-05,0.0015015673140488415,2.1343880845732607e-08,2.206807550487089e-05,1.6399304999282778e-05
69,0.0002365236277122924,5.984858900936641e-07,2.060420240431604e-06,1.9487773908886407e-07,2.345872119559828e-06,1.6835463106807902e-12,1.1837287324950862e-09,0.0011077001015278463,1.4897465470413634e-09,2.7851922312086168e-08,1.2561316172698281e-08,0.06369766182998447,4.11670796050617e-09,1.465570082798473e-08,6.290166756892806e-08,1.3155765938758849e-09,0.933527154794123,2.1246619647694115e-06,7.284177400326663e-06,6.796713253061199e-10,1.3221155544538737e-05,0.001364543259974576,2.2190205738467875e-08,2.1252927511889225e-05,1.7184860339945316e-05
70,0.00032233981995339846,6.703692239012847e-07,3.149117673337072e-06,2.313033529766863e-07,2.8355968549260584e-06,2.471909963559394e-12,1.5700307838901518e-09,0.0009715408969926353,1.7547552164526008e-09,2.8978815411583862e-08,1.569353943898327e-08,0.09634685482814141,5.455541761338916e-09,2.544677816762748e-08,7.050313264595796e-08,1.7465612287564019e-09,0.9006705257069271,2.7396410538512543e-06,7.494539234507131e-06,8.797186295702891e-10,1.4769457832596765e-05,0.0016127244734758762,2.7672638811248783e-08,2.152637827971245e-05,2.2418167019908792e-05
