,0,1,2,3,4,5,6,7,8,9,10,11,12,13,14,15,16,17,18,19,20,21,22,23,24
0,0.0012033271630656113,1.0855056090598487e-06,1.1591805233434835e-05,5.888380423939998e-07,9.377136364816373e-06,3.143882905535483e-11,5.241942816794269e-09,0.001244172259075715,1.0802048332382387e-08,8.898702531056611e-08,3.4518286029922336e-08,0.41402838651717055,1.2050441205623368e-08,2.587367067040177e-07,2.9818855673688404e-07,2.2412955293010642e-08,0.5782505532909645,3.704166504246715e-06,4.6912397883159804e-05,3.802307095054813e-09,3.281233721397862e-05,0.005038775186446264,9.018713087614272e-08,1.0726001028028952e-05,0.00011716243655896847
1,0.0013645726871661394,1.157908801772816e-06,8.305375287400839e-06,5.501755283440719e-07,6.796500997828631e-06,2.6593384913052646e-11,5.219450115691106e-09,0.0014027088332121192,9.25321230897872e-09,1.0556096894335037e-07,2.6387491400978887e-08,0.3126231634401866,6.846112533772439e-09,1.9673794359208143e-07,3.46174476280431e-07,2.6367580334132687e-08,0.6790981127356855,3.487000669398597e-06,5.2786189121335304e-05,3.0532579064150284e-09,4.268178734084545e-05,0.005215093693930698,9.855181650703633e-08,1.1233458645980326e-05,0.00016852603452251357
2,0.0011396580958814467,1.0587017563655093e-06,5.62376539557526e-06,4.129172573074012e-07,5.664592732892487e-06,2.069424136691844e-11,3.8461733500579994e-09,0.0008764594365260757,4.966669032075909e-09,7.061007972382032e-08,2.1588333468466707e-08,0.25516327419318124,5.561450935781779e-09,1.735768721170088e-07,3.4029105690352253e-07,1.856431258133653e-08,0.7376719911848306,3.053662990233233e-06,3.13731133139649e-05,1.887765936988999e-09,3.307854960427339e-05,0.004919908295582132,1.2028389546803696e-07,1.0520358315191929e-05,0.00013716193532872767
3,0.0011600388589703655,1.0395303346286781e-06,6.3053755721353895e-06,4.551310262806625e-07,5.689379613763969e-06,1.815873180652783e-11,3.872287070657327e-09,0.001047746012564385,5.302326675265143e-09,7.138740715807097e-08,2.3025164278588278e-08,0.27854727709594246,5.98854714858849e-09,1.5721042543649042e-07,2.61520569651392e-07,1.5415849545195743e-08,0.7145762228935388,3.5738637634870115e-06,3.187984746955687e-05,2.0996267691936933e-09,3.314929308973633e-05,0.004441065224064809,9.347377224760398e-08,1.1483676932449484e-05,0.00013343450298255134
4,0.0011519431280485233,1.1005997824487087e-06,6.936298419034375e-06,4.7635017517199226e-07,6.264127755039655e-06,2.0353004613668803e-11,4.144949792716484e-09,0.0010138980248072405,5.5647695722921385e-09,7.411895616389836e-08,2.4910986445978354e-08,0.29200140615735765,7.154851796782515e-09,1.7757714319197302e-07,2.6589212313799716e-07,1.588763540154598e-08,0.7010594151988628,3.818099806740925e-06,3.1060306742491885e-05,2.2881982515786112e-09,3.23886936224615e-05,0.004550777413367361,9.954485420025414e-08,1.2036126656406367e-05,0.00012780236977566925
5,0.0010729868153008402,1.0082813232481591e-06,5.989835653699306e-06,4.829193403854587e-07,5.7212626711971516e-06,1.693647881554358e-11,3.6034780547008313e-09,0.0010462141580651358,4.68194626984136e-09,6.949636417718807e-08,2.2966310591558425e-08,0.2642216637393387,5.907336787287024e-09,1.4686804571708358e-07,2.3060556643957032e-07,1.3483283960242049e-08,0.7294433232539936,3.876425410230146e-06,2.8089279046773e-05,2.0104048940424297e-09,3.326143468319212e-05,0.003996989302700464,9.287944705661215e-08,1.2166335212104504e-05,0.00012763443814005183
6,0.0011600388589703655,1.0395303346286781e-06,6.3053755721353895e-06,4.551310262806625e-07,5.689379613763969e-06,1.815873180652783e-11,3.872287070657327e-09,0.001047746012564385,5.302326675265143e-09,7.138740715807097e-08,2.3025164278588278e-08,0.27854727709594246,5.98854714858849e-09,1.5721042543649042e-07,2.61520569651392e-07,1.5415849545195743e-08,0.7145762228935388,3.5738637634870115e-06,3.187984746955687e-05,2.0996267691936933e-09,3.314929308973633e-05,0.004441065224064809,9.347377224760398e-08,1.1483676932449484e-05,0.00013343450298255134
7,0.0013307229193954375,1.4022441484706125e-06,8.791036407605503e-06,5.106095899733202e-07,4.999028754816185e-06,1.783800856751084e-11,5.219860462954849e-09,0.0010965907030069213,7.128481003611009e-09,7.130769221557169e-08,3.2701831697980665e-08,0.2789796166782425,1.031018200514271e-08,1.5246067434185505e-07,2.3025571307211965e-07,1.1129098066966507e-08,0.7143848978723011,4.8253215147827864e-06,2.543507553121462e-05,2.98948606563142e-09,2.658919611051031e-05,0.003991031767983588,7.636486372649287e-08,1.6117462470632047e-05,0.00012787019882179383
8,0.0011572476626766745,1.08264908076027e-06,6.118674332207842e-06,5.26714270873317e-07,5.0730171207207656e-06,1.3163862049546603e-11,4.024449317862034e-09,0.0010947936536321158,3.9513960036241725e-09,7.815038968835548e-08,1.5794508340926032e-08,0.2165523559666902,5.68385028068911e-09,1.5697518373636348e-07,2.372651187198568e-07,1.6539037898747408e-08,0.7773903465940648,3.1681701540274023e-06,2.5633834268374568e-05,1.9366367366953063e-09,3.263424953154548e-05,0.003558800757323405,1.1436581375520771e-07,1.4484536863197968e-05,0.0001570988204424742
9,0.0011600934071538302,1.3257733208101553e-06,8.405774370616709e-06,5.670134319698485e-07,5.671397941611411e-06,1.2441426178099447e-11,4.184365538994061e-09,0.0011482961524459981,5.3957391463531356e-09,7.754912747578973e-08,1.888816545370698e-08,0.2191502326901451,8.526297725639825e-09,1.5234633649300196e-07,2.1361229098443343e-07,1.1833682143168953e-08,0.7752603952720547,3.6416983748263565e-06,2.315917734527726e-05,2.188213098535582e-09,2.7812617184546926e-05,0.003041205913380847,8.279658287800394e-08,1.8724848748450356e-05,0.00014989093085920595
10,0.0011600388589703655,1.0395303346286781e-06,6.3053755721353895e-06,4.551310262806625e-07,5.689379613763969e-06,1.815873180652783e-11,3.872287070657327e-09,0.001047746012564385,5.302326675265143e-09,7.138740715807097e-08,2.3025164278588278e-08,0.27854727709594246,5.98854714858849e-09,1.5721042543649042e-07,2.61520569651392e-07,1.5415849545195743e-08,0.7145762228935388,3.5738637634870115e-06,3.187984746955687e-05,2.0996267691936933e-09,3.314929308973633e-05,0.004441065224064809,9.347377224760398e-08,1.1483676932449484e-05,0.00013343450298255134
11,0.0011615695438890504,1.0598180325796515e-06,6.474062971627654e-06,4.6134253827595806e-07,5.667330380766069e-06,1.8351155660545496e-11,3.985519140431511e-09,0.0010272907265726564,5.321361331695449e-09,7.032942147636175e-08,2.3875862934690624e-08,0.28093037886486877,6.461456422439209e-09,1.604153886292978e-07,2.567531048396942e-07,1.4896071255257494e-08,0.712269730568415,3.7331053157284502e-06,3.0455089129415405e-05,2.1734269709636236e-09,3.204064041032253e-05,0.004387638282582631,9.458111760873338e-08,1.1856180919034245e-05,0.0001310056328922916
12,0.0014959134808251093,1.3647066036492319e-06,1.0126275633755289e-05,6.387724264575067e-07,5.705199684985943e-06,2.2634456761627777e-11,6.139415969503974e-09,0.0019406236047388931,1.5728411800230736e-08,1.1342550584727948e-07,3.258577081432614e-08,0.29144217101785475,7.711006093157177e-09,1.4963956080277325e-07,3.8207701359226974e-07,2.1596328430620657e-08,0.7004410215805164,3.2413853923019333e-06,6.153772756850866e-05,3.845480428735619e-09,4.350721082992758e-05,0.004334227110961266,6.954708101032936e-08,1.3084081614791472e-05,0.0002060355271399609
13,0.0010137875368480868,7.432905202415369e-07,6.2577814767605295e-06,3.6720314861252027e-07,4.814738226306054e-06,1.3618182135090048e-11,3.1952015454519984e-09,0.0008076581827078424,4.353346030002539e-09,3.9575270359295166e-08,2.657865290840476e-08,0.35833327174570195,5.340757756094879e-09,1.489001540672145e-07,2.1360893773499693e-07,1.0439543675780985e-08,0.6357775773205474,2.9025913549824745e-06,2.5871929738980357e-05,1.7774853293175734e-09,2.7191892047431102e-05,0.0038912314219191548,7.660947191125979e-08,8.137375888914547e-06,9.965659743397197e-05
14,0.0007924545944234424,7.476678150300319e-06,1.0512196312369229e-05,1.1460549446492225e-06,1.9655788781138222e-05,4.3455162957957076e-11,5.524264528205041e-09,0.0022190952992009196,1.8545494793025587e-08,5.072994313812554e-07,3.908067790063186e-08,0.12305709891741645,2.2784257788604045e-08,1.8284771089645592e-07,3.6366741332737205e-07,1.565172876940436e-08,0.8675717094193394,7.687791925383214e-06,5.1351113338244595e-05,3.911767626961171e-09,5.336112006723892e-05,0.005994064878858868,8.875903389970198e-08,4.341826389214407e-05,0.00016971976811340703
15,0.0011600388589703655,1.0395303346286781e-06,6.3053755721353895e-06,4.551310262806625e-07,5.689379613763969e-06,1.815873180652783e-11,3.872287070657327e-09,0.001047746012564385,5.302326675265143e-09,7.138740715807097e-08,2.3025164278588278e-08,0.27854727709594246,5.98854714858849e-09,1.5721042543649042e-07,2.61520569651392e-07,1.5415849545195743e-08,0.7145762228935388,3.5738637634870115e-06,3.187984746955687e-05,2.0996267691936933e-09,3.314929308973633e-05,0.004441065224064809,9.347377224760398e-08,1.1483676932449484e-05,0.00013343450298255134
16,0.0012127519506775501,1.1143093009332748e-06,6.010074330368754e-06,4.99912303096995e-07,5.595384931571849e-06,2.0422800607302144e-11,4.464644619351594e-09,0.0011467837077227731,5.254380015635109e-09,9.276543594104921e-08,2.3745518183476066e-08,0.26898671195780327,5.542882756411932e-09,1.5689806992201754e-07,2.6073754933001435e-07,1.865859473560174e-08,0.723700058159923,4.122576922384693e-06,3.402409862344692e-05,2.203456583248111e-09,4.1430207719647114e-05,0.004703446488844067,1.022562590628868e-07,1.2459772837886822e-05,0.00014431885084619173
17,0.0011497173805012576,9.32319812770675e-07,6.828723903977387e-06,5.729080143454074e-07,5.798554527418437e-06,1.7904847481010894e-11,4.062382476998654e-09,0.0009697781664232968,4.30199986737381e-09,6.349877175936436e-08,2.4222059722780595e-08,0.31476033300928646,6.511062150682415e-09,1.964845843277851e-07,2.0775884641476106e-07,1.432598085836622e-08,0.6790305460742201,4.205582084140029e-06,2.5216907167563e-05,2.255493770685981e-09,3.31804445203091e-05,0.003860666441585959,1.1282981476608713e-07,1.1406042846861808e-05,0.00014018117620450974
18,0.0011178889950060613,8.664881015329945e-07,4.566114278106503e-06,3.231253869245713e-07,3.4431329511185727e-06,1.0040140946193588e-11,2.8808252389658507e-09,0.0007120782517256295,2.9883536704861604e-09,4.753859163323642e-08,1.557562871729221e-08,0.2248834356539035,4.482884558200152e-09,1.0568954782164384e-07,1.7227712651985605e-07,8.838417606515063e-09,0.7695471720083749,3.4996908623488914e-06,1.7712964283987334e-05,1.278224672593379e-09,2.3564415626892322e-05,0.003558852784994071,7.338014153588112e-08,1.1534916794811558e-05,0.00011462651792806201
19,0.001001746921344217,1.0788193084432001e-06,8.05244189390632e-06,5.058191499203003e-07,7.214746138485411e-06,2.0133537289736655e-11,3.737072509244059e-09,0.0010977398630222402,6.243490230987719e-09,7.570474907564031e-08,2.5105090451419848e-08,0.31653797568446224,7.992097560180038e-09,1.815422611567917e-07,2.349864046144867e-07,1.3996434730072604e-08,0.6765653634556575,3.726390304815816e-06,2.9857774761929666e-05,2.5298986699153287e-09,3.0276350151308104e-05,0.004590117444792536,8.25954930558139e-08,1.1559400750888899e-05,0.00011415043513590944
20,0.0015916589346109194,1.1078823842233864e-06,8.514920200630243e-06,5.736275755943104e-07,6.009950255322141e-06,2.1792197588645022e-11,4.9350300818643576e-09,0.0009802897639435728,6.1947808793414345e-09,7.378856401310019e-08,2.7834908437806033e-08,0.3396760877136278,7.673873989114011e-09,2.0951612804081838e-07,2.428867211942887e-07,1.8289681427278515e-08,0.6538984010346471,4.225354291148851e-06,3.480169032186663e-05,2.496423240884607e-09,3.404122320179951e-05,0.0035724684182377744,9.97955063313282e-08,1.2028422554631726e-05,0.0001790976307377489
21,0.0013273653354037452,9.412182308285536e-07,8.174909530369683e-06,5.487469121921207e-07,6.1484008449585876e-06,2.367417847210358e-11,5.1760308107180755e-09,0.0009512816967507863,5.441545114065292e-09,8.003917578210237e-08,2.6257678735388134e-08,0.37768589960890997,7.738393504231728e-09,2.2546655240630133e-07,2.456163555739857e-07,2.1663714761793196e-08,0.6158509955431324,4.022825011006062e-06,3.1249207359781206e-05,2.6009216610204254e-09,3.628291524466695e-05,0.003941290626497059,1.1314488510980142e-07,1.1103782664792485e-05,0.0001439620145797574
22,0.0011367766333559345,9.556304254404507e-07,6.761692413298664e-06,4.638729164104294e-07,5.585084207035542e-06,1.886128958944851e-11,4.157833169876717e-09,0.0009732177263824537,4.744718127779115e-09,6.981340808455742e-08,2.529848111614626e-08,0.29797084226374604,5.6753403666046785e-09,1.6752157961044893e-07,2.3235504185064375e-07,1.6299665400368075e-08,0.6951763192122538,3.9982369103079485e-06,2.970848527386196e-05,2.224252149157688e-09,3.6552718343725464e-05,0.004524437013656825,9.285019884405815e-08,1.1125797799261076e-05,0.00012263467293576946
23,0.0011600388589703655,1.0395303346286781e-06,6.3053755721353895e-06,4.551310262806625e-07,5.689379613763969e-06,1.815873180652783e-11,3.872287070657327e-09,0.001047746012564385,5.302326675265143e-09,7.138740715807097e-08,2.3025164278588278e-08,0.27854727709594246,5.98854714858849e-09,1.5721042543649042e-07,2.61520569651392e-07,1.5415849545195743e-08,0.7145762228935388,3.5738637634870115e-06,3.187984746955687e-05,2.0996267691936933e-09,3.314929308973633e-05,0.004441065224064809,9.347377224760398e-08,1.1483676932449484e-05,0.00013343450298255134
24,0.0010948641329512913,1.2428924845505558e-06,7.192089310312975e-06,5.68636756225977e-07,7.1907406034755925e-06,2.1930697897327494e-11,4.08988136025581e-09,0.0011134432509861795,5.5824990907481555e-09,8.876573727768318e-08,2.5354986527881114e-08,0.28869138010539913,7.598647339074723e-09,1.9177701715035017e-07,2.420301102767255e-07,1.61533817531887e-08,0.7043477132578652,4.255760139923949e-06,3.213882795845004e-05,2.467350328770577e-09,3.504032054104579e-05,0.004515459782728625,1.0392301261576224e-07,1.2593738328377298e-05,0.00013622869939272793
25,0.0010035788798104083,7.751101295180997e-07,6.2145796935336906e-06,5.18308903150704e-07,4.838967793506918e-06,1.2673521659597364e-11,3.938999051819196e-09,0.0011346476173468747,4.119478200667264e-09,5.362964757790316e-08,2.689509145677343e-08,0.2898948325369574,6.073697015148818e-09,1.3147077281550494e-07,1.7440028095324244e-07,1.1030239710305003e-08,0.7046097998497681,3.622866787377656e-06,2.575512504863786e-05,2.159955009011662e-09,3.1037270004437714e-05,0.003172529217186493,8.340969652394143e-08,1.1346185834312495e-05,0.00010000634420451566
26,0.0010583017666187563,8.811004839752865e-07,5.092674209722055e-06,3.4596087655770413e-07,3.583788151365873e-06,9.380137893344574e-12,3.0249411492972576e-09,0.0008519616444145487,3.647988960836725e-09,4.4779161860175446e-08,1.8724167558581895e-08,0.2061653986616071,5.647276561485044e-09,9.036010066285653e-08,1.7075790361333877e-07,7.224035881252225e-09,0.7884707873560651,3.820695462787849e-06,1.7398904661683373e-05,1.5119316984157075e-09,2.217288736398574e-05,0.0032903313197878274,6.422874669346142e-08,1.4127454430800519e-05,9.538587023079724e-05
27,0.0013135048031139133,1.1942707298780593e-06,6.373774954272879e-06,4.593400346546889e-07,5.614149266896568e-06,2.299202464460231e-11,4.239281785267498e-09,0.0011739899926397725,7.159037528273734e-09,8.754377531399057e-08,2.3182369598779995e-08,0.26524544584242443,5.5927748091318574e-09,1.6081652063982146e-07,3.420271731411069e-07,1.858719810023722e-08,0.7262275744092516,3.7708673755491184e-06,3.7401250295691626e-05,2.3931171958002523e-09,3.713640676270192e-05,0.005771018623940079,9.622534583344276e-08,1.1574379121411405e-05,0.00016419410050308472
28,0.0011600388589703655,1.0395303346286781e-06,6.3053755721353895e-06,4.551310262806625e-07,5.689379613763969e-06,1.815873180652783e-11,3.872287070657327e-09,0.001047746012564385,5.302326675265143e-09,7.138740715807097e-08,2.3025164278588278e-08,0.27854727709594246,5.98854714858849e-09,1.5721042543649042e-07,2.61520569651392e-07,1.5415849545195743e-08,0.7145762228935388,3.5738637634870115e-06,3.187984746955687e-05,2.0996267691936933e-09,3.314929308973633e-05,0.004441065224064809,9.347377224760398e-08,1.1483676932449484e-05,0.00013343450298255134
29,0.0011600388589703655,1.0395303346286781e-06,6.3053755721353895e-06,4.551310262806625e-07,5.689379613763969e-06,1.815873180652783e-11,3.872287070657327e-09,0.001047746012564385,5.302326675265143e-09,7.138740715807097e-08,2.3025164278588278e-08,0.27854727709594246,5.98854714858849e-09,1.5721042543649042e-07,2.61520569651392e-07,1.5415849545195743e-08,0.7145762228935388,3.5738637634870115e-06,3.187984746955687e-05,2.0996267691936933e-09,3.314929308973633e-05,0.004441065224064809,9.347377224760398e-08,1.1483676932449484e-05,0.00013343450298255134
30,0.0011600388589703655,1.0395303346286781e-06,6.3053755721353895e-06,4.551310262806625e-07,5.689379613763969e-06,1.815873180652783e-11,3.872287070657327e-09,0.001047746012564385,5.302326675265143e-09,7.138740715807097e-08,2.3025164278588278e-08,0.27854727709594246,5.98854714858849e-09,1.5721042543649042e-07,2.61520569651392e-07,1.5415849545195743e-08,0.7145762228935388,3.5738637634870115e-06,3.187984746955687e-05,2.0996267691936933e-09,3.314929308973633e-05,0.004441065224064809,9.347377224760398e-08,1.1483676932449484e-05,0.00013343450298255134
31,0.0010531041717834404,1.0835937159676477e-06,7.311308204410244e-06,5.081524325522346e-07,6.500860870376549e-06,1.406618488700054e-11,3.4250295707214223e-09,0.0011853622643187677,4.874481625086672e-09,7.173071609660732e-08,1.9806013468831078e-08,0.25893052605799116,7.028153141140225e-09,1.5315198126639184e-07,1.9011336329325548e-07,1.2022472265113463e-08,0.7350107025505086,3.7984057955736013e-06,2.764015300992611e-05,2.0543785147466894e-09,2.9282746310595776e-05,0.0036083643204502997,7.79795577732667e-08,1.410424189789611e-05,0.00012116897249707025
32,0.0011783702957597767,1.055431886057945e-06,6.367976335007195e-06,4.552682472062134e-07,5.773954663299739e-06,1.9058427185987606e-11,3.975956076231177e-09,0.001083650554884721,5.690685411298028e-09,7.47341725901903e-08,2.325912140194398e-08,0.2770375224218263,5.901628903116662e-09,1.5930454794863903e-07,2.766146597684955e-07,1.6624000274593398e-08,0.7158129753192596,3.5034743749277467e-06,3.489102009100558e-05,2.165451972160607e-09,3.439889877535828e-05,0.004652914415172804,9.418912912033926e-08,1.1242706904884198e-05,0.00013621578340726966
33,0.0008851564036370204,1.1243628448879917e-06,4.716687932516801e-06,3.1942589327460927e-07,6.326065392579538e-06,1.4721758260278182e-11,2.9853030719589976e-09,0.0007321940854010763,2.7495292328058676e-09,5.5881293711292344e-08,1.8848318843338176e-08,0.2355429852711004,6.808534718322531e-09,1.6026580526412356e-07,1.9939819676090427e-07,1.0705639641634273e-08,0.7568585375838234,3.6712377836937925e-06,2.2582818285564774e-05,1.4973105839669026e-09,2.1137621194109695e-05,0.005837218021430634,9.950244613030174e-08,1.1591494653659545e-05,7.188026352746806e-05
34,0.0021252429189208633,1.592083403148203e-06,1.1377758368937846e-05,5.68705996899878e-07,6.473223214934386e-06,3.4829762048259225e-11,7.067633375667914e-09,0.0016470735922462895,1.8648973507146212e-08,1.2706683858831304e-07,3.148315359651615e-08,0.34331939471695333,8.39584478536649e-09,2.2177700978439771e-07,4.4910532567937904e-07,2.9936595513889005e-08,0.6460774735928553,4.071240927300733e-06,7.387570095177413e-05,3.999615595127496e-09,4.4934932957155806e-05,0.006427895563109139,8.330275332433828e-08,1.2471002547709842e-05,0.00024657414897377044
35,0.000709145511102603,9.76262253456342e-07,7.246573182178384e-06,3.9450764376912066e-07,1.3917403629199988e-05,2.9190189977446725e-11,3.4234358178095826e-09,0.00048301042276100445,2.474657785713329e-09,5.149658173904677e-08,2.673746694117812e-08,0.3332737097311757,7.812378103502382e-09,4.218745270785859e-07,5.514956509412401e-07,3.184589475440507e-08,0.6611268836589215,1.727693034161231e-06,2.5422912888847647e-05,1.4653840054039939e-09,3.49570989589449e-05,0.004232141271232551,2.917619491981011e-07,9.185078517799985e-06,7.98914575818669e-05
36,0.0012430312512185081,1.1913996550614413e-06,6.728302080123524e-06,5.201766405552255e-07,6.11152625564845e-06,2.2514556565323996e-11,4.48207554906019e-09,0.001141161462551589,6.0879817691057765e-09,8.532257439346681e-08,2.707931970024388e-08,0.2787589486799526,6.393173277041006e-09,1.707180097024545e-07,2.8897112932693105e-07,1.7365305810104724e-08,0.7137903395836469,4.221122062149848e-06,3.4192435021508956e-05,2.4396996979739014e-09,3.8583619673440876e-05,0.0048136371865532025,1.0295478120378162e-07,1.2601883981271107e-05,0.00014801953414251694
37,0.001331653858891694,1.0236636488246377e-06,6.86004351068714e-06,4.2318348952930344e-07,5.20251310623589e-06,1.6382836247521638e-11,4.047908434032952e-09,0.000903751740382284,4.639586395610564e-09,6.057277213613452e-08,2.2978274207438693e-08,0.3025509994502468,6.118538977544159e-09,1.6880667615657645e-07,2.2671044299410284e-07,1.4043192106226488e-08,0.6906972524273522,3.835795998723222e-06,2.835282060204227e-05,1.9692897298373587e-09,3.0058279454464936e-05,0.004296807411389415,8.817641550701513e-08,1.158903144257979e-05,0.00013159170100484832
38,0.0016366775317929487,1.2183789050793097e-06,7.694633187182966e-06,4.988609341402358e-07,6.3765055848891125e-06,3.586388097432673e-11,6.418618491933031e-09,0.0009573664032482717,7.2281856763783355e-09,9.878217520415768e-08,3.223541149881185e-08,0.33905778419961446,6.3539749717744084e-09,2.5208486134157045e-07,4.350026919339849e-07,3.345930383595526e-08,0.6520071816955537,3.8930962374476584e-06,4.5954500334826996e-05,2.721025007658803e-09,4.862102940658381e-05,0.006040041055570258,1.4437951684798394e-07,1.0603000746177227e-05,0.0001750704072554261
39,0.0011467607876440764,9.752868049225061e-07,6.675989921661639e-06,4.997270610275434e-07,6.17860212725841e-06,1.9854401431416083e-11,3.9913144139831715e-09,0.0011174812438712444,5.6243617045460076e-09,7.604300629185575e-08,2.3983628431530185e-08,0.3003475981531443,5.8249609032636916e-09,1.701162143181766e-07,2.663511230016307e-07,1.7750717710182698e-08,0.6928082738218545,3.5207733397954387e-06,3.551243112111529e-05,2.2425485726237113e-09,3.7558376606043675e-05,0.004338160173498274,9.745704742428288e-08,1.0805956126360938e-05,0.00013932927210230336
40,0.0011750282984783354,1.0479096719456788e-06,6.339066432400941e-06,4.4945903944007995e-07,5.663991806986001e-06,1.8289802630653703e-11,3.89565546644473e-09,0.0010363171826602488,5.328181203024774e-09,7.091721611609496e-08,2.3136187088089854e-08,0.28046440962001573,5.978649152909803e-09,1.5874550032292382e-07,2.6360258924913587e-07,1.5447354611224755e-08,0.7125746825051263,3.5853370045463364e-06,3.1993610225456825e-05,2.0973874854702305e-09,3.30673904276989e-05,0.004521622156522368,9.33134423713224e-08,1.141802676338313e-05,0.00013373296537231959
41,0.0013696485164447984,2.323120025760628e-06,1.4464886276204364e-05,7.076720515836601e-07,1.5493234228065484e-05,4.7161210132381445e-11,5.308468928542633e-09,0.0016347246138135084,1.9692455727464186e-08,1.9279705891003613e-07,2.813150968297765e-08,0.27926123078239645,1.0771213949598492e-08,3.172415776529192e-07,6.602215665355842e-07,3.501614065484833e-08,0.7107371341301053,3.364937136370718e-06,6.642946842135057e-05,3.3660908900403043e-09,5.2979956578743166e-05,0.006590438235888721,1.0585501891193537e-07,1.7055360683275427e-05,0.00023262663768671904
42,0.0010369797677945163,1.0011419372156826e-06,5.536742515825118e-06,3.537987070392336e-07,5.164937701514717e-06,1.7495335151266748e-11,3.851688749442815e-09,0.0012900567324365475,6.410294859213789e-09,8.427790327816244e-08,2.0222187523832724e-08,0.2262766131412074,3.83066915020168e-09,1.277861625044163e-07,3.6178473956229275e-07,2.2450825009983197e-08,0.7648976044522057,2.3818759921534224e-06,4.9844713244438506e-05,2.07793246891659e-09,4.091194840489341e-05,0.00626523246668902,8.307582385878858e-08,9.238895207366981e-06,0.0001183636002342098
43,0.0009188676016725177,1.1155767691145227e-06,4.486616771774534e-06,5.024039101770629e-07,7.5360961655447905e-06,2.647942587972024e-11,3.6089057400401763e-09,0.0015420847700942026,6.5713035460495266e-09,1.363167502430622e-07,2.1273264236440872e-08,0.20636785306366404,4.314519795454501e-09,1.2976121428117034e-07,3.749985360434888e-07,2.495953842529852e-08,0.7849007275753758,3.4720657309169443e-06,4.888523053287377e-05,2.062680335872005e-09,5.485181213656713e-05,0.006002186696198041,1.1217826107757882e-07,1.1950434252381291e-05,0.00013466398527303954
44,0.0011600388589703655,1.0395303346286781e-06,6.3053755721353895e-06,4.551310262806625e-07,5.689379613763969e-06,1.815873180652783e-11,3.872287070657327e-09,0.001047746012564385,5.302326675265143e-09,7.138740715807097e-08,2.3025164278588278e-08,0.27854727709594246,5.98854714858849e-09,1.5721042543649042e-07,2.61520569651392e-07,1.5415849545195743e-08,0.7145762228935388,3.5738637634870115e-06,3.187984746955687e-05,2.0996267691936933e-09,3.314929308973633e-05,0.004441065224064809,9.347377224760398e-08,1.1483676932449484e-05,0.00013343450298255134
45,0.0010939842579103633,1.0297557504232694e-06,6.6313078731733745e-06,4.5905365111203486e-07,6.2162934671418325e-06,1.8602420642157186e-11,4.0275436772274264e-09,0.0011438421241100716,5.845759641997522e-09,7.43298117845341e-08,2.3282866860977582e-08,0.2803054096419607,6.661505583402092e-09,1.6218472732115988e-07,2.8658771789946053e-07,1.681520587821701e-08,0.7126396858897134,3.181665596277983e-06,3.480430110067062e-05,2.276608709150442e-09,3.229072631939398e-05,0.004598138344103342,9.584239208996191e-08,1.1552694960193209e-05,0.00012209607074194402
46,0.005045181828013192,3.296245662436885e-05,0.0003286315664272998,1.556615124276753e-05,0.0002914403914560594,2.1548745647458156e-08,2.3728706668235135e-07,0.005230662000718332,7.177309029235741e-06,2.1587128663951213e-05,2.21206204773679e-07,0.9112639663400184,7.74171087469777e-08,5.7456185504618584e-05,1.404430406946488e-05,5.68438064534017e-06,0.03163063501685236,6.872489716207455e-06,0.0067094450871716844,1.0275962605645031e-07,0.0007814608407235091,0.026561568356333755,3.8491328416473803e-07,5.7203506157426865e-06,0.011988892684137628
47,0.001540296968487103,1.0244485423616826e-06,6.226076669849148e-06,2.9816689027721183e-07,3.658302513387712e-06,1.5753019735298587e-11,4.0979626459605175e-09,0.000695327985933038,4.4730954309803595e-09,5.20186250492536e-08,2.234278006623948e-08,0.3111115337258135,4.9403803869297965e-09,1.4805689604636116e-07,2.3332487537763474e-07,1.3252090200264373e-08,0.6808268598520992,3.914756677807153e-06,2.622137508239326e-05,1.781091371306366e-09,2.762647258601284e-05,0.0056204075418020034,7.287534915184558e-08,9.728890719618144e-06,0.00012631825728463597
48,0.001214123716522001,1.0439062406445502e-06,7.185033351875125e-06,4.99662211083428e-07,6.153078504034756e-06,2.0890013485761107e-11,4.050928599911682e-09,0.001053012726358816,5.940652000705229e-09,7.358725476874245e-08,2.5529499680418777e-08,0.31451660054592173,6.328310013424472e-09,1.7813907739415396e-07,2.67174637600012e-07,1.6359559258780047e-08,0.6785393955991416,3.847581266859042e-06,3.246190276409593e-05,2.3225789118764947e-09,3.5688748937915484e-05,0.00443246561999153,9.453602785943659e-08,1.1210500811242335e-05,0.00014563738856044958
49,0.0010718855962725613,9.345140932891252e-07,6.971713278738114e-06,4.568061682853901e-07,6.224420949760617e-06,2.074056427745611e-11,3.780443121071863e-09,0.0009304760687241302,5.221598647346865e-09,6.447474466517244e-08,2.5396748569986005e-08,0.3417422781093785,6.569431187055948e-09,1.8511846381006384e-07,2.447485302500288e-07,1.5004918468982034e-08,0.6512266821120639,3.8032040277868667e-06,2.9290230568204505e-05,2.3093364191258913e-09,3.202941854348081e-05,0.004820049576288494,9.297233140070059e-08,9.875767358439303e-06,0.00011839684499741892
50,0.0017085319319033278,1.4722208856984578e-06,8.92800434333464e-06,6.849234601988513e-07,8.349028190276049e-06,3.7964778034300766e-11,7.2091533818710245e-09,0.001750801318285518,1.0878855964030446e-08,1.7308508918284458e-07,2.4275025382451342e-08,0.3015326168799873,7.627404977451754e-09,2.738786464272834e-07,4.067007801003642e-07,4.3352345644151104e-08,0.6876991735321069,3.878542028568062e-06,7.299182488598262e-05,3.7015199019527354e-09,5.0100899855134686e-05,0.006934374631901683,1.3212284286132918e-07,1.2571266129540114e-05,0.00021444212640809278
51,0.0011696416961512338,1.0466656175445185e-06,6.326664264690784e-06,4.687010382002329e-07,5.442502867580009e-06,1.762865773722874e-11,4.0467520188032366e-09,0.0010891869921714435,5.183438932913566e-09,7.244602228561297e-08,2.3903460792231395e-08,0.2811138350145162,6.108177040503286e-09,1.509267595726063e-07,2.379863311715735e-07,1.409216300970113e-08,0.7119471851614476,3.948474088236028e-06,2.997462029781075e-05,2.166167490025069e-09,3.3387386351255815e-05,0.004458866725169746,8.919273502941584e-08,1.2052961763455523e-05,0.0001280303646191958
52,0.0017546060446620704,1.566938177449729e-06,9.704399867880904e-06,6.730097090440467e-07,6.319483685834011e-06,5.597686782072545e-11,7.902860386755338e-09,0.0010022524019668829,1.0288600817844859e-08,1.1837351495358918e-07,4.8988435666743445e-08,0.3935068477743852,1.1673318710489215e-08,2.6668861786529215e-07,3.152741939348876e-07,2.058744918670873e-08,0.595754288938073,1.0458504800186698e-05,2.945068395123681e-05,4.88122225587918e-09,4.257715203770675e-05,0.007689877917101456,1.2038450212699194e-07,1.4667314076099106e-05,0.000175784338813089
53,0.0011448625594185473,1.034652334724422e-06,6.241864485182124e-06,4.516647205925619e-07,5.742664837623135e-06,1.7900825940736602e-11,3.7865271268932655e-09,0.0010453753785827943,5.21251271634967e-09,7.092799658724487e-08,2.2719323812430047e-08,0.2783304435103288,5.952105683347448e-09,1.5590325615061582e-07,2.574924734099288e-07,1.5147847329722598e-08,0.7148266804510177,3.562386243154828e-06,3.173210675563162e-05,2.061941464492314e-09,3.295230932332544e-05,0.004427132080810683,9.246118079631562e-08,1.1453463666567608e-05,0.00013170322440848569
54,0.0002630320717277356,4.431429267521404e-07,2.815534720268895e-06,3.873782665247087e-07,6.835191616988095e-06,4.341997401782421e-12,9.93098111808564e-10,0.0012566285180447953,1.887975793908262e-09,2.9315159613620825e-08,1.7857612179284822e-08,0.141956770443469,4.601055279024283e-09,4.273520979444848e-08,7.120485853750811e-08,2.561256683131076e-09,0.8545387602748952,2.6218292553073395e-06,1.5753038254917222e-05,9.322140715313119e-10,1.955984210828921e-05,0.0018999315933225654,4.12882190886994e-08,1.1261170450935263e-05,2.498658993973725e-05
55,0.0010332399655220514,1.0641086422417128e-06,5.478592102165489e-06,4.3948015935317045e-07,6.600677166902907e-06,1.892125068991704e-11,3.7920594463908225e-09,0.001084663253159636,4.601012836992637e-09,8.119874985331215e-08,2.094614015508986e-08,0.22913506301348166,5.0712835277590785e-09,1.624341375425078e-07,3.134377906317675e-07,1.9876956695896212e-08,0.7636530400858257,2.9494080802906007e-06,3.678362613332052e-05,1.8375366097709378e-09,3.7841051365178155e-05,0.004869137895500194,1.1575034006312443e-07,1.1542927459813727e-05,0.00012142695047288028
56,0.0011540251159991993,1.0676428278814962e-06,6.518272265142333e-06,4.63146985217257e-07,5.765551055196422e-06,1.8568378913027014e-11,4.0016036998917356e-09,0.0010340442129288428,5.38211996615721e-09,7.115393958022258e-08,2.4046625367553033e-08,0.27953626061686954,6.563063983566111e-09,1.6078725866357207e-07,2.597309981467315e-07,1.501317207302883e-08,0.7136573101503764,3.7370005286567845e-06,3.0695303988962356e-05,2.1891768259575326e-09,3.2181989477726204e-05,0.004395501994022998,9.508154449940216e-08,1.1997050557403916e-05,0.00012978798404580008
57,0.05074359931407839,0.00033167430085465733,9.150125435113394e-06,4.623320274401773e-05,1.8558465696374911e-06,4.789974294688719e-10,1.5249285668832109e-06,0.0016105663409202162,3.3205660530061245e-08,2.3718900484179015e-06,7.76200555577685e-07,0.03971321823866826,8.960837112187666e-08,2.3527665367963324e-06,8.876256087774575e-06,8.065250453944098e-08,0.8387422882669965,0.0005363409176186757,2.1063378965119314e-05,3.904344452253121e-08,0.0003255126907849343,0.018751650265484796,3.617923963014105e-05,0.001063505440107406,0.048051017400368455
58,0.0011002457311952696,1.0205846124320456e-06,5.907975422087451e-06,4.2322043441323724e-07,5.2871591354656e-06,1.565667731420385e-11,3.638275749200562e-09,0.0009895715436080495,4.745427707281774e-09,6.509947590843981e-08,2.191716905227266e-08,0.25334850186450847,5.909813223414061e-09,1.395637901281345e-07,2.4599728403748703e-07,1.3235145379643966e-08,0.7402349926279359,3.512095941204502e-06,2.775014947967539e-05,1.8879201844611093e-09,3.075706378889918e-05,0.0041179242933695554,8.94714535533832e-08,1.2290913483330625e-05,0.00012122329567365472
59,0.0011079124458790819,9.96452717406816e-07,6.255362592808972e-06,4.242597625892734e-07,5.236890211802041e-06,1.4842617745746735e-11,3.6134838408374426e-09,0.0009762996140696621,4.615470938094703e-09,6.192054914175961e-08,2.1697165424921654e-08,0.2571900126853905,5.976295593708434e-09,1.4023377702368153e-07,2.3527842532341455e-07,1.2755384048857622e-08,0.7365960047979089,3.5576931887766103e-06,2.6070750346999906e-05,1.8937775767445708e-09,3.0253617120034226e-05,0.003923617249963985,8.63103937652142e-08,1.266625270439071e-05,0.00012011761857776405
60,0.0011600388589703655,1.0395303346286781e-06,6.3053755721353895e-06,4.551310262806625e-07,5.689379613763969e-06,1.815873180652783e-11,3.872287070657327e-09,0.001047746012564385,5.302326675265143e-09,7.138740715807097e-08,2.3025164278588278e-08,0.27854727709594246,5.98854714858849e-09,1.5721042543649042e-07,2.61520569651392e-07,1.5415849545195743e-08,0.7145762228935388,3.5738637634870115e-06,3.187984746955687e-05,2.0996267691936933e-09,3.314929308973633e-05,0.004441065224064809,9.347377224760398e-08,1.1483676932449484e-05,0.00013343450298255134
61,0.0011100584203256672,9.981911136499153e-07,6.506061882025138e-06,4.2933677269383645e-07,5.403305919978362e-06,1.5612066251892183e-11,3.6364712136712304e-09,0.0009794276833203083,4.816730423821465e-09,6.188663448151854e-08,2.257967215335384e-08,0.2721825384620398,6.008250347326774e-09,1.4722890811906307e-07,2.4000173905564264e-07,1.318153077590572e-08,0.7214757831365185,3.5531387029552917e-06,2.7351341279572974e-05,1.979312266770592e-09,3.095229532731423e-05,0.00404193464246229,8.590272774757063e-08,1.2059681339921336e-05,0.0001224170654065983
62,0.0011600388589703655,1.0395303346286781e-06,6.3053755721353895e-06,4.551310262806625e-07,5.689379613763969e-06,1.815873180652783e-11,3.872287070657327e-09,0.001047746012564385,5.302326675265143e-09,7.138740715807097e-08,2.3025164278588278e-08,0.27854727709594246,5.98854714858849e-09,1.5721042543649042e-07,2.61520569651392e-07,1.5415849545195743e-08,0.7145762228935388,3.5738637634870115e-06,3.187984746955687e-05,2.0996267691936933e-09,3.314929308973633e-05,0.004441065224064809,9.347377224760398e-08,1.1483676932449484e-05,0.00013343450298255134
63,0.0011756956269517757,1.1168475195747836e-06,6.281150334766661e-06,4.4210575253306396e-07,5.4718027322627115e-06,1.8215005869715585e-11,3.9483036802245725e-09,0.001035933888377334,5.457738899293916e-09,7.142385253877805e-08,2.3873775193196076e-08,0.26618785431729003,6.0991335059733194e-09,1.51542849480255e-07,2.712158428392582e-07,1.4731621976531602e-08,0.7268115217967519,3.70933411719485e-06,3.103940911114553e-05,2.1260728059034304e-09,3.270896925981396e-05,0.004561353114342016,9.20909087177998e-08,1.206597168770871e-05,0.0001341631374571229
64,0.0011038207095666866,9.983003420599987e-07,6.065507886359634e-06,4.5203315536634097e-07,5.612203587502568e-06,1.7246919545656878e-11,3.730523151119503e-09,0.0010563219071450846,5.014947314026033e-09,6.943878205722853e-08,2.4125013657074324e-08,0.26934589537426157,5.224294840955549e-09,1.4488500749209003e-07,2.623327219476507e-07,1.508734997607737e-08,0.7241420111000898,3.5065402296882947e-06,3.1691745418172824e-05,1.9402740978477857e-09,3.7756626859238016e-05,0.004123571029921388,9.214453469942692e-08,1.1543140544057865e-05,0.00013012984029719341
65,0.0009804803308283887,7.863663892673443e-07,6.718837376159882e-06,5.603892799491704e-07,8.52972642532144e-06,2.7666430440499636e-11,3.3502104880451547e-09,0.0008098852036329511,4.0047509659874815e-09,7.339753121171551e-08,2.5271690039374264e-08,0.40468523550355995,5.537697772895577e-09,2.4240865319324733e-07,2.1751159319945003e-07,1.958924926973101e-08,0.5890511316912465,4.2955819212238166e-06,3.0140498584360273e-05,2.0316206729181616e-09,4.4008520926298506e-05,0.004238896856556067,1.18209648565623e-07,8.40779703715237e-06,0.0001302113559245251
66,0.0016409961455816698,1.3073688690459882e-06,1.626037526449672e-05,1.1487203885428617e-06,1.2078743167912111e-05,8.244245306700016e-11,1.0935107147906934e-08,0.002416858099015951,2.596281317356009e-08,2.8920388075290966e-07,3.7191166977129855e-08,0.5058699930831029,1.453095898180956e-08,4.5032878319414224e-07,3.733147747268459e-07,8.186254138204362e-08,0.4824081637783038,4.7173867182003794e-06,0.0001292956974319982,9.80406969112333e-09,5.864699187797151e-05,0.0071983205869327474,1.1897018176529965e-07,9.099196615517531e-06,0.00023170164000893488
67,0.0012740057546084668,8.610601088430649e-07,1.0371782225169159e-05,5.880273450627115e-07,6.858198860842982e-06,3.4187410390179975e-11,5.302917102638047e-09,0.0005284061110422067,4.598246770639573e-09,5.4057002635958577e-08,3.238790601008062e-08,0.4406338336735835,8.496421809651945e-09,4.0557688682954764e-07,3.318424015946672e-07,2.7319453599411544e-08,0.5538102578183668,3.5706960291814834e-06,2.394622495712898e-05,2.862231699440059e-09,3.458323742982024e-05,0.0034945898159716715,1.8644132684970328e-07,8.291083549077595e-06,0.00016877759694002993
68,0.0011433707321045921,1.1653985622344443e-06,7.461923273061712e-06,4.73090629052483e-07,7.370839301119356e-06,1.8411340866453606e-11,4.038826243876058e-09,0.0013217948319912164,6.667963602050295e-09,8.942517045742559e-08,2.031798575164747e-08,0.2694530447512457,6.904055487073459e-09,1.7838754611801383e-07,2.8902158179624135e-07,1.9511107657004133e-08,0.7230427455420938,2.8295398811246586e-06,4.354636214424861e-05,2.26262414639421e-09,3.2608732637027e-05,0.0048014160181286385,9.010637678218547e-08,1.2076660174914024e-05,0.00012938891618385353
69,0.0011628182998978537,1.0369880006304586e-06,6.41752739462052e-06,4.6297531150874e-07,5.621007587241643e-06,1.7964098112381833e-11,3.907327143967243e-09,0.0010593837383216776,5.350026607937837e-09,7.191279758851264e-08,2.292476546242112e-08,0.2770989438256923,6.022867558222934e-09,1.5622585961818895e-07,2.584644415588515e-07,1.548429268659109e-08,0.7161256147338846,3.592672714868023e-06,3.171686073142205e-05,2.1410222065391605e-09,3.3292499223540076e-05,0.00432309577531343,9.256580495701446e-08,1.1625703740426293e-05,0.00013574237501627737
70,0.0014125396147665972,1.023985157485196e-06,8.612354153453013e-06,4.90155009816839e-07,6.0309379734482665e-06,2.297629028476346e-11,4.6050564141900025e-09,0.0008417917687309699,5.463819299742276e-09,6.616222421844123e-08,2.504963801100796e-08,0.3724883684364488,7.025198645037344e-09,2.4010913452939414e-07,2.561019835486506e-07,1.8254066001256524e-08,0.6204286668716485,4.122984100184701e-06,2.9102010801992283e-05,2.4582537632309332e-09,3.302329028356068e-05,0.004577783140314885,1.036697092125728e-07,1.0545595885487934e-05,0.00015716993266487163
71,0.001199952617187168,9.452784590498523e-07,6.747681811320666e-06,4.728944384908463e-07,5.06027986132014e-06,1.6900398615342124e-11,4.305621748308704e-09,0.0010226929322251135,5.070720667455929e-09,6.49073731747866e-08,2.4775270717302822e-08,0.2898874220689159,6.121210646985211e-09,1.5904120536849766e-07,2.3814022258898708e-07,1.535715790388658e-08,0.7036355504809849,3.6274488306735683e-06,2.9846534670906475e-05,2.255477710806948e-09,3.279292213572797e-05,0.004034636737277454,9.321597844858243e-08,1.130702754891264e-05,0.00012833188851368253
