,0,1,2,3,4,5,6,7,8,9,10,11,12,13,14,15,16,17,18,19,20,21,22,23,24
0,0.0004758433757793019,0.00010295579870922622,2.8257597252532157e-08,1.100153183397293e-06,7.242962540691259e-08,4.940685194652079e-07,0.0002457883626882337,0.0001417737492829736,5.3716534075641e-06,5.372103233112219e-09,0.0001557000342711161,0.989443956444055,2.744269565702449e-06,2.427264793784532e-07,4.639124556874652e-05,0.004976398765157919,0.00040776081646667206,1.8705589967491e-07,2.825160484245228e-05,1.5417555414646684e-10,1.0068239248969712e-08,0.003450218936700997,3.077682940364581e-09,2.7176289717073455e-07,0.0005144298171014598
1,0.0005898730272242211,0.0001648725355613835,4.970830848938385e-08,1.6082734929069932e-06,9.217731524091569e-08,2.4534522732692196e-06,0.0004942391492648394,0.00033010480191865833,5.0744369454701405e-05,3.67580883151149e-08,0.00023733825283260308,0.974919841855244,6.193398232452129e-06,9.870561869934391e-07,0.00015227363537565158,0.008937483468814676,0.0002067113900405635,4.854191887078383e-07,9.936993106123174e-05,5.811289029975102e-10,1.7883019170356135e-08,0.012416189939585579,6.332439293700977e-09,5.502574078636565e-07,0.0013884763465403763
2,0.00045905481445803256,0.00015648905695962248,3.5008600456465186e-08,1.133687151206832e-06,9.431744762897648e-08,1.548362666104086e-06,0.00032230074759272907,0.0002696369456670666,3.856363171486829e-05,2.397320436086222e-08,0.0002543445342080929,0.9794135818873976,4.060784911591667e-06,1.1492243250211193e-06,0.00015514863480090563,0.00515279799285771,0.00017856158087335274,2.858739525379622e-07,5.4724920023371086e-05,4.492319281678833e-10,1.269171804903925e-08,0.012057874054228267,4.414201778656876e-09,3.7449770705702e-07,0.0014781979141005235
3,0.0006077177775766436,0.00015935961679692314,3.6895627464961305e-08,1.3066985602222627e-06,8.512156346815043e-08,1.7549675613108745e-06,0.00036427649846914597,0.00026759718882632974,3.250442144240789e-05,2.1999827179386473e-08,0.00026627798651286607,0.9792672860647752,4.826299172297223e-06,8.361442031041471e-07,0.00013113464421341648,0.005530894467441687,0.00021943150128844806,3.464195630221089e-07,6.571693201772644e-05,3.8193487618989843e-10,1.3938002921315227e-08,0.0119046647617078,4.941462674954122e-09,3.8640300306501984e-07,0.001173517928449833
4,0.0006060918267797376,0.0001681949180230118,3.932797444568401e-08,1.3186837448087046e-06,9.161695775147221e-08,1.5857168011500447e-06,0.0003771822723639029,0.0002650224026619083,3.505032399425502e-05,2.2983420983666945e-08,0.0002714840719003931,0.9791227420185378,5.563886108370324e-06,9.752258262695846e-07,0.00012244298033513398,0.005148480233448312,0.00020763263707595313,3.747389353244914e-07,6.746704043149602e-05,4.288202839524893e-10,1.573340588283345e-08,0.012423934187252673,4.877650489584186e-09,4.245675161669286e-07,0.001173857300033682
5,0.0007368001605005858,0.00017651664504465207,4.850316064100536e-08,1.9313790927639625e-06,1.0990464128076634e-07,2.0644605707769827e-06,0.0004255675542071842,0.0003090970261283725,3.87313348128164e-05,2.9152942835794284e-08,0.00029216012358431446,0.9789601558729096,6.250824083271098e-06,1.053729320576905e-06,0.0001232795227719312,0.006121730827885362,0.00025098835086325246,6.003112128083696e-07,7.980499931787401e-05,5.31117944949456e-10,1.9002143934226333e-08,0.01139179106260885,7.395376501069367e-09,5.204633618039723e-07,0.0010807408623401127
6,0.0006077177775766436,0.00015935961679692314,3.6895627464961305e-08,1.3066985602222627e-06,8.512156346815043e-08,1.7549675613108745e-06,0.00036427649846914597,0.00026759718882632974,3.250442144240789e-05,2.1999827179386473e-08,0.00026627798651286607,0.9792672860647752,4.826299172297223e-06,8.361442031041471e-07,0.00013113464421341648,0.005530894467441687,0.00021943150128844806,3.464195630221089e-07,6.571693201772644e-05,3.8193487618989843e-10,1.3938002921315227e-08,0.0119046647617078,4.941462674954122e-09,3.8640300306501984e-07,0.001173517928449833
7,0.001479549204093729,0.0001565988574214196,4.5671337110433824e-08,1.34025031177983e-06,7.391410758775757e-08,1.6188991951397056e-06,0.00045586751453343446,0.00035052372836140016,2.443196966135682e-05,1.7161586063015945e-08,0.0004519919009502187,0.9740695828564743,1.080521968451917e-05,5.403502737882843e-07,0.00011930647740562726,0.00414973470250209,0.00019475550728326508,4.6477972908014957e-07,7.964350566141005e-05,3.552972567981464e-10,1.4708520018486557e-08,0.017772606584020526,3.0092473284659365e-09,2.9117551993959e-07,0.0006801916968216042
8,0.0007231425672194555,0.0001737984707491673,6.914154872777984e-08,1.4684986698645843e-06,9.109813310778949e-08,1.4769940848804983e-06,0.00018391736806082045,0.00016937336778117453,3.319739291472647e-05,3.037898741104221e-08,0.00018732102039595113,0.9820936795353877,4.0450020672697124e-06,1.0660957184435613e-06,0.00012007950235369169,0.006507413002649187,0.0002892982449731219,2.668633303737917e-07,3.2406342837695835e-05,4.656317287474843e-10,1.0275060993181003e-08,0.007683443052050277,7.505069858294886e-09,7.858796201787883e-07,0.0017936119347042986
9,0.0004783335799148295,0.0002586380243239906,8.079816879718705e-08,1.738431345026104e-06,9.151517514353081e-08,1.648452267076596e-06,0.000233103852810464,0.00024818355173178566,4.709540407663228e-05,6.155957416157924e-08,0.000168083730436483,0.9755818134464087,4.904106395029835e-06,1.8160138229385445e-06,0.00014352818109702808,0.010969302856535478,0.00030260313619971175,3.7477800758221254e-07,5.624430053818246e-05,8.008594085635374e-10,1.528319698111044e-08,0.00915414659933748,8.499502147955086e-09,9.31692860236749e-07,0.002347251405414587
10,0.0006077177775766436,0.00015935961679692314,3.6895627464961305e-08,1.3066985602222627e-06,8.512156346815043e-08,1.7549675613108745e-06,0.00036427649846914597,0.00026759718882632974,3.250442144240789e-05,2.1999827179386473e-08,0.00026627798651286607,0.9792672860647752,4.826299172297223e-06,8.361442031041471e-07,0.00013113464421341648,0.005530894467441687,0.00021943150128844806,3.464195630221089e-07,6.571693201772644e-05,3.8193487618989843e-10,1.3938002921315227e-08,0.0119046647617078,4.941462674954122e-09,3.8640300306501984e-07,0.001173517928449833
11,0.0006248571772991043,0.00015519251234031214,3.685323240669954e-08,1.3046951579685808e-06,8.65919107333976e-08,1.634629950694131e-06,0.00037458955890494315,0.0002549066972379881,3.2219859705826294e-05,2.0699940164914612e-08,0.00026609991630892517,0.9793592464798795,5.361120136747689e-06,8.096663593859154e-07,0.0001259218587832297,0.005349093031588718,0.00020957350192929783,3.48646772896301e-07,6.656672026061974e-05,3.9641617678910857e-10,1.4292935550270112e-08,0.012049038779343145,4.75481768639788e-09,4.1473430337356625e-07,0.0011226568244847206
12,0.0007185760206903923,0.00019990924846782874,2.9062738405611073e-08,2.333576064609488e-06,4.2040690486994174e-08,2.0664790273722243e-06,0.000530193792577019,0.00043441737339173115,3.09225160241893e-05,2.823443895325789e-08,0.0002487989008629566,0.9706192672899697,7.976904810771503e-06,5.387634114989335e-07,0.00020439054290472152,0.009418750030867031,0.00018359638990706492,4.860715829664351e-07,0.00019391957124082282,3.142177799748769e-10,1.2948143107868776e-08,0.01636944387328607,4.008136213710956e-09,2.9537940620900814e-07,0.0008340006671419082
13,0.000321897638344661,8.030789227159681e-05,1.1636534898879846e-08,3.17775205671893e-07,5.3707439454851124e-08,3.487968572569592e-07,0.00015740087592574652,0.00017857402110900802,1.207729514143134e-05,4.0016468425420155e-09,0.0003462696212420305,0.9859031857084952,2.148139845596802e-06,6.642344103775088e-07,8.087072361068261e-05,0.0012107085923586756,8.335498621077427e-05,9.165876635605924e-08,2.015140198811826e-05,1.231588948802565e-10,6.417449075374532e-09,0.01074638061538044,8.547163457118677e-10,1.0101735052953901e-07,0.0008550722645403009
14,0.0006549940132692349,0.00023066421676396935,3.9221962406293706e-08,1.6289988415759868e-06,1.1683886562715617e-07,1.5443090075959814e-06,0.00038002807882125137,0.000276196639842447,3.019477755099363e-05,2.4211575069668637e-08,0.0003375314032558084,0.978634925370688,6.235919206330388e-06,9.907427775261707e-07,0.00011480764398835232,0.004819070841037671,0.0002674093435893081,4.4872103122674505e-07,8.292786164242375e-05,4.119217412301167e-10,1.990187816977384e-08,0.013134366410224814,5.092051769530996e-09,4.229940727374059e-07,0.0010254060361339905
15,0.0006077177775766436,0.00015935961679692314,3.6895627464961305e-08,1.3066985602222627e-06,8.512156346815043e-08,1.7549675613108745e-06,0.00036427649846914597,0.00026759718882632974,3.250442144240789e-05,2.1999827179386473e-08,0.00026627798651286607,0.9792672860647752,4.826299172297223e-06,8.361442031041471e-07,0.00013113464421341648,0.005530894467441687,0.00021943150128844806,3.464195630221089e-07,6.571693201772644e-05,3.8193487618989843e-10,1.3938002921315227e-08,0.0119046647617078,4.941462674954122e-09,3.8640300306501984e-07,0.001173517928449833
16,0.0006289273203389157,0.00016589797672644197,3.9826179830619834e-08,1.408749106430741e-06,9.061331694850632e-08,1.9197214656815725e-06,0.0003856002467671319,0.000273420593186732,3.4698097224920435e-05,2.3908991082841003e-08,0.0002695799072406267,0.9787026269486292,5.098869430878719e-06,8.543120515701274e-07,0.00013422125288894415,0.005945337753396741,0.00023280429337588847,3.7096115387693436e-07,6.95097387758616e-05,4.1621511206696204e-10,1.4850793592243328e-08,0.011940301624816962,5.507498164355587e-09,4.2723858338045406e-07,0.0012068192718451612
17,0.0006091237858999926,0.00010997986957218688,3.4729013482577123e-08,7.962107644053972e-07,1.095127751122509e-07,9.441332709055354e-07,0.00035165365812998703,0.00017560145466072566,2.662360445297277e-05,1.015504381290679e-08,0.00029452919502215313,0.9858748746199139,4.627371117357861e-06,9.39646288790288e-07,5.472095655678414e-05,0.00242261725637615,0.00018302869070660713,3.354715652015241e-07,3.4748318187504895e-05,3.0207856085986867e-10,1.8094316157297153e-08,0.008975164868006733,4.182423209416364e-09,4.000250641702179e-07,0.0008791138887931254
18,0.0002690979698516965,0.00011205391557080435,2.8179058576981545e-08,5.303531406165607e-07,5.1348672762599585e-08,9.417413501188978e-07,0.0002544852254049727,0.00014539631386533588,2.2123782736822167e-05,1.416714378760245e-08,0.00014853104880640846,0.984352540737776,2.3253686622754804e-06,8.603627845503252e-07,9.56161197877245e-05,0.005537177033879051,0.00019931041729724593,1.6510932715404112e-07,3.6865841864534336e-05,2.854922950673888e-10,1.1276905196901277e-08,0.007043397944169083,3.864212940845788e-09,3.5506947283070586e-07,0.0017781165227673224
19,0.00041022045640857954,0.00019246284763436278,2.9419895638294606e-08,1.9138040139646306e-06,9.988132392882007e-08,2.325271952217314e-06,0.0003571357853245507,0.00023109167146977814,4.522953366148503e-05,3.030413606215995e-08,0.00017855387319001842,0.9779740167829896,4.489317132989196e-06,8.195508374121347e-07,0.00016690698291917883,0.005970700802693624,0.00017951386283555017,2.5616728462370714e-07,6.726840287421232e-05,4.1872858886311106e-10,8.933043120258408e-09,0.013021752632670535,4.698706472428804e-09,4.0534339966831503e-07,0.0011947632548738154
20,0.0005944345984987198,0.00020807786444780935,2.8352540126874707e-08,1.405919555297311e-06,8.845409498024713e-08,1.8686709759812346e-06,0.0003717995315243547,0.0003588484648222859,4.083991511603161e-05,2.6200448704770703e-08,0.0003454140468653945,0.9684509239145193,6.217801041374815e-06,1.092015352898174e-06,0.00019125724983692455,0.004476508765347896,0.00018027878444380383,3.177701669480168e-07,8.693907599979378e-05,4.294262855244509e-10,1.3729896846850347e-08,0.023491249943964176,3.5787615226110158e-09,3.0007296191887935e-07,0.0011920648493905905
21,0.0005903236349537886,0.0001301030429297666,4.1854147529662225e-08,1.0418219400363797e-06,7.324573847243958e-08,1.1037569736741616e-06,0.00030461013353790504,0.0002210694842911538,2.4715676941518696e-05,1.7177284707651045e-08,0.00021829453955526929,0.9839182087379841,4.504907280732433e-06,8.214290099255595e-07,8.183861735031228e-05,0.005157381192647931,0.00020677757242822293,3.5522362243376995e-07,4.509402339650408e-05,3.574399946323886e-10,1.3783155720780261e-08,0.00805747224839525,4.4279327611189205e-09,4.096314924671057e-07,0.0010357234795697783
22,0.0011216899232883346,0.00021166001540880963,7.169222443207531e-08,1.7125715289537915e-06,1.0194512225458188e-07,2.3823910274347786e-06,0.0003716374305662262,0.0004989706707587718,2.5858738400916263e-05,3.7692835825671685e-08,0.0004216277426458539,0.9734510822618848,6.690503149085837e-06,1.1615455322624688e-06,0.00011185717073637495,0.006934429871556026,0.00047915970291139044,7.671137045956197e-07,8.413300860075906e-05,5.408080748785505e-10,2.8497168352199943e-08,0.015212884732820274,8.07768117076934e-09,3.866944045163591e-07,0.0010616594652346943
23,0.0006077177775766436,0.00015935961679692314,3.6895627464961305e-08,1.3066985602222627e-06,8.512156346815043e-08,1.7549675613108745e-06,0.00036427649846914597,0.00026759718882632974,3.250442144240789e-05,2.1999827179386473e-08,0.00026627798651286607,0.9792672860647752,4.826299172297223e-06,8.361442031041471e-07,0.00013113464421341648,0.005530894467441687,0.00021943150128844806,3.464195630221089e-07,6.571693201772644e-05,3.8193487618989843e-10,1.3938002921315227e-08,0.0119046647617078,4.941462674954122e-09,3.8640300306501984e-07,0.001173517928449833
24,0.0005265241875583134,0.00026930021178601883,3.5496189488284384e-08,2.480347018355853e-06,9.854883341891161e-08,1.815446242504619e-06,0.000406159495625608,0.00032513378226328385,3.560526564724299e-05,3.4029097723089006e-08,0.0002524106574687012,0.9760696898623052,5.8197708528804225e-06,1.125565420134102e-06,0.00015965260889888174,0.006698594101066294,0.0002801596242008052,4.833222583917211e-07,0.00011476564030107746,4.417987029467657e-10,1.7812350746608106e-08,0.013712945429617079,6.4930070054835444e-09,4.320279518919208e-07,0.0011367098322402009
25,0.0005286543326975016,7.484546372902287e-05,2.699050005729637e-08,7.278363802546251e-07,8.745761883623964e-08,8.143283961251155e-07,0.00038715868953887464,0.0004009503551186184,1.5087244506512925e-05,7.784144175808762e-09,0.0003742213509503369,0.9868363944518713,3.7480811968498935e-06,7.255581389770973e-07,4.662604646919931e-05,0.0026951004877275426,0.00015894662842922444,4.7315139703598467e-07,3.457178381162047e-05,2.955906824966313e-10,1.7297931166014452e-08,0.007895069841833269,2.7911001569732455e-09,1.7362038915527035e-07,0.0005455681305335975
26,0.001230780276858505,0.00017185781638997142,9.970486947539263e-08,2.4336875523892644e-06,1.6883042745337653e-07,2.8613232710803363e-06,0.00044888246935574633,0.00023406469045909254,6.827687542453275e-05,3.883626127737931e-08,0.0002813405057523004,0.9803830892277594,7.622790751910125e-06,1.3505424990812738e-06,9.708949729732248e-05,0.0069406547849302485,0.0003050283115932192,9.18907704458352e-07,6.263439219024347e-05,7.856801250928368e-10,2.4872917326413653e-08,0.008392506950655727,1.6985360747859943e-08,1.3723859499240161e-06,0.0013668845480883888
27,0.0005535668313151826,0.00015879179514340875,2.775963232403566e-08,1.3430901977203134e-06,8.739129787177585e-08,2.3143300969430297e-06,0.0003786729991961147,0.0002794560012544516,5.313263190748375e-05,2.4710802110193932e-08,0.00026260036835232725,0.973320761730836,5.122452562121594e-06,8.322801103154464e-07,0.00018832289950033743,0.0051022177348183755,0.00013829099578325946,2.7062231521600495e-07,7.614295046652003e-05,3.9331980585161517e-10,1.0308523989709607e-08,0.018175047107588382,3.896278049403089e-09,3.873604426851455e-07,0.0013025713582591498
28,0.0006077177775766436,0.00015935961679692314,3.6895627464961305e-08,1.3066985602222627e-06,8.512156346815043e-08,1.7549675613108745e-06,0.00036427649846914597,0.00026759718882632974,3.250442144240789e-05,2.1999827179386473e-08,0.00026627798651286607,0.9792672860647752,4.826299172297223e-06,8.361442031041471e-07,0.00013113464421341648,0.005530894467441687,0.00021943150128844806,3.464195630221089e-07,6.571693201772644e-05,3.8193487618989843e-10,1.3938002921315227e-08,0.0119046647617078,4.941462674954122e-09,3.8640300306501984e-07,0.001173517928449833
29,0.0006077177775766436,0.00015935961679692314,3.6895627464961305e-08,1.3066985602222627e-06,8.512156346815043e-08,1.7549675613108745e-06,0.00036427649846914597,0.00026759718882632974,3.250442144240789e-05,2.1999827179386473e-08,0.00026627798651286607,0.9792672860647752,4.826299172297223e-06,8.361442031041471e-07,0.00013113464421341648,0.005530894467441687,0.00021943150128844806,3.464195630221089e-07,6.571693201772644e-05,3.8193487618989843e-10,1.3938002921315227e-08,0.0119046647617078,4.941462674954122e-09,3.8640300306501984e-07,0.001173517928449833
30,0.0006077177775766436,0.00015935961679692314,3.6895627464961305e-08,1.3066985602222627e-06,8.512156346815043e-08,1.7549675613108745e-06,0.00036427649846914597,0.00026759718882632974,3.250442144240789e-05,2.1999827179386473e-08,0.00026627798651286607,0.9792672860647752,4.826299172297223e-06,8.361442031041471e-07,0.00013113464421341648,0.005530894467441687,0.00021943150128844806,3.464195630221089e-07,6.571693201772644e-05,3.8193487618989843e-10,1.3938002921315227e-08,0.0119046647617078,4.941462674954122e-09,3.8640300306501984e-07,0.001173517928449833
31,0.0008248641719560674,0.00015807018536150776,5.4288095111297876e-08,1.1501731829841652e-06,6.135591567682617e-08,1.3789743344854101e-06,0.00032759923255977074,0.0004304567808985013,2.176048094401419e-05,2.351736580941691e-08,0.0002633111614815831,0.979318962229422,4.908575089489314e-06,8.560382238772083e-07,8.150310926307761e-05,0.006803027246612067,0.00028327576183853615,4.956490133219666e-07,5.593015324469669e-05,3.671939082718496e-10,1.7464195827398263e-08,0.010445112820334045,4.82501995675592e-09,3.1784597268975947e-07,0.0009768575924809578
32,0.0006047861266570256,0.00016916043816752753,3.670601375058702e-08,1.4825858770453022e-06,8.823532940448802e-08,1.917627099584582e-06,0.0004033344194764205,0.0002844959288564044,3.4544347036799064e-05,2.4287615621909403e-08,0.0002749822912115776,0.9773793826854694,5.3132166599247565e-06,8.428496646547826e-07,0.00015188025631144892,0.006177504894730108,0.0002305353993244163,3.7452890373613145e-07,8.410251945186323e-05,4.1147866201816796e-10,1.5569763859997e-08,0.012988292028433284,5.3530298522354015e-09,4.1319826519841363e-07,0.0012064840951726394
33,0.0005383053110543902,0.00010931330304491195,1.9664395390928956e-08,9.403674281003019e-07,5.273873311141127e-08,6.98030118696163e-07,0.00031066406230866956,0.00022009759383866844,1.0744944645775681e-05,7.342508211653729e-09,0.00024448913087753106,0.9846976038661225,4.657549285084403e-06,3.851653717704385e-07,5.777231398712023e-05,0.003794940760604559,0.00021227399729855674,2.855262133773753e-07,5.2528229480435484e-05,1.8911856568058105e-10,1.1780161319462894e-08,0.009220883513515521,2.350029641798858e-09,2.2234844152250997e-07,0.000523099921416521
34,0.004365570461692266,0.00010499395881912408,6.630613471989356e-08,2.4471430062901378e-06,1.7234351781258745e-07,2.442676748206207e-06,0.0007371271908765171,0.0003982154521400193,5.3112940373790754e-05,1.4802921257720278e-08,0.0009298501428977415,0.9705196522853085,1.552551187204736e-05,5.89049686170966e-07,0.00020346798625637966,0.0035730584057661907,0.00017443226101789943,1.214810764115936e-06,0.00015071418597569416,3.8797055219070154e-10,2.8412630869198164e-08,0.018062356962974663,7.053565139590077e-09,6.149903805988676e-07,0.0007043242767033644
35,0.000149966442699368,0.00043103831185158336,4.434356224057862e-08,2.128212104515599e-06,4.876807345190199e-07,1.695978584519234e-06,0.00031130088093407333,0.00013086902043266772,5.0017761543722315e-05,3.707550738791285e-08,0.0004214234794239462,0.9792059058189367,2.6334504285782076e-06,4.889814366975309e-06,0.0006536745333519768,0.0030528394061578546,0.00041776785536632485,1.0761916493775259e-07,4.929764514871392e-05,1.0172686481964108e-09,2.42516170059379e-08,0.009333776791184484,1.3066101427676769e-08,6.314745869464399e-07,0.005779428068940974
36,0.0011858290778543664,9.889569834487837e-05,1.2430944676516365e-07,1.0468839827672452e-06,1.2853585469901154e-06,1.931685873325707e-06,0.0004776556605360703,4.915822709958048e-05,3.3751804626381104e-05,6.679114036777996e-09,0.0014640554884176084,0.9891973628248159,5.493454286361784e-06,8.413645009235458e-07,0.00013157634675143936,0.0017121662216307571,0.00030584552726494054,3.434016752195722e-07,3.1987930774432664e-05,7.333007189627595e-10,6.827175485037231e-08,0.0025421334791188646,2.1654475324802717e-08,3.5388516338372212e-06,0.0027548790641733203
37,0.0007998943181260833,0.00012145451429997619,5.2769845896438555e-08,1.0428146461365944e-06,9.451000007293261e-08,1.150679916408305e-06,0.00036558160003161594,0.0001835390766014236,2.9763439589351532e-05,1.5911603958082847e-08,0.0002454849968055324,0.9846022867820559,5.9113228772841155e-06,8.302406140379004e-07,6.923212472268527e-05,0.0044807010505027904,0.00020454891474958438,4.2953565876267746e-07,4.367440537149826e-05,4.004532603544535e-10,1.6923295101180197e-08,0.007846289022365513,5.160338431151655e-09,5.753399034254644e-07,0.0009974241456252029
38,0.0009596603670650329,0.00013241203308353588,5.326608492899268e-08,2.148773122107875e-06,7.817868252109115e-08,5.0040952902220714e-06,0.0008972356659515255,0.00041035413082781135,3.8439261320881474e-05,3.619876721240608e-08,0.00027903828139479885,0.9659849048760897,8.351652727471703e-06,5.121866415773263e-07,0.00022370234884057786,0.015777968939533826,0.0003349754082813425,7.939010689713411e-07,0.0001919429860571439,6.412341033259025e-10,2.401584764830604e-08,0.013635200094550397,1.0200225092054231e-08,5.309877396691036e-07,0.0011166215095719683
39,0.00061786491644426,0.00016837575166001284,3.7702916169178986e-08,1.3691765032967215e-06,8.974808517489888e-08,1.752718016344479e-06,0.00036291947012560073,0.00026131936588618516,3.440964688198459e-05,2.2955590649570442e-08,0.0002715020056369495,0.9791143612994937,4.977273435964108e-06,8.892169251344503e-07,0.00013633466279181815,0.005418251317650447,0.00021988664486052427,3.5253653607806207e-07,6.699571101040059e-05,3.9335634285910244e-10,1.4097113235162967e-08,0.012111406643734553,5.0862735039476115e-09,4.0452171091856904e-07,0.0012064571373606719
40,0.0006079658414812817,0.0001242697598667741,3.032037398485763e-08,7.494121102160699e-07,6.972581018668894e-08,1.3002510783822004e-06,0.0002554021163723257,0.0001896557910224716,2.4212804810146737e-05,1.2633849218066181e-08,0.0002534314365222992,0.9822141741301963,3.6782348281871235e-06,6.521483169429044e-07,0.0001099622124369268,0.003142262647093441,0.00016424367975358413,1.7111403114256257e-07,3.219303247736028e-05,2.431942889928837e-10,8.497506852807947e-09,0.011793190108341737,2.7084354581535652e-09,2.4572759761766615e-07,0.0010821154224930401
41,0.0006970958677051073,0.0001314681267192082,2.9052890848262052e-08,3.625451748810996e-06,1.9655867765896855e-07,5.013034229942065e-06,0.0003187226674105723,0.00024013747076301513,7.790405482875137e-05,3.050056842496273e-08,0.00029360652641631865,0.9795015292630948,3.1514682029239146e-06,5.639676963404058e-07,0.0005135771582027046,0.004763301897062537,0.00012860138090278276,2.2378694945039782e-07,6.912436602159615e-05,3.4508147971891817e-10,4.499729590479795e-09,0.011893710875281335,6.165527891291847e-09,4.095169465346283e-07,0.001357965997341448
42,0.0005150015321248596,0.0001848355367947409,2.060876621846581e-08,1.2685768289853319e-06,5.7884071943998014e-08,2.2510894037814228e-06,0.00040262153200760017,0.00037231521870282865,2.8976622399727275e-05,2.2151663667542282e-08,0.00025015968797709653,0.9620541946036267,5.958084590809831e-06,4.747940688926614e-07,0.00018701859473771776,0.007257131950600896,0.0002100381313647492,2.063911546447785e-07,0.00010936076091633131,3.123850945504695e-10,1.0052001040122281e-08,0.027449522900835407,2.4754401352028034e-09,2.420408527504155e-07,0.0009683084666834819
43,0.0007873373017468876,0.0002671634866158087,6.382322397991142e-08,2.6877067174808185e-06,1.3344497465575178e-07,7.201729916293062e-06,0.0005372017234402162,0.0006591435923616534,7.769235042521086e-05,9.56473126884848e-08,0.000362483948181872,0.953778997887276,7.477322473350642e-06,1.3830227594590624e-06,0.0003543902709612736,0.012900991910682178,0.0003226798576839828,6.27908347777739e-07,0.00016864785676439875,9.793942430767512e-10,2.3579885673850814e-08,0.02786172717950577,1.0188551383171012e-08,5.438439463486633e-07,0.001901293436851362
44,0.0006077177775766436,0.00015935961679692314,3.6895627464961305e-08,1.3066985602222627e-06,8.512156346815043e-08,1.7549675613108745e-06,0.00036427649846914597,0.00026759718882632974,3.250442144240789e-05,2.1999827179386473e-08,0.00026627798651286607,0.9792672860647752,4.826299172297223e-06,8.361442031041471e-07,0.00013113464421341648,0.005530894467441687,0.00021943150128844806,3.464195630221089e-07,6.571693201772644e-05,3.8193487618989843e-10,1.3938002921315227e-08,0.0119046647617078,4.941462674954122e-09,3.8640300306501984e-07,0.001173517928449833
45,0.000541563959271069,0.0001264615517027107,2.676939793483816e-08,1.6571678313751342e-06,9.51274121206939e-08,2.4937333512420595e-06,0.0005135019575717402,0.000293199842970278,3.906528613936568e-05,2.0139574608440852e-08,0.0002623881703709414,0.9768417550862747,5.006562325139426e-06,5.652642446446092e-07,0.00020936684814518622,0.006613511632317605,0.00017038327788906717,3.1921002186603664e-07,9.26304477711988e-05,4.0409349052247833e-10,1.0972256261018754e-08,0.013212483137322604,4.605732474154947e-09,3.555238739898947e-07,0.001073133322138444
46,0.0006262309202249469,0.00020311634666279633,7.150975849148882e-08,2.117549076425928e-06,1.9063044670534039e-07,3.73753686745288e-06,0.0006982873667154751,0.0004183381968597429,0.00018945768753272061,7.268341835272103e-08,0.0003902383844833398,0.9741526974879544,7.648623156885924e-06,3.3655794699714498e-06,0.0002284451506523369,0.006375475681201146,0.0001120650053674018,1.045556950482868e-06,0.00012749119791762722,1.183067962924997e-09,2.9589839628240734e-08,0.014184589940393717,1.1339496349106584e-08,9.214932277473234e-07,0.0022743533592579812
47,0.0005218464457295703,0.00014933296571581446,2.019824764414564e-08,5.089632964337239e-07,2.8841396546805342e-08,6.948899948787872e-07,0.00018328462521215175,0.00016933296320530445,1.4300670256131623e-05,1.0388895054109374e-08,0.00015055953560966334,0.9800080057647023,4.106593129670864e-06,3.5713898394011075e-07,6.842782188007473e-05,0.0043290509399740475,0.0001463688524578981,1.1474559496434175e-07,3.0053156775217613e-05,1.6750280533114211e-10,4.684978201617743e-09,0.013425942815286723,1.1567125618897814e-09,1.9918645567349866e-07,0.0007974464880067683
48,0.000607685795417482,0.0001223667693899769,3.669524776267065e-08,1.1346757544955425e-06,9.546419771314166e-08,1.7618339743760843e-06,0.00037961550455603056,0.00024062682317987455,3.841342623159774e-05,1.8679527690394507e-08,0.00028637672239845916,0.9813531615988995,4.712513138043412e-06,8.440819999015294e-07,0.00012589864107112836,0.00474177451477356,0.0001651317018763239,3.483813812381239e-07,5.647263825005088e-05,4.020706352537065e-10,1.3543997582302897e-08,0.010669380735978402,4.7980290276729265e-09,4.25788532511684e-07,0.0012036982701264807
49,0.0005994595427109536,0.00011952173118841229,3.5533803901390644e-08,9.911203270556023e-07,7.084991825916671e-08,1.8521750736913433e-06,0.0003116114954693368,0.0002467123868188443,2.7683689592791685e-05,1.6986519601031297e-08,0.0002373006391806567,0.9826098196491673,4.130267974772155e-06,6.545221934023016e-07,8.592964733381891e-05,0.004336236960133621,0.00017897404665075437,2.8974588689113495e-07,3.835845309649476e-05,3.334191674777821e-10,1.0362420522158937e-08,0.010277824602993374,4.028340797289243e-09,3.1166888851070705e-07,0.0009221995608970552
50,0.0004783437132310081,0.00020213155831256004,3.9858818122188666e-08,1.227945584161411e-06,7.125147318089465e-08,1.8373104451190533e-06,0.00043264719612697814,0.00040667462936936217,3.811183915034056e-05,3.68623023416054e-08,0.0002304758897281064,0.9727532191082581,5.578919709059893e-06,1.1418835113644152e-06,0.00014928071211672565,0.006865150509560361,0.00019961669432626085,3.4425463335224543e-07,8.962053754798625e-05,4.515326407744387e-10,1.5819449075268514e-08,0.016837182431173905,3.677150045314306e-09,2.825774372472209e-07,0.0013069643690524157
51,0.00047676071456472684,0.00034170468244378434,2.6494952431923257e-08,1.7819564193201334e-06,6.437558896780929e-08,1.0647627729038178e-06,0.00021933483265132054,0.0003352371634006939,2.585023272130285e-05,2.7760901641243283e-08,0.00023471285118359394,0.9758745880333423,4.8971882871417246e-06,1.1047802435545019e-06,0.00014019576940378615,0.004072393538261854,0.00018346562774953327,2.589909603707293e-07,6.652286386105314e-05,2.8549019493445137e-10,9.27341860078449e-09,0.017066029968386836,2.5805374876679335e-09,2.15921135515506e-07,0.0009537493513211261
52,0.00025487024741204314,9.319525380507006e-05,1.8495056095394703e-08,3.453483247395567e-07,6.447454222785796e-08,4.673226879056785e-07,0.0002411911359978798,9.055396632794423e-05,1.214933890717341e-05,3.689790224896384e-09,0.00017638185310213947,0.991168250771812,1.8299531735342427e-06,5.183980196015789e-07,4.238233577225294e-05,0.0016826247163284536,0.00015635303778680423,7.337998975291833e-08,1.531609458807225e-05,1.1758538941138248e-10,9.417753412393041e-09,0.005045881973229059,2.036345482304334e-09,2.164075479819436e-07,0.0010173002341145787
53,0.0004051951746568626,8.87972486541917e-05,2.473482151390872e-08,7.910710705998964e-07,6.255287227430935e-08,1.4984534724166071e-06,0.0004449637572137125,0.00020955614079167876,2.802254477436508e-05,1.1426408563600015e-08,0.0002050706059569806,0.9848776007150065,3.235669985813396e-06,6.023157911086304e-07,0.00010325212345095544,0.004598782951255989,0.0001455982260008009,2.5160126854763766e-07,4.418351524989317e-05,2.9573027863266846e-10,1.0276580074374562e-08,0.007785850588493215,4.068259677376575e-09,2.8157853222222283e-07,0.0010563523637016272
54,0.0033521825503428117,0.00018107385040391015,1.016974380418025e-07,5.414867060471146e-06,3.3542615047707526e-07,7.224214301343649e-06,0.0012280113853737485,0.0007076032295036278,5.0801391958430146e-05,3.694616419248313e-08,0.001165792643502579,0.9639249952213075,1.852568005573537e-05,9.269029376642281e-07,0.00016082881160440327,0.006600951693105301,0.0006402682805573688,2.9687663072897294e-06,0.00026519657100879037,8.860729541394419e-10,8.64515874630535e-08,0.02099819358797861,2.509143717279337e-08,8.851604879015437e-07,0.0006875686933523694
55,0.002647524214520276,0.015832838696674602,5.435029219091589e-07,1.3705154112221875e-05,7.071072758128477e-08,2.323737734908974e-05,6.502700967519401e-05,0.0155296930056475,1.8250702432127424e-05,1.8828303194008216e-05,0.0012827371380628614,0.10026994458370955,2.094705055805051e-05,1.9479908126080364e-05,0.0048436214877421715,0.05512875494513755,0.02185608221925202,1.998690411156417e-06,0.0020503189551430755,5.651568480674169e-09,2.7110704500962205e-07,0.7771802274448486,3.1988168450353544e-08,7.953739847373145e-08,0.003195780615573702
56,0.0006152996388082104,0.0001572932530049004,3.6594341827554455e-08,1.2806245169176262e-06,8.404533730593504e-08,1.686108160700832e-06,0.0003664455223691965,0.00026149984756527355,3.218482073146779e-05,2.1195986348557964e-08,0.0002659322360557969,0.9793817526132443,5.04876862826329e-06,8.232941141860743e-07,0.00012662157523757173,0.005338780959259317,0.0002121404577476045,3.4507041116130717e-07,6.533374102735754e-05,3.8322803439121576e-10,1.3983275596443585e-08,0.012026586654186055,4.778349270941912e-09,3.918608741037275e-07,0.0011403919735391557
57,0.0007623810515791312,0.00014921630903208798,4.7516723396969696e-08,1.5067218781310287e-06,1.0936305305300911e-07,2.379330664501731e-06,0.0003540923622201261,0.00028877274452374167,4.113601907349434e-05,2.6119319577508618e-08,0.0003061030408014338,0.9800690077272912,4.48139893584057e-06,1.0288248624385661e-06,0.00014391585527496806,0.005242454001282939,0.00023327451229814098,4.1992641277331756e-07,5.0234443946289914e-05,4.700931578110008e-10,1.3314527272516714e-08,0.011063722699938517,6.949775800958841e-09,4.325654761035116e-07,0.0012852367310157388
58,0.0005828843481034047,0.0001518043195615123,3.852107041822287e-08,1.3358787618051179e-06,9.851311989007187e-08,1.670121909272097e-06,0.0003783213560916616,0.00021283750471900472,3.6482074254523815e-05,2.0821735179165634e-08,0.0002574474932969134,0.980551168582393,5.409266056788474e-06,8.367703903834106e-07,0.00012654713720212726,0.00544273282375375,0.00020219663900419708,3.435110221673241e-07,6.629300539889472e-05,4.3840664387569584e-10,1.5083135586124767e-08,0.010741039753050822,5.46443755423591e-09,5.47246814863203e-07,0.0012399233263096824
59,0.0005908764077826979,0.00016208679250600183,4.337394793943752e-08,1.2823781130098039e-06,9.765664192184588e-08,1.712690967483586e-06,0.00036662324153834873,0.00022640586462940618,3.6047595197501815e-05,2.32996666507815e-08,0.0002505434225788146,0.980112258918783,5.2007375583108375e-06,9.043138032641677e-07,0.00012012180631613751,0.005884266722464813,0.000224354613770117,3.512776741620488e-07,6.256147327785854e-05,4.535288873980048e-10,1.591528893697942e-08,0.01064233599260249,5.672745773754033e-09,5.431969939146616e-07,0.0013113361816227671
60,0.0006077177775766436,0.00015935961679692314,3.6895627464961305e-08,1.3066985602222627e-06,8.512156346815043e-08,1.7549675613108745e-06,0.00036427649846914597,0.00026759718882632974,3.250442144240789e-05,2.1999827179386473e-08,0.00026627798651286607,0.9792672860647752,4.826299172297223e-06,8.361442031041471e-07,0.00013113464421341648,0.005530894467441687,0.00021943150128844806,3.464195630221089e-07,6.571693201772644e-05,3.8193487618989843e-10,1.3938002921315227e-08,0.0119046647617078,4.941462674954122e-09,3.8640300306501984e-07,0.001173517928449833
61,0.0006490995185909416,0.00015531585563382565,4.710067090652277e-08,1.2795102773762983e-06,9.976891864789506e-08,1.7334454575078954e-06,0.000374290297708915,0.00023303558727624663,3.845269323722967e-05,2.3531079177514947e-08,0.000259004770812011,0.9805095203664675,5.458611083928376e-06,9.333447640955148e-07,0.00011182120838444551,0.005616510884409488,0.0002124910237312215,3.8251914688939104e-07,6.065460864993406e-05,4.5913031320114216e-10,1.652302672532578e-08,0.010494959852705056,5.777043833502059e-09,5.670691775626218e-07,0.0012742956726161953
62,0.0006077177775766436,0.00015935961679692314,3.6895627464961305e-08,1.3066985602222627e-06,8.512156346815043e-08,1.7549675613108745e-06,0.00036427649846914597,0.00026759718882632974,3.250442144240789e-05,2.1999827179386473e-08,0.00026627798651286607,0.9792672860647752,4.826299172297223e-06,8.361442031041471e-07,0.00013113464421341648,0.005530894467441687,0.00021943150128844806,3.464195630221089e-07,6.571693201772644e-05,3.8193487618989843e-10,1.3938002921315227e-08,0.0119046647617078,4.941462674954122e-09,3.8640300306501984e-07,0.001173517928449833
63,0.000581445913437379,0.00018902734747411088,3.584905034627218e-08,1.3541376665640968e-06,8.204551106441314e-08,1.6407376243750737e-06,0.00033944002025044893,0.0002674128710449501,3.170204052869497e-05,2.368726940059059e-08,0.00025729999398520513,0.9783446375695004,4.919584518961862e-06,8.770221871325238e-07,0.00013463929261196445,0.005593548865565236,0.0002282098514217531,3.25230479106486e-07,6.880325607731816e-05,3.746426598431237e-10,1.3737265541029107e-08,0.012751266601046625,4.696175170672746e-09,3.8428579320946505e-07,0.0012029049888724191
64,0.0006382766520066078,0.0001662627639183733,4.3804814374608203e-08,1.261613999469767e-06,9.524239844298238e-08,1.577752057514264e-06,0.0004167342121936096,0.00027447598334379885,3.0597715944729186e-05,2.1563630616730074e-08,0.00028788360218288814,0.9794628182650464,5.5605006711537026e-06,9.561015757706974e-07,0.00011269439560191837,0.005556465015616863,0.00025569189951384606,4.076417863087679e-07,7.21872818755374e-05,4.1946137702948597e-10,2.0799102859851748e-08,0.011534989641843558,5.5614391040229055e-09,4.372290886200678e-07,0.0011805343408863988
65,0.0005921433547230371,0.00016602328046750697,3.80135092839198e-08,1.2474905491372717e-06,8.369854291514596e-08,1.6442010164781888e-06,0.00034599726084950824,0.00026362300826488817,3.3503899835461244e-05,2.278030372582603e-08,0.0002576642083128483,0.9792872472911637,4.854879073465573e-06,9.037962951892514e-07,0.00012558669805748363,0.0054089453850970125,0.00021216105382462164,3.343036034569647e-07,6.160489434932317e-05,3.9058460156691084e-10,1.3735394457991836e-08,0.012025440518885802,4.71179054966185e-09,3.924791665011571e-07,0.0012105186663389606
66,0.0008572837039110157,0.0001235599188173628,5.166885510586483e-08,9.877335292034847e-07,7.606890803151827e-08,1.268920534770318e-06,0.0003981376750392163,0.000377867333255625,2.610061070997339e-05,1.971239684328161e-08,0.0002973822160141703,0.9793286766070807,7.246649278694836e-06,7.659081918185962e-07,8.2495122878405e-05,0.005233757203414295,0.00017025379775431404,4.5051091547762204e-07,4.971359646274177e-05,4.54560701299934e-10,1.4387483407328241e-08,0.01224319000243774,2.7537832337869202e-09,2.874901149754464e-07,0.0008004099536723988
67,0.00220987518994873,0.00023478696070558614,5.451489658182203e-07,4.6390067835755095e-06,2.3898014432383576e-07,4.5128830456858805e-06,0.0006804448920794121,0.0006269286199144043,3.602433721238985e-05,1.1398490206132214e-07,0.0005130626680766949,0.9659788339888357,1.3394046313310315e-05,3.52369004199005e-06,0.00010546102446717685,0.019798429890775637,0.001780443162372466,4.429124606680804e-06,0.00011390360861170964,3.0545035100850018e-09,1.7312229790807215e-07,0.00587394712643384,9.830833538499586e-08,2.289049029427101e-06,0.0020138981315967067
68,0.00033033669875403134,9.613481196261152e-05,6.092929612431155e-08,1.0779855105299034e-06,1.242244367118165e-07,1.8450652916407907e-06,0.00027755951838738725,0.00011173932665925432,7.37956000617809e-05,2.6962645674745758e-08,0.00014755455547736285,0.9888309416135483,2.8898489126320228e-06,1.73312958535835e-06,8.95786921271857e-05,0.0036146308713289614,0.00010925663350659287,2.5829173522612335e-07,1.9306410785723438e-05,6.127385195611035e-10,8.825973138720925e-09,0.0042792248400556855,8.341960413964195e-09,8.170426878471291e-07,0.0020110891665715215
69,0.0005968439101421393,0.00012041153915870058,9.178016885300702e-08,1.0927844486393067e-06,8.195218290693251e-08,2.012708995185423e-06,0.0005047046720220456,0.0004700229255221391,3.87165028195008e-05,3.925305708850988e-08,0.000251381897248904,0.979854584035476,5.398917748736424e-06,1.8515813600893316e-06,7.559104174821719e-05,0.008660725885502096,0.0002472318141091441,9.723520094757275e-07,6.462090404173462e-05,8.471632590190813e-10,3.832192632340647e-08,0.007653855338233349,1.0086410575585832e-08,5.494004133030565e-07,0.0014491695480914942
70,0.0005499264178555625,0.0001067571374606866,3.1237311246114615e-08,1.935767708686474e-06,1.8470689907763961e-07,2.113877443361407e-06,0.00042515497858318407,0.0002099895404742643,5.038694312016272e-05,1.3777010927900928e-08,0.00031187103070339997,0.9861215246090655,3.607578834406882e-06,8.989963129774541e-07,0.0001549837606640492,0.002390763758877352,0.00013502549708251706,2.765584472316558e-07,3.929903421455864e-05,3.549222119896157e-10,9.624247069285816e-09,0.008463362647730586,6.163543337574878e-09,3.6861225731755683e-07,0.001031507389230531
