,0,1,2,3,4,5,6,7,8,9,10,11,12,13,14,15,16,17,18,19,20,21,22,23,24
0,0.00044575297562148334,0.005293794576892986,7.289350661206216e-07,8.942864218815102e-09,3.071820028472933e-06,4.997968503978041e-07,6.71767038148041e-05,5.34148545516204e-05,5.384803885991147e-07,7.762820914910893e-07,3.582442154781518e-06,0.9402792047789652,0.0007117127953614826,7.914679094397192e-06,5.983731808079578e-08,6.665053956132553e-06,0.00071795888871866,0.00030368354655325205,0.04243440797666523,4.7445433300379e-08,0.0002752494926727078,0.009376736310497026,5.5618130159296964e-08,6.328638385074498e-12,1.695775998090037e-05
1,0.0006878161533940323,0.006378639599491605,8.602504840209034e-07,1.15684202469067e-08,4.129134230659801e-06,4.4889777444386154e-07,8.425672161941237e-05,7.474056028117236e-05,9.11577986471012e-07,9.99130429097039e-07,4.1177926568806265e-06,0.9289684134209987,0.0008327723071634746,7.954099973009106e-06,6.556131359401785e-08,8.499276566343231e-06,0.000865370169813195,0.00036075803710447046,0.05092204187589477,4.722667465179247e-08,0.0002511421421548,0.010525004312254609,5.84752117571183e-08,8.318450408619756e-12,2.0941699790064385e-05
2,0.0006514660827855989,0.006513297129521329,9.623364722964908e-07,1.189636883316446e-08,4.602920005092041e-06,4.920903645023988e-07,8.994935747177788e-05,7.506662933997803e-05,9.828455273381711e-07,1.171525502348881e-06,4.513417396662153e-06,0.9242828040183156,0.0007548330245394464,1.1604968183660911e-05,8.911972000193903e-08,7.412940706229791e-06,0.0008777883474846614,0.0003987507512778063,0.05082002017358566,6.761681648669537e-08,0.00030970833791470914,0.015163648888491758,8.286957671766121e-08,1.0214565235213329e-11,3.067270241686877e-05
3,0.00048679174286707675,0.005545270201767722,7.307648972277101e-07,9.479402594397422e-09,3.2504812022472437e-06,4.015765797126266e-07,6.889034687930019e-05,5.247697144161759e-05,6.084882200917403e-07,7.43873926713323e-07,3.7100497285572202e-06,0.9447313420835476,0.0006803943784720941,8.217439182716188e-06,5.880040048807077e-08,5.8449348954839105e-06,0.0007748603734558041,0.0003299673344434201,0.037107256190185386,3.9983462185950066e-08,0.0002491829534736191,0.009930695985920668,5.197171389150933e-08,6.501792930851314e-12,1.9203587431801297e-05
4,0.00041246261015279677,0.005102374921308047,6.421380215504814e-07,8.758769868784954e-09,2.9149138143414967e-06,3.653678882239013e-07,6.167707429735928e-05,4.5161803669175815e-05,5.239101418384456e-07,6.389270631918109e-07,3.5321038818211887e-06,0.9515048750051697,0.0007002178623041876,7.799483459587106e-06,4.809887088905243e-08,5.312731411643272e-06,0.0007346431237083655,0.0003123870409214074,0.03224821947319277,3.552414208558015e-08,0.00022077298480212425,0.008618853472821847,4.584227026185574e-08,5.575190973047404e-12,1.648682234188653e-05
5,0.0005056466302579562,0.004908961870594181,7.22503795777016e-07,1.0586993817340196e-08,3.0771457686682914e-06,3.7356240199686407e-07,6.717752168124871e-05,4.9347776706673086e-05,6.115859953672707e-07,8.136558074883323e-07,3.561064681767142e-06,0.953084676814061,0.0006475140388806204,9.012503535665652e-06,5.0701494282928285e-08,5.807234934398096e-06,0.0008254240407415764,0.000422462692874377,0.0298930345879041,4.420806665566036e-08,0.0002456430003122342,0.009304795121720272,5.312741402041001e-08,7.37480929721503e-12,2.1178016001241923e-05
6,0.00048679174286707675,0.005545270201767722,7.307648972277101e-07,9.479402594397422e-09,3.2504812022472437e-06,4.015765797126266e-07,6.889034687930019e-05,5.247697144161759e-05,6.084882200917403e-07,7.43873926713323e-07,3.7100497285572202e-06,0.9447313420835476,0.0006803943784720941,8.217439182716188e-06,5.880040048807077e-08,5.8449348954839105e-06,0.0007748603734558041,0.0003299673344434201,0.037107256190185386,3.9983462185950066e-08,0.0002491829534736191,0.009930695985920668,5.197171389150933e-08,6.501792930851314e-12,1.9203587431801297e-05
7,0.0005462880396894421,0.00570314175155044,9.614078004755175e-07,8.170501899228387e-09,2.7265063315581857e-06,3.3231002705174057e-07,5.850980160878253e-05,6.013332570081957e-05,4.1125841315010165e-07,5.227352985988688e-07,3.868922374526388e-06,0.9386567337340826,0.001000750102005446,5.198684452780522e-06,4.5521526209752135e-08,4.813433037310994e-06,0.0006953844234873476,0.00027737111056532713,0.04503218744028927,2.990729012691203e-08,0.0001974175757153751,0.0077428179519861765,3.115265521604732e-08,5.1481480237359365e-12,1.0314728461616517e-05
8,0.0008281860010195151,0.007715494779343163,1.266904701261334e-06,1.679752581468279e-08,5.468083197723761e-06,5.24812269448436e-07,0.00011313632543984232,6.877648989217796e-05,1.3325791121718168e-06,1.671915350976557e-06,5.8289608095741545e-06,0.9263521876405644,0.0006341127507023249,1.6647631874228595e-05,1.3750143307442205e-07,7.405788356058255e-06,0.0010496583272568139,0.0005342015140341868,0.0422339106873759,6.85271024580501e-08,0.0003622080067513334,0.02001627673714546,8.99639613108256e-08,2.1187148656615148e-11,5.139125359361805e-05
9,0.0007260510961198201,0.005509964470373862,1.32056213240255e-06,1.551213325643693e-08,4.2091067639851876e-06,4.829730273460399e-07,8.030756182161343e-05,7.889998886444407e-05,9.284163562791407e-07,1.3081995617399915e-06,5.192395371524288e-06,0.9255948309426086,0.000747167782291574,1.2048403978950915e-05,9.587004666041538e-08,7.134226712355788e-06,0.0010340300553305893,0.0004432818694891321,0.04836268530681711,7.125421299598528e-08,0.00033324118468114,0.017029647305564825,7.645756700550571e-08,1.5675676417632453e-11,2.7009042496962182e-05
10,0.00048679174286707675,0.005545270201767722,7.307648972277101e-07,9.479402594397422e-09,3.2504812022472437e-06,4.015765797126266e-07,6.889034687930019e-05,5.247697144161759e-05,6.084882200917403e-07,7.43873926713323e-07,3.7100497285572202e-06,0.9447313420835476,0.0006803943784720941,8.217439182716188e-06,5.880040048807077e-08,5.8449348954839105e-06,0.0007748603734558041,0.0003299673344434201,0.037107256190185386,3.9983462185950066e-08,0.0002491829534736191,0.009930695985920668,5.197171389150933e-08,6.501792930851314e-12,1.9203587431801297e-05
11,0.00045301680930480204,0.005378632715947416,6.952836977846406e-07,9.17880676447398e-09,3.079853572129162e-06,3.9287373246777975e-07,6.65078911724827e-05,5.148696858722875e-05,5.745108928364579e-07,6.942635336575641e-07,3.560389810269126e-06,0.9467655584788821,0.0007123509794488784,7.828956657324913e-06,5.362868158231153e-08,5.768084149396078e-06,0.0007678770698027473,0.0003167550271676014,0.03594415575788641,3.839006526282407e-08,0.00023229096911780604,0.009271123142719976,4.905409702855023e-08,5.935461945764954e-12,1.7499716330437007e-05
12,0.00023592814954116775,0.0053332664389466105,4.319013212149938e-07,7.1436304579396706e-09,5.538571809874596e-06,3.3828611589516955e-07,3.77790821506503e-05,1.3629255261090591e-05,3.788392198325449e-07,3.73585759438645e-07,2.7690658028816136e-06,0.9759908991927251,0.0004128886292272979,1.2928208873640764e-05,2.9169737789416652e-08,3.4928345553153033e-06,0.00037790685496465567,0.00038341609398709743,0.013492948432832774,3.1990861029093084e-08,0.00018792830884905475,0.0034807235123747718,5.552705833815055e-08,3.713877190805193e-12,2.631092068016342e-05
13,0.0004765029715370834,0.005472747811632932,7.217119277781494e-07,9.406520822134887e-09,3.2300926145423695e-06,3.9422018978412274e-07,6.744651320875363e-05,5.108305225570793e-05,5.901902481763458e-07,7.176436431911907e-07,3.7922255801018273e-06,0.9455291835381356,0.0006816175328766991,8.13379773842135e-06,5.861186747452156e-08,5.731491703545743e-06,0.0007623048134263225,0.0003233514159119549,0.03662159529447045,3.888766789865202e-08,0.0002474708782209286,0.009724649623358034,5.142016066633505e-08,6.42614299877183e-12,1.8576848676906545e-05
14,0.00018470568053351267,0.005240937311537151,2.898640538467348e-07,2.417579600874354e-09,1.841093568952191e-06,2.7716144863511905e-07,2.452948279287546e-05,1.514475506527275e-05,1.4581730383000415e-07,2.0298753340357514e-07,2.220608068111064e-06,0.9597360292337039,0.000558990165926588,3.518961036883028e-06,1.8736798456869428e-08,2.828983796656302e-06,0.0002785837287423747,0.00011993127215643687,0.03083463664454159,1.2441386532215973e-08,0.0001347878731936014,0.0028554256819171976,1.6369854644584417e-08,1.2019484129057216e-12,4.922726257824143e-06
15,0.00048679174286707675,0.005545270201767722,7.307648972277101e-07,9.479402594397422e-09,3.2504812022472437e-06,4.015765797126266e-07,6.889034687930019e-05,5.247697144161759e-05,6.084882200917403e-07,7.43873926713323e-07,3.7100497285572202e-06,0.9447313420835476,0.0006803943784720941,8.217439182716188e-06,5.880040048807077e-08,5.8449348954839105e-06,0.0007748603734558041,0.0003299673344434201,0.037107256190185386,3.9983462185950066e-08,0.0002491829534736191,0.009930695985920668,5.197171389150933e-08,6.501792930851314e-12,1.9203587431801297e-05
16,0.00033509133152960393,0.004004803329296169,4.620866356650491e-07,7.330052893706836e-09,2.0900740950792233e-06,3.2164042781881984e-07,5.623490468453108e-05,3.05935583383299e-05,3.740127993206257e-07,7.033579375998396e-07,2.816413258573749e-06,0.9632807871084781,0.00045145938786967505,8.058539932555791e-06,3.976733719413847e-08,4.55613906131543e-06,0.000667397841300651,0.00036474571111787127,0.022461516116341736,3.3984809305524015e-08,0.00027723679858967934,0.008032086174813163,4.135466779507363e-08,4.768493279231464e-12,1.8543031857048685e-05
17,0.00029676382140634726,0.0038838187970308266,4.481644390851017e-07,5.62560986720316e-09,1.8389249302469816e-06,2.428184389059323e-07,4.155345098445614e-05,3.183757194511892e-05,3.3803395125136206e-07,4.653658077300559e-07,2.2329902350338524e-06,0.9651916578192742,0.0005542897055531347,6.8626010855492566e-06,2.499526731980852e-08,3.3232294718309754e-06,0.0006585510719894294,0.00032141859557158176,0.021645615301787553,3.089311773699955e-08,0.00018504335388664286,0.0071592894270907466,3.579339268355316e-08,3.149712025144309e-12,1.4311644582925888e-05
18,0.0004056560566820489,0.0048536485737769915,4.6585148216886876e-07,6.5652255576172105e-09,2.0432350670879936e-06,3.2674681427552454e-07,5.5531697620616914e-05,3.360642760991927e-05,5.537996025596602e-07,7.780253175355463e-07,2.824605515895214e-06,0.9588257931577546,0.0005300487249581811,9.85584173589924e-06,3.635944229197821e-08,4.28363096640179e-06,0.0008766353155408363,0.0004202143352182895,0.02295653640985183,3.9516549003291445e-08,0.000216464643053273,0.010778224647913556,5.234188238758441e-08,5.50086457279626e-12,2.6373484917932113e-05
19,0.0003870325258546706,0.005055450679673407,7.00356825182083e-07,8.95217688144428e-09,3.2014026206242236e-06,3.3531376677102784e-07,6.204563954836544e-05,4.935561402652076e-05,4.816578011216373e-07,5.735605386045105e-07,3.254493438636153e-06,0.9517647713118365,0.0007254841565144868,7.1330765464609034e-06,4.6649849761538615e-08,5.182431288602201e-06,0.000665115335137336,0.00029274069864336646,0.03260399739313053,3.327812579293645e-08,0.00020825920531283596,0.0081506612294031,3.891696584199004e-08,4.7908535686113816e-12,1.4096116183958355e-05
20,0.0005001960146314081,0.004932539593194847,4.5086489297591093e-07,5.933354961856676e-09,2.790094918450601e-06,2.4878160658890393e-07,3.676998869823648e-05,2.7686727842449856e-05,5.023141998553054e-07,5.218628660818245e-07,2.167767404367802e-06,0.965311866965981,0.0006387853917804721,6.414024524452748e-06,1.5804104926397334e-08,4.830363603125859e-06,0.0006276207167423476,0.00043202037734654277,0.0232712432818866,2.6794086016087028e-08,0.00011905418055255148,0.00406840665402048,3.024170557640711e-08,3.570106810841612e-12,1.5805256485565126e-05
21,0.00039210553905930383,0.004671537627785613,5.578993494633149e-07,7.148078208179031e-09,2.8608721611098116e-06,2.857219602172173e-07,4.3386810045836886e-05,3.166932907810662e-05,3.8655289211828597e-07,6.188091794901812e-07,3.1651879561849794e-06,0.9590582623746137,0.0005253634578591755,7.001437393315157e-06,3.565327025852378e-08,4.3580491305042164e-06,0.0005466117554426949,0.00031455084465361775,0.027575409632546937,3.0776822296017436e-08,0.00024696780872726534,0.006560563383371568,3.589944753957391e-08,4.6369369563293135e-12,1.4227424538280305e-05
22,0.00047770150713430116,0.004120935864033719,7.46626789266463e-07,9.801564667103458e-09,2.5386663638528106e-06,3.323713178341829e-07,5.770253064569228e-05,4.941882597128374e-05,4.70826208453032e-07,8.105710923896186e-07,3.620812490563502e-06,0.9507498190938598,0.0005991572211609863,7.67564762726635e-06,5.0343618346946e-08,5.360426301638366e-06,0.0008195214191871753,0.0003717180130276587,0.03205318205454236,4.041844532683767e-08,0.0002718605352126208,0.010391175685684843,4.352568572165457e-08,6.766514599881553e-12,1.610720526758416e-05
23,0.00048679174286707675,0.005545270201767722,7.307648972277101e-07,9.479402594397422e-09,3.2504812022472437e-06,4.015765797126266e-07,6.889034687930019e-05,5.247697144161759e-05,6.084882200917403e-07,7.43873926713323e-07,3.7100497285572202e-06,0.9447313420835476,0.0006803943784720941,8.217439182716188e-06,5.880040048807077e-08,5.8449348954839105e-06,0.0007748603734558041,0.0003299673344434201,0.037107256190185386,3.9983462185950066e-08,0.0002491829534736191,0.009930695985920668,5.197171389150933e-08,6.501792930851314e-12,1.9203587431801297e-05
24,0.00034217205713720286,0.0045434926049015105,5.681281286397265e-07,8.926222535675003e-09,3.3356341365707812e-06,3.259157838395132e-07,5.532346987898781e-05,3.82557565333924e-05,4.7117392612301216e-07,5.287804692419223e-07,3.199864780065293e-06,0.9595297686533217,0.0006731167616809759,8.028378561041501e-06,3.9061739775438006e-08,5.268424787525944e-06,0.000620740955458919,0.00031080243996486857,0.027100884970100145,3.3055978486045804e-08,0.00018712705339038205,0.006561800182362282,4.2461860120015935e-08,4.658303236550894e-12,1.4665284237197528e-05
25,0.0004980935527453748,0.004231684559177167,7.609270017735612e-07,1.0830579836917089e-08,2.9232834552845114e-06,3.1260373842544325e-07,6.965074811490734e-05,6.447222565360549e-05,4.964504294072576e-07,6.660754049046909e-07,4.025571599173657e-06,0.9459608072846091,0.0007957811002032648,6.667893323150748e-06,5.271110154640075e-08,6.011884189272432e-06,0.0007643758622645116,0.00034246895654640736,0.03810946682854746,3.9175182315625265e-08,0.00024649129150451367,0.008881368014467038,4.579227286334989e-08,5.843077465399572e-12,1.332637204583077e-05
26,0.0008318314166198046,0.007270700364230113,9.761106530316433e-07,1.487886498490968e-08,4.577592599869456e-06,5.253282547722055e-07,8.161123587093586e-05,7.902170356034933e-05,1.3060467010966388e-06,9.827019504646224e-07,4.739734687134075e-06,0.9370292778513435,0.0008468329790912723,9.507751628037449e-06,7.562305672625373e-08,8.169298155011454e-06,0.0011357366282867347,0.00042245787517937537,0.04112230997517588,5.530583530525747e-08,0.0002507896508171844,0.010870894803818516,8.713884232949586e-08,1.3012740293599385e-11,2.751799176503223e-05
27,0.0005732985029266266,0.006660306030735502,8.279817150458078e-07,1.1640670466184882e-08,3.8357382543865795e-06,5.067117358395702e-07,9.360514861747746e-05,6.708900970530231e-05,9.815991147973606e-07,1.0933777353637547e-06,4.619319082646993e-06,0.931190221223301,0.0007226842045536988,1.115574807121439e-05,9.400500381946867e-08,7.178372737432008e-06,0.000992267165896307,0.00035527334296614124,0.04314221795100112,5.358466938249385e-08,0.00028611026708255015,0.015857252196239038,7.455850210667699e-08,1.0354858309579556e-11,2.9242309327761094e-05
28,0.00048679174286707675,0.005545270201767722,7.307648972277101e-07,9.479402594397422e-09,3.2504812022472437e-06,4.015765797126266e-07,6.889034687930019e-05,5.247697144161759e-05,6.084882200917403e-07,7.43873926713323e-07,3.7100497285572202e-06,0.9447313420835476,0.0006803943784720941,8.217439182716188e-06,5.880040048807077e-08,5.8449348954839105e-06,0.0007748603734558041,0.0003299673344434201,0.037107256190185386,3.9983462185950066e-08,0.0002491829534736191,0.009930695985920668,5.197171389150933e-08,6.501792930851314e-12,1.9203587431801297e-05
29,0.00048679174286707675,0.005545270201767722,7.307648972277101e-07,9.479402594397422e-09,3.2504812022472437e-06,4.015765797126266e-07,6.889034687930019e-05,5.247697144161759e-05,6.084882200917403e-07,7.43873926713323e-07,3.7100497285572202e-06,0.9447313420835476,0.0006803943784720941,8.217439182716188e-06,5.880040048807077e-08,5.8449348954839105e-06,0.0007748603734558041,0.0003299673344434201,0.037107256190185386,3.9983462185950066e-08,0.0002491829534736191,0.009930695985920668,5.197171389150933e-08,6.501792930851314e-12,1.9203587431801297e-05
30,0.00048679174286707675,0.005545270201767722,7.307648972277101e-07,9.479402594397422e-09,3.2504812022472437e-06,4.015765797126266e-07,6.889034687930019e-05,5.247697144161759e-05,6.084882200917403e-07,7.43873926713323e-07,3.7100497285572202e-06,0.9447313420835476,0.0006803943784720941,8.217439182716188e-06,5.880040048807077e-08,5.8449348954839105e-06,0.0007748603734558041,0.0003299673344434201,0.037107256190185386,3.9983462185950066e-08,0.0002491829534736191,0.009930695985920668,5.197171389150933e-08,6.501792930851314e-12,1.9203587431801297e-05
31,0.0006252417879074069,0.005384829707005041,9.446547529649727e-07,8.498890597964564e-09,2.9157451673765463e-06,3.166865050825749e-07,5.666790137995181e-05,6.473685943791437e-05,5.174080587423496e-07,6.77511105971418e-07,2.9124461690277974e-06,0.941514055718578,0.0007738963717742413,6.135206219570818e-06,3.952176386845385e-08,4.988557387410557e-06,0.0007592413010190118,0.00037680023575905925,0.04176778799135172,4.0868001091454296e-08,0.00022246205027924795,0.00841906135838406,4.00622321829095e-08,5.369748747422154e-12,1.5681545500689495e-05
32,0.00047279518884088014,0.00556331586633321,7.475604266643767e-07,9.018054234999409e-09,3.244149399600103e-06,4.1564281595022197e-07,6.812215646680025e-05,5.424144397511183e-05,5.879745394128323e-07,7.436793850711402e-07,3.65155157203765e-06,0.9408058339678635,0.0006947622959090804,8.100477904782158e-06,5.981635307085464e-08,5.886260829741662e-06,0.000754307406628192,0.0003118491495485297,0.04072899176898799,4.172367396052182e-08,0.0002529449553057139,0.010250774975372502,5.222099903524367e-08,6.18469567858376e-12,1.852074263045219e-05
33,0.00032834295592420077,0.004093358674834647,4.835330934713547e-07,6.535923825426663e-09,1.819555054554777e-06,2.9969920042067677e-07,5.644887313303603e-05,4.647790601960568e-05,4.2718607900381426e-07,5.34481919382122e-07,2.421220063336856e-06,0.9560115806138217,0.0007707586511582513,6.219376073060523e-06,2.942960080496869e-08,4.98766500449802e-06,0.0008281923161456501,0.00028744446047881706,0.028728683504620215,2.986927332845937e-08,0.00014605678721277623,0.008673600264033085,3.101907099139715e-08,3.435002981852653e-12,1.1765418826227326e-05
34,0.0008768098228723917,0.008294051597628057,1.1146572077438378e-06,8.959913469184147e-09,4.671760142003378e-06,3.9515065260838546e-07,6.516913965601985e-05,7.222859514362476e-05,9.233041933188655e-07,9.580871798839834e-07,5.090530271521438e-06,0.902510873569601,0.000924099157492399,8.113968880885803e-06,6.88090827595993e-08,6.026000291575234e-06,0.0007421691898460055,0.00030951957108838406,0.07353358487409999,4.665938967038359e-08,0.0002624589925745548,0.012360171253391186,5.876105884573816e-08,9.294976713842762e-12,2.138757904731403e-05
35,0.00010825958119433842,0.0069361801778719135,1.0203557344474822e-06,1.454985533975155e-08,1.2109890672970204e-05,1.6475478899278688e-06,9.737483340953804e-05,1.7852097285012858e-05,4.625181426335835e-07,6.053321310038695e-07,1.1465990789160608e-05,0.9373401032494761,0.00048460175718975434,3.209178078332028e-05,4.442984360510137e-07,5.969558891328268e-06,0.0003744908538214372,0.00012578736865101491,0.03893725014856972,6.893209574262414e-08,0.0006327175895298531,0.014848907717309122,1.694483628106895e-07,1.215127014629413e-11,3.0404409756238165e-05
36,0.0005913263297253223,0.006434236185988372,1.02289343375461e-06,1.1112305383451905e-08,4.711935622096649e-06,4.4600180848979086e-07,6.951121030925519e-05,4.9622736784323094e-05,6.007192536236165e-07,8.716852294209802e-07,4.819882665323621e-06,0.9372872193731135,0.0006587254091958887,9.46958842055856e-06,7.604478870392912e-08,5.763718563222003e-06,0.0006299166189745691,0.00036259436336599554,0.04395636407906411,4.682006523721701e-08,0.0003528192032111993,0.009557051997643333,6.009737004807663e-08,8.922141259955723e-12,2.2711984176341978e-05
37,0.0006273402313741922,0.005173925217074322,9.369299046854221e-07,1.1295107915844578e-08,3.2706542096842155e-06,3.686535638247059e-07,6.579501469935618e-05,5.3595951950971255e-05,6.051510318716076e-07,8.649265930014979e-07,4.035699281090225e-06,0.9470631553771168,0.0006837888487869739,8.634807572922094e-06,5.587421804912637e-08,5.771446670363101e-06,0.000828396635742265,0.0004365315178317324,0.03508375885969263,4.4190877183937564e-08,0.00025689049809776146,0.009682186693218497,4.891834136260292e-08,9.088929379375305e-12,1.9986597953543723e-05
38,0.00037539782439269975,0.0047363807090402684,6.026758418197598e-07,7.7661661829895e-09,2.4448911844607417e-06,5.094310215489056e-07,7.379444324985551e-05,5.46581560507533e-05,4.058213588772927e-07,5.816245047118626e-07,3.330599579921401e-06,0.9399230889706323,0.0007315436421726322,5.892781725649412e-06,5.976824693287123e-08,7.232354486951385e-06,0.0006955992009176521,0.00024631257209310726,0.044861412312555346,3.7355206597205336e-08,0.00025592288036691685,0.008012122621457955,4.976223925919255e-08,4.3603568255258954e-12,1.2611831147482448e-05
39,0.0006070988103402651,0.008734775829737734,9.333221061075218e-07,8.366734895952653e-09,4.741121189172395e-06,3.6137133961991684e-07,5.237780340158849e-05,3.534882162197819e-05,9.121976856139397e-07,8.33492499448909e-07,5.290869796761666e-06,0.9405927204422423,0.0007225058528626236,1.1186250655241347e-05,5.955224781884505e-08,4.334303084379158e-06,0.0006699579177212317,0.00031275257963821353,0.03739650077124688,3.28907082050911e-08,0.0001700954239630691,0.010657906017827495,3.644947306554408e-08,1.0306323130138933e-11,1.9229531570358723e-05
40,0.0004327848862068192,0.005655940744832727,8.116684802150729e-07,8.104987554140531e-09,3.4298179255648146e-06,3.917145389042743e-07,5.818996189405576e-05,4.4402173862086924e-05,4.778285222429424e-07,6.524398570806265e-07,3.618483273762682e-06,0.94397704823883,0.0006264365068482906,8.227777000160026e-06,5.965601693045886e-08,4.914164922306729e-06,0.0006409172766535181,0.00029280410588682245,0.038234669625462715,3.743912145595394e-08,0.0002486586155378663,0.009748101048331974,4.475642593735706e-08,5.874731807963068e-12,1.7372958706428073e-05
41,0.000719558556235081,0.010416916890229406,9.506488000380089e-07,1.5247416634119438e-08,7.013188952028429e-06,6.047725127270761e-07,9.436939677376359e-05,7.100181310772306e-05,1.754383786188998e-06,8.895162074786069e-07,4.466454900082708e-06,0.9362690454264342,0.0009737143780827537,9.627422060553964e-06,7.352494805527884e-08,8.693428742767454e-06,0.0009689197468246781,0.00032871034432515207,0.041173058184984866,4.1724410280519023e-08,0.0001849440978356856,0.008739967385820335,6.438945522433597e-08,1.0141698806009228e-11,2.5599067012621614e-05
42,0.00043259704925218074,0.005016212239101521,9.105424593793178e-07,6.523225132391409e-09,2.4297698718441887e-06,3.3989523411354846e-07,5.780351654010168e-05,8.259335555182201e-05,4.400610466418835e-07,7.750316686258826e-07,2.948391196642738e-06,0.9084622694084046,0.0007028863307052905,5.4111667973943875e-06,6.125004331343338e-08,4.972704165168307e-06,0.0007072012366326564,0.0001977025644677897,0.06746408889077081,4.1183437841127284e-08,0.00029105599107635604,0.0165563614334076,3.4139207840743194e-08,4.270792807468684e-12,1.0857321464525736e-05
43,0.0007763548322078434,0.0063406518431406034,1.1092040326770342e-06,1.5326295424059775e-08,4.576286569940472e-06,6.223678922918068e-07,0.00010489464355899501,0.00010040399847211531,1.2517943638263275e-06,2.1219873912878344e-06,4.951559112399775e-06,0.9049970127843112,0.0007684240222581378,1.2639231710689654e-05,1.0624133061299502e-07,1.0233210889413161e-05,0.0011045879796767143,0.0004346948552278342,0.06300912750365259,9.250411883856878e-08,0.0004318682590026657,0.02186143918790926,9.186104059915633e-08,1.4629910255717308e-11,3.272850120425868e-05
44,0.00048679174286707675,0.005545270201767722,7.307648972277101e-07,9.479402594397422e-09,3.2504812022472437e-06,4.015765797126266e-07,6.889034687930019e-05,5.247697144161759e-05,6.084882200917403e-07,7.43873926713323e-07,3.7100497285572202e-06,0.9447313420835476,0.0006803943784720941,8.217439182716188e-06,5.880040048807077e-08,5.8449348954839105e-06,0.0007748603734558041,0.0003299673344434201,0.037107256190185386,3.9983462185950066e-08,0.0002491829534736191,0.009930695985920668,5.197171389150933e-08,6.501792930851314e-12,1.9203587431801297e-05
45,0.0005798351682343797,0.005807759255368697,1.0336237961678602e-06,1.3715616096071672e-08,3.949777600920195e-06,5.606563237068878e-07,0.00011604683558969637,9.777814105524681e-05,7.385002987094703e-07,9.142103010587446e-07,4.588079366196261e-06,0.9213301998597722,0.0008655982367685572,7.888292369412839e-06,1.1247713513350119e-07,9.296966977112003e-06,0.000882226512248096,0.0003143693089725485,0.05672959381784903,5.191729369324373e-08,0.0003030893985698652,0.012925639944450616,6.330034220421229e-08,8.53445769161902e-12,1.8651995166262783e-05
46,0.0004070896597343812,0.004200855530176517,5.736608849120464e-07,8.918137388017887e-09,1.861498789487306e-06,3.7842379194582347e-07,5.2381073272518775e-05,4.9176423735491056e-05,4.7345208650664677e-07,5.721150679156854e-07,3.0427750583102765e-06,0.9581595588422964,0.0006464176652948121,5.835322140911102e-06,4.1427621522281376e-08,5.350341905062117e-06,0.0009948381998182007,0.0002939358264182298,0.026783283573733444,3.1192199733798836e-08,0.00020419222211967312,0.008178069313849661,4.093084570117158e-08,5.350141084541895e-12,1.1991605671188827e-05
47,0.0004775223480885479,0.005568174903365917,5.466106284397668e-07,4.16644223805253e-09,1.5108836230458662e-06,2.9160860064149167e-07,4.712572010694557e-05,4.822486822055003e-05,4.263296986735117e-07,7.28671673442629e-07,2.1145001347176594e-06,0.9416212590807821,0.0006095812747463498,5.018569069293901e-06,3.139282049366489e-08,4.185994763160761e-06,0.0007769342121959282,0.00027620878445173584,0.03910725672632245,3.1132978255656405e-08,0.00019413832289255463,0.011244720174071224,2.710537406974969e-08,3.5594104910799246e-12,1.3936615389878655e-05
48,0.0004829578582739777,0.005523504404683431,7.202037037179627e-07,9.333328311320778e-09,3.137937362876397e-06,4.0465199029310827e-07,6.884791524588203e-05,5.359059464503645e-05,5.996410651570325e-07,7.25522931855919e-07,3.628728822461504e-06,0.944466455048722,0.00069243732877593,7.8892511550766e-06,5.758981460931016e-08,5.887551665068604e-06,0.0007844693559377074,0.00032204376102457267,0.037554128897936793,3.92169347707574e-08,0.00024411328093723532,0.009765910880582672,5.091699859672645e-08,6.24415476139637e-12,1.8390121217763676e-05
49,0.00033702982450961334,0.0045935834984090415,7.160451562614547e-07,6.9219939630574095e-09,2.3698339926450827e-06,3.710614403058607e-07,4.745012484177602e-05,3.806334072628215e-05,3.5509358065062036e-07,5.817981870189664e-07,2.9162764798766984e-06,0.9529989217240944,0.0005705949291538026,7.428990252211429e-06,4.5600321753956624e-08,4.1291327590626626e-06,0.0006697423465531865,0.00027972247874368444,0.030632625415806556,3.49273436722186e-08,0.00022815312979222185,0.00957117539207212,3.573397877233332e-08,4.786413845323742e-12,1.394637502443741e-05
50,0.0008650046384430805,0.007795618612885337,9.748372355818532e-07,1.1520415107166542e-08,4.327887340148597e-06,4.352859187692672e-07,0.00017057649019975782,0.00010773994816805735,1.2567081319789443e-06,2.170096181343252e-06,4.154326229910584e-06,0.8946156515360933,0.0008885385032574943,1.2504563406342026e-05,9.97890662067018e-08,9.627013456157197e-06,0.0010003877160122143,0.0005213308402669822,0.07021445429549013,7.366548223656399e-08,0.0003307339426360815,0.02340635240390394,6.956765558684353e-08,1.0018252380527242e-11,4.7905802105802374e-05
51,0.00047552267687055904,0.00598682101952644,7.036962529429667e-07,1.0529834467919836e-08,3.3147488896249346e-06,3.4657148405480255e-07,6.953146905896658e-05,5.414247019638142e-05,6.773943385047878e-07,6.579167233075041e-07,3.6776032102984615e-06,0.9506334411844549,0.0007127748114615994,7.474606139452112e-06,5.473420088364941e-08,5.282265268474049e-06,0.0008007576603130436,0.0002989419123850776,0.03131750377837416,2.992649594888757e-08,0.00021241546568200352,0.009399726615987446,4.012289455175544e-08,6.337391645095722e-12,1.6150813619518515e-05
52,0.0004530949266059316,0.0058945052326426954,6.914270364777237e-07,8.653777596967215e-09,3.2219888695658383e-06,3.94333122392408e-07,6.745280048880541e-05,5.018937536442543e-05,5.88465439798774e-07,6.796187118029703e-07,3.490851651857156e-06,0.9448494964994717,0.0006536023600597443,7.906570887758841e-06,5.822085864791164e-08,5.348108599673923e-06,0.0007377913639669283,0.00029815382187102453,0.036943180357155825,3.649980336513125e-08,0.0002491817741585359,0.00976180168673055,5.0282867554243934e-08,5.6789025603138645e-12,1.9074774178593334e-05
53,0.0004835163449149287,0.005502305688951844,7.37971899139118e-07,9.024219429753257e-09,3.18286468791294e-06,3.856192900960355e-07,6.310031563781444e-05,5.0114482419003184e-05,5.733614777078195e-07,7.184320343990693e-07,3.616393791534311e-06,0.9453449748967856,0.0006640016861200501,7.92730048167507e-06,5.513030493679236e-08,5.496933459688435e-06,0.0007511458718975606,0.0003218732903088628,0.036870826461619356,3.8351025269619284e-08,0.0002452543900979031,0.009661978489975154,4.8472882359409925e-08,6.2477109308998895e-12,1.811821946978716e-05
54,0.0010502492384097508,0.0025202193473851495,8.559339077256087e-06,7.62438655899728e-08,1.0782287675814601e-05,8.258893115176359e-07,8.038892492963558e-05,0.00024051746349355442,6.193481421859919e-07,1.254185088998012e-06,1.7726046473829555e-05,0.8579438002564169,0.0016358024008378356,1.1000063446785728e-05,2.547121788849503e-07,1.1066131475139793e-05,0.001058287293067596,0.00045013515487568216,0.11528710053675463,2.1043496217465013e-07,0.0009448248824310293,0.01871623914349672,1.616536722286443e-07,4.656725113624127e-11,9.89897596362253e-06
55,0.0005652690910192942,0.0014384603449265978,6.701495739183917e-06,3.8675636108023764e-08,3.927823431819576e-06,3.525959492442277e-06,0.0002531117332906449,0.0009309355903824704,1.2657217729705138e-06,6.8189890773233814e-06,1.0101640522419392e-05,0.11278456989877977,0.0006186456900663177,1.1611017278528051e-05,2.8933249110769527e-06,2.0696515381639248e-05,0.0010472518748939619,5.595165718290662e-05,0.6362660391250579,7.747241540950389e-07,0.0011399396688581418,0.2448166401023313,4.680837069092133e-07,7.840206351226798e-11,1.436117370433701e-05
56,0.00045999595810153565,0.005431547718983652,7.039608864948069e-07,9.230373675324847e-09,3.136421403542328e-06,3.861586471975208e-07,6.668626857137776e-05,5.0667500591094335e-05,5.819169163105183e-07,6.970049103702138e-07,3.6581106448136177e-06,0.9472246542670295,0.0007147716976716493,7.986400680230408e-06,5.4226307395903875e-08,5.6959801527184866e-06,0.000760578235207251,0.0003238633971005565,0.0353942020577082,3.8221481064016626e-08,0.00023044169436708278,0.009301697102025263,4.886061280272494e-08,6.135007814691051e-12,1.7897603491233252e-05
57,0.12763126849478468,0.1404697418453927,5.613102097642238e-06,3.2803438608922874e-05,0.00035223964390569413,5.9853112618409645e-05,0.08099158260240633,0.0005147078468865527,0.02457295094722404,0.0003812455910824083,0.0006876322426127232,0.28490406437411686,0.0034242417770431258,0.003126879778889281,3.975884794076588e-05,0.0011850466283824664,0.09412541110148633,0.08382102590689332,0.0038876472749032644,2.021420136324829e-06,0.0004615035162665,0.03875658476936795,9.603872020096267e-05,4.753324991463649e-07,0.11046966168425354
58,0.0005214380743708398,0.005681379498135727,8.094304630272183e-07,1.0424593406498941e-08,3.3797291255036205e-06,4.260008402894242e-07,7.221488638609646e-05,5.503841590501527e-05,6.596454704834572e-07,8.168734111252407e-07,4.149188957352413e-06,0.9425787329650116,0.0007105615423871047,8.737066507265669e-06,6.687227998296878e-08,6.18240400201638e-06,0.0008168545779067653,0.0003424845172044123,0.03814378700857398,4.301045806812134e-08,0.00025870587967608347,0.010773287195423751,5.499044435391448e-08,8.084203322200197e-12,2.0179794381572337e-05
59,0.0005532158766333446,0.0058389703984687135,8.932034727382213e-07,1.1102196899099401e-08,3.691748012534427e-06,4.337676459448062e-07,7.202678443226424e-05,5.606726248435952e-05,6.950463190863224e-07,8.917876318139867e-07,4.387087238551341e-06,0.9406470727891639,0.0006847188042048146,9.271761430978536e-06,7.316997247687783e-08,6.242461428224948e-06,0.0008216929244972391,0.0003560680813068523,0.03921382196478459,4.604196505510862e-08,0.0002799875137475336,0.011427982513550549,5.7728033937998555e-08,9.187466783606162e-12,2.1680172190025736e-05
60,0.00048679174286707675,0.005545270201767722,7.307648972277101e-07,9.479402594397422e-09,3.2504812022472437e-06,4.015765797126266e-07,6.889034687930019e-05,5.247697144161759e-05,6.084882200917403e-07,7.43873926713323e-07,3.7100497285572202e-06,0.9447313420835476,0.0006803943784720941,8.217439182716188e-06,5.880040048807077e-08,5.8449348954839105e-06,0.0007748603734558041,0.0003299673344434201,0.037107256190185386,3.9983462185950066e-08,0.0002491829534736191,0.009930695985920668,5.197171389150933e-08,6.501792930851314e-12,1.9203587431801297e-05
61,0.0005490376947410329,0.0056946400721491,9.125798040767698e-07,1.090655704762039e-08,3.5454089723947456e-06,4.289643469785493e-07,6.977153374869286e-05,5.7356992578988935e-05,6.499243929844605e-07,8.409472713651821e-07,4.197675431335649e-06,0.9407324181163105,0.0006928854171005996,8.816899757822256e-06,6.953803512710658e-08,5.988016218780237e-06,0.0008189993006978881,0.0003506968194998151,0.039571799343774354,4.4990911502316555e-08,0.0002752185923820286,0.011141420462330002,5.5022426031940955e-08,8.491889296546424e-12,2.0194772069523053e-05
62,0.00048679174286707675,0.005545270201767722,7.307648972277101e-07,9.479402594397422e-09,3.2504812022472437e-06,4.015765797126266e-07,6.889034687930019e-05,5.247697144161759e-05,6.084882200917403e-07,7.43873926713323e-07,3.7100497285572202e-06,0.9447313420835476,0.0006803943784720941,8.217439182716188e-06,5.880040048807077e-08,5.8449348954839105e-06,0.0007748603734558041,0.0003299673344434201,0.037107256190185386,3.9983462185950066e-08,0.0002491829534736191,0.009930695985920668,5.197171389150933e-08,6.501792930851314e-12,1.9203587431801297e-05
63,0.00048527770441804727,0.005742636971901194,7.188535374874576e-07,9.196202308983314e-09,3.228822410242205e-06,3.97725753759019e-07,6.832929219429936e-05,5.160049722793168e-05,6.122080508970713e-07,7.289242647365842e-07,3.685687708474988e-06,0.9449346362949606,0.0006803621907849166,8.090261019941555e-06,5.832906250162521e-08,5.701072834740893e-06,0.0007689522098771731,0.0003218983689123757,0.03681528308248811,3.839733327912196e-08,0.00024435895446467117,0.00984424586196027,5.058611904061745e-08,6.375268912348461e-12,1.9098500137588637e-05
64,0.00047219480309534093,0.005554410571119081,7.680777307278122e-07,9.881746084929139e-09,3.3710620232898633e-06,4.174260959371266e-07,6.824299351563877e-05,5.224892149479308e-05,5.675343772728074e-07,7.525332151630914e-07,3.9015625807992995e-06,0.9437704422441591,0.0006489940012172293,8.023132990070119e-06,6.404365606361758e-08,5.694284774859695e-06,0.0007292753016733306,0.00031215797752327063,0.03821133106931656,4.104254386509846e-08,0.00030121209954340924,0.009837220470298676,5.456998054812301e-08,6.703753825996076e-12,1.8604388624886724e-05
65,0.00047908930928597946,0.006180439138540765,1.364016584378575e-06,1.5099935070677063e-08,4.359130811428825e-06,7.330629831095527e-07,9.86225404794709e-05,7.331910147132469e-05,6.021831317985637e-07,8.193045026213165e-07,5.6293313320849364e-06,0.9232127665134621,0.0007207546196351987,9.850587049469768e-06,1.6020971236249462e-07,6.852046215785901e-06,0.0008579533113473533,0.000266162230650402,0.052849756306027215,5.279504974557448e-08,0.0004128693041009953,0.014797418090094857,7.485107070604774e-08,1.0873272276212832e-11,2.033690565232401e-05
66,0.00038721633641266076,0.004219632388857907,6.83379275432805e-07,9.000772070520488e-09,3.3581685273126277e-06,2.793423289497439e-07,4.547424170880934e-05,3.213796144380078e-05,4.146437980200689e-07,6.715632775381519e-07,3.6552869431105604e-06,0.9587672254013166,0.0005497898739216328,8.301648621922891e-06,4.038243567549896e-08,4.652044511725774e-06,0.0006005206145495408,0.00033467167630404286,0.026780240990934703,3.148116192608872e-08,0.00023431279629978027,0.008011596343581288,3.505760484678291e-08,5.967614218144747e-12,1.5049369443029172e-05
67,0.00015918838011487254,0.0031425757882458504,4.0971549166079337e-07,6.012926433095566e-09,1.381993985643698e-06,7.559427553544718e-07,4.255430827090389e-05,1.6739440942134094e-05,2.2818879875106995e-07,5.958639614370628e-07,2.9940960069703118e-06,0.9681955556253968,0.0003866606716077706,1.423703024049568e-05,5.352703322090997e-08,3.95394804684713e-06,0.0007849213332448966,0.00030869293458614107,0.01694872377983749,6.007647889936595e-08,0.000309854962271306,0.009658020177635063,7.924360356911839e-08,6.0041894962880256e-12,2.1756952513286412e-05
68,0.0003237539533650993,0.002963719711896031,4.895145138453257e-07,6.7954189958837245e-09,1.6863701907009267e-06,2.503776423923866e-07,4.504184050280939e-05,3.6440805094098515e-05,2.528863570895666e-07,3.654167888211299e-07,2.2463521142802586e-06,0.9688897295233209,0.0007251666029523262,5.136690051943948e-06,2.0267847803752046e-08,4.137128537682385e-06,0.0005987899829600398,0.00039201643885670637,0.021597741303404146,2.9940163163392064e-08,0.0001661886511659861,0.0042366346954680065,3.220922125369104e-08,2.6778070324443825e-12,1.0122539488258031e-05
69,0.0003977451792914707,0.004718051793511775,6.815717452231996e-07,7.700213887663741e-09,2.5433240350850606e-06,4.143876622413849e-07,5.750581336741463e-05,4.694204534350572e-05,4.3099562462007543e-07,6.701767358828105e-07,3.4079737402057776e-06,0.9444480710742068,0.0006641060254089274,7.563538176884701e-06,5.1489352262059664e-08,5.204074836679782e-06,0.0007085101490767021,0.000290132006551129,0.03867269423606641,4.241908653235866e-08,0.0002642907743449488,0.009695717241746293,4.884400234520689e-08,5.329862601950554e-12,1.5167160542920465e-05
70,0.0003691093857565955,0.0038391447155503348,6.04675683337652e-07,1.5355929178734013e-08,3.859886356080787e-06,4.563315773075489e-07,6.992999376585802e-05,4.852452740346294e-05,7.80620206082036e-07,6.757848251540285e-07,3.512778540609074e-06,0.9640008018361464,0.0007565519287063433,1.0879953975401589e-05,4.514811955238191e-08,8.384960857855103e-06,0.0009600215118713058,0.00043041566104642687,0.022232013382871865,5.101025014371642e-08,0.00018134005196082054,0.007062883743540082,7.287147640355554e-08,7.805878215112545e-12,1.9923875777458243e-05
71,0.0004873073569508887,0.005498451519108698,6.355018832199315e-07,9.121560602967045e-09,3.2211939662849094e-06,3.65420700561448e-07,6.497064702444918e-05,4.94164540446696e-05,6.357814819628917e-07,7.120434720947821e-07,3.6277383512357995e-06,0.9490549613353417,0.0006664674927433267,7.80220922492404e-06,5.213802342656589e-08,5.92824610508417e-06,0.0007635019941264847,0.0003306778438577062,0.033986089354124276,3.695916978216414e-08,0.00022971065954335946,0.008826841491922867,5.062978567865098e-08,6.1603224687540375e-12,1.852686132654389e-05
