,0,1,2,3,4,5,6,7,8,9,10,11,12,13,14,15,16,17,18,19,20,21,22,23,24
0,5.615553785875698e-05,5.1861465563422505e-06,2.7114965502873536e-06,3.3756090838583813e-05,1.259665073831962e-07,4.455798061365879e-08,6.676540069667095e-05,6.973345769383774e-07,0.011252972164079061,9.25486268631837e-08,4.6114157209921954e-08,0.9772004072637218,0.004196819023581844,7.465289109221792e-07,5.974567014974181e-06,7.548356246709654e-05,0.00015095051757208047,0.00024396936627761915,9.60004062020754e-05,6.770547895670903e-07,0.0011256729952402883,0.004924852504826743,1.7150103361611098e-08,3.212066868487703e-06,0.0005566636339944373
1,6.194936343255007e-05,5.333912364845472e-06,3.2004658146707213e-06,3.227174232653263e-05,1.0724246100773015e-07,4.5163248369701776e-08,6.895976268464449e-05,7.039111221273206e-07,0.01254924961076727,1.0583056616690135e-07,3.6800977212781965e-08,0.9769200961069362,0.004099507375430218,6.005954468103498e-07,5.69835098821833e-06,8.621714817207515e-05,0.00010914616393208027,0.0002354895731350537,0.00010510251760227556,6.285825064093599e-07,0.0010552080824418237,0.004162451281013327,1.3731146999229436e-08,3.3662880814372483e-06,0.0004945103974016528
2,6.055300483272631e-05,5.256509105093978e-06,2.570230644597778e-06,2.780340163786419e-05,1.5343077101101093e-07,3.5375485263634376e-08,7.564659082200745e-05,6.574152189772656e-07,0.010873585116024105,8.641610082201885e-08,3.986433500769723e-08,0.978143731693543,0.004191117436188921,7.610277529782654e-07,6.7102526283454036e-06,6.697579116300441e-05,0.00014118348119394276,0.00023418012086675225,7.556695975854544e-05,6.674549731097783e-07,0.0009594753048310523,0.004457082162670666,1.558186570993792e-08,2.38833284025753e-06,0.0006737570447463597
3,5.3471299840266504e-05,5.018825501360375e-06,2.551472645571506e-06,3.4052827855323334e-05,1.103082458095953e-07,3.882514552389484e-08,6.454334700065284e-05,6.356612201517099e-07,0.010061335182219026,9.036849791468884e-08,4.0726821109161216e-08,0.9791590543112814,0.0038281547669001847,7.333863766043988e-07,5.239406219935689e-06,6.546179160846552e-05,0.00013811445786753878,0.00023467501779831574,8.334671583643785e-05,6.154883490730878e-07,0.0010633748370494584,0.004647634930204755,1.6454922879834092e-08,2.907004889887197e-06,0.0005487825857024971
4,4.9966595424463575e-05,4.607373897570317e-06,2.2950431176626056e-06,3.160510551919474e-05,1.0190330444179122e-07,3.4556491528935676e-08,5.960083033486298e-05,5.419863129104658e-07,0.009050689206238952,8.174703574698362e-08,3.706931303904972e-08,0.980571830465422,0.003999461535506647,7.117095201489309e-07,4.555594640989664e-06,5.664619860054954e-05,0.0001323200307496279,0.0002156809056711372,7.5008847092846e-05,5.849959185423649e-07,0.0009980670708180056,0.004209502929399299,1.5770214895005075e-08,2.7412179323863075e-06,0.000533311311522816
5,5.0457548184375593e-05,4.6612451553528315e-06,2.266556637956184e-06,3.8252120460058357e-05,8.600094093841316e-08,3.534514802205888e-08,5.4853093737400076e-05,5.468640793207598e-07,0.008701498894079248,9.180837165724649e-08,3.4974517164763944e-08,0.9806934405253429,0.0036802279359708775,7.579865713270333e-07,4.233356841876772e-06,5.694855871059462e-05,0.00014057220489238878,0.0002597201204014121,7.025751835832657e-05,6.039902222628222e-07,0.0010675992973444715,0.004625863169842274,1.5967209455120306e-08,2.822348264699901e-06,0.0005441525687155279
6,5.3471299840266504e-05,5.018825501360375e-06,2.551472645571506e-06,3.4052827855323334e-05,1.103082458095953e-07,3.882514552389484e-08,6.454334700065284e-05,6.356612201517099e-07,0.010061335182219026,9.036849791468884e-08,4.0726821109161216e-08,0.9791590543112814,0.0038281547669001847,7.333863766043988e-07,5.239406219935689e-06,6.546179160846552e-05,0.00013811445786753878,0.00023467501779831574,8.334671583643785e-05,6.154883490730878e-07,0.0010633748370494584,0.004647634930204755,1.6454922879834092e-08,2.907004889887197e-06,0.0005487825857024971
7,0.0001011998833672471,5.319276229366696e-06,4.074171425624191e-06,2.56203317872319e-05,1.1263107914893417e-07,3.9898551262578637e-08,7.268372683623441e-05,7.28884341359664e-07,0.009483098090573062,9.353553468043523e-08,3.73738911076974e-08,0.9803892386867877,0.00528035253737573,5.788951942034166e-07,3.4519575679000988e-06,5.4438089578811263e-05,0.00011661120929868813,0.00023029084750533042,0.0001228523664074472,5.801807867798152e-07,0.0007887051020630364,0.0028562716597443864,1.3958151111527065e-08,4.032735374300368e-06,0.0004595739705480327
8,5.3819825507145505e-05,5.371264557100701e-06,3.238271639860078e-06,3.95240590744072e-05,8.567922169859858e-08,3.030180734849453e-08,6.820056018787496e-05,5.804349776232699e-07,0.007494122496822473,9.192744922841092e-08,3.132026466207682e-08,0.984874339985823,0.0031602505890331,6.621990755634147e-07,2.899596487193273e-06,4.5096160329551864e-05,8.49152206072196e-05,0.00015268544894542663,6.22114176128491e-05,5.046429184672835e-07,0.0007927615483182066,0.0027175100992852088,1.9202500311804388e-08,2.843848562607173e-06,0.00043820389899180615
9,3.754186625862192e-05,4.68398705953342e-06,2.7561159721385895e-06,4.415794292803778e-05,6.480504806610514e-08,3.12148790038526e-08,5.7183999890748274e-05,4.429875064602509e-07,0.008106029181355865,9.563571512275808e-08,2.6997385839746784e-08,0.9839238247857193,0.002946282364097892,5.687264950113516e-07,3.239506099325138e-06,5.098251764938549e-05,7.75820643563061e-05,0.0001583371309334631,5.392344381268081e-05,5.235950308116497e-07,0.0010103927828898581,0.0030897114927397732,1.705065012662557e-08,2.8447489335456023e-06,0.00042875505659290724
10,5.3471299840266504e-05,5.018825501360375e-06,2.551472645571506e-06,3.4052827855323334e-05,1.103082458095953e-07,3.882514552389484e-08,6.454334700065284e-05,6.356612201517099e-07,0.010061335182219026,9.036849791468884e-08,4.0726821109161216e-08,0.9791590543112814,0.0038281547669001847,7.333863766043988e-07,5.239406219935689e-06,6.546179160846552e-05,0.00013811445786753878,0.00023467501779831574,8.334671583643785e-05,6.154883490730878e-07,0.0010633748370494584,0.004647634930204755,1.6454922879834092e-08,2.907004889887197e-06,0.0005487825857024971
11,5.2561822761812226e-05,4.83191692149753e-06,2.463990152381803e-06,3.286289383484669e-05,1.0870527748270091e-07,3.694412176216503e-08,6.266924457698974e-05,5.968486367121456e-07,0.009538933669104674,8.773467501362943e-08,3.912245060788316e-08,0.9798503435028229,0.004062767499029932,7.196589801425211e-07,4.828374566929526e-06,6.200673694222262e-05,0.00013574900189502808,0.00022504307117185036,8.013327382644133e-05,6.254323814807283e-07,0.001025555477292745,0.0043179729891322585,1.64021849756353e-08,2.911731549212222e-06,0.0005361339557102719
12,3.669665350836215e-05,3.4967382737492215e-06,3.34369173166975e-06,2.6988624806664035e-05,6.303538507759048e-08,3.065336348981342e-08,6.865035291322432e-05,9.37950847110826e-07,0.00926234345107435,7.109414473643163e-08,4.929078669288373e-08,0.9831873759481341,0.002250244473678742,3.23773247402877e-07,6.044194585916656e-06,7.758393899833448e-05,4.717778623499791e-05,0.00012025452477812161,0.00011710143100807521,3.95723303137633e-07,0.0007484443657119135,0.003802493363605683,1.2468322648338428e-08,3.7479642783959377e-06,0.00023612850727745992
13,1.997560237413867e-05,2.4486557757639697e-06,1.1854964825814024e-06,2.533572473708816e-05,6.106680371959908e-08,1.5177061853215057e-08,4.482571372086472e-05,5.660287285708927e-07,0.0042339953701509715,3.4176324522324844e-08,5.068623013291409e-08,0.988743482246578,0.00209683196792669,7.820000220138012e-07,3.240825682748223e-06,2.958345042855199e-05,7.871557933944523e-05,0.00010936821548838117,4.0511030574087145e-05,3.3775296423215656e-07,0.0005889159101945732,0.0036854244922563794,1.4317164776184065e-08,1.5545694086602578e-06,0.000292743943581223
14,7.687257906377096e-05,1.102145335415681e-05,2.2004487018850407e-06,3.730372743974279e-05,2.3256795859575983e-07,4.0879032992638065e-08,0.00010164228907855759,9.127535221213331e-07,0.010809158656779606,1.8404940378320262e-07,5.450206348950929e-08,0.9767053875677321,0.004046103211886007,1.240102125476132e-06,4.893085495464155e-06,7.800042393727698e-05,0.00018543959955452457,0.00030496470414724324,0.00012042530664081529,8.835322721216024e-07,0.0010966957952200816,0.005814509339606341,2.6035017679159567e-08,3.5488098616897926e-06,0.0005982585801043543
15,5.3471299840266504e-05,5.018825501360375e-06,2.551472645571506e-06,3.4052827855323334e-05,1.103082458095953e-07,3.882514552389484e-08,6.454334700065284e-05,6.356612201517099e-07,0.010061335182219026,9.036849791468884e-08,4.0726821109161216e-08,0.9791590543112814,0.0038281547669001847,7.333863766043988e-07,5.239406219935689e-06,6.546179160846552e-05,0.00013811445786753878,0.00023467501779831574,8.334671583643785e-05,6.154883490730878e-07,0.0010633748370494584,0.004647634930204755,1.6454922879834092e-08,2.907004889887197e-06,0.0005487825857024971
16,5.412775215107042e-05,5.054263712686123e-06,2.5844173800159506e-06,3.423947584280542e-05,1.11692736229047e-07,3.935972773687933e-08,6.476241665371065e-05,6.39835018795637e-07,0.010179773596018264,9.022303266415917e-08,4.116530777153526e-08,0.9790030993832085,0.003864652646274705,7.349719996889436e-07,5.270044999916955e-06,6.594829976332362e-05,0.00013929799972979806,0.00023554309982244627,8.407401438929093e-05,6.197083727817461e-07,0.0010625284283211972,0.004643493576293515,1.653301250897878e-08,2.9415184460977285e-06,0.0005503155777845003
17,3.28169762686428e-05,3.678946389795311e-06,1.4689900318272384e-06,3.267633925489116e-05,9.701782358617742e-08,2.3829164824890398e-08,5.3881171165331225e-05,5.074687131350828e-07,0.005762286379443911,7.342295868012852e-08,3.616200441314961e-08,0.983692038142419,0.003727029402790817,9.175733485416961e-07,3.5933553059867224e-06,4.456650560762175e-05,0.00016689877846326123,0.00019202303431217857,4.9046087561618896e-05,6.408695137931264e-07,0.0009779434095908781,0.004710912868075435,2.035588100822433e-08,2.0020652690895885e-06,0.0005448208486415708
18,5.362565768477204e-05,4.224723822785873e-06,1.6868817684546551e-06,2.8394827162895337e-05,1.1720801235707385e-07,2.898705124057418e-08,5.894901129381797e-05,4.2117659438138876e-07,0.007515458683740252,8.57101789980482e-08,2.803256664511836e-08,0.9801086367565692,0.0046369438170817566,9.422682185183021e-07,4.375288769701824e-06,4.5006661771208086e-05,0.0002195636840750727,0.00031490106296439414,5.23174712185041e-05,6.462945256945145e-07,0.0011807342777175299,0.004896450016576108,1.501766667668078e-08,1.8215741539191394e-06,0.0008746249088150208
19,3.2634902932175805e-05,3.75024358469044e-06,1.9208932315277543e-06,2.9294993501303887e-05,7.044548832819997e-08,2.2740184567768325e-08,6.060694679269496e-05,4.6905850318102747e-07,0.007180342873501366,7.301882839981019e-08,2.8184187364538856e-08,0.9846787902355766,0.0027113233210343756,5.698936843347935e-07,4.037413180545899e-06,4.8226721998868185e-05,8.021649010281457e-05,0.00015403212840998498,5.2396144324870195e-05,4.293394467066631e-07,0.0008477756190869703,0.0036760552944472167,1.2752749764557152e-08,1.9256082209508106e-06,0.0004349947370005213
20,3.86789896095629e-05,4.150364954806307e-06,2.3067951319723175e-06,3.3000649538714734e-05,8.576115248656405e-08,3.2276965081770606e-08,6.491108323041231e-05,7.768702092453294e-07,0.008372629286773951,8.630392571904571e-08,4.514825538080332e-08,0.9811497466505461,0.002718799163878907,6.827515282596824e-07,6.710945288553433e-06,6.471993466699518e-05,0.00010987978336403127,0.00020928139380939128,7.913544545335712e-05,5.264735525794513e-07,0.0010039448014024597,0.00565338723163704,1.57789436540416e-08,2.393271134441237e-06,0.0004840728450469254
21,4.3032334314484344e-05,4.299426733212449e-06,2.141561080807033e-06,3.2938959623377854e-05,7.829305925546878e-08,3.0699564687038505e-08,5.5872264155789056e-05,5.527431512523818e-07,0.008940470215283726,8.30635652620879e-08,3.137755976705655e-08,0.982368980703245,0.0032269287880388894,6.92838071737984e-07,3.8166365468611185e-06,6.466529654327724e-05,8.636001348330946e-05,0.0001998465000591012,6.454711406176173e-05,5.072850320084917e-07,0.0009074493919294842,0.003584619859019259,1.2243202001340334e-08,2.5075338017299195e-06,0.00040953485887385005
22,8.501194315070027e-05,5.7562793223761025e-06,2.9480094116832163e-06,3.988996462737383e-05,1.4128714931015924e-07,5.6762830752914526e-08,6.306751171622493e-05,8.01245037874027e-07,0.011806274669933918,1.072941344429911e-07,5.6268349525016326e-08,0.9733393742166502,0.00479869713444634,9.529746181904923e-07,7.160176827797493e-06,8.020884992469466e-05,0.00026000287851674466,0.0004417117898098253,0.00011176016212819219,8.234626588911921e-07,0.001331613865899485,0.00685970030743169,1.7846462412410993e-08,3.7817199444802296e-06,0.0007600833790169414
23,5.3471299840266504e-05,5.018825501360375e-06,2.551472645571506e-06,3.4052827855323334e-05,1.103082458095953e-07,3.882514552389484e-08,6.454334700065284e-05,6.356612201517099e-07,0.010061335182219026,9.036849791468884e-08,4.0726821109161216e-08,0.9791590543112814,0.0038281547669001847,7.333863766043988e-07,5.239406219935689e-06,6.546179160846552e-05,0.00013811445786753878,0.00023467501779831574,8.334671583643785e-05,6.154883490730878e-07,0.0010633748370494584,0.004647634930204755,1.6454922879834092e-08,2.907004889887197e-06,0.0005487825857024971
24,5.34424182189481e-05,5.504863064733671e-06,2.2844477307616603e-06,3.996349894023393e-05,1.0021004688562773e-07,3.7246566335145086e-08,5.746530503602208e-05,5.970761415064961e-07,0.00900775839606421,1.0144494471107151e-07,3.7111552723899706e-08,0.9804435509709425,0.003911574427934081,8.910198486618499e-07,3.8064213049642397e-06,6.162842777604291e-05,0.00014251608144806257,0.0002469460128068439,7.547677059331509e-05,6.60999542985283e-07,0.0010254699036174682,0.004404445903090359,1.8235250027921198e-08,3.0008592448610936e-06,0.0005127219482928378
25,3.374144966618123e-05,4.025928923451025e-06,2.1699293344119016e-06,4.200989357086518e-05,9.171339404922958e-08,3.33579627305528e-08,6.463119295212124e-05,1.1058849402687016e-06,0.006944378927190231,7.72939417213039e-08,6.890725693062111e-08,0.9837578902897008,0.0025589547571403214,9.914893512173952e-07,4.5159257285246475e-06,6.64083967209538e-05,0.00011027055920149656,0.0001811879793895515,7.728789830944246e-05,5.617324966680834e-07,0.0008644124454015116,0.004948271444716217,2.0572901324731345e-08,2.8329217193814026e-06,0.0003340591080894483
26,0.00011706961667874983,7.104182039343132e-06,3.81813399651776e-06,4.092234603415106e-05,1.5850477114158327e-07,6.620550593114924e-08,5.692579950896654e-05,5.929274213032323e-07,0.014655455880713805,1.036356670763711e-07,4.988330286861414e-08,0.9708597948188178,0.007403687328886707,6.991550491578194e-07,3.949905054971382e-06,7.540604603672446e-05,0.0002349526136081007,0.00034344446244393464,0.00014455937036465284,9.840685373969276e-07,0.001247508417245063,0.0042326588071124,2.1732244764002226e-08,7.351071410247887e-06,0.0005627150875483712
27,4.714599158617867e-05,4.803322262367903e-06,2.4315052382084396e-06,3.5408997875761246e-05,9.81311097552123e-08,3.7553523678579737e-08,6.348543773615787e-05,7.068166939651996e-07,0.009696745730241171,9.057657207752157e-08,4.548822327388522e-08,0.9791913871079997,0.00321928547341884,7.251818263147726e-07,6.056021944460808e-06,6.757640641010387e-05,0.00013166271630131525,0.00023275751604324668,8.692002246534796e-05,5.833581213532481e-07,0.0010603923190207149,0.0056347223949829274,1.6910666143893578e-08,2.8880715062314705e-06,0.0005140269482308062
28,5.3471299840266504e-05,5.018825501360375e-06,2.551472645571506e-06,3.4052827855323334e-05,1.103082458095953e-07,3.882514552389484e-08,6.454334700065284e-05,6.356612201517099e-07,0.010061335182219026,9.036849791468884e-08,4.0726821109161216e-08,0.9791590543112814,0.0038281547669001847,7.333863766043988e-07,5.239406219935689e-06,6.546179160846552e-05,0.00013811445786753878,0.00023467501779831574,8.334671583643785e-05,6.154883490730878e-07,0.0010633748370494584,0.004647634930204755,1.6454922879834092e-08,2.907004889887197e-06,0.0005487825857024971
29,5.3471299840266504e-05,5.018825501360375e-06,2.551472645571506e-06,3.4052827855323334e-05,1.103082458095953e-07,3.882514552389484e-08,6.454334700065284e-05,6.356612201517099e-07,0.010061335182219026,9.036849791468884e-08,4.0726821109161216e-08,0.9791590543112814,0.0038281547669001847,7.333863766043988e-07,5.239406219935689e-06,6.546179160846552e-05,0.00013811445786753878,0.00023467501779831574,8.334671583643785e-05,6.154883490730878e-07,0.0010633748370494584,0.004647634930204755,1.6454922879834092e-08,2.907004889887197e-06,0.0005487825857024971
30,5.3471299840266504e-05,5.018825501360375e-06,2.551472645571506e-06,3.4052827855323334e-05,1.103082458095953e-07,3.882514552389484e-08,6.454334700065284e-05,6.356612201517099e-07,0.010061335182219026,9.036849791468884e-08,4.0726821109161216e-08,0.9791590543112814,0.0038281547669001847,7.333863766043988e-07,5.239406219935689e-06,6.546179160846552e-05,0.00013811445786753878,0.00023467501779831574,8.334671583643785e-05,6.154883490730878e-07,0.0010633748370494584,0.004647634930204755,1.6454922879834092e-08,2.907004889887197e-06,0.0005487825857024971
31,8.072406853450952e-05,5.786004790802377e-06,3.4282863054336343e-06,3.4528282965299215e-05,1.105755659441827e-07,3.695928410188768e-08,7.683702095184205e-05,9.561834107394869e-07,0.008975231306182514,1.1706902211239791e-07,3.877376819984231e-08,0.9809223253639093,0.003958360419886681,7.479649804830508e-07,4.326248557260004e-06,6.199842028194423e-05,0.00012985898209380472,0.0002659851194126947,0.00010504353659890666,6.526634713158976e-07,0.0009365389014140926,0.003918524971003142,1.6713059461643896e-08,3.106552451832387e-06,0.0005147196120976907
32,5.666149476528151e-05,5.207580912471136e-06,2.6432097656858202e-06,3.302815474778882e-05,1.1009713575592436e-07,4.037459561394435e-08,6.526985247881145e-05,6.629823549017634e-07,0.010126369446958931,9.500643070012262e-08,4.2031021710662e-08,0.9789186831967465,0.0038480957591830473,7.28550534691213e-07,5.27851040182076e-06,6.53161135123816e-05,0.00013873145456248535,0.00023903127395128804,9.385146565649383e-05,6.088443979463021e-07,0.0010752012737335274,0.004781923152578203,1.6840164106700866e-08,3.0793767134976486e-06,0.0005393239566965041
33,4.927392645187238e-05,5.093688747903265e-06,2.2997836695924783e-06,4.212980161783181e-05,1.1839103962487684e-07,4.6251513166514266e-08,6.128568820425989e-05,7.879426388047335e-07,0.008710592447849072,1.1538931092268419e-07,5.153185673186268e-08,0.9783601923168821,0.004716433062337298,9.911226429000209e-07,4.4742729212765495e-06,7.985488951897254e-05,0.00019763702035477702,0.0002613468797245533,9.858995337203227e-05,8.519180839738194e-07,0.0011786269484486494,0.005723495242208324,2.3995980659329595e-08,3.77420523354652e-06,0.0005019133293909337
34,0.00014189927166034243,7.455921314154724e-06,4.122295822681811e-06,1.7259352379767823e-05,1.2360976971256804e-07,4.7552885013306976e-08,6.245271849813534e-05,5.932044428804524e-07,0.018763344406268572,5.723523828891876e-08,4.663873161526283e-08,0.9716732405708123,0.004400597079328604,4.4282090988313006e-07,4.994839615698576e-06,4.827671474116984e-05,8.843873611127229e-05,0.0002285980753815849,0.00022824969611806716,3.4703308222883957e-07,0.0007886667547900347,0.0031469695303912313,9.045943304394419e-09,4.8426189099851644e-06,0.00038892427685356505
35,1.706420124426961e-05,5.546019840182858e-06,2.3330393834820322e-06,4.975403813786586e-05,2.669888332905701e-07,7.576634899125997e-08,6.720746829675478e-05,5.431893539442239e-07,0.009439563302404402,8.418873738069777e-08,1.108512518140638e-07,0.9752979300005852,0.005845906463526272,1.600930135488519e-06,1.0290487149503108e-05,0.00011241781863175032,0.0002583838602267247,9.071283730552148e-05,6.034972210512036e-05,1.2505800405597896e-06,0.0013633564891211514,0.006657167417052396,6.639966106706624e-08,3.2310482679557817e-06,0.0007147868923589141
36,0.00010101363288137304,1.0619647682244579e-05,4.425504980707815e-06,6.11684481748147e-05,2.3825126244202073e-07,9.972771534640445e-08,8.26032427661419e-05,6.700066669214968e-07,0.020971181756615716,1.5689964860164216e-07,5.963802936840318e-08,0.9627168933218334,0.005714936347276527,1.1016355920313111e-06,7.935248985396585e-06,9.39184802915072e-05,0.00028842055875874506,0.0004518451412035853,0.0001213736060558701,1.1252572631065459e-06,0.0020884703632579773,0.006294413430697321,2.9736589549134045e-08,5.769742264126829e-06,0.000981530373507123
37,6.423926971342808e-05,5.1861055669556245e-06,2.5779554173246953e-06,3.376740172399677e-05,9.872271086483334e-08,3.4710682405166534e-08,6.045742906813726e-05,5.800928394391131e-07,0.009365527112502593,9.176154751528319e-08,3.573636046316885e-08,0.9802578276552711,0.004002080051803377,6.656653418427333e-07,3.8968994131656926e-06,5.6372613755823415e-05,0.00013457434840297746,0.00025070505423219533,8.544751542812471e-05,6.045080698604942e-07,0.0009928342114841671,0.004177403226632699,1.569249011012217e-08,3.3429018134620996e-06,0.0005016333577277223
38,9.666212149569224e-05,6.169611527761208e-06,4.223600856712723e-06,2.5859266237884126e-05,1.5784190233574401e-07,6.078782597097336e-08,8.912486002058639e-05,6.856675819401033e-07,0.01589148419314402,1.0742985487113286e-07,4.0655157183297225e-08,0.9727815910829875,0.004951406172095131,6.053638941223088e-07,7.387920296875544e-06,9.049573950221664e-05,0.00011500790879218555,0.00026340734250453163,0.00013223847188489018,5.49264335580664e-07,0.0010311983601460175,0.003865344294343261,1.2762448998491594e-08,3.7324506775379036e-06,0.0006424468304862202
39,5.227611504274775e-05,5.151941447588797e-06,2.3449914763513637e-06,3.264579397434859e-05,1.0734509681960224e-07,3.375247041174425e-08,6.242732081976259e-05,5.694206285994427e-07,0.009842756503749285,8.200136029480733e-08,3.8242561176367066e-08,0.9800077130665664,0.0035517859308618746,7.2776293527437e-07,4.835433873172117e-06,5.806657064551342e-05,0.00012717959724618984,0.00021984986131239935,7.476156587781822e-05,5.664931235707453e-07,0.0009733444410966889,0.00444739509964344,1.561104129728895e-08,2.684036143718159e-06,0.0005326411010052115
40,4.877219083905685e-05,4.52830421005525e-06,2.3999948433168826e-06,2.7037334263930316e-05,1.0020895501281372e-07,3.208263420347738e-08,6.36782217454459e-05,5.162574113435034e-07,0.009520962863116243,7.11931565026992e-08,3.577492454984962e-08,0.9810495537962878,0.0034912478433458713,6.393438911349196e-07,5.156555320223218e-06,5.211008238673428e-05,0.00010569716037150587,0.00018983312652567295,7.204409140469107e-05,4.7106625035320204e-07,0.0009000013277826319,0.003930426343168941,1.3427371347923687e-08,2.366901826482982e-06,0.0005323045079669059
41,9.636098901827966e-05,5.837853728168629e-06,4.180393538256868e-06,2.5147597457454195e-05,3.261721160824413e-07,4.670034391651867e-08,0.0001063271144037793,6.624765407040347e-07,0.02214364682962566,6.226319990179408e-08,4.135565747002195e-08,0.9665201998779288,0.006537515931632368,5.580822473709421e-07,9.971473501942547e-06,0.00011776697624416031,0.000112875098018631,0.0002155771241916538,6.880345334588622e-05,7.924122241460434e-07,0.0007821959152331127,0.0024880453403254557,1.0533297659656651e-08,2.773920432226403e-06,0.0007602741157468923
42,3.52767060612193e-05,3.675356414030414e-06,2.5120887920470646e-06,3.7155036309230815e-05,6.134038557064378e-08,4.0012685396151874e-08,5.7130096672493995e-05,9.76732433868948e-07,0.007501069486726437,1.1836829592370318e-07,4.6062667863276594e-08,0.9810767194863843,0.002967808234830673,5.7622293260699e-07,5.8543915943504e-06,8.843129032656279e-05,0.00011037025756826026,0.00021014746812878104,0.00012009356907085937,5.944804849896516e-07,0.0011389753750970168,0.006274330885099632,1.763790774864096e-08,3.382308536985989e-06,0.00036463710459307206
43,5.631570537553183e-05,6.434219353331475e-06,3.2173597587592242e-06,5.1620490194440104e-05,1.2984903091341774e-07,7.970978336505971e-08,8.068029754170119e-05,1.0335861871029894e-06,0.01140512700921691,2.580786481305761e-07,5.097160584348297e-08,0.9712504548557813,0.004857822314975493,1.0522292565960377e-06,7.490967737175079e-06,0.00012213397499897635,0.0002369215997843948,0.00041337568728005774,0.0001467617421083067,1.1435206373526918e-06,0.002171038443357603,0.008465840588965283,2.9207443908579672e-08,4.6383060475100135e-06,0.0007163492849298264
44,5.3471299840266504e-05,5.018825501360375e-06,2.551472645571506e-06,3.4052827855323334e-05,1.103082458095953e-07,3.882514552389484e-08,6.454334700065284e-05,6.356612201517099e-07,0.010061335182219026,9.036849791468884e-08,4.0726821109161216e-08,0.9791590543112814,0.0038281547669001847,7.333863766043988e-07,5.239406219935689e-06,6.546179160846552e-05,0.00013811445786753878,0.00023467501779831574,8.334671583643785e-05,6.154883490730878e-07,0.0010633748370494584,0.004647634930204755,1.6454922879834092e-08,2.907004889887197e-06,0.0005487825857024971
45,5.248736320121884e-05,4.623509904379984e-06,3.0836852112563973e-06,3.4901878518219967e-05,1.1298540317965022e-07,4.514251888685237e-08,7.275547549081063e-05,8.831558682251627e-07,0.011017953876246392,9.382216173742403e-08,5.074867124023557e-08,0.9780522071415043,0.003633126724483024,6.678270950583603e-07,7.424085314508702e-06,8.965878468749956e-05,0.00012158356790704948,0.0002328926727805298,9.821086047379941e-05,6.270906809037301e-07,0.0010062044390420919,0.005059320215166603,1.5560693740335315e-08,3.1550614176568196e-06,0.000507914325557328
46,7.017336397454543e-05,6.204142725292944e-06,3.007101707062502e-06,1.1251979264816714e-05,1.0789479991403712e-07,1.3661523335136097e-08,0.00012171266547477262,4.183145510206333e-07,0.01959218505109914,4.740435192449415e-08,1.4144117576471758e-08,0.9765143654545865,0.001436305945076858,2.660132553102832e-07,5.34572072913224e-06,4.365262968558982e-05,1.2762714681919713e-05,0.00010738492082470953,4.8606481419298674e-05,1.5663423762035842e-07,0.00042116486125063534,0.0012602993913852067,2.9743730840203567e-09,1.0950965930977632e-06,0.0003434554383116699
47,5.2010710415739445e-05,3.459999676227154e-06,1.8502510376410248e-06,2.0843051621701542e-05,7.627732108362496e-08,2.341269369420292e-08,5.0652983304797675e-05,3.7850449518979246e-07,0.00781025048678265,7.113477820522601e-08,2.1799707217958226e-08,0.9824084462456794,0.0042407044058614205,4.6504059086706285e-07,3.593965629208143e-06,5.341457255657644e-05,0.0001102873327243629,0.00020006416942458123,6.788871819352155e-05,4.835446232695537e-07,0.0008641934390992056,0.003613002978569183,9.968816603078852e-09,2.2675658146055904e-06,0.0004955394405827263
48,7.827832530347609e-05,8.052235805016057e-06,3.0657721600995185e-06,3.784071159899163e-05,1.310210650909408e-07,6.854380258744148e-08,6.600682349039758e-05,8.890468835012489e-07,0.011372904379576073,1.5405344963002414e-07,6.245195535176196e-08,0.9737287293025526,0.005359577053897077,9.104693733837483e-07,4.4327662890894375e-06,7.831212590011591e-05,0.00022599551597494804,0.00028473268060316063,0.00023349810410560167,7.794350506309123e-07,0.0012940663794767217,0.006748900097968455,2.844570552024377e-08,6.18310842605022e-06,0.00046640114958640145
49,4.3044154762708125e-05,4.2948474220717244e-06,2.31864711211354e-06,3.41076953924399e-05,7.861817956083461e-08,3.205058221937435e-08,5.5752807873971284e-05,5.314476687959933e-07,0.00813932523776985,8.1696975987397e-08,3.4644419993211e-08,0.9823826196354793,0.0033155439742774103,6.683610397193527e-07,4.223042639893482e-06,5.1921612433759264e-05,0.00010955130330655257,0.000199090918055182,6.789696511769524e-05,5.229578775792705e-07,0.0009658724218471052,0.004138675017275033,1.552150892710317e-08,2.634569212206116e-06,0.00048116185176961645
50,4.4706972665594445e-05,4.2384823451754976e-06,2.3274676464720992e-06,2.3503461031026566e-05,1.0185079275394995e-07,2.453209447603853e-08,9.668208117732694e-05,7.359047159242418e-07,0.005733080042977161,1.22247195188316e-07,2.9335817043115148e-08,0.9850413199008629,0.0030938604230571834,7.24437425798598e-07,4.434318207435429e-06,4.7924595881743935e-05,0.00010300752005875108,0.00017793769757072568,7.020945726678371e-05,4.780773101155205e-07,0.0008926712603925114,0.00407554172097929,1.6972878955357996e-08,1.7333803466822879e-06,0.000584587859303217
51,5.072884379386263e-05,5.385219301245412e-06,2.3691926996088185e-06,3.60400163922316e-05,8.938035657724218e-08,3.3860527640299865e-08,5.929609655191785e-05,6.194386467228388e-07,0.009366872072574708,8.698386890967713e-08,3.9178343705233195e-08,0.9806291197105556,0.0030465137206044887,7.606397985336905e-07,4.737931648365814e-06,5.430649865266002e-05,0.00012125141509052205,0.00022853503349635706,7.964437569637166e-05,5.213745182143523e-07,0.0009844664119926323,0.004823634258133281,1.5722481868696478e-08,2.641323788811961e-06,0.0005022913004854495
52,6.0279871253995446e-05,5.195876824623926e-06,2.716951467138161e-06,3.522094594585319e-05,1.198764129452447e-07,4.5062002061315396e-08,6.578056944334478e-05,6.954737993598502e-07,0.011184824888386704,9.57058787273655e-08,4.436635344904202e-08,0.9771192951769772,0.0041252439503997144,7.869848754272875e-07,6.025050334406321e-06,7.419757564962315e-05,0.00015420433165357514,0.0002790934919576592,9.153515028413008e-05,6.60618886600449e-07,0.001112196870801935,0.005084992302870299,1.6080423701958307e-08,3.1210642733069757e-06,0.0005936117628442897
53,5.815035302646444e-05,5.325645112071616e-06,2.653970335309126e-06,3.583296423193308e-05,1.1141798434827351e-07,4.250064877588752e-08,6.21473466335505e-05,6.43578816915471e-07,0.010561627370544878,9.4483917148308e-08,4.189714123134827e-08,0.9781593186319878,0.004017601720307945,7.681719187314458e-07,5.241322737414611e-06,6.742779951895605e-05,0.00015105312524943022,0.00025571493621949335,8.99026763374259e-05,6.461469141084944e-07,0.0011109173190622635,0.004847023024095522,1.6921363089559374e-08,3.131274015602867e-06,0.0005645654018795081
54,5.397242159107955e-05,5.2363618631994735e-06,2.474791403814567e-06,3.015184335988035e-05,1.0322451977365823e-07,3.359694171346941e-08,6.541799874926808e-05,5.37254453683096e-07,0.00969283833113233,8.83932141521656e-08,3.252861494718933e-08,0.980451805271692,0.0033904148613520184,7.179767975095661e-07,5.196253785780317e-06,5.593843570834481e-05,0.00011692455001464572,0.00021389435217108823,7.136919423009117e-05,5.102164873122593e-07,0.0009515374650764998,0.004281014423281476,1.4540373931715825e-08,2.2529441745530664e-06,0.0006075227690111206
55,0.0001084616539680272,5.7932502974044684e-05,1.796566672132048e-05,0.0004253732002375762,6.997540488609629e-06,3.5163984683618197e-06,0.0004597692003064692,8.138738672242004e-05,0.00925942996454402,6.8023742466202495e-06,6.469148478617054e-06,0.49078781617590655,0.007558944138685269,6.187211344927037e-05,0.0002411753247798856,0.0013197562618423894,0.04286427819773288,0.002106150812435778,0.0018424250850830304,3.5811839978643695e-05,0.017669815260637035,0.4188176158790325,5.920021895555256e-06,1.980313153880663e-05,0.0062345107198464745
56,5.110981534409035e-05,4.717716485173997e-06,2.420638634321481e-06,3.234147691572596e-05,1.0441769465729885e-07,3.612563981393864e-08,6.208559840151997e-05,5.904687139327703e-07,0.009246392346125605,8.573613000459091e-08,3.8856011588900286e-08,0.9803090345308614,0.003933627799357659,7.159982771629878e-07,4.746463000765657e-06,5.966832225468313e-05,0.0001325507444133971,0.00021926842401974204,7.930599472934956e-05,5.958121243147695e-07,0.0010103607879675964,0.004318044200448797,1.6224819775092285e-08,2.8340069946489217e-06,0.0005293074946343256
57,0.003903338934507258,9.155420611497835e-05,0.00018689699878292974,0.0008710639371755305,1.2689441064130861e-05,4.198349853524972e-05,0.0003177663419029918,5.325047639025699e-06,0.8175574275615902,7.71321425757802e-07,6.295077129988396e-06,0.07893151596388609,0.0008867456453588097,1.9080827513065945e-05,0.00031696214379674047,0.0006507465906726281,0.0012426469554696184,0.06326154596701655,0.00021425577765722066,1.3056391477787937e-06,0.0067812486235774875,0.01471819182394484,1.3792379832796043e-07,5.764036921293963e-05,0.009922863383079922
58,5.4180448651610986e-05,4.737043982575982e-06,2.536892123652778e-06,3.198338578804225e-05,9.918063306243268e-08,3.6625065860911175e-08,5.9972439176124566e-05,5.711147263652657e-07,0.00954895858412547,8.284317244010334e-08,3.8711460644513745e-08,0.9803532740640172,0.003964302696546602,6.381611503670302e-07,4.2482488321653895e-06,5.902374228106658e-05,0.00012176526745604152,0.0002111174008140173,8.62076116877652e-05,5.718361139622152e-07,0.0009913674940632865,0.0040307934271662585,1.5976600654719417e-08,3.3110302030694136e-06,0.00047016577416161327
59,5.41633232159913e-05,4.922919406474771e-06,2.7721565520013703e-06,3.421885023901159e-05,1.0187720773584484e-07,3.904852190924066e-08,6.259175048536749e-05,6.176859170953146e-07,0.010197909226384628,8.720817614448209e-08,4.131392407883798e-08,0.9795690782935204,0.0037990497667936764,6.330476685924141e-07,4.833012028736407e-06,6.503043351110685e-05,0.00012057519746192233,0.00021392269690624735,8.861305132569635e-05,6.015004367699897e-07,0.0010259980891544446,0.00427398694015983,1.6476706830690934e-08,3.4347158519871414e-06,0.0004767614184433111
60,5.3471299840266504e-05,5.018825501360375e-06,2.551472645571506e-06,3.4052827855323334e-05,1.103082458095953e-07,3.882514552389484e-08,6.454334700065284e-05,6.356612201517099e-07,0.010061335182219026,9.036849791468884e-08,4.0726821109161216e-08,0.9791590543112814,0.0038281547669001847,7.333863766043988e-07,5.239406219935689e-06,6.546179160846552e-05,0.00013811445786753878,0.00023467501779831574,8.334671583643785e-05,6.154883490730878e-07,0.0010633748370494584,0.004647634930204755,1.6454922879834092e-08,2.907004889887197e-06,0.0005487825857024971
61,5.410094447748684e-05,4.8971026130804615e-06,2.7546053030544288e-06,3.329000367708549e-05,1.0222976953315608e-07,3.7779791049677094e-08,6.444850081612562e-05,6.185860275477745e-07,0.009871225879184738,8.724589910710387e-08,4.0881135758016535e-08,0.9800507337137613,0.003735282118125557,6.335802228713903e-07,4.835310046335825e-06,6.201995971138038e-05,0.0001182758768158918,0.00021181639679928343,8.705415398527708e-05,5.830521157811752e-07,0.0010057859395435002,0.004202846657864265,1.6419813299153264e-08,3.2910626867924896e-06,0.00048522199981381196
62,5.3471299840266504e-05,5.018825501360375e-06,2.551472645571506e-06,3.4052827855323334e-05,1.103082458095953e-07,3.882514552389484e-08,6.454334700065284e-05,6.356612201517099e-07,0.010061335182219026,9.036849791468884e-08,4.0726821109161216e-08,0.9791590543112814,0.0038281547669001847,7.333863766043988e-07,5.239406219935689e-06,6.546179160846552e-05,0.00013811445786753878,0.00023467501779831574,8.334671583643785e-05,6.154883490730878e-07,0.0010633748370494584,0.004647634930204755,1.6454922879834092e-08,2.907004889887197e-06,0.0005487825857024971
63,5.5338566704775417e-05,5.558027378844947e-06,2.590123772137076e-06,3.445408203857541e-05,1.127475611893975e-07,3.855404983402137e-08,6.518257602080984e-05,6.135809491151639e-07,0.010095352004040912,9.472446486377979e-08,4.04588832524226e-08,0.979174933797609,0.003728235495901848,7.530768271978398e-07,5.174169334349211e-06,6.200914831690523e-05,0.00013776604561113777,0.00023071570946555915,8.493679903392685e-05,6.137204994188968e-07,0.0010708319711044399,0.004680563026465757,1.7411699670820965e-08,2.9202387751541534e-06,0.0005611539434912678
64,4.712265515218386e-05,4.8352212111133e-06,2.4132909195840585e-06,3.431223897759774e-05,9.988936853739284e-08,3.672584963599791e-08,6.233041021378382e-05,5.599372459651148e-07,0.009218576158204133,9.456216209515343e-08,3.663411181681647e-08,0.9801742049865163,0.003693424741438185,7.280640379527265e-07,4.873245540096833e-06,5.8976200946811646e-05,0.00013223029080880992,0.00022323764788424632,7.545978153546591e-05,6.111633779797563e-07,0.0011671204736312568,0.004537744529112303,1.7236506505052628e-08,2.7519481750064254e-06,0.0005582019670726911
65,3.173105642146939e-05,5.029285766631464e-06,3.3902429905090842e-06,5.470433608136006e-05,1.0322744148958956e-07,3.931189142314483e-08,0.0001260492919841492,1.4087934835957468e-06,0.004682602074072617,2.9648643232625804e-07,3.707101559104845e-08,0.9834712610863523,0.002555848747622384,1.4322114531745696e-06,6.403874610227293e-06,6.588795550081648e-05,0.00014886273748960873,0.0002461693646075276,5.715929025909471e-05,8.805044666463793e-07,0.001750485229711763,0.0059160363924518405,3.625554708037584e-08,1.5503905370870226e-06,0.0008725947818090296
66,8.971885680714769e-05,6.204341289916581e-06,3.817781971587284e-06,3.542008959457844e-05,2.0092812402578293e-07,6.703441447457355e-08,7.850131544724219e-05,7.059605263163295e-07,0.013835662105430708,1.264648703340136e-07,5.245945099088294e-08,0.9710639272498494,0.006961573706311858,7.357192984179985e-07,6.685472073113544e-06,9.315801371021512e-05,0.00023856414925028192,0.00032758474559939837,0.00012772548296047256,1.084285649898086e-06,0.001478274694005421,0.004895975925305556,2.238517659408765e-08,5.160115934797842e-06,0.0007490507169476636
67,3.949471695986538e-05,3.641122804354041e-06,2.535322191716097e-06,9.279519792166262e-05,1.2063599648769424e-07,1.1403706352151332e-07,3.844882900801879e-05,6.448546435057775e-07,0.007862840593018568,1.52994121553711e-07,5.5640419027942835e-08,0.9701165431808088,0.012433751040564833,1.9505196309782545e-06,3.4938001691665982e-06,0.00011525629551588726,0.0004999923208573778,0.00040997813402279283,6.890282116629067e-05,2.081097647447401e-06,0.0021656751268133052,0.005373390673715178,4.6343695772139876e-08,5.880572701394746e-06,0.0007622141285428066
68,5.254033976494073e-05,4.549487888799763e-06,2.4594997082885114e-06,3.88363192805178e-05,6.203745744463416e-08,2.8617114502128914e-08,4.8931468272873205e-05,5.014964900348432e-07,0.008645296065455584,8.241335893857208e-08,2.631345098088247e-08,0.982864035777992,0.00308054142494624,6.045963652690455e-07,2.8193523989846995e-06,4.891313708585128e-05,9.570427324969997e-05,0.0002264650086477693,6.484989656829284e-05,5.102266407982411e-07,0.0010173143386213734,0.0033965516127745067,1.2720291904109676e-08,2.864950258265361e-06,0.0004054986259163362
69,3.33886163841701e-05,4.170781892560675e-06,2.541940366053057e-06,3.99306709022282e-05,9.469067574601385e-08,3.49275812868147e-08,6.109094701251539e-05,7.584947404278415e-07,0.007819573969049701,7.84318634759036e-08,5.9066888924079745e-08,0.9833642322531572,0.003235853444190457,6.112431990099614e-07,4.309735702237822e-06,6.95875259310446e-05,8.704615307641372e-05,0.000138695327117465,8.201115858140389e-05,6.486108721852275e-07,0.0009976524361198517,0.003753245392097284,2.2968309325609054e-08,4.222984375744939e-06,0.00030013822991322066
70,5.7312443733963035e-05,3.374093850296092e-06,2.805391978759915e-06,3.440523782948027e-05,1.0733627276813223e-07,2.4758046833969675e-08,7.114905252170434e-05,8.510221488036197e-07,0.007865252231821667,7.821691209284862e-08,2.6410346876248474e-08,0.9830517589221015,0.004155575339476903,8.186325908524356e-07,5.01094063276832e-06,7.791968029534927e-05,0.00011815790315871893,0.0002546881666292064,3.724802123013753e-05,7.552795829895401e-07,0.0006365278450113723,0.0029744765856959715,9.66698351142429e-09,1.4254576162144132e-06,0.0006502413635312431
71,5.590039949153119e-05,4.998180021643933e-06,2.8373671806062686e-06,3.599741245461301e-05,9.328673260189185e-08,4.6648504596969244e-08,6.196735527639395e-05,6.997876030108756e-07,0.010526305514890442,8.865639422072539e-08,4.7978546228274416e-08,0.9781903935630528,0.003374779831816876,7.439170278530041e-07,6.0330345051377e-06,6.416723682128094e-05,0.00014168291864635876,0.0002648199937693031,0.00010232622161241551,5.15376363532578e-07,0.0011232805899379428,0.005495312630672669,1.5509563209208374e-08,3.1213919865277157e-06,0.0005438251971284757
