,0,1,2,3,4,5,6,7,8,9,10,11,12,13,14,15,16,17,18,19,20,21,22,23,24
0,0.0004894379808038484,0.00011058089685963344,2.6054863472499403e-08,1.1925429753138885e-06,7.710891703926557e-08,5.093579641465379e-07,0.00024122044583229962,0.00013401739694603626,5.4778694224968584e-06,5.240923407361037e-09,0.00016172381680983064,0.9893559354616207,2.8077137749296775e-06,2.2627076063762208e-07,5.207578966148925e-05,0.00474408632523957,0.00041164954477983056,1.6865140850084663e-07,2.939630070128975e-05,1.4578707910082863e-10,9.161961810836272e-09,0.0037485716537282664,2.951494610080888e-09,2.708070106872376e-07,0.0005105305097532018
1,0.0006036022543269294,0.00017604478466942496,4.521938720697925e-08,1.7267079094395687e-06,9.734738614259163e-08,2.4933593168704525e-06,0.00048167189007085716,0.0003095770321724525,5.0926541618612624e-05,3.517313129687009e-08,0.00024481053676623463,0.9744213831519488,6.278823150645563e-06,9.053311663869926e-07,0.00016908109172160673,0.00846231792425379,0.00020828577247237275,4.3210456679018735e-07,0.00010218787076524003,5.41692854259699e-10,1.605786444819833e-08,0.013394407994749034,5.9901566416386885e-09,5.426203468329073e-07,0.0013631238783887976
2,0.00047131757959716737,0.0001676847278274859,3.223738726390475e-08,1.2260125692047371e-06,1.0028756046118833e-07,1.5888846999336196e-06,0.0003156668638696962,0.0002537622357744987,3.9036705621369e-05,2.3260169124750637e-08,0.0002635048559498968,0.9786652878185943,4.144100841710547e-06,1.064794021234266e-06,0.000173368935702614,0.004913398187970792,0.0001807728653442126,2.5696436167715216e-07,5.6781324586395716e-05,4.2332421961435834e-10,1.1536563050691177e-08,0.01302794123537774,4.226253803468217e-09,3.730254685450011e-07,0.001462650910563819
3,0.0006233892441945622,0.0001707546401746847,3.396999199089365e-08,1.4124858782354727e-06,9.054252174411089e-08,1.8001962758058969e-06,0.000356643211423967,0.00025185513815001453,3.292256794009067e-05,2.1352074664718057e-08,0.0002758331591519396,0.9785438771778621,4.922634146173922e-06,7.755486944308316e-07,0.00014661986504661245,0.005272825538041049,0.00022200321364088457,3.111973443551174e-07,6.814685692030873e-05,3.601102188732601e-10,1.2665809947187171e-08,0.012863268812864918,4.7294191213293915e-09,3.848537247422394e-07,0.0011620900385972226
4,0.000621690146402541,0.00018017894344635923,3.619969173458131e-08,1.425314172905293e-06,9.742214844773574e-08,1.627032569058456e-06,0.00036921427010115735,0.00024942505478370205,3.549028234285401e-05,2.230216767769051e-08,0.0002811914631564915,0.9783421303870897,5.671942945886897e-06,9.040379605783351e-07,0.0001369247663779825,0.004909126533340776,0.00021009201876865326,3.365300872064531e-07,6.995147053314733e-05,4.0413798248481236e-10,1.4290771178655592e-08,0.013421665470750098,4.668269914135488e-09,4.2270868663040073e-07,0.001162356339297394
5,0.0007551468135311176,0.00018899803410137714,4.456446201757904e-08,2.083621507919253e-06,1.1673284143167031e-07,2.1145771061371137e-06,0.0004162857757686441,0.00029070184046101126,3.917265887064079e-05,2.8228263277904844e-08,0.00030243899753625686,0.9783112896871431,6.366554417526947e-06,9.755607418406938e-07,0.0001377604583659877,0.00583041816958188,0.00025371376759813927,5.378794867525762e-07,8.263627683570382e-05,4.996916540701144e-10,1.7230868286970847e-08,0.012309080106083574,7.0602652447264095e-09,5.173594725428225e-07,0.0010695475449978467
6,0.0006233892441945622,0.0001707546401746847,3.396999199089365e-08,1.4124858782354727e-06,9.054252174411089e-08,1.8001962758058969e-06,0.000356643211423967,0.00025185513815001453,3.292256794009067e-05,2.1352074664718057e-08,0.0002758331591519396,0.9785438771778621,4.922634146173922e-06,7.755486944308316e-07,0.00014661986504661245,0.005272825538041049,0.00022200321364088457,3.111973443551174e-07,6.814685692030873e-05,3.601102188732601e-10,1.2665809947187171e-08,0.012863268812864918,4.7294191213293915e-09,3.848537247422394e-07,0.0011620900385972226
7,0.0015078296332467936,0.00016813095697038467,4.2024918918983533e-08,1.4541016471410275e-06,7.835182832870303e-08,1.659842107578803e-06,0.000445092451167714,0.00033102651730968223,2.4602878114425933e-05,1.669072641084439e-08,0.00046553837409029204,0.9728764464633358,1.0945496862323342e-05,5.010230140678821e-07,0.00013334009192990249,0.0039828478838277994,0.000198241376857645,4.1698492305264313e-07,8.237052871372082e-05,3.3512411212838114e-10,1.3336975537413933e-08,0.019095648050797276,2.8910410085261086e-09,2.8923471496742916e-07,0.00067346447975502
8,0.0007396568845134482,0.00018558867571747857,6.284455636744579e-08,1.577499762339861e-06,9.623497444010118e-08,1.503905178091591e-06,0.00017987115821923856,0.0001592303160581661,3.33714774937986e-05,2.9094520705983356e-08,0.00019341705009260106,0.9818081094658314,4.1075752170057e-06,9.778170264118114e-07,0.00013347081717519997,0.006169415849360367,0.0002912494042511837,2.3808142980327395e-07,3.345710408738647e-05,4.344576299222509e-10,9.245549365224363e-09,0.008303973668525345,7.0971575868568325e-09,7.742498876215775e-07,0.0017598040489571103
9,0.00048998889061603,0.00027585669835367545,7.34112381008365e-08,1.8666684458883657e-06,9.668654083716893e-08,1.6780948346624223e-06,0.000227826483756227,0.0002330566304445489,4.7293803743963016e-05,5.882693442127643e-08,0.0001736382475422102,0.9754453483374648,4.977443528192999e-06,1.6629237522119577e-06,0.00015946107770649506,0.010382968374504533,0.00030463806019065235,3.3402539046658216e-07,5.796979866260925e-05,7.460004517521502e-10,1.373563928873529e-08,0.00988900666287696,8.035273698309036e-09,9.175076598484228e-07,0.0023012588288992006
10,0.0006233892441945622,0.0001707546401746847,3.396999199089365e-08,1.4124858782354727e-06,9.054252174411089e-08,1.8001962758058969e-06,0.000356643211423967,0.00025185513815001453,3.292256794009067e-05,2.1352074664718057e-08,0.0002758331591519396,0.9785438771778621,4.922634146173922e-06,7.755486944308316e-07,0.00014661986504661245,0.005272825538041049,0.00022200321364088457,3.111973443551174e-07,6.814685692030873e-05,3.601102188732601e-10,1.2665809947187171e-08,0.012863268812864918,4.7294191213293915e-09,3.848537247422394e-07,0.0011620900385972226
11,0.0006408986447303416,0.00016630072754132417,3.3930394605809525e-08,1.4102986332708251e-06,9.20994159989458e-08,1.677116629639011e-06,0.0003666988535300305,0.0002399448062694472,3.263462708262688e-05,2.009409326587309e-08,0.00027564367910411984,0.9786154810211442,5.466120578308629e-06,7.510542069170994e-07,0.00014080751314597987,0.005099965822577106,0.00021205754918340462,3.1318507586281205e-07,6.902372713768777e-05,3.7371044286175343e-10,1.2987001880830125e-08,0.01301848398548384,4.551269228042573e-09,4.1296645023533605e-07,0.0011118642656101107
12,0.0007328718925272467,0.0002134883313408404,2.6471554520092408e-08,2.498271846078742e-06,4.4476812295726864e-08,2.10083994126418e-06,0.0005160901008551492,0.0004076021536333842,3.103729451927167e-05,2.706863777284962e-08,0.0002561589175412973,0.969817591104755,8.061529716173809e-06,4.950243580625114e-07,0.00022665501967530281,0.008939152610028409,0.00018533104267145952,4.31943973250949e-07,0.00019874863276351203,2.9364036781413106e-10,1.1629838150192203e-08,0.01764042492592306,3.792862229654544e-09,2.9138616875291217e-07,0.0008208552444173501
13,0.0003299158115062723,8.640896023302924e-05,1.0767413630074799e-08,3.4651857400635097e-07,5.7085801919327254e-08,3.595653033487767e-07,0.00015430238751262658,0.00016914623653395603,1.2193862365602754e-05,3.912328207214161e-09,0.0003574975667677328,0.9851087553135305,2.1886726765347953e-06,6.163499649672393e-07,9.049630913454254e-05,0.0011665844059160276,8.515449808301211e-05,8.279406482914617e-08,2.0939325335375234e-05,1.1669019970074642e-10,5.844651330795389e-09,0.011568467185254049,8.252553121262203e-10,1.0074172037653311e-07,0.0008463649433827746
14,0.0006696933498642499,0.00024730877668860656,3.6144834453449106e-08,1.766667850879442e-06,1.238620862155938e-07,1.5840806214221162e-06,0.00037144034847627774,0.0002612217279801009,3.0392139370850438e-05,2.3529320062415242e-08,0.00034848341481679156,0.9778084713355516,6.330853244516172e-06,9.180489410796801e-07,0.00012831580502694638,0.004622005622805093,0.00027211512788864983,4.031765930306946e-07,8.576314385564246e-05,3.8870811220314733e-10,1.8056723475147786e-08,0.014128868530054605,4.887323875191565e-09,4.19822353706425e-07,0.0010142911590198382
15,0.0006233892441945622,0.0001707546401746847,3.396999199089365e-08,1.4124858782354727e-06,9.054252174411089e-08,1.8001962758058969e-06,0.000356643211423967,0.00025185513815001453,3.292256794009067e-05,2.1352074664718057e-08,0.0002758331591519396,0.9785438771778621,4.922634146173922e-06,7.755486944308316e-07,0.00014661986504661245,0.005272825538041049,0.00022200321364088457,3.111973443551174e-07,6.814685692030873e-05,3.601102188732601e-10,1.2665809947187171e-08,0.012863268812864918,4.7294191213293915e-09,3.848537247422394e-07,0.0011620900385972226
16,0.0006450825056877598,0.0001777396395343554,3.66594709201867e-08,1.5224432855084904e-06,9.636558880715657e-08,1.9686427199990543e-06,0.00037745497177584674,0.000257321610573675,3.513742072390931e-05,2.319900287939656e-08,0.00027924647906992303,0.9779964947416381,5.199780925360329e-06,7.923557962881393e-07,0.0001500617273199482,0.005666665126175513,0.00023549031667909382,3.331734309381293e-07,7.206764998930053e-05,3.9232619950380884e-10,1.3492664582792118e-08,0.012901845704846947,5.269357999807749e-09,4.253908932296898e-07,0.0011949749405229478
17,0.0006230935842729118,0.00011823337176612891,3.2024976329969026e-08,8.657532951000877e-07,1.1614851060424022e-07,9.702580802111956e-07,0.00034387829227626373,0.00016636949891872695,2.681524560799908e-05,9.899645355230777e-09,0.00030429632243350965,0.9852562597436654,4.703585414301001e-06,8.710642484635835e-07,6.132408785175686e-05,0.0023293974279442733,0.00018652804911512084,3.017844204198923e-07,3.6048477078354237e-05,2.8541623539488994e-10,1.6425876962497287e-08,0.009669230227969854,4.017848222080693e-09,3.971947318788862e-07,0.0008702372286353109
18,0.0002760898522650294,0.00012049376476259735,2.6009480258511917e-08,5.77620788495323e-07,5.460832097653609e-08,9.680916049891428e-07,0.00024919487856108597,0.00013787534314632942,2.230326791349825e-05,1.3799635701154637e-08,0.00015383868388632358,0.9840222113316502,2.369727774318677e-06,7.979827474659628e-07,0.00010699048876389649,0.005311307703547308,0.00020311787351441464,1.489118671706511e-07,3.824943959237313e-05,2.6986391736233126e-10,1.025530398490971e-08,0.007596428593278657,3.714111787976979e-09,3.5279734049367496e-07,0.0017565749902787213
19,0.00042124127677723035,0.00020618331132140483,2.7088827307942596e-08,2.066295708481073e-06,1.0605243677333876e-07,2.383040280681275e-06,0.0003496253012494016,0.00021752009915677328,4.5764901148648626e-05,2.9379198934234074e-08,0.00018499873747989493,0.9771814163589679,4.579681490580078e-06,7.594149391288189e-07,0.00018654574242998176,0.005693695706639878,0.00018165985199911932,2.301091722301482e-07,6.976674854533921e-05,3.9443782931367174e-10,8.119303466378404e-09,0.014068016659848498,4.495782345147273e-09,4.036241642392893e-07,0.0011829676086940533
20,0.0006082550889136191,0.00022287280049270057,2.6102214330283213e-08,1.5212472979214108e-06,9.377309329050074e-08,1.914499566895074e-06,0.0003633597913721144,0.0003378359051021876,4.1171447769367465e-05,2.5412446077163788e-08,0.00035636526951586187,0.9668556594237919,6.319113817039004e-06,1.0098968731132916e-06,0.000213404232856362,0.004281123971709247,0.00018286122236180232,2.8515696302201146e-07,8.993298879153799e-05,4.043666332156263e-10,1.2448823261034877e-08,0.025257210963618586,3.429412659416052e-09,2.983814601698584e-07,0.0011784370273706531
21,0.0006057674202074224,0.0001395553864618538,3.8526338485518854e-08,1.127383679071004e-06,7.795450637098228e-08,1.134304163660378e-06,0.000298489834539284,0.00020824645913941392,2.5064624647295063e-05,1.669028100561658e-08,0.000226298487976474,0.9834734293366317,4.597265647705119e-06,7.620300980949445e-07,9.168191638837831e-05,0.004919951456327119,0.00020929071755638147,3.19115185596413e-07,4.683665449527659e-05,3.371549267191484e-10,1.2526408701849694e-08,0.00872051821481977,4.240428644687545e-09,4.080339222105077e-07,0.001026371082995171
22,0.0011480443528216761,0.00022653414530038863,6.584871822022812e-08,1.8491713322293653e-06,1.0834989677897648e-07,2.4408050408940298e-06,0.00036374863807075357,0.0004685523939058966,2.6205628860552933e-05,3.651025945132935e-08,0.00043600234018879717,0.972544671000476,6.815242538613234e-06,1.0759704262222013e-06,0.0001251051404495301,0.006604533424408651,0.0004834236094148076,6.871640395591438e-07,8.715420478112761e-05,5.092113639476912e-10,2.5829489686993943e-08,0.01642108128545644,7.716879332298735e-09,3.8506126148063117e-07,0.001051445656771588
23,0.0006233892441945622,0.0001707546401746847,3.396999199089365e-08,1.4124858782354727e-06,9.054252174411089e-08,1.8001962758058969e-06,0.000356643211423967,0.00025185513815001453,3.292256794009067e-05,2.1352074664718057e-08,0.0002758331591519396,0.9785438771778621,4.922634146173922e-06,7.755486944308316e-07,0.00014661986504661245,0.005272825538041049,0.00022200321364088457,3.111973443551174e-07,6.814685692030873e-05,3.601102188732601e-10,1.2665809947187171e-08,0.012863268812864918,4.7294191213293915e-09,3.848537247422394e-07,0.0011620900385972226
24,0.0005403041083651658,0.00028802818108312485,3.2682447518791535e-08,2.675213413049429e-06,1.0476377651912842e-07,1.8618400301877208e-06,0.0003974660933589311,0.00030577977394541275,3.6048863428754734e-05,3.2976324195370844e-08,0.0002614884126762811,0.9752622010950758,5.931676552059921e-06,1.04286712688544e-06,0.00017837167173419735,0.006381366420888488,0.00028318621492231713,4.3365989656606426e-07,0.00011877835862116054,4.1631156239897097e-10,1.617180745481865e-08,0.014808765270955515,6.208164109193626e-09,4.300943428745454e-07,0.0011256469647520956
25,0.0005426565485191546,8.04155323597332e-05,2.4881462846108048e-08,7.884569327530526e-07,9.303957460107306e-08,8.376217220997968e-07,0.0003790533415478848,0.0003769429599444098,1.5323512433147417e-05,7.582601582047247e-09,0.00038729994074967344,0.9863001194722755,3.8269341352244896e-06,6.73441008253245e-07,5.232190148672259e-05,0.0025760268163907947,0.00016101643021861352,4.246999494694148e-07,3.593418748401795e-05,2.789976069821718e-10,1.5711318620254827e-08,0.00854427688468086,2.6769680886593694e-09,1.734201933633516e-07,0.0005417437270450955
26,0.0012597826202268361,0.00018425370088831546,9.147283100801155e-08,2.626593715535333e-06,1.7902423225218177e-07,2.9316004631419743e-06,0.00043929063003094387,0.00022039945854701088,6.901938004956824e-05,3.7635474606767146e-08,0.0002911771322285173,0.9799818350152426,7.765818325252978e-06,1.2498925639205026e-06,0.00010875226398295956,0.006618068721760963,0.0003082608238184155,8.222943787236718e-07,6.500256633998337e-05,7.388676328864437e-10,2.2540041148612938e-08,0.00908371015703352,1.6189589571836386e-08,1.3616277227029054e-06,0.0013533421016447438
27,0.0005659980841633288,0.00017048207156666518,2.5586019655607866e-08,1.4572112116546236e-06,9.258938249655781e-08,2.370123846990226e-06,0.0003699590237805945,0.0002641164236383466,5.336857565915063e-05,2.4004524322104815e-08,0.0002709635007556625,0.9721567813348418,5.201902839067509e-06,7.706258635903048e-07,0.00021016309574024402,0.0048938135750975715,0.00014092927374589933,2.43233991145752e-07,7.876389569792251e-05,3.708730539673278e-10,9.358502710136968e-09,0.019527120453764254,3.7401341360974825e-09,3.844260553467753e-07,0.001286957518304225
28,0.0006233892441945622,0.0001707546401746847,3.396999199089365e-08,1.4124858782354727e-06,9.054252174411089e-08,1.8001962758058969e-06,0.000356643211423967,0.00025185513815001453,3.292256794009067e-05,2.1352074664718057e-08,0.0002758331591519396,0.9785438771778621,4.922634146173922e-06,7.755486944308316e-07,0.00014661986504661245,0.005272825538041049,0.00022200321364088457,3.111973443551174e-07,6.814685692030873e-05,3.601102188732601e-10,1.2665809947187171e-08,0.012863268812864918,4.7294191213293915e-09,3.848537247422394e-07,0.0011620900385972226
29,0.0006233892441945622,0.0001707546401746847,3.396999199089365e-08,1.4124858782354727e-06,9.054252174411089e-08,1.8001962758058969e-06,0.000356643211423967,0.00025185513815001453,3.292256794009067e-05,2.1352074664718057e-08,0.0002758331591519396,0.9785438771778621,4.922634146173922e-06,7.755486944308316e-07,0.00014661986504661245,0.005272825538041049,0.00022200321364088457,3.111973443551174e-07,6.814685692030873e-05,3.601102188732601e-10,1.2665809947187171e-08,0.012863268812864918,4.7294191213293915e-09,3.848537247422394e-07,0.0011620900385972226
30,0.0006233892441945622,0.0001707546401746847,3.396999199089365e-08,1.4124858782354727e-06,9.054252174411089e-08,1.8001962758058969e-06,0.000356643211423967,0.00025185513815001453,3.292256794009067e-05,2.1352074664718057e-08,0.0002758331591519396,0.9785438771778621,4.922634146173922e-06,7.755486944308316e-07,0.00014661986504661245,0.005272825538041049,0.00022200321364088457,3.111973443551174e-07,6.814685692030873e-05,3.601102188732601e-10,1.2665809947187171e-08,0.012863268812864918,4.7294191213293915e-09,3.848537247422394e-07,0.0011620900385972226
31,0.000845287753139139,0.00016949221766345064,4.9898264552383364e-08,1.2442267835897128e-06,6.526835895213655e-08,1.4160357414301231e-06,0.0003208831851920958,0.00040444822037481,2.2076966650409542e-05,2.2824498169671353e-08,0.00027253493158537395,0.9787703812102405,5.0071784794671925e-06,7.933131312611087e-07,9.133225603058619e-05,0.006486264542878013,0.0002863034830948938,4.4437361031540904e-07,5.805758385094293e-05,3.4613107358606167e-10,1.584224855482536e-08,0.011295453140243354,4.617413401850058e-09,3.168329911614905e-07,0.0009681037514045098
32,0.0006202443250649204,0.0001812987817338365,3.377327286372124e-08,1.6020847656128307e-06,9.372621205086481e-08,1.966539409916786e-06,0.0003946976573799019,0.0002676068212831103,3.49847199171004e-05,2.3563770227426945e-08,0.00028450439536218124,0.9765989356454792,5.417202618000205e-06,7.809396159073524e-07,0.00016980553218249217,0.005890301245275431,0.00023310092408210364,3.36012122184013e-07,8.716261330667701e-05,3.876346959958528e-10,1.4125654251070324e-08,0.014032126359048006,5.119692622084e-09,4.114237165575889e-07,0.0011945460814000441
33,0.0005524894391379661,0.00011729297958780492,1.8145458672501708e-08,1.0177526389531757e-06,5.619445817723083e-08,7.183095379713731e-07,0.00030435902102836083,0.00020731411417330658,1.0924651136930707e-05,7.153253715130972e-09,0.0002533711654923278,0.9840970778155327,4.75177404956117e-06,3.582211172979016e-07,6.477913856043455e-05,0.003622908915533697,0.00021481697793506403,2.56696980201614e-07,5.451884480879037e-05,1.7875273268646791e-10,1.0712452801306211e-08,0.009973260710130886,2.2550486907126175e-09,2.2189429054713263e-07,0.0005194669389023362
34,0.004401827936595995,0.00011324451714513871,6.095519253106881e-08,2.637452159148579e-06,1.8213370946115982e-07,2.502329716740388e-06,0.0007172022651265557,0.00037858108910663365,5.3114732649746264e-05,1.4471730026647923e-08,0.0009524144928699607,0.9692148731390299,1.560425044853331e-05,5.464952956179057e-07,0.00022694523224089895,0.003464879637545484,0.00017881505681234438,1.082853547987273e-06,0.00015510157809541045,3.6716508013755594e-10,2.5705382764237144e-08,0.019419705537736483,6.740340584301534e-09,6.064069248704358e-07,0.0007000246234318273
35,0.0001541954818027062,0.0004580834868412299,4.015590639843234e-08,2.2815079586424905e-06,5.086858281956343e-07,1.7230596666024182e-06,0.00030340582359327986,0.00012349826555406923,4.9811381889205325e-05,3.5347056161141226e-08,0.0004342829581846667,0.9786447024320852,2.677495273669387e-06,4.4446349878957904e-06,0.0007216045519427099,0.002900074012274282,0.00042052795350864625,9.638282732535972e-08,5.089600533627051e-05,9.432714118095853e-10,2.1732450373398927e-08,0.010108166060606402,1.2283527893762315e-08,6.178201643479649e-07,0.005618291537462095
36,0.0011974487672055344,0.00010631374156517967,1.1229792469312007e-07,1.1245627430771567e-06,1.3315466344812543e-06,1.9628036370333117e-06,0.00046330463997198984,4.710429565382538e-05,3.330749652042899e-05,6.451022392145254e-09,0.0014919018748466052,0.9890462828823705,5.512434261635282e-06,7.695875075487207e-07,0.0001459827031940455,0.0016574746336341006,0.00031240918849126793,3.052730530956127e-07,3.292448765196628e-05,6.839817039891352e-10,6.087435749161486e-08,0.00275694868144989,2.03316601900101e-08,3.416006625397869e-06,0.0026939737540359874
37,0.0008176368304283437,0.00013054768426982413,4.8601868851530327e-08,1.1330710316493393e-06,1.0030187253111673e-07,1.1819406519483773e-06,0.0003575108663069928,0.00017389285407256366,2.9971544256101397e-05,1.5490966037661277e-08,0.00025381989725689575,0.9841496060187408,6.004807160465771e-06,7.700845181007251e-07,7.753871876115613e-05,0.004300247984860927,0.00020841726192777712,3.8615060834971336e-07,4.528174219416347e-05,3.780742994416034e-10,1.5368742680867947e-08,0.008458194240569043,4.954653660074159e-09,5.706769839097369e-07,0.0009871025292229804
38,0.0009806750967564554,0.00014152410203710893,4.8457478707499207e-08,2.3054057190392474e-06,8.26301321538784e-08,5.074855909843799e-06,0.000872928497464396,0.00038465998633242386,3.862276408596077e-05,3.4648738443161984e-08,0.0002877447773716959,0.9657728149973107,8.460698998798342e-06,4.7092162193835516e-07,0.00024814329192363347,0.014914999802409642,0.00033707694285392976,7.057420727174308e-07,0.00019700877291930344,5.9768115232971e-10,2.154940775195532e-08,0.014708752877008359,9.636214196536704e-09,5.238167066614371e-07,0.0010973091308446967
39,0.0006337483032776866,0.00018037838404263079,3.470995897246766e-08,1.4797583404462499e-06,9.544472204664267e-08,1.7978536044267346e-06,0.0003553105475548016,0.00024596006173891686,3.484491596501322e-05,2.2276037200854718e-08,0.00028121989663617945,0.9783682953519841,5.075984593485228e-06,8.245879450837504e-07,0.00015241072710942515,0.005165666521538016,0.00022245687648837596,3.166665281798545e-07,6.94668439279709e-05,3.7083411268678976e-10,1.280961233893315e-08,0.01308560260198412,4.867435667296346e-09,4.02829212961405e-07,0.0011945708089278414
40,0.0006217916539668441,0.0001335156964988175,2.7966682980186284e-08,8.148712287222567e-07,7.404665436310852e-08,1.334557402631266e-06,0.0002499701892462244,0.00017960420408898978,2.438998137980569e-05,1.2304824341154855e-08,0.0002619146069690996,0.9814184022854104,3.7409230236574172e-06,6.051617110874117e-07,0.00012292347790294152,0.0030181676023581564,0.00016741110870635193,1.5424385550183138e-07,3.339949244383998e-05,2.298997475605524e-10,7.731746399124752e-09,0.01269124555024257,2.6050899994520745e-09,2.443344097126496e-07,0.0010702451742566291
41,0.0007145644252827441,0.0001410165049025477,2.6751766565128757e-08,3.906038502546289e-06,2.0823479890239904e-07,5.12450754940943e-06,0.00031213446881842786,0.00022600391710032522,7.868399256445396e-05,2.9568734099103046e-08,0.000303701993153009,0.9786936893990176,3.2186341056430974e-06,5.232265194895437e-07,0.0005718734606609386,0.004545662878506603,0.00013028102431237,2.0111058801143849e-07,7.16845403276933e-05,3.2526787154679794e-10,4.099073047194853e-09,0.012853069083299858,5.893909320429575e-09,4.077624784918725e-07,0.001343978158759976
42,0.0005278657349624639,0.00019782346709214612,1.8977521633716328e-08,1.3700280933418898e-06,6.150435551838256e-08,2.304754166955355e-06,0.0003935701907442192,0.00034951782451971876,2.933085607629996e-05,2.1474433742297386e-08,0.0002586191724377211,0.9602817694852269,6.065732628406828e-06,4.402703504170116e-07,0.0002087180966207921,0.006908467660013237,0.0002122078844230634,1.8532715247345978e-07,0.00011311738791563572,2.942282245128323e-10,9.122844279020225e-09,0.02954989956672196,2.3709729519845703e-09,2.4116276041814436e-07,0.0009583716537376287
43,0.0008042439562365838,0.0002843921173976071,5.799004586827899e-08,2.8774750867573335e-06,1.407862230875256e-07,7.285004442936442e-06,0.0005229196955918714,0.0006163262375480637,7.777348939175122e-05,9.114301887390676e-08,0.00037339626031220307,0.9524265334511385,7.5683036434245115e-06,1.2670848469308956e-06,0.0003918320113640859,0.012180950390424132,0.00032445675233561556,5.584656272085651e-07,0.0001729040896499461,9.109589750778676e-10,2.115848267047399e-08,0.02994104325555895,9.616923193565206e-09,5.357906056555918e-07,0.0018628145631453055
44,0.0006233892441945622,0.0001707546401746847,3.396999199089365e-08,1.4124858782354727e-06,9.054252174411089e-08,1.8001962758058969e-06,0.000356643211423967,0.00025185513815001453,3.292256794009067e-05,2.1352074664718057e-08,0.0002758331591519396,0.9785438771778621,4.922634146173922e-06,7.755486944308316e-07,0.00014661986504661245,0.005272825538041049,0.00022200321364088457,3.111973443551174e-07,6.814685692030873e-05,3.601102188732601e-10,1.2665809947187171e-08,0.012863268812864918,4.7294191213293915e-09,3.848537247422394e-07,0.0011620900385972226
45,0.0005556100568584809,0.00013566659433636647,2.4656328270528484e-08,1.7900837600075928e-06,1.0102230544328404e-07,2.555127380469163e-06,0.0005021064926728899,0.0002757671727716543,3.95473063884471e-05,1.9551489091857773e-08,0.0002715168061318197,0.9760656401993907,5.105560436763715e-06,5.244365824792332e-07,0.00023382924341471212,0.00630463031448228,0.00017245194420900095,2.8653413963653355e-07,9.597041572147815e-05,3.8070108094616123e-10,9.966106994489259e-09,0.014273559217906859,4.4071680347122266e-09,3.5417364834636744e-07,0.0010629283356687544
46,0.0006387845878888881,0.00021699508860169195,6.507837016620531e-08,2.279936241357411e-06,2.0058879393367758e-07,3.7905660240795734e-06,0.0006786760545440153,0.0003940516708242027,0.00018803327783203176,6.949580096913407e-08,0.00040121571798058017,0.9734401140616038,7.718359367699071e-06,3.075787910736252e-06,0.00025295832019769227,0.006072661995046817,0.00011390625666922074,9.301406790428536e-07,0.00013069144355949615,1.101860957395694e-09,2.654354415903141e-08,0.01522737693126606,1.074010943933559e-08,9.041446815579127e-07,0.002225462110601531
47,0.000533848942180162,0.00016041336669860004,1.8642538089816325e-08,5.541688419111331e-07,3.067933404936192e-08,7.147169450638581e-07,0.0001795570749457556,0.00016035715799407043,1.4431446670034779e-05,1.0124298391428411e-08,0.0001556925898251944,0.9791432040300985,4.174737737774382e-06,3.317197163718101e-07,7.664514556929315e-05,0.004155879924284221,0.00014918344051793696,1.0346031794156094e-07,3.1193743243636285e-05,1.5844275502736245e-10,4.2657462421317365e-09,0.014444019876961292,1.115196017712756e-09,1.9817904075591783e-07,0.0007894312928560744
48,0.0006219033623596914,0.00013073794533572451,3.344999759143349e-08,1.2197389095136469e-06,1.0094751796927582e-07,1.7928745167592614e-06,0.0003703471533897722,0.00022597997180310997,3.8593103318401606e-05,1.7923452422910974e-08,0.0002955481721822029,0.9807493466977327,4.782707338439795e-06,7.756587230859964e-07,0.0001398512272085329,0.004497330734069909,0.00016659211956319641,3.1084580333193705e-07,5.818116337309142e-05,3.755938723195814e-10,1.219246779363534e-08,0.01151345330269532,4.546592290941055e-09,4.2038588619527013e-07,0.0011826634001693057
49,0.0006148896422085481,0.00012826405040561447,3.270301711676231e-08,1.0725892281609676e-06,7.532452198344516e-08,1.8999141834599411e-06,0.0003052435830676131,0.00023220959082368426,2.8061227762185137e-05,1.6502164956791616e-08,0.00024567346040269537,0.9819517378617948,4.215225019741543e-06,6.070411998999789e-07,9.626631731810498e-05,0.004140080781670529,0.00018114372234190234,2.6020687431168003e-07,3.986321522629845e-05,3.1436292821205284e-10,9.415329904713968e-09,0.011114043477505763,3.856931880624918e-09,3.106651204088055e-07,0.0009140193115172013
50,0.00048818975242123,0.00021601259988448043,3.631515029669112e-08,1.3244444907811361e-06,7.511433276966119e-08,1.8675849535440269e-06,0.0004210533582183402,0.0003829115764152348,3.8024734725108675e-05,3.5318827805902544e-08,0.00023707932915014538,0.9718599094749032,5.634588074766946e-06,1.0460816602869326e-06,0.00016558176502942,0.006540198035942973,0.0002023990637123824,3.0702108241491847e-07,9.198823590783911e-05,4.2157011273568946e-10,1.4200529625247205e-08,0.01806506397812346,3.493769541714659e-09,2.782893088183278e-07,0.0012809652218154055
51,0.0004891207211205551,0.00036521750369980125,2.4393837725279364e-08,1.9235884978817695e-06,6.842352728579065e-08,1.0935756320547674e-06,0.0002149781035789262,0.0003150294514071616,2.6193599972022233e-05,2.6910083212441476e-08,0.00024286316849648633,0.9746813158673946,4.992231187873784e-06,1.0222763617192795e-06,0.00015671610411033808,0.0038867386314214063,0.00018556757783234475,2.325395398585653e-07,6.896709934803721e-05,2.6915617301590313e-10,8.424094319795307e-09,0.018413042050278935,2.4729460232857697e-09,2.1536271479716607e-07,0.0009446396537604789
52,0.00026225697315834876,0.00010012726018721207,1.7064050825830223e-08,3.751634625825975e-07,6.859051725301244e-08,4.817127149162178e-07,0.00023654046473783527,8.554176264102685e-05,1.2352659202929796e-05,3.6038968432648032e-09,0.0001828447047240803,0.9908033684822901,1.8732423647318511e-06,4.813213738657642e-07,4.760732643325426e-05,0.0016120732911799808,0.00015837145846602196,6.622059168973684e-08,1.5970554028591194e-05,1.1128406323830853e-10,8.562533498067482e-09,0.005471068854654814,1.9547422827409875e-09,2.1604205943232813e-07,0.0010082826187038777
53,0.0004162567490273022,9.540732058176876e-05,2.2796725062521905e-08,8.569269486374309e-07,6.654581907344165e-08,1.5384984495129637e-06,0.0004354561056763626,0.00019738837624057253,2.8409958575396084e-05,1.1117648176979894e-08,0.00021245647568107352,0.9844321352966544,3.3056340549622225e-06,5.589012597832925e-07,0.00011562842777425681,0.004390886034224793,0.00014749701108180237,2.2610732277775937e-07,4.590568258064175e-05,2.790014398852135e-10,9.339694286659573e-09,0.00842894356280142,3.895902400537628e-09,2.808290572150923e-07,0.0010467481272169565
54,0.0034167380149002224,0.00019379538378899147,9.325080123846364e-08,5.821481395791938e-06,3.5491072789448954e-07,7.370347244933149e-06,0.0011965706844525572,0.0006633468106778481,5.1340833842776896e-05,3.577034094791914e-08,0.0012008552534936647,0.9625464313275134,1.8797684137001397e-05,8.587980110587288e-07,0.0001795655834339726,0.006284598813607171,0.0006450042809698769,2.646086226091731e-06,0.0002735341352936028,8.32501298592813e-10,7.803038192466403e-08,0.022629690163210116,2.3868397453860535e-08,8.785463873216584e-07,0.0006815691082627581
55,0.0025836134011368154,0.015884123190274456,4.6890531047324664e-07,1.3957296942287223e-05,7.190081656643005e-08,2.2455890283778215e-05,6.176806833047867e-05,0.013629797108127404,1.7547231532937737e-05,1.6683556730827894e-05,0.001260368902326465,0.09718593596352339,2.040387954173224e-05,1.673846288989966e-05,0.005089519393002728,0.04988551632357878,0.02080443522514685,1.6906542188333327e-06,0.0019984074827584758,5.0297773949784474e-09,2.3097772720367133e-07,0.7885135230630167,2.8830481976557442e-08,7.61071717576731e-08,0.0029926331553520066
56,0.0006311289950115953,0.00016854464377653863,3.3692880889595053e-08,1.3843672952135259e-06,8.939984640148524e-08,1.7297586999237681e-06,0.0003587530550981345,0.00024613063759578325,3.2599311807946024e-05,2.057404783027118e-08,0.0002754710451028954,0.9786396241594741,5.148681541111788e-06,7.636546797867312e-07,0.00014158760350692267,0.005090175461443334,0.00021464667686008909,3.099835807936121e-07,6.774954221226655e-05,3.613187075364795e-10,1.2706577170813968e-08,0.012994328417573567,4.573726933815976e-09,3.9026434743424626e-07,0.00112937243199465
57,0.0007814952698757072,0.000159928954297762,4.3714574863107516e-08,1.6280196693680343e-06,1.162375071236067e-07,2.438322121608909e-06,0.000346722686188711,0.00027173051360692406,4.163492947073465e-05,2.5337199678004417e-08,0.00031695753642579255,0.9793924393070431,4.57220311180593e-06,9.536609906942601e-07,0.00016086915674550002,0.004998983600746537,0.00023597283603837211,3.7700992490921067e-07,5.214081478931941e-05,4.429495795903735e-10,1.2101690309539706e-08,0.011958116336706428,6.644402972436048e-09,4.306925374221796e-07,0.0012724036713848922
58,0.0005962195135739153,0.00016309937070934508,3.5487077954146676e-08,1.4502571931282975e-06,1.0439221918777767e-07,1.7132269470552818e-06,0.00036983193521077513,0.00020145301340783423,3.671099597960471e-05,2.024984982868989e-08,0.00026581868096758974,0.9799251392370133,5.495375864508684e-06,7.752210959508423e-07,0.00014149104784302765,0.005222346565113569,0.00020591554740261457,3.086825564700819e-07,6.86462604765071e-05,4.134793450712272e-10,1.3683852206489628e-08,0.011566889051239506,5.2426437209281385e-09,5.427976392079118e-07,0.0012259737506439133
59,0.0006053054560759013,0.000173259156051686,3.9659456967530654e-08,1.3810088186212872e-06,1.0346806645506089e-07,1.748090750407204e-06,0.00035817345001414334,0.00021287464011942678,3.6323827594981224e-05,2.2436921908129764e-08,0.000259022241356109,0.9795475955336757,5.286363628408013e-06,8.336173412901011e-07,0.00013378015831990388,0.005588565714053601,0.00022643118051644492,3.1419732590027556e-07,6.459751041108891e-05,4.248966035434302e-10,1.4368908931740307e-08,0.011492082828292663,5.392100867797806e-09,5.375178371721734e-07,0.0012917017574646742
60,0.0006233892441945622,0.0001707546401746847,3.396999199089365e-08,1.4124858782354727e-06,9.054252174411089e-08,1.8001962758058969e-06,0.000356643211423967,0.00025185513815001453,3.292256794009067e-05,2.1352074664718057e-08,0.0002758331591519396,0.9785438771778621,4.922634146173922e-06,7.755486944308316e-07,0.00014661986504661245,0.005272825538041049,0.00022200321364088457,3.111973443551174e-07,6.814685692030873e-05,3.601102188732601e-10,1.2665809947187171e-08,0.012863268812864918,4.7294191213293915e-09,3.848537247422394e-07,0.0011620900385972226
61,0.0006637415298308176,0.00016584732812847516,4.2889801563029293e-08,1.375585713548457e-06,1.0541695129339847e-07,1.7633470055442653e-06,0.0003650289931876549,0.00021906486841982063,3.857376240091712e-05,2.2555962498419843e-08,0.0002672350977172142,0.9799723559330817,5.532307538719189e-06,8.56990582805414e-07,0.00012421036063995218,0.005328353422687985,0.00021442241523821667,3.411738069196135e-07,6.24349072950223e-05,4.2862562489367255e-10,1.4857188000831852e-08,0.011317086439461171,5.471484122864884e-09,5.588113250353432e-07,0.0012510251059253002
62,0.0006233892441945622,0.0001707546401746847,3.396999199089365e-08,1.4124858782354727e-06,9.054252174411089e-08,1.8001962758058969e-06,0.000356643211423967,0.00025185513815001453,3.292256794009067e-05,2.1352074664718057e-08,0.0002758331591519396,0.9785438771778621,4.922634146173922e-06,7.755486944308316e-07,0.00014661986504661245,0.005272825538041049,0.00022200321364088457,3.111973443551174e-07,6.814685692030873e-05,3.601102188732601e-10,1.2665809947187171e-08,0.012863268812864918,4.7294191213293915e-09,3.848537247422394e-07,0.0011620900385972226
63,0.0005963808276752301,0.00020251551783290084,3.298711841297986e-08,1.4637111347685723e-06,8.71715237418666e-08,1.6834424613958062e-06,0.00033235840310722804,0.00025158757080874516,3.2115059192089306e-05,2.2983052646111913e-08,0.0002662663554844739,0.9775532629480539,5.017106526941549e-06,8.124895760317999e-07,0.0001505886076434702,0.005335206345483828,0.00023075558028725523,2.9191757575741726e-07,7.135348854700434e-05,3.5304008081954077e-10,1.2468189717019584e-08,0.013776791858779345,4.493381002247304e-09,3.827243953854451e-07,0.0011910055891286805
64,0.000653004716368436,0.0001774169827195938,3.988557069515146e-08,1.3552535256000598e-06,1.0068189887856092e-07,1.6054227695128147e-06,0.00040635005829569004,0.00025761501944451863,3.0750949785953637e-05,2.0667553548902546e-08,0.0002970352303252434,0.9788424757440821,5.638590275540804e-06,8.777873356009762e-07,0.0001251824711472959,0.005265558735140963,0.00025752240941357714,3.6339417212686205e-07,7.428170089459998e-05,3.9158777081817156e-10,1.8687306731212116e-08,0.012442871597769281,5.26451970300742e-09,4.314417433780618e-07,0.0011594769163535083
65,0.0006074565060069253,0.00017786814225694797,3.4995273954304966e-08,1.348671595216871e-06,8.903254650794159e-08,1.6869139644717986e-06,0.00033879972491629825,0.00024812342269649336,3.393101774578208e-05,2.2106705074868586e-08,0.00026693541714688853,0.978549596703422,4.951616270590165e-06,8.380704565445183e-07,0.00014043480403627378,0.005156871743072109,0.00021466834559020145,3.0034425194460973e-07,6.389548771685769e-05,3.682331050661012e-10,1.2482117788427345e-08,0.012993148511163798,4.510246318172934e-09,3.908797203277426e-07,0.0011985901828475858
66,0.0008783612464007149,0.00013250180165856991,4.751722661786294e-08,1.0686485130217359e-06,8.0940592112456e-08,1.3029727586348797e-06,0.00038966682384959346,0.0003552208210931564,2.6454625521444315e-05,1.9138268230106157e-08,0.00030793040224233654,0.9785709396439242,7.381120020467477e-06,7.105838978447842e-07,9.237480035713812e-05,0.0049902890844203815,0.00017238760682767215,4.043400021974908e-07,5.1597542577164825e-05,4.283247053123241e-10,1.3072437931397511e-08,0.013227367204259587,2.6406193065333753e-09,2.8660729532978516e-07,0.0007935903869116565
67,0.0022543503916300596,0.0002505573737382897,4.928557700926663e-07,4.967970522516098e-06,2.5216868171353277e-07,4.581683357957975e-06,0.0006632218695175828,0.0005875272694579115,3.6229258241792854e-05,1.087811708981567e-07,0.0005290059479792327,0.9665860481013091,1.3559237793023418e-05,3.225073707378968e-06,0.00011731580823349411,0.01870603456868371,0.001783897849859811,3.922135666427347e-06,0.0001171743156272391,2.836333969181892e-09,1.5464750062050164e-07,0.006358136879173419,9.229306917854878e-08,2.24916453992547e-06,0.0019768915184345992
68,0.0003378841185563092,0.00010302255099691453,5.5513754642517296e-08,1.1639764456838044e-06,1.309812768320538e-07,1.8767934742533736e-06,0.00027075813896599134,0.00010577891583499449,7.351552977758304e-05,2.588104876575721e-08,0.00015228927398812297,0.9886808952446052,2.9274312355954362e-06,1.5883753240976597e-06,9.956077875105796e-05,0.0034515804564828442,0.000111130979482037,2.3098879278967147e-07,1.9927375948691887e-05,5.722813635809775e-10,7.954042856429565e-09,0.004614941108660966,7.914015173100198e-09,8.024841988094389e-07,0.001969896662058551
69,0.0006094122617278018,0.00012315465455778497,9.64976675296248e-08,1.143144181163009e-06,8.626043565025316e-08,2.0946599430608603e-06,0.0005183196382479352,0.0004817920434482955,4.0034382385497964e-05,4.1248406307468464e-08,0.00025735614464188596,0.9795642424047506,5.579657853374427e-06,1.9273556188488864e-06,7.71620899742489e-05,0.008809308391260382,0.000254010279154614,1.0192400191906105e-06,6.644024039819337e-05,8.967655303508939e-10,4.040696024872586e-08,0.007713126482170522,1.0690340502664802e-08,5.73748642657863e-07,0.0014730271804483364
70,0.0005628403598488248,0.0001141518780820032,2.8459258957126038e-08,2.076988141521548e-06,1.9461389405570423e-07,2.1492578567184427e-06,0.00041453879209908337,0.00019722015476341295,5.056758363755887e-05,1.3225401198517059e-08,0.00032139068627403105,0.9855522819527716,3.6637700783013384e-06,8.247936460090651e-07,0.00017207545840798613,0.002273476178317473,0.0001362415932480095,2.466344569917113e-07,4.053637586187007e-05,3.3136678733726046e-10,8.659451052529694e-09,0.009141463487616472,5.830745814212173e-09,3.639674089757593e-07,0.0010136389673654608
