,0,1,2,3,4,5,6,7,8,9,10,11,12,13,14,15,16,17,18,19,20,21,22,23,24
0,2.9362889025337314e-07,0.012677306550594545,0.0003150718469107509,4.152836600508693e-08,0.0001786619628402765,5.858419365167449e-06,5.762322706336767e-07,3.6549233837009357e-10,1.8142126936421255e-09,1.1414590510848788e-06,7.985487105466997e-05,0.90199798295398,2.140397903517493e-05,0.0677804794806605,3.0505515928364203e-07,1.963617378397395e-09,9.393623810438651e-06,0.00032282594964312764,1.3662275111709688e-05,3.2892343187270946e-08,0.0023444474369667336,0.014235967975113645,5.565212420974083e-10,2.436390090527385e-10,1.4686935350202337e-05
1,4.2539966818139523e-07,0.017904504419402854,0.00038357130395100253,6.309234277857862e-08,0.00027041145968903637,4.987052837433834e-06,6.426175988505717e-07,4.550669013372839e-10,3.913915945093609e-09,1.3604504432225342e-06,0.00010775615119399057,0.8877145127023367,2.7986171659030265e-05,0.07609913593473225,3.1830949634882026e-07,2.3433151064489567e-09,1.4354078971685826e-05,0.0003414025358104742,1.2869093462756502e-05,2.6218656272126948e-08,0.0018376956653058795,0.015260111035004397,6.059691151636048e-10,3.6382023449158683e-10,1.785862534983806e-05
2,4.3377988794552453e-07,0.017551000131948515,0.0004100162253877892,6.022173713130168e-08,0.0003175345927043148,5.290542181232326e-06,8.575693215426689e-07,5.332316725128498e-10,4.120085044921899e-09,1.7365101882991756e-06,0.000105148540361547,0.8389591051437528,2.3480689253543365e-05,0.11344808030785805,4.839968845978538e-07,1.989300158004453e-09,1.2008201327899038e-05,0.00041068825566561296,1.5354157456584164e-05,4.4601983117827996e-08,0.0026877218087819877,0.026017264718087612,9.52774503193508e-10,4.035388864152097e-10,3.368200629966939e-05
3,3.1379439834590885e-07,0.015145185768431503,0.00032153153381589595,4.8834006457867995e-08,0.00021337234191480938,4.105355204870491e-06,5.551478791947891e-07,3.3277528500029556e-10,2.2020255734843362e-09,9.906393655520483e-07,9.181052575496866e-05,0.8909299847325761,2.3105973885854746e-05,0.07685302652841848,2.7071134130650577e-07,1.5481933196017211e-09,1.0891171386103707e-05,0.0003406268190109495,9.72202981963723e-06,2.106213227928586e-08,0.0019136171625710472,0.014124481526302812,4.845342276930895e-10,2.378046872003681e-10,1.633353645088906e-05
4,2.710143785683984e-07,0.013975663687211468,0.0002618698614813693,4.601977317662949e-08,0.00019291571487856402,3.5300686271104083e-06,4.813087932702737e-07,2.8365240115219113e-10,1.9021546524187976e-09,8.110429220675634e-07,9.048672410165456e-05,0.8996908927338334,2.5258930467607522e-05,0.07263001285456987,2.0365317266044058e-07,1.4312353918093032e-09,1.0293671837222087e-05,0.0003299593514692498,8.058066490070463e-06,1.7469180757208717e-08,0.0016043885694085231,0.011161310193227065,4.3398590784807397e-10,1.938432239401445e-10,1.3524819304659938e-05
5,3.3251306992723894e-07,0.011194026282776687,0.0002823345444694309,5.4253959517048506e-08,0.00017836580418221785,3.3690020109970024e-06,5.006363527420311e-07,2.9549385850405514e-10,1.960073349473105e-09,1.030712374769131e-06,7.847706085994718e-05,0.8952685019827205,2.068726846040846e-05,0.07938897129425194,1.846229369104088e-07,1.5319724640784943e-09,1.1195023295717437e-05,0.000511169327127286,6.77858319124771e-06,2.304792233316248e-08,0.0017568023531837524,0.011279722086568305,4.676490564869347e-10,2.585236023502106e-10,1.7469086573088323e-05
6,3.1379439834590885e-07,0.015145185768431503,0.00032153153381589595,4.8834006457867995e-08,0.00021337234191480938,4.105355204870491e-06,5.551478791947891e-07,3.3277528500029556e-10,2.2020255734843362e-09,9.906393655520483e-07,9.181052575496866e-05,0.8909299847325761,2.3105973885854746e-05,0.07685302652841848,2.7071134130650577e-07,1.5481933196017211e-09,1.0891171386103707e-05,0.0003406268190109495,9.72202981963723e-06,2.106213227928586e-08,0.0019136171625710472,0.014124481526302812,4.845342276930895e-10,2.378046872003681e-10,1.633353645088906e-05
7,3.5071309045233034e-07,0.0186552999258979,0.000572791402029397,4.523398575055179e-08,0.00017689537813495867,3.6616239400977428e-06,4.003361704850256e-07,3.8753937005558635e-10,1.2492709155267416e-09,6.365383390269475e-07,0.0001102492517484488,0.9266863648392032,4.398423011444417e-05,0.042169255748664425,1.9474183453730285e-07,1.141918148865147e-09,1.0312223562890226e-05,0.00024200541208718084,1.2149433918307098e-05,1.3015024516042515e-08,0.0016325749932274306,0.00967690629380731,2.263176067643347e-10,1.8052583205535425e-10,5.9054796472026755e-06
8,3.0170480534354737e-07,0.01474766151124391,0.000308886980885187,4.648249386032499e-08,0.00020366796860411357,3.987765397943758e-06,5.324152271949622e-07,3.2494127700679053e-10,2.059001325328776e-09,9.318246186500318e-07,8.825245105297132e-05,0.8962629993715981,2.3107392305532766e-05,0.07268065887832084,2.526864230091588e-07,1.5090439492548495e-09,1.0649875030815234e-05,0.00033022917636539654,9.603080722886086e-06,2.0128688730283174e-08,0.0018480470938023032,0.013465008209155449,4.5731818387210626e-10,2.1725966957834531e-10,1.5150435693446953e-05
9,2.1434277731286087e-07,0.014108154256259536,0.00017990355216841524,2.7029358007446295e-08,0.00015325435189984324,2.9251385724310884e-06,4.753876897778649e-07,2.2666581000279755e-10,1.3332318804346274e-09,5.372516159045549e-07,6.103137597387153e-05,0.9251930654432983,1.8682346975927582e-05,0.049134059634649424,1.7497242941187327e-07,1.0989932073089893e-09,7.710672085581235e-06,0.0002565644002080753,7.851695111639398e-06,1.2193826606777406e-08,0.0013879520426009673,0.009475161489929086,3.026239866562465e-10,1.0080353601557738e-10,1.223936025148287e-05
10,3.1379439834590885e-07,0.015145185768431503,0.00032153153381589595,4.8834006457867995e-08,0.00021337234191480938,4.105355204870491e-06,5.551478791947891e-07,3.3277528500029556e-10,2.2020255734843362e-09,9.906393655520483e-07,9.181052575496866e-05,0.8909299847325761,2.3105973885854746e-05,0.07685302652841848,2.7071134130650577e-07,1.5481933196017211e-09,1.0891171386103707e-05,0.0003406268190109495,9.72202981963723e-06,2.106213227928586e-08,0.0019136171625710472,0.014124481526302812,4.845342276930895e-10,2.378046872003681e-10,1.633353645088906e-05
11,2.91928187505533e-07,0.014502438098911637,0.00029697523785788567,4.712330754668434e-08,0.00019760314398964467,3.880491640516323e-06,5.31643709518456e-07,3.360210334385792e-10,1.997003543145267e-09,8.834825944192939e-07,8.652052610741033e-05,0.9005214082879003,2.4869110980259306e-05,0.06971923833095518,2.3640182619583071e-07,1.5459320527348573e-09,1.0726981376486064e-05,0.00032537119871024696,9.443805764552156e-06,1.938318646725247e-08,0.0017433013084142486,0.012542066576488082,4.4606034525531777e-10,2.042698951969764e-10,1.4142408805081684e-05
12,1.146766928036853e-07,0.00965230557922576,9.130707923962988e-05,2.788510227027326e-08,0.00037554805078705627,2.382147472189209e-06,2.315038475494205e-07,3.6638893497373954e-11,8.965431683901067e-10,3.1884335775377755e-07,4.175662014687151e-05,0.8668817188467357,8.21350141638552e-06,0.11934256207151152,5.883116789096497e-08,7.023800092042163e-10,3.0329702788582138e-06,0.000561800068760115,1.811721282339204e-06,1.3456724706079249e-08,0.0010007113663578697,0.0020083862174246885,4.3974246630278066e-10,7.287707220713059e-11,2.7696414286510168e-05
13,4.833768352912012e-07,0.0152509170763915,0.0004128448093908382,5.334992139562733e-08,0.00021884167027491877,6.545383021274563e-06,9.448874028341815e-07,7.01701428967718e-10,3.995524666042967e-09,2.055104942731774e-06,3.550501851042696e-05,0.8750400215620141,1.5076510400470289e-05,0.07999373430011318,2.9248385244151405e-07,2.2044445745766197e-09,1.4803007689300223e-05,0.0005318820970489853,1.457497858282146e-05,5.673248860653337e-08,0.002562149897812598,0.025859984667913012,6.846456684203353e-10,2.949491228520022e-10,3.9225204127699815e-05
14,2.2026642725153605e-07,0.014902422620273522,0.00020246544177248278,2.6059070962132073e-08,0.0001654695673189058,3.2563260947669088e-06,3.5696267467310066e-07,1.8357188893208073e-10,1.2248393658274327e-09,5.729003504423204e-07,7.198284525920001e-05,0.919693272803903,2.0268440551184346e-05,0.05467603915828132,1.5684879324700216e-07,1.0604886156331785e-09,7.085232875332192e-06,0.00023889889345934175,8.648852651774585e-06,1.2716288026500986e-08,0.0014304294420688062,0.008568047224253772,2.9646394794232484e-10,1.1726508362661156e-10,1.0364515003178255e-05
15,3.1379439834590885e-07,0.015145185768431503,0.00032153153381589595,4.8834006457867995e-08,0.00021337234191480938,4.105355204870491e-06,5.551478791947891e-07,3.3277528500029556e-10,2.2020255734843362e-09,9.906393655520483e-07,9.181052575496866e-05,0.8909299847325761,2.3105973885854746e-05,0.07685302652841848,2.7071134130650577e-07,1.5481933196017211e-09,1.0891171386103707e-05,0.0003406268190109495,9.72202981963723e-06,2.106213227928586e-08,0.0019136171625710472,0.014124481526302812,4.845342276930895e-10,2.378046872003681e-10,1.633353645088906e-05
16,2.531929892955263e-07,0.011530829448796185,0.00023148480120040738,3.943428327070052e-08,0.00016091604417366144,3.173122705619949e-06,4.870294890278722e-07,2.2617390188798684e-10,1.5110488046535691e-09,9.829379790283506e-07,7.341996215420659e-05,0.895939319767958,1.695010353774512e-05,0.07710285232544256,1.9490121881910355e-07,1.253763044951741e-09,8.971344671861945e-06,0.00040024480519353165,6.878319284686574e-06,1.9316094052581505e-08,0.0020009050156251504,0.012505247672594168,3.8624069167710644e-10,1.8814236564847488e-10,1.6826889240007558e-05
17,2.5390994539585507e-07,0.011427773956070617,0.00020942690932941013,3.214602965441387e-08,0.00014945365738089326,2.5414919559054014e-06,3.9264340775578487e-07,2.366831718326229e-10,1.40300368523067e-09,7.112763206878609e-07,6.212087129587792e-05,0.9103368140695624,1.872879061527666e-05,0.0649635950982048,1.4109960584273278e-07,1.0552119741963462e-09,8.535010029430218e-06,0.0003755308404303303,7.065247322388078e-06,1.6737125308577567e-08,0.0015221797557464726,0.01090003015304351,3.578552156836794e-10,1.3690021685736028e-10,1.4653146923819175e-05
18,4.0435112845163517e-07,0.022984127884425994,0.0011164417517402693,1.3162091383408238e-07,0.0005727307617018897,9.394956810906183e-06,8.024975778324814e-07,6.433440928903817e-10,3.208793170730861e-09,1.346432487384451e-06,0.00020457647081227666,0.86404910730561,3.8930980960761e-05,0.09139618212226074,8.344358940456592e-07,2.7404876186840264e-09,1.1846181869348337e-05,0.00024215358411355727,1.880161094819601e-05,3.0731837037725925e-08,0.0036609494003305002,0.01567976075943721,6.969331918782519e-10,5.457170839695603e-10,1.1438323864561076e-05
19,2.545508817047077e-07,0.013764969856373441,0.00031214221180741065,4.632194012036232e-08,0.00020441521095270287,3.421588781024699e-06,4.858278934449317e-07,3.1546760892718314e-10,1.6568726524051719e-09,7.717607240380757e-07,7.826320125075188e-05,0.9080815928805224,2.373164264474897e-05,0.06401272876609342,2.102514022511355e-07,1.3527930562914129e-09,9.32582932747394e-06,0.00030574932719986504,8.554977767235392e-06,1.70277999618659e-08,0.0017353025700713963,0.01144610931587518,3.556706419833228e-10,1.707373729792664e-10,1.1903029150292248e-05
20,3.892635586452476e-07,0.019819973002033288,0.0005222891291872201,8.065221288372043e-08,0.0002902229903910522,6.471208920667118e-06,1.2001753119788735e-06,8.093143620048344e-10,3.373485339594881e-09,1.5953316482921891e-06,0.0001582385980691931,0.8509849006850596,2.8705865720998368e-05,0.09095299884153511,1.015948071818232e-06,2.4004731951088726e-09,1.3452384426462767e-05,0.0002750142909117055,1.8504822498961783e-05,3.149915518711024e-08,0.003971172167372322,0.032932088708496864,9.131708186809937e-10,4.1868778693983933e-10,2.1646520286231103e-05
21,2.937976764064603e-07,0.014149238677496281,0.00028509375446289465,4.485693599932699e-08,0.0002037558953337981,3.6348364154253422e-06,4.882980350143488e-07,2.84946077757449e-10,1.9176390349015655e-09,9.354236691139137e-07,8.65861631668062e-05,0.8958626696556825,2.141631237416572e-05,0.07464569221399728,2.2768856649150575e-07,1.4331418393333793e-09,9.845867340691235e-06,0.00034519466797951464,8.72919479733728e-06,1.93745566330095e-08,0.0018729224112641412,0.012487783274024994,4.4065169668067676e-10,2.11522754815289e-10,1.5423348323089838e-05
22,3.0667234744444483e-07,0.010127412090318528,0.0003392238114854653,5.5582695923310263e-08,0.00015165125840871846,3.317168872012748e-06,3.927949791525957e-07,2.804847831772088e-10,1.4912982918019719e-09,1.1673656213047707e-06,9.712768728778421e-05,0.8993492168628954,2.1012108553927994e-05,0.0744569631585965,1.9703229730229177e-07,1.5221906330233334e-09,1.2333712587143549e-05,0.00043090846776195794,7.073572258137666e-06,1.9250658811892718e-08,0.0020953474230855193,0.01289475103427677,3.5716941348398473e-10,2.572664389150619e-10,1.1519036602586782e-05
23,3.1379439834590885e-07,0.015145185768431503,0.00032153153381589595,4.8834006457867995e-08,0.00021337234191480938,4.105355204870491e-06,5.551478791947891e-07,3.3277528500029556e-10,2.2020255734843362e-09,9.906393655520483e-07,9.181052575496866e-05,0.8909299847325761,2.3105973885854746e-05,0.07685302652841848,2.7071134130650577e-07,1.5481933196017211e-09,1.0891171386103707e-05,0.0003406268190109495,9.72202981963723e-06,2.106213227928586e-08,0.0019136171625710472,0.014124481526302812,4.845342276930895e-10,2.378046872003681e-10,1.633353645088906e-05
24,2.5516793942654977e-07,0.013533406373730473,0.0002641936529548966,4.761790783828606e-08,0.00021977996548187763,3.5850256416353638e-06,4.585084944044044e-07,2.634875181704307e-10,1.8665043684076566e-09,7.998871384989973e-07,8.335464892385592e-05,0.8963547446319065,2.2607520950067646e-05,0.07727562339828024,1.9929250760045712e-07,1.4623665603929848e-09,9.415594035202158e-06,0.00033601871602522896,7.604666397031278e-06,1.7943708993021095e-08,0.001630678046093031,0.010243115953515281,4.394467532592039e-10,1.8895452029234853e-10,1.4089167608120076e-05
25,3.0759934941358077e-07,0.013418069564419332,0.00032047495783215176,5.1098668176382766e-08,0.0002013328821520113,3.3950638064380017e-06,5.379721297588518e-07,3.6518386009468804e-10,1.820994292998274e-09,8.783109386974444e-07,9.618813919295525e-05,0.9050118563310998,2.558631653393933e-05,0.06591011532392209,2.477751466741486e-07,1.5205303907583695e-09,1.0198103794811665e-05,0.0003333966442911903,9.702396576584126e-06,1.9029012758234938e-08,0.001975261928826105,0.012669598367515215,4.348433240578993e-10,2.0797293413871453e-10,1.2777845266840674e-05
26,6.93663907460804e-07,0.022404041814428795,0.0005086757796813119,1.0093675359988318e-07,0.00034735529941998965,7.036416355200823e-06,7.875790136078982e-07,6.59967293711451e-10,7.280081531778449e-09,1.488067379315339e-06,0.00014580459298381722,0.8639136292430348,3.311792807623281e-05,0.09343702107822453,4.734901890603298e-07,2.836065573051453e-09,2.031120719685063e-05,0.0004517225327236367,1.2836604916451493e-05,3.646942770456389e-08,0.002059180420389348,0.01662808041752125,1.21590315306103e-09,7.733692902274449e-10,2.7593692990381267e-05
27,3.9472397899871564e-07,0.01974436659830278,0.0003496132221370275,5.962465805550728e-08,0.0002622328244169693,5.694215388313481e-06,9.424060994522823e-07,5.027679091790071e-10,4.65847040660052e-09,1.6687225327430571e-06,0.00011946378327394855,0.845219333636315,2.411314964233575e-05,0.1039230019040637,5.712095900124634e-07,2.1607845842421674e-09,1.468162465206254e-05,0.00033789855679524706,1.3342660464052474e-05,3.223090857375533e-08,0.0023167575744707366,0.02763654228052776,8.33151641295031e-10,4.341368640823598e-10,2.928046247091728e-05
28,3.1379439834590885e-07,0.015145185768431503,0.00032153153381589595,4.8834006457867995e-08,0.00021337234191480938,4.105355204870491e-06,5.551478791947891e-07,3.3277528500029556e-10,2.2020255734843362e-09,9.906393655520483e-07,9.181052575496866e-05,0.8909299847325761,2.3105973885854746e-05,0.07685302652841848,2.7071134130650577e-07,1.5481933196017211e-09,1.0891171386103707e-05,0.0003406268190109495,9.72202981963723e-06,2.106213227928586e-08,0.0019136171625710472,0.014124481526302812,4.845342276930895e-10,2.378046872003681e-10,1.633353645088906e-05
29,3.1379439834590885e-07,0.015145185768431503,0.00032153153381589595,4.8834006457867995e-08,0.00021337234191480938,4.105355204870491e-06,5.551478791947891e-07,3.3277528500029556e-10,2.2020255734843362e-09,9.906393655520483e-07,9.181052575496866e-05,0.8909299847325761,2.3105973885854746e-05,0.07685302652841848,2.7071134130650577e-07,1.5481933196017211e-09,1.0891171386103707e-05,0.0003406268190109495,9.72202981963723e-06,2.106213227928586e-08,0.0019136171625710472,0.014124481526302812,4.845342276930895e-10,2.378046872003681e-10,1.633353645088906e-05
30,3.1379439834590885e-07,0.015145185768431503,0.00032153153381589595,4.8834006457867995e-08,0.00021337234191480938,4.105355204870491e-06,5.551478791947891e-07,3.3277528500029556e-10,2.2020255734843362e-09,9.906393655520483e-07,9.181052575496866e-05,0.8909299847325761,2.3105973885854746e-05,0.07685302652841848,2.7071134130650577e-07,1.5481933196017211e-09,1.0891171386103707e-05,0.0003406268190109495,9.72202981963723e-06,2.106213227928586e-08,0.0019136171625710472,0.014124481526302812,4.845342276930895e-10,2.378046872003681e-10,1.633353645088906e-05
31,4.31348890069547e-07,0.012573507051503972,0.0004311175879871512,3.8457777234201994e-08,0.000164393117329658,2.677456027001417e-06,3.9832606120349723e-07,4.389448940809723e-10,1.4087176760935168e-09,7.798338020419534e-07,5.616241794151895e-05,0.9252507521683832,2.436429538021103e-05,0.04780137442938293,1.4168302105987518e-07,1.1199321229852371e-09,9.71260423349046e-06,0.0004311731777609748,1.1924807821190123e-05,2.1628461692422764e-08,0.001723805379436378,0.011504192936103415,3.250146651165132e-10,1.634142292891475e-10,1.3027836671784288e-05
32,3.0771652329137107e-07,0.015123972495037802,0.0003142044608395708,4.320388932620173e-08,0.0002086333258014984,4.135433255763155e-06,5.554451581350679e-07,3.544403437605652e-10,2.0689389671813203e-09,9.451849542178909e-07,8.675048107272504e-05,0.8964067958502976,2.3418633712936597e-05,0.07093577195277671,2.727571064058619e-07,1.5599993540267963e-09,1.0296876168321787e-05,0.0003128322877100398,1.150294098240089e-05,2.1750883553866668e-08,0.0019071547725119456,0.014636641110011658,4.848361829373641e-10,2.0950741539987174e-10,1.5738643583948217e-05
33,1.7894356594802447e-07,0.00892918190350481,0.00014806332708819798,2.688424992904343e-08,7.498240570891e-05,2.3505548003157996e-06,3.081701089382869e-07,2.2781459807393717e-10,1.1847441720021923e-09,5.934365039773153e-07,4.8015049529326584e-05,0.9290902321642697,2.547968072189749e-05,0.0505841897238124,7.364419193976038e-08,1.1128868264783218e-09,1.2936473444270475e-05,0.000298249107159737,5.444016143424572e-06,1.1344958390190917e-08,0.0007786491385791816,0.009994058535338834,1.9767516342935778e-10,8.784447446406526e-11,6.972685354642107e-06
34,7.107011463050539e-07,0.025185568379520646,0.00044915132501903286,3.7090025863503094e-08,0.0003191516939319197,3.588162068278481e-06,5.091806404412236e-07,5.061996129540167e-10,3.884583019444805e-09,1.0760351990558591e-06,0.00015282515137064151,0.8792095220523741,3.4938272764672966e-05,0.0710641769275127,3.5851370447430096e-07,1.481440805052653e-09,1.0507472539498626e-05,0.0002736806456594694,3.05812442389169e-05,2.5237309310770127e-08,0.0019161330465480057,0.02132552778724869,7.687656616735154e-10,3.7387073151057787e-10,2.1924066318125425e-05
35,5.012173232990695e-07,0.007481331820815632,0.00011378936121576908,1.5329272971765433e-08,4.259541023990252e-05,6.978381834795734e-07,1.982749154394919e-07,3.001203505868939e-10,1.2063768096059047e-09,4.5660757772446464e-07,2.2408963420225677e-05,0.966352788144113,1.613348341073053e-05,0.017917835224332077,2.565080260225724e-08,6.439279840041833e-10,1.2462632692413496e-05,0.0005355824590809633,5.261605571032072e-06,8.577327168219029e-09,0.0005810908228774179,0.0069083257332876605,1.220624062000399e-10,6.917883337689588e-11,8.488501874336344e-06
36,3.685696303533312e-07,0.017687831181989636,0.0004276722282366691,5.764392819695989e-08,0.0003020759432974697,4.453699662245924e-06,5.898779904867397e-07,3.2408300851225616e-10,2.2334220890742756e-09,1.1216230974966137e-06,0.0001133395297695714,0.8779308411002513,2.3033624753001328e-05,0.08696756346358755,3.363241159918082e-07,1.5223954771885593e-09,9.176138990203456e-06,0.0003660078475486993,1.0972493353981714e-05,2.3810071539948176e-08,0.002567760039668872,0.013567574035861013,5.503443059188188e-10,3.0683493526695877e-10,1.9195887115844852e-05
37,3.0341281561585556e-07,0.01540230849590151,0.00031302157712024463,4.7851110270043915e-08,0.00021380571340810087,4.190494332059309e-06,5.664892889365651e-07,3.3748385785910105e-10,2.227065898092852e-09,9.783032140807362e-07,9.042863200548963e-05,0.891002037080742,2.318405857708463e-05,0.07629856734411787,2.7592512926237504e-07,1.5581402625032757e-09,1.0869724657824897e-05,0.00032639651290469724,9.889261762777156e-06,2.0959229339815973e-08,0.0019170249780929788,0.014369775639845662,4.897043412535402e-10,2.270232342303098e-10,1.63027063268835e-05
38,2.327104352102271e-07,0.013028615119844659,0.0002959405747624182,4.006647504760555e-08,0.00014397855811149626,7.4947629468726395e-06,6.299580236616781e-07,3.8418762676740865e-10,1.296364781246947e-09,7.647002531651687e-07,8.736117594876603e-05,0.9216885059429621,2.6050506854696902e-05,0.05072262200317938,3.5051984899262184e-07,2.2770286798527617e-09,1.0463408149596644e-05,0.0002263681782839505,1.4425549171658569e-05,2.2186600293254923e-08,0.002264532474445259,0.011472456867954478,5.156044472314277e-10,1.6298234266096134e-10,9.140099580277108e-06
39,3.1521931754628876e-07,0.014782043930416832,0.0003231586211200235,4.929876947897567e-08,0.00021125810787615801,4.171796189430074e-06,5.8166290579273e-07,3.544777780328927e-10,2.1559541387171095e-09,1.0043946622490086e-06,8.903428629747874e-05,0.8929725851132271,2.275853688454777e-05,0.07464893613052925,2.8244699889735386e-07,1.5999398852581703e-09,1.0840161971129852e-05,0.00034349381317296635,1.0126097455202441e-05,2.190568676351685e-08,0.0020273719638668527,0.014535124184427591,5.01685777716976e-10,2.3372289860711025e-10,1.6837482444351512e-05
40,1.3143276151902728e-06,0.010914503722813971,0.0001352271198221787,3.4502426141632686e-07,9.695812443961268e-05,4.442592686550236e-06,2.2381254781960827e-06,2.217385368195222e-09,3.3270578549827124e-08,4.757492326650233e-06,0.00016994084077263922,0.8628056272169599,5.863409341994082e-05,0.09940869050904268,2.981499319662207e-07,9.436102425709939e-09,0.00011229441629459024,0.0013174577514957668,5.670671960281337e-06,5.252094550327713e-08,0.0020924591640016435,0.02281794103642786,3.429706593375889e-09,1.9177627262670035e-09,5.109682776790211e-05
41,3.5827555355246704e-07,0.0319758494630242,0.00047831154007056215,8.775469927089498e-08,0.0004950394132309398,6.204967996956824e-06,5.52232680300219e-07,3.542930689650081e-10,5.374343373094202e-09,1.0142818762029555e-06,0.00012494836965835706,0.8608695887930062,3.218563532556741e-05,0.09420146898968947,3.3194695072789565e-07,1.9104420487350995e-09,1.384172991981055e-05,0.0002601354329463339,8.01269266170621e-06,1.6961290602340996e-08,0.0015850387078035378,0.009930892600019635,5.490854504746213e-10,3.70832863981052e-10,1.6111652599281718e-05
42,3.163181488748882e-07,0.012622542856191993,0.0001640172920353475,8.344265557719401e-08,0.00027151781219500795,4.350370597126328e-06,4.2364049398531885e-07,7.836387946912059e-11,2.5385118879839674e-09,7.695799538015942e-07,0.00012243757335527486,0.8259038504406103,1.7023257608084613e-05,0.15573939461350136,1.3486936768016422e-07,1.6507834688084874e-09,1.0740303054697287e-05,0.0008952886049001652,1.9035518715148972e-06,1.5779455567502226e-08,0.0010769185715704514,0.003137571079336361,7.479183493539989e-10,4.509916140111849e-10,3.069457652765168e-05
43,4.796205285795763e-07,0.016112353997162522,0.0005242280006046307,9.540955018653043e-08,0.00032260701162190036,8.02083219046551e-06,1.058183998214163e-06,7.883678388930467e-10,6.2415969603169766e-09,4.408426844828071e-06,0.0001281053147662318,0.7916948724100115,2.6907228919969676e-05,0.14311009116224804,6.072339493220476e-07,3.581331815169632e-09,1.8571406304665516e-05,0.00043896893354098435,1.8723692834812793e-05,7.856842520083344e-08,0.003922849205671256,0.043635466551936855,1.124205396791968e-09,7.382566521851531e-10,3.1494335131257354e-05
44,3.1379439834590885e-07,0.015145185768431503,0.00032153153381589595,4.8834006457867995e-08,0.00021337234191480938,4.105355204870491e-06,5.551478791947891e-07,3.3277528500029556e-10,2.2020255734843362e-09,9.906393655520483e-07,9.181052575496866e-05,0.8909299847325761,2.3105973885854746e-05,0.07685302652841848,2.7071134130650577e-07,1.5481933196017211e-09,1.0891171386103707e-05,0.0003406268190109495,9.72202981963723e-06,2.106213227928586e-08,0.0019136171625710472,0.014124481526302812,4.845342276930895e-10,2.378046872003681e-10,1.633353645088906e-05
45,4.0630236402002643e-07,0.019513372582577185,0.0007890128675122205,1.2070061312538744e-07,0.00031940883566354577,1.1975665491761568e-05,1.7080827740946762e-06,1.2524133610227105e-09,4.045195212023687e-09,1.6968963264338226e-06,0.00015361905371276136,0.8643836213057441,3.816804310705621e-05,0.08259341342110973,1.3946072026423947e-06,4.238354908365225e-09,1.829350330069348e-05,0.0002768009067299489,2.2750856478129213e-05,4.359512886275955e-08,0.0035688167823598807,0.028287846287704352,9.968927392615155e-10,5.301925224001916e-10,1.7518641050656474e-05
46,3.0697115758937025e-07,0.007610061188149911,0.00021322594699835185,5.846060669981428e-08,5.044974203536532e-05,5.129835708684851e-06,3.8617155741638817e-07,4.822418786031982e-10,1.4960663577820094e-09,7.938413959633492e-07,6.431537570799295e-05,0.9444910006260104,2.9456604543146223e-05,0.03647613208712827,1.3120887571921635e-07,2.56489629259561e-09,2.955951705047703e-05,0.00038557301700451585,5.601529294206668e-06,1.516953497386866e-08,0.0012005821697236394,0.009431557126921071,3.5401930408601334e-10,2.0194710745438533e-10,5.658311424588412e-06
47,2.924283521807209e-07,0.013439672980638325,0.00020768219315957318,2.5108788758467776e-08,0.00012284355202384713,2.8397182489827973e-06,4.480442523508304e-07,3.0033826529913156e-10,1.6386419597245562e-09,7.86728990908322e-07,5.7019827422481446e-05,0.9206153167645376,1.861134004734437e-05,0.0489446689935431,1.734969675996214e-07,1.1412240122551138e-09,9.870570659289861e-06,0.000294232312192342,1.0198347304907406e-05,1.6500962994695597e-08,0.001457190856500099,0.014804122739761392,3.153783272426899e-10,1.3391170904557375e-10,1.3983966151840785e-05
48,2.5638985942962083e-07,0.01412078373256428,0.00025204330433449746,3.1705905652691924e-08,5.711343191093286e-05,8.65305119691362e-06,5.285343610144339e-07,7.777437982916527e-10,1.502969023981448e-09,4.7374720304703466e-07,4.8394948768406996e-05,0.9518266202085073,4.543792512250405e-05,0.022294171702076288,1.7692212396513245e-07,2.312778042517612e-09,2.467326344137965e-05,0.00015288067303900676,1.70596317327207e-05,1.4762070975736642e-08,0.0010220011003587263,0.010124557896499521,3.3160842328432465e-10,8.411086401631613e-11,4.122059713096308e-06
49,1.59199194411952e-05,0.08505348539343484,0.00017860553723200728,2.7613012488563296e-06,0.008571905100204714,4.705858645599818e-06,1.6910119890058177e-05,4.698328040796056e-09,1.8222780089395033e-06,1.2697455320559756e-05,0.003916514035809115,0.2168751529617646,7.005451545597161e-05,0.6626250855446635,1.3474267631412278e-05,5.0695349503940763e-08,4.543060920246715e-05,0.0011597131116675408,2.3841687425356528e-05,6.442876331962909e-08,0.0039739421207561874,0.015501607567928975,2.3001417008699306e-07,5.985384632090081e-08,0.001935960923810898
50,3.9040373261086093e-07,0.01653868355794297,0.0003254472870443043,4.313693898651241e-08,0.0002300693502838917,3.6134362828205773e-06,9.018149845840848e-07,4.5591410300816456e-10,2.9155472060475827e-09,1.6752271057719748e-06,8.155826113267685e-05,0.8602400653401568,2.0682473428636273e-05,0.09287686728560159,3.691740961690537e-07,1.6087937420818495e-09,1.0895477320431783e-05,0.00041036206075636825,1.4366525564845082e-05,3.19625036265838e-08,0.0024151741612322176,0.026796518986701733,5.805355423321224e-10,2.6759661905808946e-10,3.2278248801643796e-05
51,3.734495024542781e-07,0.0106887728403551,0.00026423557478901866,3.2349887441975216e-08,0.00016545061571824867,4.875667645448486e-06,6.499681134855084e-07,3.4422976220782583e-10,1.7944381820465003e-09,1.0866302487231183e-06,7.421616254712306e-05,0.8961206142120222,1.7346913036209975e-05,0.07347008190810503,3.1342844575439056e-07,1.9410795509139956e-09,9.784511788089123e-06,0.0004611182169077157,1.5808155984448975e-05,3.7692797401828986e-08,0.0020852764389373544,0.016592368420627272,7.871745883594733e-10,2.307985384595137e-10,2.7551744821007483e-05
52,4.243815664650459e-07,0.008885877497247428,0.0004597891220740689,1.1069155376435054e-07,0.0001978368806200781,5.634185379296335e-06,5.368867148700466e-07,3.281667904476587e-10,2.701903255439956e-09,2.0585532868711643e-06,0.00015489026978687538,0.8518315359602527,3.003706494287283e-05,0.12280901266404358,2.5068871708261693e-07,2.938919770069374e-09,1.8260927083794002e-05,0.0007282355006462952,6.690071536441495e-06,3.9793354958586873e-08,0.001894635147404637,0.012959093385507093,6.318947214871714e-10,7.1411273242368e-10,1.5043013283364805e-05
53,3.385704593434979e-07,0.017115375409086222,0.0002639040357374501,1.031064929244968e-07,0.0002990486056756674,7.806520934057517e-06,2.421626281416347e-06,7.371964119169189e-10,6.125303931713333e-09,1.6452429376820404e-06,0.00013820421828318223,0.8324384387485845,2.856236004955673e-05,0.12330842760249607,1.0156962593255484e-06,3.862500918263702e-09,1.615191419675544e-05,0.0004327766119563855,1.1244738587553274e-05,4.4354055793703504e-08,0.0027436899395860124,0.02314710276133118,1.6844311326074073e-09,5.03251846006093e-10,4.368502432474733e-05
54,5.735099291007804e-07,0.011982488081945006,0.0019337998674306828,2.685136394727786e-07,0.0004365377188327485,1.0427023112266631e-05,8.452999631368203e-07,1.1319742137721145e-09,3.0593172887130102e-09,2.3307412766996325e-06,0.0002807821627924185,0.8332913075038174,5.547951186111661e-05,0.12339121855516391,8.12616352230403e-07,3.8674092089146575e-09,2.05959326796279e-05,0.0005008250984569451,1.966627875280466e-05,6.282308253629837e-08,0.004941154414820391,0.023119110792888992,1.0676659583416004e-09,1.092887461963891e-09,1.1703333948503178e-05
55,5.952413983944927e-07,0.018879195559297877,0.0024543202983243525,2.585005657740592e-07,0.00045848391357959585,3.575025072012114e-05,1.8758252367321443e-06,2.2485726486047136e-09,6.839068369251105e-09,7.5754553413735824e-06,0.00034788949417463355,0.5920423599312427,6.0207522605859434e-05,0.27045243915244355,3.110210841893014e-06,7.036772669166159e-09,3.407148255274956e-05,0.00032506276317547874,5.26997773854052e-05,1.8043269591285124e-07,0.008042784061602493,0.1067751690109571,2.9925383402796244e-09,2.0360240333937336e-09,2.594996288203778e-05
56,2.9186860666363846e-07,0.014636775475298458,0.0002952716534419466,4.628083308419432e-08,0.00019949781801170083,3.762703182344614e-06,5.194823020096646e-07,3.158700498667544e-10,2.0060805596346726e-09,8.692374185058981e-07,8.932108001722033e-05,0.8995274313491552,2.4759910564900822e-05,0.07083384851725251,2.3331141461331785e-07,1.4794034791388711e-09,1.045229908800545e-05,0.00032978198239039274,9.05779386003233e-06,1.8941109212290305e-08,0.0017024838777789356,0.012321249102832782,4.365227622058031e-10,2.096467310037982e-10,1.4322867917940507e-05
57,1.9977959470408072e-07,0.009869860124283735,0.0002312986850452476,1.6534388734171454e-08,0.00012430615605254667,2.212048950832946e-06,3.0210837395060715e-07,2.757333511973316e-10,7.352479504061615e-10,5.230120878780407e-07,4.3057940748949896e-05,0.9405725664094937,1.619222834669954e-05,0.03423756068464741,1.3853120609809755e-07,9.277567988201339e-10,5.706420484086643e-06,0.00020076740462454516,1.497987131987452e-05,1.4257242006943724e-08,0.0015541243161400031,0.013118307743622696,2.0367356356918068e-10,6.449086495144644e-11,7.86353644383223e-06
58,3.6607641779933507e-07,0.016126043132965208,0.0003847776866106074,5.955743683682926e-08,0.000230941121739105,4.801785305659685e-06,6.434021608415222e-07,3.91298851204645e-10,2.71035383008955e-09,1.1926583684526182e-06,0.00011260091829309726,0.8799570122993411,2.562717223825405e-05,0.084409880879066,3.5557464095515246e-07,1.831249152081451e-09,1.2397717434532747e-05,0.0003630309274954847,1.071052720061595e-05,2.4671541589404852e-08,0.002092852265718102,0.016248632451342043,5.762615065210074e-10,3.4441697338688154e-10,1.804332110335245e-05
59,4.0151009854520153e-07,0.016151287699193845,0.0004427037238858406,6.92254235887236e-08,0.0002568726217034292,5.065402756638497e-06,6.778824109624132e-07,4.1951383650635153e-10,2.960205909346034e-09,1.401590945077034e-06,0.00012087284667654079,0.8713470477381103,2.5230232390925846e-05,0.09167705781833119,3.945065283890776e-07,2.0249049460906942e-09,1.3027172791013217e-05,0.00040022781505905363,1.0955931077245327e-05,2.764880892883843e-08,0.002326532249115948,0.017200526734469895,6.200944188027328e-10,4.2039046041368974e-10,1.961320511303412e-05
60,3.1379439834590885e-07,0.015145185768431503,0.00032153153381589595,4.8834006457867995e-08,0.00021337234191480938,4.105355204870491e-06,5.551478791947891e-07,3.3277528500029556e-10,2.2020255734843362e-09,9.906393655520483e-07,9.181052575496866e-05,0.8909299847325761,2.3105973885854746e-05,0.07685302652841848,2.7071134130650577e-07,1.5481933196017211e-09,1.0891171386103707e-05,0.0003406268190109495,9.72202981963723e-06,2.106213227928586e-08,0.0019136171625710472,0.014124481526302812,4.845342276930895e-10,2.378046872003681e-10,1.633353645088906e-05
61,3.860842894794297e-07,0.015821980418207444,0.00046755373065084294,6.588473705964215e-08,0.00024174191166769187,5.041348252410198e-06,6.16039640065578e-07,4.2545028812461055e-10,2.596527294978749e-09,1.28364255885797e-06,0.00011157102983236253,0.8793783547060395,2.5769730514360466e-05,0.08472409615455191,3.566879782764373e-07,1.8659149431657144e-09,1.2846211852670467e-05,0.0003811920388593169,1.1127538529179943e-05,2.6419210476499358e-08,0.0022828621969188676,0.016516124514576784,5.530797609476188e-10,3.629000391099493e-10,1.6997907260059367e-05
62,3.1379439834590885e-07,0.015145185768431503,0.00032153153381589595,4.8834006457867995e-08,0.00021337234191480938,4.105355204870491e-06,5.551478791947891e-07,3.3277528500029556e-10,2.2020255734843362e-09,9.906393655520483e-07,9.181052575496866e-05,0.8909299847325761,2.3105973885854746e-05,0.07685302652841848,2.7071134130650577e-07,1.5481933196017211e-09,1.0891171386103707e-05,0.0003406268190109495,9.72202981963723e-06,2.106213227928586e-08,0.0019136171625710472,0.014124481526302812,4.845342276930895e-10,2.378046872003681e-10,1.633353645088906e-05
63,3.1094896430983186e-07,0.015909677445625263,0.00030870821000677926,4.607443871541263e-08,0.00021129867230129432,3.9730502964886e-06,5.442473777296798e-07,3.2129418886781343e-10,2.205958370261548e-09,9.482565715702721e-07,9.069568717711125e-05,0.8929462998493376,2.2875383495591898e-05,0.07440381689107047,2.6544179589745653e-07,1.4718267605932603e-09,1.0654115453320019e-05,0.0003255959441549119,9.590488839574664e-06,1.9622324123230644e-08,0.0018513834919897502,0.013887163617974834,4.6262214137585336e-10,2.272463114121758e-10,1.6127871856737525e-05
64,3.2950683598800374e-07,0.016118956017725554,0.00037531129144147764,5.501775012632483e-08,0.0002516490241793284,4.298467246741264e-06,6.231854974421057e-07,3.850645603448724e-10,2.1327774924826725e-09,1.0897394753912355e-06,0.00010122416478314551,0.89082076023652,2.2643450623126704e-05,0.07415630823642606,3.39351137561586e-07,1.5921439070401088e-09,9.683789376455488e-06,0.00032523886390287734,1.1361865396887452e-05,2.3092002362174278e-08,0.00270300407115365,0.015080423544897255,5.318671634328378e-10,2.5594111638824606e-10,1.667218583421531e-05
65,2.621504150936572e-07,0.010530121550561421,0.00013065064703261507,2.6295209437856955e-08,0.00012618595261879414,2.022860393613294e-06,3.1507387351468765e-07,1.792627906987538e-10,1.7982848152505013e-09,7.228746283290939e-07,5.126965715668225e-05,0.9178481855370647,1.605900330761116e-05,0.06080648905611666,8.592045182538461e-08,1.0760084040662309e-09,9.208834418248219e-06,0.0004055178546616952,5.5586077010712095e-06,1.4523246846807864e-08,0.0010276070870215534,0.009024457780974028,3.15773218708836e-10,1.3203971153534319e-10,1.52352317774029e-05
66,2.9695994493409765e-07,0.014543053387916628,0.00032291436753462686,4.992714335925473e-08,0.0002202943324177397,3.7834782311484796e-06,5.017157115551788e-07,2.921024007476136e-10,2.0362023544539337e-09,1.0003483265888638e-06,9.380537339687286e-05,0.8893299745585519,2.242630397047193e-05,0.079921981796596,2.4543613504401264e-07,1.4762569441110033e-09,1.035996383884676e-05,0.0003469696241394719,8.69969351928937e-06,1.9586741761085873e-08,0.0018994808945004685,0.01325876959252957,4.357010595595783e-10,2.3526796818553043e-10,1.5368183323054236e-05
67,3.294221958889899e-07,0.01621222103823693,0.00033729712858147594,4.910363730493415e-08,0.00023214244767545708,3.624755899207218e-06,5.411801833130401e-07,3.526214473353342e-10,2.2999800916607135e-09,9.237680320812621e-07,9.222637257487146e-05,0.8969336625712713,2.365176371581195e-05,0.07018944691141667,2.6603750482476494e-07,1.474406719371797e-09,1.0564391238226538e-05,0.00031872304341937907,1.0062504271722825e-05,1.862477929663818e-08,0.0018483267109028238,0.0137706140837158,4.41552553588581e-10,2.2635630738128322e-10,1.5303345830610726e-05
68,5.234132565580641e-07,0.039634439014017565,0.0004477109379830689,5.56678554078042e-08,0.0005246636833784585,7.548471862211241e-06,8.658425360393192e-07,4.751873760863579e-10,7.46673135191983e-09,2.2761761671379524e-06,0.00016549034544812195,0.8006781609884699,1.9021377038457713e-05,0.11507714002251745,1.0637361692727386e-06,2.2570348326321336e-09,1.3539711447069795e-05,0.00019967819375320208,2.2352800633620168e-05,2.7726455554770227e-08,0.003124622481335654,0.04004480032046152,9.11987258103774e-10,6.123639263015587e-10,3.600736590891359e-05
69,2.3348094463805007e-07,0.009585091407561645,0.0002616534667886202,2.652607341584463e-08,9.47157797579842e-05,5.82101540617531e-06,4.467145050329992e-07,3.3120763128352693e-10,9.3343625109816e-10,8.972014170211875e-07,6.799548292018849e-05,0.9168506021513954,2.357773551393879e-05,0.055221350044615376,2.0145694735942273e-07,1.4927528688780296e-09,9.719584822685113e-06,0.00028412819270347625,1.5652347221752925e-05,3.1236002743757664e-08,0.002345174908851361,0.015223179164303404,4.68275446663787e-10,1.3107920253803306e-10,9.498745496521885e-06
70,2.4015635195075314e-07,0.008151330219238397,0.0003785940176123057,1.954756916050084e-07,0.0002934982549139665,8.047326498386716e-06,5.800558225066581e-07,3.6855174976916364e-10,4.283524414222944e-09,1.4273860260383492e-06,9.863413212508873e-05,0.822421226988654,3.402907480116118e-05,0.15938238333423926,1.8426660422748842e-07,4.1897346767864214e-09,2.278063305348424e-05,0.0006958947783958887,3.524850214870718e-06,4.2709656920719877e-08,0.0012457129220928118,0.007247331134260853,8.934745859099949e-10,5.487837148927782e-10,1.4331999677037541e-05
71,3.2519375177403127e-07,0.01547130333592533,0.0004457388824057716,5.5004943342598735e-08,0.00023021852795160287,5.170669715692085e-06,6.218506535758285e-07,3.9944137551879806e-10,2.0909144975807775e-09,1.1007515221711301e-06,9.888059812343028e-05,0.8837200289759288,2.5213219291662483e-05,0.08071488212453092,3.4084605435339063e-07,1.6498623607563145e-09,1.1283739538600682e-05,0.00033287278702674576,1.2303640681865112e-05,2.5352625307032458e-08,0.002288166501899932,0.016625764138887125,5.10555836743107e-10,2.599712026177359e-10,1.569894779660043e-05
