,0,1,2,3,4,5,6,7,8,9,10,11,12,13,14,15,16,17,18,19,20,21,22,23,24
0,1.0873507710366967e-05,6.543153106808243e-05,0.0012057993062114638,0.0008572108642825297,3.8335155362878514e-07,1.168795113712076e-07,0.012420935056358043,2.861230751409409e-07,0.0007283622018038546,9.257995060255728e-06,1.9827960688734767e-07,0.9296049228631754,8.671134229774445e-06,3.7212155804835615e-05,2.564156878623181e-05,1.7175596986855717e-06,8.144021654965954e-07,1.827910630773995e-05,2.51323535523385e-07,1.9163626089125156e-07,0.005380143306302467,0.00042919979004732157,2.4636329964568065e-05,4.854744928098465e-07,0.049168978252986675
1,1.2324353608284124e-05,7.20067595118939e-05,0.001630631391960389,0.0008889468010449229,3.164881805018586e-07,1.222465581989939e-07,0.013816597599735744,3.008646628383474e-07,0.000795221137399606,1.2312947433403761e-05,1.5242654820779833e-07,0.9304659429988866,7.883076969598681e-06,3.006974023966048e-05,2.4495874736682416e-05,1.9682204226368165e-06,5.82252709703708e-07,1.7732198826411372e-05,2.746793606777455e-07,1.7959517753654867e-07,0.005423200950188148,0.00036642349677875946,2.153124951742496e-05,5.011222546241881e-07,0.04641028152728728
2,1.2403812842665118e-05,7.447270236989276e-05,0.0010949553401385988,0.000756162816699179,5.281045085323878e-07,9.682112581494295e-08,0.015223772565381155,2.7214148019731815e-07,0.0006550826303631814,1.0348286680856319e-05,1.7569058283765738e-07,0.9067729053755186,8.203988467456798e-06,4.5435796013498194e-05,3.052471932234781e-05,1.5673267501940748e-06,8.0649897213349e-07,1.9019315620889913e-05,1.9216436612388342e-07,2.1861088847837413e-07,0.00447788173359144,0.0003785646141845473,2.5633116984433635e-05,3.51999728920326e-07,0.07041042382741795
3,1.06609551051479e-05,6.332234382132547e-05,0.0012075894830540813,0.0009151111072123869,3.342334554327915e-07,1.0162371853292865e-07,0.012784281786513111,2.629722135425377e-07,0.0006077612447986285,9.991429201035054e-06,1.78054996866338e-07,0.9271909452443968,7.380421676998188e-06,3.938799104340556e-05,2.0980726997110514e-05,1.4133307365443216e-06,7.23088879961008e-07,1.8492135450685148e-05,2.0207284903745396e-07,1.7196275098056058e-07,0.004998432191486293,0.0003899001646842504,2.621631541229066e-05,4.3347863568661387e-07,0.051705725640909986
4,9.831781483794538e-06,5.61131014918537e-05,0.0010444493338254979,0.000846888016116585,3.0336162345351456e-07,9.053516283068942e-08,0.011218225599127664,2.30485660396932e-07,0.000568976706695837,8.60756158824684e-06,1.604952316542614e-07,0.932733433099695,8.080141843752844e-06,3.735369171277442e-05,1.8469733122441093e-05,1.2895033075314144e-06,7.326652785598763e-07,1.745545165139676e-05,1.8488206207937174e-07,1.6405775132020465e-07,0.004774078514576278,0.00037391044574848454,2.3483685632472725e-05,4.060873927933886e-07,0.04825708106221711
5,1.0044375832626968e-05,5.4265780634980644e-05,0.0010240621625948014,0.0009941838856886546,2.4796414782314155e-07,8.699774495800974e-08,0.010302617882446796,2.1332470645546855e-07,0.0005326306366533331,9.321507861620594e-06,1.4983398630185072e-07,0.9326908799932335,7.21098897504843e-06,3.865729970465781e-05,1.5913084206675478e-05,1.1714580422313175e-06,7.226327769177697e-07,2.125675040908832e-05,1.6172390728140402e-07,1.5709631695871657e-07,0.004821781341730328,0.00038898874925962255,2.3742091951892136e-05,4.1709067717729067e-07,0.049061115346510274
6,1.06609551051479e-05,6.332234382132547e-05,0.0012075894830540813,0.0009151111072123869,3.342334554327915e-07,1.0162371853292865e-07,0.012784281786513111,2.629722135425377e-07,0.0006077612447986285,9.991429201035054e-06,1.78054996866338e-07,0.9271909452443968,7.380421676998188e-06,3.938799104340556e-05,2.0980726997110514e-05,1.4133307365443216e-06,7.23088879961008e-07,1.8492135450685148e-05,2.0207284903745396e-07,1.7196275098056058e-07,0.004998432191486293,0.0003899001646842504,2.621631541229066e-05,4.3347863568661387e-07,0.051705725640909986
7,2.819549162583091e-05,7.358437184529211e-05,0.003083750253532591,0.0008452853615641936,4.0840261044221575e-07,1.4384797390357312e-07,0.017627091901580395,3.4279911300530405e-07,0.0006367325709829735,1.43201958699781e-05,2.075793072254498e-07,0.9204992348884014,1.0905618186584425e-05,3.192935120111177e-05,1.4713447777441587e-05,1.3543987998594334e-06,6.635133708464434e-07,2.3057971595780508e-05,3.4189774148040535e-07,1.897033812568428e-07,0.004067970359777339,0.00022935656628433933,3.1324541215945094e-05,8.361590443522376e-07,0.052778058807216296
8,9.289103764352701e-06,5.1930851237191086e-05,0.0009465358316316217,0.0007231079540718113,3.2308152011379465e-07,1.0062510420770506e-07,0.011068585509950034,2.4833377751656086e-07,0.0007009658028093407,7.5393962250924565e-06,1.8679397102017283e-07,0.9296902970799175,8.004853680823633e-06,3.403327121385945e-05,2.872338230876528e-05,1.5286039379409959e-06,8.53031274155542e-07,2.0208304181770596e-05,2.271106040845078e-07,1.5096101637758042e-07,0.005635036422658632,0.0005386094264079191,1.941613147177529e-05,3.969346126834435e-07,0.05051370120265162
9,1.4154215524950663e-05,6.134993089837645e-05,0.0010398255412384185,0.0006615247056296554,5.105441180366523e-07,1.205065248929377e-07,0.01335625339701346,3.2306169045871834e-07,0.0007472238286608259,7.543893605373163e-06,2.7419277337754365e-07,0.9189188772880295,8.963076473954883e-06,4.4439851969104856e-05,3.395188492142419e-05,1.6272870782155006e-06,1.1085685826498602e-06,2.4089138191375348e-05,2.9935184199550374e-07,1.634078353249093e-07,0.004703216582198472,0.0005616102443531691,2.291727693987705e-05,4.5238408528333594e-07,0.059789179839821745
10,1.06609551051479e-05,6.332234382132547e-05,0.0012075894830540813,0.0009151111072123869,3.342334554327915e-07,1.0162371853292865e-07,0.012784281786513111,2.629722135425377e-07,0.0006077612447986285,9.991429201035054e-06,1.78054996866338e-07,0.9271909452443968,7.380421676998188e-06,3.938799104340556e-05,2.0980726997110514e-05,1.4133307365443216e-06,7.23088879961008e-07,1.8492135450685148e-05,2.0207284903745396e-07,1.7196275098056058e-07,0.004998432191486293,0.0003899001646842504,2.621631541229066e-05,4.3347863568661387e-07,0.051705725640909986
11,1.0213572104610714e-05,5.923211326205492e-05,0.0011449649193347076,0.0008800511948663471,3.238577602482342e-07,9.648550430423501e-08,0.012072447875254282,2.4929667344343286e-07,0.000581663589994453,9.317204960701583e-06,1.7074658731596957e-07,0.9311990899744388,8.054556819636097e-06,3.7377530306455444e-05,1.9470624493225505e-05,1.3744100134616356e-06,7.267008487753018e-07,1.738026515994544e-05,1.9643811653422596e-07,1.7374769142369826e-07,0.004847797831276471,0.00037166168772661363,2.54255428497655e-05,4.362092212506317e-07,0.04871210362473513
12,2.068319186241265e-05,0.00012874934195439633,0.0006905827585124033,0.00130143698901588,9.79458909393497e-07,1.6569638390115294e-07,0.012286513042398126,1.5540398931029813e-07,0.0005098052544885105,1.960687762440261e-05,1.4770549116073265e-07,0.7426523134901851,1.2816014399847423e-05,0.00025497621099577534,1.3351131622578604e-05,8.079915999054862e-07,4.190322684732144e-06,6.117307301774341e-05,1.1153066573640284e-07,3.9361475534867416e-07,0.007573846993769123,0.00044455899208975915,5.891228448644884e-05,2.5722203805498525e-07,0.23396346540706026
13,1.0841849286127427e-05,6.419170851638821e-05,0.0012224027425921052,0.000917079210177374,3.3686937863152997e-07,1.0275899631482546e-07,0.012864627715675505,2.626830699640476e-07,0.0006151443077248201,1.0155148791400032e-05,1.7643635082580927e-07,0.9264340182974853,7.43124444037626e-06,3.927896728805761e-05,2.1143978896154393e-05,1.4251654129602205e-06,7.268285949802822e-07,1.8669217727656454e-05,2.041118038883036e-07,1.7345977646823693e-07,0.005032449112546616,0.0003899884234024884,2.621825182796984e-05,4.3589509751722053e-07,0.052322515615140175
14,1.137611750220673e-05,7.655115333834817e-05,0.0011130175696281571,0.0009222659614602357,3.8435311136313407e-07,1.0304868866062207e-07,0.013869423337715363,2.724352240092903e-07,0.0006160838667408147,1.1099145139546889e-05,1.9370534914704113e-07,0.9256311517712544,7.088781491787698e-06,4.4622695771008754e-05,2.1346304907133662e-05,1.4356947488078772e-06,7.298313422538359e-07,1.8839829546547018e-05,2.248657951115827e-07,1.8006912337395652e-07,0.004812113162498448,0.00039490000044764393,2.794716237273082e-05,4.5064546663344167e-07,0.0524181984913364
15,1.06609551051479e-05,6.332234382132547e-05,0.0012075894830540813,0.0009151111072123869,3.342334554327915e-07,1.0162371853292865e-07,0.012784281786513111,2.629722135425377e-07,0.0006077612447986285,9.991429201035054e-06,1.78054996866338e-07,0.9271909452443968,7.380421676998188e-06,3.938799104340556e-05,2.0980726997110514e-05,1.4133307365443216e-06,7.23088879961008e-07,1.8492135450685148e-05,2.0207284903745396e-07,1.7196275098056058e-07,0.004998432191486293,0.0003899001646842504,2.621631541229066e-05,4.3347863568661387e-07,0.051705725640909986
16,7.845586192078436e-06,5.490397142594542e-05,0.0008700801865607731,0.0007878391664462331,2.4839160329207957e-07,7.172315935918605e-08,0.011612636525741498,2.308871684464356e-07,0.0004872287534400946,9.72855237045626e-06,1.317814400061098e-07,0.9353043719291505,6.026115873982158e-06,3.5485327964426284e-05,1.8324727558179193e-05,1.2269136205711627e-06,5.963158357549776e-07,1.622900382626981e-05,1.6925123355690421e-07,1.442637159773902e-07,0.005159353343689029,0.00040460364941271763,2.1226764672369522e-05,3.2055319242196125e-07,0.04520097631470619
17,1.023107104051431e-05,6.152416544347434e-05,0.0011482338028769611,0.0009118974282860181,3.303276941999912e-07,9.73174590003942e-08,0.012550767634984767,2.5928454722317757e-07,0.0005813722322507146,9.762667351676206e-06,1.7655820376804366e-07,0.9279462313334639,7.370046852865497e-06,4.014973859392946e-05,2.024161938217724e-05,1.3713127844389061e-06,7.358418108281898e-07,1.8225033450866604e-05,1.931932686875048e-07,1.7211113876119576e-07,0.004949318195552991,0.0003914351709556162,2.6538910920137137e-05,4.200214125642171e-07,0.051322944980273885
18,1.0712028141178908e-05,6.397775618574975e-05,0.0012326924266213212,0.000923202123642864,3.346611177576024e-07,1.0333223588573938e-07,0.012833160775688189,2.677792831359845e-07,0.0006185210671160219,9.987949823618477e-06,1.8141903722607671e-07,0.9280358728684317,7.353398818239909e-06,3.8943044430129534e-05,2.1228591128849894e-05,1.4402282423765406e-06,7.125596502321588e-07,1.8302110580851437e-05,2.0700040462747274e-07,1.7196665116207906e-07,0.004988220643081171,0.00038953181841067374,2.6273450435076235e-05,4.437997428882796e-07,0.050778157201099204
19,2.2844334994566012e-05,0.00010391423675158548,0.0017763466437740066,0.0011756275297095883,6.912583691616937e-07,2.4431244993831376e-07,0.014178957830020981,3.6255698590071314e-07,0.0009302805016888445,1.4770486227545728e-05,3.4156004604814827e-07,0.8909779443147272,1.1569290446848349e-05,6.984382904850574e-05,3.044655246059555e-05,1.9898850990507293e-06,1.5557835506619724e-06,3.634909229627427e-05,3.8402914745476464e-07,2.982337932570071e-07,0.006589870335663762,0.0005044244644065909,4.486635722670207e-05,8.299853168274954e-07,0.08352524659579819
20,6.2116568182489074e-06,4.183469555919967e-05,0.000909663943646949,0.0007893281608549627,2.0732558366560821e-07,6.834145318455641e-08,0.011112991100472064,3.2990612056517805e-07,0.0004936685483321304,7.27493639964277e-06,1.7751611857516035e-07,0.9436938411958234,5.057567007495034e-06,3.0059097273815594e-05,2.9339307554879657e-05,1.4436876384590373e-06,5.438703575075238e-07,1.5280974493979932e-05,1.7411107501214724e-07,1.2246074614259363e-07,0.004436434061129669,0.000556064745346974,1.791494465004868e-05,2.928062608505336e-07,0.037851675039282544
21,1.3594820715872483e-05,6.747104686409505e-05,0.0015672322723323208,0.0009517700702678832,4.91481431657025e-07,1.3815742276233831e-07,0.015284626503111881,2.757273306016333e-07,0.0006601227660195544,1.0883423137106834e-05,2.4812396581391307e-07,0.9019553958369931,9.2182374540236e-06,4.018866894526388e-05,2.7681348107444794e-05,1.3753886522306112e-06,1.1414458747639902e-06,2.2166350210935976e-05,2.4633564915434117e-07,2.0617461970357058e-07,0.005845584094286021,0.0004650157645056264,3.9497744635000035e-05,5.649870918548097e-07,0.07303486323037536
22,1.958372236052456e-05,6.616867229000266e-05,0.00166135166053341,0.0010371804250185086,4.2123655620418394e-07,1.5473105200898e-07,0.012732296486557156,3.4683742706829445e-07,0.000757946891353411,1.2011078994757417e-05,2.636490987960286e-07,0.9033021785390646,9.282338037393201e-06,4.8919513610033014e-05,2.839182172855742e-05,1.6860723838557717e-06,1.3890449042388447e-06,4.099451944002992e-05,2.711774373872993e-07,2.024805270283525e-07,0.006248549768624936,0.0006202202782276909,2.840203174912109e-05,5.789038183395336e-07,0.0733812081192051
23,1.06609551051479e-05,6.332234382132547e-05,0.0012075894830540813,0.0009151111072123869,3.342334554327915e-07,1.0162371853292865e-07,0.012784281786513111,2.629722135425377e-07,0.0006077612447986285,9.991429201035054e-06,1.78054996866338e-07,0.9271909452443968,7.380421676998188e-06,3.938799104340556e-05,2.0980726997110514e-05,1.4133307365443216e-06,7.23088879961008e-07,1.8492135450685148e-05,2.0207284903745396e-07,1.7196275098056058e-07,0.004998432191486293,0.0003899001646842504,2.621631541229066e-05,4.3347863568661387e-07,0.051705725640909986
24,1.0632617791856605e-05,5.0451347105236964e-05,0.0015797805950381316,0.0007794886040540415,3.655946503430953e-07,1.1404614727232094e-07,0.014906172301230038,2.7101751947658764e-07,0.000689884246455983,8.8102479322175e-06,2.0075219862420386e-07,0.9192226911347212,7.633023440917386e-06,2.8286412353019494e-05,2.9513704102370314e-05,1.530703298102416e-06,6.873513461297292e-07,1.758502282958892e-05,2.1410430628003576e-07,1.5334585689510208e-07,0.005603035564308152,0.0004027717061373422,2.5167622005831628e-05,4.5938979745147845e-07,0.05663409954537331
25,1.2918051043089102e-05,6.886593949464777e-05,0.0013843296674507404,0.0008320665612773768,3.5407090303275486e-07,1.1055948238026646e-07,0.012984859728648379,2.1135410442501012e-07,0.000694220359604632,1.1111916728073465e-05,1.3979690296658768e-07,0.9132401656869411,8.642257742856776e-06,3.31222404122352e-05,2.3110419696395663e-05,1.398726529838143e-06,7.790844036202896e-07,1.9812463954371957e-05,2.1356882516525774e-07,1.82263676236548e-07,0.005525260432499853,0.0003734813671146863,2.4784874354892666e-05,4.4133787695703143e-07,0.06475941727033213
26,2.855176088667905e-05,8.903506443621525e-05,0.0024741282877854755,0.0012562276209768135,5.323413210988252e-07,1.9713625103157115e-07,0.012314061766199005,2.469895588761168e-07,0.0009395296406946892,1.3128806340738426e-05,2.656143238773801e-07,0.9181319293578468,1.5080293043803072e-05,3.572708801136069e-05,1.4617352007062407e-05,1.5110114128580585e-06,1.2851521899561751e-06,3.112139973066357e-05,3.590370825317002e-07,2.9222885523117397e-07,0.006304681025109656,0.00034478024078617327,4.961162781927054e-05,1.4601299686619923e-06,0.0579516390273614
27,9.412267086394365e-06,5.7114155127602545e-05,0.0010595941300665427,0.0009219431910389423,2.915494452880257e-07,9.773507505719666e-08,0.011521295362970082,2.897870238687768e-07,0.0006321967954057401,8.955433608523397e-06,1.951789203863687e-07,0.9328571051982858,6.7900874639773426e-06,3.8187265380769645e-05,2.5168831829411633e-05,1.5377547223065321e-06,7.75899685361553e-07,2.0197854710125266e-05,2.106054042001656e-07,1.570094416161884e-07,0.0051682651340389605,0.0005367529378232472,2.3119274182091487e-05,4.178386506803978e-07,0.04710992872261334
28,1.06609551051479e-05,6.332234382132547e-05,0.0012075894830540813,0.0009151111072123869,3.342334554327915e-07,1.0162371853292865e-07,0.012784281786513111,2.629722135425377e-07,0.0006077612447986285,9.991429201035054e-06,1.78054996866338e-07,0.9271909452443968,7.380421676998188e-06,3.938799104340556e-05,2.0980726997110514e-05,1.4133307365443216e-06,7.23088879961008e-07,1.8492135450685148e-05,2.0207284903745396e-07,1.7196275098056058e-07,0.004998432191486293,0.0003899001646842504,2.621631541229066e-05,4.3347863568661387e-07,0.051705725640909986
29,1.06609551051479e-05,6.332234382132547e-05,0.0012075894830540813,0.0009151111072123869,3.342334554327915e-07,1.0162371853292865e-07,0.012784281786513111,2.629722135425377e-07,0.0006077612447986285,9.991429201035054e-06,1.78054996866338e-07,0.9271909452443968,7.380421676998188e-06,3.938799104340556e-05,2.0980726997110514e-05,1.4133307365443216e-06,7.23088879961008e-07,1.8492135450685148e-05,2.0207284903745396e-07,1.7196275098056058e-07,0.004998432191486293,0.0003899001646842504,2.621631541229066e-05,4.3347863568661387e-07,0.051705725640909986
30,1.06609551051479e-05,6.332234382132547e-05,0.0012075894830540813,0.0009151111072123869,3.342334554327915e-07,1.0162371853292865e-07,0.012784281786513111,2.629722135425377e-07,0.0006077612447986285,9.991429201035054e-06,1.78054996866338e-07,0.9271909452443968,7.380421676998188e-06,3.938799104340556e-05,2.0980726997110514e-05,1.4133307365443216e-06,7.23088879961008e-07,1.8492135450685148e-05,2.0207284903745396e-07,1.7196275098056058e-07,0.004998432191486293,0.0003899001646842504,2.621631541229066e-05,4.3347863568661387e-07,0.051705725640909986
31,2.188313081967742e-05,7.96678489952253e-05,0.0021765701983169935,0.0009952964958276562,3.7527500567220174e-07,1.1877980650301006e-07,0.016539945813489068,4.057846500562113e-07,0.0005847536694044478,1.505565128005214e-05,1.8935227551818393e-07,0.9187810551582428,8.48038043228039e-06,4.1953025572277365e-05,1.7257574688610127e-05,1.3901474129105014e-06,7.69020872443933e-07,2.547388137184571e-05,2.808308013341437e-07,1.8851925570721335e-07,0.004569320555197154,0.00032629714321195485,3.012762350927208e-05,5.565340354964114e-07,0.055782587605524805
32,1.153218991884808e-05,6.692538000546888e-05,0.0012276827841910685,0.0008792079388363054,3.361761438540001e-07,1.0828373093166467e-07,0.012599772567286264,2.7095607701053724e-07,0.0006402721319379544,1.0269432391461272e-05,1.840593902855645e-07,0.928683548831031,7.649601734553714e-06,3.82022407973646e-05,2.1966244436677513e-05,1.4687955621305555e-06,7.438620020537464e-07,1.9061459086445724e-05,2.3904511718987576e-07,1.714197346078951e-07,0.005089424597793226,0.0004112997192859065,2.5681253094304693e-05,4.71787930375026e-07,0.050263509242484676
33,7.618180297809489e-06,6.0895576202976316e-05,0.0007644247561461918,0.001321023236371024,3.4785813338287244e-07,1.1714555149651454e-07,0.010312321990606176,3.981058015297003e-07,0.0004202974882051842,1.18032884718197e-05,2.931271894535188e-07,0.9438454108738837,9.793617457137951e-06,7.68965163836286e-05,1.370520729709319e-05,1.703309207491569e-06,1.3890214440916551e-06,2.018201269387267e-05,2.441998623570681e-07,2.5668407650856944e-07,0.005439865917195729,0.0006115145917488633,4.857040818729707e-05,6.022899640340291e-07,0.037030324597621136
34,4.49451236793848e-05,0.00010193970837930163,0.0023952279340440936,0.0004749698154396601,5.225605876122044e-07,1.682316886776762e-07,0.013146379801588644,3.7660301066970717e-07,0.0016588398047607306,5.63225532537985e-06,2.78982222213396e-07,0.9439609881247789,1.242715149238672e-05,2.0300235636087457e-05,2.7031790279669727e-05,1.53591874462833e-06,7.562248685005282e-07,2.427068986152014e-05,9.804787768168096e-07,1.204464022125113e-07,0.004016637935577745,0.0003466436218833459,1.2744643191605281e-05,1.0809629997639139e-06,0.03374520095478022
35,1.1042705551452932e-05,6.248719481129573e-05,0.0012154894818659653,0.0009026133868316844,3.2487717550543526e-07,9.902008849173956e-08,0.012723001077381989,2.6247559666608756e-07,0.0006101768285634411,9.891724249016266e-06,1.7327449623121288e-07,0.92785603694207,7.305312605581585e-06,3.828272760336511e-05,2.0466006053280927e-05,1.3838651501936258e-06,7.105238780294173e-07,1.9046066206472247e-05,2.0153431143286655e-07,1.6599668528225872e-07,0.004939682472002983,0.00038784729213673096,2.508226828631791e-05,4.305151551201176e-07,0.05116779643124367
36,7.819283448214818e-06,4.10018601959389e-05,0.0008092272954509258,0.0006309962720279764,2.1210412502896157e-07,5.717042469515595e-08,0.00992909130406052,2.442437372580676e-07,0.0004505975841499418,6.129990962378157e-06,1.2881121212328033e-07,0.9477103671376809,6.5671674163520844e-06,2.9388397575642778e-05,1.748824389018421e-05,1.1857667198512923e-06,5.351609655927136e-07,1.3636147859565149e-05,1.5918678319870746e-07,1.1709979144944432e-07,0.0034120503101206703,0.00035964528500230357,1.463904261889206e-05,2.728994358829006e-07,0.03655844223434453
37,9.613748310780729e-06,6.264186018181403e-05,0.001145297254774585,0.0009118988659696044,3.4481158696315133e-07,1.0500547579232622e-07,0.01284239985462593,2.78771370265641e-07,0.0006133945229008457,9.791408818543727e-06,1.8439580261601668e-07,0.9261072909973176,7.234739961519508e-06,4.207125375296408e-05,2.3731944986330625e-05,1.5199550022429831e-06,7.338892793455871e-07,1.769832201860282e-05,2.0019132666366497e-07,1.7522591609643284e-07,0.005083635876909272,0.00040914234647320194,2.5862202006622893e-05,3.970573774844849e-07,0.0526843554978543
38,2.5797878531755963e-05,8.914437600932404e-05,0.0026719869321754934,0.0007239535868128037,6.283650016104178e-07,2.2683696602109413e-07,0.020933884076942945,3.150111424695135e-07,0.0012143992345241613,1.368682427576661e-05,2.1998576782568327e-07,0.8905546996978982,9.942246334559447e-06,3.413417731537304e-05,4.265259381632035e-05,2.3191144573532074e-06,6.555074493751372e-07,2.553044606385294e-05,3.9974118559613683e-07,1.748425721265902e-07,0.0052244259400312035,0.0003228911389214384,2.2365762433469034e-05,6.628291357761676e-07,0.07808490285423483
39,1.0933306889017415e-05,5.352353638882394e-05,0.0014567756264103914,0.0009245295674554588,3.2609363524652e-07,1.239650121493585e-07,0.012931592671633234,3.00127023178075e-07,0.0006411408861870521,1.0517910518388174e-05,1.8023317114347468e-07,0.9240946495097955,8.904742893595583e-06,3.5148299222023965e-05,2.3354929978547662e-05,1.6385514140760138e-06,8.350727811438393e-07,2.062810084303953e-05,2.247531193468539e-07,1.7929415084722004e-07,0.006062494524370409,0.00041876567441569796,2.5603334754556278e-05,4.7103798635579483e-07,0.053277158249951016
40,1.3469334581197979e-05,0.00019618798296150712,0.0007454634460241556,0.03083197582525238,9.157094856589944e-07,6.500152647978058e-07,0.009154147306292468,2.1595525331417286e-06,0.0005571664834307792,0.00016799108281014783,1.6886489641049327e-06,0.8880697838593764,2.2141261826567294e-05,0.00027955394546448213,5.965320521060897e-06,1.4926656524142894e-05,2.0194283328895894e-05,0.00017605427123086777,9.195265202154439e-07,6.305960953548604e-06,0.03662601145130107,0.002772997648680768,0.001033105125264292,1.458967074432315e-05,0.029285635630662925
41,1.1693771231634772e-05,6.462421307972557e-05,0.0013057934877239693,0.0008707065577035195,3.8665370706199316e-07,1.0425105803344398e-07,0.01374539688446764,2.6576443177600177e-07,0.0006826515733303078,9.376292675106948e-06,1.7959398441710465e-07,0.9246970260349843,7.866543654495856e-06,3.711636167422309e-05,2.3322355831543563e-05,1.536829983184964e-06,6.854473207715586e-07,1.8008063481031624e-05,1.9965335792699714e-07,1.755340863474999e-07,0.0046762765390722365,0.0003547547653368377,2.434275385641794e-05,4.34491517300704e-07,0.05346707558245033
42,1.7727486931839222e-05,0.00010002658574536427,0.001418159209872319,0.0009984629454137567,6.861970945566468e-07,1.189703552681135e-07,0.017460652465162183,1.9392190311353503e-07,0.0007080861047688177,1.0911855642621088e-05,2.0790663919225085e-07,0.8863243956350667,7.882607344472772e-06,6.593996860415166e-05,1.8107336365636494e-05,1.030518852632604e-06,8.238067309447104e-07,2.1902802625648542e-05,1.53462701408337e-07,2.0767060730035167e-07,0.004341442664125071,0.00025307151189999315,3.83715515116777e-05,4.5369015807081754e-07,0.08821098312387733
43,9.87697011073923e-06,8.578988334537914e-05,0.0015036957548554466,0.0013508956945938355,3.427672457968018e-07,1.93815206645505e-07,0.01570471897314063,4.1754812876279776e-07,0.0006449837303135671,3.454918224129845e-05,1.7009388304717832e-07,0.901368690459919,9.110039152752517e-06,5.455102032920314e-05,2.719730981523569e-05,2.451068333509504e-06,1.2275056435790365e-06,3.10985643215636e-05,3.4710517795995987e-07,3.2812301135878523e-07,0.012429595054222777,0.0007515334596193306,4.602491317729393e-05,6.088941963902555e-07,0.06594160207001479
44,1.06609551051479e-05,6.332234382132547e-05,0.0012075894830540813,0.0009151111072123869,3.342334554327915e-07,1.0162371853292865e-07,0.012784281786513111,2.629722135425377e-07,0.0006077612447986285,9.991429201035054e-06,1.78054996866338e-07,0.9271909452443968,7.380421676998188e-06,3.938799104340556e-05,2.0980726997110514e-05,1.4133307365443216e-06,7.23088879961008e-07,1.8492135450685148e-05,2.0207284903745396e-07,1.7196275098056058e-07,0.004998432191486293,0.0003899001646842504,2.621631541229066e-05,4.3347863568661387e-07,0.051705725640909986
45,9.656575464088972e-06,4.357515656993675e-05,0.0017190838518981956,0.0008480918321919439,3.291156494211165e-07,1.2307535124184187e-07,0.015505224674197227,5.27809117302525e-07,0.0007732690354514644,7.3773507416719485e-06,2.842667309588237e-07,0.9357728926683018,6.754504068602414e-06,2.607278837175658e-05,5.236711784314705e-05,2.6816387565414165e-06,5.440761041324581e-07,1.677832288644114e-05,2.622361130042399e-07,1.4344706476519442e-07,0.003917591798908799,0.0004968113508665822,1.707348572474261e-05,4.40511033088398e-07,0.04078204331059346
46,8.514582386105707e-06,3.7145301166915514e-05,0.0009842825470270061,0.0012656223003281353,2.5806603718285213e-07,1.4107135804062583e-07,0.006830487749617561,2.9039193085173695e-07,0.0004467888130049969,8.761833722152943e-06,2.4382483060042795e-07,0.9312418702147961,1.6442794149009146e-05,4.5123809689403756e-05,1.7603191661691682e-05,1.6153926190008106e-06,2.702572735669269e-06,2.722271545545087e-05,2.389541821931798e-07,2.7575796512873165e-07,0.007489557343881434,0.0008338490883626398,3.9935234196268874e-05,6.582065583169144e-07,0.050700368242338145
47,1.4616622700319436e-05,0.00028989888039852917,0.004063207586559293,0.0064721855044527574,2.1842104084791473e-06,1.2138627563509577e-06,0.04153754775274513,2.023455772729173e-06,0.0012052616153655858,4.474175106555391e-05,3.216346369472467e-06,0.8393555782541976,5.642545935607471e-06,0.0004895144527093593,6.478937765584498e-05,4.0037078190920835e-06,1.8000231973544372e-06,4.277667376537096e-05,5.402555384797959e-07,6.301298058964113e-07,0.009268196386423509,0.00069761690391445,0.0003403267079914645,1.765641239685449e-06,0.09609072135121202
48,1.5815458868848596e-05,0.00013865069599853028,0.0012183306617521174,0.0010541293582884573,4.025519499295102e-07,1.8787375064464273e-07,0.012726758264255247,3.8137015225558605e-07,0.0007017164077490901,1.8060670256697135e-05,2.978284868371249e-07,0.9350708611200335,9.490125748083943e-06,5.6121200233603664e-05,1.8954205547236985e-05,1.6391808438319255e-06,1.2470303955386436e-06,2.134474125187934e-05,7.664668331375677e-07,2.2853012983209384e-07,0.006085216275319456,0.0006153778918775281,4.619841107743928e-05,9.781963922934663e-07,0.04219684548280807
49,0.00011381097627806327,0.0007857012899677486,0.00102867338956425,0.00044599679060857263,2.1572647261271395e-05,3.331957856155934e-07,0.07972077441419485,1.6166199899824927e-06,0.003989574656808832,1.5978653068097595e-05,1.5303138451706673e-06,0.7634742967003777,1.1220879675215416e-05,0.0001469625530052548,0.0002455342670498372,8.061512727955883e-06,3.491771377634149e-06,4.188125845909686e-05,2.7189232073333675e-06,6.087736268771688e-07,0.004108627039094637,0.0007681227566656148,3.938723924349931e-05,8.212870746217432e-07,0.1450227020910423
50,1.0119591056661674e-05,6.243474058825201e-05,0.0011177794413946955,0.0008099625606547747,3.51005411875243e-07,8.532421742779204e-08,0.016113575711877125,2.878799674523719e-07,0.0004616548094613626,1.2724639091242752e-05,1.5363636864176364e-07,0.9177988712626982,6.669528147175735e-06,4.3769288733719965e-05,2.0148507495764546e-05,1.3149934837827136e-06,6.732032974104261e-07,1.7456802708568306e-05,1.8249513095204072e-07,1.69137744732114e-07,0.0046160174312727875,0.0003635408901837946,2.7526895548668636e-05,3.305960710644861e-07,0.0585141996273938
51,9.561815023216958e-06,0.00012740522805045057,0.0007067147040007031,0.0013219150127278768,1.3980006006660244e-07,5.839012053856669e-08,0.00821847390092304,3.024654512748316e-07,0.0005218120867446042,1.0236694409380993e-05,1.4632865051922144e-07,0.9534852778440394,2.705334586850936e-06,5.644252594259988e-05,1.5374638059217622e-05,8.841508170446405e-07,4.967164739004586e-07,1.8719972757375754e-05,2.335296701719909e-07,1.0995598514275808e-07,0.003342956992114074,0.000589712102443038,1.7810542652479498e-05,2.92435350285927e-07,0.03155221683294686
52,4.046017940900342e-05,8.558007417130188e-05,0.0029961255346004447,0.0014364975454185425,8.854415447138219e-07,6.618047208648582e-07,0.019242764898736393,9.673581609760944e-07,0.0016175146729704546,2.4370677253166104e-05,7.400449957365041e-07,0.820766380318899,1.1493836361783032e-05,0.00013805311707055148,0.00010214235331657608,4.561821011604523e-06,2.224141345768352e-06,0.00015188005887287068,5.513328034755031e-07,3.0113865387986113e-07,0.0071257542062913674,0.0011482304219244067,3.31464275241827e-05,8.832089807741464e-07,0.14506782938496207
53,4.216529013806706e-06,3.3853635133452744e-05,0.000787917102116228,0.0006167041574239541,3.3880155145802063e-07,4.483159998803607e-08,0.019853212998226573,2.436584256341388e-07,0.00036866174100598503,6.8153223868864686e-06,1.5097211347524128e-07,0.9346994468473839,4.843706271769896e-06,2.5927571070278964e-05,2.118275876483411e-05,1.196490607960111e-06,3.372539526630647e-07,8.079215720302432e-06,9.288484960607002e-08,1.2049508016990744e-07,0.0035367151040895176,0.0002686151120058023,2.29922204175572e-05,2.288628330417767e-07,0.03973806172795491
54,5.714593191417046e-06,2.772498962185852e-05,0.001370871766851302,0.0010912251801813084,2.5089217022885727e-07,1.069789279803473e-07,0.010928197205361975,4.501116484662555e-07,0.00048533648836876297,6.011490849997649e-06,4.0082469514093897e-07,0.9608162439841411,1.0164686401075474e-05,2.3795845793413363e-05,1.179673072111341e-05,1.4788327409603495e-06,8.360129010463569e-07,1.3414014618935002e-05,2.7421939375234525e-07,1.7131463804171018e-07,0.006736534467894231,0.0004528794462840877,4.071159172809125e-05,1.0508764018642587e-06,0.017974357454473785
55,9.407217858573636e-06,4.787754459458769e-05,0.001010007630704626,0.0007149384016898158,2.3607943431020908e-07,7.049012826932878e-08,0.010463447538475565,1.8794781152508884e-07,0.0006034660433798783,6.633234937611426e-06,1.2021337087775132e-07,0.9423702999741692,7.092952974020198e-06,2.5905325954760982e-05,1.6183154735334162e-05,1.1325021478737924e-06,4.969705560721824e-07,1.5147569258373994e-05,1.5954801288878792e-07,1.2033839698708837e-07,0.0041240304450184595,0.00030178779514293845,1.5934420597377165e-05,3.583750589226283e-07,0.04026495828559125
56,1.0142386428738952e-05,5.7291756760798446e-05,0.0011206640596429312,0.0008498392946428987,3.104392742942986e-07,9.429159078945839e-08,0.011870347951305649,2.44606134634851e-07,0.0005799936075343826,9.090317410178037e-06,1.647557679133116e-07,0.9317820685887764,7.956217777272586e-06,3.656460785110604e-05,1.9372327180804344e-05,1.3472410219951217e-06,7.08544942829486e-07,1.7515288486310345e-05,1.951191974547381e-07,1.6570236450685963e-07,0.004797760691442655,0.00037178884947275344,2.397521282348739e-05,4.2106467634223774e-07,0.04844197707749257
57,6.313838858307402e-06,3.8226362253474955e-05,0.0006804885511216493,0.0005904452504906267,1.7642035777324366e-07,4.683971249774786e-08,0.0083556068649117,1.6443925219207872e-07,0.000401510376191613,6.353183512044336e-06,8.41783538169751e-08,0.9512664629792142,7.911712122402492e-06,2.201717015598422e-05,1.2737779746452614e-05,1.0292688940545719e-06,5.581294221099444e-07,1.1112201474080064e-05,1.4205513197739284e-07,1.3128344587069333e-07,0.003929014801174024,0.0003232452540288648,1.5016164763803665e-05,2.7231755414081024e-07,0.0343309325778563
58,1.1051342051837463e-05,5.6692395552035935e-05,0.0011845534871687356,0.0008589897121798408,3.053433598736921e-07,9.782853234642331e-08,0.011630375950802619,2.370451054712094e-07,0.0006076037141259545,8.599159701187675e-06,1.7784460165291483e-07,0.9372006987353203,8.017045952992211e-06,3.306525548397717e-05,1.73364247799009e-05,1.3283597315765099e-06,6.530151422154476e-07,1.74589582092727e-05,2.127483256505247e-07,1.5664014707725968e-07,0.004673289900454378,0.0003466117878425203,2.4708353288350243e-05,5.19914589059111e-07,0.04331725903755121
59,1.1049394194465978e-05,5.980380172195835e-05,0.0013922084240969815,0.0009487572415487515,3.151750290122521e-07,1.0504331908390709e-07,0.012476398559581457,2.5312049655117967e-07,0.0006395905289208153,9.603324139747757e-06,1.8497675431016473e-07,0.9334533501621924,7.670687039777479e-06,3.241259011912551e-05,1.925120076422575e-05,1.4291793198599812e-06,6.492932574049593e-07,1.7596982619308856e-05,2.1108961474702567e-07,1.711551973046241e-07,0.0051203995379353546,0.0003593831191355518,2.72496524798469e-05,5.453049722713359e-07,0.04542141045554971
60,1.06609551051479e-05,6.332234382132547e-05,0.0012075894830540813,0.0009151111072123869,3.342334554327915e-07,1.0162371853292865e-07,0.012784281786513111,2.629722135425377e-07,0.0006077612447986285,9.991429201035054e-06,1.78054996866338e-07,0.9271909452443968,7.380421676998188e-06,3.938799104340556e-05,2.0980726997110514e-05,1.4133307365443216e-06,7.23088879961008e-07,1.8492135450685148e-05,2.0207284903745396e-07,1.7196275098056058e-07,0.004998432191486293,0.0003899001646842504,2.621631541229066e-05,4.3347863568661387e-07,0.051705725640909986
61,1.1161065748816848e-05,6.0453411667880054e-05,0.0013781754956971141,0.0009425788464261357,3.253656247893328e-07,1.0599180890802454e-07,0.012782720588581068,2.630856257140132e-07,0.000633032615622944,9.885666300790927e-06,1.8747918777541938e-07,0.9319846733271443,7.814877708766082e-06,3.3403568028900085e-05,1.9772441232935883e-05,1.4393373972472592e-06,6.766087837359786e-07,1.80948430844848e-05,2.1482066414624073e-07,1.7396383776052714e-07,0.005157392886096099,0.00036950956094221397,2.752221361337904e-05,5.36420166197311e-07,0.046559885519008005
62,1.06609551051479e-05,6.332234382132547e-05,0.0012075894830540813,0.0009151111072123869,3.342334554327915e-07,1.0162371853292865e-07,0.012784281786513111,2.629722135425377e-07,0.0006077612447986285,9.991429201035054e-06,1.78054996866338e-07,0.9271909452443968,7.380421676998188e-06,3.938799104340556e-05,2.0980726997110514e-05,1.4133307365443216e-06,7.23088879961008e-07,1.8492135450685148e-05,2.0207284903745396e-07,1.7196275098056058e-07,0.004998432191486293,0.0003899001646842504,2.621631541229066e-05,4.3347863568661387e-07,0.051705725640909986
63,1.1327734869748433e-05,7.505505827940201e-05,0.0012130084051745476,0.0009347347183704329,3.4591759956530814e-07,1.0327304679077632e-07,0.012856880360822007,2.604214087215157e-07,0.0006279158340186259,1.0906540143629958e-05,1.751286646724653e-07,0.926240953483958,7.191284380709464e-06,4.065988198570284e-05,2.144960798170123e-05,1.4121580742677467e-06,7.254507275877847e-07,1.8169494649843897e-05,2.2142523274888288e-07,1.800209381765055e-07,0.005059686765058043,0.00039601176424137243,2.730598401502314e-05,4.446733959244306e-07,0.052454874612962665
64,8.920728519767959e-06,5.8096153339650155e-05,0.00111057055806532,0.0009116206707737443,2.869017110024195e-07,9.576366746927751e-08,0.011780841534587845,2.2759941287886912e-07,0.000569568492772184,1.0423665130332207e-05,1.4764726080973606e-07,0.9285531333624233,7.435305739433786e-06,3.7027146183979875e-05,1.9155704614486483e-05,1.3266699037209022e-06,6.999963158776176e-07,1.781760882006204e-05,1.8026607699670112e-07,1.7170937134086214e-07,0.005932128845986195,0.0003917695747168129,2.5763447421603372e-05,4.070360175854476e-07,0.05056218361116752
65,6.423394388283091e-06,8.960610924691652e-05,0.0017231451210454336,0.0019003655345391818,3.6685175068503417e-07,1.444425979489898e-07,0.028424160558634913,5.968509589217775e-07,0.0002650801332910263,6.642663572305187e-05,1.4186556064913453e-07,0.8484938258643646,4.888534067643059e-06,0.00010848733783037596,2.6460737213446465e-05,1.9286979052686253e-06,8.557982615184296e-07,2.3205154427342515e-05,1.45220644676448e-07,4.0686214066309663e-07,0.010704880306576757,0.00045554153335680003,7.875271539517098e-05,2.5844238064296766e-07,0.10762390529769794
66,1.5688466449375967e-05,7.366895339926592e-05,0.0019141252710438137,0.0010008248463234204,5.393301053317605e-07,1.662996610903136e-07,0.015847212846432573,2.7883071422746494e-07,0.0007755207748562118,1.531390253121798e-05,2.157992526420211e-07,0.9045050965780908,1.1728376129491004e-05,3.655808557710999e-05,2.4647690726074193e-05,1.8822466816794538e-06,1.0536451203677395e-06,2.396861665819064e-05,2.784587351329977e-07,2.8515743582670115e-07,0.007385453718642799,0.00039173492625592263,4.0489637979603945e-05,7.629552598809733e-07,0.06793250458593798
67,8.255771761053332e-06,4.9172683536732874e-05,0.0014002619496629911,0.0020730435339278964,3.7594456868958267e-07,2.5769355305711527e-07,0.009329183777008082,2.870550796294899e-07,0.00044727869954662224,1.719449442722365e-05,2.595091897295851e-07,0.9067750101931923,1.7425460380791564e-05,9.89907084354239e-05,1.3126514511378937e-05,1.7875980845955928e-06,1.8802426556910983e-06,2.8181482971737473e-05,1.7021644811947702e-07,4.550213964834114e-07,0.008966387740349996,0.00039318264316321496,8.151385559374896e-05,8.127106908516208e-07,0.07029550449986394
68,1.1817994152603603e-05,9.772408822189758e-05,0.0008436490840394021,0.0006646315515332923,1.1843273556491212e-06,1.7689204357713624e-07,0.018320888622993716,3.5742570463411827e-07,0.0009451913995671354,9.240482906972835e-06,3.854067844292227e-07,0.8717348397327603,1.1097550319787864e-05,6.244864012777915e-05,9.785805834161435e-05,2.742943398361233e-06,1.6959143588165829e-06,2.0258617665206574e-05,3.590256685119897e-07,2.90327446678249e-07,0.004592051276904584,0.000722214060766423,2.930904186737254e-05,3.8245992214121604e-07,0.10182920507514914
69,1.1290786562656362e-05,6.480960136922377e-05,0.0011971789982746135,0.0008919322421155026,3.33723437349062e-07,1.0070002520777342e-07,0.012768942527643063,2.539863553390391e-07,0.0006219191915018496,1.0045514729502305e-05,1.6799458697026507e-07,0.9237890049091388,7.355172279247138e-06,4.014407070121337e-05,2.1373081373073488e-05,1.378413463823495e-06,7.439009864179413e-07,1.9527595798081824e-05,1.9929218053133723e-07,1.667050679188457e-07,0.004886335156948853,0.0003964110891459745,2.4630063559999772e-05,4.0512538102202593e-07,0.05524535015737368
70,1.2068403849953404e-05,4.937306491159623e-05,0.0013225329196049857,0.0009556512227674767,3.1508005229566126e-07,8.006232706504845e-08,0.01282847574187075,3.2198299800106276e-07,0.0005467542110475305,9.421506209157598e-06,1.3300942181822902e-07,0.9220195886222367,8.216801705582984e-06,4.288747251520695e-05,2.028229576761967e-05,1.662369996043718e-06,7.226180064203636e-07,2.1953475343940294e-05,1.236062099294846e-07,1.930921129575466e-07,0.0035358485767947503,0.0003260930950189647,1.7741268620762496e-05,2.7814091660702025e-07,0.05827928135969411
71,1.0923979221346868e-05,6.0429652924021646e-05,0.0012850134289795721,0.0009198889145966672,3.1216788719980245e-07,1.0795626789593565e-07,0.012641493782513367,2.7244679479414765e-07,0.0006259533022568457,9.702229115230448e-06,1.8856504465670988e-07,0.927743678317449,7.138128641535704e-06,3.853660872910676e-05,2.195629582076292e-05,1.41311898911514e-06,7.167466860322424e-07,1.96225468706537e-05,2.1211546784447434e-07,1.5633093511377932e-07,0.005033440128939098,0.00041233545306922103,2.5030862426589327e-05,4.432928889430825e-07,0.05114103362748515
