,0,1,2,3,4,5,6,7,8,9,10,11,12,13,14,15,16,17,18,19,20,21,22,23,24
0,8.352878676054703e-07,0.03793601721397408,0.007497313513510182,1.3740089514151227e-06,0.002324389476552223,0.00016322381960802367,1.6373971870842197e-06,6.472744879467642e-10,7.753982007557399e-09,2.621397200677647e-06,0.0013049818888931023,0.6575075283546014,9.761020201079765e-05,0.280282401766745,4.150333232555667e-06,1.3187894873370639e-08,2.555076570536552e-05,0.00042212393727130766,2.1569814881884585e-05,1.01765475847231e-07,0.007118799719276513,0.005275053960121699,4.362645319791224e-09,6.861731823074454e-09,1.2682563404830662e-05
1,9.217371596484169e-07,0.0498371911982707,0.009046312227595837,1.869947272781651e-06,0.003032591299760832,0.00012700497279500398,1.4271836174750826e-06,5.723133127076691e-10,1.2150595395270748e-08,2.6216924604805654e-06,0.0017033556373570724,0.6164403085032937,0.00011854005304923892,0.3099022321692473,3.7968112271349882e-06,1.2324112408468547e-08,3.419907419859979e-05,0.0003784635860093754,1.4974336447506422e-05,5.985181442745023e-08,0.00482038047436387,0.0045231829243910695,2.9256499718876867e-09,9.157356844871958e-09,1.0529189640018316e-05
2,7.828808785461758e-07,0.0401393335186213,0.00814795907442439,1.4491010485333597e-06,0.0029736213270979716,0.0001080574279177512,1.5092014288671317e-06,5.483928090929517e-10,9.90847360215749e-09,2.627337476888868e-06,0.001413196038029984,0.5370184001193243,8.610189787800362e-05,0.39725755405776986,4.601102767908806e-06,8.45473917284887e-09,2.4176255318813573e-05,0.0003995132592474703,1.532905104392987e-05,8.78840854947523e-08,0.005954290449509107,0.006435109079455148,3.829472285233423e-09,8.296083993066275e-09,1.626989951386878e-05
3,6.904981059535492e-07,0.04088938917010489,0.007067480408969078,1.3933287939277766e-06,0.0023068074972130074,9.875741328989282e-05,1.1905069031748397e-06,4.1667644573995993e-10,6.6907495369707975e-09,1.7802817271161778e-06,0.0013915581947601882,0.6371151540191337,9.551291061371071e-05,0.301560378961551,3.000465722728765e-06,7.9985745765917e-09,2.6688430059531297e-05,0.0003853798267493969,1.1266825658461176e-05,4.750076002936027e-08,0.004958789070842762,0.004074776469147315,2.484789613819534e-09,5.616811116276339e-09,9.935012293023176e-06
4,6.091210731433642e-07,0.03822310104289937,0.005804965629143325,1.311410721859521e-06,0.0021673076557606817,8.215094563839237e-05,1.0606774122269702e-06,3.6853504722153126e-10,5.819476697335993e-09,1.4455430843797073e-06,0.0013693329592610226,0.6562963467823616,0.00010579321633164301,0.2879916105501804,2.267267870902365e-06,7.3139472713488855e-09,2.4935212141891145e-05,0.0003839989396280191,9.63672685185205e-06,4.0003837904765545e-08,0.004206341504273123,0.0033191394160408598,2.274614268231369e-09,4.4329583402710464e-09,8.585185955870873e-06
5,7.455810924031692e-07,0.03086948368090949,0.006288393672985016,1.6075299038296188e-06,0.0020193305293652727,8.07298160108366e-05,1.1125521082799207e-06,3.8390322034563526e-10,6.308214325856299e-09,1.924619216078459e-06,0.001218989464211264,0.6352896198632467,8.583630253541066e-05,0.3154469437835462,2.1327027663930356e-06,8.088422243700819e-09,2.752024431929778e-05,0.0005768023746395292,7.95625346937336e-06,5.2420650146106014e-08,0.004673128270161484,0.003396655904382076,2.474249794193133e-09,6.291172849786537e-09,1.1010888518498603e-05
6,6.904981059535492e-07,0.04088938917010489,0.007067480408969078,1.3933287939277766e-06,0.0023068074972130074,9.875741328989282e-05,1.1905069031748397e-06,4.1667644573995993e-10,6.6907495369707975e-09,1.7802817271161778e-06,0.0013915581947601882,0.6371151540191337,9.551291061371071e-05,0.301560378961551,3.000465722728765e-06,7.9985745765917e-09,2.6688430059531297e-05,0.0003853798267493969,1.1266825658461176e-05,4.750076002936027e-08,0.004958789070842762,0.004074776469147315,2.484789613819534e-09,5.616811116276339e-09,9.935012293023176e-06
7,9.244999809135393e-07,0.05682204128869904,0.013245999208824976,1.4236901011110712e-06,0.002359357995040121,8.481832997868358e-05,1.0539054815662623e-06,5.936987339883469e-10,4.765232808456664e-09,1.3002015160955183e-06,0.001802373045496935,0.7286287375185122,0.00019862852728483332,0.18835243090205517,2.3906039707084904e-06,6.41134548468573e-09,2.7131251568325448e-05,0.00032768030796499097,1.654272448671465e-05,3.403419876108866e-08,0.004658569957778961,0.0034636176737863978,1.458340798446253e-09,4.442418138614742e-09,4.926662237498018e-06
8,6.753775529500363e-07,0.04064093073125488,0.006890373328632765,1.3504382080174092e-06,0.0022409809698072337,9.773616734797017e-05,1.1689452753295703e-06,4.1578699800495704e-10,6.368537929334146e-09,1.6969672151447418e-06,0.0013573831604949682,0.6500213890504025,9.712152219643058e-05,0.2893930079414808,2.856411694321489e-06,7.928213713733892e-09,2.660809400356089e-05,0.00037933583776178064,1.132000934878969e-05,4.595772803517502e-08,0.004873941073000069,0.0039526325811249634,2.400443668293681e-09,5.1747257026769586e-09,9.423147761388026e-06
9,5.111549669474615e-07,0.04115343169089645,0.00434317196515035,8.234009846362418e-07,0.0017395004937987952,7.840611341885323e-05,1.082827319430267e-06,3.0374463117335743e-10,4.172332487822942e-09,1.0201907487778264e-06,0.0009944990731605842,0.7341632064716012,8.488602598773003e-05,0.21028344243671107,2.0648309795606693e-06,6.103852614464676e-09,2.0869332906611393e-05,0.00032015962380182024,9.916249104607196e-06,3.000301901002464e-08,0.003906953694658899,0.0028881182123419264,1.6664267301180222e-09,2.5406732073554785e-09,7.89142141293333e-06
10,6.904981059535492e-07,0.04088938917010489,0.007067480408969078,1.3933287939277766e-06,0.0023068074972130074,9.875741328989282e-05,1.1905069031748397e-06,4.1667644573995993e-10,6.6907495369707975e-09,1.7802817271161778e-06,0.0013915581947601882,0.6371151540191337,9.551291061371071e-05,0.301560378961551,3.000465722728765e-06,7.9985745765917e-09,2.6688430059531297e-05,0.0003853798267493969,1.1266825658461176e-05,4.750076002936027e-08,0.004958789070842762,0.004074776469147315,2.484789613819534e-09,5.616811116276339e-09,9.935012293023176e-06
11,6.664917304347462e-07,0.04036221033475216,0.006715980978176731,1.3825940304417004e-06,0.0022491408238318146,9.406776151369689e-05,1.1855343645751575e-06,4.3883091561024946e-10,6.374403723334482e-09,1.6397023496417485e-06,0.0013528668052451408,0.6577451054776847,0.00010564322910257516,0.2825210038203033,2.71266996405049e-06,8.182178824946823e-09,2.6740929636042965e-05,0.00037959882256727117,1.1405755579112684e-05,4.530650821329892e-08,0.0046259516801131,0.0037935598772033422,2.3922752103633663e-09,4.94610122180235e-09,9.069071553788105e-06
12,2.2975979315741557e-07,0.023608767710405505,0.0018349381976131697,6.490288950309592e-07,0.0032475232696839613,4.9700146709710124e-05,4.415835466268273e-07,4.459961260728199e-11,2.032348485812303e-09,4.5448727257151726e-07,0.0005288741963675817,0.5863055778731916,3.190257247817533e-05,0.3809126341683343,5.584760626674836e-07,2.99786773659419e-09,6.745370527635379e-06,0.0005613221750133837,2.0688234384857676e-06,2.5533281176152004e-08,0.0023783182496055714,0.0005154452391791523,1.8669881666431058e-09,1.2745005171509018e-09,1.3814922295943375e-05
13,1.1156660627072254e-06,0.04655622473514136,0.009801107842314572,1.5421142991004673e-06,0.0022515483306725275,0.00019166069440015092,2.14328739461035e-06,8.493603472014238e-10,1.2226163196853938e-08,4.129466397779842e-06,0.0005389317459566279,0.6185640205725106,6.676358707705475e-05,0.3081197906551363,3.2478824970061137e-06,1.2443470889226468e-08,3.7658171456310396e-05,0.0006135267262185502,1.6686622312591225e-05,1.1895795676405175e-07,0.006493177779816902,0.006715071988298618,2.8721422713050697e-09,7.138238099640185e-09,2.1497644704973832e-05
14,5.50526034370005e-07,0.04646430682389111,0.0050431692098123265,8.681332457303509e-07,0.002117322688066874,8.775052770654267e-05,9.278599200336623e-07,2.7921038010802265e-10,4.528147135950173e-09,1.1667236110160028e-06,0.001238690938465743,0.697803390734589,9.513824169883785e-05,0.23976701849784968,2.0766854783790396e-06,6.239579239360871e-09,1.9796469951183168e-05,0.00029447960316966086,1.1544716380762504e-05,3.193839916926672e-08,0.004106795733783478,0.0029373883227978965,1.8502100493987877e-09,3.0415332390627612e-09,7.569686467965781e-06
15,6.904981059535492e-07,0.04088938917010489,0.007067480408969078,1.3933287939277766e-06,0.0023068074972130074,9.875741328989282e-05,1.1905069031748397e-06,4.1667644573995993e-10,6.6907495369707975e-09,1.7802817271161778e-06,0.0013915581947601882,0.6371151540191337,9.551291061371071e-05,0.301560378961551,3.000465722728765e-06,7.9985745765917e-09,2.6688430059531297e-05,0.0003853798267493969,1.1266825658461176e-05,4.750076002936027e-08,0.004958789070842762,0.004074776469147315,2.484789613819534e-09,5.616811116276339e-09,9.935012293023176e-06
16,5.886787458431857e-07,0.03150571271057401,0.005058649762833272,1.1491090282354926e-06,0.0017997478035179392,7.171811980183743e-05,1.0621566621468095e-06,2.957992369873424e-10,4.802898925155149e-09,1.7486670176554768e-06,0.0011071515295056542,0.6484278005266484,7.092709937363189e-05,0.30262104146779273,2.1037525751986666e-06,6.41904277197048e-09,2.221950295782485e-05,0.00047510939831213624,7.965040855225293e-06,4.330134400487518e-08,0.005162890834573254,0.0036514834914267713,2.053738650572892e-09,4.424756728959251e-09,1.0869050217930546e-05
17,5.887008572592449e-07,0.031951148757940515,0.004742193483549746,9.501241464527475e-07,0.001699605359592308,6.083651334564337e-05,8.816759946006374e-07,3.1336298337071693e-10,4.344526335122796e-09,1.2906361582507307e-06,0.0009627441017803438,0.6888926265757634,8.062069552330738e-05,0.2637367188722238,1.5895582626409204e-06,5.549987676032137e-09,2.145645882162571e-05,0.0004546701925728757,8.495382593470913e-06,3.891580428787373e-08,0.004123484906453825,0.0032505996061240913,1.911577376744653e-09,3.2288698077743043e-09,9.444134167424076e-06
18,5.516398618213702e-07,0.027805232293437364,0.0023262819771526794,5.749067564964213e-07,0.0009020561982278207,4.9707784523694364e-05,8.42622090078591e-07,2.2602270246176244e-10,4.325008845692169e-09,1.320392099995029e-06,0.000666669453808959,0.6997222334603932,6.051634323769732e-05,0.2614422359744333,1.0609121386516587e-06,4.880150348613508e-09,2.5624603130109055e-05,0.0005557517839656146,6.134653070534436e-06,3.423539043090287e-08,0.0029019810511090134,0.003517950575318326,1.7632862730923927e-09,2.600447556952301e-09,1.3225344938497832e-05
19,5.613296057626963e-07,0.03734527279078355,0.007233384312177765,1.3555159827779036e-06,0.002500214044988666,7.379468075822288e-05,1.0562827113624708e-06,4.219389367759349e-10,5.083075563155451e-09,1.3707520201863236e-06,0.0012078060379355786,0.6873267552456658,0.00010537502181946452,0.2558668582119209,2.2566909605627617e-06,6.882560567102466e-09,2.1395262915359566e-05,0.00035944260604393066,1.0497232393334194e-05,3.964843415806348e-08,0.004484243949863548,0.003451072031123688,1.7604555156453956e-09,3.847968550245105e-09,7.2303558959668035e-06
20,7.870376811616283e-07,0.04712009805231058,0.01038987154357301,1.9413937352624743e-06,0.002847303634491765,0.0001311442440079389,2.1606976706880357e-06,8.628557824758787e-10,8.812113253906126e-09,2.5297399006552346e-06,0.0021471854732136564,0.5865685698442702,0.00010933098020807764,0.3329980217612566,9.272674879861851e-06,1.0705505315164321e-08,2.852453916958319e-05,0.00030111112739513476,1.984410964445596e-05,6.718424645499343e-08,0.008913227986884459,0.00839716073109834,3.991735523948689e-09,8.902251465394472e-09,1.1813969900796133e-05
21,6.698985949478936e-07,0.03893422546141203,0.006375359456643551,1.3168877836706973e-06,0.002263544459329588,8.780322938934598e-05,1.0713946901345254e-06,3.6730539176620347e-10,6.1504974972005464e-09,1.7315115057146745e-06,0.0013407984129101122,0.6438992473286053,8.991265066885732e-05,0.2979583879256348,2.5728442190925394e-06,7.56814109002429e-09,2.4720184957196274e-05,0.0003989187718588427,1.0278260400550119e-05,4.454956404319574e-08,0.004893823633962394,0.0037058007815231925,2.3377104005087226e-09,5.205349292544438e-09,9.750727342813092e-06
22,7.709746954467523e-07,0.030805066907759263,0.007724826153952738,1.7655118003647575e-06,0.0018349358326891396,8.29431419745606e-05,9.67134351679633e-07,4.038350798833297e-10,5.635989831877756e-09,2.2485587687977097e-06,0.0015659000276910203,0.6431500983498717,9.276974742526189e-05,0.30449937719617914,2.377810344573143e-06,8.540858441398717e-09,3.383308778341616e-05,0.0005148268566853058,8.744124341334354e-06,4.444578431392833e-08,0.005568686268058579,0.004101340464900273,2.1975085456456217e-09,6.5255314906164e-09,8.454101219777745e-06
23,6.904981059535492e-07,0.04088938917010489,0.007067480408969078,1.3933287939277766e-06,0.0023068074972130074,9.875741328989282e-05,1.1905069031748397e-06,4.1667644573995993e-10,6.6907495369707975e-09,1.7802817271161778e-06,0.0013915581947601882,0.6371151540191337,9.551291061371071e-05,0.301560378961551,3.000465722728765e-06,7.9985745765917e-09,2.6688430059531297e-05,0.0003853798267493969,1.1266825658461176e-05,4.750076002936027e-08,0.004958789070842762,0.004074776469147315,2.484789613819534e-09,5.616811116276339e-09,9.935012293023176e-06
24,5.733744277977277e-07,0.03638383187596419,0.005868845569351261,1.3602355440635737e-06,0.0024961866784424416,8.143118615724194e-05,9.974617832413173e-07,3.40066494886424e-10,5.904099556335771e-09,1.4680785540510478e-06,0.0012796311364625574,0.6388599685022692,9.376365558618461e-05,0.3071881721194569,2.2336893175343355e-06,7.47443534118572e-09,2.2347481010237258e-05,0.00038572488695438445,9.082670223059293e-06,4.170905343625341e-08,0.004213866248694876,0.0031015393197912954,2.285269656556567e-09,4.529481797591963e-09,8.913587603151882e-06
25,7.02664042825918e-07,0.03709413280630465,0.007187420432861485,1.4668396737974245e-06,0.0022949743202233253,7.984978284512132e-05,1.1837773398123637e-06,4.732838199712796e-10,5.6875014726627934e-09,1.5960723994463567e-06,0.0014812539264591348,0.6740524200954486,0.00010888699795009272,0.2682491167310876,2.7611798179861105e-06,7.871334465599698e-09,2.5010081751835003e-05,0.00039716244565495814,1.1736872421002418e-05,4.466077177879337e-08,0.005192864678864533,0.0038091539437181622,2.3005441760755102e-09,4.9109630463415835e-09,8.240446736732814e-06
26,1.2863747978532773e-06,0.055604060755197755,0.010589275110891826,2.6766650075272885e-06,0.0032542037422058972,0.00017337482405135082,1.53396478491017e-06,7.147865185553972e-10,1.8290652037457415e-08,2.5063664288362193e-06,0.002060446910477615,0.5765471186274661,0.00012463772488182704,0.34157925755473356,5.059738567830649e-06,1.3609529820020998e-08,4.611353549986351e-05,0.00044666349785395904,1.3145862772099883e-05,7.397029587766563e-08,0.0052148113234571905,0.004319867725759796,5.24803389663597e-09,1.688444785970036e-08,1.383097741813708e-05
27,7.596700372957083e-07,0.046212389122020435,0.0071685788759654175,1.5029590929193483e-06,0.0025305563170390814,0.00012363611231889173,1.6926892145863147e-06,5.315865543264622e-10,1.2185759127061136e-08,2.75062018311074e-06,0.00166762893138782,0.5531740246246577,8.995388711070918e-05,0.3762360290566849,5.598200227739066e-06,9.943196483526849e-09,3.113583095088392e-05,0.00034299063331088284,1.3909921882767825e-05,6.801067768661672e-08,0.0053446288858159325,0.007037276112334398,3.5675661199722915e-09,9.848932529719692e-09,1.4853462045820576e-05
28,6.904981059535492e-07,0.04088938917010489,0.007067480408969078,1.3933287939277766e-06,0.0023068074972130074,9.875741328989282e-05,1.1905069031748397e-06,4.1667644573995993e-10,6.6907495369707975e-09,1.7802817271161778e-06,0.0013915581947601882,0.6371151540191337,9.551291061371071e-05,0.301560378961551,3.000465722728765e-06,7.9985745765917e-09,2.6688430059531297e-05,0.0003853798267493969,1.1266825658461176e-05,4.750076002936027e-08,0.004958789070842762,0.004074776469147315,2.484789613819534e-09,5.616811116276339e-09,9.935012293023176e-06
29,6.904981059535492e-07,0.04088938917010489,0.007067480408969078,1.3933287939277766e-06,0.0023068074972130074,9.875741328989282e-05,1.1905069031748397e-06,4.1667644573995993e-10,6.6907495369707975e-09,1.7802817271161778e-06,0.0013915581947601882,0.6371151540191337,9.551291061371071e-05,0.301560378961551,3.000465722728765e-06,7.9985745765917e-09,2.6688430059531297e-05,0.0003853798267493969,1.1266825658461176e-05,4.750076002936027e-08,0.004958789070842762,0.004074776469147315,2.484789613819534e-09,5.616811116276339e-09,9.935012293023176e-06
30,6.904981059535492e-07,0.04088938917010489,0.007067480408969078,1.3933287939277766e-06,0.0023068074972130074,9.875741328989282e-05,1.1905069031748397e-06,4.1667644573995993e-10,6.6907495369707975e-09,1.7802817271161778e-06,0.0013915581947601882,0.6371151540191337,9.551291061371071e-05,0.301560378961551,3.000465722728765e-06,7.9985745765917e-09,2.6688430059531297e-05,0.0003853798267493969,1.1266825658461176e-05,4.750076002936027e-08,0.004958789070842762,0.004074776469147315,2.484789613819534e-09,5.616811116276339e-09,9.935012293023176e-06
31,9.571716563320365e-07,0.03666274297300616,0.009988361363773028,1.1650431976223735e-06,0.0019615766887351245,6.654802243037975e-05,9.52039355786075e-07,5.94662157125795e-10,4.172119380017739e-09,1.4085516900458599e-06,0.0009017132376149154,0.7371053989582297,0.00010868985879430558,0.20404627563250974,1.706674869048246e-06,5.8901126741268985e-09,2.4223417682333915e-05,0.0005244439338780963,1.4589530597796523e-05,5.0611074944812584e-08,0.004995921583582536,0.0035848345788748568,1.7364049229117878e-09,3.6463192719187233e-09,8.424088828696824e-06
32,6.892057392950297e-07,0.04155824048774871,0.00707814596534537,1.2594491441455496e-06,0.0023443448289012557,9.874543656110217e-05,1.2173658019013052e-06,4.545086860901172e-10,6.439307865417257e-09,1.7240039285405603e-06,0.0013470317997511653,0.6514727038177253,9.906824976052814e-05,0.28622959629063927,3.082386136736638e-06,8.083851633729e-09,2.5330837896285568e-05,0.00036230108850789956,1.35683375130817e-05,5.007037816790374e-08,0.004999868194923099,0.0043531606877131035,2.5290101249601905e-09,5.030361267803804e-09,9.848958845667278e-06
33,4.729303718908198e-07,0.027876757203888217,0.003638004265966133,8.858651425909211e-07,0.001050414602709846,5.605884198714227e-05,8.125446939257067e-07,3.572695540832812e-10,4.433748160959365e-09,1.1898429763412135e-06,0.0008212887853634319,0.7355313973306102,0.00011854954494439425,0.22465238801806098,9.458625560944315e-07,6.323393222409418e-09,3.36036274293298e-05,0.0003966091565751899,7.510699955787319e-06,2.9279926344139922e-08,0.002310274131821247,0.003497217506370237,1.2733573310690947e-09,2.196502033673006e-09,5.575374380427123e-06
34,1.326106125653686e-06,0.06441177458696867,0.009650326122753764,9.514583697978791e-07,0.0033653076908175222,7.694710951296174e-05,1.0462369819018178e-06,5.647246815583976e-10,9.599649857871366e-09,1.8909457802250427e-06,0.002223224148948979,0.6293417756521672,0.00013555269141697464,0.2791147605376012,3.9442063710084676e-06,6.644026156691867e-09,2.1249100424268784e-05,0.0002874817751342022,3.3633730422550814e-05,5.4804527497924855e-08,0.005046495172628036,0.006270425305831633,3.142673419798549e-09,7.911319534110667e-09,1.1804754822150275e-05
35,1.4603569863495015e-06,0.028571837463997954,0.0034967148443758107,5.67231091566902e-07,0.0006232432291711572,2.228115695146998e-05,5.982306953193172e-07,4.698630418867046e-10,4.85573666347207e-09,1.2444042550541072e-06,0.0004211144963908379,0.8669771951598516,8.598860495293904e-05,0.09436973012463074,3.6937539971695947e-07,4.206489672018232e-09,3.5804703862106035e-05,0.0008239653007220677,7.571516204359942e-06,2.456053955120256e-08,0.001969131772621938,0.0025844628822562217,6.356219263413124e-10,2.1869305457757588e-09,6.6822304014587825e-06
36,7.751736744216097e-07,0.0455234606212779,0.009010230421263789,1.5745808710419742e-06,0.003094836210858427,0.00010398187901031884,1.2039450363061903e-06,3.874793137362302e-10,6.594327270321397e-09,1.958676671262696e-06,0.0016547422339682834,0.6014494392046572,9.158407330178143e-05,0.3285413559967908,3.5817062222764668e-06,7.638081060410566e-09,2.182216787395873e-05,0.000394881040468547,1.2215080828880782e-05,5.198952988715284e-08,0.006301185216557154,0.0037800166554794305,2.6950233331108913e-09,7.101126716504386e-09,1.1078709620578214e-05
37,6.639949941501493e-07,0.04141546526842091,0.0068957750306011594,1.3581121418318262e-06,0.002296526635211554,0.0001010475341698835,1.2055778452579272e-06,4.1911278917903713e-10,6.6763578343031564e-09,1.7503716384254513e-06,0.001369327564484708,0.6388249232621557,9.581681688156661e-05,0.29949484594744874,3.0481601366951126e-06,8.01565527430449e-09,2.6550877745921907e-05,0.0003689859114904605,1.1441634936630885e-05,4.728490677987895e-08,0.0049606621213390744,0.004120724080217793,2.486586764124731e-09,5.3571494710451474e-09,9.810858370595449e-06
38,6.172788845321726e-07,0.04334115006608707,0.007292453969564389,1.3814912058666013e-06,0.0019319695130110492,0.00019010620371575043,1.7288920470496142e-06,6.158623865241029e-10,5.018270882118207e-09,1.4981720235768334e-06,0.0014947309889227418,0.7097224399421876,0.00012575768785872538,0.22504904375981735,4.516140246632668e-06,1.2888317566412146e-08,3.0450815281044415e-05,0.0002953923254738994,1.8804770923427473e-05,5.253387498392208e-08,0.006487918466180736,0.004002550633307892,3.400450156849504e-09,3.97363103978103e-09,7.410452853603461e-06
39,6.965439906831794e-07,0.03711562103399023,0.0072131378079224795,1.4198216532547272e-06,0.0020440118519992755,0.00011489013294327567,1.4789110943934048e-06,5.520711549499767e-10,5.41283138233879e-09,1.7752444568029888e-06,0.0011673640439017734,0.6808502882277566,9.09842357590803e-05,0.25987695807785427,3.5700202713015214e-06,9.307322412474789e-09,2.747050804063119e-05,0.0004104698618525745,1.3595992580480608e-05,5.561453043504341e-08,0.00666464405592714,0.004390512815846793,2.8826734866536284e-09,4.762346048234218e-09,1.103228038398579e-05
40,2.8752118435690167e-06,0.02956850065989082,0.0034376177841778416,9.710241557374403e-06,0.0010023174223263744,0.0001116334463420399,3.9871905777376096e-06,2.3284963938837294e-09,7.432144670342596e-08,7.60347390037992e-06,0.0027585478261612766,0.584627562693351,0.00022529258695375303,0.36556565694251425,3.399267336381115e-06,4.270166592993542e-08,0.000238791644527757,0.0013890745167287942,5.986977351612303e-06,9.692328432006029e-08,0.005653942208749353,0.005363426634653986,1.3748708231190212e-08,4.7309347626373246e-08,2.3795938106429406e-05
41,7.461898974511413e-07,0.07761594892629854,0.009973797664792769,2.1513868625704854e-06,0.004725550519854001,0.00013688060948714836,1.0522714382786734e-06,3.913881992787866e-10,1.5055306191534577e-08,1.7775188525060564e-06,0.0017089692531633738,0.5567867321236395,0.00012341442138346493,0.342449268531332,3.232501490242336e-06,8.984888641398808e-09,3.0100431552002053e-05,0.00027940991523366104,8.849534895331884e-06,3.696158074662375e-08,0.003511637358562216,0.002631635761130173,2.3328902859324837e-09,8.523298930971904e-09,8.772830781750245e-06
42,7.076208089413312e-07,0.043630332066847424,0.009238369611714996,1.2062835325882557e-06,0.002184514002495976,9.93167253607822e-05,1.3468711775536287e-06,7.12586400078678e-10,6.335021099977588e-09,2.011757685954375e-06,0.0012909610082769245,0.682090312060811,0.00010940843259088493,0.24760150906361308,3.9142547386594785e-06,8.120063340436949e-09,2.7315932334418458e-05,0.0002932305630046589,2.0365674237507946e-05,5.5591215019624546e-08,0.00632354824293732,0.00707333506587371,2.2102392652675982e-09,4.6122232036916155e-09,8.217180609308341e-06
43,8.886942601223145e-07,0.03812096542913886,0.01023953823703962,2.2916116885732006e-06,0.0029503802604807635,0.00016737963816665567,1.8987497587683626e-06,8.066529664921181e-10,1.6308591979370588e-08,6.613449844749267e-06,0.001679802790089598,0.45407944726215643,9.714552139855e-05,0.47405086228810417,5.767811047912965e-06,1.525368467011696e-08,3.775339722626163e-05,0.00040444007637864933,1.7978801880227685e-05,1.4154646943095638e-07,0.007900977487229595,0.010220232969111231,4.504657079403874e-09,1.5301802473521927e-08,1.544180314070129e-05
44,6.904981059535492e-07,0.04088938917010489,0.007067480408969078,1.3933287939277766e-06,0.0023068074972130074,9.875741328989282e-05,1.1905069031748397e-06,4.1667644573995993e-10,6.6907495369707975e-09,1.7802817271161778e-06,0.0013915581947601882,0.6371151540191337,9.551291061371071e-05,0.301560378961551,3.000465722728765e-06,7.9985745765917e-09,2.6688430059531297e-05,0.0003853798267493969,1.1266825658461176e-05,4.750076002936027e-08,0.004958789070842762,0.004074776469147315,2.484789613819534e-09,5.616811116276339e-09,9.935012293023176e-06
45,8.747272273716812e-07,0.05138648745967109,0.0168797350946848,3.243176307275286e-06,0.0034326219613076024,0.000271783517384975,3.4171198906117655e-06,1.4645888032888892e-09,1.2516288682393827e-08,2.990047981167483e-06,0.0023147940805585457,0.5855890215397084,0.0001547082001141202,0.32311697808719736,1.4627322763196421e-05,2.0728916883752437e-08,4.291695940279962e-05,0.00030114871095160954,2.5982204725127326e-05,9.663006224837206e-08,0.00839991415207251,0.008048049569934167,4.990185438493967e-09,1.2599131039340696e-08,1.0557138944039218e-05
46,9.68158891932054e-07,0.028294797764654378,0.005597383745548157,2.2716030175036227e-06,0.0007968187683352299,0.00014320100876360274,1.2136679905913483e-06,8.741153250307168e-10,7.420151988334396e-09,1.8850401761068676e-06,0.0012292122892371376,0.7784613790004533,0.00015001412514005857,0.1769998884024325,1.91741131297066e-06,1.743020278069786e-08,9.428828025294508e-05,0.0005596125840210185,8.460650542425546e-06,4.1529170604593445e-08,0.003912316750578094,0.0037386511912824915,2.8662970416814365e-09,5.886261902187053e-09,5.64355116990454e-06
47,7.116761938253552e-07,0.04016918040920229,0.005094523322801983,8.089405187480382e-07,0.0014732758376238527,7.45191155122091e-05,1.0576009044991548e-06,4.129660813975856e-10,5.419340039927413e-09,1.525980441639278e-06,0.000957840221431582,0.7283724877887507,8.549557655554522e-05,0.21454843774701485,2.102726704108971e-06,6.372745215434866e-09,2.684905662134724e-05,0.0003738669315844845,1.261322412798225e-05,4.027865192890571e-08,0.0041785986988304704,0.004616640028381108,1.7810880916767409e-09,3.5019331925229464e-09,9.407350074180495e-06
48,7.699712175706012e-07,0.05029655450558207,0.006474038054275531,1.1536419154963005e-06,0.0008493031555066592,0.0002322634000504618,1.5685200747329923e-06,1.3231650249917952e-09,6.320847458803427e-09,1.0215160439426835e-06,0.0008891550131472281,0.8254209372414447,0.00023051132451179472,0.10820825090646873,2.3969337936904936e-06,1.461223167613519e-08,7.611295233767362e-05,0.0002306372917219449,2.481253121364256e-05,3.932520221066016e-08,0.0032895166146246074,0.003767052831579704,2.4922334778019627e-09,2.2025399354359647e-09,3.877318270217214e-06
49,1.1242650127334876e-05,0.0814482313825938,0.0015779701672023654,2.2557257120192465e-05,0.027752094598630577,4.0602423042637e-05,9.625297693938111e-06,1.1994712044978905e-09,1.3724417497349444e-06,8.248083241723721e-06,0.019606360896150244,0.04268940952636164,8.333003421755971e-05,0.8218875125588186,4.4566839627462703e-05,7.187221046374213e-08,2.6787948184993747e-05,0.0004483912148283872,6.680918684791903e-06,3.400368946400507e-08,0.002919739525805658,0.001106037892324441,2.033304203430751e-07,5.300416298665511e-07,0.0003083978961724018
50,9.486741204980947e-07,0.04373239655804061,0.007025092890854879,1.0594027558755544e-06,0.002626812026691585,7.185086492846996e-05,2.362123593212721e-06,6.27072636517938e-10,1.0175574959184324e-08,4.252852763172342e-06,0.0010869132656428527,0.5493446280716283,7.590692052814229e-05,0.378982213303962,4.4348771657293536e-06,8.226855173341041e-09,2.14499403705643e-05,0.000501165442364986,1.9943768460232048e-05,8.764240036069374e-08,0.006448773560798303,0.010024105898653967,2.6095156705151464e-09,6.707081815487346e-09,2.5573568176134028e-05
51,7.844879931748263e-07,0.0316818825378949,0.00600989719232659,9.821274191796908e-07,0.0018306009705724104,0.00012531509322712402,1.5342644027328606e-06,4.574870610633447e-10,5.1188934848588975e-09,1.813980850876249e-06,0.001139888292593464,0.6563523497080017,7.638678635468331e-05,0.29170841035645106,3.6960871742337306e-06,9.769118880280364e-09,2.5240855106155872e-05,0.0005079455177005773,1.7822540184737605e-05,7.730498408057614e-08,0.005691868729326361,0.004806909749192792,4.055615642458747e-09,4.783216454689049e-09,1.656923391151235e-05
52,9.076108103456185e-07,0.02425806725127096,0.009325001195040828,3.1860720279227362e-06,0.0023064085294102607,0.00011422930592881727,1.232869272662603e-06,4.417526126612686e-10,9.336216442335841e-09,3.506117892333603e-06,0.002225047817878028,0.5106035431028246,0.00011541556805854159,0.4418036474468098,2.8388875580816447e-06,1.3865871141772613e-08,4.1180934025540114e-05,0.0007254941115873836,7.299465386652532e-06,7.818548445352104e-08,0.004510907458904647,0.003941891411508749,3.4357836719612513e-09,1.5192377352134958e-08,1.0074386318203625e-05
53,6.412547937526221e-07,0.037433790359816366,0.004937794214325428,2.289336555500194e-06,0.0027230652823746655,0.00013458181989784064,3.886918831846746e-06,7.350327636248396e-10,1.4250908063266234e-08,2.2970340728883433e-06,0.0017062769803266248,0.5299688654740257,0.0001004971224860905,0.4113530574972869,8.194732220349723e-06,1.4796631279414684e-08,3.110111452414088e-05,0.0004434530336003213,1.0844702997312942e-05,8.323184401935938e-08,0.0056593200130751874,0.005458081827301328,6.572536701412966e-09,9.514046538703506e-09,2.1832180488420362e-05
54,1.0995797402294803e-06,0.029345160808557605,0.033856580476577074,6.238751746340023e-06,0.004537232605780677,0.00018932868072032703,1.7176424401621383e-06,1.3204091068448361e-09,8.664994742112761e-09,3.4208447540457417e-06,0.003551253361760121,0.50064140869025,0.00019785661760083421,0.41042631097758603,7.783549799709488e-06,1.644041259361873e-08,4.058298609124248e-05,0.00048204114106744294,2.0950337598192705e-05,1.1802973414791118e-07,0.010458886095015404,0.0062248617855853285,5.1416891976810455e-09,1.875263824340771e-08,7.116717451248447e-06
55,8.358156324717956e-07,0.03282573572744209,0.03130400716567372,4.409262495245639e-06,0.0033343613633917937,0.0004780140239416946,2.6091198608568265e-06,1.8023108869754838e-09,1.4056456640550912e-08,8.03490568007564e-06,0.0032137406054299463,0.25896183742201306,0.00015487488847041534,0.6379816338753819,2.0654819614739345e-05,2.205678904798737e-08,4.976687345090436e-05,0.0002289486866179003,3.899397930122857e-05,2.413460611864937e-07,0.011976856136355402,0.019403509793113755,1.0060398647459344e-08,2.6922093745822166e-08,1.0859292022554808e-05
56,6.635871587956682e-07,0.04060381937569289,0.006672755990355417,1.3600266292372355e-06,0.002268791271377353,9.119534458968392e-05,1.1576438664505534e-06,4.12505954737411e-10,6.405632875395034e-09,1.6176502523322304e-06,0.001394632609627322,0.6537532245486783,0.00010479046036150351,0.28642654711393206,2.6829505840408226e-06,7.836321494636647e-09,2.5985464502173358e-05,0.0003825716869205461,1.09129972167515e-05,4.423624115241537e-08,0.004519150556704004,0.00372892759500937,2.3352561125596847e-09,5.085238892973029e-09,9.146815345240493e-06
57,5.330120016851797e-07,0.03262072155164285,0.00621590505724902,5.992877632070063e-07,0.0017996379547421469,5.7541836114087535e-05,8.426911467677409e-07,4.478980614977715e-10,2.8631087500797452e-09,1.1132829039590091e-06,0.0008027880220570545,0.7801614385064266,8.233620218484705e-05,0.16825805631786517,1.9209064752511613e-06,5.432742054109715e-09,1.6090423796007602e-05,0.00027906679041512556,2.0547769676841363e-05,3.8540809886848865e-08,0.004799050047223326,0.004875423523192274,1.326726904498884e-09,1.783698249859302e-09,6.336422139677114e-06
58,8.008368643126832e-07,0.04280937383745463,0.008306490630835587,1.6952816185387808e-06,0.0025264785507607096,0.00011150065883529208,1.3672954193313631e-06,4.873135150316097e-10,8.526486704023811e-09,2.171578686774627e-06,0.0016956199239709113,0.6067650263453017,0.00010343006878260009,0.3271950003031548,3.913940594414335e-06,9.406362973901418e-09,2.9652074821022452e-05,0.0004015599648685552,1.2258614785745619e-05,5.52592847133735e-08,0.005301442308255291,0.00472107772085295,2.9584642061435877e-09,8.231117070346697e-09,1.1055195107715854e-05
59,8.537941109420446e-07,0.04172992873266568,0.009298356365160593,1.898926416900849e-06,0.002756145122823412,0.00011344329734949257,1.400364832696571e-06,5.092724645999338e-10,9.082116434544927e-09,2.472680056373337e-06,0.0017758597534298147,0.5862560093775799,9.977004698872862e-05,0.3468910749147238,4.220780335145935e-06,1.0071588757796207e-08,3.005018070213789e-05,0.0004301849633262204,1.236094963920239e-05,6.067932609405294e-08,0.005684733923719402,0.004899419917439506,3.1004529699636646e-09,9.715925652497675e-09,1.1722750017506327e-05
60,6.904981059535492e-07,0.04088938917010489,0.007067480408969078,1.3933287939277766e-06,0.0023068074972130074,9.875741328989282e-05,1.1905069031748397e-06,4.1667644573995993e-10,6.6907495369707975e-09,1.7802817271161778e-06,0.0013915581947601882,0.6371151540191337,9.551291061371071e-05,0.301560378961551,3.000465722728765e-06,7.9985745765917e-09,2.6688430059531297e-05,0.0003853798267493969,1.1266825658461176e-05,4.750076002936027e-08,0.004958789070842762,0.004074776469147315,2.484789613819534e-09,5.616811116276339e-09,9.935012293023176e-06
61,8.573992937680164e-07,0.04176052930045083,0.009839342675920574,1.8409485623858447e-06,0.0026357525506687934,0.00011281029995526545,1.3012177972432213e-06,5.292898161168268e-10,8.224848948681418e-09,2.2918918802573885e-06,0.0016549360814201953,0.6076647821492248,0.00010360766893228841,0.32531132868056345,3.8058844792590498e-06,9.459109640526856e-09,3.056675608983641e-05,0.00042816272398640305,1.27112373922571e-05,5.86823876962729e-08,0.005666036033381659,0.004758601637275925,2.8677160803290454e-09,8.502273695726532e-09,1.0646597098992757e-05
62,6.904981059535492e-07,0.04088938917010489,0.007067480408969078,1.3933287939277766e-06,0.0023068074972130074,9.875741328989282e-05,1.1905069031748397e-06,4.1667644573995993e-10,6.6907495369707975e-09,1.7802817271161778e-06,0.0013915581947601882,0.6371151540191337,9.551291061371071e-05,0.301560378961551,3.000465722728765e-06,7.9985745765917e-09,2.6688430059531297e-05,0.0003853798267493969,1.1266825658461176e-05,4.750076002936027e-08,0.004958789070842762,0.004074776469147315,2.484789613819534e-09,5.616811116276339e-09,9.935012293023176e-06
63,6.894917103369809e-07,0.04288546233593948,0.006805197933414858,1.3152244929548224e-06,0.002279762782999783,9.566532437275186e-05,1.1629283969659394e-06,4.0202247575325107e-10,6.696135855853096e-09,1.7070258933706709e-06,0.0013759994934673051,0.6439628162070266,9.490448633669846e-05,0.2932686736255903,2.9248380167692272e-06,7.625958044388837e-09,2.6251876476200032e-05,0.0003728039651698926,1.1143015056721003e-05,4.4577974734379453e-08,0.0048047476850921625,0.003998868121401703,2.3764948588567914e-09,5.403654969960216e-09,9.836556904313953e-06
64,7.179049367597482e-07,0.04261901926374741,0.00804391892495027,1.5133189583152448e-06,0.0026315909208012977,0.00010011640070276985,1.2930886063097357e-06,4.686129380511538e-10,6.1805960258573445e-09,1.8759466976065412e-06,0.0014872203553743847,0.6460227111357731,9.291029381965371e-05,0.2875476561290039,3.5645501213544616e-06,7.963904342699115e-09,2.3469124538164705e-05,0.00037338021722720175,1.2889640709890252e-05,5.1106305815711524e-08,0.006818267320581476,0.004207852307575611,2.6410373496585297e-09,5.797719327962431e-09,9.958997698780649e-06
65,6.1663975006338e-07,0.02974901567068435,0.0031447349252368413,8.30124711436599e-07,0.0014761123837056815,5.0952498178081296e-05,7.154758559310472e-07,2.39107857885762e-10,5.805993565420243e-09,1.4279729728724907e-06,0.0008415341934205034,0.7007794541300187,6.973384999207776e-05,0.2575988183544701,1.0352629600842675e-06,5.9170409045991035e-09,2.3576983821148134e-05,0.0004954314851308357,6.6847538405639115e-06,3.5383269662096534e-08,0.0029540260500847773,0.0027954930440663908,1.6855945791452818e-09,3.5299554197830834e-09,9.753640137654696e-06
66,6.560489885877809e-07,0.03916510247073181,0.0070368493315046,1.4206360959800668e-06,0.0023845339481413323,8.908432712521665e-05,1.0785030862503352e-06,3.682898255028687e-10,6.24057913600803e-09,1.7807039314602679e-06,0.0014104395510423444,0.6295474787302591,9.228000968983012e-05,0.3111294918262698,2.7020809586345087e-06,7.53896674824571e-09,2.5251382290293486e-05,0.0003920577291904712,1.0022189220439635e-05,4.378947533518065e-08,0.004869878586662146,0.00383037971229294,2.244599664225057e-09,5.514108517860063e-09,9.446536499520893e-06
67,7.130774561871754e-07,0.043191401324219066,0.007570876816251868,1.3959589669050188e-06,0.002506268267090937,8.822610056342984e-05,1.1378199435684777e-06,4.3144009354122374e-10,6.806144923436143e-09,1.6865064914628108e-06,0.0014192405590285645,0.6534784232373577,9.825704766595487e-05,0.28239272744741434,2.970068246005638e-06,7.599537387749973e-09,2.5493860670363173e-05,0.0003631998355734932,1.169367913430697e-05,4.329230373681372e-08,0.004846555153616264,0.003990611145155714,2.1964179017620824e-09,5.520376718835331e-09,9.056248933066967e-06
68,7.994264599019853e-07,0.08725933178177092,0.008671433636320357,1.2544488119932433e-06,0.004471908096249423,0.0001697690079417381,1.5216859487073854e-06,4.6016230846519423e-10,1.4823378685177549e-08,3.2140222608195915e-06,0.002115353537534758,0.4952849204850274,6.7475291137383e-05,0.385239577973071,1.0498328015531019e-05,9.308082884458207e-09,2.5517128516631788e-05,0.0001730231100956778,2.1719359680113652e-05,5.2609931143022175e-08,0.007069385894712939,0.009398086262083412,3.3937909989179233e-09,1.0841426076409318e-08,1.5119087589199201e-05
69,6.583652868868332e-07,0.03326172952732848,0.006538972308646283,9.729075884404616e-07,0.0014023012948401368,0.00014706185745416424,1.3171515826504006e-06,5.723661692886299e-10,4.190547477977884e-09,1.8796727639387583e-06,0.0012193793429776606,0.6958833543295915,0.00011573434995502186,0.2485477002072329,2.776665525666474e-06,9.086314187306186e-09,2.8815933164560948e-05,0.00037354950934718415,2.145329251506079e-05,7.617739554568538e-08,0.006793640522404946,0.005650166669706042,3.384940723900151e-09,3.407213309477678e-09,8.439273310955367e-06
70,4.86286804081301e-07,0.0205425814268781,0.0068482858260932936,4.817773161424917e-06,0.0028284348616811903,0.00015667590290137403,1.1628436557230531e-06,4.3259397938770297e-10,1.2370175066064066e-08,2.1616771726667087e-06,0.0012581772737154141,0.46650435897955594,0.00011578429673785303,0.496335516384414,1.835995489910568e-06,1.7997614394495642e-08,4.8489128732133734e-05,0.0006429743452823354,3.5472362324677623e-06,7.397343463756285e-08,0.0027964683959862597,0.0018996423447025085,4.319019950958951e-09,1.0289081204372887e-08,8.47963888430052e-06
71,5.680226577336717e-07,0.03596844842450264,0.00197174465770445,8.870838127755674e-07,0.0018679376426435652,3.56046350246298e-05,7.442948269285942e-07,1.9663625596097007e-10,7.989546656945545e-09,1.2334673469859204e-06,0.001085422173223436,0.6855572026545154,6.728521120776347e-05,0.2681787279077549,1.2271716669554722e-06,6.00272272232768e-09,2.0593469325133363e-05,0.0004360610346840123,4.310436108179795e-06,2.4189662156353648e-08,0.002535035128128522,0.002255580618092994,1.8552808473921536e-09,4.153828262466446e-09,1.1341579096191988e-05
