,0,1,2,3,4,5,6,7,8,9,10,11,12,13,14,15,16,17,18,19,20,21,22,23,24
0,8.809120065976249e-07,0.08058683551855268,0.0012645232128847283,1.4786524601326972e-07,0.0015413606918277967,5.11808352176413e-05,7.38779507690878e-07,2.4755691222541757e-10,1.1646733307088957e-08,2.6960674772801777e-06,0.0004084273740982683,0.7856417277733154,2.7803857971239723e-05,0.11968133114438947,1.4024207403599227e-06,5.932123126089903e-09,1.326649216426645e-05,0.00017897995880195922,2.887422008794698e-05,3.0171900379169185e-08,0.003390649834917398,0.007164745861703829,9.210015802211575e-10,1.7482377866346664e-09,1.4376511536485922e-05
1,1.4438062223108892e-06,0.12542938923515898,0.0016296953347268574,2.5886666191815756e-07,0.00268766256396363,3.727858545152485e-05,9.284326251889699e-07,3.2481352839431463e-10,3.207360301962872e-08,3.500889011810692e-06,0.000576861812511422,0.7097623513261988,3.791018265174842e-05,0.14908370249871944,1.4543490251410548e-06,6.745688017055856e-09,2.1338374852877936e-05,0.0002110062980608673,2.370448329227617e-05,2.0475024167666652e-08,0.002423967616200734,0.008046802020458675,9.419862934540819e-10,2.695576387208263e-09,2.068006751434892e-05
2,1.1448951086197728e-06,0.10487937921112132,0.0014592909845772505,2.0689551651911335e-07,0.002775879290241088,3.038078736890609e-05,9.422848377698612e-07,3.041702102688328e-10,2.448098719751246e-08,3.1492985602275867e-06,0.0005184774239729344,0.6785898528154028,2.83098663113687e-05,0.1963145944812069,1.8040924115168816e-06,4.378694782311093e-09,1.5826562876615435e-05,0.0002129222567155769,2.3584703235547265e-05,2.8337320629819716e-08,0.0031436447736671374,0.01196938144923114,1.2965760737692128e-09,2.335825605264029e-09,3.116679406223848e-05
3,8.942640654509415e-07,0.09379211326549888,0.0012014018222236231,1.8138932283705655e-07,0.001856343597831336,2.7080783801154075e-05,6.576283478746487e-07,2.0364675991439824e-10,1.4231072611713237e-08,1.97965930969026e-06,0.00047094735089763526,0.75099109492357,2.8589549802384847e-05,0.14196983215857728,1.1036449254450075e-06,3.7601213146521794e-09,1.627938060475795e-05,0.0001889697066835353,1.577216391746957e-05,1.4977578254471416e-08,0.0024723382213973594,0.006947710911097522,7.579183809985983e-10,1.5505299448469522e-09,1.6674097258467535e-05
4,7.564259993938248e-07,0.08410834913376139,0.0009853248890214317,1.701949961492658e-07,0.0016760609129517527,2.2592506854714425e-05,5.702271978288868e-07,1.7580932491621012e-10,1.1867064843470929e-08,1.571765244188411e-06,0.0004617053970924039,0.7678314751808347,3.087559116337103e-05,0.13681925335166048,8.439686121717603e-07,3.3283501938478476e-09,1.5308473034086205e-05,0.00018408294280885477,1.3131894143648227e-05,1.282293069858143e-08,0.0021238952744885966,0.005709877063727182,7.019250465938116e-10,1.2461744832191811e-09,1.4124664152981001e-05
5,9.396440499578584e-07,0.07003428395776953,0.001049539608189681,2.005669231887998e-07,0.0015877945272211402,2.1438774363885948e-05,5.745666954294896e-07,1.776455465156374e-10,1.2697635068473659e-08,2.0181746714713198e-06,0.0004128015616787908,0.7715536000659683,2.558359735683547e-05,0.14707964092525733,7.515430899746607e-07,3.6450991490294817e-09,1.6669603455493392e-05,0.00027780712430294986,1.0965566927391453e-05,1.6085753797427035e-08,0.0022776129562312097,0.005630078031899609,7.29996442233582e-10,1.7038862148381245e-09,1.7664163931761485e-05
6,8.942640654509415e-07,0.09379211326549888,0.0012014018222236231,1.8138932283705655e-07,0.001856343597831336,2.7080783801154075e-05,6.576283478746487e-07,2.0364675991439824e-10,1.4231072611713237e-08,1.97965930969026e-06,0.00047094735089763526,0.75099109492357,2.8589549802384847e-05,0.14196983215857728,1.1036449254450075e-06,3.7601213146521794e-09,1.627938060475795e-05,0.0001889697066835353,1.577216391746957e-05,1.4977578254471416e-08,0.0024723382213973594,0.006947710911097522,7.579183809985983e-10,1.5505299448469522e-09,1.6674097258467535e-05
7,1.0622476040870856e-06,0.11729214531295494,0.0022078197427581985,1.7312592969578986e-07,0.0016476938854237508,2.473118443292797e-05,5.451008057558682e-07,2.6057943162787934e-10,8.865112254881182e-09,1.4420428780486324e-06,0.0005616046695736003,0.7851829835809577,5.457290420022163e-05,0.08520489915416303,8.671846098309504e-07,2.902265093476073e-09,1.5240767825912275e-05,0.00014802092401258976,2.1421430784730354e-05,1.0644475279941808e-08,0.0022481402788857136,0.00537949037631853,3.842437143184728e-10,1.220394197282049e-09,7.121808810807158e-06
8,1.2735823497219997e-06,0.11391254413176143,0.0016903505675230498,2.8710566401342746e-07,0.0030577040909878744,3.070545637287026e-05,9.072643212688167e-07,2.3118318648404377e-10,2.9248781007844527e-08,3.7012500940054893e-06,0.0006875279840388789,0.6232941430322491,2.5084894951114687e-05,0.24290842250008182,2.131113228741714e-06,4.475719906633953e-09,1.771710974429666e-05,0.00024034453978694073,1.5937773460243888e-05,2.2188380990549606e-08,0.0032017046848535633,0.010874036053829476,1.2621769734056027e-09,4.17828891062599e-09,3.5415280170713526e-05
9,6.575388072230222e-07,0.09274683214452618,0.0007218980446331825,1.0678343819454716e-07,0.0013931465712936596,2.1121788170958163e-05,6.131954450522503e-07,1.5096948714498167e-10,9.12218741379261e-09,1.1541542839837063e-06,0.0003235959141251069,0.8026196013904192,2.4579052539337535e-05,0.09520117717314662,7.58974485946109e-07,2.872499617853915e-09,1.222464878298789e-05,0.0001521003429989837,1.3649891292329476e-05,9.21769954483548e-09,0.0018952107678363726,0.0048582534178674315,5.014183890882549e-10,6.820789172132793e-10,1.3295659053777412e-05
10,8.942640654509415e-07,0.09379211326549888,0.0012014018222236231,1.8138932283705655e-07,0.001856343597831336,2.7080783801154075e-05,6.576283478746487e-07,2.0364675991439824e-10,1.4231072611713237e-08,1.97965930969026e-06,0.00047094735089763526,0.75099109492357,2.8589549802384847e-05,0.14196983215857728,1.1036449254450075e-06,3.7601213146521794e-09,1.627938060475795e-05,0.0001889697066835353,1.577216391746957e-05,1.4977578254471416e-08,0.0024723382213973594,0.006947710911097522,7.579183809985983e-10,1.5505299448469522e-09,1.6674097258467535e-05
11,8.344634315628347e-07,0.08980972677144894,0.0011358794636984694,1.778795617582667e-07,0.0017495540980610898,2.5886905583141152e-05,6.395842477199117e-07,2.0885407396992474e-10,1.3063349638065957e-08,1.7959500715216362e-06,0.0004528048908055562,0.7652067721239008,3.095026360718072e-05,0.13264263609210572,9.97405619090512e-07,3.760314286112829e-09,1.6172391318660774e-05,0.00018221877834473008,1.560079762716478e-05,1.4305929349519462e-08,0.002305011294057251,0.006407517185989611,7.192691310536889e-10,1.3704032248782187e-09,1.4790232400481974e-05
12,2.7299760734900063e-07,0.054366927774783275,0.0002959543006405952,9.039246745549714e-08,0.002914609519890155,1.3551596293738116e-05,2.509953603789253e-07,2.0542749083867133e-11,4.296614785652003e-09,4.529336524140738e-07,0.00020984703368019507,0.7397138823418424,9.83800290056938e-06,0.2000425083911939,2.286086180744313e-07,1.434383379963701e-09,4.3109798048905805e-06,0.0002726430536693467,2.7001759632645874e-06,8.00323372991517e-09,0.0012149444424751725,0.0009124891187665012,6.840698326996687e-10,3.6060914554883343e-10,2.4482540936622224e-05
13,1.7300470218279512e-06,0.12308876754330084,0.0016691687248672337,2.0794648127071848e-07,0.002180192159210778,5.033334872538763e-05,1.34541066459293e-06,4.747470189311333e-10,3.234929972548576e-08,5.0165623039526864e-06,0.0001904880953381969,0.7178014197523502,2.187631953266364e-05,0.14010351712069252,1.1999452712056064e-06,6.699580677719362e-09,2.204604816786301e-05,0.00032216169616836445,2.6511922346165506e-05,3.55250925490758e-08,0.003099615912150067,0.011373565149864649,9.081497751800127e-10,1.895128074597202e-09,4.0758443544211245e-05
14,6.550516801919095e-07,0.09762772904002064,0.0008361978097661647,1.0490800418596513e-07,0.001515048395730836,2.4244220001636046e-05,4.6674870828602534e-07,1.2295125891502356e-10,8.519053386511754e-09,1.2485631401098006e-06,0.0003934519176753959,0.7845562631946092,2.6818336626961017e-05,0.10831942669411035,7.233204435797687e-07,2.782284630678906e-09,1.1358261408489305e-05,0.0001367008270932948,1.5133113531584013e-05,9.852406997056559e-09,0.0019504187909627857,0.004572828253799027,4.979439203956039e-10,8.299108239713906e-10,1.115994813640049e-05
15,8.942640654509415e-07,0.09379211326549888,0.0012014018222236231,1.8138932283705655e-07,0.001856343597831336,2.7080783801154075e-05,6.576283478746487e-07,2.0364675991439824e-10,1.4231072611713237e-08,1.97965930969026e-06,0.00047094735089763526,0.75099109492357,2.8589549802384847e-05,0.14196983215857728,1.1036449254450075e-06,3.7601213146521794e-09,1.627938060475795e-05,0.0001889697066835353,1.577216391746957e-05,1.4977578254471416e-08,0.0024723382213973594,0.006947710911097522,7.579183809985983e-10,1.5505299448469522e-09,1.6674097258467535e-05
16,7.181719662499571e-07,0.07054148518984621,0.0008569251330402008,1.4709681208603572e-07,0.0014040374918738961,1.955527615499114e-05,5.573988992317872e-07,1.3828079866088946e-10,9.558112054294352e-09,1.8426802201851826e-06,0.0003781260861844912,0.7750576390512819,2.0960538062771116e-05,0.1426721874017819,7.745601078144373e-07,2.8796583570183883e-09,1.3568904745668883e-05,0.00022310889068680986,1.0836530886830276e-05,1.3468804595309906e-08,0.002586043669179406,0.006194171499602942,6.169787437455381e-10,1.2162046688216445e-09,1.728655062694802e-05
17,6.817103762998872e-07,0.06755306576216194,0.0007689352234199692,1.1864590728449263e-07,0.0012728113801640565,1.5563601169954065e-05,4.4091578947724783e-07,1.4133772029586384e-10,8.336865270620567e-09,1.2762332308773468e-06,0.00032194078153319433,0.8002107143272351,2.269535282977694e-05,0.12204165485578511,5.721159274517387e-07,2.3245744720111786e-09,1.2971650560886035e-05,0.00020432999422757844,1.0996131421012855e-05,1.1858388380313931e-08,0.002024807072641568,0.00552150052092378,5.878542336392193e-10,8.724734866875277e-10,1.4899603201435138e-05
18,6.654594476887569e-07,0.0606601597782644,0.00037362499751956215,7.301815590055176e-08,0.0007157465006221443,1.2167858784955482e-05,4.332640866205385e-07,1.0634010431915455e-10,8.815427090676565e-09,1.3018293054723459e-06,0.00022477731842386942,0.8107110724836801,1.7266753124025986e-05,0.1195010265523737,3.793181653952659e-07,2.065498548697134e-09,1.5501702409771277e-05,0.00025266210370443075,8.101723118226082e-06,1.021835696903982e-08,0.0014116091927480188,0.00607142239458926,5.653633753955786e-10,6.86083972663483e-10,2.1985294406502724e-05
19,6.638869895742499e-07,0.08060038356108161,0.001199477376470295,1.7218541476207935e-07,0.0018852015020024947,2.0047724768383977e-05,5.523787366142755e-07,1.9421389551344763e-10,9.887825743063168e-09,1.4401009484012207e-06,0.00040154756381377056,0.7887144498508216,3.003279260290857e-05,0.11892047062597849,8.307604416918989e-07,3.0402552962372647e-09,1.2803477614118495e-05,0.00016503313108519872,1.3824394074676726e-05,1.2242797070663001e-08,0.0022331209705377586,0.005788561070665328,5.248880188980522e-10,1.045938525257492e-09,1.1359710033722299e-05
20,9.482743390442183e-07,0.10848091073584396,0.0017574771694278595,2.652284504096563e-07,0.0023628206649884166,3.52968068710145e-05,1.2022762312256335e-06,4.2512004772313774e-10,1.8169569321154565e-08,2.653308962747118e-06,0.000759279003975382,0.70563821158239,3.252161043118007e-05,0.1607734191257994,3.6072203110621676e-06,4.810255324418502e-09,1.7987837385351766e-05,0.00014018624473992908,2.6742489625352855e-05,2.06900177099435e-08,0.0046935096235362255,0.01525288334467506,1.313145016868379e-09,2.3925758833450087e-09,2.0029651332858874e-05
21,8.537744390219319e-07,0.08878776872398306,0.00108773785078556,1.7071273541651288e-07,0.0018000635391098307,2.4348458779719772e-05,5.869824907316547e-07,1.7741544198547723e-10,1.2819458542913956e-08,1.917066864484183e-06,0.00045329778726846794,0.7586669777878735,2.6832219270001875e-05,0.14018832724092745,9.498994328587087e-07,3.541383637495528e-09,1.5017561915942108e-05,0.0001935404463837319,1.4299403196650146e-05,1.402428505462095e-08,0.00244511059999126,0.006276148428958869,7.016484362417909e-10,1.4370815726325223e-09,1.6018814320671266e-05
22,8.092316619910245e-07,0.06273333409054807,0.00125730874556764,2.0778063187069363e-07,0.0012638022757491267,2.2265788291829942e-05,4.3488836572239745e-07,1.6088658954991933e-10,9.065577187119373e-09,2.090553206975704e-06,0.0005194093619434102,0.7837281704253863,2.5853209115899565e-05,0.14105750483635995,8.23219856113452e-07,3.4327932093408526e-09,1.9812174744139947e-05,0.0002231580110066007,1.0777867691177191e-05,1.3233715528431099e-08,0.002726798874814795,0.006396034246556715,5.908297733314559e-10,1.7305807426673314e-09,1.1376204118525089e-05
23,8.942640654509415e-07,0.09379211326549888,0.0012014018222236231,1.8138932283705655e-07,0.001856343597831336,2.7080783801154075e-05,6.576283478746487e-07,2.0364675991439824e-10,1.4231072611713237e-08,1.97965930969026e-06,0.00047094735089763526,0.75099109492357,2.8589549802384847e-05,0.14196983215857728,1.1036449254450075e-06,3.7601213146521794e-09,1.627938060475795e-05,0.0001889697066835353,1.577216391746957e-05,1.4977578254471416e-08,0.0024723382213973594,0.006947710911097522,7.579183809985983e-10,1.5505299448469522e-09,1.6674097258467535e-05
24,5.908323684198137e-07,0.0724443067388728,0.000850980069136043,1.7331430380191643e-07,0.0020664710590086637,1.906517873150629e-05,4.5172058896156746e-07,1.333592861949004e-10,1.04457316432576e-08,1.3228914109691317e-06,0.0004075451023896692,0.7677826328430344,2.7167678733040213e-05,0.15011884427113983,6.442089371732082e-07,3.1748794067855337e-09,1.1819757567491984e-05,0.00018365664878583975,1.01595406055268e-05,1.1874127410221847e-08,0.0018683239947714406,0.004192805673717625,6.501969981203498e-10,1.0513893368375104e-09,1.3011146212629374e-05
25,8.602655882368738e-07,0.08219974675640283,0.001198322438570927,1.8817880152581566e-07,0.0017860274380654003,2.1607987486583777e-05,6.334443169257231e-07,2.23491235980589e-10,1.151666397172357e-08,1.707335186566793e-06,0.000494838200485679,0.7800024509488148,3.157384362743351e-05,0.125006079343284,1.0139763988242716e-06,3.5523261845021148e-09,1.5057693948805244e-05,0.00018657619224374678,1.5799316096802337e-05,1.3823530438012959e-08,0.0025790726640274216,0.006445048618803274,6.949460914997151e-10,1.3334216304447164e-09,1.3364213470672111e-05
26,1.7789409564005796e-06,0.13121953354947932,0.001691541624269305,3.3300600270636554e-07,0.002745708618892193,4.190764406538119e-05,8.222896373822263e-07,3.4927886248284144e-10,4.081911390010022e-08,2.647850201560963e-06,0.0006868160343576315,0.6985121509094742,3.7693363968377437e-05,0.15512515279697642,1.6770801188695376e-06,6.273831532035447e-09,2.778189921605376e-05,0.00022795963055512357,1.8673478015227592e-05,2.1968978711265844e-08,0.0024276917057969847,0.007205430676239294,1.624452697503263e-09,4.346378681899792e-09,2.4623519743116327e-05
27,1.0705739063215114e-06,0.11603984440703026,0.0012736275257034344,2.1246272453905097e-07,0.0022807159925322647,3.4704258322305134e-05,1.038186652630402e-06,2.8921695514640967e-10,2.9089460662718437e-08,3.252747938320439e-06,0.0005991775452291688,0.6791343600742893,2.873192466179249e-05,0.18455374760976204,2.195660926777168e-06,5.016779019981623e-09,2.0055860317083463e-05,0.00017818553223473196,2.0855231979548627e-05,2.2033193262928677e-08,0.002817997134351568,0.012982356089949496,1.1988276763869047e-09,2.7670501086336285e-09,2.7810786960798484e-05
28,8.942640654509415e-07,0.09379211326549888,0.0012014018222236231,1.8138932283705655e-07,0.001856343597831336,2.7080783801154075e-05,6.576283478746487e-07,2.0364675991439824e-10,1.4231072611713237e-08,1.97965930969026e-06,0.00047094735089763526,0.75099109492357,2.8589549802384847e-05,0.14196983215857728,1.1036449254450075e-06,3.7601213146521794e-09,1.627938060475795e-05,0.0001889697066835353,1.577216391746957e-05,1.4977578254471416e-08,0.0024723382213973594,0.006947710911097522,7.579183809985983e-10,1.5505299448469522e-09,1.6674097258467535e-05
29,8.942640654509415e-07,0.09379211326549888,0.0012014018222236231,1.8138932283705655e-07,0.001856343597831336,2.7080783801154075e-05,6.576283478746487e-07,2.0364675991439824e-10,1.4231072611713237e-08,1.97965930969026e-06,0.00047094735089763526,0.75099109492357,2.8589549802384847e-05,0.14196983215857728,1.1036449254450075e-06,3.7601213146521794e-09,1.627938060475795e-05,0.0001889697066835353,1.577216391746957e-05,1.4977578254471416e-08,0.0024723382213973594,0.006947710911097522,7.579183809985983e-10,1.5505299448469522e-09,1.6674097258467535e-05
30,8.942640654509415e-07,0.09379211326549888,0.0012014018222236231,1.8138932283705655e-07,0.001856343597831336,2.7080783801154075e-05,6.576283478746487e-07,2.0364675991439824e-10,1.4231072611713237e-08,1.97965930969026e-06,0.00047094735089763526,0.75099109492357,2.8589549802384847e-05,0.14196983215857728,1.1036449254450075e-06,3.7601213146521794e-09,1.627938060475795e-05,0.0001889697066835353,1.577216391746957e-05,1.4977578254471416e-08,0.0024723382213973594,0.006947710911097522,7.579183809985983e-10,1.5505299448469522e-09,1.6674097258467535e-05
31,1.1706603135534022e-06,0.07670620854139357,0.0015154271663174838,1.374353175172938e-07,0.001459638203091965,1.5835150159361945e-05,4.6709789894312343e-07,2.636214871684928e-10,8.34193855869397e-09,1.3909824262608752e-06,0.0002834044842233104,0.8225192952515862,2.994454085457599e-05,0.08928048503387716,5.53738975240423e-07,2.4931166129358536e-09,1.3915755391033948e-05,0.00024330864807591557,1.87420790551649e-05,1.4730560971558212e-08,0.0022375903801553415,0.005658890609431426,5.118185424762938e-10,9.365413262509659e-10,1.3566963858632255e-05
32,8.828669041007072e-07,0.0937671791226116,0.001201145035497387,1.6399864410003823e-07,0.0018571640987865101,2.7158165127478507e-05,6.704596619647532e-07,2.2099581347565462e-10,1.3602986525715227e-08,1.9183414889715693e-06,0.0004526345640067356,0.7577830542857521,2.931241703048097e-05,0.13473835355249827,1.1378368982508693e-06,3.774539092450549e-09,1.54228370433689e-05,0.00017649903927468286,1.878299145070792e-05,1.588183573649539e-08,0.0024937946533519707,0.007418229668277185,7.723330605732396e-10,1.3989110278358667e-09,1.6460414092955426e-05
33,5.304742934175743e-07,0.056895641827071394,0.0006025134657416468,1.062357660186487e-07,0.0007329424575609271,1.5409876395464546e-05,3.926482233949207e-07,1.5133934177935705e-10,7.882173477739122e-09,1.2116243927719328e-06,0.00026472545574652374,0.8319852996093707,3.2598047726253866e-05,0.10261859922058747,3.370695876142252e-07,2.6728326957206032e-09,1.9330746634701818e-05,0.00017616189772627316,9.582290019772103e-06,9.057480746130355e-09,0.0011233108679307006,0.005513281190242434,3.491622671920274e-10,6.063325959183794e-10,8.00427566137797e-06
34,2.1009831433722327e-06,0.15399102846360574,0.0016440069147057412,1.3091545700780172e-07,0.002947910168110708,2.0840274488224837e-05,6.692994268356718e-07,3.216641361735151e-10,2.6316888886732393e-08,2.446899343220497e-06,0.0007247058723447361,0.6964125550608314,4.1639672513692296e-05,0.13052346273439908,1.436010945881591e-06,3.5570680336206065e-09,1.3214619735581215e-05,0.0001618169353826166,5.121752673618173e-05,1.8592997396417116e-08,0.00242478073449474,0.0110116480659763,1.0666647168739106e-09,2.302680616572201e-09,2.433669039494804e-05
35,2.2596300677133003e-06,0.06520824288860844,0.000581707227153802,7.732670420040822e-08,0.0005518040050149597,5.732026032412161e-06,3.746050703258527e-07,2.731854666289738e-10,1.3288279132982446e-08,1.5324739167165801e-06,0.00013945081553325361,0.8851112500970182,2.579427815354533e-05,0.042519215413925525,1.4042949099493972e-07,2.2170647362982756e-09,2.0664079258365923e-05,0.000426151466219457,1.175650461551082e-05,8.082164276977294e-09,0.0009304779370160303,0.004450004890318394,2.259572027184574e-10,6.312122707411229e-10,1.3339188019061067e-05
36,1.0691558921689057e-06,0.11043037316186421,0.0015901048506145286,2.1289519613876798e-07,0.0026182757603426194,3.000311266157732e-05,7.155342249778112e-07,2.01677320127337e-10,1.5122679994688216e-08,2.3467316186366165e-06,0.0005711891399632473,0.7169655548774638,2.8605538870076245e-05,0.15767499748981512,1.3680636177375926e-06,3.853196840009215e-09,1.3585356985562138e-05,0.000202230866166887,1.8045594704819276e-05,1.6870198275039488e-08,0.0032109557550819303,0.006620858561495417,8.339128557219717e-10,2.0070248114206344e-09,1.946866473049759e-05
37,8.671520070999957e-07,0.09550315724329399,0.0011728070798519758,1.7776016624600123e-07,0.0018637694013908528,2.7661394146952426e-05,6.729009889817468e-07,2.0694587185748155e-10,1.4393056161691692e-08,1.9592546664780693e-06,0.00046370050900715435,0.7502609141179744,2.873451841132159e-05,0.14090895975653558,1.1250024982182437e-06,3.78960950175325e-09,1.620895629360631e-05,0.00018156298178177325,1.608608893048773e-05,1.4912193874848695e-08,0.002474551232241926,0.007060397839576852,7.640887884547417e-10,1.478202162450372e-09,1.665126613966035e-05
38,6.439551769007182e-07,0.08490466602749722,0.0011439653669222142,1.5108081039596382e-07,0.0012563935680448444,4.918910721332631e-05,7.415847970759552e-07,2.3242204452404834e-10,7.940927948222744e-09,1.3972078636293404e-06,0.00046064640699144797,0.8055613927728809,3.349537374799325e-05,0.0977464103011319,1.4441861662874242e-06,5.058562201355372e-09,1.656154632132117e-05,0.0001249922327073341,2.2488454420811742e-05,1.4949151539882418e-08,0.002924987941330173,0.0057409946447554774,8.145233230095466e-10,1.0209787097744917e-09,9.408224654999248e-06
39,8.071141054111903e-07,0.07979136928241135,0.0011278448062021715,1.746930863008415e-07,0.0015717376888313543,2.782861594174369e-05,7.325415553261307e-07,2.47194971418804e-10,1.041761827159171e-08,1.6989471388171169e-06,0.0003868109325658683,0.7893280750148417,2.5541904355693232e-05,0.11702634741598943,1.2337721644496705e-06,3.846341117389707e-09,1.623332514232831e-05,0.00018293884604551428,1.7325909290266503e-05,1.5993838134053385e-08,0.0031738337419941636,0.0073020064306245705,8.742449148707571e-10,1.210679937021514e-09,1.7426427796290856e-05
40,4.85602733055635e-06,0.08179876694975896,0.0005799946538608356,1.3348644667988956e-06,0.0010398775104776836,2.757101733841309e-05,2.392126908366807e-06,1.2016543295089007e-09,1.8508790639693917e-07,8.58595035326106e-06,0.0010876267037435248,0.7363480940117841,7.762748382477764e-05,0.16715539487226777,1.1722533050097232e-06,2.340027212249178e-08,0.00014058531279658113,0.0007972776392296274,9.307956156773973e-06,2.584544097259665e-08,0.0026304605437938366,0.008244457549797227,4.241879157667053e-09,1.2599751053717827e-08,4.4364195901854205e-05
41,1.1016263267889362e-06,0.1967999238296909,0.0018690527615760448,3.218389723192023e-07,0.004313481554343208,4.32241641643785e-05,7.462142126472511e-07,2.35748163430851e-10,3.9542464768420355e-08,2.4654295579611686e-06,0.0006039796494745448,0.6204763460480889,3.950358785304145e-05,0.16870264630722392,1.420875295363197e-06,5.0726093991885595e-09,1.8855146851075518e-05,0.00014692796436463216,1.407724212787414e-05,1.282651725923958e-08,0.0019283033286833784,0.00502041841033317,7.877197589756362e-10,2.5285755264436008e-09,1.7143027224964194e-05
42,8.4553948454565e-07,0.09301726595401633,0.0014509925917745997,1.477321084560116e-07,0.0016536602394122643,2.4693060244262553e-05,6.757275587016265e-07,3.1962895319009305e-10,1.2384927282104965e-08,2.00102900419288e-06,0.0004183629721100606,0.777661318635161,3.0660665502202196e-05,0.11114659311666962,1.3342516515931396e-06,3.463862599438627e-09,1.5981176281791283e-05,0.00013501359458844685,2.6160691020002677e-05,1.6344631074153456e-08,0.0029714347017967403,0.011429752454684887,6.572424351798925e-10,1.19575784691872e-09,1.3071500880194065e-05
43,1.4850082619470989e-06,0.11258899703126908,0.002106225147784298,3.5939981825973104e-07,0.003012745710904209,5.7131380796302875e-05,1.3912338396198451e-06,5.038584747361718e-10,4.5721335705608846e-08,9.6562815555864e-06,0.0006569427933337652,0.6026339782344892,3.559611428522264e-05,0.25397727150290483,2.557304823762073e-06,9.387355187134966e-09,2.6022189803662634e-05,0.00024165158108163703,3.164468440142529e-05,5.126924871359508e-08,0.004561640219073627,0.020022867895323447,1.5323889052765675e-09,4.819514531536506e-09,3.172305254857944e-05
44,8.942640654509415e-07,0.09379211326549888,0.0012014018222236231,1.8138932283705655e-07,0.001856343597831336,2.7080783801154075e-05,6.576283478746487e-07,2.0364675991439824e-10,1.4231072611713237e-08,1.97965930969026e-06,0.00047094735089763526,0.75099109492357,2.8589549802384847e-05,0.14196983215857728,1.1036449254450075e-06,3.7601213146521794e-09,1.627938060475795e-05,0.0001889697066835353,1.577216391746957e-05,1.4977578254471416e-08,0.0024723382213973594,0.006947710911097522,7.579183809985983e-10,1.5505299448469522e-09,1.6674097258467535e-05
45,1.0982741716831542e-06,0.1245703784788859,0.0029502911720516575,4.271384183148416e-07,0.002845719214424535,7.943557494340517e-05,1.9395558319184734e-06,7.083682242770876e-10,2.575516520948491e-08,3.4138193861312707e-06,0.0007980537598307562,0.6986331908408764,4.738623373611703e-05,0.15206468334552123,5.560971727492199e-06,1.0022643825970545e-08,2.550814464757836e-05,0.00014364956957908665,3.6501353816961035e-05,2.9259553442066242e-08,0.004309552962169623,0.013466463875396434,1.4043432287836975e-09,3.349016945312111e-09,1.6675215494059756e-05
46,7.19531463793118e-07,0.04457169136956694,0.0007571685150259268,2.054925256494977e-07,0.00041226352304873074,3.1381293330145014e-05,3.704114326234752e-07,2.391932526110641e-10,7.757727054632877e-09,1.2415294908452524e-06,0.00035272594848313033,0.8765000287901598,3.3862562529650304e-05,0.07082899026075301,5.280818730906081e-07,5.035957910761124e-09,4.603141989813794e-05,0.00018792155501851353,7.99838269959202e-06,1.0091710171786455e-08,0.0016244346230327828,0.004637098266256631,5.886561309039405e-10,1.3106341623576378e-09,5.313419532318555e-06
47,8.907333051478413e-07,0.0875835820457761,0.0008299145545721549,1.0199105836117367e-07,0.0011403020067533606,1.9578055731485773e-05,5.684468404704557e-07,1.9603816964201253e-10,1.1305898220150215e-08,1.6499520135443857e-06,0.00030866003053023995,0.8035723987865191,2.434742046383972e-05,0.09673886279927023,7.46602210472724e-07,2.8918036472645267e-09,1.5635615524958126e-05,0.00017607737876849692,1.6903035755710384e-05,1.2282991902227815e-08,0.0019905226290709986,0.007563820133285072,5.294366779828352e-10,9.360127350608776e-10,1.5409640368878544e-05
48,7.445123794604607e-07,0.09566630730942446,0.0009608957722413229,1.1878236951229222e-07,0.0005350205285791682,5.8821280765889573e-05,6.561624608119924e-07,4.6530190233981237e-10,9.251497835845565e-09,9.315404721625079e-07,0.0002547475930825216,0.8529386991491201,5.752487017270056e-05,0.043126797172086076,7.325888326564422e-07,5.619266059293401e-09,3.64881237685451e-05,8.992721076569264e-05,2.7797746328624015e-05,1.0039039111292249e-08,0.0013947481102922544,0.004844590913945413,5.150537846684097e-10,5.081733150851418e-10,4.4242345806734475e-06
49,4.4571462883752863e-05,0.3326542683525551,0.000440477967352465,5.31795809978889e-06,0.052646715540154064,1.3093692934303581e-05,9.387296880773339e-06,1.3009410708011344e-09,6.708860764917116e-06,1.5568611568055164e-05,0.012337179904435459,0.07652887623541442,4.6529767181120614e-05,0.519227591266635,2.297129799535046e-05,6.77429597728739e-08,2.380988205963005e-05,0.00047293167152762106,1.9238812542949236e-05,1.6215225222320472e-08,0.001994657674037098,0.0025432019132396446,1.1086129856276277e-07,2.4092805395143786e-07,0.0009464647832599361
50,1.527726084531383e-06,0.1225760662629216,0.0012739360859977838,1.508377146028931e-07,0.0025984899410711492,2.084621157026417e-05,1.5779700655192368e-06,3.663096449746527e-10,2.7805511624224753e-08,5.555726716399107e-06,0.000388864940859429,0.6714465607451341,2.584469551793487e-05,0.18027611159226123,1.700773958659731e-06,4.66696210234318e-09,1.3479250816632204e-05,0.0002786675168742657,3.252847306609638e-05,2.7670851825523878e-08,0.0032575880083577317,0.017750320798738055,8.312482025382684e-10,1.8467974119286416e-09,5.0119254593324815e-05
51,9.371611112091174e-07,0.06685463564954502,0.0009326735388089189,1.1456472417716751e-07,0.0013629082135868645,2.9660865053095237e-05,7.086781539036813e-07,1.9086062995262865e-10,9.36468799001462e-09,1.6858577427223019e-06,0.0003817762158724459,0.7887030306604665,2.158287683381656e-05,0.13131811404974408,1.2027762907692303e-06,3.985941570103926e-09,1.465972460909077e-05,0.0002354082044525242,2.2851231011115455e-05,2.2216842001028294e-08,0.0026334530395870728,0.007459246482538346,1.173757570676566e-09,1.2546514234149057e-09,2.5312023126870764e-05
52,1.4103298528865042e-06,0.05023511065054469,0.002064271526977451,5.56902515378977e-07,0.0018099726163677743,4.1566372605042606e-05,6.717461128927018e-07,2.114444663181896e-10,2.090943906431202e-08,5.538736591731293e-06,0.0009741434495636596,0.668205795560381,4.216976059623505e-05,0.26726636274621873,1.0646054889155742e-06,8.866788159553973e-09,3.15475799760071e-05,0.0005073826928682986,9.928073071469837e-06,3.3770269203492804e-08,0.002368569784266622,0.0064184204676531,1.0410433603659236e-09,7.075285486277767e-09,1.544452407865577e-05
53,9.437798086915513e-07,0.10358050068504931,0.0009514859261236262,3.4223936736474584e-07,0.0026493982249449267,4.179239842923239e-05,2.6009374632822894e-06,4.2732217865704567e-10,3.618557066567854e-08,2.9850325449882415e-06,0.0006466591136295472,0.6691813852972935,3.4161515881982823e-05,0.20883463411634057,3.5110806412632495e-06,8.073790339492115e-09,2.0502623581631547e-05,0.0002339086770342579,1.748662511236602e-05,2.760778439463402e-08,0.003176602621467101,0.010579529252557675,2.181352620526713e-09,2.75422692004494e-09,4.149262268147888e-05
54,1.1786680952905497e-06,0.06159113523626141,0.005808404874086469,7.898957103130419e-07,0.003279172421913456,5.3041405070141406e-05,7.88289687029818e-07,5.234373946586812e-10,1.340205039908691e-08,3.1312552242626588e-06,0.0013689266936377778,0.6953938478231694,5.8135479715519144e-05,0.2157112797503764,3.010304007674675e-06,6.677328943213416e-09,2.6195974503642833e-05,0.00022424297258866644,2.670264986076434e-05,3.791602396362618e-08,0.0058596701615931295,0.010579958240149826,1.6033504675056556e-09,5.554100426144105e-09,1.0322228057144421e-05
55,1.191795138202005e-06,0.09760717181789795,0.006946896342163236,7.085824176710962e-07,0.0033378245432936055,0.0001756768932875819,1.648243316962553e-06,9.455637935314327e-10,2.9384074830489e-08,9.957034809315513e-06,0.0015509509532310134,0.4439654572204154,6.025522435158908e-05,0.3984896116062015,1.012148657296211e-05,1.2301536885371287e-08,3.7894496354235484e-05,0.00013362828816169972,6.595051586499154e-05,8.975359432751345e-08,0.008259593126525898,0.03932603803340598,3.4868060066484983e-09,9.290568639094647e-09,1.927863444561124e-05
56,8.403876795648775e-07,0.09090406555327803,0.0011324925675906894,1.7536357738191414e-07,0.001774513143250553,2.518736711083595e-05,6.286427761639401e-07,1.9772108966726291e-10,1.326428800734777e-08,1.7874755292560537e-06,0.0004670958452337682,0.7622130485646412,3.086378522768388e-05,0.13466122214817697,9.863981206908028e-07,3.6334619653534737e-09,1.5751261632677002e-05,0.00018518052224970877,1.5047893160741291e-05,1.4028336201141487e-08,0.0022516326981154547,0.006304426156036333,7.031661556566584e-10,1.4136250355820102e-09,1.5020986013920227e-05
57,5.486965176635157e-07,0.059088095437786106,0.0009324019775929171,6.88388267856446e-08,0.0011483687639571292,1.38481839845111e-05,3.64944155775789e-07,1.758778136257778e-10,4.714046028556194e-09,9.919601895623351e-07,0.00024791933143860603,0.8537047651120495,2.0920769907905427e-05,0.07491687568155081,6.297847753540436e-07,2.0293030620215566e-09,9.263730973662688e-06,0.00011814167399778272,2.3431002399489366e-05,1.1479058997123106e-08,0.002206191277245499,0.007558172847115797,3.8371583933957825e-10,4.753219204484396e-10,8.980728211371424e-06
58,1.012848301017178e-06,0.09756879168432572,0.0014143088985039982,2.179807890359416e-07,0.0020013662633855023,3.070914760784613e-05,7.320296629932727e-07,2.3106493350318095e-10,1.7370204455254647e-08,2.358000618714413e-06,0.0005774701878103485,0.73248078834783,3.1001488472797506e-05,0.1550300293410779,1.4254403087649775e-06,4.348280109026543e-09,1.8128807728796893e-05,0.0001955705093493689,1.6983533639619398e-05,1.7349396020745917e-08,0.0026545267303524356,0.007956579463310237,8.840697282372738e-10,2.2652307336270457e-09,1.7956848679018607e-05
59,1.0856981809467408e-06,0.09710127446767876,0.0016071941001009108,2.4772784477626744e-07,0.0022210883403740236,3.1851150334838264e-05,7.611799753228169e-07,2.442854125637217e-10,1.8610938428096186e-08,2.7120449644057793e-06,0.0006156030689089821,0.7203799038223309,3.042278125850657e-05,0.16648089818861597,1.5660869199338862e-06,4.720002195768402e-09,1.858794631234147e-05,0.0002107841789116379,1.7346785173222233e-05,1.9154526083061913e-08,0.002896787241147679,0.0083627238739022,9.31804082758657e-10,2.687738179741707e-09,1.911496777011015e-05
60,8.942640654509415e-07,0.09379211326549888,0.0012014018222236231,1.8138932283705655e-07,0.001856343597831336,2.7080783801154075e-05,6.576283478746487e-07,2.0364675991439824e-10,1.4231072611713237e-08,1.97965930969026e-06,0.00047094735089763526,0.75099109492357,2.8589549802384847e-05,0.14196983215857728,1.1036449254450075e-06,3.7601213146521794e-09,1.627938060475795e-05,0.0001889697066835353,1.577216391746957e-05,1.4977578254471416e-08,0.0024723382213973594,0.006947710911097522,7.579183809985983e-10,1.5505299448469522e-09,1.6674097258467535e-05
61,1.0625276939181917e-06,0.09573913706306264,0.001686251870166259,2.3763469996618707e-07,0.002086575924557329,3.169013797827599e-05,6.997776155117485e-07,2.4944847501719174e-10,1.6461437081470714e-08,2.490127630170967e-06,0.0005671751537468092,0.7343387030034658,3.1110597832330995e-05,0.1543781922785349,1.4098081802694275e-06,4.381005765880836e-09,1.8597042936800862e-05,0.00020518366049059774,1.7534595018197435e-05,1.8288343942898775e-08,0.0028684487679187277,0.00800853622902639,8.429414743922094e-10,2.3266184779771805e-09,1.6921249649834614e-05
62,8.942640654509415e-07,0.09379211326549888,0.0012014018222236231,1.8138932283705655e-07,0.001856343597831336,2.7080783801154075e-05,6.576283478746487e-07,2.0364675991439824e-10,1.4231072611713237e-08,1.97965930969026e-06,0.00047094735089763526,0.75099109492357,2.8589549802384847e-05,0.14196983215857728,1.1036449254450075e-06,3.7601213146521794e-09,1.627938060475795e-05,0.0001889697066835353,1.577216391746957e-05,1.4977578254471416e-08,0.0024723382213973594,0.006947710911097522,7.579183809985983e-10,1.5505299448469522e-09,1.6674097258467535e-05
63,8.976628105190909e-07,0.09877967417444532,0.0011604190018354756,1.72447128762915e-07,0.0018462972251329151,2.641741568626342e-05,6.532050444333974e-07,1.989944341790734e-10,1.4437863201475268e-08,1.9249230177729992e-06,0.0004644237151547414,0.750477743180193,2.840897499519263e-05,0.13773745932889314,1.0859276515562477e-06,3.622141560809492e-09,1.595964683865094e-05,0.00018273421734205634,1.566901570165874e-05,1.4076746671496828e-08,0.002400421070820252,0.006842976529271663,7.262318355626621e-10,1.4908435504811109e-09,1.6627785215491547e-05
64,9.03501500740521e-07,0.0961026717575062,0.0013440892881676158,1.973352520515291e-07,0.0021029090531982475,2.6814127419605833e-05,7.0737415382599e-07,2.27632211241272e-10,1.2977944705441457e-08,2.0262836164076997e-06,0.0005026375943902267,0.7540618747993625,2.73634162948004e-05,0.13494248198351988,1.3150088741568007e-06,3.6452779608256363e-09,1.434913520771655e-05,0.00017878878356501662,1.7627601632336844e-05,1.5900030283120448e-08,0.0033958864222433773,0.0072605916217827575,8.228130664270225e-10,1.5780100873134648e-09,1.6729760604200444e-05
65,8.097016978904409e-07,0.14842375707927244,0.005408687403244282,4.571428746307384e-07,0.003802135458964768,9.078108000741988e-05,1.361582579490515e-06,4.692963063527404e-10,1.2311279209850973e-08,2.2213985070345837e-06,0.0012514594247857102,0.638359607893795,4.7435823842994755e-05,0.18288759880217215,8.33982544486473e-06,5.41454750207186e-09,1.92918582859332e-05,9.356284257787224e-05,3.543685099135435e-05,2.2690482878180974e-08,0.006737268142188462,0.012817003376010879,1.4359186119164722e-09,3.3497046792860553e-09,1.2738641527716616e-05
66,8.469957903179806e-07,0.08953738340169694,0.001209870620992752,1.8646228406281148e-07,0.0019080105393427828,2.4829137266591362e-05,5.966681412571728e-07,1.8036121073318363e-10,1.3205029604406951e-08,1.9888509858198954e-06,0.00048159939840508104,0.7489724832306932,2.772888095188615e-05,0.14852389753065412,1.008718281207299e-06,3.550159509529018e-09,1.5604579880601207e-05,0.00019301208185207644,1.4077086926976496e-05,1.4066650754636824e-08,0.0024638980098233964,0.006607074560353856,6.927280110882524e-10,1.5503160575050178e-09,1.5870000432065583e-05
67,9.957815736105221e-07,0.10283621058242595,0.0013067789886494466,1.8864015538846975e-07,0.0021213357327356094,2.4592728393678253e-05,6.839591884798045e-07,2.281974345030723e-10,1.6125164131653987e-08,2.021274709144004e-06,0.0004799035966183082,0.7499502892539877,3.0000174599060935e-05,0.13354490799544244,1.1245254985065714e-06,3.7968608293336785e-09,1.5714064311872697e-05,0.00018576789721121403,1.7143781536749534e-05,1.4044134991861145e-08,0.0024306909486695766,0.007035065840846491,7.033004782598181e-10,1.5523254346349724e-09,1.6547783463534777e-05
68,7.784291834384246e-07,0.06943544841005189,0.001081070220553184,1.7797657841930522e-07,0.001397083868202568,2.2078052953300396e-05,5.641136002233807e-07,1.8163890196334502e-10,9.778125831319813e-09,1.518150553519673e-06,0.0003940739829883677,0.7954396176216775,3.081082768152103e-05,0.1249054089804719,6.937521556865908e-07,3.374648371749692e-09,1.56331954238454e-05,0.00023060406407504725,1.1883000612709444e-05,1.3561840257223254e-08,0.0021176574757926126,0.00490187550145087,6.205404108156717e-10,1.1693229413924123e-09,1.299368987700008e-05
69,5.385663291432125e-07,0.054528120111941004,0.00096127182363741,9.530412541828386e-08,0.0007429428680701,3.610909785065647e-05,4.331350238839984e-07,1.685192643326121e-10,4.729985737789016e-09,1.392294731566752e-06,0.0003664236302214066,0.8258997761998421,2.7951484763427893e-05,0.10695850088204745,8.116986919305302e-07,2.930231686176177e-09,1.527512031185782e-05,0.00013982423295256247,2.157939661256482e-05,2.0576326598912178e-08,0.0029897252152038005,0.007300781076245535,7.277593977959741e-10,8.530292580185993e-10,8.41787554651183e-06
70,6.403980686475207e-07,0.049671216403016215,0.0013361291480831073,6.785239479648463e-07,0.0023353153731861653,5.193308029027481e-05,6.199833199737279e-07,2.0344066825314777e-10,2.5164875143730407e-08,2.533694880020374e-06,0.0004829074698211113,0.6673711483150375,3.954520511280131e-05,0.2735528213786747,7.047493747973659e-07,9.311999001590116e-09,3.364119173364234e-05,0.0003540527393280506,5.183192213919356e-06,2.6826716719465045e-08,0.0015147845050447711,0.0032327516758380226,1.3067207392830406e-09,3.3537115042645988e-09,1.3326805564281956e-05
71,7.553182973084368e-07,0.07944070170556504,0.0003092206878665786,1.1109468941394269e-07,0.0015399659093990085,8.494730495342905e-06,3.961948681472631e-07,9.634100714235356e-11,1.8115983330849917e-08,1.2578577164827408e-06,0.0003573039822984165,0.790053788817248,1.9557181952625844e-05,0.12298730791895493,4.1739065413839406e-07,2.6791085786857636e-09,1.2543081043919681e-05,0.00021512421547582373,5.9477107958686155e-06,7.513915203800175e-09,0.0011639108641121085,0.003862404274949567,6.287470287596914e-10,1.0997054754993666e-09,2.07609298167078e-05
