,0,1,2,3,4,5,6,7,8,9,10,11,12,13,14,15,16,17,18,19,20,21,22,23,24
0,8.868665195759371e-07,0.08228411396016025,0.0012950865544525906,1.4575560031182645e-07,0.0015429301781233094,5.050270871086071e-05,7.331378661874953e-07,2.4158970355428694e-10,1.1895562677230619e-08,2.8207385501228298e-06,0.00041221248983635503,0.7817964897189067,2.7701680454184855e-05,0.12159983556911964,1.3977514489393647e-06,5.8372537407062125e-09,1.3296282894760973e-05,0.0001780855518236214,2.884908671917865e-05,2.9652894012634946e-08,0.0033283980715082817,0.00742219697456999,8.628436579198832e-10,1.7914463382852956e-09,1.4266641144651264e-05
1,1.4447184403958294e-06,0.12773997352225278,0.0016680526421338504,2.550720934681586e-07,0.0026823328515940834,3.688274195669749e-05,9.206519576994344e-07,3.1622070847212863e-10,3.254068462199568e-08,3.657409039219233e-06,0.0005814373499979299,0.7049638700107451,3.768104679212983e-05,0.15130163082948428,1.4521074691964718e-06,6.630154226361094e-09,2.133007538185157e-05,0.000209107405742454,2.3614987629400423e-05,2.00955323028864e-08,0.0023834300220711957,0.008322451055765422,8.798017118120163e-10,2.754637031758886e-09,2.041228242220908e-05
2,1.1452563672814994e-06,0.10676980835891593,0.0014929144413971915,2.037961060477242e-07,0.002768486627692452,3.0047550178764125e-05,9.337738851426491e-07,2.959618006677069e-10,2.483095959216466e-08,3.2884856306206178e-06,0.0005223341629024569,0.6736147356599781,2.8132199137848587e-05,0.19903250106930215,1.7996280172209384e-06,4.303532022630133e-09,1.5816869461150726e-05,0.00021086910594081507,2.3480861150594456e-05,2.7781900386308224e-08,0.003087992127281821,0.012364723034816567,1.2096774652668912e-09,2.385956671683278e-09,3.072618384997632e-05
3,8.963381454468491e-07,0.09565605034276621,0.0012314556703090307,1.7900131011300046e-07,0.0018555070448831826,2.6832491390159276e-05,6.530956419265775e-07,1.985903683792578e-10,1.4469342086758036e-08,2.071916026975324e-06,0.0004753016768746227,0.7466184716198169,2.8456921170962907e-05,0.14423904991714567,1.1034921539906829e-06,3.702494024964507e-09,1.629579253149739e-05,0.0001874892734437194,1.573755539902692e-05,1.4721379559522407e-08,0.0024334115839273382,0.007194520952094919,7.088221139063544e-10,1.587336993316371e-09,1.6479927003191954e-05
4,7.586726869859236e-07,0.08582860080010661,0.0010106723945668714,1.6803930445633662e-07,0.0016762421156530274,2.2400328689684485e-05,5.666451740465695e-07,1.715505924913363e-10,1.207382670395323e-08,1.6462255096535582e-06,0.00046618164650359396,0.7636561492063564,3.07419194434656e-05,0.1390713041703936,8.445175478713592e-07,3.279262137805281e-09,1.533160969209115e-05,0.0001827236877202336,1.3111873854521195e-05,1.2611561258253106e-08,0.0020917673779264306,0.005916789480804334,6.567997755919946e-10,1.2766752887897796e-09,1.39692183906529e-05
5,9.422898114693624e-07,0.07149523344684151,0.0010766022789873775,1.980104843155986e-07,0.001588317065167374,2.1261057485954428e-05,5.71034839372461e-07,1.7336516740316126e-10,1.2919546325342154e-08,2.11336074691672e-06,0.0004169291569136376,0.7674650100849745,2.5483185890607577e-05,0.14950746200958537,7.522624845815935e-07,3.5914125122362037e-09,1.6695268798185518e-05,0.0002756391219111404,1.0953180547872314e-05,1.5817950487488204e-08,0.0022432706435810837,0.005835064697661979,6.831292554837363e-10,1.7450893589590876e-09,1.746691279361226e-05
6,8.963381454468491e-07,0.09565605034276621,0.0012314556703090307,1.7900131011300046e-07,0.0018555070448831826,2.6832491390159276e-05,6.530956419265775e-07,1.985903683792578e-10,1.4469342086758036e-08,2.071916026975324e-06,0.0004753016768746227,0.7466184716198169,2.8456921170962907e-05,0.14423904991714567,1.1034921539906829e-06,3.702494024964507e-09,1.629579253149739e-05,0.0001874892734437194,1.573755539902692e-05,1.4721379559522407e-08,0.0024334115839273382,0.007194520952094919,7.088221139063544e-10,1.587336993316371e-09,1.6479927003191954e-05
7,1.0651243991715607e-06,0.11963396286942321,0.00226339420157504,1.711022974235359e-07,0.0016492201855835636,2.4529295583939417e-05,5.419858133766158e-07,2.5432553827540605e-10,9.026767229113575e-09,1.510912071061582e-06,0.0005675597164319113,0.7810842920910211,5.4322999777718966e-05,0.08673334219500879,8.68931662386479e-07,2.862161950555598e-09,1.5267714194983902e-05,0.00014699634691717038,2.1388066362351953e-05,1.0479620087298425e-08,0.002216030892076315,0.005578457714022379,3.603993785187741e-10,1.251553351276619e-09,7.053420950406887e-06
8,1.2716826163639015e-06,0.11595583428348738,0.0017277544564876272,2.821446598941583e-07,0.003047325341109115,3.0330610778114214e-05,8.980715595668065e-07,2.2475460393438599e-10,2.964405435664441e-08,3.858418975162023e-06,0.0006918991868388088,0.6180326026107295,2.4910388989561587e-05,0.24580568483416657,2.124453736373952e-06,4.390064414921561e-09,1.7677039686643844e-05,0.00023732406240996426,1.5869845746226806e-05,2.171977894800924e-08,0.0031409203820135017,0.011228523691107365,1.1751440366973556e-09,4.258892054250166e-09,3.4847082213949306e-05
9,6.601105328572145e-07,0.09470139122470621,0.0007413389574017956,1.0557744744188449e-07,0.0013946908053703968,2.095965784281506e-05,6.097357083664422e-07,1.4745316886443195e-10,9.291412934751315e-09,1.210247419703323e-06,0.00032713717582892,0.7988002161777761,2.449858292129702e-05,0.09688881150732315,7.601449772042948e-07,2.832818129651946e-09,1.2256050028769953e-05,0.00015112950419416343,1.3638494408448928e-05,9.076649029716255e-09,0.0018682257090020605,0.005039177595147311,4.697510079914052e-10,6.998765400515976e-10,1.3160224002309266e-05
10,8.963381454468491e-07,0.09565605034276621,0.0012314556703090307,1.7900131011300046e-07,0.0018555070448831826,2.6832491390159276e-05,6.530956419265775e-07,1.985903683792578e-10,1.4469342086758036e-08,2.071916026975324e-06,0.0004753016768746227,0.7466184716198169,2.8456921170962907e-05,0.14423904991714567,1.1034921539906829e-06,3.702494024964507e-09,1.629579253149739e-05,0.0001874892734437194,1.573755539902692e-05,1.4721379559522407e-08,0.0024334115839273382,0.007194520952094919,7.088221139063544e-10,1.587336993316371e-09,1.6479927003191954e-05
11,8.367546846249474e-07,0.09163021926393583,0.0011647684503967397,1.7560037493538983e-07,0.0017494856133649483,2.5659616228897198e-05,6.354097777221512e-07,2.037284192657182e-10,1.3288020855074361e-08,1.880518569922268e-06,0.0004571669847586651,0.7609824463875087,3.081345762621201e-05,0.1348198741270855,9.977360450838304e-07,3.7039045071439207e-09,1.6194180335172482e-05,0.00018085994053400263,1.5571932598506352e-05,1.406674820302599e-08,0.0022696872088772495,0.0066380682335156925,6.729469773866205e-10,1.403636679435003e-09,1.4625244795965325e-05
12,2.730893894215546e-07,0.05578710469389899,0.0003050577256690837,8.905393263649502e-08,0.002908047021693978,1.343531502697611e-05,2.491504720783731e-07,2.005793288163062e-11,4.374480205338183e-09,4.7498365101851354e-07,0.00021256967804462773,0.735669677043455,9.813510281080398e-06,0.20264289295905616,2.2985880317687085e-07,1.4053049595830208e-09,4.32206016443442e-06,0.0002681581723081612,2.704484799156307e-06,7.829101005169754e-09,0.0011994463900028062,0.0009513761422063104,6.344422040061687e-10,3.7040628634627575e-10,2.406403335248623e-05
13,1.7265945419466854e-06,0.12594153010595568,0.0017125647687213702,2.0453391944463393e-07,0.0021834104533322955,4.977192485270756e-05,1.333801655194882e-06,4.621373470500615e-10,3.2914268663396474e-08,5.2312161657904106e-06,0.0001929482929846671,0.7126075796599434,2.1796840031138683e-05,0.14203263414986078,1.2043005478774641e-06,6.565800622610263e-09,2.200142116699495e-05,0.0003167319300772629,2.6508315912167327e-05,3.475261295997205e-08,0.0030480343334303266,0.011794613152609577,8.463498196619584e-10,1.938258816331915e-09,4.009672486314118e-05
14,6.573464800692876e-07,0.09963705268271876,0.0008581889094818394,1.0368304799112461e-07,0.0015159276002043574,2.404363405732101e-05,4.640994201711238e-07,1.2007220429082216e-10,8.674339943538865e-09,1.3085634706911752e-06,0.0003974864439134088,0.7805260626775413,2.6716311763697567e-05,0.11017456030674198,7.241860090316698e-07,2.7428412361391744e-09,1.1383908282579624e-05,0.0001357924331815015,1.5112098496463393e-05,9.696757962628008e-09,0.0019217800280362319,0.0047415681384316635,4.663084682139243e-10,8.509843974355137e-10,1.1044397416788966e-05
15,8.963381454468491e-07,0.09565605034276621,0.0012314556703090307,1.7900131011300046e-07,0.0018555070448831826,2.6832491390159276e-05,6.530956419265775e-07,1.985903683792578e-10,1.4469342086758036e-08,2.071916026975324e-06,0.0004753016768746227,0.7466184716198169,2.8456921170962907e-05,0.14423904991714567,1.1034921539906829e-06,3.702494024964507e-09,1.629579253149739e-05,0.0001874892734437194,1.573755539902692e-05,1.4721379559522407e-08,0.0024334115839273382,0.007194520952094919,7.088221139063544e-10,1.587336993316371e-09,1.6479927003191954e-05
16,7.205123634777398e-07,0.07201733063105681,0.0008793292650688908,1.4529437118985325e-07,0.001404836772230972,1.9396995859292743e-05,5.540345532058596e-07,1.3500513001531564e-10,9.72965753960968e-09,1.9299669848851844e-06,0.00038198002546962714,0.7709995447430936,2.088548917940494e-05,0.1450434992890765,7.753233775927506e-07,2.8383692769000125e-09,1.3594616408060496e-05,0.00022145039575039726,1.0825224272009081e-05,1.3248749574461523e-08,0.002546781321256078,0.006419297101736436,5.775422600956954e-10,1.2462830745997055e-09,1.709522228467642e-05
17,6.843631796057771e-07,0.06900903094487945,0.0007895978102553791,1.172924007541123e-07,0.001274420074801671,1.54511292884944e-05,4.386414664293344e-07,1.3806251241611105e-10,8.492837064623978e-09,1.3381139048083847e-06,0.00032547609349238305,0.7964302168193004,2.2624230745020614e-05,0.12416617892142122,5.73239692260164e-07,2.2932029501308852e-09,1.3004297230033542e-05,0.00020294902556462546,1.0990569637337562e-05,1.1673214238935468e-08,0.0019958545338241017,0.00572628390355095,5.506234537463035e-10,8.949613466731548e-10,1.474595246351608e-05
18,6.668727135113553e-07,0.06232301925365235,0.00038498645458163853,7.203419224957224e-08,0.000719256472047485,1.208457635011578e-05,4.312011632284305e-07,1.0392824927950695e-10,9.008073052249382e-09,1.3637948661126302e-06,0.00022792067357004384,0.8069111618267962,1.7248946459594262e-05,0.121399881556872,3.816540069466314e-07,2.0314854683932466e-09,1.552020386511867e-05,0.0002492008402833111,8.131074483686934e-06,1.003283158389981e-08,0.0013919292989520635,0.006315022306073428,5.275983045026927e-10,7.037749079246609e-10,2.1698551379196473e-05
19,6.662956726435883e-07,0.08229284137759002,0.0012305840243991906,1.7008260194101214e-07,0.0018859948544745285,1.988993160315767e-05,5.491939627484695e-07,1.8957332347240991e-10,1.0067426920313012e-08,1.5092235582728253e-06,0.00040571169010461777,0.7847693719421293,2.9918131908006765e-05,0.1209588362795321,8.317141631903821e-07,2.9972157027754164e-09,1.2832096577069157e-05,0.00016391719228116557,1.3808898737768521e-05,1.204748668394666e-08,0.002200233809986256,0.006001062972302148,4.915752096899887e-10,1.0723077165238787e-09,1.1243422830448576e-05
20,9.493335395779246e-07,0.1104907673199191,0.0017984799335866324,2.613065362325175e-07,0.0023583269512794554,3.4921263254903215e-05,1.191658944613295e-06,4.136795147830701e-10,1.8446881050622883e-08,2.772729502046115e-06,0.0007649364670520789,0.7008053721224009,3.232876934983943e-05,0.1631324130989331,3.5967886754673167e-06,4.729623974144268e-09,1.7983348587774416e-05,0.00013898982901855864,2.663449948769161e-05,2.030428063543518e-08,0.004610353374637381,0.015759904392505592,1.2257763727161874e-09,2.4451642285289725e-09,1.9769247383443547e-05
21,8.559798666715504e-07,0.09057715459139846,0.0011153236650872792,1.6851296616644333e-07,0.0017996872457113494,2.4133572222314977e-05,5.831444570075938e-07,1.7307781680132273e-10,1.3038572933126694e-08,2.0068953221007266e-06,0.00045760419831795485,0.7543892252212818,2.671540529614576e-05,0.1424599172954158,9.501542304975961e-07,3.488092223288746e-09,1.5037373224555306e-05,0.00019205608791546806,1.4272802762069617e-05,1.378839193116617e-08,0.0024071287111082145,0.006501310221690236,6.563979161191577e-10,1.471643159844053e-09,1.5836305549884546e-05
22,8.119126239311551e-07,0.06407025289140686,0.0012897792883102808,2.051815144096179e-07,0.0012649829847515021,2.2086442392407245e-05,4.325066821757762e-07,1.5707693817941e-10,9.230980829478774e-09,2.1896790589036927e-06,0.000524587823941783,0.7797835300336706,2.575881003084833e-05,0.14343566449052073,8.241421889802626e-07,3.3834921168797533e-09,1.9843672509304863e-05,0.00022154762461012832,1.0769062643994299e-05,1.3020671378222516e-08,0.002685791086808612,0.006629654975122903,5.532190458328071e-10,1.772903643646374e-09,1.1259272867777127e-05
23,8.963381454468491e-07,0.09565605034276621,0.0012314556703090307,1.7900131011300046e-07,0.0018555070448831826,2.6832491390159276e-05,6.530956419265775e-07,1.985903683792578e-10,1.4469342086758036e-08,2.071916026975324e-06,0.0004753016768746227,0.7466184716198169,2.8456921170962907e-05,0.14423904991714567,1.1034921539906829e-06,3.702494024964507e-09,1.629579253149739e-05,0.0001874892734437194,1.573755539902692e-05,1.4721379559522407e-08,0.0024334115839273382,0.007194520952094919,7.088221139063544e-10,1.587336993316371e-09,1.6479927003191954e-05
24,5.928353295192761e-07,0.07394694344917627,0.0008731156175818892,1.7112794189124324e-07,0.002066254482560858,1.8908896709047354e-05,4.490621748623014e-07,1.3018860308299033e-10,1.0630421458374343e-08,1.3859984993444374e-06,0.000411598907590436,0.763666271167515,2.7056925542694616e-05,0.15258193932939318,6.449183813700269e-07,3.1284993048177963e-09,1.1842767204344985e-05,0.00018231512364799173,1.0148433221806363e-05,1.1680536651516043e-08,0.0018405298148445816,0.004346933481947143,6.085083697909419e-10,1.0774587023311837e-09,1.2870405124763959e-05
25,8.629042678031988e-07,0.08390668228608138,0.0012291543096606178,1.8582056982506124e-07,0.001786554417195495,2.1431393622124124e-05,6.295466169681797e-07,2.1806500860650337e-10,1.1721027388031166e-08,1.7885046806690763e-06,0.0004997250877845401,0.775957284915618,3.1444816889880764e-05,0.127114488674473,1.0146571449183412e-06,3.5005814044174364e-09,1.5084941333018453e-05,0.00018524598320952563,1.5775528687264785e-05,1.3597990727754797e-08,0.0025400750570805253,0.006679318318817584,6.504572087191986e-10,1.3663054147292706e-09,1.3221781839718326e-05
26,1.7791154967995046e-06,0.13359573905779512,0.0017308417313697064,3.2793010142260586e-07,0.0027395122908706543,4.144578908302984e-05,8.15335905721256e-07,3.39921463289136e-10,4.1389611928314335e-08,2.7666238538144602e-06,0.0006919272825035728,0.6936352955827548,3.745666826501808e-05,0.1573857875821535,1.6737555368091981e-06,6.16548890620555e-09,2.7754164087373e-05,0.00022582874716126566,1.860456407393713e-05,2.155442109392916e-08,0.002386502657558958,0.007451572861294418,1.5157011771917027e-09,4.437588000334312e-09,2.4292857401378693e-05
27,1.0709362294068064e-06,0.11810664939320581,0.001303127272472071,2.0925758518894593e-07,0.002275101242943645,3.431487988613504e-05,1.0285995767002366e-06,2.8141201489280824e-10,2.9496210769918875e-08,3.3961175914347595e-06,0.0006034715581735374,0.6741073372395672,2.8549026688407053e-05,0.1871117302902743,2.1894792507698817e-06,4.929390397524962e-09,2.003560845152278e-05,0.00017649847611236349,2.0765488086212525e-05,2.160734534422053e-08,0.0027683346352325713,0.013408710215646253,1.11852335841445e-09,2.8255759427082884e-09,2.742002456867261e-05
28,8.963381454468491e-07,0.09565605034276621,0.0012314556703090307,1.7900131011300046e-07,0.0018555070448831826,2.6832491390159276e-05,6.530956419265775e-07,1.985903683792578e-10,1.4469342086758036e-08,2.071916026975324e-06,0.0004753016768746227,0.7466184716198169,2.8456921170962907e-05,0.14423904991714567,1.1034921539906829e-06,3.702494024964507e-09,1.629579253149739e-05,0.0001874892734437194,1.573755539902692e-05,1.4721379559522407e-08,0.0024334115839273382,0.007194520952094919,7.088221139063544e-10,1.587336993316371e-09,1.6479927003191954e-05
29,8.963381454468491e-07,0.09565605034276621,0.0012314556703090307,1.7900131011300046e-07,0.0018555070448831826,2.6832491390159276e-05,6.530956419265775e-07,1.985903683792578e-10,1.4469342086758036e-08,2.071916026975324e-06,0.0004753016768746227,0.7466184716198169,2.8456921170962907e-05,0.14423904991714567,1.1034921539906829e-06,3.702494024964507e-09,1.629579253149739e-05,0.0001874892734437194,1.573755539902692e-05,1.4721379559522407e-08,0.0024334115839273382,0.007194520952094919,7.088221139063544e-10,1.587336993316371e-09,1.6479927003191954e-05
30,8.963381454468491e-07,0.09565605034276621,0.0012314556703090307,1.7900131011300046e-07,0.0018555070448831826,2.6832491390159276e-05,6.530956419265775e-07,1.985903683792578e-10,1.4469342086758036e-08,2.071916026975324e-06,0.0004753016768746227,0.7466184716198169,2.8456921170962907e-05,0.14423904991714567,1.1034921539906829e-06,3.702494024964507e-09,1.629579253149739e-05,0.0001874892734437194,1.573755539902692e-05,1.4721379559522407e-08,0.0024334115839273382,0.007194520952094919,7.088221139063544e-10,1.587336993316371e-09,1.6479927003191954e-05
31,1.1748829303001632e-06,0.07838209851559762,0.0015554120649403258,1.3590298228525606e-07,0.001461885427968796,1.5727647941805204e-05,4.6486745238320266e-07,2.574102329732855e-10,8.501948754604638e-09,1.4589311592823033e-06,0.00028670038325164724,0.8189828226713924,2.9853128386307746e-05,0.09091623282269873,5.551096500778654e-07,2.460375626587904e-09,1.3955907198958905e-05,0.00024171819499291502,1.872748742785927e-05,1.4502925274431182e-08,0.0022063155990909695,0.00587129825213019,4.797181451300866e-10,9.610329154971244e-10,1.3435039396151818e-05
32,8.850536990666107e-07,0.09564399605874277,0.001231364571842661,1.618847292577382e-07,0.0018565849933079959,2.6912810749488035e-05,6.659135959842245e-07,2.155143431341262e-10,1.3833533218073772e-08,2.0081081378437054e-06,0.0004569083672161957,0.7534665928326086,2.9179496963861982e-05,0.13692098372670222,1.1377900683604819e-06,3.717189623414658e-09,1.5441693707905935e-05,0.00017515727562374063,1.8739860755143917e-05,1.561108070922416e-08,0.0024548432394701962,0.007682129497881459,7.223849725012851e-10,1.432522592807561e-09,1.627129197187108e-05
33,5.331045142258568e-07,0.05817730549816056,0.0006193555811910666,1.0511503164009147e-07,0.0007349547868929345,1.5309669949568005e-05,3.90965023877685e-07,1.4792413061303623e-10,8.036006341311629e-09,1.2713725566176977e-06,0.0002678964445188284,0.828602422410336,3.2502853471721845e-05,0.10450475163546126,3.382207407869773e-07,2.6381379414543064e-09,1.9382560896284346e-05,0.00017513241141302693,9.58611994964077e-06,8.92574908465961e-09,0.001108944427749924,0.005721861907048479,3.2751857740224363e-10,6.227190901191897e-10,7.934217038419462e-06
34,2.1023292698760726e-06,0.15634179581819932,0.0016855217178182716,1.3012607256581314e-07,0.0029527874577488893,2.0702550542179288e-05,6.660983105988887e-07,3.1418024634214826e-10,2.6786083083430498e-08,2.562441507319244e-06,0.0007324866687739627,0.6914802139840018,4.1377594096666793e-05,0.1327137430745392,1.4410903752132566e-06,3.517588190923773e-09,1.3239617458100552e-05,0.00016081989771586153,5.0874667200451715e-05,1.8330009097669485e-08,0.0023947163232362714,0.011380694452621657,1.002902603765506e-09,2.366415918914057e-09,2.4071773332697704e-05
35,2.260732423664769e-06,0.06684877918604634,0.0006002036788656267,7.681437779444388e-08,0.000556566361927986,5.72444004499891e-06,3.747708982191054e-07,2.669432499284029e-10,1.3615304362930282e-08,1.613668492890097e-06,0.0001420738849532607,0.8822418194277397,2.5774830736074245e-05,0.043535675228995735,1.4228958060862975e-07,2.193001344313187e-09,2.0747346621325995e-05,0.00042234304063432137,1.177859046746219e-05,7.99404402334868e-09,0.0009227846637464838,0.004647965080864924,2.1289586047052721e-10,6.524821635291819e-10,1.3271027911493226e-05
36,1.0705561236191967e-06,0.112513898946083,0.0016280114987649375,2.0988613781041878e-07,0.0026138618252562235,2.970120986103302e-05,7.099791550005474e-07,1.9652292005453433e-10,1.5362893910398197e-08,2.453649627022092e-06,0.0005758781679264683,0.7122947183028472,2.8451162932836594e-05,0.16005019480585211,1.3664280107956235e-06,3.79112971418944e-09,1.3592113485338238e-05,0.0002004751556255093,1.798895411543086e-05,1.6566289032873362e-08,0.0031568545932639702,0.0068513008180215995,7.791977799588483e-10,2.052373041534203e-09,1.9223198503468527e-05
37,8.69178960240916e-07,0.09739627887127793,0.0012021562624011737,1.7542054467146597e-07,0.0018628736329374263,2.7406303439029276e-05,6.682254412352093e-07,2.0179814168590354e-10,1.4633450524567123e-08,2.0505397010655976e-06,0.00046798642151662585,0.7458752964304162,2.860031734910496e-05,0.14315920358244444,1.1247894222031187e-06,3.731398652795848e-09,1.6224997556584323e-05,0.00018014613204179154,1.6049961235752604e-05,1.4656843712548993e-08,0.0024355271452712185,0.0073108693463396855,7.145673164092901e-10,1.5133552552981631e-09,1.6456990290088128e-05
38,6.462224067521728e-07,0.08682020513284747,0.0011747162328035858,1.4920609020046935e-07,0.0012588244209269176,4.8755430142689333e-05,7.372790082826419e-07,2.2688108160377476e-10,8.095941048694915e-09,1.4644541068457716e-06,0.00046573740529933855,0.80174172104411,3.338543294573126e-05,0.09944043763720813,1.4463793674493658e-06,4.981056192763298e-09,1.6593026459046358e-05,0.00012403106411293957,2.247411602717181e-05,1.4700934087636907e-08,0.002881542176487755,0.005957791520217169,7.618953836405053e-10,1.0469640744711697e-09,9.312005760632812e-06
39,8.017999588793896e-07,0.08021599710121663,0.0011499517986386881,1.7188698755411205e-07,0.0015479350160222233,2.7657272315936073e-05,7.351454506151229e-07,2.4552896821669087e-10,1.029735672594886e-08,1.7541656777046168e-06,0.000383573292068104,0.7887542425944805,2.5173947336212732e-05,0.11686027684360066,1.2469894025999682e-06,3.797304605013081e-09,1.6253978538961047e-05,0.00018105905571906816,1.7447355909730863e-05,1.5823935272063832e-08,0.003198265662987458,0.0076001211365487025,8.288756590435008e-10,1.21212116593254e-09,1.7302752017568732e-05
40,4.8417296758857296e-06,0.08389584245123717,0.0005961513290870545,1.3082442173173113e-06,0.0010425520438670842,2.7309971789195605e-05,2.3711470531903613e-06,1.168546655630969e-09,1.881070087349623e-07,8.95845646390669e-06,0.0010972057401131188,0.73171431357378,7.723101576899748e-05,0.16940701812527664,1.1751851845788583e-06,2.289090617933892e-08,0.000140054170329713,0.0007833667517865372,9.325373881569867e-06,2.5308531219611617e-08,0.002586134214530372,0.00856091101498464,3.937989422739118e-09,1.2838916167208264e-08,4.367520907460307e-05
41,1.1002935612390119e-06,0.19978590259733386,0.0019095517010523555,3.167244999971111e-07,0.004296543466324324,4.2679389200292616e-05,7.388939673151024e-07,2.293087256880257e-10,4.0029585516270226e-08,2.571358987136579e-06,0.0006083037989704974,0.6150714286445524,3.91959066062323e-05,0.17096270037030512,1.41824598310387e-06,4.980931592255925e-09,1.8810534677428374e-05,0.00014534588970719484,1.4012733565773523e-05,1.2579853778173508e-08,0.001894621798824471,0.00518780160578402,7.358226603371479e-10,2.581704573138226e-09,1.6894908890210267e-05
42,8.480009210505399e-07,0.09491554527716486,0.0014876643188153455,1.4590338730862607e-07,0.0016540272640364877,2.448233365366468e-05,6.713890402742022e-07,3.116582410249241e-10,1.2601166935973235e-08,2.095324517371636e-06,0.0004225168509426747,0.7734925617726671,3.053112574927617e-05,0.11301931547613005,1.3344007768286089e-06,3.4129124204233022e-09,1.6005901101110656e-05,0.00013408692003045878,2.6098397325136178e-05,1.6071344981254634e-08,0.0029254054443741523,0.011833699399625868,6.151042346786285e-10,1.225211307517142e-09,1.2930262342692818e-05
43,1.4823831532947287e-06,0.11440962303976852,0.002149949237950212,3.531357835728329e-07,0.0029992039502521857,5.635807840589002e-05,1.3755500966168338e-06,4.890746700395245e-10,4.625503659503024e-08,1.005008429920071e-05,0.0006604725661243023,0.5972828226786379,3.530056996108529e-05,0.2569581536034835,2.545351131124666e-06,9.20060267323258e-09,2.594357720759072e-05,0.00023886711132740235,3.143826800196527e-05,5.013658428569848e-08,0.004470858492806641,0.020633869989790082,1.4268918386543235e-09,4.909543446682821e-09,3.121991408543633e-05
44,8.963381454468491e-07,0.09565605034276621,0.0012314556703090307,1.7900131011300046e-07,0.0018555070448831826,2.6832491390159276e-05,6.530956419265775e-07,1.985903683792578e-10,1.4469342086758036e-08,2.071916026975324e-06,0.0004753016768746227,0.7466184716198169,2.8456921170962907e-05,0.14423904991714567,1.1034921539906829e-06,3.702494024964507e-09,1.629579253149739e-05,0.0001874892734437194,1.573755539902692e-05,1.4721379559522407e-08,0.0024334115839273382,0.007194520952094919,7.088221139063544e-10,1.587336993316371e-09,1.6479927003191954e-05
45,1.0990694646042402e-06,0.12683004208838178,0.003016388763639325,4.204654061469754e-07,0.0028390389293244966,7.848740610142248e-05,1.9207924246985366e-06,6.886879696181234e-10,2.6130685847082733e-08,3.5655503465480454e-06,0.0008037925505512889,0.6937265569051233,4.7071813384132275e-05,0.15427857363159148,5.540521654426646e-06,9.842773405797542e-09,2.5484633141009827e-05,0.00014239182745757057,3.63314338156993e-05,2.8694852353209724e-08,0.0042328978048517445,0.013913866245457802,1.3105369103813685e-09,3.420388025671325e-09,1.645947995797456e-05
46,7.221313637947731e-07,0.04588610831875961,0.0007806739408626315,2.0275621490543603e-07,0.00041526269813112237,3.117531629014186e-05,3.6931571745874267e-07,2.3387855422019714e-10,7.941304293647145e-09,1.3027843957252896e-06,0.00035800568374247437,0.8736886170329282,3.385002840719227e-05,0.07212136795189779,5.31937547380223e-07,4.954814898802358e-09,4.609039859946443e-05,0.0001857187973017315,8.040303466261437e-06,9.924456197565028e-09,0.0016040302902947687,0.004832642552233502,5.501804300558626e-10,1.3453679885587129e-09,5.262811843362046e-06
47,8.938287479886019e-07,0.08943512694831171,0.0008520876921520764,1.0084414298191304e-07,0.0011418658413252147,1.9429534766150947e-05,5.652906858161171e-07,1.91400181502777e-10,1.1512048950365959e-08,1.7292612830756794e-06,0.00031205374028526567,0.7997356284203206,2.4267676961398945e-05,0.09845015287141493,7.477598356015271e-07,2.8517879168211697e-09,1.5670216128389024e-05,0.00017491554590442883,1.6883685162399643e-05,1.2090058417117144e-08,0.001962018964086232,0.007840584439192246,4.95955319793201e-10,9.600020181963322e-10,1.5249338040831837e-05
48,7.481308995933669e-07,0.09778735498035333,0.0009874848615738748,1.1755478039593421e-07,0.0005369225226055323,5.835225435781276e-05,6.531281980338795e-07,4.5426417080269225e-10,9.433468449110811e-09,9.781958399632601e-07,0.00025790854431458494,0.8497569633809,5.733312333012811e-05,0.0439885175207092,7.345744917254767e-07,5.542684651338224e-09,3.656736484415938e-05,8.951812735066664e-05,2.7778227427400884e-05,9.895298317036115e-09,0.0013770093009400513,0.005030641136084474,4.830465238769481e-10,5.222284682420711e-10,4.39074000842165e-06
49,4.3690282369595245e-05,0.33666008576195766,0.00044805880136462064,5.110752966523328e-06,0.05160487269435469,1.2783474169202893e-05,9.09807832117435e-06,1.238193180650855e-09,6.6626727541180466e-06,1.6037626693238688e-05,0.01222373259106126,0.07522105862679146,4.542604743675072e-05,0.5177147317139017,2.2607917953998755e-05,6.473467346282833e-08,2.339645440237173e-05,0.0004579469018530954,1.8926471897889523e-05,1.5603980636425298e-08,0.0019397623147597172,0.0026107029339247885,1.0022896135484753e-07,2.4220004409244124e-07,0.0009148838752134267
50,1.5270982601454385e-06,0.12471771561534217,0.0013031069863625822,1.4859438978508614e-07,0.0025909579644574233,2.0621548805735385e-05,1.5620908629357473e-06,3.5621601579053524e-10,2.8188810728824845e-08,5.794816905240671e-06,0.00039178518275593627,0.6663153616464277,2.5677327485251924e-05,0.18273367993491169,1.6961481917427435e-06,4.5849449690995755e-09,1.3469576191005958e-05,0.0002757873607104224,3.2360252186517175e-05,2.7120506151537433e-08,0.0031987130349163807,0.018320609826907395,7.757596883592355e-10,1.8864284428120168e-09,4.936208126393851e-05
51,9.382838233154599e-07,0.06860133304377368,0.0009591188620708308,1.1291944731624139e-07,0.0013669434463870732,2.940903326211188e-05,7.043095337178192e-07,1.8631532304760683e-10,9.56269014940314e-09,1.7649569843743327e-06,0.00038635196666467414,0.784661572989401,2.1539423283365103e-05,0.13333050718609366,1.2067199936623622e-06,3.915826571220464e-09,1.4675996450022571e-05,0.0002322399114637134,2.287849027892847e-05,2.178865481132224e-08,0.002592560135877994,0.007751138363415625,1.093832878014677e-09,1.2851305579443254e-09,2.4966129344696427e-05
52,1.4075276034181104e-06,0.05151072101554975,0.0021160448977998654,5.460106337134747e-07,0.0018120085027311472,4.1109027933057826e-05,6.665485227627182e-07,2.0589450029812756e-10,2.129026291685982e-08,5.776648743816207e-06,0.0009824395056808849,0.6634711106536866,4.1951074866249266e-05,0.27047261474898665,1.0668335770683077e-06,8.678381592294125e-09,3.1458121043781866e-05,0.0004984461910184616,9.937508724306726e-06,3.302261092330764e-08,0.0023275037725617154,0.006659904069111969,9.677599025263717e-10,7.209962203825641e-09,1.521596635285215e-05
53,9.441785829564619e-07,0.10543243318521076,0.0009738290752253893,3.3682378102195184e-07,0.002642089317908127,4.130913585347777e-05,2.5734146403281875e-06,4.1552823723736226e-10,3.667715129931736e-08,3.116691032917023e-06,0.000651165863145085,0.6641815982082266,3.39328617402692e-05,0.2116738325247674,3.4986062861305096e-06,7.927213885359945e-09,2.0479446116405517e-05,0.0002315859076167708,1.741404783580856e-05,2.706330126123041e-08,0.0031198213305833012,0.010929079163993521,2.033364682880514e-09,2.8122455365984e-09,4.0883288648688564e-05
54,1.179577341965165e-06,0.06278877607479065,0.0059350024058791315,7.77058789006103e-07,0.00327106827271488,5.245733615491511e-05,7.817225173692444e-07,5.09341289791894e-10,1.3617130501177138e-08,3.272173024608672e-06,0.0013775146205578352,0.6907399748210606,5.775172762669665e-05,0.2187897382497729,3.001585511993278e-06,6.562534828960001e-09,2.6184373958865686e-05,0.0002221842905426356,2.6595811868054266e-05,3.7186532775236155e-08,0.0057531949005444226,0.010940283376291127,1.4959711687742585e-09,5.6692918792700934e-09,1.0196580249991578e-05
55,1.188654228683698e-06,0.09938089936486469,0.0070613806556964484,6.902251836447743e-07,0.003320613811093069,0.00017181730080830505,1.6221881404445054e-06,9.14606891374613e-10,2.984270012284275e-08,1.0317204056955387e-05,0.0015536154499970966,0.4389646608358434,5.962241468268787e-05,0.4007143512452336,1.0014072082786965e-05,1.1971477541525678e-08,3.7623175851605225e-05,0.00013128623922442926,6.55398543029266e-05,8.724194460649654e-08,0.00803612964076138,0.04045953954781751,3.2256995843685298e-09,9.425203575941416e-09,1.8945498498267194e-05
56,8.426289385719586e-07,0.09273880199047077,0.001161220265260085,1.7310812183988519e-07,0.0017742867521040278,2.4965447194966932e-05,6.24511632677444e-07,1.928699968898261e-10,1.349120130619082e-08,1.8715283717232703e-06,0.000471542873303087,0.7579571769293049,3.072536507312e-05,0.13685931145975141,9.86672119451085e-07,3.578878664937189e-09,1.5771973157430103e-05,0.00018378284536313495,1.5019766900552123e-05,1.3793220451511391e-08,0.0022170458658471214,0.006530964771661875,6.578563777624717e-10,1.4477447809106713e-09,1.4852083651779381e-05
57,5.516566667540763e-07,0.06044506072858126,0.0009583476177439514,6.818630779160593e-08,0.0011513603284530822,1.3766788583571966e-05,3.635913890492831e-07,1.7195582833532957e-10,4.811781623618063e-09,1.0416653038594402e-06,0.0002510325218120436,0.8506124012225603,2.0882523696628564e-05,0.07636381268827652,6.316931812217121e-07,2.0046893229810166e-09,9.302493543319394e-06,0.00011757274482799025,2.3422655029407123e-05,1.1313842438092756e-08,0.0021769896743176736,0.00784446708007265,3.600564581694193e-10,4.885672095020964e-10,8.90498876013288e-06
58,1.0145875779822168e-06,0.0994597092385085,0.0014487404847601045,2.1496420737073362e-07,0.001999399025666986,3.0409259007337946e-05,7.265648698466471e-07,2.2519185567728584e-10,1.7648596341329765e-08,2.4662345744781747e-06,0.000582395342899639,0.7279290154452411,3.08409914055459e-05,0.15742133509781098,1.424128037071765e-06,4.278943549290779e-09,1.8136607530698743e-05,0.00019394600088312082,1.693727111641118e-05,1.704185250311514e-08,0.002611355052161193,0.008234153049605475,8.262713369723168e-10,2.3167944979788532e-09,1.7738316485805433e-05
59,1.087179168871688e-06,0.0989584040346327,0.0016456082020495607,2.4419372728762786e-07,0.00221801640365921,3.153042807813434e-05,7.552630117535266e-07,2.3799692719469293e-10,1.8902561773822562e-08,2.8352535953271628e-06,0.0006206393222661083,0.7157362247030455,3.025830727091974e-05,0.16898881607715074,1.5640402756313767e-06,4.643020128544748e-09,1.8590531305065966e-05,0.0002089580318994934,1.7294590209149926e-05,1.880758307712397e-08,0.002848600548278869,0.008651650814350818,8.705982466988579e-10,2.747564387005344e-09,1.8875866700444857e-05
60,8.963381454468491e-07,0.09565605034276621,0.0012314556703090307,1.7900131011300046e-07,0.0018555070448831826,2.6832491390159276e-05,6.530956419265775e-07,1.985903683792578e-10,1.4469342086758036e-08,2.071916026975324e-06,0.0004753016768746227,0.7466184716198169,2.8456921170962907e-05,0.14423904991714567,1.1034921539906829e-06,3.702494024964507e-09,1.629579253149739e-05,0.0001874892734437194,1.573755539902692e-05,1.4721379559522407e-08,0.0024334115839273382,0.007194520952094919,7.088221139063544e-10,1.587336993316371e-09,1.6479927003191954e-05
61,1.0643374975245708e-06,0.09760226136952546,0.0017269741523197445,2.343304143369395e-07,0.0020845138277980533,3.138094740388592e-05,6.946332587353339e-07,2.43095115805836e-10,1.6727383398908315e-08,2.6043662288303908e-06,0.0005720566905025991,0.7298110369727429,3.095100593402704e-05,0.1567685651453293,1.4086055366850583e-06,4.3113283744495375e-09,1.860536193393261e-05,0.00020347644579600437,1.7486974476659252e-05,1.7963786839082172e-08,0.0028216431593684633,0.008288281691253353,7.879251291780716e-10,2.3796161801231288e-09,1.6717569544453394e-05
62,8.963381454468491e-07,0.09565605034276621,0.0012314556703090307,1.7900131011300046e-07,0.0018555070448831826,2.6832491390159276e-05,6.530956419265775e-07,1.985903683792578e-10,1.4469342086758036e-08,2.071916026975324e-06,0.0004753016768746227,0.7466184716198169,2.8456921170962907e-05,0.14423904991714567,1.1034921539906829e-06,3.702494024964507e-09,1.629579253149739e-05,0.0001874892734437194,1.573755539902692e-05,1.4721379559522407e-08,0.0024334115839273382,0.007194520952094919,7.088221139063544e-10,1.587336993316371e-09,1.6479927003191954e-05
63,8.997125898677635e-07,0.10073243382328441,0.0011894684485891601,1.7018354963174408e-07,0.0018454227277924552,2.6175304616407452e-05,6.486890834598824e-07,1.9405383775135131e-10,1.4678853934500441e-08,2.0146455563261795e-06,0.0004687124635698813,0.7460860422948374,2.8276568867809695e-05,0.13994061590904316,1.0857685029344905e-06,3.5667045523457625e-09,1.597568723244518e-05,0.00018130551702438613,1.563429824644515e-05,1.383672222350091e-08,0.0023626511387288235,0.007085998621167716,6.792075514194723e-10,1.52627004519775e-09,1.643371590529015e-05
64,9.056604893052068e-07,0.09801749099210792,0.0013776148133353887,1.9473102841630388e-07,0.002101775956915636,2.657088388263611e-05,7.024869369537567e-07,2.2196480222335073e-10,1.3198028777611984e-08,2.1208236508024736e-06,0.0005072819927772155,0.7497303520861077,2.7240424286202245e-05,0.13712056644031945,1.3146189814604946e-06,3.589867462898745e-09,1.4367320766058624e-05,0.00017741666061474925,1.7587698443394628e-05,1.562807808621714e-08,0.0033412329555279475,0.007518692170694684,7.694904881028997e-10,1.6155664202431857e-09,1.6536260138082545e-05
65,8.095923690405154e-07,0.15088613588969202,0.0055181560354179635,4.49382991249726e-07,0.0037868371239759644,8.956614748262293e-05,1.347344176081302e-06,4.559337854740101e-10,1.2487542280395893e-08,2.3185395946791766e-06,0.0012580622221932249,0.6331440736012597,4.706070044422309e-05,0.18526545495186025,8.29387067247078e-06,5.315096580923453e-09,1.9256849320596938e-05,9.267990488655467e-05,3.522818767087605e-05,2.2231903035792217e-08,0.006604877343256287,0.01322678464473494,1.3382470299515735e-09,3.4167111083221883e-09,1.2562422567282771e-05
66,8.490071387701775e-07,0.0913208148068867,0.001240099604120085,1.839968036674815e-07,0.0019070403395974253,2.4603954593303768e-05,5.926235701699422e-07,1.7590903160309114e-10,1.3427243097227845e-08,2.0814813156232388e-06,0.00048602750493924134,0.744599575774495,2.7600863231214967e-05,0.15088545150982002,1.0086840898136465e-06,3.4959584404106833e-09,1.562091571289571e-05,0.0001914905633205746,1.4048128096300216e-05,1.3826959186373666e-08,0.002425067500880973,0.006842123625812417,6.479223603114309e-10,1.5870867641796797e-09,1.568595449710321e-05
67,9.978862932676787e-07,0.1048606042093412,0.0013392375007312267,1.861360802131872e-07,0.002119868662234076,2.4369121080465858e-05,6.791697574200112e-07,2.2248386617295906e-10,1.6391386675001652e-08,2.1152904772595914e-06,0.0004843007620481719,0.7455430601801812,2.985732651746694e-05,0.13568328620577785,1.12427720030164e-06,3.738409094339442e-09,1.5729787311930353e-05,0.0001843064985648787,1.7103224212287915e-05,1.3804352811064458e-08,0.0023923411921372363,0.007284441833798524,6.577731588802115e-10,1.5890828345499463e-09,1.6354332766452573e-05
68,7.812388550860808e-07,0.0709223808465036,0.0011094892222384292,1.7583042722909403e-07,0.001398533160880957,2.1905770371686664e-05,5.609578959692379e-07,1.7735095694389605e-10,9.957894723334992e-09,1.591223900471467e-06,0.00039825120785526107,0.7916111223497271,3.069829656394814e-05,0.12706333442035272,6.948618134192688e-07,3.3270651049917486e-09,1.5666968789620634e-05,0.00022898489408970183,1.1874559437623444e-05,1.3346287414310373e-08,0.0020870445618377882,0.00508402016325983,5.811394020135478e-10,1.1988594361318546e-09,1.2860876602291366e-05
69,5.434783817094396e-07,0.05595998447337749,0.0009880418741010169,9.471718941727168e-08,0.0007493661769613676,3.5794297865891494e-05,4.3396479104977983e-07,1.6579191675143653e-10,4.863736896448557e-09,1.4648067963066367e-06,0.0003713393357241234,0.8220917382948366,2.7923161689887726e-05,0.10902278536092705,8.162936669598633e-07,2.8999120364092108e-09,1.535375899385833e-05,0.00013929989476170153,2.1621824128038523e-05,2.02683857339582e-08,0.0029531377591154257,0.007611823294529494,6.86747890100361e-10,8.756742714615683e-10,8.407471913595836e-06
70,6.404783847080638e-07,0.050957742159624154,0.001374255806754823,6.653495221016304e-07,0.002328799673602437,5.129517787810482e-05,6.139856889235381e-07,1.981371129276121e-10,2.5520188361351792e-08,2.648044833845934e-06,0.0004878590417685196,0.6631857408992423,3.93446392490832e-05,0.2763144578815515,7.06530405236352e-07,9.087471182341952e-09,3.357363681631874e-05,0.0003477364284075334,5.195487740543265e-06,2.6170900287244434e-08,0.0014944324770932765,0.0033611329053444905,1.208890343964833e-09,3.4274205373356976e-09,1.3093783084425312e-05
71,7.57192145186915e-07,0.08131602868345544,0.00031898263620089935,1.0967888182775607e-07,0.0015381522037316553,8.428370159585658e-06,3.933500568529936e-07,9.41546916900592e-11,1.8385203645530543e-08,1.3187082640461723e-06,0.00036176381013074577,0.7862340860265655,1.9500980821149267e-05,0.12477904028154004,4.1939148312119403e-07,2.629809607766788e-09,1.2563437164161912e-05,0.00021250828112561934,5.9628635374987985e-06,7.371899939918546e-09,0.0011519062065514605,0.004017597131751803,5.855280609329024e-10,1.1289802614839567e-09,2.0450570857268126e-05
