,0,1,2,3,4,5,6,7,8,9,10,11,12,13,14,15,16,17,18,19,20,21,22,23,24
0,4.119166953784479e-05,0.0010334384035351068,0.0007914426273632364,0.003220683430306406,5.819728670678397e-05,1.3394846346140334e-05,0.044063443232000836,5.42381436333824e-06,0.011260961789462677,6.864088251193468e-06,0.000294216221689677,0.619751592092896,6.136514971717443e-06,0.004273491300948823,0.0023195322154477655,8.849793600143633e-06,6.456591694894257e-05,0.00027025161708799816,1.156043706233948e-05,4.064189741171718e-07,0.011966547576355542,0.021991499000313157,0.0005138099364070675,4.508536197858204e-06,0.27802799123322514
1,4.945031566328315e-05,0.0011559753157680008,0.0011190857684166193,0.0032420661486799434,4.728744062179791e-05,1.369793867571868e-05,0.050072011331034824,5.6640083256433265e-06,0.012734042972980546,9.407722471724942e-06,0.00020861120083442124,0.631453934612527,5.75065563365493e-06,0.0033211583036616634,0.0021785000846017205,1.029153049932563e-05,4.385899827666495e-05,0.0002654974158820301,1.2731486432068845e-05,3.8032039627511997e-07,0.011866897047210105,0.018021533029404766,0.0004196233542005897,4.592730188278766e-06,0.26373795026761343
2,4.366981355195519e-05,0.001029053646524324,0.0006696212806001739,0.002423233526994547,7.19905733652544e-05,9.650308363309733e-06,0.04913440810490535,4.347779390588869e-06,0.008925508837826734,6.776097403492214e-06,0.00022630687942484405,0.5318230499605139,5.0859400313207205e-06,0.004510704395335788,0.0025251224087354906,6.9033935236263234e-06,5.4097507333292416e-05,0.0002513278626443802,7.430059339012728e-06,4.0202331140748096e-07,0.00842712526133031,0.0164629766243698,0.0004634094155774663,2.8234600044394605e-06,0.37291497483959923
3,3.9562635249812034e-05,0.0009904457405934645,0.0007689515714972614,0.0034034708846435602,4.942618636413261e-05,1.1015723666007132e-05,0.04449084683332901,4.642446421257782e-06,0.009016022105103749,7.270121418431882e-06,0.00024959693048181946,0.6117236188985461,5.114192948343433e-06,0.004515475943005674,0.0017630025333663132,6.811839565328434e-06,5.528544582114022e-05,0.0002651822141097801,8.593296064884106e-06,3.5661001311204876e-07,0.010703486162450001,0.01883993849588498,0.0005432015058533276,3.859717846960082e-06,0.29253482196575564
4,3.7392486698098805e-05,0.0009017461152076111,0.0006718760992897933,0.0032321474633230885,4.539244377289239e-05,9.872807832110962e-06,0.03933902775801007,4.015339285374145e-06,0.008538909125049487,6.343673487014816e-06,0.00022754854331433796,0.629105088779267,5.687240636047137e-06,0.004396625124103648,0.0015650972831245849,6.16811262533112e-06,5.7192285662905166e-05,0.00025597394201259244,7.832081462314129e-06,3.4599594557338197e-07,0.010298623758975426,0.018280341481051697,0.0004968012358815188,3.6561125396066296e-06,0.28250629471144184
5,3.7590045255827044e-05,0.0008437461832865623,0.0006417323613820808,0.003777141755458578,3.6168542000291724e-05,9.330811854585138e-06,0.03540815306221817,3.6367694824931194e-06,0.007920893634803363,6.645024805682405e-06,0.00020867035781882992,0.6323260396920458,5.145513618039462e-06,0.004518465155238115,0.0013062261105763506,5.514515320439371e-06,5.647412377887899e-05,0.00031265395108084773,6.692592837396393e-06,3.217267037521771e-07,0.010437526966275002,0.019042380102497623,0.0004919771723313003,3.73100700556831e-06,0.2825931428223244
6,3.9562635249812034e-05,0.0009904457405934645,0.0007689515714972614,0.0034034708846435602,4.942618636413261e-05,1.1015723666007132e-05,0.04449084683332901,4.642446421257782e-06,0.009016022105103749,7.270121418431882e-06,0.00024959693048181946,0.6117236188985461,5.114192948343433e-06,0.004515475943005674,0.0017630025333663132,6.811839565328434e-06,5.528544582114022e-05,0.0002651822141097801,8.593296064884106e-06,3.5661001311204876e-07,0.010703486162450001,0.01883993849588498,0.0005432015058533276,3.859717846960082e-06,0.29253482196575564
7,0.00011950647881819945,0.001262394700967709,0.0022833780247768537,0.003150965131605042,6.037161656756581e-05,1.5941298665886333e-05,0.06442070424735868,5.999922574757881e-06,0.009364761091448218,1.1735961933563239e-05,0.00029104347511861914,0.5935319794730883,7.31419771193087e-06,0.003610325323648694,0.0011331555547869033,5.977877507412286e-06,4.6663583241228104e-05,0.0003369177088390286,1.5181800326953316e-05,3.9970863529237385e-07,0.008157725902198302,0.009945337132730095,0.0006886681818837858,8.049468660100749e-06,0.30152550213690676
8,4.603054123347115e-05,0.001196778257928368,0.0009955196027729627,0.004308492586855652,5.0839121590092574e-05,1.0834887583408614e-05,0.05165800003646865,4.7452549399177986e-06,0.007459406501349752,9.48505848462423e-06,0.0002356303381889455,0.6096567206654606,4.7645198131960175e-06,0.0052589923659611655,0.001179128790918857,5.946308999387145e-06,4.497291384315574e-05,0.00023445588974095044,7.310986225037819e-06,3.973760631604196e-07,0.009063358280405637,0.012572647991591884,0.0007506094292500052,4.260631500621613e-06,0.2952406716628306
9,3.1868854594879516e-05,0.0010115926408247333,0.0009271880751449054,0.004681655993890243,3.334851111678491e-05,9.308367583740584e-06,0.043589202994598564,3.59247624047438e-06,0.007483437321159159,9.204032467261722e-06,0.00016245767374771001,0.6466395293669618,4.590101172198214e-06,0.0039994495918331905,0.0010764959866109277,5.799566847999749e-06,3.6658773083779454e-05,0.00020742202544194572,5.691147032787874e-06,3.690847875444909e-07,0.011377833714727774,0.012691225199945644,0.0006167850305877245,3.816496576494498e-06,0.26539147697302173
10,3.9562635249812034e-05,0.0009904457405934645,0.0007689515714972614,0.0034034708846435602,4.942618636413261e-05,1.1015723666007132e-05,0.04449084683332901,4.642446421257782e-06,0.009016022105103749,7.270121418431882e-06,0.00024959693048181946,0.6117236188985461,5.114192948343433e-06,0.004515475943005674,0.0017630025333663132,6.811839565328434e-06,5.528544582114022e-05,0.0002651822141097801,8.593296064884106e-06,3.5661001311204876e-07,0.010703486162450001,0.01883993849588498,0.0005432015058533276,3.859717846960082e-06,0.29253482196575564
11,3.9198596449769166e-05,0.0009500769028494584,0.0007479759365711449,0.0033423210410871403,4.879302814990909e-05,1.061182827867627e-05,0.042756532353827016,4.438030389542822e-06,0.008733372876486557,6.960037395404023e-06,0.0002432709312642733,0.6247547658798058,5.687157483398976e-06,0.004361831300470606,0.001651430618583067,6.655213872297693e-06,5.657838199198956e-05,0.00025552175882705326,8.468416304492124e-06,3.701079296733855e-07,0.010461237964186878,0.018085569381806017,0.0005401327871020489,3.981541158275562e-06,0.28292421792772937
12,3.3672007963493186e-05,0.0010198351518116927,0.00017699656530328445,0.002276801409323399,6.276727121591515e-05,8.120461561562854e-06,0.016769225929555927,8.732954759362611e-07,0.002978874573032852,7.206492023045997e-06,7.38625236791596e-05,0.18615804081045842,3.344688732444743e-06,0.015627474310347705,0.00047457323752240913,1.4455252959655893e-06,0.00015091894674232548,0.00039928065256425384,1.5733456293228734e-06,3.678201695319868e-07,0.006809983800687718,0.008741807881976198,0.0005720335871678542,7.918317671598545e-07,0.7576501278799923
13,4.012498115605176e-05,0.0010020839711297937,0.0007755581661622582,0.0033976177227227865,4.9676714122322545e-05,1.1108316985100096e-05,0.0446443648783769,4.627442663656824e-06,0.00910336907097927,7.3801733112884795e-06,0.00024622042441220857,0.608990326720075,5.13566854075658e-06,0.004488169054595529,0.001771587972687318,6.85250960690288e-06,5.5419156403905885e-05,0.00026706926462294073,8.669083425404876e-06,3.588065981879677e-07,0.010750926212763141,0.018798380905548823,0.0005411497242219527,3.8682939994942274e-06,0.29502995476488897
14,4.190460205564248e-05,0.0012441804631238118,0.0007016304067579712,0.003482622268063032,5.738904124859051e-05,1.1225985383060206e-05,0.04856087915550734,4.8121915575739114e-06,0.009119943210262252,8.323119760063862e-06,0.0002732257208761094,0.6029107135520019,4.73273108775115e-06,0.005198912713521513,0.0018026541559824764,6.934655387197746e-06,5.5212752392996714e-05,0.0002676642153301848,9.617644952863613e-06,3.771019245723545e-07,0.010248159435130655,0.019075931381749227,0.0005909382286201895,4.003158046844117e-06,0.2963180121092761
15,3.9562635249812034e-05,0.0009904457405934645,0.0007689515714972614,0.0034034708846435602,4.942618636413261e-05,1.1015723666007132e-05,0.04449084683332901,4.642446421257782e-06,0.009016022105103749,7.270121418431882e-06,0.00024959693048181946,0.6117236188985461,5.114192948343433e-06,0.004515475943005674,0.0017630025333663132,6.811839565328434e-06,5.528544582114022e-05,0.0002651822141097801,8.593296064884106e-06,3.5661001311204876e-07,0.010703486162450001,0.01883993849588498,0.0005432015058533276,3.859717846960082e-06,0.29253482196575564
16,2.8981977249194093e-05,0.0008559512660115136,0.000563990643167183,0.002956477832407796,3.6784796645214516e-05,7.82446773360675e-06,0.04142596192389568,4.081015813079616e-06,0.00745448589476756,7.140433868630242e-06,0.00018137873229995735,0.647810025296394,4.377040691152975e-06,0.004042173294642907,0.0015788445535109498,6.161019034706713e-06,4.610384737503678e-05,0.00023211141742489482,7.278735240256138e-06,3.016416496458611e-07,0.011720430261518856,0.02016336944768928,0.0004385437023244081,2.8773809499497963e-06,0.26042434337769466
17,3.786178829660857e-05,0.0009617776931190304,0.0007306356794102466,0.0034134826405492966,4.881253516924952e-05,1.0545856904296357e-05,0.04369308787204363,4.579695795134059e-06,0.008598600445014752,7.110160003441508e-06,0.00024855945633926464,0.6137786806813044,5.097063555306733e-06,0.004625557151237206,0.0017060947029766335,6.612034140069233e-06,5.652383223372074e-05,0.0002618168372438328,8.180417788891984e-06,3.574564548333286e-07,0.010622608116305504,0.019023876591315537,0.000553318032819867,3.7359589233390966e-06,0.291592487301056
18,3.995355455079064e-05,0.0010078196320589406,0.0007891738349992318,0.003458442726965932,4.97721991108477e-05,1.1280180729990268e-05,0.04491379256893558,4.781458112782096e-06,0.009236597387863038,7.317190668022425e-06,0.0002565205701956731,0.6155681140271986,5.118808367626157e-06,0.004489576609221407,0.0017961054638182346,7.008436705481433e-06,5.475146714451028e-05,0.00026383971056191994,8.894260378929877e-06,3.592183321391183e-07,0.010739703095577854,0.01895382687092551,0.0005476128010246278,3.9842913526477524e-06,0.28778565363519965
19,6.751869449618495e-05,0.001416325160469071,0.0009632020600622163,0.003869617363092034,8.418506749027604e-05,2.2702430706746243e-05,0.042520099851319194,5.687294016899706e-06,0.011748048386281969,9.5253420750026e-06,0.00041837055978332423,0.5016279242103664,6.374434444552742e-06,0.006915745792586436,0.0022568025224871334,8.281129906391727e-06,9.843531933333891e-05,0.00043282821683429435,1.4077997903130816e-05,5.200664650937095e-07,0.012368887276605118,0.021900806981347425,0.00081567523479526,6.198883978535861e-06,0.39242215972315403
20,2.24084367740791e-05,0.0006375342585431674,0.0006056093304982293,0.003093024734321172,3.093734897111163e-05,7.71356253021718e-06,0.04064064006247894,6.717858044288726e-06,0.007886468183241454,5.4195831683371095e-06,0.00026141545659225687,0.6799183658042293,3.761881018596585e-06,0.0034862408376545944,0.002885454475603083,8.194187675424605e-06,4.4108201538428794e-05,0.00022784726206142157,7.880151334998324e-06,2.685074874347887e-07,0.010556463519862655,0.031347879298383154,0.0003716354149880514,2.654806556682311e-06,0.21794135683644303
21,4.0615341888946546e-05,0.0009837751547963343,0.0007976106812645955,0.003371275263235618,5.324079606451659e-05,1.1636134971667494e-05,0.04531173418113755,4.6022615383052605e-06,0.00897685248422631,7.298936727466225e-06,0.0002648937327184124,0.5919438008426576,5.2930838466157026e-06,0.004438128779117415,0.0018445420531895001,6.636643925473604e-06,6.0968335503565146e-05,0.0002702138439717283,8.830681955004311e-06,3.688542363153587e-07,0.0109295192300997,0.019314774454120925,0.0005930319868152496,4.033260670887107e-06,0.31075632298132
22,6.65262487579618e-05,0.0009083310939364469,0.0009376164372938031,0.003417586264365209,5.586670660937211e-05,1.4987340760811951e-05,0.03751796551390051,5.204578587215969e-06,0.010131786286411829,7.743157667114426e-06,0.00032118065614389254,0.5224585305630008,6.046436615450556e-06,0.005048652150564031,0.002045766799034585,7.1629426678982974e-06,0.00010050894798182758,0.0005544294062408974,9.895378501568525e-06,3.904823171516331e-07,0.011997991822027675,0.026768159171501053,0.0005186970082282595,4.6258123605324235e-06,0.377094348794524
23,3.9562635249812034e-05,0.0009904457405934645,0.0007689515714972614,0.0034034708846435602,4.942618636413261e-05,1.1015723666007132e-05,0.04449084683332901,4.642446421257782e-06,0.009016022105103749,7.270121418431882e-06,0.00024959693048181946,0.6117236188985461,5.114192948343433e-06,0.004515475943005674,0.0017630025333663132,6.811839565328434e-06,5.528544582114022e-05,0.0002651822141097801,8.593296064884106e-06,3.5661001311204876e-07,0.010703486162450001,0.01883993849588498,0.0005432015058533276,3.859717846960082e-06,0.29253482196575564
24,3.6403134286469596e-05,0.000753291254466506,0.0009592779716910567,0.002794252545242103,5.299891297246896e-05,1.1861226860564318e-05,0.05062300747754246,4.740433026640233e-06,0.009967609856338475,6.30375557294275e-06,0.00027096085488782594,0.5892156772721632,5.196492830088443e-06,0.003103036362888615,0.0024384976194981515,7.3383761587874484e-06,5.119667519936481e-05,0.00024088810956278582,8.811281505456153e-06,3.2131511898337443e-07,0.011957806822066193,0.019091192706177693,0.00051145684266886,3.9379750598119815e-06,0.3078839347262144
25,4.50623681714445e-05,0.0010268808179153238,0.0008182687693098596,0.002848544848770279,4.856077206477239e-05,1.1031804478259787e-05,0.04170320523189815,3.283687665954468e-06,0.009648002861870633,7.642501051244237e-06,0.00017456410390986952,0.5584861965304054,5.603236477634388e-06,0.003486244088279673,0.0018013066478970764,6.091341107825583e-06,5.521407475505874e-05,0.00026486355567396425,8.318069130904478e-06,3.538443691665272e-07,0.011007533016666585,0.01656916006891613,0.0004748572150676544,3.6078163368138788e-06,0.3514956027278103
26,0.0001205097135591673,0.001415290353403717,0.0016850521965385535,0.004571984942340081,7.925313297762463e-05,2.156881438377142e-05,0.04072582399560666,3.955064561267942e-06,0.014009472928303426,9.59938895161644e-06,0.0003707056648062792,0.5820680847440304,1.1135420763941556e-05,0.0038853926422486923,0.0010570749974964282,6.5664284488731624e-06,9.813132609888018e-05,0.00047019801152478423,1.543858170476241e-05,6.25723402677389e-07,0.012733864702883263,0.015032782703321855,0.0010646533534833735,1.4882924409797726e-05,0.3205279522447502
27,3.518946735530259e-05,0.0008832909959205579,0.0006755691853234873,0.003480960568706478,4.385528404075712e-05,1.0854003359386994e-05,0.0403916936781041,5.432579707318016e-06,0.00968255568408572,6.578180038500157e-06,0.00028038609521445186,0.6303999494993286,4.923115303689046e-06,0.0044378094854980055,0.0022067908349552865,7.920367439231965e-06,6.274660168123065e-05,0.0003019246464407492,9.3276216766612e-06,3.376875516711402e-07,0.011562909959254465,0.02779891569680617,0.00048023001378787807,3.820484709641072e-06,0.26722602826371045
28,3.9562635249812034e-05,0.0009904457405934645,0.0007689515714972614,0.0034034708846435602,4.942618636413261e-05,1.1015723666007132e-05,0.04449084683332901,4.642446421257782e-06,0.009016022105103749,7.270121418431882e-06,0.00024959693048181946,0.6117236188985461,5.114192948343433e-06,0.004515475943005674,0.0017630025333663132,6.811839565328434e-06,5.528544582114022e-05,0.0002651822141097801,8.593296064884106e-06,3.5661001311204876e-07,0.010703486162450001,0.01883993849588498,0.0005432015058533276,3.859717846960082e-06,0.29253482196575564
29,3.9562635249812034e-05,0.0009904457405934645,0.0007689515714972614,0.0034034708846435602,4.942618636413261e-05,1.1015723666007132e-05,0.04449084683332901,4.642446421257782e-06,0.009016022105103749,7.270121418431882e-06,0.00024959693048181946,0.6117236188985461,5.114192948343433e-06,0.004515475943005674,0.0017630025333663132,6.811839565328434e-06,5.528544582114022e-05,0.0002651822141097801,8.593296064884106e-06,3.5661001311204876e-07,0.010703486162450001,0.01883993849588498,0.0005432015058533276,3.859717846960082e-06,0.29253482196575564
30,3.9562635249812034e-05,0.0009904457405934645,0.0007689515714972614,0.0034034708846435602,4.942618636413261e-05,1.1015723666007132e-05,0.04449084683332901,4.642446421257782e-06,0.009016022105103749,7.270121418431882e-06,0.00024959693048181946,0.6117236188985461,5.114192948343433e-06,0.004515475943005674,0.0017630025333663132,6.811839565328434e-06,5.528544582114022e-05,0.0002651822141097801,8.593296064884106e-06,3.5661001311204876e-07,0.010703486162450001,0.01883993849588498,0.0005432015058533276,3.859717846960082e-06,0.29253482196575564
31,8.050564870114615e-05,0.0013722554770354302,0.0014360080722977907,0.003982590187049839,5.4847530696734555e-05,1.3161495920580241e-05,0.05916019844145833,8.16073298441242e-06,0.008487965329031353,1.2777939117365787e-05,0.0002662125078812317,0.5875282535069366,5.401368531105106e-06,0.005081690395620316,0.0014129894768801627,6.883084027110467e-06,5.827272272119458e-05,0.000366781411567484,1.2665533296509175e-05,4.1693780667767295e-07,0.009993388400481883,0.016106392242271655,0.0006765242914505609,4.940821832756449e-06,0.3038707164444019
32,4.3287493238373024e-05,0.001059532891163979,0.0007838922531125925,0.0032610869184370992,5.0147820588007286e-05,1.1875857098121789e-05,0.04395904666137764,4.848008316682985e-06,0.009661979319314513,7.554037416423713e-06,0.00025897479638946705,0.6197992045302059,5.451245021418121e-06,0.0043906437246118675,0.001850809044004119,7.2068888856114805e-06,5.761632691360257e-05,0.0002752926065909984,1.0511800035627666e-05,3.615628302578045e-07,0.011044016582902076,0.02011545438438118,0.0005326940025307417,4.290268020604552e-06,0.2828042209766129
33,2.9049055401717183e-05,0.0010832125349686673,0.0005184062157078316,0.00602429200502457,5.5910815206366595e-05,1.4953431686959366e-05,0.03889013836493316,8.914432204515812e-06,0.006474093134693619,1.0610567588865343e-05,0.0005035122879197858,0.664516032675535,7.030529460307194e-06,0.010834532729791693,0.0012541891405247775,9.66992240806464e-06,0.0001277463469785364,0.000327585647379369,1.2261637276105559e-05,6.344686529543427e-07,0.01335105552701746,0.036474679190018,0.001276408757593119,6.229012533230566e-06,0.21818885156949527
34,0.0002083931634154484,0.002189877701003643,0.0016563527962174464,0.0016271074019378923,6.266418731623671e-05,1.9132874143994666e-05,0.03977843119103217,5.945931391181234e-06,0.03396151352669323,4.184185596936394e-06,0.00036168311465021723,0.6956484970155458,7.83159645669621e-06,0.0022147002576954474,0.0028008245580513243,7.526634136772259e-06,4.493618623545694e-05,0.0003747681281903055,5.60419704855672e-05,2.1011110517579052e-07,0.008344011095358556,0.018224094133592942,0.0001883854249963183,9.524498298452213e-06,0.192203362316453
35,4.1175850192729665e-05,0.0009816249823922458,0.0007788250496622936,0.0033734092726235626,4.795968296246792e-05,1.0745688401299037e-05,0.044415281825583124,4.656542681981577e-06,0.009110583787311997,7.249374564203028e-06,0.0002424870916484811,0.615020821968333,5.073550381411343e-06,0.004389344222174504,0.001718468662187518,6.693666564579565e-06,5.4308445265491655e-05,0.0002747687660281784,8.605475987835662e-06,3.453452716973392e-07,0.010631065531938606,0.01881353218774076,0.000519743155703267,3.848874727912319e-06,0.28953938099967097
36,2.5539705165864778e-05,0.0005244653072562982,0.00043494559545900795,0.002081572850543386,2.3447368779491134e-05,4.4572322869500956e-06,0.03305869669276507,5.479556827496362e-06,0.006112793401099896,3.734642395556035e-06,0.00016119002536605227,0.7484179295608651,4.405275652684352e-06,0.0030631136561194644,0.0016355474066468763,6.3768834324951745e-06,3.667989923100061e-05,0.00018346602975320594,6.88589052946237e-06,2.0835068765646384e-07,0.0062933650522266175,0.02107559456357143,0.0002085031539886302,1.8338680846943472e-06,0.17662976803126568
37,3.848117674124933e-05,0.000985169653571058,0.0007563052491375093,0.003395383851129034,4.976326051227488e-05,1.1090002345635963e-05,0.044437664730952085,4.705445544146781e-06,0.009014932957804667,7.2140304393080835e-06,0.0002513769494242806,0.6102622406206649,5.080655575024791e-06,0.004585773079899089,0.0018183609836845416,6.937840171153607e-06,5.548502292057275e-05,0.00026198940032415264,8.5532223304164e-06,3.579462944878986e-07,0.01072633622015035,0.019039494061794768,0.0005399491340872776,3.764278392610567e-06,0.29373359022610945
38,8.680362014455011e-05,0.0013624660181929496,0.0014624148875337238,0.002205369412075288,8.554591766805025e-05,2.1886902657238533e-05,0.06383970946528823,4.418098050170556e-06,0.016524469527601435,9.233806309872243e-06,0.0002360382881877766,0.4854578722736932,5.9029128030423404e-06,0.00337931346549202,0.003143427646422204,9.750474758250921e-06,4.0286863804269175e-05,0.00029970293787211563,1.4893519272810702e-05,3.222050565833075e-07,0.009234344979360114,0.012079339717286941,0.0003813286572589893,4.839293403314362e-06,0.40011031910980704
39,3.8775572729968e-05,0.0006929607878130441,0.001098584529438423,0.0035202467967598897,4.703879927198131e-05,1.6967236659731463e-05,0.04493003045556766,6.51649232551088e-06,0.010032381820477153,8.485040018020662e-06,0.00024664922960468763,0.5951416301852404,7.716946619397537e-06,0.0035806316544825523,0.002152176397311236,9.776578921179105e-06,7.747913855367622e-05,0.00032484832641093764,1.0992926029329179e-05,4.1577866175935127e-07,0.016933329294609133,0.02213986273117341,0.0005277626817842037,4.518900961195439e-06,0.29845022169857577
40,4.704014912368811e-05,0.0018068789376739923,0.0005673049191456561,0.03268758243382542,9.208409257155782e-05,3.5695442533387074e-05,0.038777069132291675,2.070279102072012e-05,0.007691096323579564,4.110050092714397e-05,0.0011783842291426194,0.6169367137220185,1.1183063401496238e-05,0.015601485262416509,0.0006335660653339964,2.9947334436500096e-05,0.00048101215388257477,0.0010939613139532602,2.514822993185886e-05,3.1423672719124486e-06,0.040444569922052254,0.06538931309927615,0.005949510624346909,4.2410949621238275e-05,0.17041309694022144
41,4.2751334862356856e-05,0.001022595634938349,0.0008288259699461747,0.0032449518885002146,5.730678336706169e-05,1.124536628167639e-05,0.0478773229002934,4.666471170257585e-06,0.010149552803389814,6.797233379184384e-06,0.00025251240854300475,0.6012081992299949,5.2558726764573185e-06,0.004235235392345874,0.001995748163373888,7.3773233710536306e-06,5.104279673569265e-05,0.00025355159513424324,8.348770378818592e-06,3.598428221007126e-07,0.0098392506274715,0.01699584860732663,0.0005022225356087391,3.795812927162708e-06,0.30139523463516155
42,2.822161569442087e-05,0.0007333690376623443,0.0007167658699357934,0.0033856813382238398,3.080240696296037e-05,1.0580432619724534e-05,0.03788182990249078,6.863069504136677e-06,0.008763718364596015,7.415526471339893e-06,0.00023674035803252693,0.6989663920404713,5.619596997956103e-06,0.003254061046681023,0.0021192280186878554,1.0036866488426523e-05,5.618165399478751e-05,0.0002511522047276346,1.2244066642226122e-05,3.4714965300517356e-07,0.013460146835335744,0.029464394367031292,0.0004317692463147363,4.097549847398859e-06,0.2001623414349328
43,3.322405726122398e-05,0.0010919603662021306,0.0009294611313259419,0.004476487232846347,4.511335544919887e-05,2.1349638226465704e-05,0.04949321735569024,7.319356525906551e-06,0.008719258155842041,2.578705863329361e-05,0.0002057947851275542,0.5269622937594035,6.50674571837707e-06,0.0053613556862119405,0.0021357869076073736,1.2569761697524388e-05,9.347877958319821e-05,0.0004409411864266584,1.461070094435479e-05,6.788434301263259e-07,0.028148533452892845,0.035500819168510174,0.0008719921580878836,5.3394971493202284e-06,0.3353961208592065
44,3.9562635249812034e-05,0.0009904457405934645,0.0007689515714972614,0.0034034708846435602,4.942618636413261e-05,1.1015723666007132e-05,0.04449084683332901,4.642446421257782e-06,0.009016022105103749,7.270121418431882e-06,0.00024959693048181946,0.6117236188985461,5.114192948343433e-06,0.004515475943005674,0.0017630025333663132,6.811839565328434e-06,5.528544582114022e-05,0.0002651822141097801,8.593296064884106e-06,3.5661001311204876e-07,0.010703486162450001,0.01883993849588498,0.0005432015058533276,3.859717846960082e-06,0.29253482196575564
45,3.482258724913342e-05,0.000675962202859208,0.0011042145078977734,0.0032232885337415817,5.306158683039511e-05,1.3895387294140128e-05,0.05736346121009971,1.1285307976455095e-05,0.012454227435192705,5.4809182202298355e-06,0.0004208403192316755,0.6584972741023397,5.340771390378486e-06,0.0030701774619723995,0.004868310709705888,1.5638243935011745e-05,4.4108658024938844e-05,0.00024169065228331362,1.2247590811774703e-05,3.3789506481263125e-07,0.008813203843777295,0.02583175207697713,0.0003523857160029159,4.075805573056066e-06,0.22288291647554848
46,2.5885867541289014e-05,0.0005637116999642546,0.0005400928462914748,0.005470410958589689,3.692350799920736e-05,1.589436139365572e-05,0.020764601371972186,5.280993357797408e-06,0.006186804411279954,6.594510047374385e-06,0.0003463419558017181,0.6088104727742535,1.2225898730497752e-05,0.005751778680093392,0.001452670041944065,8.559922426116076e-06,0.0002628314315644953,0.0003866785112556669,9.701338143179316e-06,6.792360256630198e-07,0.018233532355530532,0.04756685053848852,0.0009631073586298157,5.830262118734902e-06,0.2825725391665574
47,3.8365552194280165e-05,0.0008957975025372251,0.0006997215790893107,0.00295820850256284,4.2446942036937674e-05,9.037129974968054e-06,0.0409605248718975,3.97254367432221e-06,0.00864936311616662,6.547570551390575e-06,0.00019900778516599636,0.6287388941714026,5.200470666280641e-06,0.003724589249309565,0.0016484387866559185,6.316531055058593e-06,5.169985657858354e-05,0.0002482049173087692,8.027550837370416e-06,3.2151382989234613e-07,0.010418367363692803,0.018574297607401317,0.00044763478088059676,3.4415175195953194e-06,0.2816615725870103
48,6.545898696517476e-05,0.0026217363976908017,0.0008390837329295699,0.004285516255558919,6.270561940426826e-05,2.3859288489779415e-05,0.04654449310065917,7.78133384280276e-06,0.011060924735998595,1.633156189006888e-05,0.00046102064152825513,0.6322260885077475,6.838620225963068e-06,0.00709781262144859,0.0016786100864093691,8.793421941731087e-06,0.00010677694396968301,0.00033027253494121665,4.264657809014402e-05,5.39048793359071e-07,0.014090014872315763,0.033542039460564804,0.0011021826537967615,1.0210044755130388e-05,0.24376826295004242
49,0.0002650702781159893,0.008245822291340694,0.0003088828122171083,0.000736847050417698,0.0022893319801580727,1.5333498596638074e-05,0.19119327008991946,2.030643531831792e-05,0.03914227434256611,6.075655386813969e-06,0.0010814624070631018,0.265786202851053,3.71515950493779e-06,0.009054041652521471,0.013914607190448514,2.2993400469712765e-05,0.000141686182257196,0.0003531390397986604,7.056989135343776e-05,6.608221091836905e-07,0.004597014521746749,0.021049468283132998,0.00030550248964405596,2.8334836257080334e-06,0.44139288819123446
50,3.587116986295988e-05,0.0009109708553557694,0.0006937067345646697,0.002807793096460923,4.93104107483556e-05,8.730638019413385e-06,0.05551301401949961,4.962822971592883e-06,0.006378694318035806,9.163450407483966e-06,0.000201081576498348,0.5811090327282078,4.439411536364048e-06,0.00474190428745463,0.0016218115282786512,6.121642565985715e-06,4.825095316591746e-05,0.00023834992166069886,7.413430962286617e-06,3.3406939682254655e-07,0.00941939729598401,0.0166500720080366,0.0005404691584013975,2.7559320361215017e-06,0.31899634853988784
51,4.2109112825724525e-05,0.002184940669652988,0.0004887434658372814,0.005023738401583866,1.8529134632672183e-05,6.354426189380027e-06,0.0269463666937484,4.985001992002612e-06,0.009103012697645475,6.848759291805067e-06,0.0001947956596747304,0.7257270028034188,2.0603270375428195e-06,0.006378083833507563,0.001365307451595562,4.4363142889315596e-06,3.6874541685900094e-05,0.0002865257552636571,1.0896748785235341e-05,2.103984911544952e-07,0.00712197746600336,0.030346021896364296,0.0003088629629960485,2.704346501542162e-06,0.18438861113098606
52,0.00011827801069572314,0.0007744985890681338,0.0013629873181903915,0.0028683672882639996,8.725249356622628e-05,5.286179115749659e-05,0.04097300720452177,1.0735042873460824e-05,0.016912556715083578,1.0866636308497723e-05,0.0006683275457344916,0.29887247142976675,5.02716555872119e-06,0.010109615520560255,0.006288165218653102,1.3946238631357225e-05,0.00010725890404417574,0.001758613364458372,1.4752336010498643e-05,3.580479760940111e-07,0.008518559679258499,0.034526264853012203,0.0003546023085318577,4.741835945957469e-06,0.5755858844621284
53,1.5609479325962838e-05,0.0004873204909320462,0.0005528447372119849,0.0022587077670445806,5.166776497300353e-05,4.711948397877755e-06,0.07789094303675069,4.19311258022654e-06,0.0054628700755969695,4.73868539354077e-06,0.0002203960133526105,0.648970513019855,3.319069621316637e-06,0.0027297867934548362,0.0019704778131176878,5.875727555254372e-06,2.3505579728712643e-05,0.00011085773302349183,3.6364200884163345e-06,2.349655635680351e-07,0.007398521548692335,0.012542434656213524,0.0004757106686053609,2.029708557672864e-06,0.2388090931843632
54,2.3343563854758e-05,0.00046133781569565553,0.0012293802769710916,0.005452779953094089,4.1632011582297835e-05,1.6146758721163822e-05,0.04839351499870899,1.257783857334758e-05,0.008689140449662588,5.401622392610493e-06,0.0008878786989917999,0.7716628405274693,8.007906409797545e-06,0.003099036294442564,0.0013381848145353568,9.8364327368562e-06,7.817720540681079e-05,0.00023529804330033746,1.6529480260578682e-05,4.0995534028697e-07,0.019668494004223897,0.03165184054688864,0.0011516638118417761,1.3537828342303789e-05,0.10585300916055318
55,3.772986275766432e-05,0.0007996159818970708,0.000695024841661682,0.002835173253510301,3.5825305376667757e-05,7.91422449290948e-06,0.03871966560927915,3.4032113114474243e-06,0.009701076014772242,5.044591151451166e-06,0.000175390411029647,0.6740916087181512,5.112455114531398e-06,0.0030619756999937515,0.0014424012723147496,5.627989089673607e-06,3.8540993864005444e-05,0.00023202678245715127,7.072745086089705e-06,2.5526643326006703e-07,0.00925396256495133,0.015324971023208884,0.0003392755922944392,3.375814816339842e-06,0.2431779297749843
56,3.847316363165998e-05,0.000918721136903762,0.0007282061084508718,0.003232748051521811,4.642935985840459e-05,1.0363281434268435e-05,0.041997144167968924,4.342592488252678e-06,0.008728352050341854,6.754301264046112e-06,0.00023529194997682794,0.627454932837751,5.575016917788436e-06,0.004276945943583336,0.0016566697381565074,6.508513842952858e-06,5.490162820075102e-05,0.0002562072311481633,8.395360453523075e-06,3.483968780615505e-07,0.010395756971247278,0.01827274101658763,0.0005077100872026733,3.8124556296491735e-06,0.28115266863855987
57,2.6248962503607957e-05,0.0006313713096170208,0.00047850919030042365,0.0023066400452212655,2.6692742314772755e-05,5.2322262938504245e-06,0.031863567614037,3.2807522644276725e-06,0.006549617822765256,5.106683436735469e-06,0.0001201668654869907,0.7152540988226691,6.160516204780293e-06,0.0025728063058134167,0.0012050835077392534,5.587261478016661e-06,4.633026688354554e-05,0.00017851010043722478,6.836604204350041e-06,2.950202366863694e-07,0.009212684428540915,0.017896786964379376,0.00031113132289432014,2.5627102869892475e-06,0.21128469195399074
58,4.2943630422135887e-05,0.0009549335253609693,0.0007907958139047096,0.0034247631137786665,4.672343828332292e-05,1.1061568435566234e-05,0.04233960388701348,4.383025702600542e-06,0.00949027960365293,6.729591364795957e-06,0.0002648339885517398,0.6555236146906163,5.772341778415531e-06,0.0040126718184487885,0.0014880278427609021,6.614556685551156e-06,5.140381403382725e-05,0.0002638562047237583,9.605842489114612e-06,3.453958951343701e-07,0.010475667712535868,0.017588959708781167,0.0005501957332953336,5.009595190648661e-06,0.2526412035562944
59,4.313993637739231e-05,0.0009667878256505006,0.000932041253017711,0.0036353239016071967,4.847038061103419e-05,1.1739595072227094e-05,0.04508588171566905,4.645160389201823e-06,0.009931032147702917,7.272280929894534e-06,0.00026778145117093387,0.6435722193738252,5.687588860341961e-06,0.0037783725263934955,0.0016155353180731182,7.1190231460970546e-06,5.0984223885932836e-05,0.00026174501656268175,9.453782830756738e-06,3.75537122496094e-07,0.011396201072557401,0.017636886586755343,0.0005886095116527237,5.2405470383685675e-06,0.2601374542430981
60,3.9562635249812034e-05,0.0009904457405934645,0.0007689515714972614,0.0034034708846435602,4.942618636413261e-05,1.1015723666007132e-05,0.04449084683332901,4.642446421257782e-06,0.009016022105103749,7.270121418431882e-06,0.00024959693048181946,0.6117236188985461,5.114192948343433e-06,0.004515475943005674,0.0017630025333663132,6.811839565328434e-06,5.528544582114022e-05,0.0002651822141097801,8.593296064884106e-06,3.5661001311204876e-07,0.010703486162450001,0.01883993849588498,0.0005432015058533276,3.859717846960082e-06,0.29253482196575564
61,4.337850199180922e-05,0.0009648615525041368,0.0009015054148427866,0.0035566826366495363,4.946148361793692e-05,1.1520129158606663e-05,0.04529398819007738,4.623710292671836e-06,0.009631847305564404,7.300307159244185e-06,0.0002652877770813013,0.6367115467729706,5.780711065379689e-06,0.003859317766463961,0.0016242143828631124,6.956765174601042e-06,5.2549549052487904e-05,0.0002670442682602746,9.269508564401504e-06,3.7669196876428133e-07,0.011154755762526048,0.0176577637589647,0.0005823204520299455,5.045388260442562e-06,0.2673326012128955
62,3.9562635249812034e-05,0.0009904457405934645,0.0007689515714972614,0.0034034708846435602,4.942618636413261e-05,1.1015723666007132e-05,0.04449084683332901,4.642446421257782e-06,0.009016022105103749,7.270121418431882e-06,0.00024959693048181946,0.6117236188985461,5.114192948343433e-06,0.004515475943005674,0.0017630025333663132,6.811839565328434e-06,5.528544582114022e-05,0.0002651822141097801,8.593296064884106e-06,3.5661001311204876e-07,0.010703486162450001,0.01883993849588498,0.0005432015058533276,3.859717846960082e-06,0.29253482196575564
63,4.24725606394556e-05,0.0011936990014245923,0.0007621291600776375,0.003450304885662878,5.110490311425896e-05,1.0978371527422163e-05,0.04396650815148734,4.401582055328835e-06,0.009253868629026695,7.890264590584586e-06,0.00023759717989863552,0.6064787939708067,4.993342552107463e-06,0.004626649124689088,0.0017581962062770734,6.6726536322915e-06,5.498951208530453e-05,0.0002573146819971606,9.232361168805248e-06,3.764565591168099e-07,0.010613107155356493,0.01852497295560729,0.0005605010895592577,3.9270855802863605e-06,0.29811931871462416
64,3.281502797148464e-05,0.0009038435830186187,0.0006959598141917787,0.0034190537312006088,4.228022042929009e-05,1.0323132695030427e-05,0.04070183158285956,3.982676743501271e-06,0.00839775548740184,7.736057932950544e-06,0.0002006734632541936,0.6176995480956929,5.287719589464875e-06,0.004269585745673292,0.0015832229076700294,6.452771667080143e-06,5.4630754731099005e-05,0.0002590691649071438,7.582037821434649e-06,3.677911174962594e-07,0.013123893811703247,0.018957331631824458,0.0005369762287803969,3.62244452465161e-06,0.2890761741165983
65,1.601635486406631e-05,0.0008892937477643374,0.0009126427956644089,0.004907303836689381,3.800513780487734e-05,1.1795148180463681e-05,0.07894182066628823,7.756599479597922e-06,0.0026781122220942578,4.122012527990015e-05,0.00011136394923707823,0.40826606660467524,2.905085590472225e-06,0.008214069140864385,0.001540100398840169,7.541323223422552e-06,4.541868314480069e-05,0.00022173549398471268,4.177385788397085e-06,6.7739733071052e-07,0.019421365162204954,0.014161096085071085,0.0011729693876472813,1.5864359158152655e-06,0.458384960832372
66,6.799502303341879e-05,0.0010514467188431536,0.0015222339927187178,0.003188692002152495,9.481233738915984e-05,2.1635521996424105e-05,0.055670679752578514,4.218107712692664e-06,0.011471477414335126,1.271558606780343e-05,0.0002928398049971197,0.4911556153716982,9.76233047141949e-06,0.003261359553683461,0.0019307304875548865,9.063955999050357e-06,8.399104823128628e-05,0.00035262724871218707,1.2388853258387322e-05,6.943960236672871e-07,0.016773135984940794,0.015147528659702224,0.0009461298683395928,8.774267830683991e-06,0.3969094517117297
67,2.45251982836525e-05,0.0006356014091266316,0.0008637187869975942,0.008097783216971095,5.003973146704623e-05,3.111228997806747e-05,0.02790874278409185,4.583772849966916e-06,0.0057269136450810686,1.171927379009143e-05,0.00036820097736489144,0.5195041257881322,1.1153529161511953e-05,0.01143350578951235,0.0010595986741625107,8.288641732446304e-06,0.00014747853945839892,0.00036622862164256394,6.045720506565153e-06,8.884579828826883e-07,0.020107139403894938,0.018556693952935466,0.0018943488139808323,6.946118221878049e-06,0.3831746168626734
68,4.0413853585210124e-05,0.0009249465277782411,0.000935810505857535,0.004098611927672021,3.4980074641333886e-05,1.0037254213896989e-05,0.042185607152236605,4.372283105093246e-06,0.008317958837838464,7.94953403256706e-06,0.00021022066838923784,0.6612946635434293,4.719733544465258e-06,0.004148870284192983,0.0011077304556588057,5.760567030871282e-06,4.408712127524627e-05,0.0002673781454415076,7.561454062615889e-06,3.166243762377494e-07,0.011818266261652345,0.016114707932642008,0.0005812941363140111,4.418140107653741e-06,0.2478293169809218
69,4.1236385155076286e-05,0.00099016763776036,0.0007387093312453846,0.0032288113766595857,4.808164995196303e-05,1.0594213963229425e-05,0.043307718995043244,4.374981539013452e-06,0.009033219478435679,7.148382715995456e-06,0.00022815835066083374,0.5987665340553059,5.0325420140629835e-06,0.004525191528071106,0.001752857280789825,6.492327441027937e-06,5.599815960686172e-05,0.0002776311217759022,8.279288804441828e-06,3.38476864397554e-07,0.010190539033479187,0.018829627332818285,0.0004918760266588155,3.4980035086000545e-06,0.30744788403973117
70,4.421225399532563e-05,0.0007227912091409903,0.0008815560781176422,0.0035053059920288204,4.4058111565820524e-05,8.404697578590601e-06,0.04395411589727064,5.5565877186003075e-06,0.007792349987398,6.596798882057794e-06,0.00017966256311685463,0.580009498210198,5.229606878090716e-06,0.004756087086507917,0.001738574296799403,7.739014162792356e-06,5.168005948219726e-05,0.00030999029239484575,4.650129213868274e-06,3.7128905721977107e-07,0.007025765275492071,0.01520013485833776,0.00034571303132091563,2.2484895731428685e-06,0.33339770818376835
71,3.1898009550281707e-05,0.0017033819877979722,0.00042251250198692923,0.002982933864664,0.00011423276195531239,5.268260073914815e-06,0.05314852908703217,2.6735734188636823e-06,0.0060446733344509,1.0347016347313835e-05,0.00012177234446933004,0.5601111749872729,6.85829661951562e-06,0.005018649932780508,0.0010749512431672944,6.347768536633655e-06,5.3821933318746884e-05,0.00011921999924262592,4.425332601683433e-06,1.0515819525461715e-06,0.009144254656419649,0.00846700073986097,0.0009652213029726606,2.9830224557292135e-06,0.35043581646105143
72,3.9158683398426967e-05,0.0008576738919127248,0.0008476113326202063,0.003420498590593362,4.4466212423324635e-05,1.1456061351344071e-05,0.04494516283138797,5.115737376879001e-06,0.009908816593003512,6.792376728686271e-06,0.0002490089191744805,0.6402315932951306,5.3550662412059396e-06,0.004103158891588093,0.0017958562040397926,7.516573586667852e-06,4.94874910889872e-05,0.0002823116760888569,8.652409498824704e-06,3.263539947457866e-07,0.011228526363391732,0.018544705324181197,0.0004490591553004369,3.959959299950517e-06,0.26295373000659805
