,0,1,2,3,4,5,6,7,8,9,10,11,12,13,14,15,16,17,18,19,20,21,22,23,24
0,4.477918287639328e-05,6.34616790578277e-06,0.00012699500653084444,6.36390061154446e-07,1.0969281138205131e-05,1.3747358453343576e-07,6.292162821376435e-05,1.1313331529237287e-05,0.0005661165282527055,1.182248846317703e-08,2.18436872790427e-05,0.9924006671490515,1.1575488599920615e-06,0.005300078000845695,1.849833613921117e-09,7.971572211681918e-06,1.5160131794573151e-05,3.162260596926305e-06,1.2269416608438354e-10,9.665104245097313e-08,3.3782915216990623e-07,1.279029968346443e-06,1.4171381187095184e-06,0.00012211736189579448,0.0012944828540741955
1,5.593495413130012e-05,1.2247267141969173e-05,0.0002454684139627325,1.0888538052592153e-06,1.4511828152425485e-05,4.483857914464561e-07,0.00011585715372782254,2.6522079641661722e-05,0.0036008022344581106,6.419954159633022e-08,2.947561669838139e-05,0.9741854878508239,2.2220035188649523e-06,0.01838502664343074,5.144775121272035e-09,1.421534262538593e-05,9.692201361519963e-06,7.484525291497888e-06,4.0923343285579145e-10,2.7974081509949215e-07,5.941003310592874e-07,3.27479298146837e-06,2.858054285445698e-06,0.0002149518577495585,0.0030714863457243042
2,4.4402171677688476e-05,1.1651208102170129e-05,0.00017235837149129062,9.388258219359435e-07,1.6578911043139335e-05,3.4142218653187627e-07,9.418510277541587e-05,2.1884297042471135e-05,0.0030178308544183425,4.650991372897966e-08,3.244679407622291e-05,0.9739510052015568,1.7448107324301767e-06,0.019277289159897154,5.206139411051402e-09,9.466111224022373e-06,8.628342884526928e-06,5.343414642318734e-06,2.9445682449967376e-10,2.383305225152625e-07,4.7647843859644925e-07,3.2198463733435016e-06,2.3309637205317316e-06,0.0001838174108024865,0.0031437699600604337
3,5.3212848064941594e-05,1.1277620832488372e-05,0.00017181490171412576,9.126675386599567e-07,1.4158296989081133e-05,3.5405765139951244e-07,9.780908439559454e-05,2.191823961153516e-05,0.0024315316607466356,4.000357265806806e-08,3.1655801520410326e-05,0.979777978398583,1.8103718794079156e-06,0.01467160874422588,4.154410885794436e-09,9.557441860684416e-06,1.0082675436859732e-05,5.5957320433475215e-06,2.962809328109259e-10,1.9202935259825994e-07,4.936434204777617e-07,3.140511501105783e-06,2.3383006478571305e-06,0.00016325375507116537,0.0025192587626481737
4,5.521493407290004e-05,1.1612078771090025e-05,0.0001791386216835453,9.390262167545774e-07,1.516193059245988e-05,3.3058135500988083e-07,0.00010036907792825161,2.2591263951743716e-05,0.0025102553139774693,4.113093479683148e-08,3.283765751093785e-05,0.9780810828827188,2.048809553468114e-06,0.016368379465762313,4.005518283636454e-09,9.252653502424806e-06,9.9435565640557e-06,6.255798985175618e-06,3.11449776544527e-10,2.0952445074870177e-07,5.662160666554507e-07,3.3448371328504674e-06,2.3028472596206594e-06,0.00017030085962489237,0.002417816614416238
5,5.919873863127585e-05,1.2173837339548993e-05,0.00022289052899716018,1.3232716777322362e-06,1.750773818556044e-05,4.2867807419653536e-07,0.0001152977343106325,2.484821402251751e-05,0.0029241428019588403,5.4395018094376766e-08,3.2177023123270585e-05,0.9759580975846741,2.28723106047608e-06,0.01792983607311361,4.191514226758693e-09,1.1340406549603463e-05,1.1173295514189728e-05,8.804717217921349e-06,3.5596283719282126e-10,2.798525942205539e-07,6.17200018327778e-07,2.950238799379992e-06,3.4544834753554955e-06,0.00021348985874590298,0.0024476215494209563
6,5.3212848064941594e-05,1.1277620832488372e-05,0.00017181490171412576,9.126675386599567e-07,1.4158296989081133e-05,3.5405765139951244e-07,9.780908439559454e-05,2.191823961153516e-05,0.0024315316607466356,4.000357265806806e-08,3.1655801520410326e-05,0.979777978398583,1.8103718794079156e-06,0.01467160874422588,4.154410885794436e-09,9.557441860684416e-06,1.0082675436859732e-05,5.5957320433475215e-06,2.962809328109259e-10,1.9202935259825994e-07,4.936434204777617e-07,3.140511501105783e-06,2.3383006478571305e-06,0.00016325375507116537,0.0025192587626481737
7,9.724430334988818e-05,9.828227028122526e-06,0.0001878065284432105,6.679082471081685e-07,1.0745270017535107e-05,3.4819594132488055e-07,9.784217929123693e-05,2.5780089407113132e-05,0.0017137524700436366,3.266266896700008e-08,4.320443070344757e-05,0.9861512548908475,3.1827439778182772e-06,0.009912725882360604,3.7004218106360844e-09,8.503993529634458e-06,8.34977791281852e-06,6.361080032652926e-06,2.7442988354709257e-10,1.9724314373232643e-07,4.870970630684446e-07,4.6079189116489704e-06,1.247374430865482e-06,0.0001089079489328375,0.0016069178088634053
8,4.4994493673463284e-05,1.0253538734444464e-05,0.00011279579208356559,6.426014515999496e-07,1.1018850054659516e-05,3.4425706923372407e-07,0.00013437409755609104,2.597963955574136e-05,0.0020052075132766163,2.9570662223261542e-08,3.4997716824370976e-05,0.9835019662773635,1.828338762372066e-06,0.012157798770174075,3.2764192321918068e-09,7.529885799217639e-06,8.26443615815219e-06,5.824861949613804e-06,3.501812829940301e-10,1.4823676429766087e-07,5.408528423937402e-07,3.767700270660573e-06,1.5792252654323897e-06,9.119588131826421e-05,0.0018389138357890232
9,5.3345562807884733e-05,1.84649404461502e-05,0.0004196050967404815,1.9038691831990775e-06,2.14228288477286e-05,3.7913942568772603e-07,6.611727865336918e-05,2.202282602296236e-05,0.003985693048798846,1.115268326057893e-07,2.640759354423181e-05,0.9581154476887883,2.0625893776678544e-06,0.03194997751765175,6.891747295714775e-09,1.9896691713519464e-05,1.5171330878249015e-05,7.797496959360011e-06,3.277864670123477e-10,4.6496033754691134e-07,5.812832542080978e-07,2.4327625231230505e-06,4.87486286401581e-06,0.00044028314651192035,0.004825528738303364
10,5.3212848064941594e-05,1.1277620832488372e-05,0.00017181490171412576,9.126675386599567e-07,1.4158296989081133e-05,3.5405765139951244e-07,9.780908439559454e-05,2.191823961153516e-05,0.0024315316607466356,4.000357265806806e-08,3.1655801520410326e-05,0.979777978398583,1.8103718794079156e-06,0.01467160874422588,4.154410885794436e-09,9.557441860684416e-06,1.0082675436859732e-05,5.5957320433475215e-06,2.962809328109259e-10,1.9202935259825994e-07,4.936434204777617e-07,3.140511501105783e-06,2.3383006478571305e-06,0.00016325375507116537,0.0025192587626481737
11,5.580685383676504e-05,1.0711099723261586e-05,0.0001713029101473344,8.841642052606144e-07,1.4253410353566357e-05,3.377302242936961e-07,9.82342671172429e-05,2.133156973166072e-05,0.0023490355146176794,3.7477561720969704e-08,3.17994741079304e-05,0.9807675408182758,1.9493304199940106e-06,0.01387804691168375,4.0743233072977475e-09,9.558310321025442e-06,9.855156572480043e-06,5.621189567564604e-06,2.964047150926643e-10,1.9682413289782424e-07,5.091554641619364e-07,3.2140621251053057e-06,2.2200012357148927e-06,0.0001687526233260059,0.002398796774520807
12,5.253538009066067e-05,1.008324574758747e-05,0.0002899639490234665,1.0802394300442934e-06,6.821870649819862e-05,3.8649567767590176e-07,0.00010091290103490177,1.177857360669584e-05,0.0038409965154313193,3.855824227029844e-08,5.551524926677944e-05,0.9607185250716987,2.13181167101464e-06,0.02947305840968043,4.699449257828491e-09,5.817125201406215e-06,1.6245354311235575e-05,4.558935717089414e-06,1.6771230994644175e-10,4.4396537751795115e-07,7.40819215838084e-07,3.09239970168297e-06,4.695859183481126e-06,0.0004653518707921225,0.004873823696238157
13,0.0002879288745671247,4.2348161488936815e-05,0.002614359031816593,2.3715110190403303e-05,9.321251029494912e-05,1.5545793680210083e-05,0.000765675444656879,5.1994581533783995e-05,0.04581366092972087,1.7901357976689567e-06,3.663398464167669e-05,0.8924465176416583,1.2559811154368917e-05,0.04564695056239948,1.6784797625857973e-08,0.00016657121573756314,6.870633947141772e-05,0.0001841566186063087,4.559822747483567e-09,3.864093010472897e-06,4.241619244365697e-06,4.262896664371808e-06,0.0001909464081865667,0.005277082875553139,0.006247254015304363
14,5.624799919107793e-05,2.0410906414983868e-05,0.00015840170783135756,1.1956833329584831e-06,2.2116873105802578e-05,3.467048618822804e-07,0.00010681829885572851,2.343439840519488e-05,0.002349560728808771,4.9669720289933744e-08,4.546280465790964e-05,0.9760074517434761,2.5279340722552355e-06,0.0189103749961334,3.759358798233364e-09,7.524998462099746e-06,1.28159495138716e-05,7.956794135010043e-06,4.477434280282542e-10,2.1298263401234626e-07,7.841367677300449e-07,4.183232188596727e-06,2.4962667109741945e-06,0.00016213310636387058,0.002097487877253902
15,5.3212848064941594e-05,1.1277620832488372e-05,0.00017181490171412576,9.126675386599567e-07,1.4158296989081133e-05,3.5405765139951244e-07,9.780908439559454e-05,2.191823961153516e-05,0.0024315316607466356,4.000357265806806e-08,3.1655801520410326e-05,0.979777978398583,1.8103718794079156e-06,0.01467160874422588,4.154410885794436e-09,9.557441860684416e-06,1.0082675436859732e-05,5.5957320433475215e-06,2.962809328109259e-10,1.9202935259825994e-07,4.936434204777617e-07,3.140511501105783e-06,2.3383006478571305e-06,0.00016325375507116537,0.0025192587626481737
16,4.090383886870936e-05,9.832780661255237e-06,9.360374531030024e-05,6.436328699599204e-07,9.731160576754925e-06,2.244524676475189e-07,7.56439396249226e-05,1.945049430229721e-05,0.0016463525226246194,2.486134068058085e-08,2.8158434450634878e-05,0.9843935765454869,1.368335438255983e-06,0.01163232885947139,3.2801700137330215e-09,6.609662275248038e-06,7.1352340044372265e-06,4.136880703672763e-06,2.4571495929869755e-10,1.1265563664275272e-07,3.474892067309668e-07,3.213726215114056e-06,1.2726889808714304e-06,9.576988770714237e-05,0.0019295546458906257
17,5.49210477915544e-05,1.3099053924925644e-05,0.00019668217274731474,1.0408782928641497e-06,1.2681647851373045e-05,4.342397093305723e-07,9.387045403765503e-05,2.5381628572794854e-05,0.002702738768063431,5.553828838026606e-08,3.126113011457635e-05,0.9781951343989894,1.8196045434733535e-06,0.015493900866598595,5.617658531211439e-09,1.2463911085220111e-05,1.0550250928196914e-05,5.886996360528578e-06,3.532495559673821e-10,2.1962827112858944e-07,4.5796232720260316e-07,3.3224660578504393e-06,2.570954322672487e-06,0.0001661944940884288,0.0029753059361248167
18,7.794791509009004e-05,1.387406646712707e-05,0.00022625560130080897,1.444742405773274e-06,1.7867923912024235e-05,5.415762546237467e-07,0.000104359111632337,2.9328901170461565e-05,0.003092136361184601,5.9250789702340815e-08,3.77336274422712e-05,0.9790754037095515,2.7193933195207476e-06,0.015107555878642962,4.5311215760908614e-09,9.845747927383904e-06,9.756305365267995e-06,7.763732367616506e-06,3.035775995393549e-10,2.7087962013078263e-07,4.6384974846816676e-07,3.847179970479263e-06,2.6059509512623555e-06,0.0001704594344310881,0.002007754025755266
19,6.0631964524172034e-05,9.324382763054439e-06,0.00018254466529193442,5.885965264223429e-07,1.100586605756155e-05,2.5371910828428895e-07,0.00011252774121570635,2.4489801002392187e-05,0.0015411616503219216,2.8443678125930668e-08,3.872278406709464e-05,0.9821377276462708,1.9651730405444125e-06,0.013223072700287731,3.2259558244747666e-09,1.0543830056416034e-05,1.2945423292479273e-05,6.119398339238594e-06,3.151668340011254e-10,1.7330644521208858e-07,7.598040659961933e-07,2.9139692364390512e-06,2.2341496281538355e-06,0.00014206850569221618,0.00247819293796547
20,5.590889696036346e-05,1.4120557395052342e-05,0.00013998772467326232,8.779257990854569e-07,1.3734964282382373e-05,3.8112931841291087e-07,9.76212070456877e-05,2.8558084993775384e-05,0.002750548156777707,4.554217163734492e-08,3.8946433022162563e-05,0.9767800389893023,2.0710110478902186e-06,0.01752473368766516,4.838330988891356e-09,7.832476913721858e-06,8.657504936969229e-06,5.893865501201889e-06,3.560067530650663e-10,1.9270722095887056e-07,5.071666203595297e-07,5.1447204325291614e-06,1.8142230800534467e-06,0.00012353513501622482,0.0023988426954853455
21,4.913698932279738e-05,1.3747342878733414e-05,0.0001509066809045108,9.87624885225912e-07,1.6910313279047258e-05,5.467265489924827e-07,0.0001179692236074106,2.387374198784736e-05,0.003345752932640168,4.95236039288634e-08,3.637296059259973e-05,0.9777981287696288,1.701628361045618e-06,0.01517317616398455,5.926962273756025e-09,9.24726398862015e-06,1.0033215926270149e-05,4.9666039924223926e-06,3.846496840809308e-10,1.9454130621272602e-07,4.7426487302186743e-07,4.106017830447292e-06,2.6293952817988663e-06,0.00015657497350649778,0.003082506789456953
22,8.87901608724328e-05,1.5513026423619158e-05,0.0003077254509796621,1.3109901306773288e-06,1.4927370302786632e-05,4.772162261388335e-07,0.00011219938929560827,3.870872315130083e-05,0.001977695067101475,6.690847413203442e-08,4.480012219445551e-05,0.9759978290728953,2.863271291372876e-06,0.018938662102848683,3.847039125108842e-09,1.2821768409825205e-05,1.9979877483484006e-05,1.1656096774463763e-05,4.4707137067397197e-10,2.7588629744128297e-07,9.60324558081628e-07,4.289008933719084e-06,3.4918679800637073e-06,0.00016536038274358902,0.002239591620521139
23,5.3212848064941594e-05,1.1277620832488372e-05,0.00017181490171412576,9.126675386599567e-07,1.4158296989081133e-05,3.5405765139951244e-07,9.780908439559454e-05,2.191823961153516e-05,0.0024315316607466356,4.000357265806806e-08,3.1655801520410326e-05,0.979777978398583,1.8103718794079156e-06,0.01467160874422588,4.154410885794436e-09,9.557441860684416e-06,1.0082675436859732e-05,5.5957320433475215e-06,2.962809328109259e-10,1.9202935259825994e-07,4.936434204777617e-07,3.140511501105783e-06,2.3383006478571305e-06,0.00016325375507116537,0.0025192587626481737
24,7.392610606845652e-05,3.6083753878695837e-06,0.0001644086618102331,2.6889764657646666e-07,9.695055687910266e-06,3.0370482388139345e-07,8.556406645278794e-05,1.2701733700733385e-05,0.001691923513135384,1.2702411176122532e-08,3.544306140452232e-05,0.989749214279605,1.6647263259225387e-06,0.005635142515743595,2.9802743854449658e-09,6.787757842171065e-06,6.1657936844750405e-06,2.0502207470177096e-06,1.0363256059975459e-10,1.3094618329008228e-07,2.731687014442774e-07,2.804210206837457e-06,1.0137861493487368e-06,0.00013986730351765942,0.002377026328856361
25,5.604920461401987e-05,1.2788365381890236e-05,0.0001873795165224921,9.888996986294693e-07,1.4930753893951502e-05,3.903568877860509e-07,9.638493707229085e-05,2.1100390147865256e-05,0.0028182775698542264,4.6965136812162455e-08,3.1189396300791515e-05,0.9779233742086408,1.8686861614294104e-06,0.015735947382433425,4.917340602542961e-09,1.0530900538841628e-05,1.0722368481720143e-05,5.453522170534517e-06,3.2526914168989287e-10,2.0299683588591937e-07,5.002858732399223e-07,3.3460851873608252e-06,2.5926793784993726e-06,0.0001856989273460314,0.0028802303588315384
26,9.536419817737806e-05,1.2920681615782054e-05,0.00047262854568313144,2.326053516941362e-06,3.266592362728635e-05,6.900281547337323e-07,0.00012710940233731438,2.0603441134854762e-05,0.005991866393926484,9.210240602195949e-08,3.217085836344987e-05,0.9656469972518982,3.3217665380494206e-06,0.023450059567611554,4.979668996842587e-09,1.667222642000467e-05,1.4501670664500473e-05,1.2765114161458912e-05,3.6212973227761954e-10,5.271936909508109e-07,7.789749946719533e-07,2.5793487709435635e-06,8.216674602865554e-06,0.000637064335331311,0.0034180729045734243
27,5.091762383309565e-05,1.148628338679774e-05,0.00012683264478900217,9.061701579019576e-07,1.4293519193209057e-05,4.6621352826699593e-07,9.346597131755559e-05,2.1601261777611217e-05,0.003712871686280315,4.25955382907114e-08,3.0785806214375015e-05,0.979709954417194,1.7156198724104449e-06,0.013345207607320728,5.37309570005068e-09,8.242706791979251e-06,6.514133690942782e-06,4.425531141465184e-06,3.0766749845805294e-10,1.796827105601735e-07,3.2336986756791586e-07,4.279658480606403e-06,1.9398351423330384e-06,0.00015656983284368858,0.0026969721481641257
28,5.3212848064941594e-05,1.1277620832488372e-05,0.00017181490171412576,9.126675386599567e-07,1.4158296989081133e-05,3.5405765139951244e-07,9.780908439559454e-05,2.191823961153516e-05,0.0024315316607466356,4.000357265806806e-08,3.1655801520410326e-05,0.979777978398583,1.8103718794079156e-06,0.01467160874422588,4.154410885794436e-09,9.557441860684416e-06,1.0082675436859732e-05,5.5957320433475215e-06,2.962809328109259e-10,1.9202935259825994e-07,4.936434204777617e-07,3.140511501105783e-06,2.3383006478571305e-06,0.00016325375507116537,0.0025192587626481737
29,5.3212848064941594e-05,1.1277620832488372e-05,0.00017181490171412576,9.126675386599567e-07,1.4158296989081133e-05,3.5405765139951244e-07,9.780908439559454e-05,2.191823961153516e-05,0.0024315316607466356,4.000357265806806e-08,3.1655801520410326e-05,0.979777978398583,1.8103718794079156e-06,0.01467160874422588,4.154410885794436e-09,9.557441860684416e-06,1.0082675436859732e-05,5.5957320433475215e-06,2.962809328109259e-10,1.9202935259825994e-07,4.936434204777617e-07,3.140511501105783e-06,2.3383006478571305e-06,0.00016325375507116537,0.0025192587626481737
30,5.3212848064941594e-05,1.1277620832488372e-05,0.00017181490171412576,9.126675386599567e-07,1.4158296989081133e-05,3.5405765139951244e-07,9.780908439559454e-05,2.191823961153516e-05,0.0024315316607466356,4.000357265806806e-08,3.1655801520410326e-05,0.979777978398583,1.8103718794079156e-06,0.01467160874422588,4.154410885794436e-09,9.557441860684416e-06,1.0082675436859732e-05,5.5957320433475215e-06,2.962809328109259e-10,1.9202935259825994e-07,4.936434204777617e-07,3.140511501105783e-06,2.3383006478571305e-06,0.00016325375507116537,0.0025192587626481737
31,6.841453619089973e-05,1.090847326676067e-05,0.00023108235174664575,8.422198966640776e-07,9.758294604651266e-06,2.8840551304517947e-07,9.256445242824647e-05,3.526481422621008e-05,0.0017250701102250526,4.418354795570181e-08,3.237881029189868e-05,0.9802640461157407,1.920161278821802e-06,0.015133850272845148,3.2321759059882424e-09,1.2401185299334867e-05,1.2416925732131608e-05,7.756230681319698e-06,3.0329017763864406e-10,1.8303350756249264e-07,6.083367141766594e-07,3.1399944699575154e-06,2.071214894863012e-06,0.00013236669563863225,0.0022226196457931905
32,5.290938325471248e-05,1.1650644253209099e-05,0.00016882338330037283,9.554856307273459e-07,1.4222870679083766e-05,3.841398688094507e-07,0.00010474038942314648,2.3014238426255237e-05,0.0025204053746210307,4.293180854925214e-08,3.23143687687971e-05,0.9796800648499904,1.8653871125855823e-06,0.014601403618128037,4.583867353091391e-09,1.0193194766917291e-05,1.0419696423152358e-05,5.891234117928064e-06,3.504367721190672e-10,1.9835126959699493e-07,5.280089124253233e-07,3.3197932666648466e-06,2.502507962208726e-06,0.00016533667079230942,0.002588808542919042
33,4.699359483189016e-05,6.241099972504212e-06,7.785775112114285e-05,4.246845629916853e-07,6.4414831838200615e-06,1.4006841312887685e-07,6.820764596104115e-05,1.8225668591291745e-05,0.0006408186509887197,1.1200996347449442e-08,2.838432249153949e-05,0.9920323887845691,1.402957729604655e-06,0.005969820528100153,1.4790273828123567e-09,5.839046101677968e-06,8.822565886303279e-06,4.211833415820023e-06,1.6678966737653235e-10,8.137649490701566e-08,3.500292885240107e-07,2.439526398471378e-06,9.003395993494651e-07,6.675180885492927e-05,0.0010132433866296335
34,0.00015716046782997682,7.047999519867313e-06,0.00024127909211292973,7.777853825826142e-07,1.4340597255119047e-05,3.0085533388590553e-07,0.00012546795849263957,2.320358103768095e-05,0.0022622487794742617,2.889268982814636e-08,4.44321281816732e-05,0.9855959960783821,3.935743159459914e-06,0.009664968510827245,3.6960873308183824e-09,8.020721568973071e-06,7.800545972088835e-06,8.094165741950926e-06,3.2652124332831016e-10,1.7784399534974628e-07,6.298619382444321e-07,3.712509385997225e-06,1.8454580240446062e-06,0.0001634122369204566,0.0016651141641649144
35,5.404382311967141e-05,1.0980732603312661e-05,0.00016674401570527869,8.88236739521449e-07,1.3456319620439508e-05,3.508693899032176e-07,9.746405292335846e-05,2.2147928090702065e-05,0.002379176285313546,3.8891225966034376e-08,3.122455437130611e-05,0.9806378998807743,1.8019530699044006e-06,0.013965735935501454,4.018724782142777e-09,9.550854153407461e-06,9.87016372446917e-06,5.612045792258508e-06,2.959651445420855e-10,1.8463217141637074e-07,4.765445243774441e-07,3.1637515563789817e-06,2.2522307499117677e-06,0.00015727941617871795,0.002429652568010651
36,5.318792489035742e-05,9.661516634453555e-06,0.0003278667987536583,2.0894086649532263e-06,0.00037813517323371045,1.0558714113698627e-06,0.00031336875483845586,6.824006909150858e-06,0.006955289828605603,3.294796539291497e-08,0.000121267191732782,0.9646964521625484,3.0673401610223834e-06,0.017978566092220413,8.011137745643063e-09,5.221145474784846e-06,1.200451704944712e-05,4.949244878890614e-06,4.294014284849362e-10,5.53187176136191e-07,2.846872273470604e-06,1.3800753080708049e-06,1.771053217522547e-05,0.0021213865012637166,0.006987074465291269
37,5.127553069461535e-05,1.1561629367056073e-05,0.00016645135897478002,9.061611227481921e-07,1.3701960649042336e-05,3.603222909909832e-07,9.593030442387402e-05,2.2494348342497458e-05,0.002410014702412471,4.078002428160953e-08,3.176896650950671e-05,0.9797142839400131,1.7393116515799084e-06,0.01471981382296392,4.3193112343601335e-09,9.589504887211082e-06,1.0085483354685784e-05,5.4205187585637204e-06,3.0059226270835815e-10,1.882439214390673e-07,4.788551809467099e-07,3.206391783382699e-06,2.2946347486910263e-06,0.00015560460733476762,0.0025727840006860964
38,7.75545795724851e-05,8.803242712088997e-06,0.00023795374468650655,1.0579301851405734e-06,1.1345220539258843e-05,6.402546864484401e-07,0.00019356843115000334,2.8337178912480923e-05,0.002137297894383303,4.7565640011118474e-08,3.151497994533182e-05,0.9856852793907155,3.034124418256166e-06,0.009301081223634943,4.648078981300767e-09,2.018855926340535e-05,1.3801810715734122e-05,1.1078912685222222e-05,5.396994136451742e-10,3.0757383648910164e-07,7.788019599047752e-07,3.044804433472327e-06,3.6450069259727134e-06,0.00019079986235717467,0.002038833718862332
39,5.174688347005395e-05,8.313030672369323e-06,0.00014450313768164216,7.209982572971127e-07,1.0016887680046744e-05,3.3409661530288343e-07,9.742245531024518e-05,2.403684746802169e-05,0.0016471155333632858,2.8481883552249754e-08,2.9842531745808088e-05,0.9858299097537866,1.5867521846668883e-06,0.010030016510493877,3.190338713426254e-09,9.527507938559825e-06,9.91144833403717e-06,5.21973328943016e-06,2.604675788610293e-10,1.5194188804704634e-07,4.445159157698879e-07,2.9046159668190214e-06,1.9065283611107226e-06,0.0001230273377850592,0.0019713090191020755
40,5.352237642423389e-05,8.674209269875173e-06,0.00013123705869205678,5.112715481895207e-07,1.2243357579396526e-05,2.35367816744645e-07,6.496673298758716e-05,1.4921588208992784e-05,0.0015203213640148496,2.0210694564645053e-08,3.332394754406143e-05,0.9853796206806987,1.483110039212491e-06,0.010532383790241441,3.2115026785796733e-09,5.375395669989873e-06,8.438337597495713e-06,2.655257195251493e-06,1.5160166701580156e-10,1.1066711226115323e-07,3.508151912558686e-07,3.473292364492228e-06,1.0619706897858723e-06,0.00010814448371673033,0.0021169213515986485
41,4.224348093325705e-05,1.0755189560750104e-05,0.0001634698943182782,1.9593496992094064e-06,2.191160398639856e-05,7.692227588895498e-07,6.448612556984835e-05,1.45851851327023e-05,0.005110088530934162,6.496001148273535e-08,2.236521680899422e-05,0.9789002010194781,1.1512007555536548e-06,0.011903832677524965,1.0703866798761896e-08,8.85923458247011e-06,5.800841901440281e-06,2.78796844318887e-06,1.9421786026023266e-10,2.1504755066499703e-07,1.278480412834753e-07,2.4259330805165813e-06,2.7828523067891675e-06,0.0002155629836497185,0.003503542734886699
42,5.27800871834152e-05,1.137721018287827e-05,0.00018591190957529928,9.741911421541308e-07,1.561573683441132e-05,3.4939040243239397e-07,0.00010270739810198126,2.146927939782518e-05,0.002592114048052459,4.188715686337797e-08,3.168864905140801e-05,0.9779924379867062,1.852112101281562e-06,0.016156597453667414,4.120764776497333e-09,9.665642907720011e-06,1.021680723723825e-05,6.015430495907645e-06,2.99452127680734e-10,2.0584685582092563e-07,5.405564015677783e-07,2.891559573902671e-06,2.6204142212597153e-06,0.0001816438895384644,0.0026202780929951114
43,7.667142061580344e-05,1.9594805200193612e-05,0.00027671503120557596,1.8476618609915976e-06,2.0677058840395977e-05,1.0685825811754434e-06,0.00015164043254124013,4.657031762785549e-05,0.005145701673869838,1.273215890113126e-07,4.737156051091585e-05,0.9674285927514542,2.902479519952197e-06,0.022926630727430588,9.156339370496236e-09,1.6125937333323672e-05,1.3829466281509276e-05,1.094031510987642e-05,7.800970535454659e-10,3.7700079930156166e-07,8.559351978907999e-07,6.385979277377018e-06,4.580980284321572e-06,0.0002327391894432818,0.003568043434988959
44,5.3212848064941594e-05,1.1277620832488372e-05,0.00017181490171412576,9.126675386599567e-07,1.4158296989081133e-05,3.5405765139951244e-07,9.780908439559454e-05,2.191823961153516e-05,0.0024315316607466356,4.000357265806806e-08,3.1655801520410326e-05,0.979777978398583,1.8103718794079156e-06,0.01467160874422588,4.154410885794436e-09,9.557441860684416e-06,1.0082675436859732e-05,5.5957320433475215e-06,2.962809328109259e-10,1.9202935259825994e-07,4.936434204777617e-07,3.140511501105783e-06,2.3383006478571305e-06,0.00016325375507116537,0.0025192587626481737
45,4.3182787374972765e-05,6.004500817336917e-06,0.00010826895908487563,9.151410176833762e-07,1.3925262117892573e-05,5.431578954251657e-07,0.00015005102557024582,2.2596793024677052e-05,0.0029009140006752724,2.9802419686350727e-08,2.5426940419045696e-05,0.9880186885594266,1.634886160021414e-06,0.006642820431448416,5.5943323061883304e-09,1.0152477132123083e-05,5.3063145875164106e-06,4.142636171805534e-06,2.9503424071768013e-10,1.8759005107486067e-07,2.474656266664659e-07,2.732329270891804e-06,1.7370494263023022e-06,0.00012897345996058487,0.0019115125409543418
46,5.347284710882364e-05,7.071421005115803e-06,6.738135114289959e-05,4.561568386834347e-07,6.41693402371953e-06,1.7991255470688852e-07,4.360068587385518e-05,1.2483257697024346e-05,0.00042272270025308154,9.512627313505041e-09,2.6795434814002725e-05,0.9945220449372237,9.234733038186626e-07,0.003489724761714084,2.3563425140953732e-09,5.980722983952927e-06,1.63695809426389e-05,1.943084743964567e-06,1.3554211847226882e-10,5.21681255375853e-08,2.114527789337339e-07,2.7956659141348133e-06,9.674266766238438e-07,6.34318796533922e-05,0.001254962140115365
47,5.352369677645245e-05,2.0146229966477715e-05,0.001724521540590488,9.112807244934231e-06,0.00014584725273479387,1.9465372256137247e-06,0.00032035379818658985,5.5883718509927025e-05,0.018321112631952744,6.006710126463928e-07,7.373765884566283e-05,0.7232039967828706,3.6868366594508787e-06,0.2462237987268238,1.0574224170992974e-08,1.4629840258050267e-05,2.7879401934405872e-05,5.6936356047374796e-05,1.1258411345394965e-09,2.102228482735291e-06,6.479266477024339e-06,1.9302763117450698e-06,6.858181694015416e-05,0.001253140943337097,0.008410039280745994
48,5.006646192293382e-05,2.573400212615938e-05,0.00011249132845437025,1.2208335667057898e-06,1.0558285226354038e-05,4.1039054895538703e-07,9.829891937836055e-05,3.43745218157288e-05,0.0014668976545416479,5.775307205615939e-08,3.28412399127559e-05,0.9818978922340764,1.519140381057116e-06,0.01378364952261587,5.700543957174577e-09,1.3257080997397913e-05,2.5734027034090794e-05,6.096455875657461e-06,6.553819011786524e-10,1.2736066996257445e-07,6.081184898323732e-07,5.660415167340618e-06,2.6036045742660914e-06,9.160240756631714e-05,0.0023382918860601677
49,3.2701224801538906e-05,9.661287370597607e-05,0.0001689147159717018,2.7574915330407685e-06,6.19130698589931e-05,2.2320976859611027e-07,0.0003344176142429374,3.0749017963751864e-05,0.010722058577063251,3.4013290226513397e-07,5.4544933703275644e-05,0.78776289782499,2.5532367090979954e-06,0.1837405310792273,3.0810596223465464e-08,2.558085734868797e-05,4.251661237443081e-05,2.591255301762006e-05,1.2189368647793583e-08,3.0824201342422815e-07,9.210053246714727e-06,6.489589854273317e-06,1.772124722844129e-05,0.000704122035824465,0.016156880806685422
50,5.05886469042419e-05,1.3413604072795103e-05,0.00015546158914520486,9.401661167737679e-07,1.4149475432152785e-05,4.1278619310278346e-07,0.0001259654253415252,2.9264546672381902e-05,0.0031749480447929735,5.217503742510646e-08,3.4584609277057334e-05,0.9751293078490475,1.985676690389444e-06,0.018528457852021687,4.973656913194313e-09,9.197222653116918e-06,8.784326568583474e-06,6.779812449618266e-06,4.488916928283292e-10,1.9332972525190112e-07,6.016721994887711e-07,4.3465650253191236e-06,2.156098325402269e-06,0.0001337665814016016,0.0025746365223576475
51,3.855332021552141e-05,2.617148995622616e-05,9.193964049061869e-05,1.2228694767730207e-06,9.801651794400916e-06,2.306415803171157e-07,4.199786770773538e-05,3.1882226063847286e-05,0.0019414019050168032,6.125631782595015e-08,3.065566407092824e-05,0.9748466541069094,1.4001941887457444e-06,0.020710526767226883,5.45730035612356e-09,7.067107158511526e-06,7.2902306192086194e-06,4.57261011522301e-06,3.2373528446705854e-10,1.245663772796564e-07,2.616548819194407e-07,5.238630949415104e-06,1.0246743113172323e-06,7.12097449968292e-05,0.002130705398538499
52,0.00011994037800443013,2.3449209140663384e-05,0.0003832476083104675,4.1124860909314035e-06,1.832811554970483e-05,1.6104054818560618e-06,0.00015852684153107313,6.968884577494012e-05,0.008025609873733148,3.704268031197597e-07,4.576868934452034e-05,0.9574390481608509,5.8244215749732e-06,0.030123131749056443,1.2235894493382777e-08,3.758335518904304e-05,1.382535752627089e-05,3.991022013959965e-05,1.5596599901183767e-09,9.116628206404688e-07,7.921234934146251e-07,7.458192744537419e-06,7.55622296168757e-06,0.0003611611719495872,0.00311213068637385
53,3.225420001607862e-05,5.121080406145158e-06,8.732631626681456e-05,5.201677827451506e-07,1.0042037674654708e-05,3.161130759583572e-07,0.00014514773646537305,1.5589323141170437e-05,0.0020000073697425324,1.5776445868170064e-08,2.3114518676087417e-05,0.9876939636635573,1.1656611245394333e-06,0.007989633464473792,2.8304588368093604e-09,7.0099414953131446e-06,5.716772714773695e-06,3.6986493781517064e-06,1.9563558766503013e-10,1.216643018056693e-07,3.3642505714799796e-07,1.8922825253220242e-06,1.7943025508172592e-06,0.00011039768229031063,0.0018648118247428826
54,4.279215722471337e-05,1.1341781585235014e-05,0.0001439317278994819,7.763603182920563e-07,1.2210306381795062e-05,2.933393738344259e-07,8.056560671967726e-05,1.9139379235666905e-05,0.0024207110182713778,3.7603986059999896e-08,2.7407554499278315e-05,0.9796866146707089,1.4744694333488914e-06,0.0145496858822482,4.5475174615725716e-09,9.4723883193593e-06,8.499046511322428e-06,4.203827614016724e-06,2.6734801275458887e-10,1.6633438372594403e-07,3.8138217236287377e-07,3.037487441802225e-06,1.8192962222292155e-06,0.00015024296217281552,0.002825190602411232
55,0.00042903943613477384,0.000677813361053645,0.003807508779457689,1.186620932607115e-05,3.842639565559524e-05,3.067905092585388e-06,0.00010516640608516765,0.0007892963809590191,0.005092754634959416,8.576695743227669e-06,0.0002550365391830372,0.525657233415791,1.667864049772934e-05,0.45167948210365505,7.161249093923293e-08,7.612730296094507e-05,0.0004677726960501258,8.172278145708474e-05,8.956865913371666e-09,2.927739644934632e-06,1.545329399276036e-05,9.825878804779047e-05,2.1250477892188084e-05,0.00019092631100138787,0.010473533136002
56,5.446591178995899e-05,1.1018704723948165e-05,0.00016701866209013278,8.920087343161848e-07,1.4026178547538819e-05,3.4964475888960345e-07,9.87367209873157e-05,2.1852201174723507e-05,0.00237225599492762,3.833248679104033e-08,3.2041358029577706e-05,0.9805356725130399,1.864353344649323e-06,0.014078475839022813,4.08521560792343e-09,9.362564495642014e-06,9.913487335315994e-06,5.598899538315014e-06,2.9938271412172946e-10,1.8920924699006066e-07,4.985072033239042e-07,3.2223768715183654e-06,2.257032727965148e-06,0.0001607238605797029,0.0024195212537449044
57,4.539374020446641e-05,1.1116032129015775e-05,0.0001319823841078343,6.494641274413681e-07,1.0434576126260994e-05,2.2689397854662143e-07,8.884384394320723e-05,2.0921457166829988e-05,0.0016480950523828834,2.940780769392882e-08,2.8994021220064172e-05,0.9839274507304767,1.7779888771056607e-06,0.011766152351123804,3.440677729204602e-09,9.84854168633448e-06,9.806035713984933e-06,4.818619692173081e-06,3.540202910180044e-10,1.419824756929547e-07,5.683186418647154e-07,3.3168423324143384e-06,1.481482666451722e-06,0.00012839697166811616,0.0021595494667528328
58,5.1520725820002714e-05,1.0482582411522439e-05,0.00017446042126941994,9.654642941265331e-07,1.7367773219709365e-05,3.547814967790015e-07,0.00010238342480003526,1.8200772685004557e-05,0.0027494651444489398,3.766788058382373e-08,3.0619221197840744e-05,0.9800151439058238,1.971645339378186e-06,0.013938708141510506,4.313816212328927e-09,1.0004491226888374e-05,9.479089994431387e-06,5.439655709764467e-06,2.991802015336145e-10,2.2619524247447133e-07,5.163986191209876e-07,2.847582810700621e-06,2.652374518657482e-06,0.0002237323770037144,0.0026334155496800854
59,5.419992611386355e-05,1.1408430383931564e-05,0.00021039483910624887,1.015151666032023e-06,1.7550685976545827e-05,3.670738061565888e-07,0.0001004198267032637,1.978829509582788e-05,0.0027957426942750007,4.436724149217285e-08,3.1442600784814856e-05,0.9775287517352932,2.0564730751722035e-06,0.016088318204474816,4.467532993589867e-09,1.1086124431887008e-05,1.0655438792501978e-05,5.916516602498951e-06,3.027844015975224e-10,2.5256132980008523e-07,5.690893164607276e-07,2.91552223381975e-06,2.83057881036503e-06,0.0002338312543192579,0.002870437839849434
60,5.3212848064941594e-05,1.1277620832488372e-05,0.00017181490171412576,9.126675386599567e-07,1.4158296989081133e-05,3.5405765139951244e-07,9.780908439559454e-05,2.191823961153516e-05,0.0024315316607466356,4.000357265806806e-08,3.1655801520410326e-05,0.979777978398583,1.8103718794079156e-06,0.01467160874422588,4.154410885794436e-09,9.557441860684416e-06,1.0082675436859732e-05,5.5957320433475215e-06,2.962809328109259e-10,1.9202935259825994e-07,4.936434204777617e-07,3.140511501105783e-06,2.3383006478571305e-06,0.00016325375507116537,0.0025192587626481737
61,5.78568977084584e-05,1.1096934071871052e-05,0.00022011350304047123,1.0471741905058967e-06,1.7996291323667015e-05,3.8746288730777863e-07,0.00010396421834342942,2.0384897111676477e-05,0.0029951018428093453,4.563729560384501e-08,3.183341239116181e-05,0.9773458411460281,2.1187452041751925e-06,0.016120467703037437,4.354328395909571e-09,1.0752315002349711e-05,1.023298181152979e-05,6.184723324193303e-06,3.04866016142715e-10,2.491513333885958e-07,5.736246880628986e-07,2.937288570504436e-06,2.8924367459632503e-06,0.00023709153517421157,0.0028008254187120224
62,5.3212848064941594e-05,1.1277620832488372e-05,0.00017181490171412576,9.126675386599567e-07,1.4158296989081133e-05,3.5405765139951244e-07,9.780908439559454e-05,2.191823961153516e-05,0.0024315316607466356,4.000357265806806e-08,3.1655801520410326e-05,0.979777978398583,1.8103718794079156e-06,0.01467160874422588,4.154410885794436e-09,9.557441860684416e-06,1.0082675436859732e-05,5.5957320433475215e-06,2.962809328109259e-10,1.9202935259825994e-07,4.936434204777617e-07,3.140511501105783e-06,2.3383006478571305e-06,0.00016325375507116537,0.0025192587626481737
63,5.2338135292422e-05,1.2855377056875775e-05,0.00016256327018188813,9.210221222813754e-07,1.3760410452913884e-05,3.472171843191656e-07,9.326554331726746e-05,2.2500525885593435e-05,0.002418119131995296,4.239063850938167e-08,3.171228559070394e-05,0.9794288113470376,1.7826869798458486e-06,0.014964195018304028,4.4737452975678615e-09,9.861110253711076e-06,1.0477132079623082e-05,5.409223146055622e-06,3.254379628868412e-10,1.836305127910802e-07,4.969639453283874e-07,3.431749516431512e-06,2.2500644020248017e-06,0.00015910568880746567,0.0026055652761136972
64,5.7984621029887135e-05,1.1688097424221413e-05,0.00020320072065388212,9.084125866937505e-07,1.5873617949317935e-05,3.350625849849265e-07,0.00011718532627074131,2.428584603176195e-05,0.002323043209790709,4.13762602146177e-08,3.584199960180892e-05,0.9776154152234063,2.1368586597194375e-06,0.016790371004544943,3.908752662044202e-09,1.0199777050293629e-05,1.2148092954448158e-05,6.866404571701397e-06,3.6522283199618787e-10,2.1096518914270605e-07,7.713087644594091e-07,3.2583735429363055e-06,2.6712684512646234e-06,0.00018012470020402043,0.002585433458501152
65,5.4279191954327535e-05,6.8672903643401605e-06,0.00011722144388649238,1.0031602391003919e-06,1.1716081471932993e-05,6.210774718008198e-07,0.0001370087789316668,2.1418926949255177e-05,0.0012961805681578138,2.629352922419954e-08,3.51666826773041e-05,0.9904303463463672,1.4536569043057284e-06,0.005961735958598048,4.168600696166443e-09,1.016558702987468e-05,1.4064673823965676e-05,6.064128576671825e-06,3.681326094119629e-10,1.402943244104383e-07,4.420892162338967e-07,2.404093119616938e-06,3.377300292165093e-06,0.00011939386932348538,0.0017688979700576164
66,5.4661190698484636e-05,1.1110719198702602e-05,0.00017739874429326995,9.017623777711761e-07,1.4151945042617892e-05,3.482737877551839e-07,9.824397493363151e-05,2.2348691038990092e-05,0.002412275021750881,3.995836302893317e-08,3.2047545966579895e-05,0.9797633280877455,1.8791865717631314e-06,0.014757524834094787,4.0424160681918666e-09,9.545156999101198e-06,9.926511823477138e-06,5.754558645074991e-06,2.903446430331401e-10,1.9730496802865104e-07,5.003387703662019e-07,3.1522511082679127e-06,2.264531767120219e-06,0.00016232280137497813,0.0024600722759190725
67,4.7253351771393904e-05,1.0794778135263037e-05,0.00013053276787285893,7.526349779141985e-07,1.2493624235358436e-05,3.195047737388551e-07,9.019587487435521e-05,2.017729575615441e-05,0.0023931155221414424,3.3523243293572735e-08,2.9647593344732914e-05,0.9819829804187,1.5384574140982733e-06,0.012721745669126783,4.016087511226652e-09,8.116410563450214e-06,8.202558521703201e-06,4.339512841225393e-06,2.714752910180509e-10,1.4647893673181924e-07,3.843244245998698e-07,3.3103610806177483e-06,1.7337914351147744e-06,0.00013328053583027557,0.0023989007224359685
68,6.538810796531561e-05,1.6637904457345848e-05,6.894964768614564e-05,4.806252761240447e-07,5.694247794037055e-06,2.2973050213397502e-07,0.00010129664157629995,4.513943302835571e-05,0.000661275061947727,2.3893395659209335e-08,4.359945782307472e-05,0.9913608887128394,1.7627619561581016e-06,0.00613994083939256,3.4040687180534863e-09,1.0892823826476088e-05,1.875988552890821e-05,5.316164735251859e-06,6.727401358221277e-10,7.15911024540001e-08,6.225463101606928e-07,7.460472016736248e-06,9.146374815842943e-07,4.4321758752204835e-05,0.0014003289777971104
69,5.297500817477716e-05,1.1412305113644772e-05,0.0001602608904880764,8.835512868688985e-07,1.3883978777493226e-05,3.503183480150058e-07,9.40821703049189e-05,2.107289879634677e-05,0.0023994653005183306,3.8314431437929755e-08,3.140012854310226e-05,0.9806086151598825,1.736756586491216e-06,0.01391990038860068,4.1952461946663555e-09,9.139478906260562e-06,9.899724830876178e-06,5.153756443127853e-06,2.878849389198724e-10,1.7746313086665897e-07,4.5552477310723696e-07,3.218658114685283e-06,2.206298495931366e-06,0.00015629771147508963,0.0024973697308463823
70,5.31642342770978e-05,1.1254707959478838e-05,0.00017199265519860147,9.146459783644913e-07,1.4205547112936782e-05,3.546138694605947e-07,9.78385144941658e-05,2.1874524334665863e-05,0.002437491345118714,3.998057777267076e-08,3.1635774687416136e-05,0.9797602228106096,1.8082869705065336e-06,0.014682180374761855,4.156433391122677e-09,9.532875188416812e-06,1.0062270651527987e-05,5.5874651456609385e-06,2.9527189858904855e-10,1.921543763972567e-07,4.927507494114103e-07,3.1317504659442618e-06,2.342501789725264e-06,0.00016349491622729453,0.0025201808477497162
