,0,1,2,3,4,5,6,7,8,9,10,11,12,13,14,15,16,17,18,19,20,21,22,23,24
0,5.6487753522165444e-05,1.3585749060846849e-05,0.00011053457614927215,1.205036766938404e-06,1.644605599881586e-05,4.1523999950167983e-07,7.520358592653679e-05,2.1954760817079995e-05,0.0010254504454572247,2.7913269152505665e-08,3.3395164864768214e-05,0.9922775831222538,1.6130123239302675e-06,0.004939292229735175,4.425062124741402e-09,8.563612576472416e-06,1.5067840598153342e-05,2.6322069439162667e-06,2.1298801916072686e-10,1.1620529961913398e-07,2.399087160395294e-07,3.4744406089669597e-06,1.2358831310888322e-06,8.391437908106841e-05,0.0013115562388494807
1,6.92328282677131e-05,2.351037383443616e-05,0.0002080354343958855,1.9718020174598338e-06,2.203654839184549e-05,1.4297631467898432e-06,0.0001464917050444737,4.902985928797986e-05,0.007365579428469037,1.5160796093012056e-07,4.564555224951717e-05,0.9713109934740518,3.279780745800001e-06,0.017357506171233522,1.2484308513333935e-08,1.5350531792167784e-05,8.349229177104173e-06,6.645257079183385e-06,7.311391939534259e-10,3.683087312374085e-07,4.187138975741925e-07,8.98352157159081e-06,2.493153562598922e-06,0.00015899494745073506,0.0031934887921928755
2,5.4880488335734395e-05,2.320328281146515e-05,0.00014908445720223637,1.6794855719440502e-06,2.4076371171383862e-05,1.0273005428091737e-06,0.00011411067761355632,4.0761518014937184e-05,0.005876357869785266,1.0837524828245322e-07,4.848835422326549e-05,0.9719138786340419,2.5027482499206357e-06,0.018348080635906316,1.2444855555437084e-08,1.0125289197632105e-05,7.587733060459623e-06,4.569549391549954e-06,4.973796280250001e-10,3.076488135432563e-07,3.227351364746411e-07,8.65732345571155e-06,1.972469101917246e-06,0.00012900405792346076,0.003239200052964942
3,6.67312931243778e-05,2.236463273858907e-05,0.0001473511494474383,1.6213104711101545e-06,2.1000864356194592e-05,1.073920196115207e-06,0.00012126472594295875,4.0066976377235395e-05,0.004731503793482348,9.110043304052293e-08,4.847027539251155e-05,0.9783634550726586,2.6285174544329972e-06,0.013741881200742819,9.607080286580244e-09,9.942707209419335e-06,8.846242809928393e-06,4.919665487982474e-06,5.035259109562153e-10,2.447905407730005e-07,3.4180792513831133e-07,8.327949103034668e-06,2.0000010369651422e-06,0.00011544560492269253,0.002540416287540133
4,6.862427030483457e-05,2.2815755490723554e-05,0.00015381336789718351,1.6230253607176123e-06,2.1960517536115102e-05,9.804757453015337e-07,0.00012247044468626677,4.0848647883494486e-05,0.0048288812191232934,9.184457886778732e-08,4.971058986141915e-05,0.9767080039531177,2.914610461187496e-06,0.015360777505540569,9.243635019648527e-09,9.50982159628126e-06,8.631017731558571e-06,5.356099251282068e-06,5.143261882444263e-10,2.6429327530134453e-07,3.84244660140108e-07,8.753021366660981e-06,1.941839036241937e-06,0.0001184677862550429,0.0024631658912782893
5,7.517006489569915e-05,2.4314554287242103e-05,0.00019100588420016516,2.4374000146375325e-06,2.6446434169619338e-05,1.3640318897099285e-06,0.00014182385985480006,4.55281892937916e-05,0.005769089042332658,1.3024127531404572e-07,5.045773266885183e-05,0.97404470679857,3.339867759546436e-06,0.01690678696619927,9.989397262857026e-09,1.2252435451196979e-05,1.0159424618042174e-05,8.093867709158588e-06,6.370836591767856e-10,3.608950677561456e-07,4.396785443161586e-07,7.993824388194455e-06,3.0780268688012102e-06,0.00015916886337630955,0.0025158412900838996
6,6.67312931243778e-05,2.236463273858907e-05,0.0001473511494474383,1.6213104711101545e-06,2.1000864356194592e-05,1.073920196115207e-06,0.00012126472594295875,4.0066976377235395e-05,0.004731503793482348,9.110043304052293e-08,4.847027539251155e-05,0.9783634550726586,2.6285174544329972e-06,0.013741881200742819,9.607080286580244e-09,9.942707209419335e-06,8.846242809928393e-06,4.919665487982474e-06,5.035259109562153e-10,2.447905407730005e-07,3.4180792513831133e-07,8.327949103034668e-06,2.0000010369651422e-06,0.00011544560492269253,0.002540416287540133
7,0.00012835213034622858,2.1753808103767804e-05,0.00015883215925115501,1.4819816824271458e-06,1.622306055022471e-05,1.0402618448653378e-06,0.0001424308602644683,4.737967198382633e-05,0.003420252013872221,7.282007810068397e-08,6.839784423402334e-05,0.9856007704746346,5.719874743687114e-06,0.008709707786061695,9.471803128824333e-09,8.796903565368697e-06,7.563494079891638e-06,5.369159808733207e-06,5.732586193134872e-10,2.4625525221845686e-07,3.424375244441081e-07,1.3684963864428267e-05,1.0490359766462593e-06,8.327007189467017e-05,0.0015572528853207421
8,5.624143853183647e-05,2.049292789101209e-05,9.510083817374106e-05,1.2002948059323458e-06,1.723234213878189e-05,1.0841410234816833e-06,0.0001720991620661327,4.922569294833487e-05,0.003953446845485616,6.877667111506774e-08,5.4131370632163964e-05,0.9824745786156411,2.69840263199006e-06,0.011142332932361783,7.890273371435762e-09,8.104607369949537e-06,7.515407258143012e-06,4.969156478352548e-06,6.280557914734866e-10,1.8792435288797848e-07,3.8454567102699447e-07,1.0433704016975464e-05,1.3717329483616539e-06,6.519561234971408e-05,0.0018618950102224372
9,6.532234910860111e-05,3.582387168834946e-05,0.0003575983158306292,3.38993500038934e-06,3.061536084447982e-05,1.1793178875916267e-06,8.02692251819594e-05,4.0189761948413236e-05,0.008098306632855434,2.636389017034983e-07,3.9020286469357075e-05,0.9555120897782624,2.9488450566060597e-06,0.030218945658026557,1.7158858161948e-08,2.198412939862094e-05,1.2958826856280577e-05,6.675310134566715e-06,5.684237014406147e-10,6.100616589763909e-07,3.8820978636571936e-07,6.570637955265223e-06,4.215037662955871e-06,0.0003218417308703499,0.0051387753513321595
10,6.67312931243778e-05,2.236463273858907e-05,0.0001473511494474383,1.6213104711101545e-06,2.1000864356194592e-05,1.073920196115207e-06,0.00012126472594295875,4.0066976377235395e-05,0.004731503793482348,9.110043304052293e-08,4.847027539251155e-05,0.9783634550726586,2.6285174544329972e-06,0.013741881200742819,9.607080286580244e-09,9.942707209419335e-06,8.846242809928393e-06,4.919665487982474e-06,5.035259109562153e-10,2.447905407730005e-07,3.4180792513831133e-07,8.327949103034668e-06,2.0000010369651422e-06,0.00011544560492269253,0.002540416287540133
11,6.939290715133227e-05,2.1096159880957065e-05,0.00014645719120364025,1.5506189981133588e-06,2.0955428295022933e-05,1.0101306060595317e-06,0.0001216537066568316,3.896878104617923e-05,0.004549331794411595,8.410144099143131e-08,4.828852891051109e-05,0.9794344038816281,2.8177444890771355e-06,0.012974096346230864,9.410482212297905e-09,9.86879502837963e-06,8.546704374109189e-06,4.836748899806884e-06,4.958115695384536e-10,2.5030512369680606e-07,3.480857652063386e-07,8.49455722288397e-06,1.872187232958996e-06,0.00011731939744428388,0.002418345991665671
12,6.889043954418325e-05,1.8192686664783398e-05,0.0002682086297524218,1.4901041986870002e-06,9.164129307248917e-05,1.1098774873353233e-06,0.00011738275122804126,1.7884329781360738e-05,0.007548929804800755,7.636154514165509e-08,8.694990944643171e-05,0.9577729313587477,2.5201533253110466e-06,0.028084522713702032,9.53755484864006e-09,5.100222723123704e-06,1.3283931889570057e-05,4.1582717700843166e-06,2.5016954542396425e-10,4.779503544295304e-07,5.264403049731072e-07,6.732737086393945e-06,4.220574835280765e-06,0.00036495379814090585,0.005519805871874126
13,0.0003549406964103773,8.704611667672494e-05,0.0021456262839178284,4.740533977600659e-05,0.00014410305605477332,5.2098906371972106e-05,0.0009021837025120764,9.845026230872743e-05,0.09194678613388962,4.611360713916049e-06,5.6946934153091415e-05,0.8501329760782266,1.8694215606772972e-05,0.04320879747901936,4.344445878129754e-08,0.00018284609164735495,6.354883848884442e-05,0.00015874768467053974,8.442683763957858e-09,5.139252718027563e-06,2.9565577355128906e-06,1.2433059955623514e-05,0.0001740143680965967,0.003873270791763044,0.006326324902144155
14,7.255371486334602e-05,4.0365289843359834e-05,0.00013489219780564248,2.1894616704377988e-06,3.5561547456411564e-05,1.1302674084714172e-06,0.0001393040794502622,4.281216531100608e-05,0.004662151272219121,1.1393423166737323e-07,7.362997585371184e-05,0.97538958040006,3.6144959060827255e-06,0.017089248350572316,8.688785289465534e-09,7.836953938881908e-06,1.1935962612767761e-05,7.2175466364032945e-06,8.292863755287439e-10,2.5519819893502997e-07,5.976774557247542e-07,1.1145642562220076e-05,2.2900723739398842e-06,0.00012369629783681396,0.002147867977660717
15,6.67312931243778e-05,2.236463273858907e-05,0.0001473511494474383,1.6213104711101545e-06,2.1000864356194592e-05,1.073920196115207e-06,0.00012126472594295875,4.0066976377235395e-05,0.004731503793482348,9.110043304052293e-08,4.847027539251155e-05,0.9783634550726586,2.6285174544329972e-06,0.013741881200742819,9.607080286580244e-09,9.942707209419335e-06,8.846242809928393e-06,4.919665487982474e-06,5.035259109562153e-10,2.447905407730005e-07,3.4180792513831133e-07,8.327949103034668e-06,2.0000010369651422e-06,0.00011544560492269253,0.002540416287540133
16,5.053561326667722e-05,1.9426849837476612e-05,8.023405966832461e-05,1.1581490958611768e-06,1.4492065265472283e-05,6.826604842119106e-07,9.460941428700062e-05,3.6543296262222524e-05,0.003240760098138434,5.72884386029456e-08,4.2494280337757806e-05,0.9834266925811661,1.991730480020583e-06,0.010934873361909384,7.771397650009558e-09,7.011009477569906e-06,6.218860547751091e-06,3.5405401188860565e-06,4.21754429404455e-10,1.4486688913705792e-07,2.3989195523529465e-07,8.686737729699694e-06,1.0766470727494192e-06,6.714113737908544e-05,0.0019613806670399896
17,6.920077699568891e-05,2.6982608945678137e-05,0.00016684717052661623,2.0340078737136054e-06,1.9584346564108443e-05,1.3904443888232251e-06,0.00011704452590017139,4.8768098562750346e-05,0.0052669253026692555,1.36976711726925e-07,4.8611477884454e-05,0.9765746559599814,2.7556116494106595e-06,0.014522706124117721,1.3682218495897154e-08,1.3957094468709753e-05,9.865783670183311e-06,5.3523581587662335e-06,6.50463681973914e-10,2.89932045336273e-07,3.268031329363368e-07,9.342002366636028e-06,2.2689741315472685e-06,0.00012055620161160122,0.0029703830849606835
18,6.0428230771295294e-05,2.083783281801203e-05,0.00013849940545737283,1.3699031898268099e-06,1.9208936099509807e-05,9.402733584499819e-07,0.00011711839364946665,3.5913145704084045e-05,0.004441469350660984,8.009404794294229e-08,4.602792544889012e-05,0.9784711217835543,2.2893569742529567e-06,0.013747446373283607,9.214362695051133e-09,9.606293431016954e-06,8.739886442211633e-06,4.50678509097625e-06,4.838876684453546e-10,2.1971613921266052e-07,3.434463229893446e-07,7.652975551636342e-06,1.938134718574164e-06,0.00011489332330488467,0.0027493387357298464
19,7.976780500377548e-05,1.7368230870404324e-05,0.0001617799876223088,8.590843581893992e-07,1.5380779463364345e-05,7.261830283191479e-07,0.00013596243040327695,3.8008969901969265e-05,0.0029420491384669553,5.5757686953855873e-08,6.175263864650093e-05,0.9815998219898424,2.5417181189865177e-06,0.01222618145278754,6.427815824995577e-09,9.249205883686255e-06,1.0713789697110559e-05,5.645503673084036e-06,4.767840467640418e-10,1.9482613560666235e-07,5.34512020864726e-07,6.573389741870065e-06,1.95957781173425e-06,0.00010493952199483059,0.0025779266022401166
20,6.735996130906499e-05,2.8606240081016618e-05,0.00011681078086442506,1.7019256408592309e-06,2.0600057028511944e-05,1.1823687028677195e-06,0.00012017194952451912,5.658120243226573e-05,0.005296020666191541,1.1121195985404097e-07,5.8281874230798566e-05,0.9752098390253242,3.115265210153416e-06,0.01647082605339489,1.2309830886613463e-08,8.95103304867076e-06,7.911935837194299e-06,4.893963609312606e-06,6.377418514571297e-10,2.582615882818027e-07,3.4437944893763935e-07,1.4827489563856214e-05,1.5243573685775383e-06,8.453094210518201e-05,0.002425536107962215
21,7.223628157079851e-05,1.7904586053088342e-05,0.00017087638493855259,1.3787653018136912e-06,1.6835445019411838e-05,6.855467432296387e-07,9.838752428005368e-05,3.496335838603101e-05,0.003531631917860498,7.12702550415133e-08,4.191217283854215e-05,0.9801132368408477,2.6491407445343945e-06,0.013568509981554887,6.647660886425614e-09,9.776608166044844e-06,8.440979545277286e-06,5.488493822664306e-06,3.6767618932163606e-10,2.366499340980339e-07,3.4523884353704554e-07,6.118961558694087e-06,1.7711757359840846e-06,0.00012149669153486165,0.0021750389691276286
22,0.00011217594986559573,3.2559170617901864e-05,0.0002659964037827401,2.4409131564559715e-06,2.1811899144568708e-05,1.430203065748679e-06,0.00013313888473306146,7.234675476659187e-05,0.003647768315219618,1.5809341828307433e-07,6.792525828352622e-05,0.9754197726535647,4.134891838246613e-06,0.017803261232413166,9.084036922199692e-09,1.3860381493659299e-05,1.892944202676916e-05,1.0194090259286498e-05,7.631940938077731e-10,3.5061785431381734e-07,6.573673331447332e-07,1.1525925937138279e-05,3.0119337158958796e-06,0.00011471916451278097,0.0022418206057656675
23,6.67312931243778e-05,2.236463273858907e-05,0.0001473511494474383,1.6213104711101545e-06,2.1000864356194592e-05,1.073920196115207e-06,0.00012126472594295875,4.0066976377235395e-05,0.004731503793482348,9.110043304052293e-08,4.847027539251155e-05,0.9783634550726586,2.6285174544329972e-06,0.013741881200742819,9.607080286580244e-09,9.942707209419335e-06,8.846242809928393e-06,4.919665487982474e-06,5.035259109562153e-10,2.447905407730005e-07,3.4180792513831133e-07,8.327949103034668e-06,2.0000010369651422e-06,0.00011544560492269253,0.002540416287540133
24,9.596901940510211e-05,6.284203967221238e-06,0.0001467533165127708,3.458146081448482e-07,1.2994690848654189e-05,8.179853093612404e-07,0.00010452866469022234,1.8561016790866946e-05,0.003285859213267238,2.23592451716969e-08,5.543996705414368e-05,0.9884627854231341,2.0579646482801105e-06,0.005185093330524292,5.5722211686186e-09,5.402623717998187e-06,4.590516790153446e-06,1.800756809621626e-06,1.4229956437972436e-10,1.4176242645912829e-07,1.853415502283856e-07,5.905893988366034e-06,8.485414003332168e-07,0.00010017323069478285,0.00250343264809592
25,7.105571727942724e-05,2.5566104656425323e-05,0.00016123648169364332,1.7815728252869648e-06,2.2279138778604796e-05,1.206803437793512e-06,0.00011863755950086917,3.841234732973733e-05,0.005491520387566641,1.0923035390521495e-07,4.83620540098378e-05,0.976137358003326,2.7105160067973023e-06,0.014785114299879836,1.1430289569859496e-08,1.1088701726601315e-05,9.606695916522243e-06,4.9325896099876115e-06,5.641939814607503e-10,2.5871339923093153e-07,3.517988691185697e-07,8.896016513942446e-06,2.266795255066118e-06,0.00013478065367293008,0.002922455823908087
26,0.00012330867493528432,2.4288210296364427e-05,0.0004160368291385091,3.603330279352533e-06,4.576388211603595e-05,2.0454787818835144e-06,0.00015076050280107606,3.29267895569342e-05,0.011577318533737996,1.9350050708882863e-07,5.0676445778340145e-05,0.9614174453296837,4.359640452896078e-06,0.02196987266949404,1.0667255635294246e-08,1.5784755321257664e-05,1.2375545301207954e-05,1.174570995619474e-05,5.755982043778942e-10,6.181245937943314e-07,5.45572118263341e-07,6.0711061359077475e-06,7.371901099099562e-06,0.0004827583890003276,0.003644117836060523
27,6.199356796498048e-05,2.248183717345667e-05,0.00010675965939845905,1.7003763020720769e-06,2.1182080240437126e-05,1.5094274240454226e-06,0.00011495686563482131,4.143766738922736e-05,0.007541012220050181,1.0527121749978341e-07,4.6357651195277345e-05,0.9764482401029525,2.4843048799987286e-06,0.012577628445868032,1.3812083083311707e-08,9.448997563214633e-06,5.7790246029527445e-06,3.805351693124126e-06,5.652433986972339e-10,2.358613939478259e-07,2.238086005559238e-07,1.2124714634419108e-05,1.6880450360558547e-06,0.0001154872762444841,0.002863343065213794
28,6.67312931243778e-05,2.236463273858907e-05,0.0001473511494474383,1.6213104711101545e-06,2.1000864356194592e-05,1.073920196115207e-06,0.00012126472594295875,4.0066976377235395e-05,0.004731503793482348,9.110043304052293e-08,4.847027539251155e-05,0.9783634550726586,2.6285174544329972e-06,0.013741881200742819,9.607080286580244e-09,9.942707209419335e-06,8.846242809928393e-06,4.919665487982474e-06,5.035259109562153e-10,2.447905407730005e-07,3.4180792513831133e-07,8.327949103034668e-06,2.0000010369651422e-06,0.00011544560492269253,0.002540416287540133
29,6.67312931243778e-05,2.236463273858907e-05,0.0001473511494474383,1.6213104711101545e-06,2.1000864356194592e-05,1.073920196115207e-06,0.00012126472594295875,4.0066976377235395e-05,0.004731503793482348,9.110043304052293e-08,4.847027539251155e-05,0.9783634550726586,2.6285174544329972e-06,0.013741881200742819,9.607080286580244e-09,9.942707209419335e-06,8.846242809928393e-06,4.919665487982474e-06,5.035259109562153e-10,2.447905407730005e-07,3.4180792513831133e-07,8.327949103034668e-06,2.0000010369651422e-06,0.00011544560492269253,0.002540416287540133
30,6.67312931243778e-05,2.236463273858907e-05,0.0001473511494474383,1.6213104711101545e-06,2.1000864356194592e-05,1.073920196115207e-06,0.00012126472594295875,4.0066976377235395e-05,0.004731503793482348,9.110043304052293e-08,4.847027539251155e-05,0.9783634550726586,2.6285174544329972e-06,0.013741881200742819,9.607080286580244e-09,9.942707209419335e-06,8.846242809928393e-06,4.919665487982474e-06,5.035259109562153e-10,2.447905407730005e-07,3.4180792513831133e-07,8.327949103034668e-06,2.0000010369651422e-06,0.00011544560492269253,0.002540416287540133
31,8.536313601183621e-05,2.1742317039958064e-05,0.00019746149258132055,1.4307422355428104e-06,1.3443958560864515e-05,8.46730185966503e-07,0.00010861787952865223,6.237791325378621e-05,0.0032615597186715795,9.824555895554995e-08,4.789803695287592e-05,0.9797468411596949,2.639642801485596e-06,0.014020249528055074,7.544157824285115e-09,1.2890258184453013e-05,1.0876411090880526e-05,6.5310849383152955e-06,4.91899007833864e-10,2.251920146931797e-07,3.97267216419157e-07,8.098433571515885e-06,1.7453955035464076e-06,9.177540017296591e-05,0.002296882020117584
32,6.64067543780223e-05,2.3195141105585428e-05,0.00014429658802696453,1.7544523951205875e-06,2.1501447786831662e-05,1.200620204746998e-06,0.000131021321202796,4.2840189124017516e-05,0.0049896700925073055,1.0119547983289457e-07,4.986950276775279e-05,0.9780152096803595,2.759268403266037e-06,0.013734559141473908,1.085580096312186e-08,1.0921491876958905e-05,9.24235978534077e-06,5.28142797175323e-06,6.180238550146166e-10,2.5799159802691756e-07,3.713849658551068e-07,9.02862710488708e-06,2.1719796761462865e-06,0.00011948543781268732,0.0026188424301681057
33,5.923742290235549e-05,1.3594633888819734e-05,6.577245890849959e-05,8.98896918138626e-07,1.007164954206918e-05,4.364999765771961e-07,8.783577260199887e-05,3.638919060896565e-05,0.0012209835205471455,2.7371010180377844e-08,4.3210765714770156e-05,0.9919560154745067,2.202385954132563e-06,0.005421393139750258,3.816024070957822e-09,6.676506649541369e-06,8.689004042774402e-06,3.472787642133788e-06,3.199753852536071e-10,1.0430088570432826e-07,2.455745012298772e-07,7.212127989319073e-06,7.770957210608245e-07,4.731189880461802e-05,0.0010074373849333444
34,0.00020851600166808308,1.3026682630908536e-05,0.0002117035535673983,1.1570627587628551e-06,1.8736742444642405e-05,8.033658872980493e-07,0.00016848304325785493,3.339386141136947e-05,0.00432562715235416,4.956358854422636e-08,7.240715568162575e-05,0.9845787452962309,5.373368652283696e-06,0.008420605794552342,7.637761616227697e-09,6.369468998047266e-06,6.141677942616098e-06,6.755647840047114e-06,5.365611399379506e-10,1.782232259609e-07,4.426858392434645e-07,8.340498854242636e-06,1.5580933270855268e-06,0.00012759586817011483,0.0017839810167941338
35,6.795932468815291e-05,2.173032446222119e-05,0.00014309062223775355,1.5861611039560393e-06,2.0065425514341466e-05,1.0768790581658658e-06,0.00012111783613179778,4.049058826880891e-05,0.004669958953349325,8.943393080847358e-08,4.806961175826983e-05,0.9791419250128023,2.6231679503871615e-06,0.013111872417909171,9.336654643409307e-09,9.995482820007812e-06,8.668920825549006e-06,4.9946156479144205e-06,5.088644758417508e-10,2.363274699137317e-07,3.3253592400818633e-07,8.423361319133567e-06,1.9425272152357053e-06,0.0001127631786205197,0.002460977445473032
36,7.213255508276181e-05,1.680463469626181e-05,0.00028889623629205577,2.814380617100652e-06,0.0005281937279938015,2.8051427758427888e-06,0.00038267341523920553,9.392641374118648e-06,0.012037413766989693,5.4914370216025394e-08,0.00019341900340439773,0.9629015042913508,3.7866367804485106e-06,0.015227317739209115,1.362661472825257e-08,4.138792107731444e-06,1.0218883144002714e-05,4.625269159504398e-06,5.842888889723609e-10,5.638856676566417e-07,2.0339829551689543e-06,2.6974326781264717e-06,1.5733592690878577e-05,0.001582028479430306,0.006710736385087104
37,6.41382336989226e-05,2.3154690807173355e-05,0.00014209577938299368,1.6489455535373814e-06,2.052118397654425e-05,1.1017527525739727e-06,0.00011938742492992439,4.181884788093293e-05,0.004681098237959146,9.4344904811648e-08,4.862054830418057e-05,0.9783627592923251,2.558358218144888e-06,0.013768331914698305,1.0120815421295941e-08,1.0152036927749599e-05,8.962628437428745e-06,4.7593710318275336e-06,5.189858989808623e-10,2.423729376246736e-07,3.324910753123011e-07,8.644114995423053e-06,1.964167022405961e-06,0.00010964215065669581,0.0025779604717217314
38,9.577939486932701e-05,1.7429522446695144e-05,0.0001986444066961565,2.0033569663078547e-06,1.7058449803946712e-05,2.0893239550676176e-06,0.0002411781849461442,5.3053383270797974e-05,0.00425599473245801,1.1555391140139316e-07,4.830149822538141e-05,0.9841684825007877,4.404658552611412e-06,0.008556265489765269,1.1759181000052122e-08,2.3033535951135395e-05,1.2663860719393342e-05,9.696239783450323e-06,1.0085623814190638e-09,3.9563698116142e-07,5.516265893947193e-07,8.432119615018321e-06,3.2848676625120576e-06,0.00014267556342582082,0.002138453324873845
39,6.419379361580186e-05,1.627876284717671e-05,0.00012293502533419504,1.2802122730337193e-06,1.5006376150020757e-05,1.0126954146057882e-06,0.00012346170611984156,4.449936484793249e-05,0.0032460106096358957,6.421364978661392e-08,4.546481273033792e-05,0.9848763779008842,2.335493118504769e-06,0.00934911370562286,7.39628871147186e-09,9.885876866099748e-06,8.50079221046681e-06,4.507796925288388e-06,4.431215086293496e-10,1.9543270673912872e-07,3.070713427251157e-07,7.777132663275339e-06,1.6063501199273778e-06,8.578572718979538e-05,0.0019733913083214987
40,6.744356337180495e-05,1.6691515594357925e-05,0.00011541489093909042,8.195988939920373e-07,1.7015826112942775e-05,6.775478351436543e-07,7.711311353582266e-05,2.5504057195581284e-05,0.0029320731072947632,4.3353110413161363e-08,5.029661944652917e-05,0.9843667898568206,2.016010348298938e-06,0.01001520311217319,7.123071746948815e-09,5.252645025704641e-06,7.082754416925468e-06,2.2994614358333577e-06,2.3642007100731594e-10,1.3577285240153668e-07,2.3415523650026349e-07,8.609013937172512e-06,8.95138139798805e-07,7.636269557384769e-05,0.002212018831217571
41,5.0321619006460105e-05,2.1530830054344454e-05,0.00013298494286624677,3.7662795008067e-06,3.308380701920833e-05,2.371517624305238e-06,7.99902433888878e-05,2.8624841839973002e-05,0.009576850886333527,1.536136973772624e-07,3.3820655398221695e-05,0.9754815491004182,1.7234712509807858e-06,0.01089390088648423,2.6951123057119313e-08,9.951400723553696e-06,5.340666438362629e-06,2.2548284635018077e-06,3.4675025532837076e-10,2.8146298911076356e-07,8.698460119136343e-08,6.941047429816755e-06,2.3227108211568984e-06,0.00014422549098991257,0.003487895414787232
42,6.682760464043417e-05,2.2301150428145735e-05,0.00016095665008232735,1.653357843398099e-06,2.2716180321905473e-05,1.040607529868559e-06,0.00012577018211372098,3.781958279094482e-05,0.00500375327462892,9.228376237853542e-08,4.874748633846142e-05,0.9765543635197181,2.6104098356798395e-06,0.015122327076903268,9.229168489900934e-09,9.687080686957264e-06,8.858907909070875e-06,5.322740880013568e-06,4.929228093306853e-10,2.5505981173829283e-07,3.7343504554275485e-07,7.383520342706741e-06,2.24839798766182e-06,0.00012924747476112815,0.0026656342935464893
43,9.282728957028965e-05,3.8474669268057984e-05,0.00022860099662549052,3.6754615685251445e-06,3.226685114574072e-05,3.57076621267489e-06,0.00019152089137756912,9.224603972180316e-05,0.010589638125705571,3.2646068157411566e-07,7.301780958737921e-05,0.9629924449220689,4.475283277358916e-06,0.021706197060644666,2.4240838036351213e-08,1.9074461999868487e-05,1.2443369025157905e-05,9.545651311971e-06,1.4964573221733642e-09,5.228347850927801e-07,6.020951141798131e-07,1.9066441597482404e-05,4.002517307009446e-06,0.00017186466965285441,0.0037135695944552614
44,6.67312931243778e-05,2.236463273858907e-05,0.0001473511494474383,1.6213104711101545e-06,2.1000864356194592e-05,1.073920196115207e-06,0.00012126472594295875,4.0066976377235395e-05,0.004731503793482348,9.110043304052293e-08,4.847027539251155e-05,0.9783634550726586,2.6285174544329972e-06,0.013741881200742819,9.607080286580244e-09,9.942707209419335e-06,8.846242809928393e-06,4.919665487982474e-06,5.035259109562153e-10,2.447905407730005e-07,3.4180792513831133e-07,8.327949103034668e-06,2.0000010369651422e-06,0.00011544560492269253,0.002540416287540133
45,5.117751531250387e-05,1.1580547473561076e-05,8.695242175168798e-05,1.7283670490686396e-06,2.110520265614543e-05,1.7053769243082028e-06,0.00019412335637456081,4.3836642690712266e-05,0.005702472976086744,6.901982629602131e-08,3.866250150878976e-05,0.9857862506546572,2.4842929928651684e-06,0.006016099228373155,1.4187976310038391e-08,1.1251239802897215e-05,4.6168864099918535e-06,3.343978583941443e-06,5.382052502329695e-10,2.458533956106656e-07,1.691900616833818e-07,7.861036303661633e-06,1.4415810237252552e-06,8.840833631406961e-05,0.0019243990682455642
46,6.604280504715603e-05,1.5462710914329286e-05,5.7096027765837274e-05,9.508350669058872e-07,9.770495466191153e-06,5.5855518628473e-07,5.267963018552842e-05,2.5603500862490976e-05,0.0007765502170504322,2.4258938926510227e-08,3.998069354417539e-05,0.9943823184759774,1.4021574336323484e-06,0.0032610884718988777,6.008401524862129e-09,7.089138037273944e-06,1.6401370746393263e-05,1.6465998862982346e-06,2.493400753952146e-10,6.91533331690297e-08,1.4598864249286584e-07,8.167834797997083e-06,8.308795435799485e-07,4.3065239580027985e-05,0.001233048702353112
47,7.317648681289141e-05,3.5609081883525145e-05,0.001507792060148186,1.4193561083976165e-05,0.00022908059730670287,5.7923372018871435e-06,0.00042209578710696624,8.072414481485089e-05,0.03627942285316512,1.1549230407563118e-06,0.00012070011043461361,0.7382732555593101,5.204848619101766e-06,0.2127085754463727,2.205831995570814e-08,1.4287022836633704e-05,2.4486921287416092e-05,5.490560706003124e-05,1.876555261253204e-09,2.5233816548358623e-06,4.892022391374927e-06,4.2674283690657856e-06,6.75820358569705e-05,0.0011022186550177673,0.00896803519334929
48,6.161467961257689e-05,5.7070082245384054e-05,9.370339420541424e-05,2.6036062456434986e-06,1.5868456188540232e-05,1.2954718597425483e-06,0.00011855991181110762,7.126381605094328e-05,0.00272554620170906,1.502085787220447e-07,4.80692999055826e-05,0.9816862518187953,2.3270765699110023e-06,0.012696042395896051,1.4967459765873607e-08,1.6245651190640515e-05,2.57410712473739e-05,5.120311760472956e-06,1.2307236573731619e-09,1.7023463430372805e-07,4.1036223995529985e-07,1.6886348849147412e-05,2.2307164938373307e-06,6.207172346534207e-05,0.0022907409622616995
49,4.826236079344348e-05,0.00024081433827639456,0.00014575493668954117,7.826395766468304e-06,0.00011142627612702744,7.805994439055141e-07,0.0005353081092082148,5.6175547918294384e-05,0.02475771100931786,8.71963404583926e-07,0.0001017255905294422,0.7845932886025792,5.955841566389902e-06,0.17312403260815373,8.97205236775439e-08,2.6299060381447994e-05,4.040030979823938e-05,2.5775209204968256e-05,3.089881507636366e-08,4.625966295477538e-07,7.160212386179351e-06,2.273376762164786e-05,1.7110957974943987e-05,0.000667718756668503,0.015462284330221305
50,6.154782346018194e-05,2.6836910786557896e-05,0.00013054143063529118,1.8247175420461324e-06,2.2071420215905224e-05,1.3046485935645286e-06,0.0001632643732999827,5.842279586660877e-05,0.006369170683805776,1.2613969780569128e-07,5.217301793183279e-05,0.9731159808672999,3.042574810059447e-06,0.0172922580198397,1.2357136611819182e-08,1.0309070807514255e-05,7.789074729271808e-06,5.7481423078917354e-06,8.20356996505441e-10,2.5860259790356165e-07,4.224968243083306e-07,1.2497385124065145e-05,1.8227204200011614e-06,9.328488663814536e-05,0.0025692890192723253
51,4.880729603112026e-05,6.00637591585254e-05,7.801093261083802e-05,2.7324303552646393e-06,1.4792100840956652e-05,7.200072316631945e-07,5.188609032313392e-05,6.481507091816966e-05,0.003638685728140355,1.5783400830466593e-07,4.544887397879297e-05,0.9748366094213555,2.2043591857334497e-06,0.018922267747211948,1.4869071372541617e-08,8.559555861780618e-06,7.514522234786815e-06,3.736251938464427e-06,6.354972122054804e-10,1.6137267739804428e-07,1.7741909076870298e-07,1.5950267918625363e-05,8.884714509131982e-07,5.070033510458263e-05,0.0021450946478039448
52,0.00014340677904474292,4.62805050239013e-05,0.0003239703786503455,8.07269785576114e-06,2.768254949105596e-05,5.298456402124158e-06,0.0001933254581208393,0.00014000801363167303,0.016018455571093267,9.56735710660233e-07,6.898894748946037e-05,0.9506008891682365,8.345492820706074e-06,0.028660769744428643,3.282881371819914e-08,4.503708325087735e-05,1.2922541506110428e-05,3.356516431711891e-05,2.9805208500280458e-09,1.1945013187675487e-06,5.640338222271521e-07,2.175859157352816e-05,6.661520802502459e-06,0.0002674849781883445,0.003364325277886234
53,4.115020963395439e-05,9.542987368420863e-06,7.504052574098788e-05,8.042572991032402e-07,1.4718778513230433e-05,9.156158160582621e-07,0.0001838904900227727,2.5778722865227623e-05,0.003920733584082256,3.1334118356058636e-08,3.599545751734007e-05,0.9864344570674465,1.594254335587912e-06,0.007254368122095949,5.960817293934865e-09,6.403327184852553e-06,4.665995395897946e-06,3.160110411502594e-06,3.0429272771001996e-10,1.4266998626802735e-07,2.3166311824738593e-07,4.577949171030468e-06,1.518129698262374e-06,7.80302017919566e-05,0.0019022422812761518
54,5.313126989997784e-05,2.2250950022344808e-05,0.0001240667613095004,1.3592968546257762e-06,1.7823850892809065e-05,8.802884581514392e-07,9.920697993829541e-05,3.5031976134573735e-05,0.004767522024213136,8.554994390161227e-08,4.1294918690780955e-05,0.9780344614887057,2.1301506321667562e-06,0.013779712184259229,1.0618136297554766e-08,9.86918056303581e-06,7.276659803676241e-06,3.6335653335241166e-06,4.4680405581331714e-10,2.14493837886505e-07,2.5891972183479564e-07,8.063304107186878e-06,1.5332175915175735e-06,0.00010554146989903345,0.002884640434246782
55,0.0005807327859219823,0.0014579643510855744,0.003200329918599802,2.580377314859341e-05,5.84993486670065e-05,1.0289280371836554e-05,0.00013151724654097155,0.0016133820058184217,0.009507224299744401,2.165511471299225e-05,0.00040303514065311165,0.5582471037573223,2.6186278157798423e-05,0.4128514522453302,1.9788810270474693e-07,9.37345937972338e-05,0.0004842026951785154,7.296527805769948e-05,1.688256483482923e-08,3.947602680175115e-06,1.0292618543799692e-05,0.0002955309732809392,1.9780379323919538e-05,0.00013394910271765793,0.010750206439677685
56,6.800552765577904e-05,2.1793218147168172e-05,0.0001436029287855481,1.569285688570486e-06,2.0588348727607057e-05,1.0488402807116337e-06,0.00012172855107638576,3.990202190976354e-05,0.00461156145591017,8.677970971081437e-08,4.862526031588504e-05,0.9790931925026302,2.693741863305006e-06,0.013231243328900376,9.450201644811697e-09,9.707219043463857e-06,8.618877845420764e-06,4.863489070044475e-06,5.017762869970886e-10,2.4148440777650863e-07,3.4106687941347117e-07,8.517634371366999e-06,1.9123977192381996e-06,0.00011261702864361407,0.0024475290584405995
57,5.6601015938386545e-05,2.2070291731207158e-05,0.00011279598608503526,1.176872733240935e-06,1.583578516452713e-05,6.966722564744335e-07,0.00011123948592902724,3.902362713348377e-05,0.003279398772109188,6.77750804831384e-08,4.3886244257131746e-05,0.9829985579966379,2.5936918289255477e-06,0.010965569365747226,8.305552445544913e-09,1.050758908340335e-05,8.665989041613527e-06,4.038024576640848e-06,6.096578918654757e-10,1.8215469553996078e-07,3.893790442988537e-07,9.094500760751648e-06,1.2639924485331285e-06,9.106665172947387e-05,0.0022252692207770756
58,6.48837250973473e-05,2.019101604750351e-05,0.0001505867689462053,1.625025714380412e-06,2.5109120187686883e-05,1.071234054620347e-06,0.0001244702086980568,3.181646771315729e-05,0.005375192917511422,8.37485004928716e-08,4.7327154390446136e-05,0.9780957225053488,2.7561022735354958e-06,0.013127688811264913,9.822567157147118e-09,1.0116621154576494e-05,8.15294387652027e-06,4.8311875086276925e-06,4.965380007851059e-10,2.817339507532523e-07,3.569270988590108e-07,7.299367949985036e-06,2.2927297111665567e-06,0.00016235947312818222,0.0027357738907679368
59,6.85360655041081e-05,2.2268934763451442e-05,0.00018217514168373936,1.731739137035589e-06,2.551651180796242e-05,1.1063743893329776e-06,0.00012240185240165185,3.489296374743706e-05,0.005444980407089802,9.921785908901616e-08,4.847737429960982e-05,0.9757410751649985,2.8988716458513302e-06,0.015146397700832008,1.0145127432989298e-08,1.125333088621128e-05,9.245837260898696e-06,5.273546738867183e-06,5.038509792189985e-10,3.1562835731950215e-07,3.93918069880953e-07,7.501314182073554e-06,2.4456111569773415e-06,0.00016876582654569007,0.0029522360176641067
60,6.67312931243778e-05,2.236463273858907e-05,0.0001473511494474383,1.6213104711101545e-06,2.1000864356194592e-05,1.073920196115207e-06,0.00012126472594295875,4.0066976377235395e-05,0.004731503793482348,9.110043304052293e-08,4.847027539251155e-05,0.9783634550726586,2.6285174544329972e-06,0.013741881200742819,9.607080286580244e-09,9.942707209419335e-06,8.846242809928393e-06,4.919665487982474e-06,5.035259109562153e-10,2.447905407730005e-07,3.4180792513831133e-07,8.327949103034668e-06,2.0000010369651422e-06,0.00011544560492269253,0.002540416287540133
61,7.336155484458879e-05,2.1338513984487995e-05,0.00019104105056726446,1.7313952171837009e-06,2.5816447799713276e-05,1.1610871312607733e-06,0.00012558221870017682,3.504625676293396e-05,0.00582407341577767,1.0015932002336335e-07,4.9359748912606666e-05,0.975347693835216,2.9243581638803792e-06,0.015176235362337134,9.757005815864157e-09,1.069652950019887e-05,8.791054643770982e-06,5.529936867003434e-06,4.993646082671383e-10,3.06183443394814e-07,3.967494500402683e-07,7.3990285964275075e-06,2.5091475052133804e-06,0.00017272590944691611,0.0029161697994415257
62,6.67312931243778e-05,2.236463273858907e-05,0.0001473511494474383,1.6213104711101545e-06,2.1000864356194592e-05,1.073920196115207e-06,0.00012126472594295875,4.0066976377235395e-05,0.004731503793482348,9.110043304052293e-08,4.847027539251155e-05,0.9783634550726586,2.6285174544329972e-06,0.013741881200742819,9.607080286580244e-09,9.942707209419335e-06,8.846242809928393e-06,4.919665487982474e-06,5.035259109562153e-10,2.447905407730005e-07,3.4180792513831133e-07,8.327949103034668e-06,2.0000010369651422e-06,0.00011544560492269253,0.002540416287540133
63,6.544563979591195e-05,2.5741359821027144e-05,0.0001394287009155668,1.6379051060948335e-06,2.0239478498176405e-05,1.037901008083861e-06,0.00011462293090743676,4.128547442652944e-05,0.004632755162654069,9.60948743679121e-08,4.815253722044371e-05,0.9781508518128119,2.5813139713791427e-06,0.013996836570583525,1.0338371207126079e-08,1.0257257852576419e-05,9.263332022653185e-06,4.6853830908037355e-06,5.463981798813646e-10,2.33391083875459e-07,3.4014558547872657e-07,9.088991847327316e-06,1.9069935366753482e-06,0.00011048710346754692,0.002613013634149228
64,7.300911633534453e-05,2.251601211897909e-05,0.00017446536014783265,1.4950582745016795e-06,2.2944286996369865e-05,9.834474839679208e-07,0.00014415027026041694,4.2065675314494576e-05,0.004442219271478187,8.797608893512608e-08,5.532657453560704e-05,0.9766824090254337,2.9727261847976747e-06,0.015543217601742165,8.612213126997921e-09,9.95371348953556e-06,1.0384954242775456e-05,5.956667322720184e-06,5.893007186096875e-10,2.5629699324806835e-07,5.306643211244214e-07,8.180634128807994e-06,2.269673917246805e-06,0.00012638765656899508,0.002628208135106286
65,6.855237736160674e-05,1.3619747944923565e-05,9.684716565168267e-05,1.975357582291336e-06,1.9310036569008e-05,2.0905811276265407e-06,0.00018451425358501558,4.127831746184662e-05,0.002636517796961062,6.36612186111172e-08,5.69562687431725e-05,0.9895794256168933,2.2793574617494483e-06,0.005435721241023149,9.98225082230998e-09,1.1171687273050904e-05,1.2775796578841055e-05,5.6759571943120926e-06,7.157012460796639e-10,1.8467252948243512e-07,3.342280492229176e-07,6.83668276661208e-06,3.03466432306669e-06,8.920804057799298e-05,0.001731615793170207
66,6.82122253356763e-05,2.203779884252236e-05,0.00015181416421332366,1.5968176291801595e-06,2.0897989329123565e-05,1.046321864072262e-06,0.00012165643727287386,4.0960388655299886e-05,0.004664220634125461,9.03375996584765e-08,4.878495480981661e-05,0.9784398048154744,2.7261476754238696e-06,0.01379549119889692,9.345468410849561e-09,9.904981689793224e-06,8.687465595491123e-06,4.988372553731151e-06,4.890715979488762e-10,2.5123643349729383e-07,3.436262266316437e-07,8.356275364169705e-06,1.9192826381129475e-06,0.0001132400427818409,0.0024729586504530225
67,5.9072524441195576e-05,2.130624980753288e-05,0.00011127463927004316,1.346553693244188e-06,1.8731012428498017e-05,9.774515842503506e-07,0.00011318040752884026,3.713674572780578e-05,0.004692697549483484,7.650543106437904e-08,4.554213292443691e-05,0.9804867060443637,2.2539679044242923e-06,0.011874293520286894,9.325520651804202e-09,8.47345335063825e-06,7.164275412396983e-06,3.814045782933704e-06,4.665921040038446e-10,1.8759248479806808e-07,2.6772839762431107e-07,8.851574261573372e-06,1.4824089376709506e-06,9.436923941053673e-05,0.002410784584973808
68,8.054929071285355e-05,3.4496079566323314e-05,5.421936953468659e-05,9.839833675666743e-07,8.980221524886456e-06,7.603492107492534e-07,0.0001291661965480197,8.873108768953687e-05,0.001228439626523553,5.817078905421561e-08,6.904476496421803e-05,0.9914978403082804,2.698618515881311e-06,0.005357369277271809,8.608009901924197e-09,1.2643366406472817e-05,1.8537869103283148e-05,4.585946311262102e-06,1.3181479111715546e-09,9.095250965624539e-08,4.4819412113344704e-07,2.180155642630249e-05,8.088596685305915e-07,3.107718767823576e-05,0.0013566587971177975
69,6.646490006886188e-05,2.2762035279630532e-05,0.0001370800359900486,1.58702223470595e-06,2.0710267736502422e-05,1.0667155117906417e-06,0.0001168719195015527,3.875251531211989e-05,0.0046534114627487695,8.774256753892472e-08,4.81730624732891e-05,0.979233511649807,2.535022815625124e-06,0.013005906232338214,9.732597577597918e-09,9.56539752321714e-06,8.763063092576684e-06,4.537360622075313e-06,4.930819384312712e-10,2.2655836885094668e-07,3.165078676043975e-07,8.584562096228142e-06,1.8910396922290614e-06,0.00011039886480440769,0.0025067858358676226
70,6.664316468220909e-05,2.2316707310528094e-05,0.0001474831818110361,1.624041791441341e-06,2.106414127177098e-05,1.0746222524790104e-06,0.00012131438406791588,3.999310288874378e-05,0.00474134971997582,9.096898763319622e-08,4.8413089786438476e-05,0.9783463891781526,2.6253969758042155e-06,0.01374917519629978,9.609162184722577e-09,9.912284831628597e-06,8.823416329706775e-06,4.90641028390885e-06,5.013480859392251e-10,2.449198805443988e-07,3.4095174780379645e-07,8.303299014453107e-06,2.001807270128156e-06,0.00011547550144055576,0.002540424402436779
71,7.345272630463188e-05,2.083473796338372e-05,0.00012859124741422968,1.5237886121742683e-06,1.6757743046901768e-05,1.1147643507072011e-06,0.00010221831863608096,3.867093521759415e-05,0.0037008784025999303,8.041563965074113e-08,4.796297918867474e-05,0.9832311463347864,2.3577164163242393e-06,0.010226129953670253,9.793401916819938e-09,9.586229401024478e-06,9.319183690734109e-06,4.146245313491258e-06,4.74414180492197e-10,1.8746536318233174e-07,2.709416891539923e-07,8.701333174517804e-06,1.7469797274722177e-06,9.430085479315866e-05,0.002280010435184232
