,0,1,2,3,4,5,6,7,8,9,10,11,12,13,14,15,16,17,18,19,20,21,22,23,24
0,6.165946563045211e-05,0.0010183881131749237,0.0009282723907261255,0.0018323935263679322,2.483295643588586e-05,1.2222589228893034e-05,0.03524230976149569,1.0413071268118306e-05,0.02576647684003625,3.091359707130577e-06,0.00027449509301432864,0.7082568516751457,3.0231818561767956e-06,0.0021982124321699454,0.0057590819641101885,1.0575116575479917e-05,3.538295744425753e-05,0.00034025353219457167,3.241407657823632e-05,1.1046688633727766e-07,0.009917781701679503,0.04598410602917288,0.0001000990599562473,2.9650541288995632e-06,0.16218458758501578
1,7.385973415178456e-05,0.0011309932242986815,0.0012853982526025317,0.001835092208502119,2.0416322776124038e-05,1.2447374951955485e-05,0.03977258575797112,1.0865670940650255e-05,0.02875111922809756,4.164042218664105e-06,0.00019859528178478776,0.7168879616895554,2.821326479818134e-06,0.0017319234415284642,0.005419687485790078,1.2108799549989306e-05,2.4551033911164224e-05,0.00033664382664653055,3.552280537637867e-05,1.0327642304001674e-07,0.009768269061011213,0.03799341541703744,8.245949081377719e-05,3.0095666914522113e-06,0.15460598568088907
2,6.896045794754695e-05,0.0010675190014922246,0.0008487457737830421,0.0014878032213940207,3.204713977053395e-05,9.553676731040663e-06,0.04129896445573562,8.908565868824089e-06,0.022089006755701652,3.228706756221314e-06,0.0002258458994553558,0.6522274110989854,2.7151743236318014e-06,0.0024273425599099607,0.00662509254165163,8.963620998431967e-06,3.166597635013542e-05,0.00033557276528005603,2.2593317791526884e-05,1.1640227706694788e-07,0.007586145556632274,0.03696740152478534,9.587082454717995e-05,2.0333099190470457e-06,0.22652649167191213
3,6.071677291389103e-05,0.0009791877707648199,0.000930822385749837,0.0019544887911851698,2.1447885264418954e-05,1.0366067631093453e-05,0.03593540964029021,9.058649138115308e-06,0.021279908426240866,3.29727570141835e-06,0.00023670043948775444,0.7095352294191174,2.608998424894255e-06,0.0023083374443600684,0.004513330777190069,8.46264039996958e-06,3.090177273017566e-05,0.00033995153798624476,2.4807754405445125e-05,9.922022645849388e-08,0.009050531982374984,0.039973121071786424,0.0001060024052307795,2.620417571144821e-06,0.17268259045382817
4,5.685220531760932e-05,0.000897590859011903,0.0008061816477276768,0.0018518973214404473,1.973591270327133e-05,9.253388340658351e-06,0.03185405640707083,7.87625950565511e-06,0.020033257955285006,2.8867840341642443e-06,0.00021635681012917665,0.7241077888213908,2.8482630394760086e-06,0.002260164550424604,0.00400344611159923,7.609396152846745e-06,3.175577861053291e-05,0.00032590689423455955,2.2593284360831084e-05,9.570596239043235e-08,0.008675291467055169,0.03879507379537651,9.736697380601735e-05,2.459812298215701e-06,0.16591165359512244
5,5.8535035648581093e-05,0.0008366150254085374,0.0007849086989758585,0.002139581624935915,1.593156642787991e-05,8.830083305492325e-06,0.02890540137829971,7.187946177641972e-06,0.018664284378272965,3.0221324007803563e-06,0.00019963923663795838,0.725848118945247,2.601321015348564e-06,0.002296745701099384,0.0033904414216788404,6.874576821959382e-06,3.1474122987368564e-05,0.0004003761525628328,1.9570771906313883e-05,8.94198730707086e-08,0.00874155608596128,0.040106233997512175,9.587549200085924e-05,2.532199315722227e-06,0.1674335726855263
6,6.071677291389103e-05,0.0009791877707648199,0.000930822385749837,0.0019544887911851698,2.1447885264418954e-05,1.0366067631093453e-05,0.03593540964029021,9.058649138115308e-06,0.021279908426240866,3.29727570141835e-06,0.00023670043948775444,0.7095352294191174,2.608998424894255e-06,0.0023083374443600684,0.004513330777190069,8.46264039996958e-06,3.090177273017566e-05,0.00033995153798624476,2.4807754405445125e-05,9.922022645849388e-08,0.009050531982374984,0.039973121071786424,0.0001060024052307795,2.620417571144821e-06,0.17268259045382817
7,0.00018307772050963638,0.0012514275875703802,0.002705107242172579,0.001845217582284416,2.6587535694786434e-05,1.5102227482652934e-05,0.05238921622260871,1.1883034676396638e-05,0.02240911729940286,5.323896663828486e-06,0.00028143462721797385,0.6997754613444156,3.724734363775966e-06,0.001896786836647621,0.003054109716886891,7.6227770319212655e-06,2.7064413006866913e-05,0.0004478052461203391,4.377663374543758e-05,1.1265643495965324e-07,0.007070236212092818,0.02220111861867228,0.0001346974552502571,5.4122858209084476e-06,0.18420857609322622
8,7.283149990383322e-05,0.0011862005454190449,0.0012164676194522683,0.002468723105902295,2.2438492500051294e-05,1.0385064846139758e-05,0.0421806743692182,9.44182109874765e-06,0.017969636245208073,4.319405292555546e-06,0.00022870608418877646,0.7143720814760796,2.465824354696174e-06,0.0027007281516337276,0.003143030993041744,7.5270482086333406e-06,2.591902489334539e-05,0.00031280135165703853,2.17383361881112e-05,1.113168629758785e-07,0.0077857156802619955,0.027602415296745984,0.00014561895374981662,2.933540240024098e-06,0.17850708875305238
9,4.912232198236958e-05,0.0009962717121808874,0.0011004873188109102,0.0026276586731948685,1.472414415635864e-05,8.777630103945992e-06,0.0350768610249317,7.079497726784541e-06,0.017720286825904267,4.1010383403105815e-06,0.00015708961598583232,0.7433984542210446,2.335876079322065e-06,0.0020546903068760533,0.002814272406071522,7.208852809508199e-06,2.085189908405251e-05,0.0002678390798521286,1.671432694720117e-05,1.0185413845898115e-07,0.009532751207383986,0.02740940700307219,0.00011909795053089893,2.5722895932520666e-06,0.15659124292319862
10,6.071677291389103e-05,0.0009791877707648199,0.000930822385749837,0.0019544887911851698,2.1447885264418954e-05,1.0366067631093453e-05,0.03593540964029021,9.058649138115308e-06,0.021279908426240866,3.29727570141835e-06,0.00023670043948775444,0.7095352294191174,2.608998424894255e-06,0.0023083374443600684,0.004513330777190069,8.46264039996958e-06,3.090177273017566e-05,0.00033995153798624476,2.4807754405445125e-05,9.922022645849388e-08,0.009050531982374984,0.039973121071786424,0.0001060024052307795,2.620417571144821e-06,0.17268259045382817
11,5.916159192092569e-05,0.0009423326119166578,0.0008928698538013413,0.001914735303899416,2.110447539267101e-05,9.916057901424203e-06,0.034428705245678676,8.641340905444713e-06,0.020523125443002617,3.1483009436271162e-06,0.00023005367765424302,0.7209363609613164,2.8587226211648026e-06,0.002240276701255319,0.004211855905141204,8.204009296195407e-06,3.1404054165849404e-05,0.0003240550505580011,2.4298348011138926e-05,1.021718621955842e-07,0.008831940110589966,0.03841846968204546,0.00010539513184357932,2.6685619065813185e-06,0.16582831668636985
12,6.831141725143087e-05,0.0014321320419643754,0.0003140010629435341,0.0019507186196832263,3.655310919746022e-05,1.0817105670670165e-05,0.01965119840612039,2.5624462517334437e-06,0.010334818504649713,4.5314052552583235e-06,0.00010704819012811163,0.32281178024494117,2.305015351486662e-06,0.010679354021576274,0.0018931214413707587,2.7252257775569165e-06,0.00011016185253500142,0.0006799314115118297,6.748171002299153e-06,1.390484800301129e-07,0.008315707317075826,0.028082552284518326,0.00015842911446353744,7.940908013272201e-07,0.5933435584514787
13,6.170525958974559e-05,0.000990986362241639,0.0009405354685760721,0.0019535858962652884,2.158093475274363e-05,1.0466330656812602e-05,0.036106903911477986,9.044587879201667e-06,0.021503168681738308,3.349386528626676e-06,0.00023401514251118012,0.707374895222816,2.6233450323347726e-06,0.0022970145566806265,0.004541467084557465,8.523588162259242e-06,3.1020212802490274e-05,0.00034305036310906524,2.505595799793666e-05,9.99350590207079e-08,0.009097709746185999,0.03993139054715244,0.00010572926025585303,2.630924568759829e-06,0.17440344729340218
14,7.94593670587901e-05,0.0030061174463301907,0.0005957891880150316,0.002214603646923669,4.467550491843275e-05,1.142690290032703e-05,0.05539856099543802,1.0874870056501617e-05,0.022751031326221072,6.4076656586245346e-06,0.00037030832785259443,0.6702332854025137,1.8075555172989604e-06,0.0046542037568218005,0.005062721790066332,9.303392529764857e-06,3.096010564444312e-05,0.0003544296819210399,4.30933640318058e-05,1.3145024444804577e-07,0.007447337977878892,0.04311217262084866,0.00016197577605603914,3.1370124484437043e-06,0.18439618487210416
15,6.071677291389103e-05,0.0009791877707648199,0.000930822385749837,0.0019544887911851698,2.1447885264418954e-05,1.0366067631093453e-05,0.03593540964029021,9.058649138115308e-06,0.021279908426240866,3.29727570141835e-06,0.00023670043948775444,0.7095352294191174,2.608998424894255e-06,0.0023083374443600684,0.004513330777190069,8.46264039996958e-06,3.090177273017566e-05,0.00033995153798624476,2.4807754405445125e-05,9.922022645849388e-08,0.009050531982374984,0.039973121071786424,0.0001060024052307795,2.620417571144821e-06,0.17268259045382817
16,4.463462194220569e-05,0.0008373826045541295,0.0006841357670394928,0.0016806023157872885,1.5945281962630264e-05,7.380016178852781e-06,0.033024810716548704,7.884451205898258e-06,0.01747070633371729,3.1867970569156715e-06,0.00017207495079013391,0.7357814840957864,2.2142186854921637e-06,0.002040207072446905,0.00399909719986926,7.567503023771257e-06,2.559135106619424e-05,0.000295358844382748,2.085577005611192e-05,8.324364526261539e-08,0.009682567841282784,0.04185249836149432,8.501550057998622e-05,1.953796646442192e-06,0.15225676134425076
17,5.804745060634146e-05,0.0009528072422498729,0.0008848304895870538,0.0019598769163767043,2.1185064779641854e-05,9.936123580331696e-06,0.03530039058535532,8.936354229993827e-06,0.02034033053758692,3.2264810931498192e-06,0.00023561910673327427,0.7117442052026913,2.5987497577139583e-06,0.002363141461231429,0.004371260957449528,8.22108956005731e-06,3.153023950749128e-05,0.0003350264960375235,2.365506016693953e-05,9.939731656359277e-08,0.008988378446281494,0.04035114771339698,0.00010790239678730691,2.5369903544479703e-06,0.17189510944728267
18,6.105432680802915e-05,0.000992899607450368,0.000950691047597395,0.001979004581809158,2.1528641990161357e-05,1.0568987109932736e-05,0.03615319817945174,9.287833063967952e-06,0.021711146038093175,3.3078949125064934e-06,0.0002422046790483875,0.7118312324763312,2.6036307611137896e-06,0.0022902000484180322,0.004579732475224935,8.667878737900216e-06,3.053017962829617e-05,0.00033715445203179187,2.5551444394425823e-05,9.962513385246375e-08,0.00905604287020398,0.04009711500505206,0.00010654176404450564,2.6917656056163303e-06,0.1694969445670974
19,0.00010982800681417124,0.0014306325033778165,0.001241041634533813,0.0023122317676504294,3.7400627738351704e-05,2.1810803049682385e-05,0.036382741909337324,1.1597610472546205e-05,0.02875024452375533,4.495341204783164e-06,0.0004071413934661672,0.6166423607266602,3.3966936827518258e-06,0.0035878904532725547,0.006040818667994859,1.0767878198941431e-05,5.638384562441157e-05,0.0005831980469376478,4.195724708449026e-05,1.4929538237519438e-07,0.010833759428934487,0.048145865234722134,0.00016243970724315535,4.376268534828899e-06,0.24317747038432672
20,3.3403356801992464e-05,0.0006143114145797093,0.0007013120557951559,0.0016965867822955805,1.3070372835365906e-05,7.011546136930406e-06,0.031285757466918925,1.2182147934257143e-05,0.017800910846965265,2.3692666651464867e-06,0.00023456784646417537,0.7449336118117101,1.8507601944343947e-06,0.0017209295648301273,0.006814266068740899,9.554719870030915e-06,2.3667884074422626e-05,0.00027797597160301985,2.165898975302281e-05,7.20138033674995e-08,0.008494802679455543,0.06149946309129208,7.042421603236782e-05,1.7408924212213808e-06,0.12372849823282679
21,6.315413651646305e-05,0.0009812284138296101,0.0009760624434574864,0.0019549325164178607,2.3240221546057278e-05,1.1037689480825152e-05,0.03694079637798236,9.077686970277525e-06,0.021399666477555004,3.3436668529737867e-06,0.0002529506226285449,0.69423739009622,2.7232721173888777e-06,0.0022893713914076763,0.004761030939043141,8.343577452596509e-06,3.425137768918564e-05,0.0003506157333094542,2.5731457181659248e-05,1.034553301218239e-07,0.009312098200170999,0.04128703465659712,0.00011617331626077007,2.7635274371546074e-06,0.18495687874654537
22,0.0001067157861533941,0.0009263639911368707,0.001192145374832154,0.002025979056182078,2.5012419770161255e-05,1.4514662154196085e-05,0.031850396469569234,1.0508834123559344e-05,0.024630910000077458,3.6418921656379396e-06,0.00031248055547908777,0.6314347680545729,3.1839494369327873e-06,0.002625809964337656,0.005424881594025947,9.250822729226702e-06,5.666383277426061e-05,0.0007261801741402967,2.9627016789134162e-05,1.1220372681578322e-07,0.01037232374064053,0.05734982631767425,0.00010434294227640275,3.26996534375313e-06,0.23076109037988815
23,6.071677291389103e-05,0.0009791877707648199,0.000930822385749837,0.0019544887911851698,2.1447885264418954e-05,1.0366067631093453e-05,0.03593540964029021,9.058649138115308e-06,0.021279908426240866,3.29727570141835e-06,0.00023670043948775444,0.7095352294191174,2.608998424894255e-06,0.0023083374443600684,0.004513330777190069,8.46264039996958e-06,3.090177273017566e-05,0.00033995153798624476,2.4807754405445125e-05,9.922022645849388e-08,0.009050531982374984,0.039973121071786424,0.0001060024052307795,2.620417571144821e-06,0.17268259045382817
24,5.7778272054206665e-05,0.0007610418859520286,0.0011664118591297192,0.0016305772044448922,2.3177039904331296e-05,1.1241201707019114e-05,0.04109524389425624,9.364034800570959e-06,0.023512004458446773,2.9155810461624615e-06,0.0002591146096554985,0.6880532258479239,2.66328099970539e-06,0.0016298260551862878,0.006204785138994301,9.135588017659051e-06,2.9094207924379767e-05,0.0003180225404860024,2.5748738125534752e-05,9.054875926942928e-08,0.010069136908763612,0.04072244705629354,0.00010073082731851698,2.705376094368257e-06,0.1843035178437155
25,7.21887034517337e-05,0.001040952954340919,0.001031267949633522,0.0017018847227086768,2.1795937654873166e-05,1.0767190005359557e-05,0.034973254498838015,6.756212871886434e-06,0.023420015495744538,3.5752016240695656e-06,0.00017457509741475983,0.6708963079612761,2.9432732020283115e-06,0.0018544253677356011,0.004772247310739719,7.881857812246174e-06,3.1946613370273594e-05,0.00035507762317077673,2.4934725272989343e-05,1.0173761782557639e-07,0.009557681400307131,0.03642111990970905,9.597995915527189e-05,2.5560395106613973e-06,0.21351976225683203
26,0.00018330470842275619,0.0013948969692750806,0.0020056570929214692,0.002601568559255361,3.438735599547294e-05,1.9944319656624627e-05,0.03379628012235014,7.949708742542642e-06,0.03264105977131254,4.370084644790581e-06,0.00035287058810415156,0.6835081366630223,5.511055589426655e-06,0.0020302493062457558,0.0028356572461310865,8.207031514172537e-06,5.462067045859073e-05,0.0006092537535589438,4.4345393360616855e-05,1.707772177170588e-07,0.010752926429624598,0.03274211096281283,0.0002031203835320328,9.614828239500907e-06,0.19415378621801155
27,5.2224168492133094e-05,0.0008614894265367576,0.0007957288799194528,0.0019524980205447688,1.8684889277308613e-05,9.937935827840677e-06,0.031957610506966126,1.0240091756021882e-05,0.022223826987231545,2.923786624119133e-06,0.0002575538148900501,0.7137546619338339,2.451817333604356e-06,0.002229060008104896,0.0054304664433103365,9.504220801287116e-06,3.3923724856909366e-05,0.0003709926360858569,2.6077759689700058e-05,9.195123631166183e-08,0.00953613055762263,0.05653775791946564,9.243548688442948e-05,2.5179409167477343e-06,0.15383120909179177
28,6.071677291389103e-05,0.0009791877707648199,0.000930822385749837,0.0019544887911851698,2.1447885264418954e-05,1.0366067631093453e-05,0.03593540964029021,9.058649138115308e-06,0.021279908426240866,3.29727570141835e-06,0.00023670043948775444,0.7095352294191174,2.608998424894255e-06,0.0023083374443600684,0.004513330777190069,8.46264039996958e-06,3.090177273017566e-05,0.00033995153798624476,2.4807754405445125e-05,9.922022645849388e-08,0.009050531982374984,0.039973121071786424,0.0001060024052307795,2.620417571144821e-06,0.17268259045382817
29,6.071677291389103e-05,0.0009791877707648199,0.000930822385749837,0.0019544887911851698,2.1447885264418954e-05,1.0366067631093453e-05,0.03593540964029021,9.058649138115308e-06,0.021279908426240866,3.29727570141835e-06,0.00023670043948775444,0.7095352294191174,2.608998424894255e-06,0.0023083374443600684,0.004513330777190069,8.46264039996958e-06,3.090177273017566e-05,0.00033995153798624476,2.4807754405445125e-05,9.922022645849388e-08,0.009050531982374984,0.039973121071786424,0.0001060024052307795,2.620417571144821e-06,0.17268259045382817
30,6.071677291389103e-05,0.0009791877707648199,0.000930822385749837,0.0019544887911851698,2.1447885264418954e-05,1.0366067631093453e-05,0.03593540964029021,9.058649138115308e-06,0.021279908426240866,3.29727570141835e-06,0.00023670043948775444,0.7095352294191174,2.608998424894255e-06,0.0023083374443600684,0.004513330777190069,8.46264039996958e-06,3.090177273017566e-05,0.00033995153798624476,2.4807754405445125e-05,9.922022645849388e-08,0.009050531982374984,0.039973121071786424,0.0001060024052307795,2.620417571144821e-06,0.17268259045382817
31,0.0001251882565271308,0.0013402642485669215,0.0017472421721976836,0.0022934076584724163,2.407918715340651e-05,1.2575490508049621e-05,0.047984754868756335,1.5748180865943247e-05,0.020410677925436934,5.7277597889230786e-06,0.0002563396667719675,0.6911205844916609,2.8035011164904255e-06,0.0025881197664099523,0.0037456692398617104,8.726994297556733e-06,3.315823940197535e-05,0.00048138038401124484,3.664755243187455e-05,1.1693909669755539e-07,0.008548255256155133,0.034757852174395525,0.00013138635089515095,3.409016720728535e-06,0.18432588467849922
32,6.62182770340153e-05,0.0010335350197624152,0.0009465446026627678,0.0018615626258778432,2.1595204525454453e-05,1.107427056018102e-05,0.03530800589955999,9.378583082496425e-06,0.02255180123151421,3.397044643592283e-06,0.00024350958628958488,0.7125128834205884,2.7542710252697472e-06,0.0022246172979540606,0.004699447396483057,8.872611109000176e-06,3.193886107399887e-05,0.00035184819968989465,2.985325230994404e-05,9.981674444020888e-08,0.009237014627872592,0.042142651999050186,0.00010309550900257892,2.8848400797601817e-06,0.16659541555150414
33,4.2036373466515914e-05,0.001040942298159888,0.0005918691494606808,0.0032142108329126034,2.318464071655933e-05,1.3038724179735087e-05,0.030302580573367092,1.6132123835634524e-05,0.014753213036516022,4.516167032845679e-06,0.0004420962854517592,0.7335205788162652,3.305661019104982e-06,0.005193724773694465,0.0031053800192649343,1.105514857949227e-05,6.519641581927081e-05,0.00038990665206984395,3.306564909907075e-05,1.626798802983543e-07,0.010685578794634368,0.07228252300451911,0.00023076103468746168,3.855566724962815e-06,0.1240310855786431
34,0.00028861734343366634,0.0019163519464126626,0.001884660452341605,0.00095869859115154,2.8726491932927925e-05,1.699611459987054e-05,0.033487414497841844,1.1948314420509168e-05,0.06664010493654289,1.9503876977576703e-06,0.00034392468311648765,0.7315481009279395,3.822872069061059e-06,0.0011329422263954868,0.006319584568195398,8.732982834939992e-06,2.7104475978034974e-05,0.00046849384297920733,0.00013992596105327196,6.247252162789594e-08,0.006907670125540891,0.0364914539716545,4.2358844479936266e-05,6.345183620328103e-06,0.11132400778524605
35,6.316182067893121e-05,0.0009683360116680696,0.0009425850323604811,0.0019340012992276597,2.0812847162852218e-05,1.011699140913299e-05,0.035829183794282043,9.072374423269257e-06,0.02145261768559284,3.2837412077143216e-06,0.00022998871399009993,0.7116470550529048,2.5860033794887223e-06,0.002240680483563248,0.004400756184134322,8.313422538350908e-06,3.034690554582262e-05,0.0003517948884101681,2.4816166133228232e-05,9.609563751589956e-08,0.008970246351563363,0.039822930431202185,0.00010141190088195528,2.6123652366838057e-06,0.17093319343686575
36,3.563332262073036e-05,0.0005093829224751045,0.0004910374938906221,0.0011556472226586143,9.889456033513821e-06,4.067542659631212e-06,0.025232593778962115,9.850337062056277e-06,0.013791060532893118,1.6347895871317073e-06,0.000145781670796809,0.8073990890900359,2.1052169641668218e-06,0.0015240821806119106,0.0038924522324239597,7.380450088131496e-06,1.946925494418602e-05,0.00021634685918883945,1.8607199770399136e-05,5.5765980424141364e-08,0.005182538267722022,0.04200489112397746,4.059585419244516e-05,1.188758295064188e-06,0.09830461867616581
37,5.898708396194621e-05,0.0009754384456068813,0.0009148541826284689,0.0019515296864276944,2.1591071327853082e-05,1.042778373184727e-05,0.03589557855467897,9.174972494898238e-06,0.021285988091498422,3.2734667602997927e-06,0.0002383213734731476,0.7084249920712696,2.5927827761764897e-06,0.0023457181661524374,0.004646118790120477,8.609899491073122e-06,3.1005459503666615e-05,0.00033548008116163826,2.4691131329294622e-05,9.960092405858097e-08,0.009078208406201032,0.04041312888527658,0.0001055168300438464,2.5570557323574763e-06,0.17321611612742732
38,0.00014237047152530324,0.0014333847436114899,0.001814683245402319,0.0013716801985521477,3.912138238049279e-05,2.107415549179228e-05,0.054761704413415144,9.44268042173404e-06,0.03942702865115243,4.474239514842044e-06,0.00024500908076728243,0.6003311650754356,3.0959259618760548e-06,0.0019130574860080022,0.008360518549984073,1.2338616884650649e-05,2.47987794326374e-05,0.00042368974448954287,4.518877594821226e-05,9.523769125288399e-08,0.008221248387065908,0.02813830039013085,8.144979117662904e-05,3.4472037205183674e-06,0.25317163277383536
39,6.102881283342906e-05,0.0006987621551602859,0.0013167927764830296,0.0020136194524404275,2.0576357744963272e-05,1.565761774581758e-05,0.03648127666330089,1.2573744507954374e-05,0.02347472524585341,3.836521923826619e-06,0.00023564935624798447,0.6894229197256693,3.839458379963942e-06,0.0018543179729558726,0.005477150861448237,1.1886935931845039e-05,4.27682103087218e-05,0.00041969391344159277,3.1537306281321567e-05,1.1468536333221969e-07,0.013880654272629809,0.046523685139781654,0.00010306172140857113,3.059738758358589e-06,0.17789081135339954
40,6.88615980827706e-05,0.0015587992245747573,0.0006699906319975268,0.01334822590467143,3.392598618134073e-05,2.6374063217982388e-05,0.03178475847385422,3.490754292101411e-05,0.016586600736601127,1.4866479712649015e-05,0.0008911111636360444,0.6964362188585999,5.1230274950575815e-06,0.006369177316415324,0.0014864430176336147,3.0267274244319687e-05,0.00018956022210853818,0.001095463807658524,6.681165878192886e-05,6.043690551417354e-07,0.027419937005479098,0.11330701399608123,0.000812766448764147,2.2437332773135276e-05,0.08773975385945938
41,6.633138514296723e-05,0.00101494433886843,0.001008426192462457,0.0018769747040816801,2.4856870969750248e-05,1.0645091944413946e-05,0.03881890955834576,9.180953413969227e-06,0.023901430472803215,3.1180963500018024e-06,0.00024130434221074907,0.7010132526483706,2.688800250414277e-06,0.0021852158126985976,0.005112609889091981,9.167310380943063e-06,2.888332687075901e-05,0.00033014556524547006,2.4343955468496355e-05,1.0060357844957314e-07,0.00838370122897335,0.03645420505565246,9.894050368875097e-05,2.599498437845311e-06,0.17937802379469855
42,4.220178949839528e-05,0.0007013934713455924,0.0008193534112052372,0.0018332895913641752,1.304800959133157e-05,9.405849201079594e-06,0.02932481573791749,1.2490685367199946e-05,0.0194328984213351,3.1909852889959604e-06,0.00021450739208487153,0.7573242025510145,2.6652756659149763e-06,0.0016161023453112563,0.005081451373786137,1.1417264905605802e-05,2.979325650191486e-05,0.00030873040407726883,3.291755547860863e-05,9.10861241208976e-08,0.010550544487234968,0.05780119369677533,8.091749814961527e-05,2.6119746890688084e-06,0.11475076588608604
43,4.93544258723878e-05,0.0011104520117781477,0.0010899418008442365,0.0025946879700422636,1.996376931778772e-05,1.9415471102087397e-05,0.04016482906493045,1.407721381985888e-05,0.020989108442025964,1.1037921994388491e-05,0.00019966533061944032,0.6309403862845717,3.308230548231686e-06,0.0028214378815141165,0.005441891107962904,1.5232859750057692e-05,5.1228603283272376e-05,0.0005364235876133396,4.115234364841042e-05,1.8523541475209776e-07,0.02326464558194959,0.07491107856419357,0.00017104470233020186,3.541384956968167e-06,0.19553591020991595
44,6.071677291389103e-05,0.0009791877707648199,0.000930822385749837,0.0019544887911851698,2.1447885264418954e-05,1.0366067631093453e-05,0.03593540964029021,9.058649138115308e-06,0.021279908426240866,3.29727570141835e-06,0.00023670043948775444,0.7095352294191174,2.608998424894255e-06,0.0023083374443600684,0.004513330777190069,8.46264039996958e-06,3.090177273017566e-05,0.00033995153798624476,2.4807754405445125e-05,9.922022645849388e-08,0.009050531982374984,0.039973121071786424,0.0001060024052307795,2.620417571144821e-06,0.17268259045382817
45,5.3753168827260106e-05,0.0006573704714313681,0.0012633058609363933,0.0017663392443066916,2.223225133859392e-05,1.2382301968981508e-05,0.0442612185060666,2.0422411040650425e-05,0.027315292526912928,2.4439125276055903e-06,0.0003772350092806145,0.7218087245296655,2.5623450741223114e-06,0.0015485874925694467,0.011360832135640177,1.753050143094196e-05,2.417597870457972e-05,0.00030880223180853304,3.3638066085399094e-05,8.98285322821593e-08,0.007100873753212599,0.05160318276432479,6.750725746822448e-05,2.6505560353390774e-06,0.1303688468948103
46,4.046813434091295e-05,0.0005682174849194308,0.0006431845489826909,0.002970557679801999,1.6069481453123955e-05,1.4213388996813513e-05,0.017215948117501458,1.0132717862275268e-05,0.014328917289495351,2.9592955164640208e-06,0.00031933569304529283,0.683193406995924,5.672618293271783e-06,0.0028840977072395924,0.0036707654642040093,1.00349846649276e-05,0.00013266142302109142,0.00048315396560412384,2.735626315634798e-05,1.766288035875129e-07,0.014420441758685279,0.09404445094091951,0.00017886417527195324,3.746236661006782e-06,0.16481516700563534
47,5.955361046917634e-05,0.0008805249468442121,0.000854774990218913,0.001697056399485526,1.8462334872099208e-05,8.575020535663805e-06,0.03307185658886221,7.779884283243048e-06,0.0203198397018464,2.9712413187158002e-06,0.000190061756288742,0.7220094777823354,2.6381573042903546e-06,0.0019001181595908044,0.004220487611383058,7.845257143605691e-06,2.8874294381938888e-05,0.0003208822883509061,2.31866852754e-05,8.939457440292802e-08,0.008731749140300626,0.03904475787566352,8.73548356068734e-05,2.3502082872589825e-06,0.1665087318347769
48,9.06194389287514e-05,0.00239248567725564,0.0009500127266028497,0.0023520373477787637,2.5832217369657992e-05,2.0533189895654002e-05,0.03597602368630488,1.4158849439165358e-05,0.024882402122554704,6.801694291667727e-06,0.0004059795788582404,0.708132886381316,3.2923793827150178e-06,0.0034571166759920593,0.004120939137505631,1.032241787345546e-05,5.517254748153442e-05,0.00039235562156566796,0.000107751464018213,1.4113664751324214e-07,0.011401915220440107,0.0669484851999926,0.0002011300161892516,6.239296621158483e-06,0.13804536597569428
49,0.00040195165601103304,0.008163511609965899,0.00046610935136607814,0.0005685315730817515,0.0007937441389493223,1.574609166135626e-05,0.16805109056699924,4.4978370216555046e-05,0.08879868393400801,3.38620534629592e-06,0.001152780175941085,0.3549600913490183,1.7488933524551488e-06,0.005070708692084906,0.03721770458459399,2.9439142661226857e-05,7.520600706472203e-05,0.0005268616105102532,0.00020132278986578628,1.7731286477661582e-07,0.004464036056654899,0.05264504108874583,6.826828033001225e-05,2.1481831227407384e-06,0.27627673233558353
50,5.6677042253917866e-05,0.0009255842338789553,0.000864541817642684,0.001667223128095385,2.1898367361686457e-05,8.51613847161484e-06,0.04533026028729629,9.87344389598927e-06,0.015699967898574273,4.199210201732234e-06,0.00019746137817297445,0.6915743984218052,2.3356517406022415e-06,0.0024730941519921427,0.004268460794980927,7.828451727882846e-06,2.780609892122049e-05,0.00031465550245095937,2.2080567985644315e-05,9.545116469157809e-08,0.008205751698673823,0.03638777779483496,0.00010793038177922797,1.9507735746808892e-06,0.1918196313125224
51,5.7589610439674436e-05,0.0019480251595216259,0.0005501169862440189,0.0026428562553346474,7.887867500184218e-06,5.6803821664528464e-06,0.020739907051754512,8.98232502947811e-06,0.020007882218524384,2.8910806673458038e-06,0.00017380181968756306,0.7800241993183424,1.0237188896386015e-06,0.0030231979982769564,0.0032753509407356285,5.224597070950362e-06,1.9516908148461296e-05,0.0003310385746576347,2.8666012899011042e-05,5.60658268732453e-08,0.005786413763217406,0.058900038789060194,5.845140386189039e-05,1.7165928773130419e-06,0.1023994845592658
52,0.00020344891149643072,0.00088894808800834,0.0018925372286107147,0.0019300543662856516,4.2585835114687906e-05,5.362265103810823e-05,0.03855360444187724,2.3151432628097754e-05,0.04421198755577573,5.60862376814156e-06,0.0007044938365441487,0.41391197102094596,2.9735272615735625e-06,0.005672454187418436,0.017298314743648673,1.9236329446376036e-05,6.73420386655572e-05,0.002397257169871641,4.8142927577052136e-05,1.156370437775549e-07,0.008394104257868027,0.08098736566552907,8.285517405409638e-05,3.777685480180236e-06,0.3826040466640422
53,2.3475038968572023e-05,0.000503198495787442,0.0006479180129916456,0.0013204088744091782,2.204597340147202e-05,4.522010003731425e-06,0.05989458160973807,8.07692185942185e-06,0.013106151589958155,2.162156188694197e-06,0.00020693807256914876,0.7462501980124022,1.7008949750181883e-06,0.0014481760299016062,0.0048986598282633525,7.211465557099072e-06,1.349719738114277e-05,0.0001413000893085555,1.0737697749858337e-05,6.601274283207297e-08,0.006391780037794663,0.027219574533445277,9.371021007233813e-05,1.378879064160195e-06,0.13778253035546625
54,3.3431274823989614e-05,0.0004354239497259797,0.0012970088354212499,0.0027214579883369583,1.678849567560528e-05,1.3421276934592036e-05,0.03512038591627043,2.0607012507977724e-05,0.018786109188755805,2.2212727024037083e-06,0.0007142425561777391,0.8015699881847154,3.654711970406513e-06,0.001460929641490218,0.0031077968517570715,1.0515999699724305e-05,3.954836658599044e-05,0.0002729660810184706,4.20501814671683e-05,1.0172869404402904e-07,0.01482588876656271,0.05947144804400916,0.00019704550458722722,7.815843281463143e-06,0.05982915232682824
55,4.994669567123272e-05,0.0005672061043224744,0.0006810159325891623,0.0012077832900585267,9.75975021750977e-06,4.603793763722358e-06,0.024418758475891207,4.223810273172947e-06,0.02302625271495372,1.3617737195618027e-06,0.00010059401327923873,0.8107197416445054,2.3950323023810823e-06,0.000912724882685732,0.0026719863758635303,5.108917086674958e-06,1.2886239295093265e-05,0.0002322799679462501,1.488892446413187e-05,4.38341876748747e-08,0.006071251119321304,0.023495732001513045,3.487497018121773e-05,1.79029486211916e-06,0.1057527894410459
56,5.866060637004187e-05,0.0009078926579335328,0.0008764463969419355,0.0018504484930942243,2.010357472786196e-05,9.714066813788423e-06,0.03382642282473545,8.456867540323378e-06,0.020495006376892118,3.057538663204416e-06,0.0002226149745467024,0.7222125516777557,2.8087544507929917e-06,0.002184184979668221,0.0042273697287349265,8.04355475531973e-06,3.0512595917112692e-05,0.00032671856200265235,2.411387953657625e-05,9.641772722586227e-08,0.00875003687391559,0.0386319064261504,9.894377396662638e-05,2.570118890544011e-06,0.16522131827826916
57,3.820889791273357e-05,0.0006251735027218088,0.0005499313451372068,0.0012992490916001289,1.1533006915691623e-05,4.841186272582301e-06,0.025118815309121408,6.273807594235712e-06,0.014949057764818753,2.2641799795841717e-06,0.00011417557664149673,0.7877605351295177,2.9256897941573527e-06,0.0013344378192887457,0.0029941473924816617,6.6001999359842474e-06,2.5017325290486795e-05,0.00021971696371040993,1.90523327630949e-05,7.902785398152647e-08,0.007540284764090276,0.03691152016359098,6.082328546024329e-05,1.668570156373465e-06,0.12040366766735039
58,6.572048853784493e-05,0.000928825892646234,0.0009424804855741703,0.0019220892730878645,2.0046464299545816e-05,1.0223357331760698e-05,0.03380096413653069,8.474459689861133e-06,0.021795824106173037,3.0202425624547105e-06,0.00024713745243016747,0.7397689358812891,2.852270452240241e-06,0.0020288126257481747,0.003783583809192019,8.031864680900455e-06,2.8435884918667306e-05,0.00033750382692059966,2.7195245948858267e-05,9.422359892719331e-08,0.008634685007879476,0.03671043518552914,0.00010516307209661543,3.2977725528866283e-06,0.14881616697032882
59,6.575801446842436e-05,0.000946913257766846,0.0010982778904202856,0.002043994058617743,2.0849527461161597e-05,1.0831879457354233e-05,0.03600635433212682,8.989943718264145e-06,0.022831761540802107,3.2627923730050416e-06,0.0002508350544660261,0.7304990660978937,2.8178329335616386e-06,0.001933416540546691,0.004099931910281534,8.624813692509562e-06,2.8315954739924847e-05,0.00033461383603138224,2.6862933506953925e-05,1.0234909523612242e-07,0.0094022420313617,0.03704364095633358,0.00011286054444231887,3.4423524017582574e-06,0.1532162335550609
60,6.071677291389103e-05,0.0009791877707648199,0.000930822385749837,0.0019544887911851698,2.1447885264418954e-05,1.0366067631093453e-05,0.03593540964029021,9.058649138115308e-06,0.021279908426240866,3.29727570141835e-06,0.00023670043948775444,0.7095352294191174,2.608998424894255e-06,0.0023083374443600684,0.004513330777190069,8.46264039996958e-06,3.090177273017566e-05,0.00033995153798624476,2.4807754405445125e-05,9.922022645849388e-08,0.009050531982374984,0.039973121071786424,0.0001060024052307795,2.620417571144821e-06,0.17268259045382817
61,6.585660381550634e-05,0.0009415590169705144,0.0010730208820225503,0.002010445682798513,2.120052941754005e-05,1.069751213690101e-05,0.0361190429554092,8.918157462089344e-06,0.02236642540103092,3.270963991320103e-06,0.0002477488196382756,0.7271598490208948,2.8951200103647565e-06,0.0019603245797815932,0.004129973544293397,8.533105235070611e-06,2.9113514861228715e-05,0.0003395501224009949,2.6354458897313743e-05,1.0320374236111318e-07,0.00927934323457098,0.03707715254524365,0.00011161105127196122,3.3419686033287793e-06,0.15700366800549934
62,6.071677291389103e-05,0.0009791877707648199,0.000930822385749837,0.0019544887911851698,2.1447885264418954e-05,1.0366067631093453e-05,0.03593540964029021,9.058649138115308e-06,0.021279908426240866,3.29727570141835e-06,0.00023670043948775444,0.7095352294191174,2.608998424894255e-06,0.0023083374443600684,0.004513330777190069,8.46264039996958e-06,3.090177273017566e-05,0.00033995153798624476,2.4807754405445125e-05,9.922022645849388e-08,0.009050531982374984,0.039973121071786424,0.0001060024052307795,2.620417571144821e-06,0.17268259045382817
63,6.44281715345095e-05,0.0011748157269552426,0.0009192814027783492,0.0019879843860007426,2.218770873661478e-05,1.033411546621895e-05,0.035592853957477195,8.627753940204727e-06,0.021874078078613995,3.568947505996921e-06,0.00022636559462252157,0.7065639587426127,2.554512285972814e-06,0.002377621652741413,0.004505208717920672,8.309958900529183e-06,3.078725814211476e-05,0.00032889191730468956,2.6562405131618517e-05,1.0469986531000414e-07,0.00902438746666082,0.039536563383140086,0.00010976890777815673,2.6603252145928442e-06,0.17559809420866956
64,4.98720826118524e-05,0.0009060975198659968,0.0008306795286005341,0.001963787250722638,1.8519976194652694e-05,9.663429201366309e-06,0.03298730062107274,7.837061379581096e-06,0.019805553523215086,3.492660511885494e-06,0.0001927131991384745,0.7155485446154614,2.6662152643666195e-06,0.0022163888527205163,0.004054879095687556,7.961384601564692e-06,3.048537036493684e-05,0.000328273809686082,2.1945696350139695e-05,1.0178944354499601e-07,0.010982782408192587,0.04041103325509374,0.00010550718247134013,2.437702578727979e-06,0.16951147576956885
65,2.970441614811645e-05,0.0010060312789979234,0.0012548422996084261,0.0031461820041482507,1.9084438058419937e-05,1.2635984349887986e-05,0.0705192613685296,1.679464294266443e-05,0.0077026128305234766,1.9397395743951763e-05,0.00012595716904147683,0.551546461295353,1.7449117319434474e-06,0.004619207596167984,0.004536432274131171,1.0636123258684893e-05,2.929453374496084e-05,0.00032927909077294973,1.4331606833635727e-05,2.0751290560348875e-07,0.01808907262230907,0.03473914834520881,0.00024970565803693497,1.2936663208804643e-06,0.30198068093513203
66,0.00015790790121901282,0.0011376060325024842,0.002905521197913517,0.0018751478501924373,6.218721602155887e-05,3.125555114078968e-05,0.05443923718695847,8.384731605659382e-06,0.03313834461271204,8.185788810455433e-06,0.0003262498685479648,0.5466111379621823,7.563242770341659e-06,0.0014816067134535234,0.005597543241736965,1.388964362041104e-05,6.36533530140863e-05,0.0005858569044226502,4.719302390214506e-05,2.899144488361032e-07,0.019087853365664185,0.03068982928249398,0.000259612471526409,9.996105668530513e-06,0.30145394683747107
67,4.159434457582637e-05,0.0006954651451360509,0.001093877834681727,0.004715466366440948,2.335894208013899e-05,2.9312040385323195e-05,0.02483209006766232,9.655658617943984e-06,0.014612703779490251,5.559042599490719e-06,0.0003686969235588966,0.6447301119032177,5.7094804747001975e-06,0.006029336917506265,0.0029746208588198727,1.0680629077296671e-05,8.380477747006348e-05,0.0004974739788309923,1.907411021531344e-05,2.493169232892663e-07,0.017370061515244242,0.042263592755094066,0.000370818137897926,4.829330911464136e-06,0.23921185614308785
68,6.17931430862463e-05,0.0007043619921046565,0.0016329856097975519,0.003197920423132907,6.442528389463562e-06,7.064528559924574e-06,0.027637029317500273,6.817924146679062e-06,0.014905379591476897,4.000241471391517e-06,0.00012438266970998986,0.822068645951405,1.8409484826517774e-06,0.0015701997163931828,0.0009324420488626563,4.517618101286097e-06,1.366463965392366e-05,0.0003272383211638686,1.5090427828601445e-05,6.156469865052923e-08,0.011162838269581213,0.02177657846896526,0.00011818445386653025,3.7312370355685016e-06,0.0937167883645856
69,6.37687221430648e-05,0.0009855544420992808,0.000904302878652675,0.0018728565803152733,2.1053994900350346e-05,1.007149904331025e-05,0.035302256809706105,8.63077763005501e-06,0.02147652139540137,3.2700082215630348e-06,0.00021910291521666427,0.7003185475396532,2.5895471864764995e-06,0.002328221337162527,0.004524360841301126,8.150077532323359e-06,3.152184409109494e-05,0.0003582789760679177,2.414127489100041e-05,9.515399277782492e-08,0.008699733420076995,0.04023006926880994,9.717356016834144e-05,2.4077502528791995e-06,0.1825073193854838
70,7.007190639185946e-05,0.0007436572267242331,0.0010957727777827437,0.0020596264814813988,1.975689783317289e-05,8.264456232136797e-06,0.03651152803918905,1.1034107941770803e-05,0.01902520185205173,3.09072531151556e-06,0.00017823201556975996,0.6915795746772881,2.7389813752309167e-06,0.002477398107791254,0.0045823404509508425,9.81611694636009e-06,2.9807509882097618e-05,0.00040788727744861346,1.4287428743898336e-05,1.0582144893785323e-07,0.006222899967094906,0.03340860078410988,7.077413967621876e-05,1.6214751537517485e-06,0.20146591077558057
71,4.711309000575412e-05,0.0017637529836299036,0.0005353337572643483,0.0018974359724773088,4.779899784726314e-05,5.411636752234871e-06,0.044346258991695385,5.782938720606571e-06,0.01525098550523128,4.932482478893074e-06,0.00013109325206919222,0.6916863846252399,3.386480249071078e-06,0.002779658350346748,0.003080122774863434,8.351726492461121e-06,3.087688799591313e-05,0.00016191262720098424,1.3885581223459129e-05,2.837982446596262e-07,0.008427625612723012,0.021126572490386155,0.00019774058514882302,2.1019378936320804e-06,0.20844519691381966
72,5.975794655281034e-05,0.0008444179170695852,0.0010039306911260799,0.0019305746733429064,1.9185121353286977e-05,1.0584472864855454e-05,0.035845804181843695,9.826903223843227e-06,0.022815682172666628,3.0544722454479095e-06,0.0002336920542942161,0.7275348438979854,2.667346341608813e-06,0.0020862415674984007,0.004527888906152515,9.096145554581621e-06,2.748967752070445e-05,0.00035809602313006635,2.46675255220064e-05,8.96793336714283e-08,0.00928559217070848,0.03882241608512286,8.733055982925334e-05,2.641378396591646e-06,0.15445442843032028
