,0,1,2,3,4,5,6,7,8,9,10,11,12,13,14,15,16,17,18,19,20,21,22,23,24
0,0.045735363576472045,0.00011290212386784919,0.0005989281756382077,5.0516905925766094e-05,2.287126517550365e-06,1.480098025792082e-08,1.1929876838681806e-05,0.0014279078341103179,9.337078250741162e-06,1.0443851792490837e-05,1.0435086632294682e-05,0.9358575100360508,1.5661965077452755e-05,4.709958125823002e-06,2.412975160840421e-08,2.31007622517879e-08,0.0007490139252878128,0.012125305379071154,4.096271701732579e-05,3.9936506018119804e-06,2.2538634728305858e-05,0.00123232684748936,1.0119415851388656e-08,9.535264742092884e-05,0.0018825004521734895
1,0.05004290861789208,0.00021579492143481717,0.0005917971036609875,8.648557694296153e-05,2.918549030000233e-06,1.8502664897036782e-08,1.4711627240098786e-05,0.002246523397540461,1.3777879104255798e-05,2.50544955822586e-05,9.927677851936633e-06,0.9231757943274341,1.5120702576691245e-05,6.7822539701675126e-06,4.185656694887817e-08,3.760063699986509e-08,0.0011064147127053156,0.015629081397600404,7.879556803104781e-05,4.582215922126688e-06,5.29422740144278e-05,0.0020841455165480135,1.6200600381577555e-08,0.00011982622515304447,0.004476500799295314
2,0.05005373232517058,0.00019362328636843987,0.00037937035171375157,7.193048575285527e-05,2.171088689455791e-06,1.63398923512835e-08,1.2428642808852718e-05,0.0017246057289744027,7.2896136915412255e-06,1.7746990147861108e-05,8.900777886669923e-06,0.9221335145185867,1.1965532654651988e-05,6.039801894736893e-06,4.42396021899733e-08,3.270467810588245e-08,0.0013224993942086269,0.017229957308724536,5.105967730292963e-05,3.9702151533323824e-06,4.9236110371505413e-05,0.002485161583521268,2.3929688181751806e-08,0.00011376607923264494,0.004120913273283708
3,0.04801545069707217,0.00020200039493293797,0.0004550042493190412,7.737265147997262e-05,2.370242657841795e-06,1.3907181351278276e-08,1.197342328975902e-05,0.0017517342672868877,7.917583045586268e-06,1.731049615443239e-05,9.501467123477405e-06,0.924026105181056,1.3746447750848536e-05,5.885107975605713e-06,3.19352865962198e-08,2.4215607075290188e-08,0.0011860570773608698,0.018268026546437204,4.958687290499302e-05,3.7027095735110387e-06,4.44893579137292e-05,0.0019647300555224716,1.6986347137694684e-08,0.00012057448059133721,0.0037663736461290617
4,0.04586262675973662,0.0002031286772204576,0.0004723905812454855,7.51296818336033e-05,2.5334524131083715e-06,1.454551835082378e-08,1.1873417256071166e-05,0.0015725472196601712,7.922906456020063e-06,1.670140300591618e-05,9.4864085110402e-06,0.9275472341202367,1.5858076235913215e-05,6.450517650267652e-06,3.1006661522840936e-08,2.320220669065219e-08,0.0011142468761444848,0.017618897174377434,4.6676365656237594e-05,3.6151075953317058e-06,4.016793007980338e-05,0.001884784732503937,1.6569678543889198e-08,0.00011717312996819605,0.00337047013814812
5,0.04600851570050326,0.00021783965098063273,0.0004389987153257775,9.24061393102025e-05,2.489997694505149e-06,1.4206873711037804e-08,1.2093623445748073e-05,0.0018853376351248687,7.313193567626226e-06,1.9137665863240827e-05,1.0134032194074956e-05,0.9213641696331832,1.4996763732277578e-05,5.952622624383981e-06,2.9172413231066694e-08,2.3243063719546414e-08,0.001263858363668016,0.022617685127045657,4.645077385436133e-05,4.0558078808394825e-06,4.8948636531753474e-05,0.00195851480795453,1.9041553572473768e-08,0.0001350281289350834,0.003845987316675638
6,0.04801545069707217,0.00020200039493293797,0.0004550042493190412,7.737265147997262e-05,2.370242657841795e-06,1.3907181351278276e-08,1.197342328975902e-05,0.0017517342672868877,7.917583045586268e-06,1.731049615443239e-05,9.501467123477405e-06,0.924026105181056,1.3746447750848536e-05,5.885107975605713e-06,3.19352865962198e-08,2.4215607075290188e-08,0.0011860570773608698,0.018268026546437204,4.958687290499302e-05,3.7027095735110387e-06,4.44893579137292e-05,0.0019647300555224716,1.6986347137694684e-08,0.00012057448059133721,0.0037663736461290617
7,0.05762375668977447,0.000296902645869479,0.0006860402679746337,8.869768333162185e-05,2.2316570911285335e-06,1.1451754268040688e-08,1.823318349424172e-05,0.0017359058219721733,1.0079528263047536e-05,1.54525882708636e-05,1.3558057581374384e-05,0.9115285796312902,3.0203499496979157e-05,6.054161162582759e-06,2.700216772550839e-08,1.6094264197143553e-08,0.0011983210431645152,0.021625032607404518,3.9879626293904625e-05,5.0214722808493415e-06,2.841316537753401e-05,0.0015292997559731105,1.3472369834440656e-08,0.0001936288674536381,0.0033246400259229164
8,0.0599947749888653,0.0002345213862775231,0.0005523116659867054,0.00010708092967307444,2.345311784917394e-06,1.2209316588454465e-08,1.5211389071898916e-05,0.002250397472181109,8.04536514527193e-06,2.3607761835679407e-05,7.362159550684506e-06,0.90789569101167,1.5197059913592234e-05,6.6460014390619946e-06,3.4455738989111875e-08,3.143952315132915e-08,0.0014455954774716488,0.019125496759032804,4.736260213096433e-05,4.358820672524696e-06,5.185754617071064e-05,0.0019697154684351205,2.2445492476420648e-08,0.00017915489735634383,0.0060631653752638666
9,0.049450791306740745,0.00021249632343969276,0.0004927384681042086,8.172348141728618e-05,2.3915640010300297e-06,1.3310712087328822e-08,1.2519140237684368e-05,0.0018306950262498352,8.285534086046879e-06,1.794816219474863e-05,9.355789935886826e-06,0.9221360950165455,1.4894698416403526e-05,5.93077921356055e-06,3.16042080473998e-08,2.3934524345874005e-08,0.0012180793960902899,0.01838395553765409,4.8578035842758254e-05,3.885144865962681e-06,4.365279673307546e-05,0.001907391585878604,1.6751872351073834e-08,0.00013250218319011672,0.00398600442784577
10,0.04801545069707217,0.00020200039493293797,0.0004550042493190412,7.737265147997262e-05,2.370242657841795e-06,1.3907181351278276e-08,1.197342328975902e-05,0.0017517342672868877,7.917583045586268e-06,1.731049615443239e-05,9.501467123477405e-06,0.924026105181056,1.3746447750848536e-05,5.885107975605713e-06,3.19352865962198e-08,2.4215607075290188e-08,0.0011860570773608698,0.018268026546437204,4.958687290499302e-05,3.7027095735110387e-06,4.44893579137292e-05,0.0019647300555224716,1.6986347137694684e-08,0.00012057448059133721,0.0037663736461290617
11,0.04753603886903318,0.0002036394982688745,0.00046117580656566926,7.731392719353069e-05,2.3593672106224202e-06,1.3723209775382773e-08,1.2041986456976751e-05,0.0016950005490590015,7.786673766945571e-06,1.691435964309233e-05,9.494070006137732e-06,0.924609160138963,1.4915555537077856e-05,5.97822255516359e-06,3.072980266597803e-08,2.3311368467836825e-08,0.0011781322363107608,0.018426465290738058,4.6995765727196724e-05,3.7692103022352187e-06,4.1876899916385595e-05,0.0019157792762269767,1.6866313183912738e-08,0.0001225405657143795,0.003612537100110702
12,0.04576425187777427,0.00019301829368519426,0.0004155954389523824,7.359467202312355e-05,2.3436119141473207e-06,1.3698182189434847e-08,1.0873397886190335e-05,0.0016102698447365356,6.78382184413435e-06,1.639687908948118e-05,8.958734158787912e-06,0.9262962294956708,1.3048213322219274e-05,5.909655134436929e-06,2.985196692189721e-08,2.323425305527142e-08,0.0011817535179516035,0.01867615067790108,4.539797111011969e-05,3.453157746007237e-06,4.3643194125807337e-05,0.002009258442525666,1.7505015142861978e-08,0.00011346193103721075,0.0035095228819934606
13,0.03202568081685155,9.839988116061904e-05,0.00032484516479029034,3.974328617478279e-05,1.5760328254056485e-06,7.30406014659169e-09,6.032784328731521e-06,0.0009359181414999627,4.237214145483335e-06,6.146639452386911e-06,7.70331223212631e-06,0.9524542950521324,8.650909873046073e-06,4.104839895959414e-06,1.9074856649913882e-08,1.1160591963043427e-08,0.0008524374201190923,0.010006745939419996,2.9054172772909477e-05,1.9601864313249874e-06,2.5528126682587543e-05,0.0012300616938227885,8.999367376756938e-09,5.826749206376764e-05,0.0018785643544486817
14,0.04347971723241382,5.9819314804117274e-05,0.0002892005527774522,3.787330250320446e-05,1.053485389768105e-06,6.584871425263164e-09,6.9085354179291655e-06,0.0010203012829124397,3.584162626059398e-06,5.519857023282108e-06,5.0664624614559364e-06,0.9412802944512917,5.448514115536366e-06,3.469798992653613e-06,1.99074875719688e-08,1.7391455571190857e-08,0.0008621943516643613,0.009001990701207597,2.8630133448416104e-05,2.0295137124985665e-06,2.6000902334568937e-05,0.0011543433019566456,1.2027779282510877e-08,5.623876218209436e-05,0.0026702594691705907
15,0.04801545069707217,0.00020200039493293797,0.0004550042493190412,7.737265147997262e-05,2.370242657841795e-06,1.3907181351278276e-08,1.197342328975902e-05,0.0017517342672868877,7.917583045586268e-06,1.731049615443239e-05,9.501467123477405e-06,0.924026105181056,1.3746447750848536e-05,5.885107975605713e-06,3.19352865962198e-08,2.4215607075290188e-08,0.0011860570773608698,0.018268026546437204,4.958687290499302e-05,3.7027095735110387e-06,4.44893579137292e-05,0.0019647300555224716,1.6986347137694684e-08,0.00012057448059133721,0.0037663736461290617
16,0.04293482033447303,0.0001555081134362221,0.001075685890232328,5.929726113997009e-05,3.0437936347313587e-06,9.7063234102699e-09,1.1667601312939149e-05,0.0014648759851163679,1.5969249994772065e-05,7.079256478005288e-06,1.1065318022229482e-05,0.941356175720916,2.1867014399993035e-05,5.762632175322693e-06,3.332003701880247e-08,1.1804334987476987e-08,0.0008205046649288074,0.007773766028554766,4.0033227445279923e-05,3.6681976069187215e-06,1.457717518801663e-05,0.0011839280068424059,7.887375058896297e-09,0.0001240199331294566,0.0029166218769021666
17,0.0691374127256968,0.00035115417809183713,0.0006673511122384352,7.528828969424476e-05,3.292042339308367e-06,2.1510946873958228e-08,1.861175795127514e-05,0.0034000466758065295,2.2064665885207824e-05,3.331177674268237e-05,1.4167410599245591e-05,0.8958968711550169,1.3856192461444304e-05,5.078132441325871e-06,8.306765992202225e-08,4.011536976547251e-08,0.0018182142388820746,0.01883410985581909,0.00011558946539433149,4.6502575049176376e-06,7.003227880098835e-05,0.003593208155313727,1.6627118853844196e-08,0.00020545644236235345,0.005720071869862084
18,0.05033101392458207,0.00017567058483564338,0.00036795443412860593,6.083590033850577e-05,1.6368857460778865e-06,8.780680271068802e-09,9.842206792722284e-06,0.0014284268536430196,5.07513948902921e-06,1.3051325927230079e-05,7.010689656966858e-06,0.921651577139081,1.1356834786147081e-05,4.646836476557496e-06,2.401961627155365e-08,1.744892060132528e-08,0.0013297692194215549,0.018877169365850977,3.508820629421427e-05,2.7927992724810115e-06,3.757249936064733e-05,0.0018931432808798,1.4779079540889139e-08,0.00012107678013303676,0.0036352240650070807
19,0.05438270604116713,0.0002148702836816552,0.00043221900234024656,8.08952333356716e-05,2.2522402325271997e-06,1.506625580404293e-08,1.344241272494533e-05,0.0018672714797664323,7.969915899076074e-06,1.856895664598291e-05,1.0184947878424356e-05,0.9147531133675132,1.2903778383926037e-05,5.810247795968195e-06,3.626909999371702e-08,2.791272140131272e-08,0.0012777856480146528,0.02031963901438615,5.359074741265937e-05,3.904567509403135e-06,5.107842757080269e-05,0.0021084892528873338,2.0042672534795405e-08,0.00013097606345445484,0.004252229080649574
20,0.06799907856689152,0.0001918641815673165,0.0005844194822349087,9.302120601457843e-05,2.0510476933475847e-06,1.8735429578274184e-08,1.8389857361723398e-05,0.0012517235493823234,9.07620521134678e-06,1.533164336532413e-05,1.3176058630892807e-05,0.9017848630084445,1.6191637162502845e-05,6.900279596160423e-06,2.7378098674199067e-08,2.9694897649889866e-08,0.0007748900335914612,0.021309106994069304,4.671154427649111e-05,4.303786393362623e-06,3.978762650957412e-05,0.0010323754204387499,1.765531605984302e-08,0.00012241992614863483,0.004684224481273849
21,0.047638417701561526,0.00019057802028775659,0.000444432680550007,7.582814679495249e-05,2.2669627081463693e-06,1.3576810059784401e-08,1.1893718734982167e-05,0.001668167609133036,7.428461282201431e-06,1.660240391937353e-05,9.197433555613174e-06,0.9251783097882429,1.3687933019662071e-05,5.8330273796358916e-06,3.0088337160873675e-08,2.4212094585831983e-08,0.0011356563484878728,0.01792166351222195,4.701077364686928e-05,3.6694651754606328e-06,4.2691816387066756e-05,0.0018564509760754288,1.6860631465367663e-08,0.00011637336309398598,0.0036137551198680484
22,0.04616985985199903,0.00015608450646666084,0.0003563591110443182,6.270575901243286e-05,1.918766165917607e-06,1.2234990651235594e-08,9.811881731219208e-06,0.00145812621464503,4.961118556647149e-06,1.2995672507475679e-05,9.376193116683199e-06,0.9249848037048796,1.0538530388466817e-05,4.99667694778458e-06,2.477284707568371e-08,2.2032604028062846e-08,0.0012240101667065752,0.020644964040079417,3.879594443268215e-05,3.21579933215166e-06,4.440267776739447e-05,0.0018863468850044134,1.7189537531737335e-08,0.00010401542738116031,0.002811634841855529
23,0.04801545069707217,0.00020200039493293797,0.0004550042493190412,7.737265147997262e-05,2.370242657841795e-06,1.3907181351278276e-08,1.197342328975902e-05,0.0017517342672868877,7.917583045586268e-06,1.731049615443239e-05,9.501467123477405e-06,0.924026105181056,1.3746447750848536e-05,5.885107975605713e-06,3.19352865962198e-08,2.4215607075290188e-08,0.0011860570773608698,0.018268026546437204,4.958687290499302e-05,3.7027095735110387e-06,4.44893579137292e-05,0.0019647300555224716,1.6986347137694684e-08,0.00012057448059133721,0.0037663736461290617
24,0.0396577281799756,0.00024295193888170734,0.000454380842476551,0.0001024016058596599,2.9358630537619797e-06,1.6065458899118683e-08,1.1499821672064689e-05,0.0016899041083411632,7.617600729622406e-06,2.1232852933800122e-05,9.746285833850152e-06,0.9297967308710093,1.8016929233346897e-05,7.72835394222286e-06,2.659350323412032e-08,2.312022871063712e-08,0.0010388363847282764,0.021135168573399178,4.924804698989648e-05,4.219522754529214e-06,4.570401034215923e-05,0.0019084728288714977,1.8029860817325277e-08,0.00011047134284276449,0.003684920227077178
25,0.039583045039157945,0.00011677515187071562,0.00036200401514104925,7.168028612997538e-05,1.4904755192027064e-06,7.305996774430459e-09,1.0657606309282528e-05,0.001740349987261963,4.226138736254454e-06,9.590648404287815e-06,9.33630274816545e-06,0.9369662156376285,1.2222755870163572e-05,4.0327084865977605e-06,1.6080789732250076e-08,1.597532882229348e-08,0.0010710510695279912,0.016432310876892193,3.3514500139674404e-05,3.8956015288957704e-06,3.214950279614493e-05,0.0012465041627652783,1.3577136318946815e-08,9.904950597783308e-05,0.002189845087856093
26,0.06340271132480056,0.0001820489046428355,0.0005066330981746403,6.198452012510868e-05,1.7219984110869804e-06,8.807949864797995e-09,1.1725091263564474e-05,0.0018250971101316808,6.974872749784548e-06,1.2506204165780822e-05,9.054027538154172e-06,0.9045469999729138,1.5063239192747548e-05,3.565543420855032e-06,2.497410370437032e-08,1.5762247403636387e-08,0.0016526957453690374,0.02247061808323323,3.2056338274305695e-05,3.3983566526887727e-06,3.259237074173255e-05,0.001714450936770648,1.3581427336967658e-08,0.00019796238761015032,0.003310076748089258
27,0.0562100976379033,0.00023586821740208982,0.000499191939321945,8.133634285247293e-05,2.5485554917581496e-06,1.7834314643419078e-08,1.3490086653596602e-05,0.0022587346436861886,1.1450039889046726e-05,2.2877449776514256e-05,9.607400445127232e-06,0.9119887517125801,1.3020713413677088e-05,5.996760628317661e-06,4.738571444577351e-08,3.3421531699982025e-08,0.0013879382206495828,0.01900070261877109,6.444073400301188e-05,4.523077309349073e-06,5.2413890030694776e-05,0.0027551470098127286,1.986071326671314e-08,0.0001371732912302977,0.005244571155874995
28,0.04801545069707217,0.00020200039493293797,0.0004550042493190412,7.737265147997262e-05,2.370242657841795e-06,1.3907181351278276e-08,1.197342328975902e-05,0.0017517342672868877,7.917583045586268e-06,1.731049615443239e-05,9.501467123477405e-06,0.924026105181056,1.3746447750848536e-05,5.885107975605713e-06,3.19352865962198e-08,2.4215607075290188e-08,0.0011860570773608698,0.018268026546437204,4.958687290499302e-05,3.7027095735110387e-06,4.44893579137292e-05,0.0019647300555224716,1.6986347137694684e-08,0.00012057448059133721,0.0037663736461290617
29,0.04801545069707217,0.00020200039493293797,0.0004550042493190412,7.737265147997262e-05,2.370242657841795e-06,1.3907181351278276e-08,1.197342328975902e-05,0.0017517342672868877,7.917583045586268e-06,1.731049615443239e-05,9.501467123477405e-06,0.924026105181056,1.3746447750848536e-05,5.885107975605713e-06,3.19352865962198e-08,2.4215607075290188e-08,0.0011860570773608698,0.018268026546437204,4.958687290499302e-05,3.7027095735110387e-06,4.44893579137292e-05,0.0019647300555224716,1.6986347137694684e-08,0.00012057448059133721,0.0037663736461290617
30,0.04801545069707217,0.00020200039493293797,0.0004550042493190412,7.737265147997262e-05,2.370242657841795e-06,1.3907181351278276e-08,1.197342328975902e-05,0.0017517342672868877,7.917583045586268e-06,1.731049615443239e-05,9.501467123477405e-06,0.924026105181056,1.3746447750848536e-05,5.885107975605713e-06,3.19352865962198e-08,2.4215607075290188e-08,0.0011860570773608698,0.018268026546437204,4.958687290499302e-05,3.7027095735110387e-06,4.44893579137292e-05,0.0019647300555224716,1.6986347137694684e-08,0.00012057448059133721,0.0037663736461290617
31,0.044151646993594265,0.00021390838718756365,0.0005549139676133326,9.165758306249987e-05,2.64056197351579e-06,8.849122280322136e-09,1.017776379904608e-05,0.0021214258361892794,6.977755500183568e-06,1.7283974058871346e-05,7.445234068279647e-06,0.9269051328941659,1.76624038803544e-05,5.6716510944826446e-06,2.0051619706398026e-08,1.6394366232700182e-08,0.0012761939182887538,0.019269719640899737,4.0664630851035516e-05,3.699491510717905e-06,3.764382959528167e-05,0.0016250417326023091,1.2661451158646846e-08,0.00015517278578759664,0.003485261007717557
32,0.048261565432092625,0.00020272590972367468,0.0004543323281908501,7.55201348728681e-05,2.4234118162626523e-06,1.4267641318814657e-08,1.1878908599643359e-05,0.0018149146209712847,8.491979056532326e-06,1.7892292200066058e-05,9.40621140693034e-06,0.9242329135278762,1.3321406268238254e-05,5.9077499079913505e-06,3.4402884122175585e-08,2.5439424000957322e-08,0.0012126219470022209,0.017535091362670344,5.467038577782746e-05,3.6553513614658984e-06,4.6462371229805505e-05,0.0020734140486343873,1.677742586533809e-08,0.00011724111708942668,0.0038454586158759045
33,0.03773807438810012,0.000226455550868637,0.00029158197302075025,6.11591874439144e-05,2.545258715818638e-06,1.1205729884804414e-08,7.947465248232357e-06,0.0014820478381006041,3.934917581742839e-06,1.4160106886608224e-05,7.620371155019128e-06,0.9320846000872249,1.5975010404219023e-05,6.3071673658936465e-06,2.230571237392193e-08,1.6048279964177358e-08,0.0014032098701293677,0.021401389857493843,3.828761490805574e-05,3.15498821518761e-06,3.3371755910063245e-05,0.0031274397747258023,1.7337184810616494e-08,0.00010178122830480947,0.001948888691289323
34,0.08113101269653995,0.00026377802019990733,0.0008378239481934441,7.321734522558445e-05,2.9639718145177747e-06,2.0737357148308055e-08,1.8992045137640018e-05,0.002049713269598917,2.882457786475099e-05,2.26186669557829e-05,1.0687361565087868e-05,0.8934320567836712,1.831578358956042e-05,7.570835685026311e-06,5.966272069822208e-08,3.402462115080872e-08,0.0009524457688776758,0.012802507664889665,0.00010880711755314435,3.754774554109539e-06,4.273676274308436e-05,0.0018669997003244356,1.1082652473348246e-08,0.0001301391571501175,0.0061949082405148275
35,0.03301089837485219,0.00018858446911908637,0.0005071880895901139,6.777046509594183e-05,3.428159704155927e-06,2.3604369043966594e-08,1.2560235571763316e-05,0.0009726266308058571,6.146170510801914e-06,1.2843004505157598e-05,1.2927742399520672e-05,0.9480243391296522,1.4364630688527253e-05,1.0372780103700818e-05,4.6741686262224104e-08,3.5115891260058904e-08,0.0007783003869960164,0.012005243665125826,4.063463100921639e-05,3.7437992476956876e-06,4.2564665606961225e-05,0.0017770893831610371,2.653673651855832e-08,8.154837796375068e-05,0.0024266932096071213
36,0.07007149550854427,0.00044325601473288445,0.0005540927058935122,0.00017234694942754364,3.5863841930485263e-06,4.3987963000053424e-08,2.917393559199321e-05,0.002609105673996647,1.1810366634026734e-05,3.862687573081205e-05,2.7230582747378956e-05,0.8618967262721012,2.2045109090122372e-05,8.92048676381822e-06,5.472756196922804e-08,5.2529140096155145e-08,0.001323990061424184,0.05406773954675003,6.63162997827888e-05,8.94694733328685e-06,8.904351323764912e-05,0.0027093239209294473,4.954895484700252e-08,0.00024249550826098402,0.005603526543214401
37,0.06255926677127681,0.00012948752638962515,0.0003786095881211073,4.2535095812390674e-05,1.294265213416794e-06,7.296685433121439e-09,9.811430950030085e-06,0.0009695225304988623,3.867675279621976e-06,7.082760369483019e-06,7.2071357368077256e-06,0.9149268457946873,1.0768280766202645e-05,4.437568280047364e-06,1.6982245563593728e-08,1.3937163518898036e-08,0.0009284081989799412,0.016208306377009638,2.7889954969748316e-05,2.2261104014939863e-06,2.408836824675669e-05,0.001245422520491194,1.0548301298511043e-08,9.868352901664847e-05,0.0024141897531071185
38,0.0711875601716079,0.00017331285758072639,0.0003603949577812064,5.821372034584044e-05,1.8348309274857262e-06,2.3827401053210597e-08,1.9338051995645833e-05,0.001333388139393462,7.037893728126858e-06,1.610347880306677e-05,1.2408029851411154e-05,0.9000106508439484,1.045056569863215e-05,6.3722245789240254e-06,5.0065927554367195e-08,4.831111034150353e-08,0.001008290519714409,0.019834708934657417,5.691908380941329e-05,3.703668387973414e-06,5.252372088380816e-05,0.002154999665981989,2.852661322606026e-08,0.00010933356960944517,0.003582304339662422
39,0.03980418625664807,0.00012466850621839026,0.0003877323847647849,7.442416104840479e-05,2.2265610032584785e-06,1.3228474349449324e-08,9.633689306949086e-06,0.001853298058464534,6.349823365748904e-06,1.5837623154198305e-05,8.053172664976937e-06,0.9359595544482117,9.184054998043824e-06,5.008936234965674e-06,2.684718471970476e-08,2.8829417750462632e-08,0.001058022002365661,0.015529671933180559,4.9184565133861266e-05,3.4880175435648157e-06,5.183535802100413e-05,0.0016111849798945146,1.7100843014183042e-08,9.202151024311322e-05,0.003344347951613585
40,0.04644953500316241,0.0002211778443569125,0.0004989586138243214,0.00010168523850347203,2.6460665378220455e-06,1.5041649221405317e-08,1.3625410671111259e-05,0.0022022359057106704,9.133101795691755e-06,2.2311255494261487e-05,1.0156677758108472e-05,0.9225041023382113,1.588586563201682e-05,6.104350583074118e-06,3.247305331480268e-08,2.763265786427656e-08,0.0012552596423836947,0.02023826699116872,5.432059435085695e-05,4.6502882332517324e-06,5.094766898662573e-05,0.0019347522515861708,1.913182929542904e-08,0.00014081357793471934,0.004263337033925028
41,0.05394697172480183,0.00030217242129277564,0.0008374607585340541,9.555685545180984e-05,4.489382312335782e-06,2.514022639915609e-08,1.448380150383508e-05,0.0022547676473730523,2.0596771615494397e-05,3.0359893284171552e-05,1.0570373787530484e-05,0.9171372966318132,1.7979327679187378e-05,8.85269621967942e-06,6.208773561713441e-08,3.884363594383546e-08,0.0011537908540291985,0.01548832378241903,7.943024376842991e-05,4.375153919741247e-06,5.674160230111352e-05,0.0023708184638813754,1.7062590781330435e-08,0.0001541208535334224,0.006010697626290122
42,0.0491399913027672,0.00024294953807441964,0.0006549178322106832,0.00011160077495843822,2.8498021381718576e-06,1.6370552607688185e-08,1.3490161735250619e-05,0.0007209045129866314,6.8816161009800305e-06,1.1735731247727237e-05,1.2613243028401707e-05,0.9164571578851555,3.349778516577443e-05,9.575358035968336e-06,1.5688806643281038e-08,1.0592345204287064e-08,0.000617276003935748,0.02743190404445987,2.001686026340539e-05,3.0331358577258214e-06,2.2139647224577307e-05,0.0007025176191776224,1.48683581313615e-08,0.0001424636481626704,0.003642425977250857
43,0.04460685647838122,0.0002588467904081681,0.0003809659628771922,0.00010747622053036183,4.116393605040672e-06,2.9063094627182896e-08,1.1990661859007608e-05,0.0033266660996347794,1.1433347492178443e-05,4.6288067782086545e-05,1.0860583186210667e-05,0.9148085022013288,1.0421723775965709e-05,6.263822104798203e-06,6.038545212452654e-08,5.5584482464616946e-08,0.0018281339557034264,0.025065290500623755,9.521818331265883e-05,4.543082292028992e-06,0.00011483139030096829,0.003995305078668847,3.045038861716053e-08,0.00014476074188816607,0.005161053230826348
44,0.04801545069707217,0.00020200039493293797,0.0004550042493190412,7.737265147997262e-05,2.370242657841795e-06,1.3907181351278276e-08,1.197342328975902e-05,0.0017517342672868877,7.917583045586268e-06,1.731049615443239e-05,9.501467123477405e-06,0.924026105181056,1.3746447750848536e-05,5.885107975605713e-06,3.19352865962198e-08,2.4215607075290188e-08,0.0011860570773608698,0.018268026546437204,4.958687290499302e-05,3.7027095735110387e-06,4.44893579137292e-05,0.0019647300555224716,1.6986347137694684e-08,0.00012057448059133721,0.0037663736461290617
45,0.04797773092942993,0.0002033745192550678,0.0004475429580851391,7.790912896157666e-05,2.355768140608674e-06,1.399663942542209e-08,1.1823816321449848e-05,0.0017309569632509415,7.771156292792704e-06,1.7392778624342165e-05,9.515526647693987e-06,0.9235975533909684,1.3552658836881972e-05,5.889920771438566e-06,3.166697839659261e-08,2.4152328861463363e-08,0.0011889836380151635,0.018704545209759088,4.919571877442039e-05,3.6814131140153435e-06,4.5266704723298255e-05,0.001967949001612129,1.718159830382341e-08,0.00011979505651286646,0.0038171267443576954
46,0.03872955648541269,0.0001070306295402631,0.0002605444365346917,4.756392328913413e-05,1.257815636636713e-06,4.724183089210924e-09,5.3593681030969996e-06,0.0016159315479132156,3.1078906169783427e-06,7.884681077391502e-06,5.866003341396021e-06,0.9378210335311372,8.548984194021106e-06,2.4378751388570625e-06,1.7323794013895166e-08,1.0521015688839339e-08,0.002040398620222467,0.015187494250333094,2.4866956840698785e-05,2.4085871738715885e-06,3.1392498432959694e-05,0.0017681575211439978,1.1420571097588015e-08,0.00010706555508303912,0.002222048849270269
47,0.011899388481129912,0.007003113926932245,0.01790938427525138,0.026349711970064908,0.0007080945922485075,9.044975394348589e-07,0.00016134456594366957,0.06515148122876217,0.001794584318624373,0.003350883927967653,0.0002255917364435303,0.7254939081452114,0.0005780809626817734,0.00030601572328055,4.837649155322054e-07,2.6380061576596313e-07,0.0013830908694739145,0.06732906080182982,0.0013741381921346088,9.912781407605336e-05,0.0012030952335635153,0.002407572122481259,2.769267262128338e-07,0.0015417034439935578,0.0637286986781082
48,0.05537754297755732,0.0003094769123786968,0.00036628393394132967,8.061899820604487e-05,2.385324697563182e-06,1.0399779585919086e-08,1.3579619522650182e-05,0.0028977523699146262,7.658833255772768e-06,2.4811581693169005e-05,8.129023742031654e-06,0.911119475836089,1.5564063122103524e-05,5.71132326326666e-06,4.0797480764250074e-08,2.542630673252783e-08,0.002250143559643402,0.019549961376963073,7.984337931803553e-05,3.864352085924221e-06,5.600148493025092e-05,0.0037975920412879173,1.9423898438782628e-08,0.00015779627827548843,0.003875710682646884
49,0.08068658871969635,0.0003970666554317445,0.0006212584151489056,0.00012911642531688545,2.7668609510221847e-06,1.7046113755382946e-08,2.422284775292278e-05,0.002933799776994411,1.3816576507189402e-05,3.2073279975382026e-05,1.2719610327331398e-05,0.8776659688176498,1.9074342162299346e-05,7.5949218687725136e-06,5.31608543217116e-08,3.6831870920138594e-08,0.0016510002873275414,0.02543927270825806,8.435201361493085e-05,5.21914039732556e-06,6.941526818835682e-05,0.002478116811075197,2.5012683918079945e-08,0.00023355417073191032,0.007492870299100963
50,0.06614634668626874,0.00033522969596083376,0.0006629704810108332,0.0001172665847753332,3.510713597622405e-06,2.4263153363848918e-08,2.569997493177838e-05,0.0027443892426660416,1.5803731089745276e-05,4.1842960015030155e-05,1.0201577901044707e-05,0.9002435769913912,2.1735590555396886e-05,1.0637959766553562e-05,4.862475723978974e-08,5.642786933994894e-08,0.001111160892639421,0.01958959548458222,0.00010816289402320932,5.931771001031519e-06,5.7863899983652474e-05,0.002927551785264737,2.273047612930678e-08,0.0001559428000076243,0.005664426236311927
51,0.046742622893009234,0.00020731371516985293,0.0004208357011202202,8.082567397923404e-05,2.275120061782851e-06,1.2732430909785318e-08,1.1803034685933627e-05,0.0017232991054812008,6.928192710344233e-06,1.6791774837741775e-05,9.656383919180039e-06,0.9235053968721384,1.4589214370577906e-05,5.891751686550802e-06,2.7309681209423515e-08,2.0527414220698513e-08,0.0011795208924013899,0.020496455371901,4.578743027460721e-05,3.5816162666652746e-06,4.323232835848328e-05,0.0019202323290125499,1.6607789175328304e-08,0.00012026475494286885,0.003442618666356731
52,0.07088172188610936,0.0002615730188298035,0.0003515851866543164,9.305122324417594e-05,2.2578698500939517e-06,4.361643349547676e-08,2.0247415353816707e-05,0.0013910858458262962,7.91117215228264e-06,2.2733335319827366e-05,1.9416642632784496e-05,0.857512117318756,2.4242246601349136e-05,6.656689810370067e-06,3.4336865143845205e-08,3.586703500501813e-08,0.001101593803423617,0.06246913244692818,3.556375348263426e-05,6.813813578725985e-06,4.304213242052806e-05,0.002535536788781596,3.8648232132485255e-08,0.0001707395766363706,0.0030428253650421565
53,0.0803145344539799,0.00027844684600408245,0.0006043221585038617,0.00011160345003058643,1.927393236090639e-06,2.3968489964874285e-08,3.4345528014837776e-05,0.0022337556446936674,1.242733089886433e-05,2.406662174346071e-05,1.7687697850571643e-05,0.8794099179948209,2.019726881457313e-05,6.772622945778943e-06,5.892382981180155e-08,5.1912808183268616e-08,0.0013203417134215177,0.027251532613196832,5.9939842014365394e-05,7.957222085814508e-06,5.35894045094584e-05,0.00217043573838078,3.7559917173166685e-08,0.00021625667226141343,0.005849769417547715
54,0.07078918790924328,0.00029340084099471617,0.000552929897184289,8.31645860741279e-05,2.0707774179899696e-06,1.8473520566530678e-08,2.077694291984243e-05,0.0015025409866498834,1.0781299144574216e-05,2.346725163630651e-05,8.73115369274844e-06,0.8997594970917344,1.5790952592889704e-05,9.009666795985241e-06,5.0029084694052806e-08,4.274750067308641e-08,0.0009865166937911849,0.01665850923561584,6.294676763914919e-05,4.414772074610113e-06,4.6766159254932564e-05,0.0022393827860256246,2.242077127112615e-08,0.00012863490446150098,0.006801345654179019
55,0.011635244572246226,0.0011931711972350786,4.4493383805734694e-05,0.0002642272065203863,0.0002441698047319772,2.860660551282319e-06,2.7946365289834225e-05,0.02251909803591265,1.914705496040756e-06,0.003010394648425488,1.8642542913686632e-05,0.17219676408873147,2.261883759585359e-07,0.00019600808600121316,1.5218139965355834e-05,7.75794941563674e-05,0.010930315348386085,0.011562307464591326,0.006222805015404966,3.3288407034803695e-06,0.05396835522180844,0.7010998538878536,3.8601675392739245e-05,8.84623076979769e-05,0.004638011117802851
56,0.047499844298986904,0.00020766509658222445,0.0004709708462443792,7.809670691117111e-05,2.4303431943120825e-06,1.3921072208763771e-08,1.2146142933867616e-05,0.0017153634501183782,8.039133387749668e-06,1.713528973020426e-05,9.652159194953932e-06,0.9246720132889884,1.5300370405410184e-05,6.046993523800498e-06,3.1469883420487486e-08,2.337170671152677e-08,0.0011886676310583196,0.018351176764319025,4.811003221846832e-05,3.7932150163123555e-06,4.2177643129685927e-05,0.0019195788033439809,1.6837404714805083e-08,0.00012443767624830895,0.0036072685143971567
57,0.026893404337493737,0.00011093598813539411,0.00038775841168277395,4.954801467575291e-05,2.2929083032384337e-06,7.62617222468995e-09,5.1440558210102755e-06,0.001481229904839513,5.979954575617417e-06,1.2128180277526976e-05,4.9361502381948095e-06,0.9565927500458944,9.484788732926411e-06,4.4455142625153335e-06,1.8607192967987413e-08,1.5252962418350055e-08,0.0010178886960273545,0.009361086816499083,4.325509353132848e-05,2.2733016734919965e-06,3.282692384880581e-05,0.0016112879947026686,7.63469687385304e-09,6.330675032138206e-05,0.0023079870474386434
58,0.049300316460994316,0.00021099970428288425,0.00046724477297190454,7.55219432861376e-05,2.344147390090753e-06,1.296838660515707e-08,1.2119228689488262e-05,0.0018070848030250272,7.788242529937501e-06,1.7219475769656174e-05,9.589239501313832e-06,0.9216099085878298,1.439725845317475e-05,5.541919414071549e-06,3.2228737169428476e-08,2.2799341908021663e-08,0.0013180636014910102,0.01919045782840947,4.6833391654681557e-05,3.6481110778253033e-06,4.4413405664751014e-05,0.0020148772738821062,1.709500223427138e-08,0.00013824435053184144,0.0037033011616825593
59,0.0494096061394216,0.0001982494139000952,0.0004993956469588212,7.429118181857362e-05,2.2797758458818796e-06,1.2178359313883774e-08,1.2092777249481573e-05,0.0018241101755458193,7.614976427098153e-06,1.6478744027607764e-05,9.309279638735823e-06,0.921954567208417,1.4275352573915513e-05,5.292620713462556e-06,3.031476688219277e-08,2.2768322264003867e-08,0.0012943303910470908,0.018932997568663432,4.3547713716779255e-05,3.744403664029928e-06,4.2642890632291024e-05,0.0018705842913938437,1.6304050137558757e-08,0.00014504386351069535,0.003639464019334946
60,0.04801545069707217,0.00020200039493293797,0.0004550042493190412,7.737265147997262e-05,2.370242657841795e-06,1.3907181351278276e-08,1.197342328975902e-05,0.0017517342672868877,7.917583045586268e-06,1.731049615443239e-05,9.501467123477405e-06,0.924026105181056,1.3746447750848536e-05,5.885107975605713e-06,3.19352865962198e-08,2.4215607075290188e-08,0.0011860570773608698,0.018268026546437204,4.958687290499302e-05,3.7027095735110387e-06,4.44893579137292e-05,0.0019647300555224716,1.6986347137694684e-08,0.00012057448059133721,0.0037663736461290617
61,0.0468506833545595,0.00019342685296434473,0.000504735118665476,7.179900248659155e-05,2.3122166245565797e-06,1.2098479945103622e-08,1.1466677959112891e-05,0.0017297071113616949,7.829262113701684e-06,1.559437878359952e-05,9.316565432984483e-06,0.9263201889437714,1.3933152034477927e-05,5.415961335522247e-06,3.0109796343655366e-08,2.1779620012059812e-08,0.0012177808163745078,0.017455073054941376,4.449655226658118e-05,3.6051742034939743e-06,4.134102756612199e-05,0.001815781676102535,1.5067187440025492e-08,0.00013091991664038757,0.003554514128728224
62,0.04801545069707217,0.00020200039493293797,0.0004550042493190412,7.737265147997262e-05,2.370242657841795e-06,1.3907181351278276e-08,1.197342328975902e-05,0.0017517342672868877,7.917583045586268e-06,1.731049615443239e-05,9.501467123477405e-06,0.924026105181056,1.3746447750848536e-05,5.885107975605713e-06,3.19352865962198e-08,2.4215607075290188e-08,0.0011860570773608698,0.018268026546437204,4.958687290499302e-05,3.7027095735110387e-06,4.44893579137292e-05,0.0019647300555224716,1.6986347137694684e-08,0.00012057448059133721,0.0037663736461290617
63,0.05090951823794575,0.00023135509156846717,0.0004740325083451216,7.934056901032038e-05,2.4070820926069826e-06,1.4411916248148089e-08,1.2841733580571806e-05,0.0018001525739760845,8.510990643643418e-06,1.827276423720294e-05,1.0143923062481869e-05,0.9192693731451417,1.4981303847441309e-05,6.043213018961858e-06,3.4743209879759064e-08,2.4362330579473774e-08,0.0012634368469869382,0.01956251550382781,5.120711395736946e-05,3.902492294759869e-06,4.556724591809394e-05,0.002110471410311662,1.7620997784079075e-08,0.00013295706614953134,0.003992878045629119
64,0.04591916669592022,0.00019019357088445352,0.00041876463287615775,7.690075192506952e-05,2.3997807783589334e-06,1.3714224591688997e-08,1.1118278955899203e-05,0.0017860937476006354,7.313431132069672e-06,1.7076762894493137e-05,9.87687670975683e-06,0.926012777572004,1.13646074166531e-05,5.607471859302425e-06,3.402000994846727e-08,2.480086725934852e-08,0.0012548453666273657,0.018300459511690816,5.154724551294257e-05,3.307283731266652e-06,5.5158048236114196e-05,0.0019322254226463776,1.7959679268604425e-08,0.00011719778152708863,0.003816514664290146
65,0.06764253250647813,0.00031730881849475855,0.000618283661825252,9.139728982689032e-05,2.3732223861448156e-06,1.3088291479259809e-08,1.8639445346440775e-05,0.002379128437708401,1.232223204584664e-05,2.083428362526389e-05,1.1572048125787157e-05,0.8997852699149178,2.0524339495076564e-05,6.077256641504762e-06,4.2826668989580126e-08,2.438251232626489e-08,0.0015200472656332392,0.019982005839109807,6.0064746823760866e-05,4.788393156337461e-06,4.2313410324669214e-05,0.002312633223352769,1.778187317376906e-08,0.00019822421644120994,0.004953561368894784
66,0.05506707663368232,0.00025066032614580556,0.0003366890752489713,6.577957616191781e-05,2.094606764570359e-06,1.1206865252534288e-08,9.286235740608512e-06,0.0012384569969503384,4.240599319982966e-06,1.0833628051287966e-05,1.1585256556572197e-05,0.9076623443421639,9.232712471190637e-06,5.227885376612322e-06,3.983718337702512e-08,1.3760836970308376e-08,0.0017775547303898157,0.02676870126733424,2.8558409415864197e-05,2.087698655121626e-06,5.6106035231270044e-05,0.002287703071860676,2.4900715088681925e-08,0.00016176337975867293,0.00424392782711984
67,0.04173688092521707,0.00015960354001818959,0.00042259659829786087,7.582458868226628e-05,2.0060166764555105e-06,1.5698084874006714e-08,1.213209754098915e-05,0.0012749642619098648,5.983646798622358e-06,1.3590174010473372e-05,9.516669646242288e-06,0.9326484497072629,1.316463452800252e-05,6.53008214602118e-06,3.021747732390694e-08,2.8318616346682165e-08,0.000943837844675506,0.017366821275487873,3.7782520494621346e-05,4.320932520868155e-06,3.977762166033267e-05,0.0016276923582262347,2.2041159917909825e-08,9.553854243436918e-05,0.003502889686426841
68,0.04768129946010778,0.0002074546002580215,0.0004885216565774813,7.767208056510626e-05,2.5523615725116522e-06,1.3741452980961887e-08,1.2130377688686723e-05,0.001815715621300658,8.629019833827987e-06,1.8063722890378366e-05,9.169458644218376e-06,0.9257091281065072,1.437931854199887e-05,6.2264142566962825e-06,3.262624493959369e-08,2.4501707793801055e-08,0.0011647218164533713,0.016822002393150428,5.355311546757662e-05,3.6299676790819264e-06,4.3764967207091826e-05,0.0019736622440970565,1.5863664602924975e-08,0.00012038145296518465,0.003767255111165583
69,0.05151878424135069,0.00022848732018509706,0.0006258675812947252,0.00013220102381328856,2.1513945534299754e-06,1.1475897519463581e-08,1.619749238562933e-05,0.0029192099638422424,9.98734967565815e-06,2.524541872487341e-05,9.335953507469683e-06,0.9130123267389796,1.7727942527121016e-05,5.1560995484233734e-06,3.025673650647055e-08,3.048800307467567e-08,0.0014929794881147478,0.02196554283835124,5.1990635140654434e-05,6.6928829588151635e-06,5.382783347640136e-05,0.0016090483791217384,1.9343678323332792e-08,0.0001966759118415221,0.006100471946291203
70,0.035512769534568805,9.509673642283988e-05,0.0004709353925371073,4.779573982850003e-05,1.5982147691311617e-06,9.916844214589933e-09,7.284306625896706e-06,0.00048239119570436074,3.9198606073640025e-06,6.064458167843603e-06,5.209510549183719e-06,0.949264643546219,1.2486309220382117e-05,8.337414051466787e-06,1.4695299983333272e-08,1.5910746616429125e-08,0.00048032177138148643,0.009973029641729306,1.96767351735656e-05,2.3355477037759142e-06,1.7830699192048508e-05,0.0008530924037608025,1.0840123530970568e-08,4.904356767218699e-05,0.0026860860511004965
71,0.05564193729099003,0.00011419036758889092,0.0003308151812444365,7.15044084023352e-05,1.0596340588479048e-06,8.7654593641707e-09,1.5503671898865786e-05,0.0016466128779080245,3.970987859610878e-06,9.774821979222807e-06,9.81819558473487e-06,0.9156185804844502,1.213872021396523e-05,3.7097025757397375e-06,1.9542062842334694e-08,2.4015542234633104e-08,0.0011320250277162985,0.021269815859816885,3.132733905366128e-05,5.015382138911028e-06,3.419539372656822e-05,0.001271077402014042,2.039187346066399e-08,0.0001216788277145764,0.0026551757081261754
