,0,1,2,3,4,5,6,7,8,9,10,11,12,13,14,15,16,17,18,19,20,21,22,23,24
0,1.2580822492371623e-05,0.015661408665596618,2.968309790528848e-05,3.594518146445284e-05,0.0474261914110761,8.278955999603402e-06,5.511037095724403e-07,5.347924030929154e-10,3.9292383295075444e-07,2.39811667739855e-06,0.04629232948689498,0.09442042984149421,0.00026195644250640807,0.7928396504833712,7.292114837758211e-07,5.454241057648129e-07,1.6954452638247014e-05,0.0005968970429577288,5.239131532477699e-06,1.5543164739296625e-08,0.002302687950966408,4.3330033016175636e-05,1.5471584615626613e-06,1.0766953255374417e-07,4.0149314326924547e-05
1,1.690292206378058e-05,0.019751240789784495,3.0331013974754206e-05,4.675378842080895e-05,0.06341406277450512,7.525233480159765e-06,6.367531163028618e-07,6.686906071496467e-10,8.120820446039245e-07,3.1486666113212975e-06,0.051576379463242526,0.0793809741166203,0.0002909249215489213,0.7829858446172016,7.508760948491191e-07,6.934003085292628e-07,2.0544938152557506e-05,0.0005777657890217373,5.199749882590078e-06,1.3374056354881833e-08,0.0017986321154128035,4.347806688494712e-05,1.584339065263506e-06,1.4131300710438187e-07,4.565822680782842e-05
2,1.1344947814966513e-05,0.012908113728266252,2.297319005102277e-05,3.1181870516780905e-05,0.050794802784424484,5.269734140343416e-06,5.185930051359591e-07,4.736325431753455e-10,5.454560600661109e-07,2.274412791006765e-06,0.03829640732538169,0.055743892898790094,0.00016802919133587394,0.8397701664528521,7.84117223525216e-07,3.631538472953198e-07,1.3151900775545107e-05,0.0004824665545101736,3.828635503856954e-06,1.4925285042828995e-08,0.0016352657402158067,4.9073131494319986e-05,1.7893113172423952e-06,1.1608366065926759e-07,5.7625387104140556e-05
3,1.2010602518148296e-05,0.015334091935067228,2.514563512237783e-05,3.6246026995795375e-05,0.046205105441612014,5.742639847112783e-06,4.7347025536308315e-07,4.36238027226347e-10,3.915782658536978e-07,1.8900496187168322e-06,0.04814024888206691,0.08546223661334659,0.00023068326828954057,0.8019713695400364,6.374463537647497e-07,4.0388963514250244e-07,1.71497658748518e-05,0.0005696924281718063,3.6489752019734143e-06,1.0297719230601618e-08,0.0019012153183124727,3.922158574690517e-05,1.4107998554937778e-06,9.858047283457511e-08,4.087479337520782e-05
4,1.0056915838400295e-05,0.015364889411738606,2.374306631299438e-05,3.479248694474973e-05,0.04378917604440153,5.476065575581937e-06,4.199913521153812e-07,3.8660131740405296e-10,3.33823247896341e-07,1.5669011674747936e-06,0.04851137520016803,0.09467638835126828,0.00027042536326761415,0.7949408347944594,5.148822270495865e-07,3.7029528943195794e-07,1.7279912359820907e-05,0.0005461118785232258,3.270418823586951e-06,9.124727551424892e-09,0.0017332616055787998,3.425757478089023e-05,1.2584618038498745e-06,8.128588410552921e-08,3.410575765752165e-05
5,1.3252476854995706e-05,0.010826126196448242,2.3235411822154883e-05,4.1611171320255696e-05,0.037273641274370696,4.662335009055161e-06,4.200969147214709e-07,3.9608218708141866e-10,3.544447700276843e-07,2.0098210123380384e-06,0.04240062734501658,0.08127444873706993,0.00020033140030108415,0.8252852153433837,4.6074409064849615e-07,3.9380577598393727e-07,1.8437689661925844e-05,0.0008408454874719095,2.5491840818993155e-06,1.1354843821846705e-08,0.0017130273089267314,3.3092238082156225e-05,1.3879808424824567e-06,1.1859790114540869e-07,4.3739157945191366e-05
6,1.2010602518148296e-05,0.015334091935067228,2.514563512237783e-05,3.6246026995795375e-05,0.046205105441612014,5.742639847112783e-06,4.7347025536308315e-07,4.36238027226347e-10,3.915782658536978e-07,1.8900496187168322e-06,0.04814024888206691,0.08546223661334659,0.00023068326828954057,0.8019713695400364,6.374463537647497e-07,4.0388963514250244e-07,1.71497658748518e-05,0.0005696924281718063,3.6489752019734143e-06,1.0297719230601618e-08,0.0019012153183124727,3.922158574690517e-05,1.4107998554937778e-06,9.858047283457511e-08,4.087479337520782e-05
7,1.776541178084321e-05,0.025518665077367154,4.8601864855061025e-05,4.41654414446248e-05,0.05561357085474103,6.917037367963704e-06,5.042966468838484e-07,6.239090637613028e-10,3.602156622916761e-07,1.704249923057921e-06,0.07988812703238224,0.12043357983515385,0.0005056222624279511,0.7151034392671406,6.946326101133276e-07,4.116755001432507e-07,2.1779462038260736e-05,0.0005880171566329231,5.800488913597544e-06,9.147407201392036e-09,0.0021329785827507745,3.9333717019820475e-05,1.100095332582952e-06,1.0990121739110288e-07,2.674166977457822e-05
8,1.3067354455650839e-05,0.02083111592109146,2.8827740185637494e-05,3.562417145719139e-05,0.0499965492154689,7.555863921428163e-06,5.168453000442202e-07,6.001620759297141e-10,3.162169205444311e-07,1.5301826928717043e-06,0.05244177832783124,0.16015090472813093,0.0004114809214047919,0.713007228667579,5.224280071086791e-07,5.234812887293262e-07,2.253871333800304e-05,0.0006545075763018802,5.764597343687212e-06,1.0575550557643628e-08,0.002321061200025787,3.777424046984042e-05,1.3091968806069036e-06,5.6462244920110144e-08,2.9434771946945395e-05
9,1.2306702613595846e-05,0.019011648759904902,2.3685680304060702e-05,3.293579739350127e-05,0.05016865960710738,6.195012796699574e-06,5.409544156038647e-07,4.472801214590067e-10,3.7018888516517723e-07,1.6535896268392921e-06,0.04860210934007188,0.11100545821125175,0.00026502196709138153,0.7681367797660745,6.261838675395521e-07,4.3092542856183404e-07,1.765021797491885e-05,0.000604938037109287,4.189010137188188e-06,9.447660863527301e-09,0.002023326126288926,3.773436190640964e-05,1.3605952910248438e-06,7.434029256946879e-08,4.229472922548314e-05
10,1.2010602518148296e-05,0.015334091935067228,2.514563512237783e-05,3.6246026995795375e-05,0.046205105441612014,5.742639847112783e-06,4.7347025536308315e-07,4.36238027226347e-10,3.915782658536978e-07,1.8900496187168322e-06,0.04814024888206691,0.08546223661334659,0.00023068326828954057,0.8019713695400364,6.374463537647497e-07,4.0388963514250244e-07,1.71497658748518e-05,0.0005696924281718063,3.6489752019734143e-06,1.0297719230601618e-08,0.0019012153183124727,3.922158574690517e-05,1.4107998554937778e-06,9.858047283457511e-08,4.087479337520782e-05
11,1.1965409878313175e-05,0.01614435541423123,2.631265192738546e-05,3.7370411327389124e-05,0.046355780636237486,5.932218978150932e-06,4.774857719223649e-07,4.703846327516525e-10,3.828273287579675e-07,1.8130457761890547e-06,0.04929904579945379,0.09462274031877259,0.0002709826082191832,0.7906796969349218,6.046502468475485e-07,4.2341528218226905e-07,1.847094303695777e-05,0.0005793896677319484,3.863651361779598e-06,1.0286106239593863e-08,0.0018625936104923813,3.860914215846436e-05,1.3664834394148352e-06,9.28975281126799e-08,3.771901940706652e-05
12,4.346155523966023e-06,0.010370366895658683,9.352673739559275e-06,1.689158523293618e-05,0.0505506277747335,4.085161612266219e-06,2.2700985941423332e-07,7.926473315747856e-11,1.5639236126012932e-07,6.260236674073506e-07,0.022729468171793804,0.07522277585149517,9.286442032001998e-05,0.839267178468038,2.333225302902748e-07,1.7879513907263134e-07,5.843365941167223e-06,0.0005620550938843991,1.0411589958960892e-06,6.863551179430762e-09,0.0011052245352914953,9.542138672860148e-06,1.1194411073952198e-06,3.407947514976828e-08,4.5754542110328046e-05
13,2.3066571089229484e-05,0.01856977614659273,2.9347323609614822e-05,3.4390132224177206e-05,0.04748753992588037,8.438860732842739e-06,8.752993186559407e-07,8.346720100243511e-10,8.787097614727014e-07,4.76943036052839e-06,0.02066492287696985,0.08148704883891754,0.0001650668353568691,0.828299318921658,6.356837354503502e-07,6.117424456930343e-07,2.228893023135224e-05,0.0010215634141541253,5.544290795333726e-06,2.36154887530641e-08,0.001997867908914618,6.945908338868551e-05,1.5513432123178694e-06,1.2583270038412363e-07,0.00010488744778944466
14,1.402264710817805e-05,0.003955347368741535,2.5641680744559315e-05,0.00010082736732184597,0.023998406379300275,3.322481293372207e-06,7.664428259804244e-07,1.0075575122124456e-09,1.2207844920263521e-06,5.527823927412261e-06,0.029732000074437083,0.021995862701604984,9.213731674863928e-05,0.917578910452969,1.1044708340816813e-06,4.810561953878125e-07,2.961106266887761e-05,0.0008085736528429795,1.2686609295664847e-06,2.155395442680504e-08,0.001472243996753945,8.627135624557437e-05,2.819609824509387e-06,4.655535821727243e-07,9.314449709602563e-05
15,1.2010602518148296e-05,0.015334091935067228,2.514563512237783e-05,3.6246026995795375e-05,0.046205105441612014,5.742639847112783e-06,4.7347025536308315e-07,4.36238027226347e-10,3.915782658536978e-07,1.8900496187168322e-06,0.04814024888206691,0.08546223661334659,0.00023068326828954057,0.8019713695400364,6.374463537647497e-07,4.0388963514250244e-07,1.71497658748518e-05,0.0005696924281718063,3.6489752019734143e-06,1.0297719230601618e-08,0.0019012153183124727,3.922158574690517e-05,1.4107998554937778e-06,9.858047283457511e-08,4.087479337520782e-05
16,2.7219206065060948e-05,0.0604320452267835,8.290394385761057e-05,7.190948456194797e-05,0.21105438019234835,1.8977866131625315e-05,1.132124674204402e-06,3.2977991549668495e-09,5.345385465434517e-06,1.7559324638403908e-06,0.12923119156937682,0.03818850096699018,0.0011096106513314196,0.5589227225958138,4.0421178302945586e-06,1.2223046712643205e-06,2.629419853624338e-05,0.00011057040560487326,2.369951072639604e-05,1.4175589321972022e-08,0.0005873500438923696,6.563741670533815e-05,4.11315310387788e-06,3.016756444983558e-07,2.905655403260435e-05
17,1.0504850196331746e-05,0.012419997376237162,1.7944843466534366e-05,2.670539512627878e-05,0.03266942103687743,3.7277755185442907e-06,3.4739446012699165e-07,3.396324938470266e-10,2.1986262398927164e-07,1.2256884388526345e-06,0.03611206538447767,0.12172297605845167,0.00022878521385475906,0.7940950051783285,3.175257664617623e-07,2.819663386578162e-07,1.7274454889778857e-05,0.0008128207713942676,2.7744039601241094e-06,8.984164892377346e-09,0.001783088700185969,3.295277220969358e-05,1.2311942589358732e-06,5.525812900725052e-08,4.026757101198992e-05
18,1.14947831446547e-05,0.014104498324181312,1.953723436459417e-05,2.9508365526224366e-05,0.03614344624182861,4.868352811771739e-06,4.497837041221086e-07,3.8075828603488e-10,3.5849503028036003e-07,1.8257478668665678e-06,0.039458108241548495,0.0911275591443605,0.00020594733663014954,0.816392366018164,4.955182784939386e-07,3.521228009813987e-07,1.8102350200113697e-05,0.0006679582014502554,3.107315018939593e-06,9.962581275591629e-09,0.0017189519604865755,4.1083823560770517e-05,1.3437639221006315e-06,8.306379149230426e-08,4.854346798917323e-05
19,1.1598697195205612e-05,0.015988324901858787,2.7434215446858588e-05,3.836557667166986e-05,0.04986851652936993,5.6515739093580564e-06,4.896450251822309e-07,4.836033034447425e-10,3.69274939859635e-07,1.754829038970512e-06,0.048581657026799535,0.09697801851036655,0.0002700497910252304,0.7856495637813457,6.081021347200281e-07,4.1709961630109415e-07,1.746509654324592e-05,0.0005797810321531726,3.86170350950632e-06,1.0152666097061693e-08,0.0018995093183686916,3.895598661445616e-05,1.2852139365656975e-06,8.768443849930438e-08,3.62237734225512e-05
20,1.1435912581282746e-05,0.015302739739698274,2.6137637920486743e-05,3.737730216848137e-05,0.046743198407012576,5.89951707306258e-06,5.013619250814283e-07,4.668142243229197e-10,3.9138140432835816e-07,1.9077885444675653e-06,0.05031491132505909,0.08233521921063074,0.00022851003853106922,0.8023182983283501,7.451007259281665e-07,4.038526275643743e-07,1.6968830686321864e-05,0.0005202666014265624,3.817274019728009e-06,1.0444147572730813e-08,0.002046078301530068,4.298332721189963e-05,1.4825540141215654e-06,1.0151510552034192e-07,4.0613780791564106e-05
21,1.3568478811289731e-05,0.017955257821987255,4.162254716809791e-05,5.3252388151965584e-05,0.04004537572120087,1.4058006701473826e-05,1.7124341790194001e-06,1.4771799580932836e-09,1.3354176539937318e-06,2.3538686423596053e-06,0.055105153463457214,0.04725696928479462,0.00032376963034817807,0.8374099862152724,3.0608186970357418e-06,6.489207886710563e-07,3.583231320047452e-05,0.00034191473855464774,6.88704607663747e-06,1.8463559512632563e-08,0.001197005654366679,0.00011760391622326918,3.225472972813719e-06,2.2059302940545434e-07,6.916530698193958e-05
22,1.2685096538714116e-05,0.010332524366781877,2.9013752194388883e-05,4.545769210366015e-05,0.03346280934987525,4.490631893139653e-06,3.4587128715912067e-07,4.026826649074701e-10,2.7908309638568495e-07,2.381698125738943e-06,0.05273137554141574,0.08353537223945863,0.00020105006529473762,0.8165235681090594,5.203092018593595e-07,3.731691418664557e-07,2.061569235968648e-05,0.000723995643394221,2.6902852162990857e-06,9.996155710153543e-09,0.0022961765809636765,4.1396982645874136e-05,1.12991451322459e-06,1.2696766779094937e-07,3.161055893222985e-05
23,1.2010602518148296e-05,0.015334091935067228,2.514563512237783e-05,3.6246026995795375e-05,0.046205105441612014,5.742639847112783e-06,4.7347025536308315e-07,4.36238027226347e-10,3.915782658536978e-07,1.8900496187168322e-06,0.04814024888206691,0.08546223661334659,0.00023068326828954057,0.8019713695400364,6.374463537647497e-07,4.0388963514250244e-07,1.71497658748518e-05,0.0005696924281718063,3.6489752019734143e-06,1.0297719230601618e-08,0.0019012153183124727,3.922158574690517e-05,1.4107998554937778e-06,9.858047283457511e-08,4.087479337520782e-05
24,0.0011507178481020566,0.17630796892962497,0.00041766482144260235,2.6915024797856936e-05,0.020176228478859973,5.258850092097378e-05,1.0954838794080372e-05,1.0829582264973711e-08,7.740520798203425e-06,0.00010339602963385919,0.19635566753259667,0.04591126521494463,0.00011898968855874295,0.5222632666327199,0.00010947313822739877,7.000964120075145e-07,0.00014709090579957494,0.0009926062338910227,0.00019744988750863645,8.055832888691091e-08,0.02900913525300133,0.0054011378779996455,5.947146336924859e-06,6.0359898678783224e-06,0.001226968021249914
25,1.4855045069698532e-05,0.013161806596338345,3.219502776400389e-05,6.120951314002594e-05,0.04895996021853661,4.927980458906808e-06,5.651532932689711e-07,7.470325646647993e-10,3.1277547805972517e-07,1.6607962000881745e-06,0.07673288055276702,0.10909535912660563,0.00037940214099913336,0.7481502332564424,7.283249473828577e-07,5.207140566647699e-07,2.2089871683859698e-05,0.0007020363591874217,4.427468382578868e-06,1.0229193188553715e-08,0.0026066301869988244,3.7930581756953216e-05,1.6893435137724714e-06,1.0167910192438868e-07,2.846631105172013e-05
26,5.200999872672407e-06,0.012588007759848726,1.8674053683037143e-05,2.0156966375555405e-05,0.03061531223007889,4.913966195861598e-06,4.013360768501175e-07,2.47104936849426e-10,1.2398879750853904e-07,1.3941150484011424e-06,0.03493547752873684,0.1107308925817859,0.0001855705329278175,0.8079945131936811,4.823159237287005e-07,2.598003375332831e-07,1.140468828220004e-05,0.00045065998607714155,3.30752139460579e-06,7.030041263657131e-09,0.0023653687191090155,3.990940392765952e-05,6.904271717220349e-07,3.232223973655199e-08,2.723828528132389e-05
27,1.0286831079098502e-05,0.014677814960566624,2.205826486123774e-05,3.159426148695202e-05,0.044080633173607324,5.886953518344441e-06,5.740626003546587e-07,4.5107377901703523e-10,6.256430733978834e-07,2.4613597435015744e-06,0.04361484417537252,0.05791822047059293,0.00017449122618208528,0.8373501903377142,9.522784974093437e-07,3.9139571321718987e-07,1.6349752215307053e-05,0.00041251923784719303,3.5761932198372275e-06,1.2194565307077342e-08,0.0015612137732655465,5.877947320050756e-05,1.5993810716616614e-06,1.3282370141819208e-07,5.479132523044095e-05
28,1.2010602518148296e-05,0.015334091935067228,2.514563512237783e-05,3.6246026995795375e-05,0.046205105441612014,5.742639847112783e-06,4.7347025536308315e-07,4.36238027226347e-10,3.915782658536978e-07,1.8900496187168322e-06,0.04814024888206691,0.08546223661334659,0.00023068326828954057,0.8019713695400364,6.374463537647497e-07,4.0388963514250244e-07,1.71497658748518e-05,0.0005696924281718063,3.6489752019734143e-06,1.0297719230601618e-08,0.0019012153183124727,3.922158574690517e-05,1.4107998554937778e-06,9.858047283457511e-08,4.087479337520782e-05
29,1.2010602518148296e-05,0.015334091935067228,2.514563512237783e-05,3.6246026995795375e-05,0.046205105441612014,5.742639847112783e-06,4.7347025536308315e-07,4.36238027226347e-10,3.915782658536978e-07,1.8900496187168322e-06,0.04814024888206691,0.08546223661334659,0.00023068326828954057,0.8019713695400364,6.374463537647497e-07,4.0388963514250244e-07,1.71497658748518e-05,0.0005696924281718063,3.6489752019734143e-06,1.0297719230601618e-08,0.0019012153183124727,3.922158574690517e-05,1.4107998554937778e-06,9.858047283457511e-08,4.087479337520782e-05
30,1.2010602518148296e-05,0.015334091935067228,2.514563512237783e-05,3.6246026995795375e-05,0.046205105441612014,5.742639847112783e-06,4.7347025536308315e-07,4.36238027226347e-10,3.915782658536978e-07,1.8900496187168322e-06,0.04814024888206691,0.08546223661334659,0.00023068326828954057,0.8019713695400364,6.374463537647497e-07,4.0388963514250244e-07,1.71497658748518e-05,0.0005696924281718063,3.6489752019734143e-06,1.0297719230601618e-08,0.0019012153183124727,3.922158574690517e-05,1.4107998554937778e-06,9.858047283457511e-08,4.087479337520782e-05
31,2.511003653070256e-05,0.019991420230205878,4.0618898960906626e-05,3.861318848653338e-05,0.05314843349495998,5.1652310281187155e-06,5.046700019114722e-07,7.893547447606293e-10,3.749293324675489e-07,1.9363005329483498e-06,0.04546232496723072,0.1360908575194507,0.00034850090985306427,0.7412841035725476,4.911599787395119e-07,4.103912435904038e-07,2.17669531388268e-05,0.0010680036924523213,6.307973585615421e-06,1.4154007265309216e-08,0.002368752631735616,4.397098883281002e-05,1.4868398198272535e-06,9.24313701638215e-08,5.07380453588254e-05
32,1.2354401312289875e-05,0.01641370858132692,2.7057941706339937e-05,3.4627939925025994e-05,0.04835659311922806,6.265139805541127e-06,5.003247473818975e-07,4.912327274580799e-10,3.8742297365444915e-07,1.8976323914861445e-06,0.04918105938029463,0.09078360744773492,0.0002493596120170646,0.7922524642542131,6.996866868894745e-07,4.256786144943848e-07,1.7262945885009934e-05,0.0005468838313111814,4.531560047703431e-06,1.1251231482430267e-08,0.0020246595118280745,4.318819341108541e-05,1.4855790697512579e-06,9.407337401649679e-08,4.087399963108305e-05
33,1.564552981009492e-05,0.01731376058995859,3.2582837968484275e-05,4.2228775310544914e-05,0.09031441583583438,6.0800890135526215e-06,4.856411556114662e-07,3.6577407064753503e-10,4.945032643091159e-07,2.137233345298487e-06,0.06599859427759641,0.05035657372874785,0.00011446780803075557,0.7719188894623822,1.575360471966331e-06,3.480833837363343e-07,8.498165651907876e-06,0.0004237020583844243,4.098097023767947e-06,1.1362557952045485e-08,0.00334445825604392,3.253870532553505e-05,2.375802735079826e-06,1.938685049305055e-07,6.584356172475681e-05
34,2.850116714864432e-05,0.028126314071082598,4.255012922959176e-05,3.259091400318346e-05,0.07814351696453758,5.476388615462962e-06,4.7381080131605126e-07,6.762851366518533e-10,6.624384992654268e-07,2.1811151272315344e-06,0.07947724502339562,0.08657106859649916,0.0003522210740718007,0.7245023799731733,8.71835362299581e-07,3.9745307084190344e-07,1.5748669651816175e-05,0.0005124467848038861,9.789281074341069e-06,1.1536515905204044e-08,0.0020735681410302214,5.0879224884846786e-05,1.7550153074057314e-06,1.582229296123728e-07,4.919149289893311e-05
35,0.00016277630388475926,0.038573917113521185,4.9480566582044174e-05,5.9653969056981665e-05,0.037664538953070835,4.638337186046058e-06,9.55559816143332e-07,2.9161670875558558e-09,1.4958506616612147e-06,5.995189259672012e-06,0.04030373324083426,0.275670002278949,0.0006814252683779336,0.599840331260482,2.688074088582148e-07,9.047556223782364e-07,9.179914539974082e-05,0.00455366955041201,9.756216058943534e-06,1.7734873809131752e-08,0.002152792777494037,7.80761621831111e-05,1.1558514634077613e-06,1.6622938134521503e-07,9.244596185298062e-05
36,8.997694287406259e-06,0.014373673738398972,1.458727032185441e-05,2.8749693868886368e-05,0.021140377807596582,5.916803440656249e-06,7.377955907762646e-07,9.415193017373242e-10,6.231319635552626e-07,1.845078460950045e-06,0.02399016389422645,0.14498618026713225,0.0003967144147141045,0.7933252272357205,3.972001456851915e-07,6.101743748522473e-07,5.113449671990341e-05,0.0006799285094523687,3.6933265231750474e-06,1.158711389166923e-08,0.0008630646198135392,8.648262373950471e-05,1.1731101188653273e-06,4.4613602079413115e-08,3.9663971153632714e-05
37,1.9765982108981892e-05,0.010657360886423965,3.3428601715332155e-05,5.1252581705993416e-05,0.03899765430560817,4.082429807216261e-06,3.60889428130969e-07,3.8006923669188024e-10,3.199896084435573e-07,2.1675720071420995e-06,0.059811949339562596,0.07315459751148526,0.00020070076621638583,0.8141597244100078,5.1798857369882e-07,3.6321803784159e-07,1.8041698004905213e-05,0.0009500235426691554,2.6641134404093936e-06,1.0200627561889139e-08,0.0018641331147368578,3.0104299065623596e-05,1.2874974001460791e-06,2.0660809424031713e-07,3.928207359450233e-05
38,1.180001113784873e-05,0.017753913413773824,2.83114439636185e-05,3.7740579400853394e-05,0.04664819182618469,1.0715661535452572e-05,7.449828719335086e-07,6.268413932763655e-10,2.9176711595013723e-07,1.8424781187643532e-06,0.0585404401833782,0.11803506022387285,0.0003363714876645305,0.7550873594938874,9.83230299093836e-07,7.006519154552422e-07,1.959866568593244e-05,0.0005494292757858021,6.666492772059768e-06,1.3237880891054124e-08,0.002850236284451807,4.24371729579206e-05,1.8944568010188953e-06,7.921613633562985e-08,3.517713556644809e-05
39,1.2501064694402882e-05,0.014684914544285355,2.4282980743114883e-05,4.037267002467697e-05,0.04446957135678275,6.745631493215188e-06,7.175944232507492e-07,7.052572445804097e-10,3.511378039037974e-07,1.876922097491442e-06,0.041896763848090005,0.11292760647451723,0.000246497264724166,0.7819531878574725,8.317514778687242e-07,5.242103868616032e-07,2.1062848837568962e-05,0.0007005025931258791,4.955106693837723e-06,1.4044021589208569e-08,0.0028944608949939025,5.177194805003431e-05,2.16336274510661e-06,7.89527842103268e-08,5.824423447403008e-05
40,1.4970945954574233e-05,0.014172412405934426,2.3983552715978645e-05,4.720161382824948e-05,0.04270618795377352,5.712978909793411e-06,5.575286846345127e-07,5.546990305506438e-10,5.100973494873707e-07,2.3047114397930107e-06,0.05256656834787626,0.08177882358882772,0.00025327993705757907,0.805686132766558,6.515923152557857e-07,5.164391707278866e-07,2.212266019955986e-05,0.0006828464659236135,3.509530202259241e-06,1.1120051848610994e-08,0.001944391730623064,4.016785410446786e-05,1.7284053576729347e-06,1.272026732210437e-07,4.528001576928612e-05
41,1.0761876754804563e-05,0.029900986457289124,2.793543706994385e-05,4.617760240980042e-05,0.0902009465457157,7.4950359048866724e-06,4.6034920787193296e-07,4.0351333081170503e-10,1.133698418494134e-06,2.0347499972753426e-06,0.043930448309365266,0.05664916481008676,0.00026258443438530757,0.7775804388392489,6.239080142007055e-07,4.3809260486270395e-07,1.6018947346770703e-05,0.0003207843360042344,2.5637855117792305e-06,7.135327935592411e-09,0.0009776664664714434,2.4955096045663983e-05,1.0543367869501213e-06,1.1817978025686473e-07,3.5201166738351415e-05
42,1.4672156312327798e-05,0.02493692811754392,5.179087495821134e-05,3.4770933575568374e-05,0.05079074364729962,7.951582457544722e-06,7.077506686486755e-07,1.6195133788783746e-09,4.690494386101876e-07,2.8215601758891083e-06,0.0553535333746332,0.1460636875219907,0.00041670918816076575,0.7176751066562378,1.3459236208731781e-06,5.154529440744774e-07,2.787816914284702e-05,0.00038046852489200775,1.539675574843829e-05,1.698640057269915e-08,0.004028882199613751,0.00016050235686151834,1.5077993875657759e-06,8.091784730247583e-08,3.351088057488195e-05
43,1.3364347748662058e-05,0.011567034409753716,3.019945565838414e-05,4.3306271620657385e-05,0.04436997478749464,7.368576109415007e-06,5.586549369431236e-07,6.407180114025671e-10,7.84178177540918e-07,6.089296147123571e-06,0.03965016925445047,0.04406951710908223,0.0001628359848058176,0.8572172478922944,8.852778578555729e-07,5.78231499291696e-07,1.7539504474389406e-05,0.00048166699626862327,4.397965332197186e-06,2.1830716240661126e-08,0.0022327339436234864,7.265168871287486e-05,1.5736890928518154e-06,2.0493470285808962e-07,4.9295078721099594e-05
44,1.2010602518148296e-05,0.015334091935067228,2.514563512237783e-05,3.6246026995795375e-05,0.046205105441612014,5.742639847112783e-06,4.7347025536308315e-07,4.36238027226347e-10,3.915782658536978e-07,1.8900496187168322e-06,0.04814024888206691,0.08546223661334659,0.00023068326828954057,0.8019713695400364,6.374463537647497e-07,4.0388963514250244e-07,1.71497658748518e-05,0.0005696924281718063,3.6489752019734143e-06,1.0297719230601618e-08,0.0019012153183124727,3.922158574690517e-05,1.4107998554937778e-06,9.858047283457511e-08,4.087479337520782e-05
45,1.3394868400677775e-05,0.01756383576361371,4.35950821716869e-05,6.752955839229079e-05,0.0624747364024313,1.1919327780533966e-05,1.2353216896102168e-06,1.2681308486036704e-09,6.548789824460188e-07,2.8320101401543575e-06,0.06893284058852943,0.07281964694191496,0.00032667905537023863,0.7745061245405487,2.4112190128536816e-06,9.048584694263963e-07,2.223808481579997e-05,0.00041537443099462116,7.258999638827464e-06,1.707177781751507e-08,0.0026771759192201934,6.713975468457137e-05,2.276837321684752e-06,1.6856888503115457e-07,4.0008647082493816e-05
46,2.0968181062263022e-05,0.012727639027843254,3.5057065203121555e-05,8.364322468134605e-05,0.0213134390766022,9.123735069692715e-06,4.401170129592135e-07,1.0666309010603042e-09,3.9053246409159685e-07,2.403539391812184e-06,0.06309790911032881,0.17364459668255494,0.00048036257863096917,0.7247841979373892,5.067749935763753e-07,8.600001191792087e-07,7.85695894006531e-05,0.0011396862156724335,3.531410532358696e-06,1.2523779958444841e-08,0.0024993793984849945,5.098753078914688e-05,1.7701509942781151e-06,1.606683373710016e-07,2.436386203060683e-05
47,1.3875326305887274e-05,0.017640563687506952,2.629378972958482e-05,3.34558703215186e-05,0.04489117764673704,5.872769245924036e-06,5.05867038143122e-07,4.89426939161061e-10,4.128362847660736e-07,2.0287418426143705e-06,0.04677031320701558,0.09956213376131627,0.0002490219592522144,0.788070421068333,6.301159103207797e-07,4.093207664864554e-07,1.916253974418458e-05,0.0006274819956629179,4.2775191483903455e-06,1.0815195175292756e-08,0.001989883248009914,4.597788487610036e-05,1.3477904889711345e-06,9.525928157140801e-08,4.464649055960692e-05
48,1.8066389242164843e-05,0.0245971301328544,3.39874330321594e-05,4.41785895409772e-05,0.046577277924347765,9.712121077334783e-06,7.332344866695953e-07,9.546660262898667e-10,5.083756521910752e-07,2.1375672888266267e-06,0.05564980769725591,0.13595074095301005,0.0004501080366180817,0.7335392758335658,7.94191343000158e-07,6.589168035361798e-07,3.138916234747085e-05,0.0006457470145197544,7.262903632869385e-06,1.2558661765917475e-08,0.0023478714231909307,5.271835871526178e-05,1.6774188680099627e-06,9.053020104694695e-08,3.811227907774491e-05
49,7.854391516168279e-06,0.014740988605920288,2.7140275185983993e-05,2.567651310978097e-05,0.034987211312847,6.504010803153877e-06,3.6642653203183785e-07,3.339382372145564e-10,2.336623271630896e-07,1.5780085561338707e-06,0.03705620927042862,0.11209390275556425,0.00022003531901541005,0.798253926437109,5.017241799043387e-07,2.921521406854476e-07,1.6861254677044454e-05,0.0005262409782386398,3.458927451449821e-06,1.0636684861638014e-08,0.00195263796613746,4.6203041722297456e-05,9.345460211804358e-07,6.496446772275139e-08,3.116648542553203e-05
50,1.7326326490499685e-05,0.015120801126848668,2.1153369445847293e-05,2.627092255832258e-05,0.04293178082327537,4.5640393179377934e-06,1.3323787679324373e-06,7.555497735827126e-10,7.847742144375908e-07,5.564825448130821e-06,0.030425148601363347,0.053323050039887486,0.00017211132861850206,0.8551572648750013,9.821807966410965e-07,5.1732081169941e-07,1.4480939553482386e-05,0.0007166664759607844,6.429624130366257e-06,1.889981417324887e-08,0.0018361982504939735,9.617518488590957e-05,1.3946187965878199e-06,1.1776926020839888e-07,0.00011986454870858469
51,1.1371790014687043e-05,0.011476687266065377,1.927704962122511e-05,2.3501677562422633e-05,0.04088556969061946,6.24722304145218e-06,5.522587983092801e-07,3.871273624874058e-10,2.693301845863802e-07,1.7096987894684559e-06,0.03948683735367507,0.08955276881000729,0.0001720571654517504,0.815285149793157,7.273826966308235e-07,4.3103386019742765e-07,1.3325812148715118e-05,0.0006914085071826459,5.144443556033632e-06,1.620459565367241e-08,0.0022543670443102813,4.2658539564102576e-05,2.267306778235099e-06,7.731397911590198e-08,6.757691721270868e-05
52,1.3931299306919221e-05,0.004483279743778707,2.986139559504244e-05,7.757488298317917e-05,0.02769367909216806,5.0545179586235e-06,2.7836072168992865e-07,3.140894516709153e-10,3.630596637461918e-07,3.3446155242171336e-06,0.06281921881730337,0.04168688322493665,0.00021226066129629423,0.8608589778729482,3.5926142961056835e-07,6.188037284721694e-07,2.1275776629551653e-05,0.0009936161230587035,1.397494700746589e-06,1.450651140848695e-08,0.0010539175533373453,2.140569124602809e-05,1.2067411017679342e-06,3.2546344767216216e-07,2.115472653446426e-05
53,8.394668488633646e-06,0.0107673613104792,1.5262814194549e-05,4.817372806584776e-05,0.04211150131144606,7.05117454348977e-06,1.3950630070855412e-06,6.275701834512503e-10,6.430118077595776e-07,2.0308249401771056e-06,0.04398135119605707,0.05189082713952662,0.00020195169752444816,0.8487714564967278,1.3941189372619518e-06,6.750812238368478e-07,1.711710614204944e-05,0.0005176488600455473,2.854627245789652e-06,1.3950214208103675e-08,0.0015371953595153826,4.243879220942747e-05,2.767365029585369e-06,1.1880549636012014e-07,7.037486956171792e-05
54,1.136519088919071e-05,0.023139762689269705,1.5039312603985162e-05,2.1094487561589106e-05,0.040976048912960444,5.4841428641296284e-06,5.663862754797808e-07,3.447556044150117e-10,4.992962181036537e-07,1.9406949223377916e-06,0.029731818079111086,0.10530550404935644,0.00019478078826266453,0.7984266272123097,4.741252132183051e-07,3.782060043551968e-07,1.713073610294179e-05,0.0006141763150547554,3.3473492492729665e-06,8.244287575543869e-09,0.0014285022383042781,4.143856806324536e-05,1.0605945358157135e-06,6.008622807901727e-08,6.289194959600631e-05
55,1.4018969674003018e-05,0.0308594702925705,1.235353797034074e-05,1.90523223660656e-05,0.053237072914492214,3.051746066731019e-06,4.436180153471897e-07,2.2010921988393952e-10,4.0822931068465507e-07,9.066130439946326e-07,0.03148416253818616,0.22795510666940674,0.00024755311751501683,0.6537801086044118,2.2159675269031398e-07,2.794140073892513e-07,1.5628739015447135e-05,0.0011048513336106213,2.2705206329473517e-06,4.84346532164943e-09,0.001179930998486902,1.910063998366793e-05,7.128304815482614e-07,3.9838148790823977e-08,6.324985227591787e-05
56,1.1581524862237371e-05,0.016008000298578295,2.5620215492158564e-05,3.617494811328561e-05,0.046788896787965974,5.73816738093355e-06,4.7393717604055837e-07,4.417477837668449e-10,3.864164124136096e-07,1.7910766638866936e-06,0.04900846027846852,0.09162424732560533,0.00026377925015183784,0.7937635650356114,5.954778009657985e-07,4.0662393962999914e-07,1.7475791842273813e-05,0.0005737469694314859,3.67042146974814e-06,1.0111210124217664e-08,0.0017880114287471506,3.770166064609728e-05,1.3238865591813703e-06,9.268608702599798e-08,3.824923803625855e-05
57,1.1785332986940528e-05,0.016761460590689947,2.7291339495706534e-05,3.25339856130866e-05,0.04817477668326163,5.938599271921766e-06,4.702642082025645e-07,4.829516039084939e-10,3.4637499834101935e-07,1.793400235964736e-06,0.04750404006408705,0.10499952562630331,0.000255935311194722,0.779409596531207,6.401387454928164e-07,4.0530458817131144e-07,1.7302916716739216e-05,0.0005545246896946568,4.704434300610443e-06,1.0867143413096038e-08,0.0021518951481465814,4.511044309053979e-05,1.3481200798512617e-06,8.139522892509127e-08,3.8481955759582154e-05
58,1.3062865538015005e-05,0.015060275412747836,2.8863639598759387e-05,3.938616557578533e-05,0.046585303950391954,5.918815543546372e-06,4.7556395800327216e-07,4.520178791567295e-10,4.3249368946579577e-07,2.1126248766330304e-06,0.054089625813276344,0.07726806580491385,0.00023013551882742898,0.8041183642206897,7.457049646062647e-07,4.1506165952367213e-07,1.7391550581841224e-05,0.0005544081752023885,3.698374410084828e-06,1.1035498735550234e-08,0.001897005587720867,4.1941213682615836e-05,1.4448371137415566e-06,1.3468121868684034e-07,4.078043630174073e-05
59,1.2750433413156115e-05,0.013881536185756696,2.902199113992986e-05,4.057817796333928e-05,0.04599621425365361,5.740885458328265e-06,4.5292506949182706e-07,4.3130132942433444e-10,4.2551295385003904e-07,2.221145604004835e-06,0.05427983342911888,0.07195164606110878,0.00020737739426536186,0.8109976846956758,7.658382407384603e-07,4.1195204612834226e-07,1.687494965867676e-05,0.0005504403075763542,3.4846072883876415e-06,1.1189198445428689e-08,0.0019386906989306344,4.1478031144258123e-05,1.4529370989244767e-06,1.4681914851792046e-07,4.075914718636337e-05
60,1.2010602518148296e-05,0.015334091935067228,2.514563512237783e-05,3.6246026995795375e-05,0.046205105441612014,5.742639847112783e-06,4.7347025536308315e-07,4.36238027226347e-10,3.915782658536978e-07,1.8900496187168322e-06,0.04814024888206691,0.08546223661334659,0.00023068326828954057,0.8019713695400364,6.374463537647497e-07,4.0388963514250244e-07,1.71497658748518e-05,0.0005696924281718063,3.6489752019734143e-06,1.0297719230601618e-08,0.0019012153183124727,3.922158574690517e-05,1.4107998554937778e-06,9.858047283457511e-08,4.087479337520782e-05
61,1.3512769981559891e-05,0.014181040537944398,3.1110817749447013e-05,4.234184365513175e-05,0.04611308779327043,5.937959832303105e-06,4.523803913902367e-07,4.676048417477166e-10,4.052212056411509e-07,2.1756177114933585e-06,0.05415839786011467,0.07560006836404873,0.00022038938239412166,0.8069204219684882,7.450831635525991e-07,4.1205907924276165e-07,1.769283687134433e-05,0.0005782826364704954,3.6536007299514107e-06,1.1324749986467585e-08,0.0020275129660485424,4.149261230587834e-05,1.4522178963484028e-06,1.3959725639353755e-07,3.926208103593386e-05
62,1.2010602518148296e-05,0.015334091935067228,2.514563512237783e-05,3.6246026995795375e-05,0.046205105441612014,5.742639847112783e-06,4.7347025536308315e-07,4.36238027226347e-10,3.915782658536978e-07,1.8900496187168322e-06,0.04814024888206691,0.08546223661334659,0.00023068326828954057,0.8019713695400364,6.374463537647497e-07,4.0388963514250244e-07,1.71497658748518e-05,0.0005696924281718063,3.6489752019734143e-06,1.0297719230601618e-08,0.0019012153183124727,3.922158574690517e-05,1.4107998554937778e-06,9.858047283457511e-08,4.087479337520782e-05
63,7.893743718341027e-06,0.0035036266373102867,2.0327342615813094e-05,5.74832576108226e-05,0.028925138571554765,4.601392557819425e-06,3.59459303218281e-07,3.885651887165872e-10,1.9994231476010604e-07,1.8717470273145735e-06,0.0437766571207189,0.04939396013990446,0.00014357158082884552,0.8714031935553452,5.507109936019799e-07,4.964497968501828e-07,1.4860863989687359e-05,0.0006909074038120089,2.239289599335782e-06,1.6603181352005993e-08,0.00198878183820928,2.971316437595609e-05,2.3343872554053524e-06,1.3234542404921821e-07,3.108206398666272e-05
64,1.2831433813095733e-05,0.017169003232317216,3.0212026147425213e-05,3.9382547430407086e-05,0.05358207840528839,6.127619204197344e-06,4.919211032414268e-07,4.849466986732707e-10,3.621051184534903e-07,1.9630237930087265e-06,0.0538067988539028,0.0924877038804699,0.0002301102139086363,0.7792656138195637,7.71806097818724e-07,3.963308264859533e-07,1.6164195204245624e-05,0.0005509691845286373,4.3256320760327484e-06,1.0906061517948744e-08,0.0027103189434461404,4.154802626817619e-05,1.5263419751862888e-06,1.0302412491810752e-07,4.118604238386569e-05
65,5.476060180585215e-06,0.013936832228761168,6.675337217517436e-05,6.546709324597784e-05,0.052494655149479034,1.418430468842469e-05,6.866688562134751e-07,6.110009333916645e-10,2.4802957022529563e-07,1.6455402496936022e-06,0.09003088909600827,0.03734090157433287,0.00018383662947489603,0.8015098396522403,4.815740493680577e-06,3.400737912415493e-07,1.312506940222727e-05,0.00014338388117592578,4.618130917611384e-06,1.1082022654509417e-08,0.0040943881444659965,6.223709083552669e-05,2.158643287978529e-06,2.011074319628199e-07,2.3305025911518904e-05
66,6.987257010437835e-06,0.009600002442092246,2.2716631935659834e-05,3.616113254311826e-05,0.04194968307083228,3.5520734427838484e-06,2.0965876106231102e-07,1.8256873809835268e-10,2.032532760141104e-07,1.6498037409603627e-06,0.04812072292162278,0.0711353257682375,0.00016712353968392475,0.8267286135467983,3.2949084351653367e-07,2.7281203284662556e-07,1.2185856558572778e-05,0.0004867177652693015,1.6695255845376028e-06,6.268680822059472e-09,0.0016794922393805368,2.3942341439591118e-05,7.369117330702399e-07,8.649682846800658e-08,2.1609009103002304e-05
67,5.0323269494192046e-06,0.0071804913857883585,1.4381246726238063e-05,2.2601717869495804e-05,0.020973403726246065,5.982867224099412e-06,2.85301909731268e-07,1.7430719414815269e-10,1.550049984019074e-07,1.243611353100519e-06,0.03306972385494761,0.06402959272526983,0.0001307509508988021,0.8724331392331575,4.468164334106402e-07,2.514443133929166e-07,1.3286785679562475e-05,0.0004747793210076374,1.757177857945829e-06,1.0744218125314728e-08,0.0015771807424878243,2.923711771386123e-05,1.4483299920084243e-06,7.620840339824597e-08,3.474118424702504e-05
68,8.85082891889132e-06,0.008788779014068817,1.7217251476285025e-05,3.841293348523818e-05,0.024471053852661927,4.4772976188733485e-06,3.9775296870318414e-07,3.1454327373152907e-10,1.7228944261604524e-07,1.0969175754435837e-06,0.03889812422670188,0.13762219741502205,0.00034624218384748733,0.7869328128748966,2.1786076969185715e-07,3.856342418443311e-07,1.9501742717360668e-05,0.0012053074173306747,1.9484036868849977e-06,9.453347189720008e-09,0.00159462494716467,1.7835024552256656e-05,1.179449712543786e-06,5.2686126050905376e-08,2.910222712264943e-05
69,7.569579819223208e-06,0.010042093460440582,2.7247401782781248e-05,2.0198470697918416e-05,0.02388840212129291,7.695812485161568e-06,3.0345675173273354e-07,3.5947839379799916e-10,9.675903516495032e-08,1.2930018929573558e-06,0.05039070198784287,0.137469281121212,0.00029658792725091023,0.7737635387451097,4.893201322304095e-07,2.84830975059922e-07,1.5223423056316077e-05,0.0005179943669885673,6.658931214359581e-06,1.7572889954638083e-08,0.003470880488115626,4.979903792084168e-05,1.5143819934340365e-06,5.5718155897156303e-08,2.2071723465446163e-05
70,4.756165018230485e-06,0.005962694932351838,1.3286496145547512e-05,4.726271297491662e-05,0.03189684571813303,5.513505970266661e-06,3.1455886353799116e-07,2.5583675424537805e-10,3.9899493426672936e-07,1.51397415088202e-06,0.02649374511099135,0.05421065977831548,0.0001820502018214165,0.8797755211424112,2.659508055478362e-07,4.884806748639152e-07,1.7537701476576185e-05,0.0005506110359041303,1.0623293844494235e-06,1.1293716931610023e-08,0.0007907112800809829,1.7539071463237095e-05,1.34679633240768e-06,8.749123779123877e-08,2.57750210040909e-05
71,1.9307812816305195e-05,0.019829632678761654,1.3691150048378722e-05,3.673730624861132e-05,0.06456853757673736,3.5060952077365543e-06,4.190059535804176e-07,3.966868517966587e-10,6.480767375192515e-07,1.6119107505964734e-06,0.05344466317499354,0.11146552833502862,0.00024642757482866727,0.7480493243067369,3.9712828686382256e-07,5.395910813851925e-07,1.9019544282635603e-05,0.0008312410994574038,2.733500934139779e-06,7.227311662909167e-09,0.0013892846267642696,2.3010731422066446e-05,1.6490747418694698e-06,9.539960251315013e-08,5.198667457887015e-05
