,0,1,2,3,4,5,6,7,8,9,10,11,12,13,14,15,16,17,18,19,20,21,22,23,24
0,3.452046608223645e-05,3.3387330311270676e-06,0.00019957074138609034,0.00025108854177210966,1.1621373951769394e-07,1.0493411985999041e-07,0.0004975711417654984,0.0016103246346446712,3.0104443685062322e-06,1.4907330435398729e-05,5.937636826214637e-06,9.413960640879276e-06,0.9811390421973304,4.151895092291224e-05,8.677393239813378e-08,0.0004356209458583879,9.106694643740293e-07,0.0035325275666859227,1.0967507759261124e-05,0.012130190045931091,1.3368053573798002e-05,6.461091955710588e-05,3.898964331838613e-08,1.1981346300978214e-06,1.4465898969144927e-08
1,2.7928976341892266e-05,2.6180589464095776e-06,0.00011859135281878188,0.0002122997738181219,6.865577491416365e-08,4.100560979452305e-08,0.0003286080673020038,0.0010721152866461571,9.301342833892012e-07,6.041702504024568e-06,3.961743615875286e-06,9.549220891725036e-06,0.9880067855353858,1.4704071782688362e-05,5.117339029449088e-08,0.0004899416434067284,8.430737286691683e-07,0.002187044026398627,7.4357574780426525e-06,0.0074605606862913985,6.910522366527182e-06,4.216643519843202e-05,1.4719348752513903e-08,7.811644073117474e-07,7.212263524846376e-09
2,2.8236058590962796e-05,2.636058797114071e-06,0.00011174457570157394,0.0002180835197592499,7.354251388825319e-08,4.123200366044568e-08,0.0003279067781452834,0.0010766296204234803,9.484774655459641e-07,5.783681734107175e-06,4.2015924886500076e-06,9.683735427389988e-06,0.9879981632949909,1.5206891176449469e-05,5.276606174428228e-08,0.00044773264730575755,8.222611792247037e-07,0.00218063173059298,7.173608968640009e-06,0.007512417590120801,6.807365453842956e-06,4.4227448311229694e-05,1.4726740199710058e-08,7.736864884028841e-07,7.10955885063221e-09
3,2.8773412647390776e-05,2.6034262375480296e-06,0.00011085363573365654,0.0002154083932121238,7.044091616445772e-08,4.069209377920696e-08,0.0003259571606630056,0.001058846341340477,9.218825611106433e-07,5.591066531406528e-06,4.1610384161345165e-06,9.677081395570579e-06,0.9884820627766667,1.4477608086906667e-05,5.0864426287062935e-08,0.00044009470492764493,8.113439566789072e-07,0.002164104646037959,7.229096141132069e-06,0.007077209528996469,6.74663587015145e-06,4.352900724618621e-05,1.4371539244967374e-08,7.579702457233231e-07,6.874110187844572e-09
4,5.775769991721289e-05,9.339457892660088e-06,0.0003828688929410499,0.00114123306830533,2.1613963799746159e-07,1.1499498145431976e-06,0.001603749487493985,0.014436267201578713,4.810744708811769e-06,5.801011652163333e-05,1.3943964438513652e-05,5.672334107677271e-05,0.9304851234963234,3.0195920172375702e-05,9.358520822080307e-07,0.013586551436188737,7.118357086318041e-06,0.006595493035294446,6.892182088819563e-05,0.031283382446596036,1.8052654643906994e-05,0.00015595916066488353,1.4920267966672686e-07,1.9765227905164706e-06,7.00302620361781e-08
5,2.7849977607199888e-05,2.5658802475225116e-06,0.00010977494260138797,0.0002226841150353435,7.209127727098025e-08,4.036253597884785e-08,0.0003194953810085422,0.0010197086816222225,9.289594085459682e-07,5.579745175094973e-06,4.066930053576589e-06,9.361429769935464e-06,0.9882277279997305,1.4515655479269765e-05,4.9492363201043334e-08,0.0004286102546551047,7.861880987968465e-07,0.002217605883797811,7.093232675711348e-06,0.007332576682937711,6.659349430480508e-06,4.144840423008013e-05,1.4827708614558e-08,7.768893764505837e-07,6.643173650297461e-09
6,2.8773412647390776e-05,2.6034262375480296e-06,0.00011085363573365654,0.0002154083932121238,7.044091616445772e-08,4.069209377920696e-08,0.0003259571606630056,0.001058846341340477,9.218825611106433e-07,5.591066531406528e-06,4.1610384161345165e-06,9.677081395570579e-06,0.9884820627766667,1.4477608086906667e-05,5.0864426287062935e-08,0.00044009470492764493,8.113439566789072e-07,0.002164104646037959,7.229096141132069e-06,0.007077209528996469,6.74663587015145e-06,4.352900724618621e-05,1.4371539244967374e-08,7.579702457233231e-07,6.874110187844572e-09
7,2.7925652075526467e-05,2.218386269624924e-06,0.00010055044965648441,0.0001831943882750952,6.00319837941817e-08,3.283362256737482e-08,0.00028959478915094945,0.0008887056825455049,7.679242706483298e-07,4.470858444874245e-06,3.8028932736100163e-06,8.444683584136566e-06,0.9900088086427739,1.1804034227100218e-05,4.199690847464861e-08,0.0003669449807538275,6.87289759798917e-07,0.0018867592600040834,6.179299769551578e-06,0.006163581364059832,5.908112856454429e-06,3.882515735973773e-05,1.1400368938950029e-08,6.743020923656321e-07,5.585913143731232e-09
8,2.489060381161332e-05,2.105240303911242e-06,7.732584283254376e-05,0.00017866653881571184,5.70744836374423e-08,3.801002016593562e-08,0.0004383635537674984,0.0010928384856491854,7.908778393931667e-07,3.913666574946249e-06,3.930997542318607e-06,9.88601657380133e-06,0.9896340545221641,1.0623682722339162e-05,4.43157386516049e-08,0.0004335118315843608,7.134426330620335e-07,0.0021266759402354253,8.16828278661159e-06,0.005902019635968722,6.387996581042884e-06,4.44232759822999e-05,1.1221800647384589e-08,5.536328282842705e-07,5.310759945369218e-09
9,2.93096213538215e-05,2.3557886859726025e-06,9.493790439523503e-05,0.0001983420063770414,6.627866676936102e-08,4.0301360229112916e-08,0.000364108885529357,0.0010229953399546877,8.722767765015133e-07,4.503311972734876e-06,4.27614659815152e-06,1.0060643571143814e-05,0.9895518182518267,1.2196232420034795e-05,4.8972300362919994e-08,0.00041041196959682347,7.588941824370905e-07,0.002088111705842833,7.523999710036191e-06,0.006145554663211859,6.519571279257155e-06,4.4481233733375546e-05,1.3116904930142103e-08,6.86613167149821e-07,6.270582364455538e-09
10,2.8773412647390776e-05,2.6034262375480296e-06,0.00011085363573365654,0.0002154083932121238,7.044091616445772e-08,4.069209377920696e-08,0.0003259571606630056,0.001058846341340477,9.218825611106433e-07,5.591066531406528e-06,4.1610384161345165e-06,9.677081395570579e-06,0.9884820627766667,1.4477608086906667e-05,5.0864426287062935e-08,0.00044009470492764493,8.113439566789072e-07,0.002164104646037959,7.229096141132069e-06,0.007077209528996469,6.74663587015145e-06,4.352900724618621e-05,1.4371539244967374e-08,7.579702457233231e-07,6.874110187844572e-09
11,2.834822706241368e-05,2.51953683073911e-06,0.00010733435659336969,0.0002077173050998136,6.919827252122265e-08,3.8803365061056425e-08,0.00032064840847781617,0.0010022517551413616,8.921919655430545e-07,5.279166218933233e-06,4.076663926073092e-06,9.457025841879375e-06,0.9888511226444299,1.390215592634468e-05,4.9114472931388446e-08,0.00041981586523401636,7.814672175049169e-07,0.002080938754076998,6.974480430293639e-06,0.0068878592792561075,6.558719329063235e-06,4.2596232918708616e-05,1.3710488461504364e-08,7.483023366133577e-07,6.635087821391857e-09
12,2.8327932318658726e-05,2.5888449339046756e-06,0.00011617869055674843,0.00020018399475871926,8.239306452183182e-08,4.1283671055308266e-08,0.0003109563994743458,0.0009640053474314437,9.547732641394976e-07,5.641429767884168e-06,4.325771417372945e-06,9.965472030998937e-06,0.9870681500156201,1.5733448402871782e-05,5.1117039254925004e-08,0.0004491616772383594,8.603992275792564e-07,0.002155160845708788,6.211189016464804e-06,0.00861084166635642,6.740568279568645e-06,4.294302841983597e-05,1.5549365326961547e-08,8.705196970756466e-07,7.642938504906241e-09
13,1.9606365897835232e-05,3.973059994334216e-06,0.00015729697924612963,0.00045079766825069644,7.493522726549429e-08,1.0836769814043123e-07,0.0005693952149298566,0.0012014593572165094,1.6647818298943757e-06,1.4335213015156443e-05,2.4432099166611204e-06,1.0004822992964618e-05,0.9806902137361162,1.3582801973835195e-05,7.853717693039536e-08,0.0014921980387394048,1.2975058114960126e-06,0.0030204488404097997,1.6966531986886953e-05,0.012293554862257184,8.407845549093585e-06,3.060213887764135e-05,4.419052625744554e-08,1.4346392985674488e-06,1.035506123593978e-08
14,2.614550971817791e-05,2.6898054247030465e-06,8.835277747377175e-05,0.0002559866404992194,7.083780090212307e-08,3.311258418420394e-08,0.00027855899619874615,0.0009300985974723445,8.165922299469415e-07,5.190790800961367e-06,3.763201045162507e-06,7.66460071848668e-06,0.9894186827276138,1.399881342698924e-05,4.3594748590455914e-08,0.00032916878165304976,7.289065713522148e-07,0.0022815290954052683,7.420682627433146e-06,0.006300771775159278,6.533074953068105e-06,4.103872770949215e-05,1.3986250423861202e-08,6.934218861215387e-07,4.9500285818751514e-09
15,2.8773412647390776e-05,2.6034262375480296e-06,0.00011085363573365654,0.0002154083932121238,7.044091616445772e-08,4.069209377920696e-08,0.0003259571606630056,0.001058846341340477,9.218825611106433e-07,5.591066531406528e-06,4.1610384161345165e-06,9.677081395570579e-06,0.9884820627766667,1.4477608086906667e-05,5.0864426287062935e-08,0.00044009470492764493,8.113439566789072e-07,0.002164104646037959,7.229096141132069e-06,0.007077209528996469,6.74663587015145e-06,4.352900724618621e-05,1.4371539244967374e-08,7.579702457233231e-07,6.874110187844572e-09
16,2.8791081157526323e-05,2.5969029576577436e-06,0.00011242223482181269,0.0002136769687970685,7.012109246729517e-08,4.086755746221682e-08,0.00032512609554478494,0.001055883703047073,9.221600264592311e-07,5.631397467565167e-06,4.14525548836458e-06,9.638076306370517e-06,0.9884370555212827,1.4424474162917776e-05,5.063740519440102e-08,0.0004442878680033594,8.130783444834086e-07,0.0021612601040454787,7.204318059036415e-06,0.0071252577770116,6.762619398093081e-06,4.315333942557463e-05,1.4422256115656147e-08,7.640683118707128e-07,6.908029047562855e-09
17,3.0305148781912085e-05,2.973973329560563e-06,0.00013574035943734442,0.00023646719208241277,7.322846452074711e-08,5.107707996132194e-08,0.000337925839185726,0.001300487117678042,1.012733228928061e-06,7.504917262993392e-06,4.400450436550908e-06,1.0348619084494852e-05,0.9867828734200954,1.5928861238508434e-05,6.322131294903909e-08,0.000586196342604541,9.938643974309444e-07,0.002267069846816005,8.299995918549826e-06,0.008215864140259745,7.345242444724414e-06,4.7230965451174064e-05,1.684985571714714e-08,8.181291186829356e-07,8.464434101331875e-09
18,2.8636073602089126e-05,2.669022672987204e-06,0.00011641390720081416,0.0002012024197368102,7.321195319247819e-08,4.197896599902536e-08,0.00036422063146541555,0.001061344589528739,9.898290290823007e-07,5.871497489339216e-06,4.265951573355001e-06,1.0295733653861026e-05,0.9879499191391751,1.6470403070689276e-05,5.221415742578847e-08,0.00045860056427963743,8.622363722533633e-07,0.002300656358865059,7.575548147713122e-06,0.007416806644178549,7.620303712451465e-06,4.4593514047473436e-05,1.5629920349234476e-08,7.947870270030714e-07,7.810174775300269e-09
19,2.8426806413095827e-05,2.6367246086718356e-06,0.00011051450860732079,0.0002200972948033879,7.103601204149292e-08,4.098957950295987e-08,0.00032524738583615255,0.0010530722894256427,9.313914193915781e-07,5.6653787311396216e-06,4.117772679801642e-06,9.704463694091066e-06,0.9884455390550301,1.4591115857265708e-05,5.1555047836147885e-08,0.0004424394226009909,8.131484128974837e-07,0.0021486039018607157,7.251570571609176e-06,0.0071291043023325885,6.690948555393897e-06,4.360249957874058e-05,1.449358589202825e-08,7.650287021887075e-07,6.9160535347268745e-09
20,2.8922405787668877e-05,2.759025247789403e-06,0.00014736313012428796,0.0002068978340558741,6.680653576256094e-08,5.3468142121111985e-08,0.0004090232928863087,0.0009717868329408278,9.260680253925272e-07,6.462564719286324e-06,3.6559818790064267e-06,1.2825221374719866e-05,0.9869678950714246,1.1079543125183938e-05,5.7130921368652206e-08,0.0009252281761864522,1.1193950046225314e-06,0.0022304810853162934,9.488167591022289e-06,0.00802116195155637,7.410822111865469e-06,3.4221886028764765e-05,1.885707789626011e-08,1.0853671989775656e-06,9.9147375071176e-09
21,3.3483515259189026e-05,2.9832504024837204e-06,0.00010592021644373258,0.00025741442799858533,8.28819811750092e-08,5.98099099766564e-08,0.0004119230606766557,0.0014317987122524302,1.1832541038672915e-06,6.291744943925101e-06,5.2801647342525895e-06,1.1242600154888973e-05,0.9880140405762831,1.5644616893761762e-05,7.21219190670792e-08,0.00046249540898868813,9.149835271266579e-07,0.002272342726933486,9.516813233672847e-06,0.006888520269287532,7.576898571930785e-06,6.043009058144433e-05,1.741066147448686e-08,7.563594824462908e-07,8.08477513872958e-09
22,2.5786811019280586e-05,2.3426091582828055e-06,9.569926219181975e-05,0.00021260028770017303,7.294573518139158e-08,4.028732555028932e-08,0.00037899361399681855,0.0008813308404695871,1.025370239195747e-06,4.711210975727013e-06,3.7885201507119217e-06,9.868534717725962e-06,0.9893147244217605,1.2931729516918092e-05,5.571701477231011e-08,0.00042037133933126096,6.779428070756903e-07,0.0018372398235327418,7.36581948817988e-06,0.006742268254076061,6.170697867682056e-06,4.108488497661132e-05,1.3876618275988973e-08,8.280940920348661e-07,7.105237632961787e-09
23,2.8773412647390776e-05,2.6034262375480296e-06,0.00011085363573365654,0.0002154083932121238,7.044091616445772e-08,4.069209377920696e-08,0.0003259571606630056,0.001058846341340477,9.218825611106433e-07,5.591066531406528e-06,4.1610384161345165e-06,9.677081395570579e-06,0.9884820627766667,1.4477608086906667e-05,5.0864426287062935e-08,0.00044009470492764493,8.113439566789072e-07,0.002164104646037959,7.229096141132069e-06,0.007077209528996469,6.74663587015145e-06,4.352900724618621e-05,1.4371539244967374e-08,7.579702457233231e-07,6.874110187844572e-09
24,2.7624070303265534e-05,2.7760071109312114e-06,0.00010501331481386266,0.00024159951223028632,7.084363721035926e-08,3.927309474448146e-08,0.0003142736100112236,0.00106661088601324,9.287185183335258e-07,5.827068965740098e-06,3.994727391105636e-06,9.305551105121951e-06,0.9885572155681521,1.5178488180416347e-05,5.079009235787446e-08,0.00041965538590976926,8.019681873972234e-07,0.002225419961045489,7.490157584770427e-06,0.006944749843083895,6.61901499020882e-06,4.399181568121425e-05,1.4640840833571839e-08,7.422866783941318e-07,6.496378022880605e-09
25,3.532411975765495e-05,3.502886709728952e-06,0.0001603951870511466,0.00021817180176451724,6.945680208413575e-08,5.034618497180915e-08,0.0003276656317143037,0.0008091814360741784,1.2486678235309125e-06,8.096268176020121e-06,3.6676529834524925e-06,1.004985260074275e-05,0.9898277360991532,1.7371802013859598e-05,7.123821060528734e-08,0.0005148422344548134,1.0572243277546859e-06,0.0017895723427461955,9.120259830613301e-06,0.006207152202548196,8.359717741631766e-06,4.6156419661282914e-05,2.0167136127234346e-08,1.1060227330362207e-06,1.0961800282960117e-08
26,2.864772623964079e-05,2.469193534413367e-06,0.00011873301384207328,0.00021199163633551046,7.362150369889572e-08,3.961943854857966e-08,0.0002974084121810596,0.0009187507098865732,9.536999828536773e-07,5.5306543666658036e-06,3.9637951554379994e-06,9.051204539200317e-06,0.9881439841162376,1.4367858419316197e-05,4.5707723040152805e-08,0.0004168000801004571,7.59077667524499e-07,0.002198230206155694,6.455772417726916e-06,0.007576211243274161,6.586367383500462e-06,3.806019246412876e-05,1.5351681660039663e-08,8.640125139541558e-07,6.726955588245828e-09
27,3.0082013837973174e-05,2.6620337796826907e-06,0.00010691485902653769,0.00023255070163142103,7.538459789428895e-08,4.4509727399131886e-08,0.00033490471590643284,0.0011370152717307025,1.008240173337756e-06,5.664814670786197e-06,4.4297544884541685e-06,1.0045706239933594e-05,0.9883776835992193,1.4773710861821846e-05,5.57873296166614e-08,0.00043244740799618916,8.114613523069621e-07,0.0021679464842711245,7.507828060055241e-06,0.007077995264584634,6.580237839267915e-06,4.8012355710328096e-05,1.498763145483967e-08,7.657863851095234e-07,7.082948144680677e-09
28,2.8773412647390776e-05,2.6034262375480296e-06,0.00011085363573365654,0.0002154083932121238,7.044091616445772e-08,4.069209377920696e-08,0.0003259571606630056,0.001058846341340477,9.218825611106433e-07,5.591066531406528e-06,4.1610384161345165e-06,9.677081395570579e-06,0.9884820627766667,1.4477608086906667e-05,5.0864426287062935e-08,0.00044009470492764493,8.113439566789072e-07,0.002164104646037959,7.229096141132069e-06,0.007077209528996469,6.74663587015145e-06,4.352900724618621e-05,1.4371539244967374e-08,7.579702457233231e-07,6.874110187844572e-09
29,2.8773412647390776e-05,2.6034262375480296e-06,0.00011085363573365654,0.0002154083932121238,7.044091616445772e-08,4.069209377920696e-08,0.0003259571606630056,0.001058846341340477,9.218825611106433e-07,5.591066531406528e-06,4.1610384161345165e-06,9.677081395570579e-06,0.9884820627766667,1.4477608086906667e-05,5.0864426287062935e-08,0.00044009470492764493,8.113439566789072e-07,0.002164104646037959,7.229096141132069e-06,0.007077209528996469,6.74663587015145e-06,4.352900724618621e-05,1.4371539244967374e-08,7.579702457233231e-07,6.874110187844572e-09
30,2.8773412647390776e-05,2.6034262375480296e-06,0.00011085363573365654,0.0002154083932121238,7.044091616445772e-08,4.069209377920696e-08,0.0003259571606630056,0.001058846341340477,9.218825611106433e-07,5.591066531406528e-06,4.1610384161345165e-06,9.677081395570579e-06,0.9884820627766667,1.4477608086906667e-05,5.0864426287062935e-08,0.00044009470492764493,8.113439566789072e-07,0.002164104646037959,7.229096141132069e-06,0.007077209528996469,6.74663587015145e-06,4.352900724618621e-05,1.4371539244967374e-08,7.579702457233231e-07,6.874110187844572e-09
31,2.2853490672629985e-05,2.9696386561947104e-06,9.291612226126952e-05,0.00033258116168798394,1.0253920437108858e-07,5.155732125015688e-08,0.000369571192226843,0.0008170847108554109,1.2514766682560511e-06,6.009546268619735e-06,3.807117928539158e-06,1.1127358790760855e-05,0.9869174620654559,1.630794663310199e-05,7.846280131671304e-08,0.0004715536872235637,8.122038908923924e-07,0.00195777012118491,8.087502548283861e-06,0.008917272361497208,5.952164981586645e-06,4.328856063175609e-05,2.007306057108084e-08,1.060497293748778e-06,8.440255167529756e-09
32,2.8905293690972473e-05,2.6177082088841136e-06,0.00010978252211545498,0.00021845388470754606,7.171801179142384e-08,4.1362513579652186e-08,0.00033321172345627826,0.0010618676073604661,9.329652359328744e-07,5.579183315762914e-06,4.197055141307363e-06,9.797042089596485e-06,0.9884681141346742,1.4392767099411502e-05,5.238544952642299e-08,0.0004466836364432492,8.212098323258027e-07,0.0021696468212702973,7.450407095743906e-06,0.00706573574772089,6.801109984604381e-06,4.405476378172453e-05,1.4616568804873996e-08,7.673481176564525e-07,6.98611387246748e-09
33,3.638659550388118e-05,6.663453406004349e-06,0.0005908081620488105,0.00032619160258030085,1.7364936281294327e-07,1.7722827548153897e-07,0.00044605993836125616,0.0023940999513654077,4.828367846536758e-06,5.546522306188736e-05,5.720129291176502e-06,1.142991417489923e-05,0.9607578833215362,8.785042714635451e-05,1.8155808784167924e-07,0.001365652920522057,1.9867906925491496e-06,0.004014956093997742,1.2595165037012658e-05,0.02979444854162345,1.9635498528721845e-05,6.435328199633215e-05,7.411168431192957e-08,2.338511314146251e-06,3.956255488922644e-08
34,2.5934375962686567e-05,3.0051407379472074e-06,0.00011944343140312863,0.0002458733422084374,7.824403918091291e-08,4.685759527951977e-08,0.00035210711505048026,0.0011779639705777898,1.0412542494843305e-06,7.078922080820348e-06,4.075643391360927e-06,1.0485331867575843e-05,0.9863276351805779,1.759689898925163e-05,5.80386044889014e-08,0.0005464539661976329,9.349942934141193e-07,0.002351171639248773,7.842750250197551e-06,0.008747611541983707,7.236546559915497e-06,4.546037016261884e-05,1.715543540136969e-08,8.391203174615035e-07,8.16821508807082e-09
35,2.7479333085722482e-05,2.6245711557765292e-06,0.00011076778740189799,0.00021740917777309882,7.096594907626522e-08,3.9785425858287886e-08,0.0003186482312429372,0.0010076050411445873,9.122811789430212e-07,5.651311173502805e-06,4.011014538240278e-06,9.450411511332262e-06,0.9883580273472843,1.4677524462700872e-05,5.099636448814146e-08,0.00043911868465002467,8.058178456535014e-07,0.0021089673342639427,7.030033228636135e-06,0.007317011518154416,6.660430416792287e-06,4.2185242339288214e-05,1.4423518880907457e-08,7.738416288687384e-07,6.894260864828859e-09
36,3.1317313785985854e-05,2.178633445143835e-06,0.00011442264203569903,0.00020964309780118723,8.543291879332682e-08,4.126168046226653e-08,0.00033255299156886793,0.0008192456002887236,9.920145446829017e-07,4.580327482509577e-06,4.6150160095564835e-06,8.50861761791505e-06,0.9889821148051068,1.370456465675167e-05,4.6665987818978265e-08,0.0003106897449973022,6.384457593393654e-07,0.002312179530279985,6.8409629438851e-06,0.006802102006682084,7.812883299450793e-06,3.474119364303895e-05,1.7018541308896466e-08,9.228213642590437e-07,6.407558297417313e-09
37,2.8558033337521783e-05,2.2955468630035886e-06,0.0001044634573507112,0.00019044099397168285,6.655385978474989e-08,3.415285569969092e-08,0.0003128102838718534,0.0008915827392411928,8.700981301975625e-07,4.602264942611651e-06,3.930997915941802e-06,9.132113828269957e-06,0.9895337623003472,1.3420434028757372e-05,4.142973621984845e-08,0.00036605136714483894,6.901495474522443e-07,0.002114821720549281,6.376843935038094e-06,0.006370316215350144,6.469909646332273e-06,3.8494568843436196e-05,1.2923969398325023e-08,7.488313158570209e-07,6.069417789843134e-09
38,2.937376354959787e-05,2.7141595258880508e-06,0.00011199676489144043,0.0002270380393443807,7.410752820252179e-08,3.998239963774116e-08,0.00031550434799553,0.0010927061116154124,9.719110051245737e-07,5.82708227895652e-06,4.250073778106527e-06,9.612982686524807e-06,0.9883744520679499,1.586661200816156e-05,5.081506322324543e-08,0.0004137967863566208,7.983056412944775e-07,0.002237647626983255,7.1147315854202964e-06,0.007097624397565008,6.842964017351065e-06,4.490346664016886e-05,1.4637031412314937e-08,7.713878994585804e-07,6.8746599409154644e-09
39,2.8999060972469266e-05,2.5970828353884385e-06,0.00011086751027324668,0.0002138962145904494,7.02153707634938e-08,4.128936507778795e-08,0.00033098034275627435,0.0010831052074342577,9.173734812474853e-07,5.571300749854874e-06,4.2199330396405485e-06,9.825943636269567e-06,0.9884524498856089,1.4327370516621799e-05,5.118725167619793e-08,0.00044791123906393916,8.197358615654764e-07,0.002171832289901454,7.302071519540037e-06,0.007062634232723548,6.776232934564191e-06,4.4032877682743745e-05,1.430671142405653e-08,7.501813464169902e-07,6.914372724462834e-09
40,2.8496352838666334e-05,2.632405835031042e-06,0.0001108055308424966,0.00022124890942874702,7.099492121110705e-08,4.1286770398131416e-08,0.0003276706670859788,0.001084657168772415,9.345129330429982e-07,5.7411993110371914e-06,4.149594966366178e-06,9.658408326289735e-06,0.9882640713379154,1.4657060010857922e-05,5.145729470558665e-08,0.0004493165142782468,8.168341805881467e-07,0.0022037613285512177,7.363537700142712e-06,0.00721261498473033,6.758588546130914e-06,4.369924474537228e-05,1.4657454423196203e-08,7.6053353157956e-07,6.889029267604878e-09
41,3.1423718804066555e-05,2.8282906936290504e-06,0.0001136996286202432,0.0002668432454801669,7.845964498717734e-08,4.6500652085667287e-08,0.0002999972231577276,0.0011585151159719308,9.793889413738548e-07,6.083512027589539e-06,4.468641503404017e-06,1.0404426794401804e-05,0.9882282099410097,1.4002061565644958e-05,6.295352412217877e-08,0.00047879877346293417,8.632839561021694e-07,0.0020634590876520797,7.513711922841051e-06,0.00725747015859196,6.050109163352685e-06,4.7374118151229696e-05,1.5128916552568666e-08,8.052565724350271e-07,7.263219520161248e-09
42,2.9366616448323505e-05,2.7023039183977734e-06,0.00010774098516936293,0.0002185577911299914,6.94210321730306e-08,4.236916153229145e-08,0.0003279564328174202,0.0011220091410526283,8.840420743317632e-07,5.599386612400523e-06,4.271427277837141e-06,1.0059752205114156e-05,0.9886038687606323,1.3584355777695184e-05,5.499965388859076e-08,0.0004761226817144136,8.770992616656717e-07,0.0020564592702277543,7.5587924384239165e-06,0.0069576782142790885,6.498091543822412e-06,4.7287462334995514e-05,1.3831271841352291e-08,7.297353694796726e-07,7.03659500656171e-09
43,2.9590236331401246e-05,2.9863711155605713e-06,0.0001255446801108553,0.00024713571226691374,7.768827839441699e-08,5.232284232197223e-08,0.0003434040576478678,0.0013118562537047583,1.0822100134642903e-06,7.479098493868476e-06,4.444693546830987e-06,9.914205934647195e-06,0.9867973277109439,1.6742546265509952e-05,6.356298728771239e-08,0.0005260010712147612,9.426132749884204e-07,0.002283718671261097,8.324699432626576e-06,0.008225176986812827,7.433495868811334e-06,4.9869343610294494e-05,1.7370678080933026e-08,8.0630895790954e-07,8.088405032393729e-09
44,2.8773412647390776e-05,2.6034262375480296e-06,0.00011085363573365654,0.0002154083932121238,7.044091616445772e-08,4.069209377920696e-08,0.0003259571606630056,0.001058846341340477,9.218825611106433e-07,5.591066531406528e-06,4.1610384161345165e-06,9.677081395570579e-06,0.9884820627766667,1.4477608086906667e-05,5.0864426287062935e-08,0.00044009470492764493,8.113439566789072e-07,0.002164104646037959,7.229096141132069e-06,0.007077209528996469,6.74663587015145e-06,4.352900724618621e-05,1.4371539244967374e-08,7.579702457233231e-07,6.874110187844572e-09
45,2.9612918206913857e-05,2.8013402377650727e-06,0.00012707296368002875,0.0002081286831545029,7.07695506340251e-08,3.878682521096989e-08,0.0002977551389147786,0.0010034673567929553,9.57868370788351e-07,6.360143934087306e-06,4.085230248485191e-06,9.273535982223603e-06,0.9879606047682542,1.7468445126385027e-05,4.607096943452352e-08,0.00042342675279105537,8.572780143192444e-07,0.0023685640898679903,6.7981397455615725e-06,0.007482605864452434,7.460283600393248e-06,4.1691567913698e-05,1.602400508959481e-08,8.28675779990182e-07,7.303581169058542e-09
46,2.956184228670491e-05,2.6613665417889503e-06,9.78059632481241e-05,0.0002141258087180355,6.873517538924635e-08,4.046139038520368e-08,0.00032725289312866905,0.0010187497606410588,8.019858142492418e-07,4.845299156890195e-06,4.300083968068475e-06,1.0625600466624512e-05,0.9894007772858479,1.2048528047118849e-05,5.338224651699016e-08,0.00045937008674094685,8.785954511007599e-07,0.0019528943380361838,7.423957409813537e-06,0.006402407317230752,6.1326472950864885e-06,4.643506416774175e-05,1.312194334429474e-08,7.191221002416195e-07,6.7529472441628915e-09
47,2.929015462151085e-05,3.0643714203570243e-06,0.00017693815417468243,0.0003258270892415471,9.503663341880355e-08,5.425123106844154e-08,0.0003253742015254492,0.0014261516356279455,1.3446141615513876e-06,1.0405161968701209e-05,4.679187610746726e-06,9.135485657132534e-06,0.9832769321905882,2.732042401243667e-05,6.445386440750245e-08,0.0004938065170178788,8.8230248579656e-07,0.0033804865702727854,8.679506806760544e-06,0.010448425379609829,9.91722332494445e-06,4.013110412923999e-05,2.4784770300527074e-08,9.6120782705895e-07,8.99141607154863e-09
48,2.1533689728423452e-05,8.561096836997834e-07,0.00022169073821140005,0.0001116595162830319,9.430852661749835e-08,3.797665797556226e-08,0.00024283619036690655,0.00035255855306204163,1.3531794216211687e-06,4.006504216554141e-06,2.997689966611224e-06,7.421909803147724e-06,0.9803823672986192,1.2503433433898185e-05,3.1298508513996913e-08,0.00037035950328973433,3.41696822675809e-07,0.0016393418062749681,2.223050470386221e-06,0.016605449680249063,4.672112358148585e-06,1.3792380704871625e-05,1.5524634416931627e-08,1.8476095024013452e-06,8.239203835713079e-09
49,2.865356489792773e-05,2.5100465266640265e-06,0.00011111205244566567,0.00020799231563457972,6.964101042945679e-08,4.109472925645578e-08,0.0003206953569885355,0.0010239008051566557,9.029284278834603e-07,5.388348665653169e-06,4.173894110483665e-06,9.712796073127712e-06,0.9884775460320688,1.4017665645719891e-05,4.9454251238923005e-08,0.0004342844438865318,8.001724825117754e-07,0.0021189714432757315,6.845146124771023e-06,0.00718236561459162,6.55383145653036e-06,4.263704302726298e-05,1.4138063383644384e-08,7.553892017840429e-07,6.781257274839401e-09
50,3.9454155533514614e-05,1.9445754430218487e-06,0.0001643353382278454,0.00018000306221324934,1.0262805860856494e-07,4.1833462666000516e-08,0.00018221885858346856,0.0003884713085327627,6.245010373086471e-07,3.2757919530938178e-06,5.2276014687199996e-06,1.097690857762821e-05,0.9853584004081831,8.502974635880234e-06,5.162510278660183e-08,0.0005022025585837304,1.0907355833203131e-06,0.0019274300711422299,3.7607979236893614e-06,0.011191614707279115,4.946623838854899e-06,2.3701683241830563e-05,1.881808482442242e-08,1.5943303399552985e-06,8.102968683334172e-09
51,2.85852822124894e-05,2.8766491973758105e-06,0.0001055856192074574,0.0002514151762726982,7.203562658959682e-08,3.9675625910757374e-08,0.0003019923831894105,0.001120929754491929,9.214904386829996e-07,5.955046560772461e-06,4.173934875752907e-06,9.162703892617543e-06,0.9885681571781183,1.5520764959491052e-05,5.272192238404468e-08,0.0004039432418026576,8.110296557755588e-07,0.0022186393075751035,7.438340870731304e-06,0.006900401334241319,6.592914436162987e-06,4.599040262955733e-05,1.4513367849688864e-08,7.220785607739104e-07,6.420268051589778e-09
52,2.501305923269598e-05,2.237835307770681e-06,5.919163837368315e-05,8.366323235552996e-05,8.05796336957216e-08,1.563989514537737e-08,0.00057294821880159,0.00023303614793177113,4.943034406928883e-07,8.119764352804852e-07,3.562373135996795e-06,2.3703503718369455e-05,0.9953674329833674,6.407947222674637e-06,2.5444783119619655e-08,0.0002792851332272519,6.95477051351047e-07,0.0007724595900952274,3.866753896539738e-06,0.0025281283985958006,5.964815629665703e-06,2.982171397096839e-05,6.01190522138453e-09,1.138332948154574e-06,8.889044625182541e-09
53,3.90010583954537e-05,3.661147056824923e-06,0.0001692141367978593,0.0003204106479243902,7.455639218564837e-08,3.49947638481636e-08,0.00014409999556462707,0.0012201205160664393,7.884118301807094e-07,1.048582609891883e-05,4.3241551981907784e-06,6.3957559626207624e-06,0.9877307181749485,1.9086948973565856e-05,5.630275544572549e-08,0.00040000442030384807,1.1030302208641475e-06,0.002386296386400003,6.994808652789836e-06,0.0074826744079643775,6.8870977803384e-06,4.675736308751105e-05,1.6207036845777137e-08,7.875269112954794e-07,6.122913111965563e-09
54,2.840740707801851e-05,2.701628606640124e-06,0.00011403452387521715,0.00021705839366386605,7.175410021897657e-08,4.161013881030304e-08,0.0003322776208520171,0.0010812395383018056,9.490580846691003e-07,5.911412897610791e-06,4.139700689673203e-06,9.971863080946799e-06,0.9881369083579338,1.5162629651582169e-05,5.3219017515163444e-08,0.00046807778061994305,8.467695184621876e-07,0.0021570156792164404,7.343820237262287e-06,0.007365660366992317,6.8393570614123484e-06,4.448642190947949e-05,1.4715346946961533e-08,7.790371392460227e-07,7.33398595061687e-09
55,3.0341436615452526e-05,3.314442651324611e-06,0.00013910725334560355,0.0002474987470888122,7.6011359234949e-08,4.7683514296719906e-08,0.0003076605883467448,0.0013979634714289088,9.974809790835815e-07,8.453719874727018e-06,4.522700576438324e-06,9.224858603510494e-06,0.9864516271182645,1.947823168164984e-05,6.127826620724842e-08,0.0005130174606883071,1.0336535638977429e-06,0.0024316986263304683,8.171379642890272e-06,0.008365686709934867,8.259973208057624e-06,5.096628154088853e-05,1.7229947878749344e-08,7.655567930224355e-07,8.105753470507152e-09
56,2.9483739921489793e-05,5.513134017510337e-06,0.0002625277946096595,0.0004822432848537831,1.1624513375335168e-07,1.1003928074945983e-07,0.00042893578936876737,0.0031209104577775756,1.9113459461556743e-06,2.494198827619737e-05,5.141363801393261e-06,1.4584008516240604e-05,0.9708700032435328,3.8531406474673243e-05,1.2176395837985e-07,0.00165850594918723,1.946321645626493e-06,0.004312840527988136,1.3807225111176951e-05,0.01865498182222666,1.1899040794884195e-05,5.966582933117309e-05,3.9960399538505815e-08,1.2202722134710584e-06,1.7445633093816444e-08
57,5.57652600859071e-05,4.566395312346442e-06,0.00027682719534818305,0.0004778505647582067,1.7404685081488107e-07,1.3539013163376963e-07,0.00037478416913921156,0.0027488141867946163,2.4712111533404385e-06,1.6526470931877883e-05,9.5053001501202e-06,1.600300288185962e-05,0.9746191318286902,4.6637651124385076e-05,8.959357275257502e-08,0.0005682719240881289,1.4404568483764396e-06,0.005299633340732071,7.1819850200325476e-06,0.015400273278909834,1.0888293604939257e-05,6.164130293207273e-05,5.167403042900824e-08,1.3210406324299964e-06,1.4436276111916933e-08
58,3.841084284280967e-05,5.7976837517348845e-06,0.00021152351940306217,0.0003550700887265826,5.1878575576371395e-08,7.916415106615883e-08,0.00038238879991654305,0.004791718268802182,1.1673558360914081e-06,2.01947036094507e-05,5.548195196300796e-06,1.3176391975704733e-05,0.980980042384141,3.292199956151242e-05,8.313708206325909e-08,0.001057197805627404,1.8546432939262274e-06,0.003920442096457842,1.4459445746634582e-05,0.008067545670536186,1.1498029972162606e-05,8.83358420525537e-05,1.9622980830622802e-08,4.619839394643883e-07,1.0445821445401766e-08
59,2.830168868198567e-05,2.550877448544182e-06,0.00011323794080176485,0.00021097141585156546,7.190787169925828e-08,3.9912703421429917e-08,0.00031817349823777676,0.0009927986857870361,9.247339819655086e-07,5.556495815101732e-06,4.065866577565442e-06,9.430183479336443e-06,0.988393948065445,1.4437630066513766e-05,4.980467985071625e-08,0.0004343543691215662,7.95901925276643e-07,0.002126262712587904,6.949879231205874e-06,0.007287962454720809,6.731288169161847e-06,4.1567014161370776e-05,1.4533976631078587e-08,7.962180117077816e-07,6.920664890066523e-09
60,2.8773412647390776e-05,2.6034262375480296e-06,0.00011085363573365654,0.0002154083932121238,7.044091616445772e-08,4.069209377920696e-08,0.0003259571606630056,0.001058846341340477,9.218825611106433e-07,5.591066531406528e-06,4.1610384161345165e-06,9.677081395570579e-06,0.9884820627766667,1.4477608086906667e-05,5.0864426287062935e-08,0.00044009470492764493,8.113439566789072e-07,0.002164104646037959,7.229096141132069e-06,0.007077209528996469,6.74663587015145e-06,4.352900724618621e-05,1.4371539244967374e-08,7.579702457233231e-07,6.874110187844572e-09
61,2.9103644140058962e-05,2.5474236268130143e-06,0.00011450381760809849,0.00020968271153020023,7.214592500891514e-08,4.018945498236768e-08,0.0003203485159166672,0.0010122819763156675,9.362934049501416e-07,5.535606246796663e-06,4.156259479953986e-06,9.580081823764566e-06,0.9884758268717397,1.455493581303198e-05,4.9556298284538953e-08,0.00042955941538373336,7.939665411919405e-07,0.002153443637540212,6.968217370076447e-06,0.007160299363506038,6.805649712920166e-06,4.209320378210661e-05,1.4526267857875655e-08,7.950237854990204e-07,6.966786270494629e-09
62,2.8773412647390776e-05,2.6034262375480296e-06,0.00011085363573365654,0.0002154083932121238,7.044091616445772e-08,4.069209377920696e-08,0.0003259571606630056,0.001058846341340477,9.218825611106433e-07,5.591066531406528e-06,4.1610384161345165e-06,9.677081395570579e-06,0.9884820627766667,1.4477608086906667e-05,5.0864426287062935e-08,0.00044009470492764493,8.113439566789072e-07,0.002164104646037959,7.229096141132069e-06,0.007077209528996469,6.74663587015145e-06,4.352900724618621e-05,1.4371539244967374e-08,7.579702457233231e-07,6.874110187844572e-09
63,2.891080774501097e-05,2.671405899697711e-06,0.00011060331840513984,0.00021716335886600203,7.120314170162784e-08,4.0916875486096285e-08,0.00032755020733059157,0.0010626854387822248,9.25989567730839e-07,5.664809442744473e-06,4.174425686216088e-06,9.730959911916067e-06,0.9885028252854554,1.4583515159698936e-05,5.1705220220341813e-08,0.00044334945112326255,8.289959139239234e-07,0.0021575528975340407,7.3538100594189975e-06,0.007051366536440239,6.8151978166328904e-06,4.4293494509895026e-05,1.450418131140743e-08,7.64798596324152e-07,6.966335231520456e-09
64,2.8851119262076426e-05,2.5687523670855825e-06,0.00011262353386367494,0.00020596426446496463,7.072366832032535e-08,3.9819497538189723e-08,0.00033060285313749597,0.0010239120821177252,9.173289907135444e-07,5.508545503672717e-06,4.149617997725732e-06,9.567426982805544e-06,0.9885385175623489,1.4600422713758405e-05,4.967006775078289e-08,0.00043452115971931785,8.110877784542984e-07,0.0021782261312744762,7.2158839978983234e-06,0.007050811737756165,7.031091253433818e-06,4.264648327433916e-05,1.4472530336089919e-08,7.712685470444274e-07,6.9608844082822946e-09
65,2.3325296373850355e-05,2.668323315229991e-06,0.00013223269173604066,0.00018051178431697522,6.981901233391548e-08,2.900869811358069e-08,0.00028191836737998806,0.0008940965060200964,1.1139691475169786e-06,7.000634223086433e-06,3.0938774632907515e-06,7.6198156961127855e-06,0.987310926438462,2.178515423772642e-05,3.799517655149127e-08,0.00038036071107259197,6.741942038179569e-07,0.0021512481265018556,5.403332737861477e-06,0.008550838472025668,7.117437846754594e-06,3.702851774267682e-05,1.3564141240651446e-08,8.78873465750045e-07,7.0890027771866e-09
66,5.63857846583651e-05,8.150832707777403e-06,0.00017241309394294292,0.0007658502651511852,2.300580478104312e-07,2.1234606713989519e-07,0.0007724861005152565,0.0024038545644890193,3.7238750862223496e-06,1.7728342529978675e-05,9.781505212233173e-06,2.4276382419566824e-05,0.9802027771184969,4.3419052511777884e-05,2.451569462657982e-07,0.0008706992207379601,2.336260396984369e-06,0.004836828376955085,2.926136452600505e-05,0.009648277924738172,1.792454177762847e-05,0.00011104406703575312,8.85419199305687e-08,1.978558592670357e-06,2.6664537365273074e-08
67,3.453648178217642e-05,2.9696963204112327e-06,0.00010634239108115365,0.00022696013998948768,7.582194851824488e-08,4.6668804246217625e-08,0.0003921588394972779,0.0013546347430530394,1.0785377642106837e-06,5.714207854955305e-06,4.919575484545035e-06,1.2015163147576997e-05,0.9891528730381778,1.565011435737746e-05,5.937669387382788e-08,0.00045268550994918713,9.053504018835121e-07,0.002252111851211333,8.851157222113979e-06,0.005908535233586161,7.432059413442297e-06,5.8698506839925965e-05,1.4287694806383567e-08,7.234855596724195e-07,7.762164682443697e-09
68,5.75892322635259e-05,3.7464286966743993e-06,8.85720269688676e-05,0.00024210513265412518,7.331315106210638e-08,5.784078378131664e-08,0.0004793698313500705,0.003045008053370278,7.754911739011903e-07,5.353764906625971e-06,8.7429643237482e-06,1.3521364921241559e-05,0.988499529247011,1.159984726360553e-05,8.006219425404955e-08,0.0005285567163783832,1.4503700577892706e-06,0.0028721875157635664,1.625224979694676e-05,0.004007882961336638,9.892287975149284e-06,0.00010719749361704392,1.277299187441807e-08,4.361766897808941e-07,6.854360064601502e-09
69,4.2166443146827226e-05,3.6559431027806394e-06,8.540390438726241e-05,0.00028099261017801335,7.878179759385406e-08,4.857763811446061e-08,0.00037647207321958836,0.0011396048974061574,9.876461252174226e-07,4.649094789549206e-06,5.080480617294158e-06,1.3729299264197789e-05,0.9916352620092241,1.0827770258078748e-05,7.718870111410424e-08,0.0004593146368663448,1.0488156190038432e-06,0.00175378497280392,1.1026408363862296e-05,0.004100381708301219,6.314255687599348e-06,6.827157833674995e-05,1.3935590557238716e-08,7.991717882492768e-07,7.796786619683454e-09
70,2.8239467692380722e-05,2.539241223022445e-06,0.00010793533145584049,0.00021785029624294,6.99923924079756e-08,3.9308994428766175e-08,0.00031546621065828046,0.0010200418368406631,9.076771574844872e-07,5.358410405966025e-06,4.0944818120103025e-06,9.46219810046938e-06,0.9887286415299572,1.4303848981612937e-05,4.931898319501044e-08,0.0004126265597282245,7.669765754178557e-07,0.002116278232863934,6.888895891764586e-06,0.006958740327877527,6.500710486170222e-06,4.243373176933423e-05,1.390349237414036e-08,7.449486573952008e-07,6.561759697750591e-09
71,2.1905349130675404e-05,2.473101356597952e-06,0.00011330925367394427,0.00019837176813821572,7.318622543386708e-08,3.3122473112460246e-08,0.00031513869702192164,0.0009340632473144646,9.366984837544072e-07,5.942887237600877e-06,3.4025218058658034e-06,8.46571717551952e-06,0.9863526333368425,1.732371878372651e-05,4.268777676417953e-08,0.0004508035879297949,7.275938469263362e-07,0.002256666983376678,5.954406052477158e-06,0.009268480253545985,6.784473993749425e-06,3.563115227509815e-05,1.4203965591034022e-08,8.153135418349421e-07,6.7380318098822125e-09
