,0,1,2,3,4,5,6,7,8,9,10,11,12,13,14,15,16,17,18,19,20,21,22,23,24
0,4.8310093697175476e-05,4.161465703236273e-05,0.0022916238906937267,0.0007946547286579724,5.995938695372536e-07,8.726759655960168e-07,0.0013396858904110645,0.009199404952800234,2.2251306995296403e-05,0.000627997583469185,1.112203480170617e-05,3.189140475867714e-05,0.8681782893457665,0.0009121932198225358,1.2180869560960573e-06,0.007815261750449939,1.319955870400924e-05,0.011312090626890288,5.7118556863562936e-05,0.09700118807407096,0.00012077978186722838,0.0001694703143020521,6.655194550834629e-07,8.023019953448325e-06,4.7333174582056666e-07
1,4.4488801066573065e-05,3.350228115424923e-05,0.00162424336504832,0.0006397622215555467,3.7934453828065225e-07,4.08322243702834e-07,0.0009658656291250594,0.006937761801851703,7.841723935651192e-06,0.0003011053053509682,8.616515721306284e-06,3.2197352727815736e-05,0.9060191623418389,0.0003819409753507162,7.6779482872681e-07,0.008775425601907602,1.338489234608581e-05,0.008044358657672383,4.210937581627141e-05,0.06592233492048481,7.72018891267997e-05,0.00012108720305290115,3.012677057158425e-07,5.484941432913593e-06,2.6747411717117705e-07
2,4.48354869270948e-05,3.3663296316649074e-05,0.0015119686070867982,0.0006566626805737582,4.021034217374039e-07,4.141753577930533e-07,0.0009610181148294426,0.006894960601871065,8.06804371993971e-06,0.00028806653442997967,9.101873463140829e-06,3.2908882037188273e-05,0.9069070372103422,0.00039361389052404666,7.904307771268792e-07,0.007949809059269135,1.2864731819892035e-05,0.00789978736950506,4.01584201678527e-05,0.06614655273841033,7.430817198732791e-05,0.0001269657796365448,3.0403674552610234e-07,5.4718656583684185e-06,2.6589512206238435e-07
3,4.564038879259639e-05,3.35736823639991e-05,0.001507719128914339,0.0006476337939081386,3.858532638557063e-07,4.050702621848516e-07,0.0009564795149568386,0.006811626892261012,7.774186660424407e-06,0.00027917989649479415,9.010916314242509e-06,3.283986852134839e-05,0.9111341375800124,0.0003763758793269219,7.564186549184256e-07,0.007802665871293543,1.2798997339951932e-05,0.007855785035321403,4.052507508236194e-05,0.062238802743840534,7.441345753100148e-05,0.0001255922696978833,2.9293141807638445e-07,5.329038949414867e-06,2.555088178097435e-07
4,4.586847040268528e-05,9.246750941126355e-05,0.0035242952092229426,0.002030502618880899,6.290996960907791e-07,9.254254063570922e-06,0.002900358959690904,0.06873756201526181,2.4390184672399272e-05,0.002658800493133385,1.6551051604855837e-05,0.0001378822933897918,0.49115258659362626,0.0004905089428882007,1.066043521029986e-05,0.22432786452708922,8.980835785316944e-05,0.010861003456473737,0.00024604654493409506,0.19219697709700687,0.00010645981525107396,0.0003269628593490619,1.8437200495427764e-06,8.461951071465393e-06,2.253539766545878e-06
5,4.3875377309328186e-05,3.289239747455266e-05,0.0014831709367698195,0.0006627028995795454,3.9175509023112436e-07,3.992489396966064e-07,0.0009351769541044943,0.006487813728794747,7.803178260568695e-06,0.0002768482705913193,8.742221096166083e-06,3.169000255107959e-05,0.9097302060986011,0.0003750768344076243,7.283638421532891e-07,0.00753989116133546,1.2297468842482716e-05,0.00797198791578482,3.9427060988944635e-05,0.06416105044869756,7.283161262763018e-05,0.00011899333275296241,3.0030967909458835e-07,5.456164356432563e-06,2.4625752219380066e-07
6,4.564038879259639e-05,3.35736823639991e-05,0.001507719128914339,0.0006476337939081386,3.858532638557063e-07,4.050702621848516e-07,0.0009564795149568386,0.006811626892261012,7.774186660424407e-06,0.00027917989649479415,9.010916314242509e-06,3.283986852134839e-05,0.9111341375800124,0.0003763758793269219,7.564186549184256e-07,0.007802665871293543,1.2798997339951932e-05,0.007855785035321403,4.052507508236194e-05,0.062238802743840534,7.441345753100148e-05,0.0001255922696978833,2.9293141807638445e-07,5.329038949414867e-06,2.555088178097435e-07
7,4.3873519117920625e-05,2.7934768944476327e-05,0.001375790075022233,0.0005426082379479283,3.2676274162364975e-07,3.1141353214191736e-07,0.0008319279490710845,0.005569589956664333,6.268966402420689e-06,0.000218106286312589,8.095154236131914e-06,2.7905110426325664e-05,0.9232491798684287,0.00030087946732621206,5.957566404255445e-07,0.0063665911534833185,1.05929357366672e-05,0.0068612085628929325,3.371664502791986e-05,0.05434623726427302,6.486646062588097e-05,0.00010826037923377394,2.2364335559166377e-07,4.710884292555709e-06,1.9877826378417978e-07
8,3.612074463333398e-05,2.7795226257059015e-05,0.0010223309249794699,0.0005339757363534658,2.980710674756422e-07,3.6867361059094873e-07,0.0012962977294637148,0.007007892975227514,6.465226329813507e-06,0.00020097431723026506,7.940985969402054e-06,3.2843834580876484e-05,0.9208304079728823,0.00027553155778505244,6.187630316362774e-07,0.0077619783161654975,1.1125684991272352e-05,0.00756957748799779,4.496836261740631e-05,0.05313387787896763,6.850910412768924e-05,0.00012592799362175428,2.2006123450098738e-07,3.7623510183291347e-06,1.9001985634613725e-07
9,4.443102703023626e-05,3.1120753636811215e-05,0.0012903614551964414,0.0005849825518141974,3.566548914871435e-07,3.860398191605407e-07,0.0010627990123553456,0.006551225739464266,7.060268494158611e-06,0.0002280909506849217,8.953106737637608e-06,3.347463222486618e-05,0.9203272783053105,0.0003188727924947055,6.915775557434727e-07,0.007204450073306825,1.2045560901729438e-05,0.007486720195147568,4.1307374776718654e-05,0.054560600708721624,7.230907946186843e-05,0.00012730181135799974,2.552703965778809e-07,4.698912222958201e-06,2.2614599569202777e-07
10,4.564038879259639e-05,3.35736823639991e-05,0.001507719128914339,0.0006476337939081386,3.858532638557063e-07,4.050702621848516e-07,0.0009564795149568386,0.006811626892261012,7.774186660424407e-06,0.00027917989649479415,9.010916314242509e-06,3.283986852134839e-05,0.9111341375800124,0.0003763758793269219,7.564186549184256e-07,0.007802665871293543,1.2798997339951932e-05,0.007855785035321403,4.052507508236194e-05,0.062238802743840534,7.441345753100148e-05,0.0001255922696978833,2.9293141807638445e-07,5.329038949414867e-06,2.555088178097435e-07
11,4.514134407413536e-05,3.22660850897171e-05,0.0014622201062465146,0.0006252557351894118,3.8114987148985996e-07,3.847945087654296e-07,0.0009374327175037541,0.006406758592705731,7.5021206797783215e-06,0.0002615994342699495,8.855562774329783e-06,3.196276010860296e-05,0.9138671496701251,0.00035990183966887835,7.276328074574411e-07,0.007397654859182888,1.2282041269912169e-05,0.007586273485723888,3.896809188056685e-05,0.060716862483710415,7.241812831790701e-05,0.0001222007408741715,2.794406311501733e-07,5.276265499741044e-06,2.4491728566876443e-07
12,4.55003603239501e-05,3.201667541185243e-05,0.0015611058576521957,0.0005930620490733394,4.66324660138507e-07,4.10405746154331e-07,0.0009099713315515549,0.006027830986885208,8.176006498264306e-06,0.0002698004973493473,9.513775774828061e-06,3.409246237512893e-05,0.8979145099232191,0.00040359106556412023,7.681190098222885e-07,0.00790043172136998,1.3352912376833581e-05,0.007834048567343068,3.417357752262586e-05,0.07620446862694388,7.358571097565623e-05,0.00012224837158963418,3.202240570962876e-07,6.268195776208741e-06,2.8625095019785564e-07
13,2.5684923830437927e-05,5.716721810675465e-05,0.001998642124301695,0.0015611596942225437,4.156119602798228e-07,1.174496266785752e-06,0.0017021935749155306,0.008241841867499404,1.5451614826301627e-05,0.0008021588885229926,4.734899943520137e-06,3.1929732572549896e-05,0.8253637644404368,0.00037757336771120884,1.3644412055932929e-06,0.03113081120201211,2.1065856620065218e-05,0.01141227974654169,0.00011427621289075693,0.1169356744519683,9.975214908909695e-05,8.938684307033581e-05,9.829856797189292e-07,1.0121073527396665e-05,3.9258227804412575e-07
14,4.13971349391271e-05,3.270209336896401e-05,0.0011058492504457701,0.0007484317835129073,3.5649200014211946e-07,3.1034004924535726e-07,0.0007736870982113801,0.005436305747910795,6.5390644068483014e-06,0.0002433985237569103,7.811992879142054e-06,2.5100618856422224e-05,0.9265654985626225,0.00033102652774416906,5.870530824599925e-07,0.005337242145549395,1.0521005313164698e-05,0.007942173702466368,4.032126758942332e-05,0.0511674818949842,6.588415595746338e-05,0.0001120534516930966,2.8175693366978076e-07,4.867342946395656e-06,1.7099278005348372e-07
15,4.564038879259639e-05,3.35736823639991e-05,0.001507719128914339,0.0006476337939081386,3.858532638557063e-07,4.050702621848516e-07,0.0009564795149568386,0.006811626892261012,7.774186660424407e-06,0.00027917989649479415,9.010916314242509e-06,3.283986852134839e-05,0.9111341375800124,0.0003763758793269219,7.564186549184256e-07,0.007802665871293543,1.2798997339951932e-05,0.007855785035321403,4.052507508236194e-05,0.062238802743840534,7.441345753100148e-05,0.0001255922696978833,2.9293141807638445e-07,5.329038949414867e-06,2.555088178097435e-07
16,4.574035488833784e-05,3.346841128621246e-05,0.001530582220579019,0.0006418383640577587,3.8514171788577703e-07,4.066034330671388e-07,0.0009551494704252706,0.006802629350235888,7.773449753047693e-06,0.0002807364791992915,8.996350579134887e-06,3.2694094067269106e-05,0.9105939547413627,0.00037486830169390027,7.543834847851096e-07,0.007884337794363212,1.2846836672207734e-05,0.007856774997967468,4.043529465334124e-05,0.0626903041757136,7.480974364287693e-05,0.00012459258988992874,2.936144419701225e-07,5.370547969952031e-06,2.5668792189472416e-07
17,4.825008577902648e-05,3.89904018137453e-05,0.0018570620963794884,0.0007290996223045955,4.0521574561912507e-07,5.276419213264834e-07,0.0010030541522022584,0.008668335776344634,8.727748898985995e-06,0.0003855290501079383,9.613377818305827e-06,3.536076192733748e-05,0.8945321443246421,0.0004176568681559251,9.937990905946531e-07,0.010824108419979139,1.6065753147398948e-05,0.00828210291629076,4.8105155065506315e-05,0.07286736799032265,8.167487956144981e-05,0.00013839681465825266,3.527716547201978e-07,5.751623139379008e-06,3.2275304903154583e-07
18,4.626308855827655e-05,3.3619975666331375e-05,0.0016066076113021835,0.0006171931986213155,4.144367361448624e-07,4.259272897790535e-07,0.001080369250287946,0.006800256454075803,8.595291644641373e-06,0.00029081589993707927,9.413326407087132e-06,3.5007488941559866e-05,0.9057527289819894,0.00043446789276641463,7.893247041221064e-07,0.008145949730105064,1.3557697289494104e-05,0.008720262308586342,4.321403213315365e-05,0.06614088397101218,8.624919911455836e-05,0.00012657560185759325,3.3260597597479524e-07,5.71472692685627e-06,2.919780705731178e-07
19,4.5227470486024955e-05,3.402140616293061e-05,0.0015006664269744652,0.0006654249264785916,3.903856129327253e-07,4.1034402811585294e-07,0.0009573871296979296,0.006782461578773003,7.899801572051205e-06,0.0002827080109637539,8.941607463556834e-06,3.303427362220987e-05,0.9107488415298826,0.00037956712717856584,7.729310637523662e-07,0.007856331862499412,1.283649527250915e-05,0.0078073253562544334,4.085035961307299e-05,0.06262892663649151,7.38136846258928e-05,0.00012621560386317588,2.9691267097948495e-07,5.390301858461289e-06,2.5783689013526796e-07
20,4.620993325328788e-05,3.694663884831501e-05,0.0021406007117389797,0.0006217837191172913,3.931237775213613e-07,5.168674588125961e-07,0.0011942636244281952,0.006619988665042149,7.207800249020792e-06,0.0003256750588867432,8.216556629469668e-06,4.259625240876873e-05,0.8886011085060825,0.00029169317964598563,8.612819154899794e-07,0.017450358936639876,1.972787868311438e-05,0.008727385867754404,5.486657691539298e-05,0.07361241585872914,9.139541207758234e-05,9.77093924229279e-05,3.711516470905372e-07,7.3499561392234636e-06,3.5704950861788745e-07
21,5.016337203747719e-05,4.123239248064133e-05,0.0014381110079448405,0.0007964138514400815,4.436062480559197e-07,6.256426388629183e-07,0.0012456264093468781,0.009451718653446453,1.0539142711288157e-05,0.0003424036329569218,1.090004735027007e-05,3.879953336819904e-05,0.9084071178450723,0.0004300454575222945,1.0905308986263023e-06,0.008397663861740852,1.4585917769032465e-05,0.007952050549503136,5.432814555972481e-05,0.0610459181578459,8.29372013171205e-05,0.00018126109026834022,3.622012943501385e-07,5.347283492022921e-06,3.144657463144303e-07
22,3.885751805141502e-05,3.2756872889619156e-05,0.0013343384662223537,0.0006938971087579062,4.185949719396227e-07,4.0926019956293877e-07,0.0011273769888540616,0.005814983609983417,9.025328052842707e-06,0.00025332785502870113,7.973277519330053e-06,3.288287674307056e-05,0.9130600907004299,0.00036630210842707937,8.618063958829094e-07,0.007585980945473044,1.1025866626918062e-05,0.006816481361110272,4.227991143699218e-05,0.0625728124399653,7.0964205880081e-05,0.0001204949057807834,2.9138417887650246e-07,5.8997066468389414e-06,2.669003740030867e-07
23,4.564038879259639e-05,3.35736823639991e-05,0.001507719128914339,0.0006476337939081386,3.858532638557063e-07,4.050702621848516e-07,0.0009564795149568386,0.006811626892261012,7.774186660424407e-06,0.00027917989649479415,9.010916314242509e-06,3.283986852134839e-05,0.9111341375800124,0.0003763758793269219,7.564186549184256e-07,0.007802665871293543,1.2798997339951932e-05,0.007855785035321403,4.052507508236194e-05,0.062238802743840534,7.441345753100148e-05,0.0001255922696978833,2.9293141807638445e-07,5.329038949414867e-06,2.555088178097435e-07
24,4.406156901372155e-05,3.59132983263986e-05,0.0014053477918901445,0.0007414687739386998,3.838093398111583e-07,3.9731504573750776e-07,0.0009274287466943993,0.006850203182336988,7.99387155856387e-06,0.00029193883028072275,8.622946623161637e-06,3.195430795890936e-05,0.9130878258658067,0.00039277516226703444,7.667785588617056e-07,0.007470492548812555,1.2514675437155217e-05,0.008054418411479771,4.2599013556354854e-05,0.06038811255528244,7.15379262232867e-05,0.00012741780272242881,3.055014279929433e-07,5.275320785235736e-06,2.439946333642464e-07
25,4.677984707143237e-05,3.476309460947154e-05,0.0015565127454829283,0.0006594198788998858,3.920512662472138e-07,4.1606073626329024e-07,0.0009629660948143519,0.00672782369799507,8.080638469283042e-06,0.00028927741951808325,9.003088975779005e-06,3.307355043149507e-05,0.911426128837096,0.00038610158678560857,7.955462141072985e-07,0.007944351006475123,1.3205671776802046e-05,0.007791085879006564,4.1851396703086873e-05,0.061857669458039596,7.637046817010018e-05,0.0001278319083058328,3.040593705370377e-07,5.52870894373459e-06,2.6730484262637494e-07
26,4.5017358552457804e-05,3.18848709023341e-05,0.0016265837823972802,0.0006309548302695729,4.095513886517497e-07,3.861328618922206e-07,0.0008625974155183965,0.005827584858502145,7.989229731760046e-06,0.0002747782913474964,8.523815505072439e-06,3.0232381023277905e-05,0.9076193190418851,0.00037665639119530017,6.680384063625508e-07,0.007280820248426722,1.1973542334445577e-05,0.007973130689236043,3.553799829528949e-05,0.06716600898559383,7.338126127593113e-05,0.00010890669655500208,3.0837680213089614e-07,6.098911881554386e-06,2.473001122437946e-07
27,4.651574433730825e-05,3.494820181813231e-05,0.001458984418820075,0.000698285660687806,4.0841575005545317e-07,4.420123241526436e-07,0.0009699722154395365,0.007292461091444436,8.510966414868637e-06,0.0002902956748716997,9.372755817711355e-06,3.3799619105235515e-05,0.9106591772293865,0.0003904221011394674,8.144633457936449e-07,0.007592040746385993,1.2779934883466634e-05,0.007708004887102501,4.133854720027615e-05,0.0625343394863573,7.17459817574208e-05,0.00013941385010131165,3.0191554060544545e-07,5.360499394656961e-06,2.6358057359083e-07
28,4.564038879259639e-05,3.35736823639991e-05,0.001507719128914339,0.0006476337939081386,3.858532638557063e-07,4.050702621848516e-07,0.0009564795149568386,0.006811626892261012,7.774186660424407e-06,0.00027917989649479415,9.010916314242509e-06,3.283986852134839e-05,0.9111341375800124,0.0003763758793269219,7.564186549184256e-07,0.007802665871293543,1.2798997339951932e-05,0.007855785035321403,4.052507508236194e-05,0.062238802743840534,7.441345753100148e-05,0.0001255922696978833,2.9293141807638445e-07,5.329038949414867e-06,2.555088178097435e-07
29,4.564038879259639e-05,3.35736823639991e-05,0.001507719128914339,0.0006476337939081386,3.858532638557063e-07,4.050702621848516e-07,0.0009564795149568386,0.006811626892261012,7.774186660424407e-06,0.00027917989649479415,9.010916314242509e-06,3.283986852134839e-05,0.9111341375800124,0.0003763758793269219,7.564186549184256e-07,0.007802665871293543,1.2798997339951932e-05,0.007855785035321403,4.052507508236194e-05,0.062238802743840534,7.441345753100148e-05,0.0001255922696978833,2.9293141807638445e-07,5.329038949414867e-06,2.555088178097435e-07
30,4.564038879259639e-05,3.35736823639991e-05,0.001507719128914339,0.0006476337939081386,3.858532638557063e-07,4.050702621848516e-07,0.0009564795149568386,0.006811626892261012,7.774186660424407e-06,0.00027917989649479415,9.010916314242509e-06,3.283986852134839e-05,0.9111341375800124,0.0003763758793269219,7.564186549184256e-07,0.007802665871293543,1.2798997339951932e-05,0.007855785035321403,4.052507508236194e-05,0.062238802743840534,7.441345753100148e-05,0.0001255922696978833,2.9293141807638445e-07,5.329038949414867e-06,2.555088178097435e-07
31,3.382089812119782e-05,3.9919592880377613e-05,0.0012025887124532066,0.001084426898143163,5.903393625803826e-07,5.365718105107091e-07,0.0010758082510786923,0.00498995445444611,1.118708178941649e-05,0.0003077426136606612,7.979995536948245e-06,3.797311006277407e-05,0.8949662834331775,0.0004459549197485685,1.251163792936431e-06,0.008084638064087563,1.2741911816641254e-05,0.0067416026909160875,4.483990855346284e-05,0.08071047877362532,6.256449230552712e-05,0.00012866700031461265,4.2704278380475354e-07,7.697974431711623e-06,3.241051006469039e-07
32,4.557770792120539e-05,3.378992937427687e-05,0.0014941156452913872,0.0006524667280105498,3.913805778917676e-07,4.090466044484344e-07,0.00097495177787087,0.006808361242313982,7.800426025595749e-06,0.00027899421527165756,9.043170866645866e-06,3.311497685447498e-05,0.9111588374015263,0.0003735326101083941,7.725244005278904e-07,0.007904088290383414,1.296994846643827e-05,0.007844958488718043,4.161379840253516e-05,0.06211647448799205,7.505736933408358e-05,0.00012674786168931918,2.958698714054158e-07,5.376232458788235e-06,2.588696659006344e-07
33,5.521005369850675e-05,5.1613536157516485e-05,0.0035179295499776246,0.0008887751061364439,6.533694023317572e-07,9.97504081353159e-07,0.0011755731583463298,0.010902465592079988,2.1407762226465722e-05,0.0008948234387280877,1.1056025929398205e-05,3.721733272309608e-05,0.8256677188362042,0.000978519342425814,1.7573464381191604e-06,0.014855262369340946,2.0398726067672504e-05,0.011235781049457409,5.76521787473643e-05,0.12932774146370263,0.00012968240052651302,0.00015594728382591625,8.2415275585334e-07,1.03009876934368e-05,6.914333270603933e-07
34,4.186091835715838e-05,3.820989745253704e-05,0.0015997283094147123,0.0007673350736875746,4.3618649674029757e-07,4.93482943441297e-07,0.0010576906192617571,0.0076921719257771635,9.203737668530965e-06,0.0003521437861950861,9.01072341968445e-06,3.632043961146731e-05,0.8919401431685445,0.00045765839897376955,9.187970253550505e-07,0.009967810835486254,1.4766466054013975e-05,0.00873817965802389,4.571956607085654e-05,0.0770119672052752,7.971139585693672e-05,0.0001318374249278004,3.7270485495602113e-07,5.996983562007948e-06,3.1229505874759666e-07
35,4.405575528721286e-05,3.346916656875516e-05,0.0015009426200871278,0.0006596512034793125,3.916499370485424e-07,4.0018501137634414e-07,0.0009376494550591678,0.006447165603389119,7.767657352165245e-06,0.0002791395139428653,8.762533904514058e-06,3.216905287254061e-05,0.9095976497595413,0.0003790558458858348,7.704906309805164e-07,0.0077952156409001345,1.264787203830688e-05,0.0076994795068047045,3.96749954897032e-05,0.064323362727826,7.331230791759781e-05,0.00012122166636879095,2.9879102220459694e-07,5.488861095321484e-06,2.571375878796981e-07
36,4.4720225328156536e-05,3.5782845175858835e-05,0.0014825836116324855,0.0006745090193542012,3.6507928724583193e-07,4.120723409338829e-07,0.0009566095558489881,0.00754416129797184,7.743288730833425e-06,0.00030027400310500687,8.765695004411852e-06,3.460855062590671e-05,0.9079496890408186,0.0003841492031372546,8.032370815479831e-07,0.008960968739122785,1.394265560615762e-05,0.007807892284125481,4.214848085780387e-05,0.06353767551702968,7.04395103068137e-05,0.00013618705673118295,2.841616157475983e-07,5.02141062402853e-06,2.634585369174579e-07
37,4.530436465182001e-05,2.900608440596191e-05,0.0014422294566799436,0.0005569094105933401,3.6719804286093334e-07,3.2411115558438446e-07,0.0009009790975799998,0.005590423858616061,7.111116468592105e-06,0.00022382994957623051,8.492669934971812e-06,3.0315221637844407e-05,0.920515162690693,0.000348137852732619,5.821644994147601e-07,0.006251060718902571,1.07391873834601e-05,0.007770714828182969,3.4621103290572506e-05,0.05604710312090347,7.258629332898312e-05,0.00010829228824347417,2.5446077961579675e-07,5.235183803647596e-06,2.1756791275311005e-07
38,4.720510188337304e-05,3.452685379267928e-05,0.0015241273432223743,0.0006817973418399321,4.0453339318771125e-07,4.0083499327527547e-07,0.0009177368831020802,0.006947014321996195,8.328106036150764e-06,0.000289661687271274,9.23606306429144e-06,3.2860053778541394e-05,0.9116040978881648,0.00041168578102163453,7.519598395797968e-07,0.007246372233220065,1.2377221195010144e-05,0.008079477352268308,3.9465387166748676e-05,0.06190297705115009,7.425013988295887e-05,0.0001291749588181598,3.0200787494354256e-07,5.510903038491564e-06,2.57991985826021e-07
39,4.6856688043459894e-05,3.294144826431989e-05,0.0015232314759548388,0.0006070494958532787,3.735272790296114e-07,4.304478234973884e-07,0.0010264913610583586,0.007746706946267628,7.288197433714917e-06,0.0002744299126351546,9.645014004655652e-06,3.528413590825574e-05,0.9096572195928992,0.00035167555616313917,7.539866207530228e-07,0.008591275052757516,1.3598700123925254e-05,0.007987825641991924,4.197702840731364e-05,0.06183113724340213,7.64294112818211e-05,0.0001319179426962338,2.772817261647761e-07,4.925159172286647e-06,2.5875223139829507e-07
40,4.4976448512301786e-05,3.401140028668591e-05,0.0015018697179202344,0.0006652376409694798,3.874731598609047e-07,4.109387506241415e-07,0.0009619576697470222,0.006990621453521805,7.882026281097561e-06,0.00028757170792324355,8.949199611972939e-06,3.2757490373132825e-05,0.9094614141360449,0.0003810601304617301,7.651310581876803e-07,0.007984082223591565,1.2876895202731014e-05,0.007978399073963088,4.131264662199827e-05,0.06339710485678002,7.430770166996282e-05,0.00012615331993643203,2.985118795002982e-07,5.3360191924571695e-06,2.561865402450884e-07
41,4.768729407878814e-05,3.810861705182306e-05,0.0015470107052610615,0.0007990387628703271,4.2020485875190375e-07,4.551214933966804e-07,0.0008561265314158807,0.00743402350260567,8.114831292883809e-06,0.0003169892907267976,9.279435167641089e-06,3.5216904971944966e-05,0.9088007912509637,0.0003684747836074105,9.236850688408225e-07,0.008524983615272028,1.3758883695425256e-05,0.00706466443783103,4.0853783083708016e-05,0.06388364362985557,6.451060424659216e-05,0.0001387530354737393,2.954896855926923e-07,5.603067551757854e-06,2.725318698492817e-07
42,4.627708166059554e-05,3.518346914551216e-05,0.001460788019564959,0.0006621596278606635,3.7687117849849424e-07,4.254817493081286e-07,0.0009513640130881753,0.007264691116681977,7.348913314806178e-06,0.00028226608874616714,9.182471963279293e-06,3.434255133631454e-05,0.9113100054791955,0.00034617586972089307,8.259543883872616e-07,0.008655608273170759,1.408120566386738e-05,0.007309212201157831,4.2427238358124124e-05,0.0613534935010861,7.001671152380265e-05,0.00013809603912786025,2.7870531921391695e-07,5.110325312591803e-06,2.627896846847046e-07
43,4.73423239028075e-05,3.838381788573584e-05,0.0016886716118611205,0.0007514182374610633,4.2810308666043805e-07,5.406058653827728e-07,0.0010211376959652911,0.00862682584073288,9.3906102017572e-06,0.0003774363867094146,9.7323277286463e-06,3.400531277898551e-05,0.8967569538063318,0.0004329485269035012,9.89898979679602e-07,0.009538388584980559,1.4906230546654429e-05,0.00823549436843848,4.7784693266038227e-05,0.07213326469542082,8.131869576815835e-05,0.00014626551880723662,3.633216536296004e-07,5.700504286536482e-06,3.0828043710988966e-07
44,4.564038879259639e-05,3.35736823639991e-05,0.001507719128914339,0.0006476337939081386,3.858532638557063e-07,4.050702621848516e-07,0.0009564795149568386,0.006811626892261012,7.774186660424407e-06,0.00027917989649479415,9.010916314242509e-06,3.283986852134839e-05,0.9111341375800124,0.0003763758793269219,7.564186549184256e-07,0.007802665871293543,1.2798997339951932e-05,0.007855785035321403,4.052507508236194e-05,0.062238802743840534,7.441345753100148e-05,0.0001255922696978833,2.9293141807638445e-07,5.329038949414867e-06,2.555088178097435e-07
45,4.6316458357333095e-05,3.385682456687019e-05,0.0015502293691793203,0.0006455304566559486,3.888473821239893e-07,4.0250945480395645e-07,0.0009397128995533616,0.0067374318029865205,7.869345088419202e-06,0.0002847821834230418,9.04739683876669e-06,3.261606073922572e-05,0.9103113868631122,0.00039010127323094146,7.455307089765882e-07,0.007740272495066693,1.2924677298390321e-05,0.008060787020886218,4.015725165884766e-05,0.06294906369916571,7.608140009059538e-05,0.00012428339100609118,3.017447858381358e-07,5.451726113210991e-06,2.587726505913991e-07
46,4.662030289655573e-05,3.4631258858558044e-05,0.0013323533498107033,0.0006402508432231198,3.779498055837559e-07,3.9511858272556546e-07,0.0009459061347238211,0.006501458202796302,6.501566884215374e-06,0.00023992815364796185,9.307275939879788e-06,3.60064265023943e-05,0.9179783146016303,0.0003085364413096543,7.787535725638752e-07,0.00813724616661763,1.4130616251458045e-05,0.007041830130456457,4.112433079534769e-05,0.05647722873986691,6.760837953550775e-05,0.00013395346248191105,2.603199032453288e-07,5.004654910065296e-06,2.4681899723280134e-07
47,4.5151209996715555e-05,3.7186340459325946e-05,0.00238278951680519,0.0009332399739040107,4.828192764656143e-07,5.401067949307014e-07,0.0009187825548467924,0.00882961205877707,1.1404233809671395e-05,0.0005274854592594873,9.72689231688789e-06,3.069629375314757e-05,0.8756368210831506,0.0006951453711540725,9.271429077131791e-07,0.008606085618814732,1.28971886759773e-05,0.011716398041892255,4.6546303845732996e-05,0.08934036933091183,0.00010191347353883179,0.00010811070489010537,5.180751721461283e-07,6.82544590154436e-06,3.4475914460751997e-07
48,3.160262611238574e-05,9.278059809654811e-06,0.003416507319029247,0.00028878662310457106,5.69616317534929e-07,3.3379379537248155e-07,0.0006011264705636565,0.001916322261853705,1.1081622031822773e-05,0.00018178765692467393,6.237652330832199e-06,2.2950091105507028e-05,0.8185417959323423,0.0003357579090795684,4.0940059413082666e-07,0.005897460687016955,4.80036571637493e-06,0.005657397957041516,9.227213216765961e-06,0.16297000828428584,4.9561937724363994e-05,3.250039215623268e-05,2.871854865786232e-07,1.390743584617712e-05,3.015065140795943e-07
49,4.530732659624529e-05,3.2185621880396114e-05,0.0015144249798841186,0.0006193970138131562,3.8185285687531816e-07,4.063238726364468e-07,0.0009356260084838721,0.006552501789953856,7.533588612122429e-06,0.0002671067156751221,9.041060794169764e-06,3.282305268983436e-05,0.9106771419462657,0.00036311607250697023,7.279378448062336e-07,0.007652429586606171,1.2620124845004097e-05,0.007674012095699953,3.7914523689941696e-05,0.06336466288747113,7.230001612348499e-05,0.0001225205793377186,2.850224918895494e-07,5.283796597065705e-06,2.5007540769153166e-07
50,5.221910709833144e-05,2.280859367466129e-05,0.0022759470452354343,0.000381143288979239,4.507299685428108e-07,3.380507905521755e-07,0.00041816710584946265,0.0018059125709325163,3.676377737610128e-06,0.0001449318056985947,9.356393341755065e-06,3.292279004680183e-05,0.8843605796124114,0.00016926643918780784,5.272172105495966e-07,0.007955003384111049,1.64083596755945e-05,0.005164977526553608,1.460787024153636e-05,0.09706073159325485,4.354599103402028e-05,5.506153927316741e-05,2.9104639918484293e-07,1.0852876952800212e-05,2.726843407981094e-07
51,4.560183515570412e-05,3.719755751029798e-05,0.0014036019050091798,0.0007740487129202386,3.831679778243699e-07,4.058772716035475e-07,0.0008921484737098986,0.007162257855669316,8.060175294629245e-06,0.00029997606126160845,8.928229442736806e-06,3.180436435478064e-05,0.9142082001480042,0.00039967379291359635,7.998200156779704e-07,0.007211076538800192,1.2471719071077314e-05,0.007891251049099577,4.2247137801699614e-05,0.05936116966708319,6.959741249572905e-05,0.00013336906150551419,3.0521179316079344e-07,5.1796847765210375e-06,2.4454106222181107e-07
52,4.9606179739684385e-05,3.184500625522597e-05,0.0009240136711670822,0.000293671661930918,5.743855018666191e-07,1.676848068272395e-07,0.0017695862960076883,0.0015169316593724768,4.720787151884361e-06,3.3953893982670306e-05,1.0108960097659194e-05,9.449058017089766e-05,0.9619674697742583,0.00019436318812772192,4.507810952770925e-07,0.005131140930082302,1.150257956118243e-05,0.0036252399009619567,2.3803152339658065e-05,0.024127775429641955,8.812162199799001e-05,9.002021755864781e-05,1.4340200784685028e-07,9.922441617187402e-06,3.7581456496141163e-07
53,6.461336692204101e-05,4.399559230817262e-05,0.002306833166955586,0.0009411675271377435,3.8658134190634855e-07,3.569505278347119e-07,0.0003781347905789093,0.006990602910332491,7.244282262258512e-06,0.0005357779802113965,9.11967627445561e-06,2.2322730967256427e-05,0.9104333380096992,0.0004695939066645557,8.27369245364031e-07,0.006910591238261049,1.5527817962493964e-05,0.007799971577637517,3.66956488989867e-05,0.06283236334243193,6.332591938792263e-05,0.0001304413417797806,3.3965214272426525e-07,6.182332005090415e-06,2.462880633561932e-07
54,4.5511888908931216e-05,3.476267303527433e-05,0.001554647539789149,0.0006650056123268993,3.98798310661523e-07,4.212809032401602e-07,0.0009799619051689182,0.007007983165637469,8.130904010634527e-06,0.0002956943143175781,9.059599947224024e-06,3.397879967042606e-05,0.9071434716873572,0.00039591278776677634,8.101429477203297e-07,0.008387183504604425,1.3415739205146626e-05,0.007952604915194669,4.176122656305979e-05,0.0652189057530539,7.586535353996782e-05,0.0001284074902610883,3.069190310379259e-07,5.52343614183111e-06,2.74562306718706e-07
55,5.0105084899552777e-05,4.038128955944457e-05,0.00184996703868587,0.0007649271841613161,4.084609547765158e-07,5.000252494339829e-07,0.0009149609385350992,0.008993987217950769,8.924118137651904e-06,0.0004165867527093805,9.897657731989928e-06,3.224426191696543e-05,0.895666631539616,0.00048368373373709636,9.62550644931948e-07,0.009501458980527277,1.5554425940112784e-05,0.008934608835534534,4.7608536555628265e-05,0.07203142300242518,8.674729783239684e-05,0.00014211069358298015,3.804370611288134e-07,5.627560986365958e-06,3.123750639961649e-07
56,4.265183547867714e-05,6.937622946309883e-05,0.0034295298312680363,0.0014171270055188426,5.806043475177819e-07,1.163443671643007e-06,0.0011456912827082512,0.020435733012598982,1.68747701019952e-05,0.0013369278735385387,1.0185896038234428e-05,5.065108720467125e-05,0.7652225818070936,0.0009990725084339609,1.9010577105927727e-06,0.032440125885239535,2.9670557710355425e-05,0.014125740456752328,7.249207508688747e-05,0.15886654012580775,0.00011230469708724105,0.00016290114054610472,8.606116999836016e-07,8.587358832411128e-06,7.288460607385776e-07
57,7.10017674890313e-05,6.168432096439977e-05,0.0035020443088027444,0.0013148589465221288,7.676823413532398e-07,1.3275026820788842e-06,0.0009457455994707828,0.018003848986607462,2.122286186319249e-05,0.000932661649516627,1.7660192578008286e-05,5.2108690363429804e-05,0.8142128782989989,0.0012840081807085604,1.2492893726520104e-06,0.010160307204991545,1.970239746342884e-05,0.01666469994845603,3.822631559872934e-05,0.13239852110934652,0.00010862552092855498,0.0001764819174483862,9.79161647950408e-07,8.824685957636672e-06,5.634598798617709e-07
58,6.31677247242407e-05,7.231891025563522e-05,0.002756971033302715,0.0011269484584217353,2.441320519906115e-07,8.564400260268988e-07,0.001135772384108077,0.0344650169413838,1.0820591892166843e-05,0.001062956570949061,1.1527600855905564e-05,4.909430315421153e-05,0.857710108500104,0.000820356958747979,1.3010625890668994e-06,0.021907413226986132,2.7770358392617013e-05,0.014291607792007527,8.803281186922502e-05,0.064027114359651,0.00011244519719642966,0.0002540746770408865,4.333866338144601e-07,3.2260561872899363e-06,4.2052146865548247e-07
59,4.5143239158472246e-05,3.265547250701432e-05,0.0015452898179805384,0.00063367424130956,3.9777740728744415e-07,3.9730462539602685e-07,0.0009326842662043936,0.006344799569621566,7.817959232344358e-06,0.0002753316759802331,8.850378174141821e-06,3.18916773724534e-05,0.9098965774783505,0.0003750099925557546,7.429592325796502e-07,0.007666064220583538,1.254009340083307e-05,0.007746091382778988,3.892268601268471e-05,0.06420471724063957,7.469818889828664e-05,0.0001195182129529342,2.97302392926618e-07,5.629828211468254e-06,2.570344163902944e-07
60,4.564038879259639e-05,3.35736823639991e-05,0.001507719128914339,0.0006476337939081386,3.858532638557063e-07,4.050702621848516e-07,0.0009564795149568386,0.006811626892261012,7.774186660424407e-06,0.00027917989649479415,9.010916314242509e-06,3.283986852134839e-05,0.9111341375800124,0.0003763758793269219,7.564186549184256e-07,0.007802665871293543,1.2798997339951932e-05,0.007855785035321403,4.052507508236194e-05,0.062238802743840534,7.441345753100148e-05,0.0001255922696978833,2.9293141807638445e-07,5.329038949414867e-06,2.555088178097435e-07
61,4.635673430166783e-05,3.271156679621187e-05,0.0015707025172862054,0.0006290852610803092,3.988451047614154e-07,3.987632866469375e-07,0.0009358385645308076,0.006482884375491657,7.892092495546514e-06,0.00027565785104592894,9.035159871093136e-06,3.2323713114305306e-05,0.9107224241755079,0.00037962915396924657,7.336529437932432e-07,0.007563709472486428,1.2520987289951545e-05,0.007864281386992607,3.888464372605034e-05,0.06319181159762256,7.573580617198485e-05,0.0001208169838077297,2.9634558505387855e-07,5.612273553147926e-06,2.5807593856975743e-07
62,4.564038879259639e-05,3.35736823639991e-05,0.001507719128914339,0.0006476337939081386,3.858532638557063e-07,4.050702621848516e-07,0.0009564795149568386,0.006811626892261012,7.774186660424407e-06,0.00027917989649479415,9.010916314242509e-06,3.283986852134839e-05,0.9111341375800124,0.0003763758793269219,7.564186549184256e-07,0.007802665871293543,1.2798997339951932e-05,0.007855785035321403,4.052507508236194e-05,0.062238802743840534,7.441345753100148e-05,0.0001255922696978833,2.9293141807638445e-07,5.329038949414867e-06,2.555088178097435e-07
63,4.6193409060529925e-05,3.445355891326412e-05,0.001503368997666041,0.0006581502021174912,3.9172214690654815e-07,4.1101059022169197e-07,0.0009639234100057448,0.006845755534623681,7.869601460596357e-06,0.00028288779441529863,9.087236811096951e-06,3.3149781962853156e-05,0.9112147990384729,0.0003786737537996661,7.763789940370467e-07,0.007889341691369156,1.3094432698407297e-05,0.007868699009906735,4.1536571490779914e-05,0.0619982780599517,7.519085744882778e-05,0.00012799723331948973,2.9917591628213446e-07,5.411432929344223e-06,2.601039286701169e-07
64,4.606689490405786e-05,3.272354115994415e-05,0.0015369214050593263,0.0006164387356183832,3.911764265989103e-07,3.942400604165917e-07,0.0009686163845837932,0.006535538000016001,7.719612163190671e-06,0.00027210569417901556,9.041131511817728e-06,3.2393662211477e-05,0.911447127748267,0.0003777111747991921,7.355700284838679e-07,0.007678528997273165,1.274703872459906e-05,0.007970899879768753,4.035258155736241e-05,0.06220775165717639,7.795216232875019e-05,0.00012182233478207732,2.9604296351062116e-07,5.466210824235132e-06,2.5812361249818636e-07
65,4.6397269099801575e-05,3.54664434590519e-05,0.0013518948367932323,0.00069475901728336,3.6557509036722806e-07,4.734713143286641e-07,0.0010334479785867913,0.007528207693772402,6.3016609316166036e-06,0.00025708326454811455,9.955748666731134e-06,3.783362986238582e-05,0.9164096604518057,0.00029435679642347975,8.304000590819976e-07,0.008723949555491346,1.4877539734907641e-05,0.0074029556875933565,4.66411607326527e-05,0.05589047812871676,7.1265236795618e-05,0.00013766420893593584,2.7624516951837786e-07,4.612464601288425e-06,2.4553453193226334e-07
66,8.188029505817641e-05,0.00013598014805031,0.0023592049460213686,0.0024359770569949745,1.2569881036782198e-06,2.3124259878382535e-06,0.0022080458340388498,0.016246995996111416,3.367490106616205e-05,0.001111722329469238,2.0047812209101102e-05,8.794087279218296e-05,0.8584519230255442,0.001378266017176817,3.789237102032089e-06,0.015648439597545596,4.2287717568286376e-05,0.015964472123858944,0.0001664796422517921,0.083027200107376,0.00020021524057401113,0.00037437372450483563,1.9507100864549644e-06,1.4375478628034442e-05,1.1877718793553882e-06
67,5.479406658582359e-05,3.9854046309431125e-05,0.0014759703125016236,0.0007032084236939546,4.132414446883683e-07,4.795849733304557e-07,0.0011537342541553639,0.00893909598552704,9.361647374648507e-06,0.00030106296347045093,1.057188623290596e-05,4.140212098948629e-05,0.9180629820471509,0.000420622407230599,8.806036036069162e-07,0.008111887185494023,1.4495929359502515e-05,0.008249101461705209,5.030571477279037e-05,0.052098929525719304,8.23516816087839e-05,0.00017276772509800927,2.98775567557075e-07,5.1344313289191845e-06,2.939781020977547e-07
68,4.908693539141291e-05,3.508543993993829e-05,0.001458666691067793,0.0006437123491528997,3.7634102131516586e-07,4.166717061602327e-07,0.0009976790556771146,0.007706708427928846,7.479218452962984e-06,0.0002788476648151674,9.68737856815692e-06,3.428394433185892e-05,0.9148949815884411,0.0003607500751240258,7.75734579740727e-07,0.007979654985726564,1.3617373123155364e-05,0.00797920681646806,4.429199147742482e-05,0.05728338831112401,7.657033340261348e-05,0.00013924812246669194,2.830716887354248e-07,4.946914672892163e-06,2.545636513950754e-07
69,6.390361456513927e-05,5.588620791267245e-05,0.0011811367315457566,0.0008971174989207975,4.2588526822444737e-07,4.85177074486366e-07,0.0011238702450264394,0.007532159539203362,8.433804141608365e-06,0.0002598849316280502,1.0331252879881043e-05,4.7931342709756745e-05,0.9385410103621455,0.0003012543391083697,1.1570781653732076e-06,0.008393346711831496,1.794276981060306e-05,0.00603005524451057,6.46207978320598e-05,0.03517722872362004,7.117894668477384e-05,0.00021443842137803523,2.7440164198923405e-07,5.626611747569397e-06,2.993606474077309e-07
70,4.4696084678013374e-05,3.267345519068194e-05,0.001462804940296876,0.0006529836894450182,3.812122411425428e-07,3.8961676194797526e-07,0.0009235353709707415,0.006521248720901976,7.641382019790203e-06,0.0002662874328994945,8.837195871476746e-06,3.213580012947312e-05,0.9136161270046363,0.00037099341607357513,7.290798442652057e-07,0.0072583144072003525,1.2002554088320065e-05,0.007619572379147279,3.831681481186053e-05,0.06093108968141246,7.11566401748567e-05,0.0001223273738599834,2.8152582191696763e-07,5.2308392874074515e-06,2.433822346476591e-07
71,3.567022210927333e-05,3.0149308393062713e-05,0.0014834850968351752,0.0006222005770503702,4.096194975413417e-07,3.4497044834616064e-07,0.0009504257295090735,0.005970419504063875,8.455412224391733e-06,0.0002841015609062292,7.519903665766635e-06,2.907875828531704e-05,0.8911306950876913,0.0004419890878757315,6.780311854635809e-07,0.008177836293557615,1.0988527859293526e-05,0.00853408714319083,3.4507567950595774e-05,0.08206737732237004,7.32416072432406e-05,9.982935766408445e-05,3.159031483337012e-07,5.938816558049734e-06,2.545907172012291e-07
