,0,1,2,3,4,5,6,7,8,9,10,11,12,13,14,15,16,17,18,19,20,21,22,23,24
0,0.00029593130644453884,8.11536235146528e-07,0.00031172287362964406,0.0049732026327520456,0.0006045833459533446,0.00026385722595228,0.00044601148783379664,0.019795263946718832,4.612394181409558e-05,3.183326871776226e-05,0.0002195851417517747,0.002026919044823718,0.8721969806614898,0.013300716353224452,6.834006363480547e-08,0.04008052571236658,0.0019129442562342677,0.0013880399312243142,1.3194725995041375e-05,0.04078386610235231,9.509741366124013e-06,7.017094525157249e-07,7.400119985716715e-05,0.001190556461061048,3.304905268590807e-05
1,0.0003166083744509094,8.487291382388144e-07,0.0003426471407042453,0.005129356987045308,0.0006066277652112622,0.00028009591067951927,0.0004780674386010974,0.020497624640903645,4.826058827275024e-05,3.545564944648393e-05,0.00021963797606018297,0.0020822356414708382,0.8682525726522946,0.01326738726453811,7.155676573055662e-08,0.04304451678752679,0.001836461931720265,0.0014587291569197868,1.3879436917880661e-05,0.040721919375831646,9.752716979200952e-06,7.131493334591409e-07,7.501735860190855e-05,0.0012470862270963644,3.442554348973237e-05
2,0.0003173513300027528,8.757083828515317e-07,0.00032155811678781607,0.005131986289645389,0.0006485741786390165,0.0002647413948492677,0.00047070746424875815,0.020002500493985595,4.599954912698766e-05,3.385038971091763e-05,0.00022316073713844463,0.0020666170937022952,0.8689902406593911,0.014395487659631563,6.993113441160604e-08,0.03931906294424084,0.0019693587447126714,0.0014601279126761266,1.2954269096247762e-05,0.04302242115803299,9.503854087894864e-06,6.947935954990517e-07,7.805933148334241e-05,0.0011779120336726247,3.6183962024549374e-05
3,0.0003164392474714583,8.71655968687867e-07,0.00033335743866125836,0.005447295433422964,0.0006147531042937031,0.0002739810646459301,0.00047774864403117806,0.020587931820731202,4.683576743826555e-05,3.4965611822807615e-05,0.00022995375650231367,0.0021413455209390708,0.8684310633709104,0.014509260777252224,6.887260321391863e-08,0.04028026803626852,0.0019431421742559605,0.0015005659867182745,1.3370423898401505e-05,0.04145442476793412,9.85506375218728e-06,7.258096861638957e-07,7.962322257460276e-05,0.0012366268268433403,3.552560137366703e-05
4,0.0004705536110029084,1.736061050330268e-06,0.0005887837569061041,0.010621207504853035,0.0010809787208583257,0.0005502418214784384,0.000951412229052186,0.052664119336549624,6.19274980521233e-05,0.00010170677102268242,0.00045163793256569026,0.0024466616460723394,0.7364705068936462,0.0287663122751178,1.2228831138960877e-07,0.08122339895438403,0.002485826339219629,0.0024841057818279747,2.39785453109364e-05,0.0763048889642709,1.403270432500462e-05,1.1176556436102138e-06,0.00017951469411843412,0.0020024897271881887,5.273828717192027e-05
5,0.000313780532880004,8.615978766111611e-07,0.00032628984692102106,0.005672557748682636,0.0005934755164503964,0.00027129910908668594,0.00046270556694375035,0.019776277329989714,4.635775771089914e-05,3.496085379377571e-05,0.00022434622439631096,0.0021447335723043,0.8693099556352998,0.014717580446122881,6.660666264502761e-08,0.03957191342048185,0.0019625576719994268,0.0015539531233633246,1.2686641886251622e-05,0.041646390968546346,9.894441077841408e-06,7.247319749175352e-07,7.912306653224421e-05,0.0012316186023085525,3.588898670817534e-05
6,0.0003164392474714583,8.71655968687867e-07,0.00033335743866125836,0.005447295433422964,0.0006147531042937031,0.0002739810646459301,0.00047774864403117806,0.020587931820731202,4.683576743826555e-05,3.4965611822807615e-05,0.00022995375650231367,0.0021413455209390708,0.8684310633709104,0.014509260777252224,6.887260321391863e-08,0.04028026803626852,0.0019431421742559605,0.0015005659867182745,1.3370423898401505e-05,0.04145442476793412,9.85506375218728e-06,7.258096861638957e-07,7.962322257460276e-05,0.0012366268268433403,3.552560137366703e-05
7,0.00011653296723835672,1.5795009225541233e-06,0.000140385225026159,0.019478750830355718,0.0007899103612222874,0.00043409409244550166,0.0004516705720325756,0.03748016960375205,6.0892818063034976e-05,7.209039758825973e-05,0.00043797385444752974,0.0030785226219926247,0.652696738644622,0.05849538512064369,1.7238429187524183e-07,0.11674498028078387,0.0054589900414761215,0.0024363187496266917,1.2309260823710769e-05,0.10027508325115206,2.98901465317259e-05,3.618586713749117e-06,0.00019055797676105233,0.0010604894651656776,5.289324632110564e-05
8,0.0003014474052587005,8.144042990728328e-07,0.00031298371596829075,0.005072998594651384,0.00061135294190505,0.00026650233831732484,0.0004614372527635563,0.020202204762230322,4.683968599151456e-05,3.2445875574411983e-05,0.00022662875835910196,0.0020822759254849024,0.8708984888114033,0.013772257966841676,7.092860139897544e-08,0.04091239542734915,0.001974842264106676,0.0014783363172299095,1.322113323050889e-05,0.04003253824995456,9.853691858632598e-06,7.44211374166026e-07,7.340571563195133e-05,0.001181565647099687,3.434797451491167e-05
9,0.0003142827323143657,7.93252201965641e-07,0.0003071815889985622,0.004692311834336623,0.0006387412887664691,0.0002655854448907149,0.0004510485502039142,0.02041050575313355,4.6481652181041605e-05,3.0153263175175734e-05,0.00023295629614773775,0.001990473549856073,0.8738401583363026,0.013500250345516251,7.03061739038854e-08,0.039602186859971245,0.0020121339427747013,0.0014687098984532817,1.3633194049936294e-05,0.03889511024749603,9.303349565527055e-06,7.184858319068999e-07,7.115139143130536e-05,0.0011725364021885096,3.352203403854101e-05
10,0.0003164392474714583,8.71655968687867e-07,0.00033335743866125836,0.005447295433422964,0.0006147531042937031,0.0002739810646459301,0.00047774864403117806,0.020587931820731202,4.683576743826555e-05,3.4965611822807615e-05,0.00022995375650231367,0.0021413455209390708,0.8684310633709104,0.014509260777252224,6.887260321391863e-08,0.04028026803626852,0.0019431421742559605,0.0015005659867182745,1.3370423898401505e-05,0.04145442476793412,9.85506375218728e-06,7.258096861638957e-07,7.962322257460276e-05,0.0012366268268433403,3.552560137366703e-05
11,0.0003088524910438964,8.366655876078569e-07,0.0003238578583376646,0.0052361859587125815,0.000595387068672132,0.0002635307548461529,0.0004593749471969399,0.019490924715448457,4.588128601611658e-05,3.31235905883099e-05,0.00022012530023117434,0.00210390219769205,0.8734953531557453,0.013817991425051992,6.634347110549312e-08,0.03868115923714001,0.0019072880243267455,0.0014529150800024525,1.2910105362468242e-05,0.04022249998984815,9.630028599111285e-06,7.01559773402845e-07,7.620996083907827e-05,0.0012067146389398405,3.4577616527589606e-05
12,0.00029785909737703865,7.928740601068688e-07,0.0004928981967110616,0.005383004804955746,0.0005642720224564999,0.00027888965203798057,0.0006359253755359323,0.028610781480760038,5.194032366251742e-05,3.585748485453627e-05,0.00027786070429944,0.002580747875254819,0.8571786729428543,0.009609552891673248,8.664687328887771e-08,0.05204451959765345,0.0013868663995629457,0.0010750523532481614,1.8492879884077262e-05,0.03768608521465769,1.0422138001649458e-05,7.764229795791863e-07,8.796621095904773e-05,0.0016628007967636452,2.787561292325718e-05
13,0.001890215857323755,2.708398157147994e-06,0.0010085653099457302,0.003856960778367912,0.0006963149054770783,0.0012830861813834683,0.0004643260339695003,0.009053144707659012,0.00011478098156185844,0.00041894477726972203,2.507431858640269e-05,0.0004261576172966291,0.7456545182656378,0.002819557030202751,9.098103425137348e-08,0.138913317612167,0.0016915350053260355,0.004054878853777422,4.119338862687026e-05,0.0851696945390722,9.326734289299258e-06,3.161626929613262e-07,3.2075274449225634e-05,0.002309076493824201,6.413979190163948e-05
14,0.00019308853773345448,4.3167826668363147e-07,0.00031286591023403307,0.004645123716015111,0.0002696388061946706,0.00016889582240367436,0.0002681781498975072,0.015386648600523191,3.471450915051591e-05,1.956043194755223e-05,0.0001363780641177191,0.002134994986130556,0.9047258577560328,0.007802243088637009,4.2552734341803786e-08,0.028587423726526444,0.0014480824140584226,0.000941744564397469,8.705143317385409e-06,0.03187252078163309,8.265834918686022e-06,5.76472404394221e-07,5.596968837804084e-05,0.0009553511559301943,2.2697608417323998e-05
15,0.0003164392474714583,8.71655968687867e-07,0.00033335743866125836,0.005447295433422964,0.0006147531042937031,0.0002739810646459301,0.00047774864403117806,0.020587931820731202,4.683576743826555e-05,3.4965611822807615e-05,0.00022995375650231367,0.0021413455209390708,0.8684310633709104,0.014509260777252224,6.887260321391863e-08,0.04028026803626852,0.0019431421742559605,0.0015005659867182745,1.3370423898401505e-05,0.04145442476793412,9.85506375218728e-06,7.258096861638957e-07,7.962322257460276e-05,0.0012366268268433403,3.552560137366703e-05
16,0.00030869836837501684,8.878698885177053e-07,0.00032495667139133234,0.005539722497614451,0.0006240289951924298,0.00027147350395115137,0.0004858062115634521,0.020798865656921975,4.743953079687333e-05,3.558099924879608e-05,0.0002298417999452313,0.002202056304285095,0.8654537441529729,0.014743627668411712,7.283056900923252e-08,0.04158327532129272,0.0019987673390411027,0.0015171729881281147,1.3346207929238864e-05,0.04247763855705873,1.037139269180659e-05,7.694569119848308e-07,8.029621625006032e-05,0.0012149973503247855,3.6562109243450616e-05
17,0.0017767794160592032,3.5614813206011597e-06,0.0029068155765368214,0.009963465444881062,0.0012862075182768704,0.0017890179305984685,0.0018167875920412336,0.05492111754751109,0.00016815627421274022,0.0002203803127846813,0.0004620364015486331,0.002131282263201721,0.7153267801864838,0.012664410621786158,2.0745841935759626e-07,0.13120703698214334,0.0011493122718524407,0.003186118309807721,7.934826965168657e-05,0.05313278034042532,1.4396837058137013e-05,6.785420348427995e-07,0.00013110543455388714,0.005600949479938817,6.12675068713479e-05
18,0.0003505839852490243,1.0219424092968267e-06,0.00046697169398593274,0.006444100765500822,0.000659412577129039,0.00035920515014191157,0.0005777612654277199,0.027666168379538614,5.762801254938603e-05,3.8428393731994266e-05,0.0003088045310671409,0.002332698130638312,0.8490297590201904,0.013932658428764443,8.013245714660636e-08,0.05239943007835557,0.001629701865673992,0.0013106368178156394,1.872797167274857e-05,0.04054359033392958,1.006368224283057e-05,7.399836181201509e-07,9.469046396179603e-05,0.0017365841401634629,3.0552253785146295e-05
19,0.0004942480633814773,1.109082920659369e-06,0.00040392107719653997,0.0054231457538408195,0.0008633125523105855,0.0004885909079886248,0.0004442077946573239,0.030517857596790855,5.269181713619133e-05,4.8687810342021366e-05,0.00035914925664073266,0.0016190642380216201,0.8240620912102057,0.019852601329253115,8.375201355735598e-08,0.05214623915053047,0.0025993237553884655,0.0022917980863449796,2.2623451874487566e-05,0.05639188273164786,9.591461056603e-06,7.716804446348124e-07,0.00010143944699471253,0.0017672022307044651,3.83657623133932e-05
20,0.00034128247943800984,8.619179809375666e-07,0.00031198255210558904,0.004887595257693342,0.0006231866895421972,0.00027533034001980274,0.0004332902335836603,0.01542139161161486,4.4127249371739546e-05,3.4347170198442364e-05,0.0001968493604942426,0.0018450390306448494,0.8830066445370588,0.013879774068987414,5.0301562741623266e-08,0.03410791239047721,0.0017327161265973108,0.0014522847531955787,1.2065757498195186e-05,0.03999086283103455,8.334991298759975e-06,5.147307489414268e-07,7.617731628650037e-05,0.001282936958427389,3.44413441391783e-05
21,0.0005548497544376004,1.1797620007513613e-06,0.0006623258108128881,0.005319316395809558,0.0010007696200247129,0.00044483847991228865,0.0008563996316320566,0.043990990633132415,4.0480780320710505e-05,5.957709216794979e-05,0.0005314759752496744,0.0019778244297044886,0.8523015133103525,0.015821603051521634,8.242485197016189e-08,0.025760960214095643,0.0032309763221268174,0.0018398665436692777,3.5347772993951954e-05,0.04320361188701006,1.2397819083758027e-05,9.534368553579889e-07,0.00019674935999959803,0.002111842554803528,4.406693743095922e-05
22,0.00034005112269734714,8.666166243644855e-07,0.0003385760343237179,0.005480988934488729,0.0006281520300011503,0.0002855512578649992,0.00046499297810976447,0.021140485867520497,4.794342803891946e-05,3.511116764263646e-05,0.00023991046011345615,0.00207521551843447,0.8664991028426737,0.014888266082019479,7.164793418713804e-08,0.04072753057392229,0.002091842261605718,0.0016806860398416112,1.3493383856173407e-05,0.04165124516391756,9.890481321933018e-06,7.64423828661632e-07,7.801644892550967e-05,0.0012444217529858665,3.682348130737945e-05
23,0.0003164392474714583,8.71655968687867e-07,0.00033335743866125836,0.005447295433422964,0.0006147531042937031,0.0002739810646459301,0.00047774864403117806,0.020587931820731202,4.683576743826555e-05,3.4965611822807615e-05,0.00022995375650231367,0.0021413455209390708,0.8684310633709104,0.014509260777252224,6.887260321391863e-08,0.04028026803626852,0.0019431421742559605,0.0015005659867182745,1.3370423898401505e-05,0.04145442476793412,9.85506375218728e-06,7.258096861638957e-07,7.962322257460276e-05,0.0012366268268433403,3.552560137366703e-05
24,0.00031847050137966473,9.058178188322166e-07,0.0003216209878650668,0.0057558359716862436,0.0006098545439578299,0.00027381170466014154,0.00046108634433562965,0.02010615976630562,4.7123201874383735e-05,3.4991735359745635e-05,0.00022642010378530998,0.002153518972629286,0.8665456004475088,0.015520701282477758,6.667213998884435e-08,0.04014421813086827,0.0019938090729192076,0.0015507504949889654,1.2839045661946289e-05,0.04257825443444469,9.758446476116526e-06,7.236755936208466e-07,7.95066194888365e-05,0.001217886476962178,3.6085548811968084e-05
25,0.0003391008405619745,7.464629959665464e-07,0.0003166710365450181,0.0034977264196377113,0.00047918362727225833,0.00023847146218125022,0.00036097801114724087,0.010881641375618974,4.5164292587643055e-05,3.299538656576146e-05,0.00012011939104758137,0.0016548246976360733,0.903674141117016,0.007839341853925015,5.672277444669951e-08,0.03199470930531894,0.001504143822484226,0.0013126454161909349,1.2001161475666091e-05,0.034477697096697325,8.312052982621963e-06,5.104299999502484e-07,5.316361703635301e-05,0.0011210720841648048,3.458231613638467e-05
26,0.0003071707017984904,1.4026402860113718e-06,0.00041702889180736125,0.009196911577884895,0.0008558521498536621,0.00033662051129644804,0.00097815478234368,0.045397512942118405,6.01338232668319e-05,5.787308147695093e-05,0.0003561387681271447,0.0036106825456038087,0.7841975070542866,0.031599990156227234,1.4044524722769742e-07,0.0671247566370034,0.0023957265980364476,0.001940386500632808,1.620309353586428e-05,0.04997334638652046,1.6025992693244585e-05,1.37299135283923e-06,0.0001071912821439516,0.0009957259134920392,5.614453296404093e-05
27,0.0003069695092197452,8.670136454389791e-07,0.00032747372660976866,0.005518478873773653,0.0006101340140860218,0.0002795955851433754,0.00047061396404284457,0.021472322061134915,4.7637827438864955e-05,3.466673974778288e-05,0.0002397247265719457,0.002156033799847855,0.8653727730264238,0.014632503203042213,7.281063723122411e-08,0.041883823530027335,0.0020170116453921056,0.0015094615530265691,1.3886695859738745e-05,0.04172921344278772,1.0094943528489399e-05,7.870718377054743e-07,8.01953343844322e-05,0.001250726835500632,3.493206628980205e-05
28,0.0003164392474714583,8.71655968687867e-07,0.00033335743866125836,0.005447295433422964,0.0006147531042937031,0.0002739810646459301,0.00047774864403117806,0.020587931820731202,4.683576743826555e-05,3.4965611822807615e-05,0.00022995375650231367,0.0021413455209390708,0.8684310633709104,0.014509260777252224,6.887260321391863e-08,0.04028026803626852,0.0019431421742559605,0.0015005659867182745,1.3370423898401505e-05,0.04145442476793412,9.85506375218728e-06,7.258096861638957e-07,7.962322257460276e-05,0.0012366268268433403,3.552560137366703e-05
29,0.0003164392474714583,8.71655968687867e-07,0.00033335743866125836,0.005447295433422964,0.0006147531042937031,0.0002739810646459301,0.00047774864403117806,0.020587931820731202,4.683576743826555e-05,3.4965611822807615e-05,0.00022995375650231367,0.0021413455209390708,0.8684310633709104,0.014509260777252224,6.887260321391863e-08,0.04028026803626852,0.0019431421742559605,0.0015005659867182745,1.3370423898401505e-05,0.04145442476793412,9.85506375218728e-06,7.258096861638957e-07,7.962322257460276e-05,0.0012366268268433403,3.552560137366703e-05
30,0.0003164392474714583,8.71655968687867e-07,0.00033335743866125836,0.005447295433422964,0.0006147531042937031,0.0002739810646459301,0.00047774864403117806,0.020587931820731202,4.683576743826555e-05,3.4965611822807615e-05,0.00022995375650231367,0.0021413455209390708,0.8684310633709104,0.014509260777252224,6.887260321391863e-08,0.04028026803626852,0.0019431421742559605,0.0015005659867182745,1.3370423898401505e-05,0.04145442476793412,9.85506375218728e-06,7.258096861638957e-07,7.962322257460276e-05,0.0012366268268433403,3.552560137366703e-05
31,8.490174100778376e-05,9.0128703914115e-07,0.00010793283936319994,0.00744115449357186,0.0005483463598480641,0.00028386889073019875,0.0002618637477420187,0.006962509701575568,5.807226235233845e-05,2.7968355352469984e-05,0.0002096311672343218,0.002294845332300912,0.8467396247196629,0.01818570013524568,6.563996382780499e-08,0.05519203600419621,0.002051167526914139,0.0009038528492465269,7.876390075070786e-06,0.057190099796233906,1.439398100900494e-05,1.002017099722711e-06,9.842812136649352e-05,0.001304324433679616,2.9432207188904307e-05
32,0.00032094951198482325,8.759929216341446e-07,0.0003370919264824272,0.005367569583228746,0.0006152946283690684,0.00027601993993416654,0.00047970645071914776,0.020687436428363053,4.742039788191029e-05,3.4878709731258255e-05,0.0002309813787512085,0.002146102893192627,0.869108369006454,0.014275239959272929,7.000320424078935e-08,0.040279725122939695,0.0019405738445281073,0.001500775571224872,1.3754542792667096e-05,0.0409633531084265,9.916333601969667e-06,7.334524478155545e-07,7.906861725828426e-05,0.0012486497359874464,3.544286030158341e-05
33,0.000488801352166821,1.2948469839960198e-06,0.0005215250820572164,0.006102603993753614,0.0008098900379395703,0.00032640853812640903,0.0006978864596888327,0.02291960485003462,6.17471614029482e-05,4.891074489736648e-05,0.0002448022586980876,0.002464498984946659,0.8538181317029562,0.015722349563874367,9.972699379514567e-08,0.04358855137732007,0.001780541076160926,0.00181088390329249,1.5374947709527895e-05,0.04709177833647533,1.0610273697811875e-05,7.02646553633369e-07,8.79590911606892e-05,0.0013320797942065203,5.29632489023755e-05
34,0.0003284538737022663,8.425756199036475e-07,0.00033062592489889047,0.0049339441616112496,0.0006040313653992168,0.0002665575905789518,0.00045692297192358796,0.01950226562982734,4.724346023037166e-05,3.1679280099922266e-05,0.0002222314776761086,0.002075852743348215,0.8768956204659833,0.013357789612453916,6.711609328367612e-08,0.03779893164996512,0.001878157093597502,0.0014476566356765458,1.3660542020939968e-05,0.038467028514985804,9.31483485420218e-06,6.877176441700963e-07,7.292874191473993e-05,0.001223424934422924,3.4081085471585174e-05
35,0.0003723709042235335,8.871728671582032e-07,0.0003681175580897384,0.005378243484362395,0.0006331659925429373,0.00027670788029302896,0.0005144828263852159,0.02246586245661581,4.9060466098660266e-05,3.5708477410514886e-05,0.00023055220722676222,0.002168225799652919,0.8687079151708674,0.014065141135044864,7.133448174478818e-08,0.04034432645728124,0.002011630343891404,0.0016797628046941212,1.4161346752460279e-05,0.03932107438977293,9.89579658078805e-06,7.485521893965549e-07,7.484168160444744e-05,0.0012398679421072227,3.717781896357245e-05
36,0.0003400201223306347,1.0087565892079878e-06,0.00035569592825816744,0.006109883896972141,0.0006814428500773284,0.00031328223155582563,0.0005053538351791442,0.020443313752778535,4.832426033916983e-05,4.261387831378299e-05,0.00024919544076973843,0.002077137921781566,0.8598795119407266,0.016214814769979376,6.839460461403923e-08,0.04070923175020994,0.00202200450086305,0.0016467097335322728,1.401747128611724e-05,0.04678270398234476,1.0466620824760946e-05,7.210384002724868e-07,9.674763309279747e-05,0.0014171525295980487,3.857675959220324e-05
37,0.00028289788015425926,9.140110272175666e-07,0.00032554257921731605,0.005615806981751573,0.0006430024294836324,0.0002871026098513887,0.0005074892404583253,0.023812993087653826,4.913372207733253e-05,3.541331568479804e-05,0.0002555788692837177,0.002332069360516239,0.8568408314935815,0.016444896851615577,8.13167189531082e-08,0.045298660129850614,0.0020116418529486473,0.0014192166518226933,1.4446707425396518e-05,0.04252910928515356,1.0814315809434175e-05,8.356827457128252e-07,8.307472361949839e-05,0.0011624273706821728,3.6019530866670944e-05
38,0.0002954260676469389,8.900378251187962e-07,0.00031720282717270646,0.006033869729999459,0.0006060721016065407,0.00026237161729643013,0.00046838903331542403,0.021657463899833296,4.542150343108749e-05,3.498917200951031e-05,0.00024004470178726106,0.002256365391676307,0.8625620917848186,0.015991578408194606,6.817487042111073e-08,0.03982330274441983,0.0021280262985918265,0.0015265204200069387,1.2757328602178645e-05,0.04439618943602072,1.0508922273893788e-05,7.959631071650215e-07,8.64862887154911e-05,0.0012071668235314936,3.6001323247050386e-05
39,0.00029136175673588876,7.177521755122726e-07,0.0003367796429839015,0.004912533327273208,0.0005526001406389473,0.0002778530158994709,0.00045174921773353394,0.02169126733400651,4.572577918647603e-05,3.2162515953037464e-05,0.00021951512456530776,0.002016423532276784,0.8726650193123608,0.012108458522446101,7.008000247059336e-08,0.04231171926161278,0.0018453802628559978,0.001418739621262971,1.383496523730391e-05,0.03749126506079697,9.837025244067219e-06,7.191833355934382e-07,6.975993720158292e-05,0.0012051344887037414,3.137313951087913e-05
40,0.000324626864266783,8.376871675930778e-07,0.0003356258628900191,0.004739723220347133,0.0005979501619810693,0.0002600986426915137,0.0004684836813121787,0.01865462826696897,4.7752810225074505e-05,3.088412006697789e-05,0.00021527586750534646,0.0021524066682655574,0.8813961170151404,0.013574439416751863,6.870709215405504e-08,0.03635373261688251,0.0017863735171418434,0.001419209719886754,1.3070530029581113e-05,0.036370954152235756,9.262406487244318e-06,6.77018644995176e-07,6.976999136029323e-05,0.0011425175846692997,3.5513469989278477e-05
41,0.0003227366302868296,1.344900183562912e-06,0.0003697619985875605,0.008945968974415457,0.0006368207338378389,0.0003728046305823337,0.0005553757805435083,0.029380304866980747,4.8477316747222564e-05,5.894686945962656e-05,0.00033876785422680227,0.0027207967861310367,0.8226342798617124,0.024576013921141487,8.16353482026743e-08,0.04661615081204501,0.002793147085120003,0.001925308030039526,1.9644485025966002e-05,0.05585129722055464,1.4816963630385412e-05,1.2254738851910813e-06,0.00014255666778283465,0.0016298463440648442,4.352415766657284e-05
42,0.0002763910517937846,7.815995973816108e-07,0.00032225337756330944,0.005304414635683545,0.0005543135096828636,0.00027449573394950765,0.000453053560818088,0.0225303477607713,4.739420314089265e-05,3.367878689891378e-05,0.00022756137149898653,0.0021572071399975244,0.8636130843783972,0.012758030994777564,7.676540923123266e-08,0.04622473266386303,0.0019464696944572482,0.0013997110888153252,1.447858278792057e-05,0.04051275366280392,1.0425640888993694e-05,8.319262676024491e-07,7.511660968369217e-05,0.0012304844283165142,3.1910832135620926e-05
43,0.00030495082612030846,9.282942455920459e-07,0.00034772010142855006,0.005886147653398809,0.0006400671165870869,0.00031785552109832115,0.0005044800574415702,0.02274881861067467,4.940011476315434e-05,4.401909375546071e-05,0.000234966425827607,0.0020930247089738408,0.8525707262450649,0.014867254033387518,7.923035276331619e-08,0.047676145216789735,0.002134358479303325,0.0016566177248000828,1.4834747072261047e-05,0.04645376367597337,1.2007462021992285e-05,8.54832014046003e-07,8.768058224841462e-05,0.0013158834018864736,3.7415844770311016e-05
44,0.0003164392474714583,8.71655968687867e-07,0.00033335743866125836,0.005447295433422964,0.0006147531042937031,0.0002739810646459301,0.00047774864403117806,0.020587931820731202,4.683576743826555e-05,3.4965611822807615e-05,0.00022995375650231367,0.0021413455209390708,0.8684310633709104,0.014509260777252224,6.887260321391863e-08,0.04028026803626852,0.0019431421742559605,0.0015005659867182745,1.3370423898401505e-05,0.04145442476793412,9.85506375218728e-06,7.258096861638957e-07,7.962322257460276e-05,0.0012366268268433403,3.552560137366703e-05
45,0.00026173731085614416,1.1610096099663857e-05,2.731236956813428e-05,0.005001762206236666,0.0014324606583012288,0.00011442838883853373,8.862943064137253e-05,0.0005327885771016686,2.557897240253793e-05,4.347057345199509e-05,4.884033108036662e-05,0.0011274919678104058,0.7572940664213953,0.08615163284623786,3.4084674982452434e-09,0.0016974298931165994,0.007570824313758165,0.0009392092322854045,5.033359814614947e-06,0.13634947774913594,1.529352122390901e-05,2.1178703349825117e-07,0.00042046474991875606,0.0007570653286868968,8.317650653673934e-05
46,0.00027520754515850544,7.490068046364852e-07,0.0002931309059270364,0.0052228641054813014,0.0005378864493023034,0.0002488330837727887,0.0004046633968783944,0.01884416716066235,4.302873907358959e-05,3.001527586475372e-05,0.00021300893267318992,0.0020403959920881247,0.8766385785129513,0.013157157595399852,6.300041271796675e-08,0.03765818529438174,0.0019910140876854675,0.0013971622820477616,1.2141738633507222e-05,0.03971820539843198,9.51152027098967e-06,7.242139617207626e-07,7.342166880103007e-05,0.0011578223775279852,3.2061715807020926e-05
47,0.0005529023897977227,2.8153400826990206e-06,0.0007810009972765913,0.018956374442243743,0.0013667374407419278,0.0008296211412038845,0.0013019625253518755,0.07124012548072169,7.486011343210442e-05,0.00012775930938943258,0.0009259064624334357,0.003248731818298356,0.6885542551901674,0.07005297430299852,1.2934893015079652e-07,0.05969569274577703,0.0031533614109883483,0.0037362911897145623,2.6808283755727318e-05,0.07257014137327705,1.9950678028777546e-05,1.479307624673652e-06,0.0003133171642455401,0.002394567663731309,7.223387978741585e-05
48,0.00019374071875962232,4.284236458132246e-07,0.000644890874840513,0.015847517674650115,0.0005805064835236153,0.00013827259458103707,0.0007550446719296071,0.02658827789542177,6.37284901340074e-05,3.591882669836046e-05,0.00018176647391361203,0.004992552551499061,0.7648421187488035,0.02120387338562035,2.2856451460891485e-07,0.07176751175486283,0.0019915437855398386,0.0038487509914587985,1.3689066354797908e-06,0.08573201202634878,2.3502714215244427e-05,1.2041307914933175e-06,6.450338021853704e-05,0.0003697594307216383,0.0001309765006717955
49,0.0003024220805666257,8.490923798686194e-07,0.0003252499030882224,0.005470788958032843,0.0005795362967691333,0.000265905749462898,0.0004527139092327766,0.019320984267991177,4.556097066723889e-05,3.4288775425860195e-05,0.0002202420933166931,0.0021367899510367945,0.871953919902372,0.01420756067779832,6.577224357572358e-08,0.03859017965023055,0.001918770417515844,0.001464182746801297,1.2756501017261163e-05,0.041346773398807116,9.827474316937407e-06,7.17135190114455e-07,7.948283640212911e-05,0.0012254523704880358,3.497906884681555e-05
50,0.00020400507476919685,5.378556853062728e-07,0.0001770596890412339,0.004711362669684163,0.0003677414446259206,0.00024830368166463306,0.00013423459382153635,0.008398998434794839,4.804819722027363e-05,1.300436564989692e-05,0.00018403708075999923,0.0013561174088846794,0.8974244230233867,0.00872427647648689,4.385988948083813e-08,0.034007637037635444,0.001963985718911328,0.001133037301246603,8.976410720529656e-06,0.039405086139334376,6.967491669969367e-06,5.509428684265011e-07,4.983826672453756e-05,0.0014128277173470493,1.8899117176801563e-05
51,0.00021394032681209524,4.3676263656111537e-07,0.0002674395646709292,0.002860558752603097,0.0005539781926260574,0.0002356558066379519,0.00039125543238909433,0.014552190634596769,3.616567556271619e-05,2.5617455059518844e-05,0.00017602891084401092,0.0015173937673504027,0.8933982002450732,0.007561019791435409,5.6073951086869896e-08,0.040681741735126786,0.0013646496265215466,0.0009963284952401175,1.1176384018748153e-05,0.03393294270858889,7.846822090725912e-06,4.6322462618008353e-07,5.793983492471802e-05,0.0011322658951994139,2.470788141405317e-05
52,0.0002302171028180645,1.0603787569962237e-06,0.0003537992031674672,0.006504044006187273,0.0005504050445099184,0.0001724167756487551,0.000640820077687054,0.020435735911471662,4.4652544203872265e-05,2.841311204274144e-05,0.00021144924589057648,0.0033832424129748443,0.8804132253531004,0.011194300059223216,6.032196428122593e-08,0.033391635641288095,0.001458586864486229,0.0006916408877816342,1.3560088203499396e-05,0.03885339606260695,1.119135521554009e-05,6.848984567706249e-07,0.0001038803903256022,0.0012823930890724243,2.9189172916347542e-05
53,0.00028816038889050024,8.582537491199647e-07,0.00033887357715603586,0.005424784583744165,0.0006681765523109545,0.0002544886905432622,0.0005718898592690578,0.021674688638996124,4.529683575462637e-05,3.6092787924873126e-05,0.00023674647148584638,0.00229199479257409,0.8661482333211323,0.014388071987229197,7.179009645314296e-08,0.041320198226375934,0.0018128329584258752,0.0013496031909135974,1.2685353826180177e-05,0.041814736708524855,1.0135516763538044e-05,7.09542296396297e-07,8.487610527961184e-05,0.001189508546238153,3.628532049903286e-05
54,0.0001995552409185247,4.135846544831684e-07,0.0002300477988789977,0.004374848133447339,0.0005075698916732678,0.00021221284813380798,0.0003120747231424903,0.01749156166211518,3.2151062208028494e-05,2.1540165133557782e-05,0.00022951162549833307,0.0014139800634042393,0.8905525655381706,0.009370325788247036,3.79545616601625e-08,0.03187244206797565,0.0021436798859093497,0.0013250427267411798,9.222340250998802e-06,0.038300442992245276,8.896452121640867e-06,5.793013815074795e-07,7.181707217358882e-05,0.0012992857098345317,2.019537117871469e-05
55,0.0003801689119867164,1.351311325166501e-06,0.0004488912110394584,0.008177195488569987,0.0008945863969814254,0.0003999029436690348,0.0007021224101993378,0.03645315095752789,5.1032724877147e-05,6.163191380849397e-05,0.0003972133307987747,0.0024510429211178943,0.8039413220347279,0.025488907497107645,9.860290231479021e-08,0.05362506240920364,0.0026296726744384677,0.0019835202667443604,1.8885853970780595e-05,0.06010704474218591,1.322324362052675e-05,1.065689205853173e-06,0.00014765118928413825,0.0015781270030613963,4.7128271645683615e-05
56,0.00031025051655433694,8.374687093524869e-07,0.000323729581016811,0.005209072267057046,0.0005965042726187718,0.0002631860832541765,0.00046095117483560685,0.01952788372372135,4.602514726412186e-05,3.297140156438133e-05,0.00022076045418212642,0.002116508828617694,0.8737097505952494,0.013830511260426108,6.681473591329658e-08,0.03864365320429139,0.0019061219173094033,0.0014523178914551836,1.2989677998825318e-05,0.04001068023055424,9.606022864218217e-06,7.042415893988812e-07,7.59898950726695e-05,0.0012042176758525005,3.4709653205010876e-05
57,0.00028058992314319717,7.64060877421774e-07,0.00030052848357936133,0.004810307352020444,0.0005534376143834211,0.0002402974088446545,0.00042755373209400527,0.01826931760538416,4.441673719057202e-05,3.0095348293730326e-05,0.00019753299578654664,0.0020767307785364425,0.8788115701011917,0.012325405773133836,6.498795191639733e-08,0.03822966686019874,0.0018365410380543651,0.001312555655196194,1.2278454701056638e-05,0.03900991010451664,9.344886268225191e-06,6.852530074617854e-07,6.948953492524993e-05,0.001118428791668067,3.2486519052600726e-05
58,0.0003131801155995027,8.230738594014148e-07,0.00032578535186784366,0.0050889829978390776,0.0005884622004570171,0.0002651020245070942,0.0004535922234231007,0.019107309895534382,4.60083214859532e-05,3.245687089012255e-05,0.0002204620864576201,0.002084741483382689,0.8759793179531143,0.013304576447322495,6.478608674249269e-08,0.038275044875337026,0.0018436506366955518,0.0014254015571569416,1.3237832354413474e-05,0.039259445019307435,9.406668479163276e-06,6.817222484465715e-07,7.561174364052202e-05,0.0012531081771102637,3.3545935843010445e-05
59,0.00031147129041054475,8.378317865369584e-07,0.0003333043122437092,0.005258497312229144,0.0005945186855852325,0.00026954362930631476,0.0004623094288478466,0.019732950030792364,4.600680745953573e-05,3.38112487311244e-05,0.0002251276361043681,0.002094514446227983,0.8724757461922114,0.01351809464023496,6.606821803363524e-08,0.03928174717890253,0.0018599292628121873,0.0014315533543615344,1.3348592081487818e-05,0.040657873422791764,9.59555258382784e-06,6.947578034156553e-07,7.867629782994886e-05,0.0012759780520494146,3.3803968394790194e-05
60,0.0003164392474714583,8.71655968687867e-07,0.00033335743866125836,0.005447295433422964,0.0006147531042937031,0.0002739810646459301,0.00047774864403117806,0.020587931820731202,4.683576743826555e-05,3.4965611822807615e-05,0.00022995375650231367,0.0021413455209390708,0.8684310633709104,0.014509260777252224,6.887260321391863e-08,0.04028026803626852,0.0019431421742559605,0.0015005659867182745,1.3370423898401505e-05,0.04145442476793412,9.85506375218728e-06,7.258096861638957e-07,7.962322257460276e-05,0.0012366268268433403,3.552560137366703e-05
61,0.00031366042895648947,8.474696759058194e-07,0.0003350663249440759,0.005282118714799074,0.0005981549993741789,0.0002702047205897195,0.0004669264173821386,0.019880814285762976,4.616111776505348e-05,3.411413456915337e-05,0.0002258566426045036,0.0021049192089438256,0.8721844941948079,0.013626074568626263,6.689319007905727e-08,0.039189697973695654,0.0018810128245786476,0.0014461028257849624,1.3416320316338761e-05,0.04070795200025558,9.68018453966778e-06,7.034634068896007e-07,7.88281547224144e-05,0.001268886019740132,3.424011096843533e-05
62,0.0003164392474714583,8.71655968687867e-07,0.00033335743866125836,0.005447295433422964,0.0006147531042937031,0.0002739810646459301,0.00047774864403117806,0.020587931820731202,4.683576743826555e-05,3.4965611822807615e-05,0.00022995375650231367,0.0021413455209390708,0.8684310633709104,0.014509260777252224,6.887260321391863e-08,0.04028026803626852,0.0019431421742559605,0.0015005659867182745,1.3370423898401505e-05,0.04145442476793412,9.85506375218728e-06,7.258096861638957e-07,7.962322257460276e-05,0.0012366268268433403,3.552560137366703e-05
63,0.00032152578271059905,9.004086300657189e-07,0.0003360562864169572,0.005477100240057606,0.0006180929220157681,0.000274345402115415,0.0004783916136423998,0.020259802340584502,4.7472591818879285e-05,3.5279131035588385e-05,0.00022863276729715492,0.0021585533113883002,0.8689414145756619,0.01455856275491178,6.970277188635922e-08,0.03982382689568825,0.001946258097576507,0.0015013403384667575,1.3476743880801927e-05,0.04160975745825313,9.942698884884637e-06,7.31028111325839e-07,8.031204829132732e-05,0.0012420508375101684,3.6104022278307005e-05
64,0.0003039754263668113,8.649283577920206e-07,0.0003280782520156175,0.005402300990117822,0.0005991594833098165,0.0002707624170959631,0.000468138530909861,0.01992588690125895,4.669380087272606e-05,3.4672483793027466e-05,0.00022328687178462708,0.0021550633740442062,0.8703079151362495,0.014256594270600597,6.902181931399285e-08,0.03965626644159103,0.001928907351848798,0.001463601048003677,1.3204991552269498e-05,0.041269345821495954,1.0203610015906438e-05,7.327184976948843e-07,7.926855816993264e-05,0.0012196557561738887,3.535181405430912e-05
65,0.00023854935882058437,4.0533996492714906e-07,0.0001997027563969439,0.0027428972135253725,0.00038396720129561384,0.00019215268314787801,0.00020905407799786074,0.009630418277108648,4.3112738033472494e-05,1.1831682714800856e-05,0.0001644982071120513,0.0014601658197512474,0.9227400732987238,0.006181234600718763,4.007137131841155e-08,0.029583729418782137,0.0014629267069139384,0.0009694536065524745,1.039558100804507e-05,0.022532714309690803,5.716443901431141e-06,4.880039370088607e-07,3.692574387147195e-05,0.001182190444287951,1.735641437149556e-05
66,0.0003365591235700475,1.1352727572739638e-06,0.0003526936354582202,0.0091212674383043,0.0005838761406863004,0.0003188687425202358,0.0005932658128904174,0.0378900675470728,5.700413624307073e-05,3.698869473930646e-05,0.0003569266398213006,0.003417320005951089,0.8176293196554214,0.030776038110811477,9.993463386486906e-08,0.05462523116086383,0.002485858773867412,0.0021092705442431275,1.5715263714128352e-05,0.03809365447574774,1.1525439163489537e-05,1.3320759788513077e-06,8.31557875735802e-05,0.0010592628695221496,4.356271844456612e-05
67,0.0008636633066798788,2.0441008726945554e-06,0.0008017318418156873,0.004934958112244684,0.0012772398875032444,0.0003338342953715195,0.001753001357656251,0.056337385135873004,0.00010283975716539377,5.6759164685529255e-05,0.00038884590627966435,0.0040874873856636485,0.8128869994708969,0.015478667796136063,2.3794669326274367e-07,0.06248605537447623,0.0021328160863280593,0.0021171458862841454,3.91835218427346e-05,0.032410315096473255,1.4815709655041926e-05,1.610027692476308e-06,7.648513966187334e-05,0.001350715044502843,6.516264754580636e-05
68,0.0003140465561002354,9.014640011313372e-07,0.0002926019306570427,0.004418918326817953,0.0007985519843879941,0.00031978243103966464,0.0005099389960724387,0.02150732123809638,5.385979025465799e-05,3.295012252189202e-05,0.00026239426003196205,0.0018731897032390975,0.8595995070091376,0.014798302607997756,9.84907555717152e-08,0.04968431405708403,0.00208952526767101,0.0014970751228691138,1.5610167730501822e-05,0.04066947876845325,9.042748772162392e-06,8.047081100530149e-07,6.755018501083733e-05,0.0011476098984191396,3.6624164768601676e-05
69,0.00026386543267487375,7.818906521643074e-07,0.0003146438905238854,0.005576925387129025,0.0005742164665978073,0.0002568383319628152,0.0004513902822431966,0.01965850525615057,4.139117755100927e-05,3.284718062908388e-05,0.00023384723865979443,0.0021059584426184157,0.8710181917073984,0.0134912051042834,6.0718508983022e-08,0.03870505635521224,0.0017965786438126547,0.0012803546986605962,1.2320092546965916e-05,0.04273857961383401,9.998467543090394e-06,6.598937768289647e-07,8.685996118559087e-05,0.0013179028891028924,3.102087674185846e-05
70,0.0003625394270717062,1.4598737461196352e-06,0.00041339134358818117,0.006417164556624725,0.0008571782144518973,0.0005746293075190955,0.0006381892830328635,0.022237794299146713,7.127979572686077e-05,5.9341605029414725e-05,0.0005002209132117784,0.0024528443110474864,0.8535810298426342,0.016277085211221388,9.231587703719386e-08,0.04737591094294916,0.0020923163137745206,0.001722995585976024,3.610889299400222e-05,0.040697075442559044,1.9295026632259106e-05,1.2186633127549833e-06,0.00018097601011714566,0.0033954698887452063,3.439293301045191e-05
71,0.00032556764122269383,8.819717939692488e-07,0.0003461014269342032,0.005554995407213047,0.0006152937568382524,0.00028256088004212344,0.0004914916868325374,0.021346113140895403,4.794496366846378e-05,3.5636163701355296e-05,0.0002386868074726855,0.002185698488914363,0.8674190804923764,0.014794701545101636,7.072619856649938e-08,0.04080639567344763,0.0019466906069569793,0.0015500487758286564,1.3821187203796342e-05,0.04060779544849275,1.0016225612622033e-05,7.498342609970082e-07,8.033106532724626e-05,0.001263363902466711,3.596218119672017e-05
72,0.00043723353164414503,2.8017606003326144e-06,0.0004072527006936429,0.013227951345475905,0.00106137688125965,0.00043925669039036457,0.0006507575929542368,0.02957590548697524,5.895991235275522e-05,9.856299454993845e-05,0.0004097677685640326,0.002819501773917061,0.7614882608891306,0.0390383983710721,8.836209042037425e-08,0.047397446544720265,0.0035149284895987787,0.0021678263935964153,2.1256406940404423e-05,0.09471388781203065,1.5646030566559303e-05,1.348503767852792e-06,0.0003091318740594632,0.00207828797146993,6.416391157932823e-05
