,0,1,2,3,4,5,6,7,8,9,10,11,12,13,14,15,16,17,18,19,20,21,22,23,24
0,0.0002022557419754121,9.285384904021907e-06,0.00010897867257397855,0.03531191643191613,0.001404786372409288,0.004316626864304274,0.00021348281468027393,0.007044605802195935,0.00015049975558974866,0.0005677245712672613,0.0002483983229873115,0.0005369143231593433,0.40697007276528724,0.06521750392621553,7.384292077046476e-08,0.23551698875145716,0.006818652897120192,0.004322383363393247,3.415118619621653e-05,0.22501369936172266,3.16008685964265e-05,1.856198341241599e-06,0.0004048718508845699,0.0055051884047250975,4.748152517660674e-05
1,0.00021650148933742956,9.752636914974907e-06,0.00012129279873886748,0.03621837682523631,0.0013769052171569715,0.00451492074687482,0.00023292212432178284,0.007332467591180256,0.0001560336147090536,0.0006439547949756727,0.0002448479833840327,0.0005573297403365181,0.3962001008428044,0.06480092361808008,7.797599794994974e-08,0.25011561532370863,0.006269454513837569,0.004498224670834152,3.595279432491221e-05,0.2202792826873088,3.190872288558708e-05,1.8735015284672856e-06,0.0004087202538586347,0.005682812628378826,4.974690328518473e-05
2,0.0002165927600622626,9.889771622310145e-06,0.00011218417031981359,0.035777191374535465,0.0014870466519544092,0.004186636264231078,0.00022988233055817772,0.007135380338764359,0.00014689085968391867,0.0006099894898553924,0.0002480023919418315,0.0005548463170510693,0.40138191817706187,0.07109899820543508,7.608109146499315e-08,0.22546066218255548,0.006686095734978057,0.0045279289947052,3.268426781909389e-05,0.2342889846534511,3.071915625765949e-05,1.805915609569887e-06,0.00042612321462591463,0.0052965551276848,5.2915568144406965e-05
3,0.0002160713006248189,1.0014405033017336e-05,0.00011682756172364673,0.03885782868542698,0.0014128202332791412,0.004429244832623844,0.00023027932768229827,0.0072831434022612536,0.00015125395830195787,0.0006282416494092531,0.00025877460786605613,0.000569091354960493,0.39836153990137907,0.07156820537301208,7.354926463919578e-08,0.23227265420944657,0.006753206761056924,0.004650570734199073,3.414805889918148e-05,0.22598582708113168,3.237294148965532e-05,1.8968080633867522e-06,0.00043902564979579763,0.005685712523903972,5.117508916532273e-05
4,0.0002079675309726806,1.4021546456713194e-05,0.00013506144847772502,0.05273872436120205,0.0017356292330854989,0.006203038650997742,0.0003066019768727845,0.013073479899291834,0.00012919323313352748,0.0012845971233870865,0.00035364095780922815,0.0003934524048667031,0.19805602566687486,0.09721737117015022,8.747745802016021e-08,0.32695758103405625,0.006078748212440202,0.005126648279858368,4.0921219922103515e-05,0.28321113017146243,3.058905736088429e-05,1.9778930887776737e-06,0.0006789615236614391,0.005975297323973779,4.9252603139050905e-05
5,0.00021481753609821943,9.824459970601132e-06,0.00011485818603311546,0.04077146411231717,0.0013478144398366225,0.004380841895608464,0.00022279075043206743,0.006996945210028585,0.00015009504623302532,0.0006286672794957181,0.00025196652740882707,0.0005739299305120044,0.39896484999839177,0.07243016126538386,7.137764721432043e-08,0.2284361137369613,0.006759994545668448,0.004867250670007658,3.2238009864757684e-05,0.2266426251366351,3.257369149242543e-05,1.8948047939487605e-06,0.0004344662422164538,0.0056818740645929264,5.18710823698153e-05
6,0.0002160713006248189,1.0014405033017336e-05,0.00011682756172364673,0.03885782868542698,0.0014128202332791412,0.004429244832623844,0.00023027932768229827,0.0072831434022612536,0.00015125395830195787,0.0006282416494092531,0.00025877460786605613,0.000569091354960493,0.39836153990137907,0.07156820537301208,7.354926463919578e-08,0.23227265420944657,0.006753206761056924,0.004650570734199073,3.414805889918148e-05,0.22598582708113168,3.237294148965532e-05,1.8968080633867522e-06,0.00043902564979579763,0.005685712523903972,5.117508916532273e-05
7,0.00011722979342621213,1.013247265840126e-05,6.564155120686663e-05,0.050085268220843984,0.0013050958008912078,0.004240671766869148,0.00017582083328498518,0.007085064420603541,0.00013488544957863258,0.0006417542215444915,0.0002671032427619246,0.0004998363516519073,0.2878292386542645,0.09695833619001387,7.87497925657075e-08,0.27507081306849485,0.008323129605508198,0.004372311218587979,2.6144424243459982e-05,0.25781150239964007,3.972798370388176e-05,2.7366675853457267e-06,0.0005027972630872275,0.00438867090793331,4.600874182341239e-05
8,0.00020431046804942195,9.154643876093314e-06,0.00010703682495922978,0.03528659240601827,0.0013986793202308357,0.004300360804391235,0.00021900854222423966,0.007166487228714383,0.0001500134681297897,0.0005811608914737733,0.00025221664852328676,0.0005478787091474475,0.40718648234414917,0.06770986240768287,7.594472161857711e-08,0.2385824492159353,0.00702992222973934,0.004635985272452729,3.4061935802546495e-05,0.21875407032137628,3.247647229496945e-05,1.978797566064719e-06,0.0003957072261715054,0.005364808088828988,4.921978754060021e-05
9,0.00021839728735327892,8.980872251947315e-06,0.00010661751686632016,0.03257446254179805,0.0014850068328435446,0.004355106328978045,0.00021730235448852407,0.007434964326206924,0.00015067662458627927,0.0005458903673030922,0.00026378928243124945,0.0005310304926957347,0.4176818391241808,0.06730808704602706,7.713177411416325e-08,0.23441323670864975,0.007305163246252219,0.004704180679870526,3.6166058729784964e-05,0.21481691034510272,3.089253203484987e-05,1.9442372203958323e-06,0.0003851077362341439,0.005375299366261575,4.887095985929802e-05
10,0.0002160713006248189,1.0014405033017336e-05,0.00011682756172364673,0.03885782868542698,0.0014128202332791412,0.004429244832623844,0.00023027932768229827,0.0072831434022612536,0.00015125395830195787,0.0006282416494092531,0.00025877460786605613,0.000569091354960493,0.39836153990137907,0.07156820537301208,7.354926463919578e-08,0.23227265420944657,0.006753206761056924,0.004650570734199073,3.414805889918148e-05,0.22598582708113168,3.237294148965532e-05,1.8968080633867522e-06,0.00043902564979579763,0.005685712523903972,5.117508916532273e-05
11,0.0002153761505107889,9.757966561826812e-06,0.00011571752107325944,0.03791299149054258,0.0013891164101646973,0.004322406904635843,0.00022551627392111267,0.007020939575839077,0.0001512122547733691,0.0006046230071179736,0.0002517010131132178,0.0005720579888618716,0.41053411520472194,0.0692311974348524,7.230646582577682e-08,0.22671963588381042,0.006734080924782258,0.004594709454643575,3.363454577605344e-05,0.22319641968597542,3.2230972508488996e-05,1.868938472553312e-06,0.00042663294854068147,0.005653186051977156,5.079909035754069e-05
12,0.00019821972135258898,8.443172450107617e-06,0.00019339882007649812,0.0385767367263721,0.0012132691339674121,0.004376831688700466,0.00033738772189497725,0.011151515672333715,0.00017030109212245252,0.0006261647912905702,0.00032498517610958787,0.000744228419120151,0.3758950820151305,0.041960361738462446,1.0586341894209622e-07,0.31836510762183545,0.004230018598069844,0.0031479850500525024,4.8314524551514e-05,0.19023789325151613,3.43390832990248e-05,2.0745717354894343e-06,0.0004626630824033314,0.007655080864071049,3.9491599663241276e-05
13,0.00032594612048743207,1.2796959869488298e-05,0.00013944159323806828,0.03328696627847179,0.0013489392410775119,0.005927160671408822,0.00019725376979387932,0.005522230562214427,0.0001802497349015058,0.0010723703461137596,0.00013540364098023954,0.0003241881199932354,0.33673857694306103,0.04169215046830588,7.000801529909252e-08,0.2941987161650947,0.006540436646651241,0.005742215749169442,4.401850407628043e-05,0.2598390662995347,3.119922738858967e-05,1.481148044833566e-06,0.00032238043441207043,0.006325254091428565,5.148727626736188e-05
14,0.0001409166363772037,5.109565479140318e-06,0.00013099440712229117,0.04052443117108424,0.0006519237621768967,0.0030632109611958384,0.00014453657124884463,0.006628571753673865,0.00013213128559544645,0.0003721826633213183,0.00017733445493708485,0.0006994628947802053,0.49350375875907476,0.04106752585735198,5.600250843632861e-08,0.2007127946767385,0.006227389194685102,0.0034124779471816262,2.4743113095782553e-05,0.1970921998687894,3.444150127025676e-05,1.9434209581839712e-06,0.00033611301735028784,0.0048784280819664134,3.732243203707658e-05
15,0.0002160713006248189,1.0014405033017336e-05,0.00011682756172364673,0.03885782868542698,0.0014128202332791412,0.004429244832623844,0.00023027932768229827,0.0072831434022612536,0.00015125395830195787,0.0006282416494092531,0.00025877460786605613,0.000569091354960493,0.39836153990137907,0.07156820537301208,7.354926463919578e-08,0.23227265420944657,0.006753206761056924,0.004650570734199073,3.414805889918148e-05,0.22598582708113168,3.237294148965532e-05,1.8968080633867522e-06,0.00043902564979579763,0.005685712523903972,5.117508916532273e-05
16,0.0002053999466198826,9.912163009682862e-06,0.00010998206749035688,0.038401816601427774,0.0013992077801004057,0.004256156302216454,0.00023015166464274403,0.0072432913786154235,0.00014906751628302706,0.0006346344568964832,0.0002509766453712665,0.0005775756450356055,0.39318095501902606,0.07184589492466871,7.64708879630403e-08,0.23574484646683766,0.006790892600303213,0.00464411953260984,3.335177602415044e-05,0.22832754401578118,3.348689173245365e-05,1.9920950003966647e-06,0.00043473136231065435,0.005442028474189199,5.190820291943975e-05
17,0.0009415350770049024,2.4570927540701662e-05,0.0008508339890182854,0.04259878105276218,0.001512365001971364,0.02158206921089088,0.0005564746558644357,0.014795194995459424,0.00041852178657715415,0.0024779478652466247,0.0003391093009290995,0.000320904281632061,0.16100128228146893,0.027682702001417852,1.830900924610344e-07,0.5565464344409655,0.002061875099349938,0.007329962287498463,0.0001727676552993027,0.14080537139514487,3.123665382989911e-05,1.1740384078684358e-06,0.0003217016447251938,0.01757714012179534,4.986114510729176e-05
18,0.00023421714341019737,1.1819878538747571e-05,0.00016475783748666096,0.046288404173702453,0.0014330072399111986,0.005636141245821657,0.00026938516980384045,0.009490122426769207,0.00018135929106338316,0.0006602979937532634,0.0003423237770855388,0.0006002969020675323,0.35700258396280365,0.06478349784484443,8.120390478763762e-08,0.28546119262318076,0.005243348750255969,0.00376175623863804,4.734192446929735e-05,0.20978616736167874,3.16838461011558e-05,1.814934536064254e-06,0.0005194122392022464,0.008007772552978543,4.121343799271301e-05
19,0.00029090081376256766,1.1762014315010779e-05,0.00010784573349419916,0.032941009577344804,0.001647673765843258,0.007065753452653287,0.00016385860613373073,0.009322537944360238,0.00013196984356016314,0.0008580263006409848,0.0003401571967457131,0.0003269035246158008,0.3085807198927392,0.09487861227470938,6.563929211024786e-08,0.2398080741141283,0.008480244447406943,0.006398454695546543,5.4379570882484815e-05,0.28080282403985607,2.6326370414986642e-05,1.7679382014655291e-06,0.0005386993710424962,0.007176288219339951,4.514465297025924e-05
20,0.00027219546345255507,1.1915461347379883e-05,0.00011872503240787947,0.03864042658354515,0.0016425379755333866,0.004951537626994711,0.0002099794674368789,0.005660576062042599,0.00016658053388532272,0.0006205967364064446,0.0002526327731775856,0.000489876566503072,0.4088343976627226,0.07332543729098154,5.501623006492009e-08,0.20455053301470025,0.006890235451137016,0.0048861791385507985,3.5193900085278114e-05,0.24112596049914903,2.9795897947610628e-05,1.401745733823408e-06,0.00046001204305142423,0.006772265448751564,5.095260822609392e-05
21,0.00040991938983382024,1.5898294696758064e-05,0.0002226869254606581,0.04014711358908586,0.0027112862241421404,0.008931833158671444,0.00036952610232722955,0.01585295037880035,0.00012863730142543777,0.0011768450959261983,0.0006981641900958117,0.0004312265340455139,0.39894019445847306,0.0843893502307322,7.429872251820104e-08,0.14178217437592164,0.017417784620318923,0.006232169796997494,0.00011496437013892822,0.2669746868871334,4.7450594809436116e-05,2.8184232291334076e-06,0.0013457180960925789,0.011596700804135884,5.982585878367711e-05
22,0.0002328809724983676,9.666465110891389e-06,0.00011797620371636521,0.038337089508774284,0.0014300753666759158,0.004616790734106627,0.00021958130140320892,0.0074764618531548924,0.0001541236631145603,0.0006201601558615853,0.00026912121816180686,0.0005411271852542716,0.39568123720812437,0.0723262905209766,7.72348226511832e-08,0.23493597334220728,0.007295165687284104,0.0053066139112723535,3.41067954762514e-05,0.2242532517245254,3.221425071826254e-05,1.998238928425083e-06,0.00041727791530052333,0.005637834966859464,5.290357567155683e-05
23,0.0002160713006248189,1.0014405033017336e-05,0.00011682756172364673,0.03885782868542698,0.0014128202332791412,0.004429244832623844,0.00023027932768229827,0.0072831434022612536,0.00015125395830195787,0.0006282416494092531,0.00025877460786605613,0.000569091354960493,0.39836153990137907,0.07156820537301208,7.354926463919578e-08,0.23227265420944657,0.006753206761056924,0.004650570734199073,3.414805889918148e-05,0.22598582708113168,3.237294148965532e-05,1.8968080633867522e-06,0.00043902564979579763,0.005685712523903972,5.117508916532273e-05
24,0.0002151784603524871,1.0400843277382829e-05,0.00011006385262097094,0.04091374946829293,0.0013718897505324741,0.004365542663001809,0.00021670847367750605,0.0069455721282845,0.00014967153363200665,0.0006267777280478291,0.0002490456719753868,0.000563723001572048,0.39266249067958103,0.07668110984555367,6.84546785272626e-08,0.22623914430072167,0.006813105511677487,0.004751041840285711,3.23552304557828e-05,0.23098196132438287,3.147800871455567e-05,1.8502471160346656e-06,0.00043804181943378294,0.0055779940599050455,5.103510222651007e-05
25,0.00028818794783417684,1.0622047826990153e-05,0.00012535866793352379,0.028452811652802373,0.0012595660912720359,0.004390586417595987,0.00019036810224669378,0.00451462940625275,0.0001824081427225727,0.0006822008740129207,0.00015492994702568356,0.0004910029298471698,0.4621991168050336,0.04335000924766631,7.508143246966288e-08,0.2137055844972477,0.006795908426261759,0.005191940491747484,3.93438782237114e-05,0.22169102519949752,3.4040472354978915e-05,1.7549953491112672e-06,0.0003210593323278753,0.005869067804820973,5.840154066360389e-05
26,0.0001498705455694428,1.1981490344960378e-05,0.00010890473391232249,0.04982903918720191,0.0013999544960348006,0.003990378756814878,0.0004013854073446536,0.014426099207787351,0.00014177017378642378,0.0008906426768802645,0.0003024089864132726,0.0008066011317239824,0.265495632822111,0.13455506867538136,1.3384083159396447e-07,0.31142276655993895,0.0060803711173068944,0.004869433312235607,3.210523180494424e-05,0.20154865069922384,4.164663700941587e-05,3.1357007109060772e-06,0.00043469306843716907,0.002989891136452504,6.743440474152525e-05
27,0.00020598110132573648,9.72060881748907e-06,0.00011368745756131239,0.03894250410208348,0.0013772271965223322,0.004445067870034697,0.00022609574778644935,0.007611587670937193,0.0001524613828143757,0.0006146583544305831,0.0002685783001170872,0.000573101084884526,0.3921604368212185,0.07121287753235457,7.842136963255825e-08,0.2405971978497371,0.006845115117575407,0.004640636085386515,3.498481348692332e-05,0.22377153312519704,3.2797910118538324e-05,2.058789200010884e-06,0.0004363165654289994,0.005675427373698249,4.986871791324839e-05
28,0.0002160713006248189,1.0014405033017336e-05,0.00011682756172364673,0.03885782868542698,0.0014128202332791412,0.004429244832623844,0.00023027932768229827,0.0072831434022612536,0.00015125395830195787,0.0006282416494092531,0.00025877460786605613,0.000569091354960493,0.39836153990137907,0.07156820537301208,7.354926463919578e-08,0.23227265420944657,0.006753206761056924,0.004650570734199073,3.414805889918148e-05,0.22598582708113168,3.237294148965532e-05,1.8968080633867522e-06,0.00043902564979579763,0.005685712523903972,5.117508916532273e-05
29,0.0002160713006248189,1.0014405033017336e-05,0.00011682756172364673,0.03885782868542698,0.0014128202332791412,0.004429244832623844,0.00023027932768229827,0.0072831434022612536,0.00015125395830195787,0.0006282416494092531,0.00025877460786605613,0.000569091354960493,0.39836153990137907,0.07156820537301208,7.354926463919578e-08,0.23227265420944657,0.006753206761056924,0.004650570734199073,3.414805889918148e-05,0.22598582708113168,3.237294148965532e-05,1.8968080633867522e-06,0.00043902564979579763,0.005685712523903972,5.117508916532273e-05
30,0.0002160713006248189,1.0014405033017336e-05,0.00011682756172364673,0.03885782868542698,0.0014128202332791412,0.004429244832623844,0.00023027932768229827,0.0072831434022612536,0.00015125395830195787,0.0006282416494092531,0.00025877460786605613,0.000569091354960493,0.39836153990137907,0.07156820537301208,7.354926463919578e-08,0.23227265420944657,0.006753206761056924,0.004650570734199073,3.414805889918148e-05,0.22598582708113168,3.237294148965532e-05,1.8968080633867522e-06,0.00043902564979579763,0.005685712523903972,5.117508916532273e-05
31,0.00015085388207705238,9.691235684450696e-06,8.264440062993488e-05,0.04004508634908012,0.001343131486517882,0.0043405652697598215,0.0001803817556709177,0.005388390950225094,0.0001591307035345113,0.0005400981496759889,0.0002513412696331318,0.0005318376255091886,0.3728835333628094,0.07122517421200905,7.11012872758863e-08,0.24719033918495434,0.0070130346636054055,0.00404853398750367,2.954773665941872e-05,0.23849489213468592,3.5158443541585856e-05,2.0475124425288716e-06,0.00042986187716788615,0.005579361528345391,4.52911769901522e-05
32,0.00022033198645089107,1.0108081411735501e-05,0.00011847066223437566,0.03832958253739815,0.0014132861491069353,0.004474262097485976,0.00023248511372774868,0.007366969537631182,0.00015345039617122448,0.0006325021733729115,0.0002602772518457398,0.0005740960301351619,0.40093201699340947,0.07070602966119487,7.508383374376574e-08,0.23292438032325097,0.006765363119676666,0.004675835481379248,3.5522077698880244e-05,0.22388286218995287,3.2727407254351844e-05,1.933165964792148e-06,0.00043789912881985615,0.005768277236393515,5.125611419880356e-05
33,0.00035536002815423083,1.543316961100524e-05,0.0002002163338457806,0.04483748273290226,0.0018260254487687728,0.005072050213556673,0.0003664511664195748,0.008444502420789752,0.00020949710220978271,0.0008722462519645776,0.00027832209120706784,0.0006919308138989505,0.35697931981096925,0.07362235918163698,1.209020817920889e-07,0.24856389688502822,0.005742184535101221,0.005777512046586557,3.910378513539781e-05,0.23969626964584861,3.5143091771828125e-05,1.8755596342670432e-06,0.0004584584212485816,0.005832715165867393,8.152319576167157e-05
34,0.00023659747368239248,1.0150824922645364e-05,0.0001217376488340045,0.03642023440285867,0.0014436414692499417,0.004483626381303584,0.00023048445134614534,0.007188113343802087,0.00015977142005858642,0.0005900990598718858,0.0002603841622684385,0.0005788288108874851,0.4204205220201432,0.06832724066157733,7.496901439846185e-08,0.22509814275133438,0.006761857481853369,0.004658261692195157,3.681391546309669e-05,0.21659848073297316,3.172634143705977e-05,1.8689269274515772e-06,0.0004169291193570441,0.005873147288610565,5.126465002798135e-05
35,0.0002634876573268288,1.0025828885147127e-05,0.0001309795061410701,0.03806853808434733,0.0014555526883964572,0.0044542706245336485,0.0002529139168716652,0.008173986782058877,0.0001590500348968942,0.0006539649783658435,0.0002585821655652823,0.0005847689495064355,0.40854396475083127,0.06939045513227314,7.66210599499624e-08,0.23459728972910499,0.006965299584047802,0.005406528865637287,3.6542200714209633e-05,0.21433212683243238,3.253203126013974e-05,1.9742625697768926e-06,0.00041103050077280457,0.005761766319921869,5.429195247901683e-05
36,0.00022153299313320334,1.0730076244585578e-05,0.00011913534862292639,0.040928245913199934,0.001478561323633581,0.00465058060095831,0.0002325458733404254,0.007172390943046518,0.00015352152988884867,0.0006703417367813368,0.0002693787376558827,0.000550445399790684,0.3847129963849548,0.07431031835449099,7.255848395747295e-08,0.22987647257604155,0.006837453297639948,0.004789396873847805,3.448871785253376e-05,0.2364032390663883,3.304067860047481e-05,1.8728159855136174e-06,0.0004770402225457018,0.006014041798715823,5.21561781564158e-05
37,0.0001773432586772059,9.928785931406598e-06,0.00010470595378684529,0.037410535542324284,0.0013984053612337787,0.004488292852744525,0.00022748535820054595,0.00821862771117981,0.00014957002626980254,0.0006062098388684993,0.0002742487656637732,0.000581814386681032,0.37403526246540675,0.07903852839560169,8.527314482725644e-08,0.2551631032622419,0.007032722717930947,0.004208629258681919,3.599635902584988e-05,0.2214640831704543,3.460251120195268e-05,2.187757815299367e-06,0.00042434332894420975,0.0048639990006046786,4.928865738412185e-05
38,0.0001928943623225311,9.885455232739879e-06,0.00010513548154069721,0.042002273126240934,0.001345580114777945,0.004079682891731725,0.0002149009015380637,0.007427036458793353,0.00014047348796026845,0.000611253647973003,0.0002612993453960952,0.0005790608031144976,0.3868592234300517,0.07784887828497909,6.900848593546721e-08,0.22160145768348496,0.007334420240517064,0.00461240288408476,3.136913361408599e-05,0.23880611947292374,3.373279765326151e-05,2.0402500695261703e-06,0.00046926541324231283,0.005381651150600886,4.9894173671021995e-05
39,0.00020046120026966845,7.993118155577088e-06,0.00011977546701084538,0.03447394390726052,0.001255550947688911,0.004631678234907063,0.00021616983822433564,0.008002203740510127,0.00014835965095773626,0.0005806030127249482,0.00024765160262789815,0.0005357805037876823,0.41421955638494634,0.05860744868998605,7.775664478221271e-08,0.25457851443957785,0.006701030745609735,0.00451693530271302,3.690151655009946e-05,0.20494565133664683,3.313194120844172e-05,1.9510490318875026e-06,0.0003713213862061582,0.005522089707834208,4.521851891933672e-05
40,0.00024133597220292355,1.04796826513301e-05,0.00012741001244088098,0.03578958825059028,0.0014735015889738876,0.004421499131252224,0.0002465934604420792,0.00715562021978094,0.0001674526869654328,0.0005873986898617741,0.00026113171776444646,0.0006259341569331872,0.4297759163383601,0.07239989787199502,8.10542784234483e-08,0.22069959272640116,0.00658137608935539,0.004712181911209181,3.617518302902519e-05,0.2086900010438509,3.245751298638392e-05,1.9242667705479904e-06,0.00040693037348492697,0.00549975217230359,5.5767886115814056e-05
41,0.00019949928119855162,1.1322701711256702e-05,0.00011082437550150087,0.04556028964015973,0.0012798534648620953,0.004736802142138791,0.00022649439706675972,0.008060924264604533,0.0001395227162601296,0.0007770968543851869,0.00028271706952774075,0.0005925962198499686,0.36065436625449493,0.0869129457718988,7.254146671063049e-08,0.2291664958014423,0.007423856935835333,0.00494958306469443,3.8798109968496444e-05,0.24222416287797485,3.676899464976564e-05,2.3096292833781264e-06,0.0005432571849142818,0.006017420248779542,5.201945733089034e-05
42,0.00018120279351749278,8.330950422961647e-06,0.00011054722885716131,0.035822690940586904,0.0011838045423160192,0.004305120666459356,0.0002118178109518916,0.008107512202989406,0.0001475857307476414,0.0005908746080831494,0.00024561626111614524,0.0005674168124609962,0.39177611555172176,0.05926423034118417,8.417073239551118e-08,0.268865107190559,0.006529070999266805,0.004252872791267592,3.7153882115413275e-05,0.2119340656007347,3.354412492802519e-05,2.1966458926044926e-06,0.00038573185515274825,0.005392733161029798,4.4573136905947166e-05
43,0.00018521877061031838,9.653286229431232e-06,0.00010482555022113031,0.037501637389166474,0.0013050210054473524,0.004730484493350851,0.00021643958703332418,0.007472047241751665,0.00014043971622897222,0.0007836913859308009,0.0002319405380786293,0.0004957064514181889,0.3652790476927913,0.06934040483524775,7.564346453280244e-08,0.2550111877989661,0.0070931883404584655,0.004877607255099808,3.590827328006881e-05,0.23918189424895378,3.7078321795331463e-05,2.1572364693672217e-06,0.0004482197544197816,0.005467076067885245,4.904911570128395e-05
44,0.0002160713006248189,1.0014405033017336e-05,0.00011682756172364673,0.03885782868542698,0.0014128202332791412,0.004429244832623844,0.00023027932768229827,0.0072831434022612536,0.00015125395830195787,0.0006282416494092531,0.00025877460786605613,0.000569091354960493,0.39836153990137907,0.07156820537301208,7.354926463919578e-08,0.23227265420944657,0.006753206761056924,0.004650570734199073,3.414805889918148e-05,0.22598582708113168,3.237294148965532e-05,1.8968080633867522e-06,0.00043902564979579763,0.005685712523903972,5.117508916532273e-05
45,0.00015802755884338884,9.795532150656401e-05,3.4994217211089676e-06,0.01791351964263767,0.0019573506442409115,0.0008898036587222253,1.56309363102383e-05,8.92762541086516e-05,5.198313699317555e-05,0.00038158623918381696,3.353295981998366e-05,0.00012936615646600945,0.1896768327120481,0.27631244386228826,1.337351566340997e-09,0.0043267708285344,0.021982130608423224,0.002434073850322701,1.0135101236665402e-05,0.47959691344483635,2.5168495238438742e-05,3.571842707466789e-07,0.00130737239627849,0.0025509378227826507,5.533042583468768e-05
46,0.00019005747997650818,8.665764593820616e-06,0.00010290738691511267,0.037802745765253366,0.0012402886622791683,0.004172519257812553,0.00018981558249692604,0.006719111433970828,0.00014138941551661546,0.00054145742922929,0.0002424573799666728,0.0005419810540884076,0.4185849599383501,0.06530590258050985,6.736866010669562e-08,0.22303419536180075,0.007376398420163718,0.004437904489213589,3.223856049332189e-05,0.22336552958380615,3.229151631306603e-05,1.9536116018299693e-06,0.00040668241650277753,0.005482369477826314,4.611006265920901e-05
47,0.00022076397732995038,1.0818888654235251e-05,0.0001220285081219738,0.04212734622794035,0.001478042468870083,0.0047090782741432925,0.00024362953374188495,0.007798058613404908,0.00015324205934231567,0.0006781483710080994,0.000282543698977291,0.0005738962791898322,0.3805060833969746,0.0794039579163176,7.489866314142064e-08,0.23259219204065226,0.006837339337083961,0.004844617383939227,3.5017168015526e-05,0.23094820548174275,3.3293745892120266e-05,1.9456191234730455e-06,0.0004820477525799442,0.005864804087908276,5.2824270382925875e-05
48,8.786243540012221e-05,2.86065849335267e-06,0.00019995882136791297,0.08984616892878709,0.000863205407577462,0.000779976893667806,0.0003724358793304748,0.006631615249852866,0.0001492159325464689,0.0003533746630892325,0.00014077219155550946,0.0017466274148748855,0.23693741858824816,0.056479651746177424,2.586109900705922e-07,0.2717881363221714,0.00332859839342462,0.007107722418037934,1.4264710860344179e-06,0.3217042435257112,5.121287044425064e-05,2.60326362029132e-06,0.0002670589169574449,0.0009775754296669917,0.000180018966921103
49,0.00021025372479605372,9.882857964619432e-06,0.00011695018869099228,0.03969107765777838,0.001334402315374149,0.004339037727093827,0.00022152487579180148,0.006999008473628079,0.00015044363022360523,0.000621423137277355,0.0002525656520598919,0.0005823546432207166,0.4035705365525434,0.07075322127918966,7.278885140545705e-08,0.22559001644099802,0.006711251345005155,0.004627324596899258,3.32295890179137e-05,0.2279657402554112,3.2887280301762106e-05,1.920221936661447e-06,0.0004410665542698324,0.005692409916223748,5.139829545258563e-05
50,0.00014058030902759172,6.3597687501837545e-06,5.537422579410358e-05,0.036987627322685124,0.0009233618427475928,0.004529777084852,4.8238879839301914e-05,0.0024276670726825884,0.00017108664942080997,0.00019025433227035478,0.00022131718667699546,0.0003085884564433188,0.44647458250253613,0.04158054777859147,3.983541878044125e-08,0.20577760300263917,0.008878083957058074,0.003574333919275797,2.1936507448249014e-05,0.23968824081506757,2.36892672829672e-05,1.4097987832284755e-06,0.0002774851998703277,0.007667789254734536,2.402503010373781e-05
51,0.00015153777635176468,4.755743732543869e-06,9.28838697212544e-05,0.020197119396876656,0.0014066831103351526,0.003959729424346576,0.0001903036953265096,0.005638914098879769,0.00012632264063146712,0.0004489778248088991,0.00021922534718888637,0.00040069081230999904,0.443784150457371,0.03649400440109373,6.571675776047846e-08,0.2701603232195095,0.005561240064312029,0.0034349938865678355,3.084476310773892e-05,0.2017652321651122,2.8631365160335923e-05,1.368173091343277e-06,0.0003180589572005725,0.005548483681688198,3.5459408518378265e-05
52,0.0001761309811374921,1.6233244491745e-05,0.00013943703066080637,0.05550137297294846,0.0014861587288565725,0.002979819598583701,0.0003315029607265625,0.00784484216155209,0.00017299137313682916,0.0005099225479428671,0.00028373103424611225,0.0009881282178144963,0.41221010093585286,0.05928465992120392,6.681668301632367e-08,0.19925977431456443,0.00589717847652578,0.002056167341111847,4.193002254362576e-05,0.24294993325283576,4.2977577217343325e-05,1.9713924111357828e-06,0.0007011673134152881,0.007081576388936093,4.222539460116142e-05
53,0.00019768835322772147,9.810386833631231e-06,0.00012168308599921973,0.038784722547081374,0.0015558769354508519,0.00400169404357783,0.00028950464670505284,0.008039113316565087,0.00014946998239050505,0.000642346864613153,0.0002752402921191073,0.0006285632712271759,0.39022935848973234,0.07063628348634068,8.130080280325118e-08,0.2411404904898039,0.006086627202758582,0.004195272636715225,3.247145059399005e-05,0.22700986674947202,3.362132973933528e-05,1.8858467688609292e-06,0.00046831723075206415,0.005417037687891589,5.2972372837833774e-05
54,0.00013652996207416885,4.340111320338282e-06,7.742235402459139e-05,0.0314556535439352,0.0012463025589649018,0.0037730940079128733,0.00013004654690111997,0.006124263510807731,0.00010573669256299028,0.0003547732373499823,0.00027448209419230277,0.00033337287319574294,0.46217511668502415,0.042683914188756826,3.5688410139191243e-08,0.19924482380524852,0.009304665662901898,0.0043214804845801355,2.4638778194064588e-05,0.2308294273248688,3.207025683780827e-05,1.5226396008837587e-06,0.00040210666034962107,0.006938531508826415,2.564882315872858e-05
55,0.0002037102304240354,1.316392262150386e-05,0.0001217606226015444,0.04725777546167787,0.0016801457274100077,0.0054312759627330185,0.00026444172398442387,0.010733868318817383,0.00012693528771170922,0.0009591352502148373,0.00037005404956845435,0.0004914727920080575,0.28213377494265873,0.10954150489751235,8.289561555336444e-08,0.24716238889445827,0.007874632097475836,0.005010078637998427,4.06242208879583e-05,0.2740256183915644,3.5527047462088466e-05,2.3329677733953046e-06,0.0006979365675020075,0.005767670462851303,5.408862646675846e-05
56,0.00021672944419863754,9.770108943532941e-06,0.00011584588659487378,0.03766788035920153,0.0013944747046293403,0.0043248054986277295,0.00022664232792887737,0.007038109242426771,0.00015188172681128748,0.0006020355642863487,0.0002526141025174387,0.0005764782131004903,0.4117345265204714,0.06935132751777985,7.300187261381437e-08,0.226789066743079,0.006734988471321599,0.0045955180694376785,3.3892677192319094e-05,0.2220305429978826,3.214966681087972e-05,1.8767704860540655e-06,0.00042523278192060774,0.005642421836435026,5.1115766043456744e-05
57,0.00019633351713440556,8.867340444063431e-06,0.00010749439589292707,0.03448093216248171,0.0012838404400071976,0.003969097436240542,0.0002093317083815555,0.006637292854173218,0.00014713310560689094,0.0005555321738247723,0.0002231769543445268,0.0005715680142296224,0.42580117974807785,0.061614866039525026,7.162848063742453e-08,0.22814443284864375,0.006574198361875976,0.00417552969915174,3.270823961563326e-05,0.21954048917853872,3.161684944041809e-05,1.8525460055899965e-06,0.0003864306220158755,0.005258011068551528,4.801306731581995e-05
58,0.0002218625853023492,9.727521582763752e-06,0.00011843218639877752,0.037582930211206525,0.0013992127213060927,0.0044144736415278754,0.00022573867599381825,0.0069551765829541255,0.00015485783999219272,0.0005935966665791698,0.000258095123158332,0.0005739163292807076,0.41490193177774903,0.06698381650873159,7.148903758025015e-08,0.2278291263972414,0.006594281975443274,0.00455885788263623,3.489870424201529e-05,0.22006074514758747,3.197133893879479e-05,1.837165444253508e-06,0.00042988369213314224,0.006014922315695653,4.963551983703291e-05
59,0.00021749079644323139,9.856065231747442e-06,0.0001203262501793671,0.038658486830159926,0.0014014345002055456,0.004445559600783264,0.00022748920241681518,0.007108387716195495,0.00015330419903351623,0.0006105100857724386,0.000261961311060152,0.0005678693130749755,0.40437819780442535,0.06718373563470002,7.224818672659221e-08,0.23120296776491747,0.006580733883845451,0.00450015381688341,3.4737396279890734e-05,0.22575074910658252,3.229317085886634e-05,1.8496738922467858e-06,0.00044423944148584736,0.006058264766826331,4.9329420559567804e-05
60,0.0002160713006248189,1.0014405033017336e-05,0.00011682756172364673,0.03885782868542698,0.0014128202332791412,0.004429244832623844,0.00023027932768229827,0.0072831434022612536,0.00015125395830195787,0.0006282416494092531,0.00025877460786605613,0.000569091354960493,0.39836153990137907,0.07156820537301208,7.354926463919578e-08,0.23227265420944657,0.006753206761056924,0.004650570734199073,3.414805889918148e-05,0.22598582708113168,3.237294148965532e-05,1.8968080633867522e-06,0.00043902564979579763,0.005685712523903972,5.117508916532273e-05
61,0.00021904021264309534,9.9429299579281e-06,0.00012083382703492636,0.03866395734391798,0.0014049120296233738,0.004431544138533424,0.00023084664787554246,0.007187463393937092,0.00015324359097266881,0.0006191738017056104,0.0002618333340888425,0.0005731361246664883,0.4049120137035141,0.06792536166092594,7.338084587073741e-08,0.22993267242766108,0.006612488712377953,0.004554951249148769,3.488517579145153e-05,0.2256291901152495,3.2484274589334244e-05,1.875754114718897e-06,0.0004448637497739609,0.005993032536880074,5.017988417007383e-05
62,0.0002160713006248189,1.0014405033017336e-05,0.00011682756172364673,0.03885782868542698,0.0014128202332791412,0.004429244832623844,0.00023027932768229827,0.0072831434022612536,0.00015125395830195787,0.0006282416494092531,0.00025877460786605613,0.000569091354960493,0.39836153990137907,0.07156820537301208,7.354926463919578e-08,0.23227265420944657,0.006753206761056924,0.004650570734199073,3.414805889918148e-05,0.22598582708113168,3.237294148965532e-05,1.8968080633867522e-06,0.00043902564979579763,0.005685712523903972,5.117508916532273e-05
63,0.000220807860370724,1.0492856779636298e-05,0.00011806173231087646,0.03928517821782239,0.0014256681547998025,0.004448866354719028,0.0002307714301438485,0.007161677704008872,0.00015407636654118185,0.0006369899233414036,0.00025785927852341075,0.0005748451563995405,0.3984194712336896,0.07220254037636412,7.45466470700704e-08,0.22922485506912083,0.006806609818791092,0.004658468604203376,3.468036860826588e-05,0.22786087141598407,3.2817331980004075e-05,1.9202651567854827e-06,0.00044585964350846836,0.005734348283250965,5.218800693458004e-05
64,0.0002075116944922968,9.947309777289091e-06,0.00011477546717779086,0.03868375692019505,0.0013832114760314819,0.004369483939277921,0.00022626430409008382,0.007096450650285341,0.00015184374405690046,0.0006233461787394181,0.0002525881670248385,0.0005766837337735553,0.4015306100519379,0.07066445515713236,7.456226066199697e-08,0.23006127596580103,0.00677569519057623,0.004574411611050058,3.379394943519241e-05,0.22653094480858937,3.3983182095463826e-05,1.9456441801791053e-06,0.0004383345951719481,0.0056074158631047285,5.1195833742868283e-05
65,0.00021628089559509769,9.09806634536544e-06,0.0001110411830792817,0.03605500650040336,0.0013723276927672004,0.004363147935012568,0.00020359958034734212,0.006451374801802693,0.00016014550061977322,0.0005177629884299356,0.00025883036908979035,0.0005569992078996071,0.4288633350607703,0.06290334936068223,6.845486748682732e-08,0.22993256663621559,0.0067733860278219515,0.004451275720611907,3.414589722325391e-05,0.21018503732742422,3.0572130978845626e-05,1.8399965837684179e-06,0.0003999370282059075,0.006102773370847642,4.609826637507944e-05
66,0.00021013720576487123,1.1900950459331942e-05,0.00011158954162828571,0.05372704009147524,0.0012208225377623497,0.004381098295055023,0.0002606880143661651,0.010635513054352135,0.00016064799239636122,0.0006296124011819805,0.0003269550862714571,0.0007842552011903655,0.3405809513982938,0.12328310881428828,8.772728854800943e-08,0.2551788832986887,0.006925854898442192,0.005435733407026198,3.559750233356163e-05,0.19096045343745835,3.247906216244999e-05,2.7432144415659324e-06,0.00043767524804775866,0.0046100403251264155,5.6131294498440644e-05
67,0.0007472797155276096,2.990938576966133e-05,0.00032267401690913344,0.03372955080089804,0.0034361561208129834,0.004960683698879304,0.0011395171105057873,0.021943976850038314,0.0004008761886802114,0.0010351963629190723,0.000475888828523988,0.0013057075282926548,0.33842976884543385,0.07806663336568016,3.189225622694489e-07,0.3438029902657381,0.006680898739186799,0.006790813147382534,0.00011405606639251495,0.1501103878388377,4.839709940272059e-05,4.667769659216565e-06,0.00040952578511801725,0.005902675866931865,0.00011144967991743698
68,0.0002138656015105694,1.001495305824691e-05,0.00011278580432978526,0.03616018471337999,0.0015056872371233818,0.004567613143808384,0.00023724426445989987,0.0074255261287641434,0.0001563293368398805,0.0006150941028884809,0.00026737701630083656,0.0005517129648635246,0.39263167401887017,0.07154102925739537,8.313011297466542e-08,0.24542989020645575,0.006726079942631028,0.004600096149668994,3.5510115983660966e-05,0.22126399565504018,3.119158710063959e-05,1.9500045721061193e-06,0.00041297941272301565,0.005450205764148152,5.187948797082167e-05
69,0.00018095009256828649,9.204425286913359e-06,0.00011290999910071739,0.041796602580521515,0.001344810884117531,0.0041691082146155045,0.0002200956434287202,0.007137710474479456,0.00013748624313331495,0.000582001456881155,0.0002781039090052756,0.0005695398526759238,0.3945675275491228,0.06675497245404777,6.573067543203113e-08,0.22578254646838752,0.006284774373392785,0.003959241291745137,3.192699739936764e-05,0.23915170459378152,3.3992101811020825e-05,1.7495629379452556e-06,0.0005008810920093783,0.006347966813571973,4.412719530285029e-05
70,0.00022435419764554632,1.2512917542644907e-05,0.0001218272003740684,0.04187536970040564,0.0016030422345794878,0.005780834577550491,0.0002464224266546109,0.007338970267636917,0.0001758828677584714,0.0007497656843821747,0.0003479827462909651,0.0005750135765418038,0.37968646806827844,0.07492294895684422,7.844507908637644e-08,0.24020024359175585,0.00721745812476909,0.004833845428630623,4.9679182030913885e-05,0.22503359236643694,4.186889933120909e-05,2.3225801216039283e-06,0.0006058629466673002,0.008304904075363967,4.874893732815833e-05
71,0.0001618688579513598,8.805278611377887e-06,7.742909838458869e-05,0.031972034369533046,0.0013924207944318318,0.003049244312605321,0.0001755594749718328,0.005106612767117658,0.00011879333390352107,0.0005247549678698009,0.0001772055864080786,0.0004713219017995952,0.4008245518133068,0.06009522593861522,5.479754374608918e-08,0.19855960744280304,0.0062803255776496154,0.0033818670350115572,2.3800959506579637e-05,0.28246290855250905,2.707991462403541e-05,1.3627021583255663e-06,0.0004196250349891462,0.004642683669181565,4.485581851348333e-05
72,0.0002231207352824514,1.714106429512127e-05,0.00011424706637968068,0.055550980385425504,0.0015879852535943403,0.004859636846895591,0.0002320003061684983,0.007315453034444918,0.00014736581034502266,0.0009489214734720053,0.0002986363190787816,0.000565187997511107,0.3012098567749975,0.10409465616300319,6.797272084632945e-08,0.2052042057644313,0.00739369570156044,0.004604724608155871,3.77672925241586e-05,0.29800191922696495,3.464996207476431e-05,2.132489483012286e-06,0.0008211073184683875,0.0066756557078515594,5.888472487105566e-05
