,0,1,2,3,4,5,6,7,8,9,10,11,12,13,14,15,16,17,18,19,20,21,22,23,24
0,8.493461858967002e-06,1.3775946925458686e-07,2.3312058020239887e-06,0.0016267738995586628,0.0008134192404750063,5.894651286213939e-06,4.8878284227641194e-05,3.725899627064455e-05,3.791632109647579e-05,4.2999913197887377e-07,3.657986113522301e-05,0.0040575498256570685,0.9525150363465481,0.010537956820391894,1.9862515422328538e-08,0.0012116105632415527,0.01108385552157514,0.0005514984645340904,6.103216077686456e-08,0.017084144636671933,4.058189417439576e-05,2.2136214645077473e-06,7.835041599328719e-05,7.704283628134899e-05,0.00014196447847828793
1,1.0702498853201428e-05,1.6809562691979254e-07,3.120643306717204e-06,0.002121384200134513,0.0008026268760597993,6.266718216561575e-06,6.837178776804051e-05,4.295550414869522e-05,4.0951416872424006e-05,6.313210426608306e-07,3.907575306838037e-05,0.005364096946236726,0.9484954533334424,0.013379482556810754,2.1535304103401396e-08,0.0012745345705069558,0.010270299696550354,0.0007160749160414166,6.298454697852412e-08,0.01694672951110443,4.6632775896169644e-05,2.569935201526448e-06,9.529077224481117e-05,8.417119246197635e-05,0.00018832445855341062
2,1.070964958388435e-05,1.7118969421372691e-07,2.769259135692058e-06,0.002011798202102514,0.0009272670625509533,5.473935593885713e-06,6.975633887188833e-05,3.900414247714335e-05,3.666251697043963e-05,5.814841913258948e-07,3.839884874585403e-05,0.005315370006619971,0.9447421986305243,0.015243287515928069,2.1156839660990208e-08,0.0010460897048300147,0.011225850991991927,0.0007029119059863556,5.24192093048731e-08,0.018138359367322086,4.3881724186130424e-05,2.368591124941071e-06,0.00010330389811403018,7.18927420906202e-05,0.00022181871531494344
3,1.0577467841976011e-05,1.688362711723084e-07,2.9757219341379036e-06,0.0022695402709120346,0.0008542749818469287,6.037569660313902e-06,6.961213945526686e-05,4.12870144444396e-05,3.840107785093469e-05,5.914549111084575e-07,4.211357657910797e-05,0.005531665993078459,0.9447303680760598,0.01529576362825955,2.0857960540740382e-08,0.0010985856446949643,0.01179830123313773,0.0007482592683774903,5.619630198929899e-08,0.01701166327900866,4.8567855765295105e-05,2.6549733934146607e-06,0.000107119316667569,7.988712309002168e-05,0.0002115064424971956
4,2.0771199285916384e-05,5.888447265778471e-07,8.326578656755099e-06,0.008993359128174158,0.0032721941574350654,2.5380554243741943e-05,0.00025088966026762347,0.00024289682902052932,8.020133018125228e-05,3.2672033952859867e-06,0.00020760740226902626,0.007633033722012034,0.8240902949372723,0.06012801973230667,7.768242641133867e-08,0.004682754239640526,0.027978883211529908,0.002098033931269219,1.588184873200488e-07,0.05891529206520019,0.00011506763863046583,7.932224933573081e-06,0.0005497243756672885,0.00021857232800521063,0.00047667220496316377
5,1.0433382572681322e-05,1.6322117473240805e-07,2.9759676975371565e-06,0.0024563970680745867,0.0007826275207680802,5.893873113780977e-06,6.839329982685726e-05,3.989687196574493e-05,3.787064333572457e-05,6.090076024975617e-07,4.031390697252259e-05,0.005716557867010817,0.9443259143968068,0.015397640623810705,2.0021159819410513e-08,0.0010761197733498626,0.011801797909905858,0.0008085234875584301,5.218014790370424e-08,0.016971838248980093,5.049723721571218e-05,2.717531787542021e-06,0.00010606349506487637,7.983181601676161e-05,0.0002168506480800565
6,1.0577467841976011e-05,1.688362711723084e-07,2.9757219341379036e-06,0.0022695402709120346,0.0008542749818469287,6.037569660313902e-06,6.961213945526686e-05,4.12870144444396e-05,3.840107785093469e-05,5.914549111084575e-07,4.211357657910797e-05,0.005531665993078459,0.9447303680760598,0.01529576362825955,2.0857960540740382e-08,0.0010985856446949643,0.01179830123313773,0.0007482592683774903,5.619630198929899e-08,0.01701166327900866,4.8567855765295105e-05,2.6549733934146607e-06,0.000107119316667569,7.988712309002168e-05,0.0002115064424971956
7,7.930300044107527e-06,2.8331045776237807e-07,2.3398761750597102e-06,0.005188329175899312,0.0013134193883384473,9.744728227704515e-06,8.476506353708876e-05,5.592801428575045e-05,5.2058939151929654e-05,1.0202584926696376e-06,7.01820401908775e-05,0.007249555095149011,0.8870778712447629,0.03713955413390104,4.207088727955884e-08,0.002005821097560684,0.026552477928138536,0.0011840210832366517,5.8442290352069113e-08,0.031200083435281568,0.00010662496486375107,6.994805160022162e-06,0.0002244445572876924,8.580197536213427e-05,0.00038064807131800806
8,1.1592698318322672e-05,2.0457711297629648e-07,3.564818101480638e-06,0.0027194289483324393,0.0008959359911351924,6.546806721543196e-06,7.951358674982762e-05,4.5092847517010966e-05,3.9130086744041745e-05,7.04372317028826e-07,4.500465530603365e-05,0.0061455456184629845,0.9402094547667329,0.017719998256640015,2.0254320605641673e-08,0.0010905836018005543,0.01116117275611958,0.0007271344907767264,5.9160682385330515e-08,0.018594977162598152,4.970945073628434e-05,2.502108857570972e-06,0.00013391880450000352,8.852090728783058e-05,0.00022968327212841638
9,1.0603896225385224e-05,1.4357209995809164e-07,2.5609440394614675e-06,0.0017564725256560838,0.0008866911356085109,5.5257461742364606e-06,6.366635063341587e-05,3.975454108416331e-05,3.6804721144064794e-05,4.844688508312164e-07,4.100212460672839e-05,0.004887315279640061,0.9490188892642726,0.013507956586327141,2.065255718194963e-08,0.0010435923982466781,0.012318527575034845,0.0007399448369719605,5.6857010209182e-08,0.015237878280053314,4.363398721929077e-05,2.5935399564520385e-06,8.888952528975128e-05,7.216063247122582e-05,0.0001948305588267328
10,1.0577467841976011e-05,1.688362711723084e-07,2.9757219341379036e-06,0.0022695402709120346,0.0008542749818469287,6.037569660313902e-06,6.961213945526686e-05,4.12870144444396e-05,3.840107785093469e-05,5.914549111084575e-07,4.211357657910797e-05,0.005531665993078459,0.9447303680760598,0.01529576362825955,2.0857960540740382e-08,0.0010985856446949643,0.01179830123313773,0.0007482592683774903,5.619630198929899e-08,0.01701166327900866,4.8567855765295105e-05,2.6549733934146607e-06,0.000107119316667569,7.988712309002168e-05,0.0002115064424971956
11,1.0209309344988785e-05,1.5719116657327925e-07,2.8396845251677153e-06,0.0020985716210035993,0.0007969032251486774,5.612737322088005e-06,6.483474308117359e-05,3.776319743696736e-05,3.68314970996681e-05,5.425239557220082e-07,3.855665220856215e-05,0.005341509567980865,0.9483464533116696,0.013879520699594606,1.938013053049966e-08,0.0010274514971064508,0.011114613210601606,0.0007021996276493896,5.3411705912358964e-08,0.016073529886982792,4.584007178981326e-05,2.4604670403042376e-06,9.79711107963739e-05,7.680334218785554e-05,0.00019875203247073664
12,1.0752688406200918e-05,1.7096575353678974e-07,6.928332164331895e-06,0.0031101312764529186,0.0006810174528937517,7.67674758084981e-06,0.00011212122641017459,0.00010595864311787276,5.9745760075781094e-05,7.250106431373426e-07,7.895627539839244e-05,0.009027539953505487,0.9518048085179661,0.008289062744420515,3.4142241806649986e-08,0.0023570158069301833,0.006216929464185507,0.0005380813432690434,1.366867494047058e-07,0.01708918193141388,6.0726650292742006e-05,3.630846191349263e-06,0.00013015315318332202,0.00019712288785030295,0.00011139149290346623
13,1.5280207213467945e-05,2.369220044686108e-07,3.199405272331599e-06,0.002024552170850294,0.0009729731794241727,9.2423446648443e-06,5.74863862908525e-05,2.6983888402094263e-05,5.385875526723356e-05,1.22688126165659e-06,1.7113911599619074e-05,0.002832672951674373,0.945263166696833,0.009340553628036721,2.0571632114478166e-08,0.0017365391756483356,0.012360548525524526,0.0010064211221402057,6.206626946780275e-08,0.023838124671976973,5.1118440471357726e-05,1.9862835572015196e-06,7.223109953115986e-05,8.207899127277359e-05,0.00023232172318070628
14,1.09509259159245e-05,1.7914808794735136e-07,2.9905777825222435e-06,0.002290310673017849,0.0009098100466713053,6.2252732525672185e-06,7.293910622984399e-05,4.269065045485354e-05,3.9433705426784376e-05,6.214455916300125e-07,4.37160474668569e-05,0.005543093519811566,0.9433894566521003,0.01593863413267534,2.1506422795543058e-08,0.0011392703235771214,0.01185443597333921,0.0007660945533463519,5.865641172029518e-08,0.01749134001033407,4.888376880893785e-05,2.6714896948832307e-06,0.00010930769892215283,8.180934783969649e-05,0.0002150547668176849
15,1.0577467841976011e-05,1.688362711723084e-07,2.9757219341379036e-06,0.0022695402709120346,0.0008542749818469287,6.037569660313902e-06,6.961213945526686e-05,4.12870144444396e-05,3.840107785093469e-05,5.914549111084575e-07,4.211357657910797e-05,0.005531665993078459,0.9447303680760598,0.01529576362825955,2.0857960540740382e-08,0.0010985856446949643,0.01179830123313773,0.0007482592683774903,5.619630198929899e-08,0.01701166327900866,4.8567855765295105e-05,2.6549733934146607e-06,0.000107119316667569,7.988712309002168e-05,0.0002115064424971956
16,1.0179745536540347e-05,1.7432251806649218e-07,2.8153743279007513e-06,0.0023060357249462655,0.0008405898297617204,5.788657632591593e-06,7.134737925072813e-05,4.172201397432487e-05,3.8210808567160636e-05,6.339842694950469e-07,4.030863390945014e-05,0.005836538857634791,0.9431096379452814,0.01586812623073155,2.1718326571411944e-08,0.0011286450664621584,0.011848669991734765,0.0007654176798026936,5.6160403167473985e-08,0.017626549759048992,5.199813617553001e-05,2.8532543134198366e-06,0.00010750849828946557,7.69840344323598e-05,0.00021918619266891347
17,0.00014218630829793157,2.0590567637542675e-06,7.539888185251854e-05,0.009008845343140389,0.004599525959469031,0.00020944797718275892,0.00047294617871985605,0.00033086497204372236,0.00047273224011120806,1.2717104676621868e-05,0.00021659206113323852,0.0045613768732358775,0.8827565194487582,0.019251267362004512,2.0906285095201933e-07,0.01885542258385518,0.007818315623869273,0.0032116995627737275,1.147775320635326e-06,0.046100664570764185,0.00011567723771472316,3.765182496015298e-06,0.0002494962291598308,0.0011462966677918524,0.00038482573601373855
18,1.263044036972698e-05,2.3694286459726852e-07,5.405281892885319e-06,0.003293624642461917,0.0009897232469774373,9.893389499857946e-06,9.236316096759831e-05,8.246629345833996e-05,5.6321612541396124e-05,7.408538534946834e-07,7.786699620616524e-05,0.006347210501796505,0.9432599799312434,0.013814509721563306,2.7294362697278934e-08,0.001990428610952789,0.009023614181178785,0.0006019431365847363,1.1636084141499932e-07,0.01983420509201006,5.155008407548658e-05,2.7988315666471697e-06,0.00014732665823003537,0.00016569292598564786,0.00013932380851493936
19,1.337064688399067e-05,2.3493556498790232e-07,3.05908602316396e-06,0.002196497904399186,0.002075346020157178,1.7789882124684583e-05,5.958521604312976e-05,8.311633284977051e-05,4.200339976051193e-05,9.231798382015683e-07,0.00010581064423283515,0.0026550854976894528,0.904181500570497,0.026744947068538513,3.232136798910283e-08,0.0018890398836210948,0.023154959077171477,0.0009849362135070706,1.2615786750656785e-07,0.03516935749078379,4.730669907816471e-05,2.92708458119145e-06,0.0002258000482460103,0.00013927690429505081,0.0002069677348783191
20,1.1929623525671818e-05,1.7957455277868208e-07,2.5175647503108578e-06,0.001803255250086551,0.0010074490207325672,6.236714870555288e-06,5.629971008976353e-05,2.29015408379307e-05,3.7079504477262646e-05,4.984335823057099e-07,3.222081458056059e-05,0.003974726174304342,0.951448729809964,0.013800700827150084,1.2125871033063937e-08,0.0008552050312646174,0.010149365160487468,0.0006093391129785988,4.626969277348989e-08,0.01577117633282909,3.5087293816497836e-05,1.3738698942818095e-06,9.782259924549913e-05,8.257210347836785e-05,0.00019327553693708138
21,1.2638175085537006e-05,1.3570872379261115e-07,4.434585502904792e-06,0.0019998239122938693,0.0017981821352508003,8.582151020689959e-06,0.00011339794687664096,5.124732730173263e-05,2.9990145427441915e-05,5.37066319382124e-07,9.335651064448025e-05,0.004353976640063877,0.9289263051384511,0.014740167757097382,3.179153818520418e-08,0.0006224633380218633,0.030358057778110504,0.0008251808169663315,6.446040245654214e-08,0.015225596958788045,6.451136839328463e-05,3.96765902278161e-06,0.00028577344444580206,9.170095623136877e-05,0.00038987622801977433
22,1.2189217979408921e-05,1.6425731664202654e-07,3.169093406492884e-06,0.002328247723301586,0.0008609735403356639,6.7481428279185685e-06,6.641613669256576e-05,4.394092618478452e-05,4.070278692266461e-05,6.150347202736594e-07,4.541153090160333e-05,0.005207827111001272,0.9423107128028361,0.0159026540736689,2.2326101875913895e-08,0.0011228380255295276,0.013718383214478798,0.0009702784789019824,5.8295562244003875e-08,0.016891913787623006,5.1024681149893885e-05,3.007595270356636e-06,0.0001030166093194443,8.244416233168054e-05,0.00022724044563523916
23,1.0577467841976011e-05,1.688362711723084e-07,2.9757219341379036e-06,0.0022695402709120346,0.0008542749818469287,6.037569660313902e-06,6.961213945526686e-05,4.12870144444396e-05,3.840107785093469e-05,5.914549111084575e-07,4.211357657910797e-05,0.005531665993078459,0.9447303680760598,0.01529576362825955,2.0857960540740382e-08,0.0010985856446949643,0.01179830123313773,0.0007482592683774903,5.619630198929899e-08,0.01701166327900866,4.8567855765295105e-05,2.6549733934146607e-06,0.000107119316667569,7.988712309002168e-05,0.0002115064424971956
24,1.0837797944133247e-05,1.8341634585311204e-07,2.7947584300755796e-06,0.002417686155502635,0.0008180731150983263,5.872166565722396e-06,6.626444156274412e-05,4.042103033164354e-05,3.8348600378736045e-05,6.168312241961873e-07,3.903891793849938e-05,0.005590474314283111,0.9425767498770363,0.016766951882224972,1.8616262396296385e-08,0.0010905695214750764,0.011608883210273166,0.0007743093019476375,5.495739694350954e-08,0.01771405830830137,4.714218367873577e-05,2.5283384096781484e-06,0.00010326392168802377,7.830345899938283e-05,0.00020655487670050976
25,7.927940767876643e-06,9.766511611638428e-08,1.9002308762068387e-06,0.0009120257587634024,0.0005795170266318767,3.7292752227684403e-06,4.097437712660199e-05,1.0940934350685525e-05,3.13944781841474e-05,3.9132489012175367e-07,1.1821671632380122e-05,0.003366158671245239,0.9684805404710829,0.005569033565175427,1.6225527965334436e-08,0.0006091024940082107,0.00893424016043125,0.0005167953515338286,2.9128342810982078e-08,0.010558904694654142,3.836829335472848e-05,1.586502516408554e-06,4.869878708108481e-05,4.007260531181608e-05,0.00023573236617178674
26,1.2138461160638368e-05,4.607932648727967e-07,4.3808316660352645e-06,0.006062268129092905,0.0016381303965269124,8.420833785945276e-06,0.00026941390432657866,0.00014627354247521214,5.896448648907985e-05,1.753734460745498e-06,8.569445866767786e-05,0.015837748591555467,0.8536736729203116,0.07397209722618212,8.320375875482051e-08,0.002449451141763757,0.017006556362362455,0.0013602839904771928,7.483581039263385e-08,0.026351825404642728,0.00010806845570845851,8.304743394864406e-06,0.00020943591542020592,5.294193087695559e-05,0.0006815557058183024
27,1.0508791408386787e-05,1.7204077409462478e-07,3.0549585072654575e-06,0.002407190185288541,0.0008325551652502062,6.349566122877335e-06,7.090993525237531e-05,4.623984871233933e-05,4.020841453120015e-05,6.220504532054084e-07,4.595744220205052e-05,0.005842522522381299,0.9423992486842727,0.0159121839638641,2.3468165149594692e-08,0.0011894019106754037,0.01248648349047565,0.0007963235824874605,6.205598920546432e-08,0.017445576019090234,5.2518982227269186e-05,3.1541743972235294e-06,0.00011163823537202031,8.41553407906338e-05,0.00021293917130913904
28,1.0577467841976011e-05,1.688362711723084e-07,2.9757219341379036e-06,0.0022695402709120346,0.0008542749818469287,6.037569660313902e-06,6.961213945526686e-05,4.12870144444396e-05,3.840107785093469e-05,5.914549111084575e-07,4.211357657910797e-05,0.005531665993078459,0.9447303680760598,0.01529576362825955,2.0857960540740382e-08,0.0010985856446949643,0.01179830123313773,0.0007482592683774903,5.619630198929899e-08,0.01701166327900866,4.8567855765295105e-05,2.6549733934146607e-06,0.000107119316667569,7.988712309002168e-05,0.0002115064424971956
29,1.0577467841976011e-05,1.688362711723084e-07,2.9757219341379036e-06,0.0022695402709120346,0.0008542749818469287,6.037569660313902e-06,6.961213945526686e-05,4.12870144444396e-05,3.840107785093469e-05,5.914549111084575e-07,4.211357657910797e-05,0.005531665993078459,0.9447303680760598,0.01529576362825955,2.0857960540740382e-08,0.0010985856446949643,0.01179830123313773,0.0007482592683774903,5.619630198929899e-08,0.01701166327900866,4.8567855765295105e-05,2.6549733934146607e-06,0.000107119316667569,7.988712309002168e-05,0.0002115064424971956
30,1.0577467841976011e-05,1.688362711723084e-07,2.9757219341379036e-06,0.0022695402709120346,0.0008542749818469287,6.037569660313902e-06,6.961213945526686e-05,4.12870144444396e-05,3.840107785093469e-05,5.914549111084575e-07,4.211357657910797e-05,0.005531665993078459,0.9447303680760598,0.01529576362825955,2.0857960540740382e-08,0.0010985856446949643,0.01179830123313773,0.0007482592683774903,5.619630198929899e-08,0.01701166327900866,4.8567855765295105e-05,2.6549733934146607e-06,0.000107119316667569,7.988712309002168e-05,0.0002115064424971956
31,6.983337694377967e-06,1.6441165944013156e-07,2.1750348035748504e-06,0.002480705504887899,0.0009530580401165242,6.642786902343227e-06,6.046239596018569e-05,2.5912269727831865e-05,4.126805684203836e-05,5.311206501911648e-07,4.441292225578315e-05,0.0054502454935391395,0.9397008040032653,0.015778167971162743,2.3280086606919404e-08,0.0012197105489369716,0.013465276261420495,0.0006380217328810471,4.4216168607476715e-08,0.019618432404062275,5.796778531113878e-05,2.9492143334835002e-06,0.00012729993721191264,8.443298459089629e-05,0.0002343082855291754
32,1.0729587257295547e-05,1.7058057667957896e-07,3.0172068549235405e-06,0.002209734345990189,0.0008483378825120246,6.069970784564598e-06,6.999758536193907e-05,4.204339859670078e-05,3.896443763522329e-05,5.926367913020063e-07,4.2223038352007726e-05,0.005536299922386153,0.9458391407055236,0.014785333017802233,2.120023771115848e-08,0.0011054142442275168,0.011552663256810274,0.000735752375242245,5.942812908467406e-08,0.0167294782072691,4.849323667768924e-05,2.6721665208030314e-06,0.00010540767299205053,8.14543084924723e-05,0.00020592958697619734
33,1.5308691369392593e-05,2.490125203110603e-07,4.333823222316008e-06,0.0027012223607526006,0.00126108882436376,6.39673935616637e-06,0.0001141633435958485,4.0578470782374093e-05,5.2554759389377016e-05,7.672606534486811e-07,4.466663398541011e-05,0.00726915068641695,0.9375200608887937,0.017575006244795677,3.548249896136118e-08,0.00111686825991373,0.01139443838991985,0.0009061712393195076,5.168494375701292e-08,0.01931716470466195,5.568268276666616e-05,2.7944177414367685e-06,0.00012776220296154114,7.499973786865403e-05,0.00039848345740666857
34,1.1396777894823565e-05,1.6839409936713297e-07,2.9693369708327475e-06,0.0020010325210325247,0.0008203197910941164,5.864732080042115e-06,6.44782579208639e-05,3.9027136235980556e-05,4.0066259588306104e-05,5.21311776564939e-07,4.031268378517468e-05,0.005316312456333678,0.949706646492408,0.013651289253984712,1.978031737697385e-08,0.0010193858928635902,0.010857011295713958,0.0007073230695788206,6.077247853219196e-08,0.015303576349510005,4.420135595069076e-05,2.445762752147926e-06,9.347497625437571e-05,8.121995912956286e-05,0.00019087538024594128
35,1.3706185320746193e-05,1.696077072721953e-07,3.405292345541235e-06,0.0022499999287553412,0.000818833558936692,5.871185094008551e-06,7.625962508465155e-05,4.8875834492160325e-05,4.097371559452876e-05,6.426192169608951e-07,4.084298061731832e-05,0.0057635373848131085,0.946191264724565,0.014730575246719621,2.054857295741552e-08,0.0010781846051901214,0.012033771027387086,0.0009633377301487625,6.218911194205372e-08,0.015494206151246557,4.9423446149299556e-05,2.878767547032651e-06,9.472915906324709e-05,8.094303929606597e-05,0.00021748544702389198
36,1.1214196790946433e-05,1.907296944967358e-07,3.178107082581821e-06,0.0024894618265405115,0.000963493998892784,6.840093400378985e-06,7.454184401795701e-05,4.1796865706667666e-05,4.1005893855404134e-05,6.650372598033889e-07,4.619749127285815e-05,0.005472083683740356,0.9407091092994115,0.01664614387012989,2.2012817411986163e-08,0.0011342327595758271,0.012547354744945309,0.000802489700451178,5.890901061400308e-08,0.018513076419893224,5.235839546415798e-05,2.7237862263562505e-06,0.00012373183546254745,8.824524096877927e-05,0.00022978325738871923
37,9.104394108571263e-06,1.8757675198310404e-07,2.889913311922171e-06,0.002411810001408547,0.001022485956337986,7.312490702881203e-06,7.518927345279176e-05,5.054772155117619e-05,4.188189835471957e-05,5.957299810617767e-07,5.3232733476992055e-05,0.005922574219534575,0.9359824001033998,0.019308385739239438,3.032945286858453e-08,0.001388833520860726,0.013916383168384505,0.0006856558228475722,6.405587550954756e-08,0.018631180482894395,5.578334138670179e-05,3.3499445691131713e-06,0.00012097832810178753,7.351809378725755e-05,0.00023562516022716134
38,9.694550232665756e-06,1.6914596638550357e-07,2.7847465766612432e-06,0.002642858998568043,0.0008168603235978506,5.618505908447523e-06,6.732012131893683e-05,4.463550722209809e-05,3.590675086392723e-05,5.947840970360674e-07,4.5077714207135926e-05,0.00599001663116697,0.9378091116283566,0.017594753052880437,1.9902250904394715e-08,0.0010472237786414908,0.013883023506999105,0.0007991782328183826,5.232766165736259e-08,0.018729776216596772,5.3663044506407495e-05,3.0914685485069588e-06,0.0001226425355592862,7.819257416408902e-05,0.00021773395129010998
39,8.889287762078285e-06,1.1815482436857502e-07,2.981356360467507e-06,0.0019729207907711946,0.0006823466463280915,6.412718181272759e-06,5.803552462546847e-05,4.331631982099742e-05,3.4699238285021564e-05,5.188514121018826e-07,3.816516814541378e-05,0.004650341605766957,0.9533703225881932,0.010870789065688549,2.0105868881585045e-08,0.0011746258940627213,0.01133967891367689,0.0006775809099611987,5.791014228337729e-08,0.014684373521451757,4.802302781897117e-05,2.5406913557177827e-06,8.84669163201843e-05,7.867788360400402e-05,0.00016609690957221414
40,1.1036051947313434e-05,1.6597002650447542e-07,2.9160641282815603e-06,0.0018189249612892231,0.0008330156645710654,5.309084802343479e-06,7.004877164498771e-05,3.349957468114386e-05,3.9488169501445606e-05,4.880125931735588e-07,3.7020288852555123e-05,0.00583947589557515,0.9514019777326322,0.014302605542062417,2.143461806790159e-08,0.0008978620008711371,0.01009992159103966,0.0006649127767229061,5.234314462907365e-08,0.013511244580764244,4.342695128724979e-05,2.4221764075985346e-06,8.999028618366881e-05,6.754063505382777e-05,0.0002266334395989378
41,1.0635487186959819e-05,1.576921825202796e-07,2.866153427371409e-06,0.0019416136103681298,0.0008775819914292226,5.520914493177552e-06,6.65828711386869e-05,3.641851593222701e-05,3.8216949921287004e-05,5.113903567901176e-07,3.706057604149598e-05,0.005064057003818506,0.9504018737694397,0.013035693016214286,1.9681002536128204e-08,0.0010532924930585464,0.01044579828100738,0.0006627866027759108,5.1106052057551916e-08,0.015913406717648765,4.201811230647949e-05,2.170362235915408e-06,9.030475682021278e-05,7.345081597145716e-05,0.00019791112917022708
42,8.627261048690457e-06,1.402032250798664e-07,2.9491499515286154e-06,0.0022973499227193213,0.0006370441727068715,6.25777529471989e-06,6.0173018601092923e-05,5.028858376290483e-05,3.804286570910416e-05,6.006158182542424e-07,4.134181964015562e-05,0.00557241541072968,0.948878139824781,0.011962050094117377,2.2610879568550995e-08,0.0013892287230182802,0.011196857020089261,0.0006905232046238199,6.926543873020424e-08,0.016764634828066147,5.30776451017223e-05,3.2378058087222074e-06,9.802220253355535e-05,8.877267501794995e-05,0.00016013330131627704
43,9.784684724886328e-06,1.7654375235581945e-07,2.903012600758047e-06,0.002464831955944735,0.000835756459348695,7.852998233180063e-06,6.705482285383086e-05,4.838679266726821e-05,3.8824672882937574e-05,8.97140005353535e-07,4.147507383342733e-05,0.004871520459107679,0.9374453235525301,0.016370631039107707,2.395303568994432e-08,0.001428202871588916,0.014203545374914636,0.0009343590134760074,6.823758051704505e-08,0.02073651303081582,6.413142026935067e-05,3.5074813794485355e-06,0.0001210076203923454,8.876932908258656e-05,0.0002144524598720892
44,1.0577467841976011e-05,1.688362711723084e-07,2.9757219341379036e-06,0.0022695402709120346,0.0008542749818469287,6.037569660313902e-06,6.961213945526686e-05,4.12870144444396e-05,3.840107785093469e-05,5.914549111084575e-07,4.211357657910797e-05,0.005531665993078459,0.9447303680760598,0.01529576362825955,2.0857960540740382e-08,0.0010985856446949643,0.01179830123313773,0.0007482592683774903,5.619630198929899e-08,0.01701166327900866,4.8567855765295105e-05,2.6549733934146607e-06,0.000107119316667569,7.988712309002168e-05,0.0002115064424971956
45,1.0648226353952506e-05,3.0206106995169753e-07,1.0853665696043264e-06,0.0017050437012963266,0.0010469358933657994,3.3390279027608566e-06,4.267110990961889e-05,9.276122057886024e-06,2.8747126560202952e-05,5.628395654068868e-07,1.8144423569851934e-05,0.00467378631831547,0.9275108799958822,0.024331856848742294,7.190086915389314e-09,0.0003135215358720922,0.019260801208326614,0.0007357863990727947,3.131607904847296e-08,0.019691783851446706,5.546351088680532e-05,1.9056684599290002e-06,0.00015319222553219838,5.2418315316027234e-05,0.00035180971775955943
46,8.30693556107311e-06,1.2393618170969574e-07,2.4521140784332538e-06,0.0020672706922934513,0.0006516913319481116,5.389790394436193e-06,5.0046085543572736e-05,3.4318718028685716e-05,3.1869129185034654e-05,4.5190852518065685e-07,3.6226826562831053e-05,0.004774244800196588,0.949951146991681,0.012377655328600967,1.719035998763731e-08,0.0009531271123133684,0.012787257561132003,0.0006642080005050859,4.7683924196223687e-08,0.015215009896553068,4.613932198136256e-05,2.5996595848048937e-06,9.27405303482359e-05,7.199379795885305e-05,0.00017566465655791032
47,1.1644499168476705e-05,1.9867698036909607e-07,3.4450204835603812e-06,0.002709412998593975,0.0009818377428270292,7.2254828605720325e-06,8.086580775183359e-05,4.986374205911109e-05,4.177189581473102e-05,7.049080788466744e-07,5.2203163629641474e-05,0.005865206276820227,0.9371287574765119,0.01870661699361251,2.3469781938709795e-08,0.00119588549254876,0.013004796832812377,0.0008528067273190126,6.332390915905301e-08,0.01879235692632638,5.445792825681005e-05,2.9670106509894e-06,0.00013133845131407907,9.015730742790732e-05,0.00023539184445976074
48,1.0538250656860605e-05,1.7187946892347566e-07,2.793104206135535e-06,0.0021469264663925955,0.0008216894049293573,6.3472978713360084e-06,6.296634544322994e-05,4.094672511251263e-05,3.72929732051684e-05,5.819216495827243e-07,4.2323703948086286e-05,0.005037304907636138,0.9463134804970784,0.014803517785288158,1.854031419977122e-08,0.0010812005529099306,0.011914507938192142,0.0007080396311167493,6.406745081860372e-08,0.016547213149389475,4.5695009174002475e-05,2.563172677855228e-06,0.00010506588391991344,8.624421019429651e-05,0.0001825065817742059
49,9.693530609937804e-06,1.5371509907024117e-07,2.885415035051228e-06,0.0022334175973275964,0.00074995997455672,5.6653487876421025e-06,6.35965521068784e-05,3.721153152030758e-05,3.58628765391718e-05,5.609615236103899e-07,3.8587785657252975e-05,0.005501999327018788,0.9471707068064525,0.014201299011284774,1.949102335809325e-08,0.0010189624640229023,0.011320434498610239,0.0007096287328389966,5.133869874996259e-08,0.016462219364752895,4.791896677260562e-05,2.5867103754933914e-06,0.0001041414999291611,7.758053572865306e-05,0.00020485596372754144
50,5.411830075747317e-06,9.710013940780092e-08,1.7806028440859155e-06,0.0024902956049898963,0.0003957817091353202,1.0193994809831909e-05,1.126322835665173e-05,1.6532723026872267e-05,5.673252846680911e-05,1.974237902611115e-07,3.4957048745893624e-05,0.002168359944878891,0.9519608791794391,0.006110976315246701,1.0165201209165423e-08,0.0011871073746256159,0.017812234777983115,0.0006202304176375372,5.516360500610845e-08,0.016806020400022142,5.064732323977659e-05,2.147517652304238e-06,5.982316790271524e-05,0.00013226935229801407,6.599510588734428e-05
51,1.329123273260003e-05,2.501055638352497e-07,3.428022148439404e-06,0.0031245265475214213,0.0008807630466118019,6.565238532668294e-06,8.056764085202655e-05,5.2996086622870456e-05,4.690069999875798e-05,7.366064841735399e-07,4.832382277817108e-05,0.006951959766785112,0.9325918690314624,0.021393274932367742,2.3685130576192215e-08,0.0011584148063613956,0.013379092691465913,0.0009573863436584289,6.829914312882238e-08,0.018796757411259198,5.744064645387295e-05,3.470980510548412e-06,0.00011997564444770335,8.599538325327436e-05,0.00024592132785406336
52,7.95226064857202e-06,3.033367238268705e-07,3.719821953357969e-06,0.0031442417730951763,0.0008732242441549334,3.246147813657785e-06,0.00012382059686060376,3.960337387471083e-05,4.329544099047923e-05,4.43366360309091e-07,3.631198989281297e-05,0.01221833689655195,0.9481126993147687,0.011217505176862442,1.8058577504075415e-08,0.0008903178014264637,0.00748331927976076,0.0002110664957593524,6.382771436948577e-08,0.015091872778226411,6.248161967351067e-05,2.3885580042000192e-06,0.00017123030528822008,8.822754928000276e-05,0.00017430998573761104
53,1.0196761939666543e-05,1.7411236119666697e-07,3.2495723522067623e-06,0.0024269411720121677,0.0009786441033243787,5.236743300064769e-06,9.883370476845327e-05,4.397545669490324e-05,3.812056359411831e-05,6.509428699842267e-07,4.496575297876615e-05,0.006881199213751875,0.9440399349728632,0.015856583543246684,2.2978751134441166e-08,0.0011185746136577737,0.009920330120614372,0.0006915920574205132,5.0273614731665816e-08,0.01734071673796198,4.9838269191427646e-05,2.5788857015900145e-06,0.0001250859576399517,7.936509938625305e-05,0.0002431383900027604
54,7.236018840918213e-06,6.715124120507359e-08,2.5080840951666022e-06,0.0019821064004625468,0.0006035300990876139,7.177908300067638e-06,3.241719598862631e-05,3.8967038253631845e-05,2.610514431202889e-05,3.864096995383717e-07,4.735297647370667e-05,0.002341830985929539,0.9540322891021977,0.007353969087275123,7.846766040740982e-09,0.0009816133476924505,0.015304801461281976,0.0007642072046794615,5.149685882218364e-08,0.01610729883075211,4.546158272615215e-05,1.9338799515135718e-06,0.00010346656122705265,0.00013920181797719204,7.601236793001216e-05
55,1.3818122567750627e-05,3.4751329605783764e-07,4.80671350043165e-06,0.004441689436765395,0.0018407110137740948,1.4178903926645114e-05,0.00012538096264875476,0.00011193117440977485,4.6140725413525075e-05,1.464228430759148e-06,0.00011945088717319967,0.006173962700430209,0.8820534801866103,0.043010564626284095,4.476407060005769e-08,0.0019865838676363257,0.024399425633603637,0.0012030843706806822,1.0604874917660804e-07,0.03356409377990863,8.284148830893349e-05,5.596988042326468e-06,0.00032136693739986066,0.00012150639879339921,0.0003574225275754322
56,1.017500932465228e-05,1.56969046496177e-07,2.832258080010172e-06,0.0020878310122282823,0.0007958357684864845,5.607289686742322e-06,6.491815121235678e-05,3.7786915163913896e-05,3.6831054736379986e-05,5.393969039498674e-07,3.8755485843414766e-05,0.005378759815749105,0.9483209834473428,0.01395324464660528,1.9545000708889322e-08,0.001023057493809824,0.011150026013742424,0.000698666213823784,5.366802549146503e-08,0.015971286306151314,4.584051018612676e-05,2.48299896947808e-06,9.814125118651201e-05,7.63062545833841e-05,0.00019986252411114755
57,8.283253960043194e-06,1.2273830402806812e-07,2.3114862959210274e-06,0.001645151255520165,0.0006211770486639153,4.27096114987436e-06,5.152736411532537e-05,3.0208750091988057e-05,3.226628586902711e-05,4.2631115760411276e-07,2.7777601165128517e-05,0.005035509613515149,0.95656728238077,0.010242932354951748,1.645593521112322e-08,0.0009227072670787085,0.00956719535312505,0.0005501784213167536,4.577538166214165e-08,0.014346005890095801,3.933732296868835e-05,2.1423513063335817e-06,7.465670211743345e-05,6.31478574790961e-05,0.00016531919766521366
58,1.013062288120025e-05,1.5143240252471873e-07,2.8721453780935155e-06,0.00203904681895611,0.0007847059245570687,5.666315465388528e-06,6.375159335064349e-05,3.704343860528068e-05,3.694473619997145e-05,5.200684998816296e-07,3.9555389886899455e-05,0.005295220672612598,0.9502969352469376,0.013071920632140025,1.866401449657314e-08,0.0010177776740223476,0.010650377538176962,0.0006738147482986701,5.504301572104115e-08,0.015558424951297683,4.5274311471301374e-05,2.385168267620824e-06,9.86065076992963e-05,8.206137997398983e-05,0.00018673897588868
59,1.0286081757718628e-05,1.5935151145902363e-07,3.0369635634314057e-06,0.0021888053705019376,0.000813248153631186,5.917928918126571e-06,6.674740055996537e-05,3.946548110105638e-05,3.8000545393089484e-05,5.574904969706195e-07,4.177142469967999e-05,0.00540766647912138,0.9481353779281247,0.013487954416588356,1.9702439831617495e-08,0.0010765175495155794,0.010967693063412536,0.0006914829512242681,5.680005897134701e-08,0.016592091801487817,4.726798812543657e-05,2.5005149983056137e-06,0.0001056182111725431,8.60662016336382e-05,0.00019169019996182588
60,1.0577467841976011e-05,1.688362711723084e-07,2.9757219341379036e-06,0.0022695402709120346,0.0008542749818469287,6.037569660313902e-06,6.961213945526686e-05,4.12870144444396e-05,3.840107785093469e-05,5.914549111084575e-07,4.211357657910797e-05,0.005531665993078459,0.9447303680760598,0.01529576362825955,2.0857960540740382e-08,0.0010985856446949643,0.01179830123313773,0.0007482592683774903,5.619630198929899e-08,0.01701166327900866,4.8567855765295105e-05,2.6549733934146607e-06,0.000107119316667569,7.988712309002168e-05,0.0002115064424971956
61,1.042505554637961e-05,1.6177245160414842e-07,3.057666756888575e-06,0.002178025344500123,0.0008190937314378726,5.920423190467206e-06,6.776233858828244e-05,3.9904997050262546e-05,3.785449975137462e-05,5.65412258729946e-07,4.171722880108263e-05,0.005424550342199948,0.948015870636729,0.01364347921618861,1.9985131051924617e-08,0.0010663736105637142,0.010964747247594022,0.0006950626792524816,5.7262443069669736e-08,0.016550220335470864,4.70270807813231e-05,2.5062361076706845e-06,0.00010570410839359413,8.509087113054654e-05,0.0001948019176809172
62,1.0577467841976011e-05,1.688362711723084e-07,2.9757219341379036e-06,0.0022695402709120346,0.0008542749818469287,6.037569660313902e-06,6.961213945526686e-05,4.12870144444396e-05,3.840107785093469e-05,5.914549111084575e-07,4.211357657910797e-05,0.005531665993078459,0.9447303680760598,0.01529576362825955,2.0857960540740382e-08,0.0010985856446949643,0.01179830123313773,0.0007482592683774903,5.619630198929899e-08,0.01701166327900866,4.8567855765295105e-05,2.6549733934146607e-06,0.000107119316667569,7.988712309002168e-05,0.0002115064424971956
63,1.0945799961576174e-05,1.7962788286778636e-07,3.025588274783093e-06,0.0022622720028187097,0.0008748523001745739,6.024010493378026e-06,7.065989475532799e-05,4.0612452395616936e-05,3.9605166452505124e-05,5.977319787549262e-07,4.1653511959901944e-05,0.005603836406313939,0.9446653180311244,0.015298402529468676,2.147045469423923e-08,0.001088058735525941,0.011709774838772913,0.0007415440739802868,5.7432022191903945e-08,0.017088055047715295,4.897672456709681e-05,2.661509060645831e-06,0.00010688567722480314,7.989289671205186e-05,0.00021608653990914245
64,9.98038528356429e-06,1.6441925903159104e-07,2.8994708487186465e-06,0.002231614913929181,0.0008023412953434552,5.86382309863775e-06,6.7335347223187e-05,3.8914885342158825e-05,3.791707085156905e-05,5.858204931950546e-07,3.949161768982144e-05,0.005613866207275356,0.9458670670173384,0.014715654057033721,2.0860441379428516e-08,0.0010615755231382549,0.011688363311645255,0.0007323308667483826,5.4816130529588717e-08,0.01663515348313463,5.182445103171865e-05,2.7346697121318425e-06,0.00010514206665610244,7.779211561169198e-05,0.00021131150474011445
65,1.106501382354478e-05,1.9860057938783894e-07,3.3057812438591735e-06,0.0026898409867084122,0.0009361299065193769,6.6223364166361066e-06,8.321813529613436e-05,4.999160186333201e-05,3.8470615787183935e-05,7.734349362332121e-07,4.5401950073185544e-05,0.006042162063236825,0.9357515643413469,0.01911809108107528,2.4047254966253644e-08,0.0011877276167638277,0.012807269874419014,0.0008440148640109576,5.914520311102065e-08,0.01986411341661011,5.6197383297492376e-05,2.982842087032004e-06,0.00012869781594042936,7.968544355258334e-05,0.0002523917019542088
66,1.0458442855382557e-05,1.6370510720949535e-07,2.9478955328437453e-06,0.002158507781808678,0.0008570026872118968,5.9930149926831865e-06,6.724883426509531e-05,3.911154833164579e-05,3.778444780037828e-05,5.832913293231751e-07,4.053267425812785e-05,0.0052305159114081085,0.9464168396687601,0.014133918888719796,2.0216849478250766e-08,0.001081400006070726,0.01159084275646602,0.00072395777826311,5.543323568471981e-08,0.017160417997133543,4.771597360382668e-05,2.515142875917937e-06,0.00010552860617822086,8.112773490744435e-05,0.00020480956203467387
67,0.00010494952475881258,1.6949354426457054e-06,1.7253435374194303e-05,0.0035776323754790795,0.0044159490229906655,1.0203351297608401e-05,0.0008064070260189102,0.00024104430271724146,0.0002585254921048465,2.1660409533870253e-06,0.00016115813491418644,0.02512662410863683,0.8938845097607195,0.03392147845831283,1.6832530928670676e-07,0.0024656915974845535,0.014422742967599454,0.0023047400338755742,4.2895011544004387e-07,0.017006401507586102,0.00011511246698781667,1.2843542465247108e-05,0.00017131861026719003,0.00016191161315521767,0.0008090444154333951
68,1.067319806737971e-05,1.787614092118821e-07,2.9425278723006815e-06,0.00212711568133385,0.0009800812791665539,6.467305494027075e-06,7.668830796351355e-05,4.249113122897368e-05,4.029915176422437e-05,6.17407296683355e-07,4.422247481819453e-05,0.005402177552626636,0.9441844002815389,0.01564804349232689,2.458959277210598e-08,0.0012090149757557895,0.011686786698117723,0.0007238730529774678,6.022568256058392e-08,0.017356320698749775,4.674214663753676e-05,2.656417415966245e-06,0.00010535589097229266,7.756295400852265e-05,0.0002252037971824608
69,8.520813672199513e-06,1.584018118354861e-07,3.0530618374654857e-06,0.0026175615301214723,0.0008182496324632233,6.1821970550666495e-06,6.581559523081244e-05,4.402977725277133e-05,3.5509447491030866e-05,5.627653893274704e-07,4.932104082336469e-05,0.005489510830432492,0.9456680015313156,0.013707915971240695,1.835873956155051e-08,0.0012115806284477076,0.009907257015188952,0.0005834188076874194,5.6922603988430733e-08,0.01933652145665775,5.1101750793777366e-05,2.2953390953113743e-06,0.0001301609972930827,0.00010617015150504508,0.00015702597584993906
70,9.634011318047087e-06,1.1389725682666291e-07,2.4714119234896294e-06,0.0019078920037572755,0.0006161816790693581,3.478669195732566e-06,5.2282314388465346e-05,3.840055908957361e-05,2.7005118676503706e-05,4.405829798833508e-07,2.3310399261385565e-05,0.0047306335595560245,0.9496365040347249,0.013413161452296178,1.5006888349220895e-08,0.0009476843312626501,0.010008013134973208,0.0006895683973855436,2.9106658287115215e-08,0.0175706687305261,2.7956059412154007e-05,1.6962954485522405e-06,5.782583379668788e-05,4.134230431320775e-05,0.00019369110584166026
71,7.069472891145845e-06,1.5197725384093892e-07,1.5730010958637393e-06,0.0016023235156100435,0.0008209332101440159,3.5428705992677617e-06,4.458539316802009e-05,2.4286977788870746e-05,2.695811579137687e-05,4.681477743135582e-07,2.1824193719667738e-05,0.00407696671847006,0.9474335769059795,0.011788223674481,1.2729959717053075e-08,0.0009402350958750658,0.008751395580999305,0.0004138454641697025,3.5216805546704476e-08,0.02370687778346667,3.148367259063334e-05,1.344901537631627e-06,8.736801829356163e-05,5.8010487056551823e-05,0.00015690687447852378
