,0,1,2,3,4,5,6,7,8,9,10,11,12,13,14,15,16,17,18,19,20,21,22,23,24
0,2.6193408447912573e-07,1.4234471573081756e-06,4.481893088451516e-06,0.00029544159227755775,1.1952462527628108e-05,2.4504175576032247e-05,0.000214191364709407,0.00017753441677204062,8.071887554381113e-08,2.5327635404580697e-07,0.00022932031056690976,0.00584290931748315,0.9914741100327135,0.0005354721135278839,4.4295478117275445e-08,0.00031945772919036514,0.00047552532302847075,0.0001908922625378631,8.456680666100873e-05,3.785582706063638e-05,4.2261789763516914e-05,1.0891589854031017e-05,2.6522817834875093e-05,9.559509978853228e-10,4.3546926142569504e-08
1,3.128064587882993e-07,1.5686795860886172e-06,4.5143609810143345e-06,0.0002688342859259233,1.370920071705085e-05,2.913502842891e-05,0.00025790752197888235,0.0002156049569930652,9.778690664026132e-08,2.716503555751741e-07,0.00023350346614868799,0.006550527743432511,0.9905698705852507,0.0005107898227909572,5.737826251188914e-08,0.0004065229011432273,0.00047047528386129627,0.00020457199024973076,0.00011670314388199318,5.1314572132219067e-05,4.73898112370963e-05,1.1954164200576045e-05,3.430720725640988e-05,1.0656405178431889e-09,5.458617949238731e-08
2,2.810788348718088e-07,1.484942827338369e-06,3.942743999713234e-06,0.0002461299473749269,1.1894659624254665e-05,2.5563733192451324e-05,0.0002270376581964738,0.00018574847805116884,8.009189909712521e-08,2.2555778983681417e-07,0.00022329112272967926,0.006648188159432255,0.9907192005290146,0.000471377633579041,4.655843682109964e-08,0.0003613274978627859,0.0004561002014519841,0.00019337969672889968,0.00010158536004933241,4.008346804780833e-05,4.337861347799367e-05,1.034251575501511e-05,2.926299985046201e-05,8.651929514583226e-10,4.588660000154728e-08
3,3.068563702801614e-07,1.552664862653342e-06,4.554173462482559e-06,0.00027095941042566533,1.3755909252727087e-05,2.9032942103694088e-05,0.0002589554378714968,0.00021417998732566225,9.454448767611883e-08,2.6846684686076744e-07,0.000235207463604579,0.006618951514093558,0.990497079438484,0.0005265647668983353,5.769129345871006e-08,0.00039471508779188424,0.00046305410499293054,0.00020625682954020534,0.00011631659218257543,5.176340809180374e-05,4.931255919642783e-05,1.2186124131544297e-05,3.481812096696273e-05,1.0490162663498806e-09,5.4856706275290544e-08
4,7.728354274651902e-07,2.025573156568636e-06,1.2245324000374948e-05,0.0008078440249047066,2.908099108755341e-05,9.60058892092433e-05,0.0012142302476613243,0.0007330145772061696,2.8497901538526227e-07,1.3916984761680553e-06,0.0003747471132747093,0.009073091802442996,0.9823004543135831,0.0013861963733294604,3.557103988234414e-07,0.0013796132977215761,0.0009645384842927487,0.0006292069209387329,0.00025764939434711544,0.0003439276755980441,0.00018951659652038252,5.1848222282270616e-05,0.00015165713763912514,5.686895539242984e-09,2.9513059011172004e-07
5,3.168491221938598e-07,1.5213863097754275e-06,4.639185711218484e-06,0.00027964178750657174,1.3765389854272516e-05,2.869283122547931e-05,0.0002655208594774618,0.00021708378907727097,9.450639147744522e-08,2.779981509141826e-07,0.0002363845173930626,0.006682412647717035,0.9903746043803517,0.0005372674172870462,5.746069939346043e-08,0.00040142509034039024,0.00047037170745171724,0.00021902690533755133,0.00011547132787129726,5.3624608236018124e-05,5.0156316701163015e-05,1.237230730638734e-05,3.521317322255173e-05,1.0909875834751913e-09,5.6466270247825294e-08
6,3.068563702801614e-07,1.552664862653342e-06,4.554173462482559e-06,0.00027095941042566533,1.3755909252727087e-05,2.9032942103694088e-05,0.0002589554378714968,0.00021417998732566225,9.454448767611883e-08,2.6846684686076744e-07,0.000235207463604579,0.006618951514093558,0.990497079438484,0.0005265647668983353,5.769129345871006e-08,0.00039471508779188424,0.00046305410499293054,0.00020625682954020534,0.00011631659218257543,5.176340809180374e-05,4.931255919642783e-05,1.2186124131544297e-05,3.481812096696273e-05,1.0490162663498806e-09,5.4856706275290544e-08
7,3.6573174502506853e-07,1.8805109110120286e-06,5.1900518373144645e-06,0.0003513162786567402,1.9250316084706054e-05,4.2257987838129376e-05,0.0003692822848535172,0.0002462031855694122,1.3172830600673507e-07,4.09012401013395e-07,0.00029172652440517756,0.00843431536362061,0.9876161567706819,0.0008141265177693085,9.066766398984937e-08,0.0005789596346964632,0.0005731251001370512,0.00028471072161620974,0.000145004770707285,7.979013353876243e-05,7.214706851963011e-05,1.747247460472951e-05,5.5990981453029285e-05,1.499982053004552e-09,9.468240115305418e-08
8,2.3467865941904556e-07,1.3375453860806623e-06,3.4576281346733534e-06,0.00019398415492812073,1.0721653352451181e-05,2.376783674380342e-05,0.00020990093054817246,0.0001758652797563264,6.853926260018124e-08,1.8307274544639961e-07,0.00019392972027277542,0.006641887394294949,0.9910435008472802,0.000389222627807803,3.967058133889455e-08,0.00033280791442855123,0.0003981095795988687,0.00016437417840680312,0.00010568406921116443,3.8240444257904816e-05,3.8441443944413756e-05,9.410404718750885e-06,2.4792891632769136e-05,6.327672912229043e-10,3.686127936744174e-08
9,3.2003472830094285e-07,1.5591966201382407e-06,4.953591377777737e-06,0.00029703642346287076,1.439112433187067e-05,3.0094065006569497e-05,0.0002608442520161363,0.00022537387843421253,1.0271055942803317e-07,2.92607395740145e-07,0.0002460579019824466,0.006257594662089556,0.9907425232033898,0.000561428934108235,6.269114126363969e-08,0.00039874871121348,0.00047718153829233293,0.00020860394832917167,0.00011580446430794205,5.571198328092597e-05,5.081035638727861e-05,1.2886571237239853e-05,3.755821586947654e-05,1.2051053949600561e-09,5.772933219958372e-08
10,3.068563702801614e-07,1.552664862653342e-06,4.554173462482559e-06,0.00027095941042566533,1.3755909252727087e-05,2.9032942103694088e-05,0.0002589554378714968,0.00021417998732566225,9.454448767611883e-08,2.6846684686076744e-07,0.000235207463604579,0.006618951514093558,0.990497079438484,0.0005265647668983353,5.769129345871006e-08,0.00039471508779188424,0.00046305410499293054,0.00020625682954020534,0.00011631659218257543,5.176340809180374e-05,4.931255919642783e-05,1.2186124131544297e-05,3.481812096696273e-05,1.0490162663498806e-09,5.4856706275290544e-08
11,1.6393209022787057e-06,4.416714167253791e-06,2.875611951398576e-05,0.0017786342426473361,0.00015807282743571184,0.0002377894022984106,0.0026423297549147393,0.0006521433392872692,5.17078478844441e-07,5.581443259170045e-06,0.0011032413373229999,0.020526260130063187,0.953875585627925,0.009235422547235219,1.0795794716289526e-06,0.002149453385712218,0.0008595795519947065,0.002184779776786471,0.0006425713880613403,0.001690434850702649,0.0013076071765700612,0.00015270944771432758,0.000759475833046674,1.847071027520907e-08,1.9006537781919702e-06
12,2.6698956340043857e-07,1.2126826079636355e-06,3.763351164494413e-06,0.0002393092545117216,7.902575018163162e-06,2.0632046495412865e-05,0.00020844071545410498,0.0002301215241567317,7.395323441638478e-08,1.997188311560653e-07,0.00018853004706591924,0.004781014467226795,0.9928653804113897,0.0003282806202258313,4.342629699364198e-08,0.0003109683143087077,0.0004805770636627711,0.000148260366487632,8.639780109294131e-05,3.1344427900935974e-05,3.384636741074395e-05,1.0040690289866402e-05,2.3358538216672757e-05,8.185263333459654e-10,3.382886034838037e-08
13,7.60400464548689e-07,2.474243777422363e-06,1.2717364826863258e-05,0.0005567952578097046,3.6321191600303264e-05,7.313247478171576e-05,0.00102312770275113,0.0007196080562002554,3.0022459554585664e-07,1.294260341423021e-06,0.0002506265182673865,0.010366845316764661,0.9824323656979993,0.0011422437580633669,2.233789632436894e-07,0.0011050592429901153,0.0007274218825477889,0.0005819603294217445,0.0003453425585192196,0.00033521624104224763,0.00014203541957693105,4.962774140205124e-05,9.421472152789027e-05,3.5285265853324865e-09,2.824872386140341e-07
14,2.9391800570897975e-07,1.569584169813043e-06,4.331134904748283e-06,0.00024890069989548817,1.3664461115179404e-05,2.833358577797448e-05,0.0002486101247786748,0.00019699160815790748,8.68392317446485e-08,2.5196509987574314e-07,0.00023178572638543794,0.0069506856320438945,0.9902713021033308,0.0005194392465598088,5.364398498986184e-08,0.00038237794166566226,0.0004389277349364688,0.00020343669460529273,0.00011787734443800081,4.8965208824916163e-05,4.808267591016334e-05,1.1608695928702811e-05,3.237020254703988e-05,9.434245053646642e-10,5.228427710244337e-08
15,3.068563702801614e-07,1.552664862653342e-06,4.554173462482559e-06,0.00027095941042566533,1.3755909252727087e-05,2.9032942103694088e-05,0.0002589554378714968,0.00021417998732566225,9.454448767611883e-08,2.6846684686076744e-07,0.000235207463604579,0.006618951514093558,0.990497079438484,0.0005265647668983353,5.769129345871006e-08,0.00039471508779188424,0.00046305410499293054,0.00020625682954020534,0.00011631659218257543,5.176340809180374e-05,4.931255919642783e-05,1.2186124131544297e-05,3.481812096696273e-05,1.0490162663498806e-09,5.4856706275290544e-08
16,2.6298471853685145e-07,1.355186435988455e-06,5.209525293664486e-06,0.00024899720224148104,1.2236029239785895e-05,2.8788259015381916e-05,0.00018747538362364944,0.00027842728967405247,1.385884761035118e-07,1.9076636160096833e-07,0.00019863492524770261,0.003211461257306114,0.9944669896166864,0.0003262328980932719,6.839743895653173e-08,0.000319088430227987,0.00039394684146446923,9.494344947562495e-05,0.00011346449382454526,4.45177394235558e-05,2.4301814430301333e-05,9.98906922437849e-06,3.324173458610468e-05,1.251404963276283e-09,3.6866085464196195e-08
17,3.665433763822031e-07,2.441815272461519e-06,7.260402617808152e-06,0.0004253538346649239,1.8204894876477116e-05,7.711319177830529e-05,0.00036118646570533025,0.00032318819172289957,2.6397307626746e-07,4.970757005524487e-07,0.00033143841427225217,0.0043615587292414265,0.9918033330878923,0.0005468258333941274,1.7265318868332215e-07,0.0006277303978787515,0.0006419403268218629,0.00012602601709735744,0.00014827896725119107,7.533992393333173e-05,5.4041096852936986e-05,1.5903254480785816e-05,5.146420260145748e-05,3.0903695328485773e-09,6.761593267471575e-08
18,1.9067983680201386e-07,9.367364534884728e-07,4.694690958703064e-06,0.0003128021722185644,1.1831953240643315e-05,2.6856028900656826e-05,0.00012757234092446686,0.00022259343266598812,7.581158958767229e-08,1.3143180866293632e-07,0.00021602168372844024,0.002433803619397529,0.9956019489967258,0.00025833320102849845,4.496033493650741e-08,0.0002703092329718699,0.00027304663636054357,6.901029895169369e-05,7.052566788003103e-05,3.394189127836788e-05,3.246506346524534e-05,4.813296298174743e-06,2.803435478298023e-05,9.693853409134012e-10,1.4848812866167358e-08
19,7.386208213240333e-07,3.118129940103792e-06,8.19186388161835e-06,0.0005339789517987225,3.0369874584751066e-05,0.0001106998383077464,0.0004810458390232735,0.0002497304456854437,2.3377420791754232e-07,1.0398151172340812e-06,0.0006373296433516674,0.010549336155865495,0.9823241659278098,0.0016854175648495491,2.4110151584160246e-07,0.0012298808022746096,0.000994008378311078,0.0004348380751135416,0.00025496994362884614,0.00015399455688862036,0.00014326562204001005,2.8977790648616335e-05,0.00014420196320899504,5.061301133982022e-09,2.2025982409966834e-07
20,3.626311478393585e-07,1.0938405518203904e-06,2.33960852851102e-06,0.00018826703843332186,1.0522453196970144e-05,1.682445342157795e-05,0.00010936163902318834,5.1058832278982316e-05,4.5479703183128545e-08,1.8495251892605487e-07,0.00018887797389331333,0.012759518490828644,0.984423462615307,0.0005159172354214647,7.608874957370354e-09,0.0005057990435883914,0.0005575999732351723,0.0005496108615731298,5.569463896327192e-05,2.6752167653965743e-05,1.874109894916721e-05,3.2087427086834995e-06,1.4715298367718835e-05,6.164779987715923e-10,3.270535261496361e-08
21,2.606329082586225e-07,1.2331056475218392e-06,5.049773590105552e-06,0.0003061976225374026,9.866663426618087e-06,3.486685461425779e-05,0.0002830586649345754,0.0003136295349911506,1.2091823169618743e-07,2.3265565771735937e-07,0.0002041598837978528,0.003984438662521324,0.9931534535556227,0.00038742329528408805,7.994772340395274e-08,0.00039182875215401956,0.0005503371316003248,0.0001302087503401741,0.00010866218640065047,5.045944994739143e-05,3.4223710315157625e-05,1.297138854880811e-05,3.7191815813455104e-05,1.2437226956774316e-09,4.379966852260309e-08
22,3.070157940220664e-07,1.5270435505645019e-06,4.536896734262922e-06,0.0002715960471938402,1.3462457365062897e-05,2.8536283779579763e-05,0.00025468414575588265,0.00021138933630098733,9.238121050655407e-08,2.6996289310913964e-07,0.00023556305805060848,0.006597522934579817,0.9905260462524679,0.000525710434229535,5.61930728104564e-08,0.00039208011494031063,0.00046774129073578807,0.00020804285294642117,0.0001141403228170499,5.1075841043681884e-05,4.922051347691263e-05,1.2135871835870377e-05,3.4207804497806676e-05,1.0459564846272841e-09,5.3898771348744364e-08
23,3.068563702801614e-07,1.552664862653342e-06,4.554173462482559e-06,0.00027095941042566533,1.3755909252727087e-05,2.9032942103694088e-05,0.0002589554378714968,0.00021417998732566225,9.454448767611883e-08,2.6846684686076744e-07,0.000235207463604579,0.006618951514093558,0.990497079438484,0.0005265647668983353,5.769129345871006e-08,0.00039471508779188424,0.00046305410499293054,0.00020625682954020534,0.00011631659218257543,5.176340809180374e-05,4.931255919642783e-05,1.2186124131544297e-05,3.481812096696273e-05,1.0490162663498806e-09,5.4856706275290544e-08
24,8.322307044717032e-07,3.3666751613783585e-06,1.4973339331374211e-05,0.0003541724008710014,1.6155040348741445e-05,7.274972212604711e-05,0.000730984056088562,0.000624674319522374,2.423335394364918e-07,9.557491707309512e-07,0.000327413913895838,0.007939282870668496,0.9867944597040154,0.0006047465409538632,2.763423248303199e-07,0.000501326053157745,0.0009171299613826784,0.00027523282900573524,0.0003691338902368119,0.00016241817491656653,0.00016496939801711978,6.0027747721081645e-05,6.430524526682928e-05,3.6815426460296047e-09,1.6778003017276136e-07
25,4.286881419765749e-07,3.277099867476346e-06,6.964513793349028e-06,0.0003028569180902854,2.9868924012273877e-05,6.337417843240903e-05,0.0003528329470450804,0.00020212915528961914,1.922738061562628e-07,4.935479087153515e-07,0.0003526806350729088,0.010826129802480515,0.9849040681153681,0.0010289198712841042,1.2168116627820462e-07,0.0006161732410502794,0.0005681923016415429,0.00027803200473602624,0.00021501769206578976,9.193815746534915e-05,7.574353136864567e-05,2.069046170388274e-05,5.974145247490625e-05,2.033855963701216e-09,1.3077187814875866e-07
26,3.3360261763653963e-07,1.6057059460113832e-06,4.8314717502831585e-06,0.00029349831840684023,1.4570760194922507e-05,3.081798261635917e-05,0.0002645998849122581,0.00022969489632820766,1.0902470437351553e-07,2.7909092061031217e-07,0.00024708951539291257,0.006255453666754654,0.9907610515782879,0.0005250631828878422,6.386757966413996e-08,0.00041159654054733836,0.00048077945818373,0.00020459781276825707,0.0001178754943956893,5.485070601013834e-05,4.9779587544339406e-05,1.2222843378948299e-05,3.917542464378127e-05,1.2287198932489123e-09,5.835450739744921e-08
27,2.718493345290467e-07,1.2703481782196083e-06,3.5931418883239387e-06,0.00022207369504489248,1.0840181638341908e-05,2.0815777919088236e-05,0.0001850161586461874,0.0001584758704188526,5.927960774500259e-08,1.7743329352566132e-07,0.00021208780931507743,0.00643548117258709,0.9912314191079028,0.00042298632328370366,3.41557296035741e-08,0.00031304033079351655,0.0003888078010373965,0.0001949849294576337,9.123549264759887e-05,3.464619815086469e-05,3.906895423736391e-05,7.899042438890865e-06,2.5677858166712678e-05,7.145522487702266e-10,3.637372978608046e-08
28,3.068563702801614e-07,1.552664862653342e-06,4.554173462482559e-06,0.00027095941042566533,1.3755909252727087e-05,2.9032942103694088e-05,0.0002589554378714968,0.00021417998732566225,9.454448767611883e-08,2.6846684686076744e-07,0.000235207463604579,0.006618951514093558,0.990497079438484,0.0005265647668983353,5.769129345871006e-08,0.00039471508779188424,0.00046305410499293054,0.00020625682954020534,0.00011631659218257543,5.176340809180374e-05,4.931255919642783e-05,1.2186124131544297e-05,3.481812096696273e-05,1.0490162663498806e-09,5.4856706275290544e-08
29,3.068563702801614e-07,1.552664862653342e-06,4.554173462482559e-06,0.00027095941042566533,1.3755909252727087e-05,2.9032942103694088e-05,0.0002589554378714968,0.00021417998732566225,9.454448767611883e-08,2.6846684686076744e-07,0.000235207463604579,0.006618951514093558,0.990497079438484,0.0005265647668983353,5.769129345871006e-08,0.00039471508779188424,0.00046305410499293054,0.00020625682954020534,0.00011631659218257543,5.176340809180374e-05,4.931255919642783e-05,1.2186124131544297e-05,3.481812096696273e-05,1.0490162663498806e-09,5.4856706275290544e-08
30,3.068563702801614e-07,1.552664862653342e-06,4.554173462482559e-06,0.00027095941042566533,1.3755909252727087e-05,2.9032942103694088e-05,0.0002589554378714968,0.00021417998732566225,9.454448767611883e-08,2.6846684686076744e-07,0.000235207463604579,0.006618951514093558,0.990497079438484,0.0005265647668983353,5.769129345871006e-08,0.00039471508779188424,0.00046305410499293054,0.00020625682954020534,0.00011631659218257543,5.176340809180374e-05,4.931255919642783e-05,1.2186124131544297e-05,3.481812096696273e-05,1.0490162663498806e-09,5.4856706275290544e-08
31,3.140074833791596e-07,1.5016796862376929e-06,4.587210205649138e-06,0.00026198997165743503,1.3322931912233724e-05,2.6987721199015138e-05,0.00025267573433225766,0.00022086226007840914,9.037702727345912e-08,2.543014985485774e-07,0.00022281725092826825,0.00643476881540018,0.9907853623907239,0.00048682575451594183,5.409757620707689e-08,0.0003762520551747562,0.00044617365270942797,0.00020498069581508898,0.00011664247284464328,5.084508971437411e-05,4.76839844914704e-05,1.1706597164596576e-05,3.324744093679255e-05,1.0006314035983698e-09,5.2506292450854046e-08
32,3.079348933721811e-07,1.5633892775093117e-06,4.584658052387252e-06,0.00026829006083006524,1.3834526722464239e-05,2.9357454421697906e-05,0.0002603217881878092,0.00021551021890242288,9.476992324004975e-08,2.6909627406053324e-07,0.00023552087219236604,0.006649419331019066,0.9904609970260984,0.0005274687313870695,5.8537000231818144e-08,0.00039611326648279044,0.0004624215767581158,0.000205706016777859,0.00011896047700010707,5.234178016722625e-05,4.944463548271762e-05,1.2357549719587354e-05,3.499991997522689e-05,1.0490721932554061e-09,5.5333381767435245e-08
33,3.115710164163971e-07,1.5751863048289656e-06,4.63066675114611e-06,0.00027415966869814173,1.4030777729268295e-05,2.9525304190779813e-05,0.0002627760964321163,0.0002174177928368997,9.640956725596299e-08,2.7301834994851076e-07,0.00023754271243724666,0.006640705223357686,0.9904447217813694,0.0005326360465831323,5.926234558311852e-08,0.00039812180492762844,0.00046415771162418263,0.00020769721143260297,0.00011818026793470152,5.2916480449634876e-05,5.0404556292956646e-05,1.2381383834174096e-05,3.562186022152176e-05,1.0731777704862552e-09,5.613213520057391e-08
34,2.8326224071906235e-07,1.2912515147274182e-06,4.801771435419648e-06,0.00037853888626948254,1.4327402283155943e-05,3.6911700124706636e-05,0.0003944592468190279,0.0002578409896331992,1.0299807864489958e-07,4.0765569308677427e-07,0.0002318811415000928,0.0072942690770512,0.9889227145067983,0.0007168997803830233,7.097600544678615e-08,0.0005795304229534601,0.0005664161079454923,0.0002839942331563149,0.00010995671044678979,7.919183163691284e-05,6.634039129569962e-05,1.6341493139365035e-05,4.3355697782603814e-05,1.2473305562150576e-09,7.121848260522271e-08
35,3.2472919822815634e-07,1.4791028875404199e-06,4.267362187112098e-06,0.00024777875564977413,1.192828799138686e-05,2.4036294778815827e-05,0.0002435576892165537,0.00021582626714677388,8.524397399470822e-08,2.471111864450452e-07,0.00021294870102370975,0.00665631767261967,0.99064021076316,0.00045002989108598783,4.771967021982369e-08,0.00036793845388632355,0.00046839307179124737,0.00021297330079596543,0.00011166953431975998,4.525744701013886e-05,4.3883816373839386e-05,1.1341930380026125e-05,2.940589952846661e-05,9.269384075125356e-10,5.002719927609973e-08
36,4.0865935599961815e-07,1.7927407911855314e-06,6.127351316685422e-06,0.0002999197129556853,1.8046690995930694e-05,3.142954142075434e-05,0.00026555166479224045,0.000217489541188461,9.79433502423573e-08,3.2184480972136365e-07,0.0002924459660095114,0.006741511079216631,0.9901635178152755,0.0006123351781486724,6.856221233723642e-08,0.0003715197148249585,0.0004002891801055852,0.00024273575181227975,0.0001418881591211846,6.718915136510836e-05,6.951730082167935e-05,1.3108177220938164e-05,4.26197059697639e-05,1.4992706869130938e-09,6.706764843035727e-08
37,2.6256571827695657e-07,1.6472282052375847e-06,4.350718496201983e-06,0.00025882030903974593,1.4320738026990143e-05,3.280410106062562e-05,0.00026252572335526165,0.00021329312069784644,9.861359653298981e-08,2.5565093423515947e-07,0.00022671393430169075,0.0066413704134881315,0.9905195099681574,0.0005273308389155342,6.206378833126796e-08,0.0004036736317557675,0.0004487422046753229,0.0001755006970474559,0.0001201638015260293,5.061017926341415e-05,5.0202080893449896e-05,1.2314628076601449e-05,3.537258855373141e-05,9.364125007268056e-10,5.326401361357131e-08
38,7.424439026049395e-07,2.1705165774128037e-06,1.663711686188482e-05,0.0007319174556448011,2.56298061547088e-05,1.3997851559608615e-05,0.00013201026809909339,0.00027085349428792904,3.3397763734440204e-07,6.713650795452601e-07,0.0002848944989279833,0.0034008725714096957,0.9929324759252219,0.0009837388300554676,3.7298621353423124e-08,0.00011166305277364197,0.0005340281274404082,0.0003201980341830884,6.389180004542371e-05,7.577884429819493e-05,4.7439846594934684e-05,1.8937862107371773e-05,3.098361965071299e-05,5.211030830282914e-09,9.01818342984804e-08
39,3.085762673306167e-07,1.527515502489221e-06,4.472422675196383e-06,0.00027259883760462214,1.3652478094412135e-05,2.92891455267774e-05,0.00027608975981960245,0.0002362037933739312,9.540337479028366e-08,2.648399812958649e-07,0.00022588893077326932,0.0065540845153103724,0.9905253784454852,0.000504412740584667,6.026455397718564e-08,0.00040971941886633567,0.0004683615884009884,0.00020395432905216332,0.00012043703454203578,5.316808128197348e-05,5.0926815199556744e-05,1.2528124710943134e-05,3.651960403402919e-05,1.004676492587427e-09,5.6330307887197176e-08
40,3.054336768566626e-07,9.533716377872647e-07,3.286164590045103e-06,0.00034703188060336294,8.392927549943713e-06,2.2612044539548898e-05,0.0002881611639133274,0.00029174002786127483,9.878064457469187e-08,2.571142477832057e-07,0.0002010092900458086,0.00428467279932712,0.9927725392967878,0.00034628599550629984,4.949052719244934e-08,0.0004709388564638318,0.0005672090372202001,0.00018535069138832212,7.990962935543517e-05,4.382151837149693e-05,3.932156820208298e-05,9.489110191605727e-06,3.651934729948783e-05,1.1041690197327383e-09,4.3355879853458485e-08
41,3.1661416922923534e-07,1.5290293482666475e-06,4.570551675056972e-06,0.00026599824837398255,1.3647357883152043e-05,2.870809715500828e-05,0.0002696056057384081,0.00021578400809790476,8.99964686995339e-08,2.733250252531233e-07,0.00023790420325544952,0.006943085169628654,0.9901208710486197,0.0005409470720515851,5.855541423512097e-08,0.0003985278662888169,0.0004609282000112795,0.00022079474062846425,0.00012191042709948636,5.417829288548856e-05,5.189640117316142e-05,1.280106593998309e-05,3.551555214069343e-05,1.044847417405387e-09,5.752608061499875e-08
42,2.9583330925218575e-07,1.5339503905699755e-06,4.562180740694406e-06,0.0002532784485013127,1.2643804218216858e-05,2.768448335703123e-05,0.00025436465558507487,0.0002332542754199091,8.871630726893697e-08,2.580457288115394e-07,0.0002181721957008289,0.006423783704764783,0.9908124357550855,0.0004782028969738814,5.719431303063491e-08,0.0003691605986068941,0.00045691650189714014,0.0001888552022009936,0.00012002146428672733,4.9680066775191305e-05,4.973044352745781e-05,1.2870850025206244e-05,3.20970834812691e-05,9.396295108820155e-10,5.070917354756381e-08
43,3.3294199604273064e-07,1.6654331759700718e-06,5.109442189473093e-06,0.0003044041802837353,1.5297013094452517e-05,3.2529642314708094e-05,0.0002827396429340081,0.00023492945902604833,1.1232913423233475e-07,3.2842252372581355e-07,0.000249944247535929,0.006619011590538631,0.9902259242857885,0.0005864794945704216,6.744221600981522e-08,0.0004299248213951568,0.0004998821583839232,0.00021818196553528239,0.0001237006219190407,6.105931919960036e-05,5.5116750304966044e-05,1.4036398390465973e-05,3.915774904093578e-05,1.268530502712174e-09,6.337997839535898e-08
44,3.068563702801614e-07,1.552664862653342e-06,4.554173462482559e-06,0.00027095941042566533,1.3755909252727087e-05,2.9032942103694088e-05,0.0002589554378714968,0.00021417998732566225,9.454448767611883e-08,2.6846684686076744e-07,0.000235207463604579,0.006618951514093558,0.990497079438484,0.0005265647668983353,5.769129345871006e-08,0.00039471508779188424,0.00046305410499293054,0.00020625682954020534,0.00011631659218257543,5.176340809180374e-05,4.931255919642783e-05,1.2186124131544297e-05,3.481812096696273e-05,1.0490162663498806e-09,5.4856706275290544e-08
45,3.13524085203694e-07,1.6178634363103719e-06,4.6135049645948464e-06,0.0002659342125468689,1.432955211860232e-05,2.845540408759386e-05,0.00024245396880813122,0.00019009635024116556,9.041960817396251e-08,2.7169227417475953e-07,0.000247138329865429,0.007107557975524103,0.9900107828796357,0.0005647207361997183,5.354633716832947e-08,0.00037958852888438576,0.0004593128021392039,0.00021984637473273654,0.00011525327386440909,5.0499381413159674e-05,5.0969204359428013e-05,1.1996388429714164e-05,3.4047235655093144e-05,1.0522566708751026e-09,5.5798531999539226e-08
46,2.950136171887773e-07,2.7966478039302953e-06,7.116835274721228e-06,0.00022045409643281936,4.3684275086059946e-05,3.6820238826297175e-05,0.0004282615279891137,0.0001971284746802994,1.2585601329570953e-07,4.1528063248454595e-07,0.0002722134456755948,0.011074355796904842,0.985197257543902,0.0011131429564756616,9.404106365311119e-08,0.00034562906296645515,0.0002167376832069909,0.00027625468477030673,0.0002675649041620066,0.00013197975830954393,9.994634448444822e-05,2.1377776703412394e-05,4.6218879236606065e-05,1.0033468753559305e-09,1.2787243565872703e-07
47,2.8387984479268545e-07,1.429748304953369e-06,4.762554813685045e-06,0.0003418203409801043,1.5009885738814257e-05,3.346163891903084e-05,0.0002670170328174731,0.00021157282589886244,1.061411434944188e-07,2.898492870302894e-07,0.000256613223554027,0.005815430227887633,0.9910705967257519,0.0006066469753307442,6.372152037026452e-08,0.00043404713700450275,0.0004755448559011501,0.0002023956160537388,0.00010107069453507452,5.688897554959638e-05,5.136839863598962e-05,1.1530892195635778e-05,4.1991461455438014e-05,1.2798392771833372e-09,5.591703692955453e-08
48,3.1282144961141907e-07,1.5717064997371271e-06,4.668541400502978e-06,0.00027665719384618203,1.4265153506124668e-05,2.9331120194471574e-05,0.0002626122065513386,0.0002139459676153279,9.551036397323026e-08,2.7796160021292504e-07,0.00024017153729266052,0.006743085949096963,0.9903211100245634,0.0005481466991335768,5.869135909336232e-08,0.00039783190833755965,0.00046097200972388313,0.00021384154461102532,0.0001176825314830149,5.379359020718412e-05,5.131911169815836e-05,1.2473959978415554e-05,3.571628985720161e-05,1.0838975560951666e-09,5.688573286875019e-08
49,3.0757787149728337e-07,1.6285286969749384e-06,4.7831247861452246e-06,0.000263104710215935,1.4205896288094218e-05,2.9900642919219454e-05,0.00025729082346774524,0.00020856980558639742,9.302459145124518e-08,2.7275605284952665e-07,0.00023705608784486395,0.006994224472511172,0.9901124481990703,0.0005481734970312343,5.829031074392067e-08,0.0003840377239692967,0.0004609101903760622,0.00021024888032558336,0.00012166520177696216,5.306957941320668e-05,5.1084720289501025e-05,1.280330147424316e-05,3.400606340688374e-05,1.0382640057580563e-09,5.5863459549972715e-08
50,2.921199616018423e-07,1.557962951459135e-06,4.524234732772756e-06,0.0002664146500963857,1.3612079187568106e-05,2.9501695076679862e-05,0.00022121909740785268,0.0001912972443836718,8.893552786355544e-08,2.3620888296232918e-07,0.00024203524675379574,0.0065017113866816575,0.9907540512082716,0.0005154000633545404,5.3269206319321566e-08,0.0003688487174496533,0.0004542442804370495,0.00019093999664773783,0.00010654500215716193,4.625281021960741e-05,4.663582964866724e-05,1.0764794930712246e-05,3.3724456435357545e-05,1.0240629017664264e-09,4.768553425962982e-08
51,4.636837712155699e-07,1.7900075989850051e-06,5.39550071602831e-06,0.00023379705084317234,1.8930961502605043e-05,3.996334577823938e-05,0.00041301483037761266,0.00027773979606852153,1.1512549782383888e-07,3.8512177027772777e-07,0.00026596869562338235,0.009679353088730165,0.9864794261183735,0.0006462834027254291,9.265598481531396e-08,0.0006168315235481822,0.0004979957095293745,0.00032310961566234904,0.00024291957186516232,0.00010776715164511527,7.175987048775428e-05,1.9871859499810344e-05,5.691584195842263e-05,1.3190197473529077e-09,1.0815142236452453e-07
52,3.111529115475618e-07,1.3571455298442436e-06,4.495492785792964e-06,0.0002869566836313685,1.3027406848282388e-05,2.753188213907233e-05,0.0002408310820318788,0.00019349270529184427,9.019261228135043e-08,2.8019646774523836e-07,0.00024368582639997612,0.006253808666976455,0.9908408295617835,0.0005407722764253159,5.1175890367554905e-08,0.0004104484564842486,0.00047335639971759965,0.00022377737102403092,0.00010363258657435955,5.201348613870898e-05,4.4494131027183296e-05,1.114705052782584e-05,3.3556396322815286e-05,1.1645277297809298e-09,5.150993028701191e-08
53,3.077280717196234e-07,1.5882583491494966e-06,4.641053833467247e-06,0.0002576588266331726,1.3562298933195898e-05,2.7933346762322736e-05,0.00023237744661703424,0.00019812309431794137,8.728900927261308e-08,2.5978578827739667e-07,0.00023552829039338716,0.006750899159183539,0.9904777147830472,0.0005202505357701806,5.264040124890719e-08,0.000366771468501544,0.00045333103811369657,0.00020337372171188952,0.00011488534867327253,4.825180902225375e-05,4.871711572587307e-05,1.1780646376198136e-05,3.185224820446737e-05,1.0068370140388077e-09,5.1059722693642824e-08
54,2.896413170113158e-07,1.3796522442707245e-06,4.659688684401964e-06,0.00028249125905348575,1.305797358750832e-05,2.8233176322889092e-05,0.00023336989734961983,0.0002132614700463896,9.16371837083234e-08,2.468126753779418e-07,0.00023443147293280992,0.005702749581691146,0.9915516747712343,0.0004912082258906507,5.487411503321528e-08,0.0003636752891088713,0.00044533251199173536,0.0001849457447796323,0.00010537310824037692,5.072393884432075e-05,4.664592021964127e-05,1.1161659608515532e-05,3.489340479413841e-05,1.080177818248942e-09,4.7207906337793025e-08
55,3.0722859009695234e-07,1.6107109367906853e-06,4.39986975243454e-06,0.0002585023366790248,1.3918855715772043e-05,2.7941509582038183e-05,0.00026005923054784556,0.0002087605335423616,9.274215211656032e-08,2.5877380907758275e-07,0.00023086278291018777,0.007023200673184577,0.9901394833200361,0.0005187148696620637,5.533006485285789e-08,0.00038649508934835304,0.00045246703711146664,0.00021049418461526669,0.0001176308063501236,4.988246035689179e-05,4.9314608085562456e-05,1.197396759043106e-05,3.351663048812482e-05,9.795756843798575e-10,5.54693130968528e-08
56,3.0239447378295435e-07,1.5514046034916503e-06,4.4939825832480296e-06,0.0002654305329349002,1.3558484804222522e-05,2.8513768579600377e-05,0.0002524441555220786,0.00021021050197665218,9.307845544057221e-08,2.612632815723403e-07,0.0002326838803397453,0.006588946080610124,0.9905796542515541,0.0005163472810194345,5.60598908578423e-08,0.00038639330631832537,0.0004581721800128286,0.00020206788122609367,0.00011493015657346848,5.010073345848003e-05,4.8043424748097534e-05,1.1907630984570977e-05,3.378327776643964e-05,1.0212979011380501e-09,5.3266984382059615e-08
57,3.410416892314172e-07,1.4086530724425182e-06,5.066433380231656e-06,0.0005080207509088819,1.4525983498281034e-05,3.448610865135041e-05,0.000301299666210725,0.00022962930615615112,1.4650634312553666e-07,3.721460820200997e-07,0.0002920124648042662,0.00483721161955724,0.9915422851313462,0.0006667439191972116,7.243764891801151e-08,0.0004992467802259758,0.0005947419154367566,0.00023033953997675082,7.788788515484999e-05,5.633904261025892e-05,4.816576371901085e-05,1.0865367691865762e-05,4.8725032446522884e-05,2.0913191800021377e-09,6.441287247388778e-08
58,3.112193403376169e-07,1.5698791053506245e-06,4.590720404641562e-06,0.000272028924138344,1.3808175654614793e-05,2.914202263285347e-05,0.00025788562877506984,0.00021457405139305052,9.59769171633606e-08,2.700083163188934e-07,0.00023784368151871297,0.006579118244602527,0.9905330726358766,0.0005258407447985561,5.8419339637818464e-08,0.0003949426203506515,0.0004644051356951547,0.00020563453930015478,0.00011661383186648866,5.165774490998531e-05,4.92519947142086e-05,1.2179501499779284e-05,3.5048035577170706e-05,1.075466882921283e-09,5.518780587759718e-08
59,3.1857628159005013e-07,1.586296897450247e-06,4.749607873890516e-06,0.00027953808605844094,1.4089753034465737e-05,2.989967811330801e-05,0.0002627560031875454,0.00021813672249856988,9.847292366114639e-08,2.8148829224766747e-07,0.00024151758750877043,0.006603398773296516,0.990447849178278,0.0005393572953397222,6.028326476062217e-08,0.0004024542405031942,0.0004726064740373852,0.00021074110510747708,0.00011793761622052713,5.371361068275458e-05,5.050609898905554e-05,1.2514023209308452e-05,3.583109304461163e-05,1.1291636037804476e-09,5.680619291111279e-08
60,3.068563702801614e-07,1.552664862653342e-06,4.554173462482559e-06,0.00027095941042566533,1.3755909252727087e-05,2.9032942103694088e-05,0.0002589554378714968,0.00021417998732566225,9.454448767611883e-08,2.6846684686076744e-07,0.000235207463604579,0.006618951514093558,0.990497079438484,0.0005265647668983353,5.769129345871006e-08,0.00039471508779188424,0.00046305410499293054,0.00020625682954020534,0.00011631659218257543,5.176340809180374e-05,4.931255919642783e-05,1.2186124131544297e-05,3.481812096696273e-05,1.0490162663498806e-09,5.4856706275290544e-08
61,3.148067050498391e-07,1.567461971661911e-06,4.732920511408374e-06,0.0002767091059570598,1.3883568237377263e-05,2.9562778056131827e-05,0.00025867122067636713,0.0002166978854831701,9.632700289565733e-08,2.7556809593289043e-07,0.00023907054265197937,0.006547225350997153,0.990538927578599,0.0005324300906602169,5.917933238737515e-08,0.00039602399132371654,0.0004684224924546064,0.0002080443354071225,0.00011705066348566807,5.281998924453697e-05,4.9795605795998137e-05,1.2359765742744112e-05,3.520221832886018e-05,1.107010547867977e-09,5.544626832875797e-08
62,3.068563702801614e-07,1.552664862653342e-06,4.554173462482559e-06,0.00027095941042566533,1.3755909252727087e-05,2.9032942103694088e-05,0.0002589554378714968,0.00021417998732566225,9.454448767611883e-08,2.6846684686076744e-07,0.000235207463604579,0.006618951514093558,0.990497079438484,0.0005265647668983353,5.769129345871006e-08,0.00039471508779188424,0.00046305410499293054,0.00020625682954020534,0.00011631659218257543,5.176340809180374e-05,4.931255919642783e-05,1.2186124131544297e-05,3.481812096696273e-05,1.0490162663498806e-09,5.4856706275290544e-08
63,3.067490694671752e-07,1.5642080117425863e-06,4.55009730372875e-06,0.00026934996420445114,1.375792404222961e-05,2.8942159414536688e-05,0.0002578010345836475,0.00021345288504412234,9.45903258249029e-08,2.673657623636003e-07,0.00023488692006909574,0.006640658555127185,0.9904855966756574,0.0005249486419895659,5.750998277881479e-08,0.000392369151136986,0.00046223053164351453,0.00020547269109920908,0.0001163572892858794,5.136294150009755e-05,4.9176771764554145e-05,1.216703640222953e-05,3.45725334036023e-05,1.04377078904712e-09,5.4729405147642554e-08
64,3.1203949823247075e-07,1.5971460878530186e-06,4.650572326254378e-06,0.0002741144992203891,1.4104350434688779e-05,2.9508400606729812e-05,0.0002633749451482267,0.0002196223628852945,9.638658348669328e-08,2.733004542514655e-07,0.00023790717002343564,0.006676301537662908,0.9904119087796696,0.0005307945250021571,5.96138014968937e-08,0.0003940977213012543,0.00046317309207866565,0.00020647412688781203,0.00011874033851203537,5.279952207098208e-05,5.179513665164951e-05,1.2503841842179402e-05,3.573330354261019e-05,1.0647723411601945e-09,5.622293541288845e-08
65,3.126470315897958e-07,1.4340751394854614e-06,3.683786459857416e-06,0.0002132899005668889,1.3109201490138577e-05,2.2523567128832795e-05,0.00023287899868446675,0.00016212192201561586,7.395469384390773e-08,2.464100634993571e-07,0.0002200714271158674,0.008448239722353012,0.988845202547256,0.0005091566878853364,3.870862587447608e-08,0.00040435784527055254,0.00041899346471128583,0.00026340752149705984,0.00011299469997097473,4.737965768955055e-05,4.25241431264121e-05,1.043809982376797e-05,2.7467654579648328e-05,8.264926892542274e-10,5.2530327810547615e-08
66,2.9483539606016675e-07,1.505199257537212e-06,4.424338787374898e-06,0.0002639160704047109,1.3414193750651062e-05,2.7495318644110325e-05,0.00023719211826544442,0.00019669219124036837,8.812022357579064e-08,2.650564445573332e-07,0.00023367326676487828,0.006588232814374536,0.9906245835617016,0.0005228317945484449,5.1459205584843904e-08,0.0003801459334604305,0.0004512911619747174,0.0002036830482822364,0.00010977033721943064,4.887074568267218e-05,4.7913687113260725e-05,1.1550237074779763e-05,3.2062959127099424e-05,9.982553007700501e-10,5.0552800579575225e-08
67,2.4367411159735156e-07,1.430346543048122e-06,3.274686212237275e-06,0.00020065492012721222,9.912183736942134e-06,1.7806368316851656e-05,0.00018548647560879015,0.00019741068616760637,7.040720485994767e-08,1.6076086053764123e-07,0.00016400951299270884,0.005922940086346045,0.9919987609841715,0.0003095325815398985,3.198017619694368e-08,0.00027842363619371433,0.00038987392386241577,0.0001470445603692989,8.516561498630513e-05,2.737781931930783e-05,3.2695093061002485e-05,8.061176156500788e-06,1.9600583409358203e-05,5.440918110851977e-10,3.1394434383555824e-08
68,3.9793883378474207e-07,2.1318852254317005e-06,5.7392617671445e-06,0.0003507979298328606,1.8344329441746313e-05,4.2021379697419214e-05,0.0002980268630765335,0.0002455889016591218,1.3805769411218182e-07,3.8256533121067887e-07,0.0003078544496888569,0.007032650523061326,0.9893851663688218,0.0006857169618939398,9.121630651142806e-08,0.0005011254780509255,0.0005747850233666877,0.0002264002278301932,0.00013729889786918408,6.231550819501598e-05,6.090108336974983e-05,1.5482027587098142e-05,4.656541008702136e-05,1.709377101681156e-09,7.600193524486932e-08
69,3.0852211791266187e-07,1.624208005527015e-06,4.554670874634826e-06,0.0003394226548411465,1.36469589974437e-05,2.9889773709355093e-05,0.0002689910147854937,0.0002299284509151607,1.2055252609658082e-07,2.9824063264858463e-07,0.000222671728573645,0.005999709810202083,0.9909573578842809,0.0005070480932790545,5.701118346488536e-08,0.0004526049236858226,0.0005456576435015385,0.00020337517308488998,9.053947898226181e-05,4.541601247226173e-05,4.300198081404149e-05,1.091950793094263e-05,3.280035578423278e-05,1.2310712978677914e-09,5.411774774882235e-08
70,3.45750110360151e-07,1.7340760868523097e-06,4.418832317303322e-06,0.00020295126509317204,1.17870125387444e-05,2.292162666468824e-05,0.00023292831895991363,0.00020733455773659927,6.773581005415322e-08,2.1907423413557612e-07,0.00022207072876424043,0.0073466252047615,0.9901452887594292,0.0004269133504637161,4.9025041348351214e-08,0.00029892849289412683,0.0004074376590807889,0.00019983978002373638,0.00013620125813885582,3.990928978355896e-05,5.2734894886113014e-05,1.20731666219738e-05,2.7169881924810006e-05,7.821118430511506e-10,4.947652238302017e-08
