,0,1,2,3,4,5,6,7,8,9,10,11,12,13,14,15,16,17,18,19,20,21,22,23,24
0,7.939292736978334e-07,3.83232153590461e-08,6.82197259557432e-07,0.0004247011186242578,3.878925780829552e-06,1.4049854323135248e-06,7.030765500269191e-07,4.605443127283897e-06,8.362714923725821e-06,1.3230182360297582e-07,5.027158802494019e-07,0.0016440825321698868,0.988545215161306,0.0005053800522538084,8.411439517717869e-09,0.00039539949287402637,0.0016158553658240718,5.6779454024353724e-05,5.475365085623465e-08,0.006728069919381677,3.4277764477333844e-05,1.187460289123323e-06,2.0098425562536296e-06,1.55363710760266e-05,1.0337686786028268e-05
1,5.497965079422543e-07,2.6340297973727227e-08,5.4813611544414e-07,0.0002688793974077019,3.7562457248911777e-06,1.1525943681074587e-06,5.583990181084167e-07,3.8821300351300495e-06,7.840527486075796e-06,8.917331023508116e-08,4.16018686295391e-07,0.0012316349978628946,0.9900393323222156,0.00029838879461298204,7.438120866592051e-09,0.00035846892299786837,0.0013133730480563034,3.520937142562635e-05,5.269406736358743e-08,0.006385718747281015,2.7257626663559098e-05,8.305534723379523e-07,1.6607221295149668e-06,1.3297281991972721e-05,7.068720143802718e-06
2,5.498953644084419e-07,2.5961207663952453e-08,5.518406781346265e-07,0.0002830316506762354,3.5772030701109255e-06,1.1740295129545805e-06,5.599579179380956e-07,4.0196884871056615e-06,8.003759477626611e-06,8.95405623059981e-08,4.3436486605990085e-07,0.0012921848208597634,0.9901952617280004,0.0003061821817586906,7.551887686618086e-09,0.0003688487116528504,0.0013562579359749113,3.726412519270075e-05,5.418363758390533e-08,0.0060895405558649965,2.893825440744459e-05,9.315179075316922e-07,1.6719357319497515e-06,1.3820611361974534e-05,7.017993940827636e-06
3,5.536903004610625e-07,2.6661626693100314e-08,5.390563110581611e-07,0.0002707397196847036,3.806489279139596e-06,1.1504565964250586e-06,5.558801684774102e-07,3.888765484096342e-06,7.78905938181333e-06,8.82732142626884e-08,4.2303382307542584e-07,0.001239755171630095,0.9899898673618986,0.000310522893407463,7.420646072783996e-09,0.00035014222471624107,0.0013576030639113976,3.5708236430913724e-05,5.257828545323697e-08,0.0063762402177593835,2.7596703129817084e-05,8.513108231290987e-07,1.6924914731794064e-06,1.3209943976925626e-05,7.189296041433531e-06
4,1.0626567617510266e-06,1.392726517778955e-07,1.9355501522907476e-06,0.0017749172712221038,1.7239676723292745e-05,6.1892826963088935e-06,3.260936143406987e-06,5.594829556090132e-05,2.0219312662673103e-05,9.053813419344194e-07,3.942827328174626e-06,0.0029213132686973994,0.9491897242806958,0.0019727243234283305,5.938800933322289e-08,0.002567884808614507,0.004044871367215385,0.00013520756683176808,2.682024218065956e-07,0.03707165232768565,0.00011351945922454866,6.2362366324129485e-06,1.557364049342377e-05,5.596418563827327e-05,1.9240481166451188e-05
5,5.53482574558909e-07,2.6491851304938808e-08,5.391741411683927e-07,0.00027507504395583496,3.688480441776968e-06,1.1416340288973677e-06,5.492176494598728e-07,3.813775677809981e-06,7.81195553970897e-06,8.857396599613918e-08,4.125224419257806e-07,0.0012506094014610326,0.9900441017440352,0.00030850438181418603,7.316344662871952e-09,0.00034911417934463726,0.0013499805379253134,3.629530441465438e-05,5.1675924154302154e-08,0.006316707553235646,2.7966974890066362e-05,8.600742242600907e-07,1.6700445749500478e-06,1.3239313315888387e-05,7.191146226822317e-06
6,5.536903004610625e-07,2.6661626693100314e-08,5.390563110581611e-07,0.0002707397196847036,3.806489279139596e-06,1.1504565964250586e-06,5.558801684774102e-07,3.888765484096342e-06,7.78905938181333e-06,8.82732142626884e-08,4.2303382307542584e-07,0.001239755171630095,0.9899898673618986,0.000310522893407463,7.420646072783996e-09,0.00035014222471624107,0.0013576030639113976,3.5708236430913724e-05,5.257828545323697e-08,0.0063762402177593835,2.7596703129817084e-05,8.513108231290987e-07,1.6924914731794064e-06,1.3209943976925626e-05,7.189296041433531e-06
7,4.831518761400981e-07,3.820724980043474e-08,5.340359130162078e-07,0.0004969775633144566,5.122810699403017e-06,1.6433588067161855e-06,7.238965606920658e-07,6.000457446560858e-06,1.011546979221725e-05,1.5802558632453757e-07,6.716442859633552e-07,0.00170195864036628,0.9839026333871126,0.0005961950909247379,1.5164540387993844e-08,0.0006799312812351999,0.0021993562569270174,5.42491606054542e-05,6.031895554231962e-08,0.010260734207341754,5.071075811074593e-05,2.1111761776078043e-06,3.068111296255663e-06,1.5345402623095023e-05,1.1162422252050988e-05
8,4.864935568686622e-07,2.149165414849704e-08,4.926238461644168e-07,0.00022983616877559983,3.4435720165978266e-06,1.0933288852292396e-06,5.125039255724157e-07,3.8262468442254285e-06,7.989167855419472e-06,7.429606158478182e-08,4.1848612685946137e-07,0.0011992534463569785,0.9909639293808225,0.0002574268217851348,8.124237229765487e-09,0.0003546842591036373,0.0013493837124447616,3.559451885696896e-05,5.406210824770172e-08,0.005542094065119688,2.8248274625163042e-05,9.370254552651907e-07,1.4057542256695933e-06,1.2261653096542198e-05,6.5245222139282346e-06
9,4.986441650614672e-07,2.0265866442085134e-08,4.613358981349013e-07,0.00019824962489412338,3.6662133678290615e-06,1.0661706952268671e-06,4.773332482341802e-07,3.824863711398734e-06,7.142278479103645e-06,6.429201493398042e-08,4.264549402007715e-07,0.0010479056815927625,0.9913704994672059,0.0002499824089499568,6.949218958621481e-09,0.00031019726549638146,0.001383062553435178,3.204079240246018e-05,5.5501247671980074e-08,0.005346669430578953,2.400398448133152e-05,7.641222625689565e-07,1.3470389848894262e-06,1.1676892358495226e-05,5.890434503652194e-06
10,5.536903004610625e-07,2.6661626693100314e-08,5.390563110581611e-07,0.0002707397196847036,3.806489279139596e-06,1.1504565964250586e-06,5.558801684774102e-07,3.888765484096342e-06,7.78905938181333e-06,8.82732142626884e-08,4.2303382307542584e-07,0.001239755171630095,0.9899898673618986,0.000310522893407463,7.420646072783996e-09,0.00035014222471624107,0.0013576030639113976,3.5708236430913724e-05,5.257828545323697e-08,0.0063762402177593835,2.7596703129817084e-05,8.513108231290987e-07,1.6924914731794064e-06,1.3209943976925626e-05,7.189296041433531e-06
11,1.142567889100072e-06,8.064084549702448e-07,3.6125423070731802e-06,0.0161929272467006,4.499291707523268e-05,2.4215072982298523e-05,1.4684764065678718e-05,0.0005487362965669374,4.3962425000299266e-05,8.223982132686231e-06,2.3869764332964397e-05,0.010908858443916878,0.7717078767788751,0.03517116405969583,3.4850640099839356e-07,0.011072564585661823,0.017146132947470902,0.0005910710536856374,7.285221669178714e-07,0.13545627019057563,0.0007006890469801183,6.545506897030137e-05,0.00011386047609579087,6.931607912060183e-05,8.849025287553487e-05
12,5.714615572058409e-07,2.6594889575628952e-08,8.185187936327516e-07,0.00029933130864814015,3.491600458227832e-06,1.271058574271742e-06,7.480097683928444e-07,5.7314582268367525e-06,9.629976515875395e-06,9.739271285277405e-08,5.928194512070979e-07,0.0016044324279876562,0.9902802639403373,0.0002389094607790118,9.551658652487352e-09,0.00047124581852523703,0.0010045037044931861,3.0469918271172316e-05,8.081846688559776e-08,0.005988043951711467,2.9715826070386055e-05,1.0776152381074746e-06,2.0840512496631147e-06,2.119231698176063e-05,5.660398633378992e-06
13,4.7227723016562147e-07,2.5020462779421252e-08,4.4441724652946237e-07,0.00019586557588443436,3.5467529187553816e-06,1.1179484409562317e-06,3.705293111552541e-07,1.745605780244861e-06,6.8805200165150725e-06,1.425009662991815e-07,1.3090283319422822e-07,0.0005097440159563913,0.9872925029638139,0.00011074170623274506,6.026282398925104e-09,0.0002796071054939992,0.0014738932394607093,3.331127432481775e-05,3.87330328313569e-08,0.010044717244371445,2.5711035803772007e-05,4.1912418937017686e-07,1.231435244459288e-06,9.326319442044948e-06,8.007725260191384e-06
14,3.919431365552031e-07,1.611718750525669e-08,4.3684321329374784e-07,0.0002395048714996962,2.388244369534941e-06,7.884027432212789e-07,3.7296753847014257e-07,3.382502004422359e-06,6.004289573303841e-06,6.039346322575003e-08,3.007164585854198e-07,0.001189229053022795,0.9910365750089172,0.0002445758075325772,5.913159158865185e-09,0.00029710758235302525,0.0013061497185606551,2.9942374996839888e-05,3.478191656310492e-08,0.005602624903061165,2.2681935189620468e-05,8.443786842922122e-07,1.2853543674484785e-06,9.32025623806951e-06,5.975640812626663e-06
15,5.536903004610625e-07,2.6661626693100314e-08,5.390563110581611e-07,0.0002707397196847036,3.806489279139596e-06,1.1504565964250586e-06,5.558801684774102e-07,3.888765484096342e-06,7.78905938181333e-06,8.82732142626884e-08,4.2303382307542584e-07,0.001239755171630095,0.9899898673618986,0.000310522893407463,7.420646072783996e-09,0.00035014222471624107,0.0013576030639113976,3.5708236430913724e-05,5.257828545323697e-08,0.0063762402177593835,2.7596703129817084e-05,8.513108231290987e-07,1.6924914731794064e-06,1.3209943976925626e-05,7.189296041433531e-06
16,4.89228046943205e-07,1.901416624644029e-08,5.087169354426439e-07,0.00020938899592392826,3.0270496872395984e-06,1.0055647863267513e-06,4.370911026966077e-07,3.565813332079972e-06,6.521808909041373e-06,6.321898789403917e-08,3.612785651961827e-07,0.0009852716560912486,0.9919401526645374,0.00021612463991695243,5.384688804037681e-09,0.0002843536547356974,0.0011304661375386984,2.7541143006564103e-05,4.8781109714197366e-08,0.005151818293281294,1.9647359525017132e-05,6.022239424410063e-07,1.2985076567429283e-06,1.221291202039439e-05,5.068861506100492e-06
17,8.24597644154293e-07,4.2471607157271084e-08,9.998160977825657e-07,0.0003147147474324632,5.059626806606335e-06,1.9222554564855307e-06,9.374175038119888e-07,5.204636049721357e-06,1.1275234604205701e-05,1.6544317254861106e-07,5.893994211122905e-07,0.0013960669510942468,0.9887985343540265,0.00028101769866422353,1.3008509577436225e-08,0.00047157797751628167,0.0011111150578756869,4.0918381007660734e-05,9.602226801061895e-08,0.007490463313547808,3.3868513743765006e-05,9.293244658214623e-07,2.2862532862542736e-06,2.2277744680048867e-05,9.099753518215687e-06
18,5.665358120523956e-07,2.7647324992708208e-08,6.016021982561447e-07,0.0002863165433432904,3.907916317732472e-06,1.2452029297609963e-06,6.056350678499925e-07,4.411120706243586e-06,8.348456797616504e-06,9.333096581090042e-08,4.776127819081334e-07,0.0012971477612356845,0.9898943267141428,0.000303697326229531,8.123121993559064e-09,0.0003906492043403179,0.0012854702857013791,3.501769838501676e-05,5.955127379785946e-08,0.0064340468749858794,2.8330996389673377e-05,8.970995866429069e-07,1.8328149692002918e-06,1.5027662291001928e-05,6.886283101521135e-06
19,5.646500562825322e-07,2.7757495178330492e-08,5.349789763963436e-07,0.00025388294316314473,5.207679143917464e-06,1.4348097293108321e-06,5.792266984075922e-07,5.344260685707942e-06,7.371495980477805e-06,9.534442852778953e-08,5.833244652528364e-07,0.0010452604908311263,0.988194385027625,0.000363808176080296,8.791222341101378e-09,0.000386883585580798,0.0017441190274845586,3.763241011575403e-05,6.58276792313822e-08,0.007899585143301092,2.846643545518338e-05,8.798807505867033e-07,2.0487444130064303e-06,1.3979601436141686e-05,7.2503872023812995e-06
20,3.578863642036174e-07,1.4605319324690577e-08,1.6213117062540889e-07,7.628677534608618e-05,2.911725711567862e-06,4.741305999891108e-07,1.951073700752314e-07,5.780140802992031e-07,4.2965371386662966e-06,2.487543896770512e-08,8.75065577003369e-08,0.0004581685076142515,0.9948347374914719,0.00011795579022893949,1.1184336604601682e-09,9.091589773441958e-05,0.0005866221174926082,1.1564885153732413e-05,1.9309899469473685e-08,0.0037940512051309575,1.0613294221420181e-05,7.833246383099725e-08,5.175818055925364e-07,5.806203077909059e-06,3.5589701737307762e-06
21,5.892989112354762e-07,2.7480430295205934e-08,6.120307939440353e-07,0.0002518269590473269,4.4646139182643915e-06,1.3478455953313832e-06,6.119392650347795e-07,5.0026711863449735e-06,7.835018829222541e-06,9.76979583316863e-08,5.37446918327801e-07,0.0011384418937400137,0.9894956972561384,0.0002854459926803942,9.486337702660547e-09,0.0003427684743944463,0.001687360558638446,3.637166831034509e-05,7.226506648892898e-08,0.006685159573366421,3.032932406731109e-05,1.0589877868339735e-06,2.0920643136594633e-06,1.4816612024954444e-05,7.4228402807049016e-06
22,5.585221266011685e-07,2.673025856336946e-08,5.412477716196322e-07,0.0002714627052444839,3.810552633211844e-06,1.1569329199941672e-06,5.558915780064552e-07,3.91465236600679e-06,7.81499024230685e-06,8.839457792726808e-08,4.2545327360869874e-07,0.0012396201089892279,0.9899860143288286,0.00031221192879037215,7.450353887112505e-09,0.0003502943804901799,0.0013675008703355556,3.612578905382193e-05,5.282036840622346e-08,0.006367180699846656,2.7652131265079216e-05,8.569406087154896e-07,1.6880940966039482e-06,1.3225145404300179e-05,7.2132385761091664e-06
23,5.536903004610625e-07,2.6661626693100314e-08,5.390563110581611e-07,0.0002707397196847036,3.806489279139596e-06,1.1504565964250586e-06,5.558801684774102e-07,3.888765484096342e-06,7.78905938181333e-06,8.82732142626884e-08,4.2303382307542584e-07,0.001239755171630095,0.9899898673618986,0.000310522893407463,7.420646072783996e-09,0.00035014222471624107,0.0013576030639113976,3.5708236430913724e-05,5.257828545323697e-08,0.0063762402177593835,2.7596703129817084e-05,8.513108231290987e-07,1.6924914731794064e-06,1.3209943976925626e-05,7.189296041433531e-06
24,4.5518559711918665e-07,2.2590096936593278e-08,8.772654565839845e-07,0.00022833472548105724,4.0082955118965324e-06,1.6766202562775744e-06,8.372062600984333e-07,7.177510286469409e-06,9.902283025966485e-06,1.2832050468566415e-07,7.569887861906646e-07,0.001461935493446755,0.9898706587520802,0.0001734268814077252,1.784552384869433e-08,0.0005497558328579574,0.0013806548783731746,3.2436120350742e-05,1.2842349151593205e-07,0.006190957598375894,5.161880309270478e-05,1.9214795868782296e-06,2.654203095961126e-06,2.3294336676228286e-05,6.36236037726761e-06
25,3.9195885257567524e-07,1.8373380179863076e-08,3.514360794480217e-07,0.0001303134093277071,2.4333324606925478e-06,6.630899318311531e-07,3.332283784817974e-07,1.1962188148438516e-06,6.185977522691904e-06,6.284650483766117e-08,1.3264584995646208e-07,0.0008069698959036253,0.9933814401306011,0.00010737517890874743,4.551990507791278e-09,0.0001726949171858514,0.0009619326767116461,2.155388946990562e-05,3.319928089841702e-08,0.004367682325084617,2.2762302460272343e-05,4.3483026714458005e-07,9.012764113474216e-07,7.610007274736215e-06,6.522301346218126e-06
26,5.381287097248549e-07,2.4105079151389042e-08,5.129709165056813e-07,0.00023839691585057833,3.46336623896156e-06,1.0561998326836498e-06,4.961638563239405e-07,3.3923733975877298e-06,7.260186556825901e-06,7.83347586072023e-08,3.656737049988408e-07,0.0011227484487185374,0.990865840216636,0.00026114585926711184,6.172574557849129e-09,0.0003007756965430863,0.0012623542538877043,3.2421687118354456e-05,5.005662902703943e-08,0.005852417457435904,2.5203211962345573e-05,7.201784968385296e-07,1.5202042980140622e-06,1.2807769785634153e-05,6.404367744967432e-06
27,5.364762569677571e-07,2.4087357951888417e-08,4.806477958318623e-07,0.00022498779583755258,3.4728911083551264e-06,9.774317601433853e-07,4.916249837857004e-07,2.863188101629937e-06,6.840825730597803e-06,7.521127087226895e-08,3.1653670349523254e-07,0.0011172877326668029,0.9912433397631182,0.0002656987057986248,5.4689014314382904e-09,0.0002784518112953213,0.001132036706348367,3.044028783762036e-05,4.289534448724986e-08,0.005648060612966597,2.347361623821777e-05,5.815098320279212e-07,1.3824370004919545e-06,1.1455235080091911e-05,6.676500664453514e-06
28,5.536903004610625e-07,2.6661626693100314e-08,5.390563110581611e-07,0.0002707397196847036,3.806489279139596e-06,1.1504565964250586e-06,5.558801684774102e-07,3.888765484096342e-06,7.78905938181333e-06,8.82732142626884e-08,4.2303382307542584e-07,0.001239755171630095,0.9899898673618986,0.000310522893407463,7.420646072783996e-09,0.00035014222471624107,0.0013576030639113976,3.5708236430913724e-05,5.257828545323697e-08,0.0063762402177593835,2.7596703129817084e-05,8.513108231290987e-07,1.6924914731794064e-06,1.3209943976925626e-05,7.189296041433531e-06
29,5.536903004610625e-07,2.6661626693100314e-08,5.390563110581611e-07,0.0002707397196847036,3.806489279139596e-06,1.1504565964250586e-06,5.558801684774102e-07,3.888765484096342e-06,7.78905938181333e-06,8.82732142626884e-08,4.2303382307542584e-07,0.001239755171630095,0.9899898673618986,0.000310522893407463,7.420646072783996e-09,0.00035014222471624107,0.0013576030639113976,3.5708236430913724e-05,5.257828545323697e-08,0.0063762402177593835,2.7596703129817084e-05,8.513108231290987e-07,1.6924914731794064e-06,1.3209943976925626e-05,7.189296041433531e-06
30,5.536903004610625e-07,2.6661626693100314e-08,5.390563110581611e-07,0.0002707397196847036,3.806489279139596e-06,1.1504565964250586e-06,5.558801684774102e-07,3.888765484096342e-06,7.78905938181333e-06,8.82732142626884e-08,4.2303382307542584e-07,0.001239755171630095,0.9899898673618986,0.000310522893407463,7.420646072783996e-09,0.00035014222471624107,0.0013576030639113976,3.5708236430913724e-05,5.257828545323697e-08,0.0063762402177593835,2.7596703129817084e-05,8.513108231290987e-07,1.6924914731794064e-06,1.3209943976925626e-05,7.189296041433531e-06
31,5.418972770931771e-07,2.687107144037786e-08,5.312162799382282e-07,0.00027319445773215897,3.811892134474653e-06,1.1503686874991771e-06,5.587406049893079e-07,3.815701994320903e-06,7.847766126848019e-06,8.955117960229192e-08,4.201627491529818e-07,0.0012533190791972455,0.9899127602029064,0.0003137815476283268,7.482900259278732e-09,0.0003544918334303767,0.001350992637423748,3.5568815898275064e-05,5.202092148914052e-08,0.0064359560596964184,2.8032084342130816e-05,8.626789430263064e-07,1.7104903985355318e-06,1.3214230492327494e-05,7.262209983869406e-06
32,5.596511264182158e-07,2.680544797163211e-08,5.45668389817626e-07,0.00026886863327378174,3.819515414038304e-06,1.1561495096199995e-06,5.60596740784385e-07,3.907897260797594e-06,7.853928807313647e-06,8.838765489333108e-08,4.267290309208918e-07,0.0012443948142368683,0.9900385097834399,0.00030720895943500877,7.489577897322592e-09,0.0003495250531432696,0.0013533818829836854,3.5631913300767877e-05,5.366740711119915e-08,0.00633268991021764,2.7695535528594324e-05,8.55195890619773e-07,1.6974894627869683e-06,1.3353477820006813e-05,7.180864899479215e-06
33,1.1151280390012431e-06,6.393179644243799e-08,1.144912774578097e-06,0.0003782145122286728,6.493822681802585e-06,1.5552132097602209e-06,1.2872486719889787e-06,4.330809549053675e-06,1.4598735207246518e-05,1.7581366218755216e-07,4.902023384446915e-07,0.002004622451111496,0.9879244614358546,0.0003943514741100385,1.855387052427373e-08,0.00041591153214236206,0.0010326649217599598,4.717740140560529e-05,6.633941342212212e-08,0.007699696043725663,3.573641520227165e-05,9.7107845789841e-07,2.3187320860628444e-06,1.5538670738964715e-05,1.6994619962016874e-05
34,3.7625221621228333e-07,3.361347170825011e-08,5.010645583574493e-07,0.0005497242719560869,4.948635153294013e-06,1.5557496664141662e-06,7.260789212553202e-07,6.029104701630958e-06,7.384835320460393e-06,1.9455418484852461e-07,5.68708979466885e-07,0.001454108504980499,0.9808634166842637,0.0005989035497246584,1.160454901557152e-08,0.0007628663903704715,0.0020547729211186465,4.6250424766280315e-05,4.5780494633522215e-08,0.01357284002637597,4.4770523251647055e-05,1.5886638526951725e-06,3.3775653838769073e-06,1.490370036157136e-05,1.010079137627221e-05
35,6.554407547597829e-07,2.6432266279831277e-08,5.936412061144397e-07,0.0002664243082677738,3.7198363627801804e-06,1.150691909950058e-06,5.698051695690388e-07,4.229257256938893e-06,8.16681139838044e-06,8.532355447916357e-08,4.3129009803818004e-07,0.0012587598134922201,0.9904925030057291,0.0002928598334629431,7.324430075799991e-09,0.0003343057224942911,0.0014071461248879374,4.051289063215356e-05,5.673358988712726e-08,0.005836870797361392,2.7650444625418268e-05,8.831383984705242e-07,1.5547571471535262e-06,1.3700681249447707e-05,7.135894254607117e-06
36,5.453632726881744e-07,2.4899301553191024e-08,5.29442746469545e-07,0.00026094520717196166,3.5969876621606825e-06,1.0854381389293022e-06,5.372783738215311e-07,3.8521515672202475e-06,7.5823655928705205e-06,8.121938143010434e-08,4.133684449601926e-07,0.0012551331645765202,0.9903908466187058,0.00030137197178966543,7.167420264209669e-09,0.00034144657015775307,0.0013294752739294907,3.482240979631235e-05,5.0827669281911055e-08,0.00601932845559061,2.6380115687461247e-05,8.376611576218237e-07,1.580877671164426e-06,1.2576351319664759e-05,6.948812874094406e-06
37,5.410558011864674e-07,2.933161133345311e-08,5.446238885109033e-07,0.0003045688611891844,4.301508242454596e-06,1.2739963067391446e-06,6.052392116561045e-07,4.491768770225613e-06,8.206764133783334e-06,9.920527879719069e-08,4.983118456513175e-07,0.001320694738560038,0.9887420928539261,0.0003751034822219349,9.123396798581184e-09,0.00041684542418183446,0.0015010469301116028,3.782487525642687e-05,5.521426895899474e-08,0.007227354317637142,2.957728241196952e-05,1.0004078275688638e-06,1.939536699273608e-06,1.3268884645479937e-05,8.026262575198484e-06
38,5.427828187609334e-07,2.535730587422984e-08,5.288622575871403e-07,0.0002454142809697946,3.7812384899896115e-06,1.1328155946851474e-06,5.512351072546868e-07,3.589622003148099e-06,7.681090566603777e-06,8.337026943352367e-08,3.984967432150299e-07,0.0011811421346398763,0.9906520952667908,0.00028133570953571015,7.236019456758561e-09,0.0003327494216721761,0.0012409600041280154,3.32179772528609e-05,5.1680880110547216e-08,0.0059669761419379515,2.5754431621791274e-05,7.472850121265078e-07,1.553052633453742e-06,1.2693347907716674e-05,6.987157841583507e-06
39,7.254493353088123e-07,8.309713455168466e-08,4.66782151984595e-07,0.0003970383714961256,6.498937949888508e-06,1.0517365887170204e-06,7.412417287913642e-07,2.5895574575440475e-06,9.952154247011437e-06,1.3676917737462317e-07,4.704834714430106e-07,0.0018904245275198424,0.9839655607844541,0.0007848248157891389,7.294439181626214e-09,0.00032332145472976914,0.0015418042528144956,3.629862352725822e-05,5.198649047895539e-08,0.010973446379685121,3.229093654134459e-05,9.826912797852778e-07,3.2530460503963627e-06,1.562807626425097e-05,1.2350549676128968e-05
40,4.543780170176533e-07,2.5086568307999893e-08,5.277453848772243e-07,0.000331869971970455,4.041228175628542e-06,1.3520163120612619e-06,5.594842518648478e-07,5.203606453947864e-06,7.035470535831675e-06,1.1717765505581947e-07,4.872829925859102e-07,0.001111551634271667,0.9868006384744167,0.0003237093640052245,7.65836607086209e-09,0.0004886429736736566,0.001644708611346315,3.696986055311433e-05,5.8004715758368424e-08,0.009183385487752735,3.277529817547172e-05,9.919784164947962e-07,2.2870816053218083e-06,1.6203091701466808e-05,6.3970326823294015e-06
41,6.696887340920158e-07,4.0245082437298474e-08,6.719564157459163e-07,0.00044264423399037565,4.259164686171448e-06,1.6808971220480223e-06,6.616154508731279e-07,6.346557297673078e-06,9.013982636257233e-06,1.5637327563440246e-07,7.194397930248105e-07,0.0016468824362628677,0.985036858662654,0.000520679237282835,1.1332328862155626e-08,0.000519377907034706,0.002268463525180906,5.645419591178989e-05,8.617431688690517e-08,0.009403195634519334,4.631906006786528e-05,1.9714908135967586e-06,3.0486587455866807e-06,2.048059198915169e-05,9.306938407333212e-06
42,5.363099963856537e-07,2.5699523494745332e-08,5.622107006668648e-07,0.0002837858918402139,3.615218399357525e-06,1.1864997663251901e-06,5.576651417130365e-07,4.281526674293786e-06,7.961499603851659e-06,9.104467772310055e-08,4.50005946493331e-07,0.001281370179516251,0.9898154852189954,0.0002979818031809048,7.95334192703104e-09,0.000386548491801669,0.0013790839198652499,3.622013951452005e-05,5.6690061509259915e-08,0.0064474444394012655,2.900116946303165e-05,9.586947090439979e-07,1.7606310288322175e-06,1.4148985334331718e-05,6.878111515451241e-06
43,5.652113137970774e-07,2.9211479326890446e-08,5.607959911161563e-07,0.00030024383370092525,4.090613285424726e-06,1.3058990117784019e-06,5.845491315039959e-07,4.242818632060671e-06,8.158537308956976e-06,1.0603039333645434e-07,4.5733543144707234e-07,0.0012392767993608395,0.9888907756653338,0.0003363479065391574,8.252023790927195e-09,0.0003921407889063987,0.0015315056745460536,4.021510951419068e-05,5.734348175213293e-08,0.007192134742309021,3.2110763756603815e-05,9.87114202728208e-07,1.926658809333319e-06,1.4449089769708174e-05,7.719255766858988e-06
44,5.536903004610625e-07,2.6661626693100314e-08,5.390563110581611e-07,0.0002707397196847036,3.806489279139596e-06,1.1504565964250586e-06,5.558801684774102e-07,3.888765484096342e-06,7.78905938181333e-06,8.82732142626884e-08,4.2303382307542584e-07,0.001239755171630095,0.9899898673618986,0.000310522893407463,7.420646072783996e-09,0.00035014222471624107,0.0013576030639113976,3.5708236430913724e-05,5.257828545323697e-08,0.0063762402177593835,2.7596703129817084e-05,8.513108231290987e-07,1.6924914731794064e-06,1.3209943976925626e-05,7.189296041433531e-06
45,5.559267950011472e-07,2.8119347075420733e-08,5.08775761791125e-07,0.000262206739808607,3.899963376032222e-06,1.1176155928930289e-06,5.36863498694996e-07,3.4771521556932627e-06,7.6100330726348085e-06,8.837103101373293e-08,3.961102826354895e-07,0.0012123873097705106,0.9899340572448377,0.00031558552519894787,6.783273601871275e-09,0.0003228974219671379,0.0013658333868785213,3.446435876073959e-05,5.11996980761124e-08,0.006483692651462043,2.7705644352010808e-05,7.966632900483745e-07,1.735864151089036e-06,1.3060524553943883e-05,7.299751083948084e-06
46,1.4088126377393723e-06,9.12881213987529e-08,1.1539564081421486e-06,0.000438872683531798,1.0987221758364074e-05,2.308159999715892e-06,1.762519110260502e-06,7.449415372826268e-06,1.5160037995877858e-05,2.4664657401292055e-07,9.331672367532594e-07,0.002033975424468219,0.983367820773397,0.0006789872997042507,1.4935333172282565e-08,0.0005880787153044838,0.0012728047081713744,6.114168910614089e-05,1.1482764764751087e-07,0.011426427613819406,4.291093959963518e-05,9.556966284532923e-07,3.5387906152635774e-06,2.8935665331068458e-05,1.3919012126813781e-05
47,5.270567847808069e-07,2.461207704207807e-08,5.100335822588637e-07,0.00025131193740105494,3.5230591915189166e-06,1.0540947137806963e-06,5.185355862325578e-07,3.5166652600455068e-06,7.5052581081338024e-06,8.039174347718566e-08,3.8060797455462677e-07,0.0012112623307217638,0.9905619925407575,0.00028168003717876915,6.844978260450697e-09,0.00032693111703674274,0.0012866863518033115,3.340986381780055e-05,4.916645288363875e-08,0.005981245178086477,2.6219279764034378e-05,7.913075959103919e-07,1.5481259847323507e-06,1.2382456617384584e-05,6.843146781545862e-06
48,5.541604971314668e-07,2.6681867762841367e-08,5.38231061522816e-07,0.00027002547161464487,3.8080860310834317e-06,1.1515778199508212e-06,5.544537183059064e-07,3.886121892833624e-06,7.77635110274161e-06,8.815185470067597e-08,4.235962185139699e-07,0.001235404077737768,0.9899987076052328,0.00030977738087420057,7.3913452390104314e-09,0.0003490488232854581,0.001360259844228397,3.562535739104857e-05,5.28387926261974e-08,0.006371796648443587,2.7532212653061786e-05,8.49789908288461e-07,1.6949384583379395e-06,1.3247617895273091e-05,7.1625900749854085e-06
49,5.43805094177516e-07,2.637677873059725e-08,5.377306033356498e-07,0.0002723680465342928,3.6738313901044303e-06,1.1333167100170659e-06,5.471113739487294e-07,3.7840169144130284e-06,7.69277918815815e-06,8.829613114688701e-08,4.118896787593539e-07,0.0012490447293884198,0.9900474568359436,0.00030783872429230463,7.303262277477474e-09,0.0003463920649860266,0.0013367372865334415,3.530557048175868e-05,5.139534155199968e-08,0.006335901152032818,2.7606690042614723e-05,8.516753331056061e-07,1.6841098245250166e-06,1.314333867450904e-05,7.1719234660284045e-06
50,5.267413655662119e-07,2.4986203265326094e-08,5.214481871650018e-07,0.0002620052100203325,3.5181357175461144e-06,1.1065103606339586e-06,5.202122386975403e-07,3.6652680086948066e-06,7.743677585837616e-06,8.25876328710097e-08,4.0017800036675476e-07,0.0012210229945340623,0.9903995071665354,0.0002901204880065003,7.105664758471464e-09,0.0003412078402347685,0.0013043755405928155,3.463954563318428e-05,5.087829794849294e-08,0.006079535933751211,2.7220481926872324e-05,8.361407394018451e-07,1.5887057268827188e-06,1.297515855198683e-05,6.797064483342698e-06
51,3.4539248885750124e-07,1.5170424632277338e-08,3.9414825141620804e-07,0.0001625930514578782,2.9985777096636604e-06,8.923180739841905e-07,4.223949401319351e-07,2.606431939573501e-06,5.718222386771853e-06,5.96027958707156e-08,2.844390889230291e-07,0.0009393565981041663,0.9924526687537475,0.00017641413084711042,5.044807533674616e-09,0.00027761213294271803,0.0009389443254523754,2.1094117662147862e-05,4.1033861001204634e-08,0.004978516032450557,2.176968662059296e-05,4.905795116407188e-07,1.2306291065193481e-06,1.0637070791077268e-05,4.890114537162181e-06
52,5.358557540804437e-07,2.754200443287244e-08,5.494579802672114e-07,0.00027055402933135977,3.7203724865921463e-06,1.0693163554057061e-06,5.797526196258146e-07,3.6488401877515773e-06,7.894326686317781e-06,8.748151384461981e-08,4.074242125075019e-07,0.0013269682099223748,0.9902534090722187,0.00028642775767376456,7.154167846478329e-09,0.00034372661805506897,0.0012299547814165087,3.0857991722808705e-05,5.348641619221018e-08,0.006188430532806053,2.767699558691366e-05,8.334420121613489e-07,1.8218423588891815e-06,1.3816960929549895e-05,6.940755581168257e-06
53,5.983360084163655e-07,2.6194425996423966e-08,5.355740234932941e-07,0.00026969415731569856,3.4727749546806685e-06,1.1991044674822545e-06,4.815911377480604e-07,3.893893452830067e-06,7.842748388617383e-06,8.5638172637242e-08,4.196964174828403e-07,0.0011852807645927625,0.9900600505661494,0.0003129744817016388,7.461391750579604e-09,0.00033462288139588436,0.0015675819478054925,4.130449511341978e-05,5.532673196685259e-08,0.006158574512582382,2.8683440664463882e-05,9.4363605914756e-07,1.555265333172204e-06,1.2793442812394289e-05,7.322068900994061e-06
54,5.137026975282057e-07,2.2319909954119824e-08,5.101279914707951e-07,0.00024199722241530452,3.366944523620585e-06,1.0848607772621788e-06,4.931106762412842e-07,3.7182839464197963e-06,7.2106522623300575e-06,7.670216095703843e-08,3.947693164251216e-07,0.0011186052137321177,0.9909570212235098,0.0002600572996640012,6.0325857748097584e-09,0.00031834160620624013,0.0013048781576943539,3.348221179959259e-05,5.214677026465378e-08,0.005699777340600732,2.6581452197016172e-05,7.830116776247588e-07,1.5323153327940058e-06,1.3651571170030623e-05,5.841720382203733e-06
55,6.790375851012456e-07,4.6102019540648254e-08,6.922362210316995e-07,0.00044631881163405686,6.547658237830357e-06,2.000391412351611e-06,7.975768361355274e-07,7.724028683726453e-06,9.09773203522436e-06,1.7109282115072104e-07,8.740811731120172e-07,0.001398442391282141,0.9828696317240563,0.0006414773290966252,1.4038217811088807e-08,0.0005841685598683776,0.0023597107446689685,5.336955431682788e-05,8.258813068333433e-08,0.011543844355815085,4.03519523759633e-05,1.5872143421758565e-06,3.4573382968472052e-06,1.829937066924296e-05,1.0614090203821341e-05
56,5.488469808614208e-07,2.6008275277413334e-08,5.311606894218952e-07,0.00026233229925280417,3.7108612429975013e-06,1.1196247984033958e-06,5.433350898162677e-07,3.743780262573619e-06,7.68367404486094e-06,8.516070788955654e-08,4.0888779813596574e-07,0.001227559235822856,0.9902546015205704,0.00030024179011634683,7.176813700883857e-09,0.0003381836263495255,0.0013280105833338987,3.483177666481269e-05,5.1645906635086505e-08,0.0061863242451392205,2.69763189026523e-05,8.235662512992395e-07,1.6377150723709412e-06,1.2956519205076144e-05,7.06064070798369e-06
57,8.723380131338684e-07,5.43147240339723e-08,7.408629401863711e-07,0.0004932524731877411,7.545138999349549e-06,2.4763702446939963e-06,8.889664865550272e-07,8.114631609723611e-06,1.0607842950588714e-05,1.8598725225091726e-07,9.78270462041783e-07,0.0013405532739318544,0.9835359796077136,0.000757342274840881,1.406813209084625e-08,0.0005779822871536818,0.0024852379185686373,7.234087555758894e-05,8.891751879085925e-08,0.010625603961120559,4.2296872084277164e-05,1.5717365176981116e-06,3.2048246319405897e-06,2.0606901215040513e-05,1.1459284143132386e-05
58,5.458836428370209e-07,2.5774886756664297e-08,5.324725952694801e-07,0.0002595526280619876,3.671766951076771e-06,1.1140775424671756e-06,5.414792071247713e-07,3.7119851541627615e-06,7.670150066627806e-06,8.41740341122614e-08,4.0731734862221837e-07,0.0012255774141063948,0.9903749279982191,0.00029412313203072883,7.033163810197144e-09,0.0003346659697172257,0.001298980137810184,3.4204233416828346e-05,5.1960158509476786e-08,0.006110191559064514,2.6890278596010348e-05,8.107070116156255e-07,1.6355349172524677e-06,1.3175034597456324e-05,6.901297699222729e-06
59,5.47721181418428e-07,2.615927151933521e-08,5.437805481120832e-07,0.0002658778856757344,3.712032639825382e-06,1.1348682914824522e-06,5.518963249627225e-07,3.810605409088306e-06,7.73504815084823e-06,8.727785635321442e-08,4.1378849779447694e-07,0.0012325166486837182,0.9901739814242048,0.0002968093118020876,7.221599904029326e-09,0.00034365290653329993,0.0013141160557599086,3.470353405100418e-05,5.2644475571010275e-08,0.006269318743531639,2.7492468454533523e-05,8.315233155771678e-07,1.6800426042888e-06,1.3411896977259122e-05,6.984514159724674e-06
60,5.536903004610625e-07,2.6661626693100314e-08,5.390563110581611e-07,0.0002707397196847036,3.806489279139596e-06,1.1504565964250586e-06,5.558801684774102e-07,3.888765484096342e-06,7.78905938181333e-06,8.82732142626884e-08,4.2303382307542584e-07,0.001239755171630095,0.9899898673618986,0.000310522893407463,7.420646072783996e-09,0.00035014222471624107,0.0013576030639113976,3.5708236430913724e-05,5.257828545323697e-08,0.0063762402177593835,2.7596703129817084e-05,8.513108231290987e-07,1.6924914731794064e-06,1.3209943976925626e-05,7.189296041433531e-06
61,5.563037736990575e-07,2.6593461801469632e-08,5.474302479611674e-07,0.00026752907393327245,3.7623471092261375e-06,1.144790058106562e-06,5.565198587213857e-07,3.840997795341737e-06,7.785179948287176e-06,8.800496529770568e-08,4.1813757968922506e-07,0.0012350189308716658,0.9901240562224995,0.000300609056652233,7.277760211879925e-09,0.0003438409756765116,0.0013254211346621966,3.5019123069614536e-05,5.314243418968741e-08,0.006299146639281047,2.751844633107465e-05,8.34724719944909e-07,1.6937329807169282e-06,1.3466666463525231e-05,7.058547866317348e-06
62,5.536903004610625e-07,2.6661626693100314e-08,5.390563110581611e-07,0.0002707397196847036,3.806489279139596e-06,1.1504565964250586e-06,5.558801684774102e-07,3.888765484096342e-06,7.78905938181333e-06,8.82732142626884e-08,4.2303382307542584e-07,0.001239755171630095,0.9899898673618986,0.000310522893407463,7.420646072783996e-09,0.00035014222471624107,0.0013576030639113976,3.5708236430913724e-05,5.257828545323697e-08,0.0063762402177593835,2.7596703129817084e-05,8.513108231290987e-07,1.6924914731794064e-06,1.3209943976925626e-05,7.189296041433531e-06
63,5.639090911424609e-07,2.7429029765623783e-08,5.456851348114403e-07,0.0002727548593350783,3.855605269563028e-06,1.15890838646586e-06,5.617976975209587e-07,3.8639549690321375e-06,7.886733731008028e-06,8.974534534093606e-08,4.22988557694631e-07,0.001244399589436804,0.989941805410008,0.0003122346568476132,7.495008289453624e-09,0.00034869507656737066,0.0013605672294853563,3.587866752535349e-05,5.3074217526291047e-08,0.006413665613799701,2.7793426672719403e-05,8.528536535423577e-07,1.713544386202871e-06,1.3292303616773335e-05,7.309442227384586e-06
64,5.509810443778852e-07,2.6904497087019325e-08,5.415160237262444e-07,0.00027323864760154745,3.8026961849084447e-06,1.1625083556684314e-06,5.56675183280787e-07,3.85261476106112e-06,7.859981304286272e-06,9.001511201064937e-08,4.2120218178198845e-07,0.001245196866289766,0.9899285030620374,0.00031065745474972674,7.48342656943689e-09,0.00035215732767323156,0.0013609533302266217,3.5923986771291734e-05,5.278506574639895e-08,0.006422768205657828,2.8482553918425796e-05,8.649951975226685e-07,1.7192220408257698e-06,1.3363764219613651e-05,7.245220475615656e-06
65,3.983763515664078e-07,1.309560642733502e-08,3.8709726181667755e-07,0.000149020277766987,2.092668472737694e-06,7.035472836248642e-07,3.497200223207673e-07,2.2923012806854513e-06,6.4115522991045285e-06,3.970537559934277e-08,2.547032156488966e-07,0.0010481549642455603,0.9942967314646027,0.0001497376104738645,4.0953221642479095e-09,0.0002236572907785124,0.0008942915095646425,2.3967222546304958e-05,3.94118303880921e-08,0.0031671377641713265,1.9049288467264822e-05,5.626380940688385e-07,8.010494771990189e-07,9.798607267043773e-06,4.104038222394042e-06
66,6.551397115178515e-07,3.2383161448032646e-08,6.37430843917575e-07,0.0005038089076967094,4.151310946673326e-06,1.4620245208901956e-06,7.54962214737845e-07,8.349029127840992e-06,9.40579647782255e-06,1.0392842349116697e-07,8.346685757411228e-07,0.002072262098453124,0.987177997388605,0.0007067935530151772,1.339571020378748e-08,0.000609916368155722,0.0019096277985111705,6.0100109499991916e-05,6.098095976028639e-08,0.006872846355364737,3.294292581110429e-05,1.8252410887035376e-06,2.0748323064643203e-06,1.3383391900686537e-05,9.95997891740482e-06
67,9.49543068811977e-07,4.0814849829231915e-08,9.021431668827482e-07,0.0003115629772998332,4.998781072461562e-06,1.3909814762072665e-06,9.258028259203951e-07,5.830212239434931e-06,1.1721747684085984e-05,1.1508222920576836e-07,6.396174641785801e-07,0.001740485091583621,0.9894879031924603,0.00034228138378718167,1.2119282878901169e-08,0.00040740218111349173,0.0014243971122309862,4.7319787507776585e-05,8.682177615833791e-08,0.006147030861949099,3.3433729830676196e-05,1.2702742396047514e-06,2.0322466063045245e-06,1.7931229429277505e-05,9.3362648258864e-06
68,5.52837736583194e-07,2.6890676719813702e-08,5.372724515678609e-07,0.00026807932252921835,3.924976813860005e-06,1.1665579671195077e-06,5.653601795825312e-07,3.920075484419393e-06,7.876824136087765e-06,8.886834560525501e-08,4.295246726188887e-07,0.0012314298841637256,0.9899326212204549,0.00031204767117555386,7.676584347081395e-09,0.00035454089496367135,0.0013659384623391285,3.571284491184822e-05,5.3138609749360177e-08,0.006429997004436814,2.7548098154602736e-05,8.517285664597383e-07,1.6957135051123391e-06,1.3088347164653286e-05,7.298803976085054e-06
69,6.839248737697587e-07,3.050075856965575e-08,5.555195958851025e-07,0.000273930898283803,4.296659306565237e-06,1.1989874974109598e-06,6.167929050102253e-07,4.109753280046673e-06,8.927865828498595e-06,9.35340421665459e-08,4.4121184059213884e-07,0.0013080962606291245,0.9897555515550065,0.0003432187977491178,9.041479242551422e-09,0.0003548594617374909,0.0015813559660358457,4.438608703645675e-05,5.5582808632253715e-08,0.006267801944718415,2.6447424063682162e-05,9.713046626931843e-07,1.5346084818948675e-06,1.1807801267447616e-05,9.018516111109746e-06
70,5.576192378712008e-07,2.7135913882147126e-08,5.441588468469913e-07,0.0002725427551510861,3.851434522829532e-06,1.171089130433597e-06,5.642034510938013e-07,3.919490177481128e-06,7.904441479343487e-06,8.989401930644703e-08,4.3110954599380024e-07,0.001250954980991924,0.9899538174566739,0.0003118113532001833,7.55496843413322e-09,0.0003536573789572035,0.0013632141424467965,3.597916916271196e-05,5.400291311373729e-08,0.006387293812318077,2.825122496762653e-05,8.698900008111116e-07,1.7272036876149087e-06,1.3528520602025444e-05,7.229977633291364e-06
71,8.448725472013951e-07,3.201651738153811e-08,8.975058301750268e-07,0.00040087551947911134,3.607349681993699e-06,2.0476457301877895e-06,7.403523896161719e-07,7.944916155303035e-06,1.1593015372833098e-05,1.2322377043317475e-07,9.000021224864176e-07,0.0017015524808147494,0.9894261048915988,0.0004117736840881303,1.4064891250316709e-08,0.0005380041161497332,0.0018908357233155672,6.950568842456722e-05,1.0830280942325337e-07,0.005457434177161317,4.0796988658673355e-05,2.1679325036689645e-06,1.9500634424583303e-06,2.2015312296932463e-05,8.130154248099262e-06
