,0,1,2,3,4,5,6,7,8,9,10,11,12,13,14,15,16,17,18,19,20,21,22,23,24
0,2.6873289589065744e-07,1.2417223384871526e-06,3.2603964404319148e-06,0.0003437343297323128,5.047433555043655e-06,7.705291356003002e-06,0.00012401682471256914,0.0002960356711292681,2.7384525457056256e-08,1.43703000053339e-07,0.00023901522424326897,0.0051046525164289615,0.9926410292026192,0.0001773970526648661,2.685781462557089e-08,0.0002327876375179127,0.0005887883001770858,8.251230092931093e-05,6.904056757790551e-05,4.65296436533564e-06,6.159047637295383e-05,8.890123708015516e-06,8.12602337201902e-06,4.0408056532101566e-10,8.858442313279972e-09
1,3.0560671420801344e-07,1.3437189128100751e-06,3.203684885339322e-06,0.0002925124841582652,5.410901576614289e-06,9.405088511244438e-06,0.00015103928567371833,0.00034581276795471954,3.195671002297478e-08,1.5269824696970068e-07,0.00022640974640142478,0.005565156174540667,0.9921014512674384,0.00016774968522001343,3.352425889878252e-08,0.0002871360619961164,0.0005711250210116571,8.940612266809277e-05,9.043989245484061e-05,6.5483972928703e-06,6.540485235115262e-05,9.650651663112697e-06,1.0258503743500815e-05,4.3065756596025195e-10,1.147495790312388e-08
2,2.7497156501301513e-07,1.288005874829694e-06,2.767281889141719e-06,0.0002666256114755861,4.690194355342393e-06,8.2479289324534e-06,0.0001298315173826294,0.0002904577133339574,2.5797538715819873e-08,1.2368274535760615e-07,0.00021897533817042574,0.005741705464086042,0.9921300533620956,0.00015455618472194586,2.6695301047670665e-08,0.00025171447647755717,0.0005544132781821342,8.411549458452743e-05,7.805202383812614e-05,4.961780039303496e-06,6.0216270527339876e-05,8.162844023924438e-06,8.704273837871524e-06,3.447828524154383e-10,9.464238265154665e-09
3,2.9742881222846164e-07,1.3294263391470433e-06,3.212364356827507e-06,0.00029221281033612695,5.376543809785759e-06,9.375682106922288e-06,0.00015123639845668555,0.00033943774678077627,3.0666941807194186e-08,1.495888715133648e-07,0.0002262537227451188,0.005619186848347517,0.9920694469358424,0.00017308489806728842,3.3355402399586435e-08,0.0002752590480337466,0.0005605127803579515,9.03187117476398e-05,8.903461028862115e-05,6.591045786059585e-06,6.746354248849225e-05,9.783062703137222e-06,1.0360802205581167e-05,4.1961949019117054e-10,1.1559552991823854e-08
4,6.71586281949506e-07,1.6096237457713923e-06,8.475705357586356e-06,0.0008232724838347088,1.0725408747313453e-05,2.7801338193811487e-05,0.0005464785263171256,0.001052581140080878,7.665151007341992e-08,6.801011112234744e-07,0.0003587810373268406,0.007258233643852022,0.986764376580108,0.0003945098342505024,1.7000180748467702e-07,0.0009224628798546509,0.001068144047431886,0.0002227265534390102,0.0001909484674319814,3.4036731877559456e-05,0.00024212708403215138,3.5077929154098256e-05,3.598821203939979e-05,2.0062876724365724e-09,4.242592656769461e-08
5,3.063050635231304e-07,1.2960095274136254e-06,3.2581166304069754e-06,0.0003007987521092186,5.341506166781594e-06,9.255557641960086e-06,0.00015494977573663312,0.00034294544111147655,3.0568329222971936e-08,1.545999685095558e-07,0.00022579660802289522,0.005663468595868018,0.9919877505374817,0.00017622292417080477,3.295427802967903e-08,0.0002798268602671956,0.0005694585682090847,9.633514875087528e-05,8.757258677067428e-05,6.839160601457759e-06,6.80239455560027e-05,9.884703174151822e-06,1.0438446003001636e-05,4.353852483703071e-10,1.1893175766022737e-08
6,2.9742881222846164e-07,1.3294263391470433e-06,3.212364356827507e-06,0.00029221281033612695,5.376543809785759e-06,9.375682106922288e-06,0.00015123639845668555,0.00033943774678077627,3.0666941807194186e-08,1.495888715133648e-07,0.0002262537227451188,0.005619186848347517,0.9920694469358424,0.00017308489806728842,3.3355402399586435e-08,0.0002752590480337466,0.0005605127803579515,9.03187117476398e-05,8.903461028862115e-05,6.591045786059585e-06,6.746354248849225e-05,9.783062703137222e-06,1.0360802205581167e-05,4.1961949019117054e-10,1.1559552991823854e-08
7,3.589160203768249e-07,1.6390260620059055e-06,3.66344629004489e-06,0.0003841784941969264,7.721999135192283e-06,1.4218936136627062e-05,0.00021779650636049441,0.000391833215577175,4.300669583809595e-08,2.3399718669608605e-07,0.00028702054235022693,0.007311970890453558,0.9895984006589416,0.0002745185466137453,5.3957095609408626e-08,0.00041962902753498637,0.0007010672399634748,0.00012624131001409407,0.00011322318259207628,1.0438923353617794e-05,0.00010413168826348528,1.4172224933039479e-05,1.742321445588232e-05,6.104921760100182e-10,2.0439281495389355e-08
8,2.2321421332324287e-07,1.1501229485072351e-06,2.265604607611991e-06,0.00019942938907097283,4.087670448701058e-06,7.510461176289541e-06,0.00011775685217006597,0.0002677834668270356,2.150755851911099e-08,9.443098256399128e-08,0.00018430557475603674,0.00569892955076087,0.9924758561677599,0.00012264365355265733,2.165698644903051e-08,0.00022569221086473032,0.0004728477293232462,7.003393811448156e-05,7.891515314291393e-05,4.604456541487538e-06,5.146329862691259e-05,7.0360946894890285e-06,7.320064006329248e-06,2.3440675262437124e-10,7.496464352430318e-09
9,3.1236293863877014e-07,1.3197440690722129e-06,3.6072450835925335e-06,0.00032851002773232025,5.6955905764094835e-06,9.801759018037242e-06,0.00015403085240095222,0.0003668634870332903,3.3725797259888083e-08,1.6907636756405544e-07,0.00023822393753562032,0.005267213227016334,0.9922891578815558,0.00018649340597615867,3.719183493052823e-08,0.0002855916323587562,0.0005816851273126626,9.166550674253323e-05,9.001453658221472e-05,7.274287502291468e-06,7.043498264329811e-05,1.064120734339253e-05,1.1210560376021218e-05,4.995608371929618e-10,1.2144641834381556e-08
10,2.9742881222846164e-07,1.3294263391470433e-06,3.212364356827507e-06,0.00029221281033612695,5.376543809785759e-06,9.375682106922288e-06,0.00015123639845668555,0.00033943774678077627,3.0666941807194186e-08,1.495888715133648e-07,0.0002262537227451188,0.005619186848347517,0.9920694469358424,0.00017308489806728842,3.3355402399586435e-08,0.0002752590480337466,0.0005605127803579515,9.03187117476398e-05,8.903461028862115e-05,6.591045786059585e-06,6.746354248849225e-05,9.783062703137222e-06,1.0360802205581167e-05,4.1961949019117054e-10,1.1559552991823854e-08
11,2.1957267661855077e-06,4.199988769599095e-06,3.600881836499981e-05,0.002941332952485412,8.746732351273153e-05,0.00010429720071161556,0.0018471525094137808,0.0013708855542621367,1.8069494087867274e-07,4.773502304721532e-06,0.0015101113269557285,0.021211937211068514,0.9581296717148214,0.0035558148306333716,1.1078311094042377e-06,0.0023010874103595296,0.0012225627130416493,0.0012103972244362055,0.0006509191992618355,0.00028132370714806324,0.0031053652288771257,0.0001631972333332954,0.0002575591834546145,1.28373828517892e-08,4.380765842158002e-07
12,2.955202318652802e-07,1.2436886886473164e-06,3.2217896151650214e-06,0.00029740408926219754,4.8581887698384895e-06,8.63317875671252e-06,0.00014494431337968897,0.00036409162331469866,2.9410945343021252e-08,1.4577169950999352e-07,0.00022201227444730774,0.0051925048571093355,0.9925004942649565,0.00015512956904674364,3.271397704823846e-08,0.0002717237437843142,0.0005738831719212063,8.260896890920405e-05,8.710660306930764e-05,5.895269253869437e-06,6.451234146463637e-05,9.739287542574621e-06,9.478890145617114e-06,4.165299380693639e-10,1.0053178563725652e-08
13,6.709376454319395e-07,1.856066268367888e-06,9.617350423553333e-06,0.0005934942723947893,1.2142232089744284e-05,2.7622989823338413e-05,0.0006687764468667795,0.0012051057180454709,9.400609346293327e-08,8.583445776300403e-07,0.0001951978663195903,0.007841313065913106,0.9864876064867822,0.000376113821298236,1.2852402472706923e-07,0.0008709365341958895,0.000897397852742005,0.00027745886141120497,0.00023329344624114408,5.4452793248851946e-05,0.00017710129913837746,4.231217914146567e-05,2.6384275807336212e-05,1.5139542081948726e-09,6.311555308811853e-08
14,2.8067082689461234e-07,1.3462435424008104e-06,2.954635966220865e-06,0.0002613306027818055,5.232964258866536e-06,9.177283283942343e-06,0.00014174565195227163,0.000302178898061627,2.7524775027718043e-08,1.3578046778141152e-07,0.00021966383484657491,0.0059288829559322855,0.9919032880085388,0.0001684355910196598,2.990360201209025e-08,0.0002629365660345605,0.0005267399839811428,8.863115959810814e-05,8.775406287312496e-05,6.113398029236492e-06,6.459799421003206e-05,8.963555519037436e-06,9.541511635929828e-06,3.646404508129822e-10,1.0853622052161501e-08
15,2.9742881222846164e-07,1.3294263391470433e-06,3.212364356827507e-06,0.00029221281033612695,5.376543809785759e-06,9.375682106922288e-06,0.00015123639845668555,0.00033943774678077627,3.0666941807194186e-08,1.495888715133648e-07,0.0002262537227451188,0.005619186848347517,0.9920694469358424,0.00017308489806728842,3.3355402399586435e-08,0.0002752590480337466,0.0005605127803579515,9.03187117476398e-05,8.903461028862115e-05,6.591045786059585e-06,6.746354248849225e-05,9.783062703137222e-06,1.0360802205581167e-05,4.1961949019117054e-10,1.1559552991823854e-08
16,2.555250486278795e-07,1.1049795158366557e-06,3.5157190524664184e-06,0.00026883475549772733,4.460056661307316e-06,8.35133987110073e-06,0.00010953185622548815,0.0004307882079066164,4.916757198925368e-08,9.708455677656999e-08,0.00017949840383443317,0.002664231340812659,0.9953538945488566,0.00010407935020793737,3.620783787922919e-08,0.00020549650197722322,0.0004966638456894078,4.356358763860499e-05,7.784142006656086e-05,5.351352644129659e-06,2.5491289585089795e-05,7.700018351123305e-06,9.155125478128116e-06,5.018392384229164e-10,7.813272765764875e-09
17,4.477825179702173e-07,2.0359903695729362e-06,6.988811899232252e-06,0.0007117303932282976,9.141716266623498e-06,3.037097726162553e-05,0.0002451896708966173,0.000682358033724515,1.0523710616217125e-07,4.010257878948922e-07,0.0004136729747995489,0.003814145020060198,0.9919134284566976,0.00021123929709466308,1.451811368548821e-07,0.0006769420916858444,0.0009320303826299549,6.06905823609691e-05,0.0001414233071289516,1.1643045680316727e-05,0.00010136974370405884,1.5425984074723743e-05,1.9058103868345266e-05,2.052531121322617e-09,1.4137488544371495e-08
18,2.2523456065799593e-07,7.477441027645964e-07,4.743191853368474e-06,0.0005092640570529287,5.772683777104202e-06,9.679224376155615e-06,7.743114441010432e-05,0.0004631520519257597,2.878434499272271e-08,9.61688888914429e-08,0.00026174303923223843,0.0020816473722715377,0.995682748040282,9.132061086433885e-05,3.432355467609417e-08,0.000263073312424758,0.0003771713060604807,3.062169882739879e-05,6.648538146708326e-05,4.80590526276934e-06,5.579204209186831e-05,4.485742200794109e-06,8.927743495710639e-06,6.191603351468215e-10,2.577511294885167e-09
19,6.855816050480097e-07,2.585802887026282e-06,4.984000284966858e-06,0.0005264595530517061,1.0964582631996253e-05,3.9534463458813764e-05,0.00026048108128445114,0.0003743834984060183,7.154775661275408e-08,5.75864512878803e-07,0.0005774508129002116,0.008725339447165834,0.9861370659431374,0.0005224044119254658,1.2930639726890127e-07,0.0009737780717906008,0.0011979606498842901,0.00018711249221133226,0.00017879251992873317,2.0440836425520656e-05,0.00019256987172044249,2.046966637880431e-05,4.571300843660775e-05,1.9098185076421623e-09,4.507599941472976e-08
20,2.0722027139242814e-07,8.020043149529033e-07,9.183933981337608e-07,0.00010463461734765326,2.1020336753066177e-06,5.175665850488026e-06,4.5257800466506376e-05,3.715252485884766e-05,8.111005475070612e-09,5.505337615498239e-08,0.00010342878079676264,0.010163177103537143,0.9883748861596603,0.0001269996415965379,1.934265006201909e-09,0.000224659788059183,0.0005388291099698568,0.00023325655857370895,1.9741730439282786e-05,2.5362562793595474e-06,1.224722625012402e-05,1.2526413493121186e-06,2.6640226413820742e-06,1.1636530377584908e-10,5.505651841784671e-09
21,2.4498995705945486e-07,9.648053802678787e-07,3.821658350703435e-06,0.0003477682200354497,3.7108040833351652e-06,1.1249847176227982e-05,0.0001750415055728766,0.0005397229120761693,4.088349515065585e-08,1.4062239702287485e-07,0.00018739865414711755,0.003142616938875944,0.9942745653701903,0.00012681037137637913,4.844320772500465e-08,0.00028932168632666823,0.0006852929123071835,5.703230623423331e-05,8.22789483816051e-05,6.8726620689506305e-06,4.3215377289142256e-05,1.1264192961346757e-05,1.0566273238297284e-05,5.3861021822534e-10,9.076260294048318e-09
22,2.999583675273552e-07,1.3111143323597698e-06,3.2405789278078346e-06,0.0002960341533516365,5.315031184766961e-06,9.223164333210264e-06,0.00014906424539786972,0.0003372028515364842,3.0113513636024316e-08,1.5193013791622408e-07,0.00022905853446322485,0.005624165438512635,0.9920531608984187,0.00017387392040388926,3.2828045969184236e-08,0.000274910266102154,0.0005685784409060176,9.125731693579304e-05,8.836854185949403e-05,6.517385780661051e-06,6.814041708143424e-05,9.845258966085322e-06,1.0205836778301379e-05,4.236739320529579e-10,1.1350988611807897e-08
23,2.9742881222846164e-07,1.3294263391470433e-06,3.212364356827507e-06,0.00029221281033612695,5.376543809785759e-06,9.375682106922288e-06,0.00015123639845668555,0.00033943774678077627,3.0666941807194186e-08,1.495888715133648e-07,0.0002262537227451188,0.005619186848347517,0.9920694469358424,0.00017308489806728842,3.3355402399586435e-08,0.0002752590480337466,0.0005605127803579515,9.03187117476398e-05,8.903461028862115e-05,6.591045786059585e-06,6.746354248849225e-05,9.783062703137222e-06,1.0360802205581167e-05,4.1961949019117054e-10,1.1559552991823854e-08
24,8.714095493026662e-07,3.1675885845718367e-06,1.2669293213284197e-05,0.0004060122066837169,6.383262643343622e-06,2.751176040791672e-05,0.0004701089050099339,0.0010510473337626634,8.236367501026568e-08,6.181961695380766e-07,0.0003358614014140105,0.006709645326433209,0.988424963165961,0.00021061720895944365,1.910003360400333e-07,0.00034864524153274413,0.001186376724192149,0.00012155702966591347,0.0003130848838684233,2.2883126382079743e-05,0.0002713803166573966,5.601366358210849e-05,2.026811500117384e-05,1.7317515052013684e-09,3.874456371257155e-08
25,3.675058135140906e-07,3.0402601028350375e-06,4.493527223583802e-06,0.00026685469893909173,9.964121537340149e-06,2.278393754259678e-05,0.00019775113287926873,0.00024622370841893154,5.6420014136254087e-08,2.46315587605933e-07,0.00029722370033838337,0.009155595578226821,0.9880385795978452,0.00035127561844785983,6.035324543722615e-08,0.0003463634568200207,0.0006636852868216278,0.0001258184979685913,0.00013575174388884265,1.1600292092810338e-05,9.049017110184937e-05,1.5064416377398628e-05,1.667798270079264e-05,6.990769154241421e-10,3.097698900714243e-08
26,3.245222254410063e-07,1.3840850414781987e-06,3.414596415532612e-06,0.00031622608055080595,5.676424975789479e-06,9.902478523525513e-06,0.00015515391140178452,0.0003610679955984212,3.5979333879553716e-08,1.5416425847023012e-07,0.00023684998766260865,0.005306104636464554,0.9922899709592387,0.00017312210098453196,3.6794318321620594e-08,0.00028151850473798895,0.0005848027918557934,9.025772470513656e-05,8.920622140528489e-05,6.962770986241799e-06,6.639652110161129e-05,9.807372770436817e-06,1.1610413463878195e-05,4.945490773946956e-10,1.2467430736700224e-08
27,2.728677479848922e-07,1.1556521705337787e-06,2.7154370469597063e-06,0.0002515361761085455,4.532638982963254e-06,7.364695534101227e-06,0.00011450589566143468,0.00026471012358757076,2.0885096842130634e-08,1.0877248009387463e-07,0.00021392518324988327,0.005571335554242198,0.9924625289945068,0.00014778722868252572,2.2321869977846397e-08,0.00022938796025184416,0.000488295050935084,8.598750791175419e-05,7.491424590385063e-05,4.786220897373017e-06,5.887515644691471e-05,6.978068507970689e-06,8.244749151589441e-06,3.1268150616929666e-10,8.300343987497369e-09
28,2.9742881222846164e-07,1.3294263391470433e-06,3.212364356827507e-06,0.00029221281033612695,5.376543809785759e-06,9.375682106922288e-06,0.00015123639845668555,0.00033943774678077627,3.0666941807194186e-08,1.495888715133648e-07,0.0002262537227451188,0.005619186848347517,0.9920694469358424,0.00017308489806728842,3.3355402399586435e-08,0.0002752590480337466,0.0005605127803579515,9.03187117476398e-05,8.903461028862115e-05,6.591045786059585e-06,6.746354248849225e-05,9.783062703137222e-06,1.0360802205581167e-05,4.1961949019117054e-10,1.1559552991823854e-08
29,2.9742881222846164e-07,1.3294263391470433e-06,3.212364356827507e-06,0.00029221281033612695,5.376543809785759e-06,9.375682106922288e-06,0.00015123639845668555,0.00033943774678077627,3.0666941807194186e-08,1.495888715133648e-07,0.0002262537227451188,0.005619186848347517,0.9920694469358424,0.00017308489806728842,3.3355402399586435e-08,0.0002752590480337466,0.0005605127803579515,9.03187117476398e-05,8.903461028862115e-05,6.591045786059585e-06,6.746354248849225e-05,9.783062703137222e-06,1.0360802205581167e-05,4.1961949019117054e-10,1.1559552991823854e-08
30,2.9742881222846164e-07,1.3294263391470433e-06,3.212364356827507e-06,0.00029221281033612695,5.376543809785759e-06,9.375682106922288e-06,0.00015123639845668555,0.00033943774678077627,3.0666941807194186e-08,1.495888715133648e-07,0.0002262537227451188,0.005619186848347517,0.9920694469358424,0.00017308489806728842,3.3355402399586435e-08,0.0002752590480337466,0.0005605127803579515,9.03187117476398e-05,8.903461028862115e-05,6.591045786059585e-06,6.746354248849225e-05,9.783062703137222e-06,1.0360802205581167e-05,4.1961949019117054e-10,1.1559552991823854e-08
31,3.011285596343859e-07,1.2678769688601516e-06,3.2369144111608517e-06,0.00027988771424329844,5.125829076349584e-06,8.692982571116134e-06,0.00014807699619388397,0.0003509765291301502,2.899014057305646e-08,1.421754405422565e-07,0.00021021057887403847,0.005388945779781577,0.9923772116136288,0.00015887139996169052,3.1016931157509635e-08,0.00026182002813918197,0.0005367378069606844,8.978956299890713e-05,8.845137119400363e-05,6.537330467826164e-06,6.44483866653166e-05,9.409273911897696e-06,9.787257049284918e-06,3.972774149892664e-10,1.1059422949520353e-08
32,2.9830773086796625e-07,1.3389417059785922e-06,3.2357463109696933e-06,0.0002888792982209254,5.4061155459098216e-06,9.481998965275971e-06,0.00015233860200911933,0.00034182979688994724,3.073192886856331e-08,1.500676752741755e-07,0.00022640789414613656,0.005639945046483241,0.9920459014962505,0.00017346468648440273,3.390362664407071e-08,0.0002759428941225587,0.0005593076349292863,9.005739703406386e-05,9.12276427102194e-05,6.675726748405694e-06,6.766904872873794e-05,9.94455111741051e-06,1.042036000893565e-05,4.192890877212752e-10,1.1691337235010221e-08
33,3.0275959375262107e-07,1.3524320501827183e-06,3.2773669803896714e-06,0.00029633433482131324,5.505183440660235e-06,9.561194644173389e-06,0.0001535878808759844,0.0003450654759570999,3.1305607847464735e-08,1.5254405763765002e-07,0.00022932959731697197,0.005645830597180007,0.992015486504123,0.00017548912756473132,3.441171134261855e-08,0.0002780217540816399,0.0005620932619206443,9.095283868295886e-05,9.08255221248636e-05,6.749548209572889e-06,6.94030649397804e-05,9.965527135268343e-06,1.0635489203991588e-05,4.306716277039727e-10,1.1847104654148109e-08
34,2.8840432048775314e-07,1.2334462924609993e-06,3.2726215109730563e-06,0.00032807313970332423,5.420016833548881e-06,1.0192618750895472e-05,0.00017176032001786165,0.0003639436429273617,3.1256531559539734e-08,1.7214752462334818e-07,0.00022376363537334924,0.005754499106837209,0.9917402760267756,0.00018963115169161215,3.5532110387126044e-08,0.00031841534397279904,0.0005988786865879925,9.96992099459065e-05,8.675802110781749e-05,7.590683291488295e-06,7.429031231734052e-05,1.0679453424582657e-05,1.1082467521260073e-05,4.4609846385684123e-10,1.2308531373394974e-08
35,3.1589429533201354e-07,1.2561515256895017e-06,2.966195884680527e-06,0.00026531024310003776,4.594424445159094e-06,7.561533677536408e-06,0.0001417606812838819,0.00034232382932786556,2.775824043973851e-08,1.3536597265737946e-07,0.0002019426400583959,0.005651816029925428,0.9921522155485414,0.00014533463712515824,2.6965995634395923e-08,0.0002543601729794986,0.0005686408313328478,9.379902114532043e-05,8.436569661591114e-05,5.671721815065766e-06,5.798653929381323e-05,8.991699492311225e-06,8.585587731065733e-06,3.664939544087058e-10,1.0463701019185742e-08
36,4.0951400615911105e-07,1.6092959513154652e-06,4.585864377388827e-06,0.00033213998030864433,7.421321798333216e-06,1.0382057471365139e-05,0.00015636227626157384,0.00033487383717698845,3.1609560355062714e-08,1.8615803358969661e-07,0.0003014486844386758,0.005871934018535724,0.9916698125814951,0.00021468265696446295,4.134894757871922e-08,0.00025075547937004216,0.00048452065443570854,0.0001086318830177547,0.00011338673089280392,8.66067817937639e-06,0.00010409810830060093,1.0933406877552043e-05,1.3076487517390401e-05,6.282281929587186e-10,1.4737853532357136e-08
37,2.4794187177924103e-07,1.3854811691449895e-06,2.9456636667819738e-06,0.00027332729098686895,5.4987892999604075e-06,1.0592554534012674e-05,0.00015278067207312955,0.0003404392910885433,3.158851630586704e-08,1.4009645135293788e-07,0.00021266128520520364,0.0055414913190678745,0.9922071788359542,0.00016874579893891043,3.540308168735652e-08,0.00028641934604204387,0.0005356399707993804,7.516202672720495e-05,9.072295285365313e-05,6.43401689908467e-06,6.78929572286901e-05,9.6348598720745e-06,1.0580415530554176e-05,3.613708809935582e-10,1.1080770653012396e-08
38,7.103329660071997e-07,1.9766887747057476e-06,1.5766030205900316e-05,0.0010318613086923157,1.4861699209897818e-05,3.7885960316410664e-06,8.668801718929601e-05,0.0003688328556964358,1.0200240114109633e-07,3.575526047832412e-07,0.00035597617730613796,0.0032152495298721894,0.9936507430278921,0.0003441955821417199,2.8208036833684504e-08,7.607176853451295e-05,0.0005344297022248557,0.0001538018004912118,4.6568223870279796e-05,8.503964655034371e-06,6.74347705052739e-05,1.3867345032646754e-05,8.162272551204762e-06,2.386293701721623e-09,2.0156820036524817e-08
39,2.9982450400588574e-07,1.298980786291629e-06,3.1709567047926986e-06,0.0002964172098914709,5.357993912219278e-06,9.499578320707426e-06,0.00016202374979399205,0.00038083327748805577,3.097115688721125e-08,1.490153572449871e-07,0.00021728135624162243,0.005550519760995822,0.9920683833342658,0.00016519108580727844,3.519314747574052e-08,0.0002910320111538899,0.0005680207004540887,8.908816866888138e-05,9.303381664843963e-05,6.827182888748887e-06,7.044236586166727e-05,1.0123148015780264e-05,1.0928105940912692e-05,4.0430288256782365e-10,1.1807691140397868e-08
40,3.1451536207395e-07,7.781199364237029e-07,2.3201970578217986e-06,0.00041325187366674816,3.455257250540464e-06,7.10520844159401e-06,0.0001699664401235441,0.0005249969561619758,3.366430611606593e-08,1.498634983605432e-07,0.00020511271107661672,0.00359324558426197,0.9936593935159376,0.0001086107429906517,3.045831250817854e-08,0.00037733238055674993,0.0007069925875450807,7.885689172637683e-05,6.55465314467313e-05,5.5688871048675955e-06,5.777439215258077e-05,7.634052229277594e-06,1.1520173749882894e-05,4.752229177154655e-10,8.519880930444036e-09
41,3.090979139779184e-07,1.3206159042235288e-06,3.2518142747990047e-06,0.0002871605691148051,5.380679747563319e-06,9.272879841889577e-06,0.00015880188554800274,0.00034256116298102496,2.914266352306663e-08,1.5322361734030105e-07,0.00023145616265157174,0.0059299084238299965,0.9917247937129116,0.00017961517392725538,3.429657545402261e-08,0.0002761502452035005,0.0005574784673738083,9.707324531911646e-05,9.481240853961316e-05,6.924435330844776e-06,7.241552671985894e-05,1.0422838189595135e-05,1.066128056207844e-05,4.191038465735081e-10,1.2292154410009138e-08
42,2.9744219503152e-07,1.3093253432938743e-06,3.4070006347176285e-06,0.00028916319080196445,5.20522379065154e-06,8.931283672565399e-06,0.00015137415007197545,0.0003962813613824625,2.971439425044393e-08,1.518761110651485e-07,0.0002188649165489481,0.005501501934298879,0.9921503076980359,0.0001587060330492717,3.525360916561575e-08,0.0002726088148502005,0.0005619853586201997,8.22560923158958e-05,9.84623454834939e-05,6.458715066758347e-06,7.202182598262075e-05,1.0920959778909906e-05,9.708578487823122e-06,3.996453363417566e-10,1.0505828942589333e-08
43,3.264626095983263e-07,1.4302928487935644e-06,3.6781551155547915e-06,0.00033432587899075226,6.091958059374176e-06,1.0584452129317845e-05,0.00016776054871693054,0.0003811096235254381,3.7046916903269715e-08,1.8858860143846386e-07,0.0002435380505833456,0.005608502909597642,0.9918322349627042,0.00019498530412283865,4.013550276618669e-08,0.0003053298394950921,0.0006085648192233371,9.577624497539151e-05,9.685468576674286e-05,7.936852068498942e-06,7.729172720058263e-05,1.1565583704008658e-05,1.1831822368549564e-05,5.20180198437648e-10,1.3534992475277106e-08
44,2.9742881222846164e-07,1.3294263391470433e-06,3.212364356827507e-06,0.00029221281033612695,5.376543809785759e-06,9.375682106922288e-06,0.00015123639845668555,0.00033943774678077627,3.0666941807194186e-08,1.495888715133648e-07,0.0002262537227451188,0.005619186848347517,0.9920694469358424,0.00017308489806728842,3.3355402399586435e-08,0.0002752590480337466,0.0005605127803579515,9.03187117476398e-05,8.903461028862115e-05,6.591045786059585e-06,6.746354248849225e-05,9.783062703137222e-06,1.0360802205581167e-05,4.1961949019117054e-10,1.1559552991823854e-08
45,2.984381173632389e-07,1.3985099815428057e-06,3.1383949218343757e-06,0.00027610823828068105,5.4513113622333e-06,9.135245265711022e-06,0.0001393558930375347,0.0002876856253260943,2.8685618779331116e-08,1.4573469414455607e-07,0.00023322507200222627,0.006041171078520165,0.991739575791204,0.00018474531472027569,2.9706411983689196e-08,0.00025348008596906004,0.0005498899838056367,9.65184959187409e-05,8.507518189567495e-05,6.298953603293463e-06,6.788000103874736e-05,9.314740666681642e-06,1.0037222110912887e-05,4.031243767949087e-10,1.1892402347005768e-08
46,2.562651786478651e-07,2.3056476661616125e-06,5.076759899547028e-06,0.00022327763212790034,1.693709771490025e-05,1.2998225648283753e-05,0.0002697055226256974,0.0002732784129721475,3.6174013018695676e-08,2.502466887528096e-07,0.00024575247385371046,0.00939301968400611,0.9881377687528504,0.00042629132855178666,5.2867326949097067e-08,0.00023671964599631298,0.0002387794028541943,0.00013699190817853145,0.00018993234589522975,1.9931124132262354e-05,0.00013923633257329835,1.7537437787246218e-05,1.3833171051416098e-05,3.88771769516188e-10,3.115163574841458e-08
47,2.912509574893872e-07,1.2975585327302104e-06,3.2900690481839756e-06,0.00031881362799105465,5.5957728824292885e-06,9.897685205104101e-06,0.0001528720532705182,0.0003398312299822328,3.191862438570163e-08,1.54811126482765e-07,0.0002356031009622513,0.005391879566132763,0.9922324155488723,0.00018253310856349624,3.488479080389029e-08,0.0002864410621927887,0.0005662923868268029,8.955249456368104e-05,8.585784124788803e-05,6.8257608327592585e-06,6.968629486495125e-05,9.659624400790761e-06,1.1130273395344078e-05,4.5288014444472334e-10,1.1621852726659086e-08
48,3.033586093024437e-07,1.3449468623521952e-06,3.3183287586588544e-06,0.00029941297283831163,5.59053087490087e-06,9.528653679225955e-06,0.00015350180151856946,0.0003393538671338285,3.092845966513427e-08,1.562234045264557e-07,0.00023137221574927975,0.0057280091623801285,0.9919275308156809,0.0001811028833295635,3.405894926625284e-08,0.0002787380755844016,0.0005581851812220578,9.389870676237089e-05,9.026580465786877e-05,6.898755979111862e-06,7.070582573924802e-05,1.0068132260030092e-05,1.0636339196749033e-05,4.364255612015243e-10,1.1993943902850094e-08
49,2.9520285927655016e-07,1.3951840722652279e-06,3.368208772275267e-06,0.00028006714147535796,5.48648091900413e-06,9.689611835520045e-06,0.00015001666408930936,0.00032588904018672563,2.993954073480053e-08,1.512846117142987e-07,0.00022517668373355635,0.005934732042956532,0.9917819578383614,0.0001806008679591269,3.3315205847793484e-08,0.00026413360530233744,0.0005565596986551952,9.24472665786171e-05,9.196475904471127e-05,6.772354169967049e-06,6.894763156817717e-05,1.0264714768839318e-05,1.0008224885015972e-05,4.1121623783776663e-10,1.1827232049507005e-08
50,2.8464987769058054e-07,1.3445466270762883e-06,3.1550052446358365e-06,0.00028824967468194207,5.3586535336718775e-06,9.609982000529113e-06,0.0001251281731563057,0.000298560687324745,2.8651652370349495e-08,1.2865283823278096e-07,0.00023618107776531182,0.005589834330701407,0.992211890778614,0.00016808572860804047,3.036518389256158e-08,0.0002589518482160119,0.0005509039207752222,8.274524659692861e-05,8.099801562230803e-05,5.7572040458630206e-06,6.430029228325358e-05,8.371769522024598e-06,1.0090593984978721e-05,4.0855880140872634e-10,9.742584790035274e-09
51,4.2131597461368974e-07,1.5054691539542093e-06,3.422101235461646e-06,0.00022147609878783896,6.741023045019005e-06,1.3478942982614728e-05,0.00023997230985065864,0.0004117250621849332,3.388188172704791e-08,2.0453916907305845e-07,0.00023389251125010405,0.008008365892513029,0.9891979320576294,0.00020507890061493374,4.988262050092527e-08,0.0004199993894326796,0.0005757478300134619,0.00014184712194390494,0.00017530015751049752,1.4272420464216702e-05,9.628097402475046e-05,1.4949818534818466e-05,1.727792641150746e-05,4.660082448329584e-10,2.390676194431176e-08
52,3.0490569665240955e-07,1.1437429661614923e-06,3.226998480199595e-06,0.0003173104828227928,5.130443401949809e-06,8.878704955500049e-06,0.000139966233725269,0.0003092356805997691,2.9602576311825777e-08,1.5899840984909564e-07,0.00023647996141081448,0.005318582059919171,0.9923433931126874,0.00017849318969544907,2.96125225305549e-08,0.00029374611397319156,0.0005796683818261184,9.904798238143668e-05,7.932786898353125e-05,6.670038308431463e-06,6.02780046016116e-05,8.984030322519343e-06,9.902714664865489e-06,4.81604250113741e-10,1.0653464158460882e-08
53,2.9978301545300236e-07,1.3689324494866395e-06,3.307907746157014e-06,0.0002787177724607387,5.33482779580571e-06,9.074451200641279e-06,0.00013419683135658042,0.00031203360272748936,2.81459733326964e-08,1.4522307422016248e-07,0.00022859187460390413,0.005772544369051736,0.9920073005358537,0.00017180395971312933,3.0413384447103945e-08,0.0002557885734650627,0.0005495131548993886,8.897575025040775e-05,8.841969056534903e-05,6.1206885067244725e-06,6.747951413849385e-05,9.463630052867523e-06,9.449301224526874e-06,4.0507502595013447e-10,1.0661415015845017e-08
54,2.8791226900399393e-07,1.1892473416074345e-06,3.425909310927446e-06,0.00031682024048015125,5.303062853832144e-06,9.165238715991894e-06,0.000136417848013653,0.00034672256346242217,3.0290617375932105e-08,1.409491212200947e-07,0.00023464370062644486,0.004874357759333088,0.9928482342391859,0.00016382701932868645,3.2953919176945926e-08,0.0002582078554551368,0.0005439768128011114,8.051715269441652e-05,8.38394128717211e-05,6.496359012745809e-06,6.659238995495276e-05,9.20005616804682e-06,1.056074122196495e-05,4.514509201202492e-10,9.833789464669016e-09
55,2.9570631199933424e-07,1.3822891465157295e-06,3.04531942069376e-06,0.00027444748013260044,5.369403332780086e-06,8.964703230154772e-06,0.00015068927693577647,0.00032487981404686435,2.994686076223587e-08,1.41101977795704e-07,0.0002192019443394893,0.005989779707716297,0.991768642208173,0.0001692360931914696,3.1248186997163525e-08,0.00026543565216665955,0.0005462227606634757,9.247183521541654e-05,8.827676683599108e-05,6.271210477318901e-06,6.588024964114586e-05,9.431105479284002e-06,9.862119261497882e-06,3.843045056339943e-10,1.1672951359032845e-08
56,2.9220375490999867e-07,1.3275463370610686e-06,3.1563183759947636e-06,0.0002848531290646469,5.275795175658769e-06,9.164211488223394e-06,0.00014743730471899262,0.00033206733075257427,3.0178425589492534e-08,1.4481158511890968e-07,0.00022283773862275913,0.005583091636230638,0.9921525297059408,0.0001693308841772892,3.225166673200319e-08,0.00026762306584660837,0.000553707787467575,8.84429326740499e-05,8.758121436223365e-05,6.357798655659374e-06,6.515789241056256e-05,9.534932495961116e-06,1.0011682577930756e-05,4.06190479221131e-10,1.1241001743114009e-08
57,3.1513942710534595e-07,1.1342411937531644e-06,3.2013489816088806e-06,0.0005336036526723952,5.196774261044737e-06,1.0702437329005771e-05,0.00017404028795536312,0.00035432235765280826,4.815350080753608e-08,1.9411438115057394e-07,0.0002583576280198058,0.0038781016858723378,0.9932715100239752,0.00020696685935914173,3.8172295742573764e-08,0.00034498781432243874,0.0007184074529221378,0.00010138100308950663,5.1988180243691145e-05,6.9862963082208775e-06,5.6475411368756276e-05,7.866858994332513e-06,1.4159888841415447e-05,7.995103740481649e-10,1.341752187931956e-08
58,3.0281438750054155e-07,1.3460847723809094e-06,3.259750458708006e-06,0.0002947744546357725,5.418120921896976e-06,9.409104489599198e-06,0.00015091798235664295,0.0003410729211628115,3.1298704281267944e-08,1.5111329856151578e-07,0.00022960323209322484,0.005591830972467777,0.9920851998754309,0.00017332971111334896,3.394256072411302e-08,0.00027577851870312875,0.000563480394494533,9.020051544280339e-05,8.959827921988203e-05,6.587173680774378e-06,6.740655158096165e-05,9.830141313686465e-06,1.042496946846269e-05,4.3356354875412124e-10,1.164367825656438e-08
59,3.1096597139795697e-07,1.3648685626542727e-06,3.402413742409601e-06,0.0003041289040886554,5.554899529401875e-06,9.692614025882478e-06,0.0001543306401620155,0.00034737417781677634,3.218064147625121e-08,1.5873813583556107e-07,0.00023423660615977407,0.00561930826896865,0.9920044746863909,0.00017889036619173656,3.528745372456072e-08,0.00028106391767064527,0.0005744120526468986,9.265430881186484e-05,9.112603468536861e-05,6.883797820032219e-06,6.968201858718549e-05,1.018232439985714e-05,1.0687421805296064e-05,4.584634560201118e-10,1.2047268128595172e-08
60,2.9742881222846164e-07,1.3294263391470433e-06,3.212364356827507e-06,0.00029221281033612695,5.376543809785759e-06,9.375682106922288e-06,0.00015123639845668555,0.00033943774678077627,3.0666941807194186e-08,1.495888715133648e-07,0.0002262537227451188,0.005619186848347517,0.9920694469358424,0.00017308489806728842,3.3355402399586435e-08,0.0002752590480337466,0.0005605127803579515,9.03187117476398e-05,8.903461028862115e-05,6.591045786059585e-06,6.746354248849225e-05,9.783062703137222e-06,1.0360802205581167e-05,4.1961949019117054e-10,1.1559552991823854e-08
61,3.070775265706939e-07,1.345013542617445e-06,3.38786594764213e-06,0.0003012220865948131,5.4697168142991955e-06,9.583450493088564e-06,0.0001516032895010091,0.00034563294288931785,3.1418944757498375e-08,1.5533279975114407e-07,0.0002316835875932532,0.005566024473382872,0.9920830443078669,0.00017616837029202126,3.459971818205833e-08,0.0002775019198751444,0.0005690557579771677,9.131520781000745e-05,9.041861159440358e-05,6.766307048415247e-06,6.870723159012699e-05,1.0036429266411634e-05,1.0492848032957681e-05,4.4928691348132123e-10,1.1703610975630866e-08
62,2.9742881222846164e-07,1.3294263391470433e-06,3.212364356827507e-06,0.00029221281033612695,5.376543809785759e-06,9.375682106922288e-06,0.00015123639845668555,0.00033943774678077627,3.0666941807194186e-08,1.495888715133648e-07,0.0002262537227451188,0.005619186848347517,0.9920694469358424,0.00017308489806728842,3.3355402399586435e-08,0.0002752590480337466,0.0005605127803579515,9.03187117476398e-05,8.903461028862115e-05,6.591045786059585e-06,6.746354248849225e-05,9.783062703137222e-06,1.0360802205581167e-05,4.1961949019117054e-10,1.1559552991823854e-08
63,2.9714091972194537e-07,1.3400469734181437e-06,3.203457444554321e-06,0.000289997547121269,5.370118764162501e-06,9.336827582795382e-06,0.0001504154573428191,0.00033765304174712235,3.068381175487744e-08,1.4860704178608267e-07,0.00022565853194201482,0.00563962681003617,0.992059529603226,0.00017239914912780337,3.3172217535250066e-08,0.00027304960849421875,0.000559414254916,8.99794041700919e-05,8.888072285783407e-05,6.528486192348861e-06,6.707327575667895e-05,9.749002513581715e-06,1.0273102208417187e-05,4.1673497777455175e-10,1.153085678478678e-08
64,3.0521278727247834e-07,1.3738457059052999e-06,3.3249757487917637e-06,0.00029914190903832834,5.591852667951204e-06,9.57023065735218e-06,0.00015445454362894383,0.00035221962850283194,3.1443946684301986e-08,1.5421394017977846e-07,0.00023174229161837664,0.005689518135447291,0.9919546244729811,0.00017545963578540595,3.5032261676080224e-08,0.0002775986215162987,0.0005621118226592425,9.034108249674653e-05,9.240479693673308e-05,6.7603629852813636e-06,7.233927132762592e-05,1.0161697492671538e-05,1.0722632931353866e-05,4.317031321425578e-10,1.1855232911903694e-08
65,2.8813429737381374e-07,1.213781609179828e-06,2.267191453420676e-06,0.00020600578321409201,4.675680902915164e-06,6.776101948870059e-06,0.00013289119158748662,0.00023368929068938858,2.3123211950150704e-08,1.2134577897634936e-07,0.00019451188677327948,0.007138241831003599,0.9909076163221133,0.00015910785637126938,1.95537342062462e-08,0.00025512936820065295,0.0004913902291063392,0.00011735469173337535,7.748028368488827e-05,5.666496812976358e-06,5.018690371473824e-05,7.555498187391343e-06,7.775830095706044e-06,2.8879840558445455e-10,1.1334976048986758e-08
66,2.8843684076671493e-07,1.2828044241366963e-06,3.2047210129673065e-06,0.00029114317780389845,5.339327313501399e-06,8.962083915837993e-06,0.00013810112982740776,0.0003165650735029982,2.8618071532218983e-08,1.5190996812189636e-07,0.00022850047245382384,0.005613923543149711,0.9921300344143201,0.00017331167926331502,3.025620048861729e-08,0.0002725322599395847,0.0005491387354897013,8.910455987269373e-05,8.571655825605593e-05,6.291072539700055e-06,6.735729379634531e-05,9.430648334917692e-06,9.550333938414005e-06,4.102897942719336e-10,1.047947412068892e-08
67,2.5973106264418343e-07,1.198820657589123e-06,2.521657859840757e-06,0.0002504456314140335,4.394051776208814e-06,5.380787983110678e-06,0.00011074521521511709,0.0003679691190896284,2.5329291885085252e-08,9.690485347456563e-08,0.00017367385051138954,0.00517707997631989,0.9928891534430536,0.00010022399866623805,2.0465444230783415e-08,0.0002230708381759276,0.0004918113240169848,6.341711919192466e-05,7.448332099757226e-05,3.4427351442534764e-06,4.77255088649464e-05,6.960862092196699e-06,5.892971443730327e-06,2.4694670546925813e-10,6.089926913008801e-09
68,4.063277589578431e-07,1.791768285945184e-06,4.531726643960019e-06,0.0004273976280344566,7.778256479368531e-06,1.402657661731698e-05,0.00018139178127041448,0.00042647102479704597,4.784662910584328e-08,2.450675233260215e-07,0.00031812073202670403,0.006019549485746098,0.9908903284261394,0.00023852397074990516,5.8817791747542615e-08,0.00039671395494156444,0.0007315176175512132,0.00010174833214583448,0.00011359830709901952,8.472966506291729e-06,8.938207304596616e-05,1.3733600644041254e-05,1.4147065986506929e-05,7.967647670394215e-10,1.5848820999586206e-08
69,3.0837969700714205e-07,1.3378910182174983e-06,3.381667757704598e-06,0.0003830143766762232,5.565779798372361e-06,9.712173543280577e-06,0.00015658351205291322,0.00038817138486735986,3.940472021641968e-08,1.7443376709152454e-07,0.00022105383238643246,0.0051859387452886044,0.9922191494060306,0.00016687561142326773,3.439631049955325e-08,0.0003444578450036101,0.0006642415509174763,8.948416973870521e-05,7.432297242462991e-05,6.051263163948692e-06,6.110684170402441e-05,9.151011295192198e-06,9.832017288026032e-06,5.24243124798975e-10,1.080888323321317e-08
70,2.7424348437839454e-07,1.2232081650714609e-06,3.19756614166709e-06,0.00033256342998845735,5.644109065420377e-06,1.06323191283375e-05,0.00015767300516190575,0.00034543072741160256,3.530791354343039e-08,1.6550662559495392e-07,0.00022585195867428487,0.005238155454518718,0.9923106286078813,0.0001881106506554962,3.537076513339186e-08,0.000323372091347034,0.0005925255926390637,9.111752938755852e-05,8.029067156535009e-05,7.577787208782357e-06,6.425893228894437e-05,9.628122475274595e-06,1.1595437858501062e-05,4.777746495762074e-10,1.1891873911076333e-08
