,0,1,2,3,4,5,6,7,8,9,10,11,12,13,14,15,16,17,18,19,20,21,22,23,24
0,9.881730395085865e-06,3.6420279790157456e-13,1.2467801986920197e-05,0.00012170887148366001,2.9396475220221313e-06,2.501297119094029e-06,4.77109310457172e-05,7.922069185336532e-05,1.284007844880128e-09,0.0001764276709484753,8.126856087265309e-07,6.538475608918248e-05,0.9029616165801275,1.317937468078795e-05,2.159472846807666e-10,0.042612165192896644,4.074049145435537e-05,0.004073643636074029,9.114314156896313e-07,0.04949352982135333,5.470203848288656e-07,5.166616977025013e-10,1.6816655170736373e-06,0.00028292661618766905,6.887507248211887e-11
1,5.77511162158309e-06,1.3166895558075748e-13,8.032368368522011e-06,0.0001077776512182893,1.3750399716672074e-06,1.3960181280463593e-06,2.145282865510554e-05,6.522728721003737e-05,8.363734363338752e-10,0.00018488250117999115,5.864003293682788e-07,3.119989998880581e-05,0.9177486206672825,4.852651496463646e-06,9.75446412905261e-11,0.03253121039222899,2.2119313269519245e-05,0.002633541435249491,4.81382795244595e-07,0.04647340078217746,2.540687095890892e-07,2.1832539990660458e-10,1.0778943929810902e-06,0.00015673513009779958,2.3253365535172774e-11
2,6.046130877725787e-06,1.4324750479051309e-13,7.789185552164551e-06,0.0001078740173911132,1.472629388434689e-06,1.3789171685966433e-06,2.1334396459054072e-05,6.681207768409666e-05,8.696574125847259e-10,0.00018221030594378385,6.274999132152146e-07,3.154925534946283e-05,0.9167374191135216,5.361707626450059e-06,1.0640182563965198e-10,0.02966296505408492,2.2935468473821056e-05,0.0028201509038186835,4.780419752877296e-07,0.050164226493035195,2.571073364256782e-07,2.165055917591244e-10,1.1585788165446346e-06,0.0001579518960144349,2.6860852937641354e-11
3,6.10201783079195e-06,1.434062308102955e-13,7.817638721674714e-06,0.00011357765484803469,1.4446638898916024e-06,1.4455213440960682e-06,2.2731314634811853e-05,6.616857977235046e-05,8.573301590850039e-10,0.00017924667171041948,6.116772149569475e-07,3.273789282747821e-05,0.9163582820027628,5.372432383147915e-06,1.0301373998480617e-10,0.03202894903516606,2.339237330286454e-05,0.0028535232849882255,4.847878148722395e-07,0.04813464324153021,2.6356654977565814e-07,2.2948414741930691e-10,1.1534815838199777e-06,0.0001620509446837827,2.6468245816422995e-11
4,6.938450022786001e-06,2.0615000080578386e-13,1.0689202932328348e-05,0.00017399051769732197,1.908776073156027e-06,2.011363058709257e-06,3.116189403038028e-05,8.587442072150359e-05,1.272313418743767e-09,0.0002154904650142593,9.144550999018468e-07,4.947417663377088e-05,0.8927176336647955,6.682809014653098e-06,1.5648798969148855e-10,0.04260423106540579,2.7815768018078395e-05,0.003433148839832964,5.16483427468492e-07,0.06046310240260886,4.1866650107937264e-07,3.620807004510968e-10,1.5631343637341103e-06,0.00016643161696429005,3.6695157235033997e-11
5,6.0468932344252574e-06,1.4871680769079277e-13,7.475146804703662e-06,0.00012012755109114129,1.4045354117232976e-06,1.4700003750012848e-06,2.1665060990916195e-05,6.569709651043611e-05,8.367111491105493e-10,0.00017575645737602047,6.253398526553301e-07,3.201546457560419e-05,0.9151091007089985,5.384765568527838e-06,1.0444000861140234e-10,0.03230961457946141,2.2861708601462013e-05,0.0030378301361750496,4.850039564080712e-07,0.04892253108543252,2.60294962852221e-07,2.2892028236171765e-10,1.1682087870527942e-06,0.00015847876549995258,2.6113486944988603e-11
6,6.10201783079195e-06,1.434062308102955e-13,7.817638721674714e-06,0.00011357765484803469,1.4446638898916024e-06,1.4455213440960682e-06,2.2731314634811853e-05,6.616857977235046e-05,8.573301590850039e-10,0.00017924667171041948,6.116772149569475e-07,3.273789282747821e-05,0.9163582820027628,5.372432383147915e-06,1.0301373998480617e-10,0.03202894903516606,2.339237330286454e-05,0.0028535232849882255,4.847878148722395e-07,0.04813464324153021,2.6356654977565814e-07,2.2948414741930691e-10,1.1534815838199777e-06,0.0001620509446837827,2.6468245816422995e-11
7,5.848844282864723e-06,2.532639429436621e-13,8.603609292692784e-06,0.00018146807094626403,1.9431595846475074e-06,3.3993934639042264e-06,3.2332644943489044e-05,7.547809532540208e-05,1.36203419091197e-09,0.0001623089912463377,7.906206144877239e-07,6.174885954823099e-05,0.86633605395351,8.344039282858198e-06,1.9364466739536928e-10,0.06198396839824676,3.0105188633359696e-05,0.0065139892729082155,5.910267003734656e-07,0.06438096183103909,6.80093627808921e-07,3.8633399755955005e-10,2.5662756864491168e-06,0.00020881564996556845,3.888496185294597e-11
8,4.506542800612344e-06,1.4228700731377313e-13,6.023418216592627e-06,0.00011277776997558345,1.4685779415800045e-06,2.010840085836093e-06,2.301430560888822e-05,6.1011475093704526e-05,8.399234203314615e-10,0.0001424490640331459,5.721150768154448e-07,3.4010873224504595e-05,0.9031311311784722,4.804830278232e-06,1.0439991266880365e-10,0.039818830156052296,2.193401402333152e-05,0.00447848533858614,4.803268475349326e-07,0.052003815408145214,2.9773611043261693e-07,2.2922695884384397e-10,1.2614426570205972e-06,0.00015111339145099033,2.162668679889616e-11
9,4.433751034839397e-06,1.2511411989118831e-13,6.6637328188493586e-06,0.00010054134267976118,1.4551187842720312e-06,1.9760627576254944e-06,2.4989765580911895e-05,5.600049590377978e-05,7.651162473187029e-10,0.0001379607979576061,5.006466093438893e-07,3.56915536301138e-05,0.9063543423452223,4.618676180917032e-06,9.039710083362987e-11,0.04256742923791301,2.324829322772725e-05,0.0038233623712334713,4.845856119459107e-07,0.046696827454323325,3.162335779619092e-07,2.301687012035912e-10,1.1482395488845694e-06,0.0001580081894889099,2.0107390783564666e-11
10,6.10201783079195e-06,1.434062308102955e-13,7.817638721674714e-06,0.00011357765484803469,1.4446638898916024e-06,1.4455213440960682e-06,2.2731314634811853e-05,6.616857977235046e-05,8.573301590850039e-10,0.00017924667171041948,6.116772149569475e-07,3.273789282747821e-05,0.9163582820027628,5.372432383147915e-06,1.0301373998480617e-10,0.03202894903516606,2.339237330286454e-05,0.0028535232849882255,4.847878148722395e-07,0.04813464324153021,2.6356654977565814e-07,2.2948414741930691e-10,1.1534815838199777e-06,0.0001620509446837827,2.6468245816422995e-11
11,1.007431540530426e-05,1.0561163825047413e-11,9.141462831304104e-05,0.007511329862443246,4.278530582051448e-05,4.956041873137494e-05,0.0003289984703426909,8.609937347243708e-05,1.6324735424585774e-08,0.00020779185339139537,3.234434791395673e-05,0.0013121266619577404,0.10688168698425717,0.000268885477436639,1.043105744126058e-08,0.32861111173065055,0.0001000702637265021,0.03482444445768747,6.286071506817325e-07,0.5193425298964638,8.253002126026176e-05,1.0504262358946821e-08,7.788946799736699e-05,0.0001376584585853158,2.126376136153565e-09
12,6.391768373171151e-06,9.080480570509461e-14,9.67705656419298e-06,7.594825343493452e-05,5.414897642286076e-07,6.111949643155567e-07,1.4112923283772508e-05,0.00011477777495822743,6.512272324785576e-10,0.0001844953528023628,4.1368215065364664e-07,2.4056714194053894e-05,0.9532627634874576,1.8224069680032968e-06,6.776305206544865e-11,0.02344522908810369,1.6866264575521675e-05,0.0009231033965433993,3.8983555990259575e-07,0.021803032927636464,1.3882031687382164e-07,2.2411126651107487e-10,3.991642197433451e-07,0.00011522744404051138,1.0896238863603539e-11
13,6.827358926254872e-06,1.3284866020219123e-13,7.96425457917392e-06,0.00011388610638792011,1.342777921029081e-06,1.1131897616721001e-06,1.9204676569253026e-05,7.200781106907452e-05,8.309531251752077e-10,0.0001705867203766582,7.156684866099703e-07,3.324810455737779e-05,0.9177436454910246,5.914364629667449e-06,1.1291981618351044e-10,0.029282509851248213,2.1721926437064793e-05,0.0027138565186342117,4.4453318949606537e-07,0.04966529708836259,2.5095182115859246e-07,1.9749430956181953e-10,1.117633605175795e-06,0.00013834380516208016,2.575064702671955e-11
14,1.029544960485429e-05,1.6618689495684889e-13,1.263808826222463e-05,0.00013510444425096375,1.3512466016455582e-06,1.5875991154925227e-06,4.436929464129338e-05,0.00014559690805424414,1.4473810185594865e-09,0.000228219861789584,6.262684161992044e-07,7.244160254151151e-05,0.9184481299264186,7.092090712278064e-06,1.6243010413662373e-10,0.04115022470306755,3.389011129571453e-05,0.002094338289800215,4.5096872128482085e-07,0.03735688011426326,4.914436235701828e-07,4.213752728142628e-10,1.4655178190909473e-06,0.0002548039959650821,4.368252409432201e-11
15,6.10201783079195e-06,1.434062308102955e-13,7.817638721674714e-06,0.00011357765484803469,1.4446638898916024e-06,1.4455213440960682e-06,2.2731314634811853e-05,6.616857977235046e-05,8.573301590850039e-10,0.00017924667171041948,6.116772149569475e-07,3.273789282747821e-05,0.9163582820027628,5.372432383147915e-06,1.0301373998480617e-10,0.03202894903516606,2.339237330286454e-05,0.0028535232849882255,4.847878148722395e-07,0.04813464324153021,2.6356654977565814e-07,2.2948414741930691e-10,1.1534815838199777e-06,0.0001620509446837827,2.6468245816422995e-11
16,7.000082879934911e-06,2.4629963959296093e-13,1.0614158621214224e-05,0.00011775509563845184,1.568390844778164e-06,1.4829204490239882e-06,2.8763055507354368e-05,0.0001159235147375524,1.5680790060747058e-09,0.00029892940241048007,6.403434283534709e-07,3.663918022819631e-05,0.9338308423202073,3.942447912689396e-06,1.2901770834675166e-10,0.021449601188272334,2.4625275883105686e-05,0.001406758656451855,4.849878440832086e-07,0.042475223781525046,2.0320050262121948e-07,4.1085218606858567e-10,9.722280962050447e-07,0.00018802761579001483,4.4574079092902694e-11
17,5.754432669087409e-06,1.378584383847768e-13,7.70808749600241e-06,0.00010545797142759016,1.4068966576245967e-06,1.476938784303314e-06,2.1109441797213824e-05,6.341447058275087e-05,8.410335238152887e-10,0.0001841187222805989,5.821535540074813e-07,3.0022956552045263e-05,0.9169442362938927,4.952629587703548e-06,1.010744012222047e-10,0.03152064092875386,2.261993316444555e-05,0.0028764097000740403,4.992796538712816e-07,0.04804448325245764,2.6226543310221177e-07,2.151586653328631e-10,1.1583804497612676e-06,0.00016368408309157769,2.4235657250965033e-11
18,3.4816386439329707e-06,7.250408728704476e-14,1.0407604869973682e-05,0.00012632186208471258,9.298264089415678e-07,1.6271940097485955e-06,2.0603364773212598e-05,7.84994783545202e-05,7.757153518496126e-10,0.0002255451233595139,5.552423890765489e-07,3.956831172921128e-05,0.8958518519138293,2.88481745291288e-06,8.93838923995325e-11,0.05462796445956633,1.3422775206359064e-05,0.0020517470596036077,3.2016674679573413e-07,0.04682313689224058,3.123248372223961e-07,1.895513438063144e-10,9.011951874823536e-07,0.00011991768421081134,9.772898819677711e-12
19,5.705530248148436e-06,1.2495353480180546e-13,7.920417713744974e-06,0.00010453440042416298,1.3666731568595267e-06,1.393688061045327e-06,2.4255056379384726e-05,6.724689508195911e-05,8.367635690653381e-10,0.0001877975119322148,5.403458538798815e-07,3.289627299686268e-05,0.9215825767632831,4.6815838741679174e-06,8.954985469741133e-11,0.030767195194103154,2.2681191810521393e-05,0.0023522073973019,4.4482135914643155e-07,0.04467225157721467,2.3952305204785516e-07,2.2783548685143453e-10,1.0103876607683254e-06,0.00016305358949012997,2.472810583293729e-11
20,5.471531564061485e-06,9.085624872530017e-14,7.487841275481926e-06,9.232756491802668e-05,1.6251628500708844e-06,1.3605295907862972e-06,2.4854982823733113e-05,4.599707816369726e-05,7.193249229105177e-10,0.0001851090430237655,5.029059228133304e-07,2.7563573804130672e-05,0.9145155402998325,5.55765276437021e-06,7.03373967607689e-11,0.03081465824753372,2.3041955186409377e-05,0.0025075478028173215,4.405454204683927e-07,0.05156818151691458,2.3181894060226744e-07,1.5879722281743733e-10,1.1461981465605134e-06,0.00017135277606574722,2.389076797442187e-11
21,3.645033715619532e-06,1.189672875968077e-13,9.110056157962768e-06,3.9529198122609e-05,1.4034005005586435e-06,1.458155294410213e-06,2.8893663839647253e-05,7.126253488669755e-05,7.886728641814506e-10,0.00017785195754614288,2.4395844119702725e-07,2.4218971263653368e-05,0.9455429302705235,2.203813930223038e-06,6.424494181432791e-11,0.02033614209045353,2.9795488307923022e-05,0.00138384865354751,4.987181563193414e-07,0.03210966052902698,2.3447269008340897e-07,2.515226472943745e-10,6.898121740850359e-07,0.0002363780947088282,2.2152922309314082e-11
22,5.858288536023313e-06,1.4570364133476227e-13,7.426217710555296e-06,0.00010514403051333255,1.4591824649359046e-06,1.4888139738289298e-06,2.3434030909593196e-05,6.676526134260294e-05,8.618382308352843e-10,0.00017798638836305703,5.754094670361912e-07,3.277563638156686e-05,0.9184908512896467,5.4344523452610145e-06,1.0465193530371754e-10,0.030927025295128918,2.2269640628343813e-05,0.0028367149290752774,4.881077366858979e-07,0.047123168457139784,2.476213824493924e-07,2.2566228729527989e-10,1.1265694291323067e-06,0.00016975915858801169,2.6939020533033664e-11
23,6.10201783079195e-06,1.434062308102955e-13,7.817638721674714e-06,0.00011357765484803469,1.4446638898916024e-06,1.4455213440960682e-06,2.2731314634811853e-05,6.616857977235046e-05,8.573301590850039e-10,0.00017924667171041948,6.116772149569475e-07,3.273789282747821e-05,0.9163582820027628,5.372432383147915e-06,1.0301373998480617e-10,0.03202894903516606,2.339237330286454e-05,0.0028535232849882255,4.847878148722395e-07,0.04813464324153021,2.6356654977565814e-07,2.2948414741930691e-10,1.1534815838199777e-06,0.0001620509446837827,2.6468245816422995e-11
24,7.37203872496897e-06,1.9314382791857243e-13,2.8366566993320136e-05,2.7131321955285462e-05,1.540658964543313e-06,3.0838684545901443e-06,8.273877248760027e-05,0.00018700946797062855,2.725518791520292e-09,0.00024785168982901986,2.326451727218371e-07,7.018760651129041e-05,0.9236646094252264,3.261924614418994e-06,2.674155035357311e-10,0.049418841387213606,5.891955862509541e-05,0.0017066688934567933,1.0201095126313635e-06,0.023690406046807395,1.7325042512608177e-06,5.913027980372603e-10,2.5760611435572917e-06,0.00079644583117163,3.6483129605380244e-11
25,5.811716154225894e-06,5.010837493990574e-13,1.3101274747490633e-05,0.00013964540036004824,3.5515361157753257e-06,9.918688619966202e-06,4.854724271490213e-05,4.5287836604179686e-05,2.0127276370148166e-09,0.0002838327582217634,5.557373234656556e-07,4.763464545159606e-05,0.8467389747547944,8.927767320633991e-06,2.381069402019474e-10,0.08157933670522122,4.6108300677555716e-05,0.007721404456456299,1.6584573478547706e-06,0.06275430918558773,1.2528104264276318e-06,6.240298775639454e-10,4.846945891800555e-06,0.0005452908463721403,5.822460405741836e-11
26,6.01084179823658e-06,1.4601918125610982e-13,7.577672781621597e-06,0.0001071576094529116,1.418899584357792e-06,1.4643474021209907e-06,2.1400496845740475e-05,6.480937090757604e-05,8.817393330343246e-10,0.0001806592440079669,5.854650194021407e-07,3.0343945642324944e-05,0.918254456011024,5.011244941504003e-06,1.0186568063512405e-10,0.03051739577994534,2.3667272843392735e-05,0.0029118487791494436,4.991310997448203e-07,0.047698357446677275,2.61205642906885e-07,2.2493636000367255e-10,1.1974576931044628e-06,0.00016587654276037126,2.609324418887156e-11
27,5.9357548280754715e-06,1.0984957767814506e-13,8.83097448538164e-06,0.00010370341623617859,1.5011441956622983e-06,1.33353507366817e-06,2.229754758458758e-05,5.396721473945136e-05,7.173325771330984e-10,0.0001777014601720896,5.731398417827705e-07,3.069264718024023e-05,0.911919569143051,5.427615956985587e-06,8.541024972692423e-11,0.03321960348415525,2.51031730934111e-05,0.002679924652543861,4.6749331874658816e-07,0.05157827309561778,2.969786570185374e-07,1.8950333064671202e-10,1.173100196018701e-06,0.00016362341340851996,2.3308370303772222e-11
28,6.10201783079195e-06,1.434062308102955e-13,7.817638721674714e-06,0.00011357765484803469,1.4446638898916024e-06,1.4455213440960682e-06,2.2731314634811853e-05,6.616857977235046e-05,8.573301590850039e-10,0.00017924667171041948,6.116772149569475e-07,3.273789282747821e-05,0.9163582820027628,5.372432383147915e-06,1.0301373998480617e-10,0.03202894903516606,2.339237330286454e-05,0.0028535232849882255,4.847878148722395e-07,0.04813464324153021,2.6356654977565814e-07,2.2948414741930691e-10,1.1534815838199777e-06,0.0001620509446837827,2.6468245816422995e-11
29,6.10201783079195e-06,1.434062308102955e-13,7.817638721674714e-06,0.00011357765484803469,1.4446638898916024e-06,1.4455213440960682e-06,2.2731314634811853e-05,6.616857977235046e-05,8.573301590850039e-10,0.00017924667171041948,6.116772149569475e-07,3.273789282747821e-05,0.9163582820027628,5.372432383147915e-06,1.0301373998480617e-10,0.03202894903516606,2.339237330286454e-05,0.0028535232849882255,4.847878148722395e-07,0.04813464324153021,2.6356654977565814e-07,2.2948414741930691e-10,1.1534815838199777e-06,0.0001620509446837827,2.6468245816422995e-11
30,6.10201783079195e-06,1.434062308102955e-13,7.817638721674714e-06,0.00011357765484803469,1.4446638898916024e-06,1.4455213440960682e-06,2.2731314634811853e-05,6.616857977235046e-05,8.573301590850039e-10,0.00017924667171041948,6.116772149569475e-07,3.273789282747821e-05,0.9163582820027628,5.372432383147915e-06,1.0301373998480617e-10,0.03202894903516606,2.339237330286454e-05,0.0028535232849882255,4.847878148722395e-07,0.04813464324153021,2.6356654977565814e-07,2.2948414741930691e-10,1.1534815838199777e-06,0.0001620509446837827,2.6468245816422995e-11
31,6.080269580047791e-06,1.3996074300068778e-13,7.813330490243522e-06,0.00010917410535188422,1.3849961413531864e-06,1.3674776600669608e-06,2.1798550888932884e-05,6.703361695721013e-05,8.317729215833711e-10,0.00017587087501557227,5.975249800426039e-07,3.175152925755807e-05,0.9187134003242392,5.152787589375136e-06,1.0086301373843935e-10,0.031060446777979155,2.3032357186122418e-05,0.002748843878910762,4.799962389865158e-07,0.046865192938443934,2.5485823608425585e-07,2.2338295270105962e-10,1.101569577513035e-06,0.00015922105376379843,2.5353255404905456e-11
32,6.087744471922278e-06,1.4460533975330016e-13,7.751073591440312e-06,0.00011061680418710912,1.441018074452357e-06,1.4385711109864767e-06,2.2302307917735493e-05,6.509499916819272e-05,8.464328251107827e-10,0.00017752453072093674,6.036700663477107e-07,3.197748701104161e-05,0.9173150919803992,5.34948679320524e-06,1.0267181491788667e-10,0.03164708244290606,2.3301553651067994e-05,0.0028621440160595158,4.954370360874597e-07,0.04755751361785123,2.5983875687474783e-07,2.2709246583940521e-10,1.1426591370501661e-06,0.0001627795585218185,2.6226254133293537e-11
33,5.637472636669683e-06,1.2321163092980246e-13,6.7108484265712385e-06,0.00010110326262610172,1.2329190408540152e-06,1.336681598490019e-06,2.0544673827156224e-05,5.960991864902766e-05,7.001191918578468e-10,0.00015772967362168004,5.008263448432184e-07,2.9186198202340602e-05,0.9230668352371179,4.751249491351625e-06,8.370885803516602e-11,0.031358845678576976,2.1921183766201253e-05,0.002796360123240304,4.7250474514831413e-07,0.04220649775295704,2.2540257668888866e-07,2.0417167248674025e-10,9.867067662129913e-07,0.0001595106760092783,2.1656354457176703e-11
34,7.1412168531964925e-06,1.3240018247255139e-13,7.884773189875658e-06,9.885938286076483e-05,1.3779838053014105e-06,1.0949723409252369e-06,1.8603413619931025e-05,6.302001813020166e-05,7.826561487779154e-10,0.00017118004636002473,6.386384970544568e-07,2.7321254806114225e-05,0.9240116884409681,5.383885529996664e-06,9.852244366212178e-11,0.027737718357485935,2.2895244926513743e-05,0.0026060923111681953,5.168124273436342e-07,0.04506892145564114,2.2742375845807267e-07,1.9317609088630599e-10,1.031181411313138e-06,0.0001484020876828011,2.4049535119455052e-11
35,6.209585431520336e-06,1.4403133695691388e-13,7.358278622128724e-06,0.0001062828588778185,1.3233601348276502e-06,1.3477673315729284e-06,2.163174382078459e-05,7.289814391493394e-05,8.890918705143791e-10,0.00017395501746050635,5.891676301369671e-07,3.169933698362914e-05,0.9228432449217997,4.774442637607481e-06,1.0277192669819368e-10,0.030476542966216172,2.2469250769469607e-05,0.0027313739461494175,4.795556198233062e-07,0.04334085476345925,2.3776274520260968e-07,2.344366603553278e-10,1.044867367814467e-06,0.00015568101194835207,2.463471385258432e-11
36,5.930014755689624e-06,1.918194888558507e-13,1.097366870793907e-05,0.0001448750081042832,1.7658308346400002e-06,1.7921040874179645e-06,1.9426482610267718e-05,6.218435768222477e-05,1.010026176848856e-09,0.00025363302876964705,8.228361414367062e-07,2.8388885428567698e-05,0.8972881303496397,5.151677893230435e-06,1.2981728756546872e-10,0.033823015930465,2.411373278404622e-05,0.0029104348919761556,5.793600765075818e-07,0.06525512005713745,3.4493834800539296e-07,2.511116404993357e-10,1.4856437760775143e-06,0.0001618297813960042,2.8238530293157422e-11
37,4.67019783368753e-06,1.2780846622024103e-13,8.084165205095947e-06,9.474078819841626e-05,1.3234596396456044e-06,1.4532151034897618e-06,2.298108750197419e-05,8.753318834133836e-05,1.0559615390487927e-09,0.00020748037004244865,5.574436070110076e-07,3.421189395459439e-05,0.9222107339509735,3.5573472743116903e-06,1.0409901005449535e-10,0.028382199706648903,2.0099511183981665e-05,0.002171409935505246,3.9259927924591133e-07,0.04660083781185704,2.3656566362960665e-07,2.372174920265366e-10,9.741756258889917e-07,0.00014652116666153035,2.2492964024374305e-11
38,1.133345674733273e-05,1.9019081329071768e-13,1.212058520117095e-05,0.00031557267719018963,1.7739350108921447e-06,4.0201691669292015e-07,1.878700683488749e-05,0.00021825578534744367,1.9925913429788327e-09,0.0006217804795225055,2.2344302879190545e-06,2.9188113286229877e-05,0.8805931469212032,6.381297612712147e-06,1.6830201982627538e-10,0.008269307090830269,1.9241935528093654e-05,0.0009539878700105301,1.903208465467274e-07,0.10883791889929469,9.385083855074394e-08,2.477660511417135e-10,9.738822212634638e-07,8.730695454580715e-05,8.18735991135758e-11
39,1.5553676471254594e-05,1.9080820945112533e-13,4.446071357553893e-06,0.00019563336266659114,2.649574805535697e-06,6.963921259255134e-07,2.736990186348021e-05,6.112392473599191e-05,1.115052739763191e-09,0.00033269811057195196,1.9148712423904866e-06,2.2048628389345515e-05,0.9181648279449242,2.009524890369647e-05,1.5916264368462788e-10,0.011564448372460935,1.4200056611600615e-05,0.0026377306221334433,4.5236523313099125e-07,0.06681543012933837,5.887146316893606e-08,1.4877078633762227e-10,1.084222876476305e-06,0.00011753614302904788,8.561912575453917e-11
40,5.719655485810744e-06,1.3641464670969323e-13,7.2984866616805565e-06,0.00011638969810419626,1.2946919867644642e-06,1.4875294675079544e-06,2.2027209559893006e-05,6.800607474206014e-05,8.458112750535982e-10,0.0001785789126095648,5.777967621875918e-07,3.1679649818745037e-05,0.917197545476803,4.738496444722165e-06,9.862085912523104e-11,0.03296339570530456,2.2175619675739172e-05,0.0028760783804907325,4.604766201425987e-07,0.0463423916137002,2.555563929176996e-07,2.2727480213490962e-10,1.13058698535185e-06,0.00015876718669236914,2.3848643066319747e-11
41,7.099849975677934e-06,1.5674928529965846e-13,1.0655790281862795e-05,0.00010226694018902113,1.6797769374807972e-06,1.6311825427923243e-06,3.520082073489224e-05,6.914475259048912e-05,9.261465447156336e-10,0.00018184749618765708,5.411255398272455e-07,4.4506447966172116e-05,0.9155027695519254,6.95948779141057e-06,1.1362324096328274e-10,0.032056247449112216,3.3663775641013216e-05,0.002544486047793813,5.107585619173866e-07,0.04916183232860993,4.0978428456901025e-07,2.8482230819898824e-10,1.497519766321925e-06,0.00023704774686554556,4.1953344141182656e-11
42,5.510773628239648e-06,1.4747850300237917e-13,8.549965229352628e-06,0.00011700440943583335,1.2812161098285094e-06,1.5184613297956394e-06,2.2036906927932002e-05,7.464422244129673e-05,8.610881845318556e-10,0.00017065647645679135,5.740557728935516e-07,3.45458541651734e-05,0.9148912373745416,4.331563217130988e-06,1.0149467874312993e-10,0.03669673059902832,2.3462237942290606e-05,0.002757222793982851,4.860904201845135e-07,0.045032257326673035,2.8900572737210674e-07,2.6240725718640535e-10,1.0556627523573542e-06,0.00015660375704513522,2.2035169562647095e-11
43,5.394847820821827e-06,1.2768851880485843e-13,7.97648607297036e-06,0.00010232750208719673,1.3733713368992551e-06,1.5050039839025224e-06,2.1276348212779853e-05,6.544031106989828e-05,8.452185209472881e-10,0.0001927143564654869,5.531363610335746e-07,3.096478210706151e-05,0.9172200354033834,4.453162694446063e-06,9.781847530677721e-11,0.032112630438413635,2.3070665932553033e-05,0.0027137510255362284,4.715760010385299e-07,0.04733127629786536,2.817453965196183e-07,2.1845949418588358e-10,1.1367256008898411e-06,0.00016336562937646076,2.2657555176550166e-11
44,6.10201783079195e-06,1.434062308102955e-13,7.817638721674714e-06,0.00011357765484803469,1.4446638898916024e-06,1.4455213440960682e-06,2.2731314634811853e-05,6.616857977235046e-05,8.573301590850039e-10,0.00017924667171041948,6.116772149569475e-07,3.273789282747821e-05,0.9163582820027628,5.372432383147915e-06,1.0301373998480617e-10,0.03202894903516606,2.339237330286454e-05,0.0028535232849882255,4.847878148722395e-07,0.04813464324153021,2.6356654977565814e-07,2.2948414741930691e-10,1.1534815838199777e-06,0.0001620509446837827,2.6468245816422995e-11
45,6.7520837082729054e-06,1.6537140150552683e-13,8.61994525669987e-06,0.00013388517275583122,1.7264656130822359e-06,1.5918500999877964e-06,2.362737894952522e-05,6.244615138305594e-05,9.402600275294538e-10,0.00019060635785218206,7.315047276812897e-07,3.502870751444177e-05,0.9058267559800058,6.599138119581375e-06,1.1543149030041371e-10,0.03315919972993936,2.6376686808020496e-05,0.0032164200115584163,5.188713109691985e-07,0.05713058935542964,3.1262210567081443e-07,2.4548030463556664e-10,1.4246844566096488e-06,0.00016678596813547215,3.293275450427625e-11
46,5.993218637427961e-06,1.867598089270419e-13,8.298678371883873e-06,0.00011720706909139803,1.986201949817868e-06,1.8048651530292262e-06,2.725879695864148e-05,7.257416167861379e-05,1.1558002385743822e-09,0.00021070222761180064,7.803725154603206e-07,3.695871360643038e-05,0.9018145760958448,7.995107830783162e-06,1.6352817803934554e-10,0.03506233155422788,2.0005268787473215e-05,0.0035723511182695015,5.5860936362371e-07,0.058853446693770885,2.8465604255310775e-07,2.306083840857616e-10,1.5020238932743249e-06,0.00018338298152648593,3.474474737768051e-11
47,6.078612789905993e-06,1.2905014013413194e-13,7.5514825151158705e-06,0.00010723197761472817,1.3104634659905952e-06,1.332869712577598e-06,2.1605804271648237e-05,6.399019171133806e-05,7.826602341367652e-10,0.00016913418098159528,5.618249118632641e-07,3.1118156510166666e-05,0.9205090144093856,4.924898192343255e-06,9.188070917877251e-11,0.03198152415585615,2.293271129291552e-05,0.002692888324994924,4.747279134442618e-07,0.044219440004346335,2.470768054992582e-07,2.1747491066263935e-10,1.050700091446808e-06,0.0001575863111285787,2.3362780435589287e-11
48,6.134497525398841e-06,1.4599574022487296e-13,7.92352493946863e-06,0.00011641238948268312,1.471480929195641e-06,1.465255768685288e-06,2.2980782700185796e-05,6.652861920836657e-05,8.726614867421664e-10,0.00018057134910698088,6.28680522341953e-07,3.3353155318100196e-05,0.9149451315249632,5.494177973656116e-06,1.0544921146716688e-10,0.03244958965536853,2.3456224898231728e-05,0.0028903637942324684,4.851569568787358e-07,0.049085069737812785,2.6885339126917616e-07,2.3233520130353637e-10,1.177878965223691e-06,0.00016149202232586254,2.7018661203086376e-11
49,5.704416328232982e-06,1.4549661050190088e-13,8.164087949113988e-06,0.00011322777048525517,1.442299697566924e-06,1.5205049273343155e-06,2.299658650106909e-05,6.738336888556387e-05,8.695750981691735e-10,0.00018048755192022234,5.980115097697972e-07,3.419051689355271e-05,0.9149620009591877,5.014398417713822e-06,1.0256864755767257e-10,0.03266923523209501,2.3478826204827763e-05,0.0027756045900829127,4.761832366229496e-07,0.04896588295624701,2.7606864615471493e-07,2.4149315996777436e-10,1.1404165090704375e-06,0.0001611740145433285,2.5949612248807224e-11
50,6.105053275329004e-06,1.5150177223247311e-13,8.036171364293783e-06,0.00011870110072766792,1.484182596101096e-06,1.517453152813886e-06,2.277712452145868e-05,6.663056455920417e-05,8.856883076812795e-10,0.00017999931556825466,6.368831488622205e-07,3.380330836391399e-05,0.9133850315821563,5.480476356539093e-06,1.0801074679284436e-10,0.033214483019542246,2.3896203775737745e-05,0.002989820069666868,4.955572359501124e-07,0.049777581901664085,2.8141422070618956e-07,2.394883269893218e-10,1.2112079205523994e-06,0.0001620261496787265,2.7165499681254108e-11
51,6.411071836343937e-06,1.8181864399093365e-13,7.903066578562478e-06,0.00014323920054707572,1.4373580212843793e-06,1.537630809924576e-06,2.2019253611755505e-05,7.480890233867145e-05,9.44335977878963e-10,0.0001834582668561596,7.3220956387136e-07,3.501790714305313e-05,0.9120018701983736,5.6696643532430695e-06,1.2242052179337435e-10,0.03326708784094774,2.3021645059590455e-05,0.0031381920064703227,4.934722819015025e-07,0.050933299566149386,2.7136933238024197e-07,2.6851820208030084e-10,1.22144757357921e-06,0.0001523065572735716,2.9421307128521726e-11
52,5.5895460130087155e-06,1.2689584985616172e-13,6.715012267306175e-06,0.00010346979654728269,1.2846857946545355e-06,1.3361142113889842e-06,1.8930974246837155e-05,6.296787648958699e-05,7.695729433754435e-10,0.0001812760980760205,5.69984147540237e-07,2.8179161239063712e-05,0.9211737048475114,4.824174143648778e-06,9.567832989241773e-11,0.028985992376929462,1.967513171836321e-05,0.0028032952420831217,4.64726771517797e-07,0.04644952509733627,2.1421725528345591e-07,1.9221592639775714e-10,1.0280320651128647e-06,0.0001509558254792859,2.2079684933099553e-11
53,6.138379567449098e-06,1.4289250186709693e-13,7.69651604459467e-06,0.00010841776044608073,1.3834650371603587e-06,1.3822456996451428e-06,2.1464162702265204e-05,6.647958493666917e-05,8.318657318989817e-10,0.00017906837442486487,5.898354287049258e-07,3.094786380174083e-05,0.919894432067532,5.113758013648577e-06,1.0049274277002137e-10,0.030765291891194552,2.2850118953369476e-05,0.0027428373748704642,4.954081008797566e-07,0.04598240260615814,2.4715477490679794e-07,2.2506470792946582e-10,1.0850975705551057e-06,0.0001616751519544183,2.5221831268474727e-11
54,5.103374930040553e-06,1.0009631654737567e-13,7.957681126276729e-06,9.497066680553357e-05,1.2532650951064753e-06,1.2182394917719181e-06,1.798407065779855e-05,5.830496102219996e-05,7.035983138528762e-10,0.0001710166879952457,5.37431002217099e-07,2.82509294013047e-05,0.9177274005654599,4.100186864804424e-06,8.000261044131067e-11,0.030575325586996337,2.1681841376129898e-05,0.002528743867270128,4.194194669744616e-07,0.048615362092691974,2.5490707320221516e-07,1.76090564455688e-10,1.0082638444332657e-06,0.0001391049832975302,1.833958870412475e-11
55,7.939871171084573e-06,2.367739446647554e-13,1.1536560583659558e-05,0.00015464309789431471,1.7045051814199191e-06,1.5684422185168903e-06,2.0262873253825245e-05,6.794833637494096e-05,1.0097168888643463e-09,0.00023034813699115395,8.52121769839726e-07,2.6447651554460053e-05,0.9084645033623773,5.401696942728741e-06,1.3277604137942386e-10,0.03199089933265119,3.188816708267039e-05,0.002902301303974359,6.761580105460681e-07,0.05590351852360116,3.6705732922038956e-07,3.0297143764565884e-10,1.4984690840071494e-06,0.00017569285280737097,3.344539725438504e-11
56,5.9582341904745414e-06,1.3738176321984562e-13,7.576310461918797e-06,0.00010908887352077706,1.3915397310782088e-06,1.4003311241890232e-06,2.1939183289437997e-05,6.517855519974737e-05,8.247562237272332e-10,0.00017678807468895892,5.871689806270107e-07,3.1660736958767176e-05,0.9184609054820397,5.170364580967422e-06,9.880960767779038e-11,0.031146198773662044,2.274704611734252e-05,0.0027783453360021,4.759810647602915e-07,0.04700319406021901,2.5105436461672936e-07,2.2009806996879958e-10,1.1067450078121428e-06,0.00016003497969139217,2.5303238351325062e-11
57,1.3249154211776529e-05,4.5238705543677505e-13,5.935340125003116e-06,0.00034452670043288194,1.6107334495608887e-06,2.187121175433481e-06,2.9399322255418552e-05,0.00010112720121039791,1.4482107514347224e-09,0.00017624057852182393,1.4607852561817904e-06,3.878705128585822e-05,0.8973024484543982,1.1455967898597253e-05,2.595267640993084e-10,0.04387043646817291,2.605033032450295e-05,0.007477717236747956,7.311290602741004e-07,0.050420749719373624,3.079481134636117e-07,4.574356078657825e-10,2.1676374049847164e-06,0.00017340889960968823,5.534592437200412e-11
58,5.9943462492362255e-06,1.3997777938056223e-13,7.54702755675656e-06,0.00010730187118235489,1.394514416068112e-06,1.4170852213749654e-06,2.203146880803214e-05,6.525086951844054e-05,8.2647344318447e-10,0.0001762362310053377,5.77535366213928e-07,3.171264603504686e-05,0.9189489824167629,5.2121055524692015e-06,9.991051957943883e-11,0.031044333023480544,2.288658637396689e-05,0.002804346501557842,4.84391852171092e-07,0.04658877498111702,2.5286531848401826e-07,2.2188703869725846e-10,1.1158591879651903e-06,0.00016414649944883317,2.5577764944599155e-11
59,5.939486188215921e-06,1.3774187814352995e-13,7.756848566773663e-06,0.00010710955571651707,1.397838212209379e-06,1.398996612841752e-06,2.1963763605378784e-05,6.49875253405027e-05,8.21737936094738e-10,0.000177116059599739,5.805538936431103e-07,3.151322579943382e-05,0.9183356779604672,5.148337981465653e-06,9.898832280914512e-11,0.03097324759668943,2.3011043243588676e-05,0.002748924316784623,4.790402013207952e-07,0.04732962239907881,2.5630448930332754e-07,2.1944026860876494e-10,1.116847107772745e-06,0.00016275113471582765,2.5401275903348935e-11
60,6.10201783079195e-06,1.434062308102955e-13,7.817638721674714e-06,0.00011357765484803469,1.4446638898916024e-06,1.4455213440960682e-06,2.2731314634811853e-05,6.616857977235046e-05,8.573301590850039e-10,0.00017924667171041948,6.116772149569475e-07,3.273789282747821e-05,0.9163582820027628,5.372432383147915e-06,1.0301373998480617e-10,0.03202894903516606,2.339237330286454e-05,0.0028535232849882255,4.847878148722395e-07,0.04813464324153021,2.6356654977565814e-07,2.2948414741930691e-10,1.1534815838199777e-06,0.0001620509446837827,2.6468245816422995e-11
61,6.096583720940624e-06,1.4276216073338824e-13,7.983196907416772e-06,0.00010951891064462125,1.448033431330844e-06,1.4381154375192232e-06,2.2814767729827765e-05,6.577915009094681e-05,8.542653913943893e-10,0.0001798638139753709,5.976548935949336e-07,3.2500376676182525e-05,0.9172304628918768,5.319944991024403e-06,1.0251118397001623e-10,0.031723188858785716,2.3622121413444943e-05,0.0027855802144671374,4.905672466879539e-07,0.04763649219911344,2.665401431272636e-07,2.285793503639143e-10,1.1506498720718673e-06,0.00016538419663232124,2.6451735989453858e-11
62,6.10201783079195e-06,1.434062308102955e-13,7.817638721674714e-06,0.00011357765484803469,1.4446638898916024e-06,1.4455213440960682e-06,2.2731314634811853e-05,6.616857977235046e-05,8.573301590850039e-10,0.00017924667171041948,6.116772149569475e-07,3.273789282747821e-05,0.9163582820027628,5.372432383147915e-06,1.0301373998480617e-10,0.03202894903516606,2.339237330286454e-05,0.0028535232849882255,4.847878148722395e-07,0.04813464324153021,2.6356654977565814e-07,2.2948414741930691e-10,1.1534815838199777e-06,0.0001620509446837827,2.6468245816422995e-11
63,6.206349272406432e-06,1.5528245610214283e-13,7.853848726627618e-06,0.00011585101882928591,1.475276758670119e-06,1.4965210114910105e-06,2.2796212469451985e-05,6.691523691815395e-05,8.839475440717986e-10,0.00017923672321462736,6.262925788296514e-07,3.308231059119489e-05,0.9158640169253001,5.509967648998647e-06,1.0829455725575424e-10,0.03224558578811558,2.377786962383585e-05,0.0029521064052778962,5.051118739613223e-07,0.04830682290108636,2.696428241653772e-07,2.4023169781424113e-10,1.1861579516950013e-06,0.0001646781795970063,2.770058572082659e-11
64,6.132393959065382e-06,1.50078957778909e-13,8.39695830557905e-06,0.00011531988583340812,1.5239167879184363e-06,1.5287730802812751e-06,2.3246201108523556e-05,6.531964581652503e-05,8.866898827165426e-10,0.00018176594441113812,6.304297056487935e-07,3.4053380875263803e-05,0.9130146895391869,5.54360815437035e-06,1.0795567235387224e-10,0.03344456823924622,2.477267544337251e-05,0.002934895362986079,5.031789426979674e-07,0.0499692588606396,2.9702989197507414e-07,2.3922470214622115e-10,1.2394132250828635e-06,0.00016631330079809232,2.7582063509451675e-11
65,6.3424153087346415e-06,6.733962943099904e-14,7.152184602955461e-06,7.142064011569842e-05,9.559014150270347e-07,7.120346574681769e-07,1.9100503974668747e-05,7.378402391030325e-05,6.882387380854687e-10,0.00017849650257091608,4.5912247448147955e-07,2.4850928951955863e-05,0.9447947758116105,3.113640342841403e-06,5.702328181440337e-11,0.02531246658496207,1.6999625576831826e-05,0.0013562268011771987,3.804227650906463e-07,0.028016365401977175,1.1914930594475886e-07,1.625172811334108e-10,4.844831206244643e-07,0.00011579290041151135,1.2921487619435657e-11
66,9.876180900933764e-06,3.9615726128234453e-13,8.297026551480738e-06,0.00022501148473635187,1.6205265829903616e-06,2.3359617151088394e-06,2.8613243762405377e-05,0.00011239050740169596,1.4683038799669638e-09,0.00017666216814426192,1.0752636794245305e-06,5.647610282975947e-05,0.89508690880984,1.034561871733748e-05,2.716095886743045e-10,0.04616616855909321,2.8173611242313315e-05,0.005694758681544942,6.958311511702277e-07,0.052185993333542846,4.572132018669564e-07,4.704373096221814e-10,2.0824807294341614e-06,0.00020205513156056176,5.232519883206858e-11
67,6.481862861769429e-06,8.879707456794618e-14,7.6124601586817125e-06,8.904523968747539e-05,1.1681609868451661e-06,9.287888541343773e-07,2.1779033254018594e-05,7.969225412232005e-05,8.124054363556926e-10,0.00020195280307125634,5.653655643425274e-07,3.029355329707864e-05,0.9349991044357213,3.946625529598582e-06,8.139172547985281e-11,0.02875113119761205,1.7538362538347816e-05,0.001732772938025323,4.020523918265945e-07,0.03392736573787172,1.615624104630071e-07,1.9360881348481223e-10,6.497265007717875e-07,0.00012740673542468932,1.6621428849494307e-11
68,8.736948945615238e-06,1.1216702617527262e-13,6.6032212876077304e-06,0.00011497767246386295,1.1421026530702568e-06,8.016260628370443e-07,1.7152607298713435e-05,5.005330377753108e-05,6.302082615986051e-10,0.00016179047571902473,6.163070515170307e-07,1.8008743837711272e-05,0.9330259039329595,5.499939579180194e-06,6.969448716151489e-11,0.031091488388165594,2.066010067708836e-05,0.002319127882683078,5.947353592268101e-07,0.03301956700018093,1.3958690718612972e-07,1.6135594537542404e-10,8.073998543667398e-07,0.00013632714419554436,1.896980867300579e-11
69,5.9092076801544e-06,1.5071833273351375e-13,7.891305062465621e-06,0.00011905720008897455,1.4702485080594407e-06,1.4728973889307649e-06,2.152975809367057e-05,6.633867882431918e-05,8.742349143640569e-10,0.00017863444975943211,6.561744239097712e-07,3.266149686491098e-05,0.9126926111596236,5.345336576929291e-06,1.0889878914271052e-10,0.031451302687636705,2.3388129613022857e-05,0.0030233224093400113,4.7591238049065006e-07,0.05221208931977647,2.77222833200067e-07,2.2944707394099338e-10,1.2262884828217843e-06,0.00015433887721258362,2.709795115172657e-11
70,8.40752286167989e-06,1.9290451158988668e-13,7.692345161587072e-06,9.608175619237756e-05,1.6062131937814538e-06,1.4054609199643565e-06,2.444923683120621e-05,7.478239570606983e-05,9.994491367109454e-10,0.00017058936834553391,6.135711796387512e-07,3.460826626531267e-05,0.9268964913631529,6.874108064466719e-06,1.318390050463726e-10,0.028496037119417485,2.910073383735042e-05,0.0031768559185636823,6.263726265274321e-07,0.040770488487059525,2.8955684599522993e-07,2.7129546971605766e-10,1.280171925459791e-06,0.0002017185926998253,3.6373239739808156e-11
