,0,1,2,3,4,5,6,7,8,9,10,11,12,13,14,15,16,17,18,19,20,21,22,23,24
0,6.51888957380611e-05,6.741940429399906e-05,3.758533777820911e-06,0.012432194271893288,2.4959038311005146e-06,1.1056141001653367e-07,0.00028637531745554184,0.0002773248672289286,4.388019798050579e-06,1.3210222086621193e-06,1.802286863325896e-05,8.203487356576743e-05,0.9845769492207311,1.7013157161331168e-05,9.699631452034267e-07,1.650600216029525e-05,9.560533291058351e-07,0.0002746638098606924,2.0501279458491998e-05,0.00039600993923695016,1.0957675455760964e-06,0.0014533517626406844,1.0566001606349495e-08,1.328393406786935e-06,9.545487737388513e-09
1,6.440437793074432e-05,6.011962722934859e-05,3.5059402959725763e-06,0.012344827461285353,2.173633749215714e-06,8.757080931486267e-08,0.0002582362066522781,0.00024904858227566267,3.091036929379751e-06,1.0406779867050228e-06,1.585912708652197e-05,7.736406791586526e-05,0.9850430566189464,1.2527744099051905e-05,8.364610169886207e-07,1.680867903753774e-05,9.728629078914933e-07,0.0002416106447524648,1.8387230508153677e-05,0.0003388167104909043,9.609529313445555e-07,0.001245062328125949,8.582604507274486e-09,1.1851457358426338e-06,7.728696502586632e-09
2,7.075882223110767e-05,5.794337747211446e-05,3.3219793956639345e-06,0.012798370391075667,2.122551252038931e-06,8.510712855584406e-08,0.00026958501449151105,0.0002373740028109933,2.796587654572952e-06,8.730898289255444e-07,1.603896307911732e-05,7.849496618861572e-05,0.9847061967122627,1.096010310714297e-05,7.234908055103498e-07,1.425517805044733e-05,9.654776909859452e-07,0.0002424700170989421,1.750800279337892e-05,0.0002755900507796761,9.395611549467986e-07,0.0011915162278922564,8.236393472073813e-09,1.0955297964912624e-06,6.559565545300983e-09
3,6.640091727180094e-05,6.05204982405086e-05,3.3793818191972206e-06,0.012850046911740548,2.2324666552970956e-06,8.935964848011447e-08,0.00026207293221489736,0.00025035718456391226,3.089235692965785e-06,9.968580674796366e-07,1.6395616010932532e-05,7.872106050217454e-05,0.9845184284313965,1.2346078500366375e-05,8.345447696477018e-07,1.5754498771341657e-05,9.662771271574883e-07,0.00024182548570171142,1.8177926612372124e-05,0.0003236927742711939,9.456667952238596e-07,0.0012715485085693038,8.618776687400452e-09,1.161297409818451e-06,7.468870605701447e-09
4,0.00010085294834204201,0.00011205961651062935,4.202104514550568e-06,0.025809041434696808,4.455724824592687e-06,3.7281660654466823e-07,0.0005460648808195623,0.0007414322022570402,5.594244774068759e-06,2.029112391376167e-06,3.693774784378443e-05,0.00021155493704242933,0.9684049780419555,1.4506621356066017e-05,3.6747729587791914e-06,5.5051460094532336e-05,2.618825916819977e-06,0.0003047498236070975,4.557726286225764e-05,0.0005029895337670031,1.116701518460494e-06,0.003088645960910239,1.7301943361346337e-08,1.4551224327301698e-06,2.0800053630501913e-08
5,6.592385346607285e-05,6.030131752596517e-05,3.3861495145538324e-06,0.013134958849821535,2.264186342874471e-06,8.99910877491862e-08,0.0002565669152699604,0.00024477792344140137,3.114147819519832e-06,1.0042112598033315e-06,1.6269126807585204e-05,7.672411569975568e-05,0.9842703467059786,1.2317985700070097e-05,8.234369749416004e-07,1.534293357555944e-05,9.501343884244746e-07,0.00024316286001915905,1.793792484803733e-05,0.00032779934603101155,9.349949806413912e-07,0.001243806915376055,8.80140171296334e-09,1.1798467248719279e-06,7.3259442743474246e-09
6,6.640091727180094e-05,6.05204982405086e-05,3.3793818191972206e-06,0.012850046911740548,2.2324666552970956e-06,8.935964848011447e-08,0.00026207293221489736,0.00025035718456391226,3.089235692965785e-06,9.968580674796366e-07,1.6395616010932532e-05,7.872106050217454e-05,0.9845184284313965,1.2346078500366375e-05,8.345447696477018e-07,1.5754498771341657e-05,9.662771271574883e-07,0.00024182548570171142,1.8177926612372124e-05,0.0003236927742711939,9.456667952238596e-07,0.0012715485085693038,8.618776687400452e-09,1.161297409818451e-06,7.468870605701447e-09
7,0.00017455275225474528,0.00035896803437893306,1.2782833171346133e-05,0.05035707771555124,1.1575808429942801e-05,1.1932507899046369e-06,0.0009389808792027297,0.0025682281576023844,2.8345862836897522e-05,1.203785398894436e-05,6.500169903322918e-05,0.000596593930929413,0.9343558765297484,0.0001250994631573103,7.678895579837256e-06,0.00012962634889174263,8.153147052558122e-06,0.0008908785382737426,8.630321858178695e-05,0.0011213880268088935,3.683078839923968e-06,0.008141306443438471,9.562872196553022e-08,4.4535069685503364e-06,1.1839576715930602e-07
8,5.741600327482236e-05,4.949803679401541e-05,2.6547809178570416e-06,0.010319707929642855,1.8182584610289408e-06,7.821613509831818e-08,0.0002798270933027605,0.0002337102023349224,2.593350242795318e-06,7.605578850207262e-07,1.5288365649538845e-05,6.663412539318265e-05,0.9872189033476435,9.3607513163445e-06,6.875253736777884e-07,1.3452374249846888e-05,7.595567122756772e-07,0.0002206889619333014,1.843849890309469e-05,0.00027499648713698516,8.893381647105081e-07,0.0012109613756596156,6.3079471203030355e-09,8.629701415497601e-07,5.5847840973675414e-09
9,6.55364163331542e-05,6.575171874863804e-05,3.679371836872945e-06,0.013732184127394895,2.2927493311656737e-06,9.281325515949904e-08,0.00024756400106289855,0.0002587203939126471,3.341551664857662e-06,1.1745264916134706e-06,1.6164563699704363e-05,8.01331457355684e-05,0.9835754939520863,1.4075033447424595e-05,8.933146817766827e-07,1.7215687651225838e-05,1.0191225135449197e-06,0.0002497314936406629,1.844011229295373e-05,0.00035952450909970235,9.585420755693032e-07,0.0012847124851692385,9.567844578444277e-09,1.2824496324968022e-06,8.35039729507492e-09
10,6.640091727180094e-05,6.05204982405086e-05,3.3793818191972206e-06,0.012850046911740548,2.2324666552970956e-06,8.935964848011447e-08,0.00026207293221489736,0.00025035718456391226,3.089235692965785e-06,9.968580674796366e-07,1.6395616010932532e-05,7.872106050217454e-05,0.9845184284313965,1.2346078500366375e-05,8.345447696477018e-07,1.5754498771341657e-05,9.662771271574883e-07,0.00024182548570171142,1.8177926612372124e-05,0.0003236927742711939,9.456667952238596e-07,0.0012715485085693038,8.618776687400452e-09,1.161297409818451e-06,7.468870605701447e-09
11,0.00020241054454218563,0.0008294015570691392,1.1764610880635944e-05,0.22022199756385397,2.0038080568123147e-05,6.7994618785857934e-06,0.0015523492988770023,0.012640022671773927,4.8391922202304645e-05,4.014564121119905e-05,0.00015086337413851213,0.0007840272613010699,0.7432320885773974,0.00015798761980440428,3.207043431810361e-05,0.00027819409318623553,1.641224451432116e-05,0.001935580112874582,0.00024905725286043204,0.0016073119477585068,2.8497348510199755e-06,0.015978174934581924,1.948165911306871e-07,1.7393287699610545e-06,1.2691419544092362e-07
12,6.975879471932638e-05,5.6972919159232345e-05,3.1267754071893044e-06,0.014208629576097672,1.73889468600097e-06,7.684707494542383e-08,0.0002724017565041727,0.0002638382743165266,2.598074829524511e-06,8.663185567669286e-07,1.5241677695209932e-05,7.179525598340719e-05,0.9833559091625106,1.0769757643866585e-05,7.10117376841056e-07,1.3211800389104284e-05,8.68527062114586e-07,0.000259157368420395,2.0100055313620184e-05,0.00022981477763617668,9.570708137179295e-07,0.001140536440529136,7.622506379585008e-09,9.066137345632867e-07,5.521033616692743e-09
13,6.530527603082477e-05,6.53271476713271e-05,3.7949646814664888e-06,0.015300887406295705,2.584488965476384e-06,1.1054853616265443e-07,0.00029115513925821913,0.00024313864236306937,3.608954480721242e-06,1.177876282423915e-06,1.5077264508620398e-05,7.503122450175736e-05,0.9820872391585906,1.2375132418929333e-05,8.945321008500866e-07,1.7614425229878342e-05,1.0658443794277103e-06,0.0002486218006906758,1.9610719496349103e-05,0.00035955160225574983,1.0044730871431405e-06,0.0011833997423743585,1.1193721420764428e-08,1.404451579810831e-06,7.990499219784327e-09
14,8.42010810719493e-05,5.468359384710721e-05,6.078525774015909e-06,0.009029050857753913,2.1124276352981093e-06,1.4924110907723985e-07,0.00041893261447762276,0.00041053042643358423,4.5785097089537146e-06,1.2054443301866304e-06,1.988200786544072e-05,0.0002084046694998398,0.9871092700878232,1.7768749024486884e-05,1.5136417633635897e-06,4.894158239400686e-05,1.7237546164173344e-06,0.00021832952397195072,1.5794837836353272e-05,0.0005590581884579892,1.0499627400506302e-06,0.00178478062170528,1.16640981451503e-08,1.9243362115595425e-06,2.3649850008675194e-08
15,6.640091727180094e-05,6.05204982405086e-05,3.3793818191972206e-06,0.012850046911740548,2.2324666552970956e-06,8.935964848011447e-08,0.00026207293221489736,0.00025035718456391226,3.089235692965785e-06,9.968580674796366e-07,1.6395616010932532e-05,7.872106050217454e-05,0.9845184284313965,1.2346078500366375e-05,8.345447696477018e-07,1.5754498771341657e-05,9.662771271574883e-07,0.00024182548570171142,1.8177926612372124e-05,0.0003236927742711939,9.456667952238596e-07,0.0012715485085693038,8.618776687400452e-09,1.161297409818451e-06,7.468870605701447e-09
16,7.192878950990004e-05,5.748038416766104e-05,4.01090715432486e-06,0.012139400410838478,2.2609874476895436e-06,9.34135283278645e-08,0.0002669844213458858,0.00024482261175547804,2.925502357310497e-06,1.0122433475557157e-06,1.616923239778471e-05,7.895343186390114e-05,0.9853487425845541,1.1494656854500845e-05,7.814179019932087e-07,1.748070520477065e-05,1.0901889454272802e-06,0.00024871869391372334,1.6436020706952767e-05,0.0003521757954628152,9.778908614102506e-07,0.0011147443869178708,9.53658208395179e-09,1.298148413414601e-06,7.637966777011615e-09
17,6.656698572116066e-05,6.294588954282802e-05,3.5198262450299206e-06,0.01314895680264829,2.2818783791741823e-06,9.49846401104855e-08,0.000265563516913689,0.00026237202487135674,3.1793971193687014e-06,1.0741979576909378e-06,1.6749205323684916e-05,8.093268902399148e-05,0.9841439958369332,1.2675339890038308e-05,9.034683655120552e-07,1.717249846279748e-05,1.0189281136020015e-06,0.00024419920119101823,1.891954356798243e-05,0.0003429356654173055,9.580960888638188e-07,0.0013017759297236275,8.976128789008257e-09,1.1911372747780373e-06,7.980455906176277e-09
18,5.940473799867961e-05,4.96388422657955e-05,2.3295010861161547e-06,0.01684955657559637,2.264839112441334e-06,7.235226487294759e-08,0.00019321704700716563,0.00017783683688205214,2.1730529388822887e-06,6.640817019186526e-07,1.3746432242471647e-05,5.198361580588447e-05,0.9811872297587126,6.409001294457627e-06,6.883586333522844e-07,1.0072749118339258e-05,6.786120591389585e-07,0.000180957463421059,1.357510838994964e-05,0.0002613649082078427,5.339242035976673e-07,0.0009346970032669786,5.995959118437671e-09,8.956063227127876e-07,3.5955080719420956e-09
19,8.337655777361408e-05,2.1831103634646358e-05,2.6608374150669536e-06,0.0031191306310648257,1.0088433604173854e-06,4.779385540314478e-08,0.00029370839987458136,0.00034188301457876915,1.304450087181471e-06,3.6059019061183326e-07,2.4447249216939137e-05,5.3396226668696245e-05,0.9943781751407982,6.030601285974686e-06,3.799532064257956e-07,1.282865605264047e-05,6.316438537030169e-07,0.00034522193465520853,1.7862362789442428e-05,0.000255312311805062,1.5901262658772397e-06,0.0010382403508875761,4.303490114209593e-09,5.630273000375668e-07,3.8898890137142565e-09
20,0.00016759749746818846,6.145451795763483e-05,1.2609179390884369e-05,0.019349376792370566,4.78814365441947e-06,2.983531849347296e-07,0.0006842087306029952,0.0002471378270654826,2.8177056209801228e-06,1.1614485675591765e-06,1.9445948807510947e-05,0.00025451420009558627,0.9776250649294878,5.950459104047502e-06,1.5184562271495992e-06,9.747931244593148e-05,5.398837555899108e-06,0.00026447157021197926,2.1847632943288492e-05,0.0004305208012494575,1.4123152035692923e-06,0.0007364661472571227,3.3275855223662666e-08,4.401333247977318e-06,2.4584423784486128e-08
21,8.527557414742883e-05,9.090517944597713e-05,2.45325483693278e-06,0.018435152257245666,3.8421094450984814e-06,2.5730638991967645e-07,0.0005024889326095867,0.00041858561606147946,6.554178283658346e-06,1.2983540504377431e-06,3.170501022850984e-05,0.00011629788088963913,0.9768460569893472,1.3901067026742256e-05,1.9999684453966246e-06,1.4827331070242917e-05,1.0876740469471892e-06,0.00025369487832269463,3.450959753590205e-05,0.0003014612999342559,9.73225227493976e-07,0.0028356385648682448,1.188700795203636e-08,1.0113501979848203e-06,1.0513334588502286e-08
22,6.478704546655262e-05,5.960376491786573e-05,3.330507081031337e-06,0.01277012741288676,2.289450949176261e-06,8.907210197078874e-08,0.00027085134382607304,0.00024097550384439415,3.1456255716393694e-06,9.64476864364164e-07,1.608297057134671e-05,7.935409253350271e-05,0.9846270756336987,1.214655021500981e-05,8.472097410254594e-07,1.5671902247948428e-05,9.420904448915093e-07,0.0002320321092159889,1.7885412732139575e-05,0.00032424021133618575,9.312920338688549e-07,0.0012554231254979194,8.484481368918551e-09,1.1871329539992874e-06,7.578786293421293e-09
23,6.640091727180094e-05,6.05204982405086e-05,3.3793818191972206e-06,0.012850046911740548,2.2324666552970956e-06,8.935964848011447e-08,0.00026207293221489736,0.00025035718456391226,3.089235692965785e-06,9.968580674796366e-07,1.6395616010932532e-05,7.872106050217454e-05,0.9845184284313965,1.2346078500366375e-05,8.345447696477018e-07,1.5754498771341657e-05,9.662771271574883e-07,0.00024182548570171142,1.8177926612372124e-05,0.0003236927742711939,9.456667952238596e-07,0.0012715485085693038,8.618776687400452e-09,1.161297409818451e-06,7.468870605701447e-09
24,0.0001034754536632756,1.7788260488171435e-05,6.740681202154017e-06,0.002413715647856094,2.3345068043428285e-06,1.8362719325961781e-07,0.0007648089342222965,0.00031330138665127815,3.4881444021511133e-06,4.923661713320552e-07,2.9266297357734272e-05,0.00019843343166969015,0.9940670315028663,5.816306604566703e-06,1.4667901872896486e-06,6.17513018446456e-05,1.2483443413514238e-06,0.00015611556917090636,1.3503789033561001e-05,0.0006170199897101982,1.3216490361669421e-06,0.00121883185800921,6.960949562179277e-09,1.8347338709439882e-06,2.2466693510191628e-08
25,8.333079855821469e-05,0.00012420704091929504,5.934040229342509e-06,0.012814968693825639,2.7593931857379063e-06,1.3450210477683438e-07,0.00028330869980071555,0.00012429262983141757,6.07737484594753e-06,2.0780871902439344e-06,1.32738726959065e-05,8.975740336652619e-05,0.9844450348792569,1.837562513557453e-05,1.8525036938736895e-06,2.0869490560477663e-05,1.656857140220521e-06,0.0001517904775588617,2.5160779783742534e-05,0.0003137177892620576,1.1063145244016974e-06,0.0014678079432345914,1.500569345237142e-08,2.4700277395288416e-06,1.9769862483072217e-08
26,6.703109140927775e-05,5.87492055197682e-05,3.641503562502481e-06,0.012770349620631605,2.354619831035242e-06,8.974433377287281e-08,0.00024936416375681314,0.00022638120263161453,3.2339343664465414e-06,1.01964687896486e-06,1.5803435858204845e-05,7.459222502393837e-05,0.9847273963730224,1.2571313417857187e-05,7.826294468519946e-07,1.5076236355507871e-05,9.489414279198791e-07,0.00024599325269665707,1.6724214615343913e-05,0.00034512130306803995,9.487543533520139e-07,0.001160513997499921,9.35346936588178e-09,1.2958115165402452e-06,7.425306398162531e-09
27,6.622965707872641e-05,4.59971799076306e-05,3.7150347196333323e-06,0.009984351748597426,1.7359868795296733e-06,6.952931649667196e-08,0.0002619430480602092,0.00019827701260272581,2.0910711421308195e-06,7.499641489329269e-07,1.3790480959934982e-05,6.873337288493515e-05,0.9879243204627448,9.077204710966562e-06,5.824973320793686e-07,1.5202573630946293e-05,9.497972252852539e-07,0.00022920452512671156,1.5204412161530785e-05,0.0002804775415341406,1.0214685455491959e-06,0.0008751432196254382,7.72313269723427e-09,1.1185278753933909e-06,5.960056148407996e-09
28,6.640091727180094e-05,6.05204982405086e-05,3.3793818191972206e-06,0.012850046911740548,2.2324666552970956e-06,8.935964848011447e-08,0.00026207293221489736,0.00025035718456391226,3.089235692965785e-06,9.968580674796366e-07,1.6395616010932532e-05,7.872106050217454e-05,0.9845184284313965,1.2346078500366375e-05,8.345447696477018e-07,1.5754498771341657e-05,9.662771271574883e-07,0.00024182548570171142,1.8177926612372124e-05,0.0003236927742711939,9.456667952238596e-07,0.0012715485085693038,8.618776687400452e-09,1.161297409818451e-06,7.468870605701447e-09
29,6.640091727180094e-05,6.05204982405086e-05,3.3793818191972206e-06,0.012850046911740548,2.2324666552970956e-06,8.935964848011447e-08,0.00026207293221489736,0.00025035718456391226,3.089235692965785e-06,9.968580674796366e-07,1.6395616010932532e-05,7.872106050217454e-05,0.9845184284313965,1.2346078500366375e-05,8.345447696477018e-07,1.5754498771341657e-05,9.662771271574883e-07,0.00024182548570171142,1.8177926612372124e-05,0.0003236927742711939,9.456667952238596e-07,0.0012715485085693038,8.618776687400452e-09,1.161297409818451e-06,7.468870605701447e-09
30,6.640091727180094e-05,6.05204982405086e-05,3.3793818191972206e-06,0.012850046911740548,2.2324666552970956e-06,8.935964848011447e-08,0.00026207293221489736,0.00025035718456391226,3.089235692965785e-06,9.968580674796366e-07,1.6395616010932532e-05,7.872106050217454e-05,0.9845184284313965,1.2346078500366375e-05,8.345447696477018e-07,1.5754498771341657e-05,9.662771271574883e-07,0.00024182548570171142,1.8177926612372124e-05,0.0003236927742711939,9.456667952238596e-07,0.0012715485085693038,8.618776687400452e-09,1.161297409818451e-06,7.468870605701447e-09
31,6.779925017956496e-05,5.922064324715746e-05,3.424085250291643e-06,0.01250076179356133,2.1493012801270366e-06,8.693063361267953e-08,0.0002606782311107218,0.0002558917392884451,2.9764115606489988e-06,9.80872798927862e-07,1.6375933567874578e-05,7.815477948823893e-05,0.9848814791801141,1.22145609675868e-05,7.955807215504846e-07,1.5786088832347847e-05,9.771527068507969e-07,0.0002479402841169914,1.794133901581214e-05,0.000318808658319804,9.619664382088788e-07,0.001253441786934051,8.555501997509616e-09,1.1376009378016047e-06,7.273426086570109e-09
32,6.688980534874731e-05,6.0821376575504604e-05,3.388483679654334e-06,0.012869269946599262,2.2511740323579023e-06,8.978310738775873e-08,0.00026296243610642305,0.0002510033992791706,3.0828317975811095e-06,9.97813162125443e-07,1.654602999062121e-05,7.896725663128238e-05,0.984488435091491,1.2301573280930847e-05,8.461612824155133e-07,1.59066214799674e-05,9.772689466208383e-07,0.00024262462858211923,1.8498006170271577e-05,0.0003235375066501937,9.581518612913723e-07,0.0012784573154696987,8.688106205638677e-09,1.1711011515845607e-06,7.549217750655436e-09
33,6.677286624645496e-05,5.790539778757576e-05,3.2118693894901186e-06,0.01268720084367836,2.1407949255031257e-06,8.381411214441212e-08,0.0002599900958616029,0.00024749802096697693,2.8452303327259676e-06,9.016840815607139e-07,1.6180221126275393e-05,7.83584032721152e-05,0.9847417779156311,1.1486868520786885e-05,7.715395111263976e-07,1.50148394465531e-05,9.432739723181841e-07,0.00023826429342171804,1.752787017045908e-05,0.00030094723931283407,9.192160018967919e-07,0.0012481439678968776,8.049648181597815e-09,1.0988162988123567e-06,6.868386438991434e-09
34,6.685622385640013e-05,5.8370843386039316e-05,3.321667007563787e-06,0.0125132573249517,2.2061216067322e-06,8.575968871892372e-08,0.00025848103320885225,0.0002410910776041739,2.9936329514613164e-06,9.454778201181355e-07,1.6318883876169967e-05,7.640045285432607e-05,0.9849245354111881,1.1867055953112786e-05,8.051798027832466e-07,1.4950815269519375e-05,9.320737455940248e-07,0.00023942232209145416,1.7759887856017013e-05,0.00031330374586471647,9.35074476985247e-07,0.0012340097707282825,8.302554121823367e-09,1.1347567485088264e-06,7.104908645231682e-09
35,7.280266180425761e-05,6.122808229592866e-05,3.4376450564745658e-06,0.012936493878395874,2.2777642971724237e-06,9.441969408224144e-08,0.000279240264342173,0.0002869909850636345,3.165761564945269e-06,9.990813274964975e-07,1.795958536521113e-05,8.571583987720293e-05,0.9842376070718234,1.2768176382553911e-05,8.256078259567907e-07,1.6035765757019136e-05,1.0290692842056388e-06,0.000265651601306433,1.902416898708427e-05,0.0003120385067221309,9.98408544576707e-07,0.0013824836180446303,8.78823197661571e-09,1.1156963597495411e-06,7.551645569566771e-09
36,6.899535525913037e-05,5.4345120751167477e-05,3.302270079632149e-06,0.013261985238265836,2.57639141202368e-06,8.668239988662136e-08,0.0002721707277431303,0.00020573449926734224,3.1478297075146577e-06,8.616446609342962e-07,1.6799196191875682e-05,6.579237160991447e-05,0.9844104051711496,1.1065646837806038e-05,7.735661437049368e-07,1.1736865805262885e-05,7.997019513691472e-07,0.00025083387909207155,1.8077313372584938e-05,0.0002972856172724138,1.0199296049278608e-06,0.001040942126366981,9.260887312433734e-09,1.2472623401302666e-06,6.331827412619003e-09
37,6.640605166197944e-05,6.0199509615406004e-05,3.379043054069151e-06,0.012825747953741517,2.2292411619586413e-06,8.885179148801036e-08,0.00026184544236289943,0.0002486574914482349,3.08046171345697e-06,9.906398568318959e-07,1.6331255209687262e-05,7.83297968409976e-05,0.9845561852715372,1.229903501760571e-05,8.272716440345976e-07,1.564049399720642e-05,9.616109591350576e-07,0.00024188382511725198,1.809849019216152e-05,0.00032237735782923065,9.457461625729778e-07,0.001262317692954874,8.60742597521193e-09,1.1614418213423605e-06,7.416882826411416e-09
38,8.58606843076987e-05,0.00010074598158457892,3.0786123044987836e-06,0.021563013515320802,3.0390894786134797e-06,1.1250384892129801e-07,0.00023828472217148693,0.00036317221503250193,4.700733314169565e-06,1.4732592660259584e-06,2.3226245426122538e-05,9.796318827093603e-05,0.9748061506677047,2.0627402536974874e-05,1.1205980226164726e-06,1.2467808458981924e-05,1.0505589742130752e-06,0.00031500497521806854,2.3828204274674832e-05,0.00028162517148730334,9.471193146067095e-07,0.0020513178849529507,1.1019709228630622e-08,1.1690878590819725e-06,8.751160117304752e-09
39,4.024256520706777e-05,9.584615328286305e-05,2.3872701224485974e-06,0.01730832940682158,3.006495004170091e-06,5.605500441190856e-08,0.00010844871608332818,4.455528707945288e-05,5.181307665274222e-06,1.3497757496372765e-06,9.084093274540816e-06,2.695383034360211e-05,0.9811026304694639,1.4216605784896002e-05,1.0091164070220666e-06,4.3411803783223865e-06,3.912057942304867e-07,0.00011770438257022326,1.576914134473903e-05,0.00027134324296247296,4.739158433293198e-07,0.0008249306826704336,8.193086657608794e-09,1.7347741474124263e-06,6.133908111003378e-09
40,5.802111132486893e-05,6.818279776824047e-05,3.247375274522509e-06,0.017052386065343258,2.4552089609169226e-06,1.1684014649929436e-07,0.00027896037559703055,0.000383194693515806,3.928659938413874e-06,1.4522221009788547e-06,1.6933701846674313e-05,6.589941395722099e-05,0.9798278247242599,1.4217395921335928e-05,9.223507452366349e-07,1.8934964928002127e-05,9.313620997138368e-07,0.0003240739296991202,2.549703151340773e-05,0.00041929831456767234,1.0760844307230684e-06,0.0014312707475582442,1.1279912868048798e-08,1.1560735845077862e-06,7.275005163174147e-09
41,6.552701385539e-05,5.632427303734301e-05,3.3861171644272274e-06,0.010393840480294052,1.885871060450003e-06,7.982107625946752e-08,0.00027142958710248534,0.000251541334783934,2.878140343525779e-06,9.217714395659928e-07,1.5833561612764305e-05,7.788529044012454e-05,0.9870080845536495,1.268042328724039e-05,6.796822681045018e-07,1.5307648830919992e-05,9.354476119809588e-07,0.00025295917381356215,1.7509908415205063e-05,0.0003058417177336318,1.054481115217486e-06,0.0012422921123254238,8.188997166138111e-09,1.1060992370096235e-06,7.300504679585899e-09
42,6.764740731297027e-05,6.455973011672714e-05,3.3626992202194935e-06,0.013003775655489117,2.1848846617366495e-06,9.307120817571374e-08,0.00026249988480706125,0.00027998811018062445,2.976882014282488e-06,1.0316653095310967e-06,1.694536713536795e-05,8.750818401471375e-05,0.9841637960605283,1.2167962101689438e-05,9.105038403746654e-07,1.859936134004852e-05,1.0973486980918208e-06,0.00023540658104084878,1.8848516731053047e-05,0.0003323291917565015,9.123404898668536e-07,0.0014222090511303517,8.317026153426346e-09,1.1331506817881685e-06,8.073164301877305e-09
43,6.5814728320024e-05,6.641406375209711e-05,3.578149438806298e-06,0.013326397858069461,2.3922513659166104e-06,1.0300254271461873e-07,0.0002714968431222773,0.0002810073182974385,3.581656663568485e-06,1.2131711200462562e-06,1.730921835176267e-05,8.10020863220153e-05,0.9838127895823466,1.4047626043061754e-05,9.68559967919118e-07,1.7611379313038266e-05,1.0161985210055916e-06,0.00025333590241128886,2.0036755999673727e-05,0.0003676868984044151,9.97196284515787e-07,0.0013899569823462078,9.574591596653143e-09,1.2244367925613894e-06,8.559611855697344e-09
44,6.640091727180094e-05,6.05204982405086e-05,3.3793818191972206e-06,0.012850046911740548,2.2324666552970956e-06,8.935964848011447e-08,0.00026207293221489736,0.00025035718456391226,3.089235692965785e-06,9.968580674796366e-07,1.6395616010932532e-05,7.872106050217454e-05,0.9845184284313965,1.2346078500366375e-05,8.345447696477018e-07,1.5754498771341657e-05,9.662771271574883e-07,0.00024182548570171142,1.8177926612372124e-05,0.0003236927742711939,9.456667952238596e-07,0.0012715485085693038,8.618776687400452e-09,1.161297409818451e-06,7.468870605701447e-09
45,6.825473384771168e-05,6.813568697259006e-05,3.614616889057466e-06,0.012723613080409113,2.0756427108651288e-06,8.929489543191611e-08,0.00024294914227795164,0.00024966342536608064,3.1793864992017034e-06,1.1286369681216478e-06,1.6243793655404743e-05,7.978531172391393e-05,0.9845802149573252,1.438945817052204e-05,7.992284099045407e-07,1.6067873965069372e-05,1.0530957035101907e-06,0.0002589166912868798,1.877637083744468e-05,0.0003260123813874988,1.036396315675131e-06,0.0013227300887788665,9.76837306144066e-09,1.25272957831712e-06,8.207653007131652e-09
46,3.032221353939214e-05,3.551733453469803e-05,5.292123620043866e-06,0.007784475337073909,2.2355238712565946e-06,1.0656190707320987e-07,0.00025308138830019375,0.00019414305471428638,1.3110098309502105e-05,2.7813811117589868e-06,1.1329351635913486e-05,2.213037013981809e-05,0.9896501034271193,3.672730915457708e-05,6.73244858972884e-07,7.629622799378193e-06,2.0224609949007766e-07,0.00040578700501132443,1.9265032351274203e-05,0.0008676305515132929,1.6077273691579616e-06,0.0006543055528354852,1.3573488885716213e-08,1.523088712823087e-06,6.879927988304595e-09
47,6.883736840947607e-05,6.011684774633105e-05,3.7304909989312495e-06,0.014270292787607781,2.404121919370286e-06,9.333246419436896e-08,0.00025991000138840883,0.00027111309935009143,3.3691157528564575e-06,1.1314947938976452e-06,1.7348330878279176e-05,7.605759817210894e-05,0.9830735312827608,1.4043393393133284e-05,8.945299628703346e-07,1.553706072435004e-05,9.454247036372704e-07,0.00027725819550752446,1.929064293140333e-05,0.0003502384032505032,1.0248272710479758e-06,0.0012115923135969102,9.852911492710868e-09,1.2217896870151677e-06,7.69381768495666e-09
48,6.55197947224453e-05,5.8663843811717274e-05,3.4301231265133018e-06,0.012580660691861013,2.245790663955705e-06,8.842173588189626e-08,0.0002597872074538798,0.00024312635440497285,3.084002374349477e-06,9.831919832954586e-07,1.6228938651058807e-05,7.797542378693531e-05,0.9848355374432671,1.2249324200055154e-05,8.25634302921095e-07,1.5743697797840457e-05,9.474792727770933e-07,0.00024007968214136832,1.763148422226265e-05,0.0003327262170911359,9.389208612160329e-07,0.00123032856501484,8.569204479731482e-09,1.1817378937558697e-06,7.460154178354333e-09
49,6.715281226783974e-05,5.855775877350219e-05,3.411091622504266e-06,0.012540389559215614,2.1901877632299144e-06,8.956330097004726e-08,0.000257156016231651,0.00024755335268979926,2.9838134005533764e-06,9.616688997296814e-07,1.6504785335868964e-05,8.020856402756462e-05,0.9848550899709515,1.202018594202034e-05,8.074613981408556e-07,1.5653205602518057e-05,9.746465484954902e-07,0.0002394175401485688,1.7074711158589705e-05,0.00032684598289030867,9.164134506445741e-07,0.0012528765968596277,8.470582625883697e-09,1.1483279328612557e-06,7.313005527425579e-09
50,6.836024673364132e-05,6.006361561127048e-05,3.438606073358723e-06,0.012776201015112128,2.230579234982039e-06,8.777660465943602e-08,0.0002500662757549915,0.00024035942228207904,2.931654836947644e-06,9.657244555469806e-07,1.6615699573667976e-05,7.939233649119794e-05,0.9846400280039803,1.1833785823028026e-05,8.505132746902438e-07,1.594519458073997e-05,1.000971113704709e-06,0.00023601609702405096,1.7626556187998842e-05,0.0003253137861375512,9.193574882161332e-07,0.0012485515200556171,8.536843395350855e-09,1.1852370167334178e-06,7.487709740994983e-09
51,7.113486460206579e-05,3.852846205605332e-05,4.067786662783562e-06,0.007631316695275962,2.1378807209097e-06,9.170038859943554e-08,0.00036664739680277315,0.00022148684875376675,2.9411213481850403e-06,7.220574712421117e-07,1.59067702980917e-05,8.984752873366672e-05,0.9898901038481587,9.496256918153537e-06,6.969325869223723e-07,2.059130398034914e-05,9.993540936833645e-07,0.00023440549781569966,1.5852099979908433e-05,0.0003571834751643708,1.1424837669625994e-06,0.0010232886009638625,8.67931300358336e-09,1.3937247222466352e-06,8.629422173161564e-09
52,7.023794694599564e-05,5.7255657324691144e-05,3.1830895066321304e-06,0.012220750357796814,2.212341559021736e-06,7.87866946409347e-08,0.00029153704036760934,0.00020974497535782209,2.6030429477797874e-06,7.286189822053147e-07,1.5289525953474057e-05,8.874909886007911e-05,0.9853374099946105,1.024714664430649e-05,7.422626568662987e-07,1.4932169109959184e-05,1.0180246012775183e-06,0.00020767299291831297,1.6323963811565256e-05,0.00025701500662473844,9.418349329980411e-07,0.0011901146235041818,7.853707604465516e-09,1.1963908769748284e-06,7.253704018103085e-09
53,6.643966172279663e-05,7.021059367226358e-05,3.3525723296822624e-06,0.014591920254528521,2.2379598509919326e-06,8.365176007366274e-08,0.00019722799524706964,0.0002403102824551345,3.0675167105282014e-06,1.1982595514996274e-06,1.6581429943745573e-05,7.139748193212692e-05,0.9827923697575796,1.3092515738825083e-05,9.417878838081683e-07,1.5419910174876967e-05,9.649387121268632e-07,0.00023894716517121233,1.952287342353501e-05,0.00033208347597545783,8.5339736737329e-07,0.0013205766126409113,8.515727501942371e-09,1.1839404308337793e-06,7.44946934531262e-09
54,6.988543156672267e-05,4.983505681769392e-05,3.039956578823061e-06,0.012626230806353993,2.1417700716718834e-06,7.731300216899835e-08,0.0002505702542752169,0.00022138175384376092,2.6555583477090735e-06,7.661491753214904e-07,1.607605461202345e-05,6.544281839865848e-05,0.9850567855050815,1.0028234741744498e-05,6.473716794077039e-07,1.1463663865962623e-05,8.063344231367897e-07,0.0002493936764516907,1.6095383918688647e-05,0.0002709001426424549,9.00992531807876e-07,0.0010738434072604104,7.797830272374156e-09,1.0193339099451249e-06,5.232619338252508e-09
55,6.748130498751749e-05,7.778666463849446e-05,3.861686052914089e-06,0.013864864104885749,2.2513941939223326e-06,1.02459408818023e-07,0.00023433301823056165,0.0003261066395612817,3.6428603222979952e-06,1.6124292401400804e-06,1.8419434706716564e-05,7.548035474066186e-05,0.9830727176200259,1.6869356824150597e-05,1.1164481192046361e-06,1.9749734005065357e-05,1.1065937962594297e-06,0.000284586593276004,2.3556886076315896e-05,0.00040446496081349636,1.09337694799301e-06,0.0014975646665162275,1.0522748057817587e-08,1.2114505536510033e-06,9.439328318542056e-09
56,6.636966805452942e-05,5.983194270928669e-05,3.3634580663187883e-06,0.012708781917148134,2.2129419296634563e-06,8.80778556591537e-08,0.00026078764648747494,0.00024656611155436474,3.0582181799536153e-06,9.800369418384125e-07,1.6285505407790733e-05,7.804404351852015e-05,0.9846850552509339,1.2221004887712985e-05,8.198692377359794e-07,1.5488823941365857e-05,9.557107124995687e-07,0.00024049518372625694,1.7963917245062013e-05,0.00032029090027711976,9.425766164076808e-07,0.0012582241372698503,8.537977320038731e-09,1.1571537746894515e-06,7.3655468759161425e-09
57,7.180624955373668e-05,6.407263472845838e-05,3.6402049445287604e-06,0.014454586961695274,2.5788139817734385e-06,1.0938199807749997e-07,0.00028656096299652496,0.00027951395076417145,3.637971525682101e-06,1.123479802365673e-06,1.8239496222775248e-05,8.310429989531588e-05,0.982709437923166,1.3760081666920084e-05,9.331248704344495e-07,1.593759161788147e-05,1.032952151486662e-06,0.00026852145958340104,1.8968829149986363e-05,0.0003533159204430141,9.940153961280706e-07,0.0013468669853543207,1.0332324667855651e-08,1.2383202948521918e-06,8.055872332369063e-09
58,6.570768253107616e-05,5.9109167776197096e-05,3.372121581372679e-06,0.012573405712162073,2.2548851710556804e-06,8.752827993967335e-08,0.0002590409159956431,0.00023805078577876368,3.0723754141393017e-06,9.676689091046635e-07,1.6194977471734512e-05,7.701074477813433e-05,0.9848563075264469,1.2129659962423581e-05,8.196493197371961e-07,1.5360131711349325e-05,9.415064693744171e-07,0.00023789919481370618,1.774259495443496e-05,0.0003260423295624193,9.454473503997974e-07,0.0012323278929006363,8.605128724654192e-09,1.1934863891143767e-06,7.409141592367992e-09
59,6.587304081550948e-05,6.0002144562119836e-05,3.4471509604438463e-06,0.012694254731572329,2.2452591675893885e-06,8.81707054147906e-08,0.00025643345238136563,0.00024133313781330923,3.0897828505670016e-06,9.994519838257514e-07,1.6116173164056465e-05,7.768385862488237e-05,0.9847234207839178,1.2377027916262902e-05,8.255208368188584e-07,1.578572300513907e-05,9.615859978965917e-07,0.0002395362982173736,1.773287282799027e-05,0.00033150565697265456,9.476759125557013e-07,0.0012341149626339033,8.752486926027214e-09,1.209236827119911e-06,7.547845866637327e-09
60,6.640091727180094e-05,6.05204982405086e-05,3.3793818191972206e-06,0.012850046911740548,2.2324666552970956e-06,8.935964848011447e-08,0.00026207293221489736,0.00025035718456391226,3.089235692965785e-06,9.968580674796366e-07,1.6395616010932532e-05,7.872106050217454e-05,0.9845184284313965,1.2346078500366375e-05,8.345447696477018e-07,1.5754498771341657e-05,9.662771271574883e-07,0.00024182548570171142,1.8177926612372124e-05,0.0003236927742711939,9.456667952238596e-07,0.0012715485085693038,8.618776687400452e-09,1.161297409818451e-06,7.468870605701447e-09
61,6.690402266064007e-05,6.006178767576672e-05,3.4779935289344677e-06,0.012725761654839638,2.2627121135611946e-06,8.901149096506354e-08,0.0002593818405845991,0.00024315014860730715,3.1149175147422476e-06,1.0009712414537551e-06,1.6308287968783853e-05,7.795687762605136e-05,0.984683347328231,1.2451532281816856e-05,8.226102347354404e-07,1.5654766002643314e-05,9.658255761225197e-07,0.0002437630880390134,1.7869677151799583e-05,0.00032918990956637363,9.613334648974285e-07,0.0012342778235674972,8.862980513866192e-09,1.2094726968567707e-06,7.544354392327895e-09
62,6.640091727180094e-05,6.05204982405086e-05,3.3793818191972206e-06,0.012850046911740548,2.2324666552970956e-06,8.935964848011447e-08,0.00026207293221489736,0.00025035718456391226,3.089235692965785e-06,9.968580674796366e-07,1.6395616010932532e-05,7.872106050217454e-05,0.9845184284313965,1.2346078500366375e-05,8.345447696477018e-07,1.5754498771341657e-05,9.662771271574883e-07,0.00024182548570171142,1.8177926612372124e-05,0.0003236927742711939,9.456667952238596e-07,0.0012715485085693038,8.618776687400452e-09,1.161297409818451e-06,7.468870605701447e-09
63,6.672575032285555e-05,6.195885354600835e-05,3.376698693917681e-06,0.012956415063317777,2.2498476222072315e-06,9.031814871706381e-08,0.0002623742968970596,0.0002501337856172855,3.1166788903369125e-06,1.0108490610982157e-06,1.648594163140212e-05,7.91027342766599e-05,0.9843933508215988,1.2438020622835855e-05,8.49291456374054e-07,1.583665281637822e-05,9.789084593948518e-07,0.0002412669837335458,1.853045041046199e-05,0.00032213857062573706,9.542702328906525e-07,0.001289425596486152,8.72833465038534e-09,1.1732943063791954e-06,7.592891263353348e-09
64,6.713552907826259e-05,5.978059943635122e-05,3.4090504983015085e-06,0.012416879254748332,2.210746105377891e-06,8.735381999166162e-08,0.0002636432003206687,0.0002467230868023316,3.0355343729173517e-06,9.77755899706765e-07,1.639012729235029e-05,7.815513948010017e-05,0.9849752349399383,1.2276992940529434e-05,8.167385609521167e-07,1.568693834949063e-05,9.692119682825363e-07,0.00024335284885291115,1.8229305088350194e-05,0.0003194739866777558,9.784640251800734e-07,0.0012533648222090277,8.638650333873486e-09,1.172253782073627e-06,7.481101973111284e-09
65,6.697415854210613e-05,6.0367736803732596e-05,3.3627849784879792e-06,0.012995208124503783,2.2527397437979685e-06,9.012035497143455e-08,0.0002638930918181459,0.0002516305341006833,3.067102033058396e-06,9.863264987107222e-07,1.6568762841718814e-05,7.916722985200455e-05,0.9843685630049681,1.2174099787212104e-05,8.408978880843995e-07,1.5701442136588904e-05,9.713210549366923e-07,0.00024188862503851747,1.8253363244274896e-05,0.000320978415769914,9.421285292133976e-07,0.0012749493889259826,8.603730136133442e-09,1.152584067419811e-06,7.412788591000862e-09
66,0.000175445682905441,0.00022176105794834993,6.470107718068851e-06,0.04001469147220496,6.7032956668778395e-06,4.4161338795634424e-07,0.0005412282430344075,0.0007774250309054064,1.0625571434910742e-05,3.5370515641654493e-06,4.6792590159534396e-05,0.0002441367814934539,0.9528684250451337,4.1534416957863844e-05,3.4149078139834565e-06,3.02300007187714e-05,3.6361932175430776e-06,0.0005422295735684146,5.7476244952303494e-05,0.00037681822213712343,2.2707904273574276e-06,0.004022171821918096,4.2941776100674044e-08,2.4602630713934192e-06,3.107988404245427e-08
67,5.905886618085559e-05,5.4764565753151175e-05,3.4842502937336028e-06,0.011866150130684266,1.997464705107841e-06,7.920741898529838e-08,0.00022558542066560672,0.00021731519184371503,2.7604080768837217e-06,9.815546627251389e-07,1.4336746431414487e-05,6.801788611078694e-05,0.9857809330053048,1.1715312515594648e-05,7.436295709112204e-07,1.5776751249227736e-05,8.929076905890164e-07,0.0002281399391026358,1.5788495444088918e-05,0.0003612575086306679,8.977352503461224e-07,0.0010680887705241697,8.49744850853824e-09,1.2187677623968284e-06,6.9866786246769914e-09
68,6.628684413797197e-05,6.047407747061226e-05,3.3824163087525556e-06,0.012852078173019138,2.232869468232771e-06,8.933691132498567e-08,0.0002618402479359965,0.00024964335637042804,3.092188189546033e-06,9.972670506658448e-07,1.6362780304363255e-05,7.864893555466962e-05,0.9845200843815188,1.2355268508731533e-05,8.340007534417789e-07,1.5745326522323444e-05,9.650221886970517e-07,0.00024156957453246863,1.8138897651290676e-05,0.000324235003111906,9.447218328162019e-07,0.001268819677652027,8.62635134110152e-09,1.1635350841091929e-06,7.471570287930124e-09
69,5.99868959882625e-05,5.504228684212849e-05,3.547771132724302e-06,0.011483606671889291,2.0103771700149694e-06,8.534444205709334e-08,0.0002462786641172682,0.0002492745120476634,3.0399411960176728e-06,1.0429481461488958e-06,1.539808926663326e-05,7.301829739854902e-05,0.9859666700927063,1.3215662758144645e-05,7.523818370201772e-07,1.6174107388694408e-05,8.972706397561319e-07,0.00025063175192610197,1.6627217217374023e-05,0.00037224338530626044,9.683381437971146e-07,0.001168304822183832,8.724533771014131e-09,1.1670355075153293e-06,7.4102147397066e-09
70,7.065418410593946e-05,7.680172976718283e-05,4.175287538535498e-06,0.010710075877450152,2.2870977227980517e-06,1.1279224486095447e-07,0.0003217164446315309,0.0003491810166856398,3.851986189403528e-06,1.4528034120164275e-06,1.926602114527648e-05,9.814094766343623e-05,0.9858789685622991,1.6433433311646777e-05,1.0796611225479196e-06,2.6060573392238134e-05,1.3453867958325014e-06,0.00028869981572276755,2.6666588427172997e-05,0.00040028998044866487,1.3702544098956979e-06,0.001699953635101757,1.0672339095215247e-08,1.3928604365019145e-06,1.238763599269402e-08
