,0,1,2,3,4,5,6,7,8,9,10,11,12,13,14,15,16,17,18,19,20,21,22,23,24
0,4.992264557562942e-07,1.4482530294043665e-06,8.265001153706641e-06,0.0010965775937096804,1.2888605039997959e-05,4.90638242861242e-05,0.00042994181511369614,0.0007740123694431652,8.17994719421726e-08,6.505247758791616e-07,0.00047656755040512833,0.005509948706816491,0.9880537383282652,0.0005352376199553691,2.1698476699130492e-07,0.0012657065681826167,0.0011275026196315412,0.00016155177384598302,0.0001567968732208353,3.2014024052752535e-05,0.00022576459675519812,2.7166045647271604e-05,5.431819928265808e-05,2.7768195420017253e-09,3.831987297217443e-08
1,5.581866194845235e-07,1.5421209334198883e-06,8.008382368809621e-06,0.0009539029022694306,1.3360154560864147e-05,5.7368878581332276e-05,0.0004941689501140228,0.0008812279318101283,9.374402492808892e-08,6.882028973093901e-07,0.0004530874978213588,0.005906742761828191,0.9873558006533634,0.0004925692858348826,2.545437503118956e-07,0.00153641489310097,0.0011159843966459361,0.0001693205649568458,0.00019448764127181752,4.138238514400707e-05,0.00023116256871639056,2.8450984002480264e-05,6.33742483643789e-05,2.9275136898594923e-09,4.519350547929007e-08
2,5.634951714305224e-07,1.5541537757421216e-06,8.709887256357719e-06,0.0009869355564194626,1.4355862677280642e-05,6.087614295035458e-05,0.0005356828378957404,0.0009418558855106006,9.808973619251063e-08,7.424597701672871e-07,0.00045841421791948436,0.005905577785165999,0.9871463911569838,0.0005426244989466855,2.853056510366984e-07,0.0015157068348132423,0.001088035228257713,0.0001774663333962268,0.00020738102357907565,4.906370720369189e-05,0.00025484594498039706,3.2258011800004294e-05,7.052122266909433e-05,3.124176947414516e-09,5.123329336495075e-08
3,5.385762672081973e-07,1.5222195679896328e-06,8.036968987245045e-06,0.000948007623466273,1.3151070790927196e-05,5.683348682299698e-05,0.0004907745408380655,0.0008598176552637624,8.865596032975818e-08,6.636743422881831e-07,0.00045020287119829376,0.005943180421574053,0.9874581822380388,0.0005073584052415994,2.5086715887081635e-07,0.0014403499570037337,0.0010899289757050504,0.00017033361938978512,0.0001894903975788598,4.1251911351788044e-05,0.00023771929277923123,2.8762226420163282e-05,6.350630092154105e-05,2.818726556191581e-09,4.522460433929275e-08
4,6.198761020079864e-07,1.5695982713823339e-06,9.511451447225979e-06,0.0011429357131117223,1.4780206100007684e-05,6.884803305254653e-05,0.0006136808308258418,0.0010431131214769158,1.041198827595951e-07,8.638447919783624e-07,0.0004884343761242105,0.006191311453718465,0.985951778959714,0.0005849247486518669,3.3268261480274275e-07,0.001786217529766656,0.0012226474734602928,0.00019905122905125865,0.00021472266722174875,5.458815700338378e-05,0.0002956357080383195,3.557604828196189e-05,7.86921311435967e-05,3.723132215131646e-09,5.631701456470645e-08
5,5.573237642338495e-07,1.4773829993369693e-06,8.189392226304567e-06,0.0009848109929856837,1.3035928748683064e-05,5.6118282728810355e-05,0.0005053917140912329,0.0008706796026892985,8.842428451003358e-08,6.897929425397876e-07,0.0004494570035929906,0.005984021095815,0.9872801362231103,0.0005182624129365204,2.478638976292422e-07,0.0014693289873223484,0.0011126498844190496,0.00018353405667377373,0.00018525689207755195,4.2997797649398736e-05,0.00023989011863971799,2.9053674091058896e-05,6.407551924206105e-05,2.9541709223956068e-09,4.667890103806598e-08
6,5.385762672081973e-07,1.5222195679896328e-06,8.036968987245045e-06,0.000948007623466273,1.3151070790927196e-05,5.683348682299698e-05,0.0004907745408380655,0.0008598176552637624,8.865596032975818e-08,6.636743422881831e-07,0.00045020287119829376,0.005943180421574053,0.9874581822380388,0.0005073584052415994,2.5086715887081635e-07,0.0014403499570037337,0.0010899289757050504,0.00017033361938978512,0.0001894903975788598,4.1251911351788044e-05,0.00023771929277923123,2.8762226420163282e-05,6.350630092154105e-05,2.818726556191581e-09,4.522460433929275e-08
7,6.812783620813411e-07,1.9159774456372565e-06,9.573986417823321e-06,0.0013231851447540119,2.0360850976828332e-05,9.220249221147906e-05,0.0007565127258780253,0.0010296151476164785,1.3305965127600657e-07,1.151589958749034e-06,0.0006004079269763299,0.007994092002831863,0.9823399212583437,0.0008749480368835032,4.4698993669928143e-07,0.00240305659802626,0.0014095374429296053,0.00025375476216611816,0.0002547549452998412,7.27159671083666e-05,0.0003981638093729461,4.478347978504427e-05,0.0001179919181512765,4.497443648135415e-09,8.811147258589374e-08
8,3.8606274076264463e-07,1.2982139348164865e-06,5.2551213531013066e-06,0.0005854299157976598,9.765089530051444e-06,4.311485414856843e-05,0.00036393161138320227,0.00065139083693869,5.857895360549006e-08,3.896063848815954e-07,0.0003544439652047107,0.006168037360056879,0.9888979082757655,0.0003408748871898027,1.506682555780656e-07,0.0011382118356498153,0.0008761341835632909,0.00012666839593700654,0.0001709557008823896,2.7631519639841516e-05,0.00017518997265296703,2.0090761302743288e-05,4.2653303541881646e-05,1.3846423968765598e-09,2.7894549748961856e-08
9,5.726628563200193e-07,1.5064780454088723e-06,9.265753317038972e-06,0.0011069633307044854,1.405330107721889e-05,6.056203170718031e-05,0.0005067410345407088,0.0009445647304898139,9.980841973181935e-08,7.726651169923109e-07,0.00048044238405433665,0.005494578718951361,0.9873855017903916,0.0005559778583198181,2.877479030051182e-07,0.0015252074149964864,0.0011493909239511536,0.0001743265287400413,0.00019047806246573677,4.638240065518876e-05,0.0002507055922323375,3.156283420093646e-05,7.000452231467335e-05,3.5218190805371068e-09,4.790272937742704e-08
10,5.385762672081973e-07,1.5222195679896328e-06,8.036968987245045e-06,0.000948007623466273,1.3151070790927196e-05,5.683348682299698e-05,0.0004907745408380655,0.0008598176552637624,8.865596032975818e-08,6.636743422881831e-07,0.00045020287119829376,0.005943180421574053,0.9874581822380388,0.0005073584052415994,2.5086715887081635e-07,0.0014403499570037337,0.0010899289757050504,0.00017033361938978512,0.0001894903975788598,4.1251911351788044e-05,0.00023771929277923123,2.8762226420163282e-05,6.350630092154105e-05,2.818726556191581e-09,4.522460433929275e-08
11,5.476496413499931e-06,5.644991759304464e-06,0.00018797692283727016,0.019484777448617013,0.00041994421838320784,0.001198556154152101,0.01014801175646018,0.003968201478251489,7.169108205541871e-07,4.846960674629625e-05,0.005530364351446533,0.024815140992140376,0.8512833681404595,0.023200703482199093,2.369758016573402e-05,0.019413460615172448,0.002639714512316521,0.003719474307837641,0.001817230912402703,0.0035576482503849208,0.0247612190666691,0.0008321856582670778,0.002934239359288266,2.405301043864453e-07,3.5362567048165215e-06
12,5.379293802925509e-07,1.4077973682939472e-06,8.1567309815633e-06,0.0009881889613915266,1.1683310845221474e-05,5.258341889759611e-05,0.00047256354854769567,0.0009365999844701738,8.531712767201555e-08,6.524454400206853e-07,0.0004429828761952324,0.005405054721707888,0.9879660061199876,0.00044937077574976286,2.484975310280106e-07,0.0014428767437674325,0.0011333501580629843,0.0001546473736964741,0.0001834966368252895,3.64886886741699e-05,0.00022681014078482532,2.8484811671056983e-05,5.768167192674519e-05,2.8683342533878897e-09,3.847063521336669e-08
13,1.0576776888561784e-06,1.974370501584686e-06,2.0609251533798895e-05,0.0018546207681725878,2.601906438726886e-05,0.00014663336787962744,0.0017137725368442606,0.002461903712451446,2.2955191582474595e-07,2.9282072445040255e-06,0.0004116566951957822,0.007622289376122194,0.9772657265120173,0.0009830394230475998,8.024812961609658e-07,0.0039914728994729955,0.001656139005570294,0.00042717235339002685,0.0004096789708190484,0.0002350346915643839,0.0005342733448947277,9.35302867135723e-05,0.0001392493605893608,8.86080883925256e-09,1.7722987803640252e-07
14,5.028347188076471e-07,1.5474010020328706e-06,7.263713273774889e-06,0.0008193277439910296,1.2699722716614625e-05,5.536287128458825e-05,0.0004515483184435194,0.0007495750044651333,7.7763201463032e-08,5.90261532077725e-07,0.000432781898632006,0.006349899166964989,0.9875646979664358,0.0004875354805358994,2.1934497881726187e-07,0.0013574548536742692,0.001007888402176179,0.00016566396711054283,0.00018809965599714842,3.7864723180229393e-05,0.00022595237582776883,2.6056784946671565e-05,5.734552328144452e-05,2.3681245561861175e-09,4.185350477133411e-08
15,5.385762672081973e-07,1.5222195679896328e-06,8.036968987245045e-06,0.000948007623466273,1.3151070790927196e-05,5.683348682299698e-05,0.0004907745408380655,0.0008598176552637624,8.865596032975818e-08,6.636743422881831e-07,0.00045020287119829376,0.005943180421574053,0.9874581822380388,0.0005073584052415994,2.5086715887081635e-07,0.0014403499570037337,0.0010899289757050504,0.00017033361938978512,0.0001894903975788598,4.1251911351788044e-05,0.00023771929277923123,2.8762226420163282e-05,6.350630092154105e-05,2.818726556191581e-09,4.522460433929275e-08
16,4.515547554427729e-07,1.3301242935520377e-06,9.063376171528278e-06,0.000825562716311902,1.0730065483439157e-05,4.92067986505973e-05,0.00033377998810717196,0.001104674679058429,1.5732546823138343e-07,3.7467396480366585e-07,0.00034745022074399536,0.002516679621274653,0.9922717325277232,0.0002749971780045802,2.7878566926962185e-07,0.0009131361670334528,0.0009231349571752031,6.935516238149069e-05,0.00016580076609318161,3.0614044549614095e-05,7.624395286316243e-05,2.158838187891384e-05,5.3624567819856706e-05,3.373777658079818e-09,2.8990746708983206e-08
17,8.128173317288971e-07,2.410281022220248e-06,2.067116401192074e-05,0.0023915060411950203,2.4043139190609095e-05,0.0002009164026607528,0.0007909252225095948,0.0018513780030797364,3.0844081071088977e-07,1.919722707284348e-06,0.0008350948653471355,0.0039174601663673125,0.9829227043564575,0.0006075729933993508,1.2037167711700749e-06,0.0036112161704062746,0.0017513124306733597,0.00010335643071113328,0.0003407808775455402,7.695921496392304e-05,0.0003897589931966695,4.781548468247076e-05,0.00010980860036581714,1.4768712239765339e-08,4.969588057637902e-08
18,4.677535796649518e-07,1.1474134925173758e-06,1.0326391465203524e-05,0.001307978777761408,1.3948855965608878e-05,6.048147144381872e-05,0.0003499690533499459,0.001039500935022945,8.856368562804377e-08,5.407794418006015e-07,0.0004945290155585423,0.003480341321564256,0.9899557494997525,0.00036058886782367426,2.6808992676355357e-07,0.0014397176760637077,0.0008900429869078122,9.316797104070264e-05,0.0001672702955493358,3.530115055995804e-05,0.00022066152217470206,1.9268118978646043e-05,5.861981036344847e-05,3.6231078058158647e-09,2.0055419181161704e-08
19,1.4250623580886549e-06,3.1983659972831504e-06,1.4384578169708519e-05,0.0022975978298414314,3.47751681502616e-05,0.00031281164008122844,0.0010524168648122414,0.000960700829977738,2.582998934816686e-07,3.6245700561790126e-06,0.0014704961326818602,0.009531130418023675,0.9701805307949615,0.0021915777134776343,1.364006064629745e-06,0.006927681494011288,0.002653551192652006,0.0004322286613304246,0.00041478585295545885,0.0001640210010484611,0.0008732626607834505,6.940686599603643e-05,0.0004084976566876547,1.9200978126949795e-08,2.5313901008488325e-07
20,3.8565001006030144e-07,8.689163405487305e-07,1.8415594178122567e-06,0.0003347578213299314,5.254604621270579e-06,2.6819681557798753e-05,0.00014558851947914274,7.868669751112413e-05,2.3855522867723416e-08,2.3029368357784855e-07,0.0001928275662770825,0.011250318143827721,0.9846032532019315,0.00037205918028493796,1.0573251936751415e-08,0.001276970873233437,0.0010722593713410886,0.0005353140830245281,3.4648632251874984e-05,1.4280132477273448e-05,3.430190897473344e-05,2.9716006217656006e-06,1.6302930562888333e-05,6.704542134783195e-10,2.3532010868119884e-08
21,4.4775383105595367e-07,1.1284066154332424e-06,9.620506961578961e-06,0.0011081766199445523,8.99725871522963e-06,6.812738196486759e-05,0.0005562709895075872,0.001348432369751716,1.1543725241781877e-07,6.074765659198039e-07,0.0003703603064482426,0.003358587411609525,0.9894481872737282,0.0003655248380874395,3.5668069972696135e-07,0.0014627968582529925,0.0013183179880033456,0.00010717263419133082,0.00017476045930450235,4.211055968761108e-05,0.00015382059052383132,3.251064253362497e-05,6.3530966329246e-05,3.567399239651441e-09,3.5022090836549885e-08
22,5.445024180882758e-07,1.4985976524483753e-06,8.117734877861562e-06,0.0009627688309718915,1.2997921442458934e-05,5.589818934830617e-05,0.0004835220012366729,0.0008538878094802331,8.698595367890862e-08,6.777150857885746e-07,0.0004570884339674725,0.005957539187246364,0.9874078076870504,0.0005104276580633055,2.467927403507626e-07,0.0014442443292227221,0.001108430018247474,0.0001725399116069725,0.00018833459467625238,4.084236993644519e-05,0.00024092252362212057,2.900081617738077e-05,6.252819029703458e-05,2.8558926956659183e-09,4.4342785875773294e-08
23,5.385762672081973e-07,1.5222195679896328e-06,8.036968987245045e-06,0.000948007623466273,1.3151070790927196e-05,5.683348682299698e-05,0.0004907745408380655,0.0008598176552637624,8.865596032975818e-08,6.636743422881831e-07,0.00045020287119829376,0.005943180421574053,0.9874581822380388,0.0005073584052415994,2.5086715887081635e-07,0.0014403499570037337,0.0010899289757050504,0.00017033361938978512,0.0001894903975788598,4.1251911351788044e-05,0.00023771929277923123,2.8762226420163282e-05,6.350630092154105e-05,2.818726556191581e-09,4.522460433929275e-08
24,1.8283403179245851e-06,4.057807692379551e-06,4.5063903827939634e-05,0.0013886255062682637,1.5376620973722855e-05,0.00022109704119893,0.0018449581784824875,0.0032896292468234953,2.682177688333515e-07,3.7410793180075316e-06,0.000753931576971575,0.0068036908583459675,0.9775884046649744,0.0006616499993369382,2.2297873981117495e-06,0.001914434511367719,0.002579622716092128,0.00022479980618748783,0.0008680538968609294,0.0001896785656718626,0.0012178710985614072,0.0002452611552216981,0.0001355383004315054,1.6297460511822912e-08,1.7082244595023678e-07
25,5.976326404682262e-07,2.1041228680825195e-06,9.506475336243623e-06,0.0009152441061857993,1.6740374285084102e-05,8.13094768056551e-05,0.0005431449365089023,0.0007656942033389796,1.1356128783137087e-07,8.203680501865624e-07,0.0005025676666080079,0.007125035299444413,0.9857836011424466,0.0006674428610341292,3.207887227232166e-07,0.0015667085452583732,0.0011659398870671267,0.0001946888876887402,0.00022688047644701744,5.3088304444463045e-05,0.0002672966211608303,3.4452833284134966e-05,7.663154686901653e-05,3.556833225821338e-09,6.632538393817391e-08
26,5.955972185349936e-07,1.5911738312802357e-06,8.67979840724061e-06,0.001049403547383654,1.39171619187757e-05,6.0849532766445475e-05,0.0005064845193148002,0.0009241010389683863,1.065822922828784e-07,6.870786899333829e-07,0.00047464215423673726,0.005531214789620221,0.9875543906416088,0.0005073730913941508,2.8156349540489706e-07,0.0014784737848375573,0.0011512212955684822,0.00017029181772645354,0.00018800060704030828,4.3767911452962444e-05,0.00023292221156004354,2.8683837444760567e-05,7.226773660264734e-05,3.4402993456616714e-09,4.9086320962313896e-08
27,4.913204245323578e-07,1.2981196652148247e-06,6.650206452084632e-06,0.0008074470796678138,1.0927033864239325e-05,4.353530782543447e-05,0.00036119843194823106,0.0006499175367655506,5.776681504612843e-08,4.6863561148761046e-07,0.0004258102508105433,0.005914983037947246,0.9885977767718664,0.0004274319763039094,1.6040391299308436e-07,0.001193596240656532,0.0009355627181265869,0.0001623678177601907,0.00015671424991385392,2.8966260066335038e-05,0.00020547397450699706,1.9635445711666286e-05,4.9496128004502866e-05,2.0423750461366813e-09,3.124299759845045e-08
28,5.385762672081973e-07,1.5222195679896328e-06,8.036968987245045e-06,0.000948007623466273,1.3151070790927196e-05,5.683348682299698e-05,0.0004907745408380655,0.0008598176552637624,8.865596032975818e-08,6.636743422881831e-07,0.00045020287119829376,0.005943180421574053,0.9874581822380388,0.0005073584052415994,2.5086715887081635e-07,0.0014403499570037337,0.0010899289757050504,0.00017033361938978512,0.0001894903975788598,4.1251911351788044e-05,0.00023771929277923123,2.8762226420163282e-05,6.350630092154105e-05,2.818726556191581e-09,4.522460433929275e-08
29,5.385762672081973e-07,1.5222195679896328e-06,8.036968987245045e-06,0.000948007623466273,1.3151070790927196e-05,5.683348682299698e-05,0.0004907745408380655,0.0008598176552637624,8.865596032975818e-08,6.636743422881831e-07,0.00045020287119829376,0.005943180421574053,0.9874581822380388,0.0005073584052415994,2.5086715887081635e-07,0.0014403499570037337,0.0010899289757050504,0.00017033361938978512,0.0001894903975788598,4.1251911351788044e-05,0.00023771929277923123,2.8762226420163282e-05,6.350630092154105e-05,2.818726556191581e-09,4.522460433929275e-08
30,5.385762672081973e-07,1.5222195679896328e-06,8.036968987245045e-06,0.000948007623466273,1.3151070790927196e-05,5.683348682299698e-05,0.0004907745408380655,0.0008598176552637624,8.865596032975818e-08,6.636743422881831e-07,0.00045020287119829376,0.005943180421574053,0.9874581822380388,0.0005073584052415994,2.5086715887081635e-07,0.0014403499570037337,0.0010899289757050504,0.00017033361938978512,0.0001894903975788598,4.1251911351788044e-05,0.00023771929277923123,2.8762226420163282e-05,6.350630092154105e-05,2.818726556191581e-09,4.522460433929275e-08
31,5.429128605063059e-07,1.4400415293060673e-06,8.134315681277797e-06,0.0008961296644239977,1.224463767320144e-05,5.1946622671661594e-05,0.0004727704539751564,0.00088896860758418,8.202247622137927e-08,6.146499727328287e-07,0.0004099538250593069,0.005619147302518082,0.9881160554226753,0.0004542363792381099,2.2782790364748338e-07,0.0013294738420342473,0.0010356076642074974,0.00016755840607581986,0.00018571577165729135,4.024807439159853e-05,0.00022306899669958982,2.7253615227390603e-05,5.8534003742942146e-05,2.6259592530515512e-09,4.2313761564745226e-08
32,5.402561481928331e-07,1.5356795991181596e-06,8.085275763156345e-06,0.0009313764527523355,1.3248518360542611e-05,5.7503058498203265e-05,0.0004942465507252941,0.0008661587506809312,8.880220087190938e-08,6.659641294581363e-07,0.0004502898322620266,0.00598115971320732,0.9874183683564475,0.0005082224540307785,2.552327945495684e-07,0.0014442355279936806,0.0010848479799337952,0.00016965254371662569,0.0001955848487927793,4.191746807094167e-05,0.00023870801037772596,2.935357585761409e-05,6.390649447035925e-05,2.805637543165699e-09,4.584754869981602e-08
33,4.871756403421357e-07,1.3831253652581688e-06,7.194676767285762e-06,0.0008756037985769474,1.14815839803328e-05,5.0930409898105816e-05,0.00044901772682138575,0.00078370073112956,7.879642562999605e-08,5.926515181584221e-07,0.00041670395607457784,0.005778618792415348,0.9880753511303059,0.00046848122614361157,2.1021656994057443e-07,0.0013555777800873404,0.0010729383463216299,0.00016347887718330608,0.0001690925896089848,3.600945485376046e-05,0.0002024548717183905,2.589156392272946e-05,5.467879714216917e-05,2.4344596958945262e-09,3.92870694840542e-08
34,5.241149127980092e-07,1.395321103262836e-06,8.29165400180462e-06,0.001100034323559462,1.3243297722155892e-05,6.400767130104847e-05,0.0005740805050160502,0.0009356813175542113,9.158596063031422e-08,7.934423139727504e-07,0.0004467903138898723,0.0061052283876568,0.9864598381481627,0.0005640154986906419,2.73404064887065e-07,0.0017438436949829617,0.0011885424258163409,0.00019167659276161987,0.00018419353188514409,4.908347325226649e-05,0.00026762381125617496,3.170108899944336e-05,6.899484126391722e-05,3.107383242412279e-09,4.844648846361574e-08
35,5.956441026497022e-07,1.3997844587711016e-06,7.094360516308398e-06,0.000826588585399048,1.0594693529202578e-05,4.1236606989901216e-05,0.0004530632719823993,0.0008773779154572275,7.76320796023852e-08,5.851648911670809e-07,0.0003838028091875794,0.006066855364507541,0.9878382634423066,0.00039566785370823577,1.849451129496073e-07,0.0013188904389563726,0.001117112627421647,0.00018287406375634617,0.00017778498529120204,3.355228103068937e-05,0.00019191610058634203,2.56326629188831e-05,4.880672586706402e-05,2.3226310798861052e-09,3.971731124137025e-08
36,7.887299060393538e-07,1.9255907692776906e-06,1.2457193223783575e-05,0.0011284986377211395,1.9528277572289088e-05,6.461978762911376e-05,0.0005197790502734558,0.0008612759849773788,9.324918357920646e-08,8.561626027546651e-07,0.0006352514897941055,0.006191137981680582,0.9866571884795264,0.0006596127776080672,3.3211073419031723e-07,0.001285440014691921,0.0009210921756644826,0.0002101110594909478,0.0002538414823021704,5.650584431704784e-05,0.00040113556832606834,3.310920291284615e-05,8.535324347232975e-05,4.588350799780713e-09,6.131726907876958e-08
37,5.448764006819115e-07,1.5177576386703497e-06,8.09444010270672e-06,0.0009548314762269565,1.3119616028134075e-05,5.650767705277285e-05,0.0004909414705338886,0.0008601056859745284,8.855585123650848e-08,6.66784952592841e-07,0.00045209648547966057,0.005940617197014145,0.9874471242100893,0.0005082764722873229,2.502457985065004e-07,0.0014380716108395612,0.0010948152371097423,0.00017234074012691125,0.00018886682295475048,4.1296384086254764e-05,0.0002375901239475437,2.8755757471895234e-05,6.34322132994336e-05,2.8538513845865643e-09,4.5304881067834514e-08
38,1.0681311807000164e-06,2.5186575815754745e-06,3.0041172541481143e-05,0.0024205146707707253,3.359618046914607e-05,2.4961674576017675e-05,0.0003281490689500183,0.0008217856567383885,2.4942749639683975e-07,1.2028228617664195e-06,0.0007145953177658466,0.003952683389342771,0.9885614690713916,0.0009931367562502741,2.3256811799041188e-07,0.000371700684053791,0.000986006689235936,0.0002468965898449658,0.00012588257718103518,4.516247288253102e-05,0.00024140398231904585,4.306535760811654e-05,5.358149437636746e-05,1.0274007291642563e-08,8.53124560532925e-08
39,5.426867249969663e-07,1.482749720297265e-06,7.913739000491505e-06,0.0009553917089227177,1.3010321621796123e-05,5.780478999277845e-05,0.0005277063617016296,0.0009782826691785808,8.916965020650795e-08,6.573778424755848e-07,0.00042780749239202737,0.005860729589028532,0.987304563281576,0.00047727050794608647,2.651853836939472e-07,0.0015271381068167073,0.0011038992067072516,0.00016682606270693659,0.00019960823217842722,4.2875136943341566e-05,0.00024923006056919487,2.984171920155982e-05,6.701516029422177e-05,2.688710034604306e-09,4.5995190101467424e-08
40,5.780443444102368e-07,8.931664545273364e-07,5.923049941811626e-06,0.0013465860472769828,8.623334635213548e-06,4.3519802408458805e-05,0.000555976256853686,0.001338820624899295,9.859624639067025e-08,6.833014165311532e-07,0.00041245920703628726,0.00382198278229451,0.9881276670669544,0.00032286278407405843,2.3363261612704353e-07,0.0020112813219424737,0.0013718132523635159,0.0001504988688033643,0.0001426054357609488,3.603205921510086e-05,0.00020645093168325973,2.280809092203119e-05,7.15653538855425e-05,3.2681841614241913e-09,3.3719786895808186e-08
41,5.60466680735826e-07,1.511007184443072e-06,8.112899257562425e-06,0.0009208747660253197,1.314842558558455e-05,5.5560876073450455e-05,0.000515596842054705,0.0008663072362465208,8.309714229579388e-08,6.758134844514933e-07,0.0004604129555612077,0.006319113980941808,0.9870205257607065,0.0005279695986637479,2.5702310906955846e-07,0.0014278398537142306,0.0010772873441923293,0.00018434416438864302,0.00020346212482416954,4.3380635664888736e-05,0.00025666436509271375,3.0939557977764676e-05,6.531994213927103e-05,2.777838579588346e-09,4.848545031357498e-08
42,5.390086197156324e-07,1.4996797311589568e-06,8.53190257353678e-06,0.0009220660056117048,1.2728167384942493e-05,5.375385291972594e-05,0.0004898911404320399,0.0010248815148882426,8.543897381378301e-08,6.774127853727417e-07,0.00043286363988742676,0.005854373108004248,0.9874639302918226,0.0004579968695987586,2.665062703072406e-07,0.0014313969092310847,0.0010856346368698462,0.00015276534088682112,0.00021619650495638193,4.0653779782132235e-05,0.0002574318654468674,3.2832184046470074e-05,5.896096605732163e-05,2.6392228870440297e-09,4.063399663336058e-08
43,6.014104212490612e-07,1.6597852130464435e-06,9.274747796754335e-06,0.0010959217982073539,1.5473845611902785e-05,6.503262460516527e-05,0.0005566834637689906,0.0009835081186761617,1.1106979744773174e-07,8.78098947026177e-07,0.0004929268327272462,0.006012775579665267,0.9864972793254949,0.0005869629870356548,3.1205039184627224e-07,0.001651283113012159,0.0011892645970238856,0.00018334404486079064,0.00021347243938503777,5.190361708753312e-05,0.00028097199428596707,3.532545416604043e-05,7.497427382000416e-05,3.5788261934104205e-09,5.5149172531557705e-08
44,5.385762672081973e-07,1.5222195679896328e-06,8.036968987245045e-06,0.000948007623466273,1.3151070790927196e-05,5.683348682299698e-05,0.0004907745408380655,0.0008598176552637624,8.865596032975818e-08,6.636743422881831e-07,0.00045020287119829376,0.005943180421574053,0.9874581822380388,0.0005073584052415994,2.5086715887081635e-07,0.0014403499570037337,0.0010899289757050504,0.00017033361938978512,0.0001894903975788598,4.1251911351788044e-05,0.00023771929277923123,2.8762226420163282e-05,6.350630092154105e-05,2.818726556191581e-09,4.522460433929275e-08
45,5.378200495749215e-07,1.5564677697606427e-06,7.925406199375349e-06,0.000917851303352991,1.3227812861305949e-05,5.580457112656232e-05,0.0004715919341087385,0.0007993903439933413,8.577500272758769e-08,6.521891213135234e-07,0.0004549026412537304,0.006135591021601189,0.987435274746192,0.0005206415584464451,2.373954036380957e-07,0.0013789731653827016,0.001076136849593537,0.00017477726258287183,0.00018608474433160283,4.0322488453524065e-05,0.00023773138020795098,2.8197939734396315e-05,6.245666864204195e-05,2.741819335251124e-09,4.577276945597131e-08
46,4.627983244531214e-07,3.113744416276333e-06,1.4574620384534131e-05,0.0007228525400008855,5.799065089517511e-05,8.261110805679429e-05,0.0010452406797695575,0.0007263031288207273,1.1951652055944893e-07,1.2741526083836507e-06,0.0005341562695041839,0.010549181575427762,0.9814368127548002,0.0015141886971613814,5.027488368965756e-07,0.0012142372728117697,0.00038873263373012006,0.00025852879984003096,0.0005257880726238679,0.00015187729079206078,0.0006105131981119608,6.300984969388497e-05,9.77663092247283e-05,2.6653018353902538e-09,1.589223419875121e-07
47,5.260375897845642e-07,1.4771356939407216e-06,8.323415977249785e-06,0.0010622115539339883,1.3698661683473489e-05,6.073456081318376e-05,0.0004984170283278277,0.0008624789735611581,9.296252744509793e-08,6.90132097685359e-07,0.00047209413738223953,0.005626563287436033,0.9875008587719297,0.0005399428167281492,2.6508156990550804e-07,0.0015068631718081701,0.001110490685657974,0.00016890492012408616,0.00017947076569506547,4.272140002301964e-05,0.0002460333529508404,2.8178742029367954e-05,6.891395691745693e-05,3.1129357319452323e-09,4.533460648371828e-08
48,4.872572541759547e-07,1.4370311498536379e-06,6.870356298111081e-06,0.0008374296426531648,1.0732248264545576e-05,5.252137343520181e-05,0.0004525762986117666,0.000858450703514346,8.436927078222498e-08,5.306249345096227e-07,0.00040094370333774646,0.005383534891978445,0.9885254742209483,0.0004025412705849252,2.2469357955528285e-07,0.001337789647358547,0.0011122960571162107,0.00013981726646372772,0.00017593692759385087,3.269066832480362e-05,0.00018753039458090277,2.482315684322082e-05,5.523757204560471e-05,2.3160454976770823e-09,3.730781240663136e-08
49,5.325214025950989e-07,1.6086712749528989e-06,8.489237079498616e-06,0.0008971228025246045,1.335352192331061e-05,5.898127158686012e-05,0.00048279310703827475,0.0008182848044015363,8.567123314573814e-08,6.667872081185134e-07,0.0004455134430421143,0.006313345542076835,0.9872445739363053,0.0005288676681349567,2.48788097414535e-07,0.0013604790539301379,0.0010791080304878781,0.0001740178640235799,0.00019610646224636711,4.2320927414562574e-05,0.00024263697450562288,3.0281759588872406e-05,6.053235611387323e-05,2.739570623115588e-09,4.605878876899747e-08
50,5.118455134717423e-07,1.5406937252525623e-06,7.93445936311698e-06,0.0009336196750804877,1.2896979846951515e-05,5.908473874633275e-05,0.00039254311241599147,0.0007408373583115663,8.1513864398221e-08,5.548740744220644e-07,0.00047023821158114317,0.005873726335794466,0.9879476838563943,0.0004852296554743283,2.242453717753502e-07,0.001334800513505986,0.0010727768871690818,0.00015311501642168704,0.00016872374265376283,3.5135869818755313e-05,0.00022394716652613476,2.3845779708542664e-05,6.090812112952887e-05,2.7520465400437493e-09,3.659546166786547e-08
51,4.78892656897024e-07,1.4420206789293279e-06,8.05593157937941e-06,0.0010707377713221175,1.205810846706814e-05,4.995907215994267e-05,0.0004136023600357308,0.0008091286355064377,8.593565904234903e-08,5.979706963434537e-07,0.0004466184422808322,0.005139736929783845,0.9886403731386638,0.00047622847079750713,2.1832086256565365e-07,0.0012355236190711352,0.0010871118997041675,0.0001445610011915907,0.00014657675899599644,3.134211953834871e-05,0.0002083549818998753,2.4564603383655063e-05,5.260604526984489e-05,2.79363417434516e-09,3.4176160893512165e-08
52,5.592727363451893e-07,1.2819243150204124e-06,8.114472125155396e-06,0.0010550583675047048,1.2563738217375753e-05,5.43704035100871e-05,0.0004555313309137038,0.0007772828914784377,8.637788925725468e-08,7.279181029863828e-07,0.00047763022125323534,0.0056123154147157215,0.9875753573665061,0.0005292988588935064,2.2240219107841157e-07,0.0015982812667567953,0.0011412448839048439,0.00019092363944353454,0.00016773369895799528,4.257131033634541e-05,0.00021154451582415184,2.618769910056347e-05,6.106719025530691e-05,3.37407570878958e-09,4.146099210324355e-08
53,5.405939184444167e-07,1.5746630087576091e-06,8.289471691778362e-06,0.0008871535879184251,1.2934125496841423e-05,5.432985953669884e-05,0.0004232786586731657,0.0007772637063479309,7.95212614528995e-08,6.32587388577141e-07,0.00045240375609273056,0.006117030346118264,0.9876929558231474,0.0004989793016279417,2.2308179332823072e-07,0.0013010706816704084,0.0010597383549222435,0.0001662412140635394,0.0001874269783507811,3.7545362366162576e-05,0.00023610792600985316,2.7612465614511064e-05,5.654435175446769e-05,2.6691375999794965e-09,4.0912088732624125e-08
54,5.370644455953386e-07,1.5096872762093132e-06,8.078086617928727e-06,0.0009534390133001653,1.3120740139274127e-05,5.673005113651734e-05,0.00048666299659855033,0.0008608781348587497,8.849377998694798e-08,6.59905558155084e-07,0.0004511082809918949,0.005877387191140182,0.9875379556300069,0.0005048940978089598,2.504293444715617e-07,0.001431246818305845,0.0010875972490583875,0.0001687983967645952,0.00018843527190718262,4.1157929183089574e-05,0.00023728610207790764,2.8610849134889273e-05,6.352010805693385e-05,2.832842844968143e-09,4.4639664535593266e-08
55,5.358550523604283e-07,1.5921405546737646e-06,7.578830825315369e-06,0.0008822448421792698,1.3084149260631938e-05,5.437193593003353e-05,0.0004886802389602846,0.0008177915564147915,8.629661466529096e-08,6.220779572456477e-07,0.00043385289086351526,0.006396902874845205,0.9872417585989552,0.000492886359814752,2.3296646544756653e-07,0.001386824662251864,0.001060000678359947,0.00017482175066776387,0.00018794606134925449,3.906478974111158e-05,0.00023163179853979597,2.7536592936329862e-05,5.990394573224091e-05,2.560941456086979e-09,4.5544786663440435e-08
56,5.267464262066559e-07,1.520036200401023e-06,7.864873492253102e-06,0.0009169308781050536,1.2850329845544226e-05,5.515565754543559e-05,0.000475059990746609,0.0008372913931985954,8.675663898238911e-08,6.364453112960804e-07,0.00044155673614499204,0.005897013994282438,0.987692809175802,0.0004938492463729457,2.404697124481165e-07,0.0013861550487340812,0.0010724732459023673,0.0001659560328643295,0.00018580010514624736,3.945856789396165e-05,0.0002279102391933274,2.7919462939663907e-05,6.0888125909842194e-05,2.700428416789201e-09,4.374116277759659e-08
57,5.302881661363278e-07,1.5809952968054526e-06,7.964191921456263e-06,0.0008104525802674395,1.325681054282216e-05,5.48707675661404e-05,0.000471255536271429,0.0008477772631785811,7.965256911894642e-08,6.229465084441218e-07,0.0004348519142950527,0.006504507398160655,0.9872264716445867,0.0004840584051955786,2.4103783483171073e-07,0.0013615757355721078,0.001020694156600826,0.0001650557130727081,0.00021665420861282533,4.0838143612732117e-05,0.0002473612133714274,3.0335614739651433e-05,5.891768635379306e-05,2.396683561847187e-09,4.369901909614953e-08
58,5.499984874104969e-07,1.5429938779165204e-06,8.198865851675812e-06,0.0009618360224917634,1.323091353677831e-05,5.7236716547800037e-05,0.0004899688564708491,0.0008650199212109795,9.07836942100925e-08,6.714978055344708e-07,0.0004578622391413312,0.0058951892499183286,0.9874656038632238,0.0005079248137953702,2.5623646257607293e-07,0.0014438958148352697,0.0010994805430362697,0.00017008586042975638,0.0001900932875553389,4.116730512867663e-05,0.000237293415880911,2.8849010029963162e-05,6.390336017828993e-05,2.9406843298620874e-09,4.548972484931828e-08
59,5.668290199794628e-07,1.5670089504595252e-06,8.617898912263912e-06,0.0009985444465038108,1.360439168712736e-05,5.9200980751913603e-05,0.0005027303622311341,0.0008833945573842951,9.370616253677424e-08,7.09968770940305e-07,0.0004684400227577063,0.005920783228595191,0.9872617397744601,0.0005267284538800017,2.6792745342853347e-07,0.0014742124965415088,0.0011246839124212146,0.00017539901947919182,0.0001933853299470389,4.324123635494093e-05,0.0002462965049156973,3.000906801988425e-05,6.573245905487541e-05,3.1377561220544265e-09,4.727798895084086e-08
60,5.385762672081973e-07,1.5222195679896328e-06,8.036968987245045e-06,0.000948007623466273,1.3151070790927196e-05,5.683348682299698e-05,0.0004907745408380655,0.0008598176552637624,8.865596032975818e-08,6.636743422881831e-07,0.00045020287119829376,0.005943180421574053,0.9874581822380388,0.0005073584052415994,2.5086715887081635e-07,0.0014403499570037337,0.0010899289757050504,0.00017033361938978512,0.0001894903975788598,4.1251911351788044e-05,0.00023771929277923123,2.8762226420163282e-05,6.350630092154105e-05,2.818726556191581e-09,4.522460433929275e-08
61,5.582761423652125e-07,1.5413590910204073e-06,8.56449393038347e-06,0.0009847434417277721,1.3364640622993107e-05,5.83262385976231e-05,0.0004917721044422077,0.0008777034526550627,9.104058360635895e-08,6.912994573594814e-07,0.000462198174271439,0.005859722570541492,0.987420253119579,0.000517122094380711,2.6147748706220623e-07,0.0014494520396046552,0.0011110099481550604,0.0001723435441102348,0.00019183865188852526,4.2365322319742604e-05,0.00024220188296667479,2.9530424388449316e-05,6.42956180788334e-05,3.0557544613204743e-09,4.5729223299450374e-08
62,5.385762672081973e-07,1.5222195679896328e-06,8.036968987245045e-06,0.000948007623466273,1.3151070790927196e-05,5.683348682299698e-05,0.0004907745408380655,0.0008598176552637624,8.865596032975818e-08,6.636743422881831e-07,0.00045020287119829376,0.005943180421574053,0.9874581822380388,0.0005073584052415994,2.5086715887081635e-07,0.0014403499570037337,0.0010899289757050504,0.00017033361938978512,0.0001894903975788598,4.1251911351788044e-05,0.00023771929277923123,2.8762226420163282e-05,6.350630092154105e-05,2.818726556191581e-09,4.522460433929275e-08
63,5.377000391467526e-07,1.5360998791949936e-06,8.011412841782109e-06,0.0009391101472113951,1.3121079964303727e-05,5.652599911463294e-05,0.0004872460555677483,0.0008543173035610931,8.862463940198634e-08,6.577442386363112e-07,0.0004485594968099623,0.005965186832249849,0.9874818072401584,0.0005046866556615684,2.4903369104184236e-07,0.0014245216254537678,0.0010871602670359413,0.00016949013344555106,0.00018897037177155823,4.075733565899384e-05,0.00023595221354311285,2.8634126015110873e-05,6.282464982234138e-05,2.793674324340521e-09,4.5057951192836785e-08
64,5.537247051110215e-07,1.5810877698940174e-06,8.344871595723059e-06,0.0009672596999973831,1.3716832348713334e-05,5.805945973899523e-05,0.0005004370827193254,0.0008951651432301544,9.085946557322829e-08,6.840130788506644e-07,0.00046135953318005826,0.00603036971788937,0.9872492520821747,0.0005133068799087765,2.6411048135720565e-07,0.001446230014784666,0.0010903357176191507,0.00016984192009072518,0.00019794063860248919,4.2375271388347965e-05,0.0002569859564261642,3.0024299135241543e-05,6.577178218610522e-05,2.894111740501825e-09,4.640737131025192e-08
65,5.176859459342387e-07,1.3769647400677015e-06,5.2683483911805365e-06,0.0006255589064650944,1.1590058435794404e-05,3.783961155461159e-05,0.00042514012127961527,0.0005610022668886043,6.448657912197484e-08,5.233440849770106e-07,0.00038162984691913506,0.007934837098509392,0.986633473142415,0.0004701052621706138,1.3600196059163255e-07,0.0013178285652255073,0.0009225267965895409,0.00023203524602670743,0.00016477784604139318,3.490110898633444e-05,0.00017036481395735074,2.18635900841688e-05,4.6591369111931377e-05,1.777572940948992e-09,4.574006449504242e-08
66,5.221749848367766e-07,1.4629061720278055e-06,8.01117209446347e-06,0.0009449764564159819,1.3117871784337487e-05,5.436029129492322e-05,0.0004447148009573384,0.0007954940131402637,8.241355223035814e-08,6.827313748727451e-07,0.00045697559122856316,0.005968766842469674,0.9875752087144217,0.0005095342526799227,2.2573393831623879e-07,0.001444206329350874,0.0010658720293164454,0.00016829376213312622,0.0001831339427028694,3.9509879520877546e-05,0.00023892275668118364,2.7686308180198465e-05,5.819566964732075e-05,2.7642185045921123e-09,4.059173906152946e-08
67,4.6999837437540694e-07,1.3558480856733485e-06,6.201538754035705e-06,0.0008468495366497281,1.079660897154665e-05,3.0356018673938788e-05,0.00035929251466734746,0.0009687292587785432,7.421557009854916e-08,4.1775849019660543e-07,0.0003421266060018091,0.005375716862653086,0.9891298389087423,0.000281579912441912,1.5061335506462273e-07,0.0011785076661253414,0.000960511020452567,0.00011663145862844066,0.00015307052588952667,1.986068330564557e-05,0.00016295656142375326,1.964056724947913e-05,3.4841175071372154e-05,1.614394054369495e-09,2.252725030314361e-08
68,7.95009779636107e-07,2.1334609016604396e-06,1.266917079846205e-05,0.0014095406039756051,1.9595851400641423e-05,8.857811067066666e-05,0.0005802215385701414,0.0011635340744072173,1.4516261856606304e-07,1.1374752650011395e-06,0.0006491719833775642,0.0061735018562222455,0.9847594808490084,0.0006885922223478102,4.812501120248734e-07,0.002050033284643784,0.0014396917681869152,0.00018794017981002138,0.00025943486233710684,5.63294076835197e-05,0.00032529001098178584,4.2923620373751314e-05,8.871018398820119e-05,5.9264552978817484e-09,6.213608375934651e-08
69,5.694958674064435e-07,1.5165007599833425e-06,8.844237820657472e-06,0.0013563380916272294,1.4228371879643741e-05,5.857745805949387e-05,0.0005222684324177621,0.0010163415243920244,1.203088279527711e-07,8.188861833551809e-07,0.0004504579742431952,0.005331737010618784,0.9868509764905858,0.000508873696242955,2.684099087529483e-07,0.0018795212661580438,0.0013275400646679252,0.00017277147384973699,0.0001541090103216469,3.83515198303611e-05,0.0002164141880038983,2.7263929261475236e-05,6.20445316975002e-05,3.7923008651644045e-09,4.3334473484391075e-08
70,4.940569095167854e-07,1.3822104028642558e-06,8.035167717345317e-06,0.00112049632517843,1.4025788642349752e-05,6.632827168877371e-05,0.0005224261609407237,0.00088257801401184,1.0562655209902281e-07,7.585168630156342e-07,0.00045337642308093543,0.005487196128952866,0.9872164691552061,0.0005642308383064153,2.725335865069522e-07,0.0017711666496946189,0.0011713845320627865,0.00017369612137916316,0.00016840922223549805,4.891021688535623e-05,0.00022667729922962526,2.8298752764010057e-05,7.323151558690275e-05,3.338990881273522e-09,4.713313143512274e-08
71,4.843557947288459e-07,1.5377497044473183e-06,1.197944962842427e-05,0.000992235173996271,1.1988456799377054e-05,6.814801319173488e-05,0.00044363833215092807,0.0007307677715345791,7.516665867439841e-08,6.372539751117028e-07,0.0005108899613462187,0.004927420740675604,0.9888966635832299,0.0006202615612749419,2.928520864432656e-07,0.0009779595768228625,0.001091718061294055,0.00014782397298965578,0.00019251660253237962,4.016130485193987e-05,0.00023826742375798954,3.4382162367925275e-05,6.0104820043204564e-05,3.352929463387981e-09,4.230036305785712e-08
