,0,1,2,3,4,5,6,7,8,9,10,11,12,13,14,15,16,17,18,19,20,21,22,23,24
0,8.25227629746851e-06,8.549499932457705e-13,1.5087730752604932e-05,7.812741587524579e-05,7.044868880738539e-06,1.8999247453997142e-05,0.00026599353823209026,6.549405647079655e-05,3.038704345572552e-09,0.00020806009268612948,2.848683421565946e-07,0.0001189566810565593,0.8554257328303074,1.5769764205947463e-05,2.814080862758783e-10,0.10053755016858401,0.00012255376569013875,0.007890682792660817,2.4197355619476757e-06,0.0335932994443988,2.376679170905626e-06,1.8827240465705736e-09,5.086520897158511e-06,0.001618222138291776,1.8049186028677202e-10
1,7.979334895132912e-06,8.230196736568821e-13,1.5822262611457982e-05,7.365345898456897e-05,6.933427566135872e-06,1.888305127045688e-05,0.00026096254328799093,6.471462922479541e-05,3.0183588234394497e-09,0.00021396598833597783,2.73604677153689e-07,0.00011648704635227916,0.8545373665441387,1.48087143935702e-05,2.7434860203388896e-10,0.10335514145700564,0.00011909767513566656,0.0073773544384673085,2.4945064544839704e-06,0.032187676234631424,2.3587242737182084e-06,1.8672515713746086e-09,4.816516965475928e-06,0.0016192045145404508,1.6600581081754373e-10
2,8.552528311484689e-06,9.278535863923803e-13,1.57111558347009e-05,7.667621031480238e-05,7.698608699990453e-06,1.88659339151257e-05,0.00026384631106270395,6.753294184593915e-05,3.2220209295101757e-09,0.00021439818683144965,3.0923454444229127e-07,0.00012066553109785454,0.8581491997818061,1.702825796290726e-05,3.124259102379527e-10,0.09534762187792616,0.00012473713395784876,0.008053408357730074,2.495216543074972e-06,0.03588153303090456,2.446027987403097e-06,1.8900609522495366e-09,5.308310780979061e-06,0.0016219597374445506,1.9906222749004496e-10
3,8.500825812290668e-06,9.078831393547059e-13,1.5526993452497018e-05,7.85702245862892e-05,7.395272776221403e-06,1.9725009393743936e-05,0.0002799458953704583,6.591242922802061e-05,3.120795514517616e-09,0.00020840340899993311,2.894734776110904e-07,0.00012352217180334034,0.8533966445524965,1.6676835431939734e-05,2.9373141548929995e-10,0.10219616534141159,0.0001270955365584554,0.008057996973999736,2.520885567002581e-06,0.033705549069192466,2.4817298350804645e-06,1.9814514660310205e-09,5.2220569872193674e-06,0.0016818497242384843,1.9249467097739904e-10
4,9.119527154249145e-06,1.2075220971147414e-12,1.972517049610036e-05,0.00010572545170072078,9.093406995584557e-06,2.6613055092092178e-05,0.0003660364147538335,7.955161447792802e-05,4.263669533115079e-09,0.00023751813229263343,3.709866900107614e-07,0.00017308485602513413,0.8207598529171268,1.9114020531033844e-05,3.971692032904712e-10,0.1276999035437841,0.00014913243656204623,0.009268105035713108,2.6671388667512547e-06,0.039281416541141735,3.66485033201901e-06,2.9268863328557823e-09,6.654120405152454e-06,0.0017826429414447887,2.4948180711502036e-10
5,8.405622196439724e-06,9.33122561641052e-13,1.4679883562030294e-05,8.264419654598336e-05,7.120757928225556e-06,1.9875198860870715e-05,0.00026333561950852495,6.522396085033702e-05,3.0279409310074415e-09,0.00020276700040459535,2.9517296092296633e-07,0.00011990216334840593,0.8520015505293212,1.664491488078821e-05,2.962467680307616e-10,0.10272359086570558,0.00012348893372640698,0.008613928404587917,2.5126324855369205e-06,0.0340951481892033,2.429655736758582e-06,1.9541974329252784e-09,5.265857022124878e-06,0.0016311849739152348,1.8793058559870587e-10
6,8.500825812290668e-06,9.078831393547059e-13,1.5526993452497018e-05,7.85702245862892e-05,7.395272776221403e-06,1.9725009393743936e-05,0.0002799458953704583,6.591242922802061e-05,3.120795514517616e-09,0.00020840340899993311,2.894734776110904e-07,0.00012352217180334034,0.8533966445524965,1.6676835431939734e-05,2.9373141548929995e-10,0.10219616534141159,0.0001270955365584554,0.008057996973999736,2.520885567002581e-06,0.033705549069192466,2.4817298350804645e-06,1.9814514660310205e-09,5.2220569872193674e-06,0.0016818497242384843,1.9249467097739904e-10
7,8.170295684102607e-06,1.7233461999364524e-12,1.6171108854057436e-05,0.000125445638780032,1.0275229221687535e-05,4.738039427753394e-05,0.00039306905770507955,7.023322357957874e-05,5.055626325786214e-09,0.00018498910787134766,3.7182116120105114e-07,0.00022311651735260296,0.750326636538434,2.6446493699384797e-05,5.588474715694776e-10,0.1840758392784065,0.00016529660270673058,0.018537816495975228,3.125462369372179e-06,0.04361433046362895,6.334368630984576e-06,3.4562140794078e-09,1.1970589038569701e-05,0.002152971934058327,3.061534152247441e-10
8,6.7079683031441064e-06,9.321740767411415e-13,1.1913492249839713e-05,8.261014538235229e-05,7.802211947370754e-06,2.538782792505255e-05,0.000271557183122625,6.050271265535345e-05,3.1091555175182765e-09,0.00016643310908400857,3.024494162412586e-07,0.00012730151737605546,0.827160418469155,1.5669225514945716e-05,3.046209903371539e-10,0.12158342127893039,0.00011659039267996197,0.012417205138554191,2.483205163459133e-06,0.036512957866312104,2.615595425569054e-06,2.001561141536397e-09,5.4655754918775295e-06,0.0014226490557249713,1.63315644760011e-10
9,6.423074447217544e-06,7.801616663326873e-13,1.3045351135567723e-05,7.006136230575166e-05,7.4466119130687286e-06,2.4935864314002857e-05,0.00029720055861269767,5.381489892815606e-05,2.706161965921293e-09,0.00015796932450003515,2.416645178837546e-07,0.0001317962286870666,0.8269899511349658,1.4273355803328757e-05,2.4326885102917623e-10,0.12870894349001555,0.0001256320998781001,0.010206441687214485,2.483813193445816e-06,0.03164716896495687,2.741023435088015e-06,1.999517391398305e-09,4.797402450944436e-06,0.0015346269919160552,1.4708055258453706e-10
10,8.500825812290668e-06,9.078831393547059e-13,1.5526993452497018e-05,7.85702245862892e-05,7.395272776221403e-06,1.9725009393743936e-05,0.0002799458953704583,6.591242922802061e-05,3.120795514517616e-09,0.00020840340899993311,2.894734776110904e-07,0.00012352217180334034,0.8533966445524965,1.6676835431939734e-05,2.9373141548929995e-10,0.10219616534141159,0.0001270955365584554,0.008057996973999736,2.520885567002581e-06,0.033705549069192466,2.4817298350804645e-06,1.9814514660310205e-09,5.2220569872193674e-06,0.0016818497242384843,1.9249467097739904e-10
11,8.275038079662736e-06,5.626748492532323e-11,0.00010154962752740749,0.002422955861935747,0.00021497745916430582,0.0007517345017654022,0.0032841745702777325,3.948061059714585e-05,4.590981950918203e-08,0.00014262884329286897,7.008835075009562e-06,0.003984442619379076,0.04999593401243676,0.0007251082848795239,2.1273161422683794e-08,0.6224465738545926,0.00048460474968839407,0.08272854547565539,2.744981090509649e-06,0.23014395676764982,0.0007711027317412809,7.51844069842747e-08,0.0003344160725612399,0.0014096267806744266,1.589828043444932e-08
12,1.0156980027335698e-05,6.496495042996285e-13,1.791926906637433e-05,4.912889974511951e-05,2.8119476731874015e-06,8.293599529870913e-06,0.00015909709926797852,0.00012344124364290732,2.638271419687147e-09,0.00021184256763879023,2.0348031936847337e-07,9.08676734173228e-05,0.9107639249145839,5.7842431857589075e-06,2.2748331866806111e-10,0.06935787744896695,9.483777926399253e-05,0.0030173332118452667,2.4345523198027034e-06,0.0148347012274704,1.3126183916078898e-06,2.07718270878815e-09,1.973753156629432e-06,0.001246052465195148,8.170505595945614e-11
13,9.707142259192975e-06,8.377215461493169e-13,1.5380351018729327e-05,7.902528879456247e-05,6.727332366567391e-06,1.4479843136813201e-05,0.00022620330566559252,7.192911400160947e-05,2.9986824458622835e-09,0.00019330633975905127,3.485376742467386e-07,0.00012427546289040117,0.8634463639902747,1.85247689989697e-05,3.218461506328694e-10,0.09198523844308422,0.00011541107124714337,0.007760629671062484,2.2855194472982203e-06,0.034550549668796,2.2592167366625674e-06,1.661767968662145e-09,4.949962945089203e-06,0.0013723998018814682,1.8482507744252735e-10
14,1.5755181758026958e-05,9.719005616334096e-13,2.1680603748093463e-05,7.765560000779623e-05,6.993835577196038e-06,2.0692826034096844e-05,0.0005399022989675145,0.00013792019829557214,5.588823766854746e-09,0.0002625127692985803,2.593329648787063e-07,0.0002577880391916139,0.850641295863551,2.2411289032763936e-05,4.330708246530311e-10,0.11477051205459148,0.00019835407287001921,0.006133414377481715,2.4914068737454337e-06,0.02395894489966961,4.260257882075607e-06,3.444615487432335e-09,6.9491222808787726e-06,0.002920196162735677,3.3970568508744893e-10
15,8.500825812290668e-06,9.078831393547059e-13,1.5526993452497018e-05,7.85702245862892e-05,7.395272776221403e-06,1.9725009393743936e-05,0.0002799458953704583,6.591242922802061e-05,3.120795514517616e-09,0.00020840340899993311,2.894734776110904e-07,0.00012352217180334034,0.8533966445524965,1.6676835431939734e-05,2.9373141548929995e-10,0.10219616534141159,0.0001270955365584554,0.008057996973999736,2.520885567002581e-06,0.033705549069192466,2.4817298350804645e-06,1.9814514660310205e-09,5.2220569872193674e-06,0.0016818497242384843,1.9249467097739904e-10
16,9.3023493618635e-06,1.6950876111039952e-12,1.9735093789993638e-05,6.294245274985713e-05,9.198103443396773e-06,2.418239124659277e-05,0.0003651249117815008,0.00010934738151580203,6.376587226088063e-09,0.00036545240984868385,2.5949441541860467e-07,0.00013327965992416965,0.8980502520036713,1.282364796577973e-05,4.022574358937454e-10,0.06399424756913016,0.00014327588371590113,0.004462235442906946,3.0742155916927324e-06,0.029769703562022583,2.034609313804554e-06,3.483337278224941e-09,5.159396010457731e-06,0.0024583588013189863,3.563980587677568e-10
17,8.124960063804898e-06,8.850386245094891e-13,1.5611082632062315e-05,7.44591989810078e-05,7.2734586383452455e-06,2.0206649175667824e-05,0.0002611860345260826,6.366765794924187e-05,3.0947239480201013e-09,0.00021825213405647124,2.808597606453675e-07,0.0001133313007200198,0.8544488808947661,1.5415595676057333e-05,2.9168810713899703e-10,0.10098212881514591,0.00012380360863614262,0.00807554145675506,2.6187095709434865e-06,0.03386138534102488,2.4954326592566174e-06,1.886838154412094e-09,5.278717643471725e-06,0.0017000526395927348,1.7789069045834446e-10
18,4.950744873826849e-06,4.794863537444394e-13,1.5817932369396087e-05,7.402563798335622e-05,4.947821981902946e-06,2.1026945495984506e-05,0.00020897572329061671,7.053705928426353e-05,3.011492616636659e-09,0.00024956063284561095,2.618850996107143e-07,0.00012859896343643963,0.8163494975239973,9.286111766859711e-06,2.7035064490582614e-10,0.14355288460629068,6.40320716569624e-05,0.006675474597050375,1.851584346077374e-06,0.03138825060552666,2.3122441803918267e-06,1.4481517158237583e-09,4.18819760279557e-06,0.001173514309338368,7.11079217241436e-11
19,8.017879917777208e-06,7.816113709156846e-13,1.580460483057828e-05,7.089447671469272e-05,7.121486967389662e-06,1.9044252943523138e-05,0.0003017436072380107,6.668518053428078e-05,3.0704111610262616e-09,0.00022026172016739585,2.537783869392434e-07,0.00012512191047279233,0.8618281832583748,1.4647513873760828e-05,2.543156043547684e-10,0.09737200244537104,0.00012476829442564284,0.006624327684012837,2.338803194917096e-06,0.031475506288138264,2.2610112420614048e-06,1.96402437463363e-09,4.599895355627572e-06,0.0017164104366664025,1.816386423781691e-10
20,8.217126270340342e-06,7.674467278638986e-13,1.5345378333083242e-05,7.343193465641408e-05,7.693301207699019e-06,1.9213424352703002e-05,0.00028957008637331774,5.770477193238625e-05,2.9195148319879398e-09,0.00021107840133095202,2.700447690312551e-07,0.00011613383189330563,0.8542792083918138,1.684643869259412e-05,2.5372236668228655e-10,0.10083454749237453,0.00012699835196020482,0.007652225102905603,2.4260475399486616e-06,0.03456830974284444,2.3668203086051486e-06,1.7389184770440875e-09,5.197778740821331e-06,0.00171321043303542,1.8574157565119288e-10
21,8.299752360106252e-06,9.017494393285099e-13,1.570818870100842e-05,7.485680344989059e-05,7.393847166063015e-06,1.9888656520623927e-05,0.0002849433427884076,6.623149157166205e-05,3.1139503455879982e-09,0.00020939992609508913,2.7584795620140783e-07,0.00012197456580442186,0.8560099869364935,1.597758377774498e-05,2.87271611114525e-10,0.10038702470807692,0.00012933381662233722,0.007793050788774413,2.534681440448527e-06,0.0331155281628523,2.4866352260253264e-06,1.999877296985958e-09,5.127236407255114e-06,0.0017299714344561087,1.9145864999313307e-10
22,8.655771138744307e-06,8.888654505392452e-13,1.582643511081417e-05,8.05450400683655e-05,7.340370184761286e-06,1.928639341684449e-05,0.00027381795334306387,6.499230466767674e-05,3.0889213967356936e-09,0.00020767459587297572,2.958016631467235e-07,0.00012297118445435003,0.852027211462747,1.655831134022919e-05,2.8776629279891346e-10,0.1033276097725815,0.0001303315044596366,0.008068887287575493,2.505634582680092e-06,0.03397868006429468,2.5422851588801646e-06,1.9755247487078137e-09,5.251336690779877e-06,0.0016390109476868834,1.8986026235116869e-10
23,8.500825812290668e-06,9.078831393547059e-13,1.5526993452497018e-05,7.85702245862892e-05,7.395272776221403e-06,1.9725009393743936e-05,0.0002799458953704583,6.591242922802061e-05,3.120795514517616e-09,0.00020840340899993311,2.894734776110904e-07,0.00012352217180334034,0.8533966445524965,1.6676835431939734e-05,2.9373141548929995e-10,0.10219616534141159,0.0001270955365584554,0.008057996973999736,2.520885567002581e-06,0.033705549069192466,2.4817298350804645e-06,1.9814514660310205e-09,5.2220569872193674e-06,0.0016818497242384843,1.9249467097739904e-10
24,1.4786914870864884e-05,1.753462445898012e-12,5.966628224117762e-05,1.8944585875793846e-05,9.821407860006757e-06,5.2312123803832545e-05,0.0012380803936325486,0.00020937013314738847,1.5072014577026824e-08,0.00036942348664392363,1.1575629503447325e-07,0.0002793481152695522,0.8212908631886773,1.0736203989249573e-05,1.0144624881431315e-09,0.14211737754440382,0.00045990942984347786,0.005470551403502535,8.266534236030555e-06,0.01701024179164109,1.8825724274774792e-05,7.760517580667771e-09,1.6488323148940192e-05,0.011344846387407926,4.204868165924649e-10
25,8.485183018803093e-06,9.734816620722165e-13,1.5988709116987376e-05,7.948991860732043e-05,7.769475913758256e-06,2.1877779184101793e-05,0.00029220787317427426,6.452593514324673e-05,3.266723041218796e-09,0.00021452041003987754,2.871639217566991e-07,0.0001256440918555633,0.8477402504933856,1.7102590542033873e-05,3.0672960287930943e-10,0.1068891594858474,0.00013209981386123556,0.008445009591327234,2.694313186556225e-06,0.0341330343503133,2.695600256684855e-06,2.0980284969474777e-09,5.637674520665779e-06,0.001801513672623372,2.0170549683344925e-10
26,8.376699640651472e-06,9.28549537072512e-13,1.5218667440233226e-05,7.458569318402515e-05,7.170456663596048e-06,2.0270262417103723e-05,0.00026547220085829294,6.528219584367226e-05,3.237297948637905e-09,0.0002133502580424162,2.7295943031444735e-07,0.0001135027205850353,0.8577722806538887,1.519196426929629e-05,2.904433258921063e-10,0.09813527263922407,0.00013062936990890047,0.008198920628186418,2.616772480278252e-06,0.033191764414156166,2.5138026663877366e-06,1.970710501920209e-09,5.518546558472386e-06,0.0017617834061792756,1.8899648070900892e-10
27,8.284292012780476e-06,6.656696172070152e-13,1.73018450350877e-05,6.982312488819677e-05,7.502434010118626e-06,1.764401538612017e-05,0.00027055400976785867,5.217046929842812e-05,2.535502027850989e-09,0.000204778090578348,2.6076381874250484e-07,0.00011168077980698552,0.8505153048238387,1.6370038810868728e-05,2.2940488747598812e-10,0.1040423266235948,0.00013749710539481577,0.00740331472602817,2.420285808154747e-06,0.03541046530893495,2.7083236916209794e-06,1.5928825509279699e-09,5.195335138081183e-06,0.0017043930802743037,1.654275660969813e-10
28,8.500825812290668e-06,9.078831393547059e-13,1.5526993452497018e-05,7.85702245862892e-05,7.395272776221403e-06,1.9725009393743936e-05,0.0002799458953704583,6.591242922802061e-05,3.120795514517616e-09,0.00020840340899993311,2.894734776110904e-07,0.00012352217180334034,0.8533966445524965,1.6676835431939734e-05,2.9373141548929995e-10,0.10219616534141159,0.0001270955365584554,0.008057996973999736,2.520885567002581e-06,0.033705549069192466,2.4817298350804645e-06,1.9814514660310205e-09,5.2220569872193674e-06,0.0016818497242384843,1.9249467097739904e-10
29,8.500825812290668e-06,9.078831393547059e-13,1.5526993452497018e-05,7.85702245862892e-05,7.395272776221403e-06,1.9725009393743936e-05,0.0002799458953704583,6.591242922802061e-05,3.120795514517616e-09,0.00020840340899993311,2.894734776110904e-07,0.00012352217180334034,0.8533966445524965,1.6676835431939734e-05,2.9373141548929995e-10,0.10219616534141159,0.0001270955365584554,0.008057996973999736,2.520885567002581e-06,0.033705549069192466,2.4817298350804645e-06,1.9814514660310205e-09,5.2220569872193674e-06,0.0016818497242384843,1.9249467097739904e-10
30,8.500825812290668e-06,9.078831393547059e-13,1.5526993452497018e-05,7.85702245862892e-05,7.395272776221403e-06,1.9725009393743936e-05,0.0002799458953704583,6.591242922802061e-05,3.120795514517616e-09,0.00020840340899993311,2.894734776110904e-07,0.00012352217180334034,0.8533966445524965,1.6676835431939734e-05,2.9373141548929995e-10,0.10219616534141159,0.0001270955365584554,0.008057996973999736,2.520885567002581e-06,0.033705549069192466,2.4817298350804645e-06,1.9814514660310205e-09,5.2220569872193674e-06,0.0016818497242384843,1.9249467097739904e-10
31,8.465702597666715e-06,8.612770731485944e-13,1.544051515430167e-05,7.262044353549149e-05,6.801422481420287e-06,1.765032412789054e-05,0.0002572198750868332,6.766849821465076e-05,2.9460724235372497e-09,0.00020043166211268046,2.7709401217640027e-07,0.00011652041204038577,0.8613809825731795,1.5410602580240764e-05,2.815895991868818e-10,0.0965642748924597,0.00012324632338785106,0.007541720115700931,2.475439214312908e-06,0.03198081759727823,2.316072184357836e-06,1.8717647074496953e-09,4.772574311721932e-06,0.0016208825837208906,1.7633059848321877e-10
32,8.485433096055581e-06,9.145922503134135e-13,1.5394103238326117e-05,7.656407901587782e-05,7.326484350547731e-06,1.957339520220076e-05,0.0002739009872303926,6.496457250936446e-05,3.07375439868009e-09,0.00020621814968952096,2.84843534079377e-07,0.00012028371898501324,0.8550756796119442,1.649970781661784e-05,2.919107873848594e-10,0.10106860913068885,0.00012654319656210889,0.00806543300363628,2.5779397278513004e-06,0.03315509824356457,2.4415637114453435e-06,1.9629677250000227e-09,5.156277770636272e-06,0.001688960038501957,1.896763364497653e-10
33,7.785606790848739e-06,7.630072025463307e-13,1.3280441968922118e-05,6.89135339272058e-05,6.181555279159593e-06,1.8176195696184572e-05,0.00025273656386172433,5.896778846609867e-05,2.4990118739221764e-09,0.00018242640650876642,2.292472191602982e-07,0.0001089306522986369,0.8603590978988535,1.440655364196903e-05,2.321391021653998e-10,0.10022666399239973,0.00011964775179156895,0.007801856198468973,2.4549421714147164e-06,0.02907543856109857,2.1161101495374367e-06,1.7532402457476513e-09,4.414256477470253e-06,0.001676271103718315,1.5405820279886032e-10
34,1.0446386305280612e-05,8.253669147871747e-13,1.5684485566084944e-05,6.853194652995194e-05,6.991440997946449e-06,1.390365893863671e-05,0.00021935595530975132,6.299246295706884e-05,2.8090940139990292e-09,0.00019599973724578344,3.1578003361939125e-07,0.0001016886683390345,0.8719497572054716,1.698668566019783e-05,2.788889255538627e-10,0.08692125159463288,0.00012331680604583568,0.007304547535591994,2.686417521479451e-06,0.03151039385253953,2.0490836358632892e-06,1.620866925003271e-09,4.506568152345008e-06,0.001468588846535262,1.7231484880942557e-10
35,8.73172829044024e-06,9.150652732113465e-13,1.473798715010703e-05,7.455023349344188e-05,6.704618352314304e-06,1.8232976030005184e-05,0.00026598128338630253,7.411382810832575e-05,3.2645804824684124e-09,0.00020310504944290225,2.823018182327505e-07,0.00011984278528398978,0.8615796223127712,1.465487436125765e-05,2.957047662868708e-10,0.0980724269460225,0.00012192196920472792,0.007676302822399993,2.490978796248124e-06,0.030138041547700996,2.2443762322135567e-06,2.0461001183630475e-09,4.709370796310014e-06,0.001601296225674852,1.7738321888306772e-10
36,7.890200139510768e-06,1.2660675005153513e-12,2.016095522583879e-05,8.969905787173138e-05,9.000899454564428e-06,2.558557261837565e-05,0.0002239392443291036,5.8339569845501025e-05,3.6706508787344837e-09,0.00029522033954554544,3.555924438221537e-07,9.795088122622534e-05,0.8429207257152771,1.544472992562034e-05,3.669521729712176e-10,0.10169815734779049,0.00012908401085541332,0.008557213004414744,3.248398955951516e-06,0.04405285650377805,3.0847712735699523e-06,2.093477510145603e-09,6.845855242431207e-06,0.0017851910141371784,2.033024286612583e-10
37,6.908135738243762e-06,8.842054992341913e-13,1.6668293179293665e-05,6.927251277751728e-05,7.218073253074189e-06,2.0042625623062093e-05,0.0002866424810610869,9.07991191910592e-05,4.119491826589673e-09,0.00025473175507534243,2.8721427804130746e-07,0.0001327396974772142,0.8685153917544641,1.143208208468466e-05,3.1852959998999247e-10,0.08921573323529472,0.0001111060278154787,0.006156253112227592,2.1337156864572537e-06,0.033586667576542585,2.230466516514005e-06,2.2035058702245187e-09,4.495581785705077e-06,0.0015092397223891675,1.7512751205662424e-10
38,1.8818889069375543e-05,1.2704768894681429e-12,2.0978193322693965e-05,0.00016297331642826522,1.1533856422538313e-05,4.090364552209325e-06,0.00016072717696773652,0.00016749547166545543,6.132344625406519e-09,0.0005182142073478823,1.1119365595720194e-06,0.0001064480818664913,0.892371692300818,2.4414386000004072e-05,3.799703748117736e-10,0.018612229266621153,0.00012511807112976475,0.0023992712617166667,9.662360582666895e-07,0.08456984809976585,7.066588371409552e-07,1.6446479364451322e-09,3.6281919793266113e-06,0.0007197251241378604,7.50500313484338e-10
39,2.820334538803602e-05,1.4143862330107305e-12,8.373902678242752e-06,0.00016734229686588584,1.6474555506909375e-05,8.221053331476623e-06,0.00030162936873576445,5.4548230080433404e-05,3.8256877023290366e-09,0.00035353928388345547,1.2885349291114373e-06,8.555919868062868e-05,0.9020465949511427,8.571255470264175e-05,4.6193173017144205e-10,0.036516104248338975,7.577351794784894e-05,0.007761441649285366,2.4486673887567797e-06,0.05152779916196808,4.5237924400730845e-07,1.2318478111005212e-09,4.352216583294038e-06,0.0009541346394488248,7.229876970936456e-10
40,7.965196113616268e-06,8.524856244616276e-13,1.4392058486033171e-05,7.915004512177009e-05,6.546682995913079e-06,2.020200383795427e-05,0.0002697634767904229,6.749130134447426e-05,3.0705335191234802e-09,0.00020928846388871734,2.666800594550501e-07,0.00011748257609294185,0.8535735974206329,1.4417439908366424e-05,2.762796160776301e-10,0.10389205274596806,0.00012116407277266629,0.008014622030913493,2.407857263557243e-06,0.031912877953238515,2.382325743531587e-06,1.9561722135258665e-09,5.090740900000114e-06,0.001668833452084232,1.720056548965689e-10
41,1.1036320734276714e-05,1.0325841977388875e-12,2.336743458112526e-05,7.338890337529232e-05,9.203508461294447e-06,2.277463272124501e-05,0.0004826849756562484,6.886314825554488e-05,3.486070792625208e-09,0.00022157051384285014,2.548264846144299e-07,0.0001768043452842439,0.8529805298860577,2.2520044340022083e-05,3.1918743340027774e-10,0.10058344534996015,0.00021341519909941098,0.006947034977088918,2.823316893067213e-06,0.03542448365124176,4.256180139058588e-06,2.7539686758243803e-09,7.249727871546823e-06,0.002724286147852699,3.497995882001471e-10
42,7.464919227543299e-06,8.992952181772105e-13,1.6236698686464948e-05,7.547668299490593e-05,6.251762401703214e-06,2.0301701474962716e-05,0.0002604869671884312,7.30975144849909e-05,3.064997145575272e-09,0.00019322727554683003,2.524037284384427e-07,0.00012502830784714194,0.8460389592299553,1.2701344779932976e-05,2.7743507698527044e-10,0.11367222048622176,0.00012594238301518067,0.007697049320409685,2.538864166788377e-06,0.03002767089668677,2.6250723595581798e-06,2.2004276829802768e-09,4.653856347279116e-06,0.0016378086163590536,1.523580414082291e-10
43,7.6016446000545195e-06,8.161033119220721e-13,1.5973347933727562e-05,7.198202838188456e-05,6.8935671035490715e-06,2.0713991739576464e-05,0.00026220904788557155,6.590272313107263e-05,3.0995427695735677e-09,0.0002287052095037024,2.577263116705622e-07,0.00011570115209970187,0.8548481773428384,1.3334694341398501e-05,2.770849367613667e-10,0.1020335870108397,0.00012771466622934062,0.007592452458664235,2.4738378951283186e-06,0.03284814464456602,2.691171616425816e-06,1.9422835271040153e-09,5.216652866646837e-06,0.0017302615971251179,1.6459980517800605e-10
44,8.500825812290668e-06,9.078831393547059e-13,1.5526993452497018e-05,7.85702245862892e-05,7.395272776221403e-06,1.9725009393743936e-05,0.0002799458953704583,6.591242922802061e-05,3.120795514517616e-09,0.00020840340899993311,2.894734776110904e-07,0.00012352217180334034,0.8533966445524965,1.6676835431939734e-05,2.9373141548929995e-10,0.10219616534141159,0.0001270955365584554,0.008057996973999736,2.520885567002581e-06,0.033705549069192466,2.4817298350804645e-06,1.9814514660310205e-09,5.2220569872193674e-06,0.0016818497242384843,1.9249467097739904e-10
45,9.538430453045577e-06,1.0605038629693561e-12,1.719123712921439e-05,9.348152281503596e-05,9.122831098444897e-06,2.187060459556163e-05,0.00029230015896497964,6.10449605934398e-05,3.4487482708245974e-09,0.00022218301827585236,3.540931906684796e-07,0.00013350165309989218,0.8421804043123954,2.1237213163062864e-05,3.3113531972767094e-10,0.10483780792340563,0.00014559356582380183,0.009203401160099666,2.7023518218442604e-06,0.04101025268055862,2.9751558038214227e-06,2.1175288031837978e-09,6.583099069276755e-06,0.0017284478802280193,2.489418270705962e-10
46,8.785035197509649e-06,1.3274477869828438e-12,1.6439676726360817e-05,8.497573028332363e-05,1.0878095960894894e-05,2.4693113926708916e-05,0.00033078316508777214,7.321309843738486e-05,4.4341366653857835e-09,0.0002481918782920712,4.1270760820984066e-07,0.0001407657063184361,0.8345322805771267,2.7121228233746308e-05,5.176013073821596e-10,0.11006517754487943,0.00010654738488496928,0.010606842187542365,3.0596430533692963e-06,0.04187610259537414,2.6250958707590187e-06,2.075363822362982e-09,6.9097038295257105e-06,0.0018341885311423647,2.717948948496451e-10
47,8.484495262985493e-06,7.985763028428507e-13,1.5067098208374713e-05,7.380278593620561e-05,6.598028921010626e-06,1.7874444592616244e-05,0.00026486944277229695,6.365274828138827e-05,2.8109910729531874e-09,0.00019555501736407747,2.62934065064039e-07,0.00011698072942440038,0.8570789549161562,1.5051250506813876e-05,2.5667577554252443e-10,0.10229511729612317,0.00012481034303345003,0.007482020251030314,2.45120744214967e-06,0.030605085881602396,2.3173652293477972e-06,1.867043615432602e-09,4.683288604992402e-06,0.0016263553733277746,1.6660612365619315e-10
48,8.3417738399404e-06,8.461948036676251e-13,1.4939530368805625e-05,7.1646073893504e-05,6.8797429982038485e-06,1.8870958367358397e-05,0.00027144190219641966,6.49240906912099e-05,2.920091448886524e-09,0.00020458841970766916,2.58373491286884e-07,0.00011518210582914153,0.8605378713812423,1.518278423140366e-05,2.678657376188653e-10,0.0979435250282477,0.00012724551403576985,0.007624514090732333,2.52643994923917e-06,0.03123459699039851,2.3336432691923135e-06,1.907146781722921e-09,4.846067384996863e-06,0.0017302798154596468,1.777153951151895e-10
49,7.852044843767975e-06,9.093981498837434e-13,1.620745239705307e-05,7.687946657047508e-05,7.335634147901871e-06,2.0831816629154335e-05,0.0002834379303925581,6.677314995620974e-05,3.1477094958267844e-09,0.00020952983271062462,2.7645288354210516e-07,0.00012862514361793167,0.8515117642078365,1.5335793272364034e-05,2.8839687582001624e-10,0.10395834628090242,0.00012811993129731587,0.0077792648950678394,2.474848874855602e-06,0.03408894397552024,2.607743398925667e-06,2.077455639849323e-09,5.147883776030944e-06,0.0016902398143380962,1.8709488456686837e-10
50,8.468645861355741e-06,9.646542558182953e-13,1.5827912854162882e-05,8.171860241994725e-05,7.605045997231013e-06,2.0783969614979677e-05,0.0002788818157550293,6.610233898997915e-05,3.23021226773002e-09,0.0002087050658735803,3.0081924412983244e-07,0.0001269587896209892,0.8485601062503109,1.7020243043918012e-05,3.091665605254726e-10,0.10548524115220875,0.00012937609951638797,0.008494417688439478,2.583919319929222e-06,0.03480666986493067,2.642681713675507e-06,2.0634704456720565e-09,5.501780533027464e-06,0.0016810815120724026,1.9786574211297152e-10
51,9.234991172776574e-06,1.4772736159500824e-12,1.5079057277847457e-05,0.00012170928552718379,7.299894068858017e-06,2.2191517535969458e-05,0.00025179066519410715,8.378653669271509e-05,3.820803907161053e-09,0.00021284531871835298,4.2030105632237115e-07,0.00013840964418791821,0.8415334214800355,1.8748834410972965e-05,4.291367716363431e-10,0.10859999382465044,0.00011874609187731477,0.010145258237617884,2.6273159276421426e-06,0.03726649513343524,2.5699595479891903e-06,2.627783472807511e-09,5.897486139906773e-06,0.0014434673118733725,2.338500631464134e-10
52,7.905730171300904e-06,8.13663405085661e-13,1.3444582124046241e-05,7.325271440996682e-05,6.650741254153731e-06,1.818397150742689e-05,0.00023230857229544557,6.342555355032928e-05,2.8281230647233667e-09,0.0002142703484281048,2.7831095371886476e-07,0.00010669654422910016,0.8638805234285793,1.5181068062281882e-05,2.777298905518648e-10,0.09278148610786043,0.00010638201426971764,0.007961863690443232,2.4296704620351637e-06,0.03295775994963642,2.0083185631479784e-06,1.667986184628635e-09,4.662064651986946e-06,0.0015512816822698928,1.6162528011721961e-10
53,8.572792838635598e-06,9.091854794688717e-13,1.5284913541496466e-05,7.491149332004718e-05,7.098617151741848e-06,1.888870966494173e-05,0.0002636746195009452,6.646406626979551e-05,3.039497267595115e-09,0.00020886106562489662,2.800956163328427e-07,0.00011653471825139448,0.8592076380906337,1.590783871727034e-05,2.8847306779841916e-10,0.09818434460409967,0.00012406492915812559,0.007777872575665765,2.591714037894931e-06,0.03221855789032267,2.3260140357939257e-06,1.9427249994656674e-09,4.922815474304323e-06,0.0016811969810268626,1.8344293919618688e-10
54,7.173541403405393e-06,6.024442599185654e-13,1.574447737463063e-05,6.448487145883362e-05,6.192103774606311e-06,1.5923835111702484e-05,0.00021554861969968502,5.731070003756191e-05,2.487936581030483e-09,0.0001982318143175191,2.467227391053782e-07,0.0001042796548485432,0.862017315369839,1.2231629903661775e-05,2.1418370255363212e-10,0.09528407663644514,0.00011937852862586787,0.006920008014324187,2.141591175831189e-06,0.03352226500854146,2.332929288988591e-06,1.4889954065773096e-09,4.424603005233779e-06,0.001430685026693292,1.2967375747753371e-10
55,1.0639863596724491e-05,1.5707748547926917e-12,2.1951834314559104e-05,9.756323246270615e-05,8.438469279783882e-06,2.3280794464257877e-05,0.0002461893170545522,6.48949995777782e-05,3.6295602714408764e-09,0.0002706618932165558,3.4654448790472145e-07,9.200648606978013e-05,0.8535632199494424,1.5506973367695205e-05,3.6291705072523987e-10,0.09763667988023815,0.00018380283725993925,0.00833215737071018,3.7915922517955945e-06,0.03733347152778381,3.524452573566781e-06,2.661326738325725e-09,7.1178205350757005e-06,0.0020847472601628744,2.457750714600118e-10
56,8.31737741580268e-06,8.659081346105894e-13,1.5039204702206247e-05,7.550840825782292e-05,7.096227649398598e-06,1.8983862034274188e-05,0.0002691182038309897,6.504761347172251e-05,2.9948470365820615e-09,0.0002052835806652757,2.7844452339416535e-07,0.00011940242219758923,0.8573042811037013,1.602162672218488e-05,2.809966846829928e-10,0.0993988052436682,0.00012331953024083362,0.007833928302690812,2.4701403975767517e-06,0.0328770113253011,2.352494600674795e-06,1.8948752605236156e-09,4.984639930790853e-06,0.0016527448933109361,1.8310239318716577e-10
57,1.9730512536868472e-05,3.2745630599539093e-12,1.0001221963509817e-05,0.00022807419769212115,7.84205126257327e-06,3.247532824702723e-05,0.0003511781559483887,9.695485623808215e-05,5.415776920404916e-09,0.00019391010627776246,6.309814317236486e-07,0.00013288677865735339,0.8068936652271097,3.675044472916865e-05,7.768614775218726e-10,0.13401612803900348,0.0001499348746081596,0.02481660789379385,4.353391136812808e-06,0.030967345058002176,2.8968439812099483e-06,4.155925240521233e-09,1.0821768205177032e-05,0.002027801487098372,4.302381916627053e-10
58,8.346370007417628e-06,8.830209809202017e-13,1.5070925044351882e-05,7.409738476287444e-05,7.083711141092254e-06,1.9395639812541374e-05,0.00027265010565885605,6.518426664025353e-05,2.997120317138021e-09,0.00020576235614239383,2.696889663238852e-07,0.00011949007043519691,0.8577042214270654,1.6003323631458986e-05,2.8257974325065784e-10,0.09930313681734458,0.00012515306042319919,0.007863054475771087,2.52433772083924e-06,0.03246731200060917,2.391612633528322e-06,1.9260287598368495e-09,5.045854982180825e-06,0.0017238011793676363,1.8522758649774635e-10
59,8.270813540577024e-06,8.694078496003784e-13,1.550247777325108e-05,7.377649973238116e-05,7.16024432027446e-06,1.9160062428754535e-05,0.0002718443148375334,6.475230474279673e-05,2.986770340003437e-09,0.0002068452817762197,2.725999729459029e-07,0.00011895300153829884,0.8575078785011986,1.5933653877878293e-05,2.810705210882177e-10,0.0989316944710897,0.0001258399667871816,0.007733965984948552,2.498474431870473e-06,0.03318187811815827,2.427022870890626e-06,1.89714166707339e-09,5.065488719360425e-06,0.0017062753665787733,1.8482404291413744e-10
60,8.500825812290668e-06,9.078831393547059e-13,1.5526993452497018e-05,7.85702245862892e-05,7.395272776221403e-06,1.9725009393743936e-05,0.0002799458953704583,6.591242922802061e-05,3.120795514517616e-09,0.00020840340899993311,2.894734776110904e-07,0.00012352217180334034,0.8533966445524965,1.6676835431939734e-05,2.9373141548929995e-10,0.10219616534141159,0.0001270955365584554,0.008057996973999736,2.520885567002581e-06,0.033705549069192466,2.4817298350804645e-06,1.9814514660310205e-09,5.2220569872193674e-06,0.0016818497242384843,1.9249467097739904e-10
61,8.485319682829144e-06,9.024814723316573e-13,1.5896187674325257e-05,7.532056220258943e-05,7.420604395552082e-06,1.9676273025305637e-05,0.0002817608558055242,6.54491461941697e-05,3.1090206532082637e-09,0.00020949568329290321,2.810908580765401e-07,0.00012256797872897075,0.85494776020315,1.649141003099695e-05,2.917283952413547e-10,0.10117367587985115,0.00012881819928137688,0.007851457105782448,2.558101818958562e-06,0.03333691070366977,2.5180687486225627e-06,1.97356985702351e-09,5.218087844494641e-06,0.0017282329702067113,1.9253412302151635e-10
62,8.500825812290668e-06,9.078831393547059e-13,1.5526993452497018e-05,7.85702245862892e-05,7.395272776221403e-06,1.9725009393743936e-05,0.0002799458953704583,6.591242922802061e-05,3.120795514517616e-09,0.00020840340899993311,2.894734776110904e-07,0.00012352217180334034,0.8533966445524965,1.6676835431939734e-05,2.9373141548929995e-10,0.10219616534141159,0.0001270955365584554,0.008057996973999736,2.520885567002581e-06,0.033705549069192466,2.4817298350804645e-06,1.9814514660310205e-09,5.2220569872193674e-06,0.0016818497242384843,1.9249467097739904e-10
63,8.667960980991968e-06,9.949133783720401e-13,1.56396905690344e-05,8.078031380361591e-05,7.601670558908732e-06,2.0514747329746556e-05,0.0002809609562381601,6.687909154100737e-05,3.2414599514467605e-09,0.00020885378225662281,2.9994211913762817e-07,0.00012512822734991424,0.8517907623935599,1.7226330474216017e-05,3.129859358451067e-10,0.10319356035597345,0.00012908848365985302,0.008386340143570072,2.6361959555523825e-06,0.033952378348379116,2.554215747355816e-06,2.0850964509590575e-09,5.40749309043946e-06,0.0017047138135355831,2.0277033487521487e-10
64,8.52466765066303e-06,9.43572933948846e-13,1.6710428442870287e-05,7.938230103915582e-05,7.730598178027777e-06,2.078951679642818e-05,0.00028591396257067236,6.467957842571909e-05,3.2015323530951015e-09,0.00021065090473617614,2.9420566689674525e-07,0.0001280986926424406,0.8479748004264545,1.7011303646536927e-05,3.0322949818174296e-10,0.1063437716364375,0.0001353324984701302,0.008202329603877017,2.6082618308629477e-06,0.03476140098339894,2.7979953953243036e-06,2.0693169316412556e-09,5.579665893467588e-06,0.0017315869935713311,1.9985293120808975e-10
65,9.399442202231559e-06,4.2854332344612245e-13,1.4726087376373634e-05,5.26444691470301e-05,5.136312276030652e-06,9.164052342206979e-06,0.00023540386033518872,7.663588428852381e-05,2.594944599050396e-09,0.00021171585119395195,2.486099279175908e-07,9.746925371224915e-05,0.8919201626882464,1.027638470573006e-05,1.7059027286515438e-10,0.08221051099590335,8.960074038023752e-05,0.0037836780209117515,1.9487155219950684e-06,0.020170316390780024,1.0822352722838977e-06,1.4044574818399748e-09,2.1095949283163307e-06,0.0010977661456527195,9.447457473386751e-11
66,1.3812102628586398e-05,2.9109208477964966e-12,1.569585286291815e-05,0.0001540092642050253,8.440732303724908e-06,3.4836630490647473e-05,0.0003523016994615412,0.000110775426501655,5.6602327290854194e-09,0.00020035257476539093,5.06783063378064e-07,0.00020258443636019918,0.7967772873441137,3.284334696812235e-05,8.687056654335555e-10,0.14747956961065087,0.0001569439027905145,0.017825139805255755,4.0498307996375526e-06,0.034399745911464885,4.589082996958356e-06,4.362907624524818e-09,1.0334245968687824e-05,0.002216170121645782,3.999453025849873e-10
67,9.214420688089806e-06,5.686410346288478e-13,1.4524627762332855e-05,6.308652502362942e-05,5.726425939800246e-06,1.19835144626272e-05,0.0002568536893705239,8.17064361060599e-05,2.9216617901861904e-09,0.0002292845208102974,2.763340199245327e-07,0.00011399575771341597,0.8798464200987431,1.196831407721547e-05,2.3069858148402082e-10,0.09029447748480914,9.014756797527567e-05,0.004831757913908152,2.0467318955797847e-06,0.02289980356930669,1.385231367251609e-06,1.6833017541183543e-09,2.7209605500386773e-06,0.0012326149230823887,1.1615759102825553e-10
68,1.2498929779300584e-05,6.729773817034781e-13,1.2246714797566708e-05,7.820628744264623e-05,5.41205197019588e-06,9.75937848492664e-06,0.00019405502374223086,4.8567129122703914e-05,2.1639091625534377e-09,0.00017756161144412468,2.8980969263268313e-07,6.344326064274238e-05,0.8733616408981105,1.6599562576143055e-05,1.852356888621641e-10,0.0964807857823867,0.00010639187491757626,0.0064175586987847335,3.04561216692036e-06,0.02169612474017356,1.1509377580682012e-06,1.3054798203239324e-09,3.3364481032277016e-06,0.0013113214649521556,1.2765365853618354e-10
69,8.126423991602161e-06,1.0192271403387844e-12,1.5991234128554116e-05,8.891319048286155e-05,7.75586625571057e-06,2.0524779796960086e-05,0.0002530169328738121,6.699813559450887e-05,3.301201275530148e-09,0.00020954858703338693,3.4428141240773355e-07,0.00012406128903826591,0.8490376750421739,1.680283851648832e-05,3.350231849785963e-10,0.09924992401584605,0.00012799259672106026,0.009121148032954957,2.428658847383027e-06,0.040124619767039765,2.781628785420021e-06,2.0039067386870587e-09,6.00152171829259e-06,0.0015153393299472057,2.0569132514491687e-10
70,1.1130596960312708e-05,1.1587917447980511e-12,1.5845477850035228e-05,7.146109376386713e-05,8.132019710028525e-06,1.9623369317354386e-05,0.0003046322440202865,7.334832177629835e-05,3.573025731524183e-09,0.00020606440892309002,2.9477945725079675e-07,0.00013074677329875982,0.8637267128294345,2.0320726449346097e-05,3.58435028033337e-10,0.09439632261242036,0.00015559595955103977,0.00870825257550802,3.080076470727232e-06,0.03010738770909275,2.7750296637866944e-06,2.3217590924639886e-09,5.823100285181621e-06,0.00203244378781428,2.5385403772592086e-10
71,1.1634424252032814e-05,2.9026991795806884e-12,2.404594343329801e-05,0.00015131519539715634,8.401224790634975e-06,2.9570859477252416e-05,0.00016179765749323237,7.544287948795996e-05,3.920688890406615e-09,0.0001694118016671697,6.310888196065052e-07,0.00017959998922004205,0.7667979561581125,2.912130482100565e-05,8.51924740306364e-10,0.16583853218633451,0.00016586761655958753,0.02044528459479372,5.06010737555973e-06,0.044380455783938726,7.126427964760063e-06,3.743132330325471e-09,1.0293425377868481e-05,0.0015084425603745651,2.5165998095597026e-10
