,0,1,2,3,4,5,6,7,8,9,10,11,12,13,14,15,16,17,18,19,20,21,22,23,24
0,2.1768123429995014e-05,6.002366887631872e-13,0.0001315943669248771,1.1722830330545464e-05,8.819197474094522e-06,2.1474082625517195e-05,0.0027038818656610454,0.00040057299376175884,1.6350826746354038e-08,0.00043020085561746376,8.497793070077045e-08,0.0006609521562367752,0.8499025845261358,7.855951794423648e-06,5.975434582434049e-10,0.12341158169235457,0.00047572150044407097,0.0010160269703504716,4.367073936249957e-06,0.010295072983017102,1.6045157028481038e-05,9.266368076937688e-09,6.654263506875931e-06,0.010472991901078779,3.150217401168049e-10
1,2.1560582620695192e-05,5.909315406359895e-13,0.00013932540733586953,1.1219382597965274e-05,8.88835152211751e-06,2.159653150231813e-05,0.0026627627883100487,0.0003979856169564297,1.7011741541110558e-08,0.000459016531074886,8.355955564268768e-08,0.0006499828932045482,0.8471032905888427,7.397719042505134e-06,5.935981526665058e-10,0.12652259961919665,0.0004715299824074862,0.0009515807113677965,4.629157959956573e-06,0.010026086080894099,1.5856045560734234e-05,9.441705955634926e-09,6.459643869888798e-06,0.0105181214580151,3.0052582725745014e-10
2,2.2092438330837672e-05,6.492186620201203e-13,0.00013864341976775908,1.1535720956598595e-05,9.44837619423649e-06,2.143713982239026e-05,0.002673776479410714,0.00041980640534259705,1.72080308628013e-08,0.00044808949069920294,9.102371459138827e-08,0.000674938652011681,0.8551766052663395,8.326289931773149e-06,6.585127748504945e-10,0.11738925740355238,0.0004847952162837755,0.0010194872049580491,4.430493656655239e-06,0.01093508294094093,1.6666627710221305e-05,9.362896901824889e-09,6.846643858610379e-06,0.010538615192191151,3.442366019464747e-10
3,2.2359060720384962e-05,6.443071388697246e-13,0.00013604659210111552,1.1865480356825155e-05,9.255400377243397e-06,2.2505744745403065e-05,0.002841108016523464,0.0004056780467581529,1.682211561132823e-08,0.00043327399906887843,8.655475918409133e-08,0.0006949698093579649,0.8469973145375607,8.323173114622062e-06,6.289779775247334e-10,0.125615647224865,0.0004943071346337203,0.0010399857127062866,4.56229227582163e-06,0.010338512969042432,1.689862696269815e-05,9.892728762349762e-09,6.823286537914851e-06,0.010900448655486353,3.375792010530232e-10
4,2.4786332665987086e-05,1.0135366262922793e-12,0.00019277518960531803,1.73035599914632e-05,1.2669425756959104e-05,3.523113762474001e-05,0.00404746774486116,0.0005490245694034077,2.744402034922682e-08,0.0005334741051803654,1.26769111148866e-07,0.0011405381780272186,0.7962723679676119,1.0465695498764663e-05,1.0696135440308427e-09,0.17010397168799377,0.0006424782714141167,0.0013044067554947405,5.158482998746512e-06,0.013068110516722286,3.102939764734848e-05,1.7135256662163245e-08,1.0230962925040643e-05,0.011998337082752773,5.168086266700673e-10
5,2.1863030638700724e-05,6.721862617024278e-13,0.00012842844459589383,1.2566637673928714e-05,8.943626312459066e-06,2.289900051026048e-05,0.0026678804805203606,0.00039959823806484147,1.6253926054793692e-08,0.00041859971917047195,8.882854240538084e-08,0.0006686543490286382,0.8458544893471021,8.348975602005832e-06,6.378716991891869e-10,0.1271410796218304,0.0004777208928562587,0.0011275840387801846,4.563269944650168e-06,0.010473414172226707,1.65830525207987e-05,9.754181577772776e-09,6.883321546796192e-06,0.01053978397695243,3.289285065619993e-10
6,2.2359060720384962e-05,6.443071388697246e-13,0.00013604659210111552,1.1865480356825155e-05,9.255400377243397e-06,2.2505744745403065e-05,0.002841108016523464,0.0004056780467581529,1.682211561132823e-08,0.00043327399906887843,8.655475918409133e-08,0.0006949698093579649,0.8469973145375607,8.323173114622062e-06,6.289779775247334e-10,0.125615647224865,0.0004943071346337203,0.0010399857127062866,4.56229227582163e-06,0.010338512969042432,1.689862696269815e-05,9.892728762349762e-09,6.823286537914851e-06,0.010900448655486353,3.375792010530232e-10
7,1.773191768954865e-05,1.401387122650209e-12,0.0001468877303656776,2.0941015046288964e-05,1.2179716131451384e-05,7.02457186376047e-05,0.004043049343766221,0.0004842326069655224,3.038504638499817e-08,0.0003803823958033559,1.1374239604278162e-07,0.0015352336502790138,0.6930771606696553,1.2688067882911751e-05,1.4761372102327157e-09,0.2687703837250483,0.0006474885196242328,0.0027746562173816386,5.471677678600957e-06,0.01405459793066481,5.7849704804371855e-05,2.0273286893706882e-08,1.8244347519855378e-05,0.013870408622679726,5.441077665935985e-10
8,1.565149705149871e-05,6.375346396929669e-13,9.865874967997007e-05,1.1831034887434535e-05,8.817344875304838e-06,3.212598238501197e-05,0.002746661804460714,0.00038141408367804697,1.545987867294698e-08,0.00031853285111425596,8.329511082581972e-08,0.0007348188756979854,0.807316810326534,7.1614128951414406e-06,6.575499298708359e-10,0.16635161685155375,0.0004466387389200908,0.001743917942341361,4.554033937542907e-06,0.010618384618860588,1.8793129376917814e-05,1.0048134993681584e-08,6.765571164891169e-06,0.00913673543643597,2.5283765215813263e-10
9,1.5618060590838613e-05,5.318581535369587e-13,0.0001033756711794208,1.0572301304489168e-05,9.005721353178466e-06,2.9835047435296778e-05,0.002924889361142582,0.00031313304084588825,1.3675755318945622e-08,0.0003016407093842923,7.059475977815509e-08,0.0007252011832186271,0.8082259814792363,6.826709629051348e-06,5.079814041775932e-10,0.16629851868200476,0.00045486976698144775,0.0014560293132276371,4.4899911118741344e-06,0.009685881706432198,1.8095622355236382e-05,9.631076803861618e-09,6.110365763465705e-06,0.009409830625853334,2.308451107244323e-10
10,2.2359060720384962e-05,6.443071388697246e-13,0.00013604659210111552,1.1865480356825155e-05,9.255400377243397e-06,2.2505744745403065e-05,0.002841108016523464,0.0004056780467581529,1.682211561132823e-08,0.00043327399906887843,8.655475918409133e-08,0.0006949698093579649,0.8469973145375607,8.323173114622062e-06,6.289779775247334e-10,0.125615647224865,0.0004943071346337203,0.0010399857127062866,4.56229227582163e-06,0.010338512969042432,1.689862696269815e-05,9.892728762349762e-09,6.823286537914851e-06,0.010900448655486353,3.375792010530232e-10
11,1.2667435321209069e-05,1.3674344272680053e-11,0.001096071693997885,0.00013654084135590074,0.00020708576612211453,0.0006658074020318532,0.05504543993308902,0.0001458837789791165,1.4290640731992335e-07,0.00020758847577133287,9.427830668358763e-07,0.017245500977445052,0.03904375010494861,0.0002793811649366027,2.5093137862019212e-08,0.8090107915226687,0.0021169819068758986,0.005798021823020876,2.516937633307877e-06,0.04675738017962526,0.00905379043964831,1.646524010042026e-07,0.00047055362111260364,0.012702951708766088,1.8837962763294513e-08
12,3.304052713730885e-05,5.459713846809134e-13,0.00015458132556956457,7.329884630896703e-06,3.4870768193437136e-06,9.87527958591702e-06,0.0016563043998423887,0.0009180581411626673,1.6207698198482195e-08,0.0005105672539966656,6.831078374704164e-08,0.00051606195713777,0.8984209014654693,2.8280373327425135e-06,5.799087277966562e-10,0.08484900090800448,0.00042598392038981114,0.0003939231370716193,5.883569188114414e-06,0.004043803406121119,7.719342831564219e-06,1.3014241907297077e-08,2.2705814299055356e-06,0.008038281506618054,1.664822018847745e-10
13,2.3573099241599608e-05,5.607549180228967e-13,0.00014485855661321615,1.2115001473604575e-05,8.034056492804647e-06,1.6129367450507587e-05,0.0022603139299245075,0.0004579043197932126,1.5217827957935724e-08,0.00039855344774923824,1.0335347560242082e-07,0.0007441382054544171,0.8589635610526555,9.143241466244434e-06,6.813233638296983e-10,0.11630069205189063,0.0004305280854257823,0.0009301759663234824,3.6769336099276317e-06,0.010652451662839473,1.6718087258303195e-05,8.00450712206855e-09,6.223208879011644e-06,0.008621082165448253,3.023154457250078e-10
14,4.6577670347939164e-05,7.457812026597054e-13,0.0002068507412635354,1.162778602650995e-05,9.43274200590419e-06,2.715816185925553e-05,0.006343756546405,0.000955899262218014,3.7758759793611334e-08,0.0006549476535399074,7.811917134853534e-08,0.0016775257492425866,0.8120622209369286,1.1993741181948226e-05,1.1314484604546038e-09,0.14576228984979106,0.0009311775014727506,0.0007691271424653878,4.9731973206819205e-06,0.007775362374129636,3.540831016849808e-05,1.9513883478396904e-08,1.1624340124712927e-05,0.02270190899782757,7.716716116511469e-10
15,2.2359060720384962e-05,6.443071388697246e-13,0.00013604659210111552,1.1865480356825155e-05,9.255400377243397e-06,2.2505744745403065e-05,0.002841108016523464,0.0004056780467581529,1.682211561132823e-08,0.00043327399906887843,8.655475918409133e-08,0.0006949698093579649,0.8469973145375607,8.323173114622062e-06,6.289779775247334e-10,0.125615647224865,0.0004943071346337203,0.0010399857127062866,4.56229227582163e-06,0.010338512969042432,1.689862696269815e-05,9.892728762349762e-09,6.823286537914851e-06,0.010900448655486353,3.375792010530232e-10
16,3.9445691837907004e-05,1.6321784212451935e-12,0.00018071574124815354,1.0123940720465807e-05,1.4125190999595869e-05,3.137434877494136e-05,0.005000184351277339,0.0008162537599778145,6.52793667635103e-08,0.0012655796931712988,8.787740544963317e-08,0.0006307240248817703,0.8888942325036134,6.103357737303099e-06,9.62763522903979e-10,0.0719380913368284,0.000965910104263011,0.0005202126509105206,8.704408820793026e-06,0.008829637814057356,1.1219609300532038e-05,2.5526103715463587e-08,8.720385335212997e-06,0.020828460201150804,1.2378214726963928e-09
17,2.1287406383107244e-05,6.542063259324461e-13,0.00013829893216321494,1.1288122372039218e-05,9.178853598866896e-06,2.4294018028855798e-05,0.002664072827341096,0.0004020403478937019,1.7378405606236792e-08,0.0004642992360880225,8.53575177175779e-08,0.0006498522479152575,0.8448721593290405,7.658889957938532e-06,6.581433661227115e-10,0.12745519487041979,0.0004937760904449119,0.0010812053751727887,4.950250621679063e-06,0.010512934630463691,1.76102867258173e-05,9.798174665984636e-09,7.1217836941804465e-06,0.011162662989270301,3.195087858209226e-10
18,1.1628284548170246e-05,2.8291282806133816e-13,0.0001396237193008726,1.000291747774413e-05,5.370436459732102e-06,2.134215186982778e-05,0.001781095736289576,0.0004351940723094193,1.3893438215664784e-08,0.0004362437457615936,7.653163073157007e-08,0.0007957562781705247,0.791545981576618,4.3372162268066565e-06,5.875105316996061e-10,0.1882326886711743,0.000204716831741574,0.0008622318465281651,3.0380953059409575e-06,0.009088001249835779,1.672368460165302e-05,6.363996156831688e-09,4.811934506694352e-06,0.00640111408411908,9.02961991262422e-11
19,2.2318653941641803e-05,5.729413286050626e-13,0.00013950301735883913,1.072144577588014e-05,9.322062398627052e-06,2.134412229854757e-05,0.0030447600755552783,0.00040967623574665244,1.717710631896175e-08,0.00047215242814719146,7.863720662200496e-08,0.0007103912232526387,0.8576833590285401,7.51035859968253e-06,5.53105001944622e-10,0.11528375468457211,0.0004939496613649979,0.0008468668184042612,4.425274179659224e-06,0.00976196702170633,1.4804947539842386e-05,1.0137137548994876e-08,5.983583532762533e-06,0.011057082515457185,3.364993135503315e-10
20,2.2467891827771212e-05,7.206747328074705e-13,0.00013855556229385468,1.2347065820493946e-05,9.1168259241334e-06,2.3464182633622287e-05,0.002787031162654772,0.0004412325501780288,1.7621001814957937e-08,0.00043280620790185517,9.079337231644379e-08,0.0007366598612447062,0.8443797124986041,8.339250811828637e-06,7.004600198209758e-10,0.12831278858147308,0.0004970816640774046,0.001087256342733791,4.7179140516796605e-06,0.01028669879334239,1.778912564361316e-05,1.0837682175213421e-08,6.893230553966514e-06,0.010794920987592434,3.473994524225699e-10
21,2.229262651922077e-05,6.530037553730324e-13,0.0001378920424779692,1.1361808274783326e-05,9.417607361716013e-06,2.291332617825639e-05,0.002913637839323907,0.0004106500700146109,1.726754826551748e-08,0.0004434567065959625,8.36645821513664e-08,0.0006881847645965114,0.8494377402995391,8.030189558660197e-06,6.260315179157344e-10,0.12279484671720307,0.0005128794808395617,0.0010143336903009929,4.694941821913626e-06,0.010240566926716913,1.6927266831350068e-05,1.0183554074540285e-08,6.8182630878359225e-06,0.011303243344362638,3.460259307859192e-10
22,2.2619343541788138e-05,6.331535554670525e-13,0.00013947225973336082,1.2184451935404258e-05,9.236557973235301e-06,2.20331607059539e-05,0.0027652405614827947,0.00039706700982745805,1.65621377975908e-08,0.0004289019469570848,8.885679108018216e-08,0.000692054750588747,0.8455932775431395,8.30031321949366e-06,6.17076637751544e-10,0.1272818305085536,0.0005050881591325416,0.0010484018339345807,4.533167046106145e-06,0.010468699850117417,1.7478668198769253e-05,9.849357879508276e-09,6.871515385658112e-06,0.010576592181387666,3.311424395739653e-10
23,2.2359060720384962e-05,6.443071388697246e-13,0.00013604659210111552,1.1865480356825155e-05,9.255400377243397e-06,2.2505744745403065e-05,0.002841108016523464,0.0004056780467581529,1.682211561132823e-08,0.00043327399906887843,8.655475918409133e-08,0.0006949698093579649,0.8469973145375607,8.323173114622062e-06,6.289779775247334e-10,0.125615647224865,0.0004943071346337203,0.0010399857127062866,4.56229227582163e-06,0.010338512969042432,1.689862696269815e-05,9.892728762349762e-09,6.823286537914851e-06,0.010900448655486353,3.375792010530232e-10
24,2.170936409565357e-05,6.301426266716571e-13,0.00013044120537385341,1.2465205214030117e-05,9.1580734275692e-06,2.1638263000577627e-05,0.002675221292852012,0.00038773348973329886,1.5786000689128724e-08,0.00042084716023919845,8.927168631935342e-08,0.0006767489189273243,0.8494005154211602,8.45314270765647e-06,5.99742720016496e-10,0.12395140730484201,0.0004674858874989284,0.0010524066294144744,4.3452486268691756e-06,0.010600822240900774,1.5770418855326057e-05,9.403309022908298e-09,6.5114773674408705e-06,0.010136203869242882,3.2515074161195984e-10
25,2.248385417635738e-05,6.977803432731826e-13,0.00013990944752484646,1.202163969224977e-05,9.74825271485585e-06,2.544496319662474e-05,0.002993566284756537,0.00039812166239970896,1.796190611241692e-08,0.00045222481282445785,8.56344271065194e-08,0.0007055427433381636,0.8388420636606138,8.477501345521569e-06,6.609485394716548e-10,0.13244408726483248,0.0005233367709398012,0.001098959239305268,4.978267917549489e-06,0.010466176781207983,1.8430479801054777e-05,1.0648048100957734e-08,7.4820015168585065e-06,0.011826829106524023,3.5934423260387027e-10
26,2.330245217550709e-05,6.771758678527579e-13,0.000130910623966397,1.1434112637622571e-05,9.227894924192398e-06,2.378354961297868e-05,0.002829350165011528,0.0004041456490005302,1.870065653890757e-08,0.00047090000731587496,8.279378076204178e-08,0.0006032937227935648,0.8513810856112878,7.552963363223919e-06,6.251633081031212e-10,0.12041311466802522,0.0005438064460396436,0.0010714259701926415,5.001840724827434e-06,0.010150931543293428,1.6647413545136505e-05,1.0063762549121506e-08,7.5715677436109895e-06,0.011896401257428085,3.5687781894069454e-10
27,2.2490860459292224e-05,6.682716535394967e-13,0.00013514792707006144,1.2032424763574433e-05,9.267175222486444e-06,2.290549347569519e-05,0.0028609548372579216,0.00041610881505975926,1.7328518476395398e-08,0.0004372524682597306,8.77860651678659e-08,0.0007006493983264553,0.846544799144297,8.32813322150097e-06,6.467868715858279e-10,0.126040328619947,0.0004961536990490704,0.0010516906464194953,4.628184410276266e-06,0.010300516277627715,1.6786647848570534e-05,1.0184807903666829e-08,6.860461670664647e-06,0.010912982492936008,3.45831021374061e-10
28,2.2359060720384962e-05,6.443071388697246e-13,0.00013604659210111552,1.1865480356825155e-05,9.255400377243397e-06,2.2505744745403065e-05,0.002841108016523464,0.0004056780467581529,1.682211561132823e-08,0.00043327399906887843,8.655475918409133e-08,0.0006949698093579649,0.8469973145375607,8.323173114622062e-06,6.289779775247334e-10,0.125615647224865,0.0004943071346337203,0.0010399857127062866,4.56229227582163e-06,0.010338512969042432,1.689862696269815e-05,9.892728762349762e-09,6.823286537914851e-06,0.010900448655486353,3.375792010530232e-10
29,2.2359060720384962e-05,6.443071388697246e-13,0.00013604659210111552,1.1865480356825155e-05,9.255400377243397e-06,2.2505744745403065e-05,0.002841108016523464,0.0004056780467581529,1.682211561132823e-08,0.00043327399906887843,8.655475918409133e-08,0.0006949698093579649,0.8469973145375607,8.323173114622062e-06,6.289779775247334e-10,0.125615647224865,0.0004943071346337203,0.0010399857127062866,4.56229227582163e-06,0.010338512969042432,1.689862696269815e-05,9.892728762349762e-09,6.823286537914851e-06,0.010900448655486353,3.375792010530232e-10
30,2.2359060720384962e-05,6.443071388697246e-13,0.00013604659210111552,1.1865480356825155e-05,9.255400377243397e-06,2.2505744745403065e-05,0.002841108016523464,0.0004056780467581529,1.682211561132823e-08,0.00043327399906887843,8.655475918409133e-08,0.0006949698093579649,0.8469973145375607,8.323173114622062e-06,6.289779775247334e-10,0.125615647224865,0.0004943071346337203,0.0010399857127062866,4.56229227582163e-06,0.010338512969042432,1.689862696269815e-05,9.892728762349762e-09,6.823286537914851e-06,0.010900448655486353,3.375792010530232e-10
31,2.220879461162227e-05,6.011958294317866e-13,0.00013404688348502344,1.092884633099383e-05,8.425551254668687e-06,1.9763408658726762e-05,0.0025806202784216734,0.00041574578433671886,1.5566392721351646e-08,0.0004124814436190794,8.271593317458841e-08,0.0006509730084515736,0.8563452523621499,7.673534618526274e-06,5.977472559546543e-10,0.11776890325964544,0.00047070305246484843,0.0009656525975380783,4.410026823191529e-06,0.009777845378276487,1.554873241303744e-05,9.155396995810149e-09,6.137370672789752e-06,0.010382571347167512,3.0298893422269974e-10
32,2.225800956659411e-05,6.605211507792226e-13,0.0001348234467609543,1.1678556917323666e-05,9.204728509659287e-06,2.2532137610521865e-05,0.002770262308551055,0.0004008752621336642,1.667641143020694e-08,0.0004315481077819991,8.607693906018013e-08,0.0006752367740973533,0.8483586850152388,8.245050051067191e-06,6.301813062797446e-10,0.12451279105963207,0.0004916123716172756,0.0010468163651325578,4.709929663555135e-06,0.010185805388759116,1.6508413423541832e-05,9.907704945170916e-09,6.71430437505864e-06,0.010889579143263795,3.350167360857698e-10
33,2.0917813218173167e-05,5.281819987804745e-13,0.00011147159505374584,1.029025889798e-05,7.678114748015782e-06,1.9936496695821226e-05,0.0025091480627971855,0.0003493778317586705,1.3005690633655802e-08,0.0003736393891378187,6.763108867587024e-08,0.0005840273488152553,0.8553226392965825,7.14201681964336e-06,4.726395087922049e-10,0.11979215164966231,0.00045774195121580557,0.0009976271382784983,4.492665382431044e-06,0.00873101554171221,1.3302348645807046e-05,8.511790402327726e-09,5.5283374021616164e-06,0.010681782256505505,2.6493288438652094e-10
34,2.669436285579159e-05,4.800642140932183e-13,0.00013420831575088315,9.580697256556452e-06,8.017480592552668e-06,1.3804836662063022e-05,0.0022293082803144155,0.0003582474873565607,1.3011363831475643e-08,0.0003915365165470725,8.32913964973031e-08,0.00050062140809067,0.8741190541520452,7.861556014612092e-06,4.827591733640424e-10,0.10251381586791569,0.0004588081945534483,0.0008053199545856133,4.289927465251153e-06,0.008904339833651787,1.2560165302073463e-05,6.826844392819298e-09,5.2205979819998316e-06,0.009496606487512358,2.647013014010069e-10
35,2.4245227723161148e-05,6.720702567743626e-13,0.00012725068890389547,1.153191656164084e-05,8.462788961251663e-06,2.0883983690703166e-05,0.0027637033551584506,0.0004692726085272075,1.878333570666277e-08,0.00044599418141971845,8.670841339872173e-08,0.0006517111478545815,0.854551908618692,7.19193054557024e-06,6.355376295536792e-10,0.11991950346165904,0.0004959865546740172,0.0009758242388435465,4.72147503101803e-06,0.009097764621208251,1.430930459509806e-05,1.0650842205087523e-08,6.131630786570471e-06,0.010403485155024051,3.313390399013624e-10
36,2.1493448716530376e-05,8.266085086661207e-13,0.00019140846997032978,1.2625022948639244e-05,1.1982862459368125e-05,2.7692838155779128e-05,0.0023965010463874044,0.00033093463345091543,2.045275112145549e-08,0.0006122535935570683,1.0271254381578847e-07,0.0005007557643801357,0.8424548697191852,7.637933841260926e-06,7.377555971964632e-10,0.12547838870410277,0.0005324310978095225,0.0010652513054961094,5.8927336457000874e-06,0.01393678227781844,2.273075978564913e-05,9.505938367573952e-09,1.0028769404703785e-05,0.012380205256240782,3.5282812635304444e-10
37,1.92468127647782e-05,8.341140326405978e-13,0.00015369274974889587,1.2060587517783867e-05,9.824451115934907e-06,2.882075987348289e-05,0.0031202142837964703,0.0006834044690756764,3.1423429143342854e-08,0.0006301792329405856,1.0273716602014936e-07,0.0008450911365470221,0.8506425769297074,5.638813853559642e-06,9.044122729229771e-10,0.12109542412042593,0.0005061343478789248,0.0009272147910597342,4.694388363201281e-06,0.0112644956452965,1.6787952548338503e-05,1.47592015058897e-08,7.093952809260121e-06,0.010027254356627041,3.930064074940754e-10
38,4.5375103346464794e-05,5.333654560232931e-13,0.00022455651126522918,1.2842646826614844e-05,1.2549106200530818e-05,2.8667572371227224e-06,0.0013320172065129114,0.0007350594736159517,2.2385458434059197e-08,0.0009744182692624622,1.8729919341966742e-07,0.0003944754938585596,0.9530037610775729,8.797471732664967e-06,3.6169575944017433e-10,0.016695573607523356,0.0006194178924933268,0.00014218959610247928,1.5032551805228818e-06,0.02065302360756326,3.7565875213802277e-06,5.035154991055513e-09,3.105373091307671e-06,0.005134494798547305,1.0825095471664867e-09
39,8.013986589069152e-05,5.119289713385551e-13,6.645911885525249e-05,1.9188496914741373e-05,1.5208880773621416e-05,5.548064816536973e-06,0.004412111615822285,0.0002488096967104845,1.3751784730912964e-08,0.000689295178746374,2.22813363158883e-07,0.00021618098652392834,0.9397588537808964,2.941542407351447e-05,3.465832749449571e-10,0.036491546488437644,0.00038450462320928277,0.0005308105785942607,3.368875290958535e-06,0.009679483470835996,1.6871564408557562e-06,3.967002859446678e-09,3.592558398704282e-06,0.007363553197781191,1.0617416253935002e-09
40,2.1599674800108584e-05,6.459536019188329e-13,0.00012586588167220127,1.2216136678782568e-05,8.477312115905604e-06,2.433365685181796e-05,0.002790832647207851,0.00042829726728318485,1.7914387361376785e-08,0.0004481919093418858,8.361132757250489e-08,0.0006732640792700056,0.8422025070936797,7.325624787365459e-06,6.383998461642772e-10,0.13069189118418492,0.0004889424137359612,0.0010944238237181308,4.639969072922388e-06,0.010025758338399944,1.6579566603270346e-05,1.0297283988167599e-08,7.059117773019565e-06,0.010927681519215348,3.215628783118581e-10
41,3.217143521306947e-05,6.175855783085345e-13,0.00020376962436760026,9.83704492140278e-06,1.2118404532984408e-05,2.480900618354267e-05,0.005533666628192744,0.00039333905961888446,1.679188471268951e-08,0.00045173984762045174,7.000798814533977e-08,0.0010135012436837286,0.8424131140687732,1.2288460277050155e-05,6.486203188428185e-10,0.11758874217129557,0.0008845809243461117,0.0008699243963347588,5.001078030732391e-06,0.010707667400508892,3.161049237164345e-05,1.246331952144946e-08,9.805219180913543e-06,0.019802212966266622,6.158495724411684e-10
42,2.004784720458215e-05,7.432478579019337e-13,0.00014412925057186732,1.2485056747539254e-05,8.223113669727952e-06,2.5660661431317623e-05,0.002615109831146971,0.0004801843194390343,1.861186073284166e-08,0.0004262201429594978,8.447543439320103e-08,0.0007503618608609472,0.8278652493434476,6.440176551427068e-06,6.800186569858693e-10,0.14609127547374734,0.0005069906686245235,0.0010837384403131428,5.089520444649962e-06,0.00966789578708865,1.82709049281452e-05,1.2651733406230699e-08,6.3671109412750724e-06,0.01026614377760943,2.924817755275845e-10
43,2.0556771542248382e-05,6.161440601461815e-13,0.00014168178767248738,1.1148506074837585e-05,9.08945235128789e-06,2.4856697802215215e-05,0.0026516944522338554,0.0004107988950651051,1.7987808005783088e-08,0.0004997239039767297,8.130614665947138e-08,0.0006669683063213637,0.8462407100871742,6.7668922923623666e-06,6.357812256649888e-10,0.1259411689399936,0.0005116128873055924,0.0010306602824337442,4.770547600504051e-06,0.010527862485824423,1.88393430075366e-05,1.025404842588257e-08,7.2259372910227195e-06,0.011273753334094742,3.055417562223021e-10
44,2.2359060720384962e-05,6.443071388697246e-13,0.00013604659210111552,1.1865480356825155e-05,9.255400377243397e-06,2.2505744745403065e-05,0.002841108016523464,0.0004056780467581529,1.682211561132823e-08,0.00043327399906887843,8.655475918409133e-08,0.0006949698093579649,0.8469973145375607,8.323173114622062e-06,6.289779775247334e-10,0.125615647224865,0.0004943071346337203,0.0010399857127062866,4.56229227582163e-06,0.010338512969042432,1.689862696269815e-05,9.892728762349762e-09,6.823286537914851e-06,0.010900448655486353,3.375792010530232e-10
45,2.4306512971245766e-05,7.234009296003365e-13,0.00015796403528714985,1.4093982623801729e-05,1.1406391525570866e-05,2.4599488659846185e-05,0.00304786752743215,0.0003675712509338878,1.8269298324716726e-08,0.00046285274838173124,1.0244155697454591e-07,0.0007414734091426106,0.8397359405950553,1.0521554799183484e-05,6.715112195228495e-10,0.12955588165600576,0.0005736201704917792,0.0011273506770864265,4.602838292579516e-06,0.012632026079286065,2.1195816694201937e-05,1.0228823282330749e-08,8.733137704824202e-06,0.011477860082808685,4.3290411559665624e-10
46,1.9900043870640823e-05,9.846355070954739e-13,0.00015125312527692838,1.3607646746189085e-05,1.3213517278935711e-05,3.272495427970593e-05,0.0035842704683094083,0.000489429395682797,2.6162570553612783e-08,0.0005370312472276498,1.2342836234768188e-07,0.0008403257068907669,0.8136197625406869,1.3007297651758309e-05,1.2208836134430777e-09,0.15314434724883189,0.0004108494106661704,0.0014393229401173685,5.239562364592086e-06,0.013363709255808575,2.085783180536453e-05,1.0798125647723427e-08,1.0059163531976233e-05,0.012290926556804109,4.752415483471625e-10
47,2.2682670811347924e-05,5.501291638882947e-13,0.0001297321859334689,1.1062938508838032e-05,8.238207505586981e-06,1.9700826037230534e-05,0.0026534881889569654,0.0003819243762002666,1.4728039608477591e-08,0.0004028195070612685,7.824082159262437e-08,0.0006437084248129379,0.8511860620492936,7.51185609026309e-06,5.314213644171828e-10,0.12339913042961022,0.00047807759206932725,0.0009483432244088193,4.4066454944942195e-06,0.00929996637474621,1.5149145726759937e-05,9.075626105512156e-09,5.952285013451824e-06,0.010381940208603547,2.866565572501943e-10
48,2.2831261699986096e-05,5.893937947254888e-13,0.0001253111164512987,9.978601404188719e-06,8.30778041139129e-06,2.1144947510965934e-05,0.00270728675314887,0.00040018111972493574,1.5599951386984867e-08,0.0004364804340960941,7.175048881149487e-08,0.0006053660081139689,0.8586594501920212,7.051638197887401e-06,5.469525152077145e-10,0.11486295660533083,0.0005197904654522672,0.0009555766544748258,4.934228641579883e-06,0.008956351743761526,1.4658741843739705e-05,9.63167922893555e-09,6.010978422679227e-06,0.011676232890280792,3.093496623824707e-10
49,2.0734757978219864e-05,6.727115888727881e-13,0.00014356411300457276,1.1827201263525686e-05,9.415787512737596e-06,2.4172280984406103e-05,0.0028253638825134456,0.0004147196255669554,1.727303537732522e-08,0.0004386531949907699,8.56842280662419e-08,0.0007493618982154582,0.8449690596258561,7.813141209517144e-06,6.432356094539576e-10,0.12733886396031455,0.0004947120844078981,0.0010272271189865937,4.570029742544596e-06,0.010715373109597557,1.797398247788187e-05,1.071705218650622e-08,6.76790520535953e-06,0.010779711647615533,3.3433244963744573e-10
50,2.1859896991370383e-05,6.944911436212155e-13,0.00014027600042979793,1.2422553375889205e-05,9.480889896090613e-06,2.418721498320736e-05,0.0028215548535280165,0.00041171093504035875,1.752553728667732e-08,0.0004327215609114679,9.024088963817163e-08,0.0007291481922732716,0.8404820520646704,8.47243260092824e-06,6.749408990793297e-10,0.13163417466780522,0.0005025705590208402,0.0011087019164210986,4.664149869469357e-06,0.010746719041779958,1.852702324179588e-05,1.0446614565500269e-08,7.2600627906257906e-06,0.010883376749592897,3.4610010052451327e-10
51,2.3446582577874256e-05,1.1973107825821458e-12,0.00013924087336554975,1.9758475440733806e-05,8.951444418588438e-06,2.747452345905289e-05,0.0025009126026019034,0.0005598908594346139,2.154756365949154e-08,0.00045319408358932873,1.321697357198088e-07,0.0008389469098984381,0.832630710753209,9.238005182094298e-06,1.0081003098729235e-09,0.14025124684711177,0.00047226696622151127,0.001357012816950496,4.942239296844268e-06,0.011473774929057892,1.8682417584818258e-05,1.4922745187981048e-08,7.663433975641255e-06,0.009202475161371607,4.2590976177041347e-10
52,1.994694367747404e-05,5.672866574039201e-13,0.00011854699630415138,1.0789962375657772e-05,8.028511064553226e-06,2.0876745012072136e-05,0.00229165172845712,0.00039288776727238335,1.4805296439852739e-08,0.00044410156187813546,8.090396716940309e-08,0.0006044541790111579,0.8592248484982484,7.309817084486793e-06,5.867083644578659e-10,0.1155017235851863,0.0004051881091843587,0.0010112809981803552,4.38662481975209e-06,0.009971649640558172,1.3545999513779636e-05,8.286148258834761e-09,5.830164500637016e-06,0.009942847313476999,2.7150637607860786e-10
53,2.2727879479182644e-05,6.484776505470924e-13,0.0001336974560465432,1.1232300605969494e-05,8.787730503017539e-06,2.1430373761069644e-05,0.0026503432755772965,0.0004117728817652082,1.634230486471306e-08,0.0004379042490238993,8.329335714312722e-08,0.000650433753536521,0.8535142827240426,7.840094005410079e-06,6.135121208715173e-10,0.12001830590394795,0.0004852940871112705,0.0009910016300872127,4.76883754339534e-06,0.009734417045663522,1.5452756441846777e-05,9.799728091484931e-09,6.274794957790346e-06,0.01087392185433253,3.22017095381668e-10
54,1.8290923364300808e-05,4.079851949160367e-13,0.0001387065544887338,9.554786457665392e-06,7.955140256366823e-06,1.7961662096853136e-05,0.0021202539575446576,0.00033495633263264546,1.282758675356686e-08,0.00040122910029305047,7.404486346039869e-08,0.0005851249667031237,0.8589589049979207,6.183320464500632e-06,4.534483688656773e-10,0.11618401667698977,0.0004465597152359135,0.000917050503455775,3.7714334594325847e-06,0.010717857838325823,1.6501211613655906e-05,7.0032762752367266e-09,5.885005513103821e-06,0.009109141329464757,2.1413635454457492e-10
55,2.6740616579499752e-05,9.659331772416572e-13,0.00017553074618991012,1.3794551831312195e-05,1.0476064794502103e-05,2.5749501180322768e-05,0.0026478377798510797,0.00039905750490666316,1.9194579982081706e-08,0.0005198015010211835,1.0059855814178181e-07,0.0005609092386157844,0.8455594622059075,8.034688538406383e-06,7.477466062166036e-10,0.12430358200794642,0.0006608877771400575,0.0011077541336765287,6.38559838432178e-06,0.011178675819492667,2.211535179969357e-05,1.2407307712081104e-08,8.708818005130632e-06,0.012764362737289073,4.0769152933442815e-10
56,2.1873782146221906e-05,6.171272106033989e-13,0.00013105601398344738,1.145273868639186e-05,8.90294447174033e-06,2.1605590440010046e-05,0.0027162874750889603,0.00039931971277150716,1.616122613710234e-08,0.00042664240343805344,8.379200349806596e-08,0.0006681696080526063,0.8515452832655087,8.00632147317712e-06,6.019412152248103e-10,0.12177585358476925,0.0004765446655790555,0.0010143467377966057,4.476281786659697e-06,0.010108568479997655,1.5841355774042262e-05,9.443600140703662e-09,6.496601859503269e-06,0.010639162115894154,3.210939573559075e-10
57,5.275703861401237e-05,2.1053482496513118e-12,8.652988544438269e-05,3.171552734479213e-05,9.135805739841207e-06,3.736875548932708e-05,0.004826730820927874,0.0006279162812561292,3.0466897714122745e-08,0.0004017022699713397,1.7329504176726466e-07,0.0006012905621960567,0.7805907095984818,1.676651679077945e-05,1.5570657743474004e-09,0.18649561686416904,0.000668705350973731,0.0029723176931395314,7.78400964146518e-06,0.007955823569098162,1.927752650692252e-05,1.9331829064728967e-08,1.4293984805370804e-05,0.014583332505919491,7.805505615271804e-10
58,2.2172729514190356e-05,6.313093466434418e-13,0.0001324116295886555,1.1238027435981433e-05,8.976396289217245e-06,2.2155922452052132e-05,0.002768275036944505,0.0004003724281259851,1.6344195078950856e-08,0.0004345562474552068,8.123547807964955e-08,0.0006720474091970702,0.8517257745444152,8.03519400702874e-06,6.071437516436018e-10,0.12102037015102522,0.0004893624111994762,0.00101120159534651,4.599505366318575e-06,0.010033373954144753,1.6203070896220593e-05,9.66940021240449e-09,6.637422436751727e-06,0.011212128137112143,3.301990388427885e-10
59,2.176705527983582e-05,6.11519320698678e-13,0.00013586609907353917,1.111962305799431e-05,8.987748303001912e-06,2.1635724940874893e-05,0.0027252657725473357,0.00039457509207161626,1.593655135597045e-08,0.0004310547668509555,8.13781210771836e-08,0.0006696023704781783,0.852773747643916,7.959936440973867e-06,5.965157366265001e-10,0.12002843655441402,0.00048494686558314985,0.0009915542446859715,4.49717519789e-06,0.010246894949331238,1.642239353921426e-05,9.399009361395297e-09,6.5837787906225725e-06,0.011018974572781367,3.2190692145586684e-10
60,2.2359060720384962e-05,6.443071388697246e-13,0.00013604659210111552,1.1865480356825155e-05,9.255400377243397e-06,2.2505744745403065e-05,0.002841108016523464,0.0004056780467581529,1.682211561132823e-08,0.00043327399906887843,8.655475918409133e-08,0.0006949698093579649,0.8469973145375607,8.323173114622062e-06,6.289779775247334e-10,0.125615647224865,0.0004943071346337203,0.0010399857127062866,4.56229227582163e-06,0.010338512969042432,1.689862696269815e-05,9.892728762349762e-09,6.823286537914851e-06,0.010900448655486353,3.375792010530232e-10
61,2.231739248423135e-05,6.413207110229712e-13,0.00013942547758758847,1.1399911939375818e-05,9.314974918237581e-06,2.2416151646490812e-05,0.0028364580250662555,0.00040138737969846013,1.671420886277349e-08,0.0004370088119588569,8.428083544785833e-08,0.0006923478801410282,0.8488362508143282,8.243210775444093e-06,6.248872451025323e-10,0.12360736242548549,0.0004983215198050488,0.0010125103964366768,4.632442237753706e-06,0.010273065855254225,1.71107288283695e-05,9.872232794826416e-09,6.799637371791264e-06,0.011163515134077543,3.371531297722661e-10
62,2.2359060720384962e-05,6.443071388697246e-13,0.00013604659210111552,1.1865480356825155e-05,9.255400377243397e-06,2.2505744745403065e-05,0.002841108016523464,0.0004056780467581529,1.682211561132823e-08,0.00043327399906887843,8.655475918409133e-08,0.0006949698093579649,0.8469973145375607,8.323173114622062e-06,6.289779775247334e-10,0.125615647224865,0.0004943071346337203,0.0010399857127062866,4.56229227582163e-06,0.010338512969042432,1.689862696269815e-05,9.892728762349762e-09,6.823286537914851e-06,0.010900448655486353,3.375792010530232e-10
63,2.2724390432800326e-05,7.197048709907904e-13,0.00013715874362161341,1.229593594630561e-05,9.484985871902106e-06,2.3764052776586434e-05,0.002858345254800319,0.00041557443620038743,1.7679097588088047e-08,0.0004368163706135971,8.998967706603747e-08,0.0007042471462304197,0.8444031116089613,8.552159260809085e-06,6.771450829321141e-10,0.1278828531061345,0.000505998296480733,0.0010901999160064103,4.8254384530743145e-06,0.01038228845075718,1.7437923367712582e-05,1.0591765451171683e-08,7.085077501039398e-06,0.01107711740924815,3.589304686889031e-10
64,2.226897780998058e-05,6.74047387055138e-13,0.00014865554160907335,1.2066813484837771e-05,9.865516033032306e-06,2.380399713125529e-05,0.0028964011639269764,0.0003956384048117901,1.729137567868978e-08,0.00043415219752865607,8.927136684758537e-08,0.0007353387948569714,0.8407520702750129,8.678032795693724e-06,6.620937363265073e-10,0.13084729389624325,0.0005213214720734377,0.0010699215910149936,4.653961513343223e-06,0.010892081784741438,1.9777324717064835e-05,1.0275954760331603e-08,7.474880250014602e-06,0.0111984175221302,3.5085015638630694e-10
65,2.2329670551900826e-05,6.481345570212288e-13,0.00013621945597779193,1.1906498225750533e-05,9.288162302512418e-06,2.2656689106538062e-05,0.0028468670469436004,0.00040529550852526277,1.686742221310425e-08,0.0004335441144409346,8.669131127247138e-08,0.0006965875747071458,0.8466227301376045,8.354766274614926e-06,6.320343838970828e-10,0.12588553666111757,0.0004957629947763751,0.0010460820973242518,4.569196304232191e-06,0.010388327206560405,1.7031526009748393e-05,9.920637360281363e-09,6.881196439852072e-06,0.010939915045148666,3.3960515754856245e-10
66,3.243849040424344e-05,2.690965305998017e-12,0.0001507681446813166,2.6746300159181433e-05,9.813318581418593e-06,5.524738100701865e-05,0.0038570906924483665,0.0008792746366614799,3.784630916630506e-08,0.00046964423944286724,1.6210281522265592e-07,0.001426097535838134,0.7406307034633424,1.5700389158991377e-05,2.5313763942267426e-09,0.22341810390607658,0.0006910336756648337,0.0025643885535352354,7.933328889463181e-06,0.010579129647383454,4.131542856990112e-05,2.9496664827555115e-08,1.5467586605082234e-05,0.015128870479844448,8.218488871955027e-10
67,2.769678681277799e-05,3.466946282909452e-13,0.00012360984661243156,8.992269179679653e-06,7.081508512264462e-06,1.0948997819944867e-05,0.002595859789965542,0.00047381618185963776,1.4715323023373143e-08,0.0004741981145771975,8.148034602764157e-08,0.0005558606954138114,0.8797715238171164,5.805895226240556e-06,4.1561032393308174e-10,0.10118716796703436,0.0003469675248602872,0.0005336407194735689,3.652776615519375e-06,0.006322272622649098,7.6156807881894795e-06,7.615816359273165e-09,3.035636887796045e-06,0.007540148750294976,1.9085802932777078e-10
68,3.793294627498615e-05,4.78679458568465e-13,0.00010654903455158192,1.2141087523441387e-05,7.080601894410313e-06,9.86522729925419e-06,0.0021139526146204297,0.0002738718062840468,1.2621389094969747e-08,0.0004144940847596569,8.878037679395141e-08,0.0002662546941706198,0.8675676739382013,8.031000670773729e-06,3.3100813079859213e-10,0.11342324474506546,0.0004630154135741254,0.0007139463004379866,6.10198214990305e-06,0.006006345657499714,5.942361033550599e-06,6.3560334747323875e-09,4.058334249301127e-06,0.008559389828030664,2.5242267169732907e-10
69,2.0642072480514368e-05,7.288119980648309e-13,0.00014554898922601803,1.3556041317997076e-05,9.654006719205075e-06,2.3947593229527404e-05,0.0025946603622887436,0.000424352950134629,1.7930643966992237e-08,0.0004350348927642539,1.0331452377028117e-07,0.0007211473929220104,0.8466400082556211,8.376793895037415e-06,7.37835967282486e-10,0.12476272376341019,0.0005015463885582925,0.001180267214389887,4.2407192228742045e-06,0.012568818919490691,2.044502967101991e-05,1.0024586990265295e-08,8.107611841524907e-06,0.009916788634204294,3.6029282147863317e-10
70,3.1488265395349144e-05,7.741669292719014e-13,0.0001352993123829851,1.0126772097212522e-05,9.880309823207974e-06,2.1386653437205798e-05,0.0032602127705974853,0.0004461360715216719,1.8587161720389393e-08,0.0004426144952057821,8.143506199611969e-08,0.0006757513706030316,0.8593335874624343,9.914275872079367e-06,7.023960708154376e-10,0.11134390365662429,0.0006537610794004656,0.0010373339413643008,5.691417490235674e-06,0.008441357569587814,1.771837088750099e-05,1.1293054356554772e-08,7.231035859670148e-06,0.014116492693893746,4.570733476040512e-10
71,2.0857039608633305e-05,2.327086872826402e-12,0.00026824170730860644,2.4829213442361444e-05,9.354025342530074e-06,4.149158388388004e-05,0.0014975662447037474,0.000525723931024418,2.0574984142825755e-08,0.00033344670196142545,1.9678861713452642e-07,0.0012690536304523845,0.7115764552611763,1.3526486692039008e-05,2.2427129936191454e-09,0.2582215090418776,0.0005908737403912733,0.0026845250598589053,7.801439338736285e-06,0.014043814943138035,7.499657397269011e-05,2.062847890370986e-08,1.3762651655587367e-05,0.008781930106878598,3.8017205481979425e-10
