,0,1,2,3,4,5,6,7,8,9,10,11,12,13,14,15,16,17,18,19,20,21,22,23,24
0,1.0657342851722882e-06,2.564516383268193e-15,1.9262659595839037e-05,7.67535082564424e-07,3.2375318556196147e-06,3.5718261963122826e-08,6.992191706626685e-07,1.3199822602610496e-05,2.0699687153464733e-10,4.644140092076823e-05,1.1643272401187553e-08,6.403271329655054e-08,0.9899589658982603,1.6412674621655124e-08,4.5463996608837725e-13,0.0020444073513505483,6.144458017392812e-07,2.1103690639424096e-05,4.4386665949566327e-07,0.007876037263114479,1.9339183251743665e-09,4.2017326292742426e-13,7.990088721562323e-09,1.3615641755257438e-05,1.0213790664923402e-13
1,8.650850462450651e-07,1.4796449546189173e-15,1.784359310752504e-05,7.422699157099724e-07,2.011062658662061e-06,2.5490633429050992e-08,4.0660271725899235e-07,1.1141042005657167e-05,1.5287304517193622e-10,4.330906687316765e-05,7.974652262503145e-09,3.694623261117481e-08,0.9915240653198255,8.05236467220388e-09,2.4534005313981425e-13,0.0020238633483992364,4.3708140197477075e-07,1.4504877186099799e-05,3.541501299801363e-07,0.006350122918443276,1.3983206151897411e-09,2.4737863880344366e-13,5.994306043603091e-09,1.0247572365369449e-05,4.7551872423414055e-14
2,9.218059738077775e-07,1.6914009903294075e-15,1.6963792163315182e-05,7.781494370076358e-07,2.210609712518711e-06,2.5061375017216883e-08,4.232626029080402e-07,1.1664232141593092e-05,1.5665803907971996e-10,4.4189251973985574e-05,9.559890737343443e-09,3.9790044804983004e-08,0.9905277726763935,1.0116481650302052e-08,2.9572223716018846e-13,0.001771034415547127,4.7445540565283406e-07,1.6695634625365214e-05,3.4122451528392486e-07,0.007595909615689019,1.4353300711313415e-09,2.584563707345983e-13,6.777358795353924e-09,1.052797606271162e-05,6.138510984907248e-14
3,8.761284873237684e-07,1.5906381356829045e-15,1.5996330561214232e-05,7.860604395189241e-07,2.0607712007096293e-06,2.6851494396377014e-08,4.4811214773301147e-07,1.1258333415729856e-05,1.4899712858118384e-10,4.1993449638529605e-05,8.741101026164809e-09,4.033167224887418e-08,0.9909263006570374,9.525036419718384e-09,2.716808552094021e-13,0.0019505394669000196,4.730543555808237e-07,1.7114816621521434e-05,3.4003367720830404e-07,0.00702099539105396,1.438176456286196e-09,2.653394131175744e-13,6.570667431914161e-09,1.0723786723710499e-05,5.6079878570545526e-14
4,8.52451183625233e-07,1.4888688047173508e-15,1.508080750405165e-05,7.331742752716555e-07,1.9216351428204435e-06,2.5277035007535132e-08,4.2374957161963403e-07,1.0793832250053732e-05,1.371076170409999e-10,4.0401520717843344e-05,8.174724668955457e-09,3.794406679685596e-08,0.9912968075853225,9.190140781810988e-09,2.5442645531245705e-13,0.0018575095955540325,4.6185072179071123e-07,1.6605352250151835e-05,3.322884522845937e-07,0.006747320047278446,1.3435314602081696e-09,2.470967561435415e-13,6.253097061689375e-09,1.0667789515966476e-05,5.29472084457582e-14
5,8.608615902378284e-07,1.6457152824174395e-15,1.4869435837913968e-05,8.555106734113255e-07,1.9561673880399637e-06,2.7587967638585396e-08,4.2796046724554826e-07,1.119721369110241e-05,1.4289420839747017e-10,4.180890173188739e-05,9.093653209395786e-09,3.9999276097293707e-08,0.9905789320220725,9.66923323113595e-09,2.7869231837934233e-13,0.0019638875142888356,4.7362177496287207e-07,1.9024265973216693e-05,3.3374121750528807e-07,0.007354656651513893,1.438420574620828e-09,2.710358332661219e-13,6.828550171216131e-09,1.0621371176958996e-05,5.593059730298367e-14
6,8.761284873237684e-07,1.5906381356829045e-15,1.5996330561214232e-05,7.860604395189241e-07,2.0607712007096293e-06,2.6851494396377014e-08,4.4811214773301147e-07,1.1258333415729856e-05,1.4899712858118384e-10,4.1993449638529605e-05,8.741101026164809e-09,4.033167224887418e-08,0.9909263006570374,9.525036419718384e-09,2.716808552094021e-13,0.0019505394669000196,4.730543555808237e-07,1.7114816621521434e-05,3.4003367720830404e-07,0.00702099539105396,1.438176456286196e-09,2.653394131175744e-13,6.570667431914161e-09,1.0723786723710499e-05,5.6079878570545526e-14
7,4.467954902174064e-07,6.736565046569017e-14,1.6989215024254762e-05,2.4349482373871183e-05,1.5032901963722497e-05,1.2255594374601131e-05,7.19927802408189e-06,3.194005513431919e-05,3.85092657497276e-09,5.22717735477595e-05,7.383800887354698e-08,3.839835032716856e-06,0.7752565879757565,2.3068579799949733e-07,2.7496686892182015e-11,0.122773527034575,2.922798803915247e-06,0.008608036408475109,8.677198653739656e-07,0.09311329163477067,6.752174437040919e-07,1.3707569591051153e-11,1.9873235571619733e-06,7.747053864906412e-05,1.1330210070339937e-12
8,9.768776425369733e-07,1.5635992913690323e-15,1.9208373305153435e-05,7.848028073921343e-07,1.9671427627564865e-06,2.246329685610809e-08,4.308474094965577e-07,1.2686218727041148e-05,1.6079909236043795e-10,5.2241005053629265e-05,9.358644498441152e-09,4.117965097851527e-08,0.9913978778453177,9.271734019478055e-09,2.812148044075594e-13,0.0016253132069078975,4.691836341436973e-07,1.1510321811227963e-05,3.1537521435397815e-07,0.006865602037728777,1.3476051058948656e-09,2.669163594588863e-13,6.147563740263304e-09,1.0526831770739213e-05,6.302636477636782e-14
9,9.797879870590664e-07,1.5894337372566904e-15,1.7100465718688988e-05,8.246741916241678e-07,1.9654509669162507e-06,2.275378115451736e-08,4.212180614686526e-07,1.2307562545914459e-05,1.5825176512349295e-10,5.187785069699334e-05,9.549158959578078e-09,3.7550522874710645e-08,0.9910495885944491,9.39501725904522e-09,2.8177791683723333e-13,0.0015781686407735059,4.650965194175859e-07,1.3233753936803291e-05,3.136151427084598e-07,0.007262007746461437,1.2774937366358058e-09,2.5649373145660556e-13,6.546562153037965e-09,1.0658311156810397e-05,6.353917255537667e-14
10,8.761284873237684e-07,1.5906381356829045e-15,1.5996330561214232e-05,7.860604395189241e-07,2.0607712007096293e-06,2.6851494396377014e-08,4.4811214773301147e-07,1.1258333415729856e-05,1.4899712858118384e-10,4.1993449638529605e-05,8.741101026164809e-09,4.033167224887418e-08,0.9909263006570374,9.525036419718384e-09,2.716808552094021e-13,0.0019505394669000196,4.730543555808237e-07,1.7114816621521434e-05,3.4003367720830404e-07,0.00702099539105396,1.438176456286196e-09,2.653394131175744e-13,6.570667431914161e-09,1.0723786723710499e-05,5.6079878570545526e-14
11,8.521492493569844e-07,1.4743297562778317e-15,1.519972407781904e-05,7.303254676098912e-07,1.894926746996029e-06,2.4925061388672714e-08,4.2172260388622406e-07,1.0946455730505325e-05,1.3768308711245413e-10,4.085560418610303e-05,8.105880755965498e-09,3.803642586427207e-08,0.9914109952569499,8.966646531982574e-09,2.517098032588903e-13,0.0018541980688428995,4.5762849900197407e-07,1.6191562807794592e-05,3.303567321786855e-07,0.006636237160347142,1.3222432464252577e-09,2.495286007598417e-13,6.099493971357581e-09,1.0601463769449907e-05,5.1907202788772845e-14
12,1.0779977285655267e-06,1.0641750293471265e-15,2.5340969261681155e-05,4.7220593401916786e-07,5.706013708742307e-07,7.835676179595593e-09,2.3643110292487552e-07,2.3633784773262365e-05,9.942349822172319e-11,4.089388275896351e-05,4.439301769736254e-09,2.2986645881189788e-08,0.9967956659656894,2.145673407932348e-09,1.473394602989685e-13,0.0013208057348916952,2.6800316417661056e-07,2.961361186062074e-06,3.112967658172014e-07,0.0017806786974113658,5.558618481221675e-10,2.6872392731327125e-13,1.2921370577130784e-09,7.043712807158816e-06,1.6936761328407384e-14
13,6.548997046526609e-07,1.6563787404901393e-15,1.3208306346943874e-05,6.038373119833746e-07,2.230137916750813e-06,4.585937367360561e-08,5.574410777800246e-07,8.793717802450305e-06,1.5201987319270665e-10,3.7942921869982807e-05,3.971715295935193e-09,3.0793966601188186e-08,0.9929452764836868,5.430645427215359e-09,1.6152295958484878e-13,0.0022073306196798616,4.7572125934998304e-07,1.6251375761803896e-05,4.3088018135998236e-07,0.004751134665986055,1.3203937481856107e-09,2.958127881273217e-13,5.7571956982213725e-09,1.5015705598374789e-05,4.633477561466252e-14
14,1.4256183508351243e-06,1.0038220709200954e-15,1.9423050314481545e-05,7.606810876817634e-07,1.9066388324586983e-06,2.6075581363793875e-08,1.041363069197212e-06,2.0022977480992072e-05,2.4397875965746784e-10,6.469658630211526e-05,8.41459143552277e-09,7.19675612937076e-08,0.9920192950285247,1.1184051172687715e-08,3.000824430416574e-13,0.002041334500386663,6.894345742777446e-07,1.0939769863265175e-05,2.392513088976549e-07,0.005801759143713772,1.943448796457165e-09,3.49269006040953e-13,8.065933457613793e-09,1.63380603092825e-05,8.494017081440063e-14
15,8.761284873237684e-07,1.5906381356829045e-15,1.5996330561214232e-05,7.860604395189241e-07,2.0607712007096293e-06,2.6851494396377014e-08,4.4811214773301147e-07,1.1258333415729856e-05,1.4899712858118384e-10,4.1993449638529605e-05,8.741101026164809e-09,4.033167224887418e-08,0.9909263006570374,9.525036419718384e-09,2.716808552094021e-13,0.0019505394669000196,4.730543555808237e-07,1.7114816621521434e-05,3.4003367720830404e-07,0.00702099539105396,1.438176456286196e-09,2.653394131175744e-13,6.570667431914161e-09,1.0723786723710499e-05,5.6079878570545526e-14
16,7.856466683798829e-07,1.369940481366042e-15,1.4682110031010222e-05,8.075697022723361e-07,1.9441090028156453e-06,2.7934013348362378e-08,4.5210917475962313e-07,1.0259957346293162e-05,1.240854690233855e-10,3.84195440777642e-05,9.500052050245917e-09,4.433673401230284e-08,0.9896348425768808,1.1052890793808776e-08,2.8592443093286094e-13,0.0022669607004201517,4.906123740976148e-07,2.245239941080843e-05,3.2030495127108023e-07,0.007996988331428215,1.677556909825953e-09,2.489226706354463e-13,7.159989920743802e-09,1.049224262258594e-05,5.007865425162248e-14
17,9.551653523752153e-07,1.526678296477053e-15,1.575714079174374e-05,8.681465495547824e-07,2.110491874411556e-06,2.4416027401604946e-08,5.355523254277453e-07,1.2252378436970951e-05,1.5310816270127073e-10,4.165413994690939e-05,1.0035907834556809e-08,4.908860192847764e-08,0.9906223013171167,1.1198731576101823e-08,2.7749277622020803e-13,0.001908952873980954,5.058273248641245e-07,1.5741468681059976e-05,2.8991069921198336e-07,0.007367791121566786,1.3711516454922158e-09,2.891538713629559e-13,6.381514186588603e-09,1.0181819675783975e-05,6.630579762882531e-14
18,1.01204775988438e-06,1.6355280047720929e-15,1.371101508039801e-05,7.342897719766969e-07,2.3122437186728318e-06,2.5768601119063652e-08,5.299389101287677e-07,1.0647942214830297e-05,1.5196285988293966e-10,4.385809512575774e-05,9.448685823004685e-09,4.056932664721469e-08,0.9905434794390555,1.215223653604411e-08,2.833894748814275e-13,0.0016024453099109984,5.946261695599049e-07,1.882697218594007e-05,3.380989182254778e-07,0.007749065063981959,1.3587999894139527e-09,2.7770040467698687e-13,7.426597874910147e-09,1.2348040344697837e-05,7.789548320848573e-14
19,8.635916074394513e-07,1.3777728554666572e-15,1.6825220862927206e-05,7.389776585813124e-07,1.9905635429026827e-06,2.5663817842345303e-08,5.009016788169933e-07,1.1841705021206362e-05,1.5392095495413068e-10,4.640187252804277e-05,7.742750961399007e-09,4.166665527438144e-08,0.9917559316498931,8.215993620542706e-09,2.3191736378955623e-13,0.0018246433531982713,4.6408422020380716e-07,1.2929868817381543e-05,3.0705379779794924e-07,0.00631565783538003,1.2864314531604176e-09,2.734958231146451e-13,5.64874859830258e-09,1.0812942912482208e-05,5.524230635117918e-14
20,8.999872861884278e-07,2.241202678589546e-15,1.745535844936574e-05,9.649923093137902e-07,1.968593545000229e-06,3.0073786607428e-08,4.488365736278998e-07,1.3969152958831983e-05,1.6359323992215895e-10,4.401157187872265e-05,1.0675024006968427e-08,5.001563407165996e-08,0.9903414148153596,1.0461099882996703e-08,3.793977260539542e-13,0.0021391543630351973,5.001239973741127e-07,2.0227987329978945e-05,3.6500655767123e-07,0.0074075521834811335,1.7427445927631798e-09,3.697010304783403e-13,7.13554612808517e-09,1.0956758994192494e-05,6.37603676752797e-14
21,9.302920331505629e-07,1.6243195751804342e-15,1.6177804598091703e-05,9.68924290301945e-07,2.0398945742676452e-06,2.592311079731438e-08,4.2347035006791565e-07,1.1381478733719005e-05,1.4674537063378032e-10,4.2176287291201595e-05,1.1283133764057378e-08,4.470011082410084e-08,0.9896873057711505,1.1566790896593597e-08,3.125218531983381e-13,0.002177264813443235,4.589806174899363e-07,1.9804205717275787e-05,3.2917004340857346e-07,0.008031084120819107,1.5239285545438202e-09,2.64923941440336e-13,7.125211317138831e-09,9.552516671209346e-06,5.656755792353341e-14
22,9.184419045627209e-07,1.647123691242718e-15,1.7496624493940822e-05,9.691101296943245e-07,2.139211716612886e-06,2.8027600435756447e-08,4.578424293805769e-07,1.1767102102963287e-05,1.557146277684655e-10,4.5361635719097916e-05,1.110802416735277e-08,4.4494319372819514e-08,0.9896782172020387,1.041200568599944e-08,3.0661877096982743e-13,0.002192637381725737,5.264196419704501e-07,1.9524069468963545e-05,3.35787966471696e-07,0.008019555500685482,1.7292434688007203e-09,2.9558682036502863e-13,7.325740383914581e-09,9.990416666282448e-06,5.808320548514302e-14
23,8.761284873237684e-07,1.5906381356829045e-15,1.5996330561214232e-05,7.860604395189241e-07,2.0607712007096293e-06,2.6851494396377014e-08,4.4811214773301147e-07,1.1258333415729856e-05,1.4899712858118384e-10,4.1993449638529605e-05,8.741101026164809e-09,4.033167224887418e-08,0.9909263006570374,9.525036419718384e-09,2.716808552094021e-13,0.0019505394669000196,4.730543555808237e-07,1.7114816621521434e-05,3.4003367720830404e-07,0.00702099539105396,1.438176456286196e-09,2.653394131175744e-13,6.570667431914161e-09,1.0723786723710499e-05,5.6079878570545526e-14
24,8.721314114367128e-07,1.5968314634001787e-15,1.4839940031958278e-05,9.238897271994774e-07,2.046122733495919e-06,2.563766734749112e-08,4.096071631114795e-07,1.0775578073996465e-05,1.3998530673184799e-10,4.282253034485657e-05,9.863198303617639e-09,4.04749955395826e-08,0.9903342987252288,1.00464112431357e-08,2.6542351040876554e-13,0.001887207612339328,4.4555078304787896e-07,1.7654266454990712e-05,3.1465074544582343e-07,0.007677810525468845,1.2910076811764813e-09,2.6134069522831243e-13,6.367607988056653e-09,9.48504803522935e-06,5.6711130741079705e-14
25,9.177032460658137e-07,1.2167664444122532e-15,1.472019466074797e-05,8.155806827160036e-07,1.784186601282289e-06,1.8408905212070143e-08,4.4600770415743287e-07,1.1983186802157358e-05,1.256471670469326e-10,4.207088867300622e-05,1.0287334255865807e-08,3.994429766911396e-08,0.9907742670511022,1.0154227129991692e-08,2.5071025437861816e-13,0.0016620363442158075,4.4216587042371076e-07,1.471172969819302e-05,2.540990800634695e-07,0.007466562763582347,1.101179085827697e-09,2.296443788889805e-13,5.428210795556825e-09,8.902647744569357e-06,5.324956848450515e-14
26,9.257468640956687e-07,1.5183746419327897e-15,1.453293972190783e-05,6.937397913609197e-07,2.0495689628399205e-06,2.738874483269797e-08,4.412194322297118e-07,1.0836668176039862e-05,1.6061130532491354e-10,4.4095031295935967e-05,7.703254871756622e-09,3.3868338760825684e-08,0.9916023783324954,8.546165362529606e-09,2.526288161785014e-13,0.00175211456800387,4.917847917978434e-07,1.7359609762995228e-05,3.5662027188735193e-07,0.00654175540906914,1.3661609193301489e-09,2.4585827560504883e-13,7.104427849122166e-09,1.1882623100667758e-05,5.593079814779208e-14
27,9.174271765773477e-07,1.8809757189261895e-15,1.6245979853207336e-05,8.578584991195917e-07,2.1012454039642673e-06,2.8344142812995932e-08,4.619950329647994e-07,1.2390415078542475e-05,1.638770921976535e-10,4.356572535995491e-05,9.144236915192472e-09,4.352324407862551e-08,0.9910084480276652,9.841481238202733e-09,2.994710452706857e-13,0.0019541499488985666,4.742564247303149e-07,1.728893020780894e-05,3.5401396172372094e-07,0.0069316492282656,1.4306779485568958e-09,3.0732988821288933e-13,6.6341445856639606e-09,1.0995865696111028e-05,6.252820473238329e-14
28,8.761284873237684e-07,1.5906381356829045e-15,1.5996330561214232e-05,7.860604395189241e-07,2.0607712007096293e-06,2.6851494396377014e-08,4.4811214773301147e-07,1.1258333415729856e-05,1.4899712858118384e-10,4.1993449638529605e-05,8.741101026164809e-09,4.033167224887418e-08,0.9909263006570374,9.525036419718384e-09,2.716808552094021e-13,0.0019505394669000196,4.730543555808237e-07,1.7114816621521434e-05,3.4003367720830404e-07,0.00702099539105396,1.438176456286196e-09,2.653394131175744e-13,6.570667431914161e-09,1.0723786723710499e-05,5.6079878570545526e-14
29,8.761284873237684e-07,1.5906381356829045e-15,1.5996330561214232e-05,7.860604395189241e-07,2.0607712007096293e-06,2.6851494396377014e-08,4.4811214773301147e-07,1.1258333415729856e-05,1.4899712858118384e-10,4.1993449638529605e-05,8.741101026164809e-09,4.033167224887418e-08,0.9909263006570374,9.525036419718384e-09,2.716808552094021e-13,0.0019505394669000196,4.730543555808237e-07,1.7114816621521434e-05,3.4003367720830404e-07,0.00702099539105396,1.438176456286196e-09,2.653394131175744e-13,6.570667431914161e-09,1.0723786723710499e-05,5.6079878570545526e-14
30,8.761284873237684e-07,1.5906381356829045e-15,1.5996330561214232e-05,7.860604395189241e-07,2.0607712007096293e-06,2.6851494396377014e-08,4.4811214773301147e-07,1.1258333415729856e-05,1.4899712858118384e-10,4.1993449638529605e-05,8.741101026164809e-09,4.033167224887418e-08,0.9909263006570374,9.525036419718384e-09,2.716808552094021e-13,0.0019505394669000196,4.730543555808237e-07,1.7114816621521434e-05,3.4003367720830404e-07,0.00702099539105396,1.438176456286196e-09,2.653394131175744e-13,6.570667431914161e-09,1.0723786723710499e-05,5.6079878570545526e-14
31,1.0707816209735731e-06,4.398799914802852e-15,1.4322923683792874e-05,6.0472155941717596e-06,1.5476700274137315e-05,3.755069407361477e-07,4.361947206601969e-06,8.16872761425368e-06,8.649164450633051e-10,0.00017722331695303037,4.071352115486838e-08,2.0254580507089695e-07,0.9530674828171241,7.389957408103083e-08,9.653650304702348e-13,0.006589206991678547,1.271499118767552e-06,0.00011726193565111996,4.0153947741562646e-07,0.039969333222997075,6.815991684704364e-09,1.1826528079939272e-12,8.206828344891612e-08,2.758796323935032e-05,5.816034401149212e-13
32,8.783168760116677e-07,1.6477920936583753e-15,1.592047203873708e-05,7.621068458586767e-07,2.0454129717449723e-06,2.6644415317364485e-08,4.27796309181249e-07,1.1048918289088561e-05,1.4737488880092723e-10,4.104197583252138e-05,8.511366506148612e-09,3.891642019222445e-08,0.9911915435539581,9.371148142300593e-09,2.7021507364734186e-13,0.00192307614512481,4.679539921229251e-07,1.7056361398533055e-05,3.5572473362741216e-07,0.006784550997598702,1.4075009670212297e-09,2.640395457862725e-13,6.438559147192661e-09,1.0732826654752795e-05,5.524985249768912e-14
33,2.564017582736621e-06,5.443142106336175e-15,7.906022437479007e-05,2.7411078533725106e-06,1.1250449556214533e-05,5.2504266534990824e-08,1.6214758313371093e-06,3.506573750383666e-05,1.2691067072660432e-09,0.00016408202530665048,6.911186504283094e-08,1.3507647621241036e-07,0.9725587548767769,3.687315893389693e-08,1.900756572460047e-12,0.002513777806120903,8.906323131798804e-07,1.909499804884796e-05,3.8931521728423795e-07,0.02459807159751803,6.396331575404019e-09,7.370226470183399e-13,3.056446346910171e-08,1.2303937244314206e-05,4.3980998139621075e-13
34,7.743835722820759e-07,1.7408322245105078e-15,1.6173223186504118e-05,9.16876300055413e-07,2.068529633758573e-06,3.3680251097486456e-08,5.252273595943512e-07,1.2051962066649211e-05,1.5861612239834143e-10,4.5151386124682e-05,8.79586305180552e-09,4.8579178472878746e-08,0.990018808255294,9.67954662669438e-09,2.958577445285092e-13,0.0022094808971865787,4.96965518200312e-07,1.883663854748372e-05,3.214201743087816e-07,0.00766254339546734,1.689801888190147e-09,3.2305281298441914e-13,7.416440189484912e-09,1.1740839188926094e-05,6.140309240887131e-14
35,8.896577794224865e-07,1.6106269748554397e-15,1.594011612243314e-05,7.817004085573389e-07,2.052017614084141e-06,2.6603196580055656e-08,4.4585606787969144e-07,1.1428677127452919e-05,1.5084218484272126e-10,4.181522583528108e-05,8.689596371791517e-09,4.005822550237644e-08,0.9910867121387169,9.420876350642752e-09,2.720022034416192e-13,0.001938863053302355,4.7080317391155026e-07,1.7030492038685747e-05,3.43234878998148e-07,0.006872422678127529,1.415569123716205e-09,2.675784850930693e-13,6.480650846228448e-09,1.0711529252224458e-05,5.594837821112124e-14
36,1.0297792506457267e-06,2.5909141567372924e-15,2.7428282397397746e-05,1.0793639336693935e-06,3.0935431231671505e-06,3.5491175852463854e-08,3.6337954898125624e-07,1.2175137110914398e-05,2.510143514378762e-10,6.690385618658903e-05,1.0862677776277837e-08,2.7505905212787535e-08,0.9896726188119614,7.074249996816536e-09,3.376819096695049e-13,0.0018627459277524912,4.1956024320624947e-07,1.2963089175217311e-05,4.519280260488885e-07,0.008328125927222072,1.8491097330693937e-09,2.570316348542466e-13,9.088578146694801e-09,1.0509290695541522e-05,6.427718712758497e-14
37,8.696209216745576e-07,1.6551303928662715e-15,1.638632279784028e-05,7.93249834802762e-07,2.0940426323123233e-06,2.7540862552693657e-08,4.487446172583354e-07,1.1543666601318723e-05,1.541203486200349e-10,4.247495426444139e-05,8.726490276963983e-09,4.087960275048255e-08,0.9909145369142905,9.408577737513568e-09,2.777062514765027e-13,0.0019664411062785226,4.7017531691988783e-07,1.71234188213604e-05,3.4514424793582506e-07,0.007015583473617827,1.4609340112344896e-09,2.731073983605782e-13,6.604536636913449e-09,1.0794390023746723e-05,5.6699423296151135e-14
38,7.587449022763895e-07,1.4942700835713724e-15,1.4869864153200377e-05,6.972018939380882e-07,1.881940152636739e-06,3.201652723429444e-08,4.741480079889661e-07,1.0218719997524364e-05,1.3422230038669963e-10,3.823336436492482e-05,7.322544566210833e-09,4.14498353394053e-08,0.9912519243149134,8.952082373612849e-09,2.668810719826509e-13,0.0023032432949436554,4.722735391896241e-07,1.9819080005050546e-05,3.665921894856514e-07,0.006344987466286409,1.6550738730564274e-09,2.6995317370457447e-13,6.832047659982905e-09,1.1954631731366247e-05,4.7320622731662377e-14
39,7.023512523053266e-07,1.7464745539749091e-15,1.967772793192915e-05,7.649576904578677e-07,1.9156668121511865e-06,3.419575500382233e-08,4.282147296387931e-07,1.2207469963982478e-05,1.506384651437882e-10,3.788746982303e-05,7.263952400210938e-09,4.726366097588029e-08,0.9907191336917563,7.528312952350845e-09,2.818037928391879e-13,0.0025150079051933813,4.935265538935548e-07,1.7681469041623475e-05,3.6227666392026917e-07,0.006662352988965701,2.1269015199191405e-09,3.110815409076698e-13,6.836618286000729e-09,1.1278917140548717e-05,4.6964677615781415e-14
40,1.0026750595178721e-06,1.7417319253326128e-15,1.8872558678559244e-05,6.749630621973548e-07,2.7470771688405507e-06,2.226486640274006e-08,4.4849370935306067e-07,1.0868455689386949e-05,1.5330147278846168e-10,3.946756474623855e-05,1.032163514340428e-08,4.471418728663214e-08,0.9907899607275761,1.2568101708822101e-08,2.9558500586525227e-13,0.0016749035205223678,4.943320033324035e-07,1.4583623241745661e-05,3.688699093814551e-07,0.007435817271634325,1.3578937884260944e-09,2.5401133901571003e-13,5.834739563775595e-09,9.69265165242553e-06,6.941334780388182e-14
41,1.7936776367669344e-06,2.1979443417059032e-16,1.717549991482248e-05,2.2126738493568967e-07,1.9702942184001015e-06,2.7440955158200747e-08,9.697145712494209e-06,8.197765719726855e-06,7.606187383895174e-11,7.360685250416217e-05,3.6928772993822894e-09,1.6461007698032285e-07,0.9893128673912636,4.306203629750746e-08,1.652328142525948e-13,0.0012715848428391705,5.037701669664738e-06,1.0414260612305498e-05,1.4706712421115346e-07,0.009175088858548435,5.507718113433656e-09,4.0234171387177137e-13,1.8705853862094637e-08,0.00011193427838047972,3.2382435565698407e-13
42,7.512473656480454e-07,2.1699965626041916e-15,2.1609557431519847e-05,8.910173774320907e-07,1.8671952905585187e-06,3.1308959436853056e-08,3.9274136097093006e-07,1.3880873782316177e-05,1.5994958621354358e-10,3.745465085838355e-05,7.843262615974916e-09,4.5378869943377036e-08,0.9912370036501136,6.908275075557294e-09,2.867116382852519e-13,0.0025987290427162205,4.4984417850918133e-07,1.5892039711773827e-05,3.9973059400228813e-07,0.00606047655189041,1.7815321454918795e-09,3.615759139096558e-13,5.6346812461581685e-09,1.0102841103834752e-05,4.433322663516056e-14
43,7.746603435293049e-07,1.5063252830139541e-15,1.7419998882879087e-05,7.337368389618642e-07,1.9612660360719375e-06,3.161239001010605e-08,4.3305968624794704e-07,1.1504497671717549e-05,1.557628920952884e-10,4.784897301029775e-05,7.369946169845436e-09,3.946986923957223e-08,0.9910975956358744,7.511473121127452e-09,2.6633662589385824e-13,0.002091619818121632,4.978458453618591e-07,1.6609639118483827e-05,3.4823541702467936e-07,0.006700546767053903,1.8134307845583663e-09,2.7603232641980454e-13,7.146295545654078e-09,1.2010786339194578e-05,4.887998511882687e-14
44,8.761284873237684e-07,1.5906381356829045e-15,1.5996330561214232e-05,7.860604395189241e-07,2.0607712007096293e-06,2.6851494396377014e-08,4.4811214773301147e-07,1.1258333415729856e-05,1.4899712858118384e-10,4.1993449638529605e-05,8.741101026164809e-09,4.033167224887418e-08,0.9909263006570374,9.525036419718384e-09,2.716808552094021e-13,0.0019505394669000196,4.730543555808237e-07,1.7114816621521434e-05,3.4003367720830404e-07,0.00702099539105396,1.438176456286196e-09,2.653394131175744e-13,6.570667431914161e-09,1.0723786723710499e-05,5.6079878570545526e-14
45,1.0137347146966656e-06,1.961046771541182e-15,1.829762535544634e-05,1.0124220251402314e-06,2.810739673952218e-06,3.1182341960150664e-08,4.771217570875578e-07,1.1150093810885533e-05,1.8880229546155016e-10,4.839262678004589e-05,1.1987536984715357e-08,4.6726131648886096e-08,0.9886879284521806,1.2476067370600797e-08,3.2629968965804445e-13,0.0019475066020347123,5.468422266581589e-07,1.8915992957680097e-05,3.5573317579878314e-07,0.00925105799954467,1.740845105829183e-09,2.9400849617038113e-13,8.638565944014645e-09,1.0421072768270419e-05,8.062012963194547e-14
46,8.500955774254855e-07,1.2088586046440588e-15,1.4547313864613524e-05,7.433775284775857e-07,1.621255829654133e-06,2.3866136907375148e-08,4.270417046030702e-07,1.0536509582749551e-05,1.2091761627354542e-10,4.000393767470692e-05,7.408041992446327e-09,3.875585001206876e-08,0.991773994492113,7.457971175630065e-09,2.0103408115564192e-13,0.0018159780939741015,5.186559948741458e-07,1.4245244806598851e-05,2.8816340057407516e-07,0.006315968795410411,1.3434938576027827e-09,2.5875451185026297e-13,5.5900539528645676e-09,1.0192479564778715e-05,4.7004750288547306e-14
47,9.64661359132228e-07,3.6748036220249734e-15,2.162663274647016e-05,1.2779774328767466e-06,3.998739641435196e-06,4.5529686614215325e-08,6.217587737818159e-07,1.4943232487209421e-05,2.8072337991662495e-10,5.860525115804257e-05,1.6787019649736898e-08,5.7010575960858406e-08,0.985390350783467,1.820124004447394e-08,6.427379517312692e-13,0.0022414990990466898,5.457613799629241e-07,2.9847627107517303e-05,4.380097760179641e-07,0.012222179610770628,2.354923997571172e-09,4.1121684499839254e-13,1.2670370711554224e-08,1.2948019130940735e-05,1.2428476225412394e-13
48,7.827497247765446e-07,1.1754867863028133e-15,1.2198576375321544e-05,5.153489188444228e-07,1.4491576917463184e-06,2.205875970691517e-08,3.6727070099010473e-07,9.697709189679102e-06,1.075875740771237e-10,3.640504440234381e-05,5.051560508348472e-09,2.8678242427279124e-08,0.9935189997728302,6.259341647092219e-09,1.7321836175262188e-13,0.0015696491838099326,4.5366008281643736e-07,1.3494237195847475e-05,3.36703616998076e-07,0.004823801038945698,1.0286840127824322e-09,2.172044090618568e-13,4.687198087913878e-09,1.1781674710112738e-05,3.910062692058261e-14
49,8.233608927254587e-07,1.752156632582317e-15,1.8171214297956594e-05,8.190312204148997e-07,2.0917945264537842e-06,2.9604919603184702e-08,4.5407009200102465e-07,1.1986930584627039e-05,1.577407030893347e-10,4.278591374344906e-05,8.577553606997805e-09,4.5368955053773294e-08,0.9906838510963657,8.787466417973092e-09,2.8069583032521755e-13,0.0020549318262619858,4.84658251317355e-07,1.6224407567045054e-05,3.4329019735545984e-07,0.007156148041670629,1.626516605602472e-09,3.05134925495103e-13,6.575772360415912e-09,1.0783664759570846e-05,5.698787359779636e-14
50,8.838249483373185e-07,1.4502983240569912e-15,1.5331589107805702e-05,7.45479736926265e-07,1.9985314602991257e-06,2.5122106863950785e-08,4.553212514115512e-07,1.109619400457369e-05,1.4305438637148402e-10,4.218271419645039e-05,8.430579224836875e-09,3.8804505478040004e-08,0.991240510887748,9.39706336087245e-09,2.552519327440685e-13,0.0018546407311013802,4.6546937131999173e-07,1.6147815121653422e-05,3.257137213103403e-07,0.006804408502412726,1.3241646189367117e-09,2.5006548497785036e-13,6.232057301813904e-09,1.0717771724986536e-05,5.4723957352643134e-14
51,8.697809147244132e-07,1.4357403819921989e-15,1.565149847882453e-05,7.23033431893042e-07,2.05972247174524e-06,2.6126421681075417e-08,4.552369237634986e-07,1.0777695415272461e-05,1.4481440426740035e-10,4.16007353549724e-05,8.21166177643938e-09,3.892870842439366e-08,0.9911459886298521,9.304196240496064e-09,2.5311014641783085e-13,0.0019100533848934779,4.726633474345971e-07,1.6511551598862342e-05,3.3431315765284604e-07,0.0068435356929908535,1.4000116280487912e-09,2.4672942274036125e-13,6.4302630584528725e-09,1.0875514535931894e-05,5.386789911517235e-14
52,8.697854711834579e-07,1.5712628461689338e-15,1.5625567200422762e-05,7.810523856688697e-07,2.028662694133339e-06,2.6697084872845857e-08,4.3674528368402006e-07,1.1175332524683768e-05,1.4651589209902294e-10,4.2251369292737055e-05,8.678703070475139e-09,3.9518225853678284e-08,0.9909615982655593,9.478385118718344e-09,2.7099163582646077e-13,0.001928629677537121,4.630339450033006e-07,1.7364660679628944e-05,3.3989321762793885e-07,0.0070076369822115675,1.407533455933564e-09,2.5984892037386796e-13,6.527944443107064e-09,1.0706517016986351e-05,5.4900349303838826e-14
53,8.52649759598833e-07,1.405046430808451e-15,1.6293702586482375e-05,9.357365852483277e-07,2.4200483694960938e-06,3.123729844316298e-08,6.508039056197147e-07,1.1250666050507242e-05,1.665325309027783e-10,4.633997727821736e-05,1.1144076326524256e-08,5.1445126182166356e-08,0.988229880521165,1.247822329543643e-08,3.1288848873856426e-13,0.0022593378132614956,5.535701178461612e-07,2.104481740712641e-05,2.828619043534957e-07,0.009398680789322135,1.863001539009359e-09,2.805072082078129e-13,9.017097536500314e-09,1.1358690266505994e-05,6.96552798697777e-14
54,1.0237777133119067e-06,2.1814802616260317e-15,1.563882358062009e-05,9.221102542370221e-07,2.298624501122443e-06,2.956735321522764e-08,5.76414026504657e-07,1.3125889812689508e-05,1.7489383449362128e-10,4.4766500961480494e-05,9.923205083442653e-09,4.756741597556085e-08,0.9910961905336478,1.1980309184584639e-08,3.3697001387381264e-13,0.001961418344856236,5.035933665822068e-07,1.751558245084637e-05,3.7133290931091186e-07,0.0068334457515219675,1.3693111121969895e-09,3.5433987410370044e-13,6.795698391967073e-09,1.2095341438285028e-05,7.857183080558147e-14
55,1.6768150553686354e-06,4.896310810254973e-15,4.201467728054794e-05,1.5911568783036424e-06,3.41777346488109e-06,3.354190525313144e-08,4.236234232990274e-07,1.7664477824452466e-05,3.4516272295918187e-10,9.637324173145425e-05,2.030574993171524e-08,2.218925307645192e-08,0.9894925822657237,7.547942540191385e-09,5.87170059407925e-13,0.0016670631515949927,7.080616316394847e-07,1.1803015683576337e-05,5.991479771577674e-07,0.008652552230820619,2.740505128834912e-09,4.125959141186166e-13,1.208834638105522e-08,1.1431600938988488e-05,1.0135286410322595e-13
56,8.519427490705119e-07,1.5117847637128812e-15,1.5405575914092944e-05,7.531894246567246e-07,1.9361353019502134e-06,2.5699787957102804e-08,4.271499068060596e-07,1.102305268280573e-05,1.4006211840601002e-10,4.109612471707505e-05,8.30031958668049e-09,3.8947544263654886e-08,0.9912072628220137,9.127377372084758e-09,2.5810499528156306e-13,0.0018870012672675882,4.607316031869016e-07,1.6573394440760723e-05,3.31011854772436e-07,0.006806184378383317,1.367291730936217e-09,2.542461624631538e-13,6.264162141028197e-09,1.0603376627982723e-05,5.317398240213658e-14
57,1.3103419762710713e-06,2.3324662711680956e-15,1.1043533797785751e-05,1.336004768336143e-06,2.1780770103856784e-06,3.3365728983183874e-08,6.311058231061019e-07,1.3986535024814513e-05,2.002901184921752e-10,4.728490198550226e-05,1.4925361119111248e-08,4.096164350235961e-08,0.9899768529919032,1.51381715605293e-08,4.546446854727135e-13,0.0021220579799997846,5.125636612043165e-07,3.323265540611364e-05,3.6463167218952646e-07,0.007777281864406723,1.4270223234624607e-09,3.446100972953903e-13,1.0193134395755939e-08,1.181060032522715e-05,8.581635738036289e-14
58,8.412103612547828e-07,1.5009558495735276e-15,1.4812223791005795e-05,7.066343293884682e-07,1.904107830528297e-06,2.6137660498521065e-08,4.279330548773594e-07,1.0909013440532497e-05,1.385978140258234e-10,4.114389602472694e-05,7.777375518100669e-09,3.835419873169099e-08,0.9914450868430298,8.993526765468997e-09,2.5654381140809116e-13,0.0018442781046170795,4.624739401491931e-07,1.6729427298907038e-05,3.3745553343496243e-07,0.006611079674119036,1.3540873874266361e-09,2.530326486731595e-13,6.2925299349089305e-09,1.119195408853214e-05,5.2742340338816484e-14
59,8.393443491943594e-07,1.4892379833242946e-15,1.5730168714835353e-05,7.139189077249161e-07,1.9279954026093683e-06,2.536396002516624e-08,4.2125207094870033e-07,1.0893125288463966e-05,1.3881355272354963e-10,4.104762421573127e-05,7.965653265686593e-09,3.782490940092083e-08,0.9912908581009663,8.817288367490764e-09,2.5306399535819953e-13,0.0018487871294207176,4.6299630105434334e-07,1.5977923356832024e-05,3.3415548289402993e-07,0.006761096643909541,1.373189173172176e-09,2.481985764691829e-13,6.238056546372109e-09,1.0821899187991591e-05,5.21761919518666e-14
60,8.761284873237684e-07,1.5906381356829045e-15,1.5996330561214232e-05,7.860604395189241e-07,2.0607712007096293e-06,2.6851494396377014e-08,4.4811214773301147e-07,1.1258333415729856e-05,1.4899712858118384e-10,4.1993449638529605e-05,8.741101026164809e-09,4.033167224887418e-08,0.9909263006570374,9.525036419718384e-09,2.716808552094021e-13,0.0019505394669000196,4.730543555808237e-07,1.7114816621521434e-05,3.4003367720830404e-07,0.00702099539105396,1.438176456286196e-09,2.653394131175744e-13,6.570667431914161e-09,1.0723786723710499e-05,5.6079878570545526e-14
61,8.658883063408437e-07,1.5621882914854037e-15,1.634164027148483e-05,7.327607762986869e-07,2.042841961981356e-06,2.6556315269108774e-08,4.4401911887236495e-07,1.1115503296073162e-05,1.477897833559612e-10,4.204540986041895e-05,8.259215937387517e-09,3.966810919496373e-08,0.9911882527020407,9.150607351815604e-09,2.646545065162113e-13,0.0019023790412201673,4.7678219518533397e-07,1.614428049346962e-05,3.4427415772617536e-07,0.00680773534439219,1.4429996434604333e-09,2.620134325370351e-13,6.450836164798825e-09,1.0987835452274075e-05,5.523730025710162e-14
62,8.761284873237684e-07,1.5906381356829045e-15,1.5996330561214232e-05,7.860604395189241e-07,2.0607712007096293e-06,2.6851494396377014e-08,4.4811214773301147e-07,1.1258333415729856e-05,1.4899712858118384e-10,4.1993449638529605e-05,8.741101026164809e-09,4.033167224887418e-08,0.9909263006570374,9.525036419718384e-09,2.716808552094021e-13,0.0019505394669000196,4.730543555808237e-07,1.7114816621521434e-05,3.4003367720830404e-07,0.00702099539105396,1.438176456286196e-09,2.653394131175744e-13,6.570667431914161e-09,1.0723786723710499e-05,5.6079878570545526e-14
63,8.974171685740447e-07,1.798100999123732e-15,1.6307299432376892e-05,8.123498465459663e-07,2.116744478100301e-06,2.8285898914484004e-08,4.4948533981729475e-07,1.1494862418777108e-05,1.5637838276308703e-10,4.232708773919829e-05,9.044960505930149e-09,4.112834067650571e-08,0.9908640986382896,9.86111523377143e-09,2.9440305502035334e-13,0.001976597162911183,4.852982189134155e-07,1.7934802954849408e-05,3.615480638770967e-07,0.007054975947733254,1.5060278615581773e-09,2.85885098824479e-13,6.898569024902171e-09,1.1044473471898718e-05,6.002857449032781e-14
64,8.652298467166033e-07,1.7061387971982814e-15,1.7884034800583585e-05,8.08093435537992e-07,2.191014605761263e-06,2.9355093736186944e-08,4.599337102136052e-07,1.1276794077538592e-05,1.5696203323514708e-10,4.293381139109864e-05,9.186624377676835e-09,4.381227085109984e-08,0.9903775412737154,9.793633142287081e-09,2.939318286145131e-13,0.002088051314794275,5.125404798098415e-07,1.7483104697585076e-05,3.5290416539435346e-07,0.007428564286447078,1.733536135806848e-09,2.8536110700868844e-13,7.238443547777277e-09,1.097438662930066e-05,5.909993440100552e-14
65,1.128477803861431e-06,7.313770006739845e-16,1.443915314089725e-05,4.853379686985347e-07,1.6370591036088775e-06,1.216196024957718e-08,4.244938265326393e-07,1.1351057243743984e-05,1.235841254770834e-10,4.089619127014707e-05,6.7235581834773586e-09,2.7081229504261537e-08,0.9946407110606553,6.687525631494626e-09,1.4358840058609968e-13,0.001427490043763163,3.2660274045293807e-07,7.795874110896555e-06,2.782361807764277e-07,0.0038451827113254967,5.737328377862627e-10,1.6035308183941484e-13,2.7727014567519922e-09,7.797576237814767e-06,3.2129584886500324e-14
66,2.271971005885055e-06,6.487996785845198e-14,1.7780036974870654e-05,1.2061727817664872e-05,2.8048017168061705e-06,2.3823130929713934e-07,1.3246820738841155e-06,9.191173134362437e-05,9.86503207994096e-10,7.476371353064564e-05,9.222985647052326e-08,4.754227995148745e-07,0.9736312453837497,1.0153605762923532e-07,1.3684634460861705e-11,0.008681999188916054,9.785217983695193e-07,0.00034832664711474063,9.933546795423856e-07,0.01710500420661793,1.2106668017895482e-08,6.817353940960534e-12,6.162638699599396e-08,2.7551871893710792e-05,6.185901736795133e-13
67,1.1958731895914838e-06,1.0956959679783015e-15,1.6540366756405615e-05,5.767430346596131e-07,2.0972739725240883e-06,1.4851852529260542e-08,4.023695515126881e-07,1.2703573965248971e-05,1.5909448284216867e-10,4.4012746502121957e-05,7.90714390660501e-09,3.111438873473793e-08,0.9940421846926266,7.680905787964725e-09,1.978181620927757e-13,0.0015781458329617735,3.242520151788256e-07,9.07032980444214e-06,3.347225569865005e-07,0.00428431350735548,7.1383527894549e-10,1.9337740504076998e-13,3.3622244372056817e-09,8.031925831469288e-06,3.852722664498241e-14
68,1.2691560856856356e-06,1.1830598026307819e-15,1.3556417453780425e-05,6.796020858501597e-07,1.890298484925924e-06,1.2365853177347867e-08,3.2496182640017307e-07,8.457527008109424e-06,1.2624158869885624e-10,3.8802693992518284e-05,8.225953753663526e-09,1.9236499743052567e-08,0.9940353155021688,8.371325309954378e-09,1.5344250505304495e-13,0.0015346692235595548,3.552222905239105e-07,9.382852712009226e-06,3.927616997005643e-07,0.004347109074412112,5.284268093796542e-10,1.6065998762052183e-13,3.6105109483462443e-09,7.742241053694136e-06,3.9677383114472425e-14
69,9.011559180223874e-07,9.887334420856216e-16,1.3253499818336023e-05,3.8911578065148144e-07,1.4700821136413657e-06,1.909015618849303e-08,4.662324158382789e-07,9.927773301112531e-06,1.0618498543449207e-10,3.1347671913114174e-05,3.1461557192352386e-09,3.138356639512991e-08,0.9953888887627682,6.101441608500991e-09,1.2116244037872586e-13,0.0020000025276629683,3.4409059931901803e-07,7.0819517271003506e-06,3.9691395993679593e-07,0.0025326840162838583,6.73838926716424e-10,2.0400117739333857e-13,2.57766330409126e-09,1.2783126373959299e-05,3.053884091792053e-14
70,1.1814980511746004e-06,1.669795452765952e-15,1.0312848345948973e-05,4.601681678791553e-07,2.197265080386618e-06,2.2962341908945865e-08,4.886238962374986e-07,1.0293030813102147e-05,1.4511942795802686e-10,3.732504000442481e-05,6.971711153190927e-09,3.5429260675463535e-08,0.9933263381255669,1.2977353910691068e-08,2.85700528962818e-13,0.0013812410099053552,5.876487243312703e-07,2.0176887964693065e-05,4.3480269165681425e-07,0.005193986313444984,1.1045480280637327e-09,2.549430307099975e-13,6.4029613293762205e-09,1.4890743430635396e-05,7.3763811222299e-14
