,0,1,2,3,4,5,6,7,8,9,10,11,12,13,14,15,16,17,18,19,20,21,22,23,24
0,9.67370277898763e-06,2.5976916201496074e-06,3.742133433021807e-05,0.0002915631744373037,2.140919936333561e-05,7.120884633553284e-09,4.995630298612041e-05,1.5897652497302085e-06,4.0198135830446393e-07,2.678843986032455e-07,8.503824684297102e-06,1.0859159481680855e-06,0.9874892811558685,5.797193369353708e-07,1.9845660373185166e-07,2.600961459792303e-05,1.747663600529954e-07,4.831673814281112e-05,7.768015809849033e-07,0.01200235868557986,7.303147013768141e-07,2.5318164091150827e-06,1.7965577931692436e-09,4.559594934990226e-06,2.6412860858092018e-09
1,8.862944688915982e-06,2.080031207601303e-06,2.7433197753481237e-05,0.00033813741179778876,1.6105978398509047e-05,2.607775847715204e-09,3.618420972455394e-05,1.0273021249649355e-06,1.1763935984633956e-07,1.1265526456998401e-07,5.2090350367386475e-06,9.386236912516418e-07,0.9922312517059088,2.2567964550859747e-07,9.071858766387084e-08,2.5379278553336175e-05,2.233851355108446e-07,3.810121065718362e-05,4.82477218850189e-07,0.00726292056684814,4.5868172565342555e-07,1.2988613900944097e-06,9.84110380965489e-10,3.353749533483182e-06,1.0638614959351e-09
2,9.843460011742989e-06,2.131714469189736e-06,2.4641859706114054e-05,0.00035982505492518737,1.6585792252273647e-05,2.5195377966353753e-09,3.64023392630438e-05,1.0024784351471444e-06,1.0461176759452034e-07,9.430796153676224e-08,5.7697798680800595e-06,9.630817779889542e-07,0.9934547562426002,2.0823929947548312e-07,8.468643396604858e-08,2.045511766474854e-05,2.29245975217916e-07,3.834516764012469e-05,4.6530036910574373e-07,0.00602330374658801,4.503435379586794e-07,1.3343539245558514e-06,9.514178440721594e-10,2.9986853847475507e-06,9.191884002611406e-10
3,9.556066091620327e-06,2.145033750012498e-06,2.4976577208924703e-05,0.0003621603855939958,1.7265382285935026e-05,2.5771726138976187e-09,3.6273727455567704e-05,1.0139993350273786e-06,1.096757042522292e-07,9.887090563681203e-08,5.811987759140634e-06,9.668269032892243e-07,0.9930185716415,2.209175069009974e-07,8.861522122201449e-08,2.0919124777756386e-05,2.2722102743516957e-07,3.854733475634282e-05,4.6444656271856635e-07,0.006455692969090314,4.5358569473570187e-07,1.3558711021021543e-06,9.712624151914906e-10,3.0752276083306838e-06,9.63723516823346e-10
4,9.258003532053212e-06,2.0352921069077637e-06,2.3758544973554577e-05,0.00033739546142074806,1.5971067742518314e-05,2.2602452113704512e-09,3.373956395338792e-05,9.362174993002165e-07,1.0206373748735255e-07,9.107261227491195e-08,5.4912186595857394e-06,9.096187297720505e-07,0.9933967796789674,2.1443558860642238e-07,7.892129605689836e-08,1.8776779360508426e-05,2.1007525255988928e-07,3.7010974523634986e-05,4.2876592448487605e-07,0.006112108253222686,4.3641158968803477e-07,1.3008543359035717e-06,8.866285844202585e-10,2.962696426955934e-06,8.816702359260436e-10
5,9.351086907960221e-06,2.1468720465796706e-06,2.4868004883541654e-05,0.0003836563198585707,1.7490939992347388e-05,2.483792319594811e-09,3.3832316655378185e-05,9.799446094451428e-07,1.074150519539654e-07,1.0177644857891892e-07,5.567277265830491e-06,9.02768825309626e-07,0.992611730324723,2.21981872139617e-07,8.505577089719702e-08,2.048617330394225e-05,2.238415388471912e-07,4.042947913252596e-05,4.4617783388802025e-07,0.006842468296601066,4.3828998533125954e-07,1.2715694177399137e-06,1.015217956410738e-09,3.1896851467364632e-06,9.03118224247429e-10
6,9.556066091620327e-06,2.145033750012498e-06,2.4976577208924703e-05,0.0003621603855939958,1.7265382285935026e-05,2.5771726138976187e-09,3.6273727455567704e-05,1.0139993350273786e-06,1.096757042522292e-07,9.887090563681203e-08,5.811987759140634e-06,9.668269032892243e-07,0.9930185716415,2.209175069009974e-07,8.861522122201449e-08,2.0919124777756386e-05,2.2722102743516957e-07,3.854733475634282e-05,4.6444656271856635e-07,0.006455692969090314,4.5358569473570187e-07,1.3558711021021543e-06,9.712624151914906e-10,3.0752276083306838e-06,9.63723516823346e-10
7,1.1580562067014394e-05,0.00014913860347396708,0.0007369844461610415,0.024048589928634935,0.00970399551793717,1.8607826818826992e-06,0.0011743752111072839,4.565533993868783e-05,8.494258459183435e-05,6.942384152796049e-05,7.06105749938395e-05,4.2680199544723747e-05,0.3915809719176246,0.00016799735012986515,2.7507961631238603e-05,0.003954100392524418,4.5089337456507726e-05,0.0008844926149555474,2.3388162096624867e-05,0.5664184545081702,4.576635612398305e-05,1.642227489578194e-05,3.274744673876172e-06,0.0006910872884944966,1.6094985624809196e-06
8,1.1134172300017414e-05,2.486556660276556e-06,3.660297751697922e-05,0.0004526900357117596,2.0384727021421418e-05,3.0230630598721734e-09,3.0359501175688588e-05,1.0058448193252446e-06,1.3780620554994293e-07,1.4498384981532692e-07,5.492830295345975e-06,9.75006160907854e-07,0.991317007176165,2.9071223565190535e-07,9.655029048573214e-08,2.33161879774542e-05,2.657397844551373e-07,4.109077494054579e-05,3.935138158217523e-07,0.008049997919533626,4.489757687315408e-07,1.2753531118275177e-06,1.3625720565687717e-09,4.39705667080308e-06,1.212353622112245e-09
9,8.567803254676067e-06,2.521072383220718e-06,3.639668744629606e-05,0.0004059733394552663,1.7734753393372946e-05,2.663091146711407e-09,2.8124460133410666e-05,1.040242519571272e-06,1.2901588914036343e-07,1.667366029997382e-07,4.787513848389344e-06,8.76316120264554e-07,0.989996995400211,3.153615090928248e-07,8.925555698684483e-08,2.6641358510042438e-05,2.530042491283824e-07,4.103753064412108e-05,4.102805093800277e-07,0.00942207023403233,4.7224275651632904e-07,1.2158618511339456e-06,1.2207467417916104e-09,4.176445205015814e-06,1.2000805809859016e-09
10,9.556066091620327e-06,2.145033750012498e-06,2.4976577208924703e-05,0.0003621603855939958,1.7265382285935026e-05,2.5771726138976187e-09,3.6273727455567704e-05,1.0139993350273786e-06,1.096757042522292e-07,9.887090563681203e-08,5.811987759140634e-06,9.668269032892243e-07,0.9930185716415,2.209175069009974e-07,8.861522122201449e-08,2.0919124777756386e-05,2.2722102743516957e-07,3.854733475634282e-05,4.6444656271856635e-07,0.006455692969090314,4.5358569473570187e-07,1.3558711021021543e-06,9.712624151914906e-10,3.0752276083306838e-06,9.63723516823346e-10
11,9.266865974848402e-06,2.0426653837384745e-06,2.3706007479284407e-05,0.00034322802624575026,1.620673913729616e-05,2.360729195975015e-09,3.467144965272733e-05,9.488320764886702e-07,1.0337033122852395e-07,9.173442068286304e-08,5.530925714643711e-06,9.302041281371796e-07,0.9933000100762924,2.0839119220005315e-07,8.276579628388943e-08,1.9754501504500926e-05,2.1397430818693468e-07,3.6579704942091825e-05,4.4096607470536606e-07,0.0062012225986573,4.317910664566729e-07,1.3138297999755003e-06,8.99844685997948e-10,3.010415284019481e-06,9.03963041761717e-10
12,8.190984555205316e-06,1.896495657006564e-06,1.0814933349261824e-05,0.0004711257383957988,2.8410937647071434e-06,1.4334502860024763e-09,3.294888903878212e-05,1.2780268821525294e-06,4.823998359733232e-08,6.32940169140015e-08,2.706182528351409e-06,5.954910029367473e-07,0.9980028243314578,7.691980510851307e-08,6.428490514189383e-08,1.5986794904980603e-05,1.1113048193530892e-07,3.0984489592881306e-05,1.0297028470503122e-06,0.001413989776947692,2.7181629250085583e-07,1.3029904232622405e-06,3.527331736730466e-10,8.46322879496652e-07,2.84103887431261e-10
13,9.934469567828992e-06,2.6500647458190548e-06,3.174894519415324e-05,0.0005402839143197704,1.889943993251616e-05,3.968789136350068e-09,4.226864493790085e-05,1.0954747861641145e-06,1.49394802801585e-07,1.616657330551376e-07,4.384595418151129e-06,9.23996353969268e-07,0.9908126176207736,2.162584399847426e-07,1.1152874853749575e-07,3.5299708809507306e-05,2.938821034954457e-07,4.4144404521319487e-05,5.638890314404537e-07,0.00844803155902801,4.352021447505087e-07,1.2304901577299697e-06,1.6496673111017e-09,4.548089516312659e-06,1.1424766292085383e-09
14,1.2722477748036564e-05,1.674350813122495e-06,4.906377100917764e-05,0.00032219033729833437,1.2479257315045915e-05,4.479844401989788e-09,4.493628777246466e-05,1.5663451911259894e-06,1.7624593673733536e-07,1.5203881593071098e-07,4.632648754826892e-06,1.463101980329429e-06,0.9896752141997769,2.7655373432008784e-07,1.1600577673061321e-07,4.869259523189462e-05,2.512543747672369e-07,4.243498051710266e-05,3.7399299191005837e-07,0.009775343991502613,4.1817233701813397e-07,1.4711270857493055e-06,1.3207081881330803e-09,4.342637128415125e-06,1.8263549484508195e-09
15,9.556066091620327e-06,2.145033750012498e-06,2.4976577208924703e-05,0.0003621603855939958,1.7265382285935026e-05,2.5771726138976187e-09,3.6273727455567704e-05,1.0139993350273786e-06,1.096757042522292e-07,9.887090563681203e-08,5.811987759140634e-06,9.668269032892243e-07,0.9930185716415,2.209175069009974e-07,8.861522122201449e-08,2.0919124777756386e-05,2.2722102743516957e-07,3.854733475634282e-05,4.6444656271856635e-07,0.006455692969090314,4.5358569473570187e-07,1.3558711021021543e-06,9.712624151914906e-10,3.0752276083306838e-06,9.63723516823346e-10
16,8.537646986144451e-06,2.040107873613094e-06,1.887484712917483e-05,0.0003466663433290072,1.5270915285021322e-05,2.1624135482401895e-09,3.4824217259532465e-05,9.618509774188855e-07,9.613507235154741e-08,8.28116488112133e-08,5.62077216214973e-06,9.148260114053971e-07,0.9938677496665101,2.019129492014837e-07,8.548044659523627e-08,1.7994855007286414e-05,1.9055738750897014e-07,3.729823214723396e-05,4.950056886868744e-07,0.005637761266875825,4.189841511748486e-07,1.4253509653955943e-06,7.787091290744063e-10,2.4844659050560198e-06,8.071085754643615e-10
17,9.210851428915934e-06,1.8411603623690324e-06,2.036565216808643e-05,0.00030711510832398206,1.7749730302516614e-05,1.9014659327542508e-09,3.687663533639146e-05,8.114531814186948e-07,9.878820244733409e-08,6.748698088944274e-08,5.745665008924523e-06,9.148468335191095e-07,0.9940298281048009,2.044055547192248e-07,6.517831147385647e-08,1.4942755983287477e-05,1.952622298369701e-07,3.714278039624749e-05,3.898455175898457e-07,0.005511720068884392,4.532998166141463e-07,1.2230342939535994e-06,8.498551327311392e-10,3.03435172653726e-06,7.830340649737941e-10
18,9.096758111322151e-06,2.239918247524757e-06,2.7673498624128932e-05,0.00029505804127971126,1.8550168323129164e-05,2.67966835876795e-09,4.295589780580829e-05,1.0275765398751272e-06,1.263649979363988e-07,1.065063422359364e-07,6.289849587241852e-06,1.1185690187126643e-06,0.9921725623357145,2.837535115220218e-07,9.426720018002244e-08,2.375093416579029e-05,2.54067231283071e-07,4.062633512112538e-05,5.109508478156373e-07,0.007352020642800019,5.973827447568505e-07,1.4601797003670997e-06,1.1060103687067914e-09,3.590897222916846e-06,1.3191832074507557e-09
19,8.7368821847604e-06,2.4769919290509656e-06,2.4103679574646576e-05,0.00045662907352910355,1.8777958787434544e-05,2.858937745338171e-09,3.484493479085866e-05,9.827783420673977e-07,1.2460259553029515e-07,1.1868895297854796e-07,5.1741762388640066e-06,9.826527467347503e-07,0.9922913729120963,2.3300988219062978e-07,1.0467143226598485e-07,2.2700846495626584e-05,2.3179526444924446e-07,3.581340290345961e-05,4.7179366082212346e-07,0.007090930349026926,3.834953729356685e-07,1.427884882826575e-06,1.0352578540833342e-09,3.3725063601156192e-06,1.0187543883850154e-09
20,8.667931562367409e-06,2.018853975737525e-06,2.0734963393463893e-05,0.00034377853082317777,1.5040921377040292e-05,2.286145728518446e-09,3.1680664596913975e-05,9.895333575569136e-07,1.0205409057916457e-07,9.197901442601336e-08,5.597758767781418e-06,8.424813308057778e-07,0.9935643069137639,2.15278249821641e-07,8.42935421396611e-08,1.6697316724175935e-05,1.8205002989293537e-07,3.58777023343584e-05,4.4908860277001067e-07,0.005948284162388731,4.0735129202620686e-07,1.4554378033516803e-06,7.803141783953862e-10,2.4908619984094186e-06,8.045209038204366e-10
21,8.746525398765017e-06,1.7908491769258447e-06,2.574440732834899e-05,0.00030067211649917054,1.3076805549575322e-05,1.677231752016355e-09,2.8743619746640596e-05,8.26163137064503e-07,7.931835482348846e-08,8.279890167168717e-08,4.510400213300775e-06,8.554523826393621e-07,0.9931700166539048,1.999378761001657e-07,6.059782396215962e-08,2.0796936348457034e-05,2.1324991583267676e-07,3.806531019193985e-05,3.5376141604679975e-07,0.006380628161382107,4.219380303710993e-07,1.0109560087723206e-06,8.272803556778532e-10,3.100742223751827e-06,7.936769108728694e-10
22,1.033429460387506e-05,2.1373881631739077e-06,2.72765370259362e-05,0.00035051996246308,1.533363412097251e-05,2.3503543339786563e-09,2.984288712402114e-05,1.0697234435125972e-06,8.607753852610048e-08,1.0179941126315514e-07,5.841047012134865e-06,8.980357192011707e-07,0.9931731849553804,2.1388936534572731e-07,7.412090407377183e-08,2.0564209686428457e-05,2.5765352799327876e-07,4.1805267595490204e-05,4.2467496596444205e-07,0.00631548449250283,4.642161312652945e-07,1.3226132132071519e-06,9.264259420171954e-10,2.7584032324527683e-06,8.400885503220218e-10
23,9.556066091620327e-06,2.145033750012498e-06,2.4976577208924703e-05,0.0003621603855939958,1.7265382285935026e-05,2.5771726138976187e-09,3.6273727455567704e-05,1.0139993350273786e-06,1.096757042522292e-07,9.887090563681203e-08,5.811987759140634e-06,9.668269032892243e-07,0.9930185716415,2.209175069009974e-07,8.861522122201449e-08,2.0919124777756386e-05,2.2722102743516957e-07,3.854733475634282e-05,4.6444656271856635e-07,0.006455692969090314,4.5358569473570187e-07,1.3558711021021543e-06,9.712624151914906e-10,3.0752276083306838e-06,9.63723516823346e-10
24,8.872940290708007e-06,2.4011820972741004e-06,2.1679977773271695e-05,0.0004337314961413291,1.6908150826109585e-05,2.3783899046157055e-09,3.344509961564041e-05,9.831180296232191e-07,1.01995083718191e-07,1.0026411487716483e-07,5.4117860600645755e-06,9.061031839209198e-07,0.9934099082047635,2.1582735114013095e-07,8.90161372093275e-08,1.941917873136077e-05,2.245538567429481e-07,3.85661750033973e-05,4.974627010983153e-07,0.006001880357381316,4.1914067500152936e-07,1.3604591604412955e-06,9.484717605070525e-10,2.8733412725016585e-06,8.428880838665439e-10
25,8.607132248667078e-06,1.7253694218044538e-06,2.0814476890519466e-05,0.00031910458628543834,1.7239384360545902e-05,2.092213370339533e-09,3.74232649030251e-05,1.1216640381295427e-06,8.446136066992594e-08,7.147131667508896e-08,6.421316131069019e-06,9.617810429846236e-07,0.9928840786151986,1.9465371528543363e-07,6.827389374250522e-08,1.877529214255763e-05,2.0357068980018213e-07,4.2215055289713436e-05,4.0626817276532205e-07,0.006636209187450377,4.600962994664871e-07,1.2446081416602737e-06,7.996976217926932e-10,2.5658219193861886e-06,7.57176191523395e-10
26,1.0919218390360495e-05,2.134865886803553e-06,3.310128126212861e-05,0.00039031754679641023,1.9891276441975136e-05,2.767302567256806e-09,3.257025118009216e-05,9.277320432001485e-07,1.329185543503809e-07,1.1787612163858308e-07,5.393802863776417e-06,9.109268219165804e-07,0.9914818168604989,2.5081688018332904e-07,8.042931490435368e-08,2.2078563671926156e-05,2.4275587721586276e-07,4.302191623227041e-05,3.7680277306027734e-07,0.007949691536637,4.5460009406122733e-07,1.1442926482752152e-06,1.3248512785002584e-09,4.418587275985623e-06,1.0495799843768545e-09
27,9.637391222146141e-06,2.1333106577162265e-06,2.1983219298701773e-05,0.00039176228629245413,1.7175224155687292e-05,3.037385738118145e-09,3.639414627037149e-05,1.069487348412371e-06,1.3391669316286243e-07,1.0460136227465718e-07,5.709864773171587e-06,9.825043484124894e-07,0.9929144709197256,2.1448166728471624e-07,1.0642000146666176e-07,2.0886082702586464e-05,1.8988781653304118e-07,3.701909663180016e-05,4.954208326935835e-07,0.0065345656387730865,3.7537344812346375e-07,1.600203877038536e-06,9.332975764885464e-10,2.985558696662277e-06,9.927211881987902e-10
28,9.556066091620327e-06,2.145033750012498e-06,2.4976577208924703e-05,0.0003621603855939958,1.7265382285935026e-05,2.5771726138976187e-09,3.6273727455567704e-05,1.0139993350273786e-06,1.096757042522292e-07,9.887090563681203e-08,5.811987759140634e-06,9.668269032892243e-07,0.9930185716415,2.209175069009974e-07,8.861522122201449e-08,2.0919124777756386e-05,2.2722102743516957e-07,3.854733475634282e-05,4.6444656271856635e-07,0.006455692969090314,4.5358569473570187e-07,1.3558711021021543e-06,9.712624151914906e-10,3.0752276083306838e-06,9.63723516823346e-10
29,9.556066091620327e-06,2.145033750012498e-06,2.4976577208924703e-05,0.0003621603855939958,1.7265382285935026e-05,2.5771726138976187e-09,3.6273727455567704e-05,1.0139993350273786e-06,1.096757042522292e-07,9.887090563681203e-08,5.811987759140634e-06,9.668269032892243e-07,0.9930185716415,2.209175069009974e-07,8.861522122201449e-08,2.0919124777756386e-05,2.2722102743516957e-07,3.854733475634282e-05,4.6444656271856635e-07,0.006455692969090314,4.5358569473570187e-07,1.3558711021021543e-06,9.712624151914906e-10,3.0752276083306838e-06,9.63723516823346e-10
30,9.556066091620327e-06,2.145033750012498e-06,2.4976577208924703e-05,0.0003621603855939958,1.7265382285935026e-05,2.5771726138976187e-09,3.6273727455567704e-05,1.0139993350273786e-06,1.096757042522292e-07,9.887090563681203e-08,5.811987759140634e-06,9.668269032892243e-07,0.9930185716415,2.209175069009974e-07,8.861522122201449e-08,2.0919124777756386e-05,2.2722102743516957e-07,3.854733475634282e-05,4.6444656271856635e-07,0.006455692969090314,4.5358569473570187e-07,1.3558711021021543e-06,9.712624151914906e-10,3.0752276083306838e-06,9.63723516823346e-10
31,1.0283212330784692e-05,2.027176474367164e-06,2.673763790668672e-05,0.0003427541483047279,1.5185311502974927e-05,2.511014654609821e-09,3.509406305217632e-05,1.0958383436319764e-06,9.899889333582628e-08,9.790347235196791e-08,5.708545705355622e-06,9.488036632272494e-07,0.9934280946891897,2.0877194072238536e-07,7.846850473739865e-08,2.128633767905003e-05,2.320749454428244e-07,4.0270946178769224e-05,4.4711052529583143e-07,0.006064700185982501,4.61964239769741e-07,1.3231350444568683e-06,9.327405395874167e-10,2.860333435024426e-06,8.989296660656618e-10
32,9.4234543350788e-06,2.1938270108300207e-06,2.427143855268995e-05,0.00036890947831054227,1.7220120862779357e-05,2.611846518984493e-09,3.700296910201733e-05,1.0253019903737016e-06,1.108044229585132e-07,1.0002696406799627e-07,5.8082787916093155e-06,9.730012356396502e-07,0.9930494745101877,2.1899491892629268e-07,9.24459210518942e-08,2.1628622024391305e-05,2.3022277703280693e-07,3.869753790949238e-05,4.989734151361203e-07,0.006417163422966322,4.611023844964805e-07,1.3899316383592667e-06,9.861098920821866e-10,3.100955594776592e-06,9.807275495723067e-10
33,1.1109960991436938e-05,3.868834211440292e-06,8.254292081282888e-05,0.00046888622858085526,4.4519667195594114e-05,9.261943807188928e-09,4.8807166858868535e-05,1.5372293768981706e-06,5.730900721627291e-07,5.480559976070761e-07,7.585947086390464e-06,1.1376406599169736e-06,0.9784897064060956,8.461337375874201e-07,2.935065204168324e-07,4.7244436942065046e-05,3.055709070004528e-07,5.215927106052901e-05,6.925619036598115e-07,0.020726431297662253,8.377203303563482e-07,1.9315396195314076e-06,3.0610157136952664e-09,8.418063109805747e-06,4.427307738124603e-09
34,1.0279962415675755e-05,1.8997058950413175e-06,2.3323203684619566e-05,0.0003295308706432424,1.567472152448641e-05,2.297795752075536e-09,3.4364251560853025e-05,9.396782873190547e-07,1.0052011894804744e-07,8.36194586244322e-08,5.775816960764675e-06,8.806476475897522e-07,0.9940452205268628,1.9153615699984003e-07,7.976363448596946e-08,1.7518474231565703e-05,1.975650244529178e-07,3.710675015882745e-05,4.4083371170441396e-07,0.0054719077285115,4.2757831302746974e-07,1.3030742678631035e-06,8.412080805228113e-10,2.7492109092036923e-06,8.210165581116452e-10
35,9.708574923332865e-06,2.1242432175439738e-06,2.4892610309383826e-05,0.0003595182602854091,1.6977653364937003e-05,2.591440185193532e-09,3.639773722994941e-05,1.0286390817111701e-06,1.0937646219604839e-07,9.830877375808655e-08,5.826528853441956e-06,9.696041269126225e-07,0.9931196081072963,2.1793840010877316e-07,8.784150247713225e-08,2.0911151141690472e-05,2.2595281515943016e-07,3.892873788842641e-05,4.671344959770904e-07,0.006357048430786545,4.516783158079777e-07,1.3673468511402272e-06,9.629990077018576e-10,3.02963640206906e-06,9.530368632464396e-10
36,1.4115393718611432e-05,2.2379351815747955e-06,3.262130627298711e-05,0.0003949946579786185,4.9284322920960186e-05,2.965018759633941e-09,5.613591982243709e-05,8.280745676681933e-07,1.7097471431039133e-07,7.407935863525521e-08,1.1915504116942716e-05,9.863221570373842e-07,0.9928012895342505,2.9976757648105175e-07,9.666257042384412e-08,1.132739251289231e-05,2.3572960590976638e-07,4.884736425721025e-05,4.656435650473582e-07,0.006566342635862358,8.864761711109335e-07,1.0419539090960924e-06,1.8935326487779372e-09,5.796214503148239e-06,1.2758546110815796e-09
37,9.823337460358445e-06,1.9259542356934934e-06,2.48446638594405e-05,0.00032426866829308136,1.6573942518615562e-05,2.1716348281332114e-09,3.478523078005523e-05,8.715914077470933e-07,1.0436990110436837e-07,8.542684285019964e-08,5.4200132683970035e-06,9.096144073140447e-07,0.993488879910687,2.1038525192712396e-07,7.276368754336926e-08,1.8243459895439352e-05,2.0784634713203945e-07,3.8124341421773486e-05,4.003025219466002e-07,0.006029399226258788,4.4017161802312876e-07,1.1961435341351511e-06,9.246869428100209e-10,3.208662116491522e-06,8.773636211556804e-10
38,8.94963728651657e-06,1.8164157050910414e-06,2.2447116544897665e-05,0.00030706254538395743,1.2074565758650116e-05,2.4655101836286694e-09,3.746589489581304e-05,9.360961732503345e-07,8.896852848287066e-08,8.590105415278027e-08,4.643254020869797e-06,8.942576242496981e-07,0.993390986956685,1.5892510967174652e-07,8.289777619619669e-08,2.5257143141051477e-05,2.144997838609551e-07,3.5778214403744726e-05,4.696803979640536e-07,0.006146235827451863,3.943461115766172e-07,1.228375802685141e-06,8.520624884744672e-10,2.724319067245279e-06,8.437204598981223e-10
39,1.0289535172921074e-05,1.8561220626978763e-06,2.5891268685367944e-05,0.00031839234280674287,1.4796673109147911e-05,2.872613568056563e-09,4.27494643705499e-05,1.3766514278950245e-06,9.528066204572638e-08,9.130478839697411e-08,6.181623898769855e-06,1.1046402400366029e-06,0.9930670669154298,1.9165580793696452e-07,8.077676942667888e-08,2.665386085299776e-05,2.518398977823994e-07,4.2930548167099614e-05,4.900575583060613e-07,0.006434791491289107,5.086137469837515e-07,1.4477366111428903e-06,9.404720304546339e-10,2.7568320947481924e-06,9.514646039975178e-10
40,1.0896997620779777e-05,1.9811568421642093e-06,2.6751439293822722e-05,0.0003025426148904037,1.7047432532930345e-05,2.463683690425972e-09,3.519461671531923e-05,8.642855839381459e-07,1.0578947392613581e-07,8.536842416379623e-08,6.11851131461378e-06,1.0209561641532946e-06,0.9938225440533139,2.1357671530700763e-07,8.549864621152073e-08,1.798768282492552e-05,2.257723517374146e-07,3.338801569143364e-05,3.8905261815825336e-07,0.005717652804885856,4.394223739176209e-07,1.3752796160501634e-06,8.693462882393598e-10,3.0853290485332465e-06,1.0100276579474479e-09
41,2.971811867227854e-06,6.452431090015065e-07,2.244833221322475e-05,9.483070063030133e-06,2.110980817126729e-06,2.0605859081957656e-10,8.47222143167759e-05,7.063380027088312e-07,1.612408091408901e-08,1.527982244268864e-08,5.328770024793148e-06,8.287781294587912e-07,0.9961785149512274,3.3739541260909215e-07,4.4757776456979305e-09,1.269124574541951e-05,2.7385208326537534e-07,5.33887765731529e-05,4.134162446899486e-07,0.0036167375724953485,6.2794977252381525e-06,5.615491563135903e-07,3.941386981417045e-10,1.5189597227005178e-06,7.65192113106381e-10
42,9.05209709664705e-06,2.1486038324045976e-06,2.2024428980569747e-05,0.00036279141959639615,1.3656576291666256e-05,2.8300700643445993e-09,3.476214994129523e-05,1.1654841099182421e-06,9.400920881406619e-08,1.0092490027530674e-07,5.326732798934478e-06,9.73273428371599e-07,0.9933368623477593,1.74610838008372e-07,9.843049155643307e-08,2.611159687319753e-05,2.419896511142174e-07,3.439775553717686e-05,5.355203887838433e-07,0.00614492927593686,3.928179395757671e-07,1.6293509806862558e-06,8.11323904045984e-10,2.526051997707626e-06,9.100265323380381e-10
43,9.148297492156507e-06,2.4187485215930683e-06,2.7862871603926e-05,0.0004067560716967617,1.8187618701238093e-05,3.821668070269702e-09,3.8420891093155815e-05,1.3207926784877546e-06,1.4320811419473577e-07,1.5162588288116984e-07,5.875398727784296e-06,9.375297260594151e-07,0.991119060527656,2.548996804486745e-07,1.2033153490276988e-07,2.7163845729764064e-05,2.3718304897826445e-07,4.0829554269161037e-05,5.732784449230795e-07,0.008295210858286753,4.802641477546345e-07,1.6554161218870586e-06,1.1571162220163677e-09,3.1846424962617166e-06,1.1655605723433827e-09
44,9.556066091620327e-06,2.145033750012498e-06,2.4976577208924703e-05,0.0003621603855939958,1.7265382285935026e-05,2.5771726138976187e-09,3.6273727455567704e-05,1.0139993350273786e-06,1.096757042522292e-07,9.887090563681203e-08,5.811987759140634e-06,9.668269032892243e-07,0.9930185716415,2.209175069009974e-07,8.861522122201449e-08,2.0919124777756386e-05,2.2722102743516957e-07,3.854733475634282e-05,4.6444656271856635e-07,0.006455692969090314,4.5358569473570187e-07,1.3558711021021543e-06,9.712624151914906e-10,3.0752276083306838e-06,9.63723516823346e-10
45,9.89860330864173e-06,2.2769748444516847e-06,2.8634696127826912e-05,0.0003366299249964212,1.714739483744128e-05,2.411092016698679e-09,3.348729216484133e-05,9.59260281739561e-07,1.0476133493222697e-07,1.0507408269982819e-07,5.947093107068821e-06,9.591495222863502e-07,0.992884981016189,2.519464404358485e-07,7.990567285517272e-08,2.0590233903760816e-05,2.5650967744541964e-07,4.050105285196257e-05,4.422212080009248e-07,0.006611583413602023,5.234265304674708e-07,1.2911673400487293e-06,1.0679220973649295e-09,3.344369137805818e-06,1.0338234056943367e-09
46,8.011034664174588e-06,1.9414330285971003e-06,3.6005394413980613e-05,0.00027895660685319705,2.119766918843031e-05,2.800546299448549e-09,3.944812781104828e-05,1.0786893480334907e-06,2.1909505457613283e-07,1.5856874997080546e-07,5.92795580451083e-06,7.453146903197102e-07,0.9893811430171092,4.2321404686234656e-07,9.581052491745888e-08,1.9426697099894427e-05,1.3955040200934384e-07,4.745807256029459e-05,4.7049062398457173e-07,0.01015130490840388,6.611532984757893e-07,1.1832414761232133e-06,1.170323420136847e-09,3.998647331080192e-06,1.3366467733785624e-09
47,1.0183686291649473e-05,2.5629629139798603e-06,3.805489243454793e-05,0.0005152002368014659,2.9963195261557968e-05,3.2163750238480477e-09,4.151740757866522e-05,1.2850028732851317e-06,1.6894181788979107e-07,1.531452742361491e-07,7.534815125007323e-06,9.687490880840268e-07,0.9896787502204697,4.0914027345231777e-07,1.1820732419183562e-07,2.2684580483870527e-05,2.7884913512954974e-07,5.5137478486449e-05,5.431274427896354e-07,0.009587987692542725,7.2736068684365e-07,1.2675286108398378e-06,1.7516839307550995e-09,4.496454035060344e-06,1.3569895073019165e-09
48,9.685017238748392e-06,2.653962542569278e-06,1.9578648853877198e-05,0.0004600832745524951,1.3464973970237788e-05,2.614123556389296e-09,3.522578251750507e-05,1.1587836856817106e-06,8.284773384350917e-08,1.0131531893527162e-07,5.356117259185813e-06,9.5031013518901e-07,0.9946876635690939,1.841041529870229e-07,8.790426706760753e-08,2.057797214960126e-05,2.7645118548856376e-07,3.9377522695140736e-05,6.033602825009404e-07,0.0046986365196074395,4.2278281346974946e-07,1.6328203254455849e-06,8.963973973026051e-10,2.1917108271114e-06,7.382706939470448e-10
49,9.77444780686935e-06,2.0662664711677897e-06,2.640114775003716e-05,0.00034604944812899953,1.6311061445127215e-05,2.7152029945426896e-09,3.4276909009020455e-05,9.994491059741462e-07,1.0745767659438724e-07,9.979183922717975e-08,5.6692977352457954e-06,9.843248070904086e-07,0.9926130725948904,2.143712550237802e-07,8.434016269963117e-08,2.1717184437620384e-05,2.3053590740086994e-07,3.7460523396527105e-05,4.0597766528656865e-07,0.00687914854222379,4.1810333520734434e-07,1.3359436729782426e-06,9.75473731535228e-10,3.16761960193315e-06,9.709990878936776e-10
50,9.42615616389732e-06,2.1364466806604455e-06,2.465112729973009e-05,0.0003579736290528655,1.700743840156355e-05,2.5543817412955658e-09,3.629723960835024e-05,1.0137046237854309e-06,1.0977974230345183e-07,9.90905486936855e-08,5.7416228619521904e-06,9.547740386451714e-07,0.9930794978768641,2.2048334747566476e-07,8.781794783603373e-08,2.070067775002011e-05,2.225571690685914e-07,3.832404651002569e-05,4.6676183672389894e-07,0.006400228759641023,4.517389951983725e-07,1.3604014435255746e-06,9.528350443126521e-10,3.0234091473241675e-06,9.53108632873951e-10
51,9.911679209000932e-06,2.007646481608097e-06,2.726719468560878e-05,0.0003282128689695037,1.8362655505924712e-05,2.6548153386050394e-09,3.983341051627673e-05,1.0104767707412789e-06,1.1652605190842609e-07,9.579235885122063e-08,6.0215157943634536e-06,1.0234259951532348e-06,0.9926745366921653,2.2609350880208075e-07,8.699616126124869e-08,2.2392678783700886e-05,2.3708150827388706e-07,3.9073715092016034e-05,4.501446338655686e-07,0.006823903757005849,4.954954413371973e-07,1.3127054168679167e-06,1.0373027014538565e-09,3.416690781546405e-06,1.0650444246589082e-09
52,9.20187559909495e-06,2.046171353591011e-06,2.450635672579876e-05,0.000387471389832779,1.4568620505460844e-05,2.748704984723006e-09,3.02443849386543e-05,1.120509729054848e-06,1.1286919075895128e-07,1.217406241852736e-07,5.266893978262802e-06,8.262037655636773e-07,0.9922680243453522,2.2060537647315355e-07,9.216654347906924e-08,2.1493986129646524e-05,1.9248386968988334e-07,4.218643762271554e-05,4.6989160170364246e-07,0.007187383931755727,3.788389122848772e-07,1.3889172255596294e-06,9.179760262594736e-10,2.6768674062071096e-06,8.452801184570787e-10
53,9.230659333982437e-06,1.931725160677623e-06,2.2665438541261052e-05,0.0003308109747371077,1.815919484836966e-05,2.9130759952791276e-09,5.399903418251167e-05,1.053650310092909e-06,1.256848467652626e-07,8.019030751188146e-08,6.0048251191377545e-06,1.1905450139810344e-06,0.9929977957741918,2.077834728588211e-07,9.331270575860195e-08,2.3601270997437476e-05,2.1888509636834103e-07,3.851688015105487e-05,4.871648068122001e-07,0.0064887065426271085,4.824655022704306e-07,1.3444091328870484e-06,1.043524405253477e-09,3.288539593072985e-06,1.0927205675859402e-09
54,7.912072403286234e-06,2.5939950819772087e-06,2.893891125852738e-05,0.00035453218256868046,1.86904622572623e-05,3.0092574942805863e-09,3.916150227534729e-05,1.02723394806966e-06,1.4666801314167446e-07,1.4156280878828303e-07,5.31331635104795e-06,1.1526920691050888e-06,0.9909849471230359,2.948106155010911e-07,1.2035373745092108e-07,3.0172377494241783e-05,2.4294812009247037e-07,3.4977716817343845e-05,5.236342489700012e-07,0.008483300121554899,4.715045753990095e-07,1.50202905938235e-06,1.0645826781635678e-09,3.83117286151764e-06,1.5350038341970336e-09
55,9.145484353948194e-06,2.482404847334646e-06,2.8528373264415933e-05,0.000388800844801701,1.7153073769726862e-05,2.8093453048455245e-09,3.213056492716156e-05,1.166574250196445e-06,1.0912700809244701e-07,1.3522918928240952e-07,5.889537643894855e-06,8.512881110778143e-07,0.9921885601645458,2.641146744929032e-07,9.806050195881186e-08,2.2187214873379878e-05,2.556399377269422e-07,4.081824807680316e-05,5.186848126974798e-07,0.007256045093722106,5.17674930575247e-07,1.4929409660379571e-06,1.0266297542741577e-09,2.8448200804099587e-06,1.004735833583389e-09
56,9.531712025902154e-06,2.0915097853130935e-06,2.426724640280591e-05,0.0003519580658813895,1.6607994281283587e-05,2.4830979709788137e-09,3.564717575383698e-05,9.869932870326452e-07,1.0662516834868449e-07,9.486818530431981e-08,5.707166751289336e-06,9.524164879666248e-07,0.9932344065632353,2.1462950898351624e-07,8.530301585661036e-08,2.0143148617298325e-05,2.2036378308129963e-07,3.790768046866189e-05,4.5390046383681714e-07,0.006253809196530321,4.433588099593563e-07,1.3446229917433128e-06,9.376109090591786e-10,3.0151083196147714e-06,9.295360460844007e-10
57,1.911164666079111e-05,2.8941451706559844e-06,5.5974845388087364e-05,0.0007381148311206565,4.417707044771708e-05,7.0943014081981505e-09,4.584285815570212e-05,1.8019927156963784e-06,2.570754070955511e-07,2.0367473795152087e-07,1.0714197491728211e-05,1.4210722647394276e-06,0.98740361322579,5.243916438150501e-07,1.4412766327527168e-07,2.2685681399228224e-05,3.7420749599550616e-07,7.363939175370266e-05,3.7416890254552353e-07,0.01157075065817796,5.984881921133758e-07,1.6809540237673342e-06,2.8899581012409773e-09,5.089599042692057e-06,1.7120946634637898e-09
58,9.233206623375429e-06,2.082143552875073e-06,2.4059987007493115e-05,0.0003514610380024677,1.773078939214082e-05,2.4583871051660537e-09,3.601689760455783e-05,9.204269128859448e-07,1.1295541791488559e-07,9.334469357572891e-08,5.630605148034956e-06,9.536313514054237e-07,0.9928714753135108,2.160795410930046e-07,8.668350642079942e-08,2.0395910754308162e-05,2.164754387638616e-07,3.7117503009857214e-05,4.480813665729101e-07,0.006616619381794685,4.4275638787517784e-07,1.292475947003929e-06,9.900908329663719e-10,3.3898917741950174e-06,9.727837315150221e-10
59,9.389975093011454e-06,2.1249486495752204e-06,2.6641020478648882e-05,0.00035032226462081584,1.7875160654138234e-05,2.512234392541897e-09,3.532527887228058e-05,9.559242467030893e-07,1.1327856378972365e-07,1.0149990524979301e-07,5.634151603514704e-06,9.431892861736951e-07,0.9924946549033811,2.3089488167380166e-07,8.562443607680534e-08,2.135103125060781e-05,2.2848694101037827e-07,3.858487433464345e-05,4.381613341480472e-07,0.006989794148742248,4.6875457491143443e-07,1.2733685297756978e-06,1.0315700252713934e-09,3.45850800964387e-06,1.0078057730810028e-09
60,9.556066091620327e-06,2.145033750012498e-06,2.4976577208924703e-05,0.0003621603855939958,1.7265382285935026e-05,2.5771726138976187e-09,3.6273727455567704e-05,1.0139993350273786e-06,1.096757042522292e-07,9.887090563681203e-08,5.811987759140634e-06,9.668269032892243e-07,0.9930185716415,2.209175069009974e-07,8.861522122201449e-08,2.0919124777756386e-05,2.2722102743516957e-07,3.854733475634282e-05,4.6444656271856635e-07,0.006455692969090314,4.5358569473570187e-07,1.3558711021021543e-06,9.712624151914906e-10,3.0752276083306838e-06,9.63723516823346e-10
61,9.80336947027334e-06,2.1277020445217488e-06,2.7587864669454694e-05,0.0003490450538803748,1.823273978682188e-05,2.5670865811723636e-09,3.581815633493599e-05,9.781938670112699e-07,1.169155907655063e-07,1.0312288047576372e-07,5.78941051920097e-06,9.576186228615868e-07,0.9926125140690889,2.3482265909833305e-07,8.540497340729996e-08,2.1166257052664087e-05,2.3111183063695197e-07,3.9229162022185605e-05,4.4199515947122e-07,0.0068702504222383585,4.802919931634157e-07,1.2895850898899882e-06,1.0513910787086791e-09,3.5120839418271525e-06,1.027805805450785e-09
62,9.556066091620327e-06,2.145033750012498e-06,2.4976577208924703e-05,0.0003621603855939958,1.7265382285935026e-05,2.5771726138976187e-09,3.6273727455567704e-05,1.0139993350273786e-06,1.096757042522292e-07,9.887090563681203e-08,5.811987759140634e-06,9.668269032892243e-07,0.9930185716415,2.209175069009974e-07,8.861522122201449e-08,2.0919124777756386e-05,2.2722102743516957e-07,3.854733475634282e-05,4.6444656271856635e-07,0.006455692969090314,4.5358569473570187e-07,1.3558711021021543e-06,9.712624151914906e-10,3.0752276083306838e-06,9.63723516823346e-10
63,9.472271705154098e-06,2.248966292651782e-06,2.451256985818738e-05,0.0003697821730314991,1.703665002376182e-05,2.5865651632363173e-09,3.587228704862482e-05,1.016388192632675e-06,1.0824128113417567e-07,1.0123554228959646e-07,5.762913861485066e-06,9.744951774597417e-07,0.9931367638316053,2.2000774664172984e-07,9.021210917958802e-08,2.1194833777560643e-05,2.332991146810954e-07,3.8173058995947744e-05,4.831000846596306e-07,0.006331043435480974,4.537455426204605e-07,1.3909077409191991e-06,9.697280912869815e-10,3.0608519445929027e-06,9.675487369667039e-10
64,9.587680371213233e-06,2.109716570809598e-06,2.6051617118061762e-05,0.00032992009540200415,1.759956744658974e-05,2.413499639887623e-09,3.7492529634900844e-05,9.862516848290895e-07,1.0657294515858229e-07,9.480409509225577e-08,6.02384008433207e-06,9.61626308026718e-07,0.9930900432381057,2.309705773751089e-07,8.310076216518722e-08,2.043991886566329e-05,2.3764520718886174e-07,3.947282699564205e-05,4.68729073970924e-07,0.00641304459315932,5.218181688182957e-07,1.306182666579174e-06,1.0051985302449456e-09,3.212260070866109e-06,9.95987355332517e-10
65,6.518639498006621e-06,2.1754434232473137e-06,3.929423071790881e-05,0.00024012086110139532,1.4800213905729484e-05,1.7428828922521069e-09,2.304505435426007e-05,7.353164552808724e-07,1.6323261852418508e-07,1.7645271173445738e-07,3.3891080177355342e-06,7.201140016855389e-07,0.9893794592512868,4.354822727646815e-07,6.273610380542806e-08,2.0888924675939693e-05,1.6106498476098614e-07,3.3117109707037185e-05,2.886237636207669e-07,0.01022822390011,4.63691963979299e-07,1.0908363479555847e-06,8.900335983424777e-10,4.6657680679856835e-06,1.3109932991321726e-09
66,2.6791212921935462e-05,1.4463863937561963e-05,4.637471047538083e-05,0.002536004170966761,0.00012263586543686782,2.868715453735386e-08,0.00014411064629878982,3.435623189756993e-06,8.291284111255126e-07,4.6050117984936913e-07,2.515478479043525e-05,4.800296151029263e-06,0.9870392189001601,1.1330410148777907e-06,1.0035965941298596e-06,5.923887315961566e-05,1.4723186789040322e-06,0.00010619408101251528,3.43574995110071e-06,0.0098414556772357,1.9087028161330164e-06,5.850090071445981e-06,1.479142088349405e-08,1.3976311883941245e-05,8.375086518912912e-09
67,1.5144702947349112e-05,3.220358970201121e-06,1.687500695094869e-05,0.0004730320365625506,3.2087710572118845e-05,5.464951447562238e-09,8.709868516585293e-05,1.7693936022217992e-06,2.529223747293568e-07,8.600974162552512e-08,1.1840829930301291e-05,2.323654067795001e-06,0.9961576697246807,2.2554228501424757e-07,2.1443146678838523e-07,1.9273756289169745e-05,2.3114904367913198e-07,3.255316103751755e-05,1.0974948188622013e-06,0.0031381176706795893,4.955910541668622e-07,3.866346670716109e-06,7.982230421546364e-10,2.515916692962389e-06,1.6412207465291664e-09
68,1.3556368024382027e-05,2.306403730141285e-06,1.2737576125691242e-05,0.00037517948233925345,1.1582268082842761e-05,2.850506553795248e-09,5.120555826805017e-05,2.085815889743212e-06,5.412115492176358e-08,5.713588023185041e-08,9.359806444700876e-06,1.0592227073774235e-06,0.9970122533481455,9.693031244354145e-08,9.866987888615325e-08,1.916351212062861e-05,2.876955526363531e-07,4.554457157246648e-05,1.2395919612605458e-06,0.0024379430837146864,5.907197312069502e-07,2.54158306655715e-06,5.687661655671892e-10,1.0525926169982002e-06,5.234064877012657e-10
69,1.7168613324721535e-05,3.581665028571291e-06,1.8613641803378807e-05,0.0007659944623072686,3.1863963498704164e-05,4.432970828664553e-09,5.181390320829213e-05,1.1940556032809868e-06,1.350343886501337e-07,8.097358730817873e-08,1.0001123441548514e-05,1.6688695839772722e-06,0.9958884050924253,1.6365208898963422e-07,1.8716593671263976e-07,1.8189316338710494e-05,3.567509147518612e-07,3.2052571774118284e-05,8.312643600700569e-07,0.0031518962560906803,4.0041841588883794e-07,2.5218769559313905e-06,1.0865525543780187e-09,2.872691778436452e-06,1.1176214183047558e-09
70,1.0177040036637286e-05,2.3914071994476316e-06,2.9878072712820927e-05,0.0002345690949291677,1.143681637570222e-05,2.8262289580910694e-09,4.289343232588759e-05,1.4881687609505154e-06,8.747100576401166e-08,1.27374096965164e-07,6.456651269732975e-06,1.220696464330295e-06,0.9930091693640051,2.2346924124109822e-07,9.085580190767477e-08,4.237568764889715e-05,3.7263739246175514e-07,5.288999496409602e-05,8.793224241975706e-07,0.006547889402714217,8.003771884778332e-07,1.6897716238958352e-06,1.065867493994682e-09,2.8876521391213045e-06,1.3475826007605603e-09
