,0,1,2,3,4,5,6,7,8,9,10,11,12,13,14,15,16,17,18,19,20,21,22,23,24
0,6.555146105831448e-05,1.1535771688100774e-13,3.069725592817781e-05,7.731849934764944e-06,8.409550049881207e-05,4.5699162055867563e-07,3.7274017244600444e-05,8.695556650182844e-05,2.77619264900504e-08,0.00027215577054087817,7.407067403356635e-07,2.305825232838549e-06,0.9529341826608124,3.063362944370451e-06,1.0188303560677736e-10,0.005424365319125654,1.6495301451643826e-05,0.0014762743212491936,2.4588060163062383e-06,0.03941279424708234,1.0236289553243688e-07,2.191892690645978e-11,1.8204713957895047e-06,0.00014045027309243872,4.2789382290410596e-11
1,4.4406787656517105e-05,4.969067858780555e-14,2.4279516541139396e-05,6.801321680902752e-06,4.046032603127039e-05,2.7409114481717743e-07,1.824138942999292e-05,7.927349713020686e-05,2.0094120833277258e-08,0.00025165538891991845,4.4271995347298534e-07,1.1316094571947833e-06,0.9646917570791455,1.0240432548019389e-06,4.5600187049580994e-11,0.004789050104561692,9.177335767637247e-06,0.0008251823555247729,1.5210929663124898e-06,0.029127152104398275,5.669318594837637e-08,1.0231975681909353e-11,1.1552598032973788e-06,8.693711884761705e-05,1.4595967581816478e-11
2,4.696126106488698e-05,5.924572549963496e-14,2.228959576183122e-05,7.3644522910468666e-06,4.4516390015442256e-05,2.7415453326986246e-07,1.9063738642332523e-05,8.507554187179833e-05,2.063858257350755e-08,0.0002604801201031324,5.53311641830722e-07,1.257185298402341e-06,0.9577234918422847,1.347704164965164e-06,5.874551497429799e-11,0.004078468096988711,1.0135475298272288e-05,0.001002318940936574,1.440470090276992e-06,0.03660315899507848,5.945232944137556e-08,1.1038937233623388e-11,1.3633416926462323e-06,9.03592014370384e-05,2.0048506113934072e-11
3,4.665762043588596e-05,5.5957996050920224e-14,2.1232319175607255e-05,7.674755473201712e-06,4.063297558527156e-05,2.947305498321169e-07,2.087780961831239e-05,8.021175981686375e-05,1.8776794979058792e-08,0.00024119702492180566,4.913263627533292e-07,1.2868787956010084e-06,0.9609482410348957,1.3049042419036635e-06,5.1750849091183455e-11,0.00470417044061423,1.0550221322031972e-05,0.0010487912792750578,1.4820244168151053e-06,0.03272727516675569,6.042696959560998e-08,1.1784190662135151e-11,1.313659802339022e-06,9.623478232966053e-05,1.8255860159848926e-11
4,4.440584504826381e-05,5.063102292317611e-14,1.961003386793199e-05,6.919673644374338e-06,3.72673805578902e-05,2.717552677868182e-07,1.950454427377683e-05,7.499001986896395e-05,1.657784244472517e-08,0.00022897103541163552,4.4779268209169005e-07,1.1822393881650059e-06,0.9628788420700575,1.245874885167577e-06,4.6922343143926486e-11,0.004402405365746007,1.017731349758206e-05,0.0010043070170505067,1.4349495008033745e-06,0.03117136719618161,5.460535740790031e-08,1.0632953284058876e-11,1.2122747158684272e-06,9.536636074001243e-05,1.6808220026791858e-11
5,4.4358265693452846e-05,5.626477818765729e-14,1.8814868789106882e-05,8.507678347871376e-06,3.664375416190139e-05,3.072217516859464e-07,2.0063736482300297e-05,7.956904364745107e-05,1.737407030404701e-08,0.0002402445941529774,5.027890125326198e-07,1.2812671192882031e-06,0.9589331649151946,1.3069930013021852e-06,5.2329080456715226e-11,0.004786263594679855,1.0542649579309423e-05,0.0012075746253791978,1.415084278569611e-06,0.03451167680146455,5.97844052363634e-08,1.2152995764683077e-11,1.365268584781043e-06,9.631960785249239e-05,1.7812700926850802e-11
6,4.665762043588596e-05,5.5957996050920224e-14,2.1232319175607255e-05,7.674755473201712e-06,4.063297558527156e-05,2.947305498321169e-07,2.087780961831239e-05,8.021175981686375e-05,1.8776794979058792e-08,0.00024119702492180566,4.913263627533292e-07,1.2868787956010084e-06,0.9609482410348957,1.3049042419036635e-06,5.1750849091183455e-11,0.00470417044061423,1.0550221322031972e-05,0.0010487912792750578,1.4820244168151053e-06,0.03272727516675569,6.042696959560998e-08,1.1784190662135151e-11,1.313659802339022e-06,9.623478232966053e-05,1.8255860159848926e-11
7,1.853653941864196e-05,1.2137656408266774e-12,1.3488428202687166e-05,0.00011742356547678319,0.00024761166494776434,5.5398827277988816e-05,0.00019715612301228903,0.00010547166618536601,3.738973759436189e-07,0.00019785246220299242,2.666224963317747e-06,3.946242412970753e-05,0.4301949306211331,1.9609920864116346e-05,2.4126832210127014e-09,0.11353040580746326,3.997382822868647e-05,0.2011842662266337,2.201287031108345e-06,0.2533751600593065,1.1472114273517418e-05,2.1069917489626675e-10,0.00026990059228839254,0.0003766348144313129,2.8055666272832086e-10
8,6.282120508562983e-05,5.656132602229769e-14,3.0493204695125024e-05,8.22708608866128e-06,4.067541126471829e-05,2.3150449413701615e-07,2.2492054723137135e-05,9.039666700316538e-05,2.0942229770571614e-08,0.00032808734478372486,5.31140286964211e-07,1.378071584389881e-06,0.9625750341005291,1.4415108579062469e-06,5.3203229425082234e-11,0.003988710411770446,1.2296641064762603e-05,0.0006415018455203857,1.439548505432057e-06,0.032083257262288056,6.417853160615544e-08,1.28791045038115e-11,1.3670856096001658e-06,0.00010953269273223436,2.4212126972225007e-11
9,6.172388065976178e-05,5.913101151282995e-14,2.527372139334715e-05,9.015924529286152e-06,4.0300895367615076e-05,2.474048345134561e-07,2.1624786047550707e-05,9.151953832578406e-05,2.1527576316433956e-08,0.00032906355769442866,5.638971659058177e-07,1.2727975402020446e-06,0.959899306986724,1.4617387414325642e-06,5.68781900338847e-11,0.0039017008623344297,1.1683137092473476e-05,0.0007925275637900577,1.406788630964744e-06,0.034701469256698564,6.041561291946555e-08,1.2400203387123097e-11,1.5073222866940121e-06,0.00010824790323336055,2.4382977144703742e-11
10,4.665762043588596e-05,5.5957996050920224e-14,2.1232319175607255e-05,7.674755473201712e-06,4.063297558527156e-05,2.947305498321169e-07,2.087780961831239e-05,8.021175981686375e-05,1.8776794979058792e-08,0.00024119702492180566,4.913263627533292e-07,1.2868787956010084e-06,0.9609482410348957,1.3049042419036635e-06,5.1750849091183455e-11,0.00470417044061423,1.0550221322031972e-05,0.0010487912792750578,1.4820244168151053e-06,0.03272727516675569,6.042696959560998e-08,1.1784190662135151e-11,1.313659802339022e-06,9.623478232966053e-05,1.8255860159848926e-11
11,4.406586152355748e-05,4.9123165540030776e-14,1.9562385792856754e-05,6.840398231184803e-06,3.6063983329150755e-05,2.6550403621311573e-07,1.9330556934723914e-05,7.712146844990104e-05,1.6779579659930142e-08,0.00023213401996418647,4.4092373594878787e-07,1.1846973152291048e-06,0.9637489488068245,1.1842613395418468e-06,4.603991221447406e-11,0.004372023403599753,1.0000187274111507e-05,0.0009655715853000643,1.4023650823888683e-06,0.0303688696399879,5.306290537012077e-08,1.0684569097617292e-11,1.170578126048062e-06,9.374945769799248e-05,1.619591670262528e-11
12,4.8369054892138046e-05,4.5607753473032176e-14,3.851625825283393e-05,4.609408093438384e-06,5.45883475024502e-06,7.507252606369398e-08,6.095038960799735e-06,0.00029113586199817145,1.2511720193833231e-08,0.00025757415650672777,2.2138632987159642e-07,6.748773695819204e-07,0.9908256242481935,1.0724968174603468e-07,2.7042766983955096e-11,0.0030375404810349064,5.178971316685003e-06,0.00010294222086442941,1.576182626339054e-06,0.005333124493623851,1.6125620230248304e-08,1.7669118357957964e-11,1.2352276778935886e-07,4.102399472609401e-05,3.3870934056713326e-12
13,3.4354555082561604e-05,8.038266259967233e-14,1.8210727283553887e-05,6.561481403591617e-06,4.574491289456169e-05,7.96254402187934e-07,2.786410765538846e-05,6.379160735634089e-05,2.219634143666712e-08,0.0002457146332707066,1.8002922993037394e-07,1.0071581005212684e-06,0.9716718721273438,6.276982457308123e-07,3.1019723853520436e-11,0.006464014686780918,1.2723033047956919e-05,0.0011288835695093058,2.597204885230022e-06,0.020100062297630766,6.621286559716341e-08,1.842338644298967e-11,1.2893378210482296e-06,0.00017361610225618922,1.7069043568399338e-11
14,5.251094420041244e-05,5.325219060843339e-14,2.213749544230432e-05,7.841630665640225e-06,3.958347223316865e-05,2.9347176854564317e-07,2.4636666641041532e-05,9.061571520841774e-05,2.0836355751827416e-08,0.00026122439883091475,4.814363591324456e-07,1.451115912872326e-06,0.9622467941974959,1.3604797366924582e-06,5.325185185293649e-11,0.004761088364726345,1.1487507995562738e-05,0.000975075531832082,1.3974396899921638e-06,0.03139283078803047,6.491638279799004e-08,1.279466885371786e-11,1.408153772969565e-06,0.00010769535028330835,2.0335760872519367e-11
15,4.665762043588596e-05,5.5957996050920224e-14,2.1232319175607255e-05,7.674755473201712e-06,4.063297558527156e-05,2.947305498321169e-07,2.087780961831239e-05,8.021175981686375e-05,1.8776794979058792e-08,0.00024119702492180566,4.913263627533292e-07,1.2868787956010084e-06,0.9609482410348957,1.3049042419036635e-06,5.1750849091183455e-11,0.00470417044061423,1.0550221322031972e-05,0.0010487912792750578,1.4820244168151053e-06,0.03272727516675569,6.042696959560998e-08,1.1784190662135151e-11,1.313659802339022e-06,9.623478232966053e-05,1.8255860159848926e-11
16,3.8557202512607876e-05,4.2817797387354787e-14,1.7640893501524918e-05,7.6040667750939716e-06,3.40763342484296e-05,2.981431216613352e-07,2.0222154191869268e-05,6.80563196563227e-05,1.3466244201789163e-08,0.00020525987422907957,5.065883493237398e-07,1.3598656591197397e-06,0.9553863557938532,1.483611514767982e-06,5.076213781717453e-11,0.0055742814962349485,1.0594336467333269e-05,0.0014785384329731972,1.3309203637662496e-06,0.03705968004205213,6.76333150781026e-08,1.0276093888704798e-11,1.3795979144032162e-06,9.26931512874227e-05,1.4453545972338786e-11
17,5.9353492107463976e-05,5.576077025677253e-14,2.16763286957671e-05,9.150979374586448e-06,4.183916821429281e-05,2.550614030048385e-07,2.6890299088332383e-05,8.731354468961318e-05,1.914854127341871e-08,0.00023338881610732653,5.661096432489809e-07,1.6363362011297968e-06,0.9602985101597503,1.725333830474549e-06,5.169334108852086e-11,0.004714158999365376,1.2679407909530382e-05,0.0009616694033368359,1.2908211279944002e-06,0.033427161112788775,6.034606145455609e-08,1.3716584260900831e-11,1.3514451075053245e-06,9.930359707248726e-05,2.4117575050975705e-11
18,5.992997740920384e-05,5.709158528900533e-14,1.7216784499306773e-05,6.907724997210192e-06,4.533711397311714e-05,2.6194032653475413e-07,2.5358550433890426e-05,6.97118188531041e-05,1.8400622126700312e-08,0.00024278574928476629,5.0097432466633e-07,1.1901072648928343e-06,0.9588677174607938,1.776388119497064e-06,4.958398596616965e-11,0.003552882097043823,1.5286793586347985e-05,0.0011761714377933837,1.5049513294182074e-06,0.03579082667798585,5.587044136105268e-08,1.2104159932663869e-11,1.6051827017256425e-06,0.00012295390809217074,2.837855386952842e-11
19,4.2971562060457285e-05,4.5221838624960044e-14,2.2213244463310057e-05,6.730308341079119e-06,3.619089463253254e-05,2.758661129886823e-07,2.2253495791881913e-05,8.475740841357023e-05,1.85553462410569e-08,0.000270441228886417,3.861659103050027e-07,1.3025891099323989e-06,0.9671487384911222,9.689974458322885e-07,3.975471740363402e-11,0.004214689324922326,9.96119112581453e-06,0.0006951675798138223,1.2933536130647285e-06,0.027344779584716327,5.050956718483922e-08,1.2071823219181607e-11,1.0070656688904856e-06,9.580251459563978e-05,1.6468483360125745e-11
20,4.404243199009433e-05,8.524846046720711e-14,2.2086162225574637e-05,1.002259024309613e-05,3.605425608966397e-05,3.5065695300650866e-07,1.9971414346834257e-05,0.0001117020657275016,2.1348110799874026e-08,0.0002573877935480746,6.42997569496733e-07,1.7476646012632234e-06,0.9577392320117188,1.3503035286648663e-06,8.130042076264061e-11,0.005225901477665762,1.059941765484575e-05,0.0013030910939003761,1.53334072543279e-06,0.03512134106218405,7.385547953604808e-08,1.8277240458389242e-11,1.3798284013593371e-06,9.146810747833045e-05,2.0194566577103133e-11
21,5.144304853460295e-05,5.788645033088074e-14,2.0837184761117342e-05,1.0319990443551881e-05,3.950265886892727e-05,2.886011417564112e-07,2.010583649341951e-05,8.128746146909592e-05,1.8522664323997685e-08,0.0002392111993181426,6.798819966568002e-07,1.4652184345393304e-06,0.9541276434120464,1.7296728574534153e-06,6.258393967853143e-11,0.005539945654077891,1.0165502800601576e-05,0.0013229088486925963,1.423576412699096e-06,0.03844403935360531,6.533970519614116e-08,1.1807412637510553e-11,1.517054354935574e-06,8.540188806543842e-05,1.8806286985718413e-11
22,4.858617972730693e-05,5.4185635129200684e-14,2.2749618924615055e-05,9.764840838661386e-06,3.818790780555478e-05,2.8762515508859826e-07,1.9961310315348522e-05,7.852523951179162e-05,1.737928049911071e-08,0.000254001537236451,6.288219613808885e-07,1.2917359330432684e-06,0.9555345436457219,1.3563370936599291e-06,5.3888928102994555e-11,0.005326273059085726,1.20592060332685e-05,0.001238289565103443,1.4584149404843951e-06,0.03732389480299091,7.071341677760104e-08,1.2793812054048384e-11,1.4144466961357499e-06,8.663752834211195e-05,1.714901053716793e-11
23,4.665762043588596e-05,5.5957996050920224e-14,2.1232319175607255e-05,7.674755473201712e-06,4.063297558527156e-05,2.947305498321169e-07,2.087780961831239e-05,8.021175981686375e-05,1.8776794979058792e-08,0.00024119702492180566,4.913263627533292e-07,1.2868787956010084e-06,0.9609482410348957,1.3049042419036635e-06,5.1750849091183455e-11,0.00470417044061423,1.0550221322031972e-05,0.0010487912792750578,1.4820244168151053e-06,0.03272727516675569,6.042696959560998e-08,1.1784190662135151e-11,1.313659802339022e-06,9.623478232966053e-05,1.8255860159848926e-11
24,4.5648859853797844e-05,5.764290142364344e-14,1.9485106468954574e-05,9.737588084530444e-06,4.0610176503265324e-05,2.918476177871844e-07,1.8964778138677645e-05,7.635202808079889e-05,1.740265478516015e-08,0.00025004324779556746,5.730997358646463e-07,1.3356217429899575e-06,0.9569218835583292,1.3908011192678083e-06,5.066638513842021e-11,0.0046417610322393695,9.924505754726824e-06,0.0011049224839367467,1.357505638378305e-06,0.03677147459997774,5.451324740580955e-08,1.2130430548898434e-11,1.263642896298403e-06,8.29075186456532e-05,1.8684029414271017e-11
25,4.736380513038212e-05,3.4709968230924916e-14,1.831477020298058e-05,7.311958295974415e-06,2.9744211236595637e-05,1.659322461021891e-07,1.8646119387123262e-05,8.287180975622061e-05,1.3661422007638242e-08,0.00022632231194607316,5.383809050040304e-07,1.1536033847361748e-06,0.9622126023905554,1.229777190133911e-06,4.035965551208239e-11,0.003709213225276935,9.49009472076586e-06,0.0007947661115240231,9.879886059662255e-07,0.03276542255740539,4.001670366916568e-08,8.859540724976233e-12,9.402104624843348e-07,7.286099970997836e-05,1.467827568116644e-11
26,5.215223776897019e-05,4.907865037048251e-14,1.917927289626864e-05,6.42875173344316e-06,4.186695835299262e-05,3.0662515638928564e-07,2.219765364103513e-05,7.335964022607054e-05,2.168525779804374e-08,0.00026090333182185563,4.0913498677059187e-07,1.0172500204811015e-06,0.9637450227597185,1.1670352244717979e-06,4.5162637400619286e-11,0.004208288214497235,1.2029601172299417e-05,0.00107185927600626,1.5565219665140017e-06,0.03036412545795194,6.077275318649671e-08,1.029407872738869e-11,1.6094815308343852e-06,0.00011643826266702082,1.914403551332114e-11
27,4.781125545868059e-05,6.979086229314177e-14,2.086459207418221e-05,8.696091557467865e-06,4.126046928093588e-05,3.2352606107148555e-07,2.14680901661293e-05,9.61046397680035e-05,2.2641230351084097e-08,0.0002573321473180283,5.372190704591981e-07,1.4503066538295928e-06,0.9611683520845907,1.3041612041783708e-06,6.149933514294796e-11,0.004653014678444967,1.0145889739425916e-05,0.0010606528775066791,1.4977380730327817e-06,0.03251300950636042,5.929741728867349e-08,1.4250470465292233e-11,1.3437138532154065e-06,9.474897745576422e-05,2.0895473807280784e-11
28,4.665762043588596e-05,5.5957996050920224e-14,2.1232319175607255e-05,7.674755473201712e-06,4.063297558527156e-05,2.947305498321169e-07,2.087780961831239e-05,8.021175981686375e-05,1.8776794979058792e-08,0.00024119702492180566,4.913263627533292e-07,1.2868787956010084e-06,0.9609482410348957,1.3049042419036635e-06,5.1750849091183455e-11,0.00470417044061423,1.0550221322031972e-05,0.0010487912792750578,1.4820244168151053e-06,0.03272727516675569,6.042696959560998e-08,1.1784190662135151e-11,1.313659802339022e-06,9.623478232966053e-05,1.8255860159848926e-11
29,4.665762043588596e-05,5.5957996050920224e-14,2.1232319175607255e-05,7.674755473201712e-06,4.063297558527156e-05,2.947305498321169e-07,2.087780961831239e-05,8.021175981686375e-05,1.8776794979058792e-08,0.00024119702492180566,4.913263627533292e-07,1.2868787956010084e-06,0.9609482410348957,1.3049042419036635e-06,5.1750849091183455e-11,0.00470417044061423,1.0550221322031972e-05,0.0010487912792750578,1.4820244168151053e-06,0.03272727516675569,6.042696959560998e-08,1.1784190662135151e-11,1.313659802339022e-06,9.623478232966053e-05,1.8255860159848926e-11
30,4.665762043588596e-05,5.5957996050920224e-14,2.1232319175607255e-05,7.674755473201712e-06,4.063297558527156e-05,2.947305498321169e-07,2.087780961831239e-05,8.021175981686375e-05,1.8776794979058792e-08,0.00024119702492180566,4.913263627533292e-07,1.2868787956010084e-06,0.9609482410348957,1.3049042419036635e-06,5.1750849091183455e-11,0.00470417044061423,1.0550221322031972e-05,0.0010487912792750578,1.4820244168151053e-06,0.03272727516675569,6.042696959560998e-08,1.1784190662135151e-11,1.313659802339022e-06,9.623478232966053e-05,1.8255860159848926e-11
31,5.9898006622510816e-05,2.487500776843452e-13,1.7222024401339546e-05,0.00011024677004331096,0.0006879407751958469,9.284615961758353e-06,0.0003719685552737865,3.8053709489290855e-05,1.92734452100724e-07,0.001442469322746467,3.827621414845632e-06,8.216255826285648e-06,0.6871123505889786,2.029610218342698e-05,2.704910686791286e-10,0.018623553316041982,3.565931116414935e-05,0.01186359630423888,1.887314082833073e-06,0.2792725329014681,4.512813071381185e-07,7.958178912318912e-11,3.801965143279383e-05,0.00028233203071571864,4.566369549567396e-10
32,4.599630886534535e-05,5.6781610005803775e-14,2.102318995025643e-05,7.206698496657783e-06,3.9823456263819594e-05,2.8908138813188483e-07,1.9528357404810103e-05,7.65186069669557e-05,1.793292159098192e-08,0.00023280102353257865,4.658398540707616e-07,1.2102870312596695e-06,0.9625877028049457,1.2604584474119852e-06,4.9815770231504515e-11,0.004611579877926977,1.0422949402239732e-05,0.001035444279128444,1.5696403544451891e-06,0.031209668424038446,5.8020994930081906e-08,1.1512314858395235e-11,1.2492867076352872e-06,9.616339653844434e-05,1.7455003500620458e-11
33,0.00016571725572319656,3.454237869984308e-13,0.00018669964915196582,3.9776191200387005e-05,0.00043528585253462806,9.470311246752927e-07,8.105702749032136e-05,0.0003099894823330526,4.4288791609014657e-07,0.0013165403039962073,7.733744819874044e-06,5.735894183847631e-06,0.8192077709910573,6.483243765458548e-06,7.585285833830338e-10,0.006825959508918733,2.204491762945992e-05,0.0011547371539347632,1.8971537619927215e-06,0.1701246407487,5.946557322152021e-07,3.900750719906408e-11,1.3839822520741823e-05,9.210541175493802e-05,2.738687491847116e-10
34,3.7823493136872896e-05,6.635382667905357e-14,2.097755363948707e-05,9.548653035224609e-06,4.081309835031458e-05,4.204679787755814e-07,2.4520269617687838e-05,8.9115472183374e-05,2.0940772435790522e-08,0.00026817086276691203,5.047783147226256e-07,1.6753442069013605e-06,0.9553723413319919,1.3048649124295797e-06,6.083619959931185e-11,0.005529157274472501,1.0779856537144556e-05,0.0012210844326766197,1.3835372436174149e-06,0.03726372198332501,7.492633934925681e-08,1.5546564194987998e-11,1.5460156330742085e-06,0.00010501474592988375,2.048647875063166e-11
35,6.0411835116264975e-05,6.85448656519095e-14,1.8900669352852406e-05,6.791675043906528e-06,3.548099438970691e-05,2.57420214685658e-07,1.837445468881799e-05,0.00012579502734654343,2.8731930559317864e-08,0.00023881843583606845,4.580634915544425e-07,1.183534499806524e-06,0.9729667262918364,8.7927799040352e-07,5.575382421983055e-11,0.0041338350564206995,9.672527197008296e-06,0.0008914709053694277,1.6958513886976993e-06,0.021404347859466787,4.299469129945873e-08,1.427800002074003e-11,9.99096396578317e-07,8.38292099129036e-05,1.7318485577724142e-11
36,5.643993358402934e-05,1.0044401091538296e-13,4.731203980930602e-05,1.0266136400885681e-05,8.470886530370756e-05,5.011727284110385e-07,1.8021292502196786e-05,7.220987326273372e-05,3.694040336660298e-08,0.0004574921717359835,6.139767254226911e-07,7.254776748642435e-07,0.9494955580883255,1.0614843267678034e-06,6.948922853995184e-11,0.004882160460625241,9.803872345892829e-06,0.0007738438568216782,2.401570349779267e-06,0.04397157266084195,1.0521093443513136e-07,9.49499120901335e-12,2.5045065251755304e-06,0.00011266030599424137,2.3693812408857396e-11
37,4.523477248384013e-05,5.842314775523274e-14,2.163882686696971e-05,7.693550280536642e-06,4.129644057671845e-05,3.053123142677309e-07,2.0512794385623643e-05,8.384203911399153e-05,1.987724335739729e-08,0.00024535463681911907,4.943856182128584e-07,1.3048487862613234e-06,0.9609406916889599,1.2484595080235846e-06,5.359935345249997e-11,0.004710162234057466,1.0272696384933398e-05,0.0010409054491725461,1.491695050096363e-06,0.03273191583331584,6.105858191929539e-08,1.2089985314248401e-11,1.3074443115030773e-06,9.424587225111312e-05,1.817007574449984e-11
38,3.7205892777985194e-05,4.992490921270155e-14,1.8466800975117523e-05,6.387941309653845e-06,3.554965765880114e-05,3.748298656966317e-07,2.1727029736627752e-05,6.807595487529625e-05,1.6097886771846193e-08,0.00021130929368444985,3.9045679877640675e-07,1.2911400272566792e-06,0.9630401511046739,1.2052400676222197e-06,5.026456111106001e-11,0.005799259018339952,1.0131085181118068e-05,0.001309595485466348,1.614984097261161e-06,0.02932687036135796,7.044751188645543e-08,1.1317372103696203e-11,1.3976296370040332e-06,0.000108909472192351,1.4246261751716351e-11
39,3.399829493036587e-05,6.28669976755742e-14,2.7124351879014838e-05,7.380280615944429e-06,3.5877942767791605e-05,4.0187677258520245e-07,1.9361765717573176e-05,9.09581171546119e-05,1.9049668586408525e-08,0.00020961345597637278,3.849396720676845e-07,1.5942443673955568e-06,0.9614693777417961,9.189806269749235e-07,5.37016580759577e-11,0.006421538222566687,1.1009847691016076e-05,0.0010819454348194545,1.5669575801035926e-06,0.030485766848011395,9.749240287928943e-08,1.46874998747829e-11,1.338064188714807e-06,9.972600811189505e-05,1.4230573932367497e-11
40,6.202574531513909e-05,6.851955222610321e-14,3.070210095495065e-05,6.64388418233682e-06,6.397656971773004e-05,2.5281112874276014e-07,2.274850230097652e-05,7.132375541479049e-05,1.939335185491583e-08,0.00022898863740621663,5.763146854046272e-07,1.4974438904325264e-06,0.959348561513505,2.09756504102086e-06,5.773755767806743e-11,0.004350208856129547,1.2880742172757027e-05,0.0008879558503265975,1.908746265771909e-06,0.034804692834333115,6.895505033794953e-08,1.2049985736974047e-11,1.2923207327066482e-06,0.00010157736184594015,2.6392741629723897e-11
41,6.758472446843279e-05,2.099900290733909e-14,2.359592001474768e-05,4.243134791041646e-06,2.8766724124284967e-05,3.737972979974489e-07,0.00010254782299322644,5.890604231482927e-05,1.0154081225854606e-08,0.00032294746240874814,2.250537305790789e-07,2.6755844787631344e-06,0.9578165185379862,2.6511649139145095e-06,3.479596156863739e-11,0.004206752564037505,4.958693369246991e-05,0.0008373557246131934,1.0890760647948448e-06,0.035978292012879165,1.7563295309946283e-07,1.748826899938978e-11,2.896562006924225e-06,0.0004928052711024122,4.6741230458897946e-11
42,3.436665380232981e-05,7.971270081344821e-14,2.8751109132148603e-05,8.881140130695991e-06,3.1574798590001236e-05,3.5125750628859566e-07,1.6066520026071865e-05,0.00011294754162590363,1.9943155740164132e-08,0.00020566128009976196,4.203911199833862e-07,1.504456750220907e-06,0.9658848652024639,7.247137013950501e-07,5.362011644256416e-11,0.006499483894751528,9.132919943979936e-06,0.0009107306179267866,1.691831991090161e-06,0.026172617813466248,7.130569340428494e-08,1.7912528616248653e-11,9.332560550491441e-07,7.920326861552275e-05,1.1839795625511562e-11
43,3.440220477241588e-05,4.6525793676546637e-14,2.1686386170701918e-05,6.395833490892481e-06,3.408692607477124e-05,3.5329787448735807e-07,1.8325690938910956e-05,8.115852565643071e-05,1.8606481876072836e-08,0.00028522999436141554,3.625577248931752e-07,1.1673250367617331e-06,0.9636942904098275,8.018019017476084e-07,4.635457160539323e-11,0.004797969269102178,1.0259464324781362e-05,0.0009475368852158366,1.4075744934126768e-06,0.029959740394103075,7.289954631229784e-08,1.1533302937732625e-11,1.3136436220974228e-06,0.00010342023800321757,1.3342119131437488e-11
44,4.665762043588596e-05,5.5957996050920224e-14,2.1232319175607255e-05,7.674755473201712e-06,4.063297558527156e-05,2.947305498321169e-07,2.087780961831239e-05,8.021175981686375e-05,1.8776794979058792e-08,0.00024119702492180566,4.913263627533292e-07,1.2868787956010084e-06,0.9609482410348957,1.3049042419036635e-06,5.1750849091183455e-11,0.00470417044061423,1.0550221322031972e-05,0.0010487912792750578,1.4820244168151053e-06,0.03272727516675569,6.042696959560998e-08,1.1784190662135151e-11,1.313659802339022e-06,9.623478232966053e-05,1.8255860159848926e-11
45,6.034743738630676e-05,7.546958896881399e-14,2.673081423941602e-05,1.053524901716305e-05,6.180816436776465e-05,3.4838237292908474e-07,2.3526662785726165e-05,7.427574100963124e-05,2.515473866661359e-08,0.0002813254689015646,7.008834468779765e-07,1.4576215472735899e-06,0.9484068654044708,1.9123222419101627e-06,6.326219486858325e-11,0.004810253315988977,1.361092377055211e-05,0.0012095392588620153,1.6744394869588859e-06,0.04491168532677518,8.182217525707293e-08,1.3490863196827595e-11,2.003455970479721e-06,0.00010129204344425552,3.017165879816833e-11
46,4.861190237610093e-05,3.21379233590313e-14,1.8725182274299503e-05,7.030933314283065e-06,2.5354906901773573e-05,2.2070741742519632e-07,2.031108782506064e-05,6.603923029602029e-05,1.1496845546347109e-08,0.00021589598406950394,3.336022021325093e-07,1.1541585042123187e-06,0.9689308469407693,8.446710498008866e-07,2.539649337106889e-11,0.004167728141563802,1.441045482790737e-05,0.0007257473261859349,1.1314267151072087e-06,0.02565838089404909,5.348661375142031e-08,1.1829445542813189e-11,9.451911886302832e-07,9.622222433618837e-05,1.341597016949925e-11
47,4.732916685524875e-05,8.269472297794225e-14,2.4423486704028923e-05,9.399532728529253e-06,5.6920789745863687e-05,3.871426931182731e-07,2.295581638515912e-05,9.007381647644615e-05,2.6034593688557117e-08,0.00028117317735905205,6.848133293871614e-07,1.4862656310578155e-06,0.9501864706734163,1.7205206793553202e-06,7.927101720714952e-11,0.00501514204538303,1.0937212683868044e-05,0.0013543822755195446,1.6792076478213419e-06,0.042793719215859324,7.774110941686623e-08,1.382638403633551e-11,1.7999095705966688e-06,9.921103675025273e-05,2.569890299012713e-11
48,3.979892557016462e-05,3.531994164338779e-14,1.4627450382268658e-05,4.295503476504456e-06,2.3881727207998057e-05,2.1298871508416577e-07,1.5777761294824972e-05,6.404504419020117e-05,1.1070445564443852e-08,0.00019759780891364658,2.265099469931507e-07,7.76059869767921e-07,0.9759102395554067,7.090338940682783e-07,2.606939347357375e-11,0.003440666034780683,1.0072133510160516e-05,0.0007394010256155587,1.4469855022583599e-06,0.019426093618661006,3.6209128910603324e-08,8.917013511749982e-12,7.747933627513647e-07,0.00010930971445768619,1.0645333028075272e-11
49,3.988971449822592e-05,6.119639757675688e-14,2.4324027044069495e-05,7.789801931286978e-06,3.9543818107651865e-05,3.3816347105304877e-07,2.0310612393191066e-05,8.665607698697081e-05,1.9476187178287507e-08,0.0002455799206139133,4.5808479943442327e-07,1.4919662596073067e-06,0.9605884912956082,1.0809381090883368e-06,5.190385689829782e-11,0.004965792185779901,1.054857962506291e-05,0.0009509400482545368,1.4698676335198795e-06,0.03292027550936932,6.86134235117535e-08,1.4055458272600379e-11,1.2280896846532403e-06,9.370312679322579e-05,1.740581696799918e-11
50,4.9205141031134336e-05,2.7382627202438198e-14,1.583786735172876e-05,5.013483402814366e-06,2.850416310645947e-05,1.7234277521588106e-07,2.1184795114672175e-05,6.941375612630692e-05,1.2500665847102915e-08,0.00024128166168009563,3.2947214235079254e-07,9.081669415282236e-07,0.9711708682851979,1.0688911937690474e-06,2.958765992284706e-11,0.0032831523971794453,9.597456104118832e-06,0.000656932044028355,1.1212142352548246e-06,0.024343347681325855,3.3246727882237267e-08,7.537093833635254e-12,8.61609395242321e-07,0.00010115377342276843,1.3699096901238539e-11
51,4.676571522884876e-05,4.8866789206366544e-14,2.081360104466636e-05,6.826615919524343e-06,4.0682410334520134e-05,2.81527196760803e-07,2.1268928387306475e-05,7.453134478068311e-05,1.789814770517086e-08,0.00023692343297850146,4.4785063970431284e-07,1.2076341912863614e-06,0.9623304817292383,1.2741597683052215e-06,4.6566471726784033e-11,0.0045698028086127995,1.0634690967462283e-05,0.000998175635412911,1.4650779837045322e-06,0.03153767674276614,5.843385450390623e-08,1.0592932153434478e-11,1.2854492629444976e-06,9.937823872260585e-05,1.7352778922506232e-11
52,3.903099319687796e-05,4.8643124136798346e-14,1.639189182952048e-05,7.180982264595156e-06,3.463013456766853e-05,2.9450328135955256e-07,1.71093642222843e-05,7.984963898059733e-05,1.678557543851225e-08,0.00025814266198212975,4.7030305923899554e-07,1.139236425200632e-06,0.9612306296696602,1.1603295927037638e-06,5.2065307020882756e-11,0.004253673798391724,8.233748496029614e-06,0.0011724313979534853,1.3696862486895205e-06,0.03278852905549737,4.829729891874898e-08,1.0013532363708932e-11,1.1800578424234664e-06,8.848738688212556e-05,1.46238673255316e-11
53,4.549122798752533e-05,4.832304087525255e-14,2.1420989224929976e-05,9.400826966502604e-06,4.744484218776011e-05,3.492408805185335e-07,3.108217048220682e-05,7.654372509468644e-05,2.1001580690108603e-08,0.00026133201378858407,6.316219185498923e-07,1.6686288999410978e-06,0.9459645718500997,1.828487826077745e-06,6.044643450625758e-11,0.005609385862581006,1.2848094434286889e-05,0.0013717639599335784,1.1906874849062302e-06,0.046434463298274074,8.510844306491679e-08,1.208743212539464e-11,2.057942103713496e-06,0.00010641832352093663,2.3704489211605347e-11
54,5.8845042030234514e-05,9.998354153982691e-14,2.1189491473336403e-05,1.0386981477032456e-05,4.87897715164062e-05,3.674176899304921e-07,2.693030006195879e-05,0.00010084090548489216,2.5094478752682046e-08,0.00026442136675349604,6.177924648279894e-07,1.6646317292014786e-06,0.960212968629176,1.8392324541384241e-06,7.713389854411258e-11,0.00491097237940893,1.1559096493468078e-05,0.0011722999510232408,1.7796689773474621e-06,0.03303975462170648,6.285603910194122e-08,1.8319771292292685e-11,1.5316437745661971e-06,0.0001131529998299419,3.0403137548984594e-11
55,0.00012181836220404239,2.804315535951288e-13,9.372327871108563e-05,2.3853310921989645e-05,7.801415718087914e-05,4.223543260349403e-07,1.820562909179137e-05,9.709192306735528e-05,3.5180965032611736e-08,0.0006225560791551382,1.3784220945319908e-06,4.780802310391059e-07,0.948058389018202,1.1539215890587868e-06,1.0820962710339509e-10,0.004807624506370009,2.5517010100450576e-05,0.0007490798597727388,4.397694499686726e-06,0.0451634976474677,1.7504792688448405e-07,2.29780102375621e-11,2.987373375097979e-06,0.00012960097313940988,3.8140013895294695e-11
56,4.379318012124974e-05,5.102417842412127e-14,1.9860696387513586e-05,7.1071652198231666e-06,3.691156196839568e-05,2.783199647718999e-07,1.9596229309137498e-05,7.779382559034256e-05,1.716129920128058e-08,0.00023435254040847012,4.508379191922507e-07,1.2176905413100108e-06,0.9626980669713691,1.2037944220136877e-06,4.763417553969818e-11,0.0044708031217223785,1.0060870213235349e-05,0.0009965791676267875,1.40972399064796e-06,0.0312848701889806,5.5548647685493845e-08,1.0973251247714151e-11,1.215883993344487e-06,9.435544495901196e-05,1.6687260156717523e-11
57,4.287205437168714e-05,5.204621719198495e-14,2.2474208806369912e-05,6.8742101675505345e-06,4.073481824976261e-05,2.815004196188117e-07,1.9808114572656064e-05,7.7560937165505e-05,1.787211075975059e-08,0.0002369433646346735,4.508672977864782e-07,1.2767023191924262e-06,0.9617641064820677,1.20066120770998e-06,4.752370218671918e-11,0.004558010936623789,1.0185593544156703e-05,0.0009249842376832884,1.4499547863141706e-06,0.032196279216322,5.8823990761776296e-08,1.1130789486532045e-11,1.190653489925433e-06,9.323871456631944e-05,1.6895772645471957e-11
58,4.381993520048667e-05,5.044499360643209e-14,1.9195202615810037e-05,6.59681809992859e-06,3.635965407624764e-05,2.8441886455422955e-07,1.998067470367737e-05,7.59008158914009e-05,1.67479206940234e-08,0.00023512077235779546,4.1194450757380226e-07,1.2075197383101452e-06,0.9637867130835351,1.2062726528187826e-06,4.675678141913776e-11,0.0044014921800739504,1.0406498264082334e-05,0.0010129140553974143,1.4602754285051893e-06,0.03024205657245255,5.6031420444103975e-08,1.1055910200878504e-11,1.235137883287887e-06,0.00010356531429723478,1.675508433220084e-11
59,4.371623193662155e-05,5.072090324178841e-14,2.094179504301996e-05,6.732756976866624e-06,3.733336647962045e-05,2.767481586400311e-07,1.9705102771069516e-05,7.589802582916355e-05,1.6840229114138322e-08,0.00023566451967621974,4.2755702820352885e-07,1.1959618321529613e-06,0.9628067369561331,1.1900757803962122e-06,4.656402227494524e-11,0.004444509427133035,1.0383960269103133e-05,0.0009606061501657518,1.454248906700339e-06,0.031232203001868932,5.749946890723349e-08,1.0897590257978229e-11,1.2258186046850312e-06,9.97238815426088e-05,1.665362485164725e-11
60,4.665762043588596e-05,5.5957996050920224e-14,2.1232319175607255e-05,7.674755473201712e-06,4.063297558527156e-05,2.947305498321169e-07,2.087780961831239e-05,8.021175981686375e-05,1.8776794979058792e-08,0.00024119702492180566,4.913263627533292e-07,1.2868787956010084e-06,0.9609482410348957,1.3049042419036635e-06,5.1750849091183455e-11,0.00470417044061423,1.0550221322031972e-05,0.0010487912792750578,1.4820244168151053e-06,0.03272727516675569,6.042696959560998e-08,1.1784190662135151e-11,1.313659802339022e-06,9.623478232966053e-05,1.8255860159848926e-11
61,4.627321895299994e-05,5.371554601626836e-14,2.2073029223404804e-05,6.944936388664455e-06,4.025693759261808e-05,2.8817352164041486e-07,2.0885953206489025e-05,7.721286194676837e-05,1.8105258193312465e-08,0.00024120867048799517,4.504115799274461e-07,1.254039341578063e-06,0.9624633496188221,1.2592028709126784e-06,4.9019541861269814e-11,0.004594378134606351,1.081219561298077e-05,0.0009720252486907705,1.5203229797810359e-06,0.031397192958874304,6.09225565683373e-08,1.1532093176200952e-11,1.2766890828361928e-06,0.00010125828994232204,1.78551425245976e-11
62,4.665762043588596e-05,5.5957996050920224e-14,2.1232319175607255e-05,7.674755473201712e-06,4.063297558527156e-05,2.947305498321169e-07,2.087780961831239e-05,8.021175981686375e-05,1.8776794979058792e-08,0.00024119702492180566,4.913263627533292e-07,1.2868787956010084e-06,0.9609482410348957,1.3049042419036635e-06,5.1750849091183455e-11,0.00470417044061423,1.0550221322031972e-05,0.0010487912792750578,1.4820244168151053e-06,0.03272727516675569,6.042696959560998e-08,1.1784190662135151e-11,1.313659802339022e-06,9.623478232966053e-05,1.8255860159848926e-11
63,4.75105373747719e-05,6.65385103278222e-14,2.1756401715592794e-05,8.091741589217522e-06,4.269564840452767e-05,3.218796356772672e-07,2.0998426248929153e-05,8.315114493823872e-05,2.0321559264613718e-08,0.0002455252133577557,5.233256385407774e-07,1.3381764332573677e-06,0.9601263271859973,1.3637790551631855e-06,5.851263718518699e-11,0.0048029297160239485,1.0861121236091873e-05,0.001122992985138925,1.6023921181341835e-06,0.0333619096257394,6.467517109669309e-08,1.312886070448824e-11,1.4027146734112488e-06,9.86128961602646e-05,2.008236243276373e-11
64,4.618012704738709e-05,6.114816293059336e-14,2.4923309687115682e-05,7.839738938463575e-06,4.4280864135747174e-05,3.2798285226625784e-07,2.1570796208745418e-05,7.880020624266954e-05,2.008871299943456e-08,0.0002472942022314903,5.160290037677122e-07,1.411834702482347e-06,0.9581592939277241,1.3459495871069463e-06,5.6339171866394514e-11,0.005098813753276669,1.1838963215237552e-05,0.001067052870237543,1.5641756171613955e-06,0.0350851980049145,7.759191218179277e-08,1.2858979714292437e-11,1.503894511019248e-06,0.00010014560029733148,1.9684620654171937e-11
65,5.9803661110580414e-05,2.1926501976278987e-14,1.9779164165124537e-05,4.582102526049231e-06,2.8618308152187445e-05,1.254729288945033e-07,1.7605596590896878e-05,8.307642898293231e-05,1.537760233915869e-08,0.00023912203441143342,3.5362140677036813e-07,7.938012427888346e-07,0.9803048963747725,7.126234141135332e-07,2.2928213275058974e-11,0.00353243885203813,6.669561448044067e-06,0.0003897989350725,1.2183937191113688e-06,0.0152491408815009,2.1143848695865434e-08,6.725787385262794e-12,4.472826149285809e-07,6.0780344673652884e-05,8.101783133750572e-12
66,0.00014016497020575937,4.467625842617729e-12,2.2754619983936354e-05,0.00018263229059038821,6.324757169390898e-05,4.337768028353043e-06,6.675530359481456e-05,0.0010392511636252272,2.7097025331159967e-07,0.0006101488260144311,8.123979755368986e-06,1.8287486991447666e-05,0.8582987621001013,1.3113844613227514e-05,4.907372514343811e-09,0.023601865782270855,2.7496215515079045e-05,0.026517220727125326,5.832560305396987e-06,0.08913800853261773,5.7310082292201e-07,5.243957457507468e-10,1.8190933585816842e-05,0.0002229554510049372,3.6506483949586054e-10
67,3.725999731193221e-05,9.433917868857619e-14,2.0547612948813327e-05,1.2155307212555203e-05,4.301749553114076e-05,5.945918348086653e-07,2.621046314456376e-05,7.369963719247631e-05,1.9794334503008725e-08,0.0002368092695362922,5.921146438746452e-07,1.7823848798086128e-06,0.9358528836179832,1.8778317334865925e-06,8.00053680093053e-11,0.0061254730795259095,1.5912267487577226e-05,0.0021445153379800234,1.5564945770448112e-06,0.055264112420030743,1.3012061698994452e-07,1.782700404239435e-11,2.9921901013363207e-06,0.00013785784204538624,3.1420734368346845e-11
68,0.00010418067628384234,3.741890429840709e-14,1.983476603293385e-05,7.353373333480019e-06,3.928083025592789e-05,9.030075998923859e-08,1.6965217438936066e-05,5.108296180799417e-05,1.5497775554237075e-08,0.0002164651638373985,4.6937218848035765e-07,4.6228808098774716e-07,0.9773201801143582,1.373899663350782e-06,2.1277690700358532e-11,0.003521745572582342,9.868859062117128e-06,0.00047627974769168523,1.8606036549453239e-06,0.01813544114300034,1.7589593867703393e-08,6.3920640492719155e-12,7.428979080616988e-07,7.628908231443196e-05,1.4667837631965427e-11
69,4.9019069402403806e-05,4.313249159448419e-14,1.9843748505235105e-05,5.255229545654603e-06,3.214761852272068e-05,2.326930028258316e-07,2.182077891032167e-05,7.153924018539941e-05,1.3641026296290594e-08,0.00020230748802568308,2.610129586680978e-07,1.1060043188640427e-06,0.975833779218558,1.060447096711337e-06,3.086964714075236e-11,0.004845497705671519,9.22928239942848e-06,0.0006397851485313716,1.687058009574309e-06,0.018148838765656847,3.886668566511956e-08,1.0621645806871257e-11,7.425571186511021e-07,0.00011579437139067021,1.2943157196506355e-11
70,8.129784406552856e-05,5.4240289189207666e-14,1.3949144008020123e-05,3.915302010620916e-06,4.336742913470415e-05,2.0779594081023478e-07,2.567827081782802e-05,6.402594976762582e-05,1.561711003364088e-08,0.00020605320165545355,3.3505109786241034e-07,1.0064572136489616e-06,0.9735706095164566,2.1230294806020863e-06,4.6721701495427046e-11,0.0031706377805372247,1.6725649001278666e-05,0.0012120183000530326,2.1667508935423673e-06,0.021410102549560838,4.5996242554273454e-08,1.1092600953598759e-11,1.310874696411982e-06,0.00017440740583041863,2.6556775352106423e-11
