,0,1,2,3,4,5,6,7,8,9,10,11,12,13,14,15,16,17,18,19,20,21,22,23,24
0,0.0016771946973439746,5.30963399926645e-07,0.0016728181575475444,9.032133969405578e-07,0.023749612627364226,1.505883352419791e-05,0.0011111309905120809,7.798930129394349e-05,0.0002244812726208102,1.2762034863322738e-06,5.113983308966469e-07,5.855656905019098e-05,0.9572396702466108,1.994267244968565e-06,2.2525042855605635e-07,0.0027987369415450637,7.655701855986639e-05,1.3088597958609464e-05,4.13039733204471e-06,0.011158573802551563,1.093420511304022e-06,7.015713790604125e-10,4.008790787200855e-07,2.6368567582910883e-05,8.909568115311086e-05
1,0.0011406696558464461,3.804517368992607e-07,0.0012751264133508571,6.239215271560284e-07,0.018053967750948006,1.3997894669801568e-05,0.0007729029119845509,7.017330621719795e-05,0.00023892018539697454,8.357971377881991e-07,3.904968127891264e-07,4.670887143524416e-05,0.9661228478610495,1.2202820726014687e-06,2.413478754422407e-07,0.003142377292615978,6.865183286506884e-05,9.51446337454462e-06,4.5212308600280365e-06,0.008953775102364916,1.0319213943085459e-06,6.930527861200206e-10,2.3894572297349856e-07,2.153688793252236e-05,5.934448175561703e-05
2,0.0011390641762481601,3.8637292270616046e-07,0.0011232717355575263,6.19644553225151e-07,0.019682365601914824,1.2826972031953238e-05,0.0007517091754597298,6.635517991251234e-05,0.0002123324534572398,7.760051197091255e-07,4.0313914962395007e-07,4.643182107354855e-05,0.9647777193275322,1.4212209726452266e-06,2.1283311869329391e-07,0.0026178012871104044,7.500942129635956e-05,9.417325516760265e-06,4.031915006596335e-06,0.009394145921838685,9.594751142042578e-07,6.32099517147618e-10,2.595640384413471e-07,1.9841553721319243e-05,6.26372452335035e-05
3,0.0011445998176280918,3.850933854856723e-07,0.0011487022799850568,6.305657293717982e-07,0.019391273090197652,1.3008196393620974e-05,0.0007551439203420581,6.717828637828506e-05,0.00021352304385867317,7.812302003565605e-07,4.0945595319333903e-07,4.687396836313954e-05,0.9651200957777063,1.4086251617672834e-06,2.1190196035191972e-07,0.002649566948575297,7.484752811944639e-05,9.460244412257192e-06,4.095669796128171e-06,0.00927432971722551,9.764303179324578e-07,6.411651534804254e-10,2.6143772172179704e-07,2.0362346223650182e-05,6.187378319946956e-05
4,0.001047226309811913,3.456676475784315e-07,0.0010255633846680662,5.818096429992216e-07,0.01724900251690948,1.1721877351803931e-05,0.0006701639203323614,5.863298321814846e-05,0.00019736798949314491,6.835467614863688e-07,3.641781372267045e-07,4.519101013795421e-05,0.9687548776858875,1.298720564382753e-06,1.871897790708669e-07,0.002314509921867376,7.140703558142465e-05,8.75820148758465e-06,3.71729707962178e-06,0.008460852055004955,9.186594092310869e-07,5.897032219753847e-10,2.360624153277732e-07,1.867421809905455e-05,5.771716900897076e-05
5,0.0011539479720050917,3.725577623837229e-07,0.001116760840555583,6.696989999165102e-07,0.018077828729169826,1.2701282851439291e-05,0.0007332241867016585,6.44079778505125e-05,0.00020859689731566485,7.757960197705081e-07,4.0099489397900085e-07,4.8313556456796605e-05,0.9669470116084409,1.434216750108291e-06,2.034184995016971e-07,0.0024994112464780858,7.386881209998787e-05,1.0072843680961891e-05,3.840194296166721e-06,0.008960900229837317,9.763384227163645e-07,6.406899383704206e-10,2.6059635295671476e-07,2.038737575239825e-05,6.363198811653582e-05
6,0.0011445998176280918,3.850933854856723e-07,0.0011487022799850568,6.305657293717982e-07,0.019391273090197652,1.3008196393620974e-05,0.0007551439203420581,6.717828637828506e-05,0.00021352304385867317,7.812302003565605e-07,4.0945595319333903e-07,4.687396836313954e-05,0.9651200957777063,1.4086251617672834e-06,2.1190196035191972e-07,0.002649566948575297,7.484752811944639e-05,9.460244412257192e-06,4.095669796128171e-06,0.00927432971722551,9.764303179324578e-07,6.411651534804254e-10,2.6143772172179704e-07,2.0362346223650182e-05,6.187378319946956e-05
7,0.0005496960061304788,1.5692413234263498e-06,0.0004242823051958087,2.738587760414354e-06,0.10113680802347029,3.1079147765839405e-05,0.001380822285159571,0.00021569317098266063,0.0009301250353638257,1.877910089650375e-06,1.1886720891190562e-06,0.00011539648508931093,0.8269254742930205,1.0670087025599212e-05,2.7886935998006014e-06,0.02166973903870954,0.00036115654034331394,2.0567826295104826e-05,4.965639832394176e-06,0.045961784224417705,5.383415620185572e-06,6.659255948737761e-09,7.77608514736896e-07,1.3206321452190126e-05,0.0002322027814924956
8,0.0013320015202999325,4.6548871497762003e-07,0.0015265510514083816,7.978927557221046e-07,0.019644729180759213,1.3379319976429818e-05,0.0008905402692369848,6.782560472598638e-05,0.00020686148796872277,9.992997882703564e-07,4.144819998103658e-07,5.314662670478412e-05,0.9627730422137027,1.5324309407141512e-06,1.9332004105538743e-07,0.0026116649862949143,6.64800030903003e-05,9.13212027313303e-06,3.9455500304852035e-06,0.01070193851671024,9.728481668612792e-07,5.860668754519895e-10,3.5128774166604554e-07,2.5045448613641188e-05,6.798846398844142e-05
9,0.0012430324585785916,4.7040999773248474e-07,0.0015920632444066086,8.841909622930535e-07,0.01872739802242368,1.3913156616005868e-05,0.0009102168448270962,6.871991211071822e-05,0.00022534367869335515,1.0725360956855777e-06,4.0234254792460106e-07,5.476035814645908e-05,0.963082405213844,1.4861332180330265e-06,2.2242890761853498e-07,0.0029432733768510184,6.697542072278032e-05,9.640150443788694e-06,3.772029396264392e-06,0.01095704508978534,1.1167137332692853e-06,6.591584470947227e-10,3.347976140773385e-07,2.4421199639648822e-05,7.10296312795243e-05
10,0.0011445998176280918,3.850933854856723e-07,0.0011487022799850568,6.305657293717982e-07,0.019391273090197652,1.3008196393620974e-05,0.0007551439203420581,6.717828637828506e-05,0.00021352304385867317,7.812302003565605e-07,4.0945595319333903e-07,4.687396836313954e-05,0.9651200957777063,1.4086251617672834e-06,2.1190196035191972e-07,0.002649566948575297,7.484752811944639e-05,9.460244412257192e-06,4.095669796128171e-06,0.00927432971722551,9.764303179324578e-07,6.411651534804254e-10,2.6143772172179704e-07,2.0362346223650182e-05,6.187378319946956e-05
11,0.0010695055357333822,3.556443105236461e-07,0.0010680468181120718,5.959620985416644e-07,0.017786039967193384,1.2035795317393327e-05,0.0006999672295546775,6.112946755035049e-05,0.00020175255139649867,7.176896700571958e-07,3.741297553126788e-07,4.571928075290061e-05,0.9677397489113495,1.3154746652885107e-06,1.9410557418006686e-07,0.0024324163295799616,7.148484266517988e-05,8.910146298565418e-06,3.8106559131347814e-06,0.008716829110609196,9.34416659705889e-07,6.020384946869643e-10,2.4301399474791854e-07,1.9212249525405175e-05,5.866006968167884e-05
12,0.0013563424573786779,3.942597843607527e-07,0.004271974759349537,1.185719944233512e-06,0.012231736714421567,2.0530136720883335e-05,0.0015653853471656188,0.00026534072664591876,0.0003734155615526122,1.0329465613936655e-06,1.2270957164140873e-06,0.00010056236711158159,0.9628547415341538,8.566318867170897e-07,5.330433646221419e-07,0.008515730971628683,4.640007089560457e-05,8.348445574251671e-06,1.3807970400459937e-05,0.008268693107738341,1.2697768199928482e-06,1.6529685524226589e-09,3.3009596372009256e-07,6.688671254122272e-05,3.327189371093625e-05
13,0.0015545504535716234,4.948211623642758e-07,0.0013311455178134893,5.468434887524358e-07,0.0212192596678866,1.5484673665255757e-05,0.0008246482866771758,4.9617164449550944e-05,0.00026714410277902046,1.1249789472304186e-06,2.3802315094204384e-07,3.599754673182393e-05,0.962532799391376,1.0268490479453252e-06,2.516540204429136e-07,0.002968960481648728,7.498381688652549e-05,1.136366394424074e-05,4.426514581494377e-06,0.009003215785751242,1.066281477834245e-06,5.84802906546396e-10,1.9318083083485063e-07,1.81375874049205e-05,8.332212790297619e-05
14,0.0011535358829256142,3.9106800031991684e-07,0.0011417411134524748,6.3243665460085e-07,0.01971085590506483,1.3080492596814604e-05,0.0007637254480904434,6.747728459397818e-05,0.00021379021670069577,7.91316605490459e-07,4.1353965778903963e-07,4.7004102173847405e-05,0.9647208475368695,1.4309153795050425e-06,2.1269606447595079e-07,0.00265417366640199,7.547226178510275e-05,9.526672826166377e-06,4.1364849535957226e-06,0.00933658174039793,9.79885342038524e-07,6.44138873948168e-10,2.646883029101662e-07,2.046337563996321e-05,6.24706253807076e-05
15,0.0011445998176280918,3.850933854856723e-07,0.0011487022799850568,6.305657293717982e-07,0.019391273090197652,1.3008196393620974e-05,0.0007551439203420581,6.717828637828506e-05,0.00021352304385867317,7.812302003565605e-07,4.0945595319333903e-07,4.687396836313954e-05,0.9651200957777063,1.4086251617672834e-06,2.1190196035191972e-07,0.002649566948575297,7.484752811944639e-05,9.460244412257192e-06,4.095669796128171e-06,0.00927432971722551,9.764303179324578e-07,6.411651534804254e-10,2.6143772172179704e-07,2.0362346223650182e-05,6.187378319946956e-05
16,0.0010630882719533442,4.075750090119737e-07,0.0010259301132560894,6.514776993925138e-07,0.018874303774241794,1.2454591188115655e-05,0.0007999061559725764,7.158843352271644e-05,0.00020782503757637173,8.96767182258782e-07,4.070760340974115e-07,5.312480992074037e-05,0.9649527734933212,1.5178434363419774e-06,2.3655834670376974e-07,0.002897350109149189,8.034302431186403e-05,9.893952974902565e-06,4.466050170858462e-06,0.009856222859161875,1.168724519370656e-06,8.080339160540673e-10,2.7952431020392405e-07,2.0424777261717048e-05,6.473819144530994e-05
17,0.0008818679232394216,3.1457760056805087e-07,0.0008190478553845102,5.780551906843154e-07,0.01767513774561121,1.0027162085538117e-05,0.0006096461976859649,5.779879978941473e-05,0.000168411410701112,6.097839609128953e-07,3.6768904626469336e-07,4.566531099876581e-05,0.9682151347401995,1.470483256526902e-06,1.6127958100784883e-07,0.0021069625629247016,7.596035833525502e-05,7.967460135033906e-06,3.12735482291577e-06,0.009246860947634111,8.56994621649248e-07,5.592566066950181e-10,2.626059160673645e-07,1.668116960129448e-05,5.50809724208818e-05
18,0.0010545170368009206,3.285343274082581e-07,0.0008225330344470978,4.903600702218401e-07,0.01864459809395277,1.022072869475102e-05,0.0006425232058138898,4.9005193749004514e-05,0.00017124358429428165,7.176625244069471e-07,2.9871818106162025e-07,4.140462934994503e-05,0.9675876294099661,1.4098071763917608e-06,1.719793597141188e-07,0.0019765896458575115,7.959020302786567e-05,9.887233471346033e-06,3.0695073185716037e-06,0.008818575126559435,8.810361191065785e-07,5.470810292858195e-10,2.2170813834998008e-07,1.4566110013825121e-05,6.952690370481687e-05
19,0.0010964502559801645,3.776275259195427e-07,0.0012514024112368304,6.78074905740584e-07,0.017454763831578218,1.188396987403799e-05,0.000807025127622273,6.280335031204516e-05,0.00022204087150804475,7.570988370457274e-07,3.7501931331398694e-07,5.174191330900958e-05,0.9677137644801147,1.25379971861021e-06,2.0668820351862692e-07,0.002643565700347511,6.70156734129168e-05,8.809875426647704e-06,3.7158926254688544e-06,0.008519752809740513,1.0217617519580088e-06,6.432459320597628e-10,2.458740161787838e-07,2.0286199732975925e-05,6.006104966061465e-05
20,0.0010996155900142857,3.852081377025581e-07,0.001254138267958353,7.208159098173471e-07,0.018595439499662955,1.4090141762649502e-05,0.0008122695678998935,9.239611206629784e-05,0.00023017334553567103,8.365452019553853e-07,5.071955565887253e-07,5.415981682682179e-05,0.9643714843972455,1.5346668513036372e-06,2.842720260226871e-07,0.0033472078118224062,8.008417139027545e-05,1.0290632055587234e-05,4.8240618437858084e-06,0.009945201418920743,1.1034972477914775e-06,8.86052829986874e-10,2.7803771086937505e-07,2.197879248491572e-05,6.0995247814975065e-05
21,0.001027390697210472,3.4133940966255736e-07,0.0010452182955100855,6.386421995433758e-07,0.01611402454869937,1.1832410021295207e-05,0.0006955920657329518,6.231193961662217e-05,0.0002071393093768967,7.352573328205734e-07,3.459072242797451e-07,4.875320777531562e-05,0.9693861686659946,1.3186062119827396e-06,1.979704406106604e-07,0.002703592728952483,6.49721203832554e-05,9.172733815936048e-06,3.5903878845780806e-06,0.008538458394504804,9.751156986096363e-07,6.158913567574947e-10,2.266742175270969e-07,1.899030831628622e-05,5.8012057578496e-05
22,0.0012701735177483445,3.822461430052446e-07,0.0011914574121672317,6.395634033062594e-07,0.01985927310879205,1.4648381692744676e-05,0.0007236047412845682,7.219627322260468e-05,0.00022614271564436119,8.263136653230809e-07,4.53947070970211e-07,4.4465149227503695e-05,0.9644850411040091,1.4339611970336654e-06,2.3745699311065912e-07,0.002674358124504201,8.986216424632318e-05,1.1960628913021271e-05,4.505709565692021e-06,0.00923826882434044,1.069408567696248e-06,7.581636888308212e-10,2.625643006206916e-07,2.0976903018429242e-05,6.775902211834108e-05
23,0.0011445998176280918,3.850933854856723e-07,0.0011487022799850568,6.305657293717982e-07,0.019391273090197652,1.3008196393620974e-05,0.0007551439203420581,6.717828637828506e-05,0.00021352304385867317,7.812302003565605e-07,4.0945595319333903e-07,4.687396836313954e-05,0.9651200957777063,1.4086251617672834e-06,2.1190196035191972e-07,0.002649566948575297,7.484752811944639e-05,9.460244412257192e-06,4.095669796128171e-06,0.00927432971722551,9.764303179324578e-07,6.411651534804254e-10,2.6143772172179704e-07,2.0362346223650182e-05,6.187378319946956e-05
24,0.0010961322540361798,3.792741916512461e-07,0.0009819397144256344,6.22953274292263e-07,0.01856299846151449,1.1903265089018414e-05,0.000691197773879255,6.246810491464842e-05,0.00019632742512133537,7.242559257674189e-07,3.7821934907936956e-07,4.68282507572088e-05,0.9667473999111538,1.5014971926116051e-06,1.858442243628135e-07,0.002373123585379914,7.458153842645115e-05,9.05493266475669e-06,3.760757655939324e-06,0.00905787236093951,9.223702775016856e-07,5.978896107817266e-10,2.5646933324478435e-07,1.885392263505384e-05,6.058625974870653e-05
25,0.0010866458530151173,3.8392668982531823e-07,0.0011999201939296331,8.381496332118027e-07,0.021371552457615083,1.431840351620881e-05,0.0008724858979156281,0.00010857247168126966,0.000206814085278869,8.050563195752495e-07,6.565803605553809e-07,5.6474761568120546e-05,0.9608801611478632,1.904387968636213e-06,2.223744854223177e-07,0.003292514837829521,8.386190311806489e-05,9.738565972426644e-06,4.7423162142863065e-06,0.010725767969676345,1.0586146272847106e-06,7.958713292711916e-10,3.603172756509655e-07,2.5779871609864587e-05,5.441905996482819e-05
26,0.001107800608937144,3.090160589843434e-07,0.0009928642318692996,4.790274050564079e-07,0.014910831861748703,1.1308363363354544e-05,0.0005090317814200285,4.4196075376390095e-05,0.00018060065611818558,5.809529806017843e-07,3.1562102068584815e-07,3.632641512896025e-05,0.9729643349561836,9.848146994281183e-07,1.358367075265696e-07,0.0016773515224844703,7.024529982986393e-05,8.333188573945489e-06,3.7947837819454844e-06,0.007408752473504753,8.145149971258208e-07,4.708779511128067e-10,2.195538645122093e-07,2.0091272071023816e-05,5.02967009963164e-05
27,0.00112635701685518,3.918031407626568e-07,0.0011746490757139712,6.626796487673011e-07,0.019299965465956918,1.4162336068281887e-05,0.0007615296190588056,7.784569004295306e-05,0.00023286302900380306,8.005241906842604e-07,4.6447416034165585e-07,4.921426797574811e-05,0.9645414897547683,1.4545978370166456e-06,2.5431656419899355e-07,0.002981180687444994,7.998321490688612e-05,1.0040385869163718e-05,4.704113720521516e-06,0.009557588648919212,1.059680454947257e-06,7.832132175795396e-10,2.6922558649955437e-07,2.164714530706618e-05,6.142146359185958e-05
28,0.0011445998176280918,3.850933854856723e-07,0.0011487022799850568,6.305657293717982e-07,0.019391273090197652,1.3008196393620974e-05,0.0007551439203420581,6.717828637828506e-05,0.00021352304385867317,7.812302003565605e-07,4.0945595319333903e-07,4.687396836313954e-05,0.9651200957777063,1.4086251617672834e-06,2.1190196035191972e-07,0.002649566948575297,7.484752811944639e-05,9.460244412257192e-06,4.095669796128171e-06,0.00927432971722551,9.764303179324578e-07,6.411651534804254e-10,2.6143772172179704e-07,2.0362346223650182e-05,6.187378319946956e-05
29,0.0011445998176280918,3.850933854856723e-07,0.0011487022799850568,6.305657293717982e-07,0.019391273090197652,1.3008196393620974e-05,0.0007551439203420581,6.717828637828506e-05,0.00021352304385867317,7.812302003565605e-07,4.0945595319333903e-07,4.687396836313954e-05,0.9651200957777063,1.4086251617672834e-06,2.1190196035191972e-07,0.002649566948575297,7.484752811944639e-05,9.460244412257192e-06,4.095669796128171e-06,0.00927432971722551,9.764303179324578e-07,6.411651534804254e-10,2.6143772172179704e-07,2.0362346223650182e-05,6.187378319946956e-05
30,0.0011445998176280918,3.850933854856723e-07,0.0011487022799850568,6.305657293717982e-07,0.019391273090197652,1.3008196393620974e-05,0.0007551439203420581,6.717828637828506e-05,0.00021352304385867317,7.812302003565605e-07,4.0945595319333903e-07,4.687396836313954e-05,0.9651200957777063,1.4086251617672834e-06,2.1190196035191972e-07,0.002649566948575297,7.484752811944639e-05,9.460244412257192e-06,4.095669796128171e-06,0.00927432971722551,9.764303179324578e-07,6.411651534804254e-10,2.6143772172179704e-07,2.0362346223650182e-05,6.187378319946956e-05
31,0.00022215791948794329,4.494770868099586e-07,0.0002942463167922854,9.143571475435049e-07,0.040303545878350513,2.0623492390634632e-05,0.0005410419763690503,3.241177200582986e-05,0.000528369551610888,7.135860466737781e-07,4.3296368472504867e-07,5.43105973404785e-05,0.9300886828817911,2.008485301147626e-06,6.536882415694755e-07,0.006779787163362621,0.0001517934750727377,7.589954494608592e-06,2.463251874410163e-06,0.020851366218998215,3.257856935962268e-06,1.4990238876159824e-09,3.4721757840016405e-07,1.3078723018218232e-05,9.97516959937919e-05
32,0.0011784410566583745,3.940125704336563e-07,0.0011537130267188316,6.207826757840036e-07,0.01908441130528983,1.3283507869283195e-05,0.0007555445592392274,6.865346613714971e-05,0.00021703924939427423,7.855849872852656e-07,4.2071439557873433e-07,4.7663263313662596e-05,0.9656356146658984,1.405722275271375e-06,2.180372157191934e-07,0.002651862605760918,7.521205452592807e-05,9.566983900386851e-06,4.446754023721812e-06,0.009017124669247744,9.8596412661319e-07,6.725030446067479e-10,2.607252211468903e-07,2.1065730269819146e-05,6.126488578173999e-05
33,0.0007779798473758397,2.4869710535082514e-07,0.0007445079302256844,5.325954553576815e-07,0.01483341607728557,1.1117863072708124e-05,0.0005273977979329363,6.851481308351617e-05,0.00014686505205142313,5.977492547465335e-07,3.8302385790007755e-07,3.923832768904718e-05,0.9722027907063608,1.313713618662396e-06,1.4270772166791836e-07,0.002279962640999582,7.764990010878432e-05,7.79358174942268e-06,3.7441882458159296e-06,0.008214592221827835,8.654103390795054e-07,5.949405327364877e-10,2.486620349653251e-07,1.8474896436129767e-05,4.162100122664748e-05
34,0.0010520926813433265,3.927930072863023e-07,0.001165889960812716,7.50625859356202e-07,0.021967267328723835,1.393659417771418e-05,0.0008498341779356968,7.781536228383387e-05,0.00020091753541968206,9.942327514545253e-07,4.428101605549087e-07,4.809625290333069e-05,0.9594317674478503,1.7139785577727726e-06,2.3209727585717498e-07,0.003204098203447392,8.233248595358709e-05,1.0261548463062168e-05,3.6772227843628344e-06,0.011795902075825966,1.0905867729556193e-06,6.920203501625042e-10,3.22797488207068e-07,2.0245944622020165e-05,6.992456355960811e-05
35,0.0014155450355753186,3.8085005072755037e-07,0.0012368793511606298,6.077589552206677e-07,0.0185148734567379,1.2492740529637641e-05,0.0008245096912968341,7.261021858457494e-05,0.00022864351186955764,7.729679164090501e-07,4.037435378114907e-07,4.925704058792995e-05,0.9671094599108655,1.3234069028773594e-06,2.1456702054081805e-07,0.0025617942325167407,7.458528358844281e-05,1.1373216676393798e-05,4.456571987466607e-06,0.007794278713996435,9.543202382202987e-07,6.99670023670401e-10,2.2476657113665497e-07,2.0600844473565148e-05,6.375709869010796e-05
36,0.002266321410387808,1.1601312658472758e-06,0.002189303446915893,1.3387740287562427e-06,0.05080388787639106,3.510357824836162e-05,0.0012523040176080941,6.264466079004859e-05,0.00036398689488774936,2.670269489704664e-06,6.872149726354692e-07,4.0914793781899716e-05,0.9183868378510475,2.7701514206929442e-06,3.2229180905663305e-07,0.003387132512274254,0.0001179452260809936,1.9455796776705574e-05,5.507614537781724e-06,0.020862113122344983,1.9653873248920066e-06,7.370761737117581e-10,8.39900499535987e-07,4.372674747942038e-05,0.0001510595925601416
37,0.0010901058394496368,3.845493020819817e-07,0.0011252327071658427,6.343168336171369e-07,0.019751929187409124,1.3307473873764264e-05,0.0007497489172415962,6.860889597865863e-05,0.00021803854570199253,7.725267687529831e-07,4.174789826595621e-07,4.690366227946605e-05,0.9644970740612709,1.432475303744219e-06,2.2297578519915059e-07,0.0027891678577836583,7.553898388743929e-05,9.248514985938327e-06,4.103492567316874e-06,0.009474430404243797,9.935633367291676e-07,6.566499414387111e-10,2.6110878246945034e-07,2.002644510810731e-05,6.141535930765837e-05
38,0.0013656975393309902,4.091523372742538e-07,0.0013059349932474055,5.621326215622581e-07,0.01974584987514562,1.5128787232755077e-05,0.0008334846412569706,6.109828141850902e-05,0.00023387685901862646,8.641595353476167e-07,3.7341420446119177e-07,4.415004889782607e-05,0.9653706032626668,1.3105562061784457e-06,2.30962945929188e-07,0.002751029575016177,6.393025472277554e-05,9.974068614365811e-06,4.60196675276246e-06,0.008101449029009035,9.109135631050571e-07,5.703597208368858e-10,2.2271416297324387e-07,2.1080145185989226e-05,6.722609654685398e-05
39,0.0008965600151409741,2.716245505985855e-07,0.0011642445140588491,5.830527910149157e-07,0.01508342656455721,1.3997645067158179e-05,0.0006397159096701017,7.452077870552581e-05,0.0001940647501722212,7.035807957305974e-07,3.7998316873436094e-07,4.047935691824809e-05,0.9705164267953587,1.0934095252496887e-06,2.1393165170664414e-07,0.003118139810662889,7.218302461090809e-05,8.632310075581966e-06,4.086862708262476e-06,0.0081017407558284,1.010145008991331e-06,6.692856397798293e-10,2.1232435811224596e-07,1.9403192635486613e-05,4.790899269387707e-05
40,0.0011800975443099781,3.7758732136279734e-07,0.0012206860466960616,5.329132567436062e-07,0.01803089928778356,1.1853526195874037e-05,0.0007145316906127553,5.196014797181463e-05,0.00022193396274995577,6.618569118438376e-07,3.498938814041729e-07,4.618750323999822e-05,0.9684114891062329,1.2231984994349317e-06,1.957668313378654e-07,0.002144809280063731,6.334776418929008e-05,8.465469739597839e-06,3.6949816781020823e-06,0.007805388460385175,8.761426580635804e-07,5.454855306788324e-10,2.2208022525643225e-07,1.8676133688605744e-05,6.1539109391884e-05
41,0.003353330091374817,2.842145672502946e-06,0.0028277965120074703,5.503671664024665e-06,0.031549483953346884,4.5920645348835725e-05,0.002872875118901234,0.0009682477824079697,9.906860942543088e-05,4.4676802293457523e-05,5.023907982790985e-06,0.00020639804843738344,0.8495402385841682,1.9412989296814214e-05,5.327077424116923e-07,0.007256244279022423,0.000741442440955841,5.774572694489198e-05,6.382620616307833e-05,0.09981844315663788,1.1509822968446795e-05,2.3686904345740037e-08,2.0632209296779765e-05,0.00028261086007939863,0.00020617004095685047
42,0.0009347233281108463,3.2374418135610873e-07,0.001172189615505028,6.474623585425541e-07,0.01488790276439129,1.4588356116592802e-05,0.0006950718796826063,9.55323572946475e-05,0.0002197836658996284,8.056328391687129e-07,4.6592599358151513e-07,5.025639270046986e-05,0.96896017207134,1.192540344916216e-06,2.8106909151922564e-07,0.0038351081196641296,7.758025093841694e-05,9.108377837895763e-06,5.7494853158572464e-06,0.008965638222394634,1.1489132263693746e-06,9.70776137530397e-10,2.4664270384493104e-07,2.310990472465616e-05,4.837230656805608e-05
43,0.0009768923616619537,3.7576428593881644e-07,0.00113432814110736,6.554576301963212e-07,0.01884658875858883,1.6177418277491786e-05,0.0007843809928460765,7.756581681957329e-05,0.00020104900962338934,1.2742022706766114e-06,3.8405124145179054e-07,4.122524286445707e-05,0.9632489355583715,1.4362109952430441e-06,2.524973586569086e-07,0.0035056371465718083,8.780352385952474e-05,1.1284594286441839e-05,4.694675121526157e-06,0.010970661194907425,1.4091154126179522e-06,8.997815205169032e-10,3.083825730182751e-07,2.184323411077383e-05,6.483574943246032e-05
44,0.0011445998176280918,3.850933854856723e-07,0.0011487022799850568,6.305657293717982e-07,0.019391273090197652,1.3008196393620974e-05,0.0007551439203420581,6.717828637828506e-05,0.00021352304385867317,7.812302003565605e-07,4.0945595319333903e-07,4.687396836313954e-05,0.9651200957777063,1.4086251617672834e-06,2.1190196035191972e-07,0.002649566948575297,7.484752811944639e-05,9.460244412257192e-06,4.095669796128171e-06,0.00927432971722551,9.764303179324578e-07,6.411651534804254e-10,2.6143772172179704e-07,2.0362346223650182e-05,6.187378319946956e-05
45,0.0011298513154978564,4.5419962752446756e-07,0.0008774128216347724,5.606343738694846e-07,0.02136009455213767,1.1267292710477409e-05,0.000654576028872428,4.447582872791094e-05,0.00018662935186471307,7.911727742473833e-07,3.265408559580323e-07,4.2909399149527624e-05,0.9637193884072667,1.5543314479721386e-06,1.5274519335960246e-07,0.001830946081211949,8.088757038825486e-05,8.571472533615333e-06,3.53067968201119e-06,0.009957096779809813,9.764932820075423e-07,5.231493023145542e-10,3.033778225979179e-07,1.8539509035841077e-05,6.87028909494703e-05
46,0.0011186929195478054,3.7609407435724677e-07,0.0011269949674814277,6.258509868431067e-07,0.019001941737690223,1.2888934425240774e-05,0.0007346361851477954,6.677864031865593e-05,0.0002096894088821382,7.662065136499062e-07,4.0545972716928657e-07,4.6315047090458214e-05,0.9656572767889198,1.3908056229566076e-06,2.088029861727202e-07,0.0026206116986790665,7.540905398751621e-05,9.347819064783957e-06,4.057653718130885e-06,0.009229435801511875,9.719963736044063e-07,6.395653475656406e-10,2.589966442034306e-07,2.0120453831107437e-05,6.079803720967246e-05
47,0.0012641681153069456,4.6185084851155377e-07,0.0013686390633616348,7.908154638405808e-07,0.023791405167878983,1.657740531991676e-05,0.0009005932084603101,8.40625251710072e-05,0.0002345089108030211,9.89872354835101e-07,5.504892378207131e-07,4.9838300739493035e-05,0.9580141998706673,1.8305709844094378e-06,2.459181114763104e-07,0.0031222978075900946,8.193068727926672e-05,1.081548363396127e-05,4.59542424233848e-06,0.01095596472839735,1.1078867914876551e-06,7.30400433075466e-10,3.528200146970244e-07,2.493589330402739e-05,6.913645363685385e-05
48,0.0012445275008972064,4.253815826722493e-07,0.0009926145489454975,5.258143970061222e-07,0.018912586664742947,1.3761796849594256e-05,0.0006879269695244455,6.780399669990493e-05,0.0001839611270196312,8.092770083064916e-07,4.328761893026083e-07,4.179604054322686e-05,0.9669208514697255,1.3598820465698353e-06,1.7057743144163936e-07,0.0022373168248047462,8.170886423153039e-05,8.48053080626807e-06,6.134811043969268e-06,0.008519551646824374,9.251669404695571e-07,6.413597516146859e-10,2.888727091726982e-07,2.465396628479202e-05,5.1384751391502825e-05
49,0.0010633194999201448,3.618697586290389e-07,0.001188633802216644,6.694175896013785e-07,0.017151118056587523,1.2750225865311634e-05,0.000708482988994736,6.33009676092871e-05,0.0001993735489800029,8.018298628383377e-07,3.8778009839330676e-07,4.713357474202263e-05,0.9674237089449359,1.3575297577452265e-06,1.9744889217097073e-07,0.002537954649668132,7.081652724274676e-05,9.116889784251527e-06,3.7434656075124974e-06,0.009434321212220778,9.891886510067246e-07,6.236938167208301e-10,2.746366913350546e-07,2.089496147040041e-05,6.029035915912401e-05
50,0.001294480501118028,4.369227175602264e-07,0.0012645107916632466,6.689201607224387e-07,0.022474112612709773,1.3076970436179902e-05,0.0010510079653090233,7.966313943366734e-05,0.0001909021968256447,1.1156454233807465e-06,4.3854710822346387e-07,5.192672236321477e-05,0.9600710185209164,1.7215147917925136e-06,2.16754398845167e-07,0.002875673938782668,7.364838701500352e-05,1.0295506850710706e-05,4.352005175741515e-06,0.010446008456261315,9.856467377463105e-07,6.742935757434701e-10,3.236325811809945e-07,2.1994542921454433e-05,7.141948400481469e-05
51,0.001382383663243327,4.964437188039979e-07,0.001275095964324399,7.494087977064142e-07,0.020313765384890593,1.3479422880320505e-05,0.000823444022821921,7.458523265037159e-05,0.00023938272431219194,8.371669203485223e-07,4.6213120040650353e-07,5.456480163137517e-05,0.9634129923720497,1.6175043860650454e-06,2.2885614675005228e-07,0.0026112974803606487,8.021256920444444e-05,1.0199868401360734e-05,4.753378534262493e-06,0.009607794248832445,1.0544359948530462e-06,7.441177704134217e-10,2.9706270842620376e-07,2.309974749065829e-05,6.720536438083625e-05
52,0.0011808614581505074,3.2363383713314547e-07,0.0010890994452176317,5.715864340779966e-07,0.019143306245380246,1.473245558737552e-05,0.0006932593220736578,6.922975234293827e-05,0.0002211631305485318,8.006519639013718e-07,4.097469669016892e-07,4.165278821976097e-05,0.9657777313859828,1.4626110129532285e-06,2.3926598319870163e-07,0.0028171490767078242,7.777503096031192e-05,1.2330392074029364e-05,3.961826532021612e-06,0.008766330270870856,9.67716376025262e-07,6.782315323316989e-10,2.270094542984115e-07,1.870733555645121e-05,6.770718353499309e-05
53,0.001059836343570621,3.8277283309267847e-07,0.0012155697726715453,6.97396435552516e-07,0.021610039083243025,1.1654125652438463e-05,0.0010338493967402159,7.348086410767385e-05,0.0002038438945316622,8.979772252542475e-07,4.254651103748353e-07,5.44683744672598e-05,0.961439979568006,1.5375195481599758e-06,2.1698816773909245e-07,0.002987576683038174,6.40995139950156e-05,8.90717861293063e-06,3.4693967593802534e-06,0.01014225345286425,9.31850879210856e-07,6.0630970730063e-10,2.886557003764008e-07,2.0182516686669813e-05,6.541060284347367e-05
54,0.0015313570319463008,6.19923368007542e-07,0.001301253754495478,7.107794621604994e-07,0.02444848104342321,1.4911923656185006e-05,0.0009328763573970792,6.457563558438192e-05,0.0002587111364463302,1.0690753853666107e-06,4.128913415196768e-07,5.464757195179155e-05,0.9572665474775454,1.827806445094534e-06,2.832773511863616e-07,0.002866461844679518,7.575151529921209e-05,1.0514327550451189e-05,4.781419475282909e-06,0.011051832602867892,1.004496251206674e-06,6.916298522584663e-10,3.084480957279317e-07,2.1309193203188642e-05,8.974977514839149e-05
55,0.001228203058778752,4.5468237165066955e-07,0.001291747463187405,7.326451425956574e-07,0.023529376457554832,1.5812979976880308e-05,0.0008596603221716579,8.50247950997222e-05,0.00021622925105661955,1.024294519219528e-06,5.215150048012752e-07,4.744791813027738e-05,0.957666623365854,1.7448018317178615e-06,2.463500939324462e-07,0.003134501332815052,8.93861307303414e-05,1.055522845166653e-05,4.844309083952121e-06,0.011722087806129716,1.1217941984070634e-06,7.570505966581318e-10,3.5425982870302804e-07,2.382722493915773e-05,6.847125599844539e-05
56,0.00108548739331298,3.5986938013136404e-07,0.0010794034242345252,5.94770217154975e-07,0.01792790494639124,1.217882689889154e-05,0.0007051014215444755,6.19180402033256e-05,0.00020171588252254985,7.232461930834199e-07,3.8133225560448137e-07,4.587710876824314e-05,0.9675515774216219,1.3303937821428744e-06,1.9589761965016742e-07,0.0024276732735179444,7.194967875559822e-05,8.933773391862744e-06,3.904446783821419e-06,0.00873327400211539,9.314247498832428e-07,6.074061318682678e-10,2.4650134719545116e-07,1.9461682729577614e-05,5.8874634256689066e-05
57,0.0025667562748147767,7.814631886074817e-07,0.002487209323397577,1.21685688368624e-06,0.0464377073118109,3.1320749089528686e-05,0.0016079476735810223,0.00012968597384979273,0.00036625345262734075,1.803041581599463e-06,1.021646246557179e-06,5.3047378784471774e-05,0.9277810247195595,3.1166241612679697e-06,3.905585260450976e-07,0.004405639737236299,0.00010882899520840766,2.2975235745013798e-05,6.128294728746822e-06,0.01382726755421133,1.5583754155735273e-06,9.303160416812536e-10,5.361858021573579e-07,3.767285070178791e-05,0.00012010879253214323
58,0.0010973900570142967,3.488341087047757e-07,0.0010735677751161552,5.746828029481415e-07,0.017351325240799038,1.223674701051204e-05,0.0006829974625921605,6.08436237092081e-05,0.0002006761322786641,6.832560292848229e-07,3.8967495974544427e-07,4.533058444642074e-05,0.9686942191446947,1.267689746506921e-06,1.8601686331361866e-07,0.002334510561942502,6.963565783070424e-05,8.755139783273022e-06,4.082496169582254e-06,0.00828386767108187,8.992826971478521e-07,5.851418175900492e-10,2.4117822714471825e-07,2.047975178323407e-05,5.549075317105371e-05
59,0.0011296242460445982,3.713967576641104e-07,0.0012021759134865093,6.323110016176471e-07,0.0180841240174771,1.2874188347818545e-05,0.0007360221543266847,6.512476558690657e-05,0.00021075888411022981,7.592085732945008e-07,4.0621420600639583e-07,4.6841448882512745e-05,0.9667652645896482,1.3087534667545656e-06,2.0133804668533458e-07,0.0025460282765279976,7.094705732172207e-05,9.108778502741183e-06,4.109661918689999e-06,0.009032080097599189,9.717554297727578e-07,6.203651790981604e-10,2.6110145458177644e-07,2.1566099826018484e-05,5.843712109164656e-05
60,0.0011445998176280918,3.850933854856723e-07,0.0011487022799850568,6.305657293717982e-07,0.019391273090197652,1.3008196393620974e-05,0.0007551439203420581,6.717828637828506e-05,0.00021352304385867317,7.812302003565605e-07,4.0945595319333903e-07,4.687396836313954e-05,0.9651200957777063,1.4086251617672834e-06,2.1190196035191972e-07,0.002649566948575297,7.484752811944639e-05,9.460244412257192e-06,4.095669796128171e-06,0.00927432971722551,9.764303179324578e-07,6.411651534804254e-10,2.6143772172179704e-07,2.0362346223650182e-05,6.187378319946956e-05
61,0.0011285455675087907,3.7528888195627625e-07,0.0011857466451864764,6.32625622707102e-07,0.018068676763612304,1.2697706480135114e-05,0.0007435361997895398,6.482731482261957e-05,0.0002096515278056438,7.682991788715487e-07,4.0243698444079093e-07,4.737242999005033e-05,0.9668390326916284,1.3242571551142362e-06,2.0256549969756464e-07,0.002522415139335359,7.091201009640474e-05,9.156533275934547e-06,4.080873470119183e-06,0.00900783788377078,9.689568559785698e-07,6.27542178885802e-10,2.6116249850192896e-07,2.1271427425453626e-05,5.930306558257783e-05
62,0.0011445998176280918,3.850933854856723e-07,0.0011487022799850568,6.305657293717982e-07,0.019391273090197652,1.3008196393620974e-05,0.0007551439203420581,6.717828637828506e-05,0.00021352304385867317,7.812302003565605e-07,4.0945595319333903e-07,4.687396836313954e-05,0.9651200957777063,1.4086251617672834e-06,2.1190196035191972e-07,0.002649566948575297,7.484752811944639e-05,9.460244412257192e-06,4.095669796128171e-06,0.00927432971722551,9.764303179324578e-07,6.411651534804254e-10,2.6143772172179704e-07,2.0362346223650182e-05,6.187378319946956e-05
63,0.00116811697368099,4.1672292865120086e-07,0.001148274135103209,6.454887585997839e-07,0.019573004585709184,1.3080180271532455e-05,0.000751014570946071,6.448770952100036e-05,0.00021786339231962947,7.986951687407452e-07,4.069262667709522e-07,4.780169159203203e-05,0.964819373564248,1.4332497341568664e-06,2.149181724466448e-07,0.002570847607341936,7.603089567664533e-05,9.375194159603786e-06,4.200279736104876e-06,0.009446739551809013,1.0029831247084255e-06,6.520854913326294e-10,2.7109328502004687e-07,2.0703139864999656e-05,6.389579849544725e-05
64,0.0010561693466437472,3.799591364359369e-07,0.0011041520839242828,6.367168766711837e-07,0.018254858415507703,1.2957260220574348e-05,0.000713947721834799,6.309004893386211e-05,0.00020688275630512,7.974577603870552e-07,3.8754826514949163e-07,4.654364107914839e-05,0.9663976894512628,1.3932989834043018e-06,2.0759955789134856e-07,0.0025988650009385154,7.492329416281544e-05,9.160232218628982e-06,3.97543843842969e-06,0.009370467932781484,1.0462228435226145e-06,6.555116525138515e-10,2.6604029980271586e-07,2.0173313952718835e-05,6.102856256036502e-05
65,0.00112375366904183,2.951128763108701e-07,0.0008344069665967928,4.196996135499223e-07,0.01519704610975076,1.040564757482427e-05,0.0004917810641010533,4.4053067714779415e-05,0.00026248528108258897,3.5202001950696273e-07,3.594829081971465e-07,4.436994762142954e-05,0.974778888682706,9.095422693537228e-07,1.6330270019356885e-07,0.0018439408867777212,6.631202747838324e-05,8.135938921879711e-06,4.25311201188263e-06,0.005223190438892863,7.564918574949581e-07,5.45695493800788e-10,1.505425383929637e-07,1.7960719809532987e-05,4.560969943927139e-05
66,0.0017612725446063625,8.177961315987528e-07,0.001271852330455397,1.3393211509449344e-06,0.033911250729084186,1.4648466843979494e-05,0.001595991843437608,0.0002694716305360217,0.0004338731816178377,8.639769926309146e-07,1.0467786269605881e-06,0.000144194540225204,0.9398952566725866,4.865664425070113e-06,6.976115783302383e-07,0.007547118411718343,9.693626556464151e-05,1.314674084739705e-05,7.04096041678527e-06,0.01291127622133656,1.0998735870632112e-06,1.9514040426614515e-09,3.630207611237671e-07,2.0725851288449698e-05,9.48476147770061e-05
67,0.0030409891102114346,1.1530879646829347e-06,0.0023007241544666527,7.572430105125212e-07,0.0380944231818433,1.74939726100572e-05,0.0020683391139951803,0.00012426173892371225,0.0005383730962912235,1.3444124185767724e-06,7.459408898173319e-07,8.790348554352877e-05,0.9394894442872684,1.7678487887679313e-06,6.031565521136342e-07,0.004451992648881761,9.743198318759831e-05,1.5422753578099592e-05,1.1729564691647225e-05,0.009512817676325263,1.438674840872543e-06,1.5961612920215717e-09,2.971726935681277e-07,3.112596678506021e-05,0.00010941813207677367
68,0.0012320967063752981,3.1153285712318434e-07,0.001507853893915681,7.046706656583602e-07,0.013250822841926312,1.130828443485652e-05,0.0006607496949861104,5.932363552725511e-05,0.00020048162867077518,7.335661112706002e-07,3.37334075222394e-07,4.995637284919125e-05,0.9727044701232671,1.1080290912084222e-06,1.500545263860309e-07,0.0023071302394184505,6.170323146465012e-05,9.856788258432496e-06,3.2711242695061544e-06,0.007858985570875514,1.0339797112504826e-06,5.772882540416519e-10,2.448065800986369e-07,2.2682372904956894e-05,5.4682939949353834e-05
69,0.0009334686956902862,3.341611465625016e-07,0.0011111231320612312,6.768015566381322e-07,0.016892468784328516,1.2158247543560245e-05,0.0006928246870624947,6.9263273460677e-05,0.00018024719245076975,7.291716591618771e-07,4.267307387038969e-07,4.762177294288116e-05,0.9674735604337733,1.3768983612770475e-06,1.8076673697156102e-07,0.002581968242530602,7.019858246163462e-05,8.117712995552507e-06,3.771536913310781e-06,0.009844793180638,1.007197148632201e-06,5.972030065895261e-10,2.866850387815909e-07,2.192415985456916e-05,5.147135570297609e-05
70,0.0009117607994827616,2.1669387497668758e-07,0.0009989480329078326,5.527999461347705e-07,0.013333005140928101,7.374892448461936e-06,0.0006051443742859337,5.8948087644914233e-05,0.0001559352764896815,5.0983516681883e-07,2.1396748521547164e-07,4.227577304898994e-05,0.9728975871404576,1.1228161919070694e-06,1.6233395730971678e-07,0.002351321358165367,5.6140563268854825e-05,8.091917065754777e-06,1.7223662020771073e-06,0.008499480601448983,5.80535409874219e-07,3.8948114604553413e-10,1.3575052438448605e-07,9.862274266920527e-06,5.890627984975868e-05
71,0.0028431840926179484,5.940657895787323e-07,0.004050945875126295,1.220142555159354e-06,0.025843717892932133,4.0538456512685446e-05,0.0016338791744192876,0.00021436644129185566,0.0005095369922389123,1.2667549110004817e-06,1.8384240880417974e-06,8.160045955740959e-05,0.9519742547167213,2.001517658832693e-06,5.648053745848304e-07,0.005919119817655963,9.896794193102048e-05,2.290933681724978e-05,1.4290179316093324e-05,0.006606806520901165,1.88202500006647e-06,1.9885578113890666e-09,4.0519348700010735e-07,6.245762523279805e-05,7.364955930575408e-05
