,0,1,2,3,4,5,6,7,8,9,10,11,12,13,14,15,16,17,18,19,20,21,22,23,24
0,3.7901564096910348e-06,5.714303298350009e-05,0.0012588459668815576,0.0025022920619920215,0.002967027642097129,1.379412890474301e-07,0.00025721555668683523,2.457426755427581e-05,4.059372524451335e-05,0.0001358073155297792,0.00013725450913033697,2.9433697715069515e-06,0.3919569716136188,0.0015017260023839488,2.6909747109987883e-06,0.0005613078277591845,1.1623327089727067e-05,0.006987541361401554,7.417187698486828e-05,0.5893643648328297,0.0015621778472162209,3.749777960838508e-06,3.639218491006151e-06,0.0005815985167964785,8.112771863659913e-07
1,5.801150982810556e-06,6.038143341860062e-05,0.0013197897805909185,0.004055409080784185,0.0024782326968483827,5.664326811356325e-08,0.00029494826887314424,2.3856587348575778e-05,1.1058453644253426e-05,4.860819413560114e-05,0.00010223960258815173,4.230679918836717e-06,0.5789996427706631,0.0005237599615073898,1.4718702004719891e-06,0.0008230539289673642,2.3637054246620594e-05,0.00565637857225909,4.645828193849323e-05,0.40408144892831943,0.0010063179884984446,2.3119392898725006e-06,2.2294541131953765e-06,0.00042832381010822376,3.5286748685755886e-07
2,7.464737744892284e-06,6.700671704069531e-05,0.0012746900671444965,0.004737455302068764,0.002920330683400083,5.913468339738806e-08,0.0003321093323334347,2.554215279452174e-05,1.0526714482343925e-05,4.087873537518364e-05,0.00013252694063874216,4.981237156608427e-06,0.6308680920209274,0.0005261591161823852,1.5026161116552066e-06,0.0006782962468056433,2.6880567671506654e-05,0.0062534204127959485,4.748270323533255e-05,0.3505495021645474,0.001083011392563996,2.6059634871509945e-06,2.381050990979223e-06,0.0004067634979813356,3.304918359971373e-07
3,7.0292532755860195e-06,6.522379931195391e-05,0.0012573558007041084,0.0046185738848009235,0.002974224071745119,5.934923045178165e-08,0.0003195985060950012,2.5164597000603953e-05,1.0872066769595868e-05,4.1684905374364864e-05,0.00013109201814115955,4.909614968939795e-06,0.6107306111059818,0.0005507134099294443,1.5493452926223133e-06,0.0006702805980663373,2.5643118977744257e-05,0.006062209763031454,4.530328659934342e-05,0.3710006246396394,0.0010460552337260066,2.587940759442181e-06,2.3759340301061442e-06,0.00040591520684594106,3.4254970251143244e-07
4,7.0182828018876244e-06,6.219585115335655e-05,0.0012081472962232897,0.004306337627486623,0.0027362129284888596,5.214274304094646e-08,0.0003033209404192022,2.3446292260661604e-05,1.0323126908946387e-05,3.7849984106276046e-05,0.00012542335050728115,4.745272427751154e-06,0.6298626831291588,0.000536845260131755,1.4033414455254542e-06,0.0005989900020011082,2.343830228356382e-05,0.005734921777915245,4.155782656896101e-05,0.35298745680957244,0.0009918371470508316,2.5506140343020207e-06,2.146992291412132e-06,0.0003907788211452692,3.1688087351761506e-07
5,6.77899907524658e-06,6.142225538750911e-05,0.0012055588103085722,0.004872238167919423,0.0029888177262989775,5.734207420801913e-08,0.00028928671156716785,2.3484488416337357e-05,1.0596765276556126e-05,4.2204669813361546e-05,0.00012335711544962335,4.367058421922395e-06,0.5915871326840458,0.0005335778193505836,1.4548179915385886e-06,0.000638860844790302,2.4225103156317936e-05,0.006489785488628443,4.29350364610307e-05,0.38964260069235396,0.0009830559092492747,2.3170331748794746e-06,2.53248536629695e-06,0.0004230440958036932,3.078796191240348e-07
6,7.0292532755860195e-06,6.522379931195391e-05,0.0012573558007041084,0.0046185738848009235,0.002974224071745119,5.934923045178165e-08,0.0003195985060950012,2.5164597000603953e-05,1.0872066769595868e-05,4.1684905374364864e-05,0.00013109201814115955,4.909614968939795e-06,0.6107306111059818,0.0005507134099294443,1.5493452926223133e-06,0.0006702805980663373,2.5643118977744257e-05,0.006062209763031454,4.530328659934342e-05,0.3710006246396394,0.0010460552337260066,2.587940759442181e-06,2.3759340301061442e-06,0.00040591520684594106,3.4254970251143244e-07
7,6.898810172459297e-06,6.993285292141505e-05,0.0013292202317273538,0.004980206050981088,0.003375341879984042,6.862822180263393e-08,0.0003374221477858233,2.6915006965173954e-05,1.2494440324016887e-05,4.782245722183005e-05,0.0001361815243304491,5.235737702111614e-06,0.5776731373748505,0.0006297163822901368,1.7118503637284783e-06,0.0007426596586521014,2.8374508328238995e-05,0.006484577839241623,4.8545528148177546e-05,0.4024530435747978,0.001147171052937313,2.6566790982404257e-06,2.8680336207622207e-06,0.0004573983293640954,3.9941996980488454e-07
8,7.619719499787628e-06,7.290832180996462e-05,0.0019304002571519086,0.005434015631240432,0.003246272232449197,6.540762911713321e-08,0.00022116491678334313,2.2320787997156987e-05,1.3328489453117427e-05,6.195796320813454e-05,0.00010743651991306066,4.678806657924198e-06,0.5370134309194275,0.0007241044226958666,1.5726190289313747e-06,0.0007030137322956568,2.7775727631221657e-05,0.005494491319605689,3.059604415643792e-05,0.44341796183496446,0.0008784489277409288,2.1385601053279633e-06,3.208420000432241e-06,0.0005806477696446472,4.4064890973890165e-07
9,5.177704097159399e-06,6.541398310781771e-05,0.0017198817427444859,0.004525221289238663,0.002520850610307377,5.8681831781588394e-08,0.0001870820583102417,2.138296899798429e-05,1.2823018255699831e-05,7.041042993396953e-05,8.553074849766778e-05,3.946489687390864e-06,0.4878813684108735,0.0007303938854010902,1.4670342851111803e-06,0.000786464521138898,2.240026264140365e-05,0.004894901833826371,3.056456317689325e-05,0.49511376308764904,0.000789793112016391,1.943832263754255e-06,2.7003870757300135e-06,0.0005260229472492306,4.3639739244638364e-07
10,7.0292532755860195e-06,6.522379931195391e-05,0.0012573558007041084,0.0046185738848009235,0.002974224071745119,5.934923045178165e-08,0.0003195985060950012,2.5164597000603953e-05,1.0872066769595868e-05,4.1684905374364864e-05,0.00013109201814115955,4.909614968939795e-06,0.6107306111059818,0.0005507134099294443,1.5493452926223133e-06,0.0006702805980663373,2.5643118977744257e-05,0.006062209763031454,4.530328659934342e-05,0.3710006246396394,0.0010460552337260066,2.587940759442181e-06,2.3759340301061442e-06,0.00040591520684594106,3.4254970251143244e-07
11,6.937178385902983e-06,6.201300569174116e-05,0.001194861724824485,0.004357168326504609,0.00278947127777654,5.4195712414574696e-08,0.0003096210698318797,2.3659978195690493e-05,1.0233375795235255e-05,3.789989091014805e-05,0.00012592530807854562,4.7912545208386824e-06,0.6241737472047431,0.0005144300824506293,1.4623073892259422e-06,0.0006298956471914247,2.408163020624284e-05,0.0056578509794689286,4.2597316910894105e-05,0.3586489652560454,0.000984840841594551,2.555776575203768e-06,2.163056149784809e-06,0.0003944531185763782,3.2019647032864505e-07
12,5.62545664566235e-06,5.028889159888797e-05,0.0014132878079566602,0.0028968657176156954,0.005324765963030629,6.15373048215017e-08,0.00025110966747740203,1.613463742024518e-05,1.2437193548164237e-05,3.840628209756309e-05,0.00014151743488975755,4.770773353430553e-06,0.43009998146488543,0.000674681755382307,1.327692273323861e-06,0.0005891830908731031,2.7826144557848867e-05,0.004931976634266327,2.3137985282223484e-05,0.551853851021959,0.001027578284121217,1.9103147247767387e-06,3.0858727384847997e-06,0.0006096928933948662,4.954826021504345e-07
13,5.69564441113147e-06,7.659477943259131e-05,0.0013613031958929162,0.007300224589520904,0.0028100409671151143,9.314894339912308e-08,0.000329580841278796,2.2722108717543645e-05,1.4031611882479758e-05,7.909843470350668e-05,6.831543325875069e-05,3.30140655566451e-06,0.5268407438554663,0.0004318745551125448,1.7135744452855176e-06,0.001213455776851896,3.117602905160509e-05,0.006797118069113896,5.9733064578911655e-05,0.45101317321606366,0.0009122898810436292,1.944781434535328e-06,4.179557987196186e-06,0.00062126971238052,3.257647571943744e-07
14,7.019383195942952e-06,5.093833017480412e-05,0.0026090080934821846,0.0029307751215431003,0.0014342712469110023,6.916861145675736e-08,0.0002788396829111758,3.734848654156806e-05,1.3015977978913886e-05,5.7200163532436075e-05,6.661601810888353e-05,6.90906525604719e-06,0.46099016527970454,0.0007018010132134744,1.6084779988689308e-06,0.0014483974804203415,2.591760323827049e-05,0.0038903789879159425,1.8581474687640727e-05,0.5243959408759247,0.0006307437125351182,2.3840811778358457e-06,2.1071189032123433e-06,0.00039933502534047826,6.28130692162127e-07
15,7.0292532755860195e-06,6.522379931195391e-05,0.0012573558007041084,0.0046185738848009235,0.002974224071745119,5.934923045178165e-08,0.0003195985060950012,2.5164597000603953e-05,1.0872066769595868e-05,4.1684905374364864e-05,0.00013109201814115955,4.909614968939795e-06,0.6107306111059818,0.0005507134099294443,1.5493452926223133e-06,0.0006702805980663373,2.5643118977744257e-05,0.006062209763031454,4.530328659934342e-05,0.3710006246396394,0.0010460552337260066,2.587940759442181e-06,2.3759340301061442e-06,0.00040591520684594106,3.4254970251143244e-07
16,6.802725346791888e-06,6.426693511288542e-05,0.0009521072113281333,0.00462098100998836,0.002756919171401527,5.1052093709675225e-08,0.00032487134951769453,2.571104055073365e-05,9.90417504029696e-06,3.400136127065078e-05,0.00014179660394070037,5.116953719272884e-06,0.6485616522501458,0.0005401951484271442,1.5874462924505174e-06,0.0005659523574847023,2.1779499609658263e-05,0.006245805158638081,4.969119372113793e-05,0.333748656049791,0.0009924961442738152,2.9652464725209338e-06,1.9560463959835076e-06,0.0003244355909242488,2.982785127311782e-07
17,7.756283025040519e-06,5.374489392033723e-05,0.001086444478985732,0.0038527067813545566,0.00335553008450151,4.5154899517237626e-08,0.00035910612156298596,2.131683323449965e-05,1.025613549425335e-05,2.637773247819077e-05,0.00014309515646503053,4.955572507310393e-06,0.6530024760344394,0.0005184633359093979,1.1220044655476468e-06,0.0004585575659781258,2.2467024993029873e-05,0.006158346078051875,3.578415805954599e-05,0.32937958936318906,0.001091537188609414,2.444298921159888e-06,2.1251422241609897e-06,0.0004054774173256488,2.751594047118039e-07
18,6.264645332095677e-06,6.560828584826612e-05,0.0014033816032942195,0.0033081510010063635,0.0030041623069241934,6.074695887058774e-08,0.00036505515246837547,2.424681357932239e-05,1.2673988816531577e-05,4.477506069238651e-05,0.00013423650780417133,5.6949343426791796e-06,0.5666334064633869,0.0007239551019120432,1.5603869607303157e-06,0.0007639785909063448,2.755748992619268e-05,0.006009073922824658,4.641453402015813e-05,0.41557241651229127,0.0013613672666713955,2.662550306339046e-06,2.67850754085371e-06,0.00048011420656140277,5.034196243913338e-07
19,6.055878192222286e-06,7.632857501525846e-05,0.0011220748401893246,0.006040337962702815,0.0030706695987505086,6.752521733640129e-08,0.000292475612065084,2.291340543748273e-05,1.2501610488343632e-05,4.968754489106211e-05,0.0001057968041073771,4.9153662577050155e-06,0.5888998905003406,0.0005386902984943768,1.877824239175104e-06,0.0007156612838893627,2.4805834965063995e-05,0.004938664245680181,4.348824109005681e-05,0.3928405252432331,0.0007500586362252517,2.7175198294436183e-06,2.462478012877253e-06,0.0004369789399263249,3.5423075982560716e-07
20,6.668871939770316e-06,6.137825528364166e-05,0.0010029665918886354,0.004444125955078021,0.00254175366294724,5.413621911278643e-08,0.00028399710843445453,2.517298709086404e-05,1.0565549336092716e-05,3.8008950254871534e-05,0.00013035932905894476,4.442420937748762e-06,0.6426923673211291,0.0005256961510009174,1.5889347510010231e-06,0.0005276077914353637,1.9490333446968894e-05,0.005393178011737099,4.467124274620201e-05,0.34103990260314226,0.0008802055457740399,3.0234045653148066e-06,1.8456667590237804e-06,0.00032064009998302557,2.890750603247121e-07
21,6.786165608135215e-06,5.021128431414342e-05,0.001379820352935344,0.0035086354793589956,0.002063851211879774,3.4051134604632785e-08,0.000243008436814529,2.0271120951711083e-05,7.0454731109056915e-06,3.085648392030483e-05,9.903331542009984e-05,4.44596016725625e-06,0.6168227095933225,0.0004817476409166148,9.451948531280023e-07,0.0006525936329378382,2.3788498914894807e-05,0.0058406357970365134,2.9256146564433596e-05,0.36740867557400736,0.0009300947086150765,1.7647394101368041e-06,1.933311539584042e-06,0.00039158634302598807,2.6948324017177463e-07
22,8.70556106716969e-06,5.9288694927494535e-05,0.0014221979387076635,0.004363270106668098,0.002604982644098605,5.477249758613786e-08,0.0002639695781083901,2.7909312946295488e-05,8.101610514537319e-06,4.0089930213700435e-05,0.00014371361837058885,4.6536503116425955e-06,0.6218307092952801,0.0005060579248657367,1.259614461376466e-06,0.0006538954172756598,3.002711967744449e-05,0.00716026772102976,4.087665560277573e-05,0.35938013392088625,0.0010904282389037666,2.473877743116797e-06,2.414890504595034e-06,0.00035422978905524824,2.881162824397561e-07
23,7.0292532755860195e-06,6.522379931195391e-05,0.0012573558007041084,0.0046185738848009235,0.002974224071745119,5.934923045178165e-08,0.0003195985060950012,2.5164597000603953e-05,1.0872066769595868e-05,4.1684905374364864e-05,0.00013109201814115955,4.909614968939795e-06,0.6107306111059818,0.0005507134099294443,1.5493452926223133e-06,0.0006702805980663373,2.5643118977744257e-05,0.006062209763031454,4.530328659934342e-05,0.3710006246396394,0.0010460552337260066,2.587940759442181e-06,2.3759340301061442e-06,0.00040591520684594106,3.4254970251143244e-07
24,6.653962219863127e-06,7.741483907216442e-05,0.0010623435498635667,0.0061251159650737705,0.0029569608153810698,5.81616914577641e-08,0.0003029662704488972,2.4816185431830533e-05,1.0835200356763917e-05,4.4409732407008076e-05,0.00012274134701879537,4.772117527822642e-06,0.6341145776921273,0.0005364474658271618,1.7072545878022644e-06,0.0006533521701207185,2.516256619958764e-05,0.006108864373541321,5.304961539288688e-05,0.3464398961049529,0.0009295477335231557,2.73182028568022e-06,2.412605659028675e-06,0.0003928531449456005,3.093063438477243e-07
25,6.6946977611730025e-06,4.395802923823292e-05,0.00100336381666794,0.0036823324729095565,0.0030156581475515505,4.3865261629689775e-08,0.00034373393353412634,2.984453664466856e-05,7.446214789221163e-06,2.3969337312304794e-05,0.00016084632341351274,4.998226187851612e-06,0.6026321337208765,0.0004533235562445191,1.0947223492040392e-06,0.0005434932217505506,2.1805662868545625e-05,0.0069006908227684785,3.519587057004489e-05,0.37973833140795676,0.0010528645080244677,2.236935906300893e-06,1.8615458136190898e-06,0.0002938360278695,2.4239572971228633e-07
26,7.197576810724415e-06,5.733825799884482e-05,0.0016130451461376268,0.004560385959484323,0.003310941833977136,5.800002300925556e-08,0.0002483253421086784,1.982245129198141e-05,1.2426381054830941e-05,4.866167784531023e-05,0.00010442359759003712,3.859483539492367e-06,0.5380353294397039,0.0005872936197726761,1.2112015313147575e-06,0.0006517069229680963,2.535528142829268e-05,0.006503939377712957,3.1935876008519926e-05,0.4425877881677764,0.000992124489428798,1.8328983499022778e-06,3.1743883111343696e-06,0.0005914882765880591,3.3435255813161043e-07
27,6.6357235955118705e-06,6.72260964599847e-05,0.0010410303339429864,0.005105483195428545,0.002943809194126332,6.930158054472548e-08,0.0003059629762283833,2.6175368311033628e-05,1.3378461868019975e-05,4.56412461273978e-05,0.00012223121465701462,4.779295249398803e-06,0.6047649641747046,0.0005357207957720944,1.9016937274227765e-06,0.000652112075645349,2.054172433208418e-05,0.005576148844005615,4.842204326881225e-05,0.3775117275912106,0.0008193048631605506,3.205518487167381e-06,2.128065736179543e-06,0.000381058039242176,3.421631320028341e-07
28,7.0292532755860195e-06,6.522379931195391e-05,0.0012573558007041084,0.0046185738848009235,0.002974224071745119,5.934923045178165e-08,0.0003195985060950012,2.5164597000603953e-05,1.0872066769595868e-05,4.1684905374364864e-05,0.00013109201814115955,4.909614968939795e-06,0.6107306111059818,0.0005507134099294443,1.5493452926223133e-06,0.0006702805980663373,2.5643118977744257e-05,0.006062209763031454,4.530328659934342e-05,0.3710006246396394,0.0010460552337260066,2.587940759442181e-06,2.3759340301061442e-06,0.00040591520684594106,3.4254970251143244e-07
29,7.0292532755860195e-06,6.522379931195391e-05,0.0012573558007041084,0.0046185738848009235,0.002974224071745119,5.934923045178165e-08,0.0003195985060950012,2.5164597000603953e-05,1.0872066769595868e-05,4.1684905374364864e-05,0.00013109201814115955,4.909614968939795e-06,0.6107306111059818,0.0005507134099294443,1.5493452926223133e-06,0.0006702805980663373,2.5643118977744257e-05,0.006062209763031454,4.530328659934342e-05,0.3710006246396394,0.0010460552337260066,2.587940759442181e-06,2.3759340301061442e-06,0.00040591520684594106,3.4254970251143244e-07
30,7.0292532755860195e-06,6.522379931195391e-05,0.0012573558007041084,0.0046185738848009235,0.002974224071745119,5.934923045178165e-08,0.0003195985060950012,2.5164597000603953e-05,1.0872066769595868e-05,4.1684905374364864e-05,0.00013109201814115955,4.909614968939795e-06,0.6107306111059818,0.0005507134099294443,1.5493452926223133e-06,0.0006702805980663373,2.5643118977744257e-05,0.006062209763031454,4.530328659934342e-05,0.3710006246396394,0.0010460552337260066,2.587940759442181e-06,2.3759340301061442e-06,0.00040591520684594106,3.4254970251143244e-07
31,7.972019452992149e-06,6.279231056056712e-05,0.0014507182904272518,0.004334063496397541,0.002576737164750813,5.7600698267059625e-08,0.0003178478810341553,2.900485694405541e-05,9.692335200921414e-06,4.180812471135642e-05,0.0001298321205870001,5.0040931403213865e-06,0.6280943611044423,0.0005262292139485369,1.3576731040846529e-06,0.0007199603148553798,2.724161648341819e-05,0.006425802882621041,4.330104215418682e-05,0.3537183578328405,0.001098623439202129,2.547157209938372e-06,2.277615166177372e-06,0.0003740836833952997,3.261306718342393e-07
32,6.902217148088234e-06,6.651909544137601e-05,0.00119832556211038,0.0047496103382166,0.0029607537973409923,6.082966334333151e-08,0.00032757460756421857,2.5422336564735342e-05,1.0921226927600674e-05,4.242447956251647e-05,0.0001307372686572454,4.865398938061296e-06,0.6140421962781044,0.0005332518817764451,1.6418955382176824e-06,0.0007007376265019401,2.6077684098984598e-05,0.00611369989868517,5.0407126310459346e-05,0.36752346117302886,0.001069523162609181,2.685523375353093e-06,2.4055116143239504e-06,0.0004094512074115075,3.43872809836858e-07
33,5.977610441560086e-06,6.914967396588065e-05,0.001663008439854342,0.004346685295400192,0.0036098177698618314,8.251882641519996e-08,0.00028152670568620217,2.325392512567361e-05,1.7572066978444655e-05,7.16254418029977e-05,0.00011813826149455513,4.219893767795956e-06,0.49220779694277983,0.0007967732961969538,2.0173653364953216e-06,0.0007525252651311222,2.376704883712172e-05,0.005750860349770242,4.352652283253215e-05,0.48857386513358675,0.0010972052359401981,2.3989593945332908e-06,3.2055488238335785e-06,0.0005344768343596894,5.238938045659528e-07
34,8.282937772517156e-06,6.027217732884081e-05,0.0012480544654627388,0.004348412133636084,0.0028220346389564535,5.30405362928138e-08,0.00031628601957173924,2.469571399421419e-05,1.0010344975027466e-05,3.581941205804089e-05,0.0001401787145437666,4.579695314182529e-06,0.6593213017661856,0.0004966229528410953,1.4011899866089823e-06,0.000560241371759436,2.3453462432863595e-05,0.006320637952237698,4.4933548909024284e-05,0.3227654623655272,0.0010732826111744408,2.6199212568860694e-06,2.084918521435757e-06,0.0003689894887459563,2.8915627191835784e-07
35,1.0097662991308389e-05,6.027583997383481e-05,0.0012689963704385606,0.0044921198326758225,0.0022973093683990296,7.281818737351956e-08,0.00036810084629388713,3.7059962812338996e-05,1.0768475400414347e-05,4.494802725440281e-05,0.00014093035752908427,5.066332337248717e-06,0.6797258481641097,0.0004412304735822651,1.3364979964286986e-06,0.0007677063681611154,2.6072009556051477e-05,0.008772671675797213,6.133625103441031e-05,0.2999834296301527,0.0011445691918846098,3.375774307792542e-06,2.1308081122836127e-06,0.00033427572209649337,2.715389159433006e-07
36,1.1161233573144662e-05,6.945089051681927e-05,0.0020476439397273455,0.004711223192243342,0.01223407902045306,6.866127454431786e-08,0.0004805525743055585,1.8486117903257502e-05,1.816200170156816e-05,3.255299788170892e-05,0.0003343985726642641,4.971840322063071e-06,0.5667222661378271,0.0009057492374523027,1.495722483035732e-06,0.00031525022674510955,2.8635329646442473e-05,0.00895635406128808,4.082635720933185e-05,0.39915567104041644,0.0028291924814525977,1.654916572390906e-06,5.604378678675972e-06,0.0010740234907796482,5.255768820858479e-07
37,7.678978328346247e-06,5.782344873639532e-05,0.0013237760653218207,0.004057929368429527,0.002958171943955113,4.882735768131738e-08,0.00031621517573527297,2.1903923391276643e-05,1.0365952510083618e-05,3.4816949785343025e-05,0.00012598172116252618,4.701558031914689e-06,0.6283063704234437,0.0005405963424311972,1.2239681886899861e-06,0.0005668738385838657,2.3899372754392913e-05,0.006194917582913195,3.6972762276387395e-05,0.3539225591927066,0.0010537772956323004,2.2663114428892398e-06,2.2820044670785277e-06,0.000428537965485871,3.09026928531697e-07
38,6.381763597887771e-06,5.373344818093463e-05,0.0010759668015153752,0.003750968750732509,0.0018378029901757124,5.420403871799113e-08,0.00034098073188231897,2.3096511904657874e-05,7.659752004192069e-06,3.5158408117331506e-05,9.436671550120426e-05,4.0865113969922585e-06,0.6334617793872892,0.0003399123929647711,1.335528158099427e-06,0.0008725698643010972,2.5207308925470272e-05,0.005795699858906422,4.893481379005567e-05,0.3509401327107372,0.0009420095497893042,2.2759726430007224e-06,1.9780504302586992e-06,0.0003376500571658746,2.579158514671925e-07
39,7.924776455341507e-06,5.2986072962001706e-05,0.0013326009192612333,0.003742138569851989,0.002380908900514092,6.53922672094841e-08,0.00040605721881706725,3.8318973584628194e-05,8.321572106384607e-06,3.5325844824459946e-05,0.00013816982092412352,5.685095399793904e-06,0.6161769089396452,0.00042593471697480287,1.280854501628753e-06,0.0009246793092110313,3.0518734509033594e-05,0.0068900503620801645,4.679978399002847e-05,0.3657651445353192,0.0012485335526385144,2.7316166308484752e-06,2.235615334923669e-06,0.00033636654581493876,3.1227638146108555e-07
40,8.815458541295049e-06,6.68555014464659e-05,0.001530541015873184,0.0037308758394786253,0.0029924685855590863,5.379531696183185e-08,0.00031803737982299957,2.1699279688501163e-05,1.046269965205338e-05,3.439505477081086e-05,0.0001450447030760445,6.0449082516093994e-06,0.6518633684569006,0.0005811826648660067,1.5274077306105592e-06,0.0005687088112993228,2.7477272076598608e-05,0.0047146430194208895,3.370147432202251e-05,0.3319234027577237,0.0010045065841022274,2.7882982740147154e-06,2.0358805929110447e-06,0.00041096036898892566,4.027822244187718e-07
41,4.830430788921726e-06,2.4604024860223628e-05,0.0013132770637366512,0.0004083697557605242,0.0007641011889195892,1.4506930468002366e-08,0.0006507580228523505,2.153320262207971e-05,3.5087250752375203e-06,1.2033594341085992e-05,0.0001400319960952539,4.7006035919323355e-06,0.7116897224665225,0.0005692273447715013,2.1114313331439852e-07,0.0005984217555046978,2.9247727654659278e-05,0.009446237869043451,4.6809970179200654e-05,0.26762242821919213,0.00632522169834189,1.432255940161281e-06,1.7079488310197424e-06,0.00032127810781403795,2.903774972348877e-07
42,6.5268148702199845e-06,6.927597431768701e-05,0.0009882180139153935,0.004785580709658683,0.00212587022849394,6.797584187307967e-08,0.00030696876018802,2.998845586031821e-05,9.03176283331495e-06,4.3881839652005614e-05,0.0001152229075928511,4.977737729037812e-06,0.6404917181760754,0.0003802746375193073,1.992082454311281e-06,0.0009472152122664219,2.7991691453360504e-05,0.0048176761625737,5.955184067056292e-05,0.3436612105033176,0.0008062649731453615,3.628850107486824e-06,1.7704138428453927e-06,0.00031477259140208014,3.216842182799864e-07
43,5.745435986518475e-06,6.401618886004717e-05,0.0011748112013303834,0.004851892641152213,0.002771941566857227,9.273129211663088e-08,0.00029892059152766793,2.9735791873599166e-05,1.366823215274954e-05,6.711822149359483e-05,0.000116199151878954,3.891634029456586e-06,0.5393885907262734,0.0005355452723085277,2.0367078294256525e-06,0.0008655463027146088,2.351530959005399e-05,0.006163244933504038,6.010224075725004e-05,0.4421260579200211,0.0010233905312209597,2.9571717943985733e-06,2.7488446168664896e-06,0.0004078587928043179,3.718581306552193e-07
44,7.0292532755860195e-06,6.522379931195391e-05,0.0012573558007041084,0.0046185738848009235,0.002974224071745119,5.934923045178165e-08,0.0003195985060950012,2.5164597000603953e-05,1.0872066769595868e-05,4.1684905374364864e-05,0.00013109201814115955,4.909614968939795e-06,0.6107306111059818,0.0005507134099294443,1.5493452926223133e-06,0.0006702805980663373,2.5643118977744257e-05,0.006062209763031454,4.530328659934342e-05,0.3710006246396394,0.0010460552337260066,2.587940759442181e-06,2.3759340301061442e-06,0.00040591520684594106,3.4254970251143244e-07
45,7.369164814984368e-06,6.814405933994361e-05,0.0015101155658497438,0.004127609653015131,0.003001350662556209,5.514738619976964e-08,0.000286021564294465,2.304357872993796e-05,1.0548688843170289e-05,4.50549213986907e-05,0.00013762017509777696,4.9735865557489835e-06,0.5977589452670868,0.0006605262969180168,1.388497873323935e-06,0.0006664983095500666,2.9321861142851925e-05,0.0064831834007444775,4.242082146381451e-05,0.3834098779397006,0.0012530769800847593,2.3855995878769793e-06,2.7277817329351864e-06,0.00046734629493633024,3.9418129630299876e-07
46,3.927926284395323e-06,4.5223123080930786e-05,0.001553741987067228,0.002607695796844005,0.00309316538814814,4.8736605938719795e-08,0.0002457373456050394,1.9482068435409667e-05,2.116527592756815e-05,6.763895713636126e-05,0.00010290903627177672,2.564271035130407e-06,0.4518181917016728,0.001105534237139444,1.2441285586280717e-06,0.0004808960467272412,1.0344476819115023e-05,0.007025844878692877,3.867523801395537e-05,0.5297887313999646,0.0014467778324311707,1.5582832653559645e-06,2.5057837759007746e-06,0.0005159680758117205,4.28004685302028e-07
47,6.733812814357561e-06,5.899610947188364e-05,0.001760172364266961,0.0058918620049187385,0.004960011561679498,6.6888728287053e-08,0.0003005430861895598,2.7762821030896345e-05,1.557761733159953e-05,6.0235882184044316e-05,0.0001622033442318704,3.89752102270337e-06,0.4842836060892519,0.000985082363202133,1.7018272278052204e-06,0.0005943185901097148,2.6959335990442764e-05,0.009461930388050056,4.812989509273592e-05,0.4890357853402366,0.0017139937419664707,1.8071079997278287e-06,4.749336276302319e-06,0.0005934487044009811,4.242663244713117e-07
48,8.986998245775532e-06,0.0001008112133152938,0.0009879792766564254,0.007149696704445617,0.002230402116500687,7.326343707172933e-08,0.0003681395771362019,3.705797840668398e-05,9.242968242329587e-06,4.93658151928344e-05,0.00013354547641020422,5.61534574695677e-06,0.7111382776780107,0.00044557996641640777,2.0293655160776253e-06,0.0008228154372029306,3.6706904905854896e-05,0.006467924226173231,7.613196215452793e-05,0.26870788410809415,0.000931111232517753,4.162429437357516e-06,2.364004610361848e-06,0.00028381072322629933,2.852279982290563e-07
49,6.9501971034019715e-06,6.1089993640272e-05,0.0013394094286174728,0.0041416549978185255,0.0026880768817548733,6.047754459455951e-08,0.0002877741281331599,2.392763637351336e-05,1.0162311834702224e-05,4.0403905991462996e-05,0.00012086461215452884,4.993670943033198e-06,0.5900948465484201,0.0005146166603785314,1.4254141123002021e-06,0.000691431853126504,2.5496125105034755e-05,0.0053291661429192136,3.5215544042275945e-05,0.3932815644444162,0.0008923684554234513,2.467261949977508e-06,2.22850904133026e-06,0.00040346164480652873,3.431543489322818e-07
50,6.946330728818359e-06,6.512211422886197e-05,0.0012390833484847786,0.004576202329122676,0.0029189233821795605,5.90923389388619e-08,0.0003217152289605475,2.5278214543068296e-05,1.095782729990526e-05,4.193998610164925e-05,0.00012935193659664607,4.847275607087717e-06,0.614101450401137,0.0005494930807717897,1.5417174333723923e-06,0.000663500741149139,2.4982067910757237e-05,0.00602103064284355,4.5797813913867505e-05,0.3678104643379263,0.0010386223549015139,2.615123542219111e-06,2.3258237878442062e-06,0.0003974102944383943,3.385340517181855e-07
51,7.087240173809143e-06,5.7778488275637894e-05,0.0013759168048539767,0.003896129004384089,0.003185471824573424,5.796217667881932e-08,0.0003437033801821259,2.4266001768006204e-05,1.0892569156689301e-05,3.88262536598768e-05,0.0001341413527254273,4.97271151615138e-06,0.5902572640284152,0.000555515357752046,1.4026109249930122e-06,0.0006994634991308005,2.7085279557716547e-05,0.006221993473808538,4.190234488852612e-05,0.39146186993747245,0.0011971171241637482,2.3631805310243254e-06,2.505983017128718e-06,0.00045190822610464076,3.6536078729968024e-07
52,5.737732212415771e-06,4.996024450505229e-05,0.0009712527308908821,0.005078075242055834,0.0018728416577377467,6.42470118778385e-08,0.0001917316919913614,2.697239046500357e-05,1.0447355217885988e-05,6.3199995994107e-05,9.817504944860141e-05,2.8292033586714037e-06,0.5657669586304043,0.00046074547973204167,1.56195651869408e-06,0.0006564599608054483,1.588756854764872e-05,0.007665997209270304,5.236414222833714e-05,0.4160242597560214,0.000688948837535619,2.5092893822796717e-06,1.986504739841204e-06,0.0002908174404345815,2.1568349006441052e-07
53,6.4135696851591015e-06,5.9376505748925326e-05,0.0011768085393680022,0.0038547759408729975,0.003202709925875234,5.854467966830523e-08,0.0005027780842916117,2.6785114515776763e-05,1.125400683267639e-05,3.022223081249564e-05,0.0001318231927649298,6.2438350927256295e-06,0.5991912800990715,0.0005403430804292664,1.4938271053353098e-06,0.0007301151522087757,2.573092296784779e-05,0.005744231695464932,4.136203707745536e-05,0.3831529376534345,0.0011617837680641561,2.4367861513368357e-06,2.347589759345286e-06,0.00039630799372899133,3.799039965011296e-07
54,4.6751564396087564e-06,8.173543570591963e-05,0.0013172172473072347,0.0038628039711180247,0.0027302467331603193,6.065543225879218e-08,0.00028986799844956594,2.3116573975930743e-05,1.4085107888951613e-05,5.987943115550535e-05,0.0001000415423029298,5.6321701897526915e-06,0.5214873273666614,0.0007370421215001976,2.2038764458426497e-06,0.0009512907108952182,2.407189367824612e-05,0.004032823416645855,4.2920666517879174e-05,0.46294899410286766,0.0008359125020678153,2.7846403542518556e-06,2.1087635040064538e-06,0.00044256524505263044,5.926706829021502e-07
55,7.200457909989878e-06,6.143236655332459e-05,0.0011291397219982439,0.004331263960314837,0.0033235265623965124,4.978046915782107e-08,0.0004021210333398231,2.1618572624892557e-05,1.0883043897228323e-05,2.7864346050085142e-05,0.0001256904997422733,6.136799453970022e-06,0.6396563765120519,0.00047839134392911413,1.2705421770497106e-06,0.0006337152916186033,2.3885569142729808e-05,0.005699750761636196,3.649682797263461e-05,0.3426111378641122,0.0009429732045856553,2.34480847477677e-06,2.0573640585053333e-06,0.0004643503834655249,3.223820248899944e-07
56,7.0910768988274585e-06,6.405331784881878e-05,0.0012256972371327533,0.004503898395083232,0.002864521765386951,5.7094409620727346e-08,0.00031776359650855787,2.4648949909918582e-05,1.0598188625685478e-05,3.9887681552133645e-05,0.00012933114107286435,4.876835771849223e-06,0.6210249674189665,0.0005352390021228643,1.5044859668051909e-06,0.0006471662879447425,2.4942845330103892e-05,0.005950491125857874,4.452959868889134e-05,0.36115272430841083,0.0010235819093019573,2.604952480738048e-06,2.277711232538397e-06,0.000397214628868917,3.3044462600154714e-07
57,6.898155184015344e-06,6.498910770272685e-05,0.0012268073465813165,0.004534048054491136,0.002882275968741615,5.7728570641813284e-08,0.0003196331536336864,2.4825433186832945e-05,1.0611334248169457e-05,4.0934271010215115e-05,0.0001287346633398595,4.862874810945541e-06,0.6166708112474218,0.0005342402047588476,1.5343808308693154e-06,0.0006752900798628385,2.5318286566205946e-05,0.00595344096479149,4.619723282400194e-05,0.36540118215852785,0.0010412046616455658,2.5915677337454958e-06,2.2923974836585255e-06,0.0004008819156419207,3.3681041008833253e-07
58,6.4731785832105775e-06,6.269639471324936e-05,0.001179339719920402,0.004390304482669701,0.003072398963116322,5.595889238121581e-08,0.0003116032726012874,2.1883439085794383e-05,1.1220267761405053e-05,3.9151679164354264e-05,0.00012313037609984291,4.712862690852148e-06,0.6001995157021474,0.0005313423859638026,1.5112522800543352e-06,0.0006459117099423573,2.380235130237e-05,0.005622674995567958,4.293057375796632e-05,0.38224713914222885,0.0010033313568472183,2.4420606820610014e-06,2.3470987676450336e-06,0.00045373767414064154,3.431010728605137e-07
59,6.5873433348404925e-06,6.173133931469048e-05,0.0013060196212618979,0.004281636490321208,0.0029951221338427574,5.708486949863473e-08,0.0002969192535951452,2.2298471720625813e-05,1.1125736684954102e-05,4.207014933869473e-05,0.00012100903842791721,4.578177305719595e-06,0.5863119148992888,0.0005549310572203381,1.4588617337673993e-06,0.0006681312071930653,2.4567116572248555e-05,0.005758631540867874,4.065661013572811e-05,0.3959942421213385,0.001031805545312893,2.3289280594036558e-06,2.4596451062182694e-06,0.0004593648934822665,3.5273367099686295e-07
60,7.0292532755860195e-06,6.522379931195391e-05,0.0012573558007041084,0.0046185738848009235,0.002974224071745119,5.934923045178165e-08,0.0003195985060950012,2.5164597000603953e-05,1.0872066769595868e-05,4.1684905374364864e-05,0.00013109201814115955,4.909614968939795e-06,0.6107306111059818,0.0005507134099294443,1.5493452926223133e-06,0.0006702805980663373,2.5643118977744257e-05,0.006062209763031454,4.530328659934342e-05,0.3710006246396394,0.0010460552337260066,2.587940759442181e-06,2.3759340301061442e-06,0.00040591520684594106,3.4254970251143244e-07
61,7.019821365957298e-06,6.260432619494132e-05,0.001404089152269756,0.0042690647803839115,0.0031413474678504776,5.866929081149015e-08,0.00030359602892678246,2.326092182416614e-05,1.1646467983747376e-05,4.3452120506612125e-05,0.0001268775627972683,4.744736413840629e-06,0.5879339634968881,0.0005829597673109321,1.4534226313125282e-06,0.0006682052577153673,2.541948825072979e-05,0.00595877271163133,4.078810329328014e-05,0.3938190980235531,0.0010900679690085235,2.3678505126074415e-06,2.5468615482427215e-06,0.00047622577118710136,3.692206611795194e-07
62,7.0292532755860195e-06,6.522379931195391e-05,0.0012573558007041084,0.0046185738848009235,0.002974224071745119,5.934923045178165e-08,0.0003195985060950012,2.5164597000603953e-05,1.0872066769595868e-05,4.1684905374364864e-05,0.00013109201814115955,4.909614968939795e-06,0.6107306111059818,0.0005507134099294443,1.5493452926223133e-06,0.0006702805980663373,2.5643118977744257e-05,0.006062209763031454,4.530328659934342e-05,0.3710006246396394,0.0010460552337260066,2.587940759442181e-06,2.3759340301061442e-06,0.00040591520684594106,3.4254970251143244e-07
63,7.016750340858354e-06,7.010310331152917e-05,0.0012347817149477409,0.004799677845010861,0.002947507656721687,6.109158461348273e-08,0.0003200234965013597,2.5444489039480846e-05,1.0998542578073979e-05,4.356064485553534e-05,0.00013085498504570778,5.071632445409058e-06,0.6166108211166427,0.0005509252626538211,1.6354494847841032e-06,0.0006973865196985131,2.6525319645409924e-05,0.005966847867867494,4.8544742768647656e-05,0.3650453892275923,0.0010412296687745271,2.719968257363252e-06,2.3968749993862643e-06,0.00041012174720462413,3.5428202765009155e-07
64,7.234991757243751e-06,6.221592950947708e-05,0.0013199078335914037,0.004118693706129927,0.0030399033974450457,5.661429437956875e-08,0.000343504546736041,2.4566766017220597e-05,1.0622367491791656e-05,3.942814673094781e-05,0.0001380687715302391,4.8090467070770505e-06,0.6157438338673025,0.0005646704730772732,1.4361339607905946e-06,0.0006578138329137041,2.71138170048097e-05,0.006392277604407547,4.7142217529460614e-05,0.36575448925111076,0.0012662380090144784,2.478351794123402e-06,2.5359622834054353e-06,0.0004306077832569317,3.505784034718257e-07
65,4.231086760748917e-06,5.688855078314443e-05,0.0017249905900920783,0.0023845166848432088,0.0020044541013826225,3.561809799091397e-08,0.00016044696100195514,1.5282504697972407e-05,1.6182460941732627e-05,6.0828253443043076e-05,6.582167300260192e-05,3.6596600638921933e-06,0.496516241902772,0.000966656902714275,1.129449657097177e-06,0.0005488095293858759,1.2959467483145167e-05,0.0032465815336846864,1.9160234974414264e-05,0.4910387566982624,0.0006522651237027664,1.9436196327440612e-06,1.6172239334354273e-06,0.0004960448630156885,4.953056702439257e-07
66,1.6891199105836627e-05,0.0005727210806669971,0.0020372117520705206,0.04682962889882164,0.030852071987066687,1.1611680668359876e-06,0.0009705442042649676,7.30863101558512e-05,0.00010951433117605939,0.0003592088611319862,0.0005481393852235194,1.926385197118919e-05,0.3907201792190723,0.0031782863580233807,2.4184756000102758e-05,0.0021390473279609638,0.00023380248541423097,0.020309178332429137,0.0005423608339233919,0.49189298841920015,0.005600258099701944,1.1761392357631141e-05,6.738925950987252e-05,0.002887287572312414,3.832914372220835e-06
67,1.5073896935888049e-05,0.00025202955008382595,0.0008909526847034566,0.008174889804663405,0.00771009058802367,1.6208340485953276e-07,0.0010317285938278389,7.995768280820647e-05,4.1485034802959465e-05,6.0898287855487275e-05,0.00043923976805573675,2.1076175324124437e-05,0.7816758673378968,0.0009755146683091359,7.792156930097602e-06,0.0008683364910097184,4.0059078291234665e-05,0.0051523653846680655,0.00018338063457771402,0.19063095217697457,0.0013280302781197373,1.8903605969261035e-05,1.744560468515638e-06,0.00039837589133145745,1.0935849642626887e-06
68,1.969940602250658e-05,0.00011176916402130567,0.0006355116048770487,0.0060137512366437796,0.0020071692575087613,9.084243359214851e-08,0.0006523616643003411,0.00011293728191480578,5.538179199665333e-06,3.178973394791418e-05,0.0003743814215169849,7.145201379329754e-06,0.8440916107077017,0.00021973757397302686,2.6183465363385877e-06,0.001060878666279542,5.815036302508397e-05,0.011912522209272337,0.00027779269772237116,0.13019429014341322,0.0020492934122068596,9.6633824660464e-06,1.6686898439677367e-06,0.00014942050052481145,2.0831326878046898e-07
69,1.9990703329793203e-05,0.0002198397982324646,0.001027804472425379,0.016653610611432085,0.008327950993858711,1.4023867469378552e-07,0.0005781826897316843,4.2905973020255314e-05,1.6964695291263904e-05,4.699946172466612e-05,0.00036012120864460233,1.175124173849762e-05,0.7823262134633194,0.0005353873776976004,5.468328751117867e-06,0.0006847735834103671,7.388279669382275e-05,0.0062254486368634706,0.00013108934109260612,0.1810623653106472,0.001168794324256203,8.97366755451935e-06,3.4471593269568917e-06,0.00046737399217420324,5.199301081333293e-07
70,6.995067396363953e-06,6.496285193290071e-05,0.0012435840570624401,0.0050372330492168185,0.0032045603715814574,5.567156417693179e-08,0.00030782936601511657,2.3403003595983733e-05,1.1283571728600977e-05,3.837898220692561e-05,0.00012619064889702095,4.7805992674850394e-06,0.6136877476105088,0.0005606020093115869,1.5309937551145952e-06,0.0005630689992885629,2.2981106558964962e-05,0.005391543855803972,3.716534759934083e-05,0.3683719029784502,0.0008941661373875791,2.4554438412869654e-06,2.2636671278598523e-06,0.00039499405639204725,3.2055350929823497e-07
71,3.100318828215854e-05,0.00015728671286912622,0.0011258801647116407,0.012170123694483382,0.001892144892422343,9.296002874594603e-08,0.00022943581886025185,4.790284357787633e-05,5.030183705139723e-06,4.179296980793039e-05,0.00029535327512251466,8.212577975550289e-06,0.8722690002810932,0.0002527521512446012,3.414387566232498e-06,0.0005731520178896653,6.720128648510449e-05,0.005501588492065923,9.878185416810082e-05,0.10436179520154229,0.0006536935482841308,8.664499648759111e-06,1.6644841185673034e-06,0.00020378659346219496,2.4592058434364637e-07
