,0,1,2,3,4,5,6,7,8,9,10,11,12,13,14,15,16,17,18,19,20,21,22,23,24
0,1.4173962715363384e-06,6.768910650976688e-05,0.0011474042443712375,0.0021980593782127697,0.0026375782873016896,1.2888454666957573e-07,0.00016854685572389964,1.0208136933231392e-05,0.00013145367108929234,0.00026208134664175306,3.426504064584536e-05,2.107426267429161e-06,0.26971867755739437,0.0021132245694528763,3.1476861913568113e-06,0.0005226613316575897,4.179128631825054e-06,0.002057277195606376,3.4815626878750696e-05,0.7174829192639687,0.0004572959528989603,3.112879709440918e-06,2.396162240228618e-06,0.0009380234896054321,1.3293812489326363e-06
1,2.461757966203848e-06,7.88165315379861e-05,0.0013479273398977487,0.0039312368770456655,0.0024625557846323994,5.730202689749987e-08,0.0002160005741421492,1.1050937384591131e-05,3.8837192437428014e-05,0.00010161780387741045,2.8361044837468507e-05,3.349145907899589e-06,0.4418790344615649,0.0008073638924802183,1.8211808043729847e-06,0.0008545400681995044,9.640827688399143e-06,0.001917534441816662,2.383827341159891e-05,0.545166702355286,0.0003345030113669501,2.062125574062184e-06,1.6656129076012351e-06,0.0007783959688037088,6.254884022890044e-07
2,3.3092755947208377e-06,9.34024232836962e-05,0.001332598075067777,0.004756985927396461,0.0029752187399936184,6.160458853622435e-08,0.00025003632801128396,1.2460632539520812e-05,3.83740413489679e-05,8.916563022073773e-05,3.8541234942093404e-05,4.150421176826468e-06,0.4990398233733992,0.0008463851897272048,1.999129478851881e-06,0.000735558426716364,1.146108721583886e-05,0.0021340880719391488,2.5212933754192184e-05,0.48648530832700315,0.00036296391560558793,2.494744204307266e-06,1.7972390644990957e-06,0.0007579837696376447,6.194580897777867e-07
3,3.094878785660739e-06,9.040910847743211e-05,0.001297786092344007,0.004565239363697563,0.002993974301209363,6.08944519220534e-08,0.0002375403286642488,1.2219924471109897e-05,3.9206430358140966e-05,9.003854357741456e-05,3.785411446480476e-05,4.049194339751217e-06,0.47635037021771065,0.0008793162818944369,2.042388365086265e-06,0.0007211135066531337,1.0862934765456282e-05,0.0020492327579901166,2.3736700764020482e-05,0.5094911017338418,0.0003465916435782333,2.458702901922919e-06,1.7747808262364861e-06,0.0007492879232601779,6.372526072645946e-07
4,3.108954422223331e-06,8.581222246194017e-05,0.0012614645053280983,0.00431622915181597,0.0027942707535660244,5.445460589214997e-08,0.0002293538179686447,1.1481260430482561e-05,3.744432195037272e-05,8.232338012328844e-05,3.652803402525506e-05,3.9299096946282935e-06,0.4963506409776697,0.0008616871005799821,1.8548493757073795e-06,0.0006492694841482329,1.0022349470495138e-05,0.001981097867586711,2.2182259045459103e-05,0.49019430266321196,0.00033665339884339653,2.4250165150600614e-06,1.6379557647499281e-06,0.0007256352707674866,5.900406284670205e-07
5,2.8686408332528573e-06,8.137830356594215e-05,0.0012317400863141239,0.004823990857545454,0.002976650303082516,5.883883413865279e-08,0.0002121811449538419,1.0864859799386501e-05,3.759650460445179e-05,8.917468847544218e-05,3.4344598864027536e-05,3.513975177210483e-06,0.45829156227923523,0.0008265535228734201,1.8650400235704883e-06,0.0006648525600884197,9.84380989672113e-06,0.0021457949380974473,2.2220717642493693e-05,0.5274440622346173,0.0003202808309544701,2.1208601191630197e-06,1.8599807286495048e-06,0.0007640664190003018,5.540046731352275e-07
6,3.094878785660739e-06,9.040910847743211e-05,0.001297786092344007,0.004565239363697563,0.002993974301209363,6.08944519220534e-08,0.0002375403286642488,1.2219924471109897e-05,3.9206430358140966e-05,9.003854357741456e-05,3.785411446480476e-05,4.049194339751217e-06,0.47635037021771065,0.0008793162818944369,2.042388365086265e-06,0.0007211135066531337,1.0862934765456282e-05,0.0020492327579901166,2.3736700764020482e-05,0.5094911017338418,0.0003465916435782333,2.458702901922919e-06,1.7747808262364861e-06,0.0007492879232601779,6.372526072645946e-07
7,2.9639868764564154e-06,9.525725076888626e-05,0.0013480890272410235,0.004835270417032994,0.0033292392049309636,6.893097428208398e-08,0.00024466235451229336,1.2672038079494563e-05,4.4411467443331274e-05,0.00010130308092593496,3.831056624287104e-05,4.244146684656936e-06,0.44291138827132837,0.0009867704381286207,2.2102346636140367e-06,0.0007795987930390994,1.1683569350895412e-05,0.002126206575371428,2.4745410607529712e-05,0.541895352119756,0.00036872261929829265,2.4716912367986538e-06,2.0843502378419267e-06,0.0008315431284695718,7.303267985258809e-07
8,3.2477206118616262e-06,9.595479024822185e-05,0.0019757396045880166,0.00508183698326321,0.003210199421314321,6.2790436774962e-08,0.0001530723072499959,9.745075440048091e-06,4.6853266130630845e-05,0.00012635371889432677,2.8959634693663225e-05,3.6338448214150666e-06,0.3995083943900573,0.0011101334817137565,1.8490585870000212e-06,0.0007012470432451172,1.1125603256097732e-05,0.00179152836487799,1.4479650960765958e-05,0.5847501496629289,0.0002785256547629439,1.8441770583777196e-06,2.346187502396284e-06,0.001091939448539088,7.781188176373654e-07
9,2.113952752250168e-06,8.228548913136969e-05,0.0016663221123292247,0.003991696433214711,0.00236171948417156,5.339071117278789e-08,0.00012752338885137682,9.10263433642476e-06,4.251732192728847e-05,0.00013533056549816367,2.2251240661738216e-05,2.959560416967452e-06,0.35165695853050133,0.0010595830357034432,1.6382330440207096e-06,0.0007675297458474309,8.635848099921798e-06,0.0015614090849574481,1.3990061269657587e-05,0.6352927462166895,0.00024323923459073366,1.596511539648744e-06,1.8907153428771246e-06,0.00094617751766153,7.29690750092316e-07
10,3.094878785660739e-06,9.040910847743211e-05,0.001297786092344007,0.004565239363697563,0.002993974301209363,6.08944519220534e-08,0.0002375403286642488,1.2219924471109897e-05,3.9206430358140966e-05,9.003854357741456e-05,3.785411446480476e-05,4.049194339751217e-06,0.47635037021771065,0.0008793162818944369,2.042388365086265e-06,0.0007211135066531337,1.0862934765456282e-05,0.0020492327579901166,2.3736700764020482e-05,0.5094911017338418,0.0003465916435782333,2.458702901922919e-06,1.7747808262364861e-06,0.0007492879232601779,6.372526072645946e-07
11,3.0538348510567014e-06,8.533654205134069e-05,0.001243571266373566,0.004348007836422806,0.002832879117615033,5.6194828648953015e-08,0.00023225031773168654,1.1451136747186712e-05,3.704351352654871e-05,8.197927064827438e-05,3.637179671345397e-05,3.956273619521769e-06,0.49079352833318235,0.000821554772370462,1.920876152249382e-06,0.0006776693136583967,1.0194869709673429e-05,0.0019322788362284707,2.249860791059954e-05,0.4957579086893913,0.0003302592189372393,2.416913577537108e-06,1.632504920760203e-06,0.0007315859977516447,5.9396508000094e-07
12,2.1851664243528845e-06,6.119187498863221e-05,0.0013203377360492855,0.0026564410122970877,0.005056435764010853,5.987338554249741e-08,0.0001701295083644517,6.864318730390469e-06,4.054914760823298e-05,7.503070499941818e-05,3.686153329460171e-05,3.5206746773152233e-06,0.3001443641565968,0.0009608621727262703,1.642440570860533e-06,0.0005703749990289167,1.0855336824076575e-05,0.0014727978251474789,1.1252693049952134e-05,0.6860730148380233,0.00031298463058352066,1.6415698368976935e-06,2.1426786437960174e-06,0.0010076145417024518,8.448024356846097e-07
13,2.3241054327493117e-06,9.773528655775151e-05,0.0013589941680496726,0.0068976379168823624,0.0027135331556035376,8.957165223378379e-08,0.00022653502234806465,9.797629299595247e-06,4.858024122372749e-05,0.00015962518253611276,1.8278538498379975e-05,2.5694227914206434e-06,0.392206178172918,0.0006586024089097232,2.0623798193056503e-06,0.0011795095350220935,1.1909432678472167e-05,0.0021596974181526223,2.846934176807245e-05,0.5908257603026609,0.00027984780730643736,1.6767429841291309e-06,2.9280478445079768e-06,0.0011070901968286287,5.67972231481381e-07
14,2.9743660441783774e-06,6.411094359782429e-05,0.0025359311655810506,0.002637252301117257,0.0013900879939903032,6.766330642312598e-08,0.000195650453949853,1.7623590223153155e-05,4.290889807659881e-05,0.00011543421208796094,1.8296546127183125e-05,5.149825186300848e-06,0.31778379528560335,0.0010413165475043487,1.9613477222835026e-06,0.001504074641800045,1.1118722698739475e-05,0.0013006151439549504,9.243649291127927e-06,0.6704159437778168,0.00021007757457810125,2.07202308702826e-06,1.6076400521553286e-06,0.0006915878245657578,1.0978620372464154e-06
15,3.094878785660739e-06,9.040910847743211e-05,0.001297786092344007,0.004565239363697563,0.002993974301209363,6.08944519220534e-08,0.0002375403286642488,1.2219924471109897e-05,3.9206430358140966e-05,9.003854357741456e-05,3.785411446480476e-05,4.049194339751217e-06,0.47635037021771065,0.0008793162818944369,2.042388365086265e-06,0.0007211135066531337,1.0862934765456282e-05,0.0020492327579901166,2.3736700764020482e-05,0.5094911017338418,0.0003465916435782333,2.458702901922919e-06,1.7747808262364861e-06,0.0007492879232601779,6.372526072645946e-07
16,3.1223086601298694e-06,9.444889269405437e-05,0.0009950576346356948,0.0046508566064719726,0.0028208188198088962,5.3131938330524845e-08,0.0002466257020240429,1.3194725710331241e-05,3.6695522494819404e-05,7.598618955640287e-05,4.281023692256784e-05,4.3904307436393826e-06,0.5174700415139522,0.0008964351048928746,2.2161425888181595e-06,0.0006345507749023877,9.635158644807657e-06,0.0021429318926638836,2.6782660466508496e-05,0.4688844836039226,0.0003326522504903319,2.993347348089343e-06,1.4776801087012991e-06,0.0006111584272327149,5.81241125151213e-07
17,3.3657878688894567e-06,7.478905603828628e-05,0.0011239544797662206,0.003954100005767959,0.003554011052898189,4.643380960950988e-08,0.00027560243439886205,9.821009281426022e-06,3.79782754181716e-05,5.504617927006509e-05,4.186350623289049e-05,4.214566917073379e-06,0.5276186085917087,0.0008456770463610213,1.4783028598146797e-06,0.00047440900347176115,9.359658322583138e-06,0.002076117181809121,1.885702084067425e-05,0.45866980682529757,0.0003683744482233628,2.3083961042650176e-06,1.6138495181869433e-06,0.0007780794803992281,5.17407416066326e-07
18,2.6491426411072985e-06,8.83884188562192e-05,0.0013950871515840632,0.003192718755381683,0.0029975997119158866,6.03137307119757e-08,0.0002676967282003751,1.1231391926943177e-05,4.464634240485254e-05,9.210878482541351e-05,3.8021503894157026e-05,4.61460835108485e-06,0.430826032992086,0.0011366032695748769,2.0014751106366646e-06,0.0007863709399633617,1.1338993204863777e-05,0.001975017876065876,2.3767918799003447e-05,0.5557810851113092,0.0004455302711809167,2.4479873836788242e-06,1.970227769505905e-06,0.0008720916415426802,9.184422969170396e-07
19,2.5744171019142217e-06,0.0001001834665135714,0.0011493313733225842,0.0059403060897192436,0.003077644572027983,6.903193643988561e-08,0.00021528214716836692,1.0609971389538908e-05,4.422489691691035e-05,0.00010438573076812533,2.9421533716741255e-05,3.918878193722767e-06,0.45262667358486025,0.0008332476883643528,2.345392458360942e-06,0.0007434146198353418,1.0134912286423513e-05,0.0016734528573450601,2.2419971802164226e-05,0.5323595239122244,0.00024894311019995003,2.4391178179396478e-06,1.848121932029329e-06,0.0007969743903518269,6.302117468231015e-07
20,3.0342984707695668e-06,8.876850434262107e-05,0.0010336351842732908,0.004500798596993684,0.002635056153825483,5.69407723630691e-08,0.00021943173769349377,1.3010961550592452e-05,3.873999709771183e-05,8.395522607773411e-05,3.9818527584707256e-05,3.7876230530168725e-06,0.5086431943225229,0.0008702656882890923,2.2320072384652207e-06,0.0005892343091359433,8.72174553876937e-06,0.0018818062446998162,2.465713972552796e-05,0.47841398982037814,0.0003037258855505243,3.0375165109484458e-06,1.4298425788326873e-06,0.00059705197046717,5.597556282051443e-07
21,2.957327126335331e-06,6.843339763571567e-05,0.0014419028206159503,0.0034386506806816084,0.0020658580842338255,3.4124291740993725e-08,0.00017752238280833066,9.409522054911446e-06,2.537883712872734e-05,6.538857740230574e-05,2.7832355807885925e-05,3.6375867856562277e-06,0.484327330535143,0.0007629450516728632,1.1876344995692478e-06,0.0006840226160467799,9.76595872385593e-06,0.001958720759715914,1.4766569893754431e-05,0.5038712107481976,0.00030350907723326236,1.6172676652593683e-06,1.4248892877366145e-06,0.0007360012557094779,4.91939638068488e-07
22,3.906457626964811e-06,8.501522372628065e-05,0.0014623898317929253,0.0043848227015341685,0.0026220590971985564,5.746509700692687e-08,0.00019875022517835546,1.426862653290402e-05,2.9301381222838168e-05,8.909102919736931e-05,4.28554285776503e-05,3.929892670512162e-06,0.48867090936223534,0.0008210633259085578,1.7771741506161622e-06,0.0007297559789458827,1.3209449931193797e-05,0.0024066013414870617,2.220653612937349e-05,0.49738869059112545,0.000361793213813739,2.4864622332591404e-06,1.8023412999527211e-06,0.0006427028409009762,5.540214829059987e-07
23,3.094878785660739e-06,9.040910847743211e-05,0.001297786092344007,0.004565239363697563,0.002993974301209363,6.08944519220534e-08,0.0002375403286642488,1.2219924471109897e-05,3.9206430358140966e-05,9.003854357741456e-05,3.785411446480476e-05,4.049194339751217e-06,0.47635037021771065,0.0008793162818944369,2.042388365086265e-06,0.0007211135066531337,1.0862934765456282e-05,0.0020492327579901166,2.3736700764020482e-05,0.5094911017338418,0.0003465916435782333,2.458702901922919e-06,1.7747808262364861e-06,0.0007492879232601779,6.372526072645946e-07
24,2.968266555804284e-06,0.00010896414826909536,0.001102502823706417,0.006226733056886573,0.003037876126342346,6.146460759133468e-08,0.00023150404154851116,1.2451746430210382e-05,3.9466765143137445e-05,9.786067473060982e-05,3.6363195331955435e-05,4.000489231423346e-06,0.5012216521049874,0.0008695824379004648,2.3369881839138865e-06,0.00072061495388076,1.0977261495405707e-05,0.0021134781189753333,2.898280828070231e-05,0.4830833886439306,0.0003169932723265052,2.6664540940785563e-06,1.852545661414694e-06,0.0007261361532200647,5.854582797829577e-07
25,2.9203019063596635e-06,6.112149298139942e-05,0.001009356163495851,0.0036279110235426914,0.003010544697624832,4.490667527852904e-08,0.0002570576800457619,1.4663808190176071e-05,2.640059109411302e-05,5.109590374088484e-05,4.687504465906154e-05,4.155328753541624e-06,0.46880126074064715,0.0007146939549615599,1.4932722996681277e-06,0.0005891781980268958,9.298501610056207e-06,0.0022717708109742042,1.86170745813941e-05,0.5186067325461831,0.0003432432888279089,2.173586037404603e-06,1.359266538111661e-06,0.000527578512582106,4.533040204663363e-07
26,2.9643400728186313e-06,7.444738705049329e-05,0.0016313063136236107,0.004310062738791077,0.003207599230231365,5.577687629208631e-08,0.00017064630103577697,8.39280034612916e-06,4.360294303734578e-05,9.851274702942151e-05,2.7446860251845284e-05,3.003159049668768e-06,0.4057325178969544,0.000885640506253391,1.438933692605516e-06,0.0006384735825353115,9.72176785942905e-06,0.0020289750092266855,1.5049791830777678e-05,0.5797179117957267,0.0003022964598940852,1.5834798117097707e-06,2.2167176176274957e-06,0.0010855492610902485,5.842001112633845e-07
27,2.927579030415121e-06,9.307514865438589e-05,0.0010712573521832985,0.004994114021970783,0.0029551635158035633,7.02554838239891e-08,0.0002255524751227299,1.263358543633242e-05,4.8299416881403014e-05,9.795832111797937e-05,3.51181024907597e-05,3.917502923234062e-06,0.46900233300234645,0.0008542717783007916,2.4627449548580676e-06,0.0006961934520623786,8.637515307190043e-06,0.0018916619413432392,2.500704774428634e-05,0.5169955194558834,0.00027011001021512313,3.0171851860540284e-06,1.5875794261427422e-06,0.0007084786784411999,6.323316901793786e-07
28,3.094878785660739e-06,9.040910847743211e-05,0.001297786092344007,0.004565239363697563,0.002993974301209363,6.08944519220534e-08,0.0002375403286642488,1.2219924471109897e-05,3.9206430358140966e-05,9.003854357741456e-05,3.785411446480476e-05,4.049194339751217e-06,0.47635037021771065,0.0008793162818944369,2.042388365086265e-06,0.0007211135066531337,1.0862934765456282e-05,0.0020492327579901166,2.3736700764020482e-05,0.5094911017338418,0.0003465916435782333,2.458702901922919e-06,1.7747808262364861e-06,0.0007492879232601779,6.372526072645946e-07
29,3.094878785660739e-06,9.040910847743211e-05,0.001297786092344007,0.004565239363697563,0.002993974301209363,6.08944519220534e-08,0.0002375403286642488,1.2219924471109897e-05,3.9206430358140966e-05,9.003854357741456e-05,3.785411446480476e-05,4.049194339751217e-06,0.47635037021771065,0.0008793162818944369,2.042388365086265e-06,0.0007211135066531337,1.0862934765456282e-05,0.0020492327579901166,2.3736700764020482e-05,0.5094911017338418,0.0003465916435782333,2.458702901922919e-06,1.7747808262364861e-06,0.0007492879232601779,6.372526072645946e-07
30,3.094878785660739e-06,9.040910847743211e-05,0.001297786092344007,0.004565239363697563,0.002993974301209363,6.08944519220534e-08,0.0002375403286642488,1.2219924471109897e-05,3.9206430358140966e-05,9.003854357741456e-05,3.785411446480476e-05,4.049194339751217e-06,0.47635037021771065,0.0008793162818944369,2.042388365086265e-06,0.0007211135066531337,1.0862934765456282e-05,0.0020492327579901166,2.3736700764020482e-05,0.5094911017338418,0.0003465916435782333,2.458702901922919e-06,1.7747808262364861e-06,0.0007492879232601779,6.372526072645946e-07
31,3.621873447701675e-06,9.111494461140352e-05,0.0015053897927575902,0.004315669994148767,0.0026023471575187243,5.960675677019437e-08,0.00023896274992459273,1.4808754859632495e-05,3.542081050580589e-05,9.28170810145748e-05,3.8763410291930986e-05,4.242885253117589e-06,0.4946412132295137,0.0008620994680503153,1.8813918769495325e-06,0.0008033064068931407,1.1989264232017717e-05,0.002179364602255762,2.315413483804652e-05,0.49146921850452274,0.0003651618359825633,2.544851747265163e-06,1.7062506694266047e-06,0.0006945112919591273,6.2970636830787e-07
32,3.033422559413485e-06,9.140515639175569e-05,0.001239259134840637,0.004723654851748977,0.0029975352676155564,6.304551939610115e-08,0.00024554222761849216,1.2374465297472048e-05,3.9333506731911475e-05,9.173077278718047e-05,3.780439775292782e-05,4.002372351168666e-06,0.47952927100212095,0.0008494168854203633,2.1633157104204482e-06,0.0007556777132280791,1.108134317862538e-05,0.0020898816123646304,2.672911105081553e-05,0.5061314864593708,0.0003592218351819052,2.5414980121795614e-06,1.8177884941853714e-06,0.0007543357019661592,6.371126860902058e-07
33,2.4611945553144505e-06,8.987066661125928e-05,0.0016240049322937952,0.003981034741156934,0.003423703026205046,7.847061321181099e-08,0.00019253818363286411,1.0287027793817293e-05,6.0052278703185286e-05,0.0001447983962347177,3.1529714311714815e-05,3.232166326759729e-06,0.3570781206615736,0.001196005289231119,2.4431147102847235e-06,0.0007483613874189335,9.333361189435833e-06,0.0018023323496205708,2.078713329384602e-05,0.6282920592825005,0.0003367860928056566,2.0989547859125335e-06,2.242796606519212e-06,0.0009449224486567895,9.163291682376953e-07
34,3.7573479723562214e-06,8.584178443459707e-05,0.001327498395108872,0.004422659863830991,0.0029209052710385884,5.585931076361271e-08,0.0002415273330691463,1.2274823650448807e-05,3.7159237811432555e-05,7.936863566636197e-05,4.159066341884443e-05,3.884499950964308e-06,0.5308830939207213,0.0008144246404475658,1.8936308366084435e-06,0.0006168765516998754,1.0169724171914504e-05,0.002193799506242678,2.4151843232004837e-05,0.45520817616903403,0.0003649637754731564,2.557863443108979e-06,1.595062780990286e-06,0.000701221776986469,5.518196669982095e-07
35,4.761292750112577e-06,9.065120475407843e-05,0.0013717518545511647,0.004564597984263495,0.0023946874612529576,7.562702433459392e-08,0.00027845997657475254,1.893735583328986e-05,4.117279603080047e-05,0.00010171702378707435,4.338890067049372e-05,4.476383259694415e-06,0.5558456660879101,0.0007575499482482954,1.8662702095764327e-06,0.0008559142895130977,1.1494010913072274e-05,0.003039251372289103,3.245820664940568e-05,0.4295015661420912,0.00038128599013525865,3.45024797194969e-06,1.6053062300908028e-06,0.0006526715951051527,5.426719815012313e-07
36,4.767480129610686e-06,9.525412919639794e-05,0.0020215070493436508,0.004893765226067803,0.013692689182916386,7.204231388501069e-08,0.00037382925332960453,8.395834435745122e-06,6.550419478188172e-05,6.525866543426369e-05,0.00010128021159403696,4.163317674768959e-06,0.4362344955852914,0.0014557535088714996,2.0791775617891088e-06,0.00031772539668506054,1.2577741443639156e-05,0.002949785895505366,2.2339736763282853e-05,0.5346697653462503,0.000990125836104347,1.5758161583370293e-06,4.450623778613007e-06,0.002011833907109533,1.0048412586556552e-06
37,3.3314720143488515e-06,7.820945451265803e-05,0.0013937941685491224,0.004045117629264391,0.0030036250375928566,4.9991036843663046e-08,0.00023408251786290036,1.0093451246539243e-05,3.774814722585143e-05,7.412607514854937e-05,3.541655116193479e-05,3.856421229169962e-06,0.4983863098863517,0.0008560951369931428,1.5464974424141176e-06,0.0005917540209737744,9.756676154472659e-06,0.0020860875302138415,1.8925949921622992e-05,0.48797152850264075,0.0003471695183364662,2.0771415022819086e-06,1.6966084668616491e-06,0.0008070377429729605,5.638711847851516e-07
38,2.759522914951667e-06,7.250152810448395e-05,0.0011096614914344529,0.003863405965347526,0.0018694438717298636,5.914977089756832e-08,0.00026378522071212224,1.1461905144280517e-05,2.738978994138369e-05,7.726963014300614e-05,2.742469971921999e-05,3.3770641695620747e-06,0.50099607272598,0.000534744283573006,1.8517403010479147e-06,0.0009635455739092927,1.0846739492823915e-05,0.0019817110848700326,2.7494198469953665e-05,0.48722805712636436,0.00032277205357114885,2.203053183468462e-06,1.5114039789334115e-06,0.0006001709207114218,4.792564625972151e-07
39,3.5156391101711304e-06,7.418265425888284e-05,0.0013749470816925187,0.003716671629549199,0.002400270050070716,6.76098585152574e-08,0.0003027668015036782,1.907853437834705e-05,3.0024065197995205e-05,7.686612946314599e-05,4.0877451825394036e-05,4.785221964860194e-06,0.4820802702949911,0.0006907474628340908,1.7522519155633604e-06,0.0010042601262332147,1.3079790671176421e-05,0.002314840687793212,2.4764719279914196e-05,0.5047977611280777,0.00041190308454140456,2.672971888375372e-06,1.6543374542500578e-06,0.000611646331997701,5.939434488667451e-07
40,4.010624407008084e-06,9.137948718749206e-05,0.0016309279335844195,0.0037941066462016133,0.00315795340102726,5.821872968648568e-08,0.00025075117523501336,1.109009407086352e-05,3.80194282033634e-05,7.580843288720956e-05,4.368568870032775e-05,5.0300178755966355e-06,0.5159936809918997,0.0009450834414463235,2.0271533224644876e-06,0.0006336104650881187,1.229069636808044e-05,0.001742185587071778,1.8808681610191147e-05,0.4704079282186596,0.00036656257210628505,2.6520910459947695e-06,1.6572089042112599e-06,0.0007699389192042395,7.52825163113867e-07
41,2.1730026336610837e-06,3.518267165429497e-05,0.0013065863650457794,0.00042111426365997866,0.0008198246564435638,1.3938904800528495e-08,0.0005465255589957439,1.0769137871338423e-05,1.275793066727452e-05,2.372070109491171e-05,4.525468984560064e-05,4.274309078641818e-06,0.6074702457510723,0.0010038075858342058,2.905031814832443e-07,0.0006243175659584406,1.2366226460898226e-05,0.0035480303113963347,2.6948601360614473e-05,0.3810961435362723,0.002382501309571769,1.4165723039790745e-06,1.3169066303256312e-06,0.0006038626368753896,5.552671864214367e-07
42,3.0035894697442207e-06,9.761974836674997e-05,0.0010399071807108038,0.004766035602964127,0.0022012824449029454,7.130147094733185e-08,0.00023669076349605047,1.546679218092045e-05,3.285401727766453e-05,9.6801690584981e-05,3.4694562730754684e-05,4.151343328259899e-06,0.5028704984536853,0.0006206976873749489,2.635742772394908e-06,0.0010631854203284243,1.2555959619907679e-05,0.0017564440563047777,3.246489298610933e-05,0.48422526438971314,0.00028572961236091206,3.4962561967895146e-06,1.4095597373721655e-06,0.0005964330087975711,6.059226384786864e-07
43,2.378418828081688e-06,8.397929766056077e-05,0.001144203483201844,0.004645458750384868,0.0026670953448641945,9.365399723173734e-08,0.0002161380726896161,1.3902777516273983e-05,4.676341670814338e-05,0.00013931820363009796,3.2075271446713354e-05,3.067027661067638e-06,0.40332721251189346,0.0008033275289523168,2.6645366306320413e-06,0.0009054537845243213,9.583618063069582e-06,0.001966428823733557,3.110346650386415e-05,0.5829266703661479,0.00032481890506234255,2.726873553217845e-06,1.9611885786665093e-06,0.0007029118677140915,6.628100539405046e-07
44,3.094878785660739e-06,9.040910847743211e-05,0.001297786092344007,0.004565239363697563,0.002993974301209363,6.08944519220534e-08,0.0002375403286642488,1.2219924471109897e-05,3.9206430358140966e-05,9.003854357741456e-05,3.785411446480476e-05,4.049194339751217e-06,0.47635037021771065,0.0008793162818944369,2.042388365086265e-06,0.0007211135066531337,1.0862934765456282e-05,0.0020492327579901166,2.3736700764020482e-05,0.5094911017338418,0.0003465916435782333,2.458702901922919e-06,1.7747808262364861e-06,0.0007492879232601779,6.372526072645946e-07
45,3.239644664642798e-06,9.537204342126255e-05,0.0015528986661775483,0.0040134162471592,0.002981805933255602,5.524790354668011e-08,0.00020817045313331552,1.1024433517199711e-05,3.7983458620035854e-05,9.670026551459968e-05,3.9396784712585574e-05,4.097752735179535e-06,0.46361359296101545,0.0010560186044635592,1.811043850057508e-06,0.0007094627493835884,1.2291350520136477e-05,0.0021461822486503824,2.163708936079833e-05,0.5221173417688865,0.00040532956552118935,2.259543129115685e-06,1.995056184744198e-06,0.0008671819299961617,7.351582236130384e-07
46,1.5215362186413222e-06,5.5428196989654256e-05,0.0014893549445319431,0.002321522835527775,0.0028290455414539664,4.444178958287416e-08,0.00016165356297292443,7.930627266500139e-06,7.097565072581888e-05,0.00013091032284671836,2.5788172555343615e-05,1.8875561464907642e-06,0.3238482856259307,0.0016029885413481422,1.4017366727111853e-06,0.00044714205773573886,3.705343842053361e-06,0.0021101287415880134,1.749319405881292e-05,0.6635522219964546,0.0004243628754914089,1.2752980317608887e-06,1.658765602948762e-06,0.0008925626652099679,7.097690078936143e-07
47,2.64864087200109e-06,7.352252792931352e-05,0.0016343621876448954,0.005618515870234849,0.004813927190506516,6.649535135444727e-08,0.00021949227046284584,1.24347872116899e-05,5.117745573737328e-05,0.0001174768448203723,4.4369173914228255e-05,3.0014820199082265e-06,0.352555001506467,0.0014344408841553882,2.2063390535509255e-06,0.000594820717114475,1.08078268999484e-05,0.00296840723646956,2.5084100611057628e-05,0.6282753086557374,0.0005510657379841986,1.6004910223649107e-06,3.406159824152914e-06,0.0009861222499324609,7.331680229416168e-07
48,4.299111261848408e-06,0.00015489788493742442,0.0010618186490329487,0.00764865401619664,0.0024518906597934724,8.023495556318792e-08,0.0002989432077198667,1.9839420850187965e-05,3.559242363346168e-05,0.00011304768687413778,4.299372502541033e-05,5.062108477649726e-06,0.5903631746491881,0.0007767878557696194,2.9910149359769436e-06,0.0009552348953759318,1.7388632370915415e-05,0.002358517512317555,4.400915063271764e-05,0.39274044927228596,0.0003369936408563823,4.3897922999243425e-06,1.9339291269185723e-06,0.0005604281629278537,5.823631536510219e-07
49,2.978356810592388e-06,8.068231467872066e-05,0.001376486569625223,0.00403543730080828,0.0026849641907731514,6.13775287874147e-08,0.00021116220790108966,1.1128611319546975e-05,3.593747520047852e-05,8.476808110165366e-05,3.379362413277531e-05,3.997904771279316e-06,0.45376453140716977,0.0007991883925930714,1.77662014022981e-06,0.0007196672889593094,1.0453110926388258e-05,0.001804085205130955,1.8007516383063685e-05,0.5332821666411638,0.0002956482340930064,2.22335359246767e-06,1.6644323194339366e-06,0.0007385761877283857,6.135951485418979e-07
50,3.0684295014363743e-06,9.051692637013159e-05,0.0012801690196517165,0.004534894344988965,0.0029453874701933793,6.08871249251933e-08,0.00024016973047678516,1.2365752988293164e-05,3.957072881983275e-05,9.093131476884463e-05,3.753078087389709e-05,4.006843932206539e-06,0.479625957176523,0.0008797641342649019,2.0441458974241776e-06,0.0007174319244341163,1.0643116171570838e-05,0.0020445576076684184,2.4150329711874137e-05,0.506332511535016,0.0003459118563101454,2.4968092751504265e-06,1.7450527863462762e-06,0.0007334823315894021,6.31750661105936e-07
51,3.0180441053240625e-06,7.721106422253227e-05,0.0014045475717973336,0.0038344849366070033,0.003169227906386716,5.937073445534925e-08,0.0002527004430499344,1.1357111284171836e-05,3.8669175930423785e-05,8.223980068828786e-05,3.7641817819360126e-05,4.0242133254469635e-06,0.45636338795447706,0.0008645859289249831,1.8151353880931915e-06,0.0007338708464419957,1.1113871178841779e-05,0.0020530873270190003,2.1722810753183657e-05,0.5298239807419627,0.0003905462301858941,2.185896486132325e-06,1.8374506742965873e-06,0.0008160205890597915,6.63761496870109e-07
52,2.465592478241448e-06,6.902534795133228e-05,0.0009482391691027957,0.004846706606649025,0.0018034027968507416,6.395885932000738e-08,0.00013924246484097477,1.3025414202718612e-05,3.6187637638106545e-05,0.00013293063004128863,2.78905660364872e-05,2.292122307597284e-06,0.43005220115300186,0.0007050289487433979,2.1109553276939017e-06,0.0007079213018148362,6.677032214340184e-06,0.0024515067204412284,2.7081043145374816e-05,0.5572932408945971,0.00021608744350098508,2.4098230579654302e-06,1.4062900080265042e-06,0.0005124601658841697,3.95921304585321e-07
53,2.7648230809744073e-06,8.043842372195064e-05,0.001201947986354592,0.003786126202548437,0.0032331828310518534,5.942605305181021e-08,0.00037490803015486463,1.261618630177173e-05,4.027155892526469e-05,6.340986126513988e-05,3.753906248957125e-05,5.113840877840717e-06,0.4646591914936569,0.0008529891901226666,1.9203198282858414e-06,0.0007664470328276549,1.068221305178904e-05,0.0019286796410532708,2.1389490625118513e-05,0.5218006454671483,0.0003850224209481511,2.2537963949377038e-06,1.7498210358337622e-06,0.0007299551946495968,6.956858321096e-07
54,1.9916269059496334e-06,0.00010818652568581082,0.0013075941562292203,0.003493758533103403,0.0026185085864895096,5.677795205912635e-08,0.0002017955380477236,1.0564078461609743e-05,4.848818663860837e-05,0.00012136254803065605,2.732527647907872e-05,4.367102698584014e-06,0.38082484648850096,0.001132344903280958,2.586667844705309e-06,0.0009648536140930932,9.700673963096635e-06,0.001339312021074905,2.046858583770517e-05,0.606679858392931,0.0002667906870134151,2.419165436641137e-06,1.5272206672516201e-06,0.0008102525614167055,1.0400812173034376e-06
55,3.1270196004245467e-06,8.424085111705755e-05,0.0011938643706905908,0.004315761615935701,0.0033997435698663704,5.0087466289886134e-08,0.00029651643065804913,9.71380115094085e-06,4.0191361257798167e-05,5.85706148524665e-05,3.5170331063701874e-05,5.101482924441383e-06,0.5126553200080012,0.0007630074744691683,1.580740218565965e-06,0.0006525382323523188,9.615820060840539e-06,0.0018974077037780918,1.823020453157415e-05,0.47335200946196687,0.00030576079243074583,2.1363925046036168e-06,1.5122894966858937e-06,0.0008982379018432005,5.914417623850201e-07
56,3.136339185779591e-06,8.89285147022193e-05,0.001273200575934267,0.004478636901576088,0.0029019836072347017,5.89478357196074e-08,0.000237747112497273,1.2005224347353664e-05,3.840331674932766e-05,8.648154597702431e-05,3.749849779078803e-05,4.038125330774494e-06,0.48737580827867333,0.0008579959559719978,1.9860751164215068e-06,0.0006987013898611084,1.0606686228719604e-05,0.0020276301576219106,2.346694665852185e-05,0.49875753965396474,0.00034188907011824726,2.47972086268519e-06,1.714075835716266e-06,0.0007374470378242739,6.162421010659692e-07
57,3.0402617466647848e-06,9.00648206137892e-05,0.0012707514995480382,0.004498314723505102,0.002911160778939111,5.944850162307535e-08,0.00023841006021511777,1.2053540412469916e-05,3.836076987975062e-05,8.856797642372011e-05,3.720976599731251e-05,4.0175239099596116e-06,0.48278777780606497,0.0008540928401411558,2.0228481924156393e-06,0.0007275015195757557,1.0733292551683135e-05,0.002019748931222095,2.4286283491866186e-05,0.5032884250327527,0.0003464067401728429,2.4621865001570302e-06,1.7182332812722066e-06,0.0007421861479164122,6.269684439796975e-07
58,2.7655184573816086e-06,8.297063644321809e-05,0.0012178639318655747,0.00431876252066468,0.0030877174900593002,5.7032168594338466e-08,0.00022935654578656956,1.0079755365716343e-05,4.003396800894172e-05,8.234963324850709e-05,3.434097661013796e-05,3.7894903301034208e-06,0.4659576068928069,0.0008273016720475462,1.8902312394204365e-06,0.000670348531257645,9.689819514571196e-06,0.0018957659074212993,2.2025177597843993e-05,0.5203322226102746,0.00033181665829878134,2.2036588633036572e-06,1.7490544322298043e-06,0.0008366769701327124,6.153171043574009e-07
59,2.804342142258223e-06,8.123513091744918e-05,0.001340675647183788,0.004167353010957369,0.0029874252139192605,5.763626257877205e-08,0.00021680211479912812,1.0240433758919533e-05,3.937978184949695e-05,8.794188648304897e-05,3.3581029863322714e-05,3.6514617617155254e-06,0.45083140461157695,0.0008596376446402382,1.8071288725275767e-06,0.0006899098924776236,9.969624167600282e-06,0.0019363053370076916,2.0674261485500423e-05,0.5354922489763422,0.0003398243321925065,2.0846800275815146e-06,1.826145821059615e-06,0.0008425311384373834,6.285370527755401e-07
60,3.094878785660739e-06,9.040910847743211e-05,0.001297786092344007,0.004565239363697563,0.002993974301209363,6.08944519220534e-08,0.0002375403286642488,1.2219924471109897e-05,3.9206430358140966e-05,9.003854357741456e-05,3.785411446480476e-05,4.049194339751217e-06,0.47635037021771065,0.0008793162818944369,2.042388365086265e-06,0.0007211135066531337,1.0862934765456282e-05,0.0020492327579901166,2.3736700764020482e-05,0.5094911017338418,0.0003465916435782333,2.458702901922919e-06,1.7747808262364861e-06,0.0007492879232601779,6.372526072645946e-07
61,2.9901364103874643e-06,8.263361201142795e-05,0.001445016596834383,0.004158365761802727,0.0031337819099097673,5.917373288400556e-08,0.00022127931932063236,1.0646586288327817e-05,4.136200709556993e-05,9.09112193922351e-05,3.517273548185632e-05,3.7945253907013833e-06,0.45324041796159686,0.0009046286443463475,1.8011361691098007e-06,0.000688883320480675,1.0286840017993286e-05,0.001994568039904313,2.0667846184237995e-05,0.5326745870561835,0.0003573900086066785,2.1226202905493813e-06,1.8832185360938448e-06,0.0008760901635904825,6.595604222363371e-07
62,3.094878785660739e-06,9.040910847743211e-05,0.001297786092344007,0.004565239363697563,0.002993974301209363,6.08944519220534e-08,0.0002375403286642488,1.2219924471109897e-05,3.9206430358140966e-05,9.003854357741456e-05,3.785411446480476e-05,4.049194339751217e-06,0.47635037021771065,0.0008793162818944369,2.042388365086265e-06,0.0007211135066531337,1.0862934765456282e-05,0.0020492327579901166,2.3736700764020482e-05,0.5094911017338418,0.0003465916435782333,2.458702901922919e-06,1.7747808262364861e-06,0.0007492879232601779,6.372526072645946e-07
63,3.12847006239233e-06,9.908903919723277e-05,0.0012771422460820026,0.0047433288577973885,0.002970889220858497,6.255167692117244e-08,0.00023810135192173083,1.2532554252181436e-05,3.992795971281537e-05,9.48929985624629e-05,3.819429801323388e-05,4.2243537947489716e-06,0.48237911269750794,0.0008889737247749128,2.182902020021823e-06,0.0007584127454065059,1.1373278566191489e-05,0.0020194790208777113,2.548031398007529e-05,0.5032808026354727,0.0003445843122313132,2.6245518929879862e-06,1.7911918441599528e-06,0.0007630007907538323,6.679327399933162e-07
64,3.142542006838802e-06,8.459757140054457e-05,0.0013674541096808778,0.00411795823864826,0.0030755621440211804,5.89755757590722e-08,0.0002574006285146235,1.17721260928224e-05,3.8244170420617195e-05,8.497151574351084e-05,3.9559322469368914e-05,3.949718259819723e-06,0.48302311088665434,0.0008943270297394212,1.8905382340443864e-06,0.0007032861295877827,1.1376792790000236e-05,0.002160029248700661,2.498499975613238e-05,0.5028792398595373,0.00042308137364548327,2.3331503769785085e-06,1.901836541348378e-06,0.0007891201884511013,6.469031511716862e-07
65,3.643488279562558e-06,9.488130989998427e-05,0.0011672302925344186,0.005839115559028017,0.00343707996397942,7.516654622390938e-08,0.0003056497753073488,1.4915018195143243e-05,3.448482666061385e-05,8.159370719594787e-05,4.836213284573461e-05,4.51619548060431e-06,0.5142476314313251,0.0007352593172303794,2.4107545092660314e-06,0.0007926889991583023,1.3915797803934749e-05,0.0025155462971251097,3.317673948645057e-05,0.46952759296408725,0.0004118433811782754,2.8049313570374018e-06,2.0370525364960883e-06,0.0006829689393044177,5.759589450803329e-07
66,6.663582095777095e-06,0.0007667939564802814,0.0018442298371596111,0.04381297049556496,0.03248309250079471,1.071466859561462e-06,0.0006954442344927585,2.7805297841658945e-05,0.00037557235105768185,0.0006299054368691721,0.00014942208346952791,1.560654178790614e-05,0.2844540291885473,0.004654960283724635,3.004505403270798e-05,0.0019687598177319365,9.337246898430094e-05,0.005840655661559876,0.00025537303380206535,0.6146086462754128,0.0017127617901375272,1.0152985725349547e-05,4.808088736569383e-05,0.005507638981411786,6.9457870906400274e-06
67,7.929507026778013e-06,0.000391373938768045,0.0010805163996044063,0.008629621757231741,0.009173588587727561,1.766035330741171e-07,0.0008631834994695513,4.2204424296946296e-05,0.00017365451690624264,0.0001420107900802255,0.0001434672170395293,1.928263404638615e-05,0.6780683177474386,0.0017883330276650825,9.796844330804223e-06,0.00100789749033813,1.9087443470467416e-05,0.002181006199751723,0.00010071056105521641,0.2946802416526852,0.0005293119712966496,1.8465007880740945e-05,1.5732621470274401e-06,0.0009260349822366578,2.2139339730606793e-06
68,1.0428366606157238e-05,0.0001871149907182461,0.0006913361627178231,0.007475567378043473,0.00263183571303025,1.1736118039255199e-07,0.000647436049448046,6.975114823769355e-05,2.2515487671408935e-05,7.560917327168944e-05,0.00014704386099979514,7.249022371796984e-06,0.7733388186768051,0.0004083824836104302,5.0091986700936665e-06,0.0013766258086107582,3.3732572073065583e-05,0.004784833016799573,0.00020534994242332125,0.20668058027618805,0.0008847851747378169,1.2284271413044203e-05,1.5892885453628524e-06,0.0003015252148617058,4.793609649500546e-07
69,1.0654597909972948e-05,0.0003650781992756293,0.0012306988021291306,0.0184079844713588,0.009963842465106091,1.5738508145043966e-07,0.00047304695989824837,2.273332692633117e-05,7.166542998424657e-05,0.00011352202322728843,0.00011942122451842784,1.1020680243861695e-05,0.6862088980481919,0.0009808729786982193,7.88633921688581e-06,0.00081708653926853,3.6905174347212414e-05,0.0023807325114091073,7.355192713426772e-05,0.27719129859805774,0.00043394844728129287,9.644717914097636e-06,2.9867244250561592e-06,0.0010652435012464688,1.1189271495958285e-06
70,3.0285926834228168e-06,8.625366940644135e-05,0.001290682775279073,0.005025698390089463,0.0032893530699557613,5.767382067966598e-08,0.00023212381217374786,1.1046515155673781e-05,4.040312535716271e-05,8.111633218989064e-05,3.600899270059748e-05,3.872659437409091e-06,0.478550109945711,0.000883723881367355,1.9370086353914795e-06,0.0005912365848079159,9.58976763535091e-06,0.0018760328994589473,1.955350141725609e-05,0.5069259759732536,0.0003061568200873995,2.231789657822866e-06,1.7432377791585136e-06,0.0007314846167537241,5.783651858123841e-07
71,1.767205538259101e-05,0.00025492040783677743,0.0014310430617376128,0.014649994687343798,0.002419766448080046,1.2001541670477398e-07,0.00021687144597892435,3.0289141465084924e-05,2.1213719508862634e-05,0.00010886401676285454,0.00010937174667491144,7.970725548877583e-06,0.8027344328338348,0.0004838619058800917,5.205989498430123e-06,0.0007668800658862747,3.796170181699111e-05,0.0026176100309109026,6.709872617758488e-05,0.17324508934535623,0.00030202540193512926,9.648596002680848e-06,1.725425021642339e-06,0.0004598285558902984,5.339500516859542e-07
