,0,1,2,3,4,5,6,7,8,9,10,11,12,13,14,15,16,17,18,19,20,21,22,23,24
0,0.9839332508270787,2.3327838582480856e-05,0.0002929224678717988,0.000427241353596425,0.00035911334502010953,1.1041918434256003e-06,6.299777376005221e-05,0.000503293162944848,5.030510486258941e-06,3.1479561665925905e-07,0.007239473973138453,0.0006519641826038967,0.0012314499826520697,2.3806042464291353e-06,2.415649737644513e-06,4.249947217389453e-05,0.0009421116221795085,0.004139818280442341,6.195329314806723e-06,6.265554503027757e-07,9.954656776511579e-06,0.00010057622571965066,1.882344179156981e-06,1.933491995168866e-05,7.199346329714412e-07
1,0.9755320137169543,3.286070894796548e-05,0.0006559996428323807,0.0005036710971598855,0.0004667073595020704,3.922179095047928e-06,0.0001012478294246045,0.0008573529880439596,3.0437192238978832e-05,1.9266225478672165e-06,0.008908869580904666,0.0006618890074603352,0.0020695525598884465,8.549328924921651e-06,6.2950041556445826e-06,0.00010218576967342968,0.0007283441783347657,0.009017834949132976,1.7940771072725568e-05,2.267628432716351e-06,2.0561115770749492e-05,0.00021265098324818303,4.330126449095848e-06,5.0282366455433256e-05,2.3072933489408308e-06
2,0.9865373589368622,1.4060288061086216e-05,0.0002071053921579039,0.0003123929639373361,0.00014729954604735088,1.5679494261607099e-06,5.630344605162063e-05,0.0003148738425579049,5.253713498245137e-06,3.0811097032715747e-07,0.005303804544288031,0.0003187604300904042,0.001172865423890094,1.2737362601073303e-06,1.4685372436439306e-06,2.6691140190132756e-05,0.0005295795257221541,0.004929255187078921,8.995515791822587e-06,3.3672470253688323e-07,9.014972633151522e-06,8.426844662813725e-05,1.9118360945728542e-06,1.4872813775631598e-05,3.769760404866373e-07
3,0.9791453214182465,2.937513267776322e-05,0.00040242101035332527,0.0004013663554582966,0.00041703931497412514,2.4348909841086833e-06,7.047760524892487e-05,0.0006340762550520543,1.6983496168966214e-05,9.200669152244075e-07,0.00984547138872056,0.0006049148344843133,0.0015180904500838,6.330966815969167e-06,4.8297229056962485e-06,4.799830005925231e-05,0.0006780831797342127,0.005921697057413467,1.0708752894930497e-05,1.2160194643459303e-06,1.4411489164548938e-05,0.0001920453085067564,2.908898777751891e-06,2.933119179644024e-05,1.5468930989331928e-06
4,0.9790106693844404,2.9956747654975344e-05,0.0004065826827180937,0.00037782216512440004,0.00040938241871562485,1.975324689609883e-06,7.006359671276246e-05,0.0006071364638891748,1.669182892409179e-05,8.655538151623834e-07,0.009697346280000694,0.0005820084762648407,0.0017285574304368014,7.07767509172783e-06,4.030147781988324e-06,3.98331169526879e-05,0.0006137995778525876,0.006137788605188624,1.0260053063779562e-05,1.2287820563504808e-06,1.593108150519455e-05,0.00019755928454802139,2.6261558361724985e-06,2.9403900787312643e-05,1.4032659490661084e-06
5,0.9763892063841559,2.7145512899459807e-05,0.0004585420828662047,0.0005390306518566198,0.00047000332012078327,2.5042406304217096e-06,6.63041974588817e-05,0.0006089264752814923,1.6918396804115495e-05,1.0945384458172238e-06,0.008910462410321224,0.0004896054158603719,0.0016487166709091804,6.874354272442787e-06,3.703556252465901e-06,4.569353701721165e-05,0.0006723927521435698,0.009427379537957336,1.0830345384653027e-05,1.553395525881524e-06,1.664906366211347e-05,0.00014599264333101092,4.0696990071440274e-06,3.5229851678321656e-05,1.1709661571483598e-06
6,0.9791453214182465,2.937513267776322e-05,0.00040242101035332527,0.0004013663554582966,0.00041703931497412514,2.4348909841086833e-06,7.047760524892487e-05,0.0006340762550520543,1.6983496168966214e-05,9.200669152244075e-07,0.00984547138872056,0.0006049148344843133,0.0015180904500838,6.330966815969167e-06,4.8297229056962485e-06,4.799830005925231e-05,0.0006780831797342127,0.005921697057413467,1.0708752894930497e-05,1.2160194643459303e-06,1.4411489164548938e-05,0.0001920453085067564,2.908898777751891e-06,2.933119179644024e-05,1.5468930989331928e-06
7,0.9830455444948826,2.0062476988131612e-05,0.0002987496775979903,0.000272557838892727,0.00026144014477843364,1.5255002808026804e-06,5.420357882718966e-05,0.000489334476118963,9.849767881058249e-06,5.332553211096997e-07,0.008407829447316405,0.0004378106724561747,0.0014782299823977074,3.594145583846302e-06,3.0954986479533505e-06,2.984683407262793e-05,0.0004578033779075173,0.004531767894897716,7.861120893712363e-06,7.870512930058758e-07,1.023741303400133e-05,0.00015714331571637882,1.5774828473570236e-06,1.776370360121795e-05,8.508477655046108e-07
8,0.9702411453484118,3.072184715350043e-05,0.0002678502616772904,0.0004048705838353219,0.0004433696826660887,2.906949005800518e-06,0.00014183231576846058,0.0010565516359836544,1.6851847469172392e-05,7.136631096016451e-07,0.015370948795370525,0.0007931308181242039,0.0019292187866494764,5.916077203565494e-06,5.834075119214276e-06,5.077182456192476e-05,0.0006904432047102369,0.008171754241451315,2.087728312020712e-05,1.120968650934198e-06,2.114024384303698e-05,0.0003099331277638229,2.307967954089445e-06,1.8475216519034268e-05,1.313233877580786e-06
9,0.9779030191018871,4.9079403395437085e-05,0.0008388869463001047,0.0005754539822092934,0.0005232767270519095,3.0211064105534237e-06,5.651014438313575e-05,0.0006863068952993015,2.779621356864689e-05,2.469819588157094e-06,0.008342488479530955,0.0006415711780582544,0.0018419463824980828,1.2637013254613339e-05,6.1346729293457015e-06,8.75160675642381e-05,0.0009435817713605314,0.007160741583597744,1.0985059072000491e-05,2.562388614023649e-06,1.712186934845311e-05,0.00019356522451573256,5.046136042284039e-06,6.538368360713465e-05,2.898149913092209e-06
10,0.9791453214182465,2.937513267776322e-05,0.00040242101035332527,0.0004013663554582966,0.00041703931497412514,2.4348909841086833e-06,7.047760524892487e-05,0.0006340762550520543,1.6983496168966214e-05,9.200669152244075e-07,0.00984547138872056,0.0006049148344843133,0.0015180904500838,6.330966815969167e-06,4.8297229056962485e-06,4.799830005925231e-05,0.0006780831797342127,0.005921697057413467,1.0708752894930497e-05,1.2160194643459303e-06,1.4411489164548938e-05,0.0001920453085067564,2.908898777751891e-06,2.933119179644024e-05,1.5468930989331928e-06
11,0.9800277446500022,2.703704015807997e-05,0.0003794295866047329,0.0003731596613093835,0.0003992336794827135,2.1013465689905814e-06,7.02458209210717e-05,0.0005613769288712316,1.5677624594298722e-05,7.84770288623184e-07,0.009400007083239584,0.0005839708673627144,0.0016533613613699469,5.6625597610433976e-06,4.2998000760053166e-06,4.350575536221411e-05,0.0006191797979840355,0.005586736829582966,1.0260056588231844e-05,1.1812053155915184e-06,1.4163858881832286e-05,0.00018652617127382166,2.613178727691676e-06,3.035543666596931e-05,1.3849290073458407e-06
12,0.9837892724610494,2.8412572982191175e-05,0.00017236374984198438,0.000528915927398897,8.67871111605252e-05,1.7217328169341975e-06,8.106729932797491e-05,0.0008606217825196857,8.750797324558978e-06,6.353902740997728e-07,0.006026473528104036,0.0004671379762798969,0.0019641899654539454,2.0957614359885496e-06,4.883491228944023e-06,5.2712511154983865e-05,0.0003781941767335485,0.005265033977721599,2.769872652151285e-05,3.97466231123085e-07,8.458390221349848e-06,0.0002318381652294383,1.1580701667901303e-06,1.0614551264570815e-05,5.644175558313756e-07
13,0.9749053848890462,2.6250904274911045e-05,0.0002717644080376665,0.0002012397331879749,0.00041385241115660907,1.1617329659195757e-06,5.540269841210983e-05,0.0006422309614157927,1.1779955141523563e-05,4.1478596115121834e-07,0.016960610168196427,0.0007743959221251831,0.0013355238737923249,7.193309668567481e-06,4.754245122840478e-06,2.4045302954537448e-05,0.0005129079881714171,0.0035508517212998786,7.141802646749584e-06,8.150799553198916e-07,1.3181540653872625e-05,0.00025911679627839315,1.2486539523950414e-06,1.707079297353015e-05,1.6603226088089979e-06
14,0.9720408082487569,4.791731261157293e-05,0.0003324151384793666,0.000563613758604388,0.0006154335087847695,1.8212149167646996e-06,7.234298222343096e-05,0.0006446068268633825,1.2875572918500808e-05,8.421811723493749e-07,0.014016352384622316,0.0006121193028870898,0.001969128529816836,7.18912657885537e-06,3.475816301587968e-06,3.094968048428038e-05,0.0008367404746136248,0.00790700613652976,1.4490267914359546e-05,1.0444996256715393e-06,2.1522199814375835e-05,0.00021646477732458041,2.694761503506511e-06,2.7088369784870787e-05,1.056926866859927e-06
15,0.9791453214182465,2.937513267776322e-05,0.00040242101035332527,0.0004013663554582966,0.00041703931497412514,2.4348909841086833e-06,7.047760524892487e-05,0.0006340762550520543,1.6983496168966214e-05,9.200669152244075e-07,0.00984547138872056,0.0006049148344843133,0.0015180904500838,6.330966815969167e-06,4.8297229056962485e-06,4.799830005925231e-05,0.0006780831797342127,0.005921697057413467,1.0708752894930497e-05,1.2160194643459303e-06,1.4411489164548938e-05,0.0001920453085067564,2.908898777751891e-06,2.933119179644024e-05,1.5468930989331928e-06
16,0.978849921640003,2.9610009677450403e-05,0.0004607946739207379,0.00043375419618107514,0.00045703667170157595,2.7546967385138096e-06,7.330378782608668e-05,0.0006193390598487083,1.874286015267349e-05,1.0513105343537535e-06,0.009538330186761168,0.000573716658424013,0.0015472216431127413,6.488708583313775e-06,4.789346931086248e-06,5.245432366717899e-05,0.0007236299362726575,0.006362850814389033,1.099273599130742e-05,1.3782003190212597e-06,1.555008595467961e-05,0.00017629072963675077,3.5031178883107968e-06,3.487734724118888e-05,1.6172582436430384e-06
17,0.9795654271832434,2.2662718076176917e-05,0.00035095836198504145,0.0003061394438373784,0.0004700988269070276,1.5927413571882929e-06,7.44149176541112e-05,0.00048284180840864484,1.509076284177623e-05,5.150466346129874e-07,0.010025618012053858,0.0006014531204536223,0.0015008750944953625,6.21340765054853e-06,2.789554518576141e-06,2.7415963559063065e-05,0.000547441851349961,0.005785296628452145,7.422352286344069e-06,9.736055737650133e-07,1.5841253522537456e-05,0.00015699540184400935,2.481303435154558e-06,2.8269663315495165e-05,1.170976544208219e-06
18,0.974569684321087,4.7411784633393296e-05,0.0007055003565437385,0.0002888599292431695,0.0005011753147773767,2.757107374675311e-06,0.00011132281797529602,0.0007330960974448569,2.7217400016449232e-05,1.3623958051786412e-06,0.012060086743316607,0.0012885015679355895,0.0017444792542860499,1.6141986650395354e-05,7.64187194733753e-06,0.00010231713466721071,0.0012681884726444233,0.006125351824639875,1.3836941071310132e-05,2.0379083010912347e-06,2.956663330872688e-05,0.00028509916306893843,4.58749782880484e-06,5.817066026236488e-05,5.604815170158344e-06
19,0.9752573492458545,6.366343472909204e-05,0.0005400369726635439,0.001131479078966675,0.0008260302728493396,5.82618222583743e-06,0.000109354150488127,0.0008459258239906872,4.080911550798649e-05,2.403232486133545e-06,0.009768644217760808,0.0009756179611391432,0.002213935090449756,1.0666937886510733e-05,1.1168789635561948e-05,9.072428566772562e-05,0.0009678549215705888,0.006712938180622113,1.8223505091217045e-05,2.314911331905294e-06,1.4267361078560586e-05,0.0003273483441495732,5.232156198634642e-06,5.5392128602436684e-05,2.7936990534710057e-06
20,0.9754342749401594,4.220205121458311e-05,0.00030243065459914856,0.00044436557699339724,0.0003984875285857956,2.3179062832019944e-06,7.543726986385192e-05,0.0009306828151420575,2.0309392037471017e-05,1.0573688123525846e-06,0.01315254058408503,0.0006357080893735778,0.002147822161830095,8.903072397463166e-06,7.4216185001085684e-06,3.883247884440948e-05,0.0005710265514623885,0.005301797217186569,1.5117805154924806e-05,1.3354598149644322e-06,1.4834373548020726e-05,0.00042832663948516977,1.9276935054542488e-06,2.1247369445188236e-05,1.5933816753798377e-06
21,0.9750967708822799,3.994617992828357e-05,0.0003419967612269065,0.0005730508388120998,0.0005838810330802544,4.85982514152934e-06,9.564160939119335e-05,0.0008157249750910143,2.753916842327594e-05,1.331058768175436e-06,0.013505579507419378,0.0006447018040179204,0.0015929674252065475,7.005830341169899e-06,1.0029025859268174e-05,5.195661521777452e-05,0.0007471002454233413,0.005462844266274587,1.8524252318299047e-05,1.3208138047275198e-06,1.495044304378677e-05,0.0003275980964602809,3.6048345298309834e-06,2.90095792750257e-05,2.064928665637531e-06
22,0.9786823310055635,3.463989891313299e-05,0.0003960004323542718,0.00046574146121007354,0.0005253815735431589,2.7976106178367123e-06,9.160485631878903e-05,0.0005946801877027897,2.551817518922737e-05,9.518458801707715e-07,0.01041586242498215,0.0007786005208927914,0.0017332016281736025,7.1635830644057354e-06,6.801326007547982e-06,5.526318287886214e-05,0.0006216111891009492,0.005264241675461429,1.2516234050918517e-05,1.3512328142666018e-06,1.390758340221029e-05,0.00022440031936785847,3.0878388061672855e-06,4.019945274928959e-05,2.1447609549781615e-06
23,0.9791453214182465,2.937513267776322e-05,0.00040242101035332527,0.0004013663554582966,0.00041703931497412514,2.4348909841086833e-06,7.047760524892487e-05,0.0006340762550520543,1.6983496168966214e-05,9.200669152244075e-07,0.00984547138872056,0.0006049148344843133,0.0015180904500838,6.330966815969167e-06,4.8297229056962485e-06,4.799830005925231e-05,0.0006780831797342127,0.005921697057413467,1.0708752894930497e-05,1.2160194643459303e-06,1.4411489164548938e-05,0.0001920453085067564,2.908898777751891e-06,2.933119179644024e-05,1.5468930989331928e-06
24,0.9714427731726792,6.785833651213006e-05,0.0004154115683520286,0.0010627640670263156,0.0005614915765317773,3.0027564973621705e-06,9.049610619662298e-05,0.0009822640690317584,2.1369503734079194e-05,1.7847179105225128e-06,0.010895771566334053,0.0007024288116205039,0.002209437700930885,1.0423712512186752e-05,7.056668225207247e-06,6.591185755488537e-05,0.0010589544752518938,0.01002548578632811,2.381935117322444e-05,1.6009386824116787e-06,2.1073970379101318e-05,0.0002869559019789455,4.5648524781161484e-06,3.565464054419124e-05,1.6438915344957496e-06
25,0.9858146495659683,7.701268914594963e-05,0.000647946059708068,0.0007544416206104488,0.00035186411179667155,6.13385512116781e-06,5.617619188805583e-05,0.00030096608308231935,5.3592318915901416e-05,4.002352056679924e-06,0.005082788041098928,0.0005796581983066078,0.0018520527174874502,8.737935197909501e-06,1.8534957307042908e-05,0.00011548971760271842,0.0009035614359157524,0.0029376406513226465,2.1669638039447863e-05,1.5142350582157951e-06,9.792113434090978e-06,0.0002988400204844086,5.811891412498048e-06,9.202921440648162e-05,5.094384632144804e-06
26,0.9760101410842424,3.8535304008709296e-05,0.00031640543205970547,0.0004041924311903427,0.00038109721887214345,2.5543820725577668e-06,9.013169029733768e-05,0.0009294853535919789,1.4949278617329175e-05,8.806040123408584e-07,0.013002104116118343,0.0008103856112738817,0.0016990873959885967,6.329398003295538e-06,7.451570307189735e-06,5.686198250675423e-05,0.0007872820634692867,0.005066462394625588,1.5681852076156524e-05,1.0720916039735045e-06,1.5052745501664483e-05,0.00032021016743449533,2.0684627197552744e-06,1.97856715477928e-05,1.7916978583002721e-06
27,0.9789867868113442,3.605197914071543e-05,0.0003043477395583628,0.0005045693625860795,0.00047411899531752023,4.088355020971968e-06,7.70755176907265e-05,0.000787827153923908,3.528163529151657e-05,1.2534777872119195e-06,0.010771676178786145,0.0007148336866512915,0.0017264949348905108,7.101823647711271e-06,9.735053340449536e-06,5.26397771878419e-05,0.000453852902524204,0.004597525450146046,1.4401288984634821e-05,1.4169251132125397e-06,9.745443823675522e-06,0.0003919350943268644,2.524285793538969e-06,3.2525710369506346e-05,2.190416752943611e-06
28,0.9791453214182465,2.937513267776322e-05,0.00040242101035332527,0.0004013663554582966,0.00041703931497412514,2.4348909841086833e-06,7.047760524892487e-05,0.0006340762550520543,1.6983496168966214e-05,9.200669152244075e-07,0.00984547138872056,0.0006049148344843133,0.0015180904500838,6.330966815969167e-06,4.8297229056962485e-06,4.799830005925231e-05,0.0006780831797342127,0.005921697057413467,1.0708752894930497e-05,1.2160194643459303e-06,1.4411489164548938e-05,0.0001920453085067564,2.908898777751891e-06,2.933119179644024e-05,1.5468930989331928e-06
29,0.9791453214182465,2.937513267776322e-05,0.00040242101035332527,0.0004013663554582966,0.00041703931497412514,2.4348909841086833e-06,7.047760524892487e-05,0.0006340762550520543,1.6983496168966214e-05,9.200669152244075e-07,0.00984547138872056,0.0006049148344843133,0.0015180904500838,6.330966815969167e-06,4.8297229056962485e-06,4.799830005925231e-05,0.0006780831797342127,0.005921697057413467,1.0708752894930497e-05,1.2160194643459303e-06,1.4411489164548938e-05,0.0001920453085067564,2.908898777751891e-06,2.933119179644024e-05,1.5468930989331928e-06
30,0.9791453214182465,2.937513267776322e-05,0.00040242101035332527,0.0004013663554582966,0.00041703931497412514,2.4348909841086833e-06,7.047760524892487e-05,0.0006340762550520543,1.6983496168966214e-05,9.200669152244075e-07,0.00984547138872056,0.0006049148344843133,0.0015180904500838,6.330966815969167e-06,4.8297229056962485e-06,4.799830005925231e-05,0.0006780831797342127,0.005921697057413467,1.0708752894930497e-05,1.2160194643459303e-06,1.4411489164548938e-05,0.0001920453085067564,2.908898777751891e-06,2.933119179644024e-05,1.5468930989331928e-06
31,0.9793063124945321,2.9083960744821036e-05,0.00040251913757576285,0.00039507139177175115,0.00040784384263695936,2.3962041809455754e-06,6.947785400256028e-05,0.0006358824427778171,1.661928117352982e-05,9.122112321035682e-07,0.009738675671764717,0.0005981471330797453,0.0015045031213036769,6.260665551700813e-06,4.710859860258829e-06,4.769364649000231e-05,0.0006753778393065762,0.005909387003130184,1.053703405273289e-05,1.2000078156805023e-06,1.433316869304932e-05,0.00018984127770908807,2.871224980727113e-06,2.8821496920627446e-05,1.5210287130233322e-06
32,0.9774774260517958,3.231513401860986e-05,0.000395138467342662,0.00047299162736373336,0.00043415800069940134,2.781531612247183e-06,8.11513749436635e-05,0.0006964333837696402,1.817335289407006e-05,1.0414057937936538e-06,0.010422637147293414,0.0006269184475732971,0.0017203822389933092,6.37317326419047e-06,5.986649432754622e-06,5.740108499350297e-05,0.0007511280544203111,0.006505987780761878,1.4949461908797653e-05,1.3440889436363305e-06,1.6566271541160885e-05,0.00022177103020220183,3.2530021437152616e-06,3.203985364276839e-05,1.6513846515494109e-06
33,0.9787610705354893,3.118987570503714e-05,0.00045803938590734225,0.0004158558143919562,0.0004641382969220503,2.8636508502921463e-06,7.113197573351445e-05,0.0006470532538009609,2.1007450633279645e-05,1.135783283668498e-06,0.009990097281936025,0.0006068539925266333,0.0014948766078847799,7.461444876458848e-06,5.574323053724298e-06,5.13096401123587e-05,0.0006819152832940342,0.006024881497819493,1.0868461750385645e-05,1.4005275108519273e-06,1.4854278150480073e-05,0.00019822930033571608,3.335690207990791e-06,3.300796511832401e-05,1.8476827050060027e-06
34,0.9714311638534847,6.316740643608811e-05,0.0006349367211781691,0.0006878553760704401,0.0006651206332314771,4.367261999740139e-06,0.00010720165354354352,0.0010703987057320854,2.903233181417402e-05,2.1452578474481e-06,0.012298699302502361,0.0010755034505224772,0.0020194570688981733,1.3221053190553158e-05,8.531666507156781e-06,0.00010926463939451981,0.0013271164159890556,0.008045074537612731,1.6855215390118217e-05,2.4678483330939836e-06,2.16401813652296e-05,0.0003084614485402422,5.1673884890779515e-06,4.9805055468351254e-05,3.3455264589497074e-06
35,0.9458542040127742,0.0001341543987387301,0.0011664080925040078,0.0013365738768061862,0.0036392732852722326,6.10903873313494e-06,0.000182929228252806,0.0009437731651741454,6.503939613632113e-05,3.247501647471449e-06,0.03202517382642245,0.0016475844653310637,0.002879395135912446,4.744141352313167e-05,3.318247417807912e-05,9.50901124320741e-05,0.002451708283627794,0.006858329617119019,2.2472680878162314e-05,6.673253055732946e-06,5.120603859849353e-05,0.00040301034356400903,1.3148403091302609e-05,0.0001225714454599965,1.1300510766861626e-05
36,0.9754811824400176,5.944890687056679e-05,0.00042741833075067066,0.0006085203656297705,0.0001919519088616993,3.1707210098323884e-06,8.302718470599867e-05,0.0018476938636270645,2.2423709285055336e-05,2.7747940709495167e-06,0.006795857671338153,0.0008498567311200885,0.0022572553298238667,1.0164755861395489e-05,7.780857917639883e-06,0.00016378963048004454,0.0010211115279458436,0.009610190234830928,2.3113280183007008e-05,1.922335325554452e-06,1.2239721008809217e-05,0.0004946167815110528,2.4178605521290576e-06,2.020138224469557e-05,1.8696750276890437e-06
37,0.9034049032521957,0.00044987901000182416,0.0004536262848623624,0.004253758514765686,0.0012581184803553002,5.697495643808771e-05,0.00024916562375492063,0.011794404330295877,9.022691951292887e-05,2.2251501304278617e-05,0.052293972267757505,0.0021005082177293338,0.0027302507962032826,2.965165513115741e-05,0.00033380264171127013,0.0007587330333338118,0.005101050537320258,0.010286353470984371,0.0003110411160123008,6.428956661949199e-06,3.4142120141885236e-05,0.00392554382844332,1.096840669200046e-05,2.9358247083567584e-05,1.488583130682937e-05
38,0.9814415399668188,1.4495059192079092e-05,0.0003362639598638506,0.0003434357823556657,0.0001711246775733679,4.206217913905995e-06,0.00011757163495824819,0.0006403076413494736,9.460062481991968e-06,8.242636853822299e-07,0.0058560739687976635,0.0004024702555684944,0.0017957550235097868,1.8588081135744971e-06,4.7911246127533575e-06,0.00010894400366373295,0.0007443273746240973,0.007789654136962454,2.1079775197077522e-05,1.1880573325724155e-06,1.5665272183193383e-05,0.00015315564694435348,3.1727714797486754e-06,2.1780254686122772e-05,8.542601315222529e-07
39,0.9795201211102584,2.5149316938478025e-05,0.0003840023629874553,0.0003533821153819994,0.00034875959988460567,2.4898731102801372e-06,7.552586651501967e-05,0.0007372481407493285,1.391251049956129e-05,8.061592758162508e-07,0.009522206767659587,0.000625111321534838,0.0014585540417256548,5.114105988188658e-06,4.293068399826164e-06,5.438893998342231e-05,0.0006993182402475787,0.005923780550745566,1.0640320692118085e-05,1.1302346539862104e-06,1.4597557758119971e-05,0.00019029471129426622,2.637767879705285e-06,2.5145635181376155e-05,1.3896806550237172e-06
40,0.9849203263832339,2.0345417949155583e-05,0.00033599200657884393,0.0001715943940280229,0.0003195389853581579,1.4892809933966338e-06,4.6505996465394474e-05,0.00035347911185249316,1.140333795029925e-05,4.084862574677048e-07,0.009184515413280575,0.0006206915357105659,0.001084929587727966,4.557611410304213e-06,3.71313858482824e-06,2.2389613214985326e-05,0.0004647908464886451,0.0022288263089674065,4.08951586268567e-06,6.620876249140809e-07,8.13616708056134e-06,0.00017116123011756218,1.3026642899758501e-06,1.7692091366381206e-05,1.4587876056023943e-06
41,0.9702274466250512,3.845764296212333e-05,0.0006336108705634196,0.00014267017845938682,0.00018635367176148297,8.211133676948488e-07,0.00011522193101644266,0.0007262408988484193,7.564979047134125e-06,7.154309789170375e-07,0.009835113188745786,0.0006866051869608208,0.0029177169192720824,1.0711607876052382e-05,1.2653994959621023e-06,7.070892744434187e-05,0.0014005604596147672,0.012683102289494784,1.4996961924133471e-05,1.4743760424133238e-06,7.149640722026889e-05,0.00018776556781131086,2.7354388454797814e-06,3.514954440756905e-05,1.4943827880203996e-06
42,0.9768490359312134,4.6395800292629176e-05,0.000253000282817913,0.0005270960885167527,0.00027353938761713197,4.601841980246723e-06,9.78934398338815e-05,0.0013138328738193862,1.7351478016541792e-05,1.3227710396657083e-06,0.011478830804514159,0.0008190026054688539,0.0022778376410394624,3.967553362258084e-06,1.3278176735148388e-05,0.00012230288056059308,0.0009638096078463854,0.004209280112329907,3.0033341627041823e-05,1.3722246470965886e-06,1.1057468248890036e-05,0.000659965924279734,1.8799588070401398e-06,2.1346022967426638e-05,1.9657824183384365e-06
43,0.9710189876280897,4.247936534419225e-05,0.0006286176615292485,0.0008144625980431398,0.0005431636891275955,1.1695821926870266e-05,0.00010160093370237,0.0015702679372058255,3.858543354258978e-05,4.421199475104485e-06,0.011330254516495428,0.0005389861009450352,0.0020199187860452713,9.32779848033738e-06,1.4470332320752126e-05,0.00013237406673857234,0.0009626583008042815,0.009708751538745772,2.907314499309382e-05,3.310772568758516e-06,2.1789401483303923e-05,0.00040701788814676937,6.395750134532754e-06,3.8829878666482805e-05,2.5594554452205215e-06
44,0.9791453214182465,2.937513267776322e-05,0.00040242101035332527,0.0004013663554582966,0.00041703931497412514,2.4348909841086833e-06,7.047760524892487e-05,0.0006340762550520543,1.6983496168966214e-05,9.200669152244075e-07,0.00984547138872056,0.0006049148344843133,0.0015180904500838,6.330966815969167e-06,4.8297229056962485e-06,4.799830005925231e-05,0.0006780831797342127,0.005921697057413467,1.0708752894930497e-05,1.2160194643459303e-06,1.4411489164548938e-05,0.0001920453085067564,2.908898777751891e-06,2.933119179644024e-05,1.5468930989331928e-06
45,0.981703244227093,4.6654754233732745e-05,0.0010403957954192402,0.00011746139961258043,0.00019518410595144474,5.500608864740703e-07,1.4316856492373584e-05,0.0002833522449410267,6.692224895657773e-06,1.152316763702857e-06,0.007101607827604729,0.00041713748449230715,0.0009026056344893414,1.9395189903975927e-05,7.589337361286021e-07,2.3528985072275807e-05,0.0012987333080396776,0.006678019374074387,2.711962516378966e-06,8.519965979105808e-07,2.6346625921820527e-05,7.992044706532154e-05,3.2727620779386745e-06,3.426752038864847e-05,1.8379617299417062e-06
46,0.9873716838661344,2.3340344109700177e-05,0.00014906620771180904,0.00030085601670567044,0.00015894771491333445,1.350654448147963e-06,3.8887881536755995e-05,0.00039945193059590366,2.2092191062463354e-06,2.3158167859022247e-07,0.0065185403945817524,0.0006242683716566498,0.0009317159331323978,9.538536034272883e-07,3.3727362455847996e-06,4.557997206117998e-05,0.0015242518438093992,0.0017026293863417678,6.826759860771366e-06,3.0596608343146737e-07,5.190248597616033e-06,0.00017851007286118407,1.2042725152292052e-06,9.970904330589787e-06,6.538673785806323e-07
47,0.5983605169164526,1.2807380069996457e-05,0.003913717510823449,0.007429949690142217,0.02697974802337007,3.422713367549391e-05,0.0002609872713121243,0.0017339263831642289,0.000237607620028524,1.4679088618939235e-05,0.046396028982187455,0.00014680273389256165,0.0009635375774983031,0.00020284801096436184,1.644457654067491e-05,3.167729669752695e-05,0.0012199528997357996,0.3103443016975344,6.0769766950386534e-05,2.1814730308561968e-05,0.0008519875061096754,2.998403537214706e-05,0.0005143659912983681,0.00021832942243219943,2.9877548198184974e-06
48,0.9804877355147593,4.6986210990125626e-05,0.00034332083586797486,0.0005292050729372313,0.0002966476152769762,2.282025388669563e-06,6.504078585804254e-05,0.0008121101402206782,1.155606618473697e-05,1.11449275839203e-06,0.00825632366794928,0.0005650941730859644,0.0015819547458302242,5.635827230263989e-06,4.805224805944419e-06,5.37349683813262e-05,0.0010056122655239927,0.005628003025347117,1.4085385324009945e-05,9.214675835949573e-07,1.3835524024415624e-05,0.00025062317228214943,2.630928304326631e-06,1.953757434339394e-05,1.2032897421022094e-06
49,0.981851109537451,2.1852411243754426e-05,0.0004478860755044896,0.0002968684544945845,0.0003372104717967062,2.6874792239635536e-06,5.81087982832251e-05,0.0005833582149352962,1.4435384295973051e-05,7.622737373582543e-07,0.008606371024537198,0.0006367806998855681,0.0012698990714471053,5.109254608074019e-06,3.1877215518179026e-06,4.253228077734996e-05,0.0005930541914035927,0.005028782789829494,5.826369094162324e-06,1.169261964414404e-06,1.064829790012424e-05,0.0001524694306257218,2.5924284525727178e-06,2.594653351834283e-05,1.35154343809142e-06
50,0.9795192844243602,2.694314451430632e-05,0.0003903873131109794,0.0003851060814870098,0.00042821229083427574,2.3024856487165204e-06,6.409129830510563e-05,0.0005589730518060543,1.5843769442914627e-05,8.082634598986402e-07,0.00991682032071838,0.0005926383086888446,0.0014028790730136395,5.868870664303913e-06,4.565067253029769e-06,4.532043772890496e-05,0.0006793444276359721,0.0057306673548932815,9.492207215418313e-06,1.1765529289464075e-06,1.3571553021447974e-05,0.00017030782595532843,2.99601943093323e-06,3.0889820104623265e-05,1.5100377776887065e-06
51,0.979543935472952,1.8024073975176522e-05,0.0004408658932713798,0.0002932647736792646,0.0004466201461572306,2.6686715002655414e-06,8.164740254944396e-05,0.0005067975055680198,1.7289254845933368e-05,7.409558942730918e-07,0.009619248703733107,0.0005558623890900881,0.0013705493051868814,5.217217485170973e-06,4.170777922516202e-06,5.083473857566304e-05,0.0006673885278901851,0.006162168212193588,9.53507696858883e-06,1.3049082829911083e-06,1.6670739381240286e-05,0.00014408044677107935,3.502154578687486e-06,3.600730505302646e-05,1.6053464940787376e-06
52,0.974928266563268,4.521854718640535e-05,0.0004310657180300458,0.0002644336330729284,0.0010484041186183183,1.5294303829241216e-06,0.0001592535208554926,0.0004063606953637424,1.8297391393625647e-05,2.6991171149718915e-07,0.01574008684221627,0.0017389190594498793,0.0014142070497446821,8.150075038945601e-06,3.846553628873359e-06,3.024204635099254e-05,0.001085323891983413,0.0024135702113167435,6.007018576423354e-06,7.562974877102488e-07,2.3213728809366447e-05,0.0001799612369803799,2.8471661743502053e-06,4.6399515876514765e-05,3.3697764824475023e-06
53,0.9757456294690613,2.1304168659018424e-05,0.0003614135729275149,0.0003252083978909062,0.0005129596737835978,3.3888277674876827e-06,0.00022841493970434832,0.0007500428609498683,2.640122040300279e-05,4.946646888316732e-07,0.011843501538390271,0.0011674705658250685,0.001635015004215693,6.351166447376909e-06,5.667212189998787e-06,6.0156287583021603e-05,0.0005932129054599387,0.0064630583949107645,1.083769643622177e-05,1.3842297755112885e-06,1.7578666935281053e-05,0.00018223142707456501,3.6690540442978527e-06,3.242851029547537e-05,2.1795445804793097e-06
54,0.9731078845760215,0.0001416639744605376,0.0008465132257268947,0.0005099393187926864,0.0006445488519707966,3.7168761797153266e-06,0.00010418575065804386,0.0011588292180742307,6.54095456056943e-05,3.6357686686367513e-06,0.012242742990968452,0.0025301661597980194,0.0023690012304668885,2.9845515174641794e-05,2.163073339167743e-05,0.0002127473266050407,0.0011786342531230891,0.004099375737491951,1.5731354241395632e-05,3.49263019789517e-06,1.374268233618987e-05,0.0006032865739902804,3.324041251094808e-06,7.659043827800763e-05,1.3361226526573454e-05
55,0.9797909141683893,2.5255107757689037e-05,0.0003690055542496597,0.00037843852652239305,0.00043434574040937323,2.29919903315322e-06,7.975456279337149e-05,0.0005479422264595868,1.8208744100585113e-05,7.056997107578284e-07,0.009601085779557046,0.0006872319994898963,0.0015001639430226267,5.652890397132259e-06,4.2811523738626875e-06,4.425734522556294e-05,0.0005735535596262795,0.0057070415386158094,9.654233990169601e-06,1.1020720556184246e-06,1.320525824752319e-05,0.00016905544803125312,2.809267061914524e-06,3.251556407465808e-05,1.5204188047995001e-06
56,0.9798026509804072,2.7959143211994036e-05,0.0003817559557953346,0.0003774131062057109,0.00039028002121541306,2.2317694884608196e-06,6.933992098074201e-05,0.0005997653685298727,1.59664290655219e-05,8.293619742682638e-07,0.009567615152589866,0.0005900006141516643,0.0015551473678429312,5.93762308643704e-06,4.418893732625458e-06,4.372146521322933e-05,0.0006340667831384716,0.005682939154738754,1.0275854957207616e-05,1.1437788340250864e-06,1.4058864942813527e-05,0.0001900182530150789,2.684322887550412e-06,2.835597518059711e-05,1.4238388141814487e-06
57,0.9741765542829611,5.132507151472885e-05,0.0003895275135432161,0.00047454063293859516,0.00038967926165987284,2.2437481336471893e-06,0.0001272301218881434,0.0008394639679037164,1.7943893589141302e-05,1.0785202595907657e-06,0.011417009511690125,0.0009202085464303495,0.003031558506224908,6.335504159959844e-06,6.6839194941780474e-06,9.466864723646304e-05,0.0009055915847072744,0.006701863084698209,3.0529637182700874e-05,1.4646794395261385e-06,2.4767574035701313e-05,0.0003456894294702998,2.41469445155907e-06,3.958770749791458e-05,2.0399588888939534e-06
58,0.9786807766901723,2.9489095088761848e-05,0.0004349105260325223,0.000431050782035321,0.0005259165725319336,2.4835657152990675e-06,7.889780723677841e-05,0.0004991199651809008,2.13339307833953e-05,8.935984631843986e-07,0.009962607445985422,0.0006719763598398638,0.001827357986173039,6.532301217153775e-06,5.077082129559797e-06,5.086862472694776e-05,0.0006430896488314451,0.0058623160592501476,1.1271160738948874e-05,1.5141111507757016e-06,1.5684118657417263e-05,0.00018323495593004286,3.437933985461374e-06,4.833444306596696e-05,1.8252350772037188e-06
59,0.9786974138654172,3.0398539159478913e-05,0.0005287571473889357,0.00040725037446462126,0.0005148079452083095,2.5842509997675247e-06,7.229349126860572e-05,0.0005376216232017744,2.1013164317774174e-05,1.085208330641882e-06,0.009526506437595303,0.0006153574552198165,0.001707139667897218,7.447266281346015e-06,4.601504661243127e-06,5.405232468209335e-05,0.0007065523422256212,0.006311417503424369,1.02714783468971e-05,1.6304622765883743e-06,1.7344341230279078e-05,0.0001712466260664709,3.721856212846643e-06,4.758637361821068e-05,1.8987505047033412e-06
60,0.9791453214182465,2.937513267776322e-05,0.00040242101035332527,0.0004013663554582966,0.00041703931497412514,2.4348909841086833e-06,7.047760524892487e-05,0.0006340762550520543,1.6983496168966214e-05,9.200669152244075e-07,0.00984547138872056,0.0006049148344843133,0.0015180904500838,6.330966815969167e-06,4.8297229056962485e-06,4.799830005925231e-05,0.0006780831797342127,0.005921697057413467,1.0708752894930497e-05,1.2160194643459303e-06,1.4411489164548938e-05,0.0001920453085067564,2.908898777751891e-06,2.933119179644024e-05,1.5468930989331928e-06
61,0.9800294814387899,2.5559282235276085e-05,0.0005175726836285382,0.0003566056331191394,0.0004759114621365485,2.3567462077396493e-06,6.51703425603753e-05,0.0004926226791541782,2.0200583581417297e-05,9.63324035116773e-07,0.008950769000179578,0.0005682060207221766,0.0015329097911099452,6.9144435510523995e-06,3.824763749897061e-06,4.542323388257782e-05,0.0006050245253534345,0.0060755826285936515,8.652537225908712e-06,1.4205161654057846e-06,1.5855098474176038e-05,0.00014919078727750794,3.438933370476349e-06,4.463898193300736e-05,1.7045629629433426e-06
62,0.9791453214182465,2.937513267776322e-05,0.00040242101035332527,0.0004013663554582966,0.00041703931497412514,2.4348909841086833e-06,7.047760524892487e-05,0.0006340762550520543,1.6983496168966214e-05,9.200669152244075e-07,0.00984547138872056,0.0006049148344843133,0.0015180904500838,6.330966815969167e-06,4.8297229056962485e-06,4.799830005925231e-05,0.0006780831797342127,0.005921697057413467,1.0708752894930497e-05,1.2160194643459303e-06,1.4411489164548938e-05,0.0001920453085067564,2.908898777751891e-06,2.933119179644024e-05,1.5468930989331928e-06
63,0.9786357989645762,3.872793583709794e-05,0.00040695792568747974,0.00044793419153750736,0.0004235239296911053,2.416185138428988e-06,7.074067302465255e-05,0.0006772737259195987,1.7682040891637537e-05,1.0606515261332808e-06,0.010045801589346828,0.0006669396332522604,0.0016532240585358116,7.070174628111533e-06,5.399044143473287e-06,5.349521656676137e-05,0.0007685439353026187,0.005788287534331371,1.2278989684315377e-05,1.2638138389235917e-06,1.4949567907912225e-05,0.00022447829690143837,2.928965203443127e-06,3.148952207939075e-05,1.7334344474927408e-06
64,0.9777897791286498,2.8121514101751632e-05,0.00047100319092009446,0.0003397341319634121,0.0004329562428258469,2.016881523327207e-06,7.844733533938295e-05,0.0006029890474285841,1.462710486923945e-05,8.297004583003901e-07,0.010261205319142664,0.0005754290993147108,0.0016574407561413787,6.967736024010783e-06,3.7681897204406204e-06,4.550486368946833e-05,0.0007755560883332844,0.006671120298267467,1.1201453897608272e-05,1.2535017502273792e-06,2.2297533086750314e-05,0.00017123349824145858,3.159037169671788e-06,3.1852470370366625e-05,1.5058767707071629e-06
65,0.9786881149354517,1.760183074764455e-05,0.0002454348606399159,0.000454759019893176,0.00038316706538402443,3.151786656671808e-06,8.170204829535019e-05,0.0005900951180616911,1.011563214524948e-05,5.426204511019975e-07,0.010730033279173693,0.0004840822322253146,0.001179936800028025,2.761051296387313e-06,5.180115615131616e-06,4.2212213475785594e-05,0.0007206524177352524,0.006155817109303241,1.4071600618695835e-05,7.788789765245148e-07,1.3266174518724938e-05,0.00015305462684501235,3.1705004320573177e-06,1.9378246352714493e-05,9.198356767783626e-07
66,0.9833620915372441,1.4105253235434736e-05,0.00043641837407906774,0.00017452973703449367,0.00021943940986160772,9.888709884163838e-07,5.264260233487393e-05,0.0005935304232253883,8.073194534801349e-06,5.01410732707919e-07,0.007220639513351503,0.0004199682238625896,0.0017114694160027468,3.827571486266667e-06,1.7054971181485094e-06,3.23655435629364e-05,0.00035231825720955445,0.005243799698579487,4.63740179204276e-06,1.0390158297653288e-06,1.0173316465552456e-05,0.00011949305569084597,9.723933263859365e-07,1.4585778039921635e-05,6.84504411148768e-07
67,0.9564619191459842,1.2033519884234744e-05,0.0019896450891424117,0.0004507691434655959,0.00035239843849500086,1.929317133094233e-06,3.561953824097063e-05,0.0004170979735519765,4.889454832307829e-06,1.7818839086466676e-06,0.005185143708697077,0.00014519763162575697,0.0016894217725611808,7.4913642058576205e-06,9.954612716170636e-07,6.784619846313078e-05,0.00172420099535955,0.03127797092736547,5.808100319450691e-06,5.1419507775999735e-06,5.830210832957919e-05,2.5889582201670895e-05,1.8380796701502717e-05,5.949715791048983e-05,6.287395714414829e-07
68,0.9703730077893226,3.790417757440512e-05,0.002431027075212123,0.0007361839449313257,0.0019271081390960809,6.5404498188256345e-06,0.00011126891050747908,0.00036724430788580514,0.000164136425205714,3.7717330230912973e-06,0.00942759293940842,0.0013140417465921342,0.002021860117558867,5.139029315891643e-05,6.738331025173674e-06,6.787894369577588e-05,0.0005852407400600195,0.009935973349978512,4.5442381775620635e-06,7.3848190865121746e-06,2.0348151560420368e-05,0.00010265541513996047,1.6867814367739947e-05,0.000270234192725284,9.055954887174976e-06
69,0.9805258842634567,3.116506494216765e-05,0.0003194614350120498,0.00042218608418801676,0.00041374894962034094,2.335925521669689e-06,6.545545668204861e-05,0.000560948462794924,1.59950803599919e-05,7.867138163406373e-07,0.009953648252804145,0.0006101894237035971,0.0014437194148352803,5.232386089911009e-06,5.507855042637686e-06,4.2940616072056026e-05,0.0006645835079409781,0.004651618131366709,1.0829011558697165e-05,9.745661771393744e-07,1.1368943355942848e-05,0.00021097846894761632,2.4841275256378754e-06,2.648882564604904e-05,1.4690325394514876e-06
70,0.979348416533671,2.727915454926863e-05,0.00039211324764065676,0.00043851013178988584,0.0004931690096376648,2.5434553970799986e-06,7.246919115256326e-05,0.0005957194002998313,1.88493580181624e-05,8.329066590290753e-07,0.010114656413817579,0.0005922721282030361,0.0014379601576818505,6.411077098489897e-06,4.9198980012551195e-06,3.872179010903934e-05,0.0006032383885548515,0.005575636870444803,9.40623682271091e-06,1.175154193170632e-06,1.3272562917427247e-05,0.00017897634019882242,3.049499259957078e-06,2.8921539762305066e-05,1.4795541196493932e-06
71,0.9122287003285796,0.00012518412717771275,0.002864061825379854,0.0008498536384740691,0.004774373533129339,5.341126946074818e-06,0.0005032925804547895,0.0022058781903027094,0.00024114327659446994,6.778745769876834e-06,0.020998417314246114,0.0020385523946331247,0.004639790622769236,0.00017166878296255166,7.008448512974683e-06,0.0002073444191013297,0.001514541742679425,0.04574284097074523,2.4336855968727097e-05,2.06610595201594e-05,0.00019413420628978603,0.00029488002269716513,2.2676875802114788e-05,0.0003058218258470794,1.2717085416720835e-05
