,0,1,2,3,4,5,6,7,8,9,10,11,12,13,14,15,16,17,18,19,20,21,22,23,24
0,0.8703809115713356,1.9158503737322112e-11,0.0002487457015477247,8.36983732956774e-05,4.7361403550814506e-05,5.298031800047989e-08,0.0021190125529293954,8.196555659276144e-06,3.5479529020853633e-09,1.6996943291613848e-05,1.8586584699894443e-05,3.922148204327596e-05,0.007486184945552727,0.08191914563713486,1.2853379749930253e-08,0.024016397758796562,0.003170096415164874,0.002797617338324578,7.245062821728391e-05,0.0001024554055777746,4.0473988631832084e-05,4.7339834413995915e-09,5.691468076597823e-05,0.007375408474161137,4.942452684027474e-08
1,0.8972604347785443,1.5826253673135973e-11,0.0002845207738316248,8.735007753355165e-05,4.7375638695075336e-05,4.6677150108121966e-08,0.0017712319451625433,9.282674856848101e-06,3.976957267777035e-09,1.77307668896333e-05,1.6751974088596963e-05,3.050883161980538e-05,0.008582940509127416,0.05444073228963754,9.522990352023303e-09,0.026513172210376197,0.002705913909626709,0.00215967207633264,7.768254999804665e-05,9.836245189031772e-05,3.188978938900031e-05,3.979251819316058e-09,4.154633255540768e-05,0.005822803137261728,3.3110407224771857e-08
2,0.8795424249704404,1.7283925116823133e-11,0.00024385847408089356,8.749438964423768e-05,4.6755206605200994e-05,4.397007068795088e-08,0.0017920148243477665,9.592031888887295e-06,3.826907911540815e-09,1.8827212831682086e-05,2.1734716182161822e-05,3.477285753303078e-05,0.008233541213186884,0.07652665570291266,1.3380189544687232e-08,0.021441594655840487,0.0028164023382092214,0.002725290977929658,6.581591754835215e-05,0.0001221434580550986,3.394872813719191e-05,3.905381535305476e-09,5.398549255968334e-05,0.006183036513370418,4.52188624833049e-08
3,0.8793007238748919,1.6645315615851604e-11,0.00023693501279283127,9.043579981042503e-05,4.377622795344853e-05,4.878952021529782e-08,0.0020310552263787056,8.894619408934864e-06,3.5181303826032914e-09,1.7220756819551464e-05,1.8182086504535787e-05,3.616441676129564e-05,0.008104005184547862,0.07261423318177958,1.1381350463480676e-08,0.02467542985390044,0.003015060707260817,0.002721561270722499,6.793391171928109e-05,0.00010643052670521197,3.564612414490114e-05,4.309071590631974e-09,5.228365855859743e-05,0.006823916986745121,4.255787599207704e-08
4,0.8786045393171056,1.5845151790261145e-11,0.00022422822769114164,8.570016126614751e-05,4.2997844061430106e-05,4.7909504356459923e-08,0.001983322551058686,8.74240141348584e-06,3.350327903541565e-09,1.719590633324816e-05,1.7191968561432746e-05,3.405197793865e-05,0.008610207463058734,0.07297428256779094,1.080396797282462e-08,0.02422794517716339,0.003013056208731889,0.002793180659901569,7.010731331260295e-05,0.0001074107509739673,3.315729147437105e-05,3.990470643885187e-09,5.1196697772619736e-05,0.007101378330797973,4.1113475981498536e-08
5,0.8739716548888669,1.853471132301367e-11,0.00021071944454298996,0.00011235123515353308,4.404236973391772e-05,5.5594097247094125e-08,0.0020208331017989006,9.358375338155846e-06,3.688623895060824e-09,1.785274881064093e-05,2.0534752298379903e-05,3.6699129086953185e-05,0.008396117149239319,0.07563433256562373,1.2415564989978509e-08,0.025994236303258835,0.0030610982188696294,0.003481596381657442,6.779932489755765e-05,0.00012228431830819947,3.630685742457489e-05,4.667184306623193e-09,5.867547434328926e-05,0.0067033863593393625,4.46174025438318e-08
6,0.8793007238748919,1.6645315615851604e-11,0.00023693501279283127,9.043579981042503e-05,4.377622795344853e-05,4.878952021529782e-08,0.0020310552263787056,8.894619408934864e-06,3.5181303826032914e-09,1.7220756819551464e-05,1.8182086504535787e-05,3.616441676129564e-05,0.008104005184547862,0.07261423318177958,1.1381350463480676e-08,0.02467542985390044,0.003015060707260817,0.002721561270722499,6.793391171928109e-05,0.00010643052670521197,3.564612414490114e-05,4.309071590631974e-09,5.228365855859743e-05,0.006823916986745121,4.255787599207704e-08
7,0.8815830745198996,1.6261323400022255e-11,0.00023595215761314185,8.910656207138009e-05,4.330397438255859e-05,4.74089407402092e-08,0.00200862506483592,8.89325104254613e-06,3.4860791115453876e-09,1.7243568442619846e-05,1.7976384970528798e-05,3.530505428270703e-05,0.008120903866731513,0.07101775741531184,1.1110558004740417e-08,0.024197267299250008,0.002980683358643227,0.0026473290122748902,6.745189561977725e-05,0.00010510217786616008,3.449020033849642e-05,4.226494391295323e-09,5.082950408491318e-05,0.006738596730445107,4.1753559786192225e-08
8,0.8928659371831237,1.2861010686752005e-11,0.0002867129989262255,6.51229479377752e-05,3.501358903848768e-05,3.15216088176948e-08,0.0017755742452874959,6.9513577729461915e-06,2.8301021444653054e-09,2.0935566353059853e-05,1.4905097641956676e-05,3.263102094891632e-05,0.006502838184121366,0.07119153509017781,9.39817963384225e-09,0.015256099805904496,0.002898354347062698,0.0012704278207788257,5.147073750972225e-05,8.434279012170729e-05,3.1760095274770035e-05,3.4860540329202432e-09,4.923998768174295e-05,0.00756004786376036,5.2021770283613174e-08
9,0.8687757558283757,1.7554583329467705e-11,0.0002457500815238526,0.00010201703575506691,5.156000922584593e-05,6.660016511060829e-08,0.002446602882741629,1.0016898789977889e-05,3.997915029333039e-09,1.5523407525068345e-05,1.812523623494903e-05,3.9499569920000145e-05,0.00986105380502851,0.06715284540407802,1.094664492823205e-08,0.036982084085371694,0.003361021792526082,0.003815178031152768,8.636690255866927e-05,0.00011630080987550773,4.0715430992517214e-05,5.01250597237542e-09,5.039639426174442e-05,0.006829064817339439,3.500193734456095e-08
10,0.8793007238748919,1.6645315615851604e-11,0.00023693501279283127,9.043579981042503e-05,4.377622795344853e-05,4.878952021529782e-08,0.0020310552263787056,8.894619408934864e-06,3.5181303826032914e-09,1.7220756819551464e-05,1.8182086504535787e-05,3.616441676129564e-05,0.008104005184547862,0.07261423318177958,1.1381350463480676e-08,0.02467542985390044,0.003015060707260817,0.002721561270722499,6.793391171928109e-05,0.00010643052670521197,3.564612414490114e-05,4.309071590631974e-09,5.228365855859743e-05,0.006823916986745121,4.255787599207704e-08
11,0.8831937542257808,1.551518867267048e-11,0.00022823669718632396,8.690589833788366e-05,4.2070809255073606e-05,4.7654151108175256e-08,0.0020026693368317603,9.343587686339285e-06,3.442036621361687e-09,1.7876043599129684e-05,1.7153015802270313e-05,3.479340420822629e-05,0.008949177835768029,0.06789971544743845,1.053602645668417e-08,0.024508361846161963,0.00302692161195617,0.002707948472369422,6.941363478409879e-05,0.00010739148130608693,3.216957023854413e-05,4.14964910795032e-09,4.860615940986449e-05,0.007017385722499572,3.9402001521078445e-08
12,0.9276580790459908,1.1461407992151215e-11,0.000273550289149603,7.012771050261093e-05,2.7128765298637655e-05,2.6475671356316975e-08,0.0015812486412849682,1.3179596905788478e-05,3.250717479589463e-09,1.6817137461768827e-05,1.418797510769674e-05,2.8627545787516702e-05,0.008225629315133022,0.03452435464342853,7.91227607069117e-09,0.019244833919597186,0.0022731536595285103,0.0012256831582304689,5.7276909987238853e-05,6.316300382929588e-05,2.1003511794643736e-05,3.981641928186611e-09,2.2844656683019062e-05,0.004659045285474045,2.359705632327677e-08
13,0.8631953903997375,1.3915456929113985e-11,0.00024387906443717975,9.117146710580516e-05,3.8592071987680125e-05,2.8950982471713088e-08,0.0015438199422321236,1.0052733396210989e-05,3.515537485621249e-09,1.8943122330570903e-05,3.5298338294891056e-05,4.412533274377189e-05,0.007031045434071835,0.09965426402577995,1.810078931755777e-08,0.018273441017391017,0.0024446584162664572,0.0026820283711564015,4.441393919400067e-05,0.0001329331281245059,3.453475033686844e-05,3.4717945454845532e-09,5.821077845462405e-05,0.004423097079606014,4.653433318933252e-08
14,0.867253599666379,2.37998262562892e-11,0.00025289582832582606,0.00011268270800591713,5.683308408153973e-05,6.243844791400404e-08,0.0018613702333024108,9.725031336262343e-06,4.168084351004323e-09,1.8613492177229988e-05,2.3413272428148655e-05,3.3470156856257275e-05,0.00993609794220323,0.07672157466179813,1.4312760475179515e-08,0.029641656360211575,0.0030065213229593757,0.004153338443839202,9.561549670632743e-05,0.00014020673731624057,3.718755501286246e-05,4.699455223265588e-09,5.880414038203484e-05,0.006586266338625959,4.188550434801096e-08
15,0.8793007238748919,1.6645315615851604e-11,0.00023693501279283127,9.043579981042503e-05,4.377622795344853e-05,4.878952021529782e-08,0.0020310552263787056,8.894619408934864e-06,3.5181303826032914e-09,1.7220756819551464e-05,1.8182086504535787e-05,3.616441676129564e-05,0.008104005184547862,0.07261423318177958,1.1381350463480676e-08,0.02467542985390044,0.003015060707260817,0.002721561270722499,6.793391171928109e-05,0.00010643052670521197,3.564612414490114e-05,4.309071590631974e-09,5.228365855859743e-05,0.006823916986745121,4.255787599207704e-08
16,0.9059984772255723,1.7772591618116826e-11,0.00023333773842263374,7.902205410137541e-05,4.1508054138252336e-05,4.0428477739270074e-08,0.0017816175191718892,8.696724336343534e-06,3.8088777579306614e-09,1.701776328989451e-05,1.5425717587424474e-05,2.7424902067378264e-05,0.007257034497661856,0.05514494989624293,9.659546739983508e-09,0.018683480902866968,0.0025668044899539036,0.0018052842696398288,6.683449485706062e-05,8.159271192604631e-05,2.5739770552693526e-05,4.08205385949985e-09,4.158091357206673e-05,0.0061240699434246685,4.2413885870590904e-08
17,0.8803652024212941,1.4627515829517006e-11,0.00021071759842094246,9.468062110419281e-05,3.975658299072596e-05,4.3518643847224644e-08,0.0021988355679265527,8.613466916728118e-06,3.3738891807620847e-09,1.610910779151316e-05,1.824350724679428e-05,3.796103529324182e-05,0.007335947992214018,0.07456419266402346,1.0551760594013087e-08,0.02304574759221003,0.00299077736309428,0.002553470589298354,5.620999169227491e-05,9.994546564283093e-05,3.301673323403165e-05,4.381193314899491e-09,5.058986111375408e-05,0.00627987586001914,4.413835828049993e-08
18,0.8825297714765648,1.495516636754439e-11,0.00015726798007953562,6.94922634864633e-05,4.137398145092781e-05,3.980915866174547e-08,0.002105032039632791,6.365219271739692e-06,3.044309744731374e-09,1.5709054739619743e-05,1.6160968364506377e-05,2.882827608317392e-05,0.006573496104415755,0.07898820403885758,9.62779538906651e-09,0.015112948365305882,0.003826917249650829,0.002826568140053589,5.841578382586272e-05,9.986975744065554e-05,2.901280923042633e-05,4.182632749494887e-09,5.793717210150686e-05,0.007456513533838551,5.910675415724529e-08
19,0.8994858448961178,1.3613804954913942e-11,0.0002794124102145135,8.513295322946547e-05,4.207244961763872e-05,4.936199320403023e-08,0.0025653909572840635,1.0456018727952748e-05,3.79919118024635e-09,2.1816970862981398e-05,1.4692240800840757e-05,3.9519266648327596e-05,0.00935279896977292,0.05158436867477587,8.291914688068052e-09,0.023698739967728834,0.003310895957814609,0.0017831415504716121,6.264897849890579e-05,9.670564288672171e-05,3.08098799780659e-05,5.049170396795732e-09,4.01518141108816e-05,0.0074952928903250495,4.0994249642356766e-08
20,0.8593546510872703,3.093821260749538e-11,0.0002771382495454314,0.0001330509854027703,4.563892960288559e-05,7.386018068449198e-08,0.002128315485512723,1.402107792484271e-05,4.753692148561062e-09,2.0991588597447372e-05,2.704838863401572e-05,5.824159997759607e-05,0.008867059001243566,0.08338754170933546,2.2095622684021384e-08,0.030450385335351878,0.0034200513952544814,0.004108379303760466,7.895786954462264e-05,0.00013503517504881318,5.544243882043012e-05,7.838852636757985e-09,6.843884391174409e-05,0.0073694479103445,5.5045629661363245e-08
21,0.8880256875688769,1.6828083726997686e-11,0.00026671339839341507,7.629729535491929e-05,4.7282714097431556e-05,5.254998732801636e-08,0.002274348815913638,9.301389938192387e-06,3.5953350496965415e-09,1.893331948803458e-05,1.494165843640891e-05,3.3689719063863515e-05,0.009200238257850114,0.06156579878547848,9.954317304366226e-09,0.023884650254012856,0.003524834278655262,0.002394838949143925,7.680260590758952e-05,0.00010293687531311057,3.600036065230326e-05,4.518098812297991e-09,4.9399971173654414e-05,0.008397189864491991,4.3283191354766054e-08
22,0.8536588545176826,2.2810701318026296e-11,0.0001841957713042908,4.941793189351574e-05,4.517782300842249e-05,6.434355632471514e-08,0.0020346781617516345,8.565735525388005e-06,2.9677126155944414e-09,1.2980703316405977e-05,8.476030262695536e-06,3.0742621643991225e-05,0.009353322376098644,0.0946268614054247,1.1277286164343085e-08,0.0230586758270214,0.0020563712976108023,0.0022897676271026257,0.00010748857964360664,7.441591404144126e-05,2.3313336864186423e-05,2.9988677167355894e-09,4.2563458960749646e-05,0.01233400509300061,4.4177608749252544e-08
23,0.8793007238748919,1.6645315615851604e-11,0.00023693501279283127,9.043579981042503e-05,4.377622795344853e-05,4.878952021529782e-08,0.0020310552263787056,8.894619408934864e-06,3.5181303826032914e-09,1.7220756819551464e-05,1.8182086504535787e-05,3.616441676129564e-05,0.008104005184547862,0.07261423318177958,1.1381350463480676e-08,0.02467542985390044,0.003015060707260817,0.002721561270722499,6.793391171928109e-05,0.00010643052670521197,3.564612414490114e-05,4.309071590631974e-09,5.228365855859743e-05,0.006823916986745121,4.255787599207704e-08
24,0.8686014333828909,1.883583456884265e-11,0.00020075523471765528,0.00012811625711779128,4.5944868025100046e-05,5.34692225459517e-08,0.0019391192424943326,9.054347378289276e-06,3.7221249260180797e-09,1.8613539814494763e-05,2.305883243475602e-05,3.7807851326015e-05,0.008173006463784929,0.08291848858547497,1.270047641950487e-08,0.025339820201469323,0.002744785168800541,0.0035788911451552054,6.53039400380737e-05,0.00012758893021533405,3.220918549792606e-05,4.689445342386616e-09,5.6635147749677736e-05,0.0059592467797789095,4.6295730923803864e-08
25,0.8589899121481464,3.013510111011822e-11,0.00029865289048162133,8.382994333287765e-05,5.99657051280663e-05,9.283448673946052e-08,0.0020699404555092797,6.728650971217542e-06,4.058478539174633e-09,1.5490076840596212e-05,1.3140399715975882e-05,3.7606585067104165e-05,0.00770625688589582,0.0800136573194819,1.2597939844264281e-08,0.033398670848566216,0.003576557393239126,0.003126190587303745,0.00012166569353118349,9.216240987304882e-05,5.856480803616372e-05,5.574994372562417e-09,7.101545257869457e-05,0.010259822883255141,5.37670112529594e-08
26,0.8875200524813011,1.5658914076372633e-11,0.00022290439879674284,8.35373171034187e-05,4.289805310309958e-05,4.646629825003931e-08,0.0019649730588506193,8.384251225865408e-06,3.4525298547860536e-09,1.6747860019553894e-05,1.663729385936831e-05,3.237082660359468e-05,0.008003004088582618,0.06668228671375385,1.0174308269151235e-08,0.022783790151754083,0.0030151929814351847,0.002568842771934742,6.711932921296519e-05,0.00010096415697397347,3.268138896752823e-05,4.034103453055116e-09,5.019952151562713e-05,0.006787307918203555,4.1293903955997196e-08
27,0.8844450052149483,2.082317144280889e-11,0.0002122959373078482,0.00010351368447328892,4.391414304192585e-05,5.1345274636035136e-08,0.0019736248951881985,1.0090654410045572e-05,4.19226410936572e-09,1.7263990874388448e-05,2.037518355069491e-05,3.5923594928328594e-05,0.007717443976732561,0.07045293860292974,1.3007890660100485e-08,0.02319477954193785,0.002695107965800457,0.002795077675191063,6.845484596074582e-05,0.00010260947798816007,3.058143539919461e-05,4.94781780215892e-09,4.995545308388428e-05,0.006030923263339181,4.694884366335703e-08
28,0.8793007238748919,1.6645315615851604e-11,0.00023693501279283127,9.043579981042503e-05,4.377622795344853e-05,4.878952021529782e-08,0.0020310552263787056,8.894619408934864e-06,3.5181303826032914e-09,1.7220756819551464e-05,1.8182086504535787e-05,3.616441676129564e-05,0.008104005184547862,0.07261423318177958,1.1381350463480676e-08,0.02467542985390044,0.003015060707260817,0.002721561270722499,6.793391171928109e-05,0.00010643052670521197,3.564612414490114e-05,4.309071590631974e-09,5.228365855859743e-05,0.006823916986745121,4.255787599207704e-08
29,0.8793007238748919,1.6645315615851604e-11,0.00023693501279283127,9.043579981042503e-05,4.377622795344853e-05,4.878952021529782e-08,0.0020310552263787056,8.894619408934864e-06,3.5181303826032914e-09,1.7220756819551464e-05,1.8182086504535787e-05,3.616441676129564e-05,0.008104005184547862,0.07261423318177958,1.1381350463480676e-08,0.02467542985390044,0.003015060707260817,0.002721561270722499,6.793391171928109e-05,0.00010643052670521197,3.564612414490114e-05,4.309071590631974e-09,5.228365855859743e-05,0.006823916986745121,4.255787599207704e-08
30,0.8793007238748919,1.6645315615851604e-11,0.00023693501279283127,9.043579981042503e-05,4.377622795344853e-05,4.878952021529782e-08,0.0020310552263787056,8.894619408934864e-06,3.5181303826032914e-09,1.7220756819551464e-05,1.8182086504535787e-05,3.616441676129564e-05,0.008104005184547862,0.07261423318177958,1.1381350463480676e-08,0.02467542985390044,0.003015060707260817,0.002721561270722499,6.793391171928109e-05,0.00010643052670521197,3.564612414490114e-05,4.309071590631974e-09,5.228365855859743e-05,0.006823916986745121,4.255787599207704e-08
31,0.3770677822294724,3.9066787750048076e-11,8.560856179716886e-05,0.00034596865009949723,0.00013767901981775264,3.987602649282645e-07,0.008342199850099605,1.1422070079252937e-06,5.6076431448614424e-09,3.123446442482906e-05,4.296996521583657e-05,0.00010789125728722613,0.0020922677172392034,0.554953578638849,2.2606170113275194e-08,0.033813895543758306,0.0033609190583360265,0.007941469439212144,3.739436535963107e-05,0.00021463167095378815,7.846698284318343e-05,1.2461462685034238e-08,0.0004270080781482745,0.010917020321127185,4.325043434365217e-07
32,0.8819785936841321,1.798364584466032e-11,0.00023642779919850167,8.683466726659701e-05,4.453867779108446e-05,4.952521497184458e-08,0.0018871620931994076,8.683322495459648e-06,3.543433218868717e-09,1.674018919857251e-05,1.748100016965653e-05,3.3756326058987956e-05,0.008209957337198814,0.0702594242569291,1.1320074096126787e-08,0.024392323402019966,0.0029676418945879567,0.0027685055402406717,7.538630664332469e-05,0.00010172544445360554,3.441684391581021e-05,4.300491743869697e-09,5.072940974182709e-05,0.006829561546986545,4.155057417005349e-08
33,0.873067323300697,1.5255421925904584e-11,0.00020176607539911738,8.76287265468692e-05,3.931337787482806e-05,5.4818770158895396e-08,0.00215040047167845,8.568594466578868e-06,2.8204862222587322e-09,1.5914204154128648e-05,1.3094374506434963e-05,3.3420416601468257e-05,0.010121962743784898,0.06824649393143534,8.570933673483734e-09,0.030127249495482362,0.0034017677723404216,0.003359129859399832,8.424910288425206e-05,0.00010023505655426128,3.144653521603566e-05,4.340174366054995e-09,4.681158852410735e-05,0.00886311954696254,3.4259871228029666e-08
34,0.7971480776100304,3.323527940880085e-11,0.00033354257970373146,0.0001763109762716851,6.088297446582497e-05,1.4107944071224208e-07,0.0040561979225358065,1.3989741187611548e-05,5.139345628330197e-09,2.754159810426665e-05,2.513625865729496e-05,9.027519730888117e-05,0.011570652405435474,0.11261654783439334,2.145191320405261e-08,0.0497205144443289,0.005063994093868218,0.005470981793192168,8.64636927554451e-05,0.00020130654503527925,8.510169462950359e-05,1.066715242546306e-08,0.00010329816990664827,0.01314892767653585,7.842056632371812e-08
35,0.9501884222840719,1.2078945587431547e-11,0.0001272683723569935,6.597254699768858e-05,2.6679131230398743e-05,2.12253536315933e-08,0.001125156193599269,1.090341127994028e-05,4.097204187977963e-09,1.0273305646762169e-05,1.2113805429467146e-05,1.5199114538450125e-05,0.00610611343464483,0.023542320231888784,5.701803920157353e-09,0.013105735719506564,0.0015993092803244556,0.0013162908120866908,5.197402884323592e-05,4.3245081531965075e-05,9.894596915695158e-06,3.225214846235678e-09,1.674932199945081e-05,0.0026263249866231406,2.0078828793879217e-08
36,0.8668796630365327,1.0628964672810568e-11,0.00017751457318410387,8.435874286803963e-05,3.099478148791272e-05,3.9216278560236586e-08,0.0027556008195993597,1.1530644212058772e-05,2.974293392855022e-09,1.5477492492071665e-05,1.8719804427392487e-05,5.754949738370116e-05,0.009099892951730389,0.08009824135055872,1.0541994179153503e-08,0.026726830433885223,0.0036764621190605025,0.003278278708405093,4.89326720399069e-05,0.00010348681268767843,3.1612705299579775e-05,5.266665842792663e-09,4.372144188940343e-05,0.0068610350784744645,3.8323920718661075e-08
37,0.7220736483318239,2.691419859686748e-09,0.007823157121364084,0.001884888536164082,0.00044205353745836273,1.7450783712128465e-06,0.0013615896206870114,0.01703007198297627,5.309882439995415e-06,0.0011063311854712084,0.0008438172884956594,0.00039018545404590177,0.10585853588491896,0.0011959161464673628,8.574658454369824e-07,0.1306587602981822,0.0030207954585365036,0.003599970327080994,0.0009216050491263678,0.0008651897274705681,5.873770326446056e-05,6.539717671081207e-07,2.097905220686255e-05,0.0008351376760840272,6.052833167067637e-08
38,0.8401013399063666,1.894231978691941e-11,0.00024912841559904296,9.16370812894265e-05,4.92198145834224e-05,7.952370452489945e-08,0.0025299457254013046,8.709721068590644e-06,3.3672888507038326e-09,1.61262763934733e-05,1.8009641044631684e-05,4.90058692662805e-05,0.009761071788256637,0.0901692396486421,1.3701813713142116e-08,0.03970432346256951,0.0036028318611782454,0.004400913151301637,9.264983822620902e-05,0.00011818300298920749,5.4533350652035336e-05,5.190334454868928e-09,6.424869809105617e-05,0.008918740528828626,4.041616823172895e-08
39,0.8647804742007359,2.1384792583390222e-11,0.00033649936842270237,0.00010824914164103629,4.9009203645936355e-05,7.353632204164361e-08,0.0023063981194177594,1.149575910712461e-05,4.1539459206727776e-09,1.8513621890395687e-05,1.7804124437954147e-05,4.8776914044584754e-05,0.00986948173859443,0.06908293307921635,1.3401322793674147e-08,0.03749384320413445,0.0037826173914308416,0.0033054347672183443,8.748123448004001e-05,0.00012422693003029842,5.929133974150731e-05,5.893115499275002e-09,6.193482487115611e-05,0.008455396085432996,4.194541519556874e-08
40,0.8753023094718082,1.628073357642188e-11,0.0002464833531198591,7.173381604194651e-05,4.714666331181045e-05,3.9257579662310316e-08,0.0018526026120607173,7.169581669335478e-06,3.253360580453407e-09,1.5528931708255182e-05,1.8353286657243202e-05,3.329695514489815e-05,0.006823521149088569,0.08391908765661102,1.1619121297520078e-08,0.020052892802999347,0.002772053122604742,0.002318309655318331,6.699890408576918e-05,9.47059215549719e-05,3.354768716124448e-05,3.714307076512881e-09,5.0264579132114116e-05,0.006273889645599824,4.6343672254801774e-08
41,0.8689290223252373,9.93171088291219e-12,0.00026329166059979044,5.725872131567558e-05,3.608519038090131e-05,4.712695606104195e-08,0.003093808794763357,6.596231502161137e-06,2.4306369024257527e-09,1.8652418926886213e-05,1.2547896774044287e-05,4.741696513896718e-05,0.007824576561506848,0.0797037168133479,8.39218658886635e-09,0.02080075259132993,0.00508204257504369,0.002069157582744346,5.1954886453546896e-05,0.0001045517290108842,5.2139912156647825e-05,4.345466192256304e-09,6.696738033234347e-05,0.01177934176577108,5.5692486163316286e-08
42,0.879919639061114,3.003908857779232e-11,0.00043711637827872766,0.00015539754663126983,4.686731187580775e-05,7.680993798418786e-08,0.0019992310628765488,1.9033481817771355e-05,5.867321961752496e-09,1.763349201192718e-05,1.9965729328636322e-05,4.856915133243184e-05,0.010853465676437224,0.0433865642868006,1.4088924419795782e-08,0.050123360606003226,0.003360060723004153,0.0031483946121073827,0.00010926259730685579,0.00011207161207312683,5.4174607529509244e-05,8.499396103213265e-09,4.401712672551787e-05,0.006145039777162674,2.9863962855004205e-08
43,0.8762400251859211,1.8939942905867458e-11,0.0003487761740610812,0.00010228527380075643,5.2598630753160416e-05,7.911027523286077e-08,0.002277211331425782,1.2035666084646416e-05,4.3260294324364985e-09,2.5116863446688475e-05,1.680341867779703e-05,4.3915695233655465e-05,0.011782740854001113,0.05644900367459104,1.1985807320798688e-08,0.035251617883083355,0.004451777227322179,0.0031136343332425114,9.10642928823485e-05,0.00014400604513632555,6.070693609090475e-05,5.8003232000311155e-09,6.164014391700906e-05,0.009474899746326898,3.938262645877662e-08
44,0.8793007238748919,1.6645315615851604e-11,0.00023693501279283127,9.043579981042503e-05,4.377622795344853e-05,4.878952021529782e-08,0.0020310552263787056,8.894619408934864e-06,3.5181303826032914e-09,1.7220756819551464e-05,1.8182086504535787e-05,3.616441676129564e-05,0.008104005184547862,0.07261423318177958,1.1381350463480676e-08,0.02467542985390044,0.003015060707260817,0.002721561270722499,6.793391171928109e-05,0.00010643052670521197,3.564612414490114e-05,4.309071590631974e-09,5.228365855859743e-05,0.006823916986745121,4.255787599207704e-08
45,0.8658738953940176,1.991966159822849e-11,0.00023891445581776893,9.551732365464974e-05,4.887182369041086e-05,4.686622992243173e-08,0.0016521855154999884,5.4924473929281805e-06,3.529773951702433e-09,1.601967425802643e-05,2.1679130787455285e-05,3.340326718568814e-05,0.0054435057362397475,0.09568008757066063,1.2755331401668956e-08,0.018864544066760462,0.0029818419956089163,0.002654147733281734,6.15761976273365e-05,0.00010720968361345939,4.311369097908371e-05,4.016270772767903e-09,7.705030131446805e-05,0.006100812207536587,6.459654723946764e-08
46,0.9113616330764699,7.238488568895188e-12,0.00020403048103318693,8.143095487990422e-05,2.7577098491798895e-05,3.789752715273929e-08,0.0024804591909134226,8.362389612050022e-06,2.4416948456456253e-09,1.832623180664043e-05,1.1560717853623183e-05,3.484848042544334e-05,0.008794957724943443,0.04099650077904038,4.999043480071695e-09,0.021787720343173268,0.00461914879162418,0.001986072750050367,4.7290251560999566e-05,9.007882246927709e-05,3.18897608100354e-05,4.563303104345136e-09,3.8687336284945085e-05,0.007379344881737017,3.002801296493581e-08
47,0.17397935972689055,4.707121924978937e-10,0.0003213983175819744,0.00014644666212215203,0.0003672717688013761,1.8346539012516854e-07,0.0008325945887242732,7.375667662552469e-06,1.7557855762474364e-08,3.061755597951441e-05,0.0003827182859025587,7.265861546641262e-05,0.0020218184865105995,0.7953460826446286,7.628277131570861e-07,0.008898901082403996,0.0009095627218766731,0.012796360917418915,6.184512609296112e-05,0.0007246290420983444,0.0001345684841386678,6.092577122499216e-09,0.00044559903349745305,0.002518563020916987,6.578370371730177e-07
48,0.8935956399962078,1.457603427571267e-11,0.00021404896973102182,7.333929983017672e-05,3.9527777263603214e-05,4.710137365399732e-08,0.0019846605806353628,8.456982896216257e-06,3.0042915496895664e-09,1.6819060815669286e-05,1.284033741160207e-05,2.9323771183330713e-05,0.008976963902346312,0.0578894047505492,8.318608086457752e-09,0.02301284301874798,0.003326229381447322,0.002494553395890057,7.644208878722192e-05,9.10483104769724e-05,2.9797959771821913e-05,4.067512396607701e-09,4.312814196627272e-05,0.008084833887252448,3.588042762880325e-08
49,0.8726764203284874,2.085294595567074e-11,0.00033112565007033115,0.00010882743439267521,5.0478869288420964e-05,6.649585326432752e-08,0.002479813584482557,1.1931370275092959e-05,4.470035544472478e-09,2.121439042738221e-05,2.0252887145832837e-05,5.071342195190681e-05,0.009738841998260049,0.06874551259701438,1.350741831456234e-08,0.03116119974875893,0.003607479979320037,0.0028832014833494756,7.785900168481306e-05,0.00013017011171187785,4.8297510193385425e-05,6.227567349287942e-09,5.7155615158807354e-05,0.007799365732139671,4.756415978344069e-08
50,0.8637616249571565,2.334955078914188e-11,0.0002809557905816631,0.00011013438452699966,5.084525446313981e-05,6.34405645136622e-08,0.0020463464907101484,9.705129794023734e-06,4.215140263999671e-09,1.7786488507091382e-05,2.193770571598696e-05,4.3574058402383115e-05,0.008226033607279148,0.08148577467713035,1.522486933001743e-08,0.02988948458098604,0.0032457640691555545,0.0034457760820510094,7.9285929145463e-05,0.000124124404846149,4.920519858083684e-05,5.4028714157751755e-09,6.573952783427466e-05,0.007045764422801733,4.893353663512685e-08
51,0.8691680997266727,2.767016196422287e-11,0.00023581226926472072,0.00013966023142982143,4.534864567436189e-05,5.719356517240035e-08,0.0019022285800522486,1.175876775724048e-05,4.59482753978039e-09,1.8094965502075293e-05,2.662122356851429e-05,4.265126542114899e-05,0.007693863148375944,0.08192138932641405,1.7967627017590812e-08,0.026499707458223002,0.002712232209087585,0.0035397601413092047,7.064806326907466e-05,0.00012056694959428817,3.8484184144805645e-05,6.029724921317029e-09,5.950703315121792e-05,0.0057534279960332465,5.2001639838659615e-08
52,0.879024745276145,2.0200261877355738e-11,0.0003475704900839805,7.377600711279877e-05,4.6413780414240356e-05,4.2819391554029597e-08,0.0028291113205694044,6.085320235242003e-06,3.546978690419903e-09,1.1111011363724897e-05,1.436518528285045e-05,3.716746711650318e-05,0.005104236766828763,0.0730832804399135,9.961252493054155e-09,0.025307077777620344,0.004346571214284508,0.0018239644026249418,6.715451765081375e-05,6.569959743599394e-05,5.844140830305641e-05,5.764626926569144e-09,6.43307355166733e-05,0.007688774501183583,6.066786417099346e-08
53,0.8395788563384987,1.392246579549002e-11,0.00024750378813084823,0.00011704153421818052,5.062053654230817e-05,6.040145251293882e-08,0.003359294220041873,8.279785209069692e-06,3.792139034907204e-09,1.926471668606385e-05,2.5924395742637934e-05,5.423865422473236e-05,0.008111903761718242,0.10239802143554767,1.3364508324601463e-08,0.030511614503585884,0.003977759039756443,0.0036493900440749604,4.886102573468544e-05,0.00016465239670279268,5.495439710916291e-05,4.876735111329381e-09,8.660083908721071e-05,0.007535077219471931,5.891915939316866e-08
54,0.8574641486391792,2.6890738099075635e-11,0.00016879943874785835,9.87636614510397e-05,4.442157468786586e-05,5.455976893674255e-08,0.002199547550003352,7.660863125256397e-06,3.707359940218881e-09,1.4141368425178761e-05,1.9185786836809575e-05,3.605766166975858e-05,0.005631194907915431,0.10081628127670923,1.5388790346512803e-08,0.021087826748779574,0.0025378140736619947,0.0029278100308840465,6.997394468333574e-05,8.13984167651729e-05,3.06400517478779e-05,5.426770050367496e-09,5.495630023179559e-05,0.006709234310460266,6.428445483434332e-08
55,0.8621146365002521,1.4577429330520818e-11,0.00022247454719089214,9.991726514433696e-05,4.1551498155995345e-05,6.002417815371232e-08,0.002484731457917278,1.1259454406566018e-05,3.711088990752898e-09,1.7880807821564844e-05,1.8063639281722228e-05,5.437337936145282e-05,0.0106416174851383,0.0763534465971713,1.1239573386714384e-08,0.033213414524280754,0.003221799349021096,0.0035692197809455836,6.56671932728615e-05,0.00012720496490458276,3.689413884485657e-05,5.0171950135614405e-09,5.266906523043848e-05,0.007653059282217255,3.9062828132624e-08
56,0.8801726898134201,1.6187489084849576e-11,0.0002330206237618408,9.145805268623614e-05,4.3343679019574246e-05,4.9918410023931615e-08,0.0020322566629071993,9.40261264045086e-06,3.527500660046359e-09,1.800530072981244e-05,1.7827106456570834e-05,3.584556873511926e-05,0.00887090750660379,0.07015207800355755,1.1030450339151679e-08,0.025229643061597994,0.003031536200167316,0.0028056714721432286,6.984063084100039e-05,0.00011109069493988691,3.392219077647946e-05,4.257054251674482e-09,5.069846808602807e-05,0.0069906528089266375,4.079240029108422e-08
57,0.8713426576698425,1.668874495427098e-11,0.00041773423200349157,8.99901551968603e-05,5.4842592355719896e-05,6.157222186467945e-08,0.002453623332614926,1.2154239883432341e-05,4.2840565093353605e-09,2.4111290636840346e-05,1.806425820093507e-05,5.092584200835233e-05,0.012001871471966132,0.06437807290506656,1.1504577227369997e-08,0.03354251242724512,0.003947610467680862,0.002552975882053086,8.50294436460483e-05,0.00014716431366808296,4.981887613428223e-05,5.36482602944426e-09,5.330381358225635e-05,0.008777413249274845,4.079456921335615e-08
58,0.8774563332065957,1.6470110565734003e-11,0.0002361374941582215,8.292308542231083e-05,4.2949877367989273e-05,5.2612085050280285e-08,0.0020727358026934994,8.945249941423844e-06,3.323961689143476e-09,1.8465911300515952e-05,1.6133901311806385e-05,3.6770350712938436e-05,0.009057103600216344,0.07154823151744072,1.086056172070051e-08,0.024868772493909123,0.0032868219793243743,0.0028074515284898325,7.342537499554783e-05,0.00010941596212551272,3.612124058443753e-05,4.360847643404637e-09,5.338930633770168e-05,0.008187758503326268,4.2439819580400475e-08
59,0.8773891778737094,1.62196800837404e-11,0.00026363081017267027,8.421376325897476e-05,4.4489220520573766e-05,5.137751186508057e-08,0.002139180023480716,9.247038751143519e-06,3.4181973824267026e-09,1.888826942520531e-05,1.6765514158307292e-05,3.7828368049485777e-05,0.009166927935029288,0.07102385267414767,1.0968937846113364e-08,0.02538224836252765,0.0033656159200709957,0.0026879323911527912,7.219779036763167e-05,0.00011506131393564201,3.835965934993793e-05,4.37232175163327e-09,5.419153930534084e-05,0.008090078537241294,4.284215671092027e-08
60,0.8793007238748919,1.6645315615851604e-11,0.00023693501279283127,9.043579981042503e-05,4.377622795344853e-05,4.878952021529782e-08,0.0020310552263787056,8.894619408934864e-06,3.5181303826032914e-09,1.7220756819551464e-05,1.8182086504535787e-05,3.616441676129564e-05,0.008104005184547862,0.07261423318177958,1.1381350463480676e-08,0.02467542985390044,0.003015060707260817,0.002721561270722499,6.793391171928109e-05,0.00010643052670521197,3.564612414490114e-05,4.309071590631974e-09,5.228365855859743e-05,0.006823916986745121,4.255787599207704e-08
61,0.8803637092691594,1.663663891841098e-11,0.00026174874182167734,8.26201013413965e-05,4.460417615005936e-05,5.0786430715945646e-08,0.0020803178944786725,8.75794031755168e-06,3.4891065325783027e-09,1.802488925574055e-05,1.6725159317613806e-05,3.6925918477281945e-05,0.008494817304616044,0.0700246673682831,1.0989060892757825e-08,0.02480954852563888,0.003263896167055421,0.0025667653188368106,7.196567518246245e-05,0.00010654332440931292,3.855899611830798e-05,4.396468027969419e-09,5.372204381638362e-05,0.007655968237121114,4.327089990277705e-08
62,0.8793007238748919,1.6645315615851604e-11,0.00023693501279283127,9.043579981042503e-05,4.377622795344853e-05,4.878952021529782e-08,0.0020310552263787056,8.894619408934864e-06,3.5181303826032914e-09,1.7220756819551464e-05,1.8182086504535787e-05,3.616441676129564e-05,0.008104005184547862,0.07261423318177958,1.1381350463480676e-08,0.02467542985390044,0.003015060707260817,0.002721561270722499,6.793391171928109e-05,0.00010643052670521197,3.564612414490114e-05,4.309071590631974e-09,5.228365855859743e-05,0.006823916986745121,4.255787599207704e-08
63,0.8781731486801247,2.0570795800745723e-11,0.00023522792175853177,9.517248758739132e-05,4.626978600576655e-05,5.3832621291989606e-08,0.0019923620012127796,9.00933462814095e-06,3.857761909853753e-09,1.7036451755202837e-05,1.91024961338847e-05,3.606617095663213e-05,0.00790217862509088,0.073785138775114,1.2762631612739718e-08,0.02463779324438023,0.0030237463511324897,0.0029471703672135567,7.467847109500397e-05,0.00010532606840733549,3.684836522996002e-05,4.8275077318007565e-09,5.516097670891985e-05,0.0068084412695586655,4.685481236258338e-08
64,0.8670348332109276,1.9113787954626938e-11,0.0002984042590099237,9.438751244912722e-05,4.91358395262641e-05,5.965823445632789e-08,0.0021609613745708885,8.925566935565685e-06,3.794156480137051e-09,1.8439151348696827e-05,1.938604472098978e-05,4.265731008839184e-05,0.008404961221752933,0.07827274217660368,1.3212114141410257e-08,0.02892168515738217,0.003614989827850228,0.0030081470228790538,7.66894299746866e-05,0.00012057200127480579,5.2129669283679146e-05,4.990457465900967e-09,6.475753943504652e-05,0.007736066891492072,4.711841770365326e-08
65,0.8603709593952789,2.1204827448503212e-11,0.00025819867109520947,0.00010699907051765837,4.935411139582192e-05,6.37800344950319e-08,0.0022016146769352346,9.020810276865113e-06,3.8390727195087624e-09,1.8435199827891016e-05,2.010773267225432e-05,4.190252413816646e-05,0.00846156741198551,0.08476200842808743,1.3891564255294918e-08,0.028503780862963072,0.0034551792957819394,0.003460031948912649,7.585844836501264e-05,0.00012919480846752276,4.748595772849461e-05,5.105791484695661e-09,6.911936701806417e-05,0.007959042884267954,5.175661665572437e-08
66,0.8964079609989023,1.113189926067351e-11,0.00025716330670029567,7.501437027190581e-05,4.4769475314855466e-05,4.127747160256991e-08,0.0020575511954013053,8.419067132529943e-06,3.212102368555413e-09,1.8284149935391478e-05,1.4489358541227718e-05,2.8813967986199456e-05,0.009542094024175572,0.05532705916694548,7.472302562664362e-09,0.02401056850714455,0.003097616080245869,0.0021070471978483145,6.751293857903197e-05,0.00010607748909460768,2.9400750139951423e-05,3.31463850472879e-09,4.15195043119912e-05,0.006758551045496906,3.2118184840882544e-08
67,0.8338283434237728,2.3899659271112575e-11,0.0002807968783654513,0.00011635666205360852,5.0046694028345924e-05,8.161670361516545e-08,0.002592928545945917,8.960743252309786e-06,3.722573944693075e-09,1.946272321593966e-05,2.0469140880991202e-05,5.056761502488577e-05,0.009009256074598015,0.1018501936755729,1.586160577271099e-08,0.03258185015737736,0.00436184731996928,0.0043520209581811315,8.086591325681085e-05,0.00015742248807155767,6.565200526417359e-05,5.9456866029342794e-09,9.302143037992578e-05,0.010479766206574622,6.417374426521213e-08
68,0.9039975189002251,1.2725264818946334e-11,0.00017410840104143977,7.19043953868506e-05,3.7830435390333306e-05,2.917377326303424e-08,0.001443173615372085,6.0749113887547626e-06,2.904564241247365e-09,1.2874495273570815e-05,1.4630829499884007e-05,1.9622851113375347e-05,0.006419144424394094,0.060138394839954874,7.336150182339408e-09,0.01840969889027875,0.0022187742819151372,0.001976052649693621,6.413450062858746e-05,7.080390395287114e-05,1.9206143120377232e-05,2.761256927347835e-09,3.647010884137353e-05,0.00486950730617868,3.1927880372523325e-08
69,0.8822670557839025,1.6273075948401848e-11,0.0002323375450755915,8.308786107332104e-05,4.184246567993971e-05,4.8034659369308886e-08,0.002019764783067733,8.379238735920207e-06,3.2809042828046586e-09,1.6057094440440286e-05,1.5266097210479777e-05,3.4199849562471115e-05,0.007946827929926417,0.06926376608493602,1.0092783640754688e-08,0.02518484792991228,0.002944024921887562,0.002470660069109377,7.179587107782757e-05,9.150320202667346e-05,3.3419172730940357e-05,4.209664427741881e-09,4.738236662526864e-05,0.007227676411585855,3.968714820048701e-08
70,0.8618872158926222,2.0588586712237444e-11,0.0003451564466006998,0.00016306581387403202,5.472706318286743e-05,7.284188901501262e-08,0.002499628540450081,1.2565073390145016e-05,4.851715150440056e-09,2.2072997608426062e-05,2.595276799999161e-05,4.924554600385906e-05,0.00989032523179988,0.07358972684088913,1.4202054259870156e-08,0.03852817030015952,0.0029880973717242017,0.0032725160037015335,7.296715596371984e-05,0.0001635389466835749,4.779819365390041e-05,5.6446088375703255e-09,6.0821937204153686e-05,0.006326266563385973,4.375224625076513e-08
71,0.8996071237236679,8.899499044343863e-12,0.0001764224928965921,6.944966435632847e-05,3.716013440694882e-05,3.6873130708956793e-08,0.002566159683814599,8.327351275471717e-06,2.87932070526506e-09,1.7584334232464547e-05,1.3222252847092105e-05,2.8292179552675404e-05,0.008723443555397078,0.056779239038827915,6.6165744293608865e-09,0.019904558042850184,0.0029730138370261303,0.0019386583520373717,5.074422891861382e-05,9.399474133519417e-05,2.160523085664961e-05,3.215067055341673e-09,3.6919913594783474e-05,0.006953997323674258,3.432543934249153e-08
