,0,1,2,3,4,5,6,7,8,9,10,11,12,13,14,15,16,17,18,19,20,21,22,23,24
0,6.569949669834097e-06,0.002859629264163641,1.7361923740999834e-06,0.010239366434798936,7.74436759451913e-07,2.859520649359937e-07,0.00045781022639784536,1.4062932841241891e-05,2.4157561224098342e-05,0.00047786892338217096,1.6204583465445493e-07,0.027086948115293382,1.4944256126369237e-06,0.9563444343524784,2.676314843402358e-07,1.3787566578999466e-05,1.4320203716056852e-06,0.00021876713531693542,1.002515769550651e-07,1.7826442327910026e-05,8.865334272429296e-05,3.332731400563315e-05,7.839616965769042e-06,3.5598431669922686e-08,0.002102662267320164
1,7.940860875890543e-06,0.0034630208511598217,2.3397597407684208e-06,0.011726358359291264,1.0298619331102163e-06,4.1385063466745364e-07,0.0005613823422062755,1.8144661335648694e-05,3.450768991617054e-05,0.0005846226949955426,1.9861587893047373e-07,0.030872620293054123,2.054982026332849e-06,0.9500200056853487,3.619154528882625e-07,2.1565756446888616e-05,1.712670565811876e-06,0.0002392081557974965,1.4807321854542177e-07,2.359689889819016e-05,0.0001135003454128522,3.8355411029648144e-05,8.996177291202478e-06,5.0401019970791434e-08,0.002257863686469139
2,6.754781396422077e-06,0.003008233297673167,1.5337713807668234e-06,0.008825764521976616,1.0161106652202912e-06,3.025094286726423e-07,0.000428835397291947,1.3292178046304651e-05,2.58393209313656e-05,0.0004174712386587591,1.642284053214004e-07,0.0244368658957615,1.7614167053480233e-06,0.9603484335949918,2.9046403181132234e-07,1.4393175068644529e-05,1.6420043803395382e-06,0.00020134032244753975,1.047556626825325e-07,2.1289306273443746e-05,8.456084572991373e-05,2.9683759817635158e-05,7.62704161761173e-06,3.5671663615665823e-08,0.002122764389993612
3,6.872282536763563e-06,0.0030400404740634403,1.7888785469146686e-06,0.010334532937038576,9.229777608611396e-07,3.2757162551530057e-07,0.0004697883652858323,1.5095128835917489e-05,2.8294189250045692e-05,0.0004617030285134969,1.7968320239189144e-07,0.028170648874184898,1.8193832370002503e-06,0.9549473530384659,3.0562898063710226e-07,1.6073348755492584e-05,1.6669719078671222e-06,0.00021908268886158122,1.1738266616242258e-07,2.0601448480905812e-05,9.753197555959678e-05,3.522548566895622e-05,8.09189622492905e-06,4.049374704741395e-08,0.0021218958665990394
4,7.0114823457298615e-06,0.005304934850667007,3.697484358486811e-06,0.014715298895726354,9.351497669405732e-07,4.850420905744278e-07,0.0009668208631766125,3.190908374784962e-05,3.198027812457232e-05,0.001369294379899418,2.199049772697883e-07,0.02262466074317342,5.758646042034822e-07,0.9523772320414265,5.617558106965868e-07,2.7404613156770393e-05,7.870344642913377e-07,0.00021911288952075508,1.6562460261648452e-07,1.9450320024924785e-05,0.00011319840182946844,4.167674869835627e-05,1.1849518922805421e-05,4.410859911348068e-08,0.002130692920285092
5,6.719682362695936e-06,0.002803273125453834,1.6398826054683184e-06,0.010769442079034689,8.105123420344985e-07,3.109421516572305e-07,0.0004158881269108788,1.3761189840512875e-05,2.7759451670991132e-05,0.0004255636929053185,1.7139430863334838e-07,0.02893221810266291,1.8649822883859491e-06,0.9541062025776932,2.834484826048921e-07,1.5256795683994267e-05,1.6925022082384784e-06,0.00023658265572455763,1.0774629332844959e-07,1.990460763960547e-05,9.555206718685341e-05,3.6208254090925305e-05,7.550397554421325e-06,4.0510712516005714e-08,0.0020811952721917454
6,6.872282536763563e-06,0.0030400404740634403,1.7888785469146686e-06,0.010334532937038576,9.229777608611396e-07,3.2757162551530057e-07,0.0004697883652858323,1.5095128835917489e-05,2.8294189250045692e-05,0.0004617030285134969,1.7968320239189144e-07,0.028170648874184898,1.8193832370002503e-06,0.9549473530384659,3.0562898063710226e-07,1.6073348755492584e-05,1.6669719078671222e-06,0.00021908268886158122,1.1738266616242258e-07,2.0601448480905812e-05,9.753197555959678e-05,3.522548566895622e-05,8.09189622492905e-06,4.049374704741395e-08,0.0021218958665990394
7,9.505516431954378e-06,0.0033358741951034876,2.469330600136703e-06,0.010879584648145415,1.0922627360251628e-06,3.826135611487889e-07,0.000560258893517148,1.7214396683564385e-05,3.236993161784335e-05,0.0005180846736067145,2.03576068370133e-07,0.030551168695194048,2.2186856774479755e-06,0.9512828486033614,3.182010652282355e-07,1.7245339716858467e-05,1.7774013872082318e-06,0.0002537153377569427,1.3941192056039142e-07,2.2776282383148904e-05,0.00010046764543200938,3.343035658130318e-05,8.944355558816821e-06,5.098116379478239e-08,0.0023678586647296832
8,6.889176104075828e-06,0.0030669887934245722,1.804548119415538e-06,0.010391672865204149,9.154579047023143e-07,3.2487759482504364e-07,0.00046844971846848237,1.4969382443215067e-05,2.7792226004083504e-05,0.0004642341333999165,1.780753909110919e-07,0.027806656685487794,1.7781688335451384e-06,0.9552483976773988,2.9710984727801376e-07,1.5692153164100433e-05,1.629858125468025e-06,0.00021561357084894217,1.1559058931053764e-07,2.0507966616632052e-05,9.531553027832007e-05,3.410420577191905e-05,8.182900125190434e-06,4.031139783344512e-08,0.0021074490174565366
9,3.554455037253549e-05,0.0014647561065207356,1.3018781792649868e-06,0.0018433061407089157,7.113955097898363e-06,5.606881299184645e-07,0.0007597614101801625,3.8010403352622214e-05,0.00010872535891360301,8.53525838760825e-05,8.426835413418751e-07,0.03572711169895534,9.005521833237865e-06,0.9551282077610068,2.2140943922406112e-06,4.118601574595018e-05,7.950257244497805e-06,0.0008954601806518107,4.829074815820716e-07,1.410598819987497e-05,8.593303351652229e-05,0.000115307764742699,2.282048601644072e-06,5.569854586043838e-08,0.00362542127020889
10,6.872282536763563e-06,0.0030400404740634403,1.7888785469146686e-06,0.010334532937038576,9.229777608611396e-07,3.2757162551530057e-07,0.0004697883652858323,1.5095128835917489e-05,2.8294189250045692e-05,0.0004617030285134969,1.7968320239189144e-07,0.028170648874184898,1.8193832370002503e-06,0.9549473530384659,3.0562898063710226e-07,1.6073348755492584e-05,1.6669719078671222e-06,0.00021908268886158122,1.1738266616242258e-07,2.0601448480905812e-05,9.753197555959678e-05,3.522548566895622e-05,8.09189622492905e-06,4.049374704741395e-08,0.0021218958665990394
11,7.032622920537357e-06,0.003000540202754432,1.7990568974346224e-06,0.010370332730265355,9.548488984518138e-07,3.3113249478115837e-07,0.000468409943537105,1.5046330646442573e-05,2.887341026924742e-05,0.0004475324913049253,1.8407478804820738e-07,0.029080395694586647,2.005254525510379e-06,0.954028636512113,3.051760712997588e-07,1.6234761568182748e-05,1.7641322736711299e-06,0.00022138407662755565,1.1938842106360855e-07,2.1437102043096803e-05,9.89449264501603e-05,3.537933025341188e-05,8.200577107754705e-06,4.228003386059312e-08,0.0021441139431480497
12,6.353259403274e-06,0.0027891500506393428,1.4950231635303698e-06,0.009197142588652639,8.764167270851133e-07,2.9634054255210145e-07,0.00040405060486820623,1.3023078931094891e-05,2.5027682744577934e-05,0.0004217795305517982,1.533941710911045e-07,0.024477810287306025,1.7036477199729534e-06,0.9602243956625751,2.641220037327674e-07,1.3954821023831202e-05,1.663995702469592e-06,0.0002131496594749204,9.924426395658037e-08,1.9641845449243326e-05,8.886250661908718e-05,3.130556557535504e-05,7.224965012224374e-06,3.3753199494288967e-08,0.0020605419536794093
13,1.7559157860575756e-05,0.0062764625323775015,4.237586068988809e-06,0.015577888497687783,1.7035438847593886e-06,7.504483102504097e-07,0.0008129685436513049,1.9206995881534534e-05,5.9389240395989204e-05,0.0012594870396044164,1.7130692016955333e-07,0.03199021050011486,2.9782926793002945e-06,0.9391929378138592,5.241504035516266e-07,3.4471293867414936e-05,2.4555368872007186e-06,0.00040855169668122893,2.286996103282074e-07,3.935298442725154e-05,0.00016261363567127805,4.13557251138561e-05,1.1335121655984315e-05,7.90085204454638e-08,0.0040830806478651
14,6.996491900108438e-06,0.00301752262007843,1.8880014466861142e-06,0.010753767956859558,9.065186241914765e-07,3.3114612025319287e-07,0.0004762151940760116,1.5497571434072045e-05,2.9062665358428605e-05,0.0004682233614271202,1.782893098794636e-07,0.029335406251350303,1.8776789366341588e-06,0.9533106136806773,3.0832544991604185e-07,1.6411911506672613e-05,1.693421447964983e-06,0.0002250518753247493,1.171522000275792e-07,2.093454500491224e-05,0.00010150505407587641,3.598893383090233e-05,8.147659957188535e-06,4.0953270446946175e-08,0.002171312740332352
15,6.872282536763563e-06,0.0030400404740634403,1.7888785469146686e-06,0.010334532937038576,9.229777608611396e-07,3.2757162551530057e-07,0.0004697883652858323,1.5095128835917489e-05,2.8294189250045692e-05,0.0004617030285134969,1.7968320239189144e-07,0.028170648874184898,1.8193832370002503e-06,0.9549473530384659,3.0562898063710226e-07,1.6073348755492584e-05,1.6669719078671222e-06,0.00021908268886158122,1.1738266616242258e-07,2.0601448480905812e-05,9.753197555959678e-05,3.522548566895622e-05,8.09189622492905e-06,4.049374704741395e-08,0.0021218958665990394
16,1.8045569312147532e-05,0.003788568804825267,6.372902723859292e-06,0.01613654735388575,2.163535973740075e-06,8.174467346462619e-07,0.0007589525933668879,2.9587407816609648e-05,5.186020850502859e-05,0.0005103286081754043,4.5810328637814114e-07,0.03026195190864076,4.1157631126094974e-06,0.9455112752446971,3.947443278902461e-07,2.7191205432076225e-05,2.3220836277054537e-06,0.00027778097719309384,2.0490866861191572e-07,3.4765715271128334e-05,7.307727995281648e-05,2.497857549494176e-05,1.4466054920046967e-05,1.1446490852919312e-07,0.0024636585391471216
17,1.3546768889832792e-05,0.005058426202952713,4.74762033770991e-06,0.015105993875423671,1.3429118639913282e-06,7.071332760307172e-07,0.0008799391398996079,2.5705887679605496e-05,5.298539273146842e-05,0.0009330353729892083,2.8065302558709143e-07,0.037126592166534404,2.272306298282473e-06,0.9371833311424643,5.91038127916883e-07,3.070931152817037e-05,1.733789930282215e-06,0.00032644618122339934,2.535293683903059e-07,2.6495181704074153e-05,0.00014993948532101702,4.549004383973995e-05,1.1310436101628912e-05,8.20996824272208e-08,0.003018042328806387
18,1.591063519788678e-05,0.0086747894041318,1.5923153181200305e-05,0.04019897933782029,2.311408128174423e-06,2.2272158237001396e-06,0.0015894002321767131,8.591428506509796e-05,0.00013010983549312818,0.0011473107296011823,1.2474829427069624e-06,0.06031312172726766,3.7182975964438976e-06,0.8853585120643762,1.4303768585283658e-06,0.0001220188169768033,1.5791805239419197e-06,0.00021003296075939676,8.30967325218976e-07,4.809972789565463e-05,0.00017745795404000466,6.697772732860925e-05,2.9140749984590598e-05,4.119388849460265e-07,0.0018025437906201867
19,8.871073165506023e-06,0.002546671911925259,1.2784090092996276e-06,0.005925582393748953,1.1927335843434936e-06,4.563411069871684e-07,0.00026501646309051176,1.3044587783460753e-05,2.0436906363524644e-05,0.0004283039257279968,1.7423931055790446e-07,0.01087501607978276,1.4832037925929305e-06,0.9777768328766181,2.197273743994029e-07,1.306932651233163e-05,1.8950233632368804e-06,0.0002661521746930367,1.1961435497739464e-07,2.0350832936200576e-05,5.8168969213221754e-05,1.9778027885664717e-05,6.6030839164400345e-06,3.6858189511736215e-08,0.0017492452165515308
20,4.207504343094153e-05,0.007889950181367863,4.23026345814855e-06,0.008638116029342223,4.471903824499106e-06,1.0890932714662162e-06,0.0005370450702912625,3.392527737413396e-06,7.566659682429179e-05,0.0008008145793030976,7.95005340877718e-08,0.01690061091577737,7.791710141832007e-06,0.9605790425434395,6.277681312528289e-08,1.530172839882428e-05,2.021211537579692e-06,0.00028504610249365436,1.3688838908287734e-07,5.2010206619239566e-05,8.496558405768207e-05,3.276540327003626e-06,1.1161540052043237e-05,1.2565287858160228e-07,0.0040615158096892374
21,2.542261230679848e-05,0.006416207459127475,9.90549748121603e-06,0.019026969970248143,4.138013374465181e-06,1.36973059117928e-06,0.0017668171129635866,4.986175047752604e-05,6.787075027427198e-05,0.0018825562374403795,7.109357221904226e-07,0.03709245517145743,4.829460673223264e-06,0.925596652655272,1.2667091825473958e-06,2.7055169713087887e-05,7.838859564409647e-06,0.0007167336428642152,5.322228035755878e-07,5.399508384136067e-05,0.00035163310909223905,0.00011858182184062056,4.064268442975154e-05,1.728155129528642e-07,0.006735780523745145
22,4.440142526739161e-06,0.00356082319232992,1.6610628783208524e-06,0.01219660683334474,1.0910930093419228e-06,3.049463617527923e-07,0.0006212607904689111,1.5624225910724238e-05,3.21123611331537e-05,0.00048637547978730455,1.8860490442210763e-07,0.04108712836263874,2.411932715672318e-06,0.9396140439791556,3.6579283637216284e-07,2.258730835712079e-05,1.5217816605000797e-06,0.00012884253810398403,1.301509899995826e-07,2.8766962718714253e-05,0.0001189492713711401,3.7824800302714164e-05,1.1113161366856065e-05,4.775520438631858e-08,0.00202577746992292
23,6.872282536763563e-06,0.0030400404740634403,1.7888785469146686e-06,0.010334532937038576,9.229777608611396e-07,3.2757162551530057e-07,0.0004697883652858323,1.5095128835917489e-05,2.8294189250045692e-05,0.0004617030285134969,1.7968320239189144e-07,0.028170648874184898,1.8193832370002503e-06,0.9549473530384659,3.0562898063710226e-07,1.6073348755492584e-05,1.6669719078671222e-06,0.00021908268886158122,1.1738266616242258e-07,2.0601448480905812e-05,9.753197555959678e-05,3.522548566895622e-05,8.09189622492905e-06,4.049374704741395e-08,0.0021218958665990394
24,2.416873645900862e-05,0.00639094749324757,2.0983885950110694e-05,0.023721236451262017,3.3537499463439922e-06,1.511273593806612e-06,0.00396596247240465,8.091841850705051e-05,0.00015437348945746636,0.0021462905084186933,6.820013448506883e-07,0.11587514721629169,6.329143201455928e-06,0.8382952344973086,2.731762855789127e-06,8.814130926322714e-05,3.355346037460546e-06,0.0005816806145411981,7.316208039836152e-07,4.839369810528667e-05,0.0007820884133878592,0.0001488737713832139,2.6076875767930505e-05,2.0099033902589513e-07,0.007630586260121602
25,5.489704106503954e-06,0.0025939925501190994,1.444199865657034e-06,0.00955205139361751,8.040026847665885e-07,2.8297661495953735e-07,0.0004045406068049208,1.4685266195015652e-05,2.3455700924073063e-05,0.00037882479002014565,1.8214189527649414e-07,0.02487927797595896,1.5013780405274122e-06,0.96006363624365,2.690931388964957e-07,1.4159038590187035e-05,1.473459236861807e-06,0.00018961785190177186,9.99840814154005e-08,1.7938171287630753e-05,8.061421207693987e-05,3.2512715620649005e-05,7.349788270577831e-06,3.472193771358421e-08,0.0017357620333600097
26,1.171462549560843e-05,0.0036651587286087813,2.6079334772930194e-06,0.012502415207930363,1.249877464417462e-06,4.6892580597124126e-07,0.0004766304142455958,1.4869510308607999e-05,3.745796954768231e-05,0.0005269672799042887,2.1805181471874858e-07,0.029861736742398833,2.983433351334959e-06,0.9499418141565078,2.8422975306880364e-07,1.82216534485828e-05,2.300206240744237e-06,0.0002940941353606508,1.528355033853606e-07,2.9070775944834937e-05,0.00010497872028290101,3.2882408724581044e-05,1.0708699925243289e-05,7.264246139613174e-08,0.0024609408354933876
27,6.244739094531609e-06,0.0029468628136238716,1.6823223170813407e-06,0.010708577986236438,8.52071392986064e-07,3.2206501154830034e-07,0.00045467588896080024,1.588299435552035e-05,2.8374191097235475e-05,0.000446319576671381,1.9053526692356668e-07,0.028649757157828193,1.674747967841467e-06,0.9543016962514432,3.370412209454999e-07,1.6589633260462328e-05,1.674852198608407e-06,0.0002199081800357635,1.1916942541011247e-07,1.9490484086880768e-05,9.952607075473475e-05,4.1459466502573405e-05,7.998010259662262e-06,3.9837324922139126e-08,0.0020297439136627185
28,6.872282536763563e-06,0.0030400404740634403,1.7888785469146686e-06,0.010334532937038576,9.229777608611396e-07,3.2757162551530057e-07,0.0004697883652858323,1.5095128835917489e-05,2.8294189250045692e-05,0.0004617030285134969,1.7968320239189144e-07,0.028170648874184898,1.8193832370002503e-06,0.9549473530384659,3.0562898063710226e-07,1.6073348755492584e-05,1.6669719078671222e-06,0.00021908268886158122,1.1738266616242258e-07,2.0601448480905812e-05,9.753197555959678e-05,3.522548566895622e-05,8.09189622492905e-06,4.049374704741395e-08,0.0021218958665990394
29,6.872282536763563e-06,0.0030400404740634403,1.7888785469146686e-06,0.010334532937038576,9.229777608611396e-07,3.2757162551530057e-07,0.0004697883652858323,1.5095128835917489e-05,2.8294189250045692e-05,0.0004617030285134969,1.7968320239189144e-07,0.028170648874184898,1.8193832370002503e-06,0.9549473530384659,3.0562898063710226e-07,1.6073348755492584e-05,1.6669719078671222e-06,0.00021908268886158122,1.1738266616242258e-07,2.0601448480905812e-05,9.753197555959678e-05,3.522548566895622e-05,8.09189622492905e-06,4.049374704741395e-08,0.0021218958665990394
30,6.872282536763563e-06,0.0030400404740634403,1.7888785469146686e-06,0.010334532937038576,9.229777608611396e-07,3.2757162551530057e-07,0.0004697883652858323,1.5095128835917489e-05,2.8294189250045692e-05,0.0004617030285134969,1.7968320239189144e-07,0.028170648874184898,1.8193832370002503e-06,0.9549473530384659,3.0562898063710226e-07,1.6073348755492584e-05,1.6669719078671222e-06,0.00021908268886158122,1.1738266616242258e-07,2.0601448480905812e-05,9.753197555959678e-05,3.522548566895622e-05,8.09189622492905e-06,4.049374704741395e-08,0.0021218958665990394
31,1.0425085891838615e-05,0.0032934291262254937,2.457824226698259e-06,0.00999777831297147,1.0579733133322679e-06,3.5775835097026337e-07,0.0005405982006685435,1.9275798301624547e-05,2.9544905636786863e-05,0.0004970065196001215,1.9920334279843172e-07,0.027789506698155605,2.01317530173387e-06,0.9550440125982163,3.166603995573547e-07,1.5415321476916624e-05,1.824247699379257e-06,0.0002671458302637697,1.414264560439086e-07,2.0575531369087232e-05,9.115258763995866e-05,3.36019211195955e-05,8.218828186489513e-06,4.4519878928499383e-08,0.002333899945306989
32,7.223673812597808e-06,0.003144601423532762,1.8511567982648654e-06,0.010371124812290257,9.4959303731741e-07,3.4226454525866726e-07,0.0004824997639643465,1.5685593296623642e-05,2.967315511135019e-05,0.0004697398378367134,1.8923720365788555e-07,0.029027277618329374,1.8790662473753656e-06,0.9538868252984862,3.228713692156255e-07,1.660952599013964e-05,1.7238056681230918e-06,0.00022590362415567716,1.2827318908159908e-07,2.0704291519981312e-05,0.00010100583559805281,3.721915019518812e-05,8.23941681296102e-06,4.288457454138488e-08,0.0021482378264351598
33,1.2263121202027064e-05,0.004983865624703564,3.922168914280466e-06,0.0131197487561374,1.2021147858271032e-06,4.0011159030729355e-07,0.000876966304237091,1.8311120515179665e-05,4.520935254100793e-05,0.0006957371540896703,1.9000805354540176e-07,0.04246129268174937,1.8968045270457703e-06,0.9336278480396988,4.962529392520428e-07,1.8351967110574906e-05,1.4506731695289936e-06,0.0002728487974432448,1.523175140589201e-07,2.215075261278187e-05,0.00014322948030451885,3.645111132001493e-05,9.265647676244646e-06,4.752267900478123e-08,0.0036467021144856444
34,8.340405700678613e-07,0.0012385405645021334,4.377439879736521e-07,0.011580680581648477,3.3104730038941587e-07,1.5820467055395518e-07,0.00022387664214896025,8.671269016519636e-06,7.683526512896679e-06,0.0005981294718565239,7.514741204648394e-08,0.014848614657704472,6.754376985800329e-07,0.9699922104601854,1.7235121504899828e-07,1.6703348769792133e-05,9.447166427147208e-07,0.00010768218814152852,2.6509931668593815e-08,2.198245260308639e-05,7.618786440043756e-05,3.058632474772716e-05,8.169607344448006e-06,1.355013453731883e-08,0.0012366122908542066
35,4.702904792854517e-06,0.0028529856406901556,1.4731884376662096e-06,0.01037292825909947,9.277252230606629e-07,3.216101817407704e-07,0.00042115353864044655,1.3375676769001019e-05,2.471249207082299e-05,0.0004443408801712344,1.8000482874312576e-07,0.02504435930116542,1.6950185940441245e-06,0.9586059707381717,2.976356046388276e-07,1.6815217786856116e-05,1.5548149689082692e-06,0.00016332939016714887,1.0069299044895308e-07,2.347117508348505e-05,9.271468025401614e-05,3.171685801480291e-05,9.033324442239818e-06,3.821581693603433e-08,0.0018718010160344138
36,6.750765632563649e-06,0.0024417861442725575,1.5635662990070822e-06,0.009254292043160185,7.605675765248468e-07,2.5217954252603245e-07,0.00046099935280955216,1.6775518793651726e-05,2.8155011764952857e-05,0.00031529706236087897,1.8211685792771805e-07,0.037179338759542956,2.067410499330582e-06,0.947972005023815,3.1348802001973857e-07,1.6151223471523714e-05,1.6166592932485004e-06,0.0002137487292088451,1.16449329356511e-07,1.601069583263432e-05,8.495423550468243e-05,4.1050727397500274e-05,5.8552919746064955e-06,3.480780071702584e-08,0.00193992216923937
37,3.340914121616449e-06,0.0022714843637328575,1.030782220080915e-06,0.008097863694013127,7.58048447233762e-07,2.5550827582686666e-07,0.0003633962687559626,1.3975114276666986e-05,1.9574707701358923e-05,0.00037233407602988496,1.474811035983318e-07,0.020753459970360717,1.2177160228839345e-06,0.9661500993006427,3.026658260461789e-07,1.4945815546262421e-05,1.4003461633687073e-06,0.00014296066639343463,8.155019845433197e-08,1.778958006662326e-05,8.354792258106937e-05,3.238331066860293e-05,6.430055178261972e-06,2.2009686982306566e-08,0.0016511981319863856
38,2.017911642510783e-06,0.0018737460556426777,6.388667380793973e-07,0.011910994984419526,3.2183394408554173e-07,1.339808350226877e-07,0.0001980013087149016,1.0366898421185305e-05,1.2676582288914724e-05,0.00028382252394328235,1.0933730893138525e-07,0.024154531194660323,1.0079322611983568e-06,0.9601498988962981,1.3620307145659267e-07,8.295715270094765e-06,1.4797530913408964e-06,0.00013669044831485697,5.06983499217998e-08,1.6172142235364332e-05,8.888299037710619e-05,4.1115542878721335e-05,7.225949007306859e-06,2.0707040360316507e-08,0.0011016615432445718
39,8.633844080718093e-06,0.002845888568646162,2.7995317185731738e-06,0.012787447860101765,1.1116226234524698e-06,5.443246475778485e-07,0.0005830041467000106,2.3339622415400156e-05,3.8610714320893503e-05,0.0006114931766022764,2.259335294068896e-07,0.033147725866505856,2.958681104312215e-06,0.9468259036420081,4.3728847575489577e-07,2.6457410139853877e-05,2.488144868633843e-06,0.0003137693302518165,1.7325251985179605e-07,2.70078094620578e-05,0.00015521278969312524,4.733823370802301e-05,9.028325138091298e-06,5.688376332087713e-08,0.002538342996974992
40,5.208069881356627e-06,0.0028313231992043502,1.3083821537625103e-06,0.01894687370142716,8.753982636124327e-07,5.301319984481002e-07,0.00032355811911283444,1.831351159500266e-05,2.412871593113611e-05,0.0009308841507326649,1.9282164659640852e-07,0.018267662273730813,1.971156796404043e-06,0.9564064312381964,2.54784108229253e-07,3.395038732426944e-05,2.9100372087357764e-06,0.0003395979389648733,1.333764483823353e-07,4.529362806251064e-05,0.00014153864844871012,4.787785679735465e-05,1.2939050841352517e-05,7.646158982548745e-08,0.0016161669595354787
41,5.264567365660715e-06,0.0028780979393480447,1.5078904851324498e-06,0.01069097189297719,6.698104550708428e-07,2.9492557231245773e-07,0.0004038349883254565,1.424283765448846e-05,2.3007298902091387e-05,0.0005088887320697825,1.6093430399048435e-07,0.02666166463642771,1.4011806473603744e-06,0.9565343630116949,2.7001336101737326e-07,1.4216330830716889e-05,1.5258737515328678e-06,0.00020499226079593184,1.1144257293337275e-07,1.8638466647177483e-05,0.00010380676103584928,3.941515154392789e-05,8.352815472829527e-06,3.6335302112961966e-08,0.0018842639024569028
42,6.5737769270199336e-06,0.0032134637339971627,2.2273366767122165e-06,0.014391764570554317,8.148019927950202e-07,4.293177921153137e-07,0.0005422365048813195,2.3200337843973535e-05,3.595351874499926e-05,0.0006006158327353057,2.3402451355924378e-07,0.03889680109860315,2.2009348622833562e-06,0.9396725072282129,4.522012256355113e-07,2.6662592306672486e-05,2.0165243546563427e-06,0.000256381809352841,1.860451197888419e-07,2.392500548268102e-05,0.00014548499599957327,6.262131803536567e-05,9.711602246445358e-06,5.799691621311962e-08,0.0020834768906224234
43,7.828811116436739e-06,0.0030799134404414764,1.8895554351369914e-06,0.01022137619210551,9.666403768981865e-07,3.1117939845540313e-07,0.0004802388444659817,1.4691516971479536e-05,3.074400374052073e-05,0.00038536479686496086,1.879712002419109e-07,0.030982794610195246,1.955654831755721e-06,0.9522155487662933,3.0819675289642766e-07,1.5307205265974666e-05,1.6202917878581858e-06,0.0002182509791210172,1.1490223736548272e-07,1.9440056165169382e-05,8.814768764482172e-05,3.286852505341381e-05,7.466846033119623e-06,4.0916659784031764e-08,0.0021926224098411592
44,6.872282536763563e-06,0.0030400404740634403,1.7888785469146686e-06,0.010334532937038576,9.229777608611396e-07,3.2757162551530057e-07,0.0004697883652858323,1.5095128835917489e-05,2.8294189250045692e-05,0.0004617030285134969,1.7968320239189144e-07,0.028170648874184898,1.8193832370002503e-06,0.9549473530384659,3.0562898063710226e-07,1.6073348755492584e-05,1.6669719078671222e-06,0.00021908268886158122,1.1738266616242258e-07,2.0601448480905812e-05,9.753197555959678e-05,3.522548566895622e-05,8.09189622492905e-06,4.049374704741395e-08,0.0021218958665990394
45,7.269655188362787e-06,0.002945615164759448,2.0812527471294873e-06,0.011370805203504253,9.80965714114953e-07,3.837515450067708e-07,0.000522558346958521,1.9059118740900303e-05,3.129056740402267e-05,0.0004810625074299863,2.218761813834411e-07,0.02977457567360135,1.9394133502044237e-06,0.9522704354836784,3.887447832354296e-07,2.046046994113314e-05,1.7543625552827312e-06,0.00023976448439414597,1.3476771070416754e-07,2.1515666679824617e-05,9.915282190675068e-05,4.0817375807561745e-05,8.247950213641634e-06,4.624155723859443e-08,0.002139438133647281
46,5.8985373825601546e-06,0.0023651700080230082,1.5770261037810955e-06,0.012501517766857071,8.17292493575939e-07,3.4227197783397533e-07,0.0003511610645279284,1.5142269381918646e-05,2.794170441012384e-05,0.0003925994125993106,1.8895361323518607e-07,0.03076035947199125,2.7689271781726715e-06,0.9510211677511263,3.0124761103148865e-07,1.777285294975649e-05,2.6795913027608822e-06,0.00025275088320046626,1.1091952867834244e-07,2.63573279210069e-05,0.00011493347588901925,4.702071924116994e-05,8.527780801068483e-06,4.577649571405186e-08,0.0020828469673932815
47,8.673125010924496e-06,0.003263690572110108,2.061248256996399e-06,0.011312095605576304,1.004776164298613e-06,3.476092961298905e-07,0.0005218654796261806,1.5532520814651354e-05,3.580561888450543e-05,0.0004778727077788927,1.8155837218152069e-07,0.03715860055924506,2.5627185060329145e-06,0.9442152006903792,3.4522075989587945e-07,1.9480465924521424e-05,1.9889263342259216e-06,0.00026203460686055743,1.38222260042086e-07,2.3738607637706172e-05,0.00011834702963575595,4.156836651779788e-05,8.142222692890783e-06,4.967018048776262e-08,0.002508671871174595
48,7.365125038126887e-06,0.0036404918393026886,1.8118658080633352e-06,0.010836053048239558,1.0016573461448693e-06,4.2534282097426167e-07,0.0004681448903558497,1.7218362062822394e-05,2.9623860496929626e-05,0.000561269080225442,2.2252142803683506e-07,0.02688238492304764,2.082867386156916e-06,0.955285293834625,3.021498687373461e-07,1.8593043381797273e-05,1.993938645694563e-06,0.00021802036734079616,1.875146281005897e-07,2.3440910237475785e-05,0.0001008448393981758,4.057293475148907e-05,1.0243965286263529e-05,5.909388992303285e-08,0.0018523520243878217
49,6.525796958627897e-06,0.003000402721774279,1.9177133850859857e-06,0.011639566296709642,8.384439545589392e-07,3.238991557493984e-07,0.00046586786755133027,1.513958815241385e-05,2.8145628870796054e-05,0.00047657518216261645,1.8090276104630925e-07,0.030822390003036104,1.8972425562418815e-06,0.9509982134847947,2.9730558515817444e-07,1.5870314309067863e-05,1.682371216943379e-06,0.0002200287164097258,1.1397609604429591e-07,2.151564640636919e-05,0.00010604702931160186,3.729221327402496e-05,8.786170357531503e-06,4.308209881480905e-08,0.0021303384031116524
50,8.70398618470888e-06,0.003231623147711786,2.3486796389443614e-06,0.015417582277331338,9.550997032168841e-07,4.817875500454064e-07,0.0003672293178862333,1.4672450207162867e-05,4.833408039206758e-05,0.00037144255387265877,2.3641961241253352e-07,0.03777656923239129,3.2987791527538558e-06,0.9400490782612797,3.723477014346132e-07,2.40646475482869e-05,2.401385259575536e-06,0.00028984743881901783,1.4427092130391244e-07,2.8941725335472755e-05,0.00012825034924056816,4.5187099458816304e-05,8.336774673094193e-06,7.260949392288679e-08,0.0021798252786343966
51,1.1805322486717976e-05,0.002317826895926616,4.519898602790657e-06,0.010566197502982303,3.7633982089136276e-06,1.1918698393670615e-06,0.0011208625198638948,2.7692521218142487e-05,6.347807494951276e-05,0.0009479729823059068,3.685715130272891e-07,0.041214229068513276,1.0152623725766718e-05,0.9388777770267598,7.396075962126146e-07,7.770195409826583e-05,3.8026467671460083e-06,0.0003680088332971899,2.548619602726194e-07,6.782149161501938e-05,0.00025422969184580576,4.0042557544208834e-05,1.5444910665360446e-05,1.2884376915187523e-07,0.004003986323945204
52,6.886149214294938e-06,0.0021233746695596806,1.431080245103769e-06,0.007922574010866284,8.426268314896405e-07,3.6101997826196406e-07,0.00035279040892938245,1.5553981038316964e-05,2.2751943699197677e-05,0.0004321654589420042,1.784486145605732e-07,0.017654455142418524,1.4440027788177582e-06,0.9691585379498011,2.9720635237438e-07,1.6380214870016893e-05,1.6091186182788536e-06,0.00028636518553888803,1.0062288845112501e-07,1.7370936992489997e-05,6.722286272428706e-05,3.133382155841347e-05,5.829802246700143e-06,3.2733960475716766e-08,0.0018801106013327286
53,8.693988450077176e-06,0.0031818700628471154,1.8310239663156435e-06,0.011022728293233055,7.043964851433176e-07,3.9418085679009596e-07,0.0003025717247209456,1.2817491441583767e-05,2.9819089638712723e-05,0.0004472525674449946,1.5403410235307903e-07,0.023658996950534805,1.8154214036431752e-06,0.9588549667041748,2.440865749995713e-07,1.4146003665966026e-05,1.9176316704126283e-06,0.00028685674327506524,1.2603428237661985e-07,1.939828431273397e-05,9.720638628683605e-05,3.412559042866771e-05,6.8330800550064155e-06,4.359990171612418e-08,0.0020144866302460223
54,1.3780716121870252e-05,0.002099514025815589,1.4321598353109885e-05,0.058750439588985216,2.2034482385895703e-06,1.9473034169682553e-06,0.0014181123095635727,0.0001489360448849103,0.0001343100088931011,0.0008014541979825355,2.094972397866508e-06,0.13027694906098058,2.8671387946643282e-05,0.8026435640653191,4.807971273650877e-07,0.00010393357980522413,1.1052862509506911e-05,0.0008589587723446669,9.181478671186427e-07,9.996833185102276e-05,0.0009195496706639842,0.00018721414142112711,4.929677442099532e-05,1.2074807991334352e-06,0.001431120712289913
55,1.2459035586975438e-05,0.0034360189904080927,2.735750393292659e-06,0.013263343788155427,1.1178885846529673e-06,3.8875235353556913e-07,0.0006192618815714443,1.6539557989264164e-05,5.705266764668778e-05,0.0003846272474601657,2.0753111203234844e-07,0.05849212917401341,4.2448989178061e-06,0.9202632732679941,3.9522238626778194e-07,2.340997663128537e-05,2.2360104004208385e-06,0.00032308578940370454,1.6793206783956752e-07,2.3564123139007122e-05,0.00013499751712673066,4.685359248706489e-05,7.228303766872829e-06,6.745202644314203e-08,0.00288459364837738
56,7.090823512149057e-06,0.003023064893161322,1.8028211113696856e-06,0.010307244036471286,9.480553413993925e-07,3.321429717707757e-07,0.0004702360358043165,1.4987556269770763e-05,2.897194475350416e-05,0.00045002744936178084,1.8407680411087245e-07,0.029298572205123316,1.9920412639422196e-06,0.9538336378675102,3.055661761920048e-07,1.60751736928884e-05,1.7610832837135583e-06,0.0002223569691795002,1.216542562920071e-07,2.11516677998615e-05,9.974640678215549e-05,3.572971026420895e-05,8.205215507028857e-06,4.246556633806522e-08,0.002155412138031465
57,7.214987029026733e-06,0.0031765253498503188,1.9441378634139653e-06,0.011548020033356789,9.612891808719386e-07,3.2998615807645467e-07,0.0005172315251455132,1.591387662690596e-05,3.453070265560422e-05,0.0004481438520335701,1.8588985849042916e-07,0.03896537728795037,2.5775678826296655e-06,0.942542470333735,3.3735027607743346e-07,1.8982522183780823e-05,1.938285151687535e-06,0.000222899478816617,1.3607053553479385e-07,2.3652774748263946e-05,0.00012015320229545097,4.226738207623061e-05,8.583832772097824e-06,4.801782487166118e-08,0.0022995742639928085
58,7.726367442218056e-06,0.0031116511894281303,1.940484856067579e-06,0.010765376167902609,9.823630523132748e-07,3.5446709941459466e-07,0.00048741819903222857,1.5406225646934793e-05,3.135009650672991e-05,0.00045195686005506275,1.9786030489452184e-07,0.031184544738630117,2.150266138369669e-06,0.9513420035653694,3.157447056844061e-07,1.7129351017690034e-05,1.7743344688583753e-06,0.0002316024828983584,1.3184931478114067e-07,2.1664809573086843e-05,0.0001014107233080257,3.647676023045119e-05,8.47751478247194e-06,4.8357468478850275e-08,0.0021779092207678792
59,7.642020462197015e-06,0.003263301546386375,2.092367899491033e-06,0.011514329275483667,9.943549111637346e-07,3.6714792574794157e-07,0.0005080997929104577,1.5935778178208645e-05,3.155146780934386e-05,0.0004956798209479011,2.0104238183059298e-07,0.03106459911575925,2.075186506311565e-06,0.9504539628947943,3.2495495642942324e-07,1.7774941851883384e-05,1.7590856568445963e-06,0.00023017464338705146,1.3185254026769953e-07,2.2912315993231276e-05,0.00010697960260344825,3.692772832121628e-05,9.144161936249486e-06,4.9956999244316825e-08,0.002212988943397847
60,6.872282536763563e-06,0.0030400404740634403,1.7888785469146686e-06,0.010334532937038576,9.229777608611396e-07,3.2757162551530057e-07,0.0004697883652858323,1.5095128835917489e-05,2.8294189250045692e-05,0.0004617030285134969,1.7968320239189144e-07,0.028170648874184898,1.8193832370002503e-06,0.9549473530384659,3.0562898063710226e-07,1.6073348755492584e-05,1.6669719078671222e-06,0.00021908268886158122,1.1738266616242258e-07,2.0601448480905812e-05,9.753197555959678e-05,3.522548566895622e-05,8.09189622492905e-06,4.049374704741395e-08,0.0021218958665990394
61,7.60377393064748e-06,0.003262914296754146,2.053955785371236e-06,0.011336007949342232,9.988483908024465e-07,3.645029069968357e-07,0.000505739930297748,1.6197588286856855e-05,3.105753012362333e-05,0.0004930451525453555,2.025992122565269e-07,0.030396707957941263,2.033200131582074e-06,0.9513326353793684,3.246020471534482e-07,1.74498981666822e-05,1.7766644315891768e-06,0.00022971108522485464,1.330376596513835e-07,2.263443924363822e-05,0.00010576229648744046,3.7140213553957294e-05,9.130173831234631e-06,4.910508985237726e-08,0.0021883258192466446
62,6.872282536763563e-06,0.0030400404740634403,1.7888785469146686e-06,0.010334532937038576,9.229777608611396e-07,3.2757162551530057e-07,0.0004697883652858323,1.5095128835917489e-05,2.8294189250045692e-05,0.0004617030285134969,1.7968320239189144e-07,0.028170648874184898,1.8193832370002503e-06,0.9549473530384659,3.0562898063710226e-07,1.6073348755492584e-05,1.6669719078671222e-06,0.00021908268886158122,1.1738266616242258e-07,2.0601448480905812e-05,9.753197555959678e-05,3.522548566895622e-05,8.09189622492905e-06,4.049374704741395e-08,0.0021218958665990394
63,6.968417380997103e-06,0.003252832676569249,1.7974768704972807e-06,0.010403018286902863,9.41324859323648e-07,3.2668817055104475e-07,0.0004690586135733154,1.4793938930869734e-05,2.8597379251520925e-05,0.00046645671440271165,1.7998775398941838e-07,0.0278674209570808,1.764869232639642e-06,0.9549535107401509,3.1048298430648964e-07,1.56514169949683e-05,1.6662525760107831e-06,0.0002134424148932065,1.195392069408966e-07,2.0764626311378512e-05,9.757105694040224e-05,3.530360611018897e-05,8.331407073966168e-06,4.0619403622140234e-08,0.002139130506374928
64,6.266998191641485e-06,0.0030078950382019924,1.6790023567874203e-06,0.010307913860700589,8.774692346599503e-07,3.1556653668603363e-07,0.0004523627490557299,1.4162815977101818e-05,2.7145826435439727e-05,0.0004700153626824394,1.6924019059510192e-07,0.02831955614372556,1.8001526698923283e-06,0.9548695234996393,2.9689727162559076e-07,1.5313675582745617e-05,1.6808534940563213e-06,0.00021150535054692684,1.1327369811534351e-07,2.0904911622588394e-05,0.00010601198948170141,3.6070448770079303e-05,8.28737049432692e-06,3.9116139228038275e-08,0.002120092387300293
65,8.109577460000625e-06,0.003134336885167529,1.918398913500308e-06,0.010633708716763345,9.99639764477098e-07,3.569727359763781e-07,0.00048103312448809807,1.5193145094456852e-05,3.399531040064322e-05,0.00042241321089736246,2.014214756443781e-07,0.03173046070002592,2.1809978884968546e-06,0.9509389689924617,3.1983668264765824e-07,1.7630199182819542e-05,1.8093654604187926e-06,0.0002425676767877877,1.3311133870748137e-07,2.0447668087810123e-05,9.903649065414781e-05,3.784317333724148e-05,7.880994110555487e-06,4.8271326003871974e-08,0.0021684061194947434
66,5.934720291617471e-06,0.002780646754463553,1.4987116887922248e-06,0.009750308763515188,7.483508944962254e-07,2.747509002964088e-07,0.0004187140587002873,1.4321348565348928e-05,2.5294769864878548e-05,0.00038795668337440037,1.6433602167078635e-07,0.027346811966152365,1.4827560487778929e-06,0.9570286917091892,2.7898296761451943e-07,1.4115020226241248e-05,1.4266546376505953e-06,0.00019923266650916652,1.0274549839598946e-07,1.6409858724653368e-05,8.320432158989315e-05,3.444727600615534e-05,6.766458262663488e-06,3.267301400695537e-08,0.0018811336628925222
67,1.2592627754747924e-05,0.005562867188454934,3.1232937565143777e-06,0.010183912209269503,1.2145723725793808e-06,3.1507016169043734e-07,0.0010191597407922747,2.4460499614927852e-05,4.647455302307956e-05,0.0005325895401977705,2.621181644964775e-07,0.046293446193459334,1.398886160593849e-06,0.9330647600468877,5.976304147484599e-07,1.7608090556472804e-05,1.3977597117034488e-06,0.00024261098058874566,2.2248972416020065e-07,1.3863253255876464e-05,0.00011341475033528437,5.773364540287742e-05,8.006247320353944e-06,4.4615172103235537e-08,0.002797923997447634
68,7.806923425752455e-06,0.003032213766507261,2.2894176813703814e-06,0.012173039239653606,7.378301297284118e-07,2.9704112983169184e-07,0.0004943048112106772,1.6392821173765435e-05,2.804600969263378e-05,0.0005201597616114385,1.5876635666640143e-07,0.034356032678762624,1.9298506123348037e-06,0.9467085879681083,2.5274781122351207e-07,1.471626057582264e-05,1.6215695052137798e-06,0.0002487467611109791,1.1407920625530128e-07,2.043849288987293e-05,0.00011501167642912468,3.667353353143076e-05,8.56319587584267e-06,4.276718096344219e-08,0.002211822029827047
69,7.288461687202042e-06,0.0031220842007312036,1.7175587501430293e-06,0.009650355822348997,8.733129764158121e-07,3.151155690087388e-07,0.00046290226908122205,1.4270065156980452e-05,2.88886519939026e-05,0.0004602862100138488,1.6064245932107217e-07,0.02686984136171108,1.6125750262963231e-06,0.9567663934514241,3.0262508380765275e-07,1.4841229456620172e-05,1.5897906914089482e-06,0.0002329817305550383,1.1396266152668875e-07,1.770966325512757e-05,9.217459465196783e-05,3.5337065836260736e-05,7.039860234078921e-06,3.497396447789957e-08,0.0022108848046797063
70,6.2487593472596895e-06,0.0037739432092329427,1.7961468291607937e-06,0.010754379399783095,9.764540431351491e-07,3.9926581444510873e-07,0.0005433938041578719,1.5019010485302078e-05,3.174588432186956e-05,0.0005981457370834373,2.229177315515035e-07,0.030827089681352605,1.684830096174877e-06,0.9508907095633364,3.644439101918562e-07,1.6944898190790226e-05,1.6498899947374434e-06,0.00020980981338826913,1.72765750143602e-07,2.0112110560225393e-05,0.00013762714452134856,4.656086859310963e-05,1.1082219280067913e-05,5.445985615641015e-08,0.0021098667223394558
