,0,1,2,3,4,5,6,7,8,9,10,11,12,13,14,15,16,17,18,19,20,21,22,23,24
0,5.36366855792866e-06,0.007000603521768673,6.170037478390455e-06,0.05598718718237372,3.970646419246395e-07,5.68894428819538e-07,0.0007182594828885875,5.497486764435766e-05,6.134975331283377e-05,0.0007634415486714998,5.734660087576587e-07,0.06291648920464121,8.295818100651077e-07,0.8706253832160309,8.316710230991702e-07,3.257425529155236e-05,1.0886022476235647e-06,0.00019527705092942213,2.981183701503882e-07,1.6990348732568313e-05,0.00017935615386449155,0.0001562835527959593,1.9050233463393585e-05,1.202286427776235e-07,0.0012565382943815074
1,6.702212223305719e-06,0.008450538531090533,8.976682519899019e-06,0.06416037082050972,5.564021898744257e-07,8.692763457037424e-07,0.0009063029541068682,7.252187869405283e-05,9.379599036947717e-05,0.0009359380816254186,7.358581380677116e-07,0.07316882070300096,1.1928150394183263e-06,0.850055585868532,1.2332694567983282e-06,5.4970824818408144e-05,1.318892317399898e-06,0.00021504961538958833,4.531077908793092e-07,2.3221811094196767e-05,0.00023410272930571985,0.00018413817326569392,2.2209237257198246e-05,1.7607719678571877e-07,0.001400218187722185
2,5.843054948644108e-06,0.007369965756721073,5.743800364511132e-06,0.047183488540109196,5.822456323429714e-07,6.367341140614687e-07,0.0007156134298164441,5.443652534874226e-05,6.975770516867744e-05,0.0006933949169440439,6.19420550187319e-07,0.056562084283215526,1.009752367163721e-06,0.8853724983698905,1.0324172254606648e-06,3.737139310590989e-05,1.3013126735507593e-06,0.00019045962795157914,3.199369699838637e-07,2.1091912766029452e-05,0.0001721976930651602,0.00014593247607700145,1.9082237924103922e-05,1.2094987503989788e-07,0.0013754155071751288
3,5.7686190475029354e-06,0.007327042826842036,6.7693956318017504e-06,0.057463241023857484,4.983329569199229e-07,6.921972651263377e-07,0.0007588045150613025,6.122413124349904e-05,7.650925736412689e-05,0.0007466042479022563,6.756224859680088e-07,0.06680987486541357,1.0636304253906001e-06,0.8647690725940747,1.0268960560212118e-06,4.119086631614934e-05,1.3108067959114968e-06,0.00020361554624774857,3.601653111986158e-07,2.0451927718998165e-05,0.0002049353911448286,0.00017196511192234243,2.0220122418628497e-05,1.440898142342705e-07,0.0013069378166820202
4,6.006765119923309e-06,0.014496342227147867,1.3710198828325895e-05,0.08445206964102817,5.15860946729608e-07,1.0221919578369461e-06,0.0015433961277614607,0.0001248030376782577,8.60007454227879e-05,0.0024833758700603366,7.661133064817876e-07,0.04977664933929067,3.1783714779711287e-07,0.8449199311134048,1.8273013230567142e-06,6.927256528817891e-05,6.351120942944081e-07,0.0002093194261515991,5.1351546912527e-07,2.1100935572441267e-05,0.00023908197286351914,0.0001991155594073892,3.0371504947202487e-05,1.5886054382497093e-07,0.0013236961772378276
5,5.622379648052633e-06,0.0068281572565546695,6.1466883223144565e-06,0.06106828938955955,4.224942796869368e-07,6.47045914434232e-07,0.0006608300878711942,5.474026813386463e-05,7.348451266757742e-05,0.0006941800199139817,6.284792875408911e-07,0.0682569241620726,1.0720156771453168e-06,0.8604257698500731,8.932962939731583e-07,3.775790689064067e-05,1.319625388735259e-06,0.00021950698530385072,3.275692418701214e-07,1.9553914213731933e-05,0.0002019350047664009,0.0001739515954861378,1.8942574174674744e-05,1.4598786148726637e-07,0.0012487508904027048
6,5.7686190475029354e-06,0.007327042826842036,6.7693956318017504e-06,0.057463241023857484,4.983329569199229e-07,6.921972651263377e-07,0.0007588045150613025,6.122413124349904e-05,7.650925736412689e-05,0.0007466042479022563,6.756224859680088e-07,0.06680987486541357,1.0636304253906001e-06,0.8647690725940747,1.0268960560212118e-06,4.119086631614934e-05,1.3108067959114968e-06,0.00020361554624774857,3.601653111986158e-07,2.0451927718998165e-05,0.0002049353911448286,0.00017196511192234243,2.0220122418628497e-05,1.440898142342705e-07,0.0013069378166820202
7,7.89576528449191e-06,0.008123721499616505,9.154105674491982e-06,0.05963214450362673,5.692038874281972e-07,8.008678278863595e-07,0.0008770678962109611,6.833228309988442e-05,8.436387322677505e-05,0.0008392291214265994,7.3543123448061e-07,0.07176721291130306,1.296130628484743e-06,0.8564975820154429,1.0055966866571229e-06,4.292896369469929e-05,1.3751319625509395e-06,0.00022536923320070403,4.3303892351998127e-07,2.237074703420834e-05,0.000208317898790732,0.00015763778564435377,2.223399351998149e-05,1.813297281153285e-07,0.001408040672323803
8,5.767616793296534e-06,0.007410867969296583,6.774136595246107e-06,0.05762564578541807,4.945365824348184e-07,6.867765877111396e-07,0.0007506998443910956,6.053967981531785e-05,7.497374643000776e-05,0.0007510502563356022,6.636376339086532e-07,0.06589610170341437,1.0505911547709055e-06,0.8654671047536047,9.969943062438547e-07,4.042487691652761e-05,1.2932735735763665e-06,0.00019940508418359918,3.55909117672973e-07,2.0578103184778574e-05,0.0002003991191487607,0.0001664984420659889,2.0401776502214846e-05,1.4327439015154775e-07,0.0012970821125572849
9,2.7732826551471e-05,0.003260729435928603,3.398295638069079e-06,0.007054246525560396,3.544361626691693e-06,9.890990144561014e-07,0.0010184278216338665,0.00011924882853367665,0.00021497549732010804,0.0001299543834612679,3.0592494594157037e-06,0.06581174510000527,4.126037164862258e-06,0.9185884499336416,6.342715879718001e-06,6.623763885759157e-05,5.859443889853409e-06,0.0007833242553719518,1.4470227098092872e-06,1.1050988596188164e-05,0.0001299229266070483,0.0005224985954854581,5.718571487538357e-06,1.563740251999124e-07,0.002226814071550036
10,5.7686190475029354e-06,0.007327042826842036,6.7693956318017504e-06,0.057463241023857484,4.983329569199229e-07,6.921972651263377e-07,0.0007588045150613025,6.122413124349904e-05,7.650925736412689e-05,0.0007466042479022563,6.756224859680088e-07,0.06680987486541357,1.0636304253906001e-06,0.8647690725940747,1.0268960560212118e-06,4.119086631614934e-05,1.3108067959114968e-06,0.00020361554624774857,3.601653111986158e-07,2.0451927718998165e-05,0.0002049353911448286,0.00017196511192234243,2.0220122418628497e-05,1.440898142342705e-07,0.0013069378166820202
11,5.97417840277338e-06,0.007208255639876638,6.9023464590999084e-06,0.05763437828712185,5.18128568567562e-07,7.028056726387326e-07,0.0007596179293108675,6.109706935646679e-05,7.781919458918855e-05,0.0007278598012093601,6.979751161399986e-07,0.06894412318731084,1.1768607570285945e-06,0.8625707325450587,1.024357341933709e-06,4.1562441214537405e-05,1.3891173228796462e-06,0.00020665118036574954,3.672531568581201e-07,2.134865284333135e-05,0.0002072163374625534,0.00017192150691017793,2.073155233388813e-05,1.5180109367455964e-07,0.0013277798511444037
12,5.3933271637820054e-06,0.006880275514343047,5.57149016138763e-06,0.05075027388404145,4.776614167402622e-07,6.224927978199774e-07,0.0006484611102340001,5.2156376434737284e-05,6.695663432305044e-05,0.0006881609980355383,5.685751293707864e-07,0.05736059867556606,9.862639911271305e-07,0.8816506562640515,8.776973987481392e-07,3.5183204072317535e-05,1.3174763259884752e-06,0.00019683641436060107,3.0449065236801356e-07,1.9559360477763254e-05,0.00018428097089657344,0.0001515170922465529,1.8157273849463165e-05,1.1844549859963868e-07,0.001280688306531509
13,8.494961565304398e-06,0.010778988912006902,9.336365556243225e-06,0.06768421616736611,6.483807214868592e-07,9.504145067271631e-07,0.0009385133942026571,6.242736260584432e-05,0.00010201962502050324,0.001179218636539781,6.0274526177477e-07,0.06712129184087264,1.2576710167086444e-06,0.8496225001492996,1.2118163096134663e-06,5.403226443946227e-05,1.5082050357473988e-06,0.0002460976379031395,4.647447248910893e-07,2.704757064018387e-05,0.0002443301128194538,0.00017317829883638613,2.3541179158527884e-05,1.8343454653418836e-07,0.0017179381090438105
14,5.846811205180448e-06,0.007189895135078122,7.154245728542541e-06,0.059807089719268944,4.889724704098265e-07,7.03498013654396e-07,0.0007622111338832402,6.29633886292981e-05,7.9092159231257e-05,0.0007518379279992971,6.690205076065314e-07,0.06995110546325375,1.1234691836494992e-06,0.8593560054556557,1.0397588007904912e-06,4.269551907995542e-05,1.3512225311806865e-06,0.0002096500275597619,3.6015591527729193e-07,2.1086683167269393e-05,0.00021577421971067835,0.00017684967963617966,2.0248350146888643e-05,1.4667532683946177e-07,0.0013346113080166283
15,5.7686190475029354e-06,0.007327042826842036,6.7693956318017504e-06,0.057463241023857484,4.983329569199229e-07,6.921972651263377e-07,0.0007588045150613025,6.122413124349904e-05,7.650925736412689e-05,0.0007466042479022563,6.756224859680088e-07,0.06680987486541357,1.0636304253906001e-06,0.8647690725940747,1.0268960560212118e-06,4.119086631614934e-05,1.3108067959114968e-06,0.00020361554624774857,3.601653111986158e-07,2.0451927718998165e-05,0.0002049353911448286,0.00017196511192234243,2.0220122418628497e-05,1.440898142342705e-07,0.0013069378166820202
16,1.7224013440160463e-05,0.009861454030917585,2.5685044162173215e-05,0.09095447261475455,1.2030328231868376e-06,1.7974090547966694e-06,0.0012709990033101465,0.00011100430839430985,0.00015141498920369446,0.0008238214508816873,1.6795520369573307e-06,0.06517866799243159,2.1076677837046906e-06,0.8293563137676087,1.325036145653354e-06,6.527870036471178e-05,1.6174337662209897e-06,0.000279888709082316,5.922790725809374e-07,3.1135791754978026e-05,0.000137600732095335,0.00010714107745387476,3.246539877701991e-05,4.0248459727871126e-07,0.001584707480086923
17,1.0658104632779753e-05,0.011903243708307141,1.7485984160702446e-05,0.08256089245025139,6.701931870323023e-07,1.4073068065546592e-06,0.0014283266386568867,9.747487546835705e-05,0.00014746913360347822,0.0013792657405887114,9.55805695359107e-07,0.08874500334722961,1.2761472415641948e-06,0.8109888793892588,1.9632866367189913e-06,7.646535496394812e-05,1.192328662995222e-06,0.0002821015905025207,7.083267783795992e-07,2.3514781240987608e-05,0.0002992309906826248,0.00020648487928684784,2.3963791946131785e-05,2.6384626083788876e-07,0.0018011019979497893
18,4.7980409377642365e-06,0.006003555590360931,4.359830985743452e-06,0.04411843346530361,4.207653952503271e-07,4.869578037712722e-07,0.0005906681104955753,4.415143992036471e-05,5.6222538333892896e-05,0.0006311500865542541,4.6881438110083433e-07,0.05750302504831732,9.465890335311898e-07,0.8891136965253058,7.633064411862569e-07,2.8682698158706395e-05,1.3495288691774195e-06,0.00019958223651281304,2.521264711660154e-07,1.78686476652555e-05,0.00018308607578724904,0.0001527507029047719,1.607226728773424e-05,9.331706674177357e-08,0.0013271152897062536
19,7.289380664234599e-06,0.006242805224583932,4.124447246420372e-06,0.032572322918257415,6.116295362789798e-07,1.0284129751884211e-06,0.00034507883409604664,4.4201227881205414e-05,5.048086948734086e-05,0.0007038508755722563,6.271598709146424e-07,0.02154335313700098,8.18968545313987e-07,0.9369681900196453,5.728086026497527e-07,2.8677560613287496e-05,1.5581916440792856e-06,0.00025737434429138836,3.575477318219135e-07,2.0449257397412846e-05,0.00011701384450747574,8.679357993345039e-05,1.734501681874503e-05,1.4055422531485424e-07,0.0009849341888716451
20,3.989332901811541e-05,0.020436722929776354,1.1868917450734587e-05,0.039408259797915436,2.248110664358322e-06,2.0368801678546284e-06,0.0005890321183698309,7.0519461510655015e-06,0.00013867194095218833,0.001399799046091746,1.8419743884116827e-07,0.02726092393717052,4.838091601867407e-06,0.9079038219969685,8.631337715554981e-08,2.343585452080254e-05,1.6490483473398618e-06,0.00023615133882429684,3.239804669098768e-07,5.545675625634641e-05,0.00013570791870125057,8.569986715060626e-06,2.8428350690115422e-05,4.3259632580070205e-07,0.0023044046160374436
21,1.5645965781262313e-05,0.014846584678188945,2.1909185099446238e-05,0.09220987373854365,1.824229491893014e-06,1.9448161038120815e-06,0.0020755105261906956,0.0001421493882589375,0.00015321778175387638,0.0023351868421552695,1.8813872269243236e-06,0.07870199833712366,2.4306432120189178e-06,0.8039944697904294,3.563412243701957e-06,6.106680795703839e-05,5.686153599063952e-06,0.0005384010279343974,1.181659687942598e-06,5.22051661673686e-05,0.0005567482186715183,0.0005206000039447586,7.491703376868461e-05,4.24577116346044e-07,0.003680578629349223
22,4.204809275191976e-06,0.008767156403051335,6.887402736312622e-06,0.06796878573022358,5.478980808334894e-07,6.010712678487963e-07,0.0011287489783107579,5.525494318947512e-05,8.553027318420462e-05,0.0008259808210548817,6.835118284050198e-07,0.09469059642009856,1.1135496474457132e-06,0.8245834393516542,1.0675193956138589e-06,4.7861838877259725e-05,8.692468572956341e-07,0.00012213893752206865,3.5563497034042883e-07,2.1790579757145215e-05,0.00020852155485498634,0.00015087671623379667,2.7757726345293843e-05,1.639829763444912e-07,0.0012990650986069768
23,5.7686190475029354e-06,0.007327042826842036,6.7693956318017504e-06,0.057463241023857484,4.983329569199229e-07,6.921972651263377e-07,0.0007588045150613025,6.122413124349904e-05,7.650925736412689e-05,0.0007466042479022563,6.756224859680088e-07,0.06680987486541357,1.0636304253906001e-06,0.8647690725940747,1.0268960560212118e-06,4.119086631614934e-05,1.3108067959114968e-06,0.00020361554624774857,3.601653111986158e-07,2.0451927718998165e-05,0.0002049353911448286,0.00017196511192234243,2.0220122418628497e-05,1.440898142342705e-07,0.0013069378166820202
24,1.744271421451454e-05,0.013286458788239175,7.57922802536296e-05,0.12154409983707685,1.8067722883984899e-06,3.1178297319842912e-06,0.005951665389309643,0.0002873593314376483,0.000508939985511416,0.0027277615287434444,2.5596830455735006e-06,0.2614082090419369,3.6187267768361527e-06,0.5862638706254344,1.187007479390875e-05,0.00024668063557014663,2.4691680189684037e-06,0.000527241381117031,2.0198407265329403e-06,4.584604541270883e-05,0.001650934811897508,0.0007682046602233383,5.1943350218211636e-05,6.818524233610736e-07,0.0046094056455977615
25,4.583264347677395e-06,0.006034510581920845,5.556846232506036e-06,0.05387656732133402,4.2497530201850835e-07,6.010685513938171e-07,0.0006661268154319741,6.227183452209291e-05,6.24849731017538e-05,0.0006090428207251469,7.125574444008166e-07,0.05928089180210894,8.543765249311214e-07,0.8777705642035944,8.900033046369494e-07,3.6189012207509196e-05,1.1316054069650515e-06,0.00018011492124299993,3.066690939608028e-07,1.716145657827432e-05,0.0001706676571678047,0.0001592966345414097,1.8349083061559333e-05,1.2524597451075438e-07,0.0010405742702781734
26,1.0171907828705115e-05,0.009222319351539165,1.0102084449874993e-05,0.07314491972056823,6.519674524965208e-07,1.0113406819779335e-06,0.0007331231242024222,5.735659275951519e-05,0.00010219051678252728,0.0008688003166958609,8.094896733855726e-07,0.0700088453316001,1.7512350330488319e-06,0.8436396149116466,8.31788844407184e-07,4.4107186651793634e-05,1.8353803288525055e-06,0.0002753316884526727,4.815678989157582e-07,2.925522066312882e-05,0.00023032971030903531,0.00015607223663434785,2.8398460434675153e-05,2.875692675811055e-07,0.001431401299600706
27,5.411767366182736e-06,0.006986906423106112,6.558617133693953e-06,0.0603192378277135,4.655681973272329e-07,7.006587779798462e-07,0.0007406773807154777,6.514248750511085e-05,7.890481929038424e-05,0.0007386985785245181,7.324318418741823e-07,0.06827011021067489,1.0045113099382191e-06,0.860780161732935,1.1590280736280755e-06,4.40510583613582e-05,1.351687448838241e-06,0.00021780180272080324,3.6900303490967895e-07,1.9685822780251932e-05,0.00021355615308638127,0.00020815265920654232,2.008051230469377e-05,1.464945525577088e-07,0.0012789327633380267
28,5.7686190475029354e-06,0.007327042826842036,6.7693956318017504e-06,0.057463241023857484,4.983329569199229e-07,6.921972651263377e-07,0.0007588045150613025,6.122413124349904e-05,7.650925736412689e-05,0.0007466042479022563,6.756224859680088e-07,0.06680987486541357,1.0636304253906001e-06,0.8647690725940747,1.0268960560212118e-06,4.119086631614934e-05,1.3108067959114968e-06,0.00020361554624774857,3.601653111986158e-07,2.0451927718998165e-05,0.0002049353911448286,0.00017196511192234243,2.0220122418628497e-05,1.440898142342705e-07,0.0013069378166820202
29,5.7686190475029354e-06,0.007327042826842036,6.7693956318017504e-06,0.057463241023857484,4.983329569199229e-07,6.921972651263377e-07,0.0007588045150613025,6.122413124349904e-05,7.650925736412689e-05,0.0007466042479022563,6.756224859680088e-07,0.06680987486541357,1.0636304253906001e-06,0.8647690725940747,1.0268960560212118e-06,4.119086631614934e-05,1.3108067959114968e-06,0.00020361554624774857,3.601653111986158e-07,2.0451927718998165e-05,0.0002049353911448286,0.00017196511192234243,2.0220122418628497e-05,1.440898142342705e-07,0.0013069378166820202
30,5.7686190475029354e-06,0.007327042826842036,6.7693956318017504e-06,0.057463241023857484,4.983329569199229e-07,6.921972651263377e-07,0.0007588045150613025,6.122413124349904e-05,7.650925736412689e-05,0.0007466042479022563,6.756224859680088e-07,0.06680987486541357,1.0636304253906001e-06,0.8647690725940747,1.0268960560212118e-06,4.119086631614934e-05,1.3108067959114968e-06,0.00020361554624774857,3.601653111986158e-07,2.0451927718998165e-05,0.0002049353911448286,0.00017196511192234243,2.0220122418628497e-05,1.440898142342705e-07,0.0013069378166820202
31,8.685091942132643e-06,0.008162689609983056,9.082613644890997e-06,0.055604491320290245,5.523655414546178e-07,7.478919833652861e-07,0.0008562240920187233,7.626801293946495e-05,7.538125233499245e-05,0.0008307994697677934,7.141590915646126e-07,0.06445871217662069,1.1676011437507802e-06,0.8678939884045471,9.526202393284123e-07,3.8454684439195635e-05,1.3986952700602965e-06,0.00023467241304375955,4.3838432322837046e-07,2.0275678569869594e-05,0.0001876678372883576,0.00015470223024891344,2.0809551878549462e-05,1.607885928603669e-07,0.0013609630542568405
32,6.043632033578623e-06,0.007548154188682944,6.930579502286503e-06,0.05725343716632466,5.106186408950825e-07,7.209976120599335e-07,0.0007718302365164396,6.279773154260121e-05,7.895117680592659e-05,0.0007656269181692681,7.088785995675451e-07,0.06781227405547251,1.0894820715390475e-06,0.8636889343215092,1.062764458444043e-06,4.198263071802892e-05,1.352370983858464e-06,0.00020976580893934858,3.9170155678444375e-07,2.0468697677490817e-05,0.00020999648114039673,0.0001800362568534628,2.0807603417025496e-05,1.52525795366241e-07,0.0013159731749761876
33,1.0080306963894492e-05,0.012190741381290057,1.4676003355691713e-05,0.07251042869874942,6.48159968694802e-07,8.522942847790023e-07,0.0014212468162741539,7.139016711023551e-05,0.0001367524488564006,0.0010594653927448296,6.942621946347559e-07,0.10227115551682144,1.0879956468305646e-06,0.8072102705618522,1.8337825209859782e-06,4.941569736753304e-05,1.0780786004906277e-06,0.00025269697948287264,4.5835984180481755e-07,2.108804667441078e-05,0.0003027759941503478,0.000180880735109715,2.0675701577244316e-05,1.6393699825276627e-07,0.0022694426815626353
34,6.487607263129051e-07,0.0027674643020116963,1.4821710865364763e-06,0.06749546281943447,1.551417254747161e-07,2.7385663034232354e-07,0.00038029910137375494,3.446492842432336e-05,1.7069103388789865e-05,0.0010042112945951667,2.528492471657089e-07,0.03730867933996289,3.739596944958831e-07,0.8897297577376272,4.873197914724213e-07,3.674954711875187e-05,7.290489192157934e-07,0.00010471324585182895,7.050724223787966e-08,2.036645550649209e-05,0.00015336671688564841,0.00014719232696961882,2.010007050056456e-05,4.311660993291174e-08,0.0007755862786756803
35,4.079916339088365e-06,0.0068849707942089736,5.675888312179655e-06,0.056414561033726024,5.237200113066462e-07,6.912183071053473e-07,0.0006990349582990101,5.4472030284312225e-05,6.658304846695455e-05,0.0007499014899664421,6.809122450585068e-07,0.05832736411939091,9.928330773646429e-07,0.8749912560480461,1.0418426329002262e-06,4.457819101734253e-05,1.2283877656280262e-06,0.00015461077957858166,3.089651848440948e-07,2.3625008456615133e-05,0.00019025319853549234,0.0001542182952442213,2.2980647129977406e-05,1.340158854728124e-07,0.0012062326578881311
36,6.051156514176015e-06,0.005502760567045918,6.2213222168422575e-06,0.04899307303885223,4.1376090701623707e-07,5.284217136057022e-07,0.0007745198689278688,6.675542589722628e-05,7.410174278394983e-05,0.0005196081107905755,7.050654849138156e-07,0.08622864646490636,1.167086617568563e-06,0.8559341106447522,1.0507425816307693e-06,4.043496134118348e-05,1.1898102716910522e-06,0.00020887649261485178,3.4195415638222134e-07,1.4711593172050109e-05,0.00016409676759592063,0.00019139436451549616,1.4705485017363527e-05,1.206163008985132e-07,0.001254414535022079
37,3.0307869492692695e-06,0.005378092164298746,4.309691579044181e-06,0.0452074279277727,4.429706290020336e-07,5.682138385513898e-07,0.000655955251257396,5.8274472308543964e-05,5.71153503433855e-05,0.0006284957933062143,6.144417991135958e-07,0.050082163899590595,6.823115664500721e-07,0.8962275812426186,1.1766447403820163e-06,4.021399662671885e-05,1.0315645383745477e-06,0.00014593594611342104,2.456449520616414e-07,1.685431612898118e-05,0.0001675908471514726,0.00015998980670682192,1.660384928981717e-05,7.770361281799036e-08,0.0011455251622818556
38,6.953429384925827e-06,0.008011072803037516,7.972941714208852e-06,0.05592176650647983,5.890037748857652e-07,8.061955219251674e-07,0.0008756073621195803,6.549047573969453e-05,8.783331786886607e-05,0.0008011687090537127,7.250960264063457e-07,0.06934092776462293,1.180996344216328e-06,0.8627590744326593,1.1903100818754186e-06,4.690194032672556e-05,1.318309273734665e-06,0.00021311836972170352,4.1916015864332665e-07,2.1135742612775455e-05,0.00020759100188233839,0.00016741560995892793,2.018517304054543e-05,1.5966896444861798e-07,0.001439395679630255
39,7.01445634974559e-06,0.006372026179676857,1.0703054144843318e-05,0.07100612070804749,5.944820049508043e-07,1.1717281177955532e-06,0.0009096224503668934,9.524031739733998e-05,0.00010040544177214854,0.0009962501295768076,8.646957660265747e-07,0.07666615355893402,1.8253389293110538e-06,0.8413344497151467,1.3927699405804474e-06,6.861216849453793e-05,2.0578824310531184e-06,0.0002951006388134205,5.257834335635473e-07,2.7996458937235577e-05,0.00033753006316843365,0.00023038474777995832,2.3448098587521617e-05,2.1055646305198853e-07,0.0015102985757196245
40,3.59369596224189e-06,0.006635921298350592,3.955322497545052e-06,0.10577586846673766,3.4342666668370866e-07,8.14916283819346e-07,0.00044754764320245724,5.8796651847601826e-05,3.892086727200171e-05,0.00152088623451309,5.965850822044702e-07,0.03415149438925503,7.376641545350103e-07,0.8497946456845689,4.4263465023300624e-07,4.6902754621355e-05,1.8650878250087843e-06,0.00025161807316459575,3.1107400945825253e-07,3.5146979564214165e-05,0.00024529305805929744,0.0001728397042856882,3.687012732631917e-05,2.3536422144001866e-07,0.0007743522958780465
41,4.375955670109158e-06,0.006765557019618109,5.56878383794564e-06,0.06118452408086874,3.341943464799744e-07,6.157862170192515e-07,0.0006237067227838783,5.7080459052450175e-05,5.869136543829144e-05,0.0008296262885617885,6.002559879320009e-07,0.06244920950132201,8.006997751613158e-07,0.8662520509509694,7.974520796218647e-07,3.423320061393627e-05,1.189742577619405e-06,0.00019481543595637382,3.436142223459761e-07,1.817677844997211e-05,0.00022085700216875365,0.00018732892197557619,2.1234152811395746e-05,1.3621811220447115e-07,0.0010881454165830977
42,5.317794926280056e-06,0.006899572259052421,8.627802812450572e-06,0.07949472079009687,4.238073861540419e-07,9.122609428783343e-07,0.00084800023206013,9.204771103233388e-05,9.055441780683113e-05,0.0009968323912150727,9.252112686820818e-07,0.08724846893235039,1.2669648267827611e-06,0.8221184528223588,1.3910262553252856e-06,6.651031397813979e-05,1.5661538231726099e-06,0.00024599853458172886,5.448606825999254e-07,2.350652191827233e-05,0.0003021840533743611,0.00029814418352855685,2.625885628554185e-05,2.1701742044408048e-07,0.001227555080015957
43,6.485913969612312e-06,0.007389851060519293,7.063797894068363e-06,0.05637685736457227,5.204581019745897e-07,6.495412551305152e-07,0.000782370715686215,5.94054967554391e-05,8.335830914984098e-05,0.0006152787194327532,6.992025979092716e-07,0.07356473574608142,1.1306212550123177e-06,0.8591419791618841,1.0450967166375173e-06,3.930924991896059e-05,1.2465886548506445e-06,0.0002005379842531166,3.4753500283000444e-07,1.8871306374335118e-05,0.00018262653228909694,0.00015950858238720275,1.8227226218649312e-05,1.4202512557837475e-07,0.0013477517639038812
44,5.7686190475029354e-06,0.007327042826842036,6.7693956318017504e-06,0.057463241023857484,4.983329569199229e-07,6.921972651263377e-07,0.0007588045150613025,6.122413124349904e-05,7.650925736412689e-05,0.0007466042479022563,6.756224859680088e-07,0.06680987486541357,1.0636304253906001e-06,0.8647690725940747,1.0268960560212118e-06,4.119086631614934e-05,1.3108067959114968e-06,0.00020361554624774857,3.601653111986158e-07,2.0451927718998165e-05,0.0002049353911448286,0.00017196511192234243,2.0220122418628497e-05,1.440898142342705e-07,0.0013069378166820202
45,5.821935175047351e-06,0.006980751105424009,7.829467544999426e-06,0.06283734725698534,5.289274248237975e-07,7.899283973502334e-07,0.0008621346806019799,7.736145159844545e-05,8.448450793400116e-05,0.0007543448890678272,8.44062127874801e-07,0.07047625110239648,1.0910558550714064e-06,0.8558947668955871,1.3347253051589058e-06,5.176247503999613e-05,1.3181341131127116e-06,0.00021402381423120533,3.976213107957277e-07,2.0552759329981937e-05,0.00020407515327059632,0.00019788387425773353,2.040476997381608e-05,1.578531885977509e-07,0.001303741553858899
46,4.86242995695214e-06,0.0052644220123680705,5.876281219472493e-06,0.06969102387346564,4.27145516601148e-07,7.294094186320492e-07,0.0005351763178232081,5.8990332950774816e-05,7.015196830270358e-05,0.0006612666399999687,7.12617027008219e-07,0.0686977198031455,1.6415496700045478e-06,0.8529675396666354,8.865549074332753e-07,4.432126763832342e-05,2.1942551160456302e-06,0.00024346139872624247,3.2882321264272485e-07,2.6458059723006705e-05,0.0002428350456602941,0.0002260991921478375,2.2982298107636844e-05,1.7124001726606342e-07,0.0012297218172433054
47,7.235773159336663e-06,0.007754673961614621,7.81213608306875e-06,0.06079897470859992,5.39715233272836e-07,7.177485873720274e-07,0.0008299089477295232,5.999570819116698e-05,9.443599859069273e-05,0.0007715301929416985,6.679116236585562e-07,0.08549894196719666,1.4607101026071863e-06,0.8418638740559038,1.115357843930904e-06,4.8038971515974686e-05,1.5233941647290522e-06,0.00023595969092524692,4.077503698777136e-07,2.285324714020573e-05,0.00024231994845724404,0.0001969451973111002,2.0601902369448252e-05,1.7191010788266712e-07,0.0015392930942370268
48,6.486100191852792e-06,0.00899254865875784,6.787997312080392e-06,0.059219852929692396,5.101708748567485e-07,8.620963183494206e-07,0.0007513113601433599,6.562501877886899e-05,7.327869878844283e-05,0.0009346152378796783,7.997688189102976e-07,0.0602731026942552,1.0974713383964128e-06,0.8679209269871009,8.609906972706831e-07,4.188575767847814e-05,1.4153954301531764e-06,0.0001964895262770033,5.625482432728556e-07,2.0927555800887588e-05,0.00019239183897229605,0.0001764149993287152,2.6040500031730077e-05,2.0865451767960104e-07,0.001094997042771503
49,5.544773722746372e-06,0.007113303498444622,7.30792412456531e-06,0.06474708283765805,4.3603330818363733e-07,6.96143501724591e-07,0.0007358927689809892,6.123102097502911e-05,7.625657755627361e-05,0.0007676255328801256,6.685164588031098e-07,0.07370176973545689,1.127406686630711e-06,0.8507867214644135,9.896105208337844e-07,4.128829204921965e-05,1.309487274825389e-06,0.00020675058093702544,3.555125200504023e-07,2.115201546337204e-05,0.00022272916302028885,0.0001809579140764614,2.1234294350528242e-05,1.5595117413227845e-07,0.0012974129444453442
50,7.237185409619453e-06,0.007893173920639488,9.53896957851609e-06,0.09396679317873498,5.035136938025832e-07,1.0677247680467706e-06,0.0005980016680245835,5.8256122604699775e-05,0.00015542881004441126,0.0005486928353891702,9.82977857993131e-07,0.09203294808835236,1.741052138084401e-06,0.8025497027431256,1.2953007288637547e-06,6.121574394119839e-05,1.716294740167182e-06,0.0002784040572712343,4.415631199589448e-07,2.5970072394360262e-05,0.0002871802385530026,0.0002305046498888627,2.0875779953349985e-05,2.8668090485840084e-07,0.0012680408281425424
51,9.268026932036633e-06,0.005596457390979798,1.6426000494951145e-05,0.05712414582425973,2.075750012280036e-06,2.413367467563606e-06,0.0017402657600103875,0.00010496037143118428,0.00015712834593436034,0.0015716788609036964,1.3028118874420498e-06,0.09509603632390147,6.300037290283141e-06,0.8348224634432967,2.160197616438436e-06,0.00018555582486434017,3.2405565982464504e-06,0.0003038272051652368,7.662637520116141e-07,7.270671227157952e-05,0.000560733417434754,0.00018870635659500121,4.320963497282134e-05,4.6152874807386343e-07,0.0023877099871798283
52,5.500708751846826e-06,0.005267063969271795,5.371033772867271e-06,0.04488776923845646,4.4351960514280927e-07,7.617496395165663e-07,0.0005618712687915136,6.356336447024951e-05,6.318369729257998e-05,0.000657657824073693,6.98544721005246e-07,0.042304257136074296,7.861160368259676e-07,0.9044398398766091,1.0120440752972056e-06,3.973337263895328e-05,1.2044734337801203e-06,0.00025316998307085234,3.056064791262494e-07,1.624615757819412e-05,0.00014100121597690926,0.00015507431450869437,1.4488048974972636e-05,1.1377415793708902e-07,0.0011188829615384436
53,7.246863400929987e-06,0.007999305510482228,6.488600033938345e-06,0.06123620625189386,3.544635261332107e-07,8.19792132605088e-07,0.0004303353384857415,4.5811682873012875e-05,7.539183545110787e-05,0.000733749207573783,5.221359741910158e-07,0.05302568226918942,1.0739216315505693e-06,0.8745712750494479,6.902995078113784e-07,3.3048142492654075e-05,1.540077540331167e-06,0.00025427261384850213,3.7879329175924645e-07,1.9745878006338286e-05,0.00019723598740278243,0.0001547328638955684,1.7384330649886775e-05,1.567843085964574e-07,0.0011865513069593315
54,7.432837883979318e-06,0.0035476830625813627,4.232241570566542e-05,0.2594684548553313,7.583073155441372e-07,2.7530662033108148e-06,0.001604329116423337,0.00043060821030812277,0.0002499359636958594,0.0007033113846744171,6.667209583168318e-06,0.24629125919213227,1.185418278386822e-05,0.48452855406816486,8.895741173284184e-07,0.00013554018928177175,5.203126504840871e-06,0.00043736406683110655,2.0565598239587765e-06,6.443351913143303e-05,0.0013254371140475267,0.000525053341597934,0.00010186911414912755,3.7418416540372805e-06,0.0005024876800739361
55,1.0430164229858893e-05,0.007777388588551745,1.0792837664289298e-05,0.07353968415214791,5.42964764402898e-07,7.723283110003963e-07,0.0009879456398522298,6.1569188577575e-05,0.0001544786074098686,0.0005693590107895569,7.745208757015506e-07,0.14134139421148512,2.2977599073861977e-06,0.7729940003675294,1.1873082545781975e-06,5.239590301361555e-05,1.5129273674853497e-06,0.00029287821259282496,4.81312288923102e-07,2.022744011592593e-05,0.00027128572181532926,0.00020891771772402694,1.748330281552608e-05,2.436510263031297e-07,0.0016819561608895485
56,5.975331296254678e-06,0.007185412144595974,6.86687725700109e-06,0.05701629102384851,5.099874356252899e-07,7.070061411015049e-07,0.0007587010965109655,6.06958405852397e-05,7.845507831584068e-05,0.0007275313884121512,6.940029501178883e-07,0.06966770908331922,1.1761695655442766e-06,0.8624798179918092,1.0289985965364203e-06,4.142056248970444e-05,1.3802544095298204e-06,0.00020810997306960853,3.735065374372162e-07,2.0886949694464843e-05,0.00020918546339520556,0.0001741161374820888,2.0431394192211294e-05,1.5155997179405156e-07,0.001332372178118702
57,6.259147722191668e-06,0.0072320514999186574,7.593880389250379e-06,0.06259450370969895,5.201870958333625e-07,6.910836765397762e-07,0.000847625453717466,6.25709848104004e-05,9.087424384393667e-05,0.0007465625532099895,7.034406450699601e-07,0.09078975806043045,1.5130721406017575e-06,0.8354063451678326,1.0977392394925344e-06,4.776887753271248e-05,1.4938736923062137e-06,0.00021588908529844453,4.0349890273563845e-07,2.3052174089577026e-05,0.00024460300417124855,0.00019960594259275764,2.2093421600075906e-05,1.7202448501726107e-07,0.0014562478732635922
58,6.388017891948089e-06,0.007427442831986953,7.243812946393811e-06,0.06025385717678099,5.15188121971833e-07,7.547507589017144e-07,0.0007680349310443305,6.143439019416251e-05,8.469387332479692e-05,0.000725723181935704,7.395393162407007e-07,0.07378344677221076,1.2561431166423653e-06,0.8548828033000899,1.0207741331880239e-06,4.3436837893497155e-05,1.3779850440408413e-06,0.00021430091038369172,4.073834302766466e-07,2.1193664858688512e-05,0.00021455038118457166,0.00017683657673230494,2.1219409934320655e-05,1.7625170831930814e-07,0.0013011459149772522
59,6.3855503996562384e-06,0.007850599599130996,7.91063245689664e-06,0.06482815048592556,5.291415554533334e-07,7.882393966445774e-07,0.0008069037332172917,6.448491565025885e-05,8.65989740735199e-05,0.0008012542148944188,7.528473853667181e-07,0.07377511257056847,1.2268027196875441e-06,0.8497138782128862,1.07421791224127e-06,4.61750444151811e-05,1.3935125517538477e-06,0.00021544634086282678,4.111333713298068e-07,2.2859770576808538e-05,0.00023045098913493346,0.00018201850753332184,2.2797495705010048e-05,1.833472299923714e-07,0.0013326137204461557
60,5.7686190475029354e-06,0.007327042826842036,6.7693956318017504e-06,0.057463241023857484,4.983329569199229e-07,6.921972651263377e-07,0.0007588045150613025,6.122413124349904e-05,7.650925736412689e-05,0.0007466042479022563,6.756224859680088e-07,0.06680987486541357,1.0636304253906001e-06,0.8647690725940747,1.0268960560212118e-06,4.119086631614934e-05,1.3108067959114968e-06,0.00020361554624774857,3.601653111986158e-07,2.0451927718998165e-05,0.0002049353911448286,0.00017196511192234243,2.0220122418628497e-05,1.440898142342705e-07,0.0013069378166820202
61,6.411788401962246e-06,0.007878234303888565,7.813510301356523e-06,0.06370193234710843,5.33480056300251e-07,7.808728780141015e-07,0.0008081320518826695,6.564567130552947e-05,8.515361215852533e-05,0.0008001043235397867,7.605063473470035e-07,0.07227197940416229,1.1985415663019387e-06,0.8523221121297331,1.0780763847327908e-06,4.506811015130167e-05,1.4066600483454333e-06,0.00021609749290441062,4.1453577955536514e-07,2.253689248127598e-05,0.00022685886499857998,0.00018295326352107055,2.2793440274368656e-05,1.7948447871002945e-07,0.0013298206356473796
62,5.7686190475029354e-06,0.007327042826842036,6.7693956318017504e-06,0.057463241023857484,4.983329569199229e-07,6.921972651263377e-07,0.0007588045150613025,6.122413124349904e-05,7.650925736412689e-05,0.0007466042479022563,6.756224859680088e-07,0.06680987486541357,1.0636304253906001e-06,0.8647690725940747,1.0268960560212118e-06,4.119086631614934e-05,1.3108067959114968e-06,0.00020361554624774857,3.601653111986158e-07,2.0451927718998165e-05,0.0002049353911448286,0.00017196511192234243,2.0220122418628497e-05,1.440898142342705e-07,0.0013069378166820202
63,5.922574554405775e-06,0.007879806221828982,6.7688844769001806e-06,0.05746011364112084,5.109335588887032e-07,6.916533262247717e-07,0.000753100885240419,5.939271223810271e-05,7.654596386725609e-05,0.0007653580093525273,6.743772545396894e-07,0.06518128346208973,1.027506150807198e-06,0.8658243921339741,1.0346757666896212e-06,3.9858162209345155e-05,1.3165081191120385e-06,0.00019993854622707782,3.6776371269125493e-07,2.071616540338132e-05,0.00020254106260222103,0.000171176653966607,2.1047252713331832e-05,1.4489706211610483e-07,0.0013262693531838324
64,5.444382792605908e-06,0.0072149929571024545,6.5699436375568295e-06,0.05832948331057414,4.828506302346793e-07,6.885540850151502e-07,0.0007376464565371595,5.807312543616887e-05,7.516400597594122e-05,0.0007856158438786279,6.486280099924979e-07,0.06758687040286894,1.0884435309905923e-06,0.8631581719155489,1.011152188629471e-06,4.064343931087643e-05,1.369150916803977e-06,0.0002077106114089236,3.536051268570219e-07,2.147197041565797e-05,0.00022993302715221015,0.00018013214515657006,2.114978200505135e-05,1.453067099001668e-07,0.0013351389889997099
65,6.808368820086815e-06,0.007670833201843493,7.311000167993956e-06,0.0596668936478606,5.403116325410572e-07,7.540593050533635e-07,0.0007719319437966307,6.0409777405913065e-05,9.501873693633219e-05,0.0006597622313433193,7.647956246290457e-07,0.07640898623175274,1.275480913693849e-06,0.8526204058254657,1.08258106880082e-06,4.4772517905496894e-05,1.4041737939757048e-06,0.00022078696298791624,4.093868561859733e-07,2.0149700937888498e-05,0.00020753303270796148,0.0001842590583645478,1.964528722473743e-05,1.7431357734000197e-07,0.0013280873717061777
66,4.95525522261979e-06,0.006633305352269581,5.66034335475582e-06,0.054087128575513094,4.0205593506391897e-07,5.747789236895682e-07,0.0006809326433971055,5.772843445898153e-05,6.804860951128558e-05,0.0006207225519794842,6.270034761969707e-07,0.06486406992333975,8.463593722364144e-07,0.8712163988867728,9.438210176263226e-07,3.558280692900586e-05,1.0913421171221947e-06,0.0001848644018566309,3.102302216300247e-07,1.5913089861525107e-05,0.00017001341687947964,0.0001665357056173938,1.6963281643603537e-05,1.1468375149362213e-07,0.0011662664465776048
67,1.1622884219515544e-05,0.014355505633217525,1.2376777678619101e-05,0.0566998252432167,7.295975835255053e-07,6.841302436424065e-07,0.0017971929985818957,9.679444866067618e-05,0.0001390730195304111,0.000930791094518369,1.0029147317750978e-06,0.10653791142679406,7.810936833463496e-07,0.8166729625431597,2.236675938820746e-06,4.857004179879137e-05,1.0887413727146637e-06,0.000249034000665801,6.807880517446071e-07,1.3905836505280037e-05,0.00023517679642287204,0.00029003969947561655,1.983348690437854e-05,1.6161280222173703e-07,0.0018820185142420392
68,6.605441580135157e-06,0.007269305409683435,8.767459424615063e-06,0.07257468492736494,3.654745339555798e-07,6.69622216759406e-07,0.0007380682260947433,6.245190161740812e-05,7.854687634034819e-05,0.0008598356851664896,5.852348654984596e-07,0.08148699575071087,1.1695556185015773e-06,0.834908885489456,7.371282584668097e-07,3.845561057470933e-05,1.2591731858540813e-06,0.00023941471279342693,3.6155757037370743e-07,2.049966078032467e-05,0.0002534650225082513,0.0001746255603999901,2.1643337951656015e-05,1.7597892480898135e-07,0.0012524252023782538
69,6.14151839970539e-06,0.007692248451469383,6.457480686961063e-06,0.05322102034250539,4.786334294587948e-07,6.616521113290787e-07,0.0007397080528114899,5.64508686617991e-05,7.905665984822567e-05,0.0007335420089047823,5.942337288568247e-07,0.06423203527472666,9.66326856694171e-07,0.871188327736271,1.0373496392923218e-06,3.809418245066682e-05,1.2679051139213855e-06,0.00021156284816037908,3.476998279248932e-07,1.801547513821153e-05,0.00019074412424388513,0.00017157711092082484,1.740902519926926e-05,1.2232648152327083e-07,0.001392132712412419
70,5.222710939862693e-06,0.00937188882673872,6.615512803552091e-06,0.06204870011067363,5.061281418518343e-07,8.406252986940746e-07,0.0008378655310075128,5.710030197447625e-05,8.46194996242583e-05,0.0009687483728529178,8.318120625694905e-07,0.07360898090951054,9.92211861141842e-07,0.8509554164905742,1.1164912537602764e-06,4.073175079753793e-05,1.2904090775073411e-06,0.00019294164109040515,5.429843449777318e-07,2.0438547687147577e-05,0.00028936124311490643,0.00021924078002506363,2.923103989905845e-05,2.0990852786652678e-07,0.001256566160118016
71,5.378962825579451e-06,0.0075371757719149435,5.488131620818892e-06,0.05153955089754045,5.914287803339238e-07,6.196431036511022e-07,0.000701119023815355,4.95492574536092e-05,6.720690398017447e-05,0.0007519202493392217,5.795462807089072e-07,0.05884713286332585,1.1484387529932334e-06,0.8785607104522662,8.6693957548469e-07,3.87078107876122e-05,1.3910657432033947e-06,0.00017768698588817883,3.077004271832566e-07,2.511999676030304e-05,0.00018852690532246,0.0001387473808752837,2.227438435868951e-05,1.3512428884712863e-07,0.0013380641349727547
