,0,1,2,3,4,5,6,7,8,9,10,11,12,13,14,15,16,17,18,19,20,21,22,23,24
0,0.00034152226382651296,0.00022456942916567095,0.013435037132176402,9.368599684895906e-05,8.260158610492284e-06,3.875783855234867e-08,1.2033254537403616e-07,0.00038594690651911294,0.00020691986705779063,0.0006561807020720984,3.502136480305681e-05,0.0002551752149659919,0.00020580854369045635,0.9834395654630602,3.2022218036424054e-07,6.059328258248043e-06,9.102763324907064e-06,0.0003656560734481974,1.9604295730958553e-08,8.65720994473924e-05,1.354757291820417e-05,3.900345067885544e-05,1.970879163948894e-06,4.6397319324397175e-05,0.00014349855377905038
1,0.00017245145896085183,0.00014876605045505454,0.009936537472058738,4.865981143619971e-05,5.030733604398564e-06,3.478801379142488e-08,8.247410537195031e-08,0.00027817581306273484,0.0002340449077240934,0.0007162731632888057,2.139617358064004e-05,0.00014867757041691013,0.00011887681305835697,0.987628471680912,2.7365212613413053e-07,4.5384932326360945e-06,4.692528868007863e-06,0.0002445301404749861,1.5715152639577162e-08,7.443252304977047e-05,9.968312682618525e-06,2.8901153621590387e-05,1.5149733753108685e-06,3.197122759322871e-05,0.00014168236914520246
2,0.0001488974986070257,0.00014360723940995187,0.007663778940553764,4.4436627115302104e-05,5.00911083108291e-06,3.060077083753385e-08,7.389130919095764e-08,0.00025412884256485594,0.00022040032914474295,0.0006022324562015545,2.210283210985613e-05,0.00014675204312861713,0.00010346844051439645,0.9901538871481357,2.9569210792046757e-07,3.7654472565423652e-06,4.119073547408107e-06,0.00020440827614759535,1.4038081824461148e-08,6.783327759944397e-05,8.416281926702553e-06,2.9608029730978704e-05,1.3209222283868604e-06,2.7946177774595524e-05,0.00014346678320150736
3,0.00018939641788866837,0.000153390673329561,0.009019964489467179,4.991710471234142e-05,5.317801289239979e-06,3.393895906450863e-08,8.356355917419216e-08,0.00028163503881460834,0.00022479143609242523,0.0006211471781449353,2.4391461294945717e-05,0.00016710797259356149,0.00011618502967339483,0.9886148238355561,2.8937654792082586e-07,4.0838712865201445e-06,4.89305262627257e-06,0.00023818657034539275,1.510679231019317e-08,6.647542100727054e-05,9.505719135174312e-06,3.1294981429301166e-05,1.4898664352116676e-06,3.059427274433758e-05,0.00014498582027481612
4,0.00025176874095351293,0.00016709526448015896,0.011730998477428381,5.9495769712653144e-05,6.6064290761367585e-06,6.273618261755195e-08,1.0497106525897538e-07,0.00038854870692597697,0.0002959185013481454,0.0007929923599228271,3.0713881804974386e-05,0.0002471597226184548,9.735667921719972e-05,0.9852506791482983,5.071322422220622e-07,7.652277685096756e-06,7.398791467822596e-06,0.00025376839318603644,1.8081125738349867e-08,7.472281975533412e-05,9.692197211269943e-06,3.430628714371726e-05,2.402008163847184e-06,3.960067917346479e-05,0.00025042994381072314
5,0.0001895666557076405,0.00014912380174144496,0.009420885117736323,5.616567615468656e-05,5.656449267328828e-06,3.526263413332665e-08,8.793096655555998e-08,0.0002753457027642961,0.00023097457791545353,0.0006408868509365923,2.3488525807772136e-05,0.00015901585312485197,0.00012364701870164565,0.9881610437569012,2.7362394872415114e-07,4.137249142290445e-06,4.857726531914187e-06,0.00027457304849326855,1.54519092868941e-08,7.416592535055058e-05,9.93726015569411e-06,2.8557261631490247e-05,1.6880303211299003e-06,3.2973153712699955e-05,0.0001328980884429678
6,0.00018939641788866837,0.000153390673329561,0.009019964489467179,4.991710471234142e-05,5.317801289239979e-06,3.393895906450863e-08,8.356355917419216e-08,0.00028163503881460834,0.00022479143609242523,0.0006211471781449353,2.4391461294945717e-05,0.00016710797259356149,0.00011618502967339483,0.9886148238355561,2.8937654792082586e-07,4.0838712865201445e-06,4.89305262627257e-06,0.00023818657034539275,1.510679231019317e-08,6.647542100727054e-05,9.505719135174312e-06,3.1294981429301166e-05,1.4898664352116676e-06,3.059427274433758e-05,0.00014498582027481612
7,0.0002402863721599483,0.00016496376008412993,0.010594855039757193,5.469167062375155e-05,5.48532243424514e-06,3.501312713410118e-08,9.217701498639602e-08,0.00030739338000309154,0.0002264195205186902,0.0006614852786034284,2.7786461020145956e-05,0.0001727159630624301,0.00015373377513682888,0.9868093946443802,2.9921420033214013e-07,4.319933479560183e-06,5.167308832462078e-06,0.00027827469110602767,1.6898183571442244e-08,7.474805174745319e-05,1.0619905408588658e-05,3.544632339535674e-05,1.4600842289740387e-06,3.247757666764185e-05,0.00013783163482375096
8,0.00010048013686504123,0.00020674926691596188,0.0015913968762323151,4.3659716094608236e-05,8.575648973424013e-06,8.760346520284028e-08,1.9854771682921557e-06,0.0014091846023192923,0.0004494992970394086,0.0003314973729283101,0.00011204410377173414,0.000296123178429461,0.00038960808299374713,0.9937725392556012,7.993107603497412e-07,4.490073683804486e-06,3.160520426476096e-06,0.0008348832549981784,3.0480434464908353e-07,9.771000760931209e-05,5.1547532667720445e-05,0.0002056853030159881,7.113661072801033e-07,5.798365696961781e-06,8.14788418913515e-05
9,0.006744138511821564,0.0004686541786564309,0.008529643154426315,0.0002467790767500332,8.300594088458485e-05,6.041089777134339e-07,1.3062042608111644e-05,0.004423356715005907,0.0012122946503777818,0.00019342575208018364,0.0017117548505085265,0.004520447620055102,0.0021226371123863825,0.9646050078895544,3.928252982154924e-06,1.0674102801115027e-05,3.224563497762695e-05,0.003321870127765408,5.283186726323232e-07,0.00011085025064499991,0.0001255710615005322,0.0011551803321994134,4.612542016323231e-06,4.026533426289022e-05,0.00031946243808395156
10,0.00018939641788866837,0.000153390673329561,0.009019964489467179,4.991710471234142e-05,5.317801289239979e-06,3.393895906450863e-08,8.356355917419216e-08,0.00028163503881460834,0.00022479143609242523,0.0006211471781449353,2.4391461294945717e-05,0.00016710797259356149,0.00011618502967339483,0.9886148238355561,2.8937654792082586e-07,4.0838712865201445e-06,4.89305262627257e-06,0.00023818657034539275,1.510679231019317e-08,6.647542100727054e-05,9.505719135174312e-06,3.1294981429301166e-05,1.4898664352116676e-06,3.059427274433758e-05,0.00014498582027481612
11,0.0001986565259974721,0.00015897851368740568,0.009254080985683675,5.197782442960973e-05,5.452157489596317e-06,3.4545894288155536e-08,8.807866785435455e-08,0.0002847898049889635,0.00022966643308166488,0.0006287214250288515,2.519507862436078e-05,0.00017307092536187545,0.0001281943439306984,0.9883132544807044,2.996345577042104e-07,4.241936030735767e-06,5.023773530138869e-06,0.00024465130246255546,1.5958709023859215e-08,7.031606340320185e-05,9.817278082056672e-06,3.321879419003611e-05,1.4966826732273952e-06,3.2380470949302564e-05,0.00014637698184132182
12,0.00018292619239802192,0.00015123793590659019,0.008900408753504245,4.766487010769684e-05,5.5305928128881325e-06,3.317466126956773e-08,8.237426395460091e-08,0.0002669975608106079,0.00022350352002334798,0.0006034388783589943,2.429436865376057e-05,0.00016625707846873013,0.00011349375265325037,0.9887858902389423,2.83491325226245e-07,4.021995440135865e-06,4.888940805339884e-06,0.00023102237067859264,1.4505958012235152e-08,6.755046584830298e-05,9.521300086323384e-06,3.0446412446960655e-05,1.4887644240658614e-06,3.130893302718977e-05,0.00014769352839415583
13,0.00025837323182862856,0.000190487135944814,0.015181059410818907,0.00010298959025199214,7.061915282522722e-06,7.568098510729103e-08,1.3071316316326713e-07,0.000312591805797231,0.0003830209708091813,0.0012045711435662294,1.9648174538411907e-05,0.00015620940421998724,0.0001611430021373308,0.9812325657031216,3.575022004231209e-07,7.275235068685678e-06,6.641046860911785e-06,0.0004135153947162776,2.240895985395521e-08,0.00011260201869649085,1.1711209197320708e-05,2.8080890052200804e-05,3.656230110995878e-06,5.589797282240513e-05,0.00015031220884945484
14,0.0001904395012510797,0.00015325435489979,0.009074739945994942,4.991836741512384e-05,5.291728876132092e-06,3.412319015458739e-08,8.38017452910027e-08,0.00028331254732438577,0.00022531825876735207,0.0006225264743707764,2.4370975740728238e-05,0.00016849013851037852,0.00011624552527465928,0.9885526371799922,2.911319872666657e-07,4.135645463763739e-06,4.917267928883959e-06,0.00023797992485672376,1.5088355853641994e-08,6.663936746696938e-05,9.478443437605854e-06,3.139893042903135e-05,1.493418879406201e-06,3.070694312961508e-05,0.00014628091471183732
15,0.00018939641788866837,0.000153390673329561,0.009019964489467179,4.991710471234142e-05,5.317801289239979e-06,3.393895906450863e-08,8.356355917419216e-08,0.00028163503881460834,0.00022479143609242523,0.0006211471781449353,2.4391461294945717e-05,0.00016710797259356149,0.00011618502967339483,0.9886148238355561,2.8937654792082586e-07,4.0838712865201445e-06,4.89305262627257e-06,0.00023818657034539275,1.510679231019317e-08,6.647542100727054e-05,9.505719135174312e-06,3.1294981429301166e-05,1.4898664352116676e-06,3.059427274433758e-05,0.00014498582027481612
16,0.00023826858590136006,0.00012210815121305798,0.03334174075644548,5.8591948242076814e-05,1.071914909665892e-05,6.097160879852262e-08,1.2380284451426285e-07,0.00020786348242444544,0.00034516855462750893,0.0009668067282253178,2.133524502932556e-05,0.00012746585378676367,0.0001417379569579393,0.9636078802471815,2.1447889096071136e-07,6.580466459659856e-06,7.761766001021e-06,0.00032446330046987634,1.2499452869997466e-08,0.00014819442536375419,2.0375042890856686e-05,1.275232403008174e-05,4.409282325814671e-06,0.00010505945228947922,0.00018030552824102052
17,0.00017511197900544001,0.00016419465756489657,0.011521887867323471,4.8998300836480104e-05,4.199660751480229e-06,4.441487179961773e-08,7.308899672981979e-08,0.0003393081316855145,0.00023528661589107468,0.0009983824078162186,2.144948472320993e-05,0.0001474226214393316,0.00010200519834392495,0.9856830116013304,4.3364835938373954e-07,6.324367390049687e-06,5.305672030379509e-06,0.00020468238555993075,1.823637291569404e-08,7.572531763041475e-05,9.387071700535673e-06,3.1160331319222545e-05,1.62757432321363e-06,3.0670230987073316e-05,0.0001932891337465024
18,0.0007269363069593381,0.0002639249069739423,0.022689269480764676,0.00030591059916437713,1.4180453739987745e-05,8.270407172392689e-08,1.4082351830138794e-07,0.0006444053374996689,0.0003764835979177195,0.001239015586122468,4.926345898386575e-05,0.0002224512025733001,0.00038520253707631925,0.9719871813361888,5.165243137353481e-07,6.602483945304009e-06,8.743717707846603e-06,0.0007040399663590271,2.6288040821063043e-08,0.00015215288123073383,1.1513665879008065e-05,4.750806933950654e-05,3.2355393049353684e-06,6.190267745188287e-05,9.930985487270781e-05
19,0.00038949885658145936,0.00011060247300918526,0.013731213176998155,2.1594796196279117e-05,4.041255906219469e-06,2.2053424727567703e-08,9.347869429365771e-08,0.0004190723091710977,0.0001267137375273967,0.00037383188182435175,5.1337866352912045e-05,0.00018713512520416808,0.0001332387426390834,0.9837653046187126,2.0627271236413152e-07,4.111155920486842e-06,6.7300976413061545e-06,0.000384871498442829,1.5340365194131598e-08,5.721283482052623e-05,2.0820944909566326e-05,3.0800773032309954e-05,1.3400820901659515e-06,2.4821787953664425e-05,0.0001553688398696195
20,0.0012287034206397646,0.00015675526782849084,0.08066061020611182,7.771310688729209e-05,2.145398849804121e-05,1.0514074681913259e-07,2.646955196085781e-07,0.0002642365396239319,0.00036871644366529845,0.0005969091586946638,5.136733333604558e-05,0.0007672746357397318,0.000174358383773679,0.9139282713619159,1.9983242280004732e-07,1.6729688363356488e-05,2.8295583791671823e-05,0.000767965074930864,9.754747800440691e-09,0.00012502326150663542,2.776256977786031e-05,1.1187055213442244e-05,1.241407997929925e-05,0.0002864531162948409,0.00042722029999040157
21,0.00012269026805671786,0.00028475122366057446,0.003477516878495761,9.995037591914506e-05,1.7679221991078018e-05,5.503968270424729e-07,3.9355970245814865e-07,0.0007406147676968372,0.0014735183943475505,0.001734128029764452,6.614463469242443e-05,0.0002012766040558934,7.526465558554587e-05,0.9907250976039979,5.5747937609682965e-06,5.610762100209827e-06,5.477537586178369e-06,0.00010454554987239836,1.2226356917878635e-07,6.997652212452597e-05,9.818360047193579e-06,0.0001899181214310844,3.3726445395736937e-06,2.101035084623307e-05,0.0005649964793290218
22,0.00011490632107000926,0.000152586825979378,0.005847764235638309,4.532688404433692e-05,7.5337393180219645e-06,3.1753786278600054e-08,1.1004041542250154e-07,0.0001519996275093582,0.00041750218409697685,0.00040742304011636213,2.0532553056357102e-05,0.00023752999795657455,0.00010256442626733063,0.9919724670457115,4.1401225834578423e-07,3.766715778057108e-06,2.865386043179677e-06,0.000113375032780305,1.3342585235662278e-08,6.201240172628024e-05,6.6064019434033155e-06,2.951921676081947e-05,1.281175503185508e-06,5.3470313554798724e-05,0.0002483973261003705
23,0.00018939641788866837,0.000153390673329561,0.009019964489467179,4.991710471234142e-05,5.317801289239979e-06,3.393895906450863e-08,8.356355917419216e-08,0.00028163503881460834,0.00022479143609242523,0.0006211471781449353,2.4391461294945717e-05,0.00016710797259356149,0.00011618502967339483,0.9886148238355561,2.8937654792082586e-07,4.0838712865201445e-06,4.89305262627257e-06,0.00023818657034539275,1.510679231019317e-08,6.647542100727054e-05,9.505719135174312e-06,3.1294981429301166e-05,1.4898664352116676e-06,3.059427274433758e-05,0.00014498582027481612
24,0.0002075409326555587,0.00014933182205134328,0.009780967400960936,4.7197673574390046e-05,5.508342651834569e-06,3.540034950331895e-08,8.756431684968426e-08,0.000284953426162913,0.0002322243352905,0.0006088288248559619,2.6180981991759982e-05,0.00017855614776830501,0.00011947597471436654,0.9878068006732713,2.973008996896358e-07,4.2935451226393045e-06,5.088177794277693e-06,0.00024137102000262653,1.4844263583750904e-08,6.873319596701271e-05,9.88699526542029e-06,3.1695631385382556e-05,1.533847895998758e-06,3.2720161935618904e-05,0.00015667577885207436
25,0.00031201623369960934,0.0003946090492794675,0.01778456316164757,6.446219548466855e-05,5.70340935341585e-06,8.791040987540241e-08,7.69121416646522e-08,9.927052782459064e-05,0.0007873280787592049,0.0017191093611973827,1.4744494386667618e-05,0.00018486654167167065,9.773203847476415e-05,0.977505058973132,1.890667652189037e-06,1.0470662024798422e-05,8.998177255894042e-06,7.389322448289422e-05,3.277102041503626e-08,4.700618532346982e-05,6.937715229166434e-06,4.6519954412181387e-05,3.0316580484629395e-06,9.87470703647592e-05,0.000732843026722951
26,0.00025076951988924637,0.00015009666554626923,0.013003057865363238,6.086224650195339e-05,6.8508666865391945e-06,3.767839772687587e-08,9.358228760530097e-08,0.00023792927425559575,0.0002740451806114394,0.0006568122788801273,2.365905016973489e-05,0.00017220904800014627,0.00014372888880329664,0.9843824861744414,2.507913379077502e-07,4.638581966755911e-06,5.511017035931036e-06,0.0003069165386362166,1.3691103823951326e-08,8.5994192615894e-05,1.0508418683816376e-05,2.4947752768563497e-05,2.1738878083082318e-06,5.0082919280362884e-05,0.0001463238889280252
27,0.00018985767670830306,0.00017598465555309958,0.007754369811228774,5.924253662424879e-05,5.5152545425713525e-06,3.93125711395601e-08,9.012635747395933e-08,0.0003103424969994352,0.0002787105322359888,0.0006815589927315214,2.4730509177700226e-05,0.0001781791818947512,0.00012705218043198606,0.9896745667124799,3.672477408374982e-07,4.35690433037023e-06,4.489795006908702e-06,0.0002270798270581758,1.815551589997385e-08,6.846602323477164e-05,8.230341280202784e-06,4.093785850053295e-05,1.4191530850957135e-06,3.0826859483095486e-05,0.00015356785522739443
28,0.00018939641788866837,0.000153390673329561,0.009019964489467179,4.991710471234142e-05,5.317801289239979e-06,3.393895906450863e-08,8.356355917419216e-08,0.00028163503881460834,0.00022479143609242523,0.0006211471781449353,2.4391461294945717e-05,0.00016710797259356149,0.00011618502967339483,0.9886148238355561,2.8937654792082586e-07,4.0838712865201445e-06,4.89305262627257e-06,0.00023818657034539275,1.510679231019317e-08,6.647542100727054e-05,9.505719135174312e-06,3.1294981429301166e-05,1.4898664352116676e-06,3.059427274433758e-05,0.00014498582027481612
29,0.00018939641788866837,0.000153390673329561,0.009019964489467179,4.991710471234142e-05,5.317801289239979e-06,3.393895906450863e-08,8.356355917419216e-08,0.00028163503881460834,0.00022479143609242523,0.0006211471781449353,2.4391461294945717e-05,0.00016710797259356149,0.00011618502967339483,0.9886148238355561,2.8937654792082586e-07,4.0838712865201445e-06,4.89305262627257e-06,0.00023818657034539275,1.510679231019317e-08,6.647542100727054e-05,9.505719135174312e-06,3.1294981429301166e-05,1.4898664352116676e-06,3.059427274433758e-05,0.00014498582027481612
30,0.00018939641788866837,0.000153390673329561,0.009019964489467179,4.991710471234142e-05,5.317801289239979e-06,3.393895906450863e-08,8.356355917419216e-08,0.00028163503881460834,0.00022479143609242523,0.0006211471781449353,2.4391461294945717e-05,0.00016710797259356149,0.00011618502967339483,0.9886148238355561,2.8937654792082586e-07,4.0838712865201445e-06,4.89305262627257e-06,0.00023818657034539275,1.510679231019317e-08,6.647542100727054e-05,9.505719135174312e-06,3.1294981429301166e-05,1.4898664352116676e-06,3.059427274433758e-05,0.00014498582027481612
31,0.00024316269284762034,0.00015533199310895145,0.01159299146282395,4.717838451731661e-05,4.563278876796187e-06,3.3831069721010544e-08,8.318255595812363e-08,0.00036193037145504007,0.00019302487102317806,0.0006775330677618089,2.5923430620324137e-05,0.00016909107676562327,0.0001241749694671694,0.9858320104275491,2.4270467231622326e-07,4.603832942713741e-06,5.744126861091159e-06,0.00028895467395323714,1.4857484424688113e-08,6.405623242760544e-05,1.1173047733629579e-05,3.1591049022334196e-05,1.4972737584588275e-06,2.8232913429010798e-05,0.00013685624727244257
32,0.00019009766248993313,0.00015882498996138583,0.009037945268160989,5.258540640812364e-05,5.561839742078969e-06,3.6346570099486345e-08,8.956913822625506e-08,0.000292100413556183,0.0002324246098656541,0.0006502654575979883,2.5149365735109616e-05,0.0001692955512291814,0.00012091860104493967,0.988513212468693,3.160970773632198e-07,4.366606986831524e-06,5.142181696645579e-06,0.0002458515332613817,1.7065722231092984e-08,6.964056344168875e-05,1.0143373004537553e-05,3.299036973855414e-05,1.5732836681193494e-06,3.1613564821084404e-05,0.0001498378103886078
33,0.00016889270269966687,0.00014263588445201088,0.009007679421203311,4.505554087628921e-05,5.105734114519222e-06,3.354265562162798e-08,7.666293740302841e-08,0.00025161444592135084,0.00023281741943542746,0.0006458639641248189,2.1871256803405487e-05,0.00014544690063111458,0.00010299038705573496,0.988722689237986,2.8501281285885755e-07,3.8499462989542675e-06,4.417927787095258e-06,0.00021749047884949584,1.4045702732572194e-08,6.558468375958972e-05,9.055207786854905e-06,2.771486171253647e-05,1.5018197661855164e-06,3.0114744686298635e-05,0.00014719816994105615
34,7.116194373626365e-06,9.656191234323002e-05,0.0016114909956768994,2.5899943158137162e-05,3.0139618295914757e-06,2.0674249235608296e-08,2.461059712982807e-08,0.00011551481172823222,0.00014907959733149458,0.0005768961579708266,4.060271540265425e-06,6.016744334380632e-05,1.1883958441434248e-05,0.9970863205523032,1.8776045993732182e-07,2.91772419367267e-06,2.053155424753773e-06,4.5759179845265335e-05,5.749887114132146e-09,4.7521564382817886e-05,2.976683176904411e-06,9.512465310639421e-06,9.570814916821546e-07,1.192943858927659e-05,0.00012812811235094767
35,0.00012309336622622118,0.00014369129698096458,0.007823114004952617,4.558097979942432e-05,5.315933457670718e-06,2.760178641591028e-08,6.991227889405236e-08,0.00020228056804092042,0.00019665804342725796,0.0005890718681340381,1.9599498704949298e-05,0.0001299202881980396,9.992923350987115e-05,0.9901552074562505,2.826704393092936e-07,3.5752444956007385e-06,4.314454430030825e-06,0.00018200593589235483,1.2933064217955237e-08,7.179805042019733e-05,8.83841165318177e-06,2.3961263722127557e-05,1.4137157200266235e-06,3.018925121306475e-05,0.00014004801720203874
36,0.00018969800709386063,0.00015306910316066123,0.009048018222353385,4.989330117018218e-05,5.36424954802718e-06,3.399371281089114e-08,8.386507960088072e-08,0.0002802107395823926,0.00022533538112885258,0.0006192374795425041,2.4489832334633974e-05,0.00016696314078469302,0.0001161256206541407,0.9885888350025448,2.895536340810048e-07,4.068688368828682e-06,4.890953663817066e-06,0.00023844771656909361,1.5098820863925786e-08,6.65813506131465e-05,9.55764523038927e-06,3.110915915587428e-05,1.4997684339125e-06,3.080908940058092e-05,0.0001453730374190686
37,0.00013286387409185396,0.00016939319225877034,0.007284901153149517,5.025758896825983e-05,4.767827891096173e-06,4.003773262185723e-08,7.520366085100966e-08,0.0003510744839969541,0.00021040817292343976,0.0007534526188144459,2.3287435284178513e-05,0.0001633603220363648,9.053608533547498e-05,0.9902684028019351,3.9438008420339045e-07,4.942966816281574e-06,5.234681085404258e-06,0.00018280699687666806,1.7450870789409058e-08,6.606489623689828e-05,8.507030248351506e-06,3.6603635577664854e-05,1.3701158318285475e-06,2.3635724258257507e-05,0.00016760132403476435
38,9.202858901381494e-05,0.00011548464361413434,0.004397567204887989,2.8327835091198566e-05,4.364041344658072e-06,1.5214255720761827e-08,3.879063466923028e-08,0.00017087459490401971,0.00018340999858022005,0.0003549462176100286,1.7238852776849336e-05,0.0001216626616734259,4.941296622937234e-05,0.9941659160844329,1.582897162878093e-07,1.4781022096232862e-06,2.3085207113573626e-06,0.00011128600733502529,6.557751508060928e-09,2.946088120503408e-05,4.886482875212874e-06,2.0239118653069656e-05,7.326132366405357e-07,1.7832188441846784e-05,0.00011032354281552565
39,0.00026886567138646316,0.00017475809232934362,0.011342357798433724,6.0131334835070875e-05,5.61401680825047e-06,5.1330499677682627e-08,1.3027875630330824e-07,0.0005294520273449439,0.00022657722630659458,0.0007109274614264717,3.446969489707474e-05,0.0002524705890285656,0.00014859695915379992,0.9855504756366414,3.6589198744978144e-07,7.0700111319337826e-06,7.580007023867245e-06,0.0003292644929967165,2.228297052167628e-08,7.926762788841366e-05,1.3614260067858683e-05,4.550259666372374e-05,1.8283848461805218e-06,3.291246416077919e-05,0.0001776938624147024
40,9.049969838543179e-05,0.00016890320419604837,0.005258525081191051,0.00011027460556820399,4.657597942542639e-06,3.807018809080376e-08,8.198381935681197e-08,0.00045724844419302746,0.00028802782621312114,0.00114063898884241,1.537382284683315e-05,7.91047855247357e-05,0.00011954232664078324,0.991569965525644,2.740659465747246e-07,5.0712283338281085e-06,2.8251175656821948e-06,0.00044785338587075544,3.1573794322369373e-08,0.00010605498030631172,9.096158928200909e-06,2.60899995043884e-05,2.0383501399418523e-06,2.5627919181558183e-05,7.215525923250768e-05
41,0.0001717870699251908,0.00014373883084692338,0.008609099930108836,4.008653916947845e-05,4.538135425214398e-06,2.8621948169449583e-08,8.484155949809337e-08,0.000266762440374504,0.00019522945760871023,0.0005488479237160697,2.3268298436556193e-05,0.00015967453232684203,0.00011372637911459002,0.9892101376836026,2.3492587662059293e-07,3.839572376802839e-06,4.883953890232516e-06,0.00023408595244405486,1.4760323577117446e-08,6.147971254553218e-05,1.077854079726234e-05,2.9616602452514087e-05,1.3805451201868817e-06,2.8500288890529237e-05,0.00013817446111952459
42,0.00021490896891931014,0.00021525102921041587,0.008926007052674243,6.397092033000204e-05,5.841117397175787e-06,4.434620546337083e-08,1.0417971369779376e-07,0.00039153644744055076,0.0002472065824104381,0.0007571244008790892,2.9604651986528964e-05,0.000223413853654646,0.00015413981196507595,0.9881719821713921,4.509571636491292e-07,6.193030620538031e-06,6.816818217870953e-06,0.00022646577597576508,2.3493136950179578e-08,7.700676681746958e-05,1.0542158974895685e-05,5.5058381351625585e-05,1.4262691393085247e-06,3.3412861612713805e-05,0.00018146795281025196
43,0.00020731058801332918,0.00015249306015273657,0.009116033493267945,4.891006269806317e-05,5.395663727285533e-06,3.035482589428203e-08,8.590143333363461e-08,0.0002633408025891004,0.00021604488203179792,0.0005318590957877059,2.5606375570830842e-05,0.00018730724201292782,0.0001220513317769919,0.9885904073875146,2.655491660632359e-07,3.890732385661174e-06,4.9887266108032625e-06,0.00024194590127481246,1.3834423811235956e-08,6.282469290354659e-05,9.407217917103673e-06,3.052300593177259e-05,1.4399327200092097e-06,3.2302795281426776e-05,0.0001455213699824583
44,0.00018939641788866837,0.000153390673329561,0.009019964489467179,4.991710471234142e-05,5.317801289239979e-06,3.393895906450863e-08,8.356355917419216e-08,0.00028163503881460834,0.00022479143609242523,0.0006211471781449353,2.4391461294945717e-05,0.00016710797259356149,0.00011618502967339483,0.9886148238355561,2.8937654792082586e-07,4.0838712865201445e-06,4.89305262627257e-06,0.00023818657034539275,1.510679231019317e-08,6.647542100727054e-05,9.505719135174312e-06,3.1294981429301166e-05,1.4898664352116676e-06,3.059427274433758e-05,0.00014498582027481612
45,0.00021526328950610598,0.00017030391625708324,0.009307245842100636,6.588487544260026e-05,6.4236452916356125e-06,4.479975889892951e-08,1.0931856964490783e-07,0.00034153711795248496,0.00027680494051930254,0.0006918869399677152,2.844750662842715e-05,0.00019533773745305272,0.0001427373393307619,0.9879604150759773,3.95585112894427e-07,4.922569394302197e-06,5.210334455482202e-06,0.0002645512803761751,1.9680827756876796e-08,7.909928714909474e-05,9.958398022157344e-06,3.914067518098013e-05,1.6596292058234856e-06,3.443095629939156e-05,0.0001581692592202899
46,0.0004467096533183576,0.00027092935206377716,0.012010419554210415,9.698760853243335e-05,8.082270463876745e-06,6.004079491253573e-08,1.5130906828575694e-07,0.0004907923513859373,0.0002456756155816891,0.0006953940913425149,4.605070360577942e-05,0.00036562418735510435,0.00021295775427295584,0.9843344433092405,5.169320816278699e-07,7.555452608028965e-06,1.2454067300414168e-05,0.00034266302388175177,2.732978236861502e-08,7.787194303839512e-05,1.3605116820090606e-05,6.836453227069792e-05,2.2759121647263428e-06,4.5174612975447715e-05,0.00020521327583990906
47,0.00017612228231411964,0.00014426792652040424,0.008860681137009266,4.8699364016799236e-05,5.213208935764898e-06,3.2583659700416556e-08,7.944241436480859e-08,0.00027244496671280307,0.00021718810914965833,0.000613058322216406,2.3236965488521233e-05,0.00015378590466750002,0.0001085104544059937,0.9888605328084755,2.7395424544832896e-07,3.825921956810026e-06,4.65811433691328e-06,0.0002359172340623912,1.4431561347701204e-08,6.511722756628665e-05,9.484779178119789e-06,2.8620079101849345e-05,1.4939409577643132e-06,2.9245122934957175e-05,0.00013749571811125285
48,0.00019969230958448466,0.00020444172492045708,0.0072931763515159745,6.152770506118955e-05,4.875696334935578e-06,3.8011012681923924e-08,8.357526993460545e-08,0.0003737098146536262,0.00020035782091090904,0.0007301233747845419,2.5107813409160687e-05,0.0001523332831337235,0.00011028954564452316,0.9901365948142594,3.0967457118432893e-07,3.6751670270023915e-06,6.042921431477932e-06,0.000250789504814166,2.0013226305251935e-08,5.018128899854387e-05,1.010237125620776e-05,4.337580086788759e-05,1.4779982364688285e-06,2.129687483825823e-05,0.00012037654423712642
49,0.0002143421223868594,0.00015320561320206287,0.010618721949629536,5.233479554290099e-05,5.717258262850757e-06,3.900859847455592e-08,9.488273152629453e-08,0.00030318040001169684,0.00023151841641933687,0.0006260306263932786,2.6205137525622764e-05,0.00019709668611337744,0.00013011273305608062,0.9868587316090717,2.77429819271316e-07,4.752516923339126e-06,5.507679190831603e-06,0.00026529679582515273,1.441818757391032e-08,7.61644298594753e-05,1.0163910083295806e-05,3.153100409899309e-05,1.6403596434109302e-06,3.469936698410093e-05,0.00015262085043939855
50,0.00017855016862569157,0.00015127884143905482,0.00854934418121159,4.873222966886173e-05,5.146824942572261e-06,3.3238475249852894e-08,8.207097175564187e-08,0.00028203694196429676,0.00022440818899707935,0.0006292539862842493,2.3641253602939297e-05,0.0001571805099875247,0.00011348794837140488,0.9891230570769828,2.8226729250193544e-07,3.828538186352214e-06,4.5778167066082745e-06,0.00023226839339314165,1.529799659948266e-08,6.394681424406616e-05,9.377566378114037e-06,3.1513656141206195e-05,1.411425352974374e-06,2.8410466830067106e-05,0.00013813429595359566
51,0.0006563261601366174,0.00010334767797766489,0.036564352770824766,3.2716653831544614e-05,1.3741085168214364e-05,9.369981236591984e-08,3.6766076271811084e-07,0.00030516494438500853,0.0004440421140799559,0.0005813191057324157,6.0723010361879325e-05,0.0003793722435928682,0.00024641725939288106,0.9592519530731044,5.091491261128606e-07,1.4922594997455714e-05,1.5605821821817233e-05,0.0004542951317322609,2.5141449829810697e-08,0.00018202040459508367,3.78420202395803e-05,3.297703713328434e-05,5.563892536953173e-06,0.00014190718848564306,0.0004743941587187979
52,0.00019120563749073642,0.00014990390537536675,0.009009724076302654,5.1320694224883244e-05,5.047054198912294e-06,3.432659722060164e-08,7.899680280238845e-08,0.0002936412196529544,0.00022799673265645913,0.000669675063208948,2.3823148357716176e-05,0.00015492650676406387,0.00011830768050847508,0.9885674496332753,2.9398160062081424e-07,4.085416992535179e-06,4.611894417409058e-06,0.000251506857039816,1.5514040508313645e-08,6.911830194126768e-05,9.112258077246533e-06,3.177569187048901e-05,1.4623809914704998e-06,2.9086318575697905e-05,0.00013579670903655656
53,0.00019107854238389029,0.00016673495013481846,0.009822416493559066,4.9651212917789495e-05,5.063796735267287e-06,2.7449076490285342e-08,5.705366781942595e-08,0.0002580311101349475,0.000193211615335213,0.0007281642196754362,2.2729835655945658e-05,0.00012613992926936043,0.00011698861612203505,0.9878297796948668,2.69521254556652e-07,3.684612573513826e-06,5.0104610217976e-06,0.00021893291058490687,1.4670581309951764e-08,6.449537929603598e-05,9.435223502245923e-06,3.072785967521713e-05,1.3085670315338565e-06,2.9408804678103017e-05,0.00012663747026583024
54,0.006376661612470604,0.00022947104239304085,0.0683863067986475,0.001196093422656668,4.9683452492723404e-05,2.936083481999228e-07,1.2529190417862916e-06,0.002058424798170471,0.0004411270467223042,0.000852656401285873,0.00026929703742126123,0.0002804604340832366,0.0020283526992851135,0.9055502617052782,3.0447818884142646e-07,5.468003574826111e-06,3.206994201616716e-05,0.011566062272648591,1.2912423360059952e-07,0.00026204408115980063,0.00015916347916700567,6.515559210099698e-05,2.6869589495410663e-05,0.00012646934882570957,3.5921110292015474e-05
55,0.00027205276409878674,0.00016725414918875297,0.00986112797292021,6.4871321955368e-05,8.29718830681079e-06,4.3174185102610236e-08,1.4609573211482248e-07,0.00027730763209858996,0.0003409224658376001,0.00046644020712069634,3.281060915244129e-05,0.0003288731550474948,0.00016480872274344182,0.9873564695319966,3.082525678743215e-07,4.840761184075184e-06,5.071643791028093e-06,0.00028764247873807756,1.5483189437077383e-08,7.548768982148969e-05,9.551745989882184e-06,3.5574437561760034e-05,1.7883659333783913e-06,5.238258827641101e-05,0.00018591156256266226
56,0.00019541771549960046,0.00015601623964873424,0.009074106695023872,5.084339023217713e-05,5.435242669598649e-06,3.44577826316778e-08,8.659981181003852e-08,0.0002841090625327117,0.00022796207407211147,0.0006185772234018424,2.5113860759583793e-05,0.0001708830516144013,0.00012136378451952407,0.9885308554875568,2.937280275839375e-07,4.092888776120489e-06,4.962768178159374e-06,0.000242318223950958,1.5595366767420062e-08,6.729313322357512e-05,9.735872904760534e-06,3.239331982628687e-05,1.49927318108731e-06,3.122282510482482e-05,0.0001453674863344291
57,0.00017807929112643406,0.00017710337698686362,0.008790014865864478,4.94947610137324e-05,5.430791094474758e-06,3.309258818032313e-08,9.724647328364341e-08,0.000289170144899157,0.00022711138122065216,0.000638068608393093,2.5641255245249982e-05,0.0001828436281836666,0.00014415090368613968,0.9887437202870409,3.188907723978534e-07,4.742035283459972e-06,5.177874373866428e-06,0.00022562623199021335,1.9528663274314116e-08,7.274705146731233e-05,1.1219219625687967e-05,3.817651950859586e-05,1.3180313972618139e-06,3.3013828960846124e-05,0.00015668115414080438
58,0.00019217408555361555,0.00015796690443208578,0.009306074959574097,5.329225796276728e-05,6.155500175012708e-06,3.563884819108389e-08,9.330252688781307e-08,0.0002608403194565424,0.0002492581210721906,0.0006143991685095949,2.5400954997934378e-05,0.00017803994194738544,0.000130142835157807,0.9882598273355735,3.123923741357452e-07,4.377351164980488e-06,4.9828345607086176e-06,0.00024244914258349993,1.6153236594330466e-08,7.635461710561605e-05,1.0020034630419121e-05,3.1481840828330646e-05,1.6367733728647234e-06,3.771454376131744e-05,0.00015695299059391484
59,0.00018464837133045934,0.00015076484495264893,0.00970749379925845,4.987945323728455e-05,5.756895081218258e-06,3.431975471302844e-08,8.581338592968488e-08,0.0002551950188630623,0.00023565150307352508,0.0006259963314498901,2.354382956503307e-05,0.00016528463747890262,0.00012080717609761254,0.9879282128326434,2.8220863250701216e-07,4.2569685559077055e-06,4.938264196206731e-06,0.0002356568036609733,1.4629256523972462e-08,7.381210135481564e-05,9.920952012825592e-06,2.894223502664215e-05,1.609903014802769e-06,3.600932958245809e-05,0.00015120177853408828
60,0.00018939641788866837,0.000153390673329561,0.009019964489467179,4.991710471234142e-05,5.317801289239979e-06,3.393895906450863e-08,8.356355917419216e-08,0.00028163503881460834,0.00022479143609242523,0.0006211471781449353,2.4391461294945717e-05,0.00016710797259356149,0.00011618502967339483,0.9886148238355561,2.8937654792082586e-07,4.0838712865201445e-06,4.89305262627257e-06,0.00023818657034539275,1.510679231019317e-08,6.647542100727054e-05,9.505719135174312e-06,3.1294981429301166e-05,1.4898664352116676e-06,3.059427274433758e-05,0.00014498582027481612
61,0.00019182935164291625,0.00014897138439509073,0.010010632628683017,4.8884505784049606e-05,5.754890503787555e-06,3.384925810059853e-08,8.667192447562941e-08,0.00025589899457228245,0.00023820358643379165,0.00062244157717175,2.37805733857462e-05,0.00016522521827604095,0.00012073486667597109,0.9876191599841448,2.735873225956754e-07,4.178007268148136e-06,4.904273238599232e-06,0.00024032423627803605,1.4696889554781105e-08,7.127119730205312e-05,1.0179862574277557e-05,2.84565476654445e-05,1.6114179838356593e-06,3.634893584499868e-05,0.00015079915478068736
62,0.00018939641788866837,0.000153390673329561,0.009019964489467179,4.991710471234142e-05,5.317801289239979e-06,3.393895906450863e-08,8.356355917419216e-08,0.00028163503881460834,0.00022479143609242523,0.0006211471781449353,2.4391461294945717e-05,0.00016710797259356149,0.00011618502967339483,0.9886148238355561,2.8937654792082586e-07,4.0838712865201445e-06,4.89305262627257e-06,0.00023818657034539275,1.510679231019317e-08,6.647542100727054e-05,9.505719135174312e-06,3.1294981429301166e-05,1.4898664352116676e-06,3.059427274433758e-05,0.00014498582027481612
63,0.00018205093404269652,0.00016115518512669036,0.008720416943905069,4.937821170172718e-05,5.250111629220008e-06,3.370687550210853e-08,8.1952531133613e-08,0.0002786941574042239,0.00022399294647833218,0.0006355450567973514,2.3927714258882488e-05,0.00016725840435147604,0.00011380923047779158,0.9889138171995523,2.96912926227099e-07,4.13836346253443e-06,4.958118292659306e-06,0.0002277297749563797,1.5466055202633232e-08,6.54015282571264e-05,9.351784258333179e-06,3.2113254519390436e-05,1.4582823055731137e-06,3.0419166160414398e-05,0.0001487055936736645
64,0.00018389132596696058,0.00014852960099822422,0.009375128301413875,4.5968519002122635e-05,5.298195707633963e-06,3.2994300616613245e-08,8.6594988714487e-08,0.00027105576182658573,0.0002127766605512893,0.0006093057535990257,2.4274035235725645e-05,0.00015761366947089322,0.00011553692538470199,0.9883168282467717,2.724352003717603e-07,4.013876391731044e-06,5.102062029940484e-06,0.0002411958268357394,1.5664815473503775e-08,6.606296365147125e-05,1.0992928975277648e-05,2.9613921110385366e-05,1.5479595584467613e-06,3.0749764022127614e-05,0.0001441060121908956
65,0.00014919017181317065,0.0001410363648244783,0.00809423832724064,3.959517004964855e-05,4.377979905969759e-06,2.5806183966395687e-08,6.581114298684714e-08,0.00022924178200811184,0.00021391325355760513,0.0005860543980082995,1.921157428012916e-05,0.0001409207236922956,0.00010137591733121367,0.989820941038431,2.3059044164555657e-07,3.4410162673334375e-06,3.7714112212471184e-06,0.00019495551149468083,1.1893729111459191e-08,6.036832325673164e-05,7.87306607711558e-06,2.674988332219928e-05,1.1691810683173533e-06,2.7983258791478735e-05,0.0001332575458608563
66,0.00022977171790941763,0.00013250820252383143,0.012316385344641544,4.460054185187296e-05,4.816159040232388e-06,2.3813785200319555e-08,8.449692336680819e-08,0.00029252603770964203,0.0001945434418191118,0.0006096465661391268,2.5143754272266437e-05,0.0001398962026734833,0.00020115731488809158,0.9852218822605403,1.911121591176652e-07,3.849647870275209e-06,3.771932143873819e-06,0.00031709797127430926,1.2828412779137622e-08,9.392098245670262e-05,1.0852771144343936e-05,2.8991656002498946e-05,1.0135008285859744e-06,3.0012359235605784e-05,9.729938375458931e-05
67,0.00018721150205835779,0.00019873391627739704,0.004980205001661003,3.982779319475988e-05,5.558436987775673e-06,3.467794016109619e-08,9.553152194483356e-08,0.00033715350689399296,0.0003262880838155841,0.0004824890225369127,2.9977053264449855e-05,0.00028236798618458327,8.439263396119108e-05,0.9925748798821605,4.013549315477098e-07,3.2617229750545287e-06,3.9549534011743855e-06,0.00014234556545890726,1.6761884987483928e-08,3.2713247512122096e-05,6.068884656114946e-06,5.871198298950511e-05,8.17162716947686e-07,2.212030094814487e-05,0.00020037303406687798
68,0.00022519397534646692,0.00017287535263958955,0.009212632309688036,5.28839259731642e-05,5.409229896593122e-06,3.674290671644699e-08,9.175210558439053e-08,0.0003518310970170548,0.00021658805450174975,0.0006514992474807956,2.871405551153492e-05,0.00018104409072423587,0.00012540069275166098,0.9882074329016569,3.272219929866915e-07,4.527398966848177e-06,5.8724607153008254e-06,0.0002631894506224126,1.8771438895032938e-08,6.368643788584332e-05,1.10754168776152e-05,3.887622715741666e-05,1.5200713467453143e-06,2.8963173174418606e-05,0.0001503099416217644
69,0.00023006254925452715,0.000180162120861744,0.00903969437141003,5.603000766693049e-05,6.267678656934297e-06,3.838198175209792e-08,9.382157389784204e-08,0.0002950486663839924,0.0002567903866923171,0.0006156739676192951,2.8562213755841734e-05,0.000203184417622469,0.00012449179525898666,0.9884091851435572,3.557793257080795e-07,4.330694537324244e-06,5.663011980658228e-06,0.00022857850613369583,1.6887829253571625e-08,6.271774768924864e-05,9.436070335190372e-06,3.8467914270418273e-05,1.5688833387269167e-06,3.4584830821938495e-05,0.00016899415144201326
70,0.00020114759963726415,0.0001679701537458833,0.009288157322176048,4.0069271109195334e-05,4.588622236487934e-06,3.40899043420328e-08,8.539279165863646e-08,0.00031425717734816043,0.0002144030138653715,0.0006745852619617127,2.5811827976474892e-05,0.00018021699895989524,0.00011614525407241952,0.9882019568128715,3.0694575912685875e-07,5.143115299004099e-06,5.796264288076529e-06,0.00024219121313900961,1.784984307380994e-08,6.650503527218478e-05,1.0756620798046927e-05,3.6458069355818976e-05,1.4519199939671198e-06,3.0984854328059035e-05,0.00017095931326713146
