,0,1,2,3,4,5,6,7,8,9,10,11,12,13,14,15,16,17,18,19,20,21,22,23,24
0,2.674084397923114e-06,0.009243290205046472,5.0866174884020565e-06,0.12249028501397646,1.9159609601522245e-07,4.769924045044792e-07,0.0009464282294540338,8.633225518096333e-05,4.4113466019460654e-05,0.0026489676879435393,5.114487040904785e-07,0.059613962654580445,2.2415647250280437e-07,0.8025541912996192,1.1788532737977558e-06,4.542535253278811e-05,8.526903381481275e-07,0.00027520962778163527,3.0821204249792284e-07,1.811669807806359e-05,0.00034686618820005085,0.00045186270206773926,3.339738305274693e-05,1.2427945852919068e-07,0.0011899223057899038
1,3.269980036990222e-06,0.01157717740084512,7.101934185565494e-06,0.1307582460942233,2.7910843626693873e-07,7.43647383299606e-07,0.001167236290987942,0.00012044569489078031,6.735282863833854e-05,0.0031288288268617108,6.714992757631348e-07,0.06642560957174953,3.176962870051537e-07,0.7840914231949111,1.8300721843942436e-06,7.64731493683616e-05,1.0300103231821258e-06,0.0002832298966336302,5.076836606002972e-07,2.4882013329969862e-05,0.00043603335655262055,0.0005282211286730347,3.807370855160465e-05,1.7925873363967723e-07,0.0012608359532763273
2,2.8579448666900325e-06,0.010009929533522581,4.9020223651911876e-06,0.10458444962246333,2.915277120890381e-07,5.51472709707412e-07,0.0010004834003933722,9.373708843236577e-05,5.2461702401765194e-05,0.002391709011011679,5.790927303288266e-07,0.05677400510998052,2.732516715273425e-07,0.8226677333053681,1.5863044880929783e-06,6.0402829764018246e-05,1.004657511433744e-06,0.00024722058814181903,3.598457821850275e-07,2.2905477938390695e-05,0.0003640905660220021,0.0004427902205175819,3.33986816418847e-05,1.2936651015797116e-07,0.0012421473760531754
3,2.8246414189823047e-06,0.009998277901645071,5.465966486629748e-06,0.12308585422682461,2.454512941258059e-07,5.852992237145104e-07,0.0009943530736339985,9.908126208681343e-05,5.4920962615401245e-05,0.0025529170532029547,6.061913273225389e-07,0.061894023059475875,2.8010512879823283e-07,0.7988509905395136,1.462867213253668e-06,5.849219762347783e-05,1.0162193332214244e-06,0.00027076681130847117,3.879365027382402e-07,2.1853826511942832e-05,0.00039791374970799047,0.0004929352640485097,3.52350047408311e-05,1.489648976750467e-07,0.0011793614242339723
4,2.8753388524671646e-06,0.010799059309512332,6.0037991198729605e-06,0.12816610473903148,2.494123873573461e-07,6.237540656576354e-07,0.0010860577694241915,0.00010913545066305889,5.7114939395932105e-05,0.0028951322930544105,6.284942669760234e-07,0.0599955079425253,2.471693556619704e-07,0.7943944489549742,1.6042451173838746e-06,6.253501007793593e-05,9.324348984313777e-07,0.00027533228684880343,4.1100724571415856e-07,2.1883188881334168e-05,0.0003982395212258495,0.0005023372805086127,3.6519723572122514e-05,1.5263066568063628e-07,0.001186863304329279
5,2.724235797538329e-06,0.009010593390001334,4.962699399449301e-06,0.13146123233831164,2.004669517490076e-07,5.320303922092557e-07,0.0008586130622913544,8.631719559568618e-05,5.097514486478564e-05,0.0023836382465563487,5.509763113667354e-07,0.0627122842247354,2.7396989551404804e-07,0.7910068428048066,1.2244884622668638e-06,5.108389947059985e-05,1.0020696018843717e-06,0.0002971542679837902,3.3447638310775384e-07,2.0380553365133197e-05,0.0003897771057241492,0.0004892000288138218,3.3041311849125595e-05,1.470778858052541e-07,0.0011369139345494602
6,2.8246414189823047e-06,0.009998277901645071,5.465966486629748e-06,0.12308585422682461,2.454512941258059e-07,5.852992237145104e-07,0.0009943530736339985,9.908126208681343e-05,5.4920962615401245e-05,0.0025529170532029547,6.061913273225389e-07,0.061894023059475875,2.8010512879823283e-07,0.7988509905395136,1.462867213253668e-06,5.849219762347783e-05,1.0162193332214244e-06,0.00027076681130847117,3.879365027382402e-07,2.1853826511942832e-05,0.00039791374970799047,0.0004929352640485097,3.52350047408311e-05,1.489648976750467e-07,0.0011793614242339723
7,5.6229347029693656e-06,0.011915181769947257,1.0622389917306373e-05,0.12809328520626545,3.162640993825152e-07,7.801368984289238e-07,0.001412800895405863,0.00012924407374240713,6.712446812759676e-05,0.0032316044781715114,7.710589475867009e-07,0.07287273828524211,3.9377766468078083e-07,0.7795880347499192,1.450259242342426e-06,6.239699543202928e-05,1.034670402960393e-06,0.00034755234467957367,5.802836087305135e-07,2.394860276555033e-05,0.00039787407582832457,0.00041654969709259925,4.212921410714339e-05,2.3949609281647317e-07,0.0013777238716963156
8,2.835350756450109e-06,0.010079550874056821,5.492352649946581e-06,0.1236422922879669,2.429144068769387e-07,5.818336001441221e-07,0.0009846490083616367,9.760127628683566e-05,5.3890099273942515e-05,0.002568263841657816,5.971051894128607e-07,0.06095763376476049,2.7549567456115713e-07,0.7991920611204659,1.4108042664302912e-06,5.722760656088809e-05,9.94218083450541e-07,0.0002662663105469622,3.819884094874209e-07,2.1824193965324413e-05,0.00038710099028542764,0.0004742202982298307,3.5557436285193064e-05,1.486691073897496e-07,0.0011689001591519395
9,1.3627404704947695e-05,0.003927121687730071,2.7935515229486535e-06,0.01278191416205698,2.61390207255768e-06,8.904327114093183e-07,0.0017322997877574796,0.00036745332958937506,0.0001421808029086254,0.0005190668231349205,4.257691887317068e-06,0.06146836343228136,1.1850838016276098e-06,0.9121909173208453,1.6125604693176254e-05,0.00015070982336874505,8.127271223510028e-06,0.0012277465392019078,2.2543479848608787e-06,1.498072615505004e-05,0.0003481783359521292,0.0027803170960453306,1.2165810262949868e-05,1.5106182256491764e-07,0.002284557970284572
10,2.8246414189823047e-06,0.009998277901645071,5.465966486629748e-06,0.12308585422682461,2.454512941258059e-07,5.852992237145104e-07,0.0009943530736339985,9.908126208681343e-05,5.4920962615401245e-05,0.0025529170532029547,6.061913273225389e-07,0.061894023059475875,2.8010512879823283e-07,0.7988509905395136,1.462867213253668e-06,5.849219762347783e-05,1.0162193332214244e-06,0.00027076681130847117,3.879365027382402e-07,2.1853826511942832e-05,0.00039791374970799047,0.0004929352640485097,3.52350047408311e-05,1.489648976750467e-07,0.0011793614242339723
11,2.889470063411205e-06,0.009878631335013712,5.539133279539258e-06,0.12318313421823864,2.538992643270149e-07,5.921088144022046e-07,0.0009920426460612317,9.907829030919487e-05,5.572029638000188e-05,0.0024726189323324645,6.216331877334193e-07,0.06380092760040773,3.078813339612934e-07,0.7970398917855023,1.448358470186275e-06,5.8787599437169144e-05,1.068699944343234e-06,0.00026999590993441415,3.9578234489209324e-07,2.269886131607233e-05,0.00040440566538112177,0.0004906386067284388,3.596074967147655e-05,1.560173094658822e-07,0.0011821945192737084
12,2.5426042514964704e-06,0.009154813012036078,4.389787298352193e-06,0.11086377482150686,2.2556498307755586e-07,5.099682025517116e-07,0.0008552377720831221,8.309519507687522e-05,4.671234174913064e-05,0.0023401964128498248,5.07332603645338e-07,0.05472755781827209,2.528467180461817e-07,0.8196255124515075,1.2149944196984814e-06,5.0461122744262254e-05,9.905121207066728e-07,0.0002556329400291631,3.197583878244149e-07,2.0165508057608415e-05,0.0003639261449903282,0.00043762489492784993,3.1704129568160495e-05,1.2103889602114766e-07,0.0011325110267197984
13,4.186476273612092e-06,0.014230174070102406,7.488724471288613e-06,0.14148827498965766,3.047646651426017e-07,7.803485630821181e-07,0.00125039302914224,0.00010346894893754227,6.962012201292632e-05,0.004049337752116037,5.457365251834824e-07,0.062057923434145595,3.10810030864361e-07,0.7738016172069946,1.6856232559187976e-06,7.484523510631006e-05,1.108797514935446e-06,0.0003269245627368972,5.107589748212903e-07,2.7254769528322893e-05,0.00046403708296960036,0.0004922501838216387,4.0496976071395245e-05,1.89194051648175e-07,0.0015062704023301714
14,2.8367450803207387e-06,0.009720236487869183,5.689323623383932e-06,0.12714528801135663,2.3829347023772002e-07,5.86705578550226e-07,0.0009927126972555178,0.0001013589794993973,5.59519190598711e-05,0.002557319386457072,5.992556097507243e-07,0.06457381927008128,2.9265469375387107e-07,0.7923229495256596,1.471640028484407e-06,5.9871879687194104e-05,1.0430416190336335e-06,0.0002780919187790905,3.8557500745683307e-07,2.2297093202757354e-05,0.0004149737261605661,0.0005077495829678594,3.520483719558193e-05,1.5016302849302245e-07,0.0011988812870290066
15,2.8246414189823047e-06,0.009998277901645071,5.465966486629748e-06,0.12308585422682461,2.454512941258059e-07,5.852992237145104e-07,0.0009943530736339985,9.908126208681343e-05,5.4920962615401245e-05,0.0025529170532029547,6.061913273225389e-07,0.061894023059475875,2.8010512879823283e-07,0.7988509905395136,1.462867213253668e-06,5.849219762347783e-05,1.0162193332214244e-06,0.00027076681130847117,3.879365027382402e-07,2.1853826511942832e-05,0.00039791374970799047,0.0004929352640485097,3.52350047408311e-05,1.489648976750467e-07,0.0011793614242339723
16,6.87960352963679e-06,0.014422504659882178,1.550493913662951e-05,0.1665764765377346,5.925022887586363e-07,1.2020432588856175e-06,0.0015997125192269966,0.00018934298861696656,8.236563332426391e-05,0.002468217057901181,1.6883823134104045e-06,0.0515404536857244,3.725214330235546e-07,0.7610389910568099,1.911193076568036e-06,8.38979105195554e-05,1.046504528870891e-06,0.00025486620728467583,6.669028509005799e-07,2.867549636915775e-05,0.00021128324817037847,0.0003003113060050389,6.060140199392358e-05,3.584095800271347e-07,0.001112077288440227
17,5.787100627349233e-06,0.017653224051459,1.3989624916863248e-05,0.1553818814603326,3.7809783188927564e-07,1.278204413257186e-06,0.0018334522232599914,0.00017013959362945205,0.0001025732780466045,0.004854623694097962,9.351097286545048e-07,0.07204009431823127,3.3162520249730445e-07,0.7447084814686771,3.049016904185598e-06,0.00010801546041581847,9.595835419566206e-07,0.0003710434264526122,8.984384952648473e-07,2.6940397824949544e-05,0.0005070284242737888,0.0005655373360401685,4.336001806724527e-05,2.8652216047295726e-07,0.001605711525368887
18,2.3971959724741096e-06,0.007896201802770687,3.7705508372071934e-06,0.09939057369728703,1.9997460256949374e-07,4.070580705703316e-07,0.0008339529292486465,7.336057697655231e-05,4.107944171114414e-05,0.0022348364732604725,4.269666939549208e-07,0.05994859334529088,2.5696302068610864e-07,0.8271119185012377,1.1008475871087142e-06,4.361421986835274e-05,1.0285236293747323e-06,0.0002765890587382453,2.7323230644555714e-07,1.8652028566621162e-05,0.000393278061626776,0.0004617010502963032,2.8642480956917885e-05,9.960317783505401e-08,0.0012370454162653145
19,4.454955753145119e-06,0.009194907787651812,4.073721536289822e-06,0.07299009152626962,3.564181089389977e-07,1.086722531165056e-06,0.0004877067989335238,8.11811143986516e-05,4.0625763390052355e-05,0.002682800738386857,6.987321366481189e-07,0.01966989905278006,2.222252650369247e-07,0.892975942726942,8.735889359168972e-07,5.0686016056491005e-05,1.2698571449615498e-06,0.0003729930433148772,4.810275508878192e-07,2.4241632250018304e-05,0.0002464904891649242,0.0002496270524573365,3.469957027372032e-05,1.90300095214655e-07,0.00088439913867181
20,1.62138109643581e-05,0.029764801150817012,5.3566736219821565e-06,0.058830383985534355,9.004735911185138e-07,1.2070142741923374e-06,0.000590737941742316,8.213565867154936e-06,5.8104274030592005e-05,0.003729816129573886,1.4737193352241543e-07,0.02058533173633031,8.308228571455157e-07,0.884461405777391,7.811444157402211e-08,2.1896576442820216e-05,9.186956310769238e-07,0.00018058089094856488,3.5952363618237984e-07,4.035175846558338e-05,0.00017644887849112785,1.720777210276161e-05,4.592585048528704e-05,3.537400432803026e-07,0.001462427470782982
21,7.900474733262603e-06,0.01821960621540017,1.9537258774227333e-05,0.196945441894947,9.623289082957175e-07,1.4800314643001633e-06,0.0036319376196494685,0.00032430527266256537,0.00011710531336355667,0.007360812350162372,2.2328562569471636e-06,0.09546604074193527,6.783601826900981e-07,0.6703026976718007,6.870210048162973e-06,0.00010394598825143802,4.633422230064366e-06,0.0007184819827116376,1.605313061749299e-06,5.196655698763811e-05,0.0011955659502634853,0.0019864402634387616,0.00013687591789380717,4.706048883070672e-07,0.003392405399984009
22,1.9251603829305926e-06,0.013008752581639051,5.117512819352159e-06,0.13449138164167584,3.1290121285783506e-07,5.440072755787819e-07,0.0013718537234014882,8.730165362531194e-05,5.967760308451065e-05,0.003008642392167063,5.779818612282942e-07,0.0707740840954688,2.952233650990716e-07,0.7749701392945659,1.47618868601565e-06,6.390345374416839e-05,7.324866110535092e-07,0.00015231801474113938,3.7496050780162415e-07,2.666841205632534e-05,0.00037417953874946847,0.00039126122104759554,5.148530742922568e-05,1.591288720835901e-07,0.0011568355150100833
23,2.8246414189823047e-06,0.009998277901645071,5.465966486629748e-06,0.12308585422682461,2.454512941258059e-07,5.852992237145104e-07,0.0009943530736339985,9.908126208681343e-05,5.4920962615401245e-05,0.0025529170532029547,6.061913273225389e-07,0.061894023059475875,2.8010512879823283e-07,0.7988509905395136,1.462867213253668e-06,5.849219762347783e-05,1.0162193332214244e-06,0.00027076681130847117,3.879365027382402e-07,2.1853826511942832e-05,0.00039791374970799047,0.0004929352640485097,3.52350047408311e-05,1.489648976750467e-07,0.0011793614242339723
24,8.692388550853744e-06,0.01762574496287731,5.351710556622775e-05,0.19497631375329116,1.0076048895745223e-06,2.2097317832350923e-06,0.008320939283640309,0.0005666703355214416,0.0002994136099123092,0.00922106349502223,2.4458350991200516e-06,0.22754330430389996,9.287198861079029e-07,0.5299690330491862,2.2755513810341216e-05,0.0002990167230618549,2.276925436405343e-06,0.0007232023324792064,2.441888566152123e-06,5.009515842779008e-05,0.0028013250010522385,0.0025952405579154087,8.84566428442857e-05,5.462808591822842e-07,0.004823358796421035
25,2.3202870077665818e-06,0.008424911333126492,4.643165652664341e-06,0.11626351903880962,2.1755485060246211e-07,5.293981273904844e-07,0.0008697179987674147,0.00010097223428715848,4.6561711784843024e-05,0.0021242332565225217,6.328398753565355e-07,0.05390284270169741,2.3517578286208103e-07,0.8161661187851404,1.2644940341930192e-06,5.1705175766567954e-05,9.0615518317475e-07,0.00024697436552331616,3.3058817081289305e-07,1.915224128505983e-05,0.00033313351988042554,0.00044861997087225855,3.215075693264463e-05,1.3188866532923398e-07,0.0009581753622537403
26,4.743894476263348e-06,0.011857677512860005,7.792479649089844e-06,0.1508602096551229,3.013045314869702e-07,8.390182942059393e-07,0.0009237256247084369,9.246980639969775e-05,6.830730953862128e-05,0.0029084915672598086,7.540242534329338e-07,0.06416626188028915,4.3538493148203016e-07,0.7665527832892478,1.1189162752524368e-06,6.154716273680546e-05,1.33746234579866e-06,0.0003460585488436319,5.38981296787377e-07,2.9733863035232517e-05,0.00043748232303258185,0.00044194581976518505,5.1258803469736716e-05,3.0853512699714236e-07,0.00118387683250959
27,2.617210758127341e-06,0.009598535656625403,5.24580362563763e-06,0.1277520122630554,2.3182053344408092e-07,5.970322581184588e-07,0.0009580374056870103,0.00010707345678495803,5.7317934945361006e-05,0.0024950822128193277,6.57278285875659e-07,0.06330132280730823,2.707374250010376e-07,0.7931270977489321,1.7044838827652112e-06,6.301922497835352e-05,1.0771825867894821e-06,0.0002872219329760471,4.055855262879373e-07,2.1542382325501022e-05,0.00041781727061556166,0.0006098144197677471,3.479455716695726e-05,1.5074929195635845e-07,0.0011563528418381222
28,2.8246414189823047e-06,0.009998277901645071,5.465966486629748e-06,0.12308585422682461,2.454512941258059e-07,5.852992237145104e-07,0.0009943530736339985,9.908126208681343e-05,5.4920962615401245e-05,0.0025529170532029547,6.061913273225389e-07,0.061894023059475875,2.8010512879823283e-07,0.7988509905395136,1.462867213253668e-06,5.849219762347783e-05,1.0162193332214244e-06,0.00027076681130847117,3.879365027382402e-07,2.1853826511942832e-05,0.00039791374970799047,0.0004929352640485097,3.52350047408311e-05,1.489648976750467e-07,0.0011793614242339723
29,2.8246414189823047e-06,0.009998277901645071,5.465966486629748e-06,0.12308585422682461,2.454512941258059e-07,5.852992237145104e-07,0.0009943530736339985,9.908126208681343e-05,5.4920962615401245e-05,0.0025529170532029547,6.061913273225389e-07,0.061894023059475875,2.8010512879823283e-07,0.7988509905395136,1.462867213253668e-06,5.849219762347783e-05,1.0162193332214244e-06,0.00027076681130847117,3.879365027382402e-07,2.1853826511942832e-05,0.00039791374970799047,0.0004929352640485097,3.52350047408311e-05,1.489648976750467e-07,0.0011793614242339723
30,2.8246414189823047e-06,0.009998277901645071,5.465966486629748e-06,0.12308585422682461,2.454512941258059e-07,5.852992237145104e-07,0.0009943530736339985,9.908126208681343e-05,5.4920962615401245e-05,0.0025529170532029547,6.061913273225389e-07,0.061894023059475875,2.8010512879823283e-07,0.7988509905395136,1.462867213253668e-06,5.849219762347783e-05,1.0162193332214244e-06,0.00027076681130847117,3.879365027382402e-07,2.1853826511942832e-05,0.00039791374970799047,0.0004929352640485097,3.52350047408311e-05,1.489648976750467e-07,0.0011793614242339723
31,4.4873378553709394e-06,0.01059724099658131,7.81456577177021e-06,0.11877793200057254,2.60375652595346e-07,6.10083236822285e-07,0.0011877433584617555,0.0001275956489353208,5.298664439846391e-05,0.002842456307431831,6.437126151213074e-07,0.06201825222684457,2.9974105282449426e-07,0.8019060147653317,1.2974128514590738e-06,5.183578492005778e-05,1.0250673515930094e-06,0.00032739320819020367,4.62963229416587e-07,1.998506198937111e-05,0.00036400804941135985,0.00043290423661758416,3.5557866937656244e-05,1.6388151083100063e-07,0.0012410287022485993
32,3.04586475223511e-06,0.010451087261084135,5.781920347562517e-06,0.12355964946405787,2.557402323487508e-07,6.269364137635421e-07,0.001023091313512352,0.00010367232714752236,5.8672928551187156e-05,0.002629737014203096,6.410137786673076e-07,0.06361728615305418,2.953274362911157e-07,0.7960067290357786,1.5483169496267707e-06,6.108471743395092e-05,1.0623865974358893e-06,0.0002835036798747553,4.336543524540512e-07,2.223948563712059e-05,0.0004141707608179995,0.0005196535124113861,3.6021445227949255e-05,1.6154631672974527e-07,0.001199548194030909
33,4.779909224239458e-06,0.015499786920273602,1.0971954429473482e-05,0.1469432153913767,3.0826955721576134e-07,6.396161198755816e-07,0.0018830072690864197,0.00011263672328845458,8.789222755917785e-05,0.003465162152404693,6.180828536255908e-07,0.09680806346767724,2.776090160133906e-07,0.7315542867640858,2.6697820567296134e-06,6.701000188105373e-05,8.243615025701823e-07,0.0003259470601963194,4.678495552440143e-07,2.1309884611884506e-05,0.0005465978932363118,0.0005200025157903951,3.502272062824763e-05,1.5301870687926887e-07,0.002108348554881672
34,2.7634294337767376e-07,0.0035558325197100277,9.721320146879852e-07,0.13646286476842354,8.464606318913833e-08,2.3820178928642293e-07,0.0004715514219486487,5.409068928233293e-05,1.3064842182212187e-05,0.003153238964091969,2.3010788746272727e-07,0.03565504061715111,1.237312986853317e-07,0.8189316795695302,7.825789363697435e-07,5.557510471696396e-05,6.258453363383022e-07,0.00014868304055640032,7.581940697980682e-08,2.4189230318226217e-05,0.00027191759060963346,0.0004263410025072001,3.339525575083149e-05,4.331254535651534e-08,0.0007390826649990853
35,1.9273051291455775e-06,0.009794728400166146,4.3918648637121814e-06,0.1188438613114414,2.703094295625692e-07,6.04395900508921e-07,0.0008812320478422877,8.691267239776938e-05,5.0561813709096596e-05,0.0024215166187068066,6.330497312937704e-07,0.05285838799061671,2.6115802798829065e-07,0.8128412731458536,1.5948691983327961e-06,6.46283502212906e-05,9.577441504188745e-07,0.00019642634269371095,3.407762108230236e-07,2.553900160201214e-05,0.0003614006837289906,0.00044743137192815237,3.963164586696966e-05,1.3793845441602106e-07,0.0010753491921290225
36,3.0617570435402107e-06,0.007512446922090407,5.490121751751219e-06,0.10573368437950185,2.1392288177668895e-07,4.593423883055259e-07,0.0010835352994643548,0.00011868926374290932,5.618449258012775e-05,0.0018639181554686824,6.196640910729161e-07,0.08474802065920213,3.456477676668959e-07,0.796321308751968,1.6124222237980853e-06,6.15089558995882e-05,1.014587569265291e-06,0.0002924604288878982,3.7754578193231374e-07,1.689057795469474e-05,0.0003479862304683969,0.0005892341854170635,2.53821901683662e-05,1.22276561719333e-07,0.001215432219124602
37,1.4882440669125846e-06,0.007866612470834746,3.551192919910997e-06,0.09609711360233587,2.5724726556379866e-07,5.291146367938723e-07,0.0008781499167530622,9.842601200140277e-05,4.5940170146648e-05,0.0021523318377269286,5.992381016971773e-07,0.047062987378256246,1.9831315865297288e-07,0.8435603345913589,2.011053091002226e-06,6.736059663038144e-05,8.797077711490583e-07,0.0001904730681016264,2.8500805001450714e-07,2.0143556862296245e-05,0.00034091767099056177,0.0004908138462648977,3.02931032825609e-05,8.282308189849228e-08,0.00108822023630992
38,3.464395641131486e-06,0.010995233538560778,6.476524854420031e-06,0.11874698951036802,2.9287918124539445e-07,6.859874337479054e-07,0.0011573421650621755,0.00010594798007826554,6.260014286985273e-05,0.0027569691009709544,6.654794768216362e-07,0.06317070899172482,3.002824974333664e-07,0.8004172469385629,1.7025368550184695e-06,6.618771164257838e-05,9.952867358111288e-07,0.0002842506667157591,4.5360239689851465e-07,2.2111213152811752e-05,0.00039405962489664093,0.0004725508079235705,3.5485370825804366e-05,1.6586371987256778e-07,0.0012971133978524894
39,3.3820525661503935e-06,0.008210983929924767,8.3683614776631e-06,0.14464357796122107,2.882255594299086e-07,9.918563109710444e-07,0.0011891968021588892,0.0001648660372164064,7.41101181357206e-05,0.0032308191117454248,7.998293454940184e-07,0.07410080018403732,5.066963794184382e-07,0.7650221282218451,2.221942972173936e-06,9.973582399164304e-05,1.662209745591329e-06,0.000409496083501048,5.99965295174976e-07,2.9258313658463264e-05,0.0006537423506712159,0.0007213737010534751,3.790560607615882e-05,2.1049475178033657e-07,0.0013929741203593932
40,2.6899999420955153e-06,0.009587610931169019,5.1995180203319e-06,0.1388189451261923,2.2871816346791607e-07,6.24777184614245e-07,0.0009002774001671946,9.847603389052538e-05,5.0035156264153484e-05,0.0029385852380804886,5.897769509918565e-07,0.054383217793963975,2.7289194003615846e-07,0.7907991744894391,1.2216419969515043e-06,5.849967856801484e-05,1.0981708872653973e-06,0.0003000342585455036,3.7396415905698546e-07,2.4273558370901463e-05,0.0004127758829449908,0.00048424677025184025,3.9008091833583784e-05,1.6740992460773344e-07,0.0010923727211490288
41,2.2675941324102625e-06,0.009054394996397918,4.730920266893326e-06,0.1321335686885466,1.676817916138725e-07,5.457266909579405e-07,0.0008150935720465705,9.084095452382666e-05,4.48926541563281e-05,0.0029157988653214202,5.250977364921497e-07,0.05894750940178853,2.4073217931033204e-07,0.793571465480032,1.121755434020076e-06,4.767783547342115e-05,9.896411528439438e-07,0.0002900468807052144,3.683142944192531e-07,2.036639514081644e-05,0.0004307919518778463,0.000538315008582551,3.6698145498305556e-05,1.45737773554851e-07,0.0010514359684560793
42,2.857277986450454e-06,0.009407118409219595,7.573615694374282e-06,0.16065070772415235,2.3039205166884002e-07,8.584391112433941e-07,0.0011172075370217104,0.00016571418249586246,7.666346993378086e-05,0.003289124324082875,8.546213473065502e-07,0.08326202086051143,4.030195710690198e-07,0.7386972819256972,2.462513425565532e-06,9.969943044087218e-05,1.392461426748731e-06,0.0003743227278600002,6.481522653524485e-07,2.7554645857360873e-05,0.0005924623719497404,0.0009331580115550941,4.169336745722947e-05,2.2504711549138751e-07,0.001247765471769556
43,3.2099092636379892e-06,0.010177350539370742,5.763866702605636e-06,0.12227819230222431,2.567064109389806e-07,5.388221392287998e-07,0.0010436957265992032,9.616971056346636e-05,5.906644277791039e-05,0.0021180276498880594,6.310502760527438e-07,0.06863881078590738,2.8668681449214146e-07,0.7931627279971343,1.499090256686783e-06,5.674229615023981e-05,9.546679878510968e-07,0.0002640280939225615,3.703513873195766e-07,1.9959725039477864e-05,0.00035952284528578666,0.0004596633929133991,3.205646255989885e-05,1.4592418761249566e-07,0.0012203289542369125
44,2.8246414189823047e-06,0.009998277901645071,5.465966486629748e-06,0.12308585422682461,2.454512941258059e-07,5.852992237145104e-07,0.0009943530736339985,9.908126208681343e-05,5.4920962615401245e-05,0.0025529170532029547,6.061913273225389e-07,0.061894023059475875,2.8010512879823283e-07,0.7988509905395136,1.462867213253668e-06,5.849219762347783e-05,1.0162193332214244e-06,0.00027076681130847117,3.879365027382402e-07,2.1853826511942832e-05,0.00039791374970799047,0.0004929352640485097,3.52350047408311e-05,1.489648976750467e-07,0.0011793614242339723
45,3.0741668632370476e-06,0.009763508718231197,6.9898892753148014e-06,0.1335256756001371,2.8591344114806013e-07,7.346667395467914e-07,0.0012055192459658657,0.00014763026758608582,6.455035221743599e-05,0.0026149277151517225,8.504616139012174e-07,0.06509985616193556,2.979263710354741e-07,0.7849154927003826,2.3306685460789435e-06,8.249919520889097e-05,1.0680012599510649e-06,0.00029719653140041565,4.798516787296383e-07,2.3164096706241638e-05,0.000386010718960582,0.0006041353594614282,3.502141277118102e-05,1.6997664842935984e-07,0.0012185304014463237
46,2.2580069302191043e-06,0.006962082245229162,4.457905084026024e-06,0.14902628530091905,2.0152708202160586e-07,5.993603204147278e-07,0.0006676030511874857,9.53354786255132e-05,5.0424004548658376e-05,0.0021298717082613456,6.45067835481825e-07,0.06585523938098428,4.386549230431794e-07,0.7724542596126551,1.3167068660011326e-06,6.384481340758831e-05,1.790416006953509e-06,0.00032293186002992026,3.5952690796708313e-07,2.777361879860582e-05,0.0004883327233619469,0.0007084721210061219,3.89266830825321e-05,1.7358387178560827e-07,0.0010963766420748007
47,3.482489220700292e-06,0.010291267056039263,6.138485566089819e-06,0.12928540842280137,2.540747882588917e-07,5.891884951936424e-07,0.001071471280966809,9.734191016332844e-05,6.65064117646071e-05,0.0025432963070655696,5.834900235525532e-07,0.08185868070789266,3.894163251861843e-07,0.7719143425360838,1.587800730773864e-06,6.711798036652846e-05,1.1744728324904546e-06,0.000310810723605447,4.3770794933043046e-07,2.3931002722971044e-05,0.00046949243834717633,0.0005669834904718628,3.438052030401643e-05,1.731623399731017e-07,0.0013841589231330688
48,3.3567528600545564e-06,0.012931875185064477,5.960247291832357e-06,0.12790118002049258,2.705068618183675e-07,8.069986885543973e-07,0.0009951678571302506,0.00011109257881753536,5.7550735314900226e-05,0.003341788337629213,7.140001347294904e-07,0.05512593697014523,3.237636653386806e-07,0.797204552106913,1.2672370788522354e-06,6.238435495727976e-05,1.187329450203338e-06,0.00027103930367108333,6.505869239842712e-07,2.462702884995585e-05,0.00039054798794573004,0.0005067243828826586,4.5840532811916225e-05,2.2979323904766934e-07,0.0010149254011796443
49,2.633260710398596e-06,0.009458745001274695,5.633251493287025e-06,0.13516717854811908,2.1030868218811664e-07,5.705463262708913e-07,0.0009301138518895686,9.481480925779895e-05,5.331298760070193e-05,0.0025866763848529854,5.826217377752663e-07,0.06700613310189778,2.963516215599606e-07,0.7821887032530487,1.372396823099623e-06,5.573730722211114e-05,1.0185012307524237e-06,0.0002755776807259965,3.671810205166533e-07,2.2282305580937112e-05,0.00042039629954657945,0.0005149655718893947,3.669656271228593e-05,1.5483918661256612e-07,0.00117582707554882
50,3.1008716338084232e-06,0.010607488529739542,6.107595558703342e-06,0.18032781044689464,2.5168210375557297e-07,8.256036204412841e-07,0.0006712514747832299,8.7756312491945e-05,9.63350329302143e-05,0.00173537454318288,9.164470361944882e-07,0.07675337524207841,4.1848296044555475e-07,0.7269542525923464,1.912560608137294e-06,8.443190711120851e-05,1.422093686441235e-06,0.0003238283821655609,4.821829526269551e-07,2.8718379251160426e-05,0.000512322305502627,0.0006946101586603899,3.8855645112707624e-05,2.777939074202309e-07,0.0010678737336811761
51,4.217861783861948e-06,0.007309337511191437,1.1156821226141966e-05,0.10463178569998954,1.056280249994046e-06,2.0065681317853695e-06,0.0020957202655051696,0.00017934642326960742,0.00010653026187185982,0.004998811659997554,1.352951070543668e-06,0.0852068241367135,1.5792340286141332e-06,0.7907807752791524,3.679779061246426e-06,0.0002447726227949214,2.6978143735636854e-06,0.00041094632140876606,9.388062153947161e-07,7.82308823916957e-05,0.001048313930203122,0.000628351686225664,7.86206460167325e-05,4.6651419966518154e-07,0.002172480042927251
52,2.8736531015466917e-06,0.006649885552913361,4.718379314024324e-06,0.09383084972078316,2.246763696531637e-07,7.037910407928091e-07,0.0007520808078566024,0.00011582360803262107,4.287755665597928e-05,0.0025207940637004813,6.97047378087895e-07,0.038440355855202814,2.0535854061938364e-07,0.8553799598366937,1.5515751471325262e-06,6.536535774127894e-05,9.757133649744324e-07,0.00036329333997466967,3.628896400416186e-07,1.868567740698292e-05,0.0002872401950944734,0.00047166583409032254,2.768147275500402e-05,1.2791480601974664e-07,0.0010210001223954956
53,3.5885174360104356e-06,0.010631354783933154,5.240144115315239e-06,0.1297769858796552,1.68252666721361e-07,7.192297110755892e-07,0.0005531061084186611,7.663377165906627e-05,5.448328086480012e-05,0.0024223528213234108,5.128684396451531e-07,0.050136762486401414,2.6910719718602914e-07,0.8040683841933038,1.0029837423750046e-06,4.962507209030955e-05,1.1262132180132402e-06,0.00033222339288333695,4.4786078223766354e-07,1.9903426361704652e-05,0.00038136604994683585,0.00045239970587291836,3.051234428349202e-05,1.748423888033621e-07,0.0010006566633047613
54,2.3133322543702443e-06,0.0031609856023036877,2.0834301013961635e-05,0.48163283386217626,3.822023146710235e-07,2.1710853744051777e-06,0.0013238512781218398,0.0007758653017068826,0.00012910111756741051,0.0021809360561134356,5.3186565417846e-06,0.11876870692858338,2.899814764506517e-06,0.38671452101361975,1.0812236475048192e-06,0.00016692063926791837,6.269930570578798e-06,0.0007035857333902285,1.583784135474603e-06,9.181168196931585e-05,0.0023310131432942743,0.0014403604604760617,0.00016240863900417288,2.7770061666411014e-06,0.00037146720562144283
55,4.798783731652005e-06,0.010380674654697844,8.023759360692869e-06,0.1517119276270413,2.5055805245590994e-07,5.861845390641403e-07,0.001244797295715284,9.56540507602962e-05,9.600207920644061e-05,0.0020047293986679964,6.261786942881746e-07,0.12677882929036904,5.724044947828681e-07,0.704602589788831,1.5142869654533296e-06,6.859376735435916e-05,1.1759600853917635e-06,0.00036608982043503447,4.898239874368262e-07,2.1594204794542527e-05,0.000528792655899166,0.0005840841835665654,3.1039823844108315e-05,2.3299732641083043e-07,0.001466330421579518
56,2.9284130293119075e-06,0.009903781181147844,5.520470643476644e-06,0.1220556132967817,2.5190264908027527e-07,5.956471636546603e-07,0.000992921236395325,9.819673388826227e-05,5.608058569202624e-05,0.0025015922738028137,6.175853051133947e-07,0.0643801278165187,3.0868834636265046e-07,0.7974953744106141,1.4631377296021493e-06,5.895392318850531e-05,1.076845354356706e-06,0.00027529851414582714,4.0328292391741425e-07,2.245892174514936e-05,0.00040934982020349647,0.0005004063412274193,3.5644212855780046e-05,1.5619520958764562e-07,0.0012008785634385554
57,3.0438004542024016e-06,0.009837929825781813,6.082208290696694e-06,0.13257957694517433,2.5558705936623884e-07,5.84219517779909e-07,0.0010896438709472839,0.00010187972815946348,6.712427354398518e-05,0.0025856715081450737,6.08866861072959e-07,0.08766187164939312,4.3369361933869117e-07,0.7631652882778699,1.5948673721192707e-06,6.919050579776941e-05,1.2556136213643917e-06,0.0002940771931270729,4.4953363196006035e-07,2.6083842340085152e-05,0.0005074071788463945,0.0006127131111588869,3.8558205003686565e-05,1.7902110643762062e-07,0.0013484964731766544
58,3.263789086159971e-06,0.010299178032233758,6.033345400198287e-06,0.12834584700855298,2.593059194217278e-07,6.49139988112376e-07,0.001015714887993071,0.00010080754005044814,6.101156214842654e-05,0.0025634649709234225,6.663885721601734e-07,0.06750288577445743,3.331518477789487e-07,0.7875628143614011,1.4543941054672222e-06,6.18165492693271e-05,1.0892438728291752e-06,0.0002931556575297286,4.4904811923968694e-07,2.317491570891485e-05,0.00042013645456103605,0.0005071686674959892,3.768247545711845e-05,1.866104113713429e-07,0.0011907567248945375
59,3.1880318909215478e-06,0.010640205956298096,6.3989042104728075e-06,0.13589930799245484,2.6331618050164374e-07,6.70660079011126e-07,0.0010507906946374847,0.00010427381337254723,6.197602440857072e-05,0.002739784776186414,6.839370942648456e-07,0.06673886093914358,3.222648287783653e-07,0.7801731535848695,1.5224086964553516e-06,6.380361941930498e-05,1.0804492683343648e-06,0.0002928295348603328,4.4576845344824364e-07,2.433358730751363e-05,0.0004348106211003498,0.0005151592736003254,3.983288597431595e-05,1.9108205356642684e-07,0.0012061098736110333
60,2.8246414189823047e-06,0.009998277901645071,5.465966486629748e-06,0.12308585422682461,2.454512941258059e-07,5.852992237145104e-07,0.0009943530736339985,9.908126208681343e-05,5.4920962615401245e-05,0.0025529170532029547,6.061913273225389e-07,0.061894023059475875,2.8010512879823283e-07,0.7988509905395136,1.462867213253668e-06,5.849219762347783e-05,1.0162193332214244e-06,0.00027076681130847117,3.879365027382402e-07,2.1853826511942832e-05,0.00039791374970799047,0.0004929352640485097,3.52350047408311e-05,1.489648976750467e-07,0.0011793614242339723
61,3.1668358007519935e-06,0.01071280386678332,6.330555491318392e-06,0.13453997517341784,2.6362036486022286e-07,6.663832034882298e-07,0.0010468448855915568,0.00010576733330755479,6.0885766666283305e-05,0.002730960897120621,6.848775481218063e-07,0.06563245985205013,3.162113761003467e-07,0.782599927093774,1.5202202564315454e-06,6.254501495835482e-05,1.0850810505601559e-06,0.00028907648803421627,4.482016565986e-07,2.4060889685866367e-05,0.00043037252831009266,0.0005141308959042102,3.9852044109354716e-05,1.8695294987632143e-07,0.0011956683305882117
62,2.8246414189823047e-06,0.009998277901645071,5.465966486629748e-06,0.12308585422682461,2.454512941258059e-07,5.852992237145104e-07,0.0009943530736339985,9.908126208681343e-05,5.4920962615401245e-05,0.0025529170532029547,6.061913273225389e-07,0.061894023059475875,2.8010512879823283e-07,0.7988509905395136,1.462867213253668e-06,5.849219762347783e-05,1.0162193332214244e-06,0.00027076681130847117,3.879365027382402e-07,2.1853826511942832e-05,0.00039791374970799047,0.0004929352640485097,3.52350047408311e-05,1.489648976750467e-07,0.0011793614242339723
63,2.8864996127388644e-06,0.01086857397500489,5.487710801786808e-06,0.1242938082262818,2.519549045260406e-07,5.893383355207256e-07,0.000984830942833603,9.556346787974536e-05,5.610564604216196e-05,0.0025863239539909216,6.022821905755131e-07,0.06077961251501803,2.715211998594948e-07,0.7978657734630652,1.4863131583288647e-06,5.731863353079192e-05,1.0136423438143325e-06,0.00026265255650360914,3.9553350798318715e-07,2.210553683063128e-05,0.0003964162318529423,0.0004895329476312933,3.6271968655087306e-05,1.5000610808726956e-07,0.0011919751327159325
64,2.58320281494846e-06,0.009717673100684348,5.1528323725509375e-06,0.12384985654281509,2.3237423683212262e-07,5.711722319063286e-07,0.0009471149831229356,9.271193098600689e-05,5.30581968891448e-05,0.002647913020525072,5.634248636349061e-07,0.0624821355677067,2.881452038686424e-07,0.797654169896517,1.4036746409006738e-06,5.5737494779980996e-05,1.0636942770526157e-06,0.00027302027645749314,3.726622551202942e-07,2.2794316358313914e-05,0.0004465320968367726,0.0005123020298435663,3.629299639377286e-05,1.4588696751464512e-07,0.0011963104802193759
65,3.2373870304048024e-06,0.010550822553725508,5.674869760351312e-06,0.12486649019439268,2.660046524402101e-07,6.182492322039837e-07,0.0009920224060153806,9.74337158308623e-05,6.4409744973742e-05,0.002268562501399956,6.852623426486614e-07,0.06887435450588432,3.208224287173424e-07,0.7897629062754608,1.5282463942074756e-06,6.220888942526954e-05,1.094090308850802e-06,0.0002816663620755472,4.4112273242326324e-07,2.163886865719425e-05,0.00040056513273325237,0.0005302136545381105,3.5341368285665256e-05,1.7589730529768803e-07,0.0011773218744142522
66,2.9263834396962118e-06,0.01019685469525139,5.707300169219935e-06,0.12447673793075476,2.582685425197929e-07,6.127314899392781e-07,0.0010215801604019628,0.0001004226734210536,5.6232936404909816e-05,0.0026736656360424826,6.211244905401438e-07,0.06210233361328444,2.9406753072956364e-07,0.7968428678046157,1.4895011526413037e-06,6.0286585609443355e-05,1.0543348650802644e-06,0.0002770579886539541,4.0258758093636153e-07,2.3120452411865897e-05,0.0004148698243240491,0.0004948152410928053,3.696684001066172e-05,1.5801081735844187e-07,0.0012086633076418888
67,6.199522122322398e-06,0.01988426851379976,1.1585506860565062e-05,0.1163219067256773,3.858265922996985e-07,5.877289533875344e-07,0.002629001588246196,0.00018320179847838817,0.00010591240280142286,0.0031092633498339237,9.528898640248514e-07,0.10798879614215465,2.295309262738712e-07,0.7461011037475871,3.705511017516291e-06,6.966013783164755e-05,9.007435325136704e-07,0.00033598486620890506,8.124923677349871e-07,1.5215834284954847e-05,0.0004700673493642134,0.0008815949690218936,3.387186228170923e-05,1.6351698849635472e-07,0.0018446274432027904
68,3.217348271279391e-06,0.009372816114348717,6.661439738565661e-06,0.14663672092152666,1.7300964754288433e-07,5.330309708906359e-07,0.0009030633470009621,9.636918838585761e-05,5.280764395988229e-05,0.0027729587301346787,5.069034350280536e-07,0.07255136174014165,3.0872355646375775e-07,0.7651113688701892,9.74309902938436e-07,4.78260533089647e-05,9.81302530877194e-07,0.00032482822897829275,3.690136900034923e-07,2.1149838936692875e-05,0.00045639684116881963,0.0004755957833738939,3.6704786257281985e-05,1.717502037604658e-07,0.0011261350803411661
69,2.8966388389858837e-06,0.010121393965502209,5.112026968770567e-06,0.11343555737040388,2.2389325740017906e-07,5.301980781296636e-07,0.0009776118313045447,9.19323417041439e-05,5.2864152133001726e-05,0.002571402530095036,5.208121764475296e-07,0.06097852823223487,2.4682619861324314e-07,0.8092397408682258,1.4366590157897056e-06,5.3065071221347173e-05,9.772831610956283e-07,0.0002768407128517768,3.675627096556207e-07,1.8928508105957014e-05,0.00038128990081556834,0.0005041140663482126,3.100375499362979e-05,1.2191377559116499e-07,0.0012532928798794352
70,2.778588337626366e-06,0.01392008503785513,5.722889425226973e-06,0.13101203061671418,2.8494115663546616e-07,8.064287537138563e-07,0.0010896994533994098,9.445209633260953e-05,6.977077362061099e-05,0.0033706872168479027,7.856865057911877e-07,0.0663318320722553,2.952531529502104e-07,0.7812445096420351,1.8011567578467265e-06,6.0314296491519845e-05,1.1180314490072821e-06,0.00027466912769035797,6.435391238372106e-07,2.444948757599545e-05,0.0005693949717222485,0.0006503193536483646,5.20951253949957e-05,2.337788767281808e-07,0.0012212204348769926
71,2.5232475772090125e-06,0.010160828041548959,4.414775189325835e-06,0.11271408987571481,2.858822783946051e-07,5.341540486223925e-07,0.000919425740320941,8.055214380409785e-05,4.9339144678329765e-05,0.002492263795811539,5.239018725397097e-07,0.056399405774214255,3.0729347925399237e-07,0.8149198343688248,1.2078850686201663e-06,5.775136442208816e-05,1.032226893556539e-06,0.00022221136761679672,3.361432952192484e-07,2.646007656744642e-05,0.00037481894188057225,0.00038985210756705747,3.8542528599223e-05,1.4392744415462148e-07,0.001143315291282147
