,0,1,2,3,4,5,6,7,8,9,10,11,12,13,14,15,16,17,18,19,20,21,22,23,24
0,3.868733942032965e-06,0.009276632179850489,4.018503150428395e-06,0.0910867059973738,2.3378806936339724e-07,6.567372576889844e-07,0.0005717204571313385,6.711789213103913e-05,4.240004457289905e-05,0.002157980126219087,6.006409603511661e-07,0.034616994369302385,2.0470919757802257e-07,0.86024486832289,8.262445693775033e-07,4.190945031208237e-05,9.625942213806318e-07,0.000326762963538076,3.6749686262132935e-07,1.6960535168810523e-05,0.000247878232175594,0.0003204321464062808,3.073322471670401e-05,1.6128884627750153e-07,0.0009390033211343359
1,4.729246146545924e-06,0.011663227543577601,5.663823864502521e-06,0.09855766454069105,3.402553787163243e-07,1.027669054819554e-06,0.0007155682263044928,9.469819832002037e-05,6.465948506354451e-05,0.0025837545993763235,7.970922696362082e-07,0.03910375511005415,2.8889530146340357e-07,0.8450506792493716,1.2811852911804794e-06,7.215223083810508e-05,1.1589230641214688e-06,0.00033412306681503953,6.121873545662032e-07,2.33066360033177e-05,0.0003176774907745833,0.00037822509404711346,3.555946916208052e-05,2.3589749367841235e-07,0.000988813884381743
2,4.2841186965714155e-06,0.01022380817790727,3.888655122775231e-06,0.07503821025348097,3.7625284272135865e-07,7.878648067528397e-07,0.0005866735572988262,7.24795783165352e-05,5.37007501582896e-05,0.0018871846790965922,6.712636993335705e-07,0.03184718288906001,2.671362394692728e-07,0.8782683310831824,1.1868698059817837e-06,5.3389931755482706e-05,1.1860208744688298e-06,0.00030978604681758436,4.272250836553293e-07,2.2416584237925562e-05,0.0002463542981642285,0.00030868706821340295,2.9465744676568754e-05,1.6405178325166034e-07,0.001039089898679071
3,4.139883364760126e-06,0.010134054446013408,4.311494264117284e-06,0.09091852917099578,3.0423375816524754e-07,8.137768295831289e-07,0.0005972666500500359,7.703282560758644e-05,5.334319881521736e-05,0.0020724028414853867,7.168060628833809e-07,0.0357982439242219,2.6026279773206015e-07,0.8583271468884608,1.0363381056194432e-06,5.357624654579168e-05,1.1728288787678453e-06,0.0003257721004218012,4.684234288612611e-07,2.0700910474191962e-05,0.00028312735419407033,0.0003513822523062356,3.240824591772419e-05,1.9428138362540493e-07,0.0009415946156159708
4,4.184532683122265e-06,0.010911487404881525,4.744208468097382e-06,0.09533106253004787,3.0635084225838483e-07,8.628809230937536e-07,0.0006569632252431439,8.510046547164787e-05,5.499926730186491e-05,0.002365796095043691,7.441527079984959e-07,0.0348875130168773,2.266346829386285e-07,0.8536701120075731,1.127350648312632e-06,5.7850160526304296e-05,1.0637792567784004e-06,0.0003279976256287377,4.958615473841422e-07,2.057926820824299e-05,0.00028587685273185064,0.00035862503887839725,3.380223829172097e-05,1.9962774525883677e-07,0.0009382794237892942
5,4.008273817849843e-06,0.009160654506969493,3.910290797873542e-06,0.09733962318102565,2.4857910532768184e-07,7.402356353542988e-07,0.0005155083450932343,6.708884528325453e-05,4.945923080611213e-05,0.001939067109783952,6.540756445411236e-07,0.03637350534233368,2.5515960479213924e-07,0.8525490293406558,8.654521703966672e-07,4.67525565446522e-05,1.1645896112933637e-06,0.00035906310910953414,4.0581398516978676e-07,1.9334372277486847e-05,0.0002783025659052052,0.0003504619603498223,3.051346450516365e-05,1.9274838784312604e-07,0.0009091908505962842
6,4.139883364760126e-06,0.010134054446013408,4.311494264117284e-06,0.09091852917099578,3.0423375816524754e-07,8.137768295831289e-07,0.0005972666500500359,7.703282560758644e-05,5.334319881521736e-05,0.0020724028414853867,7.168060628833809e-07,0.0357982439242219,2.6026279773206015e-07,0.8583271468884608,1.0363381056194432e-06,5.357624654579168e-05,1.1728288787678453e-06,0.0003257721004218012,4.684234288612611e-07,2.0700910474191962e-05,0.00028312735419407033,0.0003513822523062356,3.240824591772419e-05,1.9428138362540493e-07,0.0009415946156159708
7,8.51749711866695e-06,0.012354965302362434,8.456441520625382e-06,0.0942072987007176,3.9876617355076714e-07,1.1041182227490033e-06,0.0008477791162505722,0.0001013510900867029,6.549272547336936e-05,0.0026558784080242892,9.239843133629993e-07,0.04234745895745549,3.7871370110603943e-07,0.8451546983114125,1.0199145791534083e-06,5.65737922750271e-05,1.2415261084570536e-06,0.00042682251439218996,7.288075496488605e-07,2.308744014448287e-05,0.0002839743574837422,0.0002996789525223865,3.9304815711607495e-05,3.2064688507447403e-07,0.0011125450995151153
8,4.151462542627828e-06,0.010207511975214653,4.336803009446561e-06,0.09138059878500601,3.00895313185682e-07,8.089369791691961e-07,0.0005916736035848129,7.589938799492823e-05,5.2374223493218246e-05,0.002084678584137368,7.050701848251234e-07,0.03525007894638881,2.558270041719104e-07,0.8583721953251117,9.99815646655841e-07,5.244643833613729e-05,1.1444302781703078e-06,0.0003201107540148452,4.602501513360242e-07,2.066866915329868e-05,0.0002752240543207479,0.0003374782724033767,3.267702658434328e-05,1.9367814500514379e-07,0.000933026785001148
9,1.6742489057217266e-05,0.003493061739569827,1.8597726086608478e-06,0.007291218802472401,3.4378633560052493e-06,1.1804365153125856e-06,0.0009798398431237812,0.0003616916689111915,0.00013262247534987572,0.00033824993563581074,5.665297107913561e-06,0.03372422137733348,1.1382455539440266e-06,0.9475818882769799,1.6290819166345882e-05,0.00014033308150340618,1.1324752693105898e-05,0.001386281080327747,3.1417967314275253e-06,1.4294026109588367e-05,0.00023362696604525363,0.0024448039187500146,9.24442808429635e-06,1.5388814706128486e-07,0.0018076870188663276
10,4.139883364760126e-06,0.010134054446013408,4.311494264117284e-06,0.09091852917099578,3.0423375816524754e-07,8.137768295831289e-07,0.0005972666500500359,7.703282560758644e-05,5.334319881521736e-05,0.0020724028414853867,7.168060628833809e-07,0.0357982439242219,2.6026279773206015e-07,0.8583271468884608,1.0363381056194432e-06,5.357624654579168e-05,1.1728288787678453e-06,0.0003257721004218012,4.684234288612611e-07,2.0700910474191962e-05,0.00028312735419407033,0.0003513822523062356,3.240824591772419e-05,1.9428138362540493e-07,0.0009415946156159708
11,4.2412359651156175e-06,0.010019807178318041,4.380591553232717e-06,0.09109475507624112,3.154905159913713e-07,8.252108516339585e-07,0.0005965959149616423,7.715884150357996e-05,5.432305443895237e-05,0.0020075490412509445,7.352703900502472e-07,0.03694052996232778,2.871409151464658e-07,0.8571777051374001,1.029577914268865e-06,5.3912841203377966e-05,1.2343974522248877e-06,0.00032552068116818125,4.777540132273029e-07,2.1558330957489478e-05,0.00028775258135576735,0.00034970513925143174,3.3070310532256315e-05,2.0357283416346058e-07,0.0009463256666841751
12,3.751479486299179e-06,0.009303742803687547,3.409564459974009e-06,0.07996152994177026,2.8305962358045517e-07,7.103000283722782e-07,0.0004997094514450412,6.345288721187855e-05,4.5720306860999605e-05,0.0018640473371650294,5.907024375649562e-07,0.030762360626591594,2.3826894080878573e-07,0.8756045429846809,8.67106227476324e-07,4.4510952199604815e-05,1.1670455711747681e-06,0.00031222706093682323,3.8174555959881124e-07,1.9308415225198384e-05,0.00025136966626529027,0.0003081505022794898,2.8550683516398045e-05,1.546347817323572e-07,0.000919222473047478
13,6.2523868818237385e-06,0.014622176121124533,6.050023964536206e-06,0.10530378913634772,3.872361150421748e-07,1.112888192863406e-06,0.0007584681636262291,8.152331342489225e-05,7.022062411718406e-05,0.003312969715421241,6.43638061685179e-07,0.035971996942337076,2.971137022649638e-07,0.8374064969182485,1.238515943553541e-06,6.908638448940725e-05,1.2895833896214608e-06,0.0004034654077104295,6.163160544201625e-07,2.6459793412627643e-05,0.00032860747812043703,0.0003503557592756845,3.7048936835343935e-05,2.467908139933667e-07,0.0012392008123886912
14,4.154184297973004e-06,0.00984398345602527,4.526612597536829e-06,0.09455587877776633,2.956321129957185e-07,8.189122276486666e-07,0.0006001230906621875,7.928579075878156e-05,5.474986811586624e-05,0.00208317092807736,7.07628209667073e-07,0.03752729190058062,2.725515987113469e-07,0.8531797877493827,1.0500083416245366e-06,5.529070885566253e-05,1.196274970850778e-06,0.00033506217021600244,4.634362577638154e-07,2.1185293930182353e-05,0.00029619488734300794,0.00036171320026735765,3.2381300804532135e-05,1.9573374926662325e-07,0.0009602199028501527
15,4.139883364760126e-06,0.010134054446013408,4.311494264117284e-06,0.09091852917099578,3.0423375816524754e-07,8.137768295831289e-07,0.0005972666500500359,7.703282560758644e-05,5.334319881521736e-05,0.0020724028414853867,7.168060628833809e-07,0.0357982439242219,2.6026279773206015e-07,0.8583271468884608,1.0363381056194432e-06,5.357624654579168e-05,1.1728288787678453e-06,0.0003257721004218012,4.684234288612611e-07,2.0700910474191962e-05,0.00028312735419407033,0.0003513822523062356,3.240824591772419e-05,1.9428138362540493e-07,0.0009415946156159708
16,1.0137017664154739e-05,0.014372468319368371,1.2286361438978272e-05,0.12150655235240611,7.586853585129988e-07,1.7381831383239365e-06,0.0008969842779672162,0.00014863071005199647,8.569858279151205e-05,0.001814483242130864,2.043936474621403e-06,0.02885983863644625,3.7426858635144195e-07,0.8305439534292521,1.4292227223670442e-06,7.329693433934981e-05,1.2788994702808407e-06,0.00032045599694638654,7.800003170407199e-07,2.819168329872011e-05,0.00013694570089833595,0.00021035934354427457,5.265696815127102e-05,4.5100367246229304e-07,0.000918206243564331
17,8.371145880254862e-06,0.01790525164524334,1.141862253623568e-05,0.12043039079500764,4.574255697324362e-07,1.7842560371979047e-06,0.0011533420658547703,0.00013669950377863906,9.856693397551889e-05,0.004115864486082824,1.1316911109289303e-06,0.04323818058227582,2.963286338072465e-07,0.81023854767888,2.1568397720916787e-06,0.00010519245169358296,1.0644052275789635e-06,0.00043709492113456046,1.0969043597520332e-06,2.5121424904848708e-05,0.00037922345704153584,0.00041219633754202155,4.1339476917423954e-05,3.838827688553907e-07,0.0012548267377710017
18,3.5052902344909315e-06,0.008031206854545399,2.865704261715086e-06,0.07067059362567264,2.5097822428467025e-07,5.598419045223489e-07,0.000471005651743143,5.443736929856813e-05,3.987585524909232e-05,0.001764516977245514,4.801268048866222e-07,0.032281611817251116,2.394675836089914e-07,0.8846506652435587,7.77995918972505e-07,3.651706285092438e-05,1.233062689001758e-06,0.0003397136066787894,3.1279901946659867e-07,1.812481321705849e-05,0.0002655029595053978,0.00032013510692291706,2.5404084506315207e-05,1.2209994426107644e-07,0.0010203416051693416
19,5.117456600173789e-06,0.009904562573267592,3.736935633242973e-06,0.07101924974609425,3.6285262136977565e-07,1.0608904593942675e-06,0.00042910230567425696,6.88715186632809e-05,4.7547579669550516e-05,0.0020686562146204775,7.580219658383233e-07,0.021623351151822824,2.4334786809421427e-07,0.8929948148445842,8.404783353338555e-07,4.81961269136157e-05,1.3446575196610986e-06,0.00038346565677566905,5.15729808753881e-07,2.1853169322911204e-05,0.000225815603777193,0.00026414539642065897,3.163405438009627e-05,2.1418727669040603e-07,0.0008545394999248572
20,2.405502551061614e-05,0.02939584502107007,3.5982091601269994e-06,0.03921386869204832,1.0525877514130135e-06,1.5550298955914057e-06,0.00030443118053148405,5.486615192619221e-06,5.476953002541739e-05,0.0027131163830126956,1.5457714022324858e-07,0.011198571554752757,8.478873566089321e-07,0.915469195465051,4.80509633071353e-08,1.6850123121543498e-05,1.180815191790939e-06,0.0002278030434895187,4.21800090816808e-07,3.699197380576356e-05,0.00011046509486137232,1.1809670801929249e-05,3.6835598353831207e-05,4.2769109547560253e-07,0.0011706183797257153
21,1.3030040373610475e-05,0.02030072535309325,1.585206844021026e-05,0.13913360664537955,1.3408371488576022e-06,2.18656756435661e-06,0.002173874652311983,0.00028259561491372857,0.0001231950713180908,0.006196925738882621,2.771681539985267e-06,0.055103233673141204,7.053105612985969e-07,0.769626562169651,5.989578432713142e-06,9.064488972254077e-05,6.775475718598503e-06,0.0009996399854706548,2.208749201620824e-06,5.686292015493246e-05,0.0008609737395737433,0.0016507114883429468,0.00012756267056602728,5.878358562784933e-07,0.003221437242640258
22,2.5855798439839555e-06,0.01332011849741667,3.890724372938705e-06,0.10239817107049269,3.574475034471561e-07,7.23872862673868e-07,0.0008312728696498318,7.10828767880199e-05,5.589935386380205e-05,0.0024237434225582934,6.188037769774587e-07,0.04376555759201974,2.7588229341679597e-07,0.8354237738269493,9.972544220024708e-07,6.226593068153327e-05,8.015923887467708e-07,0.00016155906674244155,4.577687199549679e-07,2.521571253977371e-05,0.0002827599967135526,0.00027612488262536666,4.4901902552668896e-05,2.007569946957234e-07,0.0008466433152275387
23,4.139883364760126e-06,0.010134054446013408,4.311494264117284e-06,0.09091852917099578,3.0423375816524754e-07,8.137768295831289e-07,0.0005972666500500359,7.703282560758644e-05,5.334319881521736e-05,0.0020724028414853867,7.168060628833809e-07,0.0357982439242219,2.6026279773206015e-07,0.8583271468884608,1.0363381056194432e-06,5.357624654579168e-05,1.1728288787678453e-06,0.0003257721004218012,4.684234288612611e-07,2.0700910474191962e-05,0.00028312735419407033,0.0003513822523062356,3.240824591772419e-05,1.9428138362540493e-07,0.0009415946156159708
24,1.2859382138206964e-05,0.017935449798179386,4.703350608863075e-05,0.1598653343508459,1.2904466100663625e-06,3.1411778581143054e-06,0.005800400748782506,0.000534607577365541,0.0003132348698724233,0.0074388783438898735,3.455465520459595e-06,0.15605718559017198,8.608564586516616e-07,0.6421135072683342,1.9058747054367697e-05,0.00031244945009492874,2.6823475208313473e-06,0.0009080247996505646,3.0892978273760543e-06,4.616954344889984e-05,0.0022482598946915516,0.0021803096919002438,8.478783630827606e-05,7.100978736521572e-07,0.004067218911513589
25,3.3235889156360302e-06,0.008397675587676132,3.615894717157675e-06,0.08596618181935001,2.624343956679561e-07,7.201501353455779e-07,0.0005218556241055844,7.796917828357117e-05,4.384299814110105e-05,0.0017215889326910345,7.454552747698609e-07,0.031177575785581623,2.114894304807847e-07,0.8703994359985803,8.684548542277789e-07,4.7563991538981426e-05,1.0205723455463966e-06,0.0002888605056689669,3.955347534536956e-07,1.7706703067086588e-05,0.00023856701156239042,0.00031822160305689895,2.9669969040744163e-05,1.7148460615866653e-07,0.0007419492322274145
26,7.3464456090348235e-06,0.012505053170060627,6.1396055472691646e-06,0.1098063919606674,3.924475072998612e-07,1.2052921771432574e-06,0.0005454650852118284,7.173506627205809e-05,6.831652057727253e-05,0.0023576469787514845,9.168607533709102e-07,0.036824012973004965,4.2879959949660557e-07,0.8356134769651494,8.118922224026068e-07,5.472182325636249e-05,1.6732454688279458e-06,0.0004391986145006207,6.826767015287108e-07,2.9308445900010865e-05,0.0003079867554919144,0.00032193996707268255,4.765225202249187e-05,4.1365422579686184e-07,0.0009870825022487383
27,3.823484923108685e-06,0.0097235817911595,4.132299682577434e-06,0.09484786533141984,2.8572200762930924e-07,8.273352882670663e-07,0.0005775796511100898,8.343519955320235e-05,5.526989273241496e-05,0.0020350101953518366,7.813169259184941e-07,0.03681464150590284,2.497083342878726e-07,0.8537397018673129,1.2004459701985363e-06,5.811838962390859e-05,1.2419871955330691e-06,0.0003439592031879645,4.919930369970512e-07,2.0318626996880824e-05,0.00029999177259851267,0.0004378370223252486,3.223610823997206e-05,1.9766812349023664e-07,0.0009172214809968272
28,4.139883364760126e-06,0.010134054446013408,4.311494264117284e-06,0.09091852917099578,3.0423375816524754e-07,8.137768295831289e-07,0.0005972666500500359,7.703282560758644e-05,5.334319881521736e-05,0.0020724028414853867,7.168060628833809e-07,0.0357982439242219,2.6026279773206015e-07,0.8583271468884608,1.0363381056194432e-06,5.357624654579168e-05,1.1728288787678453e-06,0.0003257721004218012,4.684234288612611e-07,2.0700910474191962e-05,0.00028312735419407033,0.0003513822523062356,3.240824591772419e-05,1.9428138362540493e-07,0.0009415946156159708
29,4.139883364760126e-06,0.010134054446013408,4.311494264117284e-06,0.09091852917099578,3.0423375816524754e-07,8.137768295831289e-07,0.0005972666500500359,7.703282560758644e-05,5.334319881521736e-05,0.0020724028414853867,7.168060628833809e-07,0.0357982439242219,2.6026279773206015e-07,0.8583271468884608,1.0363381056194432e-06,5.357624654579168e-05,1.1728288787678453e-06,0.0003257721004218012,4.684234288612611e-07,2.0700910474191962e-05,0.00028312735419407033,0.0003513822523062356,3.240824591772419e-05,1.9428138362540493e-07,0.0009415946156159708
30,4.139883364760126e-06,0.010134054446013408,4.311494264117284e-06,0.09091852917099578,3.0423375816524754e-07,8.137768295831289e-07,0.0005972666500500359,7.703282560758644e-05,5.334319881521736e-05,0.0020724028414853867,7.168060628833809e-07,0.0357982439242219,2.6026279773206015e-07,0.8583271468884608,1.0363381056194432e-06,5.357624654579168e-05,1.1728288787678453e-06,0.0003257721004218012,4.684234288612611e-07,2.0700910474191962e-05,0.00028312735419407033,0.0003513822523062356,3.240824591772419e-05,1.9428138362540493e-07,0.0009415946156159708
31,6.694895741194252e-06,0.010823224983669074,6.186217810656756e-06,0.08682252748269155,3.2775919614237916e-07,8.56566086358174e-07,0.000708522059206343,9.926718615487389e-05,5.2165010695075304e-05,0.0022933170194188537,7.611456795763822e-07,0.03555440209433361,2.8391410481339633e-07,0.8615590815587311,9.308501211817751e-07,4.6736655502876074e-05,1.203532914671866e-06,0.00040125385240036233,5.621201512954299e-07,1.9126606558690508e-05,0.00025524168016297143,0.000307612910876078,3.242798466557381e-05,2.1326831692066614e-07,0.0010070726448101184
32,4.462930026653803e-06,0.010596825245754917,4.56528820471837e-06,0.09150235317862465,3.164547797171319e-07,8.712448326146823e-07,0.0006161834849475774,8.072725628079943e-05,5.686982354444335e-05,0.002140709274503884,7.597389870936336e-07,0.03690280307833942,2.737517870974479e-07,0.8560156512183533,1.0944342623323243e-06,5.6162426033928366e-05,1.2248916643500242e-06,0.00034045667392268875,5.250063099857273e-07,2.1034959902570118e-05,0.000295979252940444,0.0003713150618846943,3.3245187155043576e-05,2.113537821640231e-07,0.0009553787831747308
33,7.338450236379439e-06,0.016344384633176227,9.0381646550791e-06,0.11108990067080783,4.012361281281198e-07,9.286227825770647e-07,0.0011658645164636908,9.034593052962227e-05,9.049057020446816e-05,0.0028825067086845724,7.482923158442815e-07,0.05744242315771783,2.7140938244964765e-07,0.8077870150081963,2.0086388078636936e-06,6.257137002495994e-05,9.868549873396034e-07,0.0004121582740823884,5.802698379600192e-07,2.1078776994795473e-05,0.00039523443230130234,0.00037945817635369087,3.269622050566731e-05,2.0380484208162759e-07,0.0017813658099811698
34,3.118241970956347e-07,0.003100433208764432,6.809593737959857e-07,0.10520263175269734,8.727076065774383e-08,3.044269838936677e-07,0.0002556988033108663,4.22984247125302e-05,1.0656513133575858e-05,0.002483917980245877,2.699499988583195e-07,0.01832356378649956,8.89491356555434e-08,0.8693079283912172,5.33179321200236e-07,4.944815245826782e-05,6.41956834892583e-07,0.00016257026255613025,7.63077264861628e-08,2.095754344592567e-05,0.0001843396099716588,0.0003051454329771953,3.019016655401575e-05,4.865228895095848e-08,0.000517176494833774
35,2.7356677989631427e-06,0.009901692817930453,3.3762499599653656e-06,0.08758203782147922,3.276379231842998e-07,8.237746559286549e-07,0.0005250945305580005,6.78112183047633e-05,4.8219507786445806e-05,0.0019357078551324057,7.332862603390049e-07,0.030795819805256353,2.3946124403828675e-07,0.867373492802567,1.1212631158203708e-06,6.002512284237925e-05,1.0919717288562796e-06,0.00022657155018601319,4.1210832350884346e-07,2.4017583525487005e-05,0.0002597450346689797,0.00031926305574801387,3.575966843246332e-05,1.7713605349806182e-07,0.0008337030685178609
36,4.373003890293302e-06,0.007831279848381173,4.162413876024479e-06,0.07795338015151239,2.586961482271456e-07,6.237307844128761e-07,0.0006448528464739894,9.534813388131383e-05,5.418489058855178e-05,0.0014669498135869961,7.019435756303504e-07,0.051190343951982846,3.3092881571748927e-07,0.8586976126646323,1.15125339638443e-06,5.80826407865358e-05,1.1946954368923657e-06,0.0003318900412579307,4.7568467249955313e-07,1.621638241345808e-05,0.00025533663240098715,0.0004300383765725846,2.2168193118439173e-05,1.5644475538227204e-07,0.0009388866370590993
37,1.948201439265518e-06,0.007985984743201923,2.540249039195318e-06,0.06969940640323448,2.997058775456414e-07,6.876333815060001e-07,0.0004934397603674239,7.60638732726463e-05,4.3236010394172784e-05,0.001625393713851092,6.196278390527849e-07,0.026469512305746023,1.7753346996489193e-07,0.8918818096404038,1.43363021392282e-06,6.081799382194008e-05,9.934774525491952e-07,0.00020341372704140763,3.2261210575629646e-07,1.929151601010599e-05,0.00024138841700762148,0.0003426504694158251,2.484525871284747e-05,9.491511927920113e-08,0.0008236285815806229
38,5.06868764172235e-06,0.011109148290853106,5.15963464269504e-06,0.08801014669932507,3.6361647901213185e-07,9.581828520372803e-07,0.0006993882300221493,8.277102708819044e-05,6.141304032945694e-05,0.0022395683199586194,7.826881061918181e-07,0.0365729917074325,2.794025078641358e-07,0.8590992330295508,1.2183628384725041e-06,6.10653414740655e-05,1.1341221273312564e-06,0.00034193094000850474,5.427598236595549e-07,2.09731036207236e-05,0.0002796780141649545,0.00033453213778331564,3.245632195951354e-05,2.1530967086909763e-07,0.0010389810297394533
39,4.928547579946107e-06,0.008353728096930352,6.7326568451205395e-06,0.11002520797332326,3.53756829993245e-07,1.385501240833714e-06,0.0007332315021486061,0.00013147653317371376,7.230971827129327e-05,0.0026704589566218734,9.506588344313423e-07,0.044244691660841946,4.70363939135503e-07,0.8309930450076711,1.5910162090698768e-06,9.513649048421091e-05,1.8958255001707636e-06,0.00048790253867703307,7.303767784063133e-07,2.7810528033594337e-05,0.00048135108782591443,0.0005228405491805353,3.517338033566389e-05,2.777703571012406e-07,0.0011063195023665565
40,3.8945757063447785e-06,0.009659833892955204,4.0754624865834954e-06,0.10360049929252167,2.780767210255591e-07,8.57137933575551e-07,0.0005441423530966076,7.651241020593567e-05,4.7342733348060875e-05,0.0024117678843883416,7.01292424063372e-07,0.031713776554516,2.475017051426738e-07,0.8499663914090508,8.419819338557646e-07,5.425497498073357e-05,1.2542247782763797e-06,0.0003543465027832044,4.5345398989314467e-07,2.2662143031607934e-05,0.0002992539884398579,0.00034738362965778017,3.64674106095437e-05,2.2060236106662242e-07,0.0008525405103746485
41,3.2167094328413866e-06,0.009082859877404143,3.606338996214789e-06,0.09851660897776326,1.9813392226208012e-07,7.266806514853575e-07,0.00048514235320306167,6.904158524549824e-05,4.054142951195293e-05,0.002407779941625365,6.190649250329075e-07,0.03392434265233815,2.0938341649865572e-07,0.8535267766313887,7.372413761308334e-07,4.330081870495894e-05,1.1320669158688858e-06,0.00033403220128053597,4.423724640325861e-07,1.8697651640676244e-05,0.0003159568963559205,0.00038790521937190445,3.479970966622977e-05,1.9032300054376728e-07,0.0008011357393986522
42,4.080076893832936e-06,0.009857299797292234,5.852584218865369e-06,0.12306077611121206,2.76649384082979e-07,1.174060549315825e-06,0.0006853495580172484,0.0001351317643264177,7.302283799126753e-05,0.0026946466375382394,1.010169458206979e-06,0.051464395358534296,3.739015925922616e-07,0.809305859987604,1.753179134323264e-06,9.772846915258645e-05,1.6339563776500044e-06,0.00042633747562769814,8.315617370760524e-07,2.628554338696323e-05,0.00045420296549012314,0.0007048907208631628,3.832535742575494e-05,2.984823300659576e-07,0.0009584627938618426
43,4.8345464251259566e-06,0.010504791903722962,4.542038569386378e-06,0.08912736547932991,3.2737529554634106e-07,7.615240513363605e-07,0.0006197379101713086,7.460184723483901e-05,5.866675765871453e-05,0.0017033847027742338,7.521062583906228e-07,0.0393732381701342,2.7534919348818206e-07,0.8565139001346456,1.0859125971222242e-06,5.088296138528491e-05,1.1442907337736227e-06,0.0003272511147186953,4.5427542092942286e-07,1.929910652340875e-05,0.0002517042843832236,0.0003293951228039995,2.929084127560257e-05,1.9082449528128205e-07,0.0010021214201977372
44,4.139883364760126e-06,0.010134054446013408,4.311494264117284e-06,0.09091852917099578,3.0423375816524754e-07,8.137768295831289e-07,0.0005972666500500359,7.703282560758644e-05,5.334319881521736e-05,0.0020724028414853867,7.168060628833809e-07,0.0357982439242219,2.6026279773206015e-07,0.8583271468884608,1.0363381056194432e-06,5.357624654579168e-05,1.1728288787678453e-06,0.0003257721004218012,4.684234288612611e-07,2.0700910474191962e-05,0.00028312735419407033,0.0003513822523062356,3.240824591772419e-05,1.9428138362540493e-07,0.0009415946156159708
45,4.409612472032739e-06,0.009784292836189338,5.604261404080576e-06,0.10117757524610313,3.4769779523471947e-07,1.0161039069039617e-06,0.0007426460548929815,0.00011716654269724108,6.241709630668003e-05,0.0021508750668208,1.0034404213013879e-06,0.03846224119799881,2.7087072055726383e-07,0.8453380127753534,1.6518073225875623e-06,7.865094388971524e-05,1.1869752500176253e-06,0.0003488775075990062,5.729210822130221e-07,2.1714420813504152e-05,0.00028101268516174426,0.00043136671743443925,3.2400563895064243e-05,2.2187086097556266e-07,0.0009544647836085111
46,3.359255239773903e-06,0.00735608105240121,3.3488375914674306e-06,0.10846168896454705,2.51858184872847e-07,8.25627488817412e-07,0.0003871090078686299,7.356497776090326e-05,4.8122382265356235e-05,0.0017008808191492826,7.607728884601375e-07,0.03826192676077683,4.222477336044377e-07,0.8414371570450969,9.214975211933971e-07,5.6933146045159946e-05,2.2513878739897615e-06,0.00038753504588244026,4.572836204327466e-07,2.7070314613427148e-05,0.00035251486983242864,0.0005235267615936469,3.558187336402404e-05,2.2781920738224428e-07,0.0008774803914526887
47,5.188211628775909e-06,0.010625406118161323,4.856663216262336e-06,0.09629791072072032,3.1878806578665044e-07,8.263414191853329e-07,0.0006485130327977311,7.647134331805603e-05,6.510019693483938e-05,0.0020830829228217405,6.995569219479946e-07,0.04814299047863979,3.68487990370783e-07,0.8396802147240267,1.134357761597554e-06,6.211261880037524e-05,1.3925347868985412e-06,0.00037800963872176385,5.424056810292874e-07,2.2984210896973966e-05,0.00033993132393970917,0.0004127151957348402,3.199585885962084e-05,2.2965692777154807e-07,0.0011170046112265913
48,4.896234555487029e-06,0.013170020292803999,4.577254704556889e-06,0.09416696650628753,3.237775350773168e-07,1.0964454166932617e-06,0.0005933951768664307,8.562819060956e-05,5.2263872125867066e-05,0.002769078026640245,8.563850215067833e-07,0.03213652596966031,2.9371596272659643e-07,0.8551502586518707,8.265136799809393e-07,5.6939036171455776e-05,1.3929790402777085e-06,0.00031498069490301574,8.255203862395739e-07,2.2732350466166987e-05,0.00028585231993864867,0.00036684612836073355,4.376629087636256e-05,3.111374567389812e-07,0.0007693465286595804
49,3.823501062573497e-06,0.009540844134307109,4.507493294188926e-06,0.10180124247952692,2.581875912319968e-07,7.931264144467779e-07,0.000568179599255079,7.455283253680458e-05,5.182456383738486e-05,0.002126068939660582,6.889936676667935e-07,0.0393565490208396,2.7290049322749945e-07,0.844426578306718,9.72229843835274e-07,5.2234995641792754e-05,1.1517116963499455e-06,0.0003286986535817166,4.399304368623458e-07,2.1048261072783464e-05,0.00030403038295078187,0.00036781085902850907,3.4051968497315674e-05,2.0273035126912597e-07,0.0009331741976942251
50,4.7279081937897376e-06,0.011491192980538642,4.749923477220914e-06,0.13404299726980684,3.2787080447750973e-07,1.1891562750852402e-06,0.00039781085798235195,7.004328912126372e-05,9.838692930731433e-05,0.0013886109192443243,1.1046177905257116e-06,0.04562304622670187,4.2092755404827206e-07,0.8045444386186474,1.4417816728126183e-06,7.802596329024527e-05,1.810769917032235e-06,0.00040230021187357925,6.242824291576207e-07,2.8914260788225007e-05,0.0003718208489658829,0.0005215836815100763,3.539050868518949e-05,3.697239175060886e-07,0.0008886704715049913
51,6.317036737628839e-06,0.007300821524339927,9.512492946811056e-06,0.08170424617886267,1.3457689713981553e-06,2.9745087511818467e-06,0.0013501352129713271,0.00014616286133365227,0.00011119054166894011,0.004375520830477303,1.596758732897853e-06,0.052091029977494124,1.5642729945560876e-06,0.8488962838473988,2.7829748065784127e-06,0.0002651921249043023,3.0988705844211733e-06,0.0005147301073562218,1.154398832251488e-06,7.812573928465282e-05,0.0008155223237862133,0.0004631524161545451,7.297009629597414e-05,6.42185015843923e-07,0.0017839269492977091
52,4.363231068564397e-06,0.006612043374979607,3.745454506297291e-06,0.06648124453497091,2.91254897953874e-07,1.0286717928656738e-06,0.00043368942098533076,8.948547525431136e-05,4.491444356702672e-05,0.002000629862103505,7.88132412317592e-07,0.02105032749718987,2.072527785683937e-07,0.9013084921808666,1.178819746747721e-06,5.907626349686407e-05,1.168043092056638e-06,0.00047893901108929734,4.248160380229032e-07,1.8572150445345605e-05,0.00019241396211915589,0.0003276466603022161,2.347770137166283e-05,1.612857276474624e-07,0.0008656904991972716
53,5.490522934660883e-06,0.011101025806323507,4.015283423693122e-06,0.09194993913522012,2.1628828845404378e-07,1.0177086850789681e-06,0.0003147728413561392,5.7816256431005e-05,5.3739459283260574e-05,0.001918092637594308,6.067357129923804e-07,0.027778034498528805,2.6143865443453826e-07,0.8648878920839086,7.183111949404565e-07,4.232500578888487e-05,1.410243774816437e-06,0.0004197845664001415,5.540594749660335e-07,1.9437547989280814e-05,0.00026048645075986833,0.0003235976744658905,2.7569809775861034e-05,2.268205619698877e-07,0.000830968813468297
54,3.5029842276765343e-06,0.0032908790991229204,1.8663475313112383e-05,0.4246666400287916,5.539854022601119e-07,3.5078728100906086e-06,0.00093612894120377,0.0008359390143841405,0.00014070111461596938,0.00196808016548547,8.480254957806188e-06,0.07793285072879973,3.002940387249417e-06,0.48498846580604266,9.358094735549417e-07,0.00020598548840630338,9.075423199666307e-06,0.0009775697520185537,2.2722148641914936e-06,0.00010340010931896799,0.0020551826077877286,0.0013612305456799038,0.0001771815500278509,4.272217960804157e-06,0.00030549786971810055
55,7.226169659797589e-06,0.010928767620443201,6.624562499206688e-06,0.11796109507787918,3.2038112073256947e-07,8.493545267198193e-07,0.0007806690014725476,7.855704076355517e-05,9.985137141010686e-05,0.0016696024834575143,7.39640387985472e-07,0.07773334179619738,5.673719225498077e-07,0.7881117162878459,1.140781132554037e-06,6.626848418392724e-05,1.3863978967358103e-06,0.0004553191218608186,6.026203524510825e-07,2.1551564893348865e-05,0.0003926960523058186,0.0004276948309167674,2.855780097731505e-05,3.0863668846111356e-07,0.001224545549205244
56,4.299753343854596e-06,0.010044121466092414,4.370682670003846e-06,0.09025554147137557,3.1324658115044736e-07,8.310410615368811e-07,0.0005972157507428383,7.650258893780896e-05,5.4795190476424875e-05,0.00203056173032187,7.2974829718482e-07,0.037268051223963906,2.882607915884747e-07,0.8576087788677093,1.0424230618975467e-06,5.4071367818762106e-05,1.2430250989886926e-06,0.00033230117234389015,4.862729632327235e-07,2.134753065712189e-05,0.0002910094039973639,0.00035642833697691414,3.2734496528404454e-05,2.036039207436268e-07,0.0009627313442671032
57,4.493486131482294e-06,0.010409427918740562,4.6727961112403875e-06,0.09821375799984443,3.1932039843483494e-07,8.139505465687959e-07,0.0006514300908206121,8.146318237058912e-05,6.546837105888009e-05,0.0020841871421103135,7.189658228580661e-07,0.052510454992358284,4.2046620349355027e-07,0.8335915090103699,1.1470809802927835e-06,6.466228448910302e-05,1.53928121397732e-06,0.0003488151544495591,5.790134524395644e-07,2.545720603803161e-05,0.0003741638354213655,0.00045590926042094805,3.510979837907346e-05,2.3643629703029954e-07,0.0010732429559703691
58,4.8203151110788856e-06,0.010507324862902541,4.766353458794317e-06,0.09513299291893294,3.2279854392540384e-07,9.058232040621968e-07,0.0006119411762281327,7.857710149601963e-05,5.927593197791147e-05,0.0020914124835817224,7.951436747022389e-07,0.039262214521443954,3.1110512613663434e-07,0.8501547100981829,1.029226538897424e-06,5.679020898974925e-05,1.2705018952846896e-06,0.00035434860739519224,5.486647066345138e-07,2.203175068935186e-05,0.0003010886731560581,0.0003644690460364228,3.4963606255175114e-05,2.459842099183275e-07,0.0009528430962623888
59,4.646407517643543e-06,0.010761749843788315,5.1220830104750835e-06,0.10229089295493014,3.244001990307021e-07,9.341506703192777e-07,0.0006424618630485949,8.204436759247605e-05,6.0294921374598466e-05,0.0022539701244542864,8.116946254119033e-07,0.0391952829527104,2.9721390845119845e-07,0.8425875716640088,1.0787668230408168e-06,5.983459202629167e-05,1.2262512055302817e-06,0.0003497771317399102,5.367305961239408e-07,2.301644426139855e-05,0.0003147400747100803,0.00036847558646577264,3.7045351933116576e-05,2.512039066365812e-07,0.0009576132244929885
60,4.139883364760126e-06,0.010134054446013408,4.311494264117284e-06,0.09091852917099578,3.0423375816524754e-07,8.137768295831289e-07,0.0005972666500500359,7.703282560758644e-05,5.334319881521736e-05,0.0020724028414853867,7.168060628833809e-07,0.0357982439242219,2.6026279773206015e-07,0.8583271468884608,1.0363381056194432e-06,5.357624654579168e-05,1.1728288787678453e-06,0.0003257721004218012,4.684234288612611e-07,2.0700910474191962e-05,0.00028312735419407033,0.0003513822523062356,3.240824591772419e-05,1.9428138362540493e-07,0.0009415946156159708
61,4.608297215212263e-06,0.010824664786265554,5.054494507475837e-06,0.10115275006065212,3.240190073741404e-07,9.25877845782032e-07,0.0006393063997160889,8.309783447861575e-05,5.899770782572814e-05,0.0022454431825065443,8.12782895852578e-07,0.03851458150473655,2.9073188072573635e-07,0.8443774852173459,1.0731493343825302e-06,5.8583479791455865e-05,1.2308570659997036e-06,0.00034439840766582264,5.398919643199448e-07,2.270111724678763e-05,0.00031158613337552377,0.00036771777892519116,3.7080416876604306e-05,2.457269983163986e-07,0.0009465001438760178
62,4.139883364760126e-06,0.010134054446013408,4.311494264117284e-06,0.09091852917099578,3.0423375816524754e-07,8.137768295831289e-07,0.0005972666500500359,7.703282560758644e-05,5.334319881521736e-05,0.0020724028414853867,7.168060628833809e-07,0.0357982439242219,2.6026279773206015e-07,0.8583271468884608,1.0363381056194432e-06,5.357624654579168e-05,1.1728288787678453e-06,0.0003257721004218012,4.684234288612611e-07,2.0700910474191962e-05,0.00028312735419407033,0.0003513822523062356,3.240824591772419e-05,1.9428138362540493e-07,0.0009415946156159708
63,4.247012222518371e-06,0.011060617153777492,4.31041707978385e-06,0.09149921736243247,3.1306196729756925e-07,8.192585206936033e-07,0.0005893842796653793,7.407118353012377e-05,5.437261736464747e-05,0.0020975872870778313,7.142622674857142e-07,0.03508218962429265,2.5269593404037647e-07,0.8575214001165923,1.050666363965715e-06,5.2225687642917694e-05,1.1796868301438416e-06,0.00031663663074249656,4.805097508494115e-07,2.095780363965907e-05,0.0002818086946883425,0.0003498997463022079,3.342377892773471e-05,1.961229823630842e-07,0.0009526443394045281
64,3.7520129243856216e-06,0.009796947749728679,4.070512174986195e-06,0.09209772662670551,2.853099371173724e-07,7.900238952518403e-07,0.0005720705183741647,7.21881764770795e-05,5.118149009699285e-05,0.0021597839384786257,6.649352741326844e-07,0.036334313738593055,2.65003004807924e-07,0.8568385367471433,9.87319260651914e-07,5.150518850880159e-05,1.2128667816135387e-06,0.00032538978060580535,4.4780603705984214e-07,2.146446771277584e-05,0.00032052564088641956,0.0003651656168689782,3.352003305044133e-05,1.9033921182738418e-07,0.0009470141582675689
65,3.802490677201336e-06,0.00975696811469171,4.237751209913722e-06,0.09062405715886447,2.884110731711265e-07,7.859320473377511e-07,0.00060063841384665,7.783804826545726e-05,4.875612411534048e-05,0.002211073493333197,6.66150325899329e-07,0.033844947771149825,2.392180495239607e-07,0.8608493314176892,1.0083820070406665e-06,5.221218980164809e-05,1.1057408551583726e-06,0.00031554924354591167,4.318181262806643e-07,2.0667315349501954e-05,0.00028264820580059194,0.0003356427729837996,3.227398122308683e-05,1.766014463756419e-07,0.0009346532535220091
66,4.295121236624112e-06,0.010347811041368489,4.504633492933522e-06,0.09198732595127082,3.205593729709623e-07,8.528174026440303e-07,0.0006140141807754097,7.811434985860506e-05,5.463778216784375e-05,0.002173053616469721,7.354918548000805e-07,0.035939367643080235,2.7358333822468817e-07,0.8567323219038948,1.0555368468668636e-06,5.5250474668134186e-05,1.2193043055162877e-06,0.00033368250692548767,4.87039121319723e-07,2.1929133295024544e-05,0.00029557067610350477,0.000353114953738328,3.4056086986640005e-05,2.0645096357483676e-07,0.0009657991614614237
67,9.377181724749064e-06,0.021248706863471616,9.006230027092929e-06,0.08641968866463844,4.872046122870214e-07,8.187088194829963e-07,0.0016014354301241386,0.00014600370925324193,0.00010239293850333896,0.0025550151746040746,1.1665339080136664e-06,0.06479993952666543,2.1739652997960259e-07,0.8200887428045059,2.646570235110033e-06,6.477228961629198e-05,1.111738954996834e-06,0.00040515352683544566,1.0642679163041196e-06,1.4620625277041965e-05,0.00034908533423954436,0.0006666753476823898,3.183680775031083e-05,2.205859571162181e-07,0.0014798145381475834
68,4.620810665668249e-06,0.00944613156257344,5.391816762062712e-06,0.11265555750316343,2.1004114680685526e-07,7.349176397908902e-07,0.0005648493188902819,7.667972515331191e-05,5.115744475215481e-05,0.0023140715150843684,5.981979346104058e-07,0.04342008668607079,2.7856517883262573e-07,0.8294129494488361,6.892690449619724e-07,4.606310464237456e-05,1.0800976070037885e-06,0.0003808812443294841,4.3921254168558495e-07,1.980000946427023e-05,0.0003364448761964831,0.00034094650221532826,3.440802964697747e-05,2.248570584145383e-07,0.000885705243401426
69,4.321244427806851e-06,0.010360787003827423,4.005577281451049e-06,0.08215537332500096,2.8304464487098983e-07,7.447905752485799e-07,0.0005769182689912973,7.089046661883731e-05,5.222439356047256e-05,0.0020591317748708724,6.13662081041022e-07,0.034700270964366606,2.3505288901914538e-07,0.8679299334869042,1.0359555185440687e-06,4.7316055655080715e-05,1.1589984210295641e-06,0.00034094166023676846,4.4611512666415353e-07,1.817396187493562e-05,0.00026514832162418366,0.00035849109287997406,2.8073435870867347e-05,1.576660271697267e-07,0.0010233236807249066
70,4.044832440222796e-06,0.014219765882230936,4.3989978843596156e-06,0.09747948524434963,3.445484050191076e-07,1.0951333650987023e-06,0.0006578963539177965,7.273260009018568e-05,6.407131675969703e-05,0.0027939168062821864,9.579931962528633e-07,0.039016720164943106,2.641857325221546e-07,0.8433918466849308,1.2060781379668089e-06,5.572107894749722e-05,1.3092518199478628e-06,0.0003211587360282473,8.11078792578407e-07,2.2573131578636006e-05,0.000422431094782229,0.0004783462268080563,5.011445735374816e-05,3.1625826603496415e-07,0.0009384718629573276
71,3.6625233391463204e-06,0.01039250591809141,3.4245629472671285e-06,0.0820305669515482,3.5719838277810866e-07,7.438429334871461e-07,0.0005425095881245444,6.300964921925875e-05,4.8959475018832344e-05,0.00196665263927568,6.003342661199103e-07,0.03247769648182365,2.9366006420049404e-07,0.8706327938808253,8.81620765110805e-07,5.2676040603862166e-05,1.2025110768820223e-06,0.0002647591006614162,4.048453575778941e-07,2.5570631776038586e-05,0.00026276106616956633,0.0002756505064649401,3.398367362496752e-05,1.826564117814014e-07,0.0009181506412278345
