,0,1,2,3,4,5,6,7,8,9,10,11,12,13,14,15,16,17,18,19,20,21,22,23,24
0,1.587592461444257e-05,0.008345433479203319,2.600304276116213e-05,0.6045263000888335,1.2635050818162375e-07,4.372103778717032e-06,0.0003407920197395942,0.0002650325234614783,0.0002855923084337355,0.0017625524830335224,5.196710078046221e-06,0.09200629668115642,1.684739566159008e-06,0.28564407540032927,2.4954476652494213e-07,7.69648213231946e-05,7.65344657664964e-06,0.0024839168975446376,6.717268478825494e-06,2.922925729860054e-05,0.002216060467412673,0.0016290815842124723,9.058517525139886e-05,1.2035427647351685e-05,0.00021817225399015856
1,1.883181756861123e-05,0.009199800465876701,3.45263469258381e-05,0.614470617411811,1.2761889999570383e-07,5.00115169994542e-06,0.0004065764247215565,0.0002915504438169062,0.00031911519114609014,0.00226488257669833,4.847619181480898e-06,0.09852850948309402,1.7782002321114034e-06,0.2674777519457213,2.8651236386864233e-07,9.0581346713577e-05,6.680886179586929e-06,0.0026239928131448556,7.694019766553763e-06,2.990948240212345e-05,0.0022779154152309995,0.0015913256368105786,9.111509747342556e-05,1.311311312493072e-05,0.00024346897939564376
2,1.7793044190298428e-05,0.008929093971436982,2.622446501020539e-05,0.5668103395535342,1.4806014117947074e-07,4.020024973923578e-06,0.00038373223743162587,0.00024916731107547187,0.0002687347256943008,0.00195336149440184,4.78333856991132e-06,0.09313891736249287,1.6799998317737112e-06,0.3216879140759429,2.6031262615823944e-07,7.599744403884637e-05,7.383587771646406e-06,0.002503440782380148,5.849425915726086e-06,3.2054948121420406e-05,0.002074555906121532,0.0014537122985897306,9.443623468670987e-05,1.054852675322686e-05,0.0002658508682675142
3,1.5397107202239136e-05,0.008067653876061207,2.497149066295081e-05,0.607288657521404,1.1242106068585649e-07,3.908132974529625e-06,0.0003375910743962079,0.00024084740101213307,0.0002563293952805907,0.001857197444198093,4.640062414629434e-06,0.09058849180540367,1.5290481235376237e-06,0.28474108628836553,2.2160781030106384e-07,6.854750400265968e-05,7.057202433557126e-06,0.002516241196957431,5.868046793886376e-06,2.7239414090230378e-05,0.002082363906276396,0.0015397326789673702,8.838749632256491e-05,1.0851133377502078e-05,0.00022507674440821354
4,1.4821244380187149e-05,0.008357619646105183,2.6261887647057306e-05,0.6265258839720271,1.1011541372032356e-07,4.109783807412372e-06,0.0003482241627588227,0.0002658191569043301,0.0002537356555607565,0.0020630122514609904,4.737098014752192e-06,0.08157055579105298,1.2611140687559088e-06,0.2741071987645486,2.335805252682723e-07,7.218655589690581e-05,6.373580933104438e-06,0.002491891035922053,6.018468795629539e-06,2.6937435123404718e-05,0.00201747282807627,0.0015210354890437246,9.022344944673198e-05,1.0799168191078858e-05,0.00021347776429533804
5,1.38811740251897e-05,0.007034542564268084,2.067822983148038e-05,0.6280714417269093,8.969335701902667e-08,3.364537769232458e-06,0.0002789778773713954,0.0001930859994445293,0.00022670995296561838,0.0017409159720663822,3.869211573721032e-06,0.08696739487745167,1.4698172167031221e-06,0.26890119711107063,1.7673542989237202e-07,5.915000005426349e-05,7.0242453027288064e-06,0.002673428729677444,4.744058449671315e-06,2.567756490185766e-05,0.0019977136312215983,0.0014691917417121584,7.964916043626393e-05,9.968961536457156e-06,0.0002156564259567788
6,1.5397107202239136e-05,0.008067653876061207,2.497149066295081e-05,0.607288657521404,1.1242106068585649e-07,3.908132974529625e-06,0.0003375910743962079,0.00024084740101213307,0.0002563293952805907,0.001857197444198093,4.640062414629434e-06,0.09058849180540367,1.5290481235376237e-06,0.28474108628836553,2.2160781030106384e-07,6.854750400265968e-05,7.057202433557126e-06,0.002516241196957431,5.868046793886376e-06,2.7239414090230378e-05,0.002082363906276396,0.0015397326789673702,8.838749632256491e-05,1.0851133377502078e-05,0.00022507674440821354
7,3.5433852008227924e-05,0.010875661898340836,5.295293270845837e-05,0.5935974501259642,1.781909174752129e-07,5.476327874634084e-06,0.000557612697503217,0.00031381754358551014,0.0003432824551452091,0.002618512878142111,5.961858324251935e-06,0.11319599936860111,2.5595420218065326e-06,0.2712137414263009,2.436540165580259e-07,8.346138358823255e-05,8.02746813883947e-06,0.0031692250933037687,1.0094357558825484e-05,3.3714465180448573e-05,0.0021376209390519345,0.001310247600252893,0.00011033339516190369,1.8429200824293412e-05,0.0002999613454844301
8,1.5462726107142852e-05,0.008159061791602631,2.517166494002356e-05,0.6104637204288861,1.1151497224333267e-07,3.874494682665292e-06,0.00033454660199759676,0.00023621841566851497,0.00025085968209398744,0.0018789500536201943,4.538284162399167e-06,0.08887209283314378,1.5043602828177746e-06,0.2833859418206403,2.12323741200044e-07,6.698569521642993e-05,6.888702028781171e-06,0.0024556883523070418,5.754254959682895e-06,2.741028482428913e-05,0.0020161011248970018,0.0014652388586865012,8.958790521588816e-05,1.0819934448045522e-05,0.0002232578908747581
9,0.00014653670381596412,0.0041931678171813975,1.7998733331813608e-05,0.06661203300299989,2.5218170830852085e-06,9.259942052069024e-06,0.0011215100173763927,0.0027931609023821302,0.0009556638608873168,0.00036425797044950785,0.0001205475120586008,0.15887010477036578,8.714051921726845e-06,0.7114349214007423,5.9793418291447584e-06,0.00029294640807354326,0.0001355645068156514,0.02159287220367982,9.727329410679898e-05,1.9552061806869374e-05,0.0031155366275987225,0.027425309954593836,4.478788026042709e-05,1.755141326135162e-05,0.0006022278053259597
10,1.5397107202239136e-05,0.008067653876061207,2.497149066295081e-05,0.607288657521404,1.1242106068585649e-07,3.908132974529625e-06,0.0003375910743962079,0.00024084740101213307,0.0002563293952805907,0.001857197444198093,4.640062414629434e-06,0.09058849180540367,1.5290481235376237e-06,0.28474108628836553,2.2160781030106384e-07,6.854750400265968e-05,7.057202433557126e-06,0.002516241196957431,5.868046793886376e-06,2.7239414090230378e-05,0.002082363906276396,0.0015397326789673702,8.838749632256491e-05,1.0851133377502078e-05,0.00022507674440821354
11,1.6129496845000584e-05,0.008056613463849562,2.561886135290338e-05,0.6032269744985367,1.1806490956286207e-07,3.955868102792707e-06,0.00034266899291937803,0.00023776762211769403,0.00026237976227511594,0.0018277461816770418,4.6960942140447515e-06,0.09482608882431093,1.7332174538513717e-06,0.28452148114665415,2.2018768272257395e-07,6.920728775886234e-05,7.4748750216175685e-06,0.002535347337548815,6.018074831655922e-06,2.859833186159934e-05,0.002134451165961121,0.001532368507189269,9.034326894550999e-05,1.1458250774316272e-05,0.00023054061720561653
12,1.4774695548353205e-05,0.007888447042012131,2.0540201177953524e-05,0.5819092112876812,1.0740091779971577e-07,3.5756004514400554e-06,0.0002988898249319298,0.00020594199429027022,0.00022572714420412914,0.0018376040491261398,4.0127958737180465e-06,0.08320923129195898,1.4479339566508682e-06,0.3178926031281547,1.8563852774345563e-07,6.082486687408946e-05,7.453214473493508e-06,0.0025956361782229678,5.027966409169651e-06,2.6684714920852567e-05,0.002019764913537251,0.0014489993685653428,8.405207812125774e-05,9.260838313365395e-06,0.0002299958317491997
13,1.0857862103454091e-05,0.006368912764723583,1.9141220537856005e-05,0.5612588066391662,1.0368247576230139e-07,3.1129375496843552e-06,0.0003010006002661898,0.00025127836387092733,0.0002241421752064371,0.001179785237078244,6.047699631886692e-06,0.10073188324333043,1.4589054625849078e-06,0.32365376999846907,2.1854496932606215e-07,5.770823329739204e-05,6.999486743686492e-06,0.002064841658357409,4.9827331909320895e-06,2.2985659672377017e-05,0.001868397340966128,0.0016795550196546487,8.40573425687778e-05,8.984454452699677e-06,0.00019096819625441159
14,1.4977215489055482e-05,0.007607823248922884,2.5637841996584054e-05,0.6161596905360864,1.0612699159214264e-07,3.8056730186500995e-06,0.0003301732697971089,0.0002434788396220766,0.0002565058812877536,0.0017955303406892236,4.474473057597239e-06,0.0927866795876954,1.548665152969984e-06,0.2741982075105574,2.2059244487784516e-07,6.895248870188461e-05,6.961599834042025e-06,0.002492231325124773,5.630649799438354e-06,2.707337562408039e-05,0.002108185440845161,0.0015429418961483996,8.583761815008583e-05,1.057978501761296e-05,0.0002227460179448392
15,1.5397107202239136e-05,0.008067653876061207,2.497149066295081e-05,0.607288657521404,1.1242106068585649e-07,3.908132974529625e-06,0.0003375910743962079,0.00024084740101213307,0.0002563293952805907,0.001857197444198093,4.640062414629434e-06,0.09058849180540367,1.5290481235376237e-06,0.28474108628836553,2.2160781030106384e-07,6.854750400265968e-05,7.057202433557126e-06,0.002516241196957431,5.868046793886376e-06,2.7239414090230378e-05,0.002082363906276396,0.0015397326789673702,8.838749632256491e-05,1.0851133377502078e-05,0.00022507674440821354
16,3.0956501748347765e-05,0.008290408068364109,6.80151314215636e-05,0.7217215030015298,2.2926412407272898e-07,8.24628193001935e-06,0.00038326659055441,0.0004071080433636559,0.0003659032572293369,0.001098806799817392,1.4871033849948081e-05,0.05457356629315595,1.692469081076268e-06,0.20943045220202022,2.0990856207657665e-07,9.46175809366291e-05,5.88194437668228e-06,0.0017347299330450676,9.07509428357315e-06,2.866180251060572e-05,0.000778561443253097,0.0006730499875124637,0.00012367534834605375,2.82666384390768e-05,0.00012824538054495696
17,2.7780473316306848e-05,0.012375715436784649,6.19011762333608e-05,0.6763230456200441,1.3911594200039362e-07,8.036884118131996e-06,0.0005514320365360504,0.00034833951780161026,0.00047092048291647005,0.002985555012506817,6.310137082475066e-06,0.09194190943701938,1.4962753167364458e-06,0.20775300494529264,4.0566266634298876e-07,0.00011157210072001478,4.946945570132513e-06,0.0028995207086044226,1.2577467694428116e-05,2.6218480718358744e-05,0.0022878239738808766,0.0014445134115059779,8.658286105174896e-05,1.9659218261504203e-05,0.000250592618415753
18,1.4999567496747962e-05,0.007277914839332459,1.829088325973653e-05,0.5493731352257099,9.993512836050395e-08,2.840432433872657e-06,0.00031113264789697765,0.0001773056162533804,0.0002014384019217853,0.0020072823837736253,3.1869574775741083e-06,0.09455132957895825,1.5369469991508201e-06,0.3385713817159578,1.7132334798401503e-07,5.3397009331390163e-05,8.260882683410681e-06,0.003086295104625993,4.153367076536559e-06,2.7106839165603533e-05,0.0023495684494510135,0.0015866590761793734,8.017480990873492e-05,7.598547272116691e-06,0.0002847394583582694
19,2.053850317738519e-05,0.008693805025661023,2.3630476865778445e-05,0.5782110690093162,1.4430700257701873e-07,5.87823940193551e-06,0.0002637515480602813,0.0002603355320457941,0.00024317144675327297,0.002148015466205547,6.190896804778299e-06,0.05891040595507562,1.4194170347209962e-06,0.3442118029790616,1.8529971424797386e-07,7.711943849329505e-05,9.24287193910092e-06,0.0032719624970017425,7.635557393052038e-06,3.2071908532895616e-05,0.0019148515032561834,0.00136638365362719,0.00010443242275470003,1.4557485052458937e-05,0.0002013985597687397
20,0.00017880342674728907,0.03765083626410615,3.480084727190373e-05,0.46888462133433734,5.331472336129765e-07,1.4278183277131745e-05,0.00020959777632768782,2.081441596964729e-05,0.0003452388243068437,0.004153515700372455,1.619786973411509e-06,0.03161196484529879,5.654341409419281e-06,0.4524318848249848,8.666632361951857e-09,3.70356750349441e-05,9.013521231086233e-06,0.002673128033396728,8.573378648778247e-06,7.161125062583821e-05,0.001071170946649295,5.62833680944475e-05,0.0001787846336897927,6.232825143240988e-05,0.0002878985559476997
21,2.6062190634811907e-05,0.00890423052685162,6.000746917946704e-05,0.7181414051557912,2.821423024112958e-07,5.299997229621761e-06,0.0007504157272088029,0.0005928729291446712,0.00022243786217128304,0.0031100782825813616,1.9536888851236206e-05,0.08468907945946438,2.0303724610265083e-06,0.17061513282829216,4.1639649096918714e-07,4.83549662264794e-05,2.8845171711183296e-05,0.003648160567477034,1.721119827790339e-05,4.468148111909486e-05,0.003926558238207556,0.004366002183266871,0.0004233053449908635,2.95770405611104e-05,0.0003280155795070243
22,8.09598037355744e-06,0.009028236123327442,2.438691452754965e-05,0.628485100667002,1.0036316080710364e-07,3.130231299742084e-06,0.0004410596692256417,0.00021698361400904198,0.00026426210868610403,0.001591504139350334,3.4965086720306075e-06,0.11654710457909259,1.4425892850679123e-06,0.23926060257353507,2.1032577717513953e-07,6.112707115938439e-05,3.0510342124031027e-06,0.0009750466319798435,4.870493622457117e-06,2.4819666900374884e-05,0.0017917039154115388,0.0009864772729440876,9.872472312464137e-05,1.0218433070550888e-05,0.0001682443702505881
23,1.5397107202239136e-05,0.008067653876061207,2.497149066295081e-05,0.607288657521404,1.1242106068585649e-07,3.908132974529625e-06,0.0003375910743962079,0.00024084740101213307,0.0002563293952805907,0.001857197444198093,4.640062414629434e-06,0.09058849180540367,1.5290481235376237e-06,0.28474108628836553,2.2160781030106384e-07,6.854750400265968e-05,7.057202433557126e-06,0.002516241196957431,5.868046793886376e-06,2.7239414090230378e-05,0.002082363906276396,0.0015397326789673702,8.838749632256491e-05,1.0851133377502078e-05,0.00022507674440821354
24,2.7371535486426898e-05,0.007750576629086199,0.00015288522328656313,0.5838237235877347,2.4905106500033185e-07,8.429668402865782e-06,0.001586736607502662,0.001006793124702417,0.0008341058723719042,0.002476667772059111,1.5112047472248853e-05,0.2414658385102304,2.8862029146436343e-06,0.14495591211207698,2.016364714075368e-06,0.00018078825335399648,7.735932700150113e-06,0.0033705777192027677,2.142698871846232e-05,2.8132104068970748e-05,0.006981065688189645,0.004698757636427954,0.00012360656959913206,2.3137673927620976e-05,0.0004554671247052256
25,1.2220183030967928e-05,0.00704545888509898,2.1100329423303504e-05,0.5975728227738041,1.078180372639195e-07,3.673515566976572e-06,0.00030977152084491524,0.00026873170900891215,0.00022751387076611415,0.0015234305517527597,5.392646325796269e-06,0.08110374345226648,1.2865099510762504e-06,0.30603552328973715,2.0903247206286242e-07,6.49986582391152e-05,6.621472718488402e-06,0.002231970876514364,5.255920365915492e-06,2.4741466303309837e-05,0.0017785331792096234,0.0014778685945200756,8.455072729903824e-05,9.61501862809885e-06,0.00018485799811534758
26,2.728952759889666e-05,0.00938261255333059,3.366638109667451e-05,0.6636178110735796,1.4471413029030075e-07,5.349250085922007e-06,0.0002912534157570921,0.0001925826901785125,0.00030415938629271675,0.002053715548000379,5.270314888398027e-06,0.08226798610945356,2.3691646316748212e-06,0.23498089538355316,1.5206261187122254e-07,7.071362086751315e-05,9.480032702690164e-06,0.003045833540122234,7.99088403337047e-06,3.777227037032937e-05,0.0020835532029833534,0.0012164791823066907,0.00012309875226173455,2.2839849081121807e-05,0.00021698109008148534
27,1.3431676899885384e-05,0.007649619861718665,2.272210253418438e-05,0.611569717816957,1.0512116617433093e-07,3.928441351292998e-06,0.00031522605324942635,0.00026124504041277605,0.0002630358286866718,0.001707207068466501,5.148575253442636e-06,0.09036767871846252,1.4106088887571023e-06,0.28080984297097916,2.6291490475192504e-07,7.243940669280174e-05,7.442194260743002e-06,0.0025167803117230295,6.187342542866232e-06,2.5801681534270933e-05,0.002137440621936383,0.0019350849991304818,8.58038441710967e-05,1.0574823016450154e-05,0.00021186197506061296
28,1.5397107202239136e-05,0.008067653876061207,2.497149066295081e-05,0.607288657521404,1.1242106068585649e-07,3.908132974529625e-06,0.0003375910743962079,0.00024084740101213307,0.0002563293952805907,0.001857197444198093,4.640062414629434e-06,0.09058849180540367,1.5290481235376237e-06,0.28474108628836553,2.2160781030106384e-07,6.854750400265968e-05,7.057202433557126e-06,0.002516241196957431,5.868046793886376e-06,2.7239414090230378e-05,0.002082363906276396,0.0015397326789673702,8.838749632256491e-05,1.0851133377502078e-05,0.00022507674440821354
29,1.5397107202239136e-05,0.008067653876061207,2.497149066295081e-05,0.607288657521404,1.1242106068585649e-07,3.908132974529625e-06,0.0003375910743962079,0.00024084740101213307,0.0002563293952805907,0.001857197444198093,4.640062414629434e-06,0.09058849180540367,1.5290481235376237e-06,0.28474108628836553,2.2160781030106384e-07,6.854750400265968e-05,7.057202433557126e-06,0.002516241196957431,5.868046793886376e-06,2.7239414090230378e-05,0.002082363906276396,0.0015397326789673702,8.838749632256491e-05,1.0851133377502078e-05,0.00022507674440821354
30,1.5397107202239136e-05,0.008067653876061207,2.497149066295081e-05,0.607288657521404,1.1242106068585649e-07,3.908132974529625e-06,0.0003375910743962079,0.00024084740101213307,0.0002563293952805907,0.001857197444198093,4.640062414629434e-06,0.09058849180540367,1.5290481235376237e-06,0.28474108628836553,2.2160781030106384e-07,6.854750400265968e-05,7.057202433557126e-06,0.002516241196957431,5.868046793886376e-06,2.7239414090230378e-05,0.002082363906276396,0.0015397326789673702,8.838749632256491e-05,1.0851133377502078e-05,0.00022507674440821354
31,2.5018326231187236e-05,0.009074976280896761,3.707061604202034e-05,0.602866960915029,1.4032601504130028e-07,4.42845479635328e-06,0.0004502743062984708,0.0003441240834833198,0.0002659611263167525,0.0024439119644747674,5.067365575196055e-06,0.09139024432963962,1.8533894768292663e-06,0.2858686492566989,2.263914968217857e-07,7.515240737236082e-05,8.457787546037614e-06,0.00317015035174421,7.72996838717012e-06,2.98918259551886e-05,0.0020781018739477303,0.0014805865684460872,9.567922919992357e-05,1.2071275701066865e-05,0.00026327157922915876
32,1.6829364229551248e-05,0.008573800000204999,2.65214162011289e-05,0.6049426095363897,1.1880243201160688e-07,4.2157200609906165e-06,0.0003505305896095406,0.0002511088853556814,0.00027546403533278873,0.0019430566806039298,4.891784313774027e-06,0.09325594240147762,1.6322146424680854e-06,0.28344947634300055,2.359066969278577e-07,7.177669233966495e-05,7.468687692052017e-06,0.0026385910778165427,6.689220542186686e-06,2.7946094943606494e-05,0.0021844752356021805,0.0016325369748252543,9.101285998311558e-05,1.1857531333300778e-05,0.00023121194437048027
33,2.256773672533701e-05,0.010989241475050692,4.901537505358689e-05,0.6431467322207037,1.1038171251033819e-07,3.477832861178009e-06,0.000593227049046575,0.0002190302551874973,0.00038263843416259957,0.0021658235189322946,3.920538619250622e-06,0.13337169265929485,1.2508181719221988e-06,0.20237684139757667,3.420967522948976e-07,6.242500692421572e-05,4.114215574008936e-06,0.002434980681470231,5.911196818564562e-06,2.1226158305147833e-05,0.0024159224199896004,0.001295143746526899,7.277910405444567e-05,9.704211981293708e-06,0.0003518814685047444
34,6.137548344947262e-07,0.0015930101301535836,2.7047012529623523e-06,0.7190711310365147,1.8598798244037665e-08,8.04628367731688e-07,9.03729349332402e-05,8.638233959239633e-05,2.287522144705393e-05,0.0023999105687845376,8.14870034601554e-07,0.021402366493519325,2.173532464076885e-07,0.25231709665018354,5.874287790372207e-08,2.906716636385601e-05,2.640595563208041e-06,0.0009817110073220504,2.7662102241910904e-07,2.719408960697242e-05,0.0009900826472226138,0.000797514469329623,7.761621422612722e-05,1.2492485990722092e-06,0.00010426991620343734
35,1.0414031123650216e-05,0.00806645244501074,2.030377109871897e-05,0.5975505254219383,1.1732351406001836e-07,4.0077192812396465e-06,0.00028453497902027004,0.000217605619000131,0.0002249422185088757,0.0016437194058981145,5.020057567370638e-06,0.07898833145421784,1.36861316898975e-06,0.3075668838510784,2.397088340244241e-07,6.934666518712002e-05,6.350006097064713e-06,0.0017542917022317307,5.138009866471084e-06,3.0806647694270765e-05,0.0018421047003870103,0.0013994350224081533,0.00010208379942200154,1.0239055639334069e-05,0.0001957377718061985
36,1.6694100540030653e-05,0.006344597114774866,2.623342206842699e-05,0.5378761576438876,1.042722830788844e-07,3.166332086755139e-06,0.00039883035080275043,0.0003526690738480767,0.00028322572997996435,0.001275030775487244,5.0199097933522194e-06,0.14578357264889474,2.158693686264234e-06,0.3005993909463614,2.942695766563103e-07,8.197185018198362e-05,7.6039261965785505e-06,0.002555657352425954,6.455031083030762e-06,2.2284882137625657e-05,0.001986206342090661,0.002061720812743471,6.227769971106216e-05,8.8002832017205e-06,0.00023987653615670977
37,7.705002750270301e-06,0.006550679439343428,1.7802535512122076e-05,0.5444711477308164,1.0681215760963655e-07,3.792024430826051e-06,0.0002960303484378109,0.00030905074258571775,0.00022911658687297613,0.0013800816644952874,5.183242249109606e-06,0.08063901727850796,1.0740480560642937e-06,0.36025477885591095,3.5010866151757447e-07,7.954351393945677e-05,5.844861598814206e-06,0.0017215882685552488,4.5490628486671826e-06,2.4388629072586676e-05,0.001953721444085371,0.0017695419290286582,7.472243354657469e-05,6.169459964867924e-06,0.00019401397657186275
38,2.0422266143556116e-05,0.009233693266733827,3.2093595732344795e-05,0.5945162730268715,1.404046035806384e-07,4.828902797489117e-06,0.00042062227493311295,0.00026654914481509827,0.0003120719228391156,0.0021273536916539054,5.163289402385668e-06,0.09688169738239685,1.7417301161558652e-06,0.2892702998904488,2.7275015394874554e-07,8.228292351237964e-05,6.951197566515625e-06,0.0027703510151276976,7.24382804356822e-06,2.830677800718356e-05,0.002133948348213423,0.0015143909782160555,9.032785341528292e-05,1.2751119306467224e-05,0.0002602224189498374
39,1.7321172542976e-05,0.005808517940726494,3.7708619323741866e-05,0.6487643909019961,1.1812329476446592e-07,6.190865887978129e-06,0.0003697937822338816,0.000415507404059536,0.0003127300024586304,0.002184005732521174,5.554404710345345e-06,0.09731535361464502,2.5147078837994205e-06,0.23538439561050273,3.3450210623588137e-07,0.00011229052312090906,1.0511937076072891e-05,0.003569493558630674,8.59052429537332e-06,3.373723763181064e-05,0.003140680749279181,0.0021636146450966422,8.622480740984832e-05,1.4246802274411002e-05,0.00023617183029173763
40,1.3193143943439906e-05,0.006847605402572251,2.0479148297565286e-05,0.6620985789574902,9.515966888945252e-08,3.938743969622307e-06,0.0002573504735234082,0.0002292761682535076,0.00020312517538022913,0.0020218466348850793,4.150975629866109e-06,0.06519132401020412,1.282499080032972e-06,0.25658858084187214,1.6256267533930415e-07,6.593814186319806e-05,7.544324057953085e-06,0.0027489580624959153,5.056548658337056e-06,2.9406731197587334e-05,0.001979148883759146,0.0013984314981666207,9.135997790033359e-05,1.1345605233764031e-05,0.00018182032922150703
41,2.2694343306621663e-05,0.009020191919717051,3.5619734027478217e-05,0.5919860509348532,1.7951268854838616e-07,4.595492330036502e-06,0.0004595162779155867,0.0002890683875149256,0.00035292611692466156,0.0017097329717209592,5.679344918900117e-06,0.10440392956156787,2.0719964084797564e-06,0.28524434809277555,3.116787305907135e-07,9.475383737453967e-05,7.195033147468862e-06,0.0025701930065237895,6.544022840529257e-06,3.140588060484325e-05,0.00198255464689599,0.0014025623006450976,8.788080373363637e-05,1.282058103515529e-05,0.00026717352179840337
42,1.2498125898595766e-05,0.006440297478045658,2.8588489906884403e-05,0.6593627472697207,8.747028805085668e-08,4.745775513052083e-06,0.00031532898643119375,0.00038587815231998874,0.000294046131965563,0.001914172889689132,5.339805598312813e-06,0.10647574074210638,1.8598427131763089e-06,0.21620122198548158,3.6729005767359347e-07,0.00010387180860367574,8.302503144442801e-06,0.002737886925953955,8.708738597325367e-06,2.9464368909736494e-05,0.0027077548035257843,0.0026660844920794926,8.472785112534081e-05,1.3045367229477875e-05,0.00019723270509480162
43,1.155960239581354e-05,0.007670241183649033,2.2303349248884888e-05,0.6221326448403256,9.932663124579752e-08,4.663203063124489e-06,0.000308069977604703,0.0002625196150493939,0.0002158508538849475,0.0029356154016209977,3.90115268189972e-06,0.07120047846534791,1.3979847849319322e-06,0.28755696199412756,2.210997159339541e-07,7.475233204646621e-05,7.665601260903969e-06,0.0027579957120834825,6.174985866199138e-06,3.2914561229427024e-05,0.0026638417393699257,0.0017994582815731117,0.00010574009775335711,1.0810823597499131e-05,0.00021411781508768528
44,1.5397107202239136e-05,0.008067653876061207,2.497149066295081e-05,0.607288657521404,1.1242106068585649e-07,3.908132974529625e-06,0.0003375910743962079,0.00024084740101213307,0.0002563293952805907,0.001857197444198093,4.640062414629434e-06,0.09058849180540367,1.5290481235376237e-06,0.28474108628836553,2.2160781030106384e-07,6.854750400265968e-05,7.057202433557126e-06,0.002516241196957431,5.868046793886376e-06,2.7239414090230378e-05,0.002082363906276396,0.0015397326789673702,8.838749632256491e-05,1.0851133377502078e-05,0.00022507674440821354
45,1.549787707861953e-05,0.006948755045692123,3.233265355861222e-05,0.6343861797129142,1.2327026074540785e-07,4.885384799856165e-06,0.00039622325224567684,0.00037834935942464184,0.000298343752277126,0.0017641851327205237,6.482455001093848e-06,0.09229993480904021,1.6093370364162596e-06,0.25661222112317883,3.622844706409603e-07,0.00010129667042508725,6.925270889171825e-06,0.002624216485134678,7.039063756299698e-06,2.7596413260106333e-05,0.001936792773585257,0.001843557580061528,8.10718221768278e-05,1.2038532721799784e-05,0.0002139799382897866
46,9.925897555131207e-06,0.004899898338513075,1.5360339174974777e-05,0.6627623751650069,7.765590060636074e-08,3.361991075826151e-06,0.00016690494929178824,0.00021496401110356284,0.00018265516788151692,0.0012005769822235975,4.534421738558306e-06,0.0768512872894904,1.905408554273788e-06,0.24660079873249355,1.703075084001718e-07,6.189903827731633e-05,1.2425173908442404e-05,0.0024909741925586326,4.777613950352241e-06,3.118005244106394e-05,0.0021537295248114435,0.002066718960746363,8.774616586573567e-05,1.066619311140163e-05,0.00016508642681714928
47,2.0061007772227506e-05,0.008290820068947102,2.812567576852335e-05,0.5979286658866663,1.1528474169116682e-07,3.7437665164444824e-06,0.0003654750615958349,0.00022796225101175057,0.0003035824302678409,0.0018479378745451932,4.077018836713945e-06,0.12144955937693436,2.183580289943564e-06,0.2619602008439674,2.425433985371734e-07,7.706798579203673e-05,7.991556584498768e-06,0.002891219628499623,6.593940913070368e-06,2.9203813632841404e-05,0.002434767492887512,0.0017550465661636313,8.235334596540643e-05,1.235209388229143e-05,0.000270650904419474
48,1.947823480715108e-05,0.011357784537086838,2.5741664341257576e-05,0.6028291333288581,1.2773799859210099e-07,5.7505314797594106e-06,0.00032359058206173004,0.0002637775137863291,0.00026204306411954783,0.002429541813890161,5.689298890554501e-06,0.07731416634441166,1.7719955515504122e-06,0.29847750888227276,1.823260787095099e-07,6.936283129439746e-05,8.927619184398023e-06,0.002548868589700145,1.1332585274181044e-05,2.9520778609988233e-05,0.0020644507877160666,0.0016280486440293108,0.0001177439529035027,1.794035040247675e-05,0.00018751600525085166
49,1.3253039433484798e-05,0.0072937560768768575,2.4610431319009256e-05,0.6288126874970255,9.147471113876115e-08,3.5256800358431604e-06,0.0003080927357974089,0.00021278688406907475,0.0002418278744559354,0.001756575954997314,4.140404504362171e-06,0.09594794314241571,1.5403825177310747e-06,0.2590992014095763,2.0240810287058551e-07,6.199564272182248e-05,6.426800301622167e-06,0.0023016172123978226,5.156304541026524e-06,2.6075918888793326e-05,0.002067838140318167,0.0014978024725365525,8.607826866484033e-05,1.0381415311224753e-05,0.00021639242847947224
50,1.2065355951864396e-05,0.0060202016988890805,1.999552475346965e-05,0.7224008115876749,7.81362573020998e-08,4.457004147230326e-06,0.00014219144206109485,0.00015458401473094006,0.0003696700708940907,0.0007421613211171259,5.826599752340683e-06,0.08150843070263251,1.636829587793186e-06,0.1824721496571801,2.0735669294121037e-07,7.639135826351408e-05,7.365357784085535e-06,0.0022157305472741626,5.616608674052665e-06,2.497851095952222e-05,0.0020037058740766164,0.001600265458413328,6.52826136681793e-05,1.6994623830298715e-05,0.00012920174473345344
51,3.256921400135597e-05,0.0056457820267661555,8.514788048707883e-05,0.5457984041566273,6.59961995069997e-07,1.7768909308947417e-05,0.001006675863346576,0.0006066223970707935,0.00064186881476179,0.004691107404848044,1.2061837889723237e-05,0.15371236408486488,1.343765084808629e-05,0.2725368753009709,7.636680847608411e-07,0.00044245299740763914,2.0544217124987865e-05,0.004977077951657509,1.7237980632202866e-05,0.0001277742896265628,0.006595966898854831,0.002230451557642822,0.00023755305142449245,4.946835745589463e-05,0.0004993635263016096
52,1.780743092165825e-05,0.005769621521117411,2.4107977886477605e-05,0.5417430088744669,1.269133907229104e-07,5.920795761138884e-06,0.000306486927301783,0.0003300383639402493,0.0002535305573261817,0.002169728636772716,6.358024240078165e-06,0.06432086812825853,1.3476806232709294e-06,0.3766477404536622,2.978769811758479e-07,0.00010786916349444142,8.010176378189873e-06,0.004391962224590591,6.060279074949463e-06,2.7284814030077176e-05,0.0017840300531946206,0.0017579098957583952,7.317091089869392e-05,1.0372594587396051e-05,0.00023633972534199693
53,1.4047929028323056e-05,0.007718638985528718,2.673107899476658e-05,0.596176510373737,1.2798701927344763e-07,3.511859634924957e-06,0.00044409437787832143,0.0002694241396808809,0.00025734569157166557,0.001850254487409785,4.94802063406309e-06,0.10318404732729462,1.541552896130904e-06,0.2836637590196723,2.6155771084428663e-07,7.05035863677619e-05,6.230604957260696e-06,0.0022840087102183318,5.3237477956395965e-06,2.713529854962658e-05,0.0020959556317044986,0.0015498947008041716,9.321170805724992e-05,1.0117474911166341e-05,0.00024237414794275094
54,1.5655491474870128e-05,0.00833133318176024,2.477102551120309e-05,0.6005616796433747,1.1262493408115064e-07,3.860765943372191e-06,0.0003405500862353807,0.00023454498449702692,0.0002554078880458054,0.0018949038619093693,4.504886603679025e-06,0.09095867952079877,1.495843578318104e-06,0.2908538976578347,2.2445756372385163e-07,6.797846019566329e-05,6.921221483730248e-06,0.0025053631163366986,5.801482000164266e-06,2.6970999906570334e-05,0.0020470069022288113,0.0015277552261685015,8.736086793196671e-05,1.0476444713237924e-05,0.00023274335896933724
55,2.210149535743033e-05,0.006746960470228855,3.111899741614545e-05,0.6128694168040154,9.040165103107063e-08,3.090716644413341e-06,0.00037535107976979044,0.00017101606014891047,0.00041830521323498663,0.0011551796885610336,3.382081394155701e-06,0.17551458886674337,2.835251864165092e-06,0.19557965675219702,2.0179398850423725e-07,6.991913676005652e-05,5.963236510988862e-06,0.002845792760196861,5.643190578313419e-06,2.0829359351115423e-05,0.0023861849138551625,0.0014544223348335376,5.39962185297239e-05,1.332853904652286e-05,0.00025062463712238666
56,1.6055892163680164e-05,0.008080786484712712,2.5512423044714418e-05,0.6000481149568768,1.1649420368447886e-07,3.946720434568072e-06,0.0003449211144165227,0.00023650084727025453,0.0002650234915826183,0.0018118786997117031,4.70603516240869e-06,0.09683992291587261,1.7101281362942386e-06,0.28564238131979003,2.2570702553357213e-07,6.86516525422212e-05,7.368798370774221e-06,0.002526695423129881,6.081116633735398e-06,2.7857281560019973e-05,0.0021497655422204444,0.0015570605253714957,8.93805737145863e-05,1.1297235130834559e-05,0.00023403862092202956
57,1.6287974674946846e-05,0.007738092969206916,2.690885660654784e-05,0.5940544773968912,1.0798837315414731e-07,3.5406820015527378e-06,0.0003533096579412533,0.00023952756451538942,0.00029100228059964807,0.0016859448833023362,4.193418673521499e-06,0.13253141276879074,2.364721543290105e-06,0.2556841733486361,2.392132503373165e-07,7.290918472901659e-05,8.105997915427807e-06,0.002461062037920117,6.724263248072252e-06,2.999810936649206e-05,0.0025845077826624095,0.0018576267485577403,8.902582375141227e-05,1.2298571652268021e-05,0.00024615775519022995
58,1.7929237636342635e-05,0.00836881761048387,2.755067369028142e-05,0.6116482248651008,1.203168060975765e-07,4.2501699339962705e-06,0.0003489063927805271,0.00023523906374966577,0.00028642698675712317,0.0018309126061282167,5.01843446752978e-06,0.09929868316193918,1.8356572531351135e-06,0.2711552598272912,2.188906051770137e-07,7.103384981809867e-05,7.406137242327274e-06,0.002620676566700913,6.831849255776912e-06,2.8455636731563845e-05,0.002161859134497771,0.0015394065856115442,9.35433175148448e-05,1.3590386505554995e-05,0.00022780264149841514
59,1.668111482076493e-05,0.008314493967905082,2.850134888455612e-05,0.631595916312298,1.1766187142150901e-07,4.2809942303300834e-06,0.0003466226043225218,0.00023939401158801538,0.0002825792256181323,0.0018797218719112936,4.972892014241367e-06,0.09327895089155501,1.6811358100415344e-06,0.25743262456172994,2.2323444288646205e-07,7.177866277910394e-05,6.974768942597541e-06,0.0024894596115377634,6.496851473870284e-06,2.892672441753693e-05,0.002145913298515978,0.0014960400792899341,9.530809025654725e-05,1.339227754307789e-05,0.00021894780624139623
60,1.5397107202239136e-05,0.008067653876061207,2.497149066295081e-05,0.607288657521404,1.1242106068585649e-07,3.908132974529625e-06,0.0003375910743962079,0.00024084740101213307,0.0002563293952805907,0.001857197444198093,4.640062414629434e-06,0.09058849180540367,1.5290481235376237e-06,0.28474108628836553,2.2160781030106384e-07,6.854750400265968e-05,7.057202433557126e-06,0.002516241196957431,5.868046793886376e-06,2.7239414090230378e-05,0.002082363906276396,0.0015397326789673702,8.838749632256491e-05,1.0851133377502078e-05,0.00022507674440821354
61,1.6936046257302274e-05,0.008493424352345449,2.852536875570341e-05,0.627568779490345,1.196583490324087e-07,4.281993638236607e-06,0.0003512032366024742,0.0002421879305405583,0.0002806864736236991,0.0019120453351632479,5.009964248701679e-06,0.09322998234624127,1.6918263610146978e-06,0.2612582010915555,2.2377416159009697e-07,7.099979650973995e-05,7.134216899801605e-06,0.0025048925024716683,6.613604959973207e-06,2.9021220802459177e-05,0.0021467692508970026,0.0015100453725539246,9.630692111859131e-05,1.3281317384858716e-05,0.00022163690821338703
62,1.5397107202239136e-05,0.008067653876061207,2.497149066295081e-05,0.607288657521404,1.1242106068585649e-07,3.908132974529625e-06,0.0003375910743962079,0.00024084740101213307,0.0002563293952805907,0.001857197444198093,4.640062414629434e-06,0.09058849180540367,1.5290481235376237e-06,0.28474108628836553,2.2160781030106384e-07,6.854750400265968e-05,7.057202433557126e-06,0.002516241196957431,5.868046793886376e-06,2.7239414090230378e-05,0.002082363906276396,0.0015397326789673702,8.838749632256491e-05,1.0851133377502078e-05,0.00022507674440821354
63,1.6047529169926093e-05,0.008989709186935613,2.5220153221872103e-05,0.6075853135310841,1.1711992437238636e-07,3.921894302230069e-06,0.0003380417256433735,0.0002273844296665117,0.0002620165167607401,0.0019200719259167287,4.572165465537763e-06,0.08968856272789114,1.5116585844603027e-06,0.2844451225774755,2.237583576692221e-07,6.646811287289964e-05,7.1359489556897995e-06,0.0024364315374649213,6.0659361464543665e-06,2.7911118759177315e-05,0.00208479612524485,0.0015282496542100904,9.22884045351639e-05,1.1023730632601852e-05,0.00023179253077845911
64,1.381970253417796e-05,0.007928683860226281,2.345297861478948e-05,0.6042059532795734,1.067611941620985e-07,3.755310993145308e-06,0.000327567586245588,0.00022402895974504207,0.000246417096847578,0.0019543630777777324,4.208168286077436e-06,0.09313724891635483,1.5869914324827504e-06,0.28501422760413736,2.1759754948376375e-07,6.469533217034807e-05,7.335624185343079e-06,0.002481901163919671,5.6106256672626405e-06,2.854490414165715e-05,0.0023761110706728705,0.0016148563721242889,9.173609804472648e-05,1.0352647238892587e-05,0.0002332182703228264
65,8.498730841255928e-06,0.007428649526939203,2.2172644253456543e-05,0.6151758290111123,8.617360908103609e-08,3.053087986073978e-06,0.0003801956233027848,0.0002602810951763239,0.0001402050534242605,0.0033827556252893614,2.5901280809588644e-06,0.06242247207776861,8.821198367160192e-07,0.3051286033930578,2.06640516403605e-07,5.422905609120519e-05,5.037383895665843e-06,0.0019536825554338165,3.3874419793398198e-06,3.13728932621714e-05,0.0021064581380791413,0.0011363925226183479,9.53794715687529e-05,5.133332469238655e-06,0.0002524462734076178
66,1.6133379625340382e-05,0.008270213494945274,2.6227263312919623e-05,0.6097751323111665,1.1906564285011215e-07,4.068795717257548e-06,0.00034828266965062255,0.0002417164309123901,0.00026128980490042084,0.0019548156171306135,4.704935953668097e-06,0.09060128040484089,1.6058139675331324e-06,0.28178713511923176,2.2503784085184728e-07,7.011586806366323e-05,7.28519602107407e-06,0.002567084089609336,6.065846936246984e-06,2.89111666338615e-05,0.0021630601167517013,0.0015279527768993194,9.299973867766075e-05,1.1523958580667032e-05,0.00023205109698756015
67,3.7728584469014895e-05,0.018352044946583965,5.654193442154178e-05,0.5303719615969414,1.9442411147106215e-07,3.8712319740544986e-06,0.0010071647252622737,0.0004359812152172975,0.0005236748602573934,0.002278712070251818,7.602246378200192e-06,0.1773797482146813,1.3997081430673257e-06,0.260658996116528,5.719062084652173e-07,7.746855269188093e-05,6.663216839498847e-06,0.002895239777209215,1.4665501231815894e-05,1.8794441697112594e-05,0.002583977358287435,0.0028101662689800724,8.674879459562217e-05,1.251339723180768e-05,0.00037756890980625025
68,1.441551171339661e-05,0.0070416542096958315,2.633172892285097e-05,0.6534402356993894,7.488793083457944e-08,3.044373672838346e-06,0.00029815509338382995,0.0002003483963172191,0.0002342829265045665,0.001846625627539456,3.16571906301999e-06,0.09735810726445987,1.471746736527583e-06,0.2332457637060166,1.457715570063878e-07,5.374605119275559e-05,5.766596220551423e-06,0.0024445352048265753,4.668270771097518e-06,2.420115229060457e-05,0.0021810009989471336,0.0012757349209144074,7.947837130298463e-05,9.88465324993393e-06,0.00020716111738051587
69,1.723886878677012e-05,0.008603688783618705,2.43998571945667e-05,0.5812018993567714,1.0640345141505302e-07,3.7699189140476082e-06,0.00034477306928885036,0.0002314298242801174,0.00026231721090062046,0.00198988817813262,4.129665452319527e-06,0.09398288574630596,1.4411319537638397e-06,0.3062332886908462,2.2519377575402794e-07,6.589825981862066e-05,7.31001849203565e-06,0.002836928357966048,5.984503938564494e-06,2.4405035923672116e-05,0.002121144944165727,0.0016946766051517514,7.936251812504981e-05,9.435357726780246e-06,0.0002533724990187974
70,1.5123804811475942e-05,0.009132365818518189,2.449921475134869e-05,0.6099450329750767,1.159405942183861e-07,4.496933343007464e-06,0.00033567385320940366,0.0002316552488464029,0.00027564669904185586,0.002057815578143602,5.282167586376898e-06,0.09008534986769282,1.5235197888113831e-06,0.2806964167202239,2.3013096542938706e-07,6.676810497417547e-05,7.46379716273113e-06,0.002573707967396507,7.4708328484073e-06,2.7552879377131412e-05,0.002410515185192049,0.0017595888373236979,0.00010395304970255,1.3454707050258221e-05,0.00021829616637891023
71,1.5476332483587227e-05,0.008622748620611728,2.2384552698410105e-05,0.5960292696561568,1.311190252742022e-07,3.6201010616999904e-06,0.0003205253800002851,0.00020332980908598062,0.0002315924086758753,0.001951303571938252,3.842450297085132e-06,0.08735915401736488,1.7940794432140215e-06,0.29934013470197335,1.7898262488193078e-07,6.772019947110086e-05,7.147912680697536e-06,0.0022150478157831645,5.0642411634821905e-06,3.5908023967519385e-05,0.002030846269508479,0.0011918853040261603,0.0001018103458089104,1.1420629097324294e-05,0.00022766347505209675
