,0,1,2,3,4,5,6,7,8,9,10,11,12,13,14,15,16,17,18,19,20,21,22,23,24
0,0.0018208523861196054,0.0004530755448167867,0.00874597977466159,0.00048626242378685706,5.2177480368770856e-05,4.546351580445646e-08,5.870913759346404e-07,0.0007741496342190358,0.0003913547695174264,0.00016645336756947583,0.00016403487054253145,0.0007836932429296511,0.0003824253324958181,0.984392973127686,1.662342967954586e-07,1.1819347595408452e-06,1.6468928789716102e-05,0.0011189064881969933,3.55799804206377e-08,1.9939403230362152e-05,2.9392434134091966e-05,8.14817094755916e-05,3.3250410093794804e-06,6.063424573945871e-05,5.440349078214411e-05
1,0.000873845670683721,0.00028030784296529727,0.006284749955557188,0.00024164662660023276,3.197176672419025e-05,4.069837409270844e-08,3.7286430569665793e-07,0.0005357893801153329,0.0004419461072750597,0.00018232164425403038,0.00010080463773813726,0.000427026219326983,0.00021739604988775616,0.9894520776341126,1.4628276539954505e-07,8.518153186653838e-07,8.189387328740127e-06,0.0007231741306923558,2.7586264532733267e-08,1.848277687944975e-05,2.0860312976154304e-05,6.02288209047646e-05,2.572760983180152e-06,4.162949701723686e-05,5.353953094927808e-05
2,0.0007177493753338638,0.000267462300991728,0.004693286007323066,0.00021647641879652023,3.159444475673429e-05,3.488368607183257e-08,3.226488666707171e-07,0.0004765356979779948,0.0004082701703936286,0.0001521639168912384,0.0001005076184482764,0.0004160309700207378,0.000180940379270398,0.9915632316259677,1.566567380677646e-07,6.941257692723149e-07,7.019741219745883e-06,0.0005824816254328455,2.3736649418097455e-08,1.651675860788008e-05,1.7008649570540254e-05,6.017237906366896e-05,2.1750407996024113e-06,3.5318811960383216e-05,5.3826015463860995e-05
3,0.0009721933764826874,0.0002957937596136283,0.005701537458367917,0.000251130457196025,3.472641362756811e-05,4.003739434140647e-08,3.915622281853079e-07,0.0005477499041032532,0.0004259481760098601,0.00015605578219641877,0.00011766930604019893,0.0004946720934576896,0.00021916928934998707,0.9898623597505536,1.5474302418195102e-07,7.761399461491752e-07,8.678711586036156e-06,0.0007097514067662282,2.669032648399379e-08,1.6730556363191995e-05,2.017395395675707e-05,6.6603469144813e-05,2.513917693221181e-06,4.028816796586237e-05,5.4864876605712276e-05
4,0.0014400736193455484,0.000315975181376848,0.007540648640625041,0.000313608642053381,4.776463837412847e-05,8.61803259063465e-08,4.699566231644353e-07,0.0008339514540234984,0.0005973929868040909,0.00020708460139507253,0.00017157253739560741,0.0007712266738860577,0.00017820559741847197,0.9865469297214289,3.123620618919737e-07,1.4094434166289937e-06,1.341663803898337e-05,0.0007464898746404586,3.0536538047373715e-08,1.939021213852442e-05,1.844500476949316e-05,8.187005870350519e-05,4.0760875416051375e-06,5.007434376346132e-05,9.949500731190433e-05
5,0.0009631913552560546,0.0002867459915842679,0.00596139290443234,0.0002858851705759368,3.6099069309700734e-05,4.128699933159252e-08,3.9593887259581787e-07,0.0005321576282641627,0.00043098756615852796,0.00016398627164775285,0.00011027792251008616,0.00046238702810147956,0.00022737063816639574,0.9895100270374902,1.41795105723016e-07,7.734912031319349e-07,8.562898823289442e-06,0.0008264347558368219,2.6880073270207983e-08,1.830110912621055e-05,2.0685524263661112e-05,5.919583684948034e-05,2.8671465930213105e-06,4.294423146686551e-05,4.9120521289747646e-05
6,0.0009721933764826874,0.0002957937596136283,0.005701537458367917,0.000251130457196025,3.472641362756811e-05,4.003739434140647e-08,3.915622281853079e-07,0.0005477499041032532,0.0004259481760098601,0.00015605578219641877,0.00011766930604019893,0.0004946720934576896,0.00021916928934998707,0.9898623597505536,1.5474302418195102e-07,7.761399461491752e-07,8.678711586036156e-06,0.0007097514067662282,2.669032648399379e-08,1.6730556363191995e-05,2.017395395675707e-05,6.6603469144813e-05,2.513917693221181e-06,4.028816796586237e-05,5.4864876605712276e-05
7,0.0016884714754524903,0.00035088972241257286,0.008027000895379909,0.0003163770254000955,3.777082007555943e-05,4.403756743330558e-08,5.022465550939717e-07,0.0006964178575476276,0.0004259321016421161,0.00017401211522608787,0.00016531548427313505,0.0005341487020063398,0.0003888840162800679,0.985931320385914,1.648602852425454e-07,8.281851652801961e-07,1.0201596348639998e-05,0.0010233140307648893,3.5041699909443013e-08,1.9931683450971936e-05,2.6888247690126677e-05,8.730838606757297e-05,2.505240012607192e-06,4.3907479142871746e-05,4.782836363910112e-05
8,0.0005485239061038816,0.00032891182722719525,0.0008161575365732326,0.0001953946440556585,6.507538759511965e-05,9.33941076116506e-08,9.685683600768309e-06,0.0030705103457517625,0.0006479627801464269,5.6061473712150944e-05,0.0008629870789421118,0.0008483417223025038,0.0006966176933437278,0.988501890677673,3.676716231683186e-07,4.760750756372233e-07,5.414629626178949e-06,0.0026909902774872358,5.242436569006608e-07,1.8802555197562573e-05,0.00013429392224285834,0.00047218370164368346,1.000661254910176e-06,4.917147775087912e-06,2.2814963281478345e-05
9,0.038628828580552804,0.0007928188127221505,0.004737520646324485,0.001335104764132122,0.0006439983990867309,8.401216587339593e-07,7.376811236006686e-05,0.010611309828896319,0.0018621778250850977,3.697995488270611e-05,0.01230200111813152,0.015967273610582096,0.004053088072284106,0.8945230644604597,2.4898821013640504e-06,1.896898433857047e-06,6.784504308220966e-05,0.011127488301918946,9.185055439994527e-07,2.90712848354362e-05,0.0002732143255087207,0.002770810916288532,7.742871696979008e-06,3.922523097801685e-05,0.00011052243245345179
10,0.0009721933764826874,0.0002957937596136283,0.005701537458367917,0.000251130457196025,3.472641362756811e-05,4.003739434140647e-08,3.915622281853079e-07,0.0005477499041032532,0.0004259481760098601,0.00015605578219641877,0.00011766930604019893,0.0004946720934576896,0.00021916928934998707,0.9898623597505536,1.5474302418195102e-07,7.761399461491752e-07,8.678711586036156e-06,0.0007097514067662282,2.669032648399379e-08,1.6730556363191995e-05,2.017395395675707e-05,6.6603469144813e-05,2.513917693221181e-06,4.028816796586237e-05,5.4864876605712276e-05
11,0.0010125013455886014,0.00030842388467493763,0.005899402464172984,0.0002623683903181365,3.5452413250871815e-05,4.011984298402707e-08,4.1322135240327966e-07,0.0005486609101432867,0.00043067388222066215,0.00015867135631306817,0.00011947682649387907,0.0005080580520836956,0.00024230016049129572,0.9895204732694787,1.5709738515353183e-07,8.11496868764956e-07,8.969155422174025e-06,0.0007343720882379032,2.8330407411504637e-08,1.764237919237281e-05,2.1155907870778348e-05,6.9345450214393e-05,2.540815182037518e-06,4.307063812932333e-05,5.4990344664442745e-05
12,0.0009391516747843161,0.00028793029146896966,0.005576503769221045,0.00023855497360842043,3.555588278270182e-05,3.9535260986677505e-08,3.802895697678307e-07,0.0005208064124365447,0.0004245644919373454,0.00015152479838284022,0.00011663431435807372,0.0004906506463007355,0.00020819115875959516,0.9901154780589216,1.5185187005190783e-07,7.507819618148431e-07,8.567052780899029e-06,0.0006850094653143197,2.5265951642545423e-08,1.6613216852746865e-05,1.977911541252307e-05,6.452015165223757e-05,2.5139284133447147e-06,4.0328306379823005e-05,5.577456561771384e-05
13,0.0012935315275467705,0.00038206233078477513,0.010173234290003233,0.0005931059793766977,4.703301817496241e-05,8.702835989276536e-08,5.483220425980959e-07,0.0005545995588921805,0.0006845776117879206,0.00032055119637498775,8.427894509789629e-05,0.0004470466087078146,0.00029540743016862655,0.9836046971532872,1.6962140192801375e-07,1.3456955745877684e-06,1.2555539390877931e-05,0.0012593163411104976,3.683878498941865e-08,2.792870165483864e-05,2.431416795635793e-05,5.272886412107232e-05,6.8566181614568e-06,8.070181337720341e-05,5.3284797860613156e-05
14,0.0009760800951984077,0.0002946225429494477,0.005739362252962066,0.00025035118416420245,3.4562317043551465e-05,4.0220303352303025e-08,3.9207114007092365e-07,0.0005495903479916369,0.0004268134093858056,0.00015629387815139508,0.00011740782008611671,0.0004976418978778645,0.00021880047755636932,0.9898187466248618,1.5549366386245247e-07,7.84479593314475e-07,8.71045398269492e-06,0.0007077467173137297,2.6589571515076018e-08,1.6765298532597046e-05,2.012526625603695e-05,6.66603798007097e-05,2.520114683063681e-06,4.043533447962565e-05,5.536473245109301e-05
15,0.0009721933764826874,0.0002957937596136283,0.005701537458367917,0.000251130457196025,3.472641362756811e-05,4.003739434140647e-08,3.915622281853079e-07,0.0005477499041032532,0.0004259481760098601,0.00015605578219641877,0.00011766930604019893,0.0004946720934576896,0.00021916928934998707,0.9898623597505536,1.5474302418195102e-07,7.761399461491752e-07,8.678711586036156e-06,0.0007097514067662282,2.669032648399379e-08,1.6730556363191995e-05,2.017395395675707e-05,6.6603469144813e-05,2.513917693221181e-06,4.028816796586237e-05,5.4864876605712276e-05
16,0.001134189942514684,0.000268673989482497,0.025317048633412144,0.00035243171550855995,6.415356602350264e-05,8.690483901344627e-08,5.430667213035799e-07,0.0003753949559704237,0.0006412115388781054,0.00033225146010945416,8.592558978708714e-05,0.00038168459695248443,0.0002878863167922195,0.9694051569585935,1.1041989812616726e-07,1.5602936948069707e-06,1.6217348386193996e-05,0.0009637358629598168,2.2031777169594823e-08,4.5510645171407194e-05,3.9864724598040935e-05,2.4771117724279297e-05,9.77251259228609e-06,0.0001737805489432218,7.80152586697757e-05
17,0.0009042877517559708,0.00030293420759138666,0.007679205082128981,0.00025777752221197673,2.941664574832794e-05,5.79427915348061e-08,2.992580685726055e-07,0.000667637681166517,0.00045402222271962296,0.000283372395694397,0.00010514123245371296,0.0004122862433693055,0.00018332326017340015,0.9878872084556823,2.592243330777136e-07,1.2391489637128144e-06,9.500707536585133e-06,0.0005966885090498919,3.034366430221674e-08,2.1337184066990886e-05,1.7958153560554677e-05,6.652900664705363e-05,2.8640029846293953e-06,4.073063784351327e-05,7.589317979367181e-05
18,0.004269223448951711,0.0004778087535787409,0.016331663788051738,0.0016113209117732336,0.00010217782887603762,1.0972426324535315e-07,6.778575783244777e-07,0.0012658158825263183,0.0007687541285127179,0.0003314136988525601,0.0002532163987866255,0.0005862823367502504,0.0006940134197280977,0.9707104074960252,2.6221096587228705e-07,1.0805868151416847e-06,1.529891867161028e-05,0.0023049499767113625,4.644765040697697e-08,3.507759262665956e-05,2.6355866197982445e-05,9.239005811057473e-05,6.1621782151363235e-06,8.058423470628098e-05,3.4906255074206156e-05
19,0.0022206180060548664,0.00019407644081912337,0.008823487737627225,9.384552431905265e-05,2.5200268110445194e-05,2.6013602018336536e-08,4.4830646082625003e-07,0.0008514457478068448,0.00022938693001126227,8.123176705165133e-05,0.0002877666908147065,0.0005706499698270298,0.0002558468744708738,0.9849657525360903,9.771891186868749e-08,6.699236185361525e-07,1.2105253036714229e-05,0.0011675165746160385,2.4842171350588833e-08,1.3594891361252459e-05,4.8182820668982275e-05,6.867785677387462e-05,2.230305879857469e-06,3.116141642653535e-05,5.595558346864201e-05
20,0.005897294919092035,0.0002823353719037666,0.05461665732460619,0.00039176806404072603,0.00013481839369302985,1.1633090499767804e-07,9.06992074478058e-07,0.0004976308443140824,0.0006381039181192411,0.00016502641676663173,0.00021534406947710472,0.002320165843764245,0.00026138202628475074,0.9315162581575067,9.661085003453737e-08,3.4830563067929696e-06,5.188855375897427e-05,0.0022975138313038866,1.4205270965055958e-08,3.1652939078000415e-05,4.871935182984965e-05,1.9893729911382706e-05,2.2658996968648867e-05,0.0004074299649647982,0.00017884008720880278
21,0.00050778047082748,0.0006948319688816855,0.0017967640603114465,0.0006453177587225365,0.00013509037165394252,9.788487620759754e-07,1.7788777440134837e-06,0.0017929205197166048,0.0030309479267879363,0.0005643333598757594,0.0003780622301492882,0.0007371816551283716,0.00015223071764846978,0.9883036696893583,5.854207030265682e-06,1.5716291645330387e-06,1.1795344714475036e-05,0.0002421219774220893,2.4267550850973756e-07,2.8150026328034333e-05,1.4364469600465891e-05,0.0006396975224384294,5.351870582607275e-06,2.644194061725396e-05,0.00028251988102519297
22,0.0007089005527516471,0.0002920612692932897,0.004649280394033382,0.0002330303630451205,4.102007836613501e-05,3.701859460177474e-08,4.307952882637969e-07,0.00038790431430741284,0.0005517138960167064,0.0001270868348122647,0.00010125816630409383,0.0005830385269129504,0.00019894419413617428,0.991428062011864,1.7767370056654426e-07,7.640070737735441e-07,6.676344137596682e-06,0.0004673260065524656,2.2853105077815365e-08,1.672837277481943e-05,1.607585200912509e-05,6.0665898297435795e-05,2.2824752317724278e-06,5.374124666968572e-05,7.277085472166475e-05
23,0.0009721933764826874,0.0002957937596136283,0.005701537458367917,0.000251130457196025,3.472641362756811e-05,4.003739434140647e-08,3.915622281853079e-07,0.0005477499041032532,0.0004259481760098601,0.00015605578219641877,0.00011766930604019893,0.0004946720934576896,0.00021916928934998707,0.9898623597505536,1.5474302418195102e-07,7.761399461491752e-07,8.678711586036156e-06,0.0007097514067662282,2.669032648399379e-08,1.6730556363191995e-05,2.017395395675707e-05,6.6603469144813e-05,2.513917693221181e-06,4.028816796586237e-05,5.4864876605712276e-05
24,0.0010786064131368936,0.0002853471087058177,0.006222341316179336,0.00023542551773259818,3.632739264693048e-05,4.211488464821662e-08,4.1522405199521846e-07,0.0005568246204709701,0.00044370837367476275,0.00015197838961133957,0.00012825629622311552,0.0005311172471034458,0.00022725460682571473,0.9891615461011755,1.6110562329157878e-07,8.184536430988986e-07,9.046684556564203e-06,0.0007182594639836229,2.6249472633954173e-08,1.7474340712602716e-05,2.1163717107536256e-05,6.81040897526455e-05,2.595453043728788e-06,4.332036929827278e-05,5.983935038290278e-05
25,0.0008239584127246462,0.0007985445899789634,0.01527598055954343,0.00023552900645705484,2.548950998806854e-05,8.829592761530714e-08,2.4271905509000043e-07,0.0001152495093674116,0.001271230203795009,0.0007699344754371422,3.088771931539903e-05,0.00038221193582289637,0.00021445107110256903,0.9792130865805214,7.493236246623466e-07,3.656860230991088e-06,1.690012068416705e-05,0.00014331395833670925,3.9042670378965335e-08,2.5823327013334265e-05,1.1884171726135866e-05,6.857270438916564e-05,5.52156920204362e-06,0.00021007654930167921,0.00035657778378384676
26,0.0012356324520656108,0.0002710884795929097,0.008517159423701728,0.0003036109010432709,4.1430217551722915e-05,4.451475039882791e-08,3.8608363523622746e-07,0.00043527151815523984,0.0005145407340521022,0.00017272611676101833,0.00010134200803202422,0.00047918913651016736,0.00024696606020653365,0.986530511313132,1.217088748949324e-07,8.663022385402175e-07,9.329250518426167e-06,0.0009250579758217361,2.1622700025804036e-08,2.1568264301181995e-05,2.0698030744605372e-05,4.6838500743588305e-05,3.924042935943267e-06,6.773002596530422e-05,5.394531596543433e-05
27,0.0009472192302216935,0.00032464084380706487,0.00486016035609614,0.00029096943565633265,3.601278113351504e-05,4.764055169997486e-08,3.975503847837495e-07,0.0005949082266267958,0.0005215652093042664,0.00017376530248625828,0.00011841173639937181,0.0005024786554972513,0.00022133692716286152,0.9905231759585434,2.0052085655253236e-07,7.983024995470528e-07,7.858877048105179e-06,0.0006580076732116325,3.0673184640532745e-08,1.703741099776869e-05,1.6811068966042497e-05,8.443346632988699e-05,2.4356174788515825e-06,3.8805936779825835e-05,5.849059877535715e-05
28,0.0009721933764826874,0.0002957937596136283,0.005701537458367917,0.000251130457196025,3.472641362756811e-05,4.003739434140647e-08,3.915622281853079e-07,0.0005477499041032532,0.0004259481760098601,0.00015605578219641877,0.00011766930604019893,0.0004946720934576896,0.00021916928934998707,0.9898623597505536,1.5474302418195102e-07,7.761399461491752e-07,8.678711586036156e-06,0.0007097514067662282,2.669032648399379e-08,1.6730556363191995e-05,2.017395395675707e-05,6.6603469144813e-05,2.513917693221181e-06,4.028816796586237e-05,5.4864876605712276e-05
29,0.0009721933764826874,0.0002957937596136283,0.005701537458367917,0.000251130457196025,3.472641362756811e-05,4.003739434140647e-08,3.915622281853079e-07,0.0005477499041032532,0.0004259481760098601,0.00015605578219641877,0.00011766930604019893,0.0004946720934576896,0.00021916928934998707,0.9898623597505536,1.5474302418195102e-07,7.761399461491752e-07,8.678711586036156e-06,0.0007097514067662282,2.669032648399379e-08,1.6730556363191995e-05,2.017395395675707e-05,6.6603469144813e-05,2.513917693221181e-06,4.028816796586237e-05,5.4864876605712276e-05
30,0.0009721933764826874,0.0002957937596136283,0.005701537458367917,0.000251130457196025,3.472641362756811e-05,4.003739434140647e-08,3.915622281853079e-07,0.0005477499041032532,0.0004259481760098601,0.00015605578219641877,0.00011766930604019893,0.0004946720934576896,0.00021916928934998707,0.9898623597505536,1.5474302418195102e-07,7.761399461491752e-07,8.678711586036156e-06,0.0007097514067662282,2.669032648399379e-08,1.6730556363191995e-05,2.017395395675707e-05,6.6603469144813e-05,2.513917693221181e-06,4.028816796586237e-05,5.4864876605712276e-05
31,0.001273866010866431,0.00030949935268042894,0.007443381607190288,0.0002483190104962468,2.9779187349376793e-05,4.031217927185494e-08,3.8731725630996853e-07,0.0007230667379972084,0.00035535881117703717,0.00017104860217436935,0.000127464347168313,0.0005175083579474093,0.00024210945809841625,0.987456679960454,1.2795969450751842e-07,9.010015943178089e-07,1.0660418658568372e-05,0.0008889161629854595,2.6443235163634357e-08,1.653943215168839e-05,2.408101593903242e-05,6.82467381169501e-05,2.5871559423982224e-06,3.807937559278041e-05,5.132522305401895e-05
32,0.0009774335580573345,0.0003084626421649377,0.005704962891086105,0.000266083224542177,3.613870363279732e-05,4.2710412043350507e-08,4.170712995215945e-07,0.000570686661204002,0.0004372743036991581,0.00016391139300575173,0.0001213615804521041,0.0005019451163451821,0.00022903830415148857,0.9897265894646917,1.681609464044243e-07,8.298619638088425e-07,9.17457894944158e-06,0.000735304304173297,3.0191766651202875e-08,1.7529081437161825e-05,2.1470239177627288e-05,7.054088192399116e-05,2.649838504767779e-06,4.156826356402249e-05,5.638697284858503e-05
33,0.0008419009991759458,0.0002709182872661955,0.0055884959264763095,0.0002254658616393013,3.329754202110339e-05,3.954933952722985e-08,3.461360617110405e-07,0.00048129160526709595,0.0004393933050508905,0.0001628515929432646,0.00010407945270811523,0.00042832430825060603,0.00018980906000526206,0.9904022317840385,1.5480030896702706e-07,7.265536103401724e-07,7.719640892733354e-06,0.000631375179407121,2.4128559781155478e-08,1.6720015812107905e-05,1.8452047985412958e-05,5.871688757546776e-05,2.504063811428555e-06,3.9241339753675e-05,5.5919932039008585e-05
34,4.484512929270376e-05,0.00017389199570391102,0.0013403189318253652,9.947813841498774e-05,1.3075568591407797e-05,2.253213219378987e-08,9.632733768416899e-08,0.00019283997835324853,0.00024814753827188463,0.00016609070406515015,1.640325193918617e-05,0.00016952991125052764,2.4230125129660983e-05,0.9972786234736999,6.579909024312273e-08,4.513058955550402e-07,3.3939743232398274e-06,0.00013004460290648722,7.54602135040417e-09,1.0010510893182613e-05,5.7253062472666955e-06,1.8207722247899868e-05,1.5453722206241996e-06,1.563091043634181e-05,4.7323343709999814e-05
35,0.00219916519923228,0.00034129777410087016,0.007862257457484579,0.00031555154842840866,3.624679360067021e-05,5.8778241540824885e-08,5.267810175392013e-07,0.0010114493649897949,0.0005174270450470912,0.0001763590997982257,0.00017508960001249896,0.0007957196149774336,0.000296268406451554,0.9847734117152664,1.5580609113979207e-07,1.0750321953061925e-06,1.2035505798547647e-05,0.001234727601168403,3.517045444043187e-08,1.56075990722729e-05,2.424717648224698e-05,0.00010462879174324062,3.0362866721052764e-06,4.501837892167184e-05,5.860347275159368e-05
36,0.0009776303631520123,0.0002958695985212392,0.005726710164627817,0.00025193684032737693,3.511316116930291e-05,4.024838398370497e-08,3.9443303085366214e-07,0.0005468791429749952,0.000427908887399952,0.00015568145093271843,0.00011863192507400466,0.0004959696214968082,0.00022003856155098335,0.9898236106623058,1.5550893121437544e-07,7.76069366084516e-07,8.69697652746404e-06,0.0007120057798020832,2.6760307868593987e-08,1.681344926792336e-05,2.030059758070701e-05,6.649207371792739e-05,2.5350395572658715e-06,4.06676904164171e-05,5.511499357720797e-05
37,0.0006454282917375285,0.00031328410850624895,0.004355827762865651,0.00023175196434341405,3.147602932777365e-05,4.762087860685555e-08,3.462700990927591e-07,0.0006914874373640902,0.00040685074154107165,0.00018639374564206125,0.00011572530189919453,0.00047851032620723605,0.00016331687542818932,0.9916476134204817,2.1660800197215208e-07,8.951648646973858e-07,8.775778454340599e-06,0.0005118365942928313,2.980761704870259e-08,1.6718903038490768e-05,1.71061647401403e-05,8.128632330492495e-05,2.1174314767342714e-06,2.887556213122256e-05,6.40817657557369e-05
38,0.00044148146043581336,0.00023688778991440252,0.002604720203581607,0.00015146981859782865,2.7216613901699432e-05,1.768017701325482e-08,1.6224503149006848e-07,0.0003412383392560263,0.0003258507187884407,9.157091069629076e-05,8.119707749862545e-05,0.0003725905795892475,8.781510539199332e-05,0.9947851189638854,9.058654208821014e-08,3.035151054633745e-07,4.22026983829498e-06,0.00032053531996937754,1.1162847878904007e-08,7.677664069351962e-06,9.025991531105093e-06,4.351469590918501e-05,1.2148796329889087e-06,2.2682756255539752e-05,4.338565155298189e-05
39,0.0013997562095390817,0.0003347757272708566,0.007301556015450664,0.0003066571050842875,3.545429112880717e-05,6.024789693821974e-08,5.979947983044599e-07,0.0010553491105201886,0.0004152325075199028,0.0001792719159727428,0.0001638244740033519,0.0007637080723283856,0.0002815758564339357,0.9864869804357264,1.86035301692453e-07,1.3526102007528163e-06,1.3734128049859215e-05,0.0010023435546223692,3.867099449981897e-08,1.9705396357077068e-05,2.9217567460021973e-05,9.652446189044133e-05,3.103913833675024e-06,4.348960617391606e-05,6.550409144199108e-05
40,0.00041285667726029225,0.0002732222879093579,0.0031462497664034497,0.000538245811178446,2.570353375347982e-05,4.000781139403882e-08,2.921114256298833e-07,0.0007194927956752302,0.0004912994904154249,0.0002914076677515332,6.464943841574523e-05,0.00018314021148451595,0.00017957881082268323,0.9920861939035394,1.2236158517101005e-07,7.740567529579346e-07,4.514182584349633e-06,0.0014347702738417515,5.375734366586308e-08,2.2371797298875e-05,1.9069407613810184e-05,4.200265200531521e-05,3.985009095294303e-06,3.5212594946918744e-05,2.475139308536049e-05
41,0.0008411308423018959,0.0002746589665174264,0.005412030751286108,0.00018931511833103202,2.7821495669378365e-05,3.188412139639794e-08,3.921360936870036e-07,0.0005091712180789869,0.0003513702699565496,0.00013515788811242074,0.00010785577189183638,0.00046401937589784977,0.00021349899497862286,0.9905739735634922,1.1600173988503549e-07,7.33703911562793e-07,8.651997901822892e-06,0.0006990536513219654,2.5697799658360463e-08,1.546171078961024e-05,2.3672998749093644e-05,6.103777857026207e-05,2.281793850304213e-06,3.721357553305183e-05,5.1322813103340186e-05
42,0.0011261102134558678,0.00039572634337570845,0.005642321963105399,0.0003094252431636124,3.53490793853065e-05,5.478194670832287e-08,4.6116564731687135e-07,0.0007975393857899291,0.0004630410382418675,0.00019564929565305314,0.00014290649132337266,0.0006263923706822279,0.0002625105547985086,0.9890409755833325,2.4483672823382017e-07,1.1292157724982902e-06,1.1996272072052792e-05,0.0006808315049563609,4.110104028474151e-08,1.8017018381066523e-05,2.1776201083850603e-05,0.00011629011192304374,2.4755192456270992e-06,4.008019062611899e-05,6.865451826964288e-05
43,0.0010719847843857163,0.00029953480945829527,0.00577065545162451,0.0002489211145164871,3.5936915009497285e-05,3.54948945195324e-08,4.064274737464157e-07,0.0005123060712300153,0.00040906212681217043,0.00013309037966048828,0.00012497026577579213,0.0005582415663659477,0.00023225445183550075,0.989665611342188,1.4284520719343145e-07,7.428076333349982e-07,8.932228234256913e-06,0.000725276875494356,2.486368881012678e-08,1.5761415884631204e-05,2.021912850318055e-05,6.512750094967013e-05,2.4286940617826225e-06,4.295686211929303e-05,5.5375576993126466e-05
44,0.0009721933764826874,0.0002957937596136283,0.005701537458367917,0.000251130457196025,3.472641362756811e-05,4.003739434140647e-08,3.915622281853079e-07,0.0005477499041032532,0.0004259481760098601,0.00015605578219641877,0.00011766930604019893,0.0004946720934576896,0.00021916928934998707,0.9898623597505536,1.5474302418195102e-07,7.761399461491752e-07,8.678711586036156e-06,0.0007097514067662282,2.669032648399379e-08,1.6730556363191995e-05,2.017395395675707e-05,6.6603469144813e-05,2.513917693221181e-06,4.028816796586237e-05,5.4864876605712276e-05
45,0.0011192167141357951,0.00033578373231500305,0.005916197794509879,0.00034571614986127224,4.5115409697003466e-05,5.406254132387929e-08,5.33900954753312e-07,0.0006673106240804582,0.0005351805365168672,0.00017579210038253757,0.0001426916804190522,0.000586818451762652,0.000278885975101412,0.9888112134724022,2.2697539886853275e-07,9.61614751845224e-07,9.486531257937946e-06,0.0007902321264988321,3.659994745211937e-08,2.062430504498724e-05,2.160190574306287e-05,8.562601525642658e-05,2.8298612248951526e-06,4.651971671974166e-05,6.134374347580621e-05
46,0.00231367388247201,0.0005478429628171341,0.0079798053269271,0.0005027454612744333,5.4757633257376676e-05,7.267639211845997e-08,7.157961807051409e-07,0.0009616135574247113,0.0004708492250051082,0.00019018480047872544,0.000218549186599911,0.0010721594248315125,0.0004092954284148747,0.9838562458868662,2.8221444887847267e-07,1.566985915645472e-06,2.324231254938387e-05,0.0010549652123731615,5.1148275775958175e-08,2.0442432053932136e-05,2.957878391949038e-05,0.00014513955972246377,3.954529312205023e-06,6.215042037595698e-05,8.011515211111849e-05
47,0.0009041103830895755,0.0002778578814931635,0.005597396432995686,0.0002464564762076054,3.426317847377766e-05,3.8883221604164394e-08,3.71147097837227e-07,0.0005335955184771333,0.0004138851491866134,0.0001549462629465085,0.00011288925592285823,0.00045726097938244664,0.00020531561997055116,0.9901593329843327,1.4865002941783516e-07,7.326985079938555e-07,8.257364129161755e-06,0.0007017999824165752,2.5444151382604228e-08,1.663734312798669e-05,1.9890973691818004e-05,6.148148771898354e-05,2.516800218288973e-06,3.850569759791405e-05,5.228340561238671e-05
48,0.0009437261955889546,0.0004214388062246018,0.004684117739533411,0.0003205063350196204,3.0409488377827003e-05,4.1170625673472675e-08,3.677211408085356e-07,0.0006937202163306534,0.00034369588841753743,0.0001947327772081979,0.00010854257780050044,0.00043269272259192855,0.0002103689360757821,0.9906401116236838,1.496994861528044e-07,7.501410808290964e-07,1.1418494093695296e-05,0.0007665906444774654,3.603750285420783e-08,1.2978484636386383e-05,2.2290629397482793e-05,8.583105223730229e-05,2.537023401771325e-06,2.9218890585840694e-05,4.3726704480834475e-05
49,0.001096243672087528,0.0002879786110960807,0.006706687516340751,0.00026396227829707426,3.606156114636124e-05,4.712899574426633e-08,4.272981445656449e-07,0.0005904696855282475,0.00043595827982121217,0.0001593259695013571,0.00012356612826321597,0.0005743525714610636,0.00023408079542092082,0.9884709946428311,1.46095853138504e-07,8.852917352008958e-07,9.637049690783144e-06,0.0007997424387828203,2.471637118010676e-08,1.877508309695335e-05,2.0933779702408497e-05,6.523110398717227e-05,2.8475595337346483e-06,4.457430439355113e-05,5.704643791801174e-05
50,0.0009028030901607329,0.0002917226113501622,0.005349285191780909,0.00024338122201575868,3.289544534345162e-05,3.8561057979980484e-08,3.8264842505087847e-07,0.0005477272845699117,0.0004186308934176844,0.00015742167430611071,0.0001123072483892234,0.00046310046676494265,0.000212579800756041,0.9903749839619068,1.4945880414181702e-07,7.282563463974719e-07,8.106366446395675e-06,0.0006900040312650834,2.7030776584124906e-08,1.5946298979497846e-05,1.9914319005050124e-05,6.662873220462862e-05,2.3629915126177536e-06,3.6938703217890885e-05,5.193371119679807e-05
51,0.0036546995589001774,0.00016568591877239887,0.0251104913418499,0.00014805881437207936,9.442589566585973e-05,1.38064128528017e-07,1.878996576864005e-06,0.0005878131736290355,0.000992530565812128,0.00014526220564989764,0.0003220002777972614,0.0011893233968788119,0.00045710935044195755,0.9650965794158296,2.8478467438962764e-07,2.859893578049889e-06,2.8342421337351453e-05,0.0013707398160108632,4.235400904819401e-08,4.926284164184276e-05,8.288260372218208e-05,7.339280321315818e-05,1.0684689325213576e-05,0.00021382902264919216,0.00020168179353442623
52,0.0009740196684740528,0.00028571036320946245,0.005753086769125464,0.00025755686172935057,3.2905785002547155e-05,4.0748827313702435e-08,3.622933902081038e-07,0.0005670175265487988,0.0004295358035690631,0.00017146160214211967,0.00011395295880912565,0.00044800066642447755,0.00022099184963076987,0.9897875739192681,1.57115542186836e-07,7.788020911452242e-07,8.175196412144479e-06,0.0007530886362101605,2.725410884026595e-08,1.766073009405552e-05,1.9290718465470904e-05,6.658533519433248e-05,2.4984933126671775e-06,3.8283167850905246e-05,5.1237734567310934e-05
53,0.0009754056046904678,0.0003384738710246202,0.006324840309699864,0.00026832801686777256,3.110182028268973e-05,3.348625514795324e-08,2.4593260451867735e-07,0.00052972244462707,0.0003602338058815276,0.00020796429632638632,0.00010489391015746246,0.0003688644980631879,0.00021872271329159143,0.989399483733443,1.529997813657613e-07,7.805675655606911e-07,9.186730394080815e-06,0.0006705355832561208,2.696196143125155e-08,1.6942165343805926e-05,1.8504146821470733e-05,6.684430965766225e-05,2.22368718407253e-06,3.798773503757791e-05,4.8500669781592866e-05
54,0.0009907030227517977,0.0002965530947644101,0.005769447918113973,0.000255190351421925,3.5154569841661246e-05,4.056269356048352e-08,3.977808752078358e-07,0.0005540884326469676,0.000428055849742276,0.0001565772963857865,0.00011926948266770642,0.0004962108851216021,0.00022285038358558752,0.989738942961124,1.5504442157705563e-07,7.793454779588686e-07,8.76787494758358e-06,0.000724708752060916,2.70302758413837e-08,1.6896031238455096e-05,2.0490839351139586e-05,6.696116077973393e-05,2.5524891533805986e-06,4.0624426456585624e-05,5.455441410048997e-05
55,0.0013809913290899938,0.0003146223897680633,0.006360220606717448,0.00033003401103461245,5.1421447437611424e-05,4.8824138902135285e-08,6.567123130462019e-07,0.0005216937531921554,0.0006127067506739728,0.00011671617736255558,0.00014595943663873475,0.0009451667620779147,0.00028985520303039913,0.9877913308375436,1.5271223063126969e-07,9.024346851250934e-07,8.988087613197194e-06,0.0008829187059329526,2.5619589930033995e-08,1.8045189837656155e-05,1.9781835830088677e-05,6.765165835167342e-05,3.1680194751858543e-06,6.83394856359721e-05,6.860200979835218e-05
56,0.0010008450624722877,0.0003010451406277525,0.0057639788919991875,0.00025547722638872325,3.5309959460376576e-05,4.0492530643137406e-08,4.0703807129229515e-07,0.0005500502885102208,0.0004304240191390418,0.00015550608628381218,0.00012019369413567508,0.0005045346415916871,0.0002298661809814268,0.9897114865466822,1.5527521489175925e-07,7.816471506895892e-07,8.819395527830731e-06,0.0007260668353677817,2.754766861671492e-08,1.6993824184505032e-05,2.0823080552574627e-05,6.837632491012823e-05,2.544094067799238e-06,4.138831765291661e-05,5.485838882791454e-05
57,0.0009137017460224641,0.0003563836219878044,0.005558213693142937,0.0002535425136374923,3.273645994534583e-05,3.6565783203542174e-08,4.3708893686692966e-07,0.0005810711577056411,0.00039510090654258553,0.0001626734251135668,0.00011948614959039755,0.000540387254115875,0.00027115635479240915,0.9898938306199346,1.6001337810252824e-07,9.072129325385025e-07,9.583408120611228e-06,0.0006881009661746118,3.47621792518771e-08,1.7386488832107035e-05,2.3928993564610694e-05,8.068918353428236e-05,2.162210015982152e-06,4.166137145574161e-05,5.662783256095172e-05
58,0.0009756272952910702,0.0003027449951743867,0.005936454223965645,0.0002658660027279266,3.8826591268733936e-05,4.178537526805177e-08,4.336153047526237e-07,0.0005070264731789393,0.0004692374448282428,0.0001556231355959562,0.0001185076813592025,0.000524266029547962,0.00024190294690363458,0.9895099811690677,1.6130908537059597e-07,8.404562552695703e-07,8.797618797203327e-06,0.0007268218241033603,2.7982927479023178e-08,1.9069619800934954e-05,2.1118483841709994e-05,6.524012350631031e-05,2.7806120809161694e-06,4.971105200981716e-05,5.889152800202546e-05
59,0.0009310286222881541,0.0002904485634147789,0.006139370596367472,0.00025124672295180725,3.655942443465913e-05,3.9974419042808326e-08,3.918028450294297e-07,0.0004947840329734479,0.000439625647479349,0.00015915311087792323,0.00011001076825261658,0.00048212860944208953,0.0002222965239391835,0.9895225729686065,1.4871154237610147e-07,8.179102146044952e-07,8.769911994147268e-06,0.0007042078810146371,2.5645290633018286e-08,1.8438286570690038e-05,2.088408968610076e-05,5.998377055940616e-05,2.748728502790895e-06,4.730413816203155e-05,5.7013558170560205e-05
60,0.0009721933764826874,0.0002957937596136283,0.005701537458367917,0.000251130457196025,3.472641362756811e-05,4.003739434140647e-08,3.915622281853079e-07,0.0005477499041032532,0.0004259481760098601,0.00015605578219641877,0.00011766930604019893,0.0004946720934576896,0.00021916928934998707,0.9898623597505536,1.5474302418195102e-07,7.761399461491752e-07,8.678711586036156e-06,0.0007097514067662282,2.669032648399379e-08,1.6730556363191995e-05,2.017395395675707e-05,6.6603469144813e-05,2.513917693221181e-06,4.028816796586237e-05,5.4864876605712276e-05
61,0.0009724037663517497,0.0002856934985022854,0.006372982354207693,0.00024633390146262514,3.6104384790603134e-05,3.9979268082281697e-08,3.929868299813695e-07,0.0005013472388968495,0.0004462472805733302,0.00015991321202301324,0.00011088635239211621,0.00048321966527612863,0.00022258711418755576,0.9892238883201272,1.4434126212037353e-07,8.130559325042167e-07,8.701029638991435e-06,0.000722250182970577,2.553533033595564e-08,1.8062329977468653e-05,2.1157910629183083e-05,5.923393868223333e-05,2.7668058275353113e-06,4.7793209262807354e-05,5.701160559690593e-05
62,0.0009721933764826874,0.0002957937596136283,0.005701537458367917,0.000251130457196025,3.472641362756811e-05,4.003739434140647e-08,3.915622281853079e-07,0.0005477499041032532,0.0004259481760098601,0.00015605578219641877,0.00011766930604019893,0.0004946720934576896,0.00021916928934998707,0.9898623597505536,1.5474302418195102e-07,7.761399461491752e-07,8.678711586036156e-06,0.0007097514067662282,2.669032648399379e-08,1.6730556363191995e-05,2.017395395675707e-05,6.6603469144813e-05,2.513917693221181e-06,4.028816796586237e-05,5.4864876605712276e-05
63,0.0009345669725793648,0.00031493687733806893,0.0055373485789557975,0.00025096711921681746,3.429370442828975e-05,3.9691750904753957e-08,3.840824687979301e-07,0.0005410885303938481,0.0004234524087265001,0.00016124904571921495,0.00011487356262786159,0.0004944667936097332,0.00021651415210993872,0.9900801794089453,1.5794681565086456e-07,7.923826468693686e-07,8.86398663656872e-06,0.0006819569244414627,2.7613704874998865e-08,1.6491603841596962e-05,1.999960603113637e-05,6.828699298933495e-05,2.4741370097512323e-06,4.045431171661528e-05,5.6133565295729083e-05
64,0.000936101230542578,0.00029129414364492066,0.005905255275587341,0.00023268218388740756,3.3989890911554466e-05,3.852020425228054e-08,4.0920171233233597e-07,0.0005321002774469493,0.00039828763010120894,0.00015296009663074225,0.00011605325541393929,0.0004740199423598079,0.00022105365996710917,0.9897711088151118,1.4507428973329575e-07,7.852652479419411e-07,9.181516228115931e-06,0.0007227345530021914,2.8011201534526603e-08,1.679396563728324e-05,2.3492620492992197e-05,6.342628391922091e-05,2.6059105699810315e-06,4.078201389088554e-05,5.467066199838265e-05
65,0.0012734251478459142,0.000328558086629502,0.006392330126703153,0.00032521186965061704,4.4359386098638345e-05,5.439157572988231e-08,5.127013762562025e-07,0.0006934036473778421,0.00046359622349775067,0.00016664396514540558,0.00015707601896075598,0.0006029347671327282,0.00026230663866335367,0.9881677078927736,2.0203004975582527e-07,9.362150421830707e-07,1.132572260415607e-05,0.0008758016134126002,3.458543160638344e-08,1.9155584583244576e-05,2.4172471227988967e-05,8.183900489683004e-05,3.170657195078483e-06,4.4784637594986326e-05,6.045661453013467e-05
66,0.0012871068469383525,0.00023917120225350026,0.008039884103847851,0.00021865095093494922,2.8222474145070555e-05,2.7343222226882907e-08,4.023750804506977e-07,0.0006046081286205755,0.0003640766574764375,0.000148538514921059,0.0001228384334157576,0.0004020902679813384,0.0003832531581875544,0.986965446763495,9.615492143813194e-08,6.670592148574751e-07,6.147538096768806e-06,0.0010124804210619057,2.2607684557627602e-08,2.1276830640645155e-05,2.3528137288024298e-05,6.094176057881171e-05,1.6119663210361519e-06,3.5357128683336204e-05,3.3553174988203956e-05
67,0.0008682326722177602,0.00018486452960914077,0.011674987028878958,0.0002859702536749145,2.7060854898663957e-05,3.103705709785209e-08,2.7358435831256556e-07,0.00036680621691483967,0.0002333001014600331,0.0001851439470307216,7.345972259448636e-05,0.00022409919336064917,0.00026320079854613975,0.9841484539393516,6.818746719719597e-08,7.657007474826608e-07,9.907784006522657e-06,0.0012727801580619087,1.7905441607004796e-08,3.1110028709226516e-05,3.495365287379896e-05,2.252497876904623e-05,5.191342230461637e-06,5.652689564525638e-05,3.0269486094493454e-05
68,0.0011802175172808877,0.00034045149824001877,0.0058678133188009044,0.0002700492572244232,3.6571362862561334e-05,4.406115986026178e-08,4.3980884111413933e-07,0.0007017323046299907,0.00041100606802100463,0.00016464040556558664,0.0001445974329669765,0.0005475007671495959,0.000244236073587433,0.9890620490664657,1.8121740724808443e-07,8.831495316892107e-07,1.0760443161942852e-05,0.00079134852087556,3.4300627107328664e-08,1.647434196163837e-05,2.4006580010549206e-05,8.60812768828259e-05,2.558667500427901e-06,3.85500854553268e-05,5.777247378974539e-05
69,0.0011930709136708118,0.0003588260093758352,0.005785398497027395,0.00029765893513164954,4.3032508942737466e-05,4.6329609736381165e-08,4.508467533734438e-07,0.00058798022357227,0.0004873553813218329,0.00015898894343605613,0.00014216320094301006,0.0006127531859713746,0.00024375897001585657,0.9891476900999571,2.0378185191466867e-07,8.766132388609788e-07,1.0472069172127537e-05,0.0006937062561424776,3.123001365651797e-08,1.672920844479936e-05,2.0145825415179153e-05,8.391752882142022e-05,2.688247855594399e-06,4.6508998967715504e-05,6.554619434714805e-05
70,0.0009557662341120887,0.0003135397505628865,0.005963098456961094,0.0001846575668394371,2.820270843042665e-05,3.737141143060701e-08,3.6932257931749623e-07,0.0005760744644304328,0.0003824248408309736,0.00017262678584139635,0.00011471737048656403,0.0005030405920417633,0.00020919049516399856,0.989661583136592,1.506459605006324e-07,9.941385386907975e-07,1.0262283589597878e-05,0.0007030300136451387,3.013138168552176e-08,1.6932820099297997e-05,2.3169557490521877e-05,7.197750843196793e-05,2.4157691791698127e-06,4.133284471236789e-05,6.437519068714574e-05
