,0,1,2,3,4,5,6,7,8,9,10,11,12,13,14,15,16,17,18,19,20,21,22,23,24
0,0.007845210963643613,1.0990364636517677e-06,0.002140406694981648,0.0006339260604354871,0.0002381389985173256,4.146991619711827e-05,0.007908800792717137,0.0006158117182899109,2.2250508301777133e-06,0.0023617223715762105,0.0005521247613119537,0.03937999479463531,0.0009503894154030991,0.8858613711344311,0.0002602488021365842,0.003811353527712273,0.0007871924805237497,0.000524609417303161,0.00012031063709380594,0.00029256976337073935,0.00047480911859714705,2.2829089667820513e-05,0.001641244068956069,0.043107038038966955,0.00042510334623808754
1,0.0038950113387352945,1.7852357379446743e-06,0.0023019976129605144,0.00027009513350794947,0.00026995843986712286,4.5423579502862386e-05,0.005785309744124558,0.00024514478066923226,1.6570840599353214e-06,0.0012001122706246958,0.0004403266461290767,0.04054512029931242,0.00034951508348075736,0.9047840181056686,0.00032329842638830164,0.002477881785766149,0.0006565525612632048,0.00037714279607106954,0.00012183938648869646,0.00016941499392805458,0.0006507364175443685,2.8063097298186793e-05,0.0014929547456069884,0.03300581759355901,0.0005608228417050876
2,0.002476268124589468,1.7846796276232277e-06,0.0014542788595212285,0.00018923066111196032,0.00020341957727013391,2.7747248305960947e-05,0.003505127433177265,0.00016766152049792394,1.2132311401104778e-06,0.0006700217776490491,0.0004380123314192729,0.03441160178881822,0.00017924096441566465,0.9327686534036356,0.0003799698403245818,0.0012163915334551284,0.00038074651269504663,0.00029642194516568004,6.282073392845375e-05,0.00012683327212035977,0.0005381645056278978,1.949915256364644e-05,0.001334033968838033,0.018532603056686966,0.0006182538774147722
3,0.002886254541873076,1.6219465614523e-06,0.001552997545054611,0.00019719586281237685,0.00019875887747279714,3.47413613447283e-05,0.004760799512460439,0.00016781206705681188,1.05693230422746e-06,0.000732016340256466,0.0003252808847903647,0.03738862202019745,0.00022875763711176767,0.9186516907785834,0.00028843576405778305,0.0016735870538515092,0.00048592089813616763,0.0003094012668426661,8.175989343178882e-05,0.00011452169669501835,0.0005606543483370562,2.2847506475077213e-05,0.0012574957615083798,0.02751709997180355,0.0005606695309809245
4,0.0027069281279316296,1.855770255770302e-06,0.001753006747776721,0.00020593922948778387,0.00021423434482572344,3.6808997318229294e-05,0.005026697704499716,0.00018612120376263781,1.2875839231447609e-06,0.0008329933700443073,0.0003957920018092478,0.04589370409761822,0.00019183824164129614,0.9119589295020338,0.0003776904994444718,0.0015855297011435105,0.000491250241252086,0.00028090699871069334,7.44680266738437e-05,0.00011477908425671384,0.0006704109851673817,2.8274695283489627e-05,0.0013786294886484881,0.024916489175156698,0.0006754341813343438
5,0.0027598436169328435,1.5980244599349049e-06,0.0013153784490623718,0.00020181396375533006,0.00018777748966129678,3.463506532304622e-05,0.0043454251351234905,0.00015723821181223792,9.625881755715108e-07,0.0006780102415989466,0.0003026011508863491,0.0330693265556341,0.00022965875850746147,0.9247965400564627,0.00027824551769011917,0.0016697366859253389,0.00043824290492511085,0.0003401416346339489,8.180760258665184e-05,0.0001123748145473022,0.000516163558641888,2.0502452723530147e-05,0.00122427125843805,0.02673234259363371,0.0005053616688585173
6,0.002886254541873076,1.6219465614523e-06,0.001552997545054611,0.00019719586281237685,0.00019875887747279714,3.47413613447283e-05,0.004760799512460439,0.00016781206705681188,1.05693230422746e-06,0.000732016340256466,0.0003252808847903647,0.03738862202019745,0.00022875763711176767,0.9186516907785834,0.00028843576405778305,0.0016735870538515092,0.00048592089813616763,0.0003094012668426661,8.175989343178882e-05,0.00011452169669501835,0.0005606543483370562,2.2847506475077213e-05,0.0012574957615083798,0.02751709997180355,0.0005606695309809245
7,0.005676726037050884,1.5374542309836425e-06,0.002509514917161331,0.00032331300681251815,0.00026108750687132086,3.662620290841694e-05,0.007590956185717928,0.00029845488896175596,1.4243552942521864e-06,0.0013680411871701227,0.00046460417900220626,0.03881598039194762,0.00048629740714893453,0.8973614626610991,0.00023957096066736056,0.002364554352351128,0.0008010243078064573,0.00035785645971274225,0.00012323929476056148,0.00018161889381467408,0.0004843126232417494,2.9666413326270257e-05,0.0011911330212287057,0.0384442702712592,0.0005867270204536067
8,0.0029984446917834247,1.113775266218286e-05,0.0003602385815182472,0.0010766722275942105,0.0008366055711588047,0.000554435867637345,0.01756345950418441,0.00134288121584988,8.054320522582006e-06,0.0004354046802329444,0.0024634368914029127,0.10602282542346067,0.00043978643422331687,0.8181964268225653,0.0028165325406717258,0.017725640724235495,0.0004477275765947313,0.016984463774995764,0.00041079911449051125,0.00027751788294724393,0.0006093561485456449,0.00019104268163293,0.0009268776780539445,0.006965905586777884,0.0003343263062578642
9,0.0031006713908487624,2.060186941706829e-06,0.0016640310330770984,0.00023938072270286218,0.00028245480428587734,5.122071812357898e-05,0.006686340001187334,0.00021419048161355777,1.3067323941794957e-06,0.0007265191802498261,0.00038777049771138866,0.04444338805588269,0.00031449629957548296,0.9093259579424121,0.00029965102296377255,0.002638466015040141,0.0006073178228530572,0.0004616558501067359,0.00012639323291397316,0.00012713373136557753,0.0005664390508321227,3.442263521349921e-05,0.0009875842156415017,0.026212466458714313,0.0004986819173488349
10,0.002886254541873076,1.6219465614523e-06,0.001552997545054611,0.00019719586281237685,0.00019875887747279714,3.47413613447283e-05,0.004760799512460439,0.00016781206705681188,1.05693230422746e-06,0.000732016340256466,0.0003252808847903647,0.03738862202019745,0.00022875763711176767,0.9186516907785834,0.00028843576405778305,0.0016735870538515092,0.00048592089813616763,0.0003094012668426661,8.175989343178882e-05,0.00011452169669501835,0.0005606543483370562,2.2847506475077213e-05,0.0012574957615083798,0.02751709997180355,0.0005606695309809245
11,0.0032224860654063627,1.6405909129734516e-06,0.0016527777980119025,0.00021129099979439025,0.0002039888787331728,3.743435843642732e-05,0.005161392860891414,0.00019428465720038558,1.129024528841584e-06,0.0008082656502386382,0.00032450364219028106,0.038584916954261056,0.0002795607848707256,0.9124386877494552,0.0002813698386316214,0.001894788286506669,0.0005404941682834596,0.00033875103307385624,9.290346232995365e-05,0.0001241624910310555,0.0005608300601244075,2.405981957535825e-05,0.001271390377736867,0.03119992435470424,0.0005489660930708157
12,0.0005422870386309995,4.721780571479845e-07,0.00030584805336284117,4.886957662965228e-05,0.00014367835375835201,1.2518488774277748e-05,0.0016825701746887264,1.2427455346770665e-05,2.3034349006712047e-07,0.00012867771327575172,9.882510264623667e-05,0.010593094450021245,4.216844912943265e-05,0.9744720318671686,8.40394485198675e-05,0.00040033996443475844,0.00011935863152072409,0.00016081638788895467,1.566656493492248e-05,5.584765885561755e-05,0.00024874542664881684,3.1216793459027644e-06,0.0009663656317031315,0.009513712444329437,0.00034828691683776663
13,0.00505911072731339,4.999745853084677e-06,0.0021022651508375515,0.00025685725308346693,0.0004910985707127106,0.0002660123125246116,0.02201180157565118,0.0002642672712149902,2.4227415614695735e-06,0.001948865300057063,0.00010397616080621414,0.03857859361612108,0.0005677935160121985,0.704429033485836,0.00022529285879465885,0.004855544105195121,0.0016444097921434328,0.0005755803081121559,0.0005363289141817648,0.0001234773340653704,0.0007571675313729092,9.223818798076358e-05,0.0018206484336758838,0.2121161239680366,0.0011660911388561904
14,0.0028898032058426487,1.6172614446552156e-06,0.0015528651957523866,0.00019674794444035065,0.00019820969835302095,3.469671726651594e-05,0.004768377639551995,0.00016817400127403507,1.0578245604778314e-06,0.0007325695614014191,0.0003243669168830744,0.0374749959478108,0.00022856298998835746,0.9184804893927299,0.00028839763614346215,0.0016714890514098262,0.0004866566282963891,0.00030850764955289207,8.155764522849221e-05,0.00011423436349417982,0.0005615381136008285,2.2842372119994635e-05,0.0012593749646155562,0.02759118183853032,0.000561685439708394
15,0.002886254541873076,1.6219465614523e-06,0.001552997545054611,0.00019719586281237685,0.00019875887747279714,3.47413613447283e-05,0.004760799512460439,0.00016781206705681188,1.05693230422746e-06,0.000732016340256466,0.0003252808847903647,0.03738862202019745,0.00022875763711176767,0.9186516907785834,0.00028843576405778305,0.0016735870538515092,0.00048592089813616763,0.0003094012668426661,8.175989343178882e-05,0.00011452169669501835,0.0005606543483370562,2.2847506475077213e-05,0.0012574957615083798,0.02751709997180355,0.0005606695309809245
16,0.013864982356980133,2.6900661968849554e-05,0.008769215136631708,0.0008469053233307659,0.0009634975710789278,0.0002426040003587932,0.023524217043743384,0.0014157554481896485,2.9921322096002766e-05,0.009607029640989924,0.000906754118012484,0.09588134178371059,0.0005030694403618982,0.6993953929559871,0.0014516112757964816,0.002793792452089719,0.00217437701815801,0.00023516025985192288,0.00047720953441794835,0.0002235626569575746,0.0010574260107180774,0.00035054717918565735,0.005049525269076679,0.12142939723986189,0.008779804300445724
17,0.003986035003701783,3.843656132735333e-06,0.0029473506451570815,0.00027437843245479114,0.0002898542312557283,0.00012707292864924094,0.005710458259789527,0.00031317973608594,2.268387347092346e-06,0.0024872022816072787,0.0004373329639145483,0.04009142407226186,0.0004466083015851611,0.8570099764077335,0.0006824983190602492,0.003863402312868017,0.0008494326007682846,0.0007378667254201956,0.00033822007290065006,0.00020488236548295904,0.0010896185330532113,4.617573676528644e-05,0.002608345045789628,0.07479178278595758,0.0006607901942577062
18,0.0028629243456333273,1.608217013899063e-06,0.001631673005700888,0.0002067057883734577,0.00019952937278634218,3.5847808254374966e-05,0.004736707573744804,0.00017799961255107413,1.0721757918257648e-06,0.0007677520641387466,0.0003362323675735462,0.03874168233004934,0.00024145897562106915,0.9169023632385952,0.0002966753425488254,0.0017804161042833696,0.00048184217728903573,0.00031697873770846857,8.296529743260436e-05,0.00012034499103945333,0.0005834190956265728,2.2909909457852923e-05,0.0012671464976827297,0.027671738256195986,0.0005320067149071995
19,0.0008794442435704817,1.2221620222468648e-06,0.00021712449308114123,4.424448335766649e-05,6.013436547374062e-05,4.934929930653132e-06,0.000334163007318733,1.5301170862469353e-05,1.7137093017771396e-07,5.098874742831329e-05,0.00020296574407237752,0.00530526021749507,2.1156049044103277e-05,0.9874701583177364,0.00026525929893466766,0.00028769459619852286,6.20051067911434e-05,0.00022222371890567402,2.5768376848986513e-05,2.5607615980910702e-05,0.00019515895820756117,2.7339746279554095e-06,0.0006578823490598726,0.0034424095141523158,0.00020598718796911258
20,0.003393499056626863,3.008122681604612e-07,0.001035294318335303,0.00012225730072872436,0.0002223313812451386,1.6549569206573918e-05,0.00654926081256975,5.3492978659694085e-05,5.347283036514293e-07,0.000597858120811875,0.00017819684080517406,0.01243230788575686,0.0002470730802041791,0.9405212318319163,5.573191040467037e-05,0.0012648015151909252,0.0005023223602137438,0.00021042608946604535,5.049403056411273e-05,0.00012147921735755504,0.0002448565411366517,5.25347027433408e-06,0.0011329470827743343,0.03067832420152962,0.00036317486364992953
21,0.002417471430794325,1.121027088323756e-06,0.0010571177013798043,0.00018218390719842978,0.00014896562177110488,1.9589265411046722e-05,0.0028131186534309798,0.00011392235120485128,7.003061147713364e-07,0.0004605833776621676,0.00033822390008177535,0.02748588456861581,0.00016266679214729576,0.9461946751663851,0.00023031256616478073,0.0012052932851592168,0.0002997687658225199,0.0002548834627251911,5.200503946134721e-05,9.370974674214018e-05,0.000383635592439535,1.31236795425609e-05,0.000936621142431288,0.014737491035050246,0.00039693161517531905
22,0.002880319263074136,1.6260539100154633e-06,0.001549817792531327,0.00019681822562192557,0.00019855353033375613,3.484629228392749e-05,0.0047681461818315524,0.00016797044714288428,1.0577622188128086e-06,0.0007312665695527322,0.00032379327122493016,0.03740855305092203,0.00022853196467233705,0.9185315741047865,0.00028873433799928374,0.0016740516294204055,0.0004857339996832807,0.00030943392008560955,8.185045189345004e-05,0.0001142994554162955,0.0005605840302913682,2.2879951058856752e-05,0.001258508190168791,0.027619604420423848,0.0005614451034519163
23,0.002886254541873076,1.6219465614523e-06,0.001552997545054611,0.00019719586281237685,0.00019875887747279714,3.47413613447283e-05,0.004760799512460439,0.00016781206705681188,1.05693230422746e-06,0.000732016340256466,0.0003252808847903647,0.03738862202019745,0.00022875763711176767,0.9186516907785834,0.00028843576405778305,0.0016735870538515092,0.00048592089813616763,0.0003094012668426661,8.175989343178882e-05,0.00011452169669501835,0.0005606543483370562,2.2847506475077213e-05,0.0012574957615083798,0.02751709997180355,0.0005606695309809245
24,0.0031522828588498525,1.6688951526931593e-06,0.00177378026824932,0.0001897244732914609,0.00020237607791426864,3.8469997297538545e-05,0.005408119077493234,0.0001921092052659817,1.1879013750101486e-06,0.0008311104101470231,0.0003254322851999938,0.040516359230737715,0.0002489742056033598,0.9081527629615368,0.0003169794865592345,0.0018010858256708154,0.0005575750440221729,0.00032021770188412604,9.004693192796612e-05,0.00011783750432051744,0.000653778205306283,2.4888461450673174e-05,0.0014293690901964117,0.033053506320242815,0.0006003575803048007
25,0.0029825143116384775,1.3332103018202351e-06,0.0015305150488468177,0.00020862070958865456,0.00019009148433099163,2.7693891006776634e-05,0.0046393161727637106,0.00018117045479167375,1.0000725127542437e-06,0.0007012503500801447,0.00037112298364456157,0.03766364907332823,0.00023976865745679407,0.9236223339457396,0.00026660572301722216,0.0015671191345679987,0.00045635090960463706,0.0002900014307283117,6.699978784896654e-05,0.00011976661250519041,0.0004966864750394075,1.989555053227864e-05,0.0011181945945130532,0.022722372551478246,0.0005156268641335611
26,0.004212745327679017,1.7086987110771356e-06,0.0016408155238178664,0.0001784511671374992,0.00023664034308608505,4.77349160285945e-05,0.006852695571592949,0.00018527147735645442,1.5175961668272125e-06,0.0009699923158416221,0.00025639566274489437,0.031126635251642446,0.00031703037412884324,0.89560761476074,0.00027419394203805596,0.002108420923303494,0.0007403394836684649,0.0004035850217235953,0.0001307124124428917,0.00012349450190630683,0.0006472002691389891,2.433716376215175e-05,0.0019034495214919418,0.05135355871090987,0.0006554590629398103
27,0.0030286741562450645,2.5872717959978964e-06,0.001454053819609742,0.00023464660037452953,0.00021024484701602066,4.2260800978393216e-05,0.004921253151662303,0.00021966486100160782,1.5439227167641986e-06,0.0008534071350910845,0.0004056016838085166,0.0418725495626149,0.00020929330651321112,0.9150058906716209,0.00042644025193809456,0.001650557254914333,0.0004884018877246613,0.00033359992210264713,9.751090086301937e-05,0.00010873215097406681,0.0005163038533948031,3.3946598921209736e-05,0.0013154417034700239,0.025806409692251845,0.0007609839923963324
28,0.002886254541873076,1.6219465614523e-06,0.001552997545054611,0.00019719586281237685,0.00019875887747279714,3.47413613447283e-05,0.004760799512460439,0.00016781206705681188,1.05693230422746e-06,0.000732016340256466,0.0003252808847903647,0.03738862202019745,0.00022875763711176767,0.9186516907785834,0.00028843576405778305,0.0016735870538515092,0.00048592089813616763,0.0003094012668426661,8.175989343178882e-05,0.00011452169669501835,0.0005606543483370562,2.2847506475077213e-05,0.0012574957615083798,0.02751709997180355,0.0005606695309809245
29,0.002886254541873076,1.6219465614523e-06,0.001552997545054611,0.00019719586281237685,0.00019875887747279714,3.47413613447283e-05,0.004760799512460439,0.00016781206705681188,1.05693230422746e-06,0.000732016340256466,0.0003252808847903647,0.03738862202019745,0.00022875763711176767,0.9186516907785834,0.00028843576405778305,0.0016735870538515092,0.00048592089813616763,0.0003094012668426661,8.175989343178882e-05,0.00011452169669501835,0.0005606543483370562,2.2847506475077213e-05,0.0012574957615083798,0.02751709997180355,0.0005606695309809245
30,0.002886254541873076,1.6219465614523e-06,0.001552997545054611,0.00019719586281237685,0.00019875887747279714,3.47413613447283e-05,0.004760799512460439,0.00016781206705681188,1.05693230422746e-06,0.000732016340256466,0.0003252808847903647,0.03738862202019745,0.00022875763711176767,0.9186516907785834,0.00028843576405778305,0.0016735870538515092,0.00048592089813616763,0.0003094012668426661,8.175989343178882e-05,0.00011452169669501835,0.0005606543483370562,2.2847506475077213e-05,0.0012574957615083798,0.02751709997180355,0.0005606695309809245
31,0.004498461697798059,1.7788534360712457e-06,0.002541319122530514,0.00022201538312042012,0.0001997828569820393,3.4232809484119506e-05,0.005734628734867367,0.00031449753134548395,1.261947219205016e-06,0.0008477396127951118,0.00035516104495504137,0.04701730133651382,0.00040870238098316954,0.8923318522159365,0.0003165838680609648,0.0024205218900336385,0.0007173199301046587,0.00037336401431083355,0.00011535925298454959,0.0001415473615897176,0.0007364315220009758,2.8511210699663956e-05,0.0012936561478120074,0.03885121896839976,0.0004967503060364126
32,0.003045008847557967,1.74435504204452e-06,0.0015933489995720196,0.0001979408346391909,0.00020377801406709292,3.746506034670928e-05,0.004784452954456774,0.00016999086260442904,1.070310497544623e-06,0.000749229232882632,0.0003176562730819319,0.03630772196843336,0.00024970230629661397,0.9166969078600028,0.000288356114645836,0.0018110183831347617,0.0005140641320136965,0.00034039202671906795,9.560684832149234e-05,0.00011696409865008479,0.0005628150624632554,2.3901093013790948e-05,0.0012715669465631844,0.030070442501468578,0.0005488549135250774
33,0.0016053758067746968,1.2615726216804409e-06,0.0014971360106073887,0.00016537314937603077,0.00021933995369130655,1.844603784033871e-05,0.0032060743466451173,0.0001238413268029823,1.6278457679737878e-06,0.0006350183478168798,0.0008219602044023299,0.037279866106275386,7.080421920531215e-05,0.9416473268399773,0.0005766678897046975,0.0006320050287820174,0.00025108055884791975,0.00016204137760283155,2.210734735503357e-05,0.00011860206091603909,0.000731672657562194,1.4307238590951829e-05,0.0017839805780732875,0.007556285256731248,0.0008577982380291013
34,0.002372109279791863,1.908269053704535e-06,0.0015359140958708317,0.00020246623212157998,0.0002015114999194894,4.307758096522187e-05,0.005094365731397811,0.0001784724392944738,1.1195135903324274e-06,0.0007784532741196937,0.0003113913629741002,0.04438426563988095,0.00021696138309350483,0.909807510714297,0.00033518324052390534,0.0017065173266641925,0.00047120097894764475,0.0003134558544203193,7.941246630359413e-05,0.00011597467905432363,0.0006233646599416087,2.7151475807371044e-05,0.0013278431663662645,0.029236176271942464,0.0006341928636577076
35,0.0017466542433291043,1.0586512915626894e-06,0.0012363987538980836,0.00013491410450764982,0.00016108478448524034,2.6977123684410132e-05,0.0034142835028778537,8.204556776359775e-05,5.582620325252551e-07,0.0004895427130387033,0.00023369862183372702,0.029712389571187228,0.00015598706428039344,0.9353813544684023,0.00020558869924984413,0.0012197100275314501,0.00033107403390471773,0.0002482883027405527,5.137514223968336e-05,9.915910775213185e-05,0.0005454536862533273,1.287600424158063e-05,0.0011773863509225411,0.022893831648047716,0.0004383095645041069
36,0.002963366849907508,1.462115039149441e-06,0.001299337739832639,0.00017379746321510506,0.00016110480276841925,2.6189879888721047e-05,0.005394383290114809,0.00023841404015290227,1.0057114688103777e-06,0.0005352223572765792,0.00031936680407233374,0.05721515794258014,0.0002331233212512162,0.904865214782306,0.0002840030332668961,0.001507738397554907,0.0005137149291693547,0.00029118711107527223,6.420509850031572e-05,8.651006384408049e-05,0.0004608874940413029,2.8420933005178795e-05,0.0008511252358824802,0.02189584042081363,0.0005892201829722123
37,0.002477606087555611,1.0853435153826677e-06,0.0011173033071492278,0.00014082284408472367,0.0001550783840908681,2.4582040263111997e-05,0.0036920983190010925,9.596100266912092e-05,5.878721613292894e-07,0.0004561419612768211,0.00021142949984577958,0.02623666526353106,0.00018448819924894974,0.9351905747277186,0.0001814910499944839,0.0013336567574366368,0.0003900378380946695,0.0002733919779629917,6.421100766599054e-05,8.8469044294999e-05,0.00045785365260005064,1.35791609051985e-05,0.0010553478475627245,0.025739113248776844,0.00041842356259355504
38,0.003082879304452428,1.6727860145648613e-06,0.0017447577113536945,0.00024396237124498543,0.00021805234381613156,2.392271489852106e-05,0.004488475686453704,0.0001710101982508213,1.2074642057282903e-06,0.0008118442607813876,0.0004103876500205533,0.03964423340079571,0.00018921993497199836,0.9233498676671974,0.00026742925696829193,0.0011572417590893368,0.00047825857491041725,0.00019649744598339408,5.296242827813285e-05,0.000129563801716322,0.00047942877336677693,2.419311875895179e-05,0.0011913829951667868,0.02084660409633629,0.0007949442549677111
39,0.002974438982513232,2.7070356557785206e-06,0.003112813117737514,0.0002253509414283649,0.00022363148384447524,6.389626776979428e-05,0.006023351523983726,0.00032921385068885434,1.4320913380902011e-06,0.0009274105335288532,0.0003033907536803493,0.07146455605952597,0.00036416010934737716,0.8582361298925095,0.0004505837857639218,0.003204008915193216,0.0007549129783789081,0.00039397918234758764,0.0001360998502867847,0.00014943745167310927,0.0013015852409322952,4.384601675453124e-05,0.0015709946006047016,0.04718429499996994,0.0005577743345430582
40,0.004114216176656681,2.0674836602937016e-06,0.0017611326316172291,0.0002931386099871762,0.00021831655708304858,5.722749215182288e-05,0.00660306961639796,0.00031473231234460463,1.7308787661446945e-06,0.0014455285108731291,0.0003771841203419233,0.043927187991137394,0.0003775240497538597,0.8895140242154851,0.0003807877464525278,0.002426085819036341,0.0006681205681681692,0.00041904263113490026,0.00012809191118216682,0.00014778441098100856,0.0006027335611894608,3.323579144303506e-05,0.0016198144610466262,0.04389623315762139,0.0006709892954881819
41,0.002662665350464251,1.7498003858886625e-06,0.0013620625791599724,0.00023511393607430085,0.00021208028255016058,3.375012586024456e-05,0.00376978157712119,0.00017630019067115045,1.1695690112514518e-06,0.000712976069785634,0.0004067591676877798,0.03252122116266296,0.00022729924948433134,0.9325670729634523,0.00032120807058897517,0.0017595839401052498,0.0003880355229483912,0.0003550822444428429,8.389543301883549e-05,0.00012768042320312765,0.00046363261453790717,2.050718904374507e-05,0.0011370435708618523,0.019985797400840534,0.0004675315660372186
42,0.00485004326332513,5.6607429406899306e-06,0.004879906047096425,0.00046945575127810925,0.00028612542217370146,8.722867583547783e-05,0.0075259086728016325,0.0007455016026055851,2.8172788479630004e-06,0.0016639327822731836,0.0005804167981382544,0.10027044844064974,0.0005265087428003343,0.8204811874597234,0.0007275935596042669,0.005046078926100718,0.0010103560002958337,0.0004590084200648798,0.00025748720101056993,0.00018615271359703184,0.0011775697683047944,0.00010840415707961933,0.0013569397741106089,0.046592012635230586,0.0007032551641113718
43,0.003228294341108079,1.8560899821287481e-06,0.0019566563942423933,0.00023640565092878833,0.00022554963129067215,4.740272507335282e-05,0.005676905591583786,0.00022341414610268313,1.323061445321059e-06,0.0010123107544164403,0.0003467506716049434,0.0448023152173697,0.00029724332537885465,0.899780712551093,0.0003383065672255139,0.002167080445453647,0.0005967273860512627,0.00036162721327369195,0.0001021893889228027,0.000140025681108114,0.0007366079864886838,2.894121657228739e-05,0.0014911200398511572,0.035616118473631456,0.0005841154498012513
44,0.002886254541873076,1.6219465614523e-06,0.001552997545054611,0.00019719586281237685,0.00019875887747279714,3.47413613447283e-05,0.004760799512460439,0.00016781206705681188,1.05693230422746e-06,0.000732016340256466,0.0003252808847903647,0.03738862202019745,0.00022875763711176767,0.9186516907785834,0.00028843576405778305,0.0016735870538515092,0.00048592089813616763,0.0003094012668426661,8.175989343178882e-05,0.00011452169669501835,0.0005606543483370562,2.2847506475077213e-05,0.0012574957615083798,0.02751709997180355,0.0005606695309809245
45,0.003883753548748513,2.067030677014046e-06,0.002074625496054052,0.0002685039728367195,0.00022641687584465224,5.269496384587319e-05,0.007429228034965416,0.0003585544494326781,1.5853558185672852e-06,0.0011108520009929436,0.0003679966711819305,0.05173359141987129,0.0004009359078069165,0.8838951642898427,0.0003715230769574468,0.0027691668003632652,0.0006979492207136079,0.00043277513796244056,0.00012842888112361533,0.00014283719883717254,0.000670292498319296,3.6797839182400626e-05,0.001302382438429466,0.041073016910913945,0.0005688599792779453
46,0.00683639272182074,1.6172698112169519e-06,0.0033452732983922312,0.0003276792917559432,0.0002344826622048685,5.492889498221318e-05,0.009730175280519594,0.0003523578521578423,1.2921214653336748e-06,0.0013823195447702776,0.0003032805949317984,0.07712310323725556,0.0006152861387251577,0.8304530077997491,0.00021195933554345482,0.003605730402191559,0.0013943116477734981,0.0003134686734421287,0.00014633024332872324,0.0001518887268471922,0.000982900636270254,5.037414227339594e-05,0.001259819371736637,0.06049960911723668,0.000622410994814603
47,0.0020768851566040727,1.6187132448725424e-06,0.001293350253901453,0.00016961722154760155,0.00019883433189364592,3.2433993921708045e-05,0.003955880198521586,0.00013281818067280293,1.0415201027292934e-06,0.0006356559341991548,0.0003480640812533223,0.033718638244732486,0.00016265429126961127,0.9315268684309461,0.0003296637184269338,0.001270406827637503,0.00036742641839963586,0.00028912999807394023,6.161507567761253e-05,0.00011065808432201101,0.0005397093352382498,1.8889503324265572e-05,0.001333814075988958,0.020823937544384292,0.0006003888657155741
48,0.005971175115889473,2.407282313846763e-06,0.002209124501117547,0.00023296920749799082,0.00024049981198799022,7.970133666458087e-05,0.009681307965265807,0.0003280779691079223,1.548760984615709e-06,0.0015188393307017096,0.00022616943595549365,0.04497917751816023,0.0005695612895465407,0.8301665867408312,0.0002758423989704957,0.0032918562002728024,0.001199637522415601,0.0005073477832452187,0.0002526364140935323,0.00013603095344696906,0.0006770402172897432,4.740758469634613e-05,0.0015391799886045536,0.09517103410310225,0.0006948405678374409
49,0.002955254871635862,2.4206839379517652e-06,0.002507941374492523,0.0002541102262436061,0.00024044159583635862,5.365754718433119e-05,0.006181747199629244,0.00025548433449109264,1.424923525645097e-06,0.0010017071145257549,0.00036997771109505536,0.0632519350728421,0.00030253222556014825,0.880615571633384,0.0003772039035698035,0.0023920897969735436,0.000650868306275865,0.00033074284623984016,0.00010791156241417672,0.00014351290275886887,0.0008510124054126138,4.207837880592228e-05,0.0013632041113236014,0.035084836227685504,0.0006623330441566191
50,0.003687247063516148,1.1464656350477126e-06,0.0014640032498026787,0.00020363954534512947,0.00019278746154776294,3.01346529327722e-05,0.006056657930248492,0.00018576653467482302,9.97081595464929e-07,0.0008424919045946032,0.000302471545239285,0.032814610103080455,0.00028811499202292573,0.91634956403867,0.00021127988778646374,0.0016611530201207795,0.0005581964754824319,0.0003002499324155434,7.925694087730599e-05,0.00011944872644580256,0.00042865468241965246,1.9337025844025597e-05,0.0011561574474471576,0.03249932288828668,0.0005473104039686508
51,0.0037970757589266928,5.021060327533664e-07,0.0017360047095283967,0.00010283401911834078,0.0002367079557836882,3.041958952555256e-05,0.008039232956231638,9.638819588818413e-05,7.462718021376417e-07,0.0008638738988970675,0.00018039199271766902,0.025752867133365574,0.00033859367810020483,0.8972495389004815,0.0001044224772821134,0.0017230330526023037,0.000796732322194848,0.0002885211450173092,8.174498991473897e-05,0.00012830142220467228,0.0005472880885201007,1.0800899787835172e-05,0.0015380425156881047,0.05590674343499395,0.0004491924853945699
52,0.002955399338868705,1.620309439726136e-06,0.0015426204679479165,0.00020727566130366126,0.0002002699509739705,3.5978446414485944e-05,0.004706186179720167,0.0001775256742438289,1.0945523419522498e-06,0.0007870300960775581,0.0003377831543717632,0.037370629237277166,0.00024028271332496046,0.9184004128944502,0.0002956293758653999,0.0017159444976925869,0.00048561294900085843,0.00032395352432151446,8.46894143806009e-05,0.00011954139608575527,0.0005502176986315115,2.2934272824026067e-05,0.0012606786831822342,0.027626059158445147,0.0005506303528144461
53,0.004867900325172047,3.4232195474817927e-06,0.002195392107311028,0.0002627319067013022,0.00022397913781384992,5.737077259144908e-05,0.00458419281223633,0.00030943063898028977,1.5281706175724004e-06,0.0011097482706953251,0.00035374507502759946,0.04348833599387154,0.00037122005669169584,0.8904297406577184,0.0004084458217724865,0.0027061385855303346,0.000746054200016598,0.0004524287159770173,0.0002205753947163779,0.00012695796557722316,0.000619400416433713,4.4863913243057823e-05,0.0012165112749830188,0.04459464513682189,0.0006052394299524833
54,0.005823464278652727,4.34686459906005e-07,0.010253686123602907,0.00033537864009760063,0.00034268612186637526,4.674423936754136e-05,0.006924421620321511,0.0004540421253024658,1.2223979418959436e-06,0.0028122273333231937,0.0005693328250505497,0.08754186964276325,0.0018733572220011353,0.8079272238366431,0.00019002000618325836,0.006793044014344892,0.0013908091643738078,0.0005319861251889028,0.00011770604626951409,0.0006344197234243235,0.0025551718644987328,1.5639933645225663e-05,0.002289140719797505,0.06039491300566763,0.0001810583032121923
55,0.002384470463390122,1.1551105368333513e-06,0.0012109070556517642,0.00018531358192248228,0.00018893137380339607,3.396038399727493e-05,0.006130791929987762,0.00023867914759113744,1.2158464251256923e-06,0.0006553189210512109,0.00026706234423648864,0.05830665123365649,0.0002932493047093014,0.8982322748290765,0.00023639739313723818,0.0017209989167808757,0.00046576948870704916,0.0003270099363443731,5.558953110044352e-05,0.00012409679792166667,0.0004543363120994861,2.217099280558697e-05,0.0010984550664750303,0.02682353564198708,0.0005416583966051792
56,0.003095491143209655,1.6098706599675132e-06,0.0016025887495900537,0.00020964087119739431,0.0002022299049499933,3.6753988062365275e-05,0.005001251433706148,0.00018468515533469375,1.091886392613969e-06,0.0007827329886545016,0.00032205880237630685,0.03785730038190707,0.00026773220054682634,0.9149421806821197,0.000278238919773133,0.001838472779507878,0.0005185532460583297,0.0003337911225688491,8.915280292353894e-05,0.00012291900625035804,0.0005567304143588298,2.3269717440310228e-05,0.001260336404218309,0.02992892124165581,0.0005422662865372592
57,0.002961001250407756,1.9108951475555453e-06,0.003121055460439104,0.00023398193277396903,0.00028136062114251045,4.790318133526352e-05,0.006368872661313073,0.00024775082668890156,1.3946834656950337e-06,0.0010252410804030086,0.00037373522281672626,0.06415450769872427,0.00036683016160775133,0.8778792873285189,0.00030124609124014876,0.002488669774650687,0.0007312734583387532,0.0003213806797277776,0.0001011257451960848,0.00018341955439616012,0.0008954601346842054,3.5220186531786326e-05,0.0013601312743711698,0.03591436576109562,0.0006028743349830512
58,0.003120122119191627,1.6238969584598034e-06,0.0016993460430013816,0.0001942867818037933,0.00020079220362299218,4.098714382807959e-05,0.005326937935330617,0.0001807317782007461,1.0812229888282003e-06,0.0008421116635428408,0.0002789666146330505,0.038692820683545806,0.0002813713324710017,0.9057112634452489,0.0002723414235342494,0.0019328321009163677,0.0005624881364306855,0.0003382220039803221,9.707282185026949e-05,0.00012235396170155773,0.000617798562465395,2.3920447776814144e-05,0.0013956042142264985,0.037510579617448275,0.0005543438453017444
59,0.0029934876495410017,1.5917249256206982e-06,0.001845064245369998,0.00019188817531989345,0.00020612703900290628,3.966044905536616e-05,0.005358034861141983,0.00018001474340951894,1.0542579140239253e-06,0.0008086537675497527,0.0002843887536557607,0.040560941229347364,0.0002806580931676949,0.9049991063832498,0.00027119427047212993,0.0019492898433191696,0.000566645694242627,0.0003284116248581465,9.224479985717375e-05,0.00012759235562274555,0.0006662108003641394,2.3805676655004584e-05,0.0013870897442385334,0.03629198139831082,0.0005448624194088293
60,0.002886254541873076,1.6219465614523e-06,0.001552997545054611,0.00019719586281237685,0.00019875887747279714,3.47413613447283e-05,0.004760799512460439,0.00016781206705681188,1.05693230422746e-06,0.000732016340256466,0.0003252808847903647,0.03738862202019745,0.00022875763711176767,0.9186516907785834,0.00028843576405778305,0.0016735870538515092,0.00048592089813616763,0.0003094012668426661,8.175989343178882e-05,0.00011452169669501835,0.0005606543483370562,2.2847506475077213e-05,0.0012574957615083798,0.02751709997180355,0.0005606695309809245
61,0.002976225892784147,1.6166233084194568e-06,0.0018013724033141398,0.0001869631046956991,0.000207545524673631,3.812160925655301e-05,0.005139894051834259,0.00017089297917995838,1.0708376183464706e-06,0.0007810618855614919,0.00029922364410798124,0.039251957217201414,0.00025845026674551155,0.9096716593281244,0.00027818449180514273,0.0018398514492997695,0.0005493189534809572,0.0003193041569934881,9.024803340601471e-05,0.0001225581029390922,0.0006479718130042311,2.3542096475060192e-05,0.0013752754088927964,0.03340741537445122,0.0005602747508461623
62,0.002886254541873076,1.6219465614523e-06,0.001552997545054611,0.00019719586281237685,0.00019875887747279714,3.47413613447283e-05,0.004760799512460439,0.00016781206705681188,1.05693230422746e-06,0.000732016340256466,0.0003252808847903647,0.03738862202019745,0.00022875763711176767,0.9186516907785834,0.00028843576405778305,0.0016735870538515092,0.00048592089813616763,0.0003094012668426661,8.175989343178882e-05,0.00011452169669501835,0.0005606543483370562,2.2847506475077213e-05,0.0012574957615083798,0.02751709997180355,0.0005606695309809245
63,0.002882833552043385,2.0144349273771066e-06,0.0015224274089193693,0.00020129125523541647,0.0002051494786415126,3.840682674126926e-05,0.004653729906043534,0.0001688271856179586,1.1479526680259869e-06,0.0007187174708132328,0.0003329273397102006,0.03712550687422195,0.00021970039658260747,0.9186941569835134,0.0003257293635632752,0.001702160638373731,0.0004889164573086853,0.00033057305172806223,9.231970425949514e-05,0.00011099652005037579,0.0005724587697653768,2.6050593863258428e-05,0.0012979449433236773,0.027679073231749056,0.0006069396603359122
64,0.0027311441250155535,1.638576920687274e-06,0.001903131324787876,0.00018706461652713398,0.000205379994154927,3.645187097499664e-05,0.00463896714561379,0.0001587798548105377,1.0323798500170754e-06,0.0007086634607579592,0.00031455325452921,0.04283802478688778,0.0002271827034629115,0.9115332116253065,0.00029480686313021275,0.0017778619273334279,0.0005211115260101989,0.0002921245969290497,7.915654422297621e-05,0.00012010660323128969,0.0007627582174617965,2.3673394477490358e-05,0.0013881557032057804,0.028703990630683823,0.0005510282737141319
65,0.0016202133866988321,2.1226828794959398e-06,0.001128857297683891,0.00013576556831936904,0.00017349144715489198,3.498448848314769e-05,0.0035217492193874485,8.762513539211914e-05,7.836686139857844e-07,0.0004634483785581649,0.0002012003517036591,0.031101952458449145,0.00013179218166789792,0.9280931949851755,0.00029448033189503426,0.0010905066373500612,0.0003584139493451072,0.0002635609485813212,5.961436942532767e-05,9.475349271291136e-05,0.0006308812463552922,1.9300130390686287e-05,0.001589925280147152,0.02817082716885782,0.0007305551947717659
66,0.002147304288515516,2.7467317536070687e-06,0.0010498316619227384,0.0001709153238156104,0.0001389188077799032,3.3514772618724916e-05,0.0030289118471882163,0.00016315371660591976,1.0549762001774883e-06,0.0005471734984928647,0.0003324354266532104,0.04001796494952775,0.0001261349586016447,0.9269030953268947,0.000515564159337277,0.0011727338219973144,0.00032533502299363505,0.00029237485671640314,7.196474600695635e-05,7.28562878304594e-05,0.0005288731924512224,2.7812156363821777e-05,0.001245521699176225,0.020388211007399244,0.0006955967631565658
67,0.004405070802494778,1.3410701521156447e-06,0.0019054948395630317,0.0003084090432579429,0.00025715124451371283,3.1716148342022984e-05,0.006035789586462433,0.0002998860460341583,1.6022560933000019e-06,0.0011418776673135077,0.0005769334164721474,0.04207463334123511,0.00033696105692585806,0.9145756312942172,0.00031073191244233194,0.002266991662837903,0.0005538177803505484,0.00035853929606680335,9.267960844477082e-05,0.00014591925681866814,0.0004706100431427848,2.6306884182696875e-05,0.001056631899509449,0.02231545124522398,0.00044982259790292845
68,0.0019334282205082313,1.822741532891562e-06,0.0019394395017387715,0.00018004932846823918,0.0002019705857099385,5.303370004091515e-05,0.00627838455178962,0.0002168404002185712,1.1385684143453273e-06,0.0008024020276730268,0.00028816222869102587,0.07102133448410008,0.00021639096028705916,0.877097479924597,0.00040378639396849856,0.001735075803520617,0.0005198400481021635,0.00029052395436633487,6.24026682966019e-05,0.00012302343476841646,0.0010717015764808138,3.227519926040192e-05,0.0015183409532052235,0.03333520574125921,0.0006759470030020435
69,0.0024243263017949524,1.928214998570603e-06,0.001774685143883387,0.00024315553178622153,0.00022154889956455025,3.010140896760549e-05,0.0035905522810535805,0.00018488973364048843,1.3987561517730888e-06,0.0007881707750478876,0.0006678556941878491,0.04585566085414711,0.00017225946635221592,0.9242100093878586,0.00051027598313878,0.0012459741896887716,0.00039936578142649734,0.0002972941267885154,5.316997190551069e-05,0.00014571167827970443,0.0007692916174250087,2.4106989020508448e-05,0.0015624863906665105,0.014119925326337634,0.0007058554958875717
70,0.0032262301866916314,1.5881973846076497e-06,0.0013367461632863675,0.00014523201300757716,0.00017436767550999587,3.033367958598228e-05,0.0045212065078191425,0.00013981060502511787,9.284491345645287e-07,0.0006135775201341396,0.00026105311307299636,0.033076214830567496,0.00019920939467635724,0.9194841548061817,0.0002697352355550241,0.0013795856371318514,0.0005157687796220941,0.0002984416919635568,8.367641704359149e-05,8.7180376138164e-05,0.0005440700257618616,2.1412810961323916e-05,0.001301398387791407,0.031679489901567895,0.0006085875943855648
71,0.002342520328934567,1.9060632431395578e-06,0.001553277624006839,0.00017805343577845614,0.00017707014656081135,3.2858228423460366e-05,0.0033391402465568847,0.00013677715994954805,9.029256081775352e-07,0.000593139747401658,0.00033236776435065376,0.038471271858903186,0.00018018298595731273,0.924902140924806,0.0003391020663016343,0.001544699228329563,0.0003970523507329691,0.0002991758018203483,7.873418796601386e-05,0.00010204831011922446,0.0006341547774319855,2.2555850266820215e-05,0.0012442566505520957,0.0225803641196206,0.0005162472163779566
