,0,1,2,3,4,5,6,7,8,9,10,11,12,13,14,15,16,17,18,19,20,21,22,23,24
0,1.3868783181493049e-05,0.008002683154126935,2.37571335271017e-05,0.6409461664964393,1.0609409399353055e-07,5.169598926877699e-06,0.0002617420400544095,0.0005240850076897159,0.00020229004672252905,0.0017376387291954442,1.6877919428482836e-05,0.06065187204604726,7.893098002105765e-07,0.2745519514829338,3.454243077402506e-07,4.306677356489594e-05,2.229624326284281e-05,0.0035640738452116637,1.6629527918368413e-05,2.0792245446756964e-05,0.0031326166230844004,0.005881354237375665,0.00018030841484274632,1.4096107197711045e-05,0.0001854227156192968
1,1.660430139340664e-05,0.009094461921362288,3.191120850027152e-05,0.654038064267307,1.0511402335403504e-07,5.994960548370379e-06,0.00031371153217967445,0.0005749623824107922,0.0002266947183055009,0.0023233256489826877,1.5055839146496392e-05,0.06389945895105974,8.159066864329916e-07,0.25641182691091674,3.840351391436134e-07,5.0354351971581796e-05,1.8886137004746908e-05,0.003751166060038741,1.9221496691438207e-05,2.094955100300951e-05,0.003222092663968316,0.005565499522215524,0.00017817551851549758,1.5185269769320046e-05,0.0002050917308597535
2,1.5718956114244483e-05,0.008588818803224615,2.4060335347051214e-05,0.6015069812316491,1.2820644796524146e-07,4.680534717967301e-06,0.0003015833935622666,0.0004921858421910306,0.00019037640111382553,0.0019178832746193062,1.571658280480066e-05,0.06198321895481676,7.8943439827543e-07,0.3127269920335973,3.624556960214837e-07,4.243445057320396e-05,2.1450028832644496e-05,0.003585874933472351,1.4164298450183023e-05,2.303984950648139e-05,0.0029117435095216476,0.005198305900832779,0.00019105612632425262,1.2318350604931819e-05,0.0002301161115810232
3,1.3152392173822317e-05,0.0076438720384512165,2.2639617362047478e-05,0.6464711731283821,9.323543534592365e-08,4.49772491287078e-06,0.00026112688777042123,0.00047055754449773073,0.0001779707155116579,0.0018181651538868593,1.4777787975604936e-05,0.05925392993923807,6.977595524103172e-07,0.27160869810961485,2.949072118822092e-07,3.730931603921318e-05,1.9797985818077615e-05,0.003537471136051823,1.3881653834397197e-05,1.8909361947200565e-05,0.002890876817792542,0.0053438673806472815,0.00017502856231838313,1.2394778561879484e-05,0.0001888160650122457
4,1.2599015488280821e-05,0.007928413317593091,2.3932229567824864e-05,0.6647014712118737,9.095983712011957e-08,4.765574417761899e-06,0.0002707760164777957,0.0005248089404869636,0.0001762539292433799,0.0020263827076923333,1.5253040230521544e-05,0.053012540460147944,5.630326531971864e-07,0.259276482022937,3.15364006690892e-07,3.93537005539878e-05,1.7637544193759314e-05,0.0034887255456089736,1.4422242404089877e-05,1.8473407263977975e-05,0.002789261158514409,0.005288638100019189,0.00017833727738313188,1.2338898212677919e-05,0.00017816430319205948
5,1.1687332865862905e-05,0.0065924490104878435,1.8438908903501804e-05,0.6693543137291924,7.279068387792677e-08,3.8027459824426664e-06,0.00021277547561761865,0.00036769091846747476,0.00015572885084195922,0.0016911754364254857,1.1986632866186934e-05,0.05628563983133264,6.603340590709958e-07,0.25339712481518545,2.276001974526386e-07,3.152476899255381e-05,1.9320499827905466e-05,0.0037383235534377223,1.0874810068975118e-05,1.752632508262777e-05,0.0027509223632033787,0.004982475471267369,0.00015519190418222334,1.120838462810335e-05,0.0001788575062000886
6,1.3152392173822317e-05,0.0076438720384512165,2.2639617362047478e-05,0.6464711731283821,9.323543534592365e-08,4.49772491287078e-06,0.00026112688777042123,0.00047055754449773073,0.0001779707155116579,0.0018181651538868593,1.4777787975604936e-05,0.05925392993923807,6.977595524103172e-07,0.27160869810961485,2.949072118822092e-07,3.730931603921318e-05,1.9797985818077615e-05,0.003537471136051823,1.3881653834397197e-05,1.8909361947200565e-05,0.002890876817792542,0.0053438673806472815,0.00017502856231838313,1.2394778561879484e-05,0.0001888160650122457
7,3.3074704176100956e-05,0.010876045343857764,5.077591369393177e-05,0.6312369751827931,1.5327896411818032e-07,6.314393921707889e-06,0.00045205835690946875,0.0006231465538635452,0.00023732853772265766,0.0026778190200362657,1.914238773405276e-05,0.07667245090313082,1.2513596120559192e-06,0.26464795743461406,3.0428657565121036e-07,4.385874375328885e-05,2.3273097811490663e-05,0.00448555825925638,2.5505588970382638e-05,2.430075421818026e-05,0.0029639437430783932,0.004388671798231988,0.00023049773354712674,2.2219871771688094e-05,0.0002573727517558357
8,1.3132258946059523e-05,0.007708188770800833,2.2773753066522586e-05,0.6503695348192695,9.230478766535292e-08,4.425010535320343e-06,0.0002588986169920374,0.00045947067203447605,0.00017318096519406456,0.0018335475926014382,1.4363723454701642e-05,0.057901306644149754,6.819798393698289e-07,0.26955712961971845,2.7888951196333343e-07,3.6176337508726e-05,1.9119913023567244e-05,0.0034249942027386312,1.3427703523251574e-05,1.8936024263054344e-05,0.00277999696734561,0.005014451306114414,0.00017728981891017393,1.2284566767313042e-05,0.0001863175389030862
9,0.00016078086684382896,0.003805625019401413,1.5300351460602903e-05,0.04319017187193826,2.4967609969888618e-06,1.6558867267934453e-05,0.0006866147920946154,0.0068947211367193185,0.0009673826745116575,0.00024071680028727076,0.000567149749729956,0.10160804331345098,5.791839288037462e-06,0.6302622302274481,1.934417147670215e-05,0.00019114892447367375,0.0005930229191670756,0.03909763533434665,0.0005128262693323967,1.279780041150412e-05,0.003899472870070087,0.16660507906319988,6.058948148144935e-05,2.2975136963053023e-05,0.000561523757638747
10,1.3152392173822317e-05,0.0076438720384512165,2.2639617362047478e-05,0.6464711731283821,9.323543534592365e-08,4.49772491287078e-06,0.00026112688777042123,0.00047055754449773073,0.0001779707155116579,0.0018181651538868593,1.4777787975604936e-05,0.05925392993923807,6.977595524103172e-07,0.27160869810961485,2.949072118822092e-07,3.730931603921318e-05,1.9797985818077615e-05,0.003537471136051823,1.3881653834397197e-05,1.8909361947200565e-05,0.002890876817792542,0.0053438673806472815,0.00017502856231838313,1.2394778561879484e-05,0.0001888160650122457
11,1.3749219370764655e-05,0.007597632920788462,2.3206865015045857e-05,0.6434237744268891,9.779303879310658e-08,4.542423531672364e-06,0.0002642941258373427,0.0004635308075276671,0.00018157495437147515,0.0017895835148674286,1.486910588521987e-05,0.06215540432087693,7.997004881274938e-07,0.27175087241183854,2.9086844675980135e-07,3.7686811662655304e-05,2.106229853899644e-05,0.003566043854848932,1.4139172286661315e-05,1.9965491499291898e-05,0.0029678692813259718,0.005303412158049883,0.00017908280438374514,1.3079722283518742e-05,0.00019343494634699982
12,1.2514654454166933e-05,0.007435448435657493,1.8289783476448798e-05,0.6186823531979535,8.858387271096921e-08,4.043953298334549e-06,0.00022868859513721076,0.00039581658579596274,0.00015404395433133935,0.0017935329634766021,1.2497839747527233e-05,0.053887896549462626,6.584238415810776e-07,0.30557354723242025,2.3897208220943754e-07,3.256988952042837e-05,2.087823580292648e-05,0.0036311961246330055,1.1562084674308728e-05,1.8519776048216547e-05,0.00278207713223653,0.004935231932184505,0.0001658902227857185,1.0391431274692199e-05,0.00019202344583185346
13,8.86866369584126e-06,0.005795938843324103,1.704685128089928e-05,0.6001885435630258,8.608558405806089e-08,3.448377346018148e-06,0.0002346841591551894,0.0004984812794456505,0.0001509521289755632,0.0011056168441406877,1.992557600577141e-05,0.06724892816798962,6.677569542416915e-07,0.3131398176454195,2.867880482883389e-07,3.0759121927392134e-05,1.9497628793544573e-05,0.002830021180441703,1.1270199872041058e-05,1.5798659103900696e-05,0.0025485691364377306,0.005792963248334916,0.0001694402670960949,1.0051240237808663e-05,0.00015833658736360363
14,1.2800646574042246e-05,0.0071519902157099625,2.3273711051996765e-05,0.6553679366434906,8.759665896868693e-08,4.396696849828574e-06,0.00025344733246810574,0.0004770974996618079,0.00017838582089616878,0.0017559692364223771,1.4293586901388874e-05,0.060985333344947205,7.143406280284139e-07,0.26139061203776137,2.978771105819371e-07,3.791158292537943e-05,1.978875979290226e-05,0.003532503662681222,1.340575645747894e-05,1.8947481136866724e-05,0.0029440673336674377,0.00544693276054992,0.00016983098041244341,1.2121765520847934e-05,0.00018785332972316376
15,1.3152392173822317e-05,0.0076438720384512165,2.2639617362047478e-05,0.6464711731283821,9.323543534592365e-08,4.49772491287078e-06,0.00026112688777042123,0.00047055754449773073,0.0001779707155116579,0.0018181651538868593,1.4777787975604936e-05,0.05925392993923807,6.977595524103172e-07,0.27160869810961485,2.949072118822092e-07,3.730931603921318e-05,1.9797985818077615e-05,0.003537471136051823,1.3881653834397197e-05,1.8909361947200565e-05,0.002890876817792542,0.0053438673806472815,0.00017502856231838313,1.2394778561879484e-05,0.0001888160650122457
16,3.2240981329038114e-05,0.010266786565944498,5.963084177198818e-05,0.7161726200487515,2.0870921240600753e-07,1.1115913462814496e-05,0.0002565201664468777,0.0007600063216362011,0.0002625556808319816,0.0011588904916618149,4.808424445651874e-05,0.02961866965559726,7.432495798199647e-07,0.23500416340474706,2.8928463075292946e-07,4.6628749010433986e-05,1.9663348620712357e-05,0.0026139070470144635,2.6544996821690934e-05,2.1928526107445485e-05,0.0009131051575361759,0.0023100329378997085,0.0002470241171053929,3.166485779190382e-05,0.00011697470203166857
17,2.6909338849242593e-05,0.013522544928395367,6.117453397202619e-05,0.7160221880859378,1.1722874172260754e-07,1.087759345324384e-05,0.00043818274087364494,0.0006960064127236335,0.00037776611478171774,0.0032428730983495246,2.040639937750929e-05,0.058799543490149556,6.525412047305014e-07,0.1931386493212895,6.205308179625575e-07,6.594696528837708e-05,1.3746284147344143e-05,0.004376816985124244,3.659907810211325e-05,1.7749733964725252e-05,0.003385122819000053,0.00534148065296605,0.00016214985476870622,2.4392486972410116e-05,0.00021748278074890795
18,1.260408891794926e-05,0.006680806746102369,1.6011832104218143e-05,0.5834675065782221,8.1732858020935e-08,3.115001542455488e-06,0.0002364056799000103,0.0003367210304614392,0.00013386308985764684,0.0019638946819083066,9.777709022396552e-06,0.06259733693098532,7.247689972840853e-07,0.3308620693461708,2.1774813006958934e-07,2.8336903619782178e-05,2.3915531559820043e-05,0.004399146425614978,9.279637777144235e-06,1.9269729736566284e-05,0.0032775419000497246,0.005509426811626676,0.00016021187335319556,8.400580630663315e-06,0.00024333364085105358
19,1.2153825832734481e-05,0.007441055107952134,2.2764579803718828e-05,0.6537875752779334,8.799921013120147e-08,4.047176744473206e-06,0.0002763466229355021,0.00046089158946698326,0.00017716248554705986,0.0017449196203130361,1.3780099270087718e-05,0.06454926432206037,6.988701746714902e-07,0.25954276048390057,2.977509755257734e-07,3.571316466780943e-05,1.826265707719197e-05,0.0032837428702520354,1.2744170852313646e-05,1.8003776448705966e-05,0.0029017235846104067,0.005324952402746168,0.00016880481150979046,1.1468887552947205e-05,0.00019077786216222932
20,0.0001929278190937821,0.05244412212163005,2.665297062747449e-05,0.3943919147547678,4.801699208073386e-07,1.421108039652225e-05,0.00013572018826642148,2.4067327381470263e-05,0.0001637296478705516,0.003943790957818873,3.6617372360805715e-06,0.014370015520758521,1.8676802449167434e-06,0.5294518787581667,5.946144427815135e-09,7.950303999857507e-06,1.7549959755060105e-05,0.0030469593857370553,1.5420450395235906e-05,4.154389694026239e-05,0.0009209469162971917,8.438762263666123e-05,0.00039062195406095867,5.98991273948828e-05,0.0002496737024584623
21,1.567546209139347e-05,0.008112850094637315,2.8638907903430397e-05,0.6670995099001453,1.1589009820341943e-07,5.2269003514326864e-06,0.0003128564320643982,0.000606026036389768,0.00017894329505247237,0.0021427767234531003,2.1835711053150337e-05,0.059927722221354895,7.775592530794598e-07,0.24577648473810387,3.801243611298534e-07,3.641355961914784e-05,2.9782936750996156e-05,0.004085067464129666,2.0550086711420987e-05,2.19861021054405e-05,0.0035085897145571677,0.007581105075931256,0.00025536674669063443,1.656580716543542e-05,0.0002147525100256711
22,6.392222867579339e-06,0.009449563459137436,2.0311705676653613e-05,0.6664518360953513,8.173147532249813e-08,3.130870434885811e-06,0.00035726089915276194,0.00040427934735554717,0.00016487810834793273,0.0015748098444350485,9.79692418537339e-06,0.07562794730397031,5.921584560875447e-07,0.23917167947132692,2.439566321305689e-07,2.8598500477947692e-05,7.580259192731859e-06,0.0011554281084377649,1.0498966970508914e-05,1.6382512138183356e-05,0.0022482861689804763,0.0029420038177902963,0.0001998631091954905,9.99591185006114e-06,0.00013855854616127354
23,1.3152392173822317e-05,0.0076438720384512165,2.2639617362047478e-05,0.6464711731283821,9.323543534592365e-08,4.49772491287078e-06,0.00026112688777042123,0.00047055754449773073,0.0001779707155116579,0.0018181651538868593,1.4777787975604936e-05,0.05925392993923807,6.977595524103172e-07,0.27160869810961485,2.949072118822092e-07,3.730931603921318e-05,1.9797985818077615e-05,0.003537471136051823,1.3881653834397197e-05,1.8909361947200565e-05,0.002890876817792542,0.0053438673806472815,0.00017502856231838313,1.2394778561879484e-05,0.0001888160650122457
24,2.232395028793027e-05,0.007953970706651197,9.124146382819952e-05,0.6456590051470861,1.8442882994340174e-07,8.946967385150007e-06,0.0008680716643926481,0.001501789797554541,0.0004691616736752312,0.0023863377190459813,4.2497647088892564e-05,0.13381704068427874,1.202199934042993e-06,0.17846504455351372,1.9244438004222686e-06,8.634992612539826e-05,2.471175213255781e-05,0.00499744871948754,4.39843236277169e-05,2.1023786694434678e-05,0.007726847234610638,0.015185135114311021,0.00024289020289828666,2.4267003527319993e-05,0.00035859888923245884
25,9.994362531066888e-06,0.0064665440588746285,1.87242198669426e-05,0.6364700080201774,8.918968173966305e-08,4.051344756063471e-06,0.00024090727944262768,0.0005256899575793838,0.0001524348144041226,0.0014381432329609604,1.7237705061433144e-05,0.0524831391762015,5.711833191291078e-07,0.2914645553589688,2.65300972477175e-07,3.418427071758399e-05,1.7901213902037017e-05,0.003018107781082108,1.168973634276372e-05,1.6774580404946722e-05,0.0023837933944995675,0.0048960914045763654,0.00016804236710612935,1.065269127244439e-05,0.0001504073552977657
26,2.4722386535749773e-05,0.009029352434799123,3.056055523142309e-05,0.6999411838993826,1.2363434521129244e-07,6.015423357363905e-06,0.00022100068828880803,0.00035949234314544695,0.000208821988672029,0.0019963958579717403,1.6565013247833147e-05,0.05339816586790881,1.1407374452224572e-06,0.22300233053509805,1.8633391088978987e-07,3.708388196595139e-05,2.7661208182044776e-05,0.004286464076414616,1.893776070625053e-05,2.7448753193303058e-05,0.002843767001226534,0.004060522238788779,0.0002533614925713506,2.7473146119965824e-05,0.00018122274149063027
27,1.1527701219628973e-05,0.007239158662250755,2.041028316512008e-05,0.6491173253452348,8.75214373443252e-08,4.5346541262439554e-06,0.00024028529014737156,0.0005082349282360419,0.00018481212410951262,0.0016598875440856401,1.6476191028498856e-05,0.0590315894666516,6.490366949699165e-07,0.26800461881473314,3.5853147749463615e-07,4.0052425449353944e-05,2.135695084914435e-05,0.0035847070890588075,1.4735558067352626e-05,1.8146288869243727e-05,0.002990546858169125,0.006930425227963704,0.00016931051276492459,1.2159566878649973e-05,0.00017860342733137203
28,1.3152392173822317e-05,0.0076438720384512165,2.2639617362047478e-05,0.6464711731283821,9.323543534592365e-08,4.49772491287078e-06,0.00026112688777042123,0.00047055754449773073,0.0001779707155116579,0.0018181651538868593,1.4777787975604936e-05,0.05925392993923807,6.977595524103172e-07,0.27160869810961485,2.949072118822092e-07,3.730931603921318e-05,1.9797985818077615e-05,0.003537471136051823,1.3881653834397197e-05,1.8909361947200565e-05,0.002890876817792542,0.0053438673806472815,0.00017502856231838313,1.2394778561879484e-05,0.0001888160650122457
29,1.3152392173822317e-05,0.0076438720384512165,2.2639617362047478e-05,0.6464711731283821,9.323543534592365e-08,4.49772491287078e-06,0.00026112688777042123,0.00047055754449773073,0.0001779707155116579,0.0018181651538868593,1.4777787975604936e-05,0.05925392993923807,6.977595524103172e-07,0.27160869810961485,2.949072118822092e-07,3.730931603921318e-05,1.9797985818077615e-05,0.003537471136051823,1.3881653834397197e-05,1.8909361947200565e-05,0.002890876817792542,0.0053438673806472815,0.00017502856231838313,1.2394778561879484e-05,0.0001888160650122457
30,1.3152392173822317e-05,0.0076438720384512165,2.2639617362047478e-05,0.6464711731283821,9.323543534592365e-08,4.49772491287078e-06,0.00026112688777042123,0.00047055754449773073,0.0001779707155116579,0.0018181651538868593,1.4777787975604936e-05,0.05925392993923807,6.977595524103172e-07,0.27160869810961485,2.949072118822092e-07,3.730931603921318e-05,1.9797985818077615e-05,0.003537471136051823,1.3881653834397197e-05,1.8909361947200565e-05,0.002890876817792542,0.0053438673806472815,0.00017502856231838313,1.2394778561879484e-05,0.0001888160650122457
31,2.1987387633645802e-05,0.008739355812783456,3.412606481816416e-05,0.6422668719588306,1.1700215037580448e-07,4.8741673770855245e-06,0.000358084854853912,0.0006677658493397968,0.00017840987598637977,0.002430209122732039,1.5512359318873717e-05,0.05970327151340745,8.552035094432247e-07,0.27313947130561717,2.694533999475082e-07,3.829172964371075e-05,2.3257042274035063e-05,0.004361007776121297,1.7791025229780416e-05,2.0652769952779717e-05,0.0028174034073345897,0.0047351726294529274,0.00019319133459398227,1.3652001775149801e-05,0.0002183983518635582
32,1.4636473976146858e-05,0.008235682882874887,2.4242024233327844e-05,0.642666071684332,9.911047817764305e-08,4.92993082551256e-06,0.00027145547642372776,0.0004945944847883147,0.00019319128660291016,0.0019233393080548954,1.573038750668077e-05,0.061325492759909,7.544787792329469e-07,0.2717583433342891,3.188058596442884e-07,3.944947812121436e-05,2.1347927327551157e-05,0.0037523112548133015,1.634301454822295e-05,1.9600547742621186e-05,0.0030609593927979047,0.005770695673845163,0.0001811721603622346,1.375978170931178e-05,0.0001954783397987152
33,2.171609917556974e-05,0.011738936909872374,4.917266734353851e-05,0.6886691783875344,9.851341435672295e-08,4.667089069262591e-06,0.0004930677929589253,0.0004312046590674623,0.00032368305048419464,0.002259024680047491,1.2981581457684313e-05,0.09305878384542733,5.793896183041329e-07,0.18969089705080916,6.039189206326307e-07,3.887187109662927e-05,1.1756878076507201e-05,0.0037419043074888698,1.649776276003977e-05,1.4759825458194e-05,0.003852315994645605,0.005082089330171182,0.000137188795947553,1.1741309153350735e-05,0.0003382782900014835
34,3.9576151676646183e-07,0.0012560505767812474,2.1036033574985753e-06,0.7528158555622242,1.1953044456701395e-08,7.732664810063802e-07,6.18403853580125e-05,0.0001520337201420276,1.2224452267369197e-05,0.0018947817306381382,2.3114542530976174e-06,0.013227947976607788,7.877246602621435e-08,0.22594641415649694,5.979008152800881e-08,1.1844647909248117e-05,5.100604957447376e-06,0.0011197993650007884,4.90246025722639e-07,1.4059328003016563e-05,0.0011540184349709106,0.0021051941396000662,0.0001457951900716608,1.2471633348166802e-06,6.956771841037297e-05
35,8.700495233705208e-06,0.007675239203450789,1.7946693239307827e-05,0.6277774372403804,9.613640733236011e-08,4.659833309645261e-06,0.00021467974032121772,0.0004306916294226131,0.00015119481653547525,0.0016259239682719093,1.623256826157657e-05,0.051279507551947046,6.271632833224108e-07,0.30036549691153636,3.229731821411022e-07,3.76837940405206e-05,1.8357149652867685e-05,0.0024364477003039693,1.2620609027368021e-05,2.181795784837204e-05,0.0025403856824185445,0.0049828918425450395,0.00020598542599275033,1.1660121898808866e-05,0.00016339279148890127
36,1.4805300064014753e-05,0.006039012582953317,2.4095597913502796e-05,0.5762875141545195,8.466563472577128e-08,3.734924695873575e-06,0.00030279428974503753,0.0007194964359873453,0.0001975649741223794,0.0012888035625020166,1.587153287624966e-05,0.10040697644052679,1.0879940493596075e-06,0.299852951479952,4.029019049348271e-07,4.677749215743978e-05,2.3432648127154958e-05,0.003784003980766808,1.6381725678973402e-05,1.636899542353067e-05,0.002861467496323436,0.00775479369698683,0.00012326197617822313,1.0209836769220777e-05,0.0002081053141412582
37,7.92383770074732e-06,0.006655396790458352,1.7855939154018724e-05,0.5958481050385079,8.773658217936077e-08,4.671680625554128e-06,0.0002342220959914319,0.0005837917255903652,0.00016649020894397197,0.0015184584070008717,1.6225404889737783e-05,0.055124955358835125,5.468269191585492e-07,0.3274693016245454,4.448230258567858e-07,4.351305333588718e-05,1.7858675366807947e-05,0.002755306919326394,1.2473595881810719e-05,1.758883584608498e-05,0.0028622299056728713,0.00630790739161021,0.00015310201863867373,8.233945380366646e-06,0.0001733081601701442
38,1.815482660527733e-05,0.008999175394324278,2.9963011011629004e-05,0.6337205491099842,1.1857401113964455e-07,5.829272628924391e-06,0.00032982282479919315,0.0005281516586798786,0.00022601884482761173,0.0021390850361475183,1.6750281601516235e-05,0.06402053223921694,8.067517698261219e-07,0.2769535734056538,3.841221045053047e-07,4.657028904568145e-05,1.983544873802709e-05,0.004019258764194308,1.810942704255196e-05,1.9843292071098246e-05,0.003034426704789798,0.005435868928520504,0.00017817494791512648,1.4999890076745254e-05,0.0002239969542398846
39,1.4797425626730669e-05,0.005499303860600575,3.51993016248072e-05,0.6876764758559916,9.245767670975025e-08,7.88759803121031e-06,0.000277920224112116,0.0008524947008108032,0.0002219578503869451,0.002285383209813586,1.7307100476695403e-05,0.06321663768577106,1.176426918095137e-06,0.2214677512116103,4.786742912866824e-07,6.518177362719372e-05,3.0634142590812156e-05,0.005263870602316415,2.267188103997408e-05,2.3344371861631947e-05,0.004651825074435044,0.007988057394476035,0.000163238641510837,1.6369407042518037e-05,0.00019994312735718226
40,1.0982289119643498e-05,0.006341481570521985,1.7951975076992945e-05,0.6986159025156777,7.848444807605427e-08,4.311252239917159e-06,0.00019601768550109137,0.00043533818608630106,0.00013496409592133688,0.0019249841901088417,1.28599938854391e-05,0.040969213849135246,5.646875699406525e-07,0.2399954181316675,1.9919630141050222e-07,3.416218921585675e-05,2.05062107349933e-05,0.0037282800126604725,1.1225822353555957e-05,2.0121083951293833e-05,0.0026374743039837612,0.004547901666342574,0.00018093591763802103,1.269633718145576e-05,0.00014642835267654873
41,2.423179529490403e-05,0.009573083368659441,3.9077845726614566e-05,0.6271979694140092,2.02908202164828e-07,5.791002115291472e-06,0.0004413097313151533,0.0006162351024611158,0.000301966054191807,0.0016155134949048984,1.9513843148132304e-05,0.07314535154397608,1.07559208105583e-06,0.27578117786933154,5.044647361386259e-07,6.167392650150483e-05,1.9465845052007927e-05,0.0035859659367883825,1.5811506830439164e-05,2.2991089166761693e-05,0.002705632623361158,0.00438816799137417,0.00017012206664353453,1.5382719320127103e-05,0.00025178226480835253
42,1.0610024695320136e-05,0.006087742009606961,2.576737552586295e-05,0.6973800143979813,6.88025796124772e-08,5.73462901294401e-06,0.0002332295331524854,0.0007823210257670148,0.0002047782154727109,0.001952406219508025,1.6842584746949882e-05,0.0695577192793194,8.693231569852811e-07,0.20527917443070454,5.177805469751113e-07,5.931150277119913e-05,2.4612132475420676e-05,0.0040006111605370405,2.2464488425577483e-05,2.0857719648989746e-05,0.0039034875635020777,0.010086082512064238,0.00016436860615996206,1.5061970007586209e-05,0.00016534671263089472
43,9.790567654249518e-06,0.007331224089749684,1.991808882181975e-05,0.6563365337644839,7.773663757410969e-08,5.692114050181122e-06,0.0002237324435192131,0.0005071633388629217,0.0001505493734061417,0.003076669515110794,1.1678667816245724e-05,0.04482124939743982,6.414517786346336e-07,0.27253170170199426,3.0119047621670543e-07,4.2340483608836785e-05,2.2276495939125838e-05,0.0040416770846518225,1.540615225474062e-05,2.3377467151582076e-05,0.0038674746942772677,0.006566296713500457,0.00020251174503492972,1.2340824253271262e-05,0.00017937489752636908
44,1.3152392173822317e-05,0.0076438720384512165,2.2639617362047478e-05,0.6464711731283821,9.323543534592365e-08,4.49772491287078e-06,0.00026112688777042123,0.00047055754449773073,0.0001779707155116579,0.0018181651538868593,1.4777787975604936e-05,0.05925392993923807,6.977595524103172e-07,0.27160869810961485,2.949072118822092e-07,3.730931603921318e-05,1.9797985818077615e-05,0.003537471136051823,1.3881653834397197e-05,1.8909361947200565e-05,0.002890876817792542,0.0053438673806472815,0.00017502856231838313,1.2394778561879484e-05,0.0001888160650122457
45,1.3439899717607562e-05,0.006333665155593217,3.2240929881367026e-05,0.6796845324341583,1.0629428278280727e-07,6.170658045386767e-06,0.00032669358744725753,0.0008719427585118346,0.00022098972219331602,0.001699698661831502,2.377911468924201e-05,0.0611045248615425,7.410691857733934e-07,0.23585821199453263,5.901692591920641e-07,6.333282465012864e-05,1.939585528147196e-05,0.0037654339875746513,1.8424585417843862e-05,1.9084213223937068e-05,0.0026354108211587212,0.006953135438204033,0.00015616387616012673,1.4437524910049397e-05,0.00017785356254700318
46,8.411487718022291e-06,0.004527160156272077,1.312490535686991e-05,0.6887774766627833,5.902080852989126e-08,4.019490507620959e-06,0.00011310222917838336,0.0004212404008543339,0.00012018078344428528,0.0012127084609965953,1.3945196994289448e-05,0.04913290392614094,9.400702288232221e-07,0.2403826879430394,2.2895408531759671e-07,3.4664716795731656e-05,4.058025804212864e-05,0.0036986919613779027,1.2476888899552107e-05,2.3224762965724433e-05,0.0030847954192435192,0.008056001067754084,0.00017140298555693722,1.2293856483314042e-05,0.00013767839447247204
47,1.8119457872809228e-05,0.008144106664846218,2.6043183040296625e-05,0.6391795938853463,9.693550573277954e-08,4.431224431942601e-06,0.00028343261980342524,0.0004479180049062711,0.0002179933898715092,0.0018622990447577483,1.2940040129338166e-05,0.08162784888950834,1.0489810067849793e-06,0.25358673734794357,3.3168840208338187e-07,4.3254159199870344e-05,2.3572005990913817e-05,0.004221041005284628,1.6549116863553055e-05,2.102627877359574e-05,0.003493698999095753,0.006355119595883876,0.0001638832323359122,1.4626946824023515e-05,0.00023428730237538554
48,1.830966187851626e-05,0.011797068204363782,2.3655280299868964e-05,0.624557723431277,1.0660204325346267e-07,7.108131044675594e-06,0.000244353088074636,0.0005253154470080569,0.0001833553410879796,0.00255492999085107,1.847514968587202e-05,0.05072084545912252,8.666215245772856e-07,0.29611472346133116,2.427038542613165e-07,3.7889689036050184e-05,2.7963974055137966e-05,0.0037175408442150994,3.253576457970556e-05,2.1733749061596008e-05,0.0029373318129619084,0.006033878606392237,0.00024240412866561762,2.2339193956841637e-05,0.00015930366362843448
49,1.1124070636449783e-05,0.006821421555793917,2.211752345662145e-05,0.671094844888179,7.288148266865472e-08,4.077446919541653e-06,0.0002304110466456849,0.0004089204073957807,0.00016672780394940513,0.0017392422763642555,1.2705839806710223e-05,0.06236180631203566,7.091043285999831e-07,0.24528403835729853,2.6715707423856576e-07,3.395579355814084e-05,1.8111536116110683e-05,0.003258131282667036,1.210624439213757e-05,1.8175999906474264e-05,0.002899205694169435,0.005242268119841234,0.00016714336586212426,1.1721355065901e-05,0.00018069393705418574
50,9.775533772633507e-06,0.00550783867460791,1.618781529111927e-05,0.7575202854898712,6.090547884253434e-08,5.095064422260222e-06,9.519169541279044e-05,0.0002836888163076098,0.000257403161877612,0.000678059539686181,1.8178042958066694e-05,0.050529069285050694,7.303416967564148e-07,0.17285135495745585,2.769688976190242e-07,4.193152959139879e-05,2.1669410476951598e-05,0.0031875413698124475,1.3051919742595252e-05,1.7298969475738267e-05,0.0027818178042083525,0.005919314873882987,0.0001220079029645081,1.9063924547207222e-05,0.00010310600251083229
51,3.197531818049985e-05,0.005741464046511881,8.398764973289605e-05,0.5634043759239695,6.744962231572565e-07,2.1717080182322427e-05,0.0009030055044609814,0.0013255511643365586,0.00045922071858901694,0.00455607085897443,4.3400289934263926e-05,0.10967794013283756,6.511633916389452e-06,0.2868711784803141,1.199512215660748e-06,0.00023622247821882412,5.731042122433787e-05,0.007337940892235596,4.423929036442075e-05,9.105988944565908e-05,0.010233938046992535,0.007805095619925371,0.0005383225811771094,6.193339875013682e-05,0.00046566457128670774
52,1.7470036099283346e-05,0.005528625901370764,2.2522963598285567e-05,0.5515510236403678,1.1480651228269023e-07,8.47782978159587e-06,0.00022094815945777324,0.000688539641573441,0.00020544286096861348,0.0022363560576608775,2.233603578799121e-05,0.03989300549555033,6.827039453607813e-07,0.38124667653721117,5.297788487211169e-07,6.825331823933915e-05,2.699080474353065e-05,0.007990276595559315,1.674333327581297e-05,2.0945086380340936e-05,0.0025232887864820664,0.007335768954413206,0.00013455777554029097,1.251244625155026e-05,0.0002279104503803264
53,1.0712187696016493e-05,0.006904162396578329,2.566546248985096e-05,0.6352874778930128,1.180214094169194e-07,3.596976235334176e-06,0.0004428780911844857,0.0005812208815203672,0.00017584482254600468,0.0017758392085127062,1.6654111789517452e-05,0.07538428293134695,6.876705124751614e-07,0.26800310835258595,3.8458910729617494e-07,3.824092846152826e-05,1.495944576966449e-05,0.0028728904347381846,1.0950648426924876e-05,1.8171392018860495e-05,0.002871895172194597,0.005142890947719633,0.00019422127565468705,1.0634984721045889e-05,0.00021251117376728745
54,1.3421300027907472e-05,0.007939457707087198,2.2489041178417387e-05,0.6398704184271071,9.329720117972462e-08,4.4673127110068835e-06,0.0002632563766501948,0.00045725959496351076,0.00017830185125662518,0.001865653949041917,1.4285811999700603e-05,0.05946977124853936,6.813088117612756e-07,0.27772641667750086,3.00342532849967e-07,3.715361434794522e-05,1.9401258873079124e-05,0.0035362308828698267,1.3770785520708096e-05,1.8710378870481282e-05,0.0028511625310165553,0.005317049587217007,0.00017229056938112468,1.1956822513360336e-05,0.00019599932278029062
55,1.965921524497908e-05,0.006667829519058861,2.890263410240248e-05,0.6775675727900193,7.305251549693357e-08,3.538692252950396e-06,0.00029535400167547053,0.0003128910627535538,0.0003116252507789347,0.0011526896421108796,9.704248789130103e-06,0.1185175015256597,1.319544595794825e-06,0.18243338930023073,2.4895793274113857e-07,3.74334673640624e-05,1.5766169332765333e-05,0.004085948833592211,1.2772993380684156e-05,1.394619387566449e-05,0.0034472317320610644,0.004736341651013538,0.00010093944368776049,1.5212055628359228e-05,0.00021210802234304435
56,1.368538530719532e-05,0.007617244754308048,2.3077830568246506e-05,0.6402348791898658,9.65565757822378e-08,4.514983540378188e-06,0.000266085689100464,0.00046054749476418243,0.00018303839085836803,0.0017718501164995927,1.4881138582425375e-05,0.06357715218890474,7.907068463872762e-07,0.2734337359025885,2.9707217152285675e-07,3.72993697116788e-05,2.0787249279823088e-05,0.0035499546512603665,1.4241366209923744e-05,1.9479778120231884e-05,0.002986627586133895,0.005382843902425918,0.0001774978453870003,1.2879584474020321e-05,0.0001965112665155545
57,1.4567871675191986e-05,0.007597268452733849,2.4645671635721806e-05,0.6363879618581368,8.758183852288312e-08,4.209064808477911e-06,0.0002654178030489986,0.00046600597838205286,0.00020634673176839313,0.0017393407009108016,1.2807368738904492e-05,0.08936896521619389,1.1703111970840285e-06,0.24917885960525407,3.191844217754296e-07,4.077317369057074e-05,2.4517966636549236e-05,0.0036257263298361555,1.707784944146203e-05,2.2017182204258025e-05,0.0037851591213339027,0.006812985915364813,0.0001766104612430692,1.4502934618818269e-05,0.00021265566488584618
58,1.5253939818848453e-05,0.007863745833377808,2.5009456973093867e-05,0.6544681960358603,1.006340254054894e-07,4.812143069045515e-06,0.00027252357268041046,0.0004565436229901778,0.00019804466101232976,0.0017691171667403524,1.5975345930405078e-05,0.06522310396753381,8.409519518966025e-07,0.2573789450356544,2.838718753244214e-07,3.818790801854768e-05,2.0465097072284243e-05,0.0036393158852938254,1.5737456646124524e-05,1.9674376062977195e-05,0.002973602142270366,0.0052085440399660485,0.0001866773868559018,1.5559182144352343e-05,0.00018974028617583445
59,1.4248136933927066e-05,0.00782374572547992,2.6005187121713397e-05,0.672934786973388,9.863004947984599e-08,4.901905365300848e-06,0.00027026851866007636,0.00046697941704587544,0.0001969516672041542,0.001817284631549802,1.6060545825896754e-05,0.06125370510717221,7.684060949447862e-07,0.24309177365544601,2.9775659025542274e-07,3.900311969062613e-05,1.9415832400322857e-05,0.0034750883758735596,1.5254576504595628e-05,2.0068419144125866e-05,0.0029648903557405078,0.005159346175831215,0.00019035229020093714,1.547104331245615e-05,0.00018323354737417787
60,1.3152392173822317e-05,0.0076438720384512165,2.2639617362047478e-05,0.6464711731283821,9.323543534592365e-08,4.49772491287078e-06,0.00026112688777042123,0.00047055754449773073,0.0001779707155116579,0.0018181651538868593,1.4777787975604936e-05,0.05925392993923807,6.977595524103172e-07,0.27160869810961485,2.949072118822092e-07,3.730931603921318e-05,1.9797985818077615e-05,0.003537471136051823,1.3881653834397197e-05,1.8909361947200565e-05,0.002890876817792542,0.0053438673806472815,0.00017502856231838313,1.2394778561879484e-05,0.0001888160650122457
61,1.4449023118604062e-05,0.007980535574667092,2.593993845574364e-05,0.6691072789130403,9.953968334399149e-08,4.9221307903977175e-06,0.00027094448571307107,0.0004703266192244029,0.0001956610957868482,0.0018602565708955383,1.5984509585215413e-05,0.060982042532795426,7.773055838531969e-07,0.24684592957069978,2.9846833769395546e-07,3.881322663628521e-05,1.999474219189537e-05,0.003520986758743827,1.5501254485414908e-05,2.0235973320387004e-05,0.0029810439576068476,0.0052358622752919776,0.00019111674082299447,1.5288520369025505e-05,0.0001857102721540043
62,1.3152392173822317e-05,0.0076438720384512165,2.2639617362047478e-05,0.6464711731283821,9.323543534592365e-08,4.49772491287078e-06,0.00026112688777042123,0.00047055754449773073,0.0001779707155116579,0.0018181651538868593,1.4777787975604936e-05,0.05925392993923807,6.977595524103172e-07,0.27160869810961485,2.949072118822092e-07,3.730931603921318e-05,1.9797985818077615e-05,0.003537471136051823,1.3881653834397197e-05,1.8909361947200565e-05,0.002890876817792542,0.0053438673806472815,0.00017502856231838313,1.2394778561879484e-05,0.0001888160650122457
63,1.3836669773058847e-05,0.00867494874920505,2.289700349621131e-05,0.6466440299353781,9.686928760112957e-08,4.550833541273656e-06,0.00026012761238453276,0.00044097531264029064,0.0001830391847667662,0.0019028970253661605,1.4366233799554808e-05,0.05829286249634557,6.881444929234468e-07,0.2714398773281088,2.962779008909469e-07,3.61363791788723e-05,2.004454623352702e-05,0.0034287871496474554,1.4522355263460815e-05,1.940845638753567e-05,0.002905781196482907,0.00529075606069451,0.00018198949754029802,1.2614127940341941e-05,0.0001944705541441191
64,1.1488391400553018e-05,0.007395610391115549,2.0996201005373547e-05,0.6467974000653745,8.713184536905466e-08,4.259747465260128e-06,0.0002508840814941248,0.0004300251552847263,0.00016950064230773621,0.0019112650853441134,1.2992580927761896e-05,0.06043816678033471,7.185865556097261e-07,0.2698023355972663,2.831318119323611e-07,3.4923345497675965e-05,2.0214814617232377e-05,0.0034623571711739007,1.2721158375644634e-05,1.9685156219178017e-05,0.0033135692098140907,0.005504926475218007,0.00017980612305390888,1.1567970144678018e-05,0.00019421500635214168
65,6.657975414896545e-06,0.006949604037658579,1.944813083726547e-05,0.6535102629393114,6.589101286071807e-08,3.3889833632005e-06,0.00028827399717497895,0.0004966209367029921,8.993613231309027e-05,0.0034851392247779943,7.283045592733322e-06,0.038290723984518195,3.715489776350074e-07,0.2873561993361393,2.4822044891932516e-07,2.7768558678515263e-05,1.2980818023230521e-05,0.0025986271768174483,7.369652591128763e-06,2.0961304555258398e-05,0.00286389609786296,0.003573848874490005,0.00018175716878061945,5.2852244124367555e-06,0.00020328073954450627
66,2.3510313761315747e-05,0.010176303416412907,4.226209140082792e-05,0.6737790015589366,1.9150208668536608e-07,7.576363414911595e-06,0.0003839790505055345,0.0004991413975531965,0.0002240722312927087,0.003476333770741846,1.8052657116383835e-05,0.059861451207260365,1.3241772668030369e-06,0.23639171553787225,3.720561079476079e-07,5.050905685682226e-05,3.0332952775100935e-05,0.004602598885767639,2.156867449806658e-05,4.0708806579212265e-05,0.004713520176055604,0.005011452522661997,0.0003365966229888751,2.6808492893274767e-05,0.0002806164771932791
67,3.752568112693466e-05,0.021247872817691357,5.721734099201556e-05,0.5776659574951926,1.8619385012250451e-07,4.705788965748026e-06,0.000932661734567065,0.0009098074343617948,0.00043377039059736195,0.0023552902251140683,2.61428429110648e-05,0.12514174084829666,6.025767933855261e-07,0.25218812302985755,9.128537154220074e-07,4.447927565923139e-05,1.8031237970177703e-05,0.004174638209727574,3.9733339285390094e-05,1.2570025378220558e-05,0.003768645022661511,0.01040249181500462,0.000173170350619781,1.4910613843778104e-05,0.00034881285581666655
68,1.1914383593511438e-05,0.006556091286295275,2.359365798894279e-05,0.700885177179781,5.997367056443896e-08,3.2338749294936263e-06,0.00023273996484246123,0.00037388454264118313,0.00015588313153919043,0.0017681334409741694,9.392982124802257e-06,0.06311863415101455,6.47072741107098e-07,0.21633558424903113,1.6862756969527277e-07,2.6704919451968908e-05,1.4865458817993199e-05,0.0032495881319903833,9.989540163206026e-06,1.602815629158567e-05,0.002927621667423968,0.00394598262599156,0.00015628708423037467,1.0816440366043474e-05,0.00016697745653591564
69,1.510869484274517e-05,0.008279983411292418,2.2164720775375318e-05,0.6169277828151882,8.779215008163931e-08,4.418098843198942e-06,0.0002635087759229325,0.00045233759904827824,0.0001843226426060603,0.001990669615335736,1.3036103218633173e-05,0.06182222391793756,6.702354774179009e-07,0.2963432985544374,3.059481739014964e-07,3.6507073759576315e-05,2.124196369738545e-05,0.00410960704515457,1.4629190628166742e-05,1.7216073822168836e-05,0.002996332719560424,0.0061006954331599555,0.00015616308636816378,1.0837735165499457e-05,0.00021685075343422916
70,1.3011784084534841e-05,0.008831960266789979,2.2347941652315288e-05,0.648126859982333,9.714522805893218e-08,5.24453794030592e-06,0.0002631373163232418,0.0004545629300197907,0.00019337912735223488,0.002028423148469724,1.7181615231300093e-05,0.059053239912136554,6.882986675700344e-07,0.26738219112797645,3.081755498362686e-07,3.605894466399889e-05,2.0849648562560018e-05,0.0036039874803688674,1.824086989045757e-05,1.8966931478631147e-05,0.0033691690291687807,0.0061329339672253685,0.00020878996884112877,1.5678700427159447e-05,0.00018269114961811398
71,1.3300107107627997e-05,0.008224543495408278,1.9856293375760084e-05,0.633956100498898,1.1077710914024425e-07,4.024725710863362e-06,0.00024451227702245555,0.00038378217152226904,0.0001576595826245582,0.0019039932452497273,1.1708901706431838e-05,0.05633552551859115,8.36594964362094e-07,0.28844712012744395,2.232187768288733e-07,3.618776331403642e-05,2.0174522149859527e-05,0.003060812532081834,1.141787494637573e-05,2.5854172007677785e-05,0.0027807729641947175,0.003954723668859539,0.00020419698833630244,1.2981464375011297e-05,0.00018958051422332146
