,0,1,2,3,4,5,6,7,8,9,10,11,12,13,14,15,16,17,18,19,20,21,22,23,24
0,0.00014822505837707375,0.2260514248131601,0.00013416668157009703,0.2717405066147408,1.1490439195660644e-06,1.9322553247759622e-05,0.0028948774987654527,0.0005641368566939943,0.0036449794907524816,0.004318215344892953,3.427433720490647e-05,0.28878997149915164,1.42828691572043e-06,0.17285680618935553,2.1776113036561688e-05,0.00017277293355371124,1.5259724515839278e-05,0.001669715308539555,0.0005934946003289483,2.3429183695048493e-05,0.00495426581005687,0.019471684666351224,0.00025808132682071303,4.21299781121055e-05,0.001577906086241461
1,0.00016742688910088878,0.24000541188690533,0.00017451303730118794,0.26792031311696585,1.0590176168357533e-06,2.1566760659537196e-05,0.0033689609931259828,0.0005952553567283764,0.0039736939978307325,0.005618389373604365,2.974733235773303e-05,0.2999242659615595,1.4293403481206857e-06,0.15043689428743492,2.2823929225259064e-05,0.00020641253709195834,1.2212671583246594e-05,0.0016680755452922523,0.0006816833418916127,2.2422786901298262e-05,0.005111370536114372,0.018138925164092507,0.0002438977054232533,4.554961808641429e-05,0.001607698812758546
2,0.00016573795485804534,0.24915228111681736,0.0001281720517460324,0.24078975044565065,1.4274768477576696e-06,1.664869139680697e-05,0.003240248358792756,0.0005064725768957051,0.0034294100848846153,0.004500176116624761,3.008978516452275e-05,0.2795488742450967,1.3817473693563883e-06,0.19287082493638796,2.4233932515433087e-05,0.00015335230313570934,1.4519037176046134e-05,0.0016597209892718642,0.0004740995770264136,2.55394948832975e-05,0.004187408023020793,0.016739935728643993,0.000258752495329491,3.314703603742194e-05,0.0020477957944264403
3,0.00014314723553369746,0.21776763968125074,0.00012998806323884262,0.282499425431452,9.842491406324744e-07,1.6524242883483e-05,0.0028901899060461552,0.0005119267574000174,0.0030868354997099566,0.004535755822931099,3.013494722875548e-05,0.28440007095131237,1.2145160552287642e-06,0.17777843240748192,1.7847695666997868e-05,0.00014455743635657047,1.320544118734349e-05,0.001665967359118831,0.0004817698523787299,2.0854217625879232e-05,0.0045084267674205545,0.017467366658873155,0.00025719538519790633,3.707649200034684e-05,0.0015934629825087583
4,0.0001409507261138197,0.2290803533324646,0.00014025590914640488,0.2945584229986166,9.76201517269734e-07,1.774813155337845e-05,0.003063680715444958,0.000572878481134753,0.0031455800318861376,0.0050572535193239235,3.145383812117314e-05,0.26454013874316457,1.0157122660269063e-06,0.1736499505277523,1.9221237245662112e-05,0.00015773409849728444,1.1780929799768546e-05,0.0016617065572793923,0.000509791555677887,2.0537264336184767e-05,0.004473044389380028,0.017320002843996603,0.0002628137036371221,3.779311112254089e-05,0.0015249154405214487
5,0.000135601016567033,0.1925612072848617,0.0001121322837332722,0.3128746896328034,7.63062434443662e-07,1.4208547214077084e-05,0.002407902660208693,0.0004244781717597553,0.002671874632139825,0.004363813200702301,2.564906925148233e-05,0.28146496551078554,1.1522042978259094e-06,0.17742780075253553,1.3583609644977374e-05,0.0001204293472297349,1.3125664556871617e-05,0.0018827347053194338,0.00038056352875778804,1.957489356174776e-05,0.004361273149622724,0.01690983146100298,0.00024253795520082612,3.545008124603571e-05,0.001534657574562115
6,0.00014314723553369746,0.21776763968125074,0.00012998806323884262,0.282499425431452,9.842491406324744e-07,1.6524242883483e-05,0.0028901899060461552,0.0005119267574000174,0.0030868354997099566,0.004535755822931099,3.013494722875548e-05,0.28440007095131237,1.2145160552287642e-06,0.17777843240748192,1.7847695666997868e-05,0.00014455743635657047,1.320544118734349e-05,0.001665967359118831,0.0004817698523787299,2.0854217625879232e-05,0.0045084267674205545,0.017467366658873155,0.00025719538519790633,3.707649200034684e-05,0.0015934629825087583
7,0.0003376553829250968,0.26437823807380934,0.0002782000123934387,0.24370325905193016,1.2370981649323765e-06,2.09326443055578e-05,0.004006932685304536,0.0006021686630824059,0.003314312159767757,0.005858828884140441,3.4994402115944374e-05,0.30220524323200293,1.7051246145456643e-06,0.15448671740899234,1.4342167287153527e-05,0.0001269050291935597,1.2434599736789087e-05,0.0019785458185977035,0.0007690051493757854,2.1383755454220466e-05,0.003775830549811677,0.011937772965079616,0.0003011040216597061,6.178981809218075e-05,0.0017704613021622359
8,0.00014688453347867818,0.2351051985214735,0.00013581800404105322,0.3061075476401111,9.007452237641006e-07,1.4033751724985947e-05,0.0027519415356385287,0.00042469046690798333,0.002382850645397816,0.004855836285016971,2.3915040907573773e-05,0.2488362622930132,1.0298684088428927e-06,0.18178227876305228,1.0957899008955743e-05,0.000109024015661762,9.978288602128986e-06,0.001336841127397204,0.00035468047486282887,2.0866593700732036e-05,0.0032920445345029363,0.010498332167886506,0.00029164934041631476,3.4385589412943505e-05,0.001472051874151303
9,0.0007955635132565099,0.07121967542975016,4.361872477482236e-05,0.010509173663253442,1.7262996074134383e-05,3.508349744987465e-05,0.004542388655198098,0.005861124909706744,0.008930220227702526,0.00047347343774149276,0.0006787301541162061,0.22264805156085427,4.36187130258371e-06,0.2704155478057431,0.0008191595925627505,0.0004343076859583998,0.0002989503775782372,0.010273966970934925,0.010868425277828848,1.0151953660665709e-05,0.003379813143307106,0.374509856792914,5.8428561436457624e-05,2.5731814114704875e-05,0.00314693138278001
10,0.00014314723553369746,0.21776763968125074,0.00012998806323884262,0.282499425431452,9.842491406324744e-07,1.6524242883483e-05,0.0028901899060461552,0.0005119267574000174,0.0030868354997099566,0.004535755822931099,3.013494722875548e-05,0.28440007095131237,1.2145160552287642e-06,0.17777843240748192,1.7847695666997868e-05,0.00014455743635657047,1.320544118734349e-05,0.001665967359118831,0.0004817698523787299,2.0854217625879232e-05,0.0045084267674205545,0.017467366658873155,0.00025719538519790633,3.707649200034684e-05,0.0015934629825087583
11,0.00014748153620872866,0.21433571058697046,0.00013207384198069236,0.28005187934296977,1.0179889564861747e-06,1.6473427649689837e-05,0.0028902714021944126,0.0005033723970225574,0.003082584177441508,0.0044567637983136945,3.0101246780216723e-05,0.2925104417513642,1.3576232728044819e-06,0.17583375325143877,1.7355744061969975e-05,0.00014374159220261943,1.3945455629253171e-05,0.0016586853594146417,0.0004834799466743936,2.18577589177254e-05,0.004546561932935396,0.017209189477021936,0.00026308635029858825,3.860950303327877e-05,0.0016102045072463216
12,0.00014207969297342195,0.22462824307132404,0.00010871607486425101,0.2763877276946109,9.949587088556671e-07,1.554384484870631e-05,0.002578210441095559,0.0004441988893059886,0.0027909450014642918,0.004609015150786962,2.6116975047644847e-05,0.2575913442804494,1.1773115268030425e-06,0.20568643068728792,1.531212254049151e-05,0.0001259220327408547,1.46137226612197e-05,0.0017698009238971651,0.00041117612613333763,2.155547939049289e-05,0.004308241136313553,0.016322440292812594,0.00025164530741955026,3.1333144719410514e-05,0.001717215637076576
13,6.522619612224192e-05,0.11740760468559766,7.857930146276165e-05,0.2662459753098395,7.182076461759364e-07,9.448005073459609e-06,0.0023200772448230154,0.0005915632985156483,0.0019147744157740538,0.0018602014579652125,5.4849834755447595e-05,0.3463142264068198,8.917839613709618e-07,0.23620604140624185,1.4526393102075913e-05,9.276010885403615e-05,1.1246230409906473e-05,0.0011152986031939505,0.0002885605407475046,1.3006913521462791e-05,0.003527497824967481,0.02056646971639396,0.0002607930220294376,2.5747942703110407e-05,0.0010139151494788577
14,0.00014162881790908864,0.20468678622007563,0.00013490302832806666,0.28705090093698327,9.381114620882696e-07,1.6502974768816004e-05,0.002815430427477542,0.0005194705652927711,0.003164442567092483,0.004396767740695082,2.9430632044765356e-05,0.29706735526800393,1.2936747046224169e-06,0.17309594754007682,1.817178685466635e-05,0.00014845845836427744,1.3479695711905427e-05,0.001703284008807552,0.00047366148148898947,2.123942890808744e-05,0.004671804288585935,0.017931000606688414,0.0002497914486949244,3.69883189729461e-05,0.001610321972007289
15,0.00014314723553369746,0.21776763968125074,0.00012998806323884262,0.282499425431452,9.842491406324744e-07,1.6524242883483e-05,0.0028901899060461552,0.0005119267574000174,0.0030868354997099566,0.004535755822931099,3.013494722875548e-05,0.28440007095131237,1.2145160552287642e-06,0.17777843240748192,1.7847695666997868e-05,0.00014455743635657047,1.320544118734349e-05,0.001665967359118831,0.0004817698523787299,2.0854217625879232e-05,0.0045084267674205545,0.017467366658873155,0.00025719538519790633,3.707649200034684e-05,0.0015934629825087583
16,0.0004862538104923181,0.32988333608136977,0.00043770003887001996,0.31286997587236043,2.6145296928655506e-06,5.434742306312426e-05,0.002718582911971933,0.0008048411285798666,0.005957738064306248,0.0025875707706893773,0.0001048358646651723,0.15002273649901207,1.7481601881172766e-06,0.18129136726124287,2.056940264747807e-05,0.0001674294418917364,1.4427201519937725e-05,0.001583395266477428,0.0009921549053779346,2.6141241546598108e-05,0.0013772924872686063,0.006882277375628204,0.00034980578659093514,0.00010769947129398105,0.0012551590032529657
17,0.00011103284432789151,0.1833638015656273,9.23485978596793e-05,0.2844977048834007,9.288534420859592e-07,1.2362075500121918e-05,0.0024869786885578665,0.0004658767754767485,0.0023811050364781912,0.003949821360464447,2.7912892165335895e-05,0.288547931636309,1.2551210847679153e-06,0.20709395421284188,1.4068271101113021e-05,0.00012118383393729656,1.5944539118664426e-05,0.001598521640475015,0.0003505459710893463,2.2285047609402712e-05,0.0043622007785477385,0.018613578593064353,0.0002785926827253062,2.967047760600171e-05,0.0015603936211897324
18,0.00014191768567013574,0.19601157013187287,9.435087601940052e-05,0.25676598136491663,9.308248686081538e-07,1.1991345188414793e-05,0.0026228756308352397,0.00038609137391507157,0.0024332809597774965,0.00500729331512465,2.0510349411512648e-05,0.29172929262970476,1.3257004398716264e-06,0.21596961046006774,1.4403817310182834e-05,0.00010828351117659462,1.7447586205875675e-05,0.0022072733105966288,0.0003262876841435097,2.2971095631464787e-05,0.004992752647098134,0.01864508482922692,0.00024048425477445277,2.5079254167650002e-05,0.002202909361856169
19,0.00012730529692650712,0.20456625230300582,0.0001267857893229665,0.2838665473607448,8.934061267061938e-07,1.4144139336786574e-05,0.003042291953963169,0.0004960312408486386,0.002941678360893875,0.0043027829036499,2.756101857281365e-05,0.30907281330172937,1.1746983361406952e-06,0.1656189083898511,1.7343259797611053e-05,0.0001388690951248085,1.1852989876776136e-05,0.0014899408131914841,0.00043027348043464764,1.9335176053703778e-05,0.004488158157007392,0.017373635983796154,0.00024577928740518825,3.370887115432164e-05,0.0015459327228491847
20,0.000902914809073386,0.7103298515643024,7.047230862512873e-05,0.08179239024833715,2.787133050030853e-06,2.581670014322272e-05,0.0006812226272200688,9.02793928432427e-06,0.0013874694410362903,0.005209981500318159,2.9871557619313202e-06,0.029437996921446462,2.1400030974262723e-06,0.16697987685376395,1.0438452058416998e-07,1.3462303704145855e-05,7.224601524023046e-06,0.0006366639712053027,0.00021363974879552155,2.7589071659395895e-05,0.0007323110517068134,9.66245232854094e-05,0.00030326838038121067,8.200406011348156e-05,0.0010521726976440236
21,0.00012196774864541878,0.20002276202648556,0.00011046824058281807,0.2899767504761498,7.853884859105587e-07,1.445903592794288e-05,0.0025703532378652137,0.00044540077961777164,0.0028863410464426056,0.004262069378557575,2.3479462992810886e-05,0.2877769049989579,1.0771652923858505e-06,0.18955517097828534,1.4078366401748426e-05,0.00015221793975675135,9.873608697099967e-06,0.0015046249706707794,0.0003661847012523265,1.857098746757301e-05,0.004091460904541579,0.014462521949615113,0.0002065804553247116,3.149253655272632e-05,0.0013744036154305663
22,0.00020597843578404313,0.20468616489753125,0.0001405274785696123,0.2836473655586728,1.0752425491082256e-06,2.015838775935784e-05,0.0025411855812642204,0.0005785937350844325,0.0033284796951354775,0.004790813544729379,3.749301966474411e-05,0.2659810407372776,1.4077103353184871e-06,0.19918005593287755,2.1071495791182108e-05,0.00015464110365113698,2.0926225182534036e-05,0.002957255855932667,0.0005571597429295116,2.3039894848279823e-05,0.0049291552392181125,0.023965528608453822,0.00024717713257380773,4.21208928359959e-05,0.001941583851348303
23,0.00014314723553369746,0.21776763968125074,0.00012998806323884262,0.282499425431452,9.842491406324744e-07,1.6524242883483e-05,0.0028901899060461552,0.0005119267574000174,0.0030868354997099566,0.004535755822931099,3.013494722875548e-05,0.28440007095131237,1.2145160552287642e-06,0.17777843240748192,1.7847695666997868e-05,0.00014455743635657047,1.320544118734349e-05,0.001665967359118831,0.0004817698523787299,2.0854217625879232e-05,0.0045084267674205545,0.017467366658873155,0.00025719538519790633,3.707649200034684e-05,0.0015934629825087583
24,0.00018093930320573114,0.16013651687252645,0.00037440719981621327,0.1871153258082147,1.5811087660585929e-06,2.647507441643879e-05,0.007122993366787509,0.0011252263477892612,0.007059523957144984,0.004082767080757737,6.388036883000372e-05,0.49737512214194995,1.917772200533374e-06,0.083718989805695,9.264130598002643e-05,0.00028320216530341617,1.2806250480053356e-05,0.001781645025155578,0.0012319584678687756,1.7610148933662443e-05,0.009594266864619984,0.03599054562052125,0.00023224940381719048,5.515097064479421e-05,0.002322257568574744
25,0.00011057197714570664,0.18433720910917484,0.00011142765565124544,0.30486472396733477,8.986520756566393e-07,1.4700603967382434e-05,0.0027865297793953745,0.0006055841523770708,0.0025125228459016045,0.0038056966002301723,3.7171729393002845e-05,0.26925545700625003,9.63318653501849e-07,0.20691738463960932,1.5207326043122185e-05,0.00013421838066350595,1.1928021563683624e-05,0.0014845834683993855,0.0004030960229184118,1.8219114082110213e-05,0.003932925487038995,0.017086781521598194,0.0002684428289635387,3.368782937267262e-05,0.0012500679621966979
26,0.0002955165130976105,0.2565548009334172,0.00018763855469534796,0.3011793940320777,1.3031783291369541e-06,2.4839638664304287e-05,0.002334953502508464,0.0003979965165860554,0.00395129483843585,0.004980327617897229,3.5973729432074613e-05,0.2575771639256992,2.2029386240297063e-06,0.14859223482327452,1.1863293358630285e-05,0.00013673107452460056,1.9482003286182047e-05,0.0023838918220741956,0.0007156438299693195,3.0781783374462936e-05,0.0045526984625506245,0.013986818253368406,0.0003652821443182059,9.187372707572426e-05,0.0015892928633608318
27,0.00012683198857009644,0.20094473234284072,0.0001180836574857934,0.2882036891376821,9.250772723203561e-07,1.665775313644543e-05,0.0026886023407136843,0.0005683268982750367,0.0032190406697131845,0.004138362159914325,3.4543556242785323e-05,0.2904913797255502,1.162114130944016e-06,0.17704536008295682,2.162756467889921e-05,0.0001597972766126807,1.4557837338006025e-05,0.0017418527582770903,0.0005127530010520085,2.0175252907097177e-05,0.004751080797246469,0.023392257766062786,0.00025093332835138775,3.745554164385046e-05,0.0014998113713454203
28,0.00014314723553369746,0.21776763968125074,0.00012998806323884262,0.282499425431452,9.842491406324744e-07,1.6524242883483e-05,0.0028901899060461552,0.0005119267574000174,0.0030868354997099566,0.004535755822931099,3.013494722875548e-05,0.28440007095131237,1.2145160552287642e-06,0.17777843240748192,1.7847695666997868e-05,0.00014455743635657047,1.320544118734349e-05,0.001665967359118831,0.0004817698523787299,2.0854217625879232e-05,0.0045084267674205545,0.017467366658873155,0.00025719538519790633,3.707649200034684e-05,0.0015934629825087583
29,0.00014314723553369746,0.21776763968125074,0.00012998806323884262,0.282499425431452,9.842491406324744e-07,1.6524242883483e-05,0.0028901899060461552,0.0005119267574000174,0.0030868354997099566,0.004535755822931099,3.013494722875548e-05,0.28440007095131237,1.2145160552287642e-06,0.17777843240748192,1.7847695666997868e-05,0.00014455743635657047,1.320544118734349e-05,0.001665967359118831,0.0004817698523787299,2.0854217625879232e-05,0.0045084267674205545,0.017467366658873155,0.00025719538519790633,3.707649200034684e-05,0.0015934629825087583
30,0.00014314723553369746,0.21776763968125074,0.00012998806323884262,0.282499425431452,9.842491406324744e-07,1.6524242883483e-05,0.0028901899060461552,0.0005119267574000174,0.0030868354997099566,0.004535755822931099,3.013494722875548e-05,0.28440007095131237,1.2145160552287642e-06,0.17777843240748192,1.7847695666997868e-05,0.00014455743635657047,1.320544118734349e-05,0.001665967359118831,0.0004817698523787299,2.0854217625879232e-05,0.0045084267674205545,0.017467366658873155,0.00025719538519790633,3.707649200034684e-05,0.0015934629825087583
31,0.00023817386121958523,0.24194557327306865,0.0001994313116013611,0.2804563484619593,1.0387168682700202e-06,1.668598831236237e-05,0.0036093040409426068,0.0007039774903956411,0.0026215742969645556,0.005845402347661381,3.0225067913585274e-05,0.26251415190236277,1.1835501733027096e-06,0.1791456324839048,1.404655216553342e-05,0.0001192535222395516,1.3057975163150436e-05,0.0019837381820435773,0.0005576110607299915,1.953415810529298e-05,0.0039404285368164,0.014035259805037854,0.00028557928548086193,3.933223726488258e-05,0.0016634558916047396
32,0.00015672309778432024,0.22719313704385655,0.00013707902261028297,0.27369011488254086,1.0177890384070928e-06,1.778932670657331e-05,0.0029193271237673377,0.0005277637438088163,0.0032705907689550367,0.004664095960811437,3.145643241231356e-05,0.28711093410930666,1.2863379323841858e-06,0.17292122639143662,1.8711976874728405e-05,0.00014993674519980153,1.3851186140451966e-05,0.0017293624038285634,0.0005568012138232517,2.1073695389794114e-05,0.004663671085625672,0.01830646770176673,0.0002595196145077033,4.067027885710635e-05,0.001597392067018608
33,0.00017775043388340044,0.2455075099707034,0.00017359967219735944,0.2556961047715675,9.83291242498762e-07,1.6091040295886266e-05,0.0034542730079531072,0.0004439889269313793,0.004007546323556144,0.004258748955183886,2.588684257201779e-05,0.32331683139612555,1.1300972484791045e-06,0.13878108888320057,2.381876503023582e-05,0.00013354604747411913,9.6833202359956e-06,0.0016323356031947317,0.00048803642336136383,1.7436021444215297e-05,0.004646778156590642,0.014971315619242536,0.00020060396772043698,3.393467704468818e-05,0.0019809777859997393
34,3.890514195323579e-06,0.04161617569767324,1.206950911652185e-05,0.564524769016101,2.0001318916851604e-07,3.0097886812558818e-06,0.0011079785354487942,0.00020441582307343512,0.0002189918472061124,0.007247924515452237,6.113525495033833e-06,0.08907337877015599,1.778822504275797e-07,0.2804329569712526,4.164180539314206e-06,7.531194679190299e-05,6.471974180293687e-06,0.0006023166535414325,1.3051849488988112e-05,2.4715387202565387e-05,0.002765477136325654,0.01067649109974632,0.00038852163217914244,3.3048762287237304e-06,0.0009881208544845483
35,9.357127674885414e-05,0.23161752000282698,0.00010417110298319717,0.2806754322159633,1.1288747713716488e-06,1.830034099280956e-05,0.002533301192465141,0.00047473793364004226,0.002825791348985278,0.004355440922955161,3.413444005724753e-05,0.2527840638489392,1.1848527990305828e-06,0.20028031419868006,2.056150090843266e-05,0.00016816160209013868,1.3212235489245716e-05,0.0011059067232355425,0.0004699168051520605,2.6647949123485247e-05,0.004208422365265225,0.016384894580922425,0.00031595924290957656,3.54636270886472e-05,0.0014517608150076203
36,0.00012641762485713154,0.14696789353251039,0.00011266982166417321,0.22181904646976414,7.138079799461464e-07,1.119899667659892e-05,0.002980419535152343,0.0006952225883474878,0.0027974278911888444,0.002983983119690923,2.829967678992749e-05,0.4204782124843486,1.4729439677279637e-06,0.16832037167140468,2.1513723311383596e-05,0.00016011635825356489,1.3394408230846375e-05,0.0015111710788676541,0.0004949016722165986,1.4907749281080789e-05,0.003942552632853322,0.02486688253490201,0.00015940237681442645,2.5355464909390377e-05,0.0014664518360168043
37,8.64260188772811e-05,0.20102738608509124,0.00010057418939873621,0.25828838326358755,1.088542530267866e-06,1.825472739913698e-05,0.0028259312081198337,0.0006545330254577424,0.0032302430215391596,0.003959120297204361,3.405258767668587e-05,0.27811742481452023,1.0869731092010211e-06,0.2214013208422782,3.095011312623865e-05,0.0001998064575404121,1.3392038024415546e-05,0.0012900220314021253,0.0004655541881009814,2.1739372400568817e-05,0.004749972841186666,0.021607740065732465,0.00022537213860104004,2.4043351261482127e-05,0.0016255818058340432
38,0.00018853508104556914,0.245856176155487,0.0001653647636014024,0.25845688273339845,1.2070650206614554e-06,2.095822776965358e-05,0.0034474588789070214,0.0005403990172719389,0.003815613459136077,0.0050444756122882805,3.2397290636840605e-05,0.2870804899177851,1.3362678539471416e-06,0.1695791545810288,2.256613085916953e-05,0.00017120232465005097,1.244227876913429e-05,0.0017863864532696688,0.0006077097252471155,2.0762621864355836e-05,0.004508396884697354,0.016546560368619855,0.00024593216782759983,4.2787452787681754e-05,0.0018048045401772978
39,0.00015842045565006988,0.15936804497620122,0.00021407350982459713,0.31354369320713965,1.0263235382834433e-06,3.2785230008237986e-05,0.0032801322817317784,0.0009415490641399875,0.004205202784499077,0.006213521997703638,3.731899497413809e-05,0.32290240896724537,2.2646720231138395e-06,0.14792584518387888,2.985688103913949e-05,0.000291953416684684,2.1361106831367714e-05,0.0024942836889094698,0.0008721114462342403,2.7207618108483148e-05,0.008533460271947922,0.026872081729011302,0.00025216946506550635,5.3586359130543756e-05,0.0017256403684793198
40,0.00012881847592732178,0.19358243506590425,0.00010866411400316519,0.35134573086723064,9.189345019363621e-07,1.6548717248841884e-05,0.002494417882252587,0.0005164696596879016,0.0025343431376516332,0.005352424085705827,2.891158868080516e-05,0.23516854083189215,1.1797893897461946e-06,0.18249191117532704,1.2567769561935732e-05,0.00015357980313240028,1.5999411242025673e-05,0.0019702687061610956,0.0004142030431080154,2.5193324056835772e-05,0.004794057505688145,0.017118604168776617,0.0002998360486336997,4.200894805593866e-05,0.00138236694617946
41,0.00023868712063651652,0.2778949838287884,0.00020612843986655312,0.2324122213359936,2.272744430581282e-06,2.067307624387269e-05,0.004596604639751203,0.0005741868978480946,0.005660267505734058,0.0035410453160556465,3.602891087388221e-05,0.300630197641014,1.6685208441524733e-06,0.15317896518615948,3.5402098890859115e-05,0.00021154856088431362,1.1401612671463472e-05,0.0014930850668573854,0.0005021878278091662,2.3544313624384235e-05,0.0036695521426098805,0.012624943404118126,0.00021527202158725382,3.8737233315707736e-05,0.002180394553391454
42,0.00010258711494785046,0.15139191028633928,0.00013908629082826128,0.30906918973510605,6.60423547007059e-07,2.002249410442983e-05,0.002626260249400324,0.0008466855530204348,0.003326736973951614,0.005080336994466649,3.476491858749044e-05,0.35360622705585965,1.5671899503126724e-06,0.1271922968377859,2.7757761519071023e-05,0.000269396883198495,1.6673486378863692e-05,0.0017852709137421128,0.0007993024811567402,2.2770432345574086e-05,0.0068316811322528094,0.035277604563841984,0.00024323157468858868,4.781474169066217e-05,0.0012401639112899368
43,0.00010685746839722764,0.207834946365439,0.00012219986828122453,0.3165154159907494,8.605215956212499e-07,2.3725657470971065e-05,0.0027212093256285953,0.0006189285580523228,0.002798839865110102,0.009180649850207332,2.625555760152877e-05,0.23769268335082677,1.2966578563412844e-06,0.1849167089408878,1.8957692410549698e-05,0.0002110732721962334,1.7104862854940737e-05,0.0020590986734241256,0.0006250207331306781,2.967486784953715e-05,0.007523291391481704,0.025038537072710237,0.0003342346498438172,4.3631587628542996e-05,0.0015387972183654494
44,0.00014314723553369746,0.21776763968125074,0.00012998806323884262,0.282499425431452,9.842491406324744e-07,1.6524242883483e-05,0.0028901899060461552,0.0005119267574000174,0.0030868354997099566,0.004535755822931099,3.013494722875548e-05,0.28440007095131237,1.2145160552287642e-06,0.17777843240748192,1.7847695666997868e-05,0.00014455743635657047,1.320544118734349e-05,0.001665967359118831,0.0004817698523787299,2.0854217625879232e-05,0.0045084267674205545,0.017467366658873155,0.00025719538519790633,3.707649200034684e-05,0.0015934629825087583
45,0.00014673111378955912,0.1841545871448924,0.000186088574148418,0.2979378635238412,1.1417303041456111e-06,2.28641140825676e-05,0.0038521643990262412,0.000958399451148972,0.003983113005440444,0.004308876501162583,4.923091356334016e-05,0.3154165821485741,1.3101775512457043e-06,0.1560868717134855,3.8346077852298164e-05,0.0002662563337579459,1.2642920589412908e-05,0.0017558059202704742,0.0006732229531543517,2.071613848381527e-05,0.004447049588907604,0.02387886446757536,0.0002286797310045869,4.4110770574022034e-05,0.0015284805868194386
46,9.537787008496467e-05,0.13954911876089204,7.939217284973672e-05,0.3534320227118947,6.91946718958663e-07,1.670508858779034e-05,0.0014124879083688372,0.0005274612704643166,0.0022269187652744116,0.0037655830393156582,3.302102153373067e-05,0.2685978527542143,1.9873951008378785e-06,0.18739770711523365,1.4775127752534364e-05,0.000157361348017075,3.519860265105961e-05,0.0020763534396063834,0.0004888911409697441,3.119674687037915e-05,0.005669947526944466,0.03271467487313875,0.0003007150398440051,4.1364633749242286e-05,0.0013331936999225755
47,0.0001698391029244079,0.2090784907512954,0.00013305077280792392,0.2543596987332693,9.253308851693834e-07,1.4854316740162888e-05,0.0028641998894513953,0.00043987423749857824,0.0034516180009557533,0.0043968964659805414,2.3997250543294618e-05,0.3508707673478437,1.6629583038839124e-06,0.1450448593110845,1.8301527659599214e-05,0.00015740531541785416,1.4740334128014903e-05,0.0017705470397122627,0.000532382829792108,2.1614171489444214e-05,0.005081170232491585,0.01951552318957837,0.00022159971052031162,3.9846303950647974e-05,0.0017761348756757463
48,0.00017778433037367888,0.31138232379847447,0.00013062852720987554,0.26284824465079476,9.76596467703732e-07,2.4266225397334346e-05,0.0024766550723981204,0.0005388249787325121,0.002864457961508712,0.006271867070844046,3.568039488897402e-05,0.2168210067773112,1.273525393091548e-06,0.16975383739428623,1.2684219739395119e-05,0.00014143536635372476,1.6558529883797718e-05,0.0015237097322911306,0.0010795278486672214,2.218837368085363e-05,0.004191494703721577,0.018132574050219896,0.0003458851870374118,6.486437681069949e-05,0.0011412503075136176
49,0.00012407375364264023,0.19193584855347806,0.00013042244894974472,0.301341692721623,7.519787308500946e-07,1.5155035026841331e-05,0.0025411470396562125,0.00045439744243201756,0.0028467901163927154,0.004351794996194459,2.650305107127937e-05,0.30397643827129445,1.2316744152385351e-06,0.16645480948230124,1.5630636370712878e-05,0.0001299457475681179,1.2032414998809122e-05,0.001587927666390632,0.0004175493773855527,1.9732488762914486e-05,0.004579806923792309,0.017240915486739578,0.0002502552529395401,3.607594711945188e-05,0.0015090714927237894
50,0.00013018106023621453,0.196165703799696,0.00011556679927396114,0.3679803165676106,7.86227652197995e-07,2.426744804573029e-05,0.0011721613722983873,0.0003287476858635777,0.0061411586963555104,0.0018613138403708468,4.3208844626557236e-05,0.2705028289290594,1.5391539532067075e-06,0.12573995507331442,2.145935194389739e-05,0.0001767527061996785,1.5960784612933628e-05,0.0018113213519492662,0.0005462723648218265,2.217163970808366e-05,0.004861075160667793,0.02100845968158601,0.00019593039471806325,6.87890722958944e-05,0.001064071993139876
51,0.00020824367932706454,0.1602688526360611,0.0002770614122375494,0.23966181278128476,3.221674428147326e-06,4.5039558501475665e-05,0.005789454863557818,0.0008514411722689696,0.005867238620293694,0.00756159272541333,5.471731763529028e-05,0.3885335389893843,5.122538506514853e-06,0.1541049987480657,3.9274219108393366e-05,0.0005149713155882842,2.4509055974270946e-05,0.002246581483079195,0.0009721113416162473,5.485312231185795e-05,0.010276391577507819,0.019573131227282933,0.00045883674866323287,9.727435776804538e-05,0.0025097288341340116
52,0.000253311347427823,0.18821382381929527,0.0001790479019170677,0.27747484307748477,1.3734233338379838e-06,4.417742672022016e-05,0.0025946591885990275,0.0009401837799692459,0.004622349061322519,0.006599160004933152,5.859361034899482e-05,0.20250427226857373,1.3620702034395301e-06,0.2753170292273824,3.997063227205136e-05,0.00028283060250886206,2.065615871272964e-05,0.005095193737434467,0.0007779590715451943,2.6934276622473998e-05,0.004426253296725761,0.028052828322211218,0.00023093365982042443,5.163023133832975e-05,0.002190623803297183
53,9.936305610488986e-05,0.1821863212958928,0.00013203290992151018,0.26729873808887544,1.1824621741932515e-06,1.1689463724346e-05,0.004966529308253324,0.0005957354278986206,0.002812892796525722,0.004298622436444149,3.183474125967122e-05,0.35223550311221036,1.0712338100520382e-06,0.16079645092944234,2.216812844380553e-05,0.00015350362243692948,9.157375213221418e-06,0.0011598965704943081,0.00034748403910908957,1.8650772869049398e-05,0.004441873391858054,0.016428687161483872,0.0002752042867283172,2.873246053026963e-05,0.0016466749282957435
54,0.0001456678490790218,0.22520369669946302,0.00012781444865058838,0.27543254132555,9.852935775323359e-07,1.6258657272416773e-05,0.0028816297828440493,0.0004914392824823354,0.0030773670002930634,0.004576390472398028,2.8724004326194176e-05,0.28201068612402014,1.1810611762455654e-06,0.18031237893405422,1.8140909841889888e-05,0.00014187443043267199,1.2840695666622392e-05,0.0016498988422562842,0.0004718307236000085,2.0513049802131032e-05,0.004365956140944381,0.017074676480890696,0.0002493908953173135,3.5162029563376324e-05,0.0016529548664977114
55,0.00018593782897721113,0.1617778970391466,0.00015419248234096528,0.25012876522885735,6.435493061661812e-07,1.1415624784147707e-05,0.0027595401275040217,0.0002939475968204008,0.0049530054960732735,0.0023963897026449245,1.7293409891761766e-05,0.4669996030261372,1.8294415790731984e-06,0.08874749629177486,1.378451720963649e-05,0.00011974238834036927,8.247603801395471e-06,0.0016334979655661483,0.0003905826193347155,1.2685079433689533e-05,0.00456571439038353,0.013196897973719193,0.00012535490094743256,4.174837873612876e-05,0.001463787336689632
56,0.00014575456182904092,0.21281909025652163,0.0001304004035254708,0.27671503709928147,9.950843630224944e-07,1.628460778241841e-05,0.0028851302899495787,0.0004967364211453006,0.0030932916531929886,0.0043800686563213705,2.9977271774390923e-05,0.297406490618514,1.3365190938073657e-06,0.17565488021618192,1.7587248790318617e-05,0.00014115179396738083,1.3689073956825267e-05,0.0016486865110761102,0.00048446275606284445,2.1141584833481752e-05,0.004551546358095291,0.017428185164793497,0.00025852856812704595,3.788784242151292e-05,0.001621659438399334
57,0.0001278596851864553,0.1908137763630137,0.00011495708406063918,0.2498216262946865,8.28758570362448e-07,1.2795222822267882e-05,0.002665391862351699,0.00044920588187605313,0.0030261290840625345,0.0040773974795215474,2.2703649711350288e-05,0.375805175443993,1.7945498196533717e-06,0.1430769287802966,1.6894875535918523e-05,0.0001474768901090732,1.5642904818026575e-05,0.0014383327696105062,0.0005094464842038991,2.28076864141733e-05,0.005138711472979058,0.020820721222443887,0.00023602047782539972,3.5729372933195484e-05,0.0016016457031544633
58,0.00016317976396774405,0.21420065002053318,0.00014241548688499896,0.28019129340350485,1.005839411536753e-06,1.7353782531045718e-05,0.0029112585734979647,0.0004914649498017226,0.003303172921212773,0.004306627592999095,3.225473827054461e-05,0.3049009409524895,1.4006782638851825e-06,0.1637531235121789,1.6549091487798342e-05,0.00014318594722193977,1.3097652920440302e-05,0.001699448580347127,0.0005355434688241195,2.0729170291118782e-05,0.004548220931908035,0.01676347694457494,0.0002684140627261208,4.648399505246358e-05,0.0015287079390982632
59,0.0001548471481341476,0.21597757822772057,0.00014949445185148886,0.2928125503400041,9.985718530837012e-07,1.7898928066732405e-05,0.002937073705636705,0.0005040267533135753,0.0033404874614256196,0.004481236457910698,3.27575699743893e-05,0.2951776139446901,1.3265002130818138e-06,0.15877618373302674,1.7340377247658886e-05,0.00014958251853839434,1.2648243693054099e-05,0.0016483179041748802,0.0005275525197377554,2.1491268903481254e-05,0.0046531750775819026,0.016782032757013902,0.0002769357075652326,4.712436110073537e-05,0.0014997254706219034
60,0.00014314723553369746,0.21776763968125074,0.00012998806323884262,0.282499425431452,9.842491406324744e-07,1.6524242883483e-05,0.0028901899060461552,0.0005119267574000174,0.0030868354997099566,0.004535755822931099,3.013494722875548e-05,0.28440007095131237,1.2145160552287642e-06,0.17777843240748192,1.7847695666997868e-05,0.00014455743635657047,1.320544118734349e-05,0.001665967359118831,0.0004817698523787299,2.0854217625879232e-05,0.0045084267674205545,0.017467366658873155,0.00025719538519790633,3.707649200034684e-05,0.0015934629825087583
61,0.00015823473953762115,0.21782672825768748,0.00014881131378339022,0.2889826146452137,1.0192815546853281e-06,1.7889742820715343e-05,0.002944079418965164,0.000507858808729353,0.0033392226847061865,0.00450007151785784,3.253994311993534e-05,0.29525770242215893,1.3677842457504521e-06,0.16040026719444206,1.7468699280836682e-05,0.00014903628641218728,1.3083833661961173e-05,0.0016791384119514746,0.0005320419923829136,2.1719337511270895e-05,0.004671493913039188,0.016950328404860576,0.0002753416250497663,4.661331051336963e-05,0.0015253264305135864
62,0.00014314723553369746,0.21776763968125074,0.00012998806323884262,0.282499425431452,9.842491406324744e-07,1.6524242883483e-05,0.0028901899060461552,0.0005119267574000174,0.0030868354997099566,0.004535755822931099,3.013494722875548e-05,0.28440007095131237,1.2145160552287642e-06,0.17777843240748192,1.7847695666997868e-05,0.00014455743635657047,1.320544118734349e-05,0.001665967359118831,0.0004817698523787299,2.0854217625879232e-05,0.0045084267674205545,0.017467366658873155,0.00025719538519790633,3.707649200034684e-05,0.0015934629825087583
63,0.00014910655621298456,0.2410683728088124,0.00012908990386468593,0.2755605008777594,1.0035786676736178e-06,1.6270289799820597e-05,0.002800227172871974,0.00047062044876017636,0.003087627140996388,0.004585018030085975,2.8556983143868087e-05,0.27275239614217517,1.1722379831768692e-06,0.1741410035964199,1.7467448698794124e-05,0.00013599671999219224,1.3039714762266743e-05,0.0015794871826315003,0.00048825848701640766,2.093399085795066e-05,0.004369361476782798,0.016680200427340256,0.00026045934420542354,3.67300790375684e-05,0.0016070993611212827
64,0.0001263669319354567,0.20899677796729174,0.00012384597702181667,0.28492476885231327,9.161614376235723e-07,1.5923324503607843e-05,0.0027905732569651043,0.00047155863404529745,0.002971435663470471,0.004776337453526564,2.6808436070596124e-05,0.2931596559984283,1.260396949925444e-06,0.17430951914411247,1.695932540905481e-05,0.00013894961816171493,1.3307334779034076e-05,0.001620700468711174,0.00045045591244795486,2.1722483759559724e-05,0.0052959841867653195,0.01783429057827197,0.00026638676259799926,3.589619521313493e-05,0.0016095989358108423
65,7.568997984398146e-05,0.1943728964830504,0.000124166131922839,0.3482290143841324,6.706995798202995e-07,1.3055390359414004e-05,0.0035560890813644283,0.000634032832818267,0.0014306580818686074,0.01062496398045053,1.6158592944910846e-05,0.20382320783159508,6.467745118931405e-07,0.21509694815646938,1.370963568669386e-05,0.00012605203012505458,9.11497141823161e-06,0.0013646738800091585,0.0002579325490346223,2.451733338103609e-05,0.005230835131283048,0.012931967576243208,0.0003194081844586074,1.8001491513813204e-05,0.0017055888159345847
66,0.0002628312099467471,0.27144760961271086,0.00025583747770644875,0.27250006992768694,2.071104835513353e-06,3.164722610490531e-05,0.003996975825948968,0.0005108616306752073,0.004049603408934726,0.009087747422266132,3.728088142777736e-05,0.2670351034864626,2.6471213331283816e-06,0.14120332205789934,2.1418465632899704e-05,0.0002010959974583708,2.153589165095875e-05,0.002283040016672415,0.0008194687423536492,4.8508820773735344e-05,0.007787871586089671,0.015488434699382407,0.0004943219926324541,9.151037975178688e-05,0.0023191850136622455
67,0.00026361484838576476,0.3250476088808768,0.00019642798755739837,0.14280579669109186,1.2334298973252632e-06,9.62626048257213e-06,0.006386346083582678,0.0005995567427865026,0.0049122299251211565,0.0029596601672306115,3.22507314409875e-05,0.39571284760680475,7.052534945485211e-07,0.0924380822247822,3.6003252990672784e-05,0.00010879257173320345,6.940083446517035e-06,0.001263312606523176,0.0007855397574740062,7.90867603948828e-06,0.0035475213842534833,0.020948436346775064,0.00013590396269439595,2.7851547041316134e-05,0.0017658029774935298
68,0.00013292467291300708,0.17598563713021853,0.00014987637519214353,0.3417977284863795,5.205317524620944e-07,1.1863726882209849e-05,0.002452646022929987,0.00042761361248906037,0.002344023935629417,0.004607082941277808,2.044025026847166e-05,0.3001613211916606,9.504868829395535e-07,0.15109262668451096,8.178007869366934e-06,9.303299530545669e-05,8.758697578071919e-06,0.0016024979789834347,0.00033104393793527556,1.5702299404210778e-05,0.004587862195598204,0.012654732817679383,0.0002533498076897559,3.621990167559381e-05,0.0012233653112940664
69,0.00011910588973020063,0.20274568989348252,0.0001421954802209791,0.32092954875180807,1.0132555441641393e-06,1.7467568607545014e-05,0.003008714856128749,0.0005643088469536325,0.0029162170509628993,0.004386321638743863,3.709391562596384e-05,0.2783159639099764,1.1543012248043282e-06,0.1629610284453587,1.7029050138933125e-05,0.0001569137164304778,1.1380068002384136e-05,0.001350408706606222,0.0004718438231091919,2.24852580203049e-05,0.004675757313183241,0.015493297484023193,0.00031825624848046824,4.623082708742785e-05,0.0012905737005495964
70,0.00013912743716479691,0.23953724292366502,0.0001273093721118661,0.272105462348249,1.0176990016517615e-06,1.9022144381285063e-05,0.0028882554616358417,0.0004838794978004485,0.0033517858335853044,0.004824289005119979,3.4284274149753096e-05,0.28279352763022364,1.2025434748698807e-06,0.16498146931701277,1.8358759509514854e-05,0.00014596859001182654,1.3277756368758216e-05,0.0016038336988398203,0.0006343066252522956,2.0374991337041155e-05,0.005326843876989341,0.0191347597831152,0.0002946176036413294,4.721483689691795e-05,0.0014725679904617301
71,0.0001301061086218572,0.245373799336984,0.00010337239429446158,0.2723587463967714,1.2611041225223443e-06,1.4039302208667783e-05,0.0028350461280011166,0.00039738927618553993,0.0027604742611355777,0.00490376683117095,2.300776836570203e-05,0.26346731865818473,1.4146557613826136e-06,0.18617278896655276,1.468679604849915e-05,0.0001420562447271119,1.396030580743282e-05,0.0013412153676586117,0.0003744730247857521,2.9638087965885955e-05,0.004256844202978582,0.013236457577813807,0.00030074450944654786,3.4152025723237275e-05,0.0017132406686839782
72,0.0001716374337220708,0.12195240067745619,0.0002661386021121741,0.3133082179125788,8.197705158849593e-07,2.369683031888638e-05,0.004119986962214125,0.000876415839539914,0.004901325685536871,0.003653144633568591,4.009636381867135e-05,0.39229821232633494,1.62814987099489e-06,0.12878609852165662,2.2714518028058387e-05,0.000232468497482937,9.636312344360224e-06,0.0023808526646582374,0.0005489258187818356,1.401543997909904e-05,0.006518675262451494,0.018379883118810506,0.0001581825331567514,5.1990359802682896e-05,0.0012828357652591613
