,0,1,2,3,4,5,6,7,8,9,10,11,12,13,14,15,16,17,18,19,20,21,22,23,24
0,4.266189758676481e-07,1.3599421125513865e-05,1.4637553852144562e-06,0.0006016118990064611,0.0007255758472406043,0.014912333814278029,0.0002665947282608712,3.5512651307249906e-09,1.1803271481281748e-07,6.550038840681134e-06,7.005185087955782e-05,7.117316636800298e-06,1.0240834125069739e-07,0.9788078301496272,7.215922721057153e-06,0.000531612630169933,8.961911332409628e-12,4.0332909358378505e-07,5.874093169266554e-05,1.2029047350537233e-07,1.2800719163876236e-05,2.0803500091058493e-07,0.003952078532742806,2.571567517401886e-10,2.343991024509242e-05
1,4.266844235859173e-07,1.4865916917391083e-05,2.1394525996755136e-06,0.0005089350307072969,0.0008288323715475176,0.02399234006777534,0.0003738300702693892,5.41568462613179e-09,4.038299311226116e-07,1.3327797140894366e-05,6.0709544721311824e-05,5.342677911880895e-06,8.997696682853824e-08,0.9697883829861572,1.528016218705288e-05,0.0014298434246851437,6.8590805975632594e-12,2.1305423245740935e-07,0.00016258896833558256,1.6665349543462579e-07,1.623466279790524e-05,2.3830838038030278e-07,0.002752655375654079,2.2197677122143348e-10,3.3147338641804214e-05
2,5.947117362526215e-07,1.5970446403689978e-05,9.72663782928429e-07,0.00047678716906027565,0.0005912509430134495,0.014138769932070938,0.00031056664566279246,5.087857232113646e-09,1.2086254717854196e-07,7.112410537884904e-06,5.190864880551543e-05,7.6020921914909096e-06,9.16535113085102e-08,0.9749380682189158,2.004365971541524e-05,0.0010074009751385982,1.8062308864492382e-11,2.8984548013677526e-07,9.523452788057771e-05,1.3409564895157566e-07,1.5656458782289767e-05,4.976691978059398e-07,0.008288710784774524,2.862079492751943e-10,3.221019301473258e-05
3,4.204358268313828e-07,1.3915307408450517e-05,1.3798042511955888e-06,0.0006223483357718149,0.000707951532990036,0.013966515808860698,0.00025716245507557197,3.561653339245937e-09,1.1084201073537515e-07,6.606557824652691e-06,6.645533788761066e-05,6.931688025837771e-06,9.752261886297106e-08,0.979655219024362,7.125058885857388e-06,0.0005135186257500526,9.224751068023032e-12,4.0302263220214397e-07,5.847374640819316e-05,1.1472789444084499e-07,1.3321601391035976e-05,2.0915398099148574e-07,0.004076899120932012,2.551609327250639e-10,2.481646317203953e-05
4,3.0661767251466124e-07,1.2806546333242732e-05,1.217092846292886e-06,0.00047442847824436505,0.0006931789708135932,0.011113068515444819,0.00019629239767087308,2.2447461797522822e-09,8.503826738593764e-08,5.027062226376025e-06,4.9415300368502356e-05,5.463266461345571e-06,1.2227559462514185e-07,0.9841392091816016,5.019835842790198e-06,0.00033403068333935073,6.804780649088666e-12,3.0396602577587945e-07,3.9924606788487585e-05,8.27417473463058e-08,8.089355828031931e-06,1.531180861590404e-07,0.0029064632787472074,2.1244445704115392e-10,1.5309206053922814e-05
5,3.248650025997048e-07,1.3464067115785047e-05,1.1765893399329766e-06,0.0009455142668984774,0.0007658304710360112,0.011701070304260682,0.00020926999071970684,3.6981902652425205e-09,6.793653377347746e-08,6.998775643595971e-06,6.344971321085814e-05,6.8016835366401765e-06,1.0776870947510956e-07,0.9811888329238725,3.993761490070505e-06,0.00035898165254097674,9.631071694060486e-12,6.1319888037601e-07,3.902010072114342e-05,1.2020578056267518e-07,1.439784328593955e-05,1.742434964870995e-07,0.0046574811846856,2.8329309318088187e-10,2.2304462124194145e-05
6,4.204358268313828e-07,1.3915307408450517e-05,1.3798042511955888e-06,0.0006223483357718149,0.000707951532990036,0.013966515808860698,0.00025716245507557197,3.561653339245937e-09,1.1084201073537515e-07,6.606557824652691e-06,6.645533788761066e-05,6.931688025837771e-06,9.752261886297106e-08,0.979655219024362,7.125058885857388e-06,0.0005135186257500526,9.224751068023032e-12,4.0302263220214397e-07,5.847374640819316e-05,1.1472789444084499e-07,1.3321601391035976e-05,2.0915398099148574e-07,0.004076899120932012,2.551609327250639e-10,2.481646317203953e-05
7,6.364795138608292e-07,3.91681317591893e-05,4.765547200048742e-06,0.0007837909890634333,0.0005153244397154585,0.010526277946775018,0.0008341508377944311,3.4861676182360224e-09,2.8225974601187076e-07,4.75377740395193e-06,0.0002213291584311009,7.392499952851725e-06,8.191951344549103e-07,0.9849614086816112,5.412930705433014e-06,0.0001685291135975106,9.346760277826586e-12,7.449618362965254e-07,2.9876509881537897e-05,3.596298900561562e-07,3.998265485224598e-06,1.3783627976420673e-07,0.0018744607800956858,8.32709541465615e-10,1.6375699903665404e-05
8,2.1747417552449398e-07,1.2235249914487734e-05,1.4721218520109821e-06,0.001140486956884831,0.0005186028505202498,0.002895257231566662,0.00017463616515077244,4.404991802191264e-09,5.821580156331311e-08,1.1120548724628785e-05,8.997033266861534e-06,2.920508572762638e-06,8.230519140432899e-08,0.9913428252522275,3.0106657936933136e-06,0.0004607256600669816,7.787309024786618e-12,1.4375981339846417e-07,3.0292364596873896e-05,8.606753188234258e-08,9.814023778961903e-06,9.557996538401404e-08,0.003335596136574073,3.31927863312469e-10,5.131908332261665e-05
9,2.3492786435319933e-07,2.112385673184816e-05,5.234455679877524e-06,0.0016455726045463148,0.0007149493273970388,0.0030925398185183473,0.00027936505911571277,5.515330706365534e-09,1.8148670349376303e-07,1.1329348976120948e-05,1.9692221282845292e-05,3.2233966943141908e-06,2.626126273526681e-07,0.9923770719570225,2.446466624806794e-06,0.00023974328553539706,6.753107451891575e-12,2.1684547078925396e-07,2.3396083138618824e-05,1.8267289549322244e-07,6.343636052488103e-06,5.815552535875496e-08,0.001504324342484812,7.663533079627383e-10,5.2501150674705336e-05
10,4.204358268313828e-07,1.3915307408450517e-05,1.3798042511955888e-06,0.0006223483357718149,0.000707951532990036,0.013966515808860698,0.00025716245507557197,3.561653339245937e-09,1.1084201073537515e-07,6.606557824652691e-06,6.645533788761066e-05,6.931688025837771e-06,9.752261886297106e-08,0.979655219024362,7.125058885857388e-06,0.0005135186257500526,9.224751068023032e-12,4.0302263220214397e-07,5.847374640819316e-05,1.1472789444084499e-07,1.3321601391035976e-05,2.0915398099148574e-07,0.004076899120932012,2.551609327250639e-10,2.481646317203953e-05
11,4.2052676265274156e-07,1.4749377877719547e-05,1.431187331934475e-06,0.0006058335787592692,0.0006927986918549235,0.012601182289571983,0.0002535579733829542,3.3659591605749573e-09,1.0698911286997322e-07,6.199641735082535e-06,6.467950098626382e-05,7.100901750013313e-06,1.2483863603199098e-07,0.9814246845855542,6.4649643022415385e-06,0.0004400131385439956,9.706102640258722e-12,4.129305114493134e-07,5.133372268641168e-05,1.1843229541773994e-07,1.1187195154599217e-05,2.0285310067919563e-07,0.0037948261144498067,2.779435566439787e-10,2.2566912030493154e-05
12,3.996646098325292e-07,1.3038587670357352e-05,1.1861962217724912e-06,0.0005775432971899867,0.0006987515206515085,0.013221649047877777,0.00022299874672979065,3.0905662823970925e-09,8.494898692661e-08,6.09910401036929e-06,5.8488813616949956e-05,6.9007358978871916e-06,9.36517777182155e-08,0.9803599830786213,6.191714363113866e-06,0.00047819429592154203,9.116700901453996e-12,4.0882784671718874e-07,5.0741310981979176e-05,9.977214912782736e-08,1.2475827912525706e-05,2.071719826327724e-07,0.00426247506689128,2.376057816427452e-10,2.1985280800021355e-05
13,4.0264866449064716e-07,1.9602700948404774e-05,1.3254879257262657e-06,0.0008073960588232188,0.0007593600076711894,0.019200346884728443,0.00030845144930295764,3.982555855939072e-09,1.1910887182677178e-07,1.4072061300384516e-05,4.8004205922043783e-05,4.631909057626853e-06,1.0832851810744182e-07,0.9727129096245317,6.75429703693177e-06,0.0008103722648629482,8.336959724769204e-12,5.170367970121174e-07,5.769317250914462e-05,1.5060570936866195e-07,1.4139604909194227e-05,2.2668756309133347e-07,0.00520033059029017,3.4988669313111153e-10,3.3080923276602085e-05
14,2.7812601451700933e-07,2.4981353879926065e-05,1.262171670893227e-06,0.0006831390648178776,0.0009407257994061474,0.018904288470131838,0.0002424474603673693,3.3784665973973763e-09,1.3833929399328032e-07,1.245389015661448e-05,6.732444502655765e-05,4.505322238764428e-06,1.43911916421523e-07,0.9752895014502521,6.401079227976295e-06,0.0004614189295858947,7.350504071590124e-12,4.827639764171252e-07,5.817274871420533e-05,1.2408157115739295e-07,1.2887654123978792e-05,2.2157319715174923e-07,0.0032694899278805853,2.915503877239672e-10,1.9607759181997975e-05
15,4.204358268313828e-07,1.3915307408450517e-05,1.3798042511955888e-06,0.0006223483357718149,0.000707951532990036,0.013966515808860698,0.00025716245507557197,3.561653339245937e-09,1.1084201073537515e-07,6.606557824652691e-06,6.645533788761066e-05,6.931688025837771e-06,9.752261886297106e-08,0.979655219024362,7.125058885857388e-06,0.0005135186257500526,9.224751068023032e-12,4.0302263220214397e-07,5.847374640819316e-05,1.1472789444084499e-07,1.3321601391035976e-05,2.0915398099148574e-07,0.004076899120932012,2.551609327250639e-10,2.481646317203953e-05
16,4.254357846667569e-07,1.5033323672026049e-05,1.0582427937627167e-06,0.0007367021923565165,0.0006627556277433505,0.014414398586368945,0.0002494546429001991,4.267996495850578e-09,8.59639826103913e-08,1.0156055621582261e-05,5.899686614497711e-05,6.965668002098583e-06,7.448242065068614e-08,0.9783115427242314,6.449784594539667e-06,0.0006510047817114126,1.0982933555838603e-11,5.48753439632978e-07,6.517874273411863e-05,1.1262996673583907e-07,2.296345355107974e-05,2.582418930178474e-07,0.0047574440204553375,2.5600565272673e-10,2.83852446463053e-05
17,3.551918651268851e-07,1.1281845568988054e-05,1.1135124834048257e-06,0.0006323187726141051,0.0006069197730200067,0.00995703396816075,0.0001999979973727374,2.791884978389805e-09,6.745014518163435e-08,5.023912129076649e-06,5.027743581663696e-05,6.5352186785922775e-06,9.207652357609108e-08,0.9842024386522293,4.424694924508145e-06,0.00036509925275081455,8.015999559722923e-12,3.922479139818117e-07,3.99428830706625e-05,9.291109172100744e-08,1.0859754314019154e-05,1.6113523739852938e-07,0.0038842851184693397,2.1475696705132933e-10,2.128318096202492e-05
18,1.1249225265114215e-06,1.915702928279685e-05,1.4222507852935634e-06,0.0006655385315527352,0.0003364619880281551,0.00452980036785456,0.0002906255253038875,3.337390424442081e-09,3.8222335752181835e-08,5.960229455331831e-06,3.469834932596113e-05,1.4567151826338067e-05,1.2174404488626162e-07,0.9875979116143901,4.478502582833819e-06,0.0004010945002747355,3.05918365473389e-11,9.82489342480717e-07,3.1166636490540225e-05,9.873484412150474e-08,1.5309926997900793e-05,3.342936396934403e-07,0.005984817245918409,6.295423217918632e-10,6.428574567269678e-05
19,2.0346497818668575e-07,1.147632099655378e-05,2.3715299705686663e-06,0.000530559070975381,0.0010847771924614507,0.008837811455803266,0.00014211321839489096,2.7011852834539724e-09,1.3691486422502837e-07,5.3906651428319844e-06,4.50608041548434e-05,6.6118794989621576e-06,1.6017379359930657e-07,0.9877859360639418,3.615506297356268e-06,0.00021783248880774086,5.84462789186097e-12,2.1555346620541157e-07,3.58665592358404e-05,8.822721398633607e-08,6.41545704187787e-06,1.1900256114942816e-07,0.0012693001543454838,2.1172525456543543e-10,1.3935377298646844e-05
20,3.3090428787175463e-07,2.3588518652664922e-05,1.286556353260702e-06,0.00071151566627191,0.0010883660476669194,0.009726354598623836,0.0001942229408251572,8.300193549003952e-09,1.3407079051761394e-07,1.0435292936921533e-05,5.5834895577277696e-05,7.763894907159444e-06,1.0328567505803936e-07,0.9828718321457806,1.364645157811632e-05,0.000470707686187883,2.3234725292286684e-11,3.701945331137655e-07,9.334218750960204e-05,1.2280392340988348e-07,2.2298987919215478e-05,6.00780583315545e-07,0.004677844888200057,3.718367762070593e-10,2.9288505951169895e-05
21,4.0504697336247014e-07,2.1731916761039392e-05,1.6038806202437276e-06,0.0007417713740405003,0.0009947574519035371,0.016312749729496236,0.0002587988175228499,5.877121843894899e-09,2.1830960738938015e-07,8.262306718329113e-06,9.501517027135716e-05,5.822791961338412e-06,8.37684045147432e-08,0.976827134997468,1.3311588824011056e-05,0.00044227726622426185,1.2753953649886318e-11,4.1885163367493763e-07,9.792536421739722e-05,1.1925271247190816e-07,1.864253002982522e-05,3.3925270956139354e-07,0.004123183241405025,3.119998686445973e-10,3.542088861958153e-05
22,6.247234177251004e-07,9.607711772609737e-06,1.7336548995905908e-06,0.0006352591612747626,0.0007365345076252425,0.018768997147538564,0.00029631188722602,5.304711327595968e-09,9.7203770198406e-08,6.250796417622447e-06,0.00011435962104965825,1.2281778628859911e-05,7.361318015350119e-08,0.9735534351022705,6.418331977576059e-06,0.0007402555947219709,1.561403352205169e-11,7.939784630051825e-07,6.53416044870979e-05,1.635284946676953e-07,2.6574844782905027e-05,3.2267677474698536e-07,0.005005820300916617,2.835445436712428e-10,1.8736626440071042e-05
23,4.204358268313828e-07,1.3915307408450517e-05,1.3798042511955888e-06,0.0006223483357718149,0.000707951532990036,0.013966515808860698,0.00025716245507557197,3.561653339245937e-09,1.1084201073537515e-07,6.606557824652691e-06,6.645533788761066e-05,6.931688025837771e-06,9.752261886297106e-08,0.979655219024362,7.125058885857388e-06,0.0005135186257500526,9.224751068023032e-12,4.0302263220214397e-07,5.847374640819316e-05,1.1472789444084499e-07,1.3321601391035976e-05,2.0915398099148574e-07,0.004076899120932012,2.551609327250639e-10,2.481646317203953e-05
24,1.2629235735739245e-07,1.0760651843152172e-05,6.198160712526406e-07,0.0006841713937220185,0.0005861553330784567,0.006811543403453762,9.959115534425097e-05,1.5608922932361705e-09,3.701958015824156e-08,4.972352621360355e-06,2.5356192606476662e-05,3.06525824387231e-06,8.505340170874926e-08,0.989473821790567,1.5925319777913976e-06,0.00016583382142408313,3.116059722341536e-12,2.659215091540509e-07,2.519267830727537e-05,6.036376526809476e-08,6.526284248176831e-06,8.399667842944022e-08,0.002088181170317523,1.0049498483958878e-10,1.1955854378013568e-05
25,2.4468617833216064e-07,2.7829497298503765e-05,5.247642184557807e-07,0.0001662708809935987,0.0008726499488659228,0.04071809415263723,0.00010218613433060224,6.364546435012979e-10,1.5719806581785377e-07,1.64580604758291e-05,1.2534522296935032e-05,1.440796164669861e-06,3.967601392380614e-08,0.9536926324365036,1.8029178724065684e-05,0.0008483309323383899,2.9494158463406525e-12,1.448224958093016e-07,5.2117736361700066e-05,1.9924138824788027e-08,8.453380554333734e-06,2.7495541721805203e-07,0.003423870794290916,1.29537988116696e-10,3.76947526932376e-05
26,1.5730725445539042e-06,2.9238156566538905e-05,5.806171617305265e-06,0.0012452659395233447,0.0007798765016351739,0.013840223447689984,0.0006889799545702685,7.45124621267728e-09,1.798974928372225e-07,8.554692538701253e-06,0.00016536857663082378,1.549234657892508e-05,3.4575945822212914e-07,0.9758984112209522,7.531678509825132e-06,0.0004975755829117502,3.894790934430339e-11,2.0308701014235815e-06,3.40755358295683e-05,3.4034401029238103e-07,1.6828046699517648e-05,3.0676768927496523e-07,0.00671065306951307,2.020521070361044e-09,5.133285622131529e-05
27,7.950601824911899e-07,2.537053866941441e-05,2.3796522640669845e-06,0.0007733001724857862,0.0008387493098246106,0.033045708683526374,0.0004861849771728464,1.0804213127225246e-08,5.659280553124886e-07,1.8176936380951737e-05,9.311121379674644e-05,7.766098508007327e-06,9.829224834127895e-08,0.9574628162899471,2.898210602184056e-05,0.0014528268587145085,1.671375898565706e-11,5.187221838348093e-07,0.00015943504320299834,2.9404950417281274e-07,2.6565784554301907e-05,6.692070132963179e-07,0.005501930366437041,4.546450110638618e-10,7.374343373414624e-05
28,4.204358268313828e-07,1.3915307408450517e-05,1.3798042511955888e-06,0.0006223483357718149,0.000707951532990036,0.013966515808860698,0.00025716245507557197,3.561653339245937e-09,1.1084201073537515e-07,6.606557824652691e-06,6.645533788761066e-05,6.931688025837771e-06,9.752261886297106e-08,0.979655219024362,7.125058885857388e-06,0.0005135186257500526,9.224751068023032e-12,4.0302263220214397e-07,5.847374640819316e-05,1.1472789444084499e-07,1.3321601391035976e-05,2.0915398099148574e-07,0.004076899120932012,2.551609327250639e-10,2.481646317203953e-05
29,4.204358268313828e-07,1.3915307408450517e-05,1.3798042511955888e-06,0.0006223483357718149,0.000707951532990036,0.013966515808860698,0.00025716245507557197,3.561653339245937e-09,1.1084201073537515e-07,6.606557824652691e-06,6.645533788761066e-05,6.931688025837771e-06,9.752261886297106e-08,0.979655219024362,7.125058885857388e-06,0.0005135186257500526,9.224751068023032e-12,4.0302263220214397e-07,5.847374640819316e-05,1.1472789444084499e-07,1.3321601391035976e-05,2.0915398099148574e-07,0.004076899120932012,2.551609327250639e-10,2.481646317203953e-05
30,4.204358268313828e-07,1.3915307408450517e-05,1.3798042511955888e-06,0.0006223483357718149,0.000707951532990036,0.013966515808860698,0.00025716245507557197,3.561653339245937e-09,1.1084201073537515e-07,6.606557824652691e-06,6.645533788761066e-05,6.931688025837771e-06,9.752261886297106e-08,0.979655219024362,7.125058885857388e-06,0.0005135186257500526,9.224751068023032e-12,4.0302263220214397e-07,5.847374640819316e-05,1.1472789444084499e-07,1.3321601391035976e-05,2.0915398099148574e-07,0.004076899120932012,2.551609327250639e-10,2.481646317203953e-05
31,2.9961102850397454e-07,1.561291416902778e-05,2.2733161229582134e-06,0.000993920343853594,0.0008498195742322868,0.004129645715602706,0.00015999654780813471,5.2166842598192716e-09,5.6082446134112535e-08,7.195481879058201e-06,2.7518066316994146e-05,6.6515534419485795e-06,1.5951706798962858e-07,0.9911535147969563,1.86043993658009e-06,0.00026024390820929245,1.066965548408985e-11,4.490267004889366e-07,3.0698112016940025e-05,1.3859968394228598e-07,8.782741860824575e-06,1.343326788156508e-07,0.002327296985555771,4.5555634203571435e-10,2.3726649521426857e-05
32,4.328762406445261e-07,1.4336853518444062e-05,1.3822342892276054e-06,0.0005689223287346956,0.0007460750398034253,0.014800333010956103,0.00025186361744503326,3.974078146180927e-09,1.3539176430370474e-07,7.089878453666374e-06,6.615576155936867e-05,6.948053099366991e-06,8.946756693391347e-08,0.9789533143068044,8.918396870501282e-06,0.0005862715640383479,9.985858228436719e-12,3.623496914918393e-07,7.74705129806326e-05,1.12392432422637e-07,1.49397044232585e-05,2.478040727658491e-07,0.0038684266699748945,2.3932051054056403e-10,2.6167561895320906e-05
33,4.7677443700415385e-07,1.3613036766482377e-05,1.8486594351366687e-06,0.0007471225091858554,0.0007226772645303013,0.016872104643647565,0.00032797910184388234,4.279213616268056e-09,1.7816829461692336e-07,7.6470615989268e-06,8.391938026749242e-05,7.361831749617341e-06,9.178369149925603e-08,0.976397302367905,9.066229884214723e-06,0.000612773147478822,8.885892135644245e-12,4.149633613325435e-07,6.864439824445556e-05,1.3293430279327801e-07,1.691405952363882e-05,1.8084705332365882e-07,0.0040738367895655995,2.8974362195586703e-10,3.5709469389228074e-05
34,4.429773158960351e-07,1.4658766429214884e-05,1.522922861877467e-06,0.0005870684425857224,0.000711623179514234,0.014971890615712483,0.0002704837425883632,3.6385470328407415e-09,1.4405086579106867e-07,6.7977068187634716e-06,6.95585684836391e-05,6.740300413931245e-06,9.7821807311019e-08,0.9790860589616754,8.295774710729081e-06,0.0005316162310320978,8.866196939701344e-12,3.749142264166305e-07,6.670159533837251e-05,1.1534777410245758e-07,1.3305326671220443e-05,2.1245724542019022e-07,0.0036251732747268712,2.5353046393437166e-10,2.7113120258713238e-05
35,2.0328476323530474e-06,6.276698328347264e-05,5.738739839827588e-06,0.003669492060707012,0.0006915544024428202,0.018044756032672367,0.0007781828664574292,4.5514067789655397e-08,1.1201794806407999e-06,5.388566787517796e-05,0.00015692094153391226,1.616850005734773e-05,1.5724402786386198e-07,0.9716591825750349,1.0993320458955702e-05,0.0007783734034572273,5.1711709698436186e-11,4.045809416746593e-06,0.0002637396325861934,7.338035072539471e-07,8.176722024881386e-05,7.98277404156935e-07,0.003248632456548888,1.4906458405797925e-09,0.0004689099789012763
36,4.210242349126221e-07,1.4020833104943631e-05,1.3777271619921664e-06,0.0006276050980359404,0.0007071716909166902,0.014240446085634222,0.0002605301112886693,3.5674366940917273e-09,1.1116731921473496e-07,6.655536828143957e-06,6.774975937902851e-05,6.879867915527658e-06,9.757940808557942e-08,0.9793263499926076,7.123573153277735e-06,0.0005148589614671379,9.154346623479829e-12,4.116991667096213e-07,5.8153658457918626e-05,1.162398227825948e-07,1.3415289025902886e-05,2.0966834116641398e-07,0.0041215823443616385,2.5675097920361345e-10,2.4708259026508526e-05
37,7.624078857278769e-07,5.892526701623612e-06,1.202193898665058e-06,0.0002136825910854345,0.0002128939333988622,0.003225464106042849,0.0001904606758462085,7.793355990918643e-10,1.6116483317499387e-08,8.843218608274418e-07,3.357598165007654e-05,8.046394740229635e-06,6.740123029150748e-08,0.9942771860573393,1.2493124575360918e-06,0.00017400866782241314,4.6449012820926756e-12,3.369584108622695e-07,1.6249320636801184e-05,4.557238381852355e-08,3.4221859524376173e-06,8.053357436427876e-08,0.0016247124539768487,1.3818746264105907e-10,9.759364453517532e-06
38,1.3444035288469911e-06,9.106936204736103e-06,9.474127755833336e-07,0.00016755528256987711,0.00036429856471608584,0.06864022064193342,0.0008762820169717085,1.8081207174834813e-09,1.2692138655559924e-07,5.21644988832113e-06,0.00016356441705470064,9.041409206504543e-06,5.513711272266856e-08,0.9168631965957632,2.6933312718084742e-05,0.0029523389868291905,7.0138194340215765e-12,4.824738687243012e-07,9.403843027684429e-05,1.2097684094517044e-07,1.711294010924084e-05,4.0203244927794264e-07,0.009793262686697111,1.9393432087018362e-10,1.4349962029628932e-05
39,5.57932366867651e-07,5.124662518781262e-06,2.4681905128962763e-06,0.0012535068391986812,0.0015751732332736398,0.024597472138712526,0.0002361773850619975,1.724901689572851e-08,1.670550127109624e-07,1.4079637564738688e-05,8.44597458843246e-05,2.1359001352769943e-05,4.179204944574092e-08,0.9631194343474776,9.313130930753017e-06,0.00244036072655058,1.9531533543951637e-11,5.184168010738003e-07,0.00017664226998234894,2.3426473295883001e-07,7.974275378757264e-05,2.709659576006936e-07,0.0063381031797223025,2.755837047843538e-10,4.477478641579732e-05
40,3.7054487929635126e-07,2.9932580425692143e-05,2.821732093376682e-06,0.004165728831662178,0.0016158850642333763,0.02873961477191787,0.0006254794611722055,1.9704296978241104e-08,2.935412923134298e-07,4.3402497906388654e-05,0.0001381406872653824,8.881139401053048e-06,3.68935951619677e-07,0.9508821592674024,9.208944967376876e-06,0.001347626190270579,2.055172584783708e-11,1.1946936247064165e-06,8.144452473667008e-05,7.137933553137178e-07,3.0330828162466673e-05,2.0421596437251928e-07,0.012215473706783449,1.1991282218031283e-09,6.070312255476545e-05
41,5.697887295583358e-07,1.4655963160842507e-05,1.1833461170150785e-06,0.0007186184181367357,0.0005815285955698999,0.012582445681176516,0.00031167329002327254,3.924617375515733e-09,6.932723160991083e-08,5.835379818291498e-06,8.823475985612555e-05,9.951798590964663e-06,1.1258860902011203e-07,0.979059809252914,5.9973333077252685e-06,0.0005013550137049123,1.3836666987797622e-11,6.955944762979352e-07,5.296580226985628e-05,1.4304053531354293e-07,1.514226725305e-05,2.6104318993309344e-07,0.006024289263197794,3.117272142159969e-10,2.4458201949855915e-05
42,9.579908369814952e-07,1.8802180080068957e-05,1.9791097127228443e-06,0.0006639586981339956,0.0009842347516882026,0.024862454926548715,0.0005430150594332352,3.26696092383492e-08,3.66321394465366e-07,1.9865763625592058e-05,0.00011705196032803507,1.4716995785679454e-05,4.290155527490605e-08,0.9581880661272757,5.386430404280858e-05,0.00468483544065626,4.6614488669063314e-11,3.727865464493919e-07,0.0005928753536287987,4.3157945226246584e-07,8.549495273355041e-05,2.228530283624343e-06,0.009116026620309976,3.4744847188488833e-10,4.83245822750575e-05
43,3.068823669012019e-07,2.3887278998930584e-05,6.292005420139338e-07,0.0011282826634996508,0.0026300925236505484,0.092515595628258,0.0002111872518656787,1.6948253279789285e-08,2.5457767405406905e-07,9.753587771585049e-05,6.739846501421753e-05,5.901712867129161e-06,4.1890304460960595e-08,0.8836502051714792,3.4111135243744114e-05,0.004708101895570545,2.3921191809629484e-11,7.035428470703069e-07,0.00030778372332827955,1.6400521511257725e-07,0.0001387357353427069,1.2098211679061153e-06,0.014430116547857905,3.3912873249755903e-10,4.7737157886908484e-05
44,4.204358268313828e-07,1.3915307408450517e-05,1.3798042511955888e-06,0.0006223483357718149,0.000707951532990036,0.013966515808860698,0.00025716245507557197,3.561653339245937e-09,1.1084201073537515e-07,6.606557824652691e-06,6.645533788761066e-05,6.931688025837771e-06,9.752261886297106e-08,0.979655219024362,7.125058885857388e-06,0.0005135186257500526,9.224751068023032e-12,4.0302263220214397e-07,5.847374640819316e-05,1.1472789444084499e-07,1.3321601391035976e-05,2.0915398099148574e-07,0.004076899120932012,2.551609327250639e-10,2.481646317203953e-05
45,4.0989465917704427e-07,1.3944324726228323e-05,2.0025008945575022e-06,0.0005171678122516602,0.0008322561581470548,0.014362253582455145,0.0003502086766112276,4.530135495403198e-09,1.804429432695018e-07,6.391338574252982e-06,7.832450702273019e-05,7.061794641196746e-06,1.3888382555977354e-07,0.9796921789473306,1.049852059392702e-05,0.0006256712816024511,9.049983472425474e-12,2.556523344433629e-07,7.466414190647049e-05,1.4811949398694126e-07,9.872708807927724e-06,2.183326996094245e-07,0.003396816415450319,2.9804113632198576e-10,1.9331125801639845e-05
46,2.616080843207421e-06,3.156926342045194e-05,3.3452774125240896e-06,0.00249330682438866,0.001493652028070194,0.005972224875595644,0.00031898262161507543,3.873669550200251e-08,7.660931615631771e-08,1.0966839083788855e-05,0.0001573521250478408,7.14386221504204e-05,3.7594345472904306e-07,0.9663160263327771,1.4452197986676002e-05,0.0007801759914956587,6.492519137778341e-10,2.597303313657638e-06,0.00010571596882174077,4.523254978628053e-07,6.206996280647564e-05,1.5446815742285438e-06,0.022074657177612544,2.986302038517814e-09,8.635857546583676e-05
47,3.946564594036013e-06,1.605205132301335e-05,1.664361492399649e-06,0.00026654034089516307,0.0002487846715518091,0.01877303618625177,0.000607605031314942,4.2704686300907305e-09,6.775684750965402e-08,5.745538471921124e-06,8.827525010739124e-05,3.7984808453355924e-05,9.38882271538834e-08,0.9705351021976183,1.1183370611465644e-05,0.0019979317410722336,3.666272872641497e-11,1.5088159962164324e-06,8.22700409645581e-05,2.9532031428662483e-07,2.0947461133342256e-05,1.4544671895625293e-06,0.007258723652754296,4.0010443837278335e-10,4.078177557962352e-05
48,3.7837227120470023e-07,1.0823363376348798e-05,1.626871633963037e-06,0.000628363289907554,0.0006904025549300611,0.01644878722878223,0.0002457175213909576,2.83165593597488e-09,1.2372969862024832e-07,5.62546478477254e-06,7.262605537672918e-05,6.962551377359817e-06,8.798212844815657e-08,0.9780425261655294,5.6209491092597655e-06,0.0004441966854165839,6.012646687377145e-12,4.1092701984416095e-07,4.401757620642819e-05,1.1395722586809643e-07,1.2110717898268585e-05,1.4965045690126958e-07,0.0033157889240972055,2.133926541305073e-10,2.3536410320771873e-05
49,4.416599881565559e-07,9.392253880089548e-06,1.4822292196770213e-06,0.0004750659149202918,0.0007558448883174263,0.017682015151933607,0.0002000014430902646,3.1962052823983644e-09,8.371881340770713e-08,4.67597010245383e-06,7.818091737540652e-05,1.2496875774551198e-05,9.73773308724648e-08,0.9764275976129697,5.301282808808488e-06,0.00046910394822062556,9.657261870212664e-12,5.421143303343805e-07,4.317165897441471e-05,1.3631419431305067e-07,1.2393816848969685e-05,2.8435992274462843e-07,0.003806454758700537,1.990184797967196e-10,1.5232327402078195e-05
50,8.931079640993086e-07,1.2587866595857692e-05,2.6327383387056515e-06,0.0010110105384399765,0.0010831195666130154,0.019348813095934277,0.0002230123666399311,4.8728798606083595e-09,1.1991371482843578e-07,2.7376481997950928e-06,0.00029938109262098796,3.001336273689863e-05,1.4003851166374926e-07,0.9688679518198923,1.0274272688853418e-05,0.00024300058241244753,3.312142853115965e-11,1.4857135042688187e-06,3.352742345363972e-05,1.54836347410442e-07,2.7521959065996575e-05,2.7140787542753113e-07,0.008769795625969587,5.405085252093299e-10,3.154957597054881e-05
51,3.1184830199173456e-07,1.3823559615246707e-05,1.170614073919808e-06,0.0007616900299927848,0.0006273555948131661,0.010788030655765985,0.00023309134748545878,3.5383227657618595e-09,8.447502274354121e-08,6.2949410660723165e-06,6.897256892838948e-05,5.901984232534041e-06,8.622916063327878e-08,0.983736601528981,4.630892147156471e-06,0.00031201057578627813,7.530265955681927e-12,4.824113020130734e-07,4.690004307802534e-05,1.029173389822755e-07,1.4464729252232065e-05,1.741372471405497e-07,0.0033564774112405786,2.2172002993616245e-10,2.133773759452791e-05
52,3.6137482165978486e-07,1.2303655955572604e-05,1.3934231334033518e-06,0.0006089958941061323,0.0007747306785994257,0.00802955849690341,0.00019743753909014098,3.922342331568665e-09,9.583526166159269e-08,5.610539611833529e-06,4.673866857124847e-05,6.796140783356347e-06,7.615478200716205e-08,0.9863623065236915,7.1123223808987485e-06,0.0004587817228641183,1.0215334112491152e-11,2.3244441432393508e-07,7.195752370201649e-05,7.98394466255423e-08,1.3600276369251486e-05,1.7551597292800032e-07,0.00337357034663887,2.253490495444182e-10,2.808092499280056e-05
53,2.210299046581476e-06,3.2114773441528743e-05,3.464010839045604e-06,0.0010891785048299856,0.0002437661785691639,0.04154346782346146,0.0051087510390021885,8.408635078461845e-09,4.5672789378790197e-07,1.0850059892056246e-05,0.0004440305213098662,7.835267849591902e-06,2.763098541100214e-07,0.9276079461620439,3.6238994097196624e-05,0.002469947127803266,1.6585184396373527e-11,1.2932546418634079e-06,8.216589940166836e-05,1.0530727964453986e-06,1.7069263745300087e-05,3.97850973574097e-07,0.021238652071265067,1.4009772152718977e-09,5.882496104480713e-05
54,2.882671280901329e-07,1.7846946814139137e-05,2.5712821457421662e-06,0.003283300601250539,0.006691659503114482,0.02379559615525084,0.00014571883768306146,2.6458577005638235e-08,1.392335587386578e-07,8.763043220754211e-06,0.0006326759236649285,2.0812167479396088e-05,1.9952400999988723e-07,0.9547740545438296,7.744311718667262e-06,0.00022685872088979136,6.920268102856337e-11,2.2926503018570497e-06,9.816245827736332e-05,2.1746768178634971e-07,6.514710152682935e-05,3.583726092399149e-07,0.010211272893277924,9.492293909531021e-10,1.4292517557181163e-05
55,1.1663214958618195e-06,2.5674230176478946e-05,6.130327742049292e-06,0.001282437416916171,0.00045210200452927286,0.012691685949152674,0.0005950602976405772,4.42910127557719e-09,4.0769208055965054e-07,6.022471056166047e-06,0.0001694248234766594,1.96427369219116e-05,4.4101100100348505e-07,0.9824213539208352,4.9263838358490615e-06,0.0002512005618303159,1.1478001644245174e-11,1.303419803612185e-06,4.0787804916619984e-05,4.1398241245065294e-07,8.653252947235823e-06,1.2969425234252235e-07,0.0019371052226611887,6.706473635429345e-10,8.392536308905201e-05
56,4.31081604941902e-07,1.5780230314224436e-05,1.505029853963283e-06,0.0006250939990705343,0.0007378370153197899,0.012878392368310523,0.0002601937379851082,3.621651826072271e-09,1.1515149127372717e-07,6.4834632105884465e-06,6.848748833645504e-05,7.1511937286001325e-06,1.3337837962196437e-07,0.9810299129171864,6.894669197913904e-06,0.00045375601985475747,1.040237178627633e-11,4.1977677279990346e-07,5.5541492859937726e-05,1.2408852498786571e-07,1.159590623535429e-05,2.0630617716447472e-07,0.003817315496529794,2.985739948410593e-10,2.2625258427081002e-05
57,3.4269011396527027e-07,1.0892154432390021e-05,2.4427335110912988e-06,0.0004840025190434429,0.0016468129072894097,0.009230386327641189,0.00010035457480523228,7.511911913652083e-09,1.8059930009862626e-07,1.1417399271226098e-05,2.9753819876558183e-05,1.827430291439933e-05,1.1975214943498444e-07,0.9856934009625206,7.6341302572256e-06,0.0008502396741053615,2.273724441242695e-11,1.9855446871747224e-07,0.0001502907409337479,1.1431647938795298e-07,1.968539945572446e-05,3.758419081010226e-07,0.001715895688098764,2.135238648006776e-10,2.7177163251034653e-05
58,5.245448451083954e-07,1.696538554819313e-05,1.6764131837960545e-06,0.0006752828701225989,0.0007751634644455669,0.012946095426861176,0.0002997450476573575,4.203006817888094e-09,1.0878587279117057e-07,7.133950770638544e-06,7.492423416530243e-05,7.927590550551317e-06,1.247063105237873e-07,0.9795004835315461,8.103822619542382e-06,0.0005247816647083842,1.4092308341153608e-11,5.158952252555175e-07,5.4547306978123874e-05,1.2426398305760314e-07,1.4839693660879407e-05,2.398832947057462e-07,0.005063272922387644,4.170059531130851e-10,2.741396115771702e-05
59,6.979033975502975e-07,1.6330196078776782e-05,2.732377758692246e-06,0.0007432346863930547,0.0008189127696586956,0.013111482116842916,0.00037173506562120003,5.360994422807546e-09,1.3411274805649317e-07,7.19264897122757e-06,8.715270621022513e-05,1.0468919503529065e-05,1.4481901638981536e-07,0.9791535387349042,8.184994526508843e-06,0.0006061334188324718,1.6930921804892785e-11,6.349642710175192e-07,5.098800673355804e-05,1.7212371347967548e-07,1.573825997858558e-05,2.504023738841411e-07,0.004962225538056203,6.031303658743686e-10,3.190925335437494e-05
60,4.204358268313828e-07,1.3915307408450517e-05,1.3798042511955888e-06,0.0006223483357718149,0.000707951532990036,0.013966515808860698,0.00025716245507557197,3.561653339245937e-09,1.1084201073537515e-07,6.606557824652691e-06,6.645533788761066e-05,6.931688025837771e-06,9.752261886297106e-08,0.979655219024362,7.125058885857388e-06,0.0005135186257500526,9.224751068023032e-12,4.0302263220214397e-07,5.847374640819316e-05,1.1472789444084499e-07,1.3321601391035976e-05,2.0915398099148574e-07,0.004076899120932012,2.551609327250639e-10,2.481646317203953e-05
61,6.097935318069398e-07,1.5378455544261693e-05,2.6120918557103982e-06,0.0006582516908681944,0.0008226232780608912,0.013074581319653196,0.00032569476064684403,4.573799604643046e-09,1.4106778635279303e-07,6.3236086760362645e-06,8.549763495986602e-05,9.982801174550137e-06,1.352062761744531e-07,0.980307744593746,7.873929543646683e-06,0.0005325291283165654,1.398994715055465e-11,5.267237449001363e-07,5.259482047268326e-05,1.5069110666623045e-07,1.4242078255458007e-05,2.2842856659196594e-07,0.004053740746565983,4.704544777454954e-10,2.8532092403505922e-05
62,4.204358268313828e-07,1.3915307408450517e-05,1.3798042511955888e-06,0.0006223483357718149,0.000707951532990036,0.013966515808860698,0.00025716245507557197,3.561653339245937e-09,1.1084201073537515e-07,6.606557824652691e-06,6.645533788761066e-05,6.931688025837771e-06,9.752261886297106e-08,0.979655219024362,7.125058885857388e-06,0.0005135186257500526,9.224751068023032e-12,4.0302263220214397e-07,5.847374640819316e-05,1.1472789444084499e-07,1.3321601391035976e-05,2.0915398099148574e-07,0.004076899120932012,2.551609327250639e-10,2.481646317203953e-05
63,4.850336860284674e-07,1.9021801157379214e-05,1.4875877589009813e-06,0.000617259966263416,0.0006905269044901929,0.01419646989114115,0.00028990243320473687,3.739726424672446e-09,1.3043013991657667e-07,7.03115612119343e-06,7.623418403032958e-05,6.842631588224505e-06,1.1892803517366228e-07,0.9794209040483699,8.449460352023425e-06,0.0004683653834654657,1.0983061692873091e-11,4.7324383405398634e-07,6.0248360196027474e-05,1.2647230571685422e-07,1.3368068309837028e-05,2.553266337294269e-07,0.0040952278272504096,3.186323231642295e-10,2.70667923245844e-05
64,4.582450833210482e-07,1.4653695111576677e-05,1.345343172261463e-06,0.0007363629566611036,0.0009463585633317868,0.01476039993888997,0.0002272788582161776,5.143141645831515e-09,1.0999700274188354e-07,8.169123317209723e-06,8.527784792428919e-05,9.47954443409413e-06,7.271166505986712e-08,0.9773605703464916,9.679617948677605e-06,0.0005938692450549263,1.5157855572093568e-11,5.133049583387492e-07,8.234527009531264e-05,9.769124284743905e-08,3.054484903207575e-05,2.695554513536155e-07,0.0051010539693769974,3.0179270655272865e-10,3.1083865446045544e-05
65,5.377114942613011e-07,2.4773590767713687e-05,2.1168041253249395e-06,0.0007206060806405946,0.0006180523181864883,0.011769943950440044,0.00045548286686149226,5.101583216801412e-09,2.286903851611795e-07,7.579368012700728e-06,8.764766586559783e-05,5.5261230588239106e-06,1.472688966618219e-07,0.9817371419344061,1.2048750809274443e-05,0.0005047705416101888,1.1391864216710666e-11,3.5574798108480565e-07,7.732618238520623e-05,1.6943001664794273e-07,1.1574422344508876e-05,2.433106979288886e-07,0.003927159816078217,4.2659263124675743e-10,3.6561885368409566e-05
66,2.909604194317739e-07,1.0664580472789444e-05,1.8706652452145308e-06,0.0006073294120787232,0.000706473326278917,0.01866324242604366,0.00031208121364086023,4.214607655946994e-09,1.9850360526470644e-07,1.3300525366533553e-05,3.935766500643656e-05,5.922495987894449e-06,1.621390577427088e-07,0.9765009990166644,4.046372608750208e-06,0.0011465323887373514,4.146377386374225e-12,2.3034652512598142e-07,8.85219312595729e-05,2.6350960840875e-07,7.477653796623657e-06,1.5400251224969055e-07,0.00187301814924569,1.5916127741551294e-10,1.7858337923078724e-05
67,3.81182536995649e-07,8.44346099693421e-05,2.6130124697261334e-06,0.0012668403988702374,0.0024598570111152586,0.013269358379453972,0.00027406890078901844,1.9318106576873293e-08,8.996573475922879e-07,3.6674290353283735e-05,0.00012834323802730758,3.932768206769219e-06,1.058104113713111e-07,0.9800172238921852,2.353162914343675e-05,0.0003875488987834784,2.1817093419545468e-11,3.7871839239501464e-07,0.0003967944882072563,9.017892393878889e-08,4.539160658399681e-05,4.766484754629293e-07,0.0015283849831306264,6.498116251319085e-10,7.264970688807369e-05
68,2.713595324612632e-07,1.1703256061982418e-05,1.3258072251408372e-06,0.0004646007674989603,0.0007535313461171068,0.009021888178111536,0.00018548068749578352,2.8756832884557155e-09,1.0995716237236331e-07,5.434394257614011e-06,3.96953941667553e-05,4.650917547851231e-06,8.24996378042575e-08,0.9867266345290556,6.140586554215605e-06,0.0004039258043840033,5.989322132638278e-12,1.7527532039546032e-07,6.312764048958321e-05,7.116459823691145e-08,8.774046807721481e-06,1.4293810756582303e-07,0.0022831695607001953,1.7266123068793148e-10,1.9060834833141937e-05
69,3.550738008289674e-07,1.1995299868496468e-05,1.0127278599432078e-06,0.00044407023600454026,0.0006875209392607191,0.013619680794662073,0.0002000299823669251,2.47256611246574e-09,8.632445197198772e-08,4.88792454847169e-06,6.098247214218994e-05,6.0018700640622255e-06,7.505990967646382e-08,0.9808335335740894,6.8893352732660045e-06,0.00041250554753598473,7.2729494396949695e-12,3.114139357332226e-07,5.4043372233237165e-05,7.21922312176422e-08,1.1240146221799658e-05,1.9659748027474675e-07,0.0036264685857048443,1.756889568915086e-10,1.803787482652613e-05
70,4.388270018498974e-07,1.549966348479355e-05,1.418998257474476e-06,0.0006696367291604165,0.0007605740099531735,0.01496813074371766,0.00027521713169895585,4.144873782858959e-09,1.2322081394312095e-07,7.425263011966714e-06,7.479668436472336e-05,7.144743283570795e-06,1.011034017143882e-07,0.9781431070705626,8.13737920839944e-06,0.0005486695903835606,1.047592026358487e-11,4.3928312277205676e-07,6.609672252157845e-05,1.2444836378782457e-07,1.5043661069458444e-05,2.34809851040853e-07,0.004411091251233883,2.844937653656607e-10,2.6544225689365154e-05
71,5.4631136328919e-07,1.3597697545621744e-05,1.5776594030997355e-06,0.00072196074065131,0.0005905023874346436,0.01335772681891132,0.0003647769400118377,4.47652563073098e-09,1.0920615614972528e-07,6.153767199373457e-06,8.479740808010174e-05,8.580698797578734e-06,1.1316832939825702e-07,0.979011766900774,7.302422201623639e-06,0.0006200308563266985,1.1366430183189633e-11,5.00214005853333e-07,6.18972822866903e-05,1.7294472466930547e-07,1.4296893407015277e-05,2.272271317754467e-07,0.005107073231052331,3.0876625772696987e-10,2.6284427547294075e-05
