,0,1,2,3,4,5,6,7,8,9,10,11,12,13,14,15,16,17,18,19,20,21,22,23,24
0,2.1951669497418282e-08,0.000501827254217305,2.0839618679679623e-06,0.0007790528613730212,0.0001700547917048644,0.013221553414212332,9.395847324485658e-05,1.4992917648295242e-05,5.674635004306939e-07,0.0007507882040568401,0.002466059733843682,9.130898153742687e-08,9.172454416260885e-11,0.9188359568478474,1.3793545742717341e-06,2.60137477192108e-06,4.032953697176005e-06,2.5954641433566314e-06,2.2727196782243277e-06,2.488717151640635e-06,4.203990576678383e-05,1.0416095741318103e-06,0.06291317718386844,7.374031194259789e-07,0.00019062403776173249
1,5.5535730531501225e-08,0.0011241680156307558,6.6902658395591565e-06,0.001201254165303583,0.0002882133037552456,0.03624422980535317,0.00019567779424891095,3.6258210277553654e-05,2.1850399761650596e-06,0.002148563297509318,0.0030872776236643995,1.8607908893282842e-07,2.498354528914949e-10,0.8892046251032133,4.061972450230015e-06,1.2074615419345947e-05,5.035289973184865e-06,4.9005480862460835e-06,8.890634029357897e-06,5.670092012966824e-06,9.618117007662129e-05,1.961696211152069e-06,0.06603784087579814,1.967920391890318e-06,0.00028203069612387145
2,2.488005827284749e-08,0.000547443706060894,1.4399657989681157e-06,0.0004079833912169719,0.0003505965817327571,0.009102289754884538,0.0001071663037532888,1.2516513151264423e-05,5.831981707457163e-07,0.0005975901527765921,0.0019148151966242744,7.758195184554915e-08,1.0123102287030989e-10,0.9384160057196242,2.459725019896061e-06,2.5317908345093697e-06,3.976738287574904e-06,2.182713732994332e-06,1.6463580361586868e-06,3.3743436107426646e-06,2.676060052414387e-05,7.973772945011831e-07,0.04819992855498135,3.986886070120566e-07,0.00029741006203555856
3,2.2305327864906076e-08,0.0005080295867754348,2.1074461631444507e-06,0.0007775990669103473,0.00017674908578698862,0.013748484381749863,9.4327899652398e-05,1.5429365294765544e-05,5.941068497513944e-07,0.0007486598741611544,0.0025441045798083564,9.246774497459672e-08,9.63405312776665e-11,0.9181943975649929,1.4484328434561192e-06,2.741578582476897e-06,4.217510624214e-06,2.6329074377453564e-06,2.3966408252523843e-06,2.5792666772073157e-06,4.33060283255553e-05,1.0794935858759408e-06,0.06293681756411387,7.627395846687082e-07,0.00019142000984144228
4,2.4210487915024444e-08,0.0004781466396935879,2.008850083067196e-06,0.000732794297647661,0.00016994010621114032,0.012172452995799905,8.888384680755636e-05,1.3529530135314555e-05,6.283276063446943e-07,0.0006038799765873899,0.0023712250090610165,1.1372533498577851e-07,1.3302175840396858e-10,0.9272256059112143,1.3204729814907404e-06,2.441272837396865e-06,4.511444848109045e-06,2.6113968990660694e-06,2.341199118802511e-06,2.477547131074315e-06,4.315818713759769e-05,1.0705527177614268e-06,0.05588241419144766,7.610444284701811e-07,0.0001976591307606155
5,1.8201540382019045e-08,0.00038602681878732086,1.4206682391170745e-06,0.0009743310209952464,9.748000440059073e-05,0.01008049400574507,6.165694680183333e-05,1.0525673579903514e-05,4.292714108398995e-07,0.0006937081033041502,0.0018391210753936167,8.625073659337447e-08,7.98187341234374e-11,0.9326927309974923,8.322139115871529e-07,1.9607561529643022e-06,3.7968233248196637e-06,3.3092379428840748e-06,1.4507841113399603e-06,2.2192194566777214e-06,3.772835017780724e-05,9.973395392965781e-07,0.05294578156712352,6.830082369716185e-07,0.0001632115817763805
6,2.2305327864906076e-08,0.0005080295867754348,2.1074461631444507e-06,0.0007775990669103473,0.00017674908578698862,0.013748484381749863,9.4327899652398e-05,1.5429365294765544e-05,5.941068497513944e-07,0.0007486598741611544,0.0025441045798083564,9.246774497459672e-08,9.63405312776665e-11,0.9181943975649929,1.4484328434561192e-06,2.741578582476897e-06,4.217510624214e-06,2.6329074377453564e-06,2.3966408252523843e-06,2.5792666772073157e-06,4.33060283255553e-05,1.0794935858759408e-06,0.06293681756411387,7.627395846687082e-07,0.00019142000984144228
7,2.0778698953951138e-07,0.0009597508405427995,1.9427055140765586e-05,0.0008154976242570175,0.0003543036326734155,0.030198858484223285,0.00030267984706235036,3.3533612732523884e-05,9.58402983665553e-07,0.0020143081080087354,0.004335897700542782,1.9062017333095903e-07,4.082908483522628e-10,0.8306924333571182,1.0447404222416644e-06,2.9257041095632386e-06,5.423604100939112e-06,5.189787375752038e-06,1.023577484022928e-05,4.089474306618815e-06,4.9244527375381875e-05,6.741810202016448e-07,0.12985843037198896,3.7142288136460165e-06,0.0003309801249070694
8,1.4156444923306582e-08,0.0005602746661858275,2.2455532470162665e-06,0.000955821896026459,8.520292522756157e-05,0.005942258007755866,8.711766254261117e-05,8.032982104620334e-06,1.6138152823402818e-07,0.0010366322136815913,0.001054159401921,6.459961902577628e-08,4.062739287654234e-11,0.870576140973373,2.3941279973673506e-07,7.532777490052522e-07,1.1004295137038498e-06,7.748559033464142e-07,8.035926442655519e-07,1.9961680734594507e-06,1.6225858867285385e-05,1.9627182199369708e-07,0.11954939147641094,5.117976684813212e-07,0.000119880398262548
9,1.2250369280873813e-08,0.0006928570183622777,3.4917429177736927e-06,0.0021046598625610786,6.913440233618423e-05,0.01048948277715927,0.00010833886508280672,1.01981314093709e-05,3.8504800277861977e-07,0.001803206011525663,0.001131720800585122,1.2009218855053069e-07,6.351743511864413e-11,0.869155796505304,5.360781351521034e-07,2.0327261118750795e-06,1.4258050280598014e-06,1.4054787117275222e-06,1.0954845496237613e-06,3.105764377439204e-06,5.242858487810336e-05,4.840368937922322e-07,0.11420652353063464,8.259073771896798e-07,0.00016073303198089526
10,2.2305327864906076e-08,0.0005080295867754348,2.1074461631444507e-06,0.0007775990669103473,0.00017674908578698862,0.013748484381749863,9.4327899652398e-05,1.5429365294765544e-05,5.941068497513944e-07,0.0007486598741611544,0.0025441045798083564,9.246774497459672e-08,9.63405312776665e-11,0.9181943975649929,1.4484328434561192e-06,2.741578582476897e-06,4.217510624214e-06,2.6329074377453564e-06,2.3966408252523843e-06,2.5792666772073157e-06,4.33060283255553e-05,1.0794935858759408e-06,0.06293681756411387,7.627395846687082e-07,0.00019142000984144228
11,2.495938124602803e-08,0.000505604812983182,2.2950445530735968e-06,0.0007945859358760968,0.00018778748344533527,0.013577487163774198,9.927548960367543e-05,1.574717299977676e-05,6.279492633228356e-07,0.0007344944837697411,0.002592290491993133,1.0900951649393828e-07,1.3109220418053304e-10,0.9157668687063537,1.4140439420456514e-06,2.813872142288152e-06,4.640373796434219e-06,2.694852403946161e-06,2.5455154013860555e-06,2.8852476257961654e-06,4.516397999423621e-05,1.0850751437265731e-06,0.0654594603930698,8.644010323476135e-07,0.0001992334108428358
12,2.110556265331252e-08,0.00048116593306336526,1.8496912473974126e-06,0.0007217189408002816,0.00017145187404008365,0.0129007693530883,8.418839699843214e-05,1.3433059249490942e-05,5.355134031083369e-07,0.0007016099201867577,0.0022684083416848883,8.165187664707889e-08,8.996676018119954e-11,0.9228293401320401,1.2774315873780649e-06,2.421410918526605e-06,4.2526370707771965e-06,2.5540705973110316e-06,2.079329542606851e-06,2.4701234781141387e-06,4.007943451397047e-05,9.764598253949883e-07,0.05957937960474344,6.709373319415303e-07,0.00018926455718236808
13,6.3871389033902725e-09,0.0001851510139912003,8.610503940774588e-07,0.0005388512085627936,8.28351769793388e-05,0.004574277022145621,5.7198731868346075e-05,1.2603225519545505e-05,2.2153021640339287e-07,0.00018179459061671852,0.0037615122062793598,9.396321289636388e-08,4.58717042538269e-11,0.9383387344252986,7.588825809230935e-07,9.241334330262102e-07,2.152322685539265e-06,1.0551067744719702e-06,9.168984256414444e-07,9.628348450959659e-07,2.2258353429792193e-05,8.535620077867343e-07,0.052151908752017924,3.6432775091456e-07,8.370424795312235e-05
14,2.1286394375492994e-08,0.0005830321252741874,1.5238297522674412e-06,0.0006713185419762041,0.00018547697487342817,0.011244151069987907,9.034141794965989e-05,1.3414796494973227e-05,4.953106722292002e-07,0.0007558605163132925,0.002389416061671967,7.532846089909031e-08,7.16378678768024e-11,0.9250402156618966,1.1659835098882182e-06,2.31715029704942e-06,3.514896830494941e-06,2.298651609054217e-06,2.27210420173277e-06,2.3008370591497193e-06,3.271475400235729e-05,8.941876764456622e-07,0.05881462776939923,6.782762776662562e-07,0.00016187239578108016
15,2.2305327864906076e-08,0.0005080295867754348,2.1074461631444507e-06,0.0007775990669103473,0.00017674908578698862,0.013748484381749863,9.4327899652398e-05,1.5429365294765544e-05,5.941068497513944e-07,0.0007486598741611544,0.0025441045798083564,9.246774497459672e-08,9.63405312776665e-11,0.9181943975649929,1.4484328434561192e-06,2.741578582476897e-06,4.217510624214e-06,2.6329074377453564e-06,2.3966408252523843e-06,2.5792666772073157e-06,4.33060283255553e-05,1.0794935858759408e-06,0.06293681756411387,7.627395846687082e-07,0.00019142000984144228
16,1.5962786740549855e-08,0.0004906752796127611,1.4379395622792413e-06,0.0007256052817242093,0.00013151184318503946,0.009316207598150295,9.574877678935412e-05,1.538539381225737e-05,5.113507630557064e-07,0.0008680892382584431,0.0018498067952858832,1.1375379505724818e-07,8.093365634673973e-11,0.9340051808201741,1.4856547795477425e-06,2.7906510749765354e-06,3.6242389461031178e-06,2.5455425253177212e-06,2.1867069679875927e-06,2.3618855495032644e-06,5.635028236952728e-05,1.421067587580082e-06,0.05224285481280106,5.455132610032055e-07,0.00018354352930419077
17,1.4128689894571302e-08,0.00035247432378314653,1.2135834947077117e-06,0.0006295795310654999,0.00014198612653418336,0.008327065168617831,6.858363739533691e-05,1.164108803761079e-05,3.63520256800141e-07,0.0004993543402303642,0.0020588269075138164,7.805243354950378e-08,7.893602726779573e-11,0.9295724406376534,9.613488388617609e-07,1.7742008293134475e-06,4.033680877517243e-06,1.964786814750388e-06,1.4033538850797652e-06,2.1437206829046305e-06,3.293528264325071e-05,9.142195458905667e-07,0.05813351370458929,4.862334321431944e-07,0.00015624834321911605
18,1.3331956439080617e-08,0.00018490243594185333,5.163763851731795e-07,0.00029449411469848125,0.00012292255927883733,0.004147652327724562,4.278807002110443e-05,3.662314804497783e-06,1.5896139520154307e-07,0.00043703204729340727,0.00062680771233031,4.251999082634794e-08,6.798713013215173e-11,0.9600349908557436,5.108216113569161e-07,6.506567604416254e-07,6.43593527892122e-06,3.1468247829413136e-06,3.9613852309192884e-07,1.7366710570482728e-06,2.7531927795608154e-05,6.084303107080204e-07,0.03374186657468029,1.3972952910738295e-07,0.00032099259411893876
19,2.0597790626669424e-08,0.0006743701573409085,3.5561490227570313e-06,0.0013326782464685996,0.0001451986897729748,0.008250612566277904,0.000240049181631796,2.4869263728561862e-05,8.876756391285895e-07,0.0009474860392943849,0.002317655730734699,2.957170705538843e-07,1.2256827665612076e-10,0.924484450159278,2.092472581437529e-06,3.870079362130824e-06,2.6014452629918496e-06,2.189967559404025e-06,2.344617203589827e-06,2.366477391209052e-06,6.885754906443822e-05,1.660360901644596e-06,0.061263331811061604,7.083533119617403e-07,0.00022784656968049156
20,1.3827162326608836e-08,0.00041544727725522203,2.359301172167293e-06,0.0010269108345275424,0.00012115688986764282,0.011053089113644823,0.00013544497420019935,4.779181748199486e-05,7.393725288408979e-07,0.0007065620758809844,0.004542369821811477,1.7588623036400116e-07,7.39372708525086e-11,0.928633796745009,5.586799865384304e-06,5.100965570082976e-06,3.958281794562285e-06,3.0316003871901646e-06,3.339871810653774e-06,2.1858005697829733e-06,6.35369950300812e-05,4.077674592694707e-06,0.05303962525585221,5.950039441286282e-07,0.0001831037398734752
21,3.0582854211787846e-08,0.0005477167113168125,3.1034916640558333e-06,0.0007179626929644718,0.0003410669499261771,0.02280365837286198,0.00011640306195740975,1.555203675555246e-05,6.235074754031929e-07,0.0007055188898218499,0.004567557106696236,7.232062237502854e-08,1.1553795947107085e-10,0.8477608719543638,2.2306645384009596e-06,2.1208834720985634e-06,8.709895190915067e-06,2.9115552475203118e-06,3.3122473569151527e-06,2.9578880822431987e-06,5.1939055209215446e-05,1.2851644184276505e-06,0.12203953489574088,1.0834707992362283e-06,0.00030377648512606623
22,3.866748258932028e-08,0.00033168864404895844,1.9561097506098555e-06,0.0006120460779629865,0.00019036927988609118,0.02092646333200644,4.92164351762572e-05,1.5172454476946502e-05,5.691872197502863e-07,0.0006888664702540724,0.003369078086965607,4.8706741194412134e-08,1.0352293808744955e-10,0.9259044083676307,1.7594324164561998e-06,2.8250354896483317e-06,1.191996929373106e-05,8.26052480431749e-06,2.5208468378639127e-06,2.8258985521738037e-06,4.583788744133162e-05,1.862924111658075e-06,0.047590070401196144,8.281265397993213e-07,0.00024136703019179772
23,2.2305327864906076e-08,0.0005080295867754348,2.1074461631444507e-06,0.0007775990669103473,0.00017674908578698862,0.013748484381749863,9.4327899652398e-05,1.5429365294765544e-05,5.941068497513944e-07,0.0007486598741611544,0.0025441045798083564,9.246774497459672e-08,9.63405312776665e-11,0.9181943975649929,1.4484328434561192e-06,2.741578582476897e-06,4.217510624214e-06,2.6329074377453564e-06,2.3966408252523843e-06,2.5792666772073157e-06,4.33060283255553e-05,1.0794935858759408e-06,0.06293681756411387,7.627395846687082e-07,0.00019142000984144228
24,1.2361712578383729e-08,0.00042417862490609675,6.502344154921014e-07,0.0006498099760446584,7.523280581675833e-05,0.005819635281160502,3.46037786184375e-05,7.159563851269558e-06,2.471050666988555e-07,0.0005261893160542297,0.0010234272318462754,4.9320066100105056e-08,4.713984725510144e-11,0.9538672789154105,3.5191222548248294e-07,1.2698236748200482e-06,2.456951734595439e-06,1.6685421112520588e-06,1.011825460289831e-06,1.8205641116432033e-06,1.75790099800896e-05,5.03787238162456e-07,0.03745817567990026,3.811828190488117e-07,8.630615863464631e-05
25,2.7125874770811485e-07,0.002624129952545621,1.6205375307679833e-05,0.0011040272286355654,0.0009464661277694241,0.08919139314207972,0.00027278120060184643,1.1048327624900757e-05,5.4043308553979885e-06,0.004161275478807344,0.0017023125329620023,2.1277608701904987e-07,9.243018194574718e-10,0.7850763575119593,9.71001075315821e-06,1.0391359600480643e-05,2.0921062190191007e-05,1.3218973089552717e-05,1.1781858001720615e-05,1.3536743694347672e-05,0.00022423386053672606,2.190274966971315e-06,0.11227710015475614,3.0377834375724866e-06,0.002301991750687938
26,1.3919849908002488e-07,0.000875901413755929,6.67782718034288e-06,0.0010871174550342356,0.00047346337219598717,0.05724295335721062,7.081216379481041e-05,1.0868891049865549e-05,1.3703565939860497e-06,0.0012474516058672352,0.005191111007711315,7.414466959639204e-08,4.687040143719413e-10,0.7504318512106206,7.61515446612661e-07,3.3772309856802933e-06,1.5153511810805983e-05,7.854532827885429e-06,7.703210429256138e-06,8.136719939312e-06,6.346623954468897e-05,8.347526899120116e-07,0.18300481456569795,7.8866037225621e-06,0.00024021864401767396
27,1.7672569781783528e-08,0.00045955272657916674,1.8002351212295908e-06,0.0008513354824626179,0.0001424326192914962,0.014131939234962197,8.413607535442987e-05,2.1413590337430164e-05,6.95399581904732e-07,0.0006714725679724512,0.003466132257661287,1.0172485588555886e-07,8.159605723871604e-11,0.9234219949253659,2.425234442504868e-06,3.595670730904301e-06,4.706481797441432e-06,3.065289889655309e-06,3.0114429930833075e-06,2.3300590718970644e-06,4.912095922371544e-05,2.2144551708839936e-06,0.056511678016309845,7.886345345375361e-07,0.00016403916212353616
28,2.2305327864906076e-08,0.0005080295867754348,2.1074461631444507e-06,0.0007775990669103473,0.00017674908578698862,0.013748484381749863,9.4327899652398e-05,1.5429365294765544e-05,5.941068497513944e-07,0.0007486598741611544,0.0025441045798083564,9.246774497459672e-08,9.63405312776665e-11,0.9181943975649929,1.4484328434561192e-06,2.741578582476897e-06,4.217510624214e-06,2.6329074377453564e-06,2.3966408252523843e-06,2.5792666772073157e-06,4.33060283255553e-05,1.0794935858759408e-06,0.06293681756411387,7.627395846687082e-07,0.00019142000984144228
29,2.2305327864906076e-08,0.0005080295867754348,2.1074461631444507e-06,0.0007775990669103473,0.00017674908578698862,0.013748484381749863,9.4327899652398e-05,1.5429365294765544e-05,5.941068497513944e-07,0.0007486598741611544,0.0025441045798083564,9.246774497459672e-08,9.63405312776665e-11,0.9181943975649929,1.4484328434561192e-06,2.741578582476897e-06,4.217510624214e-06,2.6329074377453564e-06,2.3966408252523843e-06,2.5792666772073157e-06,4.33060283255553e-05,1.0794935858759408e-06,0.06293681756411387,7.627395846687082e-07,0.00019142000984144228
30,2.2305327864906076e-08,0.0005080295867754348,2.1074461631444507e-06,0.0007775990669103473,0.00017674908578698862,0.013748484381749863,9.4327899652398e-05,1.5429365294765544e-05,5.941068497513944e-07,0.0007486598741611544,0.0025441045798083564,9.246774497459672e-08,9.63405312776665e-11,0.9181943975649929,1.4484328434561192e-06,2.741578582476897e-06,4.217510624214e-06,2.6329074377453564e-06,2.3966408252523843e-06,2.5792666772073157e-06,4.33060283255553e-05,1.0794935858759408e-06,0.06293681756411387,7.627395846687082e-07,0.00019142000984144228
31,6.745909591267527e-08,0.0006386577804386106,5.455928031715177e-06,0.0008248166013285218,0.00016558325282333845,0.011817424638774667,0.00015573390797250284,3.484728850811621e-05,4.346529784616741e-07,0.0013911077709609586,0.0021677851624243537,9.70542375145964e-08,1.0727152194148366e-10,0.9112446281283718,7.968704793478162e-07,1.951762927698957e-06,3.798773968606704e-06,3.932364332733199e-06,3.439428484907764e-06,2.3943928258619454e-06,3.48416546500556e-05,7.239750890055446e-07,0.07130483224126208,8.636819453569891e-07,0.0001957851208164965
32,2.8209939677562016e-08,0.000599336167660822,2.395852611539892e-06,0.0007634233638616936,0.0001881241197006751,0.016057666168547577,0.00010112552259950126,1.7933034199312188e-05,7.002119703368451e-07,0.0008413344786250827,0.0028888966503318567,1.0411119487154208e-07,1.1342440172792466e-10,0.9129824608848534,1.6808618405635638e-06,3.0719264180657057e-06,4.730935064414837e-06,2.9665348905396168e-06,3.6114712476169755e-06,2.7132552139400287e-06,4.846232426496552e-05,1.2987736856879753e-06,0.06529180867006376,9.653708206348007e-07,0.0001951609869693749
33,3.371503303734846e-08,0.0007212393335715169,3.450595737528454e-06,0.0008944183666069505,0.00023446832086071792,0.01655906815670296,0.0001443709337923788,1.6845428004584582e-05,9.606702393292139e-07,0.0009316599344410435,0.0026942446223222486,1.298897453570465e-07,1.1323934535979755e-10,0.9122195803179725,2.4802370558222156e-06,3.3018683753607092e-06,4.1120578341478785e-06,3.2710732288923575e-06,2.9112872256364103e-06,2.940218284556196e-06,5.758328800150243e-05,1.2057010896110974e-06,0.06519040065361932,8.599532836719478e-07,0.0003104632637318899
34,3.4757636237279315e-08,0.000653662409872784,2.8470815732666474e-06,0.0007693260642182854,0.0002139378822802383,0.0169950574902871,0.00011114686495702783,1.8587991649668688e-05,8.831418220755267e-07,0.0007594664914267698,0.003108536252042246,1.186638156372943e-07,1.3169300631772444e-10,0.9162963710359393,1.8487922206385569e-06,3.1904071705672532e-06,4.8288862971082536e-06,3.185794800816066e-06,3.919971614549081e-06,2.68658301844506e-06,4.9806747483036477e-05,1.2885929879218733e-06,0.06078548340148891,1.0393238490503173e-06,0.00021274523985515386
35,4.594091829993589e-07,0.0011557659471648103,1.0331656472650633e-05,0.0014782911472209354,0.0001778890830249954,0.014573753073023023,0.00033500693798916355,6.277601045956562e-05,3.2479315903401497e-06,0.002157174603190233,0.002158983020506717,3.3496906063741905e-07,2.0281834114723416e-10,0.9570348667210887,1.769399710276512e-06,4.166016444118275e-06,6.090394854749662e-06,5.2872643418068687e-05,7.953459939072329e-06,1.730152872402628e-06,0.00010992083877362306,3.22445794230662e-06,0.020234623702081813,1.660154843739708e-06,0.00042710806632683654
36,2.2992863860878924e-08,0.0003887549037572727,1.7148103379522467e-06,0.0005859788377077163,0.00011691740299574152,0.006672373769426655,0.00011921412850145999,3.505977230566227e-05,7.094772832669019e-07,0.0004204108984214521,0.002479902814460626,2.527249708721538e-07,1.5986039216801682e-10,0.9650413906771884,2.5746130847761404e-06,4.2820140453485344e-06,3.881723283158182e-06,2.5036994614783736e-06,3.526488426984674e-06,1.783593623967194e-06,3.574216013546972e-05,2.2596916746523312e-06,0.023915618032358765,4.435686333393231e-07,0.00016468104519076236
37,1.0839326703296333e-07,0.0009550494620999936,5.816431988948097e-06,0.0013827797762280352,0.0002198541398908062,0.01584587121630413,0.00016371428232734073,1.5998285520321126e-05,8.487193156232887e-07,0.0018011613680871802,0.0028970685020393333,1.390905665717696e-07,1.6598571204847759e-10,0.8644415927836252,6.488927651871258e-07,2.3771761195405537e-06,4.687304721591849e-06,7.346630229865743e-06,3.940429868009236e-06,3.719657501965308e-06,5.034112734577249e-05,8.955036166963154e-07,0.11194522616118369,2.91069338536272e-06,0.0002479038060160102
38,1.6616011455906723e-07,0.0013300089155422316,1.341400676275546e-05,0.0006618920405693789,0.0007081676159810965,0.08226613779790942,0.00035874136162079444,2.7000831414527772e-05,3.325798290344861e-06,0.002072900790357588,0.004361492857051168,1.5286388177746592e-07,3.1513292116474817e-10,0.8485034959250641,7.479311799001548e-06,1.1355565657008035e-05,4.3653855680265925e-06,6.1729574282917226e-06,1.3796229832459596e-05,3.6433836031657267e-06,6.899678671797668e-05,1.138512509656985e-06,0.05899947018110363,2.710607322427269e-06,0.0005739737987658
39,5.5311251166123624e-08,0.00038842104468781883,1.4972844249371323e-05,0.001481213680898329,0.00031568229645457065,0.12610908321791164,0.0001788599324762232,7.377169204588217e-05,2.0213289463876508e-06,0.00208206968428409,0.005856010654899962,1.7448393045858282e-07,7.213843944246033e-10,0.7486980289591401,6.384489911923618e-06,1.7528647141873115e-05,2.41631985057371e-05,9.251643577096976e-06,1.4835287935453994e-05,7.191375741963162e-06,0.00032709002651635003,3.987819264689346e-06,0.11399086577690554,3.4374558750679514e-06,0.0003948984260640463
40,1.0051322650175153e-08,0.00033269029246065613,6.160831522202595e-07,0.0012282420355482137,0.00011148486123746903,0.012953096488890136,3.357377828532437e-05,1.3807180590074025e-05,2.2985449220881286e-07,0.0010755590159572251,0.0022281330606492462,2.6455653088906508e-08,4.5212531678841026e-11,0.9037819529249773,3.5281058413619167e-07,3.1047859068460477e-06,5.836889878030778e-06,3.3448308814257927e-06,1.4867337546198752e-06,3.879744421221225e-06,3.581936144801167e-05,8.132888270698816e-07,0.07812296410156508,9.696921044511344e-07,6.200563220090914e-05
41,1.5654678408657153e-08,0.0004303607024432606,1.550249763887165e-06,0.0007796209018686326,0.00010323205437526174,0.011455731100849175,6.845113448846907e-05,1.3361070048245051e-05,3.8431178547487017e-07,0.0007765316162567402,0.0022073705545532212,7.90033767905074e-08,6.640219684394887e-11,0.9179043070157229,9.401264451440866e-07,1.9133217202757096e-06,3.813693507370811e-06,2.393913696447869e-06,2.2151840406388624e-06,2.0622260514227487e-06,4.269588435346731e-05,1.123045525029157e-06,0.0660561851281124,6.867103144411043e-07,0.0001449753296205997
42,2.5280641121642118e-08,0.0006113408142055847,5.487500956858539e-06,0.0019741426499854894,0.00011474994975051274,0.042608500626685177,0.0001500839708511491,0.00012494332734708265,1.750081086097802e-06,0.0022188435702074445,0.00666278960850959,3.383501435864811e-07,3.011070788383552e-10,0.864096988918407,8.752613056637473e-06,2.5258237040625827e-05,1.0064079941082204e-05,6.40067087180943e-06,2.2237753993666772e-05,5.791845613432096e-06,0.0002127552805968711,1.0911349559123519e-05,0.08095424253285825,2.8263456799143294e-06,0.00017077434090481363
43,1.2465905974152168e-08,0.0004245130698394173,1.926448273596652e-06,0.0009686682652862909,0.00010868598486917568,0.03497026066320936,6.404838632135289e-05,2.2010284044426015e-05,4.3554418234450585e-07,0.004858774553417352,0.0013015548880177484,4.295656004585587e-08,1.0058509246921598e-10,0.8590450591076835,1.3331952108325129e-06,6.655126761528873e-06,8.351864465383845e-06,5.4719591790146856e-06,4.033588264446129e-06,6.233569741878051e-06,0.00015380363488291977,2.276501842333356e-06,0.09788018148203452,1.0515448383822522e-06,0.00016461481458305687
44,2.2305327864906076e-08,0.0005080295867754348,2.1074461631444507e-06,0.0007775990669103473,0.00017674908578698862,0.013748484381749863,9.4327899652398e-05,1.5429365294765544e-05,5.941068497513944e-07,0.0007486598741611544,0.0025441045798083564,9.246774497459672e-08,9.63405312776665e-11,0.9181943975649929,1.4484328434561192e-06,2.741578582476897e-06,4.217510624214e-06,2.6329074377453564e-06,2.3966408252523843e-06,2.5792666772073157e-06,4.33060283255553e-05,1.0794935858759408e-06,0.06293681756411387,7.627395846687082e-07,0.00019142000984144228
45,3.440729839916248e-08,0.0005041973958325519,5.451832494169407e-06,0.0011974381845114529,0.0002618848489885959,0.02770632356994733,0.0002096573889660156,6.0020877720448864e-05,1.3781657380413397e-06,0.0009194494186019797,0.006906354905837072,1.8186869406037148e-07,1.7093327692688281e-10,0.9038279528071085,6.712461085111794e-06,1.07255476575069e-05,4.871151296195304e-06,4.319864902790094e-06,5.738702377999215e-06,3.3560368758271613e-06,5.67106074746587e-05,2.5901710456681266e-06,0.058065837081340096,1.41039573096058e-06,0.000237402137541308
46,9.341110611357249e-09,0.00013592429088059573,9.221986931207547e-07,0.00097949287882418,8.24870946639755e-05,0.02460418737578586,1.517583855721647e-05,1.1717178700842272e-05,2.526062658211135e-07,0.00030918372382853344,0.0036160666933523953,4.6459611444082346e-08,2.443739199817875e-10,0.882091838313565,8.858165109524117e-07,2.3988089682903e-06,4.046527672678394e-05,3.5976340222334377e-06,2.2630716962703914e-06,3.7346438476995765e-06,6.719137208338629e-05,3.0009118484700056e-06,0.08790414917951535,1.0072196014176763e-06,0.00012400182696597134
47,1.1156763696311276e-07,0.0011097876499030596,5.4060606375495745e-06,0.0009590480601502446,0.0003580946557252719,0.02118317845680117,0.00022059530586113546,2.3171118178141314e-05,2.5839206668552176e-06,0.0015722727144686247,0.002296766607801611,4.325754818805487e-07,6.808910317192996e-10,0.917794862701413,4.8788175442591615e-06,1.1220752106992152e-05,1.2112372172520067e-05,8.07295101161469e-06,9.180447018460007e-06,6.61853731110622e-06,0.00014064076092239902,3.6631755428596355e-06,0.053654639283379435,1.918576922064667e-06,0.0006207422504517898
48,2.107838148262428e-08,0.00044449279881673596,2.220232283582581e-06,0.0008159617517760811,0.00018598793387595875,0.01231166140208088,0.00010331055013894613,1.5007161660673614e-05,6.304334594930999e-07,0.0006855572049132831,0.0023809607625970425,1.0219412399085627e-07,9.839643937055005e-11,0.9243646437720753,1.7013012727724154e-06,2.8591248259506725e-06,4.013610679324018e-06,2.79500742620366e-06,1.7331764827416494e-06,2.658096756277431e-06,4.574230388382783e-05,1.0645603081700204e-06,0.05839703370295558,6.332300723200504e-07,0.00022920851075709756
49,1.705103685108329e-08,0.0004263554569051755,2.664265082142658e-06,0.0010068639966576327,0.00010699562029531824,0.01368648098421481,8.794463420690844e-05,1.4115532131553405e-05,5.143154866363369e-07,0.0008440550683299728,0.002280916063519337,1.1627262034271166e-07,9.782572277728229e-11,0.9052746492369819,1.3169044249103046e-06,2.336258574468489e-06,3.484407087142064e-06,2.4332383680275405e-06,1.9935432917865655e-06,2.4179953913020192e-06,5.162289506689221e-05,1.1648572523706347e-06,0.07600454109385285,7.962316026809036e-07,0.00019620397979328827
50,3.2920424089230874e-08,0.0006581495228208925,2.9805170507408323e-06,0.001591050999032536,0.00024422004224073095,0.04378201837116277,4.3861979341695846e-05,1.311691096862205e-05,2.39284431535119e-06,0.00040982086302900083,0.0058362204645219925,1.040024897125754e-07,2.1621773878960307e-10,0.8807234073304115,2.6587013561875275e-06,6.481448798770417e-06,1.0585593307334212e-05,5.177665211522384e-06,4.326060525972113e-06,4.687979942695059e-06,8.352337596701257e-05,2.0256994776094547e-06,0.06638941583758595,2.6010024027182316e-06,0.00018113965139688172
51,1.5431267341654207e-08,0.0006545838241637578,1.0567539114675317e-06,0.0008208330183902678,5.977539041295629e-05,0.005374644599938064,5.5240727864602174e-05,1.252936785546763e-05,3.7358774223154674e-07,0.0005356566760733509,0.001510947529440797,8.628222841473994e-08,3.311485922938673e-11,0.9563393201109445,7.965364076514473e-07,1.1501378811494434e-06,2.2118576395237316e-06,1.9636372727239957e-06,1.7555357890790522e-06,1.1955222204986654e-06,2.4243880059470558e-05,1.1237116804465312e-06,0.03449079655604076,3.6044252890910614e-07,0.00010933884913145337
52,1.9103299777264453e-08,0.0007718887628358541,2.3021016071479508e-06,0.0010000680213632484,0.00017634705479452199,0.009236164829354238,0.00013817051317706038,1.4605673169393372e-05,5.65163702102365e-07,0.0007929292867637852,0.00226834132547006,1.518966413165568e-07,1.0282760447344136e-10,0.8949171469028085,1.12632339756417e-06,2.162087825282477e-06,3.509227191981038e-06,1.4776601682607307e-06,2.5008376736817963e-06,2.6495567527001602e-06,5.620707186962211e-05,9.967268906561645e-07,0.09042422941518695,7.993586119812531e-07,0.00018564099661665324
53,9.72791475800271e-09,0.0004142255412150772,2.531315801123857e-06,0.0008323611147868538,0.00035479744536624514,0.004909771283139573,0.0005963627908609149,2.6942244568548062e-05,5.074903622907925e-07,0.0007430372289245977,0.003777544328415143,2.3940921494939254e-07,7.091495992028445e-11,0.8853278356810543,2.870514394771814e-06,3.052092723088688e-06,1.2548753631601133e-06,9.908508479960013e-07,1.0320459648528498e-06,2.09209248418075e-06,4.033815945751641e-05,8.773540416792031e-07,0.10270751372807153,4.571842315953382e-07,0.00025335542988042084
54,1.634128899240769e-08,0.00017752878680255856,4.840052043996514e-06,0.0024969196533761976,0.000247460625410796,0.03986691035367226,0.00010486530820395597,8.30492247035559e-05,9.410748051673997e-07,0.0006604107411314423,0.020073994994994213,1.2223103736521573e-07,3.603339235750145e-10,0.7186676425827827,9.483359463657476e-07,8.382168222843359e-06,1.918059256011115e-05,6.275768926669163e-06,6.1459150131908865e-06,6.8757121476903134e-06,0.00018553841421978817,3.006787854429456e-06,0.2173110804513567,7.175727126293606e-06,6.0687796038742095e-05
55,2.4720333653053847e-07,0.001639512351461684,1.559037385451392e-05,0.002735273697228233,0.00037732111604623687,0.026184292473821022,0.0005175337938794661,3.2494027251612416e-05,1.559021896204462e-05,0.0009142740427414218,0.0034777439928670114,1.902135082776206e-06,1.4342199105853614e-09,0.9310481407386737,5.9057432900254866e-06,1.5090292467900687e-05,4.742579854383322e-06,1.4774392568108547e-05,9.976195149573326e-06,4.493076123345476e-06,0.00019222986283946224,2.883404902187627e-06,0.03210918197300748,4.443477689547287e-06,0.0006763614026817594
56,2.5308974618782615e-08,0.0005074053516032272,2.301027446763524e-06,0.0007778211863315973,0.00017981096970181475,0.013672637641054355,9.899936036427682e-05,1.544735742360494e-05,6.507946302253516e-07,0.000709529643232603,0.002570766985048059,1.1280578514572296e-07,1.281527119289017e-10,0.9191811647158343,1.4696501886937742e-06,2.7192042588729667e-06,4.4907716619798035e-06,2.7239638681324314e-06,2.6200670939487964e-06,2.6715536642216317e-06,4.554531950998546e-05,1.111317757011452e-06,0.062015134904108975,8.397397353344471e-07,0.00020400023256952034
57,3.209889136804365e-08,0.0007229287427998538,2.68329517567935e-06,0.0008659212375163295,0.00020491251179680312,0.01224748327466829,0.00013531163541204223,2.308934073911825e-05,1.104496485863348e-06,0.0009596391101300367,0.0021876463813173355,2.84991173729674e-07,3.455720048420249e-10,0.9212943098906456,2.5458974308157294e-06,5.648713726426717e-06,7.341852075009962e-06,2.9950519178569673e-06,5.217802439572069e-06,5.050602887445532e-06,7.754577006870916e-05,2.3151437357514224e-06,0.06097036870848274,1.0408139126547634e-06,0.0002745822909987294
58,3.46821658381519e-08,0.0005873735145707228,3.016336429480119e-06,0.0009092337889286225,0.00020672164476485833,0.017966550167732437,0.00011393693250883823,1.736117200965979e-05,8.447345852531001e-07,0.0007670254551080255,0.0036358815470568977,1.3703668679883975e-07,1.5932667598473694e-10,0.8967124371697295,1.4239250405015943e-06,3.214546567224495e-06,4.48286630104058e-06,3.1054105039294493e-06,3.939717711724119e-06,2.8507785961007014e-06,5.0997345826348745e-05,1.1638582462920596e-06,0.07881700159215387,1.562670666243157e-06,0.00018970294678310318
59,3.3237730277408216e-08,0.0006465933169323954,3.904494674826045e-06,0.0010876998734431224,0.00021837686740683285,0.02082463171035271,0.00012861198132587968,1.9936040670088117e-05,9.18607167648518e-07,0.0009745661216113528,0.003910367189435819,1.3302064469874285e-07,1.4537905123324466e-10,0.8783233141538266,1.753347739946731e-06,3.833727102033179e-06,4.413050486067047e-06,3.1660935423494194e-06,3.945272012910872e-06,3.440348036189918e-06,6.07126978267302e-05,1.2619272582344125e-06,0.0935742069869781,1.7013455324459085e-06,0.00020247844288359953
60,2.2305327864906076e-08,0.0005080295867754348,2.1074461631444507e-06,0.0007775990669103473,0.00017674908578698862,0.013748484381749863,9.4327899652398e-05,1.5429365294765544e-05,5.941068497513944e-07,0.0007486598741611544,0.0025441045798083564,9.246774497459672e-08,9.63405312776665e-11,0.9181943975649929,1.4484328434561192e-06,2.741578582476897e-06,4.217510624214e-06,2.6329074377453564e-06,2.3966408252523843e-06,2.5792666772073157e-06,4.33060283255553e-05,1.0794935858759408e-06,0.06293681756411387,7.627395846687082e-07,0.00019142000984144228
61,3.300538437115934e-08,0.0006331250833606916,3.709253012127155e-06,0.0010331282636565774,0.00021678588927337314,0.019035813233658456,0.00013232395084177242,1.9796687813497772e-05,8.528381676871399e-07,0.0009717420694370681,0.0037315107559715605,1.3536778236088548e-07,1.491102800697372e-10,0.8819793708608212,1.7265733115063501e-06,3.509637563739397e-06,4.516783865406581e-06,3.1798289397965605e-06,3.794218196475779e-06,3.3337932698080735e-06,5.913487155865333e-05,1.277727894429764e-06,0.0919492876009205,1.5672254329120676e-06,0.00021034433075575737
62,2.2305327864906076e-08,0.0005080295867754348,2.1074461631444507e-06,0.0007775990669103473,0.00017674908578698862,0.013748484381749863,9.4327899652398e-05,1.5429365294765544e-05,5.941068497513944e-07,0.0007486598741611544,0.0025441045798083564,9.246774497459672e-08,9.63405312776665e-11,0.9181943975649929,1.4484328434561192e-06,2.741578582476897e-06,4.217510624214e-06,2.6329074377453564e-06,2.3966408252523843e-06,2.5792666772073157e-06,4.33060283255553e-05,1.0794935858759408e-06,0.06293681756411387,7.627395846687082e-07,0.00019142000984144228
63,2.4775785483728705e-08,0.0006753426590766718,2.1082552313488756e-06,0.0007684875334576494,0.00017908089853139333,0.01288508639172108,9.330694016220357e-05,1.3993233368878793e-05,6.048712867083729e-07,0.0008144119615680053,0.0023320429554445376,9.412091541998537e-08,9.070280826087242e-11,0.915550674528894,1.4350996775223843e-06,2.4476235750600052e-06,4.092355118081713e-06,2.387123028050585e-06,2.6918372793912996e-06,2.6186264294868706e-06,4.257185587917356e-05,1.0746458482783705e-06,0.06642815523982194,7.620561003762292e-07,0.00019650432109636414
64,1.973510094280654e-08,0.0005015117139668054,2.259302738739963e-06,0.000857508909442835,0.00015798082477944028,0.014268313417612704,9.519516135879049e-05,1.3928013194085193e-05,6.378687116731186e-07,0.0008489995216620425,0.0021406395372626946,1.1251488810650717e-07,1.173354232604104e-10,0.9107293266827676,1.4477272487442829e-06,2.7528597938011416e-06,4.523655077535958e-06,2.675722510915636e-06,2.3543500732735013e-06,2.8159872787378513e-06,6.87448367698359e-05,1.2345972801074295e-06,0.07008516759371777,7.9997963030226e-07,0.00021104936979715326
65,3.063307426288931e-08,0.0005840644870819899,2.3489171360648183e-06,0.0007990328727625191,0.00022332039872300667,0.01688744799130001,9.62169481138247e-05,1.5937001687582484e-05,9.208953666826836e-07,0.0006304320787880791,0.0033694654371915415,1.1245654947717365e-07,1.3378616265479103e-10,0.917623557217855,1.8246096403111348e-06,3.4646951866849097e-06,5.141384063090142e-06,3.213220144617044e-06,3.320592194183042e-06,2.7489379023985698e-06,4.538590046646228e-05,1.3175167683893958e-06,0.059497153244224214,1.0725415792804391e-06,0.00020246988841413454
66,5.696640624297387e-08,0.0006978266462898396,5.543111705495426e-06,0.0008548491388205461,0.0005135801681406518,0.03830733660167337,0.00014542073712988212,1.628753491577693e-05,1.0223388738572492e-06,0.0017252844025304815,0.0037249835300311226,8.421011934896674e-08,2.6354239102342053e-10,0.815929997204731,1.983535085022844e-06,4.711989009258955e-06,9.912541693592396e-06,5.109907749891582e-06,4.477362948068441e-06,7.175915515330862e-06,9.049866532050823e-05,1.0450639721659582e-06,0.13758700390183481,2.3151416237717563e-06,0.0003634931203374663
67,4.140839503705654e-07,0.009711236503226332,1.3296044733830693e-05,0.0008057016523884178,0.001273476183286765,0.009347446083141885,0.002465611029557165,0.00013445747038672476,1.1032539968768875e-05,0.001780776600415621,0.009079050794035686,1.222522669562696e-06,1.3451267682363542e-10,0.9296491188882045,3.7858980964767156e-05,1.0881841255701092e-05,3.529668096956216e-06,7.665299375887542e-06,4.126727685225001e-05,2.1771186683023237e-06,9.331302697112625e-05,9.797362124457668e-06,0.034693250903449296,1.4301211290043186e-06,0.0008259878706340017
68,2.1813864244093024e-08,0.0005210866392365013,1.7673111235371953e-06,0.0006375575477703717,0.0002277616048122977,0.014447326857700199,9.714374827574786e-05,1.5475332768612318e-05,6.364133469257881e-07,0.0006590029904173215,0.002844815314710601,8.66217314009308e-08,1.0265059398241673e-10,0.9236957587688251,2.0330240477970906e-06,3.138801058954791e-06,4.641175908577857e-06,2.4551348104254806e-06,2.657598870558241e-06,2.6746985392387336e-06,3.746876885457708e-05,1.1570405973011927e-06,0.05658805531424071,6.965512000898296e-07,0.0002065808246383615
69,2.592842259488523e-08,0.0005234363915216191,1.9829813679072063e-06,0.0006885048011120955,0.00017923924811010395,0.013503304139216157,8.924349049844008e-05,1.3888565565560997e-05,6.434726662143613e-07,0.0007334376018092108,0.0021362592758568037,8.804799875370994e-08,9.946813508913178e-11,0.9315577493978264,1.5173931968244497e-06,2.6719840591935977e-06,4.624742516586852e-06,3.0742946351480326e-06,2.337774604885938e-06,2.4440185798781025e-06,4.0414831085371525e-05,1.1086312084079103e-06,0.0502939339541562,6.424016801065265e-07,0.00021942653283729522
70,2.3208111641615636e-08,0.00015387638858727984,1.8753343084558005e-06,0.0005707195673458522,9.323651852494581e-05,0.0022150533047244543,7.105932018968573e-05,1.9545966222028812e-05,2.5090860791154466e-07,0.0003797921438883031,0.0003721444072975922,6.408877879493366e-08,7.694517227696692e-11,0.9883138043333951,9.130256253703213e-07,2.4712702753111023e-06,2.288866822627758e-06,3.1511653469348727e-06,1.405003714528198e-07,2.5755424728415036e-06,6.046580345311683e-06,3.2665719003689343e-07,0.007525729267306656,4.68557481840664e-08,0.00026486470156786995
71,1.9714877084030842e-08,0.0005387933251050839,1.6262090286165819e-06,0.0007147341901741034,0.0002019377950379786,0.010686639665396333,8.968800224568572e-05,1.2405881730145605e-05,5.124804555716686e-07,0.0007811178698034983,0.0019414577217271858,8.476404753376797e-08,9.889895129349915e-11,0.9183776219461189,1.1855051736862912e-06,2.5641863555801863e-06,3.970791566761471e-06,2.165832133037299e-06,1.835745815828146e-06,3.2629138542705624e-06,3.8395441252067803e-05,8.330570442121869e-07,0.06640640804002436,6.557546929010829e-07,0.00019208306744062154
