,0,1,2,3,4,5,6,7,8,9,10,11,12,13,14,15,16,17,18,19,20,21,22,23,24
0,5.801909760819413e-07,0.0001039891285018886,0.000737657717949562,1.60572011993767e-07,0.00032230923398632815,2.6805503604425075e-09,6.454456732154528e-07,2.8024336499306063e-06,8.487392829855137e-07,1.6486493396454805e-06,0.003064668259854225,2.1720738262880742e-05,3.712031390661184e-08,0.9797092415522086,2.3604203366170584e-06,3.373569229712146e-07,0.002143004766106876,7.595418886285487e-06,4.673934887617385e-08,1.0296667028155673e-06,0.005771682779795223,2.673308833569699e-08,5.542986306617259e-05,1.5675239472975129e-06,0.008050606269236902
1,4.1431322379332545e-07,7.793733748331001e-05,0.0010206070242474315,1.7224303317635266e-07,0.00026525360400279685,3.583735520618031e-09,8.246189246888584e-07,2.8062452486835337e-06,1.4443162932135944e-06,3.126893451696117e-06,0.0017455476976440576,1.5534743711617983e-05,4.6377747706730544e-08,0.9806636816570697,2.36133225011081e-06,6.341131189032068e-07,0.00136203399377936,1.0484141895191169e-05,7.026873386401232e-08,1.8198640590183924e-06,0.006486500017302268,2.032238819222524e-08,6.430659232831254e-05,2.3518688992724226e-06,0.008272016829428037
2,2.1917203223885605e-07,6.0413606614763066e-05,0.00039567019145408646,9.027493064799103e-08,0.00021456903128145137,1.5228551959002234e-09,3.443935030944304e-07,1.6674417222156811e-06,8.344566121518473e-07,1.316882083950829e-06,0.0016654079264329688,1.229555050405465e-05,1.9289890197458617e-08,0.9870776261666663,2.209025816095768e-06,1.8983326395108536e-07,0.0007841415259933578,3.6205043581633196e-06,2.4711408223751495e-08,9.15271717271265e-07,0.002573563742138649,1.7936617925051035e-08,2.840710725426965e-05,1.0013571593451814e-06,0.007175433077689778
3,5.504093315031642e-07,9.827337685536235e-05,0.0006959900600779125,1.512892817525922e-07,0.0003034774770601645,2.6960791381913844e-09,6.182828055294179e-07,2.708899031921338e-06,8.796354486230395e-07,1.6567656774831233e-06,0.0029670777392737145,2.0147478576187823e-05,3.5482307770968735e-08,0.9805518783903477,2.3333580618686524e-06,3.1298137702606554e-07,0.0019180054997527415,7.420500930037327e-06,4.6054323048337004e-08,1.0016661450071104e-06,0.005518427901907615,2.656715768714064e-08,5.3662199750128665e-05,1.491759754299392e-06,0.007853823528685657
4,4.810916359483609e-07,8.461500628673231e-05,0.0006591261771018221,1.1289767935293942e-07,0.00024284502253801008,1.6946004305616387e-09,5.027596750167907e-07,2.267602708193813e-06,7.302920682668819e-07,1.372824703380076e-06,0.0023562517400276856,1.718956487954852e-05,3.711820153603958e-08,0.9840409822092426,1.447898737222922e-06,2.3060344302521385e-07,0.0014362424522768665,6.783094529350783e-06,3.3682998856596734e-08,9.401613838725271e-07,0.005231948717177475,2.2853668312498616e-08,3.8352911924843434e-05,1.3163286774389638e-06,0.005876165293834484
5,5.062321371014781e-07,7.868582184041963e-05,0.0007579523023058518,2.0773152124066282e-07,0.00032930487414811586,2.5589338851574797e-09,5.016245616243811e-07,2.400819680192447e-06,8.461146784950043e-07,2.0482031306563e-06,0.0023605736267624275,1.2655972065751958e-05,3.755993607674009e-08,0.9841538882360614,1.4979872997019962e-06,2.6476801804391185e-07,0.0015639064959753546,1.3365534062240949e-05,4.4472672993301063e-08,1.343481585711244e-06,0.0059743001775858584,1.6911895858921137e-08,7.42451690123517e-05,1.7712130358895085e-06,0.004669632111092827
6,5.504093315031642e-07,9.827337685536235e-05,0.0006959900600779125,1.512892817525922e-07,0.0003034774770601645,2.6960791381913844e-09,6.182828055294179e-07,2.708899031921338e-06,8.796354486230395e-07,1.6567656774831233e-06,0.0029670777392737145,2.0147478576187823e-05,3.5482307770968735e-08,0.9805518783903477,2.3333580618686524e-06,3.1298137702606554e-07,0.0019180054997527415,7.420500930037327e-06,4.6054323048337004e-08,1.0016661450071104e-06,0.005518427901907615,2.656715768714064e-08,5.3662199750128665e-05,1.491759754299392e-06,0.007853823528685657
7,4.324790019712091e-06,0.00015345598353338745,0.002021937718096827,1.583758563991676e-07,0.0003660960166136975,3.2779773025100645e-09,1.2542214196624747e-06,1.0596661251199306e-05,6.88093463196165e-07,1.856790408698442e-06,0.012971996288559584,4.408456366116466e-05,2.3167683357787655e-07,0.9631080009377598,2.550286655863564e-06,4.5760906282471815e-07,0.003017545861035879,2.2190457906903763e-05,7.33272312055605e-08,1.9409075452425696e-06,0.012763967851684679,9.629885921360403e-08,2.9167064794414866e-05,1.1254507817372697e-06,0.0054761994889877
8,4.649769337081701e-07,7.983813592786138e-05,0.001383441881573096,1.7767916328525705e-07,0.00019869939353334444,1.5611806800816118e-09,1.1177088376643434e-07,8.864764094990931e-07,6.302722954387846e-07,2.38691417397546e-06,0.0009579420897957725,1.1631954757555603e-05,1.706251307932108e-08,0.9832959007940938,1.5281993552875877e-06,2.6780873117387396e-07,0.0020419652271157457,3.0837188929779353e-06,9.869835931401165e-09,9.309048188841581e-07,0.0017322338272965183,8.729099235581363e-09,8.044493431517593e-05,3.2640538184387633e-06,0.010204131763485788
9,7.742909878970908e-08,5.37151045073478e-05,0.0006698291516996754,8.362588689614302e-08,7.161198819520842e-05,6.386826106463276e-10,5.475201954393606e-08,6.528179677782011e-07,3.9153258076917744e-07,3.044827077479825e-06,0.0003040413223018221,3.5393135292803357e-06,9.392787499437243e-09,0.9919686065300516,6.479313972373342e-07,1.9924456853524761e-07,0.000725594249761371,2.1055923297726654e-06,8.152114224303939e-09,9.742327886562306e-07,0.00131866271255617,4.348389796832044e-09,3.2447109274187595e-05,1.4095703438113304e-06,0.004842288430089991
10,5.504093315031642e-07,9.827337685536235e-05,0.0006959900600779125,1.512892817525922e-07,0.0003034774770601645,2.6960791381913844e-09,6.182828055294179e-07,2.708899031921338e-06,8.796354486230395e-07,1.6567656774831233e-06,0.0029670777392737145,2.0147478576187823e-05,3.5482307770968735e-08,0.9805518783903477,2.3333580618686524e-06,3.1298137702606554e-07,0.0019180054997527415,7.420500930037327e-06,4.6054323048337004e-08,1.0016661450071104e-06,0.005518427901907615,2.656715768714064e-08,5.3662199750128665e-05,1.491759754299392e-06,0.007853823528685657
11,6.189761990036486e-07,9.70164872710371e-05,0.0007507809636335697,1.4963974349295007e-07,0.00031450564626873023,2.5031319956516385e-09,6.573831541398756e-07,2.7817085728804435e-06,8.886957925914085e-07,1.5778580694483697e-06,0.003029241119169294,2.2005485416898046e-05,4.409402151361569e-08,0.9805160400831692,2.1224745307389517e-06,3.1692459755881935e-07,0.0018582763540819992,7.804504905674241e-06,4.496838104373945e-08,1.1177217512581758e-06,0.0059304352771857695,2.8831690581004966e-08,4.998724809227368e-05,1.6519947077583774e-06,0.007411903056461503
12,5.695978100864997e-07,0.00010218598639935118,0.0006975205214964057,1.5689326210138757e-07,0.0002919799024684706,2.7897544175382026e-09,6.402781371938467e-07,2.9356804621534724e-06,8.859852480678999e-07,1.727994763427985e-06,0.003017053603372701,2.080243309477629e-05,3.67128304851651e-08,0.9803179829567613,2.4564760869248765e-06,3.34066672136014e-07,0.0019512752930015186,7.69968057335695e-06,5.010340484953718e-08,9.952020384996762e-07,0.005658801271359172,2.800270194739595e-08,5.355376112197159e-05,1.4457626614254248e-06,0.007868879044517545
13,4.386154895260658e-07,6.9465068402393e-05,0.0003889418957795703,6.127703808542573e-08,0.0002154357229792943,9.88947213279166e-10,3.6462239365047227e-07,2.437649071218644e-06,5.01128749949289e-07,6.208507974859955e-07,0.003947231998788136,2.336530999377895e-05,2.4319856895690086e-08,0.9837613966013969,1.7913693833013348e-06,1.2938859304906613e-07,0.0010869326269698054,3.50752582583099e-06,2.133372443516064e-08,5.363803135054686e-07,0.0034746563526627003,2.905721967129068e-08,1.694174334044446e-05,6.561314408415023e-07,0.00700451204084229
14,4.784780635544349e-07,0.00013109598712780405,0.0005388991533226639,1.5462923266365232e-07,0.00044560767367837187,1.9042468664665204e-09,5.181652741955679e-07,2.3580866743497527e-06,6.236540609574843e-07,1.597770401281481e-06,0.003882036783947951,1.4073727424435387e-05,3.952956471970278e-08,0.9791173622265786,1.458017532173779e-06,1.8793242163203066e-07,0.0020460941059395788,9.718411279934408e-06,6.037836668094677e-08,8.739842672545453e-07,0.009055017820400184,2.5527978519935328e-08,4.681904852614322e-05,1.332510746659643e-06,0.0047035644929430045
15,5.504093315031642e-07,9.827337685536235e-05,0.0006959900600779125,1.512892817525922e-07,0.0003034774770601645,2.6960791381913844e-09,6.182828055294179e-07,2.708899031921338e-06,8.796354486230395e-07,1.6567656774831233e-06,0.0029670777392737145,2.0147478576187823e-05,3.5482307770968735e-08,0.9805518783903477,2.3333580618686524e-06,3.1298137702606554e-07,0.0019180054997527415,7.420500930037327e-06,4.6054323048337004e-08,1.0016661450071104e-06,0.005518427901907615,2.656715768714064e-08,5.3662199750128665e-05,1.491759754299392e-06,0.007853823528685657
16,5.611889905998862e-07,9.761860996710597e-05,0.0005040072873291391,1.2334850197475315e-07,0.0002529735050502229,2.1484576288201785e-09,6.100407376618529e-07,3.106116276092627e-06,7.40770289406518e-07,1.2396980361611345e-06,0.0035441944356398884,2.545341111155365e-05,3.392449319380254e-08,0.9810057823313932,2.7074230211934925e-06,2.7704342600053764e-07,0.0017035462257909992,6.4504477813561804e-06,4.673042773098488e-08,7.849530560924986e-07,0.004750758568731424,3.491060927291936e-08,3.591250114562261e-05,1.0209254506309087e-06,0.008062013454285788
17,5.62875361922171e-07,8.20844215931157e-05,0.0006745057410226713,1.1293804400045625e-07,0.0003336800815254288,1.868058798790172e-09,6.366832711645651e-07,2.1542845886408993e-06,7.704561788912621e-07,1.063773374211671e-06,0.003025270175132661,2.036656270102751e-05,3.57352769666765e-08,0.9810894563835079,1.4331384242119602e-06,2.0980144240762614e-07,0.0017731455021937279,7.092595386782812e-06,3.320690352302955e-08,8.635124335535531e-07,0.006314467861612784,2.2767129083825024e-08,4.746343014019497e-05,1.5383913689074889e-06,0.006623027813327208
18,1.7277985678010265e-07,5.792392637743998e-05,0.00040094683221704474,3.4266774501095215e-08,0.00011873044744459956,1.0316504944690455e-09,4.645774291697429e-07,1.0047693436583246e-06,5.719798663848414e-07,7.849112497936433e-07,0.001391148323788633,1.915525637360487e-05,1.5173102693407577e-08,0.9763109559316427,1.5531132617662763e-06,2.8631827446428075e-07,0.0014599226350762904,2.3939532554612436e-06,2.835817413044072e-08,5.661732690918706e-07,0.004507226534663814,1.657567620873916e-08,3.182747329512998e-05,1.4449334873195973e-06,0.015692823724448638
19,3.0982858322100684e-07,0.0001456852359112409,0.0005230329230399868,3.370296626912582e-07,0.00040787975355608156,4.501465965380292e-09,5.939904326130534e-07,2.581778836916951e-06,1.464331140742095e-06,2.988599973243396e-06,0.0016240020382003158,2.3449738623786512e-05,3.390712063242012e-08,0.9848047174955121,3.8497666841287285e-06,4.0215339359411797e-07,0.0015598531470340632,4.4559493355335e-06,4.532429010540789e-08,1.313001962103384e-06,0.002437270937134503,3.415164487803243e-08,4.945480007778998e-05,1.6385199905650243e-06,0.008404601096393174
20,2.896139285890686e-07,8.527199031627562e-05,0.0002697477634362014,7.783542618526786e-08,0.00015590428193730708,1.561659539543077e-09,3.0981181808166183e-07,2.9718517962702987e-06,7.207093476155499e-07,1.453189180578406e-06,0.0024211037870480435,1.1190782511757734e-05,2.9017164727003244e-08,0.9886488558025751,2.188029785593503e-06,1.3955252072038515e-07,0.000732178917564094,3.7846662197883525e-06,3.6163527300930143e-08,7.462102354484548e-07,0.0031091268210094907,4.744496815915774e-08,1.5602271329566376e-05,4.934876046531297e-07,0.004537728437088706
21,5.482686459728265e-07,0.00011188902351338706,0.000608842630316713,1.7891907023499045e-07,0.0003682666540915653,4.187748651414266e-09,7.142253239348356e-07,2.97372207526069e-06,1.1796920761926726e-06,2.0491141577489427e-06,0.003481906279750137,1.9380841655991115e-05,3.4664688428229305e-08,0.9788875714838452,3.512678388148475e-06,3.202418700153393e-07,0.0019424303480252733,7.161471824354172e-06,6.283858473903513e-08,1.0289389698059315e-06,0.005530152806400722,3.460238075951596e-08,6.280284630647486e-05,1.487029098904056e-06,0.008965466491191783
22,1.129841475759637e-06,0.00010682115681828866,0.0014258564733383582,1.5360421840354942e-07,0.0002176898803447336,1.921388656198715e-09,3.271025811835237e-07,3.6489921903023115e-06,3.1059306244861016e-07,2.160919907132323e-06,0.003723408446914303,1.1462953586168321e-05,4.7159890357782056e-08,0.9766736791691037,9.90486489942399e-07,2.457819567899383e-07,0.004347201962620781,1.5964292897138463e-05,3.7749048390850514e-08,1.0504954058298372e-06,0.009716693328645434,2.4091767724765743e-08,6.266748469772002e-05,1.0568798659500465e-06,0.0036873692317843476
23,5.504093315031642e-07,9.827337685536235e-05,0.0006959900600779125,1.512892817525922e-07,0.0003034774770601645,2.6960791381913844e-09,6.182828055294179e-07,2.708899031921338e-06,8.796354486230395e-07,1.6567656774831233e-06,0.0029670777392737145,2.0147478576187823e-05,3.5482307770968735e-08,0.9805518783903477,2.3333580618686524e-06,3.1298137702606554e-07,0.0019180054997527415,7.420500930037327e-06,4.6054323048337004e-08,1.0016661450071104e-06,0.005518427901907615,2.656715768714064e-08,5.3662199750128665e-05,1.491759754299392e-06,0.007853823528685657
24,2.524392801484147e-07,0.00013925804083061413,0.0003796105481893387,2.301597122579905e-07,0.0002381177964852833,1.6968367982341602e-09,3.3919827999269723e-07,2.387994544782918e-06,6.090727883200855e-07,2.2797452186508223e-06,0.0015491006008587565,1.1705083704865334e-05,2.3651994146703007e-08,0.9869626435149024,1.8299180088423115e-06,2.712869473308766e-07,0.0016953943398054308,7.393381498150364e-06,5.64513770294456e-08,7.837043067955084e-07,0.004363788022546094,1.9446652754929758e-08,4.9744160935942026e-05,1.037476703160698e-06,0.004593122267592032
25,5.526484570835722e-07,0.00029547934700250135,0.0010532116012406053,3.3368262203541285e-07,0.0002071996151938531,1.1287335163199173e-08,3.784372191811128e-07,1.1162375701949261e-06,2.633596048336479e-06,1.064361670502864e-05,0.0011029742766516745,1.674505345205974e-05,3.103610795969502e-08,0.9574234600316045,1.5363025515928866e-05,1.4213854578995396e-06,0.0038535393002220495,3.1739580178360754e-06,1.2205434008356002e-07,1.1658115030830844e-06,0.0029284759914102155,4.184492594087244e-08,0.0001554119645380992,4.821993170882999e-06,0.03292169220368782
26,8.202814336537155e-07,5.07769007476886e-05,0.0020029152144927643,3.185029601557255e-07,0.0004785273498528928,3.196994007218757e-09,3.8461210228010713e-07,1.1398085850145217e-06,1.3964128182571944e-06,2.56236992031138e-06,0.001294569088175907,7.903174930299664e-06,3.768302744324721e-08,0.9837766054800877,6.946985313887292e-07,2.414181697172502e-07,0.0017583482579983255,1.9221083963370542e-05,2.092213048957312e-08,1.825370530368602e-06,0.0062395860432368205,6.341668226898884e-09,0.00024333000892411662,6.3069292494079804e-06,0.004112458849469511
27,4.6447300467570896e-07,0.00010988440272982472,0.00036998914562691454,1.867877513444729e-07,0.00032753563625951193,5.3535159161902935e-09,6.390892631907571e-07,3.5259850302111207e-06,2.295430199011486e-06,2.274700118985207e-06,0.002952430993738339,2.419306986261242e-05,3.352306140680029e-08,0.9810138111922855,6.225836809114844e-06,3.429654751189995e-07,0.000930219337551751,4.807600198919323e-06,6.568927092805942e-08,1.106035907211351e-06,0.0025703248394232797,6.492735976750573e-08,3.959840705793045e-05,1.4687723174073975e-06,0.01163850580618104
28,5.504093315031642e-07,9.827337685536235e-05,0.0006959900600779125,1.512892817525922e-07,0.0003034774770601645,2.6960791381913844e-09,6.182828055294179e-07,2.708899031921338e-06,8.796354486230395e-07,1.6567656774831233e-06,0.0029670777392737145,2.0147478576187823e-05,3.5482307770968735e-08,0.9805518783903477,2.3333580618686524e-06,3.1298137702606554e-07,0.0019180054997527415,7.420500930037327e-06,4.6054323048337004e-08,1.0016661450071104e-06,0.005518427901907615,2.656715768714064e-08,5.3662199750128665e-05,1.491759754299392e-06,0.007853823528685657
29,5.504093315031642e-07,9.827337685536235e-05,0.0006959900600779125,1.512892817525922e-07,0.0003034774770601645,2.6960791381913844e-09,6.182828055294179e-07,2.708899031921338e-06,8.796354486230395e-07,1.6567656774831233e-06,0.0029670777392737145,2.0147478576187823e-05,3.5482307770968735e-08,0.9805518783903477,2.3333580618686524e-06,3.1298137702606554e-07,0.0019180054997527415,7.420500930037327e-06,4.6054323048337004e-08,1.0016661450071104e-06,0.005518427901907615,2.656715768714064e-08,5.3662199750128665e-05,1.491759754299392e-06,0.007853823528685657
30,5.504093315031642e-07,9.827337685536235e-05,0.0006959900600779125,1.512892817525922e-07,0.0003034774770601645,2.6960791381913844e-09,6.182828055294179e-07,2.708899031921338e-06,8.796354486230395e-07,1.6567656774831233e-06,0.0029670777392737145,2.0147478576187823e-05,3.5482307770968735e-08,0.9805518783903477,2.3333580618686524e-06,3.1298137702606554e-07,0.0019180054997527415,7.420500930037327e-06,4.6054323048337004e-08,1.0016661450071104e-06,0.005518427901907615,2.656715768714064e-08,5.3662199750128665e-05,1.491759754299392e-06,0.007853823528685657
31,1.0665889505303979e-06,0.00010987621792175768,0.001577942588389716,1.3714543055138901e-07,0.0001474263924590767,1.7782342356683488e-09,5.357276457071834e-07,5.390310579330697e-06,4.6642658830278467e-07,1.928115003217717e-06,0.00252707908741462,2.024250762546288e-05,4.7149407970563585e-08,0.9796751796391938,9.76469160165907e-07,4.713710507471423e-07,0.002891332158424839,1.364962506824601e-05,3.389122505965887e-08,9.946405212540352e-07,0.0075143764137312495,2.1684740228097415e-08,5.067468643176469e-05,1.2312685989819888e-06,0.005458918116203115
32,5.6923331672894e-07,0.00010991824164203665,0.0006912288620003333,1.8704411059563684e-07,0.0003428436494413136,3.483906292996039e-09,7.605019623749841e-07,3.0721308710824494e-06,1.0301101731717824e-06,2.045888648289591e-06,0.003212642211632322,2.104784981687976e-05,4.0666843655849567e-08,0.9777349150866289,3.1770716882896093e-06,4.1469485133918856e-07,0.0021912171397966474,8.858067354775129e-06,7.34706714889722e-08,1.1661855107695505e-06,0.006833586812879504,3.140623129559835e-08,6.705230781913275e-05,1.7599712828901508e-06,0.008772357910920025
33,7.443073815994665e-07,0.00011987730880700375,0.0007418267075163703,1.695968210701229e-07,0.0003337875459714352,2.4038054952231288e-09,7.59786583131765e-07,3.5683205672009983e-06,7.126563531559337e-07,1.395241300537644e-06,0.0038503683103137732,3.0070193769404424e-05,4.64997481583229e-08,0.9774848270372455,2.116735777098164e-06,3.7786201562938145e-07,0.002752544222899608,9.082532695013755e-06,5.154102012548419e-08,9.9116183410723e-07,0.00695421100335809,3.306177073595197e-08,5.178919460785727e-05,1.544677660470377e-06,0.007659102090177413
34,5.460755639517108e-07,9.837762174170978e-05,0.000693836888155931,1.5102130810498467e-07,0.0003024673834467409,2.690018986300601e-09,6.165113358486012e-07,2.7020908089554867e-06,8.776232223679081e-07,1.6576664011768861e-06,0.0029517425969683977,2.0130103663942917e-05,3.5344135037135164e-08,0.9805856378799594,2.329268574677663e-06,3.132901991210243e-07,0.0019175904562114547,7.381045472003892e-06,4.591566565646497e-08,1.0013798638087123e-06,0.005496210635724506,2.65107095570606e-08,5.35482356007058e-05,1.489744821128335e-06,0.00786128202042675
35,9.052969284276537e-06,0.00019764448462368617,0.0017862215267791183,4.4717477245331827e-07,0.0002476173147555379,1.4784666808243432e-08,2.8869013878606125e-06,3.315786301394744e-05,2.535023543734334e-06,4.90543906356046e-06,0.011544511953048793,0.0001021168627555638,2.022359938731174e-07,0.95622327667463,3.891974302156923e-06,2.5462323318703403e-06,0.005509716416636386,0.00011773495193228364,4.024303681894516e-07,1.6012683382464664e-06,0.013915648884380344,2.1682907625432117e-07,0.0001120234328878226,3.2654197501345084e-06,0.010178360951677219
36,3.549772520294806e-07,0.00011829786601841788,0.00044830285298992005,1.4381128110997918e-07,7.298688973585256e-05,1.8730419174062476e-09,4.151876449137142e-07,5.1959843531060335e-06,6.056219170007096e-07,2.5447252621434166e-06,0.0012123468977167779,1.984429878689476e-05,3.2531264905392346e-08,0.9883369113380711,2.3199212591001724e-06,6.133054615476709e-07,0.001746592812595793,6.561134439409209e-06,4.718582254835803e-08,9.382270086649802e-07,0.00239079647164636,4.3483379647101446e-08,2.4077677058103298e-05,5.262265545278687e-07,0.005609498699438327
37,1.1278761242422006e-06,5.4634375106009926e-05,0.0015794516076660192,1.0180215689674477e-07,0.00043256642262530515,1.0662500859969454e-09,7.327993493147049e-07,1.481265752545677e-06,7.579038356348103e-07,8.928324056551779e-07,0.0025779964974845995,2.1133322974498836e-05,7.229717482900745e-08,0.9784602964519726,5.597632859550484e-07,2.1991423724088164e-07,0.0017616358780870175,1.2625868076069111e-05,2.2218232355085607e-08,1.2195579037081903e-06,0.010010424508109697,1.3854203485316216e-08,5.449124345000983e-05,3.630851042002292e-06,0.005023909822494131
38,3.017894505060974e-06,0.0001990158025604745,0.003030583011755641,6.648389255357833e-07,0.00044058232784538064,2.8295555997268e-08,5.586019911953728e-06,1.3413105631875705e-05,2.3090756537065395e-06,8.465991688448471e-06,0.006016096330974465,5.36362008462686e-05,2.25112280652713e-07,0.9347734734087817,1.251903931764307e-05,5.578829615454497e-06,0.009350419060658978,5.900109332240054e-05,5.654926413768922e-07,5.338943060039465e-06,0.02805032088695814,8.751550537969343e-08,0.00031942181936362525,5.4789814584501885e-06,0.017644170921181403
39,1.7158622251113239e-06,0.0001409711826330394,0.0018590413701660162,2.3096971347285628e-07,0.00033172400336308497,8.686158232654968e-09,3.347036262124035e-06,1.8452438742576973e-05,9.359324488362441e-07,2.3115950830239093e-06,0.007855697048392096,9.072954165635285e-05,1.0889038183810454e-07,0.9447965053549902,4.158060930021817e-06,2.3237761517765387e-06,0.007741392018469393,1.8930116048638442e-05,1.5373228353021677e-07,2.173007725068342e-06,0.019351003021729537,8.982361907761721e-08,8.988745753127826e-05,2.601301649923514e-06,0.017685507771645705
40,1.8271932765507358e-07,8.90156315018626e-05,0.0004430199468631369,3.1287087725879263e-07,0.0003132071864933066,3.5306569274264406e-09,6.964771484394665e-07,3.1942281283604195e-06,1.0497941093998716e-06,4.517512020932985e-06,0.0016364485816580182,6.890057607837646e-06,2.8114670998014345e-08,0.9795548472497869,2.224401316911907e-06,6.706617660667216e-07,0.0018048963183207867,2.4159368220288513e-05,1.8652457426331176e-07,1.963668559704987e-06,0.010978272593938278,1.3019790344926615e-08,0.00015373944872660783,2.327450731400732e-06,0.004978132643204533
41,1.0580014970964566e-06,0.00014128387047064814,0.000880071813573303,6.372751857702961e-07,0.001016140744450195,1.0960222615464843e-08,7.922063364544958e-07,3.984968197344705e-06,2.7979616081246568e-06,3.5088013537992547e-06,0.005208130578226505,3.400790969445533e-05,4.123767359395315e-08,0.9728348521486956,1.4490757007852505e-05,5.206756435368981e-07,0.002063809398563058,7.4509291489826365e-06,7.400071845454342e-08,1.6623757299276376e-06,0.00265738554531034,4.667346615504594e-08,9.850195382472425e-05,2.6540238782683044e-06,0.015026085189523156
42,1.0446118597212702e-06,0.0003242297612249347,0.0007158537616729924,2.993672594203944e-07,0.00035371636826633096,9.986561997409085e-09,1.372651192544452e-06,1.4287753157583745e-05,1.5167255145742587e-06,4.82805412319331e-06,0.006387653861681104,5.7808662879080354e-05,1.1312753447154795e-07,0.9627341504927727,1.2538328028545864e-05,1.9255797353302375e-06,0.0053524017104925456,7.406935993872158e-06,2.3084168913051751e-07,2.2545784769357726e-06,0.006852353193270341,2.9534338150994616e-07,3.6506835783714785e-05,1.5042070697371781e-06,0.017135697260377912
43,4.161433954824996e-07,0.00010929647484264995,0.0007205560838107059,3.5035040767061934e-07,0.00029970049800396616,1.7005905017660306e-08,7.641213407759282e-07,5.830492867506943e-06,2.080207382122762e-06,9.761966683177281e-06,0.002618775768463397,7.813403969787366e-06,4.7706412271795306e-08,0.9801919691302632,6.453932998852238e-06,5.960510207602161e-07,0.0015762550449819686,1.300478489369611e-05,1.7512394293150183e-07,2.4583405883555612e-06,0.007493033775930053,5.8552458667853716e-08,0.00010467821738598573,1.542177015671125e-06,0.00683436464503522
44,5.504093315031642e-07,9.827337685536235e-05,0.0006959900600779125,1.512892817525922e-07,0.0003034774770601645,2.6960791381913844e-09,6.182828055294179e-07,2.708899031921338e-06,8.796354486230395e-07,1.6567656774831233e-06,0.0029670777392737145,2.0147478576187823e-05,3.5482307770968735e-08,0.9805518783903477,2.3333580618686524e-06,3.1298137702606554e-07,0.0019180054997527415,7.420500930037327e-06,4.6054323048337004e-08,1.0016661450071104e-06,0.005518427901907615,2.656715768714064e-08,5.3662199750128665e-05,1.491759754299392e-06,0.007853823528685657
45,1.0922202028525972e-06,0.00015090118452533842,0.0008376916341825662,7.645331364347944e-07,0.00118076159705324,2.153324296426083e-08,3.7794137005261433e-06,1.1224311252677521e-05,4.548130452709631e-06,4.233603284309338e-06,0.006873217457402805,6.188859324293851e-05,9.550504184059671e-08,0.9642188000742039,2.3503705248667342e-05,1.589888866430613e-06,0.002474822562487686,1.4021205461196938e-05,2.496574681641656e-07,3.371420683783974e-06,0.006334124767066701,1.0198049130552581e-07,0.00010843421322070082,2.9470413750612623e-06,0.0176878137667054
46,7.918855185020203e-06,0.0009920282238314168,0.002197810708246935,9.167548236338985e-07,0.0007587678843160461,1.2715192056327117e-08,2.0395585766847596e-06,1.695593107165641e-05,4.645832522320646e-07,2.5739315133099534e-06,0.01785767709865492,0.0003552459463680577,1.5873971320982837e-07,0.8342408177220384,1.3208742889969075e-05,3.5016493431250454e-06,0.09935656021208468,1.0672060145287224e-05,1.5137586389226104e-07,1.3177509442101983e-06,0.010452690455592772,3.2676856364047606e-07,0.00015762190244715754,3.338484848852471e-06,0.03356722194449299
47,2.4345417280038116e-06,0.000566583595882196,0.0008364345921527904,1.3703241148712347e-07,0.00022607580198694734,3.5273667612181327e-09,1.4410744268230922e-06,8.769873545825104e-06,1.0188636860228077e-06,1.7853222466504113e-06,0.006552672848917721,0.00017594045049843483,1.3206032950253113e-07,0.9563991393599512,5.2092745602708094e-06,1.4667340125962612e-06,0.006583624981123781,5.243449844127291e-06,8.056294866761852e-08,1.0120663230730519e-06,0.004371326975183897,2.691193742799034e-07,2.153329577802294e-05,1.8340957611985118e-06,0.024235830499959605
48,4.778035441261426e-07,5.804894409893285e-05,0.0006769398379376803,1.099242523312045e-07,0.0003412544038293369,2.3061662822903784e-09,5.790084071821473e-07,2.0110987278969162e-06,1.073138075478027e-06,1.1997684205202942e-06,0.003021783620803782,1.7515221403490157e-05,3.24313082314107e-08,0.9821320821559766,2.015247425777911e-06,2.1734588903775068e-07,0.0010453286020166994,6.673817558673935e-06,3.198096106795614e-08,1.0804829723462016e-06,0.004899376337646673,1.973963428414085e-08,4.495222414545608e-05,1.6617277251565592e-06,0.007745532831072828
49,7.944973733701244e-07,0.00010253573239838315,0.0011134057069647554,1.5078315304400946e-07,0.000271068312016977,3.3657704041203378e-09,5.796362959430584e-07,3.028086683991897e-06,9.07852620998611e-07,1.6820911596769174e-06,0.003021095365584406,2.853987601768729e-05,4.636237048713248e-08,0.9813442586918616,1.7014868773220814e-06,3.168826235162603e-07,0.0019664481530678457,6.803614946265361e-06,2.4891411955833568e-08,1.2113299323296746e-06,0.004153588534285361,3.016174363067455e-08,4.66429559483121e-05,1.6937660908890894e-06,0.007933441862800926
50,2.604362405078545e-07,9.092452985328875e-05,0.00044083940696591854,8.015528342990555e-08,0.00015376107167456866,1.9536965395218014e-09,6.874573879388304e-07,3.2166032860841757e-06,9.286059822873129e-07,2.275829391070598e-06,0.0016547210851057166,1.2665386410473092e-05,3.4016380766666845e-08,0.9858777139852976,1.7741621614125264e-06,2.5335978327670575e-07,0.0008696772475033176,4.897021291258731e-06,6.006630225474549e-08,7.819916436367122e-07,0.005010655184157103,3.3360853736890586e-08,2.1701618734492547e-05,7.019542067287033e-07,0.005851353510406659
51,3.759442274907421e-07,0.00015601035201253446,0.0004013237620336319,1.5632519425622745e-07,0.00018468688115097016,1.5876830660902523e-09,2.860426933239468e-07,3.0609908220994814e-06,5.860153979324784e-07,1.815569740285564e-06,0.0021639117517263913,1.70729878844778e-05,2.6802585016664293e-08,0.9876902349426674,2.0664139648357704e-06,2.127533732599598e-07,0.001348774299518532,4.71266116632798e-06,3.502724412257799e-08,6.37687658088832e-07,0.0027549144126307393,3.219664494122242e-08,2.3998085965643976e-05,6.60913958924923e-07,0.005244405592055726
52,5.894232303585459e-07,8.447059147604019e-05,0.0006878709673024362,2.4328020049165967e-07,0.00020553564399367183,4.249595753497263e-09,4.2936730896726347e-07,3.918834851711346e-06,1.0921782032531683e-06,4.185947065512228e-06,0.0025082122413230645,1.106605688484258e-05,4.0726596015975883e-08,0.9854146062772239,3.2942518839937674e-06,4.242785161700977e-07,0.0013790899213345646,1.579050976283424e-05,8.048919607995027e-08,1.539478376614546e-06,0.004408503566597147,3.025035674985776e-08,6.36133465838726e-05,1.274223267461908e-06,0.005204093898868434
53,4.841120478531398e-07,6.13018676244833e-05,0.0004983625726620116,1.0419526460811131e-07,0.0003194731136241882,4.2968350116737434e-09,3.2348722634074635e-06,3.906313807283566e-06,1.6454764245694268e-06,6.741951673562386e-07,0.0037435978901766806,6.047815330223451e-05,3.238242165390366e-08,0.9712814965347786,3.5280140931392663e-06,5.162926280285866e-07,0.0016081063599925217,7.139614627984145e-06,5.1235871050261994e-08,1.0318437470050405e-06,0.005914813118879239,2.7289587993175696e-08,7.106193134835277e-05,1.5957308851228585e-06,0.016417332591939563
54,9.409978001197326e-06,7.499980488522603e-05,0.002966493476451879,9.293799620027365e-07,0.0025561879917601364,1.9474737029822954e-08,2.8988364780260205e-06,1.2743772279884104e-05,1.122846035724669e-06,2.4550704300823906e-06,0.03218538149740896,1.3623466612894024e-05,2.333617669599114e-07,0.8321256839584258,1.4754705733798053e-06,2.618016254282155e-07,0.00951377798931755,0.00027223934988120546,2.6312784943753543e-07,2.9861592715322357e-06,0.11788393621399713,4.767852722244791e-08,0.0006499336759480819,4.121229000799948e-06,0.0017187743887726115
55,1.0253584935901118e-06,7.104766730911072e-05,0.000742595312957941,2.1500818037119592e-07,0.0011585154049037973,3.946893105581183e-09,4.100932179477346e-06,2.5054586870761886e-06,3.864790641513349e-06,5.065801966629949e-07,0.005154926928982594,0.00017918940709238526,6.692397189807953e-08,0.9653476561412229,2.4986536606433143e-06,5.515257030980337e-07,0.0012513598756051917,1.0074589385299841e-05,4.6358856002800435e-08,1.1720539602147396e-06,0.005487042498376071,2.6485069317719657e-08,7.586935761571669e-05,7.667511115659948e-06,0.020497471228940814
56,5.993072202508384e-07,9.914283394639503e-05,0.0007159361157256508,1.4684762894591708e-07,0.0002984268251401504,2.6076733086305868e-09,6.412222338200032e-07,2.7645080230084326e-06,8.777262980378021e-07,1.593468136174425e-06,0.003036153322082935,2.1487214797175573e-05,3.9251683767283155e-08,0.9804960953516405,2.2026978876093146e-06,3.0755223216260547e-07,0.0019005318650201159,7.5945973551675956e-06,4.548343040036601e-08,1.0141267651901461e-06,0.005711325730755273,2.8251695287343042e-08,5.158028189489844e-05,1.5334304664887736e-06,0.0076499293802673165
57,5.272296485773851e-07,0.00017600611937655886,0.0008201593769563199,1.323924589047315e-07,0.000284198342638686,2.1490159854924685e-09,1.1651602260761616e-06,3.951024653280351e-06,7.651034048201043e-07,2.016103055764769e-06,0.0032498200575896965,3.525652991471348e-05,7.967280997863962e-08,0.9677632623799223,2.6740194078174774e-06,9.154217097856178e-07,0.0031067481265237254,8.352940392292009e-06,1.3126142370471323e-07,1.434054842131589e-06,0.013325599473859636,4.6714445810471204e-08,3.895235511626914e-05,2.1223693192710882e-06,0.011175681621287948
58,5.324164719184225e-07,9.523486078344989e-05,0.0007673801379369521,1.693465460582941e-07,0.0004248243893175923,3.0906460355933185e-09,7.406240077138211e-07,2.0892573356628947e-06,1.224301640021445e-06,1.739126656660765e-06,0.0028555480139086827,2.1761584782939314e-05,4.3331795804276734e-08,0.9780022496841383,2.3782466987807638e-06,3.637789437455936e-07,0.0017996410473266593,7.997884589181093e-06,5.315299860548816e-08,1.35434577025879e-06,0.006652914419859395,2.4173283183101082e-08,7.24716041113722e-05,2.8862757442529375e-06,0.009286374904706426
59,4.4942608648660583e-07,8.542267220111908e-05,0.0008353375573800845,1.3553095297989913e-07,0.0003343062717366268,2.418392979766157e-09,5.475645518915212e-07,1.8328193937960064e-06,9.38851278118597e-07,1.723182739646928e-06,0.0023073607955003063,1.6506062500653847e-05,3.601636834045259e-08,0.9804774329707752,1.705833960162685e-06,3.0345247179013737e-07,0.0017173502359424742,6.9471582065147635e-06,3.824339184705001e-08,1.2177743650017249e-06,0.0061975275624758285,1.9026535120569326e-08,6.139365481837265e-05,2.364251223707823e-06,0.00794910066675103
60,5.504093315031642e-07,9.827337685536235e-05,0.0006959900600779125,1.512892817525922e-07,0.0003034774770601645,2.6960791381913844e-09,6.182828055294179e-07,2.708899031921338e-06,8.796354486230395e-07,1.6567656774831233e-06,0.0029670777392737145,2.0147478576187823e-05,3.5482307770968735e-08,0.9805518783903477,2.3333580618686524e-06,3.1298137702606554e-07,0.0019180054997527415,7.420500930037327e-06,4.6054323048337004e-08,1.0016661450071104e-06,0.005518427901907615,2.656715768714064e-08,5.3662199750128665e-05,1.491759754299392e-06,0.007853823528685657
61,4.704089015737263e-07,7.417860292193987e-05,0.0008718280295607622,1.2513064927113237e-07,0.0003349097436762051,2.2434180838316464e-09,5.218769983911983e-07,1.7175550082208473e-06,9.675816342173526e-07,1.5996626566490025e-06,0.002278775550815886,1.5001904410597687e-05,3.4822153412029765e-08,0.9814430017735655,1.4328606367315667e-06,2.476176551851274e-07,0.001455365497413385,7.288777317203128e-06,3.411259574644496e-08,1.1293320252022428e-06,0.006269903587120734,1.6862088643847985e-08,6.003053433950847e-05,2.3567056794521544e-06,0.007179059226757432
62,5.504093315031642e-07,9.827337685536235e-05,0.0006959900600779125,1.512892817525922e-07,0.0003034774770601645,2.6960791381913844e-09,6.182828055294179e-07,2.708899031921338e-06,8.796354486230395e-07,1.6567656774831233e-06,0.0029670777392737145,2.0147478576187823e-05,3.5482307770968735e-08,0.9805518783903477,2.3333580618686524e-06,3.1298137702606554e-07,0.0019180054997527415,7.420500930037327e-06,4.6054323048337004e-08,1.0016661450071104e-06,0.005518427901907615,2.656715768714064e-08,5.3662199750128665e-05,1.491759754299392e-06,0.007853823528685657
63,4.999827244135265e-07,0.00012446237982850487,0.0005849982662423454,1.508514618444108e-07,0.00027666604344643217,2.4047201697675454e-09,5.432296999318707e-07,2.7321836506145305e-06,8.03543484239965e-07,1.702856062537281e-06,0.0028108889434253427,2.0527031228648897e-05,3.402421936782153e-08,0.9811759109088165,2.3751425407526973e-06,3.108331505638632e-07,0.0020056661671908655,6.507535664651362e-06,4.8717459192312024e-08,8.957216293547196e-07,0.0051109607931461775,3.0219906496216516e-08,4.7232672848328965e-05,1.3573885330151627e-06,0.007824692158919806
64,5.06667570991924e-07,8.136010062855306e-05,0.0007700392096545386,1.094699373688518e-07,0.0002983564901059202,1.882176499777946e-09,6.731199753396205e-07,2.257210208516521e-06,6.719005150984847e-07,1.3134441374267476e-06,0.002841242667652263,1.56587278767153e-05,3.888421452976817e-08,0.9775940394496757,1.3701019379406309e-06,2.6185639519190547e-07,0.0019799258875786907,8.780501540957886e-06,4.818498755443757e-08,9.634044290368803e-07,0.01003364890898648,2.0439175563594972e-08,5.548195382489337e-05,1.6233390727032835e-06,0.0063116061977416624
65,3.314189880894391e-07,8.225321323363503e-05,0.0005481704617967373,8.392929800694758e-08,0.00018915947157686252,1.2864797344234717e-09,3.4450922388915e-07,1.7288545362214586e-06,6.970018327960566e-07,1.302409967898171e-06,0.001715978202424155,1.3924186331354547e-05,2.669360231661521e-08,0.9867050031386384,1.2616790167535699e-06,1.9108207640433316e-07,0.0010983307742577183,4.294969322907862e-06,2.3215478104524097e-08,7.751981103793505e-07,0.0035404995405890387,1.966245556581822e-08,2.7740369026800998e-05,1.0953278095303876e-06,0.006066763403926878
66,7.814375624431482e-07,6.869149795346687e-05,0.0014127152409419525,9.435876930808523e-08,0.00024269231178395963,1.362069843833069e-09,6.865964461054902e-07,3.8927854180838085e-06,5.979631224798046e-07,1.496156676790356e-06,0.0028854888430146185,1.8319464060712582e-05,7.544505370068309e-08,0.9829537926334058,9.604223372183109e-07,3.1448802485745387e-07,0.0013025626027440293,1.0729597989959223e-05,2.6098094554958676e-08,1.6529377851825287e-06,0.006802687933285576,2.2366289672263543e-08,2.2472430865899604e-05,1.107574110947487e-06,0.004268137452192946
67,4.955825694214086e-07,0.00038349304003077974,6.566396692611105e-05,1.159942482857104e-07,0.0007119118029269584,4.9323003403559225e-09,1.8015305968279762e-06,6.397768235289036e-06,5.469654422432069e-06,7.609683000295615e-07,0.010122177210224119,0.0002079942251668765,2.872075790080168e-08,0.9472666199479609,3.0908590526465336e-05,3.292250727967671e-07,0.0007475860713374944,1.0112430306313578e-06,1.1983744171541033e-07,2.880625562591956e-07,0.0009375566541317779,5.362557984355456e-07,5.527044675948691e-06,6.499571096611267e-07,0.03950255171365267
68,8.550095169479894e-07,0.00014103756846235745,0.0007469385866844178,1.9331607029195058e-07,0.00034831336188369125,3.5715167466484535e-09,8.227107452478337e-07,4.457607882937484e-06,8.929271755734938e-07,1.9872679731663545e-06,0.0044631751282981766,2.5603991955687003e-05,4.855270820969879e-08,0.9749478528417244,3.2245092481042074e-06,4.4873509556621667e-07,0.0029656431756939533,1.0343205182984666e-05,7.995137546394035e-08,1.0646170181378426e-06,0.007794196242991612,4.468721748598019e-08,5.99786675240172e-05,1.4861576647133508e-06,0.00848130760839019
69,6.337046063108229e-07,0.00011936209861475742,0.0006480436451861491,1.7679491551972764e-07,0.00036329688342784475,3.1457734163373984e-09,6.660579674272274e-07,2.9517758156220922e-06,9.672902809738748e-07,1.691945921804301e-06,0.0035713492198614196,2.412990565117343e-05,3.6956104724663305e-08,0.9786801816576454,3.076155415511701e-06,3.3334427411716365e-07,0.002250502962192328,7.023574354156177e-06,5.34846600429101e-08,9.515824331943925e-07,0.0053164853206412906,3.4027609479667356e-08,5.530302787172049e-05,1.5175161412268721e-06,0.008951227922634402
70,5.503563610123688e-07,9.81894459876335e-05,0.0006961735510743523,1.5136825528771158e-07,0.00030386385561647283,2.6962053927999324e-09,6.182077727406187e-07,2.7067569958773563e-06,8.803146103583259e-07,1.6555795441341867e-06,0.00296642558414258,2.014462859660928e-05,3.5466246986691e-08,0.980561658146536,2.333502777674577e-06,3.1255734644711984e-07,0.0019160063032949012,7.413887281683088e-06,4.597626294729232e-08,1.0017294145961001e-06,0.005512570792811468,2.6539179450844454e-08,5.367074640894895e-05,1.492048776785659e-06,0.007852069958499597
71,2.982663820265309e-07,7.167642949025037e-05,0.0005642205869245568,1.0358905084573984e-07,0.0002600316889880258,1.603925678352997e-09,5.41821810181582e-07,1.811565180976472e-06,8.25596281552964e-07,1.3130656468360635e-06,0.0017881958149781937,1.347956947657008e-05,2.8055049977885414e-08,0.9851300011807349,1.2909812578020605e-06,2.2811834834802453e-07,0.0011504029327469474,6.351855732887757e-06,3.1550618983905755e-08,9.867353204491788e-07,0.005066325953091283,1.5644045565572394e-08,4.1569914230735984e-05,1.3894285171884557e-06,0.005898878052169221
