,0,1,2,3,4,5,6,7,8,9,10,11,12,13,14,15,16,17,18,19,20,21,22,23,24
0,9.755926082850506e-07,0.00018491029975257632,0.0019378641532457087,2.9824770721991014e-07,0.00022572816699168647,2.1183274780180955e-09,4.340265757924951e-07,3.340231404365176e-06,2.2310849755375345e-07,2.997580725648259e-06,0.0024879851857107903,1.5937424368102328e-05,3.973595678522992e-08,0.9602825218611704,1.3386544285616985e-06,8.457905632410343e-07,0.014899589275729114,1.856778089351692e-05,5.816166128791891e-08,1.131516169685284e-06,0.013622086043628629,1.470803313049248e-08,0.00016034079942151694,1.9119166401605255e-06,0.006150857619788667
1,6.858153787342734e-07,0.00013916417412651109,0.0025523057262693406,3.199747054720315e-07,0.00018890079168556163,2.8141882032776705e-09,5.525209611879168e-07,3.46757298162042e-06,3.674719651778009e-07,5.457728778153775e-06,0.0014878393894254456,1.1483011347102533e-05,4.8237752912334766e-08,0.9641836390154988,1.3370488453359114e-06,1.500607113834187e-06,0.009534367917819987,2.5428041916324108e-05,8.828327040017216e-08,1.918426548405035e-06,0.015472122107301286,1.1505569945224837e-08,0.00018245908438383227,2.683438966552876e-06,0.006203849293199965
2,3.725954728827691e-07,0.00010994188760058564,0.001008888842404736,1.6653404480322705e-07,0.0001506024153592819,1.206452112034451e-09,2.2890299240263594e-07,2.1217682540207066e-06,2.1386820701707126e-07,2.3786732465854627e-06,0.0014260669415279556,8.823543919900383e-06,2.0819109571631442e-08,0.980222047577297,1.2086741839187925e-06,4.417888815340755e-07,0.005432309329834219,8.955293496907458e-06,3.147443876145234e-08,9.646016680830155e-07,0.006330672672101088,1.0587507659541442e-08,7.872732674271754e-05,1.1182499800363021e-06,0.005213684425276111
3,9.279202654256432e-07,0.00017540636211963272,0.001832203910376306,2.8252448452092175e-07,0.00021364293387994215,2.1295158852858265e-09,4.167783168330308e-07,3.2382327493963516e-06,2.3060625049296418e-07,3.0103734459044962e-06,0.0024181670111441474,1.4854312587088669e-05,3.801673563248538e-08,0.9626210940370086,1.3253671185180053e-06,7.86838234820302e-07,0.013437809245258817,1.8202229313664072e-05,5.7511451399646e-08,1.100515628015327e-06,0.013089131759765341,1.4621715184032015e-08,0.00015582365019552335,1.8235325222431465e-06,0.006010409579916427
4,7.922171795770645e-07,0.00015040560390998438,0.0017083951759066345,2.1185639713416012e-07,0.00017278910869632238,1.3498990623618705e-09,3.390325682789246e-07,2.7141024688533387e-06,1.9024025979028801e-07,2.469760064621363e-06,0.0019320212122252308,1.24967988407012e-05,3.852565092290317e-08,0.9689124138128176,8.21767948265046e-07,5.580084535397828e-07,0.010022830458769056,1.6465394588668773e-05,4.2136549231688076e-08,1.0058201860795084e-06,0.012491091286930156,1.2417506713336106e-08,0.0001122641305258359,1.559048138523328e-06,0.004458070733519417
5,8.963773850935235e-07,0.0001448701058737237,0.0020595192849586887,3.9144270503800143e-07,0.00023995169806919413,2.1057091483951893e-09,3.6116195276663864e-07,2.910185284300326e-06,2.2948233131512474e-07,3.725621156401928e-06,0.0019989143865536173,9.984596921468068e-06,4.2563692240177665e-08,0.9655348502461971,8.95916936091428e-07,7.124603739149437e-07,0.011469508492525883,3.294340696127726e-05,5.723807826052216e-08,1.5395638842763736e-06,0.014496620489885254,9.737410577089076e-09,0.00022000825657757096,2.2855986877125984e-06,0.003778769579889005
6,9.279202654256432e-07,0.00017540636211963272,0.001832203910376306,2.8252448452092175e-07,0.00021364293387994215,2.1295158852858265e-09,4.167783168330308e-07,3.2382327493963516e-06,2.3060625049296418e-07,3.0103734459044962e-06,0.0024181670111441474,1.4854312587088669e-05,3.801673563248538e-08,0.9626210940370086,1.3253671185180053e-06,7.86838234820302e-07,0.013437809245258817,1.8202229313664072e-05,5.7511451399646e-08,1.100515628015327e-06,0.013089131759765341,1.4621715184032015e-08,0.00015582365019552335,1.8235325222431465e-06,0.006010409579916427
7,6.296757864842263e-06,0.0002713640519796585,0.004588486176252925,3.135163277487072e-07,0.0002720256432089652,2.6579900931548156e-09,8.847715615439319e-07,1.2015308331727393e-05,1.893831481278571e-07,3.0016363690309238e-06,0.009953876018499366,3.294601530341225e-05,2.120585686661625e-07,0.931806938343071,1.289457970349914e-06,9.957276655548362e-07,0.01899580788729576,5.323601627159195e-05,8.755382636990505e-08,1.8488971456648719e-06,0.029972198019199342,4.65240935312661e-08,9.137532331957162e-05,1.3862269245631403e-06,0.003933176027810451
8,7.789095534763634e-07,0.00015130494370524906,0.0033124420164824682,3.273447343653186e-07,0.0001413225704828397,1.3471968004926626e-09,8.525489568440583e-08,1.2139041339925121e-06,1.8188711210363088e-07,4.1976205891083595e-06,0.0008213227977321168,9.014742437716578e-06,1.8573155021571044e-08,0.9705779189987482,7.9991750260592e-07,6.39601986223606e-07,0.013048289871423027,7.774846472664462e-06,1.2690203859784942e-08,9.628823910899414e-07,0.0043079880973577785,5.378850482026605e-09,0.00022076571633426986,3.7872761033298714e-06,0.0073888428104153
9,1.52997642479371e-07,0.00010196920023640322,0.0018501715066189825,1.5786245980770916e-07,5.263762151359065e-05,5.587251049167078e-10,4.093055090090083e-08,8.782515426873208e-07,1.1166349265788985e-07,5.773302509539899e-06,0.00027989251214875294,2.7937547810198134e-06,1.1553696798790911e-08,0.9852559795326981,3.881077347122872e-07,5.239874318777911e-07,0.005226484989140257,5.536826786428694e-06,1.1072603504774077e-08,1.1135040035717238e-06,0.003342163547890094,2.846107675241097e-09,9.239364571975107e-05,1.7394737418820099e-06,0.0037790707502235203
10,9.279202654256432e-07,0.00017540636211963272,0.001832203910376306,2.8252448452092175e-07,0.00021364293387994215,2.1295158852858265e-09,4.167783168330308e-07,3.2382327493963516e-06,2.3060625049296418e-07,3.0103734459044962e-06,0.0024181670111441474,1.4854312587088669e-05,3.801673563248538e-08,0.9626210940370086,1.3253671185180053e-06,7.86838234820302e-07,0.013437809245258817,1.8202229313664072e-05,5.7511451399646e-08,1.100515628015327e-06,0.013089131759765341,1.4621715184032015e-08,0.00015582365019552335,1.8235325222431465e-06,0.006010409579916427
11,1.0620129196313702e-06,0.0001756164841917759,0.00200592997053479,2.844670992608263e-07,0.0002266223377769071,1.994695144298292e-09,4.5242345055060804e-07,3.295698714070435e-06,2.3325367508720725e-07,2.8590985047059397e-06,0.002495134355520416,1.6604745628864535e-05,4.779152455949856e-08,0.9613834418059177,1.2251406910725916e-06,8.171337968529576e-07,0.01344811881678927,1.9381994319617033e-05,5.6904623574547055e-08,1.2408808078699587e-06,0.014290670267246277,1.5782358088629624e-08,0.00014920695823305685,2.082662277770964e-06,0.0057755970187032294
12,9.642657335376058e-07,0.00018234673051140428,0.0018421935230706003,2.9272934657155603e-07,0.0002057183917218032,2.2029669701177895e-09,4.314737752235045e-07,3.5001315097350467e-06,2.3265179411707002e-07,3.1418056493978e-06,0.002458506470473377,1.536668033469083e-05,3.945841211474341e-08,0.9619665295209011,1.395551706186525e-06,8.434961341319096e-07,0.013696277109585453,1.8900289140562765e-05,6.243089655273354e-08,1.0971939758204218e-06,0.01340613182758188,1.541890002207962e-08,0.0001556597625175171,1.7796581686942978e-06,0.006038571225192468
13,7.418990092454198e-07,0.0001240321547556089,0.0010077788146709734,1.177514285134591e-07,0.00015198702473362066,8.353640701166595e-10,2.534862150384871e-07,3.1634123972064537e-06,1.352068292681734e-07,1.1656047740256323e-06,0.0033261397864851063,1.7139099548225108e-05,2.6072575876396855e-08,0.9740384175430791,1.026260917171765e-06,3.231031435757585e-07,0.007592911406892377,8.924086382473e-06,2.8052113769332992e-08,5.858108206046984e-07,0.00840812441030419,1.6887348149005476e-08,4.975498359335234e-05,7.652006810706839e-07,0.0052664411059374664
14,7.625164705322421e-07,0.0002238562244666848,0.0013825166220711213,2.759569603365604e-07,0.00029924401948903717,1.5153917167868832e-09,3.425405301271608e-07,2.805891329755978e-06,1.6549566917976578e-07,2.8720790371999685e-06,0.00304474389651678,9.885242820633649e-06,4.032470504698781e-08,0.9575994887340775,8.103248922831792e-07,4.4133283727543967e-07,0.01329395686260722,2.249176232639342e-05,7.158298381503352e-08,9.329891712334771e-07,0.020463222356576882,1.3812789989143844e-08,0.00013085428379706085,1.5114547370273684e-06,0.0035186921777452538
15,9.279202654256432e-07,0.00017540636211963272,0.001832203910376306,2.8252448452092175e-07,0.00021364293387994215,2.1295158852858265e-09,4.167783168330308e-07,3.2382327493963516e-06,2.3060625049296418e-07,3.0103734459044962e-06,0.0024181670111441474,1.4854312587088669e-05,3.801673563248538e-08,0.9626210940370086,1.3253671185180053e-06,7.86838234820302e-07,0.013437809245258817,1.8202229313664072e-05,5.7511451399646e-08,1.100515628015327e-06,0.013089131759765341,1.4621715184032015e-08,0.00015582365019552335,1.8235325222431465e-06,0.006010409579916427
16,9.655102371770459e-07,0.00017319609324453,0.0013325840956102315,2.315918394177971e-07,0.0001782852185496566,1.7482001028723928e-09,4.156273966829578e-07,3.849545456498545e-06,1.9939128362742603e-07,2.2986930209316365e-06,0.0029581377585441507,1.8870776604867674e-05,3.716740221633427e-08,0.9657944348871189,1.5552362187828433e-06,7.107800743383173e-07,0.011863790009980318,1.6224110274624582e-05,5.982496195540451e-08,8.805419314775959e-07,0.011349464077413399,1.9903538854447687e-08,0.00010449398215101432,1.2590931134994882e-06,0.006198034335832841
17,9.93760398315618e-07,0.00011419663738623463,0.001636067657008891,1.4841146215256297e-07,0.0002610046490455094,9.710280034026882e-10,4.481957924166879e-07,2.0843847249512336e-06,1.7224029738463166e-07,1.0982412990471631e-06,0.0026533495739602146,1.5258154896195729e-05,3.809830097163449e-08,0.9627320329385358,4.417387565521786e-07,3.0133608681161317e-07,0.010924601315117898,1.6800507468266476e-05,2.8158836440515748e-08,7.486495574542805e-07,0.017599023055001287,1.0899592141453879e-08,0.00011565385236368411,1.7877724415379548e-06,0.003923708800641821
18,3.2190818537087225e-07,0.00010508436465547236,0.0010899640311533361,6.239002730204999e-08,8.321714581066767e-05,8.35819239990425e-10,3.094077671248007e-07,1.2517392661057975e-06,1.5387063530784866e-07,1.4424850813110916e-06,0.0011997029031508512,1.3869368471394488e-05,1.710234926662184e-08,0.9651748647430141,8.46006024260962e-07,6.697214461957938e-07,0.009939390741001754,6.049331523182248e-06,3.449476358541415e-08,6.101998293925333e-07,0.010833297875768783,9.766161673064613e-09,8.882022632276952e-05,1.7095744720631315e-06,0.011458299767299524
19,5.326115850804201e-07,0.00025445632169127753,0.0013949385671289901,6.007764253638901e-07,0.0002807161581980324,3.5462258585877035e-09,4.0188218778114865e-07,3.1255882720859395e-06,3.8509135416411534e-07,5.373640367485339e-06,0.0013529781559950497,1.697550152102685e-05,3.6432478673945125e-08,0.9734865413890372,2.1359969082373803e-06,9.828861306648648e-07,0.010733036334739418,1.1018549558033127e-05,5.6033563458931914e-08,1.4282875120602318e-06,0.005913671323210744,1.8891401681451614e-08,0.00014212579233817977,1.9629266967036296e-06,0.00639649731547261
20,4.845024755960843e-07,0.00014893835075894426,0.0007018709116135323,1.4894036948828156e-07,0.00011250519064056834,1.2461517858907336e-09,2.0964653414849078e-07,3.6201872277924396e-06,1.874952298813461e-07,2.5907907628921603e-06,0.0020364055293049656,8.214983350988397e-06,3.0058703197849e-08,0.9807967753883199,1.2251441881466984e-06,3.3348872487472773e-07,0.005117591402492692,9.567244281159574e-06,4.607490178246057e-08,7.896914870392693e-07,0.007596418894872908,2.556510128913744e-08,4.67032256000905e-05,5.867738835398543e-07,0.0034147292730228192
21,9.255077125963212e-07,0.00019790030441535437,0.001594847730607985,3.3160748034124417e-07,0.00026022721664245335,3.3025944991054137e-09,4.880364723939999e-07,3.617075674713515e-06,3.0716169216871615e-07,3.6526974823501877e-06,0.0028907839052848207,1.4432008446632235e-05,3.7162616831169294e-08,0.9611006662257915,1.9708990292306422e-06,7.939037143142887e-07,0.013601617430029474,1.7676462347072426e-05,7.874822785978023e-08,1.1208453738038185e-06,0.013310172686449582,1.9170416065151633e-08,0.00018116951814803447,1.7891108382322567e-06,0.0068153712825119814
22,1.7106806287667995e-06,0.00019195500781451425,0.003169445421175859,2.938460926284755e-07,0.000152846313278427,1.6669211317496582e-09,2.4093258655595e-07,5.03760868297445e-06,8.721921230915622e-08,3.688307877163681e-06,0.0030918351043166966,8.858956238592948e-06,4.5941601375907806e-08,0.9412663690523234,5.390664590281533e-07,5.729556313351734e-07,0.027146330624461628,3.802661187897551e-05,4.800777481795225e-08,1.0333252924120387e-06,0.022070284248371326,1.4146780240360981e-08,0.00017237344593659776,1.1327207752472102e-06,0.0026772287878879886
23,9.279202654256432e-07,0.00017540636211963272,0.001832203910376306,2.8252448452092175e-07,0.00021364293387994215,2.1295158852858265e-09,4.167783168330308e-07,3.2382327493963516e-06,2.3060625049296418e-07,3.0103734459044962e-06,0.0024181670111441474,1.4854312587088669e-05,3.801673563248538e-08,0.9626210940370086,1.3253671185180053e-06,7.86838234820302e-07,0.013437809245258817,1.8202229313664072e-05,5.7511451399646e-08,1.100515628015327e-06,0.013089131759765341,1.4621715184032015e-08,0.00015582365019552335,1.8235325222431465e-06,0.006010409579916427
24,4.303181755963098e-07,0.0002447037946137593,0.0009876154638541782,4.0317953903914606e-07,0.00016400926224283282,1.3514705794918253e-09,2.2600526675553007e-07,2.9175861325564544e-06,1.6089165801637112e-07,4.064424076620756e-06,0.0012933080300679472,8.301945239130856e-06,2.569598792625609e-08,0.9723079006369348,9.940444138142013e-07,6.184559778810159e-07,0.011178849085942102,1.7435312048470907e-05,6.720125375792687e-08,8.395884091056578e-07,0.010281925578944279,1.1328982369209723e-08,0.0001341508605723437,1.164921930481282e-06,0.0033698750362654976
25,9.303752839286098e-07,0.0005214323961311488,0.002513397946845407,6.536642335787699e-07,0.00016166424170908735,9.285481271336784e-09,2.9686854320214843e-07,1.4265473829251725e-06,7.470206468150412e-07,1.6327493468542194e-05,0.0009642979134978658,1.3821955272073965e-05,3.19849056009311e-08,0.9408283603893517,7.3263700493902306e-06,3.0840111446501416e-06,0.02408113715388191,8.507257674985553e-06,1.4583021200838383e-07,1.1466206065007898e-06,0.00746009082182615,2.1842310329257404e-08,0.0004731309967871657,6.080303446478428e-06,0.02293593070930717
26,1.42350018212213e-06,9.432007249474426e-05,0.005216358410182677,5.635203072456859e-07,0.0003353130520112885,2.507413938196224e-09,2.700971705015805e-07,1.3698150526164053e-06,3.602306555002476e-07,4.456729034517775e-06,0.0011145971675729058,6.1916481377777174e-06,4.1414843305195325e-08,0.961530130521,4.061916876573446e-07,6.10538785575717e-07,0.012602598418888979,4.618964989920994e-05,2.6586986888450837e-08,1.9774454524986085e-06,0.015086178352363162,3.6777310205642227e-09,0.000675483598963636,7.563016734967594e-06,0.0032735638364473486
27,7.685998063751657e-07,0.00019513957233956207,0.0009622640817326483,3.526705651615023e-07,0.00023185507896306292,4.031081708175278e-09,4.2107968082341297e-07,4.285418194740154e-06,5.600494674873154e-07,4.014701527948239e-06,0.0024578187714485705,1.7607909183582193e-05,3.44603432714048e-08,0.9742148819010326,3.3872189416840735e-06,8.268196560477316e-07,0.006762765390895749,1.2133699410255639e-05,8.290188011535327e-08,1.155326275622951e-06,0.0063938471765407415,3.445835199966145e-08,0.00011619762677445382,1.7169498258119264e-06,0.008617844106079927
28,9.279202654256432e-07,0.00017540636211963272,0.001832203910376306,2.8252448452092175e-07,0.00021364293387994215,2.1295158852858265e-09,4.167783168330308e-07,3.2382327493963516e-06,2.3060625049296418e-07,3.0103734459044962e-06,0.0024181670111441474,1.4854312587088669e-05,3.801673563248538e-08,0.9626210940370086,1.3253671185180053e-06,7.86838234820302e-07,0.013437809245258817,1.8202229313664072e-05,5.7511451399646e-08,1.100515628015327e-06,0.013089131759765341,1.4621715184032015e-08,0.00015582365019552335,1.8235325222431465e-06,0.006010409579916427
29,9.279202654256432e-07,0.00017540636211963272,0.001832203910376306,2.8252448452092175e-07,0.00021364293387994215,2.1295158852858265e-09,4.167783168330308e-07,3.2382327493963516e-06,2.3060625049296418e-07,3.0103734459044962e-06,0.0024181670111441474,1.4854312587088669e-05,3.801673563248538e-08,0.9626210940370086,1.3253671185180053e-06,7.86838234820302e-07,0.013437809245258817,1.8202229313664072e-05,5.7511451399646e-08,1.100515628015327e-06,0.013089131759765341,1.4621715184032015e-08,0.00015582365019552335,1.8235325222431465e-06,0.006010409579916427
30,9.279202654256432e-07,0.00017540636211963272,0.001832203910376306,2.8252448452092175e-07,0.00021364293387994215,2.1295158852858265e-09,4.167783168330308e-07,3.2382327493963516e-06,2.3060625049296418e-07,3.0103734459044962e-06,0.0024181670111441474,1.4854312587088669e-05,3.801673563248538e-08,0.9626210940370086,1.3253671185180053e-06,7.86838234820302e-07,0.013437809245258817,1.8202229313664072e-05,5.7511451399646e-08,1.100515628015327e-06,0.013089131759765341,1.4621715184032015e-08,0.00015582365019552335,1.8235325222431465e-06,0.006010409579916427
31,1.9408587808366592e-06,0.0001993587433994642,0.003927638486583971,2.5777113273435707e-07,0.00010796856743219381,1.4861086191513842e-09,3.8195114928483996e-07,7.080670614430063e-06,1.2231620910971153e-07,3.32355742602808e-06,0.0023122681284437913,1.5785262630766797e-05,5.2004467298930434e-08,0.9498496921996005,5.551079670820682e-07,1.1064088140395784e-06,0.020891832047571623,3.3849621555664977e-05,4.40995009380489e-08,1.013347896345577e-06,0.018473076550251228,1.3700909052305924e-08,0.00014115641513915195,1.3810579116730502e-06,0.00403009963850427
32,9.789049378137563e-07,0.00019662997394109217,0.0018242925468318761,3.487316679877505e-07,0.0002447239354107426,2.8238674509761282e-09,5.308039390469494e-07,3.7806889388744293e-06,2.7491481352982086e-07,3.6972567504572735e-06,0.0027030417321230213,1.600405541079815e-05,4.4944697092060354e-08,0.9562052180757248,1.8336783540105688e-06,1.0697390430367381e-06,0.015450106298647922,2.1990775592494767e-05,9.319895177490868e-08,1.3165420131473863e-06,0.0163177578510979,1.7918274451542756e-08,0.00019383629565232846,2.1688070276517792e-06,0.006810239506290586
33,1.270568788022697e-06,0.00021141347202266523,0.0019165059220301217,3.149498958000731e-07,0.0002312389894601726,1.940753579990252e-09,5.13146259373791e-07,4.4637634967565555e-06,1.8937457537714767e-07,2.561895530682432e-06,0.0032149389856443262,2.2343562392425523e-05,5.020101837159884e-08,0.9529141813748853,1.2268153986187207e-06,9.731289774983832e-07,0.019082796810863223,2.260059695494769e-05,6.61819713274577e-08,1.0942115989818806e-06,0.016332067508766212,1.9064656432190185e-08,0.00014747510920489244,1.8628669175508145e-06,0.005889829557937487
34,9.205358762566793e-07,0.00017555459467646472,0.0018263099330727217,2.8198133140204207e-07,0.00021288728453398292,2.1245186963723056e-09,4.1546025239499815e-07,3.230386080637745e-06,2.3007529833121198e-07,3.0120734888976863e-06,0.002405548701081194,1.4835539966057274e-05,3.7859840293643815e-08,0.9626992254199077,1.3228061586938402e-06,7.872140042239471e-07,0.013429396948418866,1.8104679054494314e-05,5.733048784586583e-08,1.0998918513360038e-06,0.013035108983846976,1.4590105317943735e-08,0.00015545756626653983,1.8202477692320795e-06,0.006014337772111405
35,1.5714086664440394e-05,0.00034993093681226327,0.004397748818749932,8.475443811995698e-07,0.00017193545891456703,1.1068592958879567e-08,1.862789470001765e-06,4.238138485075088e-05,5.774873820105813e-07,8.058235925715262e-06,0.009897088025381253,7.759191288824049e-05,1.954254730469654e-07,0.902534993177622,2.0887838221523518e-06,5.760614200856315e-06,0.04207685375193557,0.00027469088500513646,4.812066123979407e-07,1.440975092316119e-06,0.03257737289218689,1.208897728318204e-07,0.00031014734756664645,3.4284629768087697e-06,0.007248677837720088
36,6.220248546121184e-07,0.00021339638079752413,0.0011286035691571528,2.893042766326112e-07,5.537681158026109e-05,1.5163007313729697e-09,2.898057075818297e-07,6.83983790582048e-06,1.4926341819461668e-07,4.3193087019745084e-06,0.001104494479331658,1.536500295248866e-05,3.2906139089593585e-08,0.9739663816278082,1.2886856660268223e-06,1.4040578877570116e-06,0.013242988249094506,1.6921304702504692e-05,6.154248618572947e-08,9.107862557639736e-07,0.0060699180557310965,2.4610653860865356e-08,7.242814990271393e-05,5.859921128887641e-07,0.004097306726574883
37,1.8989873878781938e-06,9.711753614352716e-05,0.004066848785733117,1.839846171064561e-07,0.0002913466220813818,8.551912133518212e-10,4.808985661041341e-07,1.7446957066340835e-06,1.9942796361321324e-07,1.6147287507438689e-06,0.002115842872752659,1.53974502849884e-05,7.497393913927438e-08,0.954308359355364,3.239545180069804e-07,5.367381323031704e-07,0.011981577300464884,3.0563009765920425e-05,2.7599353406971797e-08,1.299982326085988e-06,0.023048388530501736,7.627165999065214e-09,0.00015686080700333624,4.314278541355965e-06,0.0038749889977448336
38,4.608236394847222e-06,0.0003311593835334067,0.00708022014038803,1.0838343532330492e-06,0.000288282960573858,1.8795932974622688e-08,3.215079413771954e-06,1.4015630751284393e-05,5.352889377842415e-07,1.3343176613448488e-05,0.004533117163930603,3.542534645013886e-05,2.173955248161418e-07,0.8566845753146023,6.0791464281499556e-06,1.142922841561686e-05,0.05830664762973898,0.00012471079261913362,5.95178383832161e-07,5.099292625466085e-06,0.05980277954569594,4.4423627332783944e-08,0.0007908434614555228,5.90093115234367e-06,0.011956052622457223
39,2.9935204264396817e-06,0.00024621025573140395,0.00440653104635532,4.4412947476424796e-07,0.00022902450333777265,6.644738791547685e-09,2.18075134434984e-06,2.3235276328978942e-05,2.2366151962244474e-07,3.826123201315885e-06,0.00667389372249446,6.860337139548088e-05,1.0916419519556243e-07,0.8757918033523481,2.251185016778178e-06,5.4047173204763386e-06,0.056079014071985525,4.698398637450135e-05,1.9059384625534977e-07,2.049639366663948e-06,0.0438425443528399,5.0880093994071464e-08,0.00024926546686335096,2.7969120495406415e-06,0.012320362671351245
40,4.2894479644388434e-07,0.00016517220256172135,0.001276534664627567,4.806210336434949e-07,0.00021787808078329657,2.507345643880463e-09,4.422324900385882e-07,3.791689327561665e-06,2.4740705346486854e-07,5.997698925713415e-06,0.0016323377636412487,6.88285477362549e-06,3.164853052841133e-08,0.9570752861073524,1.2397447741818448e-06,1.2991440850165624e-06,0.013200277719853671,4.315865449164516e-05,1.5906973702020574e-07,1.6691575868412862e-06,0.021898588918073225,9.062050524805661e-09,0.00032251681889200196,2.360282758024044e-06,0.004143207004455244
41,1.5640710988447025e-06,0.00024279241823769825,0.0021367046318620255,1.0457040432406255e-06,0.0006508472837957791,7.959364535764992e-09,4.932484783491888e-07,4.655628529046724e-06,6.839826308497217e-07,6.079911545915096e-06,0.0040014372277542,2.1659670589411905e-05,4.1136533921205154e-08,0.9634657389042304,7.048993035784865e-06,1.0600812975380644e-06,0.012759117114283697,1.672143168588351e-05,8.424767911530889e-08,1.6739338890009656e-06,0.0062597276497273115,2.5110384314665022e-08,0.00025246877070266683,2.668845645885274e-06,0.010165652042974562
42,1.8079200773851458e-06,0.0005646107458913017,0.001773031695312643,5.907440289244175e-07,0.00025866680714801683,7.7685052538088e-09,9.593721295851275e-07,1.8176269175022695e-05,3.604240170992748e-07,7.77941421788951e-06,0.005588330090034761,4.472264596892122e-05,1.1241730151841737e-07,0.9225971950675625,6.605417837733863e-06,4.346162092400611e-06,0.040070008638989005,1.9145525001477117e-05,2.873869913301385e-07,2.1409905667701645e-06,0.01687317802840049,1.5786348688200326e-07,0.00010919454332985268,1.638058880563984e-06,0.012056946003052413
43,6.144149778351325e-07,0.00018599806542799203,0.001719503525546006,6.237754699961088e-07,0.0002053329435774625,1.1756382459576081e-08,4.693994123732966e-07,6.701522388707573e-06,4.843724447924695e-07,1.578736409644302e-05,0.002064028776351753,5.357491415669308e-06,4.349456632083015e-08,0.963052696152204,3.269135313239975e-06,1.2166834967444674e-06,0.01036737937670474,2.9527375389393602e-05,2.0081041634540747e-07,2.2946123876489756e-06,0.01728132224878893,2.8792997859816247e-08,0.0002838048389318315,1.5837403836532664e-06,0.004771719330927989
44,9.279202654256432e-07,0.00017540636211963272,0.001832203910376306,2.8252448452092175e-07,0.00021364293387994215,2.1295158852858265e-09,4.167783168330308e-07,3.2382327493963516e-06,2.3060625049296418e-07,3.0103734459044962e-06,0.0024181670111441474,1.4854312587088669e-05,3.801673563248538e-08,0.9626210940370086,1.3253671185180053e-06,7.86838234820302e-07,0.013437809245258817,1.8202229313664072e-05,5.7511451399646e-08,1.100515628015327e-06,0.013089131759765341,1.4621715184032015e-08,0.00015582365019552335,1.8235325222431465e-06,0.006010409579916427
45,1.8641570875205453e-06,0.0002725249391931342,0.0021496480496249657,1.3542129473098478e-06,0.0008143456413783459,1.5517541145570192e-08,2.396780990239894e-06,1.3113914341014709e-05,1.084707759263228e-06,7.208923594741701e-06,0.0057425540981144345,4.470674986636382e-05,1.0166491835894335e-07,0.9443094924593085,1.212828166476782e-05,3.685713138755128e-06,0.017779253594636113,3.42922685721183e-05,3.019011672580344e-07,3.468978277588465e-06,0.0156364220097146,5.644631420505544e-08,0.0003005097669290758,3.440922503044699e-06,0.012866028300417255
46,9.557286886164286e-06,0.0011467736957822784,0.0035315265478715985,1.1766723918100206e-06,0.000367138776343299,7.546748762830359e-09,1.0762570347521468e-06,1.5858702043240446e-05,8.645363417584711e-08,2.7679916960677486e-06,0.010648283770606407,0.00019984789679823822,1.1313571661353336e-07,0.5057751589526949,4.716424087456695e-06,5.8285121156437766e-06,0.44522858694718204,1.8238358238877206e-05,1.2746944197448332e-07,8.715848918899567e-07,0.016532311705316518,1.2987902850907047e-07,0.00029923678561389217,2.6170533432100114e-06,0.01620796159449164
47,4.0465522283474125e-06,0.0009603800687782298,0.002143240181811517,2.694308787180866e-07,0.00016624692111682804,2.72028543980534e-09,9.702924827594433e-07,1.0220203612223753e-05,2.498906815360594e-07,3.0432291780287446e-06,0.005374479474746589,0.00012643662814611879,1.3188579576329923e-07,0.9152358041366863,2.829504864438555e-06,3.4507124421920366e-06,0.04769238413027822,1.3496648206099518e-05,1.0139808578902936e-07,1.0296690481793582e-06,0.010819712658516374,1.3454417966144123e-07,6.665787075729821e-05,2.1842492128439455e-06,0.01737249699798054
48,8.407790478817422e-07,0.00010775267236909918,0.001837149514383001,2.1139555012475996e-07,0.0002456983043192826,1.8860219297068073e-09,4.072151187994445e-07,2.457801796063518e-06,2.8689444809612573e-07,2.2348772309983916e-06,0.002519290419722946,1.348234136401404e-05,3.6410524507759864e-08,0.9693781956285616,1.183813957939564e-06,5.808263657595015e-07,0.0077145821961315504,1.6809172257019807e-05,4.1402530922024214e-08,1.2313783042840108e-06,0.011908264266258208,1.1254734294960055e-08,0.00013470430705346927,2.119815023156943e-06,0.006112425426925123
49,1.2643828976334358e-06,0.00018202114223946693,0.002781882208835609,2.869120284015751e-07,0.00019791766599767987,2.6449691833153274e-09,3.9917418722313345e-07,3.6186249430912457e-06,2.307281475356602e-07,2.9196922438686332e-06,0.002494070220781524,2.0564799891870678e-05,4.69763222017843e-08,0.9643913578237109,9.532465183124012e-07,7.297986345585684e-07,0.01377027674236662,1.652562730525046e-05,3.164218612133888e-08,1.2555428226643752e-06,0.01015925028011788,1.607331781805707e-08,0.00013757351706611805,1.915416639209066e-06,0.00583488911582909
50,3.9468335356294204e-07,0.00015455643070259157,0.0010696397229229713,1.4840525381881884e-07,0.0001083345520878613,1.4662280176145713e-09,4.283146790291055e-07,3.776360469747346e-06,2.24669252016869e-07,3.829802404308483e-06,0.001344418676710666,8.563225962110552e-06,3.139031731248683e-08,0.9754326113607813,9.351530241984099e-07,5.21600696111842e-07,0.005813993337414231,1.1488404992793722e-05,7.118430332095355e-08,7.515372658583561e-07,0.01186889074345496,1.688058895581466e-08,6.227892447891298e-05,7.394562113525449e-07,0.0041133537164441585
51,6.02114519491892e-07,0.0002670752628178955,0.0010381591628957276,2.8318747747266126e-07,0.00012966773755322355,1.2849875054660735e-09,1.9476192253429037e-07,3.6692984731504754e-06,1.5706439345465293e-07,3.276988448432877e-06,0.0017557791666343652,1.198104865162159e-05,2.7868023751004656e-08,0.9773039481249299,1.1490283718277155e-06,4.988363192636514e-07,0.008920595886868214,1.1326086651748949e-05,4.30600740209184e-08,6.963684150916984e-07,0.006555182269002196,1.7483988884451547e-08,6.918584416586623e-05,7.661485847249614e-07,0.003925715915829634
52,1.0050417197249352e-06,0.0001529150749607009,0.0017603585414555538,4.4572760693065543e-07,0.00014602134458162357,3.223788059795354e-09,2.854819696698574e-07,4.796706114367009e-06,2.749105225726193e-07,7.2644352578767635e-06,0.002126480138865623,8.309721700977955e-06,4.329410292838264e-08,0.9710351899381594,1.8198141826543322e-06,1.0263701022878853e-06,0.009854783449947353,3.823108504534881e-05,1.0044646583106168e-07,1.6074301588898875e-06,0.010736409962650404,1.7276121679257086e-08,0.00017785094296216493,1.504141870178615e-06,0.003943255499687168
53,8.117018849601984e-07,0.00011389234649365915,0.0013127440799310702,1.9914848548825466e-07,0.00023296547869054818,3.187319629362544e-09,2.021919858010614e-06,4.4251569804369375e-06,3.988653884020994e-07,1.2090283944976264e-06,0.003041021523947728,4.220326850078507e-05,3.415240949437443e-08,0.9570223418991023,1.8932938899027246e-06,1.179055927539887e-06,0.0116485043646418,1.732756251083334e-05,6.266901168981195e-08,1.0780672142485006e-06,0.014556830215987134,1.4539283790929392e-08,0.00020531496670411748,1.8937306846456628e-06,0.011791629776757255
54,1.4804254167174287e-05,0.00011322798226921759,0.0063386046818897325,1.4630876853351514e-06,0.001478326311627839,1.3647187731754458e-08,1.7782035602883308e-06,1.3940242727283992e-05,2.5415006400198566e-07,3.4781012369851896e-06,0.02390423551578654,9.813633124445263e-06,2.1238620401032052e-07,0.6836944379552989,7.168848347421131e-07,5.283739803463062e-07,0.0568732397464616,0.0005456307478248646,2.7256117905287396e-07,2.438201366377767e-06,0.22436037538085496,2.4679889288670573e-08,0.0015166613131809988,3.877353970910351e-06,0.0011216446036272892
55,1.9776998724405047e-06,0.00013140024598845912,0.0020064431978769233,4.0141048248382913e-07,0.0007842559046203496,3.2405215261011507e-09,2.774788364994537e-06,3.2410636799726202e-06,9.325778006041294e-07,9.187258648758162e-07,0.0046800079413065005,0.00013122343069952626,7.465059051243366e-08,0.9533426459751821,1.3992979100909145e-06,1.2889330968805941e-06,0.009632969691409744,2.699703253465974e-05,6.103579066409621e-08,1.2078745545672172e-06,0.014339599437362219,1.5934420920043733e-08,0.0002246398948030796,8.420403414864716e-06,0.01467709961185111
56,1.010855227533248e-06,0.00017765878998968668,0.0018851792383856386,2.7644802127604887e-07,0.00021324844766158342,2.0791320093846067e-09,4.387852127287748e-07,3.3148150520780295e-06,2.3062837311640577e-07,2.8835893554024794e-06,0.0025005907329517228,1.5990984959934273e-05,4.2206382209500137e-08,0.9620036475188731,1.2623016101159786e-06,7.77650864020212e-07,0.013453317082414953,1.8720796091089386e-05,5.740623991855752e-08,1.120628310987189e-06,0.013678508908741902,1.5575520465840853e-08,0.00015130378464943777,1.8830731259724502e-06,0.00588851767285313
57,8.782763656503151e-07,0.0002969913634334894,0.0020207056852492773,2.462423376092838e-07,0.00019969713442495647,1.770337420636698e-09,7.865191678195248e-07,4.957888063924845e-06,2.014045445221351e-07,3.493499806197119e-06,0.0027644482353156273,2.5415204120875252e-05,8.156045132969644e-08,0.9355272285388402,1.4885768585194717e-06,2.0594624972069324e-06,0.020493853815622572,2.0437356055718266e-05,1.6014210300016812e-07,1.4900958950789428e-06,0.030482563755117625,2.6335346355320112e-08,0.00011039997524781844,2.3181173445275153e-06,0.008040069045452737
58,9.506266756635508e-07,0.00017285140972514077,0.0020874989975234286,3.202127674884719e-07,0.00030650355790892,2.5439421208641086e-09,5.27809490541334e-07,2.5437263231213283e-06,3.3134061791659327e-07,3.1797861047749543e-06,0.0024148525276722556,1.6860991726080293e-05,4.934118716310511e-08,0.958387731770111,1.4009623447020275e-06,9.647747188355447e-07,0.012988784910031827,2.0155151136440707e-05,6.796141316054068e-08,1.5586731096224409e-06,0.01605123020846026,1.3828755298396892e-08,0.00021465734737521623,3.6746708138173144e-06,0.0073232868700650825
59,7.892785624653468e-07,0.0001560417778056472,0.0022425154939823538,2.587694789915791e-07,0.0002419568560607946,1.964421828891616e-09,3.866357345583124e-07,2.2246071604332603e-06,2.501181200237282e-07,3.133620302169772e-06,0.0019378013299822742,1.274145093458367e-05,4.012965241658194e-08,0.9614925758982258,1.0042965836668032e-06,7.980939507720627e-07,0.012495638623171542,1.7417950036756258e-05,4.908221640610251e-08,1.3757016418814199e-06,0.014961340042918993,1.074914450463503e-08,0.00018245817037360586,2.9801146627161936e-06,0.0062462092448748625
60,9.279202654256432e-07,0.00017540636211963272,0.001832203910376306,2.8252448452092175e-07,0.00021364293387994215,2.1295158852858265e-09,4.167783168330308e-07,3.2382327493963516e-06,2.3060625049296418e-07,3.0103734459044962e-06,0.0024181670111441474,1.4854312587088669e-05,3.801673563248538e-08,0.9626210940370086,1.3253671185180053e-06,7.86838234820302e-07,0.013437809245258817,1.8202229313664072e-05,5.7511451399646e-08,1.100515628015327e-06,0.013089131759765341,1.4621715184032015e-08,0.00015582365019552335,1.8235325222431465e-06,0.006010409579916427
61,8.409009441657576e-07,0.00013601677934360086,0.0023631646352973174,2.3768331798545683e-07,0.0002423632877381401,1.8604997516570699e-09,3.750541150159721e-07,2.112054906264485e-06,2.6249118696098474e-07,2.932503581280688e-06,0.0019371262863427754,1.1725170624835114e-05,3.949726313686437e-08,0.9635766510311115,8.526595101050932e-07,6.603054089425424e-07,0.010626278089095907,1.829700029531074e-05,4.4051473338913794e-08,1.2899268741967408e-06,0.015190205405583334,9.746592794634384e-09,0.00017840697711119907,2.9946548785605964e-06,0.005707111946903812
62,9.279202654256432e-07,0.00017540636211963272,0.001832203910376306,2.8252448452092175e-07,0.00021364293387994215,2.1295158852858265e-09,4.167783168330308e-07,3.2382327493963516e-06,2.3060625049296418e-07,3.0103734459044962e-06,0.0024181670111441474,1.4854312587088669e-05,3.801673563248538e-08,0.9626210940370086,1.3253671185180053e-06,7.86838234820302e-07,0.013437809245258817,1.8202229313664072e-05,5.7511451399646e-08,1.100515628015327e-06,0.013089131759765341,1.4621715184032015e-08,0.00015582365019552335,1.8235325222431465e-06,0.006010409579916427
63,8.467976286862312e-07,0.0002207840410324175,0.0015582038715148544,2.8123393460241376e-07,0.00019675913855984778,1.9364547477888363e-09,3.7412008726437366e-07,3.2707894282881537e-06,2.144145568287867e-07,3.100513126494039e-06,0.002303435642083118,1.5190776087430568e-05,3.698011547091703e-08,0.9633639797544433,1.35662105374536e-06,7.854136676102192e-07,0.013978113354686609,1.6006355930250018e-05,6.079083929781135e-08,1.003904650002603e-06,0.01217479595075612,1.6678016684462937e-08,0.00013807372736423078,1.6726594181624966e-06,0.006021634534563822
64,8.388059652734963e-07,0.00014397623570412265,0.002005094473582713,2.0227796090350802e-07,0.00021159723519300803,1.5308424544987525e-09,4.6234135385063266e-07,2.6838309957565515e-06,1.7987234471141634e-07,2.358006240516355e-06,0.0023178343233917795,1.1476684045175563e-05,4.119527113532183e-08,0.9534953138539339,7.806224477373729e-07,6.324943484714544e-07,0.013482978806460752,2.0880488879251023e-05,5.8991198620741166e-08,1.051193183587154e-06,0.02333879774222112,1.1243838034917184e-08,0.00015988977168682127,1.9250082337995596e-06,0.004800932970676434
65,5.57374905409433e-07,0.00014799218759855908,0.0014475248800390104,1.6117772225985037e-07,0.00013661129017852351,1.0299698587826037e-09,2.34974005428178e-07,2.0716512935615784e-06,1.8164432651237163e-07,2.3669165276547913e-06,0.0014154552939378232,1.026985060447017e-05,2.822276768940641e-08,0.9756525471892982,7.243140033616052e-07,4.7397258561660924e-07,0.007857016439009032,1.0670802531337495e-05,2.9479966514439557e-08,8.432746608534155e-07,0.008591440657437863,1.0669885532121095e-08,8.316731066123168e-05,1.3335404706323616e-06,0.004638285855612863
66,1.247638348129677e-06,0.0001237977337700688,0.0034809909235504932,1.83083691942221e-07,0.00017819347420972912,1.0840972355911128e-09,4.6389283506712606e-07,4.623188003430882e-06,1.5223763490559065e-07,2.6094577417652897e-06,0.002410437728843841,1.3542943694144235e-05,7.526195517503475e-08,0.96448683525967,5.575168624799591e-07,7.496148484947791e-07,0.009401524814471686,2.60673961561291e-05,3.40246740265729e-08,1.7079956638623948e-06,0.016534550576717853,1.2089286537953151e-08,6.816247301556753e-05,1.305597006328148e-06,0.0032621739932508728
67,1.043934659364614e-06,0.0006783468778976163,0.00019725633007635878,2.385817392811057e-07,0.0004665644578692093,4.490015513734838e-09,1.3085013233037861e-06,9.852912519083065e-06,1.363018969240892e-06,1.5300608206274112e-06,0.009438596517080788,0.00016044107046265493,3.40171475219923e-08,0.9518904870451594,1.7115526919830093e-05,8.905635532627979e-07,0.006166144214428504,3.12505199889215e-06,1.6941069243419256e-07,3.1606796772059997e-07,0.0026015503811434196,3.2996088363545513e-07,1.8156468080022232e-05,7.518943349432265e-07,0.02834438264425734
68,1.4274077903595811e-06,0.00024623441836029434,0.0019222478422231235,3.565317282781924e-07,0.00024087068364710097,2.7832326714116633e-09,5.449223958447556e-07,5.382010204051707e-06,2.314813557851118e-07,3.565809319429516e-06,0.003643537624888795,1.8847997287448042e-05,5.1322720799817656e-08,0.9486195639025427,1.8170220240029752e-06,1.1262730078060714e-06,0.02045164286089778,2.5341678548748975e-05,9.965859829868468e-08,1.1551582823726416e-06,0.01819985927927877,2.4713488887786972e-08,0.00017051096617294242,1.7912788789240828e-06,0.006443766373124956
69,1.096609077547283e-06,0.0002148002176219873,0.001746548478648805,3.3381793832986935e-07,0.00026033090950751387,2.5163853626244222e-09,4.6286380029315855e-07,3.5267725823902998e-06,2.5569226284005195e-07,3.0729624737621456e-06,0.002943262378876819,1.828453574698827e-05,4.080253307130485e-08,0.9586380759268042,1.7631022957929519e-06,8.675573381107844e-07,0.01617607036583561,1.7566494009217086e-05,6.755474545935592e-08,1.073089741274928e-06,0.01284680056153369,1.878842650020495e-08,0.00016412986612583186,1.925043250787171e-06,0.006959623092437665
70,9.275307002352817e-07,0.00017524483145962838,0.0018324170917079245,2.826317691631105e-07,0.00021388781574170504,2.1295196779016336e-09,4.166814331908253e-07,3.235482002285075e-06,2.3077263103779234e-07,3.0081754113398403e-06,0.0024172845892321457,1.4848149205554098e-05,3.799148007661357e-08,0.9626560273378058,1.3252371245207275e-06,7.854948082279881e-07,0.013420564641420807,1.818278934396644e-05,5.740697509936104e-08,1.100437008053009e-06,0.013074391680737407,1.4604626642282473e-08,0.00015582843487723757,1.8232661889905186e-06,0.006008074796789192
71,4.871387050174336e-07,0.0001274886712764255,0.001436437978569011,1.9483734885363785e-07,0.00018362049908005116,1.2775690305302184e-09,3.612372697079996e-07,2.2238731611016223e-06,2.1261423957457699e-07,2.3616975357542966e-06,0.001485710925322418,9.765614273058008e-06,2.8943565582716585e-08,0.9721588162121855,7.348631813043865e-07,5.431654588962593e-07,0.007972306971304891,1.541138523094434e-05,3.985686646324352e-08,1.0458048038364395e-06,0.012057065158215358,8.67177636978977e-09,0.00011965123123522828,1.5903521802427461e-06,0.004423891019645245
