,0,1,2,3,4,5,6,7,8,9,10,11,12,13,14,15,16,17,18,19,20,21,22,23,24
0,1.153838448112653e-05,0.0032253257189059667,0.0004961243268800053,1.398520598209182e-06,0.00014370324124460344,7.927218858984366e-09,3.1016790940835565e-06,9.788396954060047e-05,5.817715111460646e-07,4.290062660716354e-06,0.025382029697783037,0.0002780505388232649,2.733661661863983e-07,0.8980567160045231,1.8394587954743835e-05,3.7331919626990613e-06,0.04075727238364607,3.400039892292123e-05,2.425241425069386e-06,2.396068767361361e-07,0.019452657538833032,1.6292736982023143e-06,4.515984197602926e-05,5.819682760251267e-07,0.011982880756997424
1,8.013281480777049e-06,0.002405196061084804,0.00065744756941745,1.415587357913412e-06,0.00012203683731818191,9.71710788718137e-09,3.6225296672341294e-06,8.841041177579139e-05,9.554556356394522e-07,7.495682735380876e-06,0.014900649295604942,0.00018895138860931384,3.1975500254049255e-07,0.9230007965817563,1.7933632057185855e-05,5.77374723560401e-06,0.02458344456110256,4.293022965142033e-05,3.371553970755721e-06,3.880613719881193e-07,0.021742165571192597,1.187020560425662e-06,5.0996480327702706e-05,8.41836340938148e-07,0.012165647151634673
2,4.202083731041775e-06,0.0017419663678531708,0.00027062841526893705,6.498535448571086e-07,0.00010246995850552508,4.462797325737427e-09,1.4320553100738379e-06,5.71846047818413e-05,5.489521224020254e-07,3.4003554431143214e-06,0.013840034422386838,0.0001503361826817255,1.160901916902879e-07,0.9486884707864369,1.5337248692139685e-05,1.897840154940964e-06,0.014942798319165262,1.5489939962061884e-05,1.0851095264437674e-06,1.980331705299461e-07,0.00932134270547703,9.87793551852971e-07,2.384052723492198e-05,3.4047710707596533e-07,0.01081523741490202
3,1.0959365481153006e-05,0.003076941199933339,0.00047210796116132277,1.3226434434189696e-06,0.00013732155408418834,7.959468270403252e-09,2.9869635548974095e-06,9.524307390576668e-05,6.00404047066576e-07,4.3273104720255905e-06,0.024675049369081464,0.00026078616601995613,2.6215645013879556e-07,0.9033427838110036,1.829871860010339e-05,3.5330531862957648e-06,0.03721128758471299,3.3339392618361474e-05,2.3944581935731563e-06,2.3643459049089483e-07,0.01878637166827847,1.6200698510396746e-06,4.402889156935309e-05,5.589086966119639e-07,0.011817630881595993
4,9.170602308704804e-06,0.0028174831012183284,0.0004466775503565945,1.0535347402501233e-06,0.00011266909915264944,5.083540776625074e-09,2.523954487493021e-06,8.004922352686795e-05,5.027667692243591e-07,3.7223703756080747e-06,0.01971914527817515,0.00021768475133314755,2.807327641715516e-07,0.9204305092567635,1.2385557788904567e-05,2.6702773499592576e-06,0.028774518052464865,2.9873416553332518e-05,1.9005721484824357e-06,2.2983609240466185e-07,0.018143335582410294,1.4275594036465094e-06,3.2058295498441075e-05,4.993483703031946e-07,0.00915962419640676
5,1.1128088990667422e-05,0.002520525096824735,0.0005413866995136516,1.8449476396558782e-06,0.00015543971584840426,8.435332891003459e-09,2.8082778665989106e-06,9.337119335627415e-05,5.982544724406229e-07,5.304359607013688e-06,0.02151938341060858,0.00018765431684376505,2.910399623949728e-07,0.911193147501474,1.2453973212915029e-05,3.3065026567331438e-06,0.034080723172527506,6.290491925930392e-05,2.4598147877214367e-06,3.1936190218925446e-07,0.022002790622983985,1.1201878749089046e-06,6.432481125137721e-05,6.752013463805434e-07,0.007536030093855957
6,1.0959365481153006e-05,0.003076941199933339,0.00047210796116132277,1.3226434434189696e-06,0.00013732155408418834,7.959468270403252e-09,2.9869635548974095e-06,9.524307390576668e-05,6.00404047066576e-07,4.3273104720255905e-06,0.024675049369081464,0.00026078616601995613,2.6215645013879556e-07,0.9033427838110036,1.829871860010339e-05,3.5330531862957648e-06,0.03721128758471299,3.3339392618361474e-05,2.3944581935731563e-06,2.3643459049089483e-07,0.01878637166827847,1.6200698510396746e-06,4.402889156935309e-05,5.589086966119639e-07,0.011817630881595993
7,7.79821678560651e-05,0.00574624261334936,0.001224928846179951,2.0021491399834518e-06,0.00013547021557319116,7.858974136991336e-09,6.758306249904247e-06,0.00027404790933925263,4.687123781889739e-07,4.343239183502504e-06,0.09450528892780795,0.00046800579212996017,2.088822972577258e-06,0.800206968060902,2.2015442759292305e-05,3.8106066324604762e-06,0.05200588700565319,8.22969414868489e-05,5.109272624258328e-06,3.5583593324445133e-07,0.03785130539856158,5.8254182667407245e-06,2.2267083582404644e-05,4.866428261876851e-07,0.007346036729637733
8,1.000229571749939e-05,0.0022510334147118707,0.0009799380558266992,1.2025375879257528e-06,0.00010071340781099531,4.736929207012198e-09,5.80770104835639e-07,3.315207322792109e-05,4.805974686222754e-07,5.899526517869818e-06,0.008636065991967042,0.00017568791610618142,1.2196606694954492e-07,0.9257649371670584,1.101579529037273e-05,3.4568029098634636e-06,0.03880381381598148,1.4883632526321091e-05,4.478144640309426e-07,2.4462870362645603e-07,0.0062312172342011505,5.175682142386274e-07,6.603636267219194e-05,1.313839471906653e-06,0.016907232048462548
9,1.9006863687196792e-06,0.0015839226097528738,0.000530221661359548,6.48370842260255e-07,3.905050605976886e-05,2.104056843105891e-09,2.8819638983129235e-07,2.1843553314722356e-05,3.4334326474531444e-07,7.955537429490612e-06,0.0028862319406865373,5.5001772116424085e-05,7.293345133957329e-08,0.9678160467218743,5.4113526491558406e-06,2.4804663011582764e-06,0.013410259087985177,1.0380102696219696e-05,3.9513504334988633e-07,2.6142400493936027e-07,0.004711118472585279,2.5431077294115017e-07,3.0474942563606982e-05,6.899376471355701e-07,0.008884744830783468
10,1.0959365481153006e-05,0.003076941199933339,0.00047210796116132277,1.3226434434189696e-06,0.00013732155408418834,7.959468270403252e-09,2.9869635548974095e-06,9.524307390576668e-05,6.00404047066576e-07,4.3273104720255905e-06,0.024675049369081464,0.00026078616601995613,2.6215645013879556e-07,0.9033427838110036,1.829871860010339e-05,3.5330531862957648e-06,0.03721128758471299,3.3339392618361474e-05,2.3944581935731563e-06,2.3643459049089483e-07,0.01878637166827847,1.6200698510396746e-06,4.402889156935309e-05,5.589086966119639e-07,0.011817630881595993
11,1.2525558523423072e-05,0.003261321575740984,0.0005159886344509281,1.4165689584210734e-06,0.00014327346105886139,7.34751313476865e-09,3.357136990991352e-06,9.674725038165217e-05,6.117524372546839e-07,4.167268795981823e-06,0.025590556324965135,0.0002890183741156713,3.503363609208782e-07,0.9005160616210296,1.779709613909528e-05,3.7151425181479763e-06,0.03763581317280461,3.508104821264045e-05,2.542485880957381e-06,2.6957405319303133e-07,0.02035021106557363,1.8220399902333454e-06,4.1496097963730536e-05,6.559093913966704e-07,0.01147519315614946
12,3.958960906827854e-06,0.0008396178691764666,0.0003866247464826471,3.141449086330454e-07,0.00030778312080284776,3.4855568035405145e-09,8.208273159097659e-07,1.4118682933350168e-05,4.3100963155924395e-07,1.511889894473307e-06,0.014695463362910553,9.628340757787352e-05,5.738770756027819e-08,0.9438836239425928,3.996064309664986e-06,4.927446717738705e-07,0.018895240816526278,1.1735834517352896e-05,2.1480773141148117e-07,1.7515343535825833e-07,0.011182663612761578,3.318504829196911e-07,4.3620025422569e-05,6.522088694235858e-07,0.009630264042873173
13,8.647000808904845e-06,0.002284386927541938,0.0002700548337892221,5.66623395308142e-07,0.00010166160528240139,3.1801045856939924e-09,1.900135884698703e-06,9.502660763196544e-05,3.4969303636077717e-07,1.7742629956952735e-06,0.03313647982635103,0.0002992863795831006,1.846664573267652e-07,0.9173044292941209,1.4790590719620233e-05,1.6184135711427016e-06,0.0230870132543455,1.6464903218921358e-05,1.2197908494488535e-06,1.3582669287336316e-07,0.012616259556505634,1.8901408264331438e-06,1.467199326990278e-05,2.4426002223095737e-07,0.010740940232994888
14,9.485952908566068e-06,0.0040721893091043015,0.0003685597125049039,1.4245958462731747e-06,0.00018782530936414633,5.838377362093873e-09,2.694715451690462e-06,8.489287278225618e-05,4.5116940578008727e-07,4.163788298453463e-06,0.03134275161965077,0.0001852728449269416,3.1006840742878985e-07,0.8902818008160764,1.1925254681991212e-05,2.1641533462390754e-06,0.03761866285366522,4.275355460954835e-05,3.196167690520932e-06,2.121664555721888e-07,0.028606388427216904,1.6073953828983261e-06,3.7709433124174446e-05,4.996837434968795e-07,0.007133052296978099
15,1.0959365481153006e-05,0.003076941199933339,0.00047210796116132277,1.3226434434189696e-06,0.00013732155408418834,7.959468270403252e-09,2.9869635548974095e-06,9.524307390576668e-05,6.00404047066576e-07,4.3273104720255905e-06,0.024675049369081464,0.00026078616601995613,2.6215645013879556e-07,0.9033427838110036,1.829871860010339e-05,3.5330531862957648e-06,0.03721128758471299,3.3339392618361474e-05,2.3944581935731563e-06,2.3643459049089483e-07,0.01878637166827847,1.6200698510396746e-06,4.402889156935309e-05,5.589086966119639e-07,0.011817630881595993
16,1.1210009900280727e-05,0.0029856261766436705,0.0003520461814649155,1.0384484874750003e-06,0.0001146308655643323,6.520700781353718e-09,2.9370115484069248e-06,0.0001127134067639626,5.054281006307498e-07,3.3037091571157186e-06,0.029215606284355055,0.00032385006421155283,2.4089690256769803e-07,0.9041489911334932,2.0293021853621296e-05,3.158585554454774e-06,0.033975287360774015,2.9042212239839738e-05,2.346677708710824e-06,1.8333640959586507e-07,0.01657327290502573,2.097234333359308e-06,3.0009837124177632e-05,3.774458662123041e-07,0.01209122524581619
17,1.0773924405258498e-05,0.002060412762129533,0.00042389438351062464,6.367261956478795e-07,0.00016325056297805058,3.712619466074276e-09,2.8825666471984716e-06,6.225748872590454e-05,4.4044990815771795e-07,1.702919764009255e-06,0.0248695642095583,0.00026458230573539064,2.2765352758381832e-07,0.9094601091821736,5.996351037912261e-06,1.4642817821557767e-06,0.030917078021486247,2.8151568725562137e-05,1.0454020620447806e-06,1.6096408598853698e-07,0.02349046189830731,1.1531544349109218e-06,3.211659809019425e-05,5.238053867250184e-07,0.008201109106722174
18,2.9651747382523176e-06,0.0015461206068205324,0.0002938100034545983,2.43749666396823e-07,5.743230067028252e-05,3.3211005854667702e-09,1.7602685630846096e-06,3.479658342439768e-05,3.8977224545520527e-07,2.3288569787509195e-06,0.009931565762987258,0.00023872852848524624,8.119536239668039e-08,0.9212881990477715,1.1447123389309159e-05,3.7689744888191122e-06,0.026963614860055767,1.0554381867839e-05,1.0882855572645951e-06,1.5212166140233033e-07,0.014240588733003897,7.642317257359578e-07,2.8603675676238203e-05,5.153805859926779e-07,0.025340477059718997
19,6.724756025010221e-06,0.004378859422023974,0.0003745274102765335,2.764907523696303e-06,0.0001861060737356821,1.3299242464008695e-08,3.0808972572589046e-06,9.689341961489387e-05,9.961903124655527e-07,7.552764451795569e-06,0.014824896192647615,0.00031269184415672264,2.640690582008286e-07,0.9260133367267945,2.9510437879430642e-05,4.71256749993879e-06,0.03161239995310044,2.2077157965269634e-05,2.419494592228442e-06,3.237196845376883e-07,0.009235657697600912,2.1212085758940378e-06,4.1905473571252016e-05,6.218037259322944e-07,0.012839542512683277
20,6.146245580805742e-06,0.0030405962479036785,0.00019942559779485413,8.286268706785903e-07,7.518116511496163e-05,4.639273298150665e-09,1.7599229267303836e-06,0.00010742540916586445,5.033006230744508e-07,3.890709240366779e-06,0.02161447706319174,0.0001506890653775677,2.489298380051998e-07,0.9397259506037898,1.898257654270253e-05,1.650877270488943e-06,0.016135820812874336,1.8001353513819007e-05,2.2660739352763214e-06,1.822129630137768e-07,0.011674077246453399,3.0469724737328938e-06,1.3933139090349593e-05,2.088240889314828e-07,0.007204702384102547
21,1.0757650979216447e-05,0.0035398781800155196,0.0004137678310651972,1.5725377371649177e-06,0.00016609914036802337,1.190517258601591e-08,3.529595500575044e-06,0.00010534852997882945,7.748495879962287e-07,5.235682062089649e-06,0.028832536289879335,0.00025229242559023595,2.62793294212692e-07,0.8954550649615634,2.742332180933015e-05,3.680753285108175e-06,0.03862297828995231,3.201360385906124e-05,3.3002000718247896e-06,2.4728908622227786e-07,0.01908628419925937,2.112559134943587e-06,5.047808879503816e-05,5.518986990752422e-07,0.013383797423253426
22,2.044079889606918e-05,0.002696198047691742,0.0008217015751477577,1.1804501443687233e-06,9.941929995854934e-05,6.338209479706596e-09,1.6621982978317055e-06,0.0001456215338350803,2.085687616257104e-07,4.97142407273746e-06,0.03124343456362446,0.0001562494779309379,2.765066035839449e-07,0.8487417604752082,7.144622978550765e-06,2.6081344204170744e-06,0.07845400179876279,7.168756519678677e-05,1.7863504487863549e-06,2.160732813611288e-07,0.03235794143624857,1.401244867318009e-06,5.057875416278059e-05,3.063087804476054e-07,0.0051191964524697885
23,1.0959365481153006e-05,0.003076941199933339,0.00047210796116132277,1.3226434434189696e-06,0.00013732155408418834,7.959468270403252e-09,2.9869635548974095e-06,9.524307390576668e-05,6.00404047066576e-07,4.3273104720255905e-06,0.024675049369081464,0.00026078616601995613,2.6215645013879556e-07,0.9033427838110036,1.829871860010339e-05,3.5330531862957648e-06,0.03721128758471299,3.3339392618361474e-05,2.3944581935731563e-06,2.3643459049089483e-07,0.01878637166827847,1.6200698510396746e-06,4.402889156935309e-05,5.589086966119639e-07,0.011817630881595993
24,5.892723290999136e-06,0.004670526969843967,0.00028254513092540223,2.451255089244298e-06,0.00010862354292466296,5.743871255204397e-09,2.1872159114558166e-06,9.719583404316099e-05,4.5501561346743966e-07,6.007084864922081e-06,0.014933044046609861,0.00016954509010862396,2.211982910477655e-07,0.9202510282286182,1.6182664289955426e-05,3.257691696146394e-06,0.036013776302790734,3.763604770921619e-05,3.6540933550252835e-06,1.9443579338475063e-07,0.016272097410267212,1.4015519260841497e-06,4.327264021164804e-05,4.1424888137941524e-07,0.007078383833073052
25,1.1903853049413748e-05,0.009705020494250045,0.0007786098825584991,3.0925576071989425e-06,0.0001039310960052527,2.6430992876674813e-08,2.38591996910096e-06,3.531600974152729e-05,1.7583670578684735e-06,2.1947445647784658e-05,0.01004206102928196,0.00024304444358526836,3.2509953593791844e-07,0.8447327723908862,0.00011263507604425012,1.62323067875435e-05,0.07478584666106607,1.4967617131368685e-05,6.565715488424379e-06,3.3101192713385524e-07,0.010782786894367279,2.469693984970058e-06,0.00011852472456573009,2.32664319033015e-06,0.04847511863527803
26,1.660682571561045e-05,0.0015473557435120835,0.0014475601653904625,1.7798906505660883e-06,0.00023436991144664917,8.570413112973568e-09,1.8982576659990067e-06,3.381005286694843e-05,9.794503346263753e-07,5.444853305751045e-06,0.011607775351575086,0.00012759658493506867,2.484688214792329e-07,0.9210679862341317,5.046304723107781e-06,2.9101704167148623e-06,0.03419611362884094,7.746347194221239e-05,8.275856403873308e-07,4.601187255585968e-07,0.021381167993561226,3.393041153152227e-07,0.00018989511398816855,2.700115970333111e-06,0.008049655831310792
27,9.724673341231575e-06,0.003335658942002531,0.0002678380036516018,1.5309730230849927e-06,0.000150182854152294,1.3706435750676054e-08,3.033287307951239e-06,0.00011835460732556789,1.3942096981139464e-06,5.3324310313832345e-06,0.02542577355531016,0.00030772492327067616,2.3636159380320274e-07,0.9243681200703135,4.1339333418098434e-05,3.3858718086499736e-06,0.019520604266015314,2.1909994775683227e-05,3.1297557342414787e-06,2.304284187815239e-07,0.009766609559538396,3.520700137847133e-06,3.3146613089707885e-05,5.435435112277837e-07,0.016610661335094166
28,1.0959365481153006e-05,0.003076941199933339,0.00047210796116132277,1.3226434434189696e-06,0.00013732155408418834,7.959468270403252e-09,2.9869635548974095e-06,9.524307390576668e-05,6.00404047066576e-07,4.3273104720255905e-06,0.024675049369081464,0.00026078616601995613,2.6215645013879556e-07,0.9033427838110036,1.829871860010339e-05,3.5330531862957648e-06,0.03721128758471299,3.3339392618361474e-05,2.3944581935731563e-06,2.3643459049089483e-07,0.01878637166827847,1.6200698510396746e-06,4.402889156935309e-05,5.589086966119639e-07,0.011817630881595993
29,1.0959365481153006e-05,0.003076941199933339,0.00047210796116132277,1.3226434434189696e-06,0.00013732155408418834,7.959468270403252e-09,2.9869635548974095e-06,9.524307390576668e-05,6.00404047066576e-07,4.3273104720255905e-06,0.024675049369081464,0.00026078616601995613,2.6215645013879556e-07,0.9033427838110036,1.829871860010339e-05,3.5330531862957648e-06,0.03721128758471299,3.3339392618361474e-05,2.3944581935731563e-06,2.3643459049089483e-07,0.01878637166827847,1.6200698510396746e-06,4.402889156935309e-05,5.589086966119639e-07,0.011817630881595993
30,1.0959365481153006e-05,0.003076941199933339,0.00047210796116132277,1.3226434434189696e-06,0.00013732155408418834,7.959468270403252e-09,2.9869635548974095e-06,9.524307390576668e-05,6.00404047066576e-07,4.3273104720255905e-06,0.024675049369081464,0.00026078616601995613,2.6215645013879556e-07,0.9033427838110036,1.829871860010339e-05,3.5330531862957648e-06,0.03721128758471299,3.3339392618361474e-05,2.3944581935731563e-06,2.3643459049089483e-07,0.01878637166827847,1.6200698510396746e-06,4.402889156935309e-05,5.589086966119639e-07,0.011817630881595993
31,2.1322391481166417e-05,0.0036521950005538512,0.001014875654085282,1.279932986229961e-06,7.70072213168979e-05,6.088793201367034e-09,2.791587918853579e-06,0.00018599822040562343,3.474973896790927e-07,5.0741277614953386e-06,0.022835355654274716,0.000289063279832536,3.5457706726278895e-07,0.8790428263463202,9.21615980270132e-06,5.583615868163861e-06,0.058412422976432406,5.7884951102431374e-05,1.931279819191577e-06,2.43319590385103e-07,0.025230566142613025,1.4529850598687649e-06,4.368066015933774e-05,4.857264225798119e-07,0.009108034602942688
32,1.1544896375387261e-05,0.0035257508214908036,0.0004722234828102438,1.6878360039737266e-06,0.0001531786253953441,1.017782826344682e-08,3.86394155105311e-06,0.00010759350495262794,7.01034036005471e-07,5.228594104431302e-06,0.027139650689289113,0.0002731014331670917,3.195112498121521e-07,0.8890722243362835,2.5333933477184852e-05,4.606639614019902e-06,0.042764357449050154,3.9256124402001475e-05,3.941043246307305e-06,2.749571123303437e-07,0.02325779190568483,1.976208944747568e-06,5.374715213875925e-05,6.637980524128459e-07,0.013080971903739568
33,1.4886400039498585e-05,0.0038619753748614137,0.0004924505901838382,1.6236996866510894e-06,0.00014210442291057743,7.349935529952136e-09,3.8280402813411115e-06,0.00012800395267439934,4.972697282357658e-07,3.746668262494417e-06,0.031924294469106045,0.00037945345837207996,3.644844010579209e-07,0.8766179603515342,1.7535788718001416e-05,4.274175618298142e-06,0.052190612822383596,4.123755655905007e-05,2.959176327968234e-06,2.303562864920436e-07,0.022870933809081992,2.1320427746059365e-06,4.183371842293707e-05,5.768058641463105e-07,0.011256477215985805
34,1.0873850415282283e-05,0.00307666428393739,0.00047061170973694045,1.3189436530055703e-06,0.00013688109779389673,7.94470469726479e-09,2.975075830576163e-06,9.500911391153832e-05,5.990760737246828e-07,4.329806925581475e-06,0.024549138188344585,0.00026040064710268517,2.6077049352534404e-07,0.9035791333617411,1.8253861036827354e-05,3.5322888202152973e-06,0.03717107958003841,3.3169648071529445e-05,2.384800112619606e-06,2.3619250144368972e-07,0.018713774049320897,1.615551443065549e-06,4.3943681395337265e-05,5.575652686678979e-07,0.01182324891132649
35,0.0001534794686588191,0.005615786275088738,0.0011001700139859477,3.751704708585056e-06,9.109512441238585e-05,3.9921870036096154e-08,9.907315076295998e-06,0.0009545213609397528,1.4824135937274108e-06,1.1642678611487234e-05,0.07507112351992201,0.0012162861594111612,1.1610763637760972e-06,0.7822261932764023,2.4142296161494468e-05,2.28261596046529e-05,0.086388906606089,0.0004130434837779091,1.431801020961836e-05,2.924161584307744e-07,0.03372217915909707,1.0289883189888684e-05,7.939214990587913e-05,9.959133393531874e-07,0.012866973613421739
36,8.022495026445163e-06,0.0036754494112339925,0.0003065838513514086,1.3604053825621099e-06,3.690996667506635e-05,5.862982498185592e-09,1.9405771902556076e-06,0.00017424861180639304,4.2773988408867476e-07,6.135955583914953e-06,0.011682684951132618,0.00025623792519439455,2.246617409171517e-07,0.9347257594177328,1.7064074684927257e-05,5.0136141736662755e-06,0.03239228024440253,3.0028430065290134e-05,2.4055826444112807e-06,1.747420996309784e-07,0.008682054498623547,2.5700728384656086e-06,2.1486017982811685e-05,1.9420140852864197e-07,0.007970736688158989
37,2.2361044959122378e-05,0.0016969325258529813,0.0010794154488483905,7.126120681224922e-07,0.00016897244021878862,3.1864673972912123e-09,3.1110607863679825e-06,4.443488881204214e-05,5.480879257138574e-07,2.1411387664382522e-06,0.021077817703891052,0.00028450596736703457,4.2824978289497606e-07,0.9080976526987935,3.936284060704794e-06,2.165541634917075e-06,0.029896387225581675,5.47586608409839e-05,9.330131291597522e-07,2.5158257446057337e-07,0.02910154370984761,7.133267873449862e-07,4.533630990541431e-05,1.3895739381362113e-06,0.008413547717159483
38,5.116327544245911e-05,0.005129313262092178,0.0016286671276808681,6.198898433891632e-06,0.00016104945812653516,6.583724050992165e-08,2.402368072009049e-05,0.00034222111844303465,1.3599976034849613e-06,1.619811854206764e-05,0.04324595919689336,0.0005859177238224531,1.4656728025950817e-06,0.7168152899421463,8.125609524533891e-05,4.055139437020774e-05,0.1366993619645595,0.00022987608362353708,2.67905169140874e-05,8.782989432329012e-07,0.0745768033992625,4.082775876963159e-06,0.0002303891042418347,1.825085606889862e-06,0.020099291971365976
39,3.119668046101436e-05,0.003192753360488914,0.0009618466730898598,1.7793261759871775e-06,0.00013418944553992212,2.4925193288719424e-08,1.2357017323241339e-05,0.0005773519721838702,5.289762312638822e-07,4.845160005337698e-06,0.059071973613494186,0.0010218474593322478,5.482715732505157e-07,0.7371297255387883,2.4634492364993975e-05,1.82827371684999e-05,0.12356468244666192,8.512790617274905e-05,6.1721779268156535e-06,3.519244569462342e-07,0.054994252904898316,4.262310653399111e-06,7.051221106215836e-05,6.681463361786262e-07,0.019090084322417468
40,6.1456284144581415e-06,0.0027399809460065963,0.00036556078418038026,2.525066619099918e-06,0.00014351478569628976,9.884791367466972e-09,3.481056949580888e-06,9.922153690817209e-05,7.318101638136061e-07,7.808026232169323e-06,0.017781917874276208,0.00013837644587362215,2.3039945735029539e-07,0.9048666616423396,1.686896100406067e-05,5.132297835847981e-06,0.034783501384369434,8.468747259437836e-05,6.40285330473427e-06,3.204103639166254e-07,0.03049261179111945,9.096984935432414e-07,0.00010461507998423451,8.613302990960133e-07,0.008347922832722633
41,1.7795400240628937e-05,0.0036676296145937743,0.0005635807352676884,4.2823862932031134e-06,0.00041180005733063696,2.8144289036989088e-08,3.773298162626605e-06,0.00013923863256152516,1.6181118754366283e-06,7.81680246464246e-06,0.03982337582413987,0.0004052857660277861,2.4190185569823014e-07,0.8848025160287911,8.671676280320294e-05,5.120390128018054e-06,0.039580218006672135,3.1817740513479506e-05,3.255303461256332e-06,3.360462347287815e-07,0.009806497641861723,2.3335379039506743e-06,7.783816705900619e-05,8.122750003840237e-07,0.020556071424468577
42,2.281698894452881e-05,0.009455465793663517,0.00044038141612822503,3.102163933388222e-06,0.00014750422867506905,2.383795734675647e-08,6.691291582460711e-06,0.0003783978537311521,9.514097675295379e-07,9.344474881401398e-06,0.0549925591071775,0.000646929891627272,8.951501238990367e-07,0.8064935732539665,8.517355102850201e-05,1.2467854908973359e-05,0.08511250332835434,3.236822564416405e-05,1.2335069881659038e-05,3.669138662009423e-07,0.02232433371709857,1.5557224648321274e-05,2.907656782722187e-05,5.465896599580097e-07,0.019776634094922294
43,7.447373114344741e-06,0.0026187479599208354,0.00045627548573539187,2.1538797867074648e-06,0.00014096670588250432,3.944722629927099e-08,2.947133440003678e-06,0.00017935639233484387,1.189249263318375e-06,1.9857387054164757e-05,0.020955476985495172,9.423856045194987e-05,2.5025408139245243e-07,0.912871758392098,3.8198293759244505e-05,4.972812418225711e-06,0.02742929001998894,5.228418085156262e-05,6.2915937978663795e-06,4.697774091959768e-07,0.025687442027841963,2.661249938337858e-06,7.964876206700689e-05,4.580105653891186e-07,0.00934757806547727
44,1.0959365481153006e-05,0.003076941199933339,0.00047210796116132277,1.3226434434189696e-06,0.00013732155408418834,7.959468270403252e-09,2.9869635548974095e-06,9.524307390576668e-05,6.00404047066576e-07,4.3273104720255905e-06,0.024675049369081464,0.00026078616601995613,2.6215645013879556e-07,0.9033427838110036,1.829871860010339e-05,3.5330531862957648e-06,0.03721128758471299,3.3339392618361474e-05,2.3944581935731563e-06,2.3643459049089483e-07,0.01878637166827847,1.6200698510396746e-06,4.402889156935309e-05,5.589086966119639e-07,0.011817630881595993
45,3.015667862504618e-05,0.006305227882043811,0.0006015263089667237,1.722856489053127e-05,0.0007842760685256158,1.1903755579144437e-07,4.0519525444703355e-05,0.0005064411523083846,5.519101839650083e-06,1.3660945207587284e-05,0.0788907660658835,0.0011912198375130995,1.3721074621950466e-06,0.8046152811551062,0.00046678442496730953,2.807941785388644e-05,0.05093416547772986,8.319796870000625e-05,3.2324805416991196e-05,1.1321799589539375e-06,0.022031883555991883,9.825003464962819e-06,0.00012174477867201533,1.8084908124675864e-06,0.03328573946505892
46,6.873941701914062e-05,0.011627008896280029,0.0005605714838569222,3.7097220926706615e-06,0.00013583700937580746,1.5263995088861954e-08,4.557693864686556e-06,0.00021856779045296913,1.461801117348781e-07,2.4242467445650537e-06,0.06408872455176098,0.0017584759040657736,5.780318031402002e-07,0.28736738060326017,4.379359065898307e-05,1.3098679936316498e-05,0.6022096632509957,2.044911102339804e-05,3.706512655130755e-06,1.1931068321563253e-07,0.01386971284085215,8.311166016499412e-06,4.9517734695794e-05,5.363524312703009e-07,0.017944354655367884
47,5.380614919007934e-05,0.01722941657583182,0.0005833006359161977,1.5149508417438988e-06,0.00010201703641869435,9.33025288965104e-09,7.5467579310671226e-06,0.000218452158106075,7.553089885116441e-07,3.885701343608131e-06,0.053295538106159834,0.0020846997363159203,1.2050071177407557e-06,0.775422253714424,3.8061413748557923e-05,1.2554807555353584e-05,0.1057604473699783,2.3921579650251104e-05,4.409804132552096e-06,2.1691567863447803e-07,0.013604506609118959,1.36875800215653e-05,1.8842909594940797e-05,9.085525623227543e-07,0.03151804128912032
48,1.0189349823598842e-05,0.0018334634696166696,0.00048247149922521943,9.624444738361477e-07,0.00015992782105916632,7.218746972011358e-09,2.9482807325336458e-06,7.421010607509766e-05,7.435410643082023e-07,3.2069846729057178e-06,0.026068072113395995,0.00024132241061469356,2.433909262515542e-07,0.919219934309723,1.5757672633696668e-05,2.62252678769422e-06,0.022064239431254257,3.2063537049076625e-05,1.690043819469179e-06,2.60980855100987e-07,0.017801620267375882,1.221012553824163e-06,3.9633228722720707e-05,6.412107166787094e-07,0.01194254714808107
49,1.4809384198176562e-05,0.0029879973457382046,0.0007219784143393413,1.2364840988219026e-06,0.00013756321964809466,1.100497145361072e-08,2.9952473500642535e-06,0.00011809899264957683,5.944051418196866e-07,4.235131927300443e-06,0.025862259269623485,0.00039711001770259904,2.9164428105355535e-07,0.8998667221847387,1.2762548931314557e-05,3.858607332732557e-06,0.042336937100806785,3.2893585717317026e-05,1.2499766850297786e-06,2.873531766728424e-07,0.015498118245014219,1.7090099650660998e-06,4.2519929330026654e-05,5.661871060002518e-07,0.011953194709526205
50,5.1930868076866375e-06,0.002743539858532232,0.0003008956504502068,7.994277562495496e-07,7.427695140767254e-05,5.838330714404948e-09,3.2612768343444e-06,0.00010798673287111082,6.171565510267156e-07,5.61254346569054e-06,0.014459473375932903,0.0001584481003059307,2.454830182402487e-07,0.9393431667287779,1.3888496266784287e-05,2.439236410219939e-06,0.016649545819275257,2.3520395770439643e-05,3.15388168190346e-06,1.7693858490833004e-07,0.01789681093802995,1.863522463100719e-06,1.975807771523178e-05,2.549169418241118e-07,0.008185065565818663
51,7.980480754988988e-06,0.005068497064170857,0.00029278113462626753,1.5031448832122158e-06,8.740239117947823e-05,4.932166364605645e-09,1.6943473150012327e-06,0.00011291352452715345,4.352671231956189e-07,4.714405412380141e-06,0.01939829570099874,0.0002304236328897503,2.324002183868429e-07,0.9288585991062649,1.7018874506763888e-05,2.4897924486738863e-06,0.027518882180961546,2.2520606859233253e-05,2.057191983976219e-06,1.628400833136431e-07,0.010174117448487856,2.107165594876196e-06,2.0810493019047942e-05,2.745459426246616e-07,0.008174081327581491
52,1.203516977815311e-05,0.0027079007941219623,0.0004685737102184654,2.176799909886869e-06,9.899298190040655e-05,1.2378761174829997e-08,2.229982011214362e-06,0.00014161349267894052,7.2122156699848e-07,1.0199524275194366e-05,0.022181394462756007,0.0001561355594170006,3.03032103664385e-07,0.9205535560033932,2.5976807868558542e-05,4.840609845838307e-06,0.02923605713765743,7.145325635498445e-05,4.2979192397629336e-06,3.5211204504780665e-07,0.016161684148036325,1.8756523276920664e-06,5.372675761399107e-05,4.825685959526097e-07,0.008103407917522235
53,9.919140681574264e-06,0.0018330226275128682,0.00034364425635090024,9.84109929342937e-07,0.0001483676991136972,1.318609804614882e-08,1.2903506237251158e-05,0.0001220177425680008,1.0972360766863392e-06,1.8396729517510245e-06,0.03051897862798935,0.0007124972086351625,2.2165896262958856e-07,0.895364995463674,2.4999755213527517e-05,4.842376358940371e-06,0.02903012594688242,3.485848746639114e-05,2.5242598474221903e-06,2.2261922282220342e-07,0.020087586694427954,1.4605760801185345e-06,6.387400400610188e-05,5.895195766581824e-07,0.021678413624136646
54,0.00012995487167347607,0.0021592936661281458,0.0013273060540715594,8.32732038105157e-06,0.0005870740522455363,4.0694304657847356e-08,1.2892013660422644e-05,0.000331160364622846,5.47476730631503e-07,4.459606949019231e-06,0.16786684293033854,0.0001545918882910172,1.6985901886048363e-06,0.4854811218224634,1.0194689433231219e-05,2.482279246317538e-06,0.12751359155992278,0.0007464159451475024,1.26095207109244e-05,4.671087622090599e-07,0.21148405034182063,2.6124958752414005e-06,0.0003019555660602255,1.0603514627649027e-06,0.0018592487895094322
55,2.426421932154832e-05,0.0024286630845845193,0.0005849520367963973,2.059436453200059e-06,0.00047793990525685676,1.3302767382656842e-08,2.1162147968646855e-05,8.60295652360159e-05,2.649774387861357e-06,1.3414587339482374e-06,0.045388289923382036,0.002623562086784274,4.977528237756187e-07,0.8686422576791812,1.9254315430718565e-05,6.625426596527242e-06,0.028223834490969896,5.2861163823555864e-05,2.462356834115781e-06,2.663190059206606e-07,0.018543585987056695,1.4680566599307058e-06,7.686227802899446e-05,3.284148277770625e-06,0.03278581308363831
56,1.1826117713681137e-05,0.003223429407077544,0.00048710646438150846,1.3401765028129538e-06,0.00013648146622998426,7.736150847905099e-09,3.196126110979317e-06,9.712792069820865e-05,6.031735478789015e-07,4.208737267921976e-06,0.025309507301482303,0.00028024650460252106,3.001537334502376e-07,0.9015733875745277,1.7932080705425396e-05,3.58346601976444e-06,0.0376292012932782,3.4078228752303634e-05,2.4639965415586353e-06,2.4627109737982684e-07,0.019435044124713374,1.749815332460536e-06,4.260093142931399e-05,5.896711255421595e-07,0.011703741260977184
57,1.0997431629011446e-05,0.005879423651179113,0.0005267727659776242,1.378120734071823e-06,0.00011630545686328018,5.926053039083839e-09,5.906264153421303e-06,0.00012639455302736356,5.359157742692094e-07,4.780490225119021e-06,0.027794508453674698,0.0004036512967346643,6.568943446106292e-07,0.8565762191322501,2.1397940340112365e-05,7.44793454856885e-06,0.05319929596941832,3.387703496055064e-05,7.302199677659774e-06,2.800043650214733e-07,0.04034878987294154,3.0323588336940834e-06,2.9316950706850882e-05,7.704711528065143e-07,0.014900952910434149
58,1.0992091079506363e-05,0.003140652843886347,0.0005425096196342098,1.4468357023438992e-06,0.00019177121066096695,8.79850764813312e-09,3.7115065096076726e-06,7.091580932821463e-05,8.538141373748947e-07,4.484502128411225e-06,0.02402984288898158,0.0002878281092408781,3.45237830553071e-07,0.8991517398228132,1.918881577208699e-05,4.221901638186916e-06,0.035395788721974845,3.428703063007716e-05,2.7484918783595617e-06,3.321354914092556e-07,0.022359686561302137,1.5189856393964248e-06,5.740782496293621e-05,1.153160175566228e-06,0.014686563280094414
59,9.050235751228707e-06,0.0027032596336899607,0.000575103737122281,1.1209483714694023e-06,0.00015642890207320128,7.015153145559791e-09,2.649911657596424e-06,6.368724857424355e-05,6.495864066576956e-07,4.452800791092273e-06,0.01937840580204933,0.0002222427364654996,2.6669366693131847e-07,0.9093281142495865,1.3648539766571864e-05,3.618266532523223e-06,0.03390062676924822,3.057528553411536e-05,1.91153477888704e-06,3.019114441223863e-07,0.02091713633439135,1.1582795135956845e-06,5.003530536613216e-05,9.167392376697394e-07,0.012634631532827711
60,1.0959365481153006e-05,0.003076941199933339,0.00047210796116132277,1.3226434434189696e-06,0.00013732155408418834,7.959468270403252e-09,2.9869635548974095e-06,9.524307390576668e-05,6.00404047066576e-07,4.3273104720255905e-06,0.024675049369081464,0.00026078616601995613,2.6215645013879556e-07,0.9033427838110036,1.829871860010339e-05,3.5330531862957648e-06,0.03721128758471299,3.3339392618361474e-05,2.3944581935731563e-06,2.3643459049089483e-07,0.01878637166827847,1.6200698510396746e-06,4.402889156935309e-05,5.589086966119639e-07,0.011817630881595993
61,9.805763264071995e-06,0.0023857982380131437,0.0006114456385158037,1.048220648469813e-06,0.00015927809405004984,6.808498369797441e-09,2.6486870785348324e-06,6.252159217985922e-05,6.86889764573796e-07,4.203205225139919e-06,0.019683788171160458,0.00021290238177117316,2.673793559542219e-07,0.9137890756111563,1.174788575086944e-05,3.1603178798392345e-06,0.02984188684242874,3.303971951344386e-05,1.7395770376949446e-06,2.921277177466374e-07,0.02140250648937081,1.070132195782013e-06,4.9837482171333944e-05,9.351888341756265e-07,0.01173030755641783
62,1.0959365481153006e-05,0.003076941199933339,0.00047210796116132277,1.3226434434189696e-06,0.00013732155408418834,7.959468270403252e-09,2.9869635548974095e-06,9.524307390576668e-05,6.00404047066576e-07,4.3273104720255905e-06,0.024675049369081464,0.00026078616601995613,2.6215645013879556e-07,0.9033427838110036,1.829871860010339e-05,3.5330531862957648e-06,0.03721128758471299,3.3339392618361474e-05,2.3944581935731563e-06,2.3643459049089483e-07,0.01878637166827847,1.6200698510396746e-06,4.402889156935309e-05,5.589086966119639e-07,0.011817630881595993
63,1.0161506737859981e-05,0.00393548145325446,0.000408203016192571,1.3511773534573633e-06,0.00012656390964652965,7.14004327051695e-09,2.770124747792514e-06,9.56030630724275e-05,5.660134324100795e-07,4.436711491123934e-06,0.023706584375125277,0.00026832798901139265,2.677599006382682e-07,0.903078252005466,1.9008112348435505e-05,3.568852776003386e-06,0.038827024710678566,2.9431777017919235e-05,2.5959621540973914e-06,2.2014276144156002e-07,0.017493218816105435,1.8727179500425384e-06,3.885808973755354e-05,5.332592518484527e-07,0.011945091313743212
64,9.350850771479864e-06,0.0025971869943042353,0.0004999401905999133,9.556996296913384e-07,0.00013470855196914139,5.781515093021021e-09,3.147606494081716e-06,7.911021790784217e-05,4.661634952861305e-07,3.54869109226746e-06,0.02298435871358733,0.00019667791078382596,2.7554786126168964e-07,0.8950955775717757,1.146891023246332e-05,2.9252165005700478e-06,0.036829825541591664,3.6538952909881503e-05,2.4747296946858237e-06,2.3140267942972935e-07,0.03180657617848176,1.2692945532602552e-06,4.4011246923221944e-05,5.722781420788453e-07,0.009658795756503727
65,6.696480868595219e-06,0.0025986091209720735,0.00038490518650854624,7.288870047356136e-07,9.060925051119257e-05,3.8634346099376155e-09,1.6217026833281695e-06,5.823494112447617e-05,4.956314623287521e-07,3.4433001256385418e-06,0.014530766728453047,0.00018058305395223122,1.9088660209931453e-07,0.9391377368492859,9.926819792436153e-06,2.0771404945037615e-06,0.021151404524138814,1.9224230720062715e-05,1.1707900435630995e-06,1.8242758986804526e-07,0.012287227015321703,1.1490536329118027e-06,2.4082854673552533e-05,4.3367660937012077e-07,0.009508495583994315
66,1.5249993266198939e-05,0.002240199679600457,0.0008784609567340509,9.115868783863073e-07,0.00011434683892883872,4.0156495723751646e-09,3.1859415084823735e-06,0.00011628291085413334,4.215901720290581e-07,3.68270776204988e-06,0.024882375246148725,0.00022100294243018327,5.265914638622042e-07,0.9175941847365644,8.173266901864826e-06,2.7490736142963767e-06,0.024009760891955556,4.4436345011076985e-05,1.4836592842268216e-06,3.259701573749534e-07,0.023439941054213334,1.3369008717724211e-06,1.9954709570254142e-05,4.233207225787408e-07,0.006400579069736239
67,1.3477402777867214e-05,0.01338635912576826,6.456851257770354e-05,1.4356556509348166e-06,0.0002473646835317336,1.59799786576327e-08,9.724234543543138e-06,0.0002563514917096258,3.5854293066009345e-06,2.400171822832911e-06,0.07930060426889927,0.002781325537878053,3.202849564695885e-07,0.8319014277771752,0.00020591950822784904,4.7041760003770355e-06,0.016870722014643062,6.188046519635985e-06,6.833661818939883e-06,8.046231269749028e-08,0.0032716552469265895,3.2543642086833684e-05,5.325915368755947e-06,3.0389553706325724e-07,0.05162676287398143
68,1.6067926205996553e-05,0.004366324973708502,0.00048226716514571414,1.7269944706339353e-06,0.00014797250962681925,9.920587568069873e-09,3.818397864795403e-06,0.00014638573860784512,5.892998428903283e-07,5.04752908449009e-06,0.035219676032666805,0.00031090344083608347,3.584036925317249e-07,0.8680753010172428,2.526809368784577e-05,4.7440033916673425e-06,0.05396799354926384,4.3735514695033224e-05,4.17988831413278e-06,2.4045265786475226e-07,0.024889114809813494,2.665420166534557e-06,4.6507928953375886e-05,5.447912290003282e-07,0.01223855619824363
69,1.2995344454188229e-05,0.003851434570174965,0.000450295302246551,1.6034789328314147e-06,0.00016403904517378222,9.175189095681982e-09,3.4102437167765536e-06,0.00010403800808635786,6.623422659391961e-07,4.377910285180377e-06,0.029922291440675534,0.0003226422524842619,2.951278553048866e-07,0.888219305553718,2.4427425471888825e-05,3.975504209178913e-06,0.04498383196755167,3.217355109375161e-05,2.8860179109255643e-06,2.341702171750302e-07,0.018225472238425758,2.1193935040172817e-06,4.541251647050659e-05,6.032434894871671e-07,0.013621464176396827
70,1.095641692489862e-05,0.003074540158921026,0.0004721820952472999,1.32332500059168e-06,0.00013747752368261192,7.960522307521384e-09,2.9869330445605517e-06,9.519073555220636e-05,6.008364252360323e-07,4.324566767704887e-06,0.02467043303534433,0.00026072246393011493,2.6202748937345944e-07,0.9034099413672767,1.8299020784997535e-05,3.52791837275408e-06,0.03717265008706725,3.331092760611737e-05,2.3908377591869985e-06,2.3643236443097238e-07,0.018768602810309447,1.6185972339500684e-06,4.403283932181124e-05,5.588355266109775e-07,0.011813822247524813
71,5.626731247049009e-06,0.0021342068924399943,0.0003764977023684122,8.116106811878309e-07,0.00012033444536829649,4.689657982100842e-09,2.2879531161489377e-06,6.0240193949091846e-05,5.529856376507376e-07,3.4098121172883937e-06,0.01469098054125434,0.00016337479022709967,1.7786287500613393e-07,0.9352182205835426,9.74092589008599e-06,2.2497786358648127e-06,0.021122319115686034,2.6316041845893592e-05,1.458692704519706e-06,2.1590474791411032e-07,0.017117278398081047,8.866965280502728e-07,3.4083549304685016e-05,4.799555584187512e-07,0.00890824414653515
