,0,1,2,3,4,5,6,7,8,9,10,11,12,13,14,15,16,17,18,19,20,21,22,23,24
0,4.236880863645975e-07,2.732888726545694e-05,2.5383210897892145e-06,0.00020058368258152716,0.00019846131762451765,0.9057662805972414,7.114536704485523e-07,7.098110854675059e-06,0.00015229457349728577,2.0220790272622345e-06,0.06818925703659205,9.637047673746582e-08,6.012211593435784e-08,0.01878548105489713,5.7782109286786376e-06,4.513309825816485e-05,0.002348239575161062,0.00010220992146467409,0.0006082613082346163,1.9070419537734935e-06,0.0001815757234811675,7.275084438865299e-05,0.0029941711513185912,0.00028580268713879247,2.153314265133326e-05
1,5.312892936913155e-07,2.9159086698164208e-05,3.882465205115188e-06,0.00017905654769971414,0.0001418220320502598,0.9429073672600029,7.816397469718921e-07,7.3799217195309075e-06,0.00020051222620693125,2.9378040249993814e-06,0.04039154025728906,9.718213774847948e-08,5.775219397129439e-08,0.011555717824231962,5.8466753649319356e-06,6.487539002971765e-05,0.0012268195098100354,9.945145339129993e-05,0.0007447371225464628,1.7083640209917087e-06,0.00016929569007614515,5.5973817580032525e-05,0.0018898813608301708,0.00030249315516318653,1.807417268618e-05
2,6.71618982098894e-07,4.558712118985599e-05,2.9239589259201906e-06,0.0002113917252802021,0.00044271832277691423,0.8795328841101744,1.2763308999864585e-06,8.684054731252874e-06,0.0001794602470775397,3.05547106780157e-06,0.07776834497046664,1.259429100721476e-07,7.362824755771708e-08,0.03334257172096995,1.096775720797327e-05,5.081890201220646e-05,0.0028663278865322076,0.0001337456463704584,0.000544627416598962,3.2721054660879556e-06,0.00017155970040459546,7.793575824044671e-05,0.004318741937135231,0.00023258250658389962,4.965115974800094e-05
3,4.916103521126529e-07,3.195603725954081e-05,3.0702999932442262e-06,0.0002689885809045546,0.00019637247743879436,0.8948502097777401,9.029784063993182e-07,7.627232111576602e-06,0.0001411219629282384,2.7101854228071442e-06,0.0721328856522249,1.1784811880514417e-07,5.817493166930998e-08,0.02466743301965784,5.285234013428855e-06,4.0795752473922166e-05,0.002355489818342433,0.00012184652234352228,0.000548333353544128,1.987898867382583e-06,0.00019583227029093731,7.600145711152321e-05,0.004023226310454971,0.0002995535716945947,2.770197337237693e-05
4,5.533823739562194e-07,3.38145892340721e-05,3.1856835169019776e-06,0.0002862281988600415,0.00020758290511193315,0.887161541992629,9.678140041385787e-07,7.569630458995671e-06,0.00015613157745255515,2.624583457632668e-06,0.07576027353271796,1.5601904311266932e-07,8.28430138528731e-08,0.027848031120086103,5.418947643575423e-06,4.051785980630181e-05,0.0028148832836363377,0.00013058505523603733,0.0006018612353510673,2.1573041123821374e-06,0.00022208109265989842,8.701670957466645e-05,0.004263602016247282,0.0003314236550631558,3.1708968708901406e-05
5,5.825303891930038e-07,3.350120566325976e-05,3.080653778105988e-06,0.0004272058476896486,0.00015730439049825725,0.8869521708116487,8.739436650201206e-07,7.1418039424760334e-06,0.0001392121258389014,3.4306400496139068e-06,0.07101165324434729,1.527416675800914e-07,6.806099339665767e-08,0.03221589244727788,4.232568394463275e-06,3.8523016257100873e-05,0.002885206411996925,0.00019881333761920518,0.0004738946556495584,2.2898304618183676e-06,0.00023127653114574152,9.262710062711418e-05,0.004719317856901292,0.0003677731120185062,3.3775131479026594e-05
6,4.916103521126529e-07,3.195603725954081e-05,3.0702999932442262e-06,0.0002689885809045546,0.00019637247743879436,0.8948502097777401,9.029784063993182e-07,7.627232111576602e-06,0.0001411219629282384,2.7101854228071442e-06,0.0721328856522249,1.1784811880514417e-07,5.817493166930998e-08,0.02466743301965784,5.285234013428855e-06,4.0795752473922166e-05,0.002355489818342433,0.00012184652234352228,0.000548333353544128,1.987898867382583e-06,0.00019583227029093731,7.600145711152321e-05,0.004023226310454971,0.0002995535716945947,2.770197337237693e-05
7,1.6486860400163128e-06,2.801438173186731e-05,1.013387667999205e-05,0.00014132370317383925,0.0001675887738950929,0.9221885861927032,1.0981583487447698e-06,7.587481394830953e-06,0.00010483505802674901,3.0310444685227017e-06,0.05915862024146841,9.26493071499435e-08,7.64741801226608e-08,0.01176163747150832,2.0356296419137557e-06,2.1009142848786675e-05,0.0012391013601669885,0.00010917984687663678,0.0008910518846278005,1.331405004164254e-06,9.541279554372248e-05,2.324561991882045e-05,0.0034804523928560643,0.0005428652428194511,2.004048676901649e-05
8,7.774125315175015e-07,6.529906184147108e-05,6.936539467788504e-06,0.0006200182487586422,0.00020693995525199562,0.8660606599127808,1.5800359550537123e-06,9.310530972580568e-06,9.451292897003208e-05,6.232985225720328e-06,0.07104950802208358,1.6422511075678908e-07,5.0001854947117275e-08,0.04663853826912907,2.169779887164221e-06,2.7269053665238875e-05,0.0013387849300097428,8.957950045753898e-05,0.00041489896395274084,2.8500484229444535e-06,0.00014782146725578403,3.250114501510145e-05,0.01271650442345564,0.00043299832149252724,3.409423645157678e-05
9,4.39769751118692e-07,5.472441201206765e-05,6.198580184193091e-06,0.0008246919845843904,0.00012002872367604283,0.9083254705110704,1.3023182465699282e-06,6.951643165116022e-06,0.000142686910699941,6.848852669862127e-06,0.047452705528355864,2.0949952000422304e-07,5.790105299733368e-08,0.03209203957543737,2.9664812645543493e-06,4.2693661588560716e-05,0.0012935553817264441,0.00010493259395352133,0.00036476078694899956,2.992794779855165e-06,0.00031383518016005787,5.407894985748375e-05,0.008316582486474308,0.00043684795061811274,3.239752220212863e-05
10,4.916103521126529e-07,3.195603725954081e-05,3.0702999932442262e-06,0.0002689885809045546,0.00019637247743879436,0.8948502097777401,9.029784063993182e-07,7.627232111576602e-06,0.0001411219629282384,2.7101854228071442e-06,0.0721328856522249,1.1784811880514417e-07,5.817493166930998e-08,0.02466743301965784,5.285234013428855e-06,4.0795752473922166e-05,0.002355489818342433,0.00012184652234352228,0.000548333353544128,1.987898867382583e-06,0.00019583227029093731,7.600145711152321e-05,0.004023226310454971,0.0002995535716945947,2.770197337237693e-05
11,5.338763833086335e-07,3.2536277201436116e-05,3.2605827268622727e-06,0.0002746068447882341,0.00020863805614072543,0.8923271681061873,9.564137927348662e-07,7.769891002969318e-06,0.00014878715583106208,2.7146567310986275e-06,0.0737756251141506,1.3615167221567326e-07,7.449120227390598e-08,0.02505392339598853,5.29041728673384e-06,4.201638815792836e-05,0.0025557717785431376,0.00012391582473564,0.0005850351724922221,2.1849035559182103e-06,0.00020654659857399077,7.802228499445042e-05,0.004203702359585578,0.0003318742658244193,2.89089924505254e-05
12,4.954298634428046e-07,3.2313679058000396e-05,2.911865528113186e-06,0.00026707061834389736,0.00020217162790468356,0.8959795861836461,8.748968012341739e-07,7.180912906013594e-06,0.00013644065050695417,2.734281743527315e-06,0.06927423647986218,1.1282091093729337e-07,5.813094679819464e-08,0.026238681588456096,5.054121097305169e-06,3.8744841556700215e-05,0.0025134558117141546,0.00012601444832602862,0.0005158767680663641,2.022652269809861e-06,0.0001948584151509413,7.43618889803368e-05,0.0040719897963862415,0.0002835176410942287,2.923444887998946e-05
13,3.666192592112384e-07,2.9547832634775913e-05,3.1142413232877657e-06,0.0003976833202455232,0.0002251431382236292,0.7306290893115955,1.3363953758556683e-06,1.3743439332140195e-05,0.00012117113211279046,1.8577289187107791e-06,0.2065688916352644,2.4419364661868653e-07,6.236674269703052e-08,0.0502709149200689,6.389676773429412e-06,3.418266301045129e-05,0.002710135209571438,0.00010978601253029928,0.0005382039268383917,1.8380670853502462e-06,0.00022995185391295748,0.00012638243687108856,0.007606651221716151,0.00034442758994252464,2.8885067003985597e-05
14,7.38884048819051e-07,0.00020613404237684535,9.89844432768497e-07,0.00025315254529112663,0.0006543976390440468,0.7719181322291132,1.8112544773796233e-06,9.032880696428368e-06,9.73825333447202e-05,8.762638095709709e-06,0.13566965178765442,7.008931953771964e-08,1.8104555781725304e-08,0.08064952225059738,4.44117907992674e-06,3.5238351819700004e-05,0.0016916003021843291,0.00011699096330114721,0.0010935519363093904,2.435926782875909e-06,8.725970912800188e-05,6.133868854445999e-05,0.007098682144670289,0.0003140362222455794,2.4627852886023538e-05
15,4.916103521126529e-07,3.195603725954081e-05,3.0702999932442262e-06,0.0002689885809045546,0.00019637247743879436,0.8948502097777401,9.029784063993182e-07,7.627232111576602e-06,0.0001411219629282384,2.7101854228071442e-06,0.0721328856522249,1.1784811880514417e-07,5.817493166930998e-08,0.02466743301965784,5.285234013428855e-06,4.0795752473922166e-05,0.002355489818342433,0.00012184652234352228,0.000548333353544128,1.987898867382583e-06,0.00019583227029093731,7.600145711152321e-05,0.004023226310454971,0.0002995535716945947,2.770197337237693e-05
16,4.953204878974397e-07,4.265199686468231e-05,3.050910448935863e-06,0.00035149784973576405,0.00020840163628125673,0.8790176889630046,1.2860875075188585e-06,1.0344620952823336e-05,0.00016144046417397446,4.420205858448153e-06,0.07606175358987138,1.9419781763605107e-07,6.969230534044858e-08,0.034399232717016,7.2934652860296735e-06,5.487283114529098e-05,0.002947202818222941,0.00015972126020998096,0.0007040652721110875,2.590124878855572e-06,0.00034120518279403384,0.00013435147567663738,0.005033906512650537,0.0003146874269912362,3.7575377707248154e-05
17,4.854118883470789e-07,3.479647553614182e-05,2.8766111719506925e-06,0.0003420595536774176,0.00024058714076986376,0.8616901195067691,1.062181172814105e-06,8.99363872527084e-06,0.00013440056945563788,3.0168724941175197e-06,0.08973064568839159,1.580165565589729e-07,7.558834931304442e-08,0.03689938281031361,5.55401507670423e-06,4.199079497503197e-05,0.003547277500432626,0.0001411237860847352,0.0005290866849289485,2.6113853031606862e-06,0.00024293682962926778,0.0001038395482283585,0.005949315382723325,0.00031183452797602215,3.5769479370231934e-05
18,6.924638014477411e-07,3.5134608775985046e-05,2.2289833420581608e-06,0.0003295413552237795,0.0003485420344546078,0.8556322018160119,1.1709497648428323e-06,5.590687520122755e-06,0.00011672086465098844,4.69866568580764e-06,0.057902869825327635,1.7173663260243944e-07,1.252130643129284e-07,0.0675150715239441,5.717041948354074e-06,3.138598031348918e-05,0.009796718083456595,0.00035429811733594783,0.0003241577185788487,3.942195663559872e-06,0.00039211333982919726,0.0001398150880705164,0.0067518878350357105,0.00019284330842512422,0.00011236056314254176
19,5.738533628472078e-07,5.514570618236979e-05,6.187520959024218e-06,0.0006501333645024302,0.00023934737635243142,0.8482516457470519,2.8061255319290487e-06,1.6960628559818625e-05,0.0002667119048265622,5.0640778179343974e-06,0.10023819250901553,4.780964341171352e-07,1.160866256777991e-07,0.038889032489806775,1.0631740541747795e-05,8.301709635795876e-05,0.0028048644933936404,0.0001548296509398072,0.0007796448860363667,3.0202201525942573e-06,0.00047052906504639055,0.00018838102499621714,0.006427946237329824,0.0004060367899289265,4.8703308247227627e-05
20,3.816147915249867e-07,3.114158930719141e-05,3.8169705352924114e-06,0.00037925812521391014,0.00017085954270925857,0.830491473167005,1.4740790255864338e-06,2.2121356364279788e-05,0.00018414864408167764,3.060846838098405e-06,0.1308877922430093,2.3812493751182464e-07,5.75804543496269e-08,0.029041715508213307,1.7968903333101417e-05,7.542387145197265e-05,0.0026671771301236247,0.000154494877297312,0.0008354942857796606,2.066269931873859e-06,0.0003119511004268173,0.0002562332318482545,0.004151074491164266,0.00027850701918067397,3.2069426976151004e-05
21,5.212148826368942e-07,3.903122027984365e-05,3.1802016189537763e-06,0.00033470610308193577,0.00018100971510496847,0.8924165728703185,1.005211251831016e-06,9.307368294147516e-06,0.0001691074888170634,3.4033782379611237e-06,0.06896848948250896,1.5484324372229293e-07,6.21913363813754e-08,0.03082156569185812,5.382386697413803e-06,5.593576505133848e-05,0.001967534113492651,0.0001357285097142446,0.0005977903526560748,2.2480487693134413e-06,0.00021397783729311536,8.234297249298575e-05,0.0036473265114137445,0.00031704399148494355,2.657253009944408e-05
22,6.319121991554786e-07,1.597621487295921e-05,2.3905801959144575e-06,0.00016127975875022198,0.0001501763855483461,0.9098553242840357,4.0065788718370286e-07,5.505026971811847e-06,9.527782032296069e-05,1.878839188376875e-06,0.06532975472727252,5.049161262888261e-08,4.5900920296705917e-08,0.016917992937862985,4.207982811414261e-06,2.8285804420293514e-05,0.003938098963747146,0.00023308004779991424,0.00041050338738674605,1.5455692086821768e-06,0.00013961567359533432,7.796882665731005e-05,0.002362677962983595,0.0002420512046263705,2.527903912238077e-05
23,4.916103521126529e-07,3.195603725954081e-05,3.0702999932442262e-06,0.0002689885809045546,0.00019637247743879436,0.8948502097777401,9.029784063993182e-07,7.627232111576602e-06,0.0001411219629282384,2.7101854228071442e-06,0.0721328856522249,1.1784811880514417e-07,5.817493166930998e-08,0.02466743301965784,5.285234013428855e-06,4.0795752473922166e-05,0.002355489818342433,0.00012184652234352228,0.000548333353544128,1.987898867382583e-06,0.00019583227029093731,7.600145711152321e-05,0.004023226310454971,0.0002995535716945947,2.770197337237693e-05
24,5.676731220874165e-07,5.621368624415996e-05,2.2872393995192636e-06,0.0004309257836896896,0.00019334904784450616,0.8717303038292403,8.210049687319764e-07,8.069922685124462e-06,0.00012108444738406242,4.2722658868957304e-06,0.06867918979500201,1.2878689598754022e-07,5.7024932706285004e-08,0.04920838639434372,3.283371501780157e-06,4.013004513183814e-05,0.0027549108443618497,0.0001474115787867429,0.0005592365145024617,2.871047957850638e-06,0.00017371569845975372,7.51792361365247e-05,0.005451088985120928,0.0003289519457382957,2.756383066252644e-05
25,8.566302326981043e-07,2.7940704258125247e-05,3.5719390118824087e-06,0.0001003142070499487,0.0001693590824799247,0.9757069481169743,4.828560700183091e-07,1.2923211376857505e-06,0.0002197693441847726,2.6201919877809434e-06,0.012259282888858754,6.814782715201117e-08,1.0914254182248318e-07,0.006098558734165549,5.861595098892556e-06,2.918962579972252e-05,0.002635419729997653,0.00013424412760959143,0.0004413470713176706,1.9284353012351546e-06,0.00021834118262102094,4.189432644510154e-05,0.0016211413458301152,0.00022136613931891848,5.809211387988804e-05
26,8.026274790621628e-07,1.5976988525930597e-05,2.9592569317522346e-06,0.00013019494276362095,0.0001358827701997128,0.9431866693158619,2.2578725983171946e-07,1.9010059718134918e-06,9.981856774628789e-05,1.2715399493977366e-06,0.04309449401292961,3.5003773633641655e-08,7.24000475498036e-08,0.006353032012627966,9.407195713290734e-07,1.6416630296302828e-05,0.0022014123283426077,0.00010161593958444688,0.00046058094163364913,1.6615838726248783e-06,9.072706487620955e-05,2.046779542559463e-05,0.0033045237075954546,0.000767744732109902,1.0572324623816399e-05
27,3.915089378293873e-07,2.7976830872470856e-05,2.5994331086540186e-06,0.0002796865876813584,0.0001618984408993833,0.878743426088972,7.943688154170863e-07,9.552102934684023e-06,0.0001555937003553752,2.343384531645045e-06,0.08934205929715386,1.2602323002700963e-07,5.270236409433028e-08,0.02362661953779788,7.654531625135381e-06,4.977434515991391e-05,0.0025751208635385677,0.0001313670496488162,0.0006391277590195191,1.8241605209281806e-06,0.00021117372313689262,0.00013041535241341105,0.0035743641421375127,0.0003023424464407773,2.3715618703944227e-05
28,4.916103521126529e-07,3.195603725954081e-05,3.0702999932442262e-06,0.0002689885809045546,0.00019637247743879436,0.8948502097777401,9.029784063993182e-07,7.627232111576602e-06,0.0001411219629282384,2.7101854228071442e-06,0.0721328856522249,1.1784811880514417e-07,5.817493166930998e-08,0.02466743301965784,5.285234013428855e-06,4.0795752473922166e-05,0.002355489818342433,0.00012184652234352228,0.000548333353544128,1.987898867382583e-06,0.00019583227029093731,7.600145711152321e-05,0.004023226310454971,0.0002995535716945947,2.770197337237693e-05
29,4.916103521126529e-07,3.195603725954081e-05,3.0702999932442262e-06,0.0002689885809045546,0.00019637247743879436,0.8948502097777401,9.029784063993182e-07,7.627232111576602e-06,0.0001411219629282384,2.7101854228071442e-06,0.0721328856522249,1.1784811880514417e-07,5.817493166930998e-08,0.02466743301965784,5.285234013428855e-06,4.0795752473922166e-05,0.002355489818342433,0.00012184652234352228,0.000548333353544128,1.987898867382583e-06,0.00019583227029093731,7.600145711152321e-05,0.004023226310454971,0.0002995535716945947,2.770197337237693e-05
30,4.916103521126529e-07,3.195603725954081e-05,3.0702999932442262e-06,0.0002689885809045546,0.00019637247743879436,0.8948502097777401,9.029784063993182e-07,7.627232111576602e-06,0.0001411219629282384,2.7101854228071442e-06,0.0721328856522249,1.1784811880514417e-07,5.817493166930998e-08,0.02466743301965784,5.285234013428855e-06,4.0795752473922166e-05,0.002355489818342433,0.00012184652234352228,0.000548333353544128,1.987898867382583e-06,0.00019583227029093731,7.600145711152321e-05,0.004023226310454971,0.0002995535716945947,2.770197337237693e-05
31,1.216093532121679e-06,4.123808623357444e-05,6.979747642664108e-06,0.00030234839139736393,0.00018424937173258026,0.8929889991528469,1.3327021551793728e-06,1.6322705202445038e-05,0.00010795465940321401,4.952324438870855e-06,0.07077366355416399,1.1243965073969822e-07,5.4758557477035544e-08,0.027162437699723388,3.4816056545881464e-06,3.172053957568004e-05,0.0020898537493803065,0.00017686419238991167,0.0007718836801528919,1.887920652585802e-06,0.00015935917276977665,5.616996494123018e-05,0.004751058855611257,0.0003382789853013687,2.7579646890026224e-05
32,5.357700776218799e-07,3.3025957100020253e-05,3.027927043696118e-06,0.00023108016879787524,0.00018607091028368433,0.899346472701766,8.617398095604057e-07,7.620164965856638e-06,0.00014311195248295128,2.6529668506139855e-06,0.07079125074406173,1.1443587406419105e-07,5.802738063544141e-08,0.021912312775987916,5.322410348468993e-06,3.93517402338447e-05,0.0022404979508583263,0.00011817683140057352,0.0006832664402763887,1.8140020257409276e-06,0.0001878434488934794,7.68801625478495e-05,0.0036441890100408314,0.0003193971589901437,2.506460190216551e-05
33,6.246664934914758e-07,3.639427021060876e-05,4.053425003462204e-06,0.0002621023183998268,0.0002142721235114786,0.9057566083061311,1.0924086162343514e-06,7.0937547989021615e-06,0.00018546263810335955,2.7348297691996172e-06,0.06520858743358444,1.350997525985876e-07,5.8398380075187316e-08,0.02153319760463642,7.034687558737083e-06,4.10343222224858e-05,0.0019971331817740935,0.0001320497442721981,0.0005435080172035552,1.8875653841203961e-06,0.00021001732371075195,7.076449479996308e-05,0.00346460836874252,0.0002834675496446554,3.60774672957165e-05
34,5.896786118761381e-07,3.302828763624673e-05,3.270049586176289e-06,0.0002214717376898676,0.00019014514425598407,0.9008909789938258,8.424960511732363e-07,7.368571502194328e-06,0.00016427070920336246,2.25626166941878e-06,0.07115441140740678,1.1721807683107703e-07,6.051526049966045e-08,0.020569099838294906,5.387496096139964e-06,3.8428115364774434e-05,0.0021235713703150433,0.0001180771015635531,0.0006817731381302102,1.682727404674167e-06,0.00017906161389770012,7.154077141650858e-05,0.003197639908339759,0.00032029526289073615,2.463158551000313e-05
35,6.0820020051688864e-06,5.201336163891085e-05,1.2377119194413786e-05,0.000493709733695798,0.00017919144560861643,0.9020570858630197,2.3677594771861366e-06,2.4516921159094268e-05,0.000520033940466521,6.075059543881489e-06,0.06371999435581122,3.467537572395272e-07,1.1923623666339033e-07,0.02346488195537191,5.3829148468979375e-06,5.4517242412385534e-05,0.003623476072091216,0.0015249314733667171,0.0013201790998766006,1.479656010083478e-06,0.0004018303833739193,0.00018307327561439463,0.0016996187095368255,0.0005923761818665053,5.433948401811253e-05
36,8.085529413449677e-07,4.123992287260131e-05,4.450449978065247e-06,0.00038313855117137784,0.00022831258246709706,0.8219219113618029,1.8729854530609774e-06,2.6592001140437285e-05,0.00025480099290125044,2.986153936616623e-06,0.12408769506686912,4.6950325323449785e-07,1.4973488396549197e-07,0.04303541271241401,1.3794325377132278e-05,0.00010040195316813058,0.003984037411666171,0.00019236546859396884,0.0012751974997792309,2.5995884594348835e-06,0.0002952741404166063,0.0002528166881960998,0.0035109981694679453,0.00034157723423087783,4.109694855933075e-05
37,1.3921267824439123e-06,4.571383473651146e-05,6.09574902670001e-06,0.00043171140460785404,0.0001817808832538384,0.8916025452965435,1.1786784072153454e-06,7.015220485820372e-06,0.00014209759346977264,5.497939293040175e-06,0.0741539859054174,1.4774973900916377e-07,7.886895018061098e-08,0.021736766867080846,2.225509932319042e-06,3.0202973706651116e-05,0.0025266165837647624,0.0002461593880797547,0.0007190872979452843,2.5654473097084004e-06,0.00020916464924004364,6.50910881978246e-05,0.007000479246701939,0.00085248322647538,2.9916470852123414e-05
38,5.216762286865837e-07,1.6513727363933785e-05,2.9920936041657866e-06,5.538797615280716e-05,0.00013394570006760556,0.962226684324315,5.628789593185209e-07,2.9449196689944325e-06,0.00011753954902725854,1.450986769434088e-06,0.02909396296756213,3.5380835359040856e-08,2.8492544510305437e-08,0.0060021754086004,4.626241017568237e-06,2.9636529321461454e-05,0.0005063251130889885,5.1065351199765795e-05,0.0005318048393311545,5.823830725360972e-07,5.837725597751145e-05,1.7485592994966298e-05,0.0009414412245817504,0.00019014580774654846,1.3763579968192487e-05
39,1.739008045551131e-07,3.985983906869037e-06,2.6023654979911767e-06,8.163991623211811e-05,5.6592538656700776e-05,0.9661857067515548,2.830524853557193e-07,5.146844885011851e-06,6.373662544936096e-05,1.102342928010475e-06,0.025942856995795013,3.408314412010731e-08,5.167626146978124e-08,0.003919481418102915,3.215058187755198e-06,3.408290712443616e-05,0.0017533411681140273,6.598381051677758e-05,0.0003791380227369941,7.761143734909256e-07,0.00018572215044962808,3.92635521065691e-05,0.0011004944430573406,0.00016538201473214836,9.206262896548343e-06
40,3.203187527614021e-07,2.3601128074367534e-05,1.4100668039098623e-06,0.0004572404169391151,0.0001530780643333989,0.8929581838835179,4.6088011829269376e-07,8.07418200913432e-06,7.39289415773103e-05,4.030397388594135e-06,0.07031359765660164,5.392837778637856e-08,4.2228558944391005e-08,0.02515944490390781,1.7504097449674874e-06,5.126416741453676e-05,0.003837443326080996,0.0001758416226759348,0.00040918873284613886,3.3655897455308626e-06,0.00019904978442562049,6.90230553626033e-05,0.005642623495142776,0.00044375354209629566,1.3229277503844773e-05
41,9.952357699900867e-07,3.252304033299755e-05,5.179907945751314e-06,0.0001357267670050551,0.0005853445105328221,0.9234351152368293,1.3743143801790848e-06,6.352628571270559e-06,0.0003465150235649794,1.2756530311965621e-06,0.059761956749940594,9.527302476563336e-08,8.680562586923583e-08,0.011677163328209754,1.1274298653650886e-05,6.55372881425204e-05,0.0013991073894619854,8.998233391399889e-05,0.0004151717552480778,1.8951910060879647e-06,0.00010105040662708944,2.9957821844008142e-05,0.0016247754284524614,0.0002374264062988854,3.411720558686827e-05
42,2.3575113351126595e-07,1.605248697541151e-05,2.9573424266417626e-06,0.000260089909205675,6.226766167174019e-05,0.9111736329604619,6.40151544186115e-07,1.9358069339066085e-05,0.00013886769524152422,2.977437107192039e-06,0.07051921100026354,1.690734384409078e-07,7.120092460311906e-08,0.0103498090605323,9.613505945696394e-06,0.00010990267309265645,0.0022525100306136823,0.00010383656022576031,0.0015194959201006316,1.7919279387674087e-06,0.0003362616867732073,0.00023328221485878934,0.0024699959607913267,0.00040552291558497785,1.1446803808898713e-05
43,1.3211903081777044e-07,1.4205268214076192e-05,1.2521235203959447e-06,0.00015977523897677687,6.815292874298061e-05,0.9590777322079206,3.3581558349194966e-07,5.273613262655206e-06,5.2235881268652146e-05,6.722055256430188e-06,0.021377406734377803,3.145872022498992e-08,3.010217904763297e-08,0.01284274780619418,2.6729454100070736e-06,4.369371977899022e-05,0.0022005186015258767,0.0001076319467059378,0.00043197102536370307,2.195881787353215e-06,0.0002971548093049695,7.845808472192467e-05,0.0030324075147429267,0.0001849122577698396,1.2349859640477527e-05
44,4.916103521126529e-07,3.195603725954081e-05,3.0702999932442262e-06,0.0002689885809045546,0.00019637247743879436,0.8948502097777401,9.029784063993182e-07,7.627232111576602e-06,0.0001411219629282384,2.7101854228071442e-06,0.0721328856522249,1.1784811880514417e-07,5.817493166930998e-08,0.02466743301965784,5.285234013428855e-06,4.0795752473922166e-05,0.002355489818342433,0.00012184652234352228,0.000548333353544128,1.987898867382583e-06,0.00019583227029093731,7.600145711152321e-05,0.004023226310454971,0.0002995535716945947,2.770197337237693e-05
45,3.511849871072582e-07,1.5887417586894167e-05,3.634030824331027e-06,0.00019184002011676888,0.00014532057380007416,0.8873902343190909,9.287463086883639e-07,1.4567669223304871e-05,0.00015105857613484204,1.6064929080779096e-06,0.09577855547769094,9.794495193238338e-08,4.2733540315068936e-08,0.012023078968015525,1.1539199055574194e-05,7.688619163224997e-05,0.001207163165341353,8.855019769461769e-05,0.000629861476017227,1.2377459752324975e-06,0.00011612622312800616,8.025381179938418e-05,0.0017984997185811775,0.00025755109761509967,1.5127017980453617e-05
46,1.577257525072476e-07,7.326501555089619e-06,1.1325928346408268e-06,0.0002583780742325525,7.113904472952104e-05,0.8936165597821363,1.6710815396041796e-07,4.647677575887911e-06,3.998711026821202e-05,1.12680345557887e-06,0.06957273504024139,5.79500452139846e-08,9.848602789079856e-08,0.01702886306635129,2.268440707260004e-06,2.4989350144175187e-05,0.012903306889735061,0.00010588095905158627,0.00038055735167353985,2.1975721015996598e-06,0.0002353734404421161,0.0001540757917348343,0.005273664384766871,0.0003001999925788069,1.5108863704152547e-05
47,1.311265717339948e-06,4.3078096758792794e-05,5.053352699153513e-06,0.00027609569585434443,0.00024344435118726053,0.9189718227703086,1.3764327174520994e-06,7.728110638825924e-06,0.000340892175292928,3.897217222105531e-06,0.05041475234869886,3.737100888962092e-07,2.5353175633091913e-07,0.018639154940793597,9.88209697976542e-06,9.597576038470818e-05,0.005054931381665558,0.00023797414181651316,0.0012156852893545796,3.4622778173609315e-06,0.0004522545943138688,0.0001864697427300143,0.0032001822150543777,0.0005350899418330755,5.885855831553491e-05
48,5.290034969975398e-07,3.104769455885115e-05,3.60597999765917e-06,0.00030370434412220216,0.0002241365315762722,0.8909779298160224,1.0644222362865302e-06,8.118173023723137e-06,0.00016227644168426188,2.7219466670655863e-06,0.07418993900774952,1.3922347441026748e-07,6.550455315476964e-08,0.02627203953291454,6.460395690676179e-06,4.568535484177112e-05,0.002449560900541846,0.00013945218456919164,0.00046006836863469417,2.2212518725191072e-06,0.00021956581942493986,7.930899795549729e-05,0.004099866907417472,0.0002855342758634098,3.495792111043869e-05
49,4.301172662672709e-07,2.8394889068199682e-05,3.952019873609299e-06,0.0003532503811069749,0.00013498395826574554,0.8983666269938937,8.872993828050399e-07,7.2138887014619625e-06,0.0001313285953031383,3.043482105587113e-06,0.06731136376408597,1.5661938117563613e-07,6.613961329891351e-08,0.02517561907360622,4.815673156358191e-06,3.674657139183884e-05,0.0021733590983563458,0.00012172769214159407,0.0004811114800158145,1.9987876761367204e-06,0.00023961871686902555,8.444383322843347e-05,0.004972477706056616,0.00033629046311579614,3.0092756337707158e-05
50,6.513416474961988e-07,4.985095584341166e-05,4.2558348419376295e-06,0.00033275953933812463,0.0003040607470310827,0.8502549918908475,2.6090152016542194e-06,1.64339763120258e-05,0.00010977515308978777,7.347185129832276e-06,0.08533486720764216,2.0451921758558858e-07,6.835098365645477e-08,0.05181865051746287,7.1178605513064445e-06,4.780079610249495e-05,0.0026959240672260426,0.0001497412620762515,0.0007134864540605942,2.7094087423390567e-06,0.0002504513166319079,0.00010360309137314773,0.007484879095948437,0.0002546866988860544,5.30737138124433e-05
51,8.060729743198881e-07,0.00013509790032546122,3.4756135867339513e-06,0.0008184493363139155,0.00013242583387414224,0.8041512928348975,1.2002081604476833e-06,1.686655181319471e-05,0.0002101649401775383,5.126129260063291e-06,0.10985310470829812,2.6944825830141943e-07,3.510312177678833e-08,0.07456433942333587,6.992391632992593e-06,3.702761021048586e-05,0.0025974231848019265,0.00021400027828228236,0.0010977908886273383,2.0582165597448986e-06,0.00024410667444857502,0.00021330350223161627,0.0053332213230199805,0.00032755391286569597,3.386791292197672e-05
52,5.651767200146951e-07,5.811105111584016e-05,4.355222909382347e-06,0.00047210231728099045,0.00026149165863051713,0.8622403155830247,1.61893102184304e-06,1.0069911217393816e-05,0.00018211445287896074,3.7468860027360986e-06,0.09071488706057572,2.545910601486036e-07,9.054312706661635e-08,0.03346596888763909,5.6475666506314816e-06,4.762257623764232e-05,0.002990651276790422,0.00010336714072964926,0.000756616634733517,2.9107108425657436e-06,0.00034459324228342566,0.00010343953243966747,0.007753675857900265,0.00043946660729508755,3.6316580892562096e-05
53,3.608121698192056e-07,4.5326268221874784e-05,5.61301273824355e-06,0.0005620425609004489,0.0006207909500143658,0.7309705884984384,7.0639112622018766e-06,2.4439283022205828e-05,0.00020119707934860241,5.208931224786958e-06,0.2011546096256157,4.7395477328801003e-07,8.866314762143259e-08,0.050206934201633656,1.7764180373933466e-05,8.996773957942647e-05,0.0019619316557422145,9.825804495921633e-05,0.0005055975183293874,3.4994629270843323e-06,0.0003653224068447169,0.00014146810626329838,0.01260216798132782,0.000346300897051759,6.29842540897863e-05
54,3.812975829492968e-07,2.11880023750176e-05,3.0055062635396936e-06,0.00027249734177754834,0.00017262492237718336,0.8841721364563133,7.809927336922161e-07,8.811356312281884e-06,0.0001246660825043252,2.188789185399108e-06,0.08837742346652865,1.0190251922490167e-07,6.022391509510632e-08,0.018659485697938825,3.9491384237198545e-06,4.117413584298272e-05,0.0025404522406457094,0.00011648930906733725,0.000546002021051162,1.944931783757688e-06,0.00021511412444251922,7.572767100235087e-05,0.0042409847730156885,0.0003849114421321347,1.789817426564766e-05
55,2.087363528287595e-06,5.098387770770895e-05,9.729422727902355e-06,0.000505473180000488,0.00021154296883415898,0.9206416824351286,2.251196780025471e-06,7.609263307260739e-06,0.0012555791165802434,2.023704844360086e-06,0.05572023511050826,1.0018998615898165e-06,3.920633718200774e-07,0.015117472810627221,9.563650113359266e-06,9.456503100479353e-05,0.0018612177252265872,0.0003161823988225344,0.001089040794299536,2.006941868543416e-06,0.00046860841907031846,0.00011655023964705985,0.0016080169185530792,0.0008530824246283777,5.3101042958213665e-05
56,5.296785098023131e-07,3.229407682235425e-05,3.233579309138421e-06,0.00027257595120697077,0.00020027313809643126,0.8916848680234413,9.545624695033464e-07,7.752471409538536e-06,0.00014883737563820793,2.670056832702674e-06,0.07406040330940772,1.4059506702857564e-07,7.318344056189705e-08,0.0254976959872224,5.413914355457452e-06,4.093271408191238e-05,0.0025319755660149464,0.00012402473389263745,0.0005971195395538546,2.0799705503532056e-06,0.00020873424301568925,8.092232429589876e-05,0.004142186184425568,0.00032489746563134033,2.9411355308873063e-05
57,7.410142943184753e-07,4.8607355464090126e-05,4.348365443209882e-06,0.0003855439656865538,0.00024893183765695387,0.8798940432893746,1.5605481900827134e-06,1.2571787239547938e-05,0.0002494955232846164,4.326735800572888e-06,0.07487271880361325,4.17344980200398e-07,2.223012571239552e-07,0.030901565397858377,9.137307817118109e-06,8.348779658788782e-05,0.00517283461463542,0.00016523977501947969,0.0011980130952109554,4.351579053866797e-06,0.0004319614132563568,0.00019937951793042708,0.0055814390725164,0.0004803878123280522,4.867374550077019e-05
58,5.468303518237283e-07,2.865694940827683e-05,3.2363799969462505e-06,0.00025161470010449027,0.00017545264290682892,0.8935995654173141,8.240702914334523e-07,6.775078128282638e-06,0.00014834313743027097,2.218441725237299e-06,0.0784869044032617,1.3094780212421596e-07,7.007602008111905e-08,0.019749447835717592,4.123635304733679e-06,3.763466710525013e-05,0.0020193597727879062,0.00011051108990990821,0.0006564600109894144,1.7572708312462654e-06,0.00018197638839529851,6.670804641155498e-05,0.004007912268773194,0.00043813150325092414,2.1638435781318574e-05
59,4.928348613069435e-07,2.764135434466756e-05,3.7005210047863654e-06,0.0002617203714770162,0.00016705048749232705,0.900438064957306,8.253189062308596e-07,6.8621734262545665e-06,0.00014556344379724575,2.3847182077878168e-06,0.07457497106845556,1.1647662029259418e-07,6.000492001286421e-08,0.017021526867149202,4.349693290094608e-06,3.944608166037521e-05,0.0017955027110742605,0.00010155967591602743,0.0005915395694176083,1.85093157326462e-06,0.00018787808848413955,6.300643761517083e-05,0.0041129548602715565,0.00043036564038901275,2.0565712339848773e-05
60,4.916103521126529e-07,3.195603725954081e-05,3.0702999932442262e-06,0.0002689885809045546,0.00019637247743879436,0.8948502097777401,9.029784063993182e-07,7.627232111576602e-06,0.0001411219629282384,2.7101854228071442e-06,0.0721328856522249,1.1784811880514417e-07,5.817493166930998e-08,0.02466743301965784,5.285234013428855e-06,4.0795752473922166e-05,0.002355489818342433,0.00012184652234352228,0.000548333353544128,1.987898867382583e-06,0.00019583227029093731,7.600145711152321e-05,0.004023226310454971,0.0002995535716945947,2.770197337237693e-05
61,5.388257094388409e-07,2.9384716882825592e-05,3.8116997749172953e-06,0.0002633170741671228,0.00018115870760422638,0.8971046891161033,9.129560252011734e-07,7.259419991390083e-06,0.00014957089616050585,2.51422089146062e-06,0.07626379612539666,1.259674027559647e-07,6.55776526667257e-08,0.018400281771220633,4.646946163096035e-06,3.9193389553653504e-05,0.0019217198791710876,0.00011033998633022384,0.0006119138009209672,1.8988866834287245e-06,0.00019367761408671432,6.65255294672507e-05,0.0041962999214231475,0.00042341227518321776,2.294469603424391e-05
62,4.916103521126529e-07,3.195603725954081e-05,3.0702999932442262e-06,0.0002689885809045546,0.00019637247743879436,0.8948502097777401,9.029784063993182e-07,7.627232111576602e-06,0.0001411219629282384,2.7101854228071442e-06,0.0721328856522249,1.1784811880514417e-07,5.817493166930998e-08,0.02466743301965784,5.285234013428855e-06,4.0795752473922166e-05,0.002355489818342433,0.00012184652234352228,0.000548333353544128,1.987898867382583e-06,0.00019583227029093731,7.600145711152321e-05,0.004023226310454971,0.0002995535716945947,2.770197337237693e-05
63,5.515380488524592e-07,4.268714280383131e-05,3.1573696627933466e-06,0.00027284674602192976,0.00021085414327818875,0.8945989843074407,9.3669285515658e-07,7.369781352092543e-06,0.00014779583349235165,3.0372493018302358e-06,0.070654048194409,1.2211156659774e-07,5.723719251490803e-08,0.02592144525093369,5.5284713778937616e-06,3.8812258040975076e-05,0.0023590698612896035,0.00011432125178068677,0.0006377501129236624,2.110853731712284e-06,0.0001978711557087112,7.707283643860708e-05,0.004364383928015507,0.0003099949736587321,2.9190698674293435e-05
64,4.067482656783834e-07,3.1342390297282475e-05,3.0357103278154097e-06,0.00028984076432997944,0.00017479608037089447,0.9040823042449507,8.984365493155659e-07,6.9020655702506055e-06,0.00014052130298350778,3.103837337149745e-06,0.061832062805671224,1.3693574431119564e-07,6.813444303718414e-08,0.02492312268276253,5.256311749236573e-06,4.003439738382143e-05,0.002571952210385047,0.00011974979896422752,0.0005372337369374544,2.191101434238969e-06,0.0002921213816785441,8.797143913232205e-05,0.0045219044184265965,0.0003031698042075187,2.9873260097406605e-05
65,1.5163582324448697e-07,4.6303436847866976e-05,4.478684638635133e-06,0.0007780019586389984,0.00013235325501035478,0.8284477296169844,2.8435168467060823e-06,2.334139910098278e-05,2.0665298705767745e-05,3.963574402012583e-05,0.03678172216958408,9.077034393897637e-08,1.593427213466906e-08,0.10925934617276505,4.4504926801856515e-06,2.8878324998611238e-05,0.0019233918470361855,0.00010557336626814954,0.00019758598797499615,4.494436657050127e-06,0.0005093831461024771,7.202777618789845e-05,0.021471304324924202,7.965214995201324e-05,6.657855363607248e-05
66,4.598282136565586e-07,1.8691252956664998e-05,2.9667979740220383e-06,0.000138015390912122,0.00020744187359142782,0.937399036038836,5.558603549776486e-07,3.645195528056765e-06,0.00010291664535774771,2.379459609417494e-06,0.04495719534803873,5.079469004919592e-08,6.09546668531447e-08,0.010340834128231455,3.0969654399897917e-06,3.0140849260387342e-05,0.0022122938643697574,9.56023465225694e-05,0.0004110337070506998,2.1399712510769807e-06,0.00017019196437606027,3.5834956121550805e-05,0.003500108453936137,0.00034475691378666525,2.0550438923695568e-05
67,5.933706361608052e-06,0.00035307325574184613,1.5204480360335426e-05,0.00030094626065459027,0.0010251837555187583,0.7344217442849219,1.2333133546674968e-05,4.6709950076364616e-05,0.0016678246447391,5.190843184785637e-06,0.223239652940323,9.87213263827983e-07,8.591333128013238e-08,0.026685965727583985,7.552165027131868e-05,0.0001328717140146108,0.002156726741110166,0.0003182838967588519,0.005625372769479683,1.817645616736354e-06,0.00035321975162924967,0.00043467324668208383,0.002487735306552596,0.0005395576570576012,9.33835112190389e-05
68,6.98900624058965e-07,3.33985608977389e-05,8.531366202884345e-06,0.0007785267994214486,8.063052881146855e-05,0.9097837346711405,8.897722479491348e-07,8.362052020255283e-06,0.000149609222473426,4.779799690631998e-06,0.05375097193608599,1.9857807959192088e-07,6.293228727931406e-08,0.02442802615761574,1.4523148685130527e-06,2.9229478608464137e-05,0.0019330237233970596,0.00019204464607596334,0.0004381136774046671,2.0748638538437446e-06,0.0004405758559223851,6.414157159838085e-05,0.007235090623680645,0.0006127098122799302,2.3122154711193356e-05
69,1.5013538703294197e-07,2.2671049116033527e-05,3.1620956584389662e-06,0.0003939870079293673,0.0001387880115526218,0.8125578101318521,8.730343082388501e-07,1.0773609150724034e-05,6.960609417983878e-05,2.2589100233448607e-06,0.15645842169140425,1.020242254144161e-07,2.9491750657914392e-08,0.017347418562672953,3.2215872163120795e-06,3.744427337489235e-05,0.0008823196688205534,3.331698235542449e-05,0.0005142724972459643,1.952326566863501e-06,0.00020259128259538658,4.58017323997891e-05,0.01064783430195665,0.0006170136682735521,8.179829983582402e-06
70,2.128749655074332e-06,3.87110698417686e-05,1.2745937534875449e-05,0.0008569653911911404,0.00044039648607428457,0.8364110458616584,2.7611722783391905e-06,3.8766324245786146e-05,0.0002597043479762449,5.757342843678853e-06,0.0613718775772113,3.0130041606241003e-07,1.7603948157979535e-07,0.09117970384155417,1.3056919976699316e-05,0.0001471256783764573,0.005294236526002123,0.0005977620818298476,0.0001843597180531541,7.258896972431662e-06,0.00014489214471938798,9.4760476812508e-05,0.0026368496263017654,0.00012325890552045002,0.00013539758347253192
71,5.207451900295776e-07,4.052513619189542e-05,2.9764931177589234e-06,0.0003056774582903586,0.0002607981516484579,0.889636630653353,1.0264657406635432e-06,7.790981142464216e-06,0.00015039830003744912,3.383549678744748e-06,0.07090653646553557,1.2999034021307178e-07,6.932179158432241e-08,0.029506991504512962,5.442447130845273e-06,4.733713433561215e-05,0.0026700243869581457,0.00012197827304181071,0.0005386254123679235,2.907595520512667e-06,0.00021444549817475675,7.490285443855034e-05,0.005144742774312923,0.0003237661131630933,3.2372293984742747e-05
