,0,1,2,3,4,5,6,7,8,9,10,11,12,13,14,15,16,17,18,19,20,21,22,23,24
0,0.0004699460201547282,2.2115570564530332e-06,1.4841842216576768e-06,0.0005566116241737734,0.00046605488127029153,4.091982387832649e-07,3.0089005887331084e-06,1.5271331891082583e-05,0.0006356998699278398,0.00206807918105241,0.9838974819650541,3.713635740138567e-06,4.2438332216016385e-09,0.0024831612142281316,0.008688174359803963,4.191414854329364e-07,1.0721223040762356e-07,3.3836916672961967e-06,1.8292032001938468e-06,1.1374392710080658e-06,2.4093898837896163e-08,7.51259519547736e-07,5.773509545712813e-05,6.773118309962858e-09,0.0006432939229164821
1,0.0005888899139396886,2.353503247007467e-06,2.5825929385913057e-06,0.0005500782042969682,0.0006736796657267039,4.5756073195971203e-07,2.5475391350117428e-06,1.8217212234056737e-05,0.0010808555133063626,0.002917919180663672,0.9844357173784577,2.9657846038937373e-06,5.152213854940208e-09,0.0016399635742898875,0.007516498529246874,5.377105998418234e-07,1.0039101563268315e-07,2.215076614845848e-06,3.0687564740523666e-06,1.063769475372289e-06,2.1863113994231638e-08,7.142040289390196e-07,4.5557627673032335e-05,5.750779496672954e-09,0.0005139835451926922
2,0.00020604865171892906,1.2797121462200441e-06,8.27460430724323e-07,0.0001762888911199965,0.00034107427882566695,1.1852469300960441e-07,9.149995009026035e-07,7.69482607485277e-06,0.00040068766642514206,0.0011926365793686338,0.9860778468421445,2.0172798950144323e-06,1.5342250365314822e-09,0.0018320139177537072,0.009222654559564239,9.11927912682711e-08,3.531857691235229e-08,1.2050166995902674e-06,5.984317356590067e-07,7.392840941019952e-07,1.171033646076966e-08,2.526152669325095e-07,3.085628190624132e-05,1.939194244449025e-09,0.0005041024855118576
3,0.00044769899325506105,2.5326586864831817e-06,1.4941571745607448e-06,0.0004714949467361264,0.00047621675882404517,3.865827055415228e-07,3.0012875626015e-06,1.3693126735073354e-05,0.0005729946863297663,0.0018428155857305967,0.9827982103708826,3.873291907075988e-06,3.709078069117188e-09,0.002826334157663028,0.009728277485409036,3.6434777636932043e-07,1.0805877882319912e-07,3.237427021575083e-06,1.8195700971922351e-06,1.0579403272706613e-06,2.5063157357485614e-08,7.861785488907194e-07,5.8159098457583276e-05,7.074557059720483e-09,0.0007454074425981841
4,0.0005234634901863972,2.5779559090727243e-06,1.6495940550852092e-06,0.0004938192184311952,0.0005229284583064158,4.124270792718972e-07,3.275455635042855e-06,1.4695353320032197e-05,0.0005448185156911306,0.0020022193768285987,0.9822640023476569,4.010561989882571e-06,4.991716162158839e-09,0.0033522310231247814,0.009457403848749508,4.224314700216555e-07,1.2004926019507273e-07,3.7409369730625477e-06,2.202944161373396e-06,1.2222033229156042e-06,2.564131612264617e-08,7.546580716629971e-07,6.006043415457544e-05,8.810435419413164e-09,0.0007439292721552381
5,0.00043463571388648183,2.808663778263181e-06,1.1194049379187125e-06,0.0006250644714088596,0.00039536960396574175,4.446317965608463e-07,2.5835472642232786e-06,1.4202035219178165e-05,0.0005171506405192811,0.0016265170920392597,0.9834986864691255,3.391302905396079e-06,4.103596939726856e-09,0.0026165803370813805,0.009560127038843905,4.027972347825796e-07,1.0319672533119052e-07,4.983440087621126e-06,1.8367174009587142e-06,1.2062650565126056e-06,2.4167518902215907e-08,7.968872418195019e-07,6.252796274550802e-05,6.878401139226218e-09,0.0006294266312184848
6,0.00044769899325506105,2.5326586864831817e-06,1.4941571745607448e-06,0.0004714949467361264,0.00047621675882404517,3.865827055415228e-07,3.0012875626015e-06,1.3693126735073354e-05,0.0005729946863297663,0.0018428155857305967,0.9827982103708826,3.873291907075988e-06,3.709078069117188e-09,0.002826334157663028,0.009728277485409036,3.6434777636932043e-07,1.0805877882319912e-07,3.237427021575083e-06,1.8195700971922351e-06,1.0579403272706613e-06,2.5063157357485614e-08,7.861785488907194e-07,5.8159098457583276e-05,7.074557059720483e-09,0.0007454074425981841
7,0.0008484430330663601,9.800158130342352e-07,2.0098374324459536e-06,0.0004506001077746678,0.0005956988235464092,1.274411051739104e-07,3.444016852661206e-06,1.896275947514714e-05,0.00040718418153394456,0.0038048835923184024,0.9881737856763599,2.5578018451282096e-06,8.652890987899707e-09,0.0021070307662485067,0.0030300136844741304,2.424436587924325e-07,9.982721117306546e-08,1.019320740122154e-06,1.9223097367454986e-06,1.0347454325618648e-06,4.8407734570125815e-09,5.207539453122987e-07,1.2499711476332883e-05,5.3653639151682605e-09,0.000536920290924608
8,0.0006124471874881587,1.313831085291555e-06,3.3468512874931537e-06,0.00035932986445553713,0.0004754162025294071,1.8512140969755568e-07,3.3727299542191375e-06,9.890366854593443e-06,0.0003737507517060447,0.004205488295138957,0.9796963413671039,5.626519128636244e-06,4.571906143325315e-09,0.005756095568346533,0.007136885076541266,2.2442857915427483e-07,1.3421723355703802e-07,1.0396570197220922e-06,1.1927301291583907e-06,1.2555768379586431e-06,2.7896859196969183e-08,5.31325457425427e-07,6.826771901001716e-05,1.3174400076294633e-08,0.0012878189695381013
9,0.00036182623152177575,1.5419526456126709e-06,1.294849298089028e-06,0.0003001587760301969,0.0002933915092089099,1.5008144389256176e-07,1.6912618711196244e-06,7.240909449183594e-06,0.0003388670102902083,0.0025224116119724597,0.9818239002611354,3.403852073233011e-06,1.9379539936074166e-09,0.003788452132900551,0.00934030721090861,1.1312876919764764e-07,7.1435785687477e-08,1.0778446637039595e-06,7.396606043177009e-07,7.668601148125266e-07,1.802738241457178e-08,4.442102370201016e-07,6.21774631485144e-05,6.0971755521971535e-09,0.0011499456834156501
10,0.00044769899325506105,2.5326586864831817e-06,1.4941571745607448e-06,0.0004714949467361264,0.00047621675882404517,3.865827055415228e-07,3.0012875626015e-06,1.3693126735073354e-05,0.0005729946863297663,0.0018428155857305967,0.9827982103708826,3.873291907075988e-06,3.709078069117188e-09,0.002826334157663028,0.009728277485409036,3.6434777636932043e-07,1.0805877882319912e-07,3.237427021575083e-06,1.8195700971922351e-06,1.0579403272706613e-06,2.5063157357485614e-08,7.861785488907194e-07,5.8159098457583276e-05,7.074557059720483e-09,0.0007454074425981841
11,0.0005138501050212187,2.4294878557981146e-06,1.6714603452965969e-06,0.0005037469491201672,0.000494098956225176,4.1928930665011654e-07,3.375799412290661e-06,1.667617026990542e-05,0.0005991477282024727,0.0022393416263295518,0.9827201123386274,4.2532245156555665e-06,5.1176400089106825e-09,0.002883412913737175,0.0092447559832473,4.316668473856484e-07,1.2374355352681142e-07,3.5338215812752897e-06,2.1541778664189772e-06,1.1861603959741552e-06,2.4632199941295352e-08,8.408879170361094e-07,5.573285560703964e-05,8.494620659739633e-09,0.0007086664095547553
12,0.00031814537920179717,1.8863960701106788e-06,7.91475564903417e-07,0.000235367206010409,0.007540115499938881,9.064728096573014e-07,1.571449703682876e-05,7.028515417050182e-07,0.00047769848651870275,0.00060568861903318,0.8802062799647931,3.3600305316098967e-06,2.5201805202401447e-09,0.09172315301503799,0.00969305142388688,2.941663077726002e-07,1.6560147546385475e-07,2.8238457129899655e-05,7.138295066936213e-07,8.076428497789096e-06,1.5378528248156244e-07,8.516477851536969e-08,0.002207856910656066,4.119352818397543e-08,0.006931510624681067
13,0.0015186027163089867,1.898869645545995e-05,4.0694698092936865e-06,0.0018006061452796596,0.002122865263134091,5.3721039561623315e-06,1.7169850292510864e-05,4.2482056938584026e-05,0.0031208713718744695,0.006727483059106453,0.9585260113573294,8.070397245054136e-06,1.3471752421506418e-08,0.004261179580796288,0.018550121122911288,2.0901593866237447e-06,6.296449176512415e-07,1.4202226346552917e-05,1.9796771028283972e-05,2.146473169892018e-06,8.75799856697214e-08,6.134302518966348e-06,0.00020269759188136242,5.7477220888144886e-08,0.0030282511103538507
14,0.00033756415167747754,3.41983013189031e-06,1.3710158707526695e-06,0.00047114587153836195,0.0004930638263946444,3.687044546773019e-07,1.8283033246038273e-06,1.0967276518483651e-05,0.0004873944850457977,0.0013578073091892616,0.9853406600681942,2.339678409105179e-06,3.563330068688152e-09,0.001968232955383148,0.00895143891289336,3.2076812882138555e-07,7.379448605780469e-08,3.3869836860229887e-06,2.058651773603025e-06,1.0819400459658097e-06,1.884552000947876e-08,6.416318771950252e-07,4.482905126220377e-05,4.704858188821377e-09,0.0005199776760062108
15,0.00044769899325506105,2.5326586864831817e-06,1.4941571745607448e-06,0.0004714949467361264,0.00047621675882404517,3.865827055415228e-07,3.0012875626015e-06,1.3693126735073354e-05,0.0005729946863297663,0.0018428155857305967,0.9827982103708826,3.873291907075988e-06,3.709078069117188e-09,0.002826334157663028,0.009728277485409036,3.6434777636932043e-07,1.0805877882319912e-07,3.237427021575083e-06,1.8195700971922351e-06,1.0579403272706613e-06,2.5063157357485614e-08,7.861785488907194e-07,5.8159098457583276e-05,7.074557059720483e-09,0.0007454074425981841
16,0.000322628548102669,9.264061508897156e-07,1.5945020132098856e-06,0.00041005903302760924,0.00027608827083729434,2.7064740512167386e-07,3.1176379896465852e-06,1.2033088707310159e-05,0.00019597353599780346,0.0010571636589959694,0.9841490690629444,6.0047258059658985e-06,5.210489193352236e-09,0.0043609540823220435,0.008839178841398017,6.388609093143731e-07,9.736959803156418e-08,5.977302774094238e-06,9.68335173790667e-07,1.7405375989839615e-06,5.064282251110748e-08,4.027202319521273e-07,6.627256575930958e-05,8.00250441665195e-09,0.0002887764104405746
17,0.00048580381919797306,1.6675111994079611e-06,1.4454114911029194e-06,0.0004199237358930553,0.0004552560914242412,2.2164932101392075e-07,3.829409878898886e-06,1.1612318318528063e-05,0.0004388954287136264,0.001397760510076401,0.985066715657002,4.692843291518715e-06,3.3167975126006677e-09,0.0036797167569616964,0.007150878515233421,2.8511251822141877e-07,1.0721779759384207e-07,2.1877413700310833e-06,1.039936024786879e-06,9.511673980230218e-07,2.1578483544997282e-08,6.686371528272836e-07,4.805085557943215e-05,6.1641387921381704e-09,0.0008282586147364319
18,0.0007983180386783134,3.89175273291625e-06,8.520516833859293e-07,0.0003002963895001208,0.0005828952468106003,2.4363643363205615e-07,5.056073686906397e-06,6.553104717462301e-06,0.000571622081963923,0.0015787757390658547,0.9796324800322935,2.7618392300280056e-06,1.8235289588025501e-09,0.004645237971451462,0.008029700556455978,1.2130958331978695e-07,3.431058041641067e-07,2.6803317618255402e-06,1.9436982932442675e-06,6.591315146261842e-07,1.7461441014602112e-08,1.5265770287386149e-06,7.597857421255864e-05,1.0221267526607846e-08,0.0037580332508596313
19,0.0006108185690494196,1.805882529282248e-06,2.8408586723268554e-06,0.0007038371719832276,0.0006390176224455255,6.573961856885599e-07,8.116230556575443e-06,3.147197845862326e-05,0.000990123136514252,0.006102968765715342,0.9806491557277605,8.42322829110435e-06,8.532117826708737e-09,0.002155604191947327,0.007129967342258636,5.677263776947462e-07,1.7385823129781073e-07,2.1429957992220655e-06,2.04788428136577e-06,1.5468394882151091e-06,2.3684807552833425e-08,1.5799777514479457e-06,4.534658859239975e-05,1.264942093118101e-08,0.0009117411607641784
20,0.0001843554311787932,4.8995237969241745e-06,1.0526417838848588e-06,0.0004062407380061103,0.00016335640654852548,3.773894720700059e-07,1.321238740185908e-06,2.192099915409392e-05,0.00043899647747276134,0.00113740639106635,0.9716909052712119,5.986800287037485e-06,2.1060010525228735e-09,0.0015392657669018848,0.023839263894784257,2.713901010149442e-07,6.653108066616215e-08,3.3801305934970304e-06,1.123968546423375e-06,7.173014557557947e-07,3.577697481504631e-08,1.4954086944168974e-06,4.5180650722802774e-05,4.224786137162605e-09,0.0005123735406387396
21,0.0006167261702803815,5.313594900841467e-06,2.2264542474474544e-06,0.0005669269158489744,0.0009325527411413302,9.982599336554507e-07,6.340218866276551e-06,2.2666394342314807e-05,0.0012177928790964908,0.004081701280439879,0.9740704594461634,5.473317940622668e-06,5.667895990683479e-09,0.0030455921367317715,0.013681638069768331,5.090352663034652e-07,2.539621023122256e-07,4.620608181143152e-06,4.355190030525887e-06,1.2840387769417632e-06,3.7904825228612116e-08,2.021300879764886e-06,8.777001484669716e-05,1.7068631835406527e-08,0.001642717328861443
22,0.00023448118893582736,6.204282792479969e-07,9.532738533878406e-07,0.0003212740535023908,0.00019002875850032268,1.1652093832437586e-07,1.300459496603098e-06,6.677698090219655e-06,0.00020454415447790752,0.0011936350755300336,0.9921206915238571,1.7835169445241406e-06,2.355154382187198e-09,0.0013081657920033913,0.0041329131749632975,2.0188159715142424e-07,8.018793781567874e-08,2.2381683807700157e-06,6.094716907870216e-07,9.990037847934334e-07,1.6297058525297444e-08,3.2086331371693465e-07,3.3628497545946796e-05,2.573091808628746e-09,0.00024471508107212916
23,0.00044769899325506105,2.5326586864831817e-06,1.4941571745607448e-06,0.0004714949467361264,0.00047621675882404517,3.865827055415228e-07,3.0012875626015e-06,1.3693126735073354e-05,0.0005729946863297663,0.0018428155857305967,0.9827982103708826,3.873291907075988e-06,3.709078069117188e-09,0.002826334157663028,0.009728277485409036,3.6434777636932043e-07,1.0805877882319912e-07,3.237427021575083e-06,1.8195700971922351e-06,1.0579403272706613e-06,2.5063157357485614e-08,7.861785488907194e-07,5.8159098457583276e-05,7.074557059720483e-09,0.0007454074425981841
24,0.00040392466323070045,2.3128083718806653e-06,1.2267793104928194e-06,0.0005621983191455086,0.00045225446223335177,2.4923313059664947e-07,1.9526252948772045e-06,1.0366633905969637e-05,0.00039027149746119396,0.0013281190818227203,0.987513555392831,2.9205055126018986e-06,3.6789917693783934e-09,0.002503931199841413,0.006190633289094764,2.6359879089838216e-07,7.406589118434207e-08,2.5560541197379792e-06,1.2608991024349137e-06,1.1489346743821126e-06,1.4968101536617522e-08,5.622686511143535e-07,3.876592927494867e-05,4.370048471398409e-09,0.0005914287411666346
25,0.0010689960534601098,4.892178177105689e-05,5.008770123948743e-06,0.0013084902180447123,0.002196109378835379,8.139072426031196e-06,7.86794864796674e-06,2.924439013677074e-05,0.003964641818674486,0.004928520006481042,0.9325507571818893,7.237257167529601e-06,7.567044378747495e-09,0.004840287904741251,0.04463140198391109,2.0074811904563305e-06,5.198664720120384e-07,1.7878571538932196e-05,3.1134875842292535e-05,1.872883619100559e-06,2.0393775195415517e-07,6.066921184725519e-06,0.00044237733287250076,6.051502749654427e-08,0.003902246281145649
26,0.0010471105603779957,3.642849627223808e-06,1.652843480264452e-06,0.0006626037985262046,0.001118113609136056,1.1751435646466892e-06,6.13744713173954e-06,1.5582725275305492e-05,0.001845253984439993,0.0043259693330559516,0.9761615875080045,2.9125326964579705e-06,6.783642645082613e-09,0.0033398384190406736,0.00973562536794219,6.213841372114621e-07,3.0218227106414687e-07,8.908175968648593e-06,5.61274550615032e-06,1.5201595669046015e-06,3.966495010629102e-08,1.1234144595721622e-06,0.00017479465209118685,1.9221654152306758e-08,0.0015398454934534977
27,0.00038161671675954894,4.880437734777114e-06,9.927245045311394e-07,0.00048394056951626507,0.000360100152650964,3.8903131909181695e-07,2.1711926504993855e-06,1.6570843656088717e-05,0.0008810454222382388,0.0016376302164664615,0.9805012849238747,3.2196529580496193e-06,2.0900570631230686e-09,0.0016885780230902986,0.012962506082909006,2.293348578957732e-07,8.146162268103384e-08,2.1790629246709045e-06,1.8347142921850953e-06,5.91207061012007e-07,1.46478561155038e-08,1.303732293848741e-06,4.181789712284593e-05,4.24888799952302e-09,0.0010270156126948574
28,0.00044769899325506105,2.5326586864831817e-06,1.4941571745607448e-06,0.0004714949467361264,0.00047621675882404517,3.865827055415228e-07,3.0012875626015e-06,1.3693126735073354e-05,0.0005729946863297663,0.0018428155857305967,0.9827982103708826,3.873291907075988e-06,3.709078069117188e-09,0.002826334157663028,0.009728277485409036,3.6434777636932043e-07,1.0805877882319912e-07,3.237427021575083e-06,1.8195700971922351e-06,1.0579403272706613e-06,2.5063157357485614e-08,7.861785488907194e-07,5.8159098457583276e-05,7.074557059720483e-09,0.0007454074425981841
29,0.00044769899325506105,2.5326586864831817e-06,1.4941571745607448e-06,0.0004714949467361264,0.00047621675882404517,3.865827055415228e-07,3.0012875626015e-06,1.3693126735073354e-05,0.0005729946863297663,0.0018428155857305967,0.9827982103708826,3.873291907075988e-06,3.709078069117188e-09,0.002826334157663028,0.009728277485409036,3.6434777636932043e-07,1.0805877882319912e-07,3.237427021575083e-06,1.8195700971922351e-06,1.0579403272706613e-06,2.5063157357485614e-08,7.861785488907194e-07,5.8159098457583276e-05,7.074557059720483e-09,0.0007454074425981841
30,0.00044769899325506105,2.5326586864831817e-06,1.4941571745607448e-06,0.0004714949467361264,0.00047621675882404517,3.865827055415228e-07,3.0012875626015e-06,1.3693126735073354e-05,0.0005729946863297663,0.0018428155857305967,0.9827982103708826,3.873291907075988e-06,3.709078069117188e-09,0.002826334157663028,0.009728277485409036,3.6434777636932043e-07,1.0805877882319912e-07,3.237427021575083e-06,1.8195700971922351e-06,1.0579403272706613e-06,2.5063157357485614e-08,7.861785488907194e-07,5.8159098457583276e-05,7.074557059720483e-09,0.0007454074425981841
31,0.0006554515307668988,2.380187952566303e-06,2.477419769537958e-06,0.0004523338809440833,0.00038312353680728707,2.5800026134385583e-07,2.2722919246359415e-06,3.191613940403682e-05,0.0004695250937901887,0.001634576220202599,0.983406714785284,5.647886790565918e-06,7.993975349785095e-09,0.0026859604272594564,0.009843007560696677,5.784891241715373e-07,1.1542403922242847e-07,3.6943248648052017e-06,2.770201091755615e-06,9.919118219935374e-07,2.5438902817468363e-08,8.510078368567813e-07,2.818829811005106e-05,6.943892309498035e-09,0.00038712500448684155
32,0.0005363846114232583,3.470222750364966e-06,1.734351098790294e-06,0.0005124449110091833,0.0005418253445412965,4.7113963643428933e-07,2.9446897946657992e-06,1.5320644254606846e-05,0.0006395726591136892,0.00200029629243919,0.9815801482055697,3.7536169914910435e-06,4.639353366604532e-09,0.0028934882844964794,0.010412478918459594,4.3543158318508003e-07,1.2758485584179097e-07,3.946097337295141e-06,2.7903009450289e-06,1.1097601675420172e-06,2.6539583580561697e-08,9.310940252567973e-07,6.0757888622394365e-05,8.653634414804068e-09,0.0007855281183134994
33,0.000674619102634886,3.9374052905586954e-06,2.0564183589674863e-06,0.0006719197939441041,0.0006197537587567677,6.394748419522648e-07,4.442680731077552e-06,1.949230374488996e-05,0.0006606431949838637,0.002405999142173419,0.9797787744518223,5.196839308088596e-06,6.613301546398826e-09,0.0036128429752993823,0.010551640489362014,6.488529701843079e-07,1.9194987022928382e-07,5.401908394350808e-06,3.6645886425827554e-06,1.3552720200464122e-06,3.390944886636036e-08,1.3346078857607711e-06,7.059975715984014e-05,1.3683453715591352e-08,0.0009047908256005878
34,0.0016921498894343948,9.334033124333465e-07,1.2921424523757166e-06,0.0002346729131093074,0.0007046382439316748,6.018680853902542e-08,1.2850468365603096e-06,7.11690780079939e-06,0.0003413443597079844,0.0009148969320046599,0.9885477594548299,1.0310223666529993e-06,4.468857228303881e-09,0.00402001710035951,0.003114768845966662,1.9763839957196742e-07,7.80962658322194e-08,1.8507343388298057e-06,2.677027641040672e-06,5.645411201073645e-07,6.126345647659287e-09,1.6219120798604305e-07,1.888235961384135e-05,3.15480308110232e-09,0.00039360721248545954
35,0.0011249916773704446,9.047891968591342e-06,1.009822162836919e-06,0.0008579395050006197,0.0006412779662794689,5.029171331419665e-07,2.814741287439139e-06,7.645433366205264e-05,0.004014576499126407,0.0018481784259584439,0.9787679175872988,3.3077074823288706e-06,4.094766106622839e-09,0.0007412419850003036,0.010801331448053876,4.080961453294558e-07,1.2843079574369817e-07,2.782203645431978e-06,5.410707039276194e-06,3.6961841852797096e-07,7.188510264087844e-09,3.4516624760399687e-06,1.6589645092507566e-05,2.7222765175142516e-09,0.001080253123049656
36,0.00045530258412673563,1.9170623903676517e-06,1.0632178520894876e-06,0.00038523110256527337,0.000226945216857383,2.3144581755814595e-07,6.579826102267375e-06,2.856111659747982e-05,0.0004101230167799436,0.0011551543621278876,0.9819812198098842,1.3072739136594636e-05,3.608616473225282e-09,0.003565169719409519,0.010772475956457403,3.791435677226101e-07,2.034469329321658e-07,3.484117680459622e-06,1.0582869439908022e-06,7.324144158073969e-07,2.2005469119303388e-08,2.209031507844039e-06,3.1996121763481435e-05,7.57330011984007e-09,0.0009568570736974704
37,0.0012775131679617394,1.5366386433853283e-06,2.5116027462660427e-06,0.0004877147452889195,0.0007154037296856499,3.429854441095655e-07,8.7760712877502e-06,8.52484205049179e-06,0.00023946571255146636,0.0017698105653597646,0.9685631485214607,6.892129353054322e-06,9.147664713990547e-09,0.017920140784666232,0.007721146967916875,7.711752618569236e-07,2.8152528090254234e-07,7.320089386265156e-06,2.519311062834244e-06,1.989739804421585e-06,6.21962298378237e-08,5.310178489216043e-07,0.00014566076163467597,3.550081483262331e-08,0.0011178910705945235
38,0.00045923051486851174,3.240495938065226e-06,2.0180709904838644e-06,0.000623122446189672,0.000452088222733914,1.1726101406191548e-06,5.976491453385786e-06,2.035501089552237e-05,0.0006527951909368122,0.002305362010633373,0.9732819331079046,7.223904388980304e-06,6.773073315891217e-09,0.003658808178336903,0.017743879716160833,1.1304075163455456e-06,1.5926207991714738e-07,9.188761042601106e-06,3.269845209079408e-06,1.5454059765560809e-06,7.481476229679899e-08,1.2244181173410488e-06,0.00013600672438346612,1.8148073057215158e-08,0.0006301694681944854
39,0.0005740850226100015,1.2943466718237574e-05,8.88417043415505e-06,0.001290461616447783,0.000884008533948084,4.2311426387560564e-06,6.613111939211403e-06,7.776004541241732e-05,0.0017360969247372298,0.003327069036459469,0.9558803831238729,2.3778628000413623e-05,1.4056629021449909e-08,0.002695464671413258,0.03238583340144277,3.8223776576056215e-06,5.069867149274921e-07,1.5195562019264326e-05,1.070495837346337e-05,2.727535685953422e-06,4.0178157002384437e-07,5.875637796912185e-06,0.0001731770448989828,3.22730723159686e-08,0.00087992888950683
40,0.0005944035777992331,2.079225536606483e-06,2.291137706611437e-06,0.0001529773737733589,0.000802793817772385,8.572239610901437e-08,2.3782914850952744e-06,5.71237485358898e-06,0.0002351194034362805,0.0006691511364052004,0.9807583604948068,4.563945246631767e-06,2.704630461356173e-09,0.008144560838267945,0.007562603444497506,1.4252319746016387e-07,7.737508175254119e-08,1.0792868918282932e-06,1.1351225451921321e-06,7.147049881836572e-07,1.9371033332094715e-08,3.5270326730029644e-07,3.234825751592597e-05,5.24990319049984e-09,0.001027041916961944
41,0.00029414121617091075,2.774342382695983e-06,1.0171668220920504e-06,0.0004539256499772732,0.0005454997660167592,2.346012124094501e-07,8.055095467607456e-07,1.2881426763057673e-05,0.0006738817112167253,0.0010182994492113657,0.9875219667243289,1.29739999227096e-06,3.0477383070557505e-09,0.0013791797303498604,0.007798393040741225,2.706430777143788e-07,2.790155735860373e-08,2.4869727260302603e-06,1.7261158515134077e-06,8.587156375805502e-07,8.835886480434807e-09,2.8194667951275095e-07,2.4448985307244534e-05,1.7856640699947583e-09,0.0002655873151417577
42,0.0005937223002308038,2.6350815156676036e-05,6.399857956673843e-06,0.0020305585516773427,0.0005377731668058109,2.283995429773486e-06,2.9310754263355493e-06,0.00012642898969854007,0.0023980125936571743,0.0025660778740350426,0.9691623891422407,1.2449143229902823e-05,9.503678545886326e-09,0.0007812343520962555,0.021053767345103117,2.684584540517138e-06,3.2254347811709986e-07,6.259090826729013e-06,1.4581867859432984e-05,1.0880331178163316e-06,7.729404242341688e-08,1.2166786141133756e-05,3.763461638199845e-05,9.647751030347597e-09,0.0006247868294381939
43,0.0006285324461986479,4.495730536682841e-06,5.94234463064492e-06,0.0012704132269170875,0.0009797665774695108,3.280907579061422e-06,7.0413206089445544e-06,5.8091352738909374e-05,0.0018514407568803806,0.011351712235955182,0.9645478431245682,9.755730834577894e-06,1.5969447931399483e-08,0.0015798289303216666,0.01684227073430558,1.918798193858809e-06,4.600280968806087e-07,8.690423308653546e-06,7.459426619262538e-06,3.2853701956774425e-06,1.813443487263526e-07,3.2402392892643412e-06,0.00014858207083862603,3.041085897663856e-08,0.0006857204992569596
44,0.00044769899325506105,2.5326586864831817e-06,1.4941571745607448e-06,0.0004714949467361264,0.00047621675882404517,3.865827055415228e-07,3.0012875626015e-06,1.3693126735073354e-05,0.0005729946863297663,0.0018428155857305967,0.9827982103708826,3.873291907075988e-06,3.709078069117188e-09,0.002826334157663028,0.009728277485409036,3.6434777636932043e-07,1.0805877882319912e-07,3.237427021575083e-06,1.8195700971922351e-06,1.0579403272706613e-06,2.5063157357485614e-08,7.861785488907194e-07,5.8159098457583276e-05,7.074557059720483e-09,0.0007454074425981841
45,0.0005357410950115044,2.7245758913199888e-06,2.066617322532545e-06,0.0006365673120585788,0.0004540007952510236,8.454607174802734e-07,7.93957293003474e-06,6.700581485323819e-05,0.0008840833744541621,0.003739467417655245,0.9737022816383095,9.415822970075842e-06,1.1051554264637667e-08,0.0025887135349439584,0.016839491809999246,1.1615261122286073e-06,1.520562812665085e-07,6.628447122923302e-06,3.5443371006169695e-06,1.364158337208365e-06,3.2303002338996206e-08,1.8554921269606627e-06,4.096569846914444e-05,1.5140926955340853e-08,0.0004739249465982375
46,0.0019456276154002257,2.2036710440883525e-06,4.105311140495522e-06,0.0019992737106160102,0.0004836524453726129,1.1039866578166375e-06,1.0782512393128033e-05,3.997594086973317e-05,0.000678244481527792,0.007570954876893617,0.9805309431224208,1.4450717671537675e-05,1.862709139619382e-08,0.0019890825366433392,0.003515665603523972,1.319543001247112e-06,1.6517898298819113e-06,4.935018145938077e-06,4.8160738343165516e-06,2.1872414343568966e-06,6.996731802558158e-08,6.509025643846915e-06,6.479886768238094e-05,2.9564646528911992e-08,0.0011275977491968137
47,0.0026875776614897766,3.877608298085424e-06,5.135128977235964e-06,0.0017371502054459589,0.0006234401088046201,9.82757075186439e-07,1.1719800092000955e-05,5.145601945687323e-05,0.000849254781745535,0.004786275950625534,0.97728590387193,1.3734610668367887e-05,2.1752748493615933e-08,0.003985046627280253,0.006952166007419621,2.351566223220574e-06,6.216196555968412e-07,6.15812510023904e-06,8.973021120047463e-06,1.4484127433665073e-06,5.482920980701934e-08,4.133840952603684e-06,6.291267663928155e-05,3.566222721752896e-08,0.0009195673540708183
48,0.0015771844024958796,7.968930479257203e-06,3.5153697288277135e-06,0.0010145603559961127,0.0010182802696746926,1.8862375756709537e-06,9.550380495989478e-06,4.460401134983118e-05,0.0013019644709893145,0.007368400265151755,0.9680649160175894,7.92481961532067e-06,1.6722361806996133e-08,0.004112587512974979,0.013633312171264067,1.3434920534293388e-06,6.962777731347193e-07,1.0497393660635449e-05,1.5023936841896713e-05,1.8010767731578894e-06,5.3805731595561844e-08,4.216600107423759e-06,9.974910432157512e-05,4.906822655935601e-08,0.001699897306767881
49,0.00039878151681761964,5.118073855778559e-06,2.8526689246951605e-06,0.0007558894292316074,0.0005271558438723873,8.946400435031903e-07,4.0767397426962575e-06,2.8207459322413803e-05,0.0009399618408551455,0.002798968169258351,0.978900970177132,8.671720866953107e-06,5.3672922387122916e-09,0.0018044313268695464,0.012876959092879465,6.229431423687898e-07,1.6604601834250372e-07,3.3727853179809553e-06,2.6527233940200086e-06,1.4081493513441892e-06,4.6079946764276236e-08,2.440170735682835e-06,5.906368981140077e-05,9.565823997206118e-09,0.0008772737794934284
50,0.0002471850619648256,8.716744243468194e-06,1.6523528741969244e-06,0.0005802575560317231,0.0004676748526170732,7.545360535151532e-07,1.4552404765599626e-06,1.2761675543979294e-05,0.0008441600217915553,0.0009910511312837215,0.9751760767201648,3.81228982445941e-06,2.2496210137991393e-09,0.0017918111440723972,0.019024113040374064,4.4191529366430094e-07,9.11212385082576e-08,4.987121934546614e-06,2.4255554418305465e-06,1.0071766444495679e-06,5.706313742141109e-08,1.2844560379059418e-06,9.664466390433597e-05,4.976265057109726e-09,0.000741571333165025
51,0.00026262896348717296,5.26784446869441e-06,9.462451904429265e-07,0.0006091705948370578,0.00023490935104897195,3.0661889750013547e-07,1.2233454661042649e-06,1.549313129954077e-05,0.0005135601631262017,0.0009734156908051282,0.9824593667524201,3.1300729480717073e-06,2.0053365288227686e-09,0.0014263434050967793,0.012875190762071298,2.392532337392545e-07,5.547892657730774e-08,2.4191104463500675e-06,1.2871458537793981e-06,6.455786660458523e-07,1.7326192528195016e-08,1.1099433421084628e-06,3.5468110451011706e-05,2.869360290482034e-09,0.0005778002370278275
52,0.0005149521344319813,3.5369788268461925e-06,1.996611386741106e-06,0.0004688103007663696,0.0005968251462356557,3.529602399397671e-07,4.194460005978218e-06,1.0679493714529558e-05,0.0005876218355426738,0.0013302353234015201,0.9819517991741961,4.640979621635366e-06,3.085917446900542e-09,0.0038488902134396516,0.009338237040458526,3.8237694515535516e-07,1.6469992621510305e-07,2.7966188989882945e-06,1.8784979826025182e-06,9.068185986469812e-07,3.5225122378606163e-08,1.0648556629103595e-06,7.509600353196269e-05,8.579943972446705e-09,0.0012548905852014767
53,0.00017073555867969762,3.325370809049945e-07,8.018006751447511e-07,0.0002815769480082648,0.0003044849713982939,1.659032488736575e-07,5.626450942946341e-06,4.742719756433427e-06,0.00026110822820516144,0.0011344007548409448,0.9880150884262328,4.150124755453382e-06,1.9027090557935065e-09,0.0037318304102332733,0.005466920559374014,2.245692641335844e-07,5.7726423320290444e-08,2.3693123286949467e-06,2.0315749670396532e-07,1.4433357479150232e-06,2.865646034662332e-08,2.106123067963613e-07,9.67043521803408e-05,4.471253673407135e-09,0.000516786510396841
54,0.000415403177938864,1.217930029809696e-06,1.7900207883916196e-06,0.000472728524642982,0.0004886146499522827,3.7417043112452655e-07,2.821532806192264e-06,1.3423963697883602e-05,0.0004857425402497088,0.002273731262259945,0.9863867897851066,3.860579256734889e-06,5.4997301018537635e-09,0.00237488764989063,0.006591126586438151,4.6181360429432926e-07,1.1755536911900484e-07,3.857855341179486e-06,1.5713830716991776e-06,1.5788293259006156e-06,3.0334507729537095e-08,5.262859401405756e-07,5.932768233048804e-05,6.88983556426206e-09,0.000420003497454589
55,0.0005627591992218923,1.7779032941088959e-06,2.131286071801481e-06,0.0005544553695601451,0.000710345473041349,6.90404696850392e-07,1.1146110208879794e-05,4.2700398294234265e-05,0.0009693681672376332,0.0020207973319216616,0.9761905159823988,2.4357095045089028e-05,1.0593406368380223e-08,0.005765453676797804,0.012192293025798575,1.097061794822596e-06,1.3612448409913982e-07,6.660918304428163e-06,1.58866785311985e-06,2.0091669575297607e-06,3.941488931103005e-08,1.2675539678379857e-06,6.517520572532217e-05,1.3955232066573996e-08,0.0008732099137962151
56,0.0004974188227805092,2.4934458376008685e-06,1.6369457450119777e-06,0.0005215212688512597,0.0004980762971777903,4.3391542992991766e-07,3.308416832054819e-06,1.6317894229762426e-05,0.0006014106279846306,0.002137099162519974,0.9827029792738833,4.209454066435362e-06,4.934574724206304e-09,0.002855082154226719,0.009382323994323054,4.313237010641946e-07,1.194052797262697e-07,3.623594172230315e-06,2.0837044943163554e-06,1.2142242505884052e-06,2.563731895068437e-08,8.284783864248195e-07,5.7623239239914724e-05,8.196176798761462e-09,0.0007097255885172755
57,0.0005016180695926307,2.7092742194643467e-06,6.851389670362923e-06,0.00047992513202067946,0.00099446565448385,6.219431611060926e-07,5.032575215516846e-06,2.6596895198639437e-05,0.0008445777789338787,0.0035854450892821976,0.9809288222110968,1.0898601719319893e-05,9.755533518623541e-09,0.002708933700016741,0.009119481489751202,8.247068837966445e-07,2.0530615159120305e-07,2.4417695064190308e-06,3.0645818721601843e-06,2.135966492388832e-06,5.993919280408429e-08,1.3662478341469926e-06,5.269159947039653e-05,1.2691900847701933e-08,0.0007212076307995492
58,0.000651880602099934,3.328610033440813e-06,2.190913350385783e-06,0.0005802138161311893,0.000674854445215684,7.060645919616035e-07,4.994310174024508e-06,1.9634491361871152e-05,0.0007213684418521873,0.0031844246616884344,0.9773499557325243,5.933539398945023e-06,7.140557704756016e-09,0.004047018224215485,0.011648551643737652,6.021486897248665e-07,1.9176943902554813e-07,5.326841568599e-06,3.3182563461671902e-06,1.5573325043605413e-06,3.9425112984690293e-08,1.1983564008684822e-06,8.658867516203764e-05,1.676547866489435e-08,0.0010060977923643081
59,0.0005763317463785702,2.9630009257410527e-06,2.4692121470724134e-06,0.0005483388477516969,0.0006551148707139803,5.915073384557757e-07,4.548575369945083e-06,1.8166316211135945e-05,0.0006568847821134936,0.0028076438439360385,0.9795191507848557,5.936754401052738e-06,6.596003071879664e-09,0.003699573020524691,0.010523932441454276,5.740428090015219e-07,1.761306269061779e-07,4.3774263035440146e-06,2.7878057012286142e-06,1.55727317537379e-06,4.045529050952013e-08,1.0902567774783817e-06,7.723079342459633e-05,1.3877752297028255e-08,0.0008904996380142227
60,0.00044769899325506105,2.5326586864831817e-06,1.4941571745607448e-06,0.0004714949467361264,0.00047621675882404517,3.865827055415228e-07,3.0012875626015e-06,1.3693126735073354e-05,0.0005729946863297663,0.0018428155857305967,0.9827982103708826,3.873291907075988e-06,3.709078069117188e-09,0.002826334157663028,0.009728277485409036,3.6434777636932043e-07,1.0805877882319912e-07,3.237427021575083e-06,1.8195700971922351e-06,1.0579403272706613e-06,2.5063157357485614e-08,7.861785488907194e-07,5.8159098457583276e-05,7.074557059720483e-09,0.0007454074425981841
61,0.0005597750670695412,2.88375667027981e-06,2.275233658150094e-06,0.00048507745389631847,0.0006340441271921999,5.254936448506408e-07,4.132686270628602e-06,1.600697280991405e-05,0.0006551929707328478,0.002513827549185601,0.9799433417228068,5.311417101879859e-06,5.515749670964608e-09,0.003624204119718842,0.010560479566761804,4.963758300258419e-07,1.5798467397661213e-07,3.856027849111717e-06,2.582340928715966e-06,1.355458641807971e-06,3.709824262439404e-08,9.770293298383686e-07,7.531207105923264e-05,1.205222120255713e-08,0.0009081299079542033
62,0.00044769899325506105,2.5326586864831817e-06,1.4941571745607448e-06,0.0004714949467361264,0.00047621675882404517,3.865827055415228e-07,3.0012875626015e-06,1.3693126735073354e-05,0.0005729946863297663,0.0018428155857305967,0.9827982103708826,3.873291907075988e-06,3.709078069117188e-09,0.002826334157663028,0.009728277485409036,3.6434777636932043e-07,1.0805877882319912e-07,3.237427021575083e-06,1.8195700971922351e-06,1.0579403272706613e-06,2.5063157357485614e-08,7.861785488907194e-07,5.8159098457583276e-05,7.074557059720483e-09,0.0007454074425981841
63,0.00043431230469966937,4.054429088317616e-06,1.3970841979528715e-06,0.0004940533386331889,0.0004714357161359963,4.451308172892054e-07,2.5614677549940276e-06,1.4035572538756605e-05,0.0006639970042742839,0.0016296478192404536,0.981089809963495,3.410859211842788e-06,3.310747278663682e-09,0.002503215614404756,0.011770829037734696,3.441625032465062e-07,1.0506407003099099e-07,3.5049622446615824e-06,2.2114119715457476e-06,9.384206621518453e-07,2.506469006486116e-08,9.67980406830399e-07,6.0332740338269454e-05,6.683004427383321e-09,0.0008483548571339006
64,0.0004199256143064485,2.851591672639803e-06,2.430426059183081e-06,0.0004990415153537737,0.0005218015203635689,5.204743004365104e-07,3.2959555261596506e-06,1.4211485628573665e-05,0.0005996175585588479,0.0019447378852608238,0.9806072855800791,5.6762909689217265e-06,4.270568420796328e-09,0.00299395957555531,0.011522205151953244,5.035530011198515e-07,1.4807358202278013e-07,3.5872628647732165e-06,1.905396208654597e-06,1.3633597301454108e-06,5.769606850470005e-08,9.602954648387322e-07,8.813883337646213e-05,9.404409378077241e-09,0.000765761229138532
65,0.000456662909193421,1.835513925791806e-06,1.3515482681728268e-06,0.0004274546107535545,0.00042570452136893777,2.948923443148139e-07,2.722747813351452e-06,1.3890310593795895e-05,0.0005259145979059741,0.0019115642646552855,0.9851131992080273,3.3956387503280147e-06,3.632278843167856e-09,0.0024498158488325526,0.008024461000249325,3.1769775894474885e-07,9.124440226840381e-08,2.536806718328982e-06,1.5935382508511029e-06,9.198847839115092e-07,1.7574001334824126e-08,6.489422898975892e-07,4.2102585583754045e-05,5.620383878651069e-09,0.0005934948608657398
66,0.0008922440685024811,9.60029171492812e-07,3.441523188450436e-06,0.0005294695371891162,0.0012688123809256441,3.8268545101180034e-07,6.5828854305934795e-06,1.4380498744953954e-05,0.0006499910394338654,0.0038494173376824774,0.9852673571330601,3.68506764293764e-06,1.1525035001085473e-08,0.0033222207546296316,0.0035793899759318615,6.251633440635883e-07,1.7298485949867898e-07,2.642083239306822e-06,2.56868407148463e-06,2.1273784106229216e-06,2.246754690514981e-08,4.670701462550481e-07,4.682216927590303e-05,1.109867059908163e-08,0.0005561944584156852
67,0.0002486654602846203,1.8299368686946446e-05,2.028221344339276e-06,0.0009780238107541489,0.00041506787278024573,3.844365267298318e-06,6.715157773501742e-06,1.0730448732062939e-05,0.0007336903361750408,0.001655330072368819,0.942468972178755,1.2034220780262492e-05,3.242011410477468e-09,0.006437402872523871,0.04180738075504966,8.680550550436726e-07,4.4816289337276837e-07,2.0727394441431737e-05,3.261539416438225e-06,2.756513375253349e-06,3.6624334763247754e-07,4.042633463743972e-06,0.0008438983807118786,4.357192702906299e-08,0.004325399122081038
68,0.00010117220303924962,2.6767422276883973e-06,2.0982729778315327e-06,0.0004941160821235604,0.0004701140005981772,3.4361048272504412e-06,1.0499753699740574e-05,5.1372381681387446e-05,0.0006195031829644124,0.002995124973190899,0.9424055604972613,4.630846700112877e-05,5.947527980420482e-09,0.003335807798462401,0.04840475469649847,8.93972347744154e-07,1.7798295268930284e-07,1.6511192229130805e-05,8.048752215392264e-07,4.938780640557952e-06,3.8966362535922766e-07,2.5049840948699336e-06,0.00018828358175368643,2.123466535234723e-08,0.0008429226283874749
69,0.0005799616467876952,3.062279002126912e-06,1.909951203694347e-06,0.0005338974063857688,0.000592958713900221,4.793346181291987e-07,3.900552797788444e-06,1.6240250540272933e-05,0.0006434684079522846,0.0021863532117768346,0.98068680760781,4.624606769366312e-06,4.881304401655144e-09,0.0035242705842652216,0.010280913853244204,4.856864896681139e-07,1.3700579639416507e-07,3.6862169018591703e-06,2.5834685604327413e-06,1.158147791453959e-06,2.8886897567036697e-08,9.541995063650566e-07,6.373601594665663e-05,1.0192547196193136e-08,0.0008683668912040649
70,0.0004384911806184574,2.502150717713025e-06,1.4913824704911529e-06,0.00047611512413323276,0.0004713192342374372,3.87428015234463e-07,2.9761154414275905e-06,1.3690065478764459e-05,0.000575654897697474,0.0018376621066638979,0.9829453688564945,3.864826883059255e-06,3.677319210537086e-09,0.0027663604058149353,0.009666795409949348,3.6502453603739085e-07,1.0524243360504203e-07,3.1912234457260303e-06,1.777438627440464e-06,1.0613209118916932e-06,2.4915390292153e-08,7.775149927579333e-07,5.782756775293638e-05,6.90354331286159e-09,0.0007321799864308362
71,0.0013083871972756136,4.968920163706444e-07,1.8581496085618264e-06,0.0005544197125233997,0.0015461231360282606,5.784185307768118e-07,4.450026904618291e-05,2.3837149907644355e-05,0.0011984950691418562,0.009614405914387744,0.9745567389125623,6.657742242975643e-06,1.2461325227711686e-08,0.0056944003686957324,0.003840667238920393,5.75698416693217e-07,3.03370954686502e-07,2.8033638843722807e-06,1.5736328897725288e-06,2.150821702429627e-06,1.6522406569816012e-08,7.849889836261538e-07,6.462920311417738e-05,2.6245807037623996e-08,0.001535557519627703
