,0,1,2,3,4,5,6,7,8,9,10,11,12,13,14,15,16,17,18,19,20,21,22,23,24
0,2.0947278626231494e-05,0.003036969339726717,0.000965641173978876,2.8879175043251043e-06,8.094659381099116e-05,1.961308508240195e-07,4.329130625662271e-06,0.00027462706387423175,3.899464867987687e-06,4.692923534980333e-05,0.01960052967868344,0.0001806845520449343,1.8951019097194115e-07,0.8973237986162576,0.00014965758726343602,1.598411861049082e-05,0.03595056912773067,5.485178989335782e-05,7.122443766447649e-06,4.6921516469405636e-07,0.009854368988837922,3.7148743858948614e-06,0.00019252039055850587,5.928315387855219e-07,0.032227572945857305
1,1.5298204940994657e-05,0.002284660304576448,0.0013159273390129676,2.9277787056931875e-06,6.925604323686613e-05,2.4930588934789995e-07,5.041484459897585e-06,0.0002516879138668875,6.555006845569879e-06,8.4570533373752e-05,0.011685121044382516,0.00012348295694120093,2.1971490195752937e-07,0.9176061865154541,0.0001464646265033628,2.4886557317698246e-05,0.022125890901810732,7.054395959173727e-05,9.832698708210349e-06,7.52458884557224e-07,0.010889504190352102,2.7118880097419245e-06,0.0002236439776876808,8.737673548036419e-07,0.03305371082719134
2,7.2743740254439955e-06,0.0016470613226658743,0.0005163781708999835,1.3101817131835967e-06,5.746989587276271e-05,1.0039028221635452e-07,1.9342683530095314e-06,0.00014744337864190446,3.465568444754856e-06,3.488511337862334e-05,0.010268517299304131,9.489206966282527e-05,7.93423738822523e-08,0.9406111481335535,0.00012061829488562155,7.688966423082863e-06,0.013090095000000553,2.3450397839069615e-05,3.0456629137945427e-06,3.7644479736305636e-07,0.004716048681168626,2.136114918555242e-06,9.842313293320862e-05,3.4400944246379083e-07,0.02854581378550537
3,1.999875323882563e-05,0.0029106655039469044,0.0009238431897129392,2.746597903381537e-06,7.743036353344556e-05,1.9860913748586874e-07,4.192474584157988e-06,0.00026767530934809487,4.0389150359402625e-06,4.756590400306052e-05,0.01907233985678397,0.00017000492136451777,1.8334414827562408e-07,0.9017861768838185,0.00014945368925119298,1.5219206306467133e-05,0.03293977097145448,5.382810907817827e-05,7.051710884037828e-06,4.6577218573734123e-07,0.009524291143212097,3.7145119528792354e-06,0.00018820368290098553,5.717367614542334e-07,0.03183036883945316
4,1.6204545513062042e-05,0.0026381406910173165,0.0008369937752295947,2.190550995414582e-06,6.51665562330061e-05,1.2430251960966827e-07,3.572458544802251e-06,0.0002189783296542788,3.3275586256100575e-06,3.899063972925106e-05,0.015449085614736336,0.00014169698955360265,1.9142847574980605e-07,0.9209312521410246,0.00010124383010919451,1.105079661569765e-05,0.02546345896393241,4.7942675972530124e-05,5.627732701548868e-06,4.4339800509353835e-07,0.009333644802762445,3.218947476376378e-06,0.00013859855655977917,5.062314228665709e-07,0.02454834848258993
5,1.9461685344432557e-05,0.00238189505308924,0.001020810906239747,3.7749861728060206e-06,8.831235860153081e-05,1.9925240804185514e-07,3.923110193898139e-06,0.0002537540248852661,3.893219588331171e-06,5.509336698120732e-05,0.016596977533197266,0.00012280708195895192,1.9924098720106353e-07,0.9173061713804915,0.00010135701228578174,1.3719784983895924e-05,0.030074913131168415,9.79506624707441e-05,7.1524996879088045e-06,6.13237414466653e-07,0.01123806669140297,2.527569368242707e-06,0.0002692624290153347,6.768987382138345e-07,0.02033648688332474
6,1.999875323882563e-05,0.0029106655039469044,0.0009238431897129392,2.746597903381537e-06,7.743036353344556e-05,1.9860913748586874e-07,4.192474584157988e-06,0.00026767530934809487,4.0389150359402625e-06,4.756590400306052e-05,0.01907233985678397,0.00017000492136451777,1.8334414827562408e-07,0.9017861768838185,0.00014945368925119298,1.5219206306467133e-05,0.03293977097145448,5.382810907817827e-05,7.051710884037828e-06,4.6577218573734123e-07,0.009524291143212097,3.7145119528792354e-06,0.00018820368290098553,5.717367614542334e-07,0.03183036883945316
7,0.0001569069938579666,0.005607263093527445,0.0025105808633071724,4.429945671089849e-06,8.250532586050013e-05,2.541558491645377e-07,1.0598317147831662e-05,0.0008681339636729477,3.771968991717303e-06,5.591398163498547e-05,0.08023795330483297,0.00031883052392567605,1.521711286057297e-06,0.8193897183571204,0.00020275951601368987,1.8370484369683196e-05,0.04869088777678382,0.000148211394899053,1.7056186330984815e-05,7.677196065038548e-07,0.01997174399355581,1.5137840650842153e-05,0.00010994616122514158,5.446276818950125e-07,0.021576191792196605
8,1.830249068689873e-05,0.002178587456546265,0.0019180999912812862,2.3454062768610445e-06,5.436113352387535e-05,1.0905481970566652e-07,7.76761651776679e-07,9.151647587023828e-05,3.208095505155877e-06,6.561195605125033e-05,0.006563666878065344,0.00010849253893798501,8.663220080417757e-08,0.907137220274444,9.062679120556737e-05,1.4551187294337842e-05,0.032788118311895154,2.2382647850696334e-05,1.318699638600999e-06,4.6962413406502286e-07,0.003053169814596778,1.2149085065038268e-06,0.00025521608744210716,1.3286768552750366e-06,0.04562921810471962
9,3.559050653522983e-06,0.0015375184100361186,0.001059291959566326,1.2623108631274548e-06,2.179177210616037e-05,5.194256931421471e-08,3.939121868409308e-07,6.476967780209462e-05,2.294455638840711e-06,9.053788650779429e-05,0.0022461611733008585,3.589546055729032e-05,4.9926807736682444e-08,0.955465737706251,4.492898226567832e-05,1.1222392933881193e-05,0.01213704872261734,1.6146078953640844e-05,1.149038741052518e-06,5.105666561465026e-07,0.0023537941780166992,6.059415328604363e-07,0.00012314961573601038,6.870001566124423e-07,0.024781441837542873
10,1.999875323882563e-05,0.0029106655039469044,0.0009238431897129392,2.746597903381537e-06,7.743036353344556e-05,1.9860913748586874e-07,4.192474584157988e-06,0.00026767530934809487,4.0389150359402625e-06,4.756590400306052e-05,0.01907233985678397,0.00017000492136451777,1.8334414827562408e-07,0.9017861768838185,0.00014945368925119298,1.5219206306467133e-05,0.03293977097145448,5.382810907817827e-05,7.051710884037828e-06,4.6577218573734123e-07,0.009524291143212097,3.7145119528792354e-06,0.00018820368290098553,5.717367614542334e-07,0.03183036883945316
11,2.22251611157231e-05,0.003037615069624148,0.0009738085258131958,2.9099524205969468e-06,8.188078566955723e-05,1.7893446549498874e-07,4.684383833570432e-06,0.0002671434718592765,4.051111053325448e-06,4.419820823569521e-05,0.01992441846485943,0.0001868251234409771,2.3657447974048425e-07,0.9008527351542386,0.0001440186311341779,1.5426120568598865e-05,0.033118350162052376,5.6480326589650365e-05,7.468933196196663e-06,5.175523564835577e-07,0.010387986438702345,4.0886934468172314e-06,0.00017810918940376472,6.61166270543565e-07,0.030683981865169598
12,6.517652998701163e-06,0.0009168784523930916,0.0007502485876371321,7.49022195859056e-07,0.00016985872427701954,6.520489725308478e-08,1.1803629504120807e-06,3.0205659791233374e-05,2.7138692353854397e-06,1.4547464991462203e-05,0.010655460970851946,5.523977503427788e-05,4.8794214199765166e-08,0.9403016320984754,3.326048287904835e-05,1.7256075537793768e-06,0.016215525725024257,1.533187581095083e-05,6.467192083242598e-07,3.44925354884424e-07,0.005221488339924165,7.602109149538228e-07,0.0001618430397178264,7.739562233089067e-07,0.02544295247744518
13,1.4089136705210674e-05,0.0019772690239415244,0.0004444295035502842,9.390288090786699e-07,5.36163456450499e-05,5.890374264572378e-08,2.3369739205221637e-06,0.000248468803526415,1.975132489653207e-06,1.4705600999850187e-05,0.026738093006261694,0.00019675779098894715,1.1404302209545967e-07,0.9187333578717349,0.00011105932516485755,5.400669853832545e-06,0.017893123337709014,2.156955239809187e-05,2.9361569819168544e-06,2.2573246421934277e-07,0.0057992159083507895,4.230025931763122e-06,4.7490198742981844e-05,2.0144794344990782e-07,0.02768833647912128
14,1.6915720283657263e-05,0.003891353610174909,0.0007310919613568212,2.972806611110431e-06,0.00010445501688767332,1.3995594935979388e-07,3.7681316364130048e-06,0.00023359100369505645,2.966913426533318e-06,4.489024224724379e-05,0.02352356819295391,0.00012253261107377005,2.197799508738272e-07,0.9036076526166017,9.806579873051295e-05,9.437926201825254e-06,0.033433343797789776,6.661594464558517e-05,9.171608836051342e-06,4.237805384286857e-07,0.014445287690734469,3.64679209356198e-06,0.00015809811020512223,5.097328903336368e-07,0.019489280254485212
15,1.999875323882563e-05,0.0029106655039469044,0.0009238431897129392,2.746597903381537e-06,7.743036353344556e-05,1.9860913748586874e-07,4.192474584157988e-06,0.00026767530934809487,4.0389150359402625e-06,4.756590400306052e-05,0.01907233985678397,0.00017000492136451777,1.8334414827562408e-07,0.9017861768838185,0.00014945368925119298,1.5219206306467133e-05,0.03293977097145448,5.382810907817827e-05,7.051710884037828e-06,4.6577218573734123e-07,0.009524291143212097,3.7145119528792354e-06,0.00018820368290098553,5.717367614542334e-07,0.03183036883945316
16,1.9801821917300037e-05,0.0027902233541317613,0.0006784266887368518,2.135787683674552e-06,6.482699332469221e-05,1.5565415201536337e-07,4.04520295465292e-06,0.00030643159991319325,3.314688087254599e-06,3.5250496624148146e-05,0.0221573930629179,0.0002073633139798252,1.642037253578267e-07,0.9029426423433747,0.000161891497358355,1.321671035470539e-05,0.029848765076324543,4.6208746654338437e-05,6.7721122395831245e-06,3.5509735780757147e-07,0.008415491208539778,4.620399188497646e-06,0.00012776106017762097,3.840431750166285e-07,0.03216235883710632
17,1.83464817579292e-05,0.0019657930799438475,0.0007766434670026256,1.366729874642352e-06,9.547817449440173e-05,9.031210528134237e-08,4.166914896470299e-06,0.0001636995107030351,2.888606884951361e-06,1.747563756984194e-05,0.019305242221938582,0.00017150181231969668,1.5893613273404967e-07,0.9158167050486713,5.018958606043529e-05,5.95899021070881e-06,0.027312409474562538,4.4292623844732155e-05,3.1468472871126365e-06,3.1579866659834983e-07,0.01220932355517451,2.6004051489874377e-06,0.00013988603672171376,5.322850359018078e-07,0.02189178746299145
18,5.1279074036418624e-06,0.0015342672853783398,0.0005385851108394262,5.69669393477267e-07,3.157625610363812e-05,7.074044946690906e-08,2.5583669440330304e-06,8.730612231770315e-05,2.4100937763726677e-06,2.2408047922430187e-05,0.00750593952764872,0.00014999114062005657,6.320959460175933e-08,0.8974124784650532,9.331427110504421e-05,1.4332002037188797e-05,0.023002211426048857,1.6145957154318744e-05,3.3595489281069305e-06,2.8772758734335585e-07,0.00712205843991089,1.7233758916808203e-06,0.00011368120096918929,5.256249799045828e-07,0.062339008481942376
19,1.2740835685952223e-05,0.004116836673200206,0.0007305435152981014,5.765560907286896e-06,0.00010688053698520876,3.5398021755066596e-07,4.518148220507103e-06,0.0002746005651594257,6.913411377260414e-06,8.307727706865082e-05,0.01201097119430745,0.00020416337655310273,1.8865923949912831e-07,0.9142629052892645,0.00024444788070266706,2.0126357856226873e-05,0.028235410933792428,3.699305994018957e-05,7.396731937126046e-06,6.42434397666584e-07,0.004818953133639262,4.999135804780676e-06,0.00018705938782667922,6.483948249782276e-07,0.03462286352579331
20,1.0989261716198487e-05,0.002968104389294454,0.0003965366435613258,1.8396894968963954e-06,4.571747762802478e-05,1.2195916874820073e-07,2.685754861975086e-06,0.0002660843637539384,3.4522717169344458e-06,4.160079593165144e-05,0.016396639629098188,9.69649327344491e-05,1.8140166093699945e-07,0.9389638307629954,0.0001590299571267994,6.798099638036668e-06,0.014841548314814918,2.8535350774842936e-05,6.721547493574508e-06,3.711628697560415e-07,0.006211270117271875,6.654083055837531e-06,6.616707519017213e-05,2.2935531236560967e-07,0.01947792560283281
21,1.9929527360087197e-05,0.003099563205896723,0.0008801133739567235,2.9693030033534072e-06,8.374588033283342e-05,2.3682797040215672e-07,4.526333672285492e-06,0.0002784975220460467,4.507334297852258e-06,5.166593220257431e-05,0.020321338735154716,0.00016816448888158788,1.859675768176171e-07,0.8979954195983078,0.00017718903609924118,1.5555220985454697e-05,0.03350842730272103,5.291453115162532e-05,8.063795594815093e-06,4.787697988433526e-07,0.009595745523190103,4.1704708448527e-06,0.00019970717855741072,5.718729841789569e-07,0.03352631226741283
22,3.851123344997552e-05,0.0026533596922449034,0.0017179872285936987,2.5531139943863973e-06,5.795955363565944e-05,1.6773673753978944e-07,2.4318738517612443e-06,0.0004056890526886984,1.5029689147452418e-06,5.873342644505258e-05,0.02378536889265583,0.00010332900477929182,1.9781168780141713e-07,0.8684599931873699,6.153019230377252e-05,1.1786812307741491e-05,0.0712212608155977,0.00011672658382796557,5.368216321181564e-06,4.4135138437726435e-07,0.016560101829192375,3.1894136950460508e-06,0.00022962036258880367,3.348566880784038e-07,0.014501854789043995
23,1.999875323882563e-05,0.0029106655039469044,0.0009238431897129392,2.746597903381537e-06,7.743036353344556e-05,1.9860913748586874e-07,4.192474584157988e-06,0.00026767530934809487,4.0389150359402625e-06,4.756590400306052e-05,0.01907233985678397,0.00017000492136451777,1.8334414827562408e-07,0.9017861768838185,0.00014945368925119298,1.5219206306467133e-05,0.03293977097145448,5.382810907817827e-05,7.051710884037828e-06,4.6577218573734123e-07,0.009524291143212097,3.7145119528792354e-06,0.00018820368290098553,5.717367614542334e-07,0.03183036883945316
24,1.0236924017018519e-05,0.004287009099101009,0.0005283491257687608,4.9621476033149915e-06,6.254264845575738e-05,1.3609600596822583e-07,3.0801527889140434e-06,0.00026487650729392593,2.9168040584712462e-06,6.131104465693228e-05,0.011666905318817507,0.0001097451273373939,1.4923359560341186e-07,0.9232693311333773,0.0001313513422238327,1.3334876181830599e-05,0.03192148360282329,5.9435026250401615e-05,1.0660818359204464e-05,3.7314201262843493e-07,0.008499040470138917,3.128151168345988e-06,0.00018310102032076083,4.085729536979275e-07,0.018906131614689285
25,2.2095318432320755e-05,0.00887831004053128,0.0015345353550601383,5.863277331866294e-06,5.3269416597303313e-05,6.977358908246131e-07,3.0616155266509328e-06,9.870255916281112e-05,1.2145481385239162e-05,0.00025941443704698234,0.007391810756648487,0.00014072122225502925,2.2926817280606638e-07,0.7932878632124359,0.0008802231946408291,6.584701489804735e-05,0.05913219695082901,2.2095742184418592e-05,1.7728214265814198e-05,6.49100698827133e-07,0.004918027239822584,5.951270097124385e-06,0.0004587991347463147,2.238380988237763e-06,0.12280752406035085
26,2.9821309876988274e-05,0.0014646423965573186,0.002652716023709055,3.6170195185752664e-06,0.00012683674761736145,2.1390305740402294e-07,2.5585036498492197e-06,9.902293411806773e-05,6.623951446884264e-06,6.11957521865357e-05,0.009215171141639037,7.97976894851968e-05,1.6493766004983116e-07,0.9243020413536631,4.2214830019129693e-05,1.178408624490207e-05,0.029060072096629825,0.00012285114600967017,2.5286519068106913e-06,8.420255873141961e-07,0.010510050006193117,8.175100130825363e-07,0.0007746628093747229,2.57205828310771e-06,0.02142718111555287
27,1.917517219725059e-05,0.003236113529248866,0.0005614313796329513,3.30556106795513e-06,8.63238512322255e-05,3.9266499731962004e-07,4.588035528860607e-06,0.000331736029481495,1.0177218122031322e-05,6.314495851527108e-05,0.019996180249767438,0.00020130667116046092,1.7912113796515418e-07,0.9068966183335956,0.000346896300685917,1.5232054768992978e-05,0.017715374806332344,3.6875251166039486e-05,9.487149699496598e-06,4.848375562455381e-07,0.005011158006176095,8.349867661679657e-06,0.00015324142767651457,5.982803630207158e-07,0.045291629242228085
28,1.999875323882563e-05,0.0029106655039469044,0.0009238431897129392,2.746597903381537e-06,7.743036353344556e-05,1.9860913748586874e-07,4.192474584157988e-06,0.00026767530934809487,4.0389150359402625e-06,4.756590400306052e-05,0.01907233985678397,0.00017000492136451777,1.8334414827562408e-07,0.9017861768838185,0.00014945368925119298,1.5219206306467133e-05,0.03293977097145448,5.382810907817827e-05,7.051710884037828e-06,4.6577218573734123e-07,0.009524291143212097,3.7145119528792354e-06,0.00018820368290098553,5.717367614542334e-07,0.03183036883945316
29,1.999875323882563e-05,0.0029106655039469044,0.0009238431897129392,2.746597903381537e-06,7.743036353344556e-05,1.9860913748586874e-07,4.192474584157988e-06,0.00026767530934809487,4.0389150359402625e-06,4.756590400306052e-05,0.01907233985678397,0.00017000492136451777,1.8334414827562408e-07,0.9017861768838185,0.00014945368925119298,1.5219206306467133e-05,0.03293977097145448,5.382810907817827e-05,7.051710884037828e-06,4.6577218573734123e-07,0.009524291143212097,3.7145119528792354e-06,0.00018820368290098553,5.717367614542334e-07,0.03183036883945316
30,1.999875323882563e-05,0.0029106655039469044,0.0009238431897129392,2.746597903381537e-06,7.743036353344556e-05,1.9860913748586874e-07,4.192474584157988e-06,0.00026767530934809487,4.0389150359402625e-06,4.756590400306052e-05,0.01907233985678397,0.00017000492136451777,1.8334414827562408e-07,0.9017861768838185,0.00014945368925119298,1.5219206306467133e-05,0.03293977097145448,5.382810907817827e-05,7.051710884037828e-06,4.6577218573734123e-07,0.009524291143212097,3.7145119528792354e-06,0.00018820368290098553,5.717367614542334e-07,0.03183036883945316
31,3.815507857519837e-05,0.003392103685822639,0.0020087618776762064,2.5694506337495506e-06,4.299748296657567e-05,1.4934158692539217e-07,3.6112177663291224e-06,0.0004952355172873936,2.387598195328296e-06,5.8754693971514735e-05,0.01673950837571961,0.0001737617618352969,2.2638894080910093e-07,0.8899801374628136,7.384708557773366e-05,2.2544583949127568e-05,0.04995825345679987,9.060928668323173e-05,5.396528103985737e-06,4.5452201332000377e-07,0.01228290615024824,3.1008312606572246e-06,0.00018975205217189978,4.959616943247753e-07,0.024434279607706243
32,2.069733209808554e-05,0.0033238052613278253,0.000916511360448251,3.4790110988156693e-06,8.609355359830215e-05,2.4724855107659346e-07,5.370790142180227e-06,0.00029650427206806085,4.6319085082617065e-06,5.62119654346543e-05,0.020751912763284766,0.00017732923413360538,2.220005938919656e-07,0.8894962617521033,0.00020405515619402058,1.9478589410396245e-05,0.037610984166713136,6.232246034558715e-05,1.1364179548858615e-05,5.378349267934846e-07,0.01174229276005193,4.464108602567214e-06,0.00022684337568969792,6.723549592033059e-07,0.0349777065601666
33,8.546553532965175e-05,0.00878765021126098,0.0009677935459419458,7.405378721174593e-06,8.943573455104244e-05,1.042607902399014e-07,1.4376093618217483e-05,0.0009731432627637814,1.2847882726003985e-06,1.6973459085000096e-05,0.06656998336783758,0.0011229394251268338,9.273739691864311e-07,0.6986859442636429,0.00010076909834228643,3.237621028005605e-05,0.17584114686986188,0.0001434439007783972,1.846273494191435e-05,3.4562861835092773e-07,0.02484750369862121,1.2933277648330145e-05,0.00013352199355745812,6.393398813582391e-07,0.0215454305465578
34,1.9844276213384984e-05,0.002910410900734382,0.0009208493765635569,2.7393122820273893e-06,7.71916509892189e-05,1.9826745613187305e-07,4.1767941631437725e-06,0.00026698050371694554,4.030165599696686e-06,4.7585010510060927e-05,0.018977224463676067,0.0001697534731415295,1.8241931714520506e-07,0.9019471729219329,0.00014910103167626898,1.521375315662112e-05,0.03290325272258576,5.3555470696263865e-05,7.024187437759894e-06,4.6532380004735974e-07,0.00948851578907249,3.7045460626245634e-06,0.0001878543249495109,5.703929993317623e-07,0.031842402921267166
35,0.0003003009425956222,0.00585978935143573,0.0027040268574088965,8.293362125700642e-06,5.107924615692655e-05,1.0637760228129366e-06,1.3994984280252179e-05,0.0023532683664104193,1.0763566211146247e-05,0.00014767567900132828,0.05151291554728444,0.0007690907912912551,9.23453991346192e-07,0.8033992259863629,0.00020166066438644678,0.00010307890685506219,0.07913137518781646,0.0006080309670143868,3.7266091925445885e-05,6.510382008555802e-07,0.01621528530509857,2.228382448362848e-05,0.00035817519847135666,1.1650592574954965e-06,0.03618861584591148
36,1.5881620277097324e-05,0.0035099921690793655,0.0006515267987003476,2.857990496751329e-06,2.2026214016986755e-05,1.625973202393718e-07,2.8502032134665135e-06,0.0004785976215822063,3.1838945571409253e-06,7.254456966462057e-05,0.009207190140328846,0.00016614836776379172,1.6106584877685023e-07,0.9297033274742545,0.0001422349994777331,2.2045227184193986e-05,0.02906714445638715,5.04080547591396e-05,7.095859616505455e-06,3.5875811566184117e-07,0.004443620327450409,5.786033830798637e-06,0.00010090332291359969,2.2099797224731619e-07,0.022323731235187983
37,3.807720370638024e-05,0.001618645372853823,0.0019932586624216656,1.4896741327797335e-06,9.553791263902763e-05,7.601895494176275e-08,4.3092022250720055e-06,0.00012233928407812946,3.5406761467126036e-06,2.2582625328812286e-05,0.016170979717280178,0.00018386948977592538,2.8918853427182493e-07,0.9156566914800647,3.28487667348419e-05,9.043299181284865e-06,0.026426329832134998,8.499574220708249e-05,2.764232324743269e-06,4.844241457670283e-07,0.014748514755821396,1.6171619831822055e-06,0.00019016941734935323,1.3608154903747052e-06,0.022590185044484772
38,0.00010362855479384265,0.005069422423325346,0.0032346987257055237,1.380517944197672e-05,0.00010064882629967212,2.156137441509301e-06,3.8054211793101264e-05,0.0010662704328432782,1.0817438224593823e-05,0.00020116378982680988,0.03818547475810114,0.0003970494162440451,1.0828546051982667e-06,0.7254130605401978,0.0007368663715461288,0.00018145907621387687,0.12725467405849372,0.00040848558077617687,8.853790057475943e-05,1.8568158773818938e-06,0.0392722288403979,1.086666560814692e-05,0.0011245793340020143,1.9911110074658466e-06,0.057081120956658744
39,5.6137687612986543e-05,0.0032232822521936475,0.0019482985380632684,3.8184887804095755e-06,7.95274438239894e-05,6.813065628891713e-07,1.802771472439306e-05,0.0015605290767748143,3.819235177603627e-06,5.774271889755095e-05,0.04451456178785219,0.0006525550786961943,3.8972749591148416e-07,0.752536299994448,0.00021070520773339827,8.112925241908534e-05,0.11323186480592524,0.00013526387260185522,1.81851875475569e-05,7.425295159026751e-07,0.027771476706840402,9.832767019856924e-06,0.000323396601498896,7.226436861691913e-07,0.05356100937410788
40,1.1107232020302548e-05,0.0027319494694348963,0.0007939895600900472,5.057617159002392e-06,7.69155050478326e-05,2.328430865263137e-07,4.656688745812348e-06,0.00026522340953924337,4.755226463369363e-06,8.925264593523613e-05,0.01234976804973072,8.998893741600957e-05,1.6376718814232235e-07,0.913444805404066,0.00013430399189341103,2.3358108250291627e-05,0.03160607392878589,0.00012314417869993592,1.6619542840156013e-05,6.54705219914814e-07,0.014607589168857314,1.995489290289995e-06,0.00042199115565047935,8.864450241913952e-07,0.023195516929564963
41,3.308736047627021e-05,0.003355740959428683,0.0010975064370567545,8.400007910894734e-06,0.00022365052400739836,6.985240347507106e-07,5.156879681755961e-06,0.0004027200122384477,1.0837824284108007e-05,8.707179876012946e-05,0.030885926224240863,0.00025821916830515385,1.6246295092600084e-07,0.8683744318413904,0.0006735996567535328,2.1992168243409346e-05,0.03469947033132037,5.312689750034476e-05,9.562142524818003e-06,6.38681073659423e-07,0.00496576976477005,5.277864324049617e-06,0.00033121199567673245,8.197593125605879e-07,0.05449492071373408
42,4.084839197925066e-05,0.009330718920144261,0.0009017065165326938,6.4666097441120945e-06,8.752817270669331e-05,6.784330700188438e-07,1.0045045299349532e-05,0.0009893172524124048,6.944280851894007e-06,0.00010999675436104021,0.040717642827040886,0.0004088200270847008,6.313318036840308e-07,0.8019326241303243,0.0007069476136705628,5.5271283073462416e-05,0.0776327802792641,5.091294981507264e-05,3.502731941199678e-05,7.852741246707233e-07,0.0112546210778174,3.471167476956585e-05,0.0001378848478945048,6.066280912638936e-07,0.055546482358712256
43,1.3431732981226518e-05,0.002765812330874499,0.00097525797380429,4.284638522165312e-06,7.313557545870269e-05,8.687921058647262e-07,3.9071562347323115e-06,0.0004979993385045231,7.699268012764084e-06,0.00023304260724048436,0.014828514683062859,5.997668360734136e-05,1.858062870893206e-07,0.9157181510805575,0.000320213870410514,2.3579278226335985e-05,0.025018206025105162,7.333481528331032e-05,1.7673876809750973e-05,9.645879350743255e-07,0.0121349462758477,6.2880352466489915e-06,0.00029794802264492676,4.802322369710101e-07,0.026924097312999516
44,1.999875323882563e-05,0.0029106655039469044,0.0009238431897129392,2.746597903381537e-06,7.743036353344556e-05,1.9860913748586874e-07,4.192474584157988e-06,0.00026767530934809487,4.0389150359402625e-06,4.756590400306052e-05,0.01907233985678397,0.00017000492136451777,1.8334414827562408e-07,0.9017861768838185,0.00014945368925119298,1.5219206306467133e-05,0.03293977097145448,5.382810907817827e-05,7.051710884037828e-06,4.6577218573734123e-07,0.009524291143212097,3.7145119528792354e-06,0.00018820368290098553,5.717367614542334e-07,0.03183036883945316
45,4.910942330598214e-05,0.0057254512134723755,0.0010882931517628095,3.346515859023086e-05,0.0004356012734272318,2.8250621410397526e-06,5.445217860880742e-05,0.0011908986557106454,3.505912908773236e-05,0.00013814962065276064,0.05660813898971404,0.0006878425556288685,8.7564610581149e-07,0.7916690255867259,0.003447268178206687,0.0001011032254377496,0.04334150021315997,0.0001249472912137333,8.656676641641925e-05,2.08045770930224e-06,0.011115965831303119,2.0057585095571132e-05,0.0005366097060735836,1.7789841208020066e-06,0.08350293411632888
46,0.0001193180323675764,0.011623599583123088,0.0011546261775122744,7.945541768634486e-06,8.167069319278438e-05,3.802658874722446e-07,6.672168877505981e-06,0.0006522577190406499,1.026971445863928e-06,2.8740777602255755e-05,0.050209290168645206,0.0011634343453642787,4.1114648981860615e-07,0.32392866439889506,0.0003753633496584367,5.99466213681171e-05,0.5508241292185679,3.4547392234235705e-05,1.1429169037719449e-05,2.5828823395965854e-07,0.0077469074937636774,1.9348912120278468e-05,0.00021954563822544504,5.602874663485063e-07,0.05172992563911119
47,9.557930902404042e-05,0.015187928877563763,0.001174418143189077,2.9788222331807207e-06,5.199509595366303e-05,2.308896991004742e-07,9.321383897470902e-06,0.0006305543368052629,5.037729666212411e-06,4.64431064789046e-05,0.03809852065752953,0.0012133869504493315,7.834023191941738e-07,0.7699524070348158,0.0002929117218283505,5.2832865783191415e-05,0.08625021865470497,3.7897250565293774e-05,1.1978259481784554e-05,4.177948693356463e-07,0.006403516243916147,2.992921108828255e-05,7.637009837295551e-05,8.616867851235195e-07,0.08037348047298008
48,1.904834305899644e-05,0.0017533226031748355,0.000956344773419971,2.0085501910266824e-06,8.954334074174842e-05,1.843615746558348e-07,4.127222988765323e-06,0.0002148477557784422,5.053735148132907e-06,3.641207992986324e-05,0.02027609781921367,0.00015788881774139867,1.6981008540120113e-07,0.914911492520467,0.0001296048231569293,1.157206702021361e-05,0.019855013432895315,5.268420075678106e-05,5.053798635693894e-06,5.129341765672789e-07,0.008994516859638035,2.841031803121802e-06,0.00017107776546036732,6.572254035988599e-07,0.03234992412753952
49,2.8451772966632327e-05,0.0028448995716230875,0.0013905455632553469,2.666494390403403e-06,8.150947847265644e-05,3.1278855650260107e-07,4.512432675535394e-06,0.00034472391914911756,4.374123506849752e-06,4.878517901551464e-05,0.021464419179816122,0.00026042311886767094,2.088521941164248e-07,0.8943959248347918,0.00011054830965181283,1.674549208858708e-05,0.03788288829336335,5.674413833592236e-05,4.023542863283965e-06,5.777595015481567e-07,0.008079669550986655,4.179206234417875e-06,0.00019684252523233811,6.03671666318118e-07,0.032775420200794304
50,9.242997226176526e-06,0.0026723968243754772,0.0006326935842545327,1.6349681601835933e-06,4.012277697694185e-05,1.380826794300105e-07,4.361368428455793e-06,0.0002949819132402749,3.919826651870927e-06,6.330096975765919e-05,0.010251435282735939,0.00010179833361492813,1.721150995117676e-07,0.9392421283754321,0.00011179293467733794,1.1185497839107592e-05,0.015324266571616483,3.544711349560754e-05,8.519355859196385e-06,3.6191020741429557e-07,0.008780552120534134,4.083017455773343e-06,8.136058269602084e-05,2.5856006016067306e-07,0.022323844916925333
51,1.3970089926745056e-05,0.004682769730555422,0.0005638527886635399,3.0568068205369726e-06,4.9344028538620225e-05,1.1575787353185469e-07,2.3524302151937073e-06,0.00030338214486962816,2.8113710842559996e-06,4.9081129240048235e-05,0.014681819041515552,0.000148691379876803,1.5941849236752923e-07,0.9279320998407257,0.00013570149369237488,1.0444040441037775e-05,0.02421365192637887,3.5424604451172185e-05,5.897222116573171e-06,3.167371302852865e-07,0.005222947596317974,4.624017278532999e-06,8.780255276495147e-05,2.786189150232952e-07,0.021849405232115048
52,2.2805909095652618e-05,0.002647465236737008,0.000989660414384455,4.5186702839313885e-06,5.4782196828349075e-05,3.1358147972448395e-07,3.146250570761297e-06,0.00039810667905529785,4.945749199780989e-06,0.00011709929687883698,0.016641176809355566,0.00010375907868924037,2.2153479762562559e-07,0.9216031112561043,0.00021233553526281095,2.1979332914826255e-05,0.02630309016381993,0.00011225663404973596,1.2255697295731345e-05,7.158839321497428e-07,0.008074681950568591,4.332553354005522e-06,0.0002273771446367724,5.100236290662358e-07,0.022439352417075814
53,1.7544039008226774e-05,0.001783591191299781,0.00064545767479862,2.0817376059843843e-06,8.608351424277989e-05,3.565200746658413e-07,1.876873655066622e-05,0.00033899601435173745,7.5340789360709376e-06,2.053871625931338e-05,0.023954660860192677,0.00045469535964514436,1.6004950678784135e-07,0.8778068702363018,0.0002103285323078004,2.0883445916856706e-05,0.0260474804169698,5.5424973752025204e-05,7.677757826500156e-06,4.602089300688443e-07,0.010246281364703881,3.5544654405576797e-06,0.0002780040365667567,6.047383141394044e-07,0.05799196133049711
54,0.00015579754526675904,0.0028989178340189975,0.002503964704799486,1.3733061537020199e-05,0.0002804051017004039,9.289445282868947e-07,1.6273242314215315e-05,0.0008559137353742791,4.9896122317728325e-06,6.509117502857883e-05,0.09787315293621476,0.00014686885395369511,9.535584105946514e-07,0.7095550925043289,0.00013087530550327518,1.554926021829158e-05,0.10329168825756715,0.000653458951910592,3.13592457428125e-05,1.0126724414226524e-06,0.06996485355647382,7.110116845795196e-06,0.0009922133678686859,1.1534852072942443e-06,0.010538642970513096
55,3.800945027159829e-05,0.0021280892704594605,0.0009800806053011958,3.950290458148961e-06,0.00025527940781433874,2.896987352698412e-07,2.6068368498514396e-05,0.00022140324145387112,1.5659191353641307e-05,1.3302062903036613e-05,0.03338847541414608,0.001479407343905267,2.983746267965057e-07,0.8489859986487476,0.00014501133056714162,2.3668616154706095e-05,0.023295042705685137,7.95657554703985e-05,6.847589280965517e-06,4.6342245124476473e-07,0.009156498288020449,3.0781195735085416e-06,0.00030894270814316513,2.901708013612325e-06,0.07944166838796485
56,2.133674989072891e-05,0.003033008189737551,0.0009387343475436912,2.7803938398105808e-06,7.761956500665795e-05,1.920824034774746e-07,4.4932459356891705e-06,0.00027065064078676587,4.042538833033466e-06,4.5607938750950136e-05,0.01965441585478748,0.0001821100794937139,2.076174576540005e-07,0.9007682746428853,0.00014632074423559855,1.5204529625752048e-05,0.03324875887793302,5.499225147514992e-05,7.268493694832199e-06,4.814458430413668e-07,0.009896463674208482,3.9858929062256535e-06,0.00018297864694826228,6.009564039730812e-07,0.03143947059937283
57,1.885133427596244e-05,0.005361849510377653,0.0009566245813596297,2.777163001660485e-06,6.942075965621363e-05,1.386530639724756e-07,8.04338772574732e-06,0.0003230477114421793,3.525937996228889e-06,4.8025773915238395e-05,0.021606364201738334,0.0002520840081484958,4.2063575502839894e-07,0.8650145187806092,0.00017067022976147768,2.820422740377577e-05,0.045894951598068785,5.2997849569149705e-05,2.0490913527564144e-05,5.223480658913096e-07,0.020465335267480813,6.446547272641401e-06,0.00012874452265967143,7.825284160961634e-07,0.03956516152870881
58,1.8958672815367625e-05,0.002908189406496966,0.0010063435622680997,2.936531027621649e-06,0.00010737929621747491,2.041066327683319e-07,5.076933544945648e-06,0.00019183973351511463,5.429735179780533e-06,4.602741215094298e-05,0.018310041676912664,0.0001840158995428801,2.3093673902273132e-07,0.8961161565782324,0.0001523104019252391,1.7121713979818492e-05,0.030833437671872955,5.3704849006135976e-05,7.876089918210333e-06,6.266224984815023e-07,0.01130194248181048,3.348380505263459e-06,0.0002383905239911816,1.124946952811786e-06,0.03848728583626341
59,1.6208802884115262e-05,0.0025293100103397632,0.0010967092379650187,2.2979670428244938e-06,8.754749708180724e-05,1.6877007323170287e-07,3.6590349966033356e-06,0.0001782150693398295,4.2557362967260116e-06,4.756603099867119e-05,0.014942714033091721,0.00014404797753712765,1.8134869063229213e-07,0.9065682289698195,0.0001103383962613832,1.5214464726751099e-05,0.02980516774681109,4.892283219096087e-05,5.5766127026495606e-06,5.779075224455072e-07,0.010541674778817602,2.6139320898231266e-06,0.00021013194975112793,9.105397697118645e-07,0.033637760353198876
60,1.999875323882563e-05,0.0029106655039469044,0.0009238431897129392,2.746597903381537e-06,7.743036353344556e-05,1.9860913748586874e-07,4.192474584157988e-06,0.00026767530934809487,4.0389150359402625e-06,4.756590400306052e-05,0.01907233985678397,0.00017000492136451777,1.8334414827562408e-07,0.9017861768838185,0.00014945368925119298,1.5219206306467133e-05,0.03293977097145448,5.382810907817827e-05,7.051710884037828e-06,4.6577218573734123e-07,0.009524291143212097,3.7145119528792354e-06,0.00018820368290098553,5.717367614542334e-07,0.03183036883945316
61,1.8057894392386318e-05,0.002263267713061253,0.001208314402717187,2.159102993955285e-06,8.777683271562543e-05,1.6747528563642187e-07,3.6390800191961665e-06,0.00017996453585147605,4.565164837341521e-06,4.689950728363628e-05,0.015097639753435808,0.0001390392623088626,1.8481767423219372e-07,0.9117222170743743,9.602073576102207e-05,1.3863040037283777e-05,0.026518107947671083,5.323523304545317e-05,5.089284250334416e-06,5.689099376889295e-07,0.01068200276443314,2.4556996229857627e-06,0.00020879986488222028,9.374886347969375e-07,0.03164502641477304
62,1.999875323882563e-05,0.0029106655039469044,0.0009238431897129392,2.746597903381537e-06,7.743036353344556e-05,1.9860913748586874e-07,4.192474584157988e-06,0.00026767530934809487,4.0389150359402625e-06,4.756590400306052e-05,0.01907233985678397,0.00017000492136451777,1.8334414827562408e-07,0.9017861768838185,0.00014945368925119298,1.5219206306467133e-05,0.03293977097145448,5.382810907817827e-05,7.051710884037828e-06,4.6577218573734123e-07,0.009524291143212097,3.7145119528792354e-06,0.00018820368290098553,5.717367614542334e-07,0.03183036883945316
63,1.8576001090489894e-05,0.0037039381719141083,0.0008142428917407118,2.781257712535915e-06,7.017515932409877e-05,1.7528482281865614e-07,3.823915378915354e-06,0.00026942746926512885,3.7689744507840286e-06,4.915655141470842e-05,0.018012733550168372,0.00017429198286317065,1.8713201617567674e-07,0.9012894058350482,0.00015378640295720712,1.5575038893051776e-05,0.03425569363930645,4.7167388933685027e-05,7.5083171946859655e-06,4.346393068099637e-07,0.008788592579729328,4.2454091161804516e-06,0.00016351271295469505,5.427179439286096e-07,0.03215025697645371
64,1.6738133385935758e-05,0.002481593607426448,0.0009818919936270857,1.988171269109423e-06,7.502712235027393e-05,1.379326195964406e-07,4.3214222676710545e-06,0.00022020672347936555,3.055788570670843e-06,3.8573999524930554e-05,0.017380548084553984,0.0001290360549862472,1.9205860903819007e-07,0.9036858781106484,9.363557845483941e-05,1.2651073278855971e-05,0.03261334521133101,5.747775090329502e-05,7.118346303596385e-06,4.550716067156511e-07,0.015899887872814735,2.8733556769519007e-06,0.00018306653210608973,5.775217295050238e-07,0.02610972248247585
65,1.2340698350283458e-05,0.0024515720047228948,0.0007608996204044847,1.5150703856041064e-06,5.083913595323604e-05,9.609041022337592e-08,2.2626455499722813e-06,0.00016625985607981474,3.3082281173841076e-06,3.8137739797137095e-05,0.011236897626618107,0.0001180950474663289,1.3271765522542485e-07,0.9341246723994627,8.13418386135062e-05,9.10303895211352e-06,0.01890053866325589,3.128243635523043e-05,3.459846251482486e-06,3.582121723375446e-07,0.006229864548719193,2.6230565503446756e-06,0.00010287389039632884,4.421612306603989e-07,0.025671083426529483
66,2.9007357606017774e-05,0.0021568607709643206,0.0017731746279842997,1.886806734181267e-06,6.543558792089305e-05,1.0876388902842742e-07,4.513123280521027e-06,0.00034354779722786286,3.040252693928999e-06,4.3901243757377413e-05,0.019535110073477656,0.00014604416345215677,3.584642572620325e-07,0.9237230651389379,6.942377897677115e-05,1.2644813748884065e-05,0.021949840571870646,7.404858122550789e-05,4.472607281571065e-06,6.536563225405161e-07,0.011760202063193394,3.135567535538796e-06,9.014171214212739e-05,4.515579703390047e-07,0.018208930917549316
67,2.4898239807436175e-05,0.012770900312621614,0.0001538100112332789,2.954247820904227e-06,0.00011811135199283673,4.5281591617223627e-07,1.2744280085569324e-05,0.0006533257683358138,2.3318335062801546e-05,3.2083316395722214e-05,0.050647672637392505,0.0015416078933616721,2.328248165444171e-07,0.7848657407666718,0.0015511319281741637,2.1448750296649265e-05,0.015364348692149548,9.677431130963868e-06,1.8006772742888737e-05,1.7478156023425178e-07,0.0015933084957933154,6.569615235875338e-05,2.5219551922101914e-05,3.211562489358301e-07,0.13050281348610795
68,2.8365930858486175e-05,0.004099757958467634,0.0009371355547692354,3.559848991560722e-06,8.351939520800505e-05,2.3812666046725745e-07,5.295858887855742e-06,0.00039814701507132717,3.879332255431276e-06,5.413993505336734e-05,0.026633509627747767,0.00020072747779552666,2.4686170880751513e-07,0.8741936502251024,0.00020333541481626664,1.9976114088984482e-05,0.047424785314097266,6.910697785284753e-05,1.2005779262479885e-05,4.7083581800429443e-07,0.012623414379078353,5.915685812307681e-06,0.00019734122815749346,5.533727929851593e-07,0.03280092174964542
69,2.4057029189079437e-05,0.0036496809924170953,0.0008934290332197053,3.35041735139832e-06,9.235498393062865e-05,2.3593307487652097e-07,4.840508628875376e-06,0.00029516817342241234,4.534924436224876e-06,4.912161921934703e-05,0.023200104993597603,0.00021034288741686056,2.0941939048967498e-07,0.8852368338550862,0.000200555766857428,1.733999250372299e-05,0.039830521936773555,5.252858694163523e-05,8.564757777088294e-06,4.6805377248879014e-07,0.009254803747382455,4.914772249241399e-06,0.00019638709931599075,6.232049229091189e-07,0.03676902731112257
70,1.998965941796841e-05,0.0029080932650969614,0.0009236990938712745,2.747816625270349e-06,7.752708626386357e-05,1.986059713760202e-07,4.192511917273519e-06,0.0002674916624444822,4.04138440165055e-06,4.752195290737943e-05,0.01907069262435838,0.0001699555962153585,1.8321698170630533e-07,0.9018463045916613,0.00014944656463154193,1.519290446107081e-05,0.03290470248777608,5.3783528723121454e-05,7.041494891037062e-06,4.6568427970735386e-07,0.009516250841874394,3.710754041936673e-06,0.0001882311468492827,5.716211635414883e-07,0.03181796390317441
71,1.0167298852766777e-05,0.002009810223876933,0.0007216285130721645,1.6834222399606291e-06,6.841398411868223e-05,1.1410814863818137e-07,3.1908822996585483e-06,0.00016759542437262483,3.644073764487279e-06,3.641835673454541e-05,0.011458233159718815,0.0001067683197235125,1.2204610439095178e-07,0.9336513087975883,7.954986137044365e-05,9.49253531381695e-06,0.018823706864363705,4.233762804109741e-05,4.298278587982349e-06,4.163382361751269e-07,0.008718996530829574,2.0097763801596904e-06,0.00014570660817322825,4.864480308497977e-07,0.02393390052005726
