,0,1,2,3,4,5,6,7,8,9,10,11,12,13,14,15,16,17,18,19,20,21,22,23,24
0,0.0007569039127208003,1.1473955766930984e-05,7.784168693669158e-06,0.0006815427661220412,0.0008246704369336071,3.5918584543170235e-07,1.2364356749604501e-05,1.0892030727312364e-05,0.0011330118285601618,0.0005843630189986728,0.9745291412962803,1.4009231029035691e-05,2.059069359043702e-09,0.005070771352376187,0.01061153949303661,6.993474861582729e-07,8.909775418250777e-07,1.6368186174146008e-06,1.7754012931070528e-06,5.836644360465288e-07,2.3754347961586759e-07,5.1239397327052675e-06,0.00023414811531083789,1.5798217128428234e-08,0.005506059300975473
1,0.0009431709785384247,1.2044782078739142e-05,1.3307792407950478e-05,0.0006691968364524102,0.001159475638637988,3.9083151038619386e-07,1.0259949252188123e-05,1.26648199051125e-05,0.001862408514199019,0.000805989592197161,0.9775930523223766,1.0978690502176298e-05,2.4395203741149953e-09,0.003332354915959241,0.009075014153053097,8.777994123037721e-07,8.228866601036336e-07,1.0620857784325071e-06,2.9227420797453698e-06,5.346238995731702e-07,2.1255842596437088e-07,4.819494737013198e-06,0.00018117564209258337,1.3086761604301131e-08,0.004307246823561824
2,0.0003242877274424261,7.017116896530017e-06,4.57253774562901e-06,0.00021355163354594032,0.0005839436086580268,9.524746671668808e-08,3.6698548245698328e-06,5.699825282119028e-06,0.0006972344025489642,0.0003185117779335183,0.9782507958710417,7.064611516773748e-06,7.337514184863092e-10,0.003656283220154886,0.011504130843714535,1.4494440558153838e-07,2.8386668815335856e-07,5.721571031715243e-07,5.702388172626534e-07,3.925774529885938e-07,1.1150515535986504e-07,1.6638984479221436e-06,0.00012387177716212443,4.5199934711660874e-09,0.004295525502250338
3,0.0006972325643129599,1.288871490162634e-05,7.611645766515318e-06,0.0005813255969598018,0.0008439442558516314,3.4364213683045915e-07,1.2114833011031403e-05,9.345126070318377e-06,0.0010017390310724228,0.0005157087858204563,0.9723211990460969,1.4694879403291715e-05,1.7417274883286567e-09,0.005791896919475269,0.011671286718634512,6.101122400067285e-07,8.766064184976261e-07,1.5723547865286213e-06,1.749442754762754e-06,5.304392629279775e-07,2.445765560248159e-07,5.383172458357614e-06,0.00022882468221510163,1.579198934160044e-08,0.006278859320077404
4,0.0008166402604792456,1.3073209745789073e-05,8.30721847132012e-06,0.0006085046470812583,0.0009165716432147467,3.631084413158575e-07,1.3165873469463508e-05,1.0086722015024846e-05,0.0009546608512395693,0.000557038048880709,0.9714646190232613,1.5134650362228389e-05,2.335650769151217e-09,0.006811054406150571,0.011332026009940122,7.03968503233738e-07,9.700342214490153e-07,1.8132669057362698e-06,2.100844454263614e-06,6.104225807541309e-07,2.473178692706305e-07,5.151673339784071e-06,0.0002356520230500836,1.953849431268079e-08,0.006231482902177643
5,0.0006556238721515862,1.4190529874355013e-05,5.625118376325336e-06,0.0007631443839479276,0.0007054258988179202,3.941998751232045e-07,1.020679128865762e-05,9.23562474959507e-06,0.0008879010908106298,0.0004487714206883909,0.9741311647834754,1.2889244493089982e-05,1.8458430038142988e-09,0.005415576004662808,0.011397719756873582,6.662215810817753e-07,8.162104675690288e-07,2.3796936471717175e-06,1.74642352821433e-06,5.880804025422043e-07,2.346831424646371e-07,5.447676559425289e-06,0.00024015251004484014,1.4747106547698995e-08,0.005290083187591961
6,0.0006972325643129599,1.288871490162634e-05,7.611645766515318e-06,0.0005813255969598018,0.0008439442558516314,3.4364213683045915e-07,1.2114833011031403e-05,9.345126070318377e-06,0.0010017390310724228,0.0005157087858204563,0.9723211990460969,1.4694879403291715e-05,1.7417274883286567e-09,0.005791896919475269,0.011671286718634512,6.101122400067285e-07,8.766064184976261e-07,1.5723547865286213e-06,1.749442754762754e-06,5.304392629279775e-07,2.445765560248159e-07,5.383172458357614e-06,0.00022882468221510163,1.579198934160044e-08,0.006278859320077404
7,0.001717347587295393,4.929614668512707e-06,1.2507634749334385e-05,0.0004939127021107624,0.0007484219235000697,8.022647989566295e-08,1.0892597751206284e-05,1.5568827345243988e-05,0.0007147945345382902,0.0010214016916189885,0.9856386268214202,6.4968153165694715e-06,4.156775883925437e-09,0.0028501101957161,0.003518748087339346,3.4140631463929913e-07,7.428916177598818e-07,3.617529201244573e-07,1.8960664398752604e-06,4.5278849726434773e-07,4.140018890986972e-08,2.961352626102772e-06,4.500429689729439e-05,1.1309905984688149e-08,0.0031943433179662966
8,0.0011917192327385098,7.761677306560735e-06,2.096015546692636e-05,0.0004419577374912565,0.0007987100162755574,1.4480595942251548e-07,1.437098588017983e-05,9.270782942187636e-06,0.0007520002921990019,0.0011971781072062165,0.9641327980267699,1.8627486851425493e-05,2.6299906734103637e-09,0.01037252275537021,0.00943891920681941,3.6189418430124505e-07,1.214333257720901e-06,4.7251069361437974e-07,1.1828467231557098e-06,7.299665180259273e-07,2.8918177068881155e-07,3.386354121162258e-06,0.00032862691017336863,3.7222031688601933e-08,0.011266754881258707
9,0.0006777423031007582,8.975347622825856e-06,7.887737643959826e-06,0.00036811406775133336,0.0004982662222847354,1.1846283666484113e-07,7.030259428711629e-06,6.414766404020779e-06,0.0006592355996092178,0.0007051260900570711,0.9676365570343874,1.124641561881289e-05,1.0796018158784594e-09,0.007008373698160677,0.012204031848991612,1.8280899776755915e-07,6.296284490236149e-07,5.015752588586033e-07,7.353885125704648e-07,4.3959521843096974e-07,1.8520399491979792e-07,2.810170477080828e-06,0.0002899897674559508,1.655376432183953e-08,0.009905388374371393
10,0.0006972325643129599,1.288871490162634e-05,7.611645766515318e-06,0.0005813255969598018,0.0008439442558516314,3.4364213683045915e-07,1.2114833011031403e-05,9.345126070318377e-06,0.0010017390310724228,0.0005157087858204563,0.9723211990460969,1.4694879403291715e-05,1.7417274883286567e-09,0.005791896919475269,0.011671286718634512,6.101122400067285e-07,8.766064184976261e-07,1.5723547865286213e-06,1.749442754762754e-06,5.304392629279775e-07,2.445765560248159e-07,5.383172458357614e-06,0.00022882468221510163,1.579198934160044e-08,0.006278859320077404
11,0.0008357560924837638,1.2468852941820404e-05,8.554295220244675e-06,0.0006205463708122631,0.0008579236671035098,3.6217541466990705e-07,1.3760676094621721e-05,1.2025268016911454e-05,0.0010693280680698842,0.0006261746118066212,0.9726975096656759,1.5836599694430147e-05,2.496050661243911e-09,0.005828615193193864,0.011199119781897388,7.20033422144765e-07,1.0205576811191897e-06,1.7189882082329135e-06,2.07054560493347e-06,6.079947760780135e-07,2.3673322273709703e-07,5.660434377691444e-06,0.0002249076253551447,1.9633475793617654e-08,0.005965053639399504
12,0.00037089010871289217,9.427437512414355e-06,3.932067710876768e-06,0.00024690275021982616,0.011992221864260815,7.632254200836371e-07,5.024181201430951e-05,3.699254761691335e-07,0.0007742989272699177,0.0001461522227209451,0.7658166440591991,1.3234348668821251e-05,8.497423953876311e-10,0.14689942545321424,0.010359837163359698,4.0357332076506984e-07,1.1554893087703176e-06,9.805715586981882e-06,5.719328297259126e-07,2.9962263480487396e-06,1.5071137806069099e-06,6.229584972121177e-07,0.007205221606580053,6.714386178158331e-08,0.05609330602438346
13,0.002208637217356454,8.85650557402773e-05,1.977314817238193e-05,0.0020751713791731983,0.0035253028145983407,4.299905061613689e-06,6.402310608527839e-05,2.7138478809231636e-05,0.005041225929884122,0.0017691979939263682,0.9305551703038544,2.9360550458451292e-05,5.896276695642891e-09,0.008456717311489045,0.021375587430391082,3.2280174002465817e-06,4.712070557974302e-06,6.405351320847393e-06,1.719879758617056e-05,1.028520165951257e-06,8.099636239997796e-07,3.8487564323028526e-05,0.0007498840022223234,1.1688604001886238e-07,0.023937952305482613
14,0.00047778873038345054,1.665164299249697e-05,6.301271490969773e-06,0.000581646238255666,0.0008654488295522418,3.263867244043501e-07,6.8106054790322285e-06,6.392501846378648e-06,0.0007868874933441429,0.0003574401118702034,0.9779526898501204,8.920167505244665e-06,1.470440558924794e-09,0.004194247747290894,0.010328573587597614,5.250488863720887e-07,5.504685421633611e-07,1.643302846296881e-06,1.8934317975475143e-06,4.965982240570755e-07,1.7688418743128014e-07,4.368139731351832e-06,0.00016189057970700057,9.119294828501972e-09,0.004238319791889293
15,0.0006972325643129599,1.288871490162634e-05,7.611645766515318e-06,0.0005813255969598018,0.0008439442558516314,3.4364213683045915e-07,1.2114833011031403e-05,9.345126070318377e-06,0.0010017390310724228,0.0005157087858204563,0.9723211990460969,1.4694879403291715e-05,1.7417274883286567e-09,0.005791896919475269,0.011671286718634512,6.101122400067285e-07,8.766064184976261e-07,1.5723547865286213e-06,1.749442754762754e-06,5.304392629279775e-07,2.445765560248159e-07,5.383172458357614e-06,0.00022882468221510163,1.579198934160044e-08,0.006278859320077404
16,0.0004540748184716381,4.7546614576939925e-06,7.630771003856604e-06,0.0005101300740134147,0.0004940559080860745,2.514154993958468e-07,1.1442803468276137e-05,7.274472787848856e-06,0.0003273110126788557,0.00028330025346537824,0.9760961105450996,2.2745691913148965e-05,2.170197278025369e-09,0.008768730390509065,0.010448237625587446,1.0582798730157877e-06,7.035632458637467e-07,2.8382834427299453e-06,9.357251004552947e-07,7.907872245002382e-07,4.750384000825992e-07,2.822662859724395e-06,0.00023113801372223776,1.518740263714062e-08,0.002323169844489913
17,0.000808896812367643,7.012246679094117e-06,7.090111260187493e-06,0.0004933915142925721,0.0007688471726939012,1.5012165688999205e-07,1.7169903877790202e-05,7.654276389117786e-06,0.0006867235235167919,0.00034367332126937055,0.9736682239926365,1.9039896702849054e-05,1.528492911255437e-09,0.00836346980218768,0.007455016624707993,4.29067657713901e-07,8.692756567307991e-07,9.034347329416123e-07,7.79616261279481e-07,4.589693391068266e-07,1.900617936074159e-07,4.191148374209112e-06,0.00017381134960625156,1.3103545143441464e-08,0.007171993124302106
18,0.0012904595825053039,1.908356802552254e-05,4.4933068771611456e-06,0.0003661792171510707,0.000991898091716566,2.0539142186242243e-07,2.0100226182792623e-05,4.888628945814312e-06,0.0010018599092711958,0.0004362941447464912,0.9482905119711207,1.0038492614758626e-05,9.315431143829218e-10,0.008956977673955127,0.009439772908389894,2.0842112380727707e-07,2.733675659286994e-06,1.279691884777199e-06,1.8605220926940528e-06,3.429537331503154e-07,1.6630418268940676e-07,9.681209790099136e-06,0.000296919602881615,2.33827823985449e-08,0.028854020191401965
19,0.001024225961071009,9.660570082588706e-06,1.5384784455111868e-05,0.0008505308162433236,0.00112222836338239,5.604487696515109e-07,3.316409781662762e-05,2.3416856048921552e-05,0.0017978630880638284,0.0016990998895833798,0.9719876600796122,3.057299272041974e-05,4.261362973531603e-09,0.004369504803546511,0.008958025849099346,9.380571766794932e-07,1.4761790179010908e-06,1.0436175663120815e-06,2.0125400614710746e-06,8.166199556849586e-07,2.3920400969954906e-07,1.0426082836153315e-05,0.00019443801144559822,3.082912115385617e-08,0.007866675996951051
20,0.00025122997736044854,2.3388635237330155e-05,4.767337125486108e-06,0.0004985661635968968,0.0002815428459636087,3.2272890713639283e-07,4.792636000029138e-06,1.2810172329319583e-05,0.0006864099649939666,0.0002880897467602804,0.9637495965246327,2.1808994421003335e-05,8.601012884806061e-10,0.003170712728810868,0.0269148023276589,4.394103116249421e-07,4.5717904188287577e-07,1.6345358459595864e-06,1.0220256015828655e-06,3.30319991432348e-07,3.080930683645777e-07,9.751222959884933e-06,0.00015012138207831863,7.66875833127068e-09,0.003927086518443243
21,0.001099900343467606,2.7720374854621873e-05,1.2841103769561985e-05,0.0006784044485105754,0.001599014849980955,8.077451761748499e-07,2.679471328904894e-05,1.8506691876159563e-05,0.002262415157602752,0.0011671296035675879,0.9558549534158673,1.955253016939129e-05,3.0685711853983206e-09,0.005922420577279199,0.016951628644730998,8.382632465976314e-07,2.2158367648949348e-06,2.146712662486859e-06,4.217510246395923e-06,7.106122710507553e-07,3.796455760875171e-07,1.2863858980024493e-05,0.0003840698241522975,4.4236970470168234e-08,0.013950420230416465
22,0.0003392462286403379,3.1916659309175685e-06,4.44787161631464e-06,0.0004144331881584326,0.00034084524749399345,1.0754818664686487e-07,4.976878871902249e-06,4.0369822914695424e-06,0.00034053704255708754,0.00031725492334630685,0.9884214111341963,6.9502139563118235e-06,9.92538164521748e-10,0.002794534287156255,0.004853577817704454,3.4125684249799783e-07,5.96170269094227e-07,1.0944929429931505e-06,5.790658462554925e-07,4.590555664520451e-07,1.529738510600481e-07,2.2812194820187033e-06,0.00012093670381061174,5.063088966708311e-09,0.002028001975655047
23,0.0006972325643129599,1.288871490162634e-05,7.611645766515318e-06,0.0005813255969598018,0.0008439442558516314,3.4364213683045915e-07,1.2114833011031403e-05,9.345126070318377e-06,0.0010017390310724228,0.0005157087858204563,0.9723211990460969,1.4694879403291715e-05,1.7417274883286567e-09,0.005791896919475269,0.011671286718634512,6.101122400067285e-07,8.766064184976261e-07,1.5723547865286213e-06,1.749442754762754e-06,5.304392629279775e-07,2.445765560248159e-07,5.383172458357614e-06,0.00022882468221510163,1.579198934160044e-08,0.006278859320077404
24,0.0005694495910924301,1.1222842570391031e-05,5.350289313379282e-06,0.0007080850566643503,0.0007554127524492182,2.1287324180797293e-07,6.977276077803903e-06,6.012634013472407e-06,0.0006165684914851509,0.0003358652655365746,0.9800356233143996,1.0736828463234555e-05,1.4890548410195803e-09,0.005178619760951453,0.0070350004322681505,4.296198247240803e-07,5.29328527335327e-07,1.237210854036527e-06,1.1363284300445038e-06,5.116475353292616e-07,1.330198669302364e-07,3.773352726047422e-06,0.00013471841402283962,8.046372751465566e-09,0.004582384134257819
25,0.0014040925118975636,0.00021255660646670593,2.2096689699434547e-05,0.0015090410028783005,0.003623955381091812,6.451143888184557e-06,2.7720573073610846e-05,1.6112462292324614e-05,0.005855556236097795,0.001232371128697151,0.8976053572770728,2.6251546080012213e-05,2.9648564900248827e-09,0.009710856878676885,0.047787562184881775,3.0130119505415473e-06,3.579083985674553e-06,7.900152919324385e-06,2.5527506571788604e-05,8.266894840106181e-07,1.7713204568707672e-06,3.778822476772777e-05,0.0014568369433799954,1.0670750382451655e-07,0.029422665771329237
26,0.002129860382114419,2.0270139226429594e-05,1.042019841613598e-05,0.0007853787105323348,0.0018272853932331085,8.8889782201041e-07,2.7617459744697197e-05,1.589713531378107e-05,0.003704622804281578,0.0012906194608189496,0.956733271803523,1.0224137866010706e-05,4.2682739942854296e-09,0.00620317481033594,0.012875668028101951,1.0133708931987752e-06,2.8486100321069723e-06,4.030390185964619e-06,5.517738772711238e-06,9.228412284519261e-07,3.9647463772740256e-07,7.05699128555565e-06,0.0008391638348762135,5.870395292906907e-08,0.013503787414530845
27,0.0005865822747748916,2.378539525617443e-05,4.867822605246096e-06,0.0005995400157105485,0.0006325623538195306,3.4343938410904517e-07,8.673738313773733e-06,1.0933653987260414e-05,0.0014855825859132555,0.0004499206054469826,0.9690330180343392,1.225637742515303e-05,9.799026767975223e-10,0.0035278446339734077,0.015115589225846883,3.9051743551898825e-07,6.502209416569769e-07,1.0862101974342875e-06,1.7394213550194622e-06,2.9549123564028956e-07,1.4026515083695496e-07,8.732674052880791e-06,0.00016071948549121304,9.258666862465128e-09,0.00833473531877353
28,0.0006972325643129599,1.288871490162634e-05,7.611645766515318e-06,0.0005813255969598018,0.0008439442558516314,3.4364213683045915e-07,1.2114833011031403e-05,9.345126070318377e-06,0.0010017390310724228,0.0005157087858204563,0.9723211990460969,1.4694879403291715e-05,1.7417274883286567e-09,0.005791896919475269,0.011671286718634512,6.101122400067285e-07,8.766064184976261e-07,1.5723547865286213e-06,1.749442754762754e-06,5.304392629279775e-07,2.445765560248159e-07,5.383172458357614e-06,0.00022882468221510163,1.579198934160044e-08,0.006278859320077404
29,0.0006972325643129599,1.288871490162634e-05,7.611645766515318e-06,0.0005813255969598018,0.0008439442558516314,3.4364213683045915e-07,1.2114833011031403e-05,9.345126070318377e-06,0.0010017390310724228,0.0005157087858204563,0.9723211990460969,1.4694879403291715e-05,1.7417274883286567e-09,0.005791896919475269,0.011671286718634512,6.101122400067285e-07,8.766064184976261e-07,1.5723547865286213e-06,1.749442754762754e-06,5.304392629279775e-07,2.445765560248159e-07,5.383172458357614e-06,0.00022882468221510163,1.579198934160044e-08,0.006278859320077404
30,0.0006972325643129599,1.288871490162634e-05,7.611645766515318e-06,0.0005813255969598018,0.0008439442558516314,3.4364213683045915e-07,1.2114833011031403e-05,9.345126070318377e-06,0.0010017390310724228,0.0005157087858204563,0.9723211990460969,1.4694879403291715e-05,1.7417274883286567e-09,0.005791896919475269,0.011671286718634512,6.101122400067285e-07,8.766064184976261e-07,1.5723547865286213e-06,1.749442754762754e-06,5.304392629279775e-07,2.445765560248159e-07,5.383172458357614e-06,0.00022882468221510163,1.579198934160044e-08,0.006278859320077404
31,0.001429621533246195,1.3492755458726541e-05,1.736399725607168e-05,0.0005380537212029986,0.0006967286998496627,2.0451781686800082e-07,1.1050569858633615e-05,3.2638704046532853e-05,0.001001068145184553,0.0005138831472005941,0.9741320927788993,1.911530690279648e-05,5.3096140240682645e-09,0.005031325737587787,0.012825208466607283,9.742804008234268e-07,1.2066781904199012e-06,1.693432994899686e-06,2.9486333369355155e-06,6.407388108564952e-07,2.7566258046537934e-07,5.334874419063358e-06,0.00014677446850125723,2.30547879413106e-08,0.0035782747852454227
32,0.0008293449360327267,1.7378793455603194e-05,8.574266720330131e-06,0.000629711502206383,0.0009408551582126658,4.0813588276304073e-07,1.1658227848148898e-05,1.0327990925697349e-05,0.0011021564761393235,0.0005486885415071928,0.970837341635096,1.4049519282974257e-05,2.14548292333964e-09,0.005911329353849586,0.012377911359836118,7.184152198884751e-07,1.0133604035860508e-06,1.905339994691123e-06,2.6184248716282366e-06,5.503605739200946e-07,2.5237020547555953e-07,6.250014905911906e-06,0.0002360014840942514,1.8840367670365823e-08,0.006510933346884392
33,0.0010443310189891945,1.9433374851953153e-05,9.977749992444313e-06,0.0008213064277253123,0.0010626061723182686,5.47976781614186e-07,1.749323844052349e-05,1.322432503790962e-05,0.0011403944855461646,0.0006570358449896567,0.9677399820577353,1.931539435332822e-05,3.0620535771408316e-09,0.007302341224094178,0.012461016338038276,1.0653302669525043e-06,1.5099829823882698e-06,2.6045205810275775e-06,3.4083524001286185e-06,6.689674800579281e-07,3.151390914074631e-07,8.864756041791821e-06,0.00027108001101654487,2.9436203084523527e-08,0.007401444812989124
34,0.003265868185383083,4.407729254207757e-06,7.275864143597228e-06,0.0002467541771965654,0.0008756754470825503,3.206289981439515e-08,3.377944147791958e-06,5.176413340569416e-06,0.0005198440207297478,0.00022001550315239984,0.9838993979251679,2.331214762720596e-06,2.039121789545532e-09,0.005448467473025939,0.0032909569365630136,2.4703689959249457e-07,5.0251621695747e-07,6.119151550936423e-07,2.4915433109645774e-06,2.3641019919475838e-07,4.3779221061029676e-08,7.921601101727885e-07,5.6986606921956526e-05,5.5093096640047585e-09,0.002148499586683317
35,0.002508899153149883,4.1156459253911075e-05,5.491200051126219e-06,0.0009182522772347051,0.0006537806823051011,2.5817862552013423e-07,8.424766560577675e-06,6.567210539888895e-05,0.006690526297219651,0.0004996030806998933,0.9699215012918886,7.434532343542319e-06,2.042088785904853e-09,0.0009524211058404371,0.011738056050424293,5.101778410206841e-07,8.966929169731762e-07,9.061078432993809e-07,4.768727607303168e-06,1.570166123475323e-07,4.820985971733754e-08,1.7434097217259263e-05,5.7981528867765526e-05,5.832341073911212e-09,0.005905812385808144
36,0.0006849970266936882,9.093088128686112e-06,4.5855780329661416e-06,0.0004885865884645447,0.00038590700640514633,2.0107454884466683e-07,2.4149511539342747e-05,1.769642481584855e-05,0.0006764445474976892,0.00030451950761652857,0.9707122392138277,4.6757302978537597e-05,1.6200408456377973e-09,0.0072855606357154585,0.011981859139130725,6.39431070589799e-07,1.4960081423783853e-06,1.7703097172659281e-06,9.960211335532285e-07,3.470419762082767e-07,1.86791717204045e-07,1.4214045958905775e-05,0.00011391733318899342,1.4796408484503698e-08,0.00724381995524977
37,0.0017248468416185163,7.945661795315583e-06,1.2197161016656533e-05,0.0006079443337963034,0.001194266662294078,2.823605650594546e-07,2.9714124809222606e-05,5.0279063476131706e-06,0.0003874880664434901,0.00044709248280119476,0.9443989414885482,2.3688237455363868e-05,3.520610599206087e-09,0.0329967057882602,0.008867255649357872,1.1561387698768523e-06,1.9350070516731087e-06,3.081554069263034e-06,2.175863014780684e-06,8.809365124178958e-07,5.758069803989233e-07,3.5289507210211588e-06,0.000508966372712942,6.313129531977006e-08,0.008774235953152734
38,0.0006503708652363033,1.5510858340671423e-05,9.728555790968045e-06,0.0007540408658267861,0.0008220695616976253,1.0019041840973247e-06,2.1768030487531257e-05,1.1690390912830822e-05,0.0010321026435430416,0.000595925005450526,0.963560579401693,2.6433652914836955e-05,2.808476640204622e-09,0.007514985455040544,0.0195446043532887,1.8233672260838504e-06,1.1813023741318245e-06,4.248815091137047e-06,3.050939901949766e-06,7.08670297436294e-07,6.898201380745691e-07,8.094422487703858e-06,0.00046052900513310726,3.362085785122032e-08,0.004958825683608365
39,0.0009081650634261445,6.332183671513762e-05,4.401171374158862e-05,0.0015225401346301794,0.0015136374253963603,3.4089797036513904e-06,2.6093857807095727e-05,5.2394836750330706e-05,0.00296947603698376,0.0009167895973892414,0.9404780833340922,8.339139525995484e-05,6.4882895362463385e-09,0.005402111688354019,0.03790407589144816,5.860365004090159e-06,3.9281063937552785e-06,6.881239501153148e-06,9.707301333039052e-06,1.3488844431371744e-06,3.6019955690875416e-06,3.70176524205179e-05,0.0006726421543653335,7.075756977677723e-08,0.007371433263412978
40,0.0007234945219542552,1.0180554340506028e-05,1.0917816933160783e-05,0.00018667262901712444,0.0013870242845784497,7.28196993209853e-08,8.114999396879148e-06,3.1535549918689e-06,0.00035751330018331934,0.00015983858151191773,0.9653191772083279,1.575081443685987e-05,1.0140983067614158e-09,0.015588671270686414,0.008431618297590747,2.2465314883165472e-07,5.320064214286146e-07,5.295324529316242e-07,9.927901173409865e-07,3.401547142379365e-07,1.8006073250038045e-07,2.3021922060764854e-06,0.00010855925344244748,8.955532650354938e-09,0.00768412873348446
41,0.0004234510329622934,1.3407787972961405e-05,4.3426549742727915e-06,0.0005848853636311258,0.0008713655876557782,1.9125402868770215e-07,2.8594505619164084e-06,7.419195385480021e-06,0.0010263040725832313,0.00025112859738369013,0.9831060512151394,4.73504174168295e-06,1.22888744118839e-09,0.0028634474554210974,0.008694700483841432,4.33109080414585e-07,2.0013673727248384e-07,1.1866646482364396e-06,1.5001350891581425e-06,3.8100884230799815e-07,7.687212712674612e-08,1.890948095949244e-06,8.483639829711155e-05,3.284681375909871e-09,0.002055201020230645
42,0.0009764608935463153,0.00011675992753975499,3.2818788265195674e-05,0.0024260683652230683,0.0007240793461884016,1.4699926665986587e-06,9.552848146720646e-06,7.72746635694896e-05,0.003611122378552939,0.0006640440037375472,0.964120558449113,3.509535754633329e-05,3.704826147879755e-09,0.0012379838798979583,0.02170124021244798,3.5897601611840583e-06,2.098775086584815e-06,2.1343856652361323e-06,1.1758409117465808e-05,4.3670691476065255e-07,6.120064267095873e-07,7.084088545112246e-05,0.000120148566875264,1.6809384539054655e-08,0.004053830883649653
43,0.001033901502418568,2.3253333659438314e-05,3.091128627199163e-05,0.0015084093529708815,0.0016986443688501137,2.6620112951034787e-06,2.8577333326699854e-05,4.1242904340184744e-05,0.003255981261503275,0.003072497938147409,0.9589070604701337,3.5374537440985166e-05,7.640073865561169e-09,0.003260966982500295,0.020490224121392717,3.0336473385687573e-06,3.724679112327106e-06,4.042290221563956e-06,6.976457652094896e-06,1.6686933519311466e-06,1.7022705491737732e-06,2.0938127189668857e-05,0.0006043283536760354,7.032447393673151e-08,0.0059638001121094415
44,0.0006972325643129599,1.288871490162634e-05,7.611645766515318e-06,0.0005813255969598018,0.0008439442558516314,3.4364213683045915e-07,1.2114833011031403e-05,9.345126070318377e-06,0.0010017390310724228,0.0005157087858204563,0.9723211990460969,1.4694879403291715e-05,1.7417274883286567e-09,0.005791896919475269,0.011671286718634512,6.101122400067285e-07,8.766064184976261e-07,1.5723547865286213e-06,1.749442754762754e-06,5.304392629279775e-07,2.445765560248159e-07,5.383172458357614e-06,0.00022882468221510163,1.579198934160044e-08,0.006278859320077404
45,0.0009425648974801629,1.3964523100529727e-05,1.0638358076721014e-05,0.0007766827941655224,0.0007346509535180482,6.61293109366337e-07,3.0048943644913607e-05,5.19440483880677e-05,0.0015531842363575826,0.0009843696025165947,0.9658950997747027,3.223901676980304e-05,5.755766860854443e-09,0.0049091929804883395,0.020223636429032868,1.9078155358807913e-06,1.1997208056861097e-06,3.151240666669814e-06,3.4047508392672673e-06,7.138699787852074e-07,2.907799241206938e-07,1.133251588253763e-05,0.00016249615411294824,3.444484178001305e-08,0.00365658510029409
46,0.0035697274247008188,1.1002367185810619e-05,2.1656610022615667e-05,0.002405846551705027,0.0008000106777080549,7.902620374212349e-07,4.328148901836596e-05,3.333692076768334e-05,0.0012003878238340015,0.0019036691529499322,0.9735131938793252,4.464173607104347e-05,1.0146227443592906e-08,0.003717317181947337,0.00414939585089012,2.180270569308605e-06,1.3200838554695078e-05,2.393303329000842e-06,4.618817035966475e-06,1.1877439311011083e-06,6.048704322846855e-07,3.678356379152533e-05,0.00025422354833961854,6.86336699964707e-08,0.008270470335955559
47,0.0048267966784047815,1.8664503022491817e-05,2.6855170534955928e-05,0.001982373747990993,0.0010306424703937181,7.159174287881399e-07,4.5586268849788284e-05,4.0510638967439455e-05,0.0014955082552552544,0.0012473656084603629,0.9668648867366227,4.2770014289785174e-05,1.159091670003487e-08,0.007321135185591155,0.007999063554350948,3.7484451158942024e-06,5.117088050742848e-06,2.905283328387882e-06,8.666419449767552e-06,7.725221918727582e-07,4.7569830275666913e-07,2.3526445412892677e-05,0.0002444719137054314,8.156175660007714e-08,0.00676734828160559
48,0.0030398971965015635,4.0545080918197096e-05,2.1056737907120833e-05,0.0011801603696851924,0.0017245659403525174,1.3914903409064966e-06,4.110182586425158e-05,3.962009129577994e-05,0.002472326828013894,0.0020611631257290907,0.9506486953116816,2.6588421624865856e-05,9.764235981554631e-09,0.007684302043049993,0.016552109044402477,2.1783720458931936e-06,6.245546434482595e-06,4.7244755220356366e-06,1.4388113677169716e-05,1.0420709636452182e-06,5.200419747532882e-07,2.4897005139247506e-05,0.0004431479302017843,1.316514239133451e-07,0.013969191521013927
49,0.0006007732891681636,2.5168914354632438e-05,1.3954143722505274e-05,0.0009176444722000378,0.0009398593868069537,7.854802716472718e-07,1.6050119033893088e-05,1.786963201327887e-05,0.001582868702595892,0.0007651568186537556,0.96857584119527,3.233894219147605e-05,2.393924761173724e-09,0.003794328033674272,0.01514920207158863,1.0232469763250361e-06,1.3002646379969826e-06,1.6363318604908563e-06,2.5008250615979007e-06,6.829597583607702e-07,4.412403000421264e-07,1.621927906115218e-05,0.00022656161788385125,2.0336710555017424e-08,0.007317770302279885
50,0.00035122867602042186,4.1120809896987365e-05,7.563729796050505e-06,0.0007151188467036267,0.0008153209155664254,6.469422242007675e-07,5.427835108552735e-06,7.362285197725209e-06,0.0013281417975632404,0.0002622924752293686,0.9650696275701208,1.4222790425219921e-05,9.32023923028636e-10,0.0037918293968931542,0.021291924897091398,7.106085419052808e-07,6.676487844714799e-07,2.34964417712536e-06,2.1908962801886356e-06,4.5971142454669016e-07,5.153988507243151e-07,8.5402050415704e-06,0.0003377354921963,9.526742663442178e-09,0.005944990968099279
51,0.0003538709191008719,2.5341399666651943e-05,4.399980956173016e-06,0.0007287964365342609,0.0004138580410641508,2.6081745050580164e-07,4.491359355938294e-06,8.800226628242863e-06,0.0008021119176707401,0.0002497428665792168,0.9749081163443274,1.146470504370969e-05,8.03710111427914e-10,0.003021492277153412,0.014710276988005207,3.784376439347659e-07,3.9747955169049765e-07,1.1615778630172893e-06,1.1619448473913853e-06,2.997846203845802e-07,1.569419987131616e-07,7.288832998650581e-06,0.00012321601496208677,5.383966722637595e-09,0.0046229085183007385
52,0.0003808627018677177,3.561243760114306e-06,2.314477510751891e-06,0.0006044917355086728,0.00036277855021115026,4.916256951264265e-07,3.3199335111389815e-06,2.0654916921033254e-05,0.0008534202199225279,0.0016430486125886881,0.9802845567715327,7.683034177554464e-06,3.126924450954341e-09,0.0019013145898775445,0.012971644653599564,5.138485174830525e-07,1.7127671597078126e-07,2.783170604333044e-06,1.5114197628495283e-06,8.708771834330902e-07,6.547551236894624e-08,1.775914047773736e-06,8.046108332861232e-05,6.772661943916384e-09,0.000871693968056632
53,0.00026381920319187407,1.8031978039658957e-06,4.094931333193664e-06,0.000354657924337145,0.000554656719723578,1.5526093837651897e-07,2.1919879148734187e-05,3.187782442618423e-06,0.0004604071703216084,0.00031999087998759324,0.9789249647695765,1.5943712788029317e-05,8.769528995955947e-10,0.007664256660756562,0.006638272896655536,3.828367790968145e-07,4.6884558626562873e-07,1.1662528301886238e-06,2.092915246116122e-07,6.994042919842629e-07,2.798299189777135e-07,1.5306992112858582e-06,0.0003650668722769228,9.735870540346802e-09,0.004402054365751904
54,0.0006994664370097753,6.604164020922978e-06,9.772333817698436e-06,0.0005804694518150148,0.000866804105496833,3.266366545284611e-07,1.1892860255773042e-05,1.0161823334521218e-05,0.0009001234583226609,0.0006533392902371471,0.9791408561925901,1.4440782318982228e-05,2.7591253503910516e-09,0.004818575641167579,0.008303696863548248,7.67957825352373e-07,1.0046593544928796e-06,1.8447954595803013e-06,1.5547421369685657e-06,8.278783370181312e-07,3.034121793123121e-07,3.618579461556909e-06,0.0002507848899610925,1.6967916521349527e-08,0.003722743317652759
55,0.0008701255767907583,8.665101926515431e-06,9.303847958702982e-06,0.0006918032540219186,0.001158563598280422,5.749913531555179e-07,4.118957407457373e-05,2.76879289297796e-05,0.001612214628382083,0.0005330908102780184,0.9626601161404146,8.546875351985787e-05,4.7714101019391796e-09,0.011426695464199627,0.013797264832461516,1.774135758598526e-06,1.0481343505527814e-06,3.28434810372166e-06,1.476575791001773e-06,9.511115475176665e-07,3.343772408406976e-07,8.318106677530964e-06,0.00023824335714278772,2.8266721601673907e-08,0.006821772312664338
56,0.0007884443693665978,1.272529567166314e-05,8.324713659744195e-06,0.0006415224505273758,0.0008731087503226235,3.796387699743702e-07,1.3382534115756997e-05,1.1371448691290818e-05,0.0010593858918797362,0.0005961040792020911,0.972644215011025,1.5814681829342265e-05,2.344276375996098e-09,0.0058166896445466685,0.011302374529880525,7.18920035925737e-07,9.736437801267035e-07,1.758289254537619e-06,1.998208634069849e-06,6.125327814267317e-07,2.4776575999662396e-07,5.624788583497264e-06,0.00022890193273877217,1.8511396467227788e-08,0.005975300023270208
57,0.000801716840990594,1.4097255908552269e-05,3.4726707361979625e-05,0.0005896995300986155,0.0017392342164139919,5.458248926950297e-07,2.0527088184134892e-05,1.861328389941521e-05,0.001510387870390259,0.0010022064058838392,0.9710279971182593,4.022116441262593e-05,4.5947048632267646e-09,0.005512002656312683,0.011174527131564315,1.3421218950725293e-06,1.6897251172610774e-06,1.1876287250185703e-06,2.9142585826746826e-06,1.0818439590718708e-06,5.859192596621071e-07,9.226644570562102e-06,0.0002183745457466032,2.927352151087854e-08,0.006277060349344508
58,0.001082690814418151,1.714524284721915e-05,1.1522820014224789e-05,0.0007054988623923251,0.0011583463071110078,5.923744283874125e-07,2.042398031580387e-05,1.4699058727824249e-05,0.0013063258219907468,0.0008915909820608451,0.9637553502064131,2.1619681022185423e-05,3.5549254897841818e-09,0.00798380956291863,0.014183292084139614,9.88411269111722e-07,1.593938549645648e-06,2.5250094932590676e-06,3.164895938482935e-06,8.097306612420508e-07,3.7865270481783967e-07,7.906088281801117e-06,0.0003552061614493527,3.953793564339867e-08,0.008474476219991338
59,0.0009672653122838871,1.5555336675858175e-05,1.3398079046497888e-05,0.0006656851106939427,0.0011425801466197396,5.037226570700709e-07,1.891296208157195e-05,1.3799819723412356e-05,0.0012087314952114025,0.0008011557923946853,0.9667636560966503,2.171625196406391e-05,3.3207718897992758e-09,0.007322197514651287,0.013029462912673184,9.434530516168291e-07,1.490761600916905e-06,2.0710834385637002e-06,2.6988760035099964e-06,8.204982885995454e-07,3.995296818328812e-07,7.257662637350104e-06,0.0003251720647609715,3.3742165110028145e-08,0.007674488454272782
60,0.0006972325643129599,1.288871490162634e-05,7.611645766515318e-06,0.0005813255969598018,0.0008439442558516314,3.4364213683045915e-07,1.2114833011031403e-05,9.345126070318377e-06,0.0010017390310724228,0.0005157087858204563,0.9723211990460969,1.4694879403291715e-05,1.7417274883286567e-09,0.005791896919475269,0.011671286718634512,6.101122400067285e-07,8.766064184976261e-07,1.5723547865286213e-06,1.749442754762754e-06,5.304392629279775e-07,2.445765560248159e-07,5.383172458357614e-06,0.00022882468221510163,1.579198934160044e-08,0.006278859320077404
61,0.0009153920438663475,1.4992014699830505e-05,1.210934292254372e-05,0.0005925030123895825,0.0011099747418686352,4.535252983101975e-07,1.7012432741069713e-05,1.1769889334420294e-05,0.0011851148445825685,0.0007129297021636214,0.9671527389651551,1.963190135782762e-05,2.715331079568581e-09,0.007230369646313264,0.012940475112405299,8.198766812990416e-07,1.3182522920840472e-06,1.837861350019589e-06,2.489759896160944e-06,7.037916037638309e-07,3.651597680350931e-07,6.562877776654024e-06,0.00031016075696768507,2.849831519605586e-08,0.007760243274919421
62,0.0006972325643129599,1.288871490162634e-05,7.611645766515318e-06,0.0005813255969598018,0.0008439442558516314,3.4364213683045915e-07,1.2114833011031403e-05,9.345126070318377e-06,0.0010017390310724228,0.0005157087858204563,0.9723211990460969,1.4694879403291715e-05,1.7417274883286567e-09,0.005791896919475269,0.011671286718634512,6.101122400067285e-07,8.766064184976261e-07,1.5723547865286213e-06,1.749442754762754e-06,5.304392629279775e-07,2.445765560248159e-07,5.383172458357614e-06,0.00022882468221510163,1.579198934160044e-08,0.006278859320077404
63,0.0006554044298414365,2.002851340828284e-05,6.809289070499969e-06,0.0006075431874003927,0.0008247308436263945,3.8859709330757806e-07,9.981569637327901e-06,9.073185477360942e-06,0.0011192366367364216,0.0004438806065483617,0.9701108129282274,1.2833456391324319e-05,1.4943224297258179e-09,0.0051777467509597445,0.013799769403694056,5.692444779304918e-07,8.210289721406258e-07,1.6969939804414293e-06,2.072859395009968e-06,4.57648064011753e-07,2.37613422432008e-07,6.4991590923873005e-06,0.00022906378448818494,1.4134415501824558e-08,0.0069603266412573105
64,0.000627458380430187,1.4487724382429722e-05,1.2101746849345671e-05,0.0006042337741035521,0.0009288855520728648,4.472022748177045e-07,1.2512301675647047e-05,8.927206527818772e-06,0.0010048326301332496,0.0005222279894091364,0.9697987225645792,2.0578889467746627e-05,1.8728476091224967e-09,0.006157893570921249,0.01357112650754453,8.06587655385364e-07,1.1406094252897246e-06,1.6883125508699477e-06,1.8008920393410864e-06,6.556395471729891e-07,5.486158788876794e-07,6.357725528532809e-06,0.00033365553032357393,1.9559614347111055e-08,0.006368888614217008
65,0.0007325203675321922,9.407081386483791e-06,6.8149228395955956e-06,0.0005316258018972758,0.0007435576032010563,2.5913006635429974e-07,1.1058810884232317e-05,9.801277242866714e-06,0.0009290524429920764,0.0005321483467106681,0.9766503658558252,1.2799980006757422e-05,1.7577605163386939e-09,0.005014495770800052,0.009664124795686372,5.370882447826008e-07,7.498628538802298e-07,1.2558911525150712e-06,1.5410756373368726e-06,4.684672591515262e-07,1.6908417123912385e-07,4.421018656489774e-06,0.00016784002936920552,1.2807377171248173e-08,0.00497497073044642
66,0.0015493078120810072,5.3042025447187836e-06,1.9416526464298427e-05,0.0006424527494825449,0.0021876014651384928,3.2592400940850317e-07,2.773975622107856e-05,1.1616971809260519e-05,0.0012245682102598637,0.0011028674006686005,0.9769015586664588,1.3551943038162867e-05,5.994943797858167e-09,0.006554370676798847,0.004634219313336181,1.0346419109808874e-06,1.522499521438402e-06,1.2671467103131808e-06,2.5494755263519073e-06,1.1482098680656348e-06,2.3043073861133577e-07,3.171238187301945e-06,0.0002064781744091582,2.856626696297646e-08,0.004907662003605731
67,0.000323622651331775,8.610291458428153e-05,1.015816529369736e-05,0.0012266412591416848,0.0007060829292631134,2.9541598439839865e-06,2.1939384011085162e-05,5.763704701749752e-06,0.001097000230866596,0.00039652884107990456,0.9074380443355445,4.24457522787433e-05,1.1760228555033876e-09,0.011543176524114856,0.04295151875978101,1.2841661174051502e-06,2.8476129846479964e-06,7.713592465906918e-06,2.58185938109185e-06,1.1428187768629714e-06,3.3098925418873087e-06,2.5860119697829688e-05,0.0025979522331417504,6.783067755464444e-08,0.03150525908635518
68,0.0001289915571797284,1.4052536436028453e-05,9.842714217886428e-06,0.0005853970734940467,0.0007573865031740494,2.836736720522674e-06,3.128889230950333e-05,2.9930997239074352e-05,0.0009744519371561713,0.0007174282374231356,0.9265188221846832,0.0001660430016186676,2.26577645182599e-09,0.005980143717283338,0.05713348415935778,1.3011983296290201e-06,1.0665516460561462e-06,7.005358962913312e-06,6.946169867842362e-07,2.1578037941474984e-06,3.3188095313922566e-06,1.5907730973994054e-05,0.0006056614461423603,3.3936794130019705e-08,0.006312750032768973
69,0.0009086315696580576,1.5359385770475995e-05,9.450808969608984e-06,0.0006566307253764969,0.0010234531893683237,4.1555999101904137e-07,1.5539626573176405e-05,1.1206249272938925e-05,0.0011202681566343114,0.0006033116834591704,0.9688308204200193,1.726264439137016e-05,2.3021329361418663e-09,0.007120139210944955,0.012232634381890628,8.052475227367749e-07,1.0999498585103796e-06,1.7939014349578924e-06,2.442781198369136e-06,5.795121199062998e-07,2.7318872149040867e-07,6.419511992436995e-06,0.0002485943968744845,2.2475313391255925e-08,0.007172843120510837
70,0.0006808157480885642,1.2727535907782633e-05,7.584269681017421e-06,0.0005869944482130336,0.00083654440956582,3.450377205829571e-07,1.2000421993155079e-05,9.295858135761103e-06,0.00100423004010528,0.0005139126484454344,0.9726432072930548,1.4683287082682648e-05,1.7205596542515293e-09,0.005680450192234947,0.011589847654290074,6.112807298124114e-07,8.528284137609718e-07,1.5510675379634978e-06,1.7094236260079528e-06,5.308490652226533e-07,2.432731055154188e-07,5.332247215651283e-06,0.00022699996824504133,1.5362987516091384e-08,0.006169513133995006
71,0.0027305673464023297,2.941346568313508e-06,1.1550143825852749e-05,0.0006707734178840676,0.0024622701088292138,4.505788142052655e-07,0.00018984398324120347,2.5577786419934567e-05,0.0024947304788115396,0.002829424045788934,0.9594388241065606,2.285548859068594e-05,8.127851022057921e-09,0.010286612181809754,0.005305732901857982,9.74385172846955e-07,2.9607765756126762e-06,1.3940824459866213e-06,1.64181653828888e-06,1.3434709392005783e-06,1.707888126086883e-07,4.996900298540153e-06,0.0003292142941585819,8.23965805429603e-08,0.013185059045222271
