,0,1,2,3,4,5,6,7,8,9,10,11,12,13,14,15,16,17,18,19,20,21,22,23,24
0,0.0007787579423898476,1.419271709363746e-05,6.701842865519205e-06,0.00069889765288698,0.0007787199082184031,3.6688971135327577e-07,1.150839048508361e-05,1.1307823912875718e-05,0.0009973831875959873,0.0005219419952334211,0.9740840193982849,1.3738363630630621e-05,2.13900085270701e-09,0.005342640758416632,0.01098217289937557,6.792366887563517e-07,8.803622186678493e-07,1.91703351879772e-06,2.0812671476523613e-06,5.491387077460502e-07,1.9467311519243292e-07,5.876800919679228e-06,0.00019462185001176732,1.5784444344199213e-08,0.005550831944125856
1,0.0009695686720270324,1.4894166534487347e-05,1.1427881387141287e-05,0.0006864124343548409,0.0010932145383234157,3.990079802472475e-07,9.564841447554065e-06,1.3138083607791861e-05,0.001634390680537606,0.0007185220009741167,0.9774040857431205,1.0783502417955861e-05,2.532911053399973e-09,0.003521246591489369,0.009399983490165704,8.517208781491396e-07,8.139936237725197e-07,1.2474972497489433e-06,3.4173472648860073e-06,5.034850838123875e-07,1.7439589586726175e-07,5.5298762154018155e-06,0.00015083854490816802,1.3094375102231489e-08,0.004348975877226181
2,0.0003495470180583818,8.71701038625414e-06,3.980069117165101e-06,0.00022425741326994805,0.0005619517523522046,1.0220990666079014e-07,3.5265991457241653e-06,6.0120270962818505e-06,0.000632645481596523,0.0002953533873022279,0.977578993581902,7.133560297390909e-06,7.939603117083266e-10,0.0038957786554281904,0.011920835540593934,1.4692721476124096e-07,2.936422335268673e-07,6.830192578652748e-07,6.91898505533705e-07,3.7155301429840943e-07,9.515452201997956e-08,1.957688501111009e-06,0.00010740088975503685,4.738738962354721e-09,0.004399519387843751
3,0.0007176689753389919,1.5929250887391658e-05,6.553591938017009e-06,0.0005966759180499491,0.0007967222257914442,3.51076872671858e-07,1.1276483554892944e-05,9.710411143508985e-06,0.0008824314760743004,0.00046094377340268777,0.9717939222779548,1.4404907014773228e-05,1.8110979172308542e-09,0.0060966284470570856,0.012070369882625725,5.930260797861512e-07,8.661657630797788e-07,1.8418230629561144e-06,2.050824530314499e-06,4.993175046539253e-07,2.003794241227749e-07,6.171555148694473e-06,0.0001902060164820518,1.577668263682221e-08,0.006323964606517334
4,0.0008396919144000753,1.615513184134897e-05,7.148179629874232e-06,0.0006243642198678203,0.0008647930322176964,3.708182099347678e-07,1.2247762042727357e-05,1.0475440661401458e-05,0.0008411846659278449,0.0004976179752036586,0.9709031453629825,1.4832587276062216e-05,2.4240197660583695e-09,0.007161677993109181,0.011721236786632908,6.835993156950106e-07,9.578201899783036e-07,2.121997741788002e-06,2.4597782644146456e-06,5.740680881704903e-07,2.026025287776514e-07,5.907569746626418e-06,0.00019583616028640767,1.9492174497974024e-08,0.006276292617640849
5,0.0006731806117440076,1.756026899731291e-05,4.844294442442993e-06,0.0007825269782567626,0.0006659841187924699,4.0293555406927597e-07,9.50218672757558e-06,9.591799707904202e-06,0.0007828397008736389,0.0004008517803666691,0.9735943840932973,1.2639863155199146e-05,1.9143902596510174e-09,0.005697313633890101,0.011805062118974424,6.473082883523764e-07,8.054818450777087e-07,2.7817480232827877e-06,2.045663863487169e-06,5.527587675585288e-07,1.9236231192424188e-07,6.251236534761882e-06,0.0001995310257372737,1.4712266918345837e-08,0.0053304914031910774
6,0.0007176689753389919,1.5929250887391658e-05,6.553591938017009e-06,0.0005966759180499491,0.0007967222257914442,3.51076872671858e-07,1.1276483554892944e-05,9.710411143508985e-06,0.0008824314760743004,0.00046094377340268777,0.9717939222779548,1.4404907014773228e-05,1.8110979172308542e-09,0.0060966284470570856,0.012070369882625725,5.930260797861512e-07,8.661657630797788e-07,1.8418230629561144e-06,2.050824530314499e-06,4.993175046539253e-07,2.003794241227749e-07,6.171555148694473e-06,0.0001902060164820518,1.577668263682221e-08,0.006323964606517334
7,0.0017599633590451105,6.1752409635645045e-06,1.0814865603205128e-05,0.0005103814611103598,0.00071966114703533,8.493022507553679e-08,1.0244650414321755e-05,1.626454755634751e-05,0.0006422738947422016,0.0009196790290765209,0.9853948159191748,6.446420965915795e-06,4.34581612544913e-09,0.003008408273624128,0.003692924982200952,3.370002974076544e-07,7.476221936693684e-07,4.373399949673514e-07,2.246592754998253e-06,4.3532078198319443e-07,3.5143409988682724e-08,3.436528420345194e-06,3.863013107725427e-05,1.1493819115283709e-08,0.0032555397596963735
8,0.0012223837776099708,9.737989586994148e-06,1.823179616682823e-05,0.00046485986315710176,0.0007653884259039009,1.5188945026756316e-07,1.3457913691242058e-05,9.672837909521073e-06,0.0006729852686826395,0.001071293791284502,0.9636285531638467,1.8258561751166444e-05,2.725378896120332e-09,0.010714531484342663,0.009752130547485286,3.555311749868065e-07,1.2056257064902769e-06,5.5766697124858e-07,1.3872331271231743e-06,6.9478645193068e-07,2.4282767102478316e-07,3.944802827074577e-06,0.0002761317031409506,3.698986472575874e-08,0.011353802796816788
9,0.0007071005713183908,1.1100993720825479e-05,7.036251241815874e-06,0.0003869812397718976,0.00046906286985151565,1.1948887867264117e-07,6.586269614544746e-06,6.709634749057981e-06,0.0005786993549966207,0.0006332538632633961,0.9674163790157052,1.1112986293437087e-05,1.1280539323795277e-09,0.007240303396751665,0.012366439664150911,1.789876623507208e-07,6.242475758149782e-07,5.61238856248491e-07,8.527022873936371e-07,4.110739716550667e-07,1.530144660778534e-07,3.2678212201309112e-06,0.00023747950497198469,1.64334517016642e-08,0.009915568247174893
10,0.0007176689753389919,1.5929250887391658e-05,6.553591938017009e-06,0.0005966759180499491,0.0007967222257914442,3.51076872671858e-07,1.1276483554892944e-05,9.710411143508985e-06,0.0008824314760743004,0.00046094377340268777,0.9717939222779548,1.4404907014773228e-05,1.8110979172308542e-09,0.0060966284470570856,0.012070369882625725,5.930260797861512e-07,8.661657630797788e-07,1.8418230629561144e-06,2.050824530314499e-06,4.993175046539253e-07,2.003794241227749e-07,6.171555148694473e-06,0.0001902060164820518,1.577668263682221e-08,0.006323964606517334
11,0.0008592828644880449,1.541409605874552e-05,7.359940863650771e-06,0.0006366864532319057,0.0008098599645873574,3.6989848414054744e-07,1.2798402013289286e-05,1.2475562713812983e-05,0.0009416069541733292,0.0005590017907811038,0.9721984522631139,1.5517157743197347e-05,2.589576617394791e-09,0.006135225025266018,0.011585486725786699,6.991495107176513e-07,1.0074536934607816e-06,2.0125014963586487e-06,2.424705321118888e-06,5.718412311437277e-07,1.9400006535203826e-07,6.4875432019833185e-06,0.00018697662912488827,1.958775381129871e-08,0.006010066899719319
12,0.0003853681107092093,1.1765827527864277e-05,3.419164542590909e-06,0.0002494521392433342,0.011280077467773493,7.623673418084959e-07,4.655396937845294e-05,3.865008580944674e-07,0.000684306285447395,0.00012894486782933384,0.7592416366086955,1.2636192580901717e-05,8.883140830177505e-10,0.15406332291013092,0.010774533668778652,3.845221100508872e-07,1.142496324405512e-06,1.1371399656990389e-05,6.634459976877985e-07,2.858536365751949e-06,1.2415413892543398e-06,6.936761733107338e-07,0.006171573145967228,6.84878876772608e-08,0.05692683577897632
13,0.00225735459582748,0.00010814954805839951,1.6926099285964287e-05,0.0021133423064172373,0.003298751750462149,4.323797689856226e-06,5.897926716266831e-05,2.8016147577431958e-05,0.00439647743758732,0.0015693765309197495,0.930598154264257,2.866278868725377e-05,6.085325708292143e-09,0.008882849536908467,0.022027825248784744,3.1052963427060373e-06,4.607520159614073e-06,7.438237581371385e-06,1.987503737158384e-05,9.643775417830324e-07,6.587326058667187e-07,4.358560274423252e-05,0.0006187995621900335,1.1532182925729312e-07,0.023911654906682102
14,0.0005060501162856464,2.0752200403357236e-05,5.55174610637821e-06,0.0005958186619884852,0.0008151293407819663,3.305043789756365e-07,6.44528754570306e-06,6.898350283663219e-06,0.0007056702987899527,0.0003232586434777553,0.9773632247076172,8.714572128664523e-06,1.5737504185523927e-09,0.004392894942946899,0.01079032561056961,5.109430170817816e-07,5.552261210423081e-07,1.9185210885521797e-06,2.2335043165620964e-06,4.7652028931285053e-07,1.4612202629327963e-07,4.9879335585040804e-06,0.00013783347476273113,9.434227330710455e-09,0.004310261763538016
15,0.0007176689753389919,1.5929250887391658e-05,6.553591938017009e-06,0.0005966759180499491,0.0007967222257914442,3.51076872671858e-07,1.1276483554892944e-05,9.710411143508985e-06,0.0008824314760743004,0.00046094377340268777,0.9717939222779548,1.4404907014773228e-05,1.8110979172308542e-09,0.0060966284470570856,0.012070369882625725,5.930260797861512e-07,8.661657630797788e-07,1.8418230629561144e-06,2.050824530314499e-06,4.993175046539253e-07,2.003794241227749e-07,6.171555148694473e-06,0.0001902060164820518,1.577668263682221e-08,0.006323964606517334
16,0.0004739679118926278,5.753451347920031e-06,6.733565871373162e-06,0.000520119709408432,0.00045660795944815763,2.515520170421228e-07,1.0782043907277304e-05,7.804803628958757e-06,0.0002829025361974489,0.0002505015275230821,0.9753184886774249,2.243114404356373e-05,2.344350810078958e-09,0.009271853284680921,0.01088493566546372,1.0480759392138085e-06,7.03530935892499e-07,3.3788047785338945e-06,1.0819431992068275e-06,7.705246166706603e-07,4.008339099631052e-07,3.1472391758706436e-06,0.00019698567765021125,1.5691551423713596e-08,0.0022793315010368968
17,0.0008314194065632091,8.699956218123887e-06,6.133124359273171e-06,0.0005112501332316156,0.000722820419168988,1.533940528515738e-07,1.5920946706009884e-05,7.962555298703361e-06,0.0006038118299404906,0.000307031503625022,0.9732115336935689,1.8596861746166063e-05,1.5836860411902156e-09,0.008723437672411963,0.007695578911906601,4.1787614714958224e-07,8.548298028386584e-07,1.0514305819416767e-06,9.123843662834533e-07,4.307802903147406e-07,1.5595272995573723e-07,4.823430105032492e-06,0.00014382923521610004,1.3011915506859078e-08,0.007183159076360962
18,0.0013232707073059968,2.3517181329524958e-05,3.883569646592654e-06,0.00037686720076954327,0.000935690492499068,2.1045051767224294e-07,1.864884339449232e-05,5.099802729232341e-06,0.0008822643335573013,0.0003902864045840263,0.947828032537498,9.860845553833347e-06,9.7270637341348e-10,0.009400393301926338,0.00977055676649858,2.0399883148569745e-07,2.6821220873708987e-06,1.5005652707058358e-06,2.1806016620693748e-06,3.237391832633013e-07,1.3659370639318656e-07,1.1053309831546865e-05,0.00024630083713072967,2.329823982730958e-08,0.02876701152353971
19,0.0010515638501093093,1.1962911888041389e-05,1.329570644429926e-05,0.0008838065750118777,0.0010498450345276468,5.659053567081788e-07,3.0605624632348973e-05,2.4192828256713433e-05,0.0015667389946999644,0.0014997183900352339,0.9720481643458838,2.9736010487256335e-05,4.375897760456352e-09,0.004556394195260347,0.009205538144939173,9.094409167418437e-07,1.4429258847875885e-06,1.2052070822098958e-06,2.331433076046635e-06,7.620052395589763e-07,1.9609295024654708e-07,1.1950446898038897e-05,0.00016009853152226526,3.030328441478106e-08,0.007848940719715026
20,0.0002680566090665463,2.9156313121970582e-05,4.233799091336447e-06,0.0005208449053905294,0.00026506184775453083,3.268080836578682e-07,4.547174681312926e-06,1.378496323417708e-05,0.0006147362331687893,0.0002606008826932077,0.962827682572201,2.1191083194784877e-05,9.197429381498826e-10,0.0032864689716429903,0.02777076808088267,4.3034813482604426e-07,4.5992168616816874e-07,1.8796004934477386e-06,1.1998829581865903e-06,3.1542783853777424e-07,2.552280210860341e-07,1.1170477266024508e-05,0.00012739687332220386,7.884868586522445e-09,0.0039694231914606986
21,0.0011292162089870182,3.408493706976858e-05,1.1026157154274844e-05,0.0006955764384644318,0.0015040622042679164,8.20562178192503e-07,2.481855196142017e-05,1.9145664394521398e-05,0.0019823272579730165,0.0010376803259909007,0.955506036893165,1.9128063865825514e-05,3.1803649323212084e-09,0.006233170025673514,0.01748305838718084,8.13342412693028e-07,2.177350913719458e-06,2.5093481648080864e-06,4.918111627344153e-06,6.677946147730984e-07,3.102323228044469e-07,1.466288240947403e-05,0.0003181246053156438,4.390516606896988e-08,0.01397561756836121
22,0.00035974235698097747,4.020497127838127e-06,3.961462331390321e-06,0.0004330162777408549,0.00031987566432359495,1.0857207462975996e-07,4.7046829225661845e-06,4.3679793945011106e-06,0.00030439902104854974,0.0002853886999062905,0.9881709956238262,6.776070356396944e-06,1.0552954376862284e-09,0.0028948631095024645,0.005047254878116277,3.328843365399813e-07,5.951101636202334e-07,1.2554342604856968e-06,6.787396727057423e-07,4.372820785971303e-07,1.2648407831719976e-07,2.6287015286373025e-06,0.00010185603883415579,5.180170020091033e-09,0.0020526081939289255
23,0.0007176689753389919,1.5929250887391658e-05,6.553591938017009e-06,0.0005966759180499491,0.0007967222257914442,3.51076872671858e-07,1.1276483554892944e-05,9.710411143508985e-06,0.0008824314760743004,0.00046094377340268777,0.9717939222779548,1.4404907014773228e-05,1.8110979172308542e-09,0.0060966284470570856,0.012070369882625725,5.930260797861512e-07,8.661657630797788e-07,1.8418230629561144e-06,2.050824530314499e-06,4.993175046539253e-07,2.003794241227749e-07,6.171555148694473e-06,0.0001902060164820518,1.577668263682221e-08,0.006323964606517334
24,0.000601653361036265,1.4024939713880501e-05,4.756837150416347e-06,0.0007372668375055344,0.0007050120420413044,2.139694531229676e-07,6.579906934000252e-06,6.488742535177282e-06,0.000549056406396655,0.0003020056938997528,0.9796837323375212,1.0439050576135481e-05,1.578549265558466e-09,0.0053427618126014745,0.007299719045181704,4.18333860982607e-07,5.285810924536899e-07,1.4179818579511174e-06,1.3256798785631938e-06,4.869279867028415e-07,1.1005461011028128e-07,4.334319310895295e-06,0.0001133947253886195,8.207260797480498e-09,0.004614262627657215
25,0.0014750374145470967,0.0002604219267843057,1.9282086639690396e-05,0.0015350163473261346,0.0033772545645014327,6.403827892424665e-06,2.5969405649771675e-05,1.726929257652317e-05,0.005179909239946405,0.0011047321430952641,0.8966158229385682,2.5449575167649575e-05,3.1548660857090027e-09,0.010106199359141617,0.04940717600715672,2.8958730350263993e-06,3.562205567943763e-06,9.12299689700969e-06,2.95756346082467e-05,7.897795973124672e-07,1.4401420625504224e-06,4.252472123393719e-05,0.001222137449833918,1.085632075639707e-07,0.029531895350097075
26,0.0021776224253694156,2.4990368201640082e-05,8.957619172433969e-06,0.0008049162358459424,0.001717280141781273,9.03014737494029e-07,2.5582229679463077e-05,1.6469611808816605e-05,0.003237606289060584,0.0011473097048099,0.9567289732980006,1.0050046395141345e-05,4.414804005491422e-09,0.006529515488595579,0.013313350167233385,9.822248512180146e-07,2.794746585780284e-06,4.694797997626604e-06,6.423710463332012e-06,8.659996324913908e-07,3.2396621152876913e-07,8.080013777457606e-06,0.0006920621793873148,5.818157781153936e-08,0.013540183124019913
27,0.0006027614934408772,2.9335486652506087e-05,4.196190131132413e-06,0.0006157123204955351,0.0005976305429642517,3.5135231373950027e-07,8.08360722036248e-06,1.1343290712347183e-05,0.0013055004940047549,0.0004018884374640766,0.9685394764552446,1.2023329418367452e-05,1.020476874148842e-09,0.003721680230043547,0.015627218028304735,3.807321278435324e-07,6.426375624536489e-07,1.2761114058481622e-06,2.0375665097551986e-06,2.7897653886824664e-07,1.1535068730312628e-07,9.990438135961393e-06,0.000133879182317649,9.264795648338436e-09,0.008374187461030887
28,0.0007176689753389919,1.5929250887391658e-05,6.553591938017009e-06,0.0005966759180499491,0.0007967222257914442,3.51076872671858e-07,1.1276483554892944e-05,9.710411143508985e-06,0.0008824314760743004,0.00046094377340268777,0.9717939222779548,1.4404907014773228e-05,1.8110979172308542e-09,0.0060966284470570856,0.012070369882625725,5.930260797861512e-07,8.661657630797788e-07,1.8418230629561144e-06,2.050824530314499e-06,4.993175046539253e-07,2.003794241227749e-07,6.171555148694473e-06,0.0001902060164820518,1.577668263682221e-08,0.006323964606517334
29,0.0007176689753389919,1.5929250887391658e-05,6.553591938017009e-06,0.0005966759180499491,0.0007967222257914442,3.51076872671858e-07,1.1276483554892944e-05,9.710411143508985e-06,0.0008824314760743004,0.00046094377340268777,0.9717939222779548,1.4404907014773228e-05,1.8110979172308542e-09,0.0060966284470570856,0.012070369882625725,5.930260797861512e-07,8.661657630797788e-07,1.8418230629561144e-06,2.050824530314499e-06,4.993175046539253e-07,2.003794241227749e-07,6.171555148694473e-06,0.0001902060164820518,1.577668263682221e-08,0.006323964606517334
30,0.0007176689753389919,1.5929250887391658e-05,6.553591938017009e-06,0.0005966759180499491,0.0007967222257914442,3.51076872671858e-07,1.1276483554892944e-05,9.710411143508985e-06,0.0008824314760743004,0.00046094377340268777,0.9717939222779548,1.4404907014773228e-05,1.8110979172308542e-09,0.0060966284470570856,0.012070369882625725,5.930260797861512e-07,8.661657630797788e-07,1.8418230629561144e-06,2.050824530314499e-06,4.993175046539253e-07,2.003794241227749e-07,6.171555148694473e-06,0.0001902060164820518,1.577668263682221e-08,0.006323964606517334
31,0.0014659517198891076,1.686510090322895e-05,1.5053594871444484e-05,0.0005601688542186265,0.0006718715954379863,2.153756646539317e-07,1.038721314046019e-05,3.3785557317172e-05,0.0008986466068841464,0.00046376385499940814,0.9735076850319225,1.87787889359526e-05,5.505719780423911e-09,0.005259206652180161,0.013287817902592787,9.520805710757605e-07,1.2045868086879687e-06,2.0058926932413165e-06,3.4643013864125734e-06,6.132321252920935e-07,2.3161397674000477e-07,6.181981499777436e-06,0.0001248330596843529,2.3164533509736747e-08,0.0036502867320433
32,0.0008526918444834703,2.1437161044905562e-05,7.3766555803758855e-06,0.000645997970394749,0.0008875779219720528,4.165001961932403e-07,1.0853961080958802e-05,1.0724647632043855e-05,0.0009702794002810421,0.000490218504935117,0.9703040019446264,1.3776008612484827e-05,2.2279220554441257e-09,0.006221427032453666,0.0127961260691917,6.975544099666706e-07,1.0003455566078934e-06,2.229095293207313e-06,3.061545299637822e-06,5.179390454976372e-07,2.0671970394219627e-07,7.158385285280078e-06,0.00019612951901989135,1.880054052602543e-08,0.00655607224543794
33,0.0010720787866986292,2.395287009669916e-05,8.575235484184696e-06,0.0008410633255747353,0.001001590239555085,5.581178812919275e-07,1.624315158818008e-05,1.3709634709722106e-05,0.0010036588727018406,0.0005863058922285194,0.9671663445840277,1.889961892533855e-05,3.1722782488349202e-09,0.007674531554405449,0.012880664489924238,1.0317251447922947e-06,1.4866951304021857e-06,3.040796713428544e-06,3.97818073153917e-06,6.287328680286791e-07,2.5775136403044423e-07,1.0129818282947948e-05,0.00022506751776757875,2.9288340485095216e-08,0.007446169947576925
34,0.0033336460012387136,5.55081315988226e-06,6.320166041651315e-06,0.0002562497263671758,0.0008471556496397456,3.434068529958991e-08,3.2049587238984878e-06,5.424091518656108e-06,0.0004706113908987706,0.00020026458264570056,0.983419901075726,2.326104320239241e-06,2.136757005047826e-09,0.005729823111711118,0.0034555619047811573,2.4367130394919076e-07,5.068709287517448e-07,7.365647867458603e-07,2.9499271558181274e-06,2.285878807935228e-07,3.7233561572167245e-08,9.275722636506156e-07,4.90590860229863e-05,5.625642556252652e-09,0.0022092288062380634
35,0.0025596211145498815,5.0949858187169226e-05,4.84349509793437e-06,0.0009375652675807042,0.0006254499520797775,2.664576783411621e-07,7.918123981294458e-06,6.750445953965229e-05,0.005858295108038756,0.0004506495066464178,0.9700776172229307,7.350303428102192e-06,2.1227311492865746e-09,0.0010156849234845015,0.01223415223526563,4.962812209137817e-07,8.928306301413171e-07,1.0588257036980726e-06,5.58384238934136e-06,1.4986783933829636e-07,4.072625524559098e-08,1.9941593557366724e-05,4.920708279199804e-05,5.9317553004805964e-09,0.006024752866636437
36,0.0007043685921759535,1.1404066060250646e-05,4.059581299390751e-06,0.0005014644827934788,0.00037370164096046314,2.1021637527070312e-07,2.2616962474256746e-05,1.8353810222232573e-05,0.0006057623213535843,0.0002765894905959376,0.9697474015862416,4.573213025141613e-05,1.6905923755202436e-09,0.007655504130010844,0.012503279684787262,6.226256138840052e-07,1.4932246395756604e-06,2.0744291764785977e-06,1.1824982664528056e-06,3.320187809235809e-07,1.5789512932216132e-07,1.6314536038427187e-05,9.712715799871873e-05,1.5030467062309067e-08,0.0074102301976948035
37,0.0017553345875367453,9.988190101858e-06,1.0619161550139132e-05,0.000636319291048058,0.0011386442082159524,2.929152943863005e-07,2.737914830038592e-05,5.210588721814501e-06,0.00034629598253146845,0.00039944732152299794,0.943411335196608,2.3003619465952807e-05,3.605647741203722e-09,0.033798676214837856,0.009158570104903035,1.1186601583739e-06,1.8995757524436224e-06,3.5752886762715853e-06,2.5300277763385323e-06,8.334801158519382e-07,4.806396766199621e-07,4.083286610948031e-06,0.0004258610412355629,6.198533691389188e-08,0.008838435878374394
38,0.0006851887171353479,1.9380634215873104e-05,8.530164174459464e-06,0.0007714351974458781,0.0007730110355330375,1.0082784758766597e-06,2.042146026032406e-05,1.2564125931529075e-05,0.0009240649043361765,0.0005360141996535291,0.9625878372020941,2.561356295209166e-05,2.9858958220020316e-09,0.007826340926291331,0.02036478683215183,1.7597817337527372e-06,1.183159265404311e-06,4.931009543591847e-06,3.5831796109993873e-06,6.777963761097993e-07,5.648616358923199e-07,9.211991587451418e-06,0.0003894565571949562,3.442717836798332e-08,0.0050323970093264035
39,0.0009288984083819698,7.763675607993668e-05,3.771264920348692e-05,0.0015816761458680374,0.0014077654253796016,3.401643618897433e-06,2.406162485505883e-05,5.378768886452506e-05,0.002575165684876098,0.0008096640207998704,0.9402638596224163,8.04681566746167e-05,6.6108964907180315e-09,0.0056028758970666556,0.03859189406384511,5.6119483018321796e-06,3.797940180301093e-06,7.827299844671898e-06,1.1086284673998813e-05,1.2508833533536043e-06,2.9006613578858295e-06,4.216068907684883e-05,0.0005480547230690167,6.881801599557609e-08,0.0073383663532994615
40,0.000811695822899518,1.2794151716234404e-05,9.680089374611956e-06,0.00019738380149303655,0.001333836506630835,7.917424526613509e-08,7.859033383179383e-06,3.4517532986527104e-06,0.00033503875632804296,0.00015220434240538084,0.963831784208193,1.582055533226515e-05,1.1397925145468518e-09,0.016388250691335222,0.008863903987167673,2.3048341160897703e-07,5.676554478408418e-07,6.359886741103315e-07,1.2243665004457571e-06,3.286393770197894e-07,1.583148509322969e-07,2.699487930727519e-06,9.896802952420595e-05,9.82249253538675e-09,0.007931393198195245
41,0.00043489129637851995,1.6908794358578713e-05,3.869781325450072e-06,0.0006077791493089264,0.0008214195892048767,1.9155470027047016e-07,2.6114391682306105e-06,7.77076435035237e-06,0.0009058857063027083,0.00022237402512867107,0.9829137776521798,4.521921832363897e-06,1.2658090593309173e-09,0.002930374481987596,0.009000574362678862,4.155036107685258e-07,1.9362732593776373e-07,1.33743407685975e-06,1.7370255778084305e-06,3.582827907275444e-07,6.355459737333992e-08,2.143512287660521e-06,7.032597666117273e-05,3.229594500439242e-09,0.0020504700687628795
42,0.0009988969718705452,0.0001426043762375098,2.8200133852138284e-05,0.002513292024966946,0.0006771113268456898,1.4748705663478659e-06,8.869710600952032e-06,7.915156960952197e-05,0.0031281280661424817,0.0005877861471766495,0.9640789808353675,3.40561164035531e-05,3.7907770601893075e-09,0.001296521787689164,0.02217205638940733,3.4502320593935933e-06,2.0387517352480686e-06,2.446507643405557e-06,1.3420916783288115e-05,4.081015204891421e-07,4.98710594438663e-07,8.035475054520559e-05,9.898530029843284e-05,1.6504791160105242e-08,0.004051246106515536
43,0.001062051025838424,2.8644784668482563e-05,2.6389880876336176e-05,0.0015395820138555324,0.0015972252244082828,2.6855317331026936e-06,2.6467165532030993e-05,4.247075883589311e-05,0.0028480444071049514,0.0027163723286605136,0.9589462988832298,3.4499136673984694e-05,7.873440451150824e-09,0.003446883822049525,0.02112510985264333,2.920021277154639e-06,3.6482032470926392e-06,4.70885312903418e-06,8.110242402303988e-06,1.560080182828984e-06,1.3781262251358333e-06,2.3808586176805137e-05,0.0004994704650309638,6.96223486896932e-08,0.0060115931104297235
44,0.0007176689753389919,1.5929250887391658e-05,6.553591938017009e-06,0.0005966759180499491,0.0007967222257914442,3.51076872671858e-07,1.1276483554892944e-05,9.710411143508985e-06,0.0008824314760743004,0.00046094377340268777,0.9717939222779548,1.4404907014773228e-05,1.8110979172308542e-09,0.0060966284470570856,0.012070369882625725,5.930260797861512e-07,8.661657630797788e-07,1.8418230629561144e-06,2.050824530314499e-06,4.993175046539253e-07,2.003794241227749e-07,6.171555148694473e-06,0.0001902060164820518,1.577668263682221e-08,0.006323964606517334
45,0.0009687350364615395,1.73070917724362e-05,9.165925686718111e-06,0.00079699874920738,0.0006995777164727562,6.792887923044107e-07,2.789874750388667e-05,5.344636307641814e-05,0.001373773602663512,0.0008794260657729507,0.9652241190189186,3.149007352061315e-05,5.955425881446414e-09,0.005169379531510916,0.02087690595470878,1.8458561525536006e-06,1.1893815865266926e-06,3.6980900334412364e-06,3.989429183291265e-06,6.751736698985224e-07,2.3991182188292906e-07,1.2961018405818133e-05,0.00013642387072303764,3.4393976356461497e-08,0.0037100337529526496
46,0.003689258590439501,1.3699095814539876e-05,1.9702814663347394e-05,0.002492675965382027,0.0007598817575145675,7.922877806333946e-07,4.039382849045862e-05,3.455994904892694e-05,0.0010557271532130453,0.0017162050035496499,0.9733502635100526,4.393864854245922e-05,1.0471869031457754e-08,0.0038569844247750237,0.004255738280179873,2.099517678075933e-06,1.2954761760508206e-05,2.620512395515594e-06,5.31740606937534e-06,1.1098374623876028e-06,5.063985348317634e-07,4.2294485879971774e-05,0.0002106690419921754,6.83465788763642e-08,0.0083925279103325
47,0.004987324844174485,2.3271510338214265e-05,2.3883004103467178e-05,0.0020374910541935856,0.001001094073659221,7.449661625242729e-07,4.284778505229593e-05,4.2081751493232754e-05,0.0013490355479495717,0.0011396527686389913,0.9661683148460419,4.235780632321797e-05,1.2146595777958078e-08,0.0076525638712518175,0.00826415560998072,3.6318141843130404e-06,5.150137547169578e-06,3.338548895231279e-06,1.0155568300667944e-05,7.416621967919434e-07,4.024111611808537e-07,2.7121657997562432e-05,0.0002086562772650341,8.274159322900479e-08,0.006965887594899833
48,0.003100692386229793,4.973318809823969e-05,1.8023531647485045e-05,0.0012057574049777902,0.0016213792667706586,1.4086634002278728e-06,3.796652653606764e-05,4.0788995161528626e-05,0.002165030020710548,0.0018259031446424868,0.9503383979292799,2.5960191339537553e-05,1.0045311086987863e-08,0.008074058591822732,0.01707368275887336,2.100739936994668e-06,6.0965277282688235e-06,5.494772817754035e-06,1.6647035195481137e-05,9.768885794019448e-07,4.2410568384593113e-07,2.825930398471485e-05,0.0003667243275742823,1.2975561800350699e-07,0.013994353898079865
49,0.0006190188201606856,3.0975828487292856e-05,1.1968846086455678e-05,0.0009391989032183654,0.0008867265929416051,7.983001658906762e-07,1.4913705733827276e-05,1.8492650891803416e-05,0.001390376957488495,0.0006822289589645725,0.9681477728507938,3.154356468791421e-05,2.4843974381681746e-09,0.004005089385112854,0.015642261654227697,9.913800335907486e-07,1.2816373465970973e-06,1.9164202990985976e-06,2.9251745903238905e-06,6.418989479939605e-07,3.601689779362921e-07,1.846525194614273e-05,0.00018835112223413477,2.028567368097979e-08,0.007363677156591753
50,0.000372119294394165,5.0945822186381275e-05,6.7076870849337085e-06,0.0007443000870371464,0.0007603030560393927,6.454531805478478e-07,5.125267104202367e-06,7.932381690662637e-06,0.0011765361812416694,0.00023614629318121649,0.9645028224250793,1.3798960313483103e-05,9.906832632305218e-10,0.003918545983158128,0.021929915913680015,6.894908546580655e-07,6.654986554948826e-07,2.6810465974980835e-06,2.5444266741607746e-06,4.376578251585299e-07,4.225991767438974e-07,9.755500333783768e-06,0.00028251800791617335,9.703561779042562e-09,0.005974430272350087
51,0.0003763618773885564,3.158722294173725e-05,3.892788583687552e-06,0.0007525314033433608,0.0003904260200136341,2.654582589948894e-07,4.266947702244975e-06,9.493587613891976e-06,0.0007202162810281146,0.00022656929583734456,0.9741939017068064,1.1199009809950314e-05,8.627775295170971e-10,0.0031547061132486533,0.015317359728837899,3.70644164171047e-07,4.0167133563646606e-07,1.3524063536247046e-06,1.3715577134797683e-06,2.876822496649833e-07,1.3041413883757272e-07,8.341281310056652e-06,0.000105236084571406,5.582258925148518e-09,0.004689724371712139
52,0.00040395166593544345,4.484327346182652e-06,2.051531327635785e-06,0.0006192590662432257,0.00034351586357636013,4.967294081467872e-07,3.1565675328647257e-06,2.212957577817946e-05,0.0007652390320292187,0.0014719524806397508,0.9798408118011888,7.516243364789665e-06,3.3302283944313096e-09,0.0020019074939155762,0.01354010016282214,5.001004414001369e-07,1.7402875920479094e-07,3.239432361909967e-06,1.785232193081727e-06,8.327276447718247e-07,5.443527510256422e-08,2.0404823625207207e-06,6.884496877090946e-05,7.0216284356542e-09,0.0008959456992261857
53,0.00027237676076653946,2.261830004094489e-06,3.5317278693213683e-06,0.00036552765431029164,0.0005241240853346272,1.5963427504073914e-07,2.029893649776283e-05,3.3337440137019424e-06,0.00040752983626376067,0.00028631167803230324,0.9784082810558193,1.5603142157103762e-05,9.135696917914275e-10,0.008043248634446522,0.006902030137795921,3.7332926370927595e-07,4.6401913139142766e-07,1.3698613912302706e-06,2.4852400315582634e-07,6.564686271735937e-07,2.2901956430063936e-07,1.770626813026406e-06,0.0003023896771648028,9.734621728903558e-09,0.004437868968263545
54,0.0007201011890153281,8.198814981259141e-06,8.402212052165171e-06,0.0005959249358498277,0.0008183307582725977,3.3388031982245233e-07,1.107345134190487e-05,1.0555535105489337e-05,0.0007936240032275208,0.0005831949324882201,0.9787667319473758,1.4160306847750307e-05,2.8611692368639965e-09,0.005079114200985904,0.008608124901266426,7.455056342134067e-07,9.920310492927721e-07,2.1591880774216617e-06,1.8243329570022926e-06,7.772475880937053e-07,2.48291123257917e-07,4.159943606458034e-06,0.00020838049828928606,1.694715385715305e-08,0.0037628220842219067
55,0.000893523740111765,1.0861293854585657e-05,8.170653455884587e-06,0.0007088359489109131,0.0011120094423388244,5.966876801418311e-07,3.8401848819261366e-05,2.8639397398343746e-05,0.0014350498945588158,0.0004820235423704877,0.9616597511702963,8.320508340500637e-05,4.944771633616766e-09,0.011969960899416078,0.014378050390599355,1.7163260779877925e-06,1.0471892057533613e-06,3.838869677323849e-06,1.7476798450175317e-06,9.035052716108494e-07,2.8081156651657914e-07,9.573819571836557e-06,0.0002019368091323633,2.8560859624681546e-08,0.006969841490804517
56,0.0008109374953123354,1.572898182005797e-05,7.163623671968155e-06,0.0006580646832816567,0.0008240975275612339,3.8761538771769337e-07,1.244885865976753e-05,1.1801421218562079e-05,0.0009329032213930247,0.0005323219550341157,0.9721404982935397,1.549573919532659e-05,2.4330794806694255e-09,0.006122720732973675,0.011691556536282694,6.980717206225298e-07,9.614267084232712e-07,2.0582046739564615e-06,2.3405158669067975e-06,5.76078994469005e-07,2.029808682602435e-07,6.446916107785156e-06,0.00019027486854501625,1.847514901945855e-08,0.006020293342954146
57,0.0008249213748569526,1.7413224614037596e-05,2.9611189444125092e-05,0.0006053107412195164,0.00163401018016016,5.558134155939862e-07,1.9041762574966917e-05,1.926373079311376e-05,0.001326810643335019,0.00089205059919991,0.9707037453746575,3.9157202029727316e-05,4.749973940293658e-09,0.005804826246187154,0.011562115807070748,1.2982427605832468e-06,1.6624569594331646e-06,1.3940007795644031e-06,3.406631049623247e-06,1.0137866185827873e-06,4.772205844286707e-07,1.0539287516687916e-05,0.00018153824260041382,2.913534798060615e-08,0.006319802356250356
58,0.0011111661214792694,2.1148882842141963e-05,9.893690777139982e-06,0.0007231502113510958,0.0010911957512901662,6.030173732748341e-07,1.894507028532853e-05,1.5227700033149539e-05,0.001148659313795553,0.00079403320756857,0.9631790723544065,2.1138383879908923e-05,3.6792596869247373e-09,0.008385678666117434,0.014648336301115412,9.57661455763688e-07,1.5687629468785356e-06,2.9484587649553068e-06,3.695657452973823e-06,7.600763893974967e-07,3.093254943261332e-07,9.040676080244074e-06,0.00029439528988911144,3.926387975508913e-08,0.008518032476072076
59,0.000993475683137579,1.920071713638722e-05,1.149335339118669e-05,0.0006826313881384021,0.0010764968664717539,5.133331932863139e-07,1.755305771155666e-05,1.4302679894211251e-05,0.0010634305631028438,0.0007140210236792883,0.9662191641011494,2.123336088142051e-05,3.438603678060219e-09,0.007695443966938031,0.01346472123234306,9.144243039538587e-07,1.4679244579455664e-06,2.421610020349968e-06,3.1548715812290193e-06,7.701607442454644e-07,3.262858886067474e-07,8.304196841791936e-06,0.000269670164031736,3.3544127432958624e-08,0.007719252052230543
60,0.0007176689753389919,1.5929250887391658e-05,6.553591938017009e-06,0.0005966759180499491,0.0007967222257914442,3.51076872671858e-07,1.1276483554892944e-05,9.710411143508985e-06,0.0008824314760743004,0.00046094377340268777,0.9717939222779548,1.4404907014773228e-05,1.8110979172308542e-09,0.0060966284470570856,0.012070369882625725,5.930260797861512e-07,8.661657630797788e-07,1.8418230629561144e-06,2.050824530314499e-06,4.993175046539253e-07,2.003794241227749e-07,6.171555148694473e-06,0.0001902060164820518,1.577668263682221e-08,0.006323964606517334
61,0.0009405227522238161,1.8509636813408495e-05,1.0394491275571757e-05,0.0006080356022181016,0.001045964641040299,4.624858940406879e-07,1.579979098428894e-05,1.2211133089178088e-05,0.0010427781484985434,0.0006358612445874762,0.9665996213396321,1.920764110214016e-05,2.815286930694219e-09,0.007599502462142217,0.013373265398226251,7.953596492982822e-07,1.2990719352764495e-06,2.150546075456132e-06,2.9119084808633903e-06,6.612589578881515e-07,2.9838674323197724e-07,7.5140175699192654e-06,0.00025729729839360467,2.8361522100947904e-08,0.00780490420765794
62,0.0007176689753389919,1.5929250887391658e-05,6.553591938017009e-06,0.0005966759180499491,0.0007967222257914442,3.51076872671858e-07,1.1276483554892944e-05,9.710411143508985e-06,0.0008824314760743004,0.00046094377340268777,0.9717939222779548,1.4404907014773228e-05,1.8110979172308542e-09,0.0060966284470570856,0.012070369882625725,5.930260797861512e-07,8.661657630797788e-07,1.8418230629561144e-06,2.050824530314499e-06,4.993175046539253e-07,2.003794241227749e-07,6.171555148694473e-06,0.0001902060164820518,1.577668263682221e-08,0.006323964606517334
63,0.0006748544054710246,2.4682634734046683e-05,5.866707774035243e-06,0.0006233843050362797,0.0007786668178726603,3.966759772095136e-07,9.301986389775828e-06,9.429237514828312e-06,0.0009851952286828371,0.00039710807862033184,0.9695592336013191,1.2590610232511481e-05,1.5552997900985078e-09,0.005453853988343733,0.014255757890624998,5.535257629368789e-07,8.115572340696314e-07,1.9867713422042097e-06,2.4272213523157635e-06,4.311866116118652e-07,1.9470262167879068e-07,7.4416991777492465e-06,0.00019039571185874897,1.41301627555834e-08,0.007005419769982805
64,0.0006464234456422921,1.788608841701666e-05,1.0394007679216562e-05,0.000619913799861928,0.000876664659955636,4.5596630148694945e-07,1.164472853902178e-05,9.277518672107528e-06,0.0008849137059941575,0.0004666466780192038,0.9692395288529323,2.0123156604925666e-05,1.9469906513163404e-09,0.006478610354464044,0.014014848227268796,7.827083208944427e-07,1.1254382508160547e-06,1.976313412185461e-06,2.111268305554604e-06,6.163784722552714e-07,4.47200335874634e-07,7.278753049753913e-06,0.00027658258594927824,1.9512240192963056e-08,0.006411726704320635
65,0.0007540332251996564,1.1647675482138355e-05,5.875716799271169e-06,0.0005459552933795251,0.0007028673013435185,2.651747253377612e-07,1.0301790346853122e-05,1.0181416438966467e-05,0.0008187178451303982,0.0004755293688440159,0.9761980956798877,1.255660103242402e-05,1.8283793046257297e-09,0.005283439617609196,0.01000339940402698,5.226286085987859e-07,7.419954164018169e-07,1.4731475769953888e-06,1.8087628958374226e-06,4.4143295502923235e-07,1.3889192328470623e-07,5.07406729635792e-06,0.00013976572732776456,1.2813060575343832e-08,0.005017152594313934
66,0.0015876144467905702,6.5934925451241064e-06,1.663335698254918e-05,0.0006591503325515789,0.0020542162008764828,3.3312851219671506e-07,2.5696228828891883e-05,1.2057704436045335e-05,0.0010775264437330875,0.0009812077607335538,0.9767141386298566,1.3293038173449778e-05,6.1887115341632e-09,0.006895959407428043,0.004820842689609678,1.0028450104616895e-06,1.5001222450265762e-06,1.4866711171826341e-06,2.9835127360441558e-06,1.0760528226482857e-06,1.8896119004134793e-07,3.6484193099265504e-06,0.0001717599834918619,2.8440357079171898e-08,0.004951055941950117
67,0.0003430253694280782,0.0001060877443934916,8.990106738584297e-06,0.0012714233196750957,0.0006587324532991621,2.9148250121866485e-06,2.0512191261047506e-05,6.214955276593472e-06,0.000971803726879994,0.0003557246347043549,0.9068981943790249,4.083064470431966e-05,1.2477257765130419e-09,0.011838703676305727,0.04400253760629663,1.2406911578582007e-06,2.810262749030211e-06,8.72869987277163e-06,2.9952272483435183e-06,1.0809628092965613e-06,2.6796531224908847e-06,2.9293721564718416e-05,0.0021424658403500323,6.816972055975153e-08,0.031282939890679075
68,0.00013633681787342863,1.7341359316071118e-05,8.474403011157428e-06,0.0006040316029454195,0.0007191749868994988,2.9016587081465835e-06,2.9188203498368722e-05,3.0984822940599156e-05,0.0008666406809578681,0.0006477448092918422,0.9250834975537812,0.0001615732095685893,2.3822168047540674e-09,0.00630872165069913,0.05845888738026499,1.2737947969685914e-06,1.067388805660212e-06,8.158734739928855e-06,8.273046676132738e-07,2.013015411299355e-06,2.7080864853856706e-06,1.821579392925693e-05,0.0005072493220652455,3.424626686174727e-08,0.006382950790858658
69,0.0009336180671125565,1.896020849605717e-05,8.125297143415384e-06,0.0006733993088433676,0.0009649306573998809,4.240063302703501e-07,1.444028713195279e-05,1.1629978407698505e-05,0.000986071775224215,0.0005386666089933677,0.9682629900022967,1.6903440458685262e-05,2.389393863130946e-09,0.007484356982893219,0.012646263805659698,7.812555371597279e-07,1.085199031627782e-06,2.0994257680881055e-06,2.8573037944297974e-06,5.451659103662166e-07,2.2364774846874092e-07,7.350890334577007e-06,0.00020651583750672114,2.2401374581557443e-08,0.007217736057208832
70,0.0007008843767948855,1.57314623047625e-05,6.530232739644583e-06,0.0006024626606481404,0.0007897883092814974,3.5249679448768306e-07,1.1170772333210515e-05,9.6596342756442e-06,0.0008846199946753013,0.00045935291526394444,0.9721227625752751,1.4393750387326438e-05,1.7892437004844047e-09,0.005980117448370271,0.01198679507037469,5.941601119825488e-07,8.428271414053604e-07,1.8170630838688533e-06,2.00422667943543e-06,4.997054540162771e-07,1.9932019390393283e-07,6.113600647152325e-06,0.00018870068733862347,1.5350945340275557e-08,0.006214589569641423
71,0.002787517838734736,3.668996798240181e-06,9.935991542881827e-06,0.0006891321092273533,0.0023119506339073026,4.6204968569049793e-07,0.00017408222501477498,2.6561406615964913e-05,0.0021907903641518404,0.0025105428135509646,0.9594737443487702,2.24148629063837e-05,8.413530617846332e-09,0.010780805439459907,0.005529845879564856,9.499251899655495e-07,2.9206945005919005e-06,1.6481864950261485e-06,1.9317586308015536e-06,1.264749488067834e-06,1.412203272011288e-07,5.747355607023143e-06,0.00027433118406111406,8.187757174497234e-08,0.01319951967466695
