,0,1,2,3,4,5,6,7,8,9,10,11,12,13,14,15,16,17,18,19,20,21,22,23,24
0,0.0009035574309576055,2.698964606396991e-05,7.315039067066931e-06,0.0009621052468184616,0.001530464620030958,6.516029149202063e-07,1.6939010952896815e-05,1.0863314226344717e-05,0.003420477368902014,0.0004764527629819792,0.9719305098032803,1.103031488354314e-05,1.2395917935052978e-09,0.002088057530731911,0.008928703710692213,6.376651292104525e-07,1.2751164036972423e-06,1.3225338370099487e-06,2.3799961532256424e-06,3.5577536283218916e-07,2.3931682990445833e-07,1.3625846274793192e-05,0.00022260044658058717,9.093732484346521e-09,0.00944343556760033
1,0.0011060755969448462,2.8430247207921753e-05,1.2187708968426742e-05,0.0009459334454905603,0.0021221566326443254,7.134284772001962e-07,1.4119332134883298e-05,1.2530620740086276e-05,0.0055701500918997815,0.0006517861814790279,0.9727104660972437,8.799370112000656e-06,1.4472929314815348e-09,0.0013887157738525743,0.0077115742471013824,7.904523284279198e-07,1.1757664088406316e-06,8.695996740177521e-07,3.819702854986949e-06,3.259935748521087e-07,2.1524999313111885e-07,1.293850864492019e-05,0.0001749401050983419,7.56481519587026e-09,0.007521276835017757
2,0.0003972418947476431,1.6791957411131578e-05,4.376661310970178e-06,0.00031279475500307403,0.0010985904491503746,1.8054827405872273e-07,5.229240845478345e-06,5.801080583039426e-06,0.0021424561343299543,0.00026504785240747444,0.9769731513690141,5.702815711155698e-06,4.5610959308489795e-10,0.0015230753028250734,0.00967045049271919,1.3883035381478007e-07,4.217450029103417e-07,4.779164315151919e-07,7.916646716111155e-07,2.4270801854975106e-07,1.1535744547783624e-07,4.593149433457579e-06,0.00012043952997582777,2.706708311893198e-09,0.00745188538151618
3,0.000830013401559579,3.0305390105781505e-05,7.179664135021115e-06,0.0008253329742885214,0.0015756010990998091,6.29531473307512e-07,1.6671243641589614e-05,9.333180810104468e-06,0.0030532934899178336,0.00042296328255492043,0.9699777693845413,1.1675100736926482e-05,1.0508996263034082e-09,0.002377046005401476,0.009794395008020833,5.586277224667886e-07,1.2612686566813325e-06,1.2713750876837582e-06,2.337960153059152e-06,3.251221356443032e-07,2.4821929897966314e-07,1.4391827718281306e-05,0.00021913537669829077,9.093673906892643e-09,0.010828251321668215
4,0.0009761380658194315,3.061490756286183e-05,7.787657677130102e-06,0.000862487702314768,0.0016918251991286932,6.564803082964924e-07,1.79877472063434e-05,1.0110305091065355e-05,0.0028918413889031927,0.0004548410052029127,0.9698841053200907,1.1840197557966073e-05,1.4041246845738676e-09,0.0027815980502438596,0.009524692143552333,6.424075716569375e-07,1.3828441743569156e-06,1.4624203915328006e-06,2.809657268570897e-06,3.71491170204877e-07,2.4811989073944483e-07,1.3665954386698059e-05,0.00022349786056498466,1.1183907710051775e-08,0.010609380485889516
5,0.0007896070672678346,3.315327197468704e-05,5.318473545815271e-06,0.001074775490680573,0.0013059104614647349,7.082799022146889e-07,1.40105550186798e-05,9.299059643394873e-06,0.0026866165917967246,0.0003679127349013358,0.9726440211579411,1.0064082284213493e-05,1.117564179350392e-09,0.0022246772149877,0.0095921856452521,6.092517118739202e-07,1.1644792269511054e-06,1.9057118407388247e-06,2.3529633666901655e-06,3.5752445770725537e-07,2.347012458230166e-07,1.4382223663984476e-05,0.00022671442098979634,8.499035740833488e-09,0.008994009020235517
6,0.000830013401559579,3.0305390105781505e-05,7.179664135021115e-06,0.0008253329742885214,0.0015756010990998091,6.29531473307512e-07,1.6671243641589614e-05,9.333180810104468e-06,0.0030532934899178336,0.00042296328255492043,0.9699777693845413,1.1675100736926482e-05,1.0508996263034082e-09,0.002377046005401476,0.009794395008020833,5.586277224667886e-07,1.2612686566813325e-06,1.2713750876837582e-06,2.337960153059152e-06,3.251221356443032e-07,2.4821929897966314e-07,1.4391827718281306e-05,0.00021913537669829077,9.093673906892643e-09,0.010828251321668215
7,0.001996291848061221,1.2209259787759326e-05,1.0855553352811094e-05,0.000716394539292581,0.001324237147735067,1.5251487792988872e-07,1.4624109500402607e-05,1.5375917033269943e-05,0.002189712026836229,0.0008209940208117308,0.9827891089679421,5.198172188550721e-06,2.403919476712224e-09,0.0012289810056061046,0.003184315200523273,3.1242311699714663e-07,1.0027140144882865e-06,3.1090247081879093e-07,2.5033945469948685e-06,2.7157407950987404e-07,4.1842887632162586e-08,7.960895410249712e-06,4.570676456153039e-05,6.626196867233812e-09,0.005633430175246394
8,0.0013897162967705257,1.8510996447283254e-05,1.8631719019514245e-05,0.000611788980398443,0.001512020082118446,2.771368424090576e-07,1.9685847099571666e-05,9.244683946042073e-06,0.0023367458755768917,0.0009604842139800354,0.9610544282213461,1.467441575901391e-05,1.5837036548659362e-09,0.00429031342552301,0.008138283961980823,3.364162420153276e-07,1.7472768291436747e-06,4.1575206625830744e-07,1.6408232447480756e-06,4.480300694648181e-07,2.9006453506646644e-07,9.059097142762368e-06,0.00031718749385194954,2.131552539795143e-08,0.019294046289981583
9,0.0008110384381453342,2.1154496743863177e-05,7.030812370465124e-06,0.0005110942641378268,0.0009356353049415011,2.2398527739539615e-07,9.694657218148592e-06,6.528437203725678e-06,0.0020189731931271487,0.0005666242695059548,0.9649077728068172,8.64682538038077e-06,6.69947577529739e-10,0.002934506177488735,0.010518004387814818,1.7383689984551064e-07,9.039214869392853e-07,4.521914843207117e-07,1.0496842223969843e-06,2.7226439196326786e-07,1.829222010565184e-07,7.381776439531521e-06,0.00027569263574894466,9.657307311215747e-09,0.01645695238369755
10,0.000830013401559579,3.0305390105781505e-05,7.179664135021115e-06,0.0008253329742885214,0.0015756010990998091,6.29531473307512e-07,1.6671243641589614e-05,9.333180810104468e-06,0.0030532934899178336,0.00042296328255492043,0.9699777693845413,1.1675100736926482e-05,1.0508996263034082e-09,0.002377046005401476,0.009794395008020833,5.586277224667886e-07,1.2612686566813325e-06,1.2713750876837582e-06,2.337960153059152e-06,3.251221356443032e-07,2.4821929897966314e-07,1.4391827718281306e-05,0.00021913537669829077,9.093673906892643e-09,0.010828251321668215
11,0.0009932900784242506,2.9290523917975727e-05,8.025038068930871e-06,0.0008789267694147908,0.0015938824734046339,6.587136675517942e-07,1.8817089539142884e-05,1.1948042398785381e-05,0.0032404290333205472,0.000509913647264484,0.9704264949112776,1.2465652417235572e-05,1.4929205663115242e-09,0.0023910252115414256,0.009410434592561539,6.560941132486207e-07,1.4570441333315375e-06,1.3869534013184997e-06,2.7603050155394687e-06,3.705258839174812e-07,2.3918307918028064e-07,1.5041981019026133e-05,0.00021456042528565522,1.1230763299949928e-08,0.010237912987165887
12,0.0004645574602644911,2.460669585408584e-05,4.090993119516173e-06,0.00036976804534389734,0.022347827957305548,1.4469029122897353e-06,7.056646233759559e-05,4.240929147809888e-07,0.0025993001686687774,0.00012808631992508685,0.7981963670021712,1.1091035876102518e-05,5.450136448044291e-10,0.057507511005698946,0.009367279879572216,3.795671062391877e-07,1.7712904457649108e-06,7.790349008493558e-06,7.97533917770943e-07,1.9127155865597697e-06,1.6139299114812696e-06,1.8299097336744865e-06,0.007235789415510292,4.058591678141885e-08,0.1016551501358846
13,0.0024232068752402173,0.00019492609243194255,1.7975034158488087e-05,0.002783940093740698,0.006357955753451232,7.420955510503669e-06,8.339987466754616e-05,2.5277543173879155e-05,0.014703607211482346,0.0013805645392397843,0.9100342243174786,2.3456827532344537e-05,3.3093789288536215e-09,0.003366932153464176,0.017245873544955787,2.748761502141878e-06,6.444852032550722e-06,4.843451939001079e-06,2.0632769468984154e-05,6.117504135909332e-07,8.055640023538714e-07,9.7869028139663e-05,0.00069868956065515,6.206191435369778e-08,0.04051852807402573
14,0.0006025124600781902,3.944575219396424e-05,6.147333247262654e-06,0.0008238959588163758,0.0015941018646618505,5.863108659110554e-07,9.693518521904386e-06,6.86586840073858e-06,0.0024691825593191395,0.0003007287161475952,0.9759529430635586,7.057953957338628e-06,9.336402774349935e-10,0.0017197470129769194,0.008861807114452452,4.828027824184059e-07,8.203581125955365e-07,1.3239436413676336e-06,2.5578547935881135e-06,3.1327605836083715e-07,1.8138862022011523e-07,1.1598167058827651e-05,0.00016146227439157917,5.6157226584761385e-09,0.007426537897979775
15,0.000830013401559579,3.0305390105781505e-05,7.179664135021115e-06,0.0008253329742885214,0.0015756010990998091,6.29531473307512e-07,1.6671243641589614e-05,9.333180810104468e-06,0.0030532934899178336,0.00042296328255492043,0.9699777693845413,1.1675100736926482e-05,1.0508996263034082e-09,0.002377046005401476,0.009794395008020833,5.586277224667886e-07,1.2612686566813325e-06,1.2713750876837582e-06,2.337960153059152e-06,3.251221356443032e-07,2.4821929897966314e-07,1.4391827718281306e-05,0.00021913537669829077,9.093673906892643e-09,0.010828251321668215
16,0.0005711690243439078,1.1321336475779175e-05,7.2558043906865745e-06,0.0007275761190067633,0.0008826843845594632,4.439790050790065e-07,1.5833092799111547e-05,7.852416519531451e-06,0.001002278685308241,0.0002345699321667938,0.9796914957702668,1.7400544154618452e-05,1.3807829646677496e-09,0.0035864551033238834,0.009086231610340324,9.749307240221663e-07,1.0113843766146906e-06,2.3310469570843914e-06,1.2718419406935992e-06,4.964366246388618e-07,4.737649963753804e-07,7.34675158071338e-06,0.000226268670655573,9.22547426019455e-09,0.003917246763225924
17,0.0009486404179999533,1.6906868244661033e-05,6.74546538316042e-06,0.0007054210463331058,0.0014594248803498804,2.8695827784411875e-07,2.356702056938956e-05,7.641686772285017e-06,0.00214304725951411,0.00028665292484377283,0.9718929899698412,1.53350017430883e-05,9.208110854792664e-10,0.003399992481906792,0.006346579984924441,3.972054976623847e-07,1.2637190093874908e-06,7.423430272620152e-07,1.060400017946433e-06,2.8413061624783946e-07,1.9769859179599162e-07,1.1451015174674794e-05,0.0001701559955634027,7.596122913930105e-09,0.012561207008864015
18,0.001454126264429681,4.449939123418209e-05,4.20584358143872e-06,0.0005245815645014409,0.0018332650063048314,3.911660856505053e-07,2.7060162709348905e-05,4.867628107767367e-06,0.0030816007537570094,0.00035838974028938933,0.9321959839784265,8.273331668876044e-06,5.579135585470984e-10,0.003613162280852347,0.00797303299948615,1.9434396030445342e-07,3.7543760121479193e-06,1.0388266045746967e-06,2.4091492183176488e-06,2.1159010318386262e-07,1.7197841895171303e-07,2.568250101173673e-05,0.0002879742647655087,1.323211964368884e-08,0.048555109068437616
19,0.0011704809849570083,2.3116799747797385e-05,1.4283233969632223e-05,0.0011920439526547492,0.0021224843381920434,1.043879130208459e-06,4.472652829997733e-05,2.2306056983263278e-05,0.005492842382138992,0.0013491449647470258,0.9649872852556288,2.4730224840630725e-05,2.4556195292592507e-09,0.001804298943234002,0.007554618710682309,8.425408746663663e-07,2.1201134608654584e-06,8.483370664457022e-07,2.6202933885956305e-06,4.965792518145444e-07,2.5012169180872383e-07,2.8000713904231344e-05,0.00019161714992191103,1.7327910700386357e-08,0.013969778111702956
20,0.00032110819042474896,5.577301444828904e-05,4.746562213380975e-06,0.0007171648870906399,0.0005452240068638507,5.947499928532938e-07,6.96080880864666e-06,1.347709512845639e-05,0.00219300147962005,0.0002439801674802322,0.9648047776636857,1.7011496004947367e-05,5.585331815942144e-10,0.001320727697545338,0.022609573481887607,4.1321717182151835e-07,6.91122593341756e-07,1.3379741390587263e-06,1.4175546466415519e-06,2.1419503073315177e-07,3.1805294678504455e-07,2.549371956026662e-05,0.0001535547688732071,4.799434238634004e-09,0.00696243273587591
21,0.001265717325378111,6.375320775441694e-05,1.174595245845292e-05,0.0009544603438545857,0.0029081663393227173,1.452806023824503e-06,3.5803044103778046e-05,1.790968672517765e-05,0.0067486177913280865,0.0009309780717157409,0.9464381955965404,1.5558503254280038e-05,1.7887324646075605e-09,0.002413975791758095,0.014067508572714837,7.512672061610429e-07,3.0747224683534983e-06,1.7097109724124448e-06,5.387378363451967e-06,4.286516215407691e-07,3.8009390040502524e-07,3.3683616940259034e-05,0.00036414191134108475,2.4513985442533573e-08,0.023716573311536083
22,0.0004308874859555322,8.007058605107554e-06,4.401225456748451e-06,0.0005830852294373907,0.0006634219428458149,2.0524500675750665e-07,7.2563320484879305e-06,4.392780663092604e-06,0.001121905468749117,0.0002713271591304232,0.9875323218768748,5.6753603734134055e-06,6.446501417774548e-10,0.0011795903121934782,0.004308925678571418,3.1890189659763323e-07,9.09355660272886e-07,9.122162107112716e-07,8.209676553233193e-07,2.9558468221617927e-07,1.6061403033569182e-07,6.224105846359362e-06,0.00012532730492239961,3.2449630829699953e-09,0.003743623903571037
23,0.000830013401559579,3.0305390105781505e-05,7.179664135021115e-06,0.0008253329742885214,0.0015756010990998091,6.29531473307512e-07,1.6671243641589614e-05,9.333180810104468e-06,0.0030532934899178336,0.00042296328255492043,0.9699777693845413,1.1675100736926482e-05,1.0508996263034082e-09,0.002377046005401476,0.009794395008020833,5.586277224667886e-07,1.2612686566813325e-06,1.2713750876837582e-06,2.337960153059152e-06,3.251221356443032e-07,2.4821929897966314e-07,1.4391827718281306e-05,0.00021913537669829077,9.093673906892643e-09,0.010828251321668215
24,0.0007124233124509259,2.6983055104967e-05,5.212314922571586e-06,0.0009761771289278187,0.0014247350796177697,3.9526090207706935e-07,1.000794684948784e-05,6.463898127299338e-06,0.001980954350423752,0.0002852510540759366,0.9779221148158088,8.545807277317726e-06,9.54797164379707e-10,0.0021452471279316153,0.006179563345008096,3.9815537150947036e-07,8.042936427487512e-07,1.033756834776292e-06,1.5836867038537608e-06,3.2714051163758563e-07,1.388094055629176e-07,1.0049460113337811e-05,0.00013816602494380815,5.070242829070016e-09,0.008163418150004292
25,0.0016473363895548301,0.00046235168748701963,2.0742894456415817e-05,0.0020331827338597314,0.0064459261361828205,1.0705122224845198e-05,3.774212568932206e-05,1.633740723510832e-05,0.01740722380864658,0.0009865782657063212,0.8777083022355976,2.0539706428960797e-05,1.7927319682507483e-09,0.003793334625658017,0.03827172683804337,2.5685999797936515e-06,5.066770998608276e-06,5.901380845349748e-06,3.07158579464626e-05,5.106084471132787e-07,1.7226356881052776e-06,9.443720601578006e-05,0.0013750155754125052,6.017687630356577e-08,0.04962196941828708
26,0.0023891226340631184,4.683595709939857e-05,9.697383648748338e-06,0.0010943800971051662,0.003350558044307704,1.5980548423783307e-06,3.699494620515513e-05,1.530736985208206e-05,0.010888004323522582,0.0010228689694516712,0.9441116643587681,8.34016102951848e-06,2.458450666738842e-09,0.0025151591867249214,0.010652695423687884,9.029760476289788e-07,3.957406780393364e-06,3.1257659687428098e-06,6.972906871684302e-06,5.534010445898969e-07,4.0031298431022633e-07,1.8822964570814708e-05,0.0007766459993894418,3.2131411573670944e-08,0.023045356766171726
27,0.0006913495053750307,5.5089693071407605e-05,4.654186997463383e-06,0.0008492456779859938,0.0011993241763281009,6.368036472968265e-07,1.2082465178751749e-05,1.076280414965385e-05,0.004503056860248749,0.00036998930102722434,0.9636611126506246,9.927242438961374e-06,5.953695926692332e-10,0.001464928370598831,0.01256190296551809,3.6122554385955574e-07,9.469230551331414e-07,8.847971488569e-07,2.3010681907720336e-06,1.8437825089352695e-07,1.4631708277277193e-07,2.321332685349967e-05,0.0001567446660209661,5.3933609013426365e-09,0.014421148605932906
28,0.000830013401559579,3.0305390105781505e-05,7.179664135021115e-06,0.0008253329742885214,0.0015756010990998091,6.29531473307512e-07,1.6671243641589614e-05,9.333180810104468e-06,0.0030532934899178336,0.00042296328255492043,0.9699777693845413,1.1675100736926482e-05,1.0508996263034082e-09,0.002377046005401476,0.009794395008020833,5.586277224667886e-07,1.2612686566813325e-06,1.2713750876837582e-06,2.337960153059152e-06,3.251221356443032e-07,2.4821929897966314e-07,1.4391827718281306e-05,0.00021913537669829077,9.093673906892643e-09,0.010828251321668215
29,0.000830013401559579,3.0305390105781505e-05,7.179664135021115e-06,0.0008253329742885214,0.0015756010990998091,6.29531473307512e-07,1.6671243641589614e-05,9.333180810104468e-06,0.0030532934899178336,0.00042296328255492043,0.9699777693845413,1.1675100736926482e-05,1.0508996263034082e-09,0.002377046005401476,0.009794395008020833,5.586277224667886e-07,1.2612686566813325e-06,1.2713750876837582e-06,2.337960153059152e-06,3.251221356443032e-07,2.4821929897966314e-07,1.4391827718281306e-05,0.00021913537669829077,9.093673906892643e-09,0.010828251321668215
30,0.000830013401559579,3.0305390105781505e-05,7.179664135021115e-06,0.0008253329742885214,0.0015756010990998091,6.29531473307512e-07,1.6671243641589614e-05,9.333180810104468e-06,0.0030532934899178336,0.00042296328255492043,0.9699777693845413,1.1675100736926482e-05,1.0508996263034082e-09,0.002377046005401476,0.009794395008020833,5.586277224667886e-07,1.2612686566813325e-06,1.2713750876837582e-06,2.337960153059152e-06,3.251221356443032e-07,2.4821929897966314e-07,1.4391827718281306e-05,0.00021913537669829077,9.093673906892643e-09,0.010828251321668215
31,0.0016622500452193798,3.205804181082226e-05,1.4880330223232419e-05,0.0007736214474094589,0.001212897658827612,3.7213494890263276e-07,1.4797343005194549e-05,3.2146437642538894e-05,0.0030121802516548347,0.000421929852143492,0.9731820185573493,1.476781018212106e-05,3.0432297240817906e-09,0.002086387876243038,0.011184879583979932,8.615399227428466e-07,1.6211588082942484e-06,1.3829813538611635e-06,3.81154023050198e-06,3.7872397929642556e-07,2.6265825239302367e-07,1.4202701139817524e-05,0.00014114476035415185,1.3091726713357574e-08,0.00619113043036266
32,0.0009836431548933967,4.0442729252234666e-05,8.048528716555866e-06,0.0008914139782821829,0.0017464548725963705,7.415213776072812e-07,1.6037627170149692e-05,1.0292826396027012e-05,0.0033423610628659887,0.0004487560676281627,0.9682837193254918,1.1135914153885874e-05,1.2873116901674005e-09,0.0024234962972080874,0.010365904950763115,6.543953600675016e-07,1.4489605286036425e-06,1.5315998420916724e-06,3.4600920322173156e-06,3.3658919894067183e-07,2.5512403219649125e-07,1.659204857431345e-05,0.00022524794336401799,1.0787488368229008e-08,0.011178012315471898
33,0.0012301888336071086,4.506101931909386e-05,9.320945987060008e-06,0.001153159682181223,0.0019644365438976656,9.862705144812796e-07,2.3763867938822826e-05,1.3081697814308347e-05,0.0034535660267915264,0.0005343461313634921,0.9652078679950076,1.5154106540315498e-05,1.8176194404740288e-09,0.0029743066928878347,0.010432487838354794,9.587802298644634e-07,2.1324362134226356e-06,2.073742023215735e-06,4.468395745154683e-06,4.066301637205159e-07,3.1629408720101366e-07,2.3276010867756123e-05,0.00025754493282558204,1.662597378458115e-08,0.012651076682045589
34,0.004062995729653822,1.0188308728681711e-05,6.346419037604048e-06,0.0003454499291373108,0.0015138694559714326,5.363361880203587e-08,4.332396124430084e-06,5.208003666418138e-06,0.0015396717239080095,0.00017639198237129027,0.9836917826983375,1.7201078668809026e-06,1.2120233970100659e-09,0.0022475901550747567,0.0027832954378112255,2.1508575609907476e-07,6.68356435207323e-07,4.882913777798378e-07,3.3011519683637046e-06,1.3710627956916208e-07,3.969004134469309e-08,1.9936452890737246e-06,5.207076677819433e-05,3.067754083721095e-09,0.0035521856449884305
35,0.0028205742392159567,9.374782219302397e-05,5.3914132523371665e-06,0.001264844744129771,0.0012508970371592097,4.828259953963826e-07,1.176241289638021e-05,6.0789509802331864e-05,0.019284599112304318,0.00041153853721832134,0.9540832021937765,6.052707086799587e-06,1.2133218341810884e-09,0.0004103774203734431,0.009824253467265101,4.6535590207886707e-07,1.2960030118619667e-06,7.30525671570307e-07,6.157922166239265e-06,1.0015248013025917e-07,5.309306103194055e-08,4.487841980960469e-05,5.892255949582117e-05,3.501209999930807e-09,0.010358877811201204
36,0.0008035436778466036,2.166623349941491e-05,4.445430907345447e-06,0.0006821627820741954,0.0007099744105018254,3.70780222126131e-07,3.612501532389448e-05,1.86658329612396e-05,0.002090133701265498,0.00024830545925446344,0.9682790867708321,4.223286771113512e-05,9.709069230186412e-10,0.0030447734967152637,0.010357002660842737,5.842667126734212e-07,2.3219900839068264e-06,1.4186495988565288e-06,1.2746202429517645e-06,2.1211348670011768e-07,2.005243323283977e-07,4.223794711533671e-05,0.0001103908550208319,8.8417276166518e-09,0.01350286010081419
37,0.002046459842976463,1.8992806656859446e-05,1.1073076372247919e-05,0.0008258717568402294,0.002221638389437594,5.174547240547639e-07,3.9642305794084225e-05,5.169341099491046e-06,0.0012200013422031541,0.000372526900229182,0.9562785542000503,1.836535274439367e-05,2.1461335976918375e-09,0.013547644495002136,0.007781361477713422,1.0408663534311375e-06,2.7499347699064565e-06,2.5737162743224756e-06,3.0366940287610197e-06,5.374133410461898e-07,5.558751718853904e-07,9.30782118161016e-06,0.0004829412160515785,3.6159916008368395e-08,0.015109399414934173
38,0.0007854928253280866,3.835605607957631e-05,8.74744442916017e-06,0.0010811402183284835,0.0014236366370764717,1.7597968807097086e-06,2.9084543621331284e-05,1.2569956061978486e-05,0.0032242713517133307,0.00048718552525289376,0.963505269517617,1.9853133293837066e-05,1.689721123985785e-09,0.002996378857169478,0.01735827532069794,1.5984082356319437e-06,1.6246526283570453e-06,3.405448670364168e-06,3.9878260956466915e-06,4.325135758637193e-07,6.580040929037174e-07,2.1364495226430418e-05,0.0004473351966694327,1.961518914071005e-08,0.008547550966344793
39,0.0010279958944538123,0.00014501162346262849,3.916437427460972e-05,0.0021093661791988963,0.0028136883924023124,6.049916051489097e-06,3.523226242818213e-05,4.873611457156187e-05,0.008927320860915655,0.0007342877637498735,0.937134011376487,6.485798626064628e-05,3.6555323651704726e-09,0.0022068477035301665,0.030948785074472508,5.002110588590896e-06,5.413998535082899e-06,5.324714640351774e-06,1.2065960578685408e-05,8.044563535123741e-07,3.4641214935885726e-06,9.602903434611028e-05,0.0006362401713124762,3.839097233163547e-08,0.012994257863387693
40,0.0007893345851923417,2.6099570495500028e-05,1.0239566980590449e-05,0.00025437098479867795,0.0024657394405477964,1.2281818282541535e-07,1.0633729471550547e-05,3.218321601564134e-06,0.0011077594778477252,0.00012788767147487725,0.9667830710429517,1.2029847425734556e-05,5.654238716124961e-10,0.006294451925500457,0.007608933358161354,1.787802210777885e-07,7.125311726657071e-07,3.957545238953086e-07,1.2180048557589946e-06,2.0886480455400377e-07,1.7151982849681267e-07,6.043058636679306e-06,0.00010612348410037264,5.031823755639531e-09,0.014391050063976334
41,0.0005195827563200798,3.2523289918593554e-05,4.199052602196217e-06,0.0007965323715904128,0.0016268249012001913,3.51281486114853e-07,4.000740971335321e-06,7.749850877621528e-06,0.003183970276162743,0.00021030085860210298,0.9809833332893241,3.6385718246795225e-06,7.716577658225197e-10,0.00120014616806228,0.00772923304429884,3.961389122272123e-07,2.9635652497048067e-07,9.916782480747687e-07,2.1139893094332553e-06,2.4051196361690596e-07,7.980310303535114e-08,4.953240688248158e-06,8.560697824742925e-05,2.0484861648223473e-09,0.003602932029617758
42,0.0010616687054028245,0.00026829446096176705,2.768224608582369e-05,0.0031724580324552385,0.0013756587096327864,2.7924305552470733e-06,1.3155322693547155e-05,7.054139519251713e-05,0.011032191562400609,0.0005346734997432234,0.9552547650830479,2.7992195080418923e-05,2.1052507484577695e-09,0.0005419729062922735,0.018904599915531096,3.0984346477165283e-06,2.932133913348346e-06,1.8284272589577138e-06,1.4886097612996658e-05,2.707895087361732e-07,6.153736555205993e-07,0.00017919374889857381,0.00012358800936325631,9.684784067463853e-09,0.007385128730030775
43,0.0012373184299073845,5.3497257837851736e-05,2.858851348868196e-05,0.0021029612748260187,0.0032064170123549565,4.7104476364833156e-06,3.874579122523261e-05,3.8911804952118125e-05,0.009594723333460242,0.0023951556478214214,0.9522341731031518,2.7592341698055497e-05,4.576740659634827e-09,0.0014110613721068084,0.016723316119609845,2.7552120108679433e-06,5.1871035145060926e-06,3.3043532869173255e-06,9.24263835010327e-06,1.0179122904424383e-06,1.6720690966067244e-06,5.264916642979621e-05,0.0005817334983775867,4.0179191304931606e-08,0.010245220840634376
44,0.000830013401559579,3.0305390105781505e-05,7.179664135021115e-06,0.0008253329742885214,0.0015756010990998091,6.29531473307512e-07,1.6671243641589614e-05,9.333180810104468e-06,0.0030532934899178336,0.00042296328255492043,0.9699777693845413,1.1675100736926482e-05,1.0508996263034082e-09,0.002377046005401476,0.009794395008020833,5.586277224667886e-07,1.2612686566813325e-06,1.2713750876837582e-06,2.337960153059152e-06,3.251221356443032e-07,2.4821929897966314e-07,1.4391827718281306e-05,0.00021913537669829077,9.093673906892643e-09,0.010828251321668215
45,0.0011224055521341517,3.296422845908609e-05,9.52314482042024e-06,0.001100498578051761,0.0013125235093020035,1.1662268854142569e-06,3.942283124821452e-05,5.03553848864527e-05,0.004622954654095559,0.000793204280739449,0.9652177126040788,2.4330688456383874e-05,3.341788025768501e-09,0.0020310676466060306,0.01715722493348107,1.6720586939575056e-06,1.6471031924259578e-06,2.5298027164395923e-06,4.461167239945282e-06,4.269038938739265e-07,2.820447028336922e-07,2.9295148154542376e-05,0.00015594332728222036,1.9444859335401503e-08,0.006288365394231803
46,0.0038756330836457135,2.741877563507835e-05,1.889736591261352e-05,0.0031774734273839937,0.0015904648380552062,1.6327521225701316e-06,5.887475561115458e-05,3.145307552555727e-05,0.0039278112692827435,0.0015677671573417812,0.9639990147652954,3.711707807467028e-05,5.915207347051913e-09,0.0017083868741654342,0.0039276632202425235,1.9749698445517437e-06,1.7857145268464723e-05,2.2270334900286676e-06,6.286458123418678e-06,7.574731186503064e-07,6.398686906036623e-07,9.413871874117351e-05,0.0002834469319879786,4.195547010590614e-08,0.015643015091763447
47,0.005180772775932728,4.4894347184883985e-05,2.244778765992542e-05,0.00272556153255768,0.0018159227118943802,1.32128973119076e-06,5.894696831878105e-05,3.89637122292027e-05,0.004559651061456373,0.0009971086310420119,0.9620199557701972,3.310649634301742e-05,6.306605229486069e-09,0.003010073352104689,0.007238094268132917,3.161817431079145e-06,6.6100281018845425e-06,2.410775657693856e-06,1.0727227861566085e-05,4.5974930636941256e-07,4.627257456945901e-07,6.119379620403735e-05,0.00024066084231136786,4.4608862102032366e-08,0.01192744141712803
48,0.0033478787510560757,9.372803630011929e-05,1.8116723596912675e-05,0.0016480194615191967,0.0030139248122948905,2.4813314555575003e-06,5.3483832710227875e-05,3.7881626031762805e-05,0.007407849490966415,0.0016271648735959078,0.9409067356629081,2.106857066056012e-05,5.398549812592538e-09,0.0031178678209443844,0.014186183651849066,1.8692779989643788e-06,8.141669460803654e-06,3.7219505986611586e-06,1.7393150705446147e-05,6.134896974363535e-07,5.04547591241321e-07,6.458230567632774e-05,0.0004235178525019287,7.070385696702466e-08,0.023997195007473396
49,0.0007049466974844015,5.830551262632733e-05,1.2989635867843086e-05,0.0012834831776820075,0.0017765962463639898,1.4328032002435394e-06,2.2063094757812937e-05,1.7269583542845457e-05,0.0048217209418109,0.0006215976417156155,0.9633671931241341,2.5765296911675528e-05,1.4136246715243494e-09,0.001574799610536298,0.012575624742284531,9.190248717822211e-07,1.8679232833287591e-06,1.3148273158048378e-06,3.2603844800699863e-06,4.170502216405033e-07,4.48850198305311e-07,4.2617844796295034e-05,0.00022043076898586771,1.1591477582915135e-08,0.012864922211825822
50,0.000439092701159294,9.60829545596713e-05,7.463081515341644e-06,0.0009977714719361299,0.0015588669014471102,1.1832874772101488e-06,7.94943420215301e-06,7.809966124764594e-06,0.004241425280260986,0.0002256082421505653,0.9617036904585087,1.1616580808586959e-05,5.990345990388047e-10,0.0015680452088685953,0.017942956711129315,6.467159577091357e-07,1.0218950562560682e-06,1.879841757586621e-06,2.9215057240796905e-06,2.9659907298872157e-07,5.320923787883247e-07,2.276861549492735e-05,0.00034298204981077674,5.9535115270460305e-09,0.010817381852052353
51,0.00044302147369692786,6.013515803035183e-05,4.316811516230372e-06,0.0010298754373565234,0.0007755534013177484,4.759259537765899e-07,6.4526743437537025e-06,9.365115604756536e-06,0.002524512846412485,0.00021025799529597128,0.9728882961547677,8.968282871871737e-06,5.141839789407141e-10,0.001240201009449677,0.012599515713957142,3.52218020451913e-07,5.941465895709191e-07,9.481267207025204e-07,1.5866925559435864e-06,1.9170581428022976e-07,1.6231533389076584e-07,1.917310702989497e-05,0.00012420616443733945,3.340967076735112e-09,0.008051833667772106
52,0.000491420654556104,8.744333105649053e-06,2.308492188765846e-06,0.0008549970117925598,0.0006752619499059555,8.516020919304222e-07,4.773989442769793e-06,2.152686102840031e-05,0.002616778432275161,0.0013110634705563457,0.9805354385123533,5.919727067421143e-06,1.955871705001839e-09,0.000800044258200669,0.011027073239788781,4.746854434677783e-07,2.6063643910094307e-07,2.2160235453971795e-06,2.086377818348862e-06,5.353547433248299e-07,6.754693082542224e-08,4.751895468139675e-06,7.996418564508522e-05,4.18686213902925e-09,0.0015534346168784123
53,0.00029952542475715656,4.757016079838227e-06,3.87857152726756e-06,0.0005219193779638873,0.001061150460890525,3.1215328405058354e-07,2.9735902784957626e-05,3.2210931937542576e-06,0.0014867764108529617,0.00026165739589067744,0.9790819661146881,1.318585558980116e-05,5.126861851612454e-10,0.003071297061152321,0.005844301018997759,3.574116837177528e-07,6.830796107818377e-07,9.61697073388286e-07,2.894204765663558e-07,4.253391939278397e-07,2.961787296398449e-07,4.486470778816669e-06,0.0003564335359585148,5.528182536758638e-09,0.007952376967972984
54,0.0008284446156555447,1.591180355278925e-05,9.184644688370512e-06,0.0008255151772354613,0.0016297789120702905,6.05206387534155e-07,1.6454390480399048e-05,1.0094202489427942e-05,0.0027718475574214888,0.0005335871193002476,0.9774555031318651,1.1618002901326296e-05,1.6377811417441809e-09,0.0019915544235525073,0.0070475353451279425,6.987671279240565e-07,1.448103258363884e-06,1.484695676818998e-06,2.0787261780076127e-06,5.023848409093648e-07,3.0886822518759695e-07,9.871051363256348e-06,0.0002413818827058928,9.760311418374525e-09,0.006594579589802478
55,0.0010004207983743505,2.1211621061611038e-05,9.159132941806253e-06,0.0009759381154269861,0.0022506639134443596,1.092926331648892e-06,5.620917901772837e-05,2.6363924896961862e-05,0.005023442585035146,0.0004469486641963259,0.961062434740144,6.805149117515597e-05,2.7529538569922525e-09,0.004613063297383223,0.011661568973171301,1.5694498861352645e-06,1.5524081275611355e-06,2.5619107992464937e-06,1.9636240524383876e-06,5.847927032095006e-07,3.608157555860124e-07,2.283741087394527e-05,0.0002394721017063998,1.629621319015079e-08,0.012512509074327749
56,0.0009369468759271739,2.990314590469425e-05,7.823412628565208e-06,0.0009078982016313194,0.0016247326140199385,6.913936446174095e-07,1.8337452028046403e-05,1.1303840313317282e-05,0.0032172529199388845,0.0004864492710657784,0.970337770956457,1.2491974955005307e-05,1.4033194534770724e-09,0.002386601039453757,0.009494355725420756,6.550499075767539e-07,1.3942020032110786e-06,1.4173088513523835e-06,2.6632787923053724e-06,3.735005354587808e-07,2.5065712305446574e-07,1.4983301359901938e-05,0.00021872180305513846,1.0608122367038456e-08,0.010286970063541718
57,0.0009232632985016792,3.344043803010496e-05,3.163095614611026e-05,0.0008374452527713616,0.003268489788955147,1.0231955512346593e-06,2.8216347740444684e-05,1.785515113137867e-05,0.004659750321963602,0.0008108627002136906,0.9661816643187034,3.2481582899522585e-05,2.645857972128166e-09,0.002265156213872017,0.00936760446037687,1.1957227519991828e-06,2.430860301737763e-06,9.628172506262968e-07,3.7566657434349945e-06,6.548033031389898e-07,6.00353960505825e-07,2.499015625967354e-05,0.00021543186507799362,1.6515300690121922e-08,0.011291073567335616
58,0.001273969997206748,3.988387755878457e-05,1.0711197860745103e-05,0.0009947190765007413,0.0021340783506932906,1.0626602430180898e-06,2.7597643346953243e-05,1.4491853272541874e-05,0.003936776958384648,0.0007180450706215283,0.9609901591187844,1.6885772160346217e-05,2.100279710276315e-09,0.003241734863237517,0.01182327678292625,8.912534905626124e-07,2.245741224063407e-06,2.0116596424934412e-06,4.1580503621901955e-06,4.89080127433119e-07,3.775773140028612e-07,2.081383716248359e-05,0.0003344387957337325,2.2123696056511185e-08,0.01441115655816962
59,0.0011518498573028645,3.61505532963468e-05,1.2350429715870406e-05,0.0009396931611438516,0.0020867162808671904,8.974531524099979e-07,2.5488883819740918e-05,1.3707951019138268e-05,0.0036223999922003645,0.000645765755123815,0.9643258985191728,1.6709604754475188e-05,1.9757296124427833e-09,0.002979994848412303,0.010893447812383026,8.524970462195545e-07,2.0910882921306418e-06,1.6623881482428953e-06,3.5843071275242205e-06,4.938231372748931e-07,3.932064297726607e-07,1.897707132584146e-05,0.0003042099870399285,1.8974884639624353e-08,0.01291664357847475
60,0.000830013401559579,3.0305390105781505e-05,7.179664135021115e-06,0.0008253329742885214,0.0015756010990998091,6.29531473307512e-07,1.6671243641589614e-05,9.333180810104468e-06,0.0030532934899178336,0.00042296328255492043,0.9699777693845413,1.1675100736926482e-05,1.0508996263034082e-09,0.002377046005401476,0.009794395008020833,5.586277224667886e-07,1.2612686566813325e-06,1.2713750876837582e-06,2.337960153059152e-06,3.251221356443032e-07,2.4821929897966314e-07,1.4391827718281306e-05,0.00021913537669829077,9.093673906892643e-09,0.010828251321668215
61,0.0010817018851472463,3.5041828842780094e-05,1.1247124389037679e-05,0.0008400791057403129,0.002050371931850463,8.215784213975331e-07,2.313490565180207e-05,1.167691762573939e-05,0.003586357055458276,0.0005783663501270774,0.9644254087089944,1.5409756278192948e-05,1.6167729766382644e-09,0.002945396127155274,0.01081913842121885,7.435892308377274e-07,1.8699562079185464e-06,1.478453570574638e-06,3.293236351559653e-06,4.271642649564795e-07,3.651207661617345e-07,1.7399613991263367e-05,0.0002936245501537906,1.610884622677716e-08,0.013256628892943146
62,0.000830013401559579,3.0305390105781505e-05,7.179664135021115e-06,0.0008253329742885214,0.0015756010990998091,6.29531473307512e-07,1.6671243641589614e-05,9.333180810104468e-06,0.0030532934899178336,0.00042296328255492043,0.9699777693845413,1.1675100736926482e-05,1.0508996263034082e-09,0.002377046005401476,0.009794395008020833,5.586277224667886e-07,1.2612686566813325e-06,1.2713750876837582e-06,2.337960153059152e-06,3.251221356443032e-07,2.4821929897966314e-07,1.4391827718281306e-05,0.00021913537669829077,9.093673906892643e-09,0.010828251321668215
63,0.0007828397944593796,4.638133739554839e-05,6.432930301293876e-06,0.0008605768441313399,0.0015358234685251954,7.064443644593549e-07,1.3787400006171432e-05,9.075985653149262e-06,0.003390054471552318,0.0003651892485491637,0.9671786673424803,1.018974650805808e-05,9.062940847087178e-10,0.0021303567266049237,0.011513713270065786,5.219834376133011e-07,1.1806731970938447e-06,1.368412254344956e-06,2.7581127741284782e-06,2.8130414491815365e-07,2.4043436455084685e-07,1.7219204587038502e-05,0.00021865244153397367,8.160451668844391e-09,0.011913973356363499
64,0.0007383762577261097,3.430761776430701e-05,1.118872498350636e-05,0.0008602890530005279,0.001735901096552567,8.287173916670521e-07,1.7274463671026e-05,8.889842408429281e-06,0.0031051531193573324,0.0004306944073306245,0.9675073662738013,1.656098790167638e-05,1.1153344193172718e-09,0.0025277461852359242,0.011432892345827214,7.293735369145715e-07,1.6309975914321143e-06,1.365053012971237e-06,2.375048507257141e-06,4.0004383459081513e-07,5.494606055857913e-07,1.71989512452158e-05,0.00032124203925834816,1.1201189890898088e-08,0.011227027622931028
65,0.0008730009031755752,2.2327372447291495e-05,6.429380603019822e-06,0.0007572740299192669,0.001387176144390321,4.77229855263296e-07,1.522991523668076e-05,9.801793877650194e-06,0.002832533113848406,0.00043597097391857837,0.9746213638455314,1.0167047634224714e-05,1.0615205331782206e-09,0.0020678501329200166,0.008172819572578918,4.93615221524762e-07,1.0804227984391357e-06,1.0239426064181391e-06,2.070580464939402e-06,2.878376047291867e-07,1.7273922510987136e-07,1.186259361310807e-05,0.00016190488834263677,7.425695844796986e-09,0.0086086734369702
66,0.0017772909609069926,1.2921114014569162e-05,1.7560552141596507e-05,0.000912046045713052,0.003944263168048695,6.053905582794238e-07,3.718000155250608e-05,1.150454394606634e-05,0.003741860146735718,0.0008871495106081993,0.973056739114391,1.0944542464088894e-05,3.444776439461939e-09,0.002681583234238971,0.0040392732561533,9.262806847404799e-07,2.1413364500689743e-06,1.033894114897681e-06,3.3274305698197055e-06,6.857576164524697e-07,2.346560785838901e-07,8.71187773893665e-06,0.00020062686453234944,1.615087109998763e-08,0.008651370725093489
67,0.00039528769468116467,0.0001971153886712066,9.424428358451264e-06,0.0015996557802987184,0.0013566134377790812,5.3147555146703755e-06,3.062585981826974e-05,6.103222141863384e-06,0.0036089974849461887,0.0003400526740385213,0.8922260665853284,3.408269703793733e-05,7.477470574653613e-10,0.0047147768888006,0.0364478353182966,1.1233106987431212e-06,4.18732963889446e-06,6.203844747485141e-06,3.4400580265545295e-06,7.209532375974439e-07,3.1969778929031585e-06,6.609564155123234e-05,0.0025789299868528206,4.106695474909806e-08,0.056364107866940114
68,0.00016487655219782273,3.402291719842251e-05,9.787704969074505e-06,0.000848102577231363,0.0015119121886307142,5.191899245483595e-06,4.391052290578885e-05,2.9359821405725655e-05,0.0031409956697708162,0.0006011242689003178,0.9324709149985712,0.00013036064252289805,1.4228446901659763e-09,0.0025332701193436715,0.0462535685392231,1.2110729189425623e-06,1.6158298496578814e-06,5.597425000493794e-06,9.763456280672601e-07,1.3475139676301927e-06,3.3533670520372287e-06,4.2178794955052356e-05,0.0006144821527544193,2.0420495349857995e-08,0.011551817232417449
69,0.001076144672887419,3.585836704089358e-05,8.840540766391688e-06,0.0009283088326194058,0.0018924098413380778,7.532947907517615e-07,2.1176568993160976e-05,1.1150498700563763e-05,0.0033917175614474895,0.0004918596244867308,0.9664611507176313,1.356770133399952e-05,1.3794549756178044e-09,0.002902653071023839,0.01024904718561816,7.310676297253773e-07,1.5674128854097493e-06,1.44505854133177e-06,3.2379022851129854e-06,3.537130400568157e-07,2.750428841907846e-07,1.70048895305099e-05,0.00023658083663155444,1.280101717711108e-08,0.012254151417421841
70,0.0008109086520088031,2.9940750065528105e-05,7.155299238520897e-06,0.0008331540388235066,0.0015625388892104301,6.3218314069425e-07,1.652054969154467e-05,9.284381927581898e-06,0.003061228030279343,0.0004215612347453866,0.970288256085158,1.1670154398175758e-05,1.0384074969749723e-09,0.00233272043538952,0.009728128068758531,5.596615485963986e-07,1.2282711435879431e-06,1.2546523462353718e-06,2.285798862557477e-06,3.2539166207930184e-07,2.470023716050066e-07,1.4262936690600164e-05,0.0002174870501683023,8.8540865920258e-09,0.010648640589876782
71,0.003228518635742682,7.2154075636033805e-06,1.1184569057895615e-05,0.0009629329915168039,0.0047190345051988936,8.4328896872982e-07,0.00024328093249650096,2.3622254734202196e-05,0.007353781318885245,0.0021876332417799104,0.94976554271074,1.7978767067633576e-05,4.919380700884774e-09,0.004473684763750901,0.0044251644924313905,9.268021271272504e-07,4.085786630615089e-06,1.175083219454153e-06,2.3150289290641188e-06,8.263451896370902e-07,1.787843735984708e-07,1.2757068692880726e-05,0.00032670994440964105,4.744458431314679e-08,0.022230554912528355
