,0,1,2,3,4,5,6,7,8,9,10,11,12,13,14,15,16,17,18,19,20,21,22,23,24
0,2.3627786425029843e-05,0.0020327576236888723,0.0008239748471997293,0.0008825325306730719,0.9123742913498031,4.015889982146164e-06,8.861049253235375e-06,6.770203244586584e-05,2.2570431487704693e-05,1.5095473251122549e-05,0.00016351051893220915,0.0009335623865555965,4.0842389371472565e-07,0.06919829640161158,0.0007330400836206489,9.357987879594992e-07,5.255259176329425e-06,2.3841850954887418e-07,0.010766619582261508,8.773526278687209e-10,0.0003724072435172977,6.696176585552656e-05,4.3727056061189745e-05,4.669805690624208e-06,0.0014549373639640287
1,2.2973188294918484e-05,0.011035616744480888,0.000422450371733221,0.004373168947650187,0.8121246082185789,3.2195573924828245e-06,1.2721371301474005e-05,0.00020121688248805306,2.1699659930524585e-05,0.00011599399778431466,8.297732933793885e-05,0.0006318291392685071,3.4213506709023306e-07,0.1289264749830841,0.0012653473424631728,1.888268944479645e-06,1.4078396615231097e-05,6.627147818178646e-07,0.02591392785413964,1.591689211467572e-09,0.002321037246791661,0.00026336547408151227,0.00017155820778246285,8.614090452349487e-06,0.012064226285866078
2,3.664294470108329e-05,0.014201708905526036,0.00026100544714648024,0.004579866743041456,0.7665435404309137,3.4337134773039365e-06,1.2976371627073721e-05,0.00017439095352955467,8.466247499072091e-06,7.863909800529696e-05,0.00010272629164998814,0.000938286122159749,3.0083798711065833e-07,0.1703572339202956,0.0024822369430296883,2.092958643488377e-06,3.4580685460815534e-05,1.102904869542144e-06,0.018657422173059643,1.4177624038258921e-09,0.0032065926055651057,0.0005464029351509163,0.0006469688469216904,1.210693109569027e-05,0.017111273570881543
3,2.956837053065635e-05,0.013339840007076111,0.000352011855829965,0.005261010316610412,0.8090894851688297,2.51779152687943e-06,1.1356753818002925e-05,0.0001723917900857304,8.76770500478808e-06,8.041835685105565e-05,0.00010152476756076794,0.0008653127301096327,3.709144587618407e-07,0.14017245704593978,0.0009999999346239426,1.1740634746640378e-06,2.3700467360129116e-05,1.282359257918001e-06,0.013909283481160653,1.3896672260749195e-09,0.0024256706748519772,0.00031484768209285994,0.00029756063098810583,1.289958373973326e-05,0.012526546158550603
4,2.281862866877092e-05,0.0119247630655466,0.0003335118573602782,0.0045754284954543645,0.8123495714674109,2.3960075702486767e-06,9.690736632687962e-06,0.00012555846128232967,7.4430344461103146e-06,6.966184141997754e-05,8.57723077680646e-05,0.0007416723123030523,4.159742033639035e-07,0.1468729013142672,0.0007935179827182185,9.76241749569448e-07,1.814733759770692e-05,1.0751305835982282e-06,0.010670380803712937,1.2140862683052637e-09,0.0018203711871030536,0.0002555695222066694,0.0002499823077930318,1.0800680450182075e-05,0.009057572087664804
5,2.2828321958219327e-05,0.013608076540896142,0.00029945030415716336,0.006692815375138779,0.8173004324008613,2.169409750280372e-06,9.619244073633406e-06,0.00016540424897424843,6.2058417025461e-06,8.41738816528706e-05,9.406530991237987e-05,0.0007460197204431425,3.771440257087988e-07,0.13519325319941505,0.0006852286261392621,8.980678492347877e-07,2.271355267230099e-05,1.6048151317951196e-06,0.010326907724481374,1.361874715926922e-09,0.0025274293540025676,0.0002634444703387091,0.0003142739351001589,1.3586642934404866e-05,0.011619020506514068
6,2.956837053065635e-05,0.013339840007076111,0.000352011855829965,0.005261010316610412,0.8090894851688297,2.51779152687943e-06,1.1356753818002925e-05,0.0001723917900857304,8.76770500478808e-06,8.041835685105565e-05,0.00010152476756076794,0.0008653127301096327,3.709144587618407e-07,0.14017245704593978,0.0009999999346239426,1.1740634746640378e-06,2.3700467360129116e-05,1.282359257918001e-06,0.013909283481160653,1.3896672260749195e-09,0.0024256706748519772,0.00031484768209285994,0.00029756063098810583,1.289958373973326e-05,0.012526546158550603
7,5.712148351739122e-05,0.03375610950450321,0.000966851235301794,0.008239607445958816,0.7514800727574326,2.5267524992762465e-06,3.397344781114818e-05,0.0002219988997148241,2.0712446991951863e-05,8.367017475164439e-05,0.00027391422868638113,0.001056293018394541,1.652310784474346e-06,0.17440871353927564,0.0010201409795327582,7.494919777093019e-07,2.7588039157037978e-05,2.3382116982997707e-06,0.01236321824964362,3.5387259453726013e-09,0.0015475990297252145,0.00026658618078575044,0.00022222756012512556,3.49605858752339e-05,0.013911370887129642
8,2.5315844485903655e-05,0.015486528974514155,0.000418310984969392,0.009247066484983267,0.7833152211070361,9.640857076519932e-07,1.101428628191861e-05,0.00021916263875323532,6.1153549472474675e-06,0.00011645745826834862,3.4920865808446616e-05,0.0005257549731811167,3.9813551331868574e-07,0.15185156894056,0.0007571305972472668,1.128178894628335e-06,2.797926077123846e-05,7.755357995754814e-07,0.009737116325199979,1.127482314283523e-09,0.0022697797532220594,0.00019117557824800698,0.00035670032673498314,2.2932041674359744e-05,0.02537648113971522
9,2.2141509556517874e-05,0.018922935710440725,0.000822824835717277,0.009362182284978617,0.8281545326068755,6.81635990162891e-07,1.1398291814642134e-05,0.0002165468559976858,1.0757423067746035e-05,9.549229594859396e-05,4.3368154180511134e-05,0.0004524554211402319,7.632856371861238e-07,0.1123631981342701,0.0005183308877510919,5.281434873376416e-07,2.2997763125093936e-05,7.589872230085355e-07,0.006741627645665094,1.3656049501406774e-09,0.001311592556771375,0.0001050458575727757,0.00014726903013618963,3.668406328545258e-05,0.02063588525376212
10,2.956837053065635e-05,0.013339840007076111,0.000352011855829965,0.005261010316610412,0.8090894851688297,2.51779152687943e-06,1.1356753818002925e-05,0.0001723917900857304,8.76770500478808e-06,8.041835685105565e-05,0.00010152476756076794,0.0008653127301096327,3.709144587618407e-07,0.14017245704593978,0.0009999999346239426,1.1740634746640378e-06,2.3700467360129116e-05,1.282359257918001e-06,0.013909283481160653,1.3896672260749195e-09,0.0024256706748519772,0.00031484768209285994,0.00029756063098810583,1.289958373973326e-05,0.012526546158550603
11,2.9231870247697128e-05,0.013827888370931195,0.000361197162016568,0.005286305927963318,0.805477164368766,2.5044941794644757e-06,1.1452741784382096e-05,0.0001642374675253861,8.608794446791777e-06,7.941413784057928e-05,0.00010194667265525478,0.0008733575204517076,4.24559742742443e-07,0.14515236635501785,0.0009440693545446059,1.1133858837969684e-06,2.3669915611331592e-05,1.3309978754368975e-06,0.012880972998621546,1.4496153215628666e-09,0.0022539796455714263,0.00030986205681192246,0.0002947178867271949,1.3266019061886392e-05,0.011900915846106551
12,2.8295077037998616e-05,0.012826209629615438,0.00032204741299755326,0.0050481754968250995,0.8096029234505352,2.471729831446204e-06,1.0354994796121375e-05,0.0001571731706188024,7.305699078401939e-06,7.647570618355258e-05,9.504823279505682e-05,0.000871315555577626,3.575080996921176e-07,0.1427866800623898,0.0009215248874661489,1.133997901646135e-06,2.366108646287645e-05,1.3155893630334822e-06,0.012590890506430447,1.2905214687725371e-09,0.0023650616334293813,0.0003194635539667389,0.00031219479803707714,1.227638334246745e-05,0.011617642546696883
13,3.65044846215702e-05,0.009662242447775846,0.0004362667061111049,0.004375416493999478,0.7963766118140777,2.2387923640027028e-06,1.0403626744494125e-05,0.00017236978072941004,9.004162671948322e-06,4.032420270468098e-05,0.00016952733974870895,0.001722286641648645,3.544645974978727e-07,0.15764912817368806,0.0011026826423267894,8.725135545279513e-07,2.9115255587467533e-05,1.2259739375090208e-06,0.014795054672149307,1.3459691080275792e-09,0.0025372128256034685,0.00035310493843393275,0.00025425667812039915,9.557564608244938e-06,0.01025423645822582
14,2.264873249240721e-06,0.043793362400374666,0.00010469148170926099,0.003764578912081235,0.8965879390778657,1.78754877737255e-06,3.7322274471944027e-06,6.632610716825291e-05,6.994137472715408e-06,0.000266362092722683,4.058971385280036e-05,5.083119977370133e-05,5.171242022305606e-07,0.04677806039759916,0.000231093762846425,2.1414202401238422e-07,3.961269374861393e-06,8.125330288958833e-07,0.004886354918272549,5.707359612838229e-10,0.0009484934569647631,9.390038887125344e-05,5.137957910496437e-05,1.1049652256365667e-05,0.0023047024322238457
15,2.956837053065635e-05,0.013339840007076111,0.000352011855829965,0.005261010316610412,0.8090894851688297,2.51779152687943e-06,1.1356753818002925e-05,0.0001723917900857304,8.76770500478808e-06,8.041835685105565e-05,0.00010152476756076794,0.0008653127301096327,3.709144587618407e-07,0.14017245704593978,0.0009999999346239426,1.1740634746640378e-06,2.3700467360129116e-05,1.282359257918001e-06,0.013909283481160653,1.3896672260749195e-09,0.0024256706748519772,0.00031484768209285994,0.00029756063098810583,1.289958373973326e-05,0.012526546158550603
16,3.0225111942288338e-05,0.01518086517263149,0.0003055834805657175,0.006627699818655922,0.7851095677398151,2.9867194792717605e-06,1.2759553402933192e-05,0.00020277735317752584,7.993413311858518e-06,0.00011757424119376007,0.00010638917039622769,0.0009040685548279042,3.4246389285127176e-07,0.1562942394517848,0.000944477520514432,1.5098523543880951e-06,2.5120654395799718e-05,1.792957110035438e-06,0.015574648328816368,1.6719438657770147e-09,0.003761588580763995,0.00038698638263867934,0.00035724437968655823,1.2873528579766188e-05,0.014030683898118663
17,2.8505711696755693e-05,0.012450054956871189,0.00033826892405550374,0.005906599987258028,0.7917507903928598,2.3975294675524867e-06,1.0871129934789112e-05,0.00015984265375355787,7.054119276968881e-06,7.628320823974892e-05,9.437395900876377e-05,0.0009119526157205619,3.757515129193913e-07,0.1597756462099641,0.000812445424317676,1.1286834315329788e-06,2.2376971453454226e-05,1.387149610467602e-06,0.012051543547751767,1.4158361636123428e-09,0.0024150561637498085,0.000295893328833931,0.0003271642927183654,1.1910053278669926e-05,0.012548075819398099
18,0.00010740804786935579,0.025394540631110626,0.0005258013151276646,0.007542906968134211,0.7131041547061224,1.4913398199994264e-06,1.791293253878678e-05,0.0002943770789892915,5.79806112425997e-06,0.00010572934520160286,9.301420240744703e-05,0.002495440140814012,6.203172891144362e-07,0.1953012903118204,0.001038589145252556,1.3066889286230584e-06,0.0001046247145773317,4.133327430077662e-06,0.014046557691414698,1.769889699289353e-09,0.004025764244286295,0.0008474123452105625,0.0005433029296158777,4.08332496661823e-05,0.03435698849535899
19,1.1764230403608315e-05,0.007741712611520645,0.00039935630888391385,0.003685294896435322,0.8600973606113825,1.4463126086254744e-06,5.2649002328957e-06,0.00011591278203450687,8.09147395939371e-06,5.6142372184216727e-05,5.505714364198649e-05,0.000666025572248774,3.75179047304837e-07,0.11165310984666732,0.00043070503748536234,5.167440498693655e-07,1.22563035837165e-05,5.963536125945656e-07,0.007760574098375049,9.505196361273716e-10,0.0011292652618396938,0.00017314948649345473,9.620599442062055e-05,7.2680535032946314e-06,0.005892547474865692
20,2.0349851591433175e-05,0.013457451297027506,0.00024730281331633667,0.00432108222161803,0.8413682113830209,1.7687241344112466e-06,7.281691605965314e-06,0.00025344408068297324,7.80605329130713e-06,9.468463398362187e-05,6.652238126460398e-05,0.0007732761242064723,2.688435860791195e-07,0.10805325865224769,0.0011873034816213145,9.906880484456689e-07,3.4887810396202286e-05,1.053690669428687e-06,0.01571251152640712,1.1540763408771846e-09,0.0028586199487117383,0.000587479444574002,0.0002781760390010795,1.2248604594888792e-05,0.010654018860322112
21,2.3743653557128575e-05,0.015737091532464168,0.0003049158758954769,0.004753328956045075,0.8395957927199545,2.0489068431697737e-06,9.04863579144969e-06,0.00020472638810156395,1.0780485449284978e-05,7.964993525633761e-05,9.679297645818538e-05,0.0006030775245706919,2.945242481993199e-07,0.10542613552016765,0.0012270721911807972,8.320731528092041e-07,2.6825176385666935e-05,1.0841775991619206e-06,0.01599661581171432,1.1050733874742346e-09,0.002355033142481071,0.0003601424670260585,0.00024664532241929296,1.371721517401009e-05,0.012924603682990483
22,3.742610358693453e-05,0.010863648960993668,0.0003690329736560672,0.005270484612926925,0.802607686021457,3.358532166118164e-06,1.1750521058318657e-05,0.0001851107564222082,6.648711724407414e-06,7.338064391143176e-05,0.000157616859481863,0.0013285221904675614,3.10524649767995e-07,0.15065259261836247,0.0008980334601583264,1.4368662302789195e-06,3.1668497270714456e-05,2.2746908514835647e-06,0.012760677269491021,1.6928379472121425e-09,0.003777370021783045,0.00040906814241565805,0.0003711881243725355,1.2703392810597397e-05,0.010168007810913593
23,2.956837053065635e-05,0.013339840007076111,0.000352011855829965,0.005261010316610412,0.8090894851688297,2.51779152687943e-06,1.1356753818002925e-05,0.0001723917900857304,8.76770500478808e-06,8.041835685105565e-05,0.00010152476756076794,0.0008653127301096327,3.709144587618407e-07,0.14017245704593978,0.0009999999346239426,1.1740634746640378e-06,2.3700467360129116e-05,1.282359257918001e-06,0.013909283481160653,1.3896672260749195e-09,0.0024256706748519772,0.00031484768209285994,0.00029756063098810583,1.289958373973326e-05,0.012526546158550603
24,1.2205911648022947e-05,0.012278032700372456,0.00023789354986928447,0.0064700175043772385,0.8009154078160768,1.8530823632456764e-06,6.663275390377147e-06,0.00010860341554968315,4.871547106885569e-06,7.956927987379459e-05,6.000123996073466e-05,0.0005127012903903778,3.781262959080052e-07,0.16045116818460758,0.00039238854072551625,6.505655955083891e-07,1.1147256258380921e-05,1.0422703209553698e-06,0.00840255716459425,1.1434873968227525e-09,0.0017050351888032679,0.0001824287279931773,0.00020207402829168253,7.159537559402243e-06,0.007956148652487801
25,2.649876342220082e-05,0.013912423947181686,0.00031558643205769666,0.004457292945789934,0.8158804089978302,2.714596091321741e-06,9.893776414606713e-06,0.00014334148936686163,8.990294855969044e-06,8.662438438448171e-05,8.387841718470903e-05,0.0007222793545678964,3.348955905503226e-07,0.13435930016860737,0.001083169542977436,1.1995993255207638e-06,2.0988585465291376e-05,1.1239575058935711e-06,0.013340908091996076,1.1534530419427766e-09,0.002245654901219284,0.0003183705526084119,0.000279710259443926,1.191702392364148e-05,0.012687387868735963
26,8.640534920276226e-05,0.020812795402399147,0.0007916092724911159,0.006374741618957784,0.8464930822231278,1.4272767316325981e-06,1.6965099133089163e-05,0.0003345800939682172,1.0433454868132696e-05,7.8230613528613e-05,0.0001356715233697815,0.001460487465243843,8.898890799769803e-07,0.09240471615920792,0.0009485899127899195,7.748093903645893e-07,9.228455319900879e-05,3.200582741423463e-06,0.009669905060626567,1.8376600836770809e-09,0.002149538595360299,0.00040625250361344084,0.00032124807924973237,6.92928470890069e-05,0.017336875776970507
27,4.051773176205958e-05,0.016661219819917764,0.0004176725532403833,0.0051684799641859985,0.7919415627468197,4.046272974857706e-06,1.4613999136032358e-05,0.00028012244165438234,2.0786914624233857e-05,0.00012737681876221076,0.00010697901267922737,0.0008496433762060228,3.108517217165064e-07,0.13237162113185286,0.002141210608421852,1.965814605252012e-06,2.9390940007029844e-05,1.3365320555058626e-06,0.02320700251217275,2.046792044239069e-09,0.003210122349700765,0.0006088555389445231,0.0003332177659819992,1.4686886193510406e-05,0.022447255369587398
28,2.956837053065635e-05,0.013339840007076111,0.000352011855829965,0.005261010316610412,0.8090894851688297,2.51779152687943e-06,1.1356753818002925e-05,0.0001723917900857304,8.76770500478808e-06,8.041835685105565e-05,0.00010152476756076794,0.0008653127301096327,3.709144587618407e-07,0.14017245704593978,0.0009999999346239426,1.1740634746640378e-06,2.3700467360129116e-05,1.282359257918001e-06,0.013909283481160653,1.3896672260749195e-09,0.0024256706748519772,0.00031484768209285994,0.00029756063098810583,1.289958373973326e-05,0.012526546158550603
29,2.956837053065635e-05,0.013339840007076111,0.000352011855829965,0.005261010316610412,0.8090894851688297,2.51779152687943e-06,1.1356753818002925e-05,0.0001723917900857304,8.76770500478808e-06,8.041835685105565e-05,0.00010152476756076794,0.0008653127301096327,3.709144587618407e-07,0.14017245704593978,0.0009999999346239426,1.1740634746640378e-06,2.3700467360129116e-05,1.282359257918001e-06,0.013909283481160653,1.3896672260749195e-09,0.0024256706748519772,0.00031484768209285994,0.00029756063098810583,1.289958373973326e-05,0.012526546158550603
30,2.956837053065635e-05,0.013339840007076111,0.000352011855829965,0.005261010316610412,0.8090894851688297,2.51779152687943e-06,1.1356753818002925e-05,0.0001723917900857304,8.76770500478808e-06,8.041835685105565e-05,0.00010152476756076794,0.0008653127301096327,3.709144587618407e-07,0.14017245704593978,0.0009999999346239426,1.1740634746640378e-06,2.3700467360129116e-05,1.282359257918001e-06,0.013909283481160653,1.3896672260749195e-09,0.0024256706748519772,0.00031484768209285994,0.00029756063098810583,1.289958373973326e-05,0.012526546158550603
31,2.1600325267030554e-05,0.013631544583968341,0.0004059747826477881,0.006072758337900304,0.8543774591454626,8.08455812258559e-07,6.369508258234561e-06,0.00023314978251708806,5.500717422325535e-06,8.403256788213167e-05,4.166362292827524e-05,0.0007007754498117636,4.770925903682975e-07,0.10246274745315662,0.00034344170698902374,5.418611226780203e-07,2.6889554982812883e-05,1.1982603630015659e-06,0.008920933994147002,1.1376153275378553e-09,0.0015926237502227368,0.00021339832375350836,0.00014836601969301372,1.9606783092409387e-05,0.010688136782393335
32,3.0030993361161376e-05,0.013272598368636333,0.0003424669076441109,0.004933394981059647,0.8087843914322973,2.6017820930534172e-06,1.132918812075144e-05,0.00018734490149697994,1.0073411857702626e-05,8.556615488228164e-05,9.817376394956239e-05,0.0008581419895846487,3.4959436076892606e-07,0.13715946654438904,0.0011397932523249613,1.3033382445334701e-06,2.445297895434814e-05,1.1857207223584823e-06,0.016968998888871906,1.3888723104796907e-09,0.0025926479798183432,0.0003506325423025959,0.00028521594936636944,1.2106971079838632e-05,0.012847730975708684
33,2.0665760675032274e-05,0.016089695826105907,0.00011514430837880736,0.002781357857222132,0.8276541779678339,1.4445907266800793e-06,4.613757039428562e-06,0.0001057346505696283,1.4640862176083022e-06,5.677052378288836e-05,4.814618537182844e-05,0.0008077661302970835,4.211374171693231e-07,0.13790024598666414,0.00047517423681826473,6.490897727153984e-07,3.677644437731594e-05,1.694496357368217e-06,0.0077546034859225866,8.009494432939068e-10,0.0013643911791362236,0.0007495535178505095,0.00036855935498765073,1.023465692084989e-05,0.0036507139686047254
34,4.952441408272063e-05,0.016475651275833218,0.0006303158618130143,0.00431034274050139,0.7803899186473412,3.820379254768987e-06,1.9096528839926675e-05,0.00023709659560570577,3.792185101799983e-05,0.00010620894497793282,0.0001257375491990556,0.0008383686163376245,4.3074578204426797e-07,0.13968016511768813,0.0021006326787601933,1.7864474523345102e-06,2.002046699841938e-05,9.6226881879795e-07,0.031550614126901806,1.8265560439078468e-09,0.0024471393896816516,0.00036756802121398855,0.00017703083616096182,1.378849580043741e-05,0.020415856173380462
35,0.00011886218683193497,0.03228393576290088,0.0008139644185101387,0.015441876569601753,0.7247846955347181,2.3153373684955318e-06,2.295327390844686e-05,0.0012969143482890286,4.508778205221715e-05,0.00034662018134817987,0.00012909791417653964,0.002155811926563461,7.738030160480384e-07,0.10846456894300936,0.0008294022083464131,1.2596946026507162e-06,8.953760328613728e-05,6.651687786809589e-06,0.04362887596090017,5.279035772706538e-09,0.00564245491319594,0.0010344151543830243,0.0001765715709768138,4.271688933528823e-05,0.06264063105585652
36,2.9578015386686676e-05,0.013429188960389396,0.0003513139809342637,0.005300891998865749,0.8083733145161369,2.564832687795791e-06,1.1486390314901664e-05,0.00017178188126035094,8.781869836320621e-06,8.083668158180807e-05,0.00010318516018073895,0.0008596645192887428,3.709365741262816e-07,0.1408033602468026,0.0010024039252334719,1.1799894425910197e-06,2.3468668322125898e-05,1.3011754615256974e-06,0.013854264677522293,1.4033193161800993e-09,0.0024408493003190254,0.00031464318834702166,0.000301029842115002,1.2914241516149e-05,0.012521623598161209
37,0.00013027097167333078,0.017054671924623864,0.0006567732330285712,0.005191626368296694,0.686496997587662,1.755453051690471e-06,2.0863102507214373e-05,0.00014378392326663825,4.7060761920780166e-06,4.047905364345275e-05,0.0001474586340030249,0.002426777490398789,6.967327370905139e-07,0.25858222269111186,0.0006272131234416027,1.0014361517358387e-06,4.045874739957511e-05,3.0901160746947596e-06,0.011437514015517434,1.5091802327725156e-09,0.0019702776494991176,0.00037935374149428326,0.00032804259794457153,2.3079659495362137e-05,0.0142908841616051
38,9.098057351367627e-05,0.0147364153409282,0.00035969734370834734,0.003810125001269652,0.6821904188800586,1.3066281166383697e-05,4.310667800093787e-05,0.0001303986670614084,1.177484361249128e-05,8.841338274201608e-05,0.0003353022017142003,0.0014415795057318977,3.3313411141888e-07,0.2466046008228459,0.0038078155670164065,6.1311003479484915e-06,2.3003760291665515e-05,2.2720439871511048e-06,0.025367968309804183,2.423846720402016e-09,0.004587487458234355,0.0006272490068434073,0.0010562923099148105,1.2879602482273514e-05,0.014652685760765888
39,1.8863845861895225e-05,0.003989865759007078,0.00029159536471349954,0.005355334012703133,0.8414044573728209,2.9905444286253723e-06,6.413502149820405e-06,0.00024173122442152872,7.821584878938392e-06,8.031605193695269e-05,7.853915655698561e-05,0.0011627192329142757,1.2959000748064457e-07,0.11011407681949123,0.0007494329923254128,2.2405787450837657e-06,1.7839491775268053e-05,8.453416555636202e-07,0.01967081540121777,1.442457080565972e-09,0.004839881217613011,0.00022205849082508595,0.00026274368916501375,5.31214548458939e-06,0.01147397514684385
40,6.250459689093536e-05,0.01591574910208253,0.00041344849445972557,0.0031607328738882043,0.7184029291041711,3.238922378328757e-06,1.3410816762889564e-05,0.00012914724685832572,8.372428727038761e-06,5.2812388430246994e-05,0.00012651956571277286,0.001527972786304657,3.2278704963855525e-07,0.2254812439847523,0.0013217332601767144,1.2672290092229168e-06,2.7574782726003292e-05,1.7360302442162755e-06,0.016682130195651644,1.26843830117697e-09,0.0025119663924204677,0.000719674390298145,0.0002928172283396249,1.0245600538681371e-05,0.013132448523688238
41,3.350568875365738e-06,0.005512880553606273,0.00036540254497862855,0.0015009586469031748,0.9217701123598023,1.5914657289982352e-06,2.413248349849022e-06,5.487288752041421e-05,2.6712975647346392e-05,6.0944474406905955e-05,1.7433598702747867e-05,8.958351777737677e-05,1.3657430076913857e-07,0.05635383822762124,0.0008437684907558867,5.055664786428632e-07,2.3651222154910405e-06,7.2021498074921e-08,0.00741209107692521,3.0987095491370004e-10,0.0005735508058209046,4.8917894630644854e-05,2.7678214770451025e-05,3.7207253376197453e-06,0.0053270981274746955
42,3.9283430493535645e-05,0.013419710154993318,0.00028164995078849955,0.00407045372466553,0.798284285661565,2.6084309269284625e-06,1.2235674760132408e-05,0.0005868986901891123,1.4784195373721261e-05,0.00013632961804683027,9.851302977922228e-05,0.0011285090012226058,1.7220691124093738e-07,0.10001477915057488,0.002986559811136129,3.2936392419685246e-06,6.095767848228342e-05,9.534253291873341e-07,0.05520161483203244,1.9975162769178815e-09,0.006260138433096301,0.0012367690953549854,0.0003887143594464433,1.1948552188149214e-05,0.015758835255885294
43,7.877047379245585e-06,0.007653362890288328,9.63036698529836e-05,0.00349781052494973,0.8944470868005376,3.824264727520865e-06,4.003392963263248e-06,0.00021249879468700472,7.603024227281966e-06,0.00021248871428005079,4.374704284089269e-05,0.00031272609812369633,9.12676399110359e-08,0.06048088318410861,0.0010638782685807324,2.0361609424771244e-06,1.6118322070861917e-05,7.253487281484519e-07,0.01913530655416695,7.949349109642248e-10,0.004929538574201311,0.0004165829884275872,0.00024914099722006257,5.539098060347691e-06,0.007200826176060447
44,2.956837053065635e-05,0.013339840007076111,0.000352011855829965,0.005261010316610412,0.8090894851688297,2.51779152687943e-06,1.1356753818002925e-05,0.0001723917900857304,8.76770500478808e-06,8.041835685105565e-05,0.00010152476756076794,0.0008653127301096327,3.709144587618407e-07,0.14017245704593978,0.0009999999346239426,1.1740634746640378e-06,2.3700467360129116e-05,1.282359257918001e-06,0.013909283481160653,1.3896672260749195e-09,0.0024256706748519772,0.00031484768209285994,0.00029756063098810583,1.289958373973326e-05,0.012526546158550603
45,2.6624761364435874e-05,0.010738219721688041,0.0003871264833253824,0.003942463782695462,0.8412507234520668,2.146503674071189e-06,1.14371390330524e-05,0.00018880651195538176,1.0722449976861905e-05,6.892558996654375e-05,9.0930200778748e-05,0.0007737291198224833,3.867219072322709e-07,0.11412286471647884,0.0011863039271465252,1.2079188839182296e-06,2.25102444215379e-05,7.596540353772984e-07,0.01551329595049511,1.2729778139277772e-09,0.0017675119460714736,0.0002794146530885221,0.0002356038388836012,1.2986068496083108e-05,0.009365297370766903
46,8.339719761608012e-05,0.01512612135154316,0.00038452798583608606,0.006846870602367645,0.8756584167599443,5.627966416579891e-07,6.940954220940175e-06,0.000649237278681331,3.4993560920123704e-06,6.187350310274807e-05,9.25627951087444e-05,0.00300687469889303,6.386196998177882e-07,0.06297241195305514,0.0009451469026571832,7.057094403183099e-07,0.00043240223565102297,2.9688344230308882e-06,0.012450184028631734,1.5471398285075904e-09,0.0036854033279319983,0.0008290323764759225,0.0005018973589850364,6.435732486530453e-05,0.016193964500996073
47,0.0003396042834319985,0.027749874677582227,0.0006635818723998025,0.004338680908060258,0.6616476313283409,3.799255608395323e-06,2.951371335011701e-05,0.00034435285465149256,1.0131214176479559e-05,8.971772607117104e-05,0.0002184672490871536,0.006393810030608654,6.398675502918233e-07,0.22400005551660115,0.0023865997055175217,3.0400672970204734e-06,0.00014944711074025467,5.955443477390671e-06,0.03032513407537419,3.1043864544353933e-09,0.0053272563671834085,0.002283913918031249,0.0006033002521492758,3.369365769306194e-05,0.0330517958006301
48,4.4887183096465316e-05,0.028162088787248227,0.00022280956162275948,0.005228478500756419,0.7971395564378398,1.1760456158776947e-06,1.4000298464793497e-05,0.0004332050449143069,6.499167476132428e-06,0.00014324950936468929,6.132691622518554e-05,0.0008448433105199642,5.557264038559881e-07,0.11563294435642243,0.0015293889541234235,1.550305989193148e-06,9.160062645012683e-05,1.3417671057245903e-06,0.0325952049958309,1.4775402022012022e-09,0.0029415050459915843,0.0009208422258904672,0.0004536741968047818,2.701071008089087e-05,0.013502258848221885
49,2.3669092131086485e-05,0.007985942907199492,0.0003347739920616931,0.0039321609506869845,0.8204772005743549,2.876404124438442e-06,7.4280270651373575e-06,0.0001316647632107547,6.4100164423960935e-06,5.3030029876982404e-05,0.00010406016300960502,0.0012890491392927958,3.1084972196319044e-07,0.1445427413450177,0.0007170575488111257,9.717785519591617e-07,2.035979817743022e-05,1.3078907426746258e-06,0.009985555436678124,1.3574623995611583e-09,0.0021103340440097266,0.00035100811313423417,0.0002466897484301405,7.6024703283663684e-06,0.007667793559478197
50,3.0826000979267685e-05,0.011454515530288579,0.0003811525631198692,0.005178923939435017,0.8471668584202332,2.0565593679782485e-06,7.404639941338104e-06,0.00015975091914935776,6.198857645008073e-06,4.287284143368878e-05,0.0001575141984006224,0.0013729157225879022,3.601234274167601e-07,0.1098425651144559,0.0009879526346665644,6.739397091904326e-07,3.984382702511988e-05,1.7185502716444833e-06,0.008351137702748954,1.2786891503898291e-09,0.0025994917778490233,0.0002853739332639266,0.00033579309883944593,1.5559968611264233e-05,0.011578537857860617
51,2.714611816809323e-05,0.016522701183697284,0.00036545539413078003,0.008999573711111054,0.7592019406075056,2.510310643831628e-06,1.489188893312185e-05,0.00021935901669752438,7.860943148952347e-06,0.00010109775292646755,0.00013534730648190655,0.000944344114633963,4.547773243140934e-07,0.1855433424497852,0.000588498051253958,7.913829154456886e-07,2.0550123709308407e-05,2.5931834975839337e-06,0.01196528606486048,2.0025902343592553e-09,0.003198625265781149,0.00037093039999885777,0.0002862206999262076,1.3114854011391935e-05,0.011467362396267118
52,6.999164501254448e-05,0.022857398335489332,0.0003696859269491511,0.007220868027558306,0.6323517366811636,7.291209082932713e-05,4.7055730081638987e-05,7.992214543663134e-05,1.719650338514798e-05,0.00016006402572696677,0.0008808894003831416,0.0012700293747558958,7.695651971222552e-07,0.31032536091040197,0.00150200076092427,3.0532338365790014e-06,1.1610316670454139e-05,2.269188303536378e-05,0.006307137695895211,7.936612551012717e-09,0.004009663852690095,0.0009074533614485216,0.0011998072161637757,1.3611150817110371e-05,0.010299082229535041
53,0.00012048700739884185,0.03174413090513206,0.0008421701639143371,0.011571190183163759,0.5965556201147854,1.2046841791902747e-05,0.000126259984175938,0.0002959098414666445,3.3264803209136557e-05,0.00015364546920598255,0.0006129394189644946,0.0012540122248296385,8.625522277230942e-07,0.2783154814042496,0.005504816186702778,5.970432651057429e-06,3.5495667477341016e-05,3.852160594393508e-06,0.026301062904722564,7.84630611019632e-09,0.0049332712189773375,0.0006210985442798218,0.0017125408632405344,3.934715583445105e-05,0.03920451610469802
54,6.491364625811645e-05,0.027912845001964583,0.0005019491083626805,0.005854599412148054,0.5243611989050451,4.843230654847661e-06,3.416730393576204e-05,0.0001073004022472997,1.5072313492225139e-05,0.0001524073630378866,7.644494080825989e-05,0.0009381120378186499,5.264787614873361e-07,0.37470159996048585,0.0018993666330404783,3.720145219855192e-06,1.3443235284164432e-05,1.1997972634403894e-06,0.02041953331176145,2.368073606611719e-09,0.00244818785140281,0.00045136696386436476,0.00044771906556654835,1.139345789794811e-05,0.039578087065604624
55,8.554916335508332e-05,0.021847755687183366,0.0011428747230023027,0.008781355897779229,0.7519287412860299,2.5221853292802068e-06,2.108936271911207e-05,0.00026376151558029775,2.628263695335587e-05,8.721074628695023e-05,0.00018804801108468223,0.0025216393660019193,1.2490480521305077e-06,0.1657843873512175,0.0008134402679559273,7.655499100937759e-07,3.621116622311497e-05,3.2553866948972616e-06,0.014356923306574761,3.294152050287879e-09,0.0020057045175249882,0.00032797676757132443,0.0001684821440528994,2.7761815143832784e-05,0.029577008803620873
56,2.8845066220518312e-05,0.013869146730425632,0.00036512435989609094,0.0052352295422346245,0.8118983172845531,2.4240167213307363e-06,1.1346224548637027e-05,0.0001676383925467364,8.849421703422436e-06,7.905376541793375e-05,0.00010055369917099843,0.0008476055917343584,4.42106849703267e-07,0.1392335432278436,0.0009425756192329508,1.0881185237616933e-06,2.386854467670674e-05,1.2901383206607569e-06,0.012956958833991125,1.45975211444808e-09,0.0021722591824724596,0.000300314291603078,0.0002821693848986544,1.3686760682347733e-05,0.011457668235979556
57,1.3074003902206522e-05,0.0051488130498812045,0.00028585367189795896,0.002356644279669575,0.8955902095921345,8.652522799403229e-07,2.567311675555377e-06,0.00018510669248396602,6.90074405920508e-06,6.038847366392656e-05,2.8568012120060003e-05,0.0010293484961243042,2.151965129206696e-07,0.0710949826318112,0.0005033881789547126,7.025463664740044e-07,2.7522677355854157e-05,4.082016062078279e-07,0.015133262050167007,6.064034754984548e-10,0.0017317631305699757,0.0002709778201321568,7.503136186288458e-05,5.946060715789068e-06,0.006447459957648905
58,3.2404767275609086e-05,0.014858489543982114,0.0003762060836949195,0.0051773839312095945,0.8237464196230245,2.092244381935811e-06,1.1688043345403959e-05,0.00018963449537267975,8.18212844195114e-06,8.103048974417629e-05,9.916710103216309e-05,0.000870775848675341,4.3022995419408124e-07,0.12542888625005763,0.001017662991296407,1.0732432358117042e-06,3.136961041790788e-05,1.4112499014585267e-06,0.0125920071284111,1.3439892268280354e-09,0.002381581512879254,0.00032897871942684184,0.0003155791338085844,1.8276354180586924e-05,0.012429267932260629
59,3.352561991755946e-05,0.014004210098341236,0.00045383808670449805,0.005133490023456978,0.8321237482918832,1.892137806791754e-06,1.1655156247372594e-05,0.00019256900592973692,8.311223979119911e-06,7.535830653488685e-05,9.891008767562197e-05,0.0009142061754002915,4.427637916427262e-07,0.11933450389988678,0.0009525593942805792,1.0129225294483855e-06,3.230814546940119e-05,1.4358969327371912e-06,0.01109866013647713,1.35972140287582e-09,0.0023006916605322067,0.00029409883261548796,0.00028672946279957476,2.1132876991021128e-05,0.012624708434095286
60,2.956837053065635e-05,0.013339840007076111,0.000352011855829965,0.005261010316610412,0.8090894851688297,2.51779152687943e-06,1.1356753818002925e-05,0.0001723917900857304,8.76770500478808e-06,8.041835685105565e-05,0.00010152476756076794,0.0008653127301096327,3.709144587618407e-07,0.14017245704593978,0.0009999999346239426,1.1740634746640378e-06,2.3700467360129116e-05,1.282359257918001e-06,0.013909283481160653,1.3896672260749195e-09,0.0024256706748519772,0.00031484768209285994,0.00029756063098810583,1.289958373973326e-05,0.012526546158550603
61,3.1247261002147386e-05,0.013134710087864645,0.000446945860968921,0.004840482581545618,0.8303008176032174,1.9513657792930862e-06,1.0759428956332634e-05,0.00017356405341475636,8.503993645118361e-06,6.889040959771191e-05,0.00010006887341994643,0.0009270622539570695,4.169706055894582e-07,0.12287355078232155,0.0009311409894303895,9.730153140931852e-07,2.8377967091538266e-05,1.285074574225508e-06,0.011367177001617969,1.2981150020784291e-09,0.002197851090515868,0.00027775429326809694,0.00025697920361533483,1.7351697512310294e-05,0.012002136842649084
62,2.956837053065635e-05,0.013339840007076111,0.000352011855829965,0.005261010316610412,0.8090894851688297,2.51779152687943e-06,1.1356753818002925e-05,0.0001723917900857304,8.76770500478808e-06,8.041835685105565e-05,0.00010152476756076794,0.0008653127301096327,3.709144587618407e-07,0.14017245704593978,0.0009999999346239426,1.1740634746640378e-06,2.3700467360129116e-05,1.282359257918001e-06,0.013909283481160653,1.3896672260749195e-09,0.0024256706748519772,0.00031484768209285994,0.00029756063098810583,1.289958373973326e-05,0.012526546158550603
63,3.327648486466582e-05,0.01724527501479927,0.00037685667295451363,0.005457893455042511,0.8006406580973547,2.5684280688766406e-06,1.2901948698939837e-05,0.00018395078833438142,9.946118874305162e-06,8.809886304105631e-05,0.00011198948385363485,0.0008535899631880799,4.432653140176548e-07,0.1424328771727133,0.0011284177499344945,1.1523784645654347e-06,2.6831592827658563e-05,1.452659297557735e-06,0.014541029884343108,1.5634553319887306e-09,0.00244988331833082,0.0003604050629902207,0.00030606988960938536,1.5572282615805757e-05,0.013718857861028803
64,2.7755256583650832e-05,0.012452653671665447,0.0003128859941647595,0.005316515733153763,0.8183884442164653,2.4954443340027194e-06,1.0171197270236399e-05,0.0001910846822196786,7.78649338606202e-06,8.582070946255305e-05,0.00010917084808599077,0.0009223527751761774,2.743044130060625e-07,0.1283788601092837,0.0010731235412995645,1.2871217027373056e-06,2.6935123617774903e-05,1.3855583859106394e-06,0.01531258053487779,1.2704362202832094e-09,0.003745655379236337,0.0003320531243164836,0.0003163732304110168,1.249296605668355e-05,0.012971840713995106
65,4.398337582602812e-05,0.022252518523279505,0.000504631805253645,0.006124002246945863,0.7973439204102196,2.2504164602086412e-06,1.8494011142886275e-05,0.00026818621224391283,1.554600957410016e-05,0.00010034377358726664,0.0001267090599717794,0.0008395611167400539,5.767079050621734e-07,0.13174143806458471,0.0015210097526289455,1.2216717579201726e-06,3.491276517288833e-05,1.399026782010819e-06,0.018440913442938005,1.9164443019893203e-09,0.002328755354469801,0.00039868121330398175,0.00031299783034275394,2.4204092644406534e-05,0.017553741199780114
66,1.022262546398857e-05,0.0037945426420538764,0.0004153741422094729,0.004756869603859471,0.747297659536588,4.319813993028944e-06,1.0851843304782423e-05,0.00018139583071514505,3.7543784489763396e-05,0.0002409946454986375,2.5991718001858536e-05,0.0005451080873760915,4.5793034848727197e-07,0.18208729267873155,0.00026777672668803034,3.794229482884594e-06,2.301304658850478e-06,2.1730702144687645e-07,0.052695615273893236,2.763274262172471e-09,0.0010434640136357193,0.00010797584326943686,3.957245242566248e-05,1.4404987543384353e-06,0.006429214704262106
67,2.8443553379128977e-05,0.006810663635748633,0.00031877750515559846,0.005572359572579368,0.6241800767915912,6.471863246575516e-06,1.5152399211403179e-05,4.97772314002224e-05,3.1498560345245883e-06,3.824216875378119e-05,0.000141163822094829,0.001308019416769212,3.197953776386408e-07,0.33741784486861887,0.001158846310940672,2.8431491297870344e-06,1.2684237841570194e-05,1.5044695354435152e-06,0.006070014081337496,2.0675527949431236e-09,0.0024218355184087398,0.0002042378952735035,0.0012220015712385702,6.369983053837481e-06,0.013009198235726755
68,0.00026650088512445564,0.03502965051168853,0.0003138499103650624,0.022480565394400107,0.5527841280459938,3.085598890351866e-05,4.808551999348728e-05,0.0002120473849965749,4.488616243307725e-06,0.00011798721128480318,0.0018874948477921492,0.006881980838753577,5.05054122524664e-07,0.2691121807324044,0.0028045225058855477,3.794318890203924e-06,0.00015764534395581192,8.244569563712496e-05,0.007412893739422949,1.0376001694183129e-08,0.023397785679401414,0.0018620925469178548,0.008920478057976095,4.630231307722842e-05,0.06614170848076781
69,3.403835077821437e-05,0.015398178582430285,0.0004663280441680022,0.007586120462731082,0.8051208585501677,2.232916420578834e-06,1.3748362689803373e-05,0.0002490006746533146,1.1336289197670827e-05,0.00010573936423549929,0.0001030631586427591,0.000906582516497591,4.4927256828307237e-07,0.13030071792550846,0.0010680217328097492,1.3495233715061817e-06,3.0757061025242684e-05,1.5001448479884764e-06,0.0153715808308728,1.9425536983908512e-09,0.0029757141824126214,0.00028324738600578445,0.0003194447712906176,1.9437540305368917e-05,0.01963055041381541
70,2.983461409592558e-05,0.010197211311835482,0.0004088781234635748,0.004991421752125139,0.7423851079762366,2.9217364307811094e-06,1.0588113892975333e-05,9.428784785272312e-05,6.664005282093441e-06,5.908861408781315e-05,8.600647036248329e-05,0.001033297490360721,3.608775192768088e-07,0.2152830367710582,0.0007285460911420423,1.2012036800003143e-06,1.4956507161095657e-05,1.2282399923632856e-06,0.009290891186732271,1.3017352488066371e-09,0.0019910062421626454,0.0002425523424785889,0.0002902070403553971,8.523314271494548e-06,0.012842180825685312
71,0.00036424097802977847,0.02001828156705343,0.0010122304203671307,0.021041802511997127,0.5498254913139154,5.181589399109927e-06,0.00014931208392684404,0.0009202488117817171,1.176426717540777e-05,8.54781002903229e-05,0.0010339692580270637,0.0067661563795144404,1.070719912610527e-06,0.30338464505861806,0.00300865906546477,6.321730100285637e-06,0.00016687566487421672,1.1734716032702877e-05,0.03676444624190566,1.4790090515739567e-08,0.011094328853997023,0.0009571985982360558,0.0029869403799642155,6.648180135694101e-05,0.04031712509796906
