,0,1,2,3,4,5,6,7,8,9,10,11,12,13,14,15,16,17,18,19,20,21,22,23,24
0,1.393884953188281e-08,2.0590596295055634e-05,8.06441650719455e-08,0.009636512465349278,1.1626989507752648e-06,7.421486173601923e-07,5.055312614672478e-06,2.144324468361921e-06,3.076530599019557e-08,2.1093711877891135e-05,5.066301104524839e-06,1.032771720242978e-05,1.8735896095396764e-08,0.9880327312847018,6.09870316280554e-10,1.1915278007438525e-07,4.574240245305437e-06,7.812562128436461e-06,4.969839485344132e-10,1.7176422950445252e-05,8.767490647629295e-07,2.0738371305330984e-07,0.002179095594028649,2.7025631322248094e-08,5.453911720455912e-05
1,2.1135812797990227e-08,3.203880430453684e-05,1.2417997791663604e-07,0.01051952801250832,2.13956349331549e-06,1.3185878912915426e-06,6.706940267154481e-06,4.249628584265044e-06,6.722823067747892e-08,3.13948833004118e-05,7.011713795680681e-06,1.2403480214178923e-05,3.6057130255567514e-08,0.9870863322903699,1.3702060514352894e-09,3.155906810395283e-07,7.654406303990547e-06,1.0146409553345789e-05,1.193476440789372e-09,3.5767668545871554e-05,1.4006707909710169e-06,3.569812555148979e-07,0.002181646126948136,4.454236830239281e-08,5.9292533989707955e-05
2,1.6576466653910552e-08,2.346067964425277e-05,6.57067606820585e-08,0.006426416555440253,2.5736862934056464e-06,8.437149473386102e-07,5.269984023420152e-06,2.807051250181875e-06,4.3991029436595125e-08,1.8991070675540437e-05,5.678175629551783e-06,9.034177893298662e-06,3.1384975640731794e-08,0.9916486575902451,1.2043436513324303e-09,2.053127669131708e-07,7.541116497317274e-06,8.106136773619936e-06,6.800081757937552e-10,3.263222738094797e-05,8.730239479208055e-07,2.4129109594077796e-07,0.0017434210279389714,2.5448750195009637e-08,6.306218522177469e-05
3,1.5576826866942674e-08,2.3504193689129728e-05,8.052113832869202e-08,0.009022368222110853,1.8631902050093465e-06,9.949964830504773e-07,5.112890729169197e-06,2.9790368092629997e-06,4.6073217846283215e-08,2.0532718740978097e-05,6.6531064358427195e-06,1.0394435934746622e-05,2.979465974348563e-08,0.9886860831202063,9.721297234477738e-10,1.982327879931448e-07,7.468565799701285e-06,8.560580867568938e-06,7.879056907434613e-10,2.7897087338851365e-05,1.1095520876080126e-06,2.868512346791621e-07,0.0021203651110520004,3.479759911607616e-08,5.3419584010026135e-05
4,1.6166798066856125e-08,2.286333700646303e-05,7.702693868932779e-08,0.008607192191017769,1.8652480326811472e-06,9.709499814055757e-07,4.912344966004017e-06,2.8137169833769307e-06,4.785406990682454e-08,1.884689276919982e-05,6.40828462142104e-06,1.1290715910190461e-05,3.5821955870427935e-08,0.9892370337319615,9.478969653690138e-10,1.9503263401832163e-07,8.100277005182784e-06,8.59864687235571e-06,8.149198354255141e-10,2.8092558025766137e-05,1.1473432713882286e-06,2.9327329400672673e-07,0.001984816517976633,3.5170081190178656e-08,5.434513501009255e-05
5,1.5420766334633996e-08,2.1628058565996186e-05,7.315952306404066e-08,0.010211282845708207,1.4859679764279784e-06,9.271021984368657e-07,4.468530274012471e-06,2.618202430933717e-06,4.5028450093945174e-08,1.9978570263322184e-05,5.988834513024879e-06,1.087592483556166e-05,2.9252535098900177e-08,0.9876962256224227,8.273544350071494e-10,1.8192729524803933e-07,7.238431304654087e-06,1.0144600411443553e-05,6.859785387288299e-10,2.6063935503155435e-05,1.1153853720424305e-06,2.902047195961e-07,0.0019269958383057197,3.53099602381949e-08,5.229033333204904e-05
6,1.5576826866942674e-08,2.3504193689129728e-05,8.052113832869202e-08,0.009022368222110853,1.8631902050093465e-06,9.949964830504773e-07,5.112890729169197e-06,2.9790368092629997e-06,4.6073217846283215e-08,2.0532718740978097e-05,6.6531064358427195e-06,1.0394435934746622e-05,2.979465974348563e-08,0.9886860831202063,9.721297234477738e-10,1.982327879931448e-07,7.468565799701285e-06,8.560580867568938e-06,7.879056907434613e-10,2.7897087338851365e-05,1.1095520876080126e-06,2.868512346791621e-07,0.0021203651110520004,3.479759911607616e-08,5.3419584010026135e-05
7,4.453355278957404e-08,3.220824289862917e-05,2.3730582118164932e-07,0.009895009388697763,2.618020726887301e-06,1.562336005619447e-06,8.374461909564088e-06,4.21118941093014e-06,6.169896857317628e-08,3.3314728239998584e-05,8.108091946857542e-06,1.270463869209764e-05,5.307961839916441e-08,0.9869985672311332,7.925034692229141e-10,2.0040963535634454e-07,7.91946845420696e-06,1.192891531329798e-05,1.3805543278537323e-09,3.5069024809786217e-05,1.2076934695344662e-06,2.0761435852780632e-07,0.0028789634917036587,7.020894466859384e-08,6.73560526308454e-05
8,1.918257771487729e-08,1.4333751273596517e-05,4.871095369316644e-08,0.005262339146370324,4.831015511871524e-06,1.6187573176582138e-06,4.924693551907398e-06,5.032426644399717e-06,1.996016715439547e-07,1.0742671440034318e-05,1.711404424069786e-05,1.5291081676502577e-05,8.619978138513265e-08,0.9934763650578535,1.4180153254890818e-08,7.836804980581117e-07,5.833834051376004e-05,4.0614260481608154e-05,1.718119944478027e-09,4.8178605853468636e-05,4.314705350532569e-06,4.29488278833481e-06,0.0008994887261027566,3.536307545576396e-08,0.00013098919619806293
9,3.159722232692566e-08,7.455485542858841e-06,1.912157609676413e-08,0.0006888978368716308,1.0580995472893643e-05,7.7081708391661e-07,3.1757048812708906e-06,3.2556677837781354e-06,5.782066117734641e-08,2.6310539757093224e-06,1.321817653894724e-05,2.975072932846543e-06,3.700122719956229e-08,0.9987289677726002,3.92756198193346e-09,1.599664677463816e-07,3.418663756168411e-05,1.6102367991413426e-05,9.227991042713733e-10,1.562045057813428e-05,4.6099227768735384e-07,5.617314958735335e-07,0.0003982626580123598,9.453881947137706e-09,7.255676700131469e-05
10,1.5576826866942674e-08,2.3504193689129728e-05,8.052113832869202e-08,0.009022368222110853,1.8631902050093465e-06,9.949964830504773e-07,5.112890729169197e-06,2.9790368092629997e-06,4.6073217846283215e-08,2.0532718740978097e-05,6.6531064358427195e-06,1.0394435934746622e-05,2.979465974348563e-08,0.9886860831202063,9.721297234477738e-10,1.982327879931448e-07,7.468565799701285e-06,8.560580867568938e-06,7.879056907434613e-10,2.7897087338851365e-05,1.1095520876080126e-06,2.868512346791621e-07,0.0021203651110520004,3.479759911607616e-08,5.3419584010026135e-05
11,1.6519904492805963e-08,2.377658668362386e-05,8.277800815707856e-08,0.009047986335570317,1.9556873125618292e-06,1.0169928202062347e-06,5.2064212844553306e-06,3.016918034742881e-06,4.83688136709346e-08,2.0483050651692557e-05,6.774274685097261e-06,1.1123940887547876e-05,3.487624799451525e-08,0.9886316664083262,9.812125149989667e-10,2.0558751987522538e-07,8.010010121757646e-06,8.707319499525394e-06,8.411393176109889e-10,2.9904449945015166e-05,1.1569869927413249e-06,2.924790577506309e-07,0.0021440549468796544,3.7528272002515824e-08,5.443971012908224e-05
12,1.0820911056517755e-08,1.4705857036940955e-05,3.0500936662390256e-08,0.0042379598371010555,1.592785006997895e-06,6.341924455607901e-07,2.6453198571280043e-06,1.16475961386097e-06,2.3090225841377844e-08,1.1422194835247369e-05,3.143111460288829e-06,4.91719645392023e-06,2.003798949034244e-08,0.99446223721053,4.993607717148256e-10,9.033903445474362e-08,6.582971876561095e-06,6.8923384807618815e-06,3.2909398444178354e-10,1.6814359903520725e-05,5.434384298390525e-07,1.343725617897769e-07,0.0011766034250438274,1.3156127722895999e-08,5.181785568278654e-05
13,2.0175372139016023e-07,0.0001961465808621735,5.042601401419317e-07,0.019527210161670153,7.635817682605926e-06,5.053229052635169e-06,1.6727220824794107e-05,3.729616254065313e-06,2.7501224173424326e-07,0.00025011889263876696,2.9996503450090637e-06,1.3133365803460535e-05,9.699483077123357e-08,0.9761090230852824,3.2563260743131883e-09,7.93384320838031e-07,1.8201345331008605e-05,4.828520308695885e-05,3.2749139075984813e-09,0.0001310001053981199,2.736122040865531e-06,3.56415465932066e-07,0.0033265729665687975,1.0834028088213146e-07,0.00033908394491644143
14,1.4201738316357041e-08,2.590535387827176e-05,5.890488588051725e-08,0.007370086098268636,1.950655474022213e-06,8.659539594701942e-07,4.885706945770209e-06,2.5654563948676864e-06,4.058986887056686e-08,2.0269734903652007e-05,6.121590835361785e-06,8.571922583625157e-06,2.349384133560157e-08,0.990644336295668,8.828478933499596e-10,1.7529246796573424e-07,6.039624113282224e-06,7.486854959901075e-06,7.607601284141088e-10,2.5078660587403266e-05,8.729590249153873e-07,2.362691713160877e-07,0.0018276540721351487,2.981058303732186e-08,4.6728854102916956e-05
15,1.5576826866942674e-08,2.3504193689129728e-05,8.052113832869202e-08,0.009022368222110853,1.8631902050093465e-06,9.949964830504773e-07,5.112890729169197e-06,2.9790368092629997e-06,4.6073217846283215e-08,2.0532718740978097e-05,6.6531064358427195e-06,1.0394435934746622e-05,2.979465974348563e-08,0.9886860831202063,9.721297234477738e-10,1.982327879931448e-07,7.468565799701285e-06,8.560580867568938e-06,7.879056907434613e-10,2.7897087338851365e-05,1.1095520876080126e-06,2.868512346791621e-07,0.0021203651110520004,3.479759911607616e-08,5.3419584010026135e-05
16,1.5752006983676967e-08,2.343792493597943e-05,8.153548861802873e-08,0.009032277324931903,1.8852164976799146e-06,1.010536388513888e-06,5.089816075937961e-06,2.975423095836429e-06,4.61175544134722e-08,2.037658622038652e-05,6.7394051253727784e-06,1.024233300464142e-05,2.9883693571034404e-08,0.9886573408295553,9.678813936587532e-10,1.9737741519981256e-07,7.532096720456493e-06,8.57250997590335e-06,7.866699892499962e-10,2.7939106691920833e-05,1.0953655074415918e-06,2.8320554019774945e-07,0.002139311971631874,3.5128191629544566e-08,5.348279919910144e-05
17,1.2910280490948153e-07,0.00013059270899301017,1.0954897018364215e-06,0.023826894603351134,5.054383352445064e-06,8.24404714769184e-06,2.033570895033338e-05,9.525753825975487e-06,2.879167085238936e-07,0.00016734979605396397,1.368248203067954e-05,1.4574435827849806e-05,4.8580762754694365e-08,0.9717318742605017,5.074502948299418e-09,9.312365412681999e-07,9.25739420889463e-06,3.2741539356406465e-05,5.467460689703132e-09,6.694841599573705e-05,3.2200045593557574e-06,4.85284247074177e-07,0.0037993963117638496,1.858033838844174e-07,0.0001571341979673584
18,4.4009250534825345e-08,0.00011570071680040466,8.749520243651517e-07,0.04892525317602837,3.5831741934035567e-06,5.8102318640504224e-06,1.2535502673733614e-05,2.3551665141002815e-05,2.401309049868512e-07,5.204199497738086e-05,4.816649472953904e-05,1.712912771395581e-05,3.203443268106958e-08,0.9432143280235947,2.8432417361369984e-09,1.1311238696065969e-06,5.409327060178482e-06,6.944436134410287e-06,6.597368559451826e-09,6.463953701943316e-05,1.873561584546262e-06,4.936162473250629e-07,0.007474884827274753,3.871148571375788e-07,2.4935781012973506e-05
19,1.5472074970738938e-08,2.815935208714092e-05,1.0247361784726564e-07,0.011954990192714137,1.7299172426828322e-06,8.701026979117391e-07,7.448060830816321e-06,3.6174185088006076e-06,5.9527291154407e-08,2.4031571760039014e-05,6.519816242837064e-06,1.7914054610583445e-05,3.551700723822735e-08,0.9856694947240534,1.2668592115526727e-09,2.516562918098836e-07,6.819464168321743e-06,8.243970354448874e-06,8.780791892250358e-10,2.9761887391492504e-05,1.5225020825448315e-06,3.901788116169191e-07,0.0021768459514054503,3.6807237679062224e-08,6.113723657876903e-05
20,1.2777575945975394e-08,2.2159450530423558e-05,8.245050691563569e-08,0.01026699204840178,1.5799404327342192e-06,9.248850997001544e-07,5.678968251194602e-06,4.5553559514819385e-06,5.018338715395923e-08,2.0547662593505462e-05,8.27637175399721e-06,1.33060725847663e-05,2.7468784757833473e-08,0.9875729682909304,1.66292214679531e-09,2.586556380169275e-07,7.777792839558285e-06,9.136185258948964e-06,9.231175843003493e-10,2.7531745090964616e-05,1.3585136018821989e-06,5.093529508862804e-07,0.001983983351847545,3.245256528337271e-08,5.22474373824176e-05
21,1.6540105903195892e-08,2.3529697061424723e-05,9.115016060849114e-08,0.009180780263038776,2.1987097969544704e-06,1.1368273107915758e-06,5.672975567543408e-06,3.088804832199478e-06,4.729151387831457e-08,2.108922749749256e-05,7.782001642801144e-06,1.0209315891915444e-05,3.175322018456709e-08,0.9880693388860962,1.0932436442435246e-09,1.9616808686096172e-07,8.70845517186669e-06,8.882360494366093e-06,8.367989984428149e-10,2.9079892630046224e-05,1.1980342392562722e-06,3.043491288982672e-07,0.0025660260153573854,3.8474949693714596e-08,6.0550876162272266e-05
22,2.2061731185509757e-08,2.0391018485383107e-05,9.914790993161184e-08,0.008959167419385088,1.9124389117722246e-06,1.309488034849295e-06,4.397187109103135e-06,3.390050944625079e-06,5.279183612859487e-08,2.013491599582781e-05,7.892975636783991e-06,8.538053581230912e-06,3.0236741598108256e-08,0.9890682763604474,1.1024726461610947e-09,2.156665036340003e-07,9.818415418803928e-06,1.4418063953798349e-05,8.378275272146259e-10,2.7139589402650085e-05,1.1583337902737422e-06,3.338623279095291e-07,0.0017931968223919236,3.8643169473049255e-08,5.8064515990645846e-05
23,1.5576826866942674e-08,2.3504193689129728e-05,8.052113832869202e-08,0.009022368222110853,1.8631902050093465e-06,9.949964830504773e-07,5.112890729169197e-06,2.9790368092629997e-06,4.6073217846283215e-08,2.0532718740978097e-05,6.6531064358427195e-06,1.0394435934746622e-05,2.979465974348563e-08,0.9886860831202063,9.721297234477738e-10,1.982327879931448e-07,7.468565799701285e-06,8.560580867568938e-06,7.879056907434613e-10,2.7897087338851365e-05,1.1095520876080126e-06,2.868512346791621e-07,0.0021203651110520004,3.479759911607616e-08,5.3419584010026135e-05
24,3.1732549034451956e-08,3.156105658824695e-05,3.911265066764843e-07,0.012899844768983083,6.057218200183551e-06,2.793573107335335e-06,1.9398644438629227e-05,7.378045970940728e-06,1.1329100587688122e-07,3.916900309983998e-05,2.2461577855059068e-05,2.0228189933634728e-05,6.404502930485861e-08,0.9803099916134449,5.029797720217237e-09,4.4547787240038533e-07,1.764032327292421e-05,1.3686033437754531e-05,1.9755639329105815e-09,5.0394018462829185e-05,3.632029515743894e-06,8.034304521603818e-07,0.006395341000962428,8.892008091650056e-08,0.00015847787386861982
25,7.500758901684831e-09,1.2943496660139306e-05,4.31695901046739e-08,0.007633295884048385,1.1043004362741279e-06,6.013122452912637e-07,3.231971094879542e-06,3.456532438278564e-06,2.3069763065775905e-08,1.1048787007827671e-05,8.0366640368611e-06,7.048970043962729e-06,1.483084523847441e-08,0.9906490883792598,5.139250230988977e-10,1.356558794793008e-07,4.589344179975468e-06,5.312447936523295e-06,5.09589206419591e-10,1.7846584416966177e-05,6.160328599774434e-07,2.048175182725578e-07,0.0016194781161796442,2.4464174128963167e-08,2.1846645112166195e-05
26,4.176209265665722e-08,3.341707463216778e-05,1.8160807433417747e-07,0.013612096892501063,3.0279544693749874e-06,1.9599157578733693e-06,5.806209546650926e-06,3.40217919499342e-06,7.625970779111697e-08,3.1360511777814244e-05,9.806847789977395e-06,1.1576528362913524e-05,6.486746054887499e-08,0.9820941837663316,7.572242735847305e-10,2.406312335493699e-07,1.3653771196209667e-05,1.5701519785824247e-05,1.4134161850742026e-09,5.1060563100118145e-05,1.5936227289959114e-06,2.873018993041308e-07,0.004044863496498763,1.1146369236387903e-07,6.548308152444178e-05
27,1.4779164644574362e-08,2.2452167899234474e-05,7.741500437190244e-08,0.009437277547596646,1.6872754467940483e-06,1.0529031231069903e-06,4.80271158655338e-06,3.4327773399088956e-06,5.078387269685234e-08,2.011550486313504e-05,7.4338944668643075e-06,1.072594892947357e-05,2.893205779815483e-08,0.9884320296909267,1.2211061729132536e-09,2.282428449117475e-07,8.455641746310418e-06,9.871037728860191e-06,8.938161782848983e-10,2.7136160719838228e-05,1.2385758902143295e-06,4.08011985888613e-07,0.001959931848880647,3.584072149022622e-08,5.151019228145001e-05
28,1.5576826866942674e-08,2.3504193689129728e-05,8.052113832869202e-08,0.009022368222110853,1.8631902050093465e-06,9.949964830504773e-07,5.112890729169197e-06,2.9790368092629997e-06,4.6073217846283215e-08,2.0532718740978097e-05,6.6531064358427195e-06,1.0394435934746622e-05,2.979465974348563e-08,0.9886860831202063,9.721297234477738e-10,1.982327879931448e-07,7.468565799701285e-06,8.560580867568938e-06,7.879056907434613e-10,2.7897087338851365e-05,1.1095520876080126e-06,2.868512346791621e-07,0.0021203651110520004,3.479759911607616e-08,5.3419584010026135e-05
29,1.5576826866942674e-08,2.3504193689129728e-05,8.052113832869202e-08,0.009022368222110853,1.8631902050093465e-06,9.949964830504773e-07,5.112890729169197e-06,2.9790368092629997e-06,4.6073217846283215e-08,2.0532718740978097e-05,6.6531064358427195e-06,1.0394435934746622e-05,2.979465974348563e-08,0.9886860831202063,9.721297234477738e-10,1.982327879931448e-07,7.468565799701285e-06,8.560580867568938e-06,7.879056907434613e-10,2.7897087338851365e-05,1.1095520876080126e-06,2.868512346791621e-07,0.0021203651110520004,3.479759911607616e-08,5.3419584010026135e-05
30,1.5576826866942674e-08,2.3504193689129728e-05,8.052113832869202e-08,0.009022368222110853,1.8631902050093465e-06,9.949964830504773e-07,5.112890729169197e-06,2.9790368092629997e-06,4.6073217846283215e-08,2.0532718740978097e-05,6.6531064358427195e-06,1.0394435934746622e-05,2.979465974348563e-08,0.9886860831202063,9.721297234477738e-10,1.982327879931448e-07,7.468565799701285e-06,8.560580867568938e-06,7.879056907434613e-10,2.7897087338851365e-05,1.1095520876080126e-06,2.868512346791621e-07,0.0021203651110520004,3.479759911607616e-08,5.3419584010026135e-05
31,2.838322061128814e-08,2.6660192992830307e-05,1.3018327892461828e-07,0.009030994837512133,1.920904017348261e-06,1.1071071023789897e-06,5.863607488330725e-06,4.1198796863382325e-06,4.612345544569018e-08,2.5877917944235817e-05,6.502400289335522e-06,9.986168890308921e-06,3.402780206621856e-08,0.9887129836286238,7.844378853082309e-10,1.8247811084812681e-07,7.396489735499821e-06,1.1097678998957121e-05,1.0054076888277387e-09,2.781305297277995e-05,9.956475366406778e-07,2.2993836242403922e-07,0.0020722155922912864,4.045295564829617e-08,5.3771516886030265e-05
32,1.697537632533541e-08,2.5402576262252138e-05,8.458173807769259e-08,0.00898826940343311,1.9057186664033416e-06,1.0623683720432546e-06,5.263441926272982e-06,3.130650255106092e-06,4.954211602884929e-08,2.176569472336446e-05,6.924601754214419e-06,1.0776916525913588e-05,3.1381934678496156e-08,0.9886908466046704,1.0224332231491043e-09,2.057601693410166e-07,7.793393285436327e-06,8.918045648437328e-06,9.241092192588687e-10,2.8331841999148055e-05,1.1781881332859126e-06,3.0962404174016787e-07,0.00214416429284669,3.801649789226441e-08,5.352843308132482e-05
33,1.2865421661131368e-07,0.0001321408367456114,1.022808917325361e-06,0.01987045077785983,7.681702978442586e-06,2.4466418695012366e-06,4.32233063138299e-05,4.7251690214280806e-06,3.218062291867028e-07,8.427216101221448e-05,8.674081144775556e-06,3.903197311642762e-05,4.521416082299449e-08,0.9759000211136564,1.0636728467501363e-08,5.025881733465788e-07,6.593329989800164e-06,2.524031781536213e-05,1.5517015806081011e-09,5.177903583063591e-05,3.385132309221201e-06,4.244374964801089e-07,0.003252995420998699,5.790228052634767e-08,0.0005648233994332561
34,2.0084085356683957e-09,7.64528402775564e-06,2.455207727233894e-08,0.010426577970990657,1.0099711408620316e-06,5.320393675228439e-07,3.546752685575184e-06,1.591242508927264e-06,9.396230991604723e-09,2.3260525319993564e-05,3.9995383750682314e-06,5.288689955392212e-06,1.0658210837588819e-08,0.9858329081367718,5.70842184583827e-10,1.673763852302017e-07,4.4178362794135235e-06,3.934726246742994e-06,1.329305288558376e-10,2.795102193023101e-05,7.442807234577135e-07,1.6877275385238244e-07,0.0036118965095598165,1.2940292305400165e-08,4.4299065984982e-05
35,6.545008108311252e-08,3.44251857653184e-05,1.808947006681922e-07,0.01286724998118273,1.6551611830247488e-06,1.131219704819542e-06,6.831698789152707e-06,4.922496363071469e-06,9.289736437563193e-08,3.207974958107414e-05,6.039035624698512e-06,1.6692419162781292e-05,4.3321544418545094e-08,0.9853860819977199,8.999036507866898e-10,2.126159114539103e-07,1.0233510231054755e-05,3.0829724078136485e-05,1.3945737858046468e-09,2.687404866800846e-05,1.6166835829358484e-06,4.552544932641088e-07,0.0014991997920384013,5.8276685132081436e-08,7.302629106702141e-05
36,1.570616890003196e-08,1.832881477888409e-05,6.267817070630819e-08,0.0073386138851676665,1.348137592740163e-06,5.695166696383833e-07,4.610662498352937e-06,3.6853420405889083e-06,4.575907172758637e-08,1.3425969246903274e-05,5.203372725890441e-06,1.560365106772288e-05,3.826098825079817e-08,0.9913756537221119,1.0559470838509328e-09,2.0803540111201007e-07,7.636189154998105e-06,8.22687866674995e-06,7.443379290314479e-10,2.403790241941205e-05,9.512748346988004e-07,3.851413937263173e-07,0.0011321586108248554,2.243410196442164e-08,4.9166254617856506e-05
37,7.681253592916388e-09,1.7786048631126292e-05,4.7660395591424114e-08,0.006282225598097488,1.7834295865491036e-06,8.014999214391633e-07,4.566124883172506e-06,3.0189884513948e-06,3.3471220665410164e-08,1.4291778563552412e-05,6.5860202776010045e-06,8.343051972592108e-06,2.0084156262569662e-08,0.9919134225939429,1.381426467438389e-09,1.9805930110678988e-07,6.235602431256303e-06,5.027104682238327e-06,6.143961946607051e-10,2.143793940758352e-05,8.697591735824319e-07,2.933899042136944e-07,0.0016665906010872092,1.7854775820436385e-08,4.639366206027719e-05
38,3.3326299446008404e-08,3.3690807343408555e-05,1.474663909613988e-07,0.007181432166077643,3.220380420277062e-06,1.6751351579888403e-06,7.996839179187953e-06,3.0921308653145174e-06,7.215196776429233e-08,2.791819658888542e-05,7.031195467520498e-06,1.0052239987014468e-05,3.826657453453134e-08,0.9906517919023674,1.5035014175769923e-09,2.409666896047994e-07,7.176860002984055e-06,1.0541448151977931e-05,1.1999960880798544e-09,2.749154367272545e-05,1.100274524897182e-06,2.3649423498270232e-07,0.0019424762941220614,4.228386352378727e-08,8.24989265522285e-05
39,2.165419761784222e-08,1.9830296006934524e-05,1.8551013937179855e-07,0.012794950523004596,2.423494132537487e-06,2.1914863467181687e-06,7.594166678575761e-06,6.432258917702465e-06,6.963978818276896e-08,3.060021872149011e-05,1.0430348098779897e-05,1.3698863057474715e-05,6.181584753187911e-08,0.9841278182009376,1.7092591357831762e-09,3.783956534940513e-07,1.432418552908679e-05,1.4438188463915543e-05,1.4007904266870243e-09,3.994557195493614e-05,2.4654273779991027e-06,4.83160781871839e-07,0.002840837135289778,5.974942291107787e-08,7.075659960132207e-05
40,7.919665237608367e-09,1.73100811513145e-05,3.8100087540689706e-08,0.026586290954348,1.1103072558485942e-06,1.596338992750078e-06,1.7162097632031572e-06,3.877257121117755e-06,2.163284635980927e-08,3.7490435615351715e-05,1.0659607171007874e-05,3.973072236848503e-06,1.8552176590918734e-08,0.9677430621593578,2.8654821281285507e-10,3.151038380390616e-07,1.3059503476305014e-05,1.2736800886979848e-05,8.371631618561254e-10,7.519899225370164e-05,1.1675422452761676e-06,2.6915773768225826e-07,0.005473099685931288,1.1443629087918632e-07,1.6865025839706235e-05
41,1.7567650015165023e-08,2.491049881094522e-05,8.686220780281441e-08,0.008828760826447662,2.206216152226039e-06,1.030677633730204e-06,5.543433536247932e-06,3.0268613270643044e-06,5.146839426953332e-08,2.0079953218054177e-05,6.750969951195475e-06,1.05616790047868e-05,3.2916779293823846e-08,0.9889411424269028,1.0761891272777362e-09,2.129258678012815e-07,7.675894156991539e-06,8.673284173780725e-06,7.876279453121766e-10,2.9806854843010508e-05,1.073956420930714e-06,2.7220642469434845e-07,0.0020498599861251948,3.488262823113188e-08,5.818578752617696e-05
42,1.4438692817466674e-08,2.542615435568436e-05,1.1804176957755977e-07,0.015169508908052994,1.336166421368449e-06,1.3491549373158773e-06,6.150820090857265e-06,7.09373129054523e-06,6.571537809335082e-08,3.315729840264598e-05,8.964560460755214e-06,1.8231123315471836e-05,4.283623647457727e-08,0.9821449439873503,1.781920791522617e-09,4.195719336014467e-07,1.0691540472618034e-05,1.1531713773704692e-05,1.6897118792406193e-09,3.9288037632959886e-05,2.3955879140759958e-06,7.903813179870117e-07,0.002469229198440562,5.427723891268425e-08,4.919328288820676e-05
43,1.2801308517581462e-08,2.3228141476405388e-05,8.370200648274339e-08,0.01005483369788257,1.6055943018712334e-06,1.5290384997450702e-06,5.0831087725490405e-06,3.742673708132088e-06,4.256971373152092e-08,4.4938024483975776e-05,6.093210119226032e-06,9.129884200747081e-06,3.2895944293660533e-08,0.986933816221327,1.0517173450610298e-09,2.950225182742037e-07,9.272768345002621e-06,1.1805711594967148e-05,1.1615747127627808e-09,3.80759378744848e-05,1.9175073924932654e-06,4.132931695088568e-07,0.002802620675336572,4.64095115744946e-08,5.137889721985328e-05
44,1.5576826866942674e-08,2.3504193689129728e-05,8.052113832869202e-08,0.009022368222110853,1.8631902050093465e-06,9.949964830504773e-07,5.112890729169197e-06,2.9790368092629997e-06,4.6073217846283215e-08,2.0532718740978097e-05,6.6531064358427195e-06,1.0394435934746622e-05,2.979465974348563e-08,0.9886860831202063,9.721297234477738e-10,1.982327879931448e-07,7.468565799701285e-06,8.560580867568938e-06,7.879056907434613e-10,2.7897087338851365e-05,1.1095520876080126e-06,2.868512346791621e-07,0.0021203651110520004,3.479759911607616e-08,5.3419584010026135e-05
45,1.5969464181704222e-08,2.0808837351274227e-05,1.2183814429322581e-07,0.011262758579091255,2.2071683073625294e-06,1.327115470252617e-06,6.945153609277268e-06,6.4944719524135e-06,6.141787461067773e-08,2.091925878689046e-05,1.1137341379761618e-05,1.2319537196505122e-05,3.462193910877535e-08,0.986564527494841,2.2542172754969135e-09,3.7500704877197006e-07,8.916851065297814e-06,9.874341679024677e-06,1.0194651881625515e-09,3.278050220130729e-05,1.2289482940252084e-06,4.7379707228510874e-07,0.001980155490493379,3.767859646418674e-08,5.647530445873017e-05
46,1.2247966243863167e-08,1.4119411496931398e-05,7.370778082979656e-08,0.012622608827622122,1.5518454190020437e-06,1.4072645568510869e-06,3.214872847144865e-06,3.34377649573838e-06,4.338711420209861e-08,1.5378154602893483e-05,9.05376972791637e-06,1.117262103915256e-05,6.071801129172019e-08,0.9844631811084789,9.401314318045933e-10,2.516803268024345e-07,1.904867395586567e-05,1.078925861160158e-05,8.810089344457785e-10,3.79029528766958e-05,1.6669001573328407e-06,4.95390674621855e-07,0.0027355450990216024,5.255541547171987e-08,4.902395466054401e-05
47,2.767007019543854e-08,3.1061518066386224e-05,1.0728730949299592e-07,0.0105248051784974,2.1565574986997153e-06,8.52195562087905e-07,6.680587837002944e-06,2.8788685253514396e-06,8.132835292466375e-08,2.2674689552570598e-05,5.07214726886458e-06,2.263779709698598e-05,6.988550088851492e-08,0.9873298617646916,1.2741549337195876e-09,2.6692276385517577e-07,1.1136629562929263e-05,1.2108267055237148e-05,9.886534599050072e-10,3.99535004437635e-05,1.8181279643547916e-06,4.5195004518543523e-07,0.0018966123332245135,4.2917646342796617e-08,8.863961265481944e-05
48,1.5710205029900953e-08,2.2661233685477682e-05,8.415182310764288e-08,0.009191953072373932,1.939123261093292e-06,9.715591424891632e-07,5.3874681711040135e-06,2.990360812776741e-06,4.7599091732422e-08,2.000267601935625e-05,6.6658497353754815e-06,1.0807757456312606e-05,2.9785915720649298e-08,0.98855977976903,1.0541362098387752e-09,2.0517019485199025e-07,7.337733600722448e-06,8.835565117946436e-06,7.12894356793123e-10,2.8202369752918945e-05,1.123024171815949e-06,2.85855025878526e-07,0.00207298632074088,3.311963195435679e-08,5.765295800877906e-05
49,1.5878094851766632e-08,2.2839141308985353e-05,9.868015390248475e-08,0.010879580459802456,1.5892131383688384e-06,1.1014391029923416e-06,5.252050015883233e-06,3.058051215272295e-06,4.738490582321808e-08,2.379527500066186e-05,6.615191616344614e-06,1.2291993821985095e-05,3.417321695068683e-08,0.9865582525002071,9.507159822862971e-10,2.1145597049248587e-07,7.616880584778616e-06,9.40363767087033e-06,8.157739239299442e-10,2.9439606073689222e-05,1.335487999437177e-06,3.148980391293787e-07,0.0023803370934345797,4.120290363455571e-08,5.672653923182831e-05
50,1.3770902227964669e-08,2.1163341008656013e-05,7.044357507000779e-08,0.0068153183777254645,1.8103384309883345e-06,7.835845701855222e-07,6.212418107542184e-06,2.934921393894288e-06,3.358027811994358e-08,2.345119609391491e-05,5.241292766402897e-06,9.98426855312287e-06,2.5800372358442263e-08,0.9910360581639478,8.811835123997486e-10,1.6570757823219457e-07,5.936829114552457e-06,7.17789239698247e-06,6.940416588412531e-10,2.3449205424070856e-05,9.534723996144728e-07,2.3907001113069737e-07,0.0019826957163825896,2.4584875823399373e-08,5.625444886628441e-05
51,1.7987378558608474e-08,1.2396013727335564e-05,1.4253355998366218e-07,0.00629970659351044,8.441229093720112e-06,2.1487043639779217e-06,1.067343143910511e-05,3.1227576511702987e-06,4.507518049487335e-08,2.638135765043476e-05,1.3151429941877554e-05,8.789134254770671e-06,9.192916444337083e-08,0.9872334770202909,1.4607266651885197e-09,3.257854670575706e-07,1.7455660311978267e-05,8.637172135400577e-06,7.118237286986946e-10,6.672943986505507e-05,1.8153667933833505e-06,2.1720315087265223e-07,0.0061757114484770345,6.411958366406493e-08,0.00011045643445776161
52,2.2350067683419484e-08,0.0001801726385425586,3.036303445618471e-07,0.04635807734992413,3.9832092447969906e-06,6.179406022507932e-07,3.569490321684346e-05,4.270591015948463e-06,1.406458909208331e-07,4.708798342735197e-05,9.459207187587806e-06,0.0001591957003948503,1.2955177917940133e-07,0.9362867090309985,1.2528598692652988e-09,3.2136739084662386e-07,8.447679467831297e-06,2.371858229545373e-06,2.666231887889565e-09,9.614878940322287e-05,6.545564316923986e-06,5.608656102545783e-07,0.01669949137052724,1.792788086120122e-07,0.00010006457451659345
53,2.794008268352501e-08,2.9826322059274972e-05,9.15104769394211e-08,0.009484634428973012,1.2020560268802428e-06,1.4364062056357534e-06,2.628474208009836e-06,2.6585355497304297e-06,5.3664748331789684e-08,2.1105418496831673e-05,5.617007410166844e-06,7.823312209366453e-06,2.9837336102015966e-08,0.9887993150992408,6.779640508122652e-10,1.656745216237144e-07,9.395806386434901e-06,1.4074890301649877e-05,1.2178171316629497e-09,2.4137391378999745e-05,9.97491962375596e-07,2.914189679179236e-07,0.001549313469076177,4.495563410367185e-08,4.5126992965912126e-05
54,1.7347010092823697e-08,3.0563310789391095e-05,6.134537482175463e-08,0.0057245273202859255,1.6602492097526662e-06,6.957202415792743e-07,5.19308332480892e-06,1.7707163090673042e-06,4.4159995670022267e-08,1.9219783761264277e-05,3.3470481955106418e-06,9.910918540680666e-06,1.9888715216721733e-08,0.9929546452901635,1.2252666627003459e-09,1.515401554525969e-07,4.365128521883503e-06,7.006093122984079e-06,5.760638768223222e-10,1.712061493627762e-05,6.857066746131502e-07,2.1592423536025542e-07,0.001142488466651121,1.543299352248667e-08,7.62731094608637e-05
55,3.791080519686838e-08,3.6171436606419296e-05,1.3528366935029609e-07,0.014602739759016352,2.0306530533915958e-06,9.257345021499052e-07,7.535276733015459e-06,2.853937217407245e-06,1.2969354079611747e-07,2.077258080339943e-05,5.098597341165632e-06,3.066643212688978e-05,8.355991947443345e-08,0.9835880778751847,1.129042999417826e-09,2.609355440631116e-07,9.875944438844224e-06,1.5944120210267635e-05,1.029874259761505e-09,3.64101743511106e-05,2.039496206916115e-06,4.223314229549856e-07,0.0015476765721358263,5.519691683226205e-08,9.005433933616307e-05
56,1.645502196829382e-08,2.3494198821946824e-05,8.146756912977774e-08,0.008880685150800953,1.8975347397541399e-06,1.0117394449675388e-06,5.127125616948709e-06,2.981460349394853e-06,4.830762129456936e-08,2.0368862944568456e-05,6.62750869171502e-06,1.1187401624674036e-05,3.4836697060198654e-08,0.9888614931100651,9.868740546416727e-10,2.0307214809667035e-07,8.071936317872864e-06,8.818920493466639e-06,8.485590895757907e-10,2.9164406680079966e-05,1.1682368166012988e-06,2.994682728295537e-07,0.0020822602939047437,3.660120722316042e-08,5.492006871641585e-05
57,1.8629257175708697e-08,2.7829079761408203e-05,9.115804135594994e-08,0.010216335970597304,1.96951708893823e-06,8.755082074009981e-07,6.225819017988075e-06,3.3815928680178977e-06,6.41838117801776e-08,2.352258466233136e-05,5.484058174345221e-06,1.8390438259923024e-05,5.6828084523700114e-08,0.9875128147563766,1.1634456277804082e-09,2.6852294898671786e-07,9.704936357997722e-06,9.265835004640976e-06,1.0013886307488223e-09,4.0307610680891576e-05,1.5973440671204712e-06,4.0098562927117343e-07,0.0020551738917219333,3.9531179925698676e-08,6.617905336588372e-05
58,1.813600360655442e-08,2.484055559974211e-05,8.938632867776578e-08,0.009764416115537593,1.9229136241855075e-06,1.0824470947246392e-06,5.281111548351237e-06,3.0650039072498135e-06,5.208586253132492e-08,2.124988249956945e-05,7.249539420662366e-06,1.1783814608148247e-05,3.64341391019167e-08,0.987726259962541,9.144554839471252e-10,2.0432385957998248e-07,8.089790728722525e-06,9.227549887530057e-06,9.36109716337042e-10,3.002968056106235e-05,1.2467613516459788e-06,3.061446932285777e-07,0.002330889080910479,4.54818039216686e-08,5.261194692318699e-05
59,1.909439716399767e-08,2.7076281077650504e-05,1.0638090544028616e-07,0.010958587514339277,2.067262737559861e-06,1.189840700052149e-06,5.83512379605233e-06,3.383372834295428e-06,5.5692332556276824e-08,2.4044421364622453e-05,8.002007673692501e-06,1.215220294534694e-05,3.6179792968619356e-08,0.9861927948361783,1.0054463570237758e-09,2.2600432792994412e-07,8.248952941007211e-06,9.59540147506261e-06,9.900751592767316e-10,3.3204183334328766e-05,1.3589082131346285e-06,3.195199264108859e-07,0.0026565359459192494,5.099537272389605e-08,5.51078818935918e-05
60,1.5576826866942674e-08,2.3504193689129728e-05,8.052113832869202e-08,0.009022368222110853,1.8631902050093465e-06,9.949964830504773e-07,5.112890729169197e-06,2.9790368092629997e-06,4.6073217846283215e-08,2.0532718740978097e-05,6.6531064358427195e-06,1.0394435934746622e-05,2.979465974348563e-08,0.9886860831202063,9.721297234477738e-10,1.982327879931448e-07,7.468565799701285e-06,8.560580867568938e-06,7.879056907434613e-10,2.7897087338851365e-05,1.1095520876080126e-06,2.868512346791621e-07,0.0021203651110520004,3.479759911607616e-08,5.3419584010026135e-05
61,1.9215134848112372e-08,2.7151148775395545e-05,1.0558998048635458e-07,0.01070468012829984,2.085692415930098e-06,1.2097972105967653e-06,5.856585278657478e-06,3.395487959518915e-06,5.537490632381108e-08,2.424195440623268e-05,7.935601901710862e-06,1.20229281224302e-05,3.663404393329501e-08,0.9864812203275856,1.021746491514061e-09,2.254053901647892e-07,8.434778325170457e-06,9.636409707259549e-06,1.01294047985415e-09,3.278169538077652e-05,1.3637405028027549e-06,3.220062018776448e-07,0.0026213590727541245,5.011063596432164e-08,5.580828039348274e-05
62,1.5576826866942674e-08,2.3504193689129728e-05,8.052113832869202e-08,0.009022368222110853,1.8631902050093465e-06,9.949964830504773e-07,5.112890729169197e-06,2.9790368092629997e-06,4.6073217846283215e-08,2.0532718740978097e-05,6.6531064358427195e-06,1.0394435934746622e-05,2.979465974348563e-08,0.9886860831202063,9.721297234477738e-10,1.982327879931448e-07,7.468565799701285e-06,8.560580867568938e-06,7.879056907434613e-10,2.7897087338851365e-05,1.1095520876080126e-06,2.868512346791621e-07,0.0021203651110520004,3.479759911607616e-08,5.3419584010026135e-05
63,1.6839975465881693e-08,2.7550657794768168e-05,8.445055891233263e-08,0.009206165845773728,1.9433829072956118e-06,1.0243188430944706e-06,5.367696470683053e-06,2.9749901315753744e-06,4.970441421302156e-08,2.2060816564426e-05,6.589890531290108e-06,1.0864561936294915e-05,2.9952201147142226e-08,0.9884515529248641,1.0370976751864998e-09,2.0389230878254914e-07,7.276319504532157e-06,8.412298250010228e-06,8.781982940246978e-10,2.8464486846796266e-05,1.1394356702320636e-06,2.9119774315973335e-07,0.0021628036238926516,3.6355297724302766e-08,5.509444222311566e-05
64,1.4868770920914708e-08,2.408981910702965e-05,8.116303661297478e-08,0.009279557186481028,1.7718141079832189e-06,1.0335245835474408e-06,5.312199889175242e-06,2.9481923367523577e-06,4.7843159374572364e-08,2.2905078516957664e-05,6.42317444631655e-06,1.1580045212326326e-05,3.217845343784279e-08,0.9883259352706757,1.0260570648556023e-09,2.0776715552493897e-07,7.618011080619767e-06,8.887643691493883e-06,8.593692556641576e-10,2.856764330856796e-05,1.3651752228077848e-06,3.2372789130657916e-07,0.0022159106524407926,3.699688917036343e-08,5.5348138116275584e-05
65,2.1140265973297622e-08,2.646277598362694e-05,8.595703586457582e-08,0.009358320628511276,2.201064340453892e-06,1.0097721511664243e-06,4.932828977684172e-06,2.8247253102418516e-06,6.400875457312831e-08,1.568780678105269e-05,7.860232656676101e-06,1.2036422971525216e-05,3.748113224779356e-08,0.988461685278531,9.88827982070933e-10,1.9997340248719545e-07,9.25908345489929e-06,9.517049411407848e-06,8.967167589670646e-10,2.809835793445679e-05,1.1078946337624621e-06,3.306367032851988e-07,0.002003285585494182,4.2944950054602115e-08,5.492646506744541e-05
66,1.6072386917405107e-08,2.3835626706810902e-05,8.378260439498698e-08,0.009144359834706623,1.938842920998623e-06,1.0344945751906503e-06,5.23687361339265e-06,3.0176370590798167e-06,4.721114505799541e-08,2.1290666088451507e-05,6.790793085468406e-06,1.0481075459881607e-05,3.111254688761578e-08,0.9884795952791652,9.881472733793577e-10,2.0400602620279684e-07,7.701887710812639e-06,8.775736041730526e-06,8.101626026271414e-10,2.914459320945217e-05,1.14857161295626e-06,2.8874409380286066e-07,0.002200273281064619,3.6527894422815144e-08,5.466555197183768e-05
67,8.148934944295093e-09,1.1667856675924296e-05,5.113758927632315e-08,0.008678608589290262,1.3574404554100203e-06,1.0827920821834287e-06,2.6514281069971024e-06,2.003446256204636e-06,2.3250348957357283e-08,1.6090733522478672e-05,5.79065200664548e-06,6.280953646625704e-06,3.275836708661319e-08,0.9885732894095185,4.581195481206058e-10,1.5503968374533977e-07,7.92417517322353e-06,6.592184601330841e-06,4.612712121702256e-10,3.1040431990571726e-05,8.765227816005945e-07,1.6520975045597544e-07,0.0026176833857129043,3.4818855160962285e-08,3.658871525865571e-05
68,1.4326153079183449e-08,2.3045265514635384e-05,6.873360249575503e-08,0.00755099500688468,2.189813811361965e-06,9.796706304533902e-07,5.183725655801812e-06,2.95099756551955e-06,4.611859636365702e-08,1.8183304482567037e-05,6.845620707925834e-06,9.450401538846106e-06,2.9050730775962135e-08,0.9904026127698488,1.2124449676560121e-09,2.0716014482985015e-07,7.736906372593522e-06,7.751451500993181e-06,7.780359360360813e-10,2.750642198499937e-05,9.87228848631816e-07,2.893196100902138e-07,0.0018773304784303717,2.90511685926405e-08,5.556518573473054e-05
69,1.7911397319825117e-08,2.473175300692865e-05,7.594313392272095e-08,0.007638514111557323,1.8266023163137776e-06,9.309984558451181e-07,5.065381546159581e-06,2.6605521397713265e-06,4.855621777498729e-08,1.9838904205504615e-05,5.511777981763043e-06,9.751004943109251e-06,2.6842950227518087e-08,0.9905587016863316,1.044689551285014e-09,1.8194419163499565e-07,7.23900584169902e-06,9.358877061974948e-06,7.517617034093352e-10,2.323983453878691e-05,9.400077848790497e-07,2.8739242743318196e-07,0.00163011693556802,2.689881459542723e-08,6.090528113615213e-05
70,1.1627092467825839e-08,5.8835182863268434e-05,1.0616915442347323e-07,0.012227371975819398,2.3382445464797268e-06,2.0486419367336833e-06,1.0510781332984463e-05,2.7053219568383265e-06,6.971149376723557e-08,4.006408900349723e-05,2.044402637827339e-05,1.760297970182811e-05,2.0767094771255593e-08,0.9769714214973615,1.3640072401403323e-09,1.4368028296694493e-07,7.195441987172036e-06,5.5434280118741586e-06,3.6959588741730016e-09,2.0137659473213238e-05,4.77215838207547e-06,7.362847125291903e-07,0.010558352305457949,1.4598296573187087e-07,4.9416983023926246e-05
