,0,1,2,3,4,5,6,7,8,9,10,11,12,13,14,15,16,17,18,19,20,21,22,23,24
0,5.24518098865553e-07,3.7334049950211505e-06,3.2035424352261402e-06,0.00021821382410288514,5.5202549518041894e-05,0.000191714768816446,2.833667970358357e-06,2.5286423711423406e-09,2.9621461619494706e-07,1.3618457214116823e-06,0.027805243318179646,0.0004242633475488304,0.00155410565756417,0.9678090428234696,6.541655165053331e-07,8.78278243764157e-06,0.00027540081642929654,0.0009281024187025725,3.380607209340272e-07,4.367906807276557e-06,1.8208773734968578e-05,1.0254230135632214e-05,0.0006673876146890652,1.9137032878713446e-06,1.4847515858947193e-05
1,6.932687907712127e-07,4.770986571936495e-06,3.912401061599813e-06,0.0002626349248015281,7.154418293783749e-05,0.00028873004163626893,4.14390020281893e-06,4.413768665913434e-09,5.19951008282843e-07,1.9472928301329986e-06,0.029404793348742277,0.0004837488007638309,0.0021915514313363173,0.9649218413493222,8.589248387366596e-07,1.548569634041491e-05,0.00035480345468049405,0.0009677419845982001,5.917719529263808e-07,7.358848630558335e-06,1.9579147779973056e-05,1.2627498606455785e-05,0.0009598095270636054,2.578670587159088e-06,1.7728181146976573e-05
2,5.096346555997185e-07,3.0056489971708485e-06,3.317629020912114e-06,0.00017925648743718592,5.996627863083305e-05,0.00020564413167119326,3.297705921494057e-06,3.2169439807924885e-09,3.861776277846461e-07,1.852976026669016e-06,0.021361735964615793,0.0002975296162004936,0.001148815840834783,0.9747714858638442,9.227714913858175e-07,8.86227477993503e-06,0.00019562961917550962,0.0007803766516176533,4.879242599831869e-07,8.589352992931782e-06,1.8728540848436384e-05,1.4731338635297317e-05,0.0009118984415661706,2.485030108800099e-06,2.048088209575139e-05
3,5.983583812103838e-07,4.071417291504861e-06,3.6600626769246542e-06,0.00022810474572883626,6.203203131039323e-05,0.00023865380085065117,3.5225058308100955e-06,3.4564237746460245e-09,3.2382495712706466e-07,1.5715460407204215e-06,0.02775040264243432,0.0004833445447405956,0.00175912038914927,0.9672799859239233,7.856342579251884e-07,1.1123563038453263e-05,0.00028414728508098513,0.0009948768663232777,5.000047460549418e-07,6.0074254350197675e-06,2.2408939313210407e-05,1.2151558145740686e-05,0.0008339298271171126,1.977309104479702e-06,1.6696337698333318e-05
4,5.95754522508374e-07,4.419991380654385e-06,3.800930099345e-06,0.00024096521570478354,6.733827379811069e-05,0.00022497515590037248,3.4486334071885356e-06,3.642883798349886e-09,3.185238909045159e-07,1.492013178377675e-06,0.02897242774484708,0.0005485889043413479,0.002132649654483579,0.9656655976639329,6.828738442508517e-07,1.1294782936678777e-05,0.00029159713629661553,0.0010138940540674727,5.221565957972937e-07,5.582703102102482e-06,2.1997810176149336e-05,1.159987219136479e-05,0.000759565701981819,1.7609321631759102e-06,1.4879874273676879e-05
5,6.65491152906198e-07,2.8961547832711203e-06,3.4006232598771605e-06,0.0002573871864112114,5.3833818992313025e-05,0.00018136019154925892,3.0383884278525213e-06,3.1599912287348106e-09,2.955639597363757e-07,1.679607323182513e-06,0.02346976290558139,0.0004537739654193433,0.0014547538763095026,0.9715477747294562,5.534846299987368e-07,1.0525314119603236e-05,0.0002812193270854956,0.001434938127979803,3.606003863455907e-07,6.455510280197614e-06,2.0408583967994544e-05,1.0248347102302308e-05,0.0007846014841335609,2.2479037276676112e-06,1.7815653969707876e-05
6,5.983583812103838e-07,4.071417291504861e-06,3.6600626769246542e-06,0.00022810474572883626,6.203203131039323e-05,0.00023865380085065117,3.5225058308100955e-06,3.4564237746460245e-09,3.2382495712706466e-07,1.5715460407204215e-06,0.02775040264243432,0.0004833445447405956,0.00175912038914927,0.9672799859239233,7.856342579251884e-07,1.1123563038453263e-05,0.00028414728508098513,0.0009948768663232777,5.000047460549418e-07,6.0074254350197675e-06,2.2408939313210407e-05,1.2151558145740686e-05,0.0008339298271171126,1.977309104479702e-06,1.6696337698333318e-05
7,1.0718216116149332e-06,8.58461640418494e-06,7.885950444662889e-06,0.0003134064412282066,9.891481195994452e-05,0.00027508217542133344,4.719020428775699e-06,6.128893034864846e-09,3.8292376744228624e-07,1.6158806449620267e-06,0.05433999982964087,0.0007927867333500202,0.005033558816702307,0.936834316539609,9.339851171406223e-07,1.3360483381288956e-05,0.0003962624780652189,0.001118630141401156,9.992570048084445e-07,5.487838689120738e-06,2.59617724093764e-05,1.4980751013565371e-05,0.0006957029316142704,2.3354107659550518e-06,1.3013260431843726e-05
8,8.887069299684337e-07,7.839211921172096e-06,5.219778467395014e-06,0.0003170700229722461,8.639492860039874e-05,0.0004169591235211817,5.427824826026068e-06,7.9262248926961e-09,3.3805203124215586e-07,1.4028734665653532e-06,0.04147503674130889,0.0015016175452891355,0.00544808841436632,0.9474941271302542,7.263481764467297e-07,2.3415282152768697e-05,0.0006155929321794427,0.0014943317065335582,1.2309313132162076e-06,6.856259510466545e-06,3.574727237683006e-05,1.4275055165454375e-05,0.0010338052581796637,1.0875092205505095e-06,1.2513165012184425e-05
9,4.507741451783177e-07,2.3515795155946734e-06,3.451111972845038e-06,0.00022426201923154602,4.705915996089823e-05,0.00018427420278610608,2.227771416314687e-06,2.5447670487262783e-09,3.434701281780237e-07,1.849459764561956e-06,0.020440088132094077,0.00021831676006866513,0.0010562548353011984,0.976053433417321,6.624560035364648e-07,7.671971242627225e-06,0.00021513003042080182,0.0007358316088173444,2.849879894569814e-07,6.322592104795576e-06,1.5169099511619358e-05,1.1282191639163312e-05,0.0007550540554585742,2.9077146712439773e-06,1.5318053667776347e-05
10,5.983583812103838e-07,4.071417291504861e-06,3.6600626769246542e-06,0.00022810474572883626,6.203203131039323e-05,0.00023865380085065117,3.5225058308100955e-06,3.4564237746460245e-09,3.2382495712706466e-07,1.5715460407204215e-06,0.02775040264243432,0.0004833445447405956,0.00175912038914927,0.9672799859239233,7.856342579251884e-07,1.1123563038453263e-05,0.00028414728508098513,0.0009948768663232777,5.000047460549418e-07,6.0074254350197675e-06,2.2408939313210407e-05,1.2151558145740686e-05,0.0008339298271171126,1.977309104479702e-06,1.6696337698333318e-05
11,6.287763609571848e-07,4.436547002538358e-06,3.937458147612552e-06,0.0002488227248716783,6.59250449036582e-05,0.00025137439048637735,3.812491840833359e-06,4.0484160315165015e-09,3.4344951875285333e-07,1.5957934409581213e-06,0.029027545302308187,0.0005421326367130138,0.002118696364118287,0.9654700413459198,7.818422890775403e-07,1.2435333838436921e-05,0.0003162492812072711,0.001032812920105721,5.601642693993832e-07,6.159458100077977e-06,2.2645722952750817e-05,1.2590443862333859e-05,0.0008385312939450252,1.918254059638881e-06,1.6018911321652434e-05
12,9.718994277852066e-07,5.681089226450576e-06,5.959289560763492e-06,0.00029463939532524224,4.589119355171915e-05,0.0003095394655925637,5.307188131208994e-06,8.544984890319098e-09,5.129798261758221e-07,2.7203030860830054e-06,0.03934142072959835,0.0005444639200903852,0.003531390055354002,0.9533179625107446,1.2409414481654527e-06,1.4878069457036609e-05,0.0006100282365657716,0.0010079497575865618,8.509076056118804e-07,7.481577917592542e-06,2.667808898258122e-05,2.9455896371315052e-05,0.0008750998715931153,3.1552247138595335e-06,1.6712863258189208e-05
13,2.2115010976674874e-06,3.2334836179328584e-06,4.750824826286062e-06,0.00017701932304681921,2.6372215782892928e-05,0.0005912412690490523,1.713354854380815e-05,3.629057897140877e-08,2.0250299415517253e-06,1.2322272688987203e-05,0.0017932542542465895,0.0006170882065870873,0.0005483870509540125,0.9883029987117316,9.274588247534283e-07,2.6495339597209816e-05,0.001059767832827044,0.004660790831103636,1.6231975888072585e-06,0.00010675742607023332,3.069064782076071e-05,0.00011746812109343983,0.001716588192065888,3.949083460177637e-06,0.00017686788685511112
14,6.109508123272942e-07,2.5405715149948204e-06,3.825564946025392e-06,0.00028797397469398916,4.490299811245659e-05,0.00022477306952558386,3.7136113684853986e-06,4.4026019383671625e-09,4.1199201989189556e-07,2.0907082966093375e-06,0.021972908430362238,0.00031305157839440714,0.0013560535817044752,0.9732896962710949,8.81734011223616e-07,1.1136962336981665e-05,0.00032827129999112834,0.0011059576871726082,3.54540170168492e-07,8.546845796535749e-06,2.03221483077492e-05,1.4164388034605041e-05,0.0009851790478483838,3.1346446304912807e-06,1.949299625210053e-05
15,5.983583812103838e-07,4.071417291504861e-06,3.6600626769246542e-06,0.00022810474572883626,6.203203131039323e-05,0.00023865380085065117,3.5225058308100955e-06,3.4564237746460245e-09,3.2382495712706466e-07,1.5715460407204215e-06,0.02775040264243432,0.0004833445447405956,0.00175912038914927,0.9672799859239233,7.856342579251884e-07,1.1123563038453263e-05,0.00028414728508098513,0.0009948768663232777,5.000047460549418e-07,6.0074254350197675e-06,2.2408939313210407e-05,1.2151558145740686e-05,0.0008339298271171126,1.977309104479702e-06,1.6696337698333318e-05
16,5.322671212603975e-07,2.8741171570382076e-06,2.5230893926579533e-06,0.00018510046010686927,4.7316719765459737e-05,0.00014333952886623418,2.8494296273639736e-06,2.1658055138364348e-09,1.7967958000505397e-07,1.5685608158764417e-06,0.02042781815078211,0.000557487769812954,0.001096626562923036,0.9751212685185352,4.6716145210021076e-07,8.186904849557389e-06,0.0002170665679504799,0.00149638393988724,3.298751360822807e-07,5.041609526224625e-06,2.9057160507174107e-05,1.0230819852335168e-05,0.0006229545973520665,1.3706263232281544e-06,1.9423716872010254e-05
17,6.124424758006925e-07,9.408698063345005e-06,1.3432722390246987e-05,0.0006318290105077818,0.00011553946941461404,0.0021395995802684087,9.475304457084706e-06,5.824651023148978e-09,2.560720747848201e-06,4.00503614569665e-06,0.12027750583746885,7.461694158926765e-05,0.0016640942543131921,0.8724460866565062,2.5632770464957853e-05,2.707979160225889e-05,0.0004361178757884247,0.00010541479950734347,8.33638800259876e-07,7.162253648817985e-06,1.6947226017405918e-05,2.126603325987604e-05,0.001923873250666133,3.2803649162201964e-05,1.4096212082770644e-05
18,6.37111932971758e-07,7.479195103554064e-06,2.0005122466783008e-05,0.001120586864314963,0.000327935425333412,0.0006638520095944888,6.010811129340188e-06,8.22626605504386e-09,5.525511570843817e-07,1.10831425219993e-06,0.15526224096083116,0.00029471532636582225,0.00698226815065775,0.8332049493882919,4.474111036702056e-06,2.5038132305943002e-05,0.00022080541337960967,0.0003173409334087938,9.493631620367431e-07,5.994123790691378e-06,3.068710345825627e-05,6.652425014165099e-06,0.0014843235148885912,6.307613085904798e-06,5.077808771674069e-06
19,6.320506314925959e-07,4.92761120302187e-06,4.863587750977003e-06,0.00026716948846106466,8.429634393210507e-05,0.0002290086953077163,4.078747869194873e-06,4.819043113369187e-09,3.1373131327480696e-07,1.483371112794855e-06,0.030116952459038157,0.0007085424254710839,0.0028085108538639953,0.9635321494651011,7.10435571719006e-07,1.2751094776956727e-05,0.0002977729507603141,0.0011628141404250382,6.525560260858173e-07,6.481086330158044e-06,2.405166677102274e-05,1.3177266865151865e-05,0.0007029085540717198,1.5782725039321834e-06,1.4168325798637821e-05
20,5.606139714830383e-07,4.68605786205268e-06,4.752059027277103e-06,0.00023783575996103146,6.307960523033462e-05,0.0002803704816830464,4.914821302793029e-06,5.06196228805859e-09,3.349552584278007e-07,1.825280163796579e-06,0.033625287735788066,0.00040250356503331405,0.0017671226232302993,0.9615413861117652,1.7685933263707597e-06,1.0333701355578761e-05,0.0002558838331897964,0.0007085871034494928,6.672304823959266e-07,6.906819801364219e-06,3.357466531040391e-05,1.987510495927404e-05,0.0010063498409471727,2.398551068269375e-06,1.8989823870398695e-05
21,6.124107384649914e-07,4.150617394936102e-06,4.3635950715082075e-06,0.0002534480614910953,5.472317081345769e-05,0.00034602609486920807,4.985350796214704e-06,4.962625473212315e-09,4.613162542390283e-07,1.645642203753164e-06,0.029852054640240346,0.00040099981592434884,0.0020641084303839085,0.9646432491434783,1.2700805402861036e-06,1.3418254220441013e-05,0.0003774125913752571,0.0008250187838746087,6.170478546905211e-07,7.450869773666516e-06,1.8837148626681156e-05,1.620596450470123e-05,0.0010884189239239814,2.6711661513393164e-06,1.7845916868790762e-05
22,6.318230331583317e-07,3.1366609752128636e-06,4.068886090380142e-06,0.00027666660173451,4.711981210975682e-05,0.00021213420072014748,2.840265343141004e-06,3.335212687472418e-09,2.536059763374438e-07,1.9254381969320554e-06,0.02745832134100671,0.0004648231462517816,0.0016478576164044663,0.9674849558879982,6.11200555528935e-07,1.071858130792592e-05,0.0003489988318146925,0.0012705482648013543,3.7354969631170375e-07,5.6401744348387e-06,2.5303518298045827e-05,1.2174650698881108e-05,0.0007042172548035979,2.0881502740225167e-06,1.4587202261329284e-05
23,5.983583812103838e-07,4.071417291504861e-06,3.6600626769246542e-06,0.00022810474572883626,6.203203131039323e-05,0.00023865380085065117,3.5225058308100955e-06,3.4564237746460245e-09,3.2382495712706466e-07,1.5715460407204215e-06,0.02775040264243432,0.0004833445447405956,0.00175912038914927,0.9672799859239233,7.856342579251884e-07,1.1123563038453263e-05,0.00028414728508098513,0.0009948768663232777,5.000047460549418e-07,6.0074254350197675e-06,2.2408939313210407e-05,1.2151558145740686e-05,0.0008339298271171126,1.977309104479702e-06,1.6696337698333318e-05
24,6.413528002332895e-07,4.285810858792348e-06,3.9157405808806465e-06,0.00022406903113443937,5.856893758186619e-05,0.00026465773070408313,3.8065156539421334e-06,3.6871520961770184e-09,3.4558190062784476e-07,1.7326664075391326e-06,0.02855560000228149,0.00046794497078330734,0.0016914793429292504,0.9664827648636379,9.286008574058802e-07,1.1117611662262375e-05,0.00030558032259827677,0.0009737968639114298,5.425713444820852e-07,6.435416721384149e-06,2.4315253863001096e-05,1.4048361077120048e-05,0.0008830671935382554,2.2077584500420494e-06,1.8143811569859702e-05
25,7.425432679706789e-07,3.9209771725441924e-06,4.0921153797962315e-06,0.0003161939459554074,7.014521035713731e-05,0.0001830489291592173,4.23118154502909e-06,4.630052008119179e-09,2.739929883723892e-07,1.478973789254201e-06,0.03966885820222241,0.0006459766172656288,0.0028302123298240374,0.9536604207486734,7.422753264410486e-07,1.3032127073522422e-05,0.0003094015194369953,0.0013961010456815196,5.318425338386737e-07,5.857812796751201e-06,2.690194240151773e-05,1.1275912112184992e-05,0.0008300514922692529,1.9002621461546281e-06,1.4603370569912284e-05
26,1.022586592002524e-06,4.458727713737841e-06,4.922685473795962e-06,0.0003633999722973247,7.922312807576679e-05,0.00034190031519022355,3.7869677477220434e-06,5.29454631741884e-09,7.304845123206056e-07,1.8357815389125444e-06,0.03355354833920329,0.0003741489033886876,0.002026196960077767,0.9601386102427041,1.042593516420203e-06,1.540979425575163e-05,0.0004011362011470815,0.0010725259120192353,5.309695876437944e-07,9.166113985415819e-06,1.935069224501336e-05,1.0924665498339153e-05,0.0015510247332299032,4.798893649495669e-06,2.0299041803789126e-05
27,5.167881357571722e-07,3.859477106485633e-06,3.3763602476421754e-06,0.0001858395300883396,5.538793797280627e-05,0.0002464357851599442,3.859114729886783e-06,3.5037754187983038e-09,4.562063410967193e-07,1.97192979205183e-06,0.023931323784803116,0.00033788297980136793,0.0013263385277811378,0.9719863299548491,1.10436233050429e-06,9.939806902945557e-06,0.0002619816723155452,0.0007196015352002495,5.035106512068058e-07,7.287086015344557e-06,1.8801617206420218e-05,1.738174632952757e-05,0.0008569174878743539,2.5679151507839266e-06,2.033137943880038e-05
28,5.983583812103838e-07,4.071417291504861e-06,3.6600626769246542e-06,0.00022810474572883626,6.203203131039323e-05,0.00023865380085065117,3.5225058308100955e-06,3.4564237746460245e-09,3.2382495712706466e-07,1.5715460407204215e-06,0.02775040264243432,0.0004833445447405956,0.00175912038914927,0.9672799859239233,7.856342579251884e-07,1.1123563038453263e-05,0.00028414728508098513,0.0009948768663232777,5.000047460549418e-07,6.0074254350197675e-06,2.2408939313210407e-05,1.2151558145740686e-05,0.0008339298271171126,1.977309104479702e-06,1.6696337698333318e-05
29,5.983583812103838e-07,4.071417291504861e-06,3.6600626769246542e-06,0.00022810474572883626,6.203203131039323e-05,0.00023865380085065117,3.5225058308100955e-06,3.4564237746460245e-09,3.2382495712706466e-07,1.5715460407204215e-06,0.02775040264243432,0.0004833445447405956,0.00175912038914927,0.9672799859239233,7.856342579251884e-07,1.1123563038453263e-05,0.00028414728508098513,0.0009948768663232777,5.000047460549418e-07,6.0074254350197675e-06,2.2408939313210407e-05,1.2151558145740686e-05,0.0008339298271171126,1.977309104479702e-06,1.6696337698333318e-05
30,5.983583812103838e-07,4.071417291504861e-06,3.6600626769246542e-06,0.00022810474572883626,6.203203131039323e-05,0.00023865380085065117,3.5225058308100955e-06,3.4564237746460245e-09,3.2382495712706466e-07,1.5715460407204215e-06,0.02775040264243432,0.0004833445447405956,0.00175912038914927,0.9672799859239233,7.856342579251884e-07,1.1123563038453263e-05,0.00028414728508098513,0.0009948768663232777,5.000047460549418e-07,6.0074254350197675e-06,2.2408939313210407e-05,1.2151558145740686e-05,0.0008339298271171126,1.977309104479702e-06,1.6696337698333318e-05
31,1.1268366425425867e-06,4.813515163538933e-06,5.604689782134095e-06,0.00026423791134247616,7.48816026012435e-05,0.0002198183194475798,4.099744725133354e-06,6.159941857285913e-09,3.4740555109186995e-07,1.90463234772552e-06,0.027626682426351242,0.0007622249304971616,0.002625022997191109,0.9652278539475555,6.437388086804839e-07,1.3291520488595024e-05,0.0003664363043723613,0.001834036319287235,8.333581835181084e-07,9.068517364022775e-06,2.8586405973380747e-05,1.53226581059639e-05,0.0008904650004523316,2.105134116914328e-06,2.058592370637498e-05
32,6.101255293626694e-07,4.296193724218624e-06,3.888134011655971e-06,0.00022059614023453775,6.473079128651526e-05,0.00025477945795990823,3.7956236070349053e-06,3.893666661280916e-09,3.300144380430251e-07,1.624577473158731e-06,0.02804113091535454,0.0005078681403047188,0.0018781810583246039,0.9668099534981428,8.578632887106055e-07,1.175487279836063e-05,0.0002863002236238712,0.0009726589611102015,6.043601759013316e-07,6.584753150981549e-06,2.3588339287527197e-05,1.369117840522327e-05,0.0008730515185317815,1.914256799306927e-06,1.7205108770248402e-05
33,7.018059267556216e-07,4.476073123058481e-06,4.656414969749442e-06,0.00024025280669331937,9.245682657065918e-05,0.00029124291020206393,3.3529957380285835e-06,2.492055596635688e-09,3.306290562465737e-07,1.5818081351780933e-06,0.036722502060388865,0.0003059488131943207,0.0009536059070979969,0.9590063486141871,1.7341279540099544e-06,8.733162227398692e-06,0.00015843463614163903,0.000790033965867493,4.912836464767316e-07,6.726845825470736e-06,3.695262012871911e-05,9.211758487042468e-06,0.0013310967839600743,3.752277679909796e-06,2.5372380742796852e-05
34,3.453334250551931e-07,2.1792990321675206e-06,2.4632574198309855e-06,0.00030603365988691555,3.933878370461784e-05,0.00026216749705309297,3.612185165418274e-06,2.974770638879669e-09,2.1764620067624567e-07,1.4487084433216665e-06,0.017456562770002834,0.0004784203371798818,0.0011975545203541157,0.9777605805327645,5.88250877713936e-07,1.4531476111088075e-05,0.0003530103452904691,0.0012622781038571986,2.3711704707950405e-07,5.408106421001525e-06,2.2129734095785165e-05,8.567337386577775e-06,0.0008071675327729918,1.3093744564445868e-06,1.3845116280436618e-05
35,4.113861656229868e-06,7.334892730538522e-06,5.612013211740118e-06,0.00030818661545644585,4.874186361056979e-05,0.0001514070354358981,5.496828275264745e-06,1.4257228378516487e-08,7.245799274527466e-07,3.568513660521253e-06,0.024503755572557066,0.0021006361088353525,0.005007295521064116,0.9587360880285859,2.972663172326265e-07,1.9918096582205203e-05,0.0013305480135003575,0.00697281739827131,1.0778738333469033e-06,1.1603987553315657e-05,2.556075286337382e-05,2.768313457386866e-05,0.0006908645546702984,2.814570902815782e-06,3.383865869643277e-05
36,8.637322267855025e-07,4.237513821940461e-06,4.955251476448913e-06,0.00025377808621212454,0.00011181147262511724,0.00017172158055082815,2.3908105074645088e-06,1.5670037408459417e-09,1.9066987568954188e-07,1.3163706251992203e-06,0.05308783002800427,0.0002820542938823595,0.0009878425397734777,0.9428802138539188,1.1776655475683884e-06,5.878120241649812e-06,9.486587376450877e-05,0.0009335011524053005,4.202680677763033e-07,4.663401286761699e-06,4.520954634909739e-05,5.4997182759166594e-06,0.0010938003501923341,4.036906578937659e-06,2.173922678578722e-05
37,4.3442755320912473e-07,6.049856581747463e-06,3.371448892354109e-06,0.00018737931115602073,6.843491789221227e-05,0.0003996642464158287,4.8035392306738275e-06,5.008387670453432e-09,4.2471514296305763e-07,1.4418103616893862e-06,0.026636329074869704,0.0006169126587111274,0.002302525279452111,0.9676903921078787,1.2007957702270602e-06,1.4381300242948794e-05,0.00034399612563236866,0.0006124654490044315,8.472984035600724e-07,6.751752656564107e-06,2.5769958529024782e-05,1.727950361608346e-05,0.0010420845764194779,1.2494281810113417e-06,1.5805409018614624e-05
38,6.412389668410399e-07,5.332578646150176e-06,4.125835741663088e-06,0.0002745492736554333,7.232184862922444e-05,0.0004631052688073167,6.203470396870338e-06,5.674415941045842e-09,3.1343665444676056e-07,1.539793545463424e-06,0.03728550234962257,0.0007148432294964462,0.0028671854746810245,0.9554629070794541,1.2882166217009986e-06,2.245465034032641e-05,0.00038244684961501885,0.0010003112543987812,9.61958871798322e-07,7.4245479177447985e-06,3.3453024064641155e-05,1.3572571100174023e-05,0.0013615312786119593,1.6500096295259744e-06,1.6329086115045036e-05
39,6.914626587470386e-07,4.332635480788677e-06,3.9538869917665685e-06,0.00027303355338624443,6.722154976794274e-05,0.000346303225473353,5.318452193861825e-06,5.74847554010711e-09,3.364944998402383e-07,1.8883844542820827e-06,0.025583477528030144,0.000670741623608831,0.001979177873724579,0.9680976731376916,1.0648793972846699e-06,1.787968754510818e-05,0.0003668641304469827,0.0012332045954681911,7.875558394841357e-07,8.82072314838712e-06,3.752984240325946e-05,1.5401968861381192e-05,0.0012599153292171092,1.7977132168578822e-06,2.2578018018420794e-05
40,1.9012115956196134e-06,3.0411554406693025e-06,2.919536655950434e-06,0.0009408618241161593,3.3672904381807174e-05,0.00032713543721279824,6.605866517449899e-06,1.378712707038493e-08,9.182882465574483e-07,2.9866174668301977e-06,0.046900519668358454,0.0006196453514783749,0.0045898237571489345,0.9390414222100896,6.795324670885678e-07,4.0552174043735947e-05,0.001538142787802599,0.0028012728111319806,4.5249222893944544e-07,1.0236436686035961e-05,3.315297521896921e-05,1.013216454767996e-05,0.003067220640826114,5.452954129274571e-06,2.123741508119668e-05
41,4.2431125918477185e-07,6.715679315896296e-06,3.822447033569657e-06,0.00030884592556176794,0.00010096976316714005,0.0003533617163152305,2.8160179842929826e-06,2.9566144231268552e-09,7.934106723537333e-07,1.245078051740214e-06,0.030549870531280707,0.00035656818534376066,0.0023023006670911833,0.9643723143256935,7.826963417543853e-07,1.2304970473800494e-05,0.0003304282335610938,0.0004730145888826545,3.3221654185003255e-07,4.200445441952616e-06,1.1400600781054717e-05,6.9543858434134e-06,0.0007872784895973375,2.5462301204227362e-06,1.0706127030032091e-05
42,6.977337107282564e-07,6.989907990431e-06,6.65128468208336e-06,0.0001875557221810683,6.440849338203436e-05,0.00032244178989631185,5.9073729339228444e-06,1.0178416482259041e-08,3.992684627455591e-07,2.6321989455505132e-06,0.027651913147660794,0.0007826935728661683,0.003152951674238499,0.965670401494285,1.4116328460620192e-06,1.3119687670531156e-05,0.00041358731252512355,0.0008468092176829213,1.5844514006542981e-06,1.0173915889326114e-05,3.850316482016884e-05,4.700730548018911e-05,0.0007521498795771274,1.5282065119371342e-06,1.847138594400959e-05
43,6.029564912634078e-07,4.298443504452186e-06,3.6524259675137566e-06,0.00023075372138443265,6.496659164873108e-05,0.0002373879416196552,3.590153689539073e-06,3.3712359278926212e-09,3.0138949007396697e-07,1.3979352773774344e-06,0.029362907752643053,0.0005376270492273705,0.0018994517515924028,0.9654429550420126,7.691885723563512e-07,1.1311990963099138e-05,0.0002842472147740578,0.0010365805158332145,5.04395619538377e-07,5.467292164239297e-06,2.2452996424092404e-05,1.1245697196282501e-05,0.0008195356497613607,1.8147137320398188e-06,1.6173819175467784e-05
44,5.983583812103838e-07,4.071417291504861e-06,3.6600626769246542e-06,0.00022810474572883626,6.203203131039323e-05,0.00023865380085065117,3.5225058308100955e-06,3.4564237746460245e-09,3.2382495712706466e-07,1.5715460407204215e-06,0.02775040264243432,0.0004833445447405956,0.00175912038914927,0.9672799859239233,7.856342579251884e-07,1.1123563038453263e-05,0.00028414728508098513,0.0009948768663232777,5.000047460549418e-07,6.0074254350197675e-06,2.2408939313210407e-05,1.2151558145740686e-05,0.0008339298271171126,1.977309104479702e-06,1.6696337698333318e-05
45,6.499222227071202e-07,4.929062620452215e-06,5.555878151944847e-06,0.00034173626106650845,7.374113115610563e-05,0.0004429457743789825,8.125338935521787e-06,8.087550790750819e-09,5.064662229980055e-07,2.0012010088506462e-06,0.0360228988301852,0.0004579325402565162,0.0027079032777443546,0.9573352028761064,2.2071442259654814e-06,2.0973501809568447e-05,0.000387751208150099,0.0008333965614891948,8.404133626301244e-07,9.484431555641018e-06,2.570343737928225e-05,1.867247416238493e-05,0.0012749303784061012,2.9584244744163217e-06,1.894537737729807e-05
46,1.5341451295725597e-06,4.7833336427684896e-06,6.432626605972305e-06,0.0006775006368162305,4.204922805392613e-05,0.0005472639035236972,5.200226106192943e-06,1.4438365646776628e-08,5.153972028428583e-07,2.8351974284885262e-06,0.03705358895858926,0.0010082183719736263,0.004686015405453721,0.9503237168661867,7.702892080537049e-07,3.682965863110493e-05,0.0016068077594108344,0.002409697722043679,7.753144845809998e-07,9.122007984907755e-06,3.530312559721367e-05,1.8893676588087683e-05,0.0015044770347730886,2.978490207788517e-06,1.4676185991917319e-05
47,1.6520621405803875e-06,9.657324945297184e-06,5.468910694852164e-06,0.00014872758719289346,5.793339351595557e-05,0.00023776172428799982,6.331551095620346e-06,9.354335626516893e-09,4.6715418018477666e-07,3.072177744496604e-06,0.024060492673248213,0.0015394216398366442,0.00303350513200866,0.9673243449639313,8.127229291478348e-07,1.3769180057519157e-05,0.0006078285611104977,0.0021899676686606014,1.795392668313479e-06,9.945341990480359e-06,3.501011986377905e-05,4.811976750956432e-05,0.0006292209999131914,1.6752838039110505e-06,3.3009312334746806e-05
48,5.247715017816279e-07,3.2495421763992173e-06,3.2284036411654385e-06,0.00019909603429709807,5.971241406188355e-05,0.00017747612540759992,2.794053624856208e-06,2.3975475521717212e-09,2.684750657119479e-07,1.475517472093288e-06,0.025429485367381835,0.0003841636603464589,0.0012559847319249169,0.970524753295854,6.950596776611096e-07,8.294459854308745e-06,0.0002016850543388811,0.0009657950807464407,3.667313946876091e-07,5.441189632222745e-06,2.0623819199846442e-05,1.0368678423648505e-05,0.0007254160443393926,2.0428934205399393e-06,1.7056198669029335e-05
49,5.506596013702627e-07,4.286490469428733e-06,4.426349149549161e-06,0.00018963495176603122,5.918567620633912e-05,0.00024367782101552193,3.3513481189894855e-06,3.675505613385111e-09,2.6668788366720633e-07,1.6774242181703275e-06,0.022493880909765396,0.000604586730196407,0.00170420061546545,0.9726348281350711,6.988542616167525e-07,9.768096433845412e-06,0.0002865149872712698,0.0010705695580336785,6.115919219941924e-07,6.532973731567528e-06,2.400189484167083e-05,1.694410857247505e-05,0.0006224522727625641,1.4731082767196386e-06,1.5875079459625206e-05
50,5.945365566450512e-07,3.0881648334631802e-06,2.5879877517065497e-06,0.00011535828355033067,4.2016122656017706e-05,0.00012878767046377448,5.6693852224500424e-06,3.672131355396616e-09,3.4141844399852756e-07,2.912111922388897e-06,0.016706480593932153,0.00036697439162736926,0.0011685959355391044,0.979481603169145,8.715314935923514e-07,8.462704590010244e-06,0.00019832249315705045,0.0010669378989902189,6.807796016197828e-07,9.599436371541323e-06,2.0513796013252148e-05,2.6487197253960987e-05,0.0006072370955370098,2.0366701707540668e-06,3.38369530450812e-05
51,5.779577102533663e-07,4.294753006169035e-06,3.750723382708039e-06,0.0002403418696294547,6.2969346684674e-05,0.00022408489060414476,3.2833744015189025e-06,3.3582691663655674e-09,3.3564224146031284e-07,1.5247235512522997e-06,0.028474849195133132,0.00047818359047403433,0.0018848591758981524,0.9665873813751092,7.247504655824715e-07,1.0322527279512977e-05,0.0002895648917796354,0.0009424843708438829,4.430582567253616e-07,5.328172615218536e-06,2.083478300705295e-05,1.1616963451913327e-05,0.0007353918214091058,1.9789709734361174e-06,1.4869713822780314e-05
52,6.280268116648801e-07,3.0291188004946648e-05,4.375332905871389e-06,0.00010748288557817027,0.00014306723646932687,0.0006426982368386848,9.615952186494637e-06,8.286341827206917e-09,4.6260166659393737e-07,1.0912438102752918e-06,0.030331314995569753,0.001838211159503523,0.0029209085491107073,0.9615617128920171,2.9591765425992726e-06,1.1365086848633298e-05,0.0003146423950989643,0.00047559755361532884,3.446611277358266e-06,5.771059729515582e-06,9.764091770149895e-05,3.493454475956876e-05,0.0014265311672319628,5.711632000253624e-07,3.4671737179744806e-05
53,5.723793566131176e-07,3.843445180844469e-06,3.409199390914205e-06,0.0002355954229391268,6.091511832110805e-05,0.0002435250749175856,4.012770725043461e-06,3.6456211285173134e-09,3.446557186493221e-07,1.5602786279911137e-06,0.027408476260920633,0.000459104473934359,0.001742583395034522,0.9675853698527564,8.688982289974118e-07,1.1946596185547755e-05,0.0002824016829027387,0.0009792120605370187,4.900175980047914e-07,6.368401055567499e-06,2.1834139453346445e-05,1.2040264967845865e-05,0.0009158380747048416,2.059299795719596e-06,1.7624591125416183e-05
54,6.210018338110404e-07,6.604396914403897e-06,2.240075337112146e-06,0.00011600139787309492,5.60006618255798e-05,0.00018164842345732389,3.906506842973279e-06,2.7876198877183774e-09,3.5659724977646693e-07,1.5309916361563695e-06,0.018386491548343785,0.0007900570710898262,0.0014607621579531523,0.9769324528740149,5.845629059593201e-07,9.666069786653023e-06,0.0002894325642675178,0.0011252435005118305,5.918581544376055e-07,4.5572976061479e-06,1.9060551121330637e-05,1.5144335607189826e-05,0.0005710022262415926,1.163995706523455e-06,2.487654609874157e-05
55,8.812099758020417e-07,9.025402792721498e-06,2.443598171773808e-06,0.00016270472775203575,0.00010784915823813409,0.0001309405859823856,3.792809543147513e-06,2.609321492420795e-09,3.6729643543502807e-07,1.0082863757462606e-06,0.02459269687911291,0.0018531616503824476,0.0022120544479187158,0.9678372740450282,3.6931730781749606e-07,1.040190296696938e-05,0.00028514614909692926,0.002232934544394904,5.193560027077205e-07,3.84783278393719e-06,2.272148612417626e-05,8.578889876489826e-06,0.0004954999224785036,9.689296170351007e-07,2.480896231943093e-05
56,6.179882952511874e-07,4.439117854812614e-06,3.907073518161669e-06,0.00023737464610346922,6.72504373381436e-05,0.00023900700166416507,3.6919196427305507e-06,3.792208910072358e-09,3.3836656251357535e-07,1.5599956350273431e-06,0.028963331000026307,0.0005311969549781849,0.0020439636368266303,0.9657198445293101,7.721968537673235e-07,1.1662196260428571e-05,0.00029463332412179503,0.0010160744599443407,5.459727764492653e-07,6.030883007127276e-06,2.2057339130400173e-05,1.235844611382154e-05,0.0008013254419191216,1.91512373932137e-06,1.60981561690827e-05
57,7.417456671283133e-07,6.8128633425391575e-06,5.5371693922664105e-06,0.000175725422100445,8.491737758240957e-05,0.0002923439738478471,4.736118985928513e-06,6.46535440584394e-09,2.789440527359322e-07,1.8038528927402513e-06,0.02820399928108421,0.001119051950369566,0.002928618590681345,0.9647558208920409,8.939621541592781e-07,1.373665882142962e-05,0.0003263043847329484,0.0012177333797657995,1.45719266319713e-06,8.67242519438425e-06,3.976095829746367e-05,2.5242579336111015e-05,0.0007662256909380273,1.0956578762017809e-06,1.8482462825986443e-05
58,6.460827135283278e-07,4.095727049844556e-06,4.1086404549766454e-06,0.0002440108710317094,6.391087359473201e-05,0.00024341771880204458,3.684909705100898e-06,3.725616995788261e-09,3.601322485874422e-07,1.7225892597952178e-06,0.02952717631216314,0.0004366361104411967,0.0017811023407344158,0.9654971418219738,9.025091383273501e-07,1.131237383229064e-05,0.00028259813846097983,0.00097574178657792,5.106799840267121e-07,6.445237124340247e-06,2.1991873350937203e-05,1.3019710570814135e-05,0.000859570880912333,2.464531397431691e-06,1.742442286050657e-05
59,6.307165574671615e-07,3.7703755337870927e-06,4.089224408331102e-06,0.0002474493095961278,6.128352439844676e-05,0.00024089620792262242,3.5006152040843557e-06,3.4662522972826277e-09,3.585891006842804e-07,1.8321299804890738e-06,0.02881992181232943,0.00039350350921436286,0.0015613396461362954,0.9664763196775258,9.131427701050471e-07,1.1020224323000282e-05,0.0002741992657047149,0.0009796193562392503,4.62124976957408e-07,6.544449031178922e-06,2.1920501328223977e-05,1.2662673069391881e-05,0.0008572271780153519,2.695271377537124e-06,1.7837009004197807e-05
60,5.983583812103838e-07,4.071417291504861e-06,3.6600626769246542e-06,0.00022810474572883626,6.203203131039323e-05,0.00023865380085065117,3.5225058308100955e-06,3.4564237746460245e-09,3.2382495712706466e-07,1.5715460407204215e-06,0.02775040264243432,0.0004833445447405956,0.00175912038914927,0.9672799859239233,7.856342579251884e-07,1.1123563038453263e-05,0.00028414728508098513,0.0009948768663232777,5.000047460549418e-07,6.0074254350197675e-06,2.2408939313210407e-05,1.2151558145740686e-05,0.0008339298271171126,1.977309104479702e-06,1.6696337698333318e-05
61,6.523131569976674e-07,3.750482695431484e-06,4.295239487114022e-06,0.00025587906249148246,6.126002921872188e-05,0.0002428839000421001,3.3964032123573696e-06,3.6571830784297838e-09,3.4499442514630597e-07,1.7824863599169878e-06,0.028681843129273885,0.0004098389036447625,0.001651079175648425,0.966445431110427,8.651780718450638e-07,1.0994045157830144e-05,0.0002844292285155755,0.0010169075322225163,4.7591899258291117e-07,6.609846130854763e-06,2.2403071537199025e-05,1.2628675806455219e-05,0.0008625282747553957,2.588185391199104e-06,1.7129156152047664e-05
62,5.983583812103838e-07,4.071417291504861e-06,3.6600626769246542e-06,0.00022810474572883626,6.203203131039323e-05,0.00023865380085065117,3.5225058308100955e-06,3.4564237746460245e-09,3.2382495712706466e-07,1.5715460407204215e-06,0.02775040264243432,0.0004833445447405956,0.00175912038914927,0.9672799859239233,7.856342579251884e-07,1.1123563038453263e-05,0.00028414728508098513,0.0009948768663232777,5.000047460549418e-07,6.0074254350197675e-06,2.2408939313210407e-05,1.2151558145740686e-05,0.0008339298271171126,1.977309104479702e-06,1.6696337698333318e-05
63,6.09502985523342e-07,4.40198787872525e-06,3.7108970044086604e-06,0.00022286141594025566,6.384536030770665e-05,0.00023999737076216946,3.5659311910954244e-06,3.483453165476807e-09,3.3464056157906725e-07,1.5678542029837095e-06,0.02818672169738375,0.0005012670209616745,0.0018040738595734187,0.9668171368052225,8.006245698567716e-07,1.0973229214187588e-05,0.00028641474564012015,0.0009773428813362856,5.16508534549475e-07,5.86919261835119e-06,2.251592880032841e-05,1.247955841712024e-05,0.0008142002904687017,1.962928388698127e-06,1.6826284582762416e-05
64,6.378562239309536e-07,4.557834718829129e-06,4.160829532858161e-06,0.00024713508940951126,7.155352363634706e-05,0.00024884407099473035,3.7526653499809625e-06,3.734307172079699e-09,3.1606281079149513e-07,1.6637878961888667e-06,0.03011012621712408,0.0005140227418131439,0.0017375696515820318,0.964794755409333,9.227765575916859e-07,1.0901983919719154e-05,0.00026353487321254665,0.0010083112084988276,5.519762582577686e-07,6.370056352295904e-06,3.067065151177195e-05,1.2565130157526791e-05,0.0009068797837137114,2.084337082339807e-06,1.8107748002870463e-05
65,6.450093294108326e-07,3.94894905510312e-06,3.298055588842211e-06,0.00021678255878569805,5.9983912506204914e-05,0.00021013778362796427,3.371375481625179e-06,3.338991471387797e-09,3.2421670192973404e-07,1.5643869872827833e-06,0.02652144900303055,0.0005367225682336226,0.0017913468246971995,0.9683316544103838,6.418294208398946e-07,1.127962229614808e-05,0.000294473865501642,0.001160979948572992,4.84557554579008e-07,5.971412879792322e-06,2.0862913899737016e-05,1.1730246880286903e-05,0.0007932399335566994,1.8719568309300457e-06,1.7231319205507568e-05
66,6.029409699703206e-07,4.101835542721178e-06,3.670450953782674e-06,0.00022839581871491034,6.20969002630771e-05,0.00024297248718534213,3.584072236771762e-06,3.5261276264558637e-09,3.292137229546855e-07,1.5762112816564895e-06,0.027753813584802133,0.00048491591875736656,0.0017680104381725514,0.9672427155551281,8.010126377814917e-07,1.1261083113423603e-05,0.0002871262772328066,0.000993861406217561,5.093095818147678e-07,6.104971648894671e-06,2.2493982643703734e-05,1.2298168879062883e-05,0.0008498912765469702,1.9907499621211486e-06,1.687280767662893e-05
67,6.093911130985592e-07,4.198558459480072e-06,3.7218183866492432e-06,0.00022994991041831543,6.350136553116136e-05,0.00023698417015602757,3.5755657983177614e-06,3.5313199369815934e-09,3.3047168300086586e-07,1.56967271020544e-06,0.028269829107384428,0.0004947146041364901,0.0018198804774069177,0.9666877910788658,7.921160279405532e-07,1.1171053019689605e-05,0.00028651012553656163,0.0010003598905044882,5.076063863671894e-07,5.989274872910238e-06,2.2422785466818452e-05,1.2244946913325389e-05,0.0008246711026478119,1.9850583776669236e-06,1.6686316876500095e-05
68,6.229973180359416e-07,4.495983953168873e-06,3.8673885821267575e-06,0.00021088351217973917,6.423603627831468e-05,0.00024938111536843243,3.517519667735832e-06,3.42941911466975e-09,3.612261211847663e-07,1.7370359939397507e-06,0.028991290408695206,0.00042775128458212434,0.0016164312243586063,0.9663812596235525,9.582238848366126e-07,1.0593337221861448e-05,0.0002752190523791486,0.0008574620537149423,5.360494053459817e-07,6.084207940467815e-06,2.2258539017544987e-05,1.407941862462725e-05,0.0008367109409746333,2.303295776959641e-06,1.7956094989283334e-05
69,5.729161875266142e-07,4.01995801989401e-06,3.435533084803984e-06,0.00023882748056095322,6.406831391814324e-05,0.00020943365080367706,3.3541451614998253e-06,3.011077290590894e-09,3.6643148439832875e-07,1.4985893789134238e-06,0.027277733809681716,0.00043805470784708477,0.0016136168441508666,0.9680824069066847,7.699093552532544e-07,1.0495586217941574e-05,0.0002734630228157761,0.0009767883909175784,3.7531760207961076e-07,5.221654963140916e-06,1.8509031398091987e-05,1.0468098997658414e-05,0.0007472854860589103,2.241262443638742e-06,1.6989941188412793e-05
70,1.458905577562632e-06,1.0929828911150822e-05,6.503105204882492e-06,0.00011991575130010816,7.864912919217627e-05,0.00018976973330849087,4.803265286081199e-06,4.061062883664146e-09,2.2615636695666464e-07,1.9569131404132556e-06,0.05321928456513334,0.000873550322077183,0.0020914051990865916,0.9411971570928095,1.7412465593194087e-06,6.341394984489979e-06,0.00021668287047331775,0.001189874288864765,1.5659387242541742e-06,5.391892644671165e-06,5.8102605696462773e-05,3.099297839483716e-05,0.0006604151257774844,2.1631837814534953e-06,3.111444564147999e-05
