,0,1,2,3,4,5,6,7,8,9,10,11,12,13,14,15,16,17,18,19,20,21,22,23,24
0,1.5556818016800253e-06,2.0116363586521135e-05,2.5641072636792827e-06,0.00015500963977352559,4.8723960020008335e-05,0.0016949398989418755,1.8522514115769498e-05,1.607881886642425e-08,1.3002049761477894e-06,1.854569459235545e-06,0.03882127308283895,0.0011670292239980044,0.0027518360171920847,0.9466434864599206,5.915432211662567e-06,3.5427812309593415e-05,0.0012872793316691278,0.0007027130855544792,4.008272440344633e-06,1.0132115142775074e-05,6.668401897131332e-05,4.909764809862969e-05,0.006439595045867252,1.9664559170046805e-06,6.895297911104357e-05
1,2.0102921161863128e-06,2.4969967032844942e-05,3.1207430649443977e-06,0.00018213880381344556,6.228615778796598e-05,0.0024702496970961598,2.612743503332891e-05,2.6966986881982137e-08,2.1852896066471e-06,2.5939165031710703e-06,0.04063982956909375,0.0013154744817842994,0.0038183251166703258,0.9398681493855016,7.545616898289669e-06,6.044912093102141e-05,0.0015964831015988306,0.0007305692305291845,6.860129717655356e-06,1.692575468234251e-05,7.043516321084642e-05,5.8633204310526247e-05,0.008951772714388935,2.6308428500749083e-06,8.020729879053069e-05
2,1.5155202561489947e-06,1.597444180954497e-05,2.660157348913739e-06,0.0001277205118019177,5.310455072289085e-05,0.0017709094282523066,2.1322913432693233e-05,2.0399948453235343e-08,1.681489920191794e-06,2.517530795744751e-06,0.02981016695810604,0.0008141310605214213,0.002036996159145409,0.9547493905531867,8.183505820075228e-06,3.548688893899397e-05,0.0009049230098748643,0.0005986683247094101,5.729852478657058e-06,1.9924015488910455e-05,6.821244604172118e-05,6.981763806688119e-05,0.008783266646477094,2.550012852615362e-06,9.512598400241519e-05
3,1.7010890365584272e-06,2.116730326096903e-05,2.9429980760167995e-06,0.00015639774631261144,5.183007200912164e-05,0.002140313579696004,2.1614580873224378e-05,2.056409479202792e-08,1.307254248517822e-06,2.0924227883953333e-06,0.038307404590102054,0.0013424348785673343,0.0030798451239633234,0.9450568187850754,6.88895167532715e-06,4.373141310567951e-05,0.0013009643121637952,0.000744393476855851,5.768309903118479e-06,1.3919563994220128e-05,8.109527127778602e-05,5.541386146535854e-05,0.00748825213119715,2.045999559216838e-06,7.163572069846377e-05
4,1.6598066239074333e-06,2.253762871480899e-05,3.0697920523168862e-06,0.0001633701319163386,5.5157668654207606e-05,0.0020189623632393626,2.06279772633027e-05,2.112155846172089e-08,1.237964252305476e-06,1.9715626858568945e-06,0.03981386222740313,0.0015219006824471846,0.003711677651470525,0.9437035580267779,5.914975598845916e-06,4.3870690827656234e-05,0.0013161790436894715,0.0007553753813157908,5.939215298483075e-06,1.2949312223384551e-05,7.937977137201394e-05,5.182614551441886e-05,0.006625349263037405,1.8261313618942437e-06,6.17754647009597e-05
5,1.886945275013937e-06,1.4904725163773005e-05,2.744457370444545e-06,0.00017447439239417676,4.441631368502066e-05,0.0016237784275599455,1.8252857497648497e-05,1.8478167592541755e-08,1.1700083965517604e-06,2.22524988342007e-06,0.032362992701406496,0.0012702423317537607,0.0025515950356208733,0.9523693609737799,4.779804676737817e-06,4.113239626712818e-05,0.0012822120351650974,0.001080908491680111,4.151666957525151e-06,1.5056033204143454e-05,7.347299744315146e-05,4.6089461829005084e-05,0.00693656844875592,2.3430138739202883e-06,7.522275219271676e-05
6,1.7010890365584272e-06,2.116730326096903e-05,2.9429980760167995e-06,0.00015639774631261144,5.183007200912164e-05,0.002140313579696004,2.1614580873224378e-05,2.056409479202792e-08,1.307254248517822e-06,2.0924227883953333e-06,0.038307404590102054,0.0013424348785673343,0.0030798451239633234,0.9450568187850754,6.88895167532715e-06,4.373141310567951e-05,0.0013009643121637952,0.000744393476855851,5.768309903118479e-06,1.3919563994220128e-05,8.109527127778602e-05,5.541386146535854e-05,0.00748825213119715,2.045999559216838e-06,7.163572069846377e-05
7,2.7284261126346096e-06,4.145247635399822e-05,6.42829096133036e-06,0.00020821707062019414,7.66721745907624e-05,0.002546497009678331,2.6092063648469606e-05,3.25394286807349e-08,1.3085757857703e-06,2.0703076900375007e-06,0.07395375567377306,0.002139314138722233,0.008494304639901577,0.9041881504626249,7.956512160371542e-06,5.0350320602506366e-05,0.0016983882181801138,0.0007882841667968315,1.0679539662985209e-05,1.2412279976117081e-05,9.344170258515417e-05,6.200867512833173e-05,0.005539691168615905,2.4089968830554133e-06,4.735456951675301e-05
8,2.376006015160576e-06,4.00337964805519e-05,4.125776895852278e-06,0.00020427984057980154,6.576002179497856e-05,0.0040297322670328995,3.1372769382353655e-05,4.29644125109767e-08,1.2559319455125808e-06,1.811888158960812e-06,0.055795823244845125,0.004224820830477097,0.00921793847443918,0.9136528952719258,6.352968201922178e-06,9.010282267701774e-05,0.002820916927453741,0.0010615460027309487,1.3788667641506219e-05,1.5591237984101996e-05,0.0001269903630672993,6.209565374895639e-05,0.008480412461277715,1.136156489246588e-06,4.879765434153627e-05
9,1.277785308103048e-06,1.1644643144335484e-05,2.7992548087396995e-06,0.00015145320904376628,3.870707028029171e-05,0.0015661351539135203,1.2946291347975303e-05,1.4652407407958558e-08,1.3166935126897557e-06,2.43502261184512e-06,0.02800402381127686,0.0006060304668345214,0.001850231380590031,0.959424742298237,5.467073328703645e-06,2.9425487668423137e-05,0.0009526974437948856,0.0005701996934802459,3.219749342733403e-06,1.4893921665918559e-05,5.3940460231812847e-05,4.933593287109641e-05,0.006580051847468531,3.033967717317528e-06,6.397668911315392e-05
10,1.7010890365584272e-06,2.116730326096903e-05,2.9429980760167995e-06,0.00015639774631261144,5.183007200912164e-05,0.002140313579696004,2.1614580873224378e-05,2.056409479202792e-08,1.307254248517822e-06,2.0924227883953333e-06,0.038307404590102054,0.0013424348785673343,0.0030798451239633234,0.9450568187850754,6.88895167532715e-06,4.373141310567951e-05,0.0013009643121637952,0.000744393476855851,5.768309903118479e-06,1.3919563994220128e-05,8.109527127778602e-05,5.541386146535854e-05,0.00748825213119715,2.045999559216838e-06,7.163572069846377e-05
11,1.7534583559419822e-06,2.2641086763710297e-05,3.1755817423191614e-06,0.00016898531164215687,5.417734291629449e-05,0.00224767802316169,2.2866526955087588e-05,2.3542761859563146e-08,1.339903591140928e-06,2.108971443354433e-06,0.0398796435415553,0.0015002902596066392,0.003685893083808394,0.9425945419879008,6.7733386244211375e-06,4.828774316516038e-05,0.001426109061837152,0.0007690689494156766,6.369559977325898e-06,1.4260410493444341e-05,8.16936750712506e-05,5.634478428949429e-05,0.007337235763530276,1.984401910182228e-06,6.675368948074861e-05
12,2.763986592096267e-06,3.0349547136885532e-05,4.709144450322618e-06,0.0002006643274365,3.9933255927183226e-05,0.002728506521542298,3.374403969852661e-05,5.111401878441663e-08,2.1520427688545025e-06,3.5678087688062924e-06,0.054313330807788496,0.0014872661984281362,0.006074215216776063,0.9231491731319996,1.1179903472180401e-05,5.775952435453105e-05,0.002728696546227131,0.000737705556636934,9.90723360976362e-06,1.6926346660949445e-05,9.579425865507194e-05,0.0001366124337741019,0.008056776039060728,3.1895994729824415e-06,7.502541474310499e-05
13,6.174819925813466e-06,1.6487095310720762e-05,3.0084934074539622e-06,0.00012300786566820016,2.52897366538085e-05,0.004464519115291424,0.00011150945156080218,1.982477620347734e-07,1.0324516977870035e-05,1.4588409295481146e-05,0.0023665965115225746,0.0013189608082942962,0.0008002585843436969,0.9603158490812668,8.200634656153975e-06,0.00010260395125573668,0.004695919203205603,0.003066908964350809,1.7486278642719573e-05,0.0001954882508891862,8.728482686619854e-05,0.0005175052433316125,0.02067224290368564,3.786078898819785e-06,0.0010558009269365995
14,1.8459000758184805e-06,1.3804483236452593e-05,3.0471746403661437e-06,0.00020802750964668754,4.186179599949186e-05,0.0018752804294626206,2.5057354576549712e-05,2.8822909616599884e-08,1.887069001116424e-06,2.8499772680671625e-06,0.03086070536875065,0.0008391723431945325,0.002394912818505743,0.9511723928857351,7.997201582304065e-06,4.45045023670259e-05,0.001494584176831549,0.0008451771044205577,4.2195764154664415e-06,1.962618043748436e-05,7.404561440580016e-05,6.909442879919774e-05,0.009900786087041083,3.164428496112839e-06,9.592676620074288e-05
15,1.7010890365584272e-06,2.116730326096903e-05,2.9429980760167995e-06,0.00015639774631261144,5.183007200912164e-05,0.002140313579696004,2.1614580873224378e-05,2.056409479202792e-08,1.307254248517822e-06,2.0924227883953333e-06,0.038307404590102054,0.0013424348785673343,0.0030798451239633234,0.9450568187850754,6.88895167532715e-06,4.373141310567951e-05,0.0013009643121637952,0.000744393476855851,5.768309903118479e-06,1.3919563994220128e-05,8.109527127778602e-05,5.541386146535854e-05,0.00748825213119715,2.045999559216838e-06,7.163572069846377e-05
16,1.4612495519859247e-06,1.4537893187246283e-05,2.0679232619954536e-06,0.00012577255269939457,3.856490677686433e-05,0.0012970472236340511,1.6847789159572206e-05,1.2427370082571083e-08,6.812504698664738e-07,2.0728914419998054e-06,0.0282346148621956,0.0015493977794348542,0.0019196730142784937,0.9590958106397132,4.0510607288272445e-06,3.1711112193673184e-05,0.0009722368732843159,0.001111613697909047,3.7333304360836663e-06,1.1763694771291162e-05,0.00010533359316369042,4.526655477756648e-05,0.005335702328709697,1.4308898361779459e-06,7.859446101459187e-05
17,1.393110402220189e-06,4.6820454613201985e-05,8.44495452764705e-06,0.0003859340616666891,8.165710085285358e-05,0.019673442029578787,5.7033826376713614e-05,2.692919740075532e-08,9.965991048588811e-06,4.59459952684711e-06,0.14025408285560484,0.000162735187404048,0.002793547277740008,0.8163519330160979,0.00018780625283508327,8.874872956225406e-05,0.0018300032009106006,7.2446630695335e-05,6.452382752659418e-06,1.506050211823163e-05,4.849145301368505e-05,7.717538801697545e-05,0.017746079530068237,2.8637763403947852e-05,6.748677198502499e-05
18,1.3210962887188468e-06,3.675640719331195e-05,1.3468421246327141e-05,0.000638283371781729,0.00021641121590485434,0.007049731794886925,3.2908540060868134e-05,3.418149876006365e-08,1.7202433115978654e-06,1.236558188985351e-06,0.18223034349904288,0.0007309115414849399,0.011411557703223814,0.7849501012719635,3.4419822093214294e-05,8.382848246614997e-05,0.0008939640492974601,0.00020715150469699552,7.85420243527632e-06,1.2745746521347585e-05,9.498230894584703e-05,2.2803115246285756e-05,0.011302648817984168,5.503975427349451e-06,1.931212880885119e-05
19,1.7079898648692975e-06,2.501951945153676e-05,3.94957829921809e-06,0.00018096248268782968,6.811215409428971e-05,0.0021028249128486236,2.4275102446172172e-05,2.7495676061929083e-08,1.1824636445341177e-06,1.9545900535722014e-06,0.04142378280091086,0.0019559621611791593,0.004857080232989797,0.9409104258596964,6.247442539952961e-06,4.928963092047547e-05,0.0013329287645743749,0.0008463333681741412,7.333135626054451e-06,1.4913988101188342e-05,8.764072081908505e-05,5.8432207467144286e-05,0.005981108357107812,1.6296237976579986e-06,5.687541702915213e-05
20,1.5787583788509278e-06,2.5402147192728148e-05,3.8256150563601294e-06,0.00017204715541236802,5.5783315144599216e-05,0.0025630881860158328,3.2870375079656626e-05,3.217464438879496e-08,1.4327115071049645e-06,2.4866195768401774e-06,0.04711051190908702,0.0010824256922434639,0.003095613108016013,0.9342699677287316,1.6713995294813086e-05,4.163645513964888e-05,0.0011798572064572192,0.0005103181973234316,7.749622215334811e-06,1.5607405011376316e-05,0.00012576477574769695,9.568964537841894e-05,0.009502149287749007,2.4038390118385375e-06,8.504407458438937e-05
21,1.7998177627512477e-06,2.22972903704522e-05,3.462903098630787e-06,0.00017843526055222474,4.7856263384065416e-05,0.003056657100538167,3.230301356916611e-05,3.116780549169009e-08,2.0053362777725515e-06,2.22330464231314e-06,0.04142130327554845,0.0011000752675313062,0.003625682108859917,0.9374318861741696,1.1417736728554521e-05,5.373625923529017e-05,0.0017560854071347342,0.0006187707322602617,7.255263592139574e-06,1.709783395061406e-05,6.864181824599851e-05,7.696494259236753e-05,0.010379290280815271,2.7230937776528252e-06,8.199834755691489e-05
22,1.641694673027555e-06,1.5502401341961487e-05,3.3348482080499845e-06,0.0001799254098273488,3.734106532768861e-05,0.0019198333380278563,1.607910773071743e-05,1.7791574512764985e-08,8.892258218605627e-07,2.4579482846412357e-06,0.03759272064086972,0.001289162697898565,0.0028137934887004176,0.947836705552442,5.2474919493824655e-06,3.9786316805983914e-05,0.0014841635980016785,0.0009161478680353224,4.127420500961443e-06,1.2960472464555016e-05,9.063021166714051e-05,5.167381895913659e-05,0.005628141934632783,2.1591528528338553e-06,5.555650340187773e-05
23,1.7010890365584272e-06,2.116730326096903e-05,2.9429980760167995e-06,0.00015639774631261144,5.183007200912164e-05,0.002140313579696004,2.1614580873224378e-05,2.056409479202792e-08,1.307254248517822e-06,2.0924227883953333e-06,0.038307404590102054,0.0013424348785673343,0.0030798451239633234,0.9450568187850754,6.88895167532715e-06,4.373141310567951e-05,0.0013009643121637952,0.000744393476855851,5.768309903118479e-06,1.3919563994220128e-05,8.109527127778602e-05,5.541386146535854e-05,0.00748825213119715,2.045999559216838e-06,7.163572069846377e-05
24,1.6104911012763986e-06,2.027096530130195e-05,2.8213179650553268e-06,0.00015773932558451267,5.3489247518748386e-05,0.001993653754910431,2.0301032916683526e-05,1.9497309332264633e-08,1.231277239299012e-06,1.9549680721520887e-06,0.037531445851916624,0.001370747839397949,0.003156755525267046,0.9463178621683823,6.122458598426421e-06,4.35179635218023e-05,0.0012305725057141404,0.0007547688204753428,5.427358218529411e-06,1.3307058625839096e-05,7.672137184175338e-05,4.984892994653869e-05,0.007121067122949707,1.9022728291829265e-06,6.684087439607283e-05
25,2.0221632083475857e-06,1.9554265150513168e-05,3.315169435775274e-06,0.00021805780207158836,5.967860358332707e-05,0.0015424950735919124,2.5607028501497343e-05,2.7111191128494724e-08,1.0585459561033126e-06,1.9479970465043987e-06,0.054316155922669244,0.0017064998245293977,0.004846987260842906,0.9273284829910529,6.421278451273798e-06,4.930722989537607e-05,0.0013210056199453202,0.0010291820607020302,5.902798595340465e-06,1.3392199489809625e-05,9.68649683498697e-05,5.0319191367730816e-05,0.0072923153776699645,1.9186320484261884e-06,6.148088465394214e-05
26,3.0126720558968765e-06,2.3769622785538854e-05,3.896721396202796e-06,0.0002593677570595406,7.059816810748958e-05,0.0029470255059413294,2.4603383742530924e-05,3.358380049143485e-08,3.1993583539742935e-06,2.47903260606379e-06,0.04663357409293737,0.0010023076867641664,0.0035447969353504393,0.9274652908800566,9.320666701594875e-06,6.168029023158795e-05,0.001841007330378638,0.0008026261554440561,6.185545478525364e-06,2.082688812381579e-05,7.019790114311256e-05,5.172204284420639e-05,0.015053447252067162,4.851868308037802e-06,9.417865832165017e-05
27,1.5265989969293551e-06,2.0890993343302753e-05,2.7064092715185734e-06,0.00013325856335148452,4.926315096685165e-05,0.0021827436792968744,2.547518245660727e-05,2.2426093830571466e-08,2.0065551983513576e-06,2.6884597589800536e-06,0.0335343426547629,0.0009256832136842917,0.0023508162277516864,0.9503822718083745,1.0073962944055902e-05,4.017446321664681e-05,0.0012240293523767905,0.0005420519317920929,5.953461841752976e-06,1.6789955750555068e-05,6.928556882876066e-05,8.354581881121965e-05,0.008297246934143295,2.621722640206897e-06,9.45309043465688e-05
28,1.7010890365584272e-06,2.116730326096903e-05,2.9429980760167995e-06,0.00015639774631261144,5.183007200912164e-05,0.002140313579696004,2.1614580873224378e-05,2.056409479202792e-08,1.307254248517822e-06,2.0924227883953333e-06,0.038307404590102054,0.0013424348785673343,0.0030798451239633234,0.9450568187850754,6.88895167532715e-06,4.373141310567951e-05,0.0013009643121637952,0.000744393476855851,5.768309903118479e-06,1.3919563994220128e-05,8.109527127778602e-05,5.541386146535854e-05,0.00748825213119715,2.045999559216838e-06,7.163572069846377e-05
29,1.7010890365584272e-06,2.116730326096903e-05,2.9429980760167995e-06,0.00015639774631261144,5.183007200912164e-05,0.002140313579696004,2.1614580873224378e-05,2.056409479202792e-08,1.307254248517822e-06,2.0924227883953333e-06,0.038307404590102054,0.0013424348785673343,0.0030798451239633234,0.9450568187850754,6.88895167532715e-06,4.373141310567951e-05,0.0013009643121637952,0.000744393476855851,5.768309903118479e-06,1.3919563994220128e-05,8.109527127778602e-05,5.541386146535854e-05,0.00748825213119715,2.045999559216838e-06,7.163572069846377e-05
30,1.7010890365584272e-06,2.116730326096903e-05,2.9429980760167995e-06,0.00015639774631261144,5.183007200912164e-05,0.002140313579696004,2.1614580873224378e-05,2.056409479202792e-08,1.307254248517822e-06,2.0924227883953333e-06,0.038307404590102054,0.0013424348785673343,0.0030798451239633234,0.9450568187850754,6.88895167532715e-06,4.373141310567951e-05,0.0013009643121637952,0.000744393476855851,5.768309903118479e-06,1.3919563994220128e-05,8.109527127778602e-05,5.541386146535854e-05,0.00748825213119715,2.045999559216838e-06,7.163572069846377e-05
31,3.2397088400163456e-06,2.4268977458430153e-05,4.480982941528578e-06,0.0001821261121814509,6.356847007302173e-05,0.0018414512104360128,2.4811487930747865e-05,3.683381942843769e-08,1.4085753194547147e-06,2.531541975982587e-06,0.037855520949449856,0.0020638756398949965,0.004570825229554488,0.9418574613008104,5.4338739582805114e-06,5.142921946535205e-05,0.0016316073451472443,0.0014061568702175222,9.457459139665148e-06,2.1082293642013495e-05,0.00010162304690984958,6.902443521894905e-05,0.008116151692708838,2.167777829591848e-06,9.025896507662464e-05
32,1.7181149332671904e-06,2.2182797077673408e-05,3.1289980962528e-06,0.0001504608332624747,5.356815922216166e-05,0.002291098917088017,2.3042663589292505e-05,2.2888189379344612e-08,1.3110566656662664e-06,2.154290568215457e-06,0.03862829026288222,0.0014107701619564227,0.0032790308680804665,0.9440717475693192,7.488917037963372e-06,4.5983410851824347e-05,0.0013045385048665388,0.0007251139773800148,6.926143766834144e-06,1.5236564721205927e-05,8.524158865501604e-05,6.186817095382415e-05,0.0077344001723922695,1.9814941096089596e-06,7.269347433415605e-05
33,2.092669804987836e-06,2.4328829580342997e-05,3.672272555912298e-06,0.00017195230502952075,8.266641111830071e-05,0.0025373206130069673,2.2408558881929474e-05,1.6201910608852444e-08,1.494891534078226e-06,2.1539349565247386e-06,0.050987805609493786,0.0008305781501218923,0.0016850564335881158,0.9288438875012534,1.5736957604781176e-05,3.533360453911125e-05,0.0007440335042460832,0.0005935093496853938,5.824801651905527e-06,1.5371176728893444e-05,0.00013437546216237987,4.480860562514877e-05,0.013091236513848747,3.7827244792827538e-06,0.00012055291659164198
34,8.506908596300341e-07,1.1892781615443754e-05,2.045079629327621e-06,0.00020689783143963748,3.1106876094348635e-05,0.0028457330012312708,2.2431437896270117e-05,1.6626411684899434e-08,7.826878942217595e-07,1.8901294643193815e-06,0.02453519082699231,0.0013739338696512737,0.0020953074521139863,0.9596479317822899,5.799162328465608e-06,5.787045594212364e-05,0.0016265424109189613,0.0008286243369854358,2.721927239185935e-06,1.2016897009053873e-05,8.533888590116252e-05,3.88668142926569e-05,0.006513954692927924,1.317950276747703e-06,5.093539259457688e-05
35,1.20127798746335e-05,3.869436394270374e-05,4.496115725042509e-06,0.00021936942837031287,4.57361104234172e-05,0.001219661416710784,3.704328096225281e-05,9.16895516492521e-08,3.2477392320522758e-06,4.888551898907828e-06,0.0337451089157374,0.005308368068311248,0.008511382511863275,0.9325126849677433,2.7156169082780612e-06,7.68233509168284e-05,0.0057370694131334875,0.005175390879490765,1.2607500473762467e-05,2.648753828215157e-05,9.305637129781735e-05,0.00013661677661720118,0.006904759484885243,2.802015704172298e-06,0.00016888511194312832
36,2.1951488945261066e-06,2.0574462683830573e-05,3.982679174546025e-06,0.0001730377865743552,9.411036291042196e-05,0.0015078753950685917,1.2995361460076258e-05,7.930701791655583e-09,6.986367001096244e-07,1.6841866894364469e-06,0.07161092401490463,0.0007000569300444244,0.0015315774793116955,0.9139040767301714,1.0073006565684069e-05,2.1108477949347724e-05,0.000380841531563616,0.0006426601082885359,4.221642016277781e-06,1.0111762014440936e-05,0.00015785473306152175,2.2166397769605198e-05,0.009097485736565982,4.236988077946039e-06,8.544251083707278e-05
37,1.2875541191221249e-06,3.465941456945043e-05,2.654605677030586e-06,0.0001357013989174577,6.177595033005323e-05,0.003742879668054019,3.364392291960309e-05,3.3178189003914356e-08,1.984805784760292e-06,1.974767780652397e-06,0.037416701336991647,0.0017069638212362963,0.004090821091097075,0.9398147657978426,1.1577432499630739e-05,6.000868155925933e-05,0.001675004969660309,0.00044630142560775495,1.028460656478485e-05,1.5208495878264973e-05,9.614043074214747e-05,8.664524920879739e-05,0.010475584004455047,1.2536021430332918e-06,7.614378817208546e-05
38,1.6851554983430878e-06,2.6996907533219337e-05,3.340580917896377e-06,0.00018026896617449062,5.650302541275378e-05,0.004431533643557963,3.515079411257888e-05,3.044550889259924e-08,1.1249911826436436e-06,1.9735659543190134e-06,0.05117001911885667,0.001987995966483077,0.004888843524757213,0.9234007943213468,1.1228286049401012e-05,8.578612794441092e-05,0.0016988875736148924,0.0007046802642618545,1.064546438983698e-05,1.676021272147001e-05,0.00012009284661972604,5.769475606763312e-05,0.01104476936804761,1.719845216114195e-06,6.147424776996377e-05
39,2.0489267390639494e-06,2.362297196424121e-05,3.136627502427019e-06,0.000195401142130415,6.002264917914422e-05,0.003055398212726882,3.544926450322096e-05,3.70372182764083e-08,1.5097768339508574e-06,2.5719770788895415e-06,0.03571903348705754,0.001819821476179163,0.0034868093507323538,0.9402134172833668,9.770207140998515e-06,7.216039674287751e-05,0.0017175935750153796,0.0009196667048825928,9.314885763003583e-06,2.0141370479240133e-05,0.00013725754034631379,7.46874645076609e-05,0.012312953404477888,1.8255572004581742e-06,0.00010634871023114292
40,5.4857761983504805e-06,1.6052735684756863e-05,2.2395746181661033e-06,0.0006745390921555715,3.236601216642953e-05,0.0024693138786263825,4.401781331859849e-05,8.79570547640267e-08,4.462358263932307e-06,4.049255804993964e-06,0.06315717526691392,0.0014081375723658323,0.007363368890447216,0.8842945913789556,6.200409643359139e-06,0.00015045697133309158,0.006469036123982581,0.00193878556510417,5.006802805385466e-06,2.1711459789393732e-05,0.00011299290337601405,4.96992467209493e-05,0.03165422606897452,5.387556261339508e-06,0.00011060932943491245
41,1.1700150795193718e-06,3.618790582343257e-05,3.1759797246011273e-06,0.00023335553765833265,9.140153799830872e-05,0.00335022271294411,1.9066989186599446e-05,1.8990195260176803e-08,3.3671602554368086e-06,1.744203408059366e-06,0.04376176793676946,0.0009050462110735807,0.003999591711647699,0.9379562352042303,7.751114255614902e-06,5.042546185610686e-05,0.0015045652794334805,0.00032648973194943754,3.8138846214615957e-06,9.464382997044852e-06,4.3909493910983573e-05,3.378798877181078e-05,0.0076077264143086624,2.611925427868185e-06,4.71022264726192e-05
42,1.9531405898348096e-06,3.6718997282278734e-05,5.305395987650647e-06,0.00012571342520713096,5.408385675307517e-05,0.0029050630769505703,3.616830372624654e-05,5.8562092000506395e-08,1.5985408266864701e-06,3.4276024552800254e-06,0.038227746596111695,0.0021733577172096665,0.00543469610796855,0.9413333926819893,1.2520731207590689e-05,5.061220244651372e-05,0.0018516884306687314,0.0006213826438545483,1.8235619528105795e-05,2.3191228035720422e-05,0.0001378088420300834,0.00021184753198584292,0.006652775560578727,1.5751066353920164e-06,7.907809787866293e-05
43,1.7121188449177033e-06,2.221715951049188e-05,2.9340380383406113e-06,0.00015736165960143086,5.394991932204651e-05,0.002121719324983044,2.1832249061392963e-05,1.991787671995189e-08,1.2085996845932876e-06,1.856868492009299e-06,0.04041864842276785,0.0014937495529593829,0.0033195031622301192,0.9427204062167953,6.691820468401383e-06,4.4308650427638625e-05,0.0012980440351026954,0.0007770282246170721,5.803836271259769e-06,1.2686810892819983e-05,8.092639148583532e-05,5.098237688203265e-05,0.007315506241994806,1.8811082351377822e-06,6.902129345464809e-05
44,1.7010890365584272e-06,2.116730326096903e-05,2.9429980760167995e-06,0.00015639774631261144,5.183007200912164e-05,0.002140313579696004,2.1614580873224378e-05,2.056409479202792e-08,1.307254248517822e-06,2.0924227883953333e-06,0.038307404590102054,0.0013424348785673343,0.0030798451239633234,0.9450568187850754,6.88895167532715e-06,4.373141310567951e-05,0.0013009643121637952,0.000744393476855851,5.768309903118479e-06,1.3919563994220128e-05,8.109527127778602e-05,5.541386146535854e-05,0.00748825213119715,2.045999559216838e-06,7.163572069846377e-05
45,1.7459823425504096e-06,2.6907592279525126e-05,4.472198237622995e-06,0.00024045015200322057,6.217450940785869e-05,0.004339067586432998,5.3168294475992564e-05,4.907443388255813e-08,2.0509039205783367e-06,2.6844825623557e-06,0.0502893339204099,0.0012525529102881455,0.004688295895054248,0.9248907827032625,2.1352831825314716e-05,8.389392232374248e-05,0.0017976534444010689,0.000573379099728778,9.681545880183662e-06,2.109367734138248e-05,9.727148537840274e-05,8.84928422463212e-05,0.011371261618320335,2.9577781906327808e-06,7.922554925231397e-05
46,3.823424528130479e-06,2.446319070081125e-05,5.177391184170951e-06,0.0004279131890887644,3.238657083311669e-05,0.005340028334632674,3.0097989807951425e-05,7.531331576900735e-08,1.7975999959589248e-06,3.5870121226309877e-06,0.050065144565736734,0.0027790061703156493,0.007776379508291217,0.9128324261306276,6.99981320452265e-06,0.00013632233589063993,0.006909194480556854,0.0016130902774897698,8.611047610344589e-06,2.0251237920610398e-05,0.00012769894447461428,8.191684469087351e-05,0.011715919876482647,3.013173996991511e-06,5.467557650072686e-05
47,4.643358146485991e-06,5.195652777774976e-05,4.358797194067303e-06,0.00010130531352567396,4.756579056983895e-05,0.00230007975044815,3.950945495875581e-05,5.5056169507868406e-08,1.9083470438221764e-06,4.073404496769735e-06,0.03341818435042947,0.004356589698373931,0.005300716674571611,0.9436760445929073,7.436535894294682e-06,5.519947826771183e-05,0.002878522549820876,0.001584422228121186,2.0936226423422598e-05,2.2769800113021954e-05,0.00012777429444876053,0.0002210988366703665,0.005633403430881241,1.7451478250304298e-06,0.00013970035492108824
48,1.5216270760397942e-06,1.6873567894341394e-05,2.5994822063220715e-06,0.00013810163197842024,5.086633541066131e-05,0.0015502418884052742,1.7301018282201947e-05,1.455181140492353e-08,1.1078915234634194e-06,1.9783270691343903e-06,0.03519172992239815,0.0010617608364659097,0.0022132401016776945,0.9511711074053306,6.041225163508945e-06,3.2721801356072775e-05,0.0009228109035567832,0.0007364345825897686,4.252529919931858e-06,1.2696863196336878e-05,7.447170958875296e-05,4.765234662150544e-05,0.006667145257161156,2.116122776996442e-06,7.521207053929853e-05
49,1.447551043284405e-06,2.1959181954596675e-05,3.6286066125330143e-06,0.00012600000554954715,4.6062124963353474e-05,0.0023891916778829123,1.95524719058204e-05,2.0207096945673862e-08,9.625695861919043e-07,2.1915337136402785e-06,0.03110215392439518,0.0017199180350944234,0.0029596988475529824,0.9541917347497934,6.249139506348093e-06,3.791911942951951e-05,0.0013016514182050624,0.0007623405277010253,6.88736895813343e-06,1.5045435779069055e-05,8.831780990393401e-05,7.395781085806717e-05,0.005061351113425487,1.541147017873573e-06,6.021762207071637e-05
50,1.9230008531451968e-06,1.7657804827231658e-05,2.0630465401531146e-06,9.003776782762996e-05,4.2437170937114e-05,0.0010646120647582447,4.215476915863678e-05,2.70262502334799e-08,1.783338603889643e-06,4.1533274593162545e-06,0.02399445625513058,0.0009691361429145097,0.0021190929486750564,0.9625138994530649,8.294239691662935e-06,3.5694653187948026e-05,0.000950579019318994,0.0008356378114908748,8.378094864101582e-06,2.2170035153611023e-05,7.685454525073751e-05,0.00013928802048564917,0.006871189651765373,2.04917957116896e-06,0.00018643063221928342
51,1.622030062497639e-06,2.2422217842186164e-05,3.0290095724504637e-06,0.00016557313291750333,5.259673136308868e-05,0.0020425283143158425,2.0303420800327094e-05,1.9989164222792175e-08,1.3446846364690898e-06,2.0343189827976943e-06,0.0394302756986591,0.0013256997442279413,0.003296548109560911,0.9447870203586965,6.461140505895782e-06,4.068748482940494e-05,0.0013249056153157484,0.0006963373453187002,5.1049656816061035e-06,1.230516944657121e-05,7.613805010290796e-05,5.3176778575281185e-05,0.0065686613982835675,2.0410250637318013e-06,6.316326607485641e-05
52,1.7551320169234978e-06,5.665914694481507e-05,3.192813181592593e-06,0.00011766057842590382,7.991888682856896e-05,0.003471578168792696,3.722247145294683e-05,3.310116721284209e-08,1.6612960011346237e-06,1.80593274432696e-06,0.04105880439235848,0.002471410150415596,0.003994205130237209,0.9360694588491578,1.3374811059365296e-05,4.6434884612886e-05,0.001432587296389984,0.0005184398536406082,1.4290304725124307e-05,1.3048797946732282e-05,0.00016377034495682608,9.559038251916096e-05,0.010231195502942107,1.1161329845095278e-06,0.00010478563849765181
53,1.6455837533830393e-06,2.03448735161502e-05,2.738742683268752e-06,0.00016502780488008325,5.2370117160479914e-05,0.0021748366426900824,2.549653105465607e-05,2.2421383850868216e-08,1.442861566090202e-06,2.1007615856308944e-06,0.038070866250588586,0.001261266236900375,0.003060015572483144,0.9443518631638423,7.79227378204665e-06,4.747624352470795e-05,0.0013007666002627634,0.0007300583907774036,5.701289614757346e-06,1.467496898084084e-05,7.980301739904562e-05,5.631499760161712e-05,0.008487112278606261,2.111554088510327e-06,7.815082127376522e-05
54,1.7827870519051515e-06,3.748218650502737e-05,1.794846907214157e-06,8.227692503255329e-05,4.87618099060244e-05,0.0017765840949042222,2.632221140855801e-05,1.77382259284293e-08,1.5706625414889335e-06,2.0702430161535945e-06,0.025911612893924487,0.0022546637182137676,0.0026241306619326243,0.9591980925260011,5.595326704034369e-06,4.028223256811402e-05,0.0014125152732894107,0.0008137157385859775,7.19402505416494e-06,1.0384430674563177e-05,7.156972953501647e-05,7.397599307786038e-05,0.005483877904521703,1.1801682909561559e-06,0.00011254587212705757
55,2.4981863706705646e-06,4.696217087556653e-05,1.9902462301026987e-06,0.00011371397316615957,9.336575216371452e-05,0.001158121208192793,2.4494108164539204e-05,1.6027736132145982e-08,1.5454745638296258e-06,1.3992508072005364e-06,0.03356457615912831,0.004815695743787007,0.003759322974974936,0.9485416247821227,3.3800882248708275e-06,4.073489087678481e-05,0.0012803130616355334,0.0016321299799889888,6.02390526828903e-06,8.937513981937782e-06,8.387302747747708e-05,4.147782346491594e-05,0.004662387207698408,9.988385761458877e-07,0.00011441760452302757
56,1.7350261151530896e-06,2.2714807945415188e-05,3.148364406382361e-06,0.00016162147257871892,5.552893339799854e-05,0.0021300232808481477,2.2239956347063527e-05,2.21881184724691e-08,1.3320341168403418e-06,2.0658294002332175e-06,0.03982310377361268,0.0014705402442191293,0.003562079820252201,0.9433079125815059,6.689062494772877e-06,4.540231555893698e-05,0.0013325990060789933,0.0007597116805303796,6.228469320887057e-06,1.3981901008457234e-05,7.954436000578688e-05,5.5522135711141416e-05,0.0070665748777042165,1.9824477350125224e-06,6.769543098695379e-05
57,2.008390252470901e-06,3.363323213966213e-05,4.428656810953215e-06,0.00011479855108511281,6.55262337191865e-05,0.002667357209385376,2.668595374626109e-05,3.5039124320564496e-08,1.0205653467822331e-06,2.3291677035258104e-06,0.038138011228750233,0.0031362769293488777,0.005020997732808071,0.9416917451963465,7.46921785938826e-06,5.242430563442406e-05,0.001463255433180147,0.0009033106451966313,1.6084955842669467e-05,2.0073184333333752e-05,0.00013986477827482448,0.00010699888422670605,0.0063123425739485895,1.1549220296100631e-06,7.21670129066568e-05
58,1.8143406080745659e-06,2.0999806929626803e-05,3.3067321036540163e-06,0.00016578627377083577,5.2681452866020894e-05,0.0021759658862750887,2.218388639850462e-05,2.177114402875876e-08,1.417662008469946e-06,2.2780612529963444e-06,0.04058116618418252,0.0012128367972989956,0.003106717251741224,0.9427856786688303,7.812331036715901e-06,4.407436572019829e-05,0.0012812412772699366,0.0007292753545458007,5.835237375495556e-06,1.4933539089974366e-05,7.926404204017598e-05,5.846706397128244e-05,0.007570509719416503,2.548712186654316e-06,7.318358193684459e-05
59,1.7431284423283059e-06,1.9052637582621227e-05,3.307756639513725e-06,0.00016709303179500252,4.9890495087649396e-05,0.002151000643018577,2.0696712164751307e-05,1.9904023377501612e-08,1.3706617849424471e-06,2.4100645056251475e-06,0.03952086023920092,0.0010920341462535726,0.0027171157973868184,0.9446270419602475,7.831737630527444e-06,4.2553196287896124e-05,0.0012284014483198611,0.0007301180166072725,5.224688660376187e-06,1.5175568749270002e-05,7.893617341074792e-05,5.601269972322796e-05,0.007386289404223484,2.7882596264458446e-06,7.30316286275399e-05
60,1.7010890365584272e-06,2.116730326096903e-05,2.9429980760167995e-06,0.00015639774631261144,5.183007200912164e-05,0.002140313579696004,2.1614580873224378e-05,2.056409479202792e-08,1.307254248517822e-06,2.0924227883953333e-06,0.038307404590102054,0.0013424348785673343,0.0030798451239633234,0.9450568187850754,6.88895167532715e-06,4.373141310567951e-05,0.0013009643121637952,0.000744393476855851,5.768309903118479e-06,1.3919563994220128e-05,8.109527127778602e-05,5.541386146535854e-05,0.00748825213119715,2.045999559216838e-06,7.163572069846377e-05
61,1.7831638709335529e-06,1.9174464965478815e-05,3.482087380559514e-06,0.00017347991933693236,4.984364012212378e-05,0.0022222569286315607,2.0329671227011467e-05,2.104465990154184e-08,1.3178996852569224e-06,2.3504125192459286e-06,0.03948858738612587,0.0011389499983325737,0.0028722967050552506,0.9442899794868724,7.5866869275574665e-06,4.2695926456906855e-05,0.0012815441888096453,0.0007457789670745925,5.392223852782091e-06,1.52436900061798e-05,8.149455344640481e-05,5.629758669492379e-05,0.0074078298704722675,2.670038733435703e-06,6.961345874034394e-05
62,1.7010890365584272e-06,2.116730326096903e-05,2.9429980760167995e-06,0.00015639774631261144,5.183007200912164e-05,0.002140313579696004,2.1614580873224378e-05,2.056409479202792e-08,1.307254248517822e-06,2.0924227883953333e-06,0.038307404590102054,0.0013424348785673343,0.0030798451239633234,0.9450568187850754,6.88895167532715e-06,4.373141310567951e-05,0.0013009643121637952,0.000744393476855851,5.768309903118479e-06,1.3919563994220128e-05,8.109527127778602e-05,5.541386146535854e-05,0.00748825213119715,2.045999559216838e-06,7.163572069846377e-05
63,1.7257832777361157e-06,2.2947847847171043e-05,2.986973064221788e-06,0.00015327807675692869,5.341902382174565e-05,0.0021650415414314317,2.199273659709853e-05,2.0771653548559684e-08,1.3508879242508857e-06,2.0901192576000983e-06,0.03896144448177554,0.0013900834217255844,0.003157515428525337,0.9444314318044267,7.072599719178254e-06,4.321375646865e-05,0.0013120453692037166,0.0007274852385842958,5.9575834238482265e-06,1.3572783462528446e-05,8.179228381012581e-05,5.707576278273732e-05,0.0073123502036900635,2.027311537750655e-06,7.207820923228849e-05
64,1.8153998165879753e-06,2.389868509209597e-05,3.339093490307521e-06,0.0001713687882404465,6.0594169097467104e-05,0.0022304594849855107,2.348296145560312e-05,2.259260204347241e-08,1.2982103345786039e-06,2.2259192962052266e-06,0.0416553863917289,0.0014153259078133163,0.003042410808782858,0.9408252737599557,8.205386852565193e-06,4.308967846117251e-05,0.0012090825873429965,0.0007495306348119723,6.38049491581895e-06,1.4677283130437047e-05,0.0001114481262210203,5.8056794069929895e-05,0.00826169851667726,2.1406502401189937e-06,7.878767458497449e-05
65,1.8532841364392435e-06,2.046446609864348e-05,2.6506656832247094e-06,0.0001491269680526533,5.053078762970947e-05,0.0018531199180055434,2.070313450055259e-05,2.0008458645601938e-08,1.3219340323069103e-06,2.0869801491280858e-06,0.036604299184791876,0.001485294460511186,0.0031409003660303747,0.9469680603712549,5.582695825065075e-06,4.431422669199606e-05,0.0013451377030315797,0.0008778449235204449,5.59746697744118e-06,1.3886970204158942e-05,7.522338474893538e-05,5.356908410862188e-05,0.007201503651132727,1.939704387636067e-06,7.496766003632226e-05
66,1.1593488081277562e-06,1.4081158706547405e-05,2.671311630546273e-06,0.00014280111381287142,4.6283485606607975e-05,0.0009691470017139061,9.286799409100154e-06,8.067759156772002e-09,5.62237732575452e-07,1.7990567508050302e-06,0.03743212642913519,0.0011650885897135845,0.0024585118103435436,0.9529753047670594,2.8049916591973605e-06,2.4771528593491248e-05,0.0007871148414669352,0.0007879896851864327,2.5018360712930243e-06,7.1817072710652e-06,6.780815189552921e-05,3.0565474308198345e-05,0.0030280510163252,1.5591734017213972e-06,4.0820415639057106e-05
67,1.7462768864702756e-06,2.1897277271879428e-05,2.986851981260667e-06,0.00015842138638865602,5.351976712397438e-05,0.0021096892882088805,2.2113702391996982e-05,2.1218647728342637e-08,1.3520964652460084e-06,2.095738633466621e-06,0.03904794876121585,0.0013699186883584316,0.0031892658267068533,0.9441767422309407,6.951717059079735e-06,4.40278170326635e-05,0.0013139558951241412,0.0007514048635677181,5.8736855726262555e-06,1.38794338414547e-05,8.111353444248191e-05,5.6185881308984746e-05,0.00749423919390808,2.0511148792135413e-06,7.25977520421289e-05
68,1.7965112816001233e-06,2.3838462640852146e-05,3.094602807721165e-06,0.00014574785753166306,5.436871800410474e-05,0.0022579163034216407,2.2094569422280123e-05,2.0812646790866168e-08,1.503936689499018e-06,2.3252728429643885e-06,0.04016837311366044,0.001192709226272774,0.0028421006221623275,0.943380111243391,8.532555392804738e-06,4.2160039958994375e-05,0.0012802571093646364,0.000641167951164711,6.264607842347604e-06,1.4064399428401048e-05,8.089319370097747e-05,6.536579346466808e-05,0.007683975035279344,2.3777980942177404e-06,7.894026353331922e-05
69,1.7008949186978337e-06,2.193923233877549e-05,2.742519590321589e-06,0.00016977014197859871,5.750871759702567e-05,0.0018444807892241876,2.2289130706023834e-05,1.92489596472826e-08,1.6329798148114225e-06,2.0355694169677953e-06,0.03823026569389445,0.001198975349521029,0.0028479739899418778,0.9460423803520635,7.062415038547177e-06,4.219332993349172e-05,0.00127037961526656,0.0007338331671215742,4.475144774523556e-06,1.2017314718190723e-05,6.783479149251988e-05,5.066987408968786e-05,0.007285244705208518,2.2867519183708943e-06,8.028828047202339e-05
70,4.314883700674892e-06,6.0431408392016756e-05,5.0745768140058204e-06,8.743331503797263e-05,7.100009219225725e-05,0.001705083849242329,3.3177921825109746e-05,2.678118676577887e-08,1.054952758854294e-06,2.681088729671213e-06,0.07388533589660248,0.0023378504611613316,0.0036582033739182432,0.9090087964429496,1.638453258689038e-05,2.6110962338595204e-05,0.0010320442360326778,0.0008737087176257676,1.8445660523836846e-05,1.2180407010208778e-05,0.00021246114013151896,0.00015246817747830127,0.006643464786927644,2.176237974881763e-06,0.0001500900968582332
71,2.259363054850324e-06,2.6921978585866524e-05,1.8710346053912594e-06,0.00013830166483884396,8.100899739969172e-05,0.0011761158656712195,1.8471362411401853e-05,1.7383627793458976e-08,1.699596397285987e-06,1.8782903872542279e-06,0.039260566015768904,0.0019315372343831772,0.003244589651160732,0.9442793974592534,4.200777458605752e-06,4.6814839750107703e-05,0.0011192475449417023,0.0010268765963594214,5.098794992428946e-06,1.1397610210011355e-05,7.153267121643735e-05,4.053731162352719e-05,0.00741430380274079,1.672128636846406e-06,9.368202452448897e-05
