,0,1,2,3,4,5,6,7,8,9,10,11,12,13,14,15,16,17,18,19,20,21,22,23,24
0,5.331836552920748e-08,0.0022289305953698533,1.3040909363277525e-06,0.5538274288283472,1.5772160206691213e-06,4.287654091646799e-06,2.183489687004546e-05,2.801159052865746e-06,2.654165683885659e-07,0.0004743437152674136,1.190737205996406e-05,5.881394736890876e-05,2.087385611535065e-08,0.28693672832759964,4.1347792111920416e-10,3.7061505899998675e-07,8.154164894063927e-06,2.9507554188643074e-06,2.1099896494848275e-08,0.00012976366550903243,1.8038348102487478e-05,6.319288961375392e-07,0.1562225316449797,3.6987797277649854e-06,4.354117226389933e-05
1,8.390653344421159e-08,0.0036897094692174537,2.0764039733539366e-06,0.5837333885399116,3.067019112226206e-06,8.33286781303223e-06,2.892492351363411e-05,5.681853219294155e-06,6.783097293484528e-07,0.000731696071382186,1.54436092284359e-05,7.093321614361343e-05,4.514639957211432e-08,0.2640121343365551,9.704117379935827e-10,1.0955780044199786e-06,1.412076387438236e-05,3.787175024893022e-06,5.940036724069304e-08,0.00029156275207093974,3.3544600699993155e-05,1.0883978364420902e-06,0.1473002047618943,6.5276778542036645e-06,4.58122492290073e-05
2,8.61075091189957e-08,0.0036272495628010687,1.4223529993522122e-06,0.4721403441040745,5.0681722602900704e-06,6.616056344244661e-06,3.0789187922165296e-05,4.980881575756694e-06,5.752238109808639e-07,0.0005548709372621198,1.7470187810272783e-05,7.059727560562342e-05,5.0557332225137685e-08,0.3599319900160085,1.1719640377226508e-09,9.044175492466709e-07,1.7851346008228436e-05,3.826088614598689e-06,4.290846242566747e-08,0.00035217515580576167,2.5811267657214125e-05,9.737028653038466e-07,0.1631361155323201,4.855298888924282e-06,6.533248654776894e-05
3,6.185175373062351e-08,0.0027903512978249144,1.3307721037174072e-06,0.5423471364003741,2.7877075257663637e-06,6.3945918593515246e-06,2.264094483346823e-05,4.291122915570293e-06,4.5702500343499556e-07,0.00048213554185661895,1.680885241079147e-05,6.275124384687676e-05,3.7549698075612797e-08,0.2937822196092809,7.232777774455461e-10,7.023242460130392e-07,1.511408230870441e-05,3.3322716303875613e-06,4.0159924217734795e-08,0.00023639981033369374,2.6723020438293905e-05,9.763171316187869e-07,0.16014929580117737,5.330064651362759e-06,4.268091359316465e-05
4,6.699423146965169e-08,0.0027792454426775605,1.318798639754609e-06,0.5323652491598557,2.9145081278603785e-06,6.460375043555485e-06,2.258406910422174e-05,4.1675875844132635e-06,4.861028143936901e-07,0.00045438707772862535,1.697174222221656e-05,7.065284876244713e-05,4.724046650554158e-08,0.3092232063626502,7.419594332176877e-10,7.11555430105794e-07,1.7261705134889734e-05,3.5191661005989293e-06,4.222259677081869e-08,0.0002457962597669085,2.797259386759464e-05,1.042712431094134e-06,0.15470439552210186,5.508855347212929e-06,4.5990355354674667e-05
5,5.5106861363351304e-08,0.002302690865976069,1.0735609647928405e-06,0.5857790304992452,1.9639818878540436e-06,5.447632709701977e-06,1.7480399244449646e-05,3.482667446092672e-06,4.069704143085001e-07,0.0004262064557849563,1.41487633436198e-05,6.13040470014131e-05,3.397993158505857e-08,0.2779819897937792,5.664565662142277e-10,6.016731785873085e-07,1.3880066237603338e-05,3.795638284015131e-06,3.139851528246995e-08,0.00020373517378749923,2.4743148705506683e-05,9.58023394394752e-07,0.1331137385036942,4.978808366027508e-06,3.8222274789595484e-05
6,6.185175373062351e-08,0.0027903512978249144,1.3307721037174072e-06,0.5423471364003741,2.7877075257663637e-06,6.3945918593515246e-06,2.264094483346823e-05,4.291122915570293e-06,4.5702500343499556e-07,0.00048213554185661895,1.680885241079147e-05,6.275124384687676e-05,3.7549698075612797e-08,0.2937822196092809,7.232777774455461e-10,7.023242460130392e-07,1.511408230870441e-05,3.3322716303875613e-06,4.0159924217734795e-08,0.00023639981033369374,2.6723020438293905e-05,9.763171316187869e-07,0.16014929580117737,5.330064651362759e-06,4.268091359316465e-05
7,1.877270931082446e-07,0.0035772868776712957,4.088111731718514e-06,0.5252634621935451,3.7502059321587077e-06,9.390794701922983e-06,3.504408248612524e-05,5.5986337008593496e-06,5.332528657172655e-07,0.000741779143412594,2.022782793851379e-05,6.660352173944734e-05,5.94259485806193e-08,0.2620066967325643,5.343191585470606e-10,6.174700872231148e-07,1.456624030804498e-05,4.380645039610557e-06,6.571075838056322e-08,0.00027062896696170886,2.331043864887295e-05,6.122169606090716e-07,0.20788987166258355,1.0483365586476188e-05,5.0754217414935585e-05
8,7.841019013553013e-08,0.00254969182551882,7.109533907310217e-07,0.4184027204382859,1.1520496779265526e-05,1.9324446121603543e-05,2.8839107157469207e-05,1.0846708273108038e-05,3.90789228262716e-06,0.00033859229536256847,6.641612051117387e-05,0.00012472507044127522,1.5599237163700214e-07,0.5082380943774618,2.0872960364370153e-08,5.470400938797272e-06,0.00026128362115905275,2.8948817663488076e-05,1.6201888403090354e-07,0.0004828374146589969,0.0002713845013572565,3.6678429495406556e-05,0.06896701012427413,6.051663027878278e-06,0.00014452800143244574
9,2.4987141875708743e-07,0.0021775973160772523,3.9843687210593634e-07,0.07447972068976717,4.416945252943568e-05,1.3097337939872427e-05,2.2845720620386753e-05,1.4271439339725584e-05,1.163393488519223e-06,0.00011658768262250134,0.00012069073700548608,2.9481941125321908e-05,8.339462560590333e-08,0.8478801798139787,7.172822921127579e-09,1.45436283499362e-06,0.0002782830674469786,1.3776520710542831e-05,1.8193266387186262e-07,0.0002779064310556749,2.4629429260029402e-05,7.1280580641280095e-06,0.07439808440448888,3.199112279447834e-06,9.48122809618304e-05
10,6.185175373062351e-08,0.0027903512978249144,1.3307721037174072e-06,0.5423471364003741,2.7877075257663637e-06,6.3945918593515246e-06,2.264094483346823e-05,4.291122915570293e-06,4.5702500343499556e-07,0.00048213554185661895,1.680885241079147e-05,6.275124384687676e-05,3.7549698075612797e-08,0.2937822196092809,7.232777774455461e-10,7.023242460130392e-07,1.511408230870441e-05,3.3322716303875613e-06,4.0159924217734795e-08,0.00023639981033369374,2.6723020438293905e-05,9.763171316187869e-07,0.16014929580117737,5.330064651362759e-06,4.268091359316465e-05
11,6.550154018639604e-08,0.002781659005385952,1.374536359088055e-06,0.5407349831968482,2.925876889632718e-06,6.490076411318287e-06,2.3154460635104606e-05,4.339217793967012e-06,4.719174446404642e-07,0.0004785457829721526,1.7213619691665772e-05,6.690707875968767e-05,4.389366897970027e-08,0.29390609384150423,7.3521077225123e-10,7.244499010215297e-07,1.6158076763956747e-05,3.3875784328634413e-06,4.205590926357723e-08,0.00025237208358799026,2.7185933359888277e-05,9.918175241158468e-07,0.16162540362481104,5.691178373693247e-06,4.3774460220493176e-05
12,6.857149687408896e-08,0.002771035760359619,7.161329000571549e-07,0.37693373955139875,3.6982725504436902e-06,6.841183946797224e-06,1.604423805680469e-05,2.341710037098141e-06,3.654859713422631e-07,0.00040634839887263876,1.1800971376969216e-05,4.3139867797151204e-05,3.89012793353747e-08,0.4847893936845935,5.390256029858469e-10,4.7478419497484205e-07,2.2034032446764472e-05,4.41487722702493e-06,2.657077218551277e-08,0.0002117519891094693,2.0867295864845568e-05,6.969766849088171e-07,0.13468573908181106,3.0611221726410495e-06,6.536000005320599e-05
13,8.075915816214355e-08,0.003499708424428272,1.5723118406522413e-06,0.5647791738208082,3.17072461087434e-06,7.564312556028756e-06,2.4459492430111218e-05,4.0816214010031154e-06,5.68334487811253e-07,0.0006231233242073513,1.3830656997720562e-05,6.131812834247797e-05,4.269660985980669e-08,0.27331323095415005,7.904662502029592e-10,8.057485166035577e-07,1.5934954563683462e-05,3.903468614661671e-06,4.614903057554825e-08,0.00027591555486318773,2.939600831352692e-05,9.346856582617823e-07,0.15728467528208703,5.892140285589023e-06,5.056965557207154e-05
14,6.309099209096156e-08,0.0037100590042487016,1.0364723484382013e-06,0.49463886982817173,3.3957779385915305e-06,6.3935707841785655e-06,2.3843520695572415e-05,4.2389005476665e-06,4.465037178995396e-07,0.0005377792819798912,1.9110517480412733e-05,5.5700580626550554e-05,3.04552831961084e-08,0.3385088537005504,7.70901384118973e-10,6.998157115217285e-07,1.411151346385911e-05,3.2124318291471988e-06,4.711156051412886e-08,0.00023490130089712444,2.2660156464409473e-05,9.611028223697928e-07,0.16216769511718296,5.265563189180739e-06,4.062391061207277e-05
15,6.185175373062351e-08,0.0027903512978249144,1.3307721037174072e-06,0.5423471364003741,2.7877075257663637e-06,6.3945918593515246e-06,2.264094483346823e-05,4.291122915570293e-06,4.5702500343499556e-07,0.00048213554185661895,1.680885241079147e-05,6.275124384687676e-05,3.7549698075612797e-08,0.2937822196092809,7.232777774455461e-10,7.023242460130392e-07,1.511408230870441e-05,3.3322716303875613e-06,4.0159924217734795e-08,0.00023639981033369374,2.6723020438293905e-05,9.763171316187869e-07,0.16014929580117737,5.330064651362759e-06,4.268091359316465e-05
16,6.258073325412281e-08,0.0027814252185330633,1.3487452762969668e-06,0.5420151869634512,2.820794429248086e-06,6.477392828862805e-06,2.250684954075596e-05,4.27575857087631e-06,4.5684054137346086e-07,0.0004762189212982247,1.7042156037534568e-05,6.163046860176204e-05,3.754344379464639e-08,0.2925940107016854,7.174730436679088e-10,6.958355741500201e-07,1.5170625648082486e-05,3.319141037801928e-06,4.0023575532234696e-08,0.00023621047940814734,2.61892075957523e-05,9.584000897306799e-07,0.1616859692262837,5.388398541732456e-06,4.25570098007575e-05
17,9.544793124795633e-08,0.003903187705838699,2.2666826182437347e-06,0.5986636525216844,3.104169576401267e-06,9.71227579327603e-06,2.7351230786711647e-05,4.73498780984661e-06,6.646068874084835e-07,0.0007181259880118195,1.6723506547603226e-05,5.742946383775435e-05,3.670480461851121e-08,0.24065139318412376,9.232932410253639e-10,8.923802506750267e-07,1.3218076543220836e-05,4.061729178163541e-06,5.842587840661571e-08,0.00025136390486428875,3.0400450067188593e-05,9.193268202212364e-07,0.15558587347776198,7.3670723543680795e-06,4.736575673643824e-05
18,4.7933833792603815e-08,0.0038545781831758608,4.3002553107949294e-06,0.7955185078798153,1.604737249879433e-06,1.0579200883539315e-05,1.800653894887517e-05,1.1836546545769252e-05,7.868902534531599e-07,0.0003692174454173466,3.2120989056317516e-05,2.7094478220501222e-05,1.0266863809826121e-08,0.07291111909782247,6.870114583457963e-10,1.461748190878505e-06,2.6025781811152937e-06,7.697614038005861e-07,1.0258117577562722e-07,0.0001692438737036914,1.3930009948594424e-05,4.7424647527135005e-07,0.12703012826950438,1.6703396917970522e-05,4.7724040893719205e-06
19,5.002632920286596e-08,0.002728192709246736,1.4787139309949031e-06,0.6196115191446322,2.118431730867846e-06,4.360124699024601e-06,2.9902080760264425e-05,4.530936991165471e-06,4.936585595218424e-07,0.0004754697746910481,1.339993064918237e-05,9.766057192947363e-05,3.808408480200846e-08,0.24238980072863445,8.251662608454883e-10,7.683410016079829e-07,1.0834958276641303e-05,2.6185881767330326e-06,3.5139162017453603e-08,0.00021263331874835868,3.0259178268903565e-05,1.1224451251642896e-06,0.13433642933228274,4.534003114648349e-06,4.1748953808051116e-05
20,4.0392915924764174e-08,0.0022099169632389163,1.1958418528902617e-06,0.5890412578663987,1.9755402309038545e-06,5.182247285253646e-06,2.3061209735662596e-05,6.7658422490100415e-06,4.337078817491701e-07,0.0004392319588788279,1.9499627739686747e-05,7.552278604285851e-05,2.988961426953615e-08,0.2736960005156888,1.2160483689728354e-09,8.959202379429845e-07,1.3987437232081194e-05,3.2093970945363506e-06,4.117188334393468e-08,0.0002088978114456853,3.0334871197795455e-05,1.7619582319169905e-06,0.1341803889268864,4.2021844837432756e-06,3.616471550461947e-05
21,6.122714029131333e-08,0.0028032918454741727,1.2919246652121812e-06,0.5462297548770142,2.6546741582081086e-06,6.187365194863976e-06,2.2125399801299572e-05,4.28811006423199e-06,4.566154008674573e-07,0.0004855345117421237,1.60086451496189e-05,6.389118233795348e-05,3.7213228682452325e-08,0.29914392204179446,7.019275521525784e-10,7.156676138786968e-07,1.4479360121764243e-05,3.3527880346452908e-06,3.936974394668148e-08,0.00023568289550821562,2.6312649958212476e-05,9.643559782968232e-07,0.15089218798504084,5.164325123615625e-06,4.159426778284057e-05
22,9.791478548874824e-08,0.002476435500318762,1.6257551127123485e-06,0.5453553076007353,2.878244439271509e-06,8.566124782132348e-06,1.8525227934657995e-05,4.871112291922584e-06,5.157831608943516e-07,0.0004808602511104646,2.1163546785751588e-05,5.1988978584488e-05,4.012541437743049e-08,0.31290752439019,7.677103872509924e-10,7.386532018219852e-07,2.2599224899349874e-05,6.409156611682268e-06,4.499199345866096e-08,0.00023529493091896611,2.8197942044534788e-05,1.2011184327586253e-06,0.13832118764376639,6.2934233929895885e-06,4.763159138161749e-05
23,6.185175373062351e-08,0.0027903512978249144,1.3307721037174072e-06,0.5423471364003741,2.7877075257663637e-06,6.3945918593515246e-06,2.264094483346823e-05,4.291122915570293e-06,4.5702500343499556e-07,0.00048213554185661895,1.680885241079147e-05,6.275124384687676e-05,3.7549698075612797e-08,0.2937822196092809,7.232777774455461e-10,7.023242460130392e-07,1.511408230870441e-05,3.3322716303875613e-06,4.0159924217734795e-08,0.00023639981033369374,2.6723020438293905e-05,9.763171316187869e-07,0.16014929580117737,5.330064651362759e-06,4.268091359316465e-05
24,8.491323181614328e-08,0.0023537712746256037,5.04840386126096e-06,0.5083871236065323,6.3571824262292845e-06,1.314829809827073e-05,6.159698161713577e-05,7.2520810235259675e-06,9.10281230822187e-07,0.0006074489740635622,3.646194503778927e-05,9.016945244152066e-05,6.525207961168446e-08,0.1682641758977701,2.85349026892511e-09,1.1835113433403367e-06,2.4410715575650666e-05,3.5053476817529587e-06,7.346311647279477e-08,0.0003019636627161804,7.714460373553707e-05,1.9087057869798486e-06,0.3196571046145867,9.98531737809114e-06,8.910266054937274e-05
25,2.5778531481642265e-08,0.0014507653861196355,6.357406658414556e-07,0.5153673300303772,1.5457138547975e-06,3.838409830253118e-06,1.3873825573053562e-05,6.170187793726308e-06,2.018090372042723e-07,0.00026197535690158344,2.4167963384090565e-05,4.232656396950536e-05,1.664337309759203e-08,0.3514580087212027,3.668381439861287e-10,5.175448696673023e-07,9.767692115823659e-06,2.1260723334738457e-06,2.586172774439018e-08,0.00014911281212432478,1.4431744501585235e-05,7.943952681677616e-07,0.13117338784100252,3.6393641902052223e-06,1.531417441428232e-05
26,1.4566541413099557e-07,0.0030167749900492803,2.2834592369389675e-06,0.562663206043838,3.6331980005160486e-06,9.602541626228919e-06,1.7586103142326173e-05,3.1240714204678857e-06,5.56426353914846e-07,0.0005228979948672043,1.8721788738845283e-05,4.61947569388836e-05,6.354963767512564e-08,0.20146666681161443,3.704171265451809e-10,5.59665017397457e-07,2.2200409934224726e-05,4.790373553725141e-06,5.4353157404011877e-08,0.00032938689623222676,2.5551229415818777e-05,6.554709972577937e-07,0.231791834240825,1.4350366483946209e-05,3.915922308702208e-05
27,5.475028014819799e-08,0.002532990814265908,1.2016623530512942e-06,0.562306671029226,2.344728710313697e-06,6.385268742960725e-06,2.04376974794944e-05,5.0637360862083914e-06,4.7504991858452026e-07,0.0004606400965991659,1.865777836647627e-05,6.415200494130747e-05,3.500175797048137e-08,0.2899331361410895,8.847349784989628e-10,7.969742954167928e-07,1.6996224836853967e-05,3.7742008297381585e-06,4.492528330058133e-08,0.0002225807831149798,2.9341246202461653e-05,1.4497248405959647e-06,0.1443288106185243,5.295222215121821e-06,3.8663435305100735e-05
28,6.185175373062351e-08,0.0027903512978249144,1.3307721037174072e-06,0.5423471364003741,2.7877075257663637e-06,6.3945918593515246e-06,2.264094483346823e-05,4.291122915570293e-06,4.5702500343499556e-07,0.00048213554185661895,1.680885241079147e-05,6.275124384687676e-05,3.7549698075612797e-08,0.2937822196092809,7.232777774455461e-10,7.023242460130392e-07,1.511408230870441e-05,3.3322716303875613e-06,4.0159924217734795e-08,0.00023639981033369374,2.6723020438293905e-05,9.763171316187869e-07,0.16014929580117737,5.330064651362759e-06,4.268091359316465e-05
29,6.185175373062351e-08,0.0027903512978249144,1.3307721037174072e-06,0.5423471364003741,2.7877075257663637e-06,6.3945918593515246e-06,2.264094483346823e-05,4.291122915570293e-06,4.5702500343499556e-07,0.00048213554185661895,1.680885241079147e-05,6.275124384687676e-05,3.7549698075612797e-08,0.2937822196092809,7.232777774455461e-10,7.023242460130392e-07,1.511408230870441e-05,3.3322716303875613e-06,4.0159924217734795e-08,0.00023639981033369374,2.6723020438293905e-05,9.763171316187869e-07,0.16014929580117737,5.330064651362759e-06,4.268091359316465e-05
30,6.185175373062351e-08,0.0027903512978249144,1.3307721037174072e-06,0.5423471364003741,2.7877075257663637e-06,6.3945918593515246e-06,2.264094483346823e-05,4.291122915570293e-06,4.5702500343499556e-07,0.00048213554185661895,1.680885241079147e-05,6.275124384687676e-05,3.7549698075612797e-08,0.2937822196092809,7.232777774455461e-10,7.023242460130392e-07,1.511408230870441e-05,3.3322716303875613e-06,4.0159924217734795e-08,0.00023639981033369374,2.6723020438293905e-05,9.763171316187869e-07,0.16014929580117737,5.330064651362759e-06,4.268091359316465e-05
31,1.1323535468482682e-07,0.0031091770162708517,2.2831515437979e-06,0.5455241631881841,2.8361103113832863e-06,7.400163622716363e-06,2.6565206619447264e-05,6.870157906844933e-06,4.306576876563464e-07,0.0006310037658088229,1.7721708585237698e-05,5.587358843803974e-05,3.819042227507464e-08,0.2907016425304338,6.288247606012018e-10,6.69370958834855e-07,1.4855218247022904e-05,4.32269893966245e-06,5.35106969127836e-08,0.00022454925250134158,2.2534808378146985e-05,8.21495482169704e-07,0.15959865666567244,6.055036055844999e-06,4.136264305325e-05
32,6.71840467167423e-08,0.0030059243434281792,1.382760273455877e-06,0.53934086549121,2.8387259824081886e-06,6.852528837681117e-06,2.3085701690881062e-05,4.54977629879779e-06,4.91728222561004e-07,0.000511021138302278,1.760001983907695e-05,6.505682223427911e-05,3.9830408355227226e-08,0.29552871737316305,7.656212318446069e-10,7.360279522008436e-07,1.5999305915975003e-05,3.5023982354462167e-06,4.7668414489083143e-08,0.00024092097959177162,2.8482688371086213e-05,1.0755654716212603e-06,0.16115240847523432,5.837434519044857e-06,4.249526673522764e-05
33,4.1345620605650456e-07,0.011068616993480617,1.1328932566049369e-05,0.7035722254194952,8.338453402522709e-06,1.0163432543878059e-05,0.00011933049995999674,3.304803911472969e-06,3.1010259957989435e-06,0.0011277939425875763,1.0346588104605783e-05,0.00017233645220029903,5.3610748225764775e-08,0.1636339180341084,4.757823606075092e-09,1.1707826799387753e-06,8.464583157195997e-06,6.9925803732574316e-06,5.10386109560241e-08,0.0003136482484866045,6.600297218849625e-05,7.762580993267604e-07,0.1195347092991335,6.161887630828515e-06,0.0003207459465057627
34,3.225263854790521e-09,0.0004533416351893595,2.135634139867076e-07,0.5441718283261483,7.584752742538814e-07,1.941154259047752e-06,1.0328102365750025e-05,1.8554284249777632e-06,4.567270691603468e-08,0.000418535215732465,6.529687018847215e-06,2.4572085105967363e-05,8.496306958994926e-09,0.24377711058946616,2.496748490614314e-10,4.6745727054496133e-07,5.807415503906444e-06,1.0112788005786208e-06,3.2931004443290593e-09,0.00016836823054049128,1.3223973537766265e-05,4.537274950255287e-07,0.21092101895669502,1.0964474365669307e-06,2.147731326804824e-05
35,2.675529743007311e-07,0.0035686132585480094,2.906461350417847e-06,0.6752522110821261,1.963256212238183e-06,6.325330952743527e-06,2.7278421328204746e-05,6.435321978994666e-06,8.481623748941701e-07,0.0006783543908389316,1.2232713593004713e-05,8.544244346840597e-05,4.303651095814241e-08,0.23645357191344268,5.576816761829219e-10,6.272665777379858e-07,1.672398022181868e-05,1.2163797888609324e-05,6.280641254922236e-08,0.0001680840162938589,3.4151314749279414e-05,1.3357597438616989e-06,0.0836122868787322,7.5799780047160026e-06,5.04902979940105e-05
36,7.069263375398965e-08,0.002486868564520714,1.2283399237153077e-06,0.5328362239638483,2.3471482036063875e-06,4.246677046147775e-06,2.5631502117413097e-05,7.526782927539621e-06,5.187060380638548e-07,0.00037981895798904484,1.6509933333020794e-05,0.00011607849924262366,5.4728366003339013e-08,0.36494778054089283,1.0671386117004194e-09,9.667943106750485e-07,1.901632739725866e-05,3.8012504180761786e-06,4.621067752210507e-08,0.00023846173993953432,2.682957337837025e-05,1.784748759083811e-06,0.09883364650288685,3.7315371639248033e-06,4.680921084735675e-05
37,3.3221270306098685e-08,0.002380635119986682,9.036041306493716e-07,0.4647199515873434,3.193458333008502e-06,6.481112931809066e-06,2.43891376436035e-05,5.679531216462458e-06,4.1052795490602763e-07,0.00041447623517816253,1.924120364280457e-05,6.216457117257332e-05,3.1543828459491934e-08,0.38757291323400006,1.3163496887699681e-09,9.636543034549866e-07,1.5329753410874512e-05,2.420172927750517e-06,3.600210566730099e-08,0.0002254911579126972,2.740929886108197e-05,1.2474449286843637e-06,0.1444682759557711,2.9838727717783343e-06,4.533728202414639e-05
38,1.762073123126342e-07,0.005161195657351213,3.3098310975966967e-06,0.4987988616689936,6.149437577609396e-06,1.4345804994555656e-05,4.460905553322504e-05,5.102107944337883e-06,1.012365331134824e-06,0.0007918927800882683,2.0233132839738813e-05,7.201104524573606e-05,5.8856888926769426e-08,0.3274595789733936,1.4182863454510025e-09,1.0544687787287059e-06,1.5480609284813877e-05,4.7571588052541865e-06,7.866965489552813e-08,0.0002677404261175742,3.269508830817948e-05,8.704006792304935e-07,0.16721013388846118,8.198622413579491e-06,8.045232461868891e-05
39,6.568249166155048e-08,0.0016797615748581419,2.6837887620513354e-06,0.6199465040422039,2.8126441346605813e-06,1.3279312117497235e-05,2.7035182186536847e-05,8.046576283291532e-06,6.115841936016131e-07,0.000601150594092752,1.943523426642995e-05,6.52324427737507e-05,6.845356485415057e-08,0.21878256107367097,1.1006627628547025e-09,1.242616933597622e-06,2.4225108745647628e-05,4.775412929077605e-06,5.994045875158509e-08,0.0002694927014772153,5.998928243782843e-05,1.3535323790643998e-06,0.1584367731258056,7.225902888107139e-06,4.561308968229328e-05
40,8.150000362123429e-08,0.003374716018100007,1.8002702513150058e-06,0.5109152737661099,3.4722586714975483e-06,6.6029601804914435e-06,3.2220941229227004e-05,4.620789477461445e-06,5.937274482312987e-07,0.0005015089873728967,1.748580237778807e-05,8.5563043986666e-05,4.61853690132199e-08,0.3299548008984295,1.021897149561041e-09,7.245819178877091e-07,1.5094098554448949e-05,3.543787527665148e-06,4.456113351839506e-08,0.00022430700969859648,2.9589093717281437e-05,1.1011483637306122e-06,0.1547612926904495,4.950525876547761e-06,6.0564331856072066e-05
41,1.631392671496006e-07,0.0048446837278642565,2.884006143425504e-06,0.5464802984317423,1.090905170174497e-05,9.8088899332421e-06,4.689685005647262e-05,5.318377579390023e-06,1.4006902224516694e-06,0.00042395124549254295,2.0810236503189315e-05,8.2233373395897e-05,8.609009187761053e-08,0.3139784454805949,1.963803543737383e-09,1.4276756903926066e-06,1.7850244529979114e-05,3.939859934407508e-06,4.1962731742122974e-08,0.00041369463764544126,2.3919245136042778e-05,7.26332413776713e-07,0.13353503620834362,6.064129601459216e-06,8.9408149580844e-05
42,3.4395965406863506e-08,0.0019145044628589305,1.2242055868824734e-06,0.664471080114266,1.2168699719943057e-06,5.892447192562152e-06,1.764313728087339e-05,8.230506581451487e-06,4.255104678725725e-07,0.0005578010897563754,1.5836043523242528e-05,7.773592451342782e-05,3.7560025440213344e-08,0.20634179481137196,9.320422234329676e-10,1.1501339367320388e-06,1.6329652404661113e-05,3.20492454763757e-06,6.313951423699374e-08,0.0002368085341315969,4.371150272397521e-05,2.2358836872123265e-06,0.1262528924558752,5.6009989669465586e-06,2.454476280715662e-05
43,3.9483360523196614e-08,0.002268133365051214,1.1961619368335633e-06,0.5504555095164277,1.996370679279924e-06,9.325731276951108e-06,1.9625395303159282e-05,5.254608230678784e-06,3.702822509923739e-07,0.0010426225409902621,1.30383130849479e-05,4.804418862741882e-05,3.774198442158282e-08,0.25695030856357015,7.329569552402357e-10,1.0634797338480497e-06,1.6914018944453964e-05,4.1634018384576145e-06,5.438700842090587e-08,0.00030335240042625515,4.671260929280626e-05,1.3617163962480144e-06,0.18876981427292724,6.291653794707244e-06,3.476906390597029e-05
44,6.185175373062351e-08,0.0027903512978249144,1.3307721037174072e-06,0.5423471364003741,2.7877075257663637e-06,6.3945918593515246e-06,2.264094483346823e-05,4.291122915570293e-06,4.5702500343499556e-07,0.00048213554185661895,1.680885241079147e-05,6.275124384687676e-05,3.7549698075612797e-08,0.2937822196092809,7.232777774455461e-10,7.023242460130392e-07,1.511408230870441e-05,3.3322716303875613e-06,4.0159924217734795e-08,0.00023639981033369374,2.6723020438293905e-05,9.763171316187869e-07,0.16014929580117737,5.330064651362759e-06,4.268091359316465e-05
45,5.2458258968692305e-08,0.002049205334702246,1.876745443411142e-06,0.6214223123672777,2.8576242591187925e-06,7.320872128599084e-06,2.957248687926552e-05,9.712084883695379e-06,5.527399660569579e-07,0.0004291593453053959,2.5327619849364348e-05,6.876483703936884e-05,3.868060845137941e-08,0.2506255851499673,1.6433173938653021e-09,1.3006277880342279e-06,1.4809708849647586e-05,3.2677729166970364e-06,4.53391592245282e-08,0.0002458675973431842,2.6472647466179023e-05,1.4787631757026933e-06,0.12499159071808212,4.918942453807808e-06,3.790789287908469e-05
46,3.152115041119204e-08,0.001103531142878347,7.494372360631013e-07,0.597846777387682,1.537019954905779e-06,6.604578316617766e-06,8.78733299663094e-06,4.053926882677752e-06,2.6871027018189927e-07,0.0002663059566482333,1.9105158192033983e-05,4.7834141310249976e-05,5.7415389628916534e-08,0.23181878975411047,4.70963586067007e-10,6.93601391406875e-07,3.6791472226845484e-05,3.3339562412824035e-06,3.555803485542605e-08,0.00025340283069687247,3.088430161391324e-05,1.5647880377793567e-06,0.1685172687873394,6.218447253840547e-06,2.5372303181878586e-05
47,1.1320775922234381e-07,0.003637113164245024,1.7980706726221236e-06,0.5958706784186361,3.0940551472462416e-06,5.247364891970237e-06,2.9284191031743846e-05,3.8322918380072e-06,8.288217048911113e-07,0.0005197137978712707,1.1483303902044577e-05,0.00014100159365387636,9.121596713759579e-08,0.2675630959720381,9.573419887752101e-10,9.244695965578638e-07,2.24857943830182e-05,4.6572432380566246e-06,5.042618760376141e-08,0.0003248690665797206,4.600592335121511e-05,1.5435778829589103e-06,0.13173225232765165,6.313064003366483e-06,7.352168042475621e-05
48,6.234096820463487e-08,0.0029313299489955964,1.2883285569527967e-06,0.5347496280652008,2.752045715297654e-06,6.592728357734308e-06,2.186681257037733e-05,4.314644434027113e-06,4.4574048664527e-07,0.0004969437970647638,1.7156648241561907e-05,6.040292377207278e-05,3.7308712047095575e-08,0.2954791388473723,6.843452033946036e-10,6.83700622816086e-07,1.5584127160781137e-05,3.2593775709565715e-06,4.452783497449897e-08,0.0002356994957916884,2.6340961373639258e-05,9.895797291428454e-07,0.16589948243377053,5.624448911775761e-06,4.033048244020014e-05
49,5.446668628072765e-08,0.0023225488544951645,1.4727333545023758e-06,0.5843222209060992,1.988604312232877e-06,6.071842215277979e-06,2.040489994651504e-05,3.7965500276957985e-06,4.02374575326047e-07,0.0004888450912834089,1.4533472248973433e-05,6.582541606333132e-05,3.6941349544143404e-08,0.25329990448083023,6.073659028689585e-10,6.39408093942535e-07,1.2817467163300988e-05,3.1642686421898153e-06,3.483545379437928e-08,0.0002136673434519399,2.7287455377758296e-05,9.215216315636707e-07,0.15914841672463817,5.5442146261738464e-06,3.9399520067397947e-05
50,6.14835939579078e-08,0.0028596713340077154,1.364369955971071e-06,0.4739814611997779,3.049072260412342e-06,5.40560650072267e-06,3.455393747636243e-05,5.254690449746945e-06,3.5731758222854335e-07,0.0006621493178197617,1.5297287321722925e-05,7.283334278906623e-05,3.608167989464291e-08,0.3466208060020388,7.587069611546068e-10,6.720978412430555e-07,1.297031205597691e-05,3.099413406747431e-06,3.989040840982877e-08,0.00022248227670069093,2.5552284876146434e-05,9.428603038458709e-07,0.17541607222656885,4.132382871077383e-06,5.1734453005947624e-05
51,6.458571248980548e-08,0.0018499625391479048,2.011066843375497e-06,0.44012757812841297,6.712050962681664e-06,1.0899229593332092e-05,3.462163059258631e-05,4.17574121458253e-06,5.325535470402231e-07,0.0005335197769537183,2.3372972385705256e-05,6.0124408504437175e-05,8.024028147486779e-08,0.26568578067315074,9.726944574703527e-10,1.0041432959877466e-06,2.3155135854742926e-05,3.1763518053100236e-06,3.844903213606557e-08,0.0003946970956554989,4.252864163566192e-05,8.017268398774229e-07,0.2911221150187046,8.058254304959293e-06,6.498861287376557e-05
52,9.678352098733776e-08,0.0016507510145711362,1.2859184973592975e-06,0.39596117915367285,3.2363687188419337e-06,1.5511727850822342e-05,1.3673289417338647e-05,6.144480630972503e-06,5.107825913949898e-07,0.000535860919723254,2.452892176218271e-05,2.4628410520732248e-05,2.8735263687512986e-08,0.5125718824569916,1.1414411304993315e-09,9.626276344790196e-07,2.11587712837257e-05,1.2298902149472705e-05,3.58442753231824e-08,0.0002107754418344454,1.702077240908617e-05,1.1079075138540968e-06,0.0888714205567495,4.1595545577696e-06,5.17395164180495e-05
53,6.510093035866307e-08,0.0028434989033628896,1.3313832133411225e-06,0.545332179700767,2.6694642182675756e-06,6.670919863920686e-06,2.1008122516127095e-05,4.247221071354641e-06,4.6378746883596056e-07,0.00048363661874604373,1.65235216398844e-05,6.085852307174775e-05,3.775573457558488e-08,0.2959301945802344,6.967621874693235e-10,6.959503602658203e-07,1.567664074090757e-05,3.5232795067523683e-06,4.199868054068122e-08,0.00023399189572571508,2.6700360309954343e-05,9.855093465940477e-07,0.15496760687464184,5.45252196906943e-06,4.193866911740387e-05
54,1.0897344913283477e-07,0.005445548847499127,1.37473262226622e-06,0.4517977177435241,3.598533182058326e-06,6.040478059056271e-06,3.210340851348103e-05,3.2329526326248116e-06,6.298610549754888e-07,0.0006704430272075457,1.0244263154129844e-05,8.481027168901907e-05,3.690103852346683e-08,0.4316144547936284,1.218048902176223e-09,7.405347493226646e-07,1.2144810810057437e-05,4.1103852392702924e-06,3.9834412405852234e-08,0.0002093230912532084,2.228991179954212e-05,9.426503732931827e-07,0.10998269750702759,3.090772570165481e-06,9.427449646186802e-05
55,1.3153230648000813e-07,0.0034155349758444704,2.0356893272892725e-06,0.7035724866129756,2.4798891619399107e-06,4.958296688239369e-06,2.7552664680458968e-05,2.894722755570311e-06,1.2886379593866364e-06,0.00035402713991307915,9.439802154954074e-06,0.00015571953924457596,8.89284714320861e-08,0.21220858704547324,7.901323906705064e-10,7.586598370841435e-07,1.4692725820517854e-05,5.288882592617275e-06,3.7773501710473813e-08,0.00023440248442663892,3.959951243485548e-05,1.1224117115419502e-06,0.07987544539576658,6.618834711404061e-06,6.480705210794741e-05
56,6.67872252978146e-08,0.0028063010756765373,1.3867008981967982e-06,0.5391011018991679,2.889609806119429e-06,6.608629107629007e-06,2.3289649029381346e-05,4.352326599859727e-06,4.844329257084169e-07,0.00048545741333750567,1.7035146315772007e-05,6.872594758444097e-05,4.479064209740064e-08,0.2981355436055087,7.565533705292553e-10,7.290989008413872e-07,1.6529068863015517e-05,3.498553778870316e-06,4.3421580727947105e-08,0.00024985911138172313,2.816467963734514e-05,1.0326550764480937e-06,0.1589959940143109,5.6524506633739125e-06,4.5208175428150256e-05
57,6.67343236618217e-08,0.002991774527453161,1.334250043139155e-06,0.5707079710428059,2.6874280688864793e-06,5.026184207620807e-06,2.537310021721704e-05,4.758283774187057e-06,5.572020659621552e-07,0.0005212854490393522,1.3077451467805721e-05,0.00010579498144399008,6.790995121962279e-08,0.2807454624815719,8.312778256074271e-10,9.213267191304916e-07,1.9921753693635363e-05,3.4090664983486535e-06,4.774036997971232e-08,0.0003267973091728429,3.537912474080048e-05,1.4031820572507419e-06,0.14443170488288906,5.404345680666414e-06,4.977341046635864e-05
58,7.153036519719125e-08,0.0028363959621489753,1.4180281316190895e-06,0.5488866974069078,2.804106621791068e-06,6.674597481802415e-06,2.228512819418242e-05,4.1158284858010445e-06,4.85720016402044e-07,0.00047508049505058745,1.7789647272461793e-05,6.621720835493193e-05,4.3624093410774174e-08,0.2778281673513624,6.373233031560658e-10,6.712241695096005e-07,1.5831949917944327e-05,3.4567443102198164e-06,4.598191283786618e-08,0.00024145361353538418,2.7591281939980274e-05,9.777330958330292e-07,0.16951455764349704,6.811379038127913e-06,4.0355176772492215e-05
59,6.640700577514036e-08,0.002732273235312053,1.5757315577740539e-06,0.5725382357601125,2.6952953816128846e-06,6.630207717506518e-06,2.284681710841686e-05,4.2390570147264586e-06,4.7677447994405866e-07,0.0004935137918793715,1.7443590511254968e-05,6.331753368735436e-05,3.9952381665745243e-08,0.2497445630951878,6.46703809168046e-10,6.970981342133649e-07,1.423175447408616e-05,3.2496529707595237e-06,4.277834729850364e-08,0.00024659177811277614,2.8032230264003152e-05,9.212867875920935e-07,0.17403313890547767,6.856767854990532e-06,3.83198515348976e-05
60,6.185175373062351e-08,0.0027903512978249144,1.3307721037174072e-06,0.5423471364003741,2.7877075257663637e-06,6.3945918593515246e-06,2.264094483346823e-05,4.291122915570293e-06,4.5702500343499556e-07,0.00048213554185661895,1.680885241079147e-05,6.275124384687676e-05,3.7549698075612797e-08,0.2937822196092809,7.232777774455461e-10,7.023242460130392e-07,1.511408230870441e-05,3.3322716303875613e-06,4.0159924217734795e-08,0.00023639981033369374,2.6723020438293905e-05,9.763171316187869e-07,0.16014929580117737,5.330064651362759e-06,4.268091359316465e-05
61,6.844594360603252e-08,0.0027856581647871114,1.5991201329281654e-06,0.568412612221238,2.761123349337308e-06,6.732202667580282e-06,2.3415857607116492e-05,4.296765823507382e-06,4.845985480417036e-07,0.0004994750218460936,1.7651980232452e-05,6.527749388084344e-05,4.218664790152309e-08,0.25363485501772975,6.74885419109307e-10,7.004159797454301e-07,1.4845639172381892e-05,3.328406574827277e-06,4.429669487465722e-08,0.00024940573061350244,2.856393059881677e-05,9.548573539313074e-07,0.174200478039066,6.893091174958891e-06,3.985471745122171e-05
62,6.185175373062351e-08,0.0027903512978249144,1.3307721037174072e-06,0.5423471364003741,2.7877075257663637e-06,6.3945918593515246e-06,2.264094483346823e-05,4.291122915570293e-06,4.5702500343499556e-07,0.00048213554185661895,1.680885241079147e-05,6.275124384687676e-05,3.7549698075612797e-08,0.2937822196092809,7.232777774455461e-10,7.023242460130392e-07,1.511408230870441e-05,3.3322716303875613e-06,4.0159924217734795e-08,0.00023639981033369374,2.6723020438293905e-05,9.763171316187869e-07,0.16014929580117737,5.330064651362759e-06,4.268091359316465e-05
63,6.630527031620588e-08,0.0032498887299219586,1.3580617041780313e-06,0.5423909467277633,2.859440423253171e-06,6.370781212207955e-06,2.3320298357892076e-05,4.18464041622919e-06,4.761538062325905e-07,0.0005112192621196692,1.644946949744707e-05,6.46939055354917e-05,3.7109374893846306e-08,0.2923994185911613,7.574525441509272e-10,7.021420082585233e-07,1.4626243448330536e-05,3.2430063689167217e-06,4.38588973825134e-08,0.0002378971851978219,2.645440335315881e-05,9.826871346133057e-07,0.1609956755161547,5.443756163209661e-06,4.364096725666077e-05
64,5.655869053461824e-08,0.002735094123015061,1.3222979061112964e-06,0.5476616449388269,2.5916335816247622e-06,6.702756587489419e-06,2.323479492778238e-05,4.18148058669139e-06,4.769081118722593e-07,0.0005369515348481248,1.5475278220776014e-05,6.951171038313622e-05,4.135487112954947e-08,0.288096190225357,7.813362240653218e-10,7.53659953947201e-07,1.53680942318332e-05,3.4792240755433296e-06,4.2734992316479576e-08,0.00024151676556665163,3.4383199875723685e-05,1.1078091197352485e-06,0.16049984915308707,5.4846122454446095e-06,4.4538369601314126e-05
65,9.158233615003853e-08,0.0033117455046205693,1.3722202768506756e-06,0.5457149535980244,3.5317757972019085e-06,6.610317049025907e-06,2.0919189320210822e-05,3.7871843402401206e-06,6.591060804463475e-07,0.00034906726562147094,2.0874031748494577e-05,6.993371673457605e-05,4.801918449188446e-08,0.2985165568001861,7.161987239495466e-10,6.727479132670776e-07,2.0416991267045836e-05,3.875467811835944e-06,4.725524974095287e-08,0.00023780281945630713,2.5478637937211207e-05,1.1345818962040774e-06,0.151638855599947,6.8850267190408255e-06,4.4679844283342576e-05
66,6.368860963705462e-08,0.0028076304326177647,1.3765016032425e-06,0.5419908404250304,2.8889590127360528e-06,6.603771043529264e-06,2.2959952411191093e-05,4.271885497017038e-06,4.646028743837006e-07,0.0004957740869999336,1.6958310877892025e-05,6.242230688640372e-05,3.899314397750653e-08,0.2894596484984015,7.250628949611251e-10,7.133356927859189e-07,1.545165438379905e-05,3.3869428238613344e-06,4.095474628489342e-08,0.00024523956871352426,2.7375508875762754e-05,9.658824126989865e-07,0.16478595223276737,5.573925419349677e-06,4.335685409190235e-05
67,2.6600806193582652e-08,0.0011163058189999583,8.046800720408177e-07,0.5208307774547012,1.7685268936476644e-06,7.306163584440967e-06,1.0487208893567496e-05,2.7879390161970513e-06,2.0677731745460717e-07,0.00036865197608835256,1.310521714998433e-05,3.4126323787235635e-05,3.933784472628712e-08,0.2893750059343864,3.136411478609113e-10,5.661705535955753e-07,1.4810829744417613e-05,2.46390769367952e-06,1.968734251785714e-08,0.0002491398441175855,2.1233148001574383e-05,5.049728936474116e-07,0.1879177898204206,4.769764185696566e-06,2.730158186426856e-05
68,6.440460650082512e-08,0.0031751262418894,1.2476138436975704e-06,0.5041802285661633,3.794464099181936e-06,6.954309546421985e-06,2.598407803925885e-05,4.804257767308375e-06,5.246092633287655e-07,0.00047066871903595777,1.9890382153243093e-05,6.569358944007633e-05,4.229002218603944e-08,0.33117820358444106,1.0344077876326964e-09,8.232551279206636e-07,1.7965066106224964e-05,3.3256653973375887e-06,4.6471120887234294e-08,0.00026683258097320666,2.6862447005578987e-05,1.133088253460573e-06,0.16049502666562843,5.085309360020907e-06,4.967130630826169e-05
69,8.455743590797157e-08,0.0034021182050510985,1.3869467196796202e-06,0.5190935699455942,3.0681900180467873e-06,6.644119510442641e-06,2.49114660902751e-05,4.25108196209645e-06,5.676417254358665e-07,0.000526326115611153,1.5068225299330809e-05,7.033527513624958e-05,4.1477412293571045e-08,0.3423496894612821,8.483518976840031e-10,7.308959792472024e-07,1.7266192453299428e-05,4.318342147456889e-06,4.4460255992725844e-08,0.00022732516357270314,2.6590475889404192e-05,1.1286032636327063e-06,0.13416360631280994,4.680352478147854e-06,5.6245643949985594e-05
70,2.1369563574728685e-08,0.00410064817375543,5.689622556450006e-07,0.3121822700962245,2.497909715502742e-06,9.20726935649332e-06,2.1740325524218575e-05,1.8411555035924452e-06,3.428726395570763e-07,0.0005969121627750939,3.2362937608982424e-05,4.206152453232343e-05,1.4855439598003683e-08,0.1802845864747655,6.176204317297209e-10,2.75020811300674e-07,1.3702198321794964e-05,1.4105162935915363e-06,1.4521887951632255e-07,0.00010545799226319737,8.236894997465433e-05,1.8794952230226186e-06,0.5024835875504832,1.2914264249261206e-05,2.3182086219982515e-05
71,6.17017302837635e-08,0.002852175047710314,1.2919082467763234e-06,0.5373114856027424,2.927660138804186e-06,6.233897443453422e-06,2.280775812456161e-05,4.204427466593243e-06,4.5267213594896416e-07,0.0004916037544307158,1.6224190082408258e-05,6.28671800775456e-05,3.901108385326933e-08,0.2957407153189796,7.152113386335954e-10,7.144780254654653e-07,1.529322552526312e-05,3.2635421966880922e-06,3.9250915876534186e-08,0.00025339996346930994,2.646721674035238e-05,9.402778209079688e-07,0.16313799301759707,5.286164548940794e-06,4.351201755544929e-05
