,0,1,2,3,4,5,6,7,8,9,10,11,12,13,14,15,16,17,18,19,20,21,22,23,24
0,0.011201994166654277,5.113839881641655e-06,0.0001784095180315034,3.9444432106311e-05,0.0008605646819689025,2.3571291104591253e-05,0.002767706993472264,3.7855736924948816e-07,1.158253071720826e-05,0.002635374621823688,0.00015802428195721391,0.00016280355861050892,8.603262826661619e-07,0.2783643508209773,9.796347514237741e-05,6.458095709721875e-06,0.0075844378392538325,5.051102629828646e-05,4.9176969124355443e-05,1.8570180652021957e-05,0.0006121017200177656,1.52754093104084e-05,0.3569945310981067,0.0732551800181876,0.26490561454723965
1,0.02681291018090401,5.215460073115114e-06,0.000447110520317746,7.759111816506227e-05,0.0015846838552473176,3.530090992987915e-05,0.003455313792419551,9.532765425658417e-07,3.18300701347929e-05,0.00720599714751619,0.00024137206428127757,0.00015641742721314553,2.3658775129429326e-06,0.2132117187010926,9.816933534689175e-05,1.4759601921438176e-05,0.01153431458708104,5.596230368467154e-05,0.000114071478254544,3.422132768434061e-05,0.0007549392710856668,1.639998278335102e-05,0.42725203308483295,0.09420988391878096,0.21264646470719387
2,0.013587373265720615,4.0695765943536815e-06,0.00021051159319238112,4.320426734092127e-05,0.0010813342903451847,1.6409121205229415e-05,0.0021133665026549565,6.156749463357697e-07,1.9195532509114964e-05,0.0039666930275865315,0.0002816031311051955,0.0001405721442463861,1.0856095122713464e-06,0.2669939110756634,0.00013846374352221826,5.071024068816347e-06,0.005651496647447047,4.684807765960657e-05,3.6342788742596164e-05,3.231927001704356e-05,0.0005476817783716771,9.060816002625984e-06,0.40598234346777456,0.04933161275872628,0.24975881481504458
3,0.01587992541527213,4.3058668631139305e-06,0.0002129608401348957,5.3111778647594664e-05,0.0009468078376938438,2.4922051839153053e-05,0.00310172109068413,5.535834900083079e-07,1.5095312752911326e-05,0.0037932574684117447,0.00017946393989348415,0.00014687171812627022,1.3478174821257758e-06,0.25377356164298664,9.141682044270456e-05,8.512498820326986e-06,0.009263019012696935,5.8457706584188464e-05,5.882030639216763e-05,2.4986840233270155e-05,0.0006427450319414459,1.3818132990933625e-05,0.40234789766498225,0.08448861097562264,0.22486780864501507
4,0.017023940898728985,4.08035855064243e-06,0.00021308960688719213,5.3571968166662915e-05,0.0009331628547006321,2.4987069558480134e-05,0.003133974627898313,5.620534751491544e-07,1.3550306514962004e-05,0.0037623194003945687,0.00017034279693322265,0.00014517387773082006,1.6193672710657224e-06,0.2738796366083519,8.463052678583438e-05,9.29696168532976e-06,0.009279214920319544,6.413939706395077e-05,6.314367844832488e-05,2.6898808007211743e-05,0.000616503525581935,1.2627840954742633e-05,0.3902185005425052,0.09451170851025431,0.20575332349323094
5,0.014901709312063732,4.641841576637526e-06,0.00017333925360523707,6.121205940617575e-05,0.0008347291185218431,2.6577763459757243e-05,0.002767006960440026,5.641095962750518e-07,1.3156734689520935e-05,0.0034579991158537574,0.00017861429984365325,0.0001334750519164436,1.4538572726282994e-06,0.2638414986828235,9.607632999627304e-05,9.046752865985431e-06,0.00905207889350675,7.849353387418386e-05,6.104596745625852e-05,2.6663308510669233e-05,0.0006469551319309007,1.3469974025574422e-05,0.41955864395016756,0.08518704206175166,0.1988745059348449
6,0.01587992541527213,4.3058668631139305e-06,0.0002129608401348957,5.3111778647594664e-05,0.0009468078376938438,2.4922051839153053e-05,0.00310172109068413,5.535834900083079e-07,1.5095312752911326e-05,0.0037932574684117447,0.00017946393989348415,0.00014687171812627022,1.3478174821257758e-06,0.25377356164298664,9.141682044270456e-05,8.512498820326986e-06,0.009263019012696935,5.8457706584188464e-05,5.882030639216763e-05,2.4986840233270155e-05,0.0006427450319414459,1.3818132990933625e-05,0.40234789766498225,0.08448861097562264,0.22486780864501507
7,0.06448723200318487,4.038099723260447e-06,0.000689077678657332,0.000109840046263054,0.0016567793143659013,2.2153787120844556e-05,0.006763353065158877,1.9520461554431112e-06,2.596455999918159e-05,0.011857958902942806,0.0003570027465074971,0.00020619241998346698,5.828718290911191e-06,0.2705562188812738,7.678481204811356e-05,1.6251487594602976e-05,0.015658955445921063,5.072293697593965e-05,0.00012292526853389257,5.090519347820209e-05,0.0004348309768663181,1.9851126488672093e-05,0.2600798160861895,0.1418198715167001,0.2249254928795763
8,0.014772216245508988,9.437145464479933e-05,7.05539257434886e-05,0.0003062045203679577,0.006628708819716147,0.0004415991508800221,0.004791095653892798,2.4275811538259266e-06,0.0001076081474054086,0.0020429040588518846,0.0009511706212224857,0.00015911412553261997,2.0313412715161385e-06,0.31462247626233114,0.0008315380533876818,6.784212509020701e-05,0.018925862464067595,0.00285697670697107,0.0011967669884906244,3.2310922039396725e-05,0.0009788639835567542,0.00013882225851980502,0.3672858211466336,0.026539889014851315,0.23615282442786892
9,0.01879124894271012,6.688258644802145e-06,0.00026029156133450227,7.514208030337729e-05,0.0015703997272345533,4.409916942302974e-05,0.0042016035754393576,7.563255687152678e-07,2.0934976949701343e-05,0.003950032086625952,0.00022762562754026754,0.0001844422174805158,1.9867747354966854e-06,0.2803986121463406,0.00010705706580325156,1.5689698685954837e-05,0.013104310304152966,0.0001068258242626777,0.00011620151806361605,3.052299930413376e-05,0.0007933984248830507,2.2906742751808077e-05,0.3669122786747574,0.08732462317977277,0.22173232209723145
10,0.01587992541527213,4.3058668631139305e-06,0.0002129608401348957,5.3111778647594664e-05,0.0009468078376938438,2.4922051839153053e-05,0.00310172109068413,5.535834900083079e-07,1.5095312752911326e-05,0.0037932574684117447,0.00017946393989348415,0.00014687171812627022,1.3478174821257758e-06,0.25377356164298664,9.141682044270456e-05,8.512498820326986e-06,0.009263019012696935,5.8457706584188464e-05,5.882030639216763e-05,2.4986840233270155e-05,0.0006427450319414459,1.3818132990933625e-05,0.40234789766498225,0.08448861097562264,0.22486780864501507
11,0.017986632701197647,4.165414980375885e-06,0.00023324632260219596,5.6684926145884784e-05,0.0009393600332935624,2.6170033027748425e-05,0.003391388984204244,6.744520230542379e-07,1.5585653664834514e-05,0.004319447000586954,0.0001794344893574813,0.00015837752632206706,1.7805040237079953e-06,0.2551905234885283,8.89964709064243e-05,9.906568548000739e-06,0.010132799669719349,6.363009985624083e-05,6.554829081315522e-05,2.806771780462396e-05,0.0006386604815083771,1.4224685514649328e-05,0.39762255105506145,0.09921938237410013,0.20961276105620943
12,0.0013423441043046206,6.212184495425639e-07,2.1161704975128234e-05,8.149683324165666e-06,0.0007055958201847869,6.7642313448674055e-06,0.0009371819557209357,1.595231481689267e-08,2.3649185848868783e-06,0.0004113332664477054,3.2549349362712e-05,3.5318281225415916e-05,1.6130148908324939e-07,0.36293330492669645,1.524049306016648e-05,1.0977769755713476e-06,0.0014545299426762393,2.7047828816765684e-05,4.306691838299318e-06,1.2746280723710258e-05,0.00022247948670194893,7.929648068809692e-07,0.44778007741845266,0.024721528159931803,0.1593232862415908
13,0.012637418004774848,1.0449475444643304e-06,0.00021260735057457557,3.876536901289053e-05,0.0004710023674416092,3.106947747809486e-06,0.0012336118911276544,5.199101352203374e-07,6.809046491957213e-06,0.0024633728633540316,0.0007739979792437426,0.00023577710438049462,9.586533403366553e-07,0.5491624691466596,0.00015508795147740513,4.023782579866215e-06,0.002836406211437935,3.522120548229269e-05,9.01286004525403e-06,3.7345212105052356e-05,0.000463980488334042,3.3168462874575422e-06,0.29644328472331116,0.018070457541894572,0.11470040159521591
14,0.016730681575846684,1.2215717627790572e-05,0.00033207880478335956,0.0001006851781830857,0.0019724429985343815,4.540542451800463e-05,0.0023630667918323137,6.058230842623342e-07,1.9016463714260928e-05,0.0038949423717059583,0.0003481659600519856,0.0001355364642353328,2.0987992847185064e-06,0.29039563025095677,0.00014213742885462683,1.4396367243529832e-05,0.008663839524561748,0.00012311629127629715,0.0001395020332829207,4.4124308644381184e-05,0.000775195559557052,1.9352080167571265e-05,0.4004166870770765,0.06535349498300881,0.20795558172196776
15,0.01587992541527213,4.3058668631139305e-06,0.0002129608401348957,5.3111778647594664e-05,0.0009468078376938438,2.4922051839153053e-05,0.00310172109068413,5.535834900083079e-07,1.5095312752911326e-05,0.0037932574684117447,0.00017946393989348415,0.00014687171812627022,1.3478174821257758e-06,0.25377356164298664,9.141682044270456e-05,8.512498820326986e-06,0.009263019012696935,5.8457706584188464e-05,5.882030639216763e-05,2.4986840233270155e-05,0.0006427450319414459,1.3818132990933625e-05,0.40234789766498225,0.08448861097562264,0.22486780864501507
16,0.016450056477925818,9.037362900915266e-06,0.00017026856248076813,4.22756655666889e-05,0.0010584827320825802,2.933241584218136e-05,0.0025735624687671004,6.090341659437405e-07,3.95974905886822e-05,0.004718974802497181,0.00011478212576505832,8.515686705766428e-05,7.647452208144323e-07,0.09726889147697007,7.970334463225075e-05,3.7557272481324773e-06,0.008273533417976738,2.270998310933285e-05,6.753497517025464e-05,1.2579639851125496e-05,0.00030548309375875836,2.1407843708620065e-05,0.3472444091408404,0.07022619149697264,0.45118089910890025
17,0.013824393940721907,8.509145445780785e-06,0.00023692406878712534,6.056459278518594e-05,0.001033067809721499,5.656903164474565e-05,0.0020540392346336564,6.586918095622172e-07,2.2827898640752334e-05,0.00583697428363175,0.00017491798026922253,0.00010578142374363664,1.5066985992232944e-06,0.16654406083790493,0.00014251748472314608,1.1756433913399666e-05,0.008999093592007795,9.255311197522746e-05,0.0001462879451363891,2.607047026741773e-05,0.0007657254495981985,1.8236824009925932e-05,0.5020528988171896,0.09932191287513996,0.19846215135769998
18,0.016331847868599658,4.543480580731756e-06,0.0002797724793846231,6.413316436709267e-05,0.0010671255491532456,3.0022276600692225e-05,0.003084706437478768,7.319994159101133e-07,1.7178143100164185e-05,0.004652735558449849,0.00020793064060481615,0.00017399591613515616,1.7982389764899003e-06,0.2660020368279049,0.0001097727073146669,1.1627905720776694e-05,0.008459396161158114,6.644009066500469e-05,6.9223587165852e-05,3.0881917750583914e-05,0.000770415898954474,1.3599501126792228e-05,0.42216020119619035,0.08915632539443841,0.18723355705876296
19,0.018836453293377263,3.297541917611009e-06,0.00040186795047213056,6.462668948365095e-05,0.001194863553601656,3.8259054016580184e-05,0.006730049862652137,1.0973846177105483e-06,2.3545896574182273e-05,0.008889441913614236,0.00016415824422386132,0.000272602589696764,2.6037572099590277e-06,0.18920842873641044,7.419856291704227e-05,1.2411712743411112e-05,0.013835556115425102,4.082961449667617e-05,6.257554173954429e-05,3.4533132869634386e-05,0.0007592088340474958,2.2287917902314587e-05,0.36816809826337127,0.14121014554698902,0.24994885828963032
20,0.01063771634719659,1.1221370398855205e-05,0.0002221577196887777,6.661305451401458e-05,0.0006131436636607717,3.507671728023789e-05,0.002151321236857043,1.0712927425093802e-06,1.776896770894983e-05,0.003634076862197225,0.00026027067286898904,0.0002824974963569618,1.1193199823473298e-06,0.23628725696731342,0.0002761775739282262,9.493527140471456e-06,0.008433862249937751,8.366275262029371e-05,6.402694452188025e-05,2.353500324203099e-05,0.0011108833256155218,3.359241029881143e-05,0.4201848953328186,0.0712496677600477,0.24430889143106194
21,0.01616898599804594,2.7881703594107034e-06,0.0001863399111322413,6.779400139008233e-05,0.0007706030587951395,1.3247181059952782e-05,0.0019525808906112705,4.3763281772961124e-07,9.27604262655333e-06,0.0026793640736368827,0.0003078893022969292,0.00015309074097061347,1.2645190747001575e-06,0.43834610527337153,9.832584091330023e-05,8.781916022122212e-06,0.005583950471384782,6.418053557175765e-05,3.817991575736248e-05,2.9987268397750852e-05,0.0005539408459865399,7.454975635776506e-06,0.3406703361393491,0.043934941105227894,0.14835015418956468
22,0.01647801202709146,2.627804543146523e-06,0.0002810534880271002,6.783915101898525e-05,0.0009129170456571371,1.857196022611515e-05,0.00293532976093556,5.083281577969212e-07,1.1939776679305358e-05,0.004704630686677061,0.0003329342842157359,0.00015807101172164495,1.582609696075662e-06,0.2762547871091016,8.619731504294075e-05,1.0109916173272123e-05,0.012958725501066286,7.70560638844799e-05,4.770641332563437e-05,3.950946377317045e-05,0.0008780339122314155,1.2908907010126083e-05,0.44565319631303146,0.06464901522376698,0.17342673592694544
23,0.01587992541527213,4.3058668631139305e-06,0.0002129608401348957,5.3111778647594664e-05,0.0009468078376938438,2.4922051839153053e-05,0.00310172109068413,5.535834900083079e-07,1.5095312752911326e-05,0.0037932574684117447,0.00017946393989348415,0.00014687171812627022,1.3478174821257758e-06,0.25377356164298664,9.141682044270456e-05,8.512498820326986e-06,0.009263019012696935,5.8457706584188464e-05,5.882030639216763e-05,2.4986840233270155e-05,0.0006427450319414459,1.3818132990933625e-05,0.40234789766498225,0.08448861097562264,0.22486780864501507
24,0.016405978306011985,4.7455681759255845e-06,0.00020770580230709628,7.3947987472828e-05,0.001137601608465233,2.4011932698261724e-05,0.002834227217439028,5.265084848371553e-07,1.3509532928984714e-05,0.0035114532731796333,0.00021779538143448346,0.00016279488585131145,1.5756243438876339e-06,0.3175098198868743,8.345448900199038e-05,9.240439909354459e-06,0.008558530873803677,6.593036018905268e-05,5.668619264183117e-05,3.070694970239756e-05,0.0005720107165707474,1.3710781444460824e-05,0.35479311549368725,0.0699445796304207,0.2237663405569607
25,0.026127419358311397,1.4813439756047253e-06,0.00025865985898782163,7.03422338636941e-05,0.000902562609183819,8.544639263097012e-06,0.004751456436991334,1.039118036194711e-06,1.1988181898181667e-05,0.005003142578496285,0.00046120558670907934,0.00022907373180538053,2.5730226728493698e-06,0.43472436718799623,8.32834562479692e-05,8.261777892475631e-06,0.00870971638901572,5.2739922892658716e-05,2.5145407707308585e-05,4.8328291791111166e-05,0.0003963138521408247,8.217737381934754e-06,0.2841860940235208,0.059058595356438544,0.17486944789677974
26,0.015155101828195065,2.8863519976526087e-06,0.0001412946871706271,3.326361476017576e-05,0.0007567966569168985,2.4893133905271708e-05,0.0026763687917441678,4.247708824161768e-07,1.979077531899768e-05,0.003789451127119949,8.31567993573618e-05,6.451332322473678e-05,1.3129917505344034e-06,0.1301576519261796,4.949284761653059e-05,6.174998119945574e-06,0.009901749087907825,5.034785256026031e-05,5.984642055757854e-05,1.7965504048505122e-05,0.00047594132481539,8.291958625432997e-06,0.5370762719037595,0.10771208738734911,0.19173492393611644
27,0.015128954835935555,8.390515359822704e-06,0.00017528887923149694,6.097135384318128e-05,0.0008573816970888354,2.9143755055443877e-05,0.002668295072397775,7.45012053268084e-07,2.368825681763497e-05,0.003942595136989393,0.0002101331847031558,0.0001590868346976855,9.60902335565502e-07,0.20435256220550116,0.00014217661603203936,6.742000649658269e-06,0.008433963866754749,5.052722275538408e-05,6.537419713261666e-05,1.8380126006915738e-05,0.0005178659407478499,2.4065908997255794e-05,0.36368780276465645,0.06432884900795033,0.3351060547063068
28,0.01587992541527213,4.3058668631139305e-06,0.0002129608401348957,5.3111778647594664e-05,0.0009468078376938438,2.4922051839153053e-05,0.00310172109068413,5.535834900083079e-07,1.5095312752911326e-05,0.0037932574684117447,0.00017946393989348415,0.00014687171812627022,1.3478174821257758e-06,0.25377356164298664,9.141682044270456e-05,8.512498820326986e-06,0.009263019012696935,5.8457706584188464e-05,5.882030639216763e-05,2.4986840233270155e-05,0.0006427450319414459,1.3818132990933625e-05,0.40234789766498225,0.08448861097562264,0.22486780864501507
29,0.01587992541527213,4.3058668631139305e-06,0.0002129608401348957,5.3111778647594664e-05,0.0009468078376938438,2.4922051839153053e-05,0.00310172109068413,5.535834900083079e-07,1.5095312752911326e-05,0.0037932574684117447,0.00017946393989348415,0.00014687171812627022,1.3478174821257758e-06,0.25377356164298664,9.141682044270456e-05,8.512498820326986e-06,0.009263019012696935,5.8457706584188464e-05,5.882030639216763e-05,2.4986840233270155e-05,0.0006427450319414459,1.3818132990933625e-05,0.40234789766498225,0.08448861097562264,0.22486780864501507
30,0.01587992541527213,4.3058668631139305e-06,0.0002129608401348957,5.3111778647594664e-05,0.0009468078376938438,2.4922051839153053e-05,0.00310172109068413,5.535834900083079e-07,1.5095312752911326e-05,0.0037932574684117447,0.00017946393989348415,0.00014687171812627022,1.3478174821257758e-06,0.25377356164298664,9.141682044270456e-05,8.512498820326986e-06,0.009263019012696935,5.8457706584188464e-05,5.882030639216763e-05,2.4986840233270155e-05,0.0006427450319414459,1.3818132990933625e-05,0.40234789766498225,0.08448861097562264,0.22486780864501507
31,0.03850143672539097,5.955216645604918e-06,0.0005072560891880584,7.152916488715982e-05,0.0010125392973964547,2.2006664267124473e-05,0.0037796106513196897,1.8487756238270777e-06,2.0079519035353073e-05,0.0046750344998273295,0.0002292635993590881,0.00022125691520819254,4.090638597934654e-06,0.2757302320180533,0.00011765154216815091,1.7162021436545446e-05,0.013982377346808714,7.990445985977012e-05,0.0001188024018660964,3.4400836692206325e-05,0.000812736627039091,1.838404619468289e-05,0.3433482709691154,0.1395924458601836,0.17709572411383573
32,0.01755025372383586,5.248656093133816e-06,0.00023168797642516512,5.572859956025114e-05,0.0009926986018827485,2.867103318399738e-05,0.0029725842868935557,5.967995429884845e-07,1.582676100057206e-05,0.003853191079706224,0.00017281071704163507,0.00014310824473850122,1.5762302915024438e-06,0.24688549315884975,9.311738590797972e-05,9.856061375624037e-06,0.0101163824698593,6.765914435886576e-05,7.848075106126482e-05,2.5354052383315277e-05,0.0006640945615278272,1.5356095257178627e-05,0.40213002538421,0.09541240770107912,0.21847779052393365
33,0.0019743292231670572,4.6190970749378424e-07,0.00012623423680309823,1.002921874940667e-05,0.0008034987215663706,1.5997420853755102e-06,0.0006636811028181139,1.3829643846092546e-07,4.039767048584814e-05,0.0024400957068706894,0.0013617669338384616,7.11779522206564e-05,3.202999771673246e-08,0.1511620329409482,0.00034531001566801933,2.3455505157728466e-07,0.00029212939479589614,2.043998762707821e-06,5.145281822736899e-07,1.531821049431615e-05,0.00039467554450740036,6.581168211300722e-07,0.5204766636230004,0.0010533408349067414,0.3187636354921127
34,0.000811286202247735,5.48749088741612e-06,7.314791363261624e-05,3.3605662106775325e-05,0.0003304479701318318,8.536392848729036e-05,0.002876007171434013,2.9537999737914585e-07,9.75727496070048e-06,0.0033129870856775873,5.382368368241818e-05,0.00027677766886774366,3.0191327047318965e-07,0.08749596873586103,0.00012067249879161625,4.458400592161338e-06,0.005699610539295984,3.530870249260572e-05,1.4040031242123537e-05,1.6754339016143313e-05,0.001116267469359184,3.304692131462513e-05,0.5133370541171272,0.0753109245098462,0.3089466043896771
35,0.0807634080068995,2.1729917808653508e-05,0.0003528519592418493,0.00014259160823245444,0.0015389669809153016,3.659056004331774e-05,0.004290505048478591,5.963121694499953e-06,0.00012336696754805765,0.0076238720965434575,0.0003832832810373143,0.00019069032015882917,3.2776146911500246e-06,0.13948421403692124,0.00022244971689737355,1.4791301032167004e-05,0.019362263765331057,7.440125231620148e-05,0.0002618277301801651,1.985920191069528e-05,0.00040601220764856303,6.630560797947806e-05,0.264576791692628,0.0776652496761599,0.4023687363277023
36,0.01781821060114527,3.961875348365659e-06,0.00015652846096066692,5.7070548074536494e-05,0.0006209524377584889,1.804522059302154e-05,0.005206970324834629,1.0632924841455132e-06,1.28632731358378e-05,0.0030653366182555692,0.0002211821215611026,0.00036154290955028336,1.5018849459675228e-06,0.3378016561580612,0.00010519669749682606,9.303508203058517e-06,0.01572391758082251,7.403902789447076e-05,4.6205779792633354e-05,2.1856036644555258e-05,0.0005121455728107079,3.154067409594472e-05,0.24946949626274792,0.08289736360766588,0.2857620495251164
37,0.013392081393839649,1.221760611239729e-06,0.00012807586476821386,3.053653651672865e-05,0.00048404074819683314,1.0106229997417119e-05,0.002608681232383474,1.9964185082964852e-07,3.516058130505441e-06,0.0016623612467556287,7.954228273660018e-05,0.00010831916554932654,1.349234477003867e-06,0.41508479053689673,3.152985649749772e-05,7.319086234714555e-06,0.006945854797910713,5.172670987292689e-05,2.948197621598506e-05,2.000837831304067e-05,0.0004669712716895968,4.39252272541212e-06,0.33508416229737736,0.10923963212290062,0.11452409904755195
38,0.012627257499676164,4.06117680023584e-06,0.0002162088275477882,5.116184093045625e-05,0.000746590927972419,3.9808444029871014e-05,0.0032789897568146816,5.217179656255109e-07,1.186731930000202e-05,0.0036709826073603458,0.00015156817740209967,0.00016873845694443583,1.5557502371715583e-06,0.24795911177008514,0.00010621230113213017,1.40124081572997e-05,0.00927296415532863,8.566840787774687e-05,8.025306155844934e-05,2.3319404331012094e-05,0.0009867832878499468,1.4890931288135875e-05,0.4634720973054545,0.10769037483659386,0.1493249996273618
39,0.012024927370933115,1.0138307661516098e-05,0.0005062562270938082,6.605900693294585e-05,0.000950860991012925,7.346786866324201e-05,0.0027347770351542023,1.1623042654932417e-06,1.998561278479669e-05,0.003932705946027642,0.00011315080041499878,0.00027573452474952413,2.1605649192791346e-06,0.1480743548518527,0.0001348648089610279,2.2468411223585375e-05,0.017876455424032905,8.901423639206856e-05,0.00014576630856868026,2.927231261550273e-05,0.0025261020922291047,3.5474962827767736e-05,0.4914978102840687,0.14707399737410437,0.1717830323725102
40,0.015026974829538292,4.387918744886225e-06,0.00015314628640906658,8.132565658483362e-05,0.0005865427109336152,4.8040462709891094e-05,0.0030249195953943606,1.0256166689954866e-06,2.4506280281557348e-05,0.008630488390577614,0.00015896868486905074,0.00010161445511032309,1.7695654318086687e-06,0.12099201412830195,0.00010464666209943608,1.1135178340813716e-05,0.012749734050895089,8.18109502133208e-05,8.566531201999681e-05,2.6472601930161503e-05,0.0006193141611825401,1.911013607415931e-05,0.5378628397479905,0.11497585504785754,0.18462769156984024
41,0.029722503001953678,1.4470930379742498e-05,0.0003400371547814381,0.00016484381610675747,0.0032006015829272342,3.884503427808422e-05,0.001700519187645037,1.7242681371035793e-06,5.345290674091531e-05,0.005303337703135667,0.000613818664170471,0.00012890612713520002,3.3385119711819226e-06,0.3912244235040045,0.0002400830415270278,2.0642367015084858e-05,0.0048697919207978104,0.00014532219212165485,0.00018225468410328942,5.460496913462301e-05,0.0004766528820789006,1.189094725430955e-05,0.35324068326699926,0.04135501491783122,0.1668922364177697
42,0.03208539002143275,4.6398665735455565e-05,0.0011385458865928147,0.00023313149354467987,0.0014587781211865636,0.00011205275718084735,0.0034402114765981805,4.681119821046825e-06,6.493743728862858e-05,0.008098931471843145,0.0003130555763021279,0.00043284722662738216,3.887339419532437e-06,0.13209765032040682,0.0002732607482501094,4.490750069960089e-05,0.03138024282932892,0.00010659079292649624,0.00048502000619850093,3.381208580322966e-05,0.0019896559842609725,0.00016876750469643542,0.36193731283724334,0.13748589774896253,0.28656403304764994
43,0.015117542472904128,4.495017635070522e-06,0.0002835066734901544,6.164040639474792e-05,0.0009948036737066133,4.233616324161421e-05,0.003502106318057577,7.687235414588697e-07,1.907755190544384e-05,0.005925167975891752,0.0001492043293032963,0.00016941125253966215,1.8394028270330882e-06,0.17774602333807415,9.482028306082949e-05,1.2164772127270072e-05,0.012528163437146668,6.635672204560241e-05,7.831402335441943e-05,3.0301652549099462e-05,0.0010341934947188974,1.8775746775164373e-05,0.47265567686301246,0.11892122788561844,0.1905420818200783
44,0.01587992541527213,4.3058668631139305e-06,0.0002129608401348957,5.3111778647594664e-05,0.0009468078376938438,2.4922051839153053e-05,0.00310172109068413,5.535834900083079e-07,1.5095312752911326e-05,0.0037932574684117447,0.00017946393989348415,0.00014687171812627022,1.3478174821257758e-06,0.25377356164298664,9.141682044270456e-05,8.512498820326986e-06,0.009263019012696935,5.8457706584188464e-05,5.882030639216763e-05,2.4986840233270155e-05,0.0006427450319414459,1.3818132990933625e-05,0.40234789766498225,0.08448861097562264,0.22486780864501507
45,0.02920559764658427,5.979221145464756e-06,0.0003437367607658873,8.619986054095026e-05,0.0010127367808747765,4.436834629781027e-05,0.007133215051368155,2.955132965131997e-06,2.6279350688433344e-05,0.008381305015717272,0.00023679568490471382,0.0002937026065809465,4.6109656522266405e-06,0.2683704318795921,0.00017236972732760197,2.3919270504596003e-05,0.013842630701745096,0.00011560237936112226,0.0001371347752784418,3.75415383066134e-05,0.0007074482267470937,3.0324344883671517e-05,0.31322013255899733,0.18267253468024403,0.17389244749292626
46,0.03758385486723684,2.851744469750257e-06,0.00040495743262079553,9.451555633289148e-05,0.0007476316828232455,3.938594235060455e-05,0.006680543949077537,9.906715375701145e-07,1.3142447977094887e-05,0.006876333978053319,0.00011484662392118256,0.00026862847532943844,3.7405801035432287e-06,0.13332491925932458,3.0909939514344454e-05,1.8936479949427646e-05,0.0608627051779768,5.728867782887996e-05,0.0001057702999143537,3.0079135484317377e-05,0.0012279791197813718,4.5183342062061196e-05,0.34051183999410206,0.20997853780603573,0.2009744268161924
47,0.054778487489511175,4.369685899451314e-06,0.0004443599625372696,9.944373808375543e-05,0.0008225979691091252,2.959413581564654e-05,0.005472254797958386,1.3280359906497498e-06,1.4119232480672498e-05,0.005797795020356516,0.00013768615787999164,0.0002266696935953943,4.621000553708037e-06,0.2233805744462929,5.1424271830475604e-05,2.380611203158444e-05,0.027792676256535025,6.892891700793794e-05,0.0001641106296076253,2.580404589102335e-05,0.0007831586852855319,3.0138873277156007e-05,0.2937340162461285,0.21916541072006135,0.16694662387627912
48,0.01679452773336516,4.454319076479727e-06,0.0002173539305134418,5.324617936211662e-05,0.0009402293587843373,2.6510625553920924e-05,0.0032360795971017346,5.822812193202321e-07,1.5304089370516068e-05,0.0039457606179444885,0.0001679317912254578,0.00014607622256746443,1.447869581981108e-06,0.24370132040778353,8.825940235387104e-05,8.973737393184003e-06,0.010128935880072626,6.03683241101655e-05,6.524378078563326e-05,2.4736994002065165e-05,0.0006467067721213195,1.4783325589211127e-05,0.40056842808324805,0.0940927673542056,0.2250499713226682
49,0.014157965894280288,7.896421394295506e-06,0.0003786210596235465,7.385718496270262e-05,0.0011285529917610313,4.723316892472586e-05,0.003797161500685313,8.983064785322985e-07,2.2333288945581282e-05,0.005313181546093989,0.0001820834282171542,0.0002646821646208305,1.727841011721856e-06,0.18476815611840078,0.00011473996736382163,1.2305289935350447e-05,0.013237683287446999,5.544338042862376e-05,8.403466614730392e-05,2.9917561086756783e-05,0.0010661535723678164,3.327192045041446e-05,0.4015485923787487,0.10294317853136008,0.2707303285292637
50,0.018133067092083743,3.413688856216222e-06,0.00021496003534272873,5.1790904955456224e-05,0.0009269842229371258,2.2257448351435023e-05,0.003615423845534812,5.983174858488105e-07,1.4257480128314127e-05,0.004238210295341639,0.00017875210183366708,0.00014956339599144506,1.5434065619154938e-06,0.2688491926127277,8.179866691961821e-05,8.495947163255346e-06,0.009646348827637046,5.555954345526347e-05,5.5042733687264154e-05,2.643275833546298e-05,0.0005715152058333553,1.252371247526125e-05,0.3797449681136244,0.09395880646687463,0.21943849317586234
51,0.018986577152890507,5.406799619656062e-08,0.00023139096384319435,5.8075301962835965e-06,0.0009111450027060585,6.888510857742873e-06,0.008010397658561307,1.279181916003377e-07,5.169511751811352e-06,0.00682907824201022,2.728239897952671e-05,7.656816519278571e-05,3.209199412292477e-06,0.21222677624818995,4.147430012927128e-06,5.4763180496378236e-06,0.01074400727886564,1.450000343960174e-05,1.7758940561996616e-05,2.7349505170792088e-05,0.0002467946042447343,7.732451398004561e-07,0.37911519546338196,0.28597081704194555,0.07653270759840783
52,0.02789578244923457,3.998425887499035e-06,0.0001800540560478472,0.00014083009699309858,0.0013160259297115486,7.420019463985563e-05,0.0026749724934255615,2.600465131158825e-06,3.2825986900316194e-05,0.026945472298024454,0.00048136855899990526,0.0001886472445241867,5.5556188026413285e-06,0.34243562348572654,0.00025828069730857145,1.8544691152984366e-05,0.0062992933238964445,0.0002292323743981154,0.0001720931330571981,8.232341488054222e-05,0.0004093575815056251,1.3788932717835129e-05,0.36055285720645125,0.1061961638750702,0.12339010746551232
53,0.0170874356095607,4.891084884444978e-06,0.0002232630140025266,5.564773456520915e-05,0.0009767877384023542,2.678922009849771e-05,0.0030464263957187673,6.01524981857709e-07,1.6062228965416298e-05,0.003916398759233018,0.00017979425752662323,0.00014855594069940499,1.4276054752114645e-06,0.2500455928186527,9.515053296045644e-05,9.028313445526537e-06,0.009710376204893244,6.097389596352735e-05,6.787678860730531e-05,2.4842286049071888e-05,0.0006479487136813419,1.5142152380401186e-05,0.39570382917183383,0.08835446528051394,0.22958069272690476
54,0.01070080723002332,1.2121767529121619e-05,8.680801467862935e-05,4.369738386151867e-05,0.0006053780808854729,2.1889423593700284e-05,0.0021261823178363747,3.8860638135726297e-07,1.4441837279119798e-05,0.0017314985209057306,0.00013261643601131161,0.0001145358304065201,4.1361578557459706e-07,0.2507310514657868,0.00013894254425167687,4.224810752724396e-06,0.0046815810555199495,3.676988377081944e-05,5.272218472638697e-05,8.296286187638546e-06,0.0002951140468493723,2.218710326556215e-05,0.25163839563872925,0.05039480692881489,0.42640512898616706
55,0.013317479999124037,2.54514001173485e-06,0.00017471553916562722,4.0708535273524016e-05,0.0009642765638253892,2.1772566584586154e-05,0.004902425021288152,9.387836990721806e-07,1.5222472899780093e-05,0.0033688507220857406,0.000143946479159905,0.00035887404021125524,2.2039119299302956e-06,0.37394546543437485,8.603739422628004e-05,1.0378867966404592e-05,0.007813372339988236,6.400072903768588e-05,3.968423980174662e-05,2.9110189876427695e-05,0.0004947846562614377,1.2356034996518583e-05,0.2911307775797532,0.09520410139190974,0.20785597136654874
56,0.017231595740873257,4.195759757842823e-06,0.00022689903096981005,5.705529331918697e-05,0.000954905474136817,2.6784872996583917e-05,0.0033264395272311086,6.479783622747707e-07,1.5447411174525976e-05,0.004226798965291803,0.00017825782687956663,0.00015738269155640073,1.7043074502813797e-06,0.2552287579958342,8.9241234574024e-05,9.699639631241664e-06,0.009945511829454733,6.388719075226143e-05,6.418905169557691e-05,2.804703543105592e-05,0.0006514062054170018,1.4172131542943634e-05,0.3994613065732801,0.09568402742712027,0.21235163880526725
57,0.016765355507972764,4.628149878298396e-06,0.0006601792564506496,5.918547324059571e-05,0.0016363741018938492,3.865372881929176e-05,0.004570292874312567,9.15909245237336e-07,2.1702674123153244e-05,0.006331479569354883,0.0001760161377379503,0.0003240987239760255,2.7903450745282e-06,0.22112791386684416,8.167932056698317e-05,1.6111557735021147e-05,0.014417397230329553,4.761915930717908e-05,8.21596361334146e-05,4.4727032465663364e-05,0.0012050819090833526,2.1625531522608933e-05,0.3849529139791125,0.12732894311021148,0.22008215521460836
58,0.015569491114046874,3.890470568767728e-06,0.00020622204913322884,4.60833027728476e-05,0.0008328772822087942,2.8128443724935673e-05,0.0032979621491370423,5.69672527737779e-07,1.3398165458263734e-05,0.004111476312374449,0.00012541190336405706,0.00014596928405648856,1.6751786902262906e-06,0.23072155261510507,7.63018716839177e-05,9.137686041070509e-06,0.0100537153254268,6.11257456529767e-05,6.499997279708101e-05,2.4794609978368715e-05,0.0006426944810811003,1.3469705531614552e-05,0.4108042970073943,0.12295945380706591,0.20018530184417815
59,0.01589214352170771,3.859137567791262e-06,0.00025147378125408464,4.821281241697961e-05,0.0009129893592164372,2.704442949830892e-05,0.0034564782008991873,5.863546048137914e-07,1.3686810267206214e-05,0.004106111334562214,0.00013632266543365227,0.00015281270832421233,1.759016544456273e-06,0.23212806105073402,7.56177376193352e-05,9.830697809444958e-06,0.010592778569347237,5.857669624946738e-05,6.425962809830841e-05,2.7534877570183762e-05,0.0007224276715251443,1.3523862540817857e-05,0.4148748531537578,0.11951774529714689,0.1969113106253043
60,0.01587992541527213,4.3058668631139305e-06,0.0002129608401348957,5.3111778647594664e-05,0.0009468078376938438,2.4922051839153053e-05,0.00310172109068413,5.535834900083079e-07,1.5095312752911326e-05,0.0037932574684117447,0.00017946393989348415,0.00014687171812627022,1.3478174821257758e-06,0.25377356164298664,9.141682044270456e-05,8.512498820326986e-06,0.009263019012696935,5.8457706584188464e-05,5.882030639216763e-05,2.4986840233270155e-05,0.0006427450319414459,1.3818132990933625e-05,0.40234789766498225,0.08448861097562264,0.22486780864501507
61,0.015783994458334435,3.9095330166413165e-06,0.00024711553998059237,4.575975409159631e-05,0.0009315656133174248,2.591085855000355e-05,0.003277468557828026,5.380473688260847e-07,1.4177205159201939e-05,0.003915456021337817,0.00014306723067150547,0.00015104068983373044,1.5538462143269498e-06,0.23507286558186108,7.76964269317717e-05,9.030674913531006e-06,0.010008309784250562,5.4138208266675704e-05,6.175516241108775e-05,2.537695609051685e-05,0.0007052160137530752,1.323984107355432e-05,0.41340030499698166,0.10679422284040187,0.20923628615736045
62,0.01587992541527213,4.3058668631139305e-06,0.0002129608401348957,5.3111778647594664e-05,0.0009468078376938438,2.4922051839153053e-05,0.00310172109068413,5.535834900083079e-07,1.5095312752911326e-05,0.0037932574684117447,0.00017946393989348415,0.00014687171812627022,1.3478174821257758e-06,0.25377356164298664,9.141682044270456e-05,8.512498820326986e-06,0.009263019012696935,5.8457706584188464e-05,5.882030639216763e-05,2.4986840233270155e-05,0.0006427450319414459,1.3818132990933625e-05,0.40234789766498225,0.08448861097562264,0.22486780864501507
63,0.015040545192973851,6.194604167222236e-06,0.00019906808309179427,5.518039864924997e-05,0.0009290378998426066,2.8350478320775184e-05,0.0027202942323067084,5.602273392066035e-07,1.6760124549827705e-05,0.0034307557229947276,0.00017928579735088202,0.0001377904187431928,1.2167329242777185e-06,0.23288663961549513,0.00010763493931356861,8.2896554308985e-06,0.008965076865854836,6.290879622917594e-05,6.816913587053657e-05,2.234516301078489e-05,0.0006540193948789431,1.6588110335722683e-05,0.409520266161786,0.07946485267318946,0.2454781695753506
64,0.012988629126609346,4.115523956598046e-06,0.0002745514075222252,4.773756133821693e-05,0.0009138609852684318,2.704673510703804e-05,0.0027641359017346735,4.6491063421038967e-07,1.3704475244016935e-05,0.003412112224270411,0.00015448317688319322,0.00016516602255422125,1.2630455890577824e-06,0.22063278753639134,8.543378901973199e-05,9.169143606840303e-06,0.010114787301185875,5.188078413798126e-05,5.375987758662906e-05,2.552967896803562e-05,0.00102849250107986,1.3949362412852458e-05,0.46120631677294904,0.08582122538920087,0.20018939676674938
65,0.029407857558346455,3.6728972245987694e-06,0.0002965099731930023,7.369514878136893e-05,0.0012104141458813417,2.3156016214716083e-05,0.004205710169601452,9.824811341408718e-07,2.147274734788822e-05,0.006290803483632466,0.0003000183064739605,0.0001811847123764022,2.2211295402444243e-06,0.29675865473246876,9.972665981905837e-05,1.140631546721212e-05,0.010728306160853655,6.0411655953290554e-05,7.466290822970214e-05,3.131963546356492e-05,0.0005239086267673189,1.5021389753965373e-05,0.3479510216290003,0.08633190336099102,0.21539595815548415
66,0.042072610112559514,1.0716495426169908e-06,0.0008603363179468502,6.021961561996321e-05,0.0032241716937970303,2.378838459055858e-05,0.009504117267936272,7.09982777585793e-07,1.8616504187697613e-05,0.009298924191646489,0.00016655861213529466,0.0001603958602863045,7.169098589199777e-06,0.26896340840350214,2.2769497955810136e-05,1.9431184308933378e-05,0.01680524541971259,4.074727916841087e-05,7.744601397639046e-05,7.44767715132943e-05,0.0006859743281712212,6.339556242730167e-06,0.34123630925740983,0.17276417603160882,0.13390498696481437
67,0.016070307277006698,4.302754251959087e-06,0.00021472994303103286,5.340323210936311e-05,0.0009543955415998234,2.4882278079358937e-05,0.0031195744064915643,5.600807768735652e-07,1.5216656128262443e-05,0.003825455980856597,0.0001809887760660131,0.00014755619046623233,1.3612440176778539e-06,0.25472145597624385,9.164710167948404e-05,8.563778167851561e-06,0.009278326177973455,5.8481732020875995e-05,5.911516189876241e-05,2.510322912971723e-05,0.0006413762347380679,1.3836488117796046e-05,0.4011885213126957,0.08458187943533212,0.22471895901112085
68,0.012213754177628901,4.244934036300826e-06,0.00020316329029710937,4.839108914589875e-05,0.0008974712818161224,2.8716471606634615e-05,0.0031660954623827994,5.614522405140882e-07,1.4245421473863507e-05,0.0037438461772082315,0.00016652040692925215,0.00017094571441406695,1.2486754037565019e-06,0.24189624461604173,0.00010299737390746288,8.124442553461368e-06,0.00885120957303619,6.066537646361372e-05,5.0953697021844056e-05,2.5916146943334363e-05,0.0007768071409550768,1.45831271244241e-05,0.4190797276760146,0.08533927490676856,0.22313429136858617
69,0.01573220368362844,4.29596782029101e-06,0.00021194142034775714,5.3175516669773756e-05,0.000945255922313978,2.4802821829264954e-05,0.0030777288075323045,5.51727013156941e-07,1.5149135997556476e-05,0.003794060511745224,0.00018185980390244814,0.00014644821135839244,1.3336653454586152e-06,0.2527493287763556,9.216745972163564e-05,8.410889676281436e-06,0.009215566996852909,5.843511078337334e-05,5.7992131943383875e-05,2.5103571244151682e-05,0.0006442802646061225,1.3773303189552759e-05,0.40445325303610813,0.08304699903991282,0.225445882224102
70,0.017223820615403528,4.433990995181115e-06,0.00016161534118596432,4.013844281153646e-05,0.0007314316750870976,2.003709178013944e-05,0.0027388644663676703,4.985989403591644e-07,1.1928821214105542e-05,0.002942368088675282,0.00013476817227972996,0.00013554897827300222,1.2534350945347895e-06,0.2582152755344268,8.198087358430567e-05,6.895924533118707e-06,0.009870368339532079,6.0953619873884085e-05,6.0386180295814446e-05,1.8541411504865408e-05,0.0005314117893966923,1.415047801934378e-05,0.37348853842732,0.10052267069228396,0.2329821190111209
71,0.0048523254447985515,9.785315168924795e-05,0.00030934017990603014,8.204409269885089e-05,0.0005057910113888987,4.1291724823518075e-05,0.00016084915646913264,2.856130025787459e-07,1.0230946814318129e-05,0.000644354100864181,0.0003937785739894451,0.00020991184538835143,2.8635470702407336e-07,0.27215265825869644,0.0007609738639684575,1.1222318076540072e-05,0.003621202151159672,0.00013062900910031864,0.00017782307019862937,1.0006824146194202e-05,0.0028328126092951465,4.283844048154776e-05,0.5021126810346029,0.017444257554484623,0.19339455266924932
72,0.02156441950829591,9.215045205456251e-07,0.0004161029173296704,6.855469870190435e-05,0.0014524194462774743,4.633838502147211e-05,0.019560297178769098,2.059795424612466e-06,1.1467766163186375e-05,0.005973133157950625,7.163634981274488e-05,0.0002675963625732889,1.1596554478064937e-05,0.2746628902650299,2.9916466939255317e-05,6.140902787149121e-05,0.01960420434024155,0.0001219906083859514,9.529623969129546e-05,6.357042837246492e-05,0.0008881774511870832,9.457812598657929e-06,0.2441413452216338,0.35550186606670664,0.05537333244602327
