,0,1,2,3,4,5,6,7,8,9,10,11,12,13,14,15,16,17,18,19,20,21,22,23,24
0,0.0010751989092047194,0.003779570416419398,0.0010890090301638202,0.0002649557694418934,0.038433049924640514,2.667686525515695e-07,1.1552881837796527e-06,2.0912383897962823e-05,0.0016162993112369794,6.449228903904428e-06,0.009532877694996441,0.003586229935366408,3.2299160541263568e-06,0.9269246716493624,6.148880171471831e-06,9.586060186491548e-08,0.0013420971681506464,8.990719381613554e-06,5.0206359526254554e-08,3.215680707755016e-07,0.00011182314081885086,5.7726461192841325e-05,0.0001842238266847221,0.0006051050632018068,0.01134954087884094
1,0.0008832939481190276,0.0032084103910693385,0.0012421020202030392,0.00026591480749511474,0.03727355615588971,2.8553855683688184e-07,1.2193065222015467e-06,1.9433186111841086e-05,0.002030289421695977,8.26992685899096e-06,0.007316958773274225,0.0028578711248939317,3.440928804330229e-06,0.9319185661381811,5.567476399545622e-06,1.1223220764372985e-07,0.0010495892158693758,1.0300526061728881e-05,5.912769718202591e-08,3.987248087936562e-07,0.0001271196902425182,4.7519386756142774e-05,0.00020038137330845375,0.0007525703260799748,0.010776770252892996
2,0.0007220572234704348,0.002965986237344674,0.0008832809181799543,0.00019014571282697387,0.03283997576519577,2.2305507183137562e-07,9.259918619363363e-07,1.873663178301642e-05,0.0015089243078148544,6.010922209542836e-06,0.007753322502215256,0.0027920968007400966,2.4260355345638966e-06,0.9377166217886395,5.891925257714617e-06,7.967444003577629e-08,0.0009396490333118701,6.848340534982975e-06,3.8592445091771254e-08,3.2276934037164175e-07,9.156847533527433e-05,4.8628856703746866e-05,0.00014565656032531442,0.00045639995144060335,0.010904181927976497
3,0.0010848546443740835,0.0038061984883854534,0.0010963821363069218,0.000267063326877969,0.03868753379707268,2.663129167364231e-07,1.160205015605652e-06,2.1012995563521584e-05,0.0016085285953643894,6.43777053641116e-06,0.009575952394930708,0.0036084191530265726,3.2507967720471404e-06,0.9265739266954003,6.1334724449518975e-06,9.61551590542624e-08,0.001356748410783648,9.030391619560185e-06,5.019557235172724e-08,3.217996371435011e-07,0.00011239846901594703,5.780454431353544e-05,0.00018458075598942465,0.0006069932635583193,0.011324855229362857
4,0.0010519304459994246,0.003671722954702003,0.0010854060926640192,0.00025190250146662525,0.03563871225491844,2.3300592814071286e-07,1.1392354512274017e-06,2.0961920386721103e-05,0.0015376924308815277,6.178989551242456e-06,0.00901654101994566,0.0034543759699915953,3.515047776523254e-06,0.9320009265880398,5.359804620262786e-06,8.853204228924686e-08,0.0012124221691811937,9.096371158973946e-06,4.807681190421164e-08,3.2532606166909104e-07,0.0001124712563337215,5.7921536709328303e-05,0.0001613887325533222,0.000572168691580073,0.010127471045244226
5,0.0011367703204672854,0.003565546725583291,0.0012331959104011417,0.00033405368864566004,0.042546600669767766,2.822121665041183e-07,1.2097680313147115e-06,2.0379895326335083e-05,0.0016737381227038273,7.244806245967901e-06,0.0088904144614152,0.0032318672448377723,3.630496155948335e-06,0.9253611916503363,5.366316241339897e-06,9.906498533294542e-08,0.0013422147685602415,1.226413032899627e-05,5.3511018866605094e-08,3.786761505617468e-07,0.0001247379880277194,4.829813854819565e-05,0.00023147853786119606,0.0007245144777374955,0.009504468418455463
6,0.0010848546443740835,0.0038061984883854534,0.0010963821363069218,0.000267063326877969,0.03868753379707268,2.663129167364231e-07,1.160205015605652e-06,2.1012995563521584e-05,0.0016085285953643894,6.43777053641116e-06,0.009575952394930708,0.0036084191530265726,3.2507967720471404e-06,0.9265739266954003,6.1334724449518975e-06,9.61551590542624e-08,0.001356748410783648,9.030391619560185e-06,5.019557235172724e-08,3.217996371435011e-07,0.00011239846901594703,5.780454431353544e-05,0.00018458075598942465,0.0006069932635583193,0.011324855229362857
7,0.0030254515056207265,0.004953237282192592,0.0016230106595305721,0.0003978806427349977,0.046148547888202475,2.651097728808826e-07,1.6121189725691187e-06,3.338772501410379e-05,0.0015285539713791585,6.05829659384706e-06,0.019489025040758487,0.005297392066776692,7.855497227044149e-06,0.9063061914454472,7.049973560895549e-06,8.216610535239675e-08,0.001554167078247805,1.4567510076162971e-05,7.032774694288368e-08,3.2697351679890773e-07,0.00014100671798663415,0.00010580249186670378,0.000136053030621118,0.000590348706276237,0.008632055773771906
8,0.0010235134728427977,0.005243906307717057,0.00023168972360009863,0.0003316838498152351,0.07834932310098323,3.858613748721353e-07,6.848381618073972e-06,7.179556318034726e-05,0.0020623773855544102,2.7824939510030783e-06,0.04826786962803144,0.009251012205542164,6.511249055164357e-06,0.8460209334910974,1.662706257479082e-05,6.537668079905718e-08,0.0009899107540885862,1.5761618540736785e-05,3.7738403119469446e-07,2.0241780003845127e-07,0.00025803752130895225,0.0003266396645510971,5.9677900686696177e-05,0.0001697822549326459,0.00729228533044104
9,0.015136134202157507,0.006310585528711894,0.0003626518988374081,0.0006634196422510511,0.24779967921250282,1.584324285717881e-06,2.8944297099298863e-05,0.00012187378860992238,0.0023360527399976963,7.432847537730186e-07,0.318763456151194,0.05833532058679475,1.5217143541706838e-05,0.33455379162404497,4.710770237177547e-05,8.182760182026796e-08,0.0041487537067336835,2.140037375490247e-05,3.1679821991586245e-07,1.4300318548915733e-07,0.0002118090218447382,0.0009501414884434306,0.00011072896997456703,0.0002247758002920019,0.009855286882795314
10,0.0010848546443740835,0.0038061984883854534,0.0010963821363069218,0.000267063326877969,0.03868753379707268,2.663129167364231e-07,1.160205015605652e-06,2.1012995563521584e-05,0.0016085285953643894,6.43777053641116e-06,0.009575952394930708,0.0036084191530265726,3.2507967720471404e-06,0.9265739266954003,6.1334724449518975e-06,9.61551590542624e-08,0.001356748410783648,9.030391619560185e-06,5.019557235172724e-08,3.217996371435011e-07,0.00011239846901594703,5.780454431353544e-05,0.00018458075598942465,0.0006069932635583193,0.011324855229362857
11,0.0011963865530269556,0.00396883595359759,0.0011785894106950126,0.00028309942379371495,0.039726737681347206,2.731159549340313e-07,1.2844577449050547e-06,2.2036336553092534e-05,0.001660371560861108,6.599335945023865e-06,0.00999065787627562,0.003843227638427335,3.871871131492066e-06,0.9243558029151712,6.236252531837227e-06,1.0368363048532729e-07,0.0014043924827268873,9.779733376935576e-06,5.444040295798745e-08,3.575517711087664e-07,0.00012020594223640894,6.271641126990882e-05,0.00018686412226828243,0.000666318281654859,0.011305196967604918
12,0.0017431060862442532,0.008793363752111153,0.0010091019295062399,0.0007505794694027404,0.02037958600098707,2.6471229075875146e-07,1.6011954647830151e-06,5.092244089562833e-05,0.001744370634415811,1.040806325368177e-05,0.010251880450552957,0.005686948619738739,7.268813977646974e-06,0.9372603669676695,1.2582359616001966e-05,1.9393301580622027e-07,0.0014963278497089737,1.3131565365476095e-05,1.52638808407658e-07,2.926748225102029e-07,9.532097804753917e-05,0.00013430379404752232,0.00013269050494540038,0.0005243366289863306,0.00990089793612475
13,0.0019157573334655177,0.0072225899346490844,0.0033867257976658164,0.0015409838139254983,0.08427726797383271,1.3139688841291442e-06,2.2546406457369e-06,1.6744054820068218e-05,0.0043604846700523985,3.131976379683944e-05,0.005378309882245477,0.0024797204160937306,6.661360324124853e-06,0.8677903856829468,8.531186973490698e-06,3.309036119859933e-07,0.0034858842367991925,2.9872083995572868e-05,1.4504945987576668e-07,9.263227971481267e-07,0.00022958582607698612,3.8764749348202775e-05,0.00168079726593356,0.0037057078765634225,0.012408935205092585
14,0.0012484214308674886,0.003121419050804513,0.0012965600046278378,0.00025523122323142084,0.032016252779926105,3.231983161289208e-07,1.2737976252230034e-06,2.390267505663194e-05,0.001822633944055683,6.400293174028845e-06,0.00869791614197697,0.00433436364872214,3.0301250754305714e-06,0.9302869451360739,7.4784408359381655e-06,1.2726592994598654e-07,0.0014009703385492727,8.62713058066872e-06,4.1810988381179814e-08,3.5915737984583367e-07,9.265967396006706e-05,5.7232449039464714e-05,0.0002159985805219859,0.0006328739949034138,0.014468957707777534
15,0.0010848546443740835,0.0038061984883854534,0.0010963821363069218,0.000267063326877969,0.03868753379707268,2.663129167364231e-07,1.160205015605652e-06,2.1012995563521584e-05,0.0016085285953643894,6.43777053641116e-06,0.009575952394930708,0.0036084191530265726,3.2507967720471404e-06,0.9265739266954003,6.1334724449518975e-06,9.61551590542624e-08,0.001356748410783648,9.030391619560185e-06,5.019557235172724e-08,3.217996371435011e-07,0.00011239846901594703,5.780454431353544e-05,0.00018458075598942465,0.0006069932635583193,0.011324855229362857
16,0.0010161305604763477,0.0036299895625060996,0.0019952507110768862,0.0003888424363778063,0.059380704198097954,3.590705628963843e-07,1.2327513315308498e-06,1.301156530285692e-05,0.002087778641078669,9.245099418382556e-06,0.006953806919973702,0.0025377825987135372,3.6697858835374023e-06,0.9067366090345155,4.792512026481125e-06,1.1717335271455554e-07,0.0017465969467098995,1.105337193077408e-05,4.588343535451249e-08,5.385639178035673e-07,0.00015002673637395779,3.0063262231494467e-05,0.00042036471952468257,0.0014632028616887423,0.011418785033492484
17,0.0006575189250984647,0.007656469295025784,0.0010327202975406599,0.000846269541719517,0.02122375749877025,6.914525000165826e-07,7.568945777698387e-07,3.137326660229979e-05,0.002343193462947724,3.7752817743461616e-05,0.006012950453475648,0.0021129710885761546,2.90345453452774e-06,0.9368760437645353,4.1610021478662236e-05,3.7587279242524305e-07,0.0014868086030806922,8.797859710152996e-06,2.051197694943777e-07,5.397620109872313e-07,6.895863608972062e-05,7.42649828599914e-05,0.0002982074574702072,0.0006366058461186713,0.01854825362497147
18,0.006238537627334567,0.007198169415971725,0.001874129574088456,0.0033716343441578343,0.1665973882983074,6.970147958333173e-07,2.730427050799133e-06,5.910395885644495e-05,0.003231566064461843,1.0048153720125775e-05,0.028530984846583913,0.004735961276515824,1.3654329662834494e-05,0.7713625183248066,9.612174998762182e-06,7.228390463378638e-08,0.0017777064208121221,4.389413193015965e-05,1.21780776273122e-07,4.543375721345422e-07,0.00012853003298750982,0.00010166312501758654,0.000357344856299439,0.0008903267899810116,0.0034631504094060814
19,0.0009581774913884096,0.004859447098348419,0.0010945898865492153,0.00039690074503303353,0.04459297156458897,3.8967675911629845e-07,1.439085428300857e-06,2.4143043819379714e-05,0.00211680301602766,9.218827124183234e-06,0.00789224553373369,0.0035534659981913915,3.949792046418491e-06,0.9213200168903853,7.417162621258362e-06,1.1750659919873911e-07,0.0013246933463083367,8.978660917707127e-06,5.897374188671833e-08,4.273538854923506e-07,9.809590703899631e-05,6.856750087442188e-05,0.00020539500334237093,0.0006168909817314096,0.010845598953515037
20,0.0008964477900473156,0.004085032849588495,0.0007504294686331698,0.0002619226852400583,0.02898368487328447,2.4894889284703074e-07,1.0350486739625192e-06,2.77800681893925e-05,0.0015402488946240735,6.970696624091978e-06,0.009649053496904283,0.003213792129288278,3.409240689338853e-06,0.9390458372938539,8.041682703044274e-06,8.450997961867903e-08,0.0010186826591327928,7.333726261391658e-06,6.155064956949608e-08,2.9552637232675124e-07,9.011063383652335e-05,9.143186173683708e-05,0.00011268070465498882,0.00036645530699187464,0.009838928353147371
21,0.0010623640480218407,0.003986780106925472,0.0010462332874859443,0.0002859511021457427,0.041244299013955904,3.018560212902663e-07,1.2271204139337508e-06,2.154899273119661e-05,0.001737599863425092,6.843922492832911e-06,0.009950928171915278,0.003598106731826923,3.2380766127011483e-06,0.9228116031778677,7.023486538716018e-06,9.867670178936582e-08,0.0013863822036969567,8.847718938687568e-06,5.588260266946693e-08,3.265532326484893e-07,0.00011238626121176434,6.240647415559169e-05,0.0001940934605681925,0.0006084380839084895,0.011862915726602892
22,0.0015523911849061915,0.003942706499766658,0.0014557295999562245,0.0002887343816659845,0.03585364041400671,2.482997305846299e-07,8.236306859431216e-07,2.7253454565965996e-05,0.0010051289329787005,7.446829782676145e-06,0.011699183299247405,0.0034333112005494972,3.252924985608903e-06,0.9285167769180366,5.100219363337917e-06,9.491345119986533e-08,0.0022009309873548375,1.1721684439323207e-05,4.8970526860573414e-08,2.906917005001316e-07,0.000135777717261514,6.287147481689719e-05,0.00018814172296123402,0.0005021146571240135,0.00910627939013527
23,0.0010848546443740835,0.0038061984883854534,0.0010963821363069218,0.000267063326877969,0.03868753379707268,2.663129167364231e-07,1.160205015605652e-06,2.1012995563521584e-05,0.0016085285953643894,6.43777053641116e-06,0.009575952394930708,0.0036084191530265726,3.2507967720471404e-06,0.9265739266954003,6.1334724449518975e-06,9.61551590542624e-08,0.001356748410783648,9.030391619560185e-06,5.019557235172724e-08,3.217996371435011e-07,0.00011239846901594703,5.780454431353544e-05,0.00018458075598942465,0.0006069932635583193,0.011324855229362857
24,0.0010218599533831983,0.0040406260396136555,0.0010411807575229134,0.0002876823534833592,0.03765409549943012,2.597179609517529e-07,1.1303733922335073e-06,2.133078238005788e-05,0.001567242183015472,6.756179447022951e-06,0.009095759619511059,0.003443597470486715,3.234784039882649e-06,0.9287851470669407,6.131474683086122e-06,9.599620268645298e-08,0.0013543678033011372,9.116655572297576e-06,5.320150286801708e-08,3.153720980796336e-07,0.00011101811707239597,5.80053259940002e-05,0.0001826196496193788,0.0005822911137960162,0.010726082509550912
25,0.0010636723154131198,0.002193423830859999,0.0007776647158185028,0.00019766359567766585,0.045411369419165425,1.6486508625877884e-07,1.206752498506254e-06,3.396598354126512e-05,0.0010707673623606686,3.0054217734508855e-06,0.015027698842835429,0.004333969915043096,2.625825382607762e-06,0.9217919035437364,3.287776106771837e-06,4.778861483604305e-08,0.0009232163420476917,1.1269509401954512e-05,3.219224454198018e-08,2.3455191515345162e-07,0.00011791935802736564,5.346670456310604e-05,0.00010556727167715325,0.00031578698607772943,0.006560069130131375
26,0.0017275960664413146,0.0029968084970194275,0.0024035790091116852,0.00038897854652360946,0.0609050940644957,3.8189232956846696e-07,1.3723122377878592e-06,1.3245950006866815e-05,0.0025673219008664114,8.133539281079153e-06,0.007587036937647851,0.003105333808006819,4.340992042489712e-06,0.9030150494806823,3.883705518316686e-06,1.232576930875964e-07,0.0016436561455255387,1.730278393432539e-05,4.04515054875933e-08,5.556374202751947e-07,0.0001512842480914546,2.9147736601905757e-05,0.0005226658776875033,0.0019049686586391074,0.011002098500689768
27,0.0011739137798422246,0.004309696942325248,0.0008765669983363993,0.00031555773122249347,0.03940842723284537,3.912975794690489e-07,1.4947766142598968e-06,2.8416113381775536e-05,0.002491719585411784,7.3889549875159805e-06,0.010391462362561141,0.004050049897183279,3.8113469967059148e-06,0.9223712493474102,9.063802159805107e-06,1.0429681191185897e-07,0.00105972736073487,8.76582869649736e-06,6.694618343761197e-08,3.442658267466145e-07,9.376545125123243e-05,9.54832253043894e-05,0.0001723901917081042,0.0005631131279998661,0.012567029136625303
28,0.0010848546443740835,0.0038061984883854534,0.0010963821363069218,0.000267063326877969,0.03868753379707268,2.663129167364231e-07,1.160205015605652e-06,2.1012995563521584e-05,0.0016085285953643894,6.43777053641116e-06,0.009575952394930708,0.0036084191530265726,3.2507967720471404e-06,0.9265739266954003,6.1334724449518975e-06,9.61551590542624e-08,0.001356748410783648,9.030391619560185e-06,5.019557235172724e-08,3.217996371435011e-07,0.00011239846901594703,5.780454431353544e-05,0.00018458075598942465,0.0006069932635583193,0.011324855229362857
29,0.0010848546443740835,0.0038061984883854534,0.0010963821363069218,0.000267063326877969,0.03868753379707268,2.663129167364231e-07,1.160205015605652e-06,2.1012995563521584e-05,0.0016085285953643894,6.43777053641116e-06,0.009575952394930708,0.0036084191530265726,3.2507967720471404e-06,0.9265739266954003,6.1334724449518975e-06,9.61551590542624e-08,0.001356748410783648,9.030391619560185e-06,5.019557235172724e-08,3.217996371435011e-07,0.00011239846901594703,5.780454431353544e-05,0.00018458075598942465,0.0006069932635583193,0.011324855229362857
30,0.0010848546443740835,0.0038061984883854534,0.0010963821363069218,0.000267063326877969,0.03868753379707268,2.663129167364231e-07,1.160205015605652e-06,2.1012995563521584e-05,0.0016085285953643894,6.43777053641116e-06,0.009575952394930708,0.0036084191530265726,3.2507967720471404e-06,0.9265739266954003,6.1334724449518975e-06,9.61551590542624e-08,0.001356748410783648,9.030391619560185e-06,5.019557235172724e-08,3.217996371435011e-07,0.00011239846901594703,5.780454431353544e-05,0.00018458075598942465,0.0006069932635583193,0.011324855229362857
31,0.0016986937475838943,0.004455272989506234,0.0015949395172629203,0.0003168529657103248,0.03164645375713006,2.528798094699538e-07,1.0650440589859859e-06,3.239611392061721e-05,0.0012813860086998586,7.176639844186826e-06,0.010193274140854566,0.004700063156032139,3.787554974431853e-06,0.930572542999161,5.174613630331021e-06,1.2651594430034687e-07,0.0018035318810133466,1.1434806026889292e-05,4.530258620320001e-08,3.0917283607376987e-07,0.00011365120281942857,6.383595193831027e-05,0.00017575327251981922,0.0005969981952194889,0.010724981570917272
32,0.0010898650457103261,0.004107446325267608,0.0010893938751842577,0.00030418633990520025,0.04070171778015757,3.028609203999871e-07,1.3056619259537632e-06,2.2429167291385878e-05,0.0017308865115290238,7.273811157115578e-06,0.009890017501268675,0.003655735115565944,3.5780434577471033e-06,0.923048568034771,7.194050985221903e-06,1.1152107459281008e-07,0.0014676993568140716,9.894757907516446e-06,6.51646025547698e-08,3.521473536097634e-07,0.0001249123492155822,6.405259469286981e-05,0.00020417029723688869,0.0006587789287525841,0.011810062757252429
33,0.0003296338093861809,0.0014638664875311683,0.001093083597566428,0.00011398766494605359,0.03641886507264652,3.8683551013572486e-07,6.160184438550117e-07,6.158221928389431e-06,0.0031367416163900924,1.0064106064101445e-05,0.0036210631493997325,0.0009153638968005626,1.065394327194834e-06,0.9357642393111444,7.3924568058835924e-06,6.029521873494481e-08,0.000458222039087444,4.056627729442204e-06,2.6111926248937506e-08,4.2267472235591386e-07,7.398515776541208e-05,1.6919799004083763e-05,0.0002961501700679245,0.0006718569500511204,0.01559577253553672
34,5.207810648244375e-05,0.00411567319279735,0.0003353404778352679,6.0067284491247054e-05,0.008070788214267623,1.2184562572219107e-07,2.212112366048266e-07,9.58396269751919e-06,0.0005105432345353923,8.292902322947127e-06,0.0013873467953419423,0.0014993800474110525,3.86192624015938e-07,0.9699709762690192,1.9264052988162554e-06,7.908623231873337e-08,0.0009867306833766449,1.1189874625012324e-06,1.122553451480889e-08,1.8086270911969592e-07,3.616106263498595e-05,2.0070175308879727e-05,8.632031127474036e-05,0.0001721023001983655,0.012674499163281032
35,0.004751225189958318,0.005777916429294814,0.0015271372830315798,0.0005318461929033967,0.03384848821946524,4.423524899179587e-07,1.968988233207971e-06,6.142594043133143e-05,0.002438893139376343,8.391206071996635e-06,0.01669115626930258,0.008903703018795037,7.700685784390425e-06,0.9117648986870348,6.128208691782461e-06,1.8343107804580176e-07,0.0019487438806827808,2.9249285722021757e-05,1.0571581721721256e-07,2.8422875429622143e-07,0.00013616006438364688,0.0001620746447761326,0.00020898672075140632,0.0008306200050908724,0.010362270212078842
36,0.001061218986437698,0.003843050383419419,0.0010606572078838928,0.00026672861861384075,0.035390496496896684,2.599046443254776e-07,1.1257847916265923e-06,2.1856351632726214e-05,0.0015678762152307746,6.56387057570431e-06,0.009107108975917171,0.003605021615284775,3.2013536164993313e-06,0.9307601712685698,6.082043579072747e-06,9.80927101144173e-08,0.0013502559037763893,8.982571996317104e-06,5.0414870924211754e-08,3.129614951544685e-07,0.00010762027325267407,5.964033035897496e-05,0.0001766838994899056,0.0005653904769297103,0.011029545998025813
37,0.00190305500426448,0.003056116702470594,0.00186974028169832,0.00022544881478718258,0.04461006148402185,2.0248154228134015e-07,1.2907589717735784e-06,1.5691870477345803e-05,0.0016865998982169765,5.092697189619256e-06,0.009730706139667037,0.003728043792746433,4.952939551705154e-06,0.9210922193732378,3.1872517086748e-06,7.888809788784546e-08,0.0012432597928355197,1.3127382884422594e-05,3.453454651676899e-08,3.6453322995868423e-07,0.00014512116518713858,4.3119189343082064e-05,0.0002017169547570339,0.0009875807688134158,0.009433187299752994
38,0.0021456374249994763,0.004845542308762475,0.0018123952730007347,0.0005382748017710069,0.04637653308494118,6.189320640447217e-07,2.4474139763875815e-06,3.335258223340597e-05,0.0024023377149450455,1.1712664658824582e-05,0.012275549390463006,0.0050863522279004465,6.6942606119856185e-06,0.905666224633746,1.2899992475929016e-05,2.4767958667774027e-07,0.0023565155728329777,1.898904495022659e-05,1.3510170497493238e-07,5.71255274330509e-07,0.00019036297021345967,9.523786219135626e-05,0.000356152956486449,0.0011125130218395541,0.01465270182836994
39,0.0017152329716816008,0.004077504931402659,0.0014332778728960447,0.0003185882083139314,0.03714740308782678,4.253230512034964e-07,1.842979211516035e-06,5.35629578375019e-05,0.0014848076890969027,7.084859753203016e-06,0.01434652293602076,0.007416678214728012,4.126623038224215e-06,0.9138532176626876,7.5725082267833665e-06,1.9634715595043395e-07,0.002297074205076076,1.2268301444217939e-05,6.894628000470452e-08,3.6503961086891367e-07,0.00015298203687406128,0.0001027729391626354,0.0001972433011303549,0.000621021242788312,0.014748158814704893
40,0.0008006178681319022,0.0037564898973360228,0.0008876136990840663,0.00038841652373507266,0.03923048500662167,2.6784088741708986e-07,1.1328627613504492e-06,2.055079850303132e-05,0.0018464600886691205,8.535856344838308e-06,0.00780910067891595,0.00252812407085775,3.0738970724443195e-06,0.9312714841392898,5.955474582697903e-06,1.024726007291986e-07,0.0011503357117478746,1.2771417030940453e-05,8.231699489311706e-08,3.3071246235670094e-07,0.0001330428327182087,4.6322091910390216e-05,0.00024803335797282834,0.0007549253967988782,0.009095744986969802
41,0.0013589089326942532,0.0039516762559482065,0.0011561146569802905,0.0003987934243741253,0.057422468813363006,4.24189056005001e-07,1.39710070233092e-06,2.4959667622484924e-05,0.002321178313649508,7.696821027646074e-06,0.011411596792677727,0.0035738212244379487,3.4027831877179993e-06,0.9047025481643411,9.082989574628884e-06,9.360415994928836e-08,0.0012852124141354726,1.0120319584621365e-05,5.5846059337468155e-08,3.641256623295427e-07,9.882719934691557e-05,6.429272980613682e-05,0.00023437208491139126,0.000611623696592888,0.011350967850103652
42,0.0014388361965551964,0.0064546978869657245,0.001053034507726656,0.00040117486310156685,0.03996079901692826,4.2343509006213645e-07,1.8653704862107882e-06,4.106726049985027e-05,0.0019544612642135232,9.108304720126688e-06,0.01297037682094258,0.005624280543286931,5.646524657538122e-06,0.913112905045907,1.0933620607368347e-05,1.78012478437515e-07,0.0021764021818198487,9.741049655467233e-06,1.144231338934096e-07,3.80653726146791e-07,0.0001389823296948314,0.00015857940706231344,0.0001626444368499659,0.0006108785070669013,0.013702488336823542
43,0.0007479165172570405,0.0031801912212935947,0.0010146670540137428,0.0003269321931345155,0.03914749720364641,5.141884270461216e-07,1.0873647811911463e-06,2.6258257046119075e-05,0.0021190993877577232,1.2636622799662349e-05,0.007944773753092247,0.002234914572152313,2.6798065512352773e-06,0.9303617261125608,8.68564752829547e-06,1.1656789538319917e-07,0.0011669683243563638,1.0239532389724921e-05,7.736040270048636e-08,4.270590957824309e-07,0.00012538440961452763,6.295410370048923e-05,0.0002487097294284363,0.0005682462961299953,0.010687296714944753
44,0.0010848546443740835,0.0038061984883854534,0.0010963821363069218,0.000267063326877969,0.03868753379707268,2.663129167364231e-07,1.160205015605652e-06,2.1012995563521584e-05,0.0016085285953643894,6.43777053641116e-06,0.009575952394930708,0.0036084191530265726,3.2507967720471404e-06,0.9265739266954003,6.1334724449518975e-06,9.61551590542624e-08,0.001356748410783648,9.030391619560185e-06,5.019557235172724e-08,3.217996371435011e-07,0.00011239846901594703,5.780454431353544e-05,0.00018458075598942465,0.0006069932635583193,0.011324855229362857
45,0.0018256110681869424,0.004896631809878682,0.001100587489210182,0.000894847241653784,0.08959538989694747,8.805486826864331e-07,4.329574292277789e-06,5.331904942897237e-05,0.004488452942468472,9.822297523470994e-06,0.017086509671399405,0.0059650884313746134,7.859387690898853e-06,0.8582304297751862,2.3714178243356002e-05,1.913730026595727e-07,0.0012766088908695418,1.594558999227003e-05,1.601165877655117e-07,6.926997903974161e-07,0.000123578146213851,0.00014156474165967137,0.00026692705833620655,0.0008077074034647313,0.013183150617915673
46,0.00475401466754221,0.012833469550275957,0.0019259724163221564,0.0007051739793108106,0.05650158223693837,5.995752068931666e-07,2.5793415537174393e-06,5.799333929095612e-05,0.0012721874617741401,7.761453482345571e-06,0.025210236751279036,0.01499813853138267,8.449674075717602e-06,0.8505060514250034,1.3962763292912872e-05,2.992766920903743e-07,0.009206885887106409,1.2654839901699045e-05,1.0611647236049859e-07,3.596421323790048e-07,0.0001667761484292754,0.00023695419658414447,0.0003011791971369173,0.00087103383292181,0.020405577695891877
47,0.0029908889426340478,0.010793873548672922,0.0013836186871998546,0.0003152271474944309,0.036600232626536874,3.7208638919032716e-07,2.3004215499709676e-06,3.877079889198093e-05,0.0019122519682658267,6.9878474276041475e-06,0.01733796577674503,0.012216147424467562,8.365734074081811e-06,0.890108465064077,1.0509231991507407e-05,2.378227724561371e-07,0.003042920508026742,9.481031533584874e-06,9.011894568218595e-08,3.567125231376475e-07,0.0001200276652536606,0.00020938076878407403,0.00014905218588885715,0.000859735437185846,0.0218827404426681
48,0.0010547889755171999,0.003115838772343554,0.0011215761304655604,0.00023540334943442234,0.04166491220824402,2.5837228991279203e-07,1.2026154889785484e-06,1.870992886500312e-05,0.001741259546602192,5.680767355393593e-06,0.00980479508110522,0.0035382128508503773,3.1820265743490443e-06,0.923924587982702,5.819628305974529e-06,8.823309167001417e-08,0.0011510829642610591,8.990963509281336e-06,4.466321665907887e-08,3.4012576236812157e-07,0.00011326361009781286,5.04039166617838e-05,0.00018509406725279677,0.0006604427829842024,0.011594020437017972
49,0.0013492876183325484,0.003681694172637755,0.0014494875700572956,0.0002577016680269011,0.04140297243047133,3.2590994802717923e-07,1.3306680000864621e-06,2.3809540557113355e-05,0.0016565214630336804,6.142109341121632e-06,0.01042842085704449,0.004854284808740425,3.6201440183063744e-06,0.9201418235989769,5.146674916445558e-06,1.0889396474310716e-07,0.001555395687377813,9.66555266032634e-06,3.855738469554109e-08,3.7035546501119063e-07,0.00011427739117288524,5.826204920577735e-05,0.00019956980411593402,0.0006846694308694365,0.01211507304368102
50,0.001032337451013544,0.0037624997111716067,0.0010588170642207822,0.00025992316848680075,0.0372560426162251,2.593415811137484e-07,1.1411184460627585e-06,2.1176946547223917e-05,0.0015975939595151353,6.520466093567954e-06,0.00925585247204794,0.0034611585963616907,3.2015466386759058e-06,0.9290954668472957,6.019084435315528e-06,9.275373047924317e-08,0.0012836045290461867,8.814041015445749e-06,5.0461518235088486e-08,3.147560786095158e-07,0.00011090354252495423,5.816923800560794e-05,0.00017483321987147148,0.0005722965986780064,0.010972910469450762
51,0.001961575049855839,0.0010733190836419901,0.002766223957810243,0.00015366417519513027,0.12246566828178945,6.423494816617952e-07,2.7107888251914544e-06,9.124313247148426e-06,0.003345126874062859,4.6309862781978286e-06,0.016559660991384614,0.0038844077340008656,3.611730885385935e-06,0.8146113608825275,6.867167030144708e-06,1.4958907963761202e-07,0.002251855618666544,1.5798618887889094e-05,5.3081551898792766e-08,7.132276027092052e-07,0.0003561090364455777,3.0126719764181693e-05,0.0008363849139441774,0.0035575786624745223,0.026102636165566462
52,0.0011845983304847394,0.0028193944733178535,0.0009578449874124913,0.0005017745490068416,0.01992621832213486,3.4939901439784795e-07,5.531619456863253e-07,3.398911599648761e-05,0.0019371296315901724,2.1310269312553145e-05,0.006947973259165603,0.001465958453519619,4.019715056854099e-06,0.9572889381589966,8.764977687714078e-06,1.2602429675777342e-07,0.0007350815854949954,2.471874004865298e-05,1.0717013089342118e-07,5.026356610261771e-07,7.934854487381202e-05,7.194911237571911e-05,0.00018429188089204708,0.0004567485055237723,0.005348308996059794
53,0.001126926212316078,0.0030984091654983974,0.0009526692400677636,0.0002507737609389957,0.043535533018561,3.513760839068138e-07,2.1046476426706353e-06,2.3335521761597163e-05,0.002147080655742177,4.313756326405891e-06,0.011377374559352017,0.005727590218211172,3.0253483392314113e-06,0.91443957954474,7.974596651888214e-06,1.0229252597643102e-07,0.001178127181992021,8.772189434095121e-06,4.767801900228925e-08,3.200338070937512e-07,0.00010484345477345967,5.762841141536607e-05,0.0002172189842552538,0.0006212885381818371,0.015114609613362614
54,0.00044037439054659305,0.003902943463731251,0.000676113719064235,9.895841323174449e-05,0.017486818662173383,1.4417618567682818e-07,7.142278544777803e-07,1.4438966118997501e-05,0.0013126458337932702,5.487107142709394e-06,0.004913889399967048,0.003225933519718569,1.7511478577935838e-06,0.9502757895344994,5.451350044983591e-06,9.393249116677472e-08,0.0008008342137727586,3.238351527562392e-06,2.8749964461680457e-08,2.369409356650448e-07,5.956277481788722e-05,4.775554670470838e-05,8.708459072410663e-05,0.0003531880015128861,0.01628652298561845
55,0.002072145646447278,0.0035748027871336315,0.0013409847256219552,0.0003128442591027164,0.07282271329351736,4.010244237320477e-07,3.7205717044993724e-06,2.289966641789799e-05,0.0034073943762217215,3.531150918081857e-06,0.015527292428663275,0.010148468775439281,5.798045783440771e-06,0.8716069163439426,5.5813641801114455e-06,1.1779655682504744e-07,0.001164217939197029,1.3993011154025204e-05,5.1806047126478436e-08,3.903970006779088e-07,0.00013387779091554212,6.201800410629986e-05,0.00026190739863538384,0.001303141375103805,0.01620479002176583
56,0.0011396587657541838,0.003896776236641736,0.0011177830608881415,0.0002706952440689223,0.03847318703197957,2.6965283742622047e-07,1.2182069894025165e-06,2.1743546584781655e-05,0.0016302282481238301,6.45523513027243e-06,0.00979282643442931,0.003755170663270175,3.509060983092263e-06,0.9262580442739163,6.12252816503842e-06,9.833626542028033e-08,0.0013667734238689262,9.35836216466605e-06,5.188354667923273e-08,3.324221909383795e-07,0.00011494915781740197,6.104293638071083e-05,0.00018304772430569188,0.0006203383326496193,0.011270319231047895
57,0.0009285007814253958,0.005290575117221651,0.0010736281443414907,0.00025430169047970517,0.034543967179163394,2.2272303477040534e-07,1.3821855511562256e-06,2.2670357076567928e-05,0.0014890699945599572,7.4029466689642735e-06,0.009487926747677292,0.004166480215714767,4.641124483609145e-06,0.9274847964864358,6.3102106671989155e-06,1.3508397107668078e-07,0.0015663612166309693,8.630030920541933e-06,8.511362053712488e-08,3.502099792723399e-07,0.00015359812221426618,7.850615880632792e-05,0.000140228061179399,0.0006903450095841045,0.012599885088591731
58,0.0011253761043232403,0.0038529561731566585,0.0012553055041898084,0.00028011103842842157,0.04572976745089261,3.0897669244582385e-07,1.4599508297305026e-06,1.8910714582643827e-05,0.0019939963161392203,6.915135857432688e-06,0.009620698196244212,0.0037970412002682375,4.032562022951422e-06,0.9168137640579455,6.25356118484074e-06,1.1643120149903491e-07,0.0013842158434653157,1.0225943047378599e-05,5.8081245175071874e-08,4.2230614141890857e-07,0.00013407167281964755,5.5797660984400265e-05,0.00023123690549417127,0.0009122003282292474,0.012764757884613745
59,0.0010123185022409256,0.0036254426028736885,0.0012778411457361073,0.00025205734253584526,0.04189413001955362,2.6536861757184514e-07,1.2049119690055002e-06,1.745050077110306e-05,0.001694348065434898,6.735348347572817e-06,0.008544190557980953,0.0033477423960748013,3.4916384170811518e-06,0.92400859116417,5.199735985857303e-06,1.0454330128729741e-07,0.0013805331343645624,9.416174674713547e-06,4.792504720863307e-08,3.8730336730409517e-07,0.00013038142762143435,4.794600979508227e-05,0.00021618409416147347,0.0008202403781710557,0.011703749708786581
60,0.0010848546443740835,0.0038061984883854534,0.0010963821363069218,0.000267063326877969,0.03868753379707268,2.663129167364231e-07,1.160205015605652e-06,2.1012995563521584e-05,0.0016085285953643894,6.43777053641116e-06,0.009575952394930708,0.0036084191530265726,3.2507967720471404e-06,0.9265739266954003,6.1334724449518975e-06,9.61551590542624e-08,0.001356748410783648,9.030391619560185e-06,5.019557235172724e-08,3.217996371435011e-07,0.00011239846901594703,5.780454431353544e-05,0.00018458075598942465,0.0006069932635583193,0.011324855229362857
61,0.0010844237002179684,0.003405807367745414,0.0013562060338228427,0.0002476475222783853,0.04334659288699176,2.690143804119535e-07,1.2480655213617184e-06,1.7305407220966194e-05,0.0018029090910882852,6.614927723081432e-06,0.008805901717759163,0.003362182780847507,3.6387904428684333e-06,0.9223534801192387,5.017314257951037e-06,1.0145796901270167e-07,0.00129632578848903,9.876860619687059e-06,4.706812092134036e-08,3.925651399022858e-07,0.0001335032503772748,4.683860875947959e-05,0.00021732408335304378,0.0008678551071605966,0.011628490470474272
62,0.0010848546443740835,0.0038061984883854534,0.0010963821363069218,0.000267063326877969,0.03868753379707268,2.663129167364231e-07,1.160205015605652e-06,2.1012995563521584e-05,0.0016085285953643894,6.43777053641116e-06,0.009575952394930708,0.0036084191530265726,3.2507967720471404e-06,0.9265739266954003,6.1334724449518975e-06,9.61551590542624e-08,0.001356748410783648,9.030391619560185e-06,5.019557235172724e-08,3.217996371435011e-07,0.00011239846901594703,5.780454431353544e-05,0.00018458075598942465,0.0006069932635583193,0.011324855229362857
63,0.0010361876382205522,0.0044880993644441135,0.0010456005172735034,0.0002767562127050457,0.03657421187784982,2.647759330356641e-07,1.1461504429346803e-06,2.137009197611921e-05,0.00156956554617905,6.938070273306475e-06,0.009305454744592354,0.0036987223799785154,3.3495227900140063e-06,0.9277389991183381,6.554418806942038e-06,1.0486811452166737e-07,0.0014540774214043476,8.63766769384772e-06,5.5436569372595136e-08,3.2345177805123527e-07,0.00011057436030574562,6.27134795426258e-05,0.00018042634276101821,0.0006045517776386235,0.011805314764388567
64,0.0009583261671435991,0.0035724633420768934,0.0011406629034769764,0.00023834006382905575,0.0386864694325157,2.3416580024329338e-07,1.1738728217937974e-06,1.8358321398463456e-05,0.0014714812083840123,6.2158772148554175e-06,0.008853054006665355,0.0032840352595193013,3.287261348081593e-06,0.9284290210810594,5.25921724551709e-06,9.507352026453687e-08,0.001369560089018803,9.115795680099345e-06,5.272249135571465e-08,3.2483598598067535e-07,0.00013870466313238136,5.0996269245251444e-05,0.00018382491370564865,0.0006552088142873966,0.010923734642433734
65,0.0018491904071414333,0.004506604080488893,0.0011942111081710487,0.000534394662576414,0.06537415258536658,5.452154634336904e-07,2.0860400613538916e-06,3.325782840308279e-05,0.002080197458274999,7.581946304418065e-06,0.017211626390077228,0.005338924120911593,4.423825074687727e-06,0.8850081116013149,1.1965283137853894e-05,1.4114299000810102e-07,0.002240124920638091,1.505673475931018e-05,1.023763431716267e-07,3.7600416504837665e-07,0.00015605571565200253,9.016024428008943e-05,0.0003103955886108607,0.0007788945256898508,0.013251420194103357
66,0.0012516333927422014,0.0028758839887655066,0.001311494898965289,0.00022268690657569813,0.0387234396435513,1.8686346729540006e-07,1.0749051148568695e-06,2.175028715724521e-05,0.0013937427618033462,5.291646332249385e-06,0.009989469732461455,0.003294665126673549,3.890838883099171e-06,0.9312099303106647,3.95913757678475e-06,6.832718937121356e-08,0.0009903266735325944,1.0164609045397827e-05,3.606988292064549e-08,3.2615898266985294e-07,0.00011549817849574878,5.0410371313102193e-05,0.00012510086528782905,0.0005157885153749106,0.007883179790160923
67,0.0006616580153306487,0.0011419951672233582,0.003003126333939357,0.0002492887648636131,0.02280190042933366,1.389265134302037e-07,3.4612436721532334e-07,7.4435332273744024e-06,0.0005731482963133077,9.052541895533609e-06,0.0030571308230524694,0.0008226769255683224,1.8984687645048372e-06,0.9600697410524912,1.3074024406994416e-06,6.61966482925171e-08,0.0014921147590229473,1.7683098704167794e-05,1.8292235174373192e-08,4.800583813471361e-07,0.00018208242860451497,6.955836423715481e-06,0.0005164202554720038,0.0009584630173470349,0.004424863251835938
68,0.00018125919271807822,0.0005511785755028285,0.0011017377120163862,5.328896927426979e-05,0.024551103729440544,1.0907884482202271e-07,4.6127166100809434e-07,2.470605004844725e-06,0.0017372890924222959,2.792411534057355e-06,0.0019097665830082595,0.0010143298013993427,9.252074092778311e-07,0.9604675759465868,9.530260537359901e-07,2.0202007670188413e-08,0.00019165207953535218,3.3139232752112877e-06,3.4490713318594163e-09,4.1399146538919823e-07,3.979086982691754e-05,4.217409648380137e-06,0.00018161092627248714,0.0006103816064673571,0.007393354339553415
69,0.0015531814645336896,0.005824712655903635,0.0010686299885430855,0.00037875273994455257,0.053713459601026164,3.487234638996611e-07,1.5832816956479456e-06,2.4956284778817572e-05,0.001905747984007299,6.5729845673305724e-06,0.013823484020606024,0.005125555861122628,4.3285240639898e-06,0.8993683509283069,9.819409347232077e-06,1.1972910002866036e-07,0.001976493221779035,9.191844973741357e-06,7.10194308211941e-08,3.353689306241695e-07,0.00011471317026466562,9.162511715995295e-05,0.00020656010192086362,0.0007009999191655686,0.014090406055363651
70,0.0010833908101409134,0.008490202563703302,0.0009610975483060599,0.00012587527660164175,0.012937662808945646,1.5316667442893465e-07,7.594152609850388e-07,2.384372771544804e-05,0.0006878451280521322,9.807864478737927e-06,0.009839521174019133,0.0060047491708409,4.078906095453373e-06,0.9324836814861712,6.487365716039032e-06,3.8914855313106327e-07,0.003989174974898632,1.0213126860387626e-05,1.3254777777935019e-07,3.013888363776082e-07,0.0002026987364005035,0.00012002024028508662,0.0001298628798003034,0.0008863406609528283,0.02200170988291324
71,0.0008033196196881562,0.003208431937465466,0.0009806264970256922,0.00021919494619913613,0.03698809203030622,2.2402419168039594e-07,1.0677930618818133e-06,1.7707928599239886e-05,0.001595472938296015,5.880825197131848e-06,0.007792330915578762,0.002998017258903923,2.7270256167722968e-06,0.9331902540382855,4.872912295354164e-06,8.161579575769712e-08,0.0010574057550845667,8.237838070629227e-06,4.223593740955161e-08,3.128443603772579e-07,0.00010889636121589054,4.5131094485456275e-05,0.000168823770368032,0.0005688610854859728,0.010233986708485052
