,0,1,2,3,4,5,6,7,8,9,10,11,12,13,14,15,16,17,18,19,20,21,22,23,24
0,1.0216384690694398e-07,0.0010635164957466523,4.2282800614306496e-06,0.6269540690402353,8.619030986862647e-07,5.091085410786924e-06,1.8411240334815858e-05,2.23090914452615e-06,2.1552281327567444e-07,0.0003652787020597082,1.1178639917133607e-05,5.415043957945422e-05,2.483534013476083e-08,0.15049945935334508,1.617093706393165e-10,1.5383672174574517e-07,1.1054169099881497e-05,4.2939216732771016e-06,1.7513390780859863e-08,7.867583367930883e-05,2.3494656073365634e-05,4.843159789787326e-07,0.22084857486771836,6.245741117664191e-06,4.8186371903265226e-05
1,1.6466278075404344e-07,0.0018859501146768335,7.033474226266281e-06,0.657166079035269,1.70074985939255e-06,1.0387695843282384e-05,2.4608260957173858e-05,4.551219498100917e-06,5.951480195673501e-07,0.0005292083867656199,1.4982537133491673e-05,6.52752749660884e-05,5.1627032306540575e-08,0.1376890673122106,3.872483007086243e-10,4.511914566186227e-07,1.7519022786818916e-05,5.086627780218852e-06,5.261571008754985e-08,0.00016454829140464606,4.352024108115236e-05,7.946179715329232e-07,0.20230908129975098,1.1358654935079967e-05,4.793155063608639e-05
2,1.7626918779911785e-07,0.0019443718674939329,5.109192266526435e-06,0.5609063044055561,2.8992028976444023e-06,8.672440498939936e-06,2.771490645514528e-05,4.2272623492784314e-06,5.209212667153342e-07,0.00042572977542532423,1.7917668992113095e-05,6.884442391401176e-05,6.051447281394243e-08,0.19698636784274165,4.865640831815687e-10,3.873775132006295e-07,2.3155982474506774e-05,5.328510340259142e-06,4.053119841642043e-08,0.00020639861874864845,3.5352545247734085e-05,7.524270042542558e-07,0.2392494562328808,8.969658220301896e-06,7.124093628991526e-05
3,1.2045209227314e-07,0.0014166924763225775,4.46847156760118e-06,0.6149083722380564,1.5473277813495437e-06,7.930667599715371e-06,1.9365286096421234e-05,3.492369423079301e-06,3.8517284749921735e-07,0.0003632679436560884,1.643098458469917e-05,5.741811056013831e-05,4.28190730841207e-08,0.1556135325946668,2.8606977984798667e-10,2.9240287469843943e-07,1.902146917598539e-05,4.525367688607291e-06,3.544128785743631e-08,0.00013775462854886096,3.435460541852788e-05,7.182904573563619e-07,0.22733596020793834,9.340694660955371e-06,4.4929691551346634e-05
4,1.3124557348243473e-07,0.0014146368652029693,4.4213260874438705e-06,0.610281545541466,1.6441324412714553e-06,8.069509116554762e-06,1.936276905300255e-05,3.42482409369111e-06,4.109104962829073e-07,0.0003497018311835634,1.6690009899684575e-05,6.436835298560025e-05,5.412370655012059e-08,0.16582263949724493,2.9670052817893314e-10,3.0310060842138406e-07,2.2120548431111866e-05,4.902926107670739e-06,3.70197917880564e-08,0.00014748158894528748,3.604829677044492e-05,7.743874805057737e-07,0.2217424390345786,9.688546576312111e-06,4.910331545853105e-05
5,1.0730476331092104e-07,0.0011507381595285318,3.6324702177990373e-06,0.6626566745229651,1.072094076511668e-06,6.640442453615417e-06,1.5140356068581994e-05,2.8201525821432e-06,3.3923382510623403e-07,0.0003211543851937721,1.3654134304077118e-05,5.740233502643941e-05,3.9529761561918055e-08,0.14610980731507642,2.2187285793186696e-10,2.445184653823199e-07,1.7741953385438252e-05,5.190704623231202e-06,2.7591002394162454e-08,0.00011711017682865326,3.23123102541748e-05,7.159292370801034e-07,0.18943784513677855,8.645449984011425e-06,4.0943571725322186e-05
6,1.2045209227314e-07,0.0014166924763225775,4.46847156760118e-06,0.6149083722380564,1.5473277813495437e-06,7.930667599715371e-06,1.9365286096421234e-05,3.492369423079301e-06,3.8517284749921735e-07,0.0003632679436560884,1.643098458469917e-05,5.741811056013831e-05,4.28190730841207e-08,0.1556135325946668,2.8606977984798667e-10,2.9240287469843943e-07,1.902146917598539e-05,4.525367688607291e-06,3.544128785743631e-08,0.00013775462854886096,3.435460541852788e-05,7.182904573563619e-07,0.22733596020793834,9.340694660955371e-06,4.4929691551346634e-05
7,3.5096009805965097e-07,0.001783155128389653,1.293003868667773e-05,0.5753331674318087,2.0730415976698907e-06,1.1308110880319943e-05,2.8268494651927523e-05,4.456101911292073e-06,4.3147913568460743e-07,0.0005380375901486399,1.98056702700112e-05,5.578999480040421e-05,6.177329279044943e-08,0.1348466180701216,2.1016575607497978e-10,2.5611988348742775e-07,1.7428140879477554e-05,5.703489366490046e-06,5.5501499975175406e-08,0.00015734234279878742,2.7330347420128267e-05,4.30143548115922e-07,0.2870868223900018,1.786830167318115e-05,5.0309126969460406e-05
8,2.0147317816601214e-07,0.0015928528905803886,3.3585754610674528e-06,0.5765234181376347,7.0344608819822914e-06,2.9007713209774634e-05,3.2801145177230954e-05,1.0951411966822227e-05,4.344007472800776e-06,0.0003234934129728878,7.011508293142283e-05,0.00016007921611542553,2.4401466550961436e-07,0.3089582361649143,1.0044471752253645e-08,2.615222471519325e-06,0.00041962243370417764,4.999115556057028e-05,1.9155293750344314e-07,0.0003170820125620375,0.00048587597735617703,3.528583102114148e-05,0.11075785751010395,1.2411942773164231e-05,0.00020291860987541228
9,8.205705217695381e-07,0.0018289647468931922,2.3840834450242905e-06,0.1424504319987979,3.417385540377886e-05,2.5622609127317538e-05,3.238160706677696e-05,1.8150131994471895e-05,1.674482038682758e-06,0.0001435724673236345,0.0001731486789667952,5.045812552655717e-05,1.7165013882652168e-07,0.6882112552850314,4.4207445275658816e-09,8.829163973279105e-07,0.0005944381031737733,3.124165918981905e-05,2.811852805566753e-07,0.00024231962038114187,5.742622650638245e-05,9.295964794645061e-06,0.1659109094287718,9.114911639134118e-06,0.0001708752708449611
10,1.2045209227314e-07,0.0014166924763225775,4.46847156760118e-06,0.6149083722380564,1.5473277813495437e-06,7.930667599715371e-06,1.9365286096421234e-05,3.492369423079301e-06,3.8517284749921735e-07,0.0003632679436560884,1.643098458469917e-05,5.741811056013831e-05,4.28190730841207e-08,0.1556135325946668,2.8606977984798667e-10,2.9240287469843943e-07,1.902146917598539e-05,4.525367688607291e-06,3.544128785743631e-08,0.00013775462854886096,3.435460541852788e-05,7.182904573563619e-07,0.22733596020793834,9.340694660955371e-06,4.4929691551346634e-05
11,1.2739034908766484e-07,0.001418406813202422,4.603269288344925e-06,0.6127133085442853,1.6313499199490838e-06,8.083849257775881e-06,1.973335731693832e-05,3.5358803927912502e-06,3.985491618325594e-07,0.0003604932160142454,1.68770025180598e-05,6.07153921571989e-05,4.962639395178758e-08,0.15590858325024107,2.915514097914695e-10,3.034260182294603e-07,2.021655702171007e-05,4.583853642500057e-06,3.713432542823977e-08,0.00014743512720461266,3.476839208458346e-05,7.257739543318863e-07,0.2292195768750891,9.981416279927394e-06,4.582366232934947e-05
12,1.484879080694254e-07,0.0015290889668651121,2.7274938071708976e-06,0.4939480286065645,2.2116635703950076e-06,9.147050125206585e-06,1.582246121750265e-05,2.0962071045715773e-06,3.3923397718423165e-07,0.00034347624906323304,1.2708786807415708e-05,4.755951574828653e-05,5.2246832719398116e-08,0.2856557462793677,2.3878648313656967e-10,2.139899141695603e-07,3.261916677761294e-05,6.917796584582119e-06,2.556076446275528e-08,0.0001354683166092176,3.146230924507139e-05,6.090517461131412e-07,0.21813593181193078,5.914601210810173e-06,8.16839074716269e-05
13,1.556215741211232e-07,0.0017503723372714092,5.266830074813285e-06,0.6339070386480397,1.7208671993323482e-06,9.222122821708156e-06,2.0860346133575957e-05,3.2826229560134902e-06,4.7461492743772526e-07,0.0004596052219250016,1.3372381208708485e-05,5.654921960743981e-05,4.862232644649115e-08,0.14279119605491966,3.0802686420721574e-10,3.263440873167933e-07,1.9863761772110475e-05,5.22227365144186e-06,4.0479628318771436e-08,0.00015619262963008346,3.78126461471085e-05,6.86024859277423e-07,0.22069764979138964,1.0204116848468875e-05,5.2836112974160456e-05
14,1.4160047578259677e-07,0.0044431366839129205,2.085665473435617e-06,0.4734511383126796,3.212727183631973e-06,8.593085725654149e-06,2.65558623648366e-05,3.6357931284008774e-06,3.8916597458317757e-07,0.0005537423864177667,2.7776169322256997e-05,4.2158503480123e-05,2.100419999908196e-08,0.2754361590247864,3.672142756881736e-10,2.8949862235158667e-07,1.4178716774473675e-05,3.871981540137539e-06,7.209757608971516e-08,0.00012554610894238922,2.0946550304039844e-05,6.841308339322347e-07,0.2457878403891479,9.689116700908102e-06,3.813505721766589e-05
15,1.2045209227314e-07,0.0014166924763225775,4.46847156760118e-06,0.6149083722380564,1.5473277813495437e-06,7.930667599715371e-06,1.9365286096421234e-05,3.492369423079301e-06,3.8517284749921735e-07,0.0003632679436560884,1.643098458469917e-05,5.741811056013831e-05,4.28190730841207e-08,0.1556135325946668,2.8606977984798667e-10,2.9240287469843943e-07,1.902146917598539e-05,4.525367688607291e-06,3.544128785743631e-08,0.00013775462854886096,3.435460541852788e-05,7.182904573563619e-07,0.22733596020793834,9.340694660955371e-06,4.4929691551346634e-05
16,1.21714710939461e-07,0.001412361534829762,4.521709694873694e-06,0.6137904117884185,1.5655187018970806e-06,8.032212977775808e-06,1.922011191966995e-05,3.4776327264961007e-06,3.848918861512959e-07,0.0003584169877460006,1.665211904837848e-05,5.6266022060991685e-05,4.270788744568162e-08,0.15487748204703577,2.837007823017978e-10,2.898226723161822e-07,1.9046621758277124e-05,4.49826370683572e-06,3.5306186821146315e-08,0.00013757261744637797,3.36091097450522e-05,7.037256715052109e-07,0.22920115536096133,9.436435417329177e-06,4.469545308866655e-05
17,1.8709929421130738e-07,0.0020247677817432173,7.707615966796941e-06,0.6603957333985048,1.7622493574776152e-06,1.2386897307066411e-05,2.2960230634602782e-05,3.8487167767952885e-06,5.951882596504929e-07,0.0005112717126973176,1.638106803812229e-05,5.181755242133548e-05,4.1778067204026755e-08,0.12535177494137725,3.7519480450494685e-10,3.7981484646424914e-07,1.6011206985366394e-05,5.236122358105898e-06,5.3092651642695654e-08,0.00014431188867367707,3.8958419715722364e-05,6.527927881825091e-07,0.21133207555057273,1.2922316223921535e-05,4.816218954339527e-05
18,8.720988692137184e-08,0.0018020545425138858,1.3950624642599891e-05,0.8007172291169316,9.206387840647811e-07,1.3024701785236522e-05,1.4416278095927367e-05,9.404832857872327e-06,6.82636675866258e-07,0.00025883348278398703,2.9524473552545532e-05,2.3290243005263063e-05,1.1986282901670364e-08,0.03711722084655469,2.9432508586120506e-10,6.578871942621042e-07,3.168797312614798e-06,9.89202829639174e-07,8.626651140249264e-08,0.00010888715940262084,1.752103970525574e-05,3.248751935822668e-07,0.1598357285792289,2.7063483737244e-05,4.92080020610153e-06
19,9.439051746974566e-08,0.00129996677364935,4.711573580921711e-06,0.6852902637012728,1.1435020117158802e-06,5.120337191114197e-06,2.4661521696350426e-05,3.5638895641714604e-06,3.914574976018495e-07,0.00035729861465704757,1.2574034839601443e-05,8.614776318793174e-05,4.2858579946630716e-08,0.12544908562623824,3.142721456835362e-10,3.1077737534208197e-07,1.3949871978901085e-05,3.6584012857877757e-06,2.8860093308125117e-08,0.00012487244857177385,3.752475854401016e-05,8.230189515934348e-07,0.18723201466427888,7.57843178384715e-06,4.4172408380192066e-05
20,7.81205272243557e-08,0.0010868474188370895,3.962394652627395e-06,0.6644584921057173,1.0966220749547525e-06,6.233112656298565e-06,1.967462446956921e-05,5.468098323048888e-06,3.571127314372109e-07,0.0003296786912095014,1.8777794207739626e-05,6.896098311545358e-05,3.460952239676246e-08,0.1447107175522929,4.781969843805557e-10,3.711513634087731e-07,1.7951309099429823e-05,4.445737561086865e-06,3.475927883526779e-08,0.0001238355847692797,3.8331020970959645e-05,1.2989342895648388e-06,0.18905740279932315,7.184418633936163e-06,3.8764566175786264e-05
21,1.1526285285129683e-07,0.0015760082326669107,3.7262538633274945e-06,0.6656382314907047,1.1070366753852116e-06,6.539866616807197e-06,1.672131485162255e-05,3.6125807092251136e-06,4.054160035685019e-07,0.00038468919143828495,1.1950955723470908e-05,6.730294265264396e-05,3.998373191977779e-08,0.18430527548248213,2.368400956196211e-10,3.494508032957051e-07,1.3386702173753638e-05,4.612091473351559e-06,3.2763699035598705e-08,0.00013474258828232835,3.10913306592035e-05,6.536253471114279e-07,0.14775525794398955,7.730261817256725e-06,3.6416993941971e-05
22,1.9353122256607336e-07,0.0012437925292501381,5.659129075486781e-06,0.630933291701572,1.5647749863621686e-06,1.0490881547151421e-05,1.6575687692267043e-05,3.9954817039582945e-06,4.352924371538195e-07,0.0003671406847275106,2.057957627135434e-05,5.1069873143584746e-05,4.8398809001399236e-08,0.16620691733296725,3.055024651531975e-10,2.986646724822464e-07,2.969800545330785e-05,8.934688104027506e-06,4.021714587386892e-08,0.000134940744909978,3.8198646977401614e-05,9.321764631151593e-07,0.20086129761248564,1.1062648748161693e-05,5.28414141317126e-05
23,1.2045209227314e-07,0.0014166924763225775,4.46847156760118e-06,0.6149083722380564,1.5473277813495437e-06,7.930667599715371e-06,1.9365286096421234e-05,3.492369423079301e-06,3.8517284749921735e-07,0.0003632679436560884,1.643098458469917e-05,5.741811056013831e-05,4.28190730841207e-08,0.1556135325946668,2.8606977984798667e-10,2.9240287469843943e-07,1.902146917598539e-05,4.525367688607291e-06,3.544128785743631e-08,0.00013775462854886096,3.435460541852788e-05,7.182904573563619e-07,0.22733596020793834,9.340694660955371e-06,4.4929691551346634e-05
24,1.715315809207404e-07,0.001092173438262029,1.6367686279630012e-05,0.544304603508547,3.510259367399975e-06,1.5084183950979056e-05,4.99036818618339e-05,5.591819870270448e-06,8.158941184508664e-07,0.0004229675766213419,3.070239702447929e-05,7.961274028400732e-05,7.855954382112329e-08,0.08408412170464748,1.0958083670134133e-09,5.041623582401601e-07,3.119673561737058e-05,5.209626949763054e-06,5.6422840192016364e-08,0.0001773592505650134,9.659567331549856e-05,1.3186286553815102e-06,0.3694702769139515,1.5318041636633036e-05,9.645846634231918e-05
25,5.271880734714934e-08,0.0008088525084474277,2.2295688011329973e-06,0.6055280827785656,9.40124154643667e-07,5.1424131751214376e-06,1.2191897389078451e-05,5.272137748657537e-06,1.8319836143127996e-07,0.0002028007563082867,2.5891840271729234e-05,3.901064338972667e-05,1.9151279990865495e-08,0.19418948884564757,1.591971989775976e-10,2.318752466617349e-07,1.2547662681454916e-05,2.8812443788678275e-06,2.4743741626141002e-08,9.294244876588367e-05,1.8601279080862146e-05,6.04124261952317e-07,0.19902874809836787,6.900934187863024e-06,1.635884774192196e-05
26,2.6023586464792905e-07,0.001434646655033888,7.0421966190729005e-06,0.592749122350126,1.8901211991048219e-06,1.1076936593429276e-05,1.395252828004721e-05,2.3883564563584757e-06,4.358406673410504e-07,0.0003662558233844402,1.7184873379248992e-05,3.886302170638597e-05,6.585278961463772e-08,0.10013794175510182,1.3888887138903385e-10,2.2017243858515727e-07,2.5638713889016804e-05,5.9918240574132135e-06,4.44385963260256e-08,0.00017960685415708872,3.0100443288726713e-05,4.4810759862846936e-07,0.30491564466785614,2.3134043046972138e-05,3.8044048980807e-05
27,1.0734541642269369e-07,0.001285903832333525,4.056611639555204e-06,0.6387186583434258,1.3157890057154244e-06,7.960036679944223e-06,1.75630206638654e-05,4.130758360253794e-06,4.03445649860137e-07,0.0003458728323038014,1.8280361947501882e-05,5.899490280944362e-05,4.047170425984644e-08,0.15448656872173974,3.5269472460899313e-10,3.336394571952418e-07,2.161421104160142e-05,5.154511190811005e-06,3.955959293993144e-08,0.0001304519983928367,3.785415221903603e-05,1.0685303672305172e-06,0.20480320242924763,9.270023979640321e-06,4.115411813664111e-05
28,1.2045209227314e-07,0.0014166924763225775,4.46847156760118e-06,0.6149083722380564,1.5473277813495437e-06,7.930667599715371e-06,1.9365286096421234e-05,3.492369423079301e-06,3.8517284749921735e-07,0.0003632679436560884,1.643098458469917e-05,5.741811056013831e-05,4.28190730841207e-08,0.1556135325946668,2.8606977984798667e-10,2.9240287469843943e-07,1.902146917598539e-05,4.525367688607291e-06,3.544128785743631e-08,0.00013775462854886096,3.435460541852788e-05,7.182904573563619e-07,0.22733596020793834,9.340694660955371e-06,4.4929691551346634e-05
29,1.2045209227314e-07,0.0014166924763225775,4.46847156760118e-06,0.6149083722380564,1.5473277813495437e-06,7.930667599715371e-06,1.9365286096421234e-05,3.492369423079301e-06,3.8517284749921735e-07,0.0003632679436560884,1.643098458469917e-05,5.741811056013831e-05,4.28190730841207e-08,0.1556135325946668,2.8606977984798667e-10,2.9240287469843943e-07,1.902146917598539e-05,4.525367688607291e-06,3.544128785743631e-08,0.00013775462854886096,3.435460541852788e-05,7.182904573563619e-07,0.22733596020793834,9.340694660955371e-06,4.4929691551346634e-05
30,1.2045209227314e-07,0.0014166924763225775,4.46847156760118e-06,0.6149083722380564,1.5473277813495437e-06,7.930667599715371e-06,1.9365286096421234e-05,3.492369423079301e-06,3.8517284749921735e-07,0.0003632679436560884,1.643098458469917e-05,5.741811056013831e-05,4.28190730841207e-08,0.1556135325946668,2.8606977984798667e-10,2.9240287469843943e-07,1.902146917598539e-05,4.525367688607291e-06,3.544128785743631e-08,0.00013775462854886096,3.435460541852788e-05,7.182904573563619e-07,0.22733596020793834,9.340694660955371e-06,4.4929691551346634e-05
31,2.2040074416985537e-07,0.0015731394778814914,7.602146740140251e-06,0.6167645418319512,1.5929396153438704e-06,9.267431049549917e-06,2.2383620884502288e-05,5.537436118998205e-06,3.650320700467337e-07,0.0004745602903962516,1.7399231715329962e-05,5.049064416840133e-05,4.35842593401917e-08,0.15365722208274998,2.528108218739187e-10,2.8310612374247103e-07,1.8935617223949286e-05,5.9104201099790305e-06,4.704988438311183e-08,0.00013367816614684864,2.8893236146081845e-05,6.0650036841994e-07,0.2271727688284284,1.0672178748052959e-05,4.383849366467417e-05
32,1.307348712042931e-07,0.0015339562236901256,4.629362802643851e-06,0.6118566206074213,1.5890255977385712e-06,8.549001297037228e-06,1.9670434894993058e-05,3.710727133512873e-06,4.15687599925877e-07,0.00038527855478743617,1.7285091900650882e-05,5.895470060645813e-05,4.507541175460507e-08,0.15706563442315755,3.041012325456615e-10,3.095106031241462e-07,2.0032429698870694e-05,4.743423513836648e-06,4.202545938155484e-08,0.00014139973401735913,3.637174883042393e-05,7.857806928057594e-07,0.2287850871721622,1.024843471842477e-05,4.450978503013258e-05
33,9.26648192010112e-07,0.005296472649031875,4.311145717296689e-05,0.7707519825852865,4.5767668134044715e-06,1.262667659833868e-05,0.00010299898576206103,2.649078216986697e-06,3.0313707417332963e-06,0.0007702537401237572,9.089338320743962e-06,0.0001692773274643481,7.20512655274574e-08,0.08138273372676615,1.8920367063305363e-09,4.855873252192351e-07,1.1195699695923526e-05,1.0463538231967653e-05,4.428685308326337e-08,0.00017691693613530786,9.214973763116173e-05,5.519076138216473e-07,0.14078089133681934,1.023425859066119e-05,0.0003672624173102765
34,6.298597810645226e-09,0.00021237575604125244,7.341289921871312e-07,0.5933485149649251,3.823460497787546e-07,2.2088914515519404e-06,8.89884081675652e-06,1.4132223612380618e-06,3.77724104281642e-08,0.00028594824984953305,5.930684599190663e-06,2.5008096523687397e-05,1.0801492821107972e-08,0.12109406293473846,9.463984713625034e-11,1.6972355646191586e-07,7.660715466253049e-06,1.3543575450525357e-06,2.849263601005294e-09,8.807718916077921e-05,1.788925291918491e-05,3.4905243463712485e-07,0.2848733831485752,1.8240426393512e-06,2.375658494989281e-05
35,5.502322302596759e-07,0.0016950935713322766,1.0100099084912594e-05,0.7661943539104242,1.077564076091892e-06,7.649062824031814e-06,2.336511259496385e-05,4.9585283871166345e-06,7.614141728485122e-07,0.0005027119197256327,1.1077176315024683e-05,8.258929896239651e-05,5.50157313676011e-08,0.11943475063269172,2.266247351750516e-10,2.5802786444435547e-07,2.349975388315207e-05,1.8765737676167625e-05,5.227479292047294e-08,9.978266007648025e-05,4.73715458198423e-05,1.0429583553987065e-06,0.11176756011285838,1.2755553759736099e-05,5.981760973561491e-05
36,1.4357891987962295e-07,0.001305942607218522,4.351648842224024e-06,0.6437494491037854,1.3849375311378116e-06,5.355226273587585e-06,2.3823118469366904e-05,6.639571343117653e-06,4.4675621829162805e-07,0.0003135418597295633,1.711828592493874e-05,0.00011185676757663585,6.499245131496101e-08,0.20360634110868317,4.509459442002334e-10,4.3006791793768e-07,2.5600466707329388e-05,5.6042106916503e-06,4.1472868292752144e-08,0.0001517211208308466,3.568202468476721e-05,1.4174756307415277e-06,0.1505732742583059,6.778005933558868e-06,5.299088251583064e-05
37,7.21061555047609e-08,0.0013432190611710312,3.2315608045341142e-06,0.5715909468007367,2.0594625641504704e-06,9.047562614340229e-06,2.1440279231546967e-05,4.866092329838372e-06,4.168282304107065e-07,0.00031821925118117505,2.016698538854356e-05,5.866478068841121e-05,3.9625923338168374e-08,0.22125173759452196,5.881639746185712e-10,4.698825445550452e-07,2.0872698331440362e-05,3.632941933445814e-06,3.326596659250388e-08,0.00014861233243323278,3.736362850056254e-05,9.463103193532807e-07,0.20510713923362714,5.605859174166561e-06,5.119526746415992e-05
38,3.49783702210017e-07,0.002741375524870679,1.1323164336365042e-05,0.5780362434219692,3.6221861342900263e-06,1.8767367298863902e-05,3.866600875630079e-05,4.403390746889718e-06,8.903376269751161e-07,0.0006149682530583983,2.0755934715183994e-05,6.423047656328672e-05,6.544298802224484e-08,0.17878051594143146,5.958726057060697e-10,4.804580127940599e-07,1.9351323047984306e-05,6.5037270219201935e-06,7.177329939302064e-08,0.00016501105449461765,4.1867836147299285e-05,6.402735816880426e-07,0.2393313484283507,1.4775697750292725e-05,8.377159822256638e-05
39,1.192931223024793e-07,0.0007863150277488803,8.275118164779383e-06,0.6715220035929969,1.4716110967511995e-06,1.5362050920145592e-05,2.1537465732507607e-05,6.158907892079334e-06,4.7221462127427975e-07,0.0004438322935344686,1.7736488870488685e-05,5.621728775210254e-05,7.590912839042632e-08,0.1109317709008894,4.1100816372692205e-10,4.957139800911313e-07,3.076334939613982e-05,6.4440773395265825e-06,4.86670493963409e-08,0.000156747046116451,7.283326125508018e-05,9.73197863522371e-07,0.21586147790224927,1.1799262248586123e-05,4.706894902322223e-05
40,1.6122935086787914e-07,0.001770465210487795,6.046238541173968e-06,0.5927963031681177,2.0242867906568393e-06,8.529626494710497e-06,2.750570334819044e-05,3.868800113873134e-06,5.13474246665551e-07,0.0003897571400151088,1.7695651886941565e-05,7.65694819891003e-05,5.23617408561308e-08,0.18033124952169247,4.1730188564142233e-10,3.2115793751546956e-07,1.9243349633714584e-05,4.92516069965162e-06,3.990340759166654e-08,0.00013845800285616276,3.7879276106370034e-05,8.108340446308863e-07,0.22429483423755972,8.925838798539661e-06,6.381992683816806e-05
41,3.517486768454342e-07,0.002716616391700789,1.0781590981692773e-05,0.6445400580040693,6.464242590973467e-06,1.3411515361609564e-05,4.1396815118483915e-05,4.520899825165663e-06,1.4034841016600108e-06,0.00031352090317238407,2.1606770306723003e-05,7.755893032359663e-05,1.0036773297537278e-07,0.16723112293926276,8.603190506184747e-10,6.340874549333565e-07,2.2347400065562853e-05,5.539293392988794e-06,4.073558204357164e-08,0.00024274465060505386,3.2395802990424815e-05,5.465300562371161e-07,0.18460957508041098,1.1383744111703115e-05,9.587721178600033e-05
42,6.413621778917192e-08,0.0009200692099728074,3.857601864129542e-06,0.7204951596961953,6.679766758318113e-07,7.028001781557032e-06,1.4252740360781237e-05,6.362259987420731e-06,3.4154577464941424e-07,0.0004049584031490004,1.483549675716257e-05,6.631329021708225e-05,4.1390732762921064e-08,0.10602588595587553,3.553734969359098e-10,4.693598328670189e-07,2.0219372619744563e-05,4.275628585934205e-06,5.15836950851133e-08,0.00013778688086769585,5.2734624287239864e-05,1.5580040852381664e-06,0.17178856752119584,9.301069224395037e-06,2.5197894670784583e-05
43,7.568125120926926e-08,0.0011250981365789974,3.98388055856202e-06,0.6066143798104101,1.0714405608601901e-06,1.1123976740565242e-05,1.6674119832748755e-05,4.172430350273932e-06,3.059959243059456e-07,0.0007508996497012674,1.2409004712394835e-05,4.39539053007977e-05,4.225710690409758e-08,0.1319638895548184,2.814117402637405e-10,4.2171092580657834e-07,2.0561407845756267e-05,5.42672419138259e-06,4.7069564531789874e-08,0.00016758260853085445,5.874839939979642e-05,9.756513318132893e-07,0.2591516428265316,1.0683734980341317e-05,3.58297414390166e-05
44,1.2045209227314e-07,0.0014166924763225775,4.46847156760118e-06,0.6149083722380564,1.5473277813495437e-06,7.930667599715371e-06,1.9365286096421234e-05,3.492369423079301e-06,3.8517284749921735e-07,0.0003632679436560884,1.643098458469917e-05,5.741811056013831e-05,4.28190730841207e-08,0.1556135325946668,2.8606977984798667e-10,2.9240287469843943e-07,1.902146917598539e-05,4.525367688607291e-06,3.544128785743631e-08,0.00013775462854886096,3.435460541852788e-05,7.182904573563619e-07,0.22733596020793834,9.340694660955371e-06,4.4929691551346634e-05
45,1.0336828653059624e-07,0.0010603418857039006,6.249550213862353e-06,0.6889603616318951,1.636504261970777e-06,9.339774755256963e-06,2.4170567629467285e-05,7.835809625361374e-06,4.6425693973191346e-07,0.00031432859804041857,2.5812276055916827e-05,5.8337692344826286e-05,4.1501527663580316e-08,0.13031420147904016,6.675954253487158e-10,5.491800162908538e-07,1.8199878277958552e-05,4.274488581931535e-06,4.0698212614621076e-08,0.00014606446101608723,3.166529622519761e-05,1.0487313492602612e-06,0.17896768343883004,8.884094485420734e-06,3.8364169089716764e-05
46,5.6894493288993376e-08,0.000511396660955601,2.30539896890501e-06,0.6515823322097035,7.949284781659204e-07,7.452568797066687e-06,7.09812462365437e-06,3.0543526759049525e-06,2.0413772535883514e-07,0.000196505226111478,1.7259329089654245e-05,4.1939574703083536e-05,6.35215179871755e-08,0.11698550229129907,1.776534759368187e-10,2.7131375382008403e-07,4.7173313230225486e-05,4.535947112806753e-06,2.8103403953538043e-08,0.0001449639158229771,3.743538340739819e-05,1.1454977188801395e-06,0.23037161082303534,9.90428415635214e-06,2.6966021562116153e-05
47,2.2214263375603225e-07,0.0017558775503303701,6.044230265425805e-06,0.6720412578627475,1.6679547356788162e-06,6.334961009981972e-06,2.4968938250158917e-05,3.073367311530997e-06,6.695760547000717e-07,0.000395669694430815,1.094324627318234e-05,0.0001284152994294438,1.0467642461474252e-07,0.1392943992916884,3.698232049627629e-10,3.7280207640732217e-07,2.9168793176039706e-05,6.6104040709294365e-06,4.2827087742723164e-08,0.00018834130195651737,5.8931928173160355e-05,1.143677732313337e-06,0.18595510426364356,1.08278573330324e-05,7.980698334135659e-05
48,1.2135633168418586e-07,0.0014986652569257185,4.288629697350433e-06,0.6047061495121046,1.5320755627028857e-06,8.224225513524629e-06,1.8538500406662224e-05,3.5148043236329347e-06,3.7444260967410524e-07,0.0003764220889638691,1.6829962700831238e-05,5.4554236071116126e-05,4.230044923043892e-08,0.15680831008326632,2.692450840003215e-10,2.856072289633382e-07,1.9659474650223774e-05,4.417486775641252e-06,3.969032067082513e-08,0.00013816288033208332,3.361968575944759e-05,7.264330720826595e-07,0.23625357255107918,9.918497007793935e-06,4.2029949602051594e-05
49,1.0428389946767169e-07,0.001144550010059349,4.790921798235481e-06,0.6465828109633631,1.0916207646450973e-06,7.309719736452696e-06,1.7023669421957194e-05,3.019800305803891e-06,3.3172667021818527e-07,0.0003593905285578476,1.3812636564923638e-05,5.885621264036024e-05,4.1816433143161834e-08,0.1321361217110053,2.345819831862198e-10,2.6184485585851453e-07,1.604824871466467e-05,4.2702296515626834e-06,2.9636292473460966e-08,0.00012353830772198214,3.421178004581298e-05,6.632976041586586e-07,0.2194413070443596,9.408490673541056e-06,4.1005264277450074e-05
50,1.2285189736037066e-07,0.001485639959018278,4.692106377344762e-06,0.5433573568984296,1.8123354356501993e-06,6.785339313175651e-06,3.205485955706806e-05,4.590715531905453e-06,3.0159155757209693e-07,0.0005479412915240493,1.5187812138585673e-05,6.90701646837107e-05,4.263060642063781e-08,0.19497887265214645,3.2037034454762086e-10,3.005800147318246e-07,1.683075822310534e-05,4.404498841494869e-06,3.557880499519885e-08,0.00013974300961591595,3.354514975602672e-05,7.167328888094359e-07,0.2592342859840149,7.145348862386755e-06,5.852083039014641e-05
51,1.2372287159750825e-07,0.0008817806470330057,6.769511899259436e-06,0.4827469639225396,3.429747374258263e-06,1.248917038958781e-05,2.9816908812784682e-05,3.3160967484197645e-06,4.3898440710869056e-07,0.0003846808366072333,2.1042903036311828e-05,5.7248970704562356e-05,9.345776128537253e-08,0.13325672665283017,3.675059257967507e-10,3.890144648042687e-07,2.8846695807130942e-05,4.2880013904805815e-06,3.264117333046962e-08,0.00021285233960156573,5.543781549644857e-05,5.927534034063336e-07,0.38221072464174843,1.311903271993247e-05,6.879516367332439e-05
52,2.484285857233705e-07,0.0010440760629309377,5.7776899297465545e-06,0.5425296387682094,2.122705679108563e-06,2.3123063986888744e-05,1.4782608863717855e-05,5.979145479214557e-06,5.552893902110762e-07,0.0004545625120794777,2.913483797561576e-05,2.8858518242646917e-05,4.005588596163952e-08,0.3079784591781668,5.565006555846895e-10,4.5215570613384236e-07,3.1263026906451285e-05,1.9640471661263145e-05,4.043037334737008e-08,0.00013543995938584944,2.6939286169445546e-05,9.855571017860805e-07,0.14759211861126226,9.094546133663776e-06,6.666653339384622e-05
53,1.2707057028995334e-07,0.001451408517204123,4.485950655286535e-06,0.619869486354877,1.4893619358829052e-06,8.31081836323075e-06,1.8036448405257977e-05,3.4699974799353413e-06,3.9264679157614685e-07,0.00036499575635862884,1.6235390833444306e-05,5.579106382648509e-05,4.3078164213620634e-08,0.15724292729935146,2.7687328051754703e-10,2.910231681941375e-07,1.9713810090140428e-05,4.778867881608801e-06,3.723448805874049e-08,0.00013668098236707866,3.438448926862159e-05,7.255037840960701e-07,0.22071242371582034,9.594372595644254e-06,4.4169968846014066e-05
54,2.289154797828007e-07,0.0029812461839184923,4.914021078056025e-06,0.5704788129438155,2.2473865752776116e-06,8.25495159863855e-06,2.9398097387979146e-05,2.8694783563504396e-06,5.812053727139824e-07,0.0005491885107024554,1.1106819855561524e-05,8.320213131460643e-05,4.6380664511402126e-08,0.2540462517753898,5.374296799144216e-10,3.512867347733844e-07,1.7295379355391802e-05,6.2525271829609855e-06,3.701842781974602e-08,0.00013914321882184524,3.108558704119147e-05,7.634886046696497e-07,0.17149103661278875,5.887095328629616e-06,0.00010979844677456467
55,2.589429093867157e-07,0.001670654003288141,6.78224955680046e-06,0.7850596822746403,1.3638670123589185e-06,5.99525916308329e-06,2.303472338780728e-05,2.252682734990725e-06,1.146296673413926e-06,0.00025695317086677275,8.649211239865699e-06,0.00014219492674508362,1.0471166828718651e-07,0.10794664959514941,3.130451631020821e-10,3.1339036256716333e-07,1.9017059719103527e-05,7.625853485992252e-06,3.150717647503456e-08,0.00013460516246627838,5.2199937930104066e-05,8.304082714158794e-07,0.10457824875615482,1.0978797699814724e-05,7.04268986523893e-05
56,1.3015536023528643e-07,0.001430085246673988,4.645780870760223e-06,0.612952942549499,1.6163832898681693e-06,8.234966019339988e-06,1.988615138367128e-05,3.554448977864361e-06,4.09144290146998e-07,0.0003677374788759747,1.671844678943227e-05,6.246669999644115e-05,5.085435811175394e-08,0.15863955452995068,3.00584846630529e-10,3.0665367506616656e-07,2.0824070545920247e-05,4.771719411616726e-06,3.825623460815847e-08,0.0001470268429023049,3.609892277685108e-05,7.587808278498336e-07,0.2262246299596331,9.922201921574319e-06,4.7589455150738484e-05
57,1.2886408233665127e-07,0.0014483983122295552,4.4534876903809885e-06,0.645865276113682,1.4397799741921396e-06,5.998412075895596e-06,2.1816207452245224e-05,3.798064364477073e-06,4.5306444312255305e-07,0.0003955345184603367,1.2389705949310725e-05,9.888011008627854e-05,7.935405376289228e-08,0.14686731760783428,3.1977002595956e-10,3.6797227563978704e-07,2.5977339256421365e-05,4.805569882855954e-06,4.0559176869535525e-08,0.00018788930338529231,4.619759035015463e-05,1.0581730592058418e-06,0.20494424600224884,9.21412014749814e-06,5.423944806883355e-05
58,1.3699404600660405e-07,0.0014233019697261818,4.6506586130337686e-06,0.6145605020697331,1.5555259978847521e-06,8.207134657767634e-06,1.8665141059485685e-05,3.316447124459784e-06,4.038342366837614e-07,0.00035603863786322376,1.7197898839785613e-05,5.877267260536685e-05,4.860595067662882e-08,0.1461328953717856,2.5077003340678237e-10,2.8110961471477874e-07,1.9685842893185386e-05,4.666361671839564e-06,3.9658024015144715e-08,0.00014148723457788688,3.4649948248617444e-05,7.062768006419649e-07,0.23715917767004174,1.1729081470395848e-05,4.188360364765008e-05
59,1.252545247396416e-07,0.0013488688420955949,5.0916214404950505e-06,0.6295198405413559,1.464012185632585e-06,8.003978524141758e-06,1.8864147265508183e-05,3.353789528869397e-06,3.8993940362167715e-07,0.00036214266262875626,1.657311387275174e-05,5.5634563690163865e-05,4.393273583569571e-08,0.1291145365424207,2.4959288261119436e-10,2.8482759911486467e-07,1.739982953339888e-05,4.299680841886722e-06,3.645212723714737e-08,0.00014088924308353038,3.472444349906816e-05,6.558770666528569e-07,0.2392960293631516,1.1613075105993535e-05,3.913401672572266e-05
60,1.2045209227314e-07,0.0014166924763225775,4.46847156760118e-06,0.6149083722380564,1.5473277813495437e-06,7.930667599715371e-06,1.9365286096421234e-05,3.492369423079301e-06,3.8517284749921735e-07,0.0003632679436560884,1.643098458469917e-05,5.741811056013831e-05,4.28190730841207e-08,0.1556135325946668,2.8606977984798667e-10,2.9240287469843943e-07,1.902146917598539e-05,4.525367688607291e-06,3.544128785743631e-08,0.00013775462854886096,3.435460541852788e-05,7.182904573563619e-07,0.22733596020793834,9.340694660955371e-06,4.4929691551346634e-05
61,1.2946195973781285e-07,0.0013804022783772683,5.149926695425545e-06,0.6264146257070778,1.517133984043058e-06,8.171875314200652e-06,1.926853721753395e-05,3.4118061428845977e-06,3.982050693912924e-07,0.0003676728367998546,1.6836756286303622e-05,5.6929675882977525e-05,4.6361575523262056e-08,0.13196011849524267,2.616849788753929e-10,2.9011023482907495e-07,1.8192515999157534e-05,4.427172529891169e-06,3.7638895571616565e-08,0.0001444277976361882,3.522332153895513e-05,6.772379967533562e-07,0.23950965498154866,1.1695238859759136e-05,4.069466544963745e-05
62,1.2045209227314e-07,0.0014166924763225775,4.46847156760118e-06,0.6149083722380564,1.5473277813495437e-06,7.930667599715371e-06,1.9365286096421234e-05,3.492369423079301e-06,3.8517284749921735e-07,0.0003632679436560884,1.643098458469917e-05,5.741811056013831e-05,4.28190730841207e-08,0.1556135325946668,2.8606977984798667e-10,2.9240287469843943e-07,1.902146917598539e-05,4.525367688607291e-06,3.544128785743631e-08,0.00013775462854886096,3.435460541852788e-05,7.182904573563619e-07,0.22733596020793834,9.340694660955371e-06,4.4929691551346634e-05
63,1.288356384196501e-07,0.001655123120113291,4.538443042101793e-06,0.6141963094731231,1.5997879725975558e-06,7.952762851102463e-06,1.982063227130665e-05,3.4133065401522906e-06,4.023118087779328e-07,0.00038480822109370925,1.615919190976374e-05,5.8442323850794726e-05,4.192431136593093e-08,0.15523562149784284,3.0062302252636335e-10,2.954627956698865e-07,1.829379246109009e-05,4.3880034149296365e-06,3.8666705034202185e-08,0.00013955803545896556,3.3732310755344744e-05,7.170713584602366e-07,0.2281634906993108,9.556813031542455e-06,4.556701171600392e-05
64,1.0950968408541068e-07,0.0013646994189601758,4.372528000491697e-06,0.6188794884654528,1.4363336356919379e-06,8.201863663703825e-06,1.9673601400759416e-05,3.3804867279280325e-06,3.959977439190119e-07,0.00040671455942612855,1.4958075692224391e-05,6.283004449838465e-05,4.709306350388553e-08,0.15223460718465953,3.0671420208789135e-10,3.142913730153265e-07,1.9569263789746145e-05,4.8042167981464755e-06,3.67978399205371e-08,0.0001426063798640195,4.3715046828750497e-05,8.145399321032727e-07,0.2267305622176768,9.480320357114541e-06,4.718145621693516e-05
65,1.8368471676570507e-07,0.0017084457331152446,4.729299386561146e-06,0.6285463272186667,1.9960848567663445e-06,8.29392729638554e-06,1.8185170022091884e-05,3.0945422043970445e-06,5.888593929694856e-07,0.00026183348498578227,2.0296663739176787e-05,6.567787271814631e-05,5.6544661624710816e-08,0.15820216013964278,2.913895940533539e-10,2.850750889935984e-07,2.613319974244749e-05,5.448772048501891e-06,4.185403099516613e-08,0.00013943234458999496,3.376262408450787e-05,8.495712519062913e-07,0.21089173765325006,1.2067616614093472e-05,4.837177250359151e-05
66,1.2352627914246824e-07,0.0014211881162492178,4.605679900049937e-06,0.6121433526027207,1.5962198347807922e-06,8.15902859096767e-06,1.956754453997036e-05,3.4644445627761226e-06,3.902283315034336e-07,0.00037166163018627997,1.652088829144328e-05,5.693668608183947e-05,4.4258481324891705e-08,0.15276209419785663,2.8570747849239275e-10,2.9561311708574474e-07,1.9344664384311834e-05,4.574203840008878e-06,3.60424115680267e-08,0.00014209232867500864,3.5054902270034525e-05,7.078133148184434e-07,0.232933035641629,9.729728909898792e-06,4.542372383418983e-05
67,5.0973716055523604e-08,0.0005648826853231628,2.6615874530960334e-06,0.5845977833639532,9.733372353677734e-07,8.938890242636282e-06,8.86916068350175e-06,2.2423263486227217e-06,1.728150546103243e-07,0.0002735157201355801,1.2737937221011616e-05,3.091835447086622e-05,4.423107221022361e-08,0.15070265285602633,1.2404814815682498e-10,2.3403347885841458e-07,1.845070771423771e-05,3.27477227460934e-06,1.7277557015381842e-08,0.00014380219853935168,2.6887833375016005e-05,3.690195464183697e-07,0.2635638899449311,8.260112513632905e-06,2.836973708531772e-05
68,1.2804066764761366e-07,0.0016352205853523052,4.273434473243947e-06,0.5855768892380718,2.1409946313962797e-06,8.77081025327536e-06,2.264798058210183e-05,3.985221796400629e-06,4.4918063925820867e-07,0.0003642897127391119,1.9750221858023295e-05,6.139007466484559e-05,4.9366619240852563e-08,0.17905553382307338,4.152770621463126e-10,3.49890408550692e-07,2.3215255556403683e-05,4.658338061537522e-06,4.153203862366974e-08,0.00015955419292059973,3.53195353775154e-05,8.531604468658413e-07,0.23295778492419017,9.086394721370141e-06,5.3617675579226417e-05
69,1.7125568210244312e-07,0.0017434925945299545,4.87525786770611e-06,0.6143681913539976,1.7277058434492668e-06,8.350355522017377e-06,2.2377596414125605e-05,3.553105183409712e-06,4.941122819759332e-07,0.0004119335630453742,1.4948412483204262e-05,6.906750057842105e-05,5.089083713186576e-08,0.1860388205054402,3.441970107962803e-10,3.0812224282320376e-07,2.3270380560495235e-05,6.2717740898597835e-06,4.0001770713217725e-08,0.00013629453577734067,3.652351205574816e-05,8.853928457723416e-07,0.19703657385519766,8.405281339777386e-06,6.337259021625313e-05
70,4.250091831716514e-08,0.001948482054376844,1.8411184691637152e-06,0.3157775383461504,1.3930231544068733e-06,1.1337198185162949e-05,1.5735898901570052e-05,1.3779350858342765e-06,2.9536517605202164e-07,0.00038582321337931843,2.8707441796396285e-05,3.289677259188709e-05,1.657410211665096e-08,0.08916689700324237,2.2977181620278536e-10,1.148799315656163e-07,1.562434781504725e-05,1.809653245286793e-06,1.1591270673130475e-07,6.200037026737013e-05,9.155157181292237e-05,1.1119984994459405e-06,0.5924119573504311,2.102421297264398e-05,2.230502701624456e-05
71,1.2038557977136557e-07,0.0014556091526616297,4.362257379870704e-06,0.609456889060451,1.6232073067931316e-06,7.762418749583797e-06,1.9563073556536586e-05,3.428647558310376e-06,3.8320541174544874e-07,0.00036891548161986485,1.5926921509286348e-05,5.772653226477195e-05,4.442674821918771e-08,0.15662832516360659,2.832786765101525e-10,2.966340606089267e-07,1.914149306301934e-05,4.400664595429222e-06,3.493031029221837e-08,0.00014654192056154098,3.4098723391938674e-05,6.913590654258094e-07,0.23171917512500098,9.302122747170877e-06,4.563680952094942e-05
