,0,1,2,3,4,5,6,7,8,9,10,11,12,13,14,15,16,17,18,19,20,21,22,23,24
0,0.02252399658768912,0.0003498520210705072,0.004066572412355264,0.01555111355963251,9.991267123313879e-05,0.0007692039247385791,0.09242776076799453,2.3417771405105583e-06,1.3199379369593235e-06,1.3935442913621599e-06,0.016891938558934935,0.009465715517891375,0.00043280164181762077,0.7926547123485544,1.4252204251521997e-05,0.00017983289112696095,6.15778101001443e-07,0.003580016853944072,3.1124846951644924e-06,0.0003334730333042019,1.7187199944806537e-05,1.908108711150462e-05,0.039564285938678896,3.16963837109617e-05,0.0010178108738499625
1,0.011480594350982878,0.0004629615977282129,0.0017379035849182268,0.01845018994625635,6.634082925719398e-05,0.0004106492260333411,0.04768959224231948,1.915787377965925e-06,7.644533418437658e-07,2.1431833160465543e-06,0.005567867826213009,0.004729362264081574,0.00016007942687966607,0.858511432828266,1.361017197762011e-05,0.00015919059313583222,5.707341251557689e-07,0.0023973722561124538,3.655191963932247e-06,0.00017274518197024324,3.262311147683257e-05,2.2231625358302524e-05,0.04573020052070375,1.669582804060886e-05,0.0021793072381637107
2,0.012290226441347914,0.00043418508155346083,0.0011351277449939748,0.019689485316886513,5.538669894841655e-05,0.0003720233101466919,0.04887545767708721,1.7607033128601654e-06,3.7348775788964517e-07,1.5995027664696575e-06,0.006065254775081344,0.0049426720422719225,0.00015244023157053689,0.8155453193659382,1.4404049780628212e-05,0.00014697918199019049,7.625111188098065e-07,0.002952467427953451,2.3632066007221514e-06,0.00017823915125610596,2.99814199403167e-05,2.652265839863405e-05,0.08515252660072123,1.933156328335371e-05,0.0019151098492931561
3,0.013402132063824786,0.0004960592415556338,0.0014664463618366225,0.021879940164117564,6.248109613800007e-05,0.00032763296500103455,0.04603022161106983,1.7741418308844413e-06,3.9158408377880556e-07,1.6634857254028548e-06,0.006529874065890851,0.005756101048582213,0.0001810979983695227,0.8351357259027289,1.0031188045440133e-05,0.00010740902515370894,7.694424727888344e-07,0.003914587502955255,2.196493109016148e-06,0.00016468439238923787,3.091541085856478e-05,2.2736510927912507e-05,0.06243884596885527,2.2791366098678875e-05,0.0020134909683790494
4,0.010101153779481785,0.0004390642891199843,0.0013762404037411249,0.020049007571294065,6.594433252390765e-05,0.00030248178142761056,0.03811665764873748,1.4041806289414331e-06,3.4248872648735483e-07,1.5244212987637856e-06,0.005409543935592445,0.0050001825424324685,0.00019657919296362975,0.8635657713764066,7.908720532200634e-06,9.085881169441908e-05,5.966265603168554e-07,0.0031279954540761553,1.8384463850264806e-06,0.00014283088023526617,2.4043856512496145e-05,1.8328546790877402e-05,0.050423380961865154,1.871833841565486e-05,0.0015176014125571138
5,0.011996886657366328,0.0005333200625742055,0.0012860945177402858,0.02706706394938981,6.06816628010073e-05,0.00030704524109132316,0.04337515664847328,1.7825591079087707e-06,3.1437192904984046e-07,1.8006343948683587e-06,0.006130654414099636,0.005346967024203157,0.00019964775511229274,0.8269480926872154,7.777283963773486e-06,9.181508289702303e-05,7.81015946369171e-07,0.005024226361631674,1.81059148327522e-06,0.00017790673857671194,3.129740548172711e-05,2.14233913826104e-05,0.06934770624179518,2.4447041213296717e-05,0.0020153006601300255
6,0.013402132063824786,0.0004960592415556338,0.0014664463618366225,0.021879940164117564,6.248109613800007e-05,0.00032763296500103455,0.04603022161106983,1.7741418308844413e-06,3.9158408377880556e-07,1.6634857254028548e-06,0.006529874065890851,0.005756101048582213,0.0001810979983695227,0.8351357259027289,1.0031188045440133e-05,0.00010740902515370894,7.694424727888344e-07,0.003914587502955255,2.196493109016148e-06,0.00016468439238923787,3.091541085856478e-05,2.2736510927912507e-05,0.06243884596885527,2.2791366098678875e-05,0.0020134909683790494
7,0.015607747860898928,0.0008896430451279735,0.0025236848145762706,0.03063160658318915,6.84594843644571e-05,0.0002642711021554164,0.07762858074622367,2.556099555462569e-06,6.377702754965308e-07,1.924059289551669e-06,0.011854696074517451,0.006298958357206877,0.0005400813145468393,0.8033949131758001,8.644308678295061e-06,7.149091503159338e-05,9.023924157563879e-07,0.005090456126185289,2.0906693419316026e-06,0.00030272099712340004,2.1179410130931568e-05,1.9450907432087677e-05,0.042991291107146626,4.5756924606134556e-05,0.0017382557541804325
8,0.01986067863808345,0.0007026511264989526,0.0012793956921776952,0.014942203107728787,9.106403757649291e-05,0.0011383577172312757,0.05575839834225329,2.046233803862693e-06,7.456471426132651e-07,1.7349631944814368e-06,0.03167862643179532,0.01229607365437793,0.00022738667337446675,0.7704136334292123,2.2999248542299563e-05,0.00014231597994115484,1.2478528120235245e-06,0.01009819840008742,4.866447063548239e-06,0.00023671671424729452,5.3382588478608574e-05,6.145326749857541e-05,0.07966990577768254,2.1251077807109297e-05,0.001294666951388622
9,0.02432180571110938,0.00019300798911678425,8.90424702447861e-05,0.0025134237721328137,3.144878204562725e-05,0.004686509090022507,0.028682201844148717,7.533126705215139e-07,1.592380941824625e-07,9.158210588734463e-07,0.03138438059008351,0.016136380280042394,1.6414589054335704e-05,0.5294915122605961,6.295124497731953e-05,0.0005355638126081286,1.2704861168309056e-06,0.012166002633528837,9.3323161356164e-06,7.77001914927143e-05,0.0001303164508143558,0.00036484737507653077,0.3485291591607963,2.2182607155084674e-06,0.0005726823173172153
10,0.013402132063824786,0.0004960592415556338,0.0014664463618366225,0.021879940164117564,6.248109613800007e-05,0.00032763296500103455,0.04603022161106983,1.7741418308844413e-06,3.9158408377880556e-07,1.6634857254028548e-06,0.006529874065890851,0.005756101048582213,0.0001810979983695227,0.8351357259027289,1.0031188045440133e-05,0.00010740902515370894,7.694424727888344e-07,0.003914587502955255,2.196493109016148e-06,0.00016468439238923787,3.091541085856478e-05,2.2736510927912507e-05,0.06243884596885527,2.2791366098678875e-05,0.0020134909683790494
11,0.012764245994005278,0.0005010540473577968,0.0014637754404739666,0.022300233805187693,6.382329966443358e-05,0.000318241297900292,0.04500624353268183,1.764015919756668e-06,3.841271321306725e-07,1.6873127042551073e-06,0.00639423090006919,0.005718122743186313,0.00020213876352070777,0.8390702868691046,9.292713003401651e-06,0.0001018732416976315,7.632722575114171e-07,0.003910330389169179,2.0945577908263664e-06,0.00016866946065109933,2.886912645248188e-05,2.203387287823855e-05,0.060050906413392516,2.31128342533155e-05,0.0018758219695455048
12,0.029718675881236747,0.0009516093871469499,0.005464472527149067,0.03735507126296087,7.118751229863637e-05,0.0004539100069057666,0.16901983422562245,7.227558802945779e-06,4.4641343598431815e-06,3.2573409359063495e-06,0.01843832691335743,0.006493945779754111,0.00033712811888039095,0.6781458007944021,3.727930507753672e-05,0.0001997711115592888,1.1044696996142726e-06,0.0033611537099990157,8.711694080798898e-06,0.0005005006950427742,4.925742556744663e-05,2.4164736516657966e-05,0.043407757844827644,5.8806813002380965e-05,0.005886580750813757
13,0.014689877314727894,0.0023837131794685607,0.0007971443697004826,0.054073504643279154,3.864698699931548e-05,0.0007654485648525469,0.1288770967309178,2.5334510913703653e-06,4.5773857359832335e-07,2.7645590903569748e-05,0.0011657281615955377,0.0005789390081503673,0.0002373671948460668,0.5712099525345281,8.544600037654314e-06,0.0004243768953983142,5.337752519190766e-07,0.01609293162712303,1.5561305915742584e-06,0.00038899053163438146,3.8375038888982994e-05,3.213055740647114e-05,0.20014730505450778,0.00012478654479937943,0.007892413774726345
14,0.0036415792770965864,0.004001965325186304,0.0010507117473186262,0.03012517039535894,0.0001266372816654789,0.0006337721898310141,0.03654647092052788,1.39189817340329e-06,8.753831764719852e-07,9.820937550105479e-06,0.006748090954425356,0.0013937455665860641,0.0006443562590011677,0.8803143064185565,7.132920887404928e-06,4.705736939510841e-05,3.775218608658501e-07,0.007027822557342388,2.240849145244259e-06,0.00018732297138324413,2.7263812730122486e-05,2.75593297904775e-05,0.02613935854239334,3.215351520414096e-05,0.0012628160554137753
15,0.013402132063824786,0.0004960592415556338,0.0014664463618366225,0.021879940164117564,6.248109613800007e-05,0.00032763296500103455,0.04603022161106983,1.7741418308844413e-06,3.9158408377880556e-07,1.6634857254028548e-06,0.006529874065890851,0.005756101048582213,0.0001810979983695227,0.8351357259027289,1.0031188045440133e-05,0.00010740902515370894,7.694424727888344e-07,0.003914587502955255,2.196493109016148e-06,0.00016468439238923787,3.091541085856478e-05,2.2736510927912507e-05,0.06243884596885527,2.2791366098678875e-05,0.0020134909683790494
16,0.012985763545497624,0.0005078344273733913,0.0013093238174892161,0.022031843301135785,5.837652266234776e-05,0.0003217524257417513,0.04356320409725671,1.7091737545570796e-06,3.608661399610789e-07,1.7431001063512458e-06,0.006036642958654063,0.0055481740843708,0.00016913176972798121,0.8390869577836856,9.389545734229989e-06,0.00010699635634719926,7.497316882195657e-07,0.004084708384507156,2.221623103519787e-06,0.000159749902311213,3.290027046476181e-05,2.3072375106822775e-05,0.061865417282099114,2.081549805237225e-05,0.002071161156989463
17,0.008804335812858477,0.0003471049271060353,0.0009586869554269079,0.022952707601310997,4.962541941367902e-05,0.00022595532659001514,0.030673212753760785,1.1745319446602564e-06,1.8800212453929094e-07,1.2480400932040056e-06,0.0038923500804458827,0.004751764297883168,0.00016211928153646497,0.8647225670634053,4.681789348700372e-06,7.375433509265614e-05,5.059245035782544e-07,0.003385023900529695,1.2923421215479466e-06,0.00013100233896469536,2.1393694471769405e-05,1.489909749814146e-05,0.05734158067313205,1.4234408325326389e-05,0.0014685914021116628
18,0.020564415524907613,0.0006261595400046177,0.0014540546125662178,0.024296491402767347,5.669463736780934e-05,0.00023245951429464107,0.04969391500154285,2.250688721684335e-06,2.812962492284862e-07,1.927629263188748e-06,0.0057291398199049316,0.00798912599781469,0.00020464965972618872,0.8047770465773934,8.8473189735358e-06,9.90148695650085e-05,1.445002073643518e-06,0.006478372835734563,2.0255264089570223e-06,0.00016121336936350425,3.727310538110305e-05,3.37829850207484e-05,0.07483130074874521,3.771383654192184e-05,0.0026803984996674277
19,0.007686236505656573,0.0004233614575040192,0.001851179012576512,0.020590699472631972,8.246737779236688e-05,0.0002553635488942614,0.030801084319334857,1.5427062082255618e-06,4.471665475637653e-07,1.5516163619800083e-06,0.0051004838813716365,0.005612742708357964,0.0002439835815747921,0.8915878176128543,6.530061625670817e-06,6.887165061760056e-05,5.51059842221368e-07,0.0025268642041970176,1.830506199071349e-06,0.00014605669609907564,2.0143527882641618e-05,1.6986661068488348e-05,0.031619938683958765,1.714833277320808e-05,0.001336117648069385
20,0.011058732976990289,0.0006174565183914202,0.0014569327508882164,0.023808017062163664,7.949602072043597e-05,0.0002865527875616223,0.03882267217211597,2.7347243286223477e-06,4.772748263474653e-07,2.1330907288498317e-06,0.005823044484917975,0.006071335654682835,0.00019455236118080772,0.8451310036046751,1.23717928992163e-05,9.683160614084296e-05,1.093984249410066e-06,0.0037914584750696196,2.8156604481683945e-06,0.00018022842099807993,3.556917368893866e-05,3.874968541315543e-05,0.060389163435020515,2.5030272867692318e-05,0.0020715460090324433
21,0.012560619652059377,0.0004040974637475363,0.001300491334273861,0.02071803225316549,5.3691071529272175e-05,0.00029197191406452104,0.04243328135086623,1.39742905317006e-06,2.9165460931253847e-07,1.4212348591150995e-06,0.005432777983389949,0.005809040092311449,0.00017965616122301713,0.8474437471990603,7.344862340362661e-06,0.00010157484187903687,6.189033332224673e-07,0.0036073366340790185,1.7868294779790103e-06,0.00015302853581270146,2.587624778083738e-05,1.788290085719515e-05,0.057714025393602826,1.8479529273001176e-05,0.0017215285273513015
22,0.01703823823182737,0.0004907635891693917,0.0015554902560248173,0.02146524677520815,6.422431979953549e-05,0.0003604958397121803,0.04529487293762545,2.123945634791784e-06,3.7579940695167305e-07,1.5540446587409303e-06,0.0085384825182888,0.0074949875637886874,0.0001762363914601929,0.8212872213740281,9.962915037327214e-06,0.0001168457686663715,1.103098969725536e-06,0.005721271305092174,2.5086478529248413e-06,0.00019139028980595188,3.914167045405879e-05,2.978636765594369e-05,0.06825790106756473,2.4355997595652553e-05,0.0018354192846719325
23,0.013402132063824786,0.0004960592415556338,0.0014664463618366225,0.021879940164117564,6.248109613800007e-05,0.00032763296500103455,0.04603022161106983,1.7741418308844413e-06,3.9158408377880556e-07,1.6634857254028548e-06,0.006529874065890851,0.005756101048582213,0.0001810979983695227,0.8351357259027289,1.0031188045440133e-05,0.00010740902515370894,7.694424727888344e-07,0.003914587502955255,2.196493109016148e-06,0.00016468439238923787,3.091541085856478e-05,2.2736510927912507e-05,0.06243884596885527,2.2791366098678875e-05,0.0020134909683790494
24,0.014515850248970988,0.0005036165104987008,0.0015375231630978903,0.021718910406908355,6.295880167048916e-05,0.0003375801888994183,0.04866116512184939,1.8728671441846044e-06,4.16040396560333e-07,1.6812315101327462e-06,0.006907672513794869,0.00603469661077538,0.0001812105247379602,0.8281744040414764,1.0940215336923601e-05,0.00011363434550437739,8.269129762028624e-07,0.004018362543093095,2.3012842210305196e-06,0.0001693729081550124,3.2329397438643365e-05,2.3967245033897415e-05,0.06485646296877226,2.4335963895094194e-05,0.0021079079438427063
25,0.015953657067577738,0.0004297061014872188,0.0019130580463611081,0.034874456195017785,5.410121473672121e-05,0.00019113722307140949,0.058170668494542874,3.116760160643803e-06,3.6510949148864846e-07,1.130899367780683e-06,0.010149504279407274,0.009443002742920172,0.00027876232369184384,0.8031003239464652,6.496729690019556e-06,7.14737501919582e-05,1.0890071708261236e-06,0.005035149626625236,2.341993695852478e-06,0.0002818569848164411,2.956326195961951e-05,1.847400794960746e-05,0.058162801819912485,2.6499320571338177e-05,0.0018012630931173016
26,0.03444767496705901,0.0008119880188986294,0.003096317888101967,0.03377793513818663,8.510704898126824e-05,0.0002899650142463828,0.07349998540669184,4.060191530016513e-06,5.351806607922778e-07,2.341620463778805e-06,0.010095306093789332,0.010539448911849741,0.00035736513768957383,0.7328291927959536,1.2208632818199064e-05,0.00011038438995123812,2.6435214099311923e-06,0.01039690296840431,2.1931180971189447e-06,0.0002592345337556701,4.3022496476147875e-05,3.713235478127589e-05,0.08586164062845249,9.735227779834211e-05,0.0033400616639527926
27,0.01842592656861091,0.0006560278166265052,0.001896202197009538,0.023734552943286177,7.518191179377697e-05,0.0004863926382393625,0.05972935839714089,3.1697473588532506e-06,8.871581783978571e-07,2.701036230016207e-06,0.007860385492968401,0.00600809905084544,0.00017809853178623813,0.7990022560619113,2.105300662022647e-05,0.00017573241792170216,1.0938564640876328e-06,0.004248601913711571,3.832520463776761e-06,0.00022783109263277505,4.348684238370933e-05,3.886754246536666e-05,0.0737497658055346,3.2214521002530696e-05,0.0033982809288138974
28,0.013402132063824786,0.0004960592415556338,0.0014664463618366225,0.021879940164117564,6.248109613800007e-05,0.00032763296500103455,0.04603022161106983,1.7741418308844413e-06,3.9158408377880556e-07,1.6634857254028548e-06,0.006529874065890851,0.005756101048582213,0.0001810979983695227,0.8351357259027289,1.0031188045440133e-05,0.00010740902515370894,7.694424727888344e-07,0.003914587502955255,2.196493109016148e-06,0.00016468439238923787,3.091541085856478e-05,2.2736510927912507e-05,0.06243884596885527,2.2791366098678875e-05,0.0020134909683790494
29,0.013402132063824786,0.0004960592415556338,0.0014664463618366225,0.021879940164117564,6.248109613800007e-05,0.00032763296500103455,0.04603022161106983,1.7741418308844413e-06,3.9158408377880556e-07,1.6634857254028548e-06,0.006529874065890851,0.005756101048582213,0.0001810979983695227,0.8351357259027289,1.0031188045440133e-05,0.00010740902515370894,7.694424727888344e-07,0.003914587502955255,2.196493109016148e-06,0.00016468439238923787,3.091541085856478e-05,2.2736510927912507e-05,0.06243884596885527,2.2791366098678875e-05,0.0020134909683790494
30,0.013402132063824786,0.0004960592415556338,0.0014664463618366225,0.021879940164117564,6.248109613800007e-05,0.00032763296500103455,0.04603022161106983,1.7741418308844413e-06,3.9158408377880556e-07,1.6634857254028548e-06,0.006529874065890851,0.005756101048582213,0.0001810979983695227,0.8351357259027289,1.0031188045440133e-05,0.00010740902515370894,7.694424727888344e-07,0.003914587502955255,2.196493109016148e-06,0.00016468439238923787,3.091541085856478e-05,2.2736510927912507e-05,0.06243884596885527,2.2791366098678875e-05,0.0020134909683790494
31,0.013818979204195376,0.0005925500753630391,0.0019958765380055795,0.028655077137076452,6.858160266792744e-05,0.00019163129832321977,0.04176221723096099,2.4603439208659045e-06,3.3367276222981747e-07,1.954008987438324e-06,0.004259319608830815,0.006133078084330628,0.0002787865662039942,0.8486078273428648,5.2164088381905034e-06,7.782709148852446e-05,8.825578294418254e-07,0.00495391288944903,1.759192011496919e-06,0.00020216713633001575,2.4985955415574098e-05,2.0678717078975172e-05,0.04624930351279878,3.500229338095473e-05,0.0020595915308853937
32,0.013463946364822033,0.0004926951815156211,0.0014684906769905502,0.020757483538123813,6.344897337667353e-05,0.0003492420704999166,0.04618980852720167,1.8496226330256821e-06,4.407752813019154e-07,1.7420717653324462e-06,0.0065096002321288855,0.005735919966881677,0.00017143027885331197,0.8377446634654547,1.1220993592628146e-05,0.00011935401427767844,7.711362768423555e-07,0.0036743418545542267,2.559512963852945e-06,0.00016648568616009428,3.273635221217039e-05,2.4536176114941102e-05,0.06093129298660723,2.140228845651569e-05,0.0020645372532550983
33,0.017368073680313272,0.0004685607269004678,0.0022731691991166075,0.026629050971286546,6.132584720056124e-05,0.00043611684596831624,0.06712357862136675,2.3242968243882107e-06,8.816234670210129e-07,1.8955462372789917e-06,0.009338282016082559,0.006142963278568335,0.00015983759257922158,0.797171199507432,1.6772954638590754e-05,0.00014998868114502687,7.396062347499675e-07,0.003550217338155447,3.0972508519100053e-06,0.00020132978405347393,4.275609669657496e-05,1.7705205304548228e-05,0.06510945517919398,2.643578717597195e-05,0.003704242363206692
34,0.005255044246112728,0.0003373095265771176,0.00038926479454514377,0.0303591423404459,3.587599844568752e-05,0.00010728207353014192,0.019670184983740447,7.807222210470322e-07,1.992327070690964e-08,7.123032645952008e-07,0.003513891360209437,0.005241902120127501,0.00014431532290411008,0.7864907343505095,1.540848179339922e-06,3.0358515871096518e-05,8.382975245937358e-07,0.00775702714723241,3.641530363171764e-07,0.00011606026395921826,1.9664598697451692e-05,1.7517554999873816e-05,0.13977353524668124,1.5268564182577565e-05,0.0007213647437319246
35,0.055188868087116115,0.001191010084745138,0.0026733994743886433,0.048276305328204504,6.71140348496969e-05,0.0003760391439826039,0.09077349451896038,9.777312640250524e-06,1.3134769079882384e-06,5.5038812382126805e-06,0.010259705849249751,0.013518381727197718,0.00033990063222205907,0.680663478695948,1.3986786632562934e-05,0.00015962951636840572,3.2603196922295068e-06,0.01834369022495779,6.400918225373922e-06,0.0004470844488699809,7.826640335412531e-05,6.940787584288503e-05,0.0693669029997364,8.533453758239221e-05,0.008081743721086701
36,0.014385321927778196,0.00043389395327557125,0.0018278029240527275,0.019348327844108382,7.21679100876644e-05,0.00021034333284728648,0.03799777811957393,2.211221064681604e-06,4.132095732220877e-07,1.6249732593741455e-06,0.004575842389266477,0.00836513066832425,0.0002034780898922986,0.8622464748096059,9.788075300122366e-06,0.00010055774583108453,1.1158345412761253e-06,0.002770769054018994,2.6245405263187375e-06,0.00013909745054688978,2.955030628997823e-05,2.701865843980447e-05,0.045192569712355274,2.37133070249514e-05,0.002032383942415517
37,0.008590459044686376,0.0005938992487869717,0.0014601406558222285,0.026492875699889912,7.823796265691722e-05,0.0004955732742544088,0.045875070516000566,2.1854285085757316e-06,6.967234393087945e-07,2.600044798573924e-06,0.0075362931370139665,0.004611398436863735,0.00018411535954112495,0.8247048951878901,1.611654558571711e-05,0.00013038621625078512,7.268740304627118e-07,0.0034335620439434242,2.8218933079322885e-06,0.00020718025948632517,4.0110734310133126e-05,2.628571043018523e-05,0.0730726664382397,2.1395200782360835e-05,0.002420307363480183
38,0.021334019061930443,0.00039548852939939134,0.0010001920393019692,0.011962124765258902,4.047709779158331e-05,0.0006442521276123264,0.074381914744762,1.1693113010057778e-06,3.664958421994215e-07,1.3895076453616709e-06,0.008867849542581664,0.00526565662547329,0.00011009339646557977,0.7706716614692853,1.881625459261399e-05,0.00024216713959542593,6.070963609024745e-07,0.0037586031586754574,2.7759277396764404e-06,0.00015121964340778272,3.4458158470105874e-05,2.7172301975180694e-05,0.09933384543186578,1.7162853479957172e-05,0.0017365173191860434
39,0.01402018072424298,0.0002998889779445643,0.0016612406220252727,0.025301050593415676,6.198575160975799e-05,0.00037337588483215303,0.038582059048128156,2.7150839690554026e-06,4.96074670725253e-07,1.691924510486588e-06,0.00567452308429683,0.00823415734845182,0.00012564330109392715,0.8350004502705384,9.510587041440514e-06,0.0001710390462731431,8.031784173550163e-07,0.00357139242700765,3.415809448208942e-06,0.00023364638866466063,4.654772269977585e-05,2.2521836201406278e-05,0.06402318484433916,1.489384557782473e-05,0.0025635856245995697
40,0.008148420740266709,0.0009758031596018157,0.0023306752256202485,0.1437770187157739,5.6869351958954095e-05,0.0005426725289870318,0.1514562747105958,7.975704664543675e-06,1.2960950313665567e-06,7.539539058034233e-06,0.012858513029281468,0.0035913981074041246,0.0008339993750879813,0.45622718188322775,1.1791817198898424e-05,0.000145791330073687,1.26902565937405e-06,0.013274904419845896,1.5998655831256818e-06,0.0014691836119287874,4.806835983192912e-05,1.4709598342551354e-05,0.19992981146348845,0.00011698426426368014,0.004170248077223935
41,0.00701110312248902,0.00047836508312652874,0.002682012941014918,0.017000730007315265,0.00011291949717379743,0.00042698425531564047,0.03178098000481501,1.561609424846952e-06,1.409698276214365e-06,2.356225934596405e-06,0.0037132466466346303,0.002644477493982055,0.0001490323437222983,0.9049995288311582,1.735583696940328e-05,0.00012242763119866008,3.3788403868522174e-07,0.0011047465932072656,2.9081684293932377e-06,0.00010943942116437935,2.3951972560606446e-05,1.3885579502185876e-05,0.02518345034046213,1.7225331823547445e-05,0.0023995634802607964
42,0.020329285903389983,0.0006769299103546569,0.0016429841575202086,0.02113722524533448,6.622631721202805e-05,0.00042416182685757307,0.06050672253834113,4.807305811699852e-06,8.366167477219185e-07,2.7518870929260794e-06,0.00765817853937627,0.007493484868640703,0.00012190427116175068,0.7841187297229272,2.77428537711998e-05,0.00025446681721509525,1.7172013965639497e-06,0.004039975075874384,7.143565794507094e-06,0.0002894763808421315,6.646210883363198e-05,7.842489406999612e-05,0.0876052850209781,2.5410801748880653e-05,0.0034196661687071897
43,0.010223647950627008,0.0006646162880584067,0.0010035858498082615,0.021766206939567392,7.911358708754613e-05,0.0006460577758977444,0.03598244293645479,2.269156722947975e-06,6.326281777610369e-07,3.6979904134932585e-06,0.0054074199698238455,0.004369636561292892,0.00012006808419582558,0.8313443738593,1.8188325302677342e-05,0.00018216416434233852,8.756837857855358e-07,0.004357494783139826,3.8999788971008926e-06,0.0001673167982712861,6.0252235183702894e-05,4.5530893829398164e-05,0.08071766705264223,1.783832556452746e-05,0.0028150021816130116
44,0.013402132063824786,0.0004960592415556338,0.0014664463618366225,0.021879940164117564,6.248109613800007e-05,0.00032763296500103455,0.04603022161106983,1.7741418308844413e-06,3.9158408377880556e-07,1.6634857254028548e-06,0.006529874065890851,0.005756101048582213,0.0001810979983695227,0.8351357259027289,1.0031188045440133e-05,0.00010740902515370894,7.694424727888344e-07,0.003914587502955255,2.196493109016148e-06,0.00016468439238923787,3.091541085856478e-05,2.2736510927912507e-05,0.06243884596885527,2.2791366098678875e-05,0.0020134909683790494
45,0.015987962683495484,0.0005453079018010216,0.0025655202558200097,0.0217810604483159,8.030331554021278e-05,0.00034852038829426236,0.07920021360003345,3.043088771644347e-06,8.692402352962109e-07,1.9280871254382714e-06,0.008279371971091536,0.006085667662432804,0.0003053325843311049,0.8030366781100147,1.7217303630687106e-05,0.0001360771744294277,9.141061754428545e-07,0.002819377066212528,3.113925652406171e-06,0.0002406180021380093,2.524882729524967e-05,2.5849584296817814e-05,0.05662973701331318,3.79586273244984e-05,0.0018421090322288628
46,0.03839271487935328,0.0007291332143246171,0.002505673709559176,0.039709857014739405,9.60398774528381e-05,0.00019057258400905454,0.04945823614356543,6.494129138412816e-06,3.404971478230403e-07,1.950065768276275e-06,0.01078726984488755,0.021848151992030218,0.00035858744744640697,0.7112289296713252,1.3128673974027304e-05,9.538467495337374e-05,7.702054668439275e-06,0.011600134661665434,2.7662396998737157e-06,0.00028108606531152854,6.501672002656736e-05,6.78892953007921e-05,0.10923368386536365,9.294720580554888e-05,0.0032263094724831105
47,0.051785412138453016,0.0006003300296369922,0.0015473838479508647,0.015418278364695294,4.602082686140554e-05,0.00033140079828701346,0.0671142907271444,2.432293991968761e-06,3.0164425599695944e-07,1.757524824963411e-06,0.007850074741415039,0.015378139379414624,0.00018168374174740002,0.749781658884218,1.2765201755760035e-05,0.00019592349094973657,2.0500170628302847e-06,0.008311012984874433,3.191860568262361e-06,0.00020604879908017192,4.36148018262345e-05,6.120529428855684e-05,0.07822200411586444,3.756024368327348e-05,0.002865458247149192
48,0.013405925065036165,0.0004963760525704741,0.001465959111450459,0.02188029591372424,6.247802736435484e-05,0.00032746822974252397,0.04604135550494429,1.775428204081208e-06,3.9149669660228284e-07,1.6643122858116823e-06,0.006528161401798721,0.005756427676175279,0.0001811448100133984,0.8351019306490233,1.0033937850940798e-05,0.00010741667977345946,7.702579001501287e-07,0.003915680315916962,2.197795931115518e-06,0.00016469954695361917,3.092486863019741e-05,2.2760493024057695e-05,0.062457812416098206,2.280399941757465e-05,0.0020135460094741022
49,0.01061142435597625,0.0003679481289679492,0.001421753538856374,0.01913458273190271,7.115920408370365e-05,0.0003520562192619467,0.032940178314104916,1.4936551154706552e-06,3.1787990937403786e-07,1.3539563335441166e-06,0.00648978232076614,0.007196265595390125,0.00017423954750003028,0.8607491766170721,7.910251439766252e-06,9.769046953293932e-05,6.915778203847358e-07,0.003676885925836041,1.8656717631357933e-06,0.00015872521657267705,2.73109443420518e-05,2.2375279177602838e-05,0.05503820792354517,1.6325259958700532e-05,0.001440279414770934
50,0.011279255340345656,0.0004853403597888958,0.001297659165364659,0.0189041162103497,5.4728140283094604e-05,0.00031364675558758095,0.048169368294957896,1.564188786498663e-06,4.253214528484989e-07,1.941623568573007e-06,0.004517770466907137,0.004078671644618454,0.00016853885092377383,0.8559796042140582,8.99101510534209e-06,0.00011909594367762587,5.239519814577704e-07,0.00283921335778022,2.468397003781407e-06,0.0001494440622767505,2.4952949746930465e-05,2.1004805606515444e-05,0.049703169616953126,1.781259762125637e-05,0.0018606927252537908
51,0.023087085289545613,0.0005461650630539915,0.0022228587460858965,0.015479307647524454,7.602394473067038e-05,0.0005606234112755675,0.06771208495678242,1.981575015937873e-06,6.63114066045127e-07,1.92268140677335e-06,0.008495808712621131,0.006775114136708992,0.00016284648436574594,0.7683769014909708,3.0154298865755264e-05,0.0002748828039318869,1.251607625347781e-06,0.003142577475246301,2.9815852854458666e-06,0.00019131958642615827,4.1452947650042946e-05,3.369043385586118e-05,0.09990822555172468,3.939890685791063e-05,0.002834677548376516
52,0.012482820086977793,0.0003877816534220435,0.003948988105430356,0.016906402260528766,6.103488960072251e-05,2.7701073894847223e-05,0.03577200898040915,3.385139555096756e-06,4.332659699989076e-07,7.521664487683064e-07,0.002037666538674244,0.008376632241485039,9.402480875342254e-05,0.8971631056032224,1.2051239373244427e-05,6.12336609675095e-05,1.3854047383074316e-06,0.00038009187008916135,5.136550475553807e-06,6.798526171018412e-05,3.16869051355407e-05,1.5928504533438642e-05,0.018436639326757546,2.0399978119675497e-05,0.0037047244837272544
53,0.009334199597535089,0.0004206267309133085,0.0013053356916312632,0.018342462676365766,8.975727431474997e-05,0.00021374161700924885,0.01796172502652891,1.4295645123797766e-06,2.563064403377363e-07,1.3603235343466367e-06,0.0038540004554899966,0.007116260191379814,0.00015804677610040701,0.904846370441974,5.212794856488409e-06,5.3820291189244466e-05,7.440897236896399e-07,0.003344566389122848,1.837397064038736e-06,8.680056079002413e-05,2.86274610915947e-05,2.120006952785018e-05,0.031322808297231525,1.4936931074004385e-05,0.0014738730445989449
54,0.011916562226552062,0.0005058102738980865,0.0010224108729755966,0.01396452400913974,3.387945584055733e-05,0.0002757801881662079,0.052606542939007996,9.239059137857015e-07,3.2834260782431644e-07,2.02452621916532e-06,0.002718864182456774,0.0031505146946700226,0.00012605779316662478,0.8608108152625794,9.514476766115262e-06,0.00016130071960017019,3.3753210151815687e-07,0.001902792163573383,1.9977834553918336e-06,0.00011858696220852888,2.0641374966855096e-05,1.780871722614441e-05,0.04812560662021622,1.4441984205389687e-05,0.0024919329924862794
55,0.027429778493849956,0.0006762613240243336,0.002885487160571565,0.03761298415812112,7.218132233230088e-05,0.000307651208269927,0.06908594386606806,3.204528481491454e-06,7.030513791699444e-07,2.2317977727899268e-06,0.010648142670726543,0.012554138657405208,0.00046461426708671415,0.7758550305612063,8.217302690773023e-06,8.956228462412152e-05,1.3054424810523346e-06,0.008480710078107176,2.3175850931460324e-06,0.0002964677008210647,3.223176773349985e-05,2.190897565344699e-05,0.050116013803284815,5.31427803036677e-05,0.0032997692119117123
56,0.01276633580653547,0.0005115228447971547,0.0015280951921423681,0.022666950671005683,6.657427270612476e-05,0.000317296211400866,0.04478000799601083,1.8294120679336152e-06,4.0410382565152623e-07,1.7231595188209149e-06,0.006444885822371238,0.005796651238396875,0.00020895172005543113,0.8399835202760905,9.572385882709676e-06,0.00010194209700876108,7.922690249815032e-07,0.003859612413990775,2.168806444954984e-06,0.00017137869795731407,2.928752020205262e-05,2.220867253353276e-05,0.05880866158463436,2.3827539629694175e-05,0.0018957992857659952
57,0.011537936480557258,0.0004477438240116224,0.0021793177738894873,0.019180096636556076,9.71420771334891e-05,0.00026207914313180895,0.029209766487385533,2.664080657422288e-06,6.045697658804505e-07,2.1537782239958976e-06,0.004602297817754672,0.009799519503657287,0.00022645065165901698,0.8853282840442882,9.060722858412745e-06,0.00010911558796154908,1.1348581847554887e-06,0.002829705038321962,3.591839055890964e-06,0.00016889457103648085,3.396296876972708e-05,3.330021156418363e-05,0.032086155870008244,1.9200865332251362e-05,0.0018298205982347684
58,0.014829950033604475,0.0005863098212329156,0.0016514661148096866,0.023728194524591812,6.815456115570578e-05,0.00030442383728484357,0.04924136611922657,2.12739399333965e-06,4.1372659558499e-07,1.8748465745495927e-06,0.006756209102406532,0.006129693194732819,0.00020626872718254024,0.8224351464109819,1.087739217059019e-05,0.0001051121796096717,1.01106670256018e-06,0.004508847812531842,2.246379935269633e-06,0.00017371157966576236,3.414509341623686e-05,2.625794253325916e-05,0.06693243842970521,3.085025941236095e-05,0.002232903449943942
59,0.016630228820152967,0.0005863943128308478,0.002014783968968419,0.02467124597690325,7.101038169095037e-05,0.00029522921829893783,0.053161333257807954,2.343704031869648e-06,4.483599133950257e-07,1.8482501632618855e-06,0.007102367016110303,0.006613052102130644,0.00022101666512673197,0.814428087900787,1.110088359224284e-05,0.00010896838413001517,1.1074625438386862e-06,0.004812854504784649,2.2008113044623645e-06,0.00018946797046615052,3.48476754374088e-05,2.5616400014432558e-05,0.06659310146433782,3.7203592098693964e-05,0.0023841409163736275
60,0.013402132063824786,0.0004960592415556338,0.0014664463618366225,0.021879940164117564,6.248109613800007e-05,0.00032763296500103455,0.04603022161106983,1.7741418308844413e-06,3.9158408377880556e-07,1.6634857254028548e-06,0.006529874065890851,0.005756101048582213,0.0001810979983695227,0.8351357259027289,1.0031188045440133e-05,0.00010740902515370894,7.694424727888344e-07,0.003914587502955255,2.196493109016148e-06,0.00016468439238923787,3.091541085856478e-05,2.2736510927912507e-05,0.06243884596885527,2.2791366098678875e-05,0.0020134909683790494
61,0.015639985525670145,0.0005630746878698089,0.0019948776146240777,0.023436945428770076,7.154229556062978e-05,0.0003050218434578475,0.0504323836415607,2.2005935567868585e-06,4.577015587725592e-07,1.777826301408228e-06,0.007244373658821408,0.006728891075664055,0.00021461431629896726,0.8246617217820217,1.0984505086571968e-05,0.00010899809026376782,1.0207914364149668e-06,0.004403814987058273,2.265761548504433e-06,0.00018685151045859692,3.377562373854764e-05,2.5058104114932173e-05,0.0616431366823991,3.2438729642845624e-05,0.0022537872225160886
62,0.013402132063824786,0.0004960592415556338,0.0014664463618366225,0.021879940164117564,6.248109613800007e-05,0.00032763296500103455,0.04603022161106983,1.7741418308844413e-06,3.9158408377880556e-07,1.6634857254028548e-06,0.006529874065890851,0.005756101048582213,0.0001810979983695227,0.8351357259027289,1.0031188045440133e-05,0.00010740902515370894,7.694424727888344e-07,0.003914587502955255,2.196493109016148e-06,0.00016468439238923787,3.091541085856478e-05,2.2736510927912507e-05,0.06243884596885527,2.2791366098678875e-05,0.0020134909683790494
63,0.01425921838596202,0.0005830744430492307,0.0014922455924074075,0.022526368915645627,6.410849464876625e-05,0.0003368670707705596,0.04898334163672091,1.9171327024837423e-06,4.2443232328979136e-07,1.8368406393764086e-06,0.007028853712041544,0.005694907899147343,0.00019613858437281928,0.8275348473495949,1.1119507879063439e-05,0.00010914123655905989,8.56006713001101e-07,0.004281824710376201,2.336784321989617e-06,0.00017463716163153807,3.278627309698464e-05,2.547855958939763e-05,0.06448230162446134,2.6102040591251472e-05,0.002149265604753811
64,0.01408384208810936,0.0005276502913456695,0.0014656247940147565,0.02289638285756489,6.60777602493551e-05,0.00033620613983132054,0.042588199181692016,1.976187347501148e-06,4.076491491862445e-07,1.803187997388567e-06,0.00682158552906454,0.00654800057757001,0.00016141057835573262,0.8310738887344352,1.1365891888276712e-05,0.00011187348114571738,9.397011800680147e-07,0.004385951677035534,2.5200949285176198e-06,0.0001597259391880039,4.239778411912403e-05,2.585495542276467e-05,0.06627260969366679,2.3428510835184744e-05,0.0023902767138630336
65,0.0031401371713401342,7.996068371250054e-05,0.0002507315843625991,0.010565464727282974,5.1203906742008705e-05,0.0004988274894235916,0.006073210824446326,2.690635290895204e-07,4.089793418603076e-08,6.659814862390262e-07,0.0021208912515668877,0.005935724217493661,4.8523772118862075e-05,0.9180491678627275,1.4107530431186807e-06,6.603726687183783e-05,1.6984843838343252e-07,0.0037387124021173346,7.372312483785625e-07,4.912105723259481e-05,2.337604782220668e-05,1.0888400043926443e-05,0.04886923602363924,1.6547865118727327e-06,0.00042383674886465933
66,0.004774750886481878,0.0002688282868978642,0.0015092635391192196,0.017631290039573644,4.90384876044521e-05,0.00039201390289333223,0.041836555980915936,1.5193830232137394e-06,9.35072166137315e-07,2.9997157710214142e-06,0.0023442755212731148,0.003395075462060496,0.00032584988462535974,0.9101918575776504,3.3137619437003663e-06,0.00018792505259467604,1.3847507569443957e-07,0.0011814837075391571,4.1268690525146684e-06,0.00035530033554137953,1.0283512937084324e-05,1.1316417128073393e-05,0.014614948221984475,5.07961892497611e-06,0.0009018302872224363
67,0.011546570509589951,0.0004075592555698517,0.0013260589971000917,0.021369352158513093,5.700530582465359e-05,0.0003251080635021099,0.04340711741761033,1.4757579950906384e-06,3.12355497944151e-07,1.4362289944659442e-06,0.006046074697569475,0.005394536263791004,0.00016618052532575863,0.8365805333726023,8.770474331383974e-06,0.00011037366912538384,6.44861893659438e-07,0.0035429973096156994,1.8408775103620062e-06,0.00016506047866993477,2.7605438314191993e-05,1.9085154132534045e-05,0.06768083717385635,1.919996157976816e-05,0.0017942636914846692
68,0.010552184078496011,0.0004456905794388683,0.0015860076058615024,0.018426029639967367,6.585860755938603e-05,0.00026430556898765273,0.04082560234188739,1.6035536049991455e-06,4.4057092540683003e-07,1.567273814331031e-06,0.004717577549752223,0.0046276066154834275,0.00017457087776814233,0.871620252579726,9.257845588656905e-06,9.567640236919616e-05,5.774059760363288e-07,0.0023734591909953494,2.3056482192534434e-06,0.0001299124553715804,2.4160996726704714e-05,1.864599478017504e-05,0.04231288697820469,1.862434150687491e-05,0.0017051952969886672
69,0.011100221207655653,0.00041438937849989547,0.0010686532629861287,0.015203669345821938,6.313690323955898e-05,0.0003419617532198083,0.034797431327684175,1.1681576054710451e-06,2.98491053178314e-07,1.2708093077474295e-06,0.005968291692594881,0.0052807243282617464,0.00013986289178402272,0.8656986467695376,9.500651828083744e-06,8.80910251695278e-05,5.899107510781162e-07,0.003098498074888625,1.938454092574764e-06,0.00010032058856505275,2.6216973850598837e-05,2.2302635906760457e-05,0.055173835769997924,1.5096607318232321e-05,0.0013838829883796476
70,0.05992065541548817,0.0031268737294148316,0.0018045067236896924,0.039716977945655575,8.405032710800558e-05,0.0007310586941631598,0.18978127634807634,2.093333399565191e-05,2.6023745846379107e-06,7.156319878099206e-06,0.038058159800984544,0.007935665681549329,0.00026514533741771795,0.3883738688439748,0.00012145278065002756,0.00019421486266340833,9.759600195443409e-06,0.024265400447071855,1.2623616662982372e-05,0.0004647078184063373,0.00020222651781500245,0.00020626668747027725,0.23697681093788792,0.0002449554125465766,0.007472650442649713
71,0.0036068950903967397,0.0007137390229463339,0.0009274011185750135,0.009284970472614205,0.0001531835308846821,0.0005928101601502449,0.011062837177387572,6.494128072662399e-07,7.039263503070976e-07,3.0546637999914197e-06,0.002853004095351008,0.0020579180446522664,8.783469877489607e-05,0.9446077346041672,1.4197333421532698e-05,5.874428763610224e-05,2.6378862826132074e-07,0.0013834118996807697,2.2081767672876964e-06,3.065518784084958e-05,2.7911791263038846e-05,2.4149878757417523e-05,0.020821333888922912,8.925071825338556e-06,0.001675462676398764
72,0.013385135977847363,0.0004953932697781472,0.0014664440387151378,0.021855687730116098,6.247954644087407e-05,0.00032765478398396686,0.04597390398596311,1.7706031492080871e-06,3.9151934635909386e-07,1.662045789346352e-06,0.006520907620025571,0.0057512528492971015,0.00018088633997964646,0.8353298661903895,1.0026753486741686e-05,0.00010740717801024918,7.676138778354538e-07,0.0039053550813904236,2.1943291831296354e-06,0.0001644521827098545,3.0876138549615276e-05,2.2700755315816063e-05,0.062367418716116056,2.274838610686879e-05,0.002012616364432272
