,0,1,2,3,4,5,6,7,8,9,10,11,12,13,14,15,16,17,18,19,20,21,22,23,24
0,5.4863600565194875e-06,0.00019741070520292765,9.162379826979193e-05,0.0009129076256765868,0.0014430801701342873,0.012815220419235867,6.313275179994321e-05,2.031144148893099e-07,1.3990629729778796e-06,7.887245973675829e-07,0.5997955120027417,0.004281188830928898,0.0417139958625291,0.3256487934108716,0.00014244455292308604,0.0002270412497925071,0.0010909242858670916,0.00018789943175626087,0.0001347207958945263,1.1068164170681293e-05,0.0004994899405458327,3.3756794618953265e-05,0.010688826166974221,2.483035046236248e-06,1.0602742978333135e-05
1,6.941669605388834e-06,0.0002309827727789335,0.00011819991270179058,0.0010838044168405454,0.0017203273901433595,0.019630557840219692,8.314386961511226e-05,3.5229196863144187e-07,2.191944364597492e-06,1.1605045296733757e-06,0.5991044933256492,0.0047202716431623175,0.05728253524624914,0.29931008929747055,0.00017326223121337896,0.00039719712033453434,0.0013723641433434856,0.0001840794170965177,0.00023898079074045748,1.884514503669894e-05,0.0005560725912357063,4.0334068788128226e-05,0.013709928973089378,3.27327066388591e-06,1.0610123158833643e-05
2,6.376954109330966e-06,0.00019996260966101683,0.0001104849026782725,0.0008503335400612665,0.001849385350402052,0.016145918438024074,8.468444342455184e-05,2.900873412191983e-07,2.087541867193194e-06,1.231048185736878e-06,0.5282556404911515,0.0037648187255785222,0.03816300919878627,0.39157120217842944,0.0002140149538082968,0.00025950537557389814,0.0009296558237522452,0.00020195457732086262,0.00021484208842114554,2.528860917054791e-05,0.0005895837761467633,5.432603885201603e-05,0.016483931184523546,3.5098042614349518e-06,1.7962258468577828e-05
3,5.778001238524765e-06,0.00021409674701218607,0.00010494657001255736,0.0009068605399496996,0.0014936660100965918,0.01746144136865294,7.341255124445477e-05,2.485188141871384e-07,1.3624884661390402e-06,9.171497747327975e-07,0.5812542106302888,0.005064753929470382,0.04846060444219512,0.33031160655147684,0.00015802188799612677,0.00028222779311690046,0.0011261157067851868,0.0002029413858881421,0.00018664644355193157,1.5551431302366706e-05,0.0006140912000532912,3.7637498922490824e-05,0.01200941820154215,2.4998420142951964e-06,1.0943110134025221e-05
4,5.181820573510478e-06,0.00021137727630799282,9.775581844295939e-05,0.0008914948905011443,0.0014375930779396014,0.015895170304525242,7.037264218289818e-05,2.3243677425510034e-07,1.254029666764729e-06,8.413299347563233e-07,0.5765807130098809,0.005361978807470441,0.05596738472112141,0.330361356344883,0.0001290672344360126,0.00026957431834000477,0.0011018369175667668,0.00020469737911988026,0.00017114832641764198,1.4273796516712767e-05,0.0005567404351855536,3.4113328535195214e-05,0.010623881478472806,2.1883612158210486e-06,9.771913988596425e-06
5,6.841894970176088e-06,0.0001651880230114767,0.0001008732144923949,0.0010933360887897953,0.0013657986654978243,0.014505245849134938,7.04165517527283e-05,2.3645637938107346e-07,1.3301507461344324e-06,1.0588544068408927e-06,0.5413924555650828,0.005318631694547486,0.04516187443486368,0.3756450282735857,0.00011679322877592762,0.0002895039950642821,0.0012265421149128509,0.00033696869623025356,0.00013894586809458284,1.8538322405812274e-05,0.0005954689620828996,3.3971950238075594e-05,0.012398749015979003,3.0757904313310014e-06,1.3126338523627103e-05
6,5.778001238524765e-06,0.00021409674701218607,0.00010494657001255736,0.0009068605399496996,0.0014936660100965918,0.01746144136865294,7.341255124445477e-05,2.485188141871384e-07,1.3624884661390402e-06,9.171497747327975e-07,0.5812542106302888,0.005064753929470382,0.04846060444219512,0.33031160655147684,0.00015802188799612677,0.00028222779311690046,0.0011261157067851868,0.0002029413858881421,0.00018664644355193157,1.5551431302366706e-05,0.0006140912000532912,3.7637498922490824e-05,0.01200941820154215,2.4998420142951964e-06,1.0943110134025221e-05
7,6.338441086694401e-06,0.0002527950716401671,0.00016012889078304525,0.0007529480418168677,0.0012818988291551118,0.012890391257502461,5.669867399418216e-05,2.783751560807715e-07,8.128810940746413e-07,5.582032444586471e-07,0.7043051370383595,0.005203335414420464,0.08721504405453294,0.18033496048714,0.0001165217067407206,0.0001983973499332024,0.0009525942708100872,0.00014045601682860997,0.00023479736673708175,9.310597142084507e-06,0.0004697522214501375,2.7346720469200713e-05,0.005383448221088062,1.861050996052326e-06,4.188817878654867e-06
8,5.673668074075467e-06,0.00019768314823267753,0.00010286117886122114,0.0009060908330074092,0.0015070085219671021,0.015851560142292748,7.094250272022503e-05,2.2330968632212118e-07,1.458087628652917e-06,9.855097246528134e-07,0.5739766271868586,0.004192679615687492,0.040274585414377305,0.34821240134356735,0.00017131335406806152,0.0002566297661763447,0.0010108306009904786,0.0001954472180877478,0.0001641631615730846,1.5527431358779634e-05,0.0005823647893957676,3.858407384258701e-05,0.012249024851333834,3.00041899211753e-06,1.2333871495444832e-05
9,5.472429342848525e-06,0.00013848778937945478,0.0001326813551589927,0.0011228707653190358,0.0013416135445453762,0.01502331665655851,5.069695407418996e-05,2.2816960614920804e-07,1.6691552954974584e-06,1.310415983869617e-06,0.5553597158843605,0.0027213681137126817,0.03441562426746912,0.37525448941568484,0.00016460175712564924,0.00023641752552218008,0.0010218836105781142,0.00017374046765007803,0.00013525327963381591,1.8978976928318163e-05,0.0005143714961485489,4.167334314794795e-05,0.012108461067542046,4.928375066002777e-06,1.0145184166233953e-05
10,5.778001238524765e-06,0.00021409674701218607,0.00010494657001255736,0.0009068605399496996,0.0014936660100965918,0.01746144136865294,7.341255124445477e-05,2.485188141871384e-07,1.3624884661390402e-06,9.171497747327975e-07,0.5812542106302888,0.005064753929470382,0.04846060444219512,0.33031160655147684,0.00015802188799612677,0.00028222779311690046,0.0011261157067851868,0.0002029413858881421,0.00018664644355193157,1.5551431302366706e-05,0.0006140912000532912,3.7637498922490824e-05,0.01200941820154215,2.4998420142951964e-06,1.0943110134025221e-05
11,5.675700908927581e-06,0.00021809994399503798,0.00010613127487733738,0.0009419558764312531,0.001476600675746904,0.017817644789944822,7.643724096452149e-05,2.71322698946459e-07,1.3569493989447142e-06,8.978780415071163e-07,0.5792296238282574,0.005408486276201368,0.05606175342878171,0.32429521978432996,0.00014898178993690177,0.00030095438354933154,0.0011976622490173204,0.00020604859597907107,0.00019380661839600601,1.5668552981315486e-05,0.0005910066399844763,3.703560487177286e-05,0.01165613339716985,2.347884422675153e-06,1.0199313112698855e-05
12,7.943764026472446e-06,0.00018842853595295506,0.00015631660620183486,0.0010725717710151903,0.0008888416637277619,0.014911294828737863,8.09763192942056e-05,6.202177422715899e-07,1.702675672691783e-06,1.2939242212108628e-06,0.6950401301510536,0.003929315394666824,0.06582990121311418,0.20499366181298992,0.00022993618204271378,0.00032758950263360275,0.0018336960602502984,0.00012903427910144775,0.00031702205070660127,1.3805295458297821e-05,0.0006375389611430629,7.855517380037223e-05,0.009320148675134504,3.5869713019284736e-06,6.087970010086339e-06
13,4.4598813993640635e-05,0.0005229556953096178,0.00025266916273723364,0.0010654301951378408,0.0018625241422881452,0.14283042378805322,0.0008643426587508276,3.4300147798455474e-06,2.0634505129339374e-05,2.0508402217207437e-05,0.03536938553542842,0.009394443480603866,0.026915748936274464,0.727497734125939,0.0001965550809034353,0.0014773525556068992,0.006234700336355544,0.002474305726826834,0.0010980869647117923,0.0005646019352850939,0.0011684077959553422,0.00045016671170411247,0.03918341693535745,4.85597941766463e-06,0.000482720521233114
14,7.1783552253582054e-06,0.00014858754060106632,0.00012998359161370398,0.001454879423763588,0.0013888882374826226,0.016499903558449488,9.336134526977642e-05,4.0469969393230403e-07,2.3057532862552544e-06,1.5113789917133546e-06,0.547180100858866,0.003427921885758483,0.039283341991933625,0.3697991291126393,0.00022222839121012147,0.0003397363983016045,0.0014897129578865746,0.0002473229386546945,0.00015996938173940822,2.3756426470193515e-05,0.0006480370605341202,5.5760841413452166e-05,0.017375570431898347,4.844281381298039e-06,1.5563156935367672e-05
15,5.778001238524765e-06,0.00021409674701218607,0.00010494657001255736,0.0009068605399496996,0.0014936660100965918,0.01746144136865294,7.341255124445477e-05,2.485188141871384e-07,1.3624884661390402e-06,9.171497747327975e-07,0.5812542106302888,0.005064753929470382,0.04846060444219512,0.33031160655147684,0.00015802188799612677,0.00028222779311690046,0.0011261157067851868,0.0002029413858881421,0.00018664644355193157,1.5551431302366706e-05,0.0006140912000532912,3.7637498922490824e-05,0.01200941820154215,2.4998420142951964e-06,1.0943110134025221e-05
16,5.720798411456376e-06,0.00017455232677626896,8.220030615072298e-05,0.0008676070909119945,0.0012401554434247719,0.013153057306768794,7.005480942780044e-05,1.702023157557533e-07,8.559288324064921e-07,1.1345844524522576e-06,0.5093265054763513,0.0070448487378608525,0.03738687470651439,0.4173885159105994,0.0001041034175552413,0.0002472021150610807,0.001055113571656972,0.0003840697472772996,0.00013126819978606975,1.619515527863748e-05,0.0009355497429929012,3.6667200414436626e-05,0.010330522249118502,2.1021981713746683e-06,1.495277388915037e-05
17,2.634438787167924e-06,0.00018190806212074035,0.00023789085276993487,0.001267456613397334,0.001637268272645337,0.06573045525911529,7.437272646661599e-05,2.3195158333997757e-07,5.019402826134945e-06,1.4074210268199843e-06,0.8301765703666404,0.00018488252565923693,0.012601970628578174,0.0775497470604343,0.0024756599943870313,0.0003555877701775023,0.00043760657850635116,5.079714538128522e-06,0.00019333937720977538,5.98200588266048e-06,0.00021266966299235873,2.335823010070941e-05,0.006620154427435702,1.6737780840552243e-05,2.0088758783739328e-06
18,6.678515113601931e-06,0.00023080174649107654,7.788963391931537e-05,0.00073688153822252,0.0011872904540452757,0.01650007002091044,8.268456021933976e-05,2.2877644630735907e-07,1.5320575536491948e-06,1.1707059521383049e-06,0.4809068070876681,0.006718469697303861,0.045424545132291015,0.431527207198483,0.0001223592541716016,0.00027612706677179874,0.0014694060441101456,0.0003373942684124571,0.00017156412583511484,1.8689000277879414e-05,0.0006290544132823952,5.08297679695747e-05,0.013500372640890507,2.3040647632672472e-06,1.964222889572672e-05
19,5.360250767733761e-06,0.0002307737809576583,0.0001242512991978091,0.0009812482180625896,0.0018745214497339069,0.01499617702280512,7.535055166227737e-05,3.0223926055585865e-07,1.1762035083408116e-06,7.731534286998606e-07,0.587386289593047,0.006597555463636025,0.0673617457805314,0.30865767181427667,0.00013417188285869103,0.0002879687828950391,0.0010312046195924843,0.00020914438016522499,0.0002140274031135016,1.4893928428612549e-05,0.0006020000583724793,3.6026811365880986e-05,0.009167293784638153,1.874212035921157e-06,8.197315658323486e-06
20,4.604164183518582e-06,0.00020255715054942332,0.0001238040382721619,0.0009053068978116612,0.0014564967860646544,0.016350520578063205,9.387003569277398e-05,3.5168462882292574e-07,1.270465733412976e-06,9.484723093431319e-07,0.6572955449888384,0.003371768959786416,0.03914852095288158,0.2658235531492554,0.00035826145938287,0.00023934281818012074,0.0008267222044824389,0.00010816024099072032,0.00023975820084315284,1.4195275889464307e-05,0.0008504044263917982,5.8218053291037115e-05,0.012513404550075496,2.721464950569977e-06,9.692981451730721e-06
21,5.770847462660997e-06,0.0002116902780480478,0.00012133567354542866,0.0009939884624540593,0.0013313388081686033,0.02401310870721227,0.00010378369778718908,3.6526626741527267e-07,1.934780968413157e-06,9.316620602371905e-07,0.589311719285349,0.003937922326057898,0.05361571771839534,0.30781051130768156,0.000251882965440949,0.000333353081565679,0.0014238409678097165,0.00015771262333386162,0.0002299746637301266,1.8335869419011922e-05,0.000506117296194778,4.9723181841314845e-05,0.015554296788567996,3.1171382025345626e-06,1.1526602435778415e-05
22,6.044638082191996e-06,0.00014933657919927098,0.0001241842962028616,0.0011295031894521482,0.0010576657119964199,0.01497151641087805,5.5103896674443935e-05,2.4164750097816697e-07,9.554770576291097e-07,1.1413070641274947e-06,0.6009325206511176,0.004998814748642803,0.045416373704923005,0.3191453440418102,0.00012168072318711226,0.000277536584350345,0.0013921568086667298,0.0002580565166164279,0.00014253087595834775,1.4584481573167382e-05,0.000720735277542966,3.7123690008612486e-05,0.009036137910754038,2.822636122786586e-06,7.888194617556213e-06
23,5.778001238524765e-06,0.00021409674701218607,0.00010494657001255736,0.0009068605399496996,0.0014936660100965918,0.01746144136865294,7.341255124445477e-05,2.485188141871384e-07,1.3624884661390402e-06,9.171497747327975e-07,0.5812542106302888,0.005064753929470382,0.04846060444219512,0.33031160655147684,0.00015802188799612677,0.00028222779311690046,0.0011261157067851868,0.0002029413858881421,0.00018664644355193157,1.5551431302366706e-05,0.0006140912000532912,3.7637498922490824e-05,0.01200941820154215,2.4998420142951964e-06,1.0943110134025221e-05
24,5.4927687102676865e-06,0.00020664209227548252,0.00010066068294517253,0.0009253575116109165,0.0015575091497855996,0.0164745175224124,6.989917966723609e-05,2.371797045799196e-07,1.3008919025554302e-06,8.638002541758748e-07,0.5750645643847474,0.005188169538494319,0.05001102187648847,0.33619950516098196,0.0001424485737345472,0.0002837014733103899,0.001072781019769885,0.00020728447568704449,0.000176195305771123,1.5034647299082289e-05,0.0005850722475061987,3.411387320809792e-05,0.011664884442382598,2.3512687941361944e-06,1.039093255629614e-05
25,5.865410102365297e-06,0.00013705176561589104,9.697200595540585e-05,0.001089476074133255,0.0012997365482989123,0.00880489781681247,6.517964252713173e-05,3.0452011417674525e-07,8.721631667313828e-07,6.685695618032231e-07,0.6883747355197593,0.004854920305943163,0.05847540362850317,0.22528683247002643,0.00012067487964965382,0.0002673831303126756,0.0009317577324253878,0.00020564746352793377,0.00016681444755845017,1.1181135423011965e-05,0.0005992147340774547,2.763498207068111e-05,0.009168733958426694,1.995132293492827e-06,6.045963714412651e-06
26,8.97256919706274e-06,0.00020457467774124944,0.00011447099509651954,0.0012998045372060282,0.001700328492122419,0.019452604093517106,6.945760803385221e-05,3.450581518825184e-07,2.9799461762832015e-06,9.162602109628372e-07,0.6281875402327457,0.003186254783352173,0.0472049841862726,0.27473909538960506,0.00018395829682464165,0.0003413172873652461,0.0014096885183856873,0.0001852316225579352,0.0001658851388704772,1.8664589694385112e-05,0.00043754411993806664,2.991213690055793e-05,0.021037881372601614,5.299970338915587e-06,1.2288117093583917e-05
27,5.3723666807009975e-06,0.00022175809531943836,9.670467574865553e-05,0.000813817445922798,0.001518377133280551,0.017975312967614347,9.327230115145787e-05,2.71851711897873e-07,2.287321271276707e-06,1.2381927235480416e-06,0.5551454091799077,0.0036347266640693815,0.03823793331489294,0.36521410350267,0.0002491168679557099,0.000272533899834572,0.0011066374409103945,0.00015728673301967322,0.0001952979115672712,1.9132992842528778e-05,0.00053281740462339,6.0307949852269054e-05,0.014426593855293678,3.5081025344672484e-06,1.6181828601325157e-05
28,5.778001238524765e-06,0.00021409674701218607,0.00010494657001255736,0.0009068605399496996,0.0014936660100965918,0.01746144136865294,7.341255124445477e-05,2.485188141871384e-07,1.3624884661390402e-06,9.171497747327975e-07,0.5812542106302888,0.005064753929470382,0.04846060444219512,0.33031160655147684,0.00015802188799612677,0.00028222779311690046,0.0011261157067851868,0.0002029413858881421,0.00018664644355193157,1.5551431302366706e-05,0.0006140912000532912,3.7637498922490824e-05,0.01200941820154215,2.4998420142951964e-06,1.0943110134025221e-05
29,5.778001238524765e-06,0.00021409674701218607,0.00010494657001255736,0.0009068605399496996,0.0014936660100965918,0.01746144136865294,7.341255124445477e-05,2.485188141871384e-07,1.3624884661390402e-06,9.171497747327975e-07,0.5812542106302888,0.005064753929470382,0.04846060444219512,0.33031160655147684,0.00015802188799612677,0.00028222779311690046,0.0011261157067851868,0.0002029413858881421,0.00018664644355193157,1.5551431302366706e-05,0.0006140912000532912,3.7637498922490824e-05,0.01200941820154215,2.4998420142951964e-06,1.0943110134025221e-05
30,5.778001238524765e-06,0.00021409674701218607,0.00010494657001255736,0.0009068605399496996,0.0014936660100965918,0.01746144136865294,7.341255124445477e-05,2.485188141871384e-07,1.3624884661390402e-06,9.171497747327975e-07,0.5812542106302888,0.005064753929470382,0.04846060444219512,0.33031160655147684,0.00015802188799612677,0.00028222779311690046,0.0011261157067851868,0.0002029413858881421,0.00018664644355193157,1.5551431302366706e-05,0.0006140912000532912,3.7637498922490824e-05,0.01200941820154215,2.4998420142951964e-06,1.0943110134025221e-05
31,1.2047196861595486e-05,0.00026512050688794745,0.0001687450407431939,0.0010188865004511739,0.001875355879877187,0.015030192762539413,8.392875570494154e-05,4.836160079399048e-07,1.4360902957297491e-06,1.027545517160295e-06,0.5664066132700232,0.008402101315810345,0.07795549568220822,0.31230100765615665,0.00012174092331783798,0.00032705584564028325,0.0014427126753998824,0.00039725729775216985,0.00033282717409577025,2.365845936756215e-05,0.0007735255997817725,4.5980380239144834e-05,0.012996616276187698,2.4248247718581285e-06,1.3758724361279605e-05
32,5.8095531191246105e-06,0.00022204009912722087,0.00010985912372587462,0.0008634937965238488,0.0015386258990164256,0.01845692633907871,7.813509380301956e-05,2.761094272910636e-07,1.3596523363006717e-06,9.29140506813889e-07,0.5785616302864892,0.0052620472063860495,0.05119702565550542,0.3284892419448688,0.0001704325031835216,0.00029310739529317794,0.001110865046568261,0.00019657171251139422,0.0002234685212316072,1.7034748511675598e-05,0.0006400360783428584,4.162789767441706e-05,0.012505902921235003,2.389341525458726e-06,1.1163934008590682e-05
33,4.840715442360761e-06,0.00019469598029845108,8.296825767111609e-05,0.0008656644952422856,0.0009011905068051989,0.017069520907161743,8.533583160896684e-05,3.2926562360258537e-07,1.2801574408821611e-06,9.9904431528363e-07,0.46809274110032173,0.008938991901584571,0.10398489538771309,0.3880850646776187,7.180623137713915e-05,0.0003854405793524241,0.0022374431621975843,0.0003052876451483869,0.0001845282291126577,1.6942849072771227e-05,0.00039289710852021475,5.182997699377867e-05,0.008035936767421306,1.4633407604148108e-06,7.905881195337783e-06
34,3.283282505859652e-06,0.00015426520419578376,8.388839535814539e-05,0.0014776319093295963,0.0010047463591821722,0.0335817476607916,0.00010441669478971244,2.315042950003045e-07,9.54233903138257e-07,1.0714165580449808e-06,0.4326294112785937,0.00693765133740354,0.04460021412255648,0.4625893338058873,0.00014791740469480614,0.0004655794237845192,0.001914379109924417,0.0003347209649904503,9.019611114295881e-05,1.851140705925964e-05,0.0008056363193514603,3.161858252501545e-05,0.013010054538826228,1.8143456839391426e-06,1.0724586666898491e-05
35,5.8881193625505814e-05,0.00043160525619193485,0.00018661114065749584,0.0014076232350614167,0.001354239653610592,0.010158468588589842,0.00013733911688407067,1.559024255823061e-06,3.9832859354542265e-06,2.4122466041295313e-06,0.507390826110527,0.021526840228898506,0.15462176529507032,0.2827086156223572,5.905170658148674e-05,0.0005708700918495395,0.005609917924933195,0.0017141826938960978,0.0004908642770440545,3.187763757035942e-05,0.0007569699875648963,9.095027641072413e-05,0.010656522110736182,3.4278757015021085e-06,2.459541944283028e-05
36,5.07735924899174e-06,0.00014904883308203756,0.00011728733229763791,0.0007140779480784733,0.0022038413362412495,0.008910807934339156,3.08022155925776e-05,6.757567287318026e-08,4.794013380386257e-07,5.846201585170385e-07,0.733179643797137,0.001961252466707402,0.015728134519590715,0.22666461211854894,0.0001640240931914044,9.450624872278963e-05,0.00020962412733840834,0.00011928554043387537,0.000110370536409939,8.512816865693921e-06,0.0009747650017318667,1.1531030734688786e-05,0.008629733990194033,3.5323018154395563e-06,8.396854528130772e-06
37,4.02870263764847e-06,0.0003684957149638244,8.925074956731566e-05,0.0007449934257078031,0.0018225190993677496,0.03255352525549362,0.00011181768793063001,3.4979384869201617e-07,2.0158919709784623e-06,8.711373623648812e-07,0.5236830351370196,0.006388838467361064,0.062241473503866454,0.35233867359863075,0.00024491535346993703,0.00036246287030362536,0.0013667313736776335,0.0001237901581320068,0.0002988830039438924,1.7396482867870374e-05,0.0007138001687859889,5.547920332734816e-05,0.016452543807959883,1.4239896396489262e-06,1.2685422163646644e-05
38,4.609124878256423e-06,0.0002198357437142436,0.00010310004714695515,0.0008504249642137252,0.0012163880593957825,0.03370270906662891,0.00010083433784749987,3.186629652377555e-07,8.977708311106582e-07,7.40547349837079e-07,0.6138343854750885,0.006315266834156803,0.06914528553998582,0.2568827119067616,0.0002056925605962422,0.0004812236312779141,0.0012801094456249974,0.000160606050127568,0.0002947288414574104,1.686491462979083e-05,0.0007758900398973611,3.292402539770923e-05,0.014365465137372873,1.6584576043496396e-06,7.328815049345355e-06
39,6.969841427353905e-06,0.00023752287877038425,0.00011042507573306554,0.001128918843176967,0.0015993335040670245,0.02667851484970147,0.00012976520674206545,4.717995795149922e-07,1.5007212422590973e-06,1.1064405479940841e-06,0.5484384205876802,0.007206142342299162,0.061885339315763774,0.32802644808912373,0.00021924007381758325,0.0004859643028085966,0.0015776068484541898,0.0002695785572456193,0.0003014356556713009,2.4077739422990983e-05,0.001042529592447187,5.0822202968364415e-05,0.020559467907954928,2.1324001897799884e-06,1.626522316438251e-05
40,1.1426192331253737e-05,8.46471821143137e-05,4.082297431363801e-05,0.0027373518523766114,0.0005777552972983563,0.010438667601793796,0.00010850518748937229,6.756816679195188e-07,3.1825074371369887e-06,1.2572424427734942e-06,0.6538366795981194,0.003354113096769469,0.07076631809973416,0.21773499416270892,8.550763082746334e-05,0.0006884518216133642,0.003665140633433693,0.00038503089734420753,9.473279724666459e-05,1.559734579136151e-05,0.0005305145790342255,2.3548299186406036e-05,0.03479881592820648,4.590658145474564e-06,1.1672732573409574e-05
41,3.980575182899877e-06,0.00036919192062290267,0.00010625273263837725,0.0012305732576448445,0.002553416209557297,0.025780478044895826,5.941811934359654e-05,2.085077670961944e-07,3.5298389217515195e-06,7.154130766896331e-07,0.5729882568557678,0.0032243045099840354,0.05592526309014488,0.3236275208949752,0.00016099343095162886,0.0002815075914145795,0.0012392331487749986,9.034038208141389e-05,0.00010910492892974272,1.0284610425432198e-05,0.00030578925139987796,2.1037086885114373e-05,0.011897667087154673,2.9534096926925464e-06,7.97910176675947e-06
42,7.585217692723358e-06,0.000321330243877591,0.00022283595239284458,0.0008094658371381096,0.0015779893466794529,0.020487752084449046,0.0001094193771974546,9.280614151431928e-07,1.5648614311236382e-06,1.4711765198880887e-06,0.6109737645461385,0.008029496665348832,0.08345517352715096,0.2597179614469609,0.00030002529654901694,0.00035975255336362133,0.00159735420536285,0.00014545973537681477,0.0007767959190629624,2.4056716327111686e-05,0.001156396727150115,0.00014812892582337993,0.009764964808115858,1.9961633778407375e-06,8.330605097945738e-06
43,5.665495786176313e-06,0.0002196970998554334,0.00010053139869945391,0.0008687399152608768,0.0015040306278636143,0.016571978148883452,7.205483382030643e-05,2.3250409737275285e-07,1.2190455807288302e-06,7.689018733953915e-07,0.5925697933214573,0.005471053101296495,0.05088545431272688,0.31776698969463263,0.00014854929367183375,0.00027274819931422334,0.0010812474080128876,0.00020602426438015616,0.00018148548730958708,1.363897264035087e-05,0.0005841500949615136,3.327555164559741e-05,0.011428104877905422,2.1960424449232943e-06,1.037140587941429e-05
44,5.778001238524765e-06,0.00021409674701218607,0.00010494657001255736,0.0009068605399496996,0.0014936660100965918,0.01746144136865294,7.341255124445477e-05,2.485188141871384e-07,1.3624884661390402e-06,9.171497747327975e-07,0.5812542106302888,0.005064753929470382,0.04846060444219512,0.33031160655147684,0.00015802188799612677,0.00028222779311690046,0.0011261157067851868,0.0002029413858881421,0.00018664644355193157,1.5551431302366706e-05,0.0006140912000532912,3.7637498922490824e-05,0.01200941820154215,2.4998420142951964e-06,1.0943110134025221e-05
45,5.071345699122767e-06,0.00020060250008971156,0.00014843136540759454,0.0012615825324512164,0.0015018050142424776,0.02805911579964888,0.0001421524619016441,5.883628489547485e-07,1.631986419437928e-06,9.480964233504632e-07,0.6548554511881007,0.003775225022278946,0.05985088940936242,0.23239270517374863,0.0004377211125141205,0.00048394592488984017,0.001253444855434613,0.00011361306971641362,0.00030904734593378727,1.8918316938309314e-05,0.0006627481203966011,5.012711130011819e-05,0.01446359735395058,3.019684012167422e-06,7.616846290366813e-06
46,1.0077450712736249e-05,0.00018135149311098906,0.00013072593849584307,0.0019351132276667622,0.0006401558293249245,0.03246588581564076,7.272531980403129e-05,6.971160487856684e-07,1.42677544940186e-06,1.1271064514053152e-06,0.6062688910472617,0.00790602605684296,0.0962918871048623,0.23250396062148965,0.00011777206642805548,0.0006802528025185627,0.004878961738238125,0.00033165143818659045,0.000195828297652806,1.619234146963476e-05,0.0006989347504950877,3.9124672766843056e-05,0.014622581111293474,2.916497041175679e-06,5.733380747448312e-06
47,1.7669020205972193e-05,0.0005841068967707974,0.00016671347662339697,0.0005521350606470634,0.001314780498008992,0.0200841954235563,0.0001451352452970501,6.93982234780165e-07,2.030167760924479e-06,1.835581656834516e-06,0.5086830165864906,0.0186871620519517,0.09730700915967323,0.3375179574526491,0.00016241667961982707,0.0003503647153913678,0.0027378146771758092,0.000511089625656432,0.0007155213065408478,2.887445933739031e-05,0.0009975517110036769,0.00016034793519122576,0.009244890947658523,2.1010976374101087e-06,2.45862412606164e-05
48,5.3866584702901655e-06,0.0001792567687575234,9.611592009298482e-05,0.00085018216226628,0.0016022533640812945,0.012978016320632788,6.28832961905444e-05,1.8006829587774025e-07,1.2575686933187072e-06,9.347847594722723e-07,0.5669394002649979,0.004169464487239015,0.03533317979296733,0.364184015845015,0.00014900369325019215,0.00022138727948930168,0.0008252274780936042,0.000212324684614763,0.0001434929756238373,1.4890404952853685e-05,0.0005919104287505792,3.480730081128084e-05,0.011388903128338616,2.807930810936486e-06,1.27173928042864e-05
49,5.211136778153668e-06,0.00026048172706524933,0.00014988563320257535,0.0007702714594424006,0.001395649079832003,0.02470478158953313,7.518035439766976e-05,2.495416505280495e-07,1.073042910821562e-06,1.0971628170106838e-06,0.5162255608695323,0.007382522531057893,0.05391484232141433,0.3834111360422168,0.00015939228191874264,0.00026290039723731644,0.0012717686565301397,0.00023762363779205085,0.00023585822207500374,1.991942400138538e-05,0.0007490653103542159,5.569225445398939e-05,0.008697117320393103,2.1014352100943454e-06,1.0618568183173835e-05
50,8.785735356017538e-06,0.00023740617941644373,9.436413919545252e-05,0.0006724397789660721,0.0016909515828860773,0.01040396820033757,0.00018859110467814752,4.1530871046504714e-07,2.4585669431153694e-06,2.348801021786087e-06,0.47084083434567015,0.004971789348929396,0.04240793191483736,0.45130118624231286,0.00023813946724611016,0.00029018445785690004,0.001053563657120123,0.0003187813882448723,0.0003473549507590233,3.164674499001329e-05,0.000749293726137832,0.00012351258728702142,0.013981157807614431,3.178375072304431e-06,3.971558841034479e-05
51,3.926101656738583e-06,0.00023686746060760285,0.00011244182366119795,0.0013026000474410952,0.0014595599995409576,0.009873589519983688,3.9514895608675074e-05,1.9506837008421099e-07,1.527026121503301e-06,7.128941174150577e-07,0.6467653406351596,0.003700976188423838,0.056084654345860595,0.27394308161827263,9.717026213919519e-05,0.000158820375598962,0.0011044536361209756,0.0001070217427272625,7.529200205953296e-05,5.796851203895358e-06,0.00037868133670328213,2.5809920435055457e-05,0.004515734830181775,2.535106571986019e-06,3.6963114325465828e-06
52,5.460556852999526e-06,0.0006052939638392464,0.00010166902063064942,0.0005794341427091922,0.0024312588583877567,0.02624703047389967,0.00011751141379535643,3.3165640590874663e-07,1.689773784745879e-06,6.743623968118582e-07,0.5543388838786645,0.00867113784183045,0.056642827838315715,0.33089224357599345,0.0002901769823607922,0.0002551271728266901,0.0010521740663379411,0.0001308856686118899,0.0004187812821999577,1.312981621826843e-05,0.001058498278161748,5.7484073006013114e-05,0.01606893367354751,1.1861690101332919e-06,1.8175460212463947e-05
53,5.463913596908184e-06,0.00020314267973763506,9.43354536482183e-05,0.0009474426675636691,0.0014925881117823197,0.017529321826666413,8.76495392446913e-05,2.634486299959996e-07,1.4978363814903571e-06,9.191134761671605e-07,0.5754120051673718,0.004730846117484452,0.0478804702414495,0.3353245226551823,0.00017630281397022164,0.00030456671457006543,0.0011171475820123675,0.00020148213019883745,0.00017875045669237525,1.6344910995040138e-05,0.0005938225305871594,3.810074776840247e-05,0.013648246862366285,2.5628280293161442e-06,1.2203650594318099e-05
54,7.108355178593784e-06,0.0005400981186720293,6.756483849494532e-05,0.000511833462011063,0.001679960997709729,0.019200119991198132,0.00011100090176745101,2.1936516443960535e-07,2.07015159903155e-06,1.039877436489801e-06,0.4376937865547615,0.01090397919102132,0.053688612674578584,0.4609226755195203,0.00013674004107767492,0.00028691689329203026,0.0015165087504209786,0.00030613965730745687,0.00023546670803994404,1.4498554368549476e-05,0.0005909847995731303,5.6223964224066145e-05,0.011497375322196713,1.5547768446467846e-06,2.752053354142184e-05
55,8.628137085943008e-06,0.0005600363040550645,6.276558241796707e-05,0.0005690470402802367,0.002644845561767215,0.009954110572708176,9.6815032175446e-05,1.6457675133021585e-07,1.774723305066218e-06,5.939826375137053e-07,0.49788601944290867,0.020244410054510095,0.0661020479449879,0.3907671820593589,7.243417310389436e-05,0.00023704229718073006,0.001151061501517944,0.0005617497136906383,0.0001698923985947771,1.1081313197068187e-05,0.0005671766371216418,2.851694142229199e-05,0.008275329063646059,1.1709734380817623e-06,2.610397213767295e-05
56,5.618993516359812e-06,0.0002205400624727243,0.00010518853939182832,0.0008962402137514236,0.0015029428221430678,0.01690147364714393,7.416831857064451e-05,2.526758657377515e-07,1.3532989370099392e-06,8.784392118909309e-07,0.5821902622323613,0.0053119645354032605,0.054284080167524895,0.32475864286654055,0.00014714342342493747,0.0002806000521993525,0.0011241847517086078,0.00020415718552021928,0.0001872744010999267,1.527760034869843e-05,0.0005725904101227137,3.6448254796342154e-05,0.011165978916109157,2.3630546599251788e-06,1.0375137175572208e-05
57,6.9880342948004994e-06,0.00031729874879075654,0.00016851205521862918,0.0006703297384333666,0.0019165417778712582,0.021308106667602928,9.030061748090041e-05,4.724120021023701e-07,1.0291982625545354e-06,1.0099186625248851e-06,0.5646241161682776,0.011402202470309155,0.07774759571952636,0.30768914250737656,0.00017853630789376373,0.00034387998762765447,0.0011994313015778466,0.00022859177902915157,0.0006048025726231473,2.3495116484308633e-05,0.0011153497140124274,7.533063512420868e-05,0.010275342464729163,1.3996669176121876e-06,1.0194419871385011e-05
58,5.8279279596567e-06,0.00019917671287635044,0.0001119166264818889,0.0009232346590915271,0.00144366841156291,0.016558904903936102,7.203001240992129e-05,2.48136430852107e-07,1.4180487293230616e-06,9.638720785824827e-07,0.6019270596951863,0.004335965390077539,0.046097131074001624,0.31435331975074554,0.0001733892772594309,0.00027319432755484445,0.0010559330283692707,0.0001877430303358767,0.0001799051140547395,1.5638106560124255e-05,0.000571335843988501,3.8447243038681844e-05,0.011459972677464781,3.0569089166149794e-06,1.051922088913691e-05
59,5.740743301640797e-06,0.00018418060680119167,0.00011451595365162732,0.0009562428348328158,0.0014233360504478487,0.016387697754000622,6.71181582024102e-05,2.3210835795809128e-07,1.421763281469649e-06,1.0356894039411257e-06,0.6039473295440161,0.00392131960778807,0.0403138651643535,0.3187624870214918,0.00018030926730483123,0.00026954929150338827,0.0010205479436596946,0.00018530714929238117,0.0001671834666605055,1.5811234218923788e-05,0.0005786939677879727,3.756924420102307e-05,0.011444493387174874,3.469536235040249e-06,1.05425120302771e-05
60,5.778001238524765e-06,0.00021409674701218607,0.00010494657001255736,0.0009068605399496996,0.0014936660100965918,0.01746144136865294,7.341255124445477e-05,2.485188141871384e-07,1.3624884661390402e-06,9.171497747327975e-07,0.5812542106302888,0.005064753929470382,0.04846060444219512,0.33031160655147684,0.00015802188799612677,0.00028222779311690046,0.0011261157067851868,0.0002029413858881421,0.00018664644355193157,1.5551431302366706e-05,0.0006140912000532912,3.7637498922490824e-05,0.01200941820154215,2.4998420142951964e-06,1.0943110134025221e-05
61,6.06454285475791e-06,0.00019054837210314614,0.00012631313503316965,0.0009973687393359755,0.0014410047849139577,0.017193047196276706,6.598729400869299e-05,2.523367024584436e-07,1.3562958386389284e-06,1.0102627694793241e-06,0.6032563172974502,0.0042147496921561365,0.04336984884176928,0.31529523506020335,0.00017509216696487585,0.00026921355949563697,0.00108043821004782,0.00019354338267716116,0.00017659289647066397,1.6115603065115523e-05,0.0006116651092582283,3.788285220159593e-05,0.011267105857874313,3.2890805241388262e-06,9.957430004531028e-06
62,5.778001238524765e-06,0.00021409674701218607,0.00010494657001255736,0.0009068605399496996,0.0014936660100965918,0.01746144136865294,7.341255124445477e-05,2.485188141871384e-07,1.3624884661390402e-06,9.171497747327975e-07,0.5812542106302888,0.005064753929470382,0.04846060444219512,0.33031160655147684,0.00015802188799612677,0.00028222779311690046,0.0011261157067851868,0.0002029413858881421,0.00018664644355193157,1.5551431302366706e-05,0.0006140912000532912,3.7637498922490824e-05,0.01200941820154215,2.4998420142951964e-06,1.0943110134025221e-05
63,5.7852011471813135e-06,0.00023055081884479912,0.00010435527921573605,0.0008732593746479754,0.001523272891777819,0.017420993804577265,7.400550646402701e-05,2.447639589451069e-07,1.400708114738272e-06,9.076541505531968e-07,0.581644094989023,0.0051845859912801676,0.04890189291062418,0.32979393312520777,0.00015936339495170484,0.0002733759893398516,0.001121182493064324,0.0001980028828275398,0.00018804235080799157,1.5025684063805198e-05,0.0006087394134999235,3.8301369900105674e-05,0.011625114829876652,2.449339632390194e-06,1.1119233001709084e-05
64,5.8039383922578215e-06,0.00022496448706193364,0.00011578388677280091,0.0009616431754845693,0.0016719352989719787,0.017434423292335428,7.578607327719964e-05,2.6202369473307765e-07,1.270670232578767e-06,9.598232800638215e-07,0.602406550746441,0.005071852106033056,0.04504817438104189,0.3119481723809738,0.00017938493773524204,0.0002684583203976275,0.0009871415088893289,0.00019226796461683637,0.00020084176955675236,1.586124108251811e-05,0.0008276316786243339,3.820314265137063e-05,0.012309073980642442,2.5200786221920003e-06,1.1033093187993791e-05
65,6.404709499448389e-06,0.00021124593211562382,9.513626534446265e-05,0.0008857943776765473,0.001494755688214951,0.015543889072233535,7.327530317450988e-05,2.4633866523487254e-07,1.4208169666694306e-06,9.43177517581195e-07,0.564619568848332,0.005724416436293533,0.0505892157081396,0.34598876949177754,0.0001306146323144438,0.00029256775780267964,0.0011879850805381934,0.00024891960757042204,0.00018355052650755553,1.6193837085252062e-05,0.0005838619429893511,3.741542862685047e-05,0.012069280607165557,2.422513283540324e-06,1.2105900165001332e-05
66,4.096819371672666e-06,0.000129530785158395,0.00010214928563492397,0.0009712345294372855,0.00141409675073807,0.007800666528577212,3.223151319307681e-05,1.058137910431805e-07,6.517444693198661e-07,9.432602728205863e-07,0.5890060552027954,0.0041655438031540865,0.03443109048367979,0.35500626553842984,7.104101695399336e-05,0.00017371285764832407,0.0007115315161007418,0.0002163633975322709,8.422254988014342e-05,8.597802061915745e-06,0.0005729444424338234,2.313642624086815e-05,0.005065266035829606,2.3105912527848963e-06,6.211305362635043e-06
67,2.04541723407575e-06,9.101367184996502e-05,5.0453045077348795e-05,0.0006267329589284344,0.0005407168623909694,0.0467240225672785,6.608309699264295e-05,7.354207351092732e-08,6.019992703780768e-07,1.118160029669303e-06,0.3323807634665728,0.0025657395881389187,0.01830084001439483,0.5741128109756332,0.00014465856855267142,0.00025078090230313356,0.000967421894586476,0.0002234751568552192,7.316822318129128e-05,2.4537727608800046e-05,0.0006315834897661218,3.0651505317573316e-05,0.022169704936913285,2.3168283378490923e-06,1.8685400712396714e-05
68,5.914905826939103e-06,0.0002348247065360357,0.00010846433936883913,0.0008419298432161853,0.0016450533657639814,0.01740258045253559,7.057416102282648e-05,2.41532801346358e-07,1.5725659492627422e-06,1.0081297210739706e-06,0.5941544413486136,0.004258316898215196,0.04074011033303935,0.32602788157669943,0.00019527846997886971,0.00026249613029411906,0.001026811732136212,0.00016171729433829888,0.0002020946872068771,1.4939274802153774e-05,0.0006074098249609835,4.328861460559461e-05,0.011978481385045356,2.9067633145860854e-06,1.1661664007227502e-05
69,5.9546786606570714e-06,0.00022005884289324592,9.749011224216516e-05,0.0010197152916018913,0.00173228407804483,0.01452648699086874,7.41432526847488e-05,2.3829318526755646e-07,1.7686582362466912e-06,9.112852859357648e-07,0.5832230447637654,0.004486796684346988,0.043046065592902666,0.3370490900944858,0.00016387823311283007,0.00027715145335658974,0.0011056031363415597,0.0001992590794311234,0.0001483022812985977,1.3250589479800629e-05,0.0005215428713586273,3.4884195403181185e-05,0.012036776793816545,2.868917940759272e-06,1.2433829255650075e-05
70,1.0719408927243921e-05,0.0003797818083339453,0.00013263911449301507,0.0003521551314666708,0.0015278268354375754,0.007976164409870524,7.0162029324738e-05,2.6027783907266907e-07,7.091547800011184e-07,7.326360174143383e-07,0.7524712487926488,0.005856002617498126,0.03692803409064083,0.18463338446631453,0.00025749236551590374,0.00011498098169200338,0.000543435408291996,0.00014134175270143003,0.0005076385485041452,8.707585877553135e-06,0.001146810810321838,7.001656688179003e-05,0.006855484624272567,1.705786281729145e-06,1.2564796066493267e-05
71,7.854357534998115e-06,0.00024928581297307045,5.8479587825282625e-05,0.0008166707595607551,0.002128705803917115,0.008407295266982358,6.20696884852772e-05,2.1781748180115004e-07,1.7819987166628152e-06,7.507705471068368e-07,0.6012095879794072,0.007021132837172257,0.050837873156191295,0.31434743206276095,9.096887721298712e-05,0.00030019599713774673,0.001008404739083672,0.0002887544979612173,0.00014906453756939508,1.174275896983326e-05,0.0004959228840510343,2.5821719997788744e-05,0.012464111408827245,2.002874441539788e-06,1.3871805191564728e-05
