,0,1,2,3,4,5,6,7,8,9,10,11,12,13,14,15,16,17,18,19,20,21,22,23,24
0,6.159526633099248e-05,1.1246600672769649e-05,5.5672762428495573e-08,0.0003060111103564907,0.00047069553503566674,6.655432218797736e-05,1.7629402887548169e-07,9.40110841257114e-09,7.523072330022602e-08,0.00011502287848952862,4.5023450198193295e-07,2.589572201405014e-08,4.519347981974092e-06,0.9888072330436058,2.825308904347982e-12,1.9704214488401927e-07,0.00036159442377138703,0.004617552832318091,3.5506457366746934e-10,0.003995755016050449,1.0878624597110646e-07,1.4216331795252657e-10,0.0006181347253894797,2.3328564280887e-06,0.0005606529840901716
1,0.00010792884114534797,1.82827822930959e-05,1.056923426905331e-07,0.0003940684836340915,0.000790656235680906,0.0001433781503269282,2.5660218077957813e-07,1.8383910196061918e-08,1.9942980540014177e-07,0.00019831291600462067,6.281676081929017e-07,4.086962404738007e-08,1.0943564399465798e-05,0.981329307871162,6.111678416022163e-12,6.572869909305135e-07,0.0005325268527449712,0.006922556338984114,1.0107611028293668e-09,0.008270615735846696,2.004876553690342e-07,2.405879038295131e-10,0.000642958518706256,5.266757697310907e-06,0.0006310887737959465
2,8.935175605809366e-05,1.44769878481533e-05,1.7665152253136486e-07,0.0013901808675586735,0.00020863899483961927,0.00040268156025267276,1.2148956396291294e-07,1.3984631140549448e-08,1.901472425371764e-07,0.00018174862800106627,1.4799691841422952e-06,4.000528877563097e-08,7.73276658700477e-06,0.980976051457642,1.890529954839503e-12,3.930158797434419e-07,0.0008768407421962389,0.010853165909601666,1.6659921332506241e-09,0.0031943413060908647,4.389086530311195e-07,4.652365314091501e-10,0.0014659757518592743,2.0435101188949123e-05,0.0003155218651904659
3,7.016632611007394e-05,1.306840223161262e-05,5.98738825512209e-08,0.0003094020481594379,0.0006351780516632812,8.63157660367923e-05,1.869368012715161e-07,1.1521445699846132e-08,1.0872395369976917e-07,0.00011754081121520128,5.407073491158986e-07,3.0670380859636994e-08,7.156633341529897e-06,0.9865462771611695,3.867993580955494e-12,3.0002956432532955e-07,0.0004868019368777229,0.004929389671879219,5.448574063284933e-10,0.005599947535050394,1.3806426922581944e-07,1.7843822104008355e-10,0.0006282165414809204,3.1724500401840066e-06,0.0005659894099339332
4,7.035525622604083e-05,1.258233543009179e-05,5.8044530234834614e-08,0.00030268433729058284,0.0006421264973970337,8.26348961684644e-05,1.8782320300792306e-07,1.1667312986017852e-08,1.1836616449028908e-07,0.00010412142178006107,5.497692765786541e-07,3.651724170184728e-08,9.193333788351568e-06,0.9863912199374337,4.1100728662180715e-12,3.126743910341428e-07,0.0005450845507270927,0.004951032554461612,5.834661085419043e-10,0.005720120832764157,1.5017644815057987e-07,2.0043842734929442e-10,0.0005875907967986568,3.23918744444907e-06,0.0005765882357072397
5,6.98483821158963e-05,1.1680420084688733e-05,5.532375237240029e-08,0.00036189421577676107,0.0005041629330290668,8.236706121527912e-05,1.61848317473464e-07,1.0402487311713795e-08,1.0814130899157496e-07,0.00011673146216891477,4.883581921863663e-07,3.2030710304367364e-08,7.2665182982998e-06,0.9855955525903048,3.4891925590546997e-12,2.9727803045454475e-07,0.0005046276868324129,0.0061897025051004355,4.677031224093058e-10,0.005420199596164091,1.4093767342431985e-07,1.9258413183782995e-10,0.0005591261644167741,3.1780584365783496e-06,0.000572367421806922
6,7.016632611007394e-05,1.306840223161262e-05,5.98738825512209e-08,0.0003094020481594379,0.0006351780516632812,8.63157660367923e-05,1.869368012715161e-07,1.1521445699846132e-08,1.0872395369976917e-07,0.00011754081121520128,5.407073491158986e-07,3.0670380859636994e-08,7.156633341529897e-06,0.9865462771611695,3.867993580955494e-12,3.0002956432532955e-07,0.0004868019368777229,0.004929389671879219,5.448574063284933e-10,0.005599947535050394,1.3806426922581944e-07,1.7843822104008355e-10,0.0006282165414809204,3.1724500401840066e-06,0.0005659894099339332
7,2.9552450667110222e-05,9.990940530431704e-06,2.4224548567730978e-08,0.0002719919845532069,0.0004431339469917091,5.898259326078623e-05,1.0874851433595709e-07,7.2296226649494835e-09,7.320148594296263e-08,8.667764772315599e-05,3.7130630498620924e-07,2.0080363544276722e-08,3.892805058776994e-06,0.9897744646978368,3.2252806463950246e-12,2.3772403001028747e-07,0.00042572390621459303,0.0034585439854619214,2.896109470973018e-10,0.0045193979866365586,1.2064578457057732e-07,1.765307585241462e-10,0.00048560000283921675,1.6225474328434551e-06,0.00042946087477113855
8,7.271440620433724e-05,1.1642657050939986e-05,4.955257281801151e-08,0.0002623476660266179,0.0007299724311407846,9.233647338382582e-05,1.7441653747219163e-07,1.1680283198485302e-08,1.3761495289348309e-07,0.0001034609527562724,5.846683147320913e-07,3.3548831393191186e-08,9.907421687304799e-06,0.984253064146382,5.415235146319098e-12,3.8351584704583883e-07,0.0006994471216281139,0.006525104089512713,6.436871034729511e-10,0.00610665454234588,1.726497109605183e-07,2.627233648134135e-10,0.000496246793711931,3.170838749748538e-06,0.0006323819005431748
9,9.507062375897769e-05,1.119002294803871e-05,4.832637698069417e-08,0.00019039505603713034,0.0009535125583311169,8.344439890397728e-05,1.9403291725075126e-07,1.3234051206355011e-08,1.3335015828466128e-07,8.128139584140407e-05,6.945892868917916e-07,3.275572072473069e-08,1.0613404438554527e-05,0.984556796519337,5.592490020982763e-12,3.28597398897416e-07,0.0007845079284649606,0.0067105674300917675,7.589794810691773e-10,0.005408001218978179,1.375208689946138e-07,2.515069140384259e-10,0.00046142410204224536,3.0350327553260036e-06,0.0006485768852132515
10,7.016632611007394e-05,1.306840223161262e-05,5.98738825512209e-08,0.0003094020481594379,0.0006351780516632812,8.63157660367923e-05,1.869368012715161e-07,1.1521445699846132e-08,1.0872395369976917e-07,0.00011754081121520128,5.407073491158986e-07,3.0670380859636994e-08,7.156633341529897e-06,0.9865462771611695,3.867993580955494e-12,3.0002956432532955e-07,0.0004868019368777229,0.004929389671879219,5.448574063284933e-10,0.005599947535050394,1.3806426922581944e-07,1.7843822104008355e-10,0.0006282165414809204,3.1724500401840066e-06,0.0005659894099339332
11,7.236483655294101e-05,1.3113254145799486e-05,6.203548093250178e-08,0.00031404834313772113,0.0006728143812331432,8.68652109278714e-05,1.989427344442088e-07,1.2335603277255893e-08,1.1887469621010429e-07,0.00011515955059799875,5.681273653607175e-07,3.533438530708841e-08,8.817237988835375e-06,0.9858942828347489,4.215651688000671e-12,3.295278968413861e-07,0.0005305775074829639,0.005014715477045423,5.989837242414024e-10,0.006061603369607621,1.5026191146957463e-07,1.9617693808081993e-10,0.0006306149511410237,3.4236627063776704e-06,0.0005801231432332652
12,0.0006098648960649062,7.571062882472827e-05,4.615292267418055e-06,0.0047408451292782865,0.0021426633495713328,0.0009195496938331295,4.309747553723184e-06,6.888525708347115e-07,2.3665614663667586e-06,0.0008805498728321825,2.2482753964727127e-05,9.778174876031525e-07,7.337568548364888e-05,0.9343528548145904,9.773095563423852e-11,1.229796107899796e-05,0.0006675337206932719,0.01412233193326984,3.5475059090241104e-08,0.03395057332783069,1.3409120028542133e-06,2.7837683059774665e-09,0.006357095805959967,0.0003057029366136053,0.0007522299502031333
13,0.0011357818665655999,9.725155507928287e-05,4.998623327439942e-07,0.0010916886762275927,0.002675422786928091,0.000801173057814867,4.0230150152008134e-07,1.6768099401730853e-08,1.0784742483802196e-06,0.0015131163210848082,3.237880094558618e-07,2.7658059044050776e-08,2.430774288994057e-05,0.9017558635930704,1.1513273103917863e-11,2.4063749638894874e-06,0.0015660346188016397,0.04354473062918085,2.530500666399234e-09,0.04212619177340217,4.7223914430672843e-07,2.333518629268988e-10,0.0010312482316041165,1.945578735872389e-05,0.002612503118267609
14,8.076936629917525e-05,1.2633703367262273e-05,8.691920287760864e-08,0.0003856364190649664,0.0006039409897265635,0.0001010028513731504,2.036094528574196e-07,1.3406141894643587e-08,1.2935837529437595e-07,0.00012670563474359128,5.589606260491959e-07,3.797816903930315e-08,8.997372517563361e-06,0.9847500218479311,4.354974051463819e-12,3.380637784614621e-07,0.0005518334437236578,0.005716013675152389,5.70873997940502e-10,0.006277108911646378,1.775601059093107e-07,2.0449880533560777e-10,0.0007130484204345698,3.705284595489795e-06,0.0006670354438439844
15,7.016632611007394e-05,1.306840223161262e-05,5.98738825512209e-08,0.0003094020481594379,0.0006351780516632812,8.63157660367923e-05,1.869368012715161e-07,1.1521445699846132e-08,1.0872395369976917e-07,0.00011754081121520128,5.407073491158986e-07,3.0670380859636994e-08,7.156633341529897e-06,0.9865462771611695,3.867993580955494e-12,3.0002956432532955e-07,0.0004868019368777229,0.004929389671879219,5.448574063284933e-10,0.005599947535050394,1.3806426922581944e-07,1.7843822104008355e-10,0.0006282165414809204,3.1724500401840066e-06,0.0005659894099339332
16,7.112876642270208e-05,1.3116225986057825e-05,6.114294851199794e-08,0.0003114674233603733,0.0006421278096404096,8.786374348520746e-05,1.8790582637869834e-07,1.155787695667323e-08,1.0965253699031874e-07,0.0001176281338385477,5.478529948605894e-07,3.056136345308049e-08,7.20176145053351e-06,0.9864929544289489,3.874220947901365e-12,3.0070575855904044e-07,0.0004889933104945224,0.0049410869752028646,5.482308913743251e-10,0.005617420572697601,1.3751386738712168e-07,1.7720669964036416e-10,0.0006358979623246001,3.222030154183393e-06,0.0005685032335085161
17,5.470365650958908e-05,1.095991418677052e-05,4.424005449631917e-08,0.00027267353229165164,0.000565486534365051,6.43927595669203e-05,1.6387428900597255e-07,1.005135739791802e-08,8.622669238692209e-08,9.630331809316245e-05,4.6896878443350207e-07,2.9715013631038003e-08,6.861903995695612e-06,0.9879070454921465,3.2357552903433478e-12,2.432619293880238e-07,0.00048672309206933365,0.004234048411796867,4.268038138402806e-10,0.005196446025635662,1.2429954736903525e-07,1.7084175264429344e-10,0.0005789550746020619,2.45150137427957e-06,0.0005217775448172377
18,0.00011819992835051708,2.7501860075588284e-05,1.8535569226643914e-07,0.000692075480314953,0.000876772109845002,0.00023990747530431092,2.838273257073538e-07,2.6787367247627675e-08,2.645098770713023e-07,0.00018631341154992575,1.4718695075786146e-06,4.549789798571046e-08,9.644048815710308e-06,0.9823373265526703,6.445973738230775e-12,7.605264442579064e-07,0.000477594811074406,0.004720670262958495,1.836040896479755e-09,0.00859116092414891,2.0705120990787115e-07,2.5350894361938297e-10,0.0012865578385796432,1.2700044798514957e-05,0.0004203277301956889
19,6.246722149284655e-05,1.3702462154152625e-05,6.886959839284602e-08,0.00038984725288463703,0.0005934582619900098,6.569421448740655e-05,2.6778344750063887e-07,1.4778509960344912e-08,1.2692997619086493e-07,0.00011952173643712066,5.502040708068077e-07,5.0896436298402754e-08,8.358176175896241e-06,0.9867663941268315,4.9004374359999465e-12,3.6066198486995196e-07,0.00044058189066742843,0.00451824724623235,5.280637850247745e-10,0.005803980955867873,1.680579269252666e-07,2.3859851804368327e-10,0.0006175259847019808,2.996571797160478e-06,0.0005956149447657301
20,5.363484341447697e-05,1.0670372003114763e-05,5.722911962333875e-08,0.00032849173396715646,0.00046983769984168414,6.848008361598779e-05,1.9608789563631616e-07,1.7654569341990575e-08,9.93576118272494e-08,0.00011186700218319166,6.17107609212512e-07,3.9422357927956555e-08,6.653131263066955e-06,0.986935385459677,6.101876158661563e-12,3.4054175561935977e-07,0.0005000176372090744,0.005206137388826696,5.644091302058329e-10,0.005208663089405934,1.5747960637492066e-07,3.1552349653298485e-10,0.0005549487626942826,2.5486857789109913e-06,0.0005411383435593135
21,5.906695505139948e-05,1.3694047319337984e-05,4.448204134630522e-08,0.00032023336285118005,0.0004177596300215424,6.970158324596298e-05,1.3856110603710841e-07,1.1715355954693563e-08,1.320751556688366e-07,0.0001132312053157112,3.4546558377371245e-07,3.576267104965227e-08,7.266723422379327e-06,0.9874578520564952,3.4360712922265414e-12,4.7290899713924404e-07,0.00031377325491145646,0.004674792744484897,5.223538320118933e-10,0.005847409115392298,1.23628204844028e-07,1.6452633183039592e-10,0.00031970850285267495,2.6335235435317527e-06,0.0003815720056603699
22,2.7126075679305935e-05,1.964992231773737e-05,3.7914798511104644e-08,0.0003120754026571934,0.0008032345247831705,5.8731922016005236e-05,2.0537295990053253e-07,1.086865544657213e-08,1.0349557914622251e-07,8.016372739484254e-05,6.229153446639147e-07,3.809751829504161e-08,6.842398042719521e-06,0.9873737246864107,3.737397491022834e-12,3.2029808238493863e-07,0.0002649290625733352,0.001027652545643003,6.629148109983831e-10,0.008579312379931925,1.2450692343538923e-07,1.1129674153884469e-10,0.0011330697266251062,3.456131689802065e-06,0.0003085672464243751
23,7.016632611007394e-05,1.306840223161262e-05,5.98738825512209e-08,0.0003094020481594379,0.0006351780516632812,8.63157660367923e-05,1.869368012715161e-07,1.1521445699846132e-08,1.0872395369976917e-07,0.00011754081121520128,5.407073491158986e-07,3.0670380859636994e-08,7.156633341529897e-06,0.9865462771611695,3.867993580955494e-12,3.0002956432532955e-07,0.0004868019368777229,0.004929389671879219,5.448574063284933e-10,0.005599947535050394,1.3806426922581944e-07,1.7843822104008355e-10,0.0006282165414809204,3.1724500401840066e-06,0.0005659894099339332
24,0.00023553562999232641,1.704050458598123e-05,4.676296197387211e-07,0.0004399119728259155,0.0025046243851355116,0.000333249875673729,8.873593022659973e-07,3.152527160366166e-08,3.3933154377931303e-07,0.0002436604622927521,2.167302037173893e-06,7.613751512882837e-08,2.328761788664693e-05,0.9685512388899525,2.4439623529715892e-11,7.110779498065482e-07,0.0012825025520017666,0.011448511031463939,1.7471819723199857e-09,0.010483813546613176,5.730445995120114e-07,4.809243042778598e-10,0.0020569330035364415,1.1221469149755638e-05,0.0023632133985047555
25,2.301345648930349e-05,6.7800353749541336e-06,2.1681797628005027e-08,0.00023472991389538933,0.0003172633392298155,3.944283961623866e-05,9.793263559691536e-08,1.2256055939379836e-08,4.280192074266361e-08,5.0534987166787795e-05,6.334224808717118e-07,1.9702447881710337e-08,2.9559921229797373e-06,0.993038114033977,1.8498752510650684e-12,1.741839449193109e-07,0.0002761537604819211,0.0022151769670916937,3.18183308156461e-10,0.0031498907438292255,6.317058166488238e-08,1.3331559855103364e-10,0.0004608363171052515,1.774811007085367e-06,0.00018226719739830965
26,0.0002705218627139512,2.5309759030282547e-05,1.9314583534470475e-07,0.000556856334799956,0.001352337368365052,0.00024514199147565206,2.733832446435262e-07,1.716064159902682e-08,2.8138226120367796e-07,0.0002259723796902551,1.0950130695754644e-06,4.5270886699542534e-08,2.189473312535556e-05,0.9693654870692101,4.625216749495343e-12,5.869547198256884e-07,0.0010798939366322793,0.011369236438543054,1.7137647536065207e-09,0.013236620625049298,2.472269884718858e-07,2.432961027866323e-10,0.001413815056135111,1.6823244600278855e-05,0.0008173477012958293
27,6.54578911456394e-05,1.2568617998705155e-05,5.5340113617698854e-08,0.00031729176186916794,0.0005520047389541233,8.980967138921254e-05,1.667124739903457e-07,1.3065320454882914e-08,1.1458444053802065e-07,0.00011332092216130723,6.090847628064012e-07,3.050967610934307e-08,6.6946297920293725e-06,0.9864474879534764,4.635712328280951e-12,3.279000470208381e-07,0.0005361828320010948,0.005484417344647916,6.264965249744868e-10,0.00527973423693484,1.450430848099171e-07,2.4983755710043916e-10,0.0005779919606995822,3.2711741822741535e-06,0.0005123031438586816
28,7.016632611007394e-05,1.306840223161262e-05,5.98738825512209e-08,0.0003094020481594379,0.0006351780516632812,8.63157660367923e-05,1.869368012715161e-07,1.1521445699846132e-08,1.0872395369976917e-07,0.00011754081121520128,5.407073491158986e-07,3.0670380859636994e-08,7.156633341529897e-06,0.9865462771611695,3.867993580955494e-12,3.0002956432532955e-07,0.0004868019368777229,0.004929389671879219,5.448574063284933e-10,0.005599947535050394,1.3806426922581944e-07,1.7843822104008355e-10,0.0006282165414809204,3.1724500401840066e-06,0.0005659894099339332
29,7.016632611007394e-05,1.306840223161262e-05,5.98738825512209e-08,0.0003094020481594379,0.0006351780516632812,8.63157660367923e-05,1.869368012715161e-07,1.1521445699846132e-08,1.0872395369976917e-07,0.00011754081121520128,5.407073491158986e-07,3.0670380859636994e-08,7.156633341529897e-06,0.9865462771611695,3.867993580955494e-12,3.0002956432532955e-07,0.0004868019368777229,0.004929389671879219,5.448574063284933e-10,0.005599947535050394,1.3806426922581944e-07,1.7843822104008355e-10,0.0006282165414809204,3.1724500401840066e-06,0.0005659894099339332
30,7.016632611007394e-05,1.306840223161262e-05,5.98738825512209e-08,0.0003094020481594379,0.0006351780516632812,8.63157660367923e-05,1.869368012715161e-07,1.1521445699846132e-08,1.0872395369976917e-07,0.00011754081121520128,5.407073491158986e-07,3.0670380859636994e-08,7.156633341529897e-06,0.9865462771611695,3.867993580955494e-12,3.0002956432532955e-07,0.0004868019368777229,0.004929389671879219,5.448574063284933e-10,0.005599947535050394,1.3806426922581944e-07,1.7843822104008355e-10,0.0006282165414809204,3.1724500401840066e-06,0.0005659894099339332
31,0.00015131026658750266,1.4828608413438114e-05,1.1194534732015986e-07,0.0003115422986153946,0.0007139886154097375,9.503162340944846e-05,2.506623869068784e-07,1.8168445985522524e-08,1.1727227914215779e-07,0.00015133048740706206,5.581809133816321e-07,3.440025944797103e-08,9.59030013247322e-06,0.9830189682323351,3.95196971704502e-12,2.841440445273952e-07,0.0006056319340525997,0.00778323641285481,7.542804293171995e-10,0.005785634655711841,1.3927849118413294e-07,1.841052176132018e-10,0.0006338074527183703,3.6981354276208325e-06,0.000719885982419063
32,7.815560194642792e-05,1.4231127463649239e-05,6.459604267608094e-08,0.0003091329944155095,0.0006533631205782613,9.437941297283879e-05,1.964887624850084e-07,1.2771891200022415e-08,1.215615565923919e-07,0.00012138035858423324,6.000180304567386e-07,3.333076962454145e-08,7.68155390090711e-06,0.9862634279774944,4.2870231234822046e-12,3.220761218165583e-07,0.0005034968595334494,0.005190354006566045,6.849435162185609e-10,0.005567044715001532,1.4794047087869056e-07,1.9976120484716534e-10,0.0006332314601976574,3.617391594803566e-06,0.0005590037471126511
33,4.257884263198546e-05,9.544481591212373e-06,3.539163187668043e-08,0.00028251219967633797,0.00044856283558179034,7.353941635657927e-05,1.2360394517294715e-07,1.1457643666883091e-08,7.644023576660626e-08,9.395652837221927e-05,5.395054791925006e-07,2.5607920239064777e-08,7.002435139613653e-06,0.9885974956220366,2.4596532343287775e-12,2.8192810102207366e-07,0.0004984667120410355,0.003869789105828785,5.446331838373068e-10,0.005158138463398118,1.1643830335024602e-07,1.870587507398165e-10,0.0005938036280974636,3.181235596133929e-06,0.00032021738624042644
34,8.972351407046244e-05,1.4809898687272343e-05,6.882844503474982e-08,0.00030406422410991904,0.0007008412390278654,9.455392580908841e-05,2.0096284026305985e-07,1.262959476399414e-08,1.3324403098560113e-07,0.0001136509662944689,6.032181957534828e-07,3.483608640372288e-08,8.369909549881327e-06,0.9859586228631196,4.272690162579804e-12,3.1920181170335536e-07,0.0005211197611337529,0.005439198583038506,6.993784132250163e-10,0.005563724894914345,1.4497511329502552e-07,1.9369894719148032e-10,0.0006012664727200541,3.71462380677845e-06,0.0005848203302496594
35,0.000509624916716803,1.947548836094332e-05,1.609327347032623e-07,0.0003785516957841013,0.0007182433936975774,0.00010283594492759572,3.3550828210965104e-07,2.6254784040455868e-08,2.8335889477595606e-07,0.0001981932578985429,5.335246999162301e-07,5.510157766475863e-08,1.223667702795979e-05,0.9577629385743187,5.2640037258906424e-12,3.745603161721309e-07,0.0008978841750761856,0.03335136335223503,1.2301507379882874e-09,0.0046316582748849085,2.1607361113968976e-07,4.005892459726667e-10,0.0003322499138569148,4.95603631109393e-06,0.0010778013479991085
36,6.494518237827235e-05,2.007372918814502e-05,7.616450259520501e-08,0.0004427346909263098,0.001041858381194716,0.00021186981479248243,1.633574125251833e-07,6.578803013578536e-09,1.0319402101775929e-07,0.00022688690486336347,7.002253303533602e-07,9.837610915789196e-09,2.911360144053662e-06,0.9825930964188773,2.8212533353216847e-12,2.2455733994589382e-07,0.0005053193032223596,0.005267866300066316,4.6437591065067974e-10,0.0071607976271582975,1.8948871682280422e-07,1.0005484054560905e-10,0.0018313037330412293,5.3684818771312034e-06,0.0006234941012809267
37,5.881941489658713e-07,1.9434565722907353e-06,3.034265795661091e-09,4.998183322616275e-05,0.0002732541073202816,3.7986844160807254e-05,4.282595108288038e-08,8.374382260116837e-09,2.1459695310673355e-08,1.0905829617254541e-05,3.7084168929900564e-07,8.507337082432454e-09,1.0623275599855492e-06,0.9975519128303332,1.3131270560388134e-11,2.6946544646553385e-07,0.00020545370487742376,0.00016246790934327975,1.1711314627558754e-10,0.001380151551402894,8.998261794104963e-08,1.7924640292246637e-10,0.00018275438522032063,8.606714810681037e-08,0.00014063615819298215
38,3.300065026421511e-05,8.909995387217858e-06,2.9064513025024916e-08,0.00030838839275983506,0.0003733499587468332,4.371860420727906e-05,1.1194380275920337e-07,8.94869747778912e-09,5.493738666236669e-08,8.414557828621659e-05,4.100435622001852e-07,2.4429966402823952e-08,4.655801206251823e-06,0.9889873801452288,2.1538371826993907e-12,1.7027083043623422e-07,0.0005117479364903414,0.003639613144727028,2.8271670803652733e-10,0.004971273570626787,1.1707317868154702e-07,1.822287555722618e-10,0.0006309788716512906,1.8557407008115733e-06,0.000400054430680464
39,0.00011216795206726785,1.0597885037387471e-05,1.6939343647669625e-07,0.0004866194891200725,0.0008565175921069671,0.0002476532311865713,3.034595955660387e-07,2.913407378978912e-08,2.166890785080524e-07,0.0001886626347918311,9.011992327678743e-07,4.803037163315172e-08,1.9352432116814096e-05,0.9761423827674396,9.141315835288828e-12,7.851505863143407e-07,0.0010398407554893898,0.010583449715473816,1.1603622524211415e-09,0.008659299622749651,3.9312715087324196e-07,3.5200516115002766e-10,0.0007714378670322365,6.255291139408074e-06,0.0008729150592143911
40,6.78467941496935e-05,1.2980881070380097e-05,5.742049785031635e-08,0.00032452657935620586,0.0006148783358780685,8.678822362922324e-05,1.788202915107863e-07,1.1445957141775994e-08,1.0566947832347085e-07,0.00012190932685577769,5.357251939995824e-07,2.9742663021506083e-08,7.0454704779756414e-06,0.986166327286459,3.706137118076531e-12,3.053081464716985e-07,0.0005020060142884045,0.005044947553773407,5.389619393579352e-10,0.005849964246745438,1.39767936773565e-07,1.8085840237214582e-10,0.0006455076467073863,3.2609946323616185e-06,0.0005506460222848608
41,0.000122436357691426,1.628939204004355e-05,9.760868104298035e-08,0.00033422880414323204,0.0011738931851153361,0.00010776630553922642,2.820019689820727e-07,1.4337615702314556e-08,2.068690705754646e-07,0.00011055998449247844,6.408640266348097e-07,4.275945817857365e-08,1.2924855238333283e-05,0.9823803187625005,6.271002433755071e-12,4.803232129503754e-07,0.0005469959616430928,0.006083170863247142,6.39208281322979e-10,0.007736833561393562,1.5129172604956957e-07,1.6854704095905507e-10,0.0005751466199640274,4.053926232481724e-06,0.0007934645509725931
42,7.059002329996367e-05,1.360643427341821e-05,9.121107541561825e-08,0.0005119097956582697,0.0004989323550598841,0.00015055146979245056,2.1927814498759463e-07,3.254846689675967e-08,1.811852294125833e-07,0.00017932728485619363,9.226288706173918e-07,5.647379870821641e-08,1.2651659871494563e-05,0.9811078985295111,9.278263112462909e-12,8.899056322527682e-07,0.0007370245712599856,0.007325549524365639,1.515051621860377e-09,0.008223709593008192,2.7328449833205193e-07,5.42748161111933e-10,0.0006692223013157336,6.021916682873953e-06,0.0004903359582500993
43,3.613848694549767e-05,1.1090666574694686e-05,4.432342175460981e-08,0.0003400649303334941,0.0004662002482217128,0.00012305929209010039,1.411701221689932e-07,1.4268030931128031e-08,8.118411427396965e-08,0.0002849154005701485,4.0718673448297913e-07,1.7387381054545674e-08,5.303226598978805e-06,0.9825080241819073,4.047808485536611e-12,4.540197414758059e-07,0.0005977310694724674,0.006077437337092517,5.949746574039312e-10,0.008299952694360947,2.455794771896942e-07,2.781770748959305e-10,0.0008007152825173543,3.0886162919369564e-06,0.00044487257080009883
44,7.016632611007394e-05,1.306840223161262e-05,5.98738825512209e-08,0.0003094020481594379,0.0006351780516632812,8.63157660367923e-05,1.869368012715161e-07,1.1521445699846132e-08,1.0872395369976917e-07,0.00011754081121520128,5.407073491158986e-07,3.0670380859636994e-08,7.156633341529897e-06,0.9865462771611695,3.867993580955494e-12,3.0002956432532955e-07,0.0004868019368777229,0.004929389671879219,5.448574063284933e-10,0.005599947535050394,1.3806426922581944e-07,1.7843822104008355e-10,0.0006282165414809204,3.1724500401840066e-06,0.0005659894099339332
45,0.0001051209422898571,1.2371264394845494e-05,1.5218396764701056e-07,0.0004994362105127782,0.0008294439888786419,0.00018067746666315947,3.3686372721254813e-07,3.5806009803693166e-08,2.0676471929513873e-07,0.00015378470378083286,1.2968290784705542e-06,5.1989387269255016e-08,1.2515956053322318e-05,0.9808360489356425,1.2371085034356505e-11,9.69559287183097e-07,0.0005907865936011123,0.007669008988558128,1.1487335925872724e-09,0.007770651725578985,1.8359745241229733e-07,3.525271994862907e-10,0.0006780309656597534,6.339573894978281e-06,0.0006525475772300194
46,4.7452821552691544e-05,7.67208406912377e-06,5.160304225416138e-08,0.0005158880905078273,0.00046266858782061256,0.00010984597989239679,1.0829746918240324e-07,1.342498780358252e-08,9.487804839194099e-08,8.607460621928563e-05,7.736032574712647e-07,3.719418231449593e-08,1.6673928432669098e-05,0.9806060396939643,3.696772977372224e-12,3.5798320809889816e-07,0.0016962207904608745,0.006380590674833154,6.134680963757363e-10,0.008634486098675197,2.4748052753512285e-07,4.102131105916748e-10,0.0009098394272541291,4.861624226756512e-06,0.0005200000999900376
47,0.00019992567460334028,1.880229094657391e-05,1.0958362438176275e-07,0.00040145113254347786,0.0010741754976818544,0.00010723981924358445,2.9665884363106326e-07,1.4486816991645402e-08,2.9232905045285036e-07,0.00014628151446389578,5.646960210175751e-07,8.89884013305453e-08,3.2256158837773396e-05,0.97257467989682,7.446305597929414e-12,7.254774076851378e-07,0.0010723141313734258,0.010788021578313402,1.0795996312580483e-09,0.011831760054521502,2.753708974805194e-07,3.5079686746852265e-10,0.0005784994336497091,6.555220252954475e-06,0.0011656685678427144
48,6.920787846009106e-05,1.5219759859915587e-05,5.0259994688098226e-08,0.0002911312994779835,0.0006027023747149564,0.00010128018012771935,1.5436713922127483e-07,1.1786636042356673e-08,1.0088127774041494e-07,0.00012038518268475244,6.444391750693292e-07,2.6393058570018434e-08,7.2035411562132096e-06,0.9873102421307216,3.0686923939743637e-12,2.854631683222023e-07,0.0005313823197066067,0.004355094840953125,8.60036621904733e-10,0.005470789963995467,1.230888747903178e-07,1.8422399402135607e-10,0.0007132021425009507,4.332596950316427e-06,0.0004064280620366438
49,6.544587970385349e-05,1.234807676531247e-05,7.079713698496355e-08,0.00037566285111278303,0.0005416536335835556,8.942367762614451e-05,1.84422391382799e-07,1.2190822905756376e-08,1.0869268700873365e-07,0.0001241673609042232,5.612828229566945e-07,3.489638190479835e-08,7.739777471829626e-06,0.9858742349575433,3.932084663499159e-12,3.054450168799006e-07,0.0005043288964261698,0.005095731665007596,5.243982432732418e-10,0.006005715562526167,1.6040179600378813e-07,2.019936456853729e-10,0.0007198335862911143,3.5194766201314737e-06,0.0005787557390379145
50,6.777039440776763e-05,1.281974025868785e-05,5.8297566880429906e-08,0.00029069088964806824,0.0006348136212060879,8.019213864336378e-05,1.9831670397140618e-07,1.1786947045173215e-08,1.0067081835443652e-07,0.00011968272399348887,5.229937149736418e-07,3.0307742287650026e-08,6.710025640267235e-06,0.9871091241413253,3.85684765795556e-12,2.835855059500696e-07,0.0004565902171659002,0.004698158198969929,5.262150407421488e-10,0.00532818508811602,1.32247886757489e-07,1.7263579959675363e-10,0.0006215720727694317,2.888015649852183e-06,0.0005694638226115819
51,5.1623274265399004e-05,2.1076129482363727e-05,2.427512844766381e-08,0.00029914002046657856,0.00017180158056814064,2.995927409077568e-05,7.374642869362311e-08,9.246654575758219e-09,6.428446535678055e-08,6.802083083419197e-05,2.7650281410621895e-07,2.01448767901901e-08,1.5543974015027019e-06,0.9932575882841276,1.789199041608841e-12,1.0069112051161215e-07,0.00024312793614531854,0.0033811924993306848,4.207838009833804e-10,0.0019923625030294034,5.518817906815328e-08,1.7703484896691521e-10,0.0002445509396374006,1.1365502129096955e-06,0.00023624110113243895
52,6.984813425043778e-05,4.9089091797834576e-05,1.0374917007770677e-07,0.0007303681707918647,0.0013999286297213514,4.888312478547039e-05,5.093479567832824e-07,1.4160311267049766e-08,1.9305011230289817e-07,9.180448222709143e-05,1.0484896089083484e-06,1.3999192054245623e-07,1.4387745154634038e-05,0.9804688486909854,5.079736079636256e-12,2.627337695807397e-07,0.0007776588740189667,0.0013600104606427243,1.104589295040015e-09,0.011479303719547643,4.11257430714999e-07,2.9396625597294125e-10,0.00277903994299233,6.916842443304289e-06,0.0007212279067256357
53,4.301055462746903e-05,1.1373956568600144e-05,5.354834081889658e-08,0.0002868615610247183,0.0010266590711885497,5.07493618024801e-05,3.8032882884356896e-07,1.50750333691017e-08,9.208656763823059e-08,0.00010568949694194351,7.34266106011544e-07,4.3164369832344394e-08,7.137703312118883e-06,0.9867617736464992,5.912398823377786e-12,3.213112673008342e-07,0.0003945011667502177,0.002988024417058227,3.989898404617384e-10,0.006788566225097782,1.425889591199547e-07,1.8442864497612784e-10,0.0008884884879673063,2.4811845821909312e-06,0.0006429002077752198
54,8.142577120720813e-05,1.887458718965691e-05,5.326931423855221e-08,0.00021666785122278906,0.0005134862599427978,6.066650016837674e-05,1.869743755503777e-07,7.197644278076373e-09,1.1297510378503853e-07,0.00010873711215867322,2.8194121595329885e-07,2.997784749853336e-08,3.997986567376183e-06,0.9904699898913678,4.6997452207531575e-12,2.1059974124405945e-07,0.0002593765194364127,0.003842630596092461,4.222968537351121e-10,0.00329473142560393,9.734170188593526e-08,1.327987774287683e-10,0.00035613186213640343,1.4487841503254187e-06,0.0007708540160161307
55,0.00026479834240554056,2.1143871683610832e-05,1.459480930640511e-07,0.0005353087493930879,0.0010243246147717904,0.00013249232280453707,3.628765637741233e-07,1.6304445487803417e-08,5.91423551788497e-07,0.00011499668532646231,6.39765568956035e-07,1.4397036706493169e-07,4.315830415796193e-05,0.9727512435026053,8.4853577270806e-12,8.882333369554016e-07,0.0008042421684275353,0.013825330277648462,1.2925861225508607e-09,0.008937915507900872,2.9773312768883337e-07,3.533990253219638e-10,0.0004018208218643142,8.58482187775586e-06,0.001131552099607482
56,7.321122574319311e-05,1.3120339780043961e-05,6.22349246432201e-08,0.0003093847491481623,0.000659605683596933,8.714474685542602e-05,1.9801671802547735e-07,1.2298889741688524e-08,1.1903539180933074e-07,0.00011324604490886731,5.673117042957539e-07,3.5643858898847983e-08,8.729569209020442e-06,0.9861337859149107,4.25266906933597e-12,3.2157320505705727e-07,0.0005222613336096943,0.005000271449264642,6.101006880177479e-10,0.005874525285149802,1.484332406581828e-07,1.955843506829556e-10,0.0006172493432531028,3.3910055495572608e-06,0.0005826079511501475
57,8.360806223563474e-05,1.4502317664425883e-05,6.591116371597416e-08,0.0003410415265977932,0.0007093269516201787,7.472474565348077e-05,2.3212094764721238e-07,1.4198423292683927e-08,1.612439030768455e-07,0.00011878256503742945,5.152628186854516e-07,6.393803844144303e-08,1.7311408367266574e-05,0.9824536024066035,5.286868760446112e-12,4.512362535833693e-07,0.0007259568984669986,0.005637229330105052,7.704789855830382e-10,0.008522878084168916,2.0266433758630728e-07,2.894218813159673e-10,0.0005915699093315697,3.880039005090262e-06,0.0007038781140690242
58,9.84634241009968e-05,1.5144279576364193e-05,8.070942644428328e-08,0.00035097408519961623,0.0007582829596754775,0.00011270433169532322,2.2253033304608067e-07,1.3691862484975833e-08,1.4982606935796946e-07,0.0001250785433729375,7.21477502945528e-07,4.1144084826720265e-08,1.0731190235985265e-05,0.9844207457595856,4.4364026236679596e-12,3.7878080427268676e-07,0.0005637703352963058,0.005745629262668528,8.539215557417794e-10,0.0064552104691772685,1.6723993961475044e-07,2.0868518984683674e-10,0.0007406246390844267,5.3010030526606325e-06,0.0005955632502122554
59,9.485831328688391e-05,1.595875530346735e-05,9.311558298679875e-08,0.00040002339887557374,0.0007773038602921442,0.0001183821710102214,2.352167914793321e-07,1.4682002542696029e-08,1.5172479066168715e-07,0.00014254144807358517,7.461439670949378e-07,3.957940831369123e-08,9.795560984495658e-06,0.9834728640369153,4.706974395948739e-12,4.0636978588696453e-07,0.0005505575618881635,0.005683039992528891,8.007239706515988e-10,0.0072785835665597565,1.7961321427042788e-07,2.103265124160035e-10,0.0008412583414455797,5.497177496855711e-06,0.0006074683540385022
60,7.016632611007394e-05,1.306840223161262e-05,5.98738825512209e-08,0.0003094020481594379,0.0006351780516632812,8.63157660367923e-05,1.869368012715161e-07,1.1521445699846132e-08,1.0872395369976917e-07,0.00011754081121520128,5.407073491158986e-07,3.0670380859636994e-08,7.156633341529897e-06,0.9865462771611695,3.867993580955494e-12,3.0002956432532955e-07,0.0004868019368777229,0.004929389671879219,5.448574063284933e-10,0.005599947535050394,1.3806426922581944e-07,1.7843822104008355e-10,0.0006282165414809204,3.1724500401840066e-06,0.0005659894099339332
61,9.248878067825761e-05,1.5780947355341565e-05,8.93827745105635e-08,0.0003840232975288673,0.0007646543604107872,0.00011446517596454127,2.3620558510668387e-07,1.4607016152969645e-08,1.4585191153253212e-07,0.00014118164631686368,7.288020946667529e-07,3.9059547400814507e-08,9.564599705869496e-06,0.9838570966048615,4.8507671269665766e-12,3.8652796725730367e-07,0.0005620527072542454,0.005689405417872257,7.901757490388729e-10,0.006926555778448215,1.7853226115644992e-07,2.1803749225275972e-10,0.000814194972025738,5.082578334860089e-06,0.0006216331510209914
62,7.016632611007394e-05,1.306840223161262e-05,5.98738825512209e-08,0.0003094020481594379,0.0006351780516632812,8.63157660367923e-05,1.869368012715161e-07,1.1521445699846132e-08,1.0872395369976917e-07,0.00011754081121520128,5.407073491158986e-07,3.0670380859636994e-08,7.156633341529897e-06,0.9865462771611695,3.867993580955494e-12,3.0002956432532955e-07,0.0004868019368777229,0.004929389671879219,5.448574063284933e-10,0.005599947535050394,1.3806426922581944e-07,1.7843822104008355e-10,0.0006282165414809204,3.1724500401840066e-06,0.0005659894099339332
63,7.084520585270792e-05,1.515156733803785e-05,5.851087567502424e-08,0.0003092207679244395,0.0006399187404102632,8.288325620402498e-05,1.8715374194037698e-07,1.119343298459434e-08,1.110010955908067e-07,0.00011907079763065979,5.30158446438381e-07,3.109636025445238e-08,6.703689364192734e-06,0.9870182588933147,3.992508290518402e-12,2.8689457230389283e-07,0.0004674156304538521,0.004550819367749565,5.780573190951332e-10,0.0055169766399110675,1.3768632236557837e-07,1.8158527537999792e-10,0.0006387409449507426,3.121037388384055e-06,0.0005595190030245378
64,6.0856892667941486e-05,1.3045736243880499e-05,5.8333638307701144e-08,0.0003151938636878547,0.0005907398546168076,8.455122051116397e-05,1.8831140226218401e-07,1.1456801543201659e-08,1.1196438878875158e-07,0.00012349039713440059,5.049955114025841e-07,3.408232861555968e-08,7.542493800282727e-06,0.9865611618765047,4.260545939372375e-12,3.1016466403675424e-07,0.0004974444421005752,0.0047368606352557255,5.554653227744994e-10,0.005780917175581627,1.7627637162197535e-07,2.075223517542839e-10,0.000641942104243474,3.0512635916059573e-06,0.0005818056917047792
65,9.879715405810507e-05,1.5221190303826507e-05,7.09258910397285e-08,0.0003349476212155018,0.0007425428851254445,0.00010239567022275952,1.9929177697824178e-07,1.2008960096423227e-08,1.569549654009063e-07,0.00011016198770621061,6.608050515635176e-07,3.851147949884328e-08,9.759364287495466e-06,0.9848592155652992,4.2968881815200315e-12,3.6112914464059865e-07,0.0005828796360397285,0.006046975571387825,7.434211692500886e-10,0.00586184356741385,1.5246811524999643e-07,2.1368276722175482e-10,0.0006269975213151065,4.4902306219970796e-06,0.0006021189782178665
66,3.469298167319655e-05,8.203349737133177e-06,2.415076071333212e-08,0.0002187457581711082,0.0002529113846810974,3.8416196786503386e-05,9.974558876784189e-08,7.774432854178606e-09,5.611223918518157e-08,5.3605621575372017e-05,3.2799850191271743e-07,2.3044655641513503e-08,3.0313308645614654e-06,0.9933417006800941,2.182609832741448e-12,1.4747460743007173e-07,0.00026710945950608175,0.003086222103356571,2.6809497734919737e-10,0.002083784876420874,6.325771420189384e-08,1.4170343749630576e-10,0.0002822579070248518,1.1149849701381892e-06,0.0003274533946564061
67,0.00016105845320903576,2.6443951766127513e-05,8.758899373255395e-08,0.000271534208723883,0.0009454163295866528,7.251405274711427e-05,3.5235860641495206e-07,1.7087955518132204e-08,1.9589617921210672e-07,0.0001217014490615592,7.632511893083232e-07,5.0406669311537235e-08,6.360414436064659e-06,0.9859744194732575,7.311660820166722e-12,3.1335880628167234e-07,0.0004612380643155894,0.0064934224504719935,1.0455760092772479e-09,0.0042048252677983605,1.3626269044662263e-07,2.901324189891568e-10,0.0004989644179315289,3.434036313765515e-06,0.0007567498762708515
68,6.666689835833748e-05,1.3195954269255732e-05,5.262357658690721e-08,0.0002696041031840196,0.0007467253103217508,8.900184051683088e-05,1.9465470069072208e-07,1.1725196940631683e-08,1.134487220288546e-07,0.00011017616928654073,5.834959332045825e-07,3.003800804391121e-08,7.6225717333777804e-06,0.986594103404841,4.813570523845513e-12,3.343765816136696e-07,0.0005245145894914332,0.004630273871161836,6.005998588964326e-10,0.005776808193174574,1.30889080946322e-07,1.9038852005717216e-10,0.0005825446650894651,2.9859961169059722e-06,0.0005843243848526396
69,7.683151814789041e-05,1.31495708930357e-05,5.7113645730954236e-08,0.0002789846676771968,0.0006180840796393487,8.185827908116469e-05,1.8288011504167153e-07,1.0852603767594208e-08,1.1069456910958383e-07,0.00011583602451099243,4.780284846918602e-07,2.874825173635848e-08,6.583888247672354e-06,0.9867847657815513,3.9047455656959615e-12,2.793338881425759e-07,0.0004861833955407092,0.005456211044741526,5.182458853252618e-10,0.004943848929314863,1.264508488893832e-07,1.799098915303541e-10,0.0005260754281898545,2.6658674157615125e-06,0.0006076467205810779
70,6.804108075204345e-05,1.4330174438467597e-05,5.899973983172546e-08,0.0003031664618833405,0.0006719936768923803,9.969109885216073e-05,1.9323279694316602e-07,1.1238004252115776e-08,1.1276169893245126e-07,0.0001235205413794081,6.428082160571485e-07,3.016368318797714e-08,6.704850985939188e-06,0.9870608220976761,3.9742875944747036e-12,2.929520745392972e-07,0.0004870485909847153,0.004655379836696463,6.806323725455107e-10,0.005222377774193469,1.561299326255934e-07,1.9303602328665484e-10,0.0007460510512049462,3.830801770945795e-06,0.0005355427985006359
71,9.553082434454517e-05,1.1389492455641223e-05,1.0215784852860192e-07,0.00034792147556577296,0.00042004740398315124,0.00013195439298528962,2.085882285636148e-07,1.5433134789640426e-08,1.307918426810267e-07,0.00011054097687269078,8.752703837133684e-07,3.373182192418898e-08,5.132113053186075e-06,0.9870539356650953,5.032936910275221e-12,2.5365476493151063e-07,0.0004671768985308826,0.007693777576218475,8.104570967983066e-10,0.002511042949653207,1.5854674884421324e-07,2.889476494205091e-10,0.000560185393937752,3.7722347685494046e-06,0.0005858133233238977
