,0,1,2,3,4,5,6,7,8,9,10,11,12,13,14,15,16,17,18,19,20,21,22,23,24
0,1.6971272009665972e-05,1.9451973025215983e-05,1.1898562929006254e-05,0.003823800521760998,6.693939738295168e-05,0.0003129510901082193,0.00037243288884628863,2.9677325195133205e-09,3.3091213047542026e-11,9.95642168146071e-08,0.00045894317637525117,0.0008062111619654291,0.0013738317390213656,0.9733044397491203,1.650546068503805e-10,1.1620861374729996e-06,2.020663857134355e-09,0.01463986447008516,4.1734580566889844e-09,4.677931958800639e-05,1.0997012937966218e-07,2.9725761704714473e-07,0.004743705796162992,6.824016763755826e-08,3.2403350686516877e-08
1,1.810737653455041e-05,1.8776084261071866e-05,1.6958655865239762e-05,0.0031670776468483417,7.97567186137911e-05,0.0005312346754854006,0.00047809413203596526,3.5624443532794796e-09,7.566669296800335e-11,1.290541269693324e-07,0.0005731788179986788,0.0008478050671369527,0.0017115905776034146,0.9774361903866008,2.4459236306469817e-10,2.0016605518072304e-06,1.6800390299009432e-09,0.011277939642631706,6.9006422200878605e-09,7.021314096958507e-05,1.0052614926321368e-07,3.373765869566402e-07,0.0037704038163415775,6.229353021228883e-08,2.9886743250806405e-08
2,2.3793110894476802e-05,2.97231849798522e-05,3.335965992093132e-05,0.008875890860674533,0.0001724507142100444,0.00039907858653613783,0.0002686882141023436,3.840992626138692e-09,5.1865542097558544e-11,1.3707661652957528e-07,0.0017025709606553606,0.001926622604485306,0.0021772052065422826,0.9023162610164429,4.257647374446786e-11,3.139057666413843e-07,2.391366475374829e-09,0.08065364955342293,3.384540268811417e-09,4.013668586422975e-05,1.9800831074728825e-07,1.34993258933348e-07,0.001379596077480152,1.3768208765890767e-07,4.2186406427363295e-08
3,1.8850063392179497e-05,1.9230301097568282e-05,1.462113080649921e-05,0.0037397974910815084,7.501940860833718e-05,0.00040673654952121384,0.0004467239624984954,3.2920200597872816e-09,4.356042841133373e-11,1.039485613129516e-07,0.0005774715989384441,0.0008890252762831974,0.001685331785736365,0.9725558431254746,1.880998449139322e-10,1.4374720173925966e-06,1.9802058128287363e-09,0.014870965183185033,4.738526202504401e-09,6.142883342278073e-05,1.0024470778366006e-07,3.047987284451715e-07,0.004636895766035507,7.3582437112558e-08,2.9235054153517615e-08
4,1.4576036831133906e-05,1.8041337334497096e-05,1.4119032785867227e-05,0.0035955663488416293,8.033991373817887e-05,0.0003770728984661338,0.00039165031627811335,2.9743771221012636e-09,4.521646453151638e-11,1.0101517009991015e-07,0.0004998072454140551,0.000743943886623811,0.0017928612162309827,0.9774210429083501,1.710606726922279e-10,1.2573874983262061e-06,1.6280457409515752e-09,0.011234196421460356,4.570534416931174e-09,5.523154078987174e-05,8.313388055909979e-08,2.5433048963217854e-07,0.0037597583374436505,6.280354402006892e-08,2.4499594501794508e-08
5,1.6160291596828248e-05,2.0378089392599077e-05,1.2292975365484334e-05,0.004458185713695852,7.24110311144466e-05,0.00038116180368615607,0.0004001717708856489,3.059975426884345e-09,3.573519445928592e-11,1.086775771396652e-07,0.0005245435214213968,0.0007612688646793547,0.0016971185721274802,0.9688643513223087,1.4540872141167967e-10,1.1697592890352182e-06,1.812149033864245e-09,0.017799801972744025,3.8982830186209296e-09,5.9740228211100097e-05,9.739393538655335e-08,2.759598196717733e-07,0.004930649844460923,7.315285374171925e-08,3.0103283760872997e-08
6,1.8850063392179497e-05,1.9230301097568282e-05,1.462113080649921e-05,0.0037397974910815084,7.501940860833718e-05,0.00040673654952121384,0.0004467239624984954,3.2920200597872816e-09,4.356042841133373e-11,1.039485613129516e-07,0.0005774715989384441,0.0008890252762831974,0.001685331785736365,0.9725558431254746,1.880998449139322e-10,1.4374720173925966e-06,1.9802058128287363e-09,0.014870965183185033,4.738526202504401e-09,6.142883342278073e-05,1.0024470778366006e-07,3.047987284451715e-07,0.004636895766035507,7.3582437112558e-08,2.9235054153517615e-08
7,1.8560330379341274e-05,1.3914286934644912e-05,1.0511654094003798e-05,0.0029785488603065323,7.779085706593223e-05,0.0004197265033951358,0.0003079697331325962,2.709281354904914e-09,2.8376615052587837e-11,9.110099097076104e-08,0.000418065194290387,0.0009581458904490123,0.0010158093541604342,0.9735476583098156,1.8910443415481247e-10,1.6469667225228015e-06,2.0934405682580933e-09,0.014304789746827437,4.5637599569553796e-09,3.950917682582878e-05,1.205295919490048e-07,3.488811341427618e-07,0.005886696954846102,5.714518222092716e-08,2.893989237302752e-08
8,1.964519610510741e-05,2.0242944751306866e-05,1.6395568186293325e-05,0.0033548697763068655,9.097906400540673e-05,0.0006689414606891055,0.0004934922026266216,3.560269487693633e-09,6.101689596639278e-11,1.1099508975220331e-07,0.0009869041325638887,0.001136189285033718,0.0016633049905340252,0.9672354571355493,2.439584657970317e-10,1.6081072891390754e-06,2.1041163250804363e-09,0.019754660950955242,6.342579382504e-09,7.023620927262245e-05,1.349742170569143e-07,3.910391855120388e-07,0.004486330625271847,6.860253705515801e-08,2.4427889546217057e-08
9,2.0009724164493187e-05,1.6934226933831956e-05,1.1060866144820165e-05,0.002914775830202803,7.354076375578212e-05,0.0005709180934795259,0.00041574503754361955,2.9928250046178925e-09,3.7970908776120194e-11,1.0007422709858646e-07,0.0006729519764979181,0.0010744252726818092,0.001214925552882374,0.9698719973965674,2.301351805792136e-10,1.7870073328373316e-06,2.126331940640087e-09,0.01742817987833427,5.7783524015242874e-09,5.394925287026272e-05,1.342313041910688e-07,4.232263567198687e-07,0.0056580508453514785,5.4728359087585156e-08,2.4849394301114865e-08
10,1.8850063392179497e-05,1.9230301097568282e-05,1.462113080649921e-05,0.0037397974910815084,7.501940860833718e-05,0.00040673654952121384,0.0004467239624984954,3.2920200597872816e-09,4.356042841133373e-11,1.039485613129516e-07,0.0005774715989384441,0.0008890252762831974,0.001685331785736365,0.9725558431254746,1.880998449139322e-10,1.4374720173925966e-06,1.9802058128287363e-09,0.014870965183185033,4.738526202504401e-09,6.142883342278073e-05,1.0024470778366006e-07,3.047987284451715e-07,0.004636895766035507,7.3582437112558e-08,2.9235054153517615e-08
11,1.7876828749058304e-05,1.9868248970788833e-05,1.4894391810057673e-05,0.003898425367123702,7.67864904733685e-05,0.0003968869581467929,0.0004448915303318398,3.4063809738950677e-09,4.6150279958486406e-11,1.0877383951003339e-07,0.0005666355003416629,0.000864588332589889,0.0018576813568605439,0.9731457735322233,1.8371055260659782e-10,1.3953457217060451e-06,1.9564327140889237e-09,0.014262460037233051,4.7593598936101e-09,6.451473266473913e-05,9.565018980036797e-08,2.9548067830010475e-07,0.004366707966874774,7.433198934566657e-08,2.8791153410510943e-08
12,0.00013478152235472078,8.385231151134195e-05,0.00019660946858265568,0.007149431323521454,7.565559586439486e-05,0.0008953799408213468,0.007794776043004637,2.51735799086675e-08,2.2285133791358138e-09,2.2584395449069083e-07,0.0087344846179906,0.0016147925438002215,0.009119042409326115,0.9397038347351417,1.946174048913e-09,4.754305200966135e-06,4.049560362848471e-09,0.020621942263188586,3.7735250305803994e-08,0.0006435990784095976,1.573288114469617e-07,4.2602198854922433e-07,0.003225463319022004,5.813652853795425e-07,1.3882914153489375e-07
13,3.018386665235226e-05,5.910790925739433e-05,1.2350741981936472e-05,0.00932963567316449,0.00012946729698072013,0.0011543796439460509,0.0007409218708332494,7.867214400931075e-09,6.354168317164845e-11,6.723070715553868e-07,0.0005250732417694977,0.0005766359146095773,0.0025266117171615656,0.9171926686157088,3.4623107504691255e-10,4.913684918251578e-06,4.081804742615068e-09,0.0509280621409544,6.561266734369823e-09,0.00014312553495777672,1.9892903687163858e-07,6.845380340533622e-07,0.01664489007699926,3.030080657347449e-07,9.436783766761659e-08
14,2.606301272796424e-05,1.3147647666674653e-05,1.4788361870318742e-05,0.003271273403042449,6.237135240519689e-05,0.0003443269144046742,0.00047300809346796326,3.202115796061645e-09,3.38844244862679e-11,7.168908488524075e-08,0.0005514502533573088,0.0011525103561648266,0.0012723635602181916,0.9730256153898671,1.9888773314521861e-10,1.6740229494237995e-06,2.280504488311679e-09,0.014039593602320757,4.616091484586045e-09,5.348672553107061e-05,1.0292566829927161e-07,3.017532366186868e-07,0.00569773664380564,7.173063937215975e-08,3.223008758453805e-08
15,1.8850063392179497e-05,1.9230301097568282e-05,1.462113080649921e-05,0.0037397974910815084,7.501940860833718e-05,0.00040673654952121384,0.0004467239624984954,3.2920200597872816e-09,4.356042841133373e-11,1.039485613129516e-07,0.0005774715989384441,0.0008890252762831974,0.001685331785736365,0.9725558431254746,1.880998449139322e-10,1.4374720173925966e-06,1.9802058128287363e-09,0.014870965183185033,4.738526202504401e-09,6.142883342278073e-05,1.0024470778366006e-07,3.047987284451715e-07,0.004636895766035507,7.3582437112558e-08,2.9235054153517615e-08
16,1.881450075482956e-05,1.8878332740032767e-05,1.5420917363147253e-05,0.003732439023802745,7.840948562734025e-05,0.00040476209009650065,0.0004508022197185031,3.333222972280133e-09,4.45452774863087e-11,1.0144693477964333e-07,0.0005866080275945605,0.0009014922941705964,0.0017447230569070456,0.9729800139720223,1.9230480855110676e-10,1.4414804649141692e-06,2.006857100518112e-09,0.01436774941122352,4.720569841502321e-09,6.164596597209502e-05,9.721472964142953e-08,2.9731109031829136e-07,0.004636187969227598,7.632760291387795e-08,2.8654456602167262e-08
17,1.658261326785179e-05,1.768303081442374e-05,1.2827232139601535e-05,0.003874633879592077,6.913294767448938e-05,0.0003473073128190141,0.0003925370210106223,2.903731294896653e-09,3.527057185949782e-11,9.505845652243287e-08,0.0004894115999614261,0.0008120130775829454,0.0016087220536167143,0.9736488641911581,1.4733247533997623e-10,1.2173052641021537e-06,1.736199909706273e-09,0.014219194339309417,3.996190540978473e-09,5.53107654430439e-05,8.955036996566816e-08,2.6168366973333055e-07,0.004434014375456738,6.521772409867467e-08,2.792594425513359e-08
18,1.259084052265172e-05,1.5135227766676628e-05,1.2953860648185428e-05,0.0030429483177650454,8.621158672122501e-05,0.0006315134030201126,0.00043926517491901096,2.5169471941109534e-09,5.638289401575527e-11,9.178231381700202e-08,0.000672037794077208,0.0006014076818229253,0.0016143470136758729,0.9790620417673445,2.1334589962396165e-10,1.6249656838469396e-06,1.0489608275818475e-09,0.00941470884888324,5.251284243610169e-09,5.797761273780871e-05,7.787334134117754e-08,2.1568144166586366e-07,0.004334777592513767,4.677431652301083e-08,1.7113563658804276e-08
19,1.0162988345348043e-05,1.501403076303542e-05,1.7494966577852295e-05,0.003364142496445118,9.16605506028891e-05,0.00032474558783937015,0.0002873946076814666,2.631643795032401e-09,5.073691664823202e-11,9.446758774642691e-08,0.0004277136868118064,0.0007960107818690353,0.0019512841696209305,0.9815877630283059,1.1617715996697512e-10,8.861170521434515e-07,1.2336640850744865e-09,0.008957965713291934,3.815383209433183e-09,5.0589988369254976e-05,6.523938695218342e-08,2.0629364767417276e-07,0.0021167296603132367,4.86037165466315e-08,1.9174166647379195e-08
20,1.4873351274722112e-05,2.198938893239068e-05,1.4045691120698934e-05,0.0037369903854140283,8.414017124845254e-05,0.00031236588100973033,0.0003706219944690537,4.195656897658159e-09,4.3255366174688456e-11,1.1866686972112522e-07,0.0004522712801638248,0.0008656601062585697,0.0018278473988704866,0.9750305939070961,2.0009656077086124e-10,1.285121358934624e-06,2.470317023047621e-09,0.012918452288234,5.133793930617217e-09,6.230304919934084e-05,1.0159788648188168e-07,4.198596649496469e-07,0.0042858041334478585,7.674954755808123e-08,2.6934813205020046e-08
21,2.030490705171946e-05,1.5122518231508127e-05,1.2192906076606505e-05,0.0038153758408728906,5.696111449224644e-05,0.00040805991843776676,0.00045570841697369297,2.6646955595120434e-09,3.2463972697956346e-11,9.333352238692144e-08,0.000512237556182231,0.001056944316576291,0.001909113863147654,0.9723840403174241,1.319016433132687e-10,1.6312907665094131e-06,1.5672288056544383e-09,0.014552679773613944,3.8668965484903616e-09,7.47686184946797e-05,7.64040009258147e-08,2.4380218582289906e-07,0.004724353913806834,5.5845512824722416e-08,2.7079442619520046e-08
22,9.142581555707884e-06,1.9984231588724377e-05,1.0850544433328428e-05,0.0037897299645521477,7.799200991978055e-05,0.00022459907363561285,0.00036408074680353684,2.1951636859567492e-09,3.4607015297058083e-11,1.0843324122394761e-07,0.0002363040996501149,0.00044548260986969796,0.002403480867105996,0.9834298499958783,1.6427500515680287e-10,1.0931650235733e-06,1.0032910934319158e-09,0.005070626123951453,3.637787613434542e-09,3.8187918324383156e-05,4.411878094980241e-08,1.333916841993617e-07,0.0038782091965600344,6.511824018601354e-08,2.8774076558222493e-08
23,1.8850063392179497e-05,1.9230301097568282e-05,1.462113080649921e-05,0.0037397974910815084,7.501940860833718e-05,0.00040673654952121384,0.0004467239624984954,3.2920200597872816e-09,4.356042841133373e-11,1.039485613129516e-07,0.0005774715989384441,0.0008890252762831974,0.001685331785736365,0.9725558431254746,1.880998449139322e-10,1.4374720173925966e-06,1.9802058128287363e-09,0.014870965183185033,4.738526202504401e-09,6.142883342278073e-05,1.0024470778366006e-07,3.047987284451715e-07,0.004636895766035507,7.3582437112558e-08,2.9235054153517615e-08
24,4.93200806906023e-05,2.4009784230317465e-05,2.774670890537565e-05,0.003556358840699364,8.54914300273819e-05,0.0006968006671462862,0.0009705342524275389,6.201945914034997e-09,8.963467417608953e-11,1.3201244455313025e-07,0.0012111515652034192,0.0016588312548036295,0.0018957247655478683,0.9591321640084716,5.55132206154313e-10,3.552147069341979e-06,4.675986905246237e-09,0.022325487853252335,8.506772644251064e-09,0.0001051956012037894,1.8255519123257154e-07,6.019629869701699e-07,0.00825648024650529,1.6489664892144492e-07,4.933707176734951e-08
25,2.3462595322863753e-05,2.068977288720919e-05,1.7668267610526096e-05,0.004904626340003397,5.170855645134e-05,0.00026245482933822805,0.0006516660396551212,4.696220706868468e-09,4.1191511122319794e-11,7.990680423802604e-08,0.0008925047274542455,0.0012448252626044698,0.0022954480421679704,0.9645919748090533,1.3113880017428817e-10,1.1141935295361886e-06,2.3656460826954916e-09,0.020671912852592195,5.06723716892312e-09,0.00010568117803549918,9.551223871248513e-08,2.909920825128762e-07,0.004263671522728244,8.338699118482231e-08,2.8911014822506464e-08
26,4.546798280144746e-05,3.4467985382749627e-05,3.173617641214224e-05,0.00638238488873866,9.643245907364124e-05,0.00048583817298969754,0.0007846845547137271,7.594730434120985e-09,7.825288961224951e-11,1.7017905607035754e-07,0.0010323668760794564,0.001481474308454266,0.002758339139695247,0.9433078132079482,2.901107236763219e-10,2.0230186129853468e-06,5.83080855429472e-09,0.03668104521034865,5.888867678408965e-09,0.00012775399027509907,1.6190685767848896e-07,5.223630488827473e-07,0.006746984111286881,2.4919950983836023e-07,6.458594433967726e-08
27,2.810015698300397e-05,2.3659012689394083e-05,2.0056900508604953e-05,0.004003873974466312,8.153200942852828e-05,0.0006149670070791541,0.000636045694160338,5.610765953976061e-09,8.286307280256664e-11,1.6680420930053476e-07,0.0007050382765285859,0.0010779555852076916,0.001825657479010254,0.965305941038431,3.3569431312133934e-10,2.527750604641561e-06,2.883866155540608e-09,0.019730630558726838,6.892262691203429e-09,9.898037863883496e-05,1.4271904572517887e-07,5.502646370543648e-07,0.005844003477510997,1.1098650517768286e-07,4.412017639781212e-08
28,1.8850063392179497e-05,1.9230301097568282e-05,1.462113080649921e-05,0.0037397974910815084,7.501940860833718e-05,0.00040673654952121384,0.0004467239624984954,3.2920200597872816e-09,4.356042841133373e-11,1.039485613129516e-07,0.0005774715989384441,0.0008890252762831974,0.001685331785736365,0.9725558431254746,1.880998449139322e-10,1.4374720173925966e-06,1.9802058128287363e-09,0.014870965183185033,4.738526202504401e-09,6.142883342278073e-05,1.0024470778366006e-07,3.047987284451715e-07,0.004636895766035507,7.3582437112558e-08,2.9235054153517615e-08
29,1.8850063392179497e-05,1.9230301097568282e-05,1.462113080649921e-05,0.0037397974910815084,7.501940860833718e-05,0.00040673654952121384,0.0004467239624984954,3.2920200597872816e-09,4.356042841133373e-11,1.039485613129516e-07,0.0005774715989384441,0.0008890252762831974,0.001685331785736365,0.9725558431254746,1.880998449139322e-10,1.4374720173925966e-06,1.9802058128287363e-09,0.014870965183185033,4.738526202504401e-09,6.142883342278073e-05,1.0024470778366006e-07,3.047987284451715e-07,0.004636895766035507,7.3582437112558e-08,2.9235054153517615e-08
30,1.8850063392179497e-05,1.9230301097568282e-05,1.462113080649921e-05,0.0037397974910815084,7.501940860833718e-05,0.00040673654952121384,0.0004467239624984954,3.2920200597872816e-09,4.356042841133373e-11,1.039485613129516e-07,0.0005774715989384441,0.0008890252762831974,0.001685331785736365,0.9725558431254746,1.880998449139322e-10,1.4374720173925966e-06,1.9802058128287363e-09,0.014870965183185033,4.738526202504401e-09,6.142883342278073e-05,1.0024470778366006e-07,3.047987284451715e-07,0.004636895766035507,7.3582437112558e-08,2.9235054153517615e-08
31,1.5744182057400534e-05,2.3920640050430094e-05,1.730019656639752e-05,0.004521787266812831,7.839207979396281e-05,0.00026224515048395026,0.0003629051046805039,3.695669541772953e-09,4.177215965586581e-11,1.1339101876133187e-07,0.0004140374795458843,0.0007565689093321004,0.0020634208717652406,0.9729731186092604,1.1343874188389241e-10,9.480408164318626e-07,1.7606879982761445e-09,0.015341772737895241,3.842906794834369e-09,6.595909699542529e-05,7.538580224223535e-08,2.5577924061788997e-07,0.0031013057801521932,8.713983001090328e-08,3.270342454830315e-08
32,1.910918695501119e-05,1.9244072030031354e-05,1.4575412819523964e-05,0.0034988030415578695,7.564693617731891e-05,0.00041847604436605736,0.000447523918825292,3.385557857788696e-09,4.768318895294577e-11,1.0659979014283337e-07,0.0005710928675904613,0.0008829774613324366,0.0016093424658822774,0.9739731245879845,2.0839170699402005e-10,1.5577716039860255e-06,2.0039608700200886e-09,0.01388161025281499,5.430271948211432e-09,6.025721036717761e-05,1.0448712266751085e-07,3.2621563078686703e-07,0.004526010306590982,7.044682092436472e-08,2.9637871900717944e-08
33,1.4437846336664978e-05,2.042690349671455e-05,1.0939198304799962e-05,0.0034302230525942367,8.015916655264493e-05,0.00032491120727034064,0.00033542102062861115,3.065383788749882e-09,2.9768250939607423e-11,1.0195391302500361e-07,0.00041355810672598706,0.0007654297533991486,0.0017727903973846235,0.976117488106177,1.5577494816183428e-10,1.2678993635273622e-06,2.034105084788564e-09,0.01230375972933342,4.536455922898738e-09,5.453742071737175e-05,8.133176352385265e-08,3.356215292851278e-07,0.004354038263371993,6.19147477180926e-08,2.128490138777461e-08
34,1.9675106272140526e-05,1.962531206965314e-05,1.5559544377388868e-05,0.003713146307031924,7.669653977556145e-05,0.00041976935785584095,0.00046388165944687127,3.4167722517391024e-09,4.870844421565917e-11,1.064528690410301e-07,0.0006014267277238563,0.0008989038135093033,0.0017224337511028015,0.972863378974744,2.0234239629242679e-10,1.4914530620713151e-06,2.010286160558902e-09,0.01462189153002223,5.05066147777342e-09,6.250853573862994e-05,1.0219827837908044e-07,3.061674385918227e-07,0.004498979259756835,7.616223725945927e-08,3.0417917214213135e-08
35,6.180940335510744e-05,3.658776866104815e-05,2.518395207307422e-05,0.007269229151572536,6.296771584574467e-05,0.000455048688050782,0.0007470407125700964,1.0041777038448839e-08,9.297054845664278e-11,2.211612473803031e-07,0.0010757780994359563,0.0019257375062034794,0.002171663742506013,0.9079629508611068,2.0055613871248e-10,1.6615162278489165e-06,5.7956229483513835e-09,0.07315666073089118,8.171563471263215e-09,0.000134608254849265,2.4217181458618224e-07,6.759175700751574e-07,0.004911597861360592,1.9851354390848668e-07,1.1196862469048427e-07
36,1.954658356405934e-05,2.024661557648794e-05,1.4511144336605319e-05,0.004027776193512238,7.23729060484863e-05,0.00046653970091347627,0.0005025721452059158,3.332468052164081e-09,4.4999962521513256e-11,1.0769471008999732e-07,0.0006695426787013924,0.0008465584987751037,0.0017016043162410778,0.9689241721117262,1.9126354670836986e-10,1.4731189675460013e-06,1.890997392858966e-09,0.017496600081026617,4.556972119865231e-09,6.880895700499192e-05,1.0525303169156668e-07,3.071910718635872e-07,0.005167037522444436,7.773461921944036e-08,2.953582142227417e-08
37,3.010042543358451e-06,6.56917634949061e-05,1.6989622369395643e-05,0.01150029092707995,0.0007515394425438288,0.012017246853510967,0.0006393929056687436,2.448991721472637e-08,1.986928694191094e-09,3.3233755986760932e-06,0.0030998569931585777,0.0008514629361214686,0.004351081678481865,0.9227963192045587,4.87598489556287e-09,8.888769671596856e-06,4.03181458533149e-09,0.02082071344092383,3.624070575467412e-08,0.000293217624189919,1.098161087265046e-06,2.3392020801246904e-06,0.022777269650443768,1.417071616581456e-07,5.4073959942185375e-08
38,1.4904404885321493e-05,1.9328518096552983e-05,1.4914220715792189e-05,0.004153676630652327,7.970725330481155e-05,0.0003071363031589638,0.0003556362140917845,3.2055082669033096e-09,3.9457824685611426e-11,1.0030786129478103e-07,0.0004797394358735019,0.0008203918547032156,0.0017972121542151084,0.974225700531396,1.4064634671065301e-10,1.0292400807063784e-06,1.8743540597704873e-09,0.013899391554043298,4.032167724835296e-09,5.495340759679933e-05,8.916713461941308e-08,2.586294981219122e-07,0.0037757203997302465,7.203956318970424e-08,2.844126423417151e-08
39,2.1049311328881526e-05,1.208879161644385e-05,1.2455046214770605e-05,0.003721302880249504,8.234383034333223e-05,0.0006300256690611316,0.0003745005194523562,4.0133571934204894e-09,4.175567676358428e-11,1.230946613659451e-07,0.0006030915394555069,0.0013099355200269004,0.0011562028039070887,0.9674142905084684,1.6700777884153315e-10,2.443032698305162e-06,1.902474919773543e-09,0.018843066337204787,6.117099544999599e-09,7.040533917157246e-05,1.5291697407627161e-07,3.6557061381409227e-07,0.005746060891185395,5.428067004022736e-08,2.987500129700378e-08
40,1.887994217419313e-05,1.8822223048641603e-05,1.4477131636272438e-05,0.0036315136794178105,7.418892860200063e-05,0.00039956684388201035,0.0004388776782712999,3.2265615333205533e-09,4.26343463976307e-11,1.0117849418747967e-07,0.0005669157593115572,0.0008897820426121973,0.0016300067683556261,0.973208675100028,1.8650036194029523e-10,1.425773596808479e-06,1.9582740807210625e-09,0.014516937315130837,4.737695767917854e-09,5.942868614545448e-05,9.981897857984924e-08,3.043985787192081e-07,0.004529886342999841,7.14282099523352e-08,2.880885978342901e-08
41,8.465669201689711e-06,1.4273396973069514e-05,2.2471294325359714e-05,0.0021238608797873896,0.0001608905406996075,0.00047180458513880605,0.00021452350884823855,2.1593195479372144e-09,1.2561610757540832e-10,1.183316898239585e-07,0.00023107721206962645,0.0003505968100608056,0.001475148901902451,0.9901913335543641,2.8846938970129847e-10,1.4064709007489746e-06,7.712581612292152e-10,0.0029865053705535457,5.19026983123524e-09,2.549309209715156e-05,5.356514411516355e-08,1.4924143749805712e-07,0.0017217431936666133,5.1969124032762493e-08,2.3877082146893545e-08
42,3.374206341993877e-05,2.386955443195846e-05,1.477749496549474e-05,0.003040569548611619,7.215535990963293e-05,0.0005404229517737045,0.0006570608717406803,7.363958737013739e-09,6.173687881010051e-11,1.5049735428196958e-07,0.0007604759800194031,0.0013799449873451157,0.0012908944700888983,0.9663051339033719,4.6090280685873674e-10,3.8251989066037205e-06,4.466104502084061e-09,0.017969603508500152,1.2070502528797212e-08,0.000106825944420968,1.970519105418571e-07,1.1085717321048278e-06,0.0077990923779743026,8.920953632344362e-08,3.603078081820873e-08
43,1.6033738184192396e-05,2.4965390683888512e-05,8.75920306997498e-06,0.004466857751706614,0.00012684143511321368,0.0011660677782315422,0.0004039560174378713,5.317168413184518e-09,5.993615366154497e-11,3.520432906789425e-07,0.000633736827466841,0.0008243932153903133,0.0011914209752869002,0.9576267041878592,3.580793671528503e-10,3.731779988495366e-06,2.773293290084042e-09,0.024515618260974894,9.177467173683294e-09,6.87746497637108e-05,2.997824430125373e-07,7.458550134449843e-07,0.008920610826987169,7.735692755814805e-08,3.523823611856537e-08
44,1.8850063392179497e-05,1.9230301097568282e-05,1.462113080649921e-05,0.0037397974910815084,7.501940860833718e-05,0.00040673654952121384,0.0004467239624984954,3.2920200597872816e-09,4.356042841133373e-11,1.039485613129516e-07,0.0005774715989384441,0.0008890252762831974,0.001685331785736365,0.9725558431254746,1.880998449139322e-10,1.4374720173925966e-06,1.9802058128287363e-09,0.014870965183185033,4.738526202504401e-09,6.142883342278073e-05,1.0024470778366006e-07,3.047987284451715e-07,0.004636895766035507,7.3582437112558e-08,2.9235054153517615e-08
45,1.897231371303745e-05,2.164160731151533e-05,2.2859679427255572e-05,0.0033228894829902393,0.0001034224083512428,0.000442051989296061,0.0006318731866599156,4.50283455695727e-09,7.94535238903626e-11,1.1046956347221003e-07,0.0007078701785836744,0.0009136626212538988,0.00290801393658362,0.9777626447087617,3.2834586075708866e-10,1.9796536614740655e-06,2.1918549436752513e-09,0.008892526297289441,6.905386969965513e-09,8.400616944899721e-05,7.541064035564141e-08,2.982701305848934e-07,0.00416496363927932,1.0012896058482253e-07,2.3840217846172898e-08
46,4.7791620288655276e-05,3.3024496979304485e-05,2.3105099354611557e-05,0.006265458480472332,0.00010549050321489394,0.0002603271990065405,0.0005008546926660386,9.946959222876437e-09,4.549408242214792e-11,1.4930665081240786e-07,0.0007314437408708928,0.0023626369435813905,0.002964958050185808,0.94842884218762,3.159706896526584e-10,2.037816744180721e-06,1.4212735950702907e-08,0.02963449775449754,8.086451373020567e-09,0.0001035547284839375,2.023542907458817e-07,7.86879946896142e-07,0.008534506979401404,2.3523239002714456e-07,6.332574263536639e-08
47,7.651655173557197e-05,2.4546092857016996e-05,1.9853887564466816e-05,0.0031689429818441053,5.119715913994037e-05,0.000540922700785746,0.0008790039154630578,6.232026156600609e-09,4.696210864829193e-11,1.4439798799236554e-07,0.0008216283047463871,0.0026800140206530917,0.0015747960718667882,0.9491647530284176,3.285833858297265e-10,4.259775432910748e-06,5.61616644476008e-09,0.03375606880239358,8.390779905907737e-09,0.0001362075500708666,1.8709212637739492e-07,1.0720780222801894e-06,0.0070996839697774,1.2356468301596786e-07,5.743991397099746e-08
48,2.011272148144634e-05,2.4264789017597033e-05,1.3027886049136553e-05,0.00365251562875166,7.802528410548287e-05,0.0003237670663095127,0.00044082227853650663,4.227597152302004e-09,3.9789729393776265e-11,1.1626138078129064e-07,0.0005189447780361191,0.0009211064583221461,0.0018210122767228006,0.9732224584284087,2.3101448076513264e-10,1.5457215485985437e-06,3.021350032453867e-09,0.013825823808093123,6.325975064312933e-09,6.126290794613436e-05,1.1114556755849029e-07,4.1884228680927554e-07,0.005074536123202706,8.350539556263405e-08,3.024311114831276e-08
49,1.5911638851245302e-05,1.4872993507094545e-05,1.3883523764073178e-05,0.003216577021392194,7.872263086862706e-05,0.0004847413479290306,0.00036456675648635536,2.9987104646284497e-09,4.0340154850515654e-11,1.003316245026319e-07,0.0005400556383214194,0.001041597453886948,0.0014973029857648639,0.9738898130012494,1.5758287023588942e-10,1.4953989813041013e-06,1.6900035842851202e-09,0.014653956795184213,4.424487239286954e-09,6.316460328419856e-05,9.691156165724693e-08,3.419973996488738e-07,0.004122714089566738,5.3264656111071196e-08,2.230459640849413e-08
50,1.8483244131311567e-05,1.935268163391179e-05,1.4347852010817301e-05,0.0036766104084897254,7.365503261390826e-05,0.0004033647236338468,0.00044905290602159767,3.255509866612047e-09,4.3685346652566496e-11,1.0548119999653459e-07,0.0005586074294620101,0.000857573439391324,0.0016826724843421173,0.97331579156227,1.8615040633820485e-10,1.4510651265760077e-06,1.9077815886148617e-09,0.014352307800710942,4.805337882216132e-09,6.148385973369181e-05,9.718286082725911e-08,3.042034348781182e-07,0.004514627928609917,7.158041834695948e-08,2.8935439349324555e-08
51,9.79779680374635e-06,1.6040694431223227e-05,8.573071504842238e-06,0.004083206797679646,4.6498002009761296e-05,0.0002170229357388798,0.0002753177287811923,1.9835713967727433e-09,2.0646816159046907e-11,6.665662378138876e-08,0.0004557322227722782,0.0006249746792961761,0.0012763100553459831,0.9741156244635429,5.544966366543274e-11,4.3739608823469127e-07,8.865486595875971e-10,0.01650808994165043,2.580416239322252e-09,3.979454756382788e-05,6.984142872269988e-08,1.6413653393450957e-07,0.002322220778236132,3.3938235937762585e-08,1.8789099515403636e-08
52,1.1929747947092806e-05,1.33982131023666e-05,1.265633586722177e-05,0.0019361013639315197,8.14011548802793e-05,4.132812712971836e-05,0.00014505629285590756,2.3112828972496038e-09,1.498366517136388e-11,2.954237538827894e-08,0.00017706535054038368,0.0009345203356270739,0.0009309234036441324,0.9914854188933726,1.3752089780717657e-10,4.891826454001527e-07,2.7904900826500703e-09,0.002303085992138832,6.067154323745371e-09,1.097083248651959e-05,6.303395803216192e-08,1.6779851419446811e-07,0.0019153135074350307,4.442673910999483e-08,2.5143377437506057e-08
53,4.649011709204468e-05,3.124627715893468e-05,2.4397707006752846e-05,0.005395286028066082,5.076168109250307e-05,0.0008314392228584979,0.0020072708210696257,6.209577445947009e-09,1.0558471423350406e-10,1.8101123484127668e-07,0.0014926152122677568,0.0010647172265670398,0.002718959533596107,0.9460943532386376,4.951839760192206e-10,4.423092609317942e-06,3.1358806443807143e-09,0.02823746196029918,7.353041614241277e-09,0.00021497072068529186,1.4375503807368957e-07,5.164001522138439e-07,0.011784507936056954,1.8547003341158865e-07,5.528920953854209e-08
54,2.1474390426883496e-05,1.863240709331261e-05,1.1969073281764802e-05,0.002693997632779035,4.129847880165551e-05,0.0003432800088026199,0.0005603762728395095,2.492883998321403e-09,4.2172600609652975e-11,1.244516270425225e-07,0.00030468150651720026,0.0007203928984834835,0.0013264649927539553,0.9812587394433143,1.9594190841016664e-10,2.2399014246122477e-06,1.266208737037728e-09,0.00885228629824837,4.7561597519325e-09,6.111036897744001e-05,7.85146545238014e-08,3.239941864042793e-07,0.003782429222675225,5.365312340790456e-08,3.773662248384553e-08
55,3.14168149072534e-05,2.471349994546261e-05,3.2061933426816164e-05,0.006569081384800977,7.666082465545434e-05,0.0003802545479432109,0.0006574345302465998,5.557925687828067e-09,7.685291976970854e-11,1.3303528126276983e-07,0.0009804945605413856,0.0018041319266491986,0.003448027305361086,0.9519100611805661,1.4718015439735759e-10,1.2254446193681842e-06,2.916153783647246e-09,0.03053223806124358,4.476134461113897e-09,0.00012936087274887295,1.0813687589798855e-07,2.871931543618735e-07,0.003422099909327532,1.4365975100053808e-07,5.2003707496864236e-08
56,1.8031332092853638e-05,2.0119158795471074e-05,1.5447209587320372e-05,0.003926806554694573,8.010334902084557e-05,0.0003993835110451504,0.00044634170175644516,3.5340730943045944e-09,4.850343188455482e-11,1.0991135322393238e-07,0.0005778881456103863,0.0008734001263279859,0.0019178968433558865,0.9733221836260231,1.918423039387585e-10,1.4249624473115694e-06,2.0409435995400095e-09,0.013944370530026971,4.993568170877636e-09,6.541744008174176e-05,9.604361289593257e-08,2.9678764525698274e-07,0.004390566442293755,7.656452098305326e-08,2.895077731984031e-08
57,1.40893040824075e-05,1.607274300400867e-05,1.7938301747657677e-05,0.0026816381559008184,0.0001109875083358347,0.00033032092875303606,0.0002318518869276845,3.792625828567251e-09,5.692797481192516e-11,1.231492108100657e-07,0.00035551650235166824,0.0013906304104682695,0.0018872106173755073,0.9816878118950252,1.6667877131348685e-10,1.4959755560961984e-06,2.4927208253754117e-09,0.008932080624558362,7.084950182756551e-09,5.350621272762022e-05,9.291077618573096e-08,4.1055065672183584e-07,0.002288134035525909,5.011647315468582e-08,2.457663938791934e-08
58,2.0406981093298918e-05,2.2656193199559474e-05,1.605818307152248e-05,0.004150214762054604,8.312089451061444e-05,0.0004023719336819265,0.00047368873802873523,3.896376375558827e-09,4.749610808589413e-11,1.1827290981925292e-07,0.0006095832117761852,0.0009144126949880363,0.00187079736347284,0.9699164863294532,2.1538802138257634e-10,1.4937145528581984e-06,2.524699818823487e-09,0.01630388819671956,5.075314890655599e-09,6.604410040966868e-05,1.1166681307151417e-07,3.407301134616119e-07,0.005148066829120658,9.390296704441752e-08,3.354178836718852e-08
59,2.4198203935094273e-05,2.3874408645429346e-05,1.9646045132959074e-05,0.004401263419956148,8.493803111974385e-05,0.00042759089946205165,0.0005515238656462172,4.469038586921689e-09,5.647947384786895e-11,1.2570774408125966e-07,0.0006790472352875383,0.0010022812898836302,0.0020234854532063195,0.9668598629479382,2.3745190758972424e-10,1.6710333850289938e-06,2.7985431272164916e-09,0.018461308687503456,5.221513401111213e-09,7.845708309888721e-05,1.1727674151782369e-07,3.660400770099915e-07,0.005360074526258536,1.1633595384330904e-07,3.8725997681371614e-08
60,1.8850063392179497e-05,1.9230301097568282e-05,1.462113080649921e-05,0.0037397974910815084,7.501940860833718e-05,0.00040673654952121384,0.0004467239624984954,3.2920200597872816e-09,4.356042841133373e-11,1.039485613129516e-07,0.0005774715989384441,0.0008890252762831974,0.001685331785736365,0.9725558431254746,1.880998449139322e-10,1.4374720173925966e-06,1.9802058128287363e-09,0.014870965183185033,4.738526202504401e-09,6.142883342278073e-05,1.0024470778366006e-07,3.047987284451715e-07,0.004636895766035507,7.3582437112558e-08,2.9235054153517615e-08
61,2.2049797894433635e-05,2.2588667294921086e-05,1.962681976285045e-05,0.004115731400037776,8.637223012001883e-05,0.00040586708267177944,0.0005056554227905183,4.2396217433214194e-09,5.573249586216858e-11,1.1744129156167772e-07,0.0006620561506585327,0.0010144332272237233,0.0019696521602582426,0.96971966378015,2.2166860155087063e-10,1.5439687607731316e-06,2.6013810370992667e-09,0.016664303380259766,5.275541090758546e-09,7.310808857368618e-05,1.1225900184642583e-07,3.50381277246118e-07,0.004716617704696634,1.0277940440652963e-07,3.486392639131434e-08
62,1.8850063392179497e-05,1.9230301097568282e-05,1.462113080649921e-05,0.0037397974910815084,7.501940860833718e-05,0.00040673654952121384,0.0004467239624984954,3.2920200597872816e-09,4.356042841133373e-11,1.039485613129516e-07,0.0005774715989384441,0.0008890252762831974,0.001685331785736365,0.9725558431254746,1.880998449139322e-10,1.4374720173925966e-06,1.9802058128287363e-09,0.014870965183185033,4.738526202504401e-09,6.142883342278073e-05,1.0024470778366006e-07,3.047987284451715e-07,0.004636895766035507,7.3582437112558e-08,2.9235054153517615e-08
63,2.008770032134172e-05,2.229156150548039e-05,1.56577498549775e-05,0.0039746517912094635,7.624200948270648e-05,0.0004140804175255339,0.0004947340291424591,3.6891589757655497e-09,4.9538989471395144e-11,1.1657954436501368e-07,0.0006165325056653205,0.0008753701453968294,0.0018261674029792715,0.9711249646850858,2.1108942926737578e-10,1.502773858614288e-06,2.18763913892985e-09,0.015725285938128716,5.109648772290873e-09,6.776840771562755e-05,1.0753251720754287e-07,3.327272823969375e-07,0.004743977845877039,8.481505165012314e-08,3.213478029362513e-08
64,1.9390771676831192e-05,2.06263889403202e-05,1.2921955042465935e-05,0.0037232411203696816,7.946727283684603e-05,0.0004166866230215005,0.00040185890937959913,3.491089628795741e-09,4.2277373666718434e-11,1.1360025140455814e-07,0.0005819781123336273,0.0009376482500695493,0.0014346860115226551,0.9708631182366915,2.1579317273322084e-10,1.4913661059461123e-06,2.3417951142246387e-09,0.016295645456962403,5.513622082098343e-09,5.2836176618080316e-05,1.3535526670077928e-07,3.527861892716928e-07,0.005157682624066199,7.400702823596106e-08,3.337104982004314e-08
65,2.5419437499674203e-05,2.6669981146322802e-05,2.106435744212551e-05,0.004336290547050369,7.50958573480572e-05,0.0003460203101866746,0.0006736599460245217,4.638637635048051e-09,6.168196701573885e-11,1.1536609127891865e-07,0.0007244300207197599,0.0009215624950996304,0.0022967354951715386,0.9708461579322133,2.668020770174718e-10,1.5974781564063544e-06,2.793721884357798e-09,0.01471863449686084,5.69096452689415e-09,7.986247744096521e-05,1.0507838267866579e-07,3.260664033589708e-07,0.004906077990878921,1.2337223415351639e-07,3.784184155898645e-08
66,3.30392180638675e-05,2.359877713478925e-05,1.30514096758529e-05,0.003692420052313746,8.953639667430269e-05,0.0002592649912826072,0.0003712275625012322,3.007605562149179e-09,2.2375085811835156e-11,5.886775441183193e-08,0.0007331517106383912,0.001112130069441056,0.00080216188241653,0.9620946064571362,4.0511851422316976e-10,9.464962605074045e-07,5.4657074541370555e-09,0.020225263762561483,3.6921618081774272e-09,2.018872206107094e-05,2.3002797808629164e-07,3.460367261883181e-07,0.010528556364785877,1.5310552935038125e-07,5.5496095742095164e-08
67,2.1353301169151016e-05,2.7138864736084903e-05,1.7393783856360873e-05,0.003812110616027566,8.368848372335853e-05,0.00037460495207009047,0.00043237302273475896,4.003344803698273e-09,5.7643675082990775e-11,1.1845435307245149e-07,0.0006996316592043641,0.0009204882753881127,0.001671998294520831,0.9707034285846393,2.1184686655586135e-10,1.1228962013830717e-06,2.5335703561967707e-09,0.017783634449712284,5.8845336551868365e-09,5.436240183183649e-05,1.3020885300165994e-07,3.5414124789736004e-07,0.003395932766597099,8.779252461124361e-08,3.435966948633505e-08
68,1.331284830337657e-05,1.6741629659465028e-05,1.3976206466949585e-05,0.0029099751698009645,7.960272322148539e-05,0.00028249231441494457,0.00033294876530616584,2.5834864570519247e-09,4.0363952708161314e-11,8.3100519695326e-08,0.00039416298744027656,0.000674109650249145,0.0015546182460242208,0.9827893358122896,1.6255527618124506e-10,1.0914287692332347e-06,1.4577385505396356e-09,0.007924054934283034,4.664553360727334e-09,4.0020639442475335e-05,7.039889409935128e-08,2.1986088767165403e-07,0.002973097015129748,5.481779213594676e-08,2.2542407666479187e-08
69,1.670177764527431e-05,1.6461564033148733e-05,1.2300300586455295e-05,0.003109115734924124,7.357271678446024e-05,0.00039015227548683685,0.0003770331215552022,2.641465210812073e-09,3.5555517592830084e-11,8.605849300099606e-08,0.0005243753542101221,0.0008297185828970083,0.0013653990493777907,0.9764633817823537,1.787524651225313e-10,1.2896017789039353e-06,1.7261727449758695e-09,0.012481749163516197,4.44336612997163e-09,4.546428404600266e-05,9.61024687077937e-08,2.780487282948579e-07,0.004292734280575492,5.720919880673984e-08,2.3966028157932463e-08
70,2.1069020368080345e-05,2.1820588590840463e-05,1.5268580435220392e-05,0.003913077060298257,7.862585477791545e-05,0.00043792248364439996,0.0004934573079891903,3.733044768326375e-09,4.738136339820299e-11,1.1247968610436183e-07,0.0006634312467443735,0.0009391366667243186,0.0017595501927804471,0.9694905973022734,2.2314563999796564e-10,1.546027517088909e-06,2.3506000504806765e-09,0.01687570436716743,5.249369208811021e-09,6.601900382649493e-05,1.1493478173217461e-07,3.4571835967586096e-07,0.005222071591611775,8.609443702568789e-08,3.187444553076933e-08
71,9.25009140907681e-06,1.6273729977710557e-05,1.18944565906712e-05,0.002739526851986642,0.00011186443838094961,0.0004048929069299242,0.0001967212628067146,1.971298666393901e-09,4.245874567835469e-11,1.069547933821725e-07,0.0003354564252082174,0.0006143898119960966,0.001162554182144025,0.9835027894647155,1.6154633296870065e-10,8.976626101056481e-07,1.2555415896084169e-09,0.008223843979308917,4.013794779773638e-09,2.459462627548846e-05,9.312779198456424e-08,2.1602195553087636e-07,0.002644560570025389,4.3018735550420486e-08,2.2971718040578448e-08
