,0,1,2,3,4,5,6,7,8,9,10,11,12,13,14,15,16,17,18,19,20,21,22,23,24
0,1.851595637401506e-05,7.737040075840492e-08,0.019948586587709285,1.1362743525421622e-06,0.0009825854302351529,4.350269607402694e-08,5.170163894166717e-07,2.089999958751547e-07,0.001652187049088406,2.7927371728299006e-05,6.298464331111509e-05,4.834825789472184e-07,4.044264074439441e-05,0.948940204717681,3.5503048865083678e-09,1.0009450915029741e-07,7.611933999730822e-07,0.021587404337415298,3.905028378479528e-09,0.0027309444412621305,0.0017011828531734302,2.085655914153726e-08,0.0002826096924685511,0.002001907073318553,1.9160959275222532e-05
1,1.745151917696583e-05,8.072652071540809e-08,0.02553346690763036,1.1213005930667524e-06,0.0009881613703038618,3.89682604669286e-08,5.200618556779975e-07,2.1385683862926496e-07,0.0016522886391148691,3.264027391172219e-05,5.52326555996007e-05,4.7376357530472823e-07,4.68195451062802e-05,0.9404908932170309,2.9428237242773013e-09,1.2637912223797212e-07,7.678201683086379e-07,0.02317109923926925,3.984088890652788e-09,0.003367584430017449,0.0018882244949423688,1.815078943437117e-08,0.0002667889590214211,0.002467043168052725,1.893762618571054e-05
2,0.00026822425159603346,1.5576108982692597e-07,0.09702242983145219,6.76659960929179e-06,0.00341441719032184,2.508365288473525e-07,1.8395845037439145e-06,7.505333645959081e-07,0.001987628169171462,6.0129875528439746e-05,0.00029043652126871426,1.1665581347611448e-06,0.0001795019038722418,0.695594979909045,3.2434279456241157e-09,2.392420089070809e-07,6.136700295256887e-06,0.1789617868639463,1.567217167078934e-08,0.0033273725157178333,0.009760729699166205,4.050553003216993e-08,0.0020852153624419598,0.007015175704610649,1.4606965196447192e-05
3,2.0795279441939992e-05,8.59897858581977e-08,0.022337792944086225,1.251287762450463e-06,0.0011587616005666699,3.8545632935720296e-08,5.31553449005136e-07,2.142600576848166e-07,0.0014793073698237604,2.613852756429514e-05,6.798786743633546e-05,5.505612110056864e-07,4.5209783181039295e-05,0.945064851328802,3.3708733921197876e-09,1.0743580094106798e-07,9.118169489874881e-07,0.02250616909402539,3.751937077818975e-09,0.002902767785246146,0.0018393680766965723,2.0363943486989656e-08,0.0002859732999871578,0.00224201885657147,1.9139249167931667e-05
4,1.8917980649049265e-05,8.483120055598327e-08,0.020902899546577047,1.1121762140069216e-06,0.0010312199537948594,3.1097656751447113e-08,4.812110555922555e-07,2.0323129808181954e-07,0.001277153901660646,2.3709266522461943e-05,6.21095464302212e-05,5.299730591846099e-07,4.548745645473915e-05,0.9490432001123494,2.793415009182904e-09,9.473673942488536e-08,8.515958447997029e-07,0.020854103665012703,3.2882345642456898e-09,0.0027622156908437786,0.0017673304414819806,1.991377013744519e-08,0.00023738674625583574,0.001954003085994395,1.684775748477396e-05
5,2.0811511413207394e-05,8.562778450256474e-08,0.024024789557505682,1.4932436631327617e-06,0.001273450898977814,3.8502600117589576e-08,5.712135874701964e-07,1.9741934446553096e-07,0.0014750957116101808,2.715781038492359e-05,6.046659529987187e-05,5.173694123888674e-07,5.116705526198055e-05,0.9355750159808629,2.8795424700298027e-09,1.1674868473005775e-07,9.67714146011658e-07,0.029048474267349463,3.919367421379808e-09,0.0034249097861908345,0.002065517703726981,1.7585802934505265e-08,0.00033968657817795746,0.0025931869400669773,1.625737923557615e-05
6,2.0795279441939992e-05,8.59897858581977e-08,0.022337792944086225,1.251287762450463e-06,0.0011587616005666699,3.8545632935720296e-08,5.31553449005136e-07,2.142600576848166e-07,0.0014793073698237604,2.613852756429514e-05,6.798786743633546e-05,5.505612110056864e-07,4.5209783181039295e-05,0.945064851328802,3.3708733921197876e-09,1.0743580094106798e-07,9.118169489874881e-07,0.02250616909402539,3.751937077818975e-09,0.002902767785246146,0.0018393680766965723,2.0363943486989656e-08,0.0002859732999871578,0.00224201885657147,1.9139249167931667e-05
7,1.0414155275891526e-05,7.468082177167023e-08,0.015436322280436725,1.1415331925896107e-06,0.0010885041185718265,3.345402840176352e-08,4.3976967223319754e-07,1.3970196113988877e-07,0.0015947981932092877,2.4741327259031336e-05,4.258583185707129e-05,4.119766782721672e-07,2.5667069868692548e-05,0.9595497581638964,3.214684120908454e-09,9.286675793118206e-08,7.433911048204762e-07,0.01564400032289966,3.5344621706711352e-09,0.002261627917147187,0.0015836293589521055,1.3907634510325294e-08,0.0003193369767403206,0.002394357061739419,2.115919114856823e-05
8,1.9884083433271737e-05,8.222017707857714e-08,0.016774949911577394,1.1100469773007208e-06,0.001232868757961058,4.565769318320625e-08,8.571834293244173e-07,2.8613260332422844e-07,0.001533217422013033,2.1965619572326756e-05,9.521971524873526e-05,6.159322744479216e-07,5.1000344442484205e-05,0.9428087145324602,3.6494206826506462e-09,1.0150373602930751e-07,8.576632507766098e-07,0.0301236176964716,5.67455176594159e-09,0.002946055081635512,0.002494562293423983,2.6966126560857782e-08,0.00025731378292334265,0.0016195141243824044,1.7124004213867096e-05
9,3.7102121426094004e-05,8.921755158890848e-08,0.021346431580403367,1.5957236530155456e-06,0.0019469757711387823,6.584987724066967e-08,1.1294110358256833e-06,3.375181406899795e-07,0.0018904214784675247,2.1167540603304302e-05,0.00014420013439851733,8.577256287854742e-07,6.68462737522228e-05,0.9295172738853377,4.883400152626939e-09,1.0859062355143718e-07,1.155133592072995e-06,0.03644926837347077,6.21032467230488e-09,0.0031503144091512628,0.0028381465828486276,3.459791772144853e-08,0.0003666385202047194,0.0021998923199190007,1.9936147132772058e-05
10,2.0795279441939992e-05,8.59897858581977e-08,0.022337792944086225,1.251287762450463e-06,0.0011587616005666699,3.8545632935720296e-08,5.31553449005136e-07,2.142600576848166e-07,0.0014793073698237604,2.613852756429514e-05,6.798786743633546e-05,5.505612110056864e-07,4.5209783181039295e-05,0.945064851328802,3.3708733921197876e-09,1.0743580094106798e-07,9.118169489874881e-07,0.02250616909402539,3.751937077818975e-09,0.002902767785246146,0.0018393680766965723,2.0363943486989656e-08,0.0002859732999871578,0.00224201885657147,1.9139249167931667e-05
11,2.224977471366833e-05,8.8794360720078e-08,0.023048964177613717,1.2730855222581476e-06,0.0011958264212861682,3.768614665024135e-08,5.571349198814417e-07,2.2300248074858508e-07,0.0014486158767974876,2.544648011011296e-05,7.127602317184059e-05,5.972981121548542e-07,5.060458498046742e-05,0.9431493493612635,3.3567627601708386e-09,1.1269667693485488e-07,9.534967233257205e-07,0.023297531176701556,3.816312793858026e-09,0.003110432942608678,0.001923506225360494,2.1674656596083274e-08,0.0002812754851580708,0.0023519753971525037,1.907403040709466e-05
12,5.706150351425153e-05,1.421512086448339e-07,0.0215587674383124,1.7024541103863594e-06,0.0001985599847258891,5.919483706536081e-08,5.625991836640607e-07,1.3208576559137196e-06,0.0015720951965069385,5.6045793196068434e-05,8.16235526411031e-05,9.514226430944756e-07,5.55509999039421e-05,0.9224574328870693,5.865943319376832e-09,2.1518896551034629e-07,6.717321777129722e-07,0.05010466573595596,1.2423973484558446e-08,0.0011863872368531921,0.0017029713326723146,5.108656239604812e-08,0.00019346166643959925,0.0007547029602300617,1.4978734717919425e-05
13,3.0555164599881984e-05,1.3383435962264205e-07,0.05199670132490108,4.494981658691918e-06,0.0020027286220347788,1.9419603874698677e-07,1.0433217290430496e-06,2.181070726298975e-07,0.0038225001818765845,0.0001012930181178461,4.540638230161712e-05,4.593875412127136e-07,7.02769933694424e-05,0.865030447597846,4.600217077958204e-09,3.2209024710249357e-07,1.8259342219300834e-06,0.05682146155436355,7.937152332543715e-09,0.007235963165166931,0.002605159995500342,1.6255740695020735e-08,0.001651732380386705,0.008553771637171675,2.328133638470676e-05
14,2.2052307757646046e-05,7.84696609469087e-08,0.024210135379313547,1.2177539799208138e-06,0.001033513144148256,4.206882245702755e-08,5.356323477510184e-07,2.2976007713834102e-07,0.0016177159680605079,2.756767790577644e-05,6.527364104515845e-05,5.748633522817659e-07,4.485603405672997e-05,0.944051685722971,3.828997837300158e-09,1.230691156698078e-07,8.761267296251385e-07,0.021469110709485005,3.537989136937126e-09,0.0031439265289531985,0.0016281515921893774,2.0787510365347753e-08,0.00029845556438238316,0.0023620924479391936,2.1757383208788708e-05
15,2.0795279441939992e-05,8.59897858581977e-08,0.022337792944086225,1.251287762450463e-06,0.0011587616005666699,3.8545632935720296e-08,5.31553449005136e-07,2.142600576848166e-07,0.0014793073698237604,2.613852756429514e-05,6.798786743633546e-05,5.505612110056864e-07,4.5209783181039295e-05,0.945064851328802,3.3708733921197876e-09,1.0743580094106798e-07,9.118169489874881e-07,0.02250616909402539,3.751937077818975e-09,0.002902767785246146,0.0018393680766965723,2.0363943486989656e-08,0.0002859732999871578,0.00224201885657147,1.9139249167931667e-05
16,2.0991477617630334e-05,8.532132668134819e-08,0.024292199420920667,1.3009238799220926e-06,0.0012253680409510723,4.1037771923754237e-08,5.482033512288116e-07,2.1024869065476375e-07,0.0015428166368248561,2.7401620067134425e-05,6.686272095309583e-05,5.423580904423513e-07,4.596757928803629e-05,0.9422821707959811,3.3172289077434406e-09,1.114356508009964e-07,9.517279051511584e-07,0.0227283299048867,3.6991163536617967e-09,0.003071725066703424,0.0018992296099806215,1.936126590370242e-08,0.0003124826576244922,0.0024611216224189702,1.951521150426016e-05
17,2.099487975987898e-05,8.295530563343196e-08,0.021326901482501538,1.239345838770645e-06,0.0012655193013246014,3.447357163023771e-08,5.526125382706701e-07,2.004705708486125e-07,0.0014072410425247615,2.2573405836843554e-05,6.885040577992032e-05,5.599662443653818e-07,4.75259397680874e-05,0.9448782973365296,2.8270217584532004e-09,9.488693637327654e-08,9.118673385679833e-07,0.023620737263148856,3.498878798535571e-09,0.0028368528001837196,0.001952902428762929,1.976587948938156e-08,0.000280791986130817,0.002250057634100821,1.7051423523341407e-05
18,4.215930482678769e-05,1.0589224100374882e-07,0.03145717450410167,2.2248289134703845e-06,0.0018635107410896975,6.389379464662018e-08,7.149013627593675e-07,3.2086220519614115e-07,0.001988553325634172,3.0465919013116957e-05,0.00010535890119390435,7.435363575835584e-07,6.637467917435071e-05,0.9192419310903408,4.074011024810269e-09,1.222478692988467e-07,1.166461852018433e-06,0.03652711146539461,4.302505287846276e-09,0.0035416178654103267,0.0019843615421285972,2.611319672888373e-08,0.0003892314431801535,0.0027392514372747796,1.7400666928277025e-05
19,1.4270121545591094e-05,1.0958592080758776e-07,0.018718117037563316,1.6753871622380335e-06,0.0012846535347488903,4.602358322118585e-08,4.5461917629079245e-07,1.6219078467065402e-07,0.0018744004919449176,3.270470725824558e-05,4.624476035312184e-05,5.36013036194488e-07,3.7836348342644614e-05,0.9546934067809628,3.786473533029892e-09,9.876323688011185e-08,7.580628309442639e-07,0.016491070255757592,3.2219279998270225e-09,0.002963838638216682,0.001152873599526956,1.904930426046373e-08,0.00028330382221658046,0.002383942459087484,1.947073903803852e-05
20,1.5096450458087437e-05,8.421822515976235e-08,0.014588668561805683,9.140088597253986e-07,0.0007675007059223546,3.558607179467926e-08,4.2957233110277097e-07,2.1699888286095925e-07,0.001405600090376507,2.6045814688174173e-05,6.10830224945733e-05,4.469759565777152e-07,3.79857757470667e-05,0.959787837142687,3.849638923008271e-09,8.495826212276775e-08,6.440264338620969e-07,0.017818188529502406,3.933473652394016e-09,0.0025067395213569303,0.0014457831846205736,2.6428856762947823e-08,0.00018624799878091933,0.0013329611322789347,1.7371512288075672e-05
21,2.2088831788472893e-05,8.033476460199084e-08,0.028433021212192378,1.0040431606003601e-06,0.0007529952754812927,1.3408122678888846e-08,3.18426549525499e-07,1.9714971865875367e-07,0.0006956634945935568,1.8952948406815756e-05,4.7998956467696715e-05,5.582556005840742e-07,5.384983059935956e-05,0.9380173284707354,1.3704595561209063e-09,1.1082311836799847e-07,9.429538907599034e-07,0.025034285677971026,1.9522973596173026e-09,0.0029109481856664054,0.0017212251484651983,1.3300648101380462e-08,0.00017652312078189787,0.0020996091463461462,1.2267682173414636e-05
22,6.637350897981069e-06,6.81937378215711e-08,0.00941137274268729,1.3219436057403416e-06,0.0024797885790403896,5.1916918723672764e-08,8.561548681259318e-07,7.449379761139075e-08,0.005581406207672812,1.695325642991212e-05,4.487643579329045e-05,9.048505355348572e-07,2.467390012146982e-05,0.9648842531291772,8.702101852749228e-09,1.0392928950769815e-07,2.682830216379332e-07,0.0071345540090008265,2.834618134634959e-09,0.0031604197294845225,0.0007453663787560331,1.1422428403141899e-08,0.00034705013029592884,0.00610588496906339,5.309045665561381e-05
23,2.0795279441939992e-05,8.59897858581977e-08,0.022337792944086225,1.251287762450463e-06,0.0011587616005666699,3.8545632935720296e-08,5.31553449005136e-07,2.142600576848166e-07,0.0014793073698237604,2.613852756429514e-05,6.798786743633546e-05,5.505612110056864e-07,4.5209783181039295e-05,0.945064851328802,3.3708733921197876e-09,1.0743580094106798e-07,9.118169489874881e-07,0.02250616909402539,3.751937077818975e-09,0.002902767785246146,0.0018393680766965723,2.0363943486989656e-08,0.0002859732999871578,0.00224201885657147,1.9139249167931667e-05
24,7.58459261378885e-05,5.661152226276581e-08,0.0655816143550887,1.1637178352031373e-06,0.0020562016230656777,1.0510853051890455e-07,1.296075649975849e-06,4.503162980680628e-07,0.002619772167235391,2.7552927804301188e-05,0.0002160599401149984,1.189685555732011e-06,9.97092549972969e-05,0.8811640405023505,6.03086333293786e-09,2.2967957670019259e-07,1.3658061057071359e-06,0.033007147590179045,4.045887340908119e-09,0.006289651848049483,0.0029509187636546324,3.3780585585208505e-08,0.00046130863513986134,0.005402802476231186,4.147313154057947e-05
25,2.3046250406453178e-05,7.341674049508172e-08,0.01953023887687449,9.798286535449306e-07,0.0013805425093758367,2.32069751209331e-08,7.956929866689089e-07,3.4048726425768323e-07,0.0008872989625852971,1.2610519366815943e-05,0.000108492416041062,7.318377386486026e-07,5.801801350168738e-05,0.9353183228867704,1.9566206513910825e-09,9.219597216311239e-08,1.0365958395330762e-06,0.03503511515173879,3.454047291589484e-09,0.0030907423606394567,0.0029059557884837614,2.2337807930286223e-08,0.0001880788644700146,0.0014449457340431858,1.249065505628612e-05
26,3.099229106158648e-05,7.476612637406771e-08,0.04078775220246008,2.1644098787655725e-06,0.0018027358841879088,5.2356725213367836e-08,6.015123291168411e-07,1.6042065072301862e-07,0.0022623506544300906,3.3618674887469554e-05,5.1660197003091354e-05,4.80807209431104e-07,6.315891192078076e-05,0.9049487959572218,2.256449235474971e-09,1.3671403439151624e-07,1.0652746333327852e-06,0.03691832124627848,3.139656753207103e-09,0.004519779475214535,0.0021740197355198353,1.284341285153645e-08,0.0006529524379532607,0.005732544756724608,1.656307403060885e-05
27,2.1298006540931962e-05,9.703734483325204e-08,0.017022231241768222,1.4502775530494374e-06,0.001215273887208753,6.09219102601097e-08,5.760436940440593e-07,2.418337325412437e-07,0.0025080144354331048,3.1465078980003274e-05,7.292360885070746e-05,6.483216902364241e-07,4.519364291787195e-05,0.9516832110015154,5.436817136680404e-09,1.1382525767357793e-07,6.758940105375211e-07,0.020362324954956764,4.578321701093823e-09,0.0030570679078676657,0.0012719491307848162,3.128811532168834e-08,0.0002825837088489877,0.002398442220833562,2.4115715045829024e-05
28,2.0795279441939992e-05,8.59897858581977e-08,0.022337792944086225,1.251287762450463e-06,0.0011587616005666699,3.8545632935720296e-08,5.31553449005136e-07,2.142600576848166e-07,0.0014793073698237604,2.613852756429514e-05,6.798786743633546e-05,5.505612110056864e-07,4.5209783181039295e-05,0.945064851328802,3.3708733921197876e-09,1.0743580094106798e-07,9.118169489874881e-07,0.02250616909402539,3.751937077818975e-09,0.002902767785246146,0.0018393680766965723,2.0363943486989656e-08,0.0002859732999871578,0.00224201885657147,1.9139249167931667e-05
29,2.0795279441939992e-05,8.59897858581977e-08,0.022337792944086225,1.251287762450463e-06,0.0011587616005666699,3.8545632935720296e-08,5.31553449005136e-07,2.142600576848166e-07,0.0014793073698237604,2.613852756429514e-05,6.798786743633546e-05,5.505612110056864e-07,4.5209783181039295e-05,0.945064851328802,3.3708733921197876e-09,1.0743580094106798e-07,9.118169489874881e-07,0.02250616909402539,3.751937077818975e-09,0.002902767785246146,0.0018393680766965723,2.0363943486989656e-08,0.0002859732999871578,0.00224201885657147,1.9139249167931667e-05
30,2.0795279441939992e-05,8.59897858581977e-08,0.022337792944086225,1.251287762450463e-06,0.0011587616005666699,3.8545632935720296e-08,5.31553449005136e-07,2.142600576848166e-07,0.0014793073698237604,2.613852756429514e-05,6.798786743633546e-05,5.505612110056864e-07,4.5209783181039295e-05,0.945064851328802,3.3708733921197876e-09,1.0743580094106798e-07,9.118169489874881e-07,0.02250616909402539,3.751937077818975e-09,0.002902767785246146,0.0018393680766965723,2.0363943486989656e-08,0.0002859732999871578,0.00224201885657147,1.9139249167931667e-05
31,3.344452313783252e-05,8.870356756550363e-08,0.03495695185908231,1.1654707146804842e-06,0.0007768054199745137,3.032884337193339e-08,5.25968707783966e-07,3.76233672112697e-07,0.0009954282732746564,2.7756968748160483e-05,7.128509631506326e-05,6.002372165767237e-07,5.60178374471325e-05,0.9247305383116086,2.173057675077575e-09,1.361097177762439e-07,1.2217019925853094e-06,0.031246920431151265,3.45812391461592e-09,0.002679483898539922,0.0023104839073169463,2.0929028487674297e-08,0.0002571595328158703,0.001837932236100288,1.5620389844922243e-05
32,2.0948236257244474e-05,9.218294159284323e-08,0.021870806894250343,1.3474569828924712e-06,0.0012214346248286647,4.335000182775974e-08,5.921078329361482e-07,2.2967498570206198e-07,0.0015439210411956582,2.7784708979760134e-05,7.25874425723581e-05,5.750853292172793e-07,4.682147792171177e-05,0.9433601731534769,3.9035133253589986e-09,1.2018918738694626e-07,1.0024420326549552e-06,0.024057785168627967,4.657158268294119e-09,0.0030279982248177643,0.002060676332993122,2.226589962311813e-08,0.0003156515948377512,0.0023489370254126548,2.0440757962779425e-05
33,3.8333480496580275e-05,1.0495949149096294e-07,0.024175550388792606,1.6056852957703147e-06,0.0015021955058959684,3.508787811603276e-08,7.398288249051648e-07,3.4488207421071375e-07,0.0010749919670841827,1.890854410145637e-05,0.00012374084176409008,1.0270201596639297e-06,7.610955931736609e-05,0.9255863802403368,2.9722758649400014e-09,1.3226545196206843e-07,1.5202223195520241e-06,0.03865693132212096,4.64820862565815e-09,0.0032442024289744604,0.0027347430180662624,3.004776067295617e-08,0.000292746180243394,0.002452840099613686,1.6778803451446383e-05
34,2.0695873669919255e-05,8.599370507029216e-08,0.022295360625902347,1.2496833052766632e-06,0.0011567131667788682,3.850697646147538e-08,5.307249137541528e-07,2.1384201737399337e-07,0.001478451715582827,2.6146518158338763e-05,6.777433055760328e-05,5.498065294563882e-07,4.509695828605261e-05,0.9451761892937942,3.3670160225188327e-09,1.0738727432896632e-07,9.105570067396868e-07,0.022446902134180838,3.7464040053786045e-09,0.0029019688876008583,0.0018358632770139381,2.0329945983540985e-08,0.0002856685400108933,0.002240313064008102,1.9141669360723558e-05
35,0.00010461875399846258,9.790374397871541e-08,0.04258965940974354,2.110928962018881e-06,0.0009152594805560848,9.043220051442477e-08,1.0424167814804148e-06,9.10616447647587e-07,0.0021756822413993653,4.8255245539951196e-05,0.000137013325139848,1.0374713187083903e-06,0.00010557782508947596,0.8489247400286901,3.1296870945159283e-09,2.499258161478079e-07,1.4493322266162273e-06,0.0955336984465961,8.948206348130562e-09,0.003076600581138331,0.002945635761518875,4.979786210999267e-08,0.00042606795861314896,0.002993395835496776,1.6744203227344513e-05
36,2.07168266427493e-05,8.601632591839618e-08,0.02224287460480154,1.246687620715965e-06,0.001140728121185163,3.835300424736373e-08,5.278252261405224e-07,2.1520447618531734e-07,0.0014714182391005104,2.6215320457478437e-05,6.749956796263852e-05,5.489795072836018e-07,4.50867092886578e-05,0.9452197479197687,3.3574861639558635e-09,1.075381883502397e-07,9.087104078146729e-07,0.022521490902360258,3.740852959001699e-09,0.002898039261166928,0.001822923523993718,2.0395043676554787e-08,0.0002838409224783194,0.002216674527986743,1.903674466728055e-05
37,4.750416389861572e-06,2.7970400685938467e-07,0.005250902981565451,3.4330311182387574e-06,0.000739792893838322,7.293894152027598e-07,9.178653672772464e-07,1.343841216032155e-06,0.003224748338476692,0.00019944964251641297,0.00012979788954982992,4.1772890396704954e-07,1.443934314758938e-05,0.9732488580228653,1.4905642624715184e-07,4.222221646801822e-07,1.563669853060055e-06,0.011661851782623944,6.68936059265431e-08,0.0031416069141234626,0.0013887533713873635,1.3151112533842484e-07,0.0004911520382201144,0.00042624810430791967,6.819334778479158e-05
38,1.535587556442041e-05,7.872609435985711e-08,0.01808263570675681,1.0481283363462601e-06,0.0011026681079167845,2.6867927263150207e-08,3.927075729007383e-07,1.619410590995427e-07,0.0013567845011264628,2.1414170037724757e-05,5.537027462686475e-05,4.732795763081902e-07,3.354612733039128e-05,0.9574155726123742,2.678604748094718e-09,7.438846587826407e-08,7.084278597152378e-07,0.0161363987974833,2.742768453909702e-09,0.002159163499598878,0.0014639594514072544,1.637398634029574e-08,0.00022034495709207918,0.0019163603480248938,1.7439308408560876e-05
39,3.994589747935791e-05,9.905768017041454e-08,0.03625219708140491,1.4086976870423408e-06,0.0012273543063957384,7.269930855449256e-08,1.2095746214021954e-06,6.202138171294974e-07,0.0014840814449011632,3.1002337586831853e-05,0.00013707789373665498,1.0430758098551465e-06,8.082166778909426e-05,0.9073094099466289,4.486290681708542e-09,2.5840962632527374e-07,1.723499939622619e-06,0.04170443751839657,7.499354022421824e-09,0.004527242704002405,0.0038929675638311916,3.8427082655393044e-08,0.0003845552716290453,0.00289559092348531,2.6829801515203468e-05
40,2.045088417377466e-05,8.628175452969965e-08,0.022090612963003183,1.2578218277046812e-06,0.0011554006887644023,3.858066644204264e-08,5.330905649027108e-07,2.1404099088330742e-07,0.0014892030102918914,2.6400050921656328e-05,6.721772494940432e-05,5.43973914414699e-07,4.5037628658752804e-05,0.9448493209429853,3.3460232394034605e-09,1.0861854663229071e-07,9.086113637543666e-07,0.02291192552820426,3.824321999776303e-09,0.002919252428773539,0.0018542824633266115,2.0199506172720877e-08,0.00028894333931300825,0.0022592263957859427,1.9007561367234388e-05
41,2.7750049597232822e-05,1.0913235434236613e-07,0.024176643988525905,2.120289731475598e-06,0.0020356619810974084,6.326153863348921e-08,5.286700706970563e-07,2.1019415660523746e-07,0.0024210885288569366,3.210799321664534e-05,8.495873392448166e-05,6.705822608462358e-07,4.3615106837446044e-05,0.9436332902874264,6.593336496955304e-09,1.1011811208359826e-07,9.283468781910924e-07,0.019885607366816584,3.9677209537146505e-09,0.0030646482952591857,0.0012861983921750642,2.435153773480351e-08,0.00035804741204133455,0.0029198941031380217,2.5712253389068832e-05
42,2.8036571736798107e-05,1.2584045125669377e-07,0.025150621652176745,1.4575322111002452e-06,0.0012258445662785505,7.416580787365687e-08,7.083269538392591e-07,3.927907374674987e-07,0.0017759697492882175,3.895010418337597e-05,0.0001112515333102628,8.231269131991881e-07,6.436177919484686e-05,0.9371561830881627,6.513033840419237e-09,1.9044404313991667e-07,1.3503581643759787e-06,0.02508307584279427,6.5596235614953625e-09,0.004379207177652019,0.0020743177054827794,4.402494949798159e-08,0.00030788851782232216,0.0025704518868568628,2.8660142170875353e-05
43,1.735723589478273e-05,1.009552229627254e-07,0.02301198235315939,1.4555135565767773e-06,0.000939387533261825,9.013107147330673e-08,5.958629806979243e-07,2.9856032960362445e-07,0.0021314725843791012,5.6570253985406595e-05,6.384174715951594e-05,3.960188106248398e-07,4.0742433560549174e-05,0.940121857610983,5.787091109729296e-09,1.5105993660445228e-07,9.48469970730385e-07,0.025688755000218576,7.328499183223131e-09,0.0034544685709050347,0.0020595271716470714,2.903844448413988e-08,0.00036268383979395636,0.0020249063347042274,2.2368604433629738e-05
44,2.0795279441939992e-05,8.59897858581977e-08,0.022337792944086225,1.251287762450463e-06,0.0011587616005666699,3.8545632935720296e-08,5.31553449005136e-07,2.142600576848166e-07,0.0014793073698237604,2.613852756429514e-05,6.798786743633546e-05,5.505612110056864e-07,4.5209783181039295e-05,0.945064851328802,3.3708733921197876e-09,1.0743580094106798e-07,9.118169489874881e-07,0.02250616909402539,3.751937077818975e-09,0.002902767785246146,0.0018393680766965723,2.0363943486989656e-08,0.0002859732999871578,0.00224201885657147,1.9139249167931667e-05
45,3.672721969262809e-05,1.1678519435417157e-07,0.023548395859866428,2.46963390324175e-06,0.002957721736788678,1.2820001540179826e-07,1.6360592628863714e-06,4.380584278130378e-07,0.0037871582931847574,3.2013981248260075e-05,0.00016174044400746286,1.2827237637515068e-06,7.579232467834847e-05,0.9252205004280505,1.2876448445391572e-08,2.0868081663760589e-07,1.1017941662642904e-06,0.03263684293385645,8.855915476863482e-09,0.005478781280512599,0.002051404570710368,4.5995014442522874e-08,0.00043762402129211186,0.0035321478635736165,3.5699379608867335e-05
46,8.19690316230767e-05,2.1289475311585437e-07,0.038044734954933705,3.4671009105347615e-06,0.0024858405327493126,8.084362549439244e-08,9.561096765954826e-07,5.66827854367394e-07,0.0011738451578891774,2.9300279257906652e-05,0.00020665014954168357,1.800922134454205e-06,9.693429099794998e-05,0.9072212220155753,6.53726596538942e-09,2.267776027106817e-07,4.278178133064435e-06,0.0395421953701904,6.218503303259188e-09,0.003964385891620491,0.0028481471402963315,5.3004573513070776e-08,0.0005947301509346619,0.0036697614426258757,2.8628176731075274e-05
47,4.7215809922602897e-05,1.645113150029525e-07,0.028171263542388105,1.5568829270889894e-06,0.001115633785583265,5.289285887542834e-08,6.473332542923584e-07,4.08372999181779e-07,0.0016460369868340956,3.554198922058975e-05,0.00011532242576883176,1.339354314972667e-06,9.608236292717776e-05,0.9330929903450955,5.1139986795159085e-09,2.1788298833211715e-07,1.2986255281149367e-06,0.026414573192144814,4.370230572756845e-09,0.004523011171520082,0.0013386881230290813,4.973992484003046e-08,0.0002462669001927789,0.003121752588329685,2.987569670323871e-05
48,2.2766073371629266e-05,1.6578995387511928e-07,0.01783219842547423,1.5930252867980495e-06,0.0008097147668275521,4.162026219913089e-08,4.630817418681364e-07,3.1265129508466965e-07,0.0010268977062166717,3.72477039436825e-05,6.317493152262538e-05,4.881797440580708e-07,4.1201590632443196e-05,0.9500198362604647,3.335081673202827e-09,9.947471948907115e-08,1.550277693169816e-06,0.02470935872048419,5.617790138298452e-09,0.0019088277129762623,0.0019621382850416847,3.138569627263562e-08,0.00029760182763851803,0.001249853557939093,1.4427998202281249e-05
49,2.609984597483454e-05,8.769223257193107e-08,0.03038983338206961,1.4196166814862231e-06,0.001234072488010858,5.0281218745437455e-08,6.181614408196399e-07,2.4616748953585113e-07,0.0015990765184665807,2.8292822565021606e-05,7.448553372202474e-05,6.877343055604115e-07,6.024636779908825e-05,0.9328886228449988,3.082289683520812e-09,1.2753312354517156e-07,9.953309898079522e-07,0.024875648152291933,3.207535366073643e-09,0.0038873303221624526,0.0018369999170383675,2.1772620234239534e-08,0.0003210914247836928,0.0027541881909754567,1.9751609213690506e-05
50,1.177098323387848e-05,9.144481028379169e-08,0.015808673617497368,7.551922330443792e-07,0.0006635044562797969,2.6350822303908935e-08,4.1892839617259166e-07,2.0585629691190884e-07,0.001219030598460368,2.839952717169523e-05,4.546895591141488e-05,3.840588691643436e-07,3.533549455066733e-05,0.9620340120867596,2.5304085818061233e-09,7.629287027553316e-08,5.914189499755375e-07,0.015254292411778328,3.548057941959406e-09,0.00209714265786072,0.001500917431839093,2.1188814438674812e-08,0.00014443767187446736,0.0011393117491956116,1.5125547057841323e-05
51,6.958889520351906e-06,2.1268209067045417e-07,0.006992725848031374,1.1033931678620637e-06,0.00031030909875719447,9.744637634061505e-09,1.0608169081630182e-07,1.7600113154389702e-07,0.0005751904980042113,2.3246664604343158e-05,2.2527673590880962e-05,4.08698760595547e-07,1.8154559349153105e-05,0.9832216552310721,2.110842156997515e-09,3.872426360315034e-08,3.5330462430393963e-07,0.00723325033311388,1.5469065692705928e-09,0.0008352149507076288,0.0003614452345606868,1.859378326598137e-08,4.9193010934482115e-05,0.00033925382489632136,8.443300958599105e-06
52,1.2966348031902127e-05,9.358845852568666e-08,0.022577302261204465,9.765999528427272e-07,0.0036520816744797916,2.3499825198052637e-08,9.452843948030764e-07,1.1858836852026242e-07,0.0011209731233637603,8.845384663236418e-06,8.830237835816123e-05,9.542452746568228e-07,3.505944012017784e-05,0.9552808976190278,2.3501874667720003e-09,6.443730679023253e-08,1.4185032545151426e-06,0.007485430442967133,2.0839087893437735e-09,0.0020627643015293027,0.0033264296345475223,1.1982235493220864e-08,0.0003606903015739073,0.003949461880792414,3.418404617277664e-05
53,1.9152992708297918e-05,7.121027915080586e-08,0.01833939862237554,1.2252847064598042e-06,0.0013683917588498701,5.797756795653235e-08,1.1837260955038098e-06,2.5974526832610733e-07,0.0021871728792663505,2.0510677957567776e-05,7.96305907999436e-05,7.590995673064814e-07,4.842104032177282e-05,0.9436953972267719,4.329234924973552e-09,1.2959223377894877e-07,7.83090913714839e-07,0.025701468038200524,4.5536639472630564e-09,0.003584741644606624,0.0020818737705661705,2.1479893265450838e-08,0.0003823442395910185,0.0024630825714471367,2.3913857112998848e-05
54,6.622346756398702e-06,8.75211110905403e-08,0.01206100906431667,5.729789044487808e-07,0.0005037287941933331,1.6581955692958433e-08,2.3094368311791902e-07,1.196945866313971e-07,0.0012034559889192418,2.4482261836476377e-05,2.905831655611727e-05,4.1902878417981546e-07,2.1054853370064824e-05,0.9757732860844888,3.352612348347787e-09,8.288673766200829e-08,3.859356691135736e-07,0.006341983209690964,1.930942333661663e-09,0.0018998087143514773,0.0006429088633466025,1.4497522117345728e-08,0.00010505161968663567,0.0013599756019642309,2.5638928014487705e-05
55,3.028378173014656e-05,8.38488152330736e-08,0.023610473066622183,2.089450695701553e-06,0.002866618906080705,5.0401012363768126e-08,1.191191963860576e-06,2.1203560256354404e-07,0.0027066296155445545,1.6421917490397662e-05,0.00010160138343256329,1.4985432492529958e-06,7.508745075840286e-05,0.9275230018025384,3.275529240450306e-09,1.394491457227154e-07,8.231515738119736e-07,0.030916684664773156,3.4963300313757825e-09,0.004136262228898784,0.0018505565838338469,1.9572981988342253e-08,0.0004155821184918051,0.005719456205670373,2.522585723502611e-05
56,2.1940545424754847e-05,8.824542208312354e-08,0.022511718472308626,1.2667113793416943e-06,0.0011667683710164236,3.901576434602142e-08,5.51480971870792e-07,2.2367419535821528e-07,0.0014656829421450103,2.5794397557191937e-05,7.090341998044339e-05,5.826799842199588e-07,4.806163744635129e-05,0.9443435009531188,3.378110087718505e-09,1.0868755658269872e-07,9.392014603092429e-07,0.022963558013838883,3.8107757944989435e-09,0.0029527950351772828,0.001878449404024532,2.163736222084502e-08,0.0002836332195362989,0.0022443257286536007,1.903933678954394e-05
57,1.6813320788262175e-05,1.0112076638463142e-07,0.021445849972040288,1.0860685990945852e-06,0.0010584401479890513,2.997254817604477e-08,5.793591391530145e-07,2.31452234306555e-07,0.0011989532583947086,2.6073298953156514e-05,6.820737882205755e-05,6.080021720716132e-07,5.430780945437895e-05,0.9452027141195597,3.144679651103427e-09,1.3202918320088675e-07,9.494764752474647e-07,0.022827109146613473,5.039436900960199e-09,0.003230165403217605,0.002420279240941912,2.17393649581038e-08,0.00022586512320520933,0.002201926481326698,1.9547894094026678e-05
58,2.019341958276726e-05,8.905729880600006e-08,0.0230110487544204,1.3946243781549474e-06,0.001454788720159046,4.090490919659065e-08,6.097972966107658e-07,1.9090002407314077e-07,0.0017081494297185949,2.5568826792301652e-05,6.880533513174525e-05,6.353348892152112e-07,5.1745391208660024e-05,0.9417806338871707,3.618490739820126e-09,1.2683485183174922e-07,9.475795222992569e-07,0.02270092786982215,4.004709848740446e-09,0.0035883977829290945,0.0019843658242546195,1.9778793326092704e-08,0.000336447849123287,0.0032429142297666067,2.1950244756078552e-05
59,1.8407259425293532e-05,8.335726839135146e-08,0.02496952684200795,1.243949139822536e-06,0.001266202884130653,3.598290796423876e-08,5.219882799288672e-07,1.7830852495650336e-07,0.0015229725786928094,2.6467862987407527e-05,5.887807107413314e-05,5.370904069462053e-07,4.728372235799749e-05,0.9424803277481948,3.0168833391547182e-09,1.1836366833964342e-07,9.082502133400842e-07,0.020942951065438035,3.3987662538647784e-09,0.0034060853908663307,0.0019354984592936998,1.7106721802324837e-08,0.00030790523981790265,0.0029936387306890347,2.0203332242879343e-05
60,2.0795279441939992e-05,8.59897858581977e-08,0.022337792944086225,1.251287762450463e-06,0.0011587616005666699,3.8545632935720296e-08,5.31553449005136e-07,2.142600576848166e-07,0.0014793073698237604,2.613852756429514e-05,6.798786743633546e-05,5.505612110056864e-07,4.5209783181039295e-05,0.945064851328802,3.3708733921197876e-09,1.0743580094106798e-07,9.118169489874881e-07,0.02250616909402539,3.751937077818975e-09,0.002902767785246146,0.0018393680766965723,2.0363943486989656e-08,0.0002859732999871578,0.00224201885657147,1.9139249167931667e-05
61,1.9515160441277944e-05,8.141710060049797e-08,0.025991299565065705,1.2200792828818735e-06,0.0012590084534967192,3.56699843932818e-08,5.225181817019337e-07,1.8427767581427177e-07,0.0015596600350581463,2.662859903617993e-05,5.9507042953278986e-05,5.349141094429805e-07,4.720749030194065e-05,0.9414739675892607,2.823608025850202e-09,1.1344878705195447e-07,8.866203786849315e-07,0.02110879101345399,3.3666363513260755e-09,0.0031626026737894154,0.0019791617766663832,1.7124274610527776e-08,0.00030159365903347684,0.0029876369015769256,1.9817779846350043e-05
62,2.0795279441939992e-05,8.59897858581977e-08,0.022337792944086225,1.251287762450463e-06,0.0011587616005666699,3.8545632935720296e-08,5.31553449005136e-07,2.142600576848166e-07,0.0014793073698237604,2.613852756429514e-05,6.798786743633546e-05,5.505612110056864e-07,4.5209783181039295e-05,0.945064851328802,3.3708733921197876e-09,1.0743580094106798e-07,9.118169489874881e-07,0.02250616909402539,3.751937077818975e-09,0.002902767785246146,0.0018393680766965723,2.0363943486989656e-08,0.0002859732999871578,0.00224201885657147,1.9139249167931667e-05
63,1.9482135444486723e-05,9.572766996112063e-08,0.02093086804022206,1.2670880992136613e-06,0.0011043449475196003,3.7248233459642345e-08,5.053196460783593e-07,2.1466923017081922e-07,0.0014447571525593595,2.7386959762837637e-05,6.449659034345563e-05,5.543089268667759e-07,4.370357304971425e-05,0.9483792496474256,3.487224186243028e-09,1.0935041094650605e-07,9.220846415869303e-07,0.02097596271777339,3.933906185547837e-09,0.0027615378151110556,0.0017686374757533143,2.1222987348278593e-08,0.0002743364757417031,0.0021818945253005715,1.9607503016981994e-05
64,1.9331232554861092e-05,7.892802567491355e-08,0.023802972197972914,1.101672109812186e-06,0.001153702270854842,3.263830470199671e-08,5.876003780157045e-07,2.0708228252221041e-07,0.0012377841439939528,2.3310655832930506e-05,6.64696421281212e-05,5.073804577269394e-07,4.6494932047681946e-05,0.9423356796069604,2.7588099505763868e-09,1.0416367192859977e-07,9.981284116310087e-07,0.023435821399632698,4.013017031431498e-09,0.002789762385254531,0.002560597656803506,1.7966516869111032e-08,0.0002913790673795943,0.0022153432413897518,1.7709235208335457e-05
65,1.411419397812505e-05,7.703424029876097e-08,0.01991412502369975,8.959407667830818e-07,0.0008134948551137411,2.4195956932196657e-08,3.6135971326147734e-07,1.6480142441235814e-07,0.0012802701864469323,2.4498986814635986e-05,4.447308234800204e-05,4.3916472801068095e-07,3.68224348351656e-05,0.9561708762982715,2.3829910940616516e-09,8.775772712058282e-08,6.361878454491144e-07,0.015732855053993355,2.4654935755898863e-09,0.002575150127339576,0.0013123902215800636,1.585693572316522e-08,0.00018951625753255507,0.0018717608783252616,1.6945251898758313e-05
66,1.7283823376372102e-05,1.0818198062984809e-07,0.014776884180101948,2.0491667800069118e-06,0.001563477522914628,7.36823899122354e-08,6.326677679734312e-07,1.851304142248584e-07,0.0022223954615835633,3.161166624023698e-05,6.910418427925335e-05,5.67890314960415e-07,2.8802056093410088e-05,0.9535936779329616,6.8713252012007554e-09,1.1455797260783997e-07,1.210500183199093e-06,0.019853173759605765,7.243746551290884e-09,0.002035523150235509,0.0020947181346593143,2.3166769890673306e-08,0.000623879843413482,0.0030557302972961855,2.8758927593490952e-05
67,2.0450392143890625e-05,1.0269410636217208e-07,0.01257153704218774,1.1137389028992099e-06,0.0013672777702828174,4.3878672127172845e-08,5.659646053384264e-07,2.59331130745969e-07,0.002382415924826461,2.3095580428543612e-05,9.213509574340531e-05,8.065120198916737e-07,3.3611248639071226e-05,0.9650708737596823,5.246132789163329e-09,7.404707557855027e-08,5.829129855426122e-07,0.013723900839639024,4.176774539083304e-09,0.001612758499794704,0.0011255057712105502,3.5297631574759356e-08,0.0001717790401653923,0.0017751937421450724,2.587149307391902e-05
68,2.8632480256583843e-05,9.965783211313812e-08,0.023408240806569225,1.393839649582982e-06,0.0012339623057175267,4.596897767102735e-08,6.603727201570204e-07,3.127307047025802e-07,0.0014537318686485656,2.826715939168126e-05,9.37912477149195e-05,6.439911991353771e-07,5.2270757616489576e-05,0.9367868552407046,4.22273075222922e-09,1.3069326797513321e-07,1.205664657402901e-06,0.029149748806075307,5.613323326632937e-09,0.0028279234028170124,0.0024242522962424572,2.8001068304872346e-08,0.0003153094659884235,0.00217194012933835,2.054327678782278e-05
69,2.4056430763804883e-05,9.454007149131478e-08,0.022218348734903665,1.428681810127225e-06,0.0013786443600484898,4.507316706003969e-08,5.68804175235092e-07,2.2352579567769447e-07,0.001660050372835658,2.6951872733700263e-05,7.893606107989375e-05,6.146782705459885e-07,4.627263049351405e-05,0.9445223773613929,4.0681307303989155e-09,1.08801461004749e-07,1.0005266067917123e-06,0.022594083837789006,4.138986632444168e-09,0.0028232724090259754,0.0018304579104606693,2.3164470867388078e-08,0.00031703809095239146,0.002454216632016183,2.1177292557870322e-05
70,2.1094361400746174e-05,8.692868130506713e-08,0.022408491062277255,1.2175100954675093e-06,0.0011009519200692233,3.842770811568601e-08,5.336525379313418e-07,2.23613680458042e-07,0.001446522678310585,2.6921602936165705e-05,6.875102639648657e-05,5.527282536561113e-07,4.61807986912612e-05,0.944210513176682,3.358225262731773e-09,1.1303568333680743e-07,9.322899827725693e-07,0.023292864905297788,3.947050704189657e-09,0.0029227121143164695,0.0019052415080935737,2.112039732756173e-08,0.0002823520421403246,0.002244402320720346,1.9273870371385556e-05
71,7.803385602162503e-05,1.4981935111953787e-07,0.03326963008455183,2.6253595018825667e-06,0.0015643763258715471,1.0858583562177749e-07,7.080096501837005e-07,5.381846757184505e-07,0.0019116104019142087,3.967863866287797e-05,0.00018472349127179348,1.2020610185283535e-06,6.853317457180959e-05,0.9207151910467856,8.399653402850947e-09,1.6895133678673653e-07,1.998975031751165e-06,0.03416403500254175,6.969289416430599e-09,0.0026202285375058775,0.002110473489964066,5.467491614194112e-08,0.0004765126765116493,0.0027600094108635948,2.9393872701249558e-05
