,0,1,2,3,4,5,6,7,8,9,10,11,12,13,14,15,16,17,18,19,20,21,22,23,24
0,8.877797470072665e-05,1.6892949302017196e-07,0.034699815980308614,1.5561631598032014e-06,0.04381084294112569,2.4530025331758847e-08,2.4388521090674644e-06,1.6611909724408873e-07,0.000499243082444011,3.7868185909821307e-06,0.001005169954753714,1.0033420833518942e-06,4.267259661028621e-05,0.8476353004152847,1.911937911202737e-09,1.5868598982988828e-08,1.5614200763945118e-05,0.0163001536753589,7.569790153101106e-09,0.00040919855762275607,0.05058126118706472,2.04183941361761e-08,0.0009788171051537025,0.003901208701938668,2.2733103589603316e-05
1,8.157382138165223e-05,1.6567956736338296e-07,0.04219195936560914,1.530124282842798e-06,0.04388206875857097,2.2253179474468587e-08,2.482428880042996e-06,1.6276627764914235e-07,0.0005169246556263131,4.25120087392673e-06,0.0008674204913458406,9.744955452666862e-07,4.799096447865214e-05,0.8332866945145888,1.6536250270882037e-09,1.95558880987495e-08,1.4921756622540471e-05,0.017293940093320127,7.92375638507002e-09,0.0004924008148139404,0.055544814919290315,1.7573965532961413e-08,0.0009461996173126678,0.004800682601184602,2.27719700128405e-05
2,0.0007567329841686103,2.2691247242917506e-07,0.09262095916840248,5.112883352808132e-06,0.11573849458823815,6.883021353888246e-08,6.376724055638669e-06,3.6158979323975695e-07,0.00032576596336251383,3.6032868697388253e-06,0.0034606267695482386,1.6355402148870597e-06,0.00011847977654305074,0.42437863889962363,9.094699592958651e-10,1.9217632127186175e-08,8.892932148272547e-05,0.08006237649090571,1.9129032296594085e-08,0.0002697832899743353,0.2688176394932394,2.4363209413360924e-08,0.004650116047496376,0.008683459362593165,1.0548458105536239e-05
3,0.00010158645151313416,1.8920704366724423e-07,0.03860660227698249,1.7263106438263557e-06,0.051253638667354925,2.1657016968383647e-08,2.465042615932491e-06,1.706331284268479e-07,0.0004278723232996002,3.485389818524273e-06,0.0011009511961773849,1.1282843040381557e-06,4.703061242699542e-05,0.8303182669687058,1.7912781838919981e-09,1.6708539831293764e-08,1.933433743131797e-05,0.01710019149807719,7.226263102824034e-09,0.0004216849047399039,0.055306901198011765,1.9730206763982563e-08,0.0010048363668579215,0.0042597749647113785,2.2096252850938266e-05
4,9.433005145306956e-05,1.850957419611114e-07,0.03714855534506764,1.5353818040588053e-06,0.044490470321462514,1.8254498463342837e-08,2.319040745929194e-06,1.682059599834051e-07,0.00039095288633823725,3.2956094948699644e-06,0.0009986644226750976,1.1017297578884815e-06,4.8018754848530314e-05,0.8426703896884644,1.5163409460930912e-09,1.5358271170436646e-08,1.7541495480584618e-05,0.01619511834525457,6.4690327217735175e-09,0.00040822156851019525,0.05288733173357484,1.9504237392721423e-08,0.0008450891645170311,0.0037766862749626508,1.9963781505149757e-05
5,0.00010204277045802291,1.874737082624472e-07,0.04198762022655534,2.1126042221370167e-06,0.05418401774910931,2.2632319284278243e-08,2.5646433038766334e-06,1.5868779610053683e-07,0.00044336633751839306,3.861116903095565e-06,0.0009485029144101994,1.0565547040091623e-06,5.227793254618002e-05,0.8153047612027858,1.59298404742725e-09,1.8988793086639303e-08,2.0086805652546782e-05,0.022201120854688183,7.637454895065607e-09,0.0005017305131791346,0.05804130771737273,1.7121155937905823e-08,0.0011984540967452096,0.004985570800695378,1.913102493906039e-05
6,0.00010158645151313416,1.8920704366724423e-07,0.03860660227698249,1.7263106438263557e-06,0.051253638667354925,2.1657016968383647e-08,2.465042615932491e-06,1.706331284268479e-07,0.0004278723232996002,3.485389818524273e-06,0.0011009511961773849,1.1282843040381557e-06,4.703061242699542e-05,0.8303182669687058,1.7912781838919981e-09,1.6708539831293764e-08,1.933433743131797e-05,0.01710019149807719,7.226263102824034e-09,0.0004216849047399039,0.055306901198011765,1.9730206763982563e-08,0.0010048363668579215,0.0042597749647113785,2.2096252850938266e-05
7,8.879359350539086e-05,1.8529999819144484e-07,0.03639187390253343,1.7219975217783682e-06,0.05055110755839137,2.1337166395240133e-08,2.3395716718996073e-06,1.5556190495417472e-07,0.0004376779879739584,3.5418426131020383e-06,0.0009930854218809578,1.0588493589270238e-06,4.20457823681135e-05,0.8362027961197463,1.7917904858209888e-09,1.650739133503253e-08,1.879434091911392e-05,0.015977703036014073,7.183001679131518e-09,0.0004057692637855599,0.05340462085820266,1.825592294145453e-08,0.0010475303677219949,0.0044063415030052054,2.279206560993331e-05
8,0.00010016023396062047,1.8496684714228647e-07,0.03355459983979522,1.5802495593757464e-06,0.05256817109447236,2.2956628000951065e-08,3.1516822647222348e-06,2.0066702180411535e-07,0.0004275869350430856,3.1267163572939962e-06,0.00131432022738574,1.1908928808494467e-06,5.026416370614675e-05,0.8224888584778604,1.8002657615675506e-09,1.593361607444896e-08,1.8581815368266317e-05,0.01960833086147443,8.69313766425989e-09,0.0004189003119186603,0.06496039825952873,2.268442788326584e-08,0.0009207775128247667,0.0035390808225615666,2.0462201093487807e-05
9,0.00013579409521455587,1.9482370800700859e-07,0.037713409417406724,1.902563148160035e-06,0.06407456005595831,2.7278462502240695e-08,3.50736196825295e-06,2.1780382174264293e-07,0.0004562695955967359,3.0973222356920423e-06,0.0015881906993601687,1.3776203991707226e-06,5.6462679837914895e-05,0.8012541236661515,2.053732843041701e-09,1.6578404139106793e-08,2.190656218354225e-05,0.0215616346039773,8.957691648191773e-09,0.0004283947507598079,0.0675672223059288,2.5103508188181928e-08,0.0010944852157198186,0.004015586793002893,2.1582091821658205e-05
10,0.00010158645151313416,1.8920704366724423e-07,0.03860660227698249,1.7263106438263557e-06,0.051253638667354925,2.1657016968383647e-08,2.465042615932491e-06,1.706331284268479e-07,0.0004278723232996002,3.485389818524273e-06,0.0011009511961773849,1.1282843040381557e-06,4.703061242699542e-05,0.8303182669687058,1.7912781838919981e-09,1.6708539831293764e-08,1.933433743131797e-05,0.01710019149807719,7.226263102824034e-09,0.0004216849047399039,0.055306901198011765,1.9730206763982563e-08,0.0010048363668579215,0.0042597749647113785,2.2096252850938266e-05
11,0.00010877731681622952,1.9466259554888697e-07,0.04045928584875727,1.7551987086374968e-06,0.051491716806349716,2.1449685868065125e-08,2.5914364553610593e-06,1.7911097622542979e-07,0.00042467865148967303,3.4843186450592512e-06,0.0011284101335975925,1.220864942567267e-06,5.294981866609159e-05,0.8257574357366159,1.773892846870423e-09,1.7939366559652162e-08,1.989606368150307e-05,0.017828434013140916,7.3164580104196595e-09,0.0004574333699868151,0.05676032649038019,2.0819319226389882e-08,0.000987472180413309,0.004491652493469092,2.2036185589816546e-05
12,0.00027720272479652905,3.661812416681343e-07,0.03394023556412586,1.996838230162066e-06,0.010637251291023149,2.60530475693794e-08,2.974319994796863e-06,1.1160499036253082e-06,0.00038204197149981653,5.407635072739916e-06,0.0017465838975951327,2.402450766473245e-06,6.337673960334921e-05,0.8588526853902119,2.98192030114482e-09,2.838592566999448e-08,1.530892330515991e-05,0.03208901977599469,2.1090167179043458e-08,0.00016803625447973884,0.0599528615911157,5.4420436801964104e-08,0.0005460185510522668,0.0012972980218173605,1.7682896672322602e-05
13,0.00012741374859841155,2.4692305449101357e-07,0.0762478617383646,5.330261866391836e-06,0.08700653224388906,7.756192531626352e-08,3.953930522157996e-06,1.2387462905095808e-07,0.000957626662725028,1.016141169553274e-05,0.0006128010783397748,8.08062392617022e-07,6.722348780335434e-05,0.6987849485737753,1.80204347993915e-09,3.802242117463844e-08,3.3579061649359965e-05,0.03660672723807566,1.2290403036573662e-08,0.0009064083819097446,0.07654538433546523,1.2896469823900809e-08,0.005231145720048239,0.016829572832504427,2.2007859428834917e-05
14,0.00010552305859188716,1.727331716817457e-07,0.041924011175618614,1.6957728438031242e-06,0.046331765607921974,2.349756540749647e-08,2.5024951316168687e-06,1.7895975446804345e-07,0.00047718702764039926,3.711288605616684e-06,0.0010381887916967815,1.1875408908286862e-06,4.731471066557534e-05,0.8389379177759422,2.044103962210936e-09,1.9386831382015968e-08,1.8349414296648166e-05,0.01634303051407919,6.838658969577827e-09,0.00046974947509858313,0.04861860519994276,1.99631056368184e-08,0.0010512168341779214,0.004602223335324219,2.5396558339852023e-05
15,0.00010158645151313416,1.8920704366724423e-07,0.03860660227698249,1.7263106438263557e-06,0.051253638667354925,2.1657016968383647e-08,2.465042615932491e-06,1.706331284268479e-07,0.0004278723232996002,3.485389818524273e-06,0.0011009511961773849,1.1282843040381557e-06,4.703061242699542e-05,0.8303182669687058,1.7912781838919981e-09,1.6708539831293764e-08,1.933433743131797e-05,0.01710019149807719,7.226263102824034e-09,0.0004216849047399039,0.055306901198011765,1.9730206763982563e-08,0.0010048363668579215,0.0042597749647113785,2.2096252850938266e-05
16,0.0001022938397244564,1.8571127603578948e-07,0.041689527967394335,1.7934353652463038e-06,0.05409537625227079,2.2936998954961788e-08,2.5115984450672544e-06,1.643111145609007e-07,0.00044209648718871933,3.6131955612243e-06,0.0010759924874723576,1.0992973279530003e-06,4.736356895912844e-05,0.8218158591860985,1.751492394869868e-09,1.711301464263207e-08,2.0217486562901047e-05,0.017168482111124546,7.099418749780697e-09,0.0004403030848704511,0.057273463724715916,1.855486197234479e-08,0.0011085658849514259,0.004688656213276299,2.2366700513168074e-05
17,0.00010262510328681546,1.820325443484918e-07,0.03810546741494455,1.6671412895204074e-06,0.05394401013009211,1.9674909612843084e-08,2.592702254285129e-06,1.6344309719172254e-07,0.00040826687808181647,3.1129480951291784e-06,0.0010941875870809443,1.127307456216629e-06,4.981213235653966e-05,0.8238197995113044,1.4770174580003333e-09,1.5292616986352986e-08,1.9239234319525686e-05,0.017984794542109956,6.689471933886887e-09,0.00042124285079291675,0.05874365142788685,1.893269747094639e-08,0.0009879410484073088,0.004290200234971345,1.9854262914742603e-05
18,0.00016653011999997702,2.1605313925190472e-07,0.04574277958500604,2.64352375702391e-06,0.07370681536868601,3.0441881666919564e-08,3.0045284506170528e-06,2.2320579492341985e-07,0.0005100435198337083,3.5863059964554767e-06,0.0015383242626300633,1.4061471378106456e-06,5.9315140088004616e-05,0.7911039425727264,2.035635711752912e-09,1.6948686989706715e-08,2.275171917254116e-05,0.02387045512657556,7.819037851837385e-09,0.0004542770194965706,0.05694850806832963,2.3349846356089032e-08,0.0012222492448842124,0.004623334386196772,1.9513507009858357e-05
19,7.270743924775441e-05,2.414454379359522e-07,0.03273074613438967,2.451421887397844e-06,0.05637671630231215,2.7382101467202402e-08,2.1414906612662174e-06,1.3284033192040381e-07,0.0005808201240055243,4.576361255764214e-06,0.0007478684233654379,1.1342794431549092e-06,4.0073760982747635e-05,0.8563605006363559,2.1597721228758206e-09,1.6073884852998096e-08,1.5811706738315892e-05,0.013119038485637155,6.514519552209388e-09,0.00043809322126971004,0.03379945643476378,1.9082836612985502e-08,0.0010361335812089439,0.004648073601774798,2.3211095816285958e-05
20,7.855948742300723e-05,1.9655652835758696e-07,0.027012877068997094,1.2841817584252127e-06,0.03391823425726526,2.1057277377703357e-08,2.1456627504965975e-06,1.9518352479496742e-07,0.0004356833871787722,3.7721292255925693e-06,0.0010316504237255478,9.777328757984684e-07,4.255265459830802e-05,0.8763742372233119,2.108244063415429e-09,1.4250471574451078e-08,1.3529356265819277e-05,0.014347632877353567,7.773065277061817e-09,0.0003889559059962625,0.0431666013451909,2.7317387185879087e-08,0.0006320059296414752,0.002528176258627024,2.065987131634785e-05
21,0.00010851102402808482,1.603113378863249e-07,0.04825675674105169,1.3982816149277927e-06,0.03218401650158934,8.256027449381133e-09,1.6096709459095132e-06,1.5566718728338578e-07,0.0002315032017021765,2.541713493425376e-06,0.0007523276926457527,1.1673927558276563e-06,5.59185970422077e-05,0.8416663894010659,7.921118829553632e-10,1.7737931353650103e-08,1.794942822277799e-05,0.019592633822360324,4.020169309508056e-09,0.00042365149023646344,0.05183941597292546,1.2954030412518071e-08,0.0006711424081696924,0.004177625416157526,1.508150519698074e-05
22,2.8824369735584072e-05,1.2615977447052255e-07,0.015219189295921708,1.522059328755791e-06,0.09941170382182478,2.882391267106128e-08,4.555903025958492e-06,6.30753941844357e-08,0.002094329507392378,2.2294169866293508e-06,0.0006502646800727869,1.9282347556760475e-06,2.5727845540741067e-05,0.8457220108642541,4.78180995257052e-09,1.6750181336382088e-08,3.830125346758439e-06,0.004974253822620078,5.412843099147804e-09,0.0004771593875225131,0.019049706034525646,1.1423249096482787e-08,0.0009659645104602091,0.011300439411931495,6.61042815893074e-05
23,0.00010158645151313416,1.8920704366724423e-07,0.03860660227698249,1.7263106438263557e-06,0.051253638667354925,2.1657016968383647e-08,2.465042615932491e-06,1.706331284268479e-07,0.0004278723232996002,3.485389818524273e-06,0.0011009511961773849,1.1282843040381557e-06,4.703061242699542e-05,0.8303182669687058,1.7912781838919981e-09,1.6708539831293764e-08,1.933433743131797e-05,0.01710019149807719,7.226263102824034e-09,0.0004216849047399039,0.055306901198011765,1.9730206763982563e-08,0.0010048363668579215,0.0042597749647113785,2.2096252850938266e-05
24,0.0002957796526324207,8.742193889236409e-08,0.08770227605982923,1.103969640420623e-06,0.08587741377527072,4.27516717109743e-08,5.846667214845006e-06,2.7040759944541526e-07,0.0006916800953931767,2.3785907068895823e-06,0.0031371343135038732,2.0597484587488976e-06,9.494046709984736e-05,0.6956127880096084,2.3641781093391245e-09,2.4239013170374226e-08,2.070740173213823e-05,0.019911239492923165,6.524292061864367e-09,0.0007486476611589257,0.0953555850294346,2.857054030579812e-08,0.0012753465025116784,0.009225150884733115,3.9459398914316716e-05
25,0.00011902058943299475,1.4569465671761148e-07,0.0320454858177916,1.309663567969557e-06,0.056918349615591654,1.4651202837250962e-08,3.9441476199703424e-06,2.9550528029019964e-07,0.000293998132768507,1.678988694563603e-06,0.001830172212135387,1.5560060859882443e-06,6.005908503484346e-05,0.7996841969982559,1.1761899428613246e-09,1.4198201262811588e-08,1.8407096480880826e-05,0.02701380223842781,6.972409461878427e-09,0.00043449674736490275,0.07844232140131015,2.354486499789564e-08,0.0006156162589137448,0.0025003766260030397,1.4706631714664888e-05
26,0.00013698572684653937,1.574506393893382e-07,0.07036690345920511,3.0574149236758664e-06,0.07279227764888767,2.955654506026944e-08,2.3794355305773575e-06,1.0931531256100966e-07,0.0006296146927660443,4.858221848740594e-06,0.0007093624886266207,8.887616865390009e-07,6.072505459635612e-05,0.7553679117388205,1.1786608599979954e-09,2.229312193220279e-08,2.266554688703493e-05,0.02660813102898558,5.80151870945051e-09,0.000666433394251346,0.05847048061483268,1.1139887401110311e-08,0.0024444109241249785,0.011693439737945286,1.9137373549173127e-05
27,0.00010363939262092984,2.1622064694135412e-07,0.029240579185180332,2.0894629244844514e-06,0.05349735652872965,3.7741028624099476e-08,2.717505929414707e-06,2.0369143421308602e-07,0.0007975472383027675,4.558827352161505e-06,0.001198476260487174,1.3922892959507352e-06,4.767916404955645e-05,0.8585777257176905,3.314658749679745e-09,1.9078839739834893e-08,1.3693125144628856e-05,0.015782554055744778,9.282388629549007e-09,0.00047932758358393203,0.0347474497696316,3.29196078707092e-08,0.0009731087696116693,0.004499580933541687,3.0001941573733247e-05
28,0.00010158645151313416,1.8920704366724423e-07,0.03860660227698249,1.7263106438263557e-06,0.051253638667354925,2.1657016968383647e-08,2.465042615932491e-06,1.706331284268479e-07,0.0004278723232996002,3.485389818524273e-06,0.0011009511961773849,1.1282843040381557e-06,4.703061242699542e-05,0.8303182669687058,1.7912781838919981e-09,1.6708539831293764e-08,1.933433743131797e-05,0.01710019149807719,7.226263102824034e-09,0.0004216849047399039,0.055306901198011765,1.9730206763982563e-08,0.0010048363668579215,0.0042597749647113785,2.2096252850938266e-05
29,0.00010158645151313416,1.8920704366724423e-07,0.03860660227698249,1.7263106438263557e-06,0.051253638667354925,2.1657016968383647e-08,2.465042615932491e-06,1.706331284268479e-07,0.0004278723232996002,3.485389818524273e-06,0.0011009511961773849,1.1282843040381557e-06,4.703061242699542e-05,0.8303182669687058,1.7912781838919981e-09,1.6708539831293764e-08,1.933433743131797e-05,0.01710019149807719,7.226263102824034e-09,0.0004216849047399039,0.055306901198011765,1.9730206763982563e-08,0.0010048363668579215,0.0042597749647113785,2.2096252850938266e-05
30,0.00010158645151313416,1.8920704366724423e-07,0.03860660227698249,1.7263106438263557e-06,0.051253638667354925,2.1657016968383647e-08,2.465042615932491e-06,1.706331284268479e-07,0.0004278723232996002,3.485389818524273e-06,0.0011009511961773849,1.1282843040381557e-06,4.703061242699542e-05,0.8303182669687058,1.7912781838919981e-09,1.6708539831293764e-08,1.933433743131797e-05,0.01710019149807719,7.226263102824034e-09,0.0004216849047399039,0.055306901198011765,1.9730206763982563e-08,0.0010048363668579215,0.0042597749647113785,2.2096252850938266e-05
31,0.00015532463225729646,1.9516856532645084e-07,0.05635711378106891,1.5993280476537844e-06,0.035297611854052786,1.6664684964669703e-08,2.474199009324988e-06,2.946474912728506e-07,0.0002815508562801176,3.498171107819967e-06,0.0011790744837211044,1.2487292200615398e-06,5.72876061893379e-05,0.8100145398943858,1.1585011860551699e-09,2.0183324166061594e-08,2.5408694869344256e-05,0.023495399861796475,6.6479510676392364e-09,0.00038425629036984956,0.06855129319985141,2.0304996701881918e-08,0.0008678281349808417,0.0033063798557249504,1.7555651552015493e-05
32,0.0001015334484010377,2.0251641409742134e-07,0.03814213326372212,1.863317990724193e-06,0.052900641915481474,2.4380868032145955e-08,2.7044105793786613e-06,1.8191928484261136e-07,0.00044724495721089357,3.7944270873596944e-06,0.0011454484264637986,1.1660442425439793e-06,4.86743991451891e-05,0.822460797773101,2.0768533956652747e-09,1.9117486757719763e-08,2.1086626522115825e-05,0.018278381866032076,8.938630932185607e-09,0.00044601493299711625,0.0603817162547286,2.131108760328132e-08,0.001106471825967169,0.004486221429762272,2.3644419939220543e-05
33,0.00019702178338046856,2.3611366944788755e-07,0.04213470970435064,2.202254488515227e-06,0.060163415091092125,2.0688485764797862e-08,3.488715141221508e-06,3.078078277031596e-07,0.0002965373109147915,2.598681564955898e-06,0.002042308509778253,2.08804509117332e-06,7.713010290523007e-05,0.7795481525562193,1.5812660960131061e-09,2.1361510652358835e-08,3.273403213188021e-05,0.030572483641750012,8.935620217037673e-09,0.00045306768470066035,0.0792511440705922,2.9044186042946723e-08,0.001016836103185117,0.004184819227080267,1.8636953067045632e-05
34,0.00010116111187308103,1.8925401317744525e-07,0.038550768224598804,1.7248559734494925e-06,0.051172630355245906,2.164589939427461e-08,2.4613227296448223e-06,1.7033007091719023e-07,0.0004277526423990711,3.4880145146578124e-06,0.0010977979171168063,1.1269054524481137e-06,4.6925852557362885e-05,0.8305864190481651,1.7898544638078083e-09,1.670607003493193e-08,1.9316228166264097e-05,0.01706147123861318,7.218201761620794e-09,0.00042163407359636646,0.055219801705619305,1.970258176209505e-08,0.0010043880905732906,0.004258600564279142,2.210520183462887e-05
35,0.0004481623275188062,1.9986403027672193e-07,0.06251052244081226,2.8750946133120347e-06,0.04128100822360772,4.824743771007307e-08,4.686128927288211e-06,6.559137465966942e-07,0.000635488146216366,5.729762384676906e-06,0.002122040788189742,2.1578131301870845e-06,0.0001020916933732986,0.738180174213217,1.7034936533745549e-09,3.502465610250219e-08,2.7257043224587907e-05,0.06748919337067591,1.674230292123889e-08,0.0004260981405690863,0.08003454418594867,4.8168934276591235e-08,0.0013731909452403403,0.005334917854774284,1.8856162974934255e-05
36,8.988039063440835e-05,1.910176180684938e-07,0.033693036596003485,1.5688592188122254e-06,0.03339075269157197,1.850382046604862e-08,2.0239925651989465e-06,1.9040914111854952e-07,0.00037946606720129733,3.771761680500708e-06,0.000892961928956186,1.0679068037934185e-06,4.4384961088597474e-05,0.866579970435274,1.6059675338045977e-09,1.693164891203188e-08,1.7246143610952456e-05,0.01748897630452543,6.697673144148332e-09,0.0004089237256854739,0.043037166450886837,2.123823851676191e-08,0.000804261612051433,0.003144931940280062,1.9161827853884814e-05
37,3.059741628306386e-05,4.968955906858867e-07,0.007630598539284217,2.49588287886828e-06,0.034577618986660855,2.7040037187914996e-07,3.949647514011669e-06,6.607485713006337e-07,0.0008186709853613913,9.299621008946762e-06,0.0035107581277239908,1.3213020073924369e-06,1.0810305773798745e-05,0.9046380420125164,6.097895061932968e-08,2.8103514969043754e-08,2.5999367270472054e-05,0.008377418890507372,6.984074963788147e-08,0.00028322757723708977,0.03778415195851279,1.003814988981709e-07,0.0014292990456690258,0.0007730576409767298,9.099534356579824e-05
38,0.00012939045543468853,1.96072292771466e-07,0.04555531565688227,1.9593067395389624e-06,0.053350782246552486,2.8688076493880003e-08,3.2447205371737776e-06,2.0785800417512538e-07,0.00045771648459875554,3.975830565444745e-06,0.0012802546864547246,1.268828701625852e-06,6.160909650321509e-05,0.8017403327674169,2.0981135621863033e-09,2.243143343146387e-08,2.3200859149288203e-05,0.022602692529867355,9.363542668799796e-09,0.0005426474116469022,0.06804775904856072,2.30654325564169e-08,0.0012424202931285973,0.004931732093736434,2.3208106628219023e-05
39,0.0001900424060330776,1.9676871733478851e-07,0.059768745968235504,1.8043324812491958e-06,0.05144465140516093,3.706344529736124e-08,5.305396357455147e-06,4.392520367602172e-07,0.0004088330370388242,3.7617022512003916e-06,0.002057275897877888,2.0221330285561276e-06,8.564977005312064e-05,0.7378258090930744,2.054206645145558e-09,3.558281344765678e-08,3.212493272267284e-05,0.030352852881477307,1.3057382554054592e-08,0.0006223063210574684,0.11064123648005672,3.449269081021935e-08,0.0012173879141270036,0.005312398242207043,2.7033815466877316e-05
40,0.00010002510276689306,1.8944363469942092e-07,0.03813957053347656,1.7390014186019637e-06,0.0511508261343722,2.172866470734674e-08,2.472034552252892e-06,1.7008231546541684e-07,0.00043189544446819197,3.520202477403558e-06,0.0010889348290149285,1.1145214153306524e-06,4.682342051961955e-05,0.8300515011355593,1.785112039573484e-09,1.689107540088283e-08,1.9254152109249427e-05,0.017427640949657652,7.389038300334666e-09,0.0004237235586009928,0.05576858366391956,1.957223371576734e-08,0.001019112937557968,0.004300860892096458,2.197459394256505e-05
41,0.00012908838835720975,2.3700085870652983e-07,0.03810518076926124,3.0089056911922643e-06,0.08859155414065155,3.554081400542718e-08,2.3224064433575006e-06,1.6530272810459367e-07,0.0007015500412085955,4.203473871088388e-06,0.0013530695681747656,1.3861475280840062e-06,4.280063016569654e-05,0.8147945188472387,3.742666706110863e-09,1.6794428939736308e-08,1.8732496148789577e-05,0.014796624154808981,7.68742252737448e-09,0.00043295585156456344,0.03460559390202879,2.4131268576575253e-08,0.0011932262254281648,0.005194271811519563,2.9422039722133806e-05
42,0.00015291357059946006,2.6739788745959715e-07,0.043194924885298885,2.1396579098879626e-06,0.053176250516654824,4.6694715009729465e-08,3.222455518823324e-06,3.257205735930151e-07,0.0005423685141737195,5.329578770919242e-06,0.0019132348679125576,1.7086845430997294e-06,6.642605055742206e-05,0.8139199931002155,3.961724935011228e-09,2.984580566681494e-08,2.8639344843739235e-05,0.019885989656327114,1.3575233862414969e-08,0.0006136655458840821,0.060500803535123444,4.61798440910148e-08,0.0011539923387336702,0.004803501289854408,3.41630312940623e-05
43,7.958632264581712e-05,1.9133659928852993e-07,0.035899315447068536,1.8158752221090485e-06,0.043759001950001195,4.3955429071553604e-08,2.7950827806131938e-06,2.0065501485554385e-07,0.0006380984164761719,6.15318324244106e-06,0.0009907658843302126,7.905926160659028e-07,4.295490184739232e-05,0.8284009031662386,2.7054099661603597e-09,1.9391138456046783e-08,1.7156095636016257e-05,0.01819669965728497,1.3240232228135898e-08,0.00046837603512169765,0.0662335246243531,2.6955730061846048e-08,0.0012106324497992381,0.00402685219169015,2.4079884091860316e-05
44,0.00010158645151313416,1.8920704366724423e-07,0.03860660227698249,1.7263106438263557e-06,0.051253638667354925,2.1657016968383647e-08,2.465042615932491e-06,1.706331284268479e-07,0.0004278723232996002,3.485389818524273e-06,0.0011009511961773849,1.1282843040381557e-06,4.703061242699542e-05,0.8303182669687058,1.7912781838919981e-09,1.6708539831293764e-08,1.933433743131797e-05,0.01710019149807719,7.226263102824034e-09,0.0004216849047399039,0.055306901198011765,1.9730206763982563e-08,0.0010048363668579215,0.0042597749647113785,2.2096252850938266e-05
45,0.00017777327607885657,2.2581361168764724e-07,0.03661401115621225,3.046675920333944e-06,0.1210933459624968,6.670778169688948e-08,7.480703665065122e-06,3.472062047456786e-07,0.0011401587584502872,3.818817870118217e-06,0.002546332906182761,2.591738169258912e-06,7.80669875162375e-05,0.7531307139703036,6.499776779759398e-09,2.8878807238483666e-08,1.8347843990337202e-05,0.02355807093041184,1.596217475358643e-08,0.000732812488014908,0.05367788912061742,4.4844131061733515e-08,0.0012498564806391864,0.005927771702443799,3.717456852887527e-05
46,0.0003998270019636136,4.542262574300262e-07,0.05935826553073606,4.786337879123589e-06,0.10258402045502292,4.4330380892072934e-08,3.7931461678556714e-06,4.199171816853495e-07,0.0003101259579992281,3.6691510143081814e-06,0.0032793443857215545,3.5088204313095595e-06,9.276642428620334e-05,0.7179944605762126,3.234885687696696e-09,3.1949100394478407e-08,8.822837483947075e-05,0.02874495230211303,1.1374177322033592e-08,0.0005007868244408249,0.07795666529323311,4.965588513102758e-08,0.002008605666976344,0.006635677982346917,2.9501080746938877e-05
47,0.00023574394206422655,3.3784027993529353e-07,0.04527578386690563,2.04951331977797e-06,0.051628805262812195,2.7913106524487672e-08,3.3151843279962522e-06,3.175730900851105e-07,0.00047537248319903385,3.972022076448049e-06,0.0019590940038691773,2.8280083686784214e-06,0.00010149332081723157,0.8273751360884123,2.531350063853151e-09,2.959015948197867e-08,2.606453302501749e-05,0.020100460395648948,8.379525433671769e-09,0.0005970346095456291,0.04552090000414328,4.800106020910124e-08,0.0008693119185732098,0.005789260119770271,3.260289454923232e-05
48,0.00012489514462728126,4.295181085102592e-07,0.03411796306707727,2.3905990600033585e-06,0.03353122304052074,2.447817357505132e-08,2.0315871606291534e-06,2.776311714999659e-07,0.0002775643793476111,5.791897421776497e-06,0.0010401274180470291,1.0113387935878288e-06,4.497838956906249e-05,0.8457276703854278,1.7005928360788972e-09,1.688278796327269e-08,3.89098915577665e-05,0.020346214582803765,1.118022868426015e-08,0.0002761130370067348,0.060935659929272974,3.19792768807209e-08,0.0011085156796114982,0.002401967524040703,1.6178738313874112e-05
49,0.00012505572824551047,1.9072610725599236e-07,0.05142186650819135,1.9729891222839476e-06,0.05310074179141094,2.894411944815147e-08,2.7875603141698924e-06,1.969829711186634e-07,0.00046688550997108565,3.8288900098114605e-06,0.0011827665529086093,1.403636755358719e-06,6.038739128924856e-05,0.8154614246817807,1.694584458491145e-09,2.0095031468025553e-08,2.081896284455893e-05,0.01859936277746589,6.181514155919575e-09,0.0005596109803891631,0.052682831923858676,2.1349519941656164e-08,0.0011254691570152374,0.005159101690204749,2.3217294374827037e-05
50,6.255556796968533e-05,1.9046588056282117e-07,0.026851951557124217,1.0182397292849375e-06,0.02993475270983813,1.506768426210717e-08,2.242674764078394e-06,1.7484607816593475e-07,0.0003892655596692596,3.4968826730188995e-06,0.0007890285025117724,8.353339080535035e-07,3.893923085321522e-05,0.8775404522782448,1.3735363969237071e-09,1.1224901609203428e-08,1.14493921632313e-05,0.012207094980027032,7.192404883627655e-09,0.0002920850855534581,0.04922829617827123,2.164035384941749e-08,0.0005112055970530757,0.002117453629729465,1.7454789076971464e-05
51,4.266431664024148e-05,5.688436336432765e-07,0.01316929622808591,1.8910702186219034e-06,0.013236006338970844,7.664257168486196e-09,5.348628269989262e-07,2.0592455748155273e-07,0.00020350962065205592,4.10674990086423e-06,0.0004511709567850792,1.0803241306604453e-06,1.9547808274928437e-05,0.9559498958636621,1.7044373331131836e-09,8.029388204827123e-09,8.239024428138605e-06,0.006396585887156317,3.7299493675584195e-09,0.00012980225307771654,0.009564983038672162,2.4193198935079478e-08,0.00018311115111757146,0.0006243964849167251,1.235793106086356e-05
52,0.00011573109714063498,1.8287104490206102e-07,0.0375261554207729,1.878228319397937e-06,0.038083115891815796,2.5306011316352928e-08,2.1068160315461246e-06,2.016690501309184e-07,0.00048162194235423274,4.684852134944803e-06,0.0010402889232182743,9.850754940865512e-07,5.009855648286216e-05,0.8472644642616197,2.0750159134301752e-09,1.9124418855759e-08,1.6835602246035225e-05,0.023310741307182654,8.777470255005002e-09,0.0004625570001380841,0.046993392088584184,2.381902838547242e-08,0.0009478622791013736,0.0036777170378718698,1.929997745149403e-05
53,9.54443013780693e-05,1.4760535298935937e-07,0.03219322054850917,1.5844951895769843e-06,0.0612749919780438,3.076571240862137e-08,5.847941305009035e-06,1.994881221905809e-07,0.0006628828455926238,2.5995896234236742e-06,0.0012762950927370771,1.5655470494835129e-06,5.479342427456215e-05,0.8143922428484561,2.0957710654621725e-09,1.9043479608606342e-08,1.4780368220766296e-05,0.01962484379005552,8.48708428961412e-09,0.0005249872613925525,0.06382990703923942,2.0152478075100516e-08,0.0012457853275930537,0.0047718385312687924,2.5961432070267898e-05
54,3.3504245543651956e-05,1.864965558236169e-07,0.021772171920066904,8.296842182093121e-07,0.023777316526416632,1.0133923631914743e-08,1.1276152397989741e-06,9.376328378206083e-08,0.0004232130929265813,3.532560812517615e-06,0.0004745740690084088,9.092231962742894e-07,2.377996433201691e-05,0.9248760645937307,2.003619438314783e-09,1.382088770014307e-08,7.680342032767671e-06,0.005023688718844999,4.127169452356409e-09,0.0003040130646920583,0.01982648822308497,1.532425610068264e-08,0.0003928035262811638,0.003024611205618988,3.3365754257141536e-05
55,0.00013904642324850093,1.6353157006933636e-07,0.040041109323340714,2.7116935601469074e-06,0.1054542592223877,2.944596184143386e-08,5.544233312688973e-06,1.7010734171220904e-07,0.000843761343043425,2.3046570633356685e-06,0.0014066549918125095,2.897730262758779e-06,7.355891528050734e-05,0.7684120423729045,1.7851697393310233e-09,2.3682868674865717e-08,1.4663050533133747e-05,0.02294655220873432,6.651388024405854e-09,0.0006024398334196416,0.04806641392614956,1.7687873975544943e-08,0.0014288091325019537,0.01052696223460775,2.985581566265615e-05
56,0.00010698078310296517,1.9294821139428842e-07,0.03913924902804059,1.737354091870062e-06,0.050863566355524525,2.19924248224271e-08,2.5682541793056556e-06,1.790478741533606e-07,0.0004279208407765667,3.4693805541972737e-06,0.001133150886001078,1.1920780782725975e-06,5.002635811590188e-05,0.8289778098224939,1.7877211436658124e-09,1.7075776512610163e-08,1.966124683644902e-05,0.017444593267594097,7.319121375931932e-09,0.00043038944677196257,0.056103239912497084,2.0884253841416545e-08,0.0009944192558087354,0.0042775369265344336,2.2047747614665563e-05
57,8.363551712627656e-05,2.205842658902714e-07,0.03908914322781564,1.4667288605848034e-06,0.0437487635318021,1.694841384950687e-08,2.6886275797167772e-06,1.874356711866303e-07,0.00033902301908948394,3.6020047038383206e-06,0.0010561629958443439,1.2001216277280502e-06,5.697251589019481e-05,0.8180028330559931,1.5959786911428305e-09,2.1476868193523856e-08,2.0436425591284283e-05,0.017573773832747327,9.559708052196742e-09,0.0004740080113051326,0.07444900372169025,2.0304145287362695e-08,0.0008238660279321522,0.004250461159166542,2.2481570183427356e-05
58,9.768225954990599e-05,1.9391100211643868e-07,0.04114064704878688,1.9161914543262806e-06,0.06071116603680303,2.36449734217997e-08,2.7529462524773234e-06,1.511220275076174e-07,0.0004979685139748147,3.625355601810326e-06,0.0010544306526552006,1.2624624625526365e-06,5.342409894113179e-05,0.8136419060300524,1.904770661109703e-09,2.074406143275974e-08,1.9910979213473674e-05,0.01722330814489409,7.622697656871391e-09,0.000533518962781648,0.0574823803291742,1.863891255441031e-08,0.0012028417304272188,0.0063052634515578,2.5577216971842544e-05
59,9.004393161850445e-05,1.8344157855723766e-07,0.04392213816620771,1.7438443078530774e-06,0.05424895857564969,2.0868015003848183e-08,2.3559232274658425e-06,1.413034729068854e-07,0.0004377593292962049,3.6790364451830635e-06,0.0009314005396633403,1.0756584164435296e-06,4.85392074364619e-05,0.8197334577126485,1.6338302495943612e-09,1.9092813322529372e-08,1.9665907866507156e-05,0.01601621421337124,6.592429093105999e-09,0.0005013791447498017,0.05713849199167609,1.637963419067654e-08,0.001123014618844899,0.005756045038367939,2.3647848433021842e-05
60,0.00010158645151313416,1.8920704366724423e-07,0.03860660227698249,1.7263106438263557e-06,0.051253638667354925,2.1657016968383647e-08,2.465042615932491e-06,1.706331284268479e-07,0.0004278723232996002,3.485389818524273e-06,0.0011009511961773849,1.1282843040381557e-06,4.703061242699542e-05,0.8303182669687058,1.7912781838919981e-09,1.6708539831293764e-08,1.933433743131797e-05,0.01710019149807719,7.226263102824034e-09,0.0004216849047399039,0.055306901198011765,1.9730206763982563e-08,0.0010048363668579215,0.0042597749647113785,2.2096252850938266e-05
61,9.326305593834704e-05,1.7726944655388077e-07,0.0447498164163861,1.7109094131815077e-06,0.054035548925471,2.0547632807924243e-08,2.3425299660579753e-06,1.4296825251950564e-07,0.0004467618392454133,3.646337770674261e-06,0.0009305247552060616,1.0665239331727951e-06,4.7713301317206255e-05,0.8183232940817925,1.5359566198206085e-09,1.811354938867832e-08,1.9062525527322554e-05,0.015968405409181433,6.5222509242191404e-09,0.00046276580872050215,0.058055334713859826,1.6268417503159806e-08,0.0011036550231198737,0.005731475415637345,2.322920200796623e-05
62,0.00010158645151313416,1.8920704366724423e-07,0.03860660227698249,1.7263106438263557e-06,0.051253638667354925,2.1657016968383647e-08,2.465042615932491e-06,1.706331284268479e-07,0.0004278723232996002,3.485389818524273e-06,0.0011009511961773849,1.1282843040381557e-06,4.703061242699542e-05,0.8303182669687058,1.7912781838919981e-09,1.6708539831293764e-08,1.933433743131797e-05,0.01710019149807719,7.226263102824034e-09,0.0004216849047399039,0.055306901198011765,1.9730206763982563e-08,0.0010048363668579215,0.0042597749647113785,2.2096252850938266e-05
63,9.549677082069575e-05,2.1468915925527876e-07,0.03644836820093224,1.78366685850223e-06,0.04889309783929804,2.120116630363111e-08,2.344108558405671e-06,1.7191027238089824e-07,0.00041585256520564604,3.715639533111324e-06,0.0010460299352415248,1.1425347423082153e-06,4.560313044651535e-05,0.8380332886992894,1.8619286958685654e-09,1.7236288377386466e-08,1.9982244780256082e-05,0.016156610374394646,7.617548350725411e-09,0.00040458984141815874,0.05326734784458983,2.0548132468632455e-08,0.0009805877951592887,0.004161048340907841,2.2655403327675043e-05
64,9.314453126587579e-05,1.715336438898906e-07,0.04131244759405737,1.4912264435974305e-06,0.04910557052966283,1.8389572868316646e-08,2.6876868151766168e-06,1.6368589946977207e-07,0.00034974690156387933,3.1398058805865662e-06,0.001049926361934729,1.008518362335805e-06,4.7697917987444734e-05,0.8087828338742235,1.4367787041643726e-09,1.6335726951217156e-08,2.1088397151977966e-05,0.017684549839438318,7.619822075784968e-09,0.0004042705142554073,0.07594742093623602,1.6916287968571114e-08,0.0010249439370161547,0.004147475936098156,2.0159573875042503e-05
65,7.123715789283411e-05,1.7261582186591448e-07,0.035609392168757144,1.2900297279205822e-06,0.03654717825068296,1.4216900129927162e-08,1.7456514111549417e-06,1.3360814487639318e-07,0.00038419575286766496,3.3816056856705284e-06,0.0007295915624962119,9.213529176662328e-07,3.942901409103873e-05,0.8680293073624702,1.3102188002194554e-09,1.421520898145952e-08,1.3933590904331236e-05,0.012504620106274114,4.946395103622452e-09,0.0003854778685901721,0.04122301932623964,1.5548921141907182e-08,0.0007161411656299235,0.003718531655605825,2.0249916144793585e-05
66,8.062471551372614e-05,2.609941639220396e-07,0.02840141113385488,2.981102133115526e-06,0.06502940761844694,4.251387548363579e-08,2.566644601979563e-06,1.4382433101850284e-07,0.0006150315115177029,5.177689645301616e-06,0.0010073930490838601,1.093039161295405e-06,3.0039211247377767e-05,0.8239939268655788,3.666235543918049e-09,2.1033186726364905e-08,2.8320219083684916e-05,0.015120200647217672,1.3704308167821702e-08,0.00033619205323793166,0.05678063804051343,2.1368477537366963e-08,0.0022557311312406173,0.006274237313180567,3.452091016272985e-05
67,0.00010139394181207707,2.4213228025160894e-07,0.021072920880003673,1.6037012509689418e-06,0.06075814599410837,2.6529757409137095e-08,2.7850100748694907e-06,2.3139010281466362e-07,0.000686630951473377,3.1511340478929516e-06,0.001624171385464749,1.7555754486742065e-06,3.497785948169219e-05,0.867485027267988,3.1255441179908135e-09,1.21336247721322e-08,1.2913640606026758e-05,0.010907429593422672,8.565093886211153e-09,0.00024137640071473075,0.0333377023079364,3.693559339147822e-08,0.0006052615468628536,0.0030910243616615006,3.1167635644660424e-05
68,0.0001411445542813964,2.235949392215889e-07,0.040185937860690746,1.8927157621424727e-06,0.05420094142624692,2.5213459622608957e-08,2.960553960797954e-06,2.5302405884338036e-07,0.0003988649711985594,3.720959127921163e-06,0.0015510681548156983,1.306165462302395e-06,5.3796904017200214e-05,0.8042893114472353,2.1882140161469468e-09,1.9869274998962175e-08,2.611569344526262e-05,0.021828874316510517,1.0552318806461242e-08,0.0004008672809501194,0.07187544148110808,2.7276795575898198e-08,0.0010608526815863602,0.003953383042131198,2.295807240833459e-05
69,0.00011683788131146709,2.1145717743473266e-07,0.037790776493322915,1.9774138487350244e-06,0.06051305240215693,2.508970969236871e-08,2.598305852670656e-06,1.803112585176661e-07,0.00046337509142082206,3.5601081214661236e-06,0.0012873533790449063,1.2550779925525722e-06,4.7258492529691965e-05,0.8222467847173434,2.161050861783872e-09,1.682477654262611e-08,2.1644791692397733e-05,0.017107021609796613,7.906483758537795e-09,0.00040447702890429734,0.05436433062591721,2.2436436605114703e-08,0.0011016117173133404,0.004501501868374556,2.4116808162645814e-05
70,0.00010228623181011282,1.914270019534747e-07,0.038584361989160494,1.6855172388867504e-06,0.04896597214908894,2.1485781411842425e-08,2.459401912303938e-06,1.756720545616298e-07,0.00041558715425689705,3.5762387035852875e-06,0.0011095257286609349,1.1289127083675397e-06,4.7887056570279694e-05,0.8298308905496515,1.778807242592292e-09,1.7507881841324566e-08,1.9914536110203956e-05,0.017653563489879016,7.596241536263907e-09,0.0004243357644750429,0.05752544557884848,2.0334814626438943e-08,0.0009991276450280156,0.00428959659264645,2.2219660667371846e-05
71,7.801590543892687e-05,1.689240418908717e-07,0.03519704874021379,1.5082925094305077e-06,0.04833803317359131,1.8467152152187543e-08,2.43973347878857e-06,1.4672876628245874e-07,0.0004300320441004779,3.2208742641754004e-06,0.000905027271500902,9.876337849395724e-07,4.3129099775595406e-05,0.8395390366820363,1.506502233827686e-09,1.542601264882372e-08,1.5935429536773892e-05,0.015988504836505553,6.5117090194462905e-09,0.0004280227137459359,0.05395178855762241,1.6392337963915156e-08,0.000923895002214822,0.004132474194530358,2.052585862735148e-05
