,0,1,2,3,4,5,6,7,8,9,10,11,12,13,14,15,16,17,18,19,20,21,22,23,24
0,0.00038055841098656533,6.140528667143476e-05,0.00019212127108359168,2.194549055053733e-05,0.0002710316098733159,0.003234029478533866,0.0025038360091304357,1.9962279083393692e-08,2.2175183631396938e-07,5.383059639147692e-09,0.9469561240077976,0.0008013724696866593,9.461494563700294e-06,0.04425804988400015,6.361272105196253e-06,4.57078311568522e-07,1.6670465463179224e-08,0.0010658523060029564,1.8780746708809751e-06,7.503365204981305e-07,2.8565173664726696e-06,3.4293984645807894e-06,0.00022777462756581177,3.3876129447385186e-07,1.0244717910043939e-07
1,0.000313472127612457,5.436811141033151e-05,0.00023633529502641018,1.5515992535127796e-05,0.000259138997904314,0.005039499967053326,0.0030062357716648747,1.7855723031804296e-08,5.115151784315926e-07,6.77680530807578e-09,0.9508001378512938,0.0005846483347709867,1.0725095918105476e-05,0.03886764040112138,7.63451561138616e-06,7.435228041495647e-07,8.798214073723677e-09,0.0006438009573548291,2.8234653589663694e-06,9.982805154105012e-07,2.1084011115615302e-06,2.982933066284761e-06,0.00015032030894199572,2.4367891731244114e-07,8.104408623936842e-08
2,0.00028820479709926015,5.20980300308605e-05,0.00026500763774090077,1.981015383587449e-05,0.00024730156775910585,0.0022697088239028423,0.0015779824728230625,1.2278322954577431e-08,2.361640354150174e-07,4.338667472751622e-09,0.9683365235517147,0.0006638950824100012,1.3628532314116996e-05,0.024488322707409187,1.130663645206133e-06,1.2872407920235962e-07,7.100686543638157e-09,0.0017241209131991528,9.456475796512068e-07,5.675624649740191e-07,1.3060155240401577e-06,1.025761956097499e-06,4.765024285151647e-05,3.2483190200465746e-07,5.639804586339124e-08
3,0.00034034720636109847,4.7789027780086736e-05,0.00020367396200523868,1.7968643458341176e-05,0.0002433258288586003,0.0034560864797773807,0.0025238835751157473,1.6905348248621885e-08,2.356503115584143e-07,4.569472426487061e-09,0.9545700837995316,0.0007271663987816363,9.853764120775296e-06,0.03677775262788177,5.419755737556797e-06,4.7176711948030487e-07,1.2101910954172662e-08,0.0008840680026902666,1.612559851174554e-06,8.357975685757416e-07,2.101001804738249e-06,2.6664439055600293e-06,0.00018425323949122188,2.9687309081727215e-07,7.401802518469791e-08
4,0.00030883479559220433,5.396322369760748e-05,0.0002525922616848443,2.2407885213000768e-05,0.0003217905894284422,0.003798950059191863,0.0027436314095020944,1.8394808263272202e-08,2.740235978029077e-07,5.603200591231025e-09,0.9427943306116464,0.0007568558400465814,1.4147664158942361e-05,0.04788766115223158,5.335591023132531e-06,5.145229757057619e-07,1.193432866266204e-08,0.0008445032793639202,1.7319290165293127e-06,9.902365869702367e-07,2.1001905886676902e-06,2.6176769141051403e-06,0.00018634102452466306,3.183427104558619e-07,7.175796702712022e-08
5,0.0003388043515074122,5.325165323135473e-05,0.00020213386656289898,2.354040166827902e-05,0.00028443691190353115,0.003513674720782034,0.002439716508398433,1.8112427918328052e-08,2.0301392478964843e-07,5.1420414664609825e-09,0.9490301930925706,0.000755716961867354,1.1584236694585936e-05,0.04190740717097292,4.4501072105824635e-06,4.139703504208708e-07,1.3568199729983814e-08,0.0012168830331126673,1.4514969393112912e-06,8.484864066686471e-07,2.276405095747915e-06,2.593501868164045e-06,0.00020995751753943417,3.4666941192893675e-07,7.909931168829306e-08
6,0.00034034720636109847,4.7789027780086736e-05,0.00020367396200523868,1.7968643458341176e-05,0.0002433258288586003,0.0034560864797773807,0.0025238835751157473,1.6905348248621885e-08,2.356503115584143e-07,4.569472426487061e-09,0.9545700837995316,0.0007271663987816363,9.853764120775296e-06,0.03677775262788177,5.419755737556797e-06,4.7176711948030487e-07,1.2101910954172662e-08,0.0008840680026902666,1.612559851174554e-06,8.357975685757416e-07,2.101001804738249e-06,2.6664439055600293e-06,0.00018425323949122188,2.9687309081727215e-07,7.401802518469791e-08
7,0.00041515861160262667,4.438411052539356e-05,0.00017340803212126713,1.816899177629162e-05,0.00033106484800377376,0.005398193623693859,0.0020957619473979477,1.675407383956995e-08,1.9669963070284212e-07,5.1290419318732105e-09,0.9380725054930442,0.001031224238953692,6.2967134809782654e-06,0.05089644629620197,8.067637125487148e-06,7.254999689192055e-07,1.6520763479124594e-08,0.0011539804787754173,2.063354515044653e-06,6.592257091235728e-07,3.724020423118958e-06,4.597662278892392e-06,0.0003429716928041148,2.586606958824768e-07,1.0375739210672226e-07
8,0.0004588709177005219,5.891636996711022e-05,0.00027734173544385015,2.4626679263232417e-05,0.0003025188448693784,0.003651077872576225,0.0032937784350123085,2.1323275166798628e-08,2.6336915487858435e-07,5.904396832890376e-09,0.9386040344160868,0.000875869639726932,1.319488002872458e-05,0.051171119722639095,6.217920582204922e-06,6.057578974441582e-07,1.5547846316485323e-08,0.0010123162806414789,1.7746500001778132e-06,9.901645260314706e-07,2.428626748364292e-06,2.9829197380728652e-06,0.00024050171903900198,4.217374886413115e-07,1.0456535125742059e-07
9,0.0003582023496506145,5.1920848226377135e-05,0.00023966094489663592,2.0182746540931793e-05,0.0002635453763753768,0.0032844288875887016,0.0027140612410409782,1.8374394505346897e-08,2.561402648202111e-07,4.8862770337033505e-09,0.9521230411711475,0.0007433408604630132,1.1592816812536601e-05,0.03909573488357985,5.327872996315831e-06,4.647323043498952e-07,1.2770020624164867e-08,0.0009003422439194934,1.5891353658348196e-06,8.941731793573116e-07,2.0670804605998606e-06,2.525681637238943e-06,0.00018035476328984987,3.49758713904956e-07,8.026085367135736e-08
10,0.00034034720636109847,4.7789027780086736e-05,0.00020367396200523868,1.7968643458341176e-05,0.0002433258288586003,0.0034560864797773807,0.0025238835751157473,1.6905348248621885e-08,2.356503115584143e-07,4.569472426487061e-09,0.9545700837995316,0.0007271663987816363,9.853764120775296e-06,0.03677775262788177,5.419755737556797e-06,4.7176711948030487e-07,1.2101910954172662e-08,0.0008840680026902666,1.612559851174554e-06,8.357975685757416e-07,2.101001804738249e-06,2.6664439055600293e-06,0.00018425323949122188,2.9687309081727215e-07,7.401802518469791e-08
11,0.00033789450635142996,5.050403373506257e-05,0.00022176722262431551,1.98595901115292e-05,0.00025881863816893866,0.003441260937500618,0.00266502631302709,1.8389562771928273e-08,2.514318221221429e-07,5.003941875756222e-09,0.9521044451131236,0.000751675757932842,1.1817437732878706e-05,0.03904358273516679,5.245883881020617e-06,4.836451675023448e-07,1.2555955533500139e-08,0.0008969186007477579,1.6428034432435439e-06,9.412296395380165e-07,2.07766371024042e-06,2.6395504783147374e-06,0.00018271815289003086,3.189196006602832e-07,7.388368413886711e-08
12,0.000361651403097414,5.027773468338614e-05,0.00020977934748481802,2.095888105739773e-05,0.0003072520690166882,0.00403682757099488,0.0024097895876914644,1.7691678546609284e-08,1.926652895182464e-07,5.166256917872375e-09,0.9429419514545256,0.0009263340022667097,1.0379349264067005e-05,0.04736478923156629,5.502189064613906e-06,5.514921604481905e-07,1.5107426413882593e-08,0.0010991391619117258,1.6111695299881635e-06,8.696953851960549e-07,2.6113810697025447e-06,3.316422825788077e-06,0.00024578739228602796,3.1064121968078797e-07,7.919224655118414e-08
13,0.0005821716197182108,0.00012021997297734735,0.0002574269661527586,3.293300738492697e-05,0.0003760474233910146,0.009145826278500238,0.005377830927472101,2.8147806820528118e-08,4.205146109449856e-07,1.8293294696095903e-08,0.9291824930179057,0.0005695038658488565,1.8196477644573124e-05,0.05161628765894218,8.790690545872439e-06,1.212659258272019e-06,1.6793895903669757e-08,0.0022910829768409084,2.3238732285500037e-06,1.6007034430169937e-06,3.22632721469388e-06,4.883661620654917e-06,0.00040650070000556595,8.023507371317313e-07,1.5509155900634733e-07
14,0.00012845005170572394,0.00015934339170974696,0.00020828330816795548,2.370534421291398e-05,0.00044426932039166476,0.005367015304997952,0.0020872859022076583,1.710693781523907e-08,4.983114681527095e-07,1.4912430165266533e-08,0.9539444414791566,0.0002968797247050561,2.2869205777033594e-05,0.03618636412702987,4.4660018488653035e-06,2.838558697194839e-07,7.935540138810672e-09,0.0010333803606163597,1.7745140779269095e-06,9.863590641935563e-07,2.002764553303361e-06,2.4813452100072067e-06,8.47789621713384e-05,3.50770147306493e-07,4.964000239748743e-08
15,0.00034034720636109847,4.7789027780086736e-05,0.00020367396200523868,1.7968643458341176e-05,0.0002433258288586003,0.0034560864797773807,0.0025238835751157473,1.6905348248621885e-08,2.356503115584143e-07,4.569472426487061e-09,0.9545700837995316,0.0007271663987816363,9.853764120775296e-06,0.03677775262788177,5.419755737556797e-06,4.7176711948030487e-07,1.2101910954172662e-08,0.0008840680026902666,1.612559851174554e-06,8.357975685757416e-07,2.101001804738249e-06,2.6664439055600293e-06,0.00018425323949122188,2.9687309081727215e-07,7.401802518469791e-08
16,0.00045170827637976276,6.793786706789477e-05,0.00014630015406519008,2.1321024159917012e-05,0.00022382872815224222,0.004342643215876753,0.0029011572463780257,1.9214015830644574e-08,1.9489994440267355e-07,7.798801551521211e-09,0.9432532589302993,0.0008297089788056997,9.421245476009916e-06,0.0459566710766265,5.734208198882659e-06,6.900838355113201e-07,1.5945747587843276e-08,0.001520005385807228,2.1998002438632246e-06,8.509453636529561e-07,3.827253359934864e-06,3.89731174992326e-06,0.0002581959862390487,3.041229776072054e-07,1.0030042777717972e-07
17,0.0003703104438488393,4.789207201189808e-05,0.00021787590866837494,2.1754119814302663e-05,0.00027115630975083684,0.003442049329131021,0.0026103211805364145,1.756130727909178e-08,2.1035552874015818e-07,4.648874348462763e-09,0.945561053039482,0.0008519767575477337,1.1181538800057925e-05,0.04537433687233911,4.855415438591814e-06,4.795481929207553e-07,1.299342554324189e-08,0.0009971451366085743,1.5685510256116823e-06,8.649109252055169e-07,2.2060622801534687e-06,2.6045794745567305e-06,0.00020973221382524916,3.0946622535864645e-07,8.098493708496753e-08
18,0.0004357747820582622,5.327685922780014e-05,0.00023087770484400572,2.0129736655852725e-05,0.0002513562916559831,0.0031233031070602257,0.002774967505838138,2.065924539380927e-08,2.2613456268428206e-07,5.092717795628372e-09,0.9518977722083136,0.0009284788140975543,1.086597762871537e-05,0.03893598412321332,5.558730853950107e-06,5.005614304004695e-07,1.7092709038445707e-08,0.001116963175968107,1.6929578041668707e-06,9.006532800757097e-07,2.496080829031958e-06,3.2817721155730494e-06,0.0002050724469604354,3.867659098996825e-07,9.076502016662187e-08
19,0.00023309709709195119,5.629793657452347e-05,0.0003926795109481205,2.5775233239024143e-05,0.00047706274191926777,0.003897548884355781,0.0022243352959185536,1.8990438530155027e-08,3.846892134370887e-07,6.5970511330762545e-09,0.9311344465043526,0.0009907483441229507,2.026455592737987e-05,0.05967188990027575,4.308796835772197e-06,4.447843920125741e-07,1.0436324137016957e-08,0.0007405730045743151,1.7521899489136617e-06,1.1428073303261342e-06,1.8267283718828738e-06,2.5105408212277342e-06,0.00012251896188565292,2.850972518745979e-07,7.037083513688977e-08
20,0.00034741342683316097,7.139779051973731e-05,0.00022967044075051588,2.1553159503033077e-05,0.0003568786179533788,0.0032363434735324004,0.0025412054775557765,3.4074201015753694e-08,3.169662618100522e-07,6.99977166637985e-09,0.9474257694859345,0.0009686631980641607,1.200165717481542e-05,0.04356798818040573,9.13154823411909e-06,5.370469409108042e-07,2.5202548659225764e-08,0.0009647410620024299,2.5783459673921584e-06,1.0420917646484631e-06,3.184042931131115e-06,6.512110999641421e-06,0.00023250557449447026,4.108693391172574e-07,8.915631591731921e-08
21,0.0005327826230338785,3.930013915921816e-05,0.00025538483395523434,2.3904803086355822e-05,0.00024018474856216386,0.004410157821430141,0.003673107722534486,1.4916298731657393e-08,1.6529458894347867e-07,5.0457628226623944e-09,0.9295769832468695,0.0013979226708401933,1.675197821021615e-05,0.058347101923983465,3.856131093963101e-06,8.151409292798612e-07,1.2077825526563381e-08,0.0012103415471246537,1.3707724100928144e-06,1.270594620981998e-06,2.127169747389552e-06,2.224290526954342e-06,0.0002638339387518658,3.0262206037060974e-07,7.794659351443442e-08
22,0.00028998994644517185,0.00014530794217835382,0.00030363976435190737,4.815208640612785e-05,0.0005226722728772039,0.005641965946141156,0.005988374958739365,3.219442578749642e-08,9.342976713779005e-07,1.6746675377072787e-08,0.9163806116832207,0.0004794357393942129,3.0454278890895428e-05,0.06929361548466532,1.2394509081351796e-05,6.090347456701056e-07,8.353397856633354e-09,0.0006153070519717799,3.2482207335152512e-06,1.3829824754454273e-06,1.7929798953093439e-06,3.1326775912618444e-06,0.00023618877835509495,5.525358942437836e-07,1.7953377541603254e-07
23,0.00034034720636109847,4.7789027780086736e-05,0.00020367396200523868,1.7968643458341176e-05,0.0002433258288586003,0.0034560864797773807,0.0025238835751157473,1.6905348248621885e-08,2.356503115584143e-07,4.569472426487061e-09,0.9545700837995316,0.0007271663987816363,9.853764120775296e-06,0.03677775262788177,5.419755737556797e-06,4.7176711948030487e-07,1.2101910954172662e-08,0.0008840680026902666,1.612559851174554e-06,8.357975685757416e-07,2.101001804738249e-06,2.6664439055600293e-06,0.00018425323949122188,2.9687309081727215e-07,7.401802518469791e-08
24,0.00044541903180649804,2.889015780964935e-05,0.00016656191525346868,8.032882027874982e-06,0.00010390411073053222,0.0025216486953038046,0.0027631667357585505,1.63856124591063e-08,2.465715966914226e-07,2.7394313506491216e-09,0.97884497602207,0.0006140257430577829,4.69701079565901e-06,0.013639443400727435,8.17554339620778e-06,5.513809197572647e-07,1.459889147368408e-08,0.0006665392732325129,1.333909391253069e-06,7.643359143599046e-07,1.8933698110377148e-06,3.0007121253546694e-06,0.00017628302145140275,3.455834493991581e-07,6.686943557313447e-08
25,0.0003146083448759213,2.6531200969929162e-05,0.00014618163028085371,1.6069674659303916e-05,0.00010391656216187795,0.0009504764497728519,0.0023063525838062284,2.006659131898397e-08,1.1520345355193603e-07,1.6386564078759012e-09,0.9743507491955947,0.0007751661289702417,9.93983095522963e-06,0.02011119073331896,2.0186506917705063e-06,1.7294022654366848e-07,1.2319427744523182e-08,0.0007715299051951241,1.1046867137315338e-06,8.597432605295608e-07,1.1223220527052659e-06,1.4760966979752908e-06,0.00011009935582944142,2.4586570015445644e-07,3.887013682237836e-08
26,0.0007676178436676383,5.67696854879663e-05,0.00034538226602525085,2.261439876620747e-05,0.00020129076024743146,0.0019027299845359085,0.003436027694214134,3.733975340179664e-08,2.54179540269255e-07,5.304889723945972e-09,0.9714866180388341,0.000914295023928095,1.484512024737773e-05,0.018645431075738145,4.548344834662258e-06,3.8894660343508987e-07,3.824064122842916e-08,0.0019989217195884655,1.136024241173287e-06,1.2071987679915755e-06,2.326430559495046e-06,3.1757747156079596e-06,0.00019295961133423704,1.277948329971729e-06,1.0104450804169285e-07
27,0.00039996976356904487,5.4810423411236484e-05,0.00019959875428757304,1.479725343772005e-05,0.00021829432862481744,0.0047370337245637665,0.0028059977210447267,2.429437296747719e-08,4.641970637766203e-07,6.7331970229639646e-09,0.9630354335239822,0.0006091954000213758,7.965055579722313e-06,0.02685223418785668,1.0488988536925205e-05,7.321128409993623e-07,1.4137308398149657e-08,0.0008444288812455743,2.2969433440090007e-06,1.0502612429933807e-06,2.413299084556543e-06,4.463511810181837e-06,0.0001978225165373161,3.5627711331480024e-07,1.0770992300090929e-07
28,0.00034034720636109847,4.7789027780086736e-05,0.00020367396200523868,1.7968643458341176e-05,0.0002433258288586003,0.0034560864797773807,0.0025238835751157473,1.6905348248621885e-08,2.356503115584143e-07,4.569472426487061e-09,0.9545700837995316,0.0007271663987816363,9.853764120775296e-06,0.03677775262788177,5.419755737556797e-06,4.7176711948030487e-07,1.2101910954172662e-08,0.0008840680026902666,1.612559851174554e-06,8.357975685757416e-07,2.101001804738249e-06,2.6664439055600293e-06,0.00018425323949122188,2.9687309081727215e-07,7.401802518469791e-08
29,0.00034034720636109847,4.7789027780086736e-05,0.00020367396200523868,1.7968643458341176e-05,0.0002433258288586003,0.0034560864797773807,0.0025238835751157473,1.6905348248621885e-08,2.356503115584143e-07,4.569472426487061e-09,0.9545700837995316,0.0007271663987816363,9.853764120775296e-06,0.03677775262788177,5.419755737556797e-06,4.7176711948030487e-07,1.2101910954172662e-08,0.0008840680026902666,1.612559851174554e-06,8.357975685757416e-07,2.101001804738249e-06,2.6664439055600293e-06,0.00018425323949122188,2.9687309081727215e-07,7.401802518469791e-08
30,0.00034034720636109847,4.7789027780086736e-05,0.00020367396200523868,1.7968643458341176e-05,0.0002433258288586003,0.0034560864797773807,0.0025238835751157473,1.6905348248621885e-08,2.356503115584143e-07,4.569472426487061e-09,0.9545700837995316,0.0007271663987816363,9.853764120775296e-06,0.03677775262788177,5.419755737556797e-06,4.7176711948030487e-07,1.2101910954172662e-08,0.0008840680026902666,1.612559851174554e-06,8.357975685757416e-07,2.101001804738249e-06,2.6664439055600293e-06,0.00018425323949122188,2.9687309081727215e-07,7.401802518469791e-08
31,0.0005912173242217511,9.600753737992699e-05,0.0005536652300193472,4.01067155578079e-05,0.0004896001490887342,0.002785839676273808,0.00367468527790844,4.078725394013133e-08,3.274125691292587e-07,8.783616743518071e-09,0.9227739510723567,0.001343450699528964,2.9949651177245996e-05,0.06557691583172513,3.826077907336542e-06,4.855641568735933e-07,2.3966172227204213e-08,0.0018452247527520464,1.9806252703272276e-06,1.6007103114555165e-06,2.515627223605429e-06,3.4908539218872555e-06,0.0001840973023568038,8.693035876056724e-07,1.190676620288967e-07
32,0.0003461793984565852,5.001488746368009e-05,0.0002009917553490733,1.7061843589963717e-05,0.0002462083173075199,0.00366230437175162,0.002588302345361161,1.798749787621547e-08,2.698573146470676e-07,4.94225886888576e-09,0.9538558056843729,0.000716276234748005,9.389152446653377e-06,0.037269461355478796,6.330854091920896e-06,5.351364348008832e-07,1.247169936458021e-08,0.0008355216606490941,1.962104126564257e-06,8.500440292137904e-07,2.2852980807353218e-06,3.0712620180232957e-06,0.00018678007939622435,2.851549444766413e-07,7.780113225619826e-08
33,0.0003946932983743424,7.079036384066843e-05,0.00022840089309598412,2.4606831687370318e-05,0.00038374983565358427,0.0037616918462655092,0.002818256669781731,2.6502413154085107e-08,2.034262136404933e-07,6.7010914092879405e-09,0.9335864095494686,0.0010506150824998,1.5407052396554713e-05,0.056183844761541694,5.921513318035704e-06,6.065938677339083e-07,2.1733235226687483e-08,0.0012076938591196985,2.2214481023141025e-06,1.1864108509855063e-06,2.7387699136728355e-06,5.253616127331516e-06,0.000255205023624686,3.799072151415965e-07,6.831030121084617e-08
34,0.00034599852093909246,4.832614322580697e-05,0.0002079692194702416,1.733275287537152e-05,0.0002356305775483351,0.0034821238034596583,0.0026113744117606547,1.7097828836856098e-08,2.6848794070207775e-07,4.6733929390695885e-09,0.9561648111830364,0.0006867185867813389,9.84634778321564e-06,0.03516758084407713,5.6941780489063986e-06,4.806047538229471e-07,1.1490838620134848e-08,0.0008360914773335907,1.709368949794741e-06,8.37419592462592e-07,2.053825744865781e-06,2.6133706939153137e-06,0.00017213133061144345,2.9826216392939206e-07,7.602114897184939e-08
35,0.001247489328075364,7.72274335227712e-05,0.00022458536210424008,2.3573524288729337e-05,0.00012778453174565842,0.0018246723378221507,0.0034577848338772366,6.611977938888522e-08,5.576087385977005e-07,9.138805329273623e-09,0.9731826858669581,0.0010941491411678498,1.3550290373986683e-05,0.015022213454784274,3.594459707837637e-06,3.14076171152315e-07,3.62759180620842e-08,0.003589919263800072,3.0231588481371333e-06,1.2684020572297074e-06,2.8110080522392913e-06,5.056830945219665e-06,9.648319462544147e-05,9.315693100628084e-07,2.127885208353746e-07
36,0.0004546705486997478,5.8306408560342086e-05,0.0003030440523517595,2.316320898442138e-05,0.0003449789577093987,0.0033235480885937026,0.002862792150543188,2.5093428089851918e-08,3.006240581675047e-07,6.063452128459078e-09,0.937634045498109,0.0012506032272650077,1.3747505845254926e-05,0.05255861385387392,6.656062433128963e-06,6.195868653440235e-07,1.9635514846019163e-08,0.0009474696231866591,2.3768758915222076e-06,1.0415676121550364e-06,2.8013877993365896e-06,4.092796527499405e-06,0.00020659371463953354,3.7879254723601794e-07,1.0467550830668098e-07
37,1.5014079203878223e-05,4.463196233905438e-05,5.330244612875291e-05,1.0935911309002181e-05,0.00038908751617561504,0.014666373135434492,0.0007115663401295945,1.3475236673176302e-08,1.138295213160054e-06,1.478090353582406e-08,0.9704811626186992,0.00010895261599401373,4.497196177642925e-06,0.013093628471364171,2.137959937320702e-05,4.2352094521368133e-07,3.6066971452672165e-09,0.00023639305884931328,1.929553301994704e-06,6.557631398031127e-07,2.402354809936833e-06,3.1594794814344474e-06,0.00015321639766617502,8.135238342171164e-08,3.646904376495591e-08
38,0.0003232060945306451,5.871566752008901e-05,0.00026461597356063397,2.4070327906759883e-05,0.0003359165754611371,0.002947273346484269,0.0022671091312624217,2.1677483766413137e-08,2.7463619232991984e-07,5.29383992231441e-09,0.9490994641652115,0.0008304829554118306,1.311447515434399e-05,0.0426905046302176,4.832651399746456e-06,3.643014656155045e-07,1.4922683580856373e-08,0.0009717517665171864,1.6868576798090842e-06,8.682684321437234e-07,2.181075426200737e-06,2.736927721601583e-06,0.00016033351292752326,3.6927555798886624e-07,8.548995151935271e-08
39,0.0003702352016538582,2.4478986268768175e-05,0.0001560358255298462,1.6188772780771772e-05,0.00024914550602887466,0.005556205429058121,0.0018582125997841034,1.7800127642373708e-08,1.8439767534460537e-07,4.636674798399392e-09,0.9515240682018267,0.0012092200605011445,6.040929071153266e-06,0.03765703829040333,4.57211017376135e-06,9.448480021121479e-07,1.1250893703491748e-08,0.0010830250352730794,2.0543013459431653e-06,9.442627624471717e-07,3.184272761963168e-06,3.0416903480918986e-06,0.00027489219545438965,1.783380484060096e-07,7.505755155275081e-08
40,0.00034787856515409966,4.807602131381245e-05,0.0002044699365694251,1.7839017630779394e-05,0.00024498261303301826,0.0034599876405665615,0.002526173362540951,1.6885246692697365e-08,2.3475848611986022e-07,4.551310030656049e-09,0.9536686726976531,0.000741454899992203,9.706731239149417e-06,0.03765278082699441,5.501582374553363e-06,4.803536171254321e-07,1.220498884210605e-08,0.0008789854946486897,1.6548599977176689e-06,8.281901414017696e-07,2.13999959183219e-06,2.7400760078144215e-06,0.00018501088824015655,2.928516585842867e-07,7.499100276593516e-08
41,0.00020688491017216377,0.00014569970482703756,0.000883597231198742,2.7241670516147223e-05,0.0015195040542015348,0.014904120297382997,0.002588021832447954,1.995164642676642e-08,3.254998099405864e-06,2.1585644712785158e-08,0.8814813182938224,0.00035940959739667373,1.9174109082602305e-05,0.0973705227902811,2.721288894080553e-05,1.1415702838081625e-06,5.9003960543324805e-09,0.0003210567675723584,3.979819058626041e-06,8.983356653011425e-07,2.789105380099046e-06,3.036216372358526e-06,0.0001304389169060805,4.456321626323235e-07,2.0382054207151768e-07
42,0.0004732542728778268,5.070819211820437e-05,0.0001304791537661031,9.213213340853655e-06,0.0001709279063802468,0.0035647050280989017,0.002622556770390396,3.276979130902623e-08,2.993632701595166e-07,5.221224913082368e-09,0.9652679582459409,0.0008760181449958452,4.5169242863035395e-06,0.02578006689558786,1.5667452102160973e-05,1.0586097881321783e-06,2.7067114356301613e-08,0.0007362304783645218,4.4463782273510395e-06,1.0175722755508991e-06,3.7987505087633105e-06,1.2032474760007094e-05,0.00027465151826414167,2.4774384609127447e-07,7.985267940385978e-08
43,0.0002249025866258833,6.139757402425712e-05,9.053168660802633e-05,1.716570801480825e-05,0.0004156362355712624,0.01163224097223427,0.0016930453782009584,2.467953213597379e-08,3.069411150313574e-07,1.6940785437901793e-08,0.9536776605340322,0.000534236762572634,5.023964095192095e-06,0.02989549869743701,1.2425878652405595e-05,1.2708822892585634e-06,1.7417107411601384e-08,0.0013468733871520161,3.047970193649562e-06,7.499353597787986e-07,6.791078153695086e-06,7.451674454333834e-06,0.00037333216394273475,2.67772239415136e-07,8.317960605550899e-08
44,0.00034034720636109847,4.7789027780086736e-05,0.00020367396200523868,1.7968643458341176e-05,0.0002433258288586003,0.0034560864797773807,0.0025238835751157473,1.6905348248621885e-08,2.356503115584143e-07,4.569472426487061e-09,0.9545700837995316,0.0007271663987816363,9.853764120775296e-06,0.03677775262788177,5.419755737556797e-06,4.7176711948030487e-07,1.2101910954172662e-08,0.0008840680026902666,1.612559851174554e-06,8.357975685757416e-07,2.101001804738249e-06,2.6664439055600293e-06,0.00018425323949122188,2.9687309081727215e-07,7.401802518469791e-08
45,0.0003122477024348488,4.430868513150996e-05,0.0002886279698490759,1.5437652981638566e-05,0.00023020612044867723,0.003138921182873316,0.004246153840773876,2.3417570175170983e-08,4.1917211011723e-07,4.70801981145705e-09,0.9601117053909345,0.0006176318941451386,1.5823436765615263e-05,0.03030810784648648,7.570584135897054e-06,6.176112208958743e-07,1.0268928006832245e-08,0.0004948294253043965,1.8907264776473487e-06,1.385022423783438e-06,1.351291045532467e-06,2.7391893848086878e-06,0.0001595493810536802,3.863171544866044e-07,5.116234603708945e-08
46,0.0009583395482890478,6.472350927706535e-05,0.0003092814749727074,3.0404665148599308e-05,0.00027057716602045534,0.0011686990170103003,0.002294735115836757,7.521744961049634e-08,1.6688205903638134e-07,5.425182500693366e-09,0.9663263916147551,0.0024739293603603042,1.4817757730021408e-05,0.023559222704285766,6.674088988835097e-06,4.2050060855278685e-07,1.6521858603980308e-07,0.0021910414334042603,1.920374652590789e-06,1.375444704539488e-06,5.022568867102792e-06,9.09975393674362e-06,0.00031145213462442,1.3224818412486494e-06,1.3654140830703243e-07
47,0.0017167632698045306,5.312397484506968e-05,0.00022139617832289465,1.2240051266716981e-05,0.00012565876303153402,0.0028430217148568346,0.004288701594048529,3.246945980064833e-08,1.7291347972488394e-07,5.389494154254889e-09,0.9598166178276754,0.0024339870980658773,8.2402665914162e-06,0.02614257659288068,7.83715853146342e-06,1.2323132118442557e-06,4.626531043949579e-08,0.00203752356736713,2.5188368186993823e-06,1.4468761801109038e-06,3.88071585322557e-06,1.0100902025148826e-05,0.0002721652756917507,5.750773973210016e-07,1.3490778996714405e-07
48,0.00046029855769244137,7.628749120327746e-05,0.0002006727002759435,2.1126080631465006e-05,0.00027068791781384763,0.0031016333191498597,0.003409412121644095,3.094006094905372e-08,2.6010048173701597e-07,7.000828195488562e-09,0.9482349394944366,0.0008746577719805031,1.258436866200219e-05,0.041978504273836516,7.966341275506969e-06,6.179389783717382e-07,2.469712921710186e-08,0.0010900628624568515,2.821049370531513e-06,1.081106021547408e-06,3.0683761393810315e-06,5.576890267536839e-06,0.0002471589665050429,4.3246995336277097e-07,8.716320518042425e-08
49,0.0002849142938454486,3.793273965347605e-05,0.00020810207446201635,1.7164524956842933e-05,0.00029905032034697337,0.004520427694631037,0.0019246884724788275,1.5695719145724756e-08,1.992685810448711e-07,4.5320281673921634e-09,0.9482317413333254,0.00103872688837061,9.792506025785432e-06,0.042282186451253576,4.695201998255257e-06,5.689951027729894e-07,1.167914676654755e-08,0.0009339922392166131,1.505412693826092e-06,9.988996983258687e-07,2.148521088783507e-06,3.2726053390933894e-06,0.00019758302998967566,2.164405848176174e-07,6.017946237065634e-08
50,0.0003514665275079225,5.053358079216229e-05,0.0002095761313633855,1.8441383200537404e-05,0.00024977939664536173,0.003622931962603947,0.002723805494840851,1.7477991169974618e-08,2.521613005635072e-07,4.9584458389909104e-09,0.9519503123470374,0.0007214450122795554,1.0420447255423686e-05,0.03900405350556702,5.592183633004659e-06,5.062423784031206e-07,1.1915180260611002e-08,0.0008866140493307747,1.7449662262827797e-06,8.717154317259337e-07,2.112967387145023e-06,2.7815486175719023e-06,0.00018634637534861755,3.0138812342585523e-07,7.62615116614668e-08
51,0.00030519645372126426,7.229703749475925e-05,0.0001586679970051123,3.188604004393865e-05,0.0002457386565558204,0.0022619145943970852,0.0025383351685370273,2.2908151161893435e-08,1.6116971294452273e-07,5.752783707149038e-09,0.939813908603847,0.0008196967159541835,1.6910678215833272e-05,0.051842509804162586,2.285254047494711e-06,2.1437092773978416e-07,1.1988021777286572e-08,0.0017312715927800296,1.6030309193785026e-06,8.867645441189588e-07,2.045664684966285e-06,2.892129636285195e-06,0.00015119344802910602,2.8046787417547615e-07,6.370795270006244e-08
52,0.0005913000085091007,0.00010896438063000302,0.0006596607588385469,2.9020695022706996e-05,0.0006829852704071564,0.0008066907037097377,0.0026021776197181533,4.2276885146090964e-08,3.2507536435879714e-07,3.80388706018271e-09,0.8795625015436869,0.002480712390639846,1.4143345867488002e-05,0.11191336550464505,1.1639985270784757e-05,3.668025217030885e-07,4.776398112280387e-08,0.00035608345538275477,6.459459091849191e-06,5.143632620369819e-07,4.3066158376474645e-06,5.461451863839705e-06,0.00016250285504783394,5.009046924048604e-07,2.2296523637955601e-07
53,0.0002945217125953921,2.2520832792583955e-05,9.016773452768327e-05,8.100397681396325e-06,4.595678529910146e-05,0.0026301442792979494,0.0047863178070806,9.73055251267035e-09,1.6858937392342892e-07,2.1970497096881836e-09,0.9805833309978014,0.00021871512311079082,5.084957322759414e-06,0.010581373299438574,6.080973710365327e-06,5.518432024891451e-07,5.8997990741062636e-09,0.000510896862627583,7.811603722150421e-07,9.475109544087124e-07,8.573484478385294e-07,1.2065780402188316e-06,0.00021195464952579433,2.6092806726537354e-07,4.1801327970841404e-08
54,0.000774882212250035,9.583726950139819e-05,0.00031525719321203404,2.2817656868265183e-05,0.0002578990541813884,0.0070491232991683,0.007339895066028295,1.8811771900491896e-08,4.811360882935368e-07,1.2067167330081695e-08,0.8933623153801186,0.0009732709516111182,1.5510240179938894e-05,0.0886047389174012,1.3008905113238177e-05,1.937376115134824e-06,1.1187268841210536e-08,0.0008596180545088136,3.554454550454686e-06,1.4036973911615135e-06,2.9583121663499487e-06,4.604469868195471e-06,0.00030026543127570674,3.713171666191861e-07,2.0753902732051934e-07
55,0.0004983299855190648,4.350986547202869e-05,0.00033910226003147745,2.2872257978859595e-05,0.00016941083441291367,0.0016358488473715409,0.0027419044611011953,2.374703350853955e-08,3.732716988186399e-07,4.159590883063665e-09,0.9724238695889244,0.0010588132388144177,2.0652363255236222e-05,0.01971210813310984,2.2788338155247886e-06,2.091530159169824e-07,1.256854599380971e-08,0.0012598560881742122,1.1365394324022508e-06,1.113238112084384e-06,1.1810976917781471e-06,1.3332922581594034e-06,6.542520553364953e-05,5.387283300104726e-07,9.224077610567453e-08
56,0.00033379306988455683,5.224051675393648e-05,0.00022960489544469916,2.013782866911125e-05,0.0002663624914160096,0.0033795805370212145,0.0026715716767663966,1.913626277632922e-08,2.681563091591994e-07,5.149664570404624e-09,0.9529148918351027,0.0007356305324617517,1.2363080734095641e-05,0.03831805699163679,5.359727000685658e-06,4.773983547628092e-07,1.2878102675857095e-08,0.0008754802769494544,1.706208560932824e-06,9.596760466260904e-07,2.066694619298956e-06,2.634144875484927e-06,0.00017637180896528341,3.3157644272998937e-07,7.371195435332042e-08
57,0.0003878005607574766,7.220745939866847e-05,0.0004911689327458488,2.7172810918585167e-05,0.000662163497085081,0.004247769075802953,0.002013484035193404,3.8017994709726916e-08,4.857153258081025e-07,1.0920798827089327e-08,0.9183763164932274,0.00252461238280223,2.1563043878990007e-05,0.0698802464999576,6.751832826583453e-06,8.182716614637901e-07,3.15987258412282e-08,0.0011045933152674056,3.8140953389600363e-06,1.5701861608522585e-06,4.167960861459948e-06,7.83911130776616e-06,0.00016489480580635232,3.660067499628306e-07,1.1336940582363189e-07
58,0.0003894942900005819,5.491513255508003e-05,0.00023413451402160302,1.9776400594276685e-05,0.00025968211495153295,0.003103555049482656,0.002744513829610644,2.1446178777770335e-08,2.4475591405009584e-07,5.208736240782333e-09,0.9561004902474822,0.0007875904549778178,1.1181680324014833e-05,0.03505080150427852,5.891470752246359e-06,4.819034121359179e-07,1.7193349851970235e-08,0.0010258316571637852,1.6464881446860207e-06,9.164816337644247e-07,2.420329279564677e-06,3.104343766811695e-06,0.00020277972254357393,4.212818892686482e-07,8.249895607309152e-08
59,0.0004267954582484502,5.237103068093956e-05,0.00027713180508622074,1.9626268676288955e-05,0.00025007072478199334,0.0029271395733963235,0.002902541580099071,2.2033610040665028e-08,2.5038022444074974e-07,4.978003185822797e-09,0.9582973259320468,0.0008132566784276199,1.1686253007815739e-05,0.03270930119582143,5.632591881614441e-06,4.954048610533132e-07,1.791108000918928e-08,0.001098992251274112,1.4617475021943232e-06,9.919210410103863e-07,2.3184435879491092e-06,2.855489449491333e-06,0.0001991165896380046,5.075044162443604e-07,8.625315769218239e-08
60,0.00034034720636109847,4.7789027780086736e-05,0.00020367396200523868,1.7968643458341176e-05,0.0002433258288586003,0.0034560864797773807,0.0025238835751157473,1.6905348248621885e-08,2.356503115584143e-07,4.569472426487061e-09,0.9545700837995316,0.0007271663987816363,9.853764120775296e-06,0.03677775262788177,5.419755737556797e-06,4.7176711948030487e-07,1.2101910954172662e-08,0.0008840680026902666,1.612559851174554e-06,8.357975685757416e-07,2.101001804738249e-06,2.6664439055600293e-06,0.00018425323949122188,2.9687309081727215e-07,7.401802518469791e-08
61,0.00036782450028077687,5.0152787496891336e-05,0.00027178550731103376,1.8340465903831174e-05,0.00025385788109324564,0.0028332875063547176,0.0025683910045201505,2.0160506411696144e-08,2.552079326196556e-07,4.5960920665675515e-09,0.9588564672025606,0.0008077430879920526,1.1058811239234436e-05,0.03283367905833601,5.381682415272801e-06,4.506330262312747e-07,1.5675262495840495e-08,0.0009428127633641586,1.4860915071034793e-06,9.333334271988182e-07,2.17844627170997e-06,2.7212089576401054e-06,0.0001706543850860675,4.182142720989329e-07,7.978879041684386e-08
62,0.00034034720636109847,4.7789027780086736e-05,0.00020367396200523868,1.7968643458341176e-05,0.0002433258288586003,0.0034560864797773807,0.0025238835751157473,1.6905348248621885e-08,2.356503115584143e-07,4.569472426487061e-09,0.9545700837995316,0.0007271663987816363,9.853764120775296e-06,0.03677775262788177,5.419755737556797e-06,4.7176711948030487e-07,1.2101910954172662e-08,0.0008840680026902666,1.612559851174554e-06,8.357975685757416e-07,2.101001804738249e-06,2.6664439055600293e-06,0.00018425323949122188,2.9687309081727215e-07,7.401802518469791e-08
63,0.000343016157057566,5.4369030606725475e-05,0.0002029678388342104,1.7666517090261583e-05,0.00023167019283096345,0.0032748742497859104,0.0026461361673901776,1.8122663461266116e-08,2.597815362273588e-07,4.924352960552238e-09,0.957889432998657,0.0006489776019697841,1.010522474823465e-05,0.03362394478643533,5.9269088652680455e-06,4.605561535486728e-07,1.2805407356576893e-08,0.0008688252549889774,1.6806134801351657e-06,8.546606390349178e-07,2.1271719682384534e-06,2.7460202413264305e-06,0.00017351421309621295,3.3129007513076887e-07,7.691112598700719e-08
64,0.0003550653306346577,5.0093420145399364e-05,0.0001727385051178809,1.678354500678418e-05,0.00024185686033088692,0.003387838462391887,0.002139114469210496,1.7255925310546566e-08,2.184635658911279e-07,4.604884366957337e-09,0.9561809842354588,0.0007866386787805619,7.666456036143578e-06,0.03546624541648317,6.279353681066111e-06,4.627412099277263e-07,1.4845628246028672e-08,0.0009767417069702902,1.8395483329857237e-06,6.761827734525203e-07,2.9777777567414006e-06,3.1524594700714515e-06,0.00020221807663228786,2.8605180620301086e-07,8.555176640029158e-08
65,0.00039293800784112403,6.062484992397588e-05,0.00022971376348788933,1.7012285242223178e-05,0.00017984701781525444,0.002071261692012695,0.003423936026870744,2.4130874779682766e-08,3.438057494919584e-07,4.433314207509865e-09,0.9681405222727015,0.0005053348008350296,1.155201798059376e-05,0.02412369898193812,6.514375801829785e-06,3.604529916293864e-07,1.4484722540416701e-08,0.0006924756265944125,1.7281047527388587e-06,9.100701559612798e-07,1.6273995766323366e-06,2.4985475718639424e-06,0.00013650238825102978,4.774661289504857e-07,7.699686458287817e-08
66,0.00034519901439829443,4.198097866832397e-05,9.794691643258336e-05,1.1795890307120153e-05,0.00014738529039358807,0.0011035590283589997,0.0011331657623677783,1.3733292375842796e-08,6.149652552491928e-08,1.4305680600584465e-09,0.9809620119228146,0.0005168435921902652,2.2554088179229044e-06,0.014237183878442302,8.430133439495672e-06,1.2557503994792084e-07,3.5398237002669785e-08,0.0010967395071073683,5.188648027891153e-07,2.1107718439852197e-07,3.603284103839164e-06,2.7785739481809892e-06,0.0002875063615965953,5.623290889988389e-07,8.455187352127213e-08
67,0.0004246965192292763,8.105091862712025e-05,0.00020075475673673315,1.720261155351165e-05,0.0002319264351103629,0.0024556150507516823,0.002532959097181087,2.5904369377904008e-08,4.133056033892745e-07,6.1089287189099575e-09,0.9658069528876982,0.0005893505664619204,1.0459407146486656e-05,0.026496595932412662,5.927101131465666e-06,2.8761308000745285e-07,1.6170455205984842e-08,0.0010300883717857892,2.40455655814517e-06,6.640481686688677e-07,2.3812785839959243e-06,3.590635502895089e-06,0.00010612160274680217,4.2012191385035145e-07,8.899826258065296e-08
68,0.00027036092676086416,1.4150161045154336e-05,3.4181911182203586e-05,8.036692374026175e-06,3.916355596713432e-05,0.0028374663810708523,0.0010095156974239477,7.277276723964881e-09,3.584762690405889e-08,1.5793726953006363e-09,0.9872915272689434,0.0005521628862301827,2.1729588250067193e-06,0.005289000805048223,2.3487663434886968e-06,2.754239480410422e-07,1.3260359496690485e-08,0.00234231598441962,2.7139479659219454e-07,6.911092550307765e-07,1.8970721327766544e-06,1.7187205241106823e-06,0.00030244523529385605,1.9624985924970896e-07,4.283392039105013e-08
69,0.0003185855203998961,4.6643701191549974e-05,0.00017759227154263423,1.6801283414227237e-05,0.000257281569323077,0.0036751552867764696,0.002302938373842708,1.5001923802890053e-08,2.1559053320671091e-07,4.270044348545934e-09,0.951478089846273,0.0007174123178839781,8.558057558619134e-06,0.03998042382170377,5.653551530611345e-06,4.537400026207022e-07,1.1177566347095482e-08,0.0008164342168314286,1.6832340707489937e-06,6.978586732830076e-07,2.2228927192736178e-06,2.837715189454263e-06,0.0001899778483784174,2.433078062088241e-07,6.754482042227938e-08
70,0.0003661395866147557,4.331690869143827e-05,0.000405837446291971,2.9234555343643997e-05,0.000467795640479813,0.0052630821307312345,0.002716824202512876,1.2871648502904492e-08,2.385155173964596e-07,5.424577291321798e-09,0.8799261096498867,0.0013870999057038378,1.679068697279834e-05,0.10834984399504391,4.202278136862157e-06,8.182102450719344e-07,8.89082000433228e-09,0.0008001940223155209,1.634351669009744e-06,1.1088558296621255e-06,2.076551479980133e-06,2.1928769165952104e-06,0.00021510939622625003,2.2314293168353318e-07,9.990341317325317e-08
