,0,1,2,3,4,5,6,7,8,9,10,11,12,13,14,15,16,17,18,19,20,21,22,23,24
0,1.0083554847279483e-05,4.823859975136278e-05,3.6414573085429434e-05,1.079301478940434e-05,0.0003689149944475886,0.012704112436291161,0.0005176280907249665,1.0276128991271824e-08,8.406740716977522e-07,1.1868280836570238e-08,0.9723955481615681,8.354821042900774e-05,3.1270287120705386e-06,0.013408625865384232,2.2412113171965114e-05,2.7447675532795373e-07,3.2204849710128244e-09,0.00021527421033729475,1.6345956964577576e-06,4.4444514414344434e-07,2.6555410447516728e-06,3.095411123660195e-06,0.00016621282470961004,6.016668677730724e-08,3.564633279684886e-08
1,8.066286049589167e-06,3.612483036151171e-05,4.662478582701169e-05,6.652575592422793e-06,0.0003703334885057288,0.01901743141382132,0.0006114404798157041,9.746908174155235e-09,2.1583357808550225e-06,1.415371518149449e-08,0.9688351000914195,5.930985279682414e-05,3.246165497172758e-06,0.010768703778932617,2.811015721778714e-05,4.401384891254235e-07,1.6197507796088193e-09,0.00010761967685941396,2.6075795073485504e-06,5.026205778055713e-07,1.838872440887433e-06,2.383215294867685e-06,9.12124786818687e-05,4.2749562263461944e-08,2.4906594493495274e-08
2,6.795265196463358e-06,3.22178359917411e-05,4.483250531535276e-05,9.102370190414407e-06,0.0003385354026843469,0.00862993115198311,0.000306529900783966,5.918384933947753e-09,7.310810322784922e-07,9.300168270990977e-09,0.9836310919188621,6.339829374585235e-05,3.6662107256108327e-06,0.006591006406903905,3.5437643316443686e-06,8.251432731832382e-08,1.1775628745158538e-09,0.00030319086221212266,7.521626555909912e-07,2.797181255651892e-07,1.2316828790819776e-06,7.175196138801203e-07,3.227710683697019e-05,5.384758996460363e-08,1.6081896490797182e-08
3,9.44482342335321e-06,3.394265851209859e-05,4.015419211074418e-05,7.750033220558222e-06,0.0003353812007348153,0.013408319326143073,0.0005026585561935267,8.565889194104492e-09,9.339106213915247e-07,8.967834151115948e-09,0.9744804563360826,7.908060040609093e-05,3.1132613859695515e-06,0.0107916866845296,1.9846388734823244e-05,2.689743317662258e-07,2.3671650788056672e-09,0.00016271644859149672,1.421767321938955e-06,4.4195217780213064e-07,1.8003203287206395e-06,2.3041088783927695e-06,0.00011818373981973576,5.072197947400757e-08,2.409358349957265e-08
4,9.25083022005986e-06,3.9067162846003416e-05,5.197850549534223e-05,9.5073622278036e-06,0.000440026274083721,0.01484811796572967,0.0005398244236288181,9.001328738029426e-09,1.0746523087750918e-06,1.0356452817813595e-08,0.9689471729363504,9.058579194710828e-05,4.621320394978774e-06,0.0147104561430957,1.9733910434719767e-05,2.8658667070536337e-07,2.46467813480744e-09,0.00016233236276293685,1.5034671175625158e-06,5.318734660169314e-07,1.7718406880347384e-06,2.371710136442333e-06,0.0001196849771046865,5.3720996434352216e-08,2.435983430891978e-08
5,8.578980680422136e-06,3.926934997988635e-05,3.7037015685641606e-05,1.1650377169402056e-05,0.00039212140116187753,0.013622704728132004,0.00049950454442844,9.541987159969052e-09,7.257681472561458e-07,1.1724774454882415e-08,0.9727956547618314,7.725806304142898e-05,3.659688678506806e-06,0.012095934008450332,1.5063432853404866e-05,2.5996530141676156e-07,2.5621026315961583e-09,0.00024134600020068802,1.2387103963834623e-06,4.938308785182266e-07,2.178116421046101e-06,2.228435567836793e-06,0.00015298078434703165,6.232327928070939e-08,2.5884503636248054e-08
6,9.44482342335321e-06,3.394265851209859e-05,4.015419211074418e-05,7.750033220558222e-06,0.0003353812007348153,0.013408319326143073,0.0005026585561935267,8.565889194104492e-09,9.339106213915247e-07,8.967834151115948e-09,0.9744804563360826,7.908060040609093e-05,3.1132613859695515e-06,0.0107916866845296,1.9846388734823244e-05,2.689743317662258e-07,2.3671650788056672e-09,0.00016271644859149672,1.421767321938955e-06,4.4195217780213064e-07,1.8003203287206395e-06,2.3041088783927695e-06,0.00011818373981973576,5.072197947400757e-08,2.409358349957265e-08
7,1.0352139233524014e-05,2.8620419706803858e-05,3.1987358308408386e-05,7.99428232659417e-06,0.0004860456415835319,0.02065299917822017,0.0004171919313598259,9.344215877136859e-09,7.70576657997718e-07,1.106367978658756e-08,0.9640861400563885,0.00010091563032899567,1.8035827328593325e-06,0.013722299278434952,2.9280735708806235e-05,4.4318873139515256e-07,3.0837873210253075e-09,0.00019586321064509572,1.9070388343741215e-06,3.2301278144692286e-07,3.433506348691234e-06,3.621587316214645e-06,0.00021790775849352253,4.569110228505906e-08,3.070307307187153e-08
8,1.2575911095732593e-05,4.46783964115289e-05,5.536546731958392e-05,1.159897158719139e-05,0.0004214357678967359,0.014340812270731168,0.0006891213422145189,1.119378664548368e-08,1.05640910445925e-06,1.2633831407096963e-08,0.968376910305828,9.443328457388947e-05,4.370154835008945e-06,0.01555465820074416,2.2728188097837897e-05,3.6317093361620714e-07,3.036798039455175e-09,0.0001956293146508899,1.5808588890241337e-06,5.664952283086069e-07,2.194111237173067e-06,2.6615787463147725e-06,0.00016712132571932532,7.558835948076607e-08,3.602138010923506e-08
9,1.0045724824220817e-05,3.789089584659789e-05,4.786739471199371e-05,8.883618934965518e-06,0.0003632333539858322,0.012893370932620097,0.0005507519638774104,9.344409175799356e-09,1.0241445094394774e-06,9.784879353117543e-09,0.9739572385108142,8.180788915895919e-05,3.7383541593778816e-06,0.011730049305183912,1.9728856969543327e-05,2.705088885403328e-07,2.5138054425602725e-09,0.00016884497841525346,1.4062769845570264e-06,4.878026711058689e-07,1.7904283193606355e-06,2.2412524669997913e-06,0.00011921888313681567,6.042085525642926e-08,2.68595718148305e-08
10,9.44482342335321e-06,3.394265851209859e-05,4.015419211074418e-05,7.750033220558222e-06,0.0003353812007348153,0.013408319326143073,0.0005026585561935267,8.565889194104492e-09,9.339106213915247e-07,8.967834151115948e-09,0.9744804563360826,7.908060040609093e-05,3.1132613859695515e-06,0.0107916866845296,1.9846388734823244e-05,2.689743317662258e-07,2.3671650788056672e-09,0.00016271644859149672,1.421767321938955e-06,4.4195217780213064e-07,1.8003203287206395e-06,2.3041088783927695e-06,0.00011818373981973576,5.072197947400757e-08,2.409358349957265e-08
11,9.72727102451413e-06,3.679144806896525e-05,4.422132950018976e-05,8.55394375297165e-06,0.00035252958117411965,0.01353669826121462,0.000530690300474446,9.147657538606642e-09,9.965459425444828e-07,9.632098498581861e-09,0.9733032312321763,8.465549068246164e-05,3.816701044186254e-06,0.011773022209663784,1.9427749368880244e-05,2.7443448647890456e-07,2.519868647936881e-09,0.00017000824199850845,1.4460484387958228e-06,5.09184852451594e-07,1.767690545438403e-06,2.3683831918619633e-06,0.00011916391414204752,5.395507679293439e-08,2.4783554772453584e-08
12,1.007810265736325e-05,3.6949212847206746e-05,4.1569323687974686e-05,9.369163423798185e-06,0.0004267935517638349,0.015840107872811576,0.0004822574645284649,8.86483401471549e-09,7.448759055478256e-07,1.0309099855785632e-08,0.9683916663550748,0.00010202773658464299,3.374814499456076e-06,0.014253912140149818,1.9786597102740244e-05,3.150809238944392e-07,2.978323991694352e-09,0.00021093305416843475,1.3963872716301503e-06,4.743953397797805e-07,2.2761093658153582e-06,2.9040968180795575e-06,0.00016296152379065878,5.372189084671697e-08,2.626713566947713e-08
13,1.4447932380755164e-05,8.529912558490269e-05,4.694414087758251e-05,1.653232873823621e-05,0.0005213060092941799,0.03355519812252162,0.0010687811160111995,1.4906068401965242e-08,1.4012816001232808e-06,4.178164184640464e-08,0.9497679927417434,5.8170913712913755e-05,5.625156471984479e-06,0.014073449507868829,2.7402722846188375e-05,7.386037308317928e-07,3.1543542223015814e-09,0.00046277890043734725,1.8733700741344766e-06,9.026785321295757e-07,3.152725209667888e-06,3.87338130339524e-06,0.0002838695989356267,1.5067943089377802e-07,4.9120629947939815e-08
14,3.170622723607075e-06,0.00011976030043380624,3.624116244091562e-05,1.205954086918574e-05,0.0005910567208862723,0.02017061030430558,0.00042109729242399235,8.800460414900653e-09,1.594631105134133e-06,3.582831878588008e-08,0.968329688633598,2.9478925592851755e-05,6.897470326735894e-06,0.00998651974348568,1.4152414783843177e-05,1.838373483783366e-07,1.4449088087591538e-09,0.00020966251265758302,1.4240165383263772e-06,5.744715546594973e-07,1.996456675163926e-06,2.009495730059283e-06,6.169465858070474e-05,6.431237344044612e-08,1.6401877845735452e-08
15,9.44482342335321e-06,3.394265851209859e-05,4.015419211074418e-05,7.750033220558222e-06,0.0003353812007348153,0.013408319326143073,0.0005026585561935267,8.565889194104492e-09,9.339106213915247e-07,8.967834151115948e-09,0.9744804563360826,7.908060040609093e-05,3.1132613859695515e-06,0.0107916866845296,1.9846388734823244e-05,2.689743317662258e-07,2.3671650788056672e-09,0.00016271644859149672,1.421767321938955e-06,4.4195217780213064e-07,1.8003203287206395e-06,2.3041088783927695e-06,0.00011818373981973576,5.072197947400757e-08,2.409358349957265e-08
16,1.0519639412271545e-05,4.857419442644809e-05,2.5271901506868063e-05,1.0853650121962542e-05,0.00031462769715871747,0.01673777042107222,0.0005926649564480399,1.0188543286896036e-08,6.531217287764571e-07,1.909006538375889e-08,0.9689940773272895,7.764904194820747e-05,2.8582182501092253e-06,0.012676953816726537,1.8230109220649384e-05,4.476414191927402e-07,2.8110719714522642e-09,0.0002944329095394554,1.8468355994557127e-06,4.782404265669955e-07,3.828056779256258e-06,3.028729587454824e-06,0.00018511571988967429,5.5191193693402015e-08,3.0490574511152846e-08
17,1.0260749488346289e-05,3.6439708937730347e-05,4.298993772944157e-05,1.0079205533096408e-05,0.00037208944746376145,0.013689627684438037,0.0005413445223998596,9.036244144230501e-09,8.403783739314205e-07,9.754620770962981e-09,0.9709341959867007,9.253387065091152e-05,3.6889441130210282e-06,0.013900865279427575,1.789874699029111e-05,2.863378488997022e-07,2.548521302271941e-09,0.00019387908845670476,1.3983712635600932e-06,4.960064918313533e-07,1.9683519328066775e-06,2.3761573030472132e-06,0.0001466378027221198,5.407740580225702e-08,2.800494229655437e-08
18,1.2315851081258782e-05,3.963743812938043e-05,4.616246371562314e-05,8.858710173397056e-06,0.00034552678414286894,0.012324197313765585,0.0005612816361353206,1.0365844549842784e-08,9.067555876438787e-07,1.0089657069420284e-08,0.9743936046848772,0.00010175799485747644,3.553204805209539e-06,0.01178689473182756,2.0554215968656218e-05,2.850209854668227e-07,3.3818304573042875e-09,0.00021214269661558687,1.4942818457573795e-06,4.92290873228828e-07,2.139706212841876e-06,2.927392668507534e-06,0.00013514583472580782,6.65610552147216e-08,3.0592618486051214e-08
19,7.220295475329786e-06,4.2021745265707264e-05,8.433551724569408e-05,1.0965234131005257e-05,0.000671549636190388,0.01600976875910029,0.0004551908668787259,9.48769475929262e-09,1.608201387978647e-06,1.263158923547826e-08,0.9631042745354405,0.00012275204023099134,6.8562720330587845e-06,0.019236723194526757,1.6903548785836687e-05,2.608927654337149e-07,2.1885480963610373e-09,0.0001424594054954977,1.5897165925129471e-06,6.331228457603406e-07,1.5474734464217284e-06,2.418446780952312e-06,8.082360862011762e-05,4.852980351232218e-08,2.4649125330111098e-08
20,9.568684516219222e-06,5.3457597308920336e-05,4.6878343448822226e-05,9.66870655046529e-06,0.0005029163257042415,0.01250714111706358,0.000526762708866705,1.8331922689768367e-08,1.371575633928481e-06,1.453759295781835e-08,0.9728092132075354,0.0001035046818491633,3.975683667586201e-06,0.013052072959120422,3.440391179185788e-05,3.067040607617919e-07,4.94766337132055e-09,0.00017740958107010271,2.386609416599383e-06,5.707114274571275e-07,2.7558571995526064e-06,5.807209189586289e-06,0.00014968688724949705,7.298212982410698e-08,3.013802039627832e-08
21,1.4498150540648434e-05,2.740757032567882e-05,5.1402119675096195e-05,1.1047344903819576e-05,0.00032905787964643724,0.017709637440794675,0.0007550774759284438,6.666790996686153e-09,5.611896729103601e-07,9.773518911629988e-09,0.962085755138403,0.00015540101176770866,5.5808547680429145e-06,0.01842539805162146,1.2497025915838685e-05,4.920160729358185e-07,2.1028117484797655e-09,0.0002301499844127686,1.0533665637114597e-06,7.131983790079249e-07,1.8114357975836388e-06,1.6894372567394764e-06,0.00018067556471503264,5.063128781314679e-08,2.4568428933309357e-08
22,9.740085337242753e-06,0.000149207320939695,6.81891595145836e-05,2.4871163677010215e-05,0.0007672664135080798,0.023669619078552823,0.001376510815905156,1.927298104847985e-08,4.093511403653488e-06,4.226569169101819e-08,0.949834272548977,6.13838323715595e-05,1.17093461168671e-05,0.02362419347885169,5.283491612905099e-05,3.97800583338876e-07,2.0571101729723477e-09,0.00014565602340292516,3.19059328982459e-06,9.532981380745484e-07,1.7652929467958208e-06,3.895886200634376e-06,0.00018998714655377652,1.185036616264466e-07,8.018815577032309e-08
23,9.44482342335321e-06,3.394265851209859e-05,4.015419211074418e-05,7.750033220558222e-06,0.0003353812007348153,0.013408319326143073,0.0005026585561935267,8.565889194104492e-09,9.339106213915247e-07,8.967834151115948e-09,0.9744804563360826,7.908060040609093e-05,3.1132613859695515e-06,0.0107916866845296,1.9846388734823244e-05,2.689743317662258e-07,2.3671650788056672e-09,0.00016271644859149672,1.421767321938955e-06,4.4195217780213064e-07,1.8003203287206395e-06,2.3041088783927695e-06,0.00011818373981973576,5.072197947400757e-08,2.409358349957265e-08
24,1.3025528190344774e-05,2.00958750295611e-05,3.356797870176817e-05,3.277480348182608e-06,0.0001358099236882828,0.009438251801623774,0.0005640336041484871,8.500199255385817e-09,1.043776752484006e-06,5.088515392244005e-09,0.9856207747263837,6.551607931275092e-05,1.451134645634976e-06,0.00383736110907206,3.090871990179404e-05,3.069943214258458e-07,2.8687275513122984e-09,0.00011845074694302923,1.1899549193988484e-06,3.9752287305716765e-07,1.5481028436902803e-06,2.588287875082027e-06,0.00011030161671013569,6.036350524103842e-08,2.2214768076655558e-08
25,8.07047878852636e-06,1.587688282252005e-05,2.698572054714023e-05,6.952238344232282e-06,0.0001425538555861608,0.003446167846066258,0.000458575264825876,1.0713837227876399e-08,3.985505292243346e-07,3.236869791531235e-09,0.9902237400396746,8.257008213545071e-05,2.855597849409425e-06,0.005370707082687242,6.787109856559905e-06,1.0695550312424322e-07,2.2955003987595665e-09,0.00013220421623191608,9.274053900251814e-07,4.3886233187462265e-07,9.975467751750744e-07,1.1349284103500563e-06,7.18795881755329e-05,4.2513101126464296e-08,1.0988160091000302e-08
26,2.315604679304227e-05,4.1309291000976476e-05,7.125374680443245e-05,9.476816908286519e-06,0.00027087061162602325,0.0073071106213121175,0.0006727763044455465,1.7732109193547592e-08,9.545223775766936e-07,9.50641586042476e-09,0.9854049634069536,0.00010579889120376495,4.8863750741251325e-06,0.005553114871012561,1.6280480635809984e-05,2.0792336693820808e-07,7.89492672441932e-09,0.00038848407347925944,9.236303487488087e-07,6.423458172704805e-07,1.8886294271397339e-06,2.765913198291573e-06,0.00012284366286316684,2.2318209619082824e-07,3.351980312578019e-08
27,1.157825740919384e-05,4.042546621089814e-05,4.116159398582584e-05,6.150818376464543e-06,0.00029392716018842327,0.01819375645868159,0.0005624662228522254,1.2381874379428946e-08,2.068294597847062e-06,1.2645418562525669e-08,0.972459264949302,6.673781810054095e-05,2.5961499632118426e-06,0.00799563133247446,4.066697516177175e-05,3.9130321416311973e-07,2.8141422828397774e-09,0.00015276837204704368,2.1009776338711865e-06,5.535320478857017e-07,1.9619843695311133e-06,4.023265946615469e-06,0.0001216434285559437,6.051376164555724e-08,3.728368334917474e-08
28,9.44482342335321e-06,3.394265851209859e-05,4.015419211074418e-05,7.750033220558222e-06,0.0003353812007348153,0.013408319326143073,0.0005026585561935267,8.565889194104492e-09,9.339106213915247e-07,8.967834151115948e-09,0.9744804563360826,7.908060040609093e-05,3.1132613859695515e-06,0.0107916866845296,1.9846388734823244e-05,2.689743317662258e-07,2.3671650788056672e-09,0.00016271644859149672,1.421767321938955e-06,4.4195217780213064e-07,1.8003203287206395e-06,2.3041088783927695e-06,0.00011818373981973576,5.072197947400757e-08,2.409358349957265e-08
29,9.44482342335321e-06,3.394265851209859e-05,4.015419211074418e-05,7.750033220558222e-06,0.0003353812007348153,0.013408319326143073,0.0005026585561935267,8.565889194104492e-09,9.339106213915247e-07,8.967834151115948e-09,0.9744804563360826,7.908060040609093e-05,3.1132613859695515e-06,0.0107916866845296,1.9846388734823244e-05,2.689743317662258e-07,2.3671650788056672e-09,0.00016271644859149672,1.421767321938955e-06,4.4195217780213064e-07,1.8003203287206395e-06,2.3041088783927695e-06,0.00011818373981973576,5.072197947400757e-08,2.409358349957265e-08
30,9.44482342335321e-06,3.394265851209859e-05,4.015419211074418e-05,7.750033220558222e-06,0.0003353812007348153,0.013408319326143073,0.0005026585561935267,8.565889194104492e-09,9.339106213915247e-07,8.967834151115948e-09,0.9744804563360826,7.908060040609093e-05,3.1132613859695515e-06,0.0107916866845296,1.9846388734823244e-05,2.689743317662258e-07,2.3671650788056672e-09,0.00016271644859149672,1.421767321938955e-06,4.4195217780213064e-07,1.8003203287206395e-06,2.3041088783927695e-06,0.00011818373981973576,5.072197947400757e-08,2.409358349957265e-08
31,1.7325580951323304e-05,7.686283647287829e-05,0.00010824023107535997,2.0310157705800693e-05,0.0006708744879468642,0.011303944332787641,0.0007962199186529789,2.2615948564079853e-08,1.2726587119177555e-06,2.0006132827583945e-08,0.9656742710137757,0.0001534601655118755,1.017841264490532e-05,0.02060122107482309,1.4178771503013085e-05,3.1912049677308693e-07,5.0695331252478735e-09,0.00039713119918341873,1.8244975716407883e-06,1.019788841578794e-06,2.443512776100705e-06,3.4752142059963127e-06,0.00014517380699207965,1.6130107669696058e-07,4.4224677948794937e-08
32,9.609434981625013e-06,3.49353996951313e-05,3.954776775162706e-05,7.236447782516623e-06,0.00034045959554071634,0.014100751728700319,0.000511236382456507,9.196182368151927e-09,1.0841623751202754e-06,9.582954393577734e-09,0.9737840020196844,7.751333364214942e-05,2.9310317682164703e-06,0.010792180997439485,2.3319712894963495e-05,3.01514704356759e-07,2.447497262708914e-09,0.0001510964608758862,1.7532149927306667e-06,4.396094639875041e-07,1.94641047600658e-06,2.6269178413390982e-06,0.00011693309793526927,4.850340030719302e-08,2.502896339478677e-08
33,1.1660987320236976e-05,5.53395659493532e-05,4.6771243569515214e-05,1.1277100756383648e-05,0.0005209503020744653,0.014457696773039689,0.0005545852156318522,1.2804542334039123e-08,7.63896964449547e-07,1.2705302833108878e-08,0.9660765816897351,0.00012514645195943496,5.33194611768758e-06,0.01768078927012948,2.0634185430341383e-05,3.2547872377000075e-07,4.5198889261737336e-09,0.00025125071465737745,1.8608917096168203e-06,6.793072555062931e-07,2.3640374705251726e-06,4.818842758979081e-06,0.00017105230475455478,6.575699953590816e-08,2.400725802628603e-08
34,9.759561695112408e-06,3.4263953673411346e-05,4.154081406740316e-05,7.3058022211584645e-06,0.000324792347753281,0.013603683970256039,0.0005209037072631036,8.62651253208276e-09,1.0929873863290055e-06,9.008135054701583e-09,0.9747091778786267,7.517220822311001e-05,3.1156724443665354e-06,0.01038124077663287,2.1315065230161145e-05,2.719454346401009e-07,2.2559007945222064e-09,0.0001516903487529892,1.5253418482715043e-06,4.3757341758121344e-07,1.7282758211340174e-06,2.2753162439548833e-06,0.0001086111975804697,5.053673643231586e-08,2.482814314927661e-08
35,4.0540399505511594e-05,5.9432043987960114e-05,4.18917348100696e-05,1.0205506113947313e-05,0.00016283271093858875,0.007149258065994663,0.0007176533699079563,3.7402458137452655e-08,2.3517384838509253e-06,1.8836333047535904e-08,0.9864730592827552,0.00012275512735840076,3.907482272308218e-06,0.004387014035474778,1.521168666707408e-05,1.9525808515614447e-07,8.288448899214104e-09,0.0007297603304988717,3.0758912859605397e-06,6.914090162309493e-07,2.710993931940545e-06,5.433629660273332e-06,7.170418939424337e-05,1.6632578595015266e-07,8.426083108985852e-08
36,1.3349011345441126e-05,4.3845080467566114e-05,6.411342832872064e-05,9.983510778228121e-06,0.0004859863097893711,0.01316749237392299,0.000585943963405583,1.2824646879011631e-08,1.3077601239851394e-06,1.1702974414700028e-08,0.9687569412310696,0.00014195410620451956,4.635762832178571e-06,0.01638211195539471,2.576770829134662e-05,3.4374163285194714e-07,3.97753359251112e-09,0.00017596724230691682,2.186221657692472e-06,5.615224149897161e-07,2.3450242617698693e-06,3.7167258101486773e-06,0.00013131714212876505,6.549223415109938e-08,3.618044405653441e-08
37,1.0930907841815338e-05,3.42633629837052e-05,4.290627065114072e-05,7.895559598266034e-06,0.0003289746189559856,0.01263316276391042,0.0005322845020251957,8.575783525863525e-09,8.722685637320627e-07,8.443246456707629e-09,0.9746159901719949,8.622776425751632e-05,3.2480346431116615e-06,0.011386674639633622,1.869658905399452e-05,2.684316429120004e-07,2.4985871139294507e-09,0.00017285910782976045,1.406993250823341e-06,4.464315249168161e-07,1.7746215703715426e-06,2.2865565298235757e-06,0.0001187323611831513,5.363068884757101e-08,2.4894049055562946e-08
38,8.928819899237186e-06,4.566379250417289e-05,5.260931216716752e-05,1.1209108335558385e-05,0.0004634911783810504,0.011812267382948279,0.0004721841888872798,1.11968364628352e-08,1.1231747765735187e-06,1.122738338335424e-08,0.9735164697900909,8.938123241344032e-05,4.387322685731092e-06,0.01319621582512463,1.804187652782704e-05,2.1672501220846452e-07,2.9291087668019706e-09,0.00018893981683102283,1.5191907843589036e-06,5.029573500483276e-07,1.9369883234798335e-06,2.5329173687698973e-06,0.00011225846368628827,6.469173961055227e-08,2.989083382093268e-08
39,9.00868887015084e-06,1.340338880758336e-05,2.7750009687954517e-05,7.145571741560188e-06,0.00036492246341012386,0.019225610823762947,0.00035324767448438306,1.0182510329072907e-08,6.34125050658293e-07,9.333426504836133e-09,0.9700212748075905,0.00012229766200357254,1.5750200885116475e-06,0.009481237282793965,1.514505843488069e-05,5.79468243117461e-07,2.079059925740673e-09,0.00017389961276808585,1.7961756786009368e-06,4.3041462003133744e-07,3.050860923546436e-06,2.127658548996874e-06,0.00017478956818387892,3.157108599552271e-08,2.049822384445793e-08
40,9.778264115163752e-06,3.424663708710771e-05,4.068401263346456e-05,7.613886117507872e-06,0.00033760175197199767,0.013448187511450776,0.000501815994338873,8.495618100976104e-09,9.392488614964278e-07,8.78872739270893e-09,0.9741037938177873,8.137437781649365e-05,3.0825889131210735e-06,0.011125024270652144,2.0287263443589837e-05,2.704624991687236e-07,2.4014092414373353e-09,0.0001616001512914144,1.4621649754452347e-06,4.354723478478098e-07,1.813735315200877e-06,2.3779900539383594e-06,0.00011751641277862609,4.977914400609629e-08,2.4520650308165332e-08
41,6.607508664355979e-06,0.00010704237691572263,0.00020090792555664988,1.2559037817540708e-05,0.0022594966154493076,0.05555133455320321,0.0005770644339113142,1.125676920506958e-08,1.653384902520951e-05,4.3301856126831054e-08,0.9098885596576428,4.130128019767942e-05,6.764161426431698e-06,0.031079764225595077,0.00010558856143821717,6.146542817180518e-07,1.15060282519302e-09,5.691213485786283e-05,4.029523276132832e-06,4.410616477284848e-07,2.4351638884295904e-06,2.5033221818447287e-06,7.932506642688526e-05,8.39913257047486e-08,7.518604203606075e-08
42,1.1379642228408855e-05,3.1075229442716064e-05,2.240182295281363e-05,3.9718552651357504e-06,0.00024404326547766513,0.012803407526636446,0.0005069468779862334,1.915780514493221e-08,1.1168526402549107e-06,1.1335762753838478e-08,0.9795693682028817,8.180592235976672e-05,1.194000964005553e-06,0.006358113756809052,5.581835476200969e-05,6.50154318137387e-07,5.12179686213369e-09,0.00012030485611315574,4.17120392745129e-06,4.808848333604736e-07,3.6057114354954958e-06,9.304826645404187e-06,0.00017073707678568294,4.389408901855876e-08,2.2466081168411958e-08
43,5.148243878744308e-06,3.68389865283164e-05,1.5948073013487275e-05,7.650193261186634e-06,0.000592782784084684,0.04031592745637284,0.0003287311367048482,1.4998437359890135e-08,1.2009658489795843e-06,3.8786408228188696e-08,0.9508916249095032,5.067341122451469e-05,1.3505501355580957e-06,0.007244180861324835,4.268866824509664e-05,7.799957679741758e-07,3.1838547550032394e-09,0.00022044381450998885,2.812774062940535e-06,3.5976864278669243e-07,6.584273533271249e-06,5.631702226419819e-06,0.0002285117694682606,4.877442864442879e-08,2.3918533074484855e-08
44,9.44482342335321e-06,3.394265851209859e-05,4.015419211074418e-05,7.750033220558222e-06,0.0003353812007348153,0.013408319326143073,0.0005026585561935267,8.565889194104492e-09,9.339106213915247e-07,8.967834151115948e-09,0.9744804563360826,7.908060040609093e-05,3.1132613859695515e-06,0.0107916866845296,1.9846388734823244e-05,2.689743317662258e-07,2.3671650788056672e-09,0.00016271644859149672,1.421767321938955e-06,4.4195217780213064e-07,1.8003203287206395e-06,2.3041088783927695e-06,0.00011818373981973576,5.072197947400757e-08,2.409358349957265e-08
45,9.274263468653088e-06,3.175301606919984e-05,6.135187929895197e-05,6.391037629767686e-06,0.0003140869349068963,0.01220876622054219,0.0008904816512968915,1.2360026917957346e-08,1.8754202523922047e-06,9.045306947307345e-09,0.9769555986976398,7.193337215376534e-05,5.160309300436221e-06,0.0092160180337571,3.057337351516611e-05,3.6112689694039326e-07,2.0818273143243785e-09,8.792133359230213e-05,1.7720881926018126e-06,7.503886095778407e-07,1.1249943889678478e-06,2.5695281855849086e-06,0.0001021285285971669,6.668183339202328e-08,1.763271136228091e-08
46,2.908645985176899e-05,4.4212865196703496e-05,6.0961205793394906e-05,1.3025560758202186e-05,0.00035434334160012033,0.004237250889783955,0.00042397658390741993,3.536869071253659e-08,5.618857036289913e-07,9.088325960018418e-09,0.987071525170986,0.00029702238627923834,4.843653051552047e-06,0.006790668296862946,2.1618862150119083e-05,2.1457791551323551e-07,3.5564008060582684e-08,0.0004396600558578871,1.4946965310749712e-06,7.31865797208018e-07,4.08677476370608e-06,7.582957499274238e-06,0.00019678430347352447,2.2443745112173296e-07,4.3147761136405667e-08
47,5.230277358178863e-05,3.768452986701273e-05,4.220648532971275e-05,5.065576367123086e-06,0.00016325617252082613,0.010977849835856314,0.0007932388841936977,1.4596774465673843e-08,5.785399223874111e-07,9.27890112366024e-09,0.9793699000043319,0.0002869616441637101,2.6157228950291718e-06,0.007639397823591921,2.6310337628030508e-05,6.534794522647109e-07,9.65838801795491e-09,0.0004145051374136176,2.0050104225158657e-06,7.669274789759705e-07,3.2060057267890282e-06,8.750741825288744e-06,0.0001725737491484275,9.397826253394544e-08,4.310595624614228e-08
48,1.2890449157508399e-05,5.487273841112159e-05,3.873884762382939e-05,9.247880544542756e-06,0.0003748571229492,0.011805964620672604,0.0006781590506676848,1.642295607218546e-08,1.0311613348123631e-06,1.4000013978052494e-08,0.9744830483611405,9.422724972803056e-05,3.9572939011173674e-06,0.012039907124042955,2.9315056054373115e-05,3.4939728217978743e-07,5.044019942158563e-09,0.00020384886171199724,2.5645245200990065e-06,5.70107696388052e-07,2.698015743984803e-06,4.888598743949214e-06,0.00015872368591733963,7.589016987618565e-08,2.8494995850051375e-08
49,8.665753542537671e-06,2.7941670639360362e-05,4.384592630713305e-05,7.412359385030541e-06,0.0004217867022705939,0.017788280831566517,0.00039460218567828826,7.880395879860864e-09,8.281790103523303e-07,8.512527728389154e-09,0.9677428595553831,0.00012118309011762199,3.413753127940852e-06,0.013110649726379969,1.713715608433739e-05,3.0603853613556904e-07,2.365435771765724e-09,0.0001790370024963313,1.3326080327540716e-06,5.325959527168221e-07,1.7631322935550053e-06,2.909812802542492e-06,0.00012543533274156116,3.788862095207602e-08,1.9940671325393557e-08
50,9.77918880311647e-06,3.582297278505817e-05,4.129738866135821e-05,7.991126309182218e-06,0.000344402360103004,0.014025771472450342,0.000545036928757276,8.966285555080022e-09,1.0037325562877747e-06,9.814194266121255e-09,0.9731668296092455,7.881210536311736e-05,3.2855775245969614e-06,0.011429165621136956,2.0545618982462556e-05,2.9138651421086623e-07,2.3429432708349185e-09,0.00016347894815738406,1.5522339065096084e-06,4.626805948419242e-07,1.8268249325412183e-06,2.418224576660352e-06,0.00012012819426313067,5.173932906124522e-08,2.494162429507118e-08
51,7.948702099337786e-06,5.189960010401983e-05,2.7663473987617136e-05,1.5983895072405217e-05,0.00034052035832070836,0.008922775948364124,0.0005390100331025444,1.2955975684826238e-08,5.900112445852333e-07,1.3613804277823247e-08,0.9741804974739421,8.357466653943462e-05,4.955943690533477e-06,0.015356010703385457,8.375639710763472e-06,1.4691398532014482e-07,2.3155585158823444e-09,0.0003341654352534542,1.5260537133706119e-06,5.004270240122437e-07,2.1042308870130803e-06,2.6295461807781626e-06,0.00011902122523093369,4.928029488027102e-08,2.1552528268838867e-08
52,1.55794243795552e-05,7.417078503824379e-05,0.00013925756287794597,1.3984221822721706e-05,0.0010214232958894503,0.002800415909483868,0.0005935326207003919,2.9121339427604032e-08,1.4559318409164077e-06,8.836729702678048e-09,0.9648808629080756,0.00024901036174897423,3.7623374827642518e-06,0.029979343396364332,4.672708730355921e-05,2.1715399498787064e-07,9.916378887037427e-09,6.006599268860698e-05,6.393367664355951e-06,2.544631916527778e-07,4.550173592946033e-06,4.684389902915109e-06,0.00010408007400719926,1.0502478057897537e-07,7.564272038120305e-08
53,8.334633178225898e-06,1.7594510473400954e-05,1.8995932220859026e-05,3.698322896120721e-06,5.6385939233974005e-05,0.00942972988900166,0.0010241923022532382,4.7928649749303744e-09,7.31114028752824e-07,4.217240713762176e-09,0.9859153332009066,2.3961929852628204e-05,1.7639580173028018e-06,0.0032374149632934364,2.188293088402e-05,2.9463540067608903e-07,1.0956836814264996e-09,9.705275842563113e-05,6.628723022251568e-07,5.567439794628859e-07,7.025589111573644e-07,1.0570307860447046e-06,0.00013958237491718448,4.553795672228864e-08,1.5755291292832132e-08
54,2.4486755199214564e-05,9.02313916639645e-05,7.138743533248489e-05,1.1888066231570157e-05,0.00035751087510457123,0.027569256466794458,0.0017051284471992592,9.875084621884133e-09,2.0767820176192464e-06,2.7012726046782262e-08,0.9394986823448644,0.00011412266099265779,6.0463218780236695e-06,0.030079453690488207,4.8543776776113794e-05,1.10941270402141e-06,2.3003911639754866e-09,0.000189214359853533,3.149226926462949e-06,8.90114082639986e-07,2.700486934938128e-06,4.421934776735781e-06,0.00021949709262751794,7.528061365064315e-08,8.788873607282769e-08
55,1.4937872853187485e-05,3.263565890257865e-05,6.89077569596246e-05,9.813604706402477e-06,0.00022414393908625648,0.006562624831639101,0.0005477378521379875,1.1133699414374769e-08,1.4262980911397572e-06,7.851329321552005e-09,0.9860074297046958,0.00012474966255209666,6.903698334120685e-06,0.0060935388859804035,8.276091218761853e-06,1.1899237000368935e-07,2.522782532816747e-09,0.0002495763769338636,9.511264262383949e-07,6.271033536326728e-07,9.756223113546717e-07,1.2242481470992012e-06,4.3257105421591415e-05,9.030172381867786e-08,3.17583434941927e-08
56,9.612254741363819e-06,3.7951207304491115e-05,4.619273737417743e-05,8.627789956089905e-06,0.0003644092305949385,0.013272680026247586,0.0005318514520898907,9.487266634166842e-09,1.0647682706266433e-06,9.866201544593204e-09,0.9737700797869219,8.314086618893584e-05,4.001220991174339e-06,0.011565155092346565,1.9853875046045685e-05,2.6997610422404386e-07,2.578133487279287e-09,0.00016487082998301852,1.495987057650827e-06,5.164206598783507e-07,1.7487836326864925e-06,2.34925301017102e-06,0.00011402569549914868,5.619291631820013e-08,2.4621461436016216e-08
57,1.1084602320106552e-05,5.399800750704102e-05,0.0001040348862145919,1.1983699161036946e-05,0.0009741431186468168,0.017212886929153105,0.0004157970156450336,2.0518748454007475e-08,2.1678517486464343e-06,2.2584072660625208e-08,0.958890062135118,0.00028536061965097535,7.259619707196838e-06,0.02167910177860594,2.6550950658086548e-05,4.80571299646526e-07,6.459078439213484e-09,0.00020349579981790707,3.6652987638128494e-06,8.593633042279109e-07,3.648013441286731e-06,7.223412525779285e-06,0.00010604366093549332,6.445433356709478e-08,3.8649542327157236e-08
58,1.0834389095007887e-05,3.8859480484159663e-05,4.6438182719018015e-05,8.51689719926568e-06,0.0003600939966436182,0.011996627115095068,0.0005480925682713177,1.0970458417169529e-08,9.704700285354688e-07,1.0266007126457947e-08,0.9763144038855842,8.592027319051316e-05,3.5293891959753613e-06,0.010238758071005468,2.1656386468037213e-05,2.760239150549852e-07,3.392873325093368e-09,0.00018834696244566547,1.4528052993914668e-06,4.829078489091939e-07,2.08322330817116e-06,2.681004463740949e-06,0.0001298517353590735,7.283916579663812e-08,2.6763875358604028e-08
59,1.1884935246330252e-05,3.604057839004236e-05,5.5317212020260465e-05,8.32621645915437e-06,0.00034875842858180086,0.01131767291903646,0.0005770714657063518,1.1127379286725867e-08,9.671642870916314e-07,9.648823534724414e-09,0.9777090156372855,8.940273613694053e-05,3.6495737820316533e-06,0.009488782219939549,2.0496066711493807e-05,2.8598658245437285e-07,3.510725289535159e-09,0.00019946757144734736,1.2606923703153028e-06,5.154764783800946e-07,1.9788884269796368e-06,2.407292814068916e-06,0.00012655949285221967,8.787898226579893e-08,2.7279534823023567e-08
60,9.44482342335321e-06,3.394265851209859e-05,4.015419211074418e-05,7.750033220558222e-06,0.0003353812007348153,0.013408319326143073,0.0005026585561935267,8.565889194104492e-09,9.339106213915247e-07,8.967834151115948e-09,0.9744804563360826,7.908060040609093e-05,3.1132613859695515e-06,0.0107916866845296,1.9846388734823244e-05,2.689743317662258e-07,2.3671650788056672e-09,0.00016271644859149672,1.421767321938955e-06,4.4195217780213064e-07,1.8003203287206395e-06,2.3041088783927695e-06,0.00011818373981973576,5.072197947400757e-08,2.409358349957265e-08
61,1.0377369855667588e-05,3.555623877962665e-05,5.473824469253948e-05,7.72464548163825e-06,0.00035192062367889795,0.011078588064829129,0.0005066989095686815,9.901460582363312e-09,9.94633790269168e-07,8.755939983636677e-09,0.9778313952211285,8.953288598562881e-05,3.5171765680790863e-06,0.009722071443375587,1.968863429210239e-05,2.5395099513950297e-07,3.0821824382739064e-09,0.00017329235618555484,1.2779327426738887e-06,4.883966026477336e-07,1.8266016831517469e-06,2.336804130730276e-06,0.00010760123120079632,7.12043384902532e-08,2.569051140196014e-08
62,9.44482342335321e-06,3.394265851209859e-05,4.015419211074418e-05,7.750033220558222e-06,0.0003353812007348153,0.013408319326143073,0.0005026585561935267,8.565889194104492e-09,9.339106213915247e-07,8.967834151115948e-09,0.9744804563360826,7.908060040609093e-05,3.1132613859695515e-06,0.0107916866845296,1.9846388734823244e-05,2.689743317662258e-07,2.3671650788056672e-09,0.00016271644859149672,1.421767321938955e-06,4.4195217780213064e-07,1.8003203287206395e-06,2.3041088783927695e-06,0.00011818373981973576,5.072197947400757e-08,2.409358349957265e-08
63,9.82176543148016e-06,4.038197722348724e-05,4.015134101035967e-05,7.724662957573945e-06,0.00031032981341367694,0.012716459722349803,0.0005248749461615888,8.929506674853656e-09,1.0165375466235884e-06,9.488344539786267e-09,0.9758428864174539,7.262859973678116e-05,3.2853126609402467e-06,0.0101202096560903,2.1581615806420866e-05,2.573719474337031e-07,2.564543275327564e-09,0.0001678304633209293,1.45809615361249e-06,4.69262097541328e-07,1.8165438251019276e-06,2.471990324362525e-06,0.00011424055830604082,5.617093464752562e-08,2.6192852840315686e-08
64,8.711328114867938e-06,3.2398580555346964e-05,3.135605748930005e-05,7.422131617824076e-06,0.0003472244994764513,0.012887160737493733,0.00041873877312471837,9.113655493166152e-09,7.819785253740293e-07,9.880332048982835e-09,0.9763784206451156,7.748234068293923e-05,2.2080361967410656e-06,0.009480152831065453,2.1493320405504285e-05,2.836648613638966e-07,2.713828368543764e-09,0.0001700954001191182,1.5845304114651324e-06,3.386635134931262e-07,2.7329689384605777e-06,2.419873316524819e-06,0.00012889720698390706,5.009740276268624e-08,2.4626773334005377e-08
65,1.180110250797164e-05,4.609087614700432e-05,4.738670902914797e-05,7.217342750269443e-06,0.0002400225959940963,0.00800690759155174,0.0007075673676254363,1.2477692947533764e-08,1.5011069171300142e-06,8.493306228301365e-09,0.9832770107619085,5.6962487875704125e-05,3.78794021075629e-06,0.007343785307195011,2.5940192758965022e-05,2.0141731134022569e-07,2.99372248693887e-09,0.0001288261994853789,1.5985498731643542e-06,4.958003414022306e-07,1.3588833996613214e-06,2.3714453470441826e-06,8.90319895181098e-05,8.280859917813825e-08,2.755893133470219e-08
66,1.1673184921207655e-05,3.687409029505815e-05,1.8896933516103726e-05,5.608677861439606e-06,0.00019167034535298288,0.004297113678860552,0.00024807750455115333,7.477867190577094e-09,2.5505135974683483e-07,3.039389031866266e-09,0.9902360519035588,5.641887426254422e-05,7.558827367094802e-07,0.00440651468382094,3.2728044018738404e-05,7.169019472809004e-08,7.878422174806848e-09,0.00023890776784622032,4.939384524668156e-07,1.2052188250129236e-07,3.2245919532735967e-06,2.913671030546112e-06,0.0002114698424458565,1.068187768363051e-07,3.390662350576139e-08
67,1.1329616632862762e-05,5.3721770499829815e-05,3.7545151047511115e-05,7.381573383726138e-06,0.0003245408615796712,0.00899099999103142,0.0005026810861962943,1.4730077939666821e-08,1.6433575859339362e-06,1.283563651907144e-08,0.9827304408229097,6.104889987527915e-05,3.01913524792234e-06,0.006999723405173214,2.177943370905849e-05,1.7048636047267836e-07,3.2157017177187986e-09,0.0001803116819562071,2.230781319594131e-06,3.301116836451105e-07,2.168409407357411e-06,3.0026302133377778e-06,6.57967133335868e-05,7.565571494987946e-08,2.764372240612176e-08
68,9.665629101277316e-06,1.2366801747300279e-05,6.4159925214709905e-06,4.23071057070213e-06,5.080390027963639e-05,0.011079837575408478,0.00023098952858562925,3.969555127940103e-09,1.3394313793773884e-07,3.570162449516588e-09,0.9860961518960636,6.542356672498816e-05,8.766351099772422e-07,0.0015795191663919444,7.363124494684947e-06,1.5185665411330174e-07,2.990815176451636e-09,0.0006196331177827568,2.3814479302404754e-07,4.322976382795121e-07,1.7627091974135328e-06,1.7459226706626143e-06,0.0002321907959786366,4.065308464325342e-08,1.5501530247312747e-08
69,9.024924818067964e-06,3.2977777019560415e-05,3.571745164699602e-05,7.097077973405172e-06,0.00035594831616782204,0.014209734060046783,0.00045872164739564825,7.633376337155208e-09,8.824618432358881e-07,8.18514332933984e-09,0.9726685879758282,7.969489139638273e-05,2.7068209730330637e-06,0.011843423450305401,2.1177695194590267e-05,2.5451517444366564e-07,2.2106750005668058e-09,0.00014819463066277858,1.5090512399695539e-06,3.624768572506778e-07,1.8818683446758026e-06,2.480020118339239e-06,0.0001195413371772518,4.132917314626054e-08,2.2191448469917157e-08
70,1.4135305152479556e-05,3.6603320080751795e-05,9.377211257679345e-05,1.5328590232533553e-05,0.0007255596121189681,0.021952010383728553,0.0006755194068845362,7.543973480682214e-09,1.0692851344537678e-06,1.2080669267383744e-08,0.9379645166633661,0.00018934933051569755,7.367126584187314e-06,0.03795525018620475,1.5236674530370845e-05,4.843583960480323e-07,2.0611602432617185e-09,0.00018875466688459883,1.6280758657965116e-06,6.664625858980439e-07,1.930767171238026e-06,2.2014799584868745e-06,0.00015850981761526952,4.762495248724669e-08,3.706365671377146e-08
71,6.89817986375433e-06,6.413607123500982e-05,5.569630500410243e-05,9.92739693997592e-06,0.0009336881003668549,0.029181560709968517,0.000348170922249266,8.454095207773686e-09,2.118982295648709e-06,2.0948119185891305e-08,0.9496094179506549,7.991748281822185e-05,3.4503424410271422e-06,0.019399759196697695,3.536342620366687e-05,3.032584719192478e-07,2.239054712948129e-09,0.00015085389921207305,2.228154190107518e-06,3.210248970787842e-07,3.0182241281220774e-06,3.4766341782377837e-06,0.0001095749558620907,4.67502696482662e-08,4.039078312188492e-08
