,0,1,2,3,4,5,6,7,8,9,10,11,12,13,14,15,16,17,18,19,20,21,22,23,24
0,3.1446408975343223e-06,5.272469967284591e-06,2.870288770403437e-07,0.0006926339612565997,0.00029335283528738324,0.0026961785984767335,5.396933817944305e-07,2.484142984097132e-07,9.913081407950288e-07,1.4528712194233491e-05,0.0013457649904311689,3.9379286907443293e-07,7.836136300428057e-07,0.9776634093831362,4.432986958625702e-08,1.7479549575346953e-06,0.002754022598869948,0.0029238908950626505,5.805825948173587e-08,0.00026202340879286773,5.418960865703678e-06,9.295325043511951e-07,0.009420185232422554,1.6048136898492874e-05,0.001898101448652587
1,6.696615685139051e-06,1.012074082035401e-05,5.86935228782423e-07,0.0008349002043896577,0.0005719511810973586,0.006991669250571595,7.996256008884183e-07,5.168759541754735e-07,3.4782346250154598e-06,2.47827511359613e-05,0.001986361589065405,6.154927901192684e-07,2.0381414897522462e-06,0.9687658485777111,1.2826606121405417e-07,6.700859834729013e-06,0.00433955976003639,0.004970608177875574,2.1075980699215375e-07,0.0005554173486188596,1.0365040451477207e-05,1.7225909417885488e-06,0.008532338997575587,3.785000524138268e-05,0.0023447319773907374
2,3.3428546427569665e-06,5.19400418765858e-06,5.577726438377039e-07,0.0019761606208890765,0.00013035475732541696,0.007967211720316695,3.8421794828422916e-07,3.442562407171107e-07,1.4956337275677041e-06,1.927675080507849e-05,0.0029874825584149094,5.680155892885835e-07,1.201375258858119e-06,0.9587464923041319,2.4110893811385935e-08,2.533219451525845e-06,0.004809239607670554,0.004818339889271195,1.714971451349292e-07,0.00022844925884281836,1.4131235012324265e-05,1.9832709258474764e-06,0.0172082242237213,7.660738734819316e-05,0.0010002294575953696
3,3.7366423085392988e-06,6.42008371460703e-06,3.174467077694935e-07,0.000670094700682827,0.0004288733720663944,0.0038321903201374054,5.843126849854549e-07,3.304447356594008e-07,1.6309923201848387e-06,1.4307898095183124e-05,0.0018134726954921977,4.5681374083913705e-07,1.194044862489077e-06,0.9746094975570238,7.534725370770825e-08,2.8620857354850366e-06,0.003831598084717818,0.0033219523848306643,1.0070319464480709e-07,0.0003593884469942028,7.132889027783674e-06,1.305605976363966e-06,0.00910073511281709,2.2045048871698843e-05,0.0019696969660080222
4,3.7671345881807776e-06,6.1452831547302414e-06,3.050282922248206e-07,0.0006432431847703832,0.00041807682021249506,0.003474272791150727,5.897701249961976e-07,3.2254458577053024e-07,1.6546385279861506e-06,1.2877547697862017e-05,0.0017397715181943915,5.372937159878307e-07,1.4798967120177616e-06,0.9754843349737251,7.242548125520101e-08,2.747158117321978e-06,0.004079771050338421,0.0032204230397775402,1.0282878940920073e-07,0.00035168798149437503,7.475128869751239e-06,1.367984264070337e-06,0.008537935981655705,2.1667267851840623e-05,0.001989370727907642
5,3.8059541499986447e-06,5.673473234436541e-06,3.046866644819774e-07,0.0007983579007377706,0.0003323723323225278,0.00351103949308606,5.211303939370789e-07,2.9348025401630287e-07,1.4465273473559919e-06,1.555489342206702e-05,0.001567307896791398,4.625449155294888e-07,1.1657565352173553e-06,0.9743486250337278,5.817775781048033e-08,2.5714408519350406e-06,0.003969741476658101,0.004208844651102517,8.19180516383018e-08,0.00035152323620074073,7.388353493402209e-06,1.3160327384604758e-06,0.008857706474102583,2.2406136697198508e-05,0.001991430998763162
6,3.7366423085392988e-06,6.42008371460703e-06,3.174467077694935e-07,0.000670094700682827,0.0004288733720663944,0.0038321903201374054,5.843126849854549e-07,3.304447356594008e-07,1.6309923201848387e-06,1.4307898095183124e-05,0.0018134726954921977,4.5681374083913705e-07,1.194044862489077e-06,0.9746094975570238,7.534725370770825e-08,2.8620857354850366e-06,0.003831598084717818,0.0033219523848306643,1.0070319464480709e-07,0.0003593884469942028,7.132889027783674e-06,1.305605976363966e-06,0.00910073511281709,2.2045048871698843e-05,0.0019696969660080222
7,1.6410406597281557e-06,5.021496640578533e-06,1.505753452162946e-07,0.0006443555298841076,0.0003609227112034312,0.0029764842544503047,4.026354426228747e-07,2.3069755710989376e-07,1.37178347576323e-06,1.0541381665870125e-05,0.0014281746355815188,3.441424913462713e-07,7.551554370836933e-07,0.9785751380307485,8.537273205331891e-08,2.767035200280332e-06,0.0037918028071056223,0.002546866532492073,5.6496151938491406e-08,0.0003262822400259725,7.394489607234619e-06,1.5165200460134393e-06,0.007528339273650765,1.2317888322129364e-05,0.0017770372740827387
8,4.394259242982672e-06,6.2078195948351514e-06,3.1907258524657396e-07,0.0006107027996402781,0.0005699234378020488,0.00510221419407683,6.161117894532479e-07,3.841069490550866e-07,2.7187416795837578e-06,1.2998918297824651e-05,0.0023350317620180693,5.557355910823479e-07,1.8570651993780522e-06,0.9694376643342908,1.4754033501031287e-07,4.4517320043872284e-06,0.006329712930297518,0.005170886426387937,1.4673963216549046e-07,0.000423952303527053,1.0729949613045524e-05,2.3836779341395257e-06,0.007405848360128086,2.5730402915377724e-05,0.0025404215784677483
9,5.4552441456333395e-06,5.761526233795748e-06,2.7830887542842895e-07,0.00040486943042732814,0.000675324259512774,0.004140661965144329,6.289563111391231e-07,4.300217432046562e-07,2.237485762259043e-06,9.492456453130262e-06,0.0026310028791195505,4.783159287762164e-07,1.6252878579847946e-06,0.972505557898921,1.353133815672991e-07,3.381303935971405e-06,0.006005370795909335,0.0046842944581888075,1.6017873564352504e-07,0.00032508447217556217,6.795831742452239e-06,1.961614602707178e-06,0.006263215424620951,2.112105568611111e-05,0.002304675514584582
10,3.7366423085392988e-06,6.42008371460703e-06,3.174467077694935e-07,0.000670094700682827,0.0004288733720663944,0.0038321903201374054,5.843126849854549e-07,3.304447356594008e-07,1.6309923201848387e-06,1.4307898095183124e-05,0.0018134726954921977,4.5681374083913705e-07,1.194044862489077e-06,0.9746094975570238,7.534725370770825e-08,2.8620857354850366e-06,0.003831598084717818,0.0033219523848306643,1.0070319464480709e-07,0.0003593884469942028,7.132889027783674e-06,1.305605976363966e-06,0.00910073511281709,2.2045048871698843e-05,0.0019696969660080222
11,3.923950807625497e-06,6.4468165768748375e-06,3.3286903542751456e-07,0.0006797221463690273,0.0004489910484584156,0.003790366374714185,6.211181048593692e-07,3.4667012662226185e-07,1.6987174341321071e-06,1.4431447788499903e-05,0.0018386379819505417,5.181566602543441e-07,1.4657890253525151e-06,0.9739525454781045,7.615750948555185e-08,3.0047701864122506e-06,0.004121526343581099,0.0033459142191428256,1.0759704156011264e-07,0.0003880460601727913,7.63002702473883e-06,1.361028065319352e-06,0.009352243853747243,2.371540974425791e-05,0.0020163259686279346
12,8.786787858402715e-07,1.720008178649108e-06,1.4412650306497461e-08,0.00010421727603035033,0.00016653621359286302,0.0005468686122747363,6.54870633230831e-08,1.5140558841556182e-08,1.3686066555447936e-07,4.059101609330237e-06,8.215443134428478e-05,3.649813604413862e-08,2.2930673991397614e-07,0.9907256150598569,4.473569341909156e-09,1.6429021729339206e-07,0.0031165886922961744,0.0015702612324250244,3.4320668118866862e-09,0.00010204790478747055,1.2756370973352206e-06,1.3511425356057037e-07,0.0018200571540952263,6.885160420310817e-07,0.0017562264656624494
13,5.8100646028491915e-05,6.0053399213278946e-05,2.0965776501815844e-06,0.001528278909720967,0.0017985190146562466,0.03783219765077306,1.3072498746207744e-06,3.549933711570223e-07,1.6491429160991902e-05,0.0002298927169454084,0.0006975021039782464,4.384329979354135e-07,4.9960056735010385e-06,0.8929145282392973,3.128614421146042e-07,2.181589683298337e-05,0.012691708890624254,0.025522535285764193,6.240955687188947e-07,0.0024590592520488392,2.4431224563051823e-05,1.9503843171469807e-06,0.01161299891260558,9.818894648936914e-05,0.01242161688040223
14,4.176837957253311e-06,5.7625710099987584e-06,4.5179417574329995e-07,0.000828602822321515,0.0004104203756218805,0.004685814205345865,6.280453388373791e-07,3.924249831874867e-07,2.0826279618924478e-06,1.433190144433489e-05,0.002008307592671806,5.985934073078523e-07,1.6314794444176012e-06,0.9705063172236456,9.54334265828785e-08,3.505998770874212e-06,0.0046938547554237165,0.004075777372962385,1.0890859699682756e-07,0.0003984789539016764,9.629259159562546e-06,1.6861175120685523e-06,0.00992952216097107,2.6155832271919554e-05,0.002391666711673482
15,3.7366423085392988e-06,6.42008371460703e-06,3.174467077694935e-07,0.000670094700682827,0.0004288733720663944,0.0038321903201374054,5.843126849854549e-07,3.304447356594008e-07,1.6309923201848387e-06,1.4307898095183124e-05,0.0018134726954921977,4.5681374083913705e-07,1.194044862489077e-06,0.9746094975570238,7.534725370770825e-08,2.8620857354850366e-06,0.003831598084717818,0.0033219523848306643,1.0070319464480709e-07,0.0003593884469942028,7.132889027783674e-06,1.305605976363966e-06,0.00910073511281709,2.2045048871698843e-05,0.0019696969660080222
16,3.485370280213889e-06,6.259280107230274e-06,2.9231168047312964e-07,0.000653856473786469,0.00040486897260870995,0.0035134965184542895,5.839983621373724e-07,3.25660054669981e-07,1.547727864962722e-06,1.4687645411860165e-05,0.0016781678969588626,4.711782841975287e-07,1.168454453366662e-06,0.9756057251175755,7.387888679048756e-08,2.839020157384533e-06,0.003747761062633822,0.0032885665393272917,9.686840473096674e-08,0.00035519934878529307,7.442704770026209e-06,1.3524907229714312e-06,0.008736803384278912,2.0478388529761982e-05,0.0019544497076201092
17,2.788812391236293e-06,5.083142890729505e-06,2.350318911252572e-07,0.0005995101888913854,0.0003767838919031384,0.0027399869499218172,5.200753301830547e-07,2.922952591988384e-07,1.1747904763686306e-06,1.1888970069407642e-05,0.001575603011611519,4.3585260923898327e-07,1.111621756161251e-06,0.9769666020665457,5.7700380922202234e-08,2.248419634509965e-06,0.003836873004433292,0.002760803918126312,7.352742207824437e-08,0.0003314128579668038,6.403721463993172e-06,1.2144314296064556e-06,0.00898904462756228,1.6821744485683402e-05,0.00177302934554729
18,3.494069800438035e-06,5.809128705965891e-06,2.783169788029167e-07,0.0006168514370429611,0.00040786364623451496,0.0033502817405459163,5.566335748947153e-07,2.94799300234755e-07,1.446543853963673e-06,1.38024965554124e-05,0.0015658879033761863,4.3948286208308765e-07,1.170378647214408e-06,0.9758058397500681,6.894113343491242e-08,2.5453098984403764e-06,0.0039231219935753564,0.003372315913383322,8.509382454762435e-08,0.00034611866545002464,6.97456107632635e-06,1.2587547630042443e-06,0.008486242709413927,1.8576401595029898e-05,0.0020686753283403873
19,2.8437557459139567e-06,6.210727937030096e-06,3.2722399348114253e-07,0.000824167509722497,0.00036743667937127734,0.0025104748236388676,8.683008762763678e-07,3.910433027808286e-07,1.6877503453827479e-06,1.4461686700234305e-05,0.0016170346033142601,7.902255514532706e-07,1.3345272247509493e-06,0.9776805777421766,8.462184128279904e-08,3.2269423108511283e-06,0.0031375256437436868,0.0027171317848593926,8.193209157712059e-08,0.0003347336177646121,8.337636944380018e-06,1.6740220640340342e-06,0.008714261110601137,1.7821985755186307e-05,0.0020365141021229053
20,2.856336230895608e-06,5.328108061431086e-06,3.4889870214820955e-07,0.0007483511098909887,0.0003522949272250898,0.003410275262275135,7.062307506964478e-07,5.931124117285436e-07,1.6782551746479846e-06,1.3861229082800548e-05,0.0024947203925791374,6.231570254688924e-07,1.0854378106532398e-06,0.9742536847317137,1.5888430672964591e-07,3.745338564625456e-06,0.004080354163061016,0.003661094903031839,1.1430819304527864e-07,0.00034136240480635207,8.894243236834301e-06,2.7201983245288023e-06,0.008556407303866321,1.880087890711799e-05,0.002039940184766696
21,2.6677104606069136e-06,6.0111641992127e-06,2.1238331018670074e-07,0.000659928204249393,0.00023830448473905657,0.002446736282729812,4.4296777472465884e-07,3.3123926503438507e-07,1.5313372558184075e-06,1.365728785451522e-05,0.00104110868587163,4.880602823024746e-07,8.955003075400091e-07,0.9854208169200734,4.78452221161699e-08,3.7273615135714518e-06,0.001754978968443934,0.002633844623275834,7.516383175767978e-08,0.0002984827388970657,5.455827016834681e-06,9.504686483735365e-07,0.004378898866914434,1.5263751094420813e-05,0.0010751421567680045
22,9.94787890835459e-07,1.0519587040047046e-05,1.946627435267868e-07,0.0007140183832795106,0.00044336720297100606,0.0021439004898908985,9.078123724667505e-07,1.9112980396610939e-07,1.3649715758101508e-06,1.2400940121833161e-05,0.0010034413181075684,7.521270338659249e-07,1.141890947804023e-06,0.977373637375482,4.344749152278805e-08,2.392399237114546e-06,0.000948023636065481,0.0003925812452043652,7.091577898938303e-08,0.0003834916064400025,5.6352785990625085e-06,4.3480288375986805e-07,0.01540116894957865,1.741526367124562e-05,0.0011419097757886308
23,3.7366423085392988e-06,6.42008371460703e-06,3.174467077694935e-07,0.000670094700682827,0.0004288733720663944,0.0038321903201374054,5.843126849854549e-07,3.304447356594008e-07,1.6309923201848387e-06,1.4307898095183124e-05,0.0018134726954921977,4.5681374083913705e-07,1.194044862489077e-06,0.9746094975570238,7.534725370770825e-08,2.8620857354850366e-06,0.003831598084717818,0.0033219523848306643,1.0070319464480709e-07,0.0003593884469942028,7.132889027783674e-06,1.305605976363966e-06,0.00910073511281709,2.2045048871698843e-05,0.0019696969660080222
24,4.842622815236721e-06,6.678686428490941e-06,5.110588369499913e-07,0.0007407213593248631,0.0006073155582051393,0.005587361905347694,8.437220259928122e-07,4.3036291190306833e-07,2.4787981008377065e-06,1.5532043216952e-05,0.0027450238350975294,6.130740246564476e-07,1.6843316661370264e-06,0.966107518275403,1.4160418114300068e-07,3.852682166256391e-06,0.005093740322842674,0.0043238616581279445,1.39797673406655e-07,0.00041351327573625426,1.0675525433327095e-05,1.9167841843973e-06,0.011409244413399163,3.0374970008643603e-05,0.0028909833328410787
25,1.0432346632696308e-06,2.7602384914112606e-06,1.2625742484924401e-07,0.0005291897444915112,0.00018763919608379368,0.0015337419116051776,3.4161691368612356e-07,4.0080217729271664e-07,4.749930221866846e-07,6.177902087885559e-06,0.002364902684644044,2.636550052328618e-07,3.420003542592065e-07,0.9844586736873798,2.624499636694072e-08,1.3741514253504988e-06,0.001524811896138328,0.0012704471896817606,4.597508968446593e-08,0.0001615626277549679,2.8791371935847795e-06,7.559278101553333e-07,0.007440921433674201,1.1792845055535181e-05,0.0004993046468356998
26,1.536965829380972e-05,1.2125489511437161e-05,1.0167860997349224e-06,0.0012568012356520197,0.0008361641304423284,0.010427701205739475,8.014515430758444e-07,4.656062159291698e-07,4.062726634792906e-06,2.7286138000399695e-05,0.003713518449891316,6.797884369533864e-07,3.6299227847843362e-06,0.9426976162364813,6.762444438654663e-08,4.98815673653085e-06,0.008028909968474,0.007998097418359664,3.146489094104393e-07,0.0007909003367931813,1.2839643507437827e-05,1.6389146700967034e-06,0.0215374404851107,0.0001341254028884019,0.00249343857437863
27,3.431183749749612e-06,6.036547404752031e-06,3.013949498821292e-07,0.0006972867367884234,0.00039873727411132096,0.004085813872630796,5.481751936502963e-07,4.005592930923659e-07,1.8054815082875096e-06,1.349253780684842e-05,0.002232273069281085,4.6180361774458517e-07,1.1151185794664425e-06,0.9736306671802317,1.0126245786112281e-07,3.391355267521313e-06,0.004402633019308511,0.003785663389823616,1.1620106073251865e-07,0.0003453487565862437,7.764932355517494e-06,1.9919611124682315e-06,0.008534751955894029,2.3094770505473605e-05,0.001822771460480986
28,3.7366423085392988e-06,6.42008371460703e-06,3.174467077694935e-07,0.000670094700682827,0.0004288733720663944,0.0038321903201374054,5.843126849854549e-07,3.304447356594008e-07,1.6309923201848387e-06,1.4307898095183124e-05,0.0018134726954921977,4.5681374083913705e-07,1.194044862489077e-06,0.9746094975570238,7.534725370770825e-08,2.8620857354850366e-06,0.003831598084717818,0.0033219523848306643,1.0070319464480709e-07,0.0003593884469942028,7.132889027783674e-06,1.305605976363966e-06,0.00910073511281709,2.2045048871698843e-05,0.0019696969660080222
29,3.7366423085392988e-06,6.42008371460703e-06,3.174467077694935e-07,0.000670094700682827,0.0004288733720663944,0.0038321903201374054,5.843126849854549e-07,3.304447356594008e-07,1.6309923201848387e-06,1.4307898095183124e-05,0.0018134726954921977,4.5681374083913705e-07,1.194044862489077e-06,0.9746094975570238,7.534725370770825e-08,2.8620857354850366e-06,0.003831598084717818,0.0033219523848306643,1.0070319464480709e-07,0.0003593884469942028,7.132889027783674e-06,1.305605976363966e-06,0.00910073511281709,2.2045048871698843e-05,0.0019696969660080222
30,3.7366423085392988e-06,6.42008371460703e-06,3.174467077694935e-07,0.000670094700682827,0.0004288733720663944,0.0038321903201374054,5.843126849854549e-07,3.304447356594008e-07,1.6309923201848387e-06,1.4307898095183124e-05,0.0018134726954921977,4.5681374083913705e-07,1.194044862489077e-06,0.9746094975570238,7.534725370770825e-08,2.8620857354850366e-06,0.003831598084717818,0.0033219523848306643,1.0070319464480709e-07,0.0003593884469942028,7.132889027783674e-06,1.305605976363966e-06,0.00910073511281709,2.2045048871698843e-05,0.0019696969660080222
31,7.181884568598961e-06,6.549245985702547e-06,4.7137213328861713e-07,0.0006076014115893214,0.00037236506121070934,0.003275433034742028,6.171261484767112e-07,4.5435894260154514e-07,1.1793197083074526e-06,1.786855425401393e-05,0.0014938884128543684,3.932832361069933e-07,1.203050463781257e-06,0.9754335530915811,4.478281695197962e-08,1.9664658784296416e-06,0.0037246812281196895,0.004450547649727196,1.0867503747609557e-07,0.00031690044146232834,5.306403857789801e-06,9.309029325978998e-07,0.008393820145284794,2.095971466350492e-05,0.0018659743828008711
32,4.4278057458557855e-06,7.326117971807958e-06,3.5942007630297414e-07,0.0006682327064630535,0.00045259582129453794,0.004334148132574447,6.275614202227805e-07,3.6696350479158326e-07,1.8396111979565842e-06,1.5727727662600982e-05,0.0019794346981874865,4.97483618420653e-07,1.3285862309727493e-06,0.9729332824243649,8.430587055753993e-08,3.0905053318514314e-06,0.004127304862040562,0.003569630063212788,1.337797018190874e-07,0.00037290793676232896,7.851006564018961e-06,1.4692344056785441e-06,0.00946384176304406,2.6003345218999842e-05,0.002027488137533941
33,1.6591379458164278e-06,3.6398886162947135e-06,1.4916304563078835e-07,0.0005678793494692529,0.00024621676375548925,0.002607562983840594,3.349476687068541e-07,3.270720883216002e-07,6.783727388500627e-07,1.1699704105655215e-05,0.001612045027020828,3.051287502152472e-07,9.82329169404855e-07,0.9779955602975933,2.8539103147654355e-08,2.190590547477025e-06,0.0038618950371250302,0.002057027363672957,8.076531612190602e-08,0.0003099093838904384,5.198801695333217e-06,1.1751334053412047e-06,0.00986746579760765,1.934016323812504e-05,0.0008266482585902459
34,2.9032641250695897e-05,1.9421917436172275e-05,1.0327596691462015e-06,0.000552311323636819,0.0009325146922178803,0.00986964849380465,9.347150146185344e-07,6.406255108955956e-07,9.723908515346411e-06,1.1854167414497914e-05,0.004112367424556042,1.1078549942975743e-06,4.04323607343887e-06,0.9609299397715766,1.952828630358218e-07,4.829795232992231e-06,0.00642536257088225,0.008179591368375714,8.352505136422952e-07,0.00034228874238236343,1.1188307407020033e-05,2.4872238675467504e-06,0.005778938561917114,7.862396264543257e-05,0.0027010854022419604
35,3.4798527296080586e-05,9.116868114776583e-06,1.107619879616788e-06,0.001055439825362864,0.0004809700390286059,0.004784143174929831,1.1592313895599338e-06,7.526886568182729e-07,5.8652563640090904e-06,2.5463541522543997e-05,0.0016707677853968015,1.1103673378691284e-06,2.9938028769061413e-06,0.9446504582567841,8.486250868455988e-08,4.172029978904537e-06,0.007239401470134427,0.031044119864866042,2.133712225273145e-07,0.0003401670412004063,1.4582288788569996e-05,2.7952619742727044e-06,0.004578987805202846,4.4337077216112376e-05,0.004006991941966928
36,3.808018370540326e-06,5.94662499779121e-06,3.0931784796911315e-07,0.000633810080245011,0.0003941817253707103,0.0033053936061425587,5.968145119388551e-07,3.730989725897451e-07,1.633759060544904e-06,1.2767403651399059e-05,0.001771738350621451,5.50710826579916e-07,1.3695047852509293e-06,0.9765725134099504,7.957933979141663e-08,3.0118713165256623e-06,0.0038946781806492494,0.0033017856012187412,1.0531130951736023e-07,0.00034437423318226906,6.86676426256453e-06,1.4634374411772372e-06,0.0077882089509138845,2.022174417914565e-05,0.001934211900832731
37,4.4305388817181705e-06,6.798168971404388e-06,3.510140473041254e-07,0.000720499649099919,0.0004374899317731228,0.003922085477452146,6.090119617399209e-07,3.3327010892572605e-07,1.6921894317582901e-06,1.5732025925209466e-05,0.0018556232096431475,4.815303683421468e-07,1.3046694151101987e-06,0.972962396179176,6.869938486631171e-08,2.861750270293387e-06,0.004047483816866788,0.0037830998907984396,1.0739294680635718e-07,0.0003822746733010294,7.369760715682727e-06,1.3187817655384747e-06,0.009795021345346,2.6011640416121808e-05,0.0020245553819325216
38,1.081759591925229e-05,1.1147250853281981e-05,7.940344016958398e-07,0.0005879777151447808,0.0008500199028099472,0.010810183709450222,1.036144136823229e-06,4.144091636746214e-07,4.1753429582964275e-06,2.2506084716492784e-05,0.002519783227604335,5.579942430312576e-07,2.0443913455046687e-06,0.9645713818650034,1.931798167791829e-07,6.058801525406508e-06,0.003579957036498326,0.005047354154029952,2.714625360551691e-07,0.0003936400077275424,8.261786151926355e-06,1.3227129530848764e-06,0.008204613238071496,4.372468047545701e-05,0.0033217632724636243
39,6.208960624547819e-06,4.810855855603204e-06,9.616925482954638e-07,0.0010738153269411268,0.0005481908584890276,0.013710745058884182,8.704235380805856e-07,8.456347346526276e-07,3.083165628471566e-06,2.597598963445897e-05,0.003072104479569742,7.321071126819725e-07,4.282213485284077e-06,0.9463198849329159,1.7501524022970274e-07,8.101209248166306e-06,0.010681424153772623,0.00799136641151235,2.647895764124809e-07,0.0006398332107104194,2.3398352399497155e-05,2.857769329127517e-06,0.012622021752232484,5.367928884039873e-05,0.0032043663471762753
40,4.092522331332513e-06,6.5777142406691295e-06,3.4244519436621124e-07,0.0005397591852850979,0.000469398405597575,0.003697654119279615,6.535002476581298e-07,3.2011312375006914e-07,1.8072982553151451e-06,1.192284400621574e-05,0.0018171893147162182,5.058669256658055e-07,1.261944545184847e-06,0.9768966592444083,9.353798868193608e-08,2.654267515701615e-06,0.003392574508386666,0.0029842095134091605,1.0413106642026123e-07,0.0002992588020905927,6.383730626629997e-06,1.256517215469581e-06,0.007631890120558503,1.871904639046018e-05,0.0022147113065947664
41,2.261168661418148e-05,1.680485350907622e-05,1.4444065980543205e-06,0.000769927641002874,0.003715397913927669,0.008172060062316017,2.4879186656844676e-06,6.013505262561652e-07,1.3482446131214888e-05,1.2641222014696281e-05,0.003085936691952318,1.1234188258294972e-06,5.805356503735092e-06,0.960021796780715,4.5569612311514217e-07,1.2117815056859647e-05,0.004393841825235012,0.005709489050794142,1.6268042863218316e-07,0.0008481247621890247,7.892884149650007e-06,9.804782908781303e-07,0.006560690435722891,4.048459435675824e-05,0.006583638028350511
42,4.0249780549670785e-06,6.453813786067324e-06,5.476679155379649e-07,0.0011510847169862303,0.0003402601494803292,0.007524629241062701,7.123751786125965e-07,1.0891775778757624e-06,2.48585888780365e-06,2.6160937178512275e-05,0.00335364141642061,8.733614139930189e-07,2.481749799375196e-06,0.9601335731181043,1.7792492667809654e-07,9.305874325738847e-06,0.00756072500040392,0.005398559013732055,3.4825956238959314e-07,0.000619706091760915,1.6814936605812274e-05,4.678179073447575e-06,0.012011790860975086,5.0763556616467634e-05,0.0017791117401706586
43,1.9955436035613098e-06,5.398508474835397e-06,2.409611045255098e-07,0.0007655916416853345,0.0002700291773174642,0.006028480858825353,4.0757728338645544e-07,3.588181307624412e-07,1.121807348951778e-06,4.370008280677493e-05,0.0011059415797405737,2.619959587089187e-07,1.0625806317080604e-06,0.9677389120236974,6.444032509926235e-08,4.210900866063033e-06,0.005211697248988446,0.004491273158821268,1.1757972299490278e-07,0.000594219215998919,1.4211067278957221e-05,1.9852811687075344e-06,0.012074900645594577,2.3872563233325964e-05,0.0016199447413922316
44,3.7366423085392988e-06,6.42008371460703e-06,3.174467077694935e-07,0.000670094700682827,0.0004288733720663944,0.0038321903201374054,5.843126849854549e-07,3.304447356594008e-07,1.6309923201848387e-06,1.4307898095183124e-05,0.0018134726954921977,4.5681374083913705e-07,1.194044862489077e-06,0.9746094975570238,7.534725370770825e-08,2.8620857354850366e-06,0.003831598084717818,0.0033219523848306643,1.0070319464480709e-07,0.0003593884469942028,7.132889027783674e-06,1.305605976363966e-06,0.00910073511281709,2.2045048871698843e-05,0.0019696969660080222
45,5.658564541232334e-06,6.403702855944062e-06,8.664689742031947e-07,0.001035274920465248,0.0006562094728074326,0.009213399977913643,1.1366039169454263e-06,1.1844087005622194e-06,3.7605862837568675e-06,1.7382547533346062e-05,0.005228807467372837,7.689040065441978e-07,2.0236095278434173e-06,0.9614448446799368,3.7018232688443243e-07,1.1016858561837868e-05,0.004809126202270082,0.005299535407664609,2.422503032170597e-07,0.0005062027987494222,9.547735096733982e-06,3.030402155551388e-06,0.00922720228100474,4.3314685102609516e-05,0.0024726892819278506
46,2.2110106060066376e-06,3.102753804352485e-06,2.5394224375624705e-07,0.0009843314379881932,0.0002462874302431996,0.004692341859923344,3.0247875299068896e-07,4.0026886577422494e-07,8.87921310477754e-07,1.1964001233153776e-05,0.002521714239028589,4.7460981937284963e-07,2.439181708143349e-06,0.9550336664626936,5.90779552777302e-08,2.917280032577537e-06,0.014864328751533555,0.003847188834935148,1.2012872359622237e-07,0.0005040942205456627,1.1664996292742183e-05,3.194253478901037e-06,0.015556062649043939,3.17053115721024e-05,0.0016782868976655272
47,1.0969143725584178e-05,9.290999236173132e-06,5.413616490494303e-07,0.0007494394161218579,0.0006612238177774363,0.004484510032943224,9.314842734356113e-07,3.774172967548247e-07,3.7916213844734837e-06,2.070168512320697e-05,0.001560568274150562,1.2838726515814501e-06,5.173900628252511e-06,0.9635394264463111,1.2664564812853034e-07,6.330603911670368e-06,0.008646110634975633,0.007060613501372211,2.1042495831778875e-07,0.0006831607945928607,1.4625054401166932e-05,2.6629680487842143e-06,0.008285150602851628,4.1055383240467036e-05,0.004211723912726515
48,3.562184016608257e-06,9.758324109246147e-06,2.0380341426824462e-07,0.0005063489768272427,0.0003146206832306595,0.0056076328544000555,3.360256967713428e-07,3.2826666156599925e-07,1.1216637300105707e-06,1.860100103440366e-05,0.0022145687365524276,2.8305181069628695e-07,1.0723202150199447e-06,0.9704800165846468,3.794256706564639e-08,2.2671884052233912e-06,0.004698257758588444,0.002239881108573654,3.388257839269203e-07,0.0003229272663345582,5.548875624906644e-06,1.4261755899144206e-06,0.012657520480514791,4.213122778565587e-05,0.000871208673885964
49,3.1324360848047053e-06,5.5229827237735905e-06,3.448344669046052e-07,0.0007768682661227676,0.00031575779306048404,0.0037252479225888683,5.547335805143476e-07,3.2615190020629366e-07,1.399210443878973e-06,1.5162688040850375e-05,0.001734764581059293,5.093726330984049e-07,1.19513229331513e-06,0.9743776444678106,6.639060573658946e-08,2.6251439561379476e-06,0.0035373915268941164,0.0031826122876154523,8.943362974835865e-08,0.0003371744057511543,7.66574654393274e-06,1.380656270038868e-06,0.010057726114926564,2.2592572029861687e-05,0.0018922451489680934
50,3.5013061151309065e-06,6.135213011190204e-06,2.9995376409649334e-07,0.0006195256947950953,0.00041486182796888116,0.0034684333041007653,6.035917284970549e-07,3.28154385843639e-07,1.414403421257199e-06,1.482563097986791e-05,0.0016690470914873191,4.408218817937377e-07,1.1149386282946513e-06,0.9757210779189024,7.094084317582961e-08,2.6413913451127702e-06,0.0036072013154264527,0.0030848554057637716,9.386362916404416e-08,0.00034337199492177515,6.705028916896905e-06,1.2329794819979072e-06,0.00905061722928003,1.9450706345939114e-05,0.001962149292875281
51,2.299896819630023e-06,1.1089882320959882e-05,1.2113895188174588e-07,0.0006591641995322198,9.165918755559438e-05,0.0012017713152422762,2.2129814607409265e-07,2.8306230323707265e-07,9.308683331900288e-07,8.575562985988808e-06,0.0008993945941091976,2.97483531610268e-07,1.9253478588025065e-07,0.9898109213005956,3.6166666651316557e-08,9.534260008749458e-07,0.001421229683085044,0.002008228123057097,7.907041686545546e-08,0.00011476630296901631,2.661970566500623e-06,1.3303766857956805e-06,0.0030727933297901885,7.067919736050173e-06,0.0006839313058124671
52,2.1072799590556013e-06,2.235847152915026e-05,3.3865907661822306e-07,0.0015057035373941372,0.0005771184071822728,0.0011010648674518227,1.5987563006361579e-06,2.519572585591444e-07,1.2806379804561867e-06,1.4629070181691735e-05,0.0016186159612143229,2.3361907894966617e-06,2.1922542327837305e-06,0.9421412684092328,3.2171438508645096e-08,1.528670995598678e-06,0.0034777658000835912,0.0004447502799293163,1.1762841567913365e-07,0.000599297948810905,1.5753211811703125e-05,1.1863939299993416e-06,0.046616447174045256,3.479759781496739e-05,0.0018174586629404732
53,1.6474882739049901e-06,4.583822509698253e-06,2.83231043302234e-07,0.0006916959528426268,0.0006562369708904034,0.0021755799952552337,1.3843448653948432e-06,4.072275629532879e-07,1.3052132482025112e-06,1.274497080068605e-05,0.0023264976097133786,7.285251135677857e-07,1.1587658618465257e-06,0.9734631126824929,1.1212483042465773e-07,3.237954756672766e-06,0.002503597365894772,0.001716442241042785,5.2934496073064336e-08,0.0003827873409117379,7.59151661413092e-06,1.2842427723824331e-06,0.013778576764055235,1.5665840553272768e-05,0.0022532848735982323
54,3.893620278427439e-06,9.582795827624861e-06,2.2501548978720726e-07,0.0003898731897884368,0.0003368492332158072,0.0024255436300114294,5.205774395786709e-07,1.5908311292580797e-07,1.397887908258973e-06,1.3417687032804768e-05,0.0006996110922810121,3.741250725469276e-07,5.871121556641834e-07,0.9844791663544166,9.273219769551494e-08,1.8061796023748558e-06,0.0018703035666815444,0.0021227100354804748,6.39242802039857e-08,0.00020005591131226156,3.854853288217207e-06,8.411945262982853e-07,0.004508254774110731,7.275113053696229e-06,0.002923540311435393
55,1.9658005518706833e-05,1.2555140617781792e-05,1.0997969673739635e-06,0.0014209754836883386,0.0007866183552667992,0.006324974320073714,1.6085128481726217e-06,4.742912147503742e-07,1.419769228177381e-05,1.5840445500065255e-05,0.002062096094709146,3.1650840899720044e-06,9.381041859622041e-06,0.960167003224162,1.6658995199004521e-07,9.041061973610651e-06,0.005750896249085542,0.012121811740185099,2.5783705186827117e-07,0.0005686664562502278,2.1732783143213132e-05,2.580379821880278e-06,0.005765449486686772,7.462269807008235e-05,0.0048451272289815606
56,3.831544670516114e-06,6.283945674764556e-06,3.261851974280483e-07,0.0006660344183860367,0.0004274322785771503,0.0037137828193638213,6.125384060282909e-07,3.4359683320973894e-07,1.6712872764364064e-06,1.3843571667141936e-05,0.001825224829856163,5.250850341369015e-07,1.423010050381673e-06,0.9746518418656438,7.606970623204137e-08,2.892855951565961e-06,0.0039871350470129345,0.003265133165103416,1.0733709825944213e-07,0.0003657423812747671,7.481012113812541e-06,1.363915643146575e-06,0.009038803571935672,2.28901994574773e-05,0.0019951974680655978
57,4.29302729785908e-06,6.999657057764715e-06,3.2521142021831867e-07,0.0006964482187971008,0.0004211665616721291,0.002875149618171891,7.299605059881747e-07,3.8373417237615463e-07,1.8614846799254583e-06,1.675670605977388e-05,0.001426354252924156,9.493507624888195e-07,2.802403907954703e-06,0.972939985921114,8.05034294359667e-08,3.705184099909041e-06,0.005816203937149267,0.0034437468921002918,1.3889501782587995e-07,0.0005312975189990811,1.0123952088310981e-05,2.030301919694858e-06,0.009313399238739495,2.4552142594110322e-05,0.0024605153253188933
58,4.921080734074374e-06,7.093622115727506e-06,4.171463387980937e-07,0.0007675171740831054,0.0004794406390537993,0.00464978487178099,6.888280103528618e-07,3.867335299983996e-07,2.0470541663243e-06,1.5095902744786937e-05,0.002362570854398826,5.991930833839067e-07,1.6415184023837745e-06,0.9705753864009176,7.510097948808493e-08,3.3102627102290957e-06,0.004060706500727251,0.0036682978266491346,1.437394850109759e-07,0.0003877745568238058,8.391371518072094e-06,1.4267335311533314e-06,0.011039571956197428,3.584873945870681e-05,0.001926862192559464
59,4.9250149521807385e-06,7.652598287553157e-06,4.846441065170036e-07,0.0008698313742377508,0.0005043387689719853,0.005116918084495815,7.347985306047534e-07,4.149380871107205e-07,2.188631740046856e-06,1.7200566240579152e-05,0.0025431738925454066,5.909518308534301e-07,1.5549850203896985e-06,0.9681635525459551,8.601797326320182e-08,3.6772097051261597e-06,0.004078041026138379,0.0037675411871699463,1.4404522434680476e-07,0.0004390160437725903,9.087582713202302e-06,1.5085794818853157e-06,0.012400785936066368,3.876212614249303e-05,0.0020277884506106083
60,3.7366423085392988e-06,6.42008371460703e-06,3.174467077694935e-07,0.000670094700682827,0.0004288733720663944,0.0038321903201374054,5.843126849854549e-07,3.304447356594008e-07,1.6309923201848387e-06,1.4307898095183124e-05,0.0018134726954921977,4.5681374083913705e-07,1.194044862489077e-06,0.9746094975570238,7.534725370770825e-08,2.8620857354850366e-06,0.003831598084717818,0.0033219523848306643,1.0070319464480709e-07,0.0003593884469942028,7.132889027783674e-06,1.305605976363966e-06,0.00910073511281709,2.2045048871698843e-05,0.0019696969660080222
61,4.906833537058776e-06,7.68051514105743e-06,4.853917384138921e-07,0.000857164388933826,0.00050334548253938,0.0050393673668938386,7.584592044006111e-07,4.1916915755217376e-07,2.155572555368368e-06,1.7621636061543994e-05,0.002468227406572989,6.01486109662641e-07,1.5883200944047515e-06,0.9681997427101484,8.839851314634828e-08,3.6008939992560695e-06,0.004198070091847094,0.0038129821355951123,1.4443663806468216e-07,0.0004327502836915824,9.39156471407512e-06,1.5593465220382205e-06,0.012293468969431263,3.708190823120089e-05,0.0021067972321291923
62,3.7366423085392988e-06,6.42008371460703e-06,3.174467077694935e-07,0.000670094700682827,0.0004288733720663944,0.0038321903201374054,5.843126849854549e-07,3.304447356594008e-07,1.6309923201848387e-06,1.4307898095183124e-05,0.0018134726954921977,4.5681374083913705e-07,1.194044862489077e-06,0.9746094975570238,7.534725370770825e-08,2.8620857354850366e-06,0.003831598084717818,0.0033219523848306643,1.0070319464480709e-07,0.0003593884469942028,7.132889027783674e-06,1.305605976363966e-06,0.00910073511281709,2.2045048871698843e-05,0.0019696969660080222
63,3.916198123699531e-06,7.777725690523646e-06,3.154462135685977e-07,0.0006552802885992578,0.0004335914909696482,0.003673811260112306,5.919093727865069e-07,3.160938116382763e-07,1.6198174442030602e-06,1.5334900285899784e-05,0.0017020845463617063,4.52286290497348e-07,1.1032713970716285e-06,0.9751372475538536,7.578836871299381e-08,2.66917564373207e-06,0.0036528843365132638,0.0030277912718022263,1.0904324281921924e-07,0.00035709952924566746,7.013294533978433e-06,1.2861992046705834e-06,0.009318898390679961,2.143000494692274e-05,0.001977300177291768
64,3.2349379801123825e-06,6.3719961557719704e-06,3.193549984632279e-07,0.0006990951035238522,0.00039467807492353074,0.003731502273860959,6.103577509448636e-07,3.169307364373144e-07,1.5958242097231206e-06,1.616800895812739e-05,0.0016067802563866015,5.065872146126876e-07,1.2609548253324532e-06,0.9741493083809298,7.551779551105381e-08,2.7790585470472093e-06,0.003827931903898878,0.0032176671211192696,9.716655857473536e-08,0.0003725202543208815,9.44714227274271e-06,1.4284900923214768e-06,0.009870180981700252,2.1484678474184535e-05,0.0020646386427658155
65,4.313184457987122e-07,2.3675726971402745e-06,1.0785703741572523e-07,0.0004275564143072417,0.00011558876507799203,0.0012713898092472956,3.331274958589968e-07,2.1076723138818884e-07,1.1731333298053937e-07,2.9710316119074807e-05,0.00035871630150896756,9.824494082697375e-08,1.6965603306558368e-07,0.984049529801487,2.255724128058375e-08,7.696816301174196e-07,0.0012145106703669024,0.0009125227804466995,1.3260963164450386e-08,0.00026870853293492394,3.883791545888409e-06,3.595427602616681e-07,0.010146758090064463,2.5534513277602315e-06,0.0011935703757566594
66,1.849740310477255e-06,4.339671824777396e-06,1.33629995434729e-07,0.00046724389556329095,0.0001891947183104866,0.00161025230187048,3.5618685679523333e-07,2.4950748327678653e-07,8.546310129666889e-07,6.420332216924655e-06,0.0011528950276991309,3.4725054047500474e-07,4.653164144115312e-07,0.9874451812931273,4.67827697960629e-08,1.4620186572014625e-06,0.0019060536275019256,0.00186512741728286,4.996321020954463e-08,0.00013530287672022847,3.025688723362054e-06,9.81276998073139e-07,0.004064325822135332,7.299938736458689e-06,0.0011365410840381562
67,1.0682618578668335e-05,1.660987375094212e-05,5.524744768602547e-07,0.0006305722890679127,0.0008577839319403185,0.0036007474917217597,1.3494740196488845e-06,5.293345591004315e-07,4.093989081751103e-06,1.6451015413822232e-05,0.0026802330116353435,8.413392903122759e-07,1.2226093349740857e-06,0.9719097829266939,2.0041810632301162e-07,3.6961496936385936e-06,0.00410590371966247,0.004968838412968988,2.2315158301952785e-07,0.00032996078524602404,8.191523502161549e-06,2.4427994495388838e-06,0.007526897706990457,2.6393479346456513e-05,0.0032957994738854945
68,4.104562310751204e-06,6.0663442243161374e-06,3.831900733774809e-07,0.0008832548818099724,0.00030117046422710117,0.0033790987246891885,5.390358625515609e-07,3.1497947253756864e-07,1.504558537142051e-06,1.571291294406243e-05,0.0015419486220356025,5.075124148228212e-07,1.124301314412138e-06,0.9746263734167617,4.291176996547462e-08,2.2817615227608625e-06,0.0032391199266173115,0.003801404133167512,8.303680807008119e-08,0.00032913563281041083,8.011497805546649e-06,1.1177162288543076e-06,0.010107091475908374,2.5606356765960824e-05,0.001724002043917536
69,4.27503934573799e-06,6.551988313703585e-06,3.0737333247784225e-07,0.0006046175588931911,0.00042733438497934563,0.003700851244074574,5.716382993355565e-07,3.0243249270830327e-07,1.7111157824990552e-06,1.4383009561524626e-05,0.0015330297869233726,4.348730690418567e-07,1.1845217458700532e-06,0.9757372783403109,7.746106273354441e-08,2.7229711874889546e-06,0.00404866339451647,0.0038131400607812455,9.61294861929254e-08,0.0003334255653821186,6.6450331609427205e-06,1.3208587566246485e-06,0.007499280752614619,1.852123633716762e-05,0.0022432732295900224
70,3.729261110327077e-06,7.292225825150189e-06,3.2237839300328426e-07,0.0006712492168275662,0.0004694433696577852,0.0045741580713645185,6.077109812139209e-07,3.2267545446346715e-07,1.7449486275014646e-06,1.5308100684236854e-05,0.0021882758036706217,4.563990105728465e-07,1.1818264980982972e-06,0.971383694900557,7.872251477553867e-08,2.8431526682584073e-06,0.003991860656912752,0.0031695748865098374,1.312086095804813e-07,0.00035698165705530803,8.312532690707131e-06,1.4197006029434209e-06,0.01122334867361759,2.8255223900585717e-05,0.0018994066962555339
71,5.5083251455296195e-06,5.3973386215515025e-06,6.136802101586288e-07,0.0007644438008057936,0.00028702160112471873,0.007237665208400248,6.156922910432885e-07,4.6527963221460224e-07,2.137961779763159e-06,1.2930546671163817e-05,0.00340561365606477,5.085053369679345e-07,1.0099271680763885e-06,0.9676374651951789,1.161683581988244e-07,2.5812044410548245e-06,0.004296850855420683,0.0058522578539974696,1.7891751732431074e-07,0.00017703378598906485,8.580613409280878e-06,2.285349968037075e-06,0.008095799344509533,3.0799702444736344e-05,0.0021721194855138467
