,0,1,2,3,4,5,6,7,8,9,10,11,12,13,14,15,16,17,18,19,20,21,22,23,24
0,4.083867792936713e-05,1.9000015051785887e-08,0.00016562340351057998,0.009782006679651177,2.9574072699443793e-06,1.6742900044550313e-05,2.0642589134494427e-07,2.629471430671415e-10,1.5079648825288936e-09,0.0003770592978978979,0.19446247115640142,4.773069718370438e-05,6.214013369570652e-06,0.6888164887280525,8.454909790563304e-07,1.385896375460127e-05,0.00039733462384501054,0.10210759669755368,2.1569883697931865e-08,1.3296666107546148e-06,0.0025382918411249607,1.0627966373277651e-05,4.0078632618477275e-05,0.0011645933900971805,7.060999030265603e-06
1,5.8497812416725486e-05,2.464715574038427e-08,0.0002251898236493907,0.013056279805092523,4.007055058032475e-06,2.8106318510113217e-05,2.9453644558173054e-07,5.206778782049457e-10,3.0683652006378182e-09,0.0006646860101490027,0.22169802355133905,5.3722564495349165e-05,9.223251508538345e-06,0.6595694821652789,1.1679171171419244e-06,2.9415392069333504e-05,0.0005557785205051616,0.09917500962276356,4.20785221619783e-08,2.38766688139993e-06,0.002999992546332769,1.4306882274098577e-05,5.588938267010435e-05,0.0017912555323483445,7.2133283738620554e-06
2,4.2240243214231566e-05,1.8208333399700975e-08,0.00016495013169757317,0.008550862680941565,3.0886384593003268e-06,1.8491637412584462e-05,2.393369158118381e-07,3.108159782012454e-10,1.8311972271488632e-09,0.0004798103289216855,0.17265399817927704,4.4363355351755524e-05,5.69420294446702e-06,0.713384445483505,1.0153011202838194e-06,1.5225263813909006e-05,0.0003603628158043631,0.10021670496131523,2.8087779713579358e-08,2.0347929509872974e-06,0.0026749368837311284,1.3989010911441416e-05,4.788934645337125e-05,0.0013107490030876562,8.859964044467552e-06
3,4.312275536024736e-05,1.981723069347893e-08,0.00017166604813711905,0.009717530864691262,3.034014466997795e-06,1.9479926115609044e-05,2.3250225627719744e-07,3.002230257703964e-10,1.6162669125116892e-09,0.00043223850705340365,0.19159001856585542,5.125973992382154e-05,6.57367947826247e-06,0.6874761297262694,9.142348552924964e-07,1.622980176031479e-05,0.00040931056015534406,0.1059709817137229,2.6292154490933723e-08,1.6215700976393804e-06,0.002821339104894487,1.1913085844624704e-05,4.4290906900611274e-05,0.001204482344315145,7.582321970749911e-06
4,3.7295936991831795e-05,2.107227582526938e-08,0.00015005169859419628,0.008938718857560096,2.9784419035597336e-06,1.7482747280646525e-05,2.23018554937987e-07,2.668866485820442e-10,1.4897097773331098e-09,0.0003654192268668879,0.1882113367248391,5.703978844964113e-05,7.781888971135584e-06,0.6933467421185562,7.108219757925584e-07,1.4569657005535771e-05,0.0004027825039226479,0.1050078614996333,2.4081642868484995e-08,1.3863109608279632e-06,0.002450933664773696,1.0779851095035265e-05,3.8956145518301095e-05,0.0009298847977746984,7.017388256848201e-06
5,4.769852218669523e-05,1.3868690473974283e-08,0.0001422285739421751,0.010398172402492032,2.302279649058606e-06,1.4000129660582125e-05,2.20513991764707e-07,2.919072384214853e-10,1.4958761934420274e-09,0.0004495730856584877,0.1593173310267867,4.838803413565163e-05,5.70321231309187e-06,0.6685062853893396,6.497306078929351e-07,1.5116059360928698e-05,0.0004115132145705572,0.1567604116679114,1.761635945937296e-08,1.7367124798640857e-06,0.0024622319437993547,1.062972487032673e-05,4.109254460983381e-05,0.0013565056794878057,8.176279312686984e-06
6,4.312275536024736e-05,1.981723069347893e-08,0.00017166604813711905,0.009717530864691262,3.034014466997795e-06,1.9479926115609044e-05,2.3250225627719744e-07,3.002230257703964e-10,1.6162669125116892e-09,0.00043223850705340365,0.19159001856585542,5.125973992382154e-05,6.57367947826247e-06,0.6874761297262694,9.142348552924964e-07,1.622980176031479e-05,0.00040931056015534406,0.1059709817137229,2.6292154490933723e-08,1.6215700976393804e-06,0.002821339104894487,1.1913085844624704e-05,4.4290906900611274e-05,0.001204482344315145,7.582321970749911e-06
7,5.354863839576751e-05,2.4705204321481046e-08,0.00023397912686982665,0.010694344908300651,3.445484650356343e-06,1.955510339602277e-05,2.3649781216142543e-07,3.4761101526544296e-10,1.5929009937610147e-09,0.0004128948358893829,0.2286363521198941,5.8962177955011426e-05,9.093077984550821e-06,0.6435020081785456,8.654749698582898e-07,1.5893045333813508e-05,0.0004641838793969531,0.11177327851629655,3.2581014376251714e-08,1.4922211401146723e-06,0.0028406770429207067,1.1844468630782789e-05,3.872377894065023e-05,0.0012218780071667622,6.684188779711767e-06
8,4.178130052250613e-05,1.820499585217091e-08,0.00016628646350730188,0.009546703859218969,2.8559614731204173e-06,1.8110409590467786e-05,2.2472584755205118e-07,2.7511475348194266e-10,1.704081868493249e-09,0.0004542738837809539,0.18604387960921667,4.255095704952654e-05,5.550457476529349e-06,0.6998216643644894,9.925198190048563e-07,1.4715371820695466e-05,0.00037652385491697567,0.09931880393268469,2.286911048259114e-08,1.5952833899611367e-06,0.002647622364525336,1.2214823367348397e-05,4.3929648524999015e-05,0.0014315724069627524,8.104748512069188e-06
9,4.364886771038538e-05,2.5330742984767156e-08,0.00014417666386748042,0.008093391398000749,3.430148151670578e-06,2.0033814800542835e-05,2.655330614374612e-07,2.7403312454273936e-10,1.272914451217449e-09,0.0003270632433440111,0.1981089219801555,7.884640160420014e-05,7.961515236726616e-06,0.6645802396423145,7.75603497961153e-07,1.6940782275710013e-05,0.0004056147751648401,0.12422825760516605,3.2028002647596957e-08,1.42366924159712e-06,0.0031475910868300305,1.0045775042579314e-05,4.325377381719498e-05,0.0007300415962643566,8.01721875926842e-06
10,4.312275536024736e-05,1.981723069347893e-08,0.00017166604813711905,0.009717530864691262,3.034014466997795e-06,1.9479926115609044e-05,2.3250225627719744e-07,3.002230257703964e-10,1.6162669125116892e-09,0.00043223850705340365,0.19159001856585542,5.125973992382154e-05,6.57367947826247e-06,0.6874761297262694,9.142348552924964e-07,1.622980176031479e-05,0.00040931056015534406,0.1059709817137229,2.6292154490933723e-08,1.6215700976393804e-06,0.002821339104894487,1.1913085844624704e-05,4.4290906900611274e-05,0.001204482344315145,7.582321970749911e-06
11,4.356789762486061e-05,2.1379776828431748e-08,0.0001740160035959831,0.010074025413593661,3.0988332938464733e-06,2.008867805418311e-05,2.4623486711672964e-07,3.3408582263229377e-10,1.6620919694149896e-09,0.00042145072723442483,0.19395564956917177,5.697961764543235e-05,7.85774382827608e-06,0.681819890601952,8.591017318589484e-07,1.7326548644119536e-05,0.0004477355277043318,0.10905279190122476,2.848207906381412e-08,1.6201191278164934e-06,0.002737405539014551,1.2000130257832956e-05,4.3985329241041155e-05,0.0011020133395039397,7.339284654576846e-06
12,1.140099359380114e-05,1.9972391782901572e-08,3.980347264053947e-05,0.0024677541823300564,4.000447043323833e-06,1.0692346275933637e-05,1.2043056858927563e-07,3.741047949288242e-11,5.064527406217939e-10,8.34080227329784e-05,0.0777052884503375,6.414619402758137e-05,2.868444387050325e-06,0.8037180127839848,2.7021602854105647e-07,4.32599037243158e-06,7.978964830967094e-05,0.11413402636189587,5.7198746453502315e-09,8.694709751951564e-07,0.0014580763990365466,2.3933807793516865e-06,2.7838545025449045e-05,0.00017452666391652466,1.0361319608577595e-05
13,0.00011505211397954338,2.3769749800386343e-08,0.000271380484266775,0.009350409345131951,2.6537857323094904e-06,5.210928809623988e-05,7.191946476735764e-07,1.3927243077162768e-09,5.3636854707792715e-09,0.002465034220436355,0.04189808675802506,5.188090495717768e-05,4.667540331472617e-06,0.6614216183731612,1.1518070565921316e-06,4.6553048199180696e-05,0.0006073306157819531,0.27729322980674015,5.52261594576606e-08,1.127447488235391e-05,0.004147052891238803,3.436384924964446e-05,5.164798062452288e-05,0.002148596903836106,2.5100861305961984e-05
14,4.492669091002418e-05,1.4304532676100947e-08,0.000189396223617445,0.01199953483072532,2.528543414715241e-06,1.7048758648055933e-05,2.3739379519370316e-07,3.520156008708602e-10,1.9745382636816905e-09,0.0005399496843910283,0.17415936217303277,3.7200735800657975e-05,5.3109143643709855e-06,0.6953612924273558,1.0562068616422076e-06,1.59893908775586e-05,0.0004498936648858634,0.11267925710445673,2.0094159800468296e-08,1.8938913255082864e-06,0.0025769355632452922,1.382405707688886e-05,4.6063049491222585e-05,0.0018500281021264454,8.23386835111769e-06
15,4.312275536024736e-05,1.981723069347893e-08,0.00017166604813711905,0.009717530864691262,3.034014466997795e-06,1.9479926115609044e-05,2.3250225627719744e-07,3.002230257703964e-10,1.6162669125116892e-09,0.00043223850705340365,0.19159001856585542,5.125973992382154e-05,6.57367947826247e-06,0.6874761297262694,9.142348552924964e-07,1.622980176031479e-05,0.00040931056015534406,0.1059709817137229,2.6292154490933723e-08,1.6215700976393804e-06,0.002821339104894487,1.1913085844624704e-05,4.4290906900611274e-05,0.001204482344315145,7.582321970749911e-06
16,4.5081055151410536e-05,2.1919486897872873e-08,0.00019608282957289262,0.010258381922180433,3.373395020501556e-06,2.1483060413560657e-05,2.3819662393267765e-07,3.330918355029976e-10,1.891028062206522e-09,0.000420604403320239,0.2076975438051115,4.878125795113186e-05,7.294894418994574e-06,0.6827452600850122,1.044817160738952e-06,1.682952664533449e-05,0.00042774951702657113,0.09411011660293363,2.938859463407134e-08,1.65136211149698e-06,0.0025928826585433313,1.2190972174834088e-05,4.670402032429141e-05,0.001339368837796773,7.283248304727704e-06
17,4.217364258518356e-05,1.9010512695244432e-08,0.00015275383420849435,0.008844534319558263,2.816354168505419e-06,1.6943361485594334e-05,2.2336042038695215e-07,2.825018252336014e-10,1.4011457121018694e-09,0.00039060017515562965,0.17462826113032034,5.6491611939243044e-05,6.619084597285811e-06,0.6908528428974229,7.452075655053791e-07,1.4775926899813769e-05,0.00039619528340603086,0.12078952030223522,2.4487957954519284e-08,1.555361973642816e-06,0.0027488459536156844,1.1334364903745284e-05,4.2015813801723645e-05,0.000992863329238799,7.843502379918789e-06
18,5.016150445478207e-05,2.332500048483049e-08,0.0004330957267483405,0.02007998329275673,6.613599876156879e-06,3.037830983835561e-05,2.4940599213703106e-07,4.961946542834811e-10,2.0251883135025944e-09,0.0004417134104804827,0.33626946108186145,4.278911489435474e-05,1.0012384609893787e-05,0.5735184859617012,1.7033853101964495e-06,2.6613483657910713e-05,0.0004085642121594093,0.06312885635507084,4.5011638103332583e-08,1.7123040583765112e-06,0.003534000652876487,9.951099741417262e-06,4.8703006922504485e-05,0.001953026825787009,3.85402318043171e-06
19,4.09609022675086e-05,2.161312592521274e-08,0.0002090981270379783,0.011130421412521794,3.941931253062625e-06,1.602748668299074e-05,2.4553670241424555e-07,3.6022433866957125e-10,1.4242916918398558e-09,0.00035672498184995675,0.19003473261663623,6.685727385061909e-05,9.181999286680807e-06,0.6760330056709118,7.239790018675883e-07,1.568401616013809e-05,0.00040279647851072244,0.11814146909387699,2.8863186839047427e-08,1.4927813674277304e-06,0.002596884677077392,1.1461056068112656e-05,3.347556863410566e-05,0.0008886065069782916,6.155642495145684e-06
20,3.439310048306538e-05,1.754341927220479e-08,0.00021943764928462482,0.011496585040413338,3.2220855733090558e-06,2.1395990722643122e-05,3.0936642246353435e-07,3.6724476394950667e-10,1.6308160433349127e-09,0.0005417168933048661,0.2305598873643702,3.318447660981345e-05,4.852420515729959e-06,0.686407598159135,2.189045923273787e-06,1.5798162330895596e-05,0.0003452988904577887,0.06454229061318036,3.252049530015935e-08,1.6838150071683819e-06,0.003978268929082516,1.8402850248623794e-05,5.120377945958606e-05,0.0017142339753411005,7.995330158402152e-06
21,4.182377511409187e-05,2.0634365510208342e-08,0.00011871107051035405,0.007459761157860824,3.1972359625583458e-06,1.2673803773122039e-05,1.5841777237074887e-07,1.8590035710832092e-10,1.1617617950456159e-09,0.0004220987066420137,0.17259096313317424,6.892584553676237e-05,5.4593695187589995e-06,0.6846018689770834,4.965629858908741e-07,1.3072793658135268e-05,0.0003077479050223065,0.13012592344195606,2.121347230480856e-08,1.252215258351558e-06,0.003368875969381737,9.172103235599568e-06,3.207239578628608e-05,0.0008083041253397455,7.397798927274608e-06
22,3.9704463756508074e-05,4.478563056399416e-08,0.00013367359326628444,0.005204462530112565,6.679521882795724e-06,2.4423894590984383e-05,3.224849303070215e-07,2.7470981822812267e-10,2.6323290426677096e-09,0.00022715963508000662,0.1797871966328865,6.205255765735571e-05,8.491176565034175e-06,0.7431735664705175,1.2675101489335977e-06,1.462380503708882e-05,0.00022850409398885544,0.06821920701238694,4.9100164103431904e-08,1.8368018306038212e-06,0.001919307611825563,9.867447023693195e-06,6.617599355910647e-05,0.0008586162232254039,1.2763746894369125e-05
23,4.312275536024736e-05,1.981723069347893e-08,0.00017166604813711905,0.009717530864691262,3.034014466997795e-06,1.9479926115609044e-05,2.3250225627719744e-07,3.002230257703964e-10,1.6162669125116892e-09,0.00043223850705340365,0.19159001856585542,5.125973992382154e-05,6.57367947826247e-06,0.6874761297262694,9.142348552924964e-07,1.622980176031479e-05,0.00040931056015534406,0.1059709817137229,2.6292154490933723e-08,1.6215700976393804e-06,0.002821339104894487,1.1913085844624704e-05,4.4290906900611274e-05,0.001204482344315145,7.582321970749911e-06
24,4.7016907909090375e-05,2.05580296172508e-08,0.00018491696397629175,0.00964964693139673,2.923394636393277e-06,2.0756778211736035e-05,2.4156956867938674e-07,3.1607580966525614e-10,1.7059949004252587e-09,0.0004737703671848283,0.19698007997879485,5.022680106431618e-05,6.365561260468542e-06,0.6813951116167186,1.0201128473683334e-06,1.6254908369446757e-05,0.0004333558518114367,0.1062988663534317,2.8434160333863188e-08,1.718773384982441e-06,0.0030276755693242207,1.3232002190834035e-05,4.595177625779137e-05,0.0013427323406770236,8.084426722486967e-06
25,4.970085846845367e-05,1.4261850105013327e-08,0.0001897490622091248,0.015410944509038176,3.2920653371179592e-06,1.3532774350976038e-05,2.632524083347562e-07,4.194803984841779e-10,1.1649268074574543e-09,0.0003692786479257917,0.2508155086782697,5.67777145938731e-05,9.213388541580521e-06,0.596248404076025,7.949180148462005e-07,2.0663410328293484e-05,0.00046179965845132714,0.13205957376550212,2.816928337489468e-08,1.4068225395469922e-06,0.003150645239689122,9.436551031803861e-06,4.364894598079926e-05,0.0010800177382989697,5.303907454525926e-06
26,7.794854218389685e-05,2.2673663458925763e-08,0.00021162365856698816,0.014540004095145059,3.4241826150348045e-06,2.2851879151462213e-05,2.411461474786939e-07,4.468423786081024e-10,4.241631070973098e-09,0.0004571956792954858,0.2608776675108292,3.566835896012632e-05,7.341161784927747e-06,0.6158820547149582,1.3722408237184291e-06,1.9034282289115665e-05,0.0005399283144132966,0.1015423422281797,2.398602975831151e-08,2.0237921145805348e-06,0.0020831992884281286,1.0769436700134328e-05,7.655086769737214e-05,0.003599898200382129,8.809071167418592e-06
27,3.471694558709823e-05,1.811031482646141e-08,0.00014247384896830066,0.008007972734484153,2.6606763544467995e-06,2.0522870008980698e-05,2.7190335938145674e-07,2.8929625386767157e-10,2.573699141204993e-09,0.0005773161450457775,0.17628284760383453,3.292916193679668e-05,4.709832130113257e-06,0.7386192906881738,1.4536960867500938e-06,1.5292183424724504e-05,0.0003772860948176203,0.07174823235440514,2.502024552395156e-08,1.995747102871916e-06,0.0022590926653539047,1.8259671640632995e-05,5.014414247309064e-05,0.0017925905788413548,9.89446241464676e-06
28,4.312275536024736e-05,1.981723069347893e-08,0.00017166604813711905,0.009717530864691262,3.034014466997795e-06,1.9479926115609044e-05,2.3250225627719744e-07,3.002230257703964e-10,1.6162669125116892e-09,0.00043223850705340365,0.19159001856585542,5.125973992382154e-05,6.57367947826247e-06,0.6874761297262694,9.142348552924964e-07,1.622980176031479e-05,0.00040931056015534406,0.1059709817137229,2.6292154490933723e-08,1.6215700976393804e-06,0.002821339104894487,1.1913085844624704e-05,4.4290906900611274e-05,0.001204482344315145,7.582321970749911e-06
29,4.312275536024736e-05,1.981723069347893e-08,0.00017166604813711905,0.009717530864691262,3.034014466997795e-06,1.9479926115609044e-05,2.3250225627719744e-07,3.002230257703964e-10,1.6162669125116892e-09,0.00043223850705340365,0.19159001856585542,5.125973992382154e-05,6.57367947826247e-06,0.6874761297262694,9.142348552924964e-07,1.622980176031479e-05,0.00040931056015534406,0.1059709817137229,2.6292154490933723e-08,1.6215700976393804e-06,0.002821339104894487,1.1913085844624704e-05,4.4290906900611274e-05,0.001204482344315145,7.582321970749911e-06
30,4.312275536024736e-05,1.981723069347893e-08,0.00017166604813711905,0.009717530864691262,3.034014466997795e-06,1.9479926115609044e-05,2.3250225627719744e-07,3.002230257703964e-10,1.6162669125116892e-09,0.00043223850705340365,0.19159001856585542,5.125973992382154e-05,6.57367947826247e-06,0.6874761297262694,9.142348552924964e-07,1.622980176031479e-05,0.00040931056015534406,0.1059709817137229,2.6292154490933723e-08,1.6215700976393804e-06,0.002821339104894487,1.1913085844624704e-05,4.4290906900611274e-05,0.001204482344315145,7.582321970749911e-06
31,9.647923364272974e-05,2.6899946755057056e-08,0.0003235911202690523,0.010450582147588872,3.7762190577062954e-06,1.6509238618500702e-05,2.692893284182049e-07,6.060821096361975e-10,1.455726399566829e-09,0.0004170485303278209,0.17278911014296222,8.494469449116124e-05,1.1206555887237484e-05,0.6005320189858567,6.836186195127116e-07,1.662843537148326e-05,0.000530593764763684,0.21023754883741883,4.722115155229471e-08,2.2251349754187147e-06,0.003337293977093922,1.3543414107014568e-05,4.08243851541058e-05,0.0010858632039116589,9.182887647305064e-06
32,4.348319525977972e-05,2.1254760322732732e-08,0.00018193478031693455,0.009135213033621399,3.2581599150677427e-06,2.1275849006055623e-05,2.5357415160493196e-07,3.3930405934909995e-10,1.6201486979594137e-09,0.00044143559673229715,0.19155421058203154,5.4872256465440274e-05,7.0871573767722705e-06,0.6914459037285315,9.997793265244598e-07,1.7259742940643185e-05,0.00040548076958394415,0.10251378955985666,3.349133995206636e-08,1.8223226990612811e-06,0.0029945773600196617,1.351552195644538e-05,4.6997262028594424e-05,0.0011086976347284437,7.875427898719331e-06
33,3.793413591615335e-05,1.778958489854922e-08,0.00014639016597428625,0.009555067298041004,2.4092186108054272e-06,1.777084382287281e-05,2.3621349267612058e-07,3.260220630427809e-10,1.5027014575932993e-09,0.00041708714512166757,0.16330853902010714,5.993458405436867e-05,8.619479774054727e-06,0.701153085367841,5.963032893618771e-07,1.748913951000937e-05,0.000515381694169786,0.12162974212162919,2.414320325254657e-08,1.5577805399704685e-06,0.0021908132101854908,1.2416327335909967e-05,3.7016963005400296e-05,0.0008814128040945467,6.456421972726049e-06
34,8.667387784251957e-05,3.826295677836724e-08,0.0002613410741120924,0.006129337725638608,4.996413758804854e-06,1.44698006830161e-05,1.743224283466251e-07,3.1274835803603103e-10,2.49189239174695e-09,0.0003640253317675796,0.30538056584757295,4.4888244747165495e-05,8.504591522138646e-06,0.6145089655447141,1.1234663404476656e-06,8.959870267476566e-06,0.0002957695536598645,0.06854487582697315,6.883910050208706e-08,1.509335552901824e-06,0.0024591159516692937,1.521870752386154e-05,4.927632788307437e-05,0.00181080289062506,9.295388019364176e-06
35,0.00033921512623378164,2.5881021347348358e-08,0.00020388018187971803,0.009238863285607456,1.6513874825896382e-06,8.22741552825307e-06,2.600766659269542e-07,1.131748566533543e-09,2.9350399981620363e-09,0.0007745267827478293,0.08937904285614934,0.00011286793516095364,1.2276610982872188e-05,0.3238084482385992,1.8648395295075195e-07,2.1829709196886232e-05,0.0011778114625884775,0.5717702473182246,4.431968699443979e-08,2.030520279570928e-06,0.0019641683624866766,1.298281740348551e-05,2.0150756946717998e-05,0.001141772333020964,9.486071364869252e-06
36,3.4902037523583774e-05,1.660121208177454e-08,0.00011793352227027568,0.01052500469414309,1.7849878563795462e-06,2.6239941174168553e-05,3.3954150962155474e-07,5.889799453050127e-10,2.4960670481776404e-09,0.0005075736185592196,0.1284386027701806,6.991131924062275e-05,1.0574485580887495e-05,0.7325611741641073,7.232633042844234e-07,3.285307647081888e-05,0.0010250837210965522,0.12408221336470791,2.760579486048096e-08,2.122358329243698e-06,0.0016580044160190203,1.9260341464064674e-05,5.0049188925057186e-05,0.0008286489715300286,6.952923953446215e-06
37,3.650351337585881e-06,6.284474589907704e-08,5.1848108353964855e-05,0.0025901014223931635,7.509270853824485e-06,0.0001615217459634726,3.2698932416418154e-07,2.5721978525564915e-10,2.534857188309034e-09,0.00033917840019314196,0.10344204600482415,8.450657341523083e-05,7.992525471602783e-06,0.8789942593714223,2.2591780531158837e-06,4.3706956745416525e-05,0.0002899776434063322,0.009770951917430323,8.95000767192073e-08,2.510121626079182e-06,0.004001824899586234,2.0044324735715592e-05,8.418907626393965e-05,9.601600985214208e-05,5.4239718484777745e-06
38,4.211432187427645e-05,1.8478506556029965e-08,0.00015812502554198718,0.008377963478163754,2.875848383043636e-06,1.1445914378160776e-05,1.5419369249948633e-07,2.068968737336884e-10,1.7384585940122052e-09,0.0003930696550053798,0.16870463277621336,4.0328991838033685e-05,4.830838770679979e-06,0.7157241603805196,6.761638201697945e-07,8.783442478840562e-06,0.000328270787962312,0.10271604704810004,1.601952558304366e-08,1.246172330219346e-06,0.00205701610528335,1.109081949321144e-05,3.1153738657756906e-05,0.001378150026446246,7.827827659395358e-06
39,5.268414561009665e-05,2.1291940892814208e-08,0.000187307781900782,0.01115539707985013,3.2291825475929907e-06,2.7909674581304235e-05,4.460205167137949e-07,5.778689434074642e-10,1.4991764950228841e-09,0.0005000724891445068,0.17290361790500608,7.195210415709296e-05,8.201227035341824e-06,0.6675338933909976,1.3761446344421878e-06,2.85154140588202e-05,0.0005343415449510942,0.1412037293137273,4.468788149228122e-08,2.4890201557759095e-06,0.004649460114084237,1.6336998107815982e-05,6.687748967095186e-05,0.0010409447768742538,1.1150125520386055e-05
40,4.306457317859013e-05,1.9876773336607208e-08,0.00017204045693091526,0.009686032382736366,3.0418907754960904e-06,1.9485529481875568e-05,2.3216494087749046e-07,2.995053367013751e-10,1.6133385682656363e-09,0.0004314723602787168,0.19142908754689866,5.132104419991351e-05,6.568816128023503e-06,0.6878390959902314,9.144965971713022e-07,1.6172997507821782e-05,0.0004081431440678849,0.10580568871708565,2.6334349919489467e-08,1.6201223254500872e-06,0.0028214387520449267,1.192340086413069e-05,4.417187140659712e-05,0.0012008508508888631,7.584767463202538e-06
41,3.796043403884049e-05,3.037777728397899e-08,0.00021730053456805166,0.012919262949724147,4.855306907564098e-06,2.7107726849374145e-05,2.1749972605343086e-07,3.20273396965484e-10,2.9405112656165614e-09,0.0004283598910596322,0.21136188960568814,4.5165988677203636e-05,8.370217973220622e-06,0.701882400452426,1.0568855831242412e-06,1.946661752643369e-05,0.00044642952982632233,0.06894882400616721,2.2666077334386877e-08,1.4455422769218482e-06,0.002075125502124961,9.114584286862199e-06,4.0450160834429604e-05,0.0015194750872102307,5.665171885872002e-06
42,6.957816947434512e-05,3.268894604266176e-08,0.0004868894519664718,0.011268059436299868,4.549996288472143e-06,3.0897691904324775e-05,4.009313250316854e-07,1.386434149866776e-09,2.341703532805016e-09,0.0010068776902951153,0.226650133466485,8.86535277875628e-05,1.2832226907715013e-05,0.663109830780485,1.978670524293567e-06,3.1274939853124376e-05,0.0007402478630919691,0.08844823100684407,1.5921655914442698e-07,3.581146507633962e-06,0.0067193795723501076,5.62047951752556e-05,4.90343388268892e-05,0.0012138999818447308,7.268682120167197e-06
43,3.722638460982585e-05,1.4479533855531728e-08,0.00017541155860500206,0.009651694404655284,2.700013658318645e-06,2.432155297450644e-05,2.5073123111996256e-07,4.0446914537598907e-10,3.1334572483358297e-09,0.0013054121367844797,0.14872435469132642,2.637035114890052e-05,4.117139203325658e-06,0.7641632190390691,1.391302505337776e-06,1.988686291270579e-05,0.0003799022173743435,0.06966285104324113,3.100362687235082e-08,3.6646002234971013e-06,0.0034039982169672724,2.6009640657078655e-05,5.110795427961261e-05,0.002327341967630199,8.719169855523981e-06
44,4.312275536024736e-05,1.981723069347893e-08,0.00017166604813711905,0.009717530864691262,3.034014466997795e-06,1.9479926115609044e-05,2.3250225627719744e-07,3.002230257703964e-10,1.6162669125116892e-09,0.00043223850705340365,0.19159001856585542,5.125973992382154e-05,6.57367947826247e-06,0.6874761297262694,9.142348552924964e-07,1.622980176031479e-05,0.00040931056015534406,0.1059709817137229,2.6292154490933723e-08,1.6215700976393804e-06,0.002821339104894487,1.1913085844624704e-05,4.4290906900611274e-05,0.001204482344315145,7.582321970749911e-06
45,4.834687338098854e-05,1.8818214163553114e-08,0.00035129116232955875,0.021961495227999533,4.278662819415255e-06,4.4920287844316765e-05,5.491795572942757e-07,9.288798212522541e-10,2.6080370209664183e-09,0.0006837507014941122,0.2584662846563181,4.091721002032202e-05,9.246439415782494e-06,0.6337330298664707,3.1533252738467704e-06,4.598204193823709e-05,0.0006241441741556467,0.07768155727081798,5.5028059328527145e-08,2.983176356230659e-06,0.003900647911572625,1.8018013367889172e-05,7.703444361281115e-05,0.0022956605291444576,6.631462919792265e-06
46,8.470848636340065e-05,2.0944883701429343e-08,0.0001964128068822433,0.0240147821908255,1.4886937582564768e-06,3.578073509300512e-05,3.408709405172714e-07,8.971341640875822e-10,2.728276025050316e-09,0.0005815584965311953,0.26586060540498174,6.611128083287969e-05,1.406253704295271e-05,0.541859880812747,1.02340511218996e-06,4.42799573010525e-05,0.002043149670212408,0.16011537681356672,2.2944472302470203e-08,1.4598056754733556e-06,0.002750109339776858,1.5728453582705798e-05,6.584404692247138e-05,0.002241833006689159,5.415670395919798e-06
47,0.00010803463340911249,4.232456091433637e-08,0.00020554517724533108,0.00504640630518319,2.4167647721193927e-06,2.0757618420808704e-05,3.3772474647783907e-07,6.077678331363201e-10,2.0687716863748503e-09,0.0007840914786481722,0.13914768881185682,0.00014464877807032967,9.919734579669888e-06,0.62587475744986,6.910766862856787e-07,1.7751496484659716e-05,0.0008001972732945129,0.22268730839885223,8.568984551331596e-08,2.881227833665795e-06,0.0041898581200643685,3.723347861209601e-05,3.663699106108198e-05,0.0008671375799888077,1.5569189384335335e-05
48,6.268342957917206e-05,3.309765460445891e-08,0.00023872307096491088,0.013123540374269422,3.167613900657501e-06,3.685637572383677e-05,3.713775797593615e-07,6.717244540873537e-10,2.3561698765877026e-09,0.0004704536671800358,0.22620458110543232,7.925025473480542e-05,1.3771784329164696e-05,0.6413335699186389,1.1382553923210837e-06,2.8557584883564708e-05,0.0008873889695586656,0.11299469109693738,5.131631742056858e-08,1.9321763703269013e-06,0.003287425592175294,1.5495479836703408e-05,5.920037103543325e-05,0.0011498909652717223,7.223094339339023e-06
49,3.523293858068587e-05,2.4926428489664676e-08,0.00022491432033064398,0.00743092455020759,3.0669972103316374e-06,2.2777537454660396e-05,2.2164043214516445e-07,2.6862854794873863e-10,1.2977683122559603e-09,0.0004434927958663921,0.1551161214250054,6.583457855814344e-05,6.597748543596861e-06,0.724239819309025,8.378440460705013e-07,1.240532214207924e-05,0.0003903001382658388,0.10806262789319569,2.8764294665301036e-08,1.7059174630981796e-06,0.00304306413999714,1.6376152278933004e-05,2.9808849618217424e-05,0.000846235559798984,7.579084859214807e-06
50,4.315669426522415e-05,1.941772104574992e-08,0.00016860805580025983,0.009410131619422852,2.9887242312546975e-06,1.877837284134482e-05,2.3792162295825325e-07,3.008248420880644e-10,1.622932252938063e-09,0.0004484858032569639,0.18593200302790808,5.0332248630211165e-05,6.4047411652194645e-06,0.6925541417685775,9.138226846142009e-07,1.597105327911505e-05,0.00040129786098891027,0.1068590850614599,2.6706031377842883e-08,1.6741279318652725e-06,0.0028132649930891524,1.2406445715849011e-05,4.3774108879732295e-05,0.0012083791475097222,7.916353229736226e-06
51,3.387581819805373e-05,2.4525928122994055e-08,0.00022767086761166659,0.020308589713502297,3.3918664838154506e-06,9.800789071179098e-06,1.0567271161161395e-07,1.9619131104348577e-10,2.4838594325349714e-09,0.0003857122002300416,0.24206192267634097,3.422088425478778e-05,7.891899397806364e-06,0.6708151227015235,4.472543045493441e-07,8.44051643253275e-06,0.0005354913615690793,0.06231014950183065,7.488665863085041e-09,4.55506351390362e-07,0.00135013216214222,7.1394318782957835e-06,1.3408163584031147e-05,0.0018834390259736809,2.557291963087006e-06
52,3.787206881602517e-05,8.067907185754895e-08,0.00018848856950420348,0.004576703376883861,5.988215348074342e-06,2.9462890239991114e-05,3.6800210620131943e-07,3.044794036057831e-10,1.437162571194599e-09,0.0002521328630798238,0.17179241746872242,0.00010474250528846819,6.926483443343196e-06,0.7541483348698893,1.8603652334555468e-06,1.0828467680296264e-05,0.000321542992877575,0.06273983081040252,7.444322599780702e-08,1.0809761166345887e-06,0.0052704574985924235,1.7311800957928733e-05,4.714966902181461e-05,0.0004312289700472115,1.5114271808570361e-05
53,2.4267725104959308e-05,9.54210156590805e-09,7.353574604545791e-05,0.01132800513323617,2.23650778657498e-06,1.9114070277373876e-05,5.529984841692853e-07,3.2344622824985293e-10,2.084082837805024e-09,0.0004221549995698493,0.15745230711766073,2.8982727101799564e-05,4.759831265175182e-06,0.7312587877767694,1.5593339582532192e-06,2.5264918632643875e-05,0.0003352523468230882,0.0953267856252531,1.645136752348378e-08,2.344567221496511e-06,0.0020790627855846616,1.0194857663045008e-05,8.245392960363065e-05,0.0015110615558443482,1.1287045116087216e-05
54,3.235933451931897e-05,2.9753560825579255e-08,6.818337254690635e-05,0.004361300013374025,2.297595204347169e-06,1.829312349999433e-05,2.64647875004313e-07,1.8196855828591638e-10,1.775086603943223e-09,0.000418757282547591,0.1086742867555839,7.274480939475468e-05,4.861367448018829e-06,0.770297691571576,6.311414565271549e-07,1.4764993506922769e-05,0.00037953044620295305,0.11278750504089852,2.1237923119881612e-08,1.3480889853819373e-06,0.002171570059979118,1.2357210420438014e-05,3.646551662098832e-05,0.0006318561777299606,1.2878502090064431e-05
55,5.253264902411095e-05,4.535130370582171e-08,8.933765360462511e-05,0.004907735719454668,4.074466948369285e-06,1.0469749488078248e-05,2.1479921916687075e-07,1.460556174536574e-10,1.409199990724294e-09,0.00019275385129495964,0.13367314320566484,0.000183814212910434,7.683018262876707e-06,0.6168762894165217,3.0513502974988495e-07,1.0448858911558482e-05,0.0003439109406275103,0.24101359091050065,1.857893991687467e-08,8.664141887777821e-07,0.0021582076076032434,5.879211949710737e-06,2.2797004706020308e-05,0.0004338195207266897,1.206016786303981e-05
56,4.185733602586261e-05,2.1302749435383542e-08,0.0001689432051354719,0.009519444016354711,3.103148835158642e-06,1.8928697655151005e-05,2.3612035745038123e-07,2.989592981438091e-10,1.6479942030739803e-09,0.0004038108799877082,0.19323686956032393,5.465331076754329e-05,7.474131968247989e-06,0.6858107241020931,8.374920377426218e-07,1.5745475670696234e-05,0.00041695933712828715,0.10655600674566472,2.623813821367993e-08,1.546099615139476e-06,0.002572910232556252,1.1552238742553563e-05,4.1620503100591194e-05,0.0011093062926020338,7.421585536293558e-06
57,5.283378011542332e-05,3.437341025067249e-08,0.0002924438236359302,0.006596991043596725,5.377142183113362e-06,2.2892178677690428e-05,2.936026233685775e-07,5.120214970649888e-10,1.2279018845186877e-09,0.0004621168529301478,0.18742182342120753,0.00011856213871687007,1.0547732113879268e-05,0.6816095060876193,9.853102163956092e-07,1.966668364914484e-05,0.0004038280340959996,0.1174439397881991,9.898885169565031e-08,2.3432080765459965e-06,0.004885843099227354,2.4428206848838412e-05,3.795834496390621e-05,0.0005791744915160974,8.309927601402241e-06
58,4.580270618051131e-05,1.9336525672696316e-08,0.00018800587311040623,0.010436120922018116,3.0055535315919873e-06,1.963269344288882e-05,2.4020287365207597e-07,3.113596514670789e-10,1.9060294522912937e-09,0.000487096558161391,0.2083648840979621,4.398568659963136e-05,6.362005716747677e-06,0.6761114221180596,1.0750033243056204e-06,1.6425647127262488e-05,0.00040946811678327,0.09946494266589191,2.5913739652140962e-08,1.6966436371619165e-06,0.00269226272138749,1.2971008303485981e-05,4.5424821263463144e-05,0.0016412945228050293,7.832964165469486e-06
59,4.363412329577313e-05,1.8624547184562117e-08,0.00019386671389370557,0.010711710318841605,2.9822537122150884e-06,1.9788897680207228e-05,2.3343177396966965e-07,2.983238769642056e-10,1.8974227766066688e-09,0.0004968837543978848,0.21066735076974064,3.9558330123607056e-05,5.695967209967359e-06,0.6791511609269146,1.1831556303845785e-06,1.5599387182937947e-05,0.00038870472459870734,0.09367938521493031,2.386460756212216e-08,1.6652547581439278e-06,0.00273911061234043,1.2896484568380037e-05,4.541261655672068e-05,0.0017753761239681506,7.756252980315363e-06
60,4.312275536024736e-05,1.981723069347893e-08,0.00017166604813711905,0.009717530864691262,3.034014466997795e-06,1.9479926115609044e-05,2.3250225627719744e-07,3.002230257703964e-10,1.6162669125116892e-09,0.00043223850705340365,0.19159001856585542,5.125973992382154e-05,6.57367947826247e-06,0.6874761297262694,9.142348552924964e-07,1.622980176031479e-05,0.00040931056015534406,0.1059709817137229,2.6292154490933723e-08,1.6215700976393804e-06,0.002821339104894487,1.1913085844624704e-05,4.4290906900611274e-05,0.001204482344315145,7.582321970749911e-06
61,4.804113246240871e-05,1.8892470078179373e-08,0.00022047120684821965,0.011442347903832627,3.0468493058935755e-06,2.006774131645036e-05,2.2709747511717958e-07,3.349802983315144e-10,1.7940830539933164e-09,0.0004971509726779272,0.20815752762161127,4.304621946643882e-05,6.190626113225338e-06,0.6714878313559873,1.1067632259166968e-06,1.592036376596934e-05,0.00041980667518506535,0.10297478195898936,2.5613583307411077e-08,1.7212839228745165e-06,0.0028997360068833706,1.3035611931964988e-05,4.4204917324142644e-05,0.0016963123840763508,7.37867248137098e-06
62,4.312275536024736e-05,1.981723069347893e-08,0.00017166604813711905,0.009717530864691262,3.034014466997795e-06,1.9479926115609044e-05,2.3250225627719744e-07,3.002230257703964e-10,1.6162669125116892e-09,0.00043223850705340365,0.19159001856585542,5.125973992382154e-05,6.57367947826247e-06,0.6874761297262694,9.142348552924964e-07,1.622980176031479e-05,0.00040931056015534406,0.1059709817137229,2.6292154490933723e-08,1.6215700976393804e-06,0.002821339104894487,1.1913085844624704e-05,4.4290906900611274e-05,0.001204482344315145,7.582321970749911e-06
63,4.3472918145824356e-05,2.151519479954277e-08,0.00017149024801613793,0.00934909104142508,3.097671595871635e-06,1.9443851064839946e-05,2.3116227004127238e-07,2.922168211727231e-10,1.6639430398889244e-09,0.00042677143915522276,0.19183883171650723,5.2679193444460884e-05,6.632338054724632e-06,0.6896272031701284,9.087096744451266e-07,1.5535188682395228e-05,0.0004097111944022696,0.10399164290320882,2.6501373739918895e-08,1.5609401165309584e-06,0.002794133982275788,1.2007680018612416e-05,4.284186079851284e-05,0.0011849191694492031,7.743648837352514e-06
64,4.672749174934036e-05,2.2372553275393213e-08,0.0002010024538670895,0.010260723950954995,3.582494310497871e-06,2.0187316243406504e-05,2.4921799535761475e-07,3.31101551085713e-10,1.5346997819729394e-09,0.0004782585161652239,0.2042014749068047,5.6275709348782755e-05,6.347205325586279e-06,0.6722104431995484,1.065667834718146e-06,1.606023859761352e-05,0.00037765134397435524,0.10674194937296073,3.197382744576119e-08,1.7478666479365108e-06,0.0040805756419500985,1.3017215875315509e-05,4.611707279542434e-05,0.0012283478950119732,8.139009856409357e-06
65,3.145305750478963e-05,2.7381776579386502e-08,0.0007173656350381398,0.018938096333432585,4.843414605709447e-06,5.7046510605377874e-05,4.119289180515177e-07,6.004627472198089e-10,1.4771791792748065e-09,0.0005431451728338957,0.3084121036484591,2.5931543952735075e-05,6.557356522576754e-06,0.6275546502114248,6.192341015521855e-06,2.001661874312359e-05,0.0004106845091456462,0.03528333836879826,5.13708671664736e-08,1.7061545473370256e-06,0.005783449191293119,2.0545934885227264e-05,5.390959788347552e-05,0.0021230506018266866,5.4210382783319365e-06
66,7.764089082995027e-05,2.997073681330345e-08,0.0001940145166227544,0.009736566536238986,2.6380920684589456e-06,3.75640414061601e-05,5.064091094762447e-07,7.263550310944612e-10,3.2626938215506916e-09,0.0004321954587170974,0.19629301055439413,5.674040941368288e-05,8.750280723103964e-06,0.6670899643010749,1.9821610393836048e-06,2.166753547972305e-05,0.0006927845796720772,0.12047703578159026,5.722022663856356e-08,2.996472708062039e-06,0.0029794875006648237,1.8672701538490074e-05,0.00010724685691812664,0.001753509852218765,1.4933887559395409e-05
67,7.92901148225044e-05,2.9067127523756767e-08,0.00032568480575074533,0.015366831779788094,6.087630599267576e-06,1.6069327644614478e-05,2.507020185178523e-07,5.268893451685136e-10,2.549133732783061e-09,0.0005197873874194142,0.24777544284769085,6.42237582397669e-05,1.0096926114622876e-05,0.6107289471930553,9.362490451995642e-07,2.18459839942765e-05,0.0004758454581973181,0.12004699835976756,4.307193361205846e-08,1.502893791871765e-06,0.0029678993673724445,1.1397678654527738e-05,3.356106983507858e-05,0.0015410454683789307,6.1797827349762605e-06
68,4.1602345262806964e-05,2.1420148498778607e-08,0.00017709533708239308,0.009478596111028314,3.3246595310052986e-06,2.1386039630434112e-05,2.3451627520171015e-07,2.9549578192435254e-10,1.8561447516960456e-09,0.00048150601882309237,0.20205006040469461,4.2831686506759904e-05,5.64911577460471e-06,0.700498616742584,1.216874470943532e-06,1.613233275780043e-05,0.00038116166575741456,0.08241607578449205,2.7781232904232394e-08,1.6174875140886685e-06,0.002878029246391492,1.362483775605771e-05,4.617881589731012e-05,0.0014372118265754538,7.79679817233515e-06
69,4.7724532030199795e-05,2.6439507360790357e-08,0.0001679738990122814,0.005491851710448674,2.2745890796538354e-06,3.218085561068991e-05,3.317937066206184e-07,3.4995992735843283e-10,1.1532546083329817e-09,0.000473116670354179,0.20439141798704208,7.490978920113913e-05,9.316673200699913e-06,0.6745043214835897,9.635438565791683e-07,1.683789800910206e-05,0.00048498122362966096,0.1092457283378733,6.436991329682339e-08,2.3655571452470593e-06,0.00421799281098953,2.2067941388490585e-05,5.4968250370722763e-05,0.0007495066585290899,9.075482297235534e-06
70,2.8188842501723143e-05,1.4496781800610385e-08,0.00013531870438457754,0.013015243520199624,2.8118370121293283e-06,2.3733389982716972e-05,2.382056899292785e-07,3.229480743709973e-10,2.0501643730437423e-09,0.0004206981054525507,0.1553571235588117,4.4203280757064885e-05,7.4051074465806535e-06,0.7268541308787645,7.525161421658151e-07,2.385331629211181e-05,0.0004751596555891219,0.10042389071948289,1.5515272253071886e-08,1.8644063612455159e-06,0.0019454699510924388,9.121367023311924e-06,4.9481339782127154e-05,0.0011754895605258922,5.789351539491906e-06
71,4.681741548777804e-05,1.9186655809826675e-08,8.471988784829395e-05,0.008655027811606767,3.6422306899828232e-06,1.2875123294031156e-05,2.1150288651080798e-07,2.6001747941482404e-10,1.9108161652494392e-09,0.0003657641057882142,0.19026243742933213,6.68635044498363e-05,6.550726435035547e-06,0.6683668878408529,6.249010924605716e-07,2.1709222878847273e-05,0.00036932759876081656,0.12830477777803356,2.272342212074644e-08,1.4453913292452181e-06,0.0023852015894244723,8.101639923822307e-06,5.324679464025992e-05,0.0009752859942712841,8.43743006225008e-06
