,0,1,2,3,4,5,6,7,8,9,10,11,12,13,14,15,16,17,18,19,20,21,22,23,24
0,4.1298688229081665e-05,2.675085922233726e-08,0.00026016634831143204,0.011826804212583562,4.099413360614458e-06,2.3174791630282657e-05,1.5099158574791986e-07,2.125085697043303e-10,1.3605633034958147e-09,0.0002634956331822995,0.2759763216431026,4.62236058969178e-05,6.631395463124447e-06,0.6295104383180332,1.0106797533555906e-06,1.0818699417545197e-05,0.00033727363508179924,0.07729693434759638,2.001735285341964e-08,9.724697534808971e-07,0.003009715307770912,7.2467470766463426e-06,3.9407000442494895e-05,0.001332877834254847,4.8898961897333535e-06
1,5.444809492885451e-05,3.239358784784603e-08,0.0003414849390376179,0.015335780239185932,5.111080416653521e-06,3.7480693172919055e-05,2.0276004389915837e-07,3.939252288363401e-10,2.6269762540614973e-09,0.0004463866493216297,0.3044985157460397,4.899500229255686e-05,9.034766647979396e-06,0.602204413258344,1.4016763343256592e-06,2.0804517747749814e-05,0.0004657118893957756,0.07091012285183027,3.5446236297725365e-08,1.6984810461262225e-06,0.003477833340332368,9.93111405798419e-06,5.418386513095838e-05,0.0020714747748569267,4.913399110161954e-06
2,4.252599661482037e-05,2.5512285016029128e-08,0.0002620190544855924,0.01049798516320268,4.219746664234176e-06,2.5979457025398933e-05,1.757422185005405e-07,2.519721619391776e-10,1.6715281725027522e-09,0.00034250189564200153,0.2454507927276368,4.237971025485944e-05,5.990232037477331e-06,0.6621995746453204,1.2420432612611143e-06,1.178294900853677e-05,0.00031011575566606636,0.0759950823441948,2.5644154794773086e-08,1.500939002367507e-06,0.0032026319058517183,9.766098730651353e-06,4.7452469377675764e-05,0.0015400049009596036,6.2231429043526736e-06
3,4.29474850203489e-05,2.7638151388665747e-08,0.0002690679686141677,0.0117167844034534,4.118114607691676e-06,2.70002353952942e-05,1.698826149118899e-07,2.3982615129722326e-10,1.4734854084991836e-09,0.00030594781992386306,0.2698332694598958,4.80997031501524e-05,6.820198864209353e-06,0.6336287242564911,1.1158388319224306e-06,1.2381940661875387e-05,0.0003478933640077885,0.0789657731972032,2.368389751756782e-08,1.182376908599298e-06,0.00331901098054406,8.305469555821142e-06,4.333685069754519e-05,0.0014126840465788332,5.313371619084191e-06
4,3.709471239863852e-05,2.9208605369715985e-08,0.00023630185765679683,0.010837806925316034,4.0120577030106596e-06,2.4385743828796833e-05,1.6295477276323607e-07,2.1378810968413323e-10,1.3626440726737394e-09,0.00026119664784537554,0.26452534179962245,5.3100751780878906e-05,7.994240092820826e-06,0.6413547142869666,8.764529116297021e-07,1.1086722681081636e-05,0.0003434130127037725,0.07824934963217588,2.1590952302684182e-08,1.0176237595323142e-06,0.00289863703224848,7.581111903416346e-06,3.828758005806694e-05,0.0011026458181910294,4.940659393151409e-06
5,4.950148557113212e-05,2.0593775936275234e-08,0.00022635842882680075,0.0125514780470762,3.344553872656157e-06,1.954204110777451e-05,1.675640482524115e-07,2.366276867226423e-10,1.4105877955999568e-09,0.0003195832476474018,0.23439816955495404,4.745047326231245e-05,6.234490487526619e-06,0.6286042851260688,8.078149412474492e-07,1.1991263554648667e-05,0.0003552724603371872,0.11881468774328921,1.6619654806094953e-08,1.272257675075374e-06,0.002920644645125011,7.5207234185881745e-06,4.0704839130621985e-05,0.0016150609769273725,5.8834020318533126e-06
6,4.29474850203489e-05,2.7638151388665747e-08,0.0002690679686141677,0.0117167844034534,4.118114607691676e-06,2.70002353952942e-05,1.698826149118899e-07,2.3982615129722326e-10,1.4734854084991836e-09,0.00030594781992386306,0.2698332694598958,4.80997031501524e-05,6.820198864209353e-06,0.6336287242564911,1.1158388319224306e-06,1.2381940661875387e-05,0.0003478933640077885,0.0789657731972032,2.368389751756782e-08,1.182376908599298e-06,0.00331901098054406,8.305469555821142e-06,4.333685069754519e-05,0.0014126840465788332,5.313371619084191e-06
7,5.200703621038657e-05,3.333582863749035e-08,0.000360805572965355,0.012783765352524278,4.525810632136405e-06,2.6852587143493587e-05,1.689805656513683e-07,2.736649125856032e-10,1.423600250901062e-09,0.0002901632158306284,0.3140288769761052,5.399914125059329e-05,9.143017346861605e-06,0.5850648300013364,1.043038661859365e-06,1.1877011649194284e-05,0.00038855823865863257,0.08214394547996563,2.8602791067177847e-08,1.0803590836077366e-06,0.003313875909700494,8.154386728522263e-06,3.75258528847325e-05,0.0014141253717336272,4.61302313789909e-06
8,4.193657798473882e-05,2.5436006213297017e-08,0.00026225795615052893,0.011613456515928306,3.903572904855187e-06,2.523921476586972e-05,1.6421687147780054e-07,2.2216533018008503e-10,1.5448551841215523e-09,0.00032113258608117016,0.26309694412828794,4.065373308543139e-05,5.839758841299603e-06,0.6444062409247632,1.2015542512466956e-06,1.136724363405349e-05,0.00032144949382433935,0.07497996447666262,2.091920518618147e-08,1.1714533576070272e-06,0.0031486806487879644,8.448420333939361e-06,4.328536955210369e-05,0.001660963230065756,5.650801633621123e-06
9,4.293748436709391e-05,3.5100695306159175e-08,0.0002254475121293566,0.009703960842282063,4.5841881207405814e-06,2.7725299262361033e-05,1.9410224326588357e-07,2.165045557102651e-10,1.1779580824104335e-09,0.00023448835220407242,0.2773422592645203,7.154979882318565e-05,8.056453132765106e-06,0.6166041388508409,9.665551739673753e-07,1.267706139938346e-05,0.0003445212519535366,0.09078346525714005,2.8092881641201308e-08,1.0345585047838873e-06,0.003656231221715492,7.162012324545993e-06,4.205189403926839e-05,0.0008808044615610023,5.678990222197511e-06
10,4.29474850203489e-05,2.7638151388665747e-08,0.0002690679686141677,0.0117167844034534,4.118114607691676e-06,2.70002353952942e-05,1.698826149118899e-07,2.3982615129722326e-10,1.4734854084991836e-09,0.00030594781992386306,0.2698332694598958,4.80997031501524e-05,6.820198864209353e-06,0.6336287242564911,1.1158388319224306e-06,1.2381940661875387e-05,0.0003478933640077885,0.0789657731972032,2.368389751756782e-08,1.182376908599298e-06,0.00331901098054406,8.305469555821142e-06,4.333685069754519e-05,0.0014126840465788332,5.313371619084191e-06
11,4.319290477482746e-05,3.000420009991324e-08,0.0002706111885309796,0.01197912047172603,4.210962733153584e-06,2.7624166566442885e-05,1.8059317142265435e-07,2.633236142150909e-10,1.527983791823683e-09,0.00029770487018922675,0.27314101073806274,5.2661455314707916e-05,8.074916865051573e-06,0.6291856849770393,1.0577679522582998e-06,1.3083567300073073e-05,0.0003785490393262366,0.08005804813744907,2.5343499673611323e-08,1.1686439921103038e-06,0.0031754210750874526,8.434135578205378e-06,4.2646906931186134e-05,0.001306278121223996,5.17822117845889e-06
12,1.215493317498056e-05,2.856985765791978e-08,6.742826834237556e-05,0.0032428678108388136,5.591299182013138e-06,1.5653021875505267e-05,9.311792791275505e-08,3.273012833727936e-11,5.031917008557718e-10,6.60926958047466e-05,0.11536968250167245,6.204258460350654e-05,3.0651420479082165e-06,0.7887084584255503,3.5910084816657706e-07,3.5207571587355287e-06,7.406390467845572e-05,0.09026387497178728,5.4247251822604226e-09,6.871937376947552e-07,0.001837347818031487,1.8625267498397933e-06,2.8860507056479406e-05,0.00022853873005743833,7.720158369218773e-06
13,0.00010828569553430556,3.5210277023158954e-08,0.00043305868817298664,0.011762513328360733,3.912983143067659e-06,7.376567901448858e-05,5.268315169637955e-07,1.0852504385282288e-09,4.705952511806105e-09,0.00162761506698377,0.06825516155376964,5.8986347959329936e-05,5.3192705766016255e-06,0.6992383347202988,1.5183028217690554e-06,3.563805706735168e-05,0.0005835440542684849,0.20962493214044364,5.151402433334166e-08,8.687162948123255e-06,0.005439044240120641,2.713795253248156e-05,5.8016976372932145e-05,0.00263533174273675,1.8576689852774124e-05
14,4.5429528961176044e-05,2.0284440454410137e-08,0.00029939295959177816,0.014581960835177751,3.5015350451998822e-06,2.3838604240080898e-05,1.7497027054121783e-07,2.84197501925211e-10,1.8040347861426372e-09,0.0003829179821047397,0.24868702078162208,3.58264379515871e-05,5.631782857067536e-06,0.6449032838642254,1.287266897334167e-06,1.2415730335195006e-05,0.0003850910227391107,0.08533732259063284,1.8517139399718273e-08,1.3921014184626998e-06,0.0030740091341479253,9.621347132756987e-06,4.551819315547668e-05,0.0021585280750716024,5.794366609757706e-06
15,4.29474850203489e-05,2.7638151388665747e-08,0.0002690679686141677,0.0117167844034534,4.118114607691676e-06,2.70002353952942e-05,1.698826149118899e-07,2.3982615129722326e-10,1.4734854084991836e-09,0.00030594781992386306,0.2698332694598958,4.80997031501524e-05,6.820198864209353e-06,0.6336287242564911,1.1158388319224306e-06,1.2381940661875387e-05,0.0003478933640077885,0.0789657731972032,2.368389751756782e-08,1.182376908599298e-06,0.00331901098054406,8.305469555821142e-06,4.333685069754519e-05,0.0014126840465788332,5.313371619084191e-06
16,4.4520212577656115e-05,3.007545968108356e-08,0.0003050720587141356,0.012333952363165594,4.519382998260155e-06,2.957154807090874e-05,1.7173698027666063e-07,2.648652982287909e-10,1.6940083176411032e-09,0.0002953278453126671,0.2891527093864515,4.569178030882718e-05,7.508480993044891e-06,0.6226236941070327,1.254424844401832e-06,1.2769742311119454e-05,0.0003605497645972068,0.07012869924666429,2.6327136049126374e-08,1.199468988494125e-06,0.003049294959857435,8.372322230956633e-06,4.545275145663544e-05,0.0015445735485084399,5.036506466000653e-06
17,4.192041205721043e-05,2.6755324357292828e-08,0.0002340624415713726,0.010406988576795902,3.786998514209978e-06,2.288686619658949e-05,1.6479409329882934e-07,2.2172738021887285e-10,1.270865545470856e-09,0.00027450878327096574,0.24337890943444715,5.348641854133784e-05,6.847089382549166e-06,0.6488818040886151,8.947716698010301e-07,1.0981079846949513e-05,0.00033742668146937533,0.0919407941184194,2.1506911535860002e-08,1.1244655757901155e-06,0.003197213869030006,8.061940058250184e-06,4.068458701900263e-05,0.0011517214624071597,5.681366189763264e-06
18,4.579180528604293e-05,2.9564647094753166e-08,0.0006251780045548511,0.022483784351229746,8.055253534186606e-06,3.921821639304784e-05,1.6782277588075585e-07,3.662625960210498e-10,1.7052110642832476e-09,0.0002942478732863638,0.4320223356771633,3.682387507354482e-05,9.40218722208068e-06,0.4940190762525503,1.930128295040378e-06,1.852042425148688e-05,0.0003236407432821737,0.04400422051232975,3.6826414166767607e-08,1.169703617389416e-06,0.0038798347979289317,6.522648067493239e-06,4.440618269159002e-05,0.0021330685629548903,2.5365149770731487e-06
19,4.045724706745869e-05,2.9776329642875157e-08,0.00032800839143177905,0.013473961184733051,5.238218390258998e-06,2.2450459026961925e-05,1.7900056252045648e-07,2.8679826848813674e-10,1.3074338461243367e-09,0.00025682384817389954,0.2660704271564456,6.14397491769053e-05,9.309744713124598e-06,0.6276344355417767,8.994268887739248e-07,1.1835316425801747e-05,0.0003439258746317169,0.08756109786900154,2.5562995861321937e-08,1.0969180008891209e-06,0.0030691913452513737,8.122555983399833e-06,3.2980718182684546e-05,0.001063702777124384,4.359723453588189e-06
20,3.4428321218588434e-05,2.4447969612064977e-08,0.0003348318014068955,0.01349842424162513,4.44145582914667e-06,2.8658875513988984e-05,2.2037580737104525e-07,2.894517796640617e-10,1.4295094449166323e-09,0.00036321364308011626,0.3212627796620421,3.218103663676348e-05,5.180787057167809e-06,0.6092755754295931,2.487866934611057e-06,1.2189747771512282e-05,0.0002861046785992794,0.04834109444586508,2.984467483248944e-08,1.1936289913445634e-06,0.004573930697701683,1.1980078399003685e-05,4.896530077749089e-05,0.0018766993418777456,5.362571666161885e-06
21,4.184999588744733e-05,2.901721464744928e-08,0.00018578520999916554,0.008923412341508025,4.3505452384513365e-06,1.739356394597554e-05,1.1827819858766202e-07,1.4643541548597588e-10,1.0980386021038595e-09,0.0003080533883902673,0.24498144447016215,6.270403298509916e-05,5.503996195935405e-06,0.643680232849119,6.30828466312112e-07,9.832323504426474e-06,0.00026243007722333517,0.09654976763264508,1.850810309824835e-08,9.162922747565893e-07,0.003916862533078218,6.678511277730988e-06,3.1141903651250046e-05,0.0010054441757532647,5.398280703768968e-06
22,3.9180659580720215e-05,6.060624928895528e-08,0.0002113519844658217,0.006398595920868642,8.764360382903337e-06,3.407684626723547e-05,2.3296193361395083e-07,2.2029425708350398e-10,2.3793186914946237e-09,0.00016456627077966507,0.25106035343216826,5.723871893302911e-05,8.611028058369724e-06,0.6872344310218979,1.5538729968724763e-06,1.1057164829895605e-05,0.0001966181480454358,0.05117943169477101,4.322976079187765e-08,1.3505926806998262e-06,0.0022897945123533272,6.9695196701945714e-06,6.473186009939435e-05,0.0010220824868762697,8.900506717793985e-06
23,4.29474850203489e-05,2.7638151388665747e-08,0.0002690679686141677,0.0117167844034534,4.118114607691676e-06,2.70002353952942e-05,1.698826149118899e-07,2.3982615129722326e-10,1.4734854084991836e-09,0.00030594781992386306,0.2698332694598958,4.80997031501524e-05,6.820198864209353e-06,0.6336287242564911,1.1158388319224306e-06,1.2381940661875387e-05,0.0003478933640077885,0.0789657731972032,2.368389751756782e-08,1.182376908599298e-06,0.00331901098054406,8.305469555821142e-06,4.333685069754519e-05,0.0014126840465788332,5.313371619084191e-06
24,4.6855393368209044e-05,2.86999855915184e-08,0.00028886131392770074,0.011605341137286692,3.987287373586938e-06,2.8634105242473086e-05,1.7612908450817627e-07,2.5220382242906594e-10,1.5474062016643302e-09,0.00033271355848584963,0.27742140376160285,4.740578393631413e-05,6.64280259391213e-06,0.6253858778756982,1.2337994100722065e-06,1.2439674475283435e-05,0.0003669610076945339,0.07927890344042055,2.5707922946052845e-08,1.2483367395666688e-06,0.0035521799107153147,9.137265025258728e-06,4.485000717120118e-05,0.0015594594815404623,5.631720688802283e-06
25,4.936720004849889e-05,2.0180030920321863e-08,0.0002890248154309807,0.017527296200068553,4.581621175375553e-06,1.790793261100889e-05,1.8895145052460808e-07,3.2442456130310895e-10,1.0465866172493608e-09,0.0002486189296765037,0.34791647180810586,5.28605791520235e-05,9.565176237330696e-06,0.5333538429837661,9.363610938821555e-07,1.5484341260066585e-05,0.00037587930023111967,0.09533567573344143,2.5469518783758138e-08,9.911479396605797e-07,0.0035314166599914906,6.343063351154309e-06,4.1238597019417844e-05,0.0012186172627418408,3.6443146461951208e-06
26,7.342813554341585e-05,2.996188845916209e-08,0.00032084886139447993,0.017002056427988105,4.418991729324696e-06,3.0913890694545754e-05,1.6956785794755012e-07,3.4393969574207173e-10,3.6803990110394295e-09,0.0003170191999180095,0.35043945562576134,3.207392282335215e-05,7.205570778871723e-06,0.5519338331244145,1.6296327017429412e-06,1.3928061237831905e-05,0.0004417423732231509,0.07284696477913584,2.0743354478721233e-08,1.4409775861836857e-06,0.002405433355053772,7.344313723172783e-06,7.233261775224168e-05,0.004041750115420427,5.955725680165971e-06
27,3.587784499039269e-05,2.5817966083430653e-08,0.00022430389104389193,0.009713944843192414,3.7814945205466752e-06,2.8016942077595453e-05,1.9943095780967134e-07,2.340465418209883e-10,2.309700877176463e-09,0.0004016901019027965,0.25347068020230384,3.277809500486292e-05,5.116579351819435e-06,0.6752294479299772,1.7088601918454996e-06,1.2107589700361932e-05,0.00032002448923922836,0.05571248368876589,2.346987998289886e-08,1.4563499767443649e-06,0.0026997113458462198,1.2275655014038802e-05,4.9122242910402894e-05,0.0020383572185524268,6.863372886206522e-06
28,4.29474850203489e-05,2.7638151388665747e-08,0.0002690679686141677,0.0117167844034534,4.118114607691676e-06,2.70002353952942e-05,1.698826149118899e-07,2.3982615129722326e-10,1.4734854084991836e-09,0.00030594781992386306,0.2698332694598958,4.80997031501524e-05,6.820198864209353e-06,0.6336287242564911,1.1158388319224306e-06,1.2381940661875387e-05,0.0003478933640077885,0.0789657731972032,2.368389751756782e-08,1.182376908599298e-06,0.00331901098054406,8.305469555821142e-06,4.333685069754519e-05,0.0014126840465788332,5.313371619084191e-06
29,4.29474850203489e-05,2.7638151388665747e-08,0.0002690679686141677,0.0117167844034534,4.118114607691676e-06,2.70002353952942e-05,1.698826149118899e-07,2.3982615129722326e-10,1.4734854084991836e-09,0.00030594781992386306,0.2698332694598958,4.80997031501524e-05,6.820198864209353e-06,0.6336287242564911,1.1158388319224306e-06,1.2381940661875387e-05,0.0003478933640077885,0.0789657731972032,2.368389751756782e-08,1.182376908599298e-06,0.00331901098054406,8.305469555821142e-06,4.333685069754519e-05,0.0014126840465788332,5.313371619084191e-06
30,4.29474850203489e-05,2.7638151388665747e-08,0.0002690679686141677,0.0117167844034534,4.118114607691676e-06,2.70002353952942e-05,1.698826149118899e-07,2.3982615129722326e-10,1.4734854084991836e-09,0.00030594781992386306,0.2698332694598958,4.80997031501524e-05,6.820198864209353e-06,0.6336287242564911,1.1158388319224306e-06,1.2381940661875387e-05,0.0003478933640077885,0.0789657731972032,2.368389751756782e-08,1.182376908599298e-06,0.00331901098054406,8.305469555821142e-06,4.333685069754519e-05,0.0014126840465788332,5.313371619084191e-06
31,9.64621939968002e-05,3.875944670728646e-08,0.0005115219636047334,0.012687180424739418,5.224974286586315e-06,2.3421309622805806e-05,2.0398762386418287e-07,4.825637070855876e-10,1.3974255054766191e-09,0.0003057946842588217,0.2501870674924299,7.8549902389437e-05,1.1589852328010642e-05,0.5752889157972743,8.851924976414235e-07,1.2746360063944195e-05,0.0004605005578312425,0.1549838180023002,4.214809816108904e-08,1.637978009453982e-06,0.00393550227967159,9.970012182264298e-06,4.056887186465162e-05,0.0013516287869469277,6.726588543165929e-06
32,4.344875471825544e-05,2.992422164139351e-08,0.00028363571664639,0.010929463076335513,4.4652882868207016e-06,2.9260322464578766e-05,1.858456018449796e-07,2.693534396867533e-10,1.4816012835285987e-09,0.0003101320605730849,0.2709226708211482,5.157886968335539e-05,7.394439197904592e-06,0.6361138083623208,1.2163162801501083e-06,1.3183515763096784e-05,0.00034363193221429865,0.07609287811965476,3.016438574482973e-08,1.3164831098338352e-06,0.0034918861721464547,9.382330277418127e-06,4.5715883908625186e-05,0.0012991647030408076,5.519147065962737e-06
33,3.796500298218724e-05,2.5249969070185482e-08,0.00023197400966994543,0.011563286080321067,3.293266410319691e-06,2.496523756407261e-05,1.7603055264916387e-07,2.6017484156997055e-10,1.4133585451671678e-09,0.0003023770528047434,0.23305881534290374,5.530461098678187e-05,8.844372727970498e-06,0.6605694328407544,7.59191982783366e-07,1.3264484026694637e-05,0.0004427122442762674,0.08996831283486734,2.1551366404289954e-08,1.1446572445461604e-06,0.00258713786469328,8.983829278359302e-06,3.6541511509708675e-05,0.001079992081025722,4.668978548640258e-06
34,7.994644261099175e-05,4.903871704490004e-08,0.00038682742683137,0.007104814893926646,6.220470366981558e-06,1.9218284952738798e-05,1.2003105471285195e-07,2.365704365110874e-10,2.13009971512639e-09,0.00024757063688592596,0.4000043420125303,3.9305775524966955e-05,8.149967428086651e-06,0.5384229338211843,1.3037143598483602e-06,6.445972076882759e-06,0.00023962892054334433,0.04859143339066291,5.70040298619449e-08,1.051638703933447e-06,0.0027627973326251813,1.0096397646102796e-05,4.573762220306764e-05,0.002015794265501398,6.152572963252427e-06
35,0.00032266655955273015,3.9053241479409345e-08,0.0003604199332433207,0.012829858595075034,2.581551064814393e-06,1.2697544915956112e-05,2.0169086138612376e-07,9.248486178638284e-10,2.8226269432142942e-09,0.0005578238433636058,0.1535301148399392,0.00012497161718982521,1.395053428971062e-05,0.382102229692763,2.828323278115816e-07,1.682236079443784e-05,0.001173332841572436,0.4445431481962978,4.098326391614443e-08,1.7522036540678216e-06,0.002742448996223718,1.125561929299577e-05,2.5008461165247677e-05,0.0016206592900733165,7.689012358760798e-06
36,3.304589716240201e-05,2.289106965152373e-08,0.00016419628193682078,0.013149551256232623,2.044775594284722e-06,4.175117374457676e-05,3.01278341745679e-07,6.1632018027852e-10,2.86218447071393e-09,0.00039847160007333603,0.16123651005428544,7.373154784452699e-05,1.3335954028285906e-05,0.7226379389582347,8.629146891951045e-07,3.3085582801200345e-05,0.0012807892953284536,0.09834833107026428,2.5582386405291853e-08,1.7425337888611244e-06,0.0016046504348907352,1.73782809481099e-05,5.2162932154442176e-05,0.0009050626662643617,5.003559430933729e-06
37,3.805926829845263e-06,8.791814459808036e-08,8.541644269618354e-05,0.003379300823704174,1.0658918973781067e-05,0.0002277177230314036,2.432799266728768e-07,2.1621789257759996e-10,2.2718396352677112e-09,0.00023237247507247198,0.15251803040110978,8.183912901623742e-05,8.690202560145574e-06,0.8303550780458436,2.820479503932501e-06,3.368184762742806e-05,0.0002495884793469319,0.0075450591532363505,8.371971657735357e-08,1.9009273790094544e-06,0.005039927929386354,1.3562719152178505e-05,8.979659259719353e-05,0.00011650810977654372,3.8262673111035115e-06
38,4.333121394807861e-05,2.650261251614964e-08,0.0002519334645275626,0.010282840105478436,4.070351712041578e-06,1.612124638852563e-05,1.1495474778686295e-07,1.7032496553831847e-10,1.5852992221745256e-09,0.00027722115825066373,0.2439113860022771,3.996596558603665e-05,5.282905211965473e-06,0.6617423837135921,8.185304346148312e-07,7.030369480025078e-06,0.00028310266477822387,0.0790215245652099,1.5231805066957115e-08,9.237873065396896e-07,0.0024800272597888242,7.626155462658212e-06,3.11661329181571e-05,0.0015876085748174876,5.477388041472116e-06
39,5.2354162083266026e-05,3.032609901479355e-08,0.00029388627741158284,0.013326652527545533,4.408166631896557e-06,3.869419166614445e-05,3.3035807775142544e-07,4.534531151401167e-10,1.416937082735432e-09,0.00036011065731092435,0.24661860712504094,6.570275453606434e-05,8.395029551382515e-06,0.6288485006194163,1.7368531354753525e-06,2.1359197218190573e-05,0.00045693676579856087,0.10316566677950324,3.929874664313825e-08,1.8006262647523249e-06,0.005372625279576163,1.1810919518513847e-05,6.498801866024479e-05,0.0012773377886255094,8.024407191709907e-06
40,4.2891810245367185e-05,2.7714351161692652e-08,0.0002697003515018211,0.011683146916072628,4.128047047752536e-06,2.7014118871759186e-05,1.6962696179685395e-07,2.3931911140285424e-10,1.4707064859141135e-09,0.0003054702339780848,0.26960258477840415,4.8163306472985586e-05,6.815274279380355e-06,0.6339972959284864,1.116146610423984e-06,1.2340538962822321e-05,0.00034696223981732244,0.07886543998547509,2.3723917876963543e-08,1.1816703002490951e-06,0.003320211127599249,8.312554273741678e-06,4.323166310667616e-05,0.0014084556467468025,5.314886490861218e-06
41,3.7539798672938454e-05,4.147324029683156e-08,0.00033532598948685457,0.015365480102055087,6.490046170364485e-06,3.686751058591663e-05,1.5625464860724328e-07,2.5363773817742925e-10,2.596778928476057e-09,0.00029708711153177386,0.2934691739415878,4.249018009098755e-05,8.628946407293218e-06,0.6343563204813897,1.2531597366722295e-06,1.4744287910611472e-05,0.00037339233641853415,0.05144598505565813,2.0426538715147714e-08,1.0435227820637717e-06,0.0024323555664780418,6.20415484301037e-06,3.919780281214939e-05,0.0017263034595136149,3.895541024238997e-06
42,6.421562422453768e-05,4.208977910319333e-08,0.0007139881514004425,0.013086191697908253,6.167123881121782e-06,4.072179622503136e-05,2.6892626565434626e-07,9.208613358882747e-10,2.0700741940856125e-09,0.0006822686816193128,0.2951535603094039,7.383573986824295e-05,1.1632743990361576e-05,0.6175051546832782,2.191708383772437e-06,2.2319016989470463e-05,0.00059289968811873,0.06352819358404942,1.2566628135097172e-07,2.445445143580219e-06,0.006997031246365232,3.472564265073195e-05,4.6109655973696865e-05,0.0014306788486568094,5.228938607405105e-06
43,3.7934064903131114e-05,2.0208348602309002e-08,0.00027119709857309276,0.01173544462004271,3.8149459209292445e-06,3.212578358254194e-05,1.8092956673547027e-07,3.20677145245464e-10,2.7232361060340826e-09,0.0008761656760091843,0.21848281863691923,2.7091765379718915e-05,4.473965801717873e-06,0.7065860020912935,1.6239593666765475e-06,1.554165206396568e-05,0.0003286011178278497,0.05474582132329811,2.840677038987843e-08,2.6713306059433305e-06,0.004100661053619058,1.7554041003380702e-05,5.112344406493062e-05,0.0026730432750028768,6.057566122402813e-06
44,4.29474850203489e-05,2.7638151388665747e-08,0.0002690679686141677,0.0117167844034534,4.118114607691676e-06,2.70002353952942e-05,1.698826149118899e-07,2.3982615129722326e-10,1.4734854084991836e-09,0.00030594781992386306,0.2698332694598958,4.80997031501524e-05,6.820198864209353e-06,0.6336287242564911,1.1158388319224306e-06,1.2381940661875387e-05,0.0003478933640077885,0.0789657731972032,2.368389751756782e-08,1.182376908599298e-06,0.00331901098054406,8.305469555821142e-06,4.333685069754519e-05,0.0014126840465788332,5.313371619084191e-06
45,4.565060895931392e-05,2.5048821924026314e-08,0.0005226619410347941,0.02507799560987819,5.463219124233364e-06,5.9233871542571165e-05,3.8083272019433003e-07,6.959964937833092e-10,2.2871788513114084e-09,0.00046682800665185227,0.345980812349663,3.6132339235731444e-05,8.978368755210247e-06,0.5650157471282059,3.6923621747762585e-06,3.2674905355876415e-05,0.0005069606844119705,0.055171739865135766,4.6147139806004303e-08,2.0700638387405755e-06,0.004363903688501488,1.2208867405036936e-05,7.161449934540416e-05,0.0026106629520241433,4.513656898716697e-06
46,8.125701431397414e-05,2.931061331767318e-08,0.0002912325662272096,0.027080623544934013,2.127436420391622e-06,4.6228399918008206e-05,2.427275471530683e-07,6.644872880137074e-10,2.3841584133786754e-09,0.00037851704781164866,0.3671628594522771,6.128333376284701e-05,1.4369961767959597e-05,0.4839754971827345,1.1877479232101482e-06,3.282933273026036e-05,0.0015787410364797511,0.11371448697846967,2.0394601715024577e-08,1.0014655368862616e-06,0.0030564658139549733,1.0037566589129725e-05,6.139970526526195e-05,0.0024458739486641692,3.6849828111249186e-06
47,0.00010778520322808642,6.124106340549023e-08,0.00033054444912457856,0.006334657818364816,3.470387372932467e-06,2.9674204488993844e-05,2.587161219527042e-07,4.805459284053406e-10,2.0063371800289974e-09,0.0005743275722422565,0.20587108428524056,0.00013321918483812225,1.031509570362473e-05,0.6140551451465482,9.149292724546033e-07,1.3716162881440037e-05,0.0006850337401614581,0.1656858220178912,7.539809433718351e-08,2.1314873401645832e-06,0.004979079442702361,2.681189038339608e-05,3.7095359488665517e-05,0.001107210774135806,1.1563006428016901e-05
48,6.024838796440608e-05,4.542495492328394e-08,0.0003619271775047012,0.01516621306186579,4.193654450818785e-06,4.9350447279216825e-05,2.673851040101247e-07,5.099847015506007e-10,2.1455250439089267e-09,0.00032875247372264897,0.3116502362770627,7.00698750133093e-05,1.3569386586457392e-05,0.5861085748883789,1.3965952352930675e-06,2.073937643567158e-05,0.000730542050689208,0.08029342154542624,4.366983091365195e-08,1.3600645910681287e-06,0.0037010540583158652,1.08696599985088e-05,5.587236433375678e-05,0.0013661787479713726,5.070771774495634e-06
49,3.673912622138785e-05,3.6835712328581266e-08,0.00035446024511861504,0.00897580663418165,4.462509040591802e-06,3.150695036685626e-05,1.6809643375888997e-07,2.1832757367686716e-10,1.2172779980450946e-09,0.00031084852802585716,0.22837579544931808,6.480715846844871e-05,7.288198862835438e-06,0.6748016722152569,1.0260844399002317e-06,9.928818140778038e-06,0.00033627431260751286,0.08206207375957471,2.723342240064003e-08,1.2417370336441045e-06,0.0035821555261314774,1.1356412960276548e-05,2.9618653237156943e-05,0.0009973070078725397,5.3970719666413044e-06
50,4.356575205939772e-05,2.2465297852828074e-08,0.0002294691741638934,0.008710652578038576,3.5174826050463332e-06,1.9157794244970905e-05,2.1642085145408816e-07,2.4949546358673367e-10,1.5590772628070814e-09,0.0004576992700019929,0.20094434815588144,4.010689344871091e-05,5.2332600725449975e-06,0.6969789879328537,1.1397246604449785e-06,1.0597208804111834e-05,0.00029105704053625025,0.08739544731435901,2.7793651150786746e-08,1.6750292501673382e-06,0.0033074057575761995,1.2845102649793222e-05,3.936148825115891e-05,0.0014991018011358867,8.36275103352919e-06
51,3.390307625688322e-05,3.353835495077164e-08,0.0003434486247546759,0.023382285187273852,4.58425347368095e-06,1.307094838852964e-05,7.541460642941754e-08,1.5494466116987718e-10,2.1700286841312474e-09,0.00025907350054397564,0.33285539222915106,3.2756738621866e-05,8.243800251352677e-06,0.592310814503146,5.142920882125435e-07,6.468560698042295e-06,0.0004392497416554227,0.0466678316189218,6.927413445929226e-09,3.2839892503429856e-07,0.0015550799100578514,4.709953815479754e-06,1.3039513210993952e-05,0.0020673365862866593,1.750357130653806e-06
52,3.784002951348439e-05,1.099428879640326e-07,0.00029822364678048363,0.005670193858744158,8.093283864567005e-06,4.1227382740236873e-05,2.6625615038963633e-07,2.4707187646826863e-10,1.3051945140015782e-09,0.0001794454103020372,0.24300760992840348,9.78718052082457e-05,7.241427048535048e-06,0.6962538751842845,2.252573525079826e-06,8.348661644921113e-06,0.00027410462373500457,0.04724742109906804,6.697901309138531e-08,8.052272479920663e-07,0.006285438240385876,1.1921970202520536e-05,4.7170616436009026e-05,0.0005100406660783399,1.0429634468608956e-05
53,2.4750668257962545e-05,1.3549481709761826e-08,0.00011894685085124444,0.013954073210251222,3.0801741658037207e-06,2.7028337523074017e-05,4.03343916329092e-07,2.638201418377947e-10,1.9115312469337845e-09,0.00030406454657860843,0.22528761480084009,2.7937293054706184e-05,5.035447854692244e-06,0.6828530447894101,1.911876278312071e-06,1.9493123667546508e-05,0.00029073991641085295,0.07268264777567872,1.5191384152318487e-08,1.7371255308013105e-06,0.0025141501151917695,7.204061395964881e-06,8.161996596566194e-05,0.0017865371551735783,7.948505785626188e-06
54,3.456489023734803e-05,4.3842068440539995e-08,0.00011379356233680879,0.00559316558405675,3.3722504729100973e-06,2.6506617694817807e-05,2.0265389584346006e-07,1.5530989803887075e-10,1.6755613101946166e-09,0.00030571144151639074,0.16355715719508634,7.390673764840806e-05,5.494703067790896e-06,0.736747612951366,7.923773593708081e-07,1.2132994926854065e-05,0.00033817923479915264,0.08965979202244799,2.079439498040337e-08,1.0336151406786473e-06,0.002708231580932372,8.791286701955961e-06,3.7680414310930966e-05,0.0007625438535249178,9.267565141644715e-06
55,5.465629786866227e-05,6.342344333270066e-08,0.00014731135861740973,0.006311539189020789,5.690363490600855e-06,1.5077911525971702e-05,1.6371666627884856e-07,1.2211703081099901e-10,1.3526890493664906e-09,0.00015067154684346925,0.1963974941728152,0.00017429398977632007,7.926110931138578e-06,0.6026269815336115,4.005474122480287e-07,8.311948949518373e-06,0.00030414054386295684,0.19047722546157383,1.7012895021638308e-08,6.827764335014973e-07,0.002720422998162412,4.424847842952273e-06,2.347191424997134e-05,0.0005600254594637033,9.005399737238552e-06
56,4.157548169529574e-05,2.945161332795677e-08,0.0002654302670979383,0.011536885297348644,4.177527019910813e-06,2.633830274499703e-05,1.7185953496174372e-07,2.3934168727928804e-10,1.49766208598034e-09,0.00028721549487034745,0.2711338944071782,5.1102358501270695e-05,7.699740154339924e-06,0.6323202711596301,1.0239191429994557e-06,1.199078234244799e-05,0.0003547166257124905,0.07955489380909861,2.3564863231895726e-08,1.1328346127336868e-06,0.0030440408642596934,8.064148574449314e-06,4.0860102861198805e-05,0.0013032643460333252,5.195918105776766e-06
57,5.196489481817074e-05,4.8113530922248407e-08,0.00045139524024947005,0.007855018920484494,7.211787027641722e-06,3.148662719548103e-05,2.1640531644260695e-07,3.983452729684264e-10,1.1516165034354851e-09,0.00032970173379483274,0.2642102902099518,0.0001063590292301824,1.0646113374141297e-05,0.6351048069790807,1.2362987817937658e-06,1.464975290550742e-05,0.00034302123008699605,0.08512840326480559,8.5203600414871e-08,1.6794684406026028e-06,0.00558247386161778,1.7381076950215045e-05,3.678939338185945e-05,0.000709191222499697,5.9416229137751245e-06
58,4.5070442694379805e-05,2.6478184999244238e-08,0.00029286809036694353,0.012560590699645683,4.008919185925312e-06,2.7113558771949595e-05,1.730366146312298e-07,2.4760406287740075e-10,1.7098416475241625e-09,0.0003427675872628439,0.2894037450840073,4.1003530752031856e-05,6.518602131909612e-06,0.6178748293653455,1.2960112402541707e-06,1.2414447487536467e-05,0.0003456899831260281,0.07391897279995067,2.3123525914877904e-08,1.233805783671437e-06,0.0031659790903542985,8.944891890070392e-06,4.424331164605251e-05,0.0018970615621210862,5.423620464560232e-06
59,4.345558713367865e-05,2.584307071579836e-08,0.0003009884765409635,0.012821762855920994,4.061389050528378e-06,2.7113818149709066e-05,1.685580389664824e-07,2.379612476521005e-10,1.6920892394222729e-09,0.00034412018592577104,0.29476246238676285,3.7731412832575195e-05,5.9767542343549414e-06,0.6159158003112624,1.4009409261173183e-06,1.1970742195989528e-05,0.0003270600574797569,0.07011176937630548,2.17392548004786e-08,1.2039125240009848e-06,0.003212986518826318,8.73273527080247e-06,4.4139543060836194e-05,0.0020117206547090338,5.324270472991605e-06
60,4.29474850203489e-05,2.7638151388665747e-08,0.0002690679686141677,0.0117167844034534,4.118114607691676e-06,2.70002353952942e-05,1.698826149118899e-07,2.3982615129722326e-10,1.4734854084991836e-09,0.00030594781992386306,0.2698332694598958,4.80997031501524e-05,6.820198864209353e-06,0.6336287242564911,1.1158388319224306e-06,1.2381940661875387e-05,0.0003478933640077885,0.0789657731972032,2.368389751756782e-08,1.182376908599298e-06,0.00331901098054406,8.305469555821142e-06,4.333685069754519e-05,0.0014126840465788332,5.313371619084191e-06
61,4.7813507234122676e-05,2.648697903662447e-08,0.00034049148830576334,0.01356911798033557,4.1752666939317064e-06,2.7385424391463164e-05,1.6522222604871953e-07,2.650652321051817e-10,1.6169097047931254e-09,0.0003441523390596438,0.29247378864046014,4.0768363855427186e-05,6.486074744183275e-06,0.6110723620898678,1.3221690896407754e-06,1.2176476622046465e-05,0.0003526460684702146,0.07634017838479468,2.3216169470605168e-08,1.2359321841852365e-06,0.0033682679526256054,8.896724561095222e-06,4.278216993161369e-05,0.0019406293518425852,5.106787580772288e-06
62,4.29474850203489e-05,2.7638151388665747e-08,0.0002690679686141677,0.0117167844034534,4.118114607691676e-06,2.70002353952942e-05,1.698826149118899e-07,2.3982615129722326e-10,1.4734854084991836e-09,0.00030594781992386306,0.2698332694598958,4.80997031501524e-05,6.820198864209353e-06,0.6336287242564911,1.1158388319224306e-06,1.2381940661875387e-05,0.0003478933640077885,0.0789657731972032,2.368389751756782e-08,1.182376908599298e-06,0.00331901098054406,8.305469555821142e-06,4.333685069754519e-05,0.0014126840465788332,5.313371619084191e-06
63,4.321544366332048e-05,2.9698155956206794e-08,0.0002698851252310173,0.011369847245562769,4.1706367523490545e-06,2.7092643867873718e-05,1.681380817993644e-07,2.3471991145809924e-10,1.5087691285908104e-09,0.0003034344116641047,0.26925327683083666,4.9466597504891644e-05,6.858772100746807e-06,0.6355989697032527,1.1074174851807687e-06,1.1863466821952298e-05,0.00034898162598040954,0.0779535518439501,2.3871805289577345e-08,1.1465137954075382e-06,0.003313614536502342,8.359289530343759e-06,4.213776909424013e-05,0.0013873870524647757,5.409622406624734e-06
64,4.613496713031957e-05,3.155061734815108e-08,0.0003085738466025359,0.01200850972877883,4.880335878129137e-06,2.7409767445728137e-05,1.8265297457709027e-07,2.5796175425972817e-10,1.4114720340660357e-09,0.00033317186232885714,0.2869344502878407,5.172645177169751e-05,6.5372369782106045e-06,0.6163623411851045,1.3011011952270151e-06,1.2075725904496162e-05,0.0003172549714065264,0.07744320051162926,2.827268347295027e-08,1.241628321570156e-06,0.004635676690542827,9.085484604336225e-06,4.416824651441187e-05,0.0014463012769121986,5.7145474003347975e-06
65,3.0370925230708335e-05,3.610977016160636e-08,0.0010197308198240823,0.021396118887210953,6.358660691984511e-06,7.247634391772475e-05,2.8538231454370003e-07,4.6022705094950487e-10,1.2420116995102787e-09,0.0003457749287769099,0.4128618781686297,2.4439361919178838e-05,6.907693864048541e-06,0.5296937527565166,6.574537591684107e-06,1.5332716165920466e-05,0.00033177114491084875,0.025634941663264084,4.560288205730273e-08,1.1567595357580072e-06,0.006292650581998742,1.2623762070123364e-05,5.0049308880107914e-05,0.0021932626856110125,3.4594961841715515e-06
66,7.419820464914547e-05,4.143897464644939e-08,0.0002989076974014005,0.011638170674495931,3.5798400812513045e-06,5.15734429965674e-05,3.676372747525777e-07,5.651095170362456e-10,2.9640616595119545e-09,0.0003048648729658437,0.27347362841424466,5.271846131259487e-05,9.025990067047256e-06,0.6197966943815375,2.390173942582013e-06,1.6388430854100566e-05,0.0005814682989274884,0.08809102702063361,4.991224278253836e-08,2.156483428668371e-06,0.003450381646131239,1.301112688888712e-05,0.0001027845640331033,0.0020261893998173783,1.0378357927694754e-05
67,6.700698649353832e-05,3.53582968733002e-08,0.00047273640529805615,0.017572616804501773,7.252340642197798e-06,2.0367042556194947e-05,1.5712442865388232e-07,3.7216463763520036e-10,1.96561743470842e-09,0.0003147695984338111,0.33830405230771404,5.9325534092902444e-05,9.451538068521841e-06,0.5560769542070535,1.0919248793578035e-06,1.4116474699007936e-05,0.00040140930173384053,0.08144448102352993,3.39083070376167e-08,1.0541955330070734e-06,0.0034453191201878623,7.879122390721439e-06,3.340635638468237e-05,0.0017424803358878672,4.000651104509079e-06
68,4.1434327715276326e-05,2.9635622643606643e-08,0.00027611559470969204,0.011405217238993778,4.507457227625362e-06,2.9393223120235264e-05,1.6962446775998722e-07,2.361183160622978e-10,1.6619766388303135e-09,0.00033568038477078493,0.2829685076447995,4.0679840751800876e-05,5.908426416848013e-06,0.6376337000336959,1.4495677635517625e-06,1.2356503019652781e-05,0.0003218478611878219,0.06183435082723526,2.5186178267868163e-08,1.174268979110493e-06,0.0033830647671778467,9.28201840590844e-06,4.499750551227535e-05,0.0016447306602804278,5.375503873032826e-06
69,4.6425889676086325e-05,3.675546201677921e-08,0.0002585086020438193,0.006473828776200439,3.0822819534289783e-06,4.34230130849825e-05,2.410588681737626e-07,2.7039502259011546e-10,1.0699430203105204e-09,0.00033227204991702786,0.28319026885118015,6.676890811685978e-05,9.252812598086693e-06,0.6250282658238207,1.2005056037893924e-06,1.2375199947916376e-05,0.0004028511657429594,0.07838722131125869,5.513662140143536e-08,1.6796393945578097e-06,0.0047670670420445205,1.5506053598064707e-05,5.256066450477775e-05,0.0009006540539559041,6.453064067660284e-06
70,2.876248579244336e-05,2.101901158554585e-08,0.00021331703723637588,0.015518083223703053,3.941900766245391e-06,3.271482208417479e-05,1.78551907085164e-07,2.570618102733181e-10,1.918396594596437e-09,0.00030066319565116167,0.2242670168658825,4.1824609935488805e-05,7.776397703938419e-06,0.6804085764526627,9.408498025719159e-07,1.8268169353813052e-05,0.0004060521385739164,0.07498777190491177,1.4166155975618983e-08,1.3542236508954827e-06,0.002286859049718948,6.529033061510015e-06,4.832979958005043e-05,0.0014168193938420667,4.182533553108151e-06
71,4.7747156754898174e-05,2.5766866965941387e-08,0.0001092095371051104,0.010195216762888424,5.094935980165581e-06,1.568516276966726e-05,1.493483268387305e-07,1.976427657036449e-10,1.8265094614311869e-09,0.0002564064887748108,0.26497272015703,6.639222328860147e-05,6.501920390545701e-06,0.616788019046087,6.913846410571078e-07,1.766686858639719e-05,0.0003036225027250186,0.10331217790394094,1.8983586701430505e-08,1.0389287951636e-06,0.0027199009868881362,5.170740860485135e-06,5.44681674677807e-05,0.0011158495447923119,6.2234573006891014e-06
