,0,1,2,3,4,5,6,7,8,9,10,11,12,13,14,15,16,17,18,19,20,21,22,23,24
0,1.1869288369335329e-05,4.9286142528771224e-05,5.790247231706171e-06,0.0006203977771152737,0.00045574530602037155,0.01413313922674169,1.49654476900482e-05,2.196770217512073e-06,4.206876571720767e-05,2.8723930885121938e-06,0.14133666468245396,1.4695995124093697e-05,2.467734828700807e-07,0.8209101143263041,1.4880443193766625e-05,1.5156173083035083e-06,0.0011879194834949634,0.0020863286570552164,9.33871733446924e-06,4.196778201887241e-06,5.13144163191954e-05,0.00010684906395143213,0.01297782235877298,8.551323028723993e-05,0.0058742680919951305
1,2.3932697771418517e-05,8.846834321764732e-05,1.1303443666981883e-05,0.0006657864996241786,0.0008641123984887173,0.034526291577865686,2.1308122994245404e-05,4.30634576629111e-06,0.00013318573688718698,4.676563140828273e-06,0.1964076254286902,2.023227965153662e-05,5.807190175516606e-07,0.7440330677259855,3.931245810373003e-05,5.313579336877274e-06,0.0017099878656904953,0.0032261282347502388,3.197224891837748e-05,8.171689528768864e-06,8.898382061569065e-05,0.00017356740447086163,0.011042351914808199,0.00018569947928765085,0.006683633421720954
2,1.0128290108106426e-05,3.989010344389709e-05,8.560450864581783e-06,0.0014720871951138207,0.0001593971301325229,0.030787231965741384,8.611940310111097e-06,2.6166137816814426e-06,5.251936250541798e-05,3.0326787286644043e-06,0.24890056092667298,1.9082297618695125e-05,3.254823481071311e-07,0.6924151971107428,6.529779449713641e-06,1.8134506203712326e-06,0.0016818039289493208,0.002926040964027766,2.215320570098528e-05,3.064607357606023e-06,0.00011160341280320302,0.00019499256757980423,0.018353147172549024,0.0003184072030775992,0.0025012021597717203
3,1.3453266057470736e-05,5.589201109837053e-05,6.118530313117841e-06,0.0005606563798352414,0.000645560809194639,0.01947244247896979,1.4945975981185133e-05,2.747679563437603e-06,6.412619350789354e-05,2.626533922299683e-06,0.18247477043970048,1.5244713906648507e-05,3.531701128198945e-07,0.7749353077276713,2.313350531342147e-05,2.316951610135188e-06,0.0015780578681336215,0.0022157402371503873,1.5009856412895825e-05,5.490789282032712e-06,6.151954784387116e-05,0.0001343407191763376,0.01193452542178043,0.00011124776720295777,0.0056543714262592025
4,1.342836465744664e-05,5.361761684385616e-05,5.928911112559271e-06,0.0005511841965149978,0.0006233878931159209,0.01798972828188415,1.4813317829609824e-05,2.6838898102695622e-06,6.449136276886154e-05,2.3691333309773417e-06,0.17812715093005962,1.7539600355806358e-05,4.223888152481267e-07,0.7811296449844939,2.217365531513556e-05,2.2022437193675248e-06,0.0016909538783455678,0.0021397479195003743,1.5168358383790343e-05,5.387243020298797e-06,6.43349269285122e-05,0.0001414433053579304,0.011536294050718932,0.0001103785332230687,0.005675525013893781
5,1.3221058383347338e-05,4.964484940179699e-05,5.699735386711761e-06,0.0007033989764434899,0.00047341869537647453,0.017477928237031915,1.2891633681733786e-05,2.3969657193973977e-06,5.746248602207599e-05,2.8013715241421444e-06,0.15642247829400197,1.6359344115645518e-05,3.5134629252140217e-07,0.8023988760351939,1.7760618547522097e-05,2.0546141998415193e-06,0.0016636249381605228,0.0028401237046593417,1.1995509882676279e-05,5.419732066881137e-06,6.608362312482616e-05,0.00014285937548046362,0.0117455320851851,0.0001133898312459834,0.005754226938871671
6,1.3453266057470736e-05,5.589201109837053e-05,6.118530313117841e-06,0.0005606563798352414,0.000645560809194639,0.01947244247896979,1.4945975981185133e-05,2.747679563437603e-06,6.412619350789354e-05,2.626533922299683e-06,0.18247477043970048,1.5244713906648507e-05,3.531701128198945e-07,0.7749353077276713,2.313350531342147e-05,2.316951610135188e-06,0.0015780578681336215,0.0022157402371503873,1.5009856412895825e-05,5.490789282032712e-06,6.151954784387116e-05,0.0001343407191763376,0.01193452542178043,0.00011124776720295777,0.0056543714262592025
7,2.7338271698778596e-05,6.864610083496639e-05,1.1956506397238962e-05,0.0005355691093768475,0.000773350117333247,0.02475363233248275,2.0822467510316028e-05,3.5805031754732954e-06,7.135533514864672e-05,3.418953239791793e-06,0.2197902224228291,1.7487047318079987e-05,4.865669229167506e-07,0.7293750558504543,2.032758424531135e-05,2.2460931333254724e-06,0.0015254363285907443,0.002603377718173446,2.4493184081895436e-05,5.6743559086887275e-06,5.6867196491701934e-05,0.00010693874120707827,0.013935957862941715,0.0001768722737395631,0.006088887076764211
8,1.3963345159436597e-05,5.339247869548969e-05,5.997798174625281e-06,0.0005350420919761821,0.0007119338875056504,0.022148333841736742,1.4764237717290564e-05,2.962326101686767e-06,8.194152861041483e-05,2.4413752969461377e-06,0.2068783145940747,1.64165247443863e-05,4.158481533688631e-07,0.7475896575666415,3.2739034394702824e-05,2.8914088051055213e-06,0.001984834249035044,0.002711287293050759,1.782790340868877e-05,5.8064431079770404e-06,7.480255558099536e-05,0.00018600820146750008,0.010623131710019195,0.00011855346325472514,0.0061865402932868565
9,1.7264837014577267e-05,4.579521499685607e-05,5.0110741591719495e-06,0.00031291804690070703,0.0009404818127069196,0.020282581573827996,1.4787936042275138e-05,3.3629245700222338e-06,7.62143237645189e-05,1.6928188382782034e-06,0.2538081108248477,1.3101848889505107e-05,3.7888914079656305e-07,0.7050330329328698,3.857051075254731e-05,2.4964260103223143e-06,0.002216520952601377,0.002746573061180541,2.1495102404592442e-05,4.4259763545265e-06,5.2410816710830415e-05,0.0001849531511769118,0.008170565527732333,9.665146393326788e-05,0.00591060195257347
10,1.3453266057470736e-05,5.589201109837053e-05,6.118530313117841e-06,0.0005606563798352414,0.000645560809194639,0.01947244247896979,1.4945975981185133e-05,2.747679563437603e-06,6.412619350789354e-05,2.626533922299683e-06,0.18247477043970048,1.5244713906648507e-05,3.531701128198945e-07,0.7749353077276713,2.313350531342147e-05,2.316951610135188e-06,0.0015780578681336215,0.0022157402371503873,1.5009856412895825e-05,5.490789282032712e-06,6.151954784387116e-05,0.0001343407191763376,0.01193452542178043,0.00011124776720295777,0.0056543714262592025
11,1.4043310340565304e-05,5.5793113302787426e-05,6.463074233585039e-06,0.0005712266533749054,0.0006738269018209369,0.01951886384071446,1.5528428101215743e-05,2.870245082098154e-06,6.611964114129708e-05,2.610938553291088e-06,0.18683402458211706,1.6746405126195302e-05,4.2163853291118e-07,0.7698690140379334,2.30956346269962e-05,2.401555844115739e-06,0.0016942582921958352,0.0021981631876551613,1.5836208542773242e-05,5.915210779640542e-06,6.468239238257339e-05,0.00013732628198095305,0.012397535650990369,0.0001199791699139515,0.005693253604712809
12,3.7107724259792463e-06,1.862100284752892e-05,3.819815295078627e-07,0.0001263904503425497,0.0002883900794287903,0.004107906500764202,1.7979258863415057e-06,1.6255002390165812e-07,6.605886137164534e-06,8.452966085925683e-07,0.012924249823782917,1.3300361186464542e-06,6.875732736344584e-08,0.9706871408586832,1.6792523751124342e-06,1.5698962592510974e-07,0.0016344919089519103,0.0011641043402866524,6.642214739260037e-07,1.8902863352034254e-06,1.2987190521756208e-05,1.762382003328763e-05,0.003599312884280749,5.082455728965084e-06,0.005394404728479551
13,0.00022256378215499401,0.0004911530637060162,3.718441102631943e-05,0.0010951810354133619,0.0028903041716780505,0.15852556047936173,3.7616479264635696e-05,3.1942193937335286e-06,0.0005817566153644807,3.957527349746642e-05,0.07162828310583247,1.5583174253118275e-05,1.564919209202453e-06,0.6930035997157117,8.742319374454735e-05,1.631919772798596e-05,0.004992447617853635,0.01662796746471231,9.641760000277058e-05,3.54173345712938e-05,0.00019139674239239483,0.00018630632099012233,0.014245642727428415,0.00047569702628683124,0.03447184432842238
14,1.4532503433175002e-05,4.73899342135247e-05,7.956638693067575e-06,0.0006491452878906392,0.000598133833764984,0.022511076907441134,1.5039696684302519e-05,2.954583595579599e-06,7.756619465616365e-05,2.4596688663964007e-06,0.18709889406255958,1.9233491931447075e-05,4.944552536582046e-07,0.7650605181505468,2.67412932971697e-05,2.6315500487733652e-06,0.0019341862020901405,0.002681151711118689,1.5125836535861384e-05,5.914090534563252e-06,7.948971749665674e-05,0.00016221247910805942,0.01213229379471978,0.00012422538923476093,0.006730632526285272
15,1.3453266057470736e-05,5.589201109837053e-05,6.118530313117841e-06,0.0005606563798352414,0.000645560809194639,0.01947244247896979,1.4945975981185133e-05,2.747679563437603e-06,6.412619350789354e-05,2.626533922299683e-06,0.18247477043970048,1.5244713906648507e-05,3.531701128198945e-07,0.7749353077276713,2.313350531342147e-05,2.316951610135188e-06,0.0015780578681336215,0.0022157402371503873,1.5009856412895825e-05,5.490789282032712e-06,6.151954784387116e-05,0.0001343407191763376,0.01193452542178043,0.00011124776720295777,0.0056543714262592025
16,1.2689293667439385e-05,5.58937149586006e-05,5.793269088785113e-06,0.0005642897763390711,0.0006112581801906525,0.0182349597735766,1.527034522047681e-05,2.7707648936983713e-06,6.224246198903015e-05,2.7848374581675835e-06,0.17217005532193047,1.6141918787871627e-05,3.475142171578441e-07,0.7866059458940402,2.3261679439681207e-05,2.3489939731225575e-06,0.0015598449713505936,0.0022304871876980014,1.4831458886714896e-05,5.503299361826979e-06,6.632998681602913e-05,0.00014396440294640325,0.01178194137765909,0.00010589236636082167,0.005705151209149657
17,1.0032978668769243e-05,4.492986147382398e-05,4.559298964701155e-06,0.000520580000260598,0.0005644104260822689,0.014255014381228432,1.3259777648661096e-05,2.44906389094848e-06,4.6815881795669325e-05,2.2103522129130646e-06,0.16217239074275225,1.471569021378454e-05,3.2516994145977424e-07,0.801209090831861,1.8078651450280824e-05,1.8301952654739913e-06,0.0016146355902938152,0.0018797485138059393,1.0981214204793958e-05,5.0989471318347505e-06,5.646095703936886e-05,0.00012988453550947005,0.012153953050881412,8.596568519765718e-05,0.005182578202224895
18,1.0343054325206569e-05,3.378110588505995e-05,3.3220103909161863e-06,0.0004002931210072028,0.0005293416749460217,0.009862052690246016,1.2605456062693274e-05,1.515849917269083e-06,3.3457476768766314e-05,2.4346463061942674e-06,0.0840899776623759,1.3160270844888703e-05,3.283931746919902e-07,0.8811145872444909,1.4702396632195597e-05,1.1929859433901103e-06,0.0021414568649696804,0.002746449596901946,5.727053588571555e-06,4.8901165165921e-06,6.228894117029942e-05,0.00012118241316366203,0.009688260949500484,4.4207599576291894e-05,0.009062440425295139
19,1.12746668929001e-05,6.106261756652439e-05,7.20655046328989e-06,0.0007759774895699556,0.0005478551482016241,0.013451727681227866,2.4784419879831718e-05,3.470787109105153e-06,7.40219813110661e-05,3.087517351403483e-06,0.16604878841221735,3.137679091290179e-05,4.4035674433823344e-07,0.796439160821292,2.7745718455941458e-05,2.8261994049975788e-06,0.0013400376941724225,0.001990705690406083,1.4128308505448873e-05,5.558977574599279e-06,8.493982318634516e-05,0.00019308840384618957,0.012367225479074043,0.00010305372960140242,0.006390454735032376
20,9.32584541978241e-06,4.2673769495503615e-05,5.930947253953825e-06,0.0006067825886426805,0.0004724973020424695,0.015759512897732895,1.6300612068868516e-05,4.676544421339818e-06,6.361503292970475e-05,2.3878577452501538e-06,0.2289135099771035,2.0365089394811156e-05,3.083709607737823e-07,0.7341635351193874,4.570173602140119e-05,3.0392526341583327e-06,0.0015678621543684997,0.0023944272194478824,1.575430161282341e-05,4.9431157849658884e-06,7.351730579906479e-05,0.000278762119446133,0.010086661640242972,8.878141399591962e-05,0.005359127786047178
21,9.89687196783405e-06,5.711539403091727e-05,4.366630727348094e-06,0.000619713252716092,0.00037053993797623734,0.01346137026193807,1.2186137305659496e-05,2.970510903808662e-06,6.37116947749821e-05,2.791625425120111e-06,0.11567916575277663,1.7642213086864913e-05,2.6572861544978925e-07,0.8567473879347546,1.634687565356793e-05,3.1572439983097733e-06,0.0007889819787384192,0.0019024117252333013,1.2092973816241128e-05,4.798220029045175e-06,5.278603136737681e-05,0.00011433328513347741,0.00658948762114027,8.281922938191688e-05,0.0033836608685083175
22,1.5313114089552127e-05,5.088060092158915e-05,6.2650435098321255e-06,0.0005391978129890311,0.0006353419625288024,0.02055565307415823,1.374065410400403e-05,2.860733263871902e-06,6.413317919587792e-05,2.5858074291158373e-06,0.19217141716717803,1.3906153916317537e-05,3.5072635050220966e-07,0.7641418605066983,2.4267047836398417e-05,2.339179212247455e-06,0.0018439972049170655,0.0028095329178352284,1.5178266190537014e-05,5.340347880439893e-06,6.158337761935412e-05,0.00014989648571588307,0.010864748970161445,0.00011093667435794555,0.0058986729919405035
23,1.3453266057470736e-05,5.589201109837053e-05,6.118530313117841e-06,0.0005606563798352414,0.000645560809194639,0.01947244247896979,1.4945975981185133e-05,2.747679563437603e-06,6.412619350789354e-05,2.626533922299683e-06,0.18247477043970048,1.5244713906648507e-05,3.531701128198945e-07,0.7749353077276713,2.313350531342147e-05,2.316951610135188e-06,0.0015780578681336215,0.0022157402371503873,1.5009856412895825e-05,5.490789282032712e-06,6.151954784387116e-05,0.0001343407191763376,0.01193452542178043,0.00011124776720295777,0.0056543714262592025
24,1.7033813701954596e-05,5.4409111571842504e-05,9.282087652459081e-06,0.0005458706297516568,0.0008886853580845415,0.02613831312486684,2.0961575359271235e-05,3.3202800560930104e-06,9.068193295621054e-05,2.7115177274088194e-06,0.24883560480308048,1.8874609371716138e-05,4.82025674314555e-07,0.6970837530654233,3.978620940888449e-05,2.9307858040229704e-06,0.0019252381939617914,0.00269294144920692,1.9827585164517043e-05,5.891290149243875e-06,8.407945826930916e-05,0.00017381229491225973,0.013397452908372113,0.00014170313573705302,0.007806352753735855
25,3.2866160853751744e-06,2.1172624088038616e-05,1.9905973869177963e-06,0.00040136443026347543,0.00025993084909761667,0.007549235231765368,7.395980963411674e-06,2.9211923545938693e-06,1.7788753722213992e-05,1.0543296485140194e-06,0.21058561081897914,7.743432846759561e-06,9.758007651623786e-08,0.7697220120904,7.761859567323182e-06,1.1045165847435998e-06,0.0006358347557784157,0.0008742090451517258,6.0399153155095845e-06,2.3062771169683618e-06,2.376794036286087e-05,7.838636622255684e-05,0.008373780224576478,5.142326914032512e-05,0.0013637813025050866
26,4.273038475545077e-05,8.202075166999418e-05,1.4241082347046275e-05,0.000759472918672995,0.0010584450641830487,0.04203315020523883,1.5538555160676594e-05,2.7638386827038145e-06,0.00011753148647308062,3.650775094475094e-06,0.28945874829732227,1.633835534425217e-05,8.542658517805674e-07,0.6315348775780664,1.5575947226459913e-05,2.828216332476666e-06,0.002720228067369379,0.004054657199224204,3.4402052756798984e-05,9.342645782182337e-06,8.048589076380145e-05,0.00011899553706585537,0.021524060746850097,0.00048459953764300016,0.005814460600122925
27,1.1908610323501626e-05,4.914696484419281e-05,5.381578311145832e-06,0.0005675759196249216,0.0005620330953788422,0.0194396812415867,1.3277592479171667e-05,3.1585118977904607e-06,6.928517880363147e-05,2.3866325114836436e-06,0.20662572483723968,1.5432478886180985e-05,3.3602596412244787e-07,0.7523971088253734,2.9424929937939816e-05,2.7263726851213597e-06,0.0017803174325811521,0.0025725901777964265,1.62540621563422e-05,5.14872987609708e-06,6.598652346427238e-05,0.00020280031751775734,0.010335620764121893,0.00011119837269161329,0.005115494823946366
28,1.3453266057470736e-05,5.589201109837053e-05,6.118530313117841e-06,0.0005606563798352414,0.000645560809194639,0.01947244247896979,1.4945975981185133e-05,2.747679563437603e-06,6.412619350789354e-05,2.626533922299683e-06,0.18247477043970048,1.5244713906648507e-05,3.531701128198945e-07,0.7749353077276713,2.313350531342147e-05,2.316951610135188e-06,0.0015780578681336215,0.0022157402371503873,1.5009856412895825e-05,5.490789282032712e-06,6.151954784387116e-05,0.0001343407191763376,0.01193452542178043,0.00011124776720295777,0.0056543714262592025
29,1.3453266057470736e-05,5.589201109837053e-05,6.118530313117841e-06,0.0005606563798352414,0.000645560809194639,0.01947244247896979,1.4945975981185133e-05,2.747679563437603e-06,6.412619350789354e-05,2.626533922299683e-06,0.18247477043970048,1.5244713906648507e-05,3.531701128198945e-07,0.7749353077276713,2.313350531342147e-05,2.316951610135188e-06,0.0015780578681336215,0.0022157402371503873,1.5009856412895825e-05,5.490789282032712e-06,6.151954784387116e-05,0.0001343407191763376,0.01193452542178043,0.00011124776720295777,0.0056543714262592025
30,1.3453266057470736e-05,5.589201109837053e-05,6.118530313117841e-06,0.0005606563798352414,0.000645560809194639,0.01947244247896979,1.4945975981185133e-05,2.747679563437603e-06,6.412619350789354e-05,2.626533922299683e-06,0.18247477043970048,1.5244713906648507e-05,3.531701128198945e-07,0.7749353077276713,2.313350531342147e-05,2.316951610135188e-06,0.0015780578681336215,0.0022157402371503873,1.5009856412895825e-05,5.490789282032712e-06,6.151954784387116e-05,0.0001343407191763376,0.01193452542178043,0.00011124776720295777,0.0056543714262592025
31,2.9372867057561826e-05,6.739923433492932e-05,1.0947372498773828e-05,0.0005343522736455006,0.0006528199997097692,0.0195708686335564,1.866087079899056e-05,4.231807613414027e-06,5.029552509300601e-05,3.943846886181506e-06,0.1714510729149268,1.3183059835472493e-05,3.4869951915545743e-07,0.784080660235832,1.5806426390947182e-05,1.7331730216459772e-06,0.0015614756989951776,0.003005478167486114,1.955390068912094e-05,5.2005460441290575e-06,4.894229187274339e-05,9.844588017824203e-05,0.012836752676243526,0.00012166240812651865,0.005796791489643893
32,1.5625478148549807e-05,6.160601498098236e-05,6.755787719227047e-06,0.0005484789655352513,0.000673269492510388,0.02169169191145449,1.559236673603746e-05,3.0338866501000743e-06,7.118467127597972e-05,2.822176782425937e-06,0.19620725635242156,1.6139724897880226e-05,3.8989316551126956e-07,0.7585270015227472,2.5345896872472304e-05,2.5188555605119995e-06,0.0016816145090552208,0.00236183316545106,1.94531809680374e-05,5.6646262946864455e-06,6.609002860033117e-05,0.00014825487477607269,0.012072950648768909,0.0001291432973682273,0.005646282671258794
33,3.2016545364973994e-06,2.1874926759168035e-05,1.7558049946467098e-06,0.0004408056482864286,0.0002609257804298689,0.011578756091954315,5.592439088535987e-06,2.920059598562488e-06,1.438213786528072e-05,1.961182954191961e-06,0.1697999301966528,6.570831064909093e-06,2.0762795604698562e-07,0.798678430362027,4.896124898682962e-06,1.5461378334336241e-06,0.0016067867242852423,0.0009568427293977544,1.0476710295515695e-05,4.2219114803169355e-06,3.525111762243362e-05,0.00011794804444591764,0.015122413350135994,8.949785157796198e-05,0.001232804553858708
34,9.31242379101118e-05,0.00014848071610643328,1.9303127022860957e-05,0.00037629116311219146,0.0012782938338559205,0.04544504740122596,2.196172215440161e-05,4.635694613732705e-06,0.00031076014218374296,2.0771374219922865e-06,0.34906503720498466,2.7962933954915458e-05,9.562693825941226e-07,0.582740190746224,4.9868028521066196e-05,3.360945938028124e-06,0.002115394204186813,0.004316944485577804,0.00011130083687294592,4.581767561369763e-06,7.950087737073807e-05,0.00018838259876400952,0.006782418123210347,0.00035244043181165667,0.006461685370031589
35,0.00011591814372615875,8.972797893202498e-05,2.078251342621942e-05,0.0009082578358231635,0.0006919251607976127,0.023537046714342476,3.290107894835103e-05,6.236295969288716e-06,0.00022908635818425567,5.316331901123211e-06,0.16607508372340585,4.061072720750218e-05,8.058359504837758e-07,0.7668465074472309,2.917297022579135e-05,3.3496602299207976e-06,0.0026906489668799354,0.019424756903060263,3.420279789801265e-05,4.964243366077482e-06,0.00013390091467100932,0.00031625136330743636,0.006370816050224285,0.00021766860016903238,0.01217406138412261
36,1.3562058294755482e-05,5.224552111161692e-05,5.885243539894426e-06,0.0005328723559779228,0.0005924873696699645,0.016870934169814222,1.5374417601238338e-05,3.084473854914402e-06,6.40431945149469e-05,2.390734466035143e-06,0.1784688603315586,1.8247940645269274e-05,3.942761836503514e-07,0.7832656246988173,2.4831356206974205e-05,2.434333135152473e-06,0.0015977822710757546,0.002222311529124303,1.563641648846276e-05,5.210317188379181e-06,5.951521468751269e-05,0.00015334767202892797,0.010293243859552626,0.00010118639243669585,0.0056184938520249215
37,1.588440582722962e-05,5.971048910817441e-05,6.82755142372268e-06,0.0006001718726422554,0.0006584971238024268,0.02000104458437156,1.5782975718223437e-05,2.769897584572374e-06,6.625957865314034e-05,2.9254862229698023e-06,0.1867243306917563,1.599020101565588e-05,3.784604983095034e-07,0.7685359982317204,2.129698172782498e-05,2.3004373943861047e-06,0.0016481360686472005,0.002492465602993985,1.6126731985742694e-05,5.7851463906320634e-06,6.37862546668479e-05,0.00013558115571498655,0.012941893067213791,0.00013068525135811354,0.005835371751561582
38,3.8939808679804437e-05,9.208036516870842e-05,1.5099694797397236e-05,0.00042497919573408066,0.0013387256071430626,0.05119252709501129,2.6560194936237487e-05,3.3597262388549712e-06,0.0001425806788612503,3.949087051488848e-06,0.24439181261002596,1.54362393922961e-05,5.203767657677964e-07,0.6782218763102167,5.3863816333184626e-05,4.351833537882554e-06,0.0013646952999795893,0.0029646421354402068,3.8231126970006985e-05,5.582101789335091e-06,6.066902453719424e-05,0.00011282321232920355,0.010429940643687968,0.00020227732966288304,0.008854476485709546
39,1.8298176561432504e-05,3.644831359092625e-05,1.4642976697294019e-05,0.0007114913124365949,0.0007174306615468336,0.0586131816567113,1.8716752223716345e-05,5.81982753801117e-06,0.0001004650408229397,4.012134651968575e-06,0.2655008563258075,1.9214868053596925e-05,9.84062493585937e-07,0.6445868967341086,4.529533026448406e-05,5.442250338754856e-06,0.0035575405646270644,0.00428724202007409,3.3931692362973896e-05,7.81826345841648e-06,0.00016061314687719464,0.0002410856504215815,0.013639122242744687,0.0002170015067891535,0.007456448488797358
40,1.5754134590471392e-05,6.044238382904426e-05,7.299875903171219e-06,0.0004764130767685259,0.000698657711852691,0.01967653447162585,1.7713512999856382e-05,2.715222765715849e-06,7.582963884674502e-05,2.353606552238292e-06,0.1835768177120155,1.8194721442411554e-05,3.8684031156587016e-07,0.774402225972764,3.0384535956006405e-05,2.2166418914521387e-06,0.0014170054692628096,0.0020987836435054003,1.65325587635072e-05,4.6554086595825085e-06,5.9434924120667414e-05,0.0001372827548124337,0.010318203783116648,0.00010036228053424579,0.006783799117109402
41,5.443099812466003e-05,0.00011331896257821934,1.9181202086099955e-05,0.00047529420365218124,0.004496010244593799,0.03587273076913543,4.671014170978153e-05,4.170261357439294e-06,0.000351390649893342,1.9666349836803037e-06,0.2784202996815476,2.189728906427915e-05,9.418741745100278e-07,0.6542612984960667,0.0001135591847050259,7.23774616152072e-06,0.001437051172336783,0.0028384198171176587,1.871638242890823e-05,9.108025600358386e-06,4.913399338919594e-05,8.383927122767206e-05,0.007557939283765158,0.00014182807953995677,0.013603525634760012
42,1.1597822634737076e-05,5.005365329230003e-05,8.28694279669347e-06,0.0008571502288819251,0.0003938766761578238,0.029879512844913664,1.5998419771466632e-05,7.741955478437289e-06,8.633012431619557e-05,4.453859035041886e-06,0.26884648446698683,2.8452465261945308e-05,6.286130817260402e-07,0.6757270607319454,4.789162914492575e-05,6.668780399600544e-06,0.002529764950491944,0.003266920227451576,4.524812150938179e-05,7.86679293132497e-06,0.00013762435484420858,0.000471698920773156,0.012916197881957402,0.00021029427136256808,0.004442195264579685
43,8.462381750735515e-06,5.476754382417229e-05,5.566316447781768e-06,0.0007360789772334217,0.0004549213116738522,0.033043299776932926,1.2492437057927479e-05,3.6044205520551492e-06,5.3177232697113615e-05,9.145674697748095e-06,0.1249216408424381,1.092707685057889e-05,3.7742005822019987e-07,0.8122849011457033,2.3158304829456982e-05,4.226422456212904e-06,0.0023209781340899735,0.0033482348798153307,2.1267528444027186e-05,1.0448378120598082e-05,0.00014104222340985742,0.00023453493569456195,0.0170073738395653,0.00014117250237452749,0.0051482002932821454
44,1.3453266057470736e-05,5.589201109837053e-05,6.118530313117841e-06,0.0005606563798352414,0.000645560809194639,0.01947244247896979,1.4945975981185133e-05,2.747679563437603e-06,6.412619350789354e-05,2.626533922299683e-06,0.18247477043970048,1.5244713906648507e-05,3.531701128198945e-07,0.7749353077276713,2.313350531342147e-05,2.316951610135188e-06,0.0015780578681336215,0.0022157402371503873,1.5009856412895825e-05,5.490789282032712e-06,6.151954784387116e-05,0.0001343407191763376,0.01193452542178043,0.00011124776720295777,0.0056543714262592025
45,1.4662718765737487e-05,4.0788394984609435e-05,1.0806214722464592e-05,0.0005650964568980004,0.0007772485210495106,0.032531698007665616,2.1415671284631046e-05,7.226071755294907e-06,0.00010303811803628487,2.3240011114358014e-06,0.3808194530141163,1.7562422884049215e-05,4.30842322251003e-07,0.5672761673989046,8.186163660732086e-05,6.515407054016732e-06,0.0014121087364471676,0.0025518211561840524,2.6509182671711687e-05,5.56616380203244e-06,5.5143004115040526e-05,0.00021738609967009834,0.008292045111768013,0.00014938400482644685,0.0050137416423532265
46,6.526327129164201e-06,2.310783952408165e-05,3.7621019935449872e-06,0.0007210863931874494,0.0003103806927713136,0.020761932789891538,6.138392397229949e-06,2.5928948491202686e-06,2.966047335629604e-05,1.854190666111102e-06,0.21070600317622737,1.3241785300996132e-05,6.126653220918408e-07,0.7372496489687306,1.4912840451691524e-05,1.8982883706015203e-06,0.005604378338572506,0.002381350579354326,1.4032656504274257e-05,6.540864192462817e-06,8.829753182693316e-05,0.0002906650333587458,0.017309425774665304,0.0001281555362332127,0.00432379386512311
47,3.7022654031771e-05,8.963849767725626e-05,1.0945575948930695e-05,0.0007016935533933382,0.0009088736650669142,0.022790527132303128,2.634992978134591e-05,3.320218251226927e-06,0.0001487325743643786,4.434376876386438e-06,0.16327865955253104,4.592668548787814e-05,1.2664816584026592e-06,0.7784514672763543,4.318375476857147e-05,5.050184903831971e-06,0.0032635288485748032,0.004648532383327217,3.307428469888038e-05,9.81396290906327e-06,0.000138511433921816,0.00031835593053434943,0.012242958497311482,0.00020944756758447983,0.012588684977739347
48,1.4604855097309093e-05,9.491130633347356e-05,5.132616784523945e-06,0.00045801939099345885,0.0005066002328028261,0.031245730921038585,1.0080504775505635e-05,3.0628591624904814e-06,4.793433582346758e-05,3.9466876302794845e-06,0.2383585415671295,9.818793384300331e-06,3.080580589769926e-07,0.7043067415486534,1.2776824091800135e-05,1.9759033150103243e-06,0.001830760866292797,0.0014748920344088553,5.713010087560302e-05,5.237816259786683e-06,5.137883727417583e-05,0.00014322210989489527,0.018502305015552386,0.00024410006469160296,0.0026107867496749774
49,1.14302318420304e-05,4.875612086484036e-05,6.683999922089948e-06,0.0006714047020878922,0.00046370451715645005,0.01907256887246787,1.4091677297793513e-05,2.632295444572996e-06,5.734656788628812e-05,2.819876580980494e-06,0.16837214756861024,1.785724552519583e-05,3.744649110047467e-07,0.7885648853301782,2.0307909109046056e-05,2.1472320075252745e-06,0.0015029041541294182,0.002231742592320802,1.3336160595543392e-05,5.238469371321051e-06,7.021999208035264e-05,0.00014636479997298142,0.012958310422441815,0.00011487406962484652,0.00562785072757101
50,1.3105085601780392e-05,5.474064910911613e-05,5.988524019656648e-06,0.0005292109156404057,0.0006443520390244861,0.018075869050580964,1.597211145242087e-05,2.8048085783496736e-06,5.732513182598929e-05,2.799267190474483e-06,0.17186978966027283,1.5098688236102959e-05,3.396798816483346e-07,0.7868213916213838,2.2371053754762936e-05,2.204268956899279e-06,0.0015198741613042133,0.0021180125577245352,1.4426698702181224e-05,5.379444317797863e-06,5.9278282698489364e-05,0.00012947885245296272,0.012124863872874373,0.0001013052966442096,0.00579401827777167
51,8.991517557958519e-06,0.00010427555228188636,2.511045624648211e-06,0.0006865584310126084,0.00012829841727206754,0.006287607645532932,6.357393657846381e-06,2.3373868590540387e-06,3.971912773154461e-05,1.967786545444875e-06,0.08748240743680692,1.336765487803295e-05,7.181716915907233e-08,0.8954967396869353,1.1400550702510748e-05,8.277086147593057e-07,0.000695340334495781,0.0017140587198792906,1.2561611427854497e-05,2.023386231774075e-06,3.0441923453285833e-05,0.00017470530185645494,0.004606105490872386,4.141159249048606e-05,0.002449912480109823
52,9.49702413611993e-06,0.00019046421948609626,6.9640022469060835e-06,0.001383125574856068,0.0007828248929848924,0.006338223191880268,4.446858315567413e-05,2.094647625369165e-06,6.684558191315795e-05,3.4222232589018e-06,0.1336015787558308,0.00010447208161546249,1.0228951997806953e-06,0.8007585846284931,1.1054296877261918e-05,1.6380559508948445e-06,0.0017665077250258988,0.0005191979622694799,2.056540447060301e-05,1.0266580292507425e-05,0.00019318149794999982,0.00015961301112869241,0.047046280784304166,0.00019441530772399185,0.006783691071324034
53,6.736528900206011e-06,4.043324334877582e-05,5.8276850362412134e-06,0.000545344522991826,0.0010541910815618928,0.011437966483381664,3.829405121851239e-05,3.5109016437953295e-06,5.2117807022806474e-05,2.554324982718412e-06,0.2300876421211944,2.3164999657333376e-05,3.3696789046060265e-07,0.7297516274755226,3.569050565951291e-05,2.7483706275061353e-06,0.001030076067735412,0.0012229532681662387,8.41180943378477e-06,5.747836967540474e-06,6.431403224204509e-05,0.00013021908289116482,0.017586731700828518,8.066336721551946e-05,0.006782695763879611
54,1.931303315998651e-05,9.53041549324998e-05,5.474507583533088e-06,0.0003828730136177696,0.0006552930309297138,0.014958016274227666,1.7005760900699538e-05,1.6909286106132449e-06,6.946378286273336e-05,3.1092210601801436e-06,0.08326983708594751,1.5542425864077727e-05,2.4876175964261244e-07,0.8803564833036855,3.359277570377946e-05,1.99196309420333e-06,0.0009855017630390264,0.0019447288666937332,1.2169388424072007e-05,4.013332269710245e-06,4.066070444668882e-05,0.00010259693710304098,0.006701862815342081,4.904255221381081e-05,0.010274183616527797
55,6.079034981604869e-05,0.00010978826115586302,2.118505078536665e-05,0.0013007910651917035,0.0009770172313494083,0.031133320060941973,3.824503457671713e-05,3.877645819126993e-06,0.0004948286316691697,3.062396982463051e-06,0.2066252517961326,9.857526479159822e-05,2.0919069212711855e-06,0.7273600661094702,4.954689577465372e-05,6.5618671630413795e-06,0.002156537777078342,0.007253830314860504,3.659611306904313e-05,8.037797552438283e-06,0.00018932610814256638,0.0002814518646508611,0.008529686360078132,0.0003686667609914418,0.012890867335035522
56,1.3970570750303978e-05,5.511790423556785e-05,6.428721081455696e-06,0.0005651007635401757,0.0006472522588174493,0.019352433286968465,1.5702655680435636e-05,2.88683481796637e-06,6.638844077024615e-05,2.5959377864905177e-06,0.1852323965543172,1.7295672598509596e-05,4.170500499843612e-07,0.7720445763214592,2.355411007617004e-05,2.38345636612588e-06,0.001654559338850001,0.002210203818608876,1.6147939189432358e-05,5.646170558519733e-06,6.510865544779203e-05,0.00014100703990960878,0.011996569791448166,0.00011747294678983405,0.0057447837598820954
57,1.586600957238903e-05,6.441922762510629e-05,6.578133778952292e-06,0.0006382689022755988,0.0006366503176782194,0.015744466158519634,1.924838429761601e-05,3.430028301178208e-06,7.79958430119968e-05,3.387696151721259e-06,0.15185452732416888,3.270567689617242e-05,8.209219615881175e-07,0.8053245545580114,2.6585179237711987e-05,3.2857095002131604e-06,0.0024661462429698025,0.0025098622577590145,2.197634257236404e-05,8.475494054469186e-06,9.399689626827304e-05,0.00023033001724552597,0.012828813629904186,0.00013260780962877957,0.00725500123860945
58,1.6930985362559802e-05,5.881027118322223e-05,7.578319271889926e-06,0.0006094261994425559,0.0006844964478772346,0.02237806858587827,1.6712292480701783e-05,3.022665284369062e-06,7.648360298710608e-05,2.6558084260761503e-06,0.22177252329159972,1.8901076181345392e-05,4.6205970889042104e-07,0.7311310689801189,2.1991866692054503e-05,2.5512912200405377e-06,0.0015934512493751888,0.002365335598942613,2.016594831440755e-05,5.657934047598423e-06,6.839526541778397e-05,0.00013913983620936478,0.013515562008441015,0.00017031286943196232,0.005320295546105186
59,1.645557651382319e-05,6.163070921480057e-05,8.387563153951241e-06,0.0006647180099384996,0.0007015411837914886,0.023823241612164293,1.7360852464666422e-05,3.1394342833343234e-06,8.024018316992299e-05,2.947393318725989e-06,0.22954536090913139,1.8500082329621872e-05,4.421831114380465e-07,0.7206697177732203,2.443088247742837e-05,2.7837937449936972e-06,0.001576908827465176,0.002404693638466778,1.983194586315116e-05,6.25454436416508e-06,7.317360388245218e-05,0.00014466579837997537,0.014474262338463002,0.00017773255416745075,0.005481578606918903
60,1.3453266057470736e-05,5.589201109837053e-05,6.118530313117841e-06,0.0005606563798352414,0.000645560809194639,0.01947244247896979,1.4945975981185133e-05,2.747679563437603e-06,6.412619350789354e-05,2.626533922299683e-06,0.18247477043970048,1.5244713906648507e-05,3.531701128198945e-07,0.7749353077276713,2.313350531342147e-05,2.316951610135188e-06,0.0015780578681336215,0.0022157402371503873,1.5009856412895825e-05,5.490789282032712e-06,6.151954784387116e-05,0.0001343407191763376,0.01193452542178043,0.00011124776720295777,0.0056543714262592025
61,1.6614357834196204e-05,6.099048233932667e-05,8.387097703560758e-06,0.0006493960043602775,0.0007191140518039534,0.023543989755055852,1.776550925537195e-05,3.2139729796479586e-06,7.924877705238518e-05,2.942497358744145e-06,0.2263311211378238,1.8649456149663923e-05,4.616959781129405e-07,0.7241045458555737,2.4949657156752857e-05,2.7652054351596616e-06,0.0016438758008948402,0.0024316547707026077,1.9781408414941192e-05,6.263173784202157e-06,7.399158450133537e-05,0.00014672704760141774,0.014282894606537935,0.00017111291787666005,0.005639543175825456
62,1.3453266057470736e-05,5.589201109837053e-05,6.118530313117841e-06,0.0005606563798352414,0.000645560809194639,0.01947244247896979,1.4945975981185133e-05,2.747679563437603e-06,6.412619350789354e-05,2.626533922299683e-06,0.18247477043970048,1.5244713906648507e-05,3.531701128198945e-07,0.7749353077276713,2.313350531342147e-05,2.316951610135188e-06,0.0015780578681336215,0.0022157402371503873,1.5009856412895825e-05,5.490789282032712e-06,6.151954784387116e-05,0.0001343407191763376,0.01193452542178043,0.00011124776720295777,0.0056543714262592025
63,1.4448230014673327e-05,6.791269113711052e-05,6.259420285237382e-06,0.0005616758018520095,0.0006645431913000983,0.019277068103088373,1.5245011334999902e-05,2.71519690941248e-06,6.589510490423938e-05,2.865116930866697e-06,0.17462195033041752,1.5369093603535067e-05,3.4163087648270345e-07,0.7826818739165431,2.3599498656708843e-05,2.274481196596122e-06,0.0015483639387356791,0.0020928787700348604,1.6657815250538772e-05,5.658523575887681e-06,6.21802096407203e-05,0.0001347291061490108,0.012297203532851316,0.00011205442848119429,0.005706236856229886
64,1.2199059778720749e-05,5.624504861565131e-05,6.405093872021956e-06,0.0006159892995204124,0.0005945272079780914,0.019589761535748613,1.5679989669646693e-05,2.6645611429298725e-06,6.526415073997183e-05,3.053828140468424e-06,0.1626794559160754,1.7695509887791663e-05,4.002208344585357e-07,0.792638176060733,2.306935425781848e-05,2.3269811751254103e-06,0.0016674113613151485,0.002285965782760032,1.4826913900362862e-05,5.978205273802552e-06,8.573982820520178e-05,0.00015184214964077578,0.013229563330705983,0.00011447339005447406,0.006121285219974273
65,2.446502125707657e-06,2.8008369345780668e-05,3.0479540301990313e-06,0.0004942890195106355,0.0002157757188423894,0.009093219321240952,1.2450639739050654e-05,2.40622661936946e-06,6.6562726064490275e-06,9.078101288413787e-06,0.04616176416838213,4.85343809762874e-06,7.603403385366093e-08,0.9200680049838889,9.129988189326525e-06,9.80569743721812e-07,0.0006998748133088921,0.0009819404436019947,3.3003873283014044e-06,5.694000526303675e-06,5.105525468513983e-05,5.6456526429297665e-05,0.017387546290540547,2.1494845731098842e-05,0.004680450130164108
66,6.7313324774181685e-06,4.117351733785624e-05,2.7247993375064327e-06,0.00047509130959926975,0.00026688890717961177,0.008475753751843737,9.352375368308256e-06,2.1783248059318028e-06,3.7133295858401456e-05,1.292074932071427e-06,0.12104059823619057,1.4095196809258157e-05,1.5112766096318272e-07,0.8576820252138441,1.5321729367446808e-05,1.2688563886098568e-06,0.0008503108208040242,0.0013835967540122968,7.917966399135426e-06,2.2798203069925133e-06,3.1239526056906156e-05,0.00012234806777450485,0.005962140165462871,4.1494591299917246e-05,0.0035268922388823867
67,3.914606069764206e-05,0.00013685518010586728,1.0534273730745462e-05,0.0004977767745915287,0.001260557784265327,0.01746892375455511,3.589717087623923e-05,4.481776769405601e-06,0.00016346239148169807,3.203426148065823e-06,0.24515853619117875,2.9362989396275555e-05,4.0332480255859863e-07,0.711372175662841,6.0331292545149674e-05,3.316043127533701e-06,0.0016212678426838194,0.0034755340290994006,3.4549342667971124e-05,5.132732349528455e-06,7.286314865008474e-05,0.00024746197545746874,0.008872124078079779,0.00013440983873971052,0.009291692915159569
68,1.631363485981861e-05,5.7037646461634965e-05,9.58222326389124e-06,0.0010642269112140453,0.00032628643469012717,0.016952434208881376,1.3865164287693017e-05,2.5960334657176766e-06,6.115490010362346e-05,3.6349706259599755e-06,0.13884218932159761,2.0776814791725557e-05,3.244538570559999e-07,0.817357075512937,9.085775267217604e-06,1.6256172316297308e-06,0.0012050478301712157,0.003069970617670256,1.166875349971372e-05,4.891093125919151e-06,9.058846748633359e-05,0.00011658048479462695,0.015766371770335817,0.00015851049938603572,0.00483816085999411
69,1.5727204411944355e-05,5.748057021079731e-05,5.9660927394771146e-06,0.0005197198143692648,0.0006538703372549951,0.01892203595212306,1.4828287259460543e-05,2.5533114659743964e-06,6.863298120966781e-05,2.657376911655959e-06,0.15672194595635883,1.5212280573641432e-05,3.726206984191818e-07,0.8016792511511561,2.382198236579102e-05,2.2502957460399887e-06,0.0017321500594124838,0.0026263192732865243,1.4521747764662761e-05,5.281579493429754e-06,5.9106294031223075e-05,0.0001393101679378035,0.010026517638234509,9.627975240179036e-05,0.006594187272582251
70,1.3287913230993982e-05,6.186903357269172e-05,6.1723647507786255e-06,0.0005581493505724582,0.0006708068605335135,0.022087964505112932,1.5313349682930965e-05,2.631029979522439e-06,6.7833820950759e-05,2.7582616318198675e-06,0.20932689585225345,1.5612452993682962e-05,3.539932039806741e-07,0.7435396298834185,2.329108277438677e-05,2.267512492504789e-06,0.0015948677597346353,0.0020881529372761493,1.9157933784573787e-05,5.389757327435982e-06,7.156434768330358e-05,0.00014377191390698468,0.014189251852961961,0.00014092145226770038,0.005352084777902122
71,7.211197586278314e-06,0.00010608663921048839,2.283150348205123e-06,0.0005208410113637206,0.0016642857823718899,0.007611043070359214,1.7532662728752604e-05,1.6402905169302701e-06,4.377219026742046e-05,4.375903840242653e-06,0.06792918603729456,1.3067230491060471e-05,4.3972548328850223e-07,0.8939252906417258,1.3328523803083768e-05,3.0680414934283087e-06,0.0013438912636206098,0.0007864591642649516,6.285853344480206e-06,2.3077148475358123e-05,5.141995904261742e-05,5.381757902978324e-05,0.020089020972449856,6.869308085962923e-05,0.005713882880028366
