,0,1,2,3,4,5,6,7,8,9,10,11,12,13,14,15,16,17,18,19,20,21,22,23,24
0,1.230699496962259e-05,4.797908727892975e-05,6.178280949519684e-06,0.0005898669538869962,0.0003468270804882872,0.013548500599519937,1.4366146569362247e-05,2.2459054427836135e-06,3.5364074565133374e-05,2.9710402949962254e-06,0.14095484657373056,1.4608216155923886e-05,2.0286406853296832e-07,0.8227030094616152,1.271912456215906e-05,1.1763773183515229e-06,0.001057663874701526,0.002125447998276035,1.0287673260416789e-05,3.231336582774622e-06,5.040600041504237e-05,0.00010828288157794948,0.012768260278652696,8.303883811501517e-05,0.005500212337002395
1,2.445827376068779e-05,8.627599009714771e-05,1.2005434450453055e-05,0.000631855276974333,0.0006529477805035157,0.032622946018872646,2.0421322377882886e-05,4.371347648976754e-06,0.00011026574764263136,4.762577743422383e-06,0.19654903581594213,2.009106994232958e-05,4.6719076878426195e-07,0.7468528162881065,3.3346361593378716e-05,4.011817403531954e-06,0.0014997709299991594,0.0031991945183459753,3.481647558356124e-05,6.201689488415695e-06,8.63952669542932e-05,0.00017404148545374084,0.010968826274498385,0.00017813286587427894,0.006222542179973893
2,1.0396990238517732e-05,3.9258798530072465e-05,9.220062531105846e-06,0.0014009165557510844,0.00012156092792499739,0.029046387730296698,8.405435997644255e-06,2.7020801211313707e-06,4.414867208134295e-05,3.0931301691672692e-06,0.2502736921319251,1.9225177071717938e-05,2.625096264439825e-07,0.6934947735621083,5.663565654545839e-06,1.3890614444239604e-06,0.001462924648553605,0.0028871637898239154,2.4325552550713516e-05,2.33235847051041e-06,0.00010882207077176495,0.00019669050891925742,0.018191455115634643,0.0003049499034096805,0.0023402396603934734
3,1.3993251801786725e-05,5.434924101963727e-05,6.5344030874635815e-06,0.0005340920539678002,0.0004912675124125504,0.018699612587372565,1.4360085656210574e-05,2.8109149293617266e-06,5.396023743617759e-05,2.7302188866157127e-06,0.18163731132671096,1.5161974669185604e-05,2.913570864851799e-07,0.77740451348374,1.9755756689084357e-05,1.8059257223277133e-06,0.0014091218464575333,0.002273820734442294,1.6528239060546727e-05,4.2377235958621705e-06,6.0568745920372067e-05,0.00013639299377396366,0.011730854150906382,0.00010820649978582624,0.00530771873486892
4,1.3966173985360554e-05,5.214479338254342e-05,6.332410051339333e-06,0.0005250689686996272,0.0004744418084388367,0.01728175466013367,1.4231990000676211e-05,2.7457576130511548e-06,5.426066070273942e-05,2.463843345554082e-06,0.17731675392912108,1.7429096986596273e-05,3.4807974362977296e-07,0.7835096012758873,1.8938746698407343e-05,1.716842258978997e-06,0.001509206467699499,0.002196056786030585,1.670021466100229e-05,4.157856663832287e-06,6.331878993906307e-05,0.0001435491774409897,0.01134049580463077,0.00010735557533768403,0.005326960290547394
5,1.350226210191106e-05,4.745222751652584e-05,5.903570298875585e-06,0.0006602486786870051,0.00035865899442878805,0.01641088729235254,1.2123078788690723e-05,2.419681410643631e-06,4.7324573215769585e-05,2.8036633513940216e-06,0.1554646704116529,1.6014425658735e-05,2.8471193136628725e-07,0.8055403093660921,1.496478721476986e-05,1.5620142321219653e-06,0.00147118523820699,0.002851427346254021,1.2842657975310643e-05,4.122443835008057e-06,6.287979122768072e-05,0.00014256413267832953,0.011424087261816786,0.00010785989719157747,0.0053239014918801866
6,1.3993251801786725e-05,5.434924101963727e-05,6.5344030874635815e-06,0.0005340920539678002,0.0004912675124125504,0.018699612587372565,1.4360085656210574e-05,2.8109149293617266e-06,5.396023743617759e-05,2.7302188866157127e-06,0.18163731132671096,1.5161974669185604e-05,2.913570864851799e-07,0.77740451348374,1.9755756689084357e-05,1.8059257223277133e-06,0.0014091218464575333,0.002273820734442294,1.6528239060546727e-05,4.2377235958621705e-06,6.0568745920372067e-05,0.00013639299377396366,0.011730854150906382,0.00010820649978582624,0.00530771873486892
7,2.8221538019202808e-05,6.67938453412432e-05,1.2718231105437172e-05,0.0005100926193796734,0.0005872349514937721,0.023663171436067387,1.997241199419898e-05,3.6534076450204263e-06,5.9828636979075264e-05,3.5332238022634743e-06,0.21896071938948836,1.7384236781598436e-05,3.9839378815805856e-07,0.7322456172353127,1.7359572023000484e-05,1.7386854848728414e-06,0.0013563704169646316,0.002646890570541453,2.6855140549925078e-05,4.362677172186678e-06,5.5850140540702606e-05,0.00010842083819402379,0.013727947608682367,0.00017113339733429886,0.005703731395314486
8,1.434363098445973e-05,5.213544124085508e-05,6.39190353460185e-06,0.0005083861127072749,0.0005387945772695284,0.02101872942813452,1.4172595988041751e-05,3.0146535955172322e-06,6.814159851158896e-05,2.5019885956857847e-06,0.20663587711697481,1.6312148981298173e-05,3.363887833849018e-07,0.7499470317061132,2.7803542955636036e-05,2.2003895216340123e-06,0.0017441006371663795,0.0027059238420104035,1.9491842820211043e-05,4.42465795238535e-06,7.28183641599449e-05,0.00018672484066822095,0.010529241799600221,0.00011418026794613141,0.005766920523783876
9,1.7462550925791684e-05,4.396231293209673e-05,5.190404069604907e-06,0.0002947183807591645,0.0007078367599830865,0.018889744714059013,1.3898975276315483e-05,3.3794986943646766e-06,6.224407402804058e-05,1.6822422022949108e-06,0.25259021777380625,1.2848920999546806e-05,3.0294430096801786e-07,0.7088648988002121,3.230226481427105e-05,1.865893588215522e-06,0.0019374401052342346,0.0027063241599664385,2.285521607476308e-05,3.3425956021653403e-06,4.960417958274547e-05,0.00018318352824209813,0.008016474389586623,9.14591206802241e-05,0.005446760194379709
10,1.3993251801786725e-05,5.434924101963727e-05,6.5344030874635815e-06,0.0005340920539678002,0.0004912675124125504,0.018699612587372565,1.4360085656210574e-05,2.8109149293617266e-06,5.396023743617759e-05,2.7302188866157127e-06,0.18163731132671096,1.5161974669185604e-05,2.913570864851799e-07,0.77740451348374,1.9755756689084357e-05,1.8059257223277133e-06,0.0014091218464575333,0.002273820734442294,1.6528239060546727e-05,4.2377235958621705e-06,6.0568745920372067e-05,0.00013639299377396366,0.011730854150906382,0.00010820649978582624,0.00530771873486892
11,1.4529330654812652e-05,5.433639442131495e-05,6.893459199338237e-06,0.0005434368794520751,0.0005115765468086281,0.0186574907374917,1.490947319293966e-05,2.929589577191624e-06,5.538716238495256e-05,2.6977524100957204e-06,0.18625239132746468,1.6642000890133566e-05,3.4482117186893383e-07,0.7722199335780047,1.9692930278193465e-05,1.854081308636593e-06,0.0015030600866121641,0.0022312112510215094,1.7387776213079738e-05,4.539955056680355e-06,6.33949609265339e-05,0.00013885674788997526,0.012220802212016883,0.00011618883417121087,0.005329512111380554
12,3.77555066720867e-06,1.7917918339667428e-05,4.0031176257943073e-07,0.00011932491246834754,0.00021790725711103056,0.0038498014954583136,1.7052970027734052e-06,1.656963851999908e-07,5.454645440607012e-06,8.410326237987303e-07,0.013043099234524673,1.3176137582742236e-06,5.535424803892431e-08,0.9716243302233669,1.4273749194703776e-06,1.1884791287701652e-07,0.0014273125228982558,0.0011494867530137455,7.181827194907563e-07,1.4305637397978781e-06,1.2354869070520696e-05,1.7638795577073926e-05,0.003538185789642118,4.8761673178970095e-06,0.004960353590031346
13,0.0002254045873555607,0.0004787243272244841,3.954716803220308e-05,0.0010501609147966448,0.002189759553191533,0.15061137460835108,3.6311421303118116e-05,3.3130710096694917e-06,0.0004827690380873654,4.032873188594495e-05,0.07305115718872626,1.564304446050186e-05,1.2615850665844798e-06,0.7035421273469044,7.497460669381954e-05,1.2474150504902965e-05,0.00440875310902452,0.0164755848804666,0.00010599215600140129,2.6960432368681188e-05,0.00018798426421547598,0.00019000119594045125,0.014300342329216833,0.00045836432001922635,0.03199068596915278
14,1.5113306205012529e-05,4.613659316469088e-05,8.487240127768476e-06,0.0006180463692607787,0.00045549091309952364,0.021605881622501346,1.4453465885683636e-05,3.0221575756689413e-06,6.521756589143078e-05,2.5583836973186843e-06,0.18626363959825465,1.9109358081396995e-05,4.0725608923984506e-07,0.7677571185714835,2.2824347336297e-05,2.050222542771683e-06,0.001725621556655561,0.002749233019722723,1.665965931024349e-05,4.563740931933198e-06,7.816998046809392e-05,0.00016456088410058233,0.011927319854952378,0.00012078696355655256,0.00631352736910494
15,1.3993251801786725e-05,5.434924101963727e-05,6.5344030874635815e-06,0.0005340920539678002,0.0004912675124125504,0.018699612587372565,1.4360085656210574e-05,2.8109149293617266e-06,5.396023743617759e-05,2.7302188866157127e-06,0.18163731132671096,1.5161974669185604e-05,2.913570864851799e-07,0.77740451348374,1.9755756689084357e-05,1.8059257223277133e-06,0.0014091218464575333,0.002273820734442294,1.6528239060546727e-05,4.2377235958621705e-06,6.0568745920372067e-05,0.00013639299377396366,0.011730854150906382,0.00010820649978582624,0.00530771873486892
16,1.320106909337618e-05,5.4343242812877685e-05,6.188051689813981e-06,0.0005374582826096067,0.00046523988216353156,0.01751520342387064,1.466791613180279e-05,2.834000342578163e-06,5.2376489843152675e-05,2.8934182832613038e-06,0.1714114327562623,1.6046924477482186e-05,2.8667662765793424e-07,0.7889354496128512,1.9861808381192997e-05,1.8305028219924141e-06,0.001392753071282633,0.0022885474382278344,1.6330588264877868e-05,4.246727234627637e-06,6.526819575497943e-05,0.0001460866610578661,0.011580077288955132,0.00010301140131382071,0.005354364569645741
17,1.038302540710242e-05,4.342893234643963e-05,4.819508290369576e-06,0.0004935128230437521,0.0004287939821678707,0.013596809644200845,1.2638456390402297e-05,2.493536067640665e-06,3.9142107486283694e-05,2.2682869100336968e-06,0.16130940188960713,1.4549467073837749e-05,2.667150640651462e-07,0.8036544282264743,1.5371304205964224e-05,1.4156842536862314e-06,0.0014370025375876764,0.0019176131997093427,1.19794197299438e-05,3.916251299248166e-06,5.4920672210109376e-05,0.00013107200588861624,0.011889873955112927,8.304883349871367e-05,0.0048408495359739115
18,1.0605596416202445e-05,3.307717757311346e-05,3.5477723833858663e-06,0.0003804625517795167,0.00040054386348153107,0.009371245931513244,1.2100063698031261e-05,1.5456550890318422e-06,2.7876900045749206e-05,2.485144471093072e-06,0.08443678683569436,1.308227610657585e-05,2.646806313078093e-07,0.8824330430854851,1.2523027859625079e-05,9.070479307608384e-07,0.0018733210230412695,0.002722312815654733,6.288278151954565e-06,3.716891611090343e-06,6.051624872614077e-05,0.00012159414443104053,0.009617863922582789,4.269029161618033e-05,0.008411598774026238
19,1.173472138954691e-05,5.932722785865945e-05,7.686678422340035e-06,0.0007376146048921724,0.0004171519908356285,0.01294008649541963,2.3737447264213994e-05,3.544805008998407e-06,6.221576982484948e-05,3.2053916751306335e-06,0.16531655573211768,3.107014879569662e-05,3.6271086336395016e-07,0.7985780286341491,2.3662285346338028e-05,2.1996483350084443e-06,0.0011972610128527968,0.002043401972977688,1.5557385242518445e-05,4.288568733305781e-06,8.344757568866935e-05,0.00019557350935577223,0.012149541920783415,0.0001002445852606056,0.005992499176907138
20,9.72140894993241e-06,4.156430176990662e-05,6.336063208868299e-06,0.0005778588100063488,0.0003602454120823088,0.015154070764628326,1.565623264703169e-05,4.77065028921551e-06,5.354003544613749e-05,2.4837914182740374e-06,0.2276065130538453,2.022466494913953e-05,2.5462749321229516e-07,0.73682887004338,3.888608412309857e-05,2.3656608135459272e-06,0.0014002652684814265,0.0024564727447888117,1.7345741006830644e-05,3.817812944229127e-06,7.231924404137311e-05,0.00028190855732704436,0.009925242871192333,8.647537897443082e-05,0.0050327907761928995
21,1.0145657056657269e-05,5.573430733659313e-05,4.654004967164388e-06,0.00058729078820793,0.00028080399884977225,0.01276301905356774,1.1694083506226333e-05,3.0160902321075727e-06,5.286847569817013e-05,2.84596740052634e-06,0.1158931609985626,1.750045896732203e-05,2.1432311143636195e-07,0.8577468903306725,1.3908737090220551e-05,2.3863319728754834e-06,0.0006937154109668013,0.0018886465250038183,1.3216280896273308e-05,3.6456571890224922e-06,5.130629121299882e-05,0.00011470328295908793,0.0065525222564316666,7.965798698327869e-05,0.00315645270115717
22,1.5771615978963666e-05,4.963884659470622e-05,6.678282232285711e-06,0.0005126391451507441,0.00048171672754856657,0.01957098614134432,1.3197250427216945e-05,2.9152360247377533e-06,5.35477302813636e-05,2.6591494202466825e-06,0.1917930395506074,1.3830904692984382e-05,2.8536523568451617e-07,0.7664182406053158,2.0660790213357675e-05,1.7928196754480744e-06,0.0016272070943028378,0.0028230731152215603,1.6635191654662226e-05,4.084372899581855e-06,6.0171257623035145e-05,0.00015101901050278173,0.010744191014431676,0.00010714234830060145,0.005508876434319389
23,1.3993251801786725e-05,5.434924101963727e-05,6.5344030874635815e-06,0.0005340920539678002,0.0004912675124125504,0.018699612587372565,1.4360085656210574e-05,2.8109149293617266e-06,5.396023743617759e-05,2.7302188866157127e-06,0.18163731132671096,1.5161974669185604e-05,2.913570864851799e-07,0.77740451348374,1.9755756689084357e-05,1.8059257223277133e-06,0.0014091218464575333,0.002273820734442294,1.6528239060546727e-05,4.2377235958621705e-06,6.0568745920372067e-05,0.00013639299377396366,0.011730854150906382,0.00010820649978582624,0.00530771873486892
24,1.7714511419494336e-05,5.297603941821401e-05,9.901300422854324e-06,0.0005206822637654459,0.0006758531628761308,0.02508848079205527,2.012495515617627e-05,3.397003284281312e-06,7.624605558105155e-05,2.821295099111721e-06,0.2475489613535008,1.8771334846348555e-05,3.9742579988153126e-07,0.700522834224433,3.3913151307852476e-05,2.283997881448181e-06,0.0017192004821981102,0.002763694014311547,2.1824454720864166e-05,4.5502612015318304e-06,8.273062349614491e-05,0.00017641633973827805,0.013175438082275774,0.0001378013040601703,0.007322985571150398
25,3.389357052636396e-06,2.0272133130322445e-05,2.0716973144408427e-06,0.0003807880180674418,0.00019698465843063717,0.00713667286956955,6.94068365598185e-06,2.9493754040228727e-06,1.4834900185517865e-05,1.064633967823772e-06,0.20770009418692648,7.64579959660099e-06,8.069754903039736e-08,0.7735078750176518,6.5710310587758365e-06,8.543570525780817e-07,0.000571951378841961,0.0008954095373004259,6.477640700806768e-06,1.780302764866297e-06,2.2906322089313148e-05,7.907526086305003e-05,0.008108409576366212,4.92184722433785e-05,0.0012756820922164693
26,4.3269097365443685e-05,7.937504450532594e-05,1.487410375657796e-05,0.0007163751918143792,0.0007983656097243204,0.03936125635110274,1.4778462601156471e-05,2.795902608545847e-06,9.66617893477265e-05,3.6721877291416557e-06,0.2885878696798191,1.614949771468082e-05,6.838173102595263e-07,0.6365996614857352,1.3217666711398125e-05,2.128208262113239e-06,0.0023807286223323314,0.004007463537701667,3.6988739183073e-05,7.058367908032431e-06,7.721296968497749e-05,0.00011909022654400023,0.021161796358570715,0.0004581831525027549,0.0054003439294643156
27,1.2396587769441792e-05,4.783069931451165e-05,5.752201687747601e-06,0.0005407142606507443,0.00042808814769309536,0.018670660280064998,1.276713699609184e-05,3.2290914852656796e-06,5.8283453974273325e-05,2.4824851030035976e-06,0.2055603496833511,1.534958908913279e-05,2.7732528950208817e-07,0.7550133071863867,2.5097953950898723e-05,2.1233796235226364e-06,0.0015888568251833132,0.002638153010610125,1.7892582771559584e-05,3.975651240596406e-06,6.494936520273823e-05,0.00020545094198086436,0.010168673062919941,0.00010817224115326853,0.004805166856507515
28,1.3993251801786725e-05,5.434924101963727e-05,6.5344030874635815e-06,0.0005340920539678002,0.0004912675124125504,0.018699612587372565,1.4360085656210574e-05,2.8109149293617266e-06,5.396023743617759e-05,2.7302188866157127e-06,0.18163731132671096,1.5161974669185604e-05,2.913570864851799e-07,0.77740451348374,1.9755756689084357e-05,1.8059257223277133e-06,0.0014091218464575333,0.002273820734442294,1.6528239060546727e-05,4.2377235958621705e-06,6.0568745920372067e-05,0.00013639299377396366,0.011730854150906382,0.00010820649978582624,0.00530771873486892
29,1.3993251801786725e-05,5.434924101963727e-05,6.5344030874635815e-06,0.0005340920539678002,0.0004912675124125504,0.018699612587372565,1.4360085656210574e-05,2.8109149293617266e-06,5.396023743617759e-05,2.7302188866157127e-06,0.18163731132671096,1.5161974669185604e-05,2.913570864851799e-07,0.77740451348374,1.9755756689084357e-05,1.8059257223277133e-06,0.0014091218464575333,0.002273820734442294,1.6528239060546727e-05,4.2377235958621705e-06,6.0568745920372067e-05,0.00013639299377396366,0.011730854150906382,0.00010820649978582624,0.00530771873486892
30,1.3993251801786725e-05,5.434924101963727e-05,6.5344030874635815e-06,0.0005340920539678002,0.0004912675124125504,0.018699612587372565,1.4360085656210574e-05,2.8109149293617266e-06,5.396023743617759e-05,2.7302188866157127e-06,0.18163731132671096,1.5161974669185604e-05,2.913570864851799e-07,0.77740451348374,1.9755756689084357e-05,1.8059257223277133e-06,0.0014091218464575333,0.002273820734442294,1.6528239060546727e-05,4.2377235958621705e-06,6.0568745920372067e-05,0.00013639299377396366,0.011730854150906382,0.00010820649978582624,0.00530771873486892
31,3.0392069491705535e-05,6.548085709904223e-05,1.1650791896573432e-05,0.0005090320699693079,0.0004965565612711012,0.018778436311828902,1.7904382193039786e-05,4.317034300307747e-06,4.2347301573285664e-05,4.0860222317401994e-06,0.17075347952517497,1.3120523120142124e-05,2.873165257686597e-07,0.7864441564505917,1.3522875798135348e-05,1.3509999362290098e-06,0.0013929440690044468,0.003073440389765083,2.1489676386297883e-05,4.011363260015838e-06,4.821138399157022e-05,0.00010005324499490614,0.012617642113341725,0.00011819415447593695,0.005437892511777739
32,1.624269461174964e-05,5.988632965567605e-05,7.212592768280732e-06,0.0005226724168665209,0.000512347765798722,0.02082287753404906,1.4980939655901702e-05,3.1026840788503135e-06,5.987816941605855e-05,2.9330627302604097e-06,0.1952712248583132,1.6050596921452728e-05,3.2154684414028137e-07,0.7612048672385057,2.1638905216906155e-05,1.962819944953603e-06,0.0015013946044187547,0.002423419889948758,2.1394816580154117e-05,4.372103928556385e-06,6.505707135459058e-05,0.00015047046354521587,0.01186880271526158,0.00012553621163259642,0.005301351967952389
33,3.213002436804681e-06,2.0834322101319067e-05,1.799919577002617e-06,0.0004134124334820062,0.00019507936901492828,0.010748028679464911,5.192499063928126e-06,2.915428696996781e-06,1.1769629111781506e-05,1.925956903853032e-06,0.16834997166054616,6.417496631651336e-06,1.6516819549124354e-07,0.8018323962949682,4.11667681503763e-06,1.154372660278146e-06,0.00140325063017613,0.0009443781945743845,1.1044278862659987e-05,3.168242052316122e-06,3.32968817309576e-05,0.0001172716897246647,0.014672243796968742,8.38415694094202e-05,0.0011331118068305922
34,9.638917461950718e-05,0.00014455142866173312,2.0639389877445663e-05,0.0003631086830675306,0.0009727388705788105,0.04356021854655534,2.1126065217082776e-05,4.756004523065473e-06,0.0002611125851560175,2.1683715820679823e-06,0.34684949269279153,2.7989434302183893e-05,7.935696823656833e-07,0.5877455459256413,4.2595251394866175e-05,2.637909405416669e-06,0.0019038295558588421,0.004435490590715832,0.00012154249995080833,3.5794294633346024e-06,7.863562281280846e-05,0.00019179241679047606,0.006707100917700869,0.00034215966766230617,0.0061000053959884264
35,0.00011594272461883687,8.583021020339435e-05,2.133610330851927e-05,0.0008500736945518242,0.0005216316958240787,0.02189841220848494,3.0787640005410256e-05,6.241087212754604e-06,0.00018593214693395817,5.2497348947175416e-06,0.16561095396187092,3.958436394386502e-05,6.416679151790111e-07,0.7711952190220415,2.4475829725180244e-05,2.498379081485837e-06,0.0023495925632170643,0.01893571514109129,3.626402047320196e-05,3.7451767860487133e-06,0.00012609747305472344,0.0003124037533217273,0.006257026390762584,0.00020487298545670892,0.0111794720252201
36,1.4095460380045592e-05,5.076860627695259e-05,6.277040027379333e-06,0.0005074048898744303,0.0004509426900669656,0.01619861526732319,1.4752316426507828e-05,3.151218885205655e-06,5.384013576348689e-05,2.482565915184421e-06,0.17760696066253437,1.8115151114813756e-05,3.2488421042561596e-07,0.785621659335176,2.1181134818982075e-05,1.8953207334320362e-06,0.0014262542631800193,0.0022793645618070795,1.7190775008036692e-05,4.0201976738126845e-06,5.851996845092176e-05,0.00015546271637464028,0.010117677473908971,9.837746214761487e-05,0.00527066590192153
37,1.6424746998668858e-05,5.812977847134595e-05,7.280322466124998e-06,0.0005708457788529041,0.0005000354560299071,0.019117858967460655,1.5153089568289882e-05,2.8279140667359116e-06,5.5509485852725524e-05,3.0212377358596425e-06,0.18614442001149822,1.589518445582767e-05,3.0974617095230756e-07,0.7709164772819695,1.816853940495413e-05,1.7767742589001608e-06,0.0014625633016629106,0.0025287066747840662,1.770628511791069e-05,4.441201888444381e-06,6.252791897628012e-05,0.00013711530014958397,0.012754080318961929,0.0001265085931604238,0.0054622160900366905
38,4.150059638980445e-05,9.194988045044952e-05,1.6672928519826923e-05,0.00040395556369245486,0.0010374671646018743,0.05005550669953836,2.6021872187621033e-05,3.4493451842860254e-06,0.00012236480280799477,4.091756143849758e-06,0.24638809086294322,1.551266795300405e-05,4.2965702089538523e-07,0.6784090176623391,4.7213772050705596e-05,3.392015906510103e-06,0.0012009118251008525,0.002983426572634532,4.310190756807643e-05,4.2864774401510995e-06,5.929858179669946e-05,0.00011300714666761578,0.010308861204994982,0.00019877677116726553,0.008421692264899817
39,1.8854568220372057e-05,3.556320012448105e-05,1.554380193307247e-05,0.000679463954000553,0.0005454587468242966,0.056116614339142896,1.798606847400613e-05,5.989648954676659e-06,8.431160817507699e-05,4.16491780493031e-06,0.26514076923728574,1.9095766206749973e-05,8.033880737786008e-07,0.6486706292849741,3.876842930163814e-05,4.245112346152746e-06,0.003166251962508558,0.004359338979314609,3.74063025322462e-05,6.022678333496539e-06,0.0001580900700970574,0.0002456192398199891,0.013458603261160749,0.00021010729908491662,0.0069602981353061154
40,1.637291613294301e-05,5.875151137037868e-05,7.788782799851477e-06,0.00045427793237420643,0.0005314680763605161,0.018895530656570902,1.7003913781130942e-05,2.778046505250955e-06,6.375206826884283e-05,2.448150399280997e-06,0.18273808360266386,1.8079080084685768e-05,3.1898924520051106e-07,0.776914933767885,2.590997284558082e-05,1.7282614012664117e-06,0.0012661405339257654,0.0021545680216878272,1.8196141404153093e-05,3.5964966683356753e-06,5.85307907800407e-05,0.00013937068027994006,0.01015091606403593,9.76800753994602e-05,0.006361775467129845
41,5.426549872558818e-05,0.00010813028174357497,1.968462604003924e-05,0.0004492710585742627,0.003333191297989489,0.033465740555947164,4.335147041753063e-05,4.194934313988153e-06,0.00028543746389296157,1.958474223073031e-06,0.27730594846776147,2.1424285073263925e-05,7.488375610340908e-07,0.660585524050676,9.469673804018034e-05,5.413432321948197e-06,0.0012631618460717208,0.0028043184260422415,1.9934963365459795e-05,6.862322153070899e-06,4.692068219299254e-05,8.417737847491213e-05,0.007429847159903526,0.0001339693527418496,0.012431826395752596
42,1.1998309791073319e-05,4.8647652668232566e-05,8.817049734227708e-06,0.0008167178485850346,0.00030032396490204777,0.028722748147263416,1.5366946763086296e-05,7.943668103061073e-06,7.254393893904088e-05,4.6257110655083225e-06,0.2677763354640633,2.8176850406949022e-05,5.156715806900121e-07,0.6787991050761674,4.092556542456218e-05,5.206691716793866e-06,0.0022582534159348014,0.003339425342104315,4.976115796772038e-05,6.06455142498341e-06,0.0001355717830553719,0.0004786143491040523,0.012709481968604467,0.00020372113297768642,0.0041591077416520145
43,8.711958659376273e-06,5.369837018046988e-05,5.9547623542707276e-06,0.000703326450194712,0.0003444298762408887,0.031163265488455952,1.2004987148736858e-05,3.6656161180027473e-06,4.439381490356082e-05,9.273387154914926e-06,0.12493530673550511,1.0968450705081508e-05,3.0663969172971977e-07,0.8151181305594299,1.9707533369006198e-05,3.2079333469879245e-06,0.0020434542450451627,0.0033242648535606826,2.3172794460995144e-05,7.97046668029735e-06,0.00013704359241986097,0.00023523249470428027,0.016839881970673723,0.00013563844134584688,0.004816988577650476
44,1.3993251801786725e-05,5.434924101963727e-05,6.5344030874635815e-06,0.0005340920539678002,0.0004912675124125504,0.018699612587372565,1.4360085656210574e-05,2.8109149293617266e-06,5.396023743617759e-05,2.7302188866157127e-06,0.18163731132671096,1.5161974669185604e-05,2.913570864851799e-07,0.77740451348374,1.9755756689084357e-05,1.8059257223277133e-06,0.0014091218464575333,0.002273820734442294,1.6528239060546727e-05,4.2377235958621705e-06,6.0568745920372067e-05,0.00013639299377396366,0.011730854150906382,0.00010820649978582624,0.00530771873486892
45,1.4895455551235424e-05,3.931980480454202e-05,1.1200046354978688e-05,0.0005315879624218635,0.0005879174038812196,0.030358896365441188,2.0153801042198503e-05,7.260169250031239e-06,8.431064932491377e-05,2.3146899112525018e-06,0.3794608813109674,1.7217694091819557e-05,3.451697346105957e-07,0.5717989994234368,6.849597030470692e-05,4.86515763714852e-06,0.001239955943084411,0.00252046736545476,2.8291334796043747e-05,4.21270652811368e-06,5.232398496618018e-05,0.00021541901275708896,0.008157568321812183,0.0001415825435088909,0.004631517712936527
46,6.693982834476439e-06,2.2261878242010155e-05,3.915769587007541e-06,0.0006799084312836842,0.0002377916792944852,0.019769095927346065,5.834698978440515e-06,2.645043544233932e-06,2.4793231297824018e-05,1.8814210226491672e-06,0.20945901704806996,1.2937349185358263e-05,4.973678965057933e-07,0.7411194177685354,1.264958795322867e-05,1.473758150949056e-06,0.00493731817020241,0.0024080339587173403,1.5168553628763464e-05,5.004174411772634e-06,8.434210262106692e-05,0.0002892998735254959,0.01677900699204646,0.0001225902803346561,0.003998420951289731
47,3.765515814778829e-05,8.708352665555413e-05,1.1561098706758324e-05,0.0006642195183471708,0.0006861150798824557,0.021511774269903576,2.5118764166967686e-05,3.367790973456251e-06,0.00012266400340246977,4.491044463337568e-06,0.16343603182189748,4.5267294244437815e-05,1.0127901694470488e-06,0.7814085064512396,3.652018673989872e-05,3.8035121742152997e-06,0.0028509479323122313,0.004593878877180123,3.582885263302612e-05,7.428517312838877e-06,0.00013341472803780945,0.000317410804020279,0.01212154613246992,0.0002001103586509589,0.011654241486268264
48,1.5137199286681103e-05,9.245254881911029e-05,5.500117211269417e-06,0.0004389688892159834,0.00038524846271897835,0.029775254605844913,9.712272631173814e-06,3.1304378597851317e-06,4.035322239814913e-05,4.0705109318675805e-06,0.2371131133027904,9.84762964290519e-06,2.5385016177631757e-07,0.7077855462521805,1.0945390215572043e-05,1.5323539773340484e-06,0.001630998855114981,0.001502746799819056,6.227693538153655e-05,4.044410896869297e-06,5.058575466590791e-05,0.00014512155351379947,0.018214235862514576,0.0002357070203169188,0.0024632157618899417
49,1.189804486842411e-05,4.743933174687924e-05,7.133703938703547e-06,0.0006388526275672815,0.0003534754249968752,0.018314961160916746,1.3541679305015187e-05,2.6931132853054823e-06,4.827821481469824e-05,2.929587850330443e-06,0.16764936913396392,1.774195618265225e-05,3.087770542585519e-07,0.7908808065858021,1.735272864420592e-05,1.674097479234554e-06,0.0013421763480712108,0.002289804019033841,1.4692712680557904e-05,4.043436983129008e-06,6.90732035489917e-05,0.0001485071483030312,0.012729386776034772,0.00011169674678807601,0.005282163440139755
50,1.363127080732199e-05,5.32287342130189e-05,6.395472798115532e-06,0.0005042316795799037,0.0004902872418628624,0.017363364026215716,1.5338254396965412e-05,2.8686454234480166e-06,4.826112033309096e-05,2.908347081545055e-06,0.17111535989810037,1.5015541794798414e-05,2.802514728441103e-07,0.7891558660606642,1.9105654674590327e-05,1.718345185401164e-06,0.0013572703016510798,0.002173788541735953,1.5887482930218282e-05,4.151709128818115e-06,5.836641880630225e-05,0.00013146635268878468,0.011915298209969108,9.857420435122791e-05,0.0054373362341342685
51,9.358672646285065e-06,0.00010088488170178078,2.6908339811202453e-06,0.0006522561028332252,9.836371388020088e-05,0.006066704924215433,6.12771415497654e-06,2.3895567458558612e-06,3.3459004088487245e-05,2.0455295657967697e-06,0.08730102241736493,1.3283828675114868e-05,5.968250115213966e-08,0.8962054692098876,9.759050659613148e-06,6.478440046733564e-07,0.0006227648746133621,0.0017587280111262312,1.3824205246554448e-05,1.5678747506610143e-06,3.0041882344803195e-05,0.00017683404314919454,0.0045444454003499574,4.04384219087341e-05,0.002306832319604113
52,9.661777031473166e-06,0.0001837168418892787,7.334096960220103e-06,0.0013064719903771646,0.0005892292168977611,0.006067383089866394,4.274586775354588e-05,2.1555414547723668e-06,5.6293600016658664e-05,3.5321753863750485e-06,0.13258878091059992,0.00010371640796768357,8.308395881867108e-07,0.8046811643808526,9.607434932814078e-06,1.2808204896838556e-06,0.0015579067950343205,0.000530646530314374,2.259874602715166e-05,7.767116488553653e-06,0.00019032569975527413,0.00016383436398769626,0.04535124868635324,0.00018461457582692379,0.0063371524941479756
53,7.0170964389069784e-06,3.922631923591722e-05,6.185016001848077e-06,0.0005183743551137704,0.0007997369452991665,0.010976605469885098,3.643150655066035e-05,3.578745403470188e-06,4.3753305265252406e-05,2.637979505991847e-06,0.22861711364114062,2.2915244253094618e-05,2.776291152175206e-07,0.7328803504152005,3.0327275136298323e-05,2.133908817460074e-06,0.0009219874012342537,0.001257592659297967,9.240054609995265e-06,4.428292668545717e-06,6.291002183315049e-05,0.0001319181818564744,0.0172000314624502,7.831574901436493e-05,0.006346911324672017
54,1.982116861595759e-05,9.078391259400469e-05,5.697825304757454e-06,0.00036148299550730955,0.0004966852605634228,0.01415890336599606,1.601327527187497e-05,1.7159967492212468e-06,5.753761018501044e-05,3.1433472304529293e-06,0.08288408373984474,1.5245560017133007e-05,2.0393385255126614e-07,0.88275310767285,2.828753772346796e-05,1.533520113643968e-06,0.000880047862702229,0.0019829072319193755,1.3106575660104484e-05,3.0779776645982656e-06,3.9118704656860674e-05,0.00010315795484179469,0.006523523673724697,4.7171430830127134e-05,0.009513641865580557
55,6.113255857543342e-05,0.00010501264835372074,2.1794598863516077e-05,0.001216953795729974,0.0007361037673419359,0.028962446897435684,3.5800705571505094e-05,3.898561132732653e-06,0.00040042799942319255,3.037021833618107e-06,0.20612941422481906,9.570896432288134e-05,1.6588014117026685e-06,0.7321067147316203,4.1489006593916326e-05,4.8842466020632505e-06,0.0018876724671962456,0.007117811398353564,3.884511286580232e-05,6.057742784477793e-06,0.0001781305767368593,0.0002784561247039813,0.00837734818258458,0.0003466978553405029,0.011842502009802974
56,1.4528738404055176e-05,5.360245173889491e-05,6.864008083210633e-06,0.0005383199339356775,0.0004925637985585615,0.018585623372922744,1.5083440536819498e-05,2.952555509209133e-06,5.585487998564357e-05,2.698680897333397e-06,0.184372935556268,1.7190246013932353e-05,3.437485260217638e-07,0.774546378643583,2.0113589692397643e-05,1.8575300372776231e-06,0.0014770918302412512,0.0022682459701591656,1.777477935834227e-05,4.3571099277586665e-06,6.408420260806424e-05,0.0001431271647884855,0.011791888445173619,0.00011423052925535156,0.0053922887937952226
57,1.6485066517097988e-05,6.258165621259545e-05,7.021308577368883e-06,0.0006074922775117866,0.00048444874970071325,0.015135192841674278,1.8464839759966746e-05,3.504075559793595e-06,6.554915352341796e-05,3.5158778318412547e-06,0.15128918989748877,3.238471225628065e-05,6.739527480378398e-07,0.8075910568874363,2.268227912153242e-05,2.5556233946864813e-06,0.0021963096669257633,0.0025734583793357805,2.414419740086806e-05,6.524420894591625e-06,9.231086143845018e-05,0.00023310909984473332,0.012602826152813646,0.00012883602385676876,0.006799681998175143
58,1.7593620862595638e-05,5.718335703954676e-05,8.084394169792278e-06,0.0005804702731502763,0.0005209570683545537,0.021478586811133217,1.6050234253616153e-05,3.0916081939500518e-06,6.431192206648872e-05,2.7606794029623536e-06,0.220609968836533,1.8781262063165902e-05,3.807582543584492e-07,0.734072590066749,1.879198939865423e-05,1.9880904023046326e-06,0.0014234496452490465,0.0024273973275022384,2.2172186048352482e-05,4.367631372671429e-06,6.730484212617269e-05,0.00014128356888273833,0.013279611150732371,0.00016530481482261315,0.004997517861236489
59,1.7108014448442066e-05,5.993604656901633e-05,8.947746247357461e-06,0.0006330354716060494,0.0005339696936772994,0.022866942086576036,1.6677261260087738e-05,3.21139669581979e-06,6.747932786174769e-05,3.0637775514946556e-06,0.22834857447761292,1.8391828297066688e-05,3.6457155150670136e-07,0.7237328977924473,2.0871002019243622e-05,2.1689969519899117e-06,0.001409023631021727,0.0024682144734557475,2.1818445557840887e-05,4.826828476284379e-06,7.202003359175163e-05,0.00014691120474041416,0.0142212295055882,0.00017253478477809715,0.0051497816014164765
60,1.3993251801786725e-05,5.434924101963727e-05,6.5344030874635815e-06,0.0005340920539678002,0.0004912675124125504,0.018699612587372565,1.4360085656210574e-05,2.8109149293617266e-06,5.396023743617759e-05,2.7302188866157127e-06,0.18163731132671096,1.5161974669185604e-05,2.913570864851799e-07,0.77740451348374,1.9755756689084357e-05,1.8059257223277133e-06,0.0014091218464575333,0.002273820734442294,1.6528239060546727e-05,4.2377235958621705e-06,6.0568745920372067e-05,0.00013639299377396366,0.011730854150906382,0.00010820649978582624,0.00530771873486892
61,1.72717085640674e-05,5.931531788146098e-05,8.94701623382811e-06,0.0006185079999464226,0.0005472549808373477,0.022599791631991193,1.7063337473200923e-05,3.2871262528944666e-06,6.664845710807545e-05,3.0586359054871498e-06,0.22516288427207967,1.8539005641362323e-05,3.805576748773141e-07,0.7271438099583634,2.1311120428585242e-05,2.1545375884877727e-06,0.001468480981373269,0.002495666445877657,2.176258148892597e-05,4.833323216951586e-06,7.281867375883943e-05,0.00014898873737879015,0.01403388001216938,0.00016613957623243705,0.005297204004533533
62,1.3993251801786725e-05,5.434924101963727e-05,6.5344030874635815e-06,0.0005340920539678002,0.0004912675124125504,0.018699612587372565,1.4360085656210574e-05,2.8109149293617266e-06,5.396023743617759e-05,2.7302188866157127e-06,0.18163731132671096,1.5161974669185604e-05,2.913570864851799e-07,0.77740451348374,1.9755756689084357e-05,1.8059257223277133e-06,0.0014091218464575333,0.002273820734442294,1.6528239060546727e-05,4.2377235958621705e-06,6.0568745920372067e-05,0.00013639299377396366,0.011730854150906382,0.00010820649978582624,0.00530771873486892
63,1.502137525112452e-05,6.596283542150073e-05,6.683668752972763e-06,0.0005350296937692731,0.0005056046070310697,0.01851206457042916,1.4645009971016593e-05,2.7777236177295915e-06,5.543738786758619e-05,2.9766179854275233e-06,0.17385413451600867,1.528418412371845e-05,2.818750128945501e-07,0.785090973721877,2.0150408174658605e-05,1.7729128387271092e-06,0.0013826809765108783,0.002148310638075491,1.8331271513596963e-05,4.36621589938345e-06,6.121233475652257e-05,0.00013677793684725253,0.012084688084344515,0.00010898099612305358,0.005355850437796598
64,1.2694566406595367e-05,5.4685972415242555e-05,6.838115475219656e-06,0.0005864450737693812,0.00045260108210969097,0.018810049022011024,1.5060014164739345e-05,2.7261202136237076e-06,5.490774129198128e-05,3.171440242698954e-06,0.16202301435337535,1.7583327557819106e-05,3.299142583539332e-07,0.7949960441470353,1.9699607402462077e-05,1.8135456100149814e-06,0.0014883255217783102,0.0023452793326450097,1.6326524191687275e-05,4.6113226514228316e-06,8.425115480934898e-05,0.00015404329721327713,0.012995207911641318,0.0001113167243666683,0.005742974167363356
65,2.566142894969767e-06,2.7309686692471148e-05,3.2641248245465222e-06,0.0004706682418094311,0.00016502550577879915,0.008759637992148654,1.1961248606569882e-05,2.4606452529591403e-06,5.665968878143389e-06,9.360727237786438e-06,0.04625174311210375,4.852568356669616e-06,6.319525755339428e-08,0.921072863296882,7.828650968449504e-06,7.671078972207809e-07,0.0006270864712621835,0.001011127260371061,3.660990314811807e-06,4.388702226846627e-06,5.0261697876192726e-05,5.7532157177586455e-05,0.017035650945830344,2.1076264508632878e-05,0.0043931772948422555
66,6.894788473921622e-06,3.933583716252402e-05,2.8304587558123057e-06,0.0004463823981211011,0.00020260760408382245,0.007983471096058114,8.799423793100623e-06,2.197748914013835e-06,3.063044796956847e-05,1.2977970075060797e-06,0.12028697540699071,1.3791765099620392e-05,1.2297854989929682e-07,0.8595309000664113,1.290557855799634e-05,9.669465214053327e-07,0.0007542094069710291,0.0013944230700402027,8.487771382422774e-06,1.7410774143408388e-06,2.9823148592603627e-05,0.00012208910041878706,0.0058109488671529656,3.9655877656599366e-05,0.0032685113379007646
67,4.050781076313908e-05,0.00013261491792445907,1.1245526412954985e-05,0.00047539614451995855,0.0009564861910469194,0.016795092937729034,3.441501019084406e-05,4.585631292905927e-06,0.00013714308126062873,3.328616829602864e-06,0.24405042260135168,2.9180050969662283e-05,3.327376559536899e-07,0.7143268905807012,5.1379846286486693e-05,2.584768319381468e-06,0.001447020213015522,0.0035579434366192096,3.793362029641218e-05,3.964775705249088e-06,7.178693899536666e-05,0.00025083461045525776,0.008743486309731454,0.00013073563282276843,0.008704688009104062
68,1.694189813878217e-05,5.542991672795679e-05,1.0202929646905246e-05,0.0010096871592886233,0.00024912850905249004,0.016284280736208138,1.3320728751243581e-05,2.6553253752914243e-06,5.144851681085324e-05,3.769772546835968e-06,0.1383486041088032,2.0618280336979475e-05,2.6766305897154947e-07,0.8193175198375873,7.795961063356734e-06,1.2689632251762019e-06,0.0010771402833266543,0.003143175329638008,1.2860962964823794e-05,3.7754826493868575e-06,8.895239483501624e-05,0.00011839745527238819,0.015465673125852746,0.0001537974765282854,0.004543287182310618
69,1.6107643050141727e-05,5.611569605528348e-05,6.353558163811385e-06,0.000493493272095217,0.0004945072840986822,0.017934597782902476,1.4225879140531075e-05,2.59758672034176e-06,5.7015625339438626e-05,2.7148203060649293e-06,0.1568188253244199,1.511471395999339e-05,3.0061047611000514e-07,0.8035422990275972,2.0247215138682278e-05,1.708188353621704e-06,0.0015191248102323,0.0026097027317191278,1.5873752850464192e-05,4.017473919721045e-06,5.749997883848929e-05,0.00013981076171076118,0.009948975902251495,9.266210457855316e-05,0.006136108256081553
70,1.3772839850315223e-05,6.021454763641636e-05,6.588566359594646e-06,0.0005313762608142846,0.0005097025951650223,0.021128189087644748,1.4710084239076116e-05,2.688837137173095e-06,5.689071881339856e-05,2.854059454832657e-06,0.2085232638399434,1.5526809339279084e-05,2.904049261909505e-07,0.7462038165932828,1.9871866262201514e-05,1.755594807154954e-06,0.0014178532168434325,0.002126367121940061,2.103180715341954e-05,4.145135459840473e-06,7.019222926228186e-05,0.00014551727274034768,0.013970263548756301,0.0001365162552158741,0.005016600706952407
71,7.3097583844363445e-06,0.00010260655356403136,2.3973701056007187e-06,0.0004888060778189984,0.001241931194336254,0.007170834101626732,1.6675052929237848e-05,1.6465105195065212e-06,3.609807598859446e-05,4.4158020940381905e-06,0.06754639400006622,1.2921076139305871e-05,3.5165867224907487e-07,0.8962701415839829,1.1302500549284509e-05,2.2910483241056904e-06,0.001172129909993944,0.0007810388082462999,6.821592905574788e-06,1.7185136344772592e-05,4.9707015751290805e-05,5.406042086058272e-05,0.019628747569121596,6.505057237393688e-05,0.005309136609300291
