,0,1,2,3,4,5,6,7,8,9,10,11,12,13,14,15,16,17,18,19,20,21,22,23,24
0,4.070994568093994e-06,0.00020629986999752995,9.966177538961487e-06,3.23760873300404e-07,0.0003305546158702165,0.000539324512468795,2.188573668477512e-05,6.250279586616007e-06,0.023092496198117003,4.04026691609222e-06,0.0006699738040942664,3.261546240849922e-07,2.9691036807490934e-09,1.2497816939774913e-05,0.9692919169458145,8.717027143023977e-06,1.263179959982326e-07,5.020063251300576e-09,0.005456349937838022,5.101101965360312e-09,1.7378018765610175e-05,0.00020203100394031046,9.664832885168693e-06,2.730768541948992e-07,0.00011551956021485404
1,2.444248629609576e-06,0.00016240279187041526,7.019031675024158e-06,2.3959054581160993e-07,0.00019898618315759395,0.0003827420990857606,1.7969911239291563e-05,6.159020172871922e-06,0.03373274736099298,5.136644719760473e-06,0.00032169569599779677,1.5642936252791542e-07,1.3135715595908115e-09,9.545594635697869e-06,0.9557033823574421,9.956419575847193e-06,6.818649993617668e-08,2.1475383884869108e-09,0.009114468801634688,3.704491899463653e-09,1.820950851546726e-05,0.0001624762510584511,4.676623859370709e-06,1.2783143251028413e-07,0.00013938225229459484
2,2.5934704221423573e-06,0.00012183369952731227,2.2207062702806253e-06,1.345301359135727e-07,9.917622233658245e-05,0.00019388011463419591,1.0745026250283212e-05,2.7639541788893623e-06,0.0055049712814900145,1.6342711776920767e-06,0.00022030040650361271,1.4102438699341697e-07,8.059573229088196e-10,6.99646777972604e-06,0.9904985098452227,5.202119785817639e-06,1.1340866454099411e-07,2.141931524211414e-09,0.0030267423483394114,1.681031834173057e-09,1.0854149330276738e-05,0.00018206378670939278,1.0458325762314385e-05,1.1746558147103806e-07,9.854274658973949e-05
3,3.091583623734224e-06,0.00019375271593281718,5.988990062084225e-06,2.6773983912985855e-07,0.00025097796196679685,0.00032182741981322884,1.4737880062806787e-05,5.358325958033396e-06,0.01433978410862662,3.38772408685665e-06,0.00039710265514916043,2.267511118817379e-07,1.7070676078511708e-09,1.0718254094782243e-05,0.9795330946251312,6.083333127399478e-06,1.382207202393021e-07,3.805563490645801e-09,0.004555174590350623,2.8722278671373834e-09,1.825053603768112e-05,0.00020681315853231325,8.946906074291856e-06,2.2278468874020534e-07,0.000124045350150663
4,3.5534905811855176e-06,0.0002732967918136656,8.798168777955802e-06,3.936234904457648e-07,0.00038149318290423934,0.0004217965803371757,1.8945640233050263e-05,5.823109326003117e-06,0.016979047489014087,4.37298809364742e-06,0.0005064566335079699,3.0452926968441997e-07,3.3185038236239607e-09,1.7744500870904886e-05,0.9760014127722099,6.719441376040884e-06,1.5749359787384007e-07,5.149243858282168e-09,0.004972834226518203,3.978585828306861e-09,1.9038495771945242e-05,0.000230080212419222,1.0689603980085282e-05,2.855084976400456e-07,0.0001367430710754579
5,3.083374304633428e-06,0.00022527243320550784,6.629876960702042e-06,3.9238471231135096e-07,0.0003512092952935713,0.0003682435416648622,1.5682697954663404e-05,6.759850133353864e-06,0.013781630294030272,4.276248877453299e-06,0.0004692847663976665,2.4569107080983453e-07,2.2289187997324383e-09,1.2443111184211546e-05,0.9800475351881984,6.151497272606528e-06,1.801944118528699e-07,5.448096878905261e-09,0.004323346754135823,3.2909418618877815e-09,2.3029140892105494e-05,0.00021267145586190397,1.1739028483574812e-05,3.173946162688141e-07,0.00012986481238005707
6,3.091583623734224e-06,0.00019375271593281718,5.988990062084225e-06,2.6773983912985855e-07,0.00025097796196679685,0.00032182741981322884,1.4737880062806787e-05,5.358325958033396e-06,0.01433978410862662,3.38772408685665e-06,0.00039710265514916043,2.267511118817379e-07,1.7070676078511708e-09,1.0718254094782243e-05,0.9795330946251312,6.083333127399478e-06,1.382207202393021e-07,3.805563490645801e-09,0.004555174590350623,2.8722278671373834e-09,1.825053603768112e-05,0.00020681315853231325,8.946906074291856e-06,2.2278468874020534e-07,0.000124045350150663
7,4.304634817525827e-06,0.0004656836822030596,1.7957409281841736e-05,4.605259770269527e-07,0.00029532609315443983,0.0003569730631036092,3.7282818590088075e-05,6.352318677409116e-06,0.041497105792791415,3.2443171497456053e-06,0.0011128652502879783,2.9461298218809995e-07,9.383029359231862e-09,1.6648850990413032e-05,0.9521479287085997,3.2743581389051148e-06,1.243782964295231e-07,6.013207222378747e-09,0.0037444748461559346,7.278178692865175e-09,1.178282933092131e-05,0.0001473265414297672,6.367881209444409e-06,5.005608123380949e-07,0.00012369785160461162
8,2.6944411633563204e-06,0.00019024209925153998,4.298984984449297e-06,1.7839217099812299e-07,0.00021860974631764221,0.0005990860097784304,1.2602546388958913e-05,3.7473739288147663e-06,0.015877740089428802,2.634879680513594e-06,0.0007959572746343697,2.871269914279878e-07,1.4984724334094664e-09,9.698339153702965e-06,0.9765378065094252,5.302605754952701e-06,1.0414010977713706e-07,5.7304711643489345e-09,0.0053235503131043825,3.438834177480399e-09,1.8342104407139677e-05,0.00031616812699481226,7.704062573229468e-06,1.1654832873580707e-07,7.311761765092884e-05
9,2.5888873375789415e-06,0.00012938105598699445,2.5695072481173244e-06,1.4683855426146042e-07,0.00015490522672457856,0.00047609731519039454,1.079664386506566e-05,3.463931067998106e-06,0.008948774525299547,2.4781414251597282e-06,0.00047377470307269766,2.2519476020042756e-07,7.860309823051297e-10,7.981818638483384e-06,0.9845943657559146,6.797293137879492e-06,1.0617781609024148e-07,4.321028068012676e-09,0.00476288154635924,2.445618550410152e-09,1.9494308970334963e-05,0.00031999621082478744,9.74146031463663e-06,9.174815529382997e-08,7.333415665826207e-05
10,3.091583623734224e-06,0.00019375271593281718,5.988990062084225e-06,2.6773983912985855e-07,0.00025097796196679685,0.00032182741981322884,1.4737880062806787e-05,5.358325958033396e-06,0.01433978410862662,3.38772408685665e-06,0.00039710265514916043,2.267511118817379e-07,1.7070676078511708e-09,1.0718254094782243e-05,0.9795330946251312,6.083333127399478e-06,1.382207202393021e-07,3.805563490645801e-09,0.004555174590350623,2.8722278671373834e-09,1.825053603768112e-05,0.00020681315853231325,8.946906074291856e-06,2.2278468874020534e-07,0.000124045350150663
11,3.3875839575792923e-06,0.0002224181777114499,6.886979984677032e-06,3.109239580371337e-07,0.0002791515975932485,0.00034735643051976415,1.6692069073747284e-05,5.754510995758955e-06,0.01545648130572328,3.6721636376571484e-06,0.00044616532252715564,2.6010732537789475e-07,2.3124236106102214e-09,1.2537960003123901e-05,0.9782210830459562,6.1718214482754e-06,1.5304994522702388e-07,4.475657171787539e-09,0.004594315998359518,3.4185309820191123e-09,1.829393826678574e-05,0.0002193798994527735,9.800190210678694e-06,2.5770472153755343e-07,0.00012945901201654665
12,2.453524638350858e-06,0.00015237057874161353,6.301149889157177e-06,2.2222625820560555e-07,0.0001539194024253303,0.0002251664032074267,1.621977077908874e-05,5.6896001320046e-06,0.027157607043954923,2.897237160801603e-06,0.0003505445046510443,1.3291996939019033e-07,1.2834054948529948e-09,6.455612169261853e-06,0.9663434705915189,4.872984986711814e-06,7.791867188602153e-08,1.9810151844155727e-09,0.005309804441009269,2.7614548392800247e-09,1.399546977372334e-05,0.0001141566189360611,4.385699512620015e-06,1.7513483691535727e-07,0.00012907514090173113
13,2.9922006298429384e-06,0.00020902825929434792,5.210023977785855e-06,2.78723967813753e-07,0.0002651701762332094,0.0003819124367268044,1.5854351324707025e-05,5.296200807119612e-06,0.014364201607339162,5.0385500912448355e-06,0.0002815528005174126,1.4477454769460015e-07,1.5421031804221367e-09,9.89968609649704e-06,0.9796055975127063,8.0092092008718e-06,1.1697152198289022e-07,3.795241472968293e-09,0.00449374048897562,2.5046691733730283e-09,1.8276730975981156e-05,0.00017485721579643147,1.005577103949642e-05,2.727789465056622e-07,0.00014248568726941564
14,1.5539723969889303e-06,0.0007289224495992922,7.682031780790466e-06,4.6404999088732296e-07,0.000824321711154252,0.0006905623071861967,1.5463802461349232e-05,6.097542115010839e-06,0.03132210029753278,1.261802969027757e-05,0.0005726493557648653,1.242410617805232e-07,4.683758750870468e-09,1.6764324918202784e-05,0.9589602810902242,4.914519020917948e-06,9.525403875827033e-08,5.2301797760347675e-09,0.00652161638940397,2.9047187653237734e-09,2.2757789611013475e-05,0.00018320486609777143,6.334787273386445e-06,3.5789857759108936e-07,0.00010110047144211143
15,3.091583623734224e-06,0.00019375271593281718,5.988990062084225e-06,2.6773983912985855e-07,0.00025097796196679685,0.00032182741981322884,1.4737880062806787e-05,5.358325958033396e-06,0.01433978410862662,3.38772408685665e-06,0.00039710265514916043,2.267511118817379e-07,1.7070676078511708e-09,1.0718254094782243e-05,0.9795330946251312,6.083333127399478e-06,1.382207202393021e-07,3.805563490645801e-09,0.004555174590350623,2.8722278671373834e-09,1.825053603768112e-05,0.00020681315853231325,8.946906074291856e-06,2.2278468874020534e-07,0.000124045350150663
16,2.9351815118585075e-06,0.00020053890721701784,4.971754186909436e-06,3.2990627081013994e-07,0.00023869682290631407,0.00047902966122693395,1.6180402090600633e-05,7.218055756173625e-06,0.01358207768681553,6.921616849488123e-06,0.00040305450292321617,2.5143174245729577e-07,1.1219225730369254e-09,1.2646209239985807e-05,0.9786955767822665,1.068745588641761e-05,1.4931791993561013e-07,6.005645154375461e-09,0.00582147341144588,3.692414355618508e-09,4.5230960437596016e-05,0.00032419154684344876,9.575587461649693e-06,1.8435156477098844e-07,0.00013806762745432373
17,5.181512086406972e-06,0.0002613883888895667,1.1201489758539662e-05,7.125787229385418e-07,0.0005041563312732102,0.00046310584668844186,2.3164452798643412e-05,8.849577690594406e-06,0.013459578893459686,5.02791979779587e-06,0.0005471043212089341,5.476295800345279e-07,4.6265997485732115e-09,2.964077605748831e-05,0.9794732186961839,9.175539009242929e-06,2.77918116545031e-07,8.451726630547274e-09,0.0046628688140685085,6.021508486012065e-09,2.6831117116469186e-05,0.00030811906598260825,1.9585483267888092e-05,3.9205568198783866e-07,0.00017985249272580854
18,6.517542440925066e-06,0.00018700105798515304,5.519124346990938e-06,1.9887778521095046e-07,0.00016277450008026734,0.00012977576414156727,1.176082807476609e-05,6.114024136613239e-06,0.007356987825620562,2.557540131880175e-06,0.0002039537014475447,4.494300257667555e-07,1.4651462668575003e-09,9.345216197938122e-06,0.9882163465115636,4.67912107784053e-06,4.521335280031076e-07,6.213265539636148e-09,0.0030231755885933302,1.8047524496403418e-09,2.4978115592852605e-05,0.00041503134490539066,1.1618900376206356e-05,4.3766639133163766e-07,0.0002203157023921291
19,3.036520235953769e-06,0.0003896164764734717,1.9940244822610788e-05,7.28899840977922e-07,0.0009365426892343823,0.0005729923684413414,1.8469352370120714e-05,1.0607158310725716e-05,0.037318714984734436,8.194476377873961e-06,0.0006825078341772686,5.626687426611783e-07,6.4461933240173e-09,2.9916096018654903e-05,0.9520167666529432,6.869496885707777e-06,1.9694990598564012e-07,6.070911514198757e-09,0.007453641290260742,6.407595082307368e-09,2.6650861417800925e-05,0.0003205648923354702,8.700054935183203e-06,3.410495270358449e-07,0.00017442005730851316
20,2.28049281675851e-06,0.00021000803199581705,4.089012418524537e-06,2.41044872525003e-07,0.00026647353005060484,0.00019387001209883667,9.347883544626809e-06,7.907738800405382e-06,0.011520387276093547,3.7096655328213316e-06,0.00027128730174005443,2.4101092770296856e-07,1.304169074714289e-09,9.321483574830377e-06,0.9816137996329122,4.176344002813909e-06,2.091583013103435e-07,3.409411568782541e-09,0.005371675034209386,2.0629941257376567e-09,2.2939086839504454e-05,0.00036295968448152847,7.974178555704986e-06,2.0564049987121666e-07,0.00011688997915565675
21,7.096094072737483e-06,0.0002122540648809068,1.3724178016671043e-05,5.425293507014122e-07,0.0003809959023276138,0.0007634667605808784,3.5298963373317656e-05,6.158036456828235e-06,0.015306618956103983,5.8542460879729255e-06,0.0006605799098576966,7.492492490658505e-07,5.341654952175573e-09,2.675489380353581e-05,0.9773179573258186,1.958336003845471e-05,1.8467798633694246e-07,8.255763185424673e-09,0.004799896924869826,8.60433256801333e-09,2.5796019809054643e-05,0.00022972957335255084,1.871899480594407e-05,3.443861740124778e-07,0.00016767275123241853
22,4.779204650913487e-06,0.0001686864375729631,7.985805252691778e-06,2.973903553031387e-07,0.00022812681837725956,0.00048481843531107883,2.0219518485611166e-05,6.518503971248777e-06,0.012061794490926855,3.2120131746207558e-06,0.0007728503908517509,4.05907395601778e-07,1.4838570126087597e-09,1.2420144592898252e-05,0.9812826782129782,9.683707669534904e-06,2.0951342094962562e-07,8.390890210010957e-09,0.0044369487592078975,5.3175653294229935e-09,3.3925730480339084e-05,0.00033860893681539295,1.326516263334891e-05,2.507236468317593e-07,0.00011229899991623899
23,3.091583623734224e-06,0.00019375271593281718,5.988990062084225e-06,2.6773983912985855e-07,0.00025097796196679685,0.00032182741981322884,1.4737880062806787e-05,5.358325958033396e-06,0.01433978410862662,3.38772408685665e-06,0.00039710265514916043,2.267511118817379e-07,1.7070676078511708e-09,1.0718254094782243e-05,0.9795330946251312,6.083333127399478e-06,1.382207202393021e-07,3.805563490645801e-09,0.004555174590350623,2.8722278671373834e-09,1.825053603768112e-05,0.00020681315853231325,8.946906074291856e-06,2.2278468874020534e-07,0.000124045350150663
24,2.563275600220792e-06,0.00036973460268180413,9.586091210563995e-06,6.392165231544195e-07,0.0006907843866080426,0.0005825998433041183,1.7231427419846642e-05,7.165245803245287e-06,0.020324557058049177,7.266545246517642e-06,0.0005251121356232557,2.998561619815886e-07,4.360266852453646e-09,2.798301607431826e-05,0.9703883471616512,7.250229134248565e-06,1.4888591841809273e-07,5.42013676015217e-09,0.006614016543543944,4.551823725558737e-09,2.4414345944170388e-05,0.0002478381790525406,1.0949366388865293e-05,2.529101284404681e-07,0.00014124534570450332
25,4.366760551413604e-06,0.0001695721286528242,1.2904046378533972e-05,6.124252478953502e-07,0.0003009031415337644,0.00022830390110985816,2.993112157279961e-05,1.76345775704515e-05,0.019467378930365212,2.723546238261347e-06,0.0011082648809290403,5.830776185723896e-07,3.6392176571803416e-09,1.3291422049685338e-05,0.9721924373456352,5.775338812764982e-06,3.085221537864987e-07,6.42708321380794e-09,0.0060421878990779675,8.719312558115072e-09,3.114665648349718e-05,0.0002568383764468046,1.2089712283817376e-05,4.0711301711857634e-07,0.00010232029065743692
26,9.144684344633798e-06,0.00024142777381772198,1.450700323481413e-05,3.32273638260933e-07,0.0002707257887865665,0.00018381422733526576,2.0563226769820603e-05,9.515305122158293e-06,0.017116726288672945,2.6651120881057084e-06,0.0005049856001879117,4.219344840482719e-07,3.4667610992697663e-09,7.596014443460739e-06,0.9784856112725908,4.1977651492124185e-06,5.023979881239687e-07,9.840211157876349e-09,0.002650736029776616,3.386595475223654e-09,2.0968097580593104e-05,0.00023942649266651587,1.2567537505154552e-05,1.2796330638777332e-06,0.00020226884718563734
27,2.5703857276788283e-06,0.00013177103865909988,3.1011958087313906e-06,1.2965756353899527e-07,9.911709345079962e-05,0.00025687991145618224,1.0512984163776514e-05,4.208904557214231e-06,0.015970570219487973,2.6388916311412424e-06,0.0002243847809972544,1.1121191724240346e-07,5.975713993039057e-10,4.906248564264443e-06,0.9790501538768517,4.787074988570292e-06,8.095511399875891e-08,2.4832103266801464e-09,0.0038694443343176782,1.9375262871692033e-09,1.3738549983395526e-05,0.00021030447019191364,5.3557794433720504e-06,1.2677515458634072e-07,0.00013510064166203292
28,3.091583623734224e-06,0.00019375271593281718,5.988990062084225e-06,2.6773983912985855e-07,0.00025097796196679685,0.00032182741981322884,1.4737880062806787e-05,5.358325958033396e-06,0.01433978410862662,3.38772408685665e-06,0.00039710265514916043,2.267511118817379e-07,1.7070676078511708e-09,1.0718254094782243e-05,0.9795330946251312,6.083333127399478e-06,1.382207202393021e-07,3.805563490645801e-09,0.004555174590350623,2.8722278671373834e-09,1.825053603768112e-05,0.00020681315853231325,8.946906074291856e-06,2.2278468874020534e-07,0.000124045350150663
29,3.091583623734224e-06,0.00019375271593281718,5.988990062084225e-06,2.6773983912985855e-07,0.00025097796196679685,0.00032182741981322884,1.4737880062806787e-05,5.358325958033396e-06,0.01433978410862662,3.38772408685665e-06,0.00039710265514916043,2.267511118817379e-07,1.7070676078511708e-09,1.0718254094782243e-05,0.9795330946251312,6.083333127399478e-06,1.382207202393021e-07,3.805563490645801e-09,0.004555174590350623,2.8722278671373834e-09,1.825053603768112e-05,0.00020681315853231325,8.946906074291856e-06,2.2278468874020534e-07,0.000124045350150663
30,3.091583623734224e-06,0.00019375271593281718,5.988990062084225e-06,2.6773983912985855e-07,0.00025097796196679685,0.00032182741981322884,1.4737880062806787e-05,5.358325958033396e-06,0.01433978410862662,3.38772408685665e-06,0.00039710265514916043,2.267511118817379e-07,1.7070676078511708e-09,1.0718254094782243e-05,0.9795330946251312,6.083333127399478e-06,1.382207202393021e-07,3.805563490645801e-09,0.004555174590350623,2.8722278671373834e-09,1.825053603768112e-05,0.00020681315853231325,8.946906074291856e-06,2.2278468874020534e-07,0.000124045350150663
31,5.475687950752777e-06,0.0004308014790792806,1.9732874523858498e-05,6.870730779457761e-07,0.0008505407879419127,0.0002605688874581021,1.9938106212802867e-05,1.8814020038270972e-05,0.02673616818868128,8.06692693942208e-06,0.00036441865240463523,4.7794640336866e-07,5.946418973374628e-09,2.2482395426625823e-05,0.9626234996099732,7.645764125634048e-06,3.7148215859655364e-07,6.6333731070959205e-09,0.008045562035955706,4.87034373421463e-09,3.077455352902924e-05,0.000314998581083733,1.0696332123557352e-05,8.56753596020448e-07,0.00022740441118011636
32,2.9025150716703464e-06,0.00018064907323024913,5.346097901426147e-06,2.3596564994431217e-07,0.00021925053357516118,0.00029751046201135215,1.369059165233693e-05,5.32939325488478e-06,0.014935860000349601,3.302776119970346e-06,0.00035642632486919173,2.0718325392517055e-07,1.4164992461155187e-09,9.72946042544544e-06,0.9783609517452254,6.126243227646449e-06,1.2785965801956867e-07,3.324302501031488e-09,0.005239305996210869,2.7127590576404524e-09,1.8394590839884038e-05,0.00021367092397281867,7.735876845470288e-06,1.846703105601307e-07,0.00012305426278343533
33,5.928058339635454e-06,0.0006805742180824464,4.702639447126236e-06,3.4241408742863696e-07,0.0009693418157375848,0.0004879105268931606,1.3217417279459805e-05,6.561768968929765e-06,0.0037583620733612133,4.4683375284895425e-06,0.0005381898203907931,8.829428112929251e-07,7.140860401671351e-09,4.651601450721382e-05,0.98504281563816,7.206260618191704e-06,6.575294206911567e-07,1.4889735583894558e-08,0.006604761773447115,3.564380644359554e-09,2.3359497540966212e-05,0.0017014496257607822,3.4564972178039816e-05,3.797496126058462e-07,6.778131085016475e-05
34,2.795091284870093e-06,0.00034050530752950865,7.542302612666134e-06,1.3285678353258866e-06,0.0024715879796906727,0.0006600395670459168,1.2506317164771885e-05,1.0050427841193346e-05,0.00104352479921325,6.029604528911604e-06,0.0011847242481198025,1.5981619802875441e-06,5.557288166016632e-09,5.037904573231451e-05,0.9914629599750698,1.0786675247106088e-05,1.6828289931683718e-06,2.7875611861842914e-08,0.0016422725633892883,4.903908537052644e-09,7.698208574413863e-05,0.0007761486160115422,0.0001697816762217601,1.0173667593309567e-06,6.57184551755506e-05
35,7.599822496801634e-06,0.0002169912420947454,9.14467838776823e-06,3.516357139594159e-07,0.00014090560971684167,0.0001936619881671142,1.7407010370166647e-05,3.2038125909287154e-05,0.09438005475853986,7.649935015856413e-06,0.00027946905369685937,3.183580662875397e-07,1.496951002633702e-09,4.7439239788695115e-06,0.8931544711417748,4.095241119661907e-06,2.88071186089553e-07,9.412918795130673e-09,0.010569637374879568,5.113681867445286e-09,3.995206430982294e-05,0.0005365834112571045,2.9974911151884108e-06,4.629756895908329e-07,0.00040116006296211443
36,1.9021790569040135e-06,0.00017382657393882615,2.652770391284508e-06,1.9751888301187366e-07,0.00011852328714680466,0.0015833897319331857,2.4757355543313446e-05,1.8922552941338622e-06,0.010435804597102019,2.9954946156588015e-06,0.0012897590132104203,5.257842496905138e-08,6.567298259314463e-10,6.207431687342672e-06,0.9847119340399799,6.192830315272122e-06,3.11062964458637e-08,9.623981757101075e-09,0.0014444699639015633,3.547860891975901e-09,1.7874738828532217e-05,0.00011188876813318278,1.3091838179406919e-05,1.599268124139615e-07,5.238217175280267e-05
37,1.4674479476496805e-05,0.0002517035977288272,1.4593969813063614e-05,2.769971975355546e-07,0.0002648458721162304,0.0003202497819347306,3.073227120525277e-05,4.8597355850174786e-06,0.01052662722642091,1.9485309759708873e-06,0.0005921879421550487,6.984923436840289e-07,3.609422863180015e-09,2.4768257260432413e-05,0.9833650100183821,8.606901869136013e-06,2.597213508827766e-07,9.052307936902237e-09,0.004052758374963702,4.297274541486713e-09,1.9348181137232538e-05,0.0003416141339026762,1.4110224826541023e-05,4.576402392145383e-07,0.00014965069011014625
38,4.024116497380651e-06,7.534902056457499e-05,1.8642627312124408e-06,7.349484522226943e-08,4.584150843420669e-05,0.0005912740377312445,2.3753184188452286e-05,1.3072523284610786e-06,0.0047179608197462294,1.4678690806325509e-06,0.00043752713570992924,1.2112970961940762e-07,4.5052905993467754e-10,5.3956379657746294e-06,0.9914711639950978,1.4063456589894097e-05,4.491202382809209e-08,3.503629379340039e-09,0.002371623018557079,2.5603699472174268e-09,1.15206562141075e-05,0.00015172526774639424,1.3200173473625813e-05,8.125244067324319e-08,6.061128379540841e-05
39,3.904766676399592e-06,9.304215493958625e-05,9.779511638109267e-06,4.608400149010576e-07,0.00030802413576523933,0.0005144657375638281,1.797385353960722e-05,1.5177199762781633e-05,0.02002328560130642,6.422241331929744e-06,0.00046163389329801534,4.994965616420669e-07,1.109719849416517e-09,1.0432543956653418e-05,0.968667842348376,2.3716683677493563e-05,1.8365108554559152e-07,4.691123595366049e-09,0.009359992171664961,8.009441613169542e-09,5.1728365575494705e-05,0.0002469697298177403,1.125893676904914e-05,1.9587429565095348e-07,0.00017299645209763905
40,5.987597460140367e-06,0.0002236197585507618,5.942439539155149e-06,1.1791179346608157e-07,0.00015526574026815024,0.0003584921823684171,1.2617922348662893e-05,2.359827910344081e-06,0.00958538812934347,1.5602420485977924e-06,0.0003799756095541877,4.1535093840077294e-07,1.07624921008489e-09,1.9689352950102268e-05,0.9840353483042124,5.20423006024318e-06,1.2368678799227367e-07,5.020648234850252e-09,0.004443288592734868,2.4465135266341953e-09,1.616982317562647e-05,0.0006156784949434645,6.794407523646873e-06,9.776741720254377e-08,0.00012585408465942414
41,3.65356846148841e-06,0.00018033813283582453,5.103616960122885e-06,2.550621035322091e-07,0.00021803281619636055,0.00030173972044702504,1.5681224100263267e-05,5.643324486937317e-06,0.010737538985072636,2.880461730164494e-06,0.0004501435437880563,2.88650911685843e-07,1.7380446115294658e-09,1.0413460798374562e-05,0.983398482699259,6.103838967675488e-06,1.8312556040849362e-07,4.870570315343099e-09,0.004263056232858544,3.0822867599391246e-09,1.9995181811325456e-05,0.00025952688800475637,1.1392007245767444e-05,2.369243086431485e-07,0.00010930084318955637
42,7.153729047633372e-06,0.0009740556893555693,5.965964889670301e-05,2.2134423158273065e-06,0.0022132862136209153,0.0017085647889562878,4.694709006575215e-05,3.403347894322164e-06,0.043140079350801594,7.749074116454585e-06,0.0017685703976527108,7.061814930668495e-07,6.592190961934066e-08,9.197570076473953e-05,0.9479621959801408,4.18183146011155e-06,1.6514820826777782e-07,2.6030877322623643e-08,0.0015666075665630268,8.021692479865554e-09,1.1801898212544355e-05,8.02234616443842e-05,2.30967610843254e-05,1.8235127826037024e-06,0.0003254392104431318
43,1.2066510314637376e-06,0.00013963538261321361,1.908095441710312e-06,2.550481297850382e-07,0.00032148616916268967,0.0006211700101925784,6.396094462710435e-06,9.275366412164028e-06,0.013110103706555265,1.3760701144683784e-05,0.00021512420370181705,1.1275993075766014e-07,4.056295926196948e-10,5.465528520231441e-06,0.9763260705912021,1.3741661071154152e-05,1.236284348917888e-07,3.5681128919450886e-09,0.008684448090037189,2.0211850105823075e-09,5.2374704356620925e-05,0.0003536816520390055,8.918528232491455e-06,1.1412761121082481e-07,0.00011462130478873428
44,3.091583623734224e-06,0.00019375271593281718,5.988990062084225e-06,2.6773983912985855e-07,0.00025097796196679685,0.00032182741981322884,1.4737880062806787e-05,5.358325958033396e-06,0.01433978410862662,3.38772408685665e-06,0.00039710265514916043,2.267511118817379e-07,1.7070676078511708e-09,1.0718254094782243e-05,0.9795330946251312,6.083333127399478e-06,1.382207202393021e-07,3.805563490645801e-09,0.004555174590350623,2.8722278671373834e-09,1.825053603768112e-05,0.00020681315853231325,8.946906074291856e-06,2.2278468874020534e-07,0.000124045350150663
45,2.991284255665904e-06,0.00020927164316518766,5.009324342974044e-06,2.6088459309198585e-07,0.00023327134204627762,0.0005296007948382067,9.375053956406887e-06,3.097557340264962e-06,0.010714804176263379,3.3775248398170203e-06,0.0004480124428567284,2.4394285965002663e-07,9.50693085233128e-10,1.2994951380056134e-05,0.9844326159019231,5.169071592233072e-06,1.4660504865465127e-07,7.65455980551831e-09,0.0029129284141211236,2.3224872365284107e-09,3.16385707825007e-05,0.0002758331418676659,9.199241151619792e-06,1.605995797155624e-07,0.00015998660345545388
46,4.058480253409422e-06,0.00019427085580569692,6.180779789385737e-06,2.879375534479041e-07,0.00027036016578649253,0.0002107460976483749,1.2321755333047852e-05,7.201579471260991e-06,0.010757714771711387,2.881131382360106e-06,0.00038195808342047734,3.4552292539190887e-07,2.0040286221485315e-09,9.58784656797035e-06,0.9833670717271962,5.21668358536341e-06,3.024767696106336e-07,4.648917154854623e-09,0.004330784216160883,2.7648533556325907e-09,2.152697142332674e-05,0.0002713379696363705,1.1170104051935323e-05,3.3066317610560177e-07,0.00013433476255259204
47,2.5123261726221264e-06,0.00020523695375589525,6.469129561049266e-06,3.242818867332193e-07,0.0003017171029028066,0.0003362647473204524,1.5173962133864921e-05,5.728923622522687e-06,0.01656662903287167,3.849024798310865e-06,0.00041920449946792026,1.9169443015379868e-07,1.9068437890516152e-09,1.138520097223861e-05,0.9770607527542509,5.7671511182081265e-06,1.231768544713367e-07,3.456127172475866e-09,0.0047400550541455005,2.9070553936063206e-09,1.7888308328869864e-05,0.0001692200845350338,8.773101285080145e-06,2.3129206679272604e-07,0.00012249392749244634
48,3.20234702897845e-06,0.0001823602013603976,7.666447011796738e-06,2.9952345958857283e-07,0.0002684325211399751,0.0004478070303494111,1.636435867539305e-05,4.7547109039833305e-06,0.01731503055068518,3.431315084177297e-06,0.0005099570201946167,2.4493661085579874e-07,1.7862338024980833e-09,1.1694275215184003e-05,0.9769707368183173,6.6361616437171565e-06,1.1153788651547807e-07,4.376098888608538e-09,0.003914793120136049,3.460425494611632e-09,1.8366061160008776e-05,0.00017579623562974028,8.893537866365404e-06,2.1990573945798234e-07,0.00013319176114304768
49,4.0690052543059e-06,0.00021207180573866444,9.544637283465396e-06,3.5049216811125956e-07,0.0003907107497844113,0.000631866017050325,1.6112892385506532e-05,6.137587300280631e-06,0.015111195327638357,3.847367158807595e-06,0.0007194324697879155,6.127318937531455e-07,2.5896321291317123e-09,1.8940344847046658e-05,0.9774124681488163,8.306622202240544e-06,1.947888879013873e-07,7.74075010164855e-09,0.004869161478790617,5.626951809689889e-09,2.565612127476036e-05,0.00042228422347470184,1.2796511521147448e-05,2.08108705335655e-07,0.00012401661070160833
50,3.0621171414662443e-06,0.00019846441135537799,5.986650856288558e-06,2.711346026635074e-07,0.0002538650671366288,0.00032994978235428916,1.552032582839826e-05,5.499670301356716e-06,0.015178233519712384,3.687787946567946e-06,0.00037731459176177615,2.1508986774157218e-07,1.725351564200728e-09,1.1165267214318105e-05,0.9783271189800035,6.489923545987736e-06,1.2957516144784013e-07,3.65648409830336e-09,0.00492134736487367,2.9064794835318414e-09,1.8195123348791492e-05,0.00020879254661242095,8.731827023592594e-06,2.1772682846258826e-07,0.00012573322820773745
51,3.081783321894642e-06,0.00018679450959380192,5.7675968826742805e-06,2.5371496195161553e-07,0.0002409452851997962,0.0003143027535540345,1.4253752682072148e-05,5.1323744484987066e-06,0.013861457337209605,3.2715153422321043e-06,0.00038046368858979146,2.190534006620103e-07,1.6265762635491252e-09,1.0111918251980001e-05,0.9801474467519841,6.185710851488145e-06,1.363486610449713e-07,3.5944304569050495e-09,0.00447126069800384,2.7694868778647146e-09,1.747423210007971e-05,0.0001985878052991965,8.89694897997705e-06,2.1853404031778344e-07,0.0001237296961473124
52,1.325372456028026e-06,0.00015881684977396752,6.9679763759106845e-06,2.5422675741222823e-07,0.0004485464605527139,2.5138123879371326e-05,4.744957812411631e-06,1.3987879675112652e-05,0.011956225536464882,2.7561277477246055e-06,7.840089951640644e-05,1.905922412287598e-07,1.0404795929397432e-09,7.035754761527767e-06,0.9746225353307052,3.32096705402739e-06,3.011755342406011e-07,3.6733233776118986e-10,0.012363551344762233,8.061834055194699e-10,1.8715079674024824e-05,0.00012134990628988763,3.1317717286175054e-06,2.259566859733547e-07,0.00016247549555568894
53,3.100683182022534e-06,0.00020070735106951152,6.1932862568041025e-06,2.780693701145013e-07,0.0002731926632001379,0.00032335212767544276,1.4219510103518001e-05,5.590960693233883e-06,0.014598687873618886,3.53773683612167e-06,0.0003946490907490711,2.3943314113044713e-07,1.7736395173477759e-09,1.1184945652678085e-05,0.9790302972020238,6.078357441182122e-06,1.4520224779462895e-07,3.873288561933627e-09,0.0047581298601241,2.8680900820722377e-09,1.897841318573675e-05,0.0002155946659102137,8.902568243156814e-06,2.265677585404546e-07,0.00012670491649865033
54,3.1874258294228204e-06,0.00014925322414436332,3.4612075036259597e-06,9.880915471199554e-08,5.9985631288526556e-05,0.0002960432185291555,1.8699873891053483e-05,1.4556659113030438e-06,0.012371931152423118,2.7673334635531067e-06,0.00011581544311764142,9.854871723595074e-08,6.804157663383966e-10,1.1012950252642063e-05,0.9834119721634944,8.993504370765854e-06,3.243290485939665e-08,1.3868461404326994e-09,0.0032033064118107244,1.7385282332905631e-09,8.738516325137615e-06,0.0001378663817713395,4.649264485455545e-06,7.27931922304835e-08,0.00019055424162845976
55,7.418283367032936e-06,0.00027607969502775777,2.167787008147523e-05,4.114303296282065e-07,0.0002714260502611503,0.00036013847563865544,2.3104165874925365e-05,7.091912449841131e-06,0.06334798595834855,3.1267392987949664e-06,0.0006728802164828828,7.156725323461112e-07,7.47086084469993e-09,1.4153882354331938e-05,0.9304095937938143,3.5600059785412076e-06,1.666195152007067e-07,7.839836057073158e-09,0.004103181835039966,6.459139696537043e-09,1.4221858089099398e-05,0.00019254123190560294,4.799291434564725e-06,4.3574457378162806e-07,0.00026526749776484233
56,3.391718798276697e-06,0.00023453910179706822,7.085662697249985e-06,3.164516534327623e-07,0.00029078068428167546,0.0003408475464787445,1.6556206828152883e-05,5.820707176410748e-06,0.01595015476468663,3.6962551767189333e-06,0.0004541363165246235,2.6000654660090505e-07,2.4537855650299374e-09,1.2616723619334227e-05,0.9775687060660012,5.9409393171148835e-06,1.5626982697191966e-07,4.509755503384315e-09,0.004731978883524949,3.4075748470548523e-09,1.835170080711874e-05,0.0002154558902541754,9.48286153970951e-06,2.6717080033145476e-07,0.0001294477005477543
57,3.736813294131924e-06,0.00028104529218019486,1.6266432269439813e-05,4.973324174989287e-07,0.0008505708402172842,0.00028713330477765956,1.0056211440830934e-05,1.6391353743032994e-05,0.030150455931409685,8.518024023703618e-06,0.0003361733154942019,1.0523892697471438e-06,3.964052793610344e-09,2.208118188157344e-05,0.9517565593284063,9.946137678013375e-06,4.238927523115781e-07,4.254847749823853e-09,0.015428699193504458,4.881558026057989e-09,4.2551388168905676e-05,0.000552386832913185,6.729466519743209e-06,2.6088990143076423e-07,0.00021845134727799687
58,3.473621559552049e-06,0.0002156690311496055,6.822502822482741e-06,2.7614624976711215e-07,0.00026676007242324335,0.00026201041469334083,1.523375344253442e-05,6.015231298803857e-06,0.013350552307837672,3.3185488395566945e-06,0.0004003746823184426,2.462268106569488e-07,1.986691786783635e-09,1.0149156878289121e-05,0.9810038433706828,5.420798520319152e-06,1.8698500110294326e-07,4.362756130706105e-09,0.004076052963611919,2.743546413255232e-09,1.903319165611979e-05,0.00021310369157490856,9.805760457353133e-06,3.28516726720067e-07,0.00013131393245072789
59,3.976860153236951e-06,0.00020625713974090258,8.623230433268695e-06,2.946235221200139e-07,0.00027097692227483433,0.0002649248376830954,1.7242614811674216e-05,6.787514269039406e-06,0.014318097879156558,3.354598260077081e-06,0.0004395687489877256,2.6967791895170185e-07,2.0337282454384927e-09,9.694536159694911e-06,0.9803040584053745,5.931543533273337e-06,2.0453069584592267e-07,5.0932679229798664e-09,0.0037593973051661517,3.14542354569947e-09,2.095316293920956e-05,0.00020545342723507054,1.035478067226264e-05,4.237102147186536e-07,0.00014314367837833547
60,3.091583623734224e-06,0.00019375271593281718,5.988990062084225e-06,2.6773983912985855e-07,0.00025097796196679685,0.00032182741981322884,1.4737880062806787e-05,5.358325958033396e-06,0.01433978410862662,3.38772408685665e-06,0.00039710265514916043,2.267511118817379e-07,1.7070676078511708e-09,1.0718254094782243e-05,0.9795330946251312,6.083333127399478e-06,1.382207202393021e-07,3.805563490645801e-09,0.004555174590350623,2.8722278671373834e-09,1.825053603768112e-05,0.00020681315853231325,8.946906074291856e-06,2.2278468874020534e-07,0.000124045350150663
61,3.7362073532018257e-06,0.00021213381899023442,9.134510726747905e-06,2.907154974837232e-07,0.0002822209194484658,0.0002804682693946279,1.650942412471419e-05,6.315876436267816e-06,0.015552855624145196,3.248451890982807e-06,0.0004620993575909555,2.8745398086495027e-07,2.088622534398412e-09,1.0752934575994865e-05,0.9786818608905121,5.857675000820646e-06,1.8418493535022275e-07,4.618475836661355e-09,0.004094318328216165,3.297713411900201e-09,2.0303898717330026e-05,0.0002087890657841333,9.16683856258955e-06,3.4722920021166557e-07,0.0001391083201038551
62,3.091583623734224e-06,0.00019375271593281718,5.988990062084225e-06,2.6773983912985855e-07,0.00025097796196679685,0.00032182741981322884,1.4737880062806787e-05,5.358325958033396e-06,0.01433978410862662,3.38772408685665e-06,0.00039710265514916043,2.267511118817379e-07,1.7070676078511708e-09,1.0718254094782243e-05,0.9795330946251312,6.083333127399478e-06,1.382207202393021e-07,3.805563490645801e-09,0.004555174590350623,2.8722278671373834e-09,1.825053603768112e-05,0.00020681315853231325,8.946906074291856e-06,2.2278468874020534e-07,0.000124045350150663
63,2.9958355144502967e-06,0.000211137842803211,5.356379891545832e-06,2.3393907567161123e-07,0.00021445008586701267,0.0002889279172757206,1.392906583048068e-05,4.805804621755745e-06,0.014098831050823407,3.0782334668869406e-06,0.00038460865190685146,1.9285801293387996e-07,1.6308166857263746e-09,9.423780836931401e-06,0.980246782688392,5.005854657907192e-06,1.3311992264185663e-07,3.7081815747347554e-09,0.004163150508265488,2.588767649514127e-09,1.6680046921297268e-05,0.000201091806660736,7.963970881814017e-06,2.2291480378802006e-07,0.00012098971580140997
64,2.749489378441181e-06,0.00017056292762346494,5.1940386985338156e-06,2.505228262540103e-07,0.00022968238628716934,0.0002698736885513385,1.1933753764796867e-05,5.8219529370109184e-06,0.011813985286197776,3.368516360355024e-06,0.00039194058357113317,2.289113881422243e-07,1.155031463287261e-09,8.50284386572776e-06,0.9821175282281039,5.873290238073239e-06,1.61004896852864e-07,3.926579699914786e-09,0.00459579352168273,2.4831394184472476e-09,2.6447658964467685e-05,0.00020841842407209172,8.115770640274845e-06,2.1509130941967742e-07,0.00012334454389144393
65,3.1237420728577314e-06,0.00019331185543754967,6.0826960918146565e-06,2.829436423296861e-07,0.0002731457087040858,0.0003611685129255958,1.4615001093697635e-05,5.383078664017186e-06,0.01378502852887981,3.613801853551395e-06,0.0004158032590086366,2.489073968264366e-07,1.7229010272998272e-09,1.1640316351000595e-05,0.9798852869728353,6.64674624053569e-06,1.4252722439974556e-07,4.165455865718837e-09,0.0046594734249277,3.01475473555341e-09,1.9949370498360315e-05,0.0002203273382308482,9.63640505212151e-06,2.1751549919269034e-07,0.00012486244425800373
66,3.6699527539703745e-06,0.00028833981182298864,2.3131232253445672e-05,1.0610410666289454e-06,0.0008078217804530081,0.0017351069085920214,5.057589450830821e-05,2.06793737110922e-05,0.14351720573739107,3.746580076811448e-05,0.0004363920759623526,5.003449078366213e-07,9.092163649572533e-09,4.517978116345338e-05,0.8123989924360946,5.7089389262531146e-05,6.504929419519249e-08,3.731768697829582e-09,0.04002194523272014,2.490862714372198e-08,3.0501514999235038e-05,0.00029973502791435434,6.220844695642154e-06,1.3784512384098132e-07,0.00021814519198175636
67,3.8013023621385384e-06,0.00014780509162120312,6.507410236027767e-06,2.6884726517036385e-07,0.00018839061373835493,0.0005480401436676639,2.142441468461911e-05,2.6220317365454257e-06,0.006986173352226222,2.2064863615616734e-06,0.0005586543814555286,3.2240623203190797e-07,1.980695310369847e-09,1.6087486414389446e-05,0.9886976615097219,1.0417268892002994e-05,1.2035328771337583e-07,5.251085574335279e-09,0.0024878764083060625,4.732433337357131e-09,1.4788961165442445e-05,0.00017071209968868661,1.8879055414390683e-05,1.8587060898539336e-07,0.0001170425406986696
68,3.458633938598259e-06,0.0001645434675638406,4.754413762074016e-06,2.2500698606241458e-07,0.00018171078348503525,0.0003674420136469916,1.4028354431620236e-05,4.29023221936528e-06,0.01058311490315538,2.6357293576260087e-06,0.00047595218142606924,2.417962544590814e-07,1.3562294880787229e-09,8.416899360384717e-06,0.984711535904597,5.726853401485905e-06,1.5162856804502762e-07,5.294647375504935e-09,0.0031068036863158,2.9451481264835738e-09,1.902451491687226e-05,0.00021979772907020518,1.093917492815888e-05,2.2185448569577733e-07,0.00011497464210429556
69,3.4375214671409943e-06,0.0001812122523760632,9.396380320234774e-06,3.2932590529502514e-07,0.00021503564932783367,0.00022940523031053872,1.826532432576177e-05,7.258740063285573e-06,0.019959384689809633,3.599056904855639e-06,0.0003491621081791,2.1025624303401317e-07,1.9767569864408752e-09,8.538243229528564e-06,0.9743832061028846,6.7578000673339786e-06,1.532789881122786e-07,3.3864428830019283e-09,0.004287061810573034,3.793427988589285e-09,1.9180108590679437e-05,0.00012970782446795027,7.5786287998927335e-06,3.553198022135384e-07,0.00018075519073573935
70,2.7065004208134194e-06,0.00018021552789281744,4.722990123193027e-06,2.3649663841175236e-07,0.0002241865357994766,0.00026925783187154725,1.3048472874258542e-05,5.8419000179442294e-06,0.013692139884750681,3.2778181650311343e-06,0.00036750536520011257,1.8388689200274083e-07,1.3915107719200454e-09,7.899994560555504e-06,0.9802411900987342,5.339261118318183e-06,1.4035559462393225e-07,3.4019686257186193e-09,0.004648362277790909,2.416016603210241e-09,1.8255877860643777e-05,0.00019622107696552546,8.294956415495557e-06,2.2474691733022608e-07,0.00011074093389992991
