,0,1,2,3,4,5,6,7,8,9,10,11,12,13,14,15,16,17,18,19,20,21,22,23,24
0,2.860933494604324e-06,0.0001881848859298476,8.891164720024845e-06,1.7533282755204637e-07,0.0005969771095081822,6.776236867824887e-05,8.692301751831859e-06,1.057965409503852e-05,0.008621949150205406,1.7846142718644403e-06,0.00034717039979620303,7.647752884320541e-07,2.1976741538429293e-09,1.3592645507993181e-05,0.973458775054713,5.027638607385599e-06,3.828092346204325e-07,1.0271798535108423e-09,0.016206549576859457,1.6037268062817574e-09,1.9512508679313954e-05,0.0003798836491311216,5.8361179337477874e-06,1.805003167233228e-07,5.446197986862034e-05
1,1.6765765318777733e-06,0.00014831456647988527,6.361680535181477e-06,1.3657936664086799e-07,0.00037133190404802093,4.955484224398732e-05,7.33249185445674e-06,1.0679996052515365e-05,0.012904115571952337,2.3094779546075415e-06,0.00017368413654974012,3.6813600849570595e-07,1.0346029675259908e-09,1.044542432888392e-05,0.9584312252054806,5.865808805897646e-06,2.0823632439677958e-07,4.3731350650769943e-10,0.027489440638131142,1.2441163267558678e-09,2.006146227775919e-05,0.00029863164039391253,2.9001197515613014e-06,8.540743729151834e-08,6.526738145792906e-05
2,1.8042808700923222e-06,0.00010820364115613934,1.9606618883074064e-06,7.297184127019731e-08,0.00017475043193032125,2.4534258669527322e-05,4.333067020632496e-06,4.730850345974121e-06,0.0020561881756324474,7.1689727854858e-07,0.00011618074473787249,3.299397586538114e-07,5.92398488939958e-10,7.373269456905735e-06,0.9881162257287113,3.0505078754872626e-06,3.428169620498287e-07,4.388488498883791e-10,0.008976955709527393,5.483269289137035e-10,1.218672075820286e-05,0.0003379508049415716,6.347879307318419e-06,7.719641346049207e-08,4.568186534228966e-05
3,2.1645823035082853e-06,0.00017502834903278,5.384297068943893e-06,1.4574199841893967e-07,0.00044778508802259043,4.0530409067078415e-05,5.923559622237926e-06,9.220034807239212e-06,0.005398345610957142,1.4897548804408973e-06,0.0002092309281040521,5.333455381515944e-07,1.260982740904333e-09,1.1409937557496168e-05,0.9797580223931506,3.521076294970239e-06,4.224601283606176e-07,7.86703209892076e-10,0.013457266491041772,9.33570511894214e-10,2.0603491730704728e-05,0.00038920360412114587,5.40262308089016e-06,1.4867600523644606e-07,5.821456422974006e-05
4,2.524826677022261e-06,0.00025214506527641324,8.134715435307368e-06,2.1698887825175918e-07,0.000695991501062904,5.38567909936273e-05,7.734791874800071e-06,1.0020490213630382e-05,0.0064561982485029324,1.9296180337877557e-06,0.0002707277355039842,7.315477124942594e-07,2.5264145825834587e-09,1.9601119328705694e-05,0.976988099289412,3.878178376126177e-06,4.816214958368542e-07,1.0880211855630442e-09,0.014694524026211471,1.3070126972643045e-09,2.150738313033023e-05,0.0004407096496892155,6.485471654108721e-06,1.9267064574348513e-07,6.430334844287661e-05
5,2.1520694595644403e-06,0.0002066476135186793,6.18388019340093e-06,2.1807533088704327e-07,0.0006517189124977626,4.6701876053808874e-05,6.239808720808751e-06,1.165737917446334e-05,0.0052416831159695625,1.8874806118020964e-06,0.00024860457425715873,5.936566720885671e-07,1.6794450283427978e-09,1.3753280054168585e-05,0.980318759203505,3.523835044845707e-06,5.561879937467477e-07,1.1472887431873143e-09,0.01273774933593722,1.0747084604579732e-09,2.6213985783236227e-05,0.00040553219793453053,7.0856571967128705e-06,2.141250465361025e-07,6.231984760167003e-05
6,2.1645823035082853e-06,0.00017502834903278,5.384297068943893e-06,1.4574199841893967e-07,0.00044778508802259043,4.0530409067078415e-05,5.923559622237926e-06,9.220034807239212e-06,0.005398345610957142,1.4897548804408973e-06,0.0002092309281040521,5.333455381515944e-07,1.260982740904333e-09,1.1409937557496168e-05,0.9797580223931506,3.521076294970239e-06,4.224601283606176e-07,7.86703209892076e-10,0.013457266491041772,9.33570511894214e-10,2.0603491730704728e-05,0.00038920360412114587,5.40262308089016e-06,1.4867600523644606e-07,5.821456422974006e-05
7,3.0270779910556743e-06,0.0004432688700554638,1.639140291867485e-05,2.599545588785471e-07,0.0005701746094995405,4.5994548118702485e-05,1.502865817760892e-05,1.0832223589931149e-05,0.015533715006253236,1.4589226634553288e-06,0.0005896027437167432,6.965879617324752e-07,7.364323303240949e-09,1.9481490881828402e-05,0.9710303166117039,1.8895203378524983e-06,3.8036878602125714e-07,1.243566655431648e-09,0.011358512768393461,2.3008036607380258e-09,1.3075506763929186e-05,0.0002826679587411725,4.011887426687017e-06,3.3589983092941225e-07,5.886647293555999e-05
8,1.8450358831096043e-06,0.00017108192209843608,3.7505855956529913e-06,9.636305623806207e-08,0.0003919804278198465,7.497890217713396e-05,4.91419732189784e-06,6.32044942613538e-06,0.0058660583096951475,1.163552630836584e-06,0.00040996143043681567,6.64401146350085e-07,1.0923802201553042e-09,1.0285636228995015e-05,0.9766183799875485,3.061308784473421e-06,3.158407912922414e-07,1.1523003788750586e-09,0.015790011126210913,1.0813559855315836e-09,2.0554321234581917e-05,0.0005855974663717172,4.638096722386389e-06,7.59090235886162e-08,3.426140375909738e-05
9,1.785229759115437e-06,0.00011474491305919273,2.2335756824220026e-06,7.848279256682353e-08,0.00027124387602876435,5.9381016375142486e-05,4.247300448648066e-06,5.88201696073348e-06,0.003305734082745438,1.0824894809117198e-06,0.00024533673716419874,5.197349011183694e-07,5.636624044020123e-10,8.293579297713454e-06,0.9812826356149341,3.927548210595589e-06,3.2178551537606866e-07,8.756230384876201e-10,0.014035660961364752,7.774275314065223e-10,2.189686203706471e-05,0.0005949638988221948,5.8523127280766026e-06,5.986887029827229e-08,3.4115896108526956e-05
10,2.1645823035082853e-06,0.00017502834903278,5.384297068943893e-06,1.4574199841893967e-07,0.00044778508802259043,4.0530409067078415e-05,5.923559622237926e-06,9.220034807239212e-06,0.005398345610957142,1.4897548804408973e-06,0.0002092309281040521,5.333455381515944e-07,1.260982740904333e-09,1.1409937557496168e-05,0.9797580223931506,3.521076294970239e-06,4.224601283606176e-07,7.86703209892076e-10,0.013457266491041772,9.33570511894214e-10,2.0603491730704728e-05,0.00038920360412114587,5.40262308089016e-06,1.4867600523644606e-07,5.821456422974006e-05
11,2.384597274160791e-06,0.00020238953539847355,6.2490900777392085e-06,1.7000413661641969e-07,0.0005014566646955733,4.392817263446579e-05,6.747305264299778e-06,9.909894804494189e-06,0.0058408522299482415,1.61682686332177e-06,0.0002362917949170814,6.162092434262036e-07,1.7263243411964969e-09,1.3505322899297893e-05,0.9790493675992887,3.5686805314694295e-06,4.683000628818074e-07,9.322956873512616e-10,0.01357751241582916,1.115830810209559e-09,2.0660363734020654e-05,0.00041537300617123466,5.92911148254818e-06,1.7274309111740693e-07,6.08263572007041e-05
12,1.6884174003768638e-06,0.00013717669503414122,5.506884279228992e-06,1.2162330141606524e-07,0.00027880253457454753,2.8202174838810248e-05,6.399571259980666e-06,9.973156742114037e-06,0.010057242656836789,1.2827213780117933e-06,0.00018294267713428125,3.0897157676793764e-07,9.426191852957202e-10,6.8094686699439474e-06,0.9729600539815172,2.8423803041882054e-06,2.429815489434004e-07,4.048661894043118e-10,0.01602473557465734,8.938582641890615e-10,1.5761250648128562e-05,0.00021646675642270343,2.714467875990576e-06,1.1669570466124324e-07,6.0606116950675085e-05
13,2.082391359541031e-06,0.000188380846882727,4.634647430235208e-06,1.5216851530211456e-07,0.0004735229372078581,4.809359008878947e-05,6.347279267532068e-06,9.110421192412358e-06,0.005393605438259682,2.230107678840349e-06,0.000147415125862472,3.3786693671244317e-07,1.1416459665478743e-09,1.046189980046009e-05,0.9799839723737651,4.658436301532862e-06,3.57799512766428e-07,7.786105503163324e-10,0.013305081286744961,8.119392325379357e-10,2.055958479660972e-05,0.00032578699757604824,6.093660322875078e-06,1.82000126231058e-07,6.693040817572015e-05
14,1.0816024870450981e-06,0.0006872079851272256,7.1227406059891314e-06,2.6346722064113913e-07,0.0015805023973804247,9.025008600376002e-05,6.3299721192308755e-06,1.0665911130958438e-05,0.011897294869462262,5.680441270775461e-06,0.0003116795164963118,2.9568317705579887e-07,3.673122733713199e-09,1.906593549180182e-05,0.965298552173296,2.8542488791805253e-06,2.934470713181357e-07,1.1096774381933985e-09,0.01964888753450304,9.677824126656507e-10,2.553776855846407e-05,0.0003548993341496392,3.9718358857770175e-06,2.4375007156015484e-07,4.731354902900185e-05
15,2.1645823035082853e-06,0.00017502834903278,5.384297068943893e-06,1.4574199841893967e-07,0.00044778508802259043,4.0530409067078415e-05,5.923559622237926e-06,9.220034807239212e-06,0.005398345610957142,1.4897548804408973e-06,0.0002092309281040521,5.333455381515944e-07,1.260982740904333e-09,1.1409937557496168e-05,0.9797580223931506,3.521076294970239e-06,4.224601283606176e-07,7.86703209892076e-10,0.013457266491041772,9.33570511894214e-10,2.0603491730704728e-05,0.00038920360412114587,5.40262308089016e-06,1.4867600523644606e-07,5.821456422974006e-05
16,2.009217007014198e-06,0.00018311091577410382,4.385104034405987e-06,1.8248118104525104e-07,0.00044287146201479975,5.908110312555824e-05,6.31938666456337e-06,1.2556820766404506e-05,0.004978828302905701,3.0233142684862448e-06,0.00021017568583667405,5.921315223904005e-07,8.597825122988012e-10,1.3681890695040902e-05,0.9757493427656927,6.144253542247962e-06,4.706332996080995e-07,1.207731624552418e-09,0.01759465383844798,1.1998181880143758e-09,4.943908436939594e-05,0.0006126429426982191,5.9249874415395825e-06,1.2270478839007496e-07,6.443770659135514e-05
17,3.7641483291856234e-06,0.0002508492964097377,1.108435940271993e-05,4.0635581147163974e-07,0.0009970847508722566,6.154514047785868e-05,9.433874635525092e-06,1.49406736449308e-05,0.005145878327135531,2.2518331070291025e-06,0.00029553804823147207,1.400996954304858e-06,3.73117685866362e-09,3.6359992645849316e-05,0.97885038552024,5.2811188159403416e-06,8.479212546254664e-07,1.8736701177010963e-09,0.013574009248086941,1.969934431589744e-09,3.051801511428028e-05,0.0006095805962121169,1.2051253087018289e-05,2.6843987051092116e-07,8.651251487942026e-05
18,4.698353654944493e-06,0.0001778081167992252,5.343718157465591e-06,1.1037760320309525e-07,0.00030966811474391064,1.6440901006558115e-05,4.728606272595084e-06,1.0270204524104987e-05,0.0028022867279229357,1.1187202121577476e-06,0.00010749053830626088,1.1213698762509282e-06,1.1453961498792128e-09,1.1095299230919058e-05,0.9867779722744495,2.6137340046323513e-06,1.3819775799367292e-06,1.3381000702614086e-09,0.00880929308471272,5.738564785212079e-10,2.8175924194934365e-05,0.0008147091485877313,6.948794863631064e-06,2.9688553232612987e-07,0.00010642407041125828
19,2.166703503933384e-06,0.00036969317122208896,1.935509305190505e-05,4.121504353486058e-07,0.0017989130980886933,7.396630545962739e-05,7.477079176507774e-06,1.827491629624513e-05,0.014525153913680306,3.6658103358777566e-06,0.0003664560244895554,1.4012366215925313e-06,5.056060580781899e-09,3.4967851129648164e-05,0.9598444490956367,3.928270855739641e-06,6.073432819609963e-07,1.30427161847228e-09,0.02218262227843619,2.099434710511301e-09,3.049671731535748e-05,0.0006256978518462841,5.25222821795594e-06,2.324620761811431e-07,8.480193907548235e-05
20,1.6045522726987028e-06,0.00019137531735934017,3.676550794853329e-06,1.317176254618681e-07,0.000488800067941905,2.487502556584196e-05,3.7404827028442582e-06,1.342434185050171e-05,0.004284184637790756,1.6486195800270435e-06,0.00014236016200425396,5.766511517742421e-07,9.81451162736641e-10,1.0315230035886295e-05,0.9781565504310082,2.433357638461405e-06,6.31474810576546e-07,7.126600922857496e-10,0.015898437657681036,6.592215665632586e-10,2.5844628947654735e-05,0.0006901282954952516,4.8659474370866035e-06,1.3589223917121241e-07,5.425660473367201e-05
21,5.1263088191174075e-06,0.00020230673255122467,1.3067860878675667e-05,3.05110360305411e-07,0.0007343351654002064,9.931983990889276e-05,1.4572680633503043e-05,1.073117057871831e-05,0.005742344004585802,2.582046836635841e-06,0.0003587764833110926,1.8688067484454518e-06,4.251560777997064e-09,3.175281104329699e-05,0.9778559811384566,1.1275584982838233e-05,5.755527887637765e-07,1.8192922179936168e-09,0.014329996598368032,2.868148103647234e-09,2.9055793493819366e-05,0.0004655536756217324,1.1771846893108931e-05,2.3635046722267548e-07,7.845549827089153e-05
22,3.3229637681461243e-06,0.0001539723089368055,7.256934656483641e-06,1.6448349831215738e-07,0.0004293352587766339,6.218077528957217e-05,7.840525450272868e-06,1.0930874357623093e-05,0.0044635798610400375,1.434299601584704e-06,0.0004006956327646802,9.797993688858423e-07,1.11656614149022e-09,1.3895821251027425e-05,0.9806873210044745,5.62562707643566e-06,6.401556773549304e-07,1.7430616740247866e-09,0.013014406654693337,1.674613586464099e-09,3.8363630237754466e-05,0.0006360853192715992,8.102988274139399e-06,1.6586137235705965e-07,5.369468592124341e-05
23,2.1645823035082853e-06,0.00017502834903278,5.384297068943893e-06,1.4574199841893967e-07,0.00044778508802259043,4.0530409067078415e-05,5.923559622237926e-06,9.220034807239212e-06,0.005398345610957142,1.4897548804408973e-06,0.0002092309281040521,5.333455381515944e-07,1.260982740904333e-09,1.1409937557496168e-05,0.9797580223931506,3.521076294970239e-06,4.224601283606176e-07,7.86703209892076e-10,0.013457266491041772,9.33570511894214e-10,2.0603491730704728e-05,0.00038920360412114587,5.40262308089016e-06,1.4867600523644606e-07,5.821456422974006e-05
24,1.8363968337141061e-06,0.00035530165002645137,9.440579483407785e-06,3.632986148324278e-07,0.0013473068765889533,7.5786560497611e-05,7.053928100478533e-06,1.2346410401794912e-05,0.007854043894980792,3.215693896295166e-06,0.00028549340603242985,7.546057825302068e-07,3.490393264142835e-09,3.36449154646263e-05,0.9698576501234786,4.100719382352045e-06,4.5823298104321124e-07,1.1914181536970186e-09,0.019554640370991694,1.5114618594737732e-09,2.768908720194168e-05,0.0004944187602527496,6.664701413107062e-06,1.7335944519856092e-07,6.761023487596529e-05
25,3.0734999917114767e-06,0.000152890089420417,1.1615660368216583e-05,3.3784054974027254e-07,0.0005504556991921401,2.9427464389290034e-05,1.1978914647280913e-05,3.0401820238146643e-05,0.007232788087079481,1.2162296167700412e-06,0.0005874067575196546,1.397324400255453e-06,2.7206029926868627e-09,1.437948484020782e-05,0.972992090955271,3.4151238889316286e-06,9.479749615208488e-07,1.3472671764476316e-09,0.01780076809373121,2.839666727736766e-09,3.546832403150858e-05,0.0004843631416672262,7.480804262906216e-06,2.728050739183672e-07,4.7816997321570005e-05
26,6.390832607896442e-06,0.00022397611613083251,1.2620021582475874e-05,1.8192650093912663e-07,0.000511685172430393,2.2860283159308546e-05,7.953608227527723e-06,1.614050916197903e-05,0.006152403911454718,1.1808004417061176e-06,0.00025641417563474427,9.943351683254017e-07,2.636921361885322e-09,8.566430720745834e-06,0.9841934844778458,2.3986080573477516e-06,1.5635820098457224e-06,2.0170581772493145e-09,0.007994614946442434,1.0296908324865493e-09,2.319470054193298e-05,0.0004596275483649334,7.878932387796804e-06,8.500555393562083e-07,9.501334191870478e-05
27,1.788890628725751e-06,0.00011938237419724009,2.7832474623650355e-06,7.139308008812905e-08,0.00017890170539112412,3.2584591137950125e-05,4.217137592992097e-06,7.243005664170062e-06,0.006054039459036502,1.1700652141831872e-06,0.00011836803341998426,2.6283143080542947e-07,4.495526366564265e-10,5.254360705977993e-06,0.9814852675167606,2.7835960755678367e-06,2.4771106639963765e-07,5.110780100828825e-10,0.011509841647658472,6.33429584286114e-10,1.5418762918371822e-05,0.00039332898084996914,3.245322413972162e-06,8.43685366054232e-08,6.371340469772782e-05
28,2.1645823035082853e-06,0.00017502834903278,5.384297068943893e-06,1.4574199841893967e-07,0.00044778508802259043,4.0530409067078415e-05,5.923559622237926e-06,9.220034807239212e-06,0.005398345610957142,1.4897548804408973e-06,0.0002092309281040521,5.333455381515944e-07,1.260982740904333e-09,1.1409937557496168e-05,0.9797580223931506,3.521076294970239e-06,4.224601283606176e-07,7.86703209892076e-10,0.013457266491041772,9.33570511894214e-10,2.0603491730704728e-05,0.00038920360412114587,5.40262308089016e-06,1.4867600523644606e-07,5.821456422974006e-05
29,2.1645823035082853e-06,0.00017502834903278,5.384297068943893e-06,1.4574199841893967e-07,0.00044778508802259043,4.0530409067078415e-05,5.923559622237926e-06,9.220034807239212e-06,0.005398345610957142,1.4897548804408973e-06,0.0002092309281040521,5.333455381515944e-07,1.260982740904333e-09,1.1409937557496168e-05,0.9797580223931506,3.521076294970239e-06,4.224601283606176e-07,7.86703209892076e-10,0.013457266491041772,9.33570511894214e-10,2.0603491730704728e-05,0.00038920360412114587,5.40262308089016e-06,1.4867600523644606e-07,5.821456422974006e-05
30,2.1645823035082853e-06,0.00017502834903278,5.384297068943893e-06,1.4574199841893967e-07,0.00044778508802259043,4.0530409067078415e-05,5.923559622237926e-06,9.220034807239212e-06,0.005398345610957142,1.4897548804408973e-06,0.0002092309281040521,5.333455381515944e-07,1.260982740904333e-09,1.1409937557496168e-05,0.9797580223931506,3.521076294970239e-06,4.224601283606176e-07,7.86703209892076e-10,0.013457266491041772,9.33570511894214e-10,2.0603491730704728e-05,0.00038920360412114587,5.40262308089016e-06,1.4867600523644606e-07,5.821456422974006e-05
31,3.913702669235715e-06,0.0004104883140681974,1.9149982747286156e-05,3.918265394213457e-07,0.001694532651611356,3.425951915948936e-05,7.989452866261954e-06,3.2639678564004665e-05,0.010107699447906597,3.6326301332181932e-06,0.0001952750561089006,1.2080562763303802e-06,4.729780809461939e-09,2.6893599332226553e-05,0.9628638519970035,4.428673759050715e-06,1.159936282798767e-06,1.4608972463091424e-09,0.023812499032385616,1.6012263895582205e-09,3.512266772708698e-05,0.0006284387738971038,6.680689826290023e-06,5.914276686987049e-07,0.00010914509156285764
32,2.0219044270191685e-06,0.00016214091125631006,4.764934564798312e-06,1.278875273991737e-07,0.0003884649349567956,3.730795821463997e-05,5.47416552256852e-06,9.164894986246386e-06,0.005607097853013609,1.4508499698417414e-06,0.00018684585115409162,4.841258642234744e-07,1.0368366757069434e-09,1.0247768320163038e-05,0.9776076607803583,3.5483706435951166e-06,3.902942434159517e-07,6.822935196496021e-10,0.01548951693249505,8.788784547357332e-10,2.0752306648125282e-05,0.00040007205397449394,4.658510656171873e-06,1.2262936953605165e-07,5.768148382478935e-05
33,4.324938715379877e-06,0.0006569387121525895,4.494488815387964e-06,1.898314918445081e-07,0.0018869577121212108,6.424027951512263e-05,5.390081908159058e-06,1.0891536262363913e-05,0.0013892053866990915,1.9696724218018054e-06,0.0002882493907149397,2.2238226521321975e-06,5.761300705038717e-09,5.6965010563562965e-05,0.9729871962956167,4.093616334599877e-06,1.985806804161279e-06,3.2928978501695313e-09,0.019136190763025914,1.1416158662772017e-09,2.597750191894723e-05,0.0034197086743029317,2.1335274991392448e-05,2.5671799756096575e-07,3.120428915997728e-05
34,1.917838265415883e-06,0.00030783066056840855,6.882979877116946e-06,6.575141621244945e-07,0.004463996260810945,7.082731652614745e-05,4.427219830322061e-06,1.5532521065175338e-05,0.00037576400540786237,2.327503835399933e-06,0.0005640644350488467,3.6295562969278643e-06,4.064864297432139e-09,5.45929732349304e-05,0.98781982631816,5.583808464618344e-06,5.083993952466423e-06,4.6762712618987164e-09,0.004768579302266274,1.3402694329022212e-09,7.488530875837763e-05,0.001329487393598817,9.230000503920208e-05,6.414941248882993e-07,3.115150930112006e-05
35,4.869285143031392e-06,0.00018597671333270578,8.03757646339084e-06,1.9539343461973234e-07,0.0002886254539970298,2.6966497475879293e-05,6.431394142384774e-06,5.339105657632194e-05,0.03539170897572441,3.394599620980762e-06,0.00014477200636328047,7.707211655471771e-07,1.123418348047647e-09,5.42192612362318e-06,0.931658012369933,2.52207792593635e-06,8.501272498917354e-07,1.8692974192125015e-09,0.030993236434533836,1.605127632403262e-09,4.699449586076435e-05,0.0009927329462721523,1.9791773530584833e-06,2.952555366676194e-07,0.0001828109179281696
36,1.2839693436676229e-06,0.0001641651281566963,2.364133259954177e-06,1.1391202705359405e-07,0.00023387493734135454,0.00020891873782629265,9.91305079179122e-06,3.063148111659572e-06,0.0038426156388471824,1.3502290062438119e-06,0.0006844897169138416,1.19710206203968e-07,5.328258899069041e-10,7.419126243545482e-06,0.9902917611716917,3.5540072733029212e-06,9.031078859743417e-08,1.9103477142466796e-09,0.004292466556845607,1.0986743529931541e-09,1.88842047415229e-05,0.00020082087578754908,8.300057038823722e-06,1.0365749538394967e-07,2.4324178413977243e-05
37,1.0765786443584405e-05,0.0002439445227409269,1.4518182622841593e-05,1.5703516768144743e-07,0.0005185147984270602,4.166481915643394e-05,1.2764001993443298e-05,8.352808457622216e-06,0.004033390881199804,8.507766100195201e-07,0.00032472862477495403,1.7871759869216957e-06,2.9442873418595782e-09,3.0362970903548495e-05,0.9820031728179394,4.862045078668773e-06,8.052294354497567e-07,2.021769301382029e-09,0.011954704498388665,1.4328402259959294e-09,2.1759938520873162e-05,0.0006927701999371985,8.687709321234294e-06,3.170334417425196e-07,7.111174455499051e-05
38,2.7956822761524006e-06,6.863934136273699e-05,1.6553021942513888e-06,4.0592151440935464e-08,8.331466470152717e-05,7.559674424506675e-05,9.594394268818599e-06,2.207177705756124e-06,0.0017526170363296545,6.489024847304783e-07,0.0002315748825390054,2.8611481292265223e-07,3.470955681515339e-10,5.86672097683229e-06,0.9904104956929637,8.222219322682508e-06,1.3662202744999442e-07,7.177565418190696e-10,0.0070159334788445,8.361546462512984e-10,1.2702997672612853e-05,0.0002814038035760306,8.11644980467503e-06,5.3773430760761834e-08,2.8095505301965337e-05
39,2.679000155100344e-06,8.480656061427324e-05,9.016329855921836e-06,2.6095842829786585e-07,0.0005796968819115551,6.543687109346014e-05,7.104581697028045e-06,2.6062500067943064e-05,0.007597208702971587,2.8723737523883048e-06,0.0002430035802063799,1.210695457110835e-06,8.619798585383362e-10,1.154571103239205e-05,0.9629372522961831,1.377433030450305e-05,5.658636006761403e-07,9.628520726156286e-10,0.027812719106816694,2.6337758344835317e-09,5.8037691887241896e-05,0.0004572695767618367,6.810934776137198e-06,1.3048314534934724e-07,8.253051067309177e-05
40,4.512023673654888e-06,0.00021721955560090653,6.015474049231064e-06,6.766466907649772e-08,0.0003114006411715359,5.076688902327004e-05,5.407076127287978e-06,4.00852187945637e-06,0.0036858492186102134,7.042854552150721e-07,0.00021639941430283706,1.1041150210053597e-06,9.041827322806765e-10,2.489192419062994e-05,0.9811687598725832,3.1101362671326704e-06,3.742405037381179e-07,1.1776556738918986e-09,0.012952064237595932,8.464770129609753e-10,1.842372020731038e-05,0.0012662604066724932,4.320434943855534e-06,6.768172793256133e-08,5.826953740833202e-05
41,2.543965770809187e-06,0.0001619927331970985,4.513086972836002e-06,1.3764398092155334e-07,0.00038692088450091567,3.7629223509428733e-05,6.217418424315682e-06,9.616543571523864e-06,0.003988053305085061,1.262155481942763e-06,0.00023376889579902372,6.732523279854088e-07,1.2691342966084454e-09,1.1032502451849858e-05,0.9820204654884084,3.516598690252818e-06,5.580115857873843e-07,9.95254989573844e-10,0.012565116904293348,9.816177026424478e-10,2.24844268761993e-05,0.00048526606737149725,6.864969355323035e-06,1.5657091548461896e-07,5.120610542305776e-05
42,5.406295627027481e-06,0.0010431253811488221,6.909645680585917e-05,1.3992534278051855e-06,0.0049638687102203476,0.00023842935405352756,2.1082222572095217e-05,5.837851717742246e-06,0.01809666907296775,3.4787335971849527e-06,0.0010653633802253802,1.909549404149066e-06,6.466604083148794e-08,0.00013258132818314385,0.9693421343694681,2.3296377355612647e-06,5.064448916029828e-07,5.990342590650961e-09,0.004655088084152987,2.8523978484960313e-09,1.2738604847851392e-05,0.0001614005912938481,1.4690051434384695e-05,1.3450639113623652e-06,0.00016144605353237034
43,8.359723140397392e-07,0.00012406780704301567,1.691729121554777e-06,1.380985943862567e-07,0.0005729355678660976,7.831458803938897e-05,2.5540649461493344e-06,1.588037530332265e-05,0.00492244739144951,6.072279966039511e-06,0.0001120213616382829,2.64457311233862e-07,3.0114701013287396e-10,5.7911765821129185e-06,0.9673338628228618,8.114137932640846e-06,3.7200032490194186e-07,7.183557585464214e-10,0.02604535630884316,6.573963353338834e-10,5.8136462783000534e-05,0.0006527255357008683,5.363547342668862e-06,7.444032639818758e-08,5.29781968104152e-05
44,2.1645823035082853e-06,0.00017502834903278,5.384297068943893e-06,1.4574199841893967e-07,0.00044778508802259043,4.0530409067078415e-05,5.923559622237926e-06,9.220034807239212e-06,0.005398345610957142,1.4897548804408973e-06,0.0002092309281040521,5.333455381515944e-07,1.260982740904333e-09,1.1409937557496168e-05,0.9797580223931506,3.521076294970239e-06,4.224601283606176e-07,7.86703209892076e-10,0.013457266491041772,9.33570511894214e-10,2.0603491730704728e-05,0.00038920360412114587,5.40262308089016e-06,1.4867600523644606e-07,5.821456422974006e-05
45,2.038229128589433e-06,0.00019198248349091171,4.5157606865670826e-06,1.4751899976894202e-07,0.0004449611806395073,6.743237309733649e-05,3.6407485935479567e-06,5.387998779286417e-06,0.003976629367363763,1.5022359882265511e-06,0.00023657322643085468,5.888874446456248e-07,7.313684251660768e-10,1.435916793860462e-05,0.9856844255013396,2.978496070553437e-06,4.6471573971138056e-07,1.6018088630635343e-09,0.008717210931005767,7.61192122116584e-10,3.5578764075521004e-05,0.0005273596419228799,5.7388227415758225e-06,1.0779598315702036e-07,7.63730581701386e-05
46,2.8281742769020936e-06,0.00017385600054542575,5.491225527803377e-06,1.5602002135435966e-07,0.0004782914230343343,2.6275806435305773e-05,4.907413836791787e-06,1.2411939805347866e-05,0.004016749860669253,1.2628140245504762e-06,0.00019982987610539358,8.085169030410283e-07,1.465271943711265e-09,1.003849476737108e-05,0.9816918850093842,3.0165350267928297e-06,9.304582828210968e-07,9.537649189774515e-10,0.012769546611467826,8.941938461802322e-10,2.430296174850344e-05,0.0005074869497455766,6.742895023463311e-06,2.2034969717946794e-07,6.295735043969799e-05
47,1.7570784053672648e-06,0.00018605616892752088,5.860628998817432e-06,1.7746444378408985e-07,0.0005423094546243879,4.2448678303675744e-05,6.100208887348096e-06,9.869571917605849e-06,0.006267072875492345,1.6969126643519765e-06,0.000221382847122397,4.52381753453849e-07,1.4151584123821479e-09,1.2200422896700792e-05,0.9782838305612982,3.334674538494519e-06,3.766085920233636e-07,7.159669478433995e-10,0.014013159367543522,9.465409034464602e-10,2.0232047090818412e-05,0.000318488014226863,5.294797674831121e-06,1.5473121697364277e-07,5.774142571415654e-05
48,2.2352583572684354e-06,0.00016734957048833456,7.136830638010787e-06,1.6637763096891582e-07,0.0004997958146036997,5.6959979205248036e-05,6.497738316674002e-06,8.204702753720201e-06,0.0065789691450317675,1.5158390826697086e-06,0.0002701127974213399,5.920614254046239e-07,1.34312146545338e-09,1.2957133469083186e-05,0.9803712421042389,3.814983772030758e-06,3.4465395546727425e-07,9.20530598930979e-10,0.011585109348062275,1.1290103881333434e-09,2.09019855478932e-05,0.0003364820728109141,5.393350924065863e-06,1.480312679262773e-07,6.406682833355464e-05
49,2.8507475184211663e-06,0.000191859225742215,8.6366137141295e-06,1.9140164122015493e-07,0.0007027296330288831,7.999100619042507e-05,6.449210859987385e-06,1.0545220689317269e-05,0.0056910072534157655,1.6943252641930943e-06,0.0003799709044408126,1.4570071864011861e-06,1.919285519370786e-09,2.0347477230481207e-05,0.977618955990182,4.81159390112377e-06,5.969975327469213e-07,1.6084534998275713e-09,0.014383326425222932,1.8320684045857766e-09,2.9068082206759985e-05,0.0007991901619660083,7.736492926525083e-06,1.3857790806904872e-07,5.844029142401989e-05
50,2.1456983605778476e-06,0.00017956481928614997,5.392359139911305e-06,1.4767878545040844e-07,0.0004535687038615437,4.1588549475272644e-05,6.24687567747364e-06,9.462347523764301e-06,0.005720020091768497,1.622637287759835e-06,0.00019885824945557382,5.063139059156009e-07,1.2769385818189836e-09,1.1921254966712241e-05,0.978340890019872,3.756090497477256e-06,3.9564484999557275e-07,7.566145740969174e-10,0.0145455143758208,9.451348528755192e-10,2.0534530162217394e-05,0.0003934398758108575,5.270989880364524e-06,1.453381072927529e-07,5.9004576816530886e-05
51,2.148929664697212e-06,0.00016797440562095793,5.164500970229602e-06,1.3790433256225404e-07,0.0004286963380238658,3.9480474341479454e-05,5.700344289159464e-06,8.828061381467106e-06,0.005211208769437609,1.4384719846205057e-06,0.0001997719553825027,5.136032170154226e-07,1.1943783659713652e-09,1.0687778828896267e-05,0.9802548975565295,3.5833378318685304e-06,4.169622221509059e-07,7.394899383913213e-10,0.01320397350510175,8.983814130607064e-10,1.9734255324943945e-05,0.0003719492564172643,5.364681776691705e-06,1.4554328282500333e-07,5.818053178864356e-05
52,2.7489168977607832e-06,0.00018563212856216618,5.284091124777886e-06,1.5004160461586178e-07,0.0003854452363493482,8.628525284731202e-05,8.122364017026425e-06,6.9301450443503475e-06,0.005774258247083182,1.5902675059242923e-06,0.0003372420923722923,5.709919890243462e-07,1.4597633781384905e-09,1.3070564656209672e-05,0.9826772424081376,4.190557461516901e-06,3.376088600277903e-07,1.573904795923882e-09,0.009974356946483758,1.3608148422629608e-09,2.067068556922709e-05,0.00045304595992753894,7.292201243389154e-06,1.4838218707195609e-07,5.538051559301186e-05
53,2.1740562095663905e-06,0.00018174128136847197,5.58581601085512e-06,1.515352926120095e-07,0.0004887825683661317,4.076270719587746e-05,5.721211524275869e-06,9.619647031779082e-06,0.005501096940738079,1.555840052962987e-06,0.00020817337654017236,5.645966331623442e-07,1.3142720504727117e-09,1.1958311889280312e-05,0.9789882816246513,3.514508967080233e-06,4.437927625147442e-07,8.025018780152106e-10,0.014056810025700693,9.32723661322443e-10,2.1425152106508828e-05,0.00040664529341917624,5.375023244683795e-06,1.5134072196806212e-07,5.9462300075391064e-05
54,2.1935351306875934e-06,0.00013900364386499302,3.234549056683638e-06,5.785212882128174e-08,0.00011642182167084347,3.979736201699091e-05,7.817621840535437e-06,2.484371583292697e-06,0.0047241784889696,1.2499514781615176e-06,6.397720069200963e-05,2.3463270370299898e-07,5.603859728649683e-10,1.277353154251464e-05,0.9849824433149847,5.34067477350376e-06,9.729545006269053e-08,2.8661754781045936e-10,0.009542665656773421,5.957560692240614e-10,9.431839152078403e-06,0.00025466338628546355,2.963844810688522e-06,4.88483055814075e-08,8.891913402601252e-05
55,5.142259431263516e-06,0.00025612018634276916,1.9307328741205858e-05,2.3155788135838073e-07,0.0005196289029282637,4.563691555335064e-05,8.90542121046091e-06,1.2475723537065563e-05,0.023689504233169536,1.430612048127624e-06,0.0003465973398357964,1.7108627987252444e-06,5.5952213553984405e-09,1.5652420702472942e-05,0.9618647324621432,2.1015819708609424e-06,5.348549530215502e-07,1.608531287328934e-09,0.012688518529664652,2.0436997345976507e-09,1.6398083896357558e-05,0.0003704934892826628,3.0285195048796885e-06,2.9360483143762363e-07,0.00013154586212003145
56,2.374694980233387e-06,0.00021234024127913251,6.369255743107428e-06,1.7266032697286136e-07,0.0005207273127237482,4.295601930293368e-05,6.652964830804518e-06,1.0045000952186385e-05,0.005998858595084287,1.627812892214958e-06,0.00023953020271544074,6.123280502478146e-07,1.818453121063594e-09,1.3457948705538446e-05,0.9784351899887141,3.4407738668710277e-06,4.794469473186233e-07,9.343425759578347e-10,0.014011082789295002,1.1096057888273225e-09,2.072716110430419e-05,0.00040664835914580745,5.748091109549516e-06,1.7870584032607572e-07,6.077578398839502e-05
57,2.5485428654019313e-06,0.00025012905681391434,1.4715191421652093e-05,2.704237470421316e-07,0.0015352944743188403,3.5439815592623275e-05,3.8775121220259966e-06,2.8010650455619797e-05,0.011335912133558276,3.7409628795281013e-06,0.00017248373166873148,2.493279497235163e-06,2.885562226341589e-09,2.338370881354473e-05,0.9400092367681234,5.6813875340805895e-06,1.2971890455101953e-06,8.610452397033021e-10,0.045395083588952945,1.558022249881507e-09,4.813178511807491e-05,0.0010239376929235694,3.956300591199295e-06,1.713928729242232e-07,0.00010419910645421176
58,2.42245936904562e-06,0.00019364758195344116,6.081286009476811e-06,1.499098477739325e-07,0.0004729458283053451,3.281169568042074e-05,6.093699927929553e-06,1.0372290895152221e-05,0.005006780484728496,1.4598284268225185e-06,0.00021004002613588584,5.755800343951881e-07,1.45583714806228e-09,1.0656990202097908e-05,0.9815160260540401,3.1427554122154516e-06,5.737769079685525e-07,8.965595481718631e-10,0.012038352290260046,8.892498520216009e-10,2.1510028555229293e-05,0.0003985430822078909,5.925100587735072e-06,2.19403304263268e-07,6.166660556149617e-05
59,2.781095594321973e-06,0.00018590998018099222,7.6984516381487e-06,1.6002627578629025e-07,0.00048282528368232274,3.31651539220824e-05,6.889198095755914e-06,1.1672630119770026e-05,0.005361475723462788,1.4774363147262143e-06,0.00022996386453022437,6.312972000717928e-07,1.4944950058349176e-09,1.025956205648282e-05,0.9820694636200424,3.4355797019588126e-06,6.274064694745398e-07,1.0470909518586145e-09,0.011109221288164148,1.0126942123802185e-09,2.3671756571148372e-05,0.00038474168618584124,6.265255349520571e-06,2.832358955777262e-07,6.737691426613058e-05
60,2.1645823035082853e-06,0.00017502834903278,5.384297068943893e-06,1.4574199841893967e-07,0.00044778508802259043,4.0530409067078415e-05,5.923559622237926e-06,9.220034807239212e-06,0.005398345610957142,1.4897548804408973e-06,0.0002092309281040521,5.333455381515944e-07,1.260982740904333e-09,1.1409937557496168e-05,0.9797580223931506,3.521076294970239e-06,4.224601283606176e-07,7.86703209892076e-10,0.013457266491041772,9.33570511894214e-10,2.0603491730704728e-05,0.00038920360412114587,5.40262308089016e-06,1.4867600523644606e-07,5.821456422974006e-05
61,2.5909972823735415e-06,0.00019199471075703606,8.20881776758525e-06,1.5884988724541955e-07,0.000511473987783402,3.5012872375138466e-05,6.4856144848521836e-06,1.0750929452349441e-05,0.005830943317311905,1.433873772309247e-06,0.00023943181739687305,6.773287157712736e-07,1.5443904028653377e-09,1.1556381725148612e-05,0.980567306717072,3.368227204394259e-06,5.641333879531332e-07,9.420266791639042e-10,0.01209472810047847,1.0468831998590426e-09,2.2890207509078635e-05,0.00038832853982381533,5.508151523278586e-06,2.3064674859771094e-07,6.635224423998393e-05
62,2.1645823035082853e-06,0.00017502834903278,5.384297068943893e-06,1.4574199841893967e-07,0.00044778508802259043,4.0530409067078415e-05,5.923559622237926e-06,9.220034807239212e-06,0.005398345610957142,1.4897548804408973e-06,0.0002092309281040521,5.333455381515944e-07,1.260982740904333e-09,1.1409937557496168e-05,0.9797580223931506,3.521076294970239e-06,4.224601283606176e-07,7.86703209892076e-10,0.013457266491041772,9.33570511894214e-10,2.0603491730704728e-05,0.00038920360412114587,5.40262308089016e-06,1.4867600523644606e-07,5.821456422974006e-05
63,2.1016838562045593e-06,0.000191949275823667,4.832012421999263e-06,1.2756191642797295e-07,0.0003851274653515502,3.644691168827774e-05,5.604721703621797e-06,8.277998802365228e-06,0.005303155224733417,1.3528209674801696e-06,0.00020313132834068795,4.5509709218059545e-07,1.2117725348568203e-09,1.0120467209523897e-05,0.9810702356754644,2.8890852674914744e-06,4.0785326255775893e-07,7.709335961570029e-10,0.012311810507883818,8.42089852796785e-10,1.8812841540637934e-05,0.00038142903242979444,4.825684882471973e-06,1.491794384102521e-07,5.675474512690704e-05
64,1.9092432800682265e-06,0.00015248769995616538,4.608008529813661e-06,1.3559979454668485e-07,0.0004057942395375785,3.373876256466266e-05,4.752722021251545e-06,1.001608699531672e-05,0.004416420307518271,1.4791095522198596e-06,0.00020516146180218458,5.336435141271832e-07,8.402098082891242e-10,8.89452147267217e-06,0.9807059297138652,3.401107261711728e-06,4.923632061562261e-07,8.044657721486377e-10,0.01356260242352759,8.024633730262492e-10,2.992674651337721e-05,0.00038891127876122073,4.885204371255376e-06,1.427720733132677e-07,5.7774536742508755e-05
65,2.1793875294916457e-06,0.00017443115674916523,5.4936227235382324e-06,1.5440678350685853e-07,0.0004895423883496322,4.5487962672903056e-05,5.842108326196494e-06,9.253345007231516e-06,0.005197428996678542,1.590226995775667e-06,0.00021878985239341523,5.874580793978856e-07,1.2712017114595115e-09,1.241510833403413e-05,0.9795844573341842,3.843053202229062e-06,4.3601783429599893e-07,8.609658124311746e-10,0.013746711861266756,9.79459875706109e-10,2.257366108267725e-05,0.0004138994373094565,5.8040019886064255e-06,1.4505494971319719e-07,5.8930445931732424e-05
66,2.5336632250351395e-06,0.0002620473295800767,1.9539484638934517e-05,5.662949960604015e-07,0.0014636433346872113,0.00021416373429333958,1.922196501574639e-05,3.420519752949513e-05,0.052463363171440375,1.7035288936522307e-05,0.00021155108675996343,1.1321321431445053e-06,6.524560966649437e-09,4.945990046736904e-05,0.8220795348183941,3.335761481910599e-05,1.9333897156404618e-07,7.212684333007084e-10,0.1224342747259634,7.260743312182463e-09,3.4143998800892194e-05,0.0005515702310280617,3.7291165574759464e-06,8.731410647038429e-08,0.00010463175107309549
67,2.604507402042044e-06,0.00013306346149529843,5.853788132697441e-06,1.4808034056556282e-07,0.0003427104298514416,6.939002658904687e-05,8.463124773421826e-06,4.333371977966431e-06,0.0026066594115237334,9.72600934904402e-07,0.0002901146226392822,7.462932461866762e-07,1.4730432375657142e-09,1.760672259882464e-05,0.9888530444987259,6.015917039902574e-06,3.5709368826298236e-07,1.047345298683041e-09,0.007266820303125347,1.4901072610662186e-09,1.6354040242701827e-05,0.0003075279360150051,1.1386391428240607e-05,1.210713090505766e-07,5.570229642472061e-05
68,2.3858952354823205e-06,0.00014634567318198046,4.123297645974169e-06,1.2065350209922312e-07,0.0003197984255036451,4.558431868317909e-05,5.48302983342346e-06,7.285738278728392e-06,0.003897604191835555,1.1568320101573054e-06,0.0002443200593744334,5.562717067694631e-07,9.72046949557e-10,8.756862548064546e-06,0.9856619772409004,3.309691500450631e-06,4.6222675605846895e-07,1.06756678934451e-09,0.00916197219583044,9.261379623164936e-10,2.1406261555939882e-05,0.00040654677941340847,6.5987022868583265e-06,1.455243178443495e-07,5.40571623472985e-05
69,2.322971269572042e-06,0.00016119862938400055,8.12492831296221e-06,1.7803136488446054e-07,0.0003889014568308847,2.8024731593136733e-05,6.880126413306885e-06,1.230076626983389e-05,0.0072974272611088815,1.5932755700859312e-06,0.0001741314505717267,4.824623947150977e-07,1.4069406380601947e-09,8.97947871928392e-06,0.9787963380134255,3.887344940850038e-06,4.714145603395486e-07,6.683829288278236e-10,0.012757570815330504,1.1589266772862007e-09,2.1615234565993733e-05,0.00023748379394927967,4.565277591119112e-06,2.317826694281468e-07,8.728751891378985e-05
70,1.8840021744612032e-06,0.0001617175008915787,4.202804975736041e-06,1.2819356133789345e-07,0.00039722828291770165,3.3734642823647725e-05,5.214774687275438e-06,1.005952386134244e-05,0.005136399764440759,1.440339416720053e-06,0.0001927142029373235,4.291109958247078e-07,1.0179947368808245e-09,8.298546469402804e-06,0.9798663877544164,3.090106975973477e-06,4.290114614665896e-07,6.982526273743801e-10,0.013731972083019763,7.819867225702928e-10,2.0602480606433947e-05,0.0003670400060963181,5.000245194877607e-06,1.4954690559565637e-07,5.187457693624456e-05
71,3.5581844115666417e-06,0.00011032199418910824,5.2269771922790046e-06,1.386361424397884e-07,0.0002272556788115818,3.2063014604045696e-05,1.0159792206410913e-05,1.0077280581900752e-05,0.0036642653609235618,8.233582742637487e-07,0.0002838956144220163,7.030092769219064e-07,1.244217147194382e-09,9.611095808952755e-06,0.9843158054920519,4.60052844197121e-06,5.448862868467357e-07,1.0207024837168702e-09,0.010885832326534084,1.484846409210926e-09,2.0199972167393605e-05,0.0003571103386475746,8.342945207990049e-06,1.7479236163416005e-07,4.9284971689475936e-05
