,0,1,2,3,4,5,6,7,8,9,10,11,12,13,14,15,16,17,18,19,20,21,22,23,24
0,2.4082717847618663e-06,0.00018188734494653045,8.131313163576018e-06,1.6370367290231857e-07,0.0006126330775709192,5.1021102146196434e-05,6.258389774970037e-06,1.0252283985342006e-05,0.007500896491062819,1.6595052132174487e-06,0.00027362336813351675,7.157818366335279e-07,1.6232491281059518e-09,1.2766049066337583e-05,0.9742904182293545,4.249086556427701e-06,4.250715138835741e-07,8.259641358511495e-10,0.016582600389920567,1.183267335534585e-09,2.2047233656165384e-05,0.0003741143482265565,4.925226283964081e-06,1.5833305260524966e-07,5.8641766597127476e-05
1,1.410630224787533e-06,0.00014520717178850154,5.8613668785253474e-06,1.2991796039913373e-07,0.0003892401690555864,3.7618649523750924e-05,5.31439004896895e-06,1.0356532281908466e-05,0.011306534665051713,2.163059783245839e-06,0.00013809238503165492,3.4895011717627477e-07,7.947606487668878e-10,1.0013427142653388e-05,0.9592488761217652,4.958938167194868e-06,2.3225515781006387e-07,3.5252267509453554e-10,0.02830504602763183,9.280839745213186e-10,2.2435399208413676e-05,0.0002934072337814158,2.464652688392077e-06,7.525416338308774e-08,7.021072718021495e-05
2,1.521163490079388e-06,0.00010410068768994841,1.7596540937160872e-06,6.750597021959139e-08,0.00017662163237395183,1.8401959239451805e-05,3.1339350195615005e-06,4.576618120572927e-06,0.0017695929676522894,6.638836534905754e-07,9.128039546387188e-05,3.0521708944045883e-07,4.3451419638697127e-10,6.8484920691666636e-06,0.9882315333488021,2.58347090820561e-06,3.7945829348705653e-07,3.51036260251628e-10,0.009186320591622572,4.030238634271755e-10,1.3692861800307637e-05,0.0003326235028499856,5.382454590915504e-06,6.738280979605779e-08,4.8541627822715055e-05
3,1.8064854322045924e-06,0.00016968030656218884,5.0435114628004905e-06,1.3760454179444075e-07,0.00046884539693499764,3.0494011165630618e-05,4.20050849397034e-06,8.906392863667315e-06,0.004742901685967995,1.3868653964362807e-06,0.0001644466508487619,5.069017933675623e-07,9.346572911441327e-10,1.0882900653261034e-05,0.9802123703217476,2.9508607808619124e-06,4.708368112067145e-07,6.342502443201844e-10,0.01370033644533207,6.879989442309453e-10,2.343219346347934e-05,0.00038245360061124286,4.513246192911921e-06,1.306530485262552e-07,6.410036298863764e-05
4,2.1308148719418852e-06,0.00024354390243089684,7.351125829940688e-06,2.0153793556124693e-07,0.0007072732020794602,4.044388217871027e-05,5.600356539959903e-06,9.715811097695783e-06,0.005583712271033737,1.7914712688676149e-06,0.00021319565496866845,6.790450532082344e-07,1.8620622011942033e-09,1.82925870206599e-05,0.9775706286822862,3.2807033312785816e-06,5.340646592230365e-07,8.727877139553422e-10,0.015058747863839955,9.627419098505793e-10,2.4218275909764573e-05,0.0004344233726174193,5.4920089365906745e-06,1.6875962570879304e-07,6.857090889280483e-05
5,1.7941127801692197e-06,0.00020045398498629672,5.814047645645848e-06,2.0637638990889198e-07,0.0006846990692647421,3.5148417912768264e-05,4.4161979463724685e-06,1.1264672230353894e-05,0.00461145570872042,1.758525695422284e-06,0.00019540777024332884,5.654719643006739e-07,1.2453931977683473e-09,1.3146864720674152e-05,0.9807702832573657,2.9503588593379667e-06,6.205973217667132e-07,9.263275815622268e-10,0.01295673020442429,7.921676581150592e-10,2.9870201072886935e-05,0.00039845737758754615,5.914665930510379e-06,1.8840587315184864e-07,6.885074717573659e-05
6,1.8064854322045924e-06,0.00016968030656218884,5.0435114628004905e-06,1.3760454179444075e-07,0.00046884539693499764,3.0494011165630618e-05,4.20050849397034e-06,8.906392863667315e-06,0.004742901685967995,1.3868653964362807e-06,0.0001644466508487619,5.069017933675623e-07,9.346572911441327e-10,1.0882900653261034e-05,0.9802123703217476,2.9508607808619124e-06,4.708368112067145e-07,6.342502443201844e-10,0.01370033644533207,6.879989442309453e-10,2.343219346347934e-05,0.00038245360061124286,4.513246192911921e-06,1.306530485262552e-07,6.410036298863764e-05
7,2.5707149648353764e-06,0.0004295999104830688,1.4924476148611533e-05,2.4179089214258307e-07,0.0005772890187517526,3.465629172889997e-05,1.0979714809169481e-05,1.048611460848063e-05,0.013557670442555363,1.3561864019200946e-06,0.00046724967748868005,6.481798890028029e-07,5.464719463203656e-09,1.8198744137013264e-05,0.9728988897506389,1.599118094669738e-06,4.2009086188502894e-07,1.0000127256843182e-09,0.011614479371678128,1.7028362471257839e-09,1.4728973751057753e-05,0.0002774929093294897,3.3821044976752715e-06,2.952207866029631e-07,6.283302993457999e-05
8,1.5420209621222076e-06,0.00016561371094784408,3.529889728359963e-06,9.108226820618963e-08,0.00041030289161223015,5.655447163977789e-05,3.485547745161068e-06,6.115466205526539e-06,0.005185974420574064,1.0805414820758446e-06,0.00032434978606814464,6.355608674071675e-07,8.118240405149437e-10,9.794181088749557e-06,0.9771182648197497,2.5605097351133882e-06,3.5262094060803255e-07,9.345426840533398e-10,0.01606847380358063,8.018031883263854e-10,2.3404822211704498e-05,0.0005761207291437119,3.865681502035478e-06,6.678983448240759e-08,3.78181039426368e-05
9,1.4889956546352975e-06,0.00011249823208409576,2.1070877167364914e-06,7.535798780878402e-08,0.00029002152559203697,4.5093192253082984e-05,3.023980253383899e-06,5.674592198037097e-06,0.002918092410626243,1.0126155682011275e-06,0.00019476071056255228,5.013105195029312e-07,4.3317535280121154e-10,8.068792236792102e-06,0.9814190250612792,3.2888791462301074e-06,3.604122290574379e-07,7.093879501217028e-10,0.014343581481197219,5.787087774091646e-10,2.467477689360558e-05,0.0005841544861735859,4.925251824547551e-06,5.2789241498080616e-08,3.751633748978784e-05
10,1.8064854322045924e-06,0.00016968030656218884,5.0435114628004905e-06,1.3760454179444075e-07,0.00046884539693499764,3.0494011165630618e-05,4.20050849397034e-06,8.906392863667315e-06,0.004742901685967995,1.3868653964362807e-06,0.0001644466508487619,5.069017933675623e-07,9.346572911441327e-10,1.0882900653261034e-05,0.9802123703217476,2.9508607808619124e-06,4.708368112067145e-07,6.342502443201844e-10,0.01370033644533207,6.879989442309453e-10,2.343219346347934e-05,0.00038245360061124286,4.513246192911921e-06,1.306530485262552e-07,6.410036298863764e-05
11,1.9938775220203013e-06,0.00019609808275315268,5.823338322738616e-06,1.601209932605217e-07,0.0005226389441025284,3.3046318253275284e-05,4.8000936941313005e-06,9.580144502224652e-06,0.005119889447056962,1.504776839405516e-06,0.0001857902726011117,5.836765887245097e-07,1.2783102659728932e-09,1.2838433782030406e-05,0.9795632210131592,2.995531686647627e-06,5.216314295736354e-07,7.513643386601647e-10,0.013834813181938405,8.224715597558884e-10,2.346926740757012e-05,0.0004084441866484495,4.963971083078456e-06,1.5176934374898493e-07,6.666906814575271e-05
12,1.4164917635912298e-06,0.00013446057059168808,5.128981204286969e-06,1.1621825373797102e-07,0.0002944868435333596,2.1383215941039527e-05,4.610641152932464e-06,9.656454471357691e-06,0.008852335353127004,1.2002474994509023e-06,0.00014542111542454838,2.9479189607423836e-07,7.253842585941413e-10,6.563547391089282e-06,0.9737816577305298,2.39057999528972e-06,2.714457887213974e-07,3.267915968322083e-10,0.01644048901720487,6.663294062558364e-10,1.7666258401548412e-05,0.00021223562306451187,2.2957584936135278e-06,1.0302899891709218e-07,6.581436676726392e-05
13,1.7458327327197006e-06,0.00018475763318171324,4.3177486954665766e-06,1.4554155764620604e-07,0.0005015221913837315,3.6502376941242593e-05,4.564625492487094e-06,8.815095904942514e-06,0.0047377566740885065,2.0892798789745784e-06,0.00011701740429320053,3.2259310453051464e-07,8.787012342250598e-10,1.0101876941573002e-05,0.9803302636464087,3.919926431710861e-06,4.0019790463873216e-07,6.294877902774268e-10,0.013634901404503507,6.047487369155936e-10,2.3060467996912673e-05,0.00031970225332524814,5.162242726036712e-06,1.6083610787452135e-07,7.276803746088116e-05
14,9.151272404991718e-07,0.0006664029322824095,6.464913242368221e-06,2.448949173348329e-07,0.001603880707749816,6.808869804804088e-05,4.609624366831586e-06,1.0317366175389962e-05,0.010368407369020111,5.297771248479786e-06,0.00024636548976439095,2.7425147056766803e-07,2.718182185019885e-09,1.779686462860347e-05,0.9664572153145893,2.4167932142387524e-06,3.23617105573585e-07,8.914188186889231e-10,0.020109788667541924,7.139408438697009e-10,2.880332764712048e-05,0.000348388468530448,3.3458803204560813e-06,2.1387857684676457e-07,5.043371877713459e-05
15,1.8064854322045924e-06,0.00016968030656218884,5.0435114628004905e-06,1.3760454179444075e-07,0.00046884539693499764,3.0494011165630618e-05,4.20050849397034e-06,8.906392863667315e-06,0.004742901685967995,1.3868653964362807e-06,0.0001644466508487619,5.069017933675623e-07,9.346572911441327e-10,1.0882900653261034e-05,0.9802123703217476,2.9508607808619124e-06,4.708368112067145e-07,6.342502443201844e-10,0.01370033644533207,6.879989442309453e-10,2.343219346347934e-05,0.00038245360061124286,4.513246192911921e-06,1.306530485262552e-07,6.410036298863764e-05
16,1.7030011669773418e-06,0.00017911005359372626,4.00459148061842e-06,1.7258015817817253e-07,0.0004575770536486119,4.4878015872815506e-05,4.6293301623220985e-06,1.2147072453205174e-05,0.004349526096356097,2.82963208277855e-06,0.00016755934596109762,5.580338374183717e-07,6.59687657948123e-10,1.302097105196836e-05,0.9759593598682501,5.207639721497337e-06,5.224471555930556e-07,9.742762742967889e-10,0.018067488248257445,8.95183172478186e-10,5.5236988949650454e-05,0.0006007333166537125,5.03673331408414e-06,1.0805696926713408e-07,6.858839375571925e-05
17,3.140124645324864e-06,0.00024396971271339676,1.0434590345655836e-05,3.835818172989946e-07,0.001040606075002788,4.5741155730662816e-05,6.689080223015244e-06,1.4435796912417244e-05,0.004541693553555869,2.083429208366013e-06,0.0002315420197223251,1.3300869969357864e-06,2.76539133234918e-09,3.481256407700084e-05,0.979234814721972,4.375335354196617e-06,9.458915273104114e-07,1.5044390918743846e-09,0.013842925215794477,1.4461468419275066e-09,3.4673710519401295e-05,0.0005993752943107046,9.976078724798335e-06,2.3577068531134472e-07,9.581049418361133e-05
18,3.9248481305367995e-06,0.00017235913524158797,5.020707763219987e-06,1.0422151335293705e-07,0.00032454761493745616,1.2332690059550867e-05,3.343082939273588e-06,9.918025443163515e-06,0.00246021159145132,1.0404270221238313e-06,8.426075866621848e-05,1.069852749297954e-06,8.482014141826858e-10,1.0596716411159647e-05,0.9870009235291304,2.1858990269722974e-06,1.545744410014065e-06,1.0806027609649807e-09,0.008948785781081926,4.2210528369320357e-10,3.210442545748595e-05,0.0008019309410598662,5.798618171894326e-06,2.614097398919939e-07,0.00011773162868388821
19,1.8080154281288989e-06,0.0003595561647528201,1.8275355906055655e-05,3.9112909075831743e-07,0.0018973290731669637,5.579448834080484e-05,5.299563168786612e-06,1.769888558341934e-05,0.012828801048804609,3.425167347034288e-06,0.0002886350604286619,1.3393097338522901e-06,3.76492669529112e-09,3.354851575976573e-05,0.9611131919915061,3.293059455397816e-06,6.784769393048493e-07,1.0544444940613551e-09,0.022621549235333747,1.5519645476571438e-09,3.479776744492951e-05,0.0006161320689189015,4.384429342408075e-06,2.047784448756227e-07,9.386004376696088e-05
20,1.3516282599177183e-06,0.0001849149695474512,3.3066996627069996e-06,1.2157446862207355e-07,0.0004919163770033157,1.8417552641458596e-05,2.707159709340635e-06,1.3017182914600881e-05,0.0037083797025732963,1.5192601834442043e-06,0.00011154324502337384,5.315274816095027e-07,7.194011624199776e-10,9.58755950711845e-06,0.9783406062005908,2.035493915434662e-06,6.99276971233686e-07,5.672337401346368e-10,0.016337628615924322,4.821222622722598e-10,2.9009619558534125e-05,0.0006807265129844413,4.082881459601069e-06,1.1856297069194596e-07,5.777662789125709e-05
21,4.354172131537417e-06,0.00019534786860704847,1.1874051473424825e-05,2.8353277033691216e-07,0.000743022150316747,7.490169388404272e-05,1.0630923550492575e-05,1.0373661372234753e-05,0.004990361992339492,2.4009210409707657e-06,0.000283518263969185,1.7415669076141244e-06,3.145458800929542e-09,2.9663555327087938e-05,0.9784049652167375,9.57947994826829e-06,6.355514339670117e-07,1.4625918991473856e-09,0.014642664349256337,2.1211695967995194e-09,3.276144659429204e-05,0.0004570672967787211,9.941527449079225e-06,2.0722687398055157e-07,8.369682201735584e-05
22,2.7743005736112e-06,0.0001516198342846833,6.8849128290725405e-06,1.578985837398505e-07,0.0004573759455543538,4.6640498813176366e-05,5.596133946758225e-06,1.0556240218017514e-05,0.003961789946386158,1.3336013968332223e-06,0.0003176423560979017,9.434715852398501e-07,8.598940094484316e-10,1.3562162462650271e-05,0.980953105216151,4.659169646128943e-06,7.178569392183833e-07,1.40668155702816e-09,0.013330655448157579,1.2432505897937561e-09,4.316089095950207e-05,0.0006246182001164199,6.7592724378218656e-06,1.4644906609845913e-07,5.929668396769514e-05
23,1.8064854322045924e-06,0.00016968030656218884,5.0435114628004905e-06,1.3760454179444075e-07,0.00046884539693499764,3.0494011165630618e-05,4.20050849397034e-06,8.906392863667315e-06,0.004742901685967995,1.3868653964362807e-06,0.0001644466508487619,5.069017933675623e-07,9.346572911441327e-10,1.0882900653261034e-05,0.9802123703217476,2.9508607808619124e-06,4.708368112067145e-07,6.342502443201844e-10,0.01370033644533207,6.879989442309453e-10,2.343219346347934e-05,0.00038245360061124286,4.513246192911921e-06,1.306530485262552e-07,6.410036298863764e-05
24,1.5305124516308815e-06,0.0003452631509204075,8.888603697356006e-06,3.4438619404897363e-07,0.0014187610404313871,5.71292810228115e-05,4.995088660109804e-06,1.193466554193434e-05,0.006919172976472274,3.0012209916316924e-06,0.0002245348334186117,7.194159152673617e-07,2.594329422731335e-09,3.225172533341495e-05,0.9704499186401203,3.4355093105949933e-06,5.111011058348161e-07,9.622389369468607e-10,0.019919434899500398,1.1154152099253313e-09,3.15618331844351e-05,0.0004861637365545366,5.5632889412403305e-06,1.5247001115695076e-07,7.472694823688066e-05
25,2.594643608013038e-06,0.0001477126400787915,1.0485873249246824e-05,3.127339379879686e-07,0.0005542803898957056,2.179521039404605e-05,8.698520818129198e-06,2.9558850798044027e-05,0.006271496085126966,1.1199957740333953e-06,0.00046213469653786493,1.2913460563262926e-06,1.9999937244429387e-09,1.3378891532074673e-05,0.9735977418846201,2.8591510798222083e-06,1.051721403118738e-06,1.0744511397973187e-09,0.018298671975698295,2.085540746848757e-09,3.9861155349232586e-05,0.0004774858903048451,6.285949017314869e-06,2.3863961582227455e-07,5.093859511866638e-05
26,5.436845156600803e-06,0.00021934075555267833,1.156274723288638e-05,1.7220627931292992e-07,0.0005297566718868583,1.733435623868363e-05,5.8332750371954085e-06,1.564166529383635e-05,0.005377323029687411,1.1028007108626328e-06,0.00020471020152750284,9.394002592512178e-07,2.0321683304784895e-09,8.153311368201733e-06,0.9848126620655134,2.029212778617265e-06,1.7432942345884265e-06,1.6314455284569321e-09,0.0082007174453626,7.68579314073922e-10,2.5867887859239296e-05,0.0004509672980311666,6.714350642712167e-06,7.531375152209949e-07,0.00010123360963790914
27,1.4943301290569525e-06,0.00011691284068195968,2.634193685624152e-06,6.855450386161818e-08,0.00019086361652551962,2.4718674824521254e-05,3.005382973175577e-06,7.004031753672032e-06,0.0053695500835757816,1.0940134766092608e-06,9.399206317780742e-05,2.536442218968647e-07,3.451203429408541e-10,5.098735501268685e-06,0.9819484302489275,2.329020764230763e-06,2.7746436878821113e-07,4.145387216256285e-10,0.011755826877881157,4.725502636530872e-10,1.73861147465544e-05,0.0003859403458222835,2.7242766183082755e-06,7.456385886384018e-08,7.031968977211103e-05
28,1.8064854322045924e-06,0.00016968030656218884,5.0435114628004905e-06,1.3760454179444075e-07,0.00046884539693499764,3.0494011165630618e-05,4.20050849397034e-06,8.906392863667315e-06,0.004742901685967995,1.3868653964362807e-06,0.0001644466508487619,5.069017933675623e-07,9.346572911441327e-10,1.0882900653261034e-05,0.9802123703217476,2.9508607808619124e-06,4.708368112067145e-07,6.342502443201844e-10,0.01370033644533207,6.879989442309453e-10,2.343219346347934e-05,0.00038245360061124286,4.513246192911921e-06,1.306530485262552e-07,6.410036298863764e-05
29,1.8064854322045924e-06,0.00016968030656218884,5.0435114628004905e-06,1.3760454179444075e-07,0.00046884539693499764,3.0494011165630618e-05,4.20050849397034e-06,8.906392863667315e-06,0.004742901685967995,1.3868653964362807e-06,0.0001644466508487619,5.069017933675623e-07,9.346572911441327e-10,1.0882900653261034e-05,0.9802123703217476,2.9508607808619124e-06,4.708368112067145e-07,6.342502443201844e-10,0.01370033644533207,6.879989442309453e-10,2.343219346347934e-05,0.00038245360061124286,4.513246192911921e-06,1.306530485262552e-07,6.410036298863764e-05
30,1.8064854322045924e-06,0.00016968030656218884,5.0435114628004905e-06,1.3760454179444075e-07,0.00046884539693499764,3.0494011165630618e-05,4.20050849397034e-06,8.906392863667315e-06,0.004742901685967995,1.3868653964362807e-06,0.0001644466508487619,5.069017933675623e-07,9.346572911441327e-10,1.0882900653261034e-05,0.9802123703217476,2.9508607808619124e-06,4.708368112067145e-07,6.342502443201844e-10,0.01370033644533207,6.879989442309453e-10,2.343219346347934e-05,0.00038245360061124286,4.513246192911921e-06,1.306530485262552e-07,6.410036298863764e-05
31,3.2662817769101644e-06,0.000399932621689907,1.806197694585256e-05,3.699432421083221e-07,0.001771802816960937,2.5426405251903114e-05,5.663929685144107e-06,3.161893868390144e-05,0.00894141175385982,3.3667320422321e-06,0.00015285221497902837,1.1467730117692925e-06,3.5090514485109447e-09,2.5734356185829357e-05,0.9634973222395938,3.6683525189526717e-06,1.2955520893080744e-06,1.1725204603176512e-09,0.024331913253541646,1.1751292078880529e-09,3.993433764460434e-05,0.000618166581256673,5.522478487732863e-06,5.208180629314234e-07,0.00012099578578779374
32,1.694531292234727e-06,0.00015735446686049098,4.407093678003858e-06,1.2044514107382586e-07,0.0004039616211649696,2.810616976262619e-05,3.917542767446676e-06,8.865529093820611e-06,0.004901926522300624,1.351008421494614e-06,0.0001472617516717908,4.5734028298118513e-07,7.734517168635878e-10,9.733399824122237e-06,0.978014785944601,2.985044792642843e-06,4.345846015740694e-07,5.493652020915214e-10,0.015829031507586574,6.491066674290156e-10,2.3452760853681892e-05,0.00039343436713324336,3.919093343061195e-06,1.0770767502298477e-07,6.2689595227771e-05
33,3.651689836977065e-06,0.000636874173662857,4.042656969982289e-06,1.7527997289678776e-07,0.0019053387549358238,4.764793358816498e-05,3.901587078409348e-06,1.0548845973419204e-05,0.0011977499762572848,1.8148600304790283e-06,0.00022611345273163027,2.0562298761751485e-06,4.241053408209512e-09,5.3170657572378263e-05,0.9727740239933765,3.4261238801941627e-06,2.206057131945047e-06,2.6307735014390125e-09,0.019659071745048894,8.354989276889828e-10,2.9143706010138327e-05,0.0033876707633572404,1.7967577603303033e-05,2.243384117633388e-07,3.3171889367934155e-05
34,1.5973767887749922e-06,0.00029878041706951885,6.46962319395804e-06,6.238958725605485e-07,0.0047136934229988,5.3339754953824e-05,3.1283843321886612e-06,1.5013209859219612e-05,0.0003278507552582787,2.168562819796971e-06,0.00044417388762122887,3.473623299442044e-06,3.0203730755856738e-09,5.2366827066642975e-05,0.9877250089261463,4.678691329113577e-06,5.706354448520763e-06,3.789037142900827e-09,0.004833810351713565,9.87980286859723e-10,8.55434081771025e-05,0.001310089189124491,7.758328515840373e-05,5.659330414577759e-07,3.4326322336130934e-05
35,4.34398002399784e-06,0.00019320440143483483,7.964046790932894e-06,1.9629714677920088e-07,0.00030695687963968666,2.03070629057341e-05,4.840354814867964e-06,5.491310789665757e-05,0.03237538898129848,3.3228067069322103e-06,0.00011931212949422624,7.707972047571414e-07,9.058161279626432e-10,5.280918708330328e-06,0.9327401030066673,2.1224411729092315e-06,1.0189639631520114e-06,1.6180436499926202e-09,0.03287453392093421,1.2735043800540838e-09,5.3440366936175695e-05,0.0010170579264769466,1.6595954267955656e-06,2.7792669141116505e-07,0.000212980290300939
36,1.0852756259972447e-06,0.00016065587009798254,2.165279126255371e-06,1.0819824804828857e-07,0.0002420384780507632,0.00016005870913488485,7.307218478470486e-06,2.9473417636153416e-06,0.0033684655418333097,1.2632080813548698e-06,0.0005504621620018694,1.1215691296816885e-07,4.1088120863080515e-10,7.074833572121624e-06,0.9908558973035019,3.0131805484378673e-06,9.938518536877835e-08,1.5399900538680417e-09,0.004388107458568576,8.23316463981093e-10,2.0982969861156084e-05,0.0001951669079713651,7.072225551687487e-06,9.125646821021159e-08,2.5822265228210736e-05
37,9.027428314514192e-06,0.00024003094009256723,1.3807174064770769e-05,1.5137599287806356e-07,0.0005570235425972569,3.163335267092028e-05,9.116880211244414e-06,8.066336655728638e-06,0.0035670062029027,7.957087672516442e-07,0.0002582154109113892,1.733879713610397e-06,2.2802896799466386e-09,2.9736799257806387e-05,0.9822652370397772,4.0721964074326305e-06,9.04840856654336e-07,1.6436418349398025e-09,0.01221211070104225,1.0694228769209525e-09,2.4520541221213166e-05,0.0006807281888243736,7.3200857109075954e-06,2.8113314264986855e-07,7.847524751015005e-05
38,2.369432432568049e-06,6.65582319911171e-05,1.4991842756429675e-06,3.806762863523833e-08,8.528481117649204e-05,5.729817658244032e-05,7.010627242147899e-06,2.13734318830834e-06,0.0015211890503057518,6.022459405492333e-07,0.00018466335225964688,2.6858888253926185e-07,2.6303046809527963e-10,5.519686242593621e-06,0.9905371720730727,6.971841901679344e-06,1.5185927207275784e-07,5.798403164824181e-10,0.007193602863643477,6.241109477976847e-10,1.4163598384028888e-05,0.00027670574939085636,6.928245712988157e-06,4.7277499719589764e-08,2.981622599210147e-05
39,2.2431159193514945e-06,8.275245404528649e-05,8.563043095561996e-06,2.509031976790257e-07,0.0006177469970680376,4.966397724406987e-05,5.070454552510973e-06,2.5326890218442823e-05,0.006750604355171238,2.6864936316006576e-06,0.00019347443838853946,1.1730383136630375e-06,6.600189053183923e-10,1.1175194786127866e-05,0.9631844771011013,1.1566041303747051e-05,6.355716425494015e-07,7.834162516951046e-10,0.028440737522105176,1.974642718663449e-09,6.577135830121441e-05,0.00044901742757811903,5.7192340814235636e-06,1.1554255583016665e-07,9.122542762065118e-05
40,3.850482050744537e-06,0.00021025602240410185,5.453087255460576e-06,6.289180942649254e-08,0.0003130284228000958,3.749513491797711e-05,3.998547049554386e-06,3.977425902405342e-06,0.0032135694488539205,6.535633382634288e-07,0.00017030796815889555,1.0224978601554685e-06,6.71419190110411e-10,2.314305868992698e-05,0.9812908835243348,2.6322626235993794e-06,4.1644966853924003e-07,9.428375139988813e-10,0.013376008383160344,6.30407996597037e-10,2.067768724922794e-05,0.0012569862329759496,3.6529043986477094e-06,6.01508758793222e-08,6.186160895733488e-05
41,2.1218058950942655e-06,0.0001572079405826747,4.242272215922744e-06,1.3030432053556572e-07,0.0004067019230227754,2.8322769591021228e-05,4.4026515911733746e-06,9.286437307585228e-06,0.0035072570677619646,1.175066047580929e-06,0.00018387575213517647,6.42353228617609e-07,9.439274656759567e-10,1.0559578629260573e-05,0.9823313252979637,2.943733500617753e-06,6.229058003051571e-07,8.03527838478183e-10,0.012784281982953343,7.240550484447076e-10,2.5580183343350988e-05,0.00047692157741358363,5.733878362979377e-06,1.3770610648835424e-07,5.6524340715602185e-05
42,4.507717227792216e-06,0.0010216519841590853,6.513586780666757e-05,1.337233917631594e-06,0.005239591678577416,0.00017970786593962025,1.4963565791430289e-05,5.622223339020974e-06,0.01611132016502929,3.26055252803953e-06,0.000844887466693362,1.8167766200990283e-06,4.8991365264933826e-08,0.000126383417664928,0.9713316068887434,1.9156989607658404e-06,5.646861712615385e-07,4.873534573199911e-09,0.004682446652471707,2.088468257086438e-09,1.4468158363562528e-05,0.0001562706271950212,1.2216964335998443e-05,1.2014746748141148e-06,0.0001790663804207977
43,7.039837662128912e-07,0.00012106777983898643,1.5312960223682554e-06,1.3050157431618231e-07,0.0005945795800087969,5.94790212509251e-05,1.8574950216152007e-06,1.542273070932302e-05,0.004272732141198806,5.6937234628121225e-06,8.895893411650258e-05,2.4821274078532015e-07,2.2986070162538846e-10,5.494435279077026e-06,0.9672008646514161,6.887518974006068e-06,4.1432893272883566e-07,5.784547278529032e-10,0.026855402894709692,4.891155855202611e-10,6.493102625966894e-05,0.0006427132933518358,4.585573019820936e-06,6.540295341691873e-08,5.623417796139224e-05
44,1.8064854322045924e-06,0.00016968030656218884,5.0435114628004905e-06,1.3760454179444075e-07,0.00046884539693499764,3.0494011165630618e-05,4.20050849397034e-06,8.906392863667315e-06,0.004742901685967995,1.3868653964362807e-06,0.0001644466508487619,5.069017933675623e-07,9.346572911441327e-10,1.0882900653261034e-05,0.9802123703217476,2.9508607808619124e-06,4.708368112067145e-07,6.342502443201844e-10,0.01370033644533207,6.879989442309453e-10,2.343219346347934e-05,0.00038245360061124286,4.513246192911921e-06,1.306530485262552e-07,6.410036298863764e-05
45,1.7266770488122884e-06,0.0001833097388699984,4.466447021817132e-06,1.4094886571454216e-07,0.0004762625041618671,4.4443951231139377e-05,2.9526022269386257e-06,6.035413230735851e-06,0.0038075907544180224,1.4019811949329224e-06,0.00018104407808936098,5.512637114331684e-07,6.474371269601487e-10,1.3086774961213523e-05,0.9846474211620659,2.610762941760343e-06,5.081722209782132e-07,1.0685739139622944e-09,0.010031245952011705,5.977942659672164e-10,3.463439393703742e-05,0.0004775445380500152,4.754947572529715e-06,1.0391820907487032e-07,7.816070415363175e-05
46,2.365289469580742e-06,0.0001682482748669107,5.106595821931622e-06,1.4679393506013395e-07,0.000497756751534027,1.9727545799450367e-05,3.487701929561514e-06,1.2005624742760979e-05,0.0035142361476576357,1.1741257989283353e-06,0.00015697248041858224,7.655206939639686e-07,1.0834650046738826e-09,9.51985733493527e-06,0.9819949572281349,2.5312116486779824e-06,1.0381914601366442e-06,7.681164578678656e-10,0.013008528397512523,6.584175389726315e-10,2.760808160317122e-05,0.0004990375751257724,5.647851032193629e-06,1.936362840814195e-07,6.894260719626974e-05
47,1.464096167656392e-06,0.00018044210890843227,5.509809008409849e-06,1.6785938928307915e-07,0.0005695026961816904,3.194164011024601e-05,4.317539298912517e-06,9.533385668385679e-06,0.005516995211022924,1.5806414404127216e-06,0.00017396913119550067,4.3060391921974997e-07,1.0489889918461546e-09,1.1659540102922377e-05,0.9788256843328891,2.791808536384705e-06,4.1978345043055276e-07,5.773347959453308e-10,0.014259470448083275,6.975049742461445e-10,2.3038718474422862e-05,0.000312741266509962,4.416433645819428e-06,1.360299352327706e-07,6.378459223252855e-05
48,1.8642824336932857e-06,0.00016251968789048589,6.721002719908365e-06,1.5770529589604916e-07,0.0005261514612236306,4.294668660942967e-05,4.603913777550489e-06,7.922072884595514e-06,0.005796918424612871,1.4126442910922746e-06,0.0002126683313974626,5.650302824009704e-07,1.0002660277728174e-09,1.2416978906794682e-05,0.9810005788319435,3.1953032467060586e-06,3.843654897665479e-07,7.43351742455484e-10,0.011789328012003258,8.335820948584711e-10,2.377784138729422e-05,0.0003304420085351108,4.503811299701027e-06,1.3023420939652687e-07,7.078879235971835e-05
49,2.3786983875015316e-06,0.0001860808702144934,8.128596034280578e-06,1.810765910743472e-07,0.0007385040415284597,6.030133316167469e-05,4.565150661001112e-06,1.018767156152447e-05,0.0050083005092816935,1.5781738398599725e-06,0.0002990558922312777,1.3915846330533194e-06,1.4238999618837138e-09,1.947396334269322e-05,0.9781272376700001,4.032496627793528e-06,6.663159728229937e-07,1.3000490708883387e-09,0.014636794876832374,1.3526218485496848e-09,3.31346426615342e-05,0.0007868637177441131,6.46004205095275e-06,1.2178570595165797e-07,6.455681436498878e-05
50,1.794459133001392e-06,0.0001738733016088822,5.0132789158717585e-06,1.3891299763861889e-07,0.00047185844127088894,3.127784943389815e-05,4.447368514083407e-06,9.147457597238898e-06,0.005009288964716048,1.5099308522216038e-06,0.00015628500443417843,4.787159963946185e-07,9.443643848696992e-10,1.1314975313023495e-05,0.97881264799656,3.154780508537781e-06,4.4034926251301966e-07,6.092175996799452e-10,0.014828062083998563,6.96258629672892e-10,2.331309283415837e-05,0.0003868508759932258,4.414399691205879e-06,1.27597680940746e-07,6.45579128470767e-05
51,1.7914924070048503e-06,0.00016287040894477953,4.853619318308352e-06,1.3036496219363502e-07,0.0004499771893646795,2.9702293126254475e-05,4.033674841431169e-06,8.523651650127266e-06,0.004584894626674501,1.33922656641537e-06,0.00015694563258445256,4.891093140532664e-07,8.853161123109492e-10,1.0211997799248639e-05,0.9806910309831117,3.0002620760781125e-06,4.648888930575209e-07,5.963364118399466e-10,0.013433053310186068,6.619491922022958e-10,2.2464372285020774e-05,0.00036535536675277126,4.47494571505851e-06,1.2792711939631487e-07,6.426251270576496e-05
52,2.6303279212820827e-06,0.0001847463214025938,4.719245712338761e-06,1.4129112959059646e-07,0.00036165945530874076,9.626908289353968e-05,6.940553441095378e-06,5.7848413672139824e-06,0.005165178498904552,1.5269412485244837e-06,0.0003409134550916184,5.487889437168452e-07,1.1602343790519961e-09,1.3081897575091476e-05,0.9845057482842346,3.885660508718313e-06,3.3263619940460516e-07,1.8149778217725636e-09,0.008734120794603251,1.2202862175476535e-09,2.330077827734428e-05,0.0004837040088625004,7.230438134278866e-06,1.2975755344367653e-07,5.7402745188226545e-05
53,1.8128377111073535e-06,0.0001762147682848862,5.246928391358964e-06,1.4321311976834696e-07,0.000512826982939874,3.066579845372633e-05,4.049535060222831e-06,9.290956446816884e-06,0.004839036436790835,1.448664716166466e-06,0.00016354874686526065,5.374994515998044e-07,9.73797270393972e-10,1.1422000706178199e-05,0.9794419154695158,2.943049318503939e-06,4.94817484745386e-07,6.472123041491812e-10,0.014304164213495963,6.87220844646507e-10,2.4394981115564467e-05,0.00039957480112380036,4.4842039991535815e-06,1.3301972665878358e-07,6.564876705157236e-05
54,1.8571362219789977e-06,0.0001362572979439256,2.961837804177532e-06,5.4406201428007686e-08,0.00011931607187448519,2.983307892334324e-05,5.726485310470217e-06,2.3896217230336497e-06,0.004146636415774543,1.1591341716687857e-06,5.066243638562475e-05,2.1990829355671e-07,4.2883352868941133e-10,1.2175767821474186e-05,0.9853293255717538,4.4712862050197584e-06,1.0742419915828971e-07,2.2897894155416453e-10,0.009799651055587118,4.413237192072491e-10,1.0464799165464624e-05,0.0002490414012912897,2.4885285081781904e-06,4.2831341826457446e-08,9.515640436213012e-05
55,4.335565858744681e-06,0.000248110820646986,1.8369035488937316e-05,2.18757168472025e-07,0.0005402939806486929,3.440785791466654e-05,6.360399361736065e-06,1.2076156608282321e-05,0.02117418480783971,1.3299517651535472e-06,0.00027452329947196533,1.6414197227907707e-06,4.151917865611385e-09,1.4885798426400045e-05,0.9642585657861401,1.7586138546370262e-06,5.955340476497676e-07,1.3075435153316629e-09,0.012877013791489027,1.5185418236839095e-09,1.8761211436684057e-05,0.00036344205240200803,2.504929207237447e-06,2.5956099072256624e-07,0.00014635369150635264
56,1.991697783465454e-06,0.0002054919937423903,5.873239922115401e-06,1.6185121545940602e-07,0.0005381525915877029,3.230087425288418e-05,4.760051760615121e-06,9.720853395473393e-06,0.005233998932145017,1.5138657528246637e-06,0.0001884374862408081,5.760682151464229e-07,1.3442357605364052e-09,1.2709990508899187e-05,0.9789633376622802,2.896227957733306e-06,5.332842821915677e-07,7.518884238491013e-10,0.014302931540370493,8.177033272331076e-10,2.3477564658419986e-05,0.00040014819327822027,4.831495731884757e-06,1.5685629290903874e-07,6.599476479764491e-05
57,2.1251350605268663e-06,0.00024267602217449617,1.3862898565152517e-05,2.560413131863173e-07,0.0016164502487092123,2.6646145895488286e-05,2.7397483307512187e-06,2.713906546605645e-05,0.009994039078994618,3.4925887136116843e-06,0.00013539985253776136,2.384030818910163e-06,2.142082500735796e-09,2.2371169616133032e-05,0.9403706538930956,4.764359576740717e-06,1.4511368994947794e-06,6.943591897204051e-10,0.04635139338854948,1.1495488309671404e-09,5.4946560927524724e-05,0.0010084604069314055,3.2968927312768063e-06,1.5068629241928422e-07,0.00011529666280955107
58,2.0435928119934113e-06,0.00018801512340171697,5.525787020065332e-06,1.404608789352318e-07,0.00048616857135086054,2.473253694395418e-05,4.41565790637701e-06,1.0056725807383843e-05,0.004341249639575577,1.3589156216399815e-06,0.00016607652317513077,5.385202668493786e-07,1.0914617739626541e-09,1.0038197456652994e-05,0.9819249446326496,2.657120923539354e-06,6.384768724742991e-07,7.210812369012526e-10,0.012343807752838434,6.579115441677124e-10,2.413276546326812e-05,0.0003923896141090156,5.0344972227917845e-06,1.928738503867015e-07,6.583954339882979e-05
59,2.326036102529571e-06,0.0001827070169731834,7.277422005687109e-06,1.539875837393221e-07,0.0005168387356167023,2.5162961075839288e-05,4.92402337065465e-06,1.128952468755858e-05,0.004737001116151358,1.3838016520411769e-06,0.00018273841146222952,6.090039825722756e-07,1.1544428972698061e-09,9.990833660970745e-06,0.9824745262148167,2.8783267690959973e-06,7.041717783629571e-07,8.492130427419086e-10,0.011355653934709043,7.551137608341165e-10,2.6653838019331063e-05,0.0003775735410310543,5.28335907763425e-06,2.510053960643569e-07,7.40699753076444e-05
60,1.8064854322045924e-06,0.00016968030656218884,5.0435114628004905e-06,1.3760454179444075e-07,0.00046884539693499764,3.0494011165630618e-05,4.20050849397034e-06,8.906392863667315e-06,0.004742901685967995,1.3868653964362807e-06,0.0001644466508487619,5.069017933675623e-07,9.346572911441327e-10,1.0882900653261034e-05,0.9802123703217476,2.9508607808619124e-06,4.708368112067145e-07,6.342502443201844e-10,0.01370033644533207,6.879989442309453e-10,2.343219346347934e-05,0.00038245360061124286,4.513246192911921e-06,1.306530485262552e-07,6.410036298863764e-05
61,2.163955894411875e-06,0.00018881517390239777,7.795134792210814e-06,1.5315738425706202e-07,0.0005495343746357512,2.6574087326190038e-05,4.624076033306675e-06,1.039172033444194e-05,0.005163187321289809,1.3433535488215434e-06,0.00019025315194349068,6.553787444834923e-07,1.1940482121782959e-09,1.1288038053887504e-05,0.9809971619083674,2.8185137313802222e-06,6.3337031926213e-07,7.642631762742995e-10,0.012357742490252371,7.807765093769582e-10,2.5802566205597278e-05,0.00038099853052406697,4.635675281059294e-06,2.043740096301936e-07,7.32209083378776e-05
62,1.8064854322045924e-06,0.00016968030656218884,5.0435114628004905e-06,1.3760454179444075e-07,0.00046884539693499764,3.0494011165630618e-05,4.20050849397034e-06,8.906392863667315e-06,0.004742901685967995,1.3868653964362807e-06,0.0001644466508487619,5.069017933675623e-07,9.346572911441327e-10,1.0882900653261034e-05,0.9802123703217476,2.9508607808619124e-06,4.708368112067145e-07,6.342502443201844e-10,0.01370033644533207,6.879989442309453e-10,2.343219346347934e-05,0.00038245360061124286,4.513246192911921e-06,1.306530485262552e-07,6.410036298863764e-05
63,1.760259923645225e-06,0.00018684590348572102,4.490451480353329e-06,1.2067343968832202e-07,0.00040295789190100895,2.7497404655811295e-05,4.008406597069443e-06,8.00351623479403e-06,0.004646745148873334,1.2609974482165386e-06,0.00016037675071254315,4.31753353832021e-07,9.105807847865413e-10,9.663922251816117e-06,0.9815055550472713,2.4266545850448715e-06,4.548368260179993e-07,6.217660839937721e-10,0.012575221524235628,6.230081808956845e-10,2.1241806657964223e-05,0.00037489258656513987,4.060461501810212e-06,1.3128270002315811e-07,6.18505639442084e-05
64,1.6041830401501649e-06,0.000147777721464221,4.21545026749701e-06,1.2719665404797993e-07,0.0004186652947186259,2.5402710835816507e-05,3.4191768694407295e-06,9.700531514966006e-06,0.003839932560924556,1.3766027668820463e-06,0.00016184282214139287,5.00938722428099e-07,6.260590154067087e-10,8.390821307279513e-06,0.981010407150409,2.869097994622582e-06,5.478998045485842e-07,6.46875212925571e-10,0.013880534803596134,5.925622764206606e-10,3.373889903605114e-05,0.00038249739545549136,4.1282158694249475e-06,1.253220774033453e-07,6.219333903326357e-05
65,1.8174188964075777e-06,0.00016966516968804708,5.1741132137978285e-06,1.4664007756522568e-07,0.000516652149546021,3.4305119408173613e-05,4.140777119889199e-06,8.936292776492495e-06,0.00457881973031934,1.482982547187342e-06,0.0001723434884176543,5.615365425508808e-07,9.511547061403832e-10,1.1925217485236157e-05,0.9799873481989989,3.2179930079255144e-06,4.868437657964548e-07,6.954113823525071e-10,0.014000715350632065,7.23734501548396e-10,2.564723048040235e-05,0.00040655945465418075,4.8519180293170454e-06,1.2768443128407433e-07,6.507231966103091e-05
66,2.1415518223804333e-06,0.00025404243126730074,1.7857328304405524e-05,5.306372450371647e-07,0.001503118987478744,0.00016221468008908093,1.3954191586071152e-05,3.337169796978978e-05,0.045893089819229405,1.5983772296559893e-05,0.00016700094863330577,1.059840014038497e-06,4.843105594176993e-09,4.659154207549852e-05,0.8246689799340464,2.847265796471782e-05,2.1467421084674257e-07,5.8051218902514e-10,0.12649129449205965,5.3952783532706985e-09,3.8689199922690065e-05,0.0005455292788420679,3.158668873757956e-06,7.659609329457273e-08,0.00011261625107885953
67,2.172067624703588e-06,0.00012888255786494042,5.50168946307926e-06,1.399489051484987e-07,0.0003593022480758634,5.2273785032535166e-05,5.993870471987764e-06,4.174411412979838e-06,0.002288093025729505,9.042078304323636e-07,0.00022809212191627257,7.111937073775782e-07,1.0916933034219554e-09,1.6839153252914237e-05,0.9891317922401861,5.043747880868287e-06,3.978485454676534e-07,8.452343006845018e-10,0.0073780918336747965,1.0991864583638495e-09,1.860548152459633e-05,0.0003018563647358488,9.5159339238811e-06,1.0632949613104429e-07,6.150690263052614e-05
68,1.9904081748212063e-06,0.00014301386845103273,3.89212498670833e-06,1.1538947023708612e-07,0.00034011641538536836,3.449781114519521e-05,3.89553687154664e-06,7.032380142311924e-06,0.003438496432937146,1.0805415740841164e-06,0.00019331259224957158,5.347081174232765e-07,7.388373300491414e-10,8.471681331079458e-06,0.9859945503028172,2.7698597539616585e-06,5.174729909660118e-07,8.642820621485952e-10,0.009337283928937415,6.873738763033621e-10,2.421248394499018e-05,0.0003989096566490596,5.537869390766923e-06,1.284203713706081e-07,5.96378238145111e-05
69,1.939162832136748e-06,0.00015840316561028232,7.711850431611576e-06,1.7170093083076223e-07,0.0004173925496422976,2.1254630565650324e-05,4.905388664821558e-06,1.1896665352769202e-05,0.006465646074116711,1.493391167816503e-06,0.00013821864393136638,4.662350729841727e-07,1.087026257905407e-09,8.758956824083108e-06,0.9793612142006942,3.2552117368982234e-06,5.290920463444261e-07,5.415543565143754e-10,0.013039308111606418,8.6459077054673e-10,2.4365324886443785e-05,0.0002326075551093372,3.84047314937628e-06,2.0537380431417386e-07,9.641374865194923e-05
70,1.5779466959557685e-06,0.00015827721155573592,3.920834622589532e-06,1.2230859993908384e-07,0.00041991154704762175,2.5544790432300025e-05,3.739091949988197e-06,9.732415741317226e-06,0.004512608849076489,1.3464124277742953e-06,0.00015282906400550407,4.0979135762707794e-07,7.784534909873995e-10,7.996501719689363e-06,0.9801986626518359,2.5949909236614264e-06,4.797531638749193e-07,5.642709675218018e-10,0.014055761653935957,5.813086735423529e-10,2.3165849401080558e-05,0.00036045959397751755,4.222813903295183e-06,1.3198578872739934e-07,5.6502017804523015e-05
