,0,1,2,3,4,5,6,7,8,9,10,11,12,13,14,15,16,17,18,19,20,21,22,23,24
0,7.655250864695495e-05,0.006669650478138373,2.431271735470163e-06,4.239217389300021e-05,0.00035351966590178933,0.00010865012484741305,6.761596405451376e-07,0.00017088580974029634,0.09070322249468725,0.00012825817829695667,0.028558852017349163,1.9193789563573716e-05,1.9955138153961958e-10,3.332046987240906e-05,0.8687934610071545,2.171104256162074e-06,2.711378102558309e-06,3.222916695865383e-05,0.0003300177154265478,1.5319132921874302e-08,1.2302467657482665e-05,0.001027708869854526,0.00048074399966498615,2.844346720087207e-08,0.0024510051864600254
1,8.749260025342803e-05,0.008246087877511377,3.8438539679795124e-06,3.3300048960725586e-05,0.0005254913544140411,0.00010879055869374195,5.97629025531148e-07,0.00015006044443910936,0.10939774178093131,0.00014246952401090335,0.029080271262300218,1.730546471586359e-05,1.8480457659636385e-10,3.077310562601733e-05,0.8476692849496703,2.1711524623930146e-06,2.5846962911397645e-06,2.072274263005463e-05,0.0005135946082821053,1.2462922620314365e-08,1.1484049126343525e-05,0.0010646457855264765,0.00036074466497734107,2.5298179173767334e-08,0.0025305039002774354
2,2.952935184797798e-05,0.0045195291571403775,1.2717185441122702e-06,1.1111495664269104e-05,0.0002441065100993096,2.7353071236572716e-05,1.9457566051237332e-07,6.653826500215632e-05,0.03974524046519906,5.716089124334083e-05,0.026026385174568116,1.0011014138035057e-05,5.723463834054296e-11,2.859375886759345e-05,0.9264102910892387,3.8367449034752685e-07,8.549676281894812e-07,1.072552564973728e-05,0.00010709321691428952,8.563619527615704e-09,5.4821989896127905e-06,0.00035924488837782296,0.00022064294924842,8.39958666293247e-09,0.00211823901981071
3,5.496301045202724e-05,0.007695353134564338,1.9245972570988825e-06,2.5677036065436202e-05,0.0003203787653765906,8.305372058727834e-05,5.362180616996936e-07,9.94667671094289e-05,0.05324292407034213,8.298736764642381e-05,0.02423229365005438,1.867050646009402e-05,1.1556136098341498e-10,4.0821856451520476e-05,0.9094956069447864,1.3119688936176317e-06,2.251497376862218e-06,2.4702145495151437e-05,0.0002788384928956668,1.0498379632275095e-08,1.0707750493075018e-05,0.0010080627879404858,0.0003657702173613783,2.4653803298293294e-08,0.0029136622265845875
4,6.324151949197158e-05,0.007890121668459205,2.143875878511924e-06,2.7787341110864283e-05,0.00034674501569290306,8.766047061765559e-05,5.8718812538002e-07,0.00010897084101565762,0.051290681851105975,9.014931836109872e-05,0.025261662915379273,1.9870044592217866e-05,1.525843782577128e-10,4.847244471746241e-05,0.9100956100878611,1.5277176604812076e-06,2.4742067700495973e-06,2.867398694241618e-05,0.0003249396301517011,1.239417698744976e-08,1.106609568408115e-05,0.0009878535405435328,0.00038270527925626736,2.988886434546932e-08,0.0029270125249565002
5,5.2890914649188226e-05,0.008455336782564736,1.4407130731978645e-06,3.1814213164062096e-05,0.0002730055237507315,9.326208422682211e-05,4.827379532160375e-07,0.00010025817323207544,0.04836719105204535,7.313123361099012e-05,0.024069748834719806,1.6563907814481175e-05,1.2177136564024624e-10,3.931917766679156e-05,0.9141251400973345,1.4013433215809536e-06,2.0938225357268947e-06,3.592247211974327e-05,0.00027897968174931266,1.1228445214195939e-08,1.010090948087311e-05,0.0010231833431558202,0.00038316120015271057,2.3926717203991248e-08,0.00256553650474442
6,5.496301045202724e-05,0.007695353134564338,1.9245972570988825e-06,2.5677036065436202e-05,0.0003203787653765906,8.305372058727834e-05,5.362180616996936e-07,9.94667671094289e-05,0.05324292407034213,8.298736764642381e-05,0.02423229365005438,1.867050646009402e-05,1.1556136098341498e-10,4.0821856451520476e-05,0.9094956069447864,1.3119688936176317e-06,2.251497376862218e-06,2.4702145495151437e-05,0.0002788384928956668,1.0498379632275095e-08,1.0707750493075018e-05,0.0010080627879404858,0.0003657702173613783,2.4653803298293294e-08,0.0029136622265845875
7,0.0003108243326711649,0.008090153823714981,8.471124877361624e-06,5.4515275392403356e-05,0.0007244760264989679,5.4057385665139175e-05,1.1688991845819112e-06,0.00037381996474996113,0.09405079174682286,0.0003478328637545658,0.06718205037126153,2.3763075313671003e-05,6.317223146575866e-10,5.91079490566962e-05,0.8224524965149425,2.0817411483322212e-06,4.990932680647436e-06,1.7899405301101016e-05,0.0007500364878708932,2.427676103576321e-08,6.465698828413158e-06,0.0014311743915472004,0.0002318097106310044,4.4685417705699356e-08,0.0038219426841850208
8,9.070098821783148e-05,0.0061682711723125725,3.8106614910560253e-06,2.3532446495265793e-05,0.00036936600503697164,5.8271581076443755e-05,7.29651655148964e-07,0.00010480100166181813,0.05040899806842102,0.00015190881341121276,0.027516722101475356,2.412856761642284e-05,1.7111289867613304e-10,7.092550227528797e-05,0.9085348275508237,1.1230792789394585e-06,3.2797793973747312e-06,1.5398836648353513e-05,0.00026118527831255403,1.4469609749169428e-08,1.3961156131652028e-05,0.0008383784384966639,0.000559814549220631,4.988719447601373e-08,0.004779800242626771
9,5.322447160750881e-05,0.010321877366158631,2.0580727150678703e-06,3.722642058748417e-05,0.0004503800930371049,0.00016969922605285416,7.692307323045919e-07,0.00014068777054565987,0.07296913372241182,7.139228204753299e-05,0.02414878660822533,2.277627354881975e-05,1.5986059564992953e-10,3.2886487480632795e-05,0.8869071368960264,2.8647489158306627e-06,2.747610041667652e-06,4.7566887676665475e-05,0.0004722905841590171,1.2460904761243463e-08,1.290007471037221e-05,0.0016287942633782877,0.00030409974882266284,2.3683260426885535e-08,0.0022006648570924597
10,5.496301045202724e-05,0.007695353134564338,1.9245972570988825e-06,2.5677036065436202e-05,0.0003203787653765906,8.305372058727834e-05,5.362180616996936e-07,9.94667671094289e-05,0.05324292407034213,8.298736764642381e-05,0.02423229365005438,1.867050646009402e-05,1.1556136098341498e-10,4.0821856451520476e-05,0.9094956069447864,1.3119688936176317e-06,2.251497376862218e-06,2.4702145495151437e-05,0.0002788384928956668,1.0498379632275095e-08,1.0707750493075018e-05,0.0010080627879404858,0.0003657702173613783,2.4653803298293294e-08,0.0029136622265845875
11,6.759394007425725e-05,0.00762228198209358,2.242230594219012e-06,2.8360440156183602e-05,0.0003377490751099451,8.925894908644087e-05,6.408306261193973e-07,0.0001294927628548772,0.057875108726383455,0.00010123545571467546,0.0253806177013719,2.1045750160311e-05,1.664623780097122e-10,4.3371771968382036e-05,0.9035695079709346,1.5925738360991642e-06,2.6872699915355643e-06,2.7815257665796987e-05,0.00033034106283874907,1.2387623885147137e-08,1.0876388125652949e-05,0.00108951333290689,0.00037479899404040985,3.127135848265353e-08,0.0028938237080214342
12,5.9013779480601625e-05,0.0077648400511534455,2.081874497570833e-06,2.676901772853906e-05,0.0002314714726065125,7.269272525652487e-05,4.6040295251446535e-07,0.00014513880420129186,0.054800334204262294,9.401888361700507e-05,0.02422778923258076,1.8072413361038496e-05,1.2619588445540136e-10,2.7050756410579517e-05,0.9084668611922967,1.3322815740349075e-06,2.191594279866403e-06,1.9555006704099435e-05,0.00031011460748159097,8.61952719964214e-09,8.572383436993694e-06,0.0012389109856938264,0.0002499520076545865,2.1306506141727804e-08,0.002232746270540392
13,7.637887298306417e-05,0.023050821292687658,2.6360379696019196e-06,4.326441915389181e-05,0.0006225513854973679,0.0004435805840888512,1.191629111019744e-06,0.00012962041071676338,0.11811870161422951,0.000124998935634554,0.012678420547053298,2.0308277494920616e-05,1.802344256490435e-10,3.0800211802056386e-05,0.8346479317239678,3.3118448405155413e-06,5.65843874012502e-06,4.8877413400169884e-05,0.00111927240743741,1.0889272409745222e-08,1.9931119587881802e-05,0.0031776573887725046,0.0006111979402637665,7.628807541077453e-08,0.005022800146984891
14,3.553046890331109e-05,0.01595281612768558,1.8538455738155004e-06,2.7943018669085626e-05,0.0004153474490090556,8.793448509512449e-05,2.2626928447186808e-07,6.393469593335218e-05,0.043403580973223,4.898058258485549e-05,0.028249791306072046,8.509234703383022e-06,1.056978755414462e-10,2.631697212639338e-05,0.9084265136372414,1.1748704270189004e-06,1.2220078578575393e-06,3.0328204932796964e-05,0.00041920564923341255,1.091197086816939e-08,7.671020562565505e-06,0.0008074765509312649,0.00024228600014546513,1.1767228843714845e-08,0.0017413338449073345
15,5.496301045202724e-05,0.007695353134564338,1.9245972570988825e-06,2.5677036065436202e-05,0.0003203787653765906,8.305372058727834e-05,5.362180616996936e-07,9.94667671094289e-05,0.05324292407034213,8.298736764642381e-05,0.02423229365005438,1.867050646009402e-05,1.1556136098341498e-10,4.0821856451520476e-05,0.9094956069447864,1.3119688936176317e-06,2.251497376862218e-06,2.4702145495151437e-05,0.0002788384928956668,1.0498379632275095e-08,1.0707750493075018e-05,0.0010080627879404858,0.0003657702173613783,2.4653803298293294e-08,0.0029136622265845875
16,4.317417224460935e-05,0.0033783776989508717,2.291735289214558e-06,2.7661921164604046e-05,0.0002233534570575335,6.911046633087126e-05,6.071972381589963e-07,9.692230401652034e-05,0.020571439989874558,5.651809032315249e-05,0.029069808817253948,3.2831346322792965e-05,1.729357095473109e-10,7.18651831972361e-05,0.9438340602420974,2.6690781428609668e-06,2.0278175754728394e-06,4.914426599818346e-05,0.00018178760493536462,1.7800880805954225e-08,2.1678469202329308e-05,0.000635692947055155,0.00038217670118123994,2.6979914450658714e-08,0.0012467555408172432
17,0.00011323054336174576,0.006133650394960533,2.920712903871221e-06,3.622512594431599e-05,0.0004970620826778714,5.112616725183988e-05,1.3893212908918193e-06,0.0001258363591589072,0.05770564348822626,8.797890394210563e-05,0.04216325198258187,4.463985063357415e-05,1.6575405131904048e-10,0.00011273122324497282,0.8848752382954831,1.4081920103848123e-06,3.908048149418642e-06,2.1476059284604683e-05,0.00017123540981993482,1.5232459766192475e-08,1.3632956336339463e-05,0.001275013707750322,0.0004657948916910684,3.320000367940061e-08,0.006096557685078756
18,0.00012435102660703808,0.013118572409229937,1.6574385940864103e-06,2.3579123239394607e-05,0.00046864194140885956,6.589774703160581e-05,1.0114255108241459e-06,7.335576252886964e-05,0.06405080543363227,9.299404938402058e-05,0.030387575767597555,1.7422938345620714e-05,9.229580543635474e-11,7.45836928333466e-05,0.8752286297976382,6.875508060530132e-07,8.19753286990599e-06,2.6202303254449625e-05,0.0003796271886596333,9.748809600041922e-09,9.934757241508339e-06,0.002130372817759752,0.0005590336985910727,4.37692108272253e-08,0.013156811986919781
19,0.00010371722590928073,0.006789539905296029,4.873542393766758e-06,4.522417774152969e-05,0.0005434535132172441,0.0001624976565918475,1.6473974732179197e-06,0.00027219115971477035,0.10643617967133753,0.0002994041704388694,0.03063497415756878,4.6288385487634816e-05,3.562523609432113e-10,4.1475024793859144e-05,0.8474226115266589,2.6675990369295987e-06,5.003032882185729e-06,2.362578397856051e-05,0.00041999402586070597,2.138939614627748e-08,1.4863116444285151e-05,0.00216207195915408,0.00041995822523636955,5.881718317894972e-08,0.004147658179952183
20,1.2005989990377583e-05,0.006424370211004729,6.252419156590284e-07,1.1348845200053033e-05,5.965578792484618e-05,3.945870372975444e-05,1.235512803805878e-07,6.971520456162077e-05,0.0185883607485083,2.4883558503020513e-05,0.011819243174527908,1.3565164776176571e-05,3.308483536452383e-11,1.246841023914004e-05,0.960890862258363,5.126868385599216e-07,6.472528593576853e-07,1.3377165790391517e-05,8.968080025581631e-05,3.4430483950072296e-09,6.573073058518767e-06,0.0008545789309381219,0.00012504820694053494,6.950311643442779e-09,0.0009428846063487361
21,4.798891031157164e-05,0.004771076626079561,1.66055745782387e-06,2.9585489443632164e-05,0.00021718797113477183,4.15200750620956e-05,3.020566037285841e-07,7.023423157952359e-05,0.031070480122266708,4.764987951919297e-05,0.036000469603997096,1.837983096468084e-05,8.790927260850102e-11,5.63405247698705e-05,0.9249634652168542,1.2308672657268511e-06,1.0384650412593194e-06,2.259651354641774e-05,0.0001426829324732486,1.0914401226591387e-08,9.367490963009953e-06,0.0004946341539821321,0.00030012989683845804,1.1104751592904755e-08,0.0016919564767829025
22,7.015595381109075e-05,0.004792534962518091,2.6505187601976837e-06,3.922368696219856e-05,0.000338456508256137,6.361759370398253e-05,5.904571049492042e-07,0.00010889799632397383,0.04619834230471593,0.00012625444926672057,0.05222958808623257,2.0126194311636514e-05,1.6519899478112116e-10,4.7865799405267e-05,0.8917462636274736,1.68711165972166e-06,3.744969404162775e-06,3.789525948498557e-05,0.0002492228564285,1.988379293664982e-08,1.4378562791163378e-05,0.00101981689697464,0.00043461025846479074,2.1395469067949745e-08,0.0024540345014845196
23,5.496301045202724e-05,0.007695353134564338,1.9245972570988825e-06,2.5677036065436202e-05,0.0003203787653765906,8.305372058727834e-05,5.362180616996936e-07,9.94667671094289e-05,0.05324292407034213,8.298736764642381e-05,0.02423229365005438,1.867050646009402e-05,1.1556136098341498e-10,4.0821856451520476e-05,0.9094956069447864,1.3119688936176317e-06,2.251497376862218e-06,2.4702145495151437e-05,0.0002788384928956668,1.0498379632275095e-08,1.0707750493075018e-05,0.0010080627879404858,0.0003657702173613783,2.4653803298293294e-08,0.0029136622265845875
24,6.848092282965947e-05,0.010498589753190839,2.012353429822178e-06,4.1173167460057364e-05,0.0004562760425105479,8.47520110128408e-05,5.188286874293688e-07,9.483842503495447e-05,0.05305339044957137,8.385355147961282e-05,0.03447709347850478,2.104971127179025e-05,1.419645882427004e-10,5.805779844213989e-05,0.8956478477112999,1.3576485504939495e-06,2.1489206672793574e-06,2.9526159812723894e-05,0.00029340608352569343,1.3892067953904849e-08,9.368950817516403e-06,0.001111468417313053,0.00034908036812592025,2.1325977234638103e-08,0.003615673886451773
25,0.00010096145351861672,0.0025461829219930988,2.581052848568434e-06,3.075268607150914e-05,0.00030284700612978187,2.291445438187655e-05,7.997092099108588e-07,0.00019540981405306846,0.04018214797563538,0.00012166181345041481,0.07054594485828927,2.9565005783988545e-05,2.2983721931898373e-10,7.396295040023856e-05,0.8823851500674662,1.0202454818123742e-06,2.261941098353468e-06,1.8947573009123837e-05,0.00010976901467054127,2.0375660999057985e-08,6.627739001806642e-06,0.0005885222620742801,0.00025177446477698244,1.7277883576036e-08,0.0024801571072732096
26,0.00011436396472536802,0.009298281764214692,2.2505147775438235e-06,3.191754891625458e-05,0.0005245876319285905,0.0001624006257616117,9.331759234911301e-07,0.00013803477098729328,0.14182344560454418,0.00016550716283031993,0.02159929405772878,1.2562854054308773e-05,2.1893669479920168e-10,3.5968624987324384e-05,0.8185474478137189,1.7898674942033085e-06,5.292210650696018e-06,4.78880217861822e-05,0.0005767628268419592,1.6375710305837687e-08,1.4087080396504538e-05,0.0011103726872730975,0.0009889437428059077,6.27961502066639e-08,0.0047977880568555505
27,3.777543724717245e-05,0.010185961885753715,1.044751845504303e-06,2.1378586861245517e-05,0.00019519986858694327,6.573047305331575e-05,3.208458723446254e-07,9.05693412583082e-05,0.058401608662747434,5.690707975267233e-05,0.019518628952888913,1.3423056249691396e-05,5.613919430131443e-11,2.1701634988197726e-05,0.9067568256240571,7.27761069296699e-07,1.3977682474532572e-06,1.4703715298759771e-05,0.00021358039673653528,5.147508703275173e-09,5.4803866552431345e-06,0.001226408846415484,0.00021978267165807813,1.2297405384338362e-08,0.00295082475170317
28,5.496301045202724e-05,0.007695353134564338,1.9245972570988825e-06,2.5677036065436202e-05,0.0003203787653765906,8.305372058727834e-05,5.362180616996936e-07,9.94667671094289e-05,0.05324292407034213,8.298736764642381e-05,0.02423229365005438,1.867050646009402e-05,1.1556136098341498e-10,4.0821856451520476e-05,0.9094956069447864,1.3119688936176317e-06,2.251497376862218e-06,2.4702145495151437e-05,0.0002788384928956668,1.0498379632275095e-08,1.0707750493075018e-05,0.0010080627879404858,0.0003657702173613783,2.4653803298293294e-08,0.0029136622265845875
29,5.496301045202724e-05,0.007695353134564338,1.9245972570988825e-06,2.5677036065436202e-05,0.0003203787653765906,8.305372058727834e-05,5.362180616996936e-07,9.94667671094289e-05,0.05324292407034213,8.298736764642381e-05,0.02423229365005438,1.867050646009402e-05,1.1556136098341498e-10,4.0821856451520476e-05,0.9094956069447864,1.3119688936176317e-06,2.251497376862218e-06,2.4702145495151437e-05,0.0002788384928956668,1.0498379632275095e-08,1.0707750493075018e-05,0.0010080627879404858,0.0003657702173613783,2.4653803298293294e-08,0.0029136622265845875
30,5.496301045202724e-05,0.007695353134564338,1.9245972570988825e-06,2.5677036065436202e-05,0.0003203787653765906,8.305372058727834e-05,5.362180616996936e-07,9.94667671094289e-05,0.05324292407034213,8.298736764642381e-05,0.02423229365005438,1.867050646009402e-05,1.1556136098341498e-10,4.0821856451520476e-05,0.9094956069447864,1.3119688936176317e-06,2.251497376862218e-06,2.4702145495151437e-05,0.0002788384928956668,1.0498379632275095e-08,1.0707750493075018e-05,0.0010080627879404858,0.0003657702173613783,2.4653803298293294e-08,0.0029136622265845875
31,9.509414435177228e-05,0.007360353591022592,3.701015361600006e-06,2.4469853816870106e-05,0.00023542375623999338,4.679670391785583e-05,4.303323610836118e-07,0.0002953177542826297,0.04776646535943529,7.984004313041169e-05,0.02387245760780418,2.131764025276616e-05,2.9910267266098744e-10,3.22384542665799e-05,0.9170712534719178,1.8913625480200824e-06,2.6307277011055133e-06,2.483020595375314e-05,0.000405861017740133,1.207911837646658e-08,1.0319215371678901e-05,0.0009229324078998441,0.00021600469701246093,3.0256314811146336e-08,0.0015103280030756977
32,6.329885544138026e-05,0.009521576680960497,2.1147657404293693e-06,2.706862304947042e-05,0.0003422591774328306,9.227357071550785e-05,5.047904844882963e-07,0.00010572738498220216,0.0548735981655881,8.410536390313103e-05,0.02352732320215289,1.7405850789560852e-05,1.377997185711909e-10,4.0563951710124457e-05,0.9065580988307489,1.4981206869789435e-06,2.506021294193062e-06,2.8443252261109478e-05,0.0003870254092796134,1.0655157092249618e-08,1.0713535337283935e-05,0.001099954605166866,0.0003598752359820251,2.801391845093051e-08,0.0028540257994170465
33,0.0003533350077662402,0.07076635907448643,7.685979383736084e-06,0.0001322893362447383,0.0008097587831921115,0.0010402910371293027,4.274831549337376e-06,0.0005451805862843842,0.06688694208641388,0.0002198549041796217,0.011961070775275685,7.635310074656782e-05,2.336207412974241e-09,0.00010627501951621072,0.8113842978980011,2.712375032216051e-05,4.561380120627447e-05,0.00032613367414831957,0.010505768715712712,2.612461474456913e-08,3.683545746488879e-05,0.018160786974678815,0.0006538880606650501,9.54117082246899e-07,0.005948898567728172
34,2.5938556748407943e-06,0.006319461362502631,5.917797056729961e-07,1.418809397055232e-05,8.969365581592457e-05,0.0004489163468403531,9.386364727961958e-07,5.2418516214102746e-05,0.030070849763908346,5.6392802913275056e-05,0.00459288921364096,4.6931162997720134e-05,3.048537370224401e-11,1.1414061849901817e-05,0.9521232304457513,1.145602172632956e-06,1.6366650858235255e-06,2.2097750133895987e-05,5.3090371129389876e-05,7.295823391590699e-09,3.130568797188999e-05,0.002496098001270667,0.0006669241311227089,3.655362969914974e-08,0.002897148212916071
35,0.0001259622794365712,0.017195952027738444,1.3151162762023954e-06,3.477072586813641e-05,0.00019657111256583075,5.053927486541291e-05,2.854674648873965e-07,0.0004741299062258908,0.22644230041371646,6.646927820442174e-05,0.02067785297552309,8.833475874612214e-06,1.0692976092023144e-10,6.140427012556224e-06,0.7296422934427559,9.217646009604492e-07,1.7994995276915981e-06,1.156385901776631e-05,0.0004956648336875674,3.2110206137735198e-09,2.1949695368458032e-06,0.0023647751436784025,8.623811746576458e-05,7.47584109553372e-09,0.002113415095165255
36,5.242515040733723e-05,0.01145899047743035,3.4100711124211554e-06,2.3808246456697928e-05,0.0008040046323187429,0.00014206947486467835,2.2941441641285735e-07,4.0762421999347874e-05,0.08303960743443811,0.00013317616267870442,0.02094462885882866,4.053382289200711e-06,1.077826949059855e-10,2.9805083093857448e-05,0.8791810345504695,1.0529402487299406e-06,1.073860868685935e-06,1.84017381001701e-05,0.0005225454831801981,1.4401923708171364e-08,1.444936457430062e-05,0.00027601148546900874,0.0008260862814568004,2.6342335247802813e-08,0.002482332633256396
37,0.00014634493393120952,0.006348590249863514,3.5599929329791735e-06,3.0869519209283686e-05,0.000546933497374273,8.374055820976615e-05,1.5324759799619736e-06,7.130490051540024e-05,0.02884761622825631,9.225080277603142e-05,0.029460018344031193,3.5642911365538085e-05,2.607921438663557e-10,0.0002494141751829821,0.9265772612569126,2.7026662076970026e-06,5.503652808802823e-06,5.3840780040069707e-05,0.0004126417121774752,2.008105086310509e-08,2.6597147167735368e-05,0.0008594067207686604,0.0009111151291562153,1.068147844781024e-07,0.005232985188504792
38,3.170713474203039e-05,0.006045351598196361,1.5639735684592185e-06,2.2997602054036206e-05,0.00019233007953199058,0.0001403891201087761,5.477610788577995e-07,8.242157473344332e-05,0.034244218611090754,6.122442001767988e-05,0.0159253449338659,2.0491252051118164e-05,1.1398972353605073e-10,3.227275301082705e-05,0.9400633285287238,2.358486007899005e-06,1.7799228824709792e-06,3.805106771071388e-05,0.0002957161509044623,8.838493300736417e-09,1.6950420354532773e-05,0.0009651474297251893,0.0004026647275612634,2.9051886033987903e-08,0.001413104447710439
39,2.475533525675333e-05,0.011978873445856072,3.0241283620747974e-06,2.1972026180671193e-05,0.0002008090040685433,0.0002546281693858634,4.264991541130989e-07,0.00016726874498306172,0.05406394179635562,5.2611625821177264e-05,0.008012708524177773,3.089976892351838e-05,1.3033414375169428e-10,1.3182623647437574e-05,0.9208067589048787,3.447101321360784e-06,3.071082649195214e-06,3.244145421954374e-05,0.0004691597140250078,8.028825625814536e-09,3.899693154423438e-05,0.0021738363895662644,0.0003381559247538252,3.507567975386273e-08,0.001308987570029701
40,7.180793402404176e-05,0.008869637416119987,3.7542672002566114e-06,1.31988350795294e-05,0.0007060290704886507,2.5136756752011256e-05,4.3492084202938057e-07,4.584761993834445e-05,0.026238614253236665,3.8446245861341964e-05,0.03602011073464599,2.5103626340301852e-05,9.175824549605816e-11,0.00014129745398731863,0.9220204163454283,6.659170959346884e-07,1.8114328468493954e-06,1.2297087761790402e-05,0.0002221052624024545,1.0326357260227555e-08,1.0436909262619614e-05,0.0005947097884400025,0.00024337573570666556,1.7653241861792457e-08,0.004694734315181481
41,5.6401834938184764e-05,0.007479841957774011,2.0508781240684195e-06,2.494287682395504e-05,0.00030901770774690733,8.778616865477133e-05,6.186295186310823e-07,9.93707394851892e-05,0.05155819036306331,8.947990461820901e-05,0.02327421519848508,2.104377400217106e-05,1.1708660040043072e-10,4.255652778049228e-05,0.9118306539155664,1.3294026590788015e-06,2.6786521883807304e-06,2.4450758212093826e-05,0.0002778293256423423,1.0648759771047436e-08,1.2307991142368566e-05,0.0011345589028541158,0.0004037829126552706,2.937854231162747e-08,0.0032668514336763373
42,7.30994196193128e-05,0.002234793666722796,1.2362455801165918e-06,1.5587723316039983e-05,0.0005782039866810655,4.045887335105478e-05,1.00516627896844e-06,3.454324935307732e-05,0.031004161395400777,0.00011407221924863188,0.04305560618911942,1.7228597251996938e-05,1.129701770255971e-10,0.0002266914726204732,0.91485664819732,5.744600425519497e-07,1.8693248503532663e-06,2.9571029140223365e-05,9.827325144145656e-05,2.1808552677131627e-08,9.540352108266413e-06,0.00022402971258346293,0.0009728779212235076,3.756779909481247e-08,0.006409868057424516
43,4.491591623888275e-05,0.007276607746969736,3.6925578045470925e-06,3.425989698681353e-05,0.00033648798761383593,0.00029899611346186907,7.741765127693462e-07,0.00022198451532308384,0.08862683313270808,0.00023474725269154463,0.01350157937016946,2.5823720639901993e-05,2.4294584252228695e-10,1.4894721532185179e-05,0.8845030410396494,3.087751545238638e-06,4.655720906117491e-06,3.2452585493583324e-05,0.0004946873343499702,1.6319466986299694e-08,3.448557794944668e-05,0.0020246795165914017,0.0005206918998692388,5.7666311481065776e-08,0.0017605472362686822
44,5.496301045202724e-05,0.007695353134564338,1.9245972570988825e-06,2.5677036065436202e-05,0.0003203787653765906,8.305372058727834e-05,5.362180616996936e-07,9.94667671094289e-05,0.05324292407034213,8.298736764642381e-05,0.02423229365005438,1.867050646009402e-05,1.1556136098341498e-10,4.0821856451520476e-05,0.9094956069447864,1.3119688936176317e-06,2.251497376862218e-06,2.4702145495151437e-05,0.0002788384928956668,1.0498379632275095e-08,1.0707750493075018e-05,0.0010080627879404858,0.0003657702173613783,2.4653803298293294e-08,0.0029136622265845875
45,7.537425856291373e-05,0.0120465617042326,2.3114853754609725e-06,3.1739825488520234e-05,0.000677354796579237,7.691114430413325e-05,4.3532775247353834e-07,3.334360797987065e-05,0.06280567539096756,8.19007817033087e-05,0.03909576949451288,1.481189745490513e-05,6.473193322704566e-11,8.251182262557566e-05,0.8737262506790083,7.141460154904878e-07,2.9719487627758457e-06,2.0241650463852995e-05,0.0002591294748743447,1.2893836475448506e-08,1.4128956961952375e-05,0.000855197471606223,0.0008451246041105611,2.1628422462124267e-08,0.009251504943666052
46,0.00020869857039613405,0.011726402551021989,6.05702132671556e-06,7.70836425980597e-05,0.0005415610295686751,0.00021568266450577712,1.864791503541434e-06,0.0003239848231954082,0.10242723603558453,0.000287215968539654,0.03621472064611344,5.664796448370649e-05,4.848735431097535e-10,4.910620753013904e-05,0.8355094831987001,3.965089593543736e-06,1.6820573812902736e-05,4.396436090880136e-05,0.0007880688428201991,2.4713100086135005e-08,2.922378198393864e-05,0.004867886581874826,0.000621133707939352,9.494184488616295e-08,0.005983071806180188
47,0.00010853562716985213,0.009769839933524605,3.3566249781223115e-06,4.282443122756529e-05,0.0003685088480484645,0.0001153434611413053,9.340755609893751e-07,0.000179989998313128,0.0676128434758702,0.00012176788030757,0.026751061977671686,3.097186663071654e-05,2.2878561313226655e-10,4.735103338794184e-05,0.8885935150727159,2.5874689921169295e-06,4.36771709345227e-06,3.1049060196406216e-05,0.0004882129151921445,1.2894867257843324e-08,1.4877861298532141e-05,0.0019060557751682616,0.00040623846953191986,4.566406141737e-08,0.0033997076382646955
48,4.887573670270896e-05,0.0070654649761790695,1.7703404940667478e-06,2.4693066231566434e-05,0.00030902395771192665,7.414647386314115e-05,4.867419740030629e-07,8.811585106984007e-05,0.05037471105248941,7.447237483435953e-05,0.025272989531173497,1.8003347124582883e-05,9.929308019201923e-11,4.117632762134379e-05,0.9123264289991811,1.1803166255595847e-06,1.8748841525524562e-06,2.2764457984253807e-05,0.00023114632879764468,1.0084670125247693e-08,1.0135715674914387e-05,0.0008813677513348619,0.0003531199691633968,2.0263050070305647e-08,0.0027780213526030035
49,4.20407326495244e-05,0.011045692625441594,2.7207086829027817e-06,3.140668036796693e-05,0.0003035696406302131,0.00014674930545112894,5.887793307135999e-07,0.000142255488537343,0.06502106787501408,9.857769925737038e-05,0.01942594589073088,3.037052411173612e-05,1.3345734043305613e-10,2.3183245449869693e-05,0.8981307364460478,1.777948267030882e-06,2.8080661970764514e-06,2.2041842721793672e-05,0.0003360633054220312,1.0999962607552873e-08,1.516711220447517e-05,0.0021810583976257154,0.00030225863919657644,2.665887862527702e-08,0.0026938812543637284
50,7.04332303653649e-05,0.00677541331936476,2.211354536973902e-06,2.7391743591711116e-05,0.00035385570241016343,7.992324725392479e-05,6.887568205439332e-07,0.00011804582704012794,0.05596146393778064,0.00010527635329073763,0.027319616653059188,2.0827308244610486e-05,1.4788234118518711e-10,4.896409608821816e-05,0.9041637215363264,1.4219735682874264e-06,2.664752567747383e-06,2.5366074256072344e-05,0.000294919975382973,1.2319500247396382e-08,1.0502441152195778e-05,0.0010087028135105564,0.0003836120101323907,3.049171911585356e-08,0.0032249339341544545
51,6.953473312404825e-06,0.02373199755775887,2.5431475904446527e-07,2.2208323688018932e-05,2.8471394051270535e-05,2.206456770771035e-05,2.820942861244368e-08,5.408376389340655e-05,0.01732099516448489,7.056508107209779e-06,0.012230062973697442,4.818296959507267e-06,1.068047561254412e-11,4.432972850959243e-06,0.9446201767670831,2.2068517733506527e-07,1.828005389878691e-07,7.033133730519167e-06,6.215291233457462e-05,1.3236283137500246e-09,1.8960798272404e-06,0.0010950569464683237,4.75301652435934e-05,1.1628220890937152e-09,0.0007323204917661421
52,3.511899832724524e-05,0.0036508308155592402,9.858429225486057e-07,2.34871389498414e-05,0.00019425452940645947,8.6759873625471e-05,2.966731678239339e-07,0.00012296783879001114,0.042115054349957076,0.0001191303994701716,0.023577329836505293,1.4646222983703223e-05,1.2508785187337838e-10,2.589884673986491e-05,0.9278927335765502,1.1091536945997824e-06,8.975156697921938e-07,3.01878056633992e-05,0.0002054635791501769,1.1749626280517431e-08,5.567975682870393e-06,0.0005632892851821677,0.0002071470532654698,1.455014720738682e-08,0.0011268162638751818
53,5.669308872678877e-05,0.008471200219139354,1.9422677739490847e-06,2.5462221322811025e-05,0.0003171939500288954,8.380052789107039e-05,4.9499255332536e-07,0.00010300413171894732,0.05380800651148735,8.218902328427868e-05,0.02334394014268428,1.787048929429427e-05,1.1668736676568592e-10,3.859889838123026e-05,0.9090330160482742,1.3023846323311962e-06,2.2645463618363654e-06,2.4256173057795348e-05,0.000310971883300145,9.910465856216163e-09,1.0197095540296393e-05,0.0010572163327825285,0.00033975872330268387,2.4519748073671772e-08,0.0028705858015603885
54,2.714189816531396e-05,0.015679619697111596,6.032281388111913e-07,1.2628448429726596e-05,0.0001381822256901285,4.3072498189714095e-05,2.4941788158306657e-07,4.243753968978205e-05,0.031018745482164937,2.3119163941143996e-05,0.011660218386532988,9.465774729688785e-06,2.2384352091340223e-11,2.9050619006033285e-05,0.9359206881591896,4.109722873124872e-07,8.230794600886465e-07,8.82120229258847e-06,0.00017637905193960027,2.0985606193562315e-09,3.6259268066250005e-06,0.0010916327121073838,0.0001535213561162891,1.0583105660443605e-08,0.00395955045607817
55,5.246398834866871e-05,0.0048942156393067295,1.7848965747825084e-06,2.5841929535187854e-05,0.0003424160306697484,0.00012242393319111607,1.220119929415817e-06,0.00022944180427522038,0.07343456146968269,8.20959745179683e-05,0.01838073268365727,7.235674756701858e-05,2.331752580027799e-10,5.526474320318856e-05,0.8977150595718749,2.6590717503270376e-06,2.0839997463949105e-06,3.735107610654623e-05,0.0002071680905635032,1.4287747337888554e-08,1.093297157830095e-05,0.0013109144007754131,0.0003111068970201332,3.523896465403124e-08,0.0027078542002383762
56,6.284255905627072e-05,0.00769455667322386,2.1444946333651172e-06,2.890933024644209e-05,0.0003378054468449359,9.257995914166744e-05,6.113723719361339e-07,0.00012119355348112094,0.05683580714214627,9.605330587148914e-05,0.025081743125392617,2.0772620880776293e-05,1.5483746277997093e-10,4.2638904327493776e-05,0.9049093166835155,1.5685654611967675e-06,2.5366761152091876e-06,2.8229720944682354e-05,0.00031592863685989234,1.2361726807098838e-08,1.1206576698573169e-05,0.0010723935184814733,0.0003784132786619401,2.920550458725332e-08,0.00286270613357447
57,6.690701099838642e-05,0.008464994249661096,7.3048878955374254e-06,2.7357983203599373e-05,0.0006733993644256785,0.00013942754423713715,1.0071432354520321e-06,0.00018704512149907097,0.08278098140065951,0.00016697327875612512,0.02472467784774636,4.830224658757241e-05,2.913903049306516e-10,4.129123183604728e-05,0.8767877780545484,2.7465677515051795e-06,4.3480998032589635e-06,2.0414575252403632e-05,0.00045916326114217224,2.0461582019775166e-08,2.3159031980177268e-05,0.0017461489332368536,0.0003744240262732765,4.7273236510094886e-08,0.0032520801130613737
58,7.047239717534388e-05,0.00820346512588984,2.330060245975682e-06,2.663772961605543e-05,0.00035523346133406914,0.0001143594621410435,7.385958826105997e-07,0.0001280979208356871,0.05611480246134148,0.00011665190113181384,0.02049577302924059,2.263562402308416e-05,1.9104634121145678e-10,4.700994681380455e-05,0.90899501779382,1.7450827873475628e-06,3.2707813865992992e-06,3.2828285434209923e-05,0.0003979501286115965,1.332352042411559e-08,1.3274217281432567e-05,0.0011969636640627517,0.00046292568580519745,4.8593608740518824e-08,0.0031977545369640155
59,6.981415979458157e-05,0.008087939039661577,2.9218516063491503e-06,2.74757097381636e-05,0.00038389440242168774,0.00010604404728104769,7.539321637293576e-07,0.00013117208004493393,0.05641068176023152,0.00011512961285408642,0.0225033695017397,2.418902317531065e-05,1.966339464061155e-10,4.716142222837196e-05,0.9068767930749323,1.824523143941024e-06,3.3479845829666926e-06,2.9827766984164508e-05,0.00037796648256373884,1.4686374484536783e-08,1.4979531731452096e-05,0.0011910758155544408,0.0004589458793778872,4.559250276049778e-08,0.0031346319226770603
60,5.496301045202724e-05,0.007695353134564338,1.9245972570988825e-06,2.5677036065436202e-05,0.0003203787653765906,8.305372058727834e-05,5.362180616996936e-07,9.94667671094289e-05,0.05324292407034213,8.298736764642381e-05,0.02423229365005438,1.867050646009402e-05,1.1556136098341498e-10,4.0821856451520476e-05,0.9094956069447864,1.3119688936176317e-06,2.251497376862218e-06,2.4702145495151437e-05,0.0002788384928956668,1.0498379632275095e-08,1.0707750493075018e-05,0.0010080627879404858,0.0003657702173613783,2.4653803298293294e-08,0.0029136622265845875
61,6.803303015279837e-05,0.008026740252638706,2.7822009910220226e-06,2.542744237380735e-05,0.0003856829061001275,9.881857915339632e-05,6.878761304378127e-07,0.00011713653613237001,0.05683607536931038,0.00010666570075772795,0.02281195736774504,2.255907555660178e-05,1.693613871747469e-10,4.6833583230346285e-05,0.9062763854032815,1.6494069686689588e-06,3.0914706145128097e-06,2.6834287478409622e-05,0.00036386410335029044,1.3119616073412988e-08,1.4153863468995311e-05,0.0011135543568839697,0.00044187492762729776,3.9740358134444125e-08,0.0032091392307181236
62,5.496301045202724e-05,0.007695353134564338,1.9245972570988825e-06,2.5677036065436202e-05,0.0003203787653765906,8.305372058727834e-05,5.362180616996936e-07,9.94667671094289e-05,0.05324292407034213,8.298736764642381e-05,0.02423229365005438,1.867050646009402e-05,1.1556136098341498e-10,4.0821856451520476e-05,0.9094956069447864,1.3119688936176317e-06,2.251497376862218e-06,2.4702145495151437e-05,0.0002788384928956668,1.0498379632275095e-08,1.0707750493075018e-05,0.0010080627879404858,0.0003657702173613783,2.4653803298293294e-08,0.0029136622265845875
63,4.554535121903538e-05,0.009774894655967006,1.5130276738595968e-06,2.3768278145709966e-05,0.0002700245100925997,7.97974785639063e-05,3.956238978214969e-07,8.484019720990418e-05,0.05026107181649361,6.296836976831701e-05,0.021275598057839035,1.4579304210521476e-05,8.868184410902167e-11,3.2555378485533004e-05,0.9136495562720438,1.0851450906492307e-06,1.842583468658257e-06,2.3252548703515204e-05,0.00027736115741891303,8.145550590169062e-09,9.051351072251133e-06,0.0010332889450718765,0.00031860003664076626,1.9438346449174292e-08,0.002758382238343898
64,4.7271218937834586e-05,0.007744746177977023,2.7094174048320247e-06,2.438529263969912e-05,0.00032714372468475557,9.562888989595096e-05,5.184760136440577e-07,8.974074547555861e-05,0.049112046566790926,7.922935697728356e-05,0.021561737070720458,2.269845562684572e-05,1.165979398401022e-10,3.870441313982621e-05,0.9163121277577331,1.5368803134448625e-06,2.6588706138732445e-06,2.304976006639595e-05,0.00026818768726100605,1.1539871940225858e-08,1.9460667691078032e-05,0.0010696949849849076,0.000449711016884867,2.7860806821335236e-08,0.002706973050889762
65,2.172542981001472e-05,0.015927023097791832,1.341513550050524e-06,1.6575363292008702e-05,0.00026349361242319647,0.00015516539946275806,3.831172719357747e-07,3.482536257126973e-05,0.033222790493442754,3.083360177728703e-05,0.008780088465425957,1.5024324163399037e-05,5.2398823098638755e-11,3.649333084920277e-05,0.9353206029173065,1.0981580556442585e-06,2.243809021457009e-06,3.34965697583414e-05,0.0002601798978346682,7.641005747693519e-09,2.8047951158162697e-05,0.0011265144201365654,0.0007299332524471118,3.540606050251021e-08,0.003992076812985041
66,0.0007983025118700469,0.005445034537580324,4.196545295892334e-05,0.00010293921166119177,0.006681224400153937,0.00027111415353381184,8.113501396338126e-06,0.0004847226106097337,0.26816041798050905,0.0010629542127426677,0.0889658354898442,6.0643822572816524e-05,3.78827445653658e-09,0.000187477315458259,0.6166508246911825,1.2792845464825281e-05,2.3025489081430835e-05,6.250319643990237e-05,0.0019768576827607284,1.5804372736347846e-07,4.176677665468595e-05,0.0013438234160504721,0.00117777668585015,2.5098330521596165e-07,0.006439471200316929
67,1.5192043821716771e-05,0.01291460573816571,8.835957309342726e-07,1.6313357974889204e-05,0.0001404685656452208,0.00020100610784246848,3.7821907014482307e-07,2.8589754146331406e-05,0.025724446024840517,3.2835642210022696e-05,0.008611374263672224,1.5467090051452483e-05,4.214023897210004e-11,3.024712259865251e-05,0.9456418413016877,9.929290224295879e-07,2.5452635048586595e-06,3.8616962082555615e-05,0.00021420346641222904,7.24849447827126e-09,2.745020780858577e-05,0.0013083514733403388,0.0008909218505342412,3.611993706598103e-08,0.004143225609264633
68,6.053287089656148e-06,0.0030019238808878645,7.370763482828363e-07,9.201903002030342e-06,0.00010370815599718184,0.00014911015899454492,3.387029061039731e-07,8.897357496978468e-05,0.01993118675208265,4.421606621737221e-05,0.007350485828819513,3.336732130662695e-05,5.541334858955722e-11,1.278165125183728e-05,0.9672014592142325,8.037074270229343e-07,8.778579458915891e-07,2.57240438682322e-05,6.116140896032613e-05,9.471795705957571e-09,2.0807852544383498e-05,0.0007824801012851465,0.00023468229044363895,1.586035791541746e-08,0.0009398937758524785
69,1.978350070817728e-05,0.004312864168593411,8.525989664479406e-07,1.692962569523596e-05,0.00016929479090288323,4.3101120791889796e-05,2.0542600687286764e-07,5.126893042932311e-05,0.04162964498816625,4.9131734650206325e-05,0.03055692172706066,1.0314512201529152e-05,3.6876353414100775e-11,1.84056396705297e-05,0.9201403343774448,4.1328324457874603e-07,9.80301852884634e-07,1.6044675392567188e-05,7.354010310500245e-05,8.17858181921873e-09,8.024894344051504e-06,0.0005465345561323997,0.0003114320194623982,5.628894255048048e-09,0.0020239631808257356
70,5.628470916709545e-05,0.00779607021222135,1.8833906085948239e-06,2.4686770088400536e-05,0.00031752027468225915,8.057347053961627e-05,5.335639325019715e-07,9.881475580942802e-05,0.05191514029276309,8.233406423035713e-05,0.02376305797258331,1.8361378268780254e-05,1.1566280779071595e-10,4.169018835157968e-05,0.9111159688370093,1.270361263001761e-06,2.331048698140284e-06,2.4937594177390766e-05,0.0002857070119930333,1.0268523662051089e-08,1.0531137797047921e-05,0.0010145938591944745,0.0003647695143501728,2.5614535170319094e-08,0.002982903593549326
71,0.00015960604330022426,0.004785519216926393,3.6925618458616235e-06,4.1506614736278915e-05,0.0008017659006364809,0.00013625480500078602,3.1575309549867287e-06,0.0002450993087417075,0.12129823050675095,0.00029715864179109775,0.03535072661877232,3.5057970148708736e-05,3.9044455055623833e-10,7.843754067074772e-05,0.8285500254132516,2.524675450183295e-06,6.158751966513712e-06,3.3083142863530035e-05,0.0003765165932788865,2.635090575978578e-08,1.3354974725823217e-05,0.00135563260108276,0.0006349774446348032,8.246983755675989e-08,0.005791403931281418
