,0,1,2,3,4,5,6,7,8,9,10,11,12,13,14,15,16,17,18,19,20,21,22,23,24
0,2.300210753958622e-07,0.0001084439629240292,4.963021052873705e-07,8.752747820028197e-08,2.8663043461693733e-05,6.852405063311448e-06,5.5828270464873786e-05,5.097355622092264e-07,0.0007917260050717634,8.501115114480413e-09,9.025234904142432e-05,6.659778390552225e-06,5.077398029318425e-10,1.5146243745170488e-06,0.9964310557124506,3.648147774546967e-06,1.2507048974612294e-06,1.9426248024272612e-07,0.00017093247546407444,2.3789413759213887e-09,3.488701959780386e-06,0.0015310099988125028,1.3274038872863157e-07,7.729477837770894e-09,0.0007670041134844502
1,1.684297018954525e-06,0.0007166699978173223,4.925570160858898e-06,1.103530722920651e-06,4.75040723385757e-05,1.3283057217847722e-05,0.0005690832303739319,1.5359073668625822e-06,0.00120676895579216,1.7810697922803553e-07,0.00015249706724664654,4.777673848889642e-05,8.402398330740979e-10,1.3646617019783644e-05,0.9856535796498943,5.058069103480503e-06,1.9240391960421357e-06,1.3881847199375383e-06,0.00018746348348571207,6.797672549996673e-09,1.1811810656940688e-05,0.0032824082693550137,1.3410966052595383e-06,2.121377282887484e-08,0.00807833939675427
2,1.2542390775111399e-06,0.0005294318411634688,2.151074885794701e-06,6.784195171031199e-07,7.21509237775275e-05,7.418239726584268e-06,0.0004808326606068308,9.510354085061686e-07,0.0006282580156442988,1.021017862343322e-07,0.00015069579397503134,3.1261204174467526e-05,5.868122292004066e-10,1.844989156617494e-05,0.9843892078685028,2.4723684334653434e-06,2.2248255131455643e-06,1.1638364651426827e-06,7.652330462652907e-05,6.253752541365067e-09,6.269829953796906e-06,0.0024122648651903654,1.3713682378165105e-06,9.569719189853474e-09,0.01118484988148341
3,1.752489724761695e-06,0.0007953620001871348,4.247526956280936e-06,1.6948955200293613e-06,6.876397700278681e-05,1.4103969078564651e-05,0.000677578443132777,1.729570862726584e-06,0.0009698278021278372,1.8785262361485226e-07,0.0002749867199183111,5.894212081178778e-05,9.131504211352119e-10,2.9108899472130682e-05,0.9797297123005976,3.969865954849589e-06,3.559235603966689e-06,1.9624531437567407e-06,0.00015103686399076748,8.859391314539813e-09,1.361494346879067e-05,0.004532746758324404,2.764129563424909e-06,2.3528043250274183e-08,0.012662313881349016
4,1.9119485915313963e-06,0.0008217674615828835,4.246450166969551e-06,1.7867177913488395e-06,7.203540942475127e-05,1.4177129464338482e-05,0.0006836784172526351,1.728245875128312e-06,0.0010340314342818068,1.851679051384689e-07,0.00028790233588766993,7.092780636139368e-05,1.2110921425485991e-09,3.241349569236285e-05,0.9780290823292099,4.075594524770442e-06,4.220154483695417e-06,2.1091120345448286e-06,0.00016171829948609802,9.873618500236589e-09,1.4753435118812552e-05,0.005044773593196938,2.892611594291964e-06,2.5804850449094285e-08,0.013709545960511842
5,2.4774277623093063e-06,0.000956527407083535,5.117437449668553e-06,2.986861805130702e-06,6.789222924640946e-05,1.7196107434291914e-05,0.0007550829266907832,1.9397850323406046e-06,0.0011784579916478456,2.6016694514741763e-07,0.0003298336812756274,8.994879815247413e-05,1.337725121577818e-09,4.390999553695916e-05,0.9715407802327642,4.528634388319197e-06,5.487605946212687e-06,3.7055825236065365e-06,0.00016248303686108525,1.1974127631512391e-08,1.958313970224467e-05,0.0067309514638644406,3.7551732511531454e-06,3.43593341426818e-08,0.018077046643449467
6,1.752489724761695e-06,0.0007953620001871348,4.247526956280936e-06,1.6948955200293613e-06,6.876397700278681e-05,1.4103969078564651e-05,0.000677578443132777,1.729570862726584e-06,0.0009698278021278372,1.8785262361485226e-07,0.0002749867199183111,5.894212081178778e-05,9.131504211352119e-10,2.9108899472130682e-05,0.9797297123005976,3.969865954849589e-06,3.559235603966689e-06,1.9624531437567407e-06,0.00015103686399076748,8.859391314539813e-09,1.361494346879067e-05,0.004532746758324404,2.764129563424909e-06,2.3528043250274183e-08,0.012662313881349016
7,1.1437612315383389e-05,0.001858096823282346,2.71358453934531e-05,2.476213477832943e-06,0.00014684206395111865,3.559378731792222e-05,0.0018389603159884656,3.5948321998164948e-06,0.001725651175228609,5.451499292609087e-07,0.0005398246882236619,0.00010844243451549729,2.720057321291963e-09,3.61912149837066e-05,0.9669426583611104,5.74934319976615e-06,4.85149289529116e-06,4.009600922583682e-06,0.0005325967583108938,1.6937918554507766e-08,1.6822339534946605e-05,0.0035950851039262544,6.147230349244556e-06,1.0149324940020845e-07,0.022557166461718375
8,8.88595392571326e-07,0.0003753849287508281,1.8877170874617742e-06,7.377858580688479e-07,4.038450660353855e-05,8.591531756348054e-06,0.00033397850805365526,1.0343544272018289e-06,0.0007638765509778817,7.73349828686424e-08,0.00017777099291305093,3.455483827096801e-05,5.807859460931983e-10,1.379959707660559e-05,0.9865065931881467,2.857351663135501e-06,2.6608183171182927e-06,1.344314178951717e-06,0.00011138617272941311,4.521827062387472e-09,9.726591742978968e-06,0.004374332329642866,1.0613477361253645e-06,1.2306351392342477e-08,0.007237053234727343
9,1.14154376425332e-06,0.0003861188029198337,1.5622299865927697e-06,5.480630923695987e-07,5.86571551711788e-05,8.699038073296166e-06,0.00033277733761931345,1.1747484289710285e-06,0.0006426632561297098,6.388932754471103e-08,0.00024659980764673656,2.773206249141414e-05,5.37876586680364e-10,1.672225140322738e-05,0.9868364545326528,2.4866333680755727e-06,3.2496884861986686e-06,1.3449574375200517e-06,0.00013188641811158415,4.2032645512154745e-09,6.427224485865437e-06,0.004101497714367761,1.1498774105575467e-06,1.1941275172129454e-08,0.007191026085209079
10,1.752489724761695e-06,0.0007953620001871348,4.247526956280936e-06,1.6948955200293613e-06,6.876397700278681e-05,1.4103969078564651e-05,0.000677578443132777,1.729570862726584e-06,0.0009698278021278372,1.8785262361485226e-07,0.0002749867199183111,5.894212081178778e-05,9.131504211352119e-10,2.9108899472130682e-05,0.9797297123005976,3.969865954849589e-06,3.559235603966689e-06,1.9624531437567407e-06,0.00015103686399076748,8.859391314539813e-09,1.361494346879067e-05,0.004532746758324404,2.764129563424909e-06,2.3528043250274183e-08,0.012662313881349016
11,1.8681924079898167e-06,0.0008190655780141592,4.480172376776362e-06,1.7726273932469433e-06,7.349985979836324e-05,1.451279176962517e-05,0.0006987917257575203,1.783893898567058e-06,0.0010136232979997017,1.9081774912866308e-07,0.000289034126076741,6.573136015730156e-05,1.1351175215598676e-09,2.9835476423320636e-05,0.9792351435651817,4.200939332681347e-06,3.91463254500777e-06,1.9738623194338952e-06,0.0001623277890028186,1.0021012165614054e-08,1.4224790602710052e-05,0.0046469053029789325,2.970985651931872e-06,2.658228105745536e-08,0.01291411047415154
12,1.235504060026479e-06,0.000529523316092018,4.303470776098281e-06,1.2259969025371622e-06,4.3386896933908867e-05,1.042321708421478e-05,0.0006071274444091956,1.8112838818087405e-06,0.000895464936194174,1.25406793782846e-07,0.00025929818907857385,5.579617268484095e-05,7.037740780063397e-10,1.3837793058006984e-05,0.9869013502561609,4.076364613667599e-06,1.7866763551089357e-06,1.1713648211084961e-06,0.00016604391869616005,5.667538268421356e-09,1.0328873282401304e-05,0.0038254289977968777,1.7926521505483372e-06,2.4197353930744315e-08,0.0066644306995077346
13,2.2958932615722024e-06,0.0009281257026915941,4.759453127816303e-06,1.408911746480383e-06,6.706233540614797e-05,1.5677705540517247e-05,0.0006212066997940825,1.3024631184499346e-06,0.001121748295885418,2.4067814187884426e-07,0.0001575409689453448,4.3964238336210415e-05,8.869076562485257e-10,2.0049397715020226e-05,0.9793240333175294,4.168758349177997e-06,3.2604930308878026e-06,2.094106083744129e-06,0.0001625742856466638,9.06818909841029e-09,1.3211444170931858e-05,0.0035704444672460633,2.066853850393566e-06,2.191932397318151e-08,0.013932731655961596
14,2.1074671358198805e-06,0.0016947746981380398,3.13049552915699e-06,1.8824115896752049e-06,0.00011249415310204059,1.5142010321237544e-05,0.0008949901217699812,2.0286428737441446e-06,0.00093066864076938,3.0733305107548063e-07,0.0003910480170521101,5.3322219678199665e-05,6.737702980645011e-10,4.670822769540091e-05,0.9782943519942995,4.053911558519288e-06,3.614001256674606e-06,1.9806717147950874e-06,0.00022334883856867322,1.0925918442363082e-08,1.136168293833468e-05,0.004689053953411519,4.063695334929865e-06,2.829211787089057e-08,0.012619526920404427
15,1.752489724761695e-06,0.0007953620001871348,4.247526956280936e-06,1.6948955200293613e-06,6.876397700278681e-05,1.4103969078564651e-05,0.000677578443132777,1.729570862726584e-06,0.0009698278021278372,1.8785262361485226e-07,0.0002749867199183111,5.894212081178778e-05,9.131504211352119e-10,2.9108899472130682e-05,0.9797297123005976,3.969865954849589e-06,3.559235603966689e-06,1.9624531437567407e-06,0.00015103686399076748,8.859391314539813e-09,1.361494346879067e-05,0.004532746758324404,2.764129563424909e-06,2.3528043250274183e-08,0.012662313881349016
16,1.1534340636579087e-06,0.0007320660583304789,2.748090262723224e-06,1.6186542716912508e-06,4.454465759223009e-05,8.275555173715164e-06,0.0008004420198048372,1.8449831797222339e-06,0.0007618168224747542,2.621198944888978e-07,0.0001759849767607473,8.923031533522633e-05,8.041947370413074e-10,3.079416516213599e-05,0.9767727638007893,4.014795123942211e-06,3.127197500767831e-06,2.035063146547835e-06,0.00013901534301488728,7.772224700117657e-09,2.2595887656029016e-05,0.007367703832951056,2.335056064404509e-06,1.565333470184906e-08,0.01303560294169222
17,1.4952517630570847e-06,0.0008724619229452669,3.1859272316510033e-06,3.348584099441231e-06,0.0001086433465770775,1.1961867714657174e-05,0.0009796310928487431,2.8235776251035968e-06,0.0007234147853538473,2.4647003400304924e-07,0.0005149107485543865,0.00011725237501554247,1.6080635164889073e-09,9.285688837476437e-05,0.9642294099612561,4.23575681847248e-06,1.0104786953198844e-05,2.926078597227088e-06,0.00011721929019980157,1.772659187659174e-08,2.120899456344885e-05,0.009970159043004356,7.822849153979009e-06,2.436380316659912e-08,0.022204636702857685
18,2.614005067664391e-06,0.0008161213600265443,3.541559776226326e-06,1.8916072004764803e-06,0.0001039776112057022,1.2048500834837362e-05,0.0009234432220782595,1.308792041067784e-06,0.0007573397936108893,2.9079461271653574e-07,0.00021435863226844894,8.049500167920801e-05,1.4644022789712721e-09,6.518490990953496e-05,0.9496654559608544,2.769664394445792e-06,9.08897938711627e-06,4.631893791479827e-06,8.684862521990609e-05,1.3050267832713632e-08,2.0812510351316254e-05,0.006343460144217983,4.054105883238559e-06,1.5227479339777683e-08,0.04088023258343917
19,1.1659217341144272e-06,0.0006925250835279165,4.417169263662711e-06,1.9188736023202442e-06,4.656889466289844e-05,7.2530785184673355e-06,0.0010265324972994704,1.9296787851374764e-06,0.0009351319334942624,1.8457353942056723e-07,0.00019284108612089638,0.00010738590810950003,9.243541235613271e-10,2.2653546447028853e-05,0.9801823965838953,4.1919500438659675e-06,2.1978870979561916e-06,1.3486866002836449e-06,0.00011244659362277535,7.2638264169929084e-09,1.5439899856330708e-05,0.005251615795240399,2.2618665181973665e-06,1.7149053968782483e-08,0.011387567154785236
20,4.740555470809071e-07,0.0002405274385011061,1.747691813168084e-06,8.021488188615165e-07,2.1201345236333664e-05,4.8297442159768895e-06,0.0003426509489244809,1.5455753747983318e-06,0.00045030468454946665,6.749192767853211e-08,0.00016200405766429984,3.7310146248817486e-05,3.4287569335810404e-10,1.1365603574987867e-05,0.9894670485229714,2.778449968182106e-06,1.4006612981766206e-06,8.656623537633359e-07,7.248119810820443e-05,3.266558569521452e-09,6.867441609245014e-06,0.004480138568156947,8.895320735792072e-07,7.873791042845629e-09,0.004692687547838136
21,1.9838546083445208e-06,0.0012264380613588868,4.637151506898305e-06,2.6522693281580302e-06,5.374575989899194e-05,1.3444543360796392e-05,0.0008410946164993026,2.768289612497893e-06,0.0014265799684121145,2.760309167341743e-07,0.0002518934895586356,0.00011139753799570676,1.0154582741984171e-09,4.8668000693320397e-05,0.9792555999676628,7.145361426170304e-06,2.371831257966669e-06,2.3646807957402775e-06,0.0001854413478783873,1.0004976357285781e-08,1.7160252814572464e-05,0.0056428155295078905,2.112841083160782e-06,2.505904728182432e-08,0.010899372534340833
22,2.7997560877124745e-06,0.0006037020827767317,4.299919781222955e-06,1.4815907229005766e-06,6.651511275225946e-05,1.7110185965954415e-05,0.0004528799901548427,1.6331793343703472e-06,0.000900044504045109,1.7487142628633037e-07,0.0003171492531161442,4.08760988572352e-05,9.339049412346547e-10,2.961539906417378e-05,0.9760056320243417,3.453058761880514e-06,6.715683364527477e-06,4.392322906237269e-06,0.00014715372095221483,8.550709525770812e-09,1.3517439474819782e-05,0.006126191736516013,2.2372694474732987e-06,2.4535410381307336e-08,0.015252390780125158
23,1.752489724761695e-06,0.0007953620001871348,4.247526956280936e-06,1.6948955200293613e-06,6.876397700278681e-05,1.4103969078564651e-05,0.000677578443132777,1.729570862726584e-06,0.0009698278021278372,1.8785262361485226e-07,0.0002749867199183111,5.894212081178778e-05,9.131504211352119e-10,2.9108899472130682e-05,0.9797297123005976,3.969865954849589e-06,3.559235603966689e-06,1.9624531437567407e-06,0.00015103686399076748,8.859391314539813e-09,1.361494346879067e-05,0.004532746758324404,2.764129563424909e-06,2.3528043250274183e-08,0.012662313881349016
24,3.132956027329666e-06,0.0019041372299331996,5.116246241035239e-06,3.967490551120156e-06,0.00010073218900122909,2.1524245361027864e-05,0.000912815600410542,2.855417987849658e-06,0.0013143040369220525,3.998631818950983e-07,0.00041761354636423283,9.86541471027564e-05,1.4248609907234967e-09,8.35616441730608e-05,0.9682234015163367,5.756885559513556e-06,6.8408366984871606e-06,3.776424797149451e-06,0.00023603639370875748,1.7730275777671877e-08,1.962668593698788e-05,0.007429884904874117,5.498507929127166e-06,3.935199612010132e-08,0.01920030472376885
25,1.0774787645415917e-06,0.0008118705451336349,3.516240719401733e-06,4.055162089623653e-06,8.39598726723941e-05,1.6107505247485363e-05,0.00101009863558687,6.957276245823961e-06,0.0008077437697301804,1.8861408290996533e-07,0.001225036780674558,9.959299674559587e-05,7.747663940859162e-10,0.00010062500268111769,0.9790935469976744,6.596765611279247e-06,4.396644293601676e-06,2.1926592418284885e-06,0.00018569031098208627,1.0797109678744884e-08,1.5026621938170474e-05,0.008949308490475195,5.906067552146038e-06,3.416773104284899e-08,0.007566459822249797
26,1.3011978999475776e-05,0.0023102134200545486,1.9472393464736283e-05,4.326856945494577e-06,0.00022968917026281957,6.067410475064599e-05,0.001079139206187236,2.250490435895937e-06,0.003059848685688149,4.674690373638315e-07,0.0008052769991543454,9.872721521256866e-05,4.374194143286101e-09,4.528031775021042e-05,0.9583094497315141,6.643049523188583e-06,1.3145775172734103e-05,7.388673649605111e-06,0.0005493600262708011,3.070294624938232e-08,2.9673862063127777e-05,0.005970678350179175,1.1143718082365825e-05,2.2222027606130373e-07,0.027373881208184854
27,1.108302664766679e-06,0.0005137585402734444,2.6537362928777824e-06,1.2771842246698442e-06,4.433054787729262e-05,1.0141597653272553e-05,0.00044888665944044177,1.5647835930238312e-06,0.0008049494792515716,1.1934180199730623e-07,0.00023620532580521884,4.614560553253093e-05,6.481019864006334e-10,2.1131401068642773e-05,0.9839423980220946,3.6223136738367868e-06,3.0318464559272033e-06,1.669110660926375e-06,0.0001238522535785003,6.032989379935799e-09,1.1020305467777676e-05,0.005485581805439197,1.703894658090858e-06,1.686188515374901e-08,0.008294824399514844
28,1.752489724761695e-06,0.0007953620001871348,4.247526956280936e-06,1.6948955200293613e-06,6.876397700278681e-05,1.4103969078564651e-05,0.000677578443132777,1.729570862726584e-06,0.0009698278021278372,1.8785262361485226e-07,0.0002749867199183111,5.894212081178778e-05,9.131504211352119e-10,2.9108899472130682e-05,0.9797297123005976,3.969865954849589e-06,3.559235603966689e-06,1.9624531437567407e-06,0.00015103686399076748,8.859391314539813e-09,1.361494346879067e-05,0.004532746758324404,2.764129563424909e-06,2.3528043250274183e-08,0.012662313881349016
29,1.752489724761695e-06,0.0007953620001871348,4.247526956280936e-06,1.6948955200293613e-06,6.876397700278681e-05,1.4103969078564651e-05,0.000677578443132777,1.729570862726584e-06,0.0009698278021278372,1.8785262361485226e-07,0.0002749867199183111,5.894212081178778e-05,9.131504211352119e-10,2.9108899472130682e-05,0.9797297123005976,3.969865954849589e-06,3.559235603966689e-06,1.9624531437567407e-06,0.00015103686399076748,8.859391314539813e-09,1.361494346879067e-05,0.004532746758324404,2.764129563424909e-06,2.3528043250274183e-08,0.012662313881349016
30,1.752489724761695e-06,0.0007953620001871348,4.247526956280936e-06,1.6948955200293613e-06,6.876397700278681e-05,1.4103969078564651e-05,0.000677578443132777,1.729570862726584e-06,0.0009698278021278372,1.8785262361485226e-07,0.0002749867199183111,5.894212081178778e-05,9.131504211352119e-10,2.9108899472130682e-05,0.9797297123005976,3.969865954849589e-06,3.559235603966689e-06,1.9624531437567407e-06,0.00015103686399076748,8.859391314539813e-09,1.361494346879067e-05,0.004532746758324404,2.764129563424909e-06,2.3528043250274183e-08,0.012662313881349016
31,5.686100678192298e-06,0.001603629633426784,1.2560425812463487e-05,2.952075440766466e-06,0.00010399134050173926,2.327828438182158e-05,0.0013186425961796548,4.516969260670771e-06,0.0012158455771874442,5.093513689454778e-07,0.0003909168925941696,8.185477369055218e-05,1.4338327423721344e-09,4.5411425838291105e-05,0.9715798021138344,5.693661907793549e-06,5.244253812608843e-06,3.89416132057206e-06,0.0003203618967267935,1.53166250565189e-08,1.7458904636134287e-05,0.0049887703451546635,4.923908022932989e-06,4.49044583682711e-08,0.01826399365330652
32,1.8876744039541713e-06,0.0008114053669330076,4.165591299774747e-06,1.5105683788595767e-06,6.631708675051254e-05,1.4704501296684346e-05,0.0006310762270348497,1.7262801587366954e-06,0.0009974979322985667,1.846207065388608e-07,0.0002740313132182562,5.651665654157199e-05,9.405351437758512e-10,2.6226064176390916e-05,0.9808437801645351,4.032368057581126e-06,3.54269562261497e-06,1.9420812250981093e-06,0.00018484969507077349,8.47061825279221e-09,1.319460787373421e-05,0.004609910087036829,2.5437088886075246e-06,2.5729339514910796e-08,0.011448919567998943
33,1.7848531115174047e-06,0.0018183133631149682,4.176660709755438e-06,9.514010905170683e-06,0.00016737615664286231,4.981862082841522e-05,0.0010263172138128733,1.1211893198890603e-05,0.0008698863683601122,7.959403763013888e-07,0.00197923266238882,0.00011885643950956076,2.8019448572200036e-09,0.0002912576355102239,0.9520959661246768,1.4045380175645283e-05,3.0621444026524544e-05,4.898188040045267e-06,0.0005328307231099829,5.0486292617559705e-08,3.778646348278728e-05,0.027085459599915592,3.0204724731250602e-05,1.0913232906582277e-07,0.013819483112805378
34,2.991311676118855e-07,0.0005413970998000134,2.6883596763308123e-06,1.1747507221126214e-05,9.303365868395731e-05,1.406892616732176e-05,0.0015435703424807406,2.7827010632981456e-06,0.0002351814668466415,1.0489561314672492e-06,0.00036333026974478557,8.33216039604093e-05,7.752070889946985e-10,0.00019588853055803722,0.9412099375585714,6.441450719256471e-06,1.0032718230792506e-05,2.58524645610603e-06,2.0237800955980257e-05,4.13719385835467e-08,3.796760593753379e-05,0.009654489280230697,3.261175622632123e-05,1.3136537473513391e-08,0.04593728274548738
35,1.3438133776731503e-05,0.0012658547503982844,1.2197163673046435e-05,2.850458421024864e-06,5.551323287247636e-05,1.2865941939282594e-05,0.0012998063771714552,3.371360086054526e-06,0.003349127277112327,3.142229239291576e-07,0.00020607821891982484,0.0001644087609848636,1.6540547438026092e-09,2.540324201872782e-05,0.962546561726432,5.0422545394027865e-06,4.366088849649924e-06,1.4276050902158311e-05,0.00028766616967977664,6.516222308005853e-09,2.4442212122640905e-05,0.009132305043872075,1.1742382927964919e-06,4.112294399098463e-08,0.021572887781790513
36,9.021672331149974e-07,0.000334796135379062,1.8114893140352104e-06,8.565736273816325e-07,2.3859610284667897e-05,3.8042914981126753e-06,0.00047556826334791763,2.394250689216129e-06,0.0005711769850017428,7.466948781136363e-08,0.00015344054299808662,9.161679881787277e-05,8.255772742934087e-10,1.923638234946046e-05,0.9849052079477203,3.702854280748154e-06,2.2046979152637622e-06,1.1930155170410668e-06,0.00011690789601715653,4.059221105175051e-09,6.880033866543489e-06,0.0065798747516458995,7.273738121112467e-07,7.600591268381077e-09,0.006703750783806748
37,9.831250564773619e-06,0.0022828357433707547,1.6777445342288012e-05,4.692567330288247e-06,0.000137910518426555,2.812914192812828e-05,0.0017711926818090922,2.854775555778115e-06,0.002045971672697163,6.059705734055163e-07,0.0005706479664010963,0.00014847626444080108,2.4148763886165066e-09,4.885403211307918e-05,0.9559395528362588,5.5015700786588875e-06,7.680015690765149e-06,6.792007277039276e-06,0.0003953149448304886,1.9588558368944542e-08,2.8691512768656966e-05,0.007541808393347029,8.63257171406904e-06,1.163946652125548e-07,0.02899710771938121
38,2.319297776501811e-06,0.0005808144430444934,4.884803593136739e-06,4.54951836439329e-07,6.569044695821031e-05,1.7233265433817015e-05,0.000521305577714629,8.133010762679725e-07,0.0009845464797048362,1.3315531333134537e-07,0.00013153194521346888,2.2586584315149617e-05,5.943229719728275e-10,9.251269270742255e-06,0.9875612139976878,3.302927686173243e-06,1.1909601144275323e-06,1.0276696155807475e-06,0.00017802150673215146,4.061004087165225e-09,5.675586784329711e-06,0.0013785363203558632,9.560784730584669e-07,1.8673114616706188e-08,0.008528486102857759
39,1.061240706199196e-06,0.0002302461621963134,5.747569078111951e-06,1.1142112356884934e-06,3.887485026725337e-05,2.3254019159759514e-05,0.0004352571120003888,2.1772186442843477e-06,0.0007542525444256352,1.6465377268742447e-07,0.00017051013253717407,3.479659559619355e-05,1.3976272731628761e-09,1.1089501696151032e-05,0.985695480890683,5.633429138045396e-06,4.525143240669083e-06,1.8640938830839302e-06,0.0001649111323290713,7.56995983314532e-09,2.2253248457250486e-05,0.003990692865426725,1.605855154453643e-06,2.0995962776808922e-08,0.008404457566822284
40,1.3228590037361797e-06,0.0004990433480445907,3.895113846154018e-06,6.081134866621829e-07,4.349605429150043e-05,7.1151161443781485e-06,0.0005743871790915682,9.11988397250266e-07,0.0007792144831652062,8.420578024628909e-08,0.0001304981847223295,4.7582785255420075e-05,5.795198175426419e-10,1.4013775692031994e-05,0.9851376633282489,2.047674360833454e-06,1.293371079583715e-06,8.819901524606332e-07,9.004155618718985e-05,3.532918887766777e-09,6.689388840269979e-06,0.0022979929887463296,9.88862790232593e-07,9.26955679591282e-09,0.010360214250677652
41,1.6101860370487196e-06,0.0006536880703023376,3.835376084983822e-06,1.1761904454310312e-06,7.04302288293573e-05,1.1456264512950135e-05,0.0005989683771608341,1.3379095073242014e-06,0.000980745571687931,1.270254308736227e-07,0.00021438922338514092,4.477932890939918e-05,7.709081249186374e-10,1.9492266305023642e-05,0.9837976217367342,3.6152802854946705e-06,2.4059995843419045e-06,1.439372340429435e-06,0.00011351437354475517,6.947262339403241e-09,9.231863974233773e-06,0.002967812154483575,1.7900713230545128e-06,1.7827635281095453e-08,0.010500507583325594
42,4.082488134529493e-06,0.0017533776926069208,6.4508595030674625e-06,2.355279808232628e-06,0.00019851732362700464,2.0424560648197904e-05,0.0011686874446062237,1.2784272398723162e-06,0.0014294562048488392,2.5063048680018274e-07,0.00040045646718305807,6.592819729283169e-05,1.1249628889506772e-09,6.531998718527705e-05,0.9607232033728291,2.936966278219065e-06,4.931776044529576e-06,2.976406104891289e-06,0.00012031573820537209,1.3232106810302495e-08,1.3615510316589892e-05,0.0031280348338457767,5.536357669574517e-06,3.057434696965879e-08,0.03088181854411834
43,1.0414026742924399e-06,0.0007362744295592764,4.10834328559261e-06,2.0469667034050245e-06,5.063430783737389e-05,2.608688186948159e-05,0.0006258684049314417,2.405981085438132e-06,0.0007410828269173892,7.216128051985691e-07,0.0001745747132216914,3.8511075620387466e-05,9.395012370182656e-10,3.0520932752193225e-05,0.9780559358899267,7.151861676046609e-06,5.243549808319978e-06,2.748166703811059e-06,0.00021509998811304436,1.5887191081158988e-08,3.524339093203916e-05,0.007454564979791687,4.034655833847537e-06,2.688028437961248e-08,0.011786055930974811
44,1.752489724761695e-06,0.0007953620001871348,4.247526956280936e-06,1.6948955200293613e-06,6.876397700278681e-05,1.4103969078564651e-05,0.000677578443132777,1.729570862726584e-06,0.0009698278021278372,1.8785262361485226e-07,0.0002749867199183111,5.894212081178778e-05,9.131504211352119e-10,2.9108899472130682e-05,0.9797297123005976,3.969865954849589e-06,3.559235603966689e-06,1.9624531437567407e-06,0.00015103686399076748,8.859391314539813e-09,1.361494346879067e-05,0.004532746758324404,2.764129563424909e-06,2.3528043250274183e-08,0.012662313881349016
45,2.949318030724581e-06,0.001461168814508742,5.8455085284078055e-06,2.775841568651866e-06,0.0001053166959488111,2.0303923173738245e-05,0.0009551598069766696,1.8918783768481135e-06,0.0013283789724584784,3.3604734658794945e-07,0.0003476248742655422,8.82311391349164e-05,1.3995106357447784e-09,5.378030170413299e-05,0.9672365082406696,4.37585541202043e-06,6.143518736281728e-06,3.2421973081669375e-06,0.00020213690658744236,1.4439259042274249e-08,2.3046216846872204e-05,0.00604548533672358,5.293868676966198e-06,3.6708946078022723e-08,0.022099952189301126
46,1.5593004759806716e-06,0.0006547961561977842,3.937912970519096e-06,2.5540786886372924e-06,6.630683084768065e-05,1.986808396210496e-05,0.0005138947160530049,2.2087178103799304e-06,0.0008217761569574151,2.1465887721471948e-07,0.0003850658772860956,6.476420921706531e-05,1.6149617189911637e-09,4.0265816667222944e-05,0.9746095762529255,5.069031414570469e-06,9.663012230451954e-06,2.790219967097247e-06,0.00018196169487938622,1.4812363955759875e-08,2.0206921348684605e-05,0.008378936700464835,4.498663032699891e-06,3.316044375199862e-08,0.014210035399955894
47,1.584352130594642e-06,0.00086521022006092,4.3141182724310704e-06,2.0337558427585523e-06,7.999649853529962e-05,1.7701537479329414e-05,0.0006922544972278568,1.9884635378609873e-06,0.0009490727795304324,2.0177296431883698e-07,0.0003622700343869784,5.143410083077269e-05,8.009897318084967e-10,3.7413918110046846e-05,0.9802654095738536,4.073269726035209e-06,3.676616341633679e-06,1.9706363734355396e-06,0.00014787330541392367,9.723368590197646e-09,1.3314398481726542e-05,0.004269695240675582,3.536473863038329e-06,2.552026014596463e-08,0.012224938391743028
48,1.5623380545040314e-06,0.0006449627520803317,4.063757137645443e-06,1.578213061981364e-06,6.405429986269608e-05,1.1910321127865953e-05,0.0006532336049923148,1.51828518033807e-06,0.0009235048998465238,1.5747568556128683e-07,0.0002365344008257858,5.723401274637959e-05,8.466121975404117e-10,2.6062936393599442e-05,0.9802164533239085,3.680826817814695e-06,3.0944520003244955e-06,1.8843089672308003e-06,0.00010842993231067694,7.973920305892863e-09,1.2819986325792308e-05,0.004024257992157692,2.3295992996487906e-06,1.891333004746804e-08,0.013000644547354423
49,1.8851907520960396e-06,0.00080390214891574,6.212123122731514e-06,2.452594470971493e-06,5.916518410680646e-05,1.721355646799361e-05,0.0007744145422314589,1.9093730809025725e-06,0.0010530705790341964,2.450742141647318e-07,0.0002939286075847966,8.364264306296614e-05,1.2427452552789705e-09,3.461415469494089e-05,0.9758854849910858,4.44970998514068e-06,3.921258635373278e-06,2.3748300716138427e-06,0.00015444375414614322,1.041423280715628e-08,1.8415539356148745e-05,0.005389015477366785,3.6403667163702066e-06,3.0707122217668956e-08,0.015405555936796775
50,1.7446620686925496e-06,0.0008024219642689105,4.222877104012306e-06,1.6168027860005977e-06,7.213769270317508e-05,1.3117678875490687e-05,0.0007949532247821898,1.8829352290822755e-06,0.000843071860420852,2.204937647154178e-07,0.00026278198815453277,6.0512741092950116e-05,8.915861897808046e-10,3.142299492598054e-05,0.978674415143074,3.922634631986387e-06,3.498199110930902e-06,1.9180968703040266e-06,0.00014814266633656148,8.991256722240696e-09,1.3288313596085215e-05,0.004490976073504914,2.9483241983299737e-06,2.1101902797763166e-08,0.013770751647754488
51,1.9005858957857358e-06,0.0009995442983259126,4.126628016605377e-06,2.000784337924575e-06,6.083989171327817e-05,1.3546818838031787e-05,0.0006610401369236004,1.8892180478381302e-06,0.0010405841832995758,1.993481030404955e-07,0.0002822740836513303,6.55195974164323e-05,8.16484873006465e-10,3.407412361579617e-05,0.9789268883750425,3.884664280008536e-06,3.538412666369507e-06,2.1631903743572267e-06,0.00016741620334880048,8.577080456156303e-09,1.3380273565780064e-05,0.005296823964657255,2.6563265452019898e-06,2.3465218773970756e-08,0.012415676032550624
52,1.6369836854571758e-06,0.000512111284950195,3.4269017002094352e-06,1.1536129053156457e-06,5.579491770258674e-05,1.5071880444334129e-05,0.00044841569945886926,1.473370522089826e-06,0.0008322479278167619,1.3951934595246282e-07,0.0002483456661831838,3.415396859202666e-05,6.414511124820288e-10,2.4788622016189543e-05,0.9833518494400656,3.4981788597086742e-06,2.988993676268642e-06,2.2964859267584934e-06,0.00011802015388632417,6.244120955978697e-09,8.974808577693725e-06,0.0037229955414015067,1.6533175050493513e-06,1.7362248353323978e-08,0.010608938476957297
53,2.045976794553825e-06,0.0008880796740525802,4.5418845791175315e-06,1.8245574701561725e-06,6.909967808223931e-05,1.6209556022108096e-05,0.0006314340018327045,1.7656096668811328e-06,0.0010599962907094681,2.0144414151857472e-07,0.0002822242424939026,5.9071316022612624e-05,9.85701811464249e-10,3.153636591336629e-05,0.9786656200600148,4.129739955230395e-06,4.0661250063437685e-06,2.2659455219393206e-06,0.00017202806105597407,9.520346881142883e-09,1.448731254323127e-05,0.004818898475784632,2.8238798406377014e-06,2.611585217061262e-08,0.0132676131805953
54,2.2662394070661993e-06,0.001183977695531264,2.442126520296609e-06,8.105126818585821e-07,6.278393549963449e-05,7.86261800001457e-06,0.0005323310420275648,6.580668033345101e-07,0.0007630277674090923,1.992863450041676e-07,7.59931272572863e-05,4.035808431028402e-05,5.284651871083627e-10,3.0256490059454344e-05,0.9728263278077154,2.4119526610095436e-06,1.9960413341801316e-06,1.5903370890159412e-06,7.929256379148436e-05,6.3300526857956914e-09,6.148520496308573e-06,0.0023620758327919027,1.1701751801741182e-06,6.9589627567437415e-09,0.022016005959607652
55,4.017314916560653e-06,0.000711999995954055,7.361032026058801e-06,1.7057215760811633e-06,4.0278110144165906e-05,7.95230029789055e-06,0.0008465390104925393,1.0298492825421508e-06,0.003937130467835887,7.846749188344503e-08,0.00012802839149597025,0.00021340318264132893,2.3212262273690663e-09,1.0410656737561674e-05,0.9769354090458604,4.199547980724159e-06,1.6207280752722807e-06,2.7912461747298523e-06,0.00015460439752583695,4.5081200413868975e-09,1.6657035548948977e-05,0.003982162215945517,6.915682440434826e-07,3.204687833162053e-08,0.012991890837527074
56,1.832171020983391e-06,0.0007846287503754381,4.337245067786197e-06,1.7018242135554004e-06,6.862367927849829e-05,1.4114183230247556e-05,0.0006853675972856656,1.7548565555311042e-06,0.000985575979595195,1.8775657285421638e-07,0.0002794499249867335,6.559301691289141e-05,1.091940404399464e-09,2.9385541387348493e-05,0.9792968016285528,4.0477219694480954e-06,3.788383306836082e-06,1.9939756769307403e-06,0.00016190602404786704,9.338516122113054e-09,1.4066088136245844e-05,0.004728914859375189,2.802196546449851e-06,2.5323632640371292e-08,0.012863090841816315
57,1.6067185481263182e-06,0.0007326705770832546,3.6500901349353594e-06,1.548626863742718e-06,5.0144531964545086e-05,8.536163521709068e-06,0.000717013683215658,1.8268828213429745e-06,0.0009372230753838227,1.9355457464832408e-07,0.0001796696419455153,0.00011027585724868227,1.6984537708174723e-09,2.332983567548033e-05,0.97727312913052,4.639712884150408e-06,4.323719077953198e-06,1.7086024463668862e-06,0.0001856649423064731,1.0440288221554947e-08,1.665540600447604e-05,0.006793754760620015,2.293491768390293e-06,2.1305958507767402e-08,0.012950107550690091
58,2.4128052076614615e-06,0.0009282974735686751,5.416675073178155e-06,2.037000270389381e-06,7.826580473459915e-05,1.723331173779294e-05,0.0007845001594310761,1.9540287805472977e-06,0.0012313405387873945,2.0745151786100096e-07,0.00036529300802244234,7.842130079561823e-05,1.2825390203108224e-09,3.05608574720536e-05,0.9783005237893029,4.6323105584395644e-06,3.89088839158227e-06,2.3366949384576126e-06,0.0002147436276286459,1.0179694798313734e-08,1.5728749056636924e-05,0.005023837112130188,3.4292175112378026e-06,3.984716967502844e-08,0.012904885885678896
59,2.133968922597526e-06,0.0008480590175409201,5.847339443121948e-06,1.960761251794418e-06,7.333059832023243e-05,1.6657592480129418e-05,0.0007565716944103772,1.8433688427799683e-06,0.0011724224547491797,2.0423908351436543e-07,0.0003291011118413876,6.832481060425831e-05,1.1230701642157533e-09,2.5697985074408754e-05,0.9797714233753337,4.480513009052386e-06,3.467841054854973e-06,2.080994445234862e-06,0.0001859733851990001,9.982081209056047e-09,1.5797121493556218e-05,0.004565566676067311,3.328970385660254e-06,3.6921007004668365e-08,0.012145678154288353
60,1.752489724761695e-06,0.0007953620001871348,4.247526956280936e-06,1.6948955200293613e-06,6.876397700278681e-05,1.4103969078564651e-05,0.000677578443132777,1.729570862726584e-06,0.0009698278021278372,1.8785262361485226e-07,0.0002749867199183111,5.894212081178778e-05,9.131504211352119e-10,2.9108899472130682e-05,0.9797297123005976,3.969865954849589e-06,3.559235603966689e-06,1.9624531437567407e-06,0.00015103686399076748,8.859391314539813e-09,1.361494346879067e-05,0.004532746758324404,2.764129563424909e-06,2.3528043250274183e-08,0.012662313881349016
61,2.1627110703080034e-06,0.0008438146383431695,5.6642948432608685e-06,1.8837489347041219e-06,7.5373644978241e-05,1.6135530711790307e-05,0.0007655383730323659,1.8661571636209806e-06,0.0011432865317315122,2.050288362929622e-07,0.00032390166038929113,6.826246427769661e-05,1.1696125866616453e-09,2.596319015138058e-05,0.9795981389939669,4.414083994990923e-06,3.58251510528676e-06,2.1217379207891555e-06,0.00018520206980759507,1.0136211876633981e-08,1.5460081462389126e-05,0.00457683985268941,3.2492458912796266e-06,3.573429910310961e-08,0.012336886404574275
62,1.752489724761695e-06,0.0007953620001871348,4.247526956280936e-06,1.6948955200293613e-06,6.876397700278681e-05,1.4103969078564651e-05,0.000677578443132777,1.729570862726584e-06,0.0009698278021278372,1.8785262361485226e-07,0.0002749867199183111,5.894212081178778e-05,9.131504211352119e-10,2.9108899472130682e-05,0.9797297123005976,3.969865954849589e-06,3.559235603966689e-06,1.9624531437567407e-06,0.00015103686399076748,8.859391314539813e-09,1.361494346879067e-05,0.004532746758324404,2.764129563424909e-06,2.3528043250274183e-08,0.012662313881349016
63,1.9699842806426934e-06,0.0010237590210956384,4.330279865485748e-06,1.7269754113185322e-06,7.34295910150591e-05,1.428544317406147e-05,0.0006851962568946984,1.6792858622369955e-06,0.0010194499659828278,2.1281857395045938e-07,0.00026496340124112274,5.930020269754352e-05,9.106577067906715e-10,3.0319516551415705e-05,0.9791661038002355,3.9261671691370554e-06,3.5762025914578674e-06,1.903361673910956e-06,0.000172095186431734,9.652032936418984e-09,1.3560974119853761e-05,0.004496898181559234,2.941508411024561e-06,2.485809924570017e-08,0.012958336454372247
64,1.6007234616427077e-06,0.0008105294988893486,4.45048964773985e-06,1.9216109156170155e-06,6.579073941836998e-05,1.4948751336213888e-05,0.0007133557150758836,1.6875267145598552e-06,0.0010186872207536854,2.3291659997930937e-07,0.00024253682048385407,6.889029348539107e-05,1.102413443128563e-09,3.0876366300901436e-05,0.9777737494090872,4.337424302163719e-06,3.8881597603940135e-06,2.1036600858104354e-06,0.00015045238319771694,1.054869395571894e-08,1.974226897712908e-05,0.00509524051153369,3.1255130564334144e-06,2.5148266717498e-08,0.013971815197542144
65,1.6241744082736132e-06,0.0008101725130845919,4.483892321464058e-06,1.8765826110169998e-06,6.911326020278708e-05,1.476469374904372e-05,0.0007532122738704765,1.913252557161204e-06,0.0008540186750633094,2.408487557646467e-07,0.00026250456874338214,5.82321427078411e-05,8.852012678697602e-10,3.276679448656958e-05,0.9785680603258015,4.138784537989375e-06,3.655808326072231e-06,1.9921779122031372e-06,0.0001421595911831328,1.002158034701085e-08,1.510126691831825e-05,0.004531395205097051,3.229852389017193e-06,2.2263564142660604e-08,0.013865310144927435
66,3.5868409546172857e-06,0.0007190389310821492,9.67466682451498e-06,1.1526069762462379e-06,0.00015589384301541685,3.154434095195535e-05,0.0007786469031902932,1.1134886160449252e-06,0.00120947070755665,3.190244021097713e-07,0.0002826862677476721,3.4669817060617606e-05,1.968144816999632e-09,1.4328619352465762e-05,0.9762176423710502,4.6330525307991994e-06,5.451429505472805e-06,2.576120959135758e-06,0.00021162763635529074,1.74356328779475e-08,2.1115164737227342e-05,0.0026044974710263103,4.6179495738959605e-06,6.153421467001665e-08,0.017685631808538414
67,1.9189309341916824e-06,0.000882876178261862,1.3951619917467097e-05,2.2264655551765272e-05,0.00017617941393174762,0.00027105234610960607,0.0007182345376129034,4.699783842664829e-06,0.0009971821826538448,1.3204992837529197e-06,0.0015369987650439149,9.76654031844499e-05,8.754298074877687e-09,0.0004163782778830295,0.933400806590065,1.5052062226777007e-05,5.389509447273953e-05,9.732039648814533e-06,0.00021303572155021428,1.2771462024146474e-07,0.00010443166846490255,0.010624931070353973,7.595744701402302e-05,1.9493435814034123e-07,0.05036110430871591
68,1.540052174264644e-05,0.003927099333836967,7.555856989050783e-05,2.701889629268474e-05,0.00010837503062118252,7.001021870541046e-05,0.003752431151574536,9.014480399297129e-06,0.005466500406275452,1.8731776934156638e-06,0.0008611533600251649,0.0005626588241997541,4.672729277685384e-09,0.0001343658036607981,0.9231807417916147,1.3862711523797774e-05,9.238296272168403e-06,1.719256161647807e-05,0.0005703029376924532,3.591044543416331e-08,0.00014678356089274771,0.01470589254651494,2.2131884559358014e-05,2.8993924251294554e-07,0.046322063411978226
69,1.0923795249857917e-06,0.0007653544144025613,7.1007668532212965e-06,3.3741281430353235e-06,9.597090510233948e-05,2.4891585925187166e-05,0.000943424417628342,3.527525111306223e-06,0.0009263024037065626,2.46590275342004e-07,0.0008387451637986535,7.356668770514976e-05,1.1602943079023398e-09,3.006112751214986e-05,0.9842769494678106,7.07136568002065e-06,3.2428021039012937e-06,1.2286489093259665e-06,0.00023323831199683983,1.6941981780701583e-08,2.39504991530995e-05,0.004485815287634317,9.697548769690246e-06,8.157665750848718e-08,0.007245048293319991
70,1.985776633051145e-06,0.0005044540355392763,4.71258285781186e-06,1.688071387477896e-06,5.613032980817062e-05,9.527932782929267e-06,0.0006269757457036936,2.044005054871318e-06,0.0007859131469614257,1.6143710725930088e-07,0.00016359754459312296,5.230034547075117e-05,9.157900188279557e-10,3.1575966671220963e-05,0.9782672482976538,4.364817333985397e-06,3.353262706139302e-06,2.6126452327704056e-06,6.156063151555597e-05,8.765632987179178e-09,7.691559038661525e-06,0.0035344039362546383,1.391172219393302e-06,1.013508354537426e-08,0.01587628694096747
71,2.005939753855408e-06,0.001403684695142049,3.833464683651595e-06,2.10052507512264e-06,0.00014535740828648102,1.2668142119501048e-05,0.0009779807229918335,1.6054509848444713e-06,0.0010515142144508591,2.9300231299174684e-07,0.00024410737744177453,7.28952703938899e-05,1.423197441731526e-09,4.285241457304642e-05,0.9728168652890421,4.7887488193213505e-06,4.758621063684014e-06,1.7503031761483323e-06,0.0001312212230204602,2.0091479059953377e-08,1.6442427771414973e-05,0.003863732695171157,4.900912280774249e-06,2.5562419771152522e-08,0.01919459407434875
