,0,1,2,3,4,5,6,7,8,9,10,11,12,13,14,15,16,17,18,19,20,21,22,23,24
0,0.0005173003398279008,0.026770190867100536,9.988280595246599e-06,0.00025486813920317085,0.0003398604084202772,0.00035415917890830646,2.43360513102323e-06,0.003727320241790252,0.11788246436480529,0.0002432285988088389,0.04093946047038812,6.517718197925872e-05,2.7849328465015065e-09,1.3039074216378103e-05,0.7711281205164557,4.4126181127594345e-05,2.4040681321537295e-05,0.00012767500293462224,0.00955432776920477,1.4162253271092552e-08,1.0238124055731156e-05,0.027097875804786516,5.507135129653783e-05,6.636480258407012e-08,0.0008389505056536099
1,0.00046355948270128996,0.032884201519528526,1.419380817781438e-05,0.00018420361489564465,0.0005083334600810775,0.00038762337759172495,2.00052248933176e-06,0.002984677661861017,0.14558997666550522,0.00025256965881618836,0.036968237571883264,5.7860895156822404e-05,2.2926372194260724e-09,1.0776138320707266e-05,0.7382783608589893,4.044535403449882e-05,2.1738296749055095e-05,8.366072310979144e-05,0.013114569721491418,1.186800421577746e-08,1.0129052093769334e-05,0.027213500345012034,4.4188848794682575e-05,5.584455949094748e-08,0.0008851224175157964
2,0.00019520039935171346,0.019573230838292478,5.316669488301681e-06,7.149713091320441e-05,0.0002286761365471559,9.355957053110332e-05,7.010051643681451e-07,0.0014982371125410875,0.05469236022832401,0.00011161696955516294,0.03910263980370104,3.5581879315286197e-05,7.819047479623747e-10,1.110062171932742e-05,0.8700583284694626,8.071993144048035e-06,7.5894080535756106e-06,4.306618516441494e-05,0.0031263472122103225,7.90647505375136e-09,4.6599827385987194e-06,0.010356737497932016,2.603040296340997e-05,1.9335586107070913e-08,0.0007494224589208132
3,0.00036032294197793277,0.031603641835167846,8.009654013714156e-06,0.00015719534825460118,0.00029557486199978346,0.000277965804230644,1.762740890833845e-06,0.0021260471879899863,0.07356083456057537,0.00016164743856490895,0.03594424718028603,5.992626586774046e-05,1.5145178221708595e-09,1.4261144442389633e-05,0.8192983303880452,2.579556048324958e-05,1.9091879913772335e-05,9.577278207193597e-05,0.008002600458707288,9.563520357511646e-09,9.020531920727986e-06,0.02699443580278325,4.242500680701694e-05,5.277755978528252e-08,0.000941026769407955
4,0.000421031130343318,0.03251694444885475,9.03013538661961e-06,0.00016966954808120347,0.0003244420116766764,0.00029573415922738613,1.9577731786892168e-06,0.002348932491461172,0.07164124794412799,0.00017725312138502447,0.0371712428355612,6.347978466891737e-05,2.0087264939927138e-09,1.685813969561356e-05,0.8177145242813947,3.0001945088748363e-05,2.123660982426e-05,0.0001102108451244056,0.009431232176317793,1.1264210711100246e-08,9.396772524792481e-06,0.026526406774794464,4.453963868805846e-05,6.493335047690314e-08,0.0009545492263068094
5,0.0003339724528077866,0.03462711665944903,5.943258292525197e-06,0.00018976021665786266,0.00025260591214076584,0.0003151238035749831,1.5674588917349208e-06,0.002087028105973543,0.06767365732392347,0.00014088193348088475,0.03515230811268911,5.270375596140142e-05,1.542096317487667e-09,1.3402977345220318e-05,0.8231647777372392,2.6812552429193665e-05,1.7680236597658562e-05,0.00013781958286725098,0.007787983111643004,1.0281406487855199e-08,8.673262945979804e-06,0.02712613973256082,4.564273070586631e-05,5.069932387296761e-08,0.0008383365589961492
6,0.00036032294197793277,0.031603641835167846,8.009654013714156e-06,0.00015719534825460118,0.00029557486199978346,0.000277965804230644,1.762740890833845e-06,0.0021260471879899863,0.07356083456057537,0.00016164743856490895,0.03594424718028603,5.992626586774046e-05,1.5145178221708595e-09,1.4261144442389633e-05,0.8192983303880452,2.579556048324958e-05,1.9091879913772335e-05,9.577278207193597e-05,0.008002600458707288,9.563520357511646e-09,9.020531920727986e-06,0.02699443580278325,4.242500680701694e-05,5.277755978528252e-08,0.000941026769407955
7,0.0015880448371871343,0.032014198368452644,2.795555502567608e-05,0.0003014059589660412,0.0008935541939404002,0.00023995141129091023,4.995091109754831e-06,0.007971701295661953,0.13286377570017102,0.0005948653555766074,0.07158706360946065,9.374901676541799e-05,9.454444722864567e-09,2.5274513064596964e-05,0.6939829474870403,4.613261737041794e-05,4.905888551593816e-05,9.290636500028139e-05,0.020168991055717393,2.7588212471015137e-08,6.354815286309255e-06,0.03580477368580886,3.333071241991861e-05,1.2808743156183558e-07,0.0016088043390792377
8,0.0005291959337866998,0.0267102319274099,1.394292349034043e-05,0.0001436783478614345,0.00034584650482092196,0.00021268196383767508,2.3170957230232045e-06,0.0022826155043917263,0.07469750039483092,0.000284148933156165,0.03838999246081417,7.81078240962634e-05,2.1492760403469245e-09,2.3226756794219127e-05,0.8240038919928234,2.175040964767152e-05,2.6731228649415755e-05,6.276803849117858e-05,0.007295469932631852,1.314857731002749e-08,1.1225927570168884e-05,0.02322722437569544,6.381516450730418e-05,1.0110734020899931e-07,0.0015735199537766122
9,0.00035028199342815043,0.02350451564493026,7.189209723449219e-06,9.735616481438864e-05,0.00021049025880093866,0.00012748989981382192,1.2033765083727151e-06,0.0015121616708642263,0.05490639869172805,0.00019492635060246522,0.03308807252501234,4.900762024214395e-05,1.068398517961404e-09,1.8236903951912685e-05,0.8648646042979907,9.959029166072136e-06,1.5666712203919553e-05,4.482576841547579e-05,0.004170179846025232,8.388709900837856e-09,7.457999157429847e-06,0.01529744053798063,5.727721848555765e-05,6.061617915006886e-08,0.0014651882068672302
10,0.00036032294197793277,0.031603641835167846,8.009654013714156e-06,0.00015719534825460118,0.00029557486199978346,0.000277965804230644,1.762740890833845e-06,0.0021260471879899863,0.07356083456057537,0.00016164743856490895,0.03594424718028603,5.992626586774046e-05,1.5145178221708595e-09,1.4261144442389633e-05,0.8192983303880452,2.579556048324958e-05,1.9091879913772335e-05,9.577278207193597e-05,0.008002600458707288,9.563520357511646e-09,9.020531920727986e-06,0.02699443580278325,4.242500680701694e-05,5.277755978528252e-08,0.000941026769407955
11,0.0004159686654580973,0.03125267028816588,9.257111566815681e-06,0.00016763960058101116,0.00031368438003660245,0.0003012954631839604,2.0730578398937038e-06,0.002674176492957964,0.07942325403961704,0.00019283994902420502,0.03633214215753604,6.704016931499041e-05,2.0931016846127208e-09,1.4821701253323897e-05,0.8097338458805792,3.0350201663719258e-05,2.2416662363851515e-05,0.00010557649912005668,0.009177264618093008,1.1229507890897242e-08,9.355829079044676e-06,0.02876318356381966,4.395449841436282e-05,6.615906335857372e-08,0.0009471096886582153
12,0.00030104757032654183,0.029577611375572143,5.928522569891534e-06,0.00010629530106703573,0.0012996747171509038,0.00035691313161118987,3.1717324225380973e-06,0.00022706145474896122,0.05967358324161716,6.992363940849038e-05,0.04155299393520953,4.546080222549063e-05,8.030927184965908e-10,0.00012344751046002155,0.853078252464179,1.674144567966125e-05,1.838624631609568e-05,0.0002675601587867843,0.003552820502539424,2.7879184031046762e-08,2.8185102107798893e-05,0.005761517507114319,0.0004501760333500818,1.145409850146361e-07,0.0034831043822753567
13,0.0005206641058134715,0.08085183903251743,9.440738235654381e-06,0.00024187136001244846,0.0004364217657813954,0.0010756977564943876,3.169088347314435e-06,0.0026453701972614556,0.13896982390364232,0.00021802431033882645,0.018200554224710723,5.26955840206416e-05,2.089978477435791e-09,9.1828509060743e-06,0.653615708963391,5.4297462625819366e-05,3.862684441277987e-05,0.00014596966870716942,0.02856738122137914,7.634360291894386e-09,1.1858460573270756e-05,0.07301316143522547,5.1716782038637344e-05,1.2850469512261355e-07,0.0012663860145307245
14,0.00023628180741337257,0.06026027144911726,7.947136858221738e-06,0.00015775995227420677,0.0003817591030350493,0.00027511235428213975,8.449938043134841e-07,0.0014899815340829968,0.05808991561535409,9.259892269139876e-05,0.03837652658602995,2.8659331603337245e-05,1.5540122172443285e-09,9.74879986434916e-06,0.8089284703806826,2.3358368423833114e-05,1.1438995387140572e-05,0.0001197998379155095,0.011124004967992266,1.1126607306051301e-08,6.923282971761342e-06,0.019743234666971275,3.2107482860047e-05,3.052350042968014e-08,0.0006032112262649135
15,0.00036032294197793277,0.031603641835167846,8.009654013714156e-06,0.00015719534825460118,0.00029557486199978346,0.000277965804230644,1.762740890833845e-06,0.0021260471879899863,0.07356083456057537,0.00016164743856490895,0.03594424718028603,5.992626586774046e-05,1.5145178221708595e-09,1.4261144442389633e-05,0.8192983303880452,2.579556048324958e-05,1.9091879913772335e-05,9.577278207193597e-05,0.008002600458707288,9.563520357511646e-09,9.020531920727986e-06,0.02699443580278325,4.242500680701694e-05,5.277755978528252e-08,0.000941026769407955
16,0.0003280084538710905,0.014837615160213095,9.971203162295804e-06,0.00017315875079672782,0.0001981986181693954,0.00022861346330351566,1.958282489436384e-06,0.00225128969942729,0.03243736117647329,0.00011627045157356615,0.04548016725410426,9.43431094591781e-05,2.34932116245616e-09,2.2418857181827645e-05,0.8806451279632513,4.9978425305402e-05,1.8249268597050882e-05,0.00019061161417996056,0.005433942652520386,1.6981384212130586e-08,1.8286370253248604e-05,0.017010680398628106,5.006921243734473e-05,6.063425196904698e-08,0.0004035996496448631
17,0.000815994151541272,0.026432722468989887,1.2846905077718648e-05,0.0002217235009139238,0.00045030381891180364,0.00017866533302698156,4.1559119310690066e-06,0.002766271933263201,0.08414846632879702,0.0001819190379216779,0.06092989730376174,0.0001248994926358469,2.189689291039402e-09,3.4297563397350725e-05,0.782073180810059,2.7300188221838397e-05,3.3125234309846264e-05,7.932367927418758e-05,0.005618838852046171,1.3066694777826574e-08,1.1408834618693273e-05,0.03400711672772807,5.1955598624431925e-05,7.069469823190038e-08,0.001795500373866017
18,0.0007356277915522038,0.051644741164154996,6.53714043282027e-06,0.00013505443675569374,0.0003776173731335622,0.00020938041096131175,2.7698131272830094e-06,0.0013869361695349855,0.08580368033808551,0.0001695999202033498,0.04306248392634863,4.7858566652943875e-05,1.0118329596565872e-09,2.1529592841424142e-05,0.7501570850941831,1.1922447998879461e-05,5.874153662617354e-05,8.86118669862993e-05,0.009953805581451387,7.823209561995373e-09,7.864189761391597e-06,0.05239882957695359,6.069466333847511e-05,7.900975360745667e-08,0.0036585405541200073
19,0.0005765131321419825,0.02774176597149097,1.7374721975775605e-05,0.00024540462193002935,0.00046266529585848026,0.0005037769514769102,4.817551505245928e-06,0.005504188727508746,0.13980948389038408,0.000514515439316097,0.038971823522083476,0.00013547517417345374,4.072447020054428e-09,1.3054618410281007e-05,0.719119966693214,4.54462534992577e-05,3.713921561722895e-05,8.009958903154374e-05,0.010862529648410972,1.6966167332608803e-08,1.0799652149211025e-05,0.053989159971503616,4.280291722532215e-05,1.1323025219976703e-07,0.001311062172226702
20,6.876574624731172e-05,0.027992718428459257,2.7010475623000373e-06,6.555136645588915e-05,6.400351515876836e-05,0.00015116599181584864,4.470192911636832e-07,0.001517079532564479,0.028840821064519583,4.873668145350458e-05,0.01593414773327887,4.636611882910383e-05,4.524648162678436e-10,4.458290732513556e-06,0.9000431617723621,1.0060216125489613e-05,5.997540713990015e-06,5.597453673424549e-05,0.0024517456058523617,3.775567759734465e-09,6.515917982337607e-06,0.022304707393348437,1.8407466243377834e-05,1.7463246042209913e-08,0.00036644532299031854
21,0.00032845400386943846,0.020293132458455192,7.35675096936056e-06,0.00017571654878627578,0.00022825739441905134,0.00015540051068670094,1.1845118125694928e-06,0.0016453415246620912,0.047093512893277636,9.621379754410905e-05,0.04997725478342647,6.162974338186194e-05,1.3267274155580127e-09,2.0568418199773565e-05,0.8617546707880841,2.536409479761405e-05,1.0626545979407047e-05,9.984495326102954e-05,0.004214560265558673,1.2071430531605469e-08,9.397550567163132e-06,0.013119140371929653,4.464773588359269e-05,3.071790488891678e-08,0.0006376802383854597
22,0.00039927043630174887,0.01978230946049355,1.0855613652199867e-05,0.00021833467009892593,0.00032706068324038723,0.00022898623968505143,1.96753824548587e-06,0.002263375902953319,0.0658652883652768,0.00023193321097420832,0.06890100798677823,6.506451143054017e-05,2.139772743908612e-09,1.5988385132317442e-05,0.8081690231827343,3.204053497220142e-05,3.236617779425972e-05,0.000153897261143929,0.006640401033954682,1.9962587170415696e-08,1.3611720277111325e-05,0.02574743321817825,5.8702213349898466e-05,4.958405200369886e-08,0.0008410099669206853
23,0.00036032294197793277,0.031603641835167846,8.009654013714156e-06,0.00015719534825460118,0.00029557486199978346,0.000277965804230644,1.762740890833845e-06,0.0021260471879899863,0.07356083456057537,0.00016164743856490895,0.03594424718028603,5.992626586774046e-05,1.5145178221708595e-09,1.4261144442389633e-05,0.8192983303880452,2.579556048324958e-05,1.9091879913772335e-05,9.577278207193597e-05,0.008002600458707288,9.563520357511646e-09,9.020531920727986e-06,0.02699443580278325,4.242500680701694e-05,5.277755978528252e-08,0.000941026769407955
24,0.00042352634759583896,0.041758833677893084,8.555456119617397e-06,0.00022461589587898236,0.0003787158202432267,0.00026033974920422926,1.588753156729697e-06,0.0020632398697140596,0.07344986595354558,0.0001563176279161921,0.04734641544107065,6.069372181782446e-05,1.7968463228743532e-09,1.7368700185453925e-05,0.797677709512254,2.409648302762144e-05,1.7718458608502725e-05,0.00010435758881878151,0.007732770293040007,1.2667269259009245e-08,7.960046956894431e-06,0.027139662322930462,4.27620393384221e-05,4.6240708804777514e-08,0.0011028255358595076
25,0.0006177183187745828,0.011067937214956271,1.1004675366811384e-05,0.00018745847418901856,0.0003377226196489784,9.757308278241503e-05,2.924804148780111e-06,0.004007191449550788,0.06004603114372906,0.00023939441272764466,0.09528915497736318,0.000101970538111788,3.2004475832095737e-09,2.7459005179898325e-05,0.8074075883278096,2.2212443584383238e-05,2.170968710184455e-05,8.887142150970774e-05,0.0033939760092575886,2.166103549404148e-08,6.964529859327602e-06,0.01608444949605875,3.627653090223448e-05,4.386065659933807e-08,0.0009043421152476022
26,0.0007643917797254662,0.03649062509588832,9.18188181071621e-06,0.00018731330501916678,0.00044239069366421897,0.0004777071438068429,2.92831519667062e-06,0.0028937874226980225,0.17770462902376874,0.0003057689392083102,0.03125789461959741,3.817930149017155e-05,2.7242640696687146e-09,1.2231053083486332e-05,0.7032053523131173,3.294988469949479e-05,4.159304685235906e-05,0.0001616428080711486,0.0159247460517159,1.3256184541236063e-08,1.061899432675678e-05,0.02848788774540812,9.956529108340425e-05,1.2583263268366562e-07,0.0014484734766865494
27,0.00021545297078235618,0.04193798578930248,4.24208040208939e-06,0.0001217459519919915,0.00018906518036642544,0.00022932344230930688,1.078681092351141e-06,0.0018866811379965565,0.08065369258926423,0.00010718191683547468,0.026125145354794044,4.4388656254585995e-05,7.131344094713e-10,7.560004892481235e-06,0.809565970983363,1.3754475206640786e-05,1.1806539570760444e-05,5.583547634995099e-05,0.005730803501658916,4.8283831310463036e-09,4.827973509600949e-06,0.03203911083243567,2.6502190794526616e-05,2.7371376706629336e-08,0.0010278113579323762
28,0.00036032294197793277,0.031603641835167846,8.009654013714156e-06,0.00015719534825460118,0.00029557486199978346,0.000277965804230644,1.762740890833845e-06,0.0021260471879899863,0.07356083456057537,0.00016164743856490895,0.03594424718028603,5.992626586774046e-05,1.5145178221708595e-09,1.4261144442389633e-05,0.8192983303880452,2.579556048324958e-05,1.9091879913772335e-05,9.577278207193597e-05,0.008002600458707288,9.563520357511646e-09,9.020531920727986e-06,0.02699443580278325,4.242500680701694e-05,5.277755978528252e-08,0.000941026769407955
29,0.00036032294197793277,0.031603641835167846,8.009654013714156e-06,0.00015719534825460118,0.00029557486199978346,0.000277965804230644,1.762740890833845e-06,0.0021260471879899863,0.07356083456057537,0.00016164743856490895,0.03594424718028603,5.992626586774046e-05,1.5145178221708595e-09,1.4261144442389633e-05,0.8192983303880452,2.579556048324958e-05,1.9091879913772335e-05,9.577278207193597e-05,0.008002600458707288,9.563520357511646e-09,9.020531920727986e-06,0.02699443580278325,4.242500680701694e-05,5.277755978528252e-08,0.000941026769407955
30,0.00036032294197793277,0.031603641835167846,8.009654013714156e-06,0.00015719534825460118,0.00029557486199978346,0.000277965804230644,1.762740890833845e-06,0.0021260471879899863,0.07356083456057537,0.00016164743856490895,0.03594424718028603,5.992626586774046e-05,1.5145178221708595e-09,1.4261144442389633e-05,0.8192983303880452,2.579556048324958e-05,1.9091879913772335e-05,9.577278207193597e-05,0.008002600458707288,9.563520357511646e-09,9.020531920727986e-06,0.02699443580278325,4.242500680701694e-05,5.277755978528252e-08,0.000941026769407955
31,0.0006138467440155723,0.03046881581345625,1.4209136774101506e-05,0.00015409400641204463,0.00026668023099683016,0.00019356204097267457,1.689833378214656e-06,0.006392656116363325,0.07208768598325208,0.00015929694874979356,0.03284546155641087,7.543622165596087e-05,4.348629926580856e-09,1.2638480856140055e-05,0.8187534895852918,4.098136584824321e-05,2.560830160438864e-05,0.00011887234322224881,0.012088506352817257,1.2996360698746087e-08,9.729634698407944e-06,0.025076701911671582,2.970163283403668e-05,7.664159758039685e-08,0.0005702417721299639
32,0.0003856650079003454,0.038462137760229706,8.654155857597677e-06,0.00015934179731532988,0.00031631548261900304,0.00030908053386363097,1.6460918394853452e-06,0.002192109612554328,0.0748121000602318,0.0001598588847303555,0.033522020939606996,5.60178584934071e-05,1.7393081602261298e-09,1.3935604497826988e-05,0.8090062756143656,2.8533801021334277e-05,2.0843917831787085e-05,0.00010767462095928407,0.01057434688251222,9.690582988861388e-09,9.154922358992163e-06,0.028877453615690954,4.204186498705118e-05,5.932291088862673e-08,0.0009347202177309214
33,0.0013922802800823756,0.14670317972328317,1.8314375260697565e-05,0.00043354080214879937,0.0003371887711498042,0.0016018864453382544,5.780166719479118e-06,0.005692148422861613,0.05012714024434916,0.00023705689686673632,0.011059939506346195,0.00010455631320675507,1.399927936463822e-08,1.6043474003845233e-05,0.38819206220332675,0.00024542785622189936,0.00017625723457599657,0.0005572942655681087,0.15685893802476264,1.1114476160751937e-08,1.5466240453227188e-05,0.23536736934097316,3.74697408773972e-05,8.411610325489018e-07,0.0008197933968359151
34,1.5500266373917194e-05,0.028352435302484148,2.015398753267701e-06,7.479418908940607e-05,3.5796048099842097e-05,0.0008047439832882,1.261805585783366e-06,0.0010423764172359223,0.03805706830419033,8.749135317965752e-05,0.007198223187084956,8.178283399503357e-05,2.4033944497962223e-10,2.059449948126302e-06,0.8672118894955493,1.3163909349411249e-05,7.457295751346261e-06,4.59797198170426e-05,0.0012025247703015864,3.740152876975018e-09,1.4394414574240603e-05,0.055158275394382374,5.038838846072945e-05,3.9962163585711775e-08,0.0005403341298497301
35,0.0005716132241091874,0.059656004039963115,4.59332496833376e-06,0.00016961176201440433,0.00024331975295812524,0.00020719607967773613,1.2223486645298126e-06,0.008784520486003056,0.2732123156320269,0.00011026227423827029,0.020467186156327553,3.395160499116903e-05,1.537930136840441e-09,2.674241464289089e-06,0.571437750497132,1.8929461122672582e-05,1.7293268135611816e-05,5.427091238263312e-05,0.01197249132373197,3.734280365298171e-09,2.285270061443709e-06,0.052142479048368405,1.2491584642751408e-05,2.2023855726641083e-08,0.0008775104109495661
36,0.00033835667740226476,0.043311516515692754,1.1608127698518273e-05,0.00015601530073125206,0.0007101387030630244,0.00044767529273772417,8.544489137929358e-07,0.0009331013290689691,0.10339257278081955,0.0002332552215623008,0.032240377015480465,1.615092276833953e-05,1.566903808368793e-09,1.3068662178074493e-05,0.7956109371478083,2.3648185701031905e-05,9.590901425385587e-06,8.757603576894751e-05,0.013808746592428667,1.4007924329858753e-08,1.1039213482246489e-05,0.007714477934821346,9.241847468332453e-05,5.7896629058518485e-08,0.0008368010443064347
37,0.001136116815365183,0.026733621319959103,1.587810680427798e-05,0.00020198906405525515,0.00048244632884985195,0.0002867500937102612,4.616339673320574e-06,0.0015895337580915483,0.044536389107161116,0.0001970139582463297,0.048415324542265936,9.88961412961463e-05,3.4333675992765654e-09,7.316313944210544e-05,0.8377225780229318,5.24804525928967e-05,4.694470430366529e-05,0.00020734244044919774,0.01312825867178847,1.7948413926450623e-08,2.2249003409355453e-05,0.023464285778096252,0.00010618545872272661,2.1295464599631705e-07,0.0014777024163574691
38,0.00024047094655346019,0.02496953728223184,7.128382473293543e-06,0.00014106681673117078,0.00017867644218596282,0.0004381775992190709,1.9071708103570938e-06,0.0019784069237526155,0.049586426197909456,0.00012365134568379735,0.024436757139872294,6.372955664386404e-05,1.6901562950323986e-09,1.1351258692258164e-05,0.8637125908654634,4.63579645771586e-05,1.654004622153927e-05,0.00014919240305414776,0.00866173392705204,8.906333645403081e-09,1.4645426406024488e-05,0.024699859511568317,5.177741117872774e-05,7.025722453050183e-08,0.0004699345280048093
39,0.00017383138819248185,0.044641535374723526,1.0650843289471852e-05,0.00014189959917296856,0.00014708483931290313,0.0006632370892086283,1.1760474691577495e-06,0.0033419947088014035,0.06710285791833251,9.612060654640085e-05,0.013939890575677159,8.904846093510411e-05,1.5603505797445412e-09,4.555283181694557e-06,0.8023312042182005,6.27624729305138e-05,2.197035149541295e-05,0.00011973900034415018,0.012286783808522068,6.411326735882585e-09,2.4507382282830646e-05,0.05441409372282434,3.2865618613577326e-05,5.860425952351455e-08,0.00035212411400628243
40,0.0005965084786525982,0.038106606403179775,1.5023966879191989e-05,8.904843955928752e-05,0.0005772852261691671,8.219475223503069e-05,1.4349238955812588e-06,0.001252538885179762,0.041735378824050394,8.232326546055166e-05,0.055254046533390624,7.216973440329305e-05,1.3901270823160888e-09,4.3121138613183475e-05,0.8371715758170553,1.3556758514798974e-05,1.5973203954689625e-05,4.846736567430821e-05,0.00705529020258411,9.31795945155412e-09,7.512710618815421e-06,0.01636443590601682,2.765139131424006e-05,4.0123779109403935e-08,0.0013878052407330637
41,0.000314736449185241,0.03369294825523005,7.205944292137939e-06,0.00015761678443133357,0.0003163198317594843,0.0002450867503385102,1.3047479745908376e-06,0.0020939709143011813,0.07734205992702325,0.0001360575266216065,0.037158817612045786,4.714062870947808e-05,1.4180942788275855e-09,1.2773868618848304e-05,0.8188696978739755,2.3990294981485824e-05,1.3186387603788279e-05,9.196252060849618e-05,0.007693507039042928,9.215052615475357e-09,6.985784163629018e-06,0.020970723132369796,3.5022632262063625e-05,3.721366895178256e-08,0.0007688372476449262
42,0.0006166190436500092,0.010040908821583032,5.899112992832858e-06,0.0001068807211207916,0.0004410189930044588,0.00011899809378778323,2.9185425010358172e-06,0.000799319699394514,0.04385520975305762,0.0002378425525046929,0.07601613888257158,4.846862557345687e-05,1.4257424089293541e-09,6.893222882021257e-05,0.8557677652471231,1.1229882384140788e-05,1.520782459502846e-05,9.846997826244109e-05,0.003230952395374874,1.6608016474328456e-08,7.21950153839764e-06,0.006661488480295977,9.709025694811627e-05,7.101098106742346e-08,0.0017513323181760582
43,0.00026613538681888457,0.02801647856388024,1.2701968611622671e-05,0.00020817847507380714,0.0002763035942373569,0.0008581290332411078,2.298043519703003e-06,0.0043237026798839265,0.10763406986405982,0.0003881898800827812,0.02057012962163432,8.50370801253015e-05,2.9866715985383504e-09,5.788329132183165e-06,0.7740510494463066,5.97555983490649e-05,3.4125010476487444e-05,0.00013024074696713113,0.012565525073656941,1.4062068677038271e-08,2.3960161639797597e-05,0.049896288210443195,5.491126287184973e-05,1.0688702735921218e-07,0.0005368780332202604
44,0.00036032294197793277,0.031603641835167846,8.009654013714156e-06,0.00015719534825460118,0.00029557486199978346,0.000277965804230644,1.762740890833845e-06,0.0021260471879899863,0.07356083456057537,0.00016164743856490895,0.03594424718028603,5.992626586774046e-05,1.5145178221708595e-09,1.4261144442389633e-05,0.8192983303880452,2.579556048324958e-05,1.9091879913772335e-05,9.577278207193597e-05,0.008002600458707288,9.563520357511646e-09,9.020531920727986e-06,0.02699443580278325,4.242500680701694e-05,5.277755978528252e-08,0.000941026769407955
45,0.00036002046737363666,0.03156501433350854,8.008194764720604e-06,0.00015708359715539919,0.0002951103125375354,0.00027817773289416105,1.7647942169071973e-06,0.002133501994812402,0.07354513895431831,0.0001616948954564346,0.035881536695693377,5.997881174661752e-05,1.517773643870276e-09,1.4233230686609986e-05,0.8193926144868775,2.584789508775187e-05,1.908511985364479e-05,9.584844823286148e-05,0.008006778597242413,9.561492935613926e-09,9.018012623447754e-06,0.027008954687499715,4.233623005608473e-05,5.2834471704773396e-08,0.0009381885936238553
46,0.001147699198370946,0.04067322025656639,2.0875760622994408e-05,0.00039659723736177834,0.00046099922839344117,0.0006498082249793943,5.522502021801586e-06,0.005423626815235628,0.12024806045908004,0.00045681404453957927,0.04590402034926835,0.0001560980785384554,5.3113972299734044e-09,1.6177996161120556e-05,0.6588351485471629,6.743995066555481e-05,0.0001235852110179049,0.0001613841216950769,0.01891409780690172,2.0605609396463952e-08,2.2950975930610382e-05,0.10448085933107382,7.058353969107506e-05,1.8308644270342827e-07,0.0017642213612722563
47,0.0006811806161124268,0.037782402649986675,1.3554026453522958e-05,0.0002474668836828305,0.00035947080344158195,0.000396345971365427,3.1666724611819546e-06,0.003637004654344115,0.09068299814855321,0.00022913745409816264,0.0370262677597035,9.752745055708732e-05,3.0096860499946744e-09,1.6759533136455115e-05,0.7663507083805413,5.028611886384511e-05,3.776742214869142e-05,0.00012491439528113758,0.013625686399673717,1.2243923816038186e-08,1.3125233579905845e-05,0.04746276968944675,4.949222234618688e-05,1.0182940215696894e-07,0.001111850431210026
48,0.0004510369117635479,0.03702254110441335,9.415264743428245e-06,0.00016633354776792779,0.000315985628622256,0.00034650030309145495,2.123918166231267e-06,0.002679032710178033,0.08135321776803787,0.00019896316710368037,0.032121451664495364,6.31462000605326e-05,2.0319365443478307e-09,1.3709663132349463e-05,0.7976314042841167,3.133475812402933e-05,2.7385134539678317e-05,0.00011038070972604776,0.011578276194136755,1.0210796559556385e-08,9.991093281075067e-06,0.03479723766178003,4.495986871785206e-05,7.810529804091122e-08,0.001025482095970591
49,0.0002506634719551299,0.04323842673146798,1.0225091750825526e-05,0.00017568303623071796,0.00025246870653354635,0.000426708762893594,1.7994248172264452e-06,0.002981364469113859,0.08347611147220495,0.00017479011953935983,0.026714439036706634,9.191249410043622e-05,1.6324381324796122e-09,7.805427272060723e-06,0.7791144383600399,3.1541274530808366e-05,2.1482872623655997e-05,7.659373344045646e-05,0.008607083598215968,9.214440157749707e-09,1.1109846008676972e-05,0.05345681891551023,3.206940441866993e-05,5.343738680515995e-08,0.0008463994663600593
50,0.000474738319146101,0.028072993199598873,9.228157218403586e-06,0.00016921086968120893,0.00033447733622202967,0.00027257181241853207,2.32412722387255e-06,0.0025717183463496557,0.07818662453947954,0.00020636754841189716,0.040164695466620166,6.720155514259419e-05,1.991586056248128e-09,1.7349821049614588e-05,0.8123591716673514,2.848491294404085e-05,2.310722502193412e-05,0.00010006143295866395,0.008679341247840769,1.1327205708988056e-08,8.904825253547617e-06,0.027151009955422904,4.4804177478694007e-05,6.722661046209792e-08,0.0010555329117634315
51,2.836351734977059e-05,0.09423094739771756,9.345480275489684e-07,0.00010244249430003705,3.274617363542467e-05,8.861261054668988e-05,1.1268812997515531e-07,0.0010986279819337897,0.025438689594123542,1.2037350234436393e-05,0.012375844535313103,1.82399089498893e-05,1.402091443080027e-10,1.6719248174931476e-06,0.8395942405834437,4.004194305530194e-06,1.7111462853420138e-06,2.98507843790633e-05,0.0013630550147690813,1.5935853797509741e-09,2.0035086354088154e-06,0.025227254438502544,7.955084446202072e-06,3.382562845570194e-09,0.0003406494037965522
52,0.0002122113621911271,0.016018883148455506,4.314994458137837e-06,0.00013310744921523173,0.00019846332769700567,0.00030193667029736735,1.1163940011640251e-06,0.0028757684567613027,0.06150736502920965,0.0002231659626690595,0.03099815865618733,5.114899448233875e-05,1.78331271154495e-09,9.518857506185024e-06,0.8663036098885423,2.1847141538266607e-05,8.558192175075515e-06,0.00011956310556175871,0.005611467607975177,1.2248634497937318e-08,5.308985994553866e-06,0.014925291744188926,2.852165730638798e-05,3.8101691470958237e-08,0.00044062023994753907
53,0.00035464062951095024,0.028931320362744994,7.981266702403467e-06,0.00015981136835310815,0.00029452094276132316,0.00027356964061266137,1.8755624703542096e-06,0.0020545738891212645,0.0729159509556091,0.00016388604598747497,0.037873910375483724,6.188941527258798e-05,1.4935652552960545e-09,1.491642815889377e-05,0.8225868583596244,2.5954736992536242e-05,1.8880543335663732e-05,9.715868503601874e-05,0.007261809821794958,1.002266144239568e-08,9.391216422801352e-06,0.025905611494050722,4.522217281206678e-05,5.2317200723232764e-08,0.0009402022537144633
54,0.00018330847049182058,0.06636298344582262,2.64831466730529e-06,7.335302812317022e-05,0.00013350469258671408,0.00015216243557102988,8.400422396499387e-07,0.0009971573385591694,0.04737276945590188,4.67117373433071e-05,0.01563477308559789,2.8548441498773913e-05,3.1686758499074174e-10,9.259681336145816e-06,0.8347018322808916,7.804325393632308e-06,7.6205814224699314e-06,3.3674753246818736e-05,0.005161453590340917,2.0918048054426843e-09,3.3134075203678216e-06,0.027720127642349917,2.0217374420431637e-05,2.6078355040419748e-08,0.001345907387646954
55,0.0004079146531768954,0.020469444185151765,7.953298055424298e-06,0.000164842139117821,0.0002510609492709047,0.00035973249548726973,3.0027685362092727e-06,0.004418970958539183,0.1026125164286909,0.00017138136180978953,0.03195795334120449,0.00016953593853808306,2.546177143475951e-09,1.4616396329740838e-05,0.7970876314447476,4.4804534760406746e-05,1.5457059027132965e-05,0.00012020685946763585,0.006355037750727609,1.0578984395497269e-08,8.260376846539807e-06,0.03465575586975291,3.231953454423248e-05,5.901515918125629e-08,0.0006715295158965967
56,0.0003979440668855574,0.0316122530021976,8.859483813649214e-06,0.00017277299482865418,0.00031059472829227846,0.0003080499479750788,1.9831405685119627e-06,0.002546469996604881,0.07804528476951582,0.00018436398750514382,0.03635726653896771,6.605481021922273e-05,1.9711994419167677e-09,1.465581453465406e-05,0.8114663574226895,3.006794336496671e-05,2.117868882770103e-05,0.0001065879626855443,0.008887858740346246,1.1087274403618796e-08,9.424265086620537e-06,0.02847776312757921,4.360862129096292e-05,6.179111665912863e-08,0.0009305250966300296
57,0.00040029604297850966,0.03341813211784486,2.5987993364382437e-05,0.00016060496143224337,0.0005075592136691711,0.000401546739513744,2.7184278731334978e-06,0.0036483545066912236,0.10549774821847828,0.00029336292212593646,0.03652832448810821,0.0001356480706439699,3.204747786862578e-09,1.275484374543009e-05,0.7619512303742009,4.7080905529402435e-05,3.0805744407847126e-05,7.06442433283468e-05,0.011770932372398964,1.573908452350056e-08,1.6090636815629163e-05,0.044122924222207455,3.751174014266287e-05,8.154279377139229e-08,0.000919640727873659
58,0.00044125158747429055,0.03373769574139998,9.567407037502636e-06,0.00015833839338298016,0.0003095432937093049,0.0003639010943297975,2.2435586199643003e-06,0.0026481472337077042,0.07673193638141503,0.00022115586501225543,0.030218086726868203,6.873109085223778e-05,2.303399833306871e-09,1.5243307685922813e-05,0.8112985583895699,3.200832964988961e-05,2.584991671211286e-05,0.0001164045188558558,0.010960318071709012,1.1314902981874045e-08,1.0646444687077035e-05,0.0315869123584527,5.062029326182669e-05,9.505943928557751e-08,0.000992731317864321
59,0.0004469724230929549,0.033142013563128084,1.1477331547242887e-05,0.00016700034806433134,0.0003329639948050303,0.00033883529496344885,2.31681226967197e-06,0.002763066601056792,0.07733046017992518,0.00021768631443588085,0.03343487191751524,7.439852954237965e-05,2.429591258828999e-09,1.5676856574474125e-05,0.8083968580083783,3.4236518715536726e-05,2.6602123876748933e-05,0.00011018915512116348,0.010510896051149464,1.2534421460002451e-08,1.161968771594249e-05,0.03161072142644139,4.9797439553591405e-05,8.962004196196077e-08,0.0009712348380724705
60,0.00036032294197793277,0.031603641835167846,8.009654013714156e-06,0.00015719534825460118,0.00029557486199978346,0.000277965804230644,1.762740890833845e-06,0.0021260471879899863,0.07356083456057537,0.00016164743856490895,0.03594424718028603,5.992626586774046e-05,1.5145178221708595e-09,1.4261144442389633e-05,0.8192983303880452,2.579556048324958e-05,1.9091879913772335e-05,9.577278207193597e-05,0.008002600458707288,9.563520357511646e-09,9.020531920727986e-06,0.02699443580278325,4.242500680701694e-05,5.277755978528252e-08,0.000941026769407955
61,0.00043682650113051444,0.032772650411537776,1.0943770232969024e-05,0.00015613323127899046,0.00033930862730884926,0.0003219627071292674,2.1452558617103073e-06,0.0024686776395694415,0.07817043794602593,0.00020263697761394958,0.03407134014311761,7.029361942676421e-05,2.1281506603156513e-09,1.5770531622357643e-05,0.8099459495494932,3.1544539484904356e-05,2.499146785309559e-05,0.00010257332214808036,0.01016869144884336,1.1501631505412012e-08,1.1231292395645515e-05,0.02962877370070424,4.9137099249571026e-05,7.941752612888508e-08,0.000997887170663355
62,0.00036032294197793277,0.031603641835167846,8.009654013714156e-06,0.00015719534825460118,0.00029557486199978346,0.000277965804230644,1.762740890833845e-06,0.0021260471879899863,0.07356083456057537,0.00016164743856490895,0.03594424718028603,5.992626586774046e-05,1.5145178221708595e-09,1.4261144442389633e-05,0.8192983303880452,2.579556048324958e-05,1.9091879913772335e-05,9.577278207193597e-05,0.008002600458707288,9.563520357511646e-09,9.020531920727986e-06,0.02699443580278325,4.242500680701694e-05,5.277755978528252e-08,0.000941026769407955
63,0.00028466937346167823,0.03990027930522365,6.334084924795417e-06,0.00014084471505292873,0.0002540914251559667,0.0002701912301902343,1.3217047920665615e-06,0.0018175638608615198,0.06979654777369937,0.00012210495697153128,0.030325246500867487,4.744245570543545e-05,1.1600952781077565e-09,1.130476529674246e-05,0.8209042205050858,2.101088191650842e-05,1.5720382933866744e-05,8.88907987003694e-05,0.007738626817218911,7.578579856833022e-09,7.819406298860415e-06,0.027290164594918512,3.784694420476057e-05,4.271770823499486e-08,0.0009177060601356167
64,0.00031049940776117503,0.031246556543154093,1.0923139184336772e-05,0.00015009448019605442,0.0002858234099788321,0.00030355396286419015,1.6493598056162855e-06,0.0019121131098441895,0.06646143434982231,0.00015117762850178242,0.033037094834215276,7.15633025974438e-05,1.5108974481386325e-09,1.3459252712070538e-05,0.8293718839051033,2.9844003352336557e-05,2.1860300390882335e-05,8.996293358800781e-05,0.007490495915671916,1.0430714201327311e-08,1.5605917257944472e-05,0.028128240300554542,5.1456927885086044e-05,5.737784916133117e-08,0.0008446376960979671
65,0.00014681291968103084,0.06082031704350254,4.707397174632068e-06,9.951769728686506e-05,0.00013659788434144197,0.00032059987069038906,8.165732951023936e-07,0.0007547429390250692,0.0420130318272524,5.380982330496905e-05,0.01561085010519146,3.5983284579050027e-05,5.400042482821413e-10,9.165622284347393e-06,0.8457734438172934,1.6436522154309926e-05,1.3397127376320736e-05,9.531930904050045e-05,0.005953023727982789,5.193375640743646e-09,1.4836633309434823e-05,0.027175271590937498,6.403704596608261e-05,4.907399846981821e-08,0.0008872264309518709
66,0.004809086855731766,0.019286041692704824,0.00012516194365602855,0.0005510954149024747,0.004217194318037454,0.0006501352092114252,2.0405541299774327e-05,0.009251316674250975,0.2879130774740302,0.0016176893738787646,0.11507438730682229,0.0001557997575831464,3.951634614167586e-08,5.512999293338336e-05,0.47534481360468783,0.00020300518952823756,0.00014740866995160675,0.0001913650045984036,0.04758315113895828,9.972636529612183e-08,2.3128831841635026e-05,0.031078601476789623,9.451587401306143e-05,4.0371493411322873e-07,0.0016069456969432828
67,0.00011201425629759904,0.051306457919794886,3.6414911980292623e-06,9.696121091293547e-05,8.656134942772624e-05,0.00045164194784080006,9.091894612329998e-07,0.0006353456260732211,0.034710541826483025,6.095188397651524e-05,0.014976255020599221,3.7312943433236554e-05,4.679630724373701e-10,7.907340183877947e-06,0.8592116718304585,1.5415703065871147e-05,1.714429783652e-05,0.00011089224588774072,0.005362998118406754,5.355657436008245e-09,1.7052916956630606e-05,0.031679349611053634,8.682010487445572e-05,5.781671314132392e-08,0.0010120895254439198
68,5.7688511491939855e-05,0.013068366773073666,2.766964197104359e-06,6.657943664515115e-05,6.352712240587202e-05,0.00034552059096337273,8.800619384715544e-07,0.001960182553780134,0.027300597411309423,8.461712615684882e-05,0.014844129608735514,8.369139688843064e-05,6.478156898451709e-10,4.194630358741222e-06,0.9189145054486827,1.4115670569670427e-05,6.3857553712068394e-06,8.645051606913048e-05,0.001779988923518258,6.719178885113167e-09,1.1891319542807628e-05,0.021028234291104012,2.3790948769392712e-05,2.6841941905045295e-08,0.0002518607294915995
69,0.00014492943080966701,0.01774291693002705,3.4521401204990356e-06,0.00011205153914046165,0.0001583499809368558,0.000142080025744392,7.662813350185747e-07,0.001259356059324373,0.05744223631726717,9.455275404194252e-05,0.047107165774739966,3.7373130662124976e-05,5.956632518046988e-10,7.682078510086577e-06,0.8581056370439051,9.551008711584733e-06,9.166198280211445e-06,7.498410082683761e-05,0.0022039704295315353,8.583954074712855e-09,6.645389733932691e-06,0.014617137963600988,3.95881843120399e-05,1.4220187086885957e-08,0.0006803838386336403
70,0.00037425096624461987,0.032023081587655024,7.906998805404202e-06,0.0001519962953328041,0.0002941771154720406,0.0002702224650332804,1.765501504612943e-06,0.0021241685386097467,0.07196671165755154,0.0001614356435942528,0.035407224350334575,5.8891068269479475e-05,1.5280854825485997e-09,1.4596705514700466e-05,0.8205217347782109,2.512536375663563e-05,1.9868843249884348e-05,9.672984006650073e-05,0.00826777654016978,9.373740256085529e-09,8.895315926872982e-06,0.02719850620293555,4.235399381448261e-05,5.5149165400530973e-08,0.000962514176956176
71,0.001117693354857052,0.019541678506433836,1.547705999488889e-05,0.00024928911544938484,0.0006564851349051558,0.0003961511369669515,9.338924858356447e-06,0.005021569413763907,0.1520160553994856,0.0005449458987873236,0.052615870737257646,0.00010206649033803668,4.84823972636216e-09,2.6782373238684322e-05,0.7201272887804288,4.728187722238265e-05,4.789517612919076e-05,0.00011350164985296545,0.011024732799573356,2.0777775331306528e-08,1.0069724474123972e-05,0.03455202762721702,6.52724277103142e-05,1.6447727933795572e-07,0.0016983362877605642
