,0,1,2,3,4,5,6,7,8,9,10,11,12,13,14,15,16,17,18,19,20,21,22,23,24
0,9.826702195356113e-07,0.0003572076193575092,2.5189008210286857e-06,7.625791508888485e-08,3.845654826411922e-05,2.5331664474167276e-06,0.0005817330167287262,1.5968694119850093e-06,0.002192917761534891,3.4913402589955283e-08,5.2854679579541836e-05,5.821279506783872e-05,1.605601629857293e-09,4.368497406024928e-07,0.9913036617004964,5.772795641271994e-06,6.40689116257006e-07,1.4122832771489522e-07,0.0014001924199516542,2.731612893016903e-09,1.2907916298435578e-05,0.003169357920941663,2.30534252956062e-07,2.8619624762369377e-08,0.0008174997896435525
1,6.490312454477172e-06,0.002238771394542721,2.280127133701738e-05,9.130941399590537e-07,6.198204988021768e-05,4.6306766553620025e-06,0.0053101673618597325,4.622936442155352e-06,0.0033758475132660976,5.889999981836188e-07,8.866836596750475e-05,0.0003942327818285031,2.503818815074868e-09,3.6476678105777812e-06,0.9736132744727832,8.153822594198444e-06,8.592981422600708e-07,8.300928317878717e-07,0.0014481332931498773,7.291068274836807e-09,3.7995570431430726e-05,0.006038572213800728,2.088292248788374e-06,7.436471767793853e-08,0.0073366443582303185
2,4.756948612758391e-06,0.0016275140123474248,1.0882346409261558e-05,6.036740241617822e-07,8.967253850354555e-05,2.7554722051770756e-06,0.004404038993239336,2.892820647074734e-06,0.0019219373372889286,3.4208529879926956e-07,8.663001256523993e-05,0.0002788905473845158,1.961898934688926e-09,4.752905926394923e-06,0.9764635338681856,4.461791715405204e-06,9.965388797378117e-07,6.870140205677103e-07,0.0006164182842824144,7.1425002308735454e-09,2.1963449938531518e-05,0.004583216141937915,2.1688005106547063e-06,3.7140531408468895e-08,0.00987083817114608
3,6.629771358608836e-06,0.002536588770233476,1.9717841609257658e-05,1.4332879102295568e-06,8.64322353684822e-05,4.837038331091323e-06,0.006487852918685183,4.970363974108433e-06,0.0027571805525859394,6.398970571901972e-07,0.00015124686976674095,0.0005002971958874168,2.745121730208896e-09,7.4469903111101254e-06,0.9661285919375481,6.49397390463669e-06,1.5693111024578063e-06,1.1692619986914605e-06,0.0011633587220179992,9.267710306318574e-09,4.6403909967880374e-05,0.00853231583129873,4.138076348891386e-06,8.241574191848447e-08,0.011550590814159666
4,7.026457669030548e-06,0.0026347559997127543,1.8956371578286423e-05,1.5028511634965348e-06,8.977987315895075e-05,4.777817128202674e-06,0.006439492011786198,4.8625762506554e-06,0.00288576910231124,6.256182943660299e-07,0.00015714422882915374,0.0005940816249655842,3.5326685084560833e-09,8.304308956305955e-06,0.9637914466253841,6.522487797604389e-06,1.8643672815706996e-06,1.2396964154279164e-06,0.0012283504851658639,1.0208336452384543e-08,5.0247543227783674e-05,0.009593398706526302,4.344829916814528e-06,8.843145262789478e-08,0.012475404244022551
5,9.231418956142789e-06,0.0031658924724183276,2.3741361429435587e-05,2.6281688346512827e-06,8.678508361483762e-05,5.844848085741039e-06,0.007416465324746322,5.773391618855582e-06,0.0033484016555820864,8.86701711384359e-07,0.0001859891229877424,0.0007833319897834588,3.950462018347906e-09,1.194011638611501e-05,0.9546154880406409,7.440483189158305e-06,2.36310099056086e-06,2.1351061660917775e-06,0.0012322909212391228,1.2583298147252676e-08,6.616353779985751e-05,0.012576556593399483,5.819453748734764e-06,1.1863095537871136e-07,0.016444695941955276
6,6.629771358608836e-06,0.002536588770233476,1.9717841609257658e-05,1.4332879102295568e-06,8.64322353684822e-05,4.837038331091323e-06,0.006487852918685183,4.970363974108433e-06,0.0027571805525859394,6.398970571901972e-07,0.00015124686976674095,0.0005002971958874168,2.745121730208896e-09,7.4469903111101254e-06,0.9661285919375481,6.49397390463669e-06,1.5693111024578063e-06,1.1692619986914605e-06,0.0011633587220179992,9.267710306318574e-09,4.6403909967880374e-05,0.00853231583129873,4.138076348891386e-06,8.241574191848447e-08,0.011550590814159666
7,4.2363040436550424e-05,0.005575422304489799,0.00012416443605313778,1.9265084242767246e-06,0.0001824823407650805,1.181316214040333e-05,0.016778994360374368,1.160193006164082e-05,0.004646625153824747,1.7725168449182433e-06,0.00030204464680319673,0.000835642423130608,7.2433214901346336e-09,9.2029345684785e-06,0.942596563616906,9.362061149171445e-06,1.9238094692761654e-06,2.2510377511012225e-06,0.004086306843335104,1.7495232165053115e-08,5.0409053400507796e-05,0.006226885893984506,8.878177197130494e-06,3.330964159729469e-07,0.018493005913920297
8,3.53539273287035e-06,0.0013310563476733803,1.0017554356328343e-05,7.682803604951818e-07,5.40729937027488e-05,3.2014252285503385e-06,0.0034776003778916893,3.4540136497975033e-06,0.002404419905495258,2.8677779991782985e-07,0.00010854943188589755,0.0003496278027263106,2.0154413911973084e-09,4.272672832500579e-06,0.9757974924256713,5.325385981697763e-06,1.21559960987794e-06,8.163627679450255e-07,0.000891332743895869,5.574026625256562e-09,3.605262704759294e-05,0.008616016725419078,1.9053670171921046e-06,4.9228003984128234e-08,0.006898922968781866
9,5.945989102201441e-06,0.0020673577823642447,1.5277019588145975e-05,1.056975777431734e-06,8.368333685655164e-05,4.3043708971853855e-06,0.005325508943072099,4.610110769214131e-06,0.0025040524183355603,4.706273686914799e-07,0.00014959327835371681,0.00041112149599626063,2.422717273907814e-09,6.560591706056764e-06,0.9702353410311153,5.830819673111739e-06,1.5160128158126982e-06,1.0494560491734465e-06,0.0011263571729300847,7.68483512410811e-09,3.714018059087867e-05,0.008192147894141355,3.282578185321018e-06,6.90505309715185e-08,0.009817712756228059
10,6.629771358608836e-06,0.002536588770233476,1.9717841609257658e-05,1.4332879102295568e-06,8.64322353684822e-05,4.837038331091323e-06,0.006487852918685183,4.970363974108433e-06,0.0027571805525859394,6.398970571901972e-07,0.00015124686976674095,0.0005002971958874168,2.745121730208896e-09,7.4469903111101254e-06,0.9661285919375481,6.49397390463669e-06,1.5693111024578063e-06,1.1692619986914605e-06,0.0011633587220179992,9.267710306318574e-09,4.6403909967880374e-05,0.00853231583129873,4.138076348891386e-06,8.241574191848447e-08,0.011550590814159666
11,7.015141888728136e-06,0.0026188331362415403,2.0406772990170547e-05,1.4846628588252065e-06,9.205157621167973e-05,4.935991432221797e-06,0.006675025156102233,5.092651315724465e-06,0.0028554157839908592,6.518850859589962e-07,0.00015823749743586,0.0005530953127733156,3.3553987978047895e-09,7.63707297211872e-06,0.9650582779439196,6.770263113799736e-06,1.7317639782212673e-06,1.1819709612216178e-06,0.0012503233488189395,1.0373945316959634e-08,4.8571037450473095e-05,0.008827377658264798,4.428538984177869e-06,9.198846067739394e-08,0.011801349115404645
12,1.197396655244265e-05,0.005071373629350725,1.851635073103916e-05,2.4809547356426493e-06,0.00019577820423720237,8.162540703350167e-06,0.007473497374182169,4.126228860352722e-06,0.003105234046706568,1.2222782557535982e-06,0.00015833660129844078,0.0005265189090467438,4.2873655950410635e-09,2.756444503049561e-05,0.935104321507911,6.023907423369043e-06,5.2343303829873e-06,2.770553786754768e-06,0.0008920527546008464,1.9885594333347745e-08,7.192078213104476e-05,0.010642056791279761,8.594814308699881e-06,7.291411730690844e-08,0.03666214194140735
13,3.900241141564008e-06,0.0017551339029006328,1.3947434738193805e-05,1.5739653856312253e-06,8.14111366522893e-05,3.641986317407067e-06,0.00713465112624972,6.19861038864213e-06,0.0018494114756298968,4.062205969210072e-07,0.000336094439291514,0.0006706888077926505,2.3851827274039997e-09,1.030441588600364e-05,0.9649024381583899,5.12537699722374e-06,1.7916276412834381e-06,1.0404115944022076e-06,0.0009886687206316607,7.115372281287531e-09,4.792157801864358e-05,0.012644819460771003,5.446378336118038e-06,8.257999080152277e-08,0.009535292444102771
14,8.202481178285356e-06,0.005417967546311288,1.6987166917451932e-05,1.8661749623164505e-06,0.0001453501500106222,5.619905533236233e-06,0.008820596418938524,6.579687194637114e-06,0.00290674223056606,1.032061073546647e-06,0.00023027709027315807,0.0005133478075826698,2.3023633160333375e-09,1.373901514206356e-05,0.9599087923028912,7.431288952998718e-06,1.5683615737009267e-06,1.1617551965896609e-06,0.0016470202379508035,1.275105347271334e-08,3.963459945608054e-05,0.008542104121526062,6.789720829152787e-06,1.0628738812613715e-07,0.011757068535134947
15,6.629771358608836e-06,0.002536588770233476,1.9717841609257658e-05,1.4332879102295568e-06,8.64322353684822e-05,4.837038331091323e-06,0.006487852918685183,4.970363974108433e-06,0.0027571805525859394,6.398970571901972e-07,0.00015124686976674095,0.0005002971958874168,2.745121730208896e-09,7.4469903111101254e-06,0.9661285919375481,6.49397390463669e-06,1.5693111024578063e-06,1.1692619986914605e-06,0.0011633587220179992,9.267710306318574e-09,4.6403909967880374e-05,0.00853231583129873,4.138076348891386e-06,8.241574191848447e-08,0.011550590814159666
16,4.0189307046176295e-06,0.0022137781268705497,1.3459790564294797e-05,1.5553629880329506e-06,5.6581166905839605e-05,3.13445532150419e-06,0.006586972018383494,5.325252832350276e-06,0.0024612586248743094,7.678940306740187e-07,0.00010325662381461895,0.0008362817526451478,2.973838342909245e-09,8.559734384924e-06,0.9617361972522127,7.5956339933712085e-06,1.4200020050069365e-06,1.0750819040163891e-06,0.001013849777360105,9.733790402282688e-09,7.624585854378675e-05,0.01348067951198329,3.984568453810916e-06,6.170173744727197e-08,0.011383928169857283
17,4.917084925506475e-06,0.0024909005559657074,1.2351770848368354e-05,2.3058734154868983e-06,0.00011868453346030274,3.7314328869441424e-06,0.007946130106574334,5.985769196673393e-06,0.0018795627793426327,7.561800462628432e-07,0.0002321100185327685,0.000834545894351134,4.275163699689163e-09,1.7475294949075917e-05,0.947953517967747,6.111365069974068e-06,4.337914351995156e-06,1.6014453623899583e-06,0.0008542147214817945,1.5791928768447266e-08,7.181123161772795e-05,0.018491169888088948,9.566417640085761e-06,7.65418753027698e-08,0.01905811514517681
18,8.637127672475564e-06,0.0024882611456902046,1.6795066427516998e-05,1.7905884682885404e-06,0.00012537348484072103,4.41655963204205e-06,0.007555514435015296,3.824112443865948e-06,0.002423401927456599,8.682994408783056e-07,0.0001231904923205127,0.0007612503651013475,5.231495091890471e-09,1.7210177669494063e-05,0.939942151896752,5.304857115511999e-06,3.986782662996292e-06,2.360618268754618e-06,0.0006639264629022161,1.6054558199544374e-08,7.292770451120407e-05,0.012123294120258175,6.76325878264396e-06,6.050249906171305e-08,0.03364866872801512
19,4.40548370066644e-06,0.0022902260587161073,2.0262818101996138e-05,1.6952901550621774e-06,5.9469251425639385e-05,2.5493526291478954e-06,0.009700725919497463,5.5389381098081555e-06,0.0026723305770503312,6.337948649605523e-07,0.00010887400392798692,0.0009180409432079708,2.791056434174072e-09,6.121424245634932e-06,0.9627308774337372,6.890874090587223e-06,9.981065509595815e-07,8.079293043437941e-07,0.0008661334241293509,7.80043295189148e-09,5.358568725450569e-05,0.010031613082092581,3.5385204871511513e-06,6.12245155813783e-08,0.010514609270715448
20,1.8669110606233014e-06,0.000796489481277693,8.612909072672164e-06,7.187277667273832e-07,2.7901112082987893e-05,1.7856905298472254e-06,0.003291595025938036,4.389103917701298e-06,0.0013802306532627224,2.3776503110827862e-07,9.064037287274888e-05,0.0003348610574642969,1.1611165783679984e-09,3.0003327434652906e-06,0.9803925607117856,4.843274482682052e-06,6.602161728303456e-07,5.286835340215735e-07,0.0005801667311889703,3.758400191124891e-09,2.5105160287186608e-05,0.008583189729880127,1.4295989420128794e-06,3.0311865763581396e-08,0.004469151519323478
21,7.291787220947297e-06,0.0037622442147460674,1.9232701560933735e-05,1.9386675950824134e-06,6.626246834220016e-05,4.261888309162665e-06,0.007867770239145061,7.0090581398529955e-06,0.0035998259135042532,9.150148752450887e-07,0.00012952761062766843,0.0008189121127111962,2.645535361982265e-09,1.1014293418384221e-05,0.9617704472155785,9.97494603184671e-06,1.055574593401051e-06,1.4056007456185905e-06,0.0013782744027773962,9.164650313392859e-09,5.577839747702693e-05,0.010422542085084157,2.8990182852620003e-06,7.813399790450279e-08,0.010061326845047236
22,9.938754692362625e-06,0.0018291396342156965,2.12333937427318e-05,1.3092694843924585e-06,8.361419178111049e-05,6.141693636408839e-06,0.003938864180116935,4.970957890903189e-06,0.002720946755471948,5.348550030635242e-07,0.00018069770930646925,0.00036110928516375744,3.0407982029036247e-09,7.759945521383485e-06,0.966321585860706,6.330143030352496e-06,2.7408200864521274e-06,2.2398062258341358e-06,0.001103436132468527,1.0020660112543646e-08,4.301037909907865e-05,0.010553486052399478,3.618378660140295e-06,9.075834778028103e-08,0.012797187981490871
23,6.629771358608836e-06,0.002536588770233476,1.9717841609257658e-05,1.4332879102295568e-06,8.64322353684822e-05,4.837038331091323e-06,0.006487852918685183,4.970363974108433e-06,0.0027571805525859394,6.398970571901972e-07,0.00015124686976674095,0.0005002971958874168,2.745121730208896e-09,7.4469903111101254e-06,0.9661285919375481,6.49397390463669e-06,1.5693111024578063e-06,1.1692619986914605e-06,0.0011633587220179992,9.267710306318574e-09,4.6403909967880374e-05,0.00853231583129873,4.138076348891386e-06,8.241574191848447e-08,0.011550590814159666
24,1.13090109001404e-05,0.005678412055870248,2.2609087146824865e-05,3.0241698271954653e-06,0.00012038519895472873,6.949654770554791e-06,0.00855051987980698,7.4447716042884115e-06,0.003504691975408109,1.2968395378710455e-06,0.00021306430659619923,0.0007682138971121481,3.904612256907075e-09,1.8867609300306983e-05,0.9489397268745495,8.758967799895093e-06,2.833077524717607e-06,2.1542996867524793e-06,0.001724736217872217,1.6575730645005467e-08,6.41760704890262e-05,0.013282673739707955,7.396140619606804e-06,1.2646119186549455e-07,0.017060609213380006
25,4.920134152014272e-06,0.0026546356456503837,1.7327055276480233e-05,2.7543708454730546e-06,0.00010288327895094127,5.0483961885003694e-06,0.011409388281291653,1.7671742703717165e-05,0.0019811643784365387,7.744764844812047e-07,0.0005611494889715629,0.000669288217944029,1.7854952704189789e-09,1.8407065559891546e-05,0.9579021164179553,8.923147158591608e-06,1.8437902681493447e-06,1.4981950334155611e-06,0.0015143718384060157,8.84354102511142e-09,5.1433204856721966e-05,0.01573324161984156,7.009982810526357e-06,1.0808774215729587e-07,0.007334030554435488
26,4.347011695673572e-05,0.006494223573596256,8.033330394627474e-05,3.054135896376192e-06,0.00026097313578194516,1.831009950039506e-05,0.009037453910218405,6.34218754922029e-06,0.0077456009921745336,1.468195130063256e-06,0.0004021367259952226,0.0007380428965202702,1.1643881347644222e-08,9.463625601205626e-06,0.937419273329963,1.0137712815449642e-05,5.642267906993889e-06,3.9578207895807744e-06,0.004243617247083923,3.110265013006685e-08,9.687863743310917e-05,0.011365457523351025,1.52899511969888e-05,7.113478827659518e-07,0.02199811851617882
27,4.191236096703753e-06,0.0016364856158493978,1.2456224373256668e-05,1.0837693552770336e-06,5.6562183793335414e-05,3.566080715141878e-06,0.004214562834459952,4.461361708558898e-06,0.0023415645514376342,4.0594497401227386e-07,0.000130310457647576,0.0003980375311391224,2.0553708474546143e-09,5.427365429243608e-06,0.9722028026943393,6.03988964607408e-06,1.3714133086739012e-06,9.883877217899215e-07,0.0009685674578159232,6.618466628353343e-09,3.824991188685074e-05,0.01033557837200749,2.6338186356405712e-06,6.105670341599451e-08,0.007634583167118349
28,6.629771358608836e-06,0.002536588770233476,1.9717841609257658e-05,1.4332879102295568e-06,8.64322353684822e-05,4.837038331091323e-06,0.006487852918685183,4.970363974108433e-06,0.0027571805525859394,6.398970571901972e-07,0.00015124686976674095,0.0005002971958874168,2.745121730208896e-09,7.4469903111101254e-06,0.9661285919375481,6.49397390463669e-06,1.5693111024578063e-06,1.1692619986914605e-06,0.0011633587220179992,9.267710306318574e-09,4.6403909967880374e-05,0.00853231583129873,4.138076348891386e-06,8.241574191848447e-08,0.011550590814159666
29,6.629771358608836e-06,0.002536588770233476,1.9717841609257658e-05,1.4332879102295568e-06,8.64322353684822e-05,4.837038331091323e-06,0.006487852918685183,4.970363974108433e-06,0.0027571805525859394,6.398970571901972e-07,0.00015124686976674095,0.0005002971958874168,2.745121730208896e-09,7.4469903111101254e-06,0.9661285919375481,6.49397390463669e-06,1.5693111024578063e-06,1.1692619986914605e-06,0.0011633587220179992,9.267710306318574e-09,4.6403909967880374e-05,0.00853231583129873,4.138076348891386e-06,8.241574191848447e-08,0.011550590814159666
30,6.629771358608836e-06,0.002536588770233476,1.9717841609257658e-05,1.4332879102295568e-06,8.64322353684822e-05,4.837038331091323e-06,0.006487852918685183,4.970363974108433e-06,0.0027571805525859394,6.398970571901972e-07,0.00015124686976674095,0.0005002971958874168,2.745121730208896e-09,7.4469903111101254e-06,0.9661285919375481,6.49397390463669e-06,1.5693111024578063e-06,1.1692619986914605e-06,0.0011633587220179992,9.267710306318574e-09,4.6403909967880374e-05,0.00853231583129873,4.138076348891386e-06,8.241574191848447e-08,0.011550590814159666
31,2.2502542941270264e-05,0.005139222088037639,6.299399917640834e-05,2.5932276250174994e-06,0.0001356143560814821,8.177628690956745e-06,0.013375190154413564,1.4599601951296395e-05,0.0035428819388651314,1.7293723337500043e-06,0.0002298841383478139,0.0007102499459514098,4.24017855932583e-09,1.2617200780199818e-05,0.9491294363040449,9.656951729352871e-06,2.1349781704455106e-06,2.3077900347020834e-06,0.0024470083252984675,1.61164002109671e-08,5.5679909256137213e-05,0.008770727489656762,7.5131384023336466e-06,1.5848101307328028e-07,0.016317100080619262
32,7.10775248654252e-06,0.002577488672732342,1.9758431281492222e-05,1.3145155608162003e-06,8.405483886351097e-05,5.127678044907618e-06,0.006021049613629933,5.080578729135597e-06,0.0029015073453721473,6.241057981842197e-07,0.00015316855854688926,0.0004931420479276544,2.9307047840001553e-09,6.932989511492157e-06,0.9671553676487635,6.786206079726091e-06,1.5624593202189634e-06,1.1489024422332262e-06,0.0014122763671970682,9.174892810068985e-09,4.5098073546873426e-05,0.008645980850201764,3.912629034634191e-06,9.167976463213472e-08,0.010451405949566804
33,6.784206580206377e-06,0.0055115813544201,1.6555253310570738e-05,5.656241269086444e-06,0.0001855802791084392,1.3271782810259538e-05,0.010313459044789789,2.4524361895483833e-05,0.002018474075160245,2.8495992098861254e-06,0.0008067135932184508,0.0007988897461640343,6.2405990230680455e-09,5.04015248128926e-05,0.9129524063952131,1.6289848575225417e-05,1.2655486977493817e-05,3.107226784567147e-06,0.003988809688198438,3.824669685099823e-08,0.00013195016365048846,0.05011464277712498,3.2457433233925606e-05,2.9659373534089014e-07,0.01299259883646116
34,1.2747605477178234e-06,0.001900659604051935,1.2028380258853538e-05,8.510817752833652e-06,0.00010867609537080826,4.221049961680363e-06,0.016627021808627095,6.929506197330683e-06,0.0006328655574259882,3.818686642450473e-06,0.00017382750207157793,0.0006539311092561538,1.945447530852313e-09,3.9110842864554664e-05,0.91864890509938,8.795748793160428e-06,4.2348966196988755e-06,1.6717841651168396e-06,0.0001729751258075992,3.3005420052445803e-08,0.00013723132310895265,0.018847029913964464,3.7708588031721554e-05,4.2693401420775405e-08,0.04196849415483111
35,5.62304636501637e-05,0.00453367809241092,8.508099132184919e-05,3.5623475333773927e-06,8.257862890156701e-05,5.512362003101337e-06,0.014297990525455979,1.6255780363754846e-05,0.011486930316447564,1.1374269201633708e-06,0.0001590513017796531,0.001835014613707979,6.284160281609251e-09,9.769997590023054e-06,0.9312348149683893,1.15579353041775e-05,1.749518756246504e-06,7.496340580090371e-06,0.0023869038195071506,9.926860774664965e-09,8.016754047661312e-05,0.01539033318522668,2.654381237990804e-06,1.9318908320742853e-07,0.018311320062331337
36,3.8171601841261385e-06,0.0011089059991240564,9.676666536431829e-06,7.418581250176473e-07,3.215462109153661e-05,1.4361599154300709e-06,0.004805337990670146,7.1797461271914915e-06,0.0016694158839295396,2.8415887193349733e-07,8.805361409028548e-05,0.0007340204970622934,2.471864328404772e-09,4.632916371985777e-06,0.9720710414918847,6.198364225622328e-06,1.0198262744915681e-06,7.640741297402658e-07,0.0009711094319584089,4.537335220503272e-09,2.4998353533412743e-05,0.012189628403043992,1.1835866022910404e-06,3.020459625018454e-08,0.006268361982451518
37,3.56280024973232e-05,0.007593014395630687,8.474426981289697e-05,4.688569271207589e-06,0.0001752255696212644,9.99763929434101e-06,0.01746423891793846,1.0115035901463753e-05,0.006255325129592813,2.113354959787547e-06,0.0003424225609074328,0.0014653611254642745,8.045991035879277e-09,1.4923918189894235e-05,0.9237645505992474,1.0375942687231217e-05,3.2892823544695003e-06,3.8066750149856026e-06,0.0031085608471510965,2.398930274310425e-08,0.00010232334891270606,0.014575216208197118,1.483279795968019e-05,4.4268287249113123e-07,0.02495877109122736
38,9.049792569754522e-06,0.0020320853606973503,2.463851384471516e-05,4.686087073342524e-07,8.951433770791235e-05,5.88215920664617e-06,0.005334645689410503,2.9928887158833253e-06,0.0028636794024401394,4.435569026827559e-07,8.485353990945613e-05,0.0002209943882359974,1.8020650908878049e-09,3.3362748269296027e-06,0.9773623487615665,5.5503054809738715e-06,5.131098231163517e-07,6.032795440097428e-07,0.0012610219372884862,4.7064338157549206e-09,1.8135242346852877e-05,0.002541017206663812,1.7122297874703314e-06,6.179065179941109e-08,0.008136445115172721
39,4.034259887625585e-06,0.0007625739940399384,2.6537815910925184e-05,9.66581674548862e-07,5.095194796942865e-05,7.76483152983014e-06,0.0039544146742271575,6.64821143234343e-06,0.002229413264438314,5.325748828731486e-07,9.93866289185143e-05,0.0003130121566327278,4.395627579210406e-09,3.0702081480823775e-06,0.9758606248511014,9.256108935433693e-06,2.0499373178495522e-06,1.067016736156634e-06,0.0012875854591516058,8.856628723000308e-09,7.387583713539873e-05,0.007720576283872289,2.6706641117708407e-06,7.641023193351836e-08,0.007582897029457791
40,4.346789050382695e-06,0.001456781987909971,1.5366345608287406e-05,4.788133830401617e-07,5.216262100465641e-05,2.41022742637866e-06,0.004444648287310228,2.3070912592859368e-06,0.002061075831269888,2.542931123461942e-07,6.914417536362301e-05,0.00035287171791952834,1.6187890732925829e-09,3.384513079057495e-06,0.9777363230745424,3.229040625582633e-06,5.835659743121369e-07,4.80665781268228e-07,0.0006416903923982179,3.749131783347585e-09,2.1297752755798595e-05,0.004194690615487138,1.4775710334026374e-06,3.03090334304474e-08,0.008934958950750851
41,6.080188111322346e-06,0.002114594266570916,1.7463644619430793e-05,9.888088413656833e-07,8.827404110589615e-05,3.895633406723758e-06,0.005706414199109445,3.887638485929243e-06,0.002704913117824911,4.3832572997553833e-07,0.00011928686788141609,0.0003734007244398407,2.222013721507774e-09,5.054858293046702e-06,0.9727161210461727,5.7908684558150315e-06,1.0662096495619935e-06,8.574630094853027e-07,0.0008835695811085587,7.214841656608258e-09,3.1228344017331284e-05,0.005646764060316731,2.7222240437317476e-06,6.158063841119483e-08,0.009567116871312105
42,1.4910568827428642e-05,0.005586598933502583,2.964347999585006e-05,1.977451721201861e-06,0.0002315219990068614,6.581417156026662e-06,0.011617935966112075,3.7514888473602684e-06,0.0037594195673464822,8.707072205578967e-07,0.00021231742523564092,0.0005418834053411096,2.947048744242749e-09,1.6264565848912992e-05,0.944406678571389,4.695374225805242e-06,1.9448179094617533e-06,1.699701400778377e-06,0.0008971139759799861,1.2425809606039984e-08,4.451455928142615e-05,0.005697343780799154,7.674388028770734e-06,9.765785840968227e-08,0.026914544824106743
43,3.894290061315091e-06,0.0022434224169978734,2.1402330024082226e-05,1.9589554102510826e-06,6.594515155545613e-05,9.63657566068554e-06,0.0054710369234975235,7.682010857427347e-06,0.002524901747377762,2.129949846229679e-06,0.00010594287819549566,0.00039836954584242945,3.7864326910541175e-09,8.735598355543292e-06,0.962750488045518,1.3716944375930147e-05,2.412296915257448e-06,1.523426383146127e-06,0.0016747878883417763,2.076381479173172e-08,0.00012230188238255372,0.014171203477628168,6.955194258123557e-06,1.1104658690774065e-07,0.010391416873680528
44,6.629771358608836e-06,0.002536588770233476,1.9717841609257658e-05,1.4332879102295568e-06,8.64322353684822e-05,4.837038331091323e-06,0.006487852918685183,4.970363974108433e-06,0.0027571805525859394,6.398970571901972e-07,0.00015124686976674095,0.0005002971958874168,2.745121730208896e-09,7.4469903111101254e-06,0.9661285919375481,6.49397390463669e-06,1.5693111024578063e-06,1.1692619986914605e-06,0.0011633587220179992,9.267710306318574e-09,4.6403909967880374e-05,0.00853231583129873,4.138076348891386e-06,8.241574191848447e-08,0.011550590814159666
45,1.0343000876071287e-05,0.004363878290486116,2.5752278894684975e-05,2.2474728886571595e-06,0.0001259880452013728,6.757663211524688e-06,0.008500112059611053,5.1023366032834724e-06,0.003697374642043458,1.0618494295479232e-06,0.00018319881681332247,0.000724353197524847,4.15841946755234e-09,1.2858250353715399e-05,0.9503052239263993,7.093711665927158e-06,2.638239212500384e-06,1.814096795350229e-06,0.0014890637506828818,1.4699696234134774e-08,7.632833538771828e-05,0.011165558241269235,7.547261872520741e-06,1.2413685615230534e-07,0.01928556153780518
46,5.613487570017643e-06,0.0020688343817593137,1.6762994071182334e-05,2.010653024393494e-06,8.050292276726795e-05,6.378615815961737e-06,0.004697238265701641,5.698569146227812e-06,0.0022404322550117154,7.07391264675909e-07,0.0001986352150613273,0.0005179041808892008,4.478261797343617e-09,9.234999828856396e-06,0.9601012086198505,7.745910048937114e-06,4.206910403113701e-06,1.5961042709889996e-06,0.0013716549310271854,1.4606647437753631e-08,6.881083272351024e-05,0.015872921690536734,6.406680855915405e-06,1.1122003477100191e-07,0.012715364083427418
47,6.238159158602572e-06,0.0027546499922467605,2.010374997978414e-05,1.6199053865926304e-06,9.937874662282385e-05,5.887596517200255e-06,0.00690881886549257,5.6198601120662984e-06,0.002611017636812933,7.114898238400499e-07,0.00019164750397254838,0.0004199684274969778,2.2834406298386467e-09,8.981130719832634e-06,0.9665546122855219,6.405371673586423e-06,1.5865280930354165e-06,1.2127630688310686e-06,0.0011593832031804273,9.535455155855748e-09,4.5008764495250735e-05,0.007951878034878988,4.9444802145033945e-06,8.646244372289753e-08,0.011240227223191188
48,5.926991807547137e-06,0.002054718189690901,1.8705929205329076e-05,1.3109085633418054e-06,8.0386511432538e-05,4.0900804528065e-06,0.006171627792376987,4.318208528612979e-06,0.0025976276025153453,5.351614804148868e-07,0.00012997157761674075,0.00047433367318600966,2.503811323399174e-09,6.5025755381455366e-06,0.9682218283449933,5.972532854469897e-06,1.3728475988748964e-06,1.116993148221597e-06,0.0008469901280103852,8.279847128663197e-09,4.332730405309831e-05,0.007569248734577837,3.4724283631439232e-06,6.64486885204451e-08,0.01175653825165917
49,6.710635958544193e-06,0.0024605821828739514,2.5761011148458953e-05,1.8787836330174609e-06,7.198367390059354e-05,5.592323098400285e-06,0.00685932424637711,4.9067014714556155e-06,0.002843369099944292,7.946990906691748e-07,0.00015185231191824658,0.0006527172893076528,3.5337493313060746e-09,7.88779594784431e-06,0.9616356891245708,6.8273730326374385e-06,1.778586513462256e-06,1.3742103683162754e-06,0.001176860200988649,1.0387542229869864e-08,6.242116353015296e-05,0.010330410822798838,5.12380240155889e-06,1.0267384909797427e-07,0.013686037365984578
50,6.7219908507933275e-06,0.002594556665764651,2.053438473439965e-05,1.4369526983372907e-06,9.188353137777998e-05,4.632832049151675e-06,0.007721571348040751,5.660348532818226e-06,0.0024932603282445667,7.530546347404653e-07,0.00014906355041157144,0.0005353795564705752,2.791920263389822e-09,8.423238183510782e-06,0.9641918035917865,6.681772837750108e-06,1.5320199912522658e-06,1.1478487960349806e-06,0.0011482154541335536,9.73870571109833e-09,4.559837464159532e-05,0.0084102294268236,4.545909843841781e-06,7.654057735822561e-08,0.012556278747949037
51,7.216869651254845e-06,0.003170437086544399,1.964937493968327e-05,1.7157166589981091e-06,7.690654144267471e-05,4.685047975511873e-06,0.006447436122272224,5.449015154137837e-06,0.002978504229814363,6.835162491023064e-07,0.0001552777727783369,0.0005622148399866504,2.4923943920104855e-09,8.694019164072632e-06,0.9639923565878581,6.462036734237908e-06,1.5485513377484348e-06,1.2844951402537724e-06,0.0012782951547168373,9.02006144985201e-09,4.6067031242635315e-05,0.009852702840729314,3.997548791373652e-06,8.302941845589725e-08,0.011378321058943562
52,5.093379177648695e-06,0.0005001050213755949,9.693654127157054e-06,3.209379485737753e-07,4.27693736884914e-05,6.1919252746256295e-06,0.0013815141971525544,2.861922604241939e-06,0.0016483925469721113,2.0946190056106788e-07,0.00010290415557148561,7.214928543059824e-05,8.910141882807707e-10,3.7921651146371595e-06,0.9859682073745435,4.317254797038439e-06,8.34415283428923e-07,1.758855010938164e-06,0.0005323274980745826,3.0604330978169563e-09,1.0241434274072809e-05,0.003921884355352901,7.126869632855575e-07,2.9762273992040584e-08,0.005783684385640562
53,7.63219944630744e-06,0.0027967856528630735,2.0771435036779358e-05,1.517660516396441e-06,8.656842232917878e-05,5.502703498675399e-06,0.005991029899914635,5.02817877716058e-06,0.0029876767385379017,6.797520997909544e-07,0.00015437045042026822,0.0004970225959054876,2.9493145883235444e-09,7.943343279192292e-06,0.9649535236121716,6.703876960494948e-06,1.7922963288703655e-06,1.3376850757088722e-06,0.0013207352860115113,9.928346902648278e-09,4.9194723172815695e-05,0.009079903600289065,4.210690488409919e-06,9.094180586746602e-08,0.012019965377409434
54,8.032907779144891e-06,0.003657911054746479,1.1804406637377498e-05,7.924213182854555e-07,8.057246901314584e-05,2.907199888730195e-06,0.00482097624048316,2.021131098853361e-06,0.0022866418611712297,6.174249123635513e-07,4.717818056907521e-05,0.00036674850719718314,1.713944976249921e-09,8.768850608828705e-06,0.9641347914859981,4.300409681589497e-06,8.918258037091132e-07,8.902931403604829e-07,0.0005737214380789726,7.201638549781988e-09,2.0748965721446694e-05,0.004375743218751851,1.9913050709205383e-06,2.582955051922194e-08,0.019591913657194957
55,1.3836517947223022e-05,0.002412265866482208,3.169012029663284e-05,1.5582441218423544e-06,5.196333190696109e-05,2.7541877653054488e-06,0.008020666043745047,3.2075069113856935e-06,0.010226898879359512,2.892212138115729e-07,7.631750207395441e-05,0.0018150165593363893,6.71516345164877e-09,3.1632623104936594e-06,0.9558184659747135,6.813217898991452e-06,7.88517307960694e-07,1.6336458164214894e-06,0.0011944818733678106,5.181710903652635e-09,5.985032368533899e-05,0.008259702883973569,1.2283815102052605e-06,1.1087897318970625e-07,0.0119972851624078
56,6.811602612775746e-06,0.0025016036278490876,1.973858685344508e-05,1.4379152256533748e-06,8.605849136258259e-05,4.818867545638543e-06,0.006462743203820395,4.992917855444805e-06,0.002792861599086332,6.328992020864718e-07,0.0001534735436840759,0.0005544158151357524,3.259293353053204e-09,7.567469372217546e-06,0.9654503031852495,6.580593725926996e-06,1.6761842998531297e-06,1.1778487903390191e-06,0.0012356986748677467,9.780936220357255e-09,4.787404437754303e-05,0.008942877430658363,4.217465410728409e-06,8.792684921837912e-08,0.011712337065935732
57,5.515279781927136e-06,0.0021685189351944214,1.5400222993852992e-05,1.2237684951357163e-06,6.17789015319336e-05,2.98271567938304e-06,0.0058460241413338864,4.851309890379342e-06,0.002684735457280852,6.01953755678092e-07,9.778281638591015e-05,0.0008864377971474812,5.33309572274622e-09,5.659052152021101e-06,0.9623003613962079,7.519134343575847e-06,2.0270476265599116e-06,9.726926820669003e-07,0.0014340160458533818,1.1575093812835477e-08,5.719951917635438e-05,0.013171894041460158,3.5116041204876243e-06,7.687184592899455e-08,0.011240892386871584
58,8.918663801522298e-06,0.0029411843035667,2.4160107147236713e-05,1.6575870383984407e-06,9.723823638287254e-05,5.757299849982925e-06,0.0073597605186030875,5.5957473132344516e-06,0.0033914502511862574,7.099127252139604e-07,0.00019710966439854765,0.0006441430197603372,3.7224514825836884e-09,7.659920017481094e-06,0.962366566213302,7.370539282371493e-06,1.732017830195176e-06,1.3840308789525182e-06,0.0016652479283883364,1.0600819816170357e-08,5.352259376473468e-05,0.009604225915351776,5.0824578685196175e-06,1.3584497282613134e-07,0.011609372903298176
59,8.196843978054057e-06,0.002703058715244592,2.6899647469890966e-05,1.617877885459441e-06,9.263357151287846e-05,5.671383482449602e-06,0.007238554910469596,5.415999001551432e-06,0.003287098845864637,7.097573256276778e-07,0.00018124796051959533,0.00056756536164779,3.3333825823129403e-09,6.419450650643072e-06,0.9645220276251524,7.256110094895766e-06,1.5740398106148465e-06,1.2676141051864866e-06,0.0014810153002979352,1.0533560800217804e-08,5.421878244389528e-05,0.008795578156605097,4.984991516820071e-06,1.3042361934778424e-07,0.011006842764357979
60,6.629771358608836e-06,0.002536588770233476,1.9717841609257658e-05,1.4332879102295568e-06,8.64322353684822e-05,4.837038331091323e-06,0.006487852918685183,4.970363974108433e-06,0.0027571805525859394,6.398970571901972e-07,0.00015124686976674095,0.0005002971958874168,2.745121730208896e-09,7.4469903111101254e-06,0.9661285919375481,6.49397390463669e-06,1.5693111024578063e-06,1.1692619986914605e-06,0.0011633587220179992,9.267710306318574e-09,4.6403909967880374e-05,0.00853231583129873,4.138076348891386e-06,8.241574191848447e-08,0.011550590814159666
61,8.113756731006938e-06,0.00265681581708537,2.6013874844809595e-05,1.5721439068469806e-06,9.412140045944963e-05,5.507233860211276e-06,0.007191568459868795,5.350551986187484e-06,0.0032247701608337895,6.925355799807376e-07,0.00017675877770322767,0.000569948503340529,3.485059708531147e-09,6.523140995496608e-06,0.964750330926976,7.212804205013202e-06,1.5929970340325435e-06,1.2567111705243884e-06,0.0014271191293853131,1.0635223227967824e-08,5.244892355448505e-05,0.008637328158539128,4.838892423097281e-06,1.244768071420138e-07,0.011149976502426412
62,6.629771358608836e-06,0.002536588770233476,1.9717841609257658e-05,1.4332879102295568e-06,8.64322353684822e-05,4.837038331091323e-06,0.006487852918685183,4.970363974108433e-06,0.0027571805525859394,6.398970571901972e-07,0.00015124686976674095,0.0005002971958874168,2.745121730208896e-09,7.4469903111101254e-06,0.9661285919375481,6.49397390463669e-06,1.5693111024578063e-06,1.1692619986914605e-06,0.0011633587220179992,9.267710306318574e-09,4.6403909967880374e-05,0.00853231583129873,4.138076348891386e-06,8.241574191848447e-08,0.011550590814159666
63,7.20539430176534e-06,0.003176654364596937,1.9862367508381563e-05,1.4721260679231497e-06,9.11919560174232e-05,4.90510272327752e-06,0.006354065133747045,4.733427770107704e-06,0.0029100788578654752,6.965906577748651e-07,0.00014536370939872585,0.0005059586262251033,2.7760277576450883e-09,7.780594414089747e-06,0.9653199004776877,6.487700023602649e-06,1.5678621906778852e-06,1.1032676535454312e-06,0.0012831676015543545,1.0143143245187958e-08,4.5813734005810895e-05,0.008382012817093713,4.413593273943271e-06,8.637809458973529e-08,0.01172546539795702
64,5.866846684463305e-06,0.0025710867381291847,1.9959889625331196e-05,1.6392593541242685e-06,8.255667736534091e-05,5.113577971987727e-06,0.006543619827426009,4.787817720843472e-06,0.0029187298506776066,7.643235918579512e-07,0.00013499005537506915,0.0005912130615217745,3.3872278370071294e-09,8.026059059142656e-06,0.9634750053526491,7.111006126703506e-06,1.7547866076410444e-06,1.2256301624631954e-06,0.0011505833017613233,1.1296955969021702e-08,6.697510409009425e-05,0.009776131786893273,4.79328994064219e-06,8.87906299031894e-08,0.012627962282452243
65,6.251932279624686e-06,0.0025910993049260474,2.1404174989378612e-05,1.6083023018082188e-06,8.733105263534244e-05,5.1189431131232105e-06,0.007299386761894755,5.594704323837158e-06,0.0024807675725756935,8.166525025460039e-07,0.0001459773059728549,0.000503187859940725,2.7077909781760118e-09,8.48243222428117e-06,0.9646324024092622,6.89486254860808e-06,1.5886436292007478e-06,1.1892214851761404e-06,0.0010992116579194458,1.0516951056163916e-08,5.116574408291983e-05,0.008432228058676182,4.8227491830061315e-06,7.902490972845513e-08,0.012613377403881514
66,1.3656952585400887e-05,0.0025195853803621753,5.03673998607679e-05,1.3291584086918254e-06,0.00020934384782421027,1.220560089105952e-05,0.007692564420506485,4.48443587443101e-06,0.0039058187604626383,1.1481901260823355e-06,0.00019638323276183209,0.0003859857446787211,7.393237966877413e-09,5.4364407429547475e-06,0.960941315348369,9.319970526506827e-06,2.771537560457638e-06,1.6146235518847174e-06,0.0017509547584198266,2.4183087775910602e-08,7.92033162879936e-05,0.005783727325147705,9.302497732833368e-06,2.546434891544966e-07,0.01642319483750343
67,6.340284789688128e-06,0.002611597529945879,3.822862889057975e-05,9.522568112169886e-06,0.00017179337649293362,5.269917554507309e-05,0.00671389350699621,7.571403199173844e-06,0.0018135592332060937,4.231497583194152e-06,0.0005083596397697995,0.0005159081839417987,1.3289152535942498e-08,5.2639801587808e-05,0.9202405908775048,1.2964950902085085e-05,2.1082891375094104e-05,5.640041094223867e-06,0.0014943727798665963,6.736992141030933e-08,0.0003271796736009443,0.02070849681821415,5.9486107305854394e-05,3.809238938834338e-07,0.044623379447108084
68,4.629847021005473e-05,0.010101154066384892,0.00023639316692633156,1.4599927860083343e-05,0.00011500459182461514,1.8560362795525547e-05,0.028629541602575,1.724356234766995e-05,0.011557634791959728,5.307965230658048e-06,0.0003561557890417962,0.0032324815324371427,1.0176022173192244e-08,2.14793629297624e-05,0.8782975683539014,1.6787746624847777e-05,3.8893013152253234e-06,8.815595403200535e-06,0.003921930812113043,2.7562810446297007e-08,0.00042976527331815655,0.025966954110351433,2.3221481470671573e-05,7.563004890366495e-07,0.0369784180936569
69,4.625183875137465e-06,0.0026546956871671902,3.147057521799935e-05,2.5820721394982392e-06,0.00011701091593838111,7.38588338995389e-06,0.010666202873059822,9.333186996330621e-06,0.00234534074236112,9.61867950278785e-07,0.0004028147501931175,0.000575367072296649,2.8323709045936376e-09,6.891422414010463e-06,0.9651169106693577,9.542843420977388e-06,1.4387040768736898e-06,8.456081697048718e-07,0.0017869811133233249,1.4209374857470774e-08,8.43056049009807e-05,0.008823302094110303,1.210072878186536e-05,2.4065010632920887e-07,0.007339632709006933
70,8.073758256193525e-06,0.001711062517346851,2.277770967336467e-05,1.3860855735423635e-06,7.161121784934588e-05,3.237214987765275e-06,0.006505781208071236,6.086449461316003e-06,0.002135543553092852,6.032008044263961e-07,9.225140742735843e-05,0.00041933129588356835,2.4457086438388906e-09,7.37091080676621e-06,0.9675637526491198,6.880450135332391e-06,1.4539240664442855e-06,1.5934047089762944e-06,0.0005245376172759635,8.716864940842396e-09,2.700193754241161e-05,0.006720428779188899,2.098387283870991e-06,3.725260007937863e-08,0.014167087906270123
71,7.4439518172832015e-06,0.004094095466050116,1.7828658825789438e-05,1.640027128119049e-06,0.00016872293378646097,4.313077863310494e-06,0.008753162703929677,4.381351452615292e-06,0.0029116853512294438,9.5980547317469e-07,0.0001288468669967232,0.0005736261818986566,4.098049912089237e-09,9.287027879776657e-06,0.9584154767676334,7.700645607921166e-06,2.079172902196778e-06,1.0365151775195571e-06,0.0010359500797490148,1.9768872918063375e-08,5.582809395602228e-05,0.007316611501103039,6.759565922968226e-06,9.070053347171989e-08,0.016482449686160357
