,0,1,2,3,4,5,6,7,8,9,10,11,12,13,14,15,16,17,18,19,20,21,22,23,24
0,0.0004495188102758432,0.18982584744295405,7.790325023109736e-06,0.00030941369363544484,0.00039882827126079084,0.004339447253629368,2.168595622996049e-06,0.0017468748225993559,0.22508750162398034,0.00016183596186871712,0.005080448131498984,2.2096105602863422e-05,1.966719435299647e-09,3.1271452746035247e-06,0.37054834562898603,0.00011478031373937004,4.4731011490243025e-05,0.0002414597517416297,0.09805295821564812,4.350119834102663e-09,1.6596805625757296e-05,0.10259724864154052,7.889742584999174e-05,2.1654458295608048e-07,0.0008698611607295241
1,0.0003840268087031722,0.2088104594725177,1.0213839747565354e-05,0.00019872307210585808,0.0005082418809546409,0.0039492114250673374,1.6473930001873683e-06,0.0013754480821275457,0.24836512124417223,0.00015050698172453002,0.004095690051738802,1.732938326707633e-05,1.5547596173883338e-09,2.3131990397342867e-06,0.32256134286903326,9.356895535328865e-05,3.7193391221208486e-05,0.00013855175412727318,0.11878757421407307,3.3550766429044316e-09,1.4399004088412816e-05,0.08961416031180666,5.828237950924977e-05,1.7544600037276718e-07,0.0008258139307846229
2,0.00023711870001973557,0.1883353158428373,5.733115761637978e-06,0.00011882364841487118,0.0003619538186542497,0.0015928911618130392,8.665973546786927e-07,0.0009891178412783856,0.14623913389901885,0.00010223818428386439,0.006399770277068269,1.6000683009322723e-05,7.79674842090762e-10,3.456958189239409e-06,0.5568137920200146,2.911540965441944e-05,1.9803099369937046e-05,0.00011174932897777792,0.04440547986767771,3.3649334052671178e-09,1.044276434676667e-05,0.053114543417073216,5.2430447961180964e-05,8.977280627702556e-08,0.0010401289998065576
3,0.00035679421213487316,0.23443208840846025,6.919165533326642e-06,0.0001962323312692034,0.0003455278377132175,0.0032686156831183717,1.7046156083553954e-06,0.0011861834579642424,0.1503670393654081,0.00011377649164229638,0.00459947238752239,2.0552531516414414e-05,1.2355505867100255e-09,3.4781194948161353e-06,0.4162006868523203,6.977970716665757e-05,3.8548613198938476e-05,0.00018176999521938065,0.0854509730234323,3.2032076252921654e-09,1.4945430874716013e-05,0.10205892569703649,6.620029796608092e-05,1.9824313925027427e-07,0.0010195830935018897
4,0.0004062894308074191,0.23718072460308562,7.621856062085516e-06,0.00020882985915637544,0.00037385337342299636,0.0034383713149017713,1.8559072851628096e-06,0.0012751120604405054,0.14392412574766686,0.0001224812906846339,0.0046926428273449524,2.1509717178761426e-05,1.590275241693026e-09,4.0501084977354035e-06,0.4088922243121127,7.979514474882865e-05,4.1968469760129344e-05,0.00020592377689356725,0.09876204293995172,3.6848840199455354e-09,1.5325204851524188e-05,0.09925863130416533,6.802907802473509e-05,2.3689128613441773e-07,0.001018349506511269
5,0.0003303055382840756,0.2536690907682873,5.151340413960123e-06,0.000232123613240433,0.000292195773329673,0.00362710008419913,1.5076163053379758e-06,0.0011656729588257243,0.1376652462012322,9.855272853811219e-05,0.00443810282522442,1.784294308136322e-05,1.253931921885711e-09,3.2196526698962028e-06,0.41392647448579695,7.14374822276682e-05,3.553019014266399e-05,0.00025490083573169144,0.08228010291501985,3.4145342963258196e-09,1.4220782615102164e-05,0.10089890122353719,7.071633753034693e-05,1.9044590415530175e-07,0.0009014085893965457
6,0.00035679421213487316,0.23443208840846025,6.919165533326642e-06,0.0001962323312692034,0.0003455278377132175,0.0032686156831183717,1.7046156083553954e-06,0.0011861834579642424,0.1503670393654081,0.00011377649164229638,0.00459947238752239,2.0552531516414414e-05,1.2355505867100255e-09,3.4781194948161353e-06,0.4162006868523203,6.977970716665757e-05,3.8548613198938476e-05,0.00018176999521938065,0.0854509730234323,3.2032076252921654e-09,1.4945430874716013e-05,0.10205892569703649,6.620029796608092e-05,1.9824313925027427e-07,0.0010195830935018897
7,0.0011175877865496674,0.19213494790274827,1.879104748091196e-05,0.00031195298769258673,0.0008752272429848665,0.0025069411255596694,3.790643750414564e-06,0.0030317846540898713,0.20839377447702576,0.00033087844087720535,0.007771724736397615,2.790413757209989e-05,5.351195027961491e-09,5.280962892665462e-06,0.2941867245618271,0.00010261264647233958,7.709545363148544e-05,0.00015019908039232697,0.1697830607312812,7.107700413573102e-09,9.36837956989981e-06,0.11768479080116506,4.163722631053545e-05,3.4603372029729457e-07,0.001433566481112697
8,0.0004988803246552758,0.20855636294367352,1.2461350708193562e-05,0.0001954189010279367,0.00045370722937384476,0.0028995394854954724,2.30841043873125e-06,0.0011581778784253696,0.15433046770075992,0.00020850144614781486,0.005380716410337429,2.9898094888353797e-05,1.6578328989146242e-09,6.289597881177747e-06,0.44251716817298387,6.426414941863286e-05,5.4778919199356194e-05,0.0001316489222902044,0.08311282448456314,4.447302034091115e-09,2.0885498858776988e-05,0.09846624948104986,0.00010079101967309934,3.5955885507167434e-07,0.0017982939141598152
9,0.00037569808073971303,0.2065434209906701,7.595097873605588e-06,0.00014889671496295996,0.00031716044690945885,0.0019711169116240646,1.3740818788402071e-06,0.0008592608198814043,0.1280157856591503,0.00016474837355069316,0.005276193515915585,2.139889421327332e-05,9.391451739394092e-10,5.651699803329531e-06,0.5271380413129884,3.333655234205057e-05,3.698052990331223e-05,0.00010538063969398574,0.053841973477816954,3.271983291805643e-09,1.633242597005654e-05,0.07309406510972298,0.00010528954066276257,2.499441969536473e-07,0.001920044968400814
10,0.00035679421213487316,0.23443208840846025,6.919165533326642e-06,0.0001962323312692034,0.0003455278377132175,0.0032686156831183717,1.7046156083553954e-06,0.0011861834579642424,0.1503670393654081,0.00011377649164229638,0.00459947238752239,2.0552531516414414e-05,1.2355505867100255e-09,3.4781194948161353e-06,0.4162006868523203,6.977970716665757e-05,3.8548613198938476e-05,0.00018176999521938065,0.0854509730234323,3.2032076252921654e-09,1.4945430874716013e-05,0.10205892569703649,6.620029796608092e-05,1.9824313925027427e-07,0.0010195830935018897
11,0.0003905877936501872,0.22607318170617025,7.635902232600424e-06,0.00020736276481713895,0.00036379127660793233,0.0035466026494421392,1.9377590728155272e-06,0.0013911318021386687,0.15643593567887884,0.0001317852441862676,0.004601338661136253,2.2904870866508436e-05,1.6069673885397667e-09,3.61248370078194e-06,0.4014362614175961,8.089382741777423e-05,4.345774808047302e-05,0.00019866968994377424,0.0956979215185072,3.6038898324151498e-09,1.5191146528635057e-05,0.10827954832322642,6.562193394508163e-05,2.3313772355551354e-07,0.0010043874532734052
12,0.0002745382981149066,0.2535826580648182,5.511868854911604e-06,0.0001455526156534859,0.002363154164131377,0.006539468580706108,4.605332368663987e-06,0.00015704076645067956,0.15155810740128223,5.586682129765155e-05,0.004950317480063779,2.3218537961922185e-05,8.938985755953519e-10,4.0144042965521346e-05,0.503933998474689,6.0416727333269336e-05,5.265354840718207e-05,0.0007726439287212309,0.04272875324975049,1.434786253938468e-08,6.917754923030717e-05,0.025962613585817265,0.0010258376853117374,6.550785444446267e-07,0.0056930509557646175
13,0.00027785737634117064,0.08126314548474556,7.236347498972763e-06,0.0001420346849510911,0.00026543775090656033,0.0006333277811178578,9.783048363942815e-07,0.00113799345469008,0.0801949867559309,9.878351186175074e-05,0.01636196017355135,3.326755788545292e-05,1.0268725871892179e-09,8.804293129191438e-06,0.7670359003574989,3.2193128051576776e-05,1.8626531413944856e-05,0.00013345459943083857,0.01841533886174233,5.866204618718502e-09,1.3490686259597488e-05,0.032969971049664294,6.594182110919206e-05,7.28244918093882e-08,0.0008891897698140745
14,0.00020135671854761827,0.37443943491999293,5.859369576627998e-06,0.00016636630248375187,0.0003794007391363334,0.002799547950932311,7.06283400805243e-07,0.0007149608316950615,0.10364553891250797,5.6641466595868105e-05,0.0041243631700054306,8.399036801314544e-06,1.0770148904025409e-09,1.9917111982766923e-06,0.34845336490167395,5.3458834339429e-05,2.0066068519550576e-05,0.0001928485793837069,0.10038570901275624,3.1887332231574877e-09,9.969030452734454e-06,0.06373473685925019,4.376713024590158e-05,9.967807043490705e-08,0.0005614082266854907
15,0.00035679421213487316,0.23443208840846025,6.919165533326642e-06,0.0001962323312692034,0.0003455278377132175,0.0032686156831183717,1.7046156083553954e-06,0.0011861834579642424,0.1503670393654081,0.00011377649164229638,0.00459947238752239,2.0552531516414414e-05,1.2355505867100255e-09,3.4781194948161353e-06,0.4162006868523203,6.977970716665757e-05,3.8548613198938476e-05,0.00018176999521938065,0.0854509730234323,3.2032076252921654e-09,1.4945430874716013e-05,0.10205892569703649,6.620029796608092e-05,1.9824313925027427e-07,0.0010195830935018897
16,0.0004137057220405501,0.1472740206487934,1.124060224086614e-05,0.00027721889530889893,0.00032149400274756885,0.003642778014131492,2.595922389089344e-06,0.0016619787757291371,0.08898830118239592,0.00010736591480949545,0.00730227537420185,4.327545439399628e-05,2.5552751961069166e-09,7.330678083895084e-06,0.587790379711472,0.0001766293296567991,4.989422696096996e-05,0.0004797201524975814,0.07618181841230276,7.688860314501315e-09,4.0577041873780554e-05,0.08450365743244978,0.00010657451243855913,3.153570440569434e-07,0.0006168423919020842
17,0.0007687995017305698,0.2023401420982943,1.0959820281762421e-05,0.00028422894090772747,0.0005705749817763224,0.0023276694964785324,4.21152044119064e-06,0.0015299945537873146,0.1749771248146431,0.00013016015753582034,0.007781959381549528,4.613110087381175e-05,1.8234580629787902e-09,8.968681213715355e-06,0.4107778175759596,7.871333564118289e-05,6.90856816712226e-05,0.00016554870912127538,0.06206202322846157,4.614824406687457e-09,2.0129741381177525e-05,0.1338906999864533,8.485497237538084e-05,2.7583793042716234e-07,0.0020699194432085457
18,0.0005244211626882072,0.3004411277413916,4.313576403351561e-06,0.00013645147152141756,0.00037486635202756016,0.00212572979265148,2.2057609683599894e-06,0.0005974507962338166,0.1372454488068931,9.386163825797729e-05,0.004318485522837785,1.4335861861343555e-05,6.519779122214106e-10,4.456115972889813e-06,0.3070237687441513,2.717373048128924e-05,9.28974185243546e-05,0.00014324780330584417,0.08270159594094435,2.1511389845397253e-09,1.0858134369288567e-05,0.16079804084104093,7.524006175579132e-05,2.327535113697483e-07,0.003243787169089671
19,0.0004630417662132423,0.17025205651332653,1.2225992674640949e-05,0.0002691676485646869,0.0004709806672548274,0.00522569139734337,3.838485719973883e-06,0.002293274881254114,0.2290285872239347,0.0002960469046691222,0.004499863449672188,4.07553458678128e-05,2.6463867836034363e-09,2.9241213353470337e-06,0.31277495579927034,0.00010880510893645476,6.246799139000717e-05,0.00014253369396113508,0.09827542922798135,4.829773771959049e-09,1.6013741820093916e-05,0.17452273388861972,5.753464766445912e-05,3.348857397865591e-07,0.0011807291406254765
20,8.416652432809667e-05,0.24698341071529784,2.827835622387042e-06,9.831175803329628e-05,9.106292066370588e-05,0.0021036227908781645,5.321024495562506e-07,0.0010276946442321314,0.0717802292116221,4.1920068274191305e-05,0.002461028101800809,1.882786451200492e-05,4.484851342732317e-10,1.3052326763722976e-06,0.54242873363932,3.241202749947178e-05,1.4815553653100655e-05,0.000125190139875716,0.03150258446845376,1.5264318722122171e-09,1.2751300086779548e-05,0.1006685745147091,3.4518032045604537e-05,7.971262425917736e-08,0.0004853988664245156
21,0.0004131351546059896,0.19193075804830748,8.055487333679704e-06,0.0002738414009748512,0.0003366171803942906,0.0023208808752423504,1.4600597850363035e-06,0.0011762697951212871,0.1230672398789272,8.650963125023937e-05,0.007939228864001472,2.6402397407173046e-05,1.3773499752378043e-09,6.20307532683717e-06,0.5501032057637084,8.60419439012488e-05,2.7550349257313725e-05,0.00023694933662573854,0.057619798129990206,5.072414232667294e-09,1.9540958139943405e-05,0.06335363006181201,8.79888885900182e-05,1.4882823323119032e-07,0.0008785374412997902
22,0.0004517924813682848,0.16939938630929444,1.0633320131007035e-05,0.0003059052259639039,0.00043183651058311924,0.0030594002806661725,2.162068404334614e-06,0.0014504457197255251,0.1542136613344982,0.0001839103037649295,0.009810648873432847,2.5178541206772677e-05,1.9820612238769274e-09,4.394471667924006e-06,0.4676171542361926,9.766974136380437e-05,7.350069668080462e-05,0.00032630134760859597,0.08105788904640086,7.479003713893742e-09,2.533304518230773e-05,0.11030885465916546,0.00010383589867886681,2.1434431648645937e-07,0.0010398820826378926
23,0.00035679421213487316,0.23443208840846025,6.919165533326642e-06,0.0001962323312692034,0.0003455278377132175,0.0032686156831183717,1.7046156083553954e-06,0.0011861834579642424,0.1503670393654081,0.00011377649164229638,0.00459947238752239,2.0552531516414414e-05,1.2355505867100255e-09,3.4781194948161353e-06,0.4162006868523203,6.977970716665757e-05,3.8548613198938476e-05,0.00018176999521938065,0.0854509730234323,3.2032076252921654e-09,1.4945430874716013e-05,0.10205892569703649,6.620029796608092e-05,1.9824313925027427e-07,0.0010195830935018897
24,0.00039604984321941133,0.289666468746679,6.985600056814187e-06,0.00026030859833093607,0.0004121885804488253,0.00286873196086562,1.4542610445020122e-06,0.0010974994676158539,0.14191352091690054,0.00010379371240121398,0.005642021152121795,1.948270480834458e-05,1.3848599761090297e-09,3.942450762397024e-06,0.3822277823410002,6.131274431558054e-05,3.38976571969139e-05,0.00018524864780105756,0.0777958152674222,3.9809841818611535e-09,1.2456637887770565e-05,0.09610768734922331,6.319615405438562e-05,1.6581237220818286e-07,0.0011199840276271068
25,0.0007490877214405781,0.114468301838117,1.1950303529290021e-05,0.00033022988883490604,0.0005562975307699024,0.0017245346363432216,3.714681059649585e-06,0.002659193642926042,0.16182797937350504,0.0002251094026218606,0.016771642105776988,5.011116206959416e-05,3.1400001593069924e-09,9.471237721445156e-06,0.5583862105407942,8.389705560075132e-05,5.6933549059166126e-05,0.00023866744874113165,0.05020741850398383,9.110238121747207e-09,1.5843228596853443e-05,0.09020139628318653,7.178105705339033e-05,2.0026943537570855e-07,0.0013500162885949978
26,0.0005358310538792865,0.2113084016693543,5.8696171254116545e-06,0.00019157292896982567,0.00042831794812982904,0.004819276525316105,2.1481708322146594e-06,0.001108228911731448,0.2730168088615296,0.0001664200473288312,0.0032641779756196736,1.1086843024451134e-05,1.572372687940702e-09,2.4912429397274636e-06,0.2803004768445429,7.221567373680872e-05,6.244551105925845e-05,0.00025285088435947274,0.13301714642648493,3.3367924362918743e-09,1.4157588680411514e-05,0.09007915790039275,0.00011391703317921544,3.274805508791274e-07,0.0012266679520674963
27,0.0002031004728795315,0.28657331939922065,3.4926131705434864e-06,0.00014195675790788908,0.000207319028108868,0.002504129630961196,9.864088211567044e-07,0.0009916549496709662,0.15321923435408538,7.100801355396856e-05,0.003135241490932917,1.4206368789971237e-05,5.581355645296003e-10,1.7392041565826482e-06,0.3829404728748508,3.519977165415005e-05,2.2600505601198573e-05,0.00010008511573146155,0.057407922347257195,1.5455931285915415e-09,7.592065573634564e-06,0.11134810808369106,3.934900340772436e-05,9.8452751769651e-08,0.0010311809834928094
28,0.00035679421213487316,0.23443208840846025,6.919165533326642e-06,0.0001962323312692034,0.0003455278377132175,0.0032686156831183717,1.7046156083553954e-06,0.0011861834579642424,0.1503670393654081,0.00011377649164229638,0.00459947238752239,2.0552531516414414e-05,1.2355505867100255e-09,3.4781194948161353e-06,0.4162006868523203,6.977970716665757e-05,3.8548613198938476e-05,0.00018176999521938065,0.0854509730234323,3.2032076252921654e-09,1.4945430874716013e-05,0.10205892569703649,6.620029796608092e-05,1.9824313925027427e-07,0.0010195830935018897
29,0.00035679421213487316,0.23443208840846025,6.919165533326642e-06,0.0001962323312692034,0.0003455278377132175,0.0032686156831183717,1.7046156083553954e-06,0.0011861834579642424,0.1503670393654081,0.00011377649164229638,0.00459947238752239,2.0552531516414414e-05,1.2355505867100255e-09,3.4781194948161353e-06,0.4162006868523203,6.977970716665757e-05,3.8548613198938476e-05,0.00018176999521938065,0.0854509730234323,3.2032076252921654e-09,1.4945430874716013e-05,0.10205892569703649,6.620029796608092e-05,1.9824313925027427e-07,0.0010195830935018897
30,0.00035679421213487316,0.23443208840846025,6.919165533326642e-06,0.0001962323312692034,0.0003455278377132175,0.0032686156831183717,1.7046156083553954e-06,0.0011861834579642424,0.1503670393654081,0.00011377649164229638,0.00459947238752239,2.0552531516414414e-05,1.2355505867100255e-09,3.4781194948161353e-06,0.4162006868523203,6.977970716665757e-05,3.8548613198938476e-05,0.00018176999521938065,0.0854509730234323,3.2032076252921654e-09,1.4945430874716013e-05,0.10205892569703649,6.620029796608092e-05,1.9824313925027427e-07,0.0010195830935018897
31,0.0005329702855966414,0.22046415084549978,1.1509367258965489e-05,0.00019348986033805663,0.0003237488111189959,0.0024364511633853635,1.5655292126470705e-06,0.0029525385147894313,0.13872113207087824,0.00010967540006373649,0.004233778555678689,2.664801519068241e-05,3.039563245976859e-09,3.199176526651159e-06,0.40497578164140974,0.00010927271941856395,4.8157299292235546e-05,0.0002239961724372956,0.12549599296074412,4.008837439507324e-09,1.6322432465190836e-05,0.09845488051405694,4.34026706135026e-05,2.525074204216792e-07,0.000621076438203231
32,0.0003521738795487757,0.26256614879192514,6.895757402615992e-06,0.00018426975261849864,0.0003420405122636213,0.003360462624645426,1.4758507272397883e-06,0.001127948841204771,0.14137665140364622,0.00010418323055548768,0.00398262520869393,1.784835076065071e-05,1.3056352287406865e-09,3.153634641013817e-06,0.38053851885608714,7.13097956503964e-05,3.882482991871789e-05,0.00018876799635513173,0.10370600884194135,3.0003035181553426e-09,1.4039233680709363e-05,0.10101796365846613,6.0658478507516245e-05,2.0507730469295932e-07,0.0009378210875162675
33,0.00030597881029022304,0.277786840954481,3.88631889854059e-06,0.00014040797127676084,0.00012884880507772504,0.005694521876678386,1.7176864780615962e-06,0.0008040934713690064,0.0276471281483999,4.2912839407561856e-05,0.00036136371838348325,1.1557681397271296e-05,3.0671890601541554e-09,1.2735497057190858e-06,0.054863352133202724,0.00018589316317685624,9.87114006784618e-05,0.0003254223465336607,0.40127177175022744,1.1581852505074625e-09,7.803543286495635e-06,0.23000916630284976,1.7816923096520934e-05,8.943135877735725e-07,0.0002886320661425615
34,1.304729289142012e-05,0.21370361543332492,1.7449745100871162e-06,8.940224540436577e-05,6.392568594801605e-05,0.012553080506010882,1.7220089320402785e-06,0.0005969749803893832,0.08588034747758153,6.176377013774668e-05,0.0008106978240279314,3.6848963674664986e-05,2.3240016555833342e-10,6.601676799630486e-07,0.4626238392699947,4.047066869695391e-05,1.935442140874206e-05,0.00011865861357983,0.012448379580369914,1.798202737163315e-09,3.277668383263362e-05,0.20993400848310348,0.00010946342739778771,2.0527621303449893e-07,0.0008590102142868792
35,0.0003235564986480811,0.27140450795225807,2.38210025533871e-06,0.00013949816113625047,0.00018831858856867162,0.0016671899097374103,7.394171425620914e-07,0.002628375515023933,0.32604187108973076,4.91784609505758e-05,0.0017553277453279483,8.004934842722291e-06,7.188193451312679e-10,4.611191521682541e-07,0.1849759012747158,3.359802421656038e-05,2.1240957100286002e-05,6.937031459775306e-05,0.0794961113837738,7.725153557287142e-10,2.5101787468274524e-06,0.1305741629052909,1.1931118692831422e-05,4.7765190639925324e-08,0.00060571309356545
36,0.0002632443393064866,0.28749636524397326,9.423965003169064e-06,0.00016489637896985651,0.0007851571091267191,0.005225159633614517,7.168104428869913e-07,0.00040735698684239545,0.1893503993440841,0.00014807430251617543,0.0035241330840616166,4.979842087705555e-06,9.926281673827369e-10,2.6386037734357604e-06,0.3543558242158487,5.403166808223814e-05,1.7217916273459742e-05,0.00014110674296065952,0.12957632205421535,4.009203171424167e-09,1.8578780550673484e-05,0.02750058938315116,0.00012892182676001098,1.8235782113776865e-07,0.0008246744087030429
37,0.0010499419894741421,0.20706229465895373,1.3668798851049887e-05,0.0002548382602643893,0.0006525670013241226,0.003825875633394237,5.1211264278066416e-06,0.0009550784515170127,0.0970256647594176,0.0001405106114893152,0.005933349112167369,3.892622836243467e-05,3.0775469743009313e-09,1.9750280136520852e-05,0.44766367138051344,0.00015362065098012932,0.00010438449777160818,0.00044719078699633174,0.1404904960688554,6.948526235939433e-09,4.105654368179265e-05,0.09206439427994836,0.0001872600612238437,9.128733325733007e-07,0.0018694159188436272
38,0.0002625524580309211,0.2019255736660182,6.720420910464308e-06,0.00019031998564418022,0.0002282813873597598,0.005462269175608877,1.994404209849999e-06,0.0012101589856587007,0.11130000927917429,9.49428361891669e-05,0.0034094062852974964,2.3462431402435337e-05,1.4987755249976672e-09,2.996071002432302e-06,0.4742452488311141,0.00013292543165178947,3.641591971970739e-05,0.00030103056528629627,0.09975554083964945,3.2478310484636947e-09,2.5860505898215216e-05,0.10073471640480904,8.7397962698287e-05,2.858564901460281e-07,0.0005618855495695278
39,0.00012716752712572588,0.2723419181120307,8.011572784162985e-06,0.00013441341387219273,0.0001638006098901489,0.007021043063861222,9.996526813459676e-07,0.0014251977765904582,0.11588978783184281,5.660750175975127e-05,0.0013536336699254824,2.546439331599416e-05,1.0190067962484737e-09,9.30813087208221e-07,0.3337251684377221,0.00013259948498664585,3.824713631726777e-05,0.00018568473830010276,0.10405282889148773,1.921006581652519e-09,3.8459862550719616e-05,0.1628729727409298,4.771523703778017e-05,1.9688421870355796e-07,0.00035714770766866205
40,0.0005677548446642602,0.2988704654426631,1.4716569247431454e-05,0.0001122590493296681,0.0007591301430387519,0.0011113743915634733,1.5556784443705254e-06,0.0007218612289316903,0.09087220140001978,6.265895041142452e-05,0.006961254023554952,2.689842949235541e-05,1.1884919349786022e-09,1.0971903665943257e-05,0.4541816268910964,3.895497873036795e-05,3.570941233401032e-05,9.699814390644585e-05,0.07833605203367806,3.4737851501359674e-09,1.5147402968382125e-05,0.06544703081387192,5.023744923296275e-05,1.7352437374523286e-07,0.0017049626325032997
41,0.00031575390813579123,0.2504749978269036,6.293872261172154e-06,0.00019642486933774285,0.0003690080625487223,0.0028892988097539156,1.277669636377121e-06,0.001183792960256973,0.15917958819722478,9.663271039611081e-05,0.004743265509811558,1.620717024699766e-05,1.1704140145095356e-09,3.106722055368454e-06,0.417226998251652,6.495906767096269e-05,2.7099555606568754e-05,0.00017462981688211508,0.08246085369722829,3.114425443589046e-09,1.1705542308828384e-05,0.07966267299437102,5.551894000493449e-05,1.429080012795754e-07,0.0008397666528653834
42,0.0007761361742338279,0.11250444860365247,7.216009795052954e-06,0.00019044250371792,0.0008996177006062785,0.002461372970768171,4.805802926714928e-06,0.000681328334512006,0.1373551479133863,0.00023595558390283267,0.012373493004029484,2.8319033715046482e-05,1.873052746507037e-09,2.671930837076547e-05,0.640206984158975,4.921006929710148e-05,5.0891671930305244e-05,0.0003236378162587938,0.05028332175875939,9.596615176773711e-09,2.0537107686635064e-05,0.03800721617428656,0.0002563958057900155,4.6257677897248373e-07,0.003256328446952348
43,0.00020362518934027377,0.18215077670999585,9.546379539719583e-06,0.00020864149254570244,0.00028866538565402923,0.009017514903629032,1.817902878452313e-06,0.001853462431887137,0.19147407430934943,0.00023231542529099052,0.002199902589306704,2.384661614714328e-05,1.7983011042545102e-09,1.1155999993963026e-06,0.3377254293687064,0.00012384282165708272,5.7240099297912274e-05,0.00019542506653137906,0.10983347450202419,3.854709249052082e-09,3.6188393804685015e-05,0.1637685581121035,7.34036315895315e-05,3.169416640717553e-07,0.0005208104740471522
44,0.00035679421213487316,0.23443208840846025,6.919165533326642e-06,0.0001962323312692034,0.0003455278377132175,0.0032686156831183717,1.7046156083553954e-06,0.0011861834579642424,0.1503670393654081,0.00011377649164229638,0.00459947238752239,2.0552531516414414e-05,1.2355505867100255e-09,3.4781194948161353e-06,0.4162006868523203,6.977970716665757e-05,3.8548613198938476e-05,0.00018176999521938065,0.0854509730234323,3.2032076252921654e-09,1.4945430874716013e-05,0.10205892569703649,6.620029796608092e-05,1.9824313925027427e-07,0.0010195830935018897
45,0.00035647171416083265,0.2341895178543229,6.917821846646548e-06,0.00019616333884832853,0.00034512121376441095,0.0032725020882579696,1.7067369145749066e-06,0.0011899400174579307,0.15034423068746564,0.00011382751662607254,0.004593108284228232,2.0578423541842727e-05,1.2379892334951004e-09,3.472962434201803e-06,0.4163137470589127,6.993884925021458e-05,3.853705379664379e-05,0.00018197400237762544,0.08551233961238522,3.202621468906834e-09,1.4944624692459966e-05,0.10215189772700835,6.606384014646196e-05,1.9841608477642633e-07,0.00101679571486524
46,0.0008226697119203798,0.1711041548758123,1.2362750158240921e-05,0.00037586521535081175,0.0003412474498010984,0.005787876438291274,4.131633845274632e-06,0.0019795495887027547,0.1473298426964824,0.00024274633181332544,0.00347345727228842,4.227358657642439e-05,3.204317060796318e-09,2.2640931412761286e-06,0.1609741447684624,0.00013691630722797266,0.00024626547128485155,0.00019890196058918155,0.14202648421907726,4.474634463731535e-09,2.7777093077717566e-05,0.36353820120900043,6.368351382381318e-05,4.986261312910366e-07,0.001268677508189619
47,0.0005355933075274721,0.2336812921214558,9.426106632711298e-06,0.0002626463517983025,0.0003605400248994418,0.0040385233464171446,2.50881819461628e-06,0.0015811561955376924,0.15223370267544534,0.00013402873736956193,0.004061353942939243,2.8701463934754832e-05,1.9398341289812306e-09,3.546182447517527e-06,0.3272874870345935,0.00011445185766866204,6.16666390714349e-05,0.00020315004767679343,0.12111678799191687,3.3481209526830345e-09,1.8202084518564066e-05,0.15319102551093472,6.273509968225007e-05,2.997352251724172e-07,0.001011169436157338
48,0.000384903790137434,0.24542378002760054,7.094290495682746e-06,0.0001911238910151913,0.0003404312890854455,0.0037912831232646523,1.8238313755904385e-06,0.0012610766930888505,0.14682232853077792,0.0001251677528291836,0.0037868318029063543,2.0134092473909116e-05,1.4207797132682416e-09,3.121486526408437e-06,0.3644541719732506,7.739225226980831e-05,4.837159496351056e-05,0.00019279370336701073,0.11073387151704571,3.008585051886385e-09,1.495522287210235e-05,0.12125667844389297,6.127049762038999e-05,2.4856305043876116e-07,0.0010011412007255365
49,0.0002096673680832448,0.2684608642330528,7.39935838616939e-06,0.0001820668639469552,0.0002524899981957851,0.004288818655529059,1.4483190093034417e-06,0.0013767270416913957,0.14674820705628674,0.0001039872088342447,0.0028545091316316403,2.5579665381111137e-05,1.1103849822263234e-09,1.568828919691284e-06,0.33131057186662755,7.047092622479255e-05,3.66043168038194e-05,0.00012373912468241973,0.07746095880468007,2.630637378074131e-09,1.573130527131601e-05,0.16565489365170527,4.349288224031128e-05,1.6936012272774508e-07,0.0007700302916712392
50,0.00045951796504033096,0.21089720224471406,7.878779367744508e-06,0.00021671687750673686,0.00040100862656725544,0.003333403050175668,2.2414990347023044e-06,0.001385556118261975,0.15947842164908274,0.00014572423608377047,0.005252621479743386,2.3780975127900697e-05,1.5844537088946921e-09,4.360263823271628e-06,0.4169217775358799,7.877205456620347e-05,4.632696584693864e-05,0.00019532145247798402,0.09386360602162222,3.761652036136411e-09,1.4992697392794165e-05,0.10604599344600889,6.918813386266923e-05,2.449886319329785e-07,0.001155337593075183
51,1.1303111138166885e-05,0.595996174712898,3.4903712899528507e-07,8.020440878363675e-05,1.610405045991754e-05,0.0005470931684006634,4.245587284764422e-08,0.00037165770215379486,0.02830629984891616,3.3566764274572882e-06,0.0008974350832342958,3.3673686091090395e-06,4.712931686320262e-11,1.7651103218709758e-07,0.30161632055291926,4.946367079336e-06,1.45841622538501e-06,3.0816545765090175e-05,0.006622833627638088,2.564218566905591e-10,1.6869070745253717e-06,0.0652763032292386,6.10108205641662e-06,4.838341981456867e-09,0.00020596399505480394
52,0.0002501229857278794,0.1380167867675664,4.382419719321549e-06,0.00020345755368557345,0.00027657134832304915,0.004457604998121577,1.2877150183514331e-06,0.0021092216103730968,0.15506740506539513,0.00020445059745671088,0.004871172969288365,2.1453557275677847e-05,1.8754038461041873e-09,2.7597905219023714e-06,0.555712237221456,7.242879644273733e-05,1.985730039450437e-05,0.0002902835176071354,0.0720884256229108,5.317249194394529e-09,1.037141530738448e-05,0.06571706331589228,5.36826100182678e-05,1.7481150160912663e-07,0.0005487908173433118
53,0.00036350852809318145,0.22197070873918373,7.128204752651578e-06,0.0002052496075788247,0.0003543821056966344,0.003308403005495489,1.86863243701855e-06,0.0011893466709101993,0.15398579836831341,0.00011893957731579675,0.004982625247352472,2.1809534574086448e-05,1.2615774107466314e-09,3.7361265126319515e-06,0.43100710813794896,7.2281310890697e-05,3.939278783382518e-05,0.00018969161225121739,0.08016406526374,3.4639471800150523e-09,1.6020680874279493e-05,0.10087449224531468,7.282351042944673e-05,2.0358845331247732e-07,0.0010504117885229004
54,0.00016026453816551548,0.4093436640934876,2.0360110867787645e-06,8.024148057697748e-05,0.00013591408707541377,0.0015457405804740463,7.146562850006488e-07,0.0004896645990575909,0.08376557740613401,2.9157575766016985e-05,0.0017739433655001794,8.556373674076869e-06,2.3415053165125304e-10,1.960684761508256e-06,0.3647218893905202,1.878853294461961e-05,1.369225516833201e-05,5.719586469214248e-05,0.047537223526421035,6.383265564785171e-10,4.90200514850677e-06,0.08904989684714004,2.816505307228257e-05,8.643587178126324e-08,0.0012307237644992807
55,0.00034754261112790783,0.1552658188253249,6.60029089579284e-06,0.00020060878209467433,0.0003822962386377625,0.0051165446717563135,3.7119122290237917e-06,0.0025363140523638676,0.21353608163307186,0.00011703559753323839,0.0036048267739732815,7.215994518271077e-05,2.397021049451236e-09,4.52879902911353e-06,0.4199902852821798,0.00013684901426792387,3.7348297388353135e-05,0.00028818026474206927,0.06619939542242802,4.551633686287267e-09,1.680225661376037e-05,0.13111105395925207,6.355033641373963e-05,2.8797899635004523e-07,0.0009621701058429031
56,0.00038093540755868135,0.2296108601562787,7.4201073452379885e-06,0.0002122300760283424,0.00035790721298927593,0.003579673731727907,1.868406067531183e-06,0.0013619428712571468,0.1553244561984828,0.00012663684525152406,0.004583718595261115,2.2353784265175874e-05,1.5456554073866437e-09,3.5356573192435992e-06,0.4038776523749781,7.98057726635299e-05,4.15602290006965e-05,0.0001991211049658751,0.09286902239435918,3.6014533588050837e-09,1.5310633548692523e-05,0.10628839859472153,6.608140483219055e-05,2.2321047973485033e-07,0.0009892800835088955
57,0.00033020985915678254,0.21524479528291254,1.903202352465874e-05,0.00017101172407202843,0.0005267819018442609,0.004202698907126595,2.2935491497799336e-06,0.0017043408191475663,0.18587923505862342,0.00017604571990552611,0.003953821606267577,4.0078045638518916e-05,2.2035146394900018e-09,2.7286987488874224e-06,0.3364893670123177,0.00010861064642130395,5.395716206409406e-05,0.00011843009302753353,0.10726080162610126,4.599121900964318e-09,2.3789565751044007e-05,0.14274740557971624,5.2424643131606264e-05,2.677582798576041e-07,0.000891865914434587
58,0.00038952437806008924,0.23341404290850842,7.464106962228443e-06,0.00019064312333180142,0.00034926483930001464,0.004173194347887443,1.9998836574580106e-06,0.0012837207682230016,0.14399050848666292,0.00014441406686851606,0.003731239421219848,2.2918983949413778e-05,1.657815539198924e-09,3.6285354218878554e-06,0.38573580011002684,8.260228237156769e-05,4.745952309914626e-05,0.00021250748990064156,0.1094618825058498,3.447148962545119e-09,1.6587070726493163e-05,0.11565815262387073,7.118925219400732e-05,3.102092684295537e-07,0.0010109399776746845
59,0.00039490363897415597,0.23147655563332853,9.023533687243076e-06,0.00020200104928016745,0.000379545526286691,0.003941942013480317,2.077486740586721e-06,0.0013373729775455756,0.14596805447366565,0.00014352153192216,0.0041473717640056525,2.498947134553047e-05,1.7471279120538238e-09,3.760194472429256e-06,0.38762963632339176,8.873342340010926e-05,4.9110534312345036e-05,0.00020226628824430596,0.10595124395115157,3.826349980359843e-09,1.832629542538581e-05,0.11695860527228634,7.057101131530247e-05,2.9436351075774294e-07,0.0010000876687495483
60,0.00035679421213487316,0.23443208840846025,6.919165533326642e-06,0.0001962323312692034,0.0003455278377132175,0.0032686156831183717,1.7046156083553954e-06,0.0011861834579642424,0.1503670393654081,0.00011377649164229638,0.00459947238752239,2.0552531516414414e-05,1.2355505867100255e-09,3.4781194948161353e-06,0.4162006868523203,6.977970716665757e-05,3.8548613198938476e-05,0.00018176999521938065,0.0854509730234323,3.2032076252921654e-09,1.4945430874716013e-05,0.10205892569703649,6.620029796608092e-05,1.9824313925027427e-07,0.0010195830935018897
61,0.00039570229806773065,0.2318953158933849,8.833600668041133e-06,0.00018920742759482453,0.0003872941357364171,0.0037352938519814457,1.9555378948465605e-06,0.0012388163474015938,0.1501051375892126,0.00013550494328643884,0.004233415789127546,2.3580546634325164e-05,1.5761013034147e-09,3.7666459430961475e-06,0.39302420748055006,8.209279681983863e-05,4.7073678968941706e-05,0.00018828857244335617,0.10349133847744636,3.5873851674193497e-09,1.7930135867900355e-05,0.10968593969288347,7.129755991084084e-05,2.700549648646647e-07,0.0010377317797239482
62,0.00035679421213487316,0.23443208840846025,6.919165533326642e-06,0.0001962323312692034,0.0003455278377132175,0.0032686156831183717,1.7046156083553954e-06,0.0011861834579642424,0.1503670393654081,0.00011377649164229638,0.00459947238752239,2.0552531516414414e-05,1.2355505867100255e-09,3.4781194948161353e-06,0.4162006868523203,6.977970716665757e-05,3.8548613198938476e-05,0.00018176999521938065,0.0854509730234323,3.2032076252921654e-09,1.4945430874716013e-05,0.10205892569703649,6.620029796608092e-05,1.9824313925027427e-07,0.0010195830935018897
63,0.00027218305552046833,0.2801163584894915,5.2732180122280936e-06,0.0001672305953499287,0.00028277838776879713,0.003006009412380494,1.2293642190197718e-06,0.0009808037939451602,0.13650503196122452,8.253748015083549e-05,0.003700081744015243,1.550310910936207e-05,9.152658966225237e-10,2.626135828499854e-06,0.39724951804725755,5.425109423592416e-05,3.0503856236395018e-05,0.0001602322953354375,0.07868894339909574,2.4435147561524844e-09,1.2374342839598467e-05,0.09766260441479745,5.6733800095670056e-05,1.551809882324923e-07,0.0009470334633212026
64,0.0003142355583504539,0.23518230055571562,9.515324603379804e-06,0.00018905438116801859,0.00033835471830487285,0.0036060875322934598,1.6178377360727337e-06,0.001092414472222529,0.13910461766297855,0.00010817981259626517,0.004267402973332769,2.44987280322202e-05,1.2550036556716737e-09,3.2889268793500475e-06,0.4262526827007764,8.101242112105166e-05,4.472297430705383e-05,0.00017284565388290266,0.08118658360170718,3.550585982430212e-09,2.5863231297524332e-05,0.10698424399399559,8.16354669702561e-05,2.1958105525228262e-07,0.0009286170850837229
65,0.00010341535878545667,0.39280950977008794,3.787417852149754e-06,9.847092893483384e-05,0.00018904668176684397,0.0042150716157063495,8.450861371388647e-07,0.0003565406351720586,0.08024052192885126,3.381894032337831e-05,0.0014717337195110968,1.2583002685990144e-05,4.102461904848825e-10,2.149490528520154e-06,0.3769901331819557,4.064095061447521e-05,2.750825966553049e-05,0.00017891310889984476,0.05373311499510388,1.903903093219046e-09,2.871724999934819e-05,0.08828046246706249,0.00011057404824806714,2.009328104065506e-07,0.001072237915147878
66,0.0023792116148410036,0.09082523024601424,6.225111563492405e-05,0.0004115938640134779,0.003231036202733145,0.005489982295117781,1.1394437558052707e-05,0.0026078714006356613,0.3528857231975652,0.0006710902564000637,0.00868859103381919,3.4159080398040225e-05,1.633420547098721e-08,8.238415693045156e-06,0.15153439531949572,0.0003260579785159798,0.00017380663151779285,0.00023316512986857794,0.30256022749417094,1.948934933251496e-08,2.6623859195206636e-05,0.07662449297427178,9.23919034696278e-05,8.403088255365866e-07,0.0011215894166902596
67,9.171087556984277e-05,0.3498241507691335,2.937998326963631e-06,0.0001081349987932402,0.00012051635408868621,0.00582161890361166,9.933187499679143e-07,0.00034116063351023084,0.06964665249617248,4.008510642872076e-05,0.0015942745981592616,1.4029168875833013e-05,3.9929729460788506e-10,2.0692382267946266e-06,0.40897028987130585,4.219548494814475e-05,3.661411146934848e-05,0.00022842703619903315,0.05205684089723358,2.0499026502099688e-09,3.120130075754586e-05,0.10963600136221562,0.0001490332240946326,2.4438355429371185e-07,0.0012408154193747764
68,6.267632423664535e-05,0.13661238423729985,3.4203292552051696e-06,0.00010222960475007243,0.00014155180472313176,0.007102187044521864,1.4452473030107324e-06,0.0014071247153658404,0.08172971381360805,8.05468627531808e-05,0.0021332928144827236,4.543037352490421e-05,7.583949599067222e-10,1.5798704726656607e-06,0.6369848971233618,5.416156203318267e-05,2.104808587982878e-05,0.00025552662007717294,0.025187082585992625,3.850427354585034e-09,3.622620545382154e-05,0.10746487471245846,6.607968525592328e-05,1.7546853196161084e-07,0.0005063402998356455
69,0.00017628244769117937,0.17411811683576658,4.189579025594214e-06,0.00016966367485375634,0.00024860274513912976,0.002270883997396562,9.480951342619341e-07,0.0008669630476880899,0.15482126572395014,8.804824259114278e-05,0.007297107197075838,1.5863014993520193e-05,5.927229492985058e-10,2.2262370480608683e-06,0.5560598854500449,3.1653936377156094e-05,2.417361945472719e-05,0.00016958296775164313,0.03074058554969826,3.6434168002595933e-09,1.5530676488222904e-05,0.07182477298289006,8.18392558483452e-05,7.056699990230453e-08,0.000971739919953267
70,0.00036656476640670855,0.23643964209619828,6.7774796131989295e-06,0.00018992940975641907,0.0003440301048666439,0.0031881990726305488,1.6984090726744896e-06,0.0011696242505336303,0.1462492339830044,0.00011317599876954211,0.004529864006969079,2.0240011579521283e-05,1.2334417951291939e-09,3.5640973318617684e-06,0.415099321941526,6.797459344589283e-05,3.980097601337041e-05,0.00018360271907365595,0.08794148976851976,3.118797937789327e-09,1.4703003913260967e-05,0.10292605676781313,6.553685528152951e-05,2.0446586757902354e-07,0.001038760869573428
71,0.0017555781411245834,0.06818787354139143,1.5151301715988681e-05,0.00033477721438430596,0.0013101691467456722,0.0057132887908319,2.9760338784012697e-05,0.0037902267005742226,0.4402823646122058,0.000800868029552292,0.006403582937185426,4.475421601524707e-05,7.1297932371942195e-09,8.386979434001338e-06,0.2344949262216205,0.00015815334341306837,0.0001616901527602882,0.0002046590678255897,0.10683992094424313,1.0439811822573882e-08,1.4924451912894757e-05,0.1268343880483364,0.0001119158711594338,1.1479870683622524e-06,0.0025014743921104106
72,0.0007623671397757275,0.05176912453718031,3.234903036346471e-05,0.0005424390609259727,0.0011150614104378958,0.03679111798813155,5.58514721572425e-05,0.01103732757971698,0.25540053664497125,0.0002842243517309726,0.0017021061652049137,0.00014215294224567085,3.406693180007347e-08,5.117559537051083e-06,0.16365445754462965,0.003920578028555509,0.0001900503364916088,0.001512954723056596,0.3015049815388886,1.7851497119868293e-08,9.80056510540114e-05,0.1691652211361783,8.969504498033025e-05,2.8755298104654473e-06,0.0002213526655469335
