,0,1,2,3,4,5,6,7,8,9,10,11,12,13,14,15,16,17,18,19,20,21,22,23,24
0,0.023191996776130167,0.030691532033977193,7.1128152077564975e-06,0.0027850172459976904,0.004315723943564306,0.0011485148434182458,0.001694495603567277,0.00028111108204371596,0.13328924399787367,9.967622074320118e-05,0.10880238167367018,0.0002076290052978111,0.0005970739283178839,0.0006588053374408801,0.40345858124688994,1.7861242262573365e-05,0.0003790773078237882,1.9477482787309174e-05,0.05759202258550999,2.1598817331597998e-07,9.317812948872124e-05,0.22819576171101807,3.271653835655641e-05,3.653286104476505e-05,0.0024042603993952327
1,0.013428028034147386,0.020772358718886327,6.799724691430976e-06,0.0022374804522921976,0.002950891629550185,0.001509402035894135,0.0015272879356813646,0.00023987738105258005,0.24494325898518973,0.00017940342362867152,0.0615215035971303,0.0001092302078584683,0.0005368753268623137,0.0007225785032135252,0.39012642070244125,1.853352243514705e-05,0.00016140296950349392,2.067086882631923e-05,0.06936346493484175,2.8841290965156325e-07,8.10759584930933e-05,0.1872191078569049,3.2181406118277126e-05,3.834830830517375e-05,0.0022535291031422996
2,0.010858173834407283,0.021668723991007235,5.096214940414489e-06,0.001790483663171663,0.0031221253231156812,0.0010494744282959006,0.0011035162816271048,0.0002311577260185421,0.17846687760762706,0.00012625251398812556,0.07117203139414059,0.0001332597278997269,0.0003582906416029335,0.000893682007450869,0.4710282377517747,1.3514101230014598e-05,0.00017236581376351838,1.3020454914487181e-05,0.04099234152453322,2.439810791343258e-07,5.792526249166965e-05,0.1939291565186492,2.4420822266840795e-05,2.570643700358741e-05,0.0027639219770005737
3,0.01715798598377982,0.024812812680356643,5.806223412978916e-06,0.0021701963001992497,0.0031566484024695145,0.0012623939540153354,0.0014243775826983448,0.00025548719113042875,0.16291036285100005,0.00011761232436916367,0.08849035681436565,0.00014819849650858242,0.0005013992415429307,0.0007034083958089137,0.4106107670416569,1.500087611482254e-05,0.00023871717428956222,1.7661258573949625e-05,0.055676255909150776,2.1772768787021751e-07,7.658763185220295e-05,0.22787508771411616,2.914263682611421e-05,2.9450715451538773e-05,0.0023140648726224476
4,0.017344999918156016,0.02717818402755258,6.278698634357334e-06,0.002250365536250733,0.0033708522875973298,0.0011394922036162128,0.0015738148062355442,0.0002676866680332844,0.17206452535421404,0.00012257451022039132,0.09065537785438035,0.0001567458357655619,0.0006037609447153273,0.0008334974653388683,0.3770031758797541,1.4763520954970356e-05,0.00023916118435539076,1.9921602783780773e-05,0.05865256368984288,2.500824593684892e-07,9.031206491153655e-05,0.24404923931649156,2.9041408551104987e-05,3.223039125942811e-05,0.002301184747925304
5,0.020010311611487197,0.025776554926463323,7.501445818342546e-06,0.0032720804274389745,0.0039724605277431605,0.0015075156279209575,0.001614166816212566,0.0002993335529758309,0.18807105597548757,0.00016168308384943207,0.09345657270452451,0.0001404029634792491,0.0006312442740097364,0.0008518297266821573,0.37923965349249356,1.7317782446408694e-05,0.0002687050923955037,3.251400323770937e-05,0.07020610984153905,3.096575932516105e-07,0.00010329940809509414,0.20823126220645843,4.461411091221094e-05,3.91523402837529e-05,0.0020443484004520197
6,0.01715798598377982,0.024812812680356643,5.806223412978916e-06,0.0021701963001992497,0.0031566484024695145,0.0012623939540153354,0.0014243775826983448,0.00025548719113042875,0.16291036285100005,0.00011761232436916367,0.08849035681436565,0.00014819849650858242,0.0005013992415429307,0.0007034083958089137,0.4106107670416569,1.500087611482254e-05,0.00023871717428956222,1.7661258573949625e-05,0.055676255909150776,2.1772768787021751e-07,7.658763185220295e-05,0.22787508771411616,2.914263682611421e-05,2.9450715451538773e-05,0.0023140648726224476
7,0.04219356017216592,0.020657647658133525,5.8388566935296536e-06,0.0018169697344705353,0.002092859405957368,0.000985032257031394,0.0016798722801178697,0.00035474605249650266,0.0895136387744738,6.800028751350632e-05,0.14826102291106272,0.00013359959875697554,0.0010893339281251263,0.00034588943018328737,0.2871054858759995,9.246980620368572e-06,0.00018552231581355806,2.2048542774442992e-05,0.06017156253047059,1.573008525956584e-07,7.423960411351848e-05,0.3422559632179085,1.2905892693458694e-05,1.5370741612989545e-05,0.0009494856499584437
8,0.01966862589164219,0.02668185358033276,8.053932947289388e-06,0.0024789083696910197,0.0034388300949379927,0.0013044695365111488,0.001171114708151767,0.00022963451516614324,0.18044469276836725,0.00014569079194020867,0.08033690125532313,0.00016329658411513883,0.0004916939481244048,0.0008083433057069886,0.43376699955759246,1.844256289119929e-05,0.0002870617724747425,1.7300898500041225e-05,0.04537410339361367,2.574231347065953e-07,6.940744264799696e-05,0.1999865156247817,3.808806785488907e-05,4.3347567826050404e-05,0.0030263664057249167
9,0.012697357669973043,0.03316585750732827,1.1229612866228599e-05,0.0027359409604107822,0.003154930112189932,0.0011999515414117272,0.0008854559409648688,0.0002091306785084496,0.24040970056946517,0.00029453461629097707,0.05164153901431036,0.00014192946451603745,0.0004633781818693085,0.001310495247018445,0.44112372730444205,2.7930353167489324e-05,0.00027872201130377825,1.8123887521786474e-05,0.04717172384272767,4.1005532531286924e-07,7.240851509302063e-05,0.15846733062563853,4.8587619532406985e-05,6.954065631126232e-05,0.004400064011812998
10,0.01715798598377982,0.024812812680356643,5.806223412978916e-06,0.0021701963001992497,0.0031566484024695145,0.0012623939540153354,0.0014243775826983448,0.00025548719113042875,0.16291036285100005,0.00011761232436916367,0.08849035681436565,0.00014819849650858242,0.0005013992415429307,0.0007034083958089137,0.4106107670416569,1.500087611482254e-05,0.00023871717428956222,1.7661258573949625e-05,0.055676255909150776,2.1772768787021751e-07,7.658763185220295e-05,0.22787508771411616,2.914263682611421e-05,2.9450715451538773e-05,0.0023140648726224476
11,0.018111419719343103,0.025046246559288728,5.8926577068459225e-06,0.002254133813114463,0.003218529719154838,0.0012038524196759139,0.0015325980389235619,0.0002581942141986082,0.1599689782331922,0.00011198963400258416,0.08986576405817394,0.0001562271317757859,0.000579569925326256,0.0006830792233576438,0.39798673339746554,1.542636367194854e-05,0.00024046593168790904,1.8416180606876268e-05,0.057645691060671474,2.3343007133316398e-07,7.969185258643622e-05,0.23873945506921862,2.838916277189201e-05,3.172063603465137e-05,0.0022173015679788155
12,0.018567378677069542,0.024174352576664965,9.221662897997186e-06,0.001977574495072051,0.007023513680697301,0.0015011603839218352,0.0013606341040477232,0.0002169453999800404,0.213392760575448,0.00013197799264952202,0.1148430444063651,0.00017535762412055237,0.00042271851077028006,0.0011833484914099313,0.3802991810902438,1.3029456631079428e-05,0.0003353226321117965,1.8878901756364236e-05,0.033789650641503514,3.2192573493895837e-07,0.00010353740277535362,0.19669737340161125,4.745049629082546e-05,4.7014479907529475e-05,0.0036682509903186032
13,0.015079333157211897,0.02138793748791091,3.714310420538368e-06,0.0012743356009246878,0.0028040096102738654,0.0006628064550432417,0.0012061949304914715,0.000278642772421084,0.10536903144819634,5.5139617233916385e-05,0.1257372291914957,0.00020792605806788298,0.0003969007146898055,0.0007089934926081256,0.4113058185723768,9.368310440972742e-06,0.0001940021461523692,1.0445958442685481e-05,0.0370847512358101,1.4128644444915773e-07,5.8443901840744365e-05,0.2737030462903193,1.3282486111890554e-05,1.5858596872724222e-05,0.0024326463681986583
14,0.01808458839500688,0.11482568291236946,5.450304230797645e-06,0.004828923119750312,0.013118989626118616,0.0004175014901907352,0.0013565353452769774,0.0002615052421779261,0.05535751494485745,0.00011982720882701243,0.2586279304355011,9.741347469017715e-05,0.00127532116340097,0.0010947591755904823,0.11881172735422192,5.224315959474481e-06,0.0006289590442296868,5.5236565290829145e-05,0.15388751238977916,1.9676542067952288e-07,0.00052226582729234,0.2558852493190426,2.544638744086879e-05,2.9748377819611362e-05,0.0006764908155137707
15,0.01715798598377982,0.024812812680356643,5.806223412978916e-06,0.0021701963001992497,0.0031566484024695145,0.0012623939540153354,0.0014243775826983448,0.00025548719113042875,0.16291036285100005,0.00011761232436916367,0.08849035681436565,0.00014819849650858242,0.0005013992415429307,0.0007034083958089137,0.4106107670416569,1.500087611482254e-05,0.00023871717428956222,1.7661258573949625e-05,0.055676255909150776,2.1772768787021751e-07,7.658763185220295e-05,0.22787508771411616,2.914263682611421e-05,2.9450715451538773e-05,0.0023140648726224476
16,0.016250508206852986,0.023903030828181068,3.4835127734423658e-06,0.001425468717593554,0.0020537669428998856,0.0006691300505528379,0.0011033743572859752,0.0002907126123847806,0.09846593770788362,6.696628477513709e-05,0.09865709600444,0.00019358002538479065,0.00040875613412736544,0.0006777594802685287,0.40901732095317683,1.0605354291637993e-05,0.0001969177363268013,1.1972673427666699e-05,0.042800145618241664,1.2518329801376218e-07,5.277506173131639e-05,0.30164989964860495,1.2686692875606689e-05,1.3501879139475557e-05,0.002064478333482194
17,0.028448575786804216,0.03132840857807835,9.231247557739438e-06,0.002137376846108516,0.006761617697142875,0.0010441571513619564,0.00258518417066889,0.0002787809175850612,0.1974709994241629,8.239374121930445e-05,0.1519257933322751,0.00026920032249077127,0.0008452594720711825,0.001216905439781865,0.24665212561042332,1.1629776065551417e-05,0.0003779193247396268,2.679026306441924e-05,0.045648504201723804,2.768073917900973e-07,0.000169153514555073,0.2798915920036088,3.8232960602552454e-05,4.898902772624913e-05,0.0027309023827900417
18,0.011554566303535662,0.0282347205954823,7.4702553804638604e-06,0.001224520396207756,0.0028426479188421905,0.0009892639382282262,0.001427812105617372,0.000211652942925422,0.16471990511381726,0.0001232098025669008,0.07507159686490142,0.000231031952709518,0.0003484132514884912,0.0012141916105337899,0.4582231980450522,2.3950561847924213e-05,0.0003589161663847,1.222795124472389e-05,0.04492614042614678,2.501410592426278e-07,9.959956843951741e-05,0.20197805368209615,3.5449124812998314e-05,4.262324929699137e-05,0.006098588031381871
19,0.009969001903863309,0.0249674015936128,3.757182854157481e-06,0.002848597544084572,0.003230142566140255,0.0014451050392650798,0.0011604291123677184,0.00020687227487351708,0.1956281734280549,0.00013738248409465091,0.05150879897496818,0.00013182935571964542,0.0003870210904454029,0.0005905812668021683,0.43663867018548247,1.3609414916790068e-05,0.00016267893994065407,1.146606949527988e-05,0.04652549681057451,2.0187852774605096e-07,3.869255366622134e-05,0.22243867576159615,2.271820217605522e-05,2.4941956954228313e-05,0.0019077544095233553
20,0.01031708005831118,0.022362992446608814,2.870117899155547e-06,0.0016328294730427338,0.0019297864988596512,0.0009276775631600592,0.0010927247026180766,0.0002346164892138654,0.12522223270091118,9.474554599295037e-05,0.06843598548963307,0.00010176491660823621,0.0004436309754555978,0.0005696074529361108,0.4156569950440022,9.54330289926071e-06,0.0001415753198815598,1.0604818409481825e-05,0.052703782955217326,1.6540188652676545e-07,4.893110021668621e-05,0.2965018246932099,1.3905742699025596e-05,1.40172555447859e-05,0.0015301099347824992
21,0.04146313111948791,0.035221002710921566,1.5951866518948148e-05,0.0027728187049076737,0.004550133433933541,0.0008774975073913597,0.0019225607319344638,0.00040217420498393324,0.1864886913658915,0.00013294737777718013,0.1386466957979293,0.0003570061526614693,0.001034260341509247,0.001518395380894243,0.2836631888830502,2.3938255375241404e-05,0.00042321523294033543,4.264376470458232e-05,0.04931296086516105,3.7543966755420766e-07,0.00015681760398126007,0.24741441193305816,4.2548458786579683e-05,6.798339399075318e-05,0.003448649472541989
22,0.0354390292654677,0.03160985558717237,1.184795607166891e-05,0.0027487980485477724,0.0035727172854615567,0.00155440076235564,0.0014232085725354004,0.0004602142438805645,0.11440918647071956,0.00018966244563224454,0.14256162523001856,0.000139483839401844,0.0007573483079172221,0.0009241418189087276,0.3070253439207642,1.7402297766300343e-05,0.0005452657267327741,4.254182276574515e-05,0.0704007847729803,2.995209208209697e-07,0.0001650922604560775,0.2840930455743101,4.656228509546381e-05,2.8543589075574037e-05,0.001833598395041938
23,0.01715798598377982,0.024812812680356643,5.806223412978916e-06,0.0021701963001992497,0.0031566484024695145,0.0012623939540153354,0.0014243775826983448,0.00025548719113042875,0.16291036285100005,0.00011761232436916367,0.08849035681436565,0.00014819849650858242,0.0005013992415429307,0.0007034083958089137,0.4106107670416569,1.500087611482254e-05,0.00023871717428956222,1.7661258573949625e-05,0.055676255909150776,2.1772768787021751e-07,7.658763185220295e-05,0.22787508771411616,2.914263682611421e-05,2.9450715451538773e-05,0.0023140648726224476
24,0.011753064351222819,0.03659133973314022,4.374434609181623e-06,0.003654953937456832,0.00299854855832869,0.0010862885510879744,0.0013136364602384148,0.00026872534599012797,0.14264726811165834,0.00015913143206738872,0.06772825629094073,0.00012219621918588082,0.0004935071800766917,0.0007789615256458615,0.4199205552851155,1.6016450144276543e-05,0.0002654618893342947,2.169008763427657e-05,0.08755124426801983,2.0924068043985412e-07,8.010605221683377e-05,0.2206915858220087,3.193749871536042e-05,2.6043100817421016e-05,0.0017948981736638267
25,0.02986166277090171,0.019268987810808644,7.245855962705076e-06,0.002137484104873195,0.005742574098765743,0.000999243774624053,0.002789052752986312,0.0006833321717235437,0.12692116882776724,6.371136931721686e-05,0.2431704916052744,0.00027805172813395436,0.0007456083758141137,0.0010192701919238376,0.23997510710736117,1.0636572029422224e-05,0.00027614086088373097,4.532404438648691e-05,0.04982973505387569,2.742086732387645e-07,0.00016295008780365717,0.2743082281882654,2.636532186223485e-05,2.106761020008516e-05,0.0016562855057822602
26,0.03419531196436351,0.023038055424474117,1.7697664040723863e-05,0.00437392401016388,0.006490766770904011,0.002316053447506822,0.0016859959995252558,0.00019910826691816217,0.3802321899305096,0.0002362648242524539,0.07856628913077103,0.00013492773377925165,0.0007475664606955289,0.0010321608410125774,0.2851972316822738,2.1711684730074482e-05,0.0003231430126115145,5.148529042099125e-05,0.05066302457576911,5.013765634741399e-07,0.0001233831787860208,0.12739030710568663,0.00012272478108523786,0.00012915373400845364,0.0027110211091478935
27,0.009804480014617476,0.016577847204331746,2.7549929869983012e-06,0.001625093670045575,0.0019554126663273766,0.0012661043029085512,0.0009561507050185595,0.0001843859531829337,0.1847732943725951,9.672558799911822e-05,0.051804039065600244,0.00010266639586739721,0.000332466869523506,0.00042935695007815155,0.45097609813828615,1.0874620243248034e-05,9.885279804272794e-05,8.73695411436979e-06,0.042633396915448825,1.5629012585409308e-07,2.939486692888764e-05,0.23452216445261415,1.5285552307210393e-05,1.889329647795744e-05,0.0017753673643278141
28,0.01715798598377982,0.024812812680356643,5.806223412978916e-06,0.0021701963001992497,0.0031566484024695145,0.0012623939540153354,0.0014243775826983448,0.00025548719113042875,0.16291036285100005,0.00011761232436916367,0.08849035681436565,0.00014819849650858242,0.0005013992415429307,0.0007034083958089137,0.4106107670416569,1.500087611482254e-05,0.00023871717428956222,1.7661258573949625e-05,0.055676255909150776,2.1772768787021751e-07,7.658763185220295e-05,0.22787508771411616,2.914263682611421e-05,2.9450715451538773e-05,0.0023140648726224476
29,0.01715798598377982,0.024812812680356643,5.806223412978916e-06,0.0021701963001992497,0.0031566484024695145,0.0012623939540153354,0.0014243775826983448,0.00025548719113042875,0.16291036285100005,0.00011761232436916367,0.08849035681436565,0.00014819849650858242,0.0005013992415429307,0.0007034083958089137,0.4106107670416569,1.500087611482254e-05,0.00023871717428956222,1.7661258573949625e-05,0.055676255909150776,2.1772768787021751e-07,7.658763185220295e-05,0.22787508771411616,2.914263682611421e-05,2.9450715451538773e-05,0.0023140648726224476
30,0.01715798598377982,0.024812812680356643,5.806223412978916e-06,0.0021701963001992497,0.0031566484024695145,0.0012623939540153354,0.0014243775826983448,0.00025548719113042875,0.16291036285100005,0.00011761232436916367,0.08849035681436565,0.00014819849650858242,0.0005013992415429307,0.0007034083958089137,0.4106107670416569,1.500087611482254e-05,0.00023871717428956222,1.7661258573949625e-05,0.055676255909150776,2.1772768787021751e-07,7.658763185220295e-05,0.22787508771411616,2.914263682611421e-05,2.9450715451538773e-05,0.0023140648726224476
31,0.03398944518962017,0.035930302639065284,1.2774815516398833e-05,0.0027308393409555425,0.0026983035153803534,0.0014305921350990332,0.0016756173354820836,0.00055158511436641,0.14721650864849692,0.0001913274389571153,0.10654529455837475,0.00019671099065935338,0.000710285538042587,0.0009317195724474604,0.3379143149129356,2.6781766931700015e-05,0.0004216357057227833,3.5277057030385895e-05,0.06431059257045543,2.774675467532179e-07,0.00012203553274822271,0.2597275298430269,4.015165667142399e-05,3.3092959709099017e-05,0.0025570036947582505
32,0.014860685135722373,0.023694240759034712,5.106463125874314e-06,0.0022384323227443814,0.00287484489471682,0.0012598250474206024,0.0013896383672186519,0.00024002875798415254,0.15109490373699386,0.00011968628671748618,0.07961035094565176,0.0001265622576765594,0.0004877267794251428,0.0006172651514626003,0.4338158057284934,1.5220898897486415e-05,0.0002271036790076798,1.6995206446484452e-05,0.06563294535155612,2.104671935482172e-07,7.645437159544235e-05,0.2194557230391584,2.859135507019055e-05,2.7687512999830706e-05,0.00208396548368653
33,0.03506573793788759,0.03585998744455638,3.861819565231936e-06,0.002901525979191824,0.0025186397713757,0.0005779407153568966,0.0022526882048900265,0.00044647902519125794,0.048746623284568115,3.757644681095247e-05,0.16936465403662795,0.0003554117301370746,0.001140606594941988,0.0003982527646711344,0.2103895546367788,1.4768230821393766e-05,0.0004992245804213505,2.632265869247172e-05,0.07488560041384422,1.247878872467696e-07,0.00010641378684614146,0.4133233959454791,1.4806942909349936e-05,1.946895814943491e-05,0.0010503333023981095
34,0.001593297594979823,0.11221544113647282,5.257548474607262e-06,0.001754458520100989,0.0020577557859036617,0.0014894288346140425,0.0005278188556017061,0.00026909527728319,0.18752684153025329,0.0006107424200439323,0.025386886827747004,0.0002732886331578331,0.00013483545548947153,0.003553372226613218,0.3798692621746792,3.5919080863942515e-05,0.0005137807632567812,4.109258085657593e-06,0.020693712591775326,3.748798237499036e-07,3.755705686121426e-05,0.25030282098761814,3.171727250923513e-05,2.8920114825536264e-05,0.01108330517296547
35,0.05737838550997651,0.019545651070475692,6.775470805656962e-06,0.002630938799802307,0.0011671789326471195,0.0019653046383639283,0.0016477139158095984,0.0005982380591268894,0.1573884258421916,0.00013146077459362315,0.08300154601313947,0.0002044661953468849,0.0008722436924746376,0.0003201091583797935,0.2211254203938612,2.8901762358890683e-05,0.00021270615921233072,5.06872458928963e-05,0.08044368940974861,1.505071692836686e-07,5.433173171620064e-05,0.3700881807239794,2.194642389672069e-05,2.4569575399085286e-05,0.0010909779936317983
36,0.013481864940385342,0.026250357226861504,3.791644032449436e-06,0.0021780461776093525,0.0012874288987868095,0.0011476858185375464,0.00106624752559499,0.00035120295940585966,0.14990867766155508,0.0001506387729590295,0.049269383528730296,0.00013703755366823063,0.0004172069223283782,0.0006632601307473836,0.38053336769575086,1.688840301218936e-05,0.00018722356376274548,1.5552794239912018e-05,0.055997289374188505,1.557352782324793e-07,3.996994231064972e-05,0.3151945726680404,1.7878835237543053e-05,1.4247986453158837e-05,0.0016700232405236664
37,0.04939980731901407,0.02989945391207435,1.9063217501272384e-05,0.002734175737878561,0.006623222330882444,0.00118059484209638,0.0025506661596621924,0.0002735985574627937,0.247815977278502,0.00012891952823545922,0.13916310996842537,0.0002781341653686931,0.0012461370608952145,0.0012434718109826431,0.24935278638485933,1.9944336085692527e-05,0.00039953566510055267,4.5574644328149315e-05,0.04914477201209452,4.2324856553221247e-07,0.0001850338595126817,0.21503088781538096,5.491773643340004e-05,9.655982528632734e-05,0.0031132325833713886
38,0.01944315984711582,0.012742175958253962,4.711573735420266e-06,0.0024376194453019175,0.0014243025242775009,0.0025558637578961076,0.0023647047128262373,0.00025482141672768797,0.12039448022105208,0.00011858055976818117,0.05568459208996908,8.562297411417299e-05,0.000640950107892444,0.0002184202780358515,0.4673992014375503,2.6412749669169394e-05,0.00020403973945249163,2.6410623903333137e-05,0.12277599624993003,2.1044325139296615e-07,7.7390601561762e-05,0.18992695853036215,3.584533783219429e-05,2.346355960841486e-05,0.0011340652599123862
39,0.025201786673216438,0.0169995049589979,6.281891818711868e-06,0.0016653849986865356,0.00208070087054099,0.0020338396699699337,0.0025365074219224956,0.0005711771959053603,0.10547420469824076,8.510977349234843e-05,0.11370245018807743,0.00024244811840856863,0.0005840528071316291,0.000392579011852493,0.34130750802722837,2.7857423342800314e-05,0.00034116605755170847,2.1729454563117624e-05,0.06799298473201974,1.991588636759955e-07,0.00010229650043058194,0.3164895335367838,2.68813595117049e-05,2.2291102085442175e-05,0.0020915243693574834
40,0.021202706559708115,0.021785094281652727,4.905736205344421e-06,0.0011452512216507324,0.0025166201865947494,0.0010119238609616066,0.001104611923126464,0.00023677131673998807,0.11155737185193967,5.969816465075711e-05,0.10261088432469319,0.00020828705447482472,0.0004117785623233852,0.0005355953608726845,0.3908976845764294,9.378063484845355e-06,0.00021199359679918004,7.281790876965608e-06,0.024048595409525357,1.2965976832924837e-07,4.1853789570067924e-05,0.31793141936359354,1.2581473983725287e-05,1.5066020744846058e-05,0.0024325158496294815
41,0.00608901886688817,0.005370061101590926,1.2511003697403084e-06,0.0022398031799610147,0.0030393114759807065,0.0014576080649720297,0.0003732170376935431,7.853509622284787e-05,0.14609016428686478,5.212085636965779e-05,0.032910809309024375,4.8583711230098395e-05,8.036046390488087e-05,0.00012552831809664838,0.7129899227633103,4.473920789443421e-06,4.103056759398039e-05,3.339247493001417e-06,0.018048381587541466,6.350535869338645e-08,5.448373082823758e-06,0.07002610062239246,1.1914055001553042e-05,9.615128050289822e-06,0.0009033373602163955
42,0.020043458055368238,0.0266845350232133,7.930225347086528e-06,0.0024306071020208193,0.003992123245534188,0.0012761203350995102,0.001587453788830137,0.0002656500432014034,0.18678329818660197,0.00013149647148983347,0.10066113664753942,0.0001683905369796087,0.0005312144017850305,0.0009484334180926495,0.4033407962381727,1.5994815835080414e-05,0.00027612278042815305,2.3520364259208458e-05,0.05328778925245702,2.642042252611785e-07,9.747046063810276e-05,0.19459967731248812,4.0245250752416354e-05,3.8227063832379376e-05,0.002768044775808319
43,0.010309734787062555,0.014581908033892081,4.389635190156412e-06,0.001928192437052105,0.0020590728128039044,0.0024703892481113317,0.0010631835192931075,0.00026997993785863895,0.17042781844889088,0.000211612169687688,0.05224400367879881,5.69572784458108e-05,0.0003627941329313159,0.0004487105639177712,0.4521138552948957,1.4995849938106504e-05,0.0001417597876855779,1.6424684333574678e-05,0.07234518915965282,2.3587908622734363e-07,6.593441112951671e-05,0.21740813787256827,2.839700066348861e-05,1.812797467861359e-05,0.001408195401431986
44,0.01715798598377982,0.024812812680356643,5.806223412978916e-06,0.0021701963001992497,0.0031566484024695145,0.0012623939540153354,0.0014243775826983448,0.00025548719113042875,0.16291036285100005,0.00011761232436916367,0.08849035681436565,0.00014819849650858242,0.0005013992415429307,0.0007034083958089137,0.4106107670416569,1.500087611482254e-05,0.00023871717428956222,1.7661258573949625e-05,0.055676255909150776,2.1772768787021751e-07,7.658763185220295e-05,0.22787508771411616,2.914263682611421e-05,2.9450715451538773e-05,0.0023140648726224476
45,0.006355659519173146,0.006210546278351572,1.1259751192590828e-06,0.0019694773596505904,0.0020015066362023626,0.00142599876384652,0.0015643994420906483,0.00013430592720282934,0.13339909391884897,3.885344967576895e-05,0.038736704504145694,6.955334198037795e-05,0.00025619189889994944,0.00011553674194266915,0.6203438509328586,8.92975304087121e-06,4.8572173098563236e-05,6.3694351636317215e-06,0.05452627179521677,1.0760935633953525e-07,1.6230880222486268e-05,0.13197066901079318,1.0909677814619907e-05,1.1068197764061671e-05,0.0007780667775404252
46,0.030132500397825262,0.032362754777121645,4.264749495466934e-06,0.0021997367769643643,0.0020595670341148585,0.0009351169178879138,0.0009644787485193004,0.0002688678012782525,0.0408546102296695,5.18449929182442e-05,0.10640257097727564,0.00025035078144484567,0.0004944814488820563,0.0002727925777828639,0.37771428830356124,1.6820221579500098e-05,0.0007333768780578247,8.787644950027496e-06,0.040483455189185016,9.839368167368457e-08,4.78788158449642e-05,0.3619763537379826,1.8166651904622266e-05,1.7028053720796143e-05,0.0017298078983515137
47,0.016124279496808374,0.023128028872977793,5.955052421713e-06,0.0023129271567212274,0.003509802309502948,0.0013426282189316875,0.0014368913497997803,0.0002527673452021164,0.17185635725475587,0.00012467759148554401,0.08996961618545866,0.00013415656211697948,0.00047451572336367544,0.0007518187290375749,0.4215713613326086,1.4312698909376573e-05,0.00023365824015170912,1.943185158658171e-05,0.05798038213343449,2.331127689473384e-07,8.410885083168373e-05,0.20632327643225792,3.3683600529788836e-05,3.0335438809985727e-05,0.002284794459526969
48,0.0150941848377681,0.06498825891975049,4.5323578535083895e-06,0.003284204866658839,0.0014719394059301638,0.0010079792081441735,0.0009849477654636485,0.00032926133321367894,0.06773896722133578,0.00017729436371914948,0.053933899881437604,0.00012759900820257485,0.00048284734613074717,0.0005596524342391724,0.3779037412977803,2.04069580577817e-05,0.0005883085341529898,1.4181630127475376e-05,0.08195393197032629,1.322928719626892e-07,6.558400136621082e-05,0.32767169257946716,2.471628265888348e-05,1.4790958774861613e-05,0.001556944544568409
49,0.023718791711257025,0.023674323021970048,7.761245432381608e-06,0.0021100941479264466,0.003309940683285004,0.0018353920106516648,0.0016532587916863522,0.000327419708201168,0.18248581859104754,0.00011867086623024179,0.10259615689775813,0.00021409546207003287,0.0005682704305165464,0.0006812323496473294,0.3516591812728908,1.711879302334372e-05,0.00026161511733436643,1.920168523163377e-05,0.04114049811907825,2.5045638292721995e-07,7.020018804485626e-05,0.26096893167304347,3.069776851964331e-05,3.169917819630269e-05,0.0024993798305745015
50,0.016623946267170234,0.025167864306486952,5.806835884482034e-06,0.0021283949622808575,0.0030735862964007786,0.0012405120519890704,0.0014496147507289902,0.0002619861502577415,0.16387464029890678,0.00012123243862135792,0.08634450623003159,0.00014635400953752663,0.0005080087620732779,0.0007226430241623859,0.4064185128592219,1.4980973767731831e-05,0.00023338418440830376,1.753534331650871e-05,0.05680176895030563,2.1837275477833386e-07,7.805498319974435e-05,0.23241249420480734,2.8049170297006957e-05,2.8365072253919282e-05,0.002297539501134963
51,0.019973607298589085,0.018021190371381553,7.07044831115316e-06,0.0019386010733525257,0.003822003176857548,0.0016200022732413965,0.0017717098392677764,0.0002265973054987989,0.19329300942104338,0.00011057196300968287,0.09827698303739942,0.000142703580230439,0.0005215790706942626,0.0006565198294805726,0.40283412463126783,1.6041616281226874e-05,0.0002512580848051303,2.0653011078353225e-05,0.05591262739870524,2.565636618249696e-07,9.68716454194411e-05,0.19784963948655215,4.049289768965753e-05,4.056009268353009e-05,0.0025553258834981685
52,0.017377506204554003,0.02702205315788447,6.082133980163746e-06,0.0020116435462705484,0.0036075829348016343,0.0011942348128017692,0.0015952486886503697,0.0002468702038157565,0.1627888958699909,0.00010173381740989523,0.09707865227312651,0.00017487657021610694,0.0005027807100609528,0.0007496693451388649,0.398798932356797,1.4469964723150545e-05,0.00026712217150956323,1.5557651418071584e-05,0.05143958056861628,2.0762168249266908e-07,8.497749654423273e-05,0.23218022206300956,2.921706989247463e-05,3.1553788177316905e-05,0.002680328978928058
53,0.015158774005319035,0.015764893535867824,4.421436945189931e-06,0.0015392562410142612,0.0027465906699566116,0.0014769597681580674,0.0026223937266853163,0.00025835891291273416,0.19970358047046316,6.479936017268336e-05,0.09172510454861704,0.00020786323991191837,0.00043840897280139764,0.0006103765604748541,0.4193858766787246,1.3840715930060784e-05,0.00016451412828682408,1.5508655452543588e-05,0.045414652330131984,1.9713910512164607e-07,6.554335755334616e-05,0.1999702910419613,2.8412735668688204e-05,2.4971363242311923e-05,0.0025944104046431247
54,0.0058828932763047405,0.03152707835584641,3.992649848250937e-06,0.0009534753948597605,0.00168929356850168,0.0005869706751451947,0.0007082972796937128,0.00015066045869482848,0.18911835346468145,0.00012062175944322544,0.03762686498720836,0.0002119456305454057,0.00021718495123560983,0.0010660106747307852,0.5148032504346929,1.7585158683185785e-05,0.00013521562129811379,4.275314476692468e-06,0.022966595728200184,1.6603657134878868e-07,2.431848530305937e-05,0.18629214348669035,1.2204465074414652e-05,2.4195431424123898e-05,0.005856406710846261
55,0.020505240911011205,0.015414800468662383,5.194794619049109e-06,0.0022858954614659362,0.005671602108823476,0.0013466305604683633,0.003633021133274903,0.00019476443423116114,0.33401124572897223,4.4383260807964755e-05,0.10542029071959094,0.000472316501471994,0.0005681500273755024,0.0005830267193088218,0.3102915381465428,1.5891329015150706e-05,0.00014066265117230632,1.9681771211797186e-05,0.04056676879572897,1.9570100838346792e-07,6.001807135872688e-05,0.15543370068879755,3.204404417905684e-05,6.904520689908954e-05,0.0032138907640022543
56,0.017730776961408585,0.02521631302149499,5.852164783834875e-06,0.0021727430454774525,0.003122025174202996,0.0012357518810250255,0.0014766952735499768,0.0002586978737126642,0.1611629460362799,0.00011470461180650478,0.08950503629386714,0.00015343939144108861,0.000537781172385393,0.0006999873927135908,0.4010614322470454,1.5005445504485402e-05,0.0002395409091503321,1.7916067227330232e-05,0.05629156513794623,2.22231693990996e-07,7.830678160451736e-05,0.23657106814665663,2.8550317720675198e-05,3.0036945452219385e-05,0.002273605475849041
57,0.01325843096210093,0.032996909983697004,4.574908670859135e-06,0.001961092159998869,0.0024474349398185343,0.0008898427598551307,0.001776539150578817,0.0002573734146775795,0.1198283662147522,0.00010321802974503558,0.07833245384637987,0.00016185310838999235,0.0006364749549948374,0.0005654517078299247,0.37007734368168776,1.882087625464099e-05,0.00026561315186463756,1.5060297802903719e-05,0.0991017623155434,1.7269673325672606e-07,0.00010553562010985052,0.27498741469627214,1.990306481363859e-05,2.7509538996231647e-05,0.0021608479184321025
58,0.01638120733689284,0.024694766706830986,6.381283682736228e-06,0.0023828547829957128,0.003813826844199964,0.0012844025015107238,0.0015984302440284447,0.00021021034989728764,0.18751508169931358,0.00011791663663922472,0.08414846898821111,0.0001563011637630335,0.0005813909092037985,0.0006974046281287479,0.4116906696223828,1.712151067042393e-05,0.00023970223212591571,1.824914753636596e-05,0.05938046602677443,2.715833270132769e-07,8.575723510944243e-05,0.2023278838792399,3.503561193597824e-05,4.566684344814368e-05,0.00257053223215126
59,0.01718172809512956,0.02656097714205727,7.510184343625696e-06,0.0023090549867384952,0.0038681715979631084,0.0013392159396277028,0.0015318970940996833,0.00023208931350868827,0.19025810120950423,0.00013867480052063346,0.08579389401852874,0.0001571907910333221,0.0005729931614013295,0.0007970809564538079,0.4002772510875272,1.860660298397273e-05,0.00026912041238491015,1.943567810436181e-05,0.05736557756803556,2.909520511233336e-07,9.392099720804794e-05,0.2083105870877657,3.6984332901724034e-05,4.619586250541981e-05,0.0028134501276218344
60,0.01715798598377982,0.024812812680356643,5.806223412978916e-06,0.0021701963001992497,0.0031566484024695145,0.0012623939540153354,0.0014243775826983448,0.00025548719113042875,0.16291036285100005,0.00011761232436916367,0.08849035681436565,0.00014819849650858242,0.0005013992415429307,0.0007034083958089137,0.4106107670416569,1.500087611482254e-05,0.00023871717428956222,1.7661258573949625e-05,0.055676255909150776,2.1772768787021751e-07,7.658763185220295e-05,0.22787508771411616,2.914263682611421e-05,2.9450715451538773e-05,0.0023140648726224476
61,0.01943153068923548,0.025475668707987016,8.590013211521184e-06,0.00233172755456926,0.004124305619320603,0.0014035303219623147,0.001606068808516723,0.0002433106848148225,0.21037811821172755,0.00014519936955315402,0.09060548799797669,0.0001594770242905198,0.0006089999504933372,0.0008442064792073287,0.37817232378030874,1.8357159384448494e-05,0.00026120060442874626,2.1935991826705302e-05,0.05638245985719222,3.051157076442686e-07,0.00010121513112055358,0.2047560379520344,3.936968064762792e-05,5.03473903611457e-05,0.0028302259041214943
62,0.01715798598377982,0.024812812680356643,5.806223412978916e-06,0.0021701963001992497,0.0031566484024695145,0.0012623939540153354,0.0014243775826983448,0.00025548719113042875,0.16291036285100005,0.00011761232436916367,0.08849035681436565,0.00014819849650858242,0.0005013992415429307,0.0007034083958089137,0.4106107670416569,1.500087611482254e-05,0.00023871717428956222,1.7661258573949625e-05,0.055676255909150776,2.1772768787021751e-07,7.658763185220295e-05,0.22787508771411616,2.914263682611421e-05,2.9450715451538773e-05,0.0023140648726224476
63,0.015717933280962843,0.029423152294048537,5.3454776496772135e-06,0.0021928455020386265,0.0028425863591827042,0.0011423505863910608,0.0012921539236040852,0.0002537505402854946,0.1500544484378011,0.00012359518687817827,0.08157832747766332,0.00014751619209078245,0.0004960313290126332,0.0007026988842917073,0.41173332202380913,1.541271276739807e-05,0.0002474446171645501,1.5945116589756e-05,0.05747187033590057,2.055992984008304e-07,7.133346814147947e-05,0.24211678717955248,2.6247908141843577e-05,2.7643271583901455e-05,0.0023010522951497085
64,0.019124876278805963,0.02852955231644563,7.710864388870279e-06,0.002289181936736257,0.0037560070668126153,0.0012290641633817738,0.0017851890600935508,0.00028717881245453433,0.15815981530341086,0.00013014125940568109,0.10168281079910317,0.0001535194524000027,0.0006389624391601971,0.0008595339871610205,0.3747029737039021,1.6994933837659585e-05,0.0003124583993715103,2.3057046643637608e-05,0.06997333969584003,2.623992584854632e-07,0.00013299798667068782,0.23365683438340645,3.609770114675507e-05,3.5837274781180905e-05,0.0024756027353813087
65,0.015674168377743786,0.0026890236080562555,7.096544188666069e-07,0.003148120926676483,0.0018161389646971138,0.0035054706643931604,0.0019717823088604538,0.00016201852551449246,0.02206095795321296,1.4903443521388413e-05,0.10347961483478355,4.6552936560022865e-05,0.00015315022283620731,2.257022540726975e-05,0.6144092134074487,8.312132705256978e-06,0.00022648650349658652,1.803810902015473e-05,0.1468024038687405,3.655989300529857e-08,3.871334814401597e-05,0.08343020298310763,3.7837915002548634e-05,5.333075798770581e-06,0.00027823944996097744
66,0.045075410863401666,0.02194136052228969,1.4456596454697402e-05,0.0018446261331365639,0.0043663519561394975,0.0009825537896361878,0.0023923200644983566,0.0004843206411599406,0.19161333181370555,0.00011669801565005882,0.1546665394222726,0.00019043646049043332,0.001386499480951307,0.0009623494374896688,0.22651118881609064,1.242419798578652e-05,0.00018319684740763527,3.69692113724221e-05,0.044346795000593756,3.483775385769002e-07,0.00013722350628858263,0.3010738948804752,1.7531455590913904e-05,2.9927522272269584e-05,0.0016132449871080555
67,0.036665478967533804,0.026442830008791177,2.4018419778205837e-05,0.003991506609904755,0.00565652403232299,0.0021662512629839785,0.0021269111258566268,0.00038889185108308095,0.17769614957324328,0.00026542707036602794,0.13697652994307793,0.00013849337061803136,0.00090740540094046,0.0014513848595844494,0.355269093580905,2.7288055040538456e-05,0.0006829565058180802,7.509059598507427e-05,0.08540855297983259,6.276985628008922e-07,0.0003474544061128211,0.16008298437997504,0.0001500017562723704,7.956726500310309e-05,0.00297858028040759
68,0.004629782152891225,0.006231683043389723,1.4522793650607252e-05,0.0011052272662679867,0.006398247310801443,0.0010813050345287113,0.0007822778549198136,4.560452918663945e-05,0.7787549588483935,0.00013349900600621273,0.02607377504378973,0.00014218020066766973,0.0001545567023362926,0.002792107026270936,0.13763613229913155,5.369511751490596e-06,4.727948646992887e-05,9.163234247845308e-06,0.0034697765221420426,5.13430821126158e-07,2.741442980295626e-05,0.024455232785126145,6.752255420793762e-05,0.00011649137688172339,0.005825377556316631
69,0.023926651340500208,0.021138173725472484,3.47071594380696e-05,0.002316327983014437,0.004388962933900867,0.002174003736216907,0.0032725137778093732,0.0005754054161905915,0.3601744514330587,0.00039287990200480896,0.10225944625484776,0.00018710066155381267,0.0008798275288840739,0.00322614379789951,0.25267814783758413,3.311959068737906e-05,0.00031399730416402556,0.00010657730108700391,0.0770916894927485,9.250851632459348e-07,0.0004931795406640364,0.13948227178923253,0.00012817896957393221,8.685159311077853e-05,0.004638465845192671
70,0.017463762428581664,0.025970530631509753,5.867849772713402e-06,0.0020971475604845058,0.0029089336345175677,0.00123475205083857,0.001382339225010969,0.00026355869516535453,0.1553822632371935,0.00012309262573626165,0.08794516920494086,0.00014794307074396206,0.0005175757241036494,0.0007028976801213976,0.40390982933676417,1.602821450056832e-05,0.00024945195390861847,1.811052830474336e-05,0.058241183853690356,2.1880686192463512e-07,7.882823005123656e-05,0.23896071684791198,2.828666791462978e-05,2.927453473875648e-05,0.002322237406632211
71,0.005994419841346502,0.027170427634486297,9.79559361786335e-06,0.001552481993917725,0.008441459966741083,0.0008106091883329924,0.0025380699725920837,0.00020474547939048932,0.5732672143815961,0.0002057274879055671,0.052957772295987575,0.00011862038222756961,0.00047865736567327574,0.0034505350782541053,0.17128941235323253,1.1590264079911878e-05,0.00011540144320214237,3.2354197429536995e-05,0.040892143180885784,5.995656462609508e-07,0.00022842304046425608,0.10656372061890072,4.9179464969507915e-05,6.878007014249837e-05,0.003547859138977448
72,0.013428532462529423,0.020612462123782066,4.121460278941505e-06,0.0018858392930453998,0.002249575675578389,0.0014419585206968363,0.0017786010187537447,0.00025981094989541614,0.14882451828924792,0.00010344237775867755,0.06802396435892416,0.0001282560421636359,0.0004976286256776835,0.0004542740841294099,0.4309260918221479,1.600091909647306e-05,0.00018271808481343176,1.4350591708667142e-05,0.06491250974666067,1.9316892318238026e-07,6.104274044565698e-05,0.24242028175145341,2.0878141074797324e-05,2.0017450164043308e-05,0.0017329303010499236
