,0,1,2,3,4,5,6,7,8,9,10,11,12,13,14,15,16,17,18,19,20,21,22,23,24
0,0.022364545188022656,0.03007357497650808,7.23575251033138e-06,0.002775488800886774,0.00440158055673653,0.001166296159189365,0.0017268597998889232,0.00027967734610909314,0.14338318923715612,0.00010426729179977278,0.10700046572138824,0.0002013148910831614,0.0005953106988858796,0.0006923926516054223,0.402938775170941,1.7761324237088464e-05,0.0003551722567557048,2.023196531266096e-05,0.058353810468336785,2.257290397674128e-07,9.540301111770864e-05,0.22093834017752445,3.3562311923515535e-05,3.762368995065126e-05,0.002436894823090386
1,0.012808423854882393,0.020135993961716163,6.840929894056428e-06,0.0022045979596981907,0.0029771827702353725,0.001514857315543119,0.001538752423545505,0.00023595722416995215,0.2604671000985174,0.00018551446720607137,0.059849807575173365,0.00010475257526975912,0.0005293560749855863,0.0007510435362962192,0.3853322353421868,1.8220691409343978e-05,0.00014960859662760826,2.1222604683359307e-05,0.06947654734378463,2.9802078605518855e-07,8.209364115123001e-05,0.1792785576268481,3.263830881429417e-05,3.9058184994717134e-05,0.002259338871580698
2,0.010417973189727833,0.021125037526454386,5.157440852551715e-06,0.00177454173223791,0.003167931526764522,0.001059548506403945,0.001118404187352477,0.00022869141520916436,0.19090400818009873,0.00013133066520081043,0.06962981109339844,0.00012851597603007019,0.0003553879899783286,0.0009341051945130746,0.467859948248637,1.3364843865322678e-05,0.00016068190216324542,1.3448502732401023e-05,0.04130803637764181,2.53582506134557e-07,5.900116207193291e-05,0.18676694073648284,2.491393897323623e-05,2.633900743223587e-05,0.0027866270732716174
3,0.016501427003852917,0.02424670482081303,5.890384605048207e-06,0.002156901943580584,0.0032108309147681033,0.0012781965815723269,0.0014475777037473968,0.00025347102026817344,0.1747249024721464,0.0001226652270319135,0.08678644456685283,0.00014330925775636366,0.00049853956590316,0.0007371246532218221,0.4089035945168961,1.4875811101442752e-05,0.0002230848078266697,1.829394414579576e-05,0.05625235949429383,2.2689456458822396e-07,7.82010669399079e-05,0.21999650313826422,2.9812503200649648e-05,3.024715516503402e-05,0.0023388145514817806
4,0.016675851236003642,0.026555726707924058,6.368247507109039e-06,0.0022353361251216167,0.0034282672194114773,0.001153115805539442,0.0015985011062038328,0.00026543129859571266,0.18449702593128098,0.00012781021840470552,0.0888866659706658,0.00015150865052361933,0.0006000990947823531,0.0008733028445386213,0.3754110541568434,1.4634462830701501e-05,0.00022343433800747013,2.0619722088600434e-05,0.0592326350669614,2.6054051347146546e-07,9.218317014321139e-05,0.23556151676356632,2.969527051299009e-05,3.309746900224991e-05,0.002325858583027113
5,0.01919349487539091,0.02512329751557929,7.589502854773038e-06,0.003242901139215286,0.004029731227619346,0.001522311194175817,0.0016361293477996002,0.0002961818236796137,0.20117578858525406,0.00016816497516985106,0.09141901943451104,0.00013542713128215808,0.0006259484499465184,0.0008902693461703004,0.37671238194630585,1.7127893826886638e-05,0.00025044735187359325,3.358015303181746e-05,0.07074086655623868,3.2179973047742383e-07,0.00010518629155401396,0.20052715353522632,4.551098574276074e-05,4.010120622879996e-05,0.0020610677315921343
6,0.016501427003852917,0.02424670482081303,5.890384605048207e-06,0.002156901943580584,0.0032108309147681033,0.0012781965815723269,0.0014475777037473968,0.00025347102026817344,0.1747249024721464,0.0001226652270319135,0.08678644456685283,0.00014330925775636366,0.00049853956590316,0.0007371246532218221,0.4089035945168961,1.4875811101442752e-05,0.0002230848078266697,1.829394414579576e-05,0.05625235949429383,2.2689456458822396e-07,7.82010669399079e-05,0.21999650313826422,2.9812503200649648e-05,3.024715516503402e-05,0.0023388145514817806
7,0.04099608635423932,0.020412823188044604,5.988391880322467e-06,0.0018251822468960987,0.002152841019184043,0.0010080059060407994,0.001725170015774245,0.0003556175006145841,0.09708901661346665,7.172033989810338e-05,0.1469452697226682,0.0001305874052597066,0.0010944075046325629,0.0003666396342203956,0.2891262287570262,9.270890957745423e-06,0.00017528088012355936,2.3074130424412267e-05,0.06144293552094861,1.6575120551268704e-07,7.663120055498761e-05,0.3339668649608504,1.3350004614325177e-05,1.5967225620885383e-05,0.0009708748348537094
8,0.018872881490619716,0.026022058558850335,8.152236901622538e-06,0.002457583321899472,0.003490788967207823,0.0013174784712875647,0.001187458862845353,0.0002272926884402448,0.19311362360898943,0.00015161277130581777,0.07862716150208555,0.00015754005961799266,0.00048785327371432064,0.0008453713102561688,0.43108733801351895,1.8244563500943955e-05,0.0002676518899219565,1.7875035463740533e-05,0.04574375881566937,2.6767956171796246e-07,7.072343694690893e-05,0.19269142716759996,3.8866128360308294e-05,4.442220780174242e-05,0.003052567937632811
9,0.01210635655126145,0.03213667611767324,1.1295217759123815e-05,0.002697019734783882,0.0031851082344042784,0.0012045701277047934,0.0008923379114828181,0.00020566416864755625,0.2557534451368135,0.00030453591833425243,0.0502319781628504,0.00013603396217049899,0.000456929496576422,0.00136177834326891,0.4354950405380604,2.7438034387173702e-05,0.0002581787096378893,1.8606422575034522e-05,0.04724028861836356,4.237481306857027e-07,7.331550721267666e-05,0.15167477491313988,4.928378186706195e-05,7.084267159384934e-05,0.004408077971300626
10,0.016501427003852917,0.02424670482081303,5.890384605048207e-06,0.002156901943580584,0.0032108309147681033,0.0012781965815723269,0.0014475777037473968,0.00025347102026817344,0.1747249024721464,0.0001226652270319135,0.08678644456685283,0.00014330925775636366,0.00049853956590316,0.0007371246532218221,0.4089035945168961,1.4875811101442752e-05,0.0002230848078266697,1.829394414579576e-05,0.05625235949429383,2.2689456458822396e-07,7.82010669399079e-05,0.21999650313826422,2.9812503200649648e-05,3.024715516503402e-05,0.0023388145514817806
11,0.017425578329880398,0.02449254011841457,5.9815012602790035e-06,0.002240790456335059,0.0032759456485114908,0.0012191377356699975,0.0015578537567675162,0.0002562202703407958,0.17166625644329445,0.00011686888337809399,0.08818034711020546,0.00015112313558731925,0.0005765097121361464,0.0007163339609005261,0.3965964318448027,1.5302811389515394e-05,0.00022482447285553109,1.9077027637626542e-05,0.058260957242891515,2.433878750936852e-07,8.141126048646496e-05,0.23061577395199304,2.9050947941905064e-05,3.259923804075804e-05,0.002242840751403906
12,0.017779222905938186,0.023528224357958306,9.313778697462848e-06,0.0019566912671696805,0.0071115617648168095,0.0015128060779223654,0.001376589938239024,0.00021428734906489078,0.22787043654941916,0.00013706099805060372,0.11213792167840948,0.0001688119142715436,0.00041856979946003185,0.001234662998163528,0.37718231760324095,1.2865057214047395e-05,0.00031196115356633313,1.9463249819842442e-05,0.03399907003123271,3.3400143310097565e-07,0.00010525283654370253,0.18912440584378304,4.8311340032898294e-05,4.807607410004733e-05,0.0036917814314521495
13,0.01459673380611821,0.021042258754469273,3.793920789832632e-06,0.0012748077448729736,0.0028713473917180215,0.0006754799233770695,0.0012335858298043192,0.000278154615456949,0.11377892107617343,5.791085945476477e-05,0.12409249964433029,0.00020230215534958524,0.00039725761029802645,0.0007479427236692741,0.4123137405863484,9.351680820624168e-06,0.000182491895520241,1.0889248243931388e-05,0.03771480952306317,1.4823960302094215e-07,6.00733066082574e-05,0.26595016294540236,1.3679667168694567e-05,1.6402179083717897e-05,0.0024752546722554506
14,0.017609466955763955,0.11333246724662614,5.583577881652484e-06,0.004849397808814841,0.013497241979094887,0.0004279782703921689,0.001394577200369463,0.0002635149774820885,0.060023557456972375,0.00012594280899968875,0.25712517948789826,9.605247913411407e-05,0.001277603418876746,0.0011616729722108328,0.11969047491508204,5.242732994730778e-06,0.0005960752240191842,5.766637588101079e-05,0.15648249331974254,2.0660959736157517e-07,0.0005371781579018816,0.2506891157487694,2.6287977178300178e-05,3.08276826785167e-05,0.0006941946156379176
15,0.016501427003852917,0.02424670482081303,5.890384605048207e-06,0.002156901943580584,0.0032108309147681033,0.0012781965815723269,0.0014475777037473968,0.00025347102026817344,0.1747249024721464,0.0001226652270319135,0.08678644456685283,0.00014330925775636366,0.00049853956590316,0.0007371246532218221,0.4089035945168961,1.4875811101442752e-05,0.0002230848078266697,1.829394414579576e-05,0.05625235949429383,2.2689456458822396e-07,7.82010669399079e-05,0.21999650313826422,2.9812503200649648e-05,3.024715516503402e-05,0.0023388145514817806
16,0.01576709383627167,0.023564987689368332,3.5637724189775368e-06,0.001427798920945494,0.0021099795598507496,0.0006802774370846951,0.0011304984055874646,0.0002906894768138378,0.10659297712560356,7.025894623934643e-05,0.09768874503895501,0.00018877147910163175,0.0004105125517305788,0.0007177657114897102,0.4097527212680912,1.0573123785662571e-05,0.00018525882867119326,1.2512204950223376e-05,0.04353957532913441,1.31648427636634e-07,5.43958185800694e-05,0.29367123712110227,1.3072017680815292e-05,1.4008579010110393e-05,0.0021025941091052415
17,0.027360945291169236,0.03062841251095597,9.366901155600902e-06,0.0021245625535184194,0.0068784433687572605,0.0010573904774818835,0.0026266806291690803,0.0002766070060422396,0.21186093770886374,8.599001270336555e-05,0.1490135724147265,0.00026029264915274915,0.0008405159402474487,0.0012755705478474616,0.24583420770490755,1.1537332346926782e-05,0.00035320337833630127,2.7742392016224664e-05,0.04613716951787125,2.8855502835435237e-07,0.00017270674445954518,0.27031270103438354,3.911302912862668e-05,5.0327416715380486e-05,0.002761714883015351
18,0.011102774083086327,0.02755644309962481,7.5688672614318015e-06,0.001216022366670928,0.0028882912164986717,0.0010006291097825173,0.0014493879509205655,0.00020976798083662102,0.1764603189240417,0.00012835094581159913,0.07355008339094722,0.0002230954821097089,0.00034610498990838174,0.0012705099731574057,0.4557563565666124,2.371669119304249e-05,0.00033494536803557436,1.2654429147852123e-05,0.04534393170980122,2.6034723296606547e-07,0.00010156488785897578,0.19478416345716973,3.621768367307711e-05,4.3715733519013986e-05,0.006153124745098353
19,0.00957031412772979,0.024351959040958132,3.803768923694345e-06,0.002823788933012991,0.0032851148520537626,0.0014532079608412804,0.0011763629787568896,0.00020466888067141497,0.20955080212738242,0.00014259008972566716,0.050478296841026844,0.00012718511782298635,0.00038462561454995144,0.0006189947992096306,0.43263130618839196,1.3416565916688238e-05,0.00015140584215334247,1.1856109105069048e-05,0.04681011025896082,2.100719699198783e-07,3.946621732223621e-05,0.21419975445577658,2.316291522029006e-05,2.5611417806223483e-05,0.001921984824711546
20,0.009968700015939632,0.021955911196206275,2.926081317638877e-06,0.001629847747510458,0.001972523349785227,0.000943289881739968,0.0011153160337924232,0.00023374984189429617,0.1349258400314363,9.927141963270157e-05,0.0674269826535467,9.885184822290516e-05,0.00044309105804601337,0.0005997472148718977,0.41581962816236717,9.506747856693463e-06,0.0001329278671893981,1.1032110225045598e-05,0.0534781996860271,1.7317012568633445e-07,5.0197616336601677e-05,0.2874993731163448,1.4291839045462965e-05,1.4469098863639209e-05,0.0015541522116759871
21,0.03987988527531107,0.03443127875389641,1.618321210686309e-05,0.0027571149957259676,0.004630054227869266,0.0008892188462723691,0.0019547202044580504,0.0003991363264086313,0.20011937508138838,0.00013873378141806628,0.13602368969818115,0.000345257861524866,0.0010285455498160094,0.0015914176465052319,0.28271913139857313,2.3746567598999674e-05,0.00039560760021535346,4.4175153352730975e-05,0.04985731956343658,3.9135852203292646e-07,0.00016015056261560947,0.23899465853713023,4.3543249072668726e-05,6.982967563289151e-05,0.0034868348729675926
22,0.03433417287045042,0.031126239809464582,1.2099870053901911e-05,0.0027494396486921744,0.0036655949713817557,0.0015779099050624774,0.0014565050310779701,0.0004595880235137364,0.1237163089626642,0.00019866392048151246,0.14098916233109832,0.0001359086919502644,0.0007595566793247325,0.000977524580757672,0.3073203059737952,1.7326810535554266e-05,0.0005121537611611549,4.438049769560159e-05,0.07152365674243337,3.145085470080236e-07,0.00016987517130573695,0.2763101453828221,4.7890949090268105e-05,2.957171989712833e-05,0.0018657031867432017
23,0.016501427003852917,0.02424670482081303,5.890384605048207e-06,0.002156901943580584,0.0032108309147681033,0.0012781965815723269,0.0014475777037473968,0.00025347102026817344,0.1747249024721464,0.0001226652270319135,0.08678644456685283,0.00014330925775636366,0.00049853956590316,0.0007371246532218221,0.4089035945168961,1.4875811101442752e-05,0.0002230848078266697,1.829394414579576e-05,0.05625235949429383,2.2689456458822396e-07,7.82010669399079e-05,0.21999650313826422,2.9812503200649648e-05,3.024715516503402e-05,0.0023388145514817806
24,0.011313478416839336,0.035770275933979655,4.441481671084872e-06,0.003633667835352756,0.0030520155401151166,0.001100660748727526,0.001335924819689078,0.0002667676462007972,0.15309936273218597,0.00016604086387781244,0.06647766149862185,0.00011825334029411978,0.0004910072615782503,0.0008167585169448575,0.41842445472145817,1.5892078522547022e-05,0.00024821786059272616,2.2478794408789297e-05,0.08848727445612065,2.1818859786348666e-07,8.184263507782824e-05,0.21319835261542827,3.268998605384784e-05,2.6765994297392994e-05,0.0018154960333634546
25,0.028909754960242603,0.01896357931576426,7.401183409165068e-06,0.00213922896284969,0.005879786651592107,0.0010189524607072372,0.002853107428472565,0.0006822676048566629,0.1370957533776907,6.693661364300384e-05,0.24000677484196897,0.00027065233249002306,0.0007463504478804546,0.0010753392411307864,0.2407217035250312,1.0623656093279669e-05,0.00025983536281141875,4.724858300483797e-05,0.0506999049642875,2.8770724982926204e-07,0.00016746795737116038,0.26664207453045524,2.7161122982584175e-05,2.1792645526534557e-05,0.001686014522488121
26,0.03223727471115988,0.022090161831669747,1.76066400285215e-05,0.004264573836731178,0.006480253433828923,0.0022992969370136456,0.0016803531096408386,0.00019372769283723865,0.4000812303799422,0.00024171702585063494,0.07558875859041701,0.00012794930170591416,0.0007291016196181778,0.0010612778476754927,0.2786314163155235,2.1104945943326128e-05,0.0002961108528438536,5.2260369873449784e-05,0.05019404036405462,5.12537871436914e-07,0.00012355849309959318,0.12064669775876274,0.00012308891848885026,0.00013012214249428857,0.0026878043429249083
27,0.00941102588000059,0.016170418309215468,2.7901408343613636e-06,0.0016113091420043068,0.0019853852360555333,0.001278583876026942,0.0009694893786269957,0.00018251031728941492,0.19771839311564457,0.00010066907918144563,0.0507097397393773,9.906350052778922e-05,0.0003299092817792692,0.0004491392400023697,0.44811884025749776,1.075986158911796e-05,9.221648547788078e-05,9.029648512097062e-06,0.042976499232022666,1.6254355094513012e-07,2.996398551051222e-05,0.22591804579112343,1.560430097998249e-05,1.936888610726306e-05,0.0017910827710621113
28,0.016501427003852917,0.02424670482081303,5.890384605048207e-06,0.002156901943580584,0.0032108309147681033,0.0012781965815723269,0.0014475777037473968,0.00025347102026817344,0.1747249024721464,0.0001226652270319135,0.08678644456685283,0.00014330925775636366,0.00049853956590316,0.0007371246532218221,0.4089035945168961,1.4875811101442752e-05,0.0002230848078266697,1.829394414579576e-05,0.05625235949429383,2.2689456458822396e-07,7.82010669399079e-05,0.21999650313826422,2.9812503200649648e-05,3.024715516503402e-05,0.0023388145514817806
29,0.016501427003852917,0.02424670482081303,5.890384605048207e-06,0.002156901943580584,0.0032108309147681033,0.0012781965815723269,0.0014475777037473968,0.00025347102026817344,0.1747249024721464,0.0001226652270319135,0.08678644456685283,0.00014330925775636366,0.00049853956590316,0.0007371246532218221,0.4089035945168961,1.4875811101442752e-05,0.0002230848078266697,1.829394414579576e-05,0.05625235949429383,2.2689456458822396e-07,7.82010669399079e-05,0.21999650313826422,2.9812503200649648e-05,3.024715516503402e-05,0.0023388145514817806
30,0.016501427003852917,0.02424670482081303,5.890384605048207e-06,0.002156901943580584,0.0032108309147681033,0.0012781965815723269,0.0014475777037473968,0.00025347102026817344,0.1747249024721464,0.0001226652270319135,0.08678644456685283,0.00014330925775636366,0.00049853956590316,0.0007371246532218221,0.4089035945168961,1.4875811101442752e-05,0.0002230848078266697,1.829394414579576e-05,0.05625235949429383,2.2689456458822396e-07,7.82010669399079e-05,0.21999650313826422,2.9812503200649648e-05,3.024715516503402e-05,0.0023388145514817806
31,0.032772946942416815,0.0352174976510004,1.299430007742445e-05,0.0027212473150232106,0.0027536949380211834,0.0014522810552733117,0.0017074587179737456,0.0005485075353798718,0.15838984929932812,0.00020010568187498604,0.10480155375216864,0.00019074072037679926,0.0007082410168051193,0.0009793754587838642,0.3376209365687013,2.6625870157380975e-05,0.00039507700993147326,3.662139509076309e-05,0.06515758565937686,2.9000773282984286e-07,0.0001249529041213929,0.25151334318385277,4.118331680395794e-05,3.4094967728255104e-05,0.0025927947319993967
32,0.014298120069716026,0.023160905434669827,5.182531445469657e-06,0.0022253099308808576,0.002925209454400077,0.0012759569125533484,0.0014127001243524199,0.00023821717841816925,0.16210662666302975,0.00012486286684940855,0.07810689693057818,0.00012243531714403597,0.0004850986434037107,0.0006470916148566505,0.4321184475340571,1.5098156454186893e-05,0.0002123007285097624,1.76099216941553e-05,0.06632406552264383,2.1939401784218093e-07,7.808806626553532e-05,0.2119348606096007,2.9257233738770954e-05,2.8445574223709397e-05,0.0021069935864964535
33,0.034261848938554516,0.035613564437356304,3.983909972361074e-06,0.002930004696137095,0.0026050492411105585,0.0005951808002681537,0.0023265836006858814,0.00045006421352878,0.05318751406822573,3.987159914270963e-05,0.16880926285880232,0.0003492383867677936,0.0011522514506688744,0.0004243994959755706,0.21309748560912917,1.4893393463564918e-05,0.00047418090839185755,2.770794811513684e-05,0.07691160212619029,1.3227363758703742e-07,0.00011045361646281303,0.4054989071734411,1.5405701510031582e-05,2.0338772227911988e-05,0.0010800747802337232
34,0.0015356130572821056,0.10943832221803322,5.3320916377765465e-06,0.0017399694551889105,0.0021005973872668883,0.0015012992960546864,0.0005369039449698372,0.0002661856166627991,0.2017491537796473,0.0006340271010627829,0.024966226149495313,0.00026416640819854607,0.00013445933048546898,0.0037300500371507343,0.3770741534350275,3.539874830183586e-05,0.0004779589141114985,4.261553784782874e-06,0.02087689952457444,3.907264293691497e-07,3.8421848205988e-05,0.24164162038487874,3.239380939483209e-05,2.979809297319511e-05,0.011186397089181404
35,0.05544513776960388,0.019211075487454633,6.912503244897941e-06,0.002628558012816012,0.0011948754629748462,0.00200086634714327,0.001683907702370532,0.0005964854387735218,0.16977399379859107,0.00013789769965481311,0.08187872805325136,0.00019883228055943384,0.0008718690706147527,0.0003375257289405208,0.22157540092159148,2.882402510147865e-05,0.0001999789637045131,5.2763146096896445e-05,0.08173507420640533,1.5781599770419482e-07,5.58142328214475e-05,0.3592274814856263,2.258481235309349e-05,2.5389606913720174e-05,0.0011098654273944695
36,0.013007940949178613,0.02572850595303172,3.859399872680298e-06,0.002171270454919731,0.0013142183259088282,0.0011656446813858422,0.0010870967118404196,0.00034943176527148836,0.1612772000780076,0.0001575647927505318,0.048485817420112286,0.00013292744537858812,0.0004161392717101709,0.0006971920971712313,0.38011709167660634,1.6797259270611913e-05,0.00017552183338901921,1.616053114476173e-05,0.05674801364988306,1.6281662510184161e-07,4.0952216001070366e-05,0.30516410908046504,1.8350707150432072e-05,1.4684186528309077e-05,0.0016933466963964011
37,0.04724723370365591,0.029071135297375168,1.9231269690391194e-05,0.0027037607382050023,0.006700984610116589,0.0011895738915587626,0.0025786331666963302,0.00027010064215639073,0.2644216000951709,0.0001337931641900548,0.13577911445472646,0.00026754189350512616,0.001232298396443566,0.0012962592507609902,0.24717508256929807,1.9677960898253573e-05,0.00037143140171646866,4.694975681277238e-05,0.04941409460615209,4.3873654129667326e-07,0.00018790861960080296,0.20658807259595674,5.58840889295073e-05,9.861599503316853e-05,0.0031305830948091364
38,0.01873749159183701,0.012483247469403302,4.7872556789635434e-06,0.0024246131959116857,0.001453887433180416,0.002579121754874481,0.002405650814221961,0.0002531290677438105,0.1294504058483727,0.00012354269453872764,0.0547906119102878,8.298208199262216e-05,0.0006392578693523766,0.0002299325347527871,0.46509314368840193,2.6143357882693692e-05,0.0001906804083894307,2.740453815615191e-05,0.12398962414504726,2.1977380389982128e-07,7.921949713694085e-05,0.18372631839342346,3.66660180064015e-05,2.4174460376926786e-05,0.001147744197226126
39,0.024419777480048217,0.016744367704765523,6.421110953562648e-06,0.001667838105482966,0.0021337850689138052,0.002072444193603814,0.002596471833378366,0.0005706851651375702,0.11403529971249621,8.941152755307656e-05,0.11238147587909864,0.0002361865332455316,0.0005853082987227765,0.0004148828272876163,0.34235713288403613,2.7807506307991087e-05,0.00032107869220933014,2.2678959093525355e-05,0.0691900928601537,2.091645724993797e-07,0.00010525211211491726,0.30784073586029614,2.7701584590044437e-05,2.3079736243590874e-05,0.002129875199694421
40,0.02053945162219351,0.021453125091982116,5.014810072927591e-06,0.0011468372941218457,0.002579671641945573,0.0010319916318588319,0.0011308288515897917,0.00023660411188280176,0.12057151858758167,6.275510664382033e-05,0.10137719663122359,0.00020284572713174696,0.0004125313637723505,0.0005656504552765988,0.39223984421949004,9.370305412066632e-06,0.00019959479813194952,7.599655568696776e-06,0.02448674902945962,1.361769879048038e-07,4.307013448108785e-05,0.30919157094133715,1.2970424905178367e-05,1.559771943759815e-05,0.0024774736675114537
41,0.005842409392676131,0.005241231820781378,1.2670263539906204e-06,0.002218252684384413,0.0030906846324954148,0.001464607595706342,0.00037830021890125404,7.765987752553512e-05,0.1564513848306167,5.411100173384239e-05,0.032245577168780334,4.687384973823099e-05,7.989442483014321e-05,0.00013165261001791,0.7060872762821875,4.412176125839954e-06,3.820952337343119e-05,3.4516375011709813e-06,0.018159232398649458,6.612012230820724e-08,5.562161488968519e-06,0.0674452018066263,1.2145399162773715e-05,9.879944858943261e-06,0.000910655415361627
42,0.019226139049558204,0.026008905126466385,8.023412129001042e-06,0.00240946881806631,0.004049848683924108,0.0012888315122595703,0.0016091417039784195,0.0002628836195279655,0.19980815984443562,0.00013679125969283295,0.09846659293571569,0.0001624125388789054,0.0005268359284672806,0.000991213575542582,0.400656286068906,1.5820900551618663e-05,0.00025736848408408543,2.4297408837658512e-05,0.05370495818324736,2.746025405611214e-07,9.925880730430444e-05,0.187415969465773,4.1058684797285926e-05,3.91558365171209e-05,0.002790303548798086
43,0.009910797867186247,0.014246722128976038,4.448048870929134e-06,0.0019121488613169796,0.002095729948511151,0.0024848834253649193,0.0010787176686171088,0.0002673488048101158,0.18269282164140044,0.00021977036548877262,0.051262154386414696,5.50488928730313e-05,0.00036093025843529115,0.0004708990217676888,0.44866453504093556,1.4803033758026768e-05,0.00013212446135898163,1.6992076637440703e-05,0.07286178641127256,2.4563054223499486e-07,6.730742352589e-05,0.20971087185595944,2.896209662379573e-05,1.8629965218567345e-05,0.0014213206841340417
44,0.016501427003852917,0.02424670482081303,5.890384605048207e-06,0.002156901943580584,0.0032108309147681033,0.0012781965815723269,0.0014475777037473968,0.00025347102026817344,0.1747249024721464,0.0001226652270319135,0.08678644456685283,0.00014330925775636366,0.00049853956590316,0.0007371246532218221,0.4089035945168961,1.4875811101442752e-05,0.0002230848078266697,1.829394414579576e-05,0.05625235949429383,2.2689456458822396e-07,7.82010669399079e-05,0.21999650313826422,2.9812503200649648e-05,3.024715516503402e-05,0.0023388145514817806
45,0.006113118057035598,0.006073903962151383,1.1430093811016202e-06,0.0019557947105908018,0.0020402978744944065,0.0014367392697643957,0.0015885091940936722,0.00013311508597401274,0.14319782984788446,4.043705479246652e-05,0.03803972629747959,6.725935785371381e-05,0.0002551296647622778,0.00012144152756804732,0.6157405670517424,8.824937874396937e-06,4.5336171600434e-05,6.59968850934388e-06,0.054962284973496714,1.1225930375755552e-07,1.659782141508209e-05,0.12734662212455716,1.1150495783289063e-05,1.1396835796427838e-05,0.0007860627260951272
46,0.0301731603647644,0.03239777194139835,4.293051679216955e-06,0.00220710868590722,0.0020669671170499204,0.0009377368485277037,0.0009680776433084409,0.0002698998405579515,0.04100536636185025,5.210609994689222e-05,0.10646444457161747,0.0002514898419221465,0.0004962347957389623,0.00027422214052804885,0.37748378672278043,1.6913317363174513e-05,0.0007350356626248792,8.841628254055347e-06,0.04053108898556944,9.909922914821577e-08,4.810623207350827e-05,0.3618356930726052,1.8260458202793393e-05,1.7140872257057837e-05,0.0017361546442431924
47,0.015485708374604766,0.022569037426192214,6.032653294690543e-06,0.0022953887191307096,0.003564723027654638,0.0013574441190204985,0.0014582025465608,0.0002504161668206845,0.18405060929505104,0.00012984383481395105,0.0881103552567134,0.00012955305056173993,0.00047115120539961274,0.0007866991685684265,0.4192125684993759,1.4173502731281315e-05,0.00021804816120473796,2.009807784770333e-05,0.058495264159070214,2.425706266409576e-07,8.575330358667781e-05,0.19891721912567445,3.4405665181482534e-05,3.111076718251402e-05,0.0023059513231313234
48,0.014680947872738066,0.06421833942427108,4.649368758864168e-06,0.003294841646339478,0.0015171066485293468,0.0010269479453635956,0.0010116341841620972,0.0003299066306751404,0.07354938253195009,0.0001864351204136092,0.053569062127251425,0.00012478714592861442,0.0004861522807385704,0.0005944716983229705,0.37971720393419767,2.039550909856788e-05,0.0005547396907401034,1.4850454654150167e-05,0.08355586148470852,1.3954311554420153e-07,6.778392957729858e-05,0.3198421486557169,2.5523745177817485e-05,1.5395659250501087e-05,0.0015912927683200207
49,0.0228107375264064,0.02313761207795017,7.87358494222436e-06,0.0020974504378849365,0.003367085882365523,0.0018581679015759048,0.001680242457129325,0.00032483441930626807,0.1957307633910907,0.00012378363865497459,0.10062667296666047,0.00020701486320708792,0.0005650629834169173,0.0007139892864133654,0.3502691620626748,1.6976739077691637e-05,0.00024450145297974957,1.9891459766554702e-05,0.04157842516756256,2.610089126014865e-07,7.169201443862795e-05,0.2519575284434089,3.1406163751350963e-05,3.255904463180936e-05,0.002526305025791201
50,0.015988190626079528,0.024593548456332597,5.891029869580344e-06,0.0021153899851347646,0.003126405795934269,0.0012560590663794771,0.0014732165424843268,0.0002599158626003083,0.17575921566192487,0.00012643910035605783,0.08468350458066135,0.00014152726531235646,0.0005051095187982528,0.0007572721615200817,0.40473292106647357,1.4856147717879862e-05,0.00021810489233311422,1.816367073294152e-05,0.057389068813913896,2.2756732625177587e-07,7.969875490654477e-05,0.22437531387455015,2.869467661002918e-05,2.9132926816883793e-05,0.002322131955231009
51,0.019147198414766285,0.017558046143129037,7.149549982841416e-06,0.0019207997826635654,0.003874945516185873,0.0016348827377659404,0.0017946744946463517,0.0002241186736419872,0.20663830633816965,0.0001149642076676147,0.0960756907399702,0.00013756504672247938,0.0005169622711016678,0.0006858546970567771,0.39990311434394904,1.5857244382169592e-05,0.00023405938610835653,2.1323644644238857e-05,0.056313497043933604,2.664992257460562e-07,9.858769372059907e-05,0.19042494535005147,4.128535824021152e-05,4.151810517785464e-05,0.0025743867170962397
52,0.01671849451416147,0.026413792087391464,6.172365900130525e-06,0.002000137824908959,0.0036705463420204777,0.001209663842799575,0.0016217113875132594,0.0002450160773358188,0.17465816275051768,0.00010615230758048284,0.09523870198084985,0.0001691519207003995,0.0005000940321297852,0.0007858586352512298,0.39729214492340514,1.435485056861819e-05,0.00024970365951821407,1.6122057788773332e-05,0.05199319466374575,2.1644785886267248e-07,8.679382134853052e-05,0.22423175387335137,2.9899464955781294e-05,3.241754394158281e-05,0.0027097426244568363
53,0.014526499997464422,0.015352230759168846,4.469763303213172e-06,0.0015244620395859305,0.0027836222141781946,0.001489755925234247,0.0026542584899519254,0.00025537366178334685,0.21336656491939812,6.735670589617185e-05,0.0896258428569552,0.00020022272666291155,0.00043433269134053896,0.000637318802249284,0.4160849188224841,1.3675046275377522e-05,0.00015320613449834437,1.600629597058428e-05,0.045719637165477715,2.0468786209225953e-07,6.668266591946746e-05,0.19235658464450883,2.8958439665873756e-05,2.5554169235780805e-05,0.0026122603749294806
54,0.005639309722204786,0.03069022078043093,4.036087258095091e-06,0.0009441442587866202,0.0017125350215050007,0.000592059925538329,0.0007171337429937573,0.00014890226424936462,0.20203448940279187,0.000125317889226481,0.036778904157918645,0.0002040852819062675,0.00021521691592387012,0.0011126998286079273,0.5106655970146498,1.736617322901534e-05,0.00012590853338293525,4.41320760182117e-06,0.023122153569286853,1.7239166195572537e-07,2.4751630131108077e-05,0.179188991569943,1.2440285792689762e-05,2.4760309737812435e-05,0.005894390035241235
55,0.019428286969687972,0.014845638714092139,5.192875006586208e-06,0.0022383859104370854,0.005682057034118247,0.0013433684435818854,0.003635819792966564,0.00019041447900369434,0.35281052261205625,4.5635359711818043e-05,0.10185806431211074,0.000449700549630224,0.0005565539215420108,0.0006020482002455008,0.30450465259874737,1.5526371704851228e-05,0.00012955766326970165,2.008549136584316e-05,0.040390944578854615,2.0095178778724527e-07,6.038930692607664e-05,0.14788499509266506,3.229631580328631e-05,6.983317159387894e-05,0.0031998292830907023
56,0.017059353959354647,0.0246514387556657,5.939536471261448e-06,0.0021603672752183245,0.003177010356055907,0.0012517791261610093,0.0015013654606241414,0.00025676566090031624,0.17292677228627726,0.00011968622077893263,0.08781902419952403,0.00014843845965426198,0.0005349232981683771,0.0007338596597806252,0.39957264261970576,1.4886787471021817e-05,0.00022395113765440782,1.8565763256392753e-05,0.056898305847062486,2.3168571466455137e-07,7.999001781954252e-05,0.2284856776879824,2.9219583226214085e-05,3.0862242372025414e-05,0.002298942373100196
57,0.012803423724474435,0.03237335045472784,4.660755651403834e-06,0.0019563637763437944,0.002500110374431756,0.0009044081311181337,0.0018118849203097493,0.00025629293132691574,0.12905648377502096,0.00010809194628140578,0.07713688269368275,0.000157104333791417,0.0006352707231370532,0.0005950952375263954,0.3700695967844595,1.8732250944320035e-05,0.0002491796365097855,1.5656797702130053e-05,0.10047163223525332,1.8071588614920753e-07,0.00010816712726605606,0.26652530492626153,2.044158389325604e-05,2.8371520683699786e-05,0.0021933126433163366
58,0.015708158209397853,0.024066800915410236,6.455129397527895e-06,0.0023606049192906905,0.003868251300317291,0.0012962311368489403,0.0016191973543850972,0.0002079184514275951,0.20052232185086316,0.0001226313078547128,0.08229233893643126,0.0001506798496488307,0.0005763506698937566,0.000728857280764467,0.40884720942876845,1.6925490897557428e-05,0.00022334772071779698,1.8839730397264372e-05,0.05980882426541228,2.8217890316225064e-07,8.730535460222012e-05,0.19479692411219782,3.572575576354583e-05,4.676172967800706e-05,0.0025910569207304914
59,0.016476612992458953,0.02588646213970893,7.596951301197411e-06,0.0022877169802558,0.003923646669326545,0.0013516218155710912,0.0015519611580953638,0.00022956332409999728,0.20346983516375536,0.00014421680253821537,0.0839070909437711,0.00015154887474899884,0.0005680752965312427,0.0008330279132876353,0.39755053516905975,1.8394111603924785e-05,0.000250761098266126,2.0065480885576922e-05,0.057785132975153954,3.023145868778527e-07,9.561880821146517e-05,0.20056920738693348,3.771460651216758e-05,4.730682345464743e-05,0.002835984199881507
60,0.016501427003852917,0.02424670482081303,5.890384605048207e-06,0.002156901943580584,0.0032108309147681033,0.0012781965815723269,0.0014475777037473968,0.00025347102026817344,0.1747249024721464,0.0001226652270319135,0.08678644456685283,0.00014330925775636366,0.00049853956590316,0.0007371246532218221,0.4089035945168961,1.4875811101442752e-05,0.0002230848078266697,1.829394414579576e-05,0.05625235949429383,2.2689456458822396e-07,7.82010669399079e-05,0.21999650313826422,2.9812503200649648e-05,3.024715516503402e-05,0.0023388145514817806
61,0.0186046628008514,0.02479195084700516,8.67547650410451e-06,0.002306688330601954,0.004176995308714295,0.0014143595825153914,0.0016246086454470645,0.00024029344061748535,0.22463476989114042,0.0001507706264649335,0.08847656521728704,0.00015352023322470027,0.0006028420435931097,0.0008809201055480145,0.3750434194797778,1.812033978648637e-05,0.00024301947779689802,2.2611083255773407e-05,0.05670990004139654,3.1654505804768433e-07,0.00010288505393327386,0.19685195352794269,4.008511096058721e-05,5.1477916960026506e-05,0.0028485888736168663
62,0.016501427003852917,0.02424670482081303,5.890384605048207e-06,0.002156901943580584,0.0032108309147681033,0.0012781965815723269,0.0014475777037473968,0.00025347102026817344,0.1747249024721464,0.0001226652270319135,0.08678644456685283,0.00014330925775636366,0.00049853956590316,0.0007371246532218221,0.4089035945168961,1.4875811101442752e-05,0.0002230848078266697,1.829394414579576e-05,0.05625235949429383,2.2689456458822396e-07,7.82010669399079e-05,0.21999650313826422,2.9812503200649648e-05,3.024715516503402e-05,0.0023388145514817806
63,0.01513535689517153,0.028791500827562697,5.43045885884927e-06,0.002181536442709783,0.0028956815667631666,0.001157759289661395,0.0013145669077746413,0.00025200211825715876,0.1611537358824733,0.0001290692437382761,0.08011303288174887,0.00014280874800511718,0.0004938283552580659,0.0007374492022452908,0.41059451229062083,1.5300749515557836e-05,0.00023151884336267402,1.6531108214626338e-05,0.05812896782778194,2.1454700011959964e-07,7.293204394355364e-05,0.23405169909279416,2.688119095058686e-05,2.8432591415538523e-05,0.0023292508941724103
64,0.0184021555662451,0.027898333162710582,7.826590996509929e-06,0.002275741523892976,0.003822913063532332,0.001244724053283286,0.001814554216172384,0.0002849889774185895,0.16973658761296864,0.00013580750912932227,0.09977720727356387,0.00014851674382251016,0.0006355987052138017,0.0009013147577454857,0.37342723532157035,1.6858823293400146e-05,0.0002921084915803102,2.388326392723424e-05,0.07071575462291596,2.735882233175612e-07,0.00013583523248653797,0.22572390661355188,3.693607732061848e-05,3.68295831311294e-05,0.0025041086253039316
65,0.015193404901926232,0.00264645388329874,7.253443459991323e-07,0.0031402829865087444,0.0018653195717954886,0.003555176085584604,0.002017817638062063,0.0001614437246349882,0.023915345447297145,1.560785131722385e-05,0.10238521425046601,4.5368660641751994e-05,0.00015373978180592996,2.3922167004623657e-05,0.6140942721954566,8.258641114104247e-06,0.00021229613621468366,1.881828398393603e-05,0.14899199669602375,3.840600507968187e-08,3.987501520606612e-05,0.08118675011056486,3.8887801510586175e-05,5.534578774258887e-06,0.00028344984045640593
66,0.04352866216083377,0.02152220499168783,1.483487687648557e-05,0.001837125995777454,0.0044551280015004266,0.0009943048676861307,0.0024333487994863934,0.00048323658011735943,0.20617994507843315,0.00012268659629727845,0.15221129372674588,0.00018452340369892427,0.0013873647216552834,0.0010181335315883235,0.22572903514576698,1.2399495326149672e-05,0.00017200605975700028,3.8565116958614574e-05,0.04483979039807434,3.667858290734834e-07,0.00014123513061321921,0.2910063171909586,1.800527546220819e-05,3.094545151032648e-05,0.0016385406173586808
67,0.035161517132926784,0.02578360407658275,2.4290547991767817e-05,0.0039552022316104414,0.00573906364325744,0.0021867265165335043,0.0021553673722481096,0.00038472296393537775,0.19013343877295194,0.0002760583604791938,0.1339901555359224,0.00013359596836347583,0.0008997966798808179,0.0015170155645068374,0.353041453967179,2.6983035148006303e-05,0.0006363129149856968,7.749800112128847e-05,0.08605352990858496,6.522215216316983e-07,0.00035362649428406355,0.15423122879793064,0.0001529081396176499,8.149292329666743e-05,0.0030037582291394145
68,0.0042289909224350695,0.0057837639243654105,1.3964605094800351e-05,0.0010415213382111575,0.006179284841703731,0.0010338074865242181,0.0007541198662453708,4.2944405610213264e-05,0.792045171921634,0.00013170043054610252,0.02430636113051255,0.0001304500146181608,0.00014610017752530357,0.0027791783136195463,0.12978795696230003,5.037684307978307e-06,4.18777331231257e-05,9.009780408548656e-06,0.0033253072169465324,5.074859645133627e-07,2.659082602959541e-05,0.02242987794895746,6.538092676206144e-05,0.00011354770333930629,0.005577546353215315
69,0.022601001732038536,0.020293018103405034,3.455006740918745e-05,0.00226140837028578,0.004384643663369754,0.002161771064239146,0.0032655579515252914,0.0005606009310661087,0.3793015001646969,0.0004022413899938798,0.09852152356046899,0.00017771887897818307,0.000859089143359458,0.0033181112808004765,0.24726899566645566,3.2250272800996316e-05,0.0002882114363762197,0.00010833677632612902,0.07650643889873225,9.462101894494462e-07,0.0004941433355351359,0.1323381917740458,0.00012869250058297665,8.75647654395209e-05,0.00460349206187897
70,0.016810583010514225,0.025400371425684125,5.958274503986667e-06,0.0020862368453464114,0.0029616968332105654,0.0012513609554251114,0.001406156032290846,0.0002617115012929361,0.16680696104273987,0.000128494104113411,0.08633042820201169,0.00014319236999883874,0.0005150815181361742,0.0007372589255089832,0.4025998785207112,1.5908393862747142e-05,0.0002333222605703863,1.8776068065813895e-05,0.0588956985442411,2.2822564208928026e-07,8.056059778552978e-05,0.23090187733246378,2.8963662627263806e-05,3.009363125952458e-05,0.0023492017219933444
71,0.005568774182307313,0.025634076472670967,9.590618280414335e-06,0.0014893571149354064,0.008285266735854419,0.00079226452828945,0.002488498781057187,0.0001960981998241782,0.5931138355043601,0.00020707038230205862,0.05015987924702437,0.00011073653733092959,0.0004594544429495534,0.0034879694285076986,0.1647791614345072,1.1095702617200831e-05,0.0001041492707044164,3.232876534961909e-05,0.03988700522778249,6.028265799281078e-07,0.00022501347367883399,0.09937941952367811,4.853895943454374e-05,6.816528123430305e-05,0.003461647358739372
72,0.012928958842603795,0.02016263842135298,4.185979298404307e-06,0.0018761359097245803,0.0022907379168586395,0.0014612081337403583,0.001808969567592175,0.000257997372968527,0.15977100145993323,0.00010799256385007265,0.06678688649837503,0.0001241496417254897,0.0004952473797286437,0.0004766066995088594,0.4295073017804863,1.5881231190082255e-05,0.00017093613577917548,1.4880354559990446e-05,0.0656370571537981,2.0149695190678006e-07,6.239408038805495e-05,0.2342433109311445,2.1381616892955742e-05,2.0582223810559143e-05,0.001753356607737772
