,0,1,2,3,4,5,6,7,8,9,10,11,12,13,14,15,16,17,18,19,20,21,22,23,24
0,3.56744500075011e-06,1.031136498901072e-05,4.1051228842688225e-05,7.366792884670868e-06,2.1708142529493114e-05,9.613149591718417e-05,0.00020725827202635824,1.755720493785276e-05,0.02010531584813658,0.0001759524980535656,7.486016830513083e-05,5.348059621640549e-10,3.6678058691174555e-08,0.00021305840125556902,0.8197866706079662,1.022390547717698e-06,8.719392735785896e-06,5.149773068492894e-10,0.00013666388778425196,1.137558319949839e-06,5.565839699599405e-06,0.1583240243197851,0.00032868454182283973,0.00029555513048701553,0.0001377797401308622
1,6.581420279106057e-06,1.694107314285479e-05,5.112291731033002e-05,1.1625929799368829e-05,4.482039148610868e-05,6.150486896587271e-05,0.00025421170086055645,2.4156735647960317e-05,0.051092879802136414,0.00022974111779884633,9.920803477803409e-05,5.369350517420067e-10,4.7593580455194633e-08,0.00023364182537734452,0.7884521720280733,1.3042748362752306e-06,1.1342710943177556e-05,6.393242121341098e-10,0.00013496723973946856,7.534796991770737e-07,4.21178857070145e-06,0.1583918739137178,0.0002944247390798233,0.00039511417775805286,0.00018735106015962589
2,3.890257910562686e-06,9.726476890973036e-06,3.367452805278984e-05,6.638972210568969e-06,3.25048725118975e-05,3.570674736355102e-05,0.00019194717084007978,1.6476130499005556e-05,0.0315083581897867,0.00014408043500377892,6.728172996705299e-05,3.1611385974557334e-10,2.4918713720633282e-08,0.0002267576613907996,0.7846311517730298,5.505550085697298e-07,6.065947596384472e-06,4.447451326505447e-10,9.372539977663805e-05,7.949249297858656e-07,3.409298940483333e-06,0.1821661861061775,0.0003193492848574726,0.0002840278926074692,0.00021766996507527366
3,4.9387777894558094e-06,1.4378137340780994e-05,4.7030442196501125e-05,1.0298980609550799e-05,3.47384401195899e-05,5.45560722033729e-05,0.0002174574160994372,1.8264063070294037e-05,0.027114652416941647,0.00014569853495295456,0.00010780948801958514,6.209003389001783e-10,4.338354804443251e-08,0.00027218616189321075,0.8012509222080696,8.053603057139728e-07,1.0901720622151213e-05,6.58888059151721e-10,0.00010497935582246851,6.594405587347959e-07,5.007892231185759e-06,0.16977439364139316,0.00031840187235077777,0.00030943994123622313,0.00018243497283706146
4,5.059999621684833e-06,1.806090877640773e-05,5.0404912559539254e-05,1.1830508653042433e-05,4.166390899936849e-05,5.878349380808062e-05,0.00024005014273233456,1.8891390878277942e-05,0.0287708828583516,0.00014911106895064947,0.00013757232342887177,8.907931176863847e-10,6.180050173747003e-08,0.00035300283642832514,0.7790325102430846,8.687716760979728e-07,1.3188556319056194e-05,8.11980603011953e-10,0.00011362607975988218,7.127133797389238e-07,5.680171918429552e-06,0.19010616163045627,0.00035520121141913,0.0003127912242449227,0.00020388154127846698
5,7.784628608623252e-06,1.3363253633896318e-05,5.820641238514258e-05,1.668504586132587e-05,3.7905832500952835e-05,5.65889882925907e-05,0.0002612097679192244,2.3590671235415513e-05,0.034609213507090994,0.00020950035920626906,0.00013042490386003274,7.935130452397972e-10,5.171184149239499e-08,0.0003759826797986526,0.7692890947636426,1.0678378453270086e-06,1.5986883772504786e-05,1.3856735737846834e-09,9.684575171949089e-05,9.998065515966586e-07,5.932311959446242e-06,0.1935511784300159,0.00043637398173051046,0.0005349262113572185,0.00026708407998441233
6,4.9387777894558094e-06,1.4378137340780994e-05,4.7030442196501125e-05,1.0298980609550799e-05,3.47384401195899e-05,5.45560722033729e-05,0.0002174574160994372,1.8264063070294037e-05,0.027114652416941647,0.00014569853495295456,0.00010780948801958514,6.209003389001783e-10,4.338354804443251e-08,0.00027218616189321075,0.8012509222080696,8.053603057139728e-07,1.0901720622151213e-05,6.58888059151721e-10,0.00010497935582246851,6.594405587347959e-07,5.007892231185759e-06,0.16977439364139316,0.00031840187235077777,0.00030943994123622313,0.00018243497283706146
7,7.60925745254641e-06,2.6695477786629865e-05,0.00012133290514108815,1.3958421917827611e-05,5.457015602458057e-05,5.684950458914969e-05,0.00029239402432271964,2.9417264179471542e-05,0.0206403971113614,0.00016634410725339802,0.00016751605009641341,1.0746745712390583e-09,1.1182799217539687e-07,0.0002424442934171847,0.7994000266114993,8.678112955391323e-07,1.1267882561160822e-05,8.169547207114884e-10,0.00019381651479992724,6.391382590938932e-07,7.895170722269722e-06,0.1779625119728865,0.00017005237700839365,0.00031380041978038584,0.00011947980802372406
8,6.195339859932519e-06,2.5511788132137806e-05,6.0533889172306664e-05,1.2024876786234623e-05,4.606203383250524e-05,9.544783743567211e-05,0.0002966227744545543,2.9949426448856395e-05,0.025875368951420265,0.00014111727577898072,0.0001407736013616557,1.5722490833134695e-09,9.666484143658495e-08,0.0003001395842860712,0.7748639593021721,1.3293525971617736e-06,1.8376778585637604e-05,9.160375438130998e-10,0.00020694438464904282,8.094374301819909e-07,8.008860333882732e-06,0.19715200738700445,0.00037001953357817337,0.00018780695932213963,0.00016089147223013876
9,5.111435239749595e-06,2.1815842915382733e-05,3.9200930504843036e-05,8.105588861541317e-06,3.8594893184692295e-05,6.026615193035464e-05,0.00027207193145361956,1.8397255577127875e-05,0.02558457693129924,0.00010897341534596234,0.0001092720183955448,9.429050613827566e-10,5.1744176362387535e-08,0.0002517209333090261,0.8054772227748048,7.935253790070036e-07,1.1430062097466487e-05,6.84452517885743e-10,0.00013219641821387277,5.382965909511613e-07,5.407884444462074e-06,0.16715154943944122,0.0003114006978330546,0.00018467536294480166,0.0002066248386994417
10,4.9387777894558094e-06,1.4378137340780994e-05,4.7030442196501125e-05,1.0298980609550799e-05,3.47384401195899e-05,5.45560722033729e-05,0.0002174574160994372,1.8264063070294037e-05,0.027114652416941647,0.00014569853495295456,0.00010780948801958514,6.209003389001783e-10,4.338354804443251e-08,0.00027218616189321075,0.8012509222080696,8.053603057139728e-07,1.0901720622151213e-05,6.58888059151721e-10,0.00010497935582246851,6.594405587347959e-07,5.007892231185759e-06,0.16977439364139316,0.00031840187235077777,0.00030943994123622313,0.00018243497283706146
11,5.02161354834897e-06,1.589463712787642e-05,4.9880699291115726e-05,1.130829658878752e-05,3.7257601115890055e-05,5.8860738903227425e-05,0.0002382356098008948,2.0649228420489122e-05,0.02816883988581374,0.000150465232495843,0.00011482268557641203,7.396671663147053e-10,5.366300610047474e-08,0.0002910086509914902,0.7913479853697255,9.020996895309871e-07,1.2295156678769363e-05,7.15996606483664e-10,0.00011530127259256876,7.072456375803821e-07,5.305066857982437e-06,0.17853981660146453,0.00032913748466730105,0.0003030208585396582,0.00018322884580239493
12,5.4061735984724014e-06,3.462973427760014e-05,4.937127505562602e-05,1.2984327522977928e-05,0.00015458267888308932,9.617161728133581e-05,0.0002997135566093399,8.128721543628552e-06,0.036210941688389474,0.0001294225009312668,0.0001551934383884036,1.726991814832321e-09,4.8036210141373705e-08,0.0010509497725339995,0.8313202076958298,8.335670561618774e-07,9.975724715398189e-06,2.1255329671603903e-09,8.606291251740635e-05,1.2408743298044683e-06,7.795302637859584e-06,0.12839603686379447,0.0008147866853506398,0.00028888967641004003,0.0008666233236081305
13,3.9016823088971596e-06,1.4331433482504809e-05,4.401073460309962e-05,1.1829377634738651e-05,4.462786324524118e-05,3.719976132920019e-05,0.00016432909588651146,1.1379433274189822e-05,0.016140464797159818,9.357870894455722e-05,0.0002454645851087947,8.358729419949719e-10,5.785652147536273e-08,0.0003366142083735799,0.851755255512632,6.315161456355309e-07,8.91886788162606e-06,6.07474032255617e-10,8.995521907315549e-05,4.230702758914066e-07,6.6382198202694705e-06,0.13023118642316914,0.0003305433443336763,0.0002996946535196864,0.000128962191929143
14,6.814777158744554e-06,0.0001682677880786227,6.182691189042344e-05,4.383383591744691e-06,0.00013358441764041491,0.00023561248191233977,0.0002626739941887094,1.0538229323909164e-05,0.010442515684956931,8.029156538636741e-05,0.00035749507900155805,7.312335167487901e-09,2.250434217680299e-07,0.0004446412373212459,0.8585454451461912,1.2938117832595219e-06,9.05491279639641e-06,7.433912059205517e-10,0.0008536641033010571,4.935561982834932e-07,1.717717320323483e-05,0.12788997444951794,0.0002615161384512077,7.184066333781011e-05,0.0001406613956205965
15,4.9387777894558094e-06,1.4378137340780994e-05,4.7030442196501125e-05,1.0298980609550799e-05,3.47384401195899e-05,5.45560722033729e-05,0.0002174574160994372,1.8264063070294037e-05,0.027114652416941647,0.00014569853495295456,0.00010780948801958514,6.209003389001783e-10,4.338354804443251e-08,0.00027218616189321075,0.8012509222080696,8.053603057139728e-07,1.0901720622151213e-05,6.58888059151721e-10,0.00010497935582246851,6.594405587347959e-07,5.007892231185759e-06,0.16977439364139316,0.00031840187235077777,0.00030943994123622313,0.00018243497283706146
16,6.310678989801511e-06,1.3403930146003626e-05,4.435166052261376e-05,1.4009431035103056e-05,3.2616521801404305e-05,5.413150046984861e-05,0.0002796833870828445,1.6569780161180043e-05,0.019402737111158724,0.0002777387523249968,0.00012457794860612083,1.345452275648803e-09,3.86340625248952e-08,0.0005214926373632973,0.7135800011042407,9.462230367496593e-07,1.509459447561203e-05,2.0684778709270636e-09,8.875097437870546e-05,1.0860847216071551e-06,1.3934926352422944e-05,0.2643465200758047,0.0004172134261102083,0.0003693094631315208,0.0003794777400933986
17,9.155545727810433e-06,2.3243406368559683e-05,5.81042423020455e-05,1.4465160486464732e-05,4.6554662581504747e-05,5.5753659750419186e-05,0.0003131313898456677,2.9280004874618573e-05,0.027533469430107836,0.00017533931774686064,0.00015727858800004197,2.6852192107469006e-09,9.596781815872567e-08,0.0007128580765316108,0.5993308518938238,9.223220487584919e-07,2.647737141447706e-05,2.9717795620197475e-09,0.00015501687003355598,1.3745179624189976e-06,1.0870697736028688e-05,0.3698679387475236,0.0006847050009550845,0.0002824594613922051,0.000510648007969845
18,7.780495363013338e-06,2.0190885006268324e-05,2.6881431769180758e-05,8.358480840275132e-06,2.5399369803530448e-05,5.5879200611598424e-05,0.0003520396874758786,2.047071312313575e-05,0.040428332786759516,0.00022338463409480395,0.00010333905776924161,1.6145843180883617e-09,5.730752449573356e-08,0.0005880501441362792,0.5625745239468285,9.451126508333446e-07,2.7424867018697594e-05,2.2909434259550745e-09,0.00011402397281984848,1.1378524425966077e-06,6.107597813273082e-06,0.3937923748440373,0.0006245055358984588,0.00028120264939574327,0.0007175855212898035
19,5.04437071704039e-06,1.7751554422162717e-05,6.600551134200088e-05,1.3149610981274055e-05,4.790471783443819e-05,4.9368829072932545e-05,0.0002581843215090987,2.493102672205134e-05,0.02635319864076509,0.00013467128025195023,0.00011930806596194816,9.231089706472864e-10,6.592547067802441e-08,0.00030666744748080165,0.7701371401873601,7.904506835399619e-07,1.1886447255135098e-05,8.023206031309817e-10,0.0001223454603712828,6.909003883335933e-07,5.51468683524171e-06,0.20162477547255164,0.00026393625171063946,0.000268547061818914,0.00016812005306390224
20,1.492228720676397e-06,5.584125767838981e-06,2.207166152510519e-05,4.718988519057321e-06,1.4658511793320344e-05,2.3449651154627907e-05,0.00013629888515604352,1.1136615474321217e-05,0.009361306251937943,6.214028961839396e-05,5.951526713864207e-05,2.1055122637578103e-10,1.664345458963451e-08,0.0001054565699404742,0.8709066404346809,3.2916036240639974e-07,3.610947077192884e-06,1.561027584332503e-10,5.9383851323121255e-05,2.8618509655961036e-07,3.634189529792384e-06,0.11883982510268234,0.0001685558676788408,0.0001400059057432421,6.988229897042211e-05
21,8.731378105433742e-06,2.3527122289075364e-05,6.204984696023011e-05,1.4673591209937028e-05,6.199703233390322e-05,5.9523977146057874e-05,0.00020973057573659226,1.8131646813852742e-05,0.031243656113087968,0.00024705909513152407,0.000187486909597179,1.3420752500227517e-09,5.919970852858689e-08,0.00048154138818615265,0.7585795902207495,1.0491253420241956e-06,1.3892267232913426e-05,1.4300539794680912e-09,0.00013868822666299367,8.941208964438847e-07,1.0414788927800183e-05,0.20750368014713289,0.00040685235383154883,0.0004432628815665595,0.00028350521922148523
22,6.17526251554638e-06,1.1455195145441145e-05,6.562117616544141e-05,1.621167930464027e-05,2.8230798169094006e-05,5.5600297552714025e-05,0.00018011571882684406,2.0101606896776767e-05,0.02244700634612736,0.0002103110648503837,0.0001531880752696561,7.851196307456739e-10,4.902638568188394e-08,0.00033422167721197443,0.7682018508761782,9.493636306864656e-07,1.814460738834699e-05,1.0158016847895896e-09,9.255219121541429e-05,7.517112623155957e-07,7.238369167413037e-06,0.20719725477799336,0.0003178683473399729,0.0004814225044865382,0.0001536775259946934
23,4.9387777894558094e-06,1.4378137340780994e-05,4.7030442196501125e-05,1.0298980609550799e-05,3.47384401195899e-05,5.45560722033729e-05,0.0002174574160994372,1.8264063070294037e-05,0.027114652416941647,0.00014569853495295456,0.00010780948801958514,6.209003389001783e-10,4.338354804443251e-08,0.00027218616189321075,0.8012509222080696,8.053603057139728e-07,1.0901720622151213e-05,6.58888059151721e-10,0.00010497935582246851,6.594405587347959e-07,5.007892231185759e-06,0.16977439364139316,0.00031840187235077777,0.00030943994123622313,0.00018243497283706146
24,5.8400665911452185e-06,1.890783175768122e-05,6.0274257575926326e-05,1.863705873683139e-05,7.171539157703839e-05,6.0235216539566885e-05,0.0002466275393216732,2.2434851748667486e-05,0.035034154527759466,0.00015934209154903488,0.0001684248636490529,1.127866595329215e-09,7.609206622294599e-08,0.0005036199583926975,0.785738945940218,1.1839251201012233e-06,1.3851692031397936e-05,1.1335272976221582e-09,0.00011743999227140759,8.728489056777609e-07,6.0726066837886265e-06,0.1766756515149096,0.00046598108892524593,0.00037858137875652995,0.00023112700351935137
25,6.570283410890918e-06,1.0500460525771065e-05,5.852097457267031e-05,1.5774580358282602e-05,3.738713151775858e-05,3.0420186117983882e-05,0.00025730137129036356,3.655702754982835e-05,0.01825997328649549,0.00012753849862975441,0.00015301140846847415,7.207600262456395e-10,6.744527336535419e-08,0.00019865065907646794,0.8175999565813302,9.678127326877527e-07,1.0280151000816246e-05,7.951013130832803e-10,0.0001403558911074995,6.138767538022576e-07,6.868787240310917e-06,0.16236904179421338,0.00029751136109872533,0.0002720548769954365,0.00011007403837859618
26,8.619026393589412e-06,1.5267956215765234e-05,4.958351806428014e-05,1.8412332764687905e-05,4.785378253387899e-05,6.835596802469678e-05,0.00025768165801369675,2.2511611129926282e-05,0.06991520692667144,0.00019228573076905095,0.00012842134823772152,5.442454009772632e-10,4.982368933130038e-08,0.00032060187853064385,0.7961388402559652,1.2645091101289075e-06,1.609365700241212e-05,9.833463300253925e-10,8.461721034281273e-05,9.91494141914787e-07,4.454500023091606e-06,0.13097916913256838,0.0006468503846792483,0.0007820447088246176,0.00030082105871187336
27,2.9435869090798607e-06,9.932953401238703e-06,2.573719293698909e-05,5.8830425846936375e-06,2.3214256272488306e-05,3.77982446840634e-05,0.00019616047006225888,1.2687216680266424e-05,0.03041277531332642,0.00013502280656953297,6.686589280392868e-05,3.095647392439773e-10,2.3320401456063568e-08,0.00020087318762084718,0.7925749535123235,5.556208042060282e-07,6.832047896445857e-06,3.4613816352973464e-10,7.184619447741264e-05,5.492785837574325e-07,2.931526424317172e-06,0.17550759546015107,0.000248650916658202,0.00027638357980029057,0.00017978372292462103
28,4.9387777894558094e-06,1.4378137340780994e-05,4.7030442196501125e-05,1.0298980609550799e-05,3.47384401195899e-05,5.45560722033729e-05,0.0002174574160994372,1.8264063070294037e-05,0.027114652416941647,0.00014569853495295456,0.00010780948801958514,6.209003389001783e-10,4.338354804443251e-08,0.00027218616189321075,0.8012509222080696,8.053603057139728e-07,1.0901720622151213e-05,6.58888059151721e-10,0.00010497935582246851,6.594405587347959e-07,5.007892231185759e-06,0.16977439364139316,0.00031840187235077777,0.00030943994123622313,0.00018243497283706146
29,4.9387777894558094e-06,1.4378137340780994e-05,4.7030442196501125e-05,1.0298980609550799e-05,3.47384401195899e-05,5.45560722033729e-05,0.0002174574160994372,1.8264063070294037e-05,0.027114652416941647,0.00014569853495295456,0.00010780948801958514,6.209003389001783e-10,4.338354804443251e-08,0.00027218616189321075,0.8012509222080696,8.053603057139728e-07,1.0901720622151213e-05,6.58888059151721e-10,0.00010497935582246851,6.594405587347959e-07,5.007892231185759e-06,0.16977439364139316,0.00031840187235077777,0.00030943994123622313,0.00018243497283706146
30,4.9387777894558094e-06,1.4378137340780994e-05,4.7030442196501125e-05,1.0298980609550799e-05,3.47384401195899e-05,5.45560722033729e-05,0.0002174574160994372,1.8264063070294037e-05,0.027114652416941647,0.00014569853495295456,0.00010780948801958514,6.209003389001783e-10,4.338354804443251e-08,0.00027218616189321075,0.8012509222080696,8.053603057139728e-07,1.0901720622151213e-05,6.58888059151721e-10,0.00010497935582246851,6.594405587347959e-07,5.007892231185759e-06,0.16977439364139316,0.00031840187235077777,0.00030943994123622313,0.00018243497283706146
31,1.3753121414650303e-05,2.2334741574349684e-05,0.00011671500771157782,1.5491870200155994e-05,5.500116699308415e-05,5.944122729870013e-05,0.000297386626391562,4.8497282732779524e-05,0.03124418555556562,0.00021043156673961142,0.00011721658417980899,1.3273516103334825e-09,8.757838038100138e-08,0.00031765430129398174,0.7114081258313811,1.080391090078871e-06,1.74601804619885e-05,1.8016829018554859e-09,0.00023959884913853056,1.3108138091621382e-06,8.751282497917477e-06,0.2547768548060315,0.00038692484555985436,0.00035727245833406905,0.0002844207821850577
32,4.6140702940422166e-06,1.4547482856778603e-05,4.5298682436534074e-05,8.934346870818904e-06,3.537700438639849e-05,5.362203395917242e-05,0.00021855258804670996,1.8755168202869685e-05,0.024594747338604728,0.00013574958685585095,0.00010213396217135118,6.483769395423672e-10,4.434778207291759e-08,0.0002580773544388885,0.7984681862109766,7.984649204538556e-07,9.873764299579257e-06,6.03824365217934e-10,0.00012354390872267842,6.761230649208229e-07,5.0693756256382166e-06,0.1751533703661378,0.0003117614051511191,0.0002599219530677733,0.00017634320892602652
33,7.796536971178544e-06,2.5618021338006734e-05,6.0541522976763256e-05,1.6572097962321563e-05,2.7439140729899633e-05,8.641333476118172e-05,0.00043264917519974914,4.7394883428120846e-05,0.042028824719895275,0.00029000683813090695,0.00013541488713264305,3.22682465973485e-09,2.2085721371434572e-07,0.0006673448717206664,0.41218826297370786,1.8894099352070204e-06,6.261519881020113e-05,2.6736701743735707e-09,0.00017717770312350052,1.2404412024196866e-06,5.112609170887132e-06,0.5429319017882076,0.00030686932950468133,0.0002496204442223421,0.0002490673141600368
34,2.1500872015295366e-06,8.92008117830054e-06,4.168203326284985e-05,2.363859617092644e-05,2.2545604984444894e-05,0.0001273389042577737,0.0003303284129933184,1.7923705495768756e-05,0.0176304476261802,0.00017053231751372306,7.396796245129366e-05,8.464363126114925e-10,3.775537745536237e-08,0.00039608380832421603,0.8448618117494253,1.587291283423788e-06,2.1807677995091083e-05,1.075773874970492e-09,3.375605583234601e-05,8.047416083561433e-07,7.161366663353761e-06,0.13548261315567312,0.0003388975041198296,0.00025538033754263976,0.00015058130225457068
35,0.00011143790316975197,5.124091243601471e-05,0.00011561668767090398,2.192227366130013e-05,4.318220189432204e-05,4.026979992389424e-05,0.0006509308659535283,0.0001798978241986083,0.1549879271631636,0.0007943863259340871,0.00010776083105160283,4.025351678756852e-09,2.0567864715586416e-07,0.0003167363816937528,0.29440436646642865,2.6167349386844253e-06,8.408397602651093e-05,1.2266814897519512e-08,0.00040259750866198274,1.7470593650380359e-06,7.5100614646914545e-06,0.5460687066239654,0.0002854772039915206,0.0005759891994472972,0.0007453740241450299
36,5.398866001049203e-06,1.2671530989008408e-05,7.57302604753129e-05,9.332467261497513e-06,8.028027674330683e-05,3.089640446009014e-05,9.435612281273997e-05,4.806584511568983e-06,0.009979090832427193,9.99755557321306e-05,0.00018561288239891968,2.3506805390406713e-10,1.7602534796145828e-08,0.0001966324594607941,0.9452408019756693,3.017361464956052e-07,1.6866081746542693e-06,3.9528467197288074e-10,7.804951697283521e-05,3.621535801569807e-07,8.836266862727249e-06,0.043007190132411395,0.00022977355996232503,0.0005213063745866586,0.00013688919947216606
37,1.1383572406792886e-05,1.2786213119092584e-05,8.721410286049906e-05,1.976910573270036e-05,4.034585882566917e-05,4.503580099599002e-05,0.00021715538166119697,1.960011519898431e-05,0.0282153194750474,0.0002326424557511602,0.00018054796475900872,7.635257316638091e-10,4.958191560959794e-08,0.00039249899949736386,0.7940353331568021,9.102174531558522e-07,1.4963192151049731e-05,1.7323421104108126e-09,9.825759756185042e-05,8.890722479832966e-07,6.578595809325075e-06,0.17485260631397082,0.00035748858335905723,0.0009032738546979115,0.00025534829230736546
38,2.7054906232691872e-06,9.63062160727308e-06,3.4305759923698916e-05,6.986980330454623e-06,1.7993693921565207e-05,8.689328011914154e-05,0.0002238870628564099,1.8394952722115863e-05,0.011492815381475638,9.233879059171785e-05,7.559454944319712e-05,5.198142072665143e-10,3.942087853620506e-08,0.0001452313628498811,0.8733150555636956,1.0396850876489803e-06,8.700821191244172e-06,3.5609981750737933e-10,0.0001269274838385291,5.801464741352716e-07,5.309698946995088e-06,0.11380952299143128,0.00028844093555183776,0.00015168968241361153,8.591476811217984e-05
39,3.697405504855043e-06,9.45193694722196e-06,3.662694305782556e-05,8.987100321395523e-06,2.152250498647555e-05,5.690574501602816e-05,0.00025412353009345766,2.5468869058922635e-05,0.016869126337017405,0.00011179614092251508,6.081306679305754e-05,5.454413549851339e-10,3.342163001372604e-08,0.00017592301855961332,0.8152742187657487,8.195900961978554e-07,1.055560075931205e-05,5.644852234670673e-10,0.00010705035772080816,7.259866168199771e-07,6.154597224779368e-06,0.16623377956772073,0.0003772749950351895,0.00017612544172076677,0.00017881796752109135
40,2.9036057780912636e-06,2.1518931191558507e-05,7.402442250762315e-05,4.225731656345087e-06,5.6772821369024686e-05,5.3596069655362166e-05,0.00013077427097189207,8.54218209910836e-06,0.01126642094482211,8.511992041649455e-05,8.519064657832363e-05,7.967666593735863e-10,3.196154448763886e-08,0.0002833239216913876,0.8013985809950553,3.3549885481705786e-07,4.497517198908712e-06,4.07886288965898e-10,0.00015015468420704944,5.536378303800663e-07,5.073408283183771e-06,0.18593987453814584,0.00013947291651889658,0.0001438195493518763,0.00014519061961908733
41,5.139439128841841e-06,3.5918856695796006e-05,6.887201646722194e-05,1.7142840143258876e-05,9.312142685447689e-05,9.817525228337145e-05,0.00024372416129958985,2.0879638754746563e-05,0.09004456304752438,0.00018634019211542476,0.00010166054383418995,5.256812341176762e-10,6.238719428473857e-08,0.0002949065831016618,0.8070527471688861,1.2085493298770281e-06,1.1755219759186453e-05,4.616429078530903e-10,8.343045829638713e-05,5.432126883615917e-07,3.364183132460241e-06,0.10082735640830644,0.0002616208968263252,0.00037763499223668004,0.00016983153781682605
42,1.0190896858803097e-05,2.2246457194053456e-05,4.037230431819168e-05,3.0685665816636656e-05,8.257543966409943e-05,0.00010787976899545473,0.00033174849770591726,7.1693080998874415e-06,0.07366933864816419,0.00020303719260596944,0.00026153699321935565,7.487007074687357e-10,4.693053087626057e-08,0.0009374832439268168,0.8579020782373575,1.4018353548513668e-06,1.7458511639872913e-05,2.913534997421993e-09,3.38602074534896e-05,8.336594314549564e-07,4.397552683459523e-06,0.06324072295928111,0.0010412213796773496,0.0012604378218455366,0.0007932728259394199
43,4.044108125296479e-06,9.168357733765942e-06,3.897184910119065e-05,8.498220205894804e-06,2.535350491897606e-05,5.700820279039435e-05,0.00018397595401376573,1.9008982817027277e-05,0.039099675448047454,0.0003409822645576869,6.63760278202497e-05,2.632648483861189e-10,2.5163630601583056e-08,0.00022282110186339657,0.7397755765644732,8.822483629142457e-07,8.268293698259597e-06,4.1555356342364143e-10,9.646404766434634e-05,1.0089951592163768e-06,4.481183232391937e-06,0.21920897036983739,0.0002616888726560921,0.0004127070028823572,0.00015404255758974593
44,4.9387777894558094e-06,1.4378137340780994e-05,4.7030442196501125e-05,1.0298980609550799e-05,3.47384401195899e-05,5.45560722033729e-05,0.0002174574160994372,1.8264063070294037e-05,0.027114652416941647,0.00014569853495295456,0.00010780948801958514,6.209003389001783e-10,4.338354804443251e-08,0.00027218616189321075,0.8012509222080696,8.053603057139728e-07,1.0901720622151213e-05,6.58888059151721e-10,0.00010497935582246851,6.594405587347959e-07,5.007892231185759e-06,0.16977439364139316,0.00031840187235077777,0.00030943994123622313,0.00018243497283706146
45,2.112614772858565e-06,5.945452949418227e-06,3.2657954938535605e-05,7.024946125191459e-06,1.7260403171075878e-05,4.106312533923905e-05,0.0001954446200337935,1.7704654378063545e-05,0.014112868009354051,8.981887050099414e-05,5.1184619324508605e-05,2.1475496519330435e-10,2.2652865885427516e-08,0.00010167123926707063,0.8866119210411396,6.698078810284347e-07,5.040655865111382e-06,2.1792726224192052e-10,7.335499628538273e-05,4.232002240414907e-07,2.8925236339618223e-06,0.098216805254091,0.00016305104191662183,0.0001834031758018572,6.765870745856087e-05
46,8.740158214865967e-06,1.4958436785272457e-05,6.528433061837593e-05,2.9864761592968765e-05,2.0304457598132062e-05,0.00013655252936231038,0.000289606165611787,4.557499045494681e-05,0.03144056632151399,0.00024437131414026193,0.00016468741741758154,1.7389538547524867e-09,1.0973818114045497e-07,0.00034581572386397703,0.7382216052858411,2.588119761983067e-06,6.030888815317499e-05,1.7138802255614008e-09,0.00011315318737096909,1.0680129585560657e-06,9.812790419934408e-06,0.22754499465939357,0.0005446909057252068,0.0005494035666604537,0.00014593478552540204
47,9.20851262762946e-06,2.757962762529842e-05,3.6656019314683875e-05,3.551073306026048e-06,1.888519295778567e-05,4.2060630859759763e-05,0.0002925795998212985,2.945389248250935e-05,0.02779364384370162,0.00020947193344179494,5.7784975456919084e-05,1.8247080727497852e-09,5.6406667303686014e-08,0.00020097357993952375,0.46645023574071304,7.045548821590235e-07,1.8384705415171994e-05,1.1876730519887968e-09,0.0002652967790834365,8.153232700259155e-07,5.637003550143871e-06,0.5039155538906961,0.00016422016960751247,0.00014267186964966752,0.00031457166254927497
48,6.009552349732226e-06,2.8651421505548073e-05,5.7055768480645494e-05,1.2655415207879766e-05,2.039653440992086e-05,0.00020972027610262673,0.00055485123530414,7.071379840297025e-05,0.02762001290969551,0.00016158432104791757,7.894464296362164e-05,1.84091823894075e-09,1.5837287683747139e-07,0.00018621170685251257,0.7562737671467886,2.5293116103524073e-06,4.0497497385069345e-05,7.626515922841429e-10,0.0003192126257331013,9.037951161954527e-07,8.032769057911093e-06,0.21377917965111912,0.00032609020450151665,0.0001270861992938997,0.00011573224062462191
49,3.972012813737139e-06,1.736072128344325e-05,6.925515689235966e-05,8.2620025176322e-06,3.248829273253364e-05,7.440658086794319e-05,0.0002016643061210349,1.72268302150371e-05,0.017461790284974316,0.0001446236329334249,9.751182577024245e-05,1.068039265769059e-09,5.300579459307609e-08,0.00031375744012247564,0.7320790367507852,6.89734100459942e-07,1.2573050293900954e-05,7.519062186629217e-10,0.00013312523023868524,8.351374521598815e-07,6.2508519377211175e-06,0.24872420502186304,0.00021891822670893474,0.00022722769534755938,0.00015476438828803342
50,5.288354312734122e-06,1.1451691506595333e-05,2.4020477498768865e-05,5.126791804500838e-06,2.7727255813489414e-05,2.34034930532767e-05,0.0003715521084127547,1.9195983792713735e-05,0.03849003781413305,0.0002720162257428547,5.2444190870312754e-05,3.244182354218661e-10,2.358232139704059e-08,0.00020428673042902591,0.6604409829483673,5.678325301433882e-07,5.879102175584476e-06,5.965542705282529e-10,0.0001207399674826305,6.525741041330827e-07,3.473662020248988e-06,0.29916603349136184,0.00017504620919138388,0.00021702247004231102,0.00036302612206032313
51,5.6293130541583864e-06,1.8573312691306187e-05,6.207527714839187e-05,1.5225735973294461e-05,4.3115818202752136e-05,5.3484227341239074e-05,0.00022960026477757088,2.219637063414077e-05,0.03784907909952995,0.0001810631510659334,0.0001285139745114629,6.529236857624201e-10,5.7393551953789397e-08,0.0003019162072104154,0.7793620801926652,8.356290601237133e-07,1.3153638835791718e-05,6.726088508190367e-10,9.268492309116858e-05,5.737484003910732e-07,5.09922136785143e-06,0.18081755022962478,0.000250846659735795,0.0003935636764906164,0.00015308060950312567
52,1.0487007142985669e-05,8.31819890580732e-06,8.87171438048279e-05,3.2735410577391304e-05,3.8807074551423e-05,7.29323677656278e-05,0.000224180939017742,2.21138892552154e-05,0.039828370320427485,0.00042561230425161285,0.0002336847712606808,6.510530253112031e-10,6.479959145612914e-08,0.0004988953012066876,0.7883945922870338,2.0497656706128686e-06,2.0945850973768336e-05,2.18406588983176e-09,7.652084855779382e-05,1.5003143339803962e-06,5.3853729375709795e-06,0.16786598884422935,0.00043843090313269896,0.001522027032366175,0.00018763641788641485
53,2.3894420340864945e-06,7.002429732321138e-06,1.763484398068095e-05,7.582468403034566e-06,1.942990569626768e-05,3.607658463295486e-05,0.00032472264195306113,1.4751333495444032e-05,0.024920005728898582,8.938621683004341e-05,6.07439479743641e-05,2.6502744159679e-10,2.398278816968941e-08,0.00017944316839888104,0.8619953757557902,6.535826929030833e-07,6.298195485974338e-06,4.0371552733122394e-10,5.112051400235325e-05,5.061152872112032e-07,2.60270817242032e-06,0.11151332310671108,0.00034645973654028625,0.00021308992590233272,0.0001913769958540222
54,6.38084768567523e-06,3.833814192899e-05,2.3621764511102848e-05,4.9779019191003345e-06,3.563345433309012e-05,5.986982050177253e-05,0.00038440605093808123,1.7343829438784687e-05,0.05463858146969213,0.00019028385301755557,6.681996434824874e-05,1.1554303589875578e-09,4.282498846865925e-08,0.0003333876923908751,0.6813581094698344,9.008798714639316e-07,1.3721173786826279e-05,9.309749081641776e-10,0.00013429393752089906,5.799907286274496e-07,4.016766400604838e-06,0.2617387817852139,0.0002748202521037337,0.00017757063452356482,0.0004975154079166869
55,1.7500134214900954e-05,8.837075259431279e-05,5.798214885146884e-05,1.3794947188995855e-05,0.00012232506130165134,6.380555913493589e-05,0.0005924955442149213,2.3411996212336047e-05,0.0877778666213398,0.00019466261686825023,0.00018672298442910296,5.56961151347547e-09,1.2672687678821704e-07,0.0006838497767790862,0.6576188941034226,1.3306354728574277e-06,2.7156933696324225e-05,4.597558603314194e-09,0.00017484090963345008,8.737275115335563e-07,8.0883820792918e-06,0.25053350481930753,0.0004272910795603909,0.00032051550161718486,0.0010645788705222815
56,5.074771622818528e-06,1.6136038522363524e-05,4.955486900601844e-05,1.0901893638756787e-05,3.8390713963379584e-05,5.6178503405122326e-05,0.0002390363661522701,1.9451429349339255e-05,0.028850442810484874,0.00015056126626181033,0.00011700386098489166,7.274339602851254e-10,5.253375108894698e-08,0.00029664687258574803,0.7911914700578045,8.559101284334772e-07,1.1642332143658009e-05,7.308514527728331e-10,0.0001124484428288234,7.020418248514233e-07,5.125228865196058e-06,0.17800555542736707,0.0003199543960509258,0.00031036005192529135,0.0001924527230472175
57,4.224258398119554e-06,1.9233334386767848e-05,5.986272795016919e-05,5.216682683916049e-06,3.905649482154244e-05,4.768908421463793e-05,0.00017311688639730423,2.2917548543038142e-05,0.01374875488422399,0.00010602572206005819,8.67908838966891e-05,1.4241068326844709e-09,5.3644619191021536e-08,0.0002246330586785158,0.6821829668008526,6.18656606542447e-07,9.425290912731806e-06,5.644715740667782e-10,0.0002789865205134942,7.28359476219262e-07,7.923439937767284e-06,0.30250913806844015,0.00021460080641382576,0.00011506609469505136,0.00014296876269910978
58,4.471314277641827e-06,1.2004127156670812e-05,4.5224519667747344e-05,1.004087524726015e-05,3.096750832008458e-05,4.9139894322472576e-05,0.0001983117185190915,1.5756717687638004e-05,0.026184950105021754,0.00014991978216257924,0.00010608286314717878,5.089723431852105e-10,3.746535991612798e-08,0.000254130231604813,0.8121988471373475,7.503289222766036e-07,9.572659867933928e-06,5.896040010225559e-10,8.882429428447181e-05,6.449982801029934e-07,4.564181796738657e-06,0.1597967282143189,0.0002897393648284869,0.0003805660098639483,0.0001687245894185145
59,4.372508101599951e-06,1.1108563699861184e-05,4.717915991797213e-05,1.035465754158408e-05,3.1135195303959934e-05,4.686184816631699e-05,0.00018499423304792377,1.499236576308273e-05,0.02539811089734103,0.00015305945254372478,0.00010603603050934963,4.612973970027957e-10,3.400641215078074e-08,0.00025003821640886864,0.820178363987095,7.274695708100248e-07,9.080915192526248e-06,5.7178429528401e-10,8.301651096698188e-05,6.356210963721317e-07,4.5376678377526225e-06,0.15261153489668894,0.0002803021083201139,0.00041208533023744174,0.0001614373251551864
60,4.9387777894558094e-06,1.4378137340780994e-05,4.7030442196501125e-05,1.0298980609550799e-05,3.47384401195899e-05,5.45560722033729e-05,0.0002174574160994372,1.8264063070294037e-05,0.027114652416941647,0.00014569853495295456,0.00010780948801958514,6.209003389001783e-10,4.338354804443251e-08,0.00027218616189321075,0.8012509222080696,8.053603057139728e-07,1.0901720622151213e-05,6.58888059151721e-10,0.00010497935582246851,6.594405587347959e-07,5.007892231185759e-06,0.16977439364139316,0.00031840187235077777,0.00030943994123622313,0.00018243497283706146
61,4.86331888008035e-06,1.1647652592648317e-05,5.488166358497751e-05,1.1394884080464541e-05,3.271923090857482e-05,5.118427652717558e-05,0.00019138330231011164,1.7628064216132193e-05,0.024380070230473738,0.0001565134290584685,0.00010794816823489358,5.159841997103223e-10,3.855307120503245e-08,0.0002534768452533275,0.8165325684495182,7.82853043931282e-07,9.950691641480373e-06,6.366575075476306e-10,9.352814790561315e-05,6.843935599104567e-07,5.037138939365421e-06,0.1572474415704444,0.0002862321799090888,0.00039378416188928827,0.00015623964131507016
62,4.9387777894558094e-06,1.4378137340780994e-05,4.7030442196501125e-05,1.0298980609550799e-05,3.47384401195899e-05,5.45560722033729e-05,0.0002174574160994372,1.8264063070294037e-05,0.027114652416941647,0.00014569853495295456,0.00010780948801958514,6.209003389001783e-10,4.338354804443251e-08,0.00027218616189321075,0.8012509222080696,8.053603057139728e-07,1.0901720622151213e-05,6.58888059151721e-10,0.00010497935582246851,6.594405587347959e-07,5.007892231185759e-06,0.16977439364139316,0.00031840187235077777,0.00030943994123622313,0.00018243497283706146
63,5.004750003824208e-06,1.5761287986175685e-05,4.649803082015775e-05,9.86757906276686e-06,3.564377499719862e-05,5.466501527668565e-05,0.0002219180126996416,1.800873556066308e-05,0.028171597149116212,0.00014610783346878807,0.00010752515764906032,6.457082465884825e-10,4.427529400041897e-08,0.00027294176083452924,0.7973841384375288,7.878360569482921e-07,1.0883157469231201e-05,6.5395364448924e-10,0.0001069443411651052,6.37857430234388e-07,4.98631667831405e-06,0.17259154810334185,0.0003064406421937755,0.00029986134647784593,0.0001881872992265041
64,4.319287595504512e-06,1.3560796632726473e-05,4.74031432222221e-05,9.549954316674815e-06,3.3943936436537515e-05,4.966763741977561e-05,0.00019155269378071468,1.7345898787238907e-05,0.020707320090418233,0.00012646425522960984,0.00010425050723534876,5.709763521831824e-10,3.7690997701584e-08,0.0002238946619679468,0.8247903776628824,6.63388036275206e-07,8.551644799672025e-06,5.279990571645112e-10,0.00010541415561790205,5.976582334757495e-07,6.247823873883345e-06,0.1528421926207762,0.0002988546901191667,0.00026679175039052516,0.00015099695225464276
65,7.340366966739233e-07,4.616915003465027e-06,3.248330280259803e-05,4.796989364983981e-06,1.305002397799053e-05,3.99487680812595e-05,9.541460974380892e-05,7.394593268957049e-06,0.004060684200182413,3.4324844726130474e-05,4.494979233110619e-05,1.3783646262758087e-10,1.3801205007904323e-08,7.461162897826968e-05,0.940953129922942,2.667454317692076e-07,2.5536865366330687e-06,7.681629396542432e-11,4.110739816510789e-05,2.0303019937513334e-07,3.437068636430538e-06,0.054346790983091156,0.00011337374026060343,9.613997482447542e-05,2.9973728897080537e-05
66,8.08837915854733e-06,2.3564719804003938e-05,0.00016629208124383136,3.708989859779513e-05,0.00015092492887006198,5.37263175888814e-05,0.00013973010394340325,1.2634283292926574e-05,0.025062140963957542,0.00043257806748257495,0.0004160322738129581,1.8732463623480823e-09,8.345748037236937e-08,0.001041243648015459,0.7351376620981174,1.2978904008094327e-06,1.592033554767827e-05,2.2124033115826488e-09,9.526719991624826e-05,8.422791757603508e-07,1.5785981236465126e-05,0.2358851256411902,0.00026663168038127734,0.0008289286659805609,0.0002084050191556755
67,2.5145867772522416e-06,9.412307423072912e-06,3.117463889920851e-05,8.07146014798378e-06,1.7057265665808033e-05,9.872881389838625e-05,0.00017054385870174382,8.546871103773112e-06,0.013663985907388732,0.00011342182218207672,0.00010690632338303804,6.36771591047236e-10,3.2584234187996743e-08,0.0004127405194385138,0.8204916902750534,6.521836377195467e-07,1.3212114242446634e-05,6.69792087819129e-10,6.300108806912366e-05,8.989104069471849e-07,5.5855592307817725e-06,0.16372379657787584,0.0005233435005822375,0.0003313619276309962,0.00020331959746304368
68,1.126088712169503e-05,2.275630976257674e-05,0.00012124295381914705,3.1966256195832925e-05,4.89026440053365e-05,0.0001090564446712832,0.0004622417846401806,4.572418812272172e-05,0.036284631887529846,0.00022108643498421862,0.0002028754000609073,2.4556456725150586e-09,1.7186608966196045e-07,0.0006260595594393228,0.7292233659351234,1.6363335593870667e-06,3.599131422975399e-05,3.735399593735169e-09,0.00015349515442213813,1.7018030437130756e-06,1.153695473730944e-05,0.23091616494794923,0.0006614176243789814,0.00046432462037444947,0.00034238250469361103
69,2.491335578178224e-06,9.050708167154276e-06,4.9133733269060446e-05,5.09170397247293e-06,1.1825566068653112e-05,0.00014059360671937483,0.00015314040639597532,1.3661297946355681e-05,0.004063164165576883,0.00010640555949416138,0.00012732277629113928,1.5299680706311288e-09,6.271179860723666e-08,0.0003169671636100922,0.7240043436257841,6.605750824945866e-07,1.31463240035944e-05,6.412527917659358e-10,0.0002592185912443442,1.7053745097415909e-06,1.649529340739185e-05,0.26998536315779176,0.00046454953613049343,0.00016247091485434282,9.313370108272694e-05
70,4.935597214871999e-06,1.4546132776840147e-05,4.484689069192233e-05,9.011991226386048e-06,3.3277430783475135e-05,4.874669635297769e-05,0.00021068515863214166,1.731851745087054e-05,0.024512687073510352,0.00013676067227442947,0.00010548953522932971,6.080887327728711e-10,4.034931461451126e-08,0.0002507518761323126,0.8019125836557133,7.125167298526851e-07,9.778187879438016e-06,6.121253934901286e-10,0.00010960559324553343,5.974682156339382e-07,5.103326750367651e-06,0.17181782793372746,0.0002918961778141417,0.0002828872619486366,0.00017990873617089527
71,1.628618799578345e-05,3.120314075201151e-05,3.601758988792982e-05,1.854160805827935e-05,9.139240427990218e-05,4.5150892497191447e-05,0.000364977106426581,3.2566894708816684e-05,0.09072981588669865,0.00030151195677475347,0.00019402628707302562,1.7030444343440815e-09,8.16450393341976e-08,0.0005229841588756135,0.6938127438183527,2.0250616584325077e-06,1.968081991530856e-05,2.5239985425347834e-09,0.0001409393186803892,1.0444014220066212e-06,7.458189175793883e-06,0.21184879504189003,0.0007124676867682326,0.0005002432154768095,0.0005700424605495112
