,0,1,2,3,4,5,6,7,8,9,10,11,12,13,14,15,16,17,18,19,20,21,22,23,24
0,6.5728952004391075e-06,0.00018486284870925123,2.5261343771997933e-05,7.792404700558604e-08,0.000296050497967967,0.0007021013699662527,2.8197225146341872e-05,1.037980975395126e-06,0.03494239478786269,3.3404303912353316e-06,0.00013104942704969446,2.329634318462468e-07,4.5614144938686233e-10,6.924203190602402e-05,0.9516676846522596,3.232959248837329e-05,7.0305277684167224e-09,6.450018618011433e-10,0.011554374460002239,1.283151271477543e-09,1.0875550608495323e-05,0.00017082200318086638,1.3966269193501016e-06,3.234592759194292e-08,0.00017205362736500085
1,4.0318983629142536e-06,0.00030679375028472603,1.1083386929463747e-05,1.293175232368457e-07,0.00015942883296995308,0.0002802816203882083,2.1426919396262137e-05,1.5157784893606558e-06,0.025211339355198693,6.839157216686125e-06,4.1150916262293743e-05,1.0729986762711618e-07,1.8636911207462994e-10,7.342834807877922e-05,0.9554817780613519,3.0021701389641834e-05,8.32826901956528e-09,4.936215630290552e-10,0.0175749444143301,9.526583914027734e-10,2.2332352770243927e-05,0.00024571147937597665,1.5280124039389032e-06,2.2825491801784773e-08,0.0005260946109999231
2,3.4316762528087898e-06,0.00020578229773365235,3.5165053718461976e-06,6.830314702133213e-08,7.791474042717128e-05,0.00015893630055949996,1.1574914511328467e-05,6.739905595612325e-07,0.005254961107348794,2.481549418766404e-06,2.6422998678325565e-05,8.111733429647595e-08,8.544844952430487e-11,4.898588695088419e-05,0.9868669493100221,1.7619143248830622e-05,1.0557582541772689e-08,4.330293786734875e-10,0.006656648888371517,4.233369528985179e-10,1.6178066152072562e-05,0.0002605381620943516,2.9422272667086693e-06,1.715494694076712e-08,0.00038426416020586983
3,6.126866755339089e-06,0.0004579727097112498,1.0728077760429341e-05,1.8324819971970948e-07,0.00020170781282705566,0.0002702621863340196,2.1913184016377817e-05,1.586083334310363e-06,0.012968846332178315,6.065165935811592e-06,5.805137038542966e-05,1.7157304595149503e-07,2.498421120799079e-10,9.462860730335759e-05,0.9730283552044138,2.276875278488339e-05,1.7379246094670668e-08,1.11027177981299e-09,0.011802046407155282,9.361724651899095e-10,2.841982401985009e-05,0.0003575466548013052,3.20841591293659e-06,4.2007101188844185e-08,0.0006593498404911166
4,6.176080971943614e-06,0.0005179966564400739,1.3225230803532107e-05,2.1075055004205605e-07,0.0002529039692734506,0.00032424645659912406,2.4469706888385272e-05,1.5568961875798628e-06,0.014271888917229582,6.6774684204955475e-06,6.496251838322192e-05,1.9253677831887825e-07,3.5216448113224157e-10,0.0001240892120784421,0.9716849571303623,2.386593372513743e-05,1.7296457262243973e-08,1.2411952209315344e-09,0.011650646898339362,1.096226264962325e-09,2.7973229527844527e-05,0.0003732922730342099,3.435093605680465e-06,4.5812718438884494e-08,0.0006271672420397129
5,7.059622209928127e-06,0.0006431554285589486,1.2918101854417272e-05,3.1451478124633895e-07,0.00028150660662357694,0.00032577820222316246,2.6697337183787993e-05,2.11173650030455e-06,0.013033841132313524,8.648915428774106e-06,7.48188833774973e-05,2.0952511767846385e-07,3.5793509222576317e-10,0.00012642865400871165,0.9717250285282371,2.519038956522702e-05,2.3672000964924632e-08,1.908674295640676e-09,0.01238363460381892,1.2542078190365924e-09,4.061453295076779e-05,0.00041348044246118475,4.7949563259606765e-06,6.38230262200411e-08,0.0008636768706150135
6,6.126866755339089e-06,0.0004579727097112498,1.0728077760429341e-05,1.8324819971970948e-07,0.00020170781282705566,0.0002702621863340196,2.1913184016377817e-05,1.586083334310363e-06,0.012968846332178315,6.065165935811592e-06,5.805137038542966e-05,1.7157304595149503e-07,2.498421120799079e-10,9.462860730335759e-05,0.9730283552044138,2.276875278488339e-05,1.7379246094670668e-08,1.11027177981299e-09,0.011802046407155282,9.361724651899095e-10,2.841982401985009e-05,0.0003575466548013052,3.20841591293659e-06,4.2007101188844185e-08,0.0006593498404911166
7,9.935877905935801e-06,0.0011128751695242797,2.6389540229321382e-05,2.678565054801571e-07,0.000183510601688231,0.00025635081990509154,5.4617417985860966e-05,2.064215702721142e-06,0.0303288788188938,6.34892518158248e-06,0.00014844145921168826,1.971513283853074e-07,9.745932871824547e-10,0.00010485347070681895,0.9564609109245625,1.2658778589451452e-05,2.0105534846439788e-08,1.942735402605881e-09,0.010264939571127982,2.173694908777574e-09,1.8685978010189688e-05,0.0003139972596752997,2.149502060535098e-06,1.0280450820813847e-07,0.0006917986601381002
8,4.934519703798413e-06,0.0003691484081448036,7.757110954686181e-06,1.0671367768825608e-07,0.00018985931560347737,0.00040652892441176054,1.6548869754720578e-05,1.0954292283180948e-06,0.013650730279159359,4.128319024900087e-06,9.010349251934852e-05,1.9072093963977605e-07,2.131689668873547e-10,7.924124579105723e-05,0.9718727929969427,1.810328976974024e-05,1.2831156161805256e-08,1.150064543959039e-09,0.012515834775750639,8.312449921294419e-10,2.355230213258332e-05,0.0004120114285732392,2.299067315710338e-06,2.2699641358709704e-08,0.00033499506532584335
9,8.683019326444973e-06,0.0010408003944460517,3.862180726324404e-05,4.901805582963823e-07,0.00033055955225666153,0.00015094683642121978,3.967352146035902e-05,3.25339232545936e-06,0.02667821789868113,1.1847678878052053e-05,4.8884575182907584e-05,1.6692816735689532e-07,7.616394207638644e-10,0.00012699907616873246,0.9588472497850715,1.999435178572322e-05,2.9252603845012813e-08,1.2594008429612682e-09,0.010632729531257802,1.5665274303011294e-09,2.9193025226245456e-05,0.00023787513202918058,2.9580095719258273e-06,1.8460240342695742e-07,0.0017506378613465208
10,6.126866755339089e-06,0.0004579727097112498,1.0728077760429341e-05,1.8324819971970948e-07,0.00020170781282705566,0.0002702621863340196,2.1913184016377817e-05,1.586083334310363e-06,0.012968846332178315,6.065165935811592e-06,5.805137038542966e-05,1.7157304595149503e-07,2.498421120799079e-10,9.462860730335759e-05,0.9730283552044138,2.276875278488339e-05,1.7379246094670668e-08,1.11027177981299e-09,0.011802046407155282,9.361724651899095e-10,2.841982401985009e-05,0.0003575466548013052,3.20841591293659e-06,4.2007101188844185e-08,0.0006593498404911166
11,6.527673945342162e-06,0.0005051563957870001,1.1737494847315137e-05,2.002851081670412e-07,0.00021223639981178018,0.0002852652592841648,2.3839693118806558e-05,1.6524537360952867e-06,0.01360822474472004,6.397013594692064e-06,6.338938980008411e-05,1.8648870870108146e-07,3.027557665367025e-10,0.00010323407297482926,0.9723916970373989,2.2755326164459205e-05,1.8696765591784786e-08,1.265035991401105e-09,0.011671849514723909,1.0567343515860227e-09,2.866112156353671e-05,0.00037608867397976534,3.4007229458532807e-06,4.673698217439574e-08,0.0006774321795125745
12,1.4940030069884485e-05,0.001060495260420458,1.0979172828124006e-05,4.643577902160265e-07,0.0009666303098494122,0.0009153357450825712,2.1382580852469197e-05,1.5665881984099035e-06,0.0020899333864678013,1.1077333387410043e-05,9.45848344968276e-05,1.1007294936618223e-06,6.28353218656908e-10,0.0006653131373095216,0.9817350363632935,5.718342679741129e-05,8.87686362379385e-08,1.0315820799413797e-08,0.0089924017377518,1.3417430478765965e-09,9.188756736103779e-05,0.002373621867553339,4.026374404347335e-05,8.919883465545212e-08,0.0008556115735647586
13,6.6396272297475255e-06,0.00024995505702419055,1.379526602438821e-05,1.1680159444992503e-07,0.0001755195588894056,0.0001906774417718166,1.5433399563279384e-05,1.425370705735494e-06,0.012603658546723639,1.772513116372476e-06,0.00012005078181558593,4.582368645464033e-07,1.997845926658789e-10,9.959983984694202e-05,0.9739868239467706,1.1245011747918251e-05,2.110242600264338e-08,8.732703429310628e-10,0.011685850009762426,8.093791848445099e-10,2.7100823311471324e-05,0.0004043186096162522,1.9298545255545313e-06,2.099081491447123e-08,0.0004035853274205894
14,3.621284748576207e-06,0.0016965401176834115,1.311423657173744e-05,2.980706966648077e-07,0.00041509666109817983,0.0004266873119741073,2.6770316749459184e-05,2.021238215552388e-06,0.025181546926584007,2.0350913232184285e-05,8.016742989341367e-05,8.978018551761528e-08,6.182631901406451e-10,0.00010878580018319001,0.9565917565783145,1.81271924295113e-05,1.4611096983417196e-08,1.7294245511389822e-09,0.01441243155537415,1.2308888466649506e-09,3.404108324159511e-05,0.00039100442875163226,2.4289514365754763e-06,8.120238403279854e-08,0.0005750207305784773
15,6.126866755339089e-06,0.0004579727097112498,1.0728077760429341e-05,1.8324819971970948e-07,0.00020170781282705566,0.0002702621863340196,2.1913184016377817e-05,1.586083334310363e-06,0.012968846332178315,6.065165935811592e-06,5.805137038542966e-05,1.7157304595149503e-07,2.498421120799079e-10,9.462860730335759e-05,0.9730283552044138,2.276875278488339e-05,1.7379246094670668e-08,1.11027177981299e-09,0.011802046407155282,9.361724651899095e-10,2.841982401985009e-05,0.0003575466548013052,3.20841591293659e-06,4.2007101188844185e-08,0.0006593498404911166
16,7.295637841590524e-06,0.0006398788522227525,9.22281209949728e-06,3.017029772341363e-07,0.00020147462414609845,0.00039952830155841367,3.0671616156578137e-05,2.4074647347944606e-06,0.012136318732906002,1.3668458286265626e-05,6.900839472060872e-05,2.1160651658890684e-07,2.3257638190617146e-10,0.00012868131388552164,0.9681563064188551,4.197873886095044e-05,2.1540382493253645e-08,2.247888159413297e-09,0.016588115059041956,1.4835602751727621e-09,7.345488116839502e-05,0.0005908252723374066,4.812559208380298e-06,4.548170491911919e-08,0.0009057665663639581
17,1.1871235118459557e-05,0.0007344609077171012,1.9522668769809e-05,5.912236757787412e-07,0.0003841912287729435,0.0004707710285378314,3.977461731259273e-05,2.6355092451855684e-06,0.012477087771589145,1.0415005759513153e-05,9.483828296513748e-05,4.46928798868889e-07,5.474361973739169e-10,0.0003097717530446081,0.9686721343199831,4.121750328344954e-05,3.086089445777768e-08,3.254269339840403e-09,0.014628479302597095,2.1119970062972305e-09,6.0058548507286195e-05,0.0005989307085928185,9.689543082003649e-06,6.939555087450327e-08,0.0014330057424993656
18,1.9271880536829034e-05,0.000834908271060736,1.4707077709790126e-05,2.5957340401979077e-07,0.0001801462207061971,0.00015291549384363775,3.0103921102798913e-05,2.7402472200570767e-06,0.008650448496956929,7.918041702666336e-06,5.0155302517518065e-05,4.5263302667908946e-07,4.029029642188565e-10,0.00012141648005316534,0.9757182613746372,2.265920635397291e-05,7.304461244748736e-08,3.3075228008751338e-09,0.011544626773450707,1.1150376165308273e-09,4.5356906822966115e-05,0.0009012730875326634,5.462435563224998e-06,1.25001399240957e-07,0.001696713704323017
19,5.317659245117966e-06,0.0006140474958128781,2.6639641832466705e-05,2.9293161928402895e-07,0.00046966083290311226,0.0003595923122677352,2.2482713549099584e-05,2.576720011757705e-06,0.027941110099285772,1.004997692017247e-05,7.526447848915592e-05,2.9623017741912594e-07,5.311919288014113e-10,0.0001596135552879712,0.9539152342011503,2.1947119447846923e-05,2.1134542560098578e-08,1.274351065227032e-09,0.015146828126928325,1.5085249214283793e-09,3.2857885321523686e-05,0.00048049677804679617,2.3134927829257895e-06,5.3437942924853073e-08,0.000713299862366566
20,3.746840983197651e-06,0.0003832813575746167,6.482911703954239e-06,1.1839195516706318e-07,0.0001649483093903966,0.00015583115833528007,1.233758314479016e-05,1.907186696496413e-06,0.009931532804076335,5.618568943582493e-06,3.417314774841735e-05,1.3236369815671885e-07,1.4907680783756968e-10,5.8195809621235045e-05,0.9771049930171711,1.5372539257444272e-05,2.155786735360997e-08,7.840898972863308e-10,0.011069694899685031,6.373105173469963e-10,2.7757863912125714e-05,0.0005515605217678347,2.3776490981854023e-06,3.427433001096628e-08,0.0004698796725619908
21,1.3193834085296474e-05,0.00048807511340982746,1.9833517659597264e-05,3.3521307991186823e-07,0.0002746032072296236,0.0005754251874538707,4.7624988000464566e-05,1.7816896352129966e-06,0.01301658054913289,9.226876979897977e-06,9.110776639054389e-05,4.67414947185382e-07,5.370434682095548e-10,0.00022458764932711621,0.9704431566639034,6.237090918209849e-05,2.0453998371414718e-08,2.2653325041082178e-09,0.013344677887952565,2.121671057002395e-09,4.4950601596192447e-05,0.0004084597794528585,6.749145199177024e-06,5.572293165169636e-08,0.0009267109044051667
22,9.516306410729146e-06,0.0004121561184906369,1.415861687855869e-05,2.118772708829077e-07,0.00022046301700406296,0.00040120463539213583,2.858439211943814e-05,1.8967438336638348e-06,0.011217160329877936,5.856227503963242e-06,0.00010337654118444038,3.105122534517848e-07,2.4499396940654615e-10,0.00012324688664565837,0.973818175387961,3.3860247742974137e-05,2.5011850913337718e-08,2.1209843365237157e-09,0.01243244365374533,1.407402358913862e-09,4.6921000778202013e-05,0.0005016465004126978,4.539438206224618e-06,4.670145833382315e-08,0.000624196079598135
23,6.126866755339089e-06,0.0004579727097112498,1.0728077760429341e-05,1.8324819971970948e-07,0.00020170781282705566,0.0002702621863340196,2.1913184016377817e-05,1.586083334310363e-06,0.012968846332178315,6.065165935811592e-06,5.805137038542966e-05,1.7157304595149503e-07,2.498421120799079e-10,9.462860730335759e-05,0.9730283552044138,2.276875278488339e-05,1.7379246094670668e-08,1.11027177981299e-09,0.011802046407155282,9.361724651899095e-10,2.841982401985009e-05,0.0003575466548013052,3.20841591293659e-06,4.2007101188844185e-08,0.0006593498404911166
24,6.250691933393771e-06,0.0009814580921085505,1.7204671312600886e-05,4.798340815092685e-07,0.00045036263345368967,0.0004716714647079141,3.0740248778036576e-05,2.314110591200247e-06,0.017692098017181822,1.3695055154228036e-05,8.32363428694668e-05,2.4249494556792187e-07,5.730406837937596e-10,0.00024062272287333784,0.9613908733547313,2.997610141356967e-05,1.9940690340953625e-08,2.111449405856111e-09,0.017050222096512885,1.7409547647358962e-09,4.7409865881720375e-05,0.0005065755055072226,4.964361387412979e-06,5.5928911721207055e-08,0.0009795220395274959
25,1.2070258689520278e-05,0.0005429096282839661,2.1528133433701108e-05,4.768792625289201e-07,0.0002774464516257931,0.0002543628701224254,4.816086379915341e-05,4.658319503302707e-06,0.015684369043899568,6.066802503436246e-06,0.0001780518579585611,4.980076708376294e-07,5.432556154677827e-10,0.0001492735899139183,0.9621985536210723,2.5128803438053992e-05,4.208355163019906e-08,2.548310530710431e-09,0.01927939926817193,2.48284252905753e-09,5.4035022607339164e-05,0.0004770190576761006,5.431892880883326e-06,7.856561884918324e-08,0.0007804334039076664
26,1.9317823184358652e-05,0.0007283793238728631,2.454701391106863e-05,2.3583239072496378e-07,0.00021796349401405807,0.0001620852769209011,3.534753976118264e-05,3.1822873410944977e-06,0.01578428458236396,6.069439564210919e-06,8.112783521493482e-05,3.028989624610275e-07,6.223564043206212e-10,6.621593162807726e-05,0.97274349424737,1.6199072743812552e-05,6.861140243310094e-08,2.888331974085022e-09,0.008649026093502139,1.2797649064456892e-09,2.6331673159104165e-05,0.00046401178292319916,3.762388665679644e-06,2.3429108902341776e-07,0.0009678077695617953
27,4.05046375468773e-06,0.0002761754326910577,5.830297302645933e-06,8.17261044213013e-08,9.212292723863682e-05,0.00019764907059377195,1.3488660481565677e-05,1.147429004013369e-06,0.013779858380923566,4.371508905615233e-06,2.9525696075981224e-05,8.013463577963519e-08,1.0179773411637977e-10,4.1793338434152737e-05,0.9756122802950005,1.6976994867045707e-05,1.028539113235465e-08,5.532583698917692e-10,0.009047436474045975,5.990083116416193e-10,1.7378543162227193e-05,0.0003174308422635104,1.6797047360424387e-06,2.327320363168609e-08,0.0005406072671198845
28,6.126866755339089e-06,0.0004579727097112498,1.0728077760429341e-05,1.8324819971970948e-07,0.00020170781282705566,0.0002702621863340196,2.1913184016377817e-05,1.586083334310363e-06,0.012968846332178315,6.065165935811592e-06,5.805137038542966e-05,1.7157304595149503e-07,2.498421120799079e-10,9.462860730335759e-05,0.9730283552044138,2.276875278488339e-05,1.7379246094670668e-08,1.11027177981299e-09,0.011802046407155282,9.361724651899095e-10,2.841982401985009e-05,0.0003575466548013052,3.20841591293659e-06,4.2007101188844185e-08,0.0006593498404911166
29,6.126866755339089e-06,0.0004579727097112498,1.0728077760429341e-05,1.8324819971970948e-07,0.00020170781282705566,0.0002702621863340196,2.1913184016377817e-05,1.586083334310363e-06,0.012968846332178315,6.065165935811592e-06,5.805137038542966e-05,1.7157304595149503e-07,2.498421120799079e-10,9.462860730335759e-05,0.9730283552044138,2.276875278488339e-05,1.7379246094670668e-08,1.11027177981299e-09,0.011802046407155282,9.361724651899095e-10,2.841982401985009e-05,0.0003575466548013052,3.20841591293659e-06,4.2007101188844185e-08,0.0006593498404911166
30,6.126866755339089e-06,0.0004579727097112498,1.0728077760429341e-05,1.8324819971970948e-07,0.00020170781282705566,0.0002702621863340196,2.1913184016377817e-05,1.586083334310363e-06,0.012968846332178315,6.065165935811592e-06,5.805137038542966e-05,1.7157304595149503e-07,2.498421120799079e-10,9.462860730335759e-05,0.9730283552044138,2.276875278488339e-05,1.7379246094670668e-08,1.11027177981299e-09,0.011802046407155282,9.361724651899095e-10,2.841982401985009e-05,0.0003575466548013052,3.20841591293659e-06,4.2007101188844185e-08,0.0006593498404911166
31,1.2205711274357735e-05,0.00125151237053793,3.1969163320681264e-05,5.190018858011653e-07,0.0005569250854710172,0.00025068459257541695,3.404788657033933e-05,5.148739147601724e-06,0.021409857239411877,1.6775558580448305e-05,6.471745166333592e-05,3.633106428867817e-07,8.28841728369735e-10,0.00018839024436506698,0.9536229047374765,3.0252881683795994e-05,5.084734830812694e-08,2.707260398151303e-09,0.02035201333946709,1.939446315087328e-09,4.9958481401493537e-05,0.0006604157817794234,4.408060591906521e-06,1.634758323105001e-07,0.0014567105634239906
32,5.5447987604231865e-06,0.00040750740352983616,9.543330109411916e-06,1.5616192280710368e-07,0.00018001673720176523,0.0002493858959814877,1.985181665476462e-05,1.5351592968433313e-06,0.013229545020694592,5.718604571417049e-06,5.079530395386541e-05,1.5369492236157765e-07,2.11724146349123e-10,8.455698737010803e-05,0.971932088182171,2.2649092690779317e-05,1.5780639122775118e-08,9.178341490369431e-10,0.01281189292723667,8.609099549400661e-10,2.6975255822944783e-05,0.0003543680840824378,2.7416599473133425e-06,3.48318288738205e-08,0.0006049212801427707
33,1.0935988970846501e-05,0.0013852710616462413,7.731246029162806e-06,2.0358568642054432e-07,0.0004549414092860117,0.0003397211571013252,2.1709869034201305e-05,2.1340491150745815e-06,0.00392791386936002,9.000775329533127e-06,6.836399377874529e-05,4.1975610016047863e-07,6.859048012604073e-10,0.00022567803462989502,0.9760155420589048,2.7411000545396277e-05,7.008404742463452e-08,4.035759927974391e-09,0.01460825460860215,1.282472586954856e-09,3.569200679034305e-05,0.0024642571568268636,9.54423272071171e-06,7.943291255350795e-08,0.0003851186184445405
34,5.714381783877988e-06,0.00037731553206784267,1.0046810910559094e-05,1.331711604678055e-07,0.00015009049556210784,0.00024204346654846165,2.0568543738588097e-05,1.392717842823955e-06,0.01710967208276246,5.200806268873576e-06,4.858381500683981e-05,1.28921355206841e-07,2.0016134245128903e-10,7.110033855666254e-05,0.9688029842841919,2.018827902283035e-05,1.2461291740373893e-08,7.888414451905133e-10,0.012210043573994144,8.018033549595872e-10,2.2185052118337632e-05,0.000288108657607762,2.035309271107617e-06,3.33061525575101e-08,0.0006124162019788166
35,2.6649073822785594e-05,0.0011454415739850887,2.4710688627264534e-05,5.449324480903608e-07,0.00018924811149856552,0.00024048342972654522,4.5467045976870494e-05,1.2174051424018688e-05,0.06634810385968708,2.5234325956846705e-05,7.342723894171194e-05,4.302341732628954e-07,5.579337595135613e-10,7.577261653564562e-05,0.8894234204366914,2.4600862974832245e-05,7.060311945965628e-08,5.6566129715261335e-09,0.037711826366615624,3.3295004304757105e-09,6.554489037417135e-05,0.0011573971623759917,2.1022430475568026e-06,1.5376931623173658e-07,0.0034071869386335667
36,6.534944563974573e-06,0.000420466762842233,1.2493481471513583e-05,1.7140422304644743e-07,0.00022243781697919472,0.00018502072850626065,1.8154028265852267e-05,1.951529795374127e-06,0.013668514014190648,5.821326555334144e-06,4.3321775485298787e-05,2.2266843820992276e-07,2.6872226029461176e-10,9.206689959957251e-05,0.9699435933086241,2.1568407042527103e-05,2.4044118229361105e-08,8.646117856407996e-10,0.014196448009250568,8.415055633786836e-10,2.697602548787491e-05,0.00039867677628295994,2.592955131585147e-06,4.409622223937449e-08,0.0007328970220839196
37,4.1868298379941184e-05,0.0008640467096317116,3.107196156531658e-05,2.9925205696754226e-07,0.00026540274785224175,0.00032482525307595147,6.432888594512162e-05,2.199086039591013e-06,0.011200860569364032,5.149817813634361e-06,0.0001291693363102171,7.190753856578587e-07,6.799518116048067e-10,0.0002668138725382437,0.9694230183844246,3.5010047770272355e-05,4.5340898003593275e-08,4.3369998825350245e-09,0.01540622792674477,1.7604065097517818e-09,3.889755087019991e-05,0.0006792057047090979,5.973040065901849e-06,1.1657045572162399e-07,0.0012147437907444947
38,5.379970447827548e-06,0.00013698088215704458,3.100338005947364e-06,4.136077760614933e-08,4.885258228375196e-05,0.0003969102670989395,2.323633221793149e-05,3.616956041592981e-07,0.004785851951204144,1.9721652765040716e-06,5.04347627222416e-05,7.859421010907993e-08,6.29669335879918e-11,4.6949617143401934e-05,0.9880736594418315,3.565831093166867e-05,4.780506653689008e-09,5.766117125136551e-10,0.005952049860283599,4.908659258052801e-10,1.5517953217925332e-05,0.00019317213189912977,3.4096228699963765e-06,1.2253394554175694e-08,0.00022636399547068168
39,5.952823465195409e-06,0.00018167986944690208,1.2275485646499583e-05,2.3036210060446031e-07,0.00025796253019075846,0.00040725508478785065,1.85062269012468e-05,2.637802761734821e-06,0.014313707157493628,7.192321107621804e-06,5.8903593703394825e-05,3.0344790268107886e-07,1.219477669650035e-10,0.00010109004196945152,0.9623996349706173,6.0129604841851246e-05,1.672830650316533e-08,9.380210670028015e-10,0.021009213946947308,1.2607164296233075e-09,6.668170458955224e-05,0.00031062222467357893,3.794324364412339e-06,2.425985603233485e-08,0.0007821831676404764
40,1.12582800908659e-05,0.0004118938483801634,1.0152970043174837e-05,7.522560069665009e-08,0.00012452108406753437,0.00028838833800412555,2.006590415938104e-05,8.883549609250015e-07,0.009434716034003674,2.7316492979394347e-06,5.9624439660081166e-05,2.655536143291552e-07,1.422247297571845e-10,0.00012599890091118015,0.9769573283044212,1.9037089211984975e-05,1.5380708529761484e-08,1.3034817317936078e-09,0.011168186833640525,7.165257879056826e-10,2.3896010367654685e-05,0.0008096611148192965,2.275490254226962e-06,2.204947748933235e-08,0.0005289949820729288
41,8.201654618982537e-06,0.0005163998361932706,1.0137338272096025e-05,2.1531426051786764e-07,0.00019548045223882158,0.0002783474140015422,2.6186582191709667e-05,1.833729917487456e-06,0.010445582229552462,6.173755126387088e-06,7.269425970363996e-05,2.3722157618438491e-07,2.8856010067846177e-10,0.00010648366841860411,0.9744260094968257,2.4819211941183398e-05,2.4592109544670022e-08,1.6616251781425755e-09,0.012650698983265471,1.1207548862959896e-09,3.421190930152547e-05,0.00046774743491536237,4.540949787817608e-06,4.9218499472680405e-08,0.0007239216763419542
42,2.214408943985428e-05,0.0026413117200512048,8.586697851604825e-05,1.7702324674867563e-06,0.0012690573726483409,0.0013006312326193236,9.97974085307874e-05,1.476148914412552e-06,0.033985588894898035,1.49111324231524e-05,0.00034178578232648045,6.560168683594594e-07,5.544601108695393e-09,0.0008624375958423964,0.9491915557661063,2.0358483168570648e-05,2.4393142290638466e-08,1.0668249194759321e-08,0.007117270697227373,2.8324473068700452e-09,3.451667293928295e-05,0.00020947151959982874,1.1879533378520204e-05,3.1472819981403656e-07,0.002787154555394746
43,1.7589562568496032e-06,0.00023812682683175946,3.0566622252719467e-06,1.1028737269874923e-07,0.00019883049724777493,0.00034694233240520155,7.769042319908294e-06,1.8191997056932412e-06,0.010729533891207232,1.2895189675510385e-05,2.4095220913510618e-05,6.298504337673469e-08,6.248615266386383e-11,3.815206485216937e-05,0.9727483033595522,3.5266968724211956e-05,1.136976133963787e-08,5.64479098645027e-10,0.014790777239931462,5.045656078759348e-10,4.800467422507358e-05,0.00040798405201616445,2.4255911427660985e-06,1.824781041540555e-08,0.0003640542092487374
44,6.126866755339089e-06,0.0004579727097112498,1.0728077760429341e-05,1.8324819971970948e-07,0.00020170781282705566,0.0002702621863340196,2.1913184016377817e-05,1.586083334310363e-06,0.012968846332178315,6.065165935811592e-06,5.805137038542966e-05,1.7157304595149503e-07,2.498421120799079e-10,9.462860730335759e-05,0.9730283552044138,2.276875278488339e-05,1.7379246094670668e-08,1.11027177981299e-09,0.011802046407155282,9.361724651899095e-10,2.841982401985009e-05,0.0003575466548013052,3.20841591293659e-06,4.2007101188844185e-08,0.0006593498404911166
45,8.031522042428166e-06,0.0006566136459891686,1.192147337012449e-05,2.7850273674857425e-07,0.00022673581657871092,0.000364957427181953,2.586753694046791e-05,1.689824656879517e-06,0.01272354782968478,8.01433731863765e-06,7.59775246221992e-05,2.2746419676077376e-07,2.8336057322737327e-10,0.00013710151233821164,0.9716350882338941,2.6178960020057312e-05,2.1197883982810275e-08,2.080434611067398e-09,0.01256280137020074,1.211717088962864e-09,4.401042543684149e-05,0.0004678491125851295,4.601845930091845e-06,4.835814721039137e-08,0.0010184325027325304
46,8.135681597090574e-06,0.0004821855816542176,1.1167918664406345e-05,1.9455727391650524e-07,0.0002061390277189374,0.0001854597786687344,1.991623577522965e-05,2.194589758913647e-06,0.01043552529126594,5.632074938709284e-06,5.798244662237047e-05,2.3813675159416805e-07,2.919557452203702e-10,7.879821294684649e-05,0.9756517956204317,1.9983664938900865e-05,3.61408158270552e-08,1.3720279028608894e-09,0.011631256694550863,9.567773174076982e-10,3.14347494960757e-05,0.00045864008449164574,3.651026529872173e-06,6.364213111304865e-08,0.0007095662222160843
47,8.558872156186825e-06,0.0004435907700100868,1.0102053980559664e-05,1.45249034714761e-07,0.0001599377689210482,0.0002508945802466828,2.2088838735662797e-05,1.5303060499033598e-06,0.011020778445576685,5.273361602945618e-06,5.5964150376928806e-05,2.183923807322877e-07,2.2941656814013034e-10,8.641423397025462e-05,0.9751698665698738,2.3967279635962473e-05,2.15465216152854e-08,1.2992198439263984e-09,0.011568137460707336,9.406479753734839e-10,2.8356890762384932e-05,0.0004663215118640763,3.1469031143572725e-06,4.254036771208345e-08,0.0006746398048260875
48,5.775495004105163e-06,0.0006842770971531443,4.618395093625255e-06,1.2943171086915128e-07,0.00013845204954469642,8.310761184652747e-05,1.7426039827801893e-05,2.8081699319618618e-06,0.006761227475305806,7.4139646778213265e-06,2.544707623571661e-05,1.1638992412784898e-07,2.5817180551481475e-10,5.245912971878542e-05,0.9723387610482498,1.7640305871286836e-05,4.5665725140305014e-08,8.166361621451284e-10,0.018628043365800383,6.772702767100454e-10,2.3978330519879515e-05,0.0007207217591191847,3.102365836518664e-06,5.852547849621571e-08,0.00048438855534600387
49,6.7143087218802544e-06,0.00038378212362342784,1.4337199870779607e-05,1.8201328626350516e-07,0.00027920970665612477,0.0004250229839373503,2.0164081190262882e-05,1.587468928853927e-06,0.013092712251550577,5.4549856671227114e-06,8.099689327282174e-05,3.442472141432837e-07,2.877739478421746e-10,0.00013783160835385163,0.9725878292643239,2.668784783032811e-05,1.989336708868707e-08,1.4776883442822755e-09,0.011804614611916904,1.2481721464877635e-09,3.311419472548846e-05,0.0005458459245249362,3.591926131392214e-06,3.319493717517905e-08,0.0005499202563350233
50,6.048320651959357e-06,0.0004658711161911713,1.0689647693703562e-05,1.8456047930953535e-07,0.00020154182956685953,0.000276025103912285,2.281817253281725e-05,1.6105366765198412e-06,0.01353711172408703,6.508301791073377e-06,5.5371490942284204e-05,1.6346213023614422e-07,2.5067136473383195e-10,9.73511631707165e-05,0.9717344530634309,2.4111789794625855e-05,1.642867332336605e-08,1.0729865930209733e-09,0.012500666548260535,9.52685749545072e-10,2.8247290571051397e-05,0.00036250980402639387,3.153359760692864e-06,4.0962073824067065e-08,0.0006655030472389165
51,8.82115643768163e-06,0.0009544241657886993,1.815338581562065e-05,4.4709812351803386e-07,0.0003108550305797173,0.0004136314285068372,4.400950856140047e-05,3.0179996455924187e-06,0.019501054369489526,1.1828605274938395e-05,0.00012059502178326273,2.994573974886533e-07,5.204557157695611e-10,0.00020522057701880038,0.9603607273667902,2.2741128804366734e-05,2.421838028299954e-08,3.2847816259368606e-09,0.016367696862409766,1.9244399983342026e-09,5.612679699893597e-05,0.0006909088964313141,4.497903283747527e-06,6.721912264331223e-08,0.0009048460736780974
52,7.660678190708586e-06,0.00044315192263052474,9.306256874489108e-06,1.6316205865954174e-07,0.0001511821440376682,0.0006710730459036152,3.0834534346300405e-05,1.0097200287830757e-06,0.01352474292567119,5.90067128818748e-06,9.954254709420948e-05,1.655194298224814e-07,2.707763493103993e-10,0.00010080342348555458,0.976477955333781,2.672758635629762e-05,1.1799521116338822e-08,2.365897506741772e-09,0.007486373971930725,1.3413891126847032e-09,2.686686556403286e-05,0.00040449528721017193,4.358407112547367e-06,3.85440647454511e-08,0.000527631675356655
53,4.854389752754453e-06,0.0002420150740928004,5.528751529262144e-06,9.058715846237833e-08,4.3931166628892755e-05,0.00024988317339312907,3.684922186941357e-05,6.432855748993523e-07,0.009547462346736174,2.789475404172317e-06,5.950625559475417e-05,5.9038521063329616e-08,1.2811234090431127e-10,4.33443837897238e-05,0.9839753202518827,2.2718010204539577e-05,6.416806092739383e-09,6.950192677137826e-10,0.0051627047458035775,9.510204098533902e-10,1.341368847298084e-05,0.00016253707567127164,3.43366689355758e-06,2.6975044902617912e-08,0.00042288024502294957
54,7.0034801933312504e-06,0.0005415316222021893,8.088848712012161e-06,1.3145684970920967e-07,7.63832008230348e-05,0.00030893905733477196,3.5639328073834947e-05,6.292829641642595e-07,0.012260394030409459,7.200225175880328e-06,2.623224024705969e-05,1.0354631627890497e-07,1.899664977089953e-10,0.0001357607117317199,0.9753581540957029,3.921557375732018e-05,5.830360896361117e-09,6.949034413432501e-10,0.009689706357894626,9.710337684666842e-10,1.8665523868465475e-05,0.0003048778649399218,2.8825054753389224e-06,2.1379458646630996e-08,0.0011784319816045537
55,1.8540064191770472e-05,0.0008401290917471907,3.461605381296042e-05,3.249153974182814e-07,0.00021943831437080147,0.00029951543186217035,4.059246086593469e-05,2.701043346093596e-06,0.042169032258760605,7.647111547904373e-06,0.00011040772515573365,5.191077999671912e-07,9.191886751087801e-10,0.00011794437286053326,0.9404546038594088,1.629789318732236e-05,3.096226020735125e-08,2.9877312322158827e-09,0.0135430696610014,2.174310923347178e-09,2.641680531928632e-05,0.0004186210222075221,2.1065076547638023e-06,1.0264153573516658e-07,0.0016773366144750524
56,6.38157818817713e-06,0.0005086524452170005,1.189235811685771e-05,1.9645503811594843e-07,0.0002138728433550324,0.0002762314510520993,2.3516013328427917e-05,1.673374559861077e-06,0.014028132413416206,6.35752714340813e-06,6.270432298034192e-05,1.8112294002339224e-07,3.139610819851524e-10,9.930398777538405e-05,0.9719312744201316,2.2124958949114547e-05,1.8781061339106756e-08,1.2179544362673223e-09,0.011760244480457975,1.0604381806263766e-09,2.759712583731141e-05,0.00036713392314094233,3.2230387352117776e-06,4.7690291905022175e-08,0.0006492370959298234
57,5.517372094617436e-06,0.00036633771316496523,1.917017546517386e-05,1.6806943100974098e-07,0.00041829067337403734,0.00018943034316606184,1.1145088844684575e-05,3.4093772160499765e-06,0.02101412685320843,8.760851145850514e-06,3.7668610537582194e-05,4.294990438047258e-07,2.8635965256376723e-10,9.944353476645887e-05,0.9506856549044748,2.686000527554413e-05,3.8707626953824073e-08,7.535727774694823e-10,0.025734451952949083,9.408001486000563e-10,4.1106191708073375e-05,0.0006433605531248087,1.5664415132237108e-06,3.786728613149422e-08,0.0006930232338500515
58,6.676430415850702e-06,0.0005091434800581287,1.1658558751586919e-05,1.8298477941746129e-07,0.00020450028921856987,0.00022104074433541187,2.2660641856489423e-05,1.765502728845354e-06,0.012219303784931738,6.0131698885453345e-06,5.774332703029892e-05,1.755332503992664e-07,2.911313697760522e-10,8.528906188470448e-05,0.9748333169466941,2.0301549870210285e-05,2.277034248973507e-08,1.2170358536467567e-09,0.010739870487450488,9.229178699721232e-10,2.7696921861922285e-05,0.0003714069310261988,3.3318319049712064e-06,5.8719469719319594e-08,0.0006578379011648397
59,7.463996914407865e-06,0.0005142137159313418,1.455514922375933e-05,1.9781426923042957e-07,0.00021968383398774405,0.00022184931467626346,2.4619878142319686e-05,1.91055264371725e-06,0.012959369587573148,6.165468066658205e-06,6.181994591565842e-05,1.944164297177351e-07,3.155342802767164e-10,8.694333424905915e-05,0.9746458202125388,2.1197329891507775e-05,2.5004908674298513e-08,1.3828828768855849e-09,0.010103650884699653,1.0041910483494584e-09,2.95569418964447e-05,0.0003585676655095097,3.382828075438637e-06,7.296411327313243e-08,0.0007187364577356956
60,6.126866755339089e-06,0.0004579727097112498,1.0728077760429341e-05,1.8324819971970948e-07,0.00020170781282705566,0.0002702621863340196,2.1913184016377817e-05,1.586083334310363e-06,0.012968846332178315,6.065165935811592e-06,5.805137038542966e-05,1.7157304595149503e-07,2.498421120799079e-10,9.462860730335759e-05,0.9730283552044138,2.276875278488339e-05,1.7379246094670668e-08,1.11027177981299e-09,0.011802046407155282,9.361724651899095e-10,2.841982401985009e-05,0.0003575466548013052,3.20841591293659e-06,4.2007101188844185e-08,0.0006593498404911166
61,6.873744088925124e-06,0.0004975751051821817,1.4974438068888553e-05,1.8817309709681066e-07,0.0002269090226551534,0.000231426445573141,2.2751037803026212e-05,1.7523470268420059e-06,0.013795050060731706,5.741889032253238e-06,6.3509486245364e-05,2.015972872641081e-07,3.0520057321145645e-10,9.271881658211278e-05,0.9732820819361586,2.0561569037082816e-05,2.2267783810576677e-08,1.2180085605608934e-09,0.010665857835466482,9.869402614981565e-10,2.8407716379602785e-05,0.0003503566369192905,3.002371779351462e-06,5.9591940569823035e-08,0.0006899754010119603
62,6.126866755339089e-06,0.0004579727097112498,1.0728077760429341e-05,1.8324819971970948e-07,0.00020170781282705566,0.0002702621863340196,2.1913184016377817e-05,1.586083334310363e-06,0.012968846332178315,6.065165935811592e-06,5.805137038542966e-05,1.7157304595149503e-07,2.498421120799079e-10,9.462860730335759e-05,0.9730283552044138,2.276875278488339e-05,1.7379246094670668e-08,1.11027177981299e-09,0.011802046407155282,9.361724651899095e-10,2.841982401985009e-05,0.0003575466548013052,3.20841591293659e-06,4.2007101188844185e-08,0.0006593498404911166
63,6.148146344262042e-06,0.0005247695136515059,1.0176668851391633e-05,1.7145968939492094e-07,0.00017770327490219628,0.0002455959186856555,2.215906803254581e-05,1.5342049232370087e-06,0.013118976168952676,5.949554449950071e-06,5.764902700671554e-05,1.5183422377801765e-07,2.641442938003979e-10,8.480966893241541e-05,0.9736858891106791,1.9723624894840596e-05,1.768314310998404e-08,1.1433006355474908e-09,0.010996574215503098,9.40909864462145e-10,2.5984499246544493e-05,0.0003654427737616153,2.9504388807062423e-06,4.5516253690816785e-08,0.000647575280636647
64,5.566363406317241e-06,0.00039878107144774547,9.09034369826324e-06,1.7663187046963e-07,0.0001913778083112851,0.00024522711920255716,1.8694711174884795e-05,1.6746139732452503e-06,0.010858680667008822,5.940039583517423e-06,5.831269596825036e-05,1.7367274105188816e-07,1.7938918598767167e-10,8.15119150088243e-05,0.9749435562119433,2.3120963941310957e-05,1.866303672446005e-08,1.1192653636450677e-09,0.012121369382382983,8.080821373768525e-10,3.9816629517114394e-05,0.00034458936992638566,3.216676319957008e-06,3.9248394842905344e-08,0.0006490630944053173
65,8.005368329303202e-06,0.0003499876576598543,1.5825374660568075e-05,6.505224117438853e-07,0.001445042016490754,0.0028084651026376644,1.8005448077978297e-05,1.5989264717113987e-06,0.0066052952830326205,1.5740888591686494e-05,0.0001536453204230992,1.4339569081516125e-06,2.7763007579210265e-10,0.0008018251423344694,0.9633266314416817,0.00012708478013801887,2.374465393840641e-08,5.525492167619841e-09,0.022246660163510387,1.6724889016588323e-09,0.0002083701966900342,0.0008437954609644366,1.6797053145148342e-05,2.028724597963284e-08,0.0010050883883294458
66,6.135097004980192e-06,0.00045029968900304335,2.5713220811150566e-05,3.5016753717566286e-07,0.000410234436827741,0.000863045692727429,4.388665122776622e-05,3.4582681467159523e-06,0.07138983645693095,2.840977004294032e-05,5.12419591402037e-05,2.6362271065613275e-07,5.959989082312188e-10,0.0002331159864548465,0.8658339959070548,0.00010907014833876916,8.113508746791579e-09,7.663815598328811e-10,0.05924946786892499,3.296058685702111e-09,3.637850435094506e-05,0.0004066075511992919,1.760162561295529e-06,2.1067625650289594e-08,0.0008566949994309044
67,6.322001277161847e-06,0.00023531004197467384,9.287019683047226e-06,1.837835324115189e-07,0.00012819708917240116,0.0007360881990592999,3.327887545798641e-05,3.243465130005757e-07,0.0031090076127386194,2.4632015348385785e-06,8.747220349410414e-05,2.656220780719724e-07,2.210223730214228e-10,0.00024934660521005824,0.9904640814260179,6.0817593218001974e-05,8.651001698296474e-09,1.4773331797153508e-09,0.003986486188200444,1.5378945004227552e-09,2.4963392596404393e-05,0.0002101991000770359,1.5510658390007568e-05,1.9594933073025053e-08,0.0006403635575897652
68,1.3931848807995246e-05,0.00037034507186493165,3.8324396768129715e-06,1.6437257739149605e-07,6.012358933983744e-05,0.0006471855182270091,2.3846961532457373e-05,6.258665312987071e-07,0.0031050731608378897,2.813315653907434e-06,0.0001835118754252917,3.180068297393863e-07,1.319498955351648e-10,5.669588690149217e-05,0.9912314699417507,2.1979310311554722e-05,3.0668207047218934e-08,8.091539690206464e-09,0.002828181303767418,1.3146840206508565e-09,5.164780162774975e-05,0.000514504719678132,1.5682887500603675e-05,4.720732782820292e-08,0.0008679787074494024
69,6.681848592296794e-06,0.000491377239650297,1.4928606752914959e-05,2.4437162518397013e-07,0.0001729568928171965,0.00019773601897373548,2.5961071257894558e-05,2.0971372926088087e-06,0.016466876869550322,7.424985954673379e-06,5.005343809293916e-05,1.5951176354181648e-07,2.917179478400013e-10,7.830793082295588e-05,0.9690802384285229,2.5958640321292145e-05,2.1041009187087402e-08,1.0714700649527297e-09,0.012018034541345571,1.2797943040494245e-09,3.072107034495455e-05,0.00026224756399730975,2.9755581484287017e-06,6.318489169981952e-08,0.001064931405289784
70,5.5331565635047155e-06,0.0004513141311984796,9.010311911608685e-06,1.6768596463400176e-07,0.00018762554355235755,0.00023060968885766056,2.0063753425786194e-05,1.7160530298502355e-06,0.012563073296758188,6.032938570687736e-06,5.453596289547297e-05,1.4498094313357905e-07,2.2963995608938666e-10,7.401086921161629e-05,0.973416488079492,2.0152029003087817e-05,1.8243045749864823e-08,1.0155482051514682e-09,0.011995147242604852,8.353756588708878e-10,2.7102487751896874e-05,0.0003456976502255739,2.949847031116387e-06,4.380971690153438e-08,0.0005885601576822718
