,0,1,2,3,4,5,6,7,8,9,10,11,12,13,14,15,16,17,18,19,20,21,22,23,24
0,5.611513530379809e-06,8.061338787315712e-06,3.703301831412571e-05,4.065353774613452e-08,1.0163973382375883e-05,5.915328565459974e-05,0.0003602679451078533,2.0632761938492705e-06,0.060186854885285954,1.2828800441812677e-08,1.629819675027715e-05,1.5029242048619198e-05,3.548243280061918e-09,6.665053139528022e-08,0.9379705316190586,4.776349371473347e-05,4.8205194327815524e-08,5.083186490537881e-06,0.00047613920891228405,2.9584931775973826e-10,1.5197995272731392e-05,0.0005949204133574519,1.430348232217424e-09,9.38387983774574e-08,0.00018955995683520734
1,9.45053008541434e-06,1.187405739467843e-05,7.635933511541948e-05,6.957194518147712e-08,1.0088974437666122e-05,7.686278843375009e-05,0.0006124015897578466,2.679195271841513e-06,0.07921672269918362,3.011008433014264e-08,1.4024738539475103e-05,2.171321721681238e-05,4.130140559266348e-09,7.92792591723693e-08,0.9184390658742665,6.67500566008533e-05,4.009351787871976e-08,7.767669279673278e-06,0.0005330976586967819,3.699202022425174e-10,1.9601559144091956e-05,0.0006033813568292477,1.979481739783856e-09,1.3239158333775103e-07,0.0002778007738140279
2,6.402065258412263e-06,9.66129406256391e-06,3.8548738374652684e-05,4.563650107473581e-08,1.1726589532736052e-05,4.332569333229371e-05,0.0004761233672754038,1.689787245695662e-06,0.04855433233846849,1.7092712442610628e-08,1.3171830903326674e-05,1.6359114012880815e-05,2.7502948271071077e-09,8.770264150292324e-08,0.9497001202516667,3.454378631330714e-05,3.700277664280805e-08,5.279414484227561e-06,0.00026932563483157273,3.0732185776155625e-10,1.187802913892116e-05,0.0004930461735588976,2.0060188451428774e-09,6.855099758175244e-08,0.00031420484227515235
3,8.272352037232191e-06,1.2071390711558879e-05,5.868521350480406e-05,7.83485776469226e-08,1.1011585883624629e-05,6.522309011395354e-05,0.0005978089460369502,2.3932194105800805e-06,0.06484990595720826,2.5292512201941754e-08,1.8505889514835504e-05,2.4118972907131938e-05,3.6879361758639658e-09,1.1178527192669151e-07,0.9327688505136846,4.713414030842e-05,5.0101277124748556e-08,7.958953465215319e-06,0.00041947560720310685,3.5383803148486737e-10,1.9603294893665637e-05,0.0007489174796997515,2.788190087322364e-09,1.1984728017479823e-07,0.0003396711885328356
4,8.648950774422311e-06,1.251078987388871e-05,5.861622056891032e-05,8.584508859944524e-08,1.1847053294211623e-05,6.616995901594455e-05,0.0006117971298559437,2.399295505292013e-06,0.0674936450713174,2.5889129748081535e-08,1.9384353056233367e-05,2.7269350459326763e-05,4.5878155021963715e-09,1.207016594799446e-07,0.9299811551863101,4.78894948014268e-05,6.013786084169837e-08,8.44206882437477e-06,0.00043290708919834994,4.047808607865681e-10,2.1570523882220294e-05,0.0008281079718891795,3.150355163355594e-09,1.323290464754373e-07,0.0003672064456361596
5,1.0999241250738797e-05,1.4417388528986056e-05,7.094818595171204e-05,1.2963852592986603e-07,1.1236093989683633e-05,7.943863779789602e-05,0.0006778218046102369,2.7902744474113102e-06,0.07637145037853318,3.5183895336474536e-08,2.22653101228859e-05,3.4037029472474746e-05,5.0519286409931686e-09,1.6225305482480919e-07,0.9206526080709014,5.463470895443513e-05,7.11224245931385e-08,1.3295679423470359e-05,0.0004532906562172385,4.640483033163689e-10,2.6407974817417908e-05,0.0010539336064228813,3.8860597401852084e-09,1.7003838798483537e-07,0.0004498473202326351
6,8.272352037232191e-06,1.2071390711558879e-05,5.868521350480406e-05,7.83485776469226e-08,1.1011585883624629e-05,6.522309011395354e-05,0.0005978089460369502,2.3932194105800805e-06,0.06484990595720826,2.5292512201941754e-08,1.8505889514835504e-05,2.4118972907131938e-05,3.6879361758639658e-09,1.1178527192669151e-07,0.9327688505136846,4.713414030842e-05,5.0101277124748556e-08,7.958953465215319e-06,0.00041947560720310685,3.5383803148486737e-10,1.9603294893665637e-05,0.0007489174796997515,2.788190087322364e-09,1.1984728017479823e-07,0.0003396711885328356
7,2.611859340751384e-05,2.0572302601564332e-05,0.00018998234358766158,1.0635779005725833e-07,1.5619635045444762e-05,0.00013465407449019396,0.0009307377159081968,3.7518842082341033e-06,0.09937776062955275,5.53957292669824e-08,2.694579620201234e-05,2.860486667201779e-05,6.149438902200465e-09,1.1020396372143054e-07,0.8971126274673442,5.55778015699038e-05,5.177461438906548e-08,1.3207087979814061e-05,0.0009781138783960864,5.131325844409015e-10,2.0009801145648432e-05,0.0006403341159835923,5.4471092099198146e-09,3.54952350350088e-07,0.00042469121177648626
8,1.6791348045511993e-05,2.7556015692567243e-05,0.0001409262875280161,1.5512448207026017e-07,1.778320452444643e-05,0.00010067762914738125,0.0012214468788172503,3.113790277730626e-06,0.07607196936699091,6.54507890606809e-08,2.390458950896677e-05,3.555887535813416e-05,4.798997829147816e-09,1.742798885613681e-07,0.9204837680653722,5.495098330261221e-05,5.063907782550198e-08,9.397931170910026e-06,0.0005623697255782874,6.008608856827961e-10,2.3888382492649633e-05,0.0006269076854471813,7.2785023030488764e-09,2.2915229153920427e-07,0.0005783019158550418
9,1.1741126492989956e-05,2.0478577977049873e-05,0.00014303660404921966,1.9280724430145884e-07,1.2587327239325037e-05,9.52628601750376e-05,0.0011845084653153914,3.124132534149453e-06,0.08835810525331575,6.284131392350322e-08,1.8680681196552346e-05,4.442350724191645e-05,6.0637211988756765e-09,1.4587046897044647e-07,0.9082311006020882,7.213055727435133e-05,5.338134590621919e-08,1.0328119991909861e-05,0.0004642363610123526,6.498041835376086e-10,3.85163516472437e-05,0.0007692090173137335,5.275265495635498e-09,2.2151189834303265e-07,0.0005218420540725228
10,8.272352037232191e-06,1.2071390711558879e-05,5.868521350480406e-05,7.83485776469226e-08,1.1011585883624629e-05,6.522309011395354e-05,0.0005978089460369502,2.3932194105800805e-06,0.06484990595720826,2.5292512201941754e-08,1.8505889514835504e-05,2.4118972907131938e-05,3.6879361758639658e-09,1.1178527192669151e-07,0.9327688505136846,4.713414030842e-05,5.0101277124748556e-08,7.958953465215319e-06,0.00041947560720310685,3.5383803148486737e-10,1.9603294893665637e-05,0.0007489174796997515,2.788190087322364e-09,1.1984728017479823e-07,0.0003396711885328356
11,8.730495139394594e-06,1.2464362270576806e-05,6.070715501483585e-05,8.26034508240276e-08,1.176032269683907e-05,6.708398285674758e-05,0.0006173875786719293,2.484378183160307e-06,0.06713289549379545,2.6312017964238636e-08,1.9300601356591264e-05,2.611055576035625e-05,4.369164536937877e-09,1.1601759575163397e-07,0.9303921683398679,4.9155222784273444e-05,5.541028123601193e-08,8.253366836099671e-06,0.00044287490613321404,3.9635877104426586e-10,2.0650505555606825e-05,0.000777930699929133,3.019275273628708e-09,1.322381361485373e-07,0.0003496216668675492
12,1.5786758119576652e-05,3.4102415300286856e-05,4.031735071450474e-05,1.600265730142522e-07,3.688470050547672e-05,0.00014667828469001822,0.0005195017283430037,1.1326159271056646e-06,0.07992160770693374,6.719485178862746e-08,1.4618547702642057e-05,1.8775923747216376e-05,6.3716157675249296e-09,6.343197047404911e-07,0.9159236970202991,3.808144152160927e-05,3.0295661811259214e-07,2.517098046784866e-05,0.00023088733773458256,1.156712299858052e-09,3.762705048176643e-05,0.0010486066857372457,9.569931895520568e-09,9.373371338303594e-08,0.0019452481220534241
13,2.9686824522619724e-06,7.0742143875790925e-06,2.909019151421349e-05,7.20692015659601e-08,8.319385033032726e-06,2.7998275237028368e-05,0.0005627524038369998,2.7549679633190327e-06,0.03249182467386971,9.390746751087922e-09,4.644127475596815e-05,3.227649426001842e-05,2.041789258715441e-09,1.3426353733102252e-07,0.9650722311552136,2.3417904751232622e-05,4.3561218100286437e-08,4.394359186757165e-06,0.00026403717620567636,1.8826765017519092e-10,1.6412275280276108e-05,0.0011933459647685953,3.551218690228984e-09,8.128274142062488e-08,0.00021431425256303243
14,1.0413077644065123e-05,2.381192578590461e-05,5.2826422159379054e-05,9.999788759456274e-08,1.703393700708022e-05,7.134170301465304e-05,0.0007992552299598547,3.0188081496387933e-06,0.06831478406086608,3.7181232272103116e-08,2.681062357224671e-05,2.7950042118251573e-05,3.5230701434445163e-09,1.9846387293448553e-07,0.9288812077090807,5.4129816757354386e-05,5.209584608029806e-08,8.025024567899495e-06,0.0005743555778432166,4.813409638603198e-10,1.7871042886999184e-05,0.0007512164117530801,4.037978874190817e-09,1.4817893281935015e-07,0.00036540462667195223
15,8.272352037232191e-06,1.2071390711558879e-05,5.868521350480406e-05,7.83485776469226e-08,1.1011585883624629e-05,6.522309011395354e-05,0.0005978089460369502,2.3932194105800805e-06,0.06484990595720826,2.5292512201941754e-08,1.8505889514835504e-05,2.4118972907131938e-05,3.6879361758639658e-09,1.1178527192669151e-07,0.9327688505136846,4.713414030842e-05,5.0101277124748556e-08,7.958953465215319e-06,0.00041947560720310685,3.5383803148486737e-10,1.9603294893665637e-05,0.0007489174796997515,2.788190087322364e-09,1.1984728017479823e-07,0.0003396711885328356
16,8.344651999319775e-06,1.203684984592211e-05,5.901151598668039e-05,7.775190808227213e-08,1.106245004468688e-05,6.593719582014786e-05,0.0005931644567944745,2.3747863599664204e-06,0.06510004104130819,2.5021772690449997e-08,1.8607360024310003e-05,2.3681153086068205e-05,3.668074778119541e-09,1.1056934979063021e-07,0.9325343474265725,4.6883633465646046e-05,4.9938784380117575e-08,7.962024655565725e-06,0.0004201113907748994,3.509511799823101e-10,1.927602612228495e-05,0.0007387717589737896,2.7683009067179113e-09,1.204834761659344e-07,0.0003379957255474666
17,5.7624802357713496e-06,1.1918574979873016e-05,3.5176193455797493e-05,1.0343420113289092e-07,1.1780051574155803e-05,4.6082375772363824e-05,0.0005702803712331433,2.1987181685226406e-06,0.04747157927012603,2.4750335402536838e-08,2.3042853692823607e-05,3.6091554317494714e-05,4.704609152501569e-09,2.007903300725945e-07,0.9495021251887314,3.87006198264401e-05,9.838768206755256e-08,8.93704630059267e-06,0.0003006987745547548,4.651507586670122e-10,2.675406775656121e-05,0.001413866694922903,4.883566841885941e-09,9.728785536135797e-08,0.0004944704606205199
18,8.566629882057773e-06,1.1450635520589562e-05,4.273095467899544e-05,8.076821417129315e-08,1.3497523212416206e-05,5.4090125150138895e-05,0.0005533973559345384,1.542839800743206e-06,0.05971924520383705,2.9342140250081902e-08,1.2789589806150465e-05,2.799987012242824e-05,5.130268750931779e-09,1.6887321610091537e-07,0.9375691290784598,3.619056627963864e-05,8.636401991178625e-08,1.1692224809636028e-05,0.00024203967601557242,4.872128778435612e-10,2.4953156547792914e-05,0.0009661423105230981,3.9936911723916485e-09,8.566466651867914e-08,0.0007040816359897081
19,6.100835619695817e-06,1.1662707929069926e-05,6.346288669552807e-05,9.470962544249862e-08,8.377091263232087e-06,3.828868721444822e-05,0.00089616370778133,2.7345077106142527e-06,0.06421374448323093,2.629610927193193e-08,1.4435848381607665e-05,4.118499768662182e-05,3.700613871705776e-09,1.0008911231981823e-07,0.9331162966378326,4.924805243996736e-05,3.457562938466136e-08,5.981673620664842e-06,0.0003230046901381382,3.0932284265434143e-10,2.252862519159947e-05,0.0008566384569397425,2.5477357389218724e-09,9.199824636535054e-08,0.0003297918839290612
20,6.988797476553739e-05,8.004971299978381e-05,0.00020476233089267151,2.1109505182099793e-07,7.772514567419133e-05,0.00046468172440380993,0.0013791449161021394,1.556543144744776e-06,0.27070900155389827,1.3472273339155397e-07,2.945553699214269e-05,3.111441672903262e-05,1.6967947524080768e-08,3.165980497386569e-07,0.7235780589055674,8.620978439960114e-05,1.7667391355640346e-07,2.796583305223189e-05,0.0013005646464270032,1.558031128700182e-09,4.653825446135349e-05,0.0005057576813046264,1.4730156942379544e-08,8.584426910639858e-07,0.0014057942506102484
21,9.23926493250003e-06,1.508479787203874e-05,6.680818795076822e-05,1.1228625423774538e-07,1.0644021232455898e-05,6.820235189863393e-05,0.0008134344571911301,3.5609121288841546e-06,0.0809895154899347,3.9120762604944896e-08,1.771309620907516e-05,3.494762596458456e-05,4.413019278517918e-09,1.4325060425758657e-07,0.9161895627611448,8.36554763314484e-05,4.339166078418187e-08,9.966198679671767e-06,0.0004895602041369681,4.4386766145510485e-10,2.539871112129707e-05,0.0008634352699033479,2.461632593538772e-09,1.434801321526894e-07,0.0003087823254342494
22,1.0574624566345711e-05,8.766066793911089e-06,5.713839941061556e-05,7.03030285515137e-08,1.0442307211066742e-05,7.876324553977324e-05,0.0003569977768760763,2.1391857805265566e-06,0.06446317019376659,2.1103051998117576e-08,1.9917470320510367e-05,1.6442049950270414e-05,3.855508281711992e-09,1.0360866737758951e-07,0.9332631987180681,4.4105299564564336e-05,7.811275725980583e-08,1.3258317064281811e-05,0.00037589095691288664,3.655829539766579e-10,1.754705648811439e-05,0.0009057213632161071,2.571654765084989e-09,1.288037712821862e-07,0.0003555182444477143
23,8.272352037232191e-06,1.2071390711558879e-05,5.868521350480406e-05,7.83485776469226e-08,1.1011585883624629e-05,6.522309011395354e-05,0.0005978089460369502,2.3932194105800805e-06,0.06484990595720826,2.5292512201941754e-08,1.8505889514835504e-05,2.4118972907131938e-05,3.6879361758639658e-09,1.1178527192669151e-07,0.9327688505136846,4.713414030842e-05,5.0101277124748556e-08,7.958953465215319e-06,0.00041947560720310685,3.5383803148486737e-10,1.9603294893665637e-05,0.0007489174796997515,2.788190087322364e-09,1.1984728017479823e-07,0.0003396711885328356
24,1.256455830884541e-05,2.2356321361706503e-05,6.646631606819665e-05,1.3347968625058305e-07,1.4637828940317032e-05,8.753421127183526e-05,0.0007405886730975092,3.2199663843050853e-06,0.07908270675745292,4.3417784118951705e-08,2.4254316198047643e-05,3.3530412997696845e-05,5.200159406323061e-09,2.083718018850202e-07,0.9177485159453821,6.4303342524364e-05,7.730878367971922e-08,1.1769100559328116e-05,0.0006124835347974085,5.806686638346999e-10,2.499855366111233e-05,0.0010230903786304262,4.353976432433957e-09,1.8504859321679873e-07,0.00042632202091036787
25,5.163139294727468e-06,1.2127927892281183e-05,4.443963261769238e-05,1.0828180103533636e-07,9.314266628288063e-06,5.423276513454674e-05,0.000736742058637572,4.893493532674865e-06,0.04740358791505245,2.1756944055763226e-08,4.752083005443787e-05,3.134010193987388e-05,2.1950570531635353e-09,1.9255314036728068e-07,0.949739510407613,4.9901490995341616e-05,4.1141900321903364e-08,6.928872404222292e-06,0.0004887894624310569,2.5309200907926015e-10,1.9091227590605498e-05,0.001143829679394609,3.30264166661353e-09,1.229607795230946e-07,0.00020209428343069048
26,3.758980580905554e-05,2.5078465869161166e-05,0.00015680108279646714,1.4722629461655433e-07,2.4754851807838837e-05,0.00020149064658741376,0.0006730716278336817,2.4297760774805874e-06,0.1583610839340934,4.8907961661715824e-08,3.623109948508049e-05,3.1606855346373186e-05,1.2501363573450612e-08,1.413322958949563e-07,0.8376761199731287,6.777990944425191e-05,1.4493079926638395e-07,2.4738435530802022e-05,0.0011162910499341876,9.02287158948573e-10,3.347010769741104e-05,0.0009529975420189,7.191645748456727e-09,6.799766994813793e-07,0.0005772818671923163
27,2.659737262891346e-05,3.9016243915439184e-05,0.00017736734189087607,1.4042581433880085e-07,3.526666603252417e-05,0.000162043024779406,0.001616212865853598,2.3094664153993535e-06,0.11734691306489467,9.147662945827046e-08,1.8054730590866268e-05,3.2378257000749824e-05,7.315239547386955e-09,1.8976627303171828e-07,0.8785784495636587,5.671004011104149e-05,5.037248909824883e-08,1.1184890276528024e-05,0.0005985384102477589,7.894776243685579e-10,2.6628315417943788e-05,0.00031877856624939186,8.484243195242466e-09,2.516915431499143e-07,0.0009528108583269187
28,8.272352037232191e-06,1.2071390711558879e-05,5.868521350480406e-05,7.83485776469226e-08,1.1011585883624629e-05,6.522309011395354e-05,0.0005978089460369502,2.3932194105800805e-06,0.06484990595720826,2.5292512201941754e-08,1.8505889514835504e-05,2.4118972907131938e-05,3.6879361758639658e-09,1.1178527192669151e-07,0.9327688505136846,4.713414030842e-05,5.0101277124748556e-08,7.958953465215319e-06,0.00041947560720310685,3.5383803148486737e-10,1.9603294893665637e-05,0.0007489174796997515,2.788190087322364e-09,1.1984728017479823e-07,0.0003396711885328356
29,8.272352037232191e-06,1.2071390711558879e-05,5.868521350480406e-05,7.83485776469226e-08,1.1011585883624629e-05,6.522309011395354e-05,0.0005978089460369502,2.3932194105800805e-06,0.06484990595720826,2.5292512201941754e-08,1.8505889514835504e-05,2.4118972907131938e-05,3.6879361758639658e-09,1.1178527192669151e-07,0.9327688505136846,4.713414030842e-05,5.0101277124748556e-08,7.958953465215319e-06,0.00041947560720310685,3.5383803148486737e-10,1.9603294893665637e-05,0.0007489174796997515,2.788190087322364e-09,1.1984728017479823e-07,0.0003396711885328356
30,8.272352037232191e-06,1.2071390711558879e-05,5.868521350480406e-05,7.83485776469226e-08,1.1011585883624629e-05,6.522309011395354e-05,0.0005978089460369502,2.3932194105800805e-06,0.06484990595720826,2.5292512201941754e-08,1.8505889514835504e-05,2.4118972907131938e-05,3.6879361758639658e-09,1.1178527192669151e-07,0.9327688505136846,4.713414030842e-05,5.0101277124748556e-08,7.958953465215319e-06,0.00041947560720310685,3.5383803148486737e-10,1.9603294893665637e-05,0.0007489174796997515,2.788190087322364e-09,1.1984728017479823e-07,0.0003396711885328356
31,1.699307237759875e-05,1.961301391346817e-05,0.00011753820633874405,1.1359088450269999e-07,1.2114756763764519e-05,8.749749652087996e-05,0.0008174734593249152,4.473774359900605e-06,0.07901272835235622,4.7396502107534324e-08,2.1573438456120957e-05,2.9069627918565006e-05,4.261311309812936e-09,1.389355273110034e-07,0.9179126245072291,5.43902122356098e-05,5.021004770626459e-08,1.1659201986593892e-05,0.000696498857215889,4.4213670280685767e-10,2.1473322405206833e-05,0.0007847359142724873,4.07220557783454e-09,1.8254231549490507e-07,0.0003790013353944218
32,9.021488443146622e-06,1.2917383421173216e-05,6.0213456694513296e-05,7.773889057216487e-08,1.120543155594019e-05,6.935350356113643e-05,0.0005906815763754475,2.5998033199814964e-06,0.06670161242332755,2.629196570785728e-08,1.9553113769870123e-05,2.4604992155974216e-05,3.9233049106799615e-09,1.143692609625437e-07,0.9308099561463937,4.870128615686442e-05,5.316608699656002e-08,8.159288421085385e-06,0.000501413742724033,3.69815878286563e-10,1.9818759886077018e-05,0.0007831061912285443,2.8877436804863306e-09,1.328806150071797e-07,0.00032666978488129833
33,9.149158726136438e-06,1.8643010916024596e-05,5.2406168987143336e-05,1.5474011339220016e-07,1.3333537232443659e-05,0.00011590499621379015,0.0006313927239075962,4.550119203665247e-06,0.06269227552522513,5.169744878481403e-08,4.338097912938567e-05,3.666677202485469e-05,6.9987051577428115e-09,3.04603029073503e-07,0.9329183775024747,8.857504888099638e-05,1.4706696225638506e-07,1.4122792662022469e-05,0.000923150514768418,7.022140088578051e-10,3.5309239190399756e-05,0.002038370052818797,6.2894618363201765e-09,2.5196427419309983e-07,0.00036346779542980386
34,9.35089539657173e-06,1.2564170013275671e-05,6.19007096307867e-05,7.267357523996712e-08,1.1318251904853975e-05,6.714622582459168e-05,0.0005788442906913174,2.455310797394e-06,0.07124107637346365,2.3260738996230818e-08,1.888127084839687e-05,2.339652181390143e-05,3.783267684687449e-09,1.0095317318518821e-07,0.9263864553277815,4.63232377097519e-05,4.9072634898736687e-08,7.905811519671039e-06,0.00048491476506816873,3.4123801757506474e-10,1.8542865282196842e-05,0.0007167495980907073,2.5870183945019273e-09,1.3061082421191245e-07,0.0003117910916925453
35,1.768885882383399e-05,1.4971227548065474e-05,9.608954345792296e-05,1.2333653427746064e-07,9.901311748996014e-06,6.732920826422752e-05,0.000767801938366594,3.532432550326401e-06,0.11836237932347035,3.332591766132873e-08,1.7607678772650282e-05,4.039174645593455e-05,4.956581723390968e-09,1.199983568824381e-07,0.878545587624379,5.5199204313947296e-05,5.079251708868635e-08,1.7960645687296498e-05,0.0005213047789544858,3.5317568447871763e-10,2.5934555419662698e-05,0.0010284431644019699,2.600363576527247e-09,1.7613549964768921e-07,0.00040736525843822826
36,3.7333530530652503e-06,6.342805037770658e-06,2.71499374865801e-05,4.6983620546630976e-08,4.438001677974617e-06,2.032775882957868e-05,0.0004698557830964808,3.1771015725490567e-06,0.0366686334086503,1.3310677260668112e-08,1.2139072850729498e-05,3.239620046976244e-05,2.6950461832620844e-09,6.656336986923626e-08,0.9611073561721465,4.3485648020605574e-05,2.878231714105877e-08,3.948860657489051e-06,0.0003622998103746369,1.902221084958989e-10,1.1011096076181262e-05,0.0010522002386062995,1.2205055383846457e-09,5.2230595372013297e-08,0.00017129277503961576
37,3.0429532251850483e-05,2.9433180297377418e-05,0.0001682526400006206,1.9527102811122953e-07,1.6704243430482035e-05,0.00011832513524860485,0.0011213172173396146,3.7163714706048516e-06,0.13314058704197032,6.809257019349972e-08,3.1911667676404636e-05,5.235771117371132e-05,7.861456365267629e-09,1.7872117972419558e-07,0.8624524183164192,6.810006009375627e-05,7.865823666773068e-08,2.1179767209209935e-05,0.0009392823565207895,6.715149463551407e-10,3.41464762974752e-05,0.0012012873585217014,7.29253689970602e-09,4.7312268012152797e-07,0.0005695412328753901
38,1.1044037306507624e-06,2.1314002224626875e-05,1.1407946053038476e-05,4.562087350777475e-06,3.2389804576365363e-06,7.340392628992459e-06,0.0005880013685379805,9.237305694425815e-06,0.040787647784857745,3.135103320735004e-08,0.0001226138054037817,0.0010881302978405446,1.491451490840553e-08,2.2363175179528185e-06,0.8118137216217439,3.2390503731941664e-05,3.302966761010768e-06,6.068193102379827e-05,0.00015622685586540308,2.6292502471583416e-09,0.0009299765774106415,0.14327157890745723,4.299103822585785e-08,1.308158668542797e-07,0.0010850632420045655
39,6.156914268693403e-06,5.329453691846781e-06,8.42550718793024e-05,6.842346853810866e-08,7.027915443687447e-06,0.00011735974050073579,0.0004130098379774845,3.0729877428827014e-06,0.05791271212488259,2.76144874990786e-08,1.408992757325275e-05,1.8108057892912408e-05,5.783309905103638e-09,6.696122432736282e-08,0.9397855781080497,6.924199391358561e-05,6.811339674733978e-08,8.756039583264298e-06,0.0005070121551313948,3.7296297228523354e-10,3.3178305603213444e-05,0.0007352396831044242,2.205445483172083e-09,1.265333930627092e-07,0.0002795056750722275
40,2.219092099018122e-05,3.5492857383785325e-05,7.167800459668791e-05,4.735859503028925e-07,1.7248965318268437e-05,0.00021979118953940533,0.0007823478422826684,7.034576131998741e-06,0.13156262051949305,1.262790619637486e-07,5.992125867216846e-05,5.678629603199243e-05,1.0372813718458499e-08,6.344253219195472e-07,0.8620758198481208,0.0001916618056650984,2.420745000199002e-07,5.721806981986961e-05,0.0013059352698407698,1.3786127688117997e-09,7.828728225849666e-05,0.0028780527128088817,8.458021679764544e-09,5.65957367138952e-07,0.000575850049396313
41,6.203033551571302e-06,5.898914989832382e-06,4.0568622946698323e-05,2.341118389186549e-08,1.4341589180578781e-05,3.1520548213891325e-05,0.00044533061010862895,9.411683026215106e-07,0.0661433289406098,6.577066268917997e-09,7.693863959123587e-06,8.597360682736986e-06,2.0672416851207245e-09,2.95389255136164e-08,0.9327753718094005,3.369578984838298e-05,1.403882790898268e-08,3.0762264852659875e-06,0.0001233019685689529,1.6116955968942356e-10,4.882743175081383e-06,0.00015340358103001163,6.077745801684236e-10,4.129978730443876e-08,0.0002017255269695229
42,4.569547783632033e-06,6.514281288489862e-06,5.0030571847473644e-05,7.040351530760732e-08,4.280179655999542e-06,5.614233496244977e-05,0.00041149182996926903,4.4299218529135875e-06,0.04530311121078576,2.5079366036962466e-08,1.683224358640272e-05,2.9283257516871512e-05,4.2735465417975994e-09,7.36493575344816e-08,0.9517675372887545,7.783618128119332e-05,5.2997283448459234e-08,6.713596769287014e-06,0.0007214749643701598,3.265277209297401e-10,2.5880348306642097e-05,0.001343054280893578,1.8068540040079935e-09,1.1912762569157314e-07,0.00017047029629911812
43,8.42238232852427e-06,1.1823952338823166e-05,5.254906450751251e-05,6.707291706398288e-08,1.1529495042833211e-05,5.0275578019064276e-05,0.000598691898323917,1.9722228041414635e-06,0.06452105458617509,1.6648805987636684e-08,1.9637445551198778e-05,2.2993415115442527e-05,2.8751100545565364e-09,9.266615572656031e-08,0.9333637445770062,3.5543799082578916e-05,3.8319506734180706e-08,6.421446994790141e-06,0.0003537350301016954,2.5596405782256404e-10,1.3568926833950121e-05,0.0006143516539387788,2.4151342787606644e-09,1.0596170916016595e-07,0.00031335831053231944
44,8.272352037232191e-06,1.2071390711558879e-05,5.868521350480406e-05,7.83485776469226e-08,1.1011585883624629e-05,6.522309011395354e-05,0.0005978089460369502,2.3932194105800805e-06,0.06484990595720826,2.5292512201941754e-08,1.8505889514835504e-05,2.4118972907131938e-05,3.6879361758639658e-09,1.1178527192669151e-07,0.9327688505136846,4.713414030842e-05,5.0101277124748556e-08,7.958953465215319e-06,0.00041947560720310685,3.5383803148486737e-10,1.9603294893665637e-05,0.0007489174796997515,2.788190087322364e-09,1.1984728017479823e-07,0.0003396711885328356
45,8.533822543912913e-06,1.2571593468943336e-05,5.964158939874547e-05,8.085904055382547e-08,1.1352358467931927e-05,6.664587513705169e-05,0.0006094871211310823,2.3932472947294907e-06,0.06633333718821306,2.6191075687481146e-08,1.8728211679409218e-05,2.480128293789215e-05,3.807852534750674e-09,1.1628825205120324e-07,0.9312307166034909,4.721611472821268e-05,5.2198368607336864e-08,8.205638063613811e-06,0.0004268117091945931,3.664372883054548e-10,2.0384848723680908e-05,0.00076585560405505,2.9263242078497136e-09,1.23457493003203e-07,0.0003529110966271624
46,9.290548025711385e-06,1.4025976562809646e-05,6.795740425587404e-05,6.282747577217714e-08,1.2487673150446902e-05,5.105199432887321e-05,0.0008550896913541916,2.2486371224569088e-06,0.07752527573021872,2.3866202940980798e-08,1.478858779778925e-05,2.3287280888038173e-05,2.4071807750700355e-09,8.950145061894997e-08,0.920286091623123,4.280871011399124e-05,2.1472613593651193e-08,6.169640916425189e-06,0.0003466333301698574,2.561246626420122e-10,1.4265379740147543e-05,0.0004200372399254089,1.9909697930865255e-09,9.672527403698851e-08,0.00030819150501409345
47,1.0002809905059512e-05,1.0124542800149414e-05,5.6059162017804066e-05,7.188404922515323e-08,9.068143492704947e-06,4.882319721102394e-05,0.000562526179314982,2.062517414613192e-06,0.07618048972308027,2.5969659592622364e-08,1.1425634354820302e-05,3.595925626873173e-05,6.338330463661999e-09,7.874205136220826e-08,0.9211118112460136,6.185967210609489e-05,6.091187531598424e-08,9.06129466467352e-06,0.00045606093880729714,4.187432601526537e-10,2.3718717798073542e-05,0.0010294891375002865,2.3493171502164114e-09,1.3451997132949612e-07,0.0003810766932521258
48,1.755677816997524e-05,3.8939136859774233e-05,8.237908470319536e-05,1.3063043703952316e-07,1.5588089080467744e-05,0.0001742994395387598,0.0007512142283293382,5.393470416844986e-06,0.09243779687970677,6.644544791559521e-08,4.4878090842752265e-05,3.510433533727537e-05,6.908000936881347e-09,2.348531604532804e-07,0.901713751662566,8.58230013295984e-05,1.118772422793705e-07,1.0898486711817215e-05,0.0028128816876164357,7.015926734170188e-10,2.892999449239234e-05,0.0014474495177085615,6.465357637447675e-09,4.4824452359502677e-07,0.00029610999082771503
49,8.48670144246228e-06,1.197462107160129e-05,7.516951074151994e-05,1.011812848966968e-07,9.957310824550465e-06,7.252078125574818e-05,0.0006586907096752101,2.5650734530213172e-06,0.06535341617669072,3.105825318643837e-08,1.8806030565981806e-05,2.9731054034407296e-05,4.479339815201229e-09,1.215743776692608e-07,0.931971765029521,4.810303039943913e-05,5.8203092449853856e-08,9.231075852256893e-06,0.00041667411788292685,4.0428216460152466e-10,2.5143157123181266e-05,0.0008899042809190947,3.5201398313426416e-09,1.4038845906497934e-07,0.0003974005293178671
50,6.531944856068352e-06,1.4437906757231755e-05,5.499400008918653e-05,7.803507814486441e-08,1.0581314238153974e-05,4.608222533275157e-05,0.0010126725096448492,3.0717360308008982e-06,0.038738158423961555,4.8677139383332166e-08,1.4522543005617473e-05,3.133681346306351e-05,2.8151948799580523e-09,1.7295633932668577e-07,0.9584962193527958,4.227770090954825e-05,3.179487531933795e-08,5.622698387902712e-06,0.00034751898416553927,3.5179867167579144e-10,1.6923696494912743e-05,0.0006931150961399857,4.317864793556893e-09,7.324027021790419e-08,0.00046552086516623035
51,6.512969757137753e-06,5.914476966313876e-06,5.833199330914325e-05,4.569612552800164e-08,1.3538874667178983e-05,7.984197205632687e-05,0.0005164524991022029,1.4257155335533409e-06,0.058318393663042874,2.0722967861322362e-08,1.4761533942324446e-05,1.6438594108313897e-05,5.1179264122093236e-09,6.329704706339574e-08,0.9397675002808208,5.445954896332973e-05,4.7892040955204735e-08,6.5643525651289345e-06,0.0003004127873319417,3.605220221468314e-10,1.9856186669734555e-05,0.00045491537901532977,2.4966466405113386e-09,1.1840806334186986e-07,0.00036437518080837837
52,8.31724583227248e-06,1.3461836457360528e-05,6.0700416855135356e-05,8.503878644281238e-08,1.1457019011705168e-05,6.283318119737392e-05,0.0006641943288305398,2.481679574755578e-06,0.06663040220910688,2.674210311722444e-08,1.8936166137031452e-05,2.757995694099988e-05,3.893098671975833e-09,1.17733735180803e-07,0.9308460995499271,4.739217355639047e-05,5.102355053255037e-08,7.574876146507205e-06,0.0004393882077790861,3.712503917782692e-10,2.1463400513108495e-05,0.0007845118793923772,3.0893743518008837e-09,1.2484103962940192e-07,0.0003527931398030243
53,2.7259770163173068e-05,2.3887127065638783e-05,0.00010217866227791794,1.3778868842276158e-07,1.4407596719493365e-05,0.00023826505985023654,0.00034957973900984804,3.270800361382829e-06,0.1214427118657485,5.0518705666580836e-08,2.5030366837579657e-05,1.9750349143419134e-05,8.385353273664967e-09,1.7463034240040493e-07,0.8745072558426846,7.654057784975005e-05,2.048825139592234e-07,2.673921016696694e-05,0.0013628725395510002,8.613128162065083e-10,3.595867944478865e-05,0.0013024012973391794,4.358871072015545e-09,3.808530452723218e-07,0.00044092823695349685
54,8.638786238477238e-06,1.61882915098917e-05,4.075792403310249e-05,5.8802381620790055e-08,1.3677367329012334e-05,5.052618311953808e-05,0.0005646718119781464,1.3684090217981796e-06,0.04920594930955356,2.962144938454233e-08,8.913583938913446e-06,1.6087679359070166e-05,2.3634412313288704e-09,1.3226172886668775e-07,0.9488183280103528,3.4586816999832415e-05,3.7974331967379034e-08,6.090671179961242e-06,0.0002303931965886524,3.6661896297548627e-10,1.0973354453105023e-05,0.00043613636201836526,2.4957392290521064e-09,5.686533385571085e-08,0.0005363914913007178
55,4.776541135241814e-06,1.1126001623252785e-05,3.818689171752103e-05,5.8411270151109e-08,1.120506615179975e-05,7.523513390975964e-05,0.00039832977539995654,2.2566429304730944e-06,0.029903835318991878,2.8001931181359627e-08,2.2843839374014855e-05,1.1679856956317337e-05,2.0917685038858133e-09,1.547218825328555e-07,0.968060555932122,3.8007452024178705e-05,6.220945745009142e-08,5.3697665890050945e-06,0.00037604909199720645,3.812866611240099e-10,1.5431159075587377e-05,0.0007115929137723767,3.89664828879996e-09,7.926255892146008e-08,0.00031312963942568736
56,8.52305145626682e-06,1.2351913439128273e-05,6.0713420365428806e-05,8.276643396760947e-08,1.1393875904305825e-05,6.654432328118434e-05,0.0006209680932392946,2.4813997779155583e-06,0.0653380381983456,2.6343956407492463e-08,1.937347696516143e-05,2.63621057450851e-05,4.239597368649854e-09,1.1624285507497766e-07,0.9321729948936344,4.759019945297602e-05,5.459338371467432e-08,8.071597389536498e-06,0.00044402630897535873,3.846691266040022e-10,2.0643221260379124e-05,0.0007876963536171278,3.0819479248430084e-09,1.3056451397716618e-07,0.0003518093497933624
57,7.3260054476222895e-06,1.1898001211698695e-05,5.1289449151465115e-05,7.949997294875931e-08,9.366253064761463e-06,4.921572728183358e-05,0.0006207213508018409,2.608660292288615e-06,0.06351693158991989,2.843974194018296e-08,1.514932769321635e-05,4.003860529536179e-05,6.320439727316752e-09,1.0360184892492149e-07,0.9335662591734986,5.505326135290747e-05,6.711722452554181e-08,7.205346188314558e-06,0.0005389091541443312,4.717634065764554e-10,2.569560254095665e-05,0.0011281086590079353,3.0898829634997818e-09,1.287852225283418e-07,0.0003538065070101098
58,1.0997376770123577e-05,1.4445888734787162e-05,7.39252217291054e-05,9.640729510639582e-08,1.2518754819111448e-05,7.860138580338482e-05,0.000700173016674813,2.6766187664856256e-06,0.07769113114115844,2.9758621362913384e-08,2.375818161185126e-05,3.0716985264647275e-05,4.860865614046396e-09,1.1992299477420623e-07,0.9195157149733303,5.302281183134321e-05,5.672798470114475e-08,9.469199954669449e-06,0.0005693519096513428,4.1751182603079996e-10,2.287375678667283e-05,0.0008294953091465449,3.610452478648077e-09,1.910075251104444e-07,0.00036062475471529355
59,1.0094077542199251e-05,1.3121110462458084e-05,7.688100927626175e-05,9.122602864673081e-08,1.1724588744605798e-05,7.613811917048027e-05,0.0006757147477931754,2.576499239577434e-06,0.07561645365151806,2.833851369381541e-08,2.190183337471906e-05,2.814778467430912e-05,4.458150516771665e-09,1.0668292389244538e-07,0.9217592936113383,5.240595268881784e-05,5.159879140125008e-08,8.872086174141654e-06,0.0005113680632020441,4.007827409953846e-10,2.2779329102725327e-05,0.0007714384737992848,3.2662782038042014e-09,1.7638158479229058e-07,0.0003406267088450888
60,8.272352037232191e-06,1.2071390711558879e-05,5.868521350480406e-05,7.83485776469226e-08,1.1011585883624629e-05,6.522309011395354e-05,0.0005978089460369502,2.3932194105800805e-06,0.06484990595720826,2.5292512201941754e-08,1.8505889514835504e-05,2.4118972907131938e-05,3.6879361758639658e-09,1.1178527192669151e-07,0.9327688505136846,4.713414030842e-05,5.0101277124748556e-08,7.958953465215319e-06,0.00041947560720310685,3.5383803148486737e-10,1.9603294893665637e-05,0.0007489174796997515,2.788190087322364e-09,1.1984728017479823e-07,0.0003396711885328356
61,1.0080896315008969e-05,1.3058111653483508e-05,7.399284429097092e-05,8.953149052609865e-08,1.1915367724979216e-05,7.363990862298907e-05,0.000665624633137722,2.5763211073224475e-06,0.07437104870683749,2.781362325961523e-08,2.1380317419036915e-05,2.7797565008164693e-05,4.524749970340057e-09,1.0884219763574103e-07,0.9230446924337695,5.12198885039211e-05,5.233727810630911e-08,8.930192746988801e-06,0.0004912042859314873,4.03294630076048e-10,2.1908589192472596e-05,0.0007650220193890125,3.2166086152080474e-09,1.6728950128719674e-07,0.00034545395960549523
62,8.272352037232191e-06,1.2071390711558879e-05,5.868521350480406e-05,7.83485776469226e-08,1.1011585883624629e-05,6.522309011395354e-05,0.0005978089460369502,2.3932194105800805e-06,0.06484990595720826,2.5292512201941754e-08,1.8505889514835504e-05,2.4118972907131938e-05,3.6879361758639658e-09,1.1178527192669151e-07,0.9327688505136846,4.713414030842e-05,5.0101277124748556e-08,7.958953465215319e-06,0.00041947560720310685,3.5383803148486737e-10,1.9603294893665637e-05,0.0007489174796997515,2.788190087322364e-09,1.1984728017479823e-07,0.0003396711885328356
63,9.02510287413316e-06,1.4590367708541713e-05,5.96940146482664e-05,8.294286340802845e-08,1.2185474111497684e-05,6.594583300937587e-05,0.0006231613024581127,2.4744159243488477e-06,0.06627215050738525,2.7550343288033136e-08,1.8817646216198716e-05,2.506126323830711e-05,3.828195300608728e-09,1.2469628132261342e-07,0.9312584413795574,4.663371237238561e-05,5.366007690057409e-08,7.861038247010105e-06,0.0004532634408551225,3.983861433164806e-10,1.9935548073807643e-05,0.0007539219619982748,3.105000169790885e-09,1.2451392245465392e-07,0.00035641629625280595
64,7.977576718057572e-06,1.2686319285334218e-05,6.381704643350597e-05,9.345388003530739e-08,1.1410528527141046e-05,6.971467025867254e-05,0.0006552042868361654,2.5508524237562457e-06,0.06724715279746171,3.0758823304268936e-08,1.7926163189283783e-05,2.9118325092893616e-05,4.622770947770766e-09,1.3104569964048755e-07,0.9301235201589944,5.0682484756959705e-05,6.084484857197151e-08,8.753752697170316e-06,0.0004207242979471187,4.48580235282711e-10,2.8199117186423948e-05,0.000857733115314664,3.405243645475045e-09,1.292630081366778e-07,0.0003923746640220104
65,7.174681159807201e-06,1.2659835491328242e-05,6.327720239370971e-05,8.762782192301577e-08,1.0359934846157088e-05,6.553403918277439e-05,0.0006776141089870496,2.745234684262069e-06,0.052958422197720845,3.416125871194431e-08,1.6896308680372694e-05,2.436392740019248e-05,3.2831532013540024e-09,1.3626494318757234e-07,0.944601738361102,4.634891955350866e-05,4.662734273850672e-08,7.4447622004550205e-06,0.000374291889961317,3.9109607129331125e-10,2.1845153862394026e-05,0.000727394860890244,3.3590248583133684e-09,1.0077566937537847e-07,0.0003814760915734692
66,8.500370917536631e-06,1.2081067403449231e-05,6.0530620609943994e-05,7.828569370920127e-08,1.1357138926252599e-05,6.757620944443358e-05,0.0006006095299301022,2.374529680691008e-06,0.06580323759843786,2.584401958284477e-08,1.86564861585135e-05,2.3946950440027724e-05,3.827671823027597e-09,1.1126776130602686e-07,0.9318056668014761,4.7624312863151087e-05,5.1200594235415615e-08,8.100422807280398e-06,0.00042453671567809224,3.6563070721358913e-10,2.000141808980811e-05,0.0007390479892901912,2.8677850891699118e-09,1.245472761727919e-07,0.0003457536314141468
67,8.84956873680863e-06,1.0951266303213152e-05,8.984464939521322e-05,2.0620769800242464e-07,1.4662883487870654e-05,0.00029752608427719573,0.0005212687248560273,2.6594135549984076e-06,0.05608234063322573,7.598156989548535e-08,3.213022855983928e-05,2.3778958887803573e-05,1.1286821892284216e-08,3.097473018224503e-07,0.9402583390753234,8.609840159569756e-05,2.2974263983522238e-07,2.2162338481876695e-05,0.0005157901323240669,1.1049172293169813e-09,6.162351538701001e-05,0.0012248287514867802,9.728069781886398e-09,2.963058702561986e-07,0.0007460052692277208
68,1.0148021790437264e-05,1.375079735547644e-05,7.650998315178704e-05,9.90508666456552e-08,1.1034441968581336e-05,7.234003971005537e-05,0.0006972093405302564,2.7396734110039993e-06,0.07723575224276141,3.0709371238163976e-08,1.9434510741065886e-05,2.9884226376208012e-05,4.222440589102498e-09,1.2026102887122205e-07,0.9200480606928666,5.129709317301464e-05,5.345099577384366e-08,9.806936581675132e-06,0.0004721694231887158,3.8640909479721617e-10,2.495155032457894e-05,0.0008493443877718512,3.230678784438166e-09,1.492009930892013e-07,0.00037510612551305876
69,7.162810094041925e-06,1.4048178264193754e-05,8.327909554574312e-05,1.0325855715116315e-07,1.2757674859644923e-05,7.668041874188493e-05,0.0008923826272991555,4.068741447090137e-06,0.054354359063285174,2.9787789164498676e-08,3.931451915093889e-05,3.10686432337733e-05,3.4413354123029e-09,1.3073258528234706e-07,0.94283134841186,5.6479806633490145e-05,3.939079730832961e-08,5.649733817075609e-06,0.0006127037524836244,4.0378269569648244e-10,2.6577937413372505e-05,0.0007112796638233546,4.68912349660098e-09,2.0907124133987812e-07,0.00024031814683556833
70,5.112008695370117e-06,4.205890199935775e-06,4.375572390909276e-05,5.1105362776839826e-08,5.029214173177119e-06,2.2690101632980025e-05,0.0003819748084466003,1.7171204005138182e-06,0.03684911929435287,1.532355826138793e-08,4.688093831350084e-06,1.0990693023049637e-05,1.5418813801470094e-09,5.516320681104023e-08,0.961865002597303,3.650922511290705e-05,1.873869144191879e-08,7.051889420678598e-06,6.039808998482052e-05,1.7965382165562048e-10,5.170937508746384e-06,0.00038053092040531925,6.677138832034612e-10,1.9831007332899453e-08,0.00031589084052392
