,0,1,2,3,4,5,6,7,8,9,10,11,12,13,14,15,16,17,18,19,20,21,22,23,24
0,0.00017382520457015504,0.0002639620201997357,0.0008343996283490822,1.0404287062148958e-06,8.938785712368085e-06,0.000766604569531045,0.0008983662613004875,2.4331645398287732e-05,0.33411630501605505,2.7397128986436173e-07,0.00010468395438497956,0.00014965256036650063,1.53238930459977e-08,5.266031746138112e-07,0.6121958882087257,6.146302158253021e-05,6.917608204995932e-07,7.039948937840432e-05,0.04001677605147043,1.2046265467012882e-09,0.00028336905258537085,0.009504071368378159,4.232874102951564e-08,4.496266460611112e-06,0.0005198752742991717
1,0.00026252953858785124,0.00038075009974609036,0.0015984701455907732,1.6895350617740652e-06,8.391951612971436e-06,0.0009022631335509479,0.001465214283331728,2.943399992413049e-05,0.38903328418173666,5.948289571257498e-07,8.905781747603567e-05,0.0002057549823465509,1.5760455509952695e-08,6.082190934953987e-07,0.5537807059675113,7.357024205375629e-05,5.352920937786108e-07,9.297255792238878e-05,0.04200382123562755,1.3970095826842413e-09,0.0003445140157297262,0.009004624354988425,6.031589946836545e-08,5.905166452628616e-06,0.0007152309772397357
2,0.00022177095285739055,0.00033763769429010057,0.0009262070242537532,1.2447890079312185e-06,1.1643887942445664e-05,0.0006011669080023562,0.0013181745365815018,2.1566592635171104e-05,0.28685320825350374,3.972219439178296e-07,9.010865041213325e-05,0.00018399801351175296,1.3989267466656152e-08,8.116211104717614e-07,0.6760308927010887,4.909485704838401e-05,6.124929165581117e-07,8.38147279029345e-05,0.023657280093797566,1.4376117547951074e-09,0.00024350605930316743,0.008349500304267518,6.16408104579629e-08,3.3728690894617544e-06,0.0010139126808432837
3,0.00026112828191858647,0.0004062616075478826,0.001354006685264112,2.075297894156784e-06,9.817269441881373e-06,0.0008414636480226991,0.0015682491612036503,2.8780991696253645e-05,0.35147287659050963,5.543801617913509e-07,0.00012245080037316322,0.0002579697657515267,1.667184356896038e-08,9.563909485778783e-07,0.5945812052117977,5.9897820755326176e-05,7.511357018477097e-07,0.00011230913125237111,0.03557388010002773,1.4920632874757536e-09,0.0003838206949620645,0.011975710891658067,8.514855268932597e-08,5.757538742044131e-06,0.0009799732919093449
4,0.0002756981403485818,0.00041533725606376904,0.0013422323787649997,2.2498642129550725e-06,1.0454351189736387e-05,0.000841181780232305,0.0016051435598658794,2.8946433402739966e-05,0.3608704049241553,5.554303531999344e-07,0.00012820676684954492,0.0002947891389338306,2.077863710866119e-08,1.05478851018306e-06,0.5830543439853142,5.981277107745647e-05,9.044036971780197e-07,0.0001207936953028086,0.036324221916709136,1.6765403539049112e-09,0.0004186614176564496,0.013135215106603518,9.33408434269469e-08,6.21744025569585e-06,0.0010634586544797234
5,0.00033037905944415186,0.00045150281897358844,0.001511490197211644,3.151598510881114e-06,9.49888708948305e-06,0.0009393185317090096,0.0017006114380088918,3.185578120969171e-05,0.3889171191164902,6.890773595213159e-07,0.00013914189498329154,0.0003542245401452062,2.1883340668907676e-08,1.3504153550395725e-06,0.5520225670249357,6.446659666238544e-05,1.008516060098053e-06,0.00017705182264083694,0.035930658938225855,1.797466299081035e-09,0.00048040487150378795,0.01569428741223525,1.0511586618633231e-07,7.37312072591616e-06,0.0012317195438465412
6,0.00026112828191858647,0.0004062616075478826,0.001354006685264112,2.075297894156784e-06,9.817269441881373e-06,0.0008414636480226991,0.0015682491612036503,2.8780991696253645e-05,0.35147287659050963,5.543801617913509e-07,0.00012245080037316322,0.0002579697657515267,1.667184356896038e-08,9.563909485778783e-07,0.5945812052117977,5.9897820755326176e-05,7.511357018477097e-07,0.00011230913125237111,0.03557388010002773,1.4920632874757536e-09,0.0003838206949620645,0.011975710891658067,8.514855268932597e-08,5.757538742044131e-06,0.0009799732919093449
7,0.0009632255951484968,0.0006458891166376654,0.00506735230343011,2.467496119716113e-06,1.486488180731232e-05,0.0014757987587335861,0.002874086842246803,4.655878961464031e-05,0.4385173252639246,1.1352447395753625e-06,0.00017028496510539516,0.00033524714655199547,3.164363776311885e-08,1.0712251928467641e-06,0.46766373542620154,6.371687393012641e-05,8.167731510705538e-07,0.00017833680992670166,0.07246748296626292,2.199433151799596e-09,0.0003771899778203555,0.007737813378422015,1.3861975299097548e-07,1.3704959124369783e-05,0.0013817227430841074
8,0.0005448134771784699,0.0008585306588519706,0.0031983867601526853,3.91030040498505e-06,1.5281472196516224e-05,0.0012417337389230491,0.0031318881191849447,3.670220562994899e-05,0.3920386828715466,1.396202122831156e-06,0.0001506185856518317,0.00038057003976578967,2.2789567866339543e-08,1.5163570174959374e-06,0.5412561611277742,6.962237375279655e-05,7.788171101749851e-07,0.00014044898262652336,0.04522849910252977,2.5078146449213766e-09,0.00046189964839410446,0.009545309816686555,1.996116537075133e-07,1.0362697689104539e-05,0.0016826617357736003
9,0.00032311384619893886,0.0006531892614570597,0.0028391518504837423,4.722080885492602e-06,9.988626173058336e-06,0.001108995944085272,0.0027338559530879067,3.307832560784229e-05,0.42575548902881133,1.3143266653936826e-06,0.00011417381120205046,0.00042390987089094577,2.340754264518851e-08,1.1523162186746411e-06,0.5155018433794356,8.097574798796812e-05,7.171711576513282e-07,0.00013187424479380922,0.036520821774795355,2.4909334710353586e-09,0.0006947831569781778,0.011713919526413744,1.6104512751611711e-07,1.0042486903634766e-05,0.0013427003261626935
10,0.00026112828191858647,0.0004062616075478826,0.001354006685264112,2.075297894156784e-06,9.817269441881373e-06,0.0008414636480226991,0.0015682491612036503,2.8780991696253645e-05,0.35147287659050963,5.543801617913509e-07,0.00012245080037316322,0.0002579697657515267,1.667184356896038e-08,9.563909485778783e-07,0.5945812052117977,5.9897820755326176e-05,7.511357018477097e-07,0.00011230913125237111,0.03557388010002773,1.4920632874757536e-09,0.0003838206949620645,0.011975710891658067,8.514855268932597e-08,5.757538742044131e-06,0.0009799732919093449
11,0.00027514129817467,0.0004172312133840728,0.0014006740765955953,2.166156030658125e-06,1.0415858273563635e-05,0.0008543628935916844,0.0016192565813610428,2.9794523046101886e-05,0.35776753892348145,5.691600068096959e-07,0.0001275932427648509,0.00027803302107770616,1.9465756747448017e-08,9.94263369573452e-07,0.5861524891089549,6.110117727152009e-05,8.251744117034432e-07,0.00011515585795387147,0.03719572556169014,1.6470309026511194e-09,0.00040015596806326786,0.012277852223349909,9.154953810824824e-08,6.2492199654869725e-06,0.0010065618348558709
12,0.0007202720431013646,0.0013431832341065846,0.0010263114005345352,4.534712634704079e-06,4.268121793574086e-05,0.0018808197343730118,0.0016813521220903885,1.4662048364202969e-05,0.4154529475320292,1.4254675772077075e-06,0.00010973571443694953,0.00025640819812647607,3.7178606430220275e-08,9.308119254707707e-06,0.5334631522047303,4.097670751834536e-05,6.564155129436403e-06,0.00046244898685677296,0.01826461012337683,5.401236390966626e-09,0.0007782462169164684,0.016118568750822074,2.933797787464048e-07,3.855177454697337e-06,0.008317600173008609
13,0.0001288206669648044,0.0002936782879979783,0.0008422205302372624,2.5980025897224644e-06,9.099811053747553e-06,0.00048798320482396735,0.0019073442926178614,4.112984608896957e-05,0.22354992266180596,2.9996440351230133e-07,0.00034151225991763606,0.0004810627512947676,1.4067738460684478e-08,1.731367362546754e-06,0.719796660740608,4.2721701815030685e-05,9.318315031130236e-07,9.833513369857562e-05,0.026871273294813945,1.1273749239411438e-09,0.0004519605142363926,0.023734708709565115,1.2241456414649594e-07,4.7443625710082295e-06,0.0009111224543525805
14,0.00029635033725267063,0.0007394904336792798,0.0011393702322997693,2.5158159740645865e-06,1.3968456288664566e-05,0.0008896169248926944,0.0019108027109349351,3.384563171186923e-05,0.3539362010661737,7.644582804693725e-07,0.00016592490383212998,0.0002723062791027838,1.4501083775093103e-08,1.5356134711797485e-06,0.5816867808957162,6.448523294038424e-05,7.312879487624248e-07,0.00010571800220019869,0.045693269409546634,1.8820684861681284e-09,0.0003330586400476307,0.011721838206246291,1.1928416265539873e-07,6.735502276788169e-06,0.0009845542918678217
15,0.00026112828191858647,0.0004062616075478826,0.001354006685264112,2.075297894156784e-06,9.817269441881373e-06,0.0008414636480226991,0.0015682491612036503,2.8780991696253645e-05,0.35147287659050963,5.543801617913509e-07,0.00012245080037316322,0.0002579697657515267,1.667184356896038e-08,9.563909485778783e-07,0.5945812052117977,5.9897820755326176e-05,7.511357018477097e-07,0.00011230913125237111,0.03557388010002773,1.4920632874757536e-09,0.0003838206949620645,0.011975710891658067,8.514855268932597e-08,5.757538742044131e-06,0.0009799732919093449
16,0.00026387274230033503,0.0004051928806599848,0.0013644707401585655,2.0575207246534817e-06,9.872333837677745e-06,0.0008492834486177456,0.0015592831983945099,2.8587692330829265e-05,0.3525360804277623,5.485292580633126e-07,0.0001230994095258092,0.00025368595939943297,1.6611924216470836e-08,9.459374804145918e-07,0.5936418665233071,5.959740116357275e-05,7.488432058502642e-07,0.00011223907883338538,0.035634662258705666,1.4812277842170525e-09,0.0003775910776548872,0.011794962970459497,8.447781883000827e-08,5.785961709286159e-06,0.0009754624935394518
17,0.0002134647268812046,0.00045133563971681926,0.0009442869320758257,3.067951511189664e-06,1.1710721516858793e-05,0.0006610052911754342,0.0017424803630050323,3.010613325469219e-05,0.2851290883067327,6.027638617871875e-07,0.00017124069521567894,0.0004493328844695924,2.4233208175102743e-08,1.9968838391371815e-06,0.65488907706081,5.385053745186201e-05,1.633776582820909e-06,0.00014370576162717265,0.028636766494871523,2.1614128245446718e-09,0.0005848908136119706,0.024247079487416227,1.607376019971002e-07,5.1763822410512145e-06,0.0016279132599083639
18,0.0003547953239478747,0.00043705696232088125,0.0012607169550399378,2.449883646527931e-06,1.399913144852355e-05,0.0007509082151535006,0.0018769472292319675,2.310077301608419e-05,0.3386273166377372,6.981556232689503e-07,0.00010346949359342828,0.0003951398773268813,2.9546202613538366e-08,1.9322983991739373e-06,0.6133870933436026,4.842578196025153e-05,1.596785149628365e-06,0.0001977237009089107,0.023206217075804152,2.324725047778129e-09,0.0005620894640280999,0.016215970816286507,1.2905665617431103e-07,4.424194036009525e-06,0.0025277669741546782
19,0.0002002519842515173,0.0004016447196096936,0.001454971052068382,2.5870352171663913e-06,7.602760193572052e-06,0.0005202788803423225,0.002320435253255569,3.354575282123938e-05,0.35084230416843387,5.889002848577786e-07,0.00010050337648557835,0.00044467339457146413,1.7084547874949074e-08,9.272551726803248e-07,0.5993651695582545,6.2010758707852e-05,5.555665362327081e-07,9.126865507495853e-05,0.028340827678817942,1.3320103259954165e-09,0.0004531431057731634,0.014362944097359142,8.129820602728931e-08,4.573518765028256e-06,0.0009890928132390544
20,0.0015325233177487705,0.001507577841304328,0.00325463837159424,3.054527614713963e-06,4.059873359707676e-05,0.002941372445445498,0.0024681375052695797,1.3078744565555282e-05,0.6824884067656707,1.5522834004651402e-06,0.00013042804625397255,0.00022776944516194797,4.790297557871705e-08,1.9544500157336476e-06,0.2352120310201445,5.187983093731358e-05,1.7146466080947639e-06,0.00023357397592730056,0.06239197068670832,3.648487790619986e-09,0.0005133791557179744,0.004352377047331874,2.4853643752554447e-07,2.062349339135741e-05,0.002611057577689842
21,0.00025390009723544457,0.00048193405748963886,0.0013267273729668564,2.7733585408553923e-06,8.624615450092395e-06,0.0007937484694310246,0.001929898188579274,3.877349302421071e-05,0.39318192201261004,7.431839274492373e-07,0.00011499244632063534,0.00034856043497640834,1.688280687443757e-08,1.1934991424826709e-06,0.5482177608013099,8.6315912178685e-05,5.977058347841164e-07,0.00012451715725905405,0.03840151168248812,1.619217633265701e-09,0.00045204035331201676,0.01340490423562052,7.511726916762975e-08,6.254757390569342e-06,0.0008222125456183262
22,0.00037266531279754806,0.0003174562086116647,0.0014754036883267128,1.975817142287929e-06,1.0111197259263615e-05,0.0010102137050709127,0.0011082280591085815,2.8283398762283847e-05,0.3498727659517672,4.777205560672637e-07,0.0001415570509991845,0.00020832337221426205,1.9571214549585862e-08,1.038628175172968e-06,0.5965597697541742,5.627988943454645e-05,1.2603312123245696e-06,0.00019416248123211205,0.032816894933258275,1.6286406467241024e-09,0.0003674206582043046,0.014286907020744378,7.987661407807153e-08,6.110252900367491e-06,0.0011625934915790836
23,0.00026112828191858647,0.0004062616075478826,0.001354006685264112,2.075297894156784e-06,9.817269441881373e-06,0.0008414636480226991,0.0015682491612036503,2.8780991696253645e-05,0.35147287659050963,5.543801617913509e-07,0.00012245080037316322,0.0002579697657515267,1.667184356896038e-08,9.563909485778783e-07,0.5945812052117977,5.9897820755326176e-05,7.511357018477097e-07,0.00011230913125237111,0.03557388010002773,1.4920632874757536e-09,0.0003838206949620645,0.011975710891658067,8.514855268932597e-08,5.757538742044131e-06,0.0009799732919093449
24,0.0003471767742366016,0.0006817260545731022,0.0013475317994166899,3.22548343275926e-06,1.1623850458293687e-05,0.0010200534595897431,0.0017353524614866695,3.478541824163037e-05,0.38895791201049734,8.46123624714982e-07,0.00014761820350091533,0.0003245751942496924,2.0434240564197443e-08,1.6287399507424644e-06,0.5413922021190306,7.150376432355786e-05,1.0373253838659413e-06,0.00014989913966271092,0.04687715629495778,2.149352665000951e-09,0.00044424407383007644,0.015330077396999889,1.2347511939544082e-07,7.999293326523558e-06,0.001111678960513534
25,0.000172389541749486,0.00041955227847258116,0.001019655100825186,3.0320287543049334e-06,8.582886839711019e-06,0.0007572765701732403,0.0019475972369684715,5.865187395260891e-05,0.2859805261393558,5.135804029364252e-07,0.00030204222049566993,0.0003560303268735992,1.1148249292192332e-08,1.7467806024826594e-06,0.6453384729248057,7.107798027415415e-05,6.682927084022429e-07,0.0001128364593556465,0.042650441919014126,1.1574633609873074e-09,0.0004052792259061511,0.01974881951611464,9.928039957929641e-08,6.157107335718705e-06,0.0006385384229071674
26,0.0007990388173743056,0.0006016666106080619,0.002704128978288674,2.636496966586738e-06,1.5833727496906608e-05,0.0017100571031695483,0.0013478094975375315,2.1292443624357744e-05,0.5460469032483568,7.77792510407903e-07,0.0001620070060826731,0.00023608127008408584,3.7883617620890513e-08,8.562502701043732e-07,0.37168030514247835,5.9157529087905076e-05,1.4697776039025577e-06,0.00021456904418801803,0.06293112916898264,2.7229796426776098e-09,0.0004618507589931466,0.009779785478074926,1.5413526277260728e-07,2.0268744839644186e-05,0.001202180371521374
27,0.0011268283992732382,0.0014449663949973402,0.005566447215159569,3.7925685494025372e-06,3.52435712665836e-05,0.001770901366139978,0.005871033530393484,3.2169258607430124e-05,0.49089505211022755,2.044438143662367e-06,0.0001474709486821789,0.0004758488276568509,4.012356335497449e-08,2.2965299298513566e-06,0.4327780194134096,5.525356450383665e-05,9.129614782870545e-07,0.00015994738299813865,0.051159463922478464,3.5847848206791542e-09,0.0005732371170263247,0.004396814110875202,2.973555818364539e-07,1.1658818776293318e-05,0.0034902564854966994
28,0.00026112828191858647,0.0004062616075478826,0.001354006685264112,2.075297894156784e-06,9.817269441881373e-06,0.0008414636480226991,0.0015682491612036503,2.8780991696253645e-05,0.35147287659050963,5.543801617913509e-07,0.00012245080037316322,0.0002579697657515267,1.667184356896038e-08,9.563909485778783e-07,0.5945812052117977,5.9897820755326176e-05,7.511357018477097e-07,0.00011230913125237111,0.03557388010002773,1.4920632874757536e-09,0.0003838206949620645,0.011975710891658067,8.514855268932597e-08,5.757538742044131e-06,0.0009799732919093449
29,0.00026112828191858647,0.0004062616075478826,0.001354006685264112,2.075297894156784e-06,9.817269441881373e-06,0.0008414636480226991,0.0015682491612036503,2.8780991696253645e-05,0.35147287659050963,5.543801617913509e-07,0.00012245080037316322,0.0002579697657515267,1.667184356896038e-08,9.563909485778783e-07,0.5945812052117977,5.9897820755326176e-05,7.511357018477097e-07,0.00011230913125237111,0.03557388010002773,1.4920632874757536e-09,0.0003838206949620645,0.011975710891658067,8.514855268932597e-08,5.757538742044131e-06,0.0009799732919093449
30,0.00026112828191858647,0.0004062616075478826,0.001354006685264112,2.075297894156784e-06,9.817269441881373e-06,0.0008414636480226991,0.0015682491612036503,2.8780991696253645e-05,0.35147287659050963,5.543801617913509e-07,0.00012245080037316322,0.0002579697657515267,1.667184356896038e-08,9.563909485778783e-07,0.5945812052117977,5.9897820755326176e-05,7.511357018477097e-07,0.00011230913125237111,0.03557388010002773,1.4920632874757536e-09,0.0003838206949620645,0.011975710891658067,8.514855268932597e-08,5.757538742044131e-06,0.0009799732919093449
31,0.0005925865734180818,0.0006391407745801551,0.0030844261925059295,2.887768914666523e-06,1.1441165445796965e-05,0.0010824586075105127,0.002383325806032758,5.4258385298068896e-05,0.38823518086491393,1.0566888665404287e-06,0.00013761721491276603,0.00032263158295014647,2.1299942947495687e-08,1.263149626769186e-06,0.536739060365124,6.816737663285248e-05,7.970208140511426e-07,0.0001636535296604661,0.05417090779330715,1.973920724137266e-09,0.0004192251926869877,0.010657222800553829,1.1558465668593397e-07,7.89543646290021e-06,0.0012246568512613893
32,0.00027787949154576825,0.00042045893597558113,0.0013545470226540525,2.0031025263848024e-06,9.778030412309991e-06,0.0008762190584038674,0.0015084516362937218,3.0435724454629806e-05,0.35625289557020073,5.602747078075001e-07,0.00012540777045071637,0.00025565432869070775,1.741172310731045e-08,9.467612310119442e-07,0.5839769236281092,6.125422179728707e-05,7.777745516340424e-07,0.00011307300017353415,0.04121464727123207,1.5233574848828177e-09,0.0003781889586365862,0.012212945402634979,8.478159922268388e-08,6.205869557783588e-06,0.0009206424490800248
33,0.00024827453911112146,0.0005730044007986008,0.0010846644417437615,3.687075594805524e-06,1.0805873678182227e-05,0.0013394056511288556,0.0015136464989514218,4.828504648800597e-05,0.31687300832394616,9.76646369014562e-07,0.00025503065230486003,0.0003478841819752378,2.633305962795229e-08,2.23974615982696e-06,0.5784533753766019,9.763094566607529e-05,1.8469024573592402e-06,0.00016767961601437992,0.06852110321285959,2.551489815093027e-09,0.0006061562010743138,0.028889852664511936,1.7376714468088004e-07,1.0485793292056552e-05,0.000950753557578467
34,0.00028748645471524565,0.00040350721325138687,0.0013852705782137677,1.8600092690609729e-06,9.786628238868396e-06,0.0008354636523343499,0.0014807940928388782,2.8630343384188646e-05,0.3728218673162061,4.911648675361085e-07,0.00011999137394973389,0.00024482154606903254,1.6886426196002038e-08,8.446057741657089e-07,0.5707394264866894,5.759016692384081e-05,7.192500380030396e-07,0.00010933110501259786,0.039216516214203516,1.3985923975128428e-09,0.0003518735864779443,0.011014951920954011,7.46673701356059e-08,5.976900776815751e-06,0.0008827064374228449
35,0.0004901983069084047,0.0004088585819573578,0.0019669979015068976,2.5235278356484595e-06,7.826057599780064e-06,0.0006833226880497448,0.0018166830943590752,3.642833599676844e-05,0.4930778219313743,5.562625933412134e-07,9.888535113173123e-05,0.0003738879995193272,1.9812615888609946e-08,9.007198101953005e-07,0.4517264861334624,5.536003532917892e-05,6.610961159298277e-07,0.00019628379460992582,0.03541932764030312,1.2370428497568492e-09,0.0004064726698675652,0.012196014648067252,6.042674006519879e-08,6.315708921414404e-06,0.0010281060382818757
36,0.0001619622860928672,0.00025480275357152456,0.0007594047884167028,1.5406443859931752e-06,4.935079026460131e-06,0.00033403078812043775,0.0014929503807073934,4.814525590327777e-05,0.23863394177386407,3.54540794840785e-07,9.992092653029508e-05,0.0004461970506335302,1.679679158930109e-08,8.541532834579346e-07,0.6989063244339556,6.569794035821705e-05,6.218499895510947e-07,8.340888339212372e-05,0.036740600884345435,1.0095542064028083e-09,0.00027962304894867406,0.021009170945767576,4.251411644185663e-08,2.939781211483737e-06,0.0006725114902381454
37,0.0008002277923784903,0.0007399637400166961,0.0032317125101890476,3.820627291549605e-06,1.2080692050091896e-05,0.001099039841550393,0.002516981253897335,3.606501016282505e-05,0.5124052682121953,1.0662704127657878e-06,0.00016495411017566588,0.0004702098597956223,2.993417644546972e-08,1.3055655601635803e-06,0.40539533435252334,6.300486887675098e-05,9.733344314358668e-07,0.00022689945015884062,0.05759810820002501,2.1873773385907403e-09,0.0005082557144910981,0.013313318852821424,1.549902240216945e-07,1.5318291528496833e-05,0.0013959043376899104
38,1.4564531847727024e-05,0.0002795962082936373,0.0001064493848100115,4.191900111639911e-05,8.87144085503883e-07,5.394974661698204e-05,0.0004795840730936038,2.8248234403626634e-05,0.09921871642608339,3.4106091098836445e-07,0.00023976934784626834,0.0039937284713818496,2.8880082471821337e-08,6.040402391596075e-06,0.18767533944299433,2.3053908000697703e-05,1.4071135929771235e-05,0.00034167939481607936,0.006165271214389422,3.941659354278968e-09,0.006477159545129376,0.6936848908391926,3.85069399377807e-07,3.109297661409098e-06,0.0011512132978634849
39,0.0001957726332985235,0.00018172786362060517,0.0018208944941822628,1.6327787927858107e-06,6.4698226311015905e-06,0.0014177019420227369,0.0010361893357915912,3.6264872015851757e-05,0.32555051757636044,5.306440774472776e-07,9.490782254175105e-05,0.00018106510816233548,2.416536437989705e-08,5.253774134594441e-07,0.6122561007516366,8.49621394900355e-05,9.46071765979611e-07,0.00011381755674626251,0.044128508816560844,1.448915605083498e-09,0.0005761521141519178,0.011587125703516615,6.21669895781693e-08,6.007069329949843e-06,0.0007220917246211945
40,0.0004665000772755385,0.0008405757009615958,0.001245919388395828,6.931519194402682e-06,1.1047417875070028e-05,0.001775115096741469,0.0014565671280689597,5.857550925812671e-05,0.47451522931845846,1.6149322681410318e-06,0.00027878986559690605,0.0003817736979242615,2.848099561285932e-08,2.9611174106342207e-06,0.4028856878897242,0.0001398956835865974,2.1328095476828578e-06,0.0003963415863546342,0.08382101537134039,3.402464519525004e-09,0.0009073349974060274,0.029793318744870304,1.861832570105098e-07,1.8227909959264796e-05,0.0009942261710643686
41,0.0001995574394199977,0.0001967702007438273,0.000970051074574305,5.791912845252183e-07,1.321424683187589e-05,0.0004160650066990821,0.0011620560786634506,1.2482198819079401e-05,0.3483165599608271,1.4310811391549632e-07,5.336457547837279e-05,8.682863440551415e-05,8.79627335158905e-09,2.429324137238178e-07,0.6339924479716049,4.108367065147185e-05,2.1059093121883726e-07,4.0807429771964575e-05,0.011334899240660458,6.625529907059614e-10,9.610342738612937e-05,0.0024907442996549996,1.9793655189443565e-08,1.963304198993073e-06,0.0005737961643834787
42,0.00014642640062711597,0.00022361349964787998,0.0011202303228977407,1.805808404168573e-06,4.07212081558275e-06,0.0007424225752229924,0.0010611520795077575,5.147185121148786e-05,0.26780924682945706,5.237052696927619e-07,0.00011100850772085851,0.00029792970415268007,1.8949231865074978e-08,6.013431903852112e-07,0.6447992856175836,0.00010181312981925553,7.695540703294385e-07,9.420429229839601e-05,0.06116756884608116,1.3529107374111375e-09,0.00048409882751104496,0.021293452108689125,5.3153590670312145e-08,5.786026586799538e-06,0.0004824433935017055
43,0.00030402724079977986,0.0004066035217276371,0.001325098811103224,1.8740095653732616e-06,1.0876483993122812e-05,0.0006851354855403315,0.0016889715864863875,2.5819140665575008e-05,0.35777465816317255,3.892490359022269e-07,0.00013489182726515186,0.0002713134387642617,1.5190370310219144e-08,9.155288815125065e-07,0.594773421173965,4.79754070742522e-05,6.649497103893033e-07,0.00010537983395717314,0.030954024314586295,1.1787744785565293e-09,0.0002877435541654101,0.010174094535636266,7.291381379879254e-08,5.150519725619959e-06,0.0010208819412202324
44,0.00026112828191858647,0.0004062616075478826,0.001354006685264112,2.075297894156784e-06,9.817269441881373e-06,0.0008414636480226991,0.0015682491612036503,2.8780991696253645e-05,0.35147287659050963,5.543801617913509e-07,0.00012245080037316322,0.0002579697657515267,1.667184356896038e-08,9.563909485778783e-07,0.5945812052117977,5.9897820755326176e-05,7.511357018477097e-07,0.00011230913125237111,0.03557388010002773,1.4920632874757536e-09,0.0003838206949620645,0.011975710891658067,8.514855268932597e-08,5.757538742044131e-06,0.0009799732919093449
45,0.0002008133981199833,0.00029349694780563023,0.0011912262349349156,1.6131869814314843e-06,7.768994878140051e-06,0.0007264110118055022,0.001348055163738389,2.9981689624530566e-05,0.30420533870882527,4.134886681849525e-07,0.00011484325211313453,0.00020486950226547373,1.2691410507445662e-08,6.834589479186291e-07,0.6481842765008649,6.181679982899003e-05,5.322641348346045e-07,8.737498906901257e-05,0.03198481278281506,1.1165656359505868e-09,0.00027746576411607907,0.010366596390210911,5.6975327261369394e-08,4.583215422208289e-06,0.0007069554715260863
46,0.00028675382871086496,0.0004625994469681307,0.0015567428993953076,1.6749024054535696e-06,1.0789090073674715e-05,0.0006565623171880525,0.002169695695618212,2.6658512465107115e-05,0.3920595837468374,5.256040912241252e-07,9.776278175948572e-05,0.00024091880026110742,1.062690240240676e-08,7.804757151282749e-07,0.5659063051457086,5.126655798412364e-05,3.3271212649229163e-07,8.622284516888204e-05,0.028536771308919046,1.0763580808918495e-09,0.00027638938649207065,0.0066676699234737334,6.327653161467012e-08,4.523347609025275e-06,0.000899395691236682
47,0.0003254912798356913,0.00034545974851900557,0.0013670322173534213,1.947425424539979e-06,8.213660863632797e-06,0.0006187832731919104,0.0015755848741589031,2.584946458938426e-05,0.37878618985197937,5.610281740456753e-07,8.021052021931915e-05,0.0003992531551835794,2.8311643081340244e-08,7.582635438590731e-07,0.5619588451220158,7.08633537006326e-05,9.452819392193591e-07,0.00012714495176344772,0.037116970416687725,1.7413211728604298e-09,0.0004608057164634309,0.015546755755864982,7.354581239939268e-08,6.0415028802037715e-06,0.0011761895368712
48,0.00038451214611288074,0.0009520186942729627,0.0014587056767761493,2.606588861662902e-06,1.0378397825577683e-05,0.00165321984055489,0.0014809862785271086,4.5296463949938744e-05,0.37190830070392983,1.1221281294911301e-06,0.00020516492227853518,0.0002638754559822264,2.1902437081784823e-08,1.3572989476070787e-06,0.444936140625031,8.245453998354261e-05,1.1601799398055113e-06,0.00010715176994340698,0.15917258380311308,2.2379263153882163e-09,0.00042057326710991815,0.016244765030945636,1.5158256169789698e-07,1.5347052973359627e-05,0.0006521034118863592
49,0.00026974781543686574,0.00040500001184727943,0.0017118456824567843,2.6857911884941853e-06,8.89791869420804e-06,0.0009328600040874288,0.001732534952647594,3.067118817229357e-05,0.35556779878920663,6.897054457024045e-07,0.0001237062443602755,0.00032123372040974253,2.0483576721137243e-08,1.0544988422951017e-06,0.587456770236196,6.219039094307979e-05,8.733917119351459e-07,0.00013275540829662811,0.03537261077581693,1.7205157067165916e-09,0.0004955332481317154,0.014211937421154086,1.0652538626916744e-07,6.77164947021965e-06,0.0011517024260051328
50,0.0003058124908290993,0.0005829735400415551,0.0018370512614408004,2.4982916159740735e-06,1.2379551033527844e-05,0.0007324609802282308,0.0035403399781671952,4.777105041169954e-05,0.25266087241070667,1.2981252617787025e-06,0.00012164461509573445,0.0004424421340261911,1.8689909292615596e-08,1.9265242600808823e-06,0.6885787024313117,6.701618262939031e-05,6.656630468635357e-07,0.0001069961523185297,0.036294855007532247,1.953362069136353e-09,0.0004220148002611131,0.012432246129244519,1.4953064516664516e-07,4.348663859885685e-06,0.0018035138427605249
51,0.00023093799147893185,0.00022560797611684592,0.0015185523749806499,1.3006304737373142e-06,1.319781777929528e-05,0.0010762838610986268,0.0015045227728645164,1.9325611983219508e-05,0.32765089858242863,4.817525547168992e-07,0.00011054392667011701,0.00019109951118139644,2.4074032688252963e-08,6.031281496577215e-07,0.6297696866934,6.870707418918793e-05,7.807555121913219e-07,9.582687920317358e-05,0.02823493536190675,1.6144906275300732e-09,0.0004097091180327138,0.00774050852449001,8.555810187472166e-08,6.0732168934642705e-06,0.0011303051919870158
52,0.00025564919386522,9.97331358925453e-05,0.0008824850517659007,6.618076914548044e-07,6.447006290346882e-06,0.0014136972662229861,0.0004122130089419863,1.8911531848309756e-05,0.27223885970694517,2.4091521622382287e-07,9.747844695995308e-05,4.482120895173398e-05,8.13750962147386e-09,4.827560905145859e-07,0.6964109742336226,5.997815573954829e-05,5.720717689481219e-07,0.0002103270326102785,0.020652656587206365,7.745645939983688e-10,0.00011058867418658685,0.006498733024322345,1.977287571460318e-08,3.34622819605051e-06,0.0005811142707148806
53,0.00011743433244844985,0.0002719378442798742,0.0010236377210272557,1.4982420016037855e-06,9.241921091437789e-06,0.000349031448131851,0.0027482308013048492,2.597271543146558e-05,0.2468269939554205,3.807440360105353e-07,0.00011018226212395648,0.00033611117184450184,9.985960653247998e-09,7.437715545962531e-07,0.7217751698659947,4.834819515998581e-05,2.801206647893678e-07,4.919463827550023e-05,0.016256660887187687,8.625600863387446e-10,0.0002732784866122143,0.008871285409189949,6.99124959448011e-08,2.7042745007873945e-06,0.0009016004307013693
54,0.0003287423971932916,0.0005859372788657141,0.0010486966432244264,1.8021333651494931e-06,1.337794331091657e-05,0.00074291902703944,0.001657753740404984,1.926220345873335e-05,0.31069463760661115,7.223874950595591e-07,6.817965024988627e-05,0.00021149399275372215,1.3672309927196184e-08,1.3800104407916678e-06,0.6514750876025559,5.232207669886094e-05,7.004911965430348e-07,0.00011347391793438451,0.02258972877105431,1.7627579506385658e-09,0.00025636948866480854,0.00836371573262032,7.933362130662696e-08,3.193132207327749e-06,0.0017704090039651623
55,0.00018137303144118215,0.00046415108535298796,0.001102886188031587,1.970585692631653e-06,1.1889569325750525e-05,0.0011982770572992322,0.0012790880133363629,3.1569542688007e-05,0.2038012068293978,8.175782252851417e-07,0.0001720809608860761,0.00015028297424479146,1.1434595762676337e-08,1.5065374269610422e-06,0.7384021845609791,6.175333169346575e-05,1.0715688835906972e-06,9.27234284064225e-05,0.038040212967276325,2.02100324811254e-09,0.00037632990299912844,0.013523213618392694,1.5066433834801396e-07,4.857339548165038e-06,0.001100389208535017
56,0.00027300105389249527,0.0004077181895941267,0.0013915188665050322,2.176644951547022e-06,1.0098062348125747e-05,0.0008573744812794043,0.0016187135224266574,2.9895578289055667e-05,0.354204168266827,5.705797325293806e-07,0.0001271097964422629,0.000283477098328046,1.9527057112989545e-08,1.0093604564700772e-06,0.5893385020907564,6.086242396654843e-05,8.308274133537649e-07,0.00011750971105311713,0.03726725170519744,1.6149720546206711e-09,0.00040345982257635686,0.012574350941826762,9.071698680464844e-08,6.175034103864791e-06,0.0010241140830173929
57,0.0002387278662562576,0.0003924385527919357,0.0011716280652779368,2.087842081459095e-06,8.306630830300448e-06,0.0006534039475814404,0.001564107791780122,3.150119025122072e-05,0.3440612537830135,6.161042105904721e-07,0.00010187215285288628,0.0004100455591466063,2.8245102728940833e-08,9.097015429726864e-07,0.586029631210546,6.903113403223695e-05,1.0309609004179923e-06,0.0001086639270758638,0.04547281547679172,1.949441106312084e-09,0.0004954555925959626,0.01816296596518378,9.249326475737074e-08,6.199206811503045e-06,0.0010171846506368484
58,0.00031644305327761335,0.0004322582944780204,0.0015198640522243714,2.289507523197597e-06,1.0181925692318801e-05,0.0009315313049444339,0.0016449089810832017,2.946554407920083e-05,0.3916293395854722,5.862488755324454e-07,0.0001399308716214593,0.0002966576620737935,2.0440501927429513e-08,9.372634960353564e-07,0.5457179186282781,6.373396547196748e-05,7.875589318961559e-07,0.00012566284545701645,0.04354682753199169,1.6073963888746833e-09,0.00040752335894438845,0.012223385811996806,9.480835062171805e-08,8.127316890264817e-06,0.0009515218309476569
59,0.00029270231418425044,0.0004074675877389285,0.0016317976484154096,2.2289682650289483e-06,9.714260565166422e-06,0.0009307048815760798,0.0016058223894461522,2.868304813541067e-05,0.38498785818112236,5.8720221305489e-07,0.0001325223641294853,0.00026929867615553543,1.8564612266684416e-08,8.27486398405357e-07,0.5562270990426558,6.353268589077721e-05,7.207901896228643e-07,0.00011707631530585226,0.04037419870594397,1.58478462343967e-09,0.0004130693863697906,0.011590361517301449,9.279760567249549e-08,7.879150390958908e-06,0.000905734450603948
60,0.00026112828191858647,0.0004062616075478826,0.001354006685264112,2.075297894156784e-06,9.817269441881373e-06,0.0008414636480226991,0.0015682491612036503,2.8780991696253645e-05,0.35147287659050963,5.543801617913509e-07,0.00012245080037316322,0.0002579697657515267,1.667184356896038e-08,9.563909485778783e-07,0.5945812052117977,5.9897820755326176e-05,7.511357018477097e-07,0.00011230913125237111,0.03557388010002773,1.4920632874757536e-09,0.0003838206949620645,0.011975710891658067,8.514855268932597e-08,5.757538742044131e-06,0.0009799732919093449
61,0.0002985476155522225,0.00041266982429693415,0.001610921309352497,2.2215441459689627e-06,1.0045225431019761e-05,0.0009063828447412497,0.0016291625683249955,2.9158789368635145e-05,0.38169678795095613,5.834154888820706e-07,0.00013167230580009184,0.000273646722746116,1.9214375577241833e-08,8.630958938849115e-07,0.5606595032966054,6.26269048987859e-05,7.411768326104311e-07,0.00011882884309134566,0.03926608851657054,1.6180158014810897e-09,0.00040415547770142,0.01153959133248974,9.251855098127677e-08,7.553606581211123e-06,0.000938134282188093
62,0.00026112828191858647,0.0004062616075478826,0.001354006685264112,2.075297894156784e-06,9.817269441881373e-06,0.0008414636480226991,0.0015682491612036503,2.8780991696253645e-05,0.35147287659050963,5.543801617913509e-07,0.00012245080037316322,0.0002579697657515267,1.667184356896038e-08,9.563909485778783e-07,0.5945812052117977,5.9897820755326176e-05,7.511357018477097e-07,0.00011230913125237111,0.03557388010002773,1.4920632874757536e-09,0.0003838206949620645,0.011975710891658067,8.514855268932597e-08,5.757538742044131e-06,0.0009799732919093449
63,0.00027400452561541556,0.0004788573568117722,0.0013518296997867075,2.17334349059806e-06,1.0573886640085208e-05,0.0008493682151595944,0.0015862839568816288,2.89164015299794e-05,0.35481065835744485,6.068381335595957e-07,0.00012085680256071053,0.0002576390173273759,1.6791461875513827e-08,1.0209558087732359e-06,0.5891518095834887,5.9327759109655373e-05,7.812732421810356e-07,0.00010870457711066231,0.03761239194991831,1.6612069789605273e-09,0.0003859097958429493,0.011898078945818142,9.45812055475209e-08,5.944087010357978e-06,0.001004149637393742
64,0.0002370620691456504,0.0004161370683831346,0.0013851782485518696,2.4205550680655072e-06,9.727479792241492e-06,0.0008835664801499942,0.0016277748820976408,2.914271616450274e-05,0.36041399947437897,6.659323068377509e-07,0.00011363364493604488,0.000295308928894292,1.9708357304318614e-08,1.057967644394813e-06,0.5844684704182305,6.413445175252855e-05,8.59928713937241e-07,0.0001197213664395062,0.0347829410436164,1.8277581278081693e-09,0.0005319697842415294,0.013535584637260633,1.0181565887312837e-07,6.142344849390344e-06,0.0010743772256076281
65,0.00024647524936813824,0.0004518545076356482,0.0015566133157987928,2.461556110980268e-06,9.871224257716112e-06,0.0009057286724496632,0.0018779346099709862,3.481180218881376e-05,0.3119624495499222,8.018616122587948e-07,0.00011846860759189392,0.00027845729169150983,1.6285881859610797e-08,1.2235459172680127e-06,0.6340696879833511,6.460371596378625e-05,7.518638030571955e-07,0.00011496713657753315,0.034239632902149424,1.7773079989065139e-09,0.00045857511625561843,0.012434205647028218,1.0750681621165583e-07,5.3005227487605274e-06,0.0011649977476007095
66,0.00026756234009313323,0.00040476838146991925,0.0013954165314894222,2.0626795785156283e-06,1.0086688531279495e-05,0.0008674798323956142,0.0015709252455074767,2.8474821836235305e-05,0.3546722972754598,5.645814956783906e-07,0.00012280839915841348,0.00025469992210962243,1.7230602529451817e-08,9.458035786590909e-07,0.5912606741979523,6.033241305085624e-05,7.641866298975451e-07,0.0001136122834034269,0.03583828291118146,1.5363056377337237e-09,0.00038952314117128047,0.011739328631659435,8.710198579323421e-08,5.9491840757429805e-06,0.0009933346792778545
67,0.00027936594105849486,0.000401446975774382,0.002383426930597487,8.22550329408886e-06,1.4794148710667555e-05,0.006522653408098863,0.0013521877951825283,3.40988889435777e-05,0.28684440301222097,2.467291771451349e-06,0.0002866026359460851,0.00026365061080019654,6.859014751733305e-08,4.134945585383358e-06,0.6217814595512923,0.00012148732567167231,5.855492532275356e-06,0.0004252471117002831,0.04942718637788253,6.770440638274765e-09,0.0018307216510296096,0.025119029988887036,5.438368826678e-07,2.0275636166668272e-05,0.002870659579382956
68,0.0003069634473926488,0.000441928975010778,0.0017037765097188547,2.48887443906819e-06,9.440300708463038e-06,0.000885847957285106,0.0017583826406447627,3.1322388620944537e-05,0.390802758383918,6.504899310668065e-07,0.0001225732729752251,0.0003036375993795434,1.8295284597531442e-08,9.850143824847622e-07,0.551241260968923,6.185897262082485e-05,7.68059098533191e-07,0.00013083421508312278,0.03796480476616165,1.5731231228536704e-09,0.0004651685246560046,0.012716138610882137,9.510532145680228e-08,6.809480786081823e-06,0.0010414855736526935
69,0.00023420154182204897,0.0005018038752427367,0.002159954661817401,2.939548858345041e-06,1.2116803981131452e-05,0.0011089196713766475,0.0024617158995577084,5.4693294828006016e-05,0.30793819526087657,7.642278065210313e-07,0.0002978456954981351,0.0003367072858262462,1.6595524043787146e-08,1.084935532008219e-06,0.6109497191377377,8.562595590669673e-05,5.891508883663629e-07,8.156007705082412e-05,0.06067290028157588,1.932848953903784e-09,0.0005893843809717308,0.01185407784843488,1.672682864131534e-07,1.2793539581499305e-05,0.0006422211281694049
70,0.000385985317289013,0.00020117497373480143,0.0019089824479242893,1.9019563267610008e-06,7.303128054826922e-06,0.00040665341812255306,0.00169304663177948,3.6434023603091416e-05,0.26759165133192203,4.398049532707395e-07,5.078409227806189e-05,0.00022898438394332806,1.6542661519680745e-08,9.637390435860719e-07,0.709006415903543,6.313962513116083e-05,6.399873220928027e-07,0.0002009818656316631,0.008085302970175125,1.248145532263085e-09,0.00016152203315816758,0.00827032570112307,2.3742211573950746e-08,1.3341241723518815e-06,0.0016959910077496154
71,0.00029266081979572504,0.001070041715447473,0.0008948238375316224,2.0566053022464268e-06,3.339804070365202e-05,0.0005567300535180335,0.0024511165615597012,1.8363426688677636e-05,0.3560527099622698,1.0413337444675703e-06,8.264989619168925e-05,0.00034610544939960486,3.445175369476544e-08,1.5035611612041997e-06,0.5995607279178131,7.761229580345562e-05,1.0350618538251493e-06,6.77379764455262e-05,0.02816022918387173,5.9620249965397145e-09,0.0004840000993857566,0.00805007972489641,1.8149955053965082e-07,5.8444402300228385e-06,0.0017893101230571484
