,0,1,2,3,4,5,6,7,8,9,10,11,12,13,14,15,16,17,18,19,20,21,22,23,24
0,6.469454555915466e-05,8.456136366684189e-05,2.355028107532397e-08,6.232962583979641e-05,4.0156830730496095e-08,0.0026544502904608924,1.106787917366267e-06,0.00010111382115658262,0.001994784703489652,8.017592940279421e-05,5.493703569305567e-05,4.045669747942268e-05,2.401609391624019e-07,2.5787401075182413e-06,0.9696425051116548,8.717704224299889e-05,1.210753768137787e-06,2.3371506693412038e-08,0.00023274914560316007,2.8781804703797656e-09,3.4387611557199303e-10,0.024237763534545494,1.0821308088003169e-07,1.6181262481916522e-08,0.0006569500154546664
1,4.3964962846864265e-05,6.229715162984804e-05,2.6977474193797564e-08,4.875664980056532e-05,3.3267965958018135e-08,0.003600094832068924,1.1968698215013578e-06,9.357787903435598e-05,0.0037375528140334417,0.00014857448624796513,3.8854087503242714e-05,2.5160843556193467e-05,2.531717389512545e-07,3.2680577603101366e-06,0.9691316509820811,0.00010794845897737687,6.8204670430099e-07,3.080383987336559e-08,0.00032896331337194036,4.529090227344754e-09,4.26722268561604e-10,0.021901414009587575,1.243688362051687e-07,2.0737052640884956e-08,0.0007255482722539776
2,5.412233129569022e-05,7.17142645723102e-05,2.0340633336008817e-08,4.7691080846962176e-05,3.061776580859148e-08,0.002965774852998641,9.81034003874185e-07,9.153459947958778e-05,0.0023704465358104646,9.170734527554003e-05,4.913018252123151e-05,3.1546879726582386e-05,2.2344584251439322e-07,2.6333717433540493e-06,0.9671454660824564,7.709771995125982e-05,8.545090199639533e-07,2.1829335133583783e-08,0.0002403071654165994,2.870841984048643e-09,3.1056168295514627e-10,0.02610964583107612,9.622277598853728e-08,1.4238414404891787e-08,0.0006489363376344077
3,4.8890829340280595e-05,6.871153186482275e-05,1.952265371484779e-08,4.470022160879743e-05,3.060545077121591e-08,0.0027685219315799936,9.413319294917384e-07,8.74607267016828e-05,0.0024065901691028954,9.000059196511491e-05,4.6842610239955806e-05,3.038223966610664e-05,2.0977690333067476e-07,2.739284434282366e-06,0.9685500993602251,7.366757220961622e-05,7.847118727508377e-07,2.0485146024423932e-08,0.00022579364451875934,2.9096412832056324e-09,2.983109875459704e-10,0.02489154010557131,9.175559059310447e-08,1.3902504561155244e-08,0.0006619438809680288
4,5.4118921328653925e-05,7.967899900222558e-05,2.271420279553629e-08,5.029373575618785e-05,3.5881349982924346e-08,0.0026800534612258903,1.0866819148193324e-06,9.946037674649899e-05,0.002763768465574266,0.00010191428178767136,5.273658699256595e-05,3.3113501653898624e-05,2.6999456094488433e-07,3.538672024112447e-06,0.9642159633174904,7.5432088866251e-05,8.30638263445168e-07,2.5570643294052027e-08,0.0002587033850163419,3.608032762019056e-09,3.8414777578209764e-10,0.028828657014699458,9.984685381046916e-08,1.635861495289069e-08,0.0007001755132508483
5,6.178033636230333e-05,7.987907723802491e-05,2.687718073454449e-08,7.276694300467592e-05,4.1556036033926955e-08,0.003464499705644335,1.2182560863581312e-06,0.0001047486735704369,0.0030435816255106308,0.00012412960707656944,5.2187850411306404e-05,3.283454288264072e-05,2.9698015839027794e-07,3.465642946669274e-06,0.9673327589020811,9.056430961438633e-05,9.395574242400935e-07,3.7123643512570875e-08,0.0002962553861209448,4.338005949938941e-09,4.179650646319443e-10,0.024599807581464832,1.457567390647087e-07,2.057226315586571e-08,0.0006380083805686041
6,4.8890829340280595e-05,6.871153186482275e-05,1.952265371484779e-08,4.470022160879743e-05,3.060545077121591e-08,0.0027685219315799936,9.413319294917384e-07,8.74607267016828e-05,0.0024065901691028954,9.000059196511491e-05,4.6842610239955806e-05,3.038223966610664e-05,2.0977690333067476e-07,2.739284434282366e-06,0.9685500993602251,7.366757220961622e-05,7.847118727508377e-07,2.0485146024423932e-08,0.00022579364451875934,2.9096412832056324e-09,2.983109875459704e-10,0.02489154010557131,9.175559059310447e-08,1.3902504561155244e-08,0.0006619438809680288
7,0.00015279701166109785,7.88298025811058e-05,3.0564161646358596e-08,5.0058873783078174e-05,3.0671060848905886e-08,0.0027722033720102425,1.2439289249696737e-06,0.0001426111025217614,0.0018764661225768502,8.44340265776929e-05,9.953127905256993e-05,3.0243192823563525e-05,5.44303663778966e-07,2.2107502071075223e-06,0.9490264746010998,6.334478136436014e-05,9.758992018184903e-07,3.739233106617841e-08,0.0003397097279961757,3.2617570208844237e-09,4.668130939643306e-10,0.044846073963463726,7.403728877730718e-08,1.2265582889841831e-08,0.000432058601494908
8,9.561627216766006e-05,0.00010077498450697076,6.994544669964225e-08,7.205747219283528e-05,6.107996042391928e-08,0.002920864810669937,7.972228612958534e-07,7.674467125305119e-05,0.003822871565514535,0.0001691155261406248,5.094047215308361e-05,4.719374423471523e-05,2.912498998539389e-07,5.773829160928843e-06,0.9719052021122633,0.00012004209059419813,1.5306276511918375e-06,2.7619939689796463e-08,0.00014144631032421296,5.703202637375648e-09,4.0760980797340624e-10,0.018994216294867524,2.228063208383281e-07,5.3394914614915964e-08,0.0014740797861494013
9,4.8291933961161775e-05,0.00012858554635641873,6.886946148895738e-08,7.375342309658835e-05,5.078896669537824e-08,0.002761614362432625,8.113359834509395e-07,9.932248135079277e-05,0.00493715110277895,0.00032827526960211125,3.7809031449362445e-05,3.721798607736762e-05,2.9082763906405774e-07,9.374770803317282e-06,0.9702990931890341,0.00016612952001985362,1.2493034391388926e-06,3.432709158160033e-08,0.00022565450196332265,8.465274215512538e-09,5.550942603538144e-10,0.019197415333524575,2.1933303276129016e-07,5.455382956300324e-08,0.001647523187737036
10,4.8890829340280595e-05,6.871153186482275e-05,1.952265371484779e-08,4.470022160879743e-05,3.060545077121591e-08,0.0027685219315799936,9.413319294917384e-07,8.74607267016828e-05,0.0024065901691028954,9.000059196511491e-05,4.6842610239955806e-05,3.038223966610664e-05,2.0977690333067476e-07,2.739284434282366e-06,0.9685500993602251,7.366757220961622e-05,7.847118727508377e-07,2.0485146024423932e-08,0.00022579364451875934,2.9096412832056324e-09,2.983109875459704e-10,0.02489154010557131,9.175559059310447e-08,1.3902504561155244e-08,0.0006619438809680288
11,5.3055299834423734e-05,7.078966047019419e-05,2.0521492002358607e-08,4.67494006040908e-05,3.2852623637051625e-08,0.002675533361186865,1.0265202342274516e-06,8.751723841009942e-05,0.00245134054373237,8.807186980406164e-05,4.923117291828622e-05,3.206273816314449e-05,2.496244044966619e-07,2.7508392537919313e-06,0.9669321380875002,7.641350059278535e-05,8.067502459823567e-07,2.1928587477484197e-08,0.0002410534357852773,3.242080656488357e-09,3.250156748032701e-10,0.026531983450347144,9.255204237653641e-08,1.5823125140846063e-08,0.0006590392615456526
12,6.313989002490301e-05,8.381133823653736e-05,6.794041874778397e-08,3.0155977436646105e-05,2.659916461997026e-07,0.004059575528424905,9.676672564015185e-07,5.046993116368779e-05,0.006855841142173162,0.00011724646562868355,9.773599749270615e-05,6.786085361742382e-05,1.7613405912887893e-07,1.189002831978727e-05,0.9624491366128398,5.806393555906029e-05,1.78875074516755e-06,1.678292944828451e-08,6.030192674005776e-05,9.101269575773471e-09,5.973755787679337e-10,0.022792995133915285,2.690906186220276e-07,6.766790238533405e-08,0.0031981455142058384
13,4.0465129123746356e-05,5.672325224163488e-05,9.481907402817189e-09,1.3869140078424053e-05,2.4783185168676262e-08,0.0006617781231375385,5.933028806913903e-07,0.00011027765539693867,0.0011012003675455481,2.3357261479954043e-05,0.00010058318408008975,5.423723218081491e-05,1.3858897490874942e-07,3.5788043004648672e-06,0.9579471383586285,3.076016104225728e-05,5.68339692581217e-07,8.057228687837127e-09,0.00010880649011520333,1.410480185381388e-09,2.2584062447691317e-10,0.038894008728385845,2.0953538359385523e-08,4.908521226101321e-09,0.0008518460600130871
14,6.50738895990135e-05,0.0007595951878250037,2.60735622633893e-08,0.00023720168071024108,1.6070890225128376e-07,0.0019985998695000954,8.808555077015227e-07,0.00011874384910205607,0.00241592649044255,0.0003006879442027315,0.00014428198102876602,2.8333264796656717e-05,7.014560508989255e-07,9.138395515124573e-06,0.9338687219106218,4.586766097429032e-05,2.735020527996559e-06,6.700116725927941e-08,0.0010901731438379672,4.725060114523647e-09,1.5438971680534813e-09,0.05843516655301598,1.5603092766869903e-07,2.7613562150017646e-08,0.000477727149662196
15,4.8890829340280595e-05,6.871153186482275e-05,1.952265371484779e-08,4.470022160879743e-05,3.060545077121591e-08,0.0027685219315799936,9.413319294917384e-07,8.74607267016828e-05,0.0024065901691028954,9.000059196511491e-05,4.6842610239955806e-05,3.038223966610664e-05,2.0977690333067476e-07,2.739284434282366e-06,0.9685500993602251,7.366757220961622e-05,7.847118727508377e-07,2.0485146024423932e-08,0.00022579364451875934,2.9096412832056324e-09,2.983109875459704e-10,0.02489154010557131,9.175559059310447e-08,1.3902504561155244e-08,0.0006619438809680288
16,5.0728120669788756e-05,7.105150767664774e-05,2.2165066522276573e-08,4.7961819125144826e-05,3.4025972729019964e-08,0.0030621851042838266,1.0100800658491138e-06,8.684158518582024e-05,0.0026500652592947186,9.957497466145291e-05,4.7465347723128205e-05,3.0140670879474095e-05,2.2593247792882636e-07,2.8451538981502236e-06,0.9686478369282772,7.956522439358173e-05,8.325204274551919e-07,2.2230798259621032e-08,0.00023676601949826768,3.294742395030292e-09,3.314827004590497e-10,0.02419164008468461,1.0581137582498576e-07,1.644083756338769e-08,0.0006930593665010055
17,0.00010031373132352268,0.00011529362783701629,3.501782187114793e-08,6.31211521798917e-05,7.751518927472377e-08,0.003277513703340357,1.813744499890552e-06,0.00013399261854154482,0.004125249481128946,9.159347755496851e-05,0.00010136336029571005,6.996277308063008e-05,3.973383946267198e-07,6.221152020245697e-06,0.9456914462637992,7.384544527236817e-05,1.4586401055568225e-06,3.62689279537849e-08,0.00024016074999827407,4.608770388232049e-09,6.391452119294663e-10,0.04482423013660277,1.5214620243784754e-07,2.7080012221822234e-08,0.0010816893279553869
18,2.9205806079481283e-05,6.851464138365196e-05,2.0451747504850035e-08,2.1802013691793158e-05,2.4567171026076977e-08,0.002005695113388116,8.743097733484086e-07,6.724272102085692e-05,0.002307128291512571,7.979876494616834e-05,3.775952680872757e-05,4.49959025289667e-05,1.3548024259127923e-07,4.2369455737625584e-06,0.9713513055844131,9.6691459714576e-05,9.287963606812745e-07,1.251603346014091e-08,0.00016545600429779622,2.9031139364423004e-09,3.3144211878035515e-10,0.02220580735545721,8.775818271804853e-08,1.6426840989925537e-08,0.0015122563282750643
19,2.5916635997298585e-05,6.61692065886836e-05,1.2379621769464238e-08,6.0317133248407336e-05,3.323167160154817e-08,0.0031610906704561026,8.08853336923817e-07,5.9755192910742136e-05,0.0028686224530849232,0.00010297139090208093,2.5359038347731456e-05,2.306784790765741e-05,1.6139563034913367e-07,2.227461708230705e-06,0.9716691514334397,6.210332538656437e-05,5.385550258632506e-07,1.3688251014412638e-08,0.0002011523214345195,2.71331555768096e-09,1.7165087779243606e-10,0.021162568824559646,8.185385653238441e-08,1.2762381993572115e-08,0.0005078614592851501
20,0.00010125508047199194,8.125215911810937e-05,6.911432018646961e-08,7.14092023475778e-05,6.386587643809828e-08,0.005305997615135102,1.6582201783198106e-06,7.935134658569797e-05,0.003426161204848253,0.00012795649825516733,5.5871868902959784e-05,6.593530446018815e-05,2.3318315850227846e-07,3.182364903284807e-06,0.9764392363911355,0.00022210058686675393,2.363789439099944e-06,4.071581114909201e-08,0.00023647865617139552,4.604174212307657e-09,5.888265305096492e-10,0.012246876067669067,3.821168012781031e-07,5.773849414679618e-08,0.0015320617160489486
21,4.332480681678704e-05,6.419650944797296e-05,1.6761950961788424e-08,4.177267715109336e-05,2.821795599155942e-08,0.0027578640269986282,8.810755038717797e-07,8.056029654756702e-05,0.00227991780851577,8.460855419791339e-05,4.323141350851907e-05,2.7112009199449593e-05,1.8866477967468294e-07,2.4184401777901203e-06,0.9694903109089973,6.75948007682775e-05,7.119515506280671e-07,1.786650094462e-08,0.00022054671236504676,2.6223571665542783e-09,2.649932162858435e-10,0.02418194322359776,8.378351816014184e-08,1.2268830060182724e-08,0.0006126543337694171
22,0.00010832341324730182,0.0001038262548069058,4.225060460096332e-08,6.670075868540383e-05,3.582745113688916e-08,0.0041587036945701875,1.0733522161762013e-06,0.00019497219649947285,0.0019411753083134918,0.00017461252876552536,8.366565792583075e-05,3.405440196078956e-05,3.4222061205144545e-07,3.953468737268506e-06,0.9542042250406569,0.00011219628412134084,2.0945354371279563e-06,5.219857006234278e-08,0.00035382220577119056,4.436542094790946e-09,6.678809507685616e-10,0.037813951625210764,1.6274361567516768e-07,1.4442244723557103e-08,0.0006419944855529747
23,4.8890829340280595e-05,6.871153186482275e-05,1.952265371484779e-08,4.470022160879743e-05,3.060545077121591e-08,0.0027685219315799936,9.413319294917384e-07,8.74607267016828e-05,0.0024065901691028954,9.000059196511491e-05,4.6842610239955806e-05,3.038223966610664e-05,2.0977690333067476e-07,2.739284434282366e-06,0.9685500993602251,7.366757220961622e-05,7.847118727508377e-07,2.0485146024423932e-08,0.00022579364451875934,2.9096412832056324e-09,2.983109875459704e-10,0.02489154010557131,9.175559059310447e-08,1.3902504561155244e-08,0.0006619438809680288
24,3.472277408312583e-05,0.00010720269561332032,1.470875281573658e-08,8.01021796700878e-05,2.9110877696230962e-08,0.002355982698795103,8.738736774925118e-07,0.00010092124636275514,0.0021634077009129163,0.00012227694877572947,3.659734618909539e-05,2.5708546997781507e-05,2.117199984235329e-07,3.1684535287182287e-06,0.9683560573162134,7.281992548386987e-05,8.314270181214802e-07,2.4544206772992905e-08,0.00034240815108904415,2.645263892702445e-09,3.0498156752322415e-10,0.02570171126305417,9.4705617103949e-08,1.1661421180921266e-08,0.0004948180514157189
25,0.00010335382262527902,8.277735858093117e-05,2.9036136207467366e-08,7.023822032826136e-05,6.108150660544051e-08,0.003178568595226654,2.0469538860489672e-06,0.0003639571183164244,0.00265924218667963,7.955166800841986e-05,0.00014885466045380075,7.367990151125459e-05,3.587587993731897e-07,5.434198045576057e-06,0.9469989486515933,8.009721144047254e-05,1.225671265946571e-06,5.990058075999737e-08,0.0002829972356604069,4.578941308894856e-09,6.522841904832967e-10,0.04518240964900347,1.1358596046366828e-07,1.2204756485070572e-08,0.0006859770984086295
26,0.00015270266310668477,0.00010616747318913383,1.0424820412234684e-07,0.00012179966033163561,1.1476497993991686e-07,0.006698613945971664,2.0344275267208857e-06,9.714407615599892e-05,0.008599850464307906,0.00024054261070796275,7.161907035494196e-05,5.152071921588271e-05,5.816429796394535e-07,6.69936937099534e-06,0.9604825547430967,0.00017000666866891147,1.7761087306194447e-06,8.399862364351328e-08,0.00028965757928349614,1.1750415121947308e-08,8.85565557744334e-10,0.021568918648839603,5.412817058043836e-07,1.1280468241786338e-07,0.0013368403939850316
27,0.0004066289135877888,0.00043318001358248537,6.207537531714055e-07,0.0001432269421846863,1.4897110073596044e-07,0.003476545426228207,3.090022341419686e-06,0.0003559756535173169,0.0012015091695878094,0.0003214909104651656,0.00029741523290188396,0.00022536053018088395,8.912630754042566e-07,2.0343703320779286e-05,0.9691866651424603,0.0007154698743728278,4.365650790627447e-05,2.542630514601413e-07,0.0004183568500896891,1.836626796894349e-08,7.38640295255947e-09,0.0192128404620252,1.2828009007352086e-06,1.0002413917434152e-07,0.0035349208165557687
28,4.8890829340280595e-05,6.871153186482275e-05,1.952265371484779e-08,4.470022160879743e-05,3.060545077121591e-08,0.0027685219315799936,9.413319294917384e-07,8.74607267016828e-05,0.0024065901691028954,9.000059196511491e-05,4.6842610239955806e-05,3.038223966610664e-05,2.0977690333067476e-07,2.739284434282366e-06,0.9685500993602251,7.366757220961622e-05,7.847118727508377e-07,2.0485146024423932e-08,0.00022579364451875934,2.9096412832056324e-09,2.983109875459704e-10,0.02489154010557131,9.175559059310447e-08,1.3902504561155244e-08,0.0006619438809680288
29,4.8890829340280595e-05,6.871153186482275e-05,1.952265371484779e-08,4.470022160879743e-05,3.060545077121591e-08,0.0027685219315799936,9.413319294917384e-07,8.74607267016828e-05,0.0024065901691028954,9.000059196511491e-05,4.6842610239955806e-05,3.038223966610664e-05,2.0977690333067476e-07,2.739284434282366e-06,0.9685500993602251,7.366757220961622e-05,7.847118727508377e-07,2.0485146024423932e-08,0.00022579364451875934,2.9096412832056324e-09,2.983109875459704e-10,0.02489154010557131,9.175559059310447e-08,1.3902504561155244e-08,0.0006619438809680288
30,4.8890829340280595e-05,6.871153186482275e-05,1.952265371484779e-08,4.470022160879743e-05,3.060545077121591e-08,0.0027685219315799936,9.413319294917384e-07,8.74607267016828e-05,0.0024065901691028954,9.000059196511491e-05,4.6842610239955806e-05,3.038223966610664e-05,2.0977690333067476e-07,2.739284434282366e-06,0.9685500993602251,7.366757220961622e-05,7.847118727508377e-07,2.0485146024423932e-08,0.00022579364451875934,2.9096412832056324e-09,2.983109875459704e-10,0.02489154010557131,9.175559059310447e-08,1.3902504561155244e-08,0.0006619438809680288
31,0.0001297909332752258,0.0001218562363618592,5.590662983356562e-08,6.902230542094615e-05,3.7401356706286385e-08,0.0035788403069255893,1.5575283693123737e-06,0.00025661658929286964,0.002627171249657749,0.0001629880227263668,8.433998805987938e-05,5.3681105768982965e-05,4.2341029365384306e-07,4.852692230609818e-06,0.9544161202750853,0.00016070245107413972,1.8053997383322711e-06,5.799301100172286e-08,0.0003342248004784929,5.11490550939272e-09,7.062352651655076e-10,0.037098350863750205,1.5287194184940347e-07,1.9846209462831248e-08,0.0008973260012009068
32,4.194227982419471e-05,6.321187257395857e-05,1.6379417721058728e-08,4.351828217842171e-05,2.764150247299005e-08,0.002644671894949279,9.207288690635726e-07,8.039591047302711e-05,0.0021672251213378456,8.426698542586012e-05,4.262946975073936e-05,2.6416152454643466e-05,2.0292351497149508e-07,2.3240102398094743e-06,0.9699618791620827,7.111310314400355e-05,7.184150805399832e-07,1.9273171822769558e-08,0.00025594378544651784,2.7169660430242423e-09,2.9133633377211667e-10,0.02393539566333139,8.447980326227498e-08,1.2635213343162796e-08,0.0005770608219120907
33,9.5303302251482e-05,0.00011816209792281012,1.8843994646411372e-08,7.939101790083834e-05,3.334884349938731e-08,0.0023423335259509146,1.3946176568437937e-06,0.00019214425037142506,0.0014371970670122504,6.628170144477574e-05,8.998272058164847e-05,6.667064385076346e-05,4.094059556887284e-07,2.4897381597724836e-06,0.9439711377557115,0.0001046506528614309,1.659810839222222e-06,3.263215498491295e-08,0.0003672387348656745,2.629996971443768e-09,4.180651257672425e-10,0.050518104924143166,7.767161542373279e-08,1.2944885485348243e-08,0.0005452695429634172
34,0.0002437314132524139,3.0105186618502055e-05,2.4496022675239442e-08,4.330701618996748e-05,3.653507800734878e-08,0.0020110375983153927,1.2095751391742617e-06,9.645211124518348e-05,0.0021142975852489697,3.402899336578053e-05,0.00010599861766131334,2.411751489178368e-05,4.5082127745417916e-07,1.0915028348017035e-06,0.9669926336291503,4.294386180159981e-05,5.105722535368973e-07,3.749861511958174e-08,0.000303811520840129,1.983351981470894e-09,3.5380073159234843e-10,0.027643889118973027,6.741093308345376e-08,1.4450938523487974e-08,0.0003102006322005034
35,0.00011628949115139897,8.305959173650357e-05,2.663908754466758e-08,6.085535978649863e-05,2.7968446580072335e-08,0.004298597410399122,1.4453613767573333e-06,0.00018564940567257984,0.0032783242739107725,0.00011514893952662046,7.217975731371001e-05,4.9128204923697194e-05,3.676493836808801e-07,2.635477945821251e-06,0.9442889824762644,0.00011719202415226265,1.0178872211891435e-06,4.20476284616762e-08,0.00040106557776451205,2.8429522829180726e-09,4.0064421774769427e-10,0.04629196726806839,1.0183612563138273e-07,1.6686066006971934e-08,0.0006358754224514771
36,4.891070251741623e-05,6.831471423744639e-05,1.962068112160546e-08,4.460889698701995e-05,3.11022771053962e-08,0.0027675820416084677,9.396015680975914e-07,8.601813476580365e-05,0.002400990442027734,8.910744017607318e-05,4.713022210478989e-05,3.02662128708105e-05,2.089979373606198e-07,2.724765248497615e-06,0.9689364678306538,7.305536634955936e-05,7.854485533978737e-07,2.0361628823492325e-08,0.0002238886818906253,2.916707619591698e-09,2.9960820334503476e-10,0.02451386728430095,9.267820566770954e-08,1.4106334983868979e-08,0.0006649521307589167
37,0.00018192751877123107,0.0001119863579128676,7.858121131373262e-08,8.400740901446238e-05,8.703593129269922e-08,0.0038266059530422452,2.0131414782752444e-06,0.0001179074381011454,0.005723337585292002,0.00014696770696037071,9.481729434407578e-05,6.75192324661029e-05,6.434987262179909e-07,6.675067260546033e-06,0.9548266024415539,0.00011551531051523178,1.5296377764881467e-06,6.40524310653911e-08,0.0002776848848763194,7.2025761231998666e-09,8.20185641453832e-10,0.0331801777298377,2.4214495652566695e-07,5.953109298988229e-08,0.0012335424236856111
38,7.535709279604947e-05,0.0006282968423832955,4.6266603640109974e-08,6.350430816123276e-05,3.2177448874686964e-07,0.0007435365981528524,6.172495700278164e-07,0.0001646812996993364,0.00903823087041455,0.00011039931524347326,0.00023923201601423278,0.00021257760070087777,2.6247479119931835e-07,6.610223532792919e-05,0.9070508425185424,2.457205403490874e-05,1.5222770230768125e-06,1.3722852177647241e-08,6.003940948137668e-05,4.136535874559088e-09,4.936539891279488e-10,0.07704209033306565,7.6230175698188e-08,3.900447700750361e-08,0.004477633875810161
39,7.63082373665304e-05,5.391231336658261e-05,2.3456061281796822e-08,4.165171833908768e-05,2.1442007428309168e-08,0.004933818565112035,1.747522741181771e-06,0.00023534648213513126,0.001702778312227917,7.758061800415975e-05,6.564438640277476e-05,5.542867507020366e-05,2.548942965502033e-07,1.8141273576187791e-06,0.954156213573257,0.00015925576953620558,1.2804164940339001e-06,2.9019226317358234e-08,0.00029585767423897944,3.0821130796118698e-09,3.951564946399011e-10,0.03746782461352852,9.564448633015343e-08,1.0683089903883207e-08,0.0006730983783845825
40,2.7921398868543415e-05,8.74632258490321e-05,1.7258177584937906e-08,0.0001621925407464775,2.83851215128225e-08,0.0037675124883979044,1.2991515522249175e-06,0.0001410933844084983,0.0040702679969722615,0.00027837205640244043,3.0005350298083328e-05,1.7877444756821837e-05,2.7685409417105727e-07,3.5242914506732565e-06,0.97311332092119,0.0001489893322148367,6.345184356978314e-07,7.614200074439759e-08,0.0009266694171047321,4.986704787766794e-09,4.829332478189902e-10,0.016794569104932055,2.2617100424539946e-07,2.5920713428121953e-08,0.0004276311756699947
41,6.723619625632241e-05,0.00011767757867705391,3.217903033131459e-08,4.511987393305669e-05,3.063189567661442e-08,0.002898143529496036,1.3555733610952904e-06,0.00013512908223518277,0.0026116331654376284,0.0001316348683235408,6.611993427969233e-05,4.5037531471065395e-05,3.672026707927642e-07,4.900821162710456e-06,0.9525954873565639,0.00012263767578501246,1.4449929076872155e-06,3.3504799430533487e-08,0.00034239074858626105,4.6180588067497865e-09,6.54780668719348e-10,0.03979775139813954,1.2478624280778263e-07,2.039176144189398e-08,0.0010156857041443835
42,3.4168652187659715e-05,5.642965239147206e-05,7.374009171046127e-09,3.0570903842038235e-05,1.5466357350417344e-08,0.0026110079375008827,8.550127732833393e-07,8.843520793668446e-05,0.0015410244789292025,5.7460507431587595e-05,3.637313417885738e-05,2.2168357664599437e-05,2.155788679949468e-07,1.05502072870318e-06,0.9478118316693299,6.363062369777952e-05,5.408869528712136e-07,1.0109432576646055e-08,0.00031688417912246135,1.6424726169196223e-09,1.8139562227824074e-10,0.04697388556832718,3.263575875062298e-08,6.232850677580493e-09,0.0003533889858601276
43,3.5018641657459075e-05,5.3130254676406376e-05,1.573345816877136e-08,3.989438644871448e-05,2.3734487017150117e-08,0.0033827335817494812,7.451349298610269e-07,8.370763584017082e-05,0.0023182224955353298,0.00011167065721981775,3.475342009037704e-05,1.8804185412061675e-05,1.67889597690747e-07,2.181096369569415e-06,0.9696681633886468,6.809836524321726e-05,5.818990532930552e-07,1.7768721159658437e-08,0.0002353938339675881,2.8302030813880542e-09,2.5097457517330605e-10,0.023434416367417988,8.21764077015313e-08,1.0444949282545294e-08,0.0005121638269432081
44,4.8890829340280595e-05,6.871153186482275e-05,1.952265371484779e-08,4.470022160879743e-05,3.060545077121591e-08,0.0027685219315799936,9.413319294917384e-07,8.74607267016828e-05,0.0024065901691028954,9.000059196511491e-05,4.6842610239955806e-05,3.038223966610664e-05,2.0977690333067476e-07,2.739284434282366e-06,0.9685500993602251,7.366757220961622e-05,7.847118727508377e-07,2.0485146024423932e-08,0.00022579364451875934,2.9096412832056324e-09,2.983109875459704e-10,0.02489154010557131,9.175559059310447e-08,1.3902504561155244e-08,0.0006619438809680288
45,2.387876548518351e-05,2.759070452115863e-05,6.8809508545917e-09,3.6283838244420746e-05,2.0167266864415516e-08,0.002456078462440608,8.016706739686921e-07,5.3525664001596924e-05,0.0017013936076552176,4.305906873033718e-05,2.533120465304943e-05,1.5856283012022348e-05,1.2103836746377024e-07,8.909755521990251e-07,0.9796214531746439,4.704394824329544e-05,2.9928216787456373e-07,1.0516997842885748e-08,0.000192770358796997,1.6883310478312998e-09,1.1912531182115511e-10,0.015452323678228254,4.804525520200716e-08,6.8351865052586e-09,0.00030120402146893027
46,8.314598750305463e-05,8.787280445814385e-05,1.4264048543679216e-08,5.066265829411343e-05,2.4722010009499175e-08,0.002426082332288729,8.555585137265795e-07,8.664270938656764e-05,0.0007108154332862882,4.049642901384503e-05,5.85694462011437e-05,4.891672946721521e-05,2.1904231808580745e-07,1.0446819069464072e-06,0.9591717543037033,8.529506401340601e-05,2.4098813697282815e-06,1.1670995480884289e-08,0.0002080958415991483,1.39058384473668e-09,2.3037914335010436e-10,0.036433517645715834,7.157569236473584e-08,9.187750184780142e-09,0.00050347040950109
47,8.583963895634712e-05,0.00011634949761831608,1.6085174733518297e-08,2.952135746710665e-05,1.877400390116111e-08,0.002001246417332109,1.0094871431000732e-06,8.954292878312917e-05,0.0017918406420934863,5.8491943238535604e-05,5.1924525731656335e-05,6.24245016118493e-05,3.440522865711168e-07,1.674707217478543e-06,0.9380717137360008,0.0001065214128449984,1.0522294335790832e-06,1.1999493020783152e-08,0.00021911451524902738,1.975499493681811e-09,1.8800302601588096e-10,0.05650949036371106,3.910279687637761e-08,1.3583264531423369e-08,0.0008017963350453315
48,4.477210775660439e-05,0.0002017401315849232,1.453300187565721e-08,8.399728112122198e-05,1.7342849510282274e-08,0.0025536680039839853,6.94692348547003e-07,0.00014040313689121022,0.0009640015928057333,0.0001499512754558523,3.3552084178898166e-05,2.520072040934304e-05,1.930657177303343e-07,2.274328562410402e-06,0.955056763407084,9.472177415873851e-05,2.2497731979409936e-06,1.881632018388514e-08,0.0003958761721865066,1.6451734352780716e-09,2.921612490258644e-10,0.0398316946571957,8.67935943106632e-08,6.008768986578423e-09,0.00041810036349106247
49,7.890713412203806e-05,7.701229037285056e-05,3.3554005463685e-08,5.319910337889014e-05,4.43342338721845e-08,0.004793227875035817,1.4991926738768985e-06,0.00012737776267249766,0.0032366872907655074,0.00010708781119904134,6.803757618880289e-05,5.0855948464594204e-05,3.026822561793621e-07,3.3881924461596364e-06,0.9590928388091962,0.00010770000903299011,1.1775848499910956e-06,3.1178951117601973e-08,0.00022169167263018727,4.584079578561124e-09,4.271872523415555e-10,0.0311073601902921,1.4037965475417302e-07,2.0864947058386763e-08,0.0008713735513634248
50,3.3051182773308694e-05,7.313378952679945e-05,1.664964818226737e-08,4.080350368741366e-05,2.0550109987816987e-08,0.002617076507384654,8.570193277613071e-07,0.0001254371044464136,0.002557169786455237,0.00014662070121867487,3.3959202631918946e-05,2.135671583740554e-05,1.920312856510081e-07,3.5738846246033864e-06,0.960975496886468,6.321037769633506e-05,5.497734279178395e-07,1.9046909442750923e-08,0.000286081645673983,2.6063827065757615e-09,2.972554499544258e-10,0.032465918600444954,6.268787469319983e-08,7.497664635510923e-09,0.0005553819512440145
51,6.16601920635873e-05,2.2623264979463867e-05,3.084468287570835e-08,2.319899537799258e-05,3.958452577947438e-08,0.0057492587406812404,1.4621167028762092e-06,4.8847309017857115e-05,0.00344368862599789,6.774213140320401e-05,5.0376686621158476e-05,2.9868967379986788e-05,1.8963938764485086e-07,1.7065339071696983e-06,0.9742510047510308,0.00010700380649251962,8.3154559823133e-07,2.116078422879819e-08,0.0001772358057820562,4.400957897245283e-09,3.849150128865651e-10,0.014946298681409122,1.8623303782586382e-07,3.242108757136349e-08,0.0010166871761762614
52,5.3718790224521706e-05,0.00012840509084869543,2.5986078607282624e-08,3.5894987367099857e-05,7.494736215922538e-08,0.002237758641440228,1.812970947257041e-06,7.300800769651667e-05,0.0026177142025898613,3.906261513622182e-05,8.160563442578341e-05,9.781880678545981e-05,2.04883455572587e-07,4.3678691754311625e-06,0.9643684415893217,6.467796075681969e-05,1.7535416311760225e-06,9.594781033443546e-09,0.00012586478595457288,2.539654832565234e-09,4.50248257953063e-10,0.028262818282126217,1.144829032071193e-07,2.333117640728355e-08,0.001804820007912283
53,3.9870866583989364e-05,4.285050404879402e-05,1.4405830043243997e-08,3.165165753659123e-05,2.6007266072587224e-08,0.003177760630193629,1.4910636602056053e-06,8.482994815365678e-05,0.002659763750091359,4.958940216362528e-05,4.486121019262456e-05,4.0272004090341106e-05,1.5481182569189428e-07,2.4002524844837157e-06,0.9728465475285587,6.628017734959094e-05,5.646363213947887e-07,1.714692871056724e-08,0.00016252810567295744,2.5342719180533128e-09,2.392611499600887e-10,0.020008829529570952,9.342306043547023e-08,1.1091789339998226e-08,0.0007395890730935852
54,1.734674675365852e-05,7.502055104032067e-05,1.334802825545003e-08,1.8070637552869288e-05,1.9130360306400572e-08,0.0011843050163272664,5.422746264161252e-07,4.9752245405570865e-05,0.0025478436374437737,7.876842917802987e-05,2.2893633047534114e-05,3.79533130484409e-05,9.409635501319427e-08,4.231954440172054e-06,0.976153188623656,7.582019016354961e-05,4.927708107875432e-07,6.647461228106126e-09,0.0001062375447721898,2.2306723608321804e-09,1.4274113528757563e-10,0.018195487774259386,4.550822002707926e-08,1.1775764050735326e-08,0.0014318517778715407
55,6.821383980820658e-05,5.3952669899693885e-05,2.0674060341810984e-08,5.5571125702700257e-05,6.3195230322077e-08,0.00344833335848089,2.2935933698266914e-06,7.446198827161534e-05,0.005383157761834047,4.5133919981221205e-05,6.435747651434746e-05,9.617909115756445e-05,2.611561129839847e-07,2.861277818151356e-06,0.9679412613993755,8.631909146070149e-05,5.959308116087662e-07,2.498300939819432e-08,0.00019175392930331723,3.117051775036317e-09,2.740290879467924e-10,0.02137038474813576,1.2433129162688728e-07,3.6011771477578585e-08,0.0011146350555177053
56,5.1521089292716094e-05,7.008234980510715e-05,1.9849118248336176e-08,4.5632518145466385e-05,3.151668706318558e-08,0.0027696971333348833,9.963075138600848e-07,8.929167345730687e-05,0.00244562737139924,8.862254189864197e-05,4.8919837704768045e-05,3.1498511033240744e-05,2.2895470614840903e-07,2.7641380198735755e-06,0.9671447146237836,7.377085704199353e-05,7.946201822151003e-07,2.139876138684087e-08,0.00023557360037756092,3.030268634867027e-09,3.1427024972104566e-10,0.026241425490890615,9.259047391981032e-08,1.4543689565485551e-08,0.0006586551381436719
57,3.905354148637314e-05,9.575231065307068e-05,1.6304513007460236e-08,3.841150533850132e-05,2.538077277189768e-08,0.001953587406678026,1.0840043356948718e-06,9.173654327013525e-05,0.001911496880084757,8.629899734343342e-05,4.622526572140104e-05,3.537828839626017e-05,2.7813220852824747e-07,2.520510751349982e-06,0.9603508728966507,9.694283173046481e-05,9.025177296705337e-07,1.77782270079272e-08,0.00040110617502705977,2.671273382225005e-09,4.165449913037663e-10,0.03413410075976662,6.177431682675263e-08,1.4230754084296278e-08,0.0007141128764258775
58,4.862295180009582e-05,6.873558476329073e-05,2.2068272837719982e-08,4.806456097151561e-05,4.0400922126906335e-08,0.00277990966400326,1.0939781340369445e-06,7.006335288704574e-05,0.0028773116967649205,8.799361010138964e-05,4.7761322210031055e-05,3.2827494012363056e-05,2.560641155684141e-07,2.8306464396446895e-06,0.9701753233150997,8.11184948311098e-05,7.970956681519179e-07,2.1736006269914763e-08,0.00024243659163439334,3.7767701914750584e-09,3.5701238930153504e-10,0.022677216939969866,1.1195111207871568e-07,2.2954846264614234e-08,0.0007574133916511627
59,5.3237466122915106e-05,7.795690793305781e-05,2.8489865426605327e-08,5.032082732866116e-05,4.3133741985373215e-08,0.003065131767217699,1.145934404967763e-06,8.050477667757328e-05,0.0031377388081901734,0.00011125247459104527,4.955710282984167e-05,3.439869810755151e-05,2.713386022067432e-07,3.439148663029538e-06,0.9688285362644837,9.520619069605738e-05,9.448933190378134e-07,2.5091020814871754e-08,0.00024700003762667704,4.394186444854051e-09,4.215550262883721e-10,0.02330011774556875,1.2994363978397924e-07,2.5312386881721603e-08,0.0008629828312410404
60,4.8890829340280595e-05,6.871153186482275e-05,1.952265371484779e-08,4.470022160879743e-05,3.060545077121591e-08,0.0027685219315799936,9.413319294917384e-07,8.74607267016828e-05,0.0024065901691028954,9.000059196511491e-05,4.6842610239955806e-05,3.038223966610664e-05,2.0977690333067476e-07,2.739284434282366e-06,0.9685500993602251,7.366757220961622e-05,7.847118727508377e-07,2.0485146024423932e-08,0.00022579364451875934,2.9096412832056324e-09,2.983109875459704e-10,0.02489154010557131,9.175559059310447e-08,1.3902504561155244e-08,0.0006619438809680288
61,6.174016672817409e-05,7.789518846309871e-05,3.2459055917777656e-08,5.282382123659913e-05,4.6660874656546755e-08,0.003317194591583989,1.2414159728818333e-06,8.621769687883484e-05,0.0035717911488587326,0.00011816967698974784,5.362749645748879e-05,3.6259595726247744e-05,2.960590728283991e-07,3.690226144961109e-06,0.9672710944762478,9.71340851738497e-05,9.511174529759902e-07,2.8526799457698624e-08,0.0002551267064147939,4.651189672009473e-09,4.5953866783348345e-10,0.024095924045763214,1.4234719422222279e-07,2.834069662209249e-08,0.0008985390394848418
62,4.8890829340280595e-05,6.871153186482275e-05,1.952265371484779e-08,4.470022160879743e-05,3.060545077121591e-08,0.0027685219315799936,9.413319294917384e-07,8.74607267016828e-05,0.0024065901691028954,9.000059196511491e-05,4.6842610239955806e-05,3.038223966610664e-05,2.0977690333067476e-07,2.739284434282366e-06,0.9685500993602251,7.366757220961622e-05,7.847118727508377e-07,2.0485146024423932e-08,0.00022579364451875934,2.9096412832056324e-09,2.983109875459704e-10,0.02489154010557131,9.175559059310447e-08,1.3902504561155244e-08,0.0006619438809680288
63,4.498261996216155e-05,8.104562207494121e-05,1.8337709370551902e-08,4.461264678845427e-05,2.8840856434557476e-08,0.002480659845931607,8.678560475536833e-07,8.453380711249148e-05,0.0022262399759843134,9.369439832034519e-05,4.421506350822895e-05,3.0079985567014652e-05,2.1057672152300779e-07,2.7635374022192924e-06,0.9678453056156319,7.513446996363539e-05,8.25487230693878e-07,1.871817232024702e-08,0.00023483976823292216,2.8119894487461255e-09,2.898335277283209e-10,0.02604330272437453,8.418498384614685e-08,1.3537440188826984e-08,0.0006665192781604055
64,5.601257441164002e-05,8.45863830841907e-05,2.7218587697729164e-08,4.7841130243210434e-05,3.684408598137641e-08,0.002769370681466996,1.1975877290969474e-06,9.729845787606014e-05,0.002520355429092484,0.00010477307228559295,5.4496197401682526e-05,3.436143021908875e-05,2.8164152099727635e-07,3.530277933866086e-06,0.9661715773284296,9.076026317580764e-05,1.060432589848912e-06,2.6329384129058546e-08,0.0002847945842248184,3.825850775837307e-09,4.961576936824127e-10,0.02688964670323629,1.156329960691967e-07,1.8420414410879958e-08,0.000787827057602104
65,3.937225745131489e-05,3.2295762736856146e-05,8.58857033935163e-09,4.2131638547288525e-05,2.026745216122072e-08,0.003197794401636903,8.502813365025246e-07,6.730315980954642e-05,0.0011193912228137468,4.142897819463882e-05,3.9883758798681756e-05,2.0528568913043293e-05,1.216295072638643e-07,8.348170520064348e-07,0.97791152724607,5.5162166590921096e-05,6.524677464034436e-07,1.5048522498335017e-08,0.00023482975283908587,1.3875104597219158e-09,1.773593959440566e-10,0.01687658460544219,7.55354494991625e-08,6.712101852954724e-09,0.0003191795675472513
66,0.0002140192905515319,9.753290465945945e-05,1.0495488665797918e-07,6.632635428927634e-05,6.961201966933939e-08,0.003463077214653754,2.215926823955931e-06,0.00032741578046504975,0.004541044397219557,0.00019554840810308044,0.00013672942364300193,5.633490695748136e-05,9.727036686758914e-07,7.135370474146426e-06,0.939691861594532,0.00013316474543704931,1.221821223669751e-06,8.691284858182359e-08,0.00032039326218535224,1.060648490499823e-08,1.0304823331743304e-09,0.04990654146931669,1.1320365429439622e-07,2.722038675724342e-08,0.0008380508850331844
67,7.883686532584924e-05,8.163795426973772e-05,4.6181794507677505e-08,6.70598031668871e-05,4.257899186822021e-08,0.003799682246245267,1.2364500555767254e-06,0.00011942483486837728,0.0026703644574530058,0.00014685240222883392,6.151425143358585e-05,3.455762755636096e-05,3.217176799103512e-07,4.314947971273383e-06,0.9692338448941114,0.0001129270033233977,1.4630245142380258e-06,4.288069655197997e-08,0.00027617839443193706,5.591322112972449e-09,6.424798308000053e-10,0.022473263888716913,2.1601646020254757e-07,2.534373769518965e-08,0.0008361400011647562
68,4.8172688541437806e-05,6.716794767298828e-05,2.7806239672289883e-08,4.831775502479365e-05,4.285537058358004e-08,0.0032986666493750277,1.0822452307131187e-06,7.63357043832431e-05,0.0037193401274026746,0.0001093894950741768,4.640726811720608e-05,3.620484580073201e-05,2.1544077843831262e-07,4.036013206554833e-06,0.970903162025029,7.750772566085862e-05,7.651458494172812e-07,2.2844718048688466e-08,0.0001817942204488015,4.115395153199984e-09,3.2849290654588573e-10,0.020452420028405888,1.3363416506065757e-07,2.225553427898426e-08,0.0009287608340822342
69,7.200427630226909e-05,8.159274181081007e-05,6.462738901247601e-08,6.012866977939807e-05,4.434800532399675e-08,0.004491001106900838,1.6360547649820861e-06,0.00019916137569449038,0.0045291037873034234,0.00023538587539134896,6.61736154014659e-05,4.253901785887509e-05,3.379643510419519e-07,8.569045713025113e-06,0.9630602065820354,0.00014583839113149497,1.1694209081492415e-06,6.861297383266215e-08,0.00033165233218624047,8.094521062907514e-09,9.99472772330692e-10,0.025451485640381705,2.4616512128619165e-07,2.90970171175212e-08,0.0012215521575846214
70,4.7487252685202665e-05,4.731158106669742e-05,1.939474542363503e-08,6.617985212481514e-05,6.778607919471832e-08,0.0031100857639998936,1.175512169204741e-06,7.851775560128226e-05,0.0035676615887347573,5.959256384493993e-05,5.379554994008984e-05,3.1307394106396216e-05,1.6254358971958492e-07,3.229284967103269e-06,0.975390054835141,3.5938858039561135e-05,5.375004083406076e-07,1.9543135170799848e-08,0.00013638437984939242,2.797238807434531e-09,2.562921723760194e-10,0.016783354559318914,1.22644380868705e-07,1.4183078981003353e-08,0.0005869766194620073
71,2.2748130291069417e-05,0.0002155072984640837,9.264526156263031e-08,6.211427941943362e-05,2.2582706612077359e-07,0.003189916511245983,3.0371247211182906e-06,0.00018087201014822322,0.03144424204573006,0.0005660109191792625,5.087417294933243e-05,5.9277426937267266e-05,3.8065306471201304e-07,7.033437044476526e-05,0.9344286441551516,0.00015548389590135277,7.112349871498059e-07,7.621139743605137e-08,0.00026783745097522753,3.272897610693127e-08,2.0754324648239944e-09,0.025363640505061253,3.6568778779469886e-07,1.0023866375895287e-07,0.003917472400743107
