,0,1,2,3,4,5,6,7,8,9,10,11,12,13,14,15,16,17,18,19,20,21,22,23,24
0,0.0002554471657329262,0.0010535612469925626,0.0005931797164104553,1.3491140726123751e-06,2.4153196851554643e-05,0.0012715156250389472,0.0010073429593795494,2.558215460815159e-05,0.29706869515573053,7.046104053748987e-07,0.00020343776125219837,0.00016543460860148488,2.3794071119058148e-08,1.5857590928101863e-06,0.5649052798639256,7.701700886661135e-05,2.3345236111564263e-06,6.443687782962323e-05,0.1161533706443034,3.5746397740361546e-09,0.0004012046054836538,0.01591505553980535,1.7327304337773804e-07,8.782427271369088e-06,0.0008003287929797641
1,0.0005271055560499913,0.0022849802950968964,0.0016527041782932815,4.035006443422637e-06,2.4532416630615368e-05,0.0016136092939167733,0.0025725363870306227,3.4179529925869705e-05,0.3605426873913187,2.8069705769978586e-06,0.00019527369349952816,0.0003495520427117036,2.4877183157905993e-08,3.034622358310236e-06,0.5009390070978976,8.765975198768284e-05,1.909641205184256e-06,0.0001229656885715247,0.1080913088569061,4.950076760390436e-09,0.000618167578868487,0.018435183487220314,4.680724140442736e-07,1.4124991022399945e-05,0.001882137622794247
2,0.00046826273761895083,0.002168832055085888,0.0010167628586379817,3.1606711170915022e-06,3.5409240593963026e-05,0.0011238697106279855,0.0024256625641044605,2.5644649562228682e-05,0.27802117327677917,1.9922799388664777e-06,0.00020205472197854183,0.0003242458256262681,2.2822533074779707e-08,4.201615148209398e-06,0.6301931264349423,6.065762426182994e-05,2.260180603968834e-06,0.00011456778767336516,0.06300996378453642,5.336615306064461e-09,0.0004533971503859159,0.01753256384603566,5.055411059908135e-07,8.426100318884908e-06,0.002803231184167626
3,0.0005404816941344511,0.0025780653419734062,0.0014412166660133017,5.150799029437983e-06,2.9322439676249708e-05,0.0015262209425731578,0.002822639934453781,3.341875288927057e-05,0.330513715518167,2.7179735539040626e-06,0.00026874761203801766,0.00044306260508084825,2.6300935678770005e-08,4.905391355100445e-06,0.539646152668612,7.133429480503925e-05,2.708232040586258e-06,0.00014988745469773484,0.09207260460808585,5.402396567762561e-09,0.0006915242266171863,0.024478430480106297,6.862227860586983e-07,1.3908029764914232e-05,0.0026630664082140146
4,0.0005639083685596315,0.002598060038528785,0.0014169461211518402,5.509721082675046e-06,3.091481398841888e-05,0.0015191981269368456,0.002861631070082667,3.35070007480416e-05,0.3377144804434341,2.6979653740041363e-06,0.0002796664921813094,0.000500765936780455,3.243149887185572e-08,5.330792849578049e-06,0.5281797825732834,7.119121179100264e-05,3.2183739622360115e-06,0.00015988376634728743,0.09373883152525031,6.00516750739635e-09,0.0007494440303148055,0.02670010420753371,7.420070349738481e-07,1.493168703553835e-05,0.002849215289082095
5,0.0006793425516042614,0.0028554559266509775,0.0016005892044814705,7.716834091165524e-06,2.830447278628623e-05,0.0016873603607069985,0.0030456816295276277,3.6620380295657736e-05,0.3625703974844151,3.3404687329423704e-06,0.00030299940513983653,0.0006007374716707755,3.406806906446839e-08,6.84704732520674e-06,0.49818900816605577,7.584205518510977e-05,3.5921627160265904e-06,0.00023227769012097328,0.09229414652407192,6.437612217180159e-09,0.0008529272320569741,0.03158615178987191,8.402878391777475e-07,1.75859322999632e-05,0.0033221944166725976
6,0.0005404816941344511,0.0025780653419734062,0.0014412166660133017,5.150799029437983e-06,2.9322439676249708e-05,0.0015262209425731578,0.002822639934453781,3.341875288927057e-05,0.330513715518167,2.7179735539040626e-06,0.00026874761203801766,0.00044306260508084825,2.6300935678770005e-08,4.905391355100445e-06,0.539646152668612,7.133429480503925e-05,2.708232040586258e-06,0.00014988745469773484,0.09207260460808585,5.402396567762561e-09,0.0006915242266171863,0.024478430480106297,6.862227860586983e-07,1.3908029764914232e-05,0.0026630664082140146
7,0.0018593116270929758,0.0037107383365543273,0.004954190256740243,5.690354099876485e-06,4.109289740006162e-05,0.0024619391425539155,0.004776156265143676,5.0189279754658536e-05,0.3888051789147016,4.90683514890615e-06,0.00035757525209915525,0.0005425020584259353,4.671961506740932e-08,5.050199104483544e-06,0.39945382575629035,6.983051353380635e-05,2.758939185910726e-06,0.0002239691975948075,0.17358304116384263,7.192629798154243e-09,0.0006212439332241421,0.014971295971500544,1.0179131351681055e-06,3.094485302764271e-05,0.003467496427600208
8,0.0010876171389227966,0.005266525634316358,0.0032671958636640683,9.394109336243023e-06,4.433037653633785e-05,0.0021844254559470464,0.005437940829788662,4.146782167060145e-05,0.36044663769390595,6.56061187342574e-06,0.0003224510643626001,0.0006353110471394053,3.494652206884231e-08,7.571330193934831e-06,0.4825874860655966,8.075868224714469e-05,2.7589357247699533e-06,0.00018294211110704973,0.11386371346278215,8.794047856224219e-09,0.0008117523397365018,0.019246759919977346,1.5471635831494968e-06,2.4124888185052935e-05,0.004440683712833041
9,0.0006632709131729402,0.004095401049106693,0.0029447835752474194,1.1406694302211847e-05,2.972074867387833e-05,0.0019802627089459167,0.004821741322072882,3.797482394481626e-05,0.3955582796654333,6.254167307163964e-06,0.00024997912139678233,0.0007136055443203209,3.62400805344163e-08,5.865833422597575e-06,0.4660689739315773,9.454276025571628e-05,2.5754656133528454e-06,0.00017392252821521803,0.09389680232746989,8.8322962548154e-09,0.0012202967334317273,0.023797697892041135,1.273338910057741e-06,2.3731949435037815e-05,0.0036015918333269004
10,0.0005404816941344511,0.0025780653419734062,0.0014412166660133017,5.150799029437983e-06,2.9322439676249708e-05,0.0015262209425731578,0.002822639934453781,3.341875288927057e-05,0.330513715518167,2.7179735539040626e-06,0.00026874761203801766,0.00044306260508084825,2.6300935678770005e-08,4.905391355100445e-06,0.539646152668612,7.133429480503925e-05,2.708232040586258e-06,0.00014988745469773484,0.09207260460808585,5.402396567762561e-09,0.0006915242266171863,0.024478430480106297,6.862227860586983e-07,1.3908029764914232e-05,0.0026630664082140146
11,0.0005662218356356864,0.0026334366783967982,0.0014834452293226352,5.346499211740562e-06,3.093328987190854e-05,0.0015434713772151478,0.002899937542724898,3.444419628267383e-05,0.3350825075833755,2.7768880394949035e-06,0.0002786961900802028,0.0004746437234872484,3.046194481752914e-08,5.071466437917321e-06,0.5304549692745243,7.24993447786529e-05,2.9553964226079465e-06,0.00015300068049812888,0.09582754816002823,5.9232044585186874e-09,0.0007175704425982192,0.02499354600570852,7.330838364495447e-07,1.5007719695830386e-05,0.002721201006678037
12,0.0014556808437263258,0.008079806274752856,0.0011247652848010838,1.093041966075101e-05,0.00012035614947619414,0.0033465859049166173,0.002998107580712322,1.707039936284992e-05,0.3950509185162515,6.745133309924296e-06,0.00023360676184153446,0.0004386135734793147,5.8380545886583174e-08,4.3089738697477096e-05,0.4839612333099513,5.073676086864312e-05,2.206833335053033e-05,0.0005914777574847886,0.04786154111853011,1.8821041252490423e-08,0.0013745985225483248,0.03219783987016196,2.1865291803059772e-06,9.417921129171236e-06,0.02100254609421883
13,0.0002720222851667558,0.0017058630093590853,0.0009301458828684034,6.1177530230627444e-06,2.6304768706976905e-05,0.0008840399027058984,0.0033492889808153883,4.704287861850991e-05,0.21744459784995065,1.3770203862091233e-06,0.0007246215453291176,0.0008184707766672402,2.3288819175139616e-08,7.95302330330774e-06,0.6531925067426322,5.1455748968346186e-05,3.281965686221419e-06,0.00013182278384455675,0.06987704703642252,3.937114597716709e-09,0.0008037549648690309,0.04732316989400019,9.084948982169841e-07,1.1701826160509564e-05,0.0023864776396840073
14,0.0006010855246014313,0.004540597851580519,0.0011984143225607824,6.109838465434379e-06,4.059764825547303e-05,0.0015823867399339796,0.0033622298505043033,3.840098856998971e-05,0.32685126766466865,3.651781257486495e-06,0.00035454979140120066,0.0004589246525680669,2.2557265777275856e-08,7.643995672019543e-06,0.5186996166434426,7.519982635514132e-05,2.593829885964531e-06,0.00013888408796901137,0.11525496820750449,6.653257568389405e-09,0.0005917912813078411,0.02354167873479558,9.367384919116126e-07,1.590601048287672e-05,0.002632534779202026
15,0.0005404816941344511,0.0025780653419734062,0.0014412166660133017,5.150799029437983e-06,2.9322439676249708e-05,0.0015262209425731578,0.002822639934453781,3.341875288927057e-05,0.330513715518167,2.7179735539040626e-06,0.00026874761203801766,0.00044306260508084825,2.6300935678770005e-08,4.905391355100445e-06,0.539646152668612,7.133429480503925e-05,2.708232040586258e-06,0.00014988745469773484,0.09207260460808585,5.402396567762561e-09,0.0006915242266171863,0.024478430480106297,6.862227860586983e-07,1.3908029764914232e-05,0.0026630664082140146
16,0.0005470574091601259,0.002578786567239458,0.0014541878013498064,5.1189168181216255e-06,2.952322762765547e-05,0.001540595173776361,0.002811403540236661,3.3202289819962264e-05,0.3315957094946892,2.694629879667555e-06,0.00027026939212439574,0.00043640666889242205,2.6219107277703026e-08,4.8648238665212645e-06,0.5387785871319021,7.09478158451921e-05,2.7036394062040268e-06,0.000149927473272079,0.09221494177884901,5.3707245710571915e-09,0.0006808287600342924,0.024120178552953564,6.824309054596552e-07,1.39776237321865e-05,0.0026573732677877
17,0.00043686735126671945,0.002781104219369774,0.0010052882548656054,7.390875425134446e-06,3.4335140895508404e-05,0.0012035618439618842,0.0030834410118929815,3.479647456583889e-05,0.26911279207091937,2.9048233844129623e-06,0.00036938905956242354,0.0007518327590413991,3.776269923371354e-08,9.783267523813086e-06,0.5925949083002237,6.472657085280923e-05,5.692126869115003e-06,0.00018874069578717656,0.074542472410641,7.665540981405274e-09,0.0010389680452423358,0.04844649509481405,1.2464610172337938e-06,1.2528384297705845e-05,0.004270689329339776
18,0.0007128107035106969,0.002643648343048036,0.001351405443623005,5.92460859064564e-06,4.0714063612698134e-05,0.001382331329331935,0.0033164701033410976,2.6971551769133306e-05,0.3232828731664045,3.3490011870183173e-06,0.0002259386360622914,0.0006673481368238671,4.686973584278175e-08,9.241641290115786e-06,0.5640130398349779,6.0146282972314624e-05,5.580273703144625e-06,0.0002579410272265238,0.06142032277244109,8.294826894567639e-09,0.0010181584830169562,0.03303799792075143,9.96507781017978e-07,1.096005516965523e-05,0.006505774948802141
19,0.00041727394944627444,0.0025348189052213704,0.0015475526662620661,6.3660769859365116e-06,2.2921653896275854e-05,0.0009639752340360199,0.004132499595490283,3.913051399040365e-05,0.3324269250840097,2.8832130480880013e-06,0.00022331599509312983,0.0007541534479240839,2.712970627103392e-08,4.744581654414109e-06,0.549164517578723,7.468522137965164e-05,2.026019528004806e-06,0.00012312150297454807,0.0745776378376051,4.853168880456663e-09,0.0008187600999892904,0.02947216028672895,6.547164873892839e-07,1.1214076572991705e-05,0.002678629760077936
20,0.002915465361357758,0.008839222778419477,0.0032139322762461064,6.9747446875186284e-06,0.0001121471328674549,0.004832789589238698,0.004134552426017119,1.4644977740760345e-05,0.6004241699733773,6.8172472456564665e-06,0.0002760273829686267,0.00037082970518057743,6.949417981041104e-08,9.20729704245785e-06,0.2048214877006662,5.701917600869981e-05,5.752849700371722e-06,0.0002852976687662447,0.15364763984508584,1.2062018472967982e-08,0.0008645235546048604,0.008684125560928499,1.8671868525085756e-06,4.649663612606935e-05,0.006428927372673031
21,0.0005097116931958637,0.0029157063854346266,0.0013773849604072975,6.5977221125646755e-06,2.523557137163482e-05,0.0014254534206401786,0.0033615770224263994,4.431165032579026e-05,0.3645297951868275,3.513004317294081e-06,0.0002495254457275477,0.0005811531303954649,2.6321246792350638e-08,5.86270701185143e-06,0.49593478781617945,0.00010174401806499332,2.120656143483127e-06,0.00016276831692912933,0.09865640984825055,5.722472114205449e-09,0.0008021629527874356,0.027122995842049025,5.874115312970764e-07,1.4932981099931013e-05,0.002165630213051883
22,0.0007330475793222868,0.0018803522614349367,0.001529853720543911,4.670373105797173e-06,2.9156720187027466e-05,0.0018137046089193,0.0019443887663390324,3.27657841373116e-05,0.3289674657243275,2.248166287130259e-06,0.0003059920016736178,0.0003522050733024404,3.083393450676848e-08,4.962741695749839e-06,0.5438161733931028,6.85172229278267e-05,4.349558404107134e-06,0.00025052963712207367,0.08558321820211569,5.715937804476207e-09,0.0006597099569627007,0.029029711691483308,6.098588553614285e-07,1.4810602581088965e-05,0.0029715198052966186
23,0.0005404816941344511,0.0025780653419734062,0.0014412166660133017,5.150799029437983e-06,2.9322439676249708e-05,0.0015262209425731578,0.002822639934453781,3.341875288927057e-05,0.330513715518167,2.7179735539040626e-06,0.00026874761203801766,0.00044306260508084825,2.6300935678770005e-08,4.905391355100445e-06,0.539646152668612,7.133429480503925e-05,2.708232040586258e-06,0.00014988745469773484,0.09207260460808585,5.402396567762561e-09,0.0006915242266171863,0.024478430480106297,6.862227860586983e-07,1.3908029764914232e-05,0.0026630664082140146
24,0.0006988079266987522,0.004189447115512259,0.0014048465354634426,7.754150583153029e-06,3.382297827169696e-05,0.0017958831621180224,0.003050524999075351,3.916898092970322e-05,0.3559248565837942,4.0146554531230976e-06,0.0003146476678328861,0.0005416717636994054,3.1279384651561865e-08,8.075243741638094e-06,0.4803139819908197,8.246565812522453e-05,3.625900952170528e-06,0.00019391373769524713,0.11730645839038342,7.533688473488812e-09,0.0007777443712347678,0.030333650578004884,9.657998095979724e-07,1.8671633249347028e-05,0.002954961363478883
25,0.0003604511255558985,0.0026172313294086464,0.0010856546025757318,7.347021311985965e-06,2.5374819818503012e-05,0.0013534332430421082,0.0034395295585849515,6.558989384073115e-05,0.26695686883859615,2.4596423044910265e-06,0.0006408934500691765,0.0005991917957751914,1.7587861494282957e-08,8.66199073447433e-06,0.573065946516605,8.213803501894909e-05,2.3847115084726144e-06,0.00014904654671395444,0.10805096466559394,4.127815205049446e-09,0.0007108172648376765,0.039025421936862405,7.837969057724106e-07,1.4687629781518155e-05,0.0017350998688774708
26,0.0015047176123970747,0.003277623697618163,0.002639306266916516,5.845874848555825e-06,4.286506033824388e-05,0.002854659525511306,0.00223739136157539,2.3815231753111437e-05,0.4845974248763734,3.304275704339422e-06,0.0003420896880100978,0.00038155909162176,5.600928006339778e-08,3.8902784199391745e-06,0.32487032755884143,6.675291436352234e-05,4.803022315620967e-06,0.00026660369417693357,0.1541063411126638,8.710026004094336e-09,0.0007606530494218639,0.01905894670350965,1.0864209671092675e-06,4.5746158764341984e-05,0.0029041818045817693
27,0.002155713873391137,0.00896758882775733,0.00556452426401552,8.928786563222671e-06,0.00010002974623807639,0.0029654681139835055,0.010086040786729877,3.6530143556241734e-05,0.4351122760113316,9.073751232591384e-06,0.00032682855924806917,0.0007830154220510463,5.661474291507138e-08,1.1232061021483995e-05,0.3853616617787166,5.9683231606353214e-05,3.0998579681020045e-06,0.00019148447953463453,0.12959030612406158,1.1901394974717397e-08,0.0009698454147268018,0.008954265487212726,2.3581093517832743e-06,2.675341855092365e-05,0.008713223235013048
28,0.0005404816941344511,0.0025780653419734062,0.0014412166660133017,5.150799029437983e-06,2.9322439676249708e-05,0.0015262209425731578,0.002822639934453781,3.341875288927057e-05,0.330513715518167,2.7179735539040626e-06,0.00026874761203801766,0.00044306260508084825,2.6300935678770005e-08,4.905391355100445e-06,0.539646152668612,7.133429480503925e-05,2.708232040586258e-06,0.00014988745469773484,0.09207260460808585,5.402396567762561e-09,0.0006915242266171863,0.024478430480106297,6.862227860586983e-07,1.3908029764914232e-05,0.0026630664082140146
29,0.0005404816941344511,0.0025780653419734062,0.0014412166660133017,5.150799029437983e-06,2.9322439676249708e-05,0.0015262209425731578,0.002822639934453781,3.341875288927057e-05,0.330513715518167,2.7179735539040626e-06,0.00026874761203801766,0.00044306260508084825,2.6300935678770005e-08,4.905391355100445e-06,0.539646152668612,7.133429480503925e-05,2.708232040586258e-06,0.00014988745469773484,0.09207260460808585,5.402396567762561e-09,0.0006915242266171863,0.024478430480106297,6.862227860586983e-07,1.3908029764914232e-05,0.0026630664082140146
30,0.0005404816941344511,0.0025780653419734062,0.0014412166660133017,5.150799029437983e-06,2.9322439676249708e-05,0.0015262209425731578,0.002822639934453781,3.341875288927057e-05,0.330513715518167,2.7179735539040626e-06,0.00026874761203801766,0.00044306260508084825,2.6300935678770005e-08,4.905391355100445e-06,0.539646152668612,7.133429480503925e-05,2.708232040586258e-06,0.00014988745469773484,0.09207260460808585,5.402396567762561e-09,0.0006915242266171863,0.024478430480106297,6.862227860586983e-07,1.3908029764914232e-05,0.0026630664082140146
31,0.001184792444213711,0.0038547476855528098,0.003140890097728987,6.88710490991676e-06,3.298826165912438e-05,0.0018818553634579718,0.004118356580186128,5.987695486501133e-05,0.3543043605065141,4.827400248908616e-06,0.0002960118345395422,0.0005372605552293907,3.256238253291452e-08,6.196521662861235e-06,0.47096906602749095,7.726276002215897e-05,2.7843446414240503e-06,0.00021119253912618968,0.13428971189131195,6.775135632202899e-09,0.0007180900146026911,0.021075466790745012,8.906645544466751e-07,1.8488744981455157e-05,0.003207955574237109
32,0.0005662584335665242,0.0026236718517918117,0.0014235567188641426,4.906525455569124e-06,2.8845670073639617e-05,0.0015712413065799458,0.002683209981491947,3.4951838028539125e-05,0.33151696210273995,2.7101660815923373e-06,0.0002721725407921434,0.00043401882366997965,2.715538614963589e-08,4.7864413271820275e-06,0.5254757593676481,7.231749436531739e-05,2.7673930216064573e-06,0.0001491802066873526,0.10525562865069817,5.446335855545454e-09,0.0006748964069524572,0.024716711082567754,6.737157505498157e-07,1.4812319084698096e-05,0.002469928361039104
33,0.00047636803300964067,0.003298574789887021,0.0010779414641501758,8.28484033177226e-06,2.983249473239183e-05,0.00223241601921772,0.0025273535578922025,5.168403175611694e-05,0.27846078528619195,4.349074727092312e-06,0.0005106734526805452,0.0005507205339904187,3.834150364783384e-08,1.0331473291820254e-05,0.4906027334927378,0.00010748800136994293,6.024140821901427e-06,0.0002058662002502147,0.16271779634870948,8.437092452890411e-09,0.001005577389721336,0.05370676107039036,1.2610862624248345e-06,2.320879899251737e-05,0.0023839216402891466
34,0.0005878869809884937,0.0025325269147277786,0.0014613664391546614,4.5865867961207244e-06,2.8998539322338155e-05,0.001506752070716141,0.0026472017894855074,3.307900691655606e-05,0.34797263329888095,2.3957197377689756e-06,0.00026188792635220104,0.00041799209160279485,2.6473960962642045e-08,4.303782932434774e-06,0.5161101047094379,6.8402802775124e-05,2.576391281709414e-06,0.0001450189328002384,0.10072775396451947,5.034971042863415e-09,0.0006319840318604815,0.022455723152264843,5.982502520214393e-07,1.4343134956578637e-05,0.0023818519733059705
35,0.0011761454942345413,0.0023628329338324485,0.002311138387078291,6.275316070303543e-06,2.0630312193789538e-05,0.0011341302283862265,0.0032563790898699854,4.332278128905865e-05,0.5051736284974264,2.545033350003033e-06,0.00019489126432259125,0.000693132465024938,3.2915446540187365e-08,4.08715036149712e-06,0.36694364085647374,6.399702212364442e-05,2.190852073951489e-06,0.00029797316080739544,0.08883904189992989,4.035135288875095e-09,0.000722873675807067,0.024075367071581137,4.068473267161065e-07,1.557314410236644e-05,0.0026597595657521012
36,0.0003297692440828243,0.0014479674270346944,0.0007753397022396631,3.5142277460451437e-06,1.4276955872502075e-05,0.0006016384867594651,0.002511997401715519,5.433281608882631e-05,0.22763110522359795,1.5367931435764725e-06,0.00021946757357570166,0.0007269286176553764,2.6365817849563005e-08,3.986794468881331e-06,0.6274272625263548,7.69850015051564e-05,2.152129803780936e-06,0.00011071990860278597,0.09433079385759482,3.377144718457876e-09,0.0004750394336514031,0.04156384517794853,3.0701345777070897e-07,7.127547988282574e-06,0.0016838763961490569
37,0.001541971913708665,0.004423653642605837,0.0032144226465434522,8.920283450263774e-06,3.437781309629407e-05,0.0018866497955771495,0.004276550330928613,3.960626773610479e-05,0.457879318119606,4.882278811263446e-06,0.000342008858078868,0.0007592822567497982,4.445492075915622e-08,6.339608156869471e-06,0.3550193360973337,7.137978464550688e-05,3.3325210121269057e-06,0.00028451833448650267,0.139876682584961,7.473942529542641e-09,0.0008660958779408805,0.02582240930301704,1.168661237972828e-06,3.4273716557360555e-05,0.003602767374895589
38,2.001684941367241e-05,0.0011591311651036448,7.721776246047228e-05,6.71613038143134e-05,1.6890915833198245e-06,6.901031951596298e-05,0.0005646497777416325,2.077015261452249e-05,0.058061218245991544,1.1896580328293743e-06,0.00032533400883260943,0.003937390603720273,2.5878306505557283e-08,2.1110990324578974e-05,0.10486767241106755,1.6653942513075488e-05,2.978551003902272e-05,0.0003056026145559246,0.009756011254034897,8.576598997642394e-09,0.0070752179175848405,0.8115148222034333,2.030659700634954e-06,4.562058532041125e-06,0.0021017170444837157
39,0.0003971344155189889,0.001136551607151525,0.0018689762160076222,3.941339224850005e-06,1.910034819288998e-05,0.0024903745218896726,0.0018356439868166033,4.135859357131794e-05,0.3028638952352557,2.5215626975018673e-06,0.00020679228521107827,0.0003071211457806254,3.71065713498383e-08,2.6484608122699886e-06,0.549626734696425,9.939409176764431e-05,3.3071669954733844e-06,0.00014875270390367503,0.11255744451747349,5.1162435979789356e-09,0.001008300215589541,0.023457136799407273,4.88322023419578e-07,1.4297893303266355e-05,0.0019080416521656575
40,0.0008907108962760125,0.005172762064864485,0.001271284382501158,1.608491948334018e-05,3.144401904349138e-05,0.0029468021642804344,0.002468001346002378,6.240391498000456e-05,0.3949706668650202,7.0448263768584e-06,0.0006109897060370227,0.0005869118398869486,3.7723576456892184e-08,1.417808796656082e-05,0.3336073159863095,0.00013686867113615853,6.973784623689794e-06,0.00045272108183668554,0.1988603068095068,1.1044401057044914e-08,0.001478686316337084,0.05387165016411193,1.522022785666235e-06,4.0922353083484344e-05,0.0024936990095724668
41,0.00045383302084879036,0.0013355057675777365,0.0011217014667555631,1.5808216971426456e-06,4.14523131713649e-05,0.0008122881369916482,0.0022423702220403592,1.5729916502224304e-05,0.3494852861982436,7.500238439490856e-07,0.00012991444742316508,0.0001647104313976986,1.5142932636361517e-08,1.361319190226208e-06,0.6043945418859256,5.1423810365411634e-05,8.362643808359701e-07,6.019087007908186e-05,0.03220524001884403,2.5494306133878075e-09,0.00018661498930594062,0.005611785421799069,1.7491592481612097e-07,5.261635785936006e-06,0.0016774284095425788
42,0.0002858798658170926,0.001290204214804274,0.0011203959187910664,4.093217054989696e-06,1.1627453785953593e-05,0.0012826719264826532,0.0017981467478844853,5.6699182174908893e-05,0.2411909291716513,2.362064337533628e-06,0.00023264138486941746,0.0004801990331669568,2.8677718751785952e-08,2.855079594965419e-06,0.5589440558933709,0.00011601897613613046,2.6018111363815277e-06,0.00011958781250956716,0.15009675007871318,4.588336934020974e-09,0.0008265198045157581,0.04089994235084443,3.9323335414839723e-07,1.3325791040234045e-05,0.001222065721907838
43,0.0006396125789156738,0.0026138983519342052,0.001434860392416234,4.732100074236417e-06,3.2799901220596416e-05,0.0012617714491739655,0.003075385576603729,3.0362456781933247e-05,0.3402911126703784,1.9394761380988185e-06,0.0002999399198124603,0.0004720174168596419,2.4342947992718834e-08,4.760967180566905e-06,0.5439905535221341,5.7719083242251594e-05,2.4368421703339063e-06,0.00014296055365319463,0.08122973364996057,4.328510624450143e-09,0.0005251719921697726,0.021063217881779898,5.975703801425572e-07,1.26520642404733e-05,0.002811734911320913
44,0.0005404816941344511,0.0025780653419734062,0.0014412166660133017,5.150799029437983e-06,2.9322439676249708e-05,0.0015262209425731578,0.002822639934453781,3.341875288927057e-05,0.330513715518167,2.7179735539040626e-06,0.00026874761203801766,0.00044306260508084825,2.6300935678770005e-08,4.905391355100445e-06,0.539646152668612,7.133429480503925e-05,2.708232040586258e-06,0.00014988745469773484,0.09207260460808585,5.402396567762561e-09,0.0006915242266171863,0.024478430480106297,6.862227860586983e-07,1.3908029764914232e-05,0.0026630664082140146
45,0.00042098428042611056,0.001875247762165398,0.001280360356989934,4.03983824096692e-06,2.348195477614904e-05,0.001335469018110622,0.0024480064110510395,3.516393338007251e-05,0.29031856752249485,2.0466718896308797e-06,0.0002553243097914473,0.00035680122582769564,2.0399258938238764e-08,3.5391292796782664e-06,0.5934165527812738,7.446079592452299e-05,1.9497185474872885e-06,0.00011848335561505472,0.08405799887278603,4.09393954413505e-09,0.0005087214688255919,0.02151018774662932,4.650034527279477e-07,1.1277957795544525e-05,0.0019408453915278686
46,0.0006043901702897974,0.002991434237290354,0.001685131799515576,4.2748204659349416e-06,3.275322813432862e-05,0.001220139583338844,0.003946203800877079,3.1483877006204024e-05,0.37379116741644697,2.633640167337027e-06,0.00021946060683935656,0.00042246560122575247,1.729139112269125e-08,4.110489718929903e-06,0.5223074282713158,6.226028844673972e-05,1.2521844621682496e-06,0.00011803361805679854,0.07545178198836038,4.011286791992991e-09,0.0005113998280107431,0.014075581533594101,5.252994352321131e-07,1.1189770971360837e-05,0.0025048766433523207
47,0.0006559767502755909,0.0021298767442090695,0.001428645872657196,4.706426449822904e-06,2.4282109290489665e-05,0.001122645630363752,0.0027749559685812854,2.9834508175820488e-05,0.35304890427242736,2.680289533918916e-06,0.00017652197133494484,0.0006662222612960664,4.379205642124738e-08,3.7978333956620443e-06,0.5068190216650085,8.361285541245833e-05,3.339259003284038e-06,0.0001667687281627759,0.0956189698586689,6.173292824938203e-09,0.0008203815748709267,0.031310257001981895,5.809402328156461e-07,1.4519165511854372e-05,0.0030934483478064242
48,0.0006580323682642804,0.004917696477513984,0.0012913775638340287,5.354375255913304e-06,2.583650578368796e-05,0.0024417082055640314,0.002222336589571538,4.294440071421185e-05,0.2930647017960479,4.463866187286796e-06,0.00036662612845823005,0.0003767819382695052,2.857917576349881e-08,5.716015126944856e-06,0.3387519364812839,8.086351623802729e-05,3.4374555659950555e-06,0.00011959900786404339,0.3262013361722128,6.654663493140643e-09,0.0006283967565584431,0.02726244391457509,9.927524975357253e-07,2.984329183935588e-05,0.0014975391869340542
49,0.0005535796207712057,0.0025452640264995653,0.0017979915836824187,6.562665482290761e-06,2.6487917887806888e-05,0.0016805765469070735,0.0030885697545107674,3.544506614391547e-05,0.33304880949189924,3.336725296220315e-06,0.00027032394953853997,0.0005451569500239945,3.2000891918123455e-08,5.346864137100878e-06,0.5319900495284277,7.387911957589513e-05,3.116662552513548e-06,0.00017544172309632344,0.0913389019402765,6.168185889394436e-09,0.0008830351408813323,0.0288225823885841,8.460438860174407e-07,1.622661224640717e-05,0.0030884315086154635
50,0.0006094655944829916,0.0034239266637222016,0.0019267177683292582,5.930344329313827e-06,3.556754545055549e-05,0.0013253483037408802,0.006031876643072167,5.3162296310686806e-05,0.24230772811402926,5.962550963603796e-06,0.00025670762051827875,0.0007320972072743636,2.9795393244215215e-08,8.941183747668476e-06,0.6202596786111279,8.140983485825298e-05,2.345211058322562e-06,0.00014018120647526456,0.09249306348236405,6.880020904899036e-09,0.0007594745805703363,0.024911718621905915,1.1138719194912966e-06,1.0564103728794992e-05,0.004616981964606429
51,0.00048264469606988273,0.001454242606853217,0.0016253124206659084,3.2848266276045456e-06,3.943349994609803e-05,0.0019692836302802625,0.0027325746469845373,2.3129619613469e-05,0.31396662942495207,2.385976578339045e-06,0.0002472600362805053,0.00033488054420620383,3.820040891797795e-08,3.1413373503252277e-06,0.58169846265012,8.332700357709076e-05,2.8399998624153054e-06,0.000130187825921159,0.07504494383812771,5.889346565547806e-09,0.0007486673376781766,0.01632584541852709,6.918383501000558e-07,1.4912393758609323e-05,0.003065874337913592
52,0.0005175227270494584,0.0006258214400763138,0.0009405715486763929,1.5822630085716398e-06,1.9444181269535873e-05,0.002491668800818024,0.0007633882801913517,2.3422352898360725e-05,0.26288271131147556,1.083682851844898e-06,0.00023493491244329162,8.119889516877613e-05,1.2789559243109832e-08,2.3582388062543162e-06,0.6569340966424548,6.972768517635018e-05,1.9960234069640053e-06,0.0002603071605323617,0.058466025168319426,2.659263707571298e-09,0.00020183065039183326,0.014010291534752294,1.6232740621860913e-07,8.57285997477847e-06,0.0014612658640281132
53,0.00025503443023681044,0.0017429702827269284,0.0011456301077057988,3.826562330273076e-06,2.824017708372522e-05,0.0006762282284735217,0.004987408340340784,3.1162682852517624e-05,0.24518931539722,1.918745469175604e-06,0.00024947930471400694,0.0005914999091125065,1.6850234348369544e-08,3.8217692557730535e-06,0.6782666034875094,6.11983175346923e-05,1.0679204947422257e-06,6.934092837721704e-05,0.04475265990190678,3.2647615294329704e-09,0.000517716676607742,0.01892395364077268,5.721061992000206e-07,7.011233009140961e-06,0.0024933197350706874
54,0.0006967979036373482,0.003802548534480977,0.001157925647538015,4.63324665169642e-06,4.0757885749797994e-05,0.0013879743486532865,0.0030678822963804264,2.3201918967110586e-05,0.3008836652175578,3.6203172685441347e-06,0.00015628656778223903,0.0003757685303312127,2.226414469942721e-08,7.228448763911062e-06,0.6043722004391596,6.402569354576991e-05,2.6040581182016308e-06,0.00015559604006913215,0.06071746794130611,6.533803974743922e-09,0.0004795443503414966,0.0177109415134266,6.609146326598558e-07,8.049827902099233e-06,0.0048805895597872195
55,0.0003811022167119381,0.002952965208053279,0.0011840921499294552,4.9202838876484035e-06,3.542547978549863e-05,0.0021508035034961456,0.0023218288430549654,3.647614717311589e-05,0.19526810448937396,3.970496786074765e-06,0.00037342164481868757,0.0002625902383108302,1.8242865433423937e-08,7.650082781246005e-06,0.6655887116240357,7.333460537539479e-05,3.830554695063078e-06,0.0001247024200611935,0.09803598731865275,7.263938310356228e-09,0.0006782943332891387,0.027503517222461853,1.1970620351731013e-06,1.1778428025814609e-05,0.002995270140401439
56,0.0005602268685246712,0.0025638733784346616,0.0014705160157972548,5.353631568977583e-06,2.994920880011116e-05,0.0015475523640505514,0.0028916943919857006,3.454878250679162e-05,0.33161403845109033,2.7762068554737826e-06,0.00027740540421921153,0.0004827720034949579,3.053211251817943e-08,5.127276721054752e-06,0.5332098917700535,7.226940753133055e-05,2.968902820881208e-06,0.0001558046789319111,0.09600397822004215,5.799896248674076e-09,0.0007228652461425092,0.02557362069292187,7.241841463134714e-07,1.482728399836152e-05,0.002757179297352666
57,0.0004871522613825303,0.0024575835189263764,0.001229787344126369,5.096258107566442e-06,2.4482962996977205e-05,0.0011690277111599296,0.0027657653184110097,3.56771681745605e-05,0.3168299384880025,2.9590117387069176e-06,0.00022020004108176853,0.0006813080558782093,4.293343586921328e-08,4.601493394060069e-06,0.5201736135320171,7.99100412074665e-05,3.613335136455686e-06,0.00014228867313904338,0.11422877083862647,6.870027647787219e-09,0.0008669046813101269,0.035858015918772815,7.318194851681155e-07,1.4620939771040367e-05,0.0027179007836900604
58,0.0006342720722998399,0.002621780082816357,0.0015728054073564125,5.47510736254868e-06,2.9568225079501805e-05,0.001653864545167911,0.0028743472084950855,3.371200994841673e-05,0.36148781313757966,2.7678649661017426e-06,0.0003016137856573157,0.0004961962758921312,3.1576454380361346e-08,4.629180234681974e-06,0.48951466168147234,7.484765256017416e-05,2.7641409787934574e-06,0.00016394336494771557,0.11069573794294636,5.639133442725714e-09,0.0007175117144006056,0.02459586228339994,7.34790176920515e-07,1.9191273062512786e-05,0.002495863037610953
59,0.0005945905503902066,0.002537514495977222,0.0017039679489141337,5.4323134866867655e-06,2.863949295548591e-05,0.0016670574050341672,0.0028480816322415965,3.303435514524236e-05,0.3577011806633394,2.8330339222466757e-06,0.0002872795804505872,0.00045629557396610143,2.89181494710203e-08,4.190603637622755e-06,0.5018827512047814,7.507849542533554e-05,2.5687197979922904e-06,0.00015429515377852514,0.10331360490914314,5.656388239995523e-09,0.0007358119532910051,0.023520572218954826,7.340673624173757e-07,1.8691914703616434e-05,0.002425759138763248
60,0.0005404816941344511,0.0025780653419734062,0.0014412166660133017,5.150799029437983e-06,2.9322439676249708e-05,0.0015262209425731578,0.002822639934453781,3.341875288927057e-05,0.330513715518167,2.7179735539040626e-06,0.00026874761203801766,0.00044306260508084825,2.6300935678770005e-08,4.905391355100445e-06,0.539646152668612,7.133429480503925e-05,2.708232040586258e-06,0.00014988745469773484,0.09207260460808585,5.402396567762561e-09,0.0006915242266171863,0.024478430480106297,6.862227860586983e-07,1.3908029764914232e-05,0.0026630664082140146
61,0.000603920913299005,0.002552158482390961,0.0016789299602484496,5.391074204958597e-06,2.952387537953317e-05,0.001626230567988832,0.002880628086270212,3.363343830477002e-05,0.3551411681769012,2.806518323972979e-06,0.00028568425860980287,0.0004628840271300341,2.9931348164263e-08,4.343301376721724e-06,0.50694253248785,7.431466742301316e-05,2.634681897443258e-06,0.00015646632924333606,0.10081082710961374,5.762182311350358e-09,0.0007211912201162328,0.023468521803349632,7.28705351173418e-07,1.797006616797352e-05,0.002497474555028402
62,0.0005404816941344511,0.0025780653419734062,0.0014412166660133017,5.150799029437983e-06,2.9322439676249708e-05,0.0015262209425731578,0.002822639934453781,3.341875288927057e-05,0.330513715518167,2.7179735539040626e-06,0.00026874761203801766,0.00044306260508084825,2.6300935678770005e-08,4.905391355100445e-06,0.539646152668612,7.133429480503925e-05,2.708232040586258e-06,0.00014988745469773484,0.09207260460808585,5.402396567762561e-09,0.0006915242266171863,0.024478430480106297,6.862227860586983e-07,1.3908029764914232e-05,0.0026630664082140146
63,0.0005657764123613796,0.0030252459073663016,0.0014365580211936437,5.383162292550086e-06,3.1456524007203167e-05,0.0015350190084566751,0.0028497518174691277,3.3442009929409e-05,0.3324223491918421,2.9631542778652284e-06,0.00026451887566150776,0.00044152365568601105,2.6395457218886177e-08,5.224707621514432e-06,0.5327068249878373,7.033954617715729e-05,2.808013859300069e-06,0.00014483776048717495,0.09679259836728121,5.983241562699065e-09,0.0006927648311243334,0.02422976881000928,7.59370660085478e-07,1.4293610445034152e-05,0.0027257598752550628
64,0.0004900137739223811,0.0026240597090657143,0.0014683764702585792,5.953856755665288e-06,2.8967102413586992e-05,0.0015976734423713986,0.002916149757014972,3.379042546401912e-05,0.33814999479710034,3.2353008709675816e-06,0.0002494834555474511,0.0005037640820114309,3.088928503059404e-08,5.3841394946628085e-06,0.530271992779593,7.622004839954172e-05,3.078756372865209e-06,0.00015909536620554714,0.0900119441002585,6.559263568350608e-09,0.0009479144603009534,0.027539507709804987,8.126050644072152e-07,1.4789658114064057e-05,0.002897760755046343
65,0.0005112063620672611,0.002851808463251009,0.0016575747198203966,6.084368204647382e-06,2.947066333253141e-05,0.0016436515065532996,0.0033652757045925003,4.0156331681103244e-05,0.2952858949394877,3.892096098956686e-06,0.0002598600190122965,0.0004778719132876253,2.583707739369469e-08,6.20270143387206e-06,0.57544991507472,7.71585467351099e-05,2.713140746507446e-06,0.00015337908039598675,0.08879266984956412,6.416648069777606e-09,0.0008247691752817221,0.02539587649578606,8.595129621020922e-07,1.2879116452130585e-05,0.003150797964807527
66,0.0005525072375069241,0.0025631147756568894,0.001482049097750581,5.111397721937771e-06,3.006594688813564e-05,0.001571147885448094,0.002823454911870736,3.306367169050123e-05,0.33326560767598906,2.7625463411613726e-06,0.00026933941886830344,0.00043715208499517215,2.7141666319233402e-08,4.843396098256795e-06,0.5366028826149023,7.184473605474272e-05,2.750723088599875e-06,0.00015144249940878392,0.09271894143049794,5.551708845809268e-09,0.0007011604917145896,0.02400247820854686,7.002694972535372e-07,1.4351194215976431e-05,0.0026931950918720722
67,0.0005655923822659261,0.0025704363140689555,0.002446137178718551,1.9085983966078302e-05,4.321678329473497e-05,0.010828176744227659,0.002391493732416563,3.8266395280423616e-05,0.258922878870944,1.1098520449209963e-05,0.0006339574054918387,0.00043868378163989196,9.8077886458629e-08,2.0037211230532392e-05,0.5339719016838075,0.00013067260258087685,1.9309230945884654e-05,0.0005134182866340797,0.12732389771541705,2.2397727632449983e-08,0.0030552303732417105,0.04881274233627778,4.289281020830457e-06,4.7849872995626325e-05,0.0071915068374701074
68,0.0006292234351972557,0.00278584600673415,0.001791730468723846,6.11516881710848e-06,2.8075994219637985e-05,0.0015942253536620724,0.0031376724340816545,3.6040572448156586e-05,0.36403714467678916,3.157839802101605e-06,0.0002673471461625146,0.0005160760842870971,2.8602276850114058e-08,5.024744167010187e-06,0.4980672829206348,7.30775643438673e-05,2.7521535357555765e-06,0.0001728111802675707,0.0974143474297138,5.655283515532912e-09,0.0008280719368401105,0.025774727218803906,7.603387396464676e-07,1.6262971554522483e-05,0.002812192102913724
69,0.0004602385021055438,0.0029900679062589744,0.0022143243979339884,6.964482590644831e-06,3.4911901533269185e-05,0.0019973115047182857,0.004252531768655863,6.131926241682641e-05,0.27606138204817054,3.599585677757021e-06,0.0006565949107872689,0.000553303980696833,2.5412778010669216e-08,5.3648988242412494e-06,0.5295685854981509,9.79576546479687e-05,2.060886375286807e-06,0.0001049741829510069,0.15476584022094794,6.7033155222864255e-09,0.0010427010233320787,0.023429483114158833,1.3260285291448133e-06,3.0945698622194914e-05,0.0016581784258209796
70,0.0008527588040917801,0.0014214891552910749,0.0021325630175956945,4.951244467240383e-06,2.3581859421920887e-05,0.0007996239869635547,0.003171479605729747,4.5630888455838395e-05,0.2662457458293285,2.2795651319746063e-06,0.0001275755813870183,0.000407821585413282,2.6564746894136997e-08,5.332715249454395e-06,0.676542488231067,7.512837765622222e-05,2.4834309639967727e-06,0.00027876816649669234,0.024082457776468016,4.703054258870978e-09,0.0003131102254150045,0.01875684440565062,2.233193325479105e-07,3.6505948229282e-06,0.00470398036579877
71,0.0006082101809779368,0.0065359479474031675,0.0009959426796074665,5.134680201343685e-06,9.670119835691058e-05,0.0010437226945334969,0.004403824630018204,2.1447133884322286e-05,0.3403996723536472,5.062236329667144e-06,0.00018258042845980843,0.0005927485464926703,5.466515459283009e-08,7.459704262246535e-06,0.5488756632174444,9.421770152414983e-05,3.709415333723567e-06,9.192078397390527e-05,0.07373337946218594,2.0990262006318746e-08,0.0008823987676004793,0.016600063710731514,1.4323646048591775e-06,1.4436852435798957e-05,0.004804247654574354
72,0.00047841270552631803,0.0008272296586189793,0.0028037128865141684,5.422851234405066e-06,1.232770715176462e-05,0.0017479042139437184,0.0029449016974160084,6.809858084689114e-05,0.47066403266555096,1.6476385365907413e-06,0.0002576966509020826,0.0004723537210653196,2.660706330437102e-08,2.367635920281773e-06,0.4207757951227919,0.00010395454843668341,1.1099450729117403e-06,0.00022165303300853654,0.07892289923573961,2.392594506507351e-09,0.0008154329317033186,0.01781269688967443,1.949956953557733e-07,1.559963737242075e-05,0.001044526047619683
