,0,1,2,3,4,5,6,7,8,9,10,11,12,13,14,15,16,17,18,19,20,21,22,23,24
0,6.645746320495027e-05,9.105124985933412e-05,2.5910384872979993e-08,6.520068919475004e-05,4.1204846160501144e-08,0.0027023446452509535,1.099158767354434e-06,0.00010878072711518559,0.0019427843649291743,9.050837065230534e-05,5.6286385851834956e-05,3.8571173877638044e-05,2.544440949746437e-07,2.7733856901757042e-06,0.9687804734048322,9.109624549711246e-05,1.3419380653706092e-06,2.53683245134128e-08,0.0002472143211587756,3.1413400742152623e-09,3.884400006473785e-10,0.02505996518832866,1.1526290402099787e-07,1.6365289415519385e-08,0.0006535692021002858
1,3.4134734727497676e-05,5.4620281601800433e-05,2.466041863003845e-08,3.640003168120643e-05,2.599316913326213e-08,0.0038303179466370185,1.0083767860840829e-06,8.682079206491111e-05,0.004395663549697365,0.00018880717241396766,3.3984535392069314e-05,1.7978379751345526e-05,2.3427382012455906e-07,3.747160872495311e-06,0.9668327489402969,9.525592610664425e-05,4.915982624831222e-07,2.9256246753143798e-08,0.000338738729661273,5.0043093400219335e-09,4.1996198431936955e-10,0.023318356559013678,1.1265953651505911e-07,1.806744129417883e-08,0.0007304749501292939
2,4.177667858135848e-05,6.248637622149697e-05,1.8482072417798736e-08,3.554758762480246e-05,2.382378369519158e-08,0.0031495390236750197,8.258869052973476e-07,8.492034211695841e-05,0.0027940703642869414,0.00011641108571970763,4.277893205548205e-05,2.246322391787517e-05,2.061753038382279e-07,3.0115647815572546e-06,0.9649562011535059,6.784492887178963e-05,6.087305546510379e-07,2.070820921145661e-08,0.0002473449438337679,3.167654214754805e-09,3.03426475822935e-10,0.027723294937402262,8.660948246441091e-08,1.2334792846726732e-08,0.0006505026352200778
3,3.7760981821957324e-05,5.9887830958923995e-05,1.7743954564227815e-08,3.3331902269343376e-05,2.3816182394501788e-08,0.0029413259268455563,7.926934387893435e-07,8.116611187167927e-05,0.0028366864128984005,0.00011426469845631823,4.080022776189223e-05,2.163980298667359e-05,1.9364036204399036e-07,3.1323178712817746e-06,0.9664289876446661,6.484662682861483e-05,5.592951077285422e-07,1.944087891226531e-08,0.00023249845046498647,3.2105075450055004e-09,2.9154021262632033e-10,0.026438437430480348,8.261515504660197e-08,1.2046224272134521e-08,0.0006635288404661184
4,4.1764636686867326e-05,6.937363198106258e-05,2.0622597775389514e-08,3.746900951262217e-05,2.7890718751129985e-08,0.0028469296330527866,9.141477713741463e-07,9.221386622384261e-05,0.0032544212468283615,0.0001292693516026809,4.5892325438123214e-05,2.3567655825929316e-05,2.488318053841565e-07,4.039927316588912e-06,0.9618310739901494,6.63715520316551e-05,5.916769073395753e-07,2.4232507871383584e-08,0.00026612059252554074,3.975567331298871e-09,3.7483404288229817e-10,0.030588119242280883,8.98344243323433e-08,1.4158393778333248e-08,0.0007014375930156795
5,4.7653373752820854e-05,6.955888759481255e-05,2.438566454016584e-08,5.4119764718577336e-05,3.228324508697188e-08,0.003676077096786846,1.0244154720887416e-06,9.710809726626701e-05,0.003582777473860169,0.0001573176464677902,4.542500189361102e-05,2.337412501281689e-05,2.7361737042690135e-07,3.957649945302457e-06,0.9650900287929776,7.962620241882755e-05,6.689597621248941e-07,3.512070521541316e-08,0.00030459273651668815,4.77626857579283e-09,4.0772745926530227e-10,0.02612660178860046,1.3091243879529866e-07,1.778774159464472e-08,0.0006395686957918469
6,3.7760981821957324e-05,5.9887830958923995e-05,1.7743954564227815e-08,3.3331902269343376e-05,2.3816182394501788e-08,0.0029413259268455563,7.926934387893435e-07,8.116611187167927e-05,0.0028366864128984005,0.00011426469845631823,4.080022776189223e-05,2.163980298667359e-05,1.9364036204399036e-07,3.1323178712817746e-06,0.9664289876446661,6.484662682861483e-05,5.592951077285422e-07,1.944087891226531e-08,0.00023249845046498647,3.2105075450055004e-09,2.9154021262632033e-10,0.026438437430480348,8.261515504660197e-08,1.2046224272134521e-08,0.0006635288404661184
7,0.00011782440867072744,7.003628957325003e-05,2.829897662723118e-08,3.6845094721023035e-05,2.4512677042922394e-08,0.0029633615919553054,1.0530493065576995e-06,0.00013173349881978618,0.002176121984411978,0.00010510496208467267,9.130620756840694e-05,2.2216088174354068e-05,4.971303051194338e-07,2.5476318002086625e-06,0.9466282339432975,5.401736751956004e-05,7.302120925762463e-07,3.405751269091249e-08,0.0003472076387216126,3.4941627402278714e-09,4.797819836071146e-10,0.04681349532376772,6.782155362836483e-08,1.0729799008562892e-08,0.00043749818274582637
8,7.360906920012167e-05,8.767529584148803e-05,6.317210687906787e-08,5.360897018185507e-05,4.737086215186174e-08,0.003102740766811866,6.719911354184565e-07,7.127764864174804e-05,0.004496133336373855,0.0002140531588910639,4.435645093759663e-05,3.3543424238798145e-05,2.684355034317754e-07,6.578272210590089e-06,0.9698858951692317,0.00010542142914091793,1.0874011448505345e-06,2.6175792932719716e-08,0.00014601027341378686,6.27237135655835e-09,3.977817448966606e-10,0.020204848182368885,1.9973911699843303e-07,4.5957830740145673e-08,0.0014718316388692967
9,3.729630068480745e-05,0.000111705172464941,6.2189689911928e-08,5.4850588631064e-05,3.941656743048925e-08,0.002933674481950441,6.836561994743279e-07,9.21039338803488e-05,0.00579770338090788,0.0004140108095240674,3.296368156592007e-05,2.6478233645879743e-05,2.6798148188153855e-07,1.0652120099565434e-05,0.9680498993928751,0.0001456198048859265,8.882308682714447e-07,3.2488414943401824e-08,0.00023232819988185623,9.28920462143155e-09,5.40730158149727e-10,0.02041481073126104,1.9659203196946438e-07,4.693852833388651e-08,0.0016436758440238452
10,3.7760981821957324e-05,5.9887830958923995e-05,1.7743954564227815e-08,3.3331902269343376e-05,2.3816182394501788e-08,0.0029413259268455563,7.926934387893435e-07,8.116611187167927e-05,0.0028366864128984005,0.00011426469845631823,4.080022776189223e-05,2.163980298667359e-05,1.9364036204399036e-07,3.1323178712817746e-06,0.9664289876446661,6.484662682861483e-05,5.592951077285422e-07,1.944087891226531e-08,0.00023249845046498647,3.2105075450055004e-09,2.9154021262632033e-10,0.026438437430480348,8.261515504660197e-08,1.2046224272134521e-08,0.0006635288404661184
11,4.095623585840009e-05,6.168339084175398e-05,1.8645147253110494e-08,3.484840710486149e-05,2.555304910089287e-08,0.0028427289640559237,8.6396199940689e-07,8.120985407687063e-05,0.002888865122173904,0.00011181662470307977,4.2865447393055685e-05,2.2828154091802885e-05,2.3019626122218984e-07,3.1451368818816334e-06,0.9647224982209024,6.724432716271471e-05,5.748624854350005e-07,2.0801414026652886e-08,0.0002481035394387727,3.5749946048498767e-09,3.174681389065854e-10,0.028168808315007975,8.331996892775628e-08,1.370001055773593e-08,0.0006605633275081209
12,4.893843664100068e-05,7.306998500742725e-05,6.117739294700974e-08,2.269438591796648e-05,2.0359994904880942e-07,0.004304304087167039,8.155579720292891e-07,4.727120087977644e-05,0.008039033114845719,0.0001483600183367622,8.463212549580342e-05,4.808385627045349e-05,1.6300564964926766e-07,1.3469641217982392e-05,0.9596030662411779,5.090300535063706e-05,1.2619553183636396e-06,1.5968427849081657e-08,6.246038647515804e-05,9.920941553089004e-09,5.784775165723343e-10,0.02429436084187271,2.401805519831023e-07,5.769317392374552e-08,0.0031565230354889044
13,3.180694972167257e-05,5.045412799497448e-05,8.883405157280238e-09,1.046255816869592e-05,1.9629163581141135e-08,0.0007151996023065925,5.038301532471111e-07,0.00010220439716531652,0.001303811716903405,3.0235333486268715e-05,8.827563895663716e-05,3.882170095573096e-05,1.2974637839960547e-07,4.141109215788187e-06,0.9551583240630801,2.7620143551193176e-05,4.2113212020423095e-07,7.759459748120363e-09,0.00011318488562503028,1.582676369523e-09,2.2809589054147187e-10,0.04145638590152615,1.9534883750396072e-08,4.394594048829601e-09,0.0008679551504124539
14,4.949410210097779e-05,0.000649104158637975,2.3125525267169907e-08,0.0001745752106877252,1.2402173967278898e-07,0.00212936669829766,7.394878729256669e-07,0.00010774736060268641,0.002851540305813848,0.000373864450928013,0.00012335304076088873,2.0030498053434774e-05,6.3237299784799e-07,1.0186435925028148e-05,0.9306552840649094,3.980617011274994e-05,1.908498749212245e-06,6.181280104268233e-08,0.0011067722165252216,5.091952566451617e-09,1.4657746521666915e-09,0.061228546633826986,1.3936922459965925e-07,2.3694508911645924e-08,0.0004766697116708417
15,3.7760981821957324e-05,5.9887830958923995e-05,1.7743954564227815e-08,3.3331902269343376e-05,2.3816182394501788e-08,0.0029413259268455563,7.926934387893435e-07,8.116611187167927e-05,0.0028366864128984005,0.00011426469845631823,4.080022776189223e-05,2.163980298667359e-05,1.9364036204399036e-07,3.1323178712817746e-06,0.9664289876446661,6.484662682861483e-05,5.592951077285422e-07,1.944087891226531e-08,0.00023249845046498647,3.2105075450055004e-09,2.9154021262632033e-10,0.026438437430480348,8.261515504660197e-08,1.2046224272134521e-08,0.0006635288404661184
16,3.917198487024433e-05,6.191568091626666e-05,2.013231898577616e-08,3.5750602355123254e-05,2.6463252309310797e-08,0.00325160055728075,8.502672081407801e-07,8.059292858277658e-05,0.0031220947505406333,0.0001263533816743173,4.1339108129735605e-05,2.14682129874523e-05,2.0847112386916225e-07,3.2526934229751842e-06,0.9665080692924782,7.000952846843851e-05,5.931817341543381e-07,2.1088430355319384e-08,0.00024373363484062827,3.6330779192691866e-09,3.2378035753186215e-10,0.025698270044728678,9.520034445404254e-08,1.4233297947241065e-08,0.0006945446041551459
17,7.707807230004686e-05,0.00010007152548865225,3.168476295499221e-08,4.691377153695096e-05,5.994491805902494e-08,0.003473776202456897,1.519956624037753e-06,0.0001238906547512916,0.004841821669316439,0.00011609819288503761,8.780924790134516e-05,4.954521781931735e-05,3.65030311565652e-07,7.073447372113772e-06,0.9422854486667948,6.490261160564811e-05,1.0347856788734218e-06,3.4268090643825146e-08,0.00024683551759872385,5.0657310698639284e-09,6.212813308802902e-10,0.047395594192880384,1.364302233010458e-07,2.3349387348258037e-08,0.0010799298722831004
18,2.262198909356708e-05,5.9779358137048675e-05,1.861649903376484e-08,1.636728065634788e-05,1.9203919821238304e-08,0.0021379462838633837,7.374436430091108e-07,6.252160805774411e-05,0.0027270779056165688,0.00010157389459875945,3.295212404881138e-05,3.1993719595995005e-05,1.255185737377286e-07,4.842555411022106e-06,0.969440187697901,8.499094514862425e-05,6.6170569592806e-07,1.1920424203794032e-08,0.00017067621342105386,3.210444390132791e-09,3.241257966822112e-10,0.02359462936970607,7.92302465957991e-08,1.4264770122348247e-08,0.0015101676164013694
19,2.0287618273582716e-05,5.863791832675975e-05,1.1515094224381543e-08,4.50774352501417e-05,2.632005340393524e-08,0.0033765704741971925,6.862652553444754e-07,5.5612564224570727e-05,0.003383755298294267,0.000131685891839867,2.247594578303909e-05,1.6600738956266668e-05,1.5045160766555675e-07,2.584189386415229e-06,0.9695047092643411,5.5284063454258864e-05,3.976729664880472e-07,1.3087085143119093e-08,0.00020880174166656182,3.0248677086044537e-09,1.733148898060694e-10,0.022598080168109966,7.550274000955484e-08,1.1330671215067507e-08,0.0005184613442400806
20,7.935866187930226e-05,7.211884279573709e-05,6.257599673943704e-08,5.325108163532936e-05,5.073905770368155e-08,0.00574540983546949,1.3454810279997686e-06,7.459351011630572e-05,0.004117430259319874,0.00016583987917979167,5.0023919217090064e-05,4.581624827308058e-05,2.1386951892491582e-07,3.7513871453978247e-06,0.9741953638923047,0.00018420614753297582,1.6600523903027796e-06,3.86194711391583e-08,0.00023722856292407896,5.090802944703918e-09,5.739212957879902e-10,0.013461282640883724,3.4239984685563633e-07,4.901173820248767e-08,0.0015105567175511118
21,3.348470301342255e-05,5.597552328392449e-05,1.524752872433546e-08,3.116161929831554e-05,2.1968773468348737e-08,0.002930252555109306,7.422486355078692e-07,7.479829974706906e-05,0.0026882871820702444,0.00010745959367154851,3.7672604396715606e-05,1.9322967802707402e-05,1.7425711206231762e-07,2.7673630381782673e-06,0.9674259922452055,5.953080873726063e-05,5.077190427151307e-07,1.6968568714019736e-08,0.00022713764346802016,2.8952288886408967e-09,2.591508127126834e-10,0.02569018723756013,7.547687497486046e-08,1.0638100489779121e-08,0.0006144019745812186
22,8.326149560791238e-05,9.023240444817536e-05,3.8221001897474195e-08,4.9596973265745677e-05,2.783531726194042e-08,0.004405675755829297,9.02546017623097e-07,0.0001800639905811105,0.002288751654066454,0.00022076979995211776,7.26018874092619e-05,2.4221946767654415e-05,3.1486366854174694e-07,4.508729638447765e-06,0.9514254643293759,9.847332001207637e-05,1.484279083967543e-06,4.926453788525401e-08,0.0003632118091492564,4.880961502391425e-09,6.495481393166208e-10,0.04004706795312462,1.4599086163814967e-07,1.250148992121916e-08,0.0006431169182837247
23,3.7760981821957324e-05,5.9887830958923995e-05,1.7743954564227815e-08,3.3331902269343376e-05,2.3816182394501788e-08,0.0029413259268455563,7.926934387893435e-07,8.116611187167927e-05,0.0028366864128984005,0.00011426469845631823,4.080022776189223e-05,2.163980298667359e-05,1.9364036204399036e-07,3.1323178712817746e-06,0.9664289876446661,6.484662682861483e-05,5.592951077285422e-07,1.944087891226531e-08,0.00023249845046498647,3.2105075450055004e-09,2.9154021262632033e-10,0.026438437430480348,8.261515504660197e-08,1.2046224272134521e-08,0.0006635288404661184
24,2.6865114186926405e-05,9.322770326572127e-05,1.338801321240744e-08,5.9555369511750037e-05,2.265925468080076e-08,0.0025051203840403104,7.361756169842973e-07,9.359161857173275e-05,0.0025514583847250725,0.00015500488249247703,3.191685354524174e-05,1.8326724025269884e-05,1.9542803802315002e-07,3.6204576409124688e-06,0.9662519663961676,6.410526414398729e-05,5.924271785442021e-07,2.3272117843487445e-08,0.00035183997367016127,2.9202459882267012e-09,2.980308824051187e-10,0.02729497778306939,8.525904420205718e-08,1.0113520979074676e-08,0.0004967411498818839
25,8.078938172399244e-05,7.341997035041221e-05,2.701287620221897e-08,5.250770563953491e-05,4.808072548840182e-08,0.0034047230623168714,1.7257297116904919e-06,0.00033509959689713263,0.003129592394619272,0.00010222063790971825,0.0001302731200799829,5.2612936734095284e-05,3.339831719293157e-07,6.266683427277408e-06,0.9434685727594933,7.15170433211304e-05,9.040223952102731e-07,5.705822711242392e-08,0.0002927795334489427,5.1012675460519444e-09,6.54591570253716e-10,0.048097622350554654,1.0486486996481921e-07,1.0859812124581292e-08,0.0006987854558348209
26,0.00011713810884353323,9.223262783448203e-05,9.384978904157553e-08,9.026312254116818e-05,8.861687266467496e-08,0.0070772689916860435,1.7047069156277742e-06,9.001050729573824e-05,0.010060480546171865,0.0003035375246191396,6.218324945188239e-05,3.6560798730740255e-05,5.335547695533611e-07,7.617860441563713e-06,0.9573767254549124,0.00014885740372904476,1.2593518689089236e-06,7.906299940490126e-08,0.00029755168975001926,1.2860068349793913e-08,8.597941806970924e-10,0.022901324119481762,4.824733726373376e-07,9.660687413389285e-08,0.0013338960511860664
27,0.00033097321166131085,0.00038674453579189025,5.584876942273071e-07,0.00011272031735431491,1.1762309144164476e-07,0.003812563647237376,2.5495012294793982e-06,0.0003504917632681618,0.0014787691113699476,0.0004153002492121877,0.00026654604098028513,0.00015610910173868598,8.29842895159248e-07,2.4132280799886712e-05,0.9666918419364542,0.0005708416993398733,2.941605073211491e-05,2.4698661164209174e-07,0.0004181190646240486,1.9754223468531534e-08,7.038860642575564e-09,0.02159349483209383,1.1407344977583823e-06,8.176979489143973e-08,0.0033563844184433286
28,3.7760981821957324e-05,5.9887830958923995e-05,1.7743954564227815e-08,3.3331902269343376e-05,2.3816182394501788e-08,0.0029413259268455563,7.926934387893435e-07,8.116611187167927e-05,0.0028366864128984005,0.00011426469845631823,4.080022776189223e-05,2.163980298667359e-05,1.9364036204399036e-07,3.1323178712817746e-06,0.9664289876446661,6.484662682861483e-05,5.592951077285422e-07,1.944087891226531e-08,0.00023249845046498647,3.2105075450055004e-09,2.9154021262632033e-10,0.026438437430480348,8.261515504660197e-08,1.2046224272134521e-08,0.0006635288404661184
29,3.7760981821957324e-05,5.9887830958923995e-05,1.7743954564227815e-08,3.3331902269343376e-05,2.3816182394501788e-08,0.0029413259268455563,7.926934387893435e-07,8.116611187167927e-05,0.0028366864128984005,0.00011426469845631823,4.080022776189223e-05,2.163980298667359e-05,1.9364036204399036e-07,3.1323178712817746e-06,0.9664289876446661,6.484662682861483e-05,5.592951077285422e-07,1.944087891226531e-08,0.00023249845046498647,3.2105075450055004e-09,2.9154021262632033e-10,0.026438437430480348,8.261515504660197e-08,1.2046224272134521e-08,0.0006635288404661184
30,3.7760981821957324e-05,5.9887830958923995e-05,1.7743954564227815e-08,3.3331902269343376e-05,2.3816182394501788e-08,0.0029413259268455563,7.926934387893435e-07,8.116611187167927e-05,0.0028366864128984005,0.00011426469845631823,4.080022776189223e-05,2.163980298667359e-05,1.9364036204399036e-07,3.1323178712817746e-06,0.9664289876446661,6.484662682861483e-05,5.592951077285422e-07,1.944087891226531e-08,0.00023249845046498647,3.2105075450055004e-09,2.9154021262632033e-10,0.026438437430480348,8.261515504660197e-08,1.2046224272134521e-08,0.0006635288404661184
31,9.953338464195731e-05,0.00010594543781053578,5.054870323855254e-08,5.1286546854642444e-05,2.9159974814852418e-08,0.003790828525209455,1.3087254061833304e-06,0.00023670111409862808,0.0030950860970726,0.0002059672959994787,7.342932686121655e-05,3.815677353036407e-05,3.889749875164172e-07,5.540905218542039e-06,0.951627556895231,0.00014067629241343565,1.2850916810091676e-06,5.4625773925491074e-08,0.0003436281781987348,5.623955074061733e-09,6.89486544430091e-10,0.039282800510468036,1.3748372425421904e-07,1.719467254490155e-08,0.0008995845980263115
32,3.242288368503288e-05,5.512364408164751e-05,1.4901933532694245e-08,3.245847687901918e-05,2.1523148536561886e-08,0.0028107007162095922,7.755145586874572e-07,7.464963521610625e-05,0.002556173815144954,0.00010703254137588256,3.7152282943082354e-05,1.8830305205050934e-05,1.8736594342331122e-07,2.6599584692553063e-06,0.9679355794524878,6.261599446307582e-05,5.123269300867629e-07,1.8298313515500132e-08,0.00026340550981705763,2.9992731884046412e-09,2.847888246658992e-10,0.025430667665694358,7.610419836218003e-08,1.095462414425121e-08,0.0005789068446159601
33,7.401817339819631e-05,0.00010382242387480213,1.7226970415984805e-08,5.898486317214166e-05,2.6542670937052018e-08,0.0025241944773111875,1.145209832948398e-06,0.00017790233643687857,0.0017332359642467012,8.565454209923105e-05,7.935545376420227e-05,4.653509177269257e-05,3.7411410912263484e-07,2.9152022803817182e-06,0.9399313269581263,8.850368067389837e-05,1.1668276817888584e-06,3.0862646678381424e-08,0.00036900842751859153,2.9176111350549194e-09,4.080364551222613e-10,0.05417702816596497,7.026481848373921e-08,1.1194218446696312e-08,0.0005446686707635631
34,0.00018788219898012947,2.691478825681329e-05,2.2610847355816377e-08,3.198157158510009e-05,2.901050415362694e-08,0.0021554673215775774,1.024987532129727e-06,8.984275879350211e-05,0.0024326583841653717,4.24221048599796e-05,9.761933024020114e-05,1.7801869062260667e-05,4.1298725857381294e-07,1.2581463494761765e-06,0.9651876502896295,3.6707405740608333e-05,3.845190245102871e-07,3.418709333474271e-08,0.0003114947790766861,2.123032953814481e-09,3.6403963286399016e-10,0.029065110948930207,6.160411506758455e-08,1.2546802614513102e-08,0.0003132031625022306
35,8.834088301927756e-05,7.38694559161326e-05,2.47605661746629e-08,4.505555367030588e-05,2.3036913671934933e-08,0.0045225451770247735,1.234053273784351e-06,0.00017123394004968712,0.003913179935407721,0.0001454213543007927,6.54846159133559e-05,3.565283470105841e-05,3.375897838209273e-07,3.1196586336527517e-06,0.940995730539333,0.0001023051325116133,7.659969525936979e-07,3.9158102382383976e-08,0.00041773201013291396,3.163474122493089e-09,4.157095537794881e-10,0.04875488575133672,9.52735084935329e-08,1.51121720236433e-08,0.0006629045975920985
36,3.7777209563622004e-05,5.954522218883552e-05,1.7833050559290016e-08,3.326498963996189e-05,2.420143894684196e-08,0.002940406849569448,7.912636951725795e-07,7.983607818103456e-05,0.002830190898549057,0.00011313932215934326,4.105050829323966e-05,2.1558125432254975e-05,1.9292982837735652e-07,3.115878059571907e-06,0.9668370338981069,6.431206771615208e-05,5.598316841454906e-07,1.932473827204133e-08,0.00023055263278755158,3.218346560046465e-09,2.9280897366189834e-10,0.026039965873162717,8.344375302378674e-08,1.2222248935446953e-08,0.0006665458849972787
37,0.0001394247400699953,9.72551018360386e-05,7.084079148972528e-08,6.237255115889213e-05,6.729579275130684e-08,0.004054236690357312,1.6868579228208386e-06,0.00010913343695244928,0.006709144229555668,0.0001859185386707996,8.219995033323037e-05,4.7843003301264856e-05,5.899776787540632e-07,7.589959728194241e-06,0.9517317853435731,0.00010133832043721777,1.0853371055160032e-06,6.036985389731615e-08,0.0002853101547152604,7.902103193202099e-09,7.965837611828749e-10,0.03515138752256556,2.1671186117269283e-07,5.114686459229451e-08,0.0012312232201873265
38,5.776253238973077e-05,0.0005393980518024249,4.160315782750828e-08,4.7048905551154496e-05,2.455554856190705e-07,0.0007914074678151791,5.182114568446439e-07,0.0001514772785053222,0.010533011726164889,0.0001393240329382181,0.00020515744333394613,0.0001491761041786696,2.407995659179181e-07,7.385012496140209e-05,0.9018098980674617,2.1670193547085745e-05,1.0751039627864208e-06,1.2956609452583421e-08,6.196846208210451e-05,4.527953621027753e-09,4.775594014893601e-10,0.08099368846380646,6.829985069573814e-08,3.345249180926491e-08,0.004422920157367816
39,5.77343965380428e-05,4.7781067800370667e-05,2.166564702383784e-08,3.084562262341838e-05,1.7664569992135823e-08,0.005171736869404436,1.4895930530733414e-06,0.00021673300744689953,0.002045874239088933,9.785720277697411e-05,5.945402093859478e-05,4.013500054249194e-05,2.3353183011457592e-07,2.147772297227928e-06,0.9516879449981995,0.00013803555702951014,9.511814178783877e-07,2.6973407951957595e-08,0.0003080157029040732,3.418368656183619e-09,4.0660995165686845e-10,0.03939351186880548,8.8879723157903e-08,9.640632626839993e-09,0.0006993497183437484
40,2.162921880353682e-05,7.614866922287153e-05,1.5697660592833847e-08,0.00012017360355244392,2.2099742568257827e-08,0.003996971753374743,1.0923771125607484e-06,0.00013063992956847942,0.004785596034295514,0.0003514558034597501,2.619726538538395e-05,1.276912516292514e-05,2.552334989637505e-07,4.025361931501895e-06,0.9710881925533819,0.0001307005484494355,4.527925316313415e-07,7.179199026881971e-08,0.0009475246332812737,5.488108076035035e-09,4.708865015262686e-10,0.01787617425119624,2.027406712918229e-07,2.2392091211193526e-08,0.00042966016464051975
41,5.179633721121018e-05,0.00010218824518660994,2.9145188206283473e-08,3.361069143371664e-05,2.3813597504543008e-08,0.0030753479860416055,1.1383200801237828e-06,0.00012500716260793298,0.0030741247779013806,0.00016664122466997027,5.7435015383871885e-05,3.1983310690483e-05,3.3767146372127846e-07,5.582129637261057e-06,0.9496695503299344,0.00010757106797443771,1.0257359034754249e-06,3.1687152798476565e-08,0.0003514761516041637,5.0787757621266e-09,6.367639757405874e-10,0.04213003040713939,1.1207233352014251e-07,1.7617780045568217e-08,0.0010149333835445982
42,2.633864531517836e-05,4.932984564033844e-05,6.749252907204618e-09,2.2855554191493823e-05,1.218752184136035e-08,0.002770809411104763,7.218393089711215e-07,8.202135573020826e-05,0.0018252307530477636,7.303978092310507e-05,3.1907218020564694e-05,1.584664890382467e-05,1.9881680427197342e-07,1.2178296478796743e-06,0.9447320766174296,5.588446051025941e-05,3.885982439441509e-07,9.599016769824091e-09,0.00032614408897995014,1.8194981520744608e-09,1.7908644659237935e-10,0.04962924196383698,2.96965156635133e-08,5.4575309565743126e-09,0.00035668088393825214
43,2.688476306595895e-05,4.669597166705861e-05,1.4390991779197315e-08,2.9678236758022854e-05,1.888900091641385e-08,0.003572391572983015,6.324370133899072e-07,7.777632351813331e-05,0.0027446571650650508,0.0001409543733565769,3.090014440937725e-05,1.3553186425839408e-05,1.5478936487884512e-07,2.52910535311606e-06,0.9676223695194212,5.970095927651032e-05,4.2422044462382515e-07,1.6740852369910518e-08,0.00024410993861740537,3.1259889985896186e-09,2.5131261464776256e-10,0.02486511223025837,7.497834751316644e-08,9.19405242378217e-09,0.0005213374924553593
44,3.7760981821957324e-05,5.9887830958923995e-05,1.7743954564227815e-08,3.3331902269343376e-05,2.3816182394501788e-08,0.0029413259268455563,7.926934387893435e-07,8.116611187167927e-05,0.0028366864128984005,0.00011426469845631823,4.080022776189223e-05,2.163980298667359e-05,1.9364036204399036e-07,3.1323178712817746e-06,0.9664289876446661,6.484662682861483e-05,5.592951077285422e-07,1.944087891226531e-08,0.00023249845046498647,3.2105075450055004e-09,2.9154021262632033e-10,0.026438437430480348,8.261515504660197e-08,1.2046224272134521e-08,0.0006635288404661184
45,1.8499281303194545e-05,2.4911444004947896e-05,6.496023529142231e-09,2.7083294907337277e-05,1.662851747723512e-08,0.0026088743753979802,6.88709054036623e-07,4.995656397069286e-05,0.002027866647947782,5.496744708159633e-05,2.3222642931006606e-05,1.1631290721965914e-05,1.1274863336575304e-07,1.062993984874261e-06,0.9780806643996726,4.170848804983691e-05,2.3058375822323113e-07,9.949462502437234e-09,0.00020287128033980029,1.8928455772878674e-09,1.2578594064567038e-10,0.016509181238456842,4.5538014404120853e-08,6.255133672034955e-09,0.00031637968400073744
46,6.436140328823721e-05,7.699746249033457e-05,1.306887987798964e-08,3.7757869513299935e-05,1.959061623730453e-08,0.0026003342786064428,7.128264605318485e-07,8.036740856036269e-05,0.0008560995177856015,5.218770403771443e-05,5.139786237292613e-05,3.446885383803336e-05,2.014729852017317e-07,1.2188640801086345e-06,0.9565177619930397,7.352497461197506e-05,1.6983651552786948e-06,1.1103223239518511e-08,0.00021169680318449064,1.548001128488374e-09,2.2583519888392016e-10,0.03883328662711454,6.483172052308865e-08,8.004116459722678e-09,0.0005058073404824836
47,6.48686487913903e-05,0.00010266626313474146,1.4839094367553422e-08,2.1942562701778535e-05,1.542775490953124e-08,0.0021067717090888674,8.623092722174905e-07,8.301864361584651e-05,0.002144067055652478,7.376629898364295e-05,4.7090109706957696e-05,4.5150773838644266e-05,3.149389801339379e-07,1.978633632526845e-06,0.9347917892157116,9.245058766874204e-05,7.828547257355632e-07,1.1205996546220674e-08,0.00022867040863896733,2.1925795785890847e-09,1.9397571191589573e-10,0.059364782796550726,3.645382371997128e-08,1.2204477549360836e-08,0.0008289336716027441
48,3.4552099174524486e-05,0.00017490629128824746,1.3304164685908428e-08,6.239790692968529e-05,1.3654474253867345e-08,0.0027158515963467893,5.863427471839496e-07,0.00012938300045748274,0.0011510100573741094,0.00019052064973678015,2.924373706964715e-05,1.7947191512537416e-05,1.7807585953844193e-07,2.6153080678307626e-06,0.9525815310446581,8.314458214072232e-05,1.5913079996883433e-06,1.7842111859774984e-08,0.00040505287879789875,1.827335540570656e-09,2.860179767708311e-10,0.041997088916923664,7.848472839785197e-08,5.270714439988588e-09,0.00042226834336844956
49,6.075740214159427e-05,6.704041608542615e-05,3.0393791272893776e-08,3.960870693132607e-05,3.441256126267766e-08,0.005075001191643617,1.2586824340502023e-06,0.00011790924758889649,0.0038069517177939044,0.00013575104693590412,5.9111074516140414e-05,3.6104578240231134e-05,2.787008235649696e-07,3.867658126668816e-06,0.9564189771528342,9.456076477533524e-05,8.370470350775047e-07,2.9507617295380594e-08,0.00022814771288565193,5.0432025680808465e-09,4.1646370602872073e-10,0.03298191213157171,1.2604214785396294e-07,1.8030253278298982e-08,0.0008716809215994744
50,2.5459449015066168e-05,6.550198137907965e-05,1.567264235146326e-08,3.0375106245849134e-05,1.704174715740773e-08,0.002775205258346495,7.353765023013953e-07,0.00011593069103164664,0.003064237518926353,0.00018620549733853697,3.0979532685894915e-05,1.5596459941312376e-05,1.778394498247592e-07,4.243152599976618e-06,0.9584162483229991,5.571968030813104e-05,4.189168432118048e-07,1.7906606635594597e-08,0.0002989042898196078,2.91952779876792e-09,3.113857753784206e-10,0.03433114643307539,5.932013703535611e-08,6.883824990546233e-09,0.0005827944376204355
51,4.823649237934666e-05,2.011916553715005e-05,2.801878562829085e-08,1.7385276091973015e-05,3.1343820562230846e-08,0.00619016997899294,1.196118066734971e-06,4.589269410665418e-05,0.004117730085020767,8.761624043330827e-05,4.482817147724251e-05,2.0932182313557977e-05,1.7430937086423258e-07,2.0033856704192708e-06,0.9718318140537677,9.015183973512425e-05,5.881748972407904e-07,2.0120144588335788e-08,0.00017906573563344485,4.861344757819856e-09,3.758344786674885e-10,0.0162947333593843,1.673570177348101e-07,2.7679023198342085e-08,0.0010070829811501918
52,4.146289072102575e-05,0.00011154304501061345,2.358026141393846e-08,2.679107893339616e-05,5.8048021734139716e-08,0.0023795785012724786,1.5213824724872706e-06,6.780364242484351e-05,0.0030836923133696174,4.979491548196312e-05,7.086748484251413e-05,6.924887228366188e-05,1.8911291855179686e-07,4.981935260271258e-06,0.9621097411741191,5.696097022990709e-05,1.2445305612768907e-06,9.13906192746174e-09,0.0001299631107358138,2.803701881719558e-09,4.3903748297508485e-10,0.02999472183605876,1.029452149958185e-07,2.0159603946925087e-08,0.001799676088400305
53,3.0854092177908643e-05,3.7471993312750955e-05,1.3117623120003642e-08,2.3650526917562438e-05,2.027766285535361e-08,0.0033773137473161966,1.2513846331697336e-06,7.87906813736192e-05,0.003136690438765479,6.321553365769517e-05,3.913311165386225e-05,2.8627156991988395e-05,1.4312354298301573e-07,2.7502816375637935e-06,0.9709081683343084,5.8270698760195955e-05,4.030604140082496e-07,1.6292886293575226e-08,0.00016750853200862113,2.799359083708785e-09,2.3415032638812577e-10,0.021304840599577345,8.41351265965006e-08,9.619138990802865e-09,0.0007407702270034545
54,1.3474957426051082e-05,6.539048658526668e-05,1.216135003548741e-08,1.3543498087139454e-05,1.492954501563446e-08,0.0012642750587628093,4.581535293335744e-07,4.6326694854523024e-05,0.0030038274165754687,0.00010012207870475353,2.0022878286905798e-05,2.701549356619219e-05,8.725487172582484e-08,4.830953354526734e-06,0.9744665151702234,6.676531677410955e-05,3.5222133807919647e-07,6.347784489079666e-09,0.00010986519354533767,2.465879008392835e-09,1.4009258089588731e-10,0.019366628871830677,4.114101961745393e-08,1.021715080803465e-08,0.001430410898861999
55,5.558238769934639e-05,4.731365929413552e-05,1.951274050919903e-08,4.255808042465745e-05,5.372144878080274e-08,0.003797172480487178,2.0904120181319373e-06,6.830759389711227e-05,0.0068400185592340365,5.49759193090504e-05,5.880258695068694e-05,7.626486946889177e-05,2.4914834377468633e-07,3.357263410033508e-06,0.9647859444423478,7.76926476277096e-05,4.332167114104504e-07,2.4440902796164727e-08,0.00019521459536601095,3.518128275854141e-09,2.762719846414735e-10,0.02270186187243796,1.189243828899941e-07,3.4981431943919874e-08,0.0011919048896652535
56,3.977828998580313e-05,6.107092443557985e-05,1.8037511918093194e-08,3.402042967867979e-05,2.451939590267119e-08,0.0029422989299744897,8.386707714004049e-07,8.284902301011372e-05,0.002882201938982934,0.00011251360930584932,4.259626247629212e-05,2.2428724428648226e-05,2.112301784266332e-07,3.1603039358700668e-06,0.9649454673898882,6.493114276950636e-05,5.662694049295783e-07,2.0301583794913397e-08,0.00024249462951137318,3.3426156402780193e-09,3.0702823168862914e-10,0.027862221331648274,8.335542431645655e-08,1.2597772222776006e-08,0.0006601884382815947
57,3.0184088573199178e-05,8.327948388494882e-05,1.4825979839036058e-08,2.8651881902842888e-05,1.9760489665718143e-08,0.0020782704119900186,9.117842691351095e-07,8.507612475987353e-05,0.0022547427509748215,0.00010954010549137213,4.02474640489454e-05,2.5167757642850735e-05,2.562587183216998e-07,2.8820963349294797e-06,0.9578663899696699,8.517896075446587e-05,6.42521826737146e-07,1.687659975388396e-08,0.00041163705752080324,2.9474655572817894e-09,4.062248884045362e-10,0.036181585674430555,5.570733119092836e-08,1.2323754676540352e-08,0.0007152327593607709
58,3.755730726030064e-05,5.991216387789287e-05,2.0046380651657166e-08,3.5829541611419036e-05,3.139641939891012e-08,0.002953534458319758,9.205901461224828e-07,6.509756875120752e-05,0.0033886680202562915,0.00011173585493604347,4.159875969401544e-05,2.337364619338107e-05,2.3614259113812746e-07,3.2364393681176865e-06,0.9680985948523493,7.137474105836961e-05,5.681095021674495e-07,2.0622989794997148e-08,0.0002495603276226776,4.1620495623577834e-09,3.4861274160678966e-10,0.02409925040233994,1.0070336282603193e-07,1.9840672082420994e-08,0.0007587539536348845
59,4.109844690663725e-05,6.789933875739007e-05,2.584349215278724e-08,3.749879456303423e-05,3.350551140452375e-08,0.0032546180785650515,9.63983380890537e-07,7.473851465948784e-05,0.0036933684728787794,0.0001410880065881081,4.315020824072945e-05,2.4483983291735042e-05,2.5012894701473104e-07,3.9278891994410335e-06,0.9666590682449137,8.369359497354522e-05,6.727982874712418e-07,2.3786416325235974e-08,0.0002542069619778819,4.838231991567081e-09,4.1124756283195306e-10,0.024755196950111306,1.1678775870152384e-07,2.1865248207258894e-08,0.0008638485658515601
60,3.7760981821957324e-05,5.9887830958923995e-05,1.7743954564227815e-08,3.3331902269343376e-05,2.3816182394501788e-08,0.0029413259268455563,7.926934387893435e-07,8.116611187167927e-05,0.0028366864128984005,0.00011426469845631823,4.080022776189223e-05,2.163980298667359e-05,1.9364036204399036e-07,3.1323178712817746e-06,0.9664289876446661,6.484662682861483e-05,5.592951077285422e-07,1.944087891226531e-08,0.00023249845046498647,3.2105075450055004e-09,2.9154021262632033e-10,0.026438437430480348,8.261515504660197e-08,1.2046224272134521e-08,0.0006635288404661184
61,4.761991463489368e-05,6.783618975201394e-05,2.9420389716986155e-08,3.934874574193714e-05,3.622576252741503e-08,0.003520354804921604,1.0437332493415644e-06,8.000310170552065e-05,0.004200930960242378,0.00014979321870653743,4.6669088398924726e-05,2.579796656059509e-05,2.7275795620718925e-07,4.212546156394478e-06,0.9649754942965618,8.536754724364512e-05,6.771111549580831e-07,2.702216092159338e-08,0.000262490383275937,5.119005358688312e-09,4.4804313264101453e-10,0.025592708312377477,1.278583680973788e-07,2.4463682624618584e-08,0.000899128763947307
62,3.7760981821957324e-05,5.9887830958923995e-05,1.7743954564227815e-08,3.3331902269343376e-05,2.3816182394501788e-08,0.0029413259268455563,7.926934387893435e-07,8.116611187167927e-05,0.0028366864128984005,0.00011426469845631823,4.080022776189223e-05,2.163980298667359e-05,1.9364036204399036e-07,3.1323178712817746e-06,0.9664289876446661,6.484662682861483e-05,5.592951077285422e-07,1.944087891226531e-08,0.00023249845046498647,3.2105075450055004e-09,2.9154021262632033e-10,0.026438437430480348,8.261515504660197e-08,1.2046224272134521e-08,0.0006635288404661184
63,3.4756281924907936e-05,7.057741581206749e-05,1.6671853851668413e-08,3.326614468008897e-05,2.2449241355015876e-08,0.002636897355995248,7.311026719968818e-07,7.846149564259621e-05,0.0026250764993379807,0.00011892735824078649,3.852194998063367e-05,2.1425099478876944e-05,1.9437033004128769e-07,3.1598352710034846e-06,0.9657065047217109,6.612972525255815e-05,5.88192763187591e-07,1.777166407923256e-08,0.00024175946738958686,3.1032205510022308e-09,2.832897725089009e-10,0.027654798982193397,7.582993005949121e-08,1.1731205182415361e-08,0.0006680761609192516
64,4.3225476368927906e-05,7.363596424062252e-05,2.469360049939307e-08,3.565658302671242e-05,2.863985248538064e-08,0.002941796161836781,1.0071127924443748e-06,9.023406847681085e-05,0.0029696586852926625,0.00013289836926431298,4.742336557210233e-05,2.4455214549688564e-05,2.595523812633582e-07,4.031044090186238e-06,0.9639277680486348,7.97968204391599e-05,7.545528368672359e-07,2.4951887262270518e-08,0.00029286488984010356,4.2150055535066495e-09,4.835805266298177e-10,0.028545427078723973,1.0397718945754061e-07,1.5935892802936508e-08,0.0007889041146239867
65,3.0443156444889585e-05,2.829643357207178e-05,7.893295712836488e-09,3.144694460168165e-05,1.5964736609327252e-08,0.0034013278492991254,7.178408692889098e-07,6.233051263681713e-05,0.0013372277062376752,5.304822613245235e-05,3.477603941271301e-05,1.4653545852931062e-05,1.1259099350086523e-07,9.660773219042498e-07,0.9764968953544187,4.8614171388382374e-05,4.6498912876281966e-07,1.4303631619217729e-08,0.00024121397396782574,1.5444261692255624e-09,1.7428947010975592e-10,0.01789413939596025,6.843899460761478e-08,5.8918233560080335e-09,0.0003232109805634711
66,0.0001665760308972469,8.920893682973087e-05,9.810435735229384e-08,4.928302411732873e-05,5.856080013191988e-08,0.0037419242278232683,1.8258636708574888e-06,0.00030523555694349783,0.0054793445619571324,0.00025259259451833067,0.00012796130244852508,4.015436522792582e-05,8.890063939247155e-07,8.690385904350044e-06,0.933971101867915,0.00011101854281765713,9.316849194555526e-07,8.126983451819549e-08,0.00032704930464089583,1.1810013369712777e-08,1.0827305229795998e-09,0.05445992737072029,1.0737390445575438e-07,2.4479159523754427e-08,0.0008659026914546332
67,6.074596388800161e-05,7.109579163080017e-05,4.179392037141947e-08,4.990492482457268e-05,3.307996665511407e-08,0.0040305897888430675,1.0398281837716968e-06,0.00011066076313305575,0.003146101208241108,0.0001859918941596699,5.350819204987718e-05,2.4598918672194707e-05,2.9634355946135906e-07,4.9229775455978895e-06,0.967155286284066,9.919554671543241e-05,1.0395272557366127e-06,4.054505761603349e-08,0.0002841038336050949,6.1494437656731165e-09,6.254973074736126e-10,0.023883386673499634,1.9366684504212557e-07,2.1894317374521486e-08,0.0008371937850789853
68,3.720966594718808e-05,5.855007312214022e-05,2.5228052896077858e-08,3.601577911614891e-05,3.329246304368445e-08,0.0035015104055098087,9.107273284777614e-07,7.089157615373207e-05,0.004374472641467652,0.00013874599502584995,4.042355699243903e-05,2.576450142386832e-05,1.9884475808403713e-07,4.60613644885313e-06,0.9687795560894003,6.821045831445244e-05,5.454274455031866e-07,2.166854597264861e-08,0.00018740055317637073,4.53305531148798e-09,3.20885509519065e-10,0.02174535734729023,1.2009519939616914e-07,1.9238414619871535e-08,0.000929405844462265
69,5.547442380233994e-05,7.101529507970836e-05,5.835369891684422e-08,4.474552976309629e-05,3.442720517630932e-08,0.004757127717151008,1.3731415247271832e-06,0.00018396216656178747,0.005318654061939747,0.00029723829874297845,5.7506435324439495e-05,3.0230870861421493e-05,3.110503193474934e-07,9.737010995623076e-06,0.9604670703024842,0.00012786509929091686,8.313700061498781e-07,6.468410243768085e-08,0.000340655891446765,8.88070561687937e-09,9.703177717958139e-10,0.0270157486834072,2.2042225859902895e-07,2.5104601903644914e-08,0.0012200398084082891
70,3.7179498929012645e-05,4.1958160429491395e-05,1.7997347376118486e-08,4.95029742133448e-05,5.321665713690724e-08,0.003329469459024244,9.940477915333304e-07,7.297188144459447e-05,0.004199532709777188,7.65878779738846e-05,4.727149466747874e-05,2.24473759627585e-05,1.517385583914713e-07,3.7285673165870025e-06,0.97338761889456,3.215319160244256e-05,3.952237000625648e-07,1.8707673416506266e-08,0.00014162601538953286,3.1197230470297195e-09,2.569185905959257e-10,0.017959244552782763,1.1264357369090668e-07,1.255101791619268e-08,0.0005969478429655011
