,0,1,2,3,4,5,6,7,8,9,10,11,12,13,14,15,16,17,18,19,20,21,22,23,24
0,3.1347742452359693e-08,0.0009363591316620663,2.157046343367173e-05,3.840939921034388e-07,0.011018209299488657,0.00847664150798705,2.626958959346792e-06,1.537462748405342e-08,0.024147808622002182,1.0438748624927616e-06,0.00251740840304733,5.8900821338185455e-09,2.3770576248025943e-09,7.456267525805356e-05,0.9526591801918015,1.6050755949996367e-07,1.9179143022310106e-10,7.353911525888296e-10,0.00010058163015847464,1.0403663259810789e-10,8.180243795763178e-07,6.603488005642126e-07,1.540654035381429e-06,5.900453124824137e-08,4.0328587312173434e-05
1,1.862030115587086e-08,0.000778964516220588,1.3802505418823183e-05,3.1735906936285996e-07,0.007140122072651748,0.005731441689482479,1.9739910714111663e-06,1.776254514636407e-08,0.035806726919261594,1.5739658127874035e-06,0.001096818712159587,2.9688682047879118e-09,1.171581326137561e-09,5.529793144239123e-05,0.9491428395707604,1.8234210940835305e-07,1.2142024439471117e-10,3.241903698953725e-10,0.00017617926267136515,7.34138375017199e-11,9.243430424635908e-07,5.588173465744287e-07,8.018210390237404e-07,2.9750342708750085e-08,5.140338777721705e-05
2,4.5349128934343686e-08,0.003583662806533609,0.000124503198289659,2.8858044586473884e-06,0.07030416009691914,0.018867842224092542,5.900859626070365e-06,5.5546507845393633e-08,0.10549182886169703,5.240433212408342e-06,0.006976966071140085,1.506942420504595e-08,1.0774193379869165e-08,0.0003416313704009461,0.7939429689457567,2.0060530383919726e-07,2.725073815300404e-10,3.005228759568885e-09,0.00023172777103589476,2.734151813685697e-10,3.5119159653507165e-06,8.587980980301489e-07,1.8603024662687873e-06,1.9834093308478158e-07,0.0001139213036650493
3,2.4629122179460415e-08,0.0010734697292409405,1.2525797814523443e-05,4.128539796628328e-07,0.008665219195909464,0.005555629461307455,1.9254038564647753e-06,1.5153837555821755e-08,0.01519219381729489,1.175261688581502e-06,0.0015016329818043198,4.3356340446846986e-09,1.5375606391127458e-09,6.966337832999683e-05,0.9677807085158393,1.2909801915137336e-07,2.330947961794693e-10,7.251923887045213e-10,8.734131706804146e-05,7.179741108174367e-11,1.0858755287705037e-06,8.092337289603982e-07,1.8822611675295345e-06,5.543922739506927e-08,5.4093691955543515e-05
4,2.8678559621334444e-08,0.0013961014867166386,1.6525981101976064e-05,4.941848459237023e-07,0.011474206588173146,0.006713432056805055,2.3599144500107456e-06,1.5654812703281288e-08,0.016971562048290728,1.4114056398202267e-06,0.001767327940135477,5.309956560611676e-09,2.5642344903438047e-09,9.654803766908778e-05,0.961411650641341,1.348474667138492e-07,2.6702622265804064e-10,9.315607121691117e-10,9.056639420008472e-05,8.559162090406933e-11,1.0803977358066824e-06,9.152522374156976e-07,2.064831638314301e-06,7.049544855722894e-08,5.3494004362225675e-05
5,2.8813960148528865e-08,0.0015422894347465836,1.5477449312121198e-05,8.425402093208356e-07,0.01361446546310841,0.007708461157875395,2.438219438818169e-06,2.194432454167179e-08,0.015271583029421151,1.8519647817704828e-06,0.0020768364545307246,5.8628945478413775e-09,2.316992667922885e-09,0.00010564878279018188,0.959486953370533,1.5363210937487493e-07,3.299075064367519e-10,1.5045001357822438e-09,9.190146396746511e-05,1.067937903132996e-10,1.8435400771541426e-06,1.0253642843689733e-06,3.3824510196199554e-06,8.820119605458542e-08,7.469660122469109e-05
6,2.4629122179460415e-08,0.0010734697292409405,1.2525797814523443e-05,4.128539796628328e-07,0.008665219195909464,0.005555629461307455,1.9254038564647753e-06,1.5153837555821755e-08,0.01519219381729489,1.175261688581502e-06,0.0015016329818043198,4.3356340446846986e-09,1.5375606391127458e-09,6.966337832999683e-05,0.9677807085158393,1.2909801915137336e-07,2.330947961794693e-10,7.251923887045213e-10,8.734131706804146e-05,7.179741108174367e-11,1.0858755287705037e-06,8.092337289603982e-07,1.8822611675295345e-06,5.543922739506927e-08,5.4093691955543515e-05
7,2.992881194617675e-08,0.001552405629999027,2.0687764359780904e-05,4.343288700923931e-07,0.007758123409014125,0.005650409694585089,3.0999363696245808e-06,1.4205134028788885e-08,0.023963103157898874,9.870557175775554e-07,0.0024931651227970723,4.620090682709143e-09,3.064906355750295e-09,7.763217515310428e-05,0.9583550909641653,9.356391252847096e-08,2.0316352308994878e-10,8.729708082426878e-10,7.217505944232155e-05,1.0841312839502606e-10,8.071510210403623e-07,6.893601723523735e-07,1.468667992841532e-06,7.80472448890235e-08,4.949590779390065e-05
8,2.787903172533825e-08,0.0013817973626543793,1.5158404210078765e-05,7.852830978293392e-07,0.008566731928216414,0.002245455830085645,2.147952664984888e-06,2.332705054726286e-08,0.010888246576460488,2.3203338876529525e-06,0.00043663704346650196,2.573938947140908e-09,1.5878171842421179e-09,6.991144753901853e-05,0.976161171009902,1.7991815553985639e-07,3.72691918428643e-10,5.313248971117062e-10,6.226183249592925e-05,5.7023139316553306e-11,1.38250387247112e-06,5.40763987642171e-07,3.24118630562384e-06,1.5989161221689402e-07,0.0001618144025071632
9,3.2937433470209266e-08,0.0025276535129405515,5.462528629352982e-05,1.1783848194120569e-06,0.015743473034445014,0.002310932873409318,3.0683687906114297e-06,3.151258313266695e-08,0.03436723669636842,2.3556562185780953e-06,0.0008903758785711361,3.6888670917074132e-09,4.934668346972826e-09,9.314437477061733e-05,0.9437448419848663,1.0068739952056486e-07,3.850684187848734e-10,6.797190844731623e-10,6.51685064441341e-05,9.443387186807522e-11,1.1654326685535197e-06,3.9174655559802357e-07,1.6649656969201963e-06,3.3524590418148084e-07,0.00019221313106429068
10,2.4629122179460415e-08,0.0010734697292409405,1.2525797814523443e-05,4.128539796628328e-07,0.008665219195909464,0.005555629461307455,1.9254038564647753e-06,1.5153837555821755e-08,0.01519219381729489,1.175261688581502e-06,0.0015016329818043198,4.3356340446846986e-09,1.5375606391127458e-09,6.966337832999683e-05,0.9677807085158393,1.2909801915137336e-07,2.330947961794693e-10,7.251923887045213e-10,8.734131706804146e-05,7.179741108174367e-11,1.0858755287705037e-06,8.092337289603982e-07,1.8822611675295345e-06,5.543922739506927e-08,5.4093691955543515e-05
11,2.6910792488362644e-08,0.0012104007352625019,1.3949040629287239e-05,4.4185304963136814e-07,0.00911763574722736,0.005879569341513841,2.122689651737276e-06,1.5652444975956364e-08,0.016168070936344068,1.2464733325220665e-06,0.0016181118919331445,4.7687076046495465e-09,1.9643497763574738e-09,7.705754403400467e-05,0.9657662191515505,1.2921440329657044e-07,2.552473533523585e-10,8.339534057828436e-10,8.63201878062532e-05,8.192020467747866e-11,1.0628897387751235e-06,8.748181350801032e-07,1.979033333672694e-06,6.283564561751644e-08,5.4695148992848235e-05
12,4.24473551925912e-08,0.0017301026855538742,1.3206994778531373e-05,6.960529911888635e-07,0.01919395406436447,0.008930139506868882,2.1142165072571777e-06,1.8349817783529458e-08,0.0073063776588839155,1.8865620119640258e-06,0.0017486383015701214,1.0194761582093134e-08,2.82812683308138e-09,0.00015951583492563502,0.9607519703854869,1.969902556875694e-07,5.973865234320109e-10,2.13656095984587e-09,8.760087245503105e-05,8.211751278798539e-11,1.8954674824183848e-06,1.9912138589249254e-06,6.069351417222439e-06,1.0018943068787905e-07,6.346701503104013e-05
13,2.8275201665629676e-08,0.0007853868103384693,1.5011647801603864e-05,3.0167707593985173e-07,0.007176380405249741,0.0037228309068608623,1.65051512653103e-06,1.5226245482196596e-08,0.015567749864870703,5.243916734924769e-07,0.002545497901198026,8.494249535958446e-09,1.4369956644789113e-09,6.41654728064723e-05,0.9699843805951069,7.256475945429557e-08,3.0461158725599814e-10,6.555479423594207e-10,9.190675602876445e-05,6.453327647786113e-11,1.0500475877846e-06,9.030691446221089e-07,1.2610162945912075e-06,4.0567731621691233e-08,4.0831332959175485e-05
14,1.1349509031147059e-08,0.004947498272438516,1.5517022891861103e-05,8.271024686315592e-07,0.025693279918836066,0.01067881560419635,2.075195259198696e-06,2.0263100770653998e-08,0.03319691988426512,5.452300466762033e-06,0.0021179502257655546,2.100987947901857e-09,4.044176101570234e-09,9.791249711726325e-05,0.9230722244776188,1.036048025316179e-07,1.7512659892142738e-10,1.1742988406629222e-09,0.00011911999682623594,8.489070876524709e-11,1.739993905515588e-06,8.51364005022519e-07,1.5005794135234486e-06,1.0480597614138381e-07,4.806796165685823e-05
15,2.4629122179460415e-08,0.0010734697292409405,1.2525797814523443e-05,4.128539796628328e-07,0.008665219195909464,0.005555629461307455,1.9254038564647753e-06,1.5153837555821755e-08,0.01519219381729489,1.175261688581502e-06,0.0015016329818043198,4.3356340446846986e-09,1.5375606391127458e-09,6.966337832999683e-05,0.9677807085158393,1.2909801915137336e-07,2.330947961794693e-10,7.251923887045213e-10,8.734131706804146e-05,7.179741108174367e-11,1.0858755287705037e-06,8.092337289603982e-07,1.8822611675295345e-06,5.543922739506927e-08,5.4093691955543515e-05
16,2.909860160593433e-08,0.0014423360901421592,8.534104178469994e-06,7.654168656895201e-07,0.008517779777845895,0.009534881045644445,2.611898225786396e-06,2.5599755808736386e-08,0.012980889613026717,3.6774364307685146e-06,0.001615657704373938,5.5473635256930835e-09,1.1500708793517732e-09,9.669034446548527e-05,0.9655603296330844,3.1128969454774405e-07,3.009147494757258e-10,1.7149096347104253e-09,0.00014192115525318456,1.0950561138018764e-10,4.261376618465333e-06,1.5111264487561288e-06,3.370650708157626e-06,5.4089367492422256e-08,8.435372650382835e-05
17,6.481532941338836e-08,0.0021567464104872524,2.938352931746039e-05,2.0246867887227014e-06,0.019920246641637312,0.010561343139059255,4.85624080818415e-06,3.387960816175487e-08,0.015987352308262898,2.561612387936607e-06,0.0028864256576374312,1.5221839920099366e-08,4.800831298551563e-09,0.00031676001901314324,0.9478432442343547,2.694751057678861e-07,5.426526254919649e-10,3.231349671088497e-09,0.00012389347837383507,2.1669665153379909e-10,3.040380048956871e-06,1.656506077080384e-06,7.766525313016222e-06,1.2830443164235348e-07,0.00015217814258769552
18,6.290309603843275e-08,0.0014602665243429822,1.5513544662055223e-05,4.4774948682589933e-07,0.006779923319775989,0.0027832240552672907,2.2907331260202712e-06,1.6902337575653513e-08,0.008330976491145559,1.090645908128073e-06,0.0009747119219105226,1.0239490053640031e-08,1.944592910264576e-09,9.899467150025156e-05,0.9793554896689798,1.2722043027399276e-07,7.293942675413835e-10,1.5779344241656245e-09,6.419270449564059e-05,6.097984990238449e-11,1.7517196307764452e-06,1.6964899908026167e-06,3.3661215765278766e-06,1.3020536856621244e-07,0.00012571185457714335
19,2.4550782883663154e-08,0.0017635329940270345,4.240762754312049e-05,8.126640772706193e-07,0.0271087855789976,0.008448051635884642,2.2651555416923752e-06,2.8180286967863256e-08,0.0408345512327413,2.2925729697005826e-06,0.0023253752529414843,9.667574627432137e-09,4.51861912102282e-09,0.000155764248457635,0.9191104481255962,1.30065465373332e-07,3.025812454097768e-10,9.769714246981705e-10,0.00013404063192655574,1.3135713357135954e-10,1.3817530530226347e-06,1.1300032078350234e-06,1.351999121811393e-06,8.182369975827947e-08,6.752830657460066e-05
20,1.6163632089622624e-08,0.0010634642653701344,7.893717088340248e-06,3.4621185912921874e-07,0.008116346223872839,0.0032090224347273303,1.1426001365214667e-06,2.3686706908482323e-08,0.012074703323146118,1.2470144016684171e-06,0.0010123328287678338,3.9246547035420076e-09,9.331282477279075e-10,5.0511173329208806e-05,0.9743075195902615,8.783221684688693e-08,3.479571993637097e-10,6.109452147385489e-10,0.00010208349210175547,5.3416205519637305e-11,1.4035498597440624e-06,1.4599975129976348e-06,1.6488548415419935e-06,4.796804979978836e-08,4.869320201603126e-05
21,7.48980501779252e-08,0.0012372091894808602,2.8418635105448323e-05,9.400917134561553e-07,0.012871554187487838,0.013475354682204748,5.755643222435509e-06,1.944944483266902e-08,0.015793695451983475,2.2536152127701783e-06,0.002573273687541028,1.5933472153174066e-08,4.561467720440624e-09,0.00020105053514869002,0.9536007001165411,4.829718291697855e-07,3.219997713203321e-10,1.876216591130472e-09,0.00011213169699163288,1.9842800292152183e-10,1.957562372587848e-06,9.216754420469175e-07,4.817356012305087e-06,9.342905619776708e-08,8.92722335751262e-05
22,4.06697970410326e-08,0.0009953555795468006,1.589062260511597e-05,4.989778857296396e-07,0.009569414484585329,0.00881705356815434,2.728124136235057e-06,2.0858332876242687e-08,0.01437467242589314,1.350185338812098e-06,0.0029091717858083354,7.749461703102464e-09,1.6442097368491319e-09,8.005515577272776e-05,0.9630833947612959,1.9124142930160983e-07,3.9373232587420765e-10,1.7421037150999399e-09,9.577046324106087e-05,1.0985424855778193e-10,2.0730575503011813e-06,1.2377338120944438e-06,2.7836369066012432e-06,7.450430720615e-08,4.821052423923542e-05
23,2.4629122179460415e-08,0.0010734697292409405,1.2525797814523443e-05,4.128539796628328e-07,0.008665219195909464,0.005555629461307455,1.9254038564647753e-06,1.5153837555821755e-08,0.01519219381729489,1.175261688581502e-06,0.0015016329818043198,4.3356340446846986e-09,1.5375606391127458e-09,6.966337832999683e-05,0.9677807085158393,1.2909801915137336e-07,2.330947961794693e-10,7.251923887045213e-10,8.734131706804146e-05,7.179741108174367e-11,1.0858755287705037e-06,8.092337289603982e-07,1.8822611675295345e-06,5.543922739506927e-08,5.4093691955543515e-05
24,2.64642013058221e-08,0.002663226586989559,2.1712778609688776e-05,1.4330612620206832e-06,0.024438669736938066,0.011912858916370587,2.9835282511120713e-06,2.6421632784775958e-08,0.02320396459769438,3.5796490837799347e-06,0.0021958702330300995,7.098597399044069e-09,4.40042763572127e-09,0.0002280716009809125,0.9350834447272279,1.959780819605038e-07,2.7789056218565615e-10,1.7325343553431605e-09,0.0001467433180827217,1.5900901906384786e-10,2.193186005301405e-06,1.3588618770850168e-06,3.513212840918007e-06,7.953827158304502e-08,9.003393410909865e-05
25,4.547835974769801e-08,0.0010276474613322858,2.9862167868573547e-05,1.1695818154053254e-06,0.011715132435088628,0.005303788966782352,4.947451584387478e-06,4.8683437831207245e-08,0.019871844484581784,9.57840629918322e-07,0.0057048600521600965,1.4345187203393393e-08,3.3139152986578116e-09,0.00012252577010499438,0.9560039473681974,1.5592409787630894e-07,5.086587373693603e-10,1.6419356059156184e-09,0.00014753670133502408,2.4424745578915977e-10,2.3758396777913312e-06,1.002690593656862e-06,3.4528584168323957e-06,9.679726159008133e-08,5.858139272937037e-05
26,7.29972027806195e-08,0.001416069642600809,3.262471971239132e-05,5.36284660021817e-07,0.010494250201240302,0.0034892731504010503,2.972139160068079e-06,2.650892056186996e-08,0.01944348351535266,9.303899919023735e-07,0.0020979681072475086,7.682502736837658e-09,3.988860864846651e-09,5.4418470755732085e-05,0.9628374139300295,8.822311757274969e-08,8.035556482687043e-10,1.7922357965996988e-09,5.088975452358276e-05,8.915651252412708e-11,1.0692297506983998e-06,8.503416713246387e-07,2.5622023802497824e-06,3.269955181661811e-07,7.415883945166078e-05
27,1.8126487439776002e-08,0.0006886469851078379,6.600990289501781e-06,2.0762084316598052e-07,0.0037470395630108105,0.004606096626576892,1.257509748297907e-06,1.2102610251134137e-08,0.01759671358290219,9.340391884176447e-07,0.0008238185838280645,2.050167814637654e-09,5.55125412104271e-10,3.167813126191238e-05,0.9723612155467628,1.0554969424368762e-07,1.3475347922308606e-10,4.0648023461696263e-10,7.596926994419076e-05,5.058855757167316e-11,7.532333848473719e-07,7.468540817320292e-07,1.0793255977801218e-06,2.9090653771287927e-08,5.707407091015393e-05
28,2.4629122179460415e-08,0.0010734697292409405,1.2525797814523443e-05,4.128539796628328e-07,0.008665219195909464,0.005555629461307455,1.9254038564647753e-06,1.5153837555821755e-08,0.01519219381729489,1.175261688581502e-06,0.0015016329818043198,4.3356340446846986e-09,1.5375606391127458e-09,6.966337832999683e-05,0.9677807085158393,1.2909801915137336e-07,2.330947961794693e-10,7.251923887045213e-10,8.734131706804146e-05,7.179741108174367e-11,1.0858755287705037e-06,8.092337289603982e-07,1.8822611675295345e-06,5.543922739506927e-08,5.4093691955543515e-05
29,2.4629122179460415e-08,0.0010734697292409405,1.2525797814523443e-05,4.128539796628328e-07,0.008665219195909464,0.005555629461307455,1.9254038564647753e-06,1.5153837555821755e-08,0.01519219381729489,1.175261688581502e-06,0.0015016329818043198,4.3356340446846986e-09,1.5375606391127458e-09,6.966337832999683e-05,0.9677807085158393,1.2909801915137336e-07,2.330947961794693e-10,7.251923887045213e-10,8.734131706804146e-05,7.179741108174367e-11,1.0858755287705037e-06,8.092337289603982e-07,1.8822611675295345e-06,5.543922739506927e-08,5.4093691955543515e-05
30,2.4629122179460415e-08,0.0010734697292409405,1.2525797814523443e-05,4.128539796628328e-07,0.008665219195909464,0.005555629461307455,1.9254038564647753e-06,1.5153837555821755e-08,0.01519219381729489,1.175261688581502e-06,0.0015016329818043198,4.3356340446846986e-09,1.5375606391127458e-09,6.966337832999683e-05,0.9677807085158393,1.2909801915137336e-07,2.330947961794693e-10,7.251923887045213e-10,8.734131706804146e-05,7.179741108174367e-11,1.0858755287705037e-06,8.092337289603982e-07,1.8822611675295345e-06,5.543922739506927e-08,5.4093691955543515e-05
31,4.3494124755722655e-08,0.0028351052619275965,4.897084167162936e-05,1.5070422032391219e-06,0.03404742899931605,0.00505984794678445,2.7404518820167916e-06,5.785598019507656e-08,0.02972112395429692,3.165440813639935e-06,0.001593720391185417,1.0778625764299207e-08,6.0707810450312434e-09,0.00019299465644430166,0.9262068600680822,1.646991400959218e-07,6.36932180961231e-10,1.6140312192993833e-09,0.00015252665537536286,1.5875780968521775e-10,2.230504412245671e-06,1.4208531268482173e-06,2.7715200182234274e-06,2.2116659508579374e-07,0.00012707893749170298
32,2.2060714233846298e-08,0.000960916796350701,1.0728941160895313e-05,3.42224061225641e-07,0.007560069972548481,0.004941591262707844,1.6789493276888868e-06,1.469103417863174e-08,0.015354160923876453,1.1015185589131995e-06,0.0012963490994754342,3.828722445771431e-09,1.265455347400321e-09,6.0400742098438226e-05,0.9696616868737048,1.2486522536692768e-07,2.1562316345342838e-10,5.820790315462735e-10,9.767008823239297e-05,6.359295970856046e-11,1.0214619358936943e-06,8.036366639949638e-07,1.5418460625231813e-06,4.449866620139942e-08,4.972359212143262e-05
33,3.695838331591841e-08,0.0026511720647961813,1.0030856503302807e-05,5.077679686623898e-07,0.020803451963752485,0.006392516577968059,1.6956977219459387e-06,2.1071956370521024e-08,0.005922127041202988,1.5413263480784704e-06,0.0016741069784546921,9.873748000270996e-09,3.7111466194170567e-09,0.00017245242939057786,0.9622037243621904,1.4281554601682495e-07,7.658520207762248e-10,1.869449681336596e-09,0.00011966207295640954,8.638788975587316e-11,1.4406741618113038e-06,3.912911604284688e-06,5.024953906177729e-06,8.566842809020672e-08,3.632950017628251e-05
34,2.376089363315512e-08,0.0009891189653158995,1.2372281055271746e-05,3.569415717312216e-07,0.007593653457614149,0.0051996456641674686,1.8546969578552884e-06,1.4132712798337404e-08,0.016959627450478708,1.0753796895446981e-06,0.0013977273424630216,3.840022768112701e-09,1.3860404484849133e-09,6.194107132538712e-05,0.9676385437983575,1.2142465154080835e-07,2.024541925318282e-10,6.120660291911863e-10,8.79973272647812e-05,6.684601840192812e-11,9.63639783908576e-07,7.26633037273044e-07,1.5208912362130848e-06,4.9605209649912754e-08,5.2659428784074014e-05
35,5.031810533780449e-08,0.0013385885006957459,1.7114915754123813e-05,7.827807035722937e-07,0.00648509245176937,0.00473149743243207,2.2453919680562847e-06,7.41695369401277e-08,0.10228969949433912,3.5861141093737123e-06,0.0010188572866843462,5.738229239812528e-09,1.6096975886408682e-09,4.595855470521489e-05,0.8835929366927535,1.1724366488603926e-07,3.691035992505884e-10,1.7435748441091993e-09,0.0002442325794871071,1.254234992588e-10,2.9643243553334947e-06,1.5644974814971813e-06,8.544784106294249e-07,9.224550575109991e-08,0.0002236809415092745
36,3.167748876748106e-08,0.0008628064974858932,2.1708868301157246e-05,3.394639190818607e-07,0.01463560386359411,0.0008878869832459497,7.558889131947574e-07,3.1834256356678495e-08,0.018176179344552013,1.0576806739613641e-06,0.00033221363726466675,1.3396553170311329e-08,2.3159090590863878e-09,7.82133413950956e-05,0.9646371170566628,1.0701820148468993e-07,9.245874171925538e-10,1.8746159372102325e-10,0.00024470173521750206,3.300019043095364e-11,9.295729933997657e-07,1.1037321572705042e-06,8.655575385182685e-07,6.135230874861155e-08,0.00011826803631851181
37,1.6955976620860136e-07,0.0015270488195769179,3.4004187765676205e-05,4.806740461043701e-07,0.010349469240879783,0.005995376453831606,5.223105683191437e-06,1.3312915092416136e-08,0.010880506373435897,6.279735517618559e-07,0.0029748053055448894,1.7151087064757506e-08,3.7240649451023657e-09,0.00020563054076488415,0.9678507193213591,1.8066562399050783e-07,4.576593739800438e-10,2.2617450175383425e-09,8.7675004404945e-05,8.714947082425632e-11,1.3424282162943144e-06,1.1007408489536797e-06,3.4597772043865827e-06,1.39733095368588e-07,8.200309977891062e-05
38,3.855767715385588e-08,0.00037675130503757076,3.4628823784705714e-06,9.828852184966076e-08,0.0015747511420694134,0.008748582309614781,3.5573913480819504e-06,3.825617419955061e-09,0.005185049506959005,4.645513056901199e-07,0.0015931399075744595,2.240208608913086e-09,4.757430522086766e-10,3.117811914770596e-05,0.9824070557920205,2.5794683060803894e-07,8.067124107283647e-11,5.512852607099363e-10,5.151437229083128e-05,4.4708982057549237e-11,5.660991591542508e-07,4.945057146407924e-07,2.470144571206259e-06,2.199330330640434e-08,2.053796624113628e-05
39,3.222913368399563e-08,0.0004905741899757871,1.5028963035541635e-05,7.883485511626422e-07,0.013281293578904983,0.011067648995139892,1.9114522692289896e-06,4.6597465694953035e-08,0.01897168852483357,2.654630986264851e-06,0.0018199553772315117,1.0602652741147204e-08,8.479268821747162e-10,6.784973073493524e-05,0.953960985447263,5.095461948911461e-07,3.690106589716484e-10,1.1177126636238288e-09,0.00022326751140003758,1.4681893142624402e-10,4.083835455210844e-06,9.723505496523207e-07,2.8745260541676452e-06,4.554994065051301e-08,8.777553075827161e-05
40,5.296199217671798e-08,0.0009811403171936497,9.22653456237859e-06,1.0743973728646645e-07,0.003737448748777418,0.004827199196567286,1.7036844340439252e-06,5.805786696682149e-09,0.009229695945371388,4.3747060115861245e-07,0.0012303495163034103,5.7437129794886236e-09,7.391918397853178e-10,7.951577955073263e-05,0.9797792710738491,9.513550160048778e-08,1.8894399986472162e-10,7.578184198331455e-10,7.753331016475849e-05,3.6959008131347153e-11,7.370593605168865e-07,1.9120593510537835e-06,1.1414448930298961e-06,2.6638709972000232e-08,4.23924106660791e-05
41,9.028968643812908e-08,0.0014107677218537804,8.316904772118994e-06,9.891620199412691e-07,0.006823731501068119,0.007977894433807864,5.555735515892221e-06,2.4875641811340215e-08,0.0040549493692299534,8.712262696982871e-07,0.005975788565305231,2.579866429418671e-08,2.62318810637701e-09,0.00017531990834748355,0.9733643265268596,2.3089347375935818e-07,9.561968842534676e-10,6.077790584117808e-09,0.00010689278254752218,1.9841647857554518e-10,3.919091650767563e-06,3.0370543421277536e-06,1.701536700580678e-05,8.80573611322546e-08,7.015487898467945e-05
42,1.2929586933229966e-08,0.000376725537858052,2.903975252391985e-06,1.1704880549603619e-07,0.002634805824970039,0.0019426492261965197,7.663927296210911e-07,2.131898434518571e-08,0.008101124397608113,7.130096764620039e-07,0.0005736581308763953,2.159361780599857e-09,1.8813881369339225e-10,1.681455720654553e-05,0.9861504918765694,1.4393637194445923e-07,2.291806582095535e-10,1.9650067352282244e-10,0.0001675064668988184,3.574085237950492e-11,1.2558325322124604e-06,1.2239087430442614e-06,9.701150617671428e-07,1.5244210620881925e-08,2.8077460938492462e-05
43,8.464525908008506e-09,0.0006823905230854476,3.337742864046943e-06,4.1687685753070504e-07,0.01111569119906116,0.0104228274001542,7.591263132750098e-07,3.147935202772194e-08,0.013018190587381673,5.354911115988141e-06,0.0007672326693532694,2.021718994248941e-09,3.329585612841514e-10,2.965280250231778e-05,0.9637237410109054,3.180076003600506e-07,2.3540387221619993e-10,6.186759599914135e-10,0.0001780334402052471,5.179280041613748e-11,3.395320470046142e-06,1.375483315846989e-06,2.0475650650408853e-06,2.712616532728353e-08,4.516500315570048e-05
44,2.4629122179460415e-08,0.0010734697292409405,1.2525797814523443e-05,4.128539796628328e-07,0.008665219195909464,0.005555629461307455,1.9254038564647753e-06,1.5153837555821755e-08,0.01519219381729489,1.175261688581502e-06,0.0015016329818043198,4.3356340446846986e-09,1.5375606391127458e-09,6.966337832999683e-05,0.9677807085158393,1.2909801915137336e-07,2.330947961794693e-10,7.251923887045213e-10,8.734131706804146e-05,7.179741108174367e-11,1.0858755287705037e-06,8.092337289603982e-07,1.8822611675295345e-06,5.543922739506927e-08,5.4093691955543515e-05
45,4.889394514332564e-08,0.0026320319938615464,1.3722224417519041e-05,1.5280875625621472e-06,0.013426821026356657,0.014541020629160873,2.907656688363004e-06,1.8963969195017064e-08,0.015512025809521183,3.0849099230275853e-06,0.002784035334565006,8.86450371978429e-09,2.062548719800178e-09,0.0002003448650350388,0.95057479104162,1.940511289871204e-07,3.674736386259055e-10,4.464693792448141e-09,0.00010881470314848125,1.1793895430432545e-10,4.795875536014683e-06,1.610892370195648e-06,6.224224369955254e-06,8.055579831396875e-08,0.00018588238386309458
46,5.8689017834485775e-08,0.0009467727178010699,1.196567039784051e-05,5.279002235626308e-07,0.010938479239047323,0.0010471834423887868,8.516521024106713e-07,5.4149360795677154e-08,0.004933516118992793,6.75896249437775e-07,0.0012324204691445703,1.708034996481974e-08,2.3970858687773063e-09,3.284025333705022e-05,0.980708445811461,7.321202073044508e-08,5.071461596155311e-09,1.3873828721791143e-09,7.136347023737942e-05,6.107620471042798e-11,2.092280533376328e-06,1.9661577492978526e-06,4.188886740042685e-06,2.6093770009555736e-07,6.623704813794354e-05
47,9.79576545923068e-08,0.0006229658591672888,8.440559248432796e-06,1.065514984238832e-07,0.0023974297724074943,0.0034598984694848944,1.7979444464287986e-06,8.857026903748425e-09,0.006545478623082646,3.9533807147862077e-07,0.0011225378271269763,1.203150488645488e-08,8.333634305808912e-10,4.286332996267968e-05,0.9856797657328658,1.5204915922455633e-07,4.366752078373274e-10,1.008515132101984e-09,6.385622294488919e-05,5.527171940092244e-11,9.745588348569215e-07,1.9363727874341716e-06,1.589422811782148e-06,4.3790314240085194e-08,4.9646395773258864e-05
48,1.794990927677884e-08,0.001503122772932411,2.593164831962794e-06,2.0408846981839993e-07,0.005079937072128071,0.0010480360103784275,1.1377756600497972e-06,2.20038047475667e-08,0.004823858765494498,1.1864407435359578e-06,0.000364103381256877,1.9795058156554964e-09,1.114398793565873e-09,3.8943043569908745e-05,0.9869031048454683,1.0115412620983242e-07,5.83694274657432e-10,2.7239159678475405e-10,0.00019591574738729437,2.5813092792058347e-11,9.037097248970247e-07,1.5620924362875166e-06,2.127200072179612e-06,5.0065153076219265e-08,3.306874064836559e-05
49,3.4692494175648537e-08,0.0010479509262103367,1.800518631319879e-05,4.701142015570938e-07,0.013826299925979632,0.010201490755421403,1.9885245012518554e-06,1.968907660830332e-08,0.016518669738709617,1.340790372262271e-06,0.0024248241294890557,1.163673396491601e-08,2.2879858373270653e-09,0.0001042899534263742,0.955703073090685,1.6087581614022923e-07,3.613282766017872e-10,1.455812477809248e-09,9.857277398799249e-05,1.1580219912062771e-10,1.4486061740056892e-06,1.6771792190041847e-06,2.368521613105537e-06,5.64559224880443e-08,4.724221272376834e-05
50,2.2060582549480173e-08,0.0015352295314297046,1.0202900524749345e-05,4.185151301688684e-07,0.00821247452593343,0.007190175325189496,4.310615401451108e-06,1.7846736731674974e-08,0.029345065499138526,4.005342648027939e-06,0.0005946287183950055,1.7482789979938386e-09,1.5461002280817817e-09,0.00012661478947222738,0.9526427630407514,3.4542117708220165e-07,7.866342847437106e-11,3.551803890852663e-10,0.0002678824003115814,6.960227746219138e-11,1.0129558954814987e-06,9.703252352239733e-07,1.3105612034030892e-06,3.4191990529936703e-08,6.251163502793604e-05
51,2.7850748084760454e-08,0.0020097303422827047,1.8012056509691786e-05,1.0874067335295215e-06,0.013248220075339913,0.010268847448545948,3.790673974337911e-06,2.6221476207293655e-08,0.02266118063551046,2.437666717524381e-06,0.0031579750849896277,6.603996896199922e-09,2.6275105293125933e-09,0.00016714666270650162,0.948263958638253,1.3622730781590348e-07,2.416373244242427e-10,2.2316967242378063e-09,0.00011727449297145714,1.4250545842461656e-10,2.7151745769869267e-06,1.4704536300294654e-06,2.9698010918664107e-06,7.154228398415946e-08,7.29096970035034e-05
52,2.982822090377239e-08,0.0011082024493986732,1.2600416343868295e-05,4.4292211394701983e-07,0.00782745995675436,0.009383410156123087,2.5571883200446465e-06,1.3795625376549256e-08,0.01683195622741211,1.2926173718901214e-06,0.0021314177331063487,4.59022609150594e-09,1.7548556532430957e-09,7.440425458962799e-05,0.9624976685554938,1.4629728246411836e-07,2.0698638435832382e-10,1.2246128521064537e-09,7.309690824117372e-05,9.810664862980519e-11,1.1387357841769515e-06,9.292070976949075e-07,2.3502007345155575e-06,5.855455894520478e-08,5.0816120639443404e-05
53,2.845838602719941e-08,0.0004811911801150825,4.94221574468289e-06,1.7620693691864714e-07,0.0007942222125496502,0.004921321175825204,6.45863801810819e-06,5.223507201485973e-09,0.009964826445356576,3.8975410048932167e-07,0.0019313410311904635,1.1692441475211038e-09,7.24288622387414e-10,2.3287890352685224e-05,0.9818083613763775,1.3110507471972759e-07,6.689112645461954e-11,5.658231952117506e-10,2.8149509131534588e-05,9.058166322788987e-11,4.037028055900693e-07,3.0696340412885357e-07,2.588467141905871e-06,3.982244312164439e-08,3.182600470959237e-05
54,3.479013992958832e-08,0.0012173644855665597,8.673929371703298e-06,2.0275718789437344e-07,0.002197657321286549,0.0049667317982049685,3.6326153573367683e-06,4.288430060739615e-09,0.014619100130206992,1.1975006062873115e-06,0.0004197262461431078,2.2422188436596343e-09,1.0758404780550675e-09,0.0001049328197037507,0.9762792337503909,2.3212135913693185e-07,5.680937854065794e-11,2.9892673758965926e-10,7.34875165688177e-05,5.529178645316014e-11,5.035369277083919e-07,6.261267556736389e-07,1.3200888225134557e-06,2.2796614679681318e-08,0.00010531165126793004
55,6.389130559614483e-08,0.0014670152111220796,5.227563114699689e-05,7.115015796780966e-07,0.00932319850086193,0.007049459368523196,3.5931888318343956e-06,1.9710673395192068e-08,0.07012565110222002,1.0379529062890639e-06,0.003017856534046472,1.4477154728240137e-08,5.778408381499979e-09,0.00010948709001375475,0.9086284243941575,8.393009437844803e-08,2.4317349276342016e-10,1.598238716471624e-09,8.500993280160161e-05,1.7376997902744405e-10,1.0004193933018776e-06,6.907652054323338e-07,1.0366268152327832e-06,9.902614038916603e-08,0.00013326295141583962
56,2.6717046924647392e-08,0.0012395355263474638,1.4312897506819201e-05,4.412987128088454e-07,0.009325491690116532,0.005633906878835806,2.0890500502732858e-06,1.6003238903727222e-08,0.016445489574900912,1.2173413001820116e-06,0.0016573170760277975,4.777475059381829e-09,2.0584449739145253e-09,7.509879088298817e-05,0.9654609266350165,1.2349238632730118e-07,2.628525276523331e-10,8.187981764828396e-10,8.696107984713511e-05,8.211647256248269e-11,1.0472255151889703e-06,8.461222104813151e-07,1.895102885208466e-06,6.521555709461816e-08,5.318428192754562e-05
57,2.3613155040113714e-08,0.0011881266984490103,2.8289048320608263e-05,5.823806994853294e-07,0.027632196277690767,0.004075435512100094,9.240990393277003e-07,4.741265083887904e-08,0.031029992370051065,2.572917082335653e-06,0.0010391969578559693,1.579011728443473e-08,2.418040250483658e-09,0.00010329733723278741,0.9345119466082551,1.7648409569916038e-07,7.152111238789008e-10,5.869698063638721e-10,0.00029909963313240256,8.680614605012779e-11,2.3076036951698704e-06,1.837752068961535e-06,1.0416433363438954e-06,5.492329621380891e-08,8.283113064831055e-05
58,2.6454503621802656e-08,0.0011982492369635154,1.3299946879164319e-05,3.994405673277678e-07,0.008948336909146638,0.004583927553227052,1.9125361205775317e-06,1.5939797691428955e-08,0.01342868748385037,1.1357390543483628e-06,0.0014796555260205633,4.420055506656424e-09,1.7730848584697305e-09,6.369781412483956e-05,0.9701474768087115,1.155590602778513e-07,3.0909209159511004e-10,7.968577357287277e-10,7.595642628420894e-05,6.731701039363752e-11,1.0654995358677138e-06,8.353450093842709e-07,2.056003409447683e-06,7.791627656455711e-08,5.306449504989902e-05
59,3.103939665351892e-08,0.0011730328175173531,1.9067052538563448e-05,4.5590586252207313e-07,0.010199103195432282,0.0045712472331511395,2.143432736497105e-06,1.8108401262200503e-08,0.015104286499473377,1.1124286587901466e-06,0.0016417442136184282,5.362058769900844e-09,2.042107480578235e-09,6.919599404890867e-05,0.9670837055169457,1.213796074797132e-07,3.4437843285634713e-10,8.995226033410988e-10,7.098552460364581e-05,7.776386697568017e-11,1.1285141206580117e-06,7.858879724652587e-07,2.089539061427042e-06,1.0080764197743431e-07,5.9636183379783875e-05
60,2.4629122179460415e-08,0.0010734697292409405,1.2525797814523443e-05,4.128539796628328e-07,0.008665219195909464,0.005555629461307455,1.9254038564647753e-06,1.5153837555821755e-08,0.01519219381729489,1.175261688581502e-06,0.0015016329818043198,4.3356340446846986e-09,1.5375606391127458e-09,6.966337832999683e-05,0.9677807085158393,1.2909801915137336e-07,2.330947961794693e-10,7.251923887045213e-10,8.734131706804146e-05,7.179741108174367e-11,1.0858755287705037e-06,8.092337289603982e-07,1.8822611675295345e-06,5.543922739506927e-08,5.4093691955543515e-05
61,2.9165285142174323e-08,0.0011917631023714533,2.0008858168813947e-05,4.4242937803511935e-07,0.01059512351278149,0.00474660813770194,2.0710231828564704e-06,1.721408236477749e-08,0.0170984697770338,1.0779325974091767e-06,0.0017329575575513385,5.569868341419586e-09,2.1067817781696603e-09,7.28686320358626e-05,0.9643996454374943,1.1422599855626112e-07,3.113402683789681e-10,8.146745733568876e-10,7.798810147247693e-05,7.838824192242006e-11,1.0795736904189265e-06,7.829726397870986e-07,1.777685473855763e-06,8.553907839596462e-08,5.7080240928573935e-05
62,2.4629122179460415e-08,0.0010734697292409405,1.2525797814523443e-05,4.128539796628328e-07,0.008665219195909464,0.005555629461307455,1.9254038564647753e-06,1.5153837555821755e-08,0.01519219381729489,1.175261688581502e-06,0.0015016329818043198,4.3356340446846986e-09,1.5375606391127458e-09,6.966337832999683e-05,0.9677807085158393,1.2909801915137336e-07,2.330947961794693e-10,7.251923887045213e-10,8.734131706804146e-05,7.179741108174367e-11,1.0858755287705037e-06,8.092337289603982e-07,1.8822611675295345e-06,5.543922739506927e-08,5.4093691955543515e-05
63,2.4192338891118436e-08,0.001215333754530217,1.18156107184557e-05,3.687229552265886e-07,0.007367250295247991,0.00495722982501772,1.9237858827761155e-06,1.385687852681032e-08,0.01541399476069275,1.0809205243065055e-06,0.0014754475734149691,3.727849508797412e-09,1.5929517166360024e-09,6.246980985324481e-05,0.9693585593240069,1.0832936605622686e-07,2.2518921995921326e-10,7.10362287782861e-10,7.889015383600018e-05,7.034953839952418e-11,9.641856153484215e-07,8.071292976699026e-07,1.695580495431686e-06,5.773955064819359e-08,5.195812307446845e-05
64,2.4807647908843578e-08,0.0009928915169569702,1.0400502667234655e-05,4.246602520032455e-07,0.008243175224024192,0.005111410874567669,1.7281644239881751e-06,1.7720666392398134e-08,0.012425513363585695,1.2751780107519308e-06,0.001594386539411673,4.692042904837547e-09,1.0773914999795256e-09,5.986927875818554e-05,0.9713980592513354,1.3755261580329258e-07,2.834223282001989e-10,8.308830089463311e-10,9.925013833888184e-05,6.353209596443332e-11,1.750147571999524e-06,8.583546101870484e-07,1.9594291617878703e-06,5.4476679489297786e-08,5.6805871442057196e-05
65,4.440983778794005e-08,0.0012256043021611734,1.8406333240202664e-05,1.1627325496444543e-06,0.027881437201312583,0.020898197635195567,2.6029839878180004e-06,2.5316807356615958e-08,0.013328895077422048,3.011832135607571e-06,0.002928273114570897,1.7541853848847072e-08,2.4227668045190934e-09,0.00022498892679899188,0.9332312239948035,3.6318714436917134e-07,4.1289623363258036e-10,2.823754702125561e-09,0.00016264635698184061,1.3339198062197465e-10,3.816692682655921e-06,1.7556163523048503e-06,5.4080234923398015e-06,6.064699709412487e-08,8.205228086294552e-05
66,2.90991851233504e-08,0.001189732454599693,3.43516303714499e-05,9.224255478097228e-07,0.01847636309428605,0.018913054004941632,4.5121213538195436e-06,3.916891358932358e-08,0.08733938170572408,5.7907311732521505e-06,0.00166390537901129,8.2182763541457e-09,4.375391661083343e-09,0.00017556972298430126,0.8716861486009826,6.178405996027479e-07,1.2990703499329265e-10,6.82071275051785e-10,0.00042963732810342206,3.1698455353745705e-10,1.5535182316691096e-06,1.0408837958175647e-06,1.1627791850600026e-06,3.539889201715963e-08,7.613838948673505e-05
67,3.231368661709964e-08,0.0010578791196444596,1.3093900388486123e-05,4.72427045429228e-07,0.008342771028633829,0.006798083350354841,2.5041007225316794e-06,1.4195713486763462e-08,0.012673368988487333,1.1441515040019268e-06,0.0017107054141941903,5.594523367754894e-09,1.8425744777124534e-09,8.58821423954877e-05,0.9691699738217875,1.60366369622307e-07,2.538610527490519e-10,9.70693019232123e-10,8.07068464793078e-05,8.861774546358568e-11,1.1338756021618801e-06,8.725460937197519e-07,2.797592983316757e-06,6.062429310158599e-08,5.833444335098786e-05
68,4.9964490460586984e-08,0.0010725476522165562,8.252453206329307e-06,5.770329550385594e-07,0.0050419978774501155,0.011471287808326163,2.914195567274823e-06,1.3199291226680658e-08,0.009020710831399029,1.0142262997656904e-06,0.0035254773241355617,7.468489656960272e-09,1.4224647681766425e-09,6.092415701165102e-05,0.9696663622080477,1.4550565703713483e-07,3.6287565627305265e-10,3.3559817696985626e-09,4.7727173601691405e-05,1.2587128485685062e-10,2.0090126217201276e-06,1.2446837534325293e-06,5.9051954245846934e-06,7.58437392470935e-08,7.075091912223207e-05
69,2.537648186907974e-08,0.001109275459081829,1.5574047265875703e-05,5.593183386367325e-07,0.008514401555325518,0.004919969699993801,2.136703267921564e-06,1.9697531765669495e-08,0.018452414994271117,1.3846546459795618e-06,0.0014454398193030295,4.4101661164734776e-09,1.7695426956549328e-09,6.501683172330393e-05,0.965308457368796,1.4022091921493847e-07,2.623761787692228e-10,7.752251183876759e-10,8.7192265426948e-05,9.465001957657677e-11,1.2712153982595632e-06,6.842859497426921e-07,1.963182127069241e-06,7.31547119432161e-08,7.399283747984748e-05
70,3.409089968578069e-08,0.0012047085113803455,1.7027621626984467e-05,4.948987982225618e-07,0.009824520472436505,0.007021599935740641,2.4492894809523166e-06,1.4623531564931511e-08,0.016784451389642872,1.2848574606964932e-06,0.0016821878453987015,6.098424719300249e-09,2.006686739965705e-09,0.00010283006072485558,0.9631957370893067,1.5332267048189726e-07,2.4339673111182377e-10,9.538801929377802e-10,8.992592721057852e-05,8.672882834725195e-11,1.1863342571539195e-06,9.239038670077962e-07,2.181016345647705e-06,6.055722924407784e-08,6.821886287424369e-05
71,5.689490310800275e-08,0.0005929513539604648,1.1233964034320084e-05,4.533360786137373e-07,0.0030428143931490836,0.004453140554150182,4.909980546158067e-06,1.9254620498904948e-08,0.009039656219256759,5.320810709234441e-07,0.002955404996559658,6.8864839784203145e-09,1.3540169832509154e-09,5.356896049193472e-05,0.9797152968780046,1.9028347545684827e-07,3.344909657202957e-10,1.3858860954743562e-09,7.066817591009856e-05,1.5169935468828976e-10,1.3810161403227622e-06,7.349318907258629e-07,4.218726238996348e-06,7.467956175102559e-08,5.2683207378849814e-05
