,0,1,2,3,4,5,6,7,8,9,10,11,12,13,14,15,16,17,18,19,20,21,22,23,24
0,1.7961587706129455e-07,0.0031009621435236587,0.00012700161459225007,1.5592659553571367e-07,0.006595330692936737,7.4601222150605075e-06,1.5828295260390468e-06,1.395663188871123e-07,0.013296722568413025,1.3691969459382863e-07,0.00041572266259372673,2.4610289004224388e-08,6.4475976338175505e-09,1.4336178604170612e-05,0.976204591285815,5.510193445685113e-09,1.765799545231604e-08,1.8383917965261873e-10,0.0001012857637390632,1.114633480941097e-11,7.430500314829688e-07,1.0590138483834114e-06,2.1841339047386363e-07,3.6141163971973103e-06,0.0001287030948266679
1,1.1199141677335773e-07,0.0025945960220769967,8.090845053660576e-05,1.249445782011519e-07,0.004493681739143667,5.459773636355716e-06,1.1846708643288115e-06,1.516185604618601e-07,0.018345233895433837,1.9364377744698775e-07,0.0001976876383251623,1.3143160403699907e-08,3.366418598099535e-09,1.083050119269048e-05,0.9739504622431112,6.169189983451538e-09,1.1401527937895971e-08,8.833365567291864e-11,0.00016413911606539836,7.821285024597303e-12,8.146970853487794e-07,9.05667663903565e-07,1.209267314568047e-07,1.9014898958533806e-06,0.00015145679345250564
2,3.9501573958744154e-07,0.01696903284332768,0.0008606048833840493,1.0871380478991947e-06,0.033396069178219655,1.2350931583837663e-05,4.357799385021344e-06,7.790737713932724e-07,0.05759509252120669,8.829214623585127e-07,0.001204822317970612,6.736703473998491e-08,3.905784100271027e-08,4.092123233434336e-05,0.8892539518537893,6.533691365816151e-09,5.461046917124174e-08,1.026096752473976e-09,0.0002447516298778044,4.3318307071045144e-11,2.309262527296597e-06,2.132871164847635e-06,2.065286073040691e-07,2.2396514029366978e-05,0.0003876868451196224
3,1.596008302570931e-07,0.003646602615862818,8.159239146192103e-05,1.6306159850571618e-07,0.005386028580654144,5.101962326938284e-06,1.2374056227044484e-06,1.4826497894403144e-07,0.008694188854373498,1.5666619516178462e-07,0.00028268051741862124,1.97705645979072e-08,4.647899351826327e-09,1.2496862364095139e-05,0.9816313293888649,4.457655131940187e-09,2.4041059694601675e-08,1.9836533304375203e-10,9.045856251203543e-05,8.285942866286435e-12,9.079055314098146e-07,1.295870576510727e-06,2.4162650640353614e-07,3.8107644267896553e-06,0.00016134597406424207
4,1.6971810247032752e-07,0.004241368577084892,9.982832298920891e-05,1.8597237535111242e-07,0.007045152183637039,6.53052409813891e-06,1.3976611838624005e-06,1.3806980378752615e-07,0.009246721927322033,1.757582226470312e-07,0.00031959826552514466,2.345116185172393e-08,6.807150001892737e-09,1.771091753891998e-05,0.9787676011833395,4.898587011741954e-09,2.4075564763717834e-08,2.3195211851680968e-10,9.104441635720756e-05,9.308313401883731e-12,9.136301693025484e-07,1.3765545362108124e-06,2.748789435188666e-07,4.131195247039201e-06,0.0001556207697999675
5,1.8102520044458182e-07,0.005285588772972051,0.00010183592135168642,2.9471136212398454e-07,0.007756341491703393,6.264583543077133e-06,1.516659869913607e-06,2.1251176778915513e-07,0.00872534126275546,2.3743587290030906e-07,0.0003720785709698814,2.4861746964692695e-08,7.067981926459971e-09,1.6347139654808417e-05,0.9774295865203332,4.913516561033384e-09,3.56397525907588e-08,3.774919702020879e-10,9.05591221559679e-05,1.2425334638752658e-11,1.332636910440431e-06,1.6573061784754465e-06,3.6777874032946115e-07,6.2829760802654104e-06,0.00020390069966254293
6,1.596008302570931e-07,0.003646602615862818,8.159239146192103e-05,1.6306159850571618e-07,0.005386028580654144,5.101962326938284e-06,1.2374056227044484e-06,1.4826497894403144e-07,0.008694188854373498,1.5666619516178462e-07,0.00028268051741862124,1.97705645979072e-08,4.647899351826327e-09,1.2496862364095139e-05,0.9816313293888649,4.457655131940187e-09,2.4041059694601675e-08,1.9836533304375203e-10,9.045856251203543e-05,8.285942866286435e-12,9.079055314098146e-07,1.295870576510727e-06,2.4162650640353614e-07,3.8107644267896553e-06,0.00016134597406424207
7,2.4414882319860635e-07,0.006216750556202477,0.00014698342558379482,2.0343813135115455e-07,0.005174659570431966,5.217077566284362e-06,2.286147640071374e-06,1.7200865746676485e-07,0.013806860097273686,1.5768536555032837e-07,0.0005074393782099762,2.4698762390449815e-08,1.0542783400570952e-08,1.458900297689739e-05,0.9738518776004542,3.4992550652847305e-09,2.7361163631108835e-08,2.9862416847404333e-10,8.786698359326908e-05,1.4268410298634623e-11,7.360741294090735e-07,1.298654798941415e-06,2.066270436609511e-07,6.539687300922835e-06,0.00017584542095970968
8,2.1717287555199542e-07,0.0046984370447046755,0.0001080432292255758,3.106550939156154e-07,0.0055622910351210315,2.51631458635546e-06,1.6497021065732688e-06,2.4121016634576673e-07,0.007074670893771255,3.0104935688551827e-07,0.00010962930640404124,1.522149234577027e-08,5.656999527585958e-09,1.3823989938939325e-05,0.9819024497180944,6.677587838564976e-09,3.937990755747251e-08,1.7128512548492373e-10,8.114026216075179e-05,7.90744502089217e-12,1.1122679498680116e-06,9.926271437077427e-07,4.057043426130078e-07,1.0014235193763593e-05,0.000431686466583902
9,3.024463427543443e-07,0.009976185176982278,0.00036418421569418136,5.196826701736109e-07,0.009700975934139081,2.5492141497969835e-06,2.531945841624467e-06,3.7526540171534817e-07,0.019505137128444552,3.646430149725917e-07,0.0002248480042726806,2.2826563286819212e-08,1.7648858795828686e-08,1.7631037716799537e-05,0.959488343877432,4.141141742834762e-09,5.2324034635648745e-08,2.693712517757601e-10,8.898294288607022e-05,1.4517974279358996e-11,1.0154966242049471e-06,8.566468674397266e-07,2.4187185519635975e-07,2.4566417263692682e-05,0.0006002908279130908
10,1.596008302570931e-07,0.003646602615862818,8.159239146192103e-05,1.6306159850571618e-07,0.005386028580654144,5.101962326938284e-06,1.2374056227044484e-06,1.4826497894403144e-07,0.008694188854373498,1.5666619516178462e-07,0.00028268051741862124,1.97705645979072e-08,4.647899351826327e-09,1.2496862364095139e-05,0.9816313293888649,4.457655131940187e-09,2.4041059694601675e-08,1.9836533304375203e-10,9.045856251203543e-05,8.285942866286435e-12,9.079055314098146e-07,1.295870576510727e-06,2.4162650640353614e-07,3.8107644267896553e-06,0.00016134597406424207
11,1.7307101008619128e-07,0.004083581207779787,9.064496941582269e-05,1.7826563113900306e-07,0.005744117450524624,5.508775470955484e-06,1.3626889753446418e-06,1.5198748497650834e-07,0.00911909117338704,1.6635218519521308e-07,0.0003098375264208301,2.192094126110756e-08,5.822000764324652e-09,1.4092350889001467e-05,0.9803684398884025,4.559842298083465e-09,2.5927380355921256e-08,2.2852722072602985e-10,8.97810039666618e-05,9.451387375897181e-12,9.117209582973779e-07,1.374208105568646e-06,2.6083393373397746e-07,4.247563497026662e-06,0.00016602049381821352
12,1.894962153706088e-07,0.004768003337724471,7.118600963922372e-05,1.9931966735406337e-07,0.009701178110668607,7.902938343139965e-06,1.0286209158459351e-06,1.2738693309889676e-07,0.0037757594756398045,1.9580521349817213e-07,0.0002850413141516954,3.4537474047075457e-08,6.109200791543392e-09,2.4298593298200333e-05,0.9811295205880529,6.205495909864801e-09,4.313830060247373e-08,4.179356004231295e-10,7.202928601610968e-05,8.155232844986316e-12,1.3204535168531105e-06,2.652520511875077e-06,6.19698314724409e-07,4.777842197580395e-06,0.00015387878641752722
13,1.4362555378840367e-07,0.0025062555194740503,8.635507904514006e-05,1.1449551571372486e-07,0.004415154265915302,3.85923998978933e-06,9.380313528676999e-07,1.2310503163058228e-07,0.008158111044239526,7.39781820871545e-08,0.00040134108037858757,3.193075401010053e-08,3.943439544032336e-09,1.1770897442851792e-05,0.9842133749207443,2.8959860382284936e-09,2.4792862613220313e-08,1.586850498977843e-10,8.273491567392092e-05,7.581294461694926e-12,8.468060599387787e-07,1.3793836678173932e-06,1.7776264599299953e-07,2.3781011130059884e-06,0.0001148040186649042
14,1.0665427492738415e-07,0.0180814210743349,9.920772887542342e-05,3.386212023823027e-07,0.014572079066716556,1.0576411304566071e-05,1.5883916820029481e-06,2.1504010907530668e-07,0.01705010881015329,7.354643026030085e-07,0.0004411588134725699,1.2194575253031214e-08,1.3111595253841989e-08,1.8994525570558057e-05,0.9494093984459179,4.106500216879106e-09,2.248270659005444e-08,4.2882606380302235e-10,0.0001390508282111835,1.1472982515650732e-11,1.454455222448477e-06,1.7466916091312671e-06,2.2528684238667407e-07,7.712917975047129e-06,0.00016382843654664974
15,1.596008302570931e-07,0.003646602615862818,8.159239146192103e-05,1.6306159850571618e-07,0.005386028580654144,5.101962326938284e-06,1.2374056227044484e-06,1.4826497894403144e-07,0.008694188854373498,1.5666619516178462e-07,0.00028268051741862124,1.97705645979072e-08,4.647899351826327e-09,1.2496862364095139e-05,0.9816313293888649,4.457655131940187e-09,2.4041059694601675e-08,1.9836533304375203e-10,9.045856251203543e-05,8.285942866286435e-12,9.079055314098146e-07,1.295870576510727e-06,2.4162650640353614e-07,3.8107644267896553e-06,0.00016134597406424207
16,1.7030346841760412e-07,0.004716489153456339,5.37364530697926e-05,2.3081478644032805e-07,0.004852246899006007,7.74120866803101e-06,1.4993487138602983e-06,2.1583706313786027e-07,0.00698786329506178,4.0049908042648756e-07,0.00028718939639263717,2.1989169333652955e-08,3.5319167441259234e-09,1.4331793103495263e-05,0.982752829132182,8.732486135862749e-09,3.03896531753466e-08,4.114262103782784e-10,0.00012229480531296617,1.1807903548447333e-11,2.583088885528426e-06,2.4452846108065727e-06,3.4999392826067194e-07,3.7451966497543127e-06,0.00019357243010070932
17,2.834754941843885e-07,0.005690990463672342,0.00015961108443829342,5.132820359925287e-07,0.01019493202593942,9.129671542975211e-06,2.295629086600687e-06,2.443894633323757e-07,0.008352167332876468,2.832777327884602e-07,0.00042963224167784115,5.0463205800621096e-08,1.143864856033002e-08,4.0391654650218095e-05,0.9747040153324773,8.745035865667898e-09,4.321011641491383e-08,5.909728969203756e-10,0.00010013348260237455,2.2579752353317074e-11,1.765459633497368e-06,2.4056226305790957e-06,7.183057512516724e-07,6.601205215363362e-06,0.0003037715925198673
18,5.46523667590503e-07,0.006900650233857405,0.00012188142697458462,2.1054628288430184e-07,0.0043165011763852965,2.597332843530569e-06,1.8871250896443474e-06,2.4364127039884683e-07,0.005534878628367788,2.0079807269340274e-07,0.00022486489122981393,5.304019671465752e-08,8.062844552464265e-09,1.5778312447798178e-05,0.9823705705520661,4.631984317035065e-09,1.1009660875350679e-07,6.119119008212144e-10,8.332293068003785e-05,1.055141604612184e-11,1.3483593419061439e-06,3.5965970776300797e-06,3.923375024557684e-07,1.2718076378439137e-05,0.00040763405636638745
19,1.5874588336850844e-07,0.005627867143527919,0.000256344021706976,3.207075225811086e-07,0.015206680772491635,7.870486674477457e-06,1.5088907598546074e-06,2.578529440565665e-07,0.022060416621077494,2.879646067629142e-07,0.0004352470901319,4.2542545725582865e-08,1.2306565003988623e-08,2.8245758787333592e-05,0.9560153579776769,4.857609319117346e-09,2.9058628240971827e-08,2.5722032357328086e-10,0.00013990766537090848,1.5387181136801672e-11,1.1730407135261856e-06,1.76849723759361e-06,1.9510935912000287e-07,5.101077636776285e-06,0.00021120153793512057
20,1.207698399874999e-07,0.0034416325690129353,5.268206763236068e-05,1.3830163989405146e-07,0.005302298169165814,3.6613721743092546e-06,8.095436006205978e-07,2.2002179637665275e-07,0.006945150339910515,1.6937273539769193e-07,0.00020513907241991478,2.085799095514536e-08,3.004463554351804e-09,1.0386812758090229e-05,0.9837721578133798,3.665775305413234e-09,3.3641914031784663e-08,1.8763144899640017e-10,0.00011468645439125992,6.653829044658356e-12,1.1876956557710339e-06,2.423346739448665e-06,2.3807225226800065e-07,3.0807568262440595e-06,0.000143756083639961
21,3.010072010123636e-07,0.0034098997255977252,0.00014234399210630717,2.4237160202127356e-07,0.006611197294048423,9.757153127328087e-06,2.4154870685281578e-06,1.3941603985691972e-07,0.008038941319961808,2.221443464354997e-07,0.0003545596117830003,4.608665829988254e-08,9.492937789854512e-09,2.6230143092482848e-05,0.981116177072152,1.2158135515653e-08,2.5554393252919596e-08,3.2244168637592017e-10,8.589314190382774e-05,1.654303283653082e-11,1.228051042840014e-06,1.3087760220543862e-06,4.416080234665651e-07,4.8202061265380764e-06,0.00019378784764467679
22,2.113005461411915e-07,0.0031995399910608496,9.058084368497699e-05,1.675911303853421e-07,0.00559579755357822,7.985623768930697e-06,1.4253154948435167e-06,1.670030647221646e-07,0.007109859482821412,1.639954027686878e-07,0.0004824391467326613,3.0995965406835265e-08,4.25220042065096e-09,1.3456027465467639e-05,0.9832739997258404,6.449741353757276e-09,3.5047413764008894e-08,4.1343180044912143e-10,8.47548050485034e-05,1.167990531338776e-11,1.575769926295485e-06,1.8964064712098753e-06,3.3982015700722765e-07,4.3455548757955234e-06,0.00013121687249675768
23,1.596008302570931e-07,0.003646602615862818,8.159239146192103e-05,1.6306159850571618e-07,0.005386028580654144,5.101962326938284e-06,1.2374056227044484e-06,1.4826497894403144e-07,0.008694188854373498,1.5666619516178462e-07,0.00028268051741862124,1.97705645979072e-08,4.647899351826327e-09,1.2496862364095139e-05,0.9816313293888649,4.457655131940187e-09,2.4041059694601675e-08,1.9836533304375203e-10,9.045856251203543e-05,8.285942866286435e-12,9.079055314098146e-07,1.295870576510727e-06,2.4162650640353614e-07,3.8107644267896553e-06,0.00016134597406424207
24,1.482627900813667e-07,0.00821120982279291,0.00013303686381845126,4.385112422643128e-07,0.012768946830601688,8.900486669602309e-06,1.6163903507024004e-06,2.2373148084505753e-07,0.011909362241576772,3.8734772858237846e-07,0.00037602520721088337,2.7159930678382448e-08,1.1262594958927326e-08,3.1608320792650533e-05,0.9661907565501463,5.776460384334523e-09,2.8486983377142733e-08,3.8133098867512103e-10,0.00012445477275444772,1.640903881696067e-11,1.5046771180807394e-06,1.9840882741188466e-06,3.6405964099306255e-07,5.267807279376103e-06,0.00023369094402187293
25,2.6511791699246066e-07,0.003901458779614573,0.00018617595712437586,3.909118352381815e-07,0.006387317368089023,4.0654149333615365e-06,2.857385366521579e-06,4.739771091817155e-07,0.011083596756856613,1.4879927882449158e-07,0.0008261855038545942,4.9595158587094344e-08,1.0391926832904407e-08,1.5434723139213666e-05,0.9772943737370455,4.931378201874261e-09,5.919650348749386e-08,4.062162176883407e-10,0.00012631093740927152,2.877633416987359e-11,1.5091810705773404e-06,1.7100161061097212e-06,3.488407435616965e-07,8.12883221826792e-06,0.00015912321032833415
26,7.274705123965595e-07,0.00716977985436189,0.0002516857224013023,2.897410133155133e-07,0.007016684697486177,3.5679607372779456e-06,2.707676514842979e-06,3.879008706493832e-07,0.011989406160675418,1.8612982469527724e-07,0.0005122561720510236,4.881652561334406e-08,1.6503544669687135e-08,1.106918936916767e-05,0.9726361257387014,3.734305447728124e-09,1.2598090733922296e-07,8.002334450265536e-10,7.758898896507974e-05,1.5594380173491084e-11,1.010258285837526e-06,1.989993544482515e-06,3.652131555844188e-07,2.987132651362486e-05,0.00029410395390500657
27,1.2616955829689543e-07,0.002274797131811415,4.568292120281828e-05,8.67002563189067e-08,0.0025923031921052707,4.617249308997125e-06,8.602536572484509e-07,1.1981528945907736e-07,0.010076801713828718,1.2446796201708796e-07,0.00016417171099155113,1.0963805216298534e-08,1.8327945670317709e-09,6.688317204763478e-06,0.9845758261045896,4.024456952046614e-09,1.3962683944305637e-08,1.1709301523943727e-10,8.673116397949396e-05,6.032496530666765e-12,6.653718632882737e-07,1.2407663251171457e-06,1.5234922216951244e-07,1.933222889004959e-06,0.00016704047108843549
28,1.596008302570931e-07,0.003646602615862818,8.159239146192103e-05,1.6306159850571618e-07,0.005386028580654144,5.101962326938284e-06,1.2374056227044484e-06,1.4826497894403144e-07,0.008694188854373498,1.5666619516178462e-07,0.00028268051741862124,1.97705645979072e-08,4.647899351826327e-09,1.2496862364095139e-05,0.9816313293888649,4.457655131940187e-09,2.4041059694601675e-08,1.9836533304375203e-10,9.045856251203543e-05,8.285942866286435e-12,9.079055314098146e-07,1.295870576510727e-06,2.4162650640353614e-07,3.8107644267896553e-06,0.00016134597406424207
29,1.596008302570931e-07,0.003646602615862818,8.159239146192103e-05,1.6306159850571618e-07,0.005386028580654144,5.101962326938284e-06,1.2374056227044484e-06,1.4826497894403144e-07,0.008694188854373498,1.5666619516178462e-07,0.00028268051741862124,1.97705645979072e-08,4.647899351826327e-09,1.2496862364095139e-05,0.9816313293888649,4.457655131940187e-09,2.4041059694601675e-08,1.9836533304375203e-10,9.045856251203543e-05,8.285942866286435e-12,9.079055314098146e-07,1.295870576510727e-06,2.4162650640353614e-07,3.8107644267896553e-06,0.00016134597406424207
30,1.596008302570931e-07,0.003646602615862818,8.159239146192103e-05,1.6306159850571618e-07,0.005386028580654144,5.101962326938284e-06,1.2374056227044484e-06,1.4826497894403144e-07,0.008694188854373498,1.5666619516178462e-07,0.00028268051741862124,1.97705645979072e-08,4.647899351826327e-09,1.2496862364095139e-05,0.9816313293888649,4.457655131940187e-09,2.4041059694601675e-08,1.9836533304375203e-10,9.045856251203543e-05,8.285942866286435e-12,9.079055314098146e-07,1.295870576510727e-06,2.4162650640353614e-07,3.8107644267896553e-06,0.00016134597406424207
31,4.044320413602942e-07,0.012093244467141858,0.00033871977325592784,6.303149487804134e-07,0.019279612069558125,4.738644631252505e-06,2.209964857408496e-06,7.075379636189826e-07,0.016887376317074623,5.064616441549909e-07,0.0003632703698017033,5.9346868169043893e-08,2.166268048192922e-08,3.057049763891517e-05,0.9503662479059345,6.094565846933625e-09,9.600917825585323e-08,6.339586574451796e-10,0.00018424380149706338,2.3460219259700093e-11,1.8037099868581115e-06,3.00193104779889e-06,3.6035016661645553e-07,1.9823949595178884e-05,0.00042234373050266004
32,1.4482630079236918e-07,0.0032185927106913735,6.947192009626953e-05,1.3645613218945752e-07,0.004794001093768752,4.623481414586884e-06,1.0765662492080705e-06,1.4261063700378567e-07,0.008768775889750835,1.4539427107253743e-07,0.00024281457322370944,1.7691074451561718e-08,3.781287207760026e-09,1.1127684769120343e-05,0.982632520819443,4.317635339891605e-09,2.1905748808263905e-08,1.6042519170633697e-10,0.00010059604547259049,7.111145405245534e-12,8.760432625365141e-07,1.2778390890662315e-06,2.0534457568575598e-07,3.0516159295523097e-06,0.00015037122164048662
33,2.6887651068664784e-07,0.00978990144078251,6.357924385275358e-05,2.1266747224445268e-07,0.012030125032610658,6.827720515732405e-06,1.2215965163689806e-06,2.1201296562816706e-07,0.0034806960659841636,2.3660979060624293e-07,0.0003529333184054428,4.501190468025949e-08,1.1090532232378969e-08,2.950126235998848e-05,0.973985403901572,5.3772231791892806e-09,7.85175450760462e-08,6.429143066132464e-10,0.00012362486606560486,1.1070959885704069e-11,1.2786391020408919e-06,6.397317359846132e-06,6.779559735364808e-07,6.387464868569642e-06,0.00012037335610112283
34,1.583405516484634e-07,0.0025242064320338893,7.401657682726367e-05,8.320302136285575e-08,0.0024914821265470486,4.10047746005391e-06,1.2049463309369407e-06,1.0559942175199623e-07,0.020102539487467336,1.1381155645572328e-07,0.00018054999521595563,1.0301355984319365e-08,2.793137830891855e-09,7.586364412248075e-06,0.9743149248893969,3.800058161320474e-09,9.18258446703891e-09,8.384023393735831e-11,0.0001205522447833395,6.018429389738804e-12,5.236475169035452e-07,7.541929844244351e-07,8.399241975160964e-08,1.9217470812054467e-06,0.0001750657579766554
35,6.662772537221233e-07,0.009706643325964355,0.0001809321750938625,4.776076402809613e-07,0.004541316271073031,4.226227824023738e-06,2.4471951105772207e-06,1.3680505057268858e-06,0.05718363196041711,8.557855145863606e-07,0.00029197357083365666,4.010869387512264e-08,9.56086655364662e-09,7.853345897291936e-06,0.9267579531693939,4.847578082614237e-09,1.0444724743837622e-07,1.0410646854128163e-09,0.000322228703502906,3.056732584842366e-11,2.247057692100338e-06,4.566826875938722e-06,1.27704369545439e-07,1.5599743785035136e-05,0.0009747249652341045
36,2.3417044359784446e-07,0.003363558643456304,0.00014750263210272366,1.6990541557195085e-07,0.009106457473540552,1.0992611452956414e-06,6.300092648590508e-07,3.6002630982893337e-07,0.01088733217614662,1.7266468114446674e-07,8.265381438815264e-05,6.628764350565966e-08,7.633424963210976e-09,1.535593053890553e-05,0.9757463134291724,4.482450843916977e-09,9.490552490926489e-08,7.807058515173657e-11,0.00026268834469692635,5.443329942222573e-12,9.323458871167601e-07,2.076589961081712e-06,1.4568224331913878e-07,4.754548627464711e-06,0.0003773889594199915
37,9.792901584054545e-07,0.006566653651269064,0.00021287187052804543,1.8479542262527512e-07,0.0056158115227214435,4.55241533373169e-06,3.196881152597533e-06,1.6349070085001529e-07,0.006606789240977751,1.1450139073920363e-07,0.00047327165764959905,6.206541142232634e-08,1.2639166833919782e-08,2.523231894020693e-05,0.9801534416941328,5.6624066782003145e-09,6.164234161757124e-08,6.496161643497732e-10,8.653852244796064e-05,1.277480273805944e-11,9.143022425851066e-07,2.262508459244338e-06,3.51026460470753e-07,1.2327339407876064e-05,0.00023420029888657906
38,1.3470856852976097e-07,0.001014606753717808,1.815871276373262e-05,3.189677817512643e-08,0.001012203323666071,7.546439287747304e-06,1.3663744761710408e-06,2.5544653650075605e-08,0.0025321248669273383,4.636670546874448e-08,0.00022356777922399345,7.641929822099244e-09,1.0067414531124377e-09,5.927486489221333e-06,0.995090937255747,7.613739643249763e-09,5.323965717780359e-09,9.691729520078599e-11,3.958560625521292e-05,3.955400921715697e-12,4.708080828925808e-07,6.552836768527098e-07,2.954082183979576e-07,9.578810725531275e-07,5.13358164400454e-05
39,1.0714024981689903e-07,0.0011629936471072222,7.529845696307203e-05,1.797645061017126e-07,0.006378885431559226,7.368105442368516e-06,7.572778440260436e-07,2.5659166625807533e-07,0.009356867246047357,2.1129852236854285e-07,0.00021704553004006893,2.776261510852312e-08,1.7333762182042939e-09,9.459561338553189e-06,0.9824761425630637,1.2118825846485003e-08,2.2524230556153357e-08,1.4522901594299945e-10,0.0001406158118548252,1.0797718451814079e-11,2.280892137597666e-06,1.153542365083158e-06,2.6103971888557517e-07,2.012909495947671e-06,0.00016803889500313627
40,2.909997947196945e-07,0.0032843696313422095,5.53947186725469e-05,4.997261332741312e-08,0.002648381916531127,5.185588231443805e-06,1.0467510889246812e-06,6.057984680545055e-08,0.004949528073859951,7.175668423570462e-08,0.00023063236446767315,2.5997798925680172e-08,2.2799709929927105e-09,1.4806914441535945e-05,0.9885998711137474,4.125530303995776e-09,1.8523716787046137e-08,2.2419931505024518e-10,8.002853723107824e-05,4.861604610651954e-12,7.279497797912281e-07,3.001655779360984e-06,1.824580374352891e-07,1.8479937403214662e-06,0.0001244698680323131
41,6.721602875676052e-07,0.007097952600254529,7.310061575507525e-05,4.0067751485791504e-07,0.004038027703182181,5.602163643881717e-06,3.863682578025909e-06,3.4625849158330697e-07,0.002965816668962788,1.708500151772296e-07,0.001005180477939276,9.939972934133739e-08,1.0903223242881061e-08,2.139477147080128e-05,0.9844216186410142,6.995255825865845e-09,1.5196805092296969e-07,1.782753256506182e-09,0.00011308963303813778,3.143633185006458e-11,2.270716512321969e-06,5.9790576339705964e-06,1.3852775676530164e-06,1.015782400209119e-05,0.00023269913968707858
42,9.014958013932168e-08,0.0013340761748528189,2.0768463547044423e-05,5.05508450595028e-08,0.0018630074724623237,2.073696843192533e-06,5.218873768940971e-07,1.9692247821706912e-07,0.004818333483512729,9.801926338566112e-08,0.00011374952236241068,1.1071393817631213e-08,6.654164069444459e-10,3.630138352585919e-06,0.9915848567608457,5.162730780708784e-09,2.2568136878476945e-08,6.218618156833143e-11,0.00016668392392951763,4.215075429038933e-12,1.0858664146694906e-06,1.9418212872215533e-06,1.39490060400587e-07,1.1097053272362128e-06,8.754641657922167e-05
43,5.077209265571306e-08,0.0019365027216452827,1.918820690690925e-05,1.2614073862632093e-07,0.006646464100607816,9.652444964191512e-06,4.4136111788903483e-07,2.0564271986203914e-07,0.006758403093051896,4.714746670575517e-07,0.00013376479800660554,8.967824482934453e-09,9.852012840041905e-10,6.285842842652568e-06,0.9842176057246792,9.712064133882517e-09,1.6886371139236324e-08,1.35300712010183e-10,0.0001603840619356758,4.518380666218704e-12,2.4522888516554046e-06,1.8343622744163287e-06,2.5450562077198457e-07,1.3996120698428664e-06,0.00010447615392670711
44,1.596008302570931e-07,0.003646602615862818,8.159239146192103e-05,1.6306159850571618e-07,0.005386028580654144,5.101962326938284e-06,1.2374056227044484e-06,1.4826497894403144e-07,0.008694188854373498,1.5666619516178462e-07,0.00028268051741862124,1.97705645979072e-08,4.647899351826327e-09,1.2496862364095139e-05,0.9816313293888649,4.457655131940187e-09,2.4041059694601675e-08,1.9836533304375203e-10,9.045856251203543e-05,8.285942866286435e-12,9.079055314098146e-07,1.295870576510727e-06,2.4162650640353614e-07,3.8107644267896553e-06,0.00016134597406424207
45,2.3517204052001078e-07,0.008745953416636915,8.549030877916142e-05,4.1424622721596393e-07,0.006631476672170776,1.0068295207293595e-05,1.4497020820825586e-06,1.5753924368203045e-07,0.007591275171948918,3.4802140840004767e-07,0.0004390129704015712,2.997436103872181e-08,5.574439021957955e-09,2.486007650058878e-05,0.97595148198127,5.643391891845366e-09,3.8292275037310585e-08,8.933486794433048e-10,8.615164068434303e-05,1.4022479554776366e-11,2.601393395601454e-06,2.5306915970357538e-06,5.270709937668158e-07,5.268713249042372e-06,0.0004206165243249899
46,6.35080738618056e-07,0.005224696950458339,0.00010495616777892444,2.942399354027928e-07,0.007251352543660297,1.2287911781565761e-06,9.283545068282557e-07,7.727047904455116e-07,0.0035559752927017,1.466613084325336e-07,0.00032696825468848104,1.0378003276723914e-07,1.0868200761670159e-08,7.08399197766132e-06,0.9831091551543428,3.2356618517333174e-09,6.883746063912862e-07,6.866627055266107e-10,0.00010873646162348107,1.1720249599665444e-11,1.8663622118325312e-06,4.4214526822158215e-06,5.731987378258663e-07,2.55782610996301e-05,0.0002738231186942782
47,7.743472353973203e-07,0.003528420992824174,6.104655097943127e-05,5.956809353603506e-08,0.0016677100530494285,3.1634286103166255e-06,1.41940680167026e-06,1.2267533479974712e-07,0.004106298343239274,8.118999173399055e-08,0.00023994232856425457,5.634412425925957e-08,3.3935564044423322e-09,8.282836853720367e-06,0.9900904909716001,5.382220599211695e-09,6.273049393599446e-08,4.138208797416367e-10,8.301497725608762e-05,8.641975210809407e-12,9.027728327966353e-07,4.1676355219955315e-06,2.275942647990211e-07,4.393843705703233e-06,0.0001993522103828612
48,1.8073358219489042e-07,0.006915411535209598,2.4178226182648458e-05,1.1275046088790069e-07,0.0035360991486894223,1.1526260276216325e-06,1.0018876640130795e-06,3.0368258339013276e-07,0.003284570041951852,2.1464560336109506e-07,9.701696489181389e-05,1.2904232514574544e-08,4.575454772192865e-09,7.557213939994588e-06,0.9857589087795857,3.910733574859902e-09,8.681527527246095e-08,1.3329470096176433e-10,0.0002274861631120585,4.5317954407198126e-12,8.694752204547938e-07,3.1456446218815305e-06,2.9814904075075454e-07,5.279952334514289e-06,0.00013610403577526321
49,1.7268363897064517e-07,0.0031879161894539008,0.00010798883102019323,1.7282455189935536e-07,0.007810570584898022,8.835408334960574e-06,1.1202567418395551e-06,1.5370241405324886e-07,0.00880674244239693,1.525711019720145e-07,0.00042009907625782894,4.314435083455191e-08,5.573284516038953e-09,1.871433431004004e-05,0.9793998007436577,5.374912106756513e-09,2.881161952934862e-08,3.0768630998806865e-10,8.995080812624918e-05,1.1975074256689874e-11,1.1713233759135203e-06,2.1845046677475812e-06,3.0015644077338673e-07,3.1023356874295337e-06,0.00014076799909526602
50,1.6159277772509908e-07,0.005062027481577424,7.542331170459538e-05,1.867067564078222e-07,0.005330470180783401,7.324473189132999e-06,2.802259688847042e-06,1.890654128754898e-07,0.017169953177523983,5.07944663888473e-07,0.00013315209612615414,9.938775917509814e-09,4.861300839662991e-09,2.374864349564837e-05,0.971699591327793,1.2294453900067187e-08,9.364179980139448e-09,1.1357277376544433e-10,0.0002787896008535253,9.70337595277779e-12,8.583263549467433e-07,1.6760459895549654e-06,1.9009469036300632e-07,2.3900964428667296e-06,0.00021052099218893408
51,2.0435174479174787e-07,0.008577587304983791,0.00013677718288738862,4.743031905991313e-07,0.00829772139397561,8.463290361519901e-06,2.689349045751072e-06,3.3571835832909873e-07,0.013902480699141694,4.0607373808885777e-07,0.0006170735670634263,3.13916652350327e-08,9.783560991412938e-09,2.619160195284078e-05,0.9680656429096574,4.492412405710243e-09,3.48048060541861e-08,7.567452506590933e-10,0.00012249883425660005,2.0855916423473768e-11,2.189306925365109e-06,2.960642498231453e-06,3.485729914506024e-07,6.936179620192206e-06,0.00022893746756112368
52,3.4845521251650124e-07,0.0039329414638686186,6.190243345175937e-05,1.8347021681244648e-07,0.0028036723689537613,0.00012772996800974746,4.494973489103464e-06,5.127374446490927e-08,0.011317073928320829,2.045733673477975e-07,0.0022002678816137444,2.190317958181663e-08,6.741248275746519e-09,1.9642943735258733e-05,0.9794039453447313,9.115921240882293e-09,8.219667276171314e-09,3.4964233659715e-09,2.4929507102104186e-05,3.972338761918098e-11,1.1738027194164758e-06,2.492484179807271e-06,8.608044183282201e-07,3.352338754570416e-06,9.468246794744677e-05
53,1.599948386257337e-07,0.0014886168759768567,3.659077540245778e-05,6.683859586284174e-08,0.0006280606562253369,4.717868122368172e-06,3.1490972593153097e-06,4.6895574479212915e-08,0.005526257758553124,4.701861599386388e-08,0.00035071462790909155,6.2895210478318404e-09,1.9862976747593245e-09,4.9762412505714205e-06,0.9918249842283227,4.605486379428917e-09,6.841420992087238e-09,1.2835426313490001e-10,3.14566258324741e-05,9.772016654059429e-12,3.3509717960632086e-07,5.047236297412926e-07,3.029221082579213e-07,2.1392476135466175e-06,9.685264613727797e-05
54,1.933737333321366e-07,0.004003106959604092,5.73370762647428e-05,8.346519822191648e-08,0.0015884423680190198,4.881205407357847e-06,1.9846074916466976e-06,4.3080808089479236e-08,0.0075491984974964425,1.514450002704976e-07,9.466914329099578e-05,1.0678005836083486e-08,3.1674514397048066e-09,1.79874761640963e-05,0.9863297780887283,7.742153751191722e-09,6.425775998219856e-09,8.773082534039427e-11,7.046456122990101e-05,6.8307787344803414e-12,4.457942569302192e-07,9.898065272003895e-07,1.7628207595647868e-07,1.5806444015360126e-06,0.00027845801635331636
55,5.312664822896511e-07,0.00730214441735879,0.0003824612233319331,3.5804877457127195e-07,0.0062036128435254256,5.710264997088115e-06,2.91403908625841e-06,3.1306601508165586e-07,0.03782858100693628,2.192772954446005e-07,0.0006464846749883565,6.699727514299951e-08,2.1538199791888615e-08,1.6328288675059555e-05,0.9470325591764721,3.3079437090893604e-09,4.496493294462162e-08,6.02092627562208e-10,0.0001061864457083419,2.754086157067375e-11,8.72319451921097e-07,1.526631392542104e-06,1.4015744112577895e-07,1.1721512168439656e-05,0.0004571979019137188
56,1.7740410855970268e-07,0.004177403055421863,9.324540556642577e-05,1.8019204000739694e-07,0.005914096956238555,5.395484918264356e-06,1.3650388233957395e-06,1.576460951733066e-07,0.009384509357999863,1.6577447368083847e-07,0.000314984699752796,2.241640643384507e-08,6.132901502130409e-09,1.400581588684824e-05,0.9798296348113951,4.472082166749104e-09,2.6844472197645745e-08,2.2783860953126306e-10,9.290466172762223e-05,9.559603157142214e-12,9.023318490376547e-07,1.3633710267801426e-06,2.5483648754818213e-07,4.392201471826585e-06,0.000164800851456185
57,1.4587222470696672e-07,0.003964202108054422,0.00016537849460521216,2.2921354927744663e-07,0.014959571760887119,3.876329645910853e-06,6.303396229081139e-07,4.0055678573653477e-07,0.016635820833066976,3.1642027106111e-07,0.00019304542882220472,6.135136057036362e-08,6.577036389080542e-09,1.863344103323768e-05,0.9635258509623498,6.0532603832944936e-09,6.1497218404724e-08,1.5992669866245626e-10,0.00026994916401845394,9.823404085382905e-12,1.9081482388335497e-06,2.773989486696941e-06,1.5647264108389567e-07,3.5959610666541076e-06,0.00025337885500381787
58,1.874644980135615e-07,0.004232335323770349,9.052071231278347e-05,1.7015480551992188e-07,0.005708595478335809,4.318884103468749e-06,1.334278579288971e-06,1.6887470479666953e-07,0.008046337179524757,1.5997576893339125e-07,0.0002930956491529696,2.175230324620794e-08,5.680530081015632e-09,1.2018968024747442e-05,0.9813491321139425,4.138316943856339e-09,3.333771500903877e-08,2.349558562856098e-10,8.592706498511525e-05,8.233438909649264e-12,9.316618902980245e-07,1.3912624497578137e-06,2.707079176006582e-07,5.552264951285954e-06,0.00016748682822756038
59,2.2172121019729517e-07,0.004311293334627793,0.00012589239126623787,1.9277846989054645e-07,0.006370196018446328,4.249203977382365e-06,1.5116504147678074e-06,1.9302422977019187e-07,0.008988674176587177,1.5844159535351018e-07,0.0003311536996193315,2.598958776310078e-08,6.617972531702357e-09,1.2796044817068951e-05,0.9795752302273494,4.241935858165431e-09,3.791768975061304e-08,2.7036898451655423e-10,8.176540802856607e-05,9.496780019223445e-12,9.802898231218637e-07,1.3345459986727727e-06,2.7110781586286416e-07,7.240582954226463e-06,0.000186570305717442
60,1.596008302570931e-07,0.003646602615862818,8.159239146192103e-05,1.6306159850571618e-07,0.005386028580654144,5.101962326938284e-06,1.2374056227044484e-06,1.4826497894403144e-07,0.008694188854373498,1.5666619516178462e-07,0.00028268051741862124,1.97705645979072e-08,4.647899351826327e-09,1.2496862364095139e-05,0.9816313293888649,4.457655131940187e-09,2.4041059694601675e-08,1.9836533304375203e-10,9.045856251203543e-05,8.285942866286435e-12,9.079055314098146e-07,1.295870576510727e-06,2.4162650640353614e-07,3.8107644267896553e-06,0.00016134597406424207
61,1.9836432687857572e-07,0.004203704598280203,0.0001292131736575765,1.8350753847358033e-07,0.006583438054811792,4.444923252599032e-06,1.3838846924431316e-06,1.7541963205575206e-07,0.009615846661083532,1.4977652204466695e-07,0.00033661291085222174,2.6569451420485554e-08,6.397149099777878e-09,1.3585068758391746e-05,0.9788375937844664,4.09947576237559e-09,3.33322802842987e-08,2.3811321033110044e-10,8.554798580982117e-05,9.395227938506926e-12,9.467897322382584e-07,1.3073434645847336e-06,2.3759350429205728e-07,5.8924871036071255e-06,0.00017946702664581798
62,1.596008302570931e-07,0.003646602615862818,8.159239146192103e-05,1.6306159850571618e-07,0.005386028580654144,5.101962326938284e-06,1.2374056227044484e-06,1.4826497894403144e-07,0.008694188854373498,1.5666619516178462e-07,0.00028268051741862124,1.97705645979072e-08,4.647899351826327e-09,1.2496862364095139e-05,0.9816313293888649,4.457655131940187e-09,2.4041059694601675e-08,1.9836533304375203e-10,9.045856251203543e-05,8.285942866286435e-12,9.079055314098146e-07,1.295870576510727e-06,2.4162650640353614e-07,3.8107644267896553e-06,0.00016134597406424207
63,1.711984797329586e-07,0.004360765158836179,7.958968894226905e-05,1.565890254043608e-07,0.004782358124477494,4.767033835949152e-06,1.3146169421416996e-06,1.4399959786110864e-07,0.008855166783644172,1.5361646567930222e-07,0.00029391182125138444,1.8407150372778306e-08,5.106479182831969e-09,1.1830070560303133e-05,0.9813516424893367,3.943853978630332e-09,2.4812677059600916e-08,2.1436421947709597e-10,8.717344781340817e-05,8.590935712209559e-12,8.434292119819756e-07,1.3559537927136489e-06,2.2994592881343246e-07,4.173679379154599e-06,0.00016419985936292592
64,1.356333844988091e-07,0.0029721650037840175,6.469917179708765e-05,1.4362437909160607e-07,0.004923811602433138,4.522102507415061e-06,9.79047154363619e-07,1.5129830549678133e-07,0.006850061772993757,1.5086144684201064e-07,0.0002683678382496014,1.9305441474316654e-08,3.0438308798668363e-09,9.965438804695456e-06,0.9846649000155656,4.532642777731781e-09,2.576238727501545e-08,1.9100702516619462e-10,8.977864882225662e-05,6.82931401287684e-12,1.2864750680659253e-06,1.2824581059842192e-06,2.2974649754988474e-07,3.363346655188642e-06,0.00014395307190672192
65,1.583053223486522e-07,0.0022314719646385046,0.00012612379036423208,6.602570849223288e-07,0.05478028641462316,8.738990778947616e-05,7.937562315832214e-07,1.4258579991681924e-07,0.0037366603209734763,5.123388747165881e-07,0.0007656142281098692,2.1771898669380262e-07,4.566353715104087e-09,0.00013490473299468202,0.9377545257312464,3.469969212662103e-08,3.3015462470826675e-08,1.2455977327520875e-09,0.00015300675768604505,1.8724982403193213e-11,9.182905830438347e-06,4.131863220717623e-06,1.5340149848256703e-06,1.4149268316625865e-06,0.00021119393257545613
66,1.920265792072461e-07,0.0041189990744212816,0.00025829426946676027,4.1300340044427535e-07,0.012192814779581848,1.9212772207273906e-05,3.1719119456252277e-06,4.1602200045734045e-07,0.06247328771188908,8.716972221515238e-07,0.0003102616179373339,3.9746767577199194e-08,1.375125041671236e-08,3.705639245349772e-05,0.9197713068335304,2.4885668732685983e-08,1.2503621198402578e-08,1.7468657591796827e-10,0.0005354012453258119,4.262112038220102e-11,1.379240153438652e-06,1.7859062677119438e-06,1.5465352398950063e-07,2.223371158563208e-06,0.0002726663663194497
67,1.516336542753246e-07,0.0030138452015673386,7.86450024576068e-05,1.545996083893753e-07,0.004826818234727538,5.9538809666041484e-06,1.2606977974979052e-06,1.084325631447671e-07,0.006642707599813744,1.2491868077288782e-07,0.00029218271262911245,2.118000374139064e-08,4.369371284152367e-09,1.4340950961614374e-05,0.9848960374511883,5.141420266177767e-09,2.0685378777939253e-08,1.977219425213829e-10,6.983355248141247e-05,8.980694131291886e-12,8.523330940500127e-07,1.1791973808208894e-06,3.1216212850206396e-07,3.1831427894701534e-06,0.00015225671263308118
68,2.1010493355559237e-07,0.0032809589032313335,5.355586706724985e-05,1.6392151516384896e-07,0.0028079333989524165,8.147981588710782e-06,1.3446283560654805e-06,1.0270329724971868e-07,0.004572474470235797,1.1222429282441362e-07,0.0005234701056797459,2.5310729270912322e-08,3.565218538321818e-09,8.822099709610217e-06,0.9885317541548639,4.3118974694975805e-09,3.2729387375523444e-08,5.920349530367976e-10,3.8836151137116316e-05,1.3395444433123298e-11,1.2096798178958343e-06,1.7804199489649455e-06,5.06474800858761e-07,4.31981407091864e-06,0.00016423037383740127
69,1.8118362933179545e-07,0.003987145144239173,0.00010660722347337693,2.19008205814796e-07,0.005245980739698623,4.442617059261499e-06,1.4480754525791995e-06,2.0131070412035733e-07,0.010599640482515538,1.841354702893987e-07,0.0002899196604515522,2.1668355823068668e-08,5.54739050670933e-09,1.1772702792608677e-05,0.979422993968469,4.76629030864587e-09,2.9767867598111335e-08,2.2540670277133496e-10,9.646848020475412e-05,1.1371154341662484e-11,1.0282523969204128e-06,1.193327366942298e-06,2.440565433035665e-07,5.18807295974611e-06,0.00022507957168501957
70,1.7715048370982994e-07,0.0036265681589685655,0.0001022330180693964,1.716696919171427e-07,0.005750383179281563,6.200364500486381e-06,1.3399528604477727e-06,1.24566990127844e-07,0.008917413261412575,1.533160676346254e-07,0.0002928046456600984,2.413628012105021e-08,5.193456499194722e-09,1.6750708594393547e-05,0.981016758526428,5.08764732361672e-09,2.2050628858068556e-08,2.1704995943986438e-10,8.17025146100981e-05,9.321401830262477e-12,9.168114879895404e-07,1.3402660453421298e-06,2.5930635438438177e-07,3.5940607663623846e-06,0.0001810518273428468
