,0,1,2,3,4,5,6,7,8,9,10,11,12,13,14,15,16,17,18,19,20,21,22,23,24
0,2.0142692489659553e-05,0.00010350009429411258,2.3153763213579553e-07,6.379395193689291e-05,0.001056434891644611,0.0013750107800492547,0.00016445090680525565,4.471950119393363e-06,0.005568219669749824,7.231362802906413e-06,0.008757555048467288,1.6684279092769178e-05,7.876601112053636e-07,3.0714071321895294e-05,0.9732375361232408,1.216633782420344e-05,4.937337496822752e-05,2.1584826984351542e-07,0.0029255360611145282,1.1076203879746054e-07,5.1118688437481925e-06,0.0006662501625338309,3.822515008255543e-05,6.703068381272102e-06,0.005889542346185038
1,5.272630275966684e-06,3.173306209145249e-05,1.1731215052936804e-07,1.7582379944263103e-05,0.00023596162405582581,0.002135738823081007,7.456247858253643e-05,2.7031159461589187e-06,0.022026804088027884,2.097453647745014e-05,0.0027728005121821055,3.0689347282682237e-06,4.136479636894839e-07,4.34203396492641e-05,0.9637804153525619,5.895210757786911e-06,3.57522862256944e-06,1.5562507268271408e-07,0.0029283317286272824,1.2833689671145798e-07,2.116974804659105e-06,0.0006200624802718386,1.9586578677730878e-05,3.357274868126691e-06,0.005265221723682233
2,1.8621710605471225e-05,6.169458957225276e-05,1.2691701219728352e-07,3.7969513854878714e-05,0.0002984547112808696,0.003671811121873881,0.00016084788091718548,4.116914436886561e-06,0.014062615855018109,1.3652712284417096e-05,0.007053065217242906,5.992180801937181e-06,9.438100864521211e-07,2.5106685043478662e-05,0.9629082315232986,7.2228271763096795e-06,1.2414939370386868e-05,2.993092113233824e-07,0.0065058076393512305,8.3816977349534e-08,4.01608436480476e-06,0.0012646406214781184,3.2702479612828354e-05,3.921063598326367e-06,0.0038456398755296025
3,6.308568847875687e-06,3.702538589078666e-05,8.991725606031395e-08,1.698096951979043e-05,0.0002516728425788229,0.0016723324731725932,6.740113590214659e-05,2.592240973848868e-06,0.01426366170769266,1.2568861587878818e-05,0.003847842336263921,3.83787094437627e-06,3.810357323732114e-07,3.9592313250819235e-05,0.9718002857368849,4.190822763348698e-06,4.8349140039209215e-06,1.2442018633071614e-07,0.0022935719442652475,9.160988305640957e-08,1.8938547407270557e-06,0.0007236512445104385,1.6911210785228787e-05,2.5155974558997983e-06,0.0049296409849067194
4,7.319123040212049e-06,4.557882105774627e-05,1.1026261440349867e-07,1.91921770540699e-05,0.0003016713208265839,0.001609426379295965,8.205002102377523e-05,3.0219056769260947e-06,0.016983177496987006,1.4414855361706606e-05,0.004468417683229073,4.553249355556701e-06,5.301274626372583e-07,5.376992716116626e-05,0.967402239294531,4.421320307231245e-06,5.29552817921165e-06,1.5613603180657555e-07,0.002635364986199957,1.178892184858058e-07,2.515224209588281e-06,0.0008871385289776515,1.817954789773319e-05,3.107327478246455e-06,0.005448230866822363
5,7.91294676230431e-06,4.210214885166106e-05,1.2643255614714493e-07,2.9150173168888273e-05,0.00036550039882981666,0.0021706698806677658,8.578369817655908e-05,3.3585318706038886e-06,0.018427854690559135,1.8751757567503883e-05,0.004517143323376857,4.0709763891569004e-06,5.252364298491762e-07,5.447331003899116e-05,0.9655588882332474,5.272333630976258e-06,5.993656308665848e-06,2.616308114086734e-07,0.0031778502329663397,1.4624046909459344e-07,2.869178454667149e-06,0.0007113383701904631,2.9486922016323162e-05,3.8013968523694548e-06,0.0047766682998068785
6,6.308568847875687e-06,3.702538589078666e-05,8.991725606031395e-08,1.698096951979043e-05,0.0002516728425788229,0.0016723324731725932,6.740113590214659e-05,2.592240973848868e-06,0.01426366170769266,1.2568861587878818e-05,0.003847842336263921,3.83787094437627e-06,3.810357323732114e-07,3.9592313250819235e-05,0.9718002857368849,4.190822763348698e-06,4.8349140039209215e-06,1.2442018633071614e-07,0.0022935719442652475,9.160988305640957e-08,1.8938547407270557e-06,0.0007236512445104385,1.6911210785228787e-05,2.5155974558997983e-06,0.0049296409849067194
7,9.939482885485225e-06,3.864992110884136e-05,9.004058480839966e-08,1.68247686013106e-05,0.00022821449477434554,0.0016041457723087332,8.287754866615451e-05,3.2677239020023346e-06,0.012340545123757832,1.0312999063479561e-05,0.005504592118808014,4.2162507987273e-06,6.305576048138372e-07,3.17013961788871e-05,0.9724827845801985,3.60301369158778e-06,4.472343768936846e-06,1.3873608142547014e-07,0.002777871206055105,8.62505662514389e-08,2.003871791281685e-06,0.0010844762822764878,1.1543075276274124e-05,2.0315536922537587e-06,0.003754980887558302
8,6.450403950409883e-06,3.942039689921712e-05,1.9738694862094192e-07,2.1400065881455343e-05,0.00027305852387598454,0.001391592366623769,2.854729985508085e-05,1.3838121505861e-06,0.016543339783311243,2.1485163443234738e-05,0.0020991212296010506,3.7267984247208156e-06,2.978257176268999e-07,5.2462304115170594e-05,0.9687251723388236,6.491376215941566e-06,6.427155627082952e-06,8.685315418800303e-08,0.001011057809680557,1.4078628034743323e-07,1.1461156663510134e-06,0.000371372568890791,3.0876340296445394e-05,7.3639370052339516e-06,0.0093573813575611
9,3.8033496007434794e-06,5.52578540890803e-05,2.4026180767104586e-07,2.3127386515862106e-05,0.00024411324146452536,0.0013353519739749756,3.074624577340122e-05,1.893926902209527e-06,0.022240180118208,4.63112630953245e-05,0.0016605810103628201,3.084624924706274e-06,3.3911335581425713e-07,9.569887232474058e-05,0.9612259239461994,9.571157506896438e-06,5.852385068311941e-06,1.2427550338690122e-07,0.0016170529344662165,2.3738168288534225e-07,1.7653183457516105e-06,0.0003795038690210672,3.3274737629545484e-05,8.31882188916982e-06,0.010977645930287357
10,6.308568847875687e-06,3.702538589078666e-05,8.991725606031395e-08,1.698096951979043e-05,0.0002516728425788229,0.0016723324731725932,6.740113590214659e-05,2.592240973848868e-06,0.01426366170769266,1.2568861587878818e-05,0.003847842336263921,3.83787094437627e-06,3.810357323732114e-07,3.9592313250819235e-05,0.9718002857368849,4.190822763348698e-06,4.8349140039209215e-06,1.2442018633071614e-07,0.0022935719442652475,9.160988305640957e-08,1.8938547407270557e-06,0.0007236512445104385,1.6911210785228787e-05,2.5155974558997983e-06,0.0049296409849067194
11,7.138714740880932e-06,3.898663384629627e-05,9.542986996367439e-08,1.810625244810369e-05,0.00026848689394504,0.0016163144699098003,7.530106762195119e-05,2.7113707765208845e-06,0.014748800980386997,1.2253669848311919e-05,0.0041338146173056775,4.242023886714537e-06,4.7348280989044535e-07,4.0200404533290615e-05,0.9708339106510435,4.3645428048599935e-06,4.9659894650386516e-06,1.3433319683147506e-07,0.00245706514238755,1.020150960944337e-07,2.0500927574258775e-06,0.0008096310139985328,1.6663752975588706e-05,2.85736201378593e-06,0.0049013290923314535
12,6.954206897964865e-06,3.848907676325224e-05,1.317448476798085e-07,1.6187730217107338e-05,0.00047044523070747293,0.001877319879746359,6.869525418932289e-05,2.2892146141923696e-06,0.01884107739181014,1.4351765895532237e-05,0.0048367959413574795,4.297729381994126e-06,3.7180588569944597e-07,6.095704009681513e-05,0.9641671693352628,3.861500265625613e-06,6.064310245151462e-06,1.369388304651264e-07,0.0017455634279521961,1.3016287863610732e-07,2.5551792007872304e-06,0.0006751270403913345,2.4547642725978966e-05,3.866679802266767e-06,0.007132613770033873
13,6.366789271074347e-06,3.455929924498276e-05,6.602062195376838e-08,9.071488438586247e-06,0.0002456017097911029,0.0007493765783113675,5.7349711536007e-05,3.0103561102224447e-06,0.009438334624917324,5.672721136926706e-06,0.006546767864036692,5.822570341175395e-06,3.4792869457981543e-07,4.8347445501395055e-05,0.974758416926074,2.4819130624955325e-06,4.066538729481446e-06,7.819945944180382e-08,0.0014590481865750743,6.693007568402355e-08,1.686916783992807e-06,0.0009610972391361283,7.244607451363888e-06,1.4315365429194e-06,0.0056536858981561106
14,2.6156689447789134e-05,0.000589029936515551,2.499169236235875e-07,0.00012832441398090926,0.004219523640353081,0.0018476335335364787,0.00024397611162350603,9.030662238216415e-06,0.017324384631872143,3.325326991729434e-05,0.04680041613195288,1.145306724323367e-05,3.3498446462179666e-06,0.0002087174238596232,0.8997287075287717,4.057266000196955e-06,4.4700029607427305e-05,1.2155051114916608e-06,0.020188819587773996,2.247532478700478e-07,4.17006970259634e-05,0.0033401143924264663,4.63337395182804e-05,8.700205406328836e-06,0.005149927020999812
15,6.308568847875687e-06,3.702538589078666e-05,8.991725606031395e-08,1.698096951979043e-05,0.0002516728425788229,0.0016723324731725932,6.740113590214659e-05,2.592240973848868e-06,0.01426366170769266,1.2568861587878818e-05,0.003847842336263921,3.83787094437627e-06,3.810357323732114e-07,3.9592313250819235e-05,0.9718002857368849,4.190822763348698e-06,4.8349140039209215e-06,1.2442018633071614e-07,0.0022935719442652475,9.160988305640957e-08,1.8938547407270557e-06,0.0007236512445104385,1.6911210785228787e-05,2.5155974558997983e-06,0.0049296409849067194
16,4.7714099779380245e-06,3.261945488037708e-05,4.1379911264268594e-08,9.998709656137082e-06,0.00014485643504666605,0.0008325157787146024,4.942974208121214e-05,2.4796938053238313e-06,0.007859599196751648,6.247677910117754e-06,0.0037408150322069096,4.525558352417345e-06,2.6821545017419996e-07,3.27231583352917e-05,0.9805139153767566,2.6875766563508164e-06,3.4337825547432067e-06,7.00920399372385e-08,0.0017702436615533777,4.52203031405357e-08,1.1294990087626699e-06,0.0009010522527598137,6.415310397141792e-06,9.854259967520924e-07,0.004079130358893115
17,1.8054720601454758e-05,8.02799802332437e-05,2.3399110290627405e-07,2.753643134970369e-05,0.0010659038991058113,0.002153226927499923,0.00023029915641023055,4.380270318436512e-06,0.03251699924286065,1.3191959857232384e-05,0.0121622658606823,1.2321418797285431e-05,1.1748341518150855e-06,0.00012480867438211744,0.936733173617971,4.819915539114876e-06,1.218830781422474e-05,3.310063059528356e-07,0.0032343726418737635,1.9996677794698185e-07,7.831391853190353e-06,0.0015308200163141024,3.794762920428336e-05,7.981551562510285e-06,0.010019656587430913
18,4.2390018121756405e-06,3.750125220351675e-05,1.1816372290585173e-07,7.453361255916658e-06,0.00019834834246569685,0.0011551521884640467,6.15321296221705e-05,1.87245301077425e-06,0.013262976332854096,1.209835174061152e-05,0.00305363643601297,5.529291002005448e-06,2.479412613044681e-07,6.610226126929255e-05,0.9669114564342888,6.324014836606227e-06,6.8104509588883695e-06,8.356248119018866e-08,0.0016763260841480764,9.932428003020855e-08,2.49306927235389e-06,0.0005827339429783354,1.9056009369422022e-05,3.467376617251619e-06,0.012924342224071466
19,3.602824315695082e-06,3.526552880271157e-05,5.703164452078886e-08,2.2720302083775105e-05,0.0002472510285255293,0.001942592129452353,5.080498459300201e-05,1.8964013085049354e-06,0.017046917448486486,1.5069502274978818e-05,0.0020029193783258226,2.9721087764359255e-06,2.931192544662334e-07,2.9573632007591e-05,0.9725335170093846,3.466974625889153e-06,2.94069205134743e-06,7.595524829728259e-08,0.001817775934833533,8.119562376633252e-08,8.5470374693947e-07,0.0006593346176970825,1.2587290442925204e-05,2.0715897591013835e-06,0.003565358616734271
20,4.497206918768737e-06,3.623652914159308e-05,4.929165632356523e-08,1.2609600330274521e-05,0.0001572006429293991,0.0011374118881666705,5.0272447424348584e-05,2.5432529856585337e-06,0.011467663025275613,1.046302913856116e-05,0.003279342364528507,2.6518021961404924e-06,3.9371396904326077e-07,3.5043328084042094e-05,0.97732147232624,2.485037856699e-06,2.8402091362627607e-06,7.751380390406749e-08,0.0021431826876136743,7.318198314275415e-08,1.2680138899959596e-06,0.0010784530096506633,7.5050905050666565e-06,1.2304040945686733e-06,0.0032450344024810033
21,2.319249552131222e-05,8.170930197490773e-05,4.532046328794782e-07,3.276317721002285e-05,0.0005587362794484147,0.0016129463211854193,0.00014018107545809078,6.645739295569303e-06,0.023989172339051835,2.3207020430764123e-05,0.009196186440780454,1.4762334509229644e-05,1.2636999866653152e-06,0.00015309934988850464,0.948079902191268,1.1850725435616729e-05,1.4496490130159723e-05,5.355877478721946e-07,0.0029829781451831384,2.882406261486107e-07,6.9724748509182224e-06,0.0010894194691607468,4.081749446737626e-05,9.821949966514341e-06,0.011928598451789353
22,1.3844065977956727e-05,6.158712695167547e-05,2.1664511427354295e-07,2.8013593542920987e-05,0.00034190252780506733,0.0026752847999679777,8.596222388301982e-05,6.161998059687995e-06,0.011480625507238279,2.67458366422904e-05,0.00739503483996634,4.590369657716059e-06,6.726941221024437e-07,6.670106689901177e-05,0.9675903419081192,7.012766862071748e-06,1.55515182234237e-05,3.732021228956854e-07,0.00392061083842172,1.6593526320656236e-07,5.320258670217292e-06,0.0011265017212098727,3.5487309284602914e-05,2.887633742198212e-06,0.0051084036122521935
23,6.308568847875687e-06,3.702538589078666e-05,8.991725606031395e-08,1.698096951979043e-05,0.0002516728425788229,0.0016723324731725932,6.740113590214659e-05,2.592240973848868e-06,0.01426366170769266,1.2568861587878818e-05,0.003847842336263921,3.83787094437627e-06,3.810357323732114e-07,3.9592313250819235e-05,0.9718002857368849,4.190822763348698e-06,4.8349140039209215e-06,1.2442018633071614e-07,0.0022935719442652475,9.160988305640957e-08,1.8938547407270557e-06,0.0007236512445104385,1.6911210785228787e-05,2.5155974558997983e-06,0.0049296409849067194
24,4.4629884023253466e-06,5.826573824026927e-05,6.814835990676457e-08,3.177776408265923e-05,0.00024135708888732294,0.0014270571249381681,6.0859157899838e-05,2.899002162569646e-06,0.012092753075315519,1.7552281221505037e-05,0.0029434523863684295,3.158171865413409e-06,3.7950559739684145e-07,4.3862289619201344e-05,0.9750848514214175,4.4352668710407875e-06,5.658193209248931e-06,1.578271213040439e-07,0.0036369299890029287,8.620997268063285e-08,1.951369929701005e-06,0.0007066277800638389,1.89733904114184e-05,2.1794068247340265e-06,0.003610244422215192
25,1.9303281197032525e-05,5.244967640419086e-05,2.0120923334349405e-07,3.2527004411049246e-05,0.000948115504279753,0.0022427077024553834,0.000264498347683283,1.346268302075811e-05,0.01954000582668166,1.116512281214875e-05,0.02073327429834565,1.3575289047883882e-05,1.0427024158407314e-06,0.00011097636734126207,0.9448117842000295,5.167945759123607e-06,1.0571262346934452e-05,6.517219811098053e-07,0.0036528632235622344,2.2339774121743202e-07,8.188689596027791e-06,0.0014720842898548034,2.982632062143017e-05,3.3323032641345743e-06,0.00602200162991415
26,1.75441234009703e-05,5.1009475571119166e-05,4.485639303238912e-07,5.220411168037641e-05,0.0008848747637450837,0.004166014581362965,0.00011762601709502479,2.8850687740271564e-06,0.054031191200513994,3.8134617271427905e-05,0.005028810677029197,5.298270864460596e-06,8.474854052430467e-07,0.00010160016244665662,0.922720450843284,9.083572959219292e-06,9.829984240358674e-06,5.647777513794772e-07,0.002804059145344741,3.6113405712643307e-07,4.901619107618843e-06,0.0005418750698264693,0.00011738576637428417,2.002723920481616e-05,0.009272971728758888
27,3.5203098778602277e-06,2.2121656589715344e-05,3.624404948272786e-08,1.1175743769658256e-05,0.0001399627140802561,0.0015219151368267914,3.9699400123136074e-05,1.6201482080932214e-06,0.015376198602462275,8.829383148143288e-06,0.0020662154895668464,2.381210507905838e-06,2.331186959161159e-07,2.040802689801512e-05,0.9751938282507391,2.448578012542622e-06,1.6468637122990616e-06,5.1556136810601364e-08,0.0015463650126369783,5.450813634200405e-08,5.921835656152605e-07,0.0007301079764707935,7.377436812042613e-06,1.4239457539782293e-06,0.0033017865032193786
28,6.308568847875687e-06,3.702538589078666e-05,8.991725606031395e-08,1.698096951979043e-05,0.0002516728425788229,0.0016723324731725932,6.740113590214659e-05,2.592240973848868e-06,0.01426366170769266,1.2568861587878818e-05,0.003847842336263921,3.83787094437627e-06,3.810357323732114e-07,3.9592313250819235e-05,0.9718002857368849,4.190822763348698e-06,4.8349140039209215e-06,1.2442018633071614e-07,0.0022935719442652475,9.160988305640957e-08,1.8938547407270557e-06,0.0007236512445104385,1.6911210785228787e-05,2.5155974558997983e-06,0.0049296409849067194
29,6.308568847875687e-06,3.702538589078666e-05,8.991725606031395e-08,1.698096951979043e-05,0.0002516728425788229,0.0016723324731725932,6.740113590214659e-05,2.592240973848868e-06,0.01426366170769266,1.2568861587878818e-05,0.003847842336263921,3.83787094437627e-06,3.810357323732114e-07,3.9592313250819235e-05,0.9718002857368849,4.190822763348698e-06,4.8349140039209215e-06,1.2442018633071614e-07,0.0022935719442652475,9.160988305640957e-08,1.8938547407270557e-06,0.0007236512445104385,1.6911210785228787e-05,2.5155974558997983e-06,0.0049296409849067194
30,6.308568847875687e-06,3.702538589078666e-05,8.991725606031395e-08,1.698096951979043e-05,0.0002516728425788229,0.0016723324731725932,6.740113590214659e-05,2.592240973848868e-06,0.01426366170769266,1.2568861587878818e-05,0.003847842336263921,3.83787094437627e-06,3.810357323732114e-07,3.9592313250819235e-05,0.9718002857368849,4.190822763348698e-06,4.8349140039209215e-06,1.2442018633071614e-07,0.0022935719442652475,9.160988305640957e-08,1.8938547407270557e-06,0.0007236512445104385,1.6911210785228787e-05,2.5155974558997983e-06,0.0049296409849067194
31,1.3330426283481556e-05,6.959118376980733e-05,2.396421627297294e-07,2.499445335335514e-05,0.00024370238127929117,0.001972078793507064,9.195603703622059e-05,7.174499032280663e-06,0.014564707532585453,2.5197327946448853e-05,0.005337192074881167,6.2487842355443185e-06,6.47592146232481e-07,6.982942461163758e-05,0.9663384078272615,9.911832606449937e-06,1.0669916616311594e-05,2.867240368701345e-07,0.0031641461158471904,1.5146070185342022e-07,3.752545458164715e-06,0.0010011716075856217,2.627437872431949e-05,3.390360063308103e-06,0.007014947078267528
32,5.34986230492943e-06,3.342878267726164e-05,7.419404255831527e-08,1.648885930019688e-05,0.0002162676828298445,0.0015714999463516028,6.241048676696665e-05,2.3285546336038664e-06,0.012481608746905907,1.186566963846311e-05,0.0033459393128620783,3.1470848992872863e-06,3.52869149544545e-07,3.247655993376892e-05,0.9747494104882888,3.963526284381391e-06,4.354505843198068e-06,1.1358127594904228e-07,0.0025823696784137273,8.149470913960172e-08,1.7807358784891915e-06,0.0006750835856160876,1.548389886619294e-05,2.212559485887285e-06,0.004181907333042142
33,2.0153122315800987e-05,8.94050249289239e-05,1.2489951963414955e-07,3.959745077948227e-05,0.0003818674766703449,0.0015836787408280994,0.00016796948887747913,6.847361668198493e-06,0.00948605374418725,9.375561934926428e-06,0.010949067555979096,1.262109730559466e-05,1.3202791276477831e-06,4.3759894049487776e-05,0.9659248786178375,7.310884557896638e-06,1.599198673075733e-05,3.1040362873505996e-07,0.004948192262749644,1.0901675100893543e-07,4.4441051614827714e-06,0.0018675874621139352,1.8808548510654594e-05,3.38520465445608e-06,0.004417139809131877
34,1.4202270104864865e-05,1.902893133844871e-05,7.78087504024213e-08,1.6214844381808795e-05,0.00026473453933494327,0.0013372462317075555,9.123113944850782e-05,2.381449684037059e-06,0.012673751711295209,5.653018897029921e-06,0.005939600699054929,3.028650084611458e-06,5.895196469287805e-07,1.9664638536771147e-05,0.9731011522126648,2.6580868822327465e-06,3.078194206124507e-06,1.8208933376736968e-07,0.003153988133552063,6.394149403218696e-08,2.1418411339778386e-06,0.0007212113971084189,1.3028596904548099e-05,2.251559524033435e-06,0.0026128384949297904
35,2.7563421360003096e-05,4.6982794501543946e-05,1.2489395939061598e-07,3.090607652680434e-05,0.0001350610562841745,0.004347225887223296,0.0001431858167156615,8.235932784670649e-06,0.023432235531842198,2.0668663129741534e-05,0.005153551262075606,8.513375110864502e-06,1.1088743226424037e-06,2.4567129101237625e-05,0.9537615658567765,1.4367735180461183e-05,6.303326770944819e-06,5.09686415087018e-07,0.0068578005793815105,9.994937078804124e-08,2.031945510860705e-06,0.0021454700732445944,1.8578381023868748e-05,3.462060047986353e-06,0.003809879691339664
36,5.798903307653507e-06,4.908887768986809e-05,6.477796196370176e-08,1.92913102803938e-05,6.73409046509822e-05,0.0015246951554248652,5.043577619223421e-05,5.757448648087475e-06,0.013449594911129013,2.294864279032621e-05,0.0018856058714244912,3.996359393760112e-06,3.749285838361522e-07,4.5259049125592864e-05,0.9752282460677251,6.803394242243124e-06,4.341257961547529e-06,1.3973691793438054e-07,0.002749644349861019,7.168861012157266e-08,9.110296049706846e-07,0.0014198663119872436,9.14083869733435e-06,9.440722273446804e-07,0.003449638335561938
37,2.7492443831454055e-05,7.111142609399642e-05,4.2237583924923155e-07,3.293390997863145e-05,0.0009501982594665704,0.002400594614177241,0.0002117173287065253,3.944721318750986e-06,0.039276387767705714,1.9190624605943448e-05,0.010039499063550946,1.2933067048101942e-05,1.5796264855011597e-06,0.0001184383233341858,0.9308678699576424,8.0537396939598e-06,1.2001735371925807e-05,4.785418903317623e-07,0.003237515196685668,2.812719648490774e-07,7.399149884218503e-06,0.0011846791322426195,4.9471122647299e-05,1.4819037952327909e-05,0.011450987561881945
38,5.909997117369661e-06,1.4894777563618053e-05,5.841872559433223e-08,1.5417339080177258e-05,8.696309298393178e-05,0.0030828783855344024,0.00010133516000935057,2.4235165790779396e-06,0.008179763245551561,1.0122667201122322e-05,0.002051627842004995,2.1485125112526577e-06,3.7768174663320124e-07,9.80733948550041e-06,0.9793144581498442,7.286005301928349e-06,3.842375090423393e-06,1.570644221249422e-07,0.004388426848109281,7.075983354405237e-08,1.581496666500171e-06,0.0005281553762749467,1.7483647102632026e-05,1.540337394618702e-06,0.0021732699638656343
39,1.1880705262156789e-05,3.1216731565324284e-05,1.3708447149581058e-07,1.673872144516721e-05,0.0001895444002394554,0.0037372505596399903,0.00015364414687892076,8.253109176182885e-06,0.01002230133647042,1.2327278720340658e-05,0.005935492362338422,7.672109527047744e-06,5.485202395416546e-07,2.6085859433159034e-05,0.9697933428013426,1.1808336402234263e-05,1.0247592797667015e-05,2.1412609182863468e-07,0.003528647235711488,1.1405596573767457e-07,3.4655629306129104e-06,0.0011719829926606193,2.1839175917504958e-05,2.258903790085459e-06,0.005302986290982
40,6.923098782070566e-06,3.2787319593412176e-05,7.243492307815946e-08,7.778338726902752e-06,0.00020857176581775736,0.0012185950555451677,5.216855222265188e-05,2.079342383226932e-06,0.01049846744503739,6.1048799562643136e-06,0.004419535442978736,5.259650143169592e-06,3.2243045723584963e-07,3.251735121644209e-05,0.9757315261232133,2.472918194215537e-06,3.844205905658782e-06,4.511233030317538e-08,0.0009825104320213976,5.823147802220366e-08,1.0641607844331694e-06,0.001049983603951423,6.587140095185201e-06,1.3605727306483075e-06,0.005729364391512015
41,1.3337571388342728e-06,5.363956046104018e-06,1.237714168335077e-08,1.1164133338223321e-05,0.00014785741850291236,0.001212819046992887,1.2075616264000644e-05,4.830963151109472e-07,0.007639898660627216,3.4221699671453996e-06,0.0008642420377460564,8.460439020320458e-07,4.2182886468176085e-08,4.5714633804532566e-06,0.9882212807857632,8.397189349702187e-07,5.899876658379379e-07,1.4332717954285886e-08,0.00047294508437868417,1.7686043198764173e-08,9.268076089638304e-08,0.00014695230909183296,4.5205945016145044e-06,5.495623728821267e-07,0.001248065297520166
42,4.15903053709926e-06,2.808747804922311e-05,2.9693935196862024e-08,1.0466508864759526e-05,9.044468961744136e-05,0.001503883353262221,4.079241170781195e-05,2.347622387662869e-06,0.007638201194789739,8.237061398362786e-06,0.002373956547438694,2.196884567637422e-06,3.229313259157876e-07,1.1718459418290957e-05,0.9820485398579215,3.1994812700576745e-06,2.7919374222306953e-06,4.38068033538564e-08,0.0026363846302442638,4.144284839904646e-08,7.386352986800991e-07,0.001344060483164241,4.564743196250742e-06,8.485906527090462e-07,0.0022439425238779055
43,3.198184625983665e-06,1.8981300267044908e-05,5.9094262690766145e-08,1.3376912813098338e-05,0.00013970415978314344,0.002890822151714121,4.311831718445434e-05,2.381209792118055e-06,0.012995611054782693,2.0725369290709112e-05,0.0018968950634846247,1.22722055326366e-06,2.454558740246019e-07,2.1228590668925254e-05,0.9760249761896984,3.7299641881244537e-06,2.4380950844189526e-06,9.261928710268228e-08,0.0026494246686710327,8.670433432224834e-08,1.3675794096033263e-06,0.0006212205613410497,1.3682835490760357e-05,1.3508476423128356e-06,0.002634055849756222
44,6.308568847875687e-06,3.702538589078666e-05,8.991725606031395e-08,1.698096951979043e-05,0.0002516728425788229,0.0016723324731725932,6.740113590214659e-05,2.592240973848868e-06,0.01426366170769266,1.2568861587878818e-05,0.003847842336263921,3.83787094437627e-06,3.810357323732114e-07,3.9592313250819235e-05,0.9718002857368849,4.190822763348698e-06,4.8349140039209215e-06,1.2442018633071614e-07,0.0022935719442652475,9.160988305640957e-08,1.8938547407270557e-06,0.0007236512445104385,1.6911210785228787e-05,2.5155974558997983e-06,0.0049296409849067194
45,4.134065775351315e-05,0.00047016635579909407,1.6021833894342995e-06,3.03238810241863e-05,0.00085431056961075,0.002153289300816262,0.00010531198847444063,1.0453980041581864e-05,0.033724517526440186,0.00010075633698738739,0.02200399813434576,1.9798831191835028e-05,1.715130802977478e-06,0.0010449257874429795,0.8885308644757185,1.5001086552052544e-05,7.984051572575817e-05,9.797447032671559e-07,0.004165598300140103,4.580900450965598e-07,3.4532472549030905e-05,0.0026421723162060656,0.00012100008155762899,1.8695402333627256e-05,0.04382834685034845
46,1.0271562030225618e-05,5.1197809276866906e-05,4.694311254933283e-08,1.805120227164605e-05,0.00013938007086555877,0.0012175981993955273,4.225750993822248e-05,2.4825462991391767e-06,0.0024728480237846706,4.292164443850006e-06,0.004282945697919024,6.851410598637207e-06,3.267233965755786e-07,1.0265671281963483e-05,0.9854350872554137,4.763994120288731e-06,1.7912088907990234e-05,4.4256525940866603e-08,0.0017203144079653105,2.9745220339494372e-08,9.062233544622188e-07,0.0012473570363493527,9.044364257442714e-06,1.1492221619001747e-06,0.0033045758711086892
47,1.196169130279204e-05,8.278722230564539e-05,6.655474175756856e-08,1.1045597323701345e-05,0.00010942318108300067,0.0010689413203526258,7.216323035409881e-05,2.932829340548568e-06,0.010732531426332305,7.85078715775836e-06,0.0037578563048039186,9.989621350418473e-06,7.40564196195998e-07,2.3107358797739238e-05,0.9736719769821982,6.323047151172926e-06,5.770129704999203e-06,5.436562847667726e-08,0.002090015074569945,5.188455096734192e-08,8.694419811044842e-07,0.0022722554404539857,4.7950733217124286e-06,2.124620477538218e-06,0.0060543662505192514
48,4.141084165449321e-06,0.00012917201097190274,5.228219110062269e-08,2.9583557804784392e-05,9.194552934214011e-05,0.0012962266295916682,4.1613914828663306e-05,3.1523064887233663e-06,0.00428425818560351,2.0544489168900324e-05,0.0017685457097742063,2.8928365889816945e-06,3.150080495037811e-07,2.5017207422264004e-05,0.9841951841534826,6.519742291351109e-06,1.539684904094992e-05,7.591736482830124e-08,0.004037898604770224,4.5475358931105444e-08,1.3726227917495392e-06,0.0010840632997423316,1.358311059280451e-05,9.85909522909882e-07,0.002947413563049692
49,1.0053874777958497e-05,4.136128128161918e-05,1.4929038333563519e-07,1.9253846410606862e-05,0.000318306518172685,0.0028163370351462443,9.446036451660767e-05,3.913883809380845e-06,0.019453042802884374,1.5316572465706936e-05,0.005260114971889152,6.502824271631897e-06,5.255532645118718e-07,4.7314678871940625e-05,0.9625454177849776,5.8180538350226714e-06,6.097108034267808e-06,1.6626875321953802e-07,0.0019863385858651466,1.3467496303271157e-07,2.141548441183311e-06,0.0009386648645296184,2.1298365563485277e-05,3.3844290399352965e-06,0.006403884817851754
50,4.061336378502704e-06,4.486859077570765e-05,7.958402976501764e-08,1.4616153026305854e-05,0.00018455980295473863,0.0015951395348683948,8.502022373011989e-05,3.1543793589430027e-06,0.016915422027997274,1.9271999283524992e-05,0.0026881212031109954,3.069139133445282e-06,4.5718595828409774e-07,4.8615135311168026e-05,0.9696928158309149,3.904157427391086e-06,3.343478282496151e-06,1.0058296641390555e-07,0.003275129724478903,9.032924317925357e-08,2.1407783087696963e-06,0.0009966636912947721,1.0604546868419476e-05,1.616057134567035e-06,0.004407134527163176
51,4.205095639976765e-06,0.00013821416607205563,4.591954556530953e-08,2.880119618772087e-05,0.0001255589171437566,0.0005762933565663067,2.884498424011429e-05,4.321610834296873e-06,0.00758021985733861,1.5673660901201476e-05,0.0027590601621321534,4.456224121250328e-06,3.878805515743951e-07,5.2866684036137024e-05,0.9820309143849495,2.916301487142331e-06,3.876433609072214e-06,7.085681533812953e-08,0.00219769423545148,4.87474350877618e-08,7.652684436213296e-07,0.001332277561834182,4.5229038463715266e-06,7.806831005191485e-07,0.0031071829077170764
52,5.56440158897992e-06,3.054308180819298e-05,7.683589069510313e-08,1.7556066284122284e-05,0.00018798856605357108,0.0017131864852628082,5.304774639547082e-05,2.566226789110195e-06,0.013246682171363884,1.4712360732107074e-05,0.003084967114406139,2.8572523883701502e-06,3.4915500302534446e-07,3.373136790019425e-05,0.9746612087749806,4.258611985915308e-06,3.83962583891698e-06,1.3545401830658998e-07,0.002432034241990923,9.168094365999845e-08,1.4906420225404868e-06,0.0006723672399974225,1.5391801379349316e-05,2.082761753584646e-06,0.0038132703332220833
53,5.588181746705044e-06,2.004327504240899e-05,6.403825965617911e-08,1.1038807932240697e-05,0.0002240934258952447,0.0021435782316527744,0.00016000663195955185,2.6040404564913564e-06,0.018717673678608566,5.512207996556884e-06,0.004157140336078462,6.024817206080219e-06,3.131809925096543e-07,3.247173798376688e-05,0.9665772804895609,3.7411750412448127e-06,3.110157964972978e-06,1.1357494486669321e-07,0.001740498291925321,8.08213394749587e-08,1.6313987340295754e-06,0.0005706999498849458,1.8197980482258916e-05,2.079144345990379e-06,0.0055964144239648616
54,1.714335238180661e-06,3.8352493701166904e-05,5.103437711504038e-08,5.107649388686915e-06,9.725566785847996e-05,0.0005514701333708052,2.401407672515092e-05,1.1016274722199244e-06,0.012816286481931031,1.0307192182409123e-05,0.0012035689067028611,4.251590736525036e-06,1.2723128583874855e-07,4.8032264466010876e-05,0.9733637537404817,3.914461018590516e-06,2.0872149599016063e-06,2.112496001086198e-08,0.0006857194173808058,5.3908712055133365e-08,4.4288994644067755e-07,0.0004595499575599638,5.065395228101998e-06,1.6158112826883457e-06,0.010676135393033356
55,1.1047936268759654e-05,3.0008753416087095e-05,1.0590534713511349e-07,2.446743048204748e-05,0.0007184416976800539,0.0025607188194956064,0.00026679160775709086,2.3374357897312545e-06,0.04634683608183784,5.584960896186273e-06,0.006544720737133567,1.7677499668616497e-05,6.304892122693482e-07,4.352261797123767e-05,0.9313944239861579,5.319646350055141e-06,3.5711671261768827e-06,1.985605244041939e-07,0.0022356116765581665,1.1233352019898073e-07,2.0957744542545395e-06,0.0006607370693264281,2.7636202998597916e-05,9.327409482193901e-06,0.009088074200545266
56,6.78841042673371e-06,3.8793273887520695e-05,9.277029052609503e-08,1.7399110167475535e-05,0.0002570699878346744,0.0016666791850095657,7.2127233657882e-05,2.689998729800323e-06,0.014627209905572484,1.2438844737787207e-05,0.0040402858790459266,4.117435736668517e-06,4.265508352253894e-07,4.0599139041630554e-05,0.9710467638843512,4.236623730628447e-06,4.937958113439615e-06,1.294155014957548e-07,0.002381923118427387,9.574376179316174e-08,1.9902967162916027e-06,0.0007847421527556596,1.68365157266085e-05,2.652503398467839e-06,0.004968974062543123
57,6.144721659263501e-06,5.979833958024643e-05,8.908494275423772e-08,1.6413561956924323e-05,0.00022199403693750613,0.0011986741292207277,9.311082117335479e-05,2.9194938982792556e-06,0.012272214647751635,1.3027201927030172e-05,0.0040291713563514325,4.569492939336642e-06,6.374591884462933e-07,3.797124096079173e-05,0.9708577462689373,5.761118140735883e-06,5.909174679069439e-06,1.224584004159512e-07,0.004833884065397089,8.627049775594524e-08,3.2440146109697947e-06,0.0010624149125140754,1.2104839755962114e-05,2.8662517626054707e-06,0.005259125036816299
58,6.566121493831832e-06,3.749251513616571e-05,1.0420472629709629e-07,1.8463852551568238e-05,0.00032580538765211926,0.0016818167995299679,7.659046282020649e-05,2.1248135555100177e-06,0.017387260097767178,1.2453886342953735e-05,0.003893460145451333,4.259226755915272e-06,4.672533809755852e-07,4.093138935243267e-05,0.9676994076322168,4.6306950986566735e-06,4.879000539599879e-06,1.2970900561414167e-07,0.002393587404666691,1.1618435075147816e-07,2.181274181291312e-06,0.0006723813570359131,2.0437794205587784e-05,4.215657511107759e-06,0.0057102371346715915
59,7.0348253769300664e-06,4.2031323472799136e-05,1.356243791562368e-07,1.8838039434711473e-05,0.000348610433443457,0.001842619249820139,7.685255744235856e-05,2.479816894325039e-06,0.01847654410912589,1.610509885941708e-05,0.004088128924606063,4.374669096726471e-06,4.827372258583507e-07,5.088438012517706e-05,0.9652992763765194,5.491957960168275e-06,5.846606335198527e-06,1.5136056396678337e-07,0.0024101465943190408,1.3847673754713694e-07,2.6224202306489352e-06,0.0006909061807749194,2.3530276718005928e-05,4.584554858829072e-06,0.00658218340567936
60,6.308568847875687e-06,3.702538589078666e-05,8.991725606031395e-08,1.698096951979043e-05,0.0002516728425788229,0.0016723324731725932,6.740113590214659e-05,2.592240973848868e-06,0.01426366170769266,1.2568861587878818e-05,0.003847842336263921,3.83787094437627e-06,3.810357323732114e-07,3.9592313250819235e-05,0.9718002857368849,4.190822763348698e-06,4.8349140039209215e-06,1.2442018633071614e-07,0.0022935719442652475,9.160988305640957e-08,1.8938547407270557e-06,0.0007236512445104385,1.6911210785228787e-05,2.5155974558997983e-06,0.0049296409849067194
61,8.167456137992232e-06,4.216384038143834e-05,1.5507767741027147e-07,2.0016138189347317e-05,0.0003906642446809039,0.0020440610605112768,8.567976203909981e-05,2.7180684635945908e-06,0.021586308697641818,1.711459819100224e-05,0.0045295898321438075,4.7780482656827305e-06,5.297710624184489e-07,5.6044610946874336e-05,0.9609850277191713,5.5910133083765255e-06,5.9007534883455625e-06,1.7478043809068097e-07,0.0024877525608375515,1.4838441664541003e-07,2.8992613507406017e-06,0.0007290121375648626,2.6016749675061212e-05,5.170147743544232e-06,0.006964315285672769
62,6.308568847875687e-06,3.702538589078666e-05,8.991725606031395e-08,1.698096951979043e-05,0.0002516728425788229,0.0016723324731725932,6.740113590214659e-05,2.592240973848868e-06,0.01426366170769266,1.2568861587878818e-05,0.003847842336263921,3.83787094437627e-06,3.810357323732114e-07,3.9592313250819235e-05,0.9718002857368849,4.190822763348698e-06,4.8349140039209215e-06,1.2442018633071614e-07,0.0022935719442652475,9.160988305640957e-08,1.8938547407270557e-06,0.0007236512445104385,1.6911210785228787e-05,2.5155974558997983e-06,0.0049296409849067194
63,6.030220962818991e-06,4.5376497745034304e-05,8.39392814971927e-08,1.7301074888198425e-05,0.00022519413261860643,0.0014909751678282572,6.05607029915561e-05,2.660888291689903e-06,0.013005420959453838,1.322732317275595e-05,0.0036239416258701746,3.920133781412467e-06,3.8345861190185124e-07,3.993716481700437e-05,0.973368496620819,4.308074557879098e-06,5.13424214150314e-06,1.1276416012573161e-07,0.00235691729403104,8.542550660918015e-08,1.7559330455644519e-06,0.0007953855161239177,1.5005028928575812e-05,2.3404650292819497e-06,0.004915445345341547
64,8.406204754111309e-06,4.8243432660098373e-05,1.4375246083655473e-07,1.938773803759404e-05,0.000348766501827483,0.0017571093592298902,9.719360493868358e-05,3.374534382286841e-06,0.015716621257446797,1.545254722491764e-05,0.005276972028675652,4.677260263174198e-06,5.686781839039356e-07,5.822375692637111e-05,0.966371965182982,5.352500299600516e-06,7.36338274898442e-06,1.9257240817661252e-07,0.0032147083829835266,1.2766826991513604e-07,4.0249684405306825e-06,0.0008508802810613156,2.3728290271124273e-05,3.574126306936266e-06,0.006162941987216376
65,5.0243043529571684e-06,1.0616049256782955e-05,2.806434546604579e-08,1.82591876693456e-05,0.00017197088843908835,0.0025494708076952703,7.003760623289534e-05,1.736376323582384e-06,0.004510501992361659,3.9613223934898585e-06,0.0034545234576508024,1.8468036263106467e-06,1.741835864979599e-07,6.210984363771748e-06,0.9842496658082422,2.787991579868266e-06,4.361044661270521e-06,1.1219904385636906e-07,0.003095289067838748,3.357225624319282e-08,1.2037052479021308e-06,0.0003489084063962316,1.8616085406028515e-05,9.51763523546158e-07,0.0014737083275060475
66,4.004097944547646e-05,7.177485989829364e-05,7.353090069072745e-07,2.9034721795928196e-05,0.0008980894013469779,0.0022415380419529545,0.0003163426303414555,1.5089122295411297e-05,0.0398872625896199,2.9563174348617925e-05,0.017178946085979096,1.2616519772070893e-05,3.824923110150351e-06,0.00016831344145787805,0.9257638190248837,8.167137747190675e-06,7.358920711220711e-06,6.897527178848117e-07,0.0034849884339244065,5.139865592158026e-07,1.0267240624604455e-05,0.0024968186088186314,1.609865082562732e-05,6.044385496280244e-06,0.0073120620573201974
67,8.399089903737756e-06,4.0449790232218385e-05,1.6375011908068942e-07,2.262919180358024e-05,0.00033445375012354614,0.002084127356526388,8.219936230135167e-05,3.2693145557808396e-06,0.015185116309842699,1.8099537698999235e-05,0.0047549645830206036,4.0112731371917135e-06,4.912777479673082e-07,5.760799043924375e-05,0.9679828300447276,5.7420704640207956e-06,7.865657892646536e-06,2.255635320561129e-07,0.0027939447053081452,1.4929599531767446e-07,3.629756199165374e-06,0.000652065619703876,3.3679607831008616e-05,3.919778817365509e-06,0.0059199653220763995
68,6.10077000237333e-06,3.199789763678653e-05,2.2771530871807658e-07,1.9927586438204544e-05,0.0005531510602688694,0.002545598631804329,8.347086796339034e-05,1.9613809903670078e-06,0.04464756203547129,2.174770634485535e-05,0.0037126043265918716,5.796751266937542e-06,3.8102730783783734e-07,0.00011419928373208823,0.9352686480637197,4.298888549020548e-06,3.910448304808051e-06,1.6059985079160434e-07,0.0011197309664965455,2.18136053373324e-07,2.0781684393570954e-06,0.0004339999253148105,4.008025000915336e-05,7.423459781740363e-06,0.011374724052353074
69,1.0891055422815808e-05,5.050878249014914e-05,6.094377841838713e-07,2.7476116512868986e-05,0.0005037873867047022,0.003487111340868418,0.00019690051374525935,7.761217665100305e-06,0.03891392589106582,5.1088331340175494e-05,0.00621767708884477,6.9983978405514e-06,9.038165299403725e-07,0.00023189820169923308,0.9319415599598444,1.2989369797729216e-05,9.738003301604777e-06,8.199470791196309e-07,0.004196078290816107,5.14073157850663e-07,1.3886882594390934e-05,0.0006741628766629316,8.723112994548684e-05,9.569107614849575e-06,0.013345912780671555
70,4.6999155178789855e-06,2.1063418367052747e-05,7.143477146120951e-08,2.1639902353186052e-05,0.0005241938810335355,0.0017056605540486506,7.887424012659536e-05,1.6595073176913368e-06,0.02083771725824185,6.840618253452459e-06,0.0036632581496175653,3.3781519315446256e-06,2.5618056879276074e-07,3.6330293231189716e-05,0.9673746590808002,1.7538755231592827e-06,2.6013157519033437e-06,8.444240086837865e-08,0.001244611695400519,7.790136303039367e-08,1.2441707857858457e-06,0.0003979713265063887,1.94781086966021e-05,2.453147005829324e-06,0.004049421430385584
71,6.44524470327367e-06,0.00014656794097752494,1.2511187707039884e-06,3.340545968439336e-05,0.005500443807347257,0.002505580504883201,0.0006729462688893822,8.392130118335632e-06,0.348590110673049,0.00010006262412215271,0.00806420716462275,1.2084692500492384e-05,1.506085652517608e-06,0.0024247218501265927,0.5914584199094177,1.0906017948180533e-05,8.043220085402401e-06,1.8049718805019197e-06,0.0036550395143814486,2.147479219608296e-06,5.83720244155561e-05,0.0006880782623959448,0.0001779517487865978,4.285251032998186e-05,0.035828658775691594
