,0,1,2,3,4,5,6,7,8,9,10,11,12,13,14,15,16,17,18,19,20,21,22,23,24
0,1.6385592596449167e-07,0.0014992922801370199,1.435549180950427e-07,7.965291001105097e-07,0.0005053255749959704,4.156228732320214e-05,2.2124437897841074e-08,4.832943399988129e-07,0.004346763837702515,1.878773292509976e-05,0.013356261513938036,2.4712228486035363e-07,4.187768006991374e-12,2.516600056586717e-05,0.9778082491511937,1.495515135574818e-08,1.2934934150337307e-08,9.615528927069414e-06,6.647690834844402e-06,3.657879509296997e-08,2.4333627453055812e-06,2.100072693719876e-06,0.000916178253938146,1.620570236858261e-09,0.0014596941374339374
1,1.8552875113895667e-07,0.001943472337739873,2.2310316572390895e-07,5.303241642088176e-07,0.0007090814500044239,3.681997917699832e-05,1.8394170597202628e-08,4.212041830017269e-07,0.005199588723365664,1.9018771742932434e-05,0.012742676535522211,2.022782239895196e-07,3.546344421302683e-12,2.1589645743322884e-05,0.9770896101688764,1.27831383184475e-08,1.1969690441191882e-08,5.363646309704366e-06,9.977167041887026e-06,2.697330227738943e-08,2.1436940151458124e-06,2.074482569959549e-06,0.0006637491099072414,1.415915303440504e-09,0.001553200309732984
2,4.897041769136364e-07,0.005490703983272112,2.734320956067305e-07,2.499149268715043e-06,0.0006564694381936899,0.00027641266664417256,1.7067651681293567e-07,7.987415637462144e-07,0.004684029990553225,2.498966927539211e-05,0.00857673298754093,7.784905765966421e-07,1.1463844250775161e-11,5.432286008964227e-05,0.9743466775462617,1.0558768374716261e-07,9.25348149777399e-08,3.77950411142769e-05,3.835851376462013e-05,3.835401232912636e-08,8.026387376747774e-06,1.7727202954480934e-05,0.002239668281202451,1.7184039911667685e-08,0.003542821565543214
3,1.1676884671266674e-07,0.0016239720392097255,1.1242114975077535e-07,3.844619925630948e-07,0.0004188769783377669,2.7327922639094368e-05,1.759526109822495e-08,2.737215613627295e-07,0.002391773540992127,1.0880968206699335e-05,0.00987324998876801,2.2093455198213115e-07,2.290685657828681e-12,2.8465208182242606e-05,0.9831860068789802,7.84550229350127e-09,1.0837973449112597e-08,6.28359713706954e-06,5.1598847458611195e-06,2.2693858874227505e-08,2.0801890738996986e-06,1.867625687871549e-06,0.0006963424197203054,1.489461001175015e-09,0.001726543985869131
4,1.3353756813016012e-07,0.0016780291370347186,1.212997355989528e-07,4.0421549565267406e-07,0.0004448154054595481,2.860462390189629e-05,1.888769674692218e-08,2.9607105502663436e-07,0.0022974082533103756,1.17324101894428e-05,0.010067954030520108,2.2699306499612964e-07,2.936014609246126e-12,3.292712917527691e-05,0.9829742739005595,8.861904109459347e-09,1.1865223148556611e-08,7.132840159709935e-06,6.064917920145099e-06,2.5718768602229105e-08,2.1001067638045035e-06,1.8346498186267735e-06,0.0007115590202362428,1.7821841172227087e-09,0.0017343143393185555
5,1.1876005178464995e-07,0.0017864432885262333,8.821008070274577e-08,5.06890939170616e-07,0.00035297331187703084,3.19594208833615e-05,1.5813882050316123e-08,2.920022689289586e-07,0.002200946906047487,9.987098531178707e-06,0.009828810934886177,1.9736667540212006e-07,2.599820567596872e-12,2.7011995287132868e-05,0.9835122831715379,9.063026367743338e-09,1.0735535667832637e-08,9.607962750787902e-06,5.453314353750137e-06,2.55943508998312e-08,2.095278393390312e-06,1.9243365507783256e-06,0.0007618933025954241,1.5316656710748682e-09,0.001467343706702795
6,1.1676884671266674e-07,0.0016239720392097255,1.1242114975077535e-07,3.844619925630948e-07,0.0004188769783377669,2.7327922639094368e-05,1.759526109822495e-08,2.737215613627295e-07,0.002391773540992127,1.0880968206699335e-05,0.00987324998876801,2.2093455198213115e-07,2.290685657828681e-12,2.8465208182242606e-05,0.9831860068789802,7.84550229350127e-09,1.0837973449112597e-08,6.28359713706954e-06,5.1598847458611195e-06,2.2693858874227505e-08,2.0801890738996986e-06,1.867625687871549e-06,0.0006963424197203054,1.489461001175015e-09,0.001726543985869131
7,2.959325229501267e-07,0.0017713858810927787,2.4107478717193316e-07,6.474773116680483e-07,0.0007308013820628539,2.7356542257453865e-05,2.9226858373116606e-08,5.104468359446319e-07,0.0035748575276392134,2.6595999743523527e-05,0.01802278948289106,2.853612466515604e-07,5.5327610402776084e-12,3.867629008645433e-05,0.972922230601314,1.1268740141190266e-08,1.7726882667449008e-08,5.8291754166447875e-06,9.590912960046087e-06,3.5213193886660336e-08,1.7535719658834328e-06,2.6224741855240904e-06,0.0006005146741384683,2.1235916417226065e-09,0.0022629196267423754
8,2.1687206459418528e-07,0.0011213806122553896,3.096596801725096e-07,4.1344273434719806e-07,0.000546408698293996,1.899263395570921e-05,2.9441260311731427e-08,2.389446304366395e-07,0.002115413631653854,2.7881729199375012e-05,0.01377204179255464,4.3153629965564366e-07,3.292371124913752e-12,7.790061653295092e-05,0.9768885147014883,7.052268215894905e-09,1.9617180119271057e-08,3.3742031134434412e-06,4.243938680479251e-06,3.626673519966128e-08,3.649905147025074e-06,1.7990452335319461e-06,0.0012918151177572018,3.638305819944843e-09,0.0041248768996826
9,1.0073165799513237e-07,0.001008733378136628,1.105297286897449e-07,2.4562088692550963e-07,0.00027829094621854313,1.1733019795962596e-05,1.147707331075215e-08,1.3870748534493147e-07,0.001443253615781493,1.3682863370300082e-05,0.009885428043680016,1.9657582875682842e-07,1.2099647565445706e-12,4.151431316479418e-05,0.983761624878998,2.96423872198469e-09,8.287938180744049e-09,2.4854278082784337e-06,2.3691220409945554e-06,1.710781070868128e-08,1.9516489246964823e-06,1.0886757910731902e-06,0.0008855272285769672,1.464148167649314e-09,0.0026614833697054183
10,1.1676884671266674e-07,0.0016239720392097255,1.1242114975077535e-07,3.844619925630948e-07,0.0004188769783377669,2.7327922639094368e-05,1.759526109822495e-08,2.737215613627295e-07,0.002391773540992127,1.0880968206699335e-05,0.00987324998876801,2.2093455198213115e-07,2.290685657828681e-12,2.8465208182242606e-05,0.9831860068789802,7.84550229350127e-09,1.0837973449112597e-08,6.28359713706954e-06,5.1598847458611195e-06,2.2693858874227505e-08,2.0801890738996986e-06,1.867625687871549e-06,0.0006963424197203054,1.489461001175015e-09,0.001726543985869131
11,1.3877893213243468e-07,0.0016270890499004446,1.2883072404880316e-07,4.244442365459706e-07,0.00044842280897656295,2.991574771117653e-05,2.0750182001198782e-08,3.426521811802013e-07,0.0025644191759996975,1.3169523362969396e-05,0.010404358902656076,2.481239817910307e-07,3.165271123500454e-12,3.079645792391731e-05,0.9824605285182249,9.570347843214407e-09,1.2789819046298403e-08,7.236505734437834e-06,6.275366159989639e-06,2.6205008192462947e-08,2.0985259089324235e-06,2.066437865918426e-06,0.0006868677044128521,1.8211019850692177e-09,0.0017154013054822904
12,9.558054247204398e-08,0.0014206635926378277,8.167688688307712e-08,2.5405498409005893e-07,0.0017956667675489105,4.105324297311975e-05,4.147111416751881e-08,5.528856644466979e-08,0.0021643291113506618,6.0805086981272985e-06,0.008865539064897019,2.1123389429302378e-07,1.7086650436341632e-12,0.00016981201690345548,0.97485833906159,6.2659343423091834e-09,1.3512920506904888e-08,1.6679119022463398e-05,2.8943369403156093e-06,6.036737522313946e-08,5.583569345599711e-06,5.984794295179757e-07,0.004606697160207205,3.643140716272986e-09,0.006045240871388191
13,9.989097050683482e-08,0.0004228268714490507,8.620508642902784e-08,2.3007399784210373e-07,0.00020986328229391507,5.540523107444864e-06,7.855720271635144e-09,1.9447351840671356e-07,0.0010444738595236514,7.691192684888684e-06,0.018490214498249998,2.401108816984314e-07,1.689721575562775e-12,4.0032821828779135e-05,0.9783586262113341,3.7930626678432864e-09,5.213085418400972e-09,3.2532861010544745e-06,1.2865591348976246e-06,2.2050606008768234e-08,1.5341869741932682e-06,5.527326609585086e-07,0.0005139571244944013,5.415207237393161e-10,0.0008992566400227361
14,9.905054920434872e-08,0.0042509312458868555,1.233614742660292e-07,5.097864005135374e-07,0.00061765370788229,3.771434533624064e-05,7.270666544501673e-09,1.974454978234095e-07,0.0023558137783770373,7.336078775100948e-06,0.012221900348205092,8.513544622162402e-08,3.0271792665511942e-12,1.4507560900522878e-05,0.9789494712083556,9.096149136661325e-09,7.337210321049713e-09,9.104544756275475e-06,1.0768808299321006e-05,2.7665008291523487e-08,1.7988907405364216e-06,1.577851619764864e-06,0.0006026604375995654,8.5854225821762e-10,0.000917694183293946
15,1.1676884671266674e-07,0.0016239720392097255,1.1242114975077535e-07,3.844619925630948e-07,0.0004188769783377669,2.7327922639094368e-05,1.759526109822495e-08,2.737215613627295e-07,0.002391773540992127,1.0880968206699335e-05,0.00987324998876801,2.2093455198213115e-07,2.290685657828681e-12,2.8465208182242606e-05,0.9831860068789802,7.84550229350127e-09,1.0837973449112597e-08,6.28359713706954e-06,5.1598847458611195e-06,2.2693858874227505e-08,2.0801890738996986e-06,1.867625687871549e-06,0.0006963424197203054,1.489461001175015e-09,0.001726543985869131
16,1.0496068129985084e-07,0.000652656262612876,1.349884945855934e-07,3.845667296454708e-07,0.00026473403113769846,2.1171648887095543e-05,1.904782481287676e-08,2.906184167059115e-07,0.0008966774563045238,7.301173525954466e-06,0.011114150844480922,3.594875764061359e-07,4.0200035514663164e-12,4.594032830494401e-05,0.9855268893162125,1.6199629087470634e-08,1.044427648286783e-08,1.2615744357096152e-05,3.3997892135071527e-06,3.998411620581509e-08,4.435818818122877e-06,1.0301694382972707e-06,0.0007982468406468545,1.8376145002041598e-09,0.0006493884366800446
17,2.6122464463022075e-07,0.0012545745720665366,1.7396720268076004e-07,5.839372504179076e-07,0.000663330496350774,1.725119094129208e-05,5.285603307692183e-08,3.6550238189786614e-07,0.002749382448052013,1.2109988792169556e-05,0.018359853610063495,6.572153779022739e-07,3.400403372648822e-12,8.614792109550641e-05,0.9718163735416347,8.81979295358172e-09,2.0501106354548924e-08,5.152006142591177e-06,2.8472085677809524e-06,3.2839832383912404e-08,2.8778774347225717e-06,2.634158198922676e-06,0.0009449855662684542,2.083618501469913e-09,0.004080320463749772
18,2.828672107389845e-07,0.0029481524026695417,9.368252953869286e-08,3.367516348050604e-07,0.0007226812249453699,2.352771184350164e-05,3.7394807325319117e-08,1.8470132145220104e-07,0.003045769218193894,1.2569482391415198e-05,0.012608731205409207,2.1149587766809012e-07,1.8454422134325556e-12,6.0652106018512906e-05,0.9703692519867039,4.1136837583335425e-09,4.241940879927613e-08,7.276247339885649e-06,7.934692946271851e-06,2.040274254158043e-08,1.913650260516235e-06,4.179149966360807e-06,0.0011160314394713991,2.85717087412576e-09,0.009070112793607558
19,2.1965225860586016e-07,0.0015321819854165562,2.9938939975806005e-07,8.059800274690972e-07,0.0008076573987224754,6.115468299047409e-05,6.289066787592503e-08,7.949033911610279e-07,0.005187440080162965,4.5808244730652694e-05,0.014313561856461694,6.456216493012166e-07,7.395812916008853e-12,3.252128915734671e-05,0.9744265518285489,1.7427334560121724e-08,2.441955429995657e-08,6.4759909729561615e-06,7.99336615311508e-06,5.0671025829113696e-08,2.8601386729465246e-06,4.712725153063637e-06,0.0007892658871631346,3.5765605791160963e-09,0.002778889986428339
20,3.07465403511044e-08,0.0012985667398984471,3.83535617782975e-08,1.7237089625674338e-07,7.673161690659809e-05,1.50122995309547e-05,4.327816042268423e-09,2.1155233702629782e-07,0.0009135882891394088,3.666544244798995e-06,0.00428292522249541,1.6794242516139317e-07,8.092574337880719e-13,8.231120060965789e-06,0.99256330188267,3.571553414166118e-09,3.6860711402289115e-09,3.4790352700882307e-06,1.8639179886869025e-06,7.548406896224092e-09,1.5121301826591425e-06,1.5778909259461773e-06,0.00029029647503219533,5.448160288833032e-10,0.0005386061904204943
21,1.3317460410745848e-07,0.0009210013566795729,9.812409814267771e-08,4.924249036226893e-07,0.0002586192020539453,1.3458313858152372e-05,1.0226109842245054e-08,2.3297490869665984e-07,0.0014818058793743842,6.649380596261491e-06,0.01528328240041512,2.3290450511332098e-07,2.26585377899112e-12,3.88524636085153e-05,0.9803794207277465,8.5171911488374e-09,5.776688878104042e-09,6.180444864004378e-06,2.647363422652432e-06,2.641945144966011e-08,1.976703456927222e-06,8.693719305797511e-07,0.0006813054450069871,7.843140048272878e-10,0.0009226896179452372
22,1.696268198846659e-07,0.000982373276385194,1.6538975476709764e-07,6.634100030177623e-07,0.0004244134940392451,2.068313444598756e-05,1.895316125028334e-08,3.3649022619562606e-07,0.002105992910370309,1.769734118357603e-05,0.023384302776266134,2.471076049406035e-07,3.877008753885829e-12,3.3062356554752835e-05,0.9706969870723843,1.0935148583684052e-08,1.9781799284382693e-08,1.0425097407700737e-05,4.57582892139826e-06,5.0107000811681074e-08,3.036735518237707e-06,1.8447208209191604e-06,0.0009335585535420137,1.380683353955703e-09,0.001379363516081253
23,1.1676884671266674e-07,0.0016239720392097255,1.1242114975077535e-07,3.844619925630948e-07,0.0004188769783377669,2.7327922639094368e-05,1.759526109822495e-08,2.737215613627295e-07,0.002391773540992127,1.0880968206699335e-05,0.00987324998876801,2.2093455198213115e-07,2.290685657828681e-12,2.8465208182242606e-05,0.9831860068789802,7.84550229350127e-09,1.0837973449112597e-08,6.28359713706954e-06,5.1598847458611195e-06,2.2693858874227505e-08,2.0801890738996986e-06,1.867625687871549e-06,0.0006963424197203054,1.489461001175015e-09,0.001726543985869131
24,1.775882898951646e-07,0.002202613743842911,1.2695998241752732e-07,6.922822880484969e-07,0.0005685085138132506,2.890727939052736e-05,1.877347530676708e-08,3.107633790879848e-07,0.0026190220393548977,1.2126216469804327e-05,0.014377576143988028,2.639633481371329e-07,3.369264911193357e-12,3.985264159925868e-05,0.9771285697224457,9.193885322512838e-09,1.2447325649233277e-08,7.853711368824269e-06,5.572539730114287e-06,3.3926277843338005e-08,2.057658717940858e-06,2.1320783282181072e-06,0.0008074655162191405,1.56966078296091e-09,0.00219609472344968
25,2.6656507766150914e-07,0.0004784016088178898,1.6181817251566118e-07,6.201462253308078e-07,0.000481203574172452,1.0799070666858817e-05,3.556484789086401e-08,5.185132707641012e-07,0.002042727640366225,2.012478904271576e-05,0.03408266160103901,5.455341258718816e-07,5.583359544019069e-12,7.111286745897299e-05,0.9604550582480893,9.248653385253632e-09,1.4519433345416562e-08,6.19405497271851e-06,2.2032197744462507e-06,5.069627525593793e-08,1.8712793685655913e-06,1.3404112912669497e-06,0.0006545191029305106,1.2822108020567638e-09,0.001689558638132933
26,2.3556177135763803e-07,0.0022047073329440345,1.3105989603375366e-07,5.395576678864829e-07,0.0008775374375605767,7.56303571760003e-05,3.346954910844533e-08,3.220580443344772e-07,0.007092616509864647,2.513446560094956e-05,0.009739505224326686,1.7466142092761772e-07,3.866369038525965e-12,3.0348926358630055e-05,0.97479176217217,1.3130484199122563e-08,2.8959927148662077e-08,1.5114391441290419e-05,1.4083129487704188e-05,3.2776787361618526e-08,3.2954143498806823e-06,2.755229718001722e-06,0.0018528975195774458,3.6076168369977178e-09,0.0032730970423927083
27,8.858206112463565e-08,0.0022542083061951,6.20360826503461e-08,3.292627933807265e-07,0.0002688618708387553,2.3830558240536768e-05,1.1147942532999786e-08,2.638810938915417e-07,0.0028868431361072,8.15972898048633e-06,0.007708927255805994,1.5717725827690072e-07,1.2129258063543669e-12,1.5045870235481106e-05,0.9845579495233047,4.627331356347048e-09,7.213424718953519e-09,3.848122294382146e-06,4.461873134203806e-06,1.1118505117745538e-08,1.0794798890230204e-06,2.357740627275189e-06,0.00044604206448834105,8.331411072954059e-10,0.0018174485890114144
28,1.1676884671266674e-07,0.0016239720392097255,1.1242114975077535e-07,3.844619925630948e-07,0.0004188769783377669,2.7327922639094368e-05,1.759526109822495e-08,2.737215613627295e-07,0.002391773540992127,1.0880968206699335e-05,0.00987324998876801,2.2093455198213115e-07,2.290685657828681e-12,2.8465208182242606e-05,0.9831860068789802,7.84550229350127e-09,1.0837973449112597e-08,6.28359713706954e-06,5.1598847458611195e-06,2.2693858874227505e-08,2.0801890738996986e-06,1.867625687871549e-06,0.0006963424197203054,1.489461001175015e-09,0.001726543985869131
29,1.1676884671266674e-07,0.0016239720392097255,1.1242114975077535e-07,3.844619925630948e-07,0.0004188769783377669,2.7327922639094368e-05,1.759526109822495e-08,2.737215613627295e-07,0.002391773540992127,1.0880968206699335e-05,0.00987324998876801,2.2093455198213115e-07,2.290685657828681e-12,2.8465208182242606e-05,0.9831860068789802,7.84550229350127e-09,1.0837973449112597e-08,6.28359713706954e-06,5.1598847458611195e-06,2.2693858874227505e-08,2.0801890738996986e-06,1.867625687871549e-06,0.0006963424197203054,1.489461001175015e-09,0.001726543985869131
30,1.1676884671266674e-07,0.0016239720392097255,1.1242114975077535e-07,3.844619925630948e-07,0.0004188769783377669,2.7327922639094368e-05,1.759526109822495e-08,2.737215613627295e-07,0.002391773540992127,1.0880968206699335e-05,0.00987324998876801,2.2093455198213115e-07,2.290685657828681e-12,2.8465208182242606e-05,0.9831860068789802,7.84550229350127e-09,1.0837973449112597e-08,6.28359713706954e-06,5.1598847458611195e-06,2.2693858874227505e-08,2.0801890738996986e-06,1.867625687871549e-06,0.0006963424197203054,1.489461001175015e-09,0.001726543985869131
31,1.7454810676165292e-07,0.0014930676943933528,1.880836497240344e-07,3.755285385439227e-07,0.0003366211904789515,2.033460677458312e-05,1.4233536165800757e-08,5.746683305047917e-07,0.0020964376011162844,1.0298614770895136e-05,0.009687462587746306,3.1901713399403243e-07,4.538729541412232e-12,2.606351463371953e-05,0.9849298469909306,1.2980778038706712e-08,1.3288769620924935e-08,6.738407497923818e-06,7.828372068366102e-06,2.076020535365326e-08,2.5083783705160054e-06,2.130711205606685e-06,0.00040627741762307287,1.5749766633985043e-09,0.0009726892238256492
32,1.3197793419214637e-07,0.0020403888783416,1.2078174125929938e-07,3.927638510483744e-07,0.0004421825099411769,3.0043114604116036e-05,1.641816840772866e-08,2.8526272185808506e-07,0.0024578438599985575,1.083798177528629e-05,0.00939946380772819,1.988658606130689e-07,2.617010636628788e-12,2.7735268195968595e-05,0.9831925650349526,8.69090900464915e-09,1.199871485896721e-08,7.119433966304666e-06,7.212352987991926e-06,2.221513058421037e-08,2.037291462807653e-06,2.052945294246225e-06,0.0006713633313123994,1.6702330127025774e-09,0.0017079635415569766
33,6.704257021673083e-07,0.01480306314220353,2.5804216798824295e-07,1.7823625022827527e-06,0.0008104657521210596,0.00027325789471459457,9.50677475521505e-08,1.2392814220610225e-06,0.0029887669915905257,2.351995434645973e-05,0.005425919850620064,6.631494245885348e-07,3.1095917935687525e-11,6.447635259922678e-05,0.9709432474141324,1.1348841572902921e-07,1.6742056531991305e-07,8.17543162076862e-05,0.0001571735773548339,4.507718609842111e-08,5.014016771819172e-06,2.8926907549579674e-05,0.0011139632476969813,3.627406942531639e-08,0.0032753799617920155
34,7.565290287729465e-07,0.001774198327049748,2.4606003724705796e-07,5.632214486107533e-07,0.0010129768293142064,1.2851189009457079e-05,1.6104822310624406e-08,3.8900590616506733e-07,0.003440694943341093,1.4792408702710714e-05,0.025622637336733662,1.513250809766055e-07,5.377033414894052e-12,6.71910214780288e-05,0.9656265382361457,1.0730189162230508e-08,1.6600915866406682e-08,7.746514137347454e-06,1.604009060849996e-05,2.8718211929124466e-08,1.4578923156437425e-06,1.281454150543763e-06,0.0005493651910825462,1.422597481582796e-09,0.0018500488423152314
35,3.2716473656942785e-07,0.004659023216899367,7.584147064428587e-08,7.753208220503911e-07,0.00038482626026344627,2.8133964285305298e-05,1.2298326923812968e-08,1.3359050944641377e-06,0.013784467768984588,1.1304819502334777e-05,0.011432438612337755,1.5187632374773936e-07,2.3388066780267935e-12,6.499938524931989e-06,0.9679092919379649,8.974749497763901e-09,1.0969046207549663e-08,4.92638825755333e-06,1.4909913147490811e-05,7.265302230441592e-09,4.998373240168769e-07,7.1529630209840575e-06,0.00017142261634404594,4.6379451195987484e-10,0.0015823956811377108
36,1.4279214514824273e-07,0.0011128540128909263,6.968238614947345e-08,3.4781812992654376e-07,0.00019502233554329634,1.7667088938722535e-05,4.015778590653371e-08,6.05278973830342e-07,0.00178763113671478,7.3014431427545294e-06,0.009794266506122406,8.311861584264571e-07,2.7075495831486805e-12,3.6700593319869226e-05,0.9845266548359172,9.421775713512442e-09,2.3084498614787955e-08,7.429223539152854e-06,3.143825631949842e-06,1.592983358854321e-08,1.7597852260035252e-06,5.392192833802715e-06,0.0004018537669077499,1.7220788887846896e-09,0.0021002361767976487
37,3.0774849905450836e-07,0.0012851819198723895,2.0518759481260218e-07,4.3763291726423757e-07,0.0006432839708553419,2.3778987929663442e-05,4.4446847003860275e-08,1.9307662335375782e-07,0.0011532509543642816,1.0997113540411326e-05,0.011890966403733917,3.858367654450362e-07,5.194215863535847e-12,0.0001684628071904125,0.9803016375069761,1.5116513366887102e-08,2.5474225692164156e-08,1.3660598947012676e-05,7.203222795982363e-06,4.4581057343009065e-08,5.01746541448445e-06,1.4204889494812666e-06,0.0016965909819397567,6.234727082188213e-09,0.002796882236526075
38,6.388502013164562e-08,0.0011926831791720953,8.092775458251296e-08,2.9109053376190944e-07,0.00021209045548398374,3.7893237780456266e-05,1.6978307557772807e-08,2.2840320896036466e-07,0.001435600193730733,7.09266417938037e-06,0.006024175558324869,1.9977739128603823e-07,2.115721025122993e-12,1.909912463136169e-05,0.9895255555321316,1.1677797097335178e-08,8.016557316455949e-09,8.97509926389263e-06,4.744024761554968e-06,1.8144621315368812e-08,2.8542008388416107e-06,1.5592059078836391e-06,0.0007490470226870132,1.690930217143631e-09,0.0007777099068683701
39,4.256709297012825e-08,0.002480970376892828,1.6674777564526656e-07,2.929687589497463e-07,0.00022606828017188667,7.593593680712184e-05,1.1401757404827258e-08,3.982155585427963e-07,0.0020808221401541296,5.269561611052496e-06,0.003076631315347728,3.650939270505464e-07,2.097299695437509e-12,8.569262548585214e-06,0.990714044039531,1.9003634085899185e-08,1.3360847985698981e-08,7.9853488226111e-06,7.450349868446113e-06,1.6029493494362338e-08,8.211287735811614e-06,3.83571069390226e-06,0.0006058599872444134,1.7472419364549403e-09,0.0006970192643847061
40,2.3435734480776317e-07,0.0017642422228452497,2.5615005843636366e-07,2.118433143095253e-07,0.0009453052063772322,1.1295344962356954e-05,2.1445583192918148e-08,1.538169859333752e-07,0.0016177761647021807,6.1384738532975e-06,0.013298778319496983,4.170048805493966e-07,2.2592114787417726e-12,9.343390220124643e-05,0.9781449481857737,5.4238552780767836e-09,1.3674631707403645e-08,3.0473101079114273e-06,4.332049423231731e-06,2.1945996447451695e-08,3.2181853985060142e-06,1.4311092793745415e-06,0.0007086955468897907,1.6648270541481727e-09,0.003396020648951897
41,1.2128023821154494e-07,0.0021574537196514974,6.748669388392912e-08,4.977147251402706e-07,0.0005201430559466021,2.052962122390655e-05,5.671480983370106e-09,3.066727218799817e-07,0.003625585714804253,6.902273820920651e-06,0.012400286242630757,8.296016793184346e-08,2.2915982596321853e-12,1.8094668333909164e-05,0.98009797484076,7.599374206600786e-09,3.5073803232617917e-09,6.612395528294616e-06,6.169515160051923e-06,1.9273870002511842e-08,8.297784014586192e-07,7.905410886955423e-07,0.0004006768393063045,4.673218204717945e-10,0.0007368381570776481
42,8.58140312072717e-08,0.007381811468906852,2.1319430137080612e-07,7.803409289967875e-07,0.00021227357673782795,6.351791873821542e-05,7.973155431543755e-09,1.025666038667326e-06,0.004318475135534508,6.993248154236477e-06,0.005348929224286686,2.7331220212926877e-07,2.4870495334517717e-12,4.031320500656766e-06,0.9817719885535834,2.3191596997102523e-08,1.3565349002649625e-08,5.284673516282225e-06,1.829258842309642e-05,1.0129634242034284e-08,2.5503614837264086e-06,1.1616986693728773e-05,0.00020270102053543109,8.56792774264491e-10,0.0006490998763876209
43,9.815583632762417e-08,0.0016802529711943172,2.2132436213540573e-07,5.682934378396375e-07,0.0004990581423216726,0.00012160009412337621,2.381868177893503e-08,5.816268227756101e-07,0.004137590887847389,3.278353059586477e-05,0.00564284988587951,3.0809805693202715e-07,5.296108455174412e-12,1.1276999964489613e-05,0.9857579090040843,2.1660914000314547e-08,2.343684979576999e-08,1.040216003555256e-05,1.1432441469909198e-05,3.866393265227562e-08,7.5458517107002985e-06,3.861565582600479e-06,0.0010786276781465517,3.6902502123329745e-09,0.0010029200126032446
44,1.1676884671266674e-07,0.0016239720392097255,1.1242114975077535e-07,3.844619925630948e-07,0.0004188769783377669,2.7327922639094368e-05,1.759526109822495e-08,2.737215613627295e-07,0.002391773540992127,1.0880968206699335e-05,0.00987324998876801,2.2093455198213115e-07,2.290685657828681e-12,2.8465208182242606e-05,0.9831860068789802,7.84550229350127e-09,1.0837973449112597e-08,6.28359713706954e-06,5.1598847458611195e-06,2.2693858874227505e-08,2.0801890738996986e-06,1.867625687871549e-06,0.0006963424197203054,1.489461001175015e-09,0.001726543985869131
45,1.0672940997111943e-07,0.0014483463268427385,1.0497091923227773e-07,3.6086711437353914e-07,0.00035603572256768027,2.861895568312368e-05,1.886465400824572e-08,3.448823243158051e-07,0.0023078930968817033,1.0977828419601072e-05,0.008663115743419785,2.3496638076543984e-07,2.579091063521618e-12,2.4293624665532702e-05,0.9852556658960823,9.114725460111357e-09,1.0090952100326396e-08,6.594551580707884e-06,5.30450171274118e-06,2.0946150525966054e-08,1.9337717083887783e-06,1.9676187338774636e-06,0.000564307680132811,1.5352597771399283e-09,0.00132373171109941
46,1.349772861071731e-06,0.00369129743058599,9.169674721599993e-07,4.075645416285765e-06,0.0013567739975932321,0.0002018197988964383,1.6221242519841443e-07,2.108026986825539e-06,0.007762918474483627,0.000105998183453792,0.02751376862593711,2.097285576060064e-06,3.540069336215562e-11,5.9849581965680815e-05,0.9512116980846089,8.764181689672922e-08,3.9195496504699013e-07,2.9702690282279895e-05,4.099637221690159e-05,1.3845558347430844e-07,1.5303837796876117e-05,3.317375605420227e-05,0.002067904159695571,1.5996002658013476e-08,0.005897451011923136
47,7.948720669864115e-07,0.003328789036654489,4.6139237261814824e-07,1.673298599252042e-06,0.0006933730924345919,7.670771190538184e-05,7.519834378389123e-08,1.2102387250046748e-06,0.004516784408556895,3.097285855016601e-05,0.014370625613938271,8.786496167535052e-07,1.473864690459896e-11,5.020632760250711e-05,0.9733489219157413,5.5596875593346224e-08,6.803876548477579e-08,1.5187303184500243e-05,2.9239584826821443e-05,3.960224544494814e-08,5.225686681776523e-06,1.1185643285974792e-05,0.0009166221762236339,7.504568928100783e-09,0.002600894233495432
48,3.744629854484617e-07,0.004699139343479876,2.2483557685688006e-07,6.615336182852992e-07,0.000758487993626392,0.00012914321823322852,4.963763553033928e-08,7.724687945851649e-07,0.004402323771793002,3.7969609175321015e-05,0.006673351171919458,3.482929928647613e-07,1.0162834076701177e-11,3.097596271175761e-05,0.9791054349760475,2.7282970271915546e-08,7.576714133682417e-08,1.9313757708881257e-05,5.0255279551083094e-05,3.044989855250599e-08,3.562131450886502e-06,1.001220785932079e-05,0.0009010237181685234,1.0872109282512652e-08,0.003176431244388763
49,8.825413635903054e-08,0.002407958976322696,1.7533823063489182e-07,4.875507640723098e-07,0.0003929919484401101,4.839706873190754e-05,1.9988023240212748e-08,4.281658288557949e-07,0.0029835821473513865,1.307854095034863e-05,0.007929235737321313,3.8345309033635503e-07,2.7385353509926566e-12,1.5775800333108116e-05,0.9839975332915534,1.0969967805614619e-08,1.3837132669536853e-08,5.414200405330659e-06,6.1015730589910705e-06,2.503729317193016e-08,3.08150106959148e-06,4.249322810165538e-06,0.0005751875711524936,1.6612344371190224e-09,0.0016157780620588457
50,5.583298320512982e-07,0.0007065246196449465,2.400870726307337e-07,6.397145277396792e-07,0.0009901137572899755,2.586286744448706e-05,1.1360212196700831e-07,6.576459085511793e-07,0.003289058956799027,5.4936196324430885e-05,0.02384272079260021,5.240837657856511e-07,9.55341361697512e-12,0.00012327612470250057,0.9659195386768448,1.4143724865702341e-08,3.2756019104171436e-08,8.45234733578656e-06,7.850231616544453e-06,5.7780780640362595e-08,1.78010351909101e-06,2.2642307673194057e-06,0.0008851333930246148,5.550500149079016e-09,0.004139643998279363
51,2.4879690582532287e-08,0.005426301367380052,1.7555536213819766e-08,4.6718525956388614e-07,3.614923349245571e-05,1.2428523460818748e-05,1.1086665348793398e-09,2.0031076127380383e-07,0.0010976420542648953,1.246409167158775e-06,0.0042438807054709015,7.780554862381642e-08,3.448083320903673e-13,2.761093353919423e-06,0.9885774506619198,2.315400887918795e-09,1.430270137215555e-09,1.948247795826932e-06,1.569607206217721e-06,2.910365826548207e-09,6.657399413341795e-07,2.6153728753301476e-06,0.00015918498227728584,1.233852506395467e-10,0.0004353603761644817
52,1.1149033309040208e-07,0.0014877364808760722,1.0254324024840177e-07,3.7836205466894283e-07,0.000388166553040781,2.741286704982575e-05,1.6177542730570497e-08,2.8355349121291304e-07,0.0023384860869459668,1.1431589908095352e-05,0.00970907818765449,2.084430410132964e-07,2.3172915111287993e-12,2.6340416514976733e-05,0.9838164144921603,7.621062281361066e-09,9.713443295941868e-09,6.418074949503877e-06,5.0202883763949564e-06,2.292586980105665e-08,1.9000179005476745e-06,1.724140026818084e-06,0.0006526377798413854,1.4106514014760425e-09,0.0015260907817079149
53,8.615123072078065e-08,0.00043292951518692294,1.1293566985609669e-07,4.3111279543429685e-07,0.0005078151059626074,2.3916392181738486e-05,5.567861668756227e-08,1.8921503311472273e-07,0.0020826968130193834,1.2790560636317752e-05,0.016700588232005962,4.2886423923253957e-07,2.4400037342125943e-12,6.281508521889047e-05,0.9761829124757856,9.509107203562462e-09,1.0733072560357476e-08,8.472030191415741e-06,1.2617359474040364e-06,5.408704725159205e-08,4.2117336581608284e-06,9.678213621720968e-07,0.0019466307854402768,1.7880425691884678e-09,0.00203061163610828
54,7.90176640284092e-08,0.0034073607799756426,3.3711016947854546e-08,1.8534562759198756e-07,0.0001892127878372286,1.610534184024797e-05,9.7911506045211e-09,1.348422592776554e-07,0.0017039442631429183,3.5800142014744805e-06,0.004275238123491443,1.1101348002333697e-07,5.657228316921711e-13,1.9667561262976745e-05,0.9873995288286164,2.6261267620257603e-09,4.799598446806426e-09,2.2098635162346667e-06,3.799361136564596e-06,4.305591727665843e-09,7.094764197212735e-07,2.0649045771264505e-06,0.00036164812138474514,8.843141605268617e-10,0.0026143642352018663
55,1.1003783427603893e-07,0.0009414639645043026,9.281616373990232e-08,3.983283237565979e-07,0.00041378760630611695,3.887386400851623e-05,4.381436887462591e-08,6.395285443449517e-07,0.003288629109306464,9.802772155859667e-06,0.007901257349596713,1.0439227483526376e-06,4.62124634339434e-12,4.264024192136997e-05,0.985007599379981,1.6389061777542452e-08,9.976607637767791e-09,1.0270056537453757e-05,3.108170130369354e-06,3.247294594577174e-08,2.15296347367274e-06,2.4492073612222815e-06,0.0006535021115758168,2.107011314873075e-09,0.0016820738049098528
56,1.298474154284075e-07,0.001646672087135758,1.2212714303095578e-07,4.288837285982309e-07,0.00043794349564760086,3.0369541846767365e-05,1.9658796429470012e-08,3.275135404288528e-07,0.002534866430246145,1.2438834297933438e-05,0.010175765327204782,2.4132724171691217e-07,2.9515770741528186e-12,2.9456625273843465e-05,0.9827170169287892,9.173556617919888e-09,1.1980366370275428e-08,7.130990906003137e-06,5.853555638537692e-06,2.6033711083617234e-08,2.1243462817025492e-06,2.008937671861882e-06,0.0006967559072561592,1.7071501102380966e-09,0.0017002787362022716
57,1.335136862360026e-07,0.00188469478725535,4.582004492696465e-07,4.045319534042718e-07,0.0009013493354083348,4.541999047025994e-05,3.0899506401221574e-08,4.967770315728957e-07,0.003638091151304558,2.0121256350877716e-05,0.010370149306837512,6.234631634957166e-07,5.531691514443039e-12,3.0401995551847916e-05,0.9804141272293377,1.64672797187689e-08,2.049137380278903e-08,5.140207073230161e-06,8.266850954689244e-06,4.5420713011615315e-08,4.887209537433679e-06,3.2823916090261687e-06,0.0007093011044222785,2.691216007261692e-09,0.0019625347219819596
58,1.3797704777670036e-07,0.0017448938291834565,1.3080643272443228e-07,3.9723431470075983e-07,0.0004679749725917803,3.91129597610079e-05,2.4025798962783597e-08,3.255962650390369e-07,0.002447951855182429,1.5103209187823518e-05,0.008279283608664242,2.741933500652162e-07,3.4138170214996806e-12,3.3454631313548796e-05,0.9841920165472501,1.0390700679560709e-08,1.5444793176128207e-08,8.347314186030542e-06,7.390023122909307e-06,2.705603437745093e-08,2.5823503026390685e-06,2.3593084243069292e-06,0.0008257505008712516,2.753997353814763e-09,0.0019324334078097665
59,1.370490386434493e-07,0.0017288970901140732,1.682890207608044e-07,4.122338304347433e-07,0.0005165155326868212,3.652444690371189e-05,2.433121887821456e-08,3.319004168406401e-07,0.0024550452607377394,1.4819354338933308e-05,0.009179534945305065,2.9800297731460714e-07,3.5588569593729486e-12,3.4228937347946344e-05,0.9833133450283832,1.1084954140834097e-08,1.583479474935213e-08,7.667527731586015e-06,7.127403042924515e-06,3.0183087837792696e-08,2.978895997019834e-06,2.3438957104156416e-06,0.0008181058565358127,2.5732359564737285e-09,0.0018814343390303706
60,1.1676884671266674e-07,0.0016239720392097255,1.1242114975077535e-07,3.844619925630948e-07,0.0004188769783377669,2.7327922639094368e-05,1.759526109822495e-08,2.737215613627295e-07,0.002391773540992127,1.0880968206699335e-05,0.00987324998876801,2.2093455198213115e-07,2.290685657828681e-12,2.8465208182242606e-05,0.9831860068789802,7.84550229350127e-09,1.0837973449112597e-08,6.28359713706954e-06,5.1598847458611195e-06,2.2693858874227505e-08,2.0801890738996986e-06,1.867625687871549e-06,0.0006963424197203054,1.489461001175015e-09,0.001726543985869131
61,1.3536449104711097e-07,0.0016949615594929147,1.6109413570946983e-07,3.7478605400389266e-07,0.0005149577875786454,3.296100197680007e-05,2.2459380422921147e-08,3.0309967950856224e-07,0.002477124110729263,1.372937303894878e-05,0.009332848295515816,2.7374221416500837e-07,3.1177999412066063e-12,3.3538340590735766e-05,0.9831744067797438,9.835118805174307e-09,1.4581109449439869e-08,6.808662161371111e-06,6.753475242731492e-06,2.719676924964138e-08,2.7599876709973536e-06,2.147669629359523e-06,0.0007884296466829772,2.2601368451377255e-09,0.0019172488877390245
62,1.1676884671266674e-07,0.0016239720392097255,1.1242114975077535e-07,3.844619925630948e-07,0.0004188769783377669,2.7327922639094368e-05,1.759526109822495e-08,2.737215613627295e-07,0.002391773540992127,1.0880968206699335e-05,0.00987324998876801,2.2093455198213115e-07,2.290685657828681e-12,2.8465208182242606e-05,0.9831860068789802,7.84550229350127e-09,1.0837973449112597e-08,6.28359713706954e-06,5.1598847458611195e-06,2.2693858874227505e-08,2.0801890738996986e-06,1.867625687871549e-06,0.0006963424197203054,1.489461001175015e-09,0.001726543985869131
63,1.0279418047034679e-07,0.0021045297163806596,9.005067422382983e-08,3.509456656483092e-07,0.0003565337921890674,2.708784268518727e-05,1.3142294324684736e-08,2.4234490221527277e-07,0.0023505879443685737,8.5162225847268e-06,0.008349698282667508,1.685644640404388e-07,1.8497712949746464e-12,2.208716581136207e-05,0.9845047047255744,6.643241819387414e-09,9.293646171447141e-09,5.887913105221737e-06,5.48395542188054e-06,1.7372697334123275e-08,1.7968878131901302e-06,1.924405739512606e-06,0.000624785671216572,1.255561595033043e-09,0.0016353730652645514
64,9.517960430461738e-08,0.0016034549383574601,1.5798186876575255e-07,3.5406319109405297e-07,0.0004091435475988443,2.9161317619564853e-05,1.5958020630819075e-08,2.4066508473453316e-07,0.002074664853181235,9.647592485744754e-06,0.008826023582188485,2.608561881967262e-07,2.2448332427154987e-12,2.6470008075488224e-05,0.9846372473739298,8.784440462773833e-09,1.218384273314779e-08,5.821967487596585e-06,4.6513424819883215e-06,2.5449168714982998e-08,3.7410151839996018e-06,1.872909287320849e-06,0.0008396706271257938,1.5915552873765745e-09,0.0015272562097868453
65,7.291737506629976e-08,0.0022672888746216703,9.078835601508513e-08,3.0102242295779333e-07,0.00036100992759294167,3.513271546045494e-05,1.4759577247413808e-08,1.645371021912314e-07,0.0018541376826964795,6.441114078678603e-06,0.005908408283121001,1.9592825789286387e-07,1.555620063847607e-12,2.606414059791511e-05,0.9865276014256666,6.805202140445862e-09,1.0530433181714413e-08,7.1283813073969885e-06,4.586269028726406e-06,1.951492074819777e-08,3.244519441013347e-06,1.8926969936620298e-06,0.0009977610840946579,1.7752548900715934e-09,0.0019984243048406934
66,8.729276732747382e-07,0.0015892878479450106,1.2033713510524505e-06,1.4526843416782544e-06,0.005223350337346382,8.848009538001505e-05,1.7537340045092663e-07,9.216295733818624e-07,0.0101217026847433,9.471363026688538e-05,0.035971190311890756,7.089834062785604e-07,2.885511019833341e-11,0.00011387476170487015,0.94032027589526,4.858177369768834e-08,7.072850510945081e-08,1.4754438622291662e-05,2.4015987303915675e-05,1.9478487217443285e-07,6.613531386975834e-06,3.415658271306536e-06,0.0018811145333582655,8.369673914039136e-09,0.00454155282309394
67,8.52600632008005e-08,0.0017985764938175523,9.510532104863366e-08,3.416235386283675e-07,0.00033519065113799803,3.160257392388632e-05,1.5853628790918177e-08,2.0791920046589227e-07,0.001962525807693667,8.424616596174183e-06,0.0078069870327164646,2.1131193211699362e-07,1.8223878294772906e-12,2.6277090044410973e-05,0.9853332391276931,7.1636518427861806e-09,1.0839683395111544e-08,6.8270308292657e-06,4.586922749287206e-06,2.1309910933539977e-08,2.5554322039446897e-06,1.9073483604887886e-06,0.0008507421820860344,1.5956690288961142e-09,0.001829559705725654
68,1.2322076538162815e-08,0.0005096269904164953,4.9620696408116085e-08,1.3480326157163656e-07,0.00012704354059195238,5.489424142363004e-05,1.3430326782154278e-08,2.5347405935377063e-07,0.0008677098434389807,5.662634515387143e-06,0.0026675375230703364,5.226782764631863e-07,1.212313118359451e-12,9.162829906359532e-06,0.9946308533204647,5.954753869291278e-09,4.911485732558614e-09,6.841734360833002e-06,9.624341355711598e-07,2.3096573300832355e-08,5.924287192936766e-06,1.4377472478736463e-06,0.0005782077699253433,1.1974015091154136e-09,0.0005331136131853139
69,7.294578816027213e-08,0.0011088550014032926,7.895005904807734e-08,3.2067984397761377e-07,0.0003047642717998993,2.0766051068295792e-05,1.138186314748343e-08,1.9610135327957919e-07,0.00220470912706869,8.760003731300692e-06,0.011316082552676344,1.7335684161213516e-07,1.358647432024674e-12,1.895658075398462e-05,0.9828073808173906,4.713643354065349e-09,7.872134163577652e-09,5.262759415895687e-06,2.5358254146160496e-06,2.1708094183735616e-08,2.146716264022928e-06,1.3393366934324383e-06,0.000764449322313236,7.58600255066641e-10,0.0014331031644264373
70,1.0497821084896005e-07,0.001509796124948545,1.2836146383930034e-07,4.933011877769686e-07,0.000434466122119872,3.242425268648455e-05,1.8614417681020847e-08,3.041022192933657e-07,0.0029126183184109465,1.1752432750718756e-05,0.011187592919162374,2.4177915002749355e-07,2.379122082610933e-12,2.405727486335178e-05,0.9816242958102454,9.337955134726597e-09,8.74905005416036e-09,5.7340453025867125e-06,4.313201641709682e-06,2.6497733682812996e-08,2.2400516260190214e-06,1.770892274200618e-06,0.000731288177038334,1.214993980755059e-09,0.001516313438168116
71,4.838025336324909e-07,0.0009632058066662752,2.7235787638897993e-07,8.619907700202136e-07,0.002026753941169885,7.312399828732388e-05,2.3455763325036144e-07,7.987377795568276e-07,0.008007181886807572,6.9850641956779e-05,0.019421650951423525,6.451353922806607e-07,1.1879664084038534e-11,9.681609720834337e-05,0.9624989924162072,2.3217385773795897e-08,4.322978021875885e-08,1.2279573452381018e-05,9.533842265503792e-06,8.256789092628394e-08,3.0297570831900243e-06,3.399354245516664e-06,0.0015210321672544207,7.688829851620964e-09,0.00528969626822085
