,0,1,2,3,4,5,6,7,8,9,10,11,12,13,14,15,16,17,18,19,20,21,22,23,24
0,0.0003511928630284916,0.002967004130125054,1.200184896794147e-05,0.00021274560155776684,0.016101665862660163,0.0010539926838217238,0.00020562845933445734,1.7711427576455067e-05,0.015125184700722435,6.810726367839573e-05,0.15578972347069026,0.00014148629730832577,5.704807444943917e-06,0.0029063290861380845,0.6925645968984355,3.060439470786363e-05,0.0025777581805364554,3.986174022478365e-06,0.005076127919169514,7.993055193342117e-07,0.00034244928431214846,0.002555893556092482,0.0007669484651933153,0.00017955551602151135,0.1009428018029348
1,0.00012481052790080493,0.0010270307383970644,8.017905202618692e-06,7.848726676977813e-05,0.004287096054168324,0.002185362744782536,0.00012779622612223588,1.3894618864886316e-05,0.06834753703643354,0.0002397384740571305,0.059998607115907966,3.066576066904116e-05,3.955403575843054e-06,0.004500233184816859,0.7557852483254859,1.9583925156515414e-05,0.0002466457048679047,4.3877879662956606e-06,0.006579577877848463,1.1868189033128955e-06,0.00018916272231353775,0.0026365001187941043,0.0005422286640997876,0.00010867625223336814,0.09291356874466228
2,0.00044724309499992194,0.001970249503979213,8.928117376860791e-06,0.00014571142398353987,0.005359496448956359,0.003289437586735439,0.00023413224245292407,1.9910629940914164e-05,0.04043053469019836,0.00014832579188133377,0.14957534179986406,5.764630399216353e-05,8.309822966360855e-06,0.002634806993055883,0.7066110367150636,2.1680831216753535e-05,0.0008577115685182115,7.238977496752623e-06,0.01202672920905821,7.295631367586798e-07,0.00033666128009749574,0.0052717452096630825,0.000821864611101589,0.00012156205585907469,0.06959296552840491
3,0.00015052150341676948,0.0011999574356111077,6.1336831627310495e-06,7.404781343898214e-05,0.0045923751066684225,0.0016899960841352504,0.0001137687783568098,1.3583528198498381e-05,0.043936805945974454,0.00014102225923027378,0.08448232211767344,4.004415088052323e-05,3.5562999877062952e-06,0.004166777165974202,0.7604002064402291,1.3883224318455494e-05,0.0003400164007006235,3.3889456218663013e-06,0.004959571837262422,8.27597042702741e-07,0.00016601391340387482,0.003152990852330032,0.0004581969069160915,8.043995409478746e-05,0.08981355205537103
4,0.00016506150470853715,0.001415569697079199,7.1350439488817605e-06,8.152604186777264e-05,0.00527582675688545,0.0015805755246044437,0.00013508245332970653,1.5163569783009198e-05,0.0507590179968732,0.00015623053579605053,0.09364807368611447,4.5351315407635665e-05,4.770453442814546e-06,0.00540317710391943,0.735853725032211,1.420863013432086e-05,0.0003535000422842852,4.124217577416822e-06,0.0056149872959446725,1.0294544878115393e-06,0.00021211879739347624,0.0036955982676090573,0.0004762413457071869,9.584177869247177e-05,0.09498606345419773
5,0.0001873272582027333,0.0013509211623173119,8.658535150960735e-06,0.00012090593600661387,0.006551523207557264,0.002091940691213352,0.00013704866783540676,1.6763332883362113e-05,0.05514345253459012,0.00020781567519872072,0.09654123769822906,4.014253951656546e-05,4.821247621685774e-06,0.0056238872629848485,0.7354971127903092,1.6760017035830678e-05,0.0004121756538931431,6.807388195181925e-06,0.0065633070083546295,1.3014726941461807e-06,0.00024749140232015063,0.003008808430977145,0.0007740863867219124,0.00012005245989865194,0.08532565124029202
6,0.00015052150341676948,0.0011999574356111077,6.1336831627310495e-06,7.404781343898214e-05,0.0045923751066684225,0.0016899960841352504,0.0001137687783568098,1.3583528198498381e-05,0.043936805945974454,0.00014102225923027378,0.08448232211767344,4.004415088052323e-05,3.5562999877062952e-06,0.004166777165974202,0.7604002064402291,1.3883224318455494e-05,0.0003400164007006235,3.3889456218663013e-06,0.004959571837262422,8.27597042702741e-07,0.00016601391340387482,0.003152990852330032,0.0004581969069160915,8.043995409478746e-05,0.08981355205537103
7,0.00025215767162184557,0.0012717892908404112,6.678004462308899e-06,7.711849263837951e-05,0.004216805614543817,0.0017086582235913749,0.00014183014495251363,1.7546959315581214e-05,0.0382991039975397,0.0001235696794849226,0.12122581139051455,4.2508207186211316e-05,6.1285438824602654e-06,0.0033558489832824605,0.7512371621760332,1.2376052806417996e-05,0.0003287395932299167,4.141745838996185e-06,0.006139047468573148,8.234927996679063e-07,0.0001855282262929471,0.004591435537581781,0.0003392393375691336,6.699556268857678e-05,0.06634895560272949
8,0.00017784901279260806,0.0012868725531019925,1.4453200458951295e-05,9.88267131462084e-05,0.005040494760630978,0.0015258192392568145,5.487462363258316e-05,8.19716415525538e-06,0.050874278166586295,0.0002341868486633571,0.0497780279388556,4.381838223498828e-05,2.995815844567025e-06,0.005540046981534482,0.7152120795692342,2.2344091106835626e-05,0.0004993573476944297,2.6737413575473043e-06,0.0022278412985874212,1.2466161898327408e-06,0.00010931207377603258,0.0017031491649470004,0.0008888437770822198,0.0002316744599429703,0.16442073645918695
9,8.999104601776626e-05,0.0016942843605861394,1.511760201003246e-05,9.911740521108915e-05,0.004222792940012016,0.0013200626169415316,5.7233240479348897e-05,1.0072708348294059e-05,0.06540956389391052,0.0004528513354338398,0.03610975056047751,3.415692444617792e-05,3.1704945375540857e-06,0.009389848567570884,0.6898393277532966,3.0490320878643322e-05,0.00040195915321869486,3.358150056399294e-06,0.003476113991384844,1.9263730212779638e-06,0.0001548079824035267,0.0016433397644177203,0.0008549435988790658,0.00024654816357164546,0.18443917105288885
10,0.00015052150341676948,0.0011999574356111077,6.1336831627310495e-06,7.404781343898214e-05,0.0045923751066684225,0.0016899960841352504,0.0001137687783568098,1.3583528198498381e-05,0.043936805945974454,0.00014102225923027378,0.08448232211767344,4.004415088052323e-05,3.5562999877062952e-06,0.004166777165974202,0.7604002064402291,1.3883224318455494e-05,0.0003400164007006235,3.3889456218663013e-06,0.004959571837262422,8.27597042702741e-07,0.00016601391340387482,0.003152990852330032,0.0004581969069160915,8.043995409478746e-05,0.08981355205537103
11,0.0001675819968770103,0.001248103691182873,6.4168239874814205e-06,7.88661312758833e-05,0.004840255363368342,0.0016321050044447202,0.00012694874880130172,1.4087659593133117e-05,0.04519368612141497,0.0001366933721393887,0.08960634127325208,4.371516734744169e-05,4.379893456999214e-06,0.004178495078056626,0.7547721760026734,1.439607455914628e-05,0.00034432795164613533,3.6573099054296786e-06,0.005326612087212997,9.150021511045882e-07,0.00017827992628323324,0.003480273793932722,0.0004498654603620959,9.046237138641747e-05,0.08806135769468905
12,0.00015981357141322253,0.0011476584034978172,8.342656368270705e-06,6.838637192536117e-05,0.00789320338858721,0.001865444082073819,0.00011273724683838814,1.1971045996560614e-05,0.053819578949261454,0.00014833216392648186,0.10157593043934213,4.480277519930186e-05,3.2258515122315917e-06,0.00593360677608008,0.6991917272382943,1.2336856365052864e-05,0.00041208528028184404,3.6449536905337178e-06,0.003561003485784689,1.0740112371729732e-06,0.0002075497592007902,0.0028109470774178103,0.000633814659262651,0.00011205819157050946,0.12026072476487225
13,0.00013070819925333093,0.001015217152059095,3.804323125122394e-06,3.752254656044505e-05,0.0040774159729318644,0.0007166149669590175,9.397662823822014e-05,1.4960175300780864e-05,0.027262523538521873,5.6633879887357525e-05,0.13192178993808057,6.025872591526806e-05,2.8910185996101383e-06,0.004659530817926806,0.7248824661274899,7.817997077723239e-06,0.00025935954206247143,1.929065065483304e-06,0.003025595368440122,5.381195209085694e-07,0.0001310209261185504,0.003966930022301782,0.0001779786124987724,4.1286296425402545e-05,0.09745123003963942
14,0.00027851218509487955,0.009948594240770693,9.365389475055298e-06,0.00027347922899060044,0.03745015584047511,0.0008784454062114375,0.0001828128019104305,2.282875130032236e-05,0.026873856549194098,0.00022267931427773292,0.4617609046051454,4.850638562470237e-05,1.5402036190411534e-05,0.011739599874513371,0.37030544821813205,7.159691595052422e-06,0.0015086255986188001,1.6376376397292993e-05,0.02181975538382863,1.1980193745479945e-06,0.0019068727384934127,0.006500323370137264,0.0006476254657138706,0.00014622549348353902,0.04743524703505116
15,0.00015052150341676948,0.0011999574356111077,6.1336831627310495e-06,7.404781343898214e-05,0.0045923751066684225,0.0016899960841352504,0.0001137687783568098,1.3583528198498381e-05,0.043936805945974454,0.00014102225923027378,0.08448232211767344,4.004415088052323e-05,3.5562999877062952e-06,0.004166777165974202,0.7604002064402291,1.3883224318455494e-05,0.0003400164007006235,3.3889456218663013e-06,0.004959571837262422,8.27597042702741e-07,0.00016601391340387482,0.003152990852330032,0.0004581969069160915,8.043995409478746e-05,0.08981355205537103
16,0.0001295635656832305,0.001115810781690258,3.145000225767539e-06,4.637531979894166e-05,0.0028278935335931776,0.0009191380370047337,8.786492387548246e-05,1.446027906350367e-05,0.025243596945909948,7.416404415454659e-05,0.08987513939208468,5.2461321553685606e-05,2.6344946627213496e-06,0.003677886979706142,0.788110392098734,9.518115429107374e-06,0.0002722078239183679,2.0750311475480295e-06,0.0038618450379759636,4.279229074954731e-07,0.0001053590067343069,0.0042200134456393005,0.00018948812564332989,3.3108511143614124e-05,0.0791254302617204
17,0.0003434048650855065,0.0019452753400038072,1.2393773316412218e-05,9.107447728028242e-05,0.014443617443652863,0.0016915453027089977,0.0002885846792927429,1.8329770851536747e-05,0.07317298858658922,0.00011132298612126437,0.2057862521867212,0.00010142932132370104,8.080852819399225e-06,0.009853114945642642,0.5423920175127,1.2252989932196278e-05,0.0006832846527187789,6.9080713269807984e-06,0.00504673076622807,1.3288821791307763e-06,0.0005087068461838899,0.005099495894028248,0.0007864086855423813,0.00018573359491705254,0.13740971757283346
18,8.323211384681112e-05,0.001073928132526694,6.616831746128346e-06,2.8782009379219715e-05,0.003147293410682714,0.000997238092968216,9.0668650743371e-05,8.85969526109076e-06,0.03477921195887593,0.00011477838959490426,0.05850272316932889,5.292428334965955e-05,1.9308735055210578e-06,0.006098288116957341,0.6776420389299314,1.862054202019164e-05,0.00042382245224608923,1.8858161777042689e-06,0.003136756332807423,7.605106927022816e-07,0.00018288161743234844,0.0022587527840347774,0.0004354995713567522,9.343174593814272e-05,0.21081907396859603
19,8.344586960760341e-05,0.0011787691025711214,3.7414513365929393e-06,9.990453354900208e-05,0.004644684341777821,0.0019858535629883388,8.82489981282578e-05,1.0384942139033187e-05,0.05409421417446815,0.000168232182878889,0.04577490479125493,3.354266985356208e-05,2.6790920231553427e-06,0.003253923733776335,0.8106552628139905,1.1818363783504001e-05,0.00021111391731896278,2.0076611942736826e-06,0.004044427856426296,7.290320110579952e-07,7.467841764287656e-05,0.003050805771634299,0.0003378279632060578,6.647320632388305e-05,0.07012232555011545
20,0.00010082556141273653,0.0011846343626771524,3.1822882171912316e-06,5.749990736783056e-05,0.002912805884785819,0.0011861566639552335,9.045308434774417e-05,1.3519058327523125e-05,0.03697275104685155,0.00011784024374345867,0.07221159262412451,2.8870766556346935e-05,3.674532493889238e-06,0.0037353453116121997,0.8097056887138815,8.59931898671385e-06,0.00019586062808322224,2.1302271859261075e-06,0.005009554189688336,6.689826158258225e-07,0.00011130106568607263,0.004787413717359372,0.00020566293382577735,4.0187649452039836e-05,0.06131378123676198
21,0.0004384748368940655,0.0020838395666040754,2.4319847516213007e-05,0.0001067224638786304,0.008005240835311275,0.0012387119886782128,0.00017567503381695046,2.6785159518253877e-05,0.05654536868985687,0.0002010151561543609,0.15854711423226048,0.0001189654352845355,8.978091160570369e-06,0.012594200263733969,0.5766671094916612,2.961918299668731e-05,0.000806156389461808,1.0739078776437628e-05,0.004765475340907664,1.9850388869800907e-06,0.0004673906076978731,0.003750364683632208,0.0008398230722302609,0.0002411476484714072,0.17230477786460902
22,0.0003380619802521605,0.0019149555239485361,1.5267638878067445e-05,0.0001122316117917212,0.005991368768065422,0.0025180169656994337,0.000129977258706414,2.987789606746498e-05,0.03305826358261659,0.0002922135707711871,0.15417190736849828,4.309333958538544e-05,6.0635819542303195e-06,0.006674178474877319,0.6931854801261051,2.138443165434384e-05,0.0010611569910711994,9.658729830526949e-06,0.007550724410657753,1.4476975692083336e-06,0.0004507918902693002,0.004546565527888777,0.0009266702405195602,8.933228826080436e-05,0.08686131010446099
23,0.00015052150341676948,0.0011999574356111077,6.1336831627310495e-06,7.404781343898214e-05,0.0045923751066684225,0.0016899960841352504,0.0001137687783568098,1.3583528198498381e-05,0.043936805945974454,0.00014102225923027378,0.08448232211767344,4.004415088052323e-05,3.5562999877062952e-06,0.004166777165974202,0.7604002064402291,1.3883224318455494e-05,0.0003400164007006235,3.3889456218663013e-06,0.004959571837262422,8.27597042702741e-07,0.00016601391340387482,0.003152990852330032,0.0004581969069160915,8.043995409478746e-05,0.08981355205537103
24,0.00010257409868095034,0.0019443006034980254,4.589219759762498e-06,0.00013521718904012188,0.004531656201404753,0.0013935393875791275,0.00010242834425695598,1.463637469371448e-05,0.038542504128607755,0.0001984891224279995,0.06478306144387741,3.26120752169901e-05,3.581379302455161e-06,0.004752487794711199,0.8017184851031884,1.4634968417189648e-05,0.00038734719151205905,4.07093993559913e-06,0.008009617498064343,7.974959296126514e-07,0.0001721611709406945,0.003139896505225214,0.0005006051595569058,7.25065661559193e-05,0.06943820003801693
25,0.0003151315958041838,0.0012344043924935135,9.560053253590951e-06,8.991958760109122e-05,0.012241363996308676,0.0014407559027285917,0.00027917010059084064,4.629240506897973e-05,0.04125922973096171,8.643654836083997e-05,0.3142948509953685,9.717817158958012e-05,6.4548367749513055e-06,0.00840659862528189,0.5264252125599471,1.1349575178356904e-05,0.0005207148969381762,1.0631200586563302e-05,0.00502012040038496,1.363420184182228e-06,0.00047849792689817457,0.004587269588524504,0.0005240671238250944,7.478160570024461e-05,0.08253864475964569
26,0.0004027608361237534,0.0014395479418178728,2.8672333918183664e-05,0.00020485973989736145,0.0137816079125676,0.0037882389920160285,0.00018837705962061315,1.3551962004524666e-05,0.142599227702268,0.00037087822714796113,0.09698076081569165,4.7515189159257954e-05,7.553063534722957e-06,0.00899747797992622,0.5848864341267431,2.6356113806291054e-05,0.0006217741462755627,1.4837501163822783e-05,0.005450002982021838,2.853284756005854e-06,0.0004089870436698101,0.0020160607128097184,0.0028959785914676635,0.0005565657126143798,0.13426912002897803
27,8.599920388831412e-05,0.0007796970384048408,2.549999334677541e-06,5.338397139158333e-05,0.002741900854904194,0.001622491961055382,7.80600982262329e-05,9.098002255609453e-06,0.05155669264109232,0.00010302586788634313,0.04820842380489318,2.7336046307157287e-05,2.4015039514583594e-06,0.0023099880496483304,0.8204109054625217,8.838700720135635e-06,0.00012240362246762582,1.508961833126897e-06,0.003804535975078983,5.242204433200907e-07,5.7910285159041636e-05,0.0034116340188601883,0.00021297554690175767,4.94855180068865e-05,0.06433822864476749
28,0.00015052150341676948,0.0011999574356111077,6.1336831627310495e-06,7.404781343898214e-05,0.0045923751066684225,0.0016899960841352504,0.0001137687783568098,1.3583528198498381e-05,0.043936805945974454,0.00014102225923027378,0.08448232211767344,4.004415088052323e-05,3.5562999877062952e-06,0.004166777165974202,0.7604002064402291,1.3883224318455494e-05,0.0003400164007006235,3.3889456218663013e-06,0.004959571837262422,8.27597042702741e-07,0.00016601391340387482,0.003152990852330032,0.0004581969069160915,8.043995409478746e-05,0.08981355205537103
29,0.00015052150341676948,0.0011999574356111077,6.1336831627310495e-06,7.404781343898214e-05,0.0045923751066684225,0.0016899960841352504,0.0001137687783568098,1.3583528198498381e-05,0.043936805945974454,0.00014102225923027378,0.08448232211767344,4.004415088052323e-05,3.5562999877062952e-06,0.004166777165974202,0.7604002064402291,1.3883224318455494e-05,0.0003400164007006235,3.3889456218663013e-06,0.004959571837262422,8.27597042702741e-07,0.00016601391340387482,0.003152990852330032,0.0004581969069160915,8.043995409478746e-05,0.08981355205537103
30,0.00015052150341676948,0.0011999574356111077,6.1336831627310495e-06,7.404781343898214e-05,0.0045923751066684225,0.0016899960841352504,0.0001137687783568098,1.3583528198498381e-05,0.043936805945974454,0.00014102225923027378,0.08448232211767344,4.004415088052323e-05,3.5562999877062952e-06,0.004166777165974202,0.7604002064402291,1.3883224318455494e-05,0.0003400164007006235,3.3889456218663013e-06,0.004959571837262422,8.27597042702741e-07,0.00016601391340387482,0.003152990852330032,0.0004581969069160915,8.043995409478746e-05,0.08981355205537103
31,0.00033716881533247064,0.0021335972209900315,1.7041582199870153e-05,0.00011011633656780274,0.004276123767374627,0.002076347055564495,0.00015169152209702186,3.747767653161979e-05,0.04300329744891466,0.00028326361304600883,0.11457073822296014,6.159716230096332e-05,6.027853503959082e-06,0.006928554126593858,0.6978494206742274,3.2009611593503676e-05,0.0007535751319147286,8.387195625086291e-06,0.006586849793837351,1.3499041440092231e-06,0.0003286709562024488,0.004094492728939436,0.0007424589742384058,0.00010445103414367795,0.11550529159115648
32,0.00013018214402518236,0.0011138912013788204,5.189862327645347e-06,7.424501444555255e-05,0.004057652066164072,0.0016348155932605075,0.00010887989744638119,1.2468419632339681e-05,0.039772299342832745,0.00013747711357857035,0.07515460031243787,3.347919833319881e-05,3.4020966450338788e-06,0.0035116183121325635,0.786353769375015,1.3521787021025949e-05,0.00031199735982727773,3.1958471324868464e-06,0.00579759106542703,7.620967248811215e-07,0.0001609404959784458,0.0030079780482743673,0.0004323907272432716,7.312416638984115e-05,0.07809452845632604
33,0.0003720492570919311,0.002498963385037178,6.762242199627453e-06,0.0001349694444953246,0.005967558174483873,0.0012442982251823303,0.00022425637838680107,2.8557659424632816e-05,0.02503088154391636,8.632699738821946e-05,0.19978647143181777,0.00011171678614797059,9.773956139849134e-06,0.004041562337214727,0.6688883577292749,1.9521643508531653e-05,0.0009057906463008411,6.1322298191445404e-06,0.008598792533149319,8.037900980850683e-07,0.0003105821327916317,0.007052949253188166,0.00039546770220204097,9.145978543229931e-05,0.07418599473530858
34,0.00037854734085161025,0.0006487429798647053,6.182419506174555e-06,7.943135664155108e-05,0.0049743996000423795,0.0015232458577006394,0.0001626056475931356,1.3432287425606881e-05,0.04016921303162288,7.274751357530033e-05,0.1331687815504487,3.060903630576093e-05,6.034884398728712e-06,0.002125988051310269,0.7595433502456717,9.657400821846172e-06,0.00023810950446443932,5.950335747387801e-06,0.007304247711659305,6.491980505989069e-07,0.00020944273853061408,0.0030655740237401927,0.00041243959844498385,7.657581478093001e-05,0.045774041870800655
35,0.0007122738046962178,0.0017145734078948612,9.775994962107506e-06,0.00012767321466189093,0.002574091241418861,0.0038975566702281186,0.00022912167957719914,4.1770627663058126e-05,0.07050817759577113,0.00023199949714172596,0.1151304739500663,8.94218791547335e-05,1.0870387334663005e-05,0.002862469645845921,0.7047886346113145,4.4158809833421236e-05,0.00047367123669244673,1.2608418411992794e-05,0.013115959909917875,8.923523372286649e-07,0.00019382614648936195,0.009403606499600594,0.0004928371701944947,0.00011645081966385351,0.07321710442912746
36,0.0001416810227481163,0.0017159873090037809,4.507180744318113e-06,8.808692302437131e-05,0.001317409884428237,0.0016050444093481343,8.833282990726198e-05,3.103193847274487e-05,0.04446786569236937,0.00026425670195113295,0.044160273811646354,4.569074528258964e-05,3.591784712084373e-06,0.0051406138236814395,0.8181163317033393,2.2750206508846235e-05,0.00031360118672183515,3.750440864206589e-06,0.00614686005885873,6.530805243042664e-07,8.230885724825721e-05,0.006656603279449867,0.0002542525069676979,3.19970357794183e-05,0.06929651758641753
37,0.0004981329423591971,0.0018313007107978994,2.342342551258774e-05,0.00011245195769953224,0.013096981518126827,0.0018285946976630673,0.0002596472583140203,1.5707205583008137e-05,0.08840757197776182,0.00017704557825281626,0.16178277857820475,9.295329722419521e-05,1.131288159672103e-05,0.009481619317549188,0.5569620770634526,2.0984247962102844e-05,0.0006694123958090452,1.0145952446896275e-05,0.005341412922029908,2.05387861332546e-06,0.0005113867854238856,0.0037058585204687703,0.001069221300357276,0.0003635284726608533,0.15372439711412986
38,0.00016323129127317649,0.0005752576693493563,4.993077208299208e-06,7.320856060393268e-05,0.001865233069279595,0.0032811942581255854,0.00017765225764397992,1.2819206406468245e-05,0.029013381251190882,0.00014006056564008266,0.04916507288591536,2.1254641396330877e-05,4.2458636334643206e-06,0.0011974746330642196,0.8564600239050726,2.57973648266279e-05,0.00029489776336725024,4.805770800469354e-06,0.010591816978561508,7.887961742598502e-07,0.00016730810176771545,0.002441528512192783,0.0005449541662552102,6.048333665938842e-05,0.04371251607359154
39,0.00023147144485190476,0.000961302119761253,7.820424122550398e-06,6.0955808097165974e-05,0.0032490301766177954,0.003017850101740448,0.00022013616036890924,3.620963042951056e-05,0.02849822816038583,0.00012016550656022855,0.11718622822673277,7.336186079430154e-05,4.4145238509505604e-06,0.002630882261951144,0.7333062027148077,3.349376992318608e-05,0.0006214881888127826,4.416096471466313e-06,0.0066382065805189626,9.051246379736254e-07,0.00026055669121093094,0.0048250028742635575,0.0004807515203310308,6.662576592520364e-05,0.09746429426683237
40,0.00018638909568197674,0.0010799924362865803,5.445878913058308e-06,3.7551113125778324e-05,0.003848241924990804,0.0013775682227736767,9.282034941668085e-05,1.2709270716408393e-05,0.031524648821126405,7.173199076997536e-05,0.10295452023233409,6.057618652881713e-05,3.051367032193258e-06,0.003492580849338498,0.7446711630946955,9.018300890659772e-06,0.00031377825864527156,1.4166888567969476e-06,0.002122198685245668,5.381640809444042e-07,9.774861086554784e-05,0.004651292816178365,0.00020071290033803503,4.294468864331143e-05,0.10314136005252496
41,3.506590873824218e-05,0.0002188656237558324,9.62188874119681e-07,5.8949624442602065e-05,0.0032175576702649306,0.0014398766943362373,2.7246831495588033e-05,2.9713284417743884e-06,0.02942304867039859,4.6223138042854235e-05,0.0217290782004816,1.004549485033879e-05,4.975944904108418e-07,0.0005794357126195237,0.9148409114116804,3.305242970682297e-06,4.719139141453078e-05,4.7002560720315046e-07,0.001366632717241522,1.92333258836411e-07,1.078446117209095e-05,0.0007561914853951322,0.0001470728303461284,2.1462209631411234e-05,0.026015961210049603
42,0.00010322155024014527,0.0010013230456347685,2.0642454921355587e-06,5.11012885973482e-05,0.0018254043573398746,0.0016399413421983903,8.509648464338394e-05,1.377622405938338e-05,0.026585479204493678,9.365861853673926e-05,0.05789562508649166,2.8036012165087904e-05,3.351209260113992e-06,0.0013774430390251175,0.849285034686056,1.1834968106267168e-05,0.00021230883825598776,1.287745442691228e-06,0.006557565906871487,3.942730053732668e-07,7.224024581630335e-05,0.006616607050412989,0.00013239926387066835,2.99718905575398e-05,0.04637483342342688
43,8.546432691025857e-05,0.0006743047616235288,4.507670578571018e-06,6.832658131719562e-05,0.0028017479750339276,0.0035478638272643578,8.020571944113288e-05,1.4623806115456478e-05,0.04433262679335644,0.0002727335472176743,0.045890298055080284,1.3800673751314901e-05,2.4463290881379053e-06,0.0024310600329888205,0.8393646119058502,1.3948056623785946e-05,0.00019397651302705132,3.035428602274569e-06,0.006461614738862091,8.758919219429238e-07,0.00013312322885851956,0.002901694167203182,0.0004423627064335911,4.600756581670449e-05,0.05021873969703342
44,0.00015052150341676948,0.0011999574356111077,6.1336831627310495e-06,7.404781343898214e-05,0.0045923751066684225,0.0016899960841352504,0.0001137687783568098,1.3583528198498381e-05,0.043936805945974454,0.00014102225923027378,0.08448232211767344,4.004415088052323e-05,3.5562999877062952e-06,0.004166777165974202,0.7604002064402291,1.3883224318455494e-05,0.0003400164007006235,3.3889456218663013e-06,0.004959571837262422,8.27597042702741e-07,0.00016601391340387482,0.003152990852330032,0.0004581969069160915,8.043995409478746e-05,0.08981355205537103
45,0.00018270730387072616,0.0015478411166713532,8.324801149541781e-06,7.625778655483788e-05,0.005085262574936629,0.001683385613055581,0.00011509295670258083,1.5503120728425853e-05,0.04646229931913794,0.0001727234186218886,0.10000413662471976,4.690614834930803e-05,4.071853079543554e-06,0.005862412932854198,0.7177859235260567,1.550131594675892e-05,0.00045795889640806785,4.177501849006823e-06,0.005069936001174062,9.57212786244983e-07,0.0002241302951143521,0.0035275029917821734,0.0005570865895604489,9.729209347695606e-05,0.1109926080054129
46,0.00032004845193970855,0.0018700115830566073,4.379076250189833e-06,8.803062834459243e-05,0.002887979928730811,0.0013916706162400412,8.13825465403125e-05,1.638766837194821e-05,0.008553418639630859,5.726980663677203e-05,0.11212403688926445,8.482311743827674e-05,3.687992182144604e-06,0.0013373285105949552,0.7911919036750985,1.8632862909179377e-05,0.0015536799296031092,1.551057421476877e-06,0.003892234060149299,3.2632452465166144e-07,9.959796631964292e-05,0.006098374572005349,0.00029202768188484415,4.265840235701059e-05,0.06798855801250514
47,0.0002879802087160938,0.0026571245960791386,4.815911894043397e-06,4.843546600828377e-05,0.0020059091405473066,0.001071021358142573,0.0001209462770543406,1.6388983594298714e-05,0.03253155300745825,9.016756919870544e-05,0.08423097494993825,0.00010765785370515167,6.8594819362795554e-06,0.002578588729085085,0.7466135564093697,2.17723246129932e-05,0.00042440171769428023,1.5490589773659592e-06,0.004377080660057088,4.875275177786619e-07,7.895148906033482e-05,0.009772548222681967,0.0001329844929418998,6.791638215529197e-05,0.11275032818157356
48,0.00012615936630705482,0.004710581599496992,4.663656111703422e-06,0.00015320667055702164,0.001931515741460756,0.0016009443728365036,8.148541293583472e-05,2.128595760735886e-05,0.015396197099983662,0.00027885429893411383,0.04734633258353485,3.733648372093937e-05,3.48622552049036e-06,0.003248985131920298,0.845622219293687,2.6111151514057666e-05,0.001315248405914371,2.7030708128681313e-06,0.009616164215338164,4.9897647700935e-07,0.00014554905845450713,0.005454989755641935,0.0004502110243047679,3.667046459148181e-05,0.06238859998233632
49,0.00024096575994719257,0.0012832335084602487,1.0055803547752052e-05,7.670847494166267e-05,0.005557676173300707,0.002630595311348508,0.00014389123300054098,1.972854817867073e-05,0.05498947590206307,0.0001608791169127357,0.11224979268036694,6.565901974469724e-05,4.563931660681101e-06,0.004795275740280833,0.6962896078762578,1.7848104462342662e-05,0.0004270622480819648,4.175260772384406e-06,0.003782648591236114,1.1252391121604742e-06,0.00017698759890398,0.003940008554419225,0.0005414313206267663,0.00010106547602959036,0.11248953852634348
50,9.495478857561491e-05,0.0015114413111515272,5.496763831716089e-06,6.520444928686503e-05,0.003420819528115975,0.001583028976270345,0.00014216905475758336,1.7134165528300233e-05,0.050935452725969256,0.0002189277354807464,0.059554955884203016,3.303716180605287e-05,4.187122732777842e-06,0.005285403875509287,0.7811419245458275,1.3585711242599655e-05,0.00024882544820258485,2.700260728183352e-06,0.0070091077908699,8.352642352539391e-07,0.0001885667448992313,0.00434472353649287,0.00029150640812993536,5.223404185059318e-05,0.08383377670430224
51,9.306431778233068e-05,0.004794263438297353,2.902340978419904e-06,0.00013192855946826665,0.0023174008178509713,0.0005907027472362659,4.936941207185123e-05,2.3914507833340177e-05,0.02414883472533028,0.000181743465018442,0.060925834406180816,4.87309319515745e-05,3.522554121651362e-06,0.005800451245556382,0.830247322001212,9.889564664894396e-06,0.00026995633974753194,1.8678178566618871e-06,0.005044731007031132,4.360824605111038e-07,6.520353890844037e-05,0.006169479576093628,0.00011930292710427249,2.4202341594352424e-05,0.058934945333648674
52,0.00014152177448701394,0.0010447341221209217,5.648823983643187e-06,8.041217781734513e-05,0.00362091279963975,0.0018175337987955224,9.356624127572121e-05,1.3927480617809855e-05,0.04289821578259645,0.0001760475613623535,0.0708229744456215,3.0402708729041818e-05,3.4776794671395943e-06,0.0037210413250215136,0.7939901083820725,1.474304362057043e-05,0.00028372774485052544,3.9302012073418895e-06,0.005529775375932558,8.842478880679379e-07,0.00013979859466433484,0.003028801151793442,0.0004443012412966313,7.092122578836933e-05,0.07202259206935009
53,0.00012061200665687122,0.0006398122016907302,4.04116192080194e-06,4.298345439586486e-05,0.003947314379579188,0.0018778067472934581,0.00023958143015068723,1.255550858894047e-05,0.05428658462165144,5.778758447317116e-05,0.08680972221993738,6.05147740498565e-05,2.68742271873779e-06,0.003396583973935,0.737658387428923,1.1436007798152776e-05,0.00020594269172713448,2.6177293648681763e-06,0.003412848063610202,6.802992478401124e-07,0.00013184234117493386,0.002446736749360156,0.0004329725121771817,6.355148087405824e-05,0.10413439720870038
54,3.8778010753708254e-05,0.001190120762833743,3.152815072117489e-06,2.2639065395477924e-05,0.0017216828122504772,0.0005651035001793774,4.355778589134573e-05,5.964660773686356e-06,0.03870400585438958,0.00010650147166926552,0.026205513018295108,4.661002723531484e-05,1.1513825776550674e-06,0.004829778009079755,0.7374276153106518,1.2801496785898634e-05,0.00014349152057955726,5.73216282880569e-07,0.0015211710415757903,4.517137399720308e-07,3.831289432257858e-05,0.0020074719435337605,0.0001339175160040962,4.854600302557807e-05,0.18518108816710172
55,0.00017389845271424247,0.0008036308895272266,5.190748748253152e-06,7.901036462394152e-05,0.010146414685334336,0.0017665300275079541,0.000331811477315432,9.449031078070729e-06,0.10828115303957468,4.843334859266009e-05,0.108859672015439,0.00014595783944140384,4.30737994288257e-06,0.0038451281558237412,0.6143075562924255,1.4092422681742607e-05,0.00019338542540840533,3.6065943828373108e-06,0.0037335409302624994,7.959884153300742e-07,0.00013815670660531518,0.0023107225958636244,0.0005255490322665121,0.00022972764541924105,0.14404227891060528
56,0.00015986011671965944,0.0012464101036934597,6.259382102391087e-06,7.547174216274474e-05,0.004651496078789665,0.0016738283238311993,0.00012108050261225845,1.3957925423097744e-05,0.044804627524174814,0.00013871749221041236,0.08779264852299921,4.24836926391894e-05,3.949887845437078e-06,0.004234668962159842,0.7557189893176384,1.3947006560227248e-05,0.0003432651348339542,3.502974724269292e-06,0.0051384757031099895,8.595027527819157e-07,0.00017315318484743936,0.0033842742118998783,0.0004531491706942773,8.422064510503672e-05,0.08972070289047045
57,0.00013802143833080064,0.0018638357750990317,5.660924571059502e-06,7.31294770402163e-05,0.003906872644605929,0.001229158129871157,0.00015995951296659397,1.579915928351365e-05,0.03670023924189451,0.0001398574714695072,0.08675923920985894,4.972306669151047e-05,5.60778437280067e-06,0.003893239614812786,0.7546954968630838,1.943786650407049e-05,0.00041326041056615305,3.310448766869282e-06,0.010360233556071826,7.482234995553586e-07,0.0002698756210706143,0.004552699452371922,0.00032475640519158275,8.665696090017934e-05,0.09433318074110522
58,0.000147180423308857,0.001173894340876782,6.748682875062597e-06,8.012482293113428e-05,0.005702573565813739,0.0016735178760873943,0.0001285059516248742,1.0768850821175533e-05,0.05249363586031487,0.00013722620496761146,0.0815410791226622,4.224744689221096e-05,4.262217371015001e-06,0.0041346653513400534,0.7443307054095163,1.5105815315510435e-05,0.0003254003908497842,3.5047390823980955e-06,0.005248480213610513,1.0308544796292992e-06,0.00018642437447826454,0.002803691140222021,0.0005423193549077152,0.00013059511287967198,0.09913631187677131
59,0.0001573123669620151,0.0012876908097888815,8.633362579246575e-06,7.930155660284963e-05,0.0059983552039869405,0.0017927144486854449,0.0001255454546800206,1.2413679831510505e-05,0.054388892785691964,0.00017167525027094393,0.08495754912090372,4.338521778214416e-05,4.289965015480881e-06,0.005048965708959377,0.7237565109300571,1.7414795148852475e-05,0.0003863371290119013,3.968318215951057e-06,0.005075294623257685,1.1875869471360268e-06,0.00021799334954806398,0.0028593233110788376,0.0006075287994517942,0.00013826002628040013,0.11285945619926172
60,0.00015052150341676948,0.0011999574356111077,6.1336831627310495e-06,7.404781343898214e-05,0.0045923751066684225,0.0016899960841352504,0.0001137687783568098,1.3583528198498381e-05,0.043936805945974454,0.00014102225923027378,0.08448232211767344,4.004415088052323e-05,3.5562999877062952e-06,0.004166777165974202,0.7604002064402291,1.3883224318455494e-05,0.0003400164007006235,3.3889456218663013e-06,0.004959571837262422,8.27597042702741e-07,0.00016601391340387482,0.003152990852330032,0.0004581969069160915,8.043995409478746e-05,0.08981355205537103
61,0.00017683539863568086,0.001267504447526642,9.686479720973271e-06,8.213846837420932e-05,0.0065662373383160565,0.0019257287338686029,0.00013576554662452512,1.3011514392416875e-05,0.062264576264241325,0.00018043269462417853,0.09083755912718076,4.483313274944075e-05,4.6428592253295355e-06,0.005415745657057184,0.7058435890546212,1.7239260722661057e-05,0.00037585032741050214,4.473828552369886e-06,0.005168548739107811,1.2601658626681956e-06,0.00023728000610047403,0.002909167853423444,0.0006570587170633883,0.00015395558418270552,0.11570687880041543
62,0.00015052150341676948,0.0011999574356111077,6.1336831627310495e-06,7.404781343898214e-05,0.0045923751066684225,0.0016899960841352504,0.0001137687783568098,1.3583528198498381e-05,0.043936805945974454,0.00014102225923027378,0.08448232211767344,4.004415088052323e-05,3.5562999877062952e-06,0.004166777165974202,0.7604002064402291,1.3883224318455494e-05,0.0003400164007006235,3.3889456218663013e-06,0.004959571837262422,8.27597042702741e-07,0.00016601391340387482,0.003152990852330032,0.0004581969069160915,8.043995409478746e-05,0.08981355205537103
63,0.00014150800841703274,0.0014671989020435636,5.668223842556393e-06,7.599635897343211e-05,0.004116276953503155,0.0015120546246564597,0.00010344326611900358,1.383470077281889e-05,0.040503750427350514,0.00014894417217159423,0.07912248021083368,4.0560445108280235e-05,3.59678643785936e-06,0.004197168048227324,0.7693966419354614,1.4329377834786934e-05,0.0003558708354242102,3.084021416862264e-06,0.005198556033878849,7.78195455887282e-07,0.00015449701339815397,0.0034500918711092565,0.00040760499847153044,7.54017139760204e-05,0.08949066287511594
64,0.00018855025082701568,0.0014675547601265678,9.240223802539697e-06,8.078801138323272e-05,0.005967461735735365,0.0016961480364284624,0.00015565034253368763,1.6583012072491055e-05,0.04595292429143243,0.0001652596396783217,0.10822283499911765,4.5219927697200955e-05,5.041692697424531e-06,0.0057189603206539924,0.7144226077629132,1.678821218702636e-05,0.00048261767735314473,5.0279770334860775e-06,0.006655398761223573,1.0974216695960793e-06,0.00033263896990617237,0.003457263902685174,0.0006123899499054782,0.00010806162010300164,0.10421389050083375
65,0.00012186926094151138,0.0003875179811283763,1.994656435932917e-06,8.214064302121716e-05,0.0034484703638371778,0.0025979592359484625,0.00012546263113393774,9.57428974165406e-06,0.015383712599814695,4.73811358153498e-05,0.08134175818667068,2.1267986387211305e-05,1.7291534638478314e-06,0.0007417899351707988,0.8549129601669445,9.773483520412974e-06,0.00032239443947188585,3.000882890471624e-06,0.007098589077493264,3.243387640075365e-07,0.00011227179002832288,0.001698674274377604,0.0005117175804736456,3.3368145964386116e-05,0.03098429776056062
66,0.0007460804340104268,0.0017140337810765066,4.0431673432616366e-05,0.00010128756207566037,0.011613881850653629,0.001845117028371196,0.0003758902525598259,5.534985047729709e-05,0.09179727161697784,0.0002758222597640209,0.2623810033315285,8.255884054686858e-05,2.7322515762426552e-05,0.012470281785203614,0.514456940113322,1.9601281548830302e-05,0.00037130526541020287,1.578822839097202e-05,0.005819102101504766,3.5846329048716586e-06,0.0006895053557832025,0.007259204212901232,0.00036466138389088556,0.00014611356227231344,0.08732786107963032
67,0.00020353573886309895,0.001272297226067892,1.1281670826394698e-05,9.797271098255295e-05,0.0059195878077723,0.002113446602693183,0.00013592586482490053,1.6884091238956975e-05,0.0455172031896569,0.00020217326838457587,0.10187612043054797,4.003385984561144e-05,4.562558276319027e-06,0.0058311667256612295,0.7244791588212439,1.8649498093189324e-05,0.0005455453430776196,6.276269564098403e-06,0.005910611366819291,1.3322355716175644e-06,0.0003150617270791293,0.0027325943629325604,0.000915476825972756,0.00012221321798990198,0.10171088858601403
68,0.00011438328368054777,0.0008690369159438554,1.2107037722294636e-05,6.915167369178698e-05,0.008275168730779527,0.002008730643082644,0.00011345152402238941,8.327132657316521e-06,0.11129937082191062,0.00019458138354466154,0.06698559107054934,5.023272784446354e-05,2.856566505771812e-06,0.009898661258542787,0.6191727217951984,1.1565931723608517e-05,0.0002237052781451242,3.3350562453788914e-06,0.0019899655475379818,1.573504505840419e-06,0.0001461725903653175,0.001601293870460802,0.0008421071261460149,0.00019204380003636035,0.17591386472915713
69,0.00020328841829479112,0.001307469476651979,3.258342428416787e-05,9.035321016589384e-05,0.00718182938055419,0.0026322852074135658,0.00024094343518831662,2.9851713025946923e-05,0.09236879672774614,0.0004503136345737122,0.10473778358707679,5.3506183179529405e-05,6.536717366656234e-06,0.01883275057964293,0.5705989917939358,3.187546450955631e-05,0.000522462994133515,1.6358078350687932e-05,0.006828005142517772,3.5755419611066423e-06,0.0009260589722403353,0.002273990035364853,0.0017825206026313692,0.0002391735231683142,0.1886086961560221
70,0.00011142731690567401,0.0006919251914035817,4.8614095074057275e-06,9.267876770347328e-05,0.009471582136204809,0.0016921271822117278,0.00013115650593598316,8.640058537071244e-06,0.06371657516471327,7.720034376897766e-05,0.08017574771983743,3.50713361296812e-05,2.3942045839770645e-06,0.0038422698769492304,0.7599409684485271,5.838759281012656e-06,0.00018342122686234357,2.263183706647503e-06,0.0026973005910739855,7.038182775078475e-07,0.00010924737026184251,0.0017521234592792565,0.0005192810582311716,7.86462907753458e-05,0.07465654857933161
71,3.815371360418954e-05,0.0016873125881805451,2.2282487498151257e-05,5.3801184307494155e-05,0.032422898406182,0.0008939797869203799,0.00037269203921766047,1.322675853435653e-05,0.398940301271538,0.0004051196746512732,0.05332765645294999,3.867099845977039e-05,4.29848602978518e-06,0.08373888680757832,0.19219415667343387,1.1917975641967704e-05,0.00015544071439754526,1.4327997142028636e-05,0.0032128152142637343,6.312033327626842e-06,0.0015141590522428836,0.0010086933809934182,0.0015427917833443312,0.00045291497231214514,0.22792718954724853
72,5.886146649836255e-05,0.0005706130029406991,2.0098269118521754e-06,3.665779909517622e-05,0.0010801562055725725,0.002606178271275549,0.00023175174537881502,1.5497961909919007e-05,0.026478229476110518,9.868258535699279e-05,0.028448386775206093,2.1230218069646313e-05,3.2782081383156048e-06,0.0007921283362998798,0.8964574069124,2.0994768173288233e-05,0.0001331559304497787,1.4718473246864422e-06,0.007944543476330473,5.645724449816806e-07,7.12166726182893e-05,0.0036548250269346242,0.00011793332314012657,1.682088259744838e-05,0.031137404708821786
