,0,1,2,3,4,5,6,7,8,9,10,11,12,13,14,15,16,17,18,19,20,21,22,23,24
0,4.242942431355515e-07,0.001945936451974242,1.552629512392251e-07,6.337241112311751e-07,0.0006561198582857666,3.9434550593928335e-05,3.5259283931244274e-08,5.637610971740608e-07,0.0032069144493557635,2.4037182338891883e-05,0.011207780869440659,3.1835986023767635e-07,8.09615958912158e-12,5.8929761172153944e-05,0.9791456837677729,1.763337734250622e-08,4.4446195601041813e-08,1.8567379708742425e-05,1.7319080746918762e-05,3.627785416017604e-08,3.0529536366864776e-06,3.541970529428288e-06,0.0010801677648887185,5.4916315167284016e-09,0.002590279440853144
1,4.1211966658302196e-07,0.00252571577379402,2.2432867020874073e-07,4.128141639748564e-07,0.0008283544128946396,3.4559491560545705e-05,2.6379339780782318e-08,4.6646590298455587e-07,0.003814891338440545,2.2657561377726728e-05,0.010399104949691805,2.572268007645719e-07,6.078762408634587e-12,4.515977141563362e-05,0.9788679511575449,1.409504362853348e-08,3.679698955236217e-08,1.0060012338955934e-05,2.2810133431893905e-05,2.6052230857547258e-08,2.621756919828879e-06,3.486996055660076e-06,0.0007784931092989122,4.285909372039489e-09,0.002642252964438622
2,1.146365543081865e-06,0.00701428482038995,2.7031319688437317e-07,1.8683609041672484e-06,0.000807363562093408,0.00023674577638197212,2.3617925482703885e-07,8.888554661637676e-07,0.0033372369546902677,2.9945025992768036e-05,0.007242899943095768,9.30579708689862e-07,2.0485252473756578e-11,0.000119230486724756,0.9726096237248999,1.0838526786345746e-07,2.7379544420344484e-07,6.819602235812861e-05,8.969459651717149e-05,3.664881138761627e-08,8.882992224112073e-06,2.730198994175245e-05,0.002437437253779799,5.007863889432829e-08,0.005965347268188734
3,2.6815225625606505e-07,0.0021146639293048238,1.1657046537499621e-07,3.029969432056379e-07,0.0005053204309349856,2.525455294134367e-05,2.58950971019801e-08,3.0979093292339764e-07,0.0017503557995027024,1.3072543874945305e-05,0.00820513038843477,2.782238861358423e-07,4.031737838998359e-12,6.130035690511623e-05,0.9835549540303975,8.791060406203339e-09,3.3685830072470915e-08,1.1909695239082339e-05,1.2206512799482978e-05,2.2301081113781865e-08,2.5044425916160743e-06,3.1214055789813436e-06,0.0007967157458907707,4.5496356492959815e-09,0.0029421192043838826
4,3.183108184415252e-07,0.0022020340711847064,1.2579743634565754e-07,3.344001150505727e-07,0.0005411086638401019,2.762582471551249e-05,2.880891863550662e-08,3.4210275241286975e-07,0.0017240994207900304,1.418933841687944e-05,0.008491541010069137,2.960559759171203e-07,5.272760195968046e-12,7.145016060516375e-05,0.9830836174418079,1.0403296945470452e-08,3.7225335047403645e-08,1.4183014803114165e-05,1.4447973240384556e-05,2.5857049350421336e-08,2.5678127494879657e-06,3.1642457058293675e-06,0.0008312623701971169,5.535450429760611e-09,0.0029771841494531963
5,2.6316893289980213e-07,0.002305227065147844,9.182557809727037e-08,3.804497007409215e-07,0.000423918969926869,2.8230495472253767e-05,2.2584358734551085e-08,3.23822138392945e-07,0.001576229726271128,1.1915267146960625e-05,0.008068875890608082,2.411312682592332e-07,4.463789822820457e-12,5.778935608102219e-05,0.9841476681414598,9.69291092011255e-09,3.300878203423313e-08,1.7288881118437433e-05,1.2772728692099924e-05,2.456334943562434e-08,2.4819270681587232e-06,3.1248397036613153e-06,0.0008517193671328357,4.5884191860118e-09,0.0024913625042683935
6,2.6815225625606505e-07,0.0021146639293048238,1.1657046537499621e-07,3.029969432056379e-07,0.0005053204309349856,2.525455294134367e-05,2.58950971019801e-08,3.0979093292339764e-07,0.0017503557995027024,1.3072543874945305e-05,0.00820513038843477,2.782238861358423e-07,4.031737838998359e-12,6.130035690511623e-05,0.9835549540303975,8.791060406203339e-09,3.3685830072470915e-08,1.1909695239082339e-05,1.2206512799482978e-05,2.2301081113781865e-08,2.5044425916160743e-06,3.1214055789813436e-06,0.0007967157458907707,4.5496356492959815e-09,0.0029421192043838826
7,7.18826286927685e-07,0.0024073901328292365,2.4390013025782804e-07,5.981409653077465e-07,0.000873812590204281,2.822715272508772e-05,4.6948141130461364e-08,6.145865693967052e-07,0.00275237649169974,3.053313624821531e-05,0.015665500386736995,3.945725664805088e-07,9.834810882211718e-12,8.375994537811899e-05,0.9735498050257768,1.4260493145639086e-08,5.261945442901762e-08,1.3072360721157367e-05,2.2105714754075837e-05,3.7400316555266816e-08,2.097656339999863e-06,4.816962059495309e-06,0.0006948065682190431,6.438161756347843e-09,0.003868968173387592
8,4.792241829636166e-07,0.001557331395739487,2.8685483577656597e-07,3.9740395607790607e-07,0.0005892816291766758,2.218639463383649e-05,4.3675557596689926e-08,2.79725700978347e-07,0.0017821344011782173,3.1200502724717527e-05,0.011557650428783782,6.296543530315925e-07,5.40297652378909e-12,0.00014289684372387055,0.9758925303378218,9.12204630612129e-09,5.406898872979397e-08,7.693034352696656e-06,8.839282807394427e-06,3.749631325547904e-08,4.5593316883380766e-06,3.540123096689755e-06,0.0016150194139811708,1.0247614975481756e-08,0.006782909401338709
9,2.3866930181768676e-07,0.0014037000805695817,1.0719272127168564e-07,2.4357688760059506e-07,0.00031504881583781995,1.4205357772510879e-05,1.8442796228927588e-08,1.6818515614364268e-07,0.001242576010146974,1.5839325863808937e-05,0.008388646263799643,2.979283865744509e-07,2.1195885765188347e-12,8.017945565595641e-05,0.9829058391469188,4.107298001391582e-09,2.4256778874209654e-08,5.857157201935671e-06,5.21418783540871e-06,1.814517374738248e-08,2.5323901326874446e-06,2.1966567095674583e-06,0.0011356915742358619,4.421014760416924e-09,0.0044813486496848905
10,2.6815225625606505e-07,0.0021146639293048238,1.1657046537499621e-07,3.029969432056379e-07,0.0005053204309349856,2.525455294134367e-05,2.58950971019801e-08,3.0979093292339764e-07,0.0017503557995027024,1.3072543874945305e-05,0.00820513038843477,2.782238861358423e-07,4.031737838998359e-12,6.130035690511623e-05,0.9835549540303975,8.791060406203339e-09,3.3685830072470915e-08,1.1909695239082339e-05,1.2206512799482978e-05,2.2301081113781865e-08,2.5044425916160743e-06,3.1214055789813436e-06,0.0007967157458907707,4.5496356492959815e-09,0.0029421192043838826
11,3.2237685437604904e-07,0.0021262848115417288,1.321674150271939e-07,3.416550718643862e-07,0.000537410732973583,2.8908962439860367e-05,3.070433192744592e-08,3.87800645755284e-07,0.0019310260167230988,1.600100731577759e-05,0.008613407307816007,3.2080675785231665e-07,5.589947932540595e-12,6.52236509792288e-05,0.9828932995685786,1.0991781419632566e-08,4.008150463838254e-08,1.3921824992963165e-05,1.4772501872923091e-05,2.5760652994234492e-08,2.600613077017373e-06,3.531725861273142e-06,0.0008152991547482959,5.626163261621986e-09,0.0029366941443107514
12,2.0574981870456743e-07,0.0018572273644486715,8.90769711077246e-08,1.900636883229907e-07,0.0021062709899736702,3.574892159003196e-05,5.634840941523017e-08,6.260023677799461e-08,0.0015618042578832937,7.260439292870214e-06,0.0073663246112904085,2.554720781225828e-07,2.906558830596494e-12,0.00033518794871148874,0.9719205431079297,6.693333847649194e-09,4.178767020344649e-08,2.8649805153665185e-05,6.831123118302145e-06,5.719127537432994e-08,6.694837900509231e-06,1.0002765721310135e-06,0.0049302108262834175,1.0328355835800811e-08,0.009835270175107564
13,1.9520401441983707e-07,0.000579018132405615,8.44934549069397e-08,1.880410059438073e-07,0.00023083414110028125,5.1503293151400774e-06,1.0930519531564963e-08,2.1481208541805086e-07,0.0007616119264739987,8.129951709448928e-06,0.015234632862826707,3.006096018224521e-07,2.5809083016222494e-12,7.7617973328753e-05,0.9810625200386198,4.142091292590952e-09,1.3847960797923861e-08,6.447777684610606e-06,2.6852597960190928e-06,2.194532768538686e-08,1.7241482394117627e-06,9.605524133341988e-07,0.0005565018593885804,1.4420959437032728e-09,0.0014711295759595258
14,2.0635156329041813e-07,0.005475397754914188,1.2287013310137824e-07,3.850502687644759e-07,0.0007139445080037032,3.110193928981133e-05,1.0185730055171353e-08,2.1569905395708983e-07,0.0016001305994561095,8.05610119986653e-06,0.01024558421800311,1.0071754775652294e-07,4.823117419039696e-12,3.1167698270548616e-05,0.9796733573106117,9.160425353824406e-09,2.0561003513925606e-08,1.68455131912491e-05,2.333595549321486e-05,2.7167765783411588e-08,1.948224791732789e-06,2.4970407423097076e-06,0.0006272131740247446,2.3605954555773076e-09,0.0015483198330976348
15,2.6815225625606505e-07,0.0021146639293048238,1.1657046537499621e-07,3.029969432056379e-07,0.0005053204309349856,2.525455294134367e-05,2.58950971019801e-08,3.0979093292339764e-07,0.0017503557995027024,1.3072543874945305e-05,0.00820513038843477,2.782238861358423e-07,4.031737838998359e-12,6.130035690511623e-05,0.9835549540303975,8.791060406203339e-09,3.3685830072470915e-08,1.1909695239082339e-05,1.2206512799482978e-05,2.2301081113781865e-08,2.5044425916160743e-06,3.1214055789813436e-06,0.0007967157458907707,4.5496356492959815e-09,0.0029421192043838826
16,2.1440162376847106e-07,0.0008730599235453256,1.3130950105957018e-07,2.802893280126085e-07,0.0003091765920152905,1.665893703058897e-05,2.4849660412333526e-08,3.149050280101357e-07,0.0006065967342495655,7.977320905360661e-06,0.009330732551676098,4.01654146693151e-07,6.409914774812101e-12,9.63036829239334e-05,0.9868588033048676,1.525524353619746e-08,2.7976985025220123e-08,2.2081333365682594e-05,7.4802143731218935e-06,3.759501011140431e-08,4.430055874348522e-06,1.5831510948399187e-06,0.0007860407488625622,4.8147085817411876e-09,0.0010776223915705673
17,5.771854930142609e-07,0.0016776173991263528,1.7916858275671208e-07,4.7338608556377705e-07,0.0007890364227903697,1.5240077641948775e-05,7.72764916177493e-08,4.218763989617106e-07,0.0019299577864351491,1.356998078288499e-05,0.015576518884195796,7.960030209775703e-07,5.741008538812238e-12,0.00018523460446699186,0.9720572009703751,9.75145050151478e-09,5.840897198045875e-08,1.0222063843142795e-05,6.622070016940481e-06,3.31238295901373e-08,3.1504108487694696e-06,4.374218636645707e-06,0.0009780257743624474,5.941286800767821e-09,0.0067505972091248135
18,6.486469944060286e-07,0.003976804532488657,9.06429779137076e-08,3.276326662762753e-07,0.0008052208914590456,2.6565199488524275e-05,5.794528745607069e-08,2.1982161767475715e-07,0.002470713992076742,1.4122697018979846e-05,0.010833268085332028,3.092719104560823e-07,3.1732585676923445e-12,0.00011894174056365533,0.9656181973084007,5.484202190936131e-09,1.1718022062534273e-07,1.6923016425991515e-05,1.687073998211888e-05,2.1860819864623153e-08,2.377137696079771e-06,7.924076427183664e-06,0.0013673349235996993,8.258110156373698e-09,0.014722928911060237
19,4.892475317661909e-07,0.0020071049531898153,3.0180718640024555e-07,6.13486893266775e-07,0.0009500672796023532,5.6169679430322066e-05,8.819277435556332e-08,8.751331258220589e-07,0.0037995067879845914,5.4203223045964595e-05,0.011559735450498055,7.936743510137672e-07,1.255488167038664e-11,6.782749879966543e-05,0.9758441540620958,1.8876978570503058e-08,7.466548143073696e-08,1.1801332229770488e-05,1.86454229987781e-05,4.765775273067587e-08,3.4473430732374753e-06,7.763694344208443e-06,0.0009084841416578543,1.0718333701880517e-08,0.004707775658085911
20,5.939529145379776e-08,0.0016928771927521029,3.998337569374328e-08,1.239170918375858e-07,8.923580869687353e-05,1.2014015531199147e-05,5.699609651122216e-09,2.2416704912575384e-07,0.0006231818194308463,4.023806723100063e-06,0.003559446723950238,1.9121815163206033e-07,1.2526939956741038e-12,1.6866766458102116e-05,0.9927992805355688,3.483908233658172e-09,1.0247189478111673e-08,6.0068049388054035e-06,4.031365114583706e-06,7.303030320302612e-09,1.662000839873048e-06,2.446246822043865e-06,0.0003002822777889376,1.443281908536133e-09,0.0008879777761523758
21,2.8822392829059316e-07,0.0012140194626664889,1.054711207628323e-07,3.68626537650064e-07,0.00031920172261597153,1.1086409828804885e-05,1.4834402437542684e-08,2.619942553023944e-07,0.0010080290758984966,7.5639867632453264e-06,0.01288274344715305,2.719781850751408e-07,3.829802805598817e-12,8.599556513713718e-05,0.9821926087863913,8.8743258147287e-09,1.7244616080383642e-08,1.1366615190520803e-05,6.276329180212297e-06,2.6166035691762393e-08,2.1881964592397514e-06,1.3909558349390978e-06,0.0006964560690953344,2.266852698560986e-09,0.0015597076936957597
22,3.18516825712464e-07,0.0013030691649183884,1.5608442024985177e-07,4.640941641335812e-07,0.0004688192567332304,1.627008602557766e-05,2.3311845731637587e-08,3.5192140328451625e-07,0.001409408331896454,1.866383255408483e-05,0.01888941597958237,2.7565906994823605e-07,5.8438023619262815e-12,6.560376525424067e-05,0.9746449652639443,9.990645327150355e-09,5.045697941079594e-08,1.7608724713455047e-05,9.505122073777913e-06,4.565994835374561e-08,3.075552293944675e-06,2.793398105268791e-06,0.0009272244518092787,3.486131716794718e-09,0.0022218778828181065
23,2.6815225625606505e-07,0.0021146639293048238,1.1657046537499621e-07,3.029969432056379e-07,0.0005053204309349856,2.525455294134367e-05,2.58950971019801e-08,3.0979093292339764e-07,0.0017503557995027024,1.3072543874945305e-05,0.00820513038843477,2.782238861358423e-07,4.031737838998359e-12,6.130035690511623e-05,0.9835549540303975,8.791060406203339e-09,3.3685830072470915e-08,1.1909695239082339e-05,1.2206512799482978e-05,2.2301081113781865e-08,2.5044425916160743e-06,3.1214055789813436e-06,0.0007967157458907707,4.5496356492959815e-09,0.0029421192043838826
24,3.4488000470698787e-07,0.002850714762247912,1.3033397390069176e-07,4.922136040017411e-07,0.0006509233194330375,2.3511846461761854e-05,2.4833950510507796e-08,3.2979804548318296e-07,0.0017796795940742732,1.3227303954323588e-05,0.011716733568834636,3.021778868674124e-07,5.225593274149582e-12,8.070093710052379e-05,0.9784351050386527,9.069741153236459e-09,3.4817808758626755e-08,1.3611883371532833e-05,1.2121760855140755e-05,3.2151371212424213e-08,2.2996643978067486e-06,3.3205438725978402e-06,0.000839612908199048,4.209386591520425e-09,0.0035767323775458882
25,5.495229864724767e-07,0.0006478633795217522,1.646304040277185e-07,4.872134081121029e-07,0.0005568458769311628,9.56224465999833e-06,5.0749298444715745e-08,5.753969421966248e-07,0.00143592096239592,2.1656274258400472e-05,0.02804418411203316,6.589298679874276e-07,8.90520187249529e-12,0.00014801002081753545,0.965624631940275,1.0034197567973217e-08,4.043654388378513e-08,1.2001660528606906e-05,4.93498346611646e-06,4.9854134400146736e-08,2.0965704620199177e-06,2.233147255285234e-06,0.00069269072736448,3.580718511328045e-09,0.002794777742623719
26,6.158713560084634e-07,0.002845876053253275,1.4291258449276142e-07,4.349959474629266e-07,0.001138173766989263,7.162177235194218e-05,5.400334150542629e-08,3.823612133060103e-07,0.005217862043962349,3.214240384661273e-05,0.008190793756042895,2.2800312544502617e-07,7.576747214821819e-12,7.140106552562701e-05,0.9744534294190018,1.5766143046296084e-08,9.89695080830188e-08,2.900535245545905e-05,3.66688874629289e-05,3.2478690617560786e-08,4.125885473779292e-06,4.654347978818949e-06,0.002155875870190602,1.2228550951450908e-08,0.005746351777426772
27,1.8416356016297888e-07,0.002920460561710024,6.380709802038662e-08,2.4300952621611445e-07,0.00031349126819400764,2.0385157196642417e-05,1.529000447105583e-08,2.886574196843603e-07,0.0020216018144753943,9.404253365870563e-06,0.0062778016318362296,1.8756948803979514e-07,1.9929349363110823e-12,3.129589405687411e-05,0.9848757153933342,4.765851132921474e-09,2.107417673098079e-08,6.794751269990548e-06,1.0024707587262415e-05,1.0616452243219991e-08,1.240408052653054e-06,3.768214366259061e-06,0.0004820020027191274,2.3793631531294316e-09,0.0030249926069023953
28,2.6815225625606505e-07,0.0021146639293048238,1.1657046537499621e-07,3.029969432056379e-07,0.0005053204309349856,2.525455294134367e-05,2.58950971019801e-08,3.0979093292339764e-07,0.0017503557995027024,1.3072543874945305e-05,0.00820513038843477,2.782238861358423e-07,4.031737838998359e-12,6.130035690511623e-05,0.9835549540303975,8.791060406203339e-09,3.3685830072470915e-08,1.1909695239082339e-05,1.2206512799482978e-05,2.2301081113781865e-08,2.5044425916160743e-06,3.1214055789813436e-06,0.0007967157458907707,4.5496356492959815e-09,0.0029421192043838826
29,2.6815225625606505e-07,0.0021146639293048238,1.1657046537499621e-07,3.029969432056379e-07,0.0005053204309349856,2.525455294134367e-05,2.58950971019801e-08,3.0979093292339764e-07,0.0017503557995027024,1.3072543874945305e-05,0.00820513038843477,2.782238861358423e-07,4.031737838998359e-12,6.130035690511623e-05,0.9835549540303975,8.791060406203339e-09,3.3685830072470915e-08,1.1909695239082339e-05,1.2206512799482978e-05,2.2301081113781865e-08,2.5044425916160743e-06,3.1214055789813436e-06,0.0007967157458907707,4.5496356492959815e-09,0.0029421192043838826
30,2.6815225625606505e-07,0.0021146639293048238,1.1657046537499621e-07,3.029969432056379e-07,0.0005053204309349856,2.525455294134367e-05,2.58950971019801e-08,3.0979093292339764e-07,0.0017503557995027024,1.3072543874945305e-05,0.00820513038843477,2.782238861358423e-07,4.031737838998359e-12,6.130035690511623e-05,0.9835549540303975,8.791060406203339e-09,3.3685830072470915e-08,1.1909695239082339e-05,1.2206512799482978e-05,2.2301081113781865e-08,2.5044425916160743e-06,3.1214055789813436e-06,0.0007967157458907707,4.5496356492959815e-09,0.0029421192043838826
31,4.048140806988838e-07,0.0019914285477601735,1.9540169329149036e-07,3.2298817456890433e-07,0.00041175697331994595,1.8835471542300427e-05,2.2682563731676653e-08,6.696802101769732e-07,0.00151128282339191,1.154613642872113e-05,0.008444323660391191,4.0943839226694506e-07,7.850413544208277e-12,5.873651111787389e-05,0.9854073173690391,1.5321393963462445e-08,3.8911091634802135e-08,1.4236273505976174e-05,1.8088310094483403e-05,2.1810451040830882e-08,2.8490311621548867e-06,3.6608213862843325e-06,0.00044299456452725604,4.666847996672463e-09,0.0016608377835828979
32,3.003633624058715e-07,0.0026562961200282727,1.234133425690358e-07,3.1490648301071153e-07,0.0005246271309352185,2.8590711746757935e-05,2.409955604268038e-08,3.221371560416726e-07,0.001833955894711149,1.3004743552163899e-05,0.007796929316095982,2.5589499944001077e-07,4.555940095970307e-12,5.8402965663760477e-05,0.9833610703960902,9.86128473436061e-09,3.690572701989207e-08,1.3643605908357455e-05,1.6668722978612142e-05,2.1883042318221482e-08,2.488838435914782e-06,3.488223470699359e-06,0.0007853351022896853,5.064658261869274e-09,0.002904083693925478
33,1.68983241220888e-06,0.019240617208205132,2.6856292221161586e-07,1.4477889756861097e-06,0.0010324796682318032,0.0002534825924686407,1.3805807539121637e-07,1.4222265836552908e-06,0.002208212297585097,2.8869341255498216e-05,0.004715296108991523,8.389752435214131e-07,5.894853249335135e-11,0.00014454679278282074,0.9649382775769081,1.2808274836474076e-07,5.166376445808638e-07,0.00015677618285959942,0.0003844252074508286,4.526359272795132e-08,5.916178782452228e-06,4.6316717219748796e-05,0.00127125729441487,1.1010882336734007e-07,0.005566921236873616
34,1.9716001043325865e-06,0.0024155893680906583,2.521089648504994e-07,5.630024245577157e-07,0.0012382166012616326,1.5046807919677975e-05,2.8585788840281017e-08,4.856805204883228e-07,0.0028175372707207654,1.782966537194694e-05,0.022376811898385866,2.2962070919671715e-07,1.0239113286515404e-11,0.00014763322660768475,0.9669743126258507,1.5293841628397518e-08,5.2525977871480653e-08,1.8849892537466632e-05,3.807925007303087e-05,3.171992072854043e-08,1.9002273388864523e-06,2.5292303754797133e-06,0.0006963791885070232,4.708723287383344e-09,0.0032356498897441912
35,8.540466901395818e-07,0.00597221805793051,8.373812074488799e-08,6.224335330581627e-07,0.0005090973708764996,2.7071779255596193e-05,2.01478082576941e-08,1.554137814399496e-06,0.010032583099055144,1.478693007833777e-05,0.009630224090761018,1.9832606953649345e-07,4.639043332627444e-12,1.578149710400738e-05,0.9706925847163324,1.0770056268236755e-08,3.818042809461408e-08,9.618373015534217e-06,3.895487665475128e-05,7.421214708753433e-09,6.432746683086368e-07,1.1894305100921227e-05,0.00020711938046951879,1.6325711489018636e-09,0.0028340314097522953
36,2.9371298902803795e-07,0.0014716887024315661,7.073983963662841e-08,2.556902548498658e-07,0.0002316498563314322,1.4133691936111427e-05,5.3265987133234644e-08,6.555899859117598e-07,0.001202680232812409,8.092404871214193e-06,0.008180913169370703,9.233930162988085e-07,4.374336059588601e-12,7.792321448218369e-05,0.9849322304826762,9.19626890860203e-09,6.273361002112213e-08,1.312251821415395e-05,7.071457105912063e-06,1.5310153684089525e-08,1.8365752351003029e-06,8.168600950042418e-06,0.00040305829128846327,4.6437782729474275e-09,0.003445086522036479
37,8.342995194247727e-07,0.001737265521220414,2.0926149375200085e-07,4.1336673444454826e-07,0.0008122345833520962,2.6124263824902767e-05,7.394690765253273e-08,2.4014061565193335e-07,0.0009409860839127065,1.3860856926555806e-05,0.010471983058347055,5.468364300575324e-07,1.0197074668215356e-11,0.00037053641855594005,0.9786063714629254,1.9992335227399427e-08,8.215064647062977e-08,3.074812764884531e-05,1.7970309016688722e-05,4.7227299738231654e-08,6.227034503211519e-06,2.6534982309236067e-06,0.002072343660048778,2.0282712207100195e-08,0.004888207606594774
38,1.5425764870244042e-07,0.0015667299677073346,8.290537724206427e-08,2.2630749568902007e-07,0.00026571842018306626,3.4072447722209515e-05,2.4701159083454882e-08,2.5978237941211463e-07,0.0010522848914562481,8.744175783598025e-06,0.0050841759582895205,2.4680730714819376e-07,3.875848993974925e-12,4.2539248092676354e-05,0.9897141993454778,1.2627823190943112e-08,2.515204417532188e-08,1.6588006936711033e-05,1.1557950690149464e-05,1.759502921159453e-08,3.298904406064222e-06,2.5386589867222853e-06,0.0008440175876521182,5.2013814919959784e-09,0.0013524790950947055
39,9.060716299662224e-08,0.0032158211947319187,1.5879234874012786e-07,2.151572234152203e-07,0.00026196664866057434,6.395369512490283e-05,1.492174302547401e-08,4.2425974517175e-07,0.0014788527063847763,6.1476802519081354e-06,0.0025652807906800176,4.263576082968367e-07,3.4683366476759773e-12,1.7749200263506708e-05,0.9905120596634166,1.8472933557987e-08,3.752456577275879e-08,1.3869925624956029e-05,1.6308199214853124e-05,1.493020082785527e-08,8.824400528138986e-06,5.937631330137125e-06,0.0006618505538639258,4.820540858866456e-09,0.0011699718623830273
40,5.259336240244487e-07,0.0024452429503791224,2.4793723788351086e-07,2.106466530986623e-07,0.0010502745753409705,1.2198356158244916e-05,3.4190041630625353e-08,1.879946853059698e-07,0.0012780852552114078,6.6349912928913406e-06,0.011649639258469907,5.89279836132518e-07,3.758835994590323e-12,0.0001864047937204737,0.9769706161971125,7.104326075866413e-09,3.665867798353259e-08,7.32563351097365e-06,9.207389727372433e-06,2.39496500423546e-08,3.697578738531871e-06,2.7584489840836936e-06,0.0008042642558858075,4.6621271512057024e-09,0.0055717819548496104
41,2.2868626375840264e-07,0.0028125359613632335,6.975122904816801e-08,3.5068097677514966e-07,0.0005843508776540374,1.6386247311131205e-05,7.438208116290937e-09,3.2559840514395313e-07,0.0024284787600559704,7.528627027904889e-06,0.01005412358648133,9.579469393279538e-08,3.4760289891568827e-12,3.635615153842822e-05,0.982408842827827,7.282085051568775e-09,9.752791690966054e-09,1.1142957323175574e-05,1.3111960117224838e-05,1.8163965302388564e-08,9.170281033183968e-07,1.2516651549641387e-06,0.00040852635427780516,1.2433494130851237e-09,0.001215332600320077
42,1.762242823816104e-07,0.009389379480117598,2.007919129139292e-07,5.573924091356837e-07,0.00024311194223006755,5.343243436168483e-05,1.0304729936055988e-08,1.063958336789175e-06,0.0030175387742135376,8.042387017370749e-06,0.004382206376404602,3.191777649994214e-07,4.033684652405573e-12,8.336752083444965e-06,0.9815171888662058,2.2168941794116777e-08,3.756683183548038e-08,9.148035367858535e-06,3.8842779723393557e-05,9.451420797015769e-09,2.792815798732115e-06,1.7551121469329883e-05,0.00022528411840188855,2.3614613230631812e-09,0.0010847447144791051
43,2.1359570566981472e-07,0.0022234224665047394,2.26445966835519e-07,4.198333469947275e-07,0.0006048272025001295,0.00010273804904447697,3.171495916099533e-08,6.265439269895977e-07,0.002951169566848264,3.757482078093279e-05,0.004811140239270682,3.6555100045779046e-07,8.989899582086211e-12,2.3725045505871356e-05,0.9863272651528808,2.1927719455460474e-08,6.856149452183525e-08,1.825602436152801e-05,2.60736529994102e-05,3.6878339774616607e-08,8.507321300791349e-06,6.057165290802104e-06,0.0011753248192541206,1.0215900511106319e-08,0.001681897196107202
44,2.6815225625606505e-07,0.0021146639293048238,1.1657046537499621e-07,3.029969432056379e-07,0.0005053204309349856,2.525455294134367e-05,2.58950971019801e-08,3.0979093292339764e-07,0.0017503557995027024,1.3072543874945305e-05,0.00820513038843477,2.782238861358423e-07,4.031737838998359e-12,6.130035690511623e-05,0.9835549540303975,8.791060406203339e-09,3.3685830072470915e-08,1.1909695239082339e-05,1.2206512799482978e-05,2.2301081113781865e-08,2.5044425916160743e-06,3.1214055789813436e-06,0.0007967157458907707,4.5496356492959815e-09,0.0029421192043838826
45,2.5056600616735695e-07,0.0018868972432025744,1.1034196848835841e-07,2.843462908488832e-07,0.0004384257918020385,2.6156750416693735e-05,2.814370804604289e-08,3.9155859038135495e-07,0.0016776636621875052,1.3287750026294146e-05,0.007257326679776359,2.940978797237454e-07,4.60829986667279e-12,5.3677807831844524e-05,0.9856909541955714,1.021845500634821e-08,3.188293736045958e-08,1.2507781071071313e-05,1.2795933827004312e-05,2.070372934764795e-08,2.3237742815223664e-06,3.2659092370646056e-06,0.0006433085618654717,4.755021769098725e-09,0.002279981539707628
46,3.44881961658038e-06,0.004726171407985142,9.725484078244057e-07,3.1852132590819707e-06,0.001757129790612325,0.00019060356511884895,2.578157779133704e-07,2.4198835041704855e-06,0.005723593484140778,0.00013185891864442195,0.022643102990681768,2.6400306575823354e-06,6.737576088230106e-11,0.00014018794600847057,0.9517601488219913,1.0398782009450175e-07,1.2905260461499907e-06,5.713990602697295e-05,0.00010595673810466929,1.342795736189175e-07,1.896516646870358e-05,5.37359322097007e-05,0.0024376469374645647,5.361084158335753e-08,0.010239251611662142
47,2.051157794990094e-06,0.004262094619233754,4.870851242392927e-07,1.3252353972591241e-06,0.0009077115036413383,7.187374452929688e-05,1.1848647240457921e-07,1.4001958650125463e-06,0.003325231627504387,3.944432701052764e-05,0.01215421810127197,1.105188761204669e-06,2.8411685201235855e-11,0.00011815135552752988,0.9733325480874966,6.430423696931528e-08,2.274333257795595e-07,2.942780781230017e-05,7.511133906072801e-05,3.942996791160937e-08,6.382307227917126e-06,1.821272362090831e-05,0.0010739719010972894,2.49047284871274e-08,0.004578777104879656
48,9.59600386461774e-07,0.006266063115146088,2.2259678742583746e-07,6.311152670648395e-07,0.0009130961171682245,0.00014235518048090479,8.141197899577107e-08,9.281013441144934e-07,0.0035885041075910573,4.504915644129729e-05,0.005839694644973747,5.0691868709504e-07,1.8776153894190037e-11,6.660389879020265e-05,0.9763790938945663,3.620836636584079e-08,2.2748028701068588e-07,4.3608230738926114e-05,0.00011449971172438726,3.2133458870753543e-08,4.4675097181603475e-06,1.8526881185682987e-05,0.0011263649395109807,3.3759759130564655e-08,0.005448413266865271
49,1.907981829339641e-07,0.003107790482745761,1.7717733613252442e-07,3.6031402582355236e-07,0.0004604519983670678,4.28625893907369e-05,2.757702799962904e-08,4.6669680274980744e-07,0.002157988707516267,1.5558171815141747e-05,0.006396134071888171,4.6155318802089453e-07,4.580558356127154e-12,3.277458553267889e-05,0.9843669925958228,1.1455131394028424e-08,4.171684441535487e-08,9.51543221525104e-06,1.39882247072118e-05,2.3392063071223317e-08,3.6304757282661096e-06,6.836070495778538e-06,0.0006500183211779379,4.895511542635402e-09,0.0027336926919021747
50,1.5449305749479406e-06,0.0009887702534728156,2.4498000486001397e-07,6.604096851297588e-07,0.0012244322128153772,3.1553898009151904e-05,1.966461646254096e-07,8.306315136096973e-07,0.002805387239664589,6.753395989861511e-05,0.02091963339572028,8.004485920907274e-07,1.8657725788939754e-11,0.00026634154643144644,0.9652383455922591,2.06203226438872e-08,1.0563176185901936e-07,2.082192180167404e-05,1.9359788515117982e-05,6.323784447401726e-08,2.3643958261843284e-06,4.561141878669068e-06,0.0011483161295984894,1.849088502240685e-08,0.007258092478101258
51,5.10228980106963e-08,0.007018021423857097,2.0366924364004136e-08,3.3728475240897773e-07,4.5980862173853324e-05,1.0270222670221278e-05,1.5987769385348728e-09,2.1973965894059643e-07,0.0007694029344631161,1.4277018222313426e-06,0.003611883821819051,9.19728859607588e-08,5.745198825174597e-13,5.943878199386531e-06,0.9876259792721434,2.4387551389423154e-09,4.320811242603377e-09,3.444535056670016e-06,3.6529760676952994e-06,2.959919651090682e-09,7.850727455410304e-07,4.123050057620391e-06,0.0001678213210142875,3.5014477668233954e-10,0.0007305308718078349
52,2.539795710499338e-07,0.0019338747695042157,1.0665075209553672e-07,2.9301118651241217e-07,0.00046884044548352744,2.4990748795525994e-05,2.3598281849367374e-08,3.1851783505919056e-07,0.001700365960640726,1.3744093471976493e-05,0.008025138123579757,2.597964693566566e-07,4.060743748634201e-12,5.6742103880509446e-05,0.9843966938274001,8.416679921800683e-09,3.030820891303701e-08,1.1937154771398567e-05,1.1895422531153954e-05,2.231399680417127e-08,2.287080681561149e-06,2.855632331447007e-06,0.000744496516516458,4.3061279810317635e-09,0.0026048172172413115
53,1.7647173055822763e-07,0.0005792775808560286,1.1194998326869793e-07,3.134181423177146e-07,0.00058155151322184,1.9687504685555093e-05,7.188715903050515e-08,2.0570280684702698e-07,0.0014293291774922514,1.4228268309808938e-05,0.013620010987733874,4.903963688826612e-07,3.926738259915071e-12,0.0001280056128299916,0.9782882868199351,9.328330260869022e-09,2.992943315570591e-08,1.4813193153473771e-05,2.8480645998810586e-06,5.023918500253848e-08,4.502210528246546e-06,1.5276666497156986e-06,0.0019894472022162508,4.849816338109001e-09,0.003325020020905452
54,1.7200491568456924e-07,0.004504071060731342,3.450929391978765e-08,1.563529084036139e-07,0.00022195979413907165,1.4667631668529073e-05,1.4387181425819488e-08,1.5583000323720713e-07,0.0012268062397366442,3.997074238123219e-06,0.0037096932395976187,1.4073710580265634e-07,9.496195598265895e-13,4.149086248380015e-05,0.9855525570000125,2.959346152160382e-09,1.3461033832891826e-08,4.526322489182636e-06,8.362934375068744e-06,4.518398647345505e-09,7.967037422241359e-07,3.4960057311148392e-06,0.0003874600276520114,2.4670698110209837e-09,0.004319417875196194
55,2.68026129453891e-07,0.0012604812474938782,1.1310872450477765e-07,3.137952804030865e-07,0.0005662605553552409,3.366628143919948e-05,6.68852470055829e-08,7.34342982384677e-07,0.00233530000941401,1.1878379807697968e-05,0.007071898013376038,1.2432146455087213e-06,8.623635442772496e-12,9.829538906491691e-05,0.9849925362390333,1.877634736623491e-08,3.356047752952421e-08,1.9398574690318757e-05,8.20863342208676e-06,3.409875283257167e-08,2.6704726160032745e-06,3.999371496630058e-06,0.0007109267428124757,6.478285729087033e-09,0.0028816477944819396
56,3.001417379600165e-07,0.002142383955590994,1.263087622993673e-07,3.38036669323176e-07,0.0005284405957105488,2.848420107405681e-05,2.8939371125720516e-08,3.6946056553965974e-07,0.001874882470272539,1.5086554932449906e-05,0.008417473109666108,3.0604232560920004e-07,5.2094769293521324e-12,6.313105612124173e-05,0.9831754203677677,1.0336485694126887e-08,3.7610557916346645e-08,1.3473594219546831e-05,1.388536330230358e-05,2.5437249535087132e-08,2.5964109630567015e-06,3.3743151159570396e-06,0.0008111484695121393,5.263084433535153e-09,0.002908671953732343
57,2.787665592183896e-07,0.0025023157744065243,4.23511091276967e-07,3.2612240236778514e-07,0.000985072076682759,4.2715764602650664e-05,4.133238026895805e-08,5.395043025121841e-07,0.0027015415885317503,2.2436827530752582e-05,0.008579546106794969,7.795926279129306e-07,8.823576920823118e-12,5.9200247719679685e-05,0.9810337847177445,1.7552777021082098e-08,5.588439535315828e-08,9.920552898811878e-06,1.734427125874152e-05,4.351137530616889e-08,5.539389308430051e-06,5.51619489539598e-06,0.0008113306385073033,7.31764080878495e-09,0.0032212227447417485
58,3.159905677801787e-07,0.0022791752906212693,1.331176381052119e-07,3.2042913185454675e-07,0.0005541230415856606,3.768780828780815e-05,3.511375237528068e-08,3.671039567926475e-07,0.0018478548250211594,1.8154015541232393e-05,0.006867583083282409,3.541767814313177e-07,5.944556795935032e-12,6.982089057423425e-05,0.9840214924911626,1.186967916435543e-08,4.762434070270625e-08,1.6009324763166818e-05,1.7101751087483957e-05,2.6532658307026087e-08,3.1806219146186764e-06,4.030380939402554e-06,0.0009768783338334945,8.339414200114987e-09,0.0032852878375202034
59,3.174331308199618e-07,0.0022647828391286935,1.7050040271016238e-07,3.371740579887833e-07,0.0006120034939732986,3.5703444065639566e-05,3.5931977996547097e-08,3.765205145783934e-07,0.0018663510640533098,1.7856238529863714e-05,0.007634231315147456,3.883381235535951e-07,6.235026908190011e-12,7.161194377346554e-05,0.9832754604398727,1.2827093647414686e-08,4.8939801238205987e-08,1.4950741047589331e-05,1.6548485836521666e-05,2.9760406634677605e-08,3.6749446936944306e-06,4.0416101167367105e-06,0.0009739001752166291,7.84504071176977e-09,0.003207157987759694
60,2.6815225625606505e-07,0.0021146639293048238,1.1657046537499621e-07,3.029969432056379e-07,0.0005053204309349856,2.525455294134367e-05,2.58950971019801e-08,3.0979093292339764e-07,0.0017503557995027024,1.3072543874945305e-05,0.00820513038843477,2.782238861358423e-07,4.031737838998359e-12,6.130035690511623e-05,0.9835549540303975,8.791060406203339e-09,3.3685830072470915e-08,1.1909695239082339e-05,1.2206512799482978e-05,2.2301081113781865e-08,2.5044425916160743e-06,3.1214055789813436e-06,0.0007967157458907707,4.5496356492959815e-09,0.0029421192043838826
61,3.152981143467503e-07,0.0022277977629345455,1.6296177902952875e-07,3.1152721054125186e-07,0.0006091948810697835,3.271878574592446e-05,3.3441615361945995e-08,3.4601142330195913e-07,0.001896838969891043,1.6551492326726832e-05,0.007786777636215611,3.610393742360919e-07,5.487159327530015e-12,7.005268867196884e-05,0.9831089764367344,1.154661747468756e-08,4.505110561960012e-08,1.3496022704258022e-05,1.565561975930855e-05,2.7048277447893844e-08,3.421831581037964e-06,3.74543410969591e-06,0.0009448411256168511,6.913537455655264e-09,0.0032683104680966274
62,2.6815225625606505e-07,0.0021146639293048238,1.1657046537499621e-07,3.029969432056379e-07,0.0005053204309349856,2.525455294134367e-05,2.58950971019801e-08,3.0979093292339764e-07,0.0017503557995027024,1.3072543874945305e-05,0.00820513038843477,2.782238861358423e-07,4.031737838998359e-12,6.130035690511623e-05,0.9835549540303975,8.791060406203339e-09,3.3685830072470915e-08,1.1909695239082339e-05,1.2206512799482978e-05,2.2301081113781865e-08,2.5044425916160743e-06,3.1214055789813436e-06,0.0007967157458907707,4.5496356492959815e-09,0.0029421192043838826
63,2.2358971092800222e-07,0.002724340161736825,9.257601890575515e-08,2.7019225663905496e-07,0.0004204193285147793,2.406423695125021e-05,1.872095567389166e-08,2.696845315594131e-07,0.0016799514655015458,9.935602140916452e-06,0.006921132816630411,2.077966951746216e-07,3.125334189054371e-12,4.672302217278755e-05,0.9847050281170877,7.16170125458751e-09,2.7737199530911003e-08,1.0910737713720708e-05,1.249184321388664e-05,1.6974546544313532e-08,2.1026172412803986e-06,3.153336045723248e-06,0.0006935475002807458,3.671060764256226e-09,0.00274506110696637
64,2.1728347701267033e-07,0.00208918482078041,1.6067484958312433e-07,2.7993357190387063e-07,0.0004863782401745345,2.7683832433123096e-05,2.3235237847218956e-08,2.709065584624118e-07,0.0015536342105078194,1.1706946739264241e-05,0.007271068203847141,3.3191671607884656e-07,3.922703166134652e-12,5.558907907603974e-05,0.9848836350812484,9.872270839647257e-09,3.780273246947422e-08,1.099735976761688e-05,1.0888676709455441e-05,2.4728085181093347e-08,4.549737420575806e-06,3.167202756919475e-06,0.0009841079651766588,4.857972277127094e-09,0.0026060474279674317
65,1.4855171504098757e-07,0.002938511213357,9.34280776262725e-08,2.18946884274815e-07,0.00042059802153588316,2.925635285517441e-05,1.9476751996225274e-08,1.7779483931510625e-07,0.0012974676919890742,7.327259442438205e-06,0.004903102347948851,2.2921890761112486e-07,2.525046026052828e-12,5.291671764755647e-05,0.9859970359239599,6.825124004078528e-09,3.0118060414792343e-08,1.2333816454695435e-05,1.017804946436969e-05,1.85816518574312e-08,3.652437187790981e-06,2.9760776051690353e-06,0.0010582789197448993,4.834700873249505e-09,0.003265417391568861
66,2.358989382882157e-06,0.00216017397957529,1.2102777324223624e-06,1.3818186925673694e-06,0.006352495557171759,9.899668405346218e-05,2.9388717859637475e-07,1.1370250059561838e-06,0.008159585733867686,0.00011643389372147576,0.030876734091543245,1.0261764613516371e-06,5.514512659924943e-11,0.00025106344192370335,0.9415624187077234,6.557513373258152e-08,2.287334554717554e-07,3.370991001335717e-05,5.923905229912545e-05,2.0233292453138877e-07,8.444653518228305e-06,6.524799023840242e-06,0.002341319393604147,2.7793961616546208e-08,0.00796492743688713
67,1.8868202768198168e-07,0.0023179111093082324,9.836477810815995e-08,2.572942860175364e-07,0.0004003137628210485,2.803733764227082e-05,2.2458004630293766e-08,2.3092038389636904e-07,0.0014135205995784068,1.0089400494647872e-05,0.0064040033895619635,2.5795700601325316e-07,3.132666507097294e-12,5.567706793512666e-05,0.9852982192969618,7.670462764540412e-09,3.3250961835203545e-08,1.2289073326543187e-05,1.0714862796305232e-05,2.0411428105505948e-08,3.028487124359624e-06,3.0990988520067544e-06,0.000954590591130279,4.762627470083828e-09,0.003087384147367631
68,3.0355830619807647e-08,0.0006933178065797681,6.250878170095666e-08,1.0739189778017736e-07,0.00017851003843570478,4.601294738069982e-05,2.109815194322468e-08,2.9525738561050016e-07,0.0006226423752059619,6.698869121425972e-06,0.0024449775164104965,6.233225049282118e-07,2.27406640658474e-12,2.176403725915956e-05,0.9944232052199178,6.952332368633398e-09,1.641589622807885e-08,1.298197752246841e-05,2.5766705086847952e-06,2.4519753912628484e-08,7.133988363625193e-06,2.3544160107437565e-06,0.0006133895041315868,3.634865987345174e-09,0.0009232431734768627
69,1.5153131100873413e-07,0.0014467267979202637,8.144673884803998e-08,2.3630907049499345e-07,0.00035669665817510517,1.7242370633999984e-05,1.5674108787996997e-08,2.1504612051342562e-07,0.0015090767230309214,9.88849167240918e-06,0.00929265985534892,2.0365624839431963e-07,2.223307786949842e-12,4.020548552191978e-05,0.9841263451351446,4.821484638967013e-09,2.2756160671100853e-08,9.387490139607092e-06,5.747274998122673e-06,2.0823837460893195e-08,2.392247871357074e-06,2.1263295614683248e-06,0.0008008783772263493,2.1461611233088986e-09,0.002379672549289582
70,1.4441273067733753e-07,0.0015978372083092327,1.8352759111338822e-07,6.885597097771405e-07,0.0005275804451807227,4.087330203378433e-05,2.7430702192870693e-08,4.2515961958518343e-07,0.0033374092468403576,1.548570548875644e-05,0.012754022725752674,3.4931768022113876e-07,3.9251757940054124e-12,2.9931677690190693e-05,0.9791244017811626,1.4230668563434156e-08,1.2906352276921757e-08,7.5482875613303194e-06,5.4597640761512855e-06,3.788870286670946e-08,2.950073251200826e-06,2.352351614567146e-06,0.0008484056868261024,1.781017585481052e-09,0.0017038565255124015
71,1.2944799854118714e-06,0.0012918555745990044,2.871629864603123e-07,7.607604960816389e-07,0.002552871493069865,7.567241842019678e-05,3.7832996526793077e-07,9.618195342893792e-07,0.006176353551315452,8.715648695765492e-05,0.0165641647211888,8.789315774549914e-07,2.305261641203962e-11,0.00021904231001971017,0.9618989777197853,2.9726389026236236e-08,1.4412760424734953e-07,2.6022601959594037e-05,2.4512509227283535e-05,8.41987001927145e-08,3.861990069467502e-06,6.105785514035472e-06,0.0018400552824722033,2.566802301774489e-08,0.009228502327087487
