,0,1,2,3,4,5,6,7,8,9,10,11,12,13,14,15,16,17,18,19,20,21,22,23,24
0,5.033625252637197e-07,1.045401796193727e-05,6.844047486884141e-07,4.7365557651510323e-08,0.003060627886454893,2.1440377662803504e-05,5.3455801091403386e-05,3.928667217788043e-08,0.012229414388514466,1.0364830598567237e-09,0.00010228855666440682,1.329603147834633e-06,9.240255802483424e-09,3.6074747802410577e-07,0.9812649927846634,1.6698620192031206e-05,7.517269133889448e-06,1.3482424821763315e-06,3.620011266022507e-06,2.6181696424578492e-08,9.184421135785453e-06,0.00014292990219789568,1.0347204282102412e-07,2.3007723428511603e-08,0.0030729000122475766
1,2.3050019230492374e-06,4.1416388934186084e-05,4.865504333070683e-06,3.4303924275840427e-07,0.003327816981054087,3.0281490684384675e-05,0.00037550496907044507,8.813843512363134e-08,0.01660083336166617,1.2024910659608517e-08,0.00012366434041990475,6.806453035790855e-06,1.173659665874421e-08,1.4831507758645433e-06,0.961336498944672,2.0018315648105947e-05,6.1600912883942806e-06,5.4967578010095445e-06,3.6070195837718765e-06,4.6465273971729356e-08,2.1506401296016206e-05,0.00021812169934121,5.546067494614178e-07,5.002780548241088e-08,0.017872507089458735
2,3.7177058580226957e-06,8.272546414259163e-05,1.1171366011233869e-05,2.1300876598835676e-06,0.004171853657841053,8.61016455987243e-05,0.000715561382359117,2.1361307591151963e-07,0.025448806859966068,2.836688872851948e-08,0.0005404398349453602,2.1123834405624585e-05,2.4346276585034136e-08,5.828344413099821e-06,0.934759393301631,2.9983235298433177e-05,2.4997285946883625e-05,1.6629763351449318e-05,7.792958506743442e-06,8.554825785242222e-08,8.638989419385145e-05,0.0008331092574266827,3.0050475526925885e-06,2.0653664400921635e-07,0.03314868066174835
3,2.2694922042993445e-06,4.834926544419222e-05,4.1297790548211776e-06,5.348777096336832e-07,0.004704056057941223,3.150883784209092e-05,0.00044046069450388495,9.221849617814604e-08,0.01339354952532308,1.1881374016858904e-08,0.00022169623353132084,8.565876921912967e-06,1.2472996769152952e-08,3.012899434731709e-06,0.9535379077962913,1.4799101466277917e-05,1.1516400763493263e-05,6.975755408433088e-06,2.953665509954687e-06,5.735596516781328e-08,2.628194558149808e-05,0.00030958820683505827,1.163769359300579e-06,5.5878123684680404e-08,0.027230450011917876
4,2.425366446757699e-06,5.001608729268839e-05,4.106029296935819e-06,5.642524850523827e-07,0.004802098835284851,3.106650653246729e-05,0.00044913336017934734,8.906049845010432e-08,0.014452334866794148,1.1403137488253508e-08,0.00022785639080225665,1.0792973656595866e-05,1.6905279647220847e-08,3.3218878841013005e-06,0.9498874591222402,1.4783443449835157e-05,1.3287201225832204e-05,7.252796909760655e-06,3.158520347436336e-06,6.177429673936776e-08,2.887643918216271e-05,0.0003451191342009579,1.2120819593027453e-06,6.110302785348806e-08,0.029664894457589266
5,3.242561179123344e-06,6.0211499268984164e-05,4.992104455882757e-06,1.0163031165954498e-06,0.004642903800565084,3.832618994519851e-05,0.000519345367783885,1.097383702944924e-07,0.01587428827181837,1.776651073418479e-08,0.0002748795200792821,1.3452213128425828e-05,1.7600977512876642e-08,5.095830763996866e-06,0.93729556994423,1.6801947044136198e-05,1.7648362240734243e-05,1.4069837715059981e-05,3.066404276352439e-06,7.760310694563647e-08,3.7686593374632434e-05,0.00047138158295032516,1.6512019043623153e-06,7.940398132189502e-08,0.04070406835121264
6,2.2694922042993445e-06,4.834926544419222e-05,4.1297790548211776e-06,5.348777096336832e-07,0.004704056057941223,3.150883784209092e-05,0.00044046069450388495,9.221849617814604e-08,0.01339354952532308,1.1881374016858904e-08,0.00022169623353132084,8.565876921912967e-06,1.2472996769152952e-08,3.012899434731709e-06,0.9535379077962913,1.4799101466277917e-05,1.1516400763493263e-05,6.975755408433088e-06,2.953665509954687e-06,5.735596516781328e-08,2.628194558149808e-05,0.00030958820683505827,1.163769359300579e-06,5.5878123684680404e-08,0.027230450011917876
7,1.7455390795121305e-05,0.00011053866001682111,3.109372893967229e-05,7.357823341607336e-07,0.010404858170884835,8.388275616615788e-05,0.0013394665329865176,2.2682715897321104e-07,0.024249516722831377,3.5509796555054046e-08,0.00046160862514454167,1.6190399184467453e-05,3.879369357414173e-08,3.8007728167381953e-06,0.9142425383089751,2.041055596047486e-05,1.4929131816227183e-05,1.5018491228778145e-05,1.1821446404138285e-05,1.0324724209076084e-07,3.095574571937228e-05,0.0002300255385197587,2.6332937530627227e-06,2.5433791317063906e-07,0.04871186122971835
8,7.373296251022428e-06,0.00018311684807342934,1.990011134952812e-05,2.120351757135816e-06,0.010216373138798545,6.523770942208457e-05,0.0015328030644084893,2.1238913742336825e-07,0.01924896505150827,4.8685847519930843e-08,0.0004501028345875286,2.2790614557379687e-05,2.327650162400553e-08,8.62882045288723e-06,0.9047319086574647,2.1144078251116205e-05,1.2885162276720039e-05,9.270200988454456e-06,5.245574173879513e-06,1.5555576361858242e-07,3.961113589554071e-05,0.0002601367949004408,6.594013047085491e-06,1.809146731889221e-07,0.06315517171991238
9,3.306687839620864e-06,0.00011781145327824536,1.3579704810929702e-05,2.2014271003772154e-06,0.004788480612378925,4.963180954281245e-05,0.0010231156835602863,1.3556358679105142e-07,0.020762005823479125,4.046798337637201e-08,0.00024367913565102943,2.3191395840799516e-05,2.0843344950563356e-08,5.418624467223567e-06,0.9221819481796956,2.2535781623093448e-05,1.0662477922727993e-05,8.946253701832688e-06,3.3257814237128825e-06,1.2421513979894123e-07,6.454838987170327e-05,0.00034685889870352373,3.534135484887733e-06,1.2424855399558628e-07,0.05032477240501475
10,2.2694922042993445e-06,4.834926544419222e-05,4.1297790548211776e-06,5.348777096336832e-07,0.004704056057941223,3.150883784209092e-05,0.00044046069450388495,9.221849617814604e-08,0.01339354952532308,1.1881374016858904e-08,0.00022169623353132084,8.565876921912967e-06,1.2472996769152952e-08,3.012899434731709e-06,0.9535379077962913,1.4799101466277917e-05,1.1516400763493263e-05,6.975755408433088e-06,2.953665509954687e-06,5.735596516781328e-08,2.628194558149808e-05,0.00030958820683505827,1.163769359300579e-06,5.5878123684680404e-08,0.027230450011917876
11,2.439468988192151e-06,5.050709534584549e-05,4.339935630500779e-06,5.631944137692417e-07,0.005009947755767713,3.230291763398726e-05,0.00046149582500311197,9.559421049996053e-08,0.014144116665836676,1.229716616941097e-08,0.00023120787981668604,9.81229022376888e-06,1.5740743227294054e-08,3.175689578893437e-06,0.9514353647943614,1.5693248945338224e-05,1.2613883056625228e-05,7.154940582772662e-06,3.19371744627977e-06,6.485664798661359e-08,2.7686010105406053e-05,0.00032080906318431067,1.245330151011333e-06,6.278776736582496e-08,0.028226079017392332
12,7.049147221153945e-06,0.0001836528908382712,1.9036495842920158e-06,1.1470071206224983e-06,0.02822382963580736,8.552490899324613e-05,0.00036877908602955437,3.2560466605794825e-08,0.01304445818726965,4.092692338299419e-08,0.0001491685640607307,5.368584701258048e-06,2.97770962413152e-08,4.809070219849047e-05,0.6153649835838834,8.616386907320052e-06,0.00021108046218539658,4.949441307279615e-05,1.1349286233021893e-06,2.7284318308577014e-07,5.836678615738362e-05,0.0004077193507359412,4.223952869811384e-06,2.785495518297365e-08,0.3417750038091154
13,1.2330459812057762e-06,3.6094056593702764e-05,3.2098101509077626e-06,6.785414561621203e-07,0.004137230659972603,2.329382168250457e-05,0.0004601711026993242,1.2694012493885155e-07,0.009896524560672191,6.664804431522363e-09,0.0005280196964170673,1.3675981706721513e-05,1.1012353022185543e-08,4.594487866110811e-06,0.964163519116192,1.1986235190318191e-05,1.0510629545409363e-05,4.761590844752412e-06,2.5224424473299754e-06,4.6848108051862595e-08,2.5155981755400837e-05,0.0004276379491265287,1.8091646948227708e-06,6.034646533294051e-08,0.020247119313149316
14,2.6560980029909756e-06,0.0001060558669330625,2.801293306667305e-06,5.89401957352975e-07,0.007836415895396073,3.198503245152554e-05,0.0005992118338278759,1.0750136155303302e-07,0.012318578125572502,2.0663328050943572e-08,0.0002994052319424829,7.582339725586911e-06,8.686943864812617e-09,5.22596352303084e-06,0.9506359230600379,1.5449482455959403e-05,1.127655567014938e-05,7.285918642063296e-06,4.054609673185693e-06,7.188924678301133e-08,2.1336438948785394e-05,0.0003132426284384358,1.6157621416101789e-06,6.057093172665843e-08,0.027779039149540937
15,2.2694922042993445e-06,4.834926544419222e-05,4.1297790548211776e-06,5.348777096336832e-07,0.004704056057941223,3.150883784209092e-05,0.00044046069450388495,9.221849617814604e-08,0.01339354952532308,1.1881374016858904e-08,0.00022169623353132084,8.565876921912967e-06,1.2472996769152952e-08,3.012899434731709e-06,0.9535379077962913,1.4799101466277917e-05,1.1516400763493263e-05,6.975755408433088e-06,2.953665509954687e-06,5.735596516781328e-08,2.628194558149808e-05,0.00030958820683505827,1.163769359300579e-06,5.5878123684680404e-08,0.027230450011917876
16,1.2198106706091305e-06,4.241215175016655e-05,2.149737369789291e-06,4.697163664513735e-07,0.002727979861052154,1.6392347248782332e-05,0.00044815084515174305,8.758704424279952e-08,0.009380695062883318,1.5273873582752938e-08,0.00013265286203215226,1.1937619913026823e-05,9.403532427699102e-09,3.0531053368527093e-06,0.9608526254372228,1.402256901394715e-05,9.500383706237221e-06,6.443256937618596e-06,2.494425744892301e-06,4.774625285749623e-08,4.114380699990367e-05,0.0005142840126731493,9.16271519194582e-07,3.2294167445965085e-08,0.025791264411536608
17,1.7023331898837897e-06,5.140729824052352e-05,2.683245556360759e-06,9.688044595115263e-07,0.006968662939134619,2.5060643814446424e-05,0.0005482644633829156,1.2329142591311954e-07,0.00998479953396677,1.3707966110215787e-08,0.00036735629099797474,1.7006641091575476e-05,2.3061821757382227e-08,8.50630352089624e-06,0.9352238246394387,1.499283040595504e-05,3.321499822297751e-05,9.02618560000363e-06,2.250192345075147e-06,1.1345398033042252e-07,4.252741258980193e-05,0.0006931645834674415,3.198511673096254e-06,5.651450874307453e-08,0.04600105211919862
18,2.819941586026107e-06,4.358716812607588e-05,2.6681600457669074e-06,5.006644254892362e-07,0.006542208848971697,2.57704259766453e-05,0.00046036538650278037,5.210483440807761e-08,0.010304333817937137,1.5783676665215112e-08,0.00014346763975476933,9.944926662074878e-06,2.0589043706946953e-08,5.483833875917871e-06,0.9019779407354651,1.0330002150416665e-05,3.1868702540790293e-05,1.5521129346965328e-05,1.581410734100451e-06,8.236459941830327e-08,4.08564546582475e-05,0.0004422167239660747,1.406079089207049e-06,3.3472624109818884e-08,0.07993692363340633
19,1.4885638914654397e-06,4.4095768274920404e-05,4.332278688523489e-06,6.499065892769773e-07,0.0030930586532313138,1.6380441972899633e-05,0.0006998572724531964,1.06379988344402e-07,0.01292803333235693,1.1722002048276823e-08,0.0001644033830511122,1.6897171807491253e-05,1.2454958457243815e-08,2.6075947031197897e-06,0.9574496763720168,1.5317966128682216e-05,7.158175468424722e-06,4.847501042138781e-06,2.22078558201438e-06,4.42064693910903e-08,3.0929150291687103e-05,0.0003791300905902378,9.62925581738126e-07,3.974182322343126e-08,0.025137738161036625
20,5.744630263186019e-07,1.5748854089207472e-05,1.6049761680588826e-06,2.531763490757336e-07,0.0013207640001281933,1.0280231470474173e-05,0.00021367799078315626,8.247965468298032e-08,0.005783921121056909,4.439041828177814e-09,0.0001317723312135828,5.336396332312497e-06,4.004146250780476e-09,1.2120263415532912e-06,0.9823573814961405,9.32879144070256e-06,4.2878430133155874e-06,2.9160064789433627e-06,1.4775076391655923e-06,1.9913785337961973e-08,1.3289667068717952e-05,0.0003289005864637951,3.9584309293009863e-07,1.7868375190302917e-08,0.009796747986699836
21,2.515444071876609e-06,6.956027438945516e-05,4.284332836813051e-06,8.341997473014097e-07,0.0035648996891180927,2.8547786058708365e-05,0.0005476033246625072,1.457848525643724e-07,0.01944469869697582,1.8146479978424675e-08,0.00018940550672360128,1.624046164630904e-05,1.397026985296522e-08,5.078754264533588e-06,0.9517605738279545,2.8500236210670322e-05,7.164668319054838e-06,8.99189027728908e-06,3.2901664602162456e-06,6.649969996736249e-08,3.1333972437817126e-05,0.0003712456181183243,8.215429956851995e-07,5.61195583621158e-08,0.02391410908587055
22,3.5466870622523067e-06,3.228330863365243e-05,3.9243285249642415e-06,4.258577287021062e-07,0.0044767823115892,3.9755000939753275e-05,0.00025020436046643867,8.31954035718493e-08,0.011883926284622228,1.078021482100419e-08,0.00024574627216933706,4.853050270492085e-06,1.205464493301384e-08,2.738836928265982e-06,0.9516367660422715,1.3568272576833493e-05,2.2697551620263688e-05,1.649237697248682e-05,2.7387254304247305e-06,5.70564847580686e-08,2.4025211238213527e-05,0.000404413038198106,8.728166873929052e-07,5.6848125564152316e-08,0.030934019731195958
23,2.2694922042993445e-06,4.834926544419222e-05,4.1297790548211776e-06,5.348777096336832e-07,0.004704056057941223,3.150883784209092e-05,0.00044046069450388495,9.221849617814604e-08,0.01339354952532308,1.1881374016858904e-08,0.00022169623353132084,8.565876921912967e-06,1.2472996769152952e-08,3.012899434731709e-06,0.9535379077962913,1.4799101466277917e-05,1.1516400763493263e-05,6.975755408433088e-06,2.953665509954687e-06,5.735596516781328e-08,2.628194558149808e-05,0.00030958820683505827,1.163769359300579e-06,5.5878123684680404e-08,0.027230450011917876
24,3.7687961116325327e-06,0.00011267811812647968,4.567128171125329e-06,1.1558356017150858e-06,0.006480733576267931,4.333324547966741e-05,0.0005673177227037792,1.3726445362992385e-07,0.0174337286368592,2.4110246070542728e-08,0.00030130871265401704,1.3653786822231e-05,1.778982980401926e-08,7.829047614576008e-06,0.935393118659118,2.079204912932276e-05,1.924870622311416e-05,1.2193516060709585e-05,4.292063585639073e-06,1.0859249278811636e-07,3.51530620165439e-05,0.0004676769982488582,2.089827901156857e-06,8.566027024669575e-08,0.03907498709401176
25,1.3840134261291077e-06,5.345881307354265e-05,3.6476988788957646e-06,1.2807652853266414e-06,0.005199334039774135,3.236678315849499e-05,0.000684101585706386,3.973821261566124e-07,0.010258284387511113,1.1959657761086427e-08,0.0010114988515767386,1.3781672934843297e-05,7.936701931597439e-09,9.3204470271356e-06,0.9677874738853703,2.237922412712713e-05,1.1100095024956196e-05,6.579173267875592e-06,3.768812213232365e-06,6.153413332423975e-08,2.602041767791573e-05,0.0005676754107339288,2.4890046723572e-06,7.924785606342035e-08,0.014303496858084358
26,1.795502331655671e-05,0.00012472793801097192,1.9310946129480584e-05,1.2728296609743718e-06,0.016517803768249347,0.00014729999687715319,0.0006199260485286762,1.2731256023742515e-07,0.043743451948620116,2.8566470118257215e-08,0.0006460734176474338,1.3485848738483585e-05,7.167789547643154e-08,4.428364238092494e-06,0.8802677552758239,2.69945543271884e-05,5.341694216657659e-05,2.9099859746147732e-05,1.1525133520162648e-05,2.2783508530250598e-07,6.0500581236880796e-05,0.0004281866048586543,4.691095974453919e-06,5.75655607284977e-07,0.057261062774710415
27,1.3361617077686245e-06,3.10654230564922e-05,2.512467202625525e-06,3.9417492198149794e-07,0.002782605490260081,2.1422703328950597e-05,0.0002795000811785433,8.090416593368868e-08,0.01062628470450394,7.382702625528912e-09,0.0001881440522268563,6.58536134656515e-06,7.943090505019512e-09,2.0860671424308656e-06,0.9685649236004719,1.2498935160166526e-05,8.855708747447564e-06,5.4647220619820354e-06,2.3931999138282316e-06,3.710164634734399e-08,2.0318369531159806e-05,0.00037219733591295435,7.259842303714167e-07,3.885220692735968e-08,0.017070513273281566
28,2.2694922042993445e-06,4.834926544419222e-05,4.1297790548211776e-06,5.348777096336832e-07,0.004704056057941223,3.150883784209092e-05,0.00044046069450388495,9.221849617814604e-08,0.01339354952532308,1.1881374016858904e-08,0.00022169623353132084,8.565876921912967e-06,1.2472996769152952e-08,3.012899434731709e-06,0.9535379077962913,1.4799101466277917e-05,1.1516400763493263e-05,6.975755408433088e-06,2.953665509954687e-06,5.735596516781328e-08,2.628194558149808e-05,0.00030958820683505827,1.163769359300579e-06,5.5878123684680404e-08,0.027230450011917876
29,2.2694922042993445e-06,4.834926544419222e-05,4.1297790548211776e-06,5.348777096336832e-07,0.004704056057941223,3.150883784209092e-05,0.00044046069450388495,9.221849617814604e-08,0.01339354952532308,1.1881374016858904e-08,0.00022169623353132084,8.565876921912967e-06,1.2472996769152952e-08,3.012899434731709e-06,0.9535379077962913,1.4799101466277917e-05,1.1516400763493263e-05,6.975755408433088e-06,2.953665509954687e-06,5.735596516781328e-08,2.628194558149808e-05,0.00030958820683505827,1.163769359300579e-06,5.5878123684680404e-08,0.027230450011917876
30,2.2694922042993445e-06,4.834926544419222e-05,4.1297790548211776e-06,5.348777096336832e-07,0.004704056057941223,3.150883784209092e-05,0.00044046069450388495,9.221849617814604e-08,0.01339354952532308,1.1881374016858904e-08,0.00022169623353132084,8.565876921912967e-06,1.2472996769152952e-08,3.012899434731709e-06,0.9535379077962913,1.4799101466277917e-05,1.1516400763493263e-05,6.975755408433088e-06,2.953665509954687e-06,5.735596516781328e-08,2.628194558149808e-05,0.00030958820683505827,1.163769359300579e-06,5.5878123684680404e-08,0.027230450011917876
31,7.945236448196061e-06,0.00010181421480664663,1.330900755218512e-05,9.062506076277294e-07,0.0067031894570231156,4.8866644964593034e-05,0.0009450646849164741,2.608396922023036e-07,0.01600274726639233,3.515274971101096e-08,0.0003101729678375866,1.1641708147251766e-05,1.668726317350827e-08,4.494505601239001e-06,0.9373340839117245,1.912428894513524e-05,1.369207568548465e-05,1.3622046099425209e-05,6.525493015983023e-06,8.937581747861544e-08,3.068201439449684e-05,0.00031485530037488274,2.0920686523725014e-06,1.0566296129959169e-07,0.03811466313832649
32,2.4425294873995385e-06,5.066417647828895e-05,4.043509677361474e-06,4.804827630560308e-07,0.004499274977406722,3.2555769146257944e-05,0.0004189077515940115,9.49116115314518e-08,0.013555787834977035,1.1937600005440889e-08,0.00022470135033843735,8.380175339167908e-06,1.2521046863019701e-08,2.8561416422096624e-06,0.9559463022667715,1.4643873227154851e-05,1.1317557456820178e-05,6.9213670592567505e-06,3.662008711110754e-06,5.4081671715924183e-08,2.5439830672380034e-05,0.00031992763049681124,1.0919875017982874e-06,5.988414202967226e-08,0.02487036544318117
33,2.3822690053652467e-06,8.444844797760986e-05,3.8121529542774375e-06,1.654251991635952e-06,0.008796555003058575,7.628650833480537e-05,0.0005556041411031935,3.1440659360696083e-07,0.013946159249728878,3.0900454777190665e-08,0.0008065407050181897,1.4329912956340864e-05,3.245973989345683e-08,1.3082846410855354e-05,0.9465347943394603,3.961272202882e-05,5.7322594709395124e-05,1.3987061658673494e-05,7.911201280760725e-06,1.9756126251586978e-07,5.8499252886906406e-05,0.001163919346277377,5.321406082400206e-06,1.7522396814999802e-07,0.027817026035056657
34,4.902270539976727e-06,5.785989004315529e-05,5.232029974984368e-06,2.293862646706648e-07,0.004086970571421964,3.092095029523938e-05,0.0003301368380058474,7.715642884639922e-08,0.024239152708908286,5.724405613661437e-09,0.0001968651287267173,8.017338923579378e-06,1.3787422978058669e-08,1.384841659030075e-06,0.9545601449361115,1.1016993621200403e-05,6.918165680252714e-06,5.8625726652874015e-06,7.248123384610728e-06,2.860014480446533e-08,1.6756968624391304e-05,0.00021772699006809436,4.3641729917054996e-07,7.20472041710671e-08,0.01621201956217576
35,2.4315054701170826e-05,8.293904510887733e-05,1.448104487587315e-05,9.436141800098645e-07,0.004270375531393436,3.177233624372419e-05,0.001059653873211821,2.4808741358698344e-07,0.04638063878408812,2.7942080588822076e-08,0.00017998483452651493,2.211870664121833e-05,2.1915491167833397e-08,2.7821391183894046e-06,0.898825077743326,2.0827784669733678e-05,1.4710921132975466e-05,7.222266999042497e-05,6.662963881699364e-06,4.4890406571133025e-08,4.7204141130344144e-05,0.0006301977861100015,5.059609619416923e-07,1.119235770223983e-07,0.0483121303057387
36,1.143347862478346e-06,1.9569078449097674e-05,1.7289072933355425e-06,2.3792997446587574e-07,0.0014757086731067254,6.734902370736101e-06,0.00032024544358273145,1.4312520022897094e-07,0.008174903849748429,3.760938524342129e-09,0.00011652572150764223,1.6549248012629365e-05,1.2344820178485525e-08,1.6865081874126014e-06,0.9773374142259813,1.4571072553249343e-05,6.125222333670905e-06,3.2939124346506165e-06,2.6091740669084887e-06,2.410796211499218e-08,1.2206151477538366e-05,0.0004503154115111668,2.4787478551968055e-07,1.7307382627678347e-08,0.012037982698456757
37,1.4966103734849495e-05,0.00015834155435637132,1.7786849185707194e-05,1.7517139443030898e-06,0.009886496863618924,6.511726018402258e-05,0.001350485338639367,1.9554200159634166e-07,0.028667228600084884,5.244148799518183e-08,0.000487921249923825,2.34244446634183e-05,3.342321082029186e-08,6.500094134380385e-06,0.8897765441947747,2.218392263675878e-05,2.59316092524793e-05,3.1663762549464604e-05,8.180675086581742e-06,1.4609348239692293e-07,5.811882625158185e-05,0.0005663378943122657,4.1249717247228205e-06,2.944007871332175e-07,0.06882617216997154
38,3.3737100018218246e-06,3.743238128796953e-05,5.122861065710776e-06,1.4963979584769798e-07,0.004400639332131642,3.581429688709039e-05,0.0004098970920084929,5.124557541940866e-08,0.012888918224746136,9.22627927330732e-09,0.00010905020648539013,3.552011939655609e-06,7.163926608634872e-09,1.1715416509538455e-06,0.9617843044812198,1.1293298357964675e-05,3.3483180174820823e-06,4.1140040882649234e-06,3.302664017095895e-06,2.264050105351195e-08,9.989923708456331e-06,9.009817888154024e-05,3.7820185430390355e-07,3.7191458238151074e-08,0.020197922164113938
39,1.4450258730566022e-06,1.4560954994927208e-05,5.624815309075245e-06,3.4150691965694683e-07,0.0025568538421631877,5.406682392121732e-05,0.0002550334855503196,1.2296379300175405e-07,0.010425245903026235,1.0292150093090865e-08,0.00014423281539375306,4.739215628960338e-06,1.7772492486254414e-08,1.1753084080414542e-06,0.9686541347690842,2.0530855013975153e-05,1.6281620649524056e-05,7.063802582445235e-06,3.5441265776606754e-06,4.75499643562093e-08,4.3396950450469836e-05,0.0003016474890625646,6.549164321035974e-07,4.8688275923314786e-08,0.017489178506282822
40,1.411488485732026e-06,2.8625069982667225e-05,3.315000283439568e-06,1.6014051258984959e-07,0.0025612662151522293,1.385291725920039e-05,0.0003312795552869807,3.8461327056167494e-08,0.009790873206265002,4.124034959537598e-09,9.698637584798626e-05,6.842309024696866e-06,6.9288986529513626e-09,1.2916149720071116e-06,0.96584467573431,5.600033450834211e-06,3.4002395625718923e-06,2.292331975475492e-06,1.6611392163334752e-06,1.7877126756458472e-08,1.135644336611261e-05,0.00014205686127425002,4.0520092383529404e-07,1.878960834017162e-08,0.021152561941852274
41,2.597345728564853e-06,0.00010533177912278716,5.645322045808188e-06,2.265788070117515e-06,0.003154435143232832,6.190351210489036e-05,0.000673106889212632,2.440423475385973e-07,0.01093453912288217,5.7956539255712334e-08,0.0005704821454359033,2.4807621965341177e-05,1.794272960076205e-08,1.3425157571920014e-05,0.9320570058445635,1.728521023631942e-05,4.3316033008746605e-05,2.1100156582379076e-05,9.261121915775801e-06,1.215276424045458e-07,0.00012141428128755564,0.0018306715048149362,6.591626176467883e-06,1.5592130809910287e-07,0.05034421700347451
42,6.739355304396419e-07,1.6527538052452073e-05,2.257833975553764e-06,3.3501054454156263e-07,0.0009562726160302767,1.8780486456320704e-05,0.00018478365567753505,1.465621214037473e-07,0.007667608192829158,8.098907568370718e-09,0.00013513004866430969,7.36700768002649e-06,8.732592026242626e-09,9.876165310345073e-07,0.9829416536779355,2.153845417966344e-05,7.381688772738077e-06,3.874951171599024e-06,4.504149505675832e-06,3.2644979681199046e-08,2.6723151646595957e-05,0.0005821937825804712,4.622509644304917e-07,3.9732012391505125e-08,0.007420708180658591
43,1.3638555110717306e-06,4.068425407055566e-05,3.661500473084349e-06,5.905765833630732e-07,0.003393406761679354,6.092728289735385e-05,0.00035258620440843614,1.2894852242493098e-07,0.009753130474423092,4.8299930676253516e-08,0.00013828193039864227,5.015514240996232e-06,1.3865299209133746e-08,3.1317965505792657e-06,0.9596734501160721,2.7735375329288602e-05,2.1856259886800125e-05,1.2046108536503438e-05,4.432745359782782e-06,1.1326879422243735e-07,7.499653482701945e-05,0.0005981863287917694,1.599132441538337e-06,6.356620627852714e-08,0.02583254929876593
44,2.2694922042993445e-06,4.834926544419222e-05,4.1297790548211776e-06,5.348777096336832e-07,0.004704056057941223,3.150883784209092e-05,0.00044046069450388495,9.221849617814604e-08,0.01339354952532308,1.1881374016858904e-08,0.00022169623353132084,8.565876921912967e-06,1.2472996769152952e-08,3.012899434731709e-06,0.9535379077962913,1.4799101466277917e-05,1.1516400763493263e-05,6.975755408433088e-06,2.953665509954687e-06,5.735596516781328e-08,2.628194558149808e-05,0.00030958820683505827,1.163769359300579e-06,5.5878123684680404e-08,0.027230450011917876
45,1.5246064882547566e-06,2.9175806843325324e-05,3.3271336682281335e-06,3.605469528722026e-07,0.0031947835618623935,2.3191439659184187e-05,0.0003423227079453257,9.298843617705784e-08,0.010259376755949722,7.558994406355157e-09,0.00018675603556130997,6.091148963430095e-06,8.228266457237422e-09,1.811959389307043e-06,0.9690472188532928,1.3966972916546294e-05,6.835179281489231e-06,4.7178289028901046e-06,2.3584461521790986e-06,3.682645491445245e-08,1.6219250226433204e-05,0.0002409711468487589,6.530440331055108e-07,3.833866825791675e-08,0.01661815363424242
46,1.6316896959283466e-06,3.2760638842526336e-05,3.3026643593859384e-06,1.3380860255256908e-06,0.003958973327675414,7.320660376608328e-05,0.0001838625745167132,1.3640519668895718e-07,0.009507942227391106,1.3579546895311285e-08,0.0004837085355751755,9.753318009925708e-06,4.2911741896829975e-08,5.494663602056594e-06,0.9514748762575367,2.3632641075220127e-05,0.00013014324391813882,1.3745788693692962e-05,4.961243383057208e-06,1.6874235093942184e-07,7.061817601446958e-05,0.0014289924720798117,3.624206516764373e-06,1.2839738977287364e-07,0.03258694160509613
47,3.589601997954504e-06,3.9667300690434755e-05,3.870487800778931e-06,3.294502450199752e-07,0.003501670654596082,1.7313047810187438e-05,0.0004257023587064874,6.249035131692287e-08,0.01640331369035675,1.031969930050563e-08,9.469840893576445e-05,1.5564424921317407e-05,2.718142651338323e-08,1.7507742943523968e-06,0.941968443608826,1.6282257983810375e-05,1.4973505383253327e-05,8.72087083896903e-06,3.3418240546993372e-06,5.377923253324568e-08,3.38389213149185e-05,0.0004386573323859984,5.731110656908073e-07,4.637607144102298e-08,0.03700749822101059
48,4.935117417599077e-06,0.000211554224270264,5.423428511429608e-06,8.332411235496562e-07,0.007386034559995457,9.604019593739802e-05,0.0005915113439543201,2.148742537487799e-07,0.018423441276834075,4.044891755319421e-08,0.0005810798611871105,1.0672957603044897e-05,2.0545941144354255e-08,6.3721261980525515e-06,0.9483595204640907,2.2104052537263226e-05,3.0821058723503655e-05,9.454450847065455e-06,2.925589970373443e-05,1.0551117371628545e-07,4.481753461161552e-05,0.0007580457822462848,3.610989457488432e-06,2.343956592696252e-07,0.02342385565880455
49,2.204564062995648e-06,4.839759609133159e-05,5.673831263565256e-06,7.598390484172783e-07,0.0035943266817893725,3.5682103075309086e-05,0.00046183368711392173,9.594344037341791e-08,0.013803301173771482,1.4684301004728452e-08,0.0002307144101487432,1.198510343334072e-05,1.5084150413669378e-08,3.3969937921517076e-06,0.9501268996224637,1.5191232162671407e-05,1.1502708828463245e-05,7.590172286623658e-06,2.9462382483784587e-06,6.314356187696388e-08,3.392233383418323e-05,0.00037166869970791386,1.5427618355464843e-06,6.980940070063336e-08,0.031230201582187537
50,2.3631513389827865e-06,6.0003778345096384e-05,4.504154084097336e-06,4.0188454027883044e-07,0.005703357837537024,1.74406841435178e-05,0.001475259913322035,1.671840961372273e-07,0.005729705877540239,3.42290279439831e-08,0.0001611668546246228,1.1831840835062937e-05,9.334063376608656e-09,4.68814551497816e-06,0.9427094599522501,1.1756655148475488e-05,7.213892784888635e-06,5.343948436836721e-06,2.9077846081125215e-06,5.2250612998090425e-08,2.1777930527647637e-05,0.00026838070944957534,1.697203383695153e-06,2.8494560936195765e-08,0.043800446309223376
51,2.9087168435303536e-06,0.00014125451429404631,3.656175236729254e-06,1.129700672799664e-06,0.0024209423535751216,2.315377082277154e-05,0.00043374393917688627,1.429747593194687e-07,0.015469989009717192,1.6119329272616594e-08,0.0002573962009706675,1.3936942544753167e-05,5.779027733876245e-09,6.124722668503116e-06,0.9567057359418937,1.088203410699678e-05,8.882886039147104e-06,8.977025696996884e-06,4.595630360548164e-06,4.18019333291242e-08,2.350731382214427e-05,0.0006077661624957739,1.0980104562174733e-06,5.0596166543139964e-08,0.023854061677389387
52,1.962297447764228e-06,2.1162388303812612e-05,2.6301590343967685e-06,2.461912122425465e-07,0.0032145595084547758,3.4565147534028395e-05,0.00019449116007646847,6.40428570119443e-08,0.010186277705943938,7.531334432653858e-09,0.00016470066958627227,2.98726660257275e-06,6.956386741556054e-09,1.958265431718451e-06,0.966452077151707,1.2570573438298726e-05,8.644982081503843e-06,9.503574023393687e-06,1.9512672116476753e-06,3.408380236449748e-08,1.264451881029377e-05,0.00021937242547438629,4.5473760242833476e-07,3.3332102665405965e-08,0.01945709406353982
53,6.725460641806757e-07,2.367748053574552e-05,2.621126998271248e-06,3.2636911311544004e-07,0.004747002210095278,8.667698503793241e-06,0.001080477010239744,9.049140621815757e-08,0.006318264992933453,7.416887916887329e-09,0.0001885382446001482,1.0303637689392442e-05,5.7816348283094536e-09,1.910728127585578e-06,0.9674128893634968,9.927456178148509e-06,2.926570450855642e-06,1.950174230091742e-06,9.618877967638683e-07,2.9043189563649222e-08,1.4466995371955827e-05,0.00016934141057075544,1.0441788161668652e-06,2.1320190695470033e-08,0.020003875864878416
54,2.449409422391771e-06,7.230840605143474e-05,2.3143436723825743e-06,2.5855879668916605e-07,0.0035030558539770776,1.4993284397040652e-05,0.0003680878490762146,3.420797046586565e-08,0.009035060023219665,1.0936776092799388e-08,6.488445248849238e-05,6.5231271979802405e-06,5.559466890560575e-09,3.3389089354362116e-06,0.9411846546901638,6.558341876066326e-06,4.760590708251075e-06,4.34121889882263e-06,1.4290756870980807e-06,2.974901443545519e-08,1.0506093655963605e-05,0.00015253285272551253,5.191567720512237e-07,1.3890696866975328e-08,0.045561329418353065
55,5.92414586313545e-06,5.380389494295308e-05,6.913485711068565e-06,6.161295630479431e-07,0.003008370674123423,1.7634378549488984e-05,0.0006553837087702073,6.307511105757779e-08,0.05829545755540282,6.245270236051564e-09,0.0001024756373833862,3.900877838596367e-05,3.638401748655761e-08,1.6368165572914197e-06,0.9039416593612107,1.703863180445056e-05,5.651812659976958e-06,1.2369608743474565e-05,3.1141581778203916e-06,3.2670441340758693e-08,3.447840429496287e-05,0.00029769614026403906,2.9811318823188595e-07,7.089393908547607e-08,0.033500259295624106
56,2.388905789361873e-06,4.8952206954656945e-05,4.248155580286728e-06,5.445686165144373e-07,0.004745102825964408,3.152130455866841e-05,0.0004554533804029066,9.389084504686834e-08,0.01379384642523417,1.1814268044145572e-08,0.00022787228187568897,9.925424314190758e-06,1.5208969919117715e-08,3.1651184865745627e-06,0.9520003733681217,1.4842122839445614e-05,1.2283527079384913e-05,7.023022235604295e-06,3.186483197988286e-06,6.02392015608347e-08,2.7356752521895296e-05,0.00032417436849226425,1.2025699290368942e-06,5.995377429369161e-08,0.0282862960807465
57,2.0355197091269402e-06,4.582624045341574e-05,3.37368937269763e-06,4.743706593955548e-07,0.0035939815559507533,1.941563266248702e-05,0.0004336357906333704,9.454773535850119e-08,0.013716123351304156,1.1650183600866405e-08,0.00014534105806849403,1.69256538677304e-05,2.6028059996005795e-08,2.568427492989734e-06,0.9530792543869369,1.77554323171522e-05,1.541587807245025e-05,5.901297819505499e-06,3.7817732191627268e-06,7.50988450546013e-08,3.319114254120728e-05,0.00048190618662194174,9.942447097128274e-07,5.1408020558318617e-08,0.028381839634742587
58,3.2439062021988577e-06,5.834209173172009e-05,5.530449308267425e-06,6.530167253989868e-07,0.005512504996324219,3.9151574578006334e-05,0.0005319446704355367,1.0808441842762467e-07,0.017608938453231547,1.3140160931037888e-08,0.0003028233428764426,1.2200411436331141e-05,1.870085672203919e-08,3.2793051603986465e-06,0.9470503738681141,1.705143872467375e-05,1.288843946822653e-05,8.23622696761687e-06,4.416731426984342e-06,6.727505186236284e-08,3.130906050271042e-05,0.0003472149037398299,1.5179287567251468e-06,9.854569640988693e-08,0.02844807343810521
59,2.8170338130369218e-06,5.276349401296196e-05,5.984257409256626e-06,6.376241164794775e-07,0.004987328145682087,3.738714881918838e-05,0.0005065453735858358,1.0503801407728817e-07,0.016378607706076066,1.3071646433291973e-08,0.0002772146526743467,1.0438353246596226e-05,1.5424449080066716e-08,2.7376554918898895e-06,0.9514132808833449,1.667805481922167e-05,1.1103833125010898e-05,7.308058759670094e-06,3.795403504954208e-06,6.542702516889836e-08,3.073029784766215e-05,0.00031686078647956845,1.4623607333593282e-06,9.062266114698181e-08,0.025936029292662106
60,2.2694922042993445e-06,4.834926544419222e-05,4.1297790548211776e-06,5.348777096336832e-07,0.004704056057941223,3.150883784209092e-05,0.00044046069450388495,9.221849617814604e-08,0.01339354952532308,1.1881374016858904e-08,0.00022169623353132084,8.565876921912967e-06,1.2472996769152952e-08,3.012899434731709e-06,0.9535379077962913,1.4799101466277917e-05,1.1516400763493263e-05,6.975755408433088e-06,2.953665509954687e-06,5.735596516781328e-08,2.628194558149808e-05,0.00030958820683505827,1.163769359300579e-06,5.5878123684680404e-08,0.027230450011917876
61,2.8426979916908294e-06,5.268359317739287e-05,5.742161855258347e-06,6.094772792223067e-07,0.005033688441843868,3.569729324715047e-05,0.0005147663798885291,1.0375920327303804e-07,0.01587069565943667,1.3003194388244944e-08,0.00026835040890292296,1.0478822329428439e-05,1.5772565208981357e-08,2.763747047328655e-06,0.9512566216351943,1.5974854383301253e-05,1.1106984495718672e-05,7.368795791811357e-06,3.725996962106651e-06,6.391187797590979e-08,2.9646188068329336e-05,0.00031369221780793664,1.4104547632583815e-06,8.572706133040972e-08,0.026561852015631816
62,2.2694922042993445e-06,4.834926544419222e-05,4.1297790548211776e-06,5.348777096336832e-07,0.004704056057941223,3.150883784209092e-05,0.00044046069450388495,9.221849617814604e-08,0.01339354952532308,1.1881374016858904e-08,0.00022169623353132084,8.565876921912967e-06,1.2472996769152952e-08,3.012899434731709e-06,0.9535379077962913,1.4799101466277917e-05,1.1516400763493263e-05,6.975755408433088e-06,2.953665509954687e-06,5.735596516781328e-08,2.628194558149808e-05,0.00030958820683505827,1.163769359300579e-06,5.5878123684680404e-08,0.027230450011917876
63,2.4125816472176066e-06,6.15659470078664e-05,4.031686004649132e-06,5.38965171292323e-07,0.0048561959833837536,3.102454642956787e-05,0.0004359867747297607,8.732245464593378e-08,0.01353691509576819,1.3022909709150951e-08,0.00021330839512304181,8.579495962672172e-06,1.1873843764197513e-08,3.183962110095726e-06,0.9528490480226692,1.3968516866536901e-05,1.1310790533562831e-05,6.485816765715176e-06,3.2687657995992805e-06,5.980862028927894e-08,2.5772429660735223e-05,0.0003080971308182115,1.2360777441169097e-06,5.618474640512387e-08,0.027626840803229278
64,1.9325417726116713e-06,4.949066666841774e-05,4.086113307444068e-06,5.981282644816786e-07,0.004285676662667063,3.274914268502416e-05,0.00044125103056901453,8.631282637520513e-08,0.013598458482049386,1.4114018671671275e-08,0.00019641860489484633,9.999406625280895e-06,1.4470449722302023e-08,3.2349363868555153e-06,0.9513144203276984,1.5085064234043503e-05,1.2734803279588663e-05,7.113921006884363e-06,2.9459720262377785e-06,6.50524271417343e-08,3.859406584170397e-05,0.0003636362149294994,1.3352203718625254e-06,5.7601476932184865e-08,0.029620001143522288
65,1.4890218890798902e-06,5.545248563874978e-05,4.829023306750717e-06,7.767105555736216e-07,0.004303323891790394,3.3977194481401446e-05,0.0006857827820782261,1.441693070913304e-07,0.006723574451516975,3.228548260788625e-08,0.00019197847986012872,7.5832637700960615e-06,7.952504581430349e-09,5.1124392804946144e-06,0.9512440553984159,1.4234619253270559e-05,1.0800523810726602e-05,6.4312888762367496e-06,2.2720577496050206e-06,7.839402181123812e-08,3.648821308032237e-05,0.00030562331690535264,2.221194102898168e-06,3.8077667895630875e-08,0.036363692764653725
66,4.477191838800124e-06,4.769664152381232e-05,8.377401946869714e-06,4.510642532400249e-07,0.010650961977749956,7.010503153810689e-05,0.0005131634690930728,7.917486468546947e-08,0.016832356462037082,2.0226119673214832e-08,0.000267457295343388,5.916682908271102e-06,2.7189905445633334e-08,2.237088407907405e-06,0.9320020882011243,1.9031187166107595e-05,2.2491293817414248e-05,1.0732938331044878e-05,4.174723871861594e-06,1.1968747830262464e-07,4.2366029326651785e-05,0.00023255741996359674,2.024329837249996e-06,1.311534498926685e-07,0.039260956138103265
67,2.2797705544315073e-06,4.8578167179436874e-05,4.827997038428772e-06,7.822875621255438e-07,0.005395949366213346,4.88583190691774e-05,0.0004331119155032566,1.0445004124576309e-07,0.013499038555563385,1.5697604247590744e-08,0.0002809913437299055,9.172974506451713e-06,1.7775258285268472e-08,4.443439435031203e-06,0.9461809078567754,1.8204245273070917e-05,1.7801762248021668e-05,8.959149252956552e-06,3.064704614407818e-06,8.602561636202314e-08,3.6146859248776374e-05,0.0003560960208146181,1.8761816646009933e-06,7.573609766027448e-08,0.033648609399135325
68,4.9447845816223095e-06,8.685636720284515e-05,1.2262715202750417e-05,1.5336219324990243e-06,0.0052619486254341504,5.849854474591302e-05,0.000748235737690997,1.5795546869847548e-07,0.02615662037553568,2.71460252516293e-08,0.0003310870869889724,1.905876904441986e-05,2.2451021515245315e-08,4.741957494582211e-06,0.9249523454484507,2.4051169213600503e-05,1.6837567613897973e-05,1.5116556447622996e-05,4.890511475003505e-06,9.897096454745577e-08,6.758485657710509e-05,0.0004919550670262181,2.564200972671058e-06,1.5266198045819707e-07,0.04173840685090806
69,1.242638998326182e-06,6.707043295284767e-05,8.26016241414918e-06,1.4843050465475562e-06,0.006098566727822288,4.8241743480953006e-05,0.0008495401355407087,2.786510962578905e-07,0.010514420012104958,1.8488473167715765e-08,0.0009800127624387779,1.3892006115867515e-05,1.0344698052112118e-08,4.2750494491343655e-06,0.9671953769295983,2.1832402020816407e-05,7.348579071175043e-06,3.132925991353847e-06,5.129943887137555e-06,1.0087226787070631e-07,4.886186539975703e-05,0.00031683009769415923,6.316506666897562e-06,2.0316217226527446e-07,0.013807553254598313
70,3.5992125078697783e-06,2.013733968387614e-05,6.653053268526249e-06,5.831065433034246e-07,0.00357392101976816,1.2749951445823197e-05,0.000450592506716175,1.5056908123433797e-07,0.009929193933919327,8.772910777769887e-09,7.237128550603461e-05,7.347511571527398e-06,1.316397396954946e-08,3.14505244668067e-06,0.9442129528084444,2.298001414895472e-05,8.104484473604023e-06,1.1334949810171425e-05,4.2624775225271063e-07,6.831162155196785e-08,6.914449652509007e-06,0.000139710387577332,2.612586245000743e-07,1.0698224045345283e-08,0.04151676991032725
71,2.5783162762018273e-06,9.775355362787402e-05,3.323583231945012e-06,6.616965439810995e-07,0.012192791268632843,2.4577222171924238e-05,0.0006503702275863178,8.237777439080051e-08,0.014330243055675084,2.174200299982203e-08,0.00017000617146311253,1.060096222214453e-05,2.1102793867732484e-08,4.523519090381987e-06,0.9289732868179796,2.027930539196048e-05,1.5220676795939133e-05,5.67806268099499e-06,2.3389586306498518e-06,1.9035734789349668e-07,3.096816853339481e-05,0.000234393440926732,2.3802007364490073e-06,6.149220707687944e-08,0.043227647719676576
