,0,1,2,3,4,5,6,7,8,9,10,11,12,13,14,15,16,17,18,19,20,21,22,23,24
0,1.3966188813095928e-06,2.114797948721916e-05,2.448571845031801e-06,2.524864638479912e-07,0.004172506784824158,7.564234794466203e-05,8.621736194564214e-05,8.37609855796626e-08,0.024809650082138614,4.481626865355222e-09,0.0001667981356625344,2.906435557517192e-06,3.050442770768911e-08,9.606017256361319e-07,0.9627587016348927,3.778922407057889e-05,2.401281073306865e-05,5.8056007188697675e-06,6.176082387513192e-06,9.213675153391472e-08,3.23940468471045e-05,0.00027042497928679696,3.6799763653026477e-07,8.602876226770689e-08,0.007524103304396832
1,6.1053337766628434e-06,8.014240223859715e-05,1.6517592712374147e-05,1.7347127991490581e-06,0.004417313758645484,0.00010364846509453804,0.0005747856572611262,1.8115749255152067e-07,0.03269145842759475,4.900662227985572e-08,0.00019605980908419211,1.418195630238907e-05,3.764494923333535e-08,3.775799751783158e-06,0.9196871464039627,4.4049932865892353e-05,1.9233938227901522e-05,2.263181370211599e-05,5.999075354027586e-06,1.5814491257066337e-07,7.308366882080561e-05,0.00039995765254867785,1.8789263787186595e-06,1.8041072076103137e-07,0.041639688308180815
2,9.449340366265897e-06,0.00015290503336085523,3.633210642390994e-05,1.016762702112095e-05,0.005346874454424035,0.0002815428760842632,0.0010513955261526138,4.192112064875795e-07,0.04827991094264847,1.103738782516514e-07,0.0008132782074906697,4.198633778396942e-05,7.512767410224264e-08,1.4036409302408021e-05,0.8678591822314127,6.360557179879562e-05,7.420011152727045e-05,6.520211871967082e-05,1.2409841702237774e-05,2.7977098174149495e-07,0.0002794817056194469,0.0014527709024312755,9.638820253472437e-06,7.091259960837917e-07,0.07414403622574013
3,5.952417012553186e-06,9.242540195205e-05,1.3910957064646026e-05,2.661486897741611e-06,0.006152364555506071,0.00010671246366659093,0.0006660092631938319,1.8753106876072333e-07,0.02618869321326306,4.7945201501273666e-08,0.0003451887312209769,1.7613697408779268e-05,3.957369165717047e-08,7.519991641916871e-06,0.9032026197522238,3.237336315011167e-05,3.529409170835835e-05,2.834115444219101e-05,4.8766587947769914e-06,1.9270103104954182e-07,8.817565224056626e-05,0.0005593014895454189,3.863734760207632e-06,1.9918994601759302e-07,0.06244543498336749
4,6.316148763318545e-06,9.490632405963186e-05,1.376596933326247e-05,2.790772157493276e-06,0.0062475360011247745,0.00010473812165296777,0.000675526598849043,1.8012203625581795e-07,0.02809520175543241,4.5759435568117534e-08,0.0003528872506594222,2.2016106751650218e-05,5.322466955130879e-08,8.221397879008013e-06,0.8959490042261703,3.219123153182581e-05,4.044948433232697e-05,2.9281568343144763e-05,5.182015430128248e-06,2.0634005363672715e-07,9.635255428647717e-05,0.0006194921687108231,4.002676149620717e-06,2.1668770019568582e-07,0.06759943549448712
5,8.292589983797519e-06,0.00011244426489239797,1.6434169976552672e-05,4.91169081232909e-06,0.005951159976086678,0.00012684553305252245,0.000767735529467971,2.1814294886265263e-07,0.030343368615567586,6.986288795622778e-08,0.00041814146311051247,2.6936810422720578e-05,5.446078989444554e-08,1.2373123510649636e-05,0.8701428780564391,3.59517305378136e-05,5.268771287788313e-05,5.547501176073595e-05,4.958285555847361e-06,2.544173136234588e-07,0.00012328035101423057,0.0008296450007036155,5.345883199598526e-06,2.7601813561047567e-07,0.0909602612989516
6,5.952417012553186e-06,9.242540195205e-05,1.3910957064646026e-05,2.661486897741611e-06,0.006152364555506071,0.00010671246366659093,0.0006660092631938319,1.8753106876072333e-07,0.02618869321326306,4.7945201501273666e-08,0.0003451887312209769,1.7613697408779268e-05,3.957369165717047e-08,7.519991641916871e-06,0.9032026197522238,3.237336315011167e-05,3.529409170835835e-05,2.834115444219101e-05,4.8766587947769914e-06,1.9270103104954182e-07,8.817565224056626e-05,0.0005593014895454189,3.863734760207632e-06,1.9918994601759302e-07,0.06244543498336749
7,4.253010519797137e-05,0.00019921454767715143,9.768340770655822e-05,3.4905994345380556e-06,0.012900157945078183,0.00026880402608873304,0.0019113606358760148,4.355517548287495e-07,0.0450981711904629,1.3487535019430035e-07,0.00068193736767601,3.16400356184936e-05,1.1657383166326283e-07,9.012760591044041e-06,0.8319232278382922,4.2643996196357636e-05,4.3721377916921204e-05,5.774739815171926e-05,1.833271847556037e-05,3.299228187027841e-07,9.951904510275306e-05,0.0003999322670271517,8.28943812472283e-06,8.532626448101744e-07,0.10616071311290509
8,1.7201223396890935e-05,0.0003047540403014964,6.154122638148516e-05,9.583898975358311e-06,0.012335611530302961,0.0002055212988839952,0.0021232338144190595,3.8861681017638833e-07,0.03515308998702779,1.7447291510758273e-07,0.0006479421635712793,4.3319600144374954e-05,7.099685703086253e-08,1.873594542029588e-05,0.8153170696274378,4.33956232397239e-05,3.7047578905019245e-05,3.430183004150086e-05,7.932261614247645e-06,4.833941033767554e-07,0.00012600371501380624,0.0004401396393825512,2.0054634001825128e-05,6.083508878068853e-07,0.1330517945299651
9,7.925912783658255e-06,0.00020045451608018429,4.289997883079793e-05,1.0106318298671364e-05,0.005936862431272069,0.0001594873010557022,0.0014481849674675901,2.536219462132225e-07,0.038490397823983225,1.477464233185273e-07,0.00035948338061912396,4.478467338335617e-05,6.470309344831344e-08,1.2032747940017622e-05,0.8442817471644666,4.6959973441322065e-05,3.123452108531706e-05,3.365576219047629e-05,5.142711274532597e-06,3.934676396259333e-07,0.00020726149082735704,0.0005940246614310026,1.1016512672914906e-05,4.267658004871003e-07,0.10807505084599316
10,5.952417012553186e-06,9.242540195205e-05,1.3910957064646026e-05,2.661486897741611e-06,0.006152364555506071,0.00010671246366659093,0.0006660092631938319,1.8753106876072333e-07,0.02618869321326306,4.7945201501273666e-08,0.0003451887312209769,1.7613697408779268e-05,3.957369165717047e-08,7.519991641916871e-06,0.9032026197522238,3.237336315011167e-05,3.529409170835835e-05,2.834115444219101e-05,4.8766587947769914e-06,1.9270103104954182e-07,8.817565224056626e-05,0.0005593014895454189,3.863734760207632e-06,1.9918994601759302e-07,0.06244543498336749
11,6.377755001419369e-06,9.627909472158747e-05,1.457659251405239e-05,2.7942101928772568e-06,0.006532292635779607,0.00010912256368731993,0.0006958268873759692,1.9387012466268787e-07,0.027574481350612606,4.9489936436103404e-08,0.0003589954312774865,2.0094522072416444e-05,4.9672076811669653e-08,7.90306394957006e-06,0.8992451312222192,3.422583454745521e-05,3.8523863630524656e-05,2.8994762336449125e-05,5.255695180704229e-06,2.1705296248667228e-07,9.26146546337285e-05,0.0005780087054672133,4.12153999678647e-06,2.2296878072548897e-07,0.06455364656092202
12,1.2140530493409335e-05,0.00023004983981429958,4.438079899933912e-06,3.8792423920789745e-06,0.02512671916730388,0.00019995934668912631,0.0003907984533265583,4.4903199780499915e-08,0.01789123523373941,1.1024149140312288e-07,0.00016164249268940821,7.839610174045492e-06,6.796198016073619e-08,7.784847531414788e-05,0.42010003693014275,1.3239031482422007e-05,0.00043866238937521977,0.0001347134036072652,1.303648178138618e-06,6.229554935382239e-07,0.00013916188645348075,0.0005185606321661423,9.57920599173498e-06,7.033981833258432e-08,0.5345372759987833
13,3.2985919729027425e-06,7.002961631264036e-05,1.0985785554758386e-05,3.4062619885099656e-06,0.005487765867392326,8.0216342487686e-05,0.000703989807718065,2.600060727695076e-07,0.019675741965934194,2.7420830272676456e-08,0.000822493968367832,2.8291161938700724e-05,3.547299199561815e-08,1.152386243868275e-05,0.9249552743290708,2.6630233002275996e-05,3.265867080369687e-05,1.9676474156620155e-05,4.22413496826319e-06,1.5981493516011541e-07,8.554992689702187e-05,0.0007787171477530147,6.045162324720575e-06,2.1772760003641062e-07,0.04719278024648725
14,6.616573146126744e-06,0.0001872477321294817,9.370482822481769e-06,2.8548450023843015e-06,0.009999247608432016,0.00010714177375545868,0.0008853108256479807,2.0905822967248098e-07,0.02383320331902192,7.889317080275071e-08,0.0004563720819177185,1.540625383808351e-05,2.827931410353458e-08,1.2030532459749254e-05,0.9014273886969225,3.353100558421244e-05,3.420158821443716e-05,2.8480867898038764e-05,6.478779157580653e-06,2.3773079016997572e-07,7.207440903803863e-05,0.0005566305993180522,5.27510222935992e-06,2.1770698382168427e-07,0.06232036525497583
15,5.952417012553186e-06,9.242540195205e-05,1.3910957064646026e-05,2.661486897741611e-06,0.006152364555506071,0.00010671246366659093,0.0006660092631938319,1.8753106876072333e-07,0.02618869321326306,4.7945201501273666e-08,0.0003451887312209769,1.7613697408779268e-05,3.957369165717047e-08,7.519991641916871e-06,0.9032026197522238,3.237336315011167e-05,3.529409170835835e-05,2.834115444219101e-05,4.8766587947769914e-06,1.9270103104954182e-07,8.817565224056626e-05,0.0005593014895454189,3.863734760207632e-06,1.9918994601759302e-07,0.06244543498336749
16,3.1670713011563603e-06,7.892728696978169e-05,7.3103007558556045e-06,2.3265775584022623e-06,0.0035865553585204533,5.6090340194194606e-05,0.0006755082967424256,1.7556105399238682e-07,0.01844721480393875,6.033799735988472e-08,0.00020759372044339486,2.4431492035869964e-05,3.048334297949668e-08,7.3861505834618715e-06,0.9168167487061704,3.079324273750361e-05,2.9232318541954797e-05,2.587381337668889e-05,4.09592088335993e-06,1.60865779340833e-07,0.00013842264774961414,0.0009211996490461095,3.0536742811652916e-06,1.1735753129731969e-07,0.05893352402246438
17,4.203195294338797e-06,9.051696735859735e-05,8.807943683971692e-06,4.5782052370120735e-06,0.008740466166347237,8.259109534348586e-05,0.0007960431798939431,2.3556336655086802e-07,0.018999307938994865,5.184042764798294e-08,0.0005479436044926613,3.352122845506184e-05,7.236020728782928e-08,1.9217721733891553e-05,0.8685315296344057,3.1907061570055686e-05,9.732715588795799e-05,3.460948175388148e-05,3.5618053391553004e-06,3.6567824631472877e-07,0.00013928969203911095,0.001195513311141605,1.0145734618067255e-05,1.9888499540387262e-07,0.10062799454916627
18,6.887522798446968e-06,7.781233983011043e-05,8.470462944178657e-06,2.3334684459494972e-06,0.007976250462035575,8.200066929443249e-05,0.0006513869728407217,9.979965877078661e-08,0.01894445476330646,5.926566298465699e-08,0.00021044391065199778,1.9116351287515544e-05,6.09412621198187e-08,1.26547921197947e-05,0.8018741554765831,2.128305505501629e-05,9.024016288081317e-05,5.830909965651427e-05,2.46389966002526e-06,2.579489741565328e-07,0.0001278077260993461,0.000744541332924775,4.36198771587418e-06,1.1277047131879686e-07,0.16908443481784
19,3.941422654402682e-06,8.471378785270174e-05,1.4637536338216751e-05,3.237176319990332e-06,0.0040837939507719434,5.618428385134895e-05,0.001055428919386606,2.1670568313798034e-07,0.025384478789201165,4.7486213937900926e-08,0.00025798718040957996,3.455012987393743e-05,3.966371921196018e-08,6.5454698150220615e-06,0.9102182643893713,3.3616687877376124e-05,2.2163023423194446e-05,1.9866470504953963e-05,3.6946602619108934e-06,1.4960647087971741e-07,0.00010391909145735245,0.0006855649926598024,3.2171343009458114e-06,1.4286029726403554e-07,0.0579235985812839
20,1.5871027517797126e-06,3.160278562779573e-05,5.661365028932091e-06,1.3156489153690563e-06,0.001817000975661167,3.654692380868853e-05,0.00033731316947047276,1.7364236835601613e-07,0.01182590610386021,1.876830603964047e-08,0.0002136053309896069,1.1416584234299279e-05,1.3338511715367543e-08,3.1663685383831527e-06,0.9614519535283058,2.1228390567416462e-05,1.3768989564235876e-05,1.2393747522985521e-05,2.545706984730918e-06,7.017037030638271e-08,4.652201748542571e-05,0.0006136967682623898,1.3787336772627336e-06,6.6879901886907e-08,0.023551046959284862
21,6.267725693360223e-06,0.00012346372580630835,1.424084365312466e-05,4.019316934149473e-06,0.004595940856850893,9.57291367260254e-05,0.0008096555751711954,2.821835565027406e-07,0.037366628623103366,6.937256470106957e-08,0.00029037814044528294,3.26387542220288e-05,4.516025346702779e-08,1.1690361923719601e-05,0.9020261766588695,6.13073839400978e-05,2.1855041563112537e-05,3.5030612846133394e-05,5.269741834163617e-06,2.2003293403456053e-07,0.00010523634313153574,0.0006578347020198955,2.7058126940430895e-06,2.018177340333135e-07,0.05373311207552901
22,8.797096343397042e-06,5.7963180651318226e-05,1.3041814792039368e-05,2.0691557160340023e-06,0.005746849874611468,0.00013251309368959385,0.00037352156488653504,1.6225889998932548e-07,0.022959612826868606,4.151138755994013e-08,0.0003749650838992787,9.903103819303972e-06,3.893882043635255e-08,6.365337777076294e-06,0.9001574448499782,2.943873748948913e-05,6.805004820078672e-05,6.369817423812248e-05,4.3944274247445125e-06,1.8892576020348615e-07,8.081698507479618e-05,0.0007148931250555874,2.86831013547161e-06,2.0393348601298503e-07,0.06919215764099386
23,5.952417012553186e-06,9.242540195205e-05,1.3910957064646026e-05,2.661486897741611e-06,0.006152364555506071,0.00010671246366659093,0.0006660092631938319,1.8753106876072333e-07,0.02618869321326306,4.7945201501273666e-08,0.0003451887312209769,1.7613697408779268e-05,3.957369165717047e-08,7.519991641916871e-06,0.9032026197522238,3.237336315011167e-05,3.529409170835835e-05,2.834115444219101e-05,4.8766587947769914e-06,1.9270103104954182e-07,8.817565224056626e-05,0.0005593014895454189,3.863734760207632e-06,1.9918994601759302e-07,0.06244543498336749
24,9.168220334648724e-06,0.00019504713496905755,1.4890590277760339e-05,5.442914569223959e-06,0.008135523819975454,0.00014184117099106915,0.0008230893543067363,2.610559661580517e-07,0.03293980230520447,9.013641854173252e-08,0.00045062240734907366,2.7003481616338416e-05,5.62703749518556e-08,1.758721476344523e-05,0.8705350170713989,4.4100008489983396e-05,5.68673475664064e-05,4.644160878855712e-05,6.724348109306437e-06,3.5038187969976465e-07,0.00011572444247247862,0.0008110024468390413,6.671284993373823e-06,3.006773645118616e-07,0.08561637430498098
25,3.548128985780037e-06,9.71782491058304e-05,1.2400313107815057e-05,6.260342913818122e-06,0.006804986926356607,0.00011056686192749289,0.0010290354089969994,7.741981253618969e-07,0.02029419108130674,4.692472607790096e-08,0.0015465077292070354,2.8328133287402285e-05,2.638544969085228e-08,2.171152701229261e-05,0.9357806632631274,4.928932084158011e-05,3.434588095150951e-05,2.626833894767872e-05,6.148490288828656e-06,2.079930867292027e-07,8.940760485795252e-05,0.0010205306921567377,8.239248560570164e-06,2.8945269633087275e-07,0.033029047503975714
26,4.261124605725043e-05,0.00021908827037304306,5.9284634543370034e-05,5.826063991292396e-06,0.019766863946086323,0.00045466901750477854,0.0008685180281168966,2.399425696174558e-07,0.07833916701512295,1.0602512119339867e-07,0.0009227993633323894,2.565397827032583e-05,2.0668092261192202e-07,1.0234897319611987e-05,0.7770373491535575,5.4519114683161945e-05,0.00014921789385364653,0.00010792103318216254,1.7385780643392655e-05,6.992085698436693e-07,0.00018680293366088704,0.0007169099144578469,1.4223550695117563e-05,1.850069528870065e-06,0.12099785223783585
27,3.59163661105084e-06,6.0789202857548695e-05,8.66969467335273e-06,2.0039605922096644e-06,0.0037295961040542374,7.42109008824332e-05,0.00043269019283365893,1.676938388874181e-07,0.021207525583164626,3.050992397936775e-08,0.0002987292566707124,1.3827270844348073e-05,2.5800378523215597e-08,5.324308511562793e-06,0.9332403014019849,2.7883238004825145e-05,2.7713116500538848e-05,2.2665244014344643e-05,4.0318568352956735e-06,1.275869209287268e-07,6.960251230702063e-05,0.0006824135149491187,2.468262526620716e-06,1.416179743222868e-07,0.040085469532144875
28,5.952417012553186e-06,9.242540195205e-05,1.3910957064646026e-05,2.661486897741611e-06,0.006152364555506071,0.00010671246366659093,0.0006660092631938319,1.8753106876072333e-07,0.02618869321326306,4.7945201501273666e-08,0.0003451887312209769,1.7613697408779268e-05,3.957369165717047e-08,7.519991641916871e-06,0.9032026197522238,3.237336315011167e-05,3.529409170835835e-05,2.834115444219101e-05,4.8766587947769914e-06,1.9270103104954182e-07,8.817565224056626e-05,0.0005593014895454189,3.863734760207632e-06,1.9918994601759302e-07,0.06244543498336749
29,5.952417012553186e-06,9.242540195205e-05,1.3910957064646026e-05,2.661486897741611e-06,0.006152364555506071,0.00010671246366659093,0.0006660092631938319,1.8753106876072333e-07,0.02618869321326306,4.7945201501273666e-08,0.0003451887312209769,1.7613697408779268e-05,3.957369165717047e-08,7.519991641916871e-06,0.9032026197522238,3.237336315011167e-05,3.529409170835835e-05,2.834115444219101e-05,4.8766587947769914e-06,1.9270103104954182e-07,8.817565224056626e-05,0.0005593014895454189,3.863734760207632e-06,1.9918994601759302e-07,0.06244543498336749
30,5.952417012553186e-06,9.242540195205e-05,1.3910957064646026e-05,2.661486897741611e-06,0.006152364555506071,0.00010671246366659093,0.0006660092631938319,1.8753106876072333e-07,0.02618869321326306,4.7945201501273666e-08,0.0003451887312209769,1.7613697408779268e-05,3.957369165717047e-08,7.519991641916871e-06,0.9032026197522238,3.237336315011167e-05,3.529409170835835e-05,2.834115444219101e-05,4.8766587947769914e-06,1.9270103104954182e-07,8.817565224056626e-05,0.0005593014895454189,3.863734760207632e-06,1.9918994601759302e-07,0.06244543498336749
31,1.9353186005561193e-05,0.00017919423429164086,4.29514041778559e-05,4.311964037258682e-06,0.008457192256103703,0.00016035787850363051,0.0013693944282029502,4.967852008085041e-07,0.030403795406901996,1.3221671859432165e-07,0.00046620063388465646,2.318363398121926e-05,5.273223878859633e-08,1.0338798244146565e-05,0.873993588740559,4.07519751541671e-05,4.08100036585586e-05,5.2291033496883616e-05,1.0241689367272214e-05,2.9046862367844445e-07,0.00010133228381021873,0.0005518502545981853,6.708191868082743e-06,3.699458613567041e-07,0.08406480985450986
32,6.419365681267498e-06,9.708437209073422e-05,1.3665961434953783e-05,2.4016661145806863e-06,0.0059061313416931575,0.00011054561885586226,0.0006357937416318759,1.9352122737425916e-07,0.026582559384829965,4.831622832675125e-08,0.0003508725392651531,1.7289726659394857e-05,3.984548717649902e-08,7.155774445181288e-06,0.9082206047336632,3.213637999742562e-05,3.479905406442205e-05,2.820918240598359e-05,6.046786654357484e-06,1.824028531650088e-07,8.564956939033429e-05,0.000579486263044174,3.639680299872882e-06,2.1391948728740123e-07,0.05727883085249505
33,5.924188573065731e-06,0.0001490843631995669,1.2657193530100478e-05,7.874466267398065e-06,0.01117053371455827,0.0002516973058525377,0.0008190902082293938,6.00548270787783e-07,0.02684955790979205,1.1695144785605601e-07,0.0012088686618425947,2.877022995842195e-05,1.034402097483053e-07,2.9644954070114476e-05,0.8947038931097577,8.459697769009937e-05,0.0001694741045740853,5.401420625484876e-05,1.2485397661194716e-05,6.422401009190918e-07,0.00019426629356313757,0.00202481356508031,1.703628703064759e-05,6.186852578071455e-07,0.06220363499722754
34,1.2778972651570168e-05,0.00011082394068075479,1.764473467651643e-05,1.159869630636749e-06,0.005379406296579157,0.00010521383718282087,0.0005033971926869552,1.5798481292772192e-07,0.047219828045166105,2.3436186450536046e-08,0.00030838994474647696,1.6574042516702464e-05,4.387797623994715e-08,3.5090663725112445e-06,0.9081741319465002,2.4305237970644118e-05,2.1445646881937243e-05,2.3981475002901493e-05,1.187299476744615e-05,9.744215202158126e-08,5.681912831748277e-05,0.00039700610008484003,1.475075371720693e-06,2.5707076538014546e-07,0.03760965664031954
35,5.5535646459917704e-05,0.0001388716557144681,4.476283084457448e-05,4.2920731157165144e-06,0.005193282347402653,0.00010060233273861674,0.0014682098514387475,4.507958406782631e-07,0.08328416563433211,1.0041672174197689e-07,0.0002611178124537997,4.185800719266681e-05,6.658000401265525e-08,6.106079707068242e-06,0.8061816011671864,4.2550250940122974e-05,4.201766278017462e-05,0.00025856851973725257,9.994421987798369e-06,1.4121774731123526e-07,0.00014907772446180723,0.001048341950260223,1.5863504211048049e-06,3.7703059207916895e-07,0.10166632163991882
36,3.0181177383461728e-06,3.731945795767225e-05,6.010899297047684e-06,1.2110487248239291e-06,0.0019934224087908145,2.3782744748602463e-05,0.0004940159879142456,2.896414187797343e-07,0.016418780982210196,1.5387371736374442e-08,0.00018612870039378887,3.4365987893752724e-05,4.076634419279152e-08,4.16900650620691e-06,0.9515516667898845,3.2614779532914364e-05,1.9330604125010755e-05,1.3574925859033254e-05,4.357912177776641e-06,8.357169771641643e-08,4.262931286988023e-05,0.000823403556442556,8.573233196354719e-07,6.479470786512679e-08,0.02830884529207294
37,3.5659059248653786e-05,0.00027762928032725706,5.474760751284412e-05,7.99469436817654e-06,0.011932324283527439,0.00020355989065902767,0.0018746696791633814,3.669065093541068e-07,0.051714005722917386,1.933051492100163e-07,0.0007006260017892542,4.428858092891016e-05,9.753236401755603e-08,1.4966126468524538e-05,0.7864687038343564,4.4990249979962784e-05,7.326840727602709e-05,0.0001174658964605645,1.2417039199349024e-05,4.5175548588956856e-07,0.00017981165681954219,0.0009459705761977886,1.2547545434304051e-05,9.563109123251332e-07,0.14528228805694454
38,8.89238122624851e-06,7.255770187326348e-05,1.7384701081952395e-05,7.656308132580941e-07,0.005820922906842343,0.0001223445752860485,0.0006268818291507953,1.061507330910264e-07,0.025478425354496178,3.775042071249276e-08,0.00017324603204130613,7.46981143280363e-06,2.3142030088014892e-08,2.9931628160414205e-06,0.920412720027773,2.5054974249256127e-05,1.0545931314141974e-05,1.7011704256650718e-05,5.501343006496446e-06,7.784696299842566e-08,3.431853045983551e-05,0.00016728029686541765,1.2884673600473282e-06,1.3471148101866563e-07,0.04699401503602701
39,3.878791762726411e-06,2.8781309113601683e-05,1.918941720310058e-05,1.73903804498037e-06,0.0034298477189407587,0.00018486724720096693,0.0003951780411384641,2.5332751062738563e-07,0.020804779233365104,4.232585017383029e-08,0.00022976829524094488,9.992607385558665e-06,5.7074017064503896e-08,3.022465885383824e-06,0.933012209842384,4.547504704057535e-05,5.0510752776027733e-05,2.9184697763895495e-05,5.936753390554604e-06,1.6290652097950734e-07,0.00014707061858258773,0.0005544741491831407,2.2290436281954647e-06,1.7686267378847416e-07,0.04104117243339684
40,3.6501199519733705e-06,5.327680189968286e-05,1.1254181276049269e-05,8.066417550359239e-07,0.003381686743902462,4.772716636061681e-05,0.0005030096345022854,7.790276916636046e-08,0.0193270724736688,1.655852813205085e-08,0.0001529609290452886,1.4168318171943872e-05,2.277983068643055e-08,3.142756789893211e-06,0.9275685817684121,1.2517613925726622e-05,1.065951977716903e-05,9.33608418434004e-06,2.74719031430954e-06,6.130660139706748e-08,3.916323953596848e-05,0.0002599235531155819,1.3715034614494423e-06,6.93408386544988e-08,0.04859669587138115
41,6.60464585667392e-06,0.00019349894293962567,1.83914050879608e-05,1.0736006590566148e-05,0.004029330186148085,0.00020175851974953227,0.0009828530465287384,4.7564018616157643e-07,0.020825110954252962,2.2227650467008305e-07,0.0008516584552336013,4.882973731304099e-05,5.501943784866258e-08,3.1886305328633036e-05,0.8577979764253203,3.6648899798757204e-05,0.00012661824499705931,8.201123575399742e-05,1.4620822648538336e-05,3.925219479787009e-07,0.0003874340948903836,0.0031349978449141526,2.0756537039478334e-05,5.323206252086386e-07,0.11119659991090594
42,1.860131224850475e-06,3.318418423143125e-05,7.936779138973716e-06,1.736361030330713e-06,0.001323033772867613,6.62974520111373e-05,0.000292642498528693,3.0650515836649657e-07,0.015635999240519706,3.4002600016014324e-08,0.00021924215375842678,1.5710544515034946e-05,2.8815538077613754e-08,2.5905537150887984e-06,0.9632001301188874,4.851237441377283e-05,2.355672701215613e-05,1.6425544667161605e-05,7.652108587956656e-06,1.1439422868641224e-07,9.27688591475338e-05,0.00107916258664992,1.608588199999984e-06,1.4727249374093464e-07,0.01792931843087379
43,3.6138490736748443e-06,7.777312986443582e-05,1.2443264455892317e-05,2.9439363487087705e-06,0.004482362630423659,0.00020547122684673582,0.0005380270916987065,2.6167711778313937e-07,0.019239774751197546,1.9121700032207386e-07,0.0002178416885242009,1.0461369552209884e-05,4.445892107716051e-08,7.807676920166804e-06,0.9140645262775858,6.047627518959567e-05,6.687987250808615e-05,4.8734409395442695e-05,7.299733106599978e-06,3.7916180253819763e-07,0.0002499008411814036,0.0010747368757940063,5.306375106829615e-06,2.278360742345017e-07,0.059622514374310265
44,5.952417012553186e-06,9.242540195205e-05,1.3910957064646026e-05,2.661486897741611e-06,0.006152364555506071,0.00010671246366659093,0.0006660092631938319,1.8753106876072333e-07,0.02618869321326306,4.7945201501273666e-08,0.0003451887312209769,1.7613697408779268e-05,3.957369165717047e-08,7.519991641916871e-06,0.9032026197522238,3.237336315011167e-05,3.529409170835835e-05,2.834115444219101e-05,4.8766587947769914e-06,1.9270103104954182e-07,8.817565224056626e-05,0.0005593014895454189,3.863734760207632e-06,1.9918994601759302e-07,0.06244543498336749
45,4.094567285499412e-06,5.719387526556819e-05,1.1447294157130719e-05,1.8369484380471074e-06,0.004277909060282442,8.032515987402385e-05,0.0005289633143911493,1.9255228674093532e-07,0.020504178430531227,3.125737281704318e-08,0.0002968311166044839,1.2815173859277872e-05,2.673856020575166e-08,4.637954983994832e-06,0.934566250701335,3.11396588992069e-05,2.1486177452426177e-05,1.962519439490546e-05,3.977797452647886e-06,1.267712121636367e-07,5.5784484939866536e-05,0.0004448713060897594,2.2255696843311052e-06,1.3990150957800837e-07,0.039073888993137504
46,4.280374632957026e-06,6.268834237134817e-05,1.1110654546523382e-05,6.546367898178411e-06,0.005167646735389394,0.00024401713962462793,0.0002801477051803054,2.747041338900577e-07,0.018597731464788513,5.446030894788865e-08,0.0007418976208225729,1.993287351468049e-05,1.3327818429206304e-07,1.3542679719370748e-05,0.8973671709453512,5.114312106007536e-05,0.00038411782785771777,5.508904341572895e-05,8.09790667059576e-06,5.561725353024228e-07,0.00023271709633231744,0.002517019975269559,1.1794900372361714e-05,4.505417474315817e-07,0.07422183806827196
47,9.21292212174372e-06,7.487443451101831e-05,1.2849967071672745e-05,1.625055209164206e-06,0.004528184385655473,5.8216418170185754e-05,0.0006341644661143021,1.2580778877311692e-07,0.03149639924892614,4.1087066550674486e-08,0.00014690318806461004,3.125872876330372e-05,8.402025299055894e-08,4.335293140205728e-06,0.878771420895118,3.5028159962486925e-05,4.5026005429867065e-05,3.478361464441527e-05,5.4241061981653765e-06,1.7808340852249798e-07,0.00011140910382123648,0.0007766568897437655,1.89200080599753e-06,1.6321130433166066e-07,0.08321974290670713
48,1.2390091201093744e-05,0.00037868637929460737,1.803219841097778e-05,4.0481781291390915e-06,0.009478977037790017,0.0003176756861907006,0.0008788173066684413,4.196938396616815e-07,0.035547961193321556,1.5544366738445392e-07,0.000881876251281639,2.165982685110929e-05,6.551802473466853e-08,1.4997821705896965e-05,0.8977117645095821,4.779674992614382e-05,9.242347299066384e-05,3.727880849145422e-05,4.589779957110452e-05,3.48187323475162e-07,0.00014943732025658588,0.0013367669662439723,1.1694776611139304e-05,8.230553017414669e-07,0.053010005727324574
49,5.7532395430006355e-06,9.201769487910433e-05,1.8926274448185594e-05,3.742404233605428e-06,0.004692919884466365,0.00011998965091141315,0.0006941100009618841,1.9394852219073035e-07,0.026833264581877736,5.8765330156776795e-08,0.00035709796441975354,2.4398902743270855e-05,4.7476157246507375e-08,8.419072490428762e-06,0.895163260174892,3.304012045899483e-05,3.506263134011832e-05,3.063562647938759e-05,4.83833547790499e-06,2.1072375398762184e-07,0.00011279963409239373,0.0006661624259445964,5.074704939424288e-06,2.4675423576689454e-07,0.07109772900740134
50,5.818120624603074e-06,0.00010535647873993626,1.4770359206418417e-05,1.9309035936858136e-06,0.007212403649442372,5.812946504620534e-05,0.002124313272121248,3.1887565690352404e-07,0.01105408150060666,1.2806502171440654e-07,0.00024447421426664686,2.3577571950700483e-05,2.995365458562741e-08,1.0665285411430879e-05,0.8821650142313209,2.5272621080266723e-05,2.1722409020613945e-05,2.0700676237429794e-05,4.605680024538972e-06,1.7124602031659023e-07,7.257034615462374e-05,0.0004715898735854025,5.4638620044479645e-06,1.0211063078378537e-07,0.09635678922857735
51,7.263101719334253e-06,0.00024931533649758843,1.2229704356499036e-05,5.44288608090097e-06,0.0031507194574891097,7.818674842987149e-05,0.0006460237715727692,2.7796237200927555e-07,0.0299451969553229,6.197831709296834e-08,0.00039458111685350655,2.8184209757833197e-05,1.8987141907237057e-08,1.411991722636125e-05,0.9103957495409939,2.3817992905497753e-05,2.7128107248612726e-05,3.511804845111247e-05,7.357255204121734e-06,1.3977297170967868e-07,7.958987127510939e-05,0.0010741002796628544,3.616896169366615e-06,1.8296652218308526e-07,0.053821577135457904
52,5.115748159105194e-06,4.0229096905139116e-05,8.995384097231535e-06,1.2417294775931185e-06,0.004254060141707329,0.00011805667127215342,0.00029918365775516236,1.3024744668466345e-07,0.020178845909234033,3.035999103565466e-08,0.0002592471428740316,6.284742483406918e-06,2.2793959326865232e-08,4.823964051886841e-06,0.9292438003719627,2.7874043596505405e-05,2.685955386176859e-05,3.834025886948847e-05,3.245282229110471e-06,1.1635453933377952e-07,4.3563574413500797e-05,0.0004010542763611771,1.5432114549534905e-06,1.2195852865162107e-07,0.045037213524768534
53,1.8240256764598133e-06,4.6482214892132104e-05,9.034878802758015e-06,1.6627148228885608e-06,0.006312898731914424,3.0386065725787816e-05,0.0016410938641616946,1.871842156596692e-07,0.012693716539005872,3.063396310780504e-08,0.0002991971866312075,2.1491274669374042e-05,1.885227897888069e-08,4.8802318625910435e-06,0.9316804241892694,2.2205703042741362e-05,9.294043915290698e-06,8.199575886016516e-06,1.640088837586745e-06,1.0016138195207704e-07,4.9764817931186316e-05,0.00031370055440278305,3.530658001094434e-06,7.831670573216534e-08,0.04684815749200321
54,6.003965819873509e-06,0.00012614174416558207,7.629119872885445e-06,1.2449362318375788e-06,0.004442233987800538,4.9880442593829266e-05,0.0005381168767903139,6.642190753082531e-08,0.017254632282553233,4.14024496990791e-08,9.927068732607754e-05,1.3054237443081341e-05,1.7897834390381606e-08,7.601486381183306e-06,0.8773155123946191,1.415596117705748e-05,1.4360719616173589e-05,1.679856218991617e-05,2.2767782912405367e-06,9.787205799183998e-08,3.522318178829957e-05,0.0002690569187288851,1.692095813554363e-06,5.007436744488794e-08,0.09978483995218053
55,1.458593812132734e-05,9.768808458947292e-05,2.199476784123994e-05,2.9104656941761572e-06,0.0037655582571441792,5.726200433430806e-05,0.0009374830032797781,1.2264253608156187e-07,0.10625491657557372,2.4183952784466215e-08,0.0001533849397856825,7.472526951052326e-05,1.0820023085489511e-07,3.918624002268523e-06,0.8150226434212208,3.5384314643076335e-05,1.6637183058573166e-05,4.74276161343704e-05,4.887085539868197e-06,1.0521534546052747e-07,0.00010961848216796299,0.0005118372664351238,9.591887030443543e-07,2.3959596556459953e-07,0.07286557767418987
56,6.249673106405049e-06,9.338974203455737e-05,1.4277805070504745e-05,2.70404998661584e-06,0.006193879068502381,0.00010655746942961228,0.0006870950461669377,1.9053318032365197e-07,0.026910841884401633,4.759029280551749e-08,0.00035401797260417947,2.0330540788535057e-05,4.803443042707351e-08,7.880035834574083e-06,0.9001052108144703,3.2406378511153045e-05,3.754250259062305e-05,2.8477993806581827e-05,5.245896535106475e-06,2.0187920616434942e-07,9.156217284654238e-05,0.000584204781696891,3.983405605616459e-06,2.131188015157107e-07,0.06471344161009991
57,5.338484211400172e-06,8.753154033280278e-05,1.1378110092020817e-05,2.3606558523073947e-06,0.0047106338708527914,6.609217603936294e-05,0.000654818151884741,1.9190532004128194e-07,0.026769301582612082,4.6952397821417116e-08,0.00022726521692638255,3.442656554694107e-05,8.16247422290164e-08,6.414766946164802e-06,0.9013812041464783,3.868364816733443e-05,4.698340111812561e-05,2.3993871806487525e-05,6.213161452099833e-06,2.509928657149381e-07,0.00011082848797647508,0.0008640036626339524,3.302946754924278e-06,1.8318204673159402e-07,0.06494847089494268
58,8.413744059810056e-06,0.00011054760676581046,1.8438920728761302e-05,3.2202554360498174e-06,0.007149225364739996,0.00013137817173979475,0.0007972608053074424,2.1795044526230457e-07,0.034088348428986934,5.262167816987878e-08,0.00046656754179662084,2.48102207945797e-05,5.86365999739547e-08,8.124474869723351e-06,0.8915523161382114,3.699600396039473e-05,3.9192270310793e-05,3.317800450863329e-05,7.2069145102266405e-06,2.2412712995234963e-07,0.00010413666691227353,0.0006223891319642947,4.989922683541428e-06,3.4639133238336016e-07,0.0647923596845273
59,7.35590206541447e-06,0.00010059625281301794,2.0026128934758477e-05,3.1604922518093823e-06,0.006508134881454024,0.0001261400506469329,0.0007633535703847009,2.129086889128299e-07,0.03189064624327823,5.260260436878779e-08,0.000429684663631211,2.1374687262863616e-05,4.872444937266412e-08,6.832037134305878e-06,0.8999064062468121,3.637080823261819e-05,3.399720807428815e-05,2.9629103896856854e-05,6.235795839758743e-06,2.1910151841026853e-07,0.00010272908369959977,0.0005714250278267964,4.832824749555573e-06,3.2044063971317746e-07,0.05943021521311044
60,5.952417012553186e-06,9.242540195205e-05,1.3910957064646026e-05,2.661486897741611e-06,0.006152364555506071,0.00010671246366659093,0.0006660092631938319,1.8753106876072333e-07,0.02618869321326306,4.7945201501273666e-08,0.0003451887312209769,1.7613697408779268e-05,3.957369165717047e-08,7.519991641916871e-06,0.9032026197522238,3.237336315011167e-05,3.529409170835835e-05,2.834115444219101e-05,4.8766587947769914e-06,1.9270103104954182e-07,8.817565224056626e-05,0.0005593014895454189,3.863734760207632e-06,1.9918994601759302e-07,0.06244543498336749
61,7.419519136864629e-06,0.00010041252753540087,1.9220450800774682e-05,3.0218428035041955e-06,0.006565608708116751,0.00012047498500610317,0.00077531254755539,2.102818330983455e-07,0.03090475547627515,5.231347012029652e-08,0.0004159919089805297,2.1449264780518428e-05,4.979225415670882e-08,6.89395414367659e-06,0.8994603620672901,3.48462846795945e-05,3.399538953070609e-05,2.986199990385535e-05,6.12127192581309e-06,2.140250883546003e-07,9.912080601203442e-05,0.000565600310524923,4.66204380479803e-06,3.0325990646898674e-07,0.060824038968641275
62,5.952417012553186e-06,9.242540195205e-05,1.3910957064646026e-05,2.661486897741611e-06,0.006152364555506071,0.00010671246366659093,0.0006660092631938319,1.8753106876072333e-07,0.02618869321326306,4.7945201501273666e-08,0.0003451887312209769,1.7613697408779268e-05,3.957369165717047e-08,7.519991641916871e-06,0.9032026197522238,3.237336315011167e-05,3.529409170835835e-05,2.834115444219101e-05,4.8766587947769914e-06,1.9270103104954182e-07,8.817565224056626e-05,0.0005593014895454189,3.863734760207632e-06,1.9918994601759302e-07,0.06244543498336749
63,6.2202012804692255e-06,0.00011468979963629613,1.3525553768089866e-05,2.6584152817174226e-06,0.006309864058843576,0.00010468567354379046,0.0006550522865136186,1.7521712580219063e-07,0.026354097008206866,5.166375806795548e-08,0.00033033459497445366,1.7556675089580682e-05,3.793382498563423e-08,7.752717177059303e-06,0.9024675197216749,3.0495906371126036e-05,3.453864458317681e-05,2.604561798843708e-05,5.338141124070245e-06,1.9991766555881342e-07,8.656226310557467e-05,0.0005534848950171332,4.0824873199263065e-06,2.0078350720737295e-07,0.06287482982261838
64,5.063186250664408e-06,9.426662361579259e-05,1.3720699022721379e-05,2.9618984547089938e-06,0.005593923406291555,0.00011049046872339485,0.0006649981390382393,1.7510451023023608e-07,0.02649656544675112,5.663370084504695e-08,0.0003053337802281969,2.0450445404064135e-05,4.56672189588988e-08,8.039829903882944e-06,0.8981678305445924,3.2881969269603557e-05,3.8846353386638414e-05,2.8799880620780595e-05,4.848166189634596e-06,2.174656208814416e-07,0.00012837888000156216,0.0006533437575582203,4.410078786619694e-06,2.0457399149051372e-07,0.06762414700086783
65,3.7682034341777936e-06,0.00010003776665409175,1.6009703653836955e-05,3.754896575160356e-06,0.005535775797418903,0.00011351186962417064,0.0010115457063912291,2.809524006944214e-07,0.01309594739216517,1.2342580001105177e-07,0.00029434415957423624,1.539072401088571e-05,2.566899843907203e-08,1.1936365601730128e-05,0.8976819523452042,3.084529062491247e-05,3.271625147281755e-05,2.53086534500407e-05,3.6688602413511255e-06,2.585855354775057e-07,0.00012167802979203285,0.0005430350832632409,7.209535562190955e-06,1.3679167734001588e-07,0.08135073794087355
66,1.138829431792296e-05,8.927068951826489e-05,2.7356574056412696e-05,2.2022306927524814e-06,0.013484205609495899,0.00022988107642235757,0.0007579782399379124,1.579393064423061e-07,0.03211732411980575,7.931553930984504e-08,0.0004066050051243735,1.1970197465547456e-05,8.354810658429394e-08,5.488191980390295e-06,0.8644480482519031,4.06123051744328e-05,6.685718948321224e-05,4.24340993086206e-05,6.715290990283378e-06,3.8967959340764984e-07,0.0001382296707845117,0.00041289147250819406,6.5292049011365315e-06,4.5233256213323935e-07,0.087692849471021
67,5.925585881662665e-06,9.202734161143957e-05,1.608305104907735e-05,3.83771164674638e-06,0.006981067880650654,0.00016300795493422426,0.0006491962159611511,2.1014728855317612e-07,0.026156320521817822,6.25394250558588e-08,0.0004321960320816251,1.867596851704536e-05,5.562146303772406e-08,1.0932974696861183e-05,0.8883211816738137,3.935438158439273e-05,5.3747023633684194e-05,3.595040626992902e-05,5.012243100730948e-06,2.8485194799631095e-07,0.00011966421408249189,0.0006363511196584319,6.132969321904875e-06,2.6645155992446695e-07,0.07625245511800176
68,1.2876641841965288e-05,0.00016297688519221007,4.180803488144052e-05,7.696770192951896e-06,0.006663350893872979,0.00019641002235082976,0.0011158554044315083,3.158252300358009e-07,0.05081079087578566,1.090178545394373e-07,0.0005056533853419725,3.915060373776329e-05,7.08446966421826e-08,1.1541390033758871e-05,0.8452161947135612,5.187590815706354e-05,5.061454271573151e-05,6.106412320383522e-05,7.943553535686558e-06,3.2847725030114093e-07,0.00022857425071167508,0.0008742841286371954,8.502626262230501e-06,5.505015554281013e-07,0.09393146057896538
69,3.35825677355657e-06,0.00013023424734083205,2.815326296363539e-05,7.431019033949231e-06,0.008114415562864102,0.00016571036513654316,0.0013002449713804902,5.698961166207198e-07,0.02104195374758226,7.5656620293075e-08,0.0015262220359990757,2.8985350981569378e-05,3.3622963527049987e-08,1.0847604580244339e-05,0.9341337225372116,4.8467347376182895e-05,2.314607900158774e-05,1.3141802956479962e-05,8.577490266257892e-06,3.4327128217379953e-07,0.00016589521086139472,0.0005835949516970994,2.089536517034756e-05,7.258054511265497e-07,0.03264325453838901
70,8.811994973956603e-06,3.589855288892894e-05,2.1704863316275318e-05,2.7878664983334576e-06,0.004549504870994306,4.268668376127514e-05,0.000659610704785984,2.8765355518142693e-07,0.019015612708129955,3.344867017218258e-08,0.00011101454972788332,1.4740449007687977e-05,4.205330208601013e-08,7.195526950725012e-06,0.8837226348015338,4.895590950043408e-05,2.436987606103392e-05,4.346533653564373e-05,6.933036129463273e-07,2.231050903208654e-07,2.341116162142212e-05,0.00024775197028698053,8.63127194901875e-07,3.8863691498374804e-08,0.09141766061830812
71,6.288442739456096e-06,0.00016917159359705904,1.0846118713411637e-05,3.130054596817649e-06,0.015123529332686592,8.079495109974318e-05,0.0009387180471389149,1.573350282894713e-07,0.027055264271488785,8.118215944211114e-08,0.000255404468600633,2.0967062366526224e-05,6.631562732753439e-08,1.0217078410350692e-05,0.8614145620194862,4.2874528897795436e-05,4.495560595595223e-05,2.179147001948125e-05,3.683704739166546e-06,6.073991549522967e-07,0.00010173740047323569,0.0004089620356246675,7.558595933671288e-06,2.1597978173874238e-07,0.09427841500567971
