,0,1,2,3,4,5,6,7,8,9,10,11,12,13,14,15,16,17,18,19,20,21,22,23,24
0,1.290220510090192e-06,0.010685484580931187,5.253671621965672e-07,2.6449942690432376e-06,0.0009935432710965477,0.00035739491414158743,1.8296697351873532e-07,1.9000840244459481e-06,0.007210830717456194,5.4347231037293273e-05,0.005202874917761635,1.558601414059547e-06,2.962282184215611e-11,7.826901542600277e-05,0.9658606434574326,1.3747003951221986e-07,2.823322839457503e-07,3.474742993844256e-05,0.00012058573936052869,4.003577487864515e-08,1.1222256921845717e-05,4.237705632662054e-05,0.002000652505132929,5.5719343995454366e-08,0.007338409085618292
1,1.2847557744095146e-06,0.013258419516996182,7.608112519820183e-07,1.794352890682907e-06,0.001261157474443373,0.0003123391093831947,1.4289627822655422e-07,1.6257269221100355e-06,0.008527651219507493,5.4061869569512285e-05,0.0049970286578425475,1.2893637048500327e-06,2.3508025471076155e-11,6.23147861795604e-05,0.9621888168715083,1.1337192710428415e-07,2.548131285543905e-07,1.993204707345585e-05,0.00015875046954164947,3.025606974778755e-08,9.989287106802232e-06,4.220048604541177e-05,0.001506729648015355,4.5442604011704875e-08,0.0075932667427275535
2,3.469546321218972e-06,0.03545300116913494,9.721564600399304e-07,7.549911264574961e-06,0.0012564890118964647,0.002041408145355909,1.1996468562711044e-06,3.069888200707928e-06,0.007811721184141313,7.120920149909107e-05,0.0033554611869768556,4.4304869824850125e-06,7.383269763047262e-11,0.00015027887503933355,0.9278780771085291,8.275804313319901e-07,1.7662933914494344e-06,0.00011591418664601208,0.0006092128976152545,4.046391405251386e-08,3.320598071244156e-05,0.00031183218359498416,0.0043427961976848384,4.841349699902585e-07,0.016545582488548545
3,8.456192652695578e-07,0.011581890044675707,4.064403274132657e-07,1.3052882379804997e-06,0.0007958360473070246,0.00022692205414055817,1.3579859592059408e-07,1.0947420694185822e-06,0.004046216578066175,3.114139069146067e-05,0.003954815683135996,1.3489407200113435e-06,1.568531514277626e-11,8.230437432537468e-05,0.9693139247469107,6.962663182652279e-08,2.216770483869862e-07,2.2448369200762213e-05,8.812084896797985e-05,2.536653130017742e-08,9.09993268899101e-06,3.7221288150324356e-05,0.0014643134289960603,4.6368442686441884e-08,0.008340245329187148
4,9.774322237839445e-07,0.011901692187247383,4.345356562955971e-07,1.3751556108864402e-06,0.0008479505381503868,0.0002372821300453109,1.4663075906861765e-07,1.178959932548826e-06,0.003879957345248754,3.345300974498903e-05,0.004045955258014516,1.3865542658882229e-06,2.0054495570449682e-11,9.589090503823151e-05,0.9688946756688629,7.861645827065379e-08,2.422002026346357e-07,2.562884306750124e-05,0.00010338020268637305,2.864602920089653e-08,9.165666973116811e-06,3.6428059681188496e-05,0.001500352611594043,5.5421634772396514e-08,0.008382283400817645
5,8.317519291929113e-07,0.012870989766791165,3.20592196585327e-07,1.6386691540366848e-06,0.0006756428205237814,0.0002535462500476839,1.1751532072899659e-07,1.1399392194646496e-06,0.0036789797282608715,2.7737786301560323e-05,0.003923663905028043,1.1754606116510526e-06,1.719477145981644e-11,7.700205739302962e-05,0.9697443272331107,7.601436945419673e-08,2.080470901085631e-07,3.2202343612285016e-05,9.132905945142273e-05,2.7809643958055558e-08,8.766592295094246e-06,3.718824768605066e-05,0.0015263547045895384,4.5328969975502026e-08,0.007046688359208835
6,8.456192652695578e-07,0.011581890044675707,4.064403274132657e-07,1.3052882379804997e-06,0.0007958360473070246,0.00022692205414055817,1.3579859592059408e-07,1.0947420694185822e-06,0.004046216578066175,3.114139069146067e-05,0.003954815683135996,1.3489407200113435e-06,1.568531514277626e-11,8.230437432537468e-05,0.9693139247469107,6.962663182652279e-08,2.216770483869862e-07,2.2448369200762213e-05,8.812084896797985e-05,2.536653130017742e-08,9.09993268899101e-06,3.7221288150324356e-05,0.0014643134289960603,4.6368442686441884e-08,0.008340245329187148
7,4.266194626811417e-06,0.013521399177449564,1.3314709938619085e-06,3.5397039179017634e-06,0.001944861596326616,0.0002202897854035682,3.2791726343834433e-07,3.2402337959719476e-06,0.007662039387675137,0.00013157535345144862,0.011822651956380863,2.1183235759674812e-06,7.015200773045126e-11,0.00014532759754207135,0.9503310972112557,1.2906360965461423e-07,4.3531888143052014e-07,2.2743229587956477e-05,0.0002339245005866429,5.688836788402037e-08,5.69752685434431e-06,6.585234742569121e-05,0.0010517748753151712,7.853588370541086e-08,0.012825241733676256
8,1.4417529440667296e-06,0.008340821184337112,9.384185903823995e-07,1.5134639344168624e-06,0.0009579040921380169,0.00016753807836397967,2.043347689163166e-07,9.606868197333248e-07,0.0037293913139009355,7.147170762198546e-05,0.005699732012525206,2.603551278032481e-06,2.1468354728733183e-11,0.0001949614775190827,0.9599642450074184,6.23591654115884e-08,3.482009673735619e-07,1.3738260536231535e-05,6.581278423645918e-05,4.07499281850723e-08,1.4421889670735258e-05,3.6788078366166096e-05,0.00263767841628091,9.533841236003305e-08,0.018097286818807654
9,7.247578469255318e-07,0.007650637998302572,3.535416202905894e-07,9.434182527388449e-07,0.0005163239915378702,0.00010490264398435828,8.306894981074945e-08,5.836765289103072e-07,0.002583380039630054,3.7088996927322834e-05,0.004302591551157519,1.236374567862274e-06,8.60859534699309e-12,0.00011048487631747508,0.9707177739948807,2.7031022067597093e-08,1.5339300215108226e-07,1.0451627901793912e-05,3.844800161970995e-05,2.0532804996951042e-08,7.705225012893353e-06,2.2740686673595297e-05,0.0018113896952174286,4.0171707772379215e-08,0.012081914695924657
10,8.456192652695578e-07,0.011581890044675707,4.064403274132657e-07,1.3052882379804997e-06,0.0007958360473070246,0.00022692205414055817,1.3579859592059408e-07,1.0947420694185822e-06,0.004046216578066175,3.114139069146067e-05,0.003954815683135996,1.3489407200113435e-06,1.568531514277626e-11,8.230437432537468e-05,0.9693139247469107,6.962663182652279e-08,2.216770483869862e-07,2.2448369200762213e-05,8.812084896797985e-05,2.536653130017742e-08,9.09993268899101e-06,3.7221288150324356e-05,0.0014643134289960603,4.6368442686441884e-08,0.008340245329187148
11,9.880631681184848e-07,0.01159363759663788,4.4952696493761314e-07,1.421093536438275e-06,0.0008363454949864637,0.000249767605805209,1.5526282990882069e-07,1.3335641546924295e-06,0.00434941042174177,3.727772525279099e-05,0.004112342387238484,1.505031489966711e-06,2.1113534698197984e-11,8.72234797550453e-05,0.9688161124028692,8.28994351114398e-08,2.557889119081227e-07,2.5403233330778385e-05,0.0001045238563448434,2.8565517631740162e-08,9.168987625485308e-06,4.072849469191345e-05,0.0014679994720938978,5.570578217111979e-08,0.0082637833187216
12,6.533793560939353e-07,0.009764916631746156,3.0142599931734053e-07,7.59387337093901e-07,0.00732508852597976,0.00041432191323669123,4.556629920225132e-07,1.1341490362334762e-07,0.0036421785330758307,1.3822422529605096e-05,0.0035143058701354543,1.2896935450700654e-06,1.1927020804225478e-11,0.001102173986061266,0.9033627128675201,5.49822971272419e-08,3.115885877209075e-07,9.240099568269804e-05,4.219660359134199e-05,1.1390742993769796e-07,3.843890655509824e-05,6.984970329439153e-06,0.02205809870270993,1.686491391518074e-07,0.048618136967332345
13,4.073987881506418e-07,0.0016631917470637477,2.398088463114082e-07,5.150067752071461e-07,0.0002308772467945672,1.3294038655314882e-05,2.860586808003201e-08,5.882083427648529e-07,0.0009078319748911966,1.2424122071432127e-05,0.0105152955470693,1.1674773740413868e-06,6.590268324679635e-12,0.00011771387145882721,0.9832316127756418,1.5315354884607513e-08,4.3006624006809875e-08,7.124582259094863e-06,7.753941371494535e-06,2.3041973179182577e-08,3.5791803380045596e-06,4.990357981853329e-06,0.0005844727036002128,5.918976219504633e-09,0.002696804115290156
14,5.004107588524151e-07,0.029193149479534268,3.507058218587504e-07,1.4841034602509407e-06,0.0009364519545505892,0.0002094048887715722,4.4174237409270354e-08,7.379355409384533e-07,0.0031996789136135863,1.6092828512005114e-05,0.004857978763578381,4.302038788899998e-07,1.4781570946957714e-11,3.880551352498425e-05,0.9563140294316341,5.3005578719886734e-08,9.874374519008408e-08,2.7709017556084206e-05,0.00012884078139918396,2.7915180404301157e-08,4.903939631946549e-06,2.6678430270906826e-05,0.0008664351698622836,1.801690269600625e-08,0.004176095657673264
15,8.456192652695578e-07,0.011581890044675707,4.064403274132657e-07,1.3052882379804997e-06,0.0007958360473070246,0.00022692205414055817,1.3579859592059408e-07,1.0947420694185822e-06,0.004046216578066175,3.114139069146067e-05,0.003954815683135996,1.3489407200113435e-06,1.568531514277626e-11,8.230437432537468e-05,0.9693139247469107,6.962663182652279e-08,2.216770483869862e-07,2.2448369200762213e-05,8.812084896797985e-05,2.536653130017742e-08,9.09993268899101e-06,3.7221288150324356e-05,0.0014643134289960603,4.6368442686441884e-08,0.008340245329187148
16,6.890936812099773e-07,0.005073938284224616,4.6711764940722635e-07,1.25163002375423e-06,0.00048733297420598307,0.0001683788692142373,1.3994205773617038e-07,1.1531711567740844e-06,0.001576895259602595,2.0413290220099193e-05,0.004229588600632166,2.0332292114129142e-06,2.378790493229674e-11,0.0001233396027385494,0.9832950342839153,1.2603530364811945e-07,1.9549998950923238e-07,4.002591752658684e-05,5.634368066566935e-05,4.076774801165547e-08,1.6974317777298274e-05,2.1324795891930937e-05,0.0015264522000558165,5.29033317259128e-08,0.0033578085093877164
17,1.7465168088483752e-06,0.009051057609604236,6.399590363025623e-07,1.8920446659979841e-06,0.0012498966395088954,0.00013524871358470633,3.8304578188199156e-07,1.411390878259766e-06,0.004252924021984779,3.194863081096636e-05,0.007243061850398843,3.5500764789900224e-06,2.213428167225032e-11,0.000243700153848619,0.9577609961581489,7.652024344110221e-08,3.8596406738302267e-07,1.910027484944726e-05,5.082997810254857e-05,3.721417540128246e-08,1.18006732440241e-05,4.8834866071633396e-05,0.0018009723118871653,6.096997995374704e-08,0.01808944439370439
18,1.7747811769646046e-06,0.019513728352313162,3.111725879873804e-07,1.1625447819473172e-06,0.0011806261900958195,0.00020409174106309847,2.645692395319506e-07,7.209998426607776e-07,0.004997040952928766,3.305661993783867e-05,0.0046606821402782475,1.307459244560594e-06,1.1581084230897633e-11,0.00015313536950417188,0.9293495735801631,3.8019421444812275e-08,7.171143467867464e-07,2.616532184039318e-05,0.00011803993912708373,2.2181064925497834e-08,8.276760112835172e-06,7.926493372909546e-05,0.002291039745150821,8.076335691946845e-08,0.03737887873711075
19,1.4597400595531791e-06,0.010716158169256553,9.703119581212615e-07,2.5273418052199934e-06,0.0013985217787907992,0.0004860074775652038,4.296776195202826e-07,2.8256213456123285e-06,0.008246988377877738,0.0001167628760766098,0.005402921006528673,3.6550312072788123e-06,4.4926087917593854e-11,9.036465857572744e-05,0.9587990775013956,1.4422245115892633e-07,4.6251003227384913e-07,2.283124510286716e-05,0.00012727600645033688,5.22458617928497e-08,1.2529842255460832e-05,8.675447654755782e-05,0.001710206907979998,1.0419342643544906e-07,0.012770968734903645
20,1.966727447727894e-07,0.009579933997582267,1.485380588120157e-07,5.738297026532615e-07,0.00015512352983015074,0.00010620170930562061,3.1734525503518276e-08,8.101339564887666e-07,0.0014712421464793124,9.58717224025322e-06,0.0018970016236499441,9.269893333045951e-07,5.090399466546551e-12,2.4501089122265077e-05,0.9835124744965085,2.836473226658177e-08,6.724970887153182e-08,1.2256013031301762e-05,2.9886337613592537e-05,9.241478188535358e-09,5.779734836585228e-06,2.9070033036641325e-05,0.000544555428688386,1.4438236718519466e-08,0.0026195794905072177
21,9.380758218061948e-07,0.007153633228586973,3.9409097028415883e-07,1.696174794908783e-06,0.0005394717353323362,0.00010653972655518226,8.41975909175815e-08,1.0102640353130201e-06,0.0025235685933629273,1.9170714737785393e-05,0.0064088436145464155,1.3694016949050231e-06,1.5483065712934562e-11,0.00011394427503131999,0.9770621531067428,7.362596587347685e-08,1.2184897961296526e-07,2.223206139448972e-05,4.833965095732663e-05,3.10996381789632e-08,7.99445533615329e-06,1.853005032010055e-05,0.0012553057392422158,2.3906149469501476e-08,0.0047145303467297315
22,1.0094475636615135e-06,0.0074552219735374925,5.608346890171963e-07,1.998021322057328e-06,0.0007345112035601824,0.00016410683994757638,1.3194881468589388e-07,1.273113900073616e-06,0.0034903614021077893,4.537290581131105e-05,0.008239115081218124,1.4128828369259314e-06,2.188353900396041e-11,8.628846056724901e-05,0.9712044896820956,8.459023359478015e-08,3.422027959022424e-07,3.201495899266093e-05,7.183670911221381e-05,4.898153850710198e-08,1.2096607238971518e-05,3.6215332242061125e-05,0.0017754633016824758,3.905057924411612e-08,0.006646004445729199
23,8.456192652695578e-07,0.011581890044675707,4.064403274132657e-07,1.3052882379804997e-06,0.0007958360473070246,0.00022692205414055817,1.3579859592059408e-07,1.0947420694185822e-06,0.004046216578066175,3.114139069146067e-05,0.003954815683135996,1.3489407200113435e-06,1.568531514277626e-11,8.230437432537468e-05,0.9693139247469107,6.962663182652279e-08,2.216770483869862e-07,2.2448369200762213e-05,8.812084896797985e-05,2.536653130017742e-08,9.09993268899101e-06,3.7221288150324356e-05,0.0014643134289960603,4.6368442686441884e-08,0.008340245329187148
24,1.0718735011531736e-06,0.015979104351669514,4.384576617755536e-07,2.0936284944185465e-06,0.0010146740376447854,0.00020788927458455987,1.2477822908140145e-07,1.1733865701251528e-06,0.004122855989699449,3.060078142961629e-05,0.0056546709091307955,1.4287927020217173e-06,1.9955584408001284e-11,0.00010435251168841703,0.961357402680195,6.86951959545238e-08,2.1286967562408423e-07,2.519077772211699e-05,8.618221509850755e-05,3.557802335862552e-08,7.7168506580758e-06,3.91321774254699e-05,0.0014436702390326491,4.0332016522452223e-08,0.009919868791995525
25,1.3705580884235517e-06,0.0039201622469375585,4.977831065099969e-07,1.8027007837069853e-06,0.0007882141077971338,7.219355235443078e-05,2.0877955566673274e-07,1.854161804403452e-06,0.0029542182777020152,4.396122370057898e-05,0.01244691273645862,2.5982766476714217e-06,2.800066860056278e-11,0.00017962130003334185,0.9708780094688074,5.99689323385871e-08,2.0518606704588303e-07,1.9628517349710322e-05,3.2652758892225704e-05,4.9708081940600846e-08,5.872218293258553e-06,2.4003369609094802e-05,0.0010299345368986045,2.9714803411372958e-08,0.0075959388192939695
26,1.7424294436693352e-06,0.015276165478525394,4.370107894693634e-07,1.787944021405045e-06,0.0016082181129122516,0.0005728714098974041,2.4449972153786247e-07,1.255777391403065e-06,0.010751516696375233,6.64936674433769e-05,0.003947722089186216,1.0589525039088334e-06,2.686773018644501e-11,9.163261873007835e-05,0.9489322101093217,1.0995531558258385e-07,5.295720623913626e-07,5.2291347869714186e-05,0.0002276326581866259,3.523270104327201e-08,1.2911955253347122e-05,5.0547328338374456e-05,0.0035498318521412645,1.0540924457597118e-07,0.014852647865756068
27,6.070061196959366e-07,0.015600271583515202,2.329746212690871e-07,1.0938391835015525e-06,0.0005168204730949705,0.0001877236202400989,8.352248508986195e-08,1.0151847842128104e-06,0.004617760922856238,2.2420279951051035e-05,0.0031892781429435878,9.442635566495837e-07,8.27245044331351e-12,4.434522423367423e-05,0.9663301743955045,4.051222989575447e-08,1.4311686795607996e-07,1.4050609424161708e-05,7.324350837518963e-05,1.3190364045530256e-08,4.789402862525859e-06,4.4286011763962725e-05,0.0009323618654217731,2.4941116844818464e-08,0.008418275400211516
28,8.456192652695578e-07,0.011581890044675707,4.064403274132657e-07,1.3052882379804997e-06,0.0007958360473070246,0.00022692205414055817,1.3579859592059408e-07,1.0947420694185822e-06,0.004046216578066175,3.114139069146067e-05,0.003954815683135996,1.3489407200113435e-06,1.568531514277626e-11,8.230437432537468e-05,0.9693139247469107,6.962663182652279e-08,2.216770483869862e-07,2.2448369200762213e-05,8.812084896797985e-05,2.536653130017742e-08,9.09993268899101e-06,3.7221288150324356e-05,0.0014643134289960603,4.6368442686441884e-08,0.008340245329187148
29,8.456192652695578e-07,0.011581890044675707,4.064403274132657e-07,1.3052882379804997e-06,0.0007958360473070246,0.00022692205414055817,1.3579859592059408e-07,1.0947420694185822e-06,0.004046216578066175,3.114139069146067e-05,0.003954815683135996,1.3489407200113435e-06,1.568531514277626e-11,8.230437432537468e-05,0.9693139247469107,6.962663182652279e-08,2.216770483869862e-07,2.2448369200762213e-05,8.812084896797985e-05,2.536653130017742e-08,9.09993268899101e-06,3.7221288150324356e-05,0.0014643134289960603,4.6368442686441884e-08,0.008340245329187148
30,8.456192652695578e-07,0.011581890044675707,4.064403274132657e-07,1.3052882379804997e-06,0.0007958360473070246,0.00022692205414055817,1.3579859592059408e-07,1.0947420694185822e-06,0.004046216578066175,3.114139069146067e-05,0.003954815683135996,1.3489407200113435e-06,1.568531514277626e-11,8.230437432537468e-05,0.9693139247469107,6.962663182652279e-08,2.216770483869862e-07,2.2448369200762213e-05,8.812084896797985e-05,2.536653130017742e-08,9.09993268899101e-06,3.7221288150324356e-05,0.0014643134289960603,4.6368442686441884e-08,0.008340245329187148
31,1.0863943043693595e-06,0.010733995820375224,5.568396424359326e-07,1.1956703048867532e-06,0.0005861740257447815,0.00014495428112383513,9.847036949342048e-08,2.065640887731441e-06,0.0031326303854458124,2.5550438910673916e-05,0.0038494089850585967,1.6933242971621233e-06,2.6206808414876086e-11,7.597005180327207e-05,0.97587199162877,9.237063830058577e-08,2.1191360262726875e-07,2.333805127320103e-05,0.00011412802026859846,2.2081284390749893e-08,8.427551465857956e-06,3.7566451893802325e-05,0.0007502540662578377,4.1573066557516105e-08,0.004638545937003824
32,9.241493147522076e-07,0.014233471955188185,4.1873967786963443e-07,1.3223125896914356e-06,0.0008146243799622612,0.000246478537703621,1.2342327556274627e-07,1.1234327444343516e-06,0.0041442099508233275,3.081715386968077e-05,0.0037585320405667064,1.2164354070922585e-06,1.744516220630686e-11,7.845292627070624e-05,0.9668955389899254,7.470538730480585e-08,2.378709868143017e-07,2.503687818508359e-05,0.0001166077579150168,2.4547998223063147e-08,8.758056333494176e-06,4.034417413224615e-05,0.0014177481303267936,5.036340211526277e-08,0.008183863070568346
33,4.75957460086649e-06,0.08892306187794169,9.584511024331389e-07,5.419160911790099e-06,0.0015652679055523134,0.0020736830554307518,6.754984986241421e-07,4.42711651244578e-06,0.004936195232891856,6.506453519043845e-05,0.002072351357890453,3.7480712929752227e-06,1.956997524255984e-10,0.00017836727585756308,0.8800284817331313,9.276792441178666e-07,3.084872589757938e-06,0.00023983870842085765,0.0024265629915365037,4.718603569648999e-08,2.2167779627226878e-05,0.0004691093237102715,0.0022768487495508334,1.0108576927980166e-06,0.014697940809086702
34,8.445770691593915e-06,0.013566860678041949,8.955910086037783e-07,2.3726084732364074e-06,0.0021804376116035112,9.693107046960602e-05,1.2230387841294464e-07,1.8122811196708594e-06,0.0064640864752830395,4.5414353494740996e-05,0.012987539817025483,9.000868608742487e-07,4.446507575409607e-11,0.00022932801569434114,0.9536831231812971,9.979544585877795e-08,3.336781328982066e-07,3.213131035224237e-05,0.0003237723538488342,3.449919521756073e-08,5.0626898649538086e-06,2.530075969711216e-05,0.001042165681920791,4.2053378320647896e-08,0.009302787288756144
35,2.351567062742029e-06,0.0306054361527632,2.593531348164008e-07,2.4854631811971506e-06,0.0007462807309780871,0.00022365827011227698,9.45997601920965e-08,4.681261633693065e-06,0.019687547995070324,3.114407915794084e-05,0.00459825842654341,9.145722083715171e-07,1.6788075283162672e-11,2.176537491484468e-05,0.9358487763952811,7.562704802861291e-08,2.0992799451246507e-07,1.8310749020796564e-05,0.00023795123238624417,8.6338861392645e-09,2.1691729406914563e-06,0.0001206286410466245,0.00037900975416427365,1.5279557745397123e-08,0.007467966723364653
36,8.507263158315661e-07,0.007995063043690014,2.5126779253748633e-07,1.0992749376812947e-06,0.0003572306701332801,0.00012983602070379486,2.6931241783669936e-07,2.1357484998432776e-06,0.002723945269998518,1.8548537346949698e-05,0.0038404242476045296,4.220141987350195e-06,1.558812482049243e-11,0.00010207053815753673,0.9744101138689931,7.338135809666896e-08,3.834308246953408e-07,2.5301659853813954e-05,4.940780634812637e-05,1.7964244521614505e-08,6.990088831326351e-06,9.230005247783143e-05,0.0007792744210249416,4.640535518144579e-08,0.009460146105514657
37,2.4670422751456782e-06,0.009422352568226546,7.536917353807446e-07,1.6042878966631562e-06,0.001286969042682492,0.00021977574313936015,3.7067687575249637e-07,8.747369293518018e-07,0.0022141225075437737,3.545171547532181e-05,0.004762752527041395,2.4356554782863957e-06,3.813146995762495e-11,0.00046146104677296536,0.9638202447161338,1.4418783436336774e-07,5.672925843784697e-07,4.850846319821463e-05,0.00013557639710406653,4.8744910270945175e-08,2.193191900206664e-05,3.135346485108257e-05,0.003511780620554761,2.0300729336447088e-07,0.014018249906329716
38,5.024427227906962e-07,0.008734066313142282,2.897284830038862e-07,1.05054038641137e-06,0.00041375350898028055,0.00032810439804092456,1.3748106654374432e-07,9.793957618577798e-07,0.002671350859484372,2.2575322655697814e-05,0.0024337193471605837,1.287323378035922e-06,1.4864426646901254e-11,5.6172351801122335e-05,0.9793897514727771,1.0374947952456516e-07,1.759107590446343e-07,3.121354972726199e-05,8.244910649306772e-05,2.004774254364297e-08,1.2324169072419916e-05,3.366207084473529e-05,0.0016188895411927645,5.560113503428845e-08,0.004167365752848406
39,3.1577542919075534e-07,0.017319385417227336,5.853869567380913e-07,9.961208307390162e-07,0.0004333609963601153,0.0006041777118506647,8.86547481399697e-08,1.558256287690754e-06,0.0036990495160098376,1.6241956455750666e-05,0.0012774562467058501,2.1676306750886126e-06,1.3844858538426403e-11,2.510240560775609e-05,0.9714429249362696,1.562540444175327e-07,2.7074457418019294e-07,2.6228703664512008e-05,0.00012156919781877989,1.7533054391542356e-08,3.3334587050421813e-05,7.532824787436597e-05,0.0012949385591142673,5.354492485193588e-08,0.0036246916026202703
40,1.1342688209714293e-06,0.012755769134043917,6.919861357572108e-07,7.253812689628212e-07,0.0013822735684383086,7.030164261036949e-05,1.237458344025346e-07,5.898869747975178e-07,0.0022196211644583083,1.3109389852082028e-05,0.005663179727828657,2.00612450027077e-06,1.1603935818445562e-11,0.00023115854517576046,0.9628863667047789,3.564434205854422e-08,1.7036293374282897e-07,1.1883559338820532e-05,5.346568064520487e-05,2.528019673226395e-08,8.538716314644754e-06,2.4640632631848313e-05,0.0010499663438911608,3.299098936119347e-08,0.01362418950639104
41,6.822179812403362e-07,0.015292379655230531,2.436356903298201e-07,1.4897436272862773e-06,0.0008994709027004773,0.00013800077659074472,3.9293957310655485e-08,1.105917528727995e-06,0.0051420594765121,1.658409426781828e-05,0.005021401979066862,4.6787862159317215e-07,1.299233475927933e-11,5.049511962908424e-05,0.9691581076979866,5.5117490333396834e-08,6.097101613174186e-08,2.188226191320224e-05,8.863264432963964e-05,2.1639799715613644e-08,3.2047637602392517e-06,1.4748820208338343e-05,0.0007196592043738788,1.2109975273079673e-08,0.003429194064750199
42,5.632547065646356e-07,0.044826321407884374,6.838769919025504e-07,2.324126641669912e-06,0.000379627247974651,0.0004911326129933899,5.969521255590444e-08,3.398879432304657e-06,0.006737666825867089,1.9473267129721532e-05,0.002040339373872549,1.59095510285875e-06,1.5162568361910622e-11,1.2214987813515049e-05,0.94133611848302,1.80304737337108e-07,2.558402568673638e-07,1.787663758771183e-05,0.0002605378421876218,1.1134072600630011e-08,1.1165189585650676e-05,0.00019513227442167732,0.00047491605873428564,2.6548790426679355e-08,0.0031883831598198465
43,7.411502784566728e-07,0.012098381826513259,8.605806542594725e-07,1.8898505609237959e-06,0.0010006279807147447,0.000955970741637364,1.8719268989232484e-07,2.2323038698776085e-06,0.007049837604473887,9.029155488717305e-05,0.002372970926077871,1.8906980928385629e-06,3.550728713734176e-11,3.449487146377949e-05,0.9686586654002899,1.921509938110071e-07,4.98254331718014e-07,3.534106101722424e-05,0.00019723735073709395,4.297023087629641e-08,3.3893525086685045e-05,7.58258046719456e-05,0.0023003152594401107,1.1256836953932812e-07,0.005087498337409715
44,8.456192652695578e-07,0.011581890044675707,4.064403274132657e-07,1.3052882379804997e-06,0.0007958360473070246,0.00022692205414055817,1.3579859592059408e-07,1.0947420694185822e-06,0.004046216578066175,3.114139069146067e-05,0.003954815683135996,1.3489407200113435e-06,1.568531514277626e-11,8.230437432537468e-05,0.9693139247469107,6.962663182652279e-08,2.216770483869862e-07,2.2448369200762213e-05,8.812084896797985e-05,2.536653130017742e-08,9.09993268899101e-06,3.7221288150324356e-05,0.0014643134289960603,4.6368442686441884e-08,0.008340245329187148
45,6.229993382543195e-07,0.007456766539034905,2.97140577755082e-07,1.045058717623326e-06,0.00043060090509348026,0.0002619144272646226,1.7765223103278544e-07,2.5376987348028984e-06,0.0033937641356536112,3.1396056712910276e-05,0.002475289935339239,1.6787844506657057e-06,2.451121760455257e-11,4.8648765858359463e-05,0.9819243773090373,1.1963561965576057e-07,1.6476009734513894e-07,2.8375405865537127e-05,9.611324631610051e-05,1.908618945961378e-08,6.606001218786882e-06,4.361460792300367e-05,0.0006718057141755792,5.219521486008509e-08,0.0031240119148235614
46,8.54772037559489e-06,0.024554793803688853,2.609369123359905e-06,1.1478935649958345e-05,0.0022538866914579105,0.0014751903074472273,1.056509297124243e-06,7.318712116617231e-06,0.011952559005314525,0.00026472730319997297,0.009452246021038106,1.0735033764123155e-05,1.9780078819415696e-10,0.00016255748169311752,0.9181896713267442,6.296356885925674e-07,6.06172348375121e-06,9.01419581757194e-05,0.000608778263302918,1.248989103173803e-07,5.441337999029751e-05,0.0005363443358932927,0.0039034128697399075,4.3830867659059433e-07,0.026452276207427083
47,5.3302312845298816e-06,0.022344382637884776,1.4207226051870911e-06,5.088677425982792e-06,0.0012318137320979595,0.0006239824839993335,5.504180597947643e-07,4.443727061538924e-06,0.007431694976266197,8.551565253885059e-05,0.005143133302324603,4.940301126432492e-06,8.898371923168755e-11,0.00014073640094017277,0.9477730056649406,4.3615150918011326e-07,1.235817351674621e-06,4.922057634574642e-05,0.0004549205962416879,3.9236157446282074e-08,2.1092099633845124e-05,0.0002008596965571317,0.0019022427505205226,2.2719405324549121e-07,0.012573686864089814
48,2.5003578905525917e-06,0.029338088437429483,7.043274057906179e-07,2.120151234660702e-06,0.001280485619879169,0.0009876576564337737,3.5485136214091324e-07,2.7444959269922415e-06,0.006937221090525549,9.863044018885123e-05,0.0025558926376967332,2.065462164293392e-06,6.067486074541339e-11,8.803910271232357e-05,0.941352440563218,2.21260975808128e-07,1.3250444256492214e-06,6.406632767614714e-05,0.0007036696921739344,3.170013174508357e-08,1.5039148062789952e-05,0.00017382149283097788,0.0019351488275655808,3.0550230603878016e-07,0.014457425749108365
49,6.06669389066096e-07,0.016368517099852715,5.781011354410129e-07,1.5846599393554945e-06,0.0007074297185035685,0.0003786688360829993,1.4269150420993618e-07,1.5876679596646663e-06,0.004888283433724866,3.582270792908329e-05,0.0031844447023514637,2.214975024992988e-06,1.759238809902779e-11,4.523095555875679e-05,0.9653200719202969,9.054098684380269e-08,2.6410692427952814e-07,1.9278303723142466e-05,9.592985760412516e-05,2.7263196662145048e-08,1.28596907490922e-05,7.793109096489639e-05,0.0012377503974373037,4.8559026369425836e-08,0.007620636032541836
50,3.935875865013569e-06,0.005337422746687357,7.497750381655621e-07,2.237041381418937e-06,0.00173272189868697,0.00023174056272598728,8.027408927538122e-07,2.5012392277114924e-06,0.005524289167009613,0.000140473541043569,0.008974417334600452,3.1622393631835776e-06,6.163617001712467e-11,0.000334688126193769,0.9566253291893818,1.2646396380388388e-07,6.022437193339632e-07,3.253128657219704e-05,0.00012967514707647109,6.073926219106628e-08,7.689311389681139e-06,4.521011648810083e-05,0.0019175172388802412,1.6486442354557523e-07,0.01895195104849067
51,1.1470453837592994e-07,0.03646239906047005,6.641187416411464e-08,1.234236310947364e-06,6.871944261255187e-05,5.777857389341289e-05,6.6103542388858596e-09,6.786188221110595e-07,0.0013148034038818163,2.5588985104184936e-06,0.0019898353049541966,3.429121538032505e-07,1.7447669042683322e-12,8.273878386472115e-06,0.9579740506275162,1.3079099967403412e-08,1.882675853544052e-08,6.3298581262471685e-06,2.014666422043856e-05,3.7774343537720735e-09,1.808438543800335e-06,3.701857188859198e-05,0.00020797238338576506,2.3580555292345918e-09,0.0018458233564633243
52,8.165421272329897e-07,0.010702889190011725,3.76044975360863e-07,1.298861133654416e-06,0.0007490827278987795,0.00022805442400527107,1.2588336175801985e-07,1.1385843463847105e-06,0.003985543186679306,3.282406908807317e-05,0.00395170554314997,1.2841103046474294e-06,1.605541095288963e-11,7.683856422777642e-05,0.9712818270335711,6.819231569976046e-08,2.0209973159366543e-07,2.3133191698003334e-05,8.628115970628308e-05,2.5939269018758535e-08,8.397441369525556e-06,3.4687473720107956e-05,0.0013845689131056556,4.4028472668100586e-08,0.0074487867796751575
53,5.919305597666094e-07,0.0034984211995900223,4.231184919250765e-07,1.3908797810387618e-06,0.000937871742281002,0.00019486582156653058,3.8575759886696655e-07,7.725701387006752e-07,0.003543183637199083,3.50732820579613e-05,0.006224884533438288,2.428489827721547e-06,1.5487966346218686e-11,0.00016501080656559125,0.9719933098564751,7.99962395116107e-08,2.1078901700312963e-07,2.7423241379665796e-05,2.3512022974013633e-05,5.489103163386628e-08,1.731228309841119e-05,2.0314952438639644e-05,0.0036058583703008303,5.293997995566062e-08,0.009706566872480915
54,5.159736533194957e-07,0.022510246159955633,1.3821947216438294e-07,6.502590319224015e-07,0.0003739120429707277,0.00011558253238681377,7.593741581289873e-08,5.55169958562483e-07,0.002607056277886815,9.770717764355214e-06,0.001936379502786788,6.506128856678692e-07,3.882108194139667e-12,5.9169606197447866e-05,0.9599253367968003,2.3262354332539203e-08,9.529659067968484e-08,8.689965492409537e-06,6.106117343353784e-05,5.809714444448234e-09,2.9976332389786923e-06,3.839370581917716e-05,0.0006844160974542067,2.464541227157351e-08,0.01166425259744159
55,9.131660164353008e-07,0.007321577431565749,4.2696109908690656e-07,1.4736180272913927e-06,0.0009412943172824931,0.000320252759974447,3.628665160781636e-07,2.7024513565671323e-06,0.005744914978532999,3.0503570904446895e-05,0.0035797163746517685,5.9434189052042205e-06,3.4514220146955446e-11,0.00012982231028978232,0.9718870815407799,1.5654231729641983e-07,2.4150789298205294e-07,3.7176217167389694e-05,6.421623125324955e-05,3.992107256373582e-08,1.0179578676613204e-05,5.146694981415101e-05,0.0013395141830657407,6.815164581174064e-08,0.008529954916677619
56,9.37847876686835e-07,0.011682527071096295,4.367163270205837e-07,1.44246468940595e-06,0.0008287090010591832,0.00025320650014968915,1.5008897945366753e-07,1.282152553562693e-06,0.004285881827553243,3.5375497534945086e-05,0.004058985890667592,1.471725777304453e-06,1.9961612076630666e-11,8.486745912184499e-05,0.9688950648684653,8.097412689765769e-08,2.4447075733019717e-07,2.5362921702604822e-05,9.913196305410949e-05,2.881109854428369e-08,9.412998537214249e-06,3.9721839240277046e-05,0.001493072603850176,5.2995129567565614e-08,0.008202551290690101
57,9.375197182850585e-07,0.013051532502217312,1.55911958993768e-06,1.3825162645797966e-06,0.0016193301303490646,0.00037428448456415297,2.3044831452026548e-07,1.894701142127972e-06,0.0061134615521847326,5.63795668711919e-05,0.004172027320245853,3.630701874627933e-06,3.55154168629792e-11,8.515724679621572e-05,0.9633280186923882,1.436121532847114e-07,4.2214440567746387e-07,1.8821489508169366e-05,0.0001353968106102895,4.9689352290696945e-08,2.1732601665055635e-05,6.447472806023041e-05,0.001570011118615413,8.115370161494342e-08,0.009379040113892057
58,1.0017228987916913e-06,0.01233379817968533,4.681719399083608e-07,1.3642548035841015e-06,0.0008957381941647202,0.00031881530099077914,1.792128565050578e-07,1.2822518014276e-06,0.00417335443360312,4.262732966571351e-05,0.0034572575627766114,1.6610997157098123e-06,2.3374353518125603e-11,9.545772652407117e-05,0.9675238836089078,9.10933072686083e-08,3.122927408489111e-07,2.9901013698640584e-05,0.0001230393468413331,3.0574937641635105e-08,1.1248304745417364e-05,4.6042674073314985e-05,0.0017523641241944203,8.128754830706521e-08,0.009190000214204698
59,9.746310148650127e-07,0.012155184294561434,5.751176989353669e-07,1.3863926317076255e-06,0.0009552032913835458,0.00029830522853042127,1.7890562521742845e-07,1.2824406974745599e-06,0.004136791135798917,4.1275062826462776e-05,0.0037118646325848383,1.7814689827980757e-06,2.36588275574759e-11,9.670636638723543e-05,0.967736592767642,9.511210939805631e-08,3.1167536210267914e-07,2.727460468918644e-05,0.00011676676316193611,3.307218278524107e-08,1.2727642946476877e-05,4.529597935662204e-05,0.0017386921838572285,7.610899316635494e-08,0.0089206250973162
60,8.456192652695578e-07,0.011581890044675707,4.064403274132657e-07,1.3052882379804997e-06,0.0007958360473070246,0.00022692205414055817,1.3579859592059408e-07,1.0947420694185822e-06,0.004046216578066175,3.114139069146067e-05,0.003954815683135996,1.3489407200113435e-06,1.568531514277626e-11,8.230437432537468e-05,0.9693139247469107,6.962663182652279e-08,2.216770483869862e-07,2.2448369200762213e-05,8.812084896797985e-05,2.536653130017742e-08,9.09993268899101e-06,3.7221288150324356e-05,0.0014643134289960603,4.6368442686441884e-08,0.008340245329187148
61,9.691268816534096e-07,0.011963483151767852,5.506801556521905e-07,1.2873496702701937e-06,0.000949891315437972,0.0002735825402198074,1.6768892024286273e-07,1.20187181039337e-06,0.004233831711362862,3.917480949980524e-05,0.003774615946166243,1.6625026477461915e-06,2.1022088097212236e-11,9.438412207916126e-05,0.9676131218788553,8.549948483006956e-08,2.923654547266128e-07,2.4427596884776148e-05,0.00011109503343670293,2.999455251035401e-08,1.1812292581298847e-05,4.255954091896531e-05,0.0016791540969266431,6.793162369169244e-08,0.009182550931638896
62,8.456192652695578e-07,0.011581890044675707,4.064403274132657e-07,1.3052882379804997e-06,0.0007958360473070246,0.00022692205414055817,1.3579859592059408e-07,1.0947420694185822e-06,0.004046216578066175,3.114139069146067e-05,0.003954815683135996,1.3489407200113435e-06,1.568531514277626e-11,8.230437432537468e-05,0.9693139247469107,6.962663182652279e-08,2.216770483869862e-07,2.2448369200762213e-05,8.812084896797985e-05,2.536653130017742e-08,9.09993268899101e-06,3.7221288150324356e-05,0.0014643134289960603,4.6368442686441884e-08,0.008340245329187148
63,7.179222982444626e-07,0.01465586900583144,3.275551180900253e-07,1.182756970046312e-06,0.0006742912226209183,0.00021595586002340198,9.992660025558623e-08,9.592819630935884e-07,0.003876770540344288,2.3949059445703663e-05,0.003426100033645317,1.0246012801377958e-06,1.2484527312711491e-11,6.410398415594736e-05,0.9678492443949045,5.770926616517295e-08,1.8514857053973407e-07,2.1073818908809785e-05,9.005395475991524e-05,1.993238343738513e-08,7.711671169239577e-06,3.739779212912741e-05,0.0012882063701187031,3.761421319553625e-08,0.0077646598307950804
64,6.924616757004048e-07,0.011468448347472997,5.47217763230286e-07,1.2264454779883474e-06,0.0007574699607805575,0.0002506929432923906,1.242372208908538e-07,9.946100210423752e-07,0.0037033505993857223,2.907270302458195e-05,0.003485622576572662,1.6149205369955656e-06,1.5244383152177326e-11,7.387931834385832e-05,0.9706827353649887,7.771546873516674e-08,2.5315987752727245e-07,2.046085539953088e-05,7.895882773681469e-05,2.7563741970451072e-08,1.5952616393729355e-05,3.8996510180229217e-05,0.0017850633964861396,5.0157114610668774e-08,0.007603687475798832
65,5.343121995186494e-07,0.016038803408445296,3.653739686672737e-07,1.0564351737602527e-06,0.0007179521005159115,0.00028591775772052067,1.1668338693617081e-07,7.055504863065229e-07,0.0032977568562476034,1.9582306296763103e-05,0.0025149343332417796,1.2143790223528776e-06,1.0949258940030196e-11,7.322667129203751e-05,0.9652477932630252,6.23099390199531e-08,2.2735088288694763e-07,2.4585340033072435e-05,8.036879598284414e-05,2.2725947185780865e-08,1.4304055511559027e-05,3.927222847078236e-05,0.0020046805502622997,5.360716901339872e-08,0.009636463593829534
66,5.913955398233012e-06,0.01116362300447485,3.4313801599434105e-06,4.539297815823274e-06,0.008307539616142248,0.0006921118374399636,1.1802635600867365e-06,3.356466029561718e-06,0.015221259622238862,0.00023419430840038174,0.012964181061691666,4.01710941886207e-06,1.73541525347765e-10,0.0003168466838906062,0.926213467309812,3.846352409288273e-07,1.2529289721280224e-06,5.2020262352840414e-05,0.0003761260033301814,1.8459864841061406e-07,2.5886133768273953e-05,6.333660754366493e-05,0.003787668101972151,2.4350268889617133e-07,0.020557235135467634
67,6.095849608999706e-07,0.01280261739022417,3.452603530964182e-07,1.1517829318638929e-06,0.0006306000427511594,0.00026097701395358424,1.2115209622702585e-07,8.478339759502859e-07,0.003410386138413299,2.46193234815115e-05,0.003087654324691025,1.2895383934467577e-06,1.2255183531358756e-11,7.349880252507544e-05,0.9689759191359355,6.281439095522064e-08,2.192667735229886e-07,2.3257840694415786e-05,7.762507382898461e-05,2.3201723503579327e-08,1.0989104704735082e-05,3.849657124858798e-05,0.0017473808456039761,4.891993804695383e-08,0.008831259024151257
68,1.1128742901936075e-07,0.004293619847147208,2.179379072525125e-07,5.215576582610286e-07,0.0003059465140547871,0.00038401580376207906,1.0404610509858966e-07,1.11487492515736e-06,0.0015510196176997545,1.692735117485438e-05,0.0013832959062789953,2.8421373817302485e-06,9.499002517907889e-12,3.0487251715914837e-05,0.9880778295069973,5.1630086837938044e-08,1.0606306489616762e-07,2.4748723865401838e-05,1.9992074094782645e-05,2.8924413515159778e-08,2.132231265765157e-05,2.8788991164076618e-05,0.001039378585652009,3.400824573502262e-08,0.0028174950370184783
69,1.4612718616057016e-07,0.0041269683121750046,1.1553797505744449e-07,6.446523997331341e-07,0.00025329033872545197,7.433566285258647e-05,2.7715303601714214e-08,3.7385121806688315e-07,0.002640031134829284,1.2464918602690316e-05,0.005494449823191436,5.328853316182621e-07,2.4818990359655186e-12,2.1861956679124872e-05,0.9816177686649659,1.0723245857725315e-08,5.4835614339469734e-08,1.1081596481331732e-05,8.534452676103159e-06,1.9067184144608953e-08,6.4041840963403196e-06,1.2143426132428969e-05,0.0013482692949208386,4.47724296630895e-09,0.004370466358487922
70,4.4810107245156366e-07,0.008630663738857387,6.058112334859291e-07,2.8974024346145014e-06,0.0007675290203157835,0.00038175601607488797,1.4840560202433017e-07,1.464933089365772e-06,0.00758742248127023,3.64792047096533e-05,0.00566956209643684,1.7471386684227428e-06,1.4319026344605448e-11,4.03988856785547e-05,0.9701520601768614,1.147373221058545e-07,8.795877605498432e-08,1.4730450715925233e-05,3.89616005540555e-05,4.1217591170752383e-08,1.1235797327888612e-05,2.9562745074252853e-05,0.0016459951060476422,1.9688048281674612e-08,0.004986067271918631
71,3.6000117145265904e-06,0.006948929692966942,9.472815482864402e-07,2.854956733960579e-06,0.0036321643073438576,0.0006009526503642699,1.660035901927132e-06,3.009370662114391e-06,0.012530578196969422,0.00018338321927100575,0.007395171412129323,3.793409374402499e-06,7.932509581564052e-11,0.0002783354115130453,0.9408440336767909,2.0898008633796011e-07,8.731271645191744e-07,4.444047027408206e-05,0.00016934634205121723,8.602293275139732e-08,1.3739194243161284e-05,6.537594310121862e-05,0.0032128931464179555,2.388816304188244e-07,0.024063384179489198
