,0,1,2,3,4,5,6,7,8,9,10,11,12,13,14,15,16,17,18,19,20,21,22,23,24
0,0.0008142100217460836,0.009942001624792066,5.126775549109675e-05,0.00026186152529385513,0.06930776059616073,0.0007138222902575445,0.0006832303770613422,2.484311820098586e-05,0.012725783918437974,5.8743108196720785e-05,0.3845389263856122,0.0004096932018341529,1.4120519340546103e-05,0.008901226560114137,0.27712263444765195,4.453969265664796e-05,0.01981912554796297,9.370753616449017e-06,0.00607529372044002,1.2822026395136468e-06,0.003604131770090894,0.0028431456897382557,0.0022426678098595478,0.0006083001814141187,0.19918201718139014
1,0.0003901231983034959,0.004843306331099426,4.511889988873553e-05,0.00013476051368061214,0.02547357340802449,0.0019453980877682416,0.0005486254530395305,2.5232397860002768e-05,0.07366930187243573,0.0002678909767745023,0.19990980715576634,0.00012166960520056408,1.2849009703035118e-05,0.018043886334449297,0.4074023228823956,3.68896114957499e-05,0.002630822324499154,1.3193316111844155e-05,0.010337836957939541,2.4234851971774514e-06,0.0026067606347741266,0.0038907955159819315,0.002123428050468194,0.0004945278781615167,0.2450294560989812
2,0.001127557598262028,0.0076186574575501384,4.34059134013775e-05,0.00020377519325596473,0.026393524109030703,0.002383183844357448,0.0008185406633079396,3.0321392090038395e-05,0.03717407355997558,0.00014390902575187506,0.4053592200144995,0.00018698412028493374,2.2355414712188247e-05,0.009252829841172075,0.3166995795347159,3.461402352127249e-05,0.00738052132443863,1.8265229424702586e-05,0.015372058062255778,1.3065340619323917e-06,0.0038877156724031825,0.006323863495572962,0.002659952111421077,0.0004669548039859251,0.15639683106054672
3,0.000446649221251571,0.005378214515878079,3.330919645393088e-05,0.00012176933968403602,0.026015812574659493,0.0014512637768217857,0.00046876175432755153,2.35955207871963e-05,0.04598980701577386,0.0001535209297535435,0.2657360745849027,0.00015039715767374554,1.1083917017426714e-05,0.016012213595743115,0.39167198592776475,2.5306510941923775e-05,0.0034264249386295968,9.830332980802096e-06,0.007524061486972242,1.6363283576150903e-06,0.0021968714504891885,0.004418577640451913,0.001725418778217171,0.0003536629857743698,0.22665375051869227
4,0.00046633558107608673,0.006024827723894305,3.6812910060526205e-05,0.00012762747152357138,0.028408398181139466,0.0012997287377748397,0.0005284060484485628,2.5062478796857662e-05,0.05049109907330742,0.00016187165330331014,0.28034918143441534,0.00016198329861076555,1.4053479765882162e-05,0.01964988897248699,0.36250520957306076,2.4720656870247015e-05,0.0033982123444587396,1.1347472121368742e-05,0.008101063028920127,1.9291663114216945e-06,0.002657849489270441,0.004919111978592408,0.0017107765339224796,0.00039999824045483767,0.2285245044714133
5,0.0005267628133144536,0.0057586169125835645,4.435681394066919e-05,0.0001865809369647231,0.03499856397544264,0.001702709067366224,0.0005357475669619474,2.7602932104765396e-05,0.05468158357850135,0.00021308763825789837,0.288655405575791,0.00014399202555029047,1.4195824782532455e-05,0.02042036111230581,0.3622881694467959,2.8982716041994582e-05,0.003939866858528124,1.839220342194342e-05,0.009414887624979046,2.418070310011536e-06,0.003083465712853463,0.004034212304385059,0.0027320713509713748,0.0004969243408609017,0.20605104259698445
6,0.000446649221251571,0.005378214515878079,3.330919645393088e-05,0.00012176933968403602,0.026015812574659493,0.0014512637768217857,0.00046876175432755153,2.35955207871963e-05,0.04598980701577386,0.0001535209297535435,0.2657360745849027,0.00015039715767374554,1.1083917017426714e-05,0.016012213595743115,0.39167198592776475,2.5306510941923775e-05,0.0034264249386295968,9.830332980802096e-06,0.007524061486972242,1.6363283576150903e-06,0.0021968714504891885,0.004418577640451913,0.001725418778217171,0.0003536629857743698,0.22665375051869227
7,0.000969392972270579,0.005261138368923004,3.4186025120918516e-05,0.00011490942119424618,0.020138584066766236,0.0013178384304179688,0.0006110629138495261,3.210452416101147e-05,0.03294752995253929,0.00010850689576747894,0.4419006078343462,0.00014831272440308951,2.530451619660505e-05,0.009851467692957715,0.3422330038084071,1.822041249130288e-05,0.0028279344288648176,1.229791451007435e-05,0.009699694213432284,1.4397922614623478e-06,0.0023676671173051096,0.007568566455057645,0.0009107415658410839,0.00023223694123008647,0.12066725101168517
8,0.0004762634122691868,0.005264875861925421,6.98571902265035e-05,0.0001494467265328891,0.026299498386326767,0.0012481276528724563,0.00020241714272192286,1.3515609686205161e-05,0.04884369539783308,0.0002403217681274504,0.14758508206307563,0.00014910214175005914,8.299436662142035e-06,0.019560194288806006,0.35266719858128803,3.739778303276946e-05,0.004588428356639822,7.227535160551283e-06,0.0031814981065498744,2.280922718659424e-06,0.0013012388882111888,0.0022510213741204817,0.0030533653309826616,0.000893332967463107,0.38190631307501705
9,0.00023942317348558904,0.006672199795393202,7.099830915669468e-05,0.00014649852429554232,0.021632706738929735,0.001069139098227824,0.0002014111874530179,1.613207051251144e-05,0.0606648246375582,0.0004488173810371706,0.1056891481140968,0.00011373370585096473,8.414148828875354e-06,0.03178459155272999,0.33625039560824854,4.942147402968238e-05,0.0036321831781516004,8.782933214549717e-06,0.004748058699204054,3.404742625218671e-06,0.0017488342959432806,0.002120258298784614,0.00288052368252582,0.0009207037586074035,0.418879394891109
10,0.000446649221251571,0.005378214515878079,3.330919645393088e-05,0.00012176933968403602,0.026015812574659493,0.0014512637768217857,0.00046876175432755153,2.35955207871963e-05,0.04598980701577386,0.0001535209297535435,0.2657360745849027,0.00015039715767374554,1.1083917017426714e-05,0.016012213595743115,0.39167198592776475,2.5306510941923775e-05,0.0034264249386295968,9.830332980802096e-06,0.007524061486972242,1.6363283576150903e-06,0.0021968714504891885,0.004418577640451913,0.001725418778217171,0.0003536629857743698,0.22665375051869227
11,0.0004891905940734626,0.005516592206674405,3.435739563702315e-05,0.00012778887449768042,0.027027698809874587,0.001385857233390979,0.0005145232394321392,2.413510212741163e-05,0.04666950065063125,0.00014712264545675146,0.2777571889656205,0.00016163043862461545,1.338013740746116e-05,0.01585590230021801,0.3840399774468135,2.5881053257351127e-05,0.0034251552778905305,1.044806794520276e-05,0.007959855522386716,1.780186225911265e-06,0.0023238619858197843,0.004799441196012376,0.0016740803754709507,0.0003911208774919238,0.21962352941701946
12,0.0004192873025550993,0.004565104569538391,3.970075340529251e-05,9.99329606371987e-05,0.038854422326263384,0.001414373919686094,0.00041172490753994427,1.850954963188313e-05,0.049552375167194324,0.00014282095452839292,0.28122772570327753,0.00014849614556137976,8.939935223125724e-06,0.019948151046069403,0.32008009473726207,2.0010761015365508e-05,0.0036541492043629456,9.343795127173798e-06,0.004844355136463208,1.8640056203076516e-06,0.0024140918993045273,0.0035049236908372685,0.0020902201870848635,0.0004313585440138725,0.26609802279779693
13,0.0003177378632099953,0.003701356477746718,1.544799976743061e-05,4.367760350052042e-05,0.01903702828826934,0.0004150460086080996,0.00031293805355073494,2.270662108403627e-05,0.021340295948601748,4.0973284522927864e-05,0.39859537948927526,0.0002152247558594406,7.250557696588747e-06,0.015710404779210693,0.31371714928612937,1.038028625391577e-05,0.0020671333936929394,4.08781444572907e-06,0.003416809358192733,8.058318506549428e-07,0.0013840089548100528,0.005036105828233174,0.00044139620456746235,0.00012893510197563656,0.21401772020894483
14,0.0004005771095983916,0.019674410721831858,2.5749156533307343e-05,0.00019917172469861172,0.09687797830342619,0.0003658776668646839,0.00035958114934167985,1.6958033830189514e-05,0.015211117838848877,0.00012261512510184484,0.6529475513992928,7.745767903701768e-05,2.4634099982580353e-05,0.021457020814249675,0.09422875884051514,6.147012690102801e-06,0.006194100203470726,2.2906244091414897e-05,0.016204151986761228,1.2315875934688166e-06,0.012034806685280066,0.004214301859963846,0.001159217333842405,0.0003345967305668712,0.05783908069258696
15,0.000446649221251571,0.005378214515878079,3.330919645393088e-05,0.00012176933968403602,0.026015812574659493,0.0014512637768217857,0.00046876175432755153,2.35955207871963e-05,0.04598980701577386,0.0001535209297535435,0.2657360745849027,0.00015039715767374554,1.1083917017426714e-05,0.016012213595743115,0.39167198592776475,2.5306510941923775e-05,0.0034264249386295968,9.830332980802096e-06,0.007524061486972242,1.6363283576150903e-06,0.0021968714504891885,0.004418577640451913,0.001725418778217171,0.0003536629857743698,0.22665375051869227
16,0.0004043196352697882,0.0051990036137376065,1.9017987772270832e-05,7.950789984061747e-05,0.01678786374424165,0.0008171393413539162,0.00037424363633338807,2.6438711735375233e-05,0.027833301546489313,8.773670482230554e-05,0.2930417890117777,0.0002012313387193267,8.772311954293211e-06,0.01522194061892085,0.41312367671310196,1.8589525533477444e-05,0.002888628476567106,6.516974026710752e-06,0.006044420519399509,9.331328421156416e-07,0.0015105420716879734,0.006004718127759173,0.0007630962632366126,0.00015802343826150196,0.20937854865461547
17,0.000672234945601862,0.005753442557568914,4.617662576421236e-05,9.855954252848544e-05,0.052519936552576515,0.0009546848380989865,0.0007646239792643914,2.1464285698186588e-05,0.05058404324613066,8.40237075228296e-05,0.42303821706835826,0.00024640896639468047,1.6796375182084066e-05,0.025512084114449197,0.18704057048741385,1.5311492965825563e-05,0.0045271473499753166,1.3455286531455364e-05,0.005081218467099732,1.8011747956473203e-06,0.004467379438815154,0.004687902286280926,0.0019469486271165124,0.0005412776734060998,0.23136429091046026
18,0.00021998186383985656,0.0041224164023391215,3.066724536884615e-05,4.1366796461735706e-05,0.015708599963396328,0.0007521909893393615,0.00032621077186576966,1.3143809359601504e-05,0.032515387262026296,0.00010748512777860895,0.16222897805930414,0.00016933547544066072,5.382763642968946e-06,0.01991827036243036,0.30257932045206043,2.8169912029325367e-05,0.00354015246296457,4.782711733478476e-06,0.004197277389223259,1.2909451150902461e-06,0.0020780575731343845,0.0028072358444667894,0.0013946372587618117,0.00035652617411760794,0.44685313238379953
19,0.0002938270404470978,0.006141318333900872,2.4027303615685042e-05,0.0001888002854727197,0.030553467943753448,0.0019695335103248834,0.00042628289968594743,2.11595822574129e-05,0.0652843221020454,0.00021140145834549795,0.17099742407228957,0.00014728345749966676,9.799397539401287e-06,0.014655890879072002,0.4839449655604872,2.5171111466583837e-05,0.0025142170839807135,6.894040413349213e-06,0.007180272713510627,1.6821527111890275e-06,0.0011815345169182599,0.004972466317813013,0.0014941417450957987,0.000341847468531295,0.20741226902282237
20,0.000338135903065029,0.005917465628896133,1.9712216569057515e-05,0.00010629951920387134,0.018686098537744122,0.0011492749732311463,0.0004186214661761502,2.6164703024124117e-05,0.04338054725634958,0.00014383467102511968,0.25446438793072734,0.00012222486890066657,1.2742737502207902e-05,0.01605355788944914,0.46355533817830796,1.776578624311405e-05,0.00224286767398856,6.999671894232364e-06,0.008463073318364673,1.4848273321385475e-06,0.0016645555165892534,0.007362052309249707,0.0008880142839765946,0.00020181560976985743,0.17475696452242023
21,0.0008906711763536706,0.006513900120386803,8.940889434566419e-05,0.00012322674608651577,0.03162422546459226,0.0007653190524496429,0.0005069707658450779,3.23017519818441e-05,0.04172790827061895,0.00015371112799007278,0.34684280110065063,0.0003056456855482227,1.925417091153004e-05,0.03308633163676482,0.2134437430244985,3.737633573025845e-05,0.005602601007180475,2.125970725599823e-05,0.005150940818133195,2.7056287152471143e-06,0.004239150513761683,0.0037158955515899953,0.002201352838524341,0.00072503016688899,0.3021782684431956
22,0.0008143815428177093,0.007054161259220711,6.706072805944322e-05,0.00015197166078797123,0.02809930218674108,0.0017815946552721706,0.0004454965102294339,4.216549728474054e-05,0.02922141590335941,0.0002590032874740859,0.3966470293849605,0.00013492580961604363,1.549538496725627e-05,0.021076838576178484,0.2994417828282836,3.207811142291531e-05,0.008578924239781556,2.2550540674505732e-05,0.009430798511466928,2.3448031154707766e-06,0.0048098063819763896,0.005255877795180448,0.0028436266116842646,0.0003270528002030804,0.18344431498924194
23,0.000446649221251571,0.005378214515878079,3.330919645393088e-05,0.00012176933968403602,0.026015812574659493,0.0014512637768217857,0.00046876175432755153,2.35955207871963e-05,0.04598980701577386,0.0001535209297535435,0.2657360745849027,0.00015039715767374554,1.1083917017426714e-05,0.016012213595743115,0.39167198592776475,2.5306510941923775e-05,0.0034264249386295968,9.830332980802096e-06,0.007524061486972242,1.6363283576150903e-06,0.0021968714504891885,0.004418577640451913,0.001725418778217171,0.0003536629857743698,0.22665375051869227
24,0.0003383112732302779,0.009371023718884961,2.7830886779611174e-05,0.00023752063700965058,0.028064067290644673,0.0013121216574714983,0.0004623613494455152,2.7845884321884575e-05,0.04431519724354127,0.00023471105914795134,0.22521177076755078,0.0001348695660280716,1.225974844504179e-05,0.02002927605682131,0.4493691238677455,2.9252494536010318e-05,0.004257838569331856,1.2905123455247311e-05,0.01303015569980113,1.7414743511645906e-06,0.002504019516253408,0.004805070465320928,0.002055788798121821,0.00035115144431183636,0.19380378540744844
25,0.0005723974064910082,0.0034449136752015552,3.3348446092027216e-05,9.051090670331898e-05,0.041444026687557665,0.0007580277198525765,0.0006858155389022774,4.876924498519522e-05,0.026869398202384362,6.109598745975822e-05,0.5888114591134409,0.0002191799811077519,1.2503835284467509e-05,0.020284815877827038,0.16838465908648265,1.3234696371098468e-05,0.0032443615129423902,1.8911511946798765e-05,0.004680427031212001,1.7125357766641038e-06,0.003902393131112743,0.003912984928261817,0.0012230295777581667,0.00020827927766035772,0.13107374408718545
26,0.0008986799052479094,0.005037776835515026,0.00011615516982120164,0.0002595692953265395,0.059618165669177256,0.002585234885193138,0.0005679982959953807,1.888161725484497e-05,0.11338192855135745,0.000323090556702415,0.24134197037781652,0.00013835811922749034,1.7318600203379387e-05,0.02684980282772387,0.2506029977072991,3.774101889935394e-05,0.004873340513702493,3.2414850237500114e-05,0.00647178720109624,4.363488245098335e-06,0.00397384360170741,0.002276462985462321,0.0082053627507485,0.0017850402967015107,0.27058171487933796
27,0.00030592744408029863,0.0041443426588687595,1.7553466213922112e-05,0.00010368845296795603,0.01856895299011306,0.0016444356369008008,0.0003620057868679959,1.929475215202257e-05,0.06323627088090028,0.0001412792668263808,0.18332657504065666,0.000120396484902442,8.81131683950789e-06,0.01110253825362919,0.502597485404401,1.977085092621564e-05,0.0015127282901987995,5.446302378791801e-06,0.0067272592442909175,1.307116620294158e-06,0.0009314407192898009,0.005574079313008531,0.000977942477281537,0.0002623051617598058,0.19828816268792498
28,0.000446649221251571,0.005378214515878079,3.330919645393088e-05,0.00012176933968403602,0.026015812574659493,0.0014512637768217857,0.00046876175432755153,2.35955207871963e-05,0.04598980701577386,0.0001535209297535435,0.2657360745849027,0.00015039715767374554,1.1083917017426714e-05,0.016012213595743115,0.39167198592776475,2.5306510941923775e-05,0.0034264249386295968,9.830332980802096e-06,0.007524061486972242,1.6363283576150903e-06,0.0021968714504891885,0.004418577640451913,0.001725418778217171,0.0003536629857743698,0.22665375051869227
29,0.000446649221251571,0.005378214515878079,3.330919645393088e-05,0.00012176933968403602,0.026015812574659493,0.0014512637768217857,0.00046876175432755153,2.35955207871963e-05,0.04598980701577386,0.0001535209297535435,0.2657360745849027,0.00015039715767374554,1.1083917017426714e-05,0.016012213595743115,0.39167198592776475,2.5306510941923775e-05,0.0034264249386295968,9.830332980802096e-06,0.007524061486972242,1.6363283576150903e-06,0.0021968714504891885,0.004418577640451913,0.001725418778217171,0.0003536629857743698,0.22665375051869227
30,0.000446649221251571,0.005378214515878079,3.330919645393088e-05,0.00012176933968403602,0.026015812574659493,0.0014512637768217857,0.00046876175432755153,2.35955207871963e-05,0.04598980701577386,0.0001535209297535435,0.2657360745849027,0.00015039715767374554,1.1083917017426714e-05,0.016012213595743115,0.39167198592776475,2.5306510941923775e-05,0.0034264249386295968,9.830332980802096e-06,0.007524061486972242,1.6363283576150903e-06,0.0021968714504891885,0.004418577640451913,0.001725418778217171,0.0003536629857743698,0.22665375051869227
31,0.0008484355353538083,0.008177199780368983,7.78723892976913e-05,0.00015584595774625993,0.021203105867472063,0.001545142769291539,0.0005400295833455458,5.4793570501855374e-05,0.03932810819505154,0.00026253137764697607,0.31118584350767353,0.00019886114965058597,1.6092620885235363e-05,0.02282248770709259,0.31478794628177253,4.94280604328281e-05,0.0064422561183479915,2.055713001899721e-05,0.008635242515300571,2.289417995360848e-06,0.003704747777316677,0.004962497248657769,0.0023987705909402964,0.00039716617001500046,0.2521827486778238
32,0.00041030604245850816,0.005289269942473715,2.9959206489866474e-05,0.00012899313800901962,0.024396557107323365,0.0014851300588298812,0.0004747662118405174,2.295540462968189e-05,0.04414569749996253,0.00015827934832240436,0.25083462862434275,0.00013371947987390735,1.1221499815033779e-05,0.014346710706853267,0.4274526000377848,2.606779714001152e-05,0.0033323772960366952,9.81575077248109e-06,0.009241155366986388,1.5968641954615958e-06,0.0022528212839056628,0.004461562268450444,0.0017240176883888622,0.0003408686581080612,0.20928892271700675
33,0.000841368326885237,0.008575627722956976,2.8894314011672457e-05,0.00017064076547439915,0.026330961283887587,0.0008479955842306366,0.0007092140749589311,3.8060276102839476e-05,0.02101460028588516,7.533124023291212e-05,0.4794108866767198,0.00031806063244645144,2.3145950773669216e-05,0.012258200718620313,0.27179145267520866,2.7708993198127172e-05,0.006939807296729591,1.3729836640050506e-05,0.010048726584458526,1.2554944889578399e-06,0.0031690763590100776,0.007545670242027114,0.0011775329938892216,0.00031516953674839146,0.14832688213441475
34,0.0010596891157247826,0.0028552838208278438,3.230991624513203e-05,0.00012428059073346656,0.02734394608899299,0.0012701339140696168,0.0006420562066476662,2.219642633426914e-05,0.04159613848145581,7.795247631684133e-05,0.40126825815638606,0.00011217442840247941,1.8042513755897973e-05,0.008096631062408054,0.3789361797854182,1.692865472435892e-05,0.0023005883300939865,1.6284539880870117e-05,0.010620544756410884,1.2466075281228673e-06,0.002658474324984324,0.004208927882705128,0.0014922040709112736,0.00032913462412366776,0.11490039322491812
35,0.0018426679186257658,0.006590608510831592,4.9421227541564475e-05,0.00018205865553725038,0.013798913925498967,0.0030172167055804453,0.0007906238471756924,6.617287687636972e-05,0.06640742168582237,0.00023921018312152379,0.33789459920378684,0.000295187630705414,2.890973323427462e-05,0.010479307794104623,0.3436892243039171,7.411814730376306e-05,0.004386677803625016,3.33820290174663e-05,0.01722223397338568,1.7379371222229483e-06,0.002280849246516794,0.011657486060012406,0.0017052882236306178,0.00046304857229720656,0.1768036338047289
36,0.0004999800958556337,0.008768049760540747,2.9214668169749827e-05,0.00016846508080068783,0.009264554378272982,0.0016296349485540149,0.0004393682536744335,6.311740974225312e-05,0.05398688050489852,0.0003282207214239466,0.1695927820170135,0.00020372133670290235,1.3145178138019649e-05,0.02288751346970739,0.49583868771980666,4.9444638728218336e-05,0.0038414237709976365,1.3007341508424586e-05,0.010902713302556639,1.5599639056386494e-06,0.0013215387047741073,0.01070368629750653,0.001159040767952519,0.0001705443430575435,0.2081237053257113
37,0.0010209864497429414,0.005534470187501401,8.654885453828566e-05,0.00012115671039938385,0.0505919453208365,0.001075994691069143,0.0007270420957437795,1.827609316755412e-05,0.06659021450002116,0.00013349573536453074,0.3550829594237002,0.0002351720473907102,2.4761185925318807e-05,0.02536002665746189,0.20099599603434742,2.527282401535793e-05,0.004340666368884674,1.9887936467833683e-05,0.00567123620432165,2.7876361244909695e-06,0.004637871588887145,0.0037089185877233746,0.002644711398177517,0.001097831186765328,0.2702517702814223
38,0.0006106955672733541,0.0033540000785945096,3.4658732540783735e-05,0.0001526986634626794,0.013820406532645541,0.003483084689993252,0.0009120345794179776,2.8125232277814183e-05,0.03910073239287883,0.0001939188026590336,0.19906005636291665,0.00010253574077259402,1.6709789017877437e-05,0.006087219095944461,0.5563647964888704,5.8209108195577644e-05,0.0037685430006831728,1.7482847905139858e-05,0.019881390364267042,1.987075093014015e-06,0.0028113516546881645,0.004355075103582149,0.0025880255700033153,0.0003413048832259097,0.14285495764309064
39,0.0006236867579809043,0.004005386371713317,3.8824758887562735e-05,9.309519513727456e-05,0.01718748092729349,0.0023405552466754694,0.0008168160573549813,5.59922549122389e-05,0.027942784685455455,0.00012134049322113966,0.335951966273105,0.00024861683816040356,1.2590224731842503e-05,0.009479657806036153,0.34879770570168855,5.4545060699465155e-05,0.00565158012227411,1.1701365813665592e-05,0.009190388423911617,1.6451199726465135e-06,0.003128556784566023,0.00614094214813416,0.0016666732077947645,0.00027198834251603,0.22616547983196386
40,0.0005230515059368415,0.004523631732417497,2.7747258281627558e-05,5.829944644016268e-05,0.02083862508176208,0.0011217008600477724,0.00036455552141796254,2.0291415974204002e-05,0.03236646852326197,7.457092613528534e-05,0.3057262835886081,0.00021063376224374452,9.148334439254149e-06,0.01271182670587068,0.3619705628084376,1.5266115274551405e-05,0.002887388449821414,3.962916105466959e-06,0.003146959034759272,1.0097509583072096e-06,0.0012407850236483586,0.006158571051708793,0.000721115783951932,0.00018422858662211984,0.24509331581587493
41,0.00012143313552673807,0.0011451931063130028,5.978268419805848e-06,0.00013833224775846906,0.025332343458257134,0.0018640706876150639,0.00012161633479104726,6.393736994579425e-06,0.0424594689190154,6.970826290946433e-05,0.08447763462252518,4.478855258013232e-05,1.6147410803385029e-06,0.002593488161009594,0.7507063692540621,7.554749536601198e-06,0.0005469315237874302,1.5644066449544e-06,0.0025377924804409133,4.808454783914798e-07,0.00013762343005951528,0.0012958153662284086,0.0007196304589059832,0.00011337407252817261,0.08555079917753165
42,0.00036730833787669716,0.005385616348375194,1.3942384855877206e-05,0.00010306837442499463,0.012868766661307927,0.0017419407112798718,0.0004028989818274297,2.903360249782385e-05,0.03403567063642041,0.0001293041552277234,0.22237092354104815,0.00012632005946828015,1.2054560800265314e-05,0.0066602242391634115,0.5417745605619846,2.63943852044094e-05,0.002620645907742499,4.6552311803611045e-06,0.011734647392615616,9.791872601729328e-07,0.0011378906822283497,0.010847405354598301,0.0006343999404720584,0.00016210214861834106,0.1468092466135212
43,0.0003209376655207889,0.003826118261453044,3.069183925900633e-05,0.00013972667987483954,0.0200341883456593,0.003678065735407736,0.00041496655782588727,3.141424785492465e-05,0.057520269164000715,0.0003594968190815203,0.1829644562835455,6.678614962897937e-05,9.582371455232396e-06,0.011811057292844615,0.5341812237296776,3.1520090490345e-05,0.0024733404617143895,1.0961083856815782e-05,0.01203957874326706,2.1429829357715777e-06,0.0022017914879626605,0.005057277252460407,0.0020681229455122166,0.0002559177996766236,0.16047036600903408
44,0.000446649221251571,0.005378214515878079,3.330919645393088e-05,0.00012176933968403602,0.026015812574659493,0.0014512637768217857,0.00046876175432755153,2.35955207871963e-05,0.04598980701577386,0.0001535209297535435,0.2657360745849027,0.00015039715767374554,1.1083917017426714e-05,0.016012213595743115,0.39167198592776475,2.5306510941923775e-05,0.0034264249386295968,9.830332980802096e-06,0.007524061486972242,1.6363283576150903e-06,0.0021968714504891885,0.004418577640451913,0.001725418778217171,0.0003536629857743698,0.22665375051869227
45,0.0004924963259424329,0.006288190985419654,4.090225079113936e-05,0.00011459424724242228,0.026256112717832437,0.0013225711646247106,0.0004336207246176648,2.4517697455886416e-05,0.044398884738698526,0.00017075340020210997,0.28600583052792683,0.0001602385578981332,1.1552621247220465e-05,0.020356106074766844,0.3389157344808403,2.574528027950328e-05,0.004176555874659457,1.1001653166137416e-05,0.007030389839759983,1.722245586594419e-06,0.002683947661494648,0.004503841046338961,0.0019055414885235586,0.00038862464726540627,0.25428052374741933
46,0.0009181478091250149,0.008153984679915995,2.498502139821225e-05,0.00014165097761132886,0.016411339304249834,0.0011828020188308246,0.00032373602888861706,2.869259904677384e-05,0.009383851893316924,6.673318966148401e-05,0.3475520194943606,0.0003038807265476671,1.1370721772488063e-05,0.0055110908251343425,0.4036693549328238,3.4204723506873295e-05,0.014836113939638018,4.715372813103858e-06,0.0058048085210663765,6.937751499700306e-07,0.0013430348698313685,0.008195621000753312,0.0011150690573574872,0.00019194686045221268,0.17479015165674736
47,0.0008240968488888667,0.01122437720359763,2.6861490272505596e-05,7.724568798232084e-05,0.011364328569570502,0.0008894884232928287,0.00047932170488158013,2.77422220503133e-05,0.033760978497738285,9.91188869064513e-05,0.25958251590814324,0.0003777474737896369,2.0856151949356148e-05,0.01015346562618386,0.36860560749977483,3.834279177349829e-05,0.004110902946542613,4.605718530060812e-06,0.006423736563757913,9.911489138483298e-07,0.0010743213625328918,0.012758721315397797,0.0005063839737716228,0.0002982214055048568,0.2772700205782527
48,0.0004555601454511728,0.023752018507015308,3.200290364696369e-05,0.0002878318000283857,0.013399618579668721,0.0015967115742148363,0.0004065688486492018,4.451555756891186e-05,0.019717091100920344,0.0003573893032487754,0.1825066667430471,0.00016797907848166093,1.3282249246522218e-05,0.015437681853414011,0.5054232318810683,5.717993850722687e-05,0.015349407028651226,9.743520947179788e-06,0.016759540832492894,1.2493045403877054e-06,0.0023906454596675274,0.00883905933559164,0.0020206278797057346,0.00020034994479705431,0.19077404662942876
49,0.0006233165844938749,0.005087224064372089,4.756331788692692e-05,0.00011170428705483949,0.027724224149375885,0.00197123987421992,0.0005212413623701937,2.9979311108017774e-05,0.05062354638589521,0.00015455046985068317,0.30986589761321104,0.00021478567865968048,1.2499172330282763e-05,0.01625617468843554,0.3190090248030048,2.858602948486549e-05,0.0037845729858443982,1.0657944405200574e-05,0.005138065069306271,1.950918501656331e-06,0.0020718306781502926,0.004856475720202577,0.0017969068751995192,0.00039075084935873345,0.2496672311672775
50,0.00031535814873371606,0.007115079344570312,3.342231395647883e-05,0.00011128905439487745,0.021134480605119837,0.001429473304095067,0.0006206299576211515,3.1191760007846865e-05,0.05887807149276846,0.00025475345020907074,0.20679955763336674,0.00013319790213326416,1.4499916813914855e-05,0.022360691367449535,0.4252716750072824,2.614760841656814e-05,0.0026300816800520466,8.621850535161587e-06,0.011223648237451799,1.8244715760838907e-06,0.002741612742713721,0.006543962115173002,0.0011727286182046236,0.0002583955704509031,0.23088960584690338
51,0.0003204512228446492,0.023285756357195708,1.871186428531356e-05,0.0002419072522361332,0.015324598488995308,0.0005999686637827968,0.00023590784858113298,4.675406055272208e-05,0.029427058537916523,0.00022681994458681,0.221439395814823,0.00020644844427021637,1.2501747198485626e-05,0.025401860318011813,0.4868822981878825,2.0981767663246248e-05,0.003137444697245326,6.364142041438534e-06,0.008676489627910903,1.0210673336727314e-06,0.001018915748480413,0.009597916129572732,0.0005390717154209852,0.00012699646065802904,0.17320435989051028
52,0.0004498928794438443,0.004031088962840397,3.098485367919984e-05,0.00021345566205286875,0.013318856238103121,0.00245086108308462,0.00028222853960372486,3.316444043527863e-05,0.05355565865320915,0.000459911783826965,0.17220995667954622,6.6586362370218e-05,1.2985333696332533e-05,0.013231891877092818,0.5904582782227247,4.0705976852982683e-05,0.002181397485238968,2.2185604037642887e-05,0.014596861514322618,2.694740829564561e-06,0.0014484708825749555,0.004833608956192577,0.0019568615034898707,0.00027821707819015117,0.12383319468656136
53,0.00035572990158966783,0.0028671984584643265,2.282921669239779e-05,6.965957655576925e-05,0.021826226433164588,0.0015337199769075466,0.0009277941228776888,2.1750863386113837e-05,0.05488868193754971,6.502737889659101e-05,0.267158243871935,0.00021769496115785057,8.429621682502468e-06,0.013290054859933892,0.3653853175276799,2.0916264168275675e-05,0.002081002528862458,7.685549282000192e-06,0.005058002150846001,1.3752621460432083e-06,0.0017675498273329302,0.0033470964419708253,0.0015954560498485926,0.0002792954545886508,0.25720326176248076
54,0.00011632995242934968,0.005171566710088367,1.704290885640381e-05,3.815265046895623e-05,0.009875879420514176,0.000504733289335598,0.00017282155771400955,1.050792118742188e-05,0.03970236937371655,0.00011825324609310826,0.08408661942402788,0.00016777494932876044,3.5151060182053975e-06,0.018112466933032437,0.3822815499905237,2.3083782512166676e-05,0.0014584938110518224,1.7323768734418912e-06,0.002332889428119899,9.045492758288369e-07,0.0005040412869044204,0.0027902870902963986,0.0005200623362388299,0.00020989116402947344,0.4517790307413628
55,0.0004280078429822945,0.0029342048742827757,2.3974508550667457e-05,0.0001015758170569966,0.04566167183883961,0.0012040722241788771,0.0010644276112680333,1.33322956432276e-05,0.09219872484513499,4.511509782844231e-05,0.2801805694570074,0.0004227151890574356,1.1284864752223796e-05,0.012469918157223514,0.2556313102663367,2.0550983792335744e-05,0.0015652714848087594,8.638695038302214e-06,0.004633310142980352,1.3202766437348252e-06,0.0015393893205735908,0.0026962660149252014,0.0015695670958895344,0.0008159787276394555,0.29475880236756563
56,0.00046870217712490316,0.0055242059604161155,3.36347335423615e-05,0.00012281267629125878,0.02608097156487222,0.0014238146630592085,0.0004929005564848028,2.3985206486801543e-05,0.046406741058310844,0.00014962375512098168,0.27306895980105866,0.00015766240152294674,1.2144156515015222e-05,0.016104559450506758,0.38553932528045703,2.5169960149715135e-05,0.0034241557719746365,1.0049716031559203e-05,0.007709370569724226,1.680497335948451e-06,0.0022654928315826886,0.004684338105793879,0.0016903957260939162,0.00036605684263210577,0.2242132465369114
57,0.00040564145200302007,0.008002382486723235,3.0070657024595535e-05,0.00011634515189019522,0.021934718258478828,0.0010461871642172848,0.0006399880793895193,2.6318489955521038e-05,0.03857252324228364,0.00014832162907676573,0.2688054738342109,0.0001813831065138319,1.7015274863003877e-05,0.014694215566536498,0.38143052734319927,3.3693309591764765e-05,0.003970218839916613,9.37552203177143e-06,0.01506267297738543,1.4482935782958762e-06,0.0034381685304570855,0.006237029412062092,0.0012012232996391945,0.0003753798836517235,0.23361967819532012
58,0.00042850429290679654,0.005147704916176715,3.5720215849437205e-05,0.00012828611605193797,0.031411642706039786,0.001407288051730094,0.000516368070171213,1.8407660109789172e-05,0.05363089210964938,0.00014620636907196102,0.2516989273176744,0.00015499494094692377,1.2944304331187853e-05,0.01555766673669627,0.3756772797276971,2.677896557989495e-05,0.003202272661222858,9.93110444691458e-06,0.007785121237301857,1.9777248224292015e-06,0.0024047903784618118,0.003870735841681922,0.0019831386034189456,0.000553210083508416,0.24418920986445192
59,0.0004385525467388219,0.005417022524526572,4.357643812675681e-05,0.0001224096864053984,0.03166880382066002,0.0014455381370269867,0.0004850308944085591,2.035679749416498e-05,0.05315979940303348,0.0001746181771989342,0.25140883400420944,0.00015288652366670608,1.2496644462947436e-05,0.018131265343167002,0.3514211350640544,2.9627371627960114e-05,0.0036466126689063873,1.0770119213103822e-05,0.0072391897144241,2.1809386194486193e-06,0.0026879412443140765,0.003783865366783,0.002130951652834543,0.0005609380999126751,0.26580559681818444
60,0.000446649221251571,0.005378214515878079,3.330919645393088e-05,0.00012176933968403602,0.026015812574659493,0.0014512637768217857,0.00046876175432755153,2.35955207871963e-05,0.04598980701577386,0.0001535209297535435,0.2657360745849027,0.00015039715767374554,1.1083917017426714e-05,0.016012213595743115,0.39167198592776475,2.5306510941923775e-05,0.0034264249386295968,9.830332980802096e-06,0.007524061486972242,1.6363283576150903e-06,0.0021968714504891885,0.004418577640451913,0.001725418778217171,0.0003536629857743698,0.22665375051869227
61,0.00047796382256130865,0.005194513340376193,4.740611310128105e-05,0.00012329038150932133,0.03364329604534725,0.0015079665172633072,0.0005092504325312703,2.073954148500431e-05,0.05896515949116554,0.00017836795358608756,0.26109287376642765,0.00015364249909383492,1.3130650176413808e-05,0.018887946939462313,0.3339913426562584,2.8566099119207254e-05,0.0034575458877429527,1.177103741647895e-05,0.007173169945693606,2.2484113485853083e-06,0.002839939471402625,0.0037460147539331297,0.0022376006335911333,0.0006057994830084987,0.2650904541263985
62,0.000446649221251571,0.005378214515878079,3.330919645393088e-05,0.00012176933968403602,0.026015812574659493,0.0014512637768217857,0.00046876175432755153,2.35955207871963e-05,0.04598980701577386,0.0001535209297535435,0.2657360745849027,0.00015039715767374554,1.1083917017426714e-05,0.016012213595743115,0.39167198592776475,2.5306510941923775e-05,0.0034264249386295968,9.830332980802096e-06,0.007524061486972242,1.6363283576150903e-06,0.0021968714504891885,0.004418577640451913,0.001725418778217171,0.0003536629857743698,0.22665375051869227
63,0.0004281400407155428,0.006641751697243099,3.1404758988110614e-05,0.00012702278650943388,0.02381706961479576,0.001326295070987892,0.00043510194388180054,2.4432601598659597e-05,0.04325857189081404,0.0001646332271447535,0.2537936746727499,0.00015490752598756494,1.1399928736222205e-05,0.016404520063536203,0.403010407904826,2.6542622749125638e-05,0.003642419699357679,9.132028627168985e-06,0.008009839603162611,1.568822695606416e-06,0.002085335482627784,0.004902868430253986,0.0015681363594187106,0.0003380505976575975,0.22978677262493474
64,0.0005011033636645533,0.0058962209285214305,4.464452789592689e-05,0.0001195825819603995,0.03023762742631394,0.0013150036788590154,0.0005725724499591164,2.5823528728579443e-05,0.04336138830076895,0.00016151865502071836,0.3046387360569371,0.0001526815097087123,1.4010880895337058e-05,0.01961866096099873,0.33302096277499993,2.7442945651393603e-05,0.004336305105152128,1.2983117267532176e-05,0.009020617885682996,1.939392499189292e-06,0.0038762347776581064,0.004360227815182021,0.002060571637332802,0.00042444985137284877,0.23619868984696846
65,0.0004353200143323579,0.0021493977457489443,1.3994353692045228e-05,0.00015898611695880203,0.02337587859941207,0.002583431032469137,0.000596633018554123,2.0434544623306507e-05,0.01983985254839728,6.605319662714657e-05,0.3058968420142155,9.643169937876504e-05,6.615145414344539e-06,0.00372992566633118,0.5195415288132086,2.1942512741231507e-05,0.0039053327377209764,1.0659202126588642e-05,0.012470544697138408,8.216923354360472e-07,0.001817403872311311,0.0028719291963810426,0.0022926589597644428,0.00018194247749435426,0.09791544014262261
66,0.0013813422775056227,0.004852378122827458,0.00013454697689720905,0.00010638558476187622,0.04180464043700248,0.0010201089341131133,0.0010069260508131397,6.0743834742023283e-05,0.06006656839227082,0.00018668624839899837,0.5220918661420645,0.00019961351709951638,5.248598830315545e-05,0.029624432017616335,0.17311294026671456,2.3677600104875474e-05,0.002502347447617238,2.8901616678698822e-05,0.0057641196702553545,4.450932464266726e-06,0.005786614503522109,0.006420838742371385,0.0009059507134901684,0.0004109695116247363,0.1424504644707405
67,0.0005500895346651882,0.005239546749495349,5.5185311902842456e-05,0.00014685752626233175,0.030596074309288786,0.0016576781626786662,0.0005123825409323906,2.679403701827201e-05,0.04381318441564268,0.0002000381037100155,0.2930724511489723,0.00013844635474749974,1.2976309690922457e-05,0.02038419322583899,0.3442020378372903,3.0969704539632094e-05,0.004976435024076837,1.639475209132962e-05,0.008204328226627792,2.3841143454102714e-06,0.003751221787615352,0.003544257135701382,0.0030960005251591586,0.0004873445016465443,0.2352827286600601
68,0.0002898498705428796,0.003325293986093929,5.415387575339889e-05,9.611103635557263e-05,0.03879476061861511,0.0014479528463769028,0.00039505655910022013,1.2407140743766707e-05,0.09539934806708907,0.00017670376212638628,0.17962084308668463,0.00015803571188810833,7.590247911708755e-06,0.031142349430439583,0.27142872051122685,1.7880229304535736e-05,0.0019275564136835078,8.170824919100066e-06,0.002636929478484104,2.566021260582105e-06,0.00164131011189971,0.001945292069666083,0.002616675345339448,0.0006919415745256209,0.3661625011799693
69,0.00044726517277507676,0.0043529628694356694,0.00012464978466362033,0.00011009034865023199,0.02997013765909767,0.0016604428252375307,0.0007274434370259702,3.783132333053059e-05,0.07016590193945055,0.00034984869908781654,0.24495517006659384,0.0001491984319669043,1.4937532756893508e-05,0.051128204983596215,0.22154018293699557,4.236788148272772e-05,0.0038968610406042437,3.363562365269502e-05,0.007660464351775352,5.023866068823014e-06,0.008642719157406208,0.002411025375663936,0.0047798280329669676,0.000755850427146964,0.346037956232568
70,0.0003393624447131963,0.003211792948021182,2.7029631440479814e-05,0.00015349230882171207,0.05307403542505195,0.0014752610167032838,0.0005458669589322167,1.5488644668496464e-05,0.06681288180171592,8.720246416254409e-05,0.2565322211514062,0.00013437674841639528,7.685051765615222e-06,0.015035002916533188,0.3974335651369121,1.1148605187680516e-05,0.0019188925287176725,6.7630184106170465e-06,0.004246877429008545,1.4211628118814728e-06,0.0014901110403534705,0.002546357311542927,0.0019764241221088634,0.00035135334713127283,0.1925653867854626
71,6.987549646182286e-05,0.0042309060802481644,6.823262283559971e-05,5.099133258667676e-05,0.10130769250252754,0.00044943118462319214,0.0009018221780638186,1.3635395812657814e-05,0.22123021868358558,0.00024048399632968056,0.10037129661384973,8.629304983918015e-05,7.902235044454974e-06,0.16680992133415898,0.05975374344778995,1.329165346633644e-05,0.0009731704504989455,2.3582290638821063e-05,0.00289054303377903,6.9848567511971725e-06,0.011154619384735411,0.0008485266888086268,0.003265046392069164,0.0011057019025174466,0.3241260871929781
72,0.00025578321793261687,0.0037935288521275434,1.6345538114400296e-05,8.713603737353326e-05,0.00926941090327405,0.0030803609017579694,0.0013071640754992607,3.723101243000241e-05,0.04050225830158135,0.0001571747331894966,0.13166866137163627,0.00011285391932286879,1.4748752594707281e-05,0.004638634568914511,0.6596803060173739,5.324323158887e-05,0.0019561600797213204,6.179960046379585e-06,0.016929409603089644,1.637959106455699e-06,0.0013972958647097836,0.007219314668623335,0.0006614023435627756,0.0001135307999922674,0.11704022728643672
