,0,1,2,3,4,5,6,7,8,9,10,11,12,13,14,15,16,17,18,19,20,21,22,23,24
0,0.000425348466379291,0.009051868653731407,3.2748528160757675e-05,0.00017892049255395105,0.046291070065769165,0.0003613443099991715,0.0003591809791763857,2.0154407299158255e-05,0.027499293232002422,6.889263374155598e-05,0.23216547726956263,0.00044476690990057283,1.0400597567406855e-05,0.01508682323266278,0.33436828991598827,3.6083799955042495e-05,0.0053215037330777,4.8794207644807765e-06,0.004325268513574431,1.120424009704527e-06,0.0013812779746057388,0.0032198993283762667,0.0009068740118877833,0.0006136121360830272,0.31782490096317084
1,0.0001723567781158376,0.003621270002983377,2.2710620959091178e-05,7.716071226456948e-05,0.014599094235305459,0.0008032471027066787,0.00025473497095732637,1.6954395909518237e-05,0.12403275286613173,0.00023512679927714067,0.10230377935294481,0.00011549868236470395,7.80438642866243e-06,0.023514035635262116,0.40255298069858547,2.4985632643086093e-05,0.0006276093145424664,5.581964861858482e-06,0.006115353462670912,1.6662837950349355e-06,0.000826603535966857,0.003650765680402385,0.0007100133355937373,0.00040716229568341366,0.31530075125364365
2,0.0005849706179880342,0.006725039668729706,2.753649356600652e-05,0.00013629356924171326,0.017913420334134685,0.001141662706590167,0.0004412341901445644,2.472438364104847e-05,0.0756228805846679,0.0001578129958095416,0.2441784868774037,0.00020828363032445653,1.6291579161599325e-05,0.015204792203434238,0.36979047166723616,2.8687502885655554e-05,0.0020692188958641154,9.42730911548347e-06,0.010580784320569556,1.1382312254453064e-06,0.0014991549118501368,0.006922475268012494,0.0010565737668183927,0.0004665738096484855,0.2451920644819368
3,0.00020949634758484308,0.004248063417870403,1.8531363533096996e-05,7.349622401436063e-05,0.015712999576596262,0.0006299110989528457,0.00022829523691229222,1.7064633028135866e-05,0.08270646646933569,0.00014780753762867255,0.14336034423914726,0.0001497385149805785,7.234598556247782e-06,0.022748129342792904,0.40642925494018955,1.8616621863018768e-05,0.0008659328886915765,4.52494935480038e-06,0.004699615015774711,1.2399839082245218e-06,0.0007540249810912718,0.004345627441389516,0.0006147577191747445,0.00031393699468996485,0.3116948898629391
4,0.00021802015288252197,0.004803198914172751,2.042851837485275e-05,7.850180156765826e-05,0.0171729534995426,0.0005721062269466922,0.00025818885678207944,1.8395634962587567e-05,0.08985487791528177,0.00015662783499167308,0.15112336602599055,0.000162322851980965,9.06187903910226e-06,0.027751203664745726,0.38029816955179824,1.8513373712891735e-05,0.0008781467705577965,5.228454021596572e-06,0.005079177125788825,1.458774185684378e-06,0.0009083652008455511,0.0048214235234432185,0.0006188602512463759,0.0003526687332452039,0.31481873446389297
5,0.00025299196366355856,0.004648694179273063,2.5398010986853625e-05,0.000113386072500067,0.021405287795207038,0.0007432556119677963,0.0002680774426126536,2.0374487978865044e-05,0.10000799140296499,0.0002076370964796118,0.15886018797696522,0.00014691505777967561,9.550451408204637e-06,0.02970924692202808,0.3803640563664786,2.177276823388601e-05,0.001015600759210057,8.580056576051762e-06,0.005966550808350955,1.8674837744377396e-06,0.0010901145278531602,0.004053089526215719,0.0009810317879409346,0.00045008140647813323,0.2896282600370725
6,0.00020949634758484308,0.004248063417870403,1.8531363533096996e-05,7.349622401436063e-05,0.015712999576596262,0.0006299110989528457,0.00022829523691229222,1.7064633028135866e-05,0.08270646646933569,0.00014780753762867255,0.14336034423914726,0.0001497385149805785,7.234598556247782e-06,0.022748129342792904,0.40642925494018955,1.8616621863018768e-05,0.0008659328886915765,4.52494935480038e-06,0.004699615015774711,1.2399839082245218e-06,0.0007540249810912718,0.004345627441389516,0.0006147577191747445,0.00031393699468996485,0.3116948898629391
7,0.0005041009484616277,0.004954502778580613,2.1863864982359092e-05,8.515340770622252e-05,0.014049434481772517,0.000677299954629634,0.0003432471816453267,2.8051819602663166e-05,0.0656573780153363,0.00012349808932616166,0.26835886833196737,0.00017320072976679865,1.8034553685244372e-05,0.01617344105154172,0.4177706419842008,1.65201790278742e-05,0.0008918345908822757,6.55664736002572e-06,0.006970141653825373,1.2655032772390095e-06,0.0009299192741856227,0.00830244349748539,0.0003971406782377004,0.0002340321121804054,0.1933114286703328
8,0.0002071922779604296,0.003872582269321215,3.316050691772679e-05,8.324525346841086e-05,0.014740248716466458,0.0004993141363510529,0.00010121741598287766,8.79540086676314e-06,0.0813535412568485,0.00019406872243346598,0.07397903138709343,0.00014043291686394578,5.1708272263222986e-06,0.024139662849419173,0.3313899189802544,2.406800430542173e-05,0.0010469455251377704,2.9747026671272046e-06,0.001926838023825363,1.4657249038715423e-06,0.0004220642653557722,0.0021038664081163925,0.0009741745593375878,0.0007121501392914465,0.462037869729585
9,0.00010286946180898644,0.004734216414771582,3.240527372974795e-05,7.89227390985754e-05,0.011789932499211953,0.00041272113922794385,9.95766142803493e-05,1.0049055253803059e-05,0.09732222262446875,0.00033934618522433736,0.05160253212044727,0.00010493526019234823,5.131812720147539e-06,0.03722993758832431,0.30313216862209347,3.033902745607671e-05,0.000804674669949475,3.4648197861371273e-06,0.0027697893441482936,2.070838201601237e-06,0.0005502276801281731,0.0019230418990720652,0.0008864869801200846,0.0007110619452774478,0.48532187538500704
10,0.00020949634758484308,0.004248063417870403,1.8531363533096996e-05,7.349622401436063e-05,0.015712999576596262,0.0006299110989528457,0.00022829523691229222,1.7064633028135866e-05,0.08270646646933569,0.00014780753762867255,0.14336034423914726,0.0001497385149805785,7.234598556247782e-06,0.022748129342792904,0.40642925494018955,1.8616621863018768e-05,0.0008659328886915765,4.52494935480038e-06,0.004699615015774711,1.2399839082245218e-06,0.0007540249810912718,0.004345627441389516,0.0006147577191747445,0.00031393699468996485,0.3116948898629391
11,0.00023000326872993018,0.004429066971807307,1.932665206389547e-05,7.883374960046832e-05,0.016430495492036963,0.0006101565095542307,0.0002524567123711361,1.7856658785299143e-05,0.08365636243111348,0.000143890933607149,0.15062333365311584,0.00016268813404960665,8.710891170350833e-06,0.02273704024498964,0.4034239076054941,1.950245357998798e-05,0.0008897763072750116,4.866058477890129e-06,0.005009429845128836,1.3630481245183414e-06,0.000804169575136992,0.004726391992707287,0.000608728830286484,0.0003476538656852387,0.30476398811510824
12,0.00019614119432909477,0.0036720708559926083,2.208819855405228e-05,6.19167744338544e-05,0.023183654250860327,0.0006155779056990412,0.0002035662483447381,1.3744532460505584e-05,0.0873108317443814,0.0001379109899186368,0.15079055987323425,0.00014920203370328897,5.844239675698707e-06,0.02814164826594173,0.33327934883800414,1.5135651744967822e-05,0.0009492679236254511,4.3315645765311816e-06,0.0030638443913784045,1.4098361859398088e-06,0.0008331253054906286,0.003436322963034119,0.000752341517533139,0.00037869719650574185,0.36278141770439165
13,0.0001595109253093189,0.0032525322320752894,8.953838844973171e-06,3.06814795387074e-05,0.012624239936943556,0.000209769723536479,0.00016978022213419859,1.796124319573396e-05,0.041459807310945944,4.32517256844645e-05,0.2287449931878952,0.00023372902522594878,4.967268216194661e-06,0.023101528319285965,0.3651080318856717,8.5214138313523e-06,0.0005914621363475843,2.0305850227920704e-06,0.002399793008451248,6.435208074509865e-07,0.0005017918030201775,0.00535668806314908,0.00018062207036130914,0.0001231528973313483,0.31566555617717384
14,0.0002752000926644285,0.02395833051596664,2.33516680902675e-05,0.00019571967295970368,0.08402363761334931,0.0002487185192960382,0.00026383161149700897,2.0004584633882782e-05,0.03959258878113193,0.00019515981216327446,0.49951215004556593,0.00011285482041087586,2.3721549975061747e-05,0.04651293641346851,0.1532291870630417,7.893196813841234e-06,0.00256296609365579,1.6708689589725972e-05,0.015258453133382243,1.5441943591456913e-06,0.006280253650230003,0.005799153770674557,0.0006830676236628581,0.00044923960357652886,0.12075332727984071
15,0.00020949634758484308,0.004248063417870403,1.8531363533096996e-05,7.349622401436063e-05,0.015712999576596262,0.0006299110989528457,0.00022829523691229222,1.7064633028135866e-05,0.08270646646933569,0.00014780753762867255,0.14336034423914726,0.0001497385149805785,7.234598556247782e-06,0.022748129342792904,0.40642925494018955,1.8616621863018768e-05,0.0008659328886915765,4.52494935480038e-06,0.004699615015774711,1.2399839082245218e-06,0.0007540249810912718,0.004345627441389516,0.0006147577191747445,0.00031393699468996485,0.3116948898629391
16,0.00019578259073833835,0.004258136089099925,1.129818619426576e-05,5.022138582866312e-05,0.01050412846235632,0.0003676123210090828,0.00018774425761054503,2.000941696004449e-05,0.05157024912614393,8.94768394518557e-05,0.16216642737829814,0.0002049450238415309,5.944826182765724e-06,0.022625101961411296,0.4384000607647082,1.4483356507187876e-05,0.0007684310681460284,3.1650229683757253e-06,0.003883009647944832,7.523618691609787e-07,0.0005454135825951495,0.005980571438649002,0.0002877628110913149,0.0001475234546221336,0.2977117486257719
17,0.00034024526738247253,0.005043309095592759,2.8753118410888984e-05,6.686397215715615e-05,0.03390005912662206,0.00045609322170686703,0.0004006600442531951,1.7674533083628913e-05,0.09678402986768664,9.197272213544544e-05,0.24586610979494633,0.0002664538288286796,1.183075553373115e-05,0.039924883121032005,0.21538659215250525,1.299671806972617e-05,0.0012952082181767557,6.8746610398622645e-06,0.0034790904874676355,1.5304138187162531e-06,0.0016754097984795842,0.004953751710105844,0.0007726083415322383,0.0005188256481401803,0.3486981733812924
18,9.223595861436928e-05,0.003017922201893313,1.5185695203109357e-05,2.421174780010448e-05,0.008574927626973226,0.00030411569427370194,0.00014455140690531321,9.019609696321002e-06,0.0507232233747727,9.451008226813995e-05,0.07849053860762756,0.00015281742060026512,3.1003502604155946e-06,0.024899559211685282,0.28762905926630733,1.941222162919305e-05,0.0008521363045794242,2.0161146122300403e-06,0.0023928397040272865,8.788928446234025e-07,0.0006341662609002695,0.0024597748486122413,0.00046450307550918886,0.0002767375063899122,0.5387225568160144
19,0.00013219008462537045,0.004657315372828608,1.3072969872724602e-05,0.0001091349881923208,0.01743988101790602,0.0008073284095705155,0.00019769322788810466,1.4986203663956156e-05,0.10899587008451683,0.00019536335713164608,0.08854628095549347,0.00014025033956781418,6.088946863451338e-06,0.02008750594339674,0.47532691984859615,1.8131061946439995e-05,0.0006269825070349048,3.0910022347826466e-06,0.004258920332943518,1.2335863443673924e-06,0.0003957815459264457,0.004595434755590272,0.0005162770669859095,0.0002885144049271349,0.2726257519859527
20,0.0001587428057068444,0.004755564089710524,1.0949579381620513e-05,6.671728011273126e-05,0.011458745252719539,0.0005146991897445779,0.00020730870881924667,1.9278311351565936e-05,0.07723384012190881,0.00013914488253903958,0.13750577642018186,0.00012417442856952346,8.160320193155218e-06,0.022548054280335773,0.48885028407613323,1.3476582461282201e-05,0.0005920489147035294,3.247438277399695e-06,0.005343090661893426,1.1186054012021728e-06,0.0005708692750531759,0.00716863136481298,0.0003294744494167867,0.0001797825214570273,0.24219682043911525
21,0.0004130822179984181,0.00521771916084214,4.601893144686386e-05,7.708602106325821e-05,0.01957680700898378,0.0003563361511919622,0.000255911987370774,2.2998324063902224e-05,0.07714773583821749,0.0001453463446547136,0.18887298664758176,0.0003073516768125656,1.2270930200923264e-05,0.04469953188230563,0.23518264411859474,2.6938777112450628e-05,0.0014090383678374858,9.409086191436367e-06,0.003380249547755654,1.9466848066360443e-06,0.0013986635742931277,0.0038000843251008195,0.0007954784161454914,0.0006309398938160651,0.416213424085612
22,0.00041582114542364603,0.006132385391319072,3.993913214750549e-05,0.00010149295232779537,0.018816400159240198,0.0008599483004102052,0.0002417726514214056,3.3098594487347385e-05,0.05895966304380701,0.00027041260106970766,0.23464933626765339,0.0001495088479272682,1.1038356482160566e-05,0.032549526623468245,0.3487044918149194,2.5805807883504867e-05,0.002342634579632002,1.1166389850326891e-05,0.0065248702742784015,1.924309154145214e-06,0.0017767023167319115,0.005725776670047914,0.001109338557114774,0.0003206123589276438,0.2802263328542751
23,0.00020949634758484308,0.004248063417870403,1.8531363533096996e-05,7.349622401436063e-05,0.015712999576596262,0.0006299110989528457,0.00022829523691229222,1.7064633028135866e-05,0.08270646646933569,0.00014780753762867255,0.14336034423914726,0.0001497385149805785,7.234598556247782e-06,0.022748129342792904,0.40642925494018955,1.8616621863018768e-05,0.0008659328886915765,4.52494935480038e-06,0.004699615015774711,1.2399839082245218e-06,0.0007540249810912718,0.004345627441389516,0.0006147577191747445,0.00031393699468996485,0.3116948898629391
24,0.0001600253295932014,0.007291150442441655,1.5807381536751967e-05,0.00014020962139216269,0.016847687782243402,0.0005648239623602039,0.0002238218875634746,2.0154456853552954e-05,0.0795214339967735,0.00022534309791593632,0.12187731486025558,0.00013412574619893825,8.029008506436145e-06,0.028620730572638458,0.46091102313189114,2.1562667746415166e-05,0.0010714728645266926,5.949597410416765e-06,0.00797632893830736,1.334699085579775e-06,0.0008644020456901636,0.004690127559051557,0.0007278358225082257,0.0003129347007277578,0.26776636982678154
25,0.00033968783089166035,0.0034880783953091955,2.396124387520426e-05,6.947078341535141e-05,0.031316797154939395,0.00042006654378720984,0.0004178382302393025,4.424932138152437e-05,0.061998376523598464,7.696884480422466e-05,0.3956294071087654,0.00027373378561187304,1.0399243092148795e-05,0.03681610970915224,0.22465503445319557,1.2632570340458379e-05,0.00104408026840439,1.0976340912646763e-05,0.003730600834079817,1.668259671615055e-06,0.0016934580359028021,0.004876563569314155,0.0005570323148055415,0.00023879495420184833,0.23225401368030804
26,0.00040439580136538,0.003889626513352283,5.7339624107255304e-05,0.00014923401043559414,0.034302089969371896,0.0010595684981386624,0.0002916363376372135,1.2777528791756823e-05,0.19384296671254325,0.0002709154767305283,0.12525510414652963,0.00013691540298341624,1.1175075088652897e-05,0.03453652934611011,0.2474946779872617,2.5454237082422322e-05,0.0011638581046407156,1.3512941236101545e-05,0.004035774681917812,2.897097910448852e-06,0.0013233911534364358,0.002226521477750625,0.0026749953345620863,0.001470044406341492,0.3453485981346745
27,0.00014427068306843092,0.003320644284904824,1.0109091926435992e-05,6.266366614810054e-05,0.011017080495766138,0.0006751262381457833,0.00018470738921169775,1.4160158039977831e-05,0.10810125261491713,0.00013131851978245282,0.09738161467454538,0.0001209899859638397,5.940463949568238e-06,0.015816873536920337,0.4885592812992656,1.4792842474630828e-05,0.00039863178900686894,2.5511865710713036e-06,0.0041500452677136,9.860399006410884e-07,0.0003408248410675373,0.005268651797068958,0.00034969714606696283,0.00023297903991311548,0.26369480694766073
28,0.00020949634758484308,0.004248063417870403,1.8531363533096996e-05,7.349622401436063e-05,0.015712999576596262,0.0006299110989528457,0.00022829523691229222,1.7064633028135866e-05,0.08270646646933569,0.00014780753762867255,0.14336034423914726,0.0001497385149805785,7.234598556247782e-06,0.022748129342792904,0.40642925494018955,1.8616621863018768e-05,0.0008659328886915765,4.52494935480038e-06,0.004699615015774711,1.2399839082245218e-06,0.0007540249810912718,0.004345627441389516,0.0006147577191747445,0.00031393699468996485,0.3116948898629391
29,0.00020949634758484308,0.004248063417870403,1.8531363533096996e-05,7.349622401436063e-05,0.015712999576596262,0.0006299110989528457,0.00022829523691229222,1.7064633028135866e-05,0.08270646646933569,0.00014780753762867255,0.14336034423914726,0.0001497385149805785,7.234598556247782e-06,0.022748129342792904,0.40642925494018955,1.8616621863018768e-05,0.0008659328886915765,4.52494935480038e-06,0.004699615015774711,1.2399839082245218e-06,0.0007540249810912718,0.004345627441389516,0.0006147577191747445,0.00031393699468996485,0.3116948898629391
30,0.00020949634758484308,0.004248063417870403,1.8531363533096996e-05,7.349622401436063e-05,0.015712999576596262,0.0006299110989528457,0.00022829523691229222,1.7064633028135866e-05,0.08270646646933569,0.00014780753762867255,0.14336034423914726,0.0001497385149805785,7.234598556247782e-06,0.022748129342792904,0.40642925494018955,1.8616621863018768e-05,0.0008659328886915765,4.52494935480038e-06,0.004699615015774711,1.2399839082245218e-06,0.0007540249810912718,0.004345627441389516,0.0006147577191747445,0.00031393699468996485,0.3116948898629391
31,0.00039284182205318724,0.006496081103386687,4.010063887425817e-05,9.667097055407374e-05,0.013214673941406794,0.0007054197953671188,0.00027142004172837046,3.841260003608311e-05,0.07260896235441006,0.0002443896333392526,0.16941825406899066,0.00020147212591572556,1.0271182101462589e-05,0.031021067509963727,0.3426654162804517,3.528742858429511e-05,0.0016102443410193259,9.079805577730678e-06,0.005581273826739521,1.6491690835271675e-06,0.0012228400726816563,0.005025661251699345,0.0008625965208276794,0.000349657180663088,0.34787625633454466
32,0.00019360369243386392,0.004201776122511431,1.7047350808018764e-05,7.802347492669527e-05,0.014750262205445952,0.0006415202305187477,0.00023078006294245825,1.68410634865992e-05,0.07920782504299653,0.00015424348376035687,0.13580160648938078,0.00013376291766666986,7.370785075199051e-06,0.020728136217812308,0.44147782292626975,1.9448568771316162e-05,0.0008526859200726212,4.577178530416697e-06,0.005729579764191416,1.2314831127444032e-06,0.0007823169815281526,0.0043726961910146725,0.0006179529363082187,0.00030450039165332455,0.28967438851878186
33,0.0004624188441930837,0.007931321684222989,1.939747650653275e-05,0.00012046240379287503,0.018780329956449703,0.0004389096808909075,0.0004032194808082381,3.26854823270161e-05,0.045594895031099626,8.828912985360932e-05,0.30381184047956333,0.0003684672460958367,1.7716166566132666e-05,0.021041730672256318,0.33564811112494775,2.4318946398724264e-05,0.002047266140590604,7.519108717519914e-06,0.007377666223402638,1.1509524192270137e-06,0.0012917330322739767,0.008701913526994457,0.0005003117907356477,0.0003331534629042854,0.24495517195598918
34,0.0005377650749984538,0.0026347145792749837,1.9933670068445978e-05,8.831917227382459e-05,0.018510081364793117,0.0006362700986762737,0.00035152310573291436,1.869869081725237e-05,0.08149907759396878,8.621589547696539e-05,0.23869574257036327,0.0001280962839575473,1.2693752383396847e-05,0.012936931501243096,0.44960253467402345,1.4667309921657347e-05,0.0006945809999665144,8.325866776359467e-06,0.007440299095177225,1.0601948403858817e-06,0.0010091690163129636,0.004601596890999192,0.0006190958691698696,0.0003216897372482123,0.17953091699153584
35,0.0009060260574468131,0.005939289290495136,3.0238029892774316e-05,0.00012151857622426521,0.008873678317486216,0.0013305873137843627,0.00043668985885616146,5.250498488355105e-05,0.12435316415099947,0.00024148878233371315,0.19300686271915915,0.0003189298239897326,2.1063082839511646e-05,0.016562848462897305,0.3654908834604912,5.8131892719636186e-05,0.0012192511191865495,1.6282035879817676e-05,0.011587889244646531,1.3932997270015414e-06,0.0009127653158814191,0.012015772597701622,0.0006529782592081511,0.0004402039550358743,0.25540955936823406
36,0.00021760022321808546,0.006586129796835508,1.4206347525278145e-05,9.717827917820418e-05,0.005424704191870507,0.0006864795300845758,0.00020663538554251603,4.0524634407289384e-05,0.09329686717050818,0.00028175624977123156,0.08676468022657395,0.00019096588187540075,7.952369832990148e-06,0.029094445488738165,0.49221985089580794,3.189258783476982e-05,0.0008777666103396329,5.3258593021982625e-06,0.006580267821639718,1.0314316796678959e-06,0.00041916640193623837,0.010003650249180741,0.0003884218813188978,0.0001425235471935274,0.2664199769378048
37,0.0004777770698857024,0.00472452543045709,5.133846510872979e-05,8.10548658813706e-05,0.03070419105995742,0.00048922555130007,0.0003606839290439114,1.5096260393955607e-05,0.11476447558732487,0.00014035026670619554,0.1943187322442716,0.00024367253838755593,1.602937685320728e-05,0.037892922495501344,0.21982230314890178,2.128558548392898e-05,0.0012575807338743538,9.729863453935961e-06,0.0036504352426463137,2.2661665385814817e-06,0.0016590962934131738,0.0036461733377240943,0.0010230272608044522,0.0009646287724534932,0.38366339845363295
38,0.00028288524949926096,0.0026828901730738767,1.8627237277463292e-05,9.255607206620419e-05,0.008530327303446016,0.0015084692171522607,0.0004417871287391735,2.002198754370521e-05,0.07092448619079207,0.00018266542109134556,0.10813758941861272,0.00010358198467731395,1.0664417751373761e-05,0.008646251316108234,0.5807142912089697,4.143164918930187e-05,0.0009460734177709049,7.798795724889895e-06,0.012276472338265938,1.4592679284493443e-06,0.0009412165119973522,0.004324490950674176,0.0009149604160546351,0.0003005699068614692,0.19794843241873217
39,0.00030261287020528073,0.0033442615119896406,2.1784102791357054e-05,5.9875899116026476e-05,0.011064613013794576,0.0010734547372948109,0.00041599682334286336,4.107913197629845e-05,0.05356647902523148,0.00012108487968649431,0.18891280664880863,0.0002577811019189823,8.475625189544123e-06,0.013952069700970574,0.3861138078259375,4.07378449923016e-05,0.00147256287666141,5.520473395811085e-06,0.0060621829430233245,1.2707965474256972e-06,0.001094276313407061,0.006341481250014,0.000624221669104246,0.00025235187912460216,0.3248492110554757
40,0.00024278122951240324,0.0037561717531680388,1.529965978082393e-05,3.870985422486209e-05,0.012869595196528047,0.0005160781992595347,0.0001840468357102909,1.5550008786574853e-05,0.05736873390227608,7.432883699858719e-05,0.16522998130947206,0.0002153842728902605,5.849521021707852e-06,0.017953988713072352,0.39242280361257886,1.2037615505406239e-05,0.0007922086794787583,1.883677788036456e-06,0.0020650593287910384,7.716285714167681e-07,0.00042973185772893116,0.006039060492649147,0.0002775890445166971,0.00016378381799984977,0.33930857095169026
41,6.354400711826072e-05,0.0009921286968832136,3.697452629736928e-06,8.455521807782063e-05,0.015787631496682927,0.0007727539622711552,7.242022376459621e-05,4.852933967446673e-06,0.07940092219934863,6.492714696359347e-05,0.04832027260276086,4.924962983460999e-05,1.2798705640670346e-06,0.003975976449657635,0.7273601297352901,5.792877507785827e-06,0.00014922151183435474,7.839330174032882e-07,0.0017144815071083595,3.7757626956564346e-07,5.821558870758943e-05,0.0013561661324263683,0.0002631768320993243,0.00011109907486797014,0.11938634334034672
42,0.0001840073726433229,0.004481746127927844,8.265508934845487e-06,6.465192170455755e-05,0.00823549903245354,0.0007602201187967468,0.00022066352463459113,2.1469248333158372e-05,0.06439723535398931,0.00012372997314701812,0.12527856503381568,0.00013428266436791767,8.625915525101217e-06,0.009962358146402762,0.5584534107808297,1.9872924257131366e-05,0.0006926496791700905,2.264181237462971e-06,0.007660439111393871,7.628557213525031e-07,0.0004336944442104329,0.010908755885001058,0.00023773117688066046,0.00015507297786790042,0.20755402604075396
43,0.0001482586407029598,0.0029749894052286253,1.6756187933850882e-05,8.200755018337163e-05,0.0118854608145821,0.0015222449487714894,0.00019777226385427453,2.205352456704567e-05,0.10046458519703608,0.00033163766552615943,0.09727074911677319,6.618199860813788e-05,6.13704368091015e-06,0.01654048352361026,0.5366716507460098,2.254645815927789e-05,0.0006152994340415096,4.921766138180011e-06,0.007254817575478551,1.57926609245621e-06,0.0007392066737917517,0.004838526222354434,0.0007162893269596847,0.00022377728358232384,0.21738206736633367
44,0.00020949634758484308,0.004248063417870403,1.8531363533096996e-05,7.349622401436063e-05,0.015712999576596262,0.0006299110989528457,0.00022829523691229222,1.7064633028135866e-05,0.08270646646933569,0.00014780753762867255,0.14336034423914726,0.0001497385149805785,7.234598556247782e-06,0.022748129342792904,0.40642925494018955,1.8616621863018768e-05,0.0008659328886915765,4.52494935480038e-06,0.004699615015774711,1.2399839082245218e-06,0.0007540249810912718,0.004345627441389516,0.0006147577191747445,0.00031393699468996485,0.3116948898629391
45,0.00023059192410604366,0.004963166488376441,2.2661092365269057e-05,6.9572603725364e-05,0.015878682670008557,0.0005770636405523587,0.00021201510470543534,1.7780045068682075e-05,0.07988168989943707,0.00016429823657622566,0.15418686176685661,0.00015967757002295247,7.5315909050251615e-06,0.028772706556752528,0.35382201231483956,1.900406489106298e-05,0.0010554363568888675,5.058660075196727e-06,0.004407129392794976,1.3049592212445282e-06,0.000917632338908541,0.004431382594511444,0.0006797048775682254,0.000344288542427188,0.34917274670841497
46,0.000483128902115537,0.00720921346958758,1.6075740344937626e-05,9.477677013001117e-05,0.0112188048828385,0.000562315554737803,0.00018568932585411775,2.3178051301973036e-05,0.019680072300942462,7.211016551507717e-05,0.20913809112743245,0.00033739484661154175,8.678550570630801e-06,0.009100010930512315,0.45507428894012836,2.800836233348562e-05,0.004071917010738298,2.5038442184216722e-06,0.004105077023860281,6.036300379013673e-07,0.0005461762419132276,0.008891040686407926,0.000446624248751263,0.00019720850226363635,0.26850701089085227
47,0.0003745808968536181,0.008784943009804714,1.536144004842836e-05,4.79395355375175e-05,0.006872324073158634,0.00038523355456979814,0.00022958431265153654,2.067104040237156e-05,0.0586346165225752,9.802482013890297e-05,0.13782371385263528,0.0003660444178415536,1.3176968173996809e-05,0.01470172001984339,0.3777938815922243,2.9005930351045305e-05,0.0010750159603576015,2.188687618779888e-06,0.003951740507026986,7.744527094392584e-07,0.00037731603806323246,0.011863799841768516,0.00018852513301742288,0.0002616188306608693,0.37608819856196685
48,0.0002140352659037124,0.018330148030121413,1.819980975595144e-05,0.00017091837970785033,0.008214579737358858,0.0006910761364552234,0.0001954788186079934,3.176843802496151e-05,0.03655317775999661,0.00034555257371909654,0.09937043962482062,0.00016587609174774162,8.686846118458874e-06,0.022454311106904795,0.5228434829876182,4.12569610958477e-05,0.003722047315445893,4.513824318319571e-06,0.010246938602295875,9.667058349692185e-07,0.0008243846256740623,0.008553932349798427,0.0007197348281945261,0.0001821233278159271,0.2660963698526647
49,0.0002925708023632229,0.004081341126427249,2.5549255369471502e-05,6.896150058903918e-05,0.017024492874496807,0.0008720077397991587,0.00026232986551874565,2.145943920461103e-05,0.09233641292823166,0.00014635286850446467,0.16830129715094225,0.00021638891519422436,8.183168291285754e-06,0.022691718319616933,0.339293369917177,2.0827995793541537e-05,0.0009594257589323724,4.849769296843389e-06,0.003325489651634962,1.437784702289079e-06,0.0007106637577512511,0.004869563030151859,0.0006463208884001561,0.00034726531121240326,0.3434717201803981
50,0.0001420756697113036,0.005565808964282696,1.8740382454086525e-05,6.831009029341409e-05,0.012232749710427083,0.0005993654632925389,0.00028794960704862715,2.3219142327391395e-05,0.09630879581800314,0.00024328283785367394,0.10714986640696841,0.0001297645887286046,8.921481547943971e-06,0.03111290049999574,0.4246613935466333,2.0049167743634935e-05,0.0007007535878964467,3.9770401480045364e-06,0.00662957300932484,1.384530569531501e-06,0.0009220569711164047,0.005961003833578552,0.0004249796418209875,0.00022014483969410995,0.3065629331685398
51,0.00015573655381627963,0.0181232771385504,1.0953963473322637e-05,0.0001449086115314863,0.00950009366028178,0.0002645713072698324,0.00012131579824191088,3.38827385904402e-05,0.054329158835078405,0.00021796084809884653,0.12197591993413522,0.00020842108945985045,8.503739823134644e-06,0.03665795647090993,0.49962879123703535,1.5788735978036837e-05,0.0008092960156027818,3.03745904290991e-06,0.005484840745314636,8.007624776231062e-07,0.0003729271281797208,0.009386095362285546,0.0001995708501644065,0.00011880066792228921,0.2422273903467358
52,0.0002102169960767209,0.0032619144241730893,1.6238797139158985e-05,0.00013030782104156733,0.008196309917745788,0.0010551181457468823,0.00015066747144936305,2.3329609867673767e-05,0.09471421995558708,0.00040032997442226276,0.09271278629172254,6.942930036983383e-05,8.518658047174389e-06,0.017818384518196992,0.5984926973591764,2.8932278994968692e-05,0.0005627003894377642,9.663371988013977e-06,0.009218053563184008,1.8754171665912738e-06,0.00050409531187277,0.004763503768418161,0.0006942535730267076,0.00024438917488181825,0.16671206391026666
53,0.00016536708071821746,0.002258249048769365,1.281931304028389e-05,4.166804356040614e-05,0.012970707367794269,0.0006472020264766763,0.0004346130923634211,1.5582483071836236e-05,0.09641978946411789,6.334978063089087e-05,0.1416777483949362,0.0002105922124433762,5.481077454600784e-06,0.018870801983247334,0.3705930440908469,1.5293043171381798e-05,0.0005241973135330086,3.529990961287056e-06,0.003116452341136091,1.0430087292493341e-06,0.0006054159449022162,0.00324261512974041,0.0005591871433185798,0.0002462549615621816,0.34729899566347394
54,5.032792779012567e-05,0.003634598956523473,8.573522025684035e-06,2.071311623283137e-05,0.005340184886597293,0.00019081114404617252,8.047871982367736e-05,6.78334985167359e-06,0.06257155383024401,9.676032891597371e-05,0.0407887082077489,0.00014883072052284443,2.1724112015096386e-06,0.022475548797321297,0.3347392319134612,1.4875660833805358e-05,0.0003325137936336154,7.325269456034823e-07,0.001325771283867052,6.024200279585316e-07,0.00016526305258548555,0.0024264997987964326,0.00016580700055498818,0.00016788743078665342,0.5252447691996618
55,0.00020025426360005742,0.0023693999543986247,1.4101852846019665e-05,6.335831131091005e-05,0.02628711089436225,0.0005187609474568219,0.0004908161714436028,1.0354527657097765e-05,0.1500555031608291,4.58058381993968e-05,0.14696977484133014,0.00040465327462114434,7.1203743917421385e-06,0.01778619589934462,0.2575761034989042,1.6030569073612388e-05,0.000434893258360154,4.1139413984193424e-06,0.0027919989319193494,1.025334036283423e-06,0.0005362156256630463,0.0025317589330223866,0.0005802541441912564,0.0006841512976957952,0.389620244153944
56,0.0002204370793758076,0.004399964066831131,1.8937172434367073e-05,7.490464879253566e-05,0.015804675243669835,0.0006208998955221918,0.00024068801843465836,1.7589331217721253e-05,0.08331560045907258,0.00014570494840021703,0.14779042179881452,0.00015776689970586896,7.939391460181505e-06,0.023086230178586263,0.4019375929864334,1.8801667864606e-05,0.0008786456170643424,4.671067507315696e-06,0.0048282006536000096,1.2871510656143578e-06,0.0007837466831122391,0.0046045752082428055,0.0006087745364925611,0.0003259969318820244,0.3101059483644171
57,0.00018776611051665834,0.006438878616928347,1.629027599431054e-05,7.433373838409912e-05,0.013390396751703598,0.000475416817869436,0.00031501047063825965,1.9582540762145654e-05,0.06789800170074374,0.00014296739657245532,0.14430027422739186,0.0001834858994421375,1.0641698573132016e-05,0.02041094673826502,0.40756394766565524,2.5442718305226502e-05,0.001053207768073893,4.2962182505309715e-06,0.009414178657427448,1.0799827646426183e-06,0.0011466897561494274,0.006070725850985472,0.00044782992664816744,0.0003253279522980247,0.32008328051965673
58,0.00019719587343541438,0.004078273597937818,1.98772060486687e-05,7.821376376261844e-05,0.018552238796348496,0.0006050410001206866,0.0002472618077278016,1.3633725197596428e-05,0.0925846392300825,0.00014129979719045466,0.13350299882961056,0.00015306092718312433,8.226237899842582e-06,0.021981498824403298,0.3857201324022772,2.008546224280701e-05,0.0008302744092489687,4.570695176756102e-06,0.004779213450338879,1.4935650865660437e-06,0.0008182217144919143,0.003718864257082871,0.0007091637670750536,0.0004759447438308485,0.33075857591619934
59,0.00019880250871788199,0.004222395893330762,2.296178615131996e-05,7.399846785335635e-05,0.018631271485275998,0.0006248925414367103,0.00023243800733273765,1.4555565761978714e-05,0.09183338470149388,0.0001626289732113056,0.13201676965963985,0.0001498093332755367,7.78181861920898e-06,0.024594447332882307,0.3621317523105662,2.1402716391400628e-05,0.0009169434530229692,4.785281292762974e-06,0.004456813059142429,1.574516511661454e-06,0.0008828728819063225,0.0036435308097339915,0.0007486527541310772,0.0004737658198953523,0.353931768322423
60,0.00020949634758484308,0.004248063417870403,1.8531363533096996e-05,7.349622401436063e-05,0.015712999576596262,0.0006299110989528457,0.00022829523691229222,1.7064633028135866e-05,0.08270646646933569,0.00014780753762867255,0.14336034423914726,0.0001497385149805785,7.234598556247782e-06,0.022748129342792904,0.40642925494018955,1.8616621863018768e-05,0.0008659328886915765,4.52494935480038e-06,0.004699615015774711,1.2399839082245218e-06,0.0007540249810912718,0.004345627441389516,0.0006147577191747445,0.00031393699468996485,0.3116948898629391
61,0.00021771056497724804,0.004073252830348498,2.5617519821264716e-05,7.456021483732658e-05,0.01975875965188395,0.0006464612753995303,0.00024314594639741744,1.5042779905988462e-05,0.10150888480823883,0.00016875584452870983,0.13750478486851814,0.0001507560978701457,8.260877092289015e-06,0.026110867914073427,0.3430119875549519,2.0986084685316487e-05,0.0008799187779472118,5.307532510228266e-06,0.004401676573266857,1.6593909763194371e-06,0.0009476184848701899,0.003597675667121812,0.0007891896949330477,0.0005154506380646329,0.35532166840677987
62,0.00020949634758484308,0.004248063417870403,1.8531363533096996e-05,7.349622401436063e-05,0.015712999576596262,0.0006299110989528457,0.00022829523691229222,1.7064633028135866e-05,0.08270646646933569,0.00014780753762867255,0.14336034423914726,0.0001497385149805785,7.234598556247782e-06,0.022748129342792904,0.40642925494018955,1.8616621863018768e-05,0.0008659328886915765,4.52494935480038e-06,0.004699615015774711,1.2399839082245218e-06,0.0007540249810912718,0.004345627441389516,0.0006147577191747445,0.00031393699468996485,0.3116948898629391
63,0.00020020522730716507,0.0051930183405477035,1.749083887410556e-05,7.610576188791208e-05,0.014334211581985263,0.0005726619948021732,0.00021096216566088486,1.7593910566606314e-05,0.07750218128440307,0.00015781321026228285,0.13641819659609666,0.00015326197215021015,7.413703366264204e-06,0.02325341807462694,0.4150908943464437,1.9439254360088376e-05,0.0009150256463545474,4.20041679044023e-06,0.004963731672248317,1.1885303577988207e-06,0.0007150224165117347,0.004781385097588062,0.000557073629612749,0.00029934501787917624,0.3145381593093162
64,0.00023731935984707534,0.004780662817093331,2.4729165309448425e-05,7.510325948575128e-05,0.01860231859509383,0.0005924534184621417,0.000285014082564699,1.9146669284811907e-05,0.07893234548354569,0.0001577872971244416,0.16662061486165283,0.00015603900846357962,9.142029395873651e-06,0.02790372568896615,0.3578064545757738,2.0710065495203157e-05,0.0011290795981656358,6.017172049416062e-06,0.005761155547849342,1.4743968476497225e-06,0.001324389117869841,0.0043742859666754015,0.0007543759174087787,0.0003786516286832453,0.330047004276892
65,0.00023126639430022901,0.0019486009598737731,9.072632412140768e-06,0.00010564687999960346,0.015764270424246187,0.0012050957029110796,0.00033200292448117263,1.6583073381090464e-05,0.04064452211200905,7.152397130818391e-05,0.18372046312035248,0.00010916366137292614,5.0473211357874595e-06,0.006190201818798707,0.5827018583539466,1.8102605435563686e-05,0.0011011575889742446,5.522023866852176e-06,0.00859849089186401,7.104928263839359e-07,0.0007244620259126891,0.0031775793736621145,0.0008997618530912805,0.00018573869464838595,0.15223315509918955
66,0.0007234986546254148,0.004577447050240548,7.923099226267723e-05,7.739839650016981e-05,0.029399855391290166,0.0005452625996158555,0.0005550099838577251,4.8168123017376034e-05,0.12879144879340243,0.00020743920619544957,0.3207472490431425,0.00022875936913519928,3.740363892211911e-05,0.04687590066185107,0.22148221210833818,1.9246800891124058e-05,0.0007126431410152958,1.440567219033962e-05,0.004307399069403911,3.6189291416370517e-06,0.0021467424882080696,0.007456875654342083,0.00038151837617348653,0.0004168124297957048,0.23016445342644143
67,0.00025940816835661455,0.004201410669542144,3.007907256661094e-05,9.001445113441713e-05,0.018740560605363728,0.0007360365536221256,0.00025417572859110865,1.9434611539906856e-05,0.08021807855252769,0.0001919410280267516,0.15990590982549593,0.00014049911494814756,8.483498598371342e-06,0.028743779973001208,0.3665989812114873,2.278674378784163e-05,0.0012598244783193844,7.470216672719308e-06,0.0052243526463202775,1.7834690225089182e-06,0.0012726387812439662,0.0035740011450823856,0.0011040131326865994,0.0004326932808579623,0.3269616430412043
68,0.00012090350784075352,0.002402524162579946,2.610429805373965e-05,5.363098439541866e-05,0.02068012615610238,0.0005703673303803042,0.00017331076909904252,8.273018355782562e-06,0.14718680146554383,0.0001510413643588354,0.08662467499065582,0.00014131725244108002,4.357958899747964e-06,0.03821636548533574,0.2564896721793247,1.2059900286523709e-05,0.00045396963175807714,3.3530969878971145e-06,0.0015140672255632777,1.6952851420169205e-06,0.0004996536878960462,0.0017281556924863758,0.000839202355262729,0.0005299100240650125,0.441568462177185
69,0.00019318059301258055,0.003243648717456847,5.8407396526747294e-05,6.352602262976818e-05,0.01703733548826253,0.0006980189112728263,0.0003320393424076499,2.4546914010068774e-05,0.11799236371944344,0.0002992120026225305,0.12324715949923722,0.00013968757153263268,8.774390813855208e-06,0.06290995205673165,0.2244364424942401,2.7821830754648572e-05,0.0009030516930195171,1.3474459659818736e-05,0.004569906213478915,3.2640745658074974e-06,0.0025651645949031745,0.002287561297684464,0.0015565044785189684,0.0006034478658226538,0.43678550837139146
70,0.00016022151904066616,0.0025684411398994938,1.5103736668436227e-05,9.214231208582867e-05,0.03151803439806106,0.000640312800552062,0.0002649411131492863,1.1311975191747886e-05,0.11910851748459543,8.507614111802614e-05,0.13851994947465412,0.00013416545242094847,5.059548618352684e-06,0.021383255248531356,0.41238464928816154,8.361448203670868e-06,0.0004916452165343278,3.140041115469102e-06,0.002689973503610536,1.080038891939243e-06,0.0005160550505777568,0.002538265232545529,0.00070190232101644,0.0003119061329913754,0.2658464893817645
71,3.168297310278271e-05,0.002831428763535072,3.02564959375335e-05,2.7401286479624014e-05,0.04867385841200106,0.00018634580173394007,0.00034581053689713287,8.876687803242174e-06,0.3146174873384451,0.0001919523338385606,0.048751524844955,7.313943539972069e-05,4.213835921759355e-06,0.1755571037459264,0.05383935572392936,7.822224800993864e-06,0.00021584055469356747,9.08581679469503e-06,0.0015486731582784916,3.868515590278712e-06,0.002934573493279228,0.000776545333756302,0.0009731895901843802,0.0007333027537020014,0.3476266603430137
72,0.00011550524469538507,0.002908941851180537,8.280681110437977e-06,5.1939820472504206e-05,0.005584340575838929,0.001310843102640019,0.0006095435723739653,2.49644401630801e-05,0.07081269551229553,0.00014037011058496158,0.06934667667742214,0.00010983198903416587,8.939380902731748e-06,0.006207521090987628,0.6685534809802401,3.595736736355797e-05,0.00047677598107788644,2.6623184544084958e-06,0.010203397635416694,1.1271433155365815e-06,0.0004474030210361971,0.006866546164608142,0.00023245815822188454,9.760421509536827e-05,0.1558421929654683
