,0,1,2,3,4,5,6,7,8,9,10,11,12,13,14,15,16,17,18,19,20,21,22,23,24
0,0.0016976092585769343,0.05517616443111711,0.00041241878906283456,4.0285030830701203e-05,0.04679230719180599,0.0010720346583190567,0.0007790024779688993,1.4864412238667625e-06,0.14584511122070448,0.0002989027820195483,0.011035528660044496,1.4683082131011934e-07,8.286897655026106e-07,0.0027554529805582277,0.7148179156042537,3.677604512564233e-06,9.922007472833593e-06,9.784854322975888e-08,0.0008576289415204415,1.954769437107855e-07,0.00023866763594773333,0.004315530459587081,0.0008740426524978648,0.0006229177425209564,0.012352124583381002
1,0.002058017481188452,0.05872557233596268,0.00038860894016310875,4.053290519067307e-05,0.054751592742127375,0.000826759129816935,0.0007291499013338059,1.673678726186255e-06,0.2535877791685608,0.0003349345847433484,0.009608088869427461,9.951873058403798e-08,7.892543243190424e-07,0.001975285369201906,0.6004782727546777,4.2370342600839524e-06,9.232009187731133e-06,7.547685376174325e-08,0.0008410262878230988,1.469778930614044e-07,0.00014568066157149773,0.003398823677343062,0.0006770029239708108,0.0006782631304983284,0.010738355186423337
2,0.002260668582158027,0.09087300311491021,0.000559848755718788,6.645485935689388e-05,0.05610418589564132,0.0013627075975759155,0.0008279259716002961,1.5218858077189716e-06,0.12865630570588216,0.00025191586283846,0.020109418665297314,3.0065884551272274e-07,1.541201107490385e-06,0.00333632981062728,0.6792209159106284,4.894393379643605e-06,1.86592993297348e-05,1.4475398648278782e-07,0.0008264616397984166,1.2014649415557924e-07,0.00031817970860094775,0.003633211195811046,0.0008226027456849401,0.0006408382321610163,0.010101843406758028
3,0.001826335613922737,0.06074335925081348,0.0004229141132889624,4.332129759382215e-05,0.053490729357510085,0.0008888843579947148,0.0007524250805569573,1.4269967059077051e-06,0.15560503299951559,0.0002711225899396927,0.012290758529110537,1.5147172185322117e-07,8.583940657045058e-07,0.0029237727463661046,0.6909940222108323,3.309480901689244e-06,1.0358173472366612e-05,1.0240923014506129e-07,0.0007653259377473239,1.5967894480273897e-07,0.00022399344237952068,0.004235997616119838,0.0008454908669406524,0.0006214200208367436,0.013038727363488482
4,0.0018621405255827394,0.07164561528673434,0.00044502977063306474,4.966040753581885e-05,0.06013229701966823,0.0009456206945660746,0.0008231279915571852,1.4907099439057268e-06,0.16135065198479387,0.00027574851926080664,0.015079441998069251,2.0228947418540092e-07,1.1831924206704077e-06,0.0036229120648170743,0.6626153534860624,3.5947315190095174e-06,1.2400694453176259e-05,1.241668604567122e-07,0.0007987553011434786,1.6899193636129768e-07,0.00024044244411757364,0.00457678058584412,0.0009194781029754489,0.0006280194738167912,0.013969759566214162
5,0.0027263383553818763,0.057856462809780046,0.0005013820225128817,6.53130717874047e-05,0.06032665985043647,0.0008921809429028128,0.0008766422061738431,1.6890579763487e-06,0.18877779912748324,0.0003705392484313274,0.01450763274551668,1.961767770285899e-07,9.917681457946867e-07,0.003979030461092757,0.6422525634557521,4.171758293634098e-06,1.3959914364802628e-05,2.058144315047372e-07,0.0006974167401139387,2.327434181315427e-07,0.00026971322076303907,0.004605675951668814,0.0011197085225455776,0.000998888267745947,0.019154605766504105
6,0.001826335613922737,0.06074335925081348,0.0004229141132889624,4.332129759382215e-05,0.053490729357510085,0.0008888843579947148,0.0007524250805569573,1.4269967059077051e-06,0.15560503299951559,0.0002711225899396927,0.012290758529110537,1.5147172185322117e-07,8.583940657045058e-07,0.0029237727463661046,0.6909940222108323,3.309480901689244e-06,1.0358173472366612e-05,1.0240923014506129e-07,0.0007653259377473239,1.5967894480273897e-07,0.00022399344237952068,0.004235997616119838,0.0008454908669406524,0.0006214200208367436,0.013038727363488482
7,0.0022956953018780624,0.07929968959022722,0.0006543130099049268,4.666201467199581e-05,0.05756073582521341,0.0008926696608848798,0.0007612777127068806,1.8099708302575987e-06,0.1369606565791289,0.00025223572796664634,0.015663219807976764,1.7731763119781373e-07,1.363377313236979e-06,0.0024759642460300186,0.6872399960172983,3.1547540266048325e-06,1.109097767737729e-05,1.0018212711932006e-07,0.0010164204669258945,1.4045922383820794e-07,0.00023086251271898012,0.004217981455302133,0.000621599106706042,0.0006235158079056686,0.009168668117723386
8,0.0013206222644937318,0.02524621633512347,0.0002959004104881369,3.916979753538669e-05,0.03780361615886175,0.0003924376254913006,0.0005180199210090935,6.705061019556097e-07,0.1802309314120721,0.00035402153480675665,0.00855588558787955,4.124635968789679e-08,2.619327957095983e-07,0.003069838674064219,0.7175150617874911,1.7419229438385416e-06,5.069212938237206e-06,7.55345584224656e-08,0.00026590126725701895,1.3416830645293722e-07,0.00012584450086831585,0.003734956711625865,0.0007029573653582964,0.0014813560886076823,0.01833926803296178
9,0.0017017538131063818,0.0316759232285677,0.000576039533762845,5.891921957938703e-05,0.04418475555932257,0.0007147065497217675,0.00047679710244083126,1.3566807588768889e-06,0.17745430912714363,0.00038871105845782937,0.012144822988146026,7.112626975972604e-08,6.095833304308117e-07,0.003165296620617016,0.7094457563690135,2.8215094183364924e-06,9.350386178843229e-06,8.401029638393028e-08,0.0005305402298175309,2.091193483499241e-07,0.00018194333626216306,0.004501358172254298,0.0008776672117596763,0.001463663456024634,0.010442534008401193
10,0.001826335613922737,0.06074335925081348,0.0004229141132889624,4.332129759382215e-05,0.053490729357510085,0.0008888843579947148,0.0007524250805569573,1.4269967059077051e-06,0.15560503299951559,0.0002711225899396927,0.012290758529110537,1.5147172185322117e-07,8.583940657045058e-07,0.0029237727463661046,0.6909940222108323,3.309480901689244e-06,1.0358173472366612e-05,1.0240923014506129e-07,0.0007653259377473239,1.5967894480273897e-07,0.00022399344237952068,0.004235997616119838,0.0008454908669406524,0.0006214200208367436,0.013038727363488482
11,0.001853735800731928,0.06518778480099496,0.0004438311105764677,4.660403279440872e-05,0.05473293065886774,0.0009431373039495841,0.0008028660728092798,1.611441011549869e-06,0.15942065705950012,0.00027091286391187986,0.012882620544695847,1.7088504701405648e-07,1.0369641312487433e-06,0.002996687987859901,0.6809161664711156,3.6091663220628474e-06,1.1563353050527045e-05,1.0739525482937785e-07,0.0008246452745124261,1.6576133046269202e-07,0.00022504416333755792,0.004359670578108759,0.0008597349294264422,0.0006068537786594331,0.012607851602000073
12,0.0012680588198812294,0.10709478743946244,0.0002617808611961545,4.0127980166550155e-05,0.22722203587099551,0.001145427373481914,0.0008820588127781975,3.656127796041823e-07,0.13464637786540906,0.00016055316149052865,0.011388906230281338,3.7709897122055534e-07,6.622668561310214e-07,0.010403930447938461,0.4379252925748393,2.7586757066550924e-06,5.935004375996954e-06,3.317210121766265e-07,0.00038318999635318684,2.406121007767246e-07,0.00027051134918353254,0.0018239752079081365,0.0018065247736661566,0.00031009460968677607,0.06295569563347884
13,0.0010782687174304818,0.0511772497789393,0.000327396080744019,4.417464643296863e-05,0.055235009534788895,0.00047971762062786323,0.0003613721770313302,6.510052702134099e-07,0.0632090908490824,9.211695246971169e-05,0.04173865534206776,1.71121824627521e-07,1.2358555683737318e-06,0.0028750586042379793,0.7740320447579302,2.0112227881065504e-06,7.438826279719786e-06,5.704112652423056e-08,0.0005192289358105967,5.807634267432813e-08,0.00022045860032427736,0.0023045734524938925,0.0008471337535546147,0.0005537604399932235,0.004893066606840057
14,0.001701422556067279,0.37600664429608166,0.00034857342219113174,1.2417979173639806e-05,0.09725380545676016,0.00213929170392073,0.0005360657016207455,5.161609166237034e-07,0.040259883935743875,8.838829575434987e-05,0.025883105562986446,9.322731384069511e-07,2.738945661225369e-06,0.0028902751664386735,0.4411224996095369,3.054672093686088e-06,6.588464271943719e-06,7.73526074326058e-08,0.0029826910730641177,6.598710634540891e-08,0.0003532480921940109,0.001954730270407716,0.0004160379374456835,0.00010803840362044083,0.005928906681196797
15,0.001826335613922737,0.06074335925081348,0.0004229141132889624,4.332129759382215e-05,0.053490729357510085,0.0008888843579947148,0.0007524250805569573,1.4269967059077051e-06,0.15560503299951559,0.0002711225899396927,0.012290758529110537,1.5147172185322117e-07,8.583940657045058e-07,0.0029237727463661046,0.6909940222108323,3.309480901689244e-06,1.0358173472366612e-05,1.0240923014506129e-07,0.0007653259377473239,1.5967894480273897e-07,0.00022399344237952068,0.004235997616119838,0.0008454908669406524,0.0006214200208367436,0.013038727363488482
16,0.0024850880843809583,0.06957541553468752,0.0004245105817020535,6.0390321196660106e-05,0.05978377962134908,0.0009592718334172072,0.001051318553783417,1.2466257155874523e-06,0.12396128104746305,0.000506862633862796,0.016329819531325084,3.7361289776330294e-07,8.559214799371902e-07,0.00635189469984561,0.6767694612578414,3.90877105859702e-06,1.501814643461198e-05,3.363357339483992e-07,0.0006935517862714433,2.677671744982508e-07,0.0006576049750266381,0.006824501400006757,0.0012256440814850424,0.0007927222747626573,0.031524874601097416
17,0.003529735726802941,0.10624786856875265,0.0005551951751782816,6.59917378249787e-05,0.08155207704913646,0.0010208609046600575,0.0011732814979754055,2.3581574312256326e-06,0.16574579370089118,0.00035751452257741,0.019598891904196933,7.060329710558263e-07,2.074023759358561e-06,0.008167787029956122,0.5602875213163478,4.475869005046948e-06,2.5537276569823737e-05,4.858249980243161e-07,0.0012108246265677657,3.575172567596886e-07,0.0005402674176611109,0.009164698355730758,0.001953516926412711,0.0006100397324926497,0.03818213910484343
18,0.0030335454226602825,0.09478942110516198,0.00026990464219791367,3.895739038122539e-05,0.046397549040989826,0.0010400799382648672,0.0012967807237321436,1.627234778007034e-06,0.2378878129229947,0.00045271744514635055,0.013175985078574788,4.375205918565211e-07,1.2556031353159608e-06,0.006886714323387553,0.5282347621879314,4.5382303360855325e-06,2.61490500695747e-05,3.8329212018263693e-07,0.0008897849155261998,2.9852172000875974e-07,0.0003131808025161209,0.009588024353120252,0.0017664106095759116,0.0006149973318211598,0.05328868231326636
19,0.001789975176113606,0.07156505939560016,0.0005950323585595919,5.541514473970809e-05,0.07340923232581271,0.0008463043391344245,0.0008389162670272467,1.923616243004952e-06,0.1489152018049859,0.0002549087013084468,0.013390359115438368,2.1456406865854403e-07,1.2658968327356055e-06,0.003171586354370279,0.6668409634602914,3.447449821280322e-06,1.0981349172576858e-05,1.1737856896725027e-07,0.0008820748058811691,1.705424079990563e-07,0.00024638447470406706,0.004800784256617605,0.0007050371846676305,0.0005493103881880161,0.01112533364944464
20,0.0006404237796349122,0.02670309216288153,0.00024008838221743653,2.38633197911412e-05,0.02506038831728342,0.00047380744997716027,0.0005029902233117801,9.977613485578078e-07,0.06576403256473994,0.00013433795262498275,0.008051977721237906,5.682656828392651e-08,3.84233518822798e-07,0.001327635498277236,0.8607426917821815,1.574482343364157e-06,4.311555940845071e-06,2.750922879830896e-08,0.0004802163508430497,8.07363971415946e-08,0.00017066917952890636,0.0034055980766743276,0.0005222274782843775,0.00035474066198408255,0.005393785993180536
21,0.00289227190889945,0.09034696786578678,0.000496683109822345,5.72553391521011e-05,0.08879877548039587,0.0009006293854665039,0.0007106427092015249,1.2973538242819754e-06,0.16063672132843188,0.0004252072645823696,0.019195848976151904,3.024124917580118e-07,1.084208259555657e-06,0.004764911157844386,0.6039769059943813,4.204834753191337e-06,1.180079000412204e-05,2.0805620813185924e-07,0.0009120109311710481,1.994929050362002e-07,0.0004360465645557002,0.004584731071579983,0.0009955492145989318,0.0007943811515269496,0.019055363398004777
22,0.002365814039065264,0.05400424543657501,0.0006155128323278085,6.783892446723903e-05,0.04910666404097058,0.0009688965519143779,0.0006477341720883148,1.5852599327649885e-06,0.13363768124983894,0.0003875263728827039,0.018389772907711068,2.011960257836654e-07,1.0166497049701342e-06,0.003656193267610308,0.7163899199710119,4.079727796547767e-06,1.661813172184176e-05,1.5640254627490618e-07,0.0007288463825095371,1.8795145567050792e-07,0.00034310394310601005,0.005118145581254527,0.0009024242464854404,0.0009849846593332269,0.01166085010166394
23,0.001826335613922737,0.06074335925081348,0.0004229141132889624,4.332129759382215e-05,0.053490729357510085,0.0008888843579947148,0.0007524250805569573,1.4269967059077051e-06,0.15560503299951559,0.0002711225899396927,0.012290758529110537,1.5147172185322117e-07,8.583940657045058e-07,0.0029237727463661046,0.6909940222108323,3.309480901689244e-06,1.0358173472366612e-05,1.0240923014506129e-07,0.0007653259377473239,1.5967894480273897e-07,0.00022399344237952068,0.004235997616119838,0.0008454908669406524,0.0006214200208367436,0.013038727363488482
24,0.001969267464402355,0.07479691155256389,0.00047773155145333315,7.143686582651961e-05,0.10145974162537597,0.0008981814295116763,0.0008104640538313583,1.5375157752865898e-06,0.18011517280874575,0.00027924584385179,0.017774640692000902,2.7061349474326345e-07,1.4218746022871921e-06,0.005161448458678496,0.5936742453360406,4.606347260322405e-06,1.2252931487512294e-05,1.7181062700843939e-07,0.0007717875844342971,1.9223589798412547e-07,0.000259634644126711,0.004005564578795128,0.0011154225071513288,0.0006716005380707573,0.015667049135993993
25,0.0024829033831487717,0.05054336756180786,0.0005445213032417957,6.772572169183824e-05,0.06211703837065438,0.0005539175316957025,0.0008935748924124331,2.5866066770953174e-06,0.11367091468984278,0.0002378267275058532,0.019565884547837187,1.9350022716483434e-07,1.432176350587731e-06,0.002461845018015475,0.7312001743413621,3.977858338277975e-06,1.0659055425720056e-05,1.3088673679704302e-07,0.0010090202515623003,1.5177266363630098e-07,0.00030672592199722714,0.004139719605692883,0.0008578685209062095,0.0006002047786091867,0.008727634975596992
26,0.0024058399441576413,0.042344718568688836,0.00035903707119372305,5.963582148892786e-05,0.04379921084915745,0.0008752455784271508,0.0005942635581258949,1.5997993395344276e-06,0.3108529568629233,0.0002520646133974812,0.011214559856451438,8.049378154789685e-08,7.4890914724223e-07,0.0021812829578637455,0.5672687176207356,3.880277662697647e-06,1.3110620101371735e-05,9.314640255210817e-08,0.000479186865913106,1.6756277619029785e-07,0.00012025715749694609,0.0026275954449725704,0.0012674094557496025,0.001258786229235415,0.012019550734809996
27,0.0010609200269198222,0.03951428419893718,0.0002316244632212486,2.5144172882510555e-05,0.034215104803184265,0.0006164062434287833,0.0006525369124576856,1.0131600470246168e-06,0.1799575820049817,0.0002455344840851856,0.0076763372887002825,6.92616311072877e-08,4.4638001172485204e-07,0.0020904696329104447,0.7151847493981925,2.265549647266355e-06,6.645497711532851e-06,5.002713038454221e-08,0.0005111844992904556,1.3176039682671344e-07,0.00012239969471424675,0.004394951959219341,0.0006795820377217394,0.0005815558918492499,0.012229010650727345
28,0.001826335613922737,0.06074335925081348,0.0004229141132889624,4.332129759382215e-05,0.053490729357510085,0.0008888843579947148,0.0007524250805569573,1.4269967059077051e-06,0.15560503299951559,0.0002711225899396927,0.012290758529110537,1.5147172185322117e-07,8.583940657045058e-07,0.0029237727463661046,0.6909940222108323,3.309480901689244e-06,1.0358173472366612e-05,1.0240923014506129e-07,0.0007653259377473239,1.5967894480273897e-07,0.00022399344237952068,0.004235997616119838,0.0008454908669406524,0.0006214200208367436,0.013038727363488482
29,0.001826335613922737,0.06074335925081348,0.0004229141132889624,4.332129759382215e-05,0.053490729357510085,0.0008888843579947148,0.0007524250805569573,1.4269967059077051e-06,0.15560503299951559,0.0002711225899396927,0.012290758529110537,1.5147172185322117e-07,8.583940657045058e-07,0.0029237727463661046,0.6909940222108323,3.309480901689244e-06,1.0358173472366612e-05,1.0240923014506129e-07,0.0007653259377473239,1.5967894480273897e-07,0.00022399344237952068,0.004235997616119838,0.0008454908669406524,0.0006214200208367436,0.013038727363488482
30,0.001826335613922737,0.06074335925081348,0.0004229141132889624,4.332129759382215e-05,0.053490729357510085,0.0008888843579947148,0.0007524250805569573,1.4269967059077051e-06,0.15560503299951559,0.0002711225899396927,0.012290758529110537,1.5147172185322117e-07,8.583940657045058e-07,0.0029237727463661046,0.6909940222108323,3.309480901689244e-06,1.0358173472366612e-05,1.0240923014506129e-07,0.0007653259377473239,1.5967894480273897e-07,0.00022399344237952068,0.004235997616119838,0.0008454908669406524,0.0006214200208367436,0.013038727363488482
31,0.004840173807947924,0.08891973685010475,0.0009881109907683503,6.0114955932265664e-05,0.07710505577738512,0.0008979896556139256,0.0010082797657463912,3.713545867397967e-06,0.17683528875600923,0.0003622539117346271,0.01278336894956673,2.910905244684866e-07,1.6726913980513556e-06,0.0031930378726491657,0.6034413898239522,4.1081232378939645e-06,1.6042373087074848e-05,2.548700473508338e-07,0.0017083594436648128,2.9824248870409304e-07,0.00034612452935108256,0.006257399899040097,0.0010076842972313348,0.0006833690618838041,0.019535880714767126
32,0.0017604601400099506,0.06103112056250973,0.0004185647495391808,3.855272006010842e-05,0.05354025326414992,0.0008871822771039418,0.0007617291771837488,1.5239511623157176e-06,0.14500819612235402,0.0002569388529491466,0.011782354333964285,1.5465990550180027e-07,8.873032998204819e-07,0.002762791421468333,0.7022260157043082,3.3142675226033753e-06,9.695279972551554e-06,9.454772227268803e-08,0.0009097011831485245,1.6575026825253465e-07,0.0002227069129845716,0.004452649875022693,0.0008397077766227164,0.0005418518374867345,0.01254338732928079
33,0.0028775216656029188,0.12508698361722417,0.0005685473504209239,6.720048761095714e-05,0.048704498046852285,0.001500587183626545,0.0015230298785552357,3.7684659355933133e-06,0.2784468850514256,0.0004516358638133679,0.017764087477895388,6.771641693545351e-07,4.33984717563125e-06,0.00658360008668443,0.4816262952687523,7.3039713974823854e-06,5.4731483859275856e-05,3.0814292460135466e-07,0.0014052260957000732,2.7729956748281767e-07,0.00021685100846840794,0.01340108182463871,0.0009795894133887574,0.0005699440763112185,0.01815502922799927
34,0.002025632511035435,0.06263674530443512,0.00042971530324067297,3.96887043982645e-05,0.05535510633682497,0.0008057453318528845,0.0007136492305004829,1.450585229408585e-06,0.16312333552129962,0.0002712164261785047,0.012752764959933566,1.4364168563795997e-07,8.74032334162229e-07,0.002773175370669753,0.6791002250824758,3.1298198417204887e-06,9.574955594821898e-06,9.73196609775858e-08,0.0008736137498431817,1.571598977275509e-07,0.00021234461504168652,0.004319382301692515,0.0008328819907188798,0.000640583289745709,0.013078766455868451
35,0.02344756612161786,0.1290372653721214,0.000637948612293198,5.631750719374379e-05,0.042941981415960284,0.0004314492627773599,0.001447490640754196,9.480598276361553e-06,0.5658272328165657,0.0007984157221207214,0.00802272200000259,5.100194948052532e-07,2.661613374706806e-06,0.001854155807786511,0.18422553378867676,7.146046707381807e-06,4.609458571843979e-05,9.048819634674964e-07,0.002024151349644353,2.5523440736621564e-07,0.00018912298015496927,0.00804493604692839,0.0005400336221973793,0.000705706284103727,0.029700917669158226
36,0.0014291186975919673,0.06495504323373133,0.0002223846740509002,3.55921084323629e-05,0.02259596934342296,0.0012083060477689385,0.0013193582665590687,3.855780031683916e-06,0.3330305866321907,0.00025535657713329085,0.006763517650365354,2.922578125608982e-07,1.6963258487255747e-06,0.002963806174352147,0.5373546587394645,6.08950547430913e-06,4.374059591976767e-05,1.1380466340133001e-07,0.0008907412312568697,2.0067850809862964e-07,0.00010286889567959148,0.011374897670251195,0.001019835540468839,0.00030908051683486575,0.014112889052186571
37,0.004048492122708269,0.05377381011886595,0.0007636204545854764,7.94024361231078e-05,0.06044631317831578,0.0007485176796145352,0.0007082640789304469,1.5289015093810659e-06,0.15609718400027575,0.0004115533741569468,0.020788396292333065,1.8640346389467394e-07,1.0173980844941186e-06,0.0040075654368122195,0.6736254130068307,3.839446450064688e-06,1.4066083218707018e-05,2.5002042498301256e-07,0.0007347840335536633,2.0850760536907e-07,0.0002864433151010685,0.004235367164618635,0.0009467944237002513,0.0017037835789057176,0.016573198543811455
38,0.0010917260869777652,0.04810745439814487,0.0003227276469111621,3.0892734316921656e-05,0.030571754498218563,0.001455903596577987,0.0008212552266492453,1.493033347445218e-06,0.07662255742361958,0.00016907368246346267,0.010082855736539777,1.427771493564536e-07,8.865579071721417e-07,0.0017324202256606388,0.8166444435362273,4.2175953638435596e-06,9.459678656431974e-06,5.7398493539013516e-08,0.000987003741569953,1.3794006352746064e-07,0.00024067486215492785,0.0031682601840826168,0.0008434652574314678,0.0003271181877439143,0.006764017993728346
39,0.0014607983496926693,0.04529617689592068,0.00035745457569079825,4.490700930586232e-05,0.03833422416552114,0.0010639723194354308,0.0009996040038802703,2.0923067344321002e-06,0.1147212740624371,0.00024161681272260747,0.008253213271538051,1.5915539486141691e-07,7.754621610304611e-07,0.0023710080675574162,0.7647586210764113,3.929060571550621e-06,1.2112147997878596e-05,1.026070106268575e-07,0.0008233492816657193,1.973799413139929e-07,0.0003070823998049998,0.004738906320298235,0.0011463293308646315,0.00041265487082509713,0.014649439066616365
40,0.0011345597477969073,0.08182824424106964,0.0006517633241732338,2.0492821229473645e-05,0.07689983964097007,0.0008769539594974397,0.0005485189974657875,8.382729648147419e-07,0.06848704866401277,0.00017889771625804728,0.00968207338719703,1.8819358843750537e-07,6.886665649399783e-07,0.00306804221620722,0.7391316609095964,1.6914170019510191e-06,4.969723546757452e-06,7.012722230084357e-08,0.001106922599368734,1.406719647199528e-07,0.00022368235723783,0.005015880302863299,0.00039619265293391735,0.00030259104524364835,0.010438048344024646
41,0.0022052216434298244,0.03470185650486366,0.00038672258564628986,3.545384588519839e-05,0.03183573796074832,0.0007061286124960955,0.0008744107940894517,1.5713403696128068e-06,0.06438820846017586,0.0002943743795284959,0.01505053458928517,2.3460663147826735e-07,7.785610975843599e-07,0.003411466699387248,0.8173401302032509,3.3570338652103574e-06,1.0945884019343936e-05,1.9158978804445055e-07,0.0011778130836820528,2.567591941076265e-07,0.00044145520914027383,0.007448291323142208,0.0012258534418030562,0.0006217045261285497,0.01783730036235213
42,0.001209222381366624,0.049083852608866455,0.0005828072504834285,2.1732881325226948e-05,0.031192240199136814,0.0006277180027075777,0.0006052356805756169,3.359460910134692e-06,0.08905377309022411,0.00023914225001965778,0.0070825976203332825,1.3514198655082778e-07,8.733289413442306e-07,0.0013049349411627675,0.8002913328229436,2.2856239201000157e-06,8.401627670451055e-06,3.5591117210301153e-08,0.0020642315941563614,1.5902926038290977e-07,0.000262350864820121,0.01072318999301259,0.0004052150210148074,0.0002708202625187514,0.004964352731526132
43,0.0012924535119572392,0.031120530756978893,0.00030902145504920056,3.4137954202971766e-05,0.036303130944818005,0.0008006493384586465,0.0006519428523848197,1.517015581234301e-06,0.2328281542537942,0.0006042833414107257,0.006482671257763344,4.64734745880822e-08,4.1190454353504095e-07,0.0020514640843733232,0.6690121659214018,3.3928721616297036e-06,6.749217194691508e-06,5.1090794402659635e-08,0.0006541753675955033,2.38366849204041e-07,0.00017440296861243723,0.005250907550816484,0.0007092786072594602,0.0008140501940282383,0.010894172698495476
44,0.001826335613922737,0.06074335925081348,0.0004229141132889624,4.332129759382215e-05,0.053490729357510085,0.0008888843579947148,0.0007524250805569573,1.4269967059077051e-06,0.15560503299951559,0.0002711225899396927,0.012290758529110537,1.5147172185322117e-07,8.583940657045058e-07,0.0029237727463661046,0.6909940222108323,3.309480901689244e-06,1.0358173472366612e-05,1.0240923014506129e-07,0.0007653259377473239,1.5967894480273897e-07,0.00022399344237952068,0.004235997616119838,0.0008454908669406524,0.0006214200208367436,0.013038727363488482
45,0.0006221262207295317,0.021088596265575573,0.00027388576474872244,2.681138943915737e-05,0.021237205077360738,0.0006524328125335579,0.0006228613511886779,1.4102805767420247e-06,0.07598766132439332,0.00013148353196744836,0.005358192452646387,3.7954497181677595e-08,3.995429331048863e-07,0.0008304968452800321,0.8661393539628359,2.448403986097794e-06,4.413748412439088e-06,2.194029961596649e-08,0.0004937188466485797,8.428207648734404e-08,9.875002259488457e-05,0.0022551008174017772,0.0003882985913839543,0.000344432288846121,0.003439776281643941
46,0.0034762730358712727,0.05776412354038619,0.0006078945754548511,0.00013070117876010006,0.021552832383484693,0.0024796200074957463,0.000829703442991001,4.560081648150508e-06,0.18247958129617556,0.00035034452765344296,0.02004335565011503,3.705559346056888e-07,2.400323542194984e-06,0.0027415463311438863,0.6907497880675605,1.0572372816108053e-05,7.865128625969583e-05,2.0726003599003076e-07,0.0008325798484985895,2.2118689552851295e-07,0.0003484373396193112,0.005582732714526014,0.0015868492999318016,0.0012188043522632622,0.007127849340936521
47,0.004618272754550982,0.1445554536781207,0.0004490998635240513,2.015314013417852e-05,0.033949445420192285,0.0009404355901636449,0.001293685650512921,3.1774006021876493e-06,0.21595098448205052,0.0005017270370885775,0.008916121968026854,5.29016849028198e-07,1.526250531257369e-06,0.002754087076825889,0.5383691003583417,3.829438812291339e-06,2.5136875259919475e-05,2.3672476588709466e-07,0.0024965041585226543,2.5647687342809936e-07,0.0002849984276616593,0.01653404593561299,0.000583771252698534,0.00040508167080691556,0.027342339351471047
48,0.001999263213185979,0.09812373272434961,0.0004986711097906267,4.231508986194775e-05,0.019929200795069053,0.003321780571761796,0.0012389703832215064,6.299733484846775e-06,0.15709747125484658,0.00018435937699971575,0.008587197618606855,2.5146479291342627e-07,2.934937382415958e-06,0.0011136823446209981,0.6956247267473878,8.115447626532267e-06,3.9106542535643447e-05,5.6836620925649774e-08,0.0022989231877450856,1.500783946670436e-07,0.00019099739660347913,0.004523030449817521,0.0007954387817099918,0.0002442405526740752,0.00412908336090926
49,0.0016554350358702436,0.07835057380367443,0.0006673495745568034,4.012709684679835e-05,0.05411180867300365,0.0013172824581098727,0.000819101934672598,1.563065936556342e-06,0.11359273498812188,0.0003052864594206772,0.012160465347253712,2.779329730884307e-07,1.1514174379033555e-06,0.00370095387425011,0.7114491707403993,3.2851930637210286e-06,1.3407594273598476e-05,1.3192031456569191e-07,0.001052210797751167,2.2183510794910014e-07,0.00030653588247093485,0.006820493973003518,0.0006558914664299137,0.0005124768485304889,0.012462062086526572
50,0.0018618918561801757,0.038028967925910616,0.00023108173180697426,1.697528045120171e-05,0.03833941106080569,0.0002977094919565634,0.001479344396224872,1.645084502360713e-06,0.2097167139952834,0.0006075925885909194,0.0043082676422426065,5.3238195556297904e-08,3.604803515830702e-07,0.002010950289694236,0.660387731985638,2.2382965969083418e-06,3.94738426956067e-06,8.859931755411063e-08,0.000958189744439432,2.0260151645904699e-07,0.00013505361151359478,0.008089675977304093,0.0004567155023287097,0.00045346627369179744,0.03261172496118724
51,0.0017658825754909202,0.0946461464935491,0.0006461016569103402,8.682896762107528e-05,0.07196138429485978,0.0006980995126218508,0.0005885195181720131,1.6173340304237532e-06,0.272785103286631,0.00031585039098250706,0.01587109909280473,1.2983679133299362e-07,1.3378451183887385e-06,0.002818385224965207,0.5269462602050453,2.736783753467804e-06,1.2591965445187405e-05,6.979051879489414e-08,0.00039511067625728796,7.721301236587389e-08,0.0001712385852611336,0.0034956849501046527,0.0003566501193981284,0.0008931557029094628,0.005539937977745642
52,0.003705995124060386,0.026135716963350018,0.0007159041687012031,0.00012779345890824318,0.0486976784449835,0.0008899884150672759,0.0006637824384380243,1.517907741362385e-06,0.21887807847013516,0.0006858410942800755,0.025479942741263972,1.001740426464657e-07,1.0442084694950215e-06,0.0042350223570721685,0.649875195261009,6.801076360042838e-06,1.650658131104156e-05,2.668319705411672e-07,0.0004459211231959491,3.0185130762899396e-07,0.00016898802041091663,0.003504472088254095,0.0010317549252212058,0.00358160245934887,0.011149783815097222
53,0.0005947517653549701,0.020238118513627563,0.00010221539600512874,2.984460500017853e-05,0.024333753609083845,0.0005105228070934241,0.0012877185178805566,1.0397995968701792e-06,0.14695965199117636,0.0001476193903915084,0.005566115253546802,4.3027323865379276e-08,3.6834183917504516e-07,0.0016318153269837268,0.7815190101169761,2.8681506304481543e-06,4.896650915776796e-06,4.708102112239109e-08,0.0002646534713050208,1.1237334149764671e-07,8.819008799233452e-05,0.00228572577586356,0.0009771529714034115,0.00038510627804708234,0.013068658697599368
54,0.0021137228851642884,0.1446758612939296,0.00018975035851299873,2.0007784914555796e-05,0.05080597798681761,0.000884037487914619,0.0012028726464659676,1.1522672558282327e-06,0.26721667385017017,0.0003294386375403971,0.00735995306629274,2.8373820661298083e-07,8.41566335708588e-07,0.0035056481073654834,0.4824406744019627,3.591056350932222e-06,1.2264869775298801e-05,1.460705582613162e-07,0.0008523559745986074,1.2762396708643295e-07,0.00017126726484680967,0.005626597535536557,0.0006543541306443778,0.000315668710058349,0.03161673068481445
55,0.003598945660129068,0.20715462522402384,0.0003128754929276871,3.827938943796722e-05,0.11130584686562282,0.0006968791735199217,0.0012033419513962404,1.005896182452591e-06,0.2808553169029033,0.00023958112755726322,0.01324330337580781,8.239559119193849e-07,1.5409264766237113e-06,0.004860026226062867,0.3282478908400913,3.803985327305278e-06,1.5922942893504205e-05,4.576185995370199e-07,0.0006849538970159394,1.326432944422837e-07,0.00022490249728804751,0.003470460973106953,0.000678657944116331,0.0004108868565880714,0.04274953763371867
56,0.0018707100164973899,0.06626485545957767,0.0004422038255477096,4.541820786396576e-05,0.05647650966643137,0.0009126971758322522,0.0008011569778966992,1.514452533496244e-06,0.16245832441531294,0.00027430663986041464,0.013259889955313936,1.714066183112841e-07,1.031284629315036e-06,0.0030902306639538535,0.6741739218847522,3.50027886986209e-06,1.110580228987039e-05,1.1109890045426368e-07,0.0008032209723833916,1.6536670727131413e-07,0.00021963194854606794,0.004336431433176176,0.000835206760088202,0.0006217436221382331,0.013095940684279012
57,0.0018598509877885468,0.08450511149336107,0.0006329556817267235,2.8373128799698474e-05,0.06439668612211624,0.0009474182757248031,0.0007255420146647882,2.2196469399782744e-06,0.09676864078353915,0.0002443537255660837,0.01145093148642707,3.548515229585757e-07,1.2146247952074094e-06,0.0028185408526179446,0.7116604539621404,3.2101454259475164e-06,1.1074163569650537e-05,1.0507177408807248e-07,0.0022008783205413208,2.13879789680018e-07,0.0003788445915888528,0.008597899868079607,0.000700990608854564,0.00030665848699878333,0.0117574772256469
58,0.0017053775015569612,0.050309818442911984,0.000415872323784044,4.29376523548888e-05,0.045485938451216,0.0008146504405225462,0.0006808683048231955,1.2938742654518992e-06,0.15358656072469448,0.000276197330615518,0.012306068943396252,1.2085379717627545e-07,7.578736746874138e-07,0.0026816593631563464,0.7135913638593067,3.0858711535313296e-06,9.607086351070776e-06,9.073582224984132e-08,0.0006547720368142762,1.5416734592802466e-07,0.00019426310178537648,0.004069489425224302,0.0007754446498574695,0.000780690450050867,0.01161291653551895
59,0.0016227775362786174,0.04565090388899223,0.00042177810906199824,4.286903095907266e-05,0.04569250841748064,0.000753183718010286,0.0006363026429785798,1.2464249710538187e-06,0.14618204620171465,0.0002732891670798819,0.011767122720357326,1.0538647948425085e-07,6.624601870106561e-07,0.0024943970483639758,0.7273252247578329,2.9498468808021884e-06,8.60776863602919e-06,8.303044324296976e-08,0.0006171909036748187,1.4926294363414613e-07,0.0001932375969968912,0.0038178110964766634,0.0007431109078304332,0.0008102063625843521,0.010942235712785298
60,0.001826335613922737,0.06074335925081348,0.0004229141132889624,4.332129759382215e-05,0.053490729357510085,0.0008888843579947148,0.0007524250805569573,1.4269967059077051e-06,0.15560503299951559,0.0002711225899396927,0.012290758529110537,1.5147172185322117e-07,8.583940657045058e-07,0.0029237727463661046,0.6909940222108323,3.309480901689244e-06,1.0358173472366612e-05,1.0240923014506129e-07,0.0007653259377473239,1.5967894480273897e-07,0.00022399344237952068,0.004235997616119838,0.0008454908669406524,0.0006214200208367436,0.013038727363488482
61,0.0018251941151368161,0.04933827228849344,0.0004936062476233308,4.712415583977741e-05,0.04852713291666327,0.0008250230950054288,0.0006549757217124963,1.4388117793375557e-06,0.1432557484481981,0.0002804823054729093,0.012397865917991826,1.2117521022780503e-07,7.685330408581474e-07,0.0026072942075384908,0.7224742808394483,3.123115539623344e-06,9.66728622308405e-06,9.361192811879969e-08,0.000699528828953533,1.6038905591366115e-07,0.00021488988591024204,0.004018671804973586,0.000765061845962014,0.0007858937546913514,0.01077358069760829
62,0.001826335613922737,0.06074335925081348,0.0004229141132889624,4.332129759382215e-05,0.053490729357510085,0.0008888843579947148,0.0007524250805569573,1.4269967059077051e-06,0.15560503299951559,0.0002711225899396927,0.012290758529110537,1.5147172185322117e-07,8.583940657045058e-07,0.0029237727463661046,0.6909940222108323,3.309480901689244e-06,1.0358173472366612e-05,1.0240923014506129e-07,0.0007653259377473239,1.5967894480273897e-07,0.00022399344237952068,0.004235997616119838,0.0008454908669406524,0.0006214200208367436,0.013038727363488482
63,0.001828570376822528,0.06529665353879717,0.0004137105664685874,4.116200404728913e-05,0.053714706195587214,0.00088231346084517,0.0007557059906083048,1.3980862150868684e-06,0.15964826750823607,0.00026752294934857346,0.012136647830455295,1.5425006079721714e-07,8.657418643060677e-07,0.0028804746249767926,0.6823412999524893,3.2063923377547495e-06,1.0272134287657587e-05,9.982464264072242e-08,0.000768169354668536,1.5206655775580034e-07,0.0002183794657983899,0.004247780206933984,0.0008053243037248826,0.0005977868202370498,0.013139376353988928
64,0.001615959378109018,0.05678529731587787,0.0004331124785107224,4.3268050189694326e-05,0.05398064516976886,0.0008411698007749188,0.0007173137531571715,1.4075827073238683e-06,0.12511473143701887,0.0002576428955972336,0.011850172548091046,1.4248242492850878e-07,7.522772502537624e-07,0.002580292265753876,0.7277430630370735,2.935371015032093e-06,8.489899704747672e-06,8.850132723319615e-08,0.0007655287430321346,1.553361542654736e-07,0.00029109721197658546,0.003978891671553435,0.0008218172957379981,0.0005643153199637188,0.01160171017722951
65,0.0002548907546700815,0.017968516659108,0.00033479941476275045,2.1002082328905174e-05,0.017111218092006452,0.0007004955976776684,0.0002914214022003385,5.995427313977051e-07,0.02531224144265213,5.9564715111319764e-05,0.005540029073489341,2.5393631732052758e-08,2.676205240471162e-07,0.0007573950643189344,0.9274487345487153,9.127094948106072e-07,2.708063334600013e-06,9.081918970024917e-09,0.0002921188125721185,4.657538422806803e-08,0.00012554505664769488,0.0014815372468592795,0.0003061699015317472,0.00022819814744880754,0.0017615530008790199
66,0.00219197263112711,0.07342459077001569,0.0007031390554428242,7.776814563508551e-05,0.10312703675638851,0.0007442249365771491,0.0006140479845860492,1.0273281894236657e-06,0.14118047772355877,0.00042450823949067527,0.02316187991664489,2.3506809023534713e-07,1.0815372727553527e-06,0.005673723249072291,0.6268658942180709,3.587759846745604e-06,1.1598059079933464e-05,1.8143805149803156e-07,0.0006168310772884176,1.5355990876902578e-07,0.00034996928225187855,0.004654464520123989,0.000705528591307675,0.0009836558821150275,0.01448242226986365
67,0.0012652874880257365,0.048298117627459426,0.0003403277195709198,4.100329777918797e-05,0.035981193396286484,0.0014087785040173989,0.0007399131776685225,9.895531568864932e-07,0.1059097555287594,0.00025873313145210146,0.012999610658090056,1.7037508250960945e-07,7.780730206195936e-07,0.00418112073920692,0.7656127082276857,3.31404179628086e-06,1.2821579430622347e-05,1.1585841521503411e-07,0.0006050848782847638,2.1809526066718777e-07,0.0002747122365926655,0.004595868631567745,0.0012948720350578423,0.0006866706509732866,0.01548783449535887
68,0.003385573188189589,0.08049365400477802,0.0008600526720049369,0.00011022791547745719,0.06847148721819937,0.0015236432591331053,0.001453256078517876,3.1398159032484087e-06,0.17501269068663355,0.00033700110362658016,0.019139491909104828,4.49767782934233e-07,2.716097912933403e-06,0.0051316790428181215,0.615058485733485,6.410272591082154e-06,2.509808992709919e-05,4.180908377014198e-07,0.0009949725469841034,3.3784814504223054e-07,0.00044140123242155635,0.0045570876136934065,0.001592316243418771,0.0007838594772513074,0.020614550091162413
69,0.0012917265734138385,0.04449942083461573,0.000593299735117317,2.9600703457085695e-05,0.019382484380580732,0.003084808894365505,0.0006398114687515716,1.5686637995526136e-06,0.0330416857837337,0.00024777016139142146,0.01933092935245404,3.7902165663293297e-07,1.6330212881056966e-06,0.0038484897262066327,0.8535121121443395,3.6683083054571403e-06,1.814167646545427e-05,1.1640074310609015e-07,0.0022887950328550613,4.869116108897355e-07,0.0007245058983863351,0.00829021747289174,0.0015890331447712977,0.00048636266914369136,0.0070929520196556396
70,0.000875306148384479,0.032379407903051736,0.0003745714009272148,0.00016335361608198041,0.06564187283528698,0.002119042002480061,0.0009065070002804946,1.6803466134601638e-06,0.4229228189520508,0.0003363575313834705,0.008633691605400043,1.2340324240313497e-07,1.2058560347373027e-06,0.005842858157236795,0.44186959198070985,9.369945692650274e-06,2.5714289048251485e-05,1.5275013097160098e-07,0.0002161722289742231,3.381378129717634e-07,0.00010953318023153751,0.0022487560239987715,0.0018193895754749388,0.0010947337341033392,0.012407451395367895
71,0.0026025600943596038,0.07702361070770582,0.0002305696795454817,4.6490494635481314e-05,0.07678617903252946,0.0005669592614747274,0.0007877057851934335,1.3761855678327487e-06,0.2762141309448032,0.00028940521534088484,0.014998370736986308,2.221617281580712e-07,9.5650978370896e-07,0.003636259497697745,0.5185548645709869,4.323264546318534e-06,1.182599660785127e-05,1.639586725506224e-07,0.0006322145079283499,1.4813931601288214e-07,0.00020503094098945889,0.003759421886990755,0.0012084702541517245,0.000657071671913846,0.02178166850054439
72,0.002090587999617801,0.05881485494983857,0.00039692700124979984,9.800072449132534e-05,0.06443619916136913,0.0014616020658625385,0.0009766685145268985,1.4912629351116484e-06,0.2375800614940614,0.0002877948868653876,0.014214709063659124,1.0627234448758297e-07,1.0631071218451192e-06,0.0019317547007776919,0.606417790536032,6.949432935262425e-06,1.1257340339305135e-05,1.0457351245654971e-07,0.0004317276597500419,1.3058665781134862e-07,0.0001798964106975067,0.0012110906254821216,0.0008084040774385462,0.0010033650684306765,0.007637462484003307
