,0,1,2,3,4,5,6,7,8,9,10,11,12,13,14,15,16,17,18,19,20,21,22,23,24
0,0.00017883502422269255,0.1268153083416127,0.00032984713590198533,2.2514595256550585e-05,0.04763347230961705,8.991473869078132e-05,0.0001399380780943028,3.41625054324167e-05,0.009153856743982404,4.074115076882553e-05,0.0017265231100469947,3.362244792308452e-06,1.7165970177019818e-07,0.0005884895639829028,0.7921818807695014,9.900277126532598e-07,4.423130266376773e-06,3.24947871078234e-07,0.01183953904391933,8.755424519337849e-10,7.179253119898e-05,0.00035420180219027537,3.127968767305412e-05,0.00020375348830152615,0.008554676493719483
1,9.384518988998815e-05,0.21118416822948158,0.0001338375334579448,3.4974503006165746e-05,0.025801989560309213,5.029283474159168e-05,0.00010815153491878346,4.251447968859629e-05,0.00693809109646791,0.00010156025335324445,0.0006264926962938483,1.4017212720505464e-06,8.738044894299375e-08,0.0004980537963888688,0.7191237227917529,1.0956763897490117e-06,4.155378704095283e-06,2.976907407412766e-07,0.014973749832045762,8.182647767206185e-10,0.0001363678325236414,0.0004781171067235446,3.7663024499970624e-05,0.0001550216509107738,0.01947434738772527
2,9.787342452208219e-05,0.17888976849779994,5.8837489687473614e-05,2.377984925010254e-05,0.01627132638658169,3.4358680800770094e-05,7.180679848312605e-05,2.4320292211685883e-05,0.001881713911123073,4.8596173205976024e-05,0.0005081893397203797,1.3445338127754447e-06,5.3828027072868493e-08,0.0003909654677309446,0.7769389889968973,7.42219210216443e-07,6.326068523402706e-06,3.513548023179435e-07,0.006717854291312056,4.755491404280649e-10,0.00011826308359480082,0.0005874266291070951,7.74203959709861e-05,0.00015654270578835337,0.017093149106287283
3,0.00013478529793074177,0.2821136538702523,0.00012224253208831677,4.5214788738450134e-05,0.02842433062939577,4.4676833295584665e-05,0.0001075362243399237,4.012020362395241e-05,0.0031939681973912784,8.033862273460329e-05,0.0008336709991613715,2.0903550835917124e-06,1.0453760653369543e-07,0.0005869753090123169,0.6515746941928195,7.89805187668012e-07,7.730634252281136e-06,6.279614973013752e-07,0.009085905403386637,7.832491745505289e-10,0.00015830066673135087,0.0006371277274699647,7.237782841046708e-05,0.00025983707861697557,0.022472899517723903
4,0.00012667605564412466,0.2996314265486093,0.00013774782221223498,4.552506813804403e-05,0.03335446564226683,5.0658612520129244e-05,0.00010948602889207176,3.522870013168973e-05,0.0032740827214715754,8.282039118897597e-05,0.0008467327640229721,2.1488908877948836e-06,1.3618883296661103e-07,0.000706492530386907,0.6324941215649772,7.89910203956165e-07,7.249037706661292e-06,6.346125380899828e-07,0.008354672901985915,8.134674666834369e-10,0.00014363460748284827,0.0006306750811402133,7.22384422551242e-05,0.00026485938954353935,0.0196274956734934
5,0.0001372563298854092,0.35479764801927566,0.0001288460991264936,7.194610821523745e-05,0.035188908105878505,4.9744869403128655e-05,0.00011822229654742749,4.888017525025337e-05,0.0028358892928497994,0.00010701856904907094,0.0009711536864564882,2.279949895254331e-06,1.3200331022216005e-07,0.0006961664189685051,0.5684916439627613,7.952595738998033e-07,9.392178313301496e-06,1.024386432924002e-06,0.008488140880702223,9.74535397921148e-10,0.00021027390937407032,0.0006719098064313865,9.944764510963245e-05,0.0003526386734968388,0.02652064039915758
6,0.00013478529793074177,0.2821136538702523,0.00012224253208831677,4.5214788738450134e-05,0.02842433062939577,4.4676833295584665e-05,0.0001075362243399237,4.012020362395241e-05,0.0031939681973912784,8.033862273460329e-05,0.0008336709991613715,2.0903550835917124e-06,1.0453760653369543e-07,0.0005869753090123169,0.6515746941928195,7.89805187668012e-07,7.730634252281136e-06,6.279614973013752e-07,0.009085905403386637,7.832491745505289e-10,0.00015830066673135087,0.0006371277274699647,7.237782841046708e-05,0.00025983707861697557,0.022472899517723903
7,0.0001664995990671319,0.47743890290534824,0.00022530072628622588,4.273588424146937e-05,0.017733995411252233,3.0123103774279263e-05,0.00020030384538396965,3.4544688585605303e-05,0.0052378688840640075,5.616924794139378e-05,0.0015069302630158724,1.7600531729593115e-06,2.877472248409145e-07,0.0004657952129651672,0.4736038346973482,3.376630960388384e-07,6.317497863862614e-06,7.377971040738933e-07,0.005601843084280373,1.2972883970249036e-09,7.001506314983958e-05,0.0004008365978551885,3.4266246170130626e-05,0.0004548234880472033,0.016685768995473364
8,0.00014737136568822158,0.3243384432778984,0.00014588112873791372,7.236825898380381e-05,0.025894426017455674,2.0070709021693688e-05,0.00011739924283516756,5.542248197516077e-05,0.0024269292847551877,0.0001227842875680346,0.0003252760285612196,1.401093877251874e-06,1.0728905563114669e-07,0.0005517026741288494,0.5886302250717276,9.059386842112952e-07,1.0871966220210739e-05,4.7637592751753287e-07,0.006637250926079397,6.760470198822463e-10,0.00016920755246918482,0.00044879404802321174,9.803376374581499e-05,0.0005661393441092338,0.049218511196424494
9,0.00013311252201907316,0.4595992553742581,0.0003193559117119664,8.246963843388318e-05,0.03207176253666636,1.5799792561105337e-05,0.0001302893413021569,5.981158354231717e-05,0.004721182131761531,0.00011395937144715382,0.00044737031526881414,1.3608953901612632e-06,2.318524309650701e-07,0.0004912465271428672,0.4510548442140382,4.657262042000213e-07,9.795559100487394e-06,4.885496763187967e-07,0.005318637695786306,9.050765325304505e-10,0.0001089080172274812,0.00028730015822275195,4.470674182501007e-05,0.0009293802101808213,0.044058264428725666
10,0.00013478529793074177,0.2821136538702523,0.00012224253208831677,4.5214788738450134e-05,0.02842433062939577,4.4676833295584665e-05,0.0001075362243399237,4.012020362395241e-05,0.0031939681973912784,8.033862273460329e-05,0.0008336709991613715,2.0903550835917124e-06,1.0453760653369543e-07,0.0005869753090123169,0.6515746941928195,7.89805187668012e-07,7.730634252281136e-06,6.279614973013752e-07,0.009085905403386637,7.832491745505289e-10,0.00015830066673135087,0.0006371277274699647,7.237782841046708e-05,0.00025983707861697557,0.022472899517723903
11,0.00013726909097399014,0.29835579762481335,0.0001286579708347952,4.617023577384548e-05,0.028883005506088983,4.544318537250246e-05,0.00011099234653230838,3.932810620676161e-05,0.0032310276727901396,8.094801895432872e-05,0.000859554555541568,2.1623354595699126e-06,1.2118112653289536e-07,0.000616669227894554,0.6356958508957306,7.68537349498086e-07,7.954381922052163e-06,6.663522273575076e-07,0.008652734349737993,8.341595710571517e-10,0.00015138164514798616,0.0006447016724046397,7.31794980534419e-05,0.0002747612528702605,0.021960853522033395
12,0.00017085280297381972,0.3595156500710167,9.68006704755086e-05,5.658878038779193e-05,0.05340124485374064,7.179865151751888e-05,8.30179663766166e-05,3.113194888906163e-05,0.000999665262444799,9.292855415994858e-05,0.0008408889201203469,4.356855692405492e-06,1.3557352286974492e-07,0.0013127841428303589,0.5542379093960564,1.080619147785304e-06,1.482089140681727e-05,1.6075259099349413e-06,0.00642682197385806,7.292287348507751e-10,0.00023988251791341345,0.0014354644872041431,0.00022400543847192077,0.0003087248013714073,0.020431836565282843
13,0.0001714961416318699,0.16432387765115658,0.00017442102831489005,2.7838299882298986e-05,0.026398738069372662,3.452686004771244e-05,8.305457154193723e-05,3.7360645588776355e-05,0.0034157630540835784,2.3783423580446047e-05,0.0019612263599503637,6.613249447365286e-06,9.080971525355904e-08,0.0006525516502156612,0.7767855540905682,4.325355023445842e-07,1.0900962299471352e-05,5.289102112625773e-07,0.009831420774511102,7.025541901165876e-10,0.00016140461202425213,0.0008276033930069204,4.742173847018667e-05,0.00014509789637499895,0.014878292569947679
14,4.109777307242839e-05,0.5843948027238017,7.881223662445339e-05,4.1308697903557656e-05,0.033673589406052105,4.198987398579832e-05,6.894577538469811e-05,2.8222667993770543e-05,0.003445742221986575,0.00016149293890500429,0.0006188048387505599,5.773869593016557e-07,1.3722558979705091e-07,0.00037946397166929046,0.3592817568158508,3.6275422846248383e-07,3.5561501465943708e-06,5.478137391477678e-07,0.006235625720025788,5.64082846588728e-10,0.00011179281563140273,0.0004023555439578104,3.125010335449412e-05,0.000264077130452864,0.01069368684985075
15,0.00013478529793074177,0.2821136538702523,0.00012224253208831677,4.5214788738450134e-05,0.02842433062939577,4.4676833295584665e-05,0.0001075362243399237,4.012020362395241e-05,0.0031939681973912784,8.033862273460329e-05,0.0008336709991613715,2.0903550835917124e-06,1.0453760653369543e-07,0.0005869753090123169,0.6515746941928195,7.89805187668012e-07,7.730634252281136e-06,6.279614973013752e-07,0.009085905403386637,7.832491745505289e-10,0.00015830066673135087,0.0006371277274699647,7.237782841046708e-05,0.00025983707861697557,0.022472899517723903
16,0.0001432238003024969,0.36348738837063943,8.601309692363885e-05,7.064246405206322e-05,0.02478794444265766,6.68520461331255e-05,0.00013987355767369934,5.633845191041114e-05,0.0025529784741075306,0.00018823130181883156,0.000917106645781498,2.3056114430916703e-06,8.452835883876542e-08,0.0006852774214408238,0.5655775824718448,1.405489753975344e-06,8.789849621665077e-06,1.3927085544852003e-06,0.011213742989362998,1.187579684315244e-09,0.000412825611756558,0.0010258714502548486,0.00010857222111013942,0.0002619771647302308,0.0282035786421876
17,0.00021458942766324594,0.36932381000608944,0.00018099561122603434,0.00011786313674566372,0.04360482092334634,6.583881507098831e-05,0.00016272686883211297,5.364956261547342e-05,0.0024862006395020056,0.00011512226681304582,0.0011153215267839082,4.438501692034697e-06,1.8435243145311724e-07,0.0015669403632615193,0.5303513726488986,1.2217405465604116e-06,1.1100711219643211e-05,1.535261241043709e-06,0.009186426976994296,1.4758300475759785e-09,0.0002765949046011984,0.0008886630963876109,0.00018166226044045707,0.00034868125692920924,0.03974023766483782
18,0.0003505334615728785,0.4048112356846297,0.00013801826236656777,4.906014087930148e-05,0.019590626979073992,2.0921776500705852e-05,0.00012772080967874484,5.060978109856068e-05,0.0016601517855492642,8.03108690997948e-05,0.0005893420120148411,4.4006013280353895e-06,1.3247167205549233e-07,0.000635274708775743,0.517887234627103,6.678397675792735e-07,2.413154860092913e-05,1.453522283184699e-06,0.0071143322162233805,7.467785309639144e-10,0.0001966013207676996,0.0012542793144551792,9.801980982276544e-05,0.0005862846585872663,0.044728655051370164
19,0.00010798864899294713,0.32562948386676344,0.00027910735103845217,5.986799958386444e-05,0.05711481966954376,5.063887252854228e-05,9.969197805375065e-05,5.481231137065772e-05,0.006090482099925355,0.00010901308274683347,0.0009394400173586452,3.2499599279534912e-06,1.9933066119118136e-07,0.000883478624407589,0.5758118711759844,6.82070250766189e-07,8.168843800795699e-06,5.878900388415165e-07,0.010286781057156103,1.088427932711568e-09,0.00014999171472677766,0.0007313718328134898,4.488894463986353e-05,0.0002898883368674981,0.021253493232390636
20,8.373886870905982e-05,0.24817043981207085,7.998110562063045e-05,3.1531467099198025e-05,0.02539564025148049,2.7516443371735263e-05,6.14772398671889e-05,5.2458949376653516e-05,0.0026622068703404307,8.006267678991439e-05,0.0005073457267395767,1.6849636194802048e-06,6.537277713292979e-08,0.0003866328695108119,0.6947728722049196,5.748718443222485e-07,1.0115993333505652e-05,4.534193158446161e-07,0.009130997936696505,5.849101670158281e-10,0.00016455097745318994,0.0010501490715468832,5.6311429208064804e-05,0.0002188188902456626,0.017054372003153222
21,0.0002866985579717141,0.29066752440956395,0.00021550752381148188,7.838986615619311e-05,0.0366531134947834,9.213243493355183e-05,0.00023210316810912547,4.221502791057081e-05,0.003043783212121846,0.00011706815765540868,0.0012657406529378147,5.510433291649686e-06,2.191768321715417e-07,0.0013499226216367169,0.6245523869246941,2.0977743945689797e-06,8.659857256624438e-06,1.24585366096826e-06,0.00986939124038667,1.6735367570827613e-09,0.00023778232607942498,0.0006932816616250868,0.00014781977904115406,0.0003329172655468948,0.0301044869060622
22,0.00019250867703442845,0.2579904752387512,0.0001371845979742247,4.8307588456361035e-05,0.031032577963272575,6.659145138226323e-05,0.00012320795189319276,4.6428031549205905e-05,0.0026629794143707606,8.287173840538255e-05,0.0013829659735401817,3.455390868933601e-06,9.725580329581505e-08,0.000677274947049943,0.6743412870571301,1.1001536458485713e-06,1.1591586145745005e-05,1.2237536689212408e-06,0.009157599864552156,1.0140369673760033e-09,0.0002692261327554453,0.0009204650956940144,0.00010255436377883527,0.0002946619221696537,0.020453362836070375
23,0.00013478529793074177,0.2821136538702523,0.00012224253208831677,4.5214788738450134e-05,0.02842433062939577,4.4676833295584665e-05,0.0001075362243399237,4.012020362395241e-05,0.0031939681973912784,8.033862273460329e-05,0.0008336709991613715,2.0903550835917124e-06,1.0453760653369543e-07,0.0005869753090123169,0.6515746941928195,7.89805187668012e-07,7.730634252281136e-06,6.279614973013752e-07,0.009085905403386637,7.832491745505289e-10,0.00015830066673135087,0.0006371277274699647,7.237782841046708e-05,0.00025983707861697557,0.022472899517723903
24,0.000103121114698523,0.4449842045266542,0.00014249551212263696,8.984150176027411e-05,0.045851375153668425,5.966408920353547e-05,0.00011350931748022496,4.495995835031743e-05,0.0031722166190297565,0.00014150084726542364,0.0008855324717620479,2.232566539582888e-06,1.7706297723642735e-07,0.0010669939350532091,0.4673382766809171,8.045567794545179e-07,6.701427346942375e-06,9.558393092425972e-07,0.009573377843087713,1.1501479076746921e-09,0.0002008200668862361,0.0006898083748293224,8.675587642159017e-05,0.0002641767184664197,0.025180496789242765
25,0.00027399243325176056,0.31359724716856563,0.00025810934534443856,0.00011417658620378283,0.036002055436436364,4.139590455716697e-05,0.00024709712594690384,0.00011541680621045549,0.003700784163157112,7.596655936929518e-05,0.002563247465841674,6.272712807534637e-06,2.1867142460449016e-07,0.0008950962029884717,0.5999276652192236,9.039416381124252e-07,1.804991686851806e-05,1.4746610425770096e-06,0.014025410157159936,2.2963331357081986e-09,0.0002859315948638941,0.0008521715116361376,0.00011940140302646785,0.0004827752779300535,0.026395137438172393
26,0.00034931337259449803,0.38319321083296903,0.0002377549624424719,5.160346590362708e-05,0.026807218779304795,2.3688890115463878e-05,0.00014678274253541234,6.944293268291452e-05,0.0033458689256637177,7.10115810687148e-05,0.0009899403159586958,3.1031835031723722e-06,2.1970299960543513e-07,0.0003628485743204459,0.5483929945464725,4.902457079067641e-07,2.529547971257329e-05,1.396658397623076e-06,0.005781816463380875,9.36443601825581e-10,0.00012867469060719508,0.0007091544118730751,7.326161454159368e-05,0.0011835883390193852,0.028051318351781006
27,9.903445106574597e-05,0.1938901793658016,7.95299307956319e-05,2.3940325189004245e-05,0.015481975384132892,3.826130520229667e-05,7.39482984959584e-05,3.469302007055781e-05,0.00403487958355547,6.796246942119866e-05,0.00048049293207187287,1.1258823243547977e-06,4.8625743430781444e-08,0.0003053233472388896,0.7547127106709994,7.022688132364179e-07,5.2650401218605894e-06,3.5006388774507413e-07,0.008172157251961406,6.127771220956152e-10,0.00011277973789987593,0.0006639345424732339,4.3676856051675727e-05,0.0001616085601097673,0.021515419473795698
28,0.00013478529793074177,0.2821136538702523,0.00012224253208831677,4.5214788738450134e-05,0.02842433062939577,4.4676833295584665e-05,0.0001075362243399237,4.012020362395241e-05,0.0031939681973912784,8.033862273460329e-05,0.0008336709991613715,2.0903550835917124e-06,1.0453760653369543e-07,0.0005869753090123169,0.6515746941928195,7.89805187668012e-07,7.730634252281136e-06,6.279614973013752e-07,0.009085905403386637,7.832491745505289e-10,0.00015830066673135087,0.0006371277274699647,7.237782841046708e-05,0.00025983707861697557,0.022472899517723903
29,0.00013478529793074177,0.2821136538702523,0.00012224253208831677,4.5214788738450134e-05,0.02842433062939577,4.4676833295584665e-05,0.0001075362243399237,4.012020362395241e-05,0.0031939681973912784,8.033862273460329e-05,0.0008336709991613715,2.0903550835917124e-06,1.0453760653369543e-07,0.0005869753090123169,0.6515746941928195,7.89805187668012e-07,7.730634252281136e-06,6.279614973013752e-07,0.009085905403386637,7.832491745505289e-10,0.00015830066673135087,0.0006371277274699647,7.237782841046708e-05,0.00025983707861697557,0.022472899517723903
30,0.00013478529793074177,0.2821136538702523,0.00012224253208831677,4.5214788738450134e-05,0.02842433062939577,4.4676833295584665e-05,0.0001075362243399237,4.012020362395241e-05,0.0031939681973912784,8.033862273460329e-05,0.0008336709991613715,2.0903550835917124e-06,1.0453760653369543e-07,0.0005869753090123169,0.6515746941928195,7.89805187668012e-07,7.730634252281136e-06,6.279614973013752e-07,0.009085905403386637,7.832491745505289e-10,0.00015830066673135087,0.0006371277274699647,7.237782841046708e-05,0.00025983707861697557,0.022472899517723903
31,0.00017231825404262418,0.4980970019488251,0.00024388752196503267,9.265962557930702e-05,0.0521466963080396,2.620231920938956e-05,0.00010832363648685233,9.36265352138935e-05,0.0035355377792163837,0.00014583533215330486,0.0006185661573592028,2.9685844939846824e-06,2.3254605210170076e-07,0.0007697911432008145,0.39844480719067754,6.530599842498804e-07,1.4885222662892914e-05,1.0264977359420328e-06,0.010334082430848743,1.138343273566186e-09,0.00018386928427349187,0.0007512325549808782,6.487794823560527e-05,0.0006636699561521359,0.03348724702426758
32,0.00012369107816896817,0.25905524417883163,0.00011011133299605219,3.904459427906818e-05,0.026353287384368006,4.1862436852176754e-05,9.74583861166576e-05,3.9708411384735305e-05,0.003362474087246447,7.759495394102513e-05,0.0007403566989615743,1.8990660944108777e-06,9.108500968857717e-08,0.0005336086486212485,0.6771612236104196,7.89045853999268e-07,7.272381436439583e-06,5.236421150146522e-07,0.010122421387937505,7.14529117099618e-10,0.00015358521215633832,0.0006462010628791424,6.290382646346158e-05,0.00022175802506678967,0.021046888748270834
33,0.00013525424940901136,0.4934289224426838,5.9566862883302535e-05,3.293429805657833e-05,0.04160351490742343,3.5101433641316894e-05,6.082396811853205e-05,3.697263642547769e-05,0.0007781986005605858,7.718440093995371e-05,0.0005891174033277486,2.926444135554288e-06,1.676796428896116e-07,0.0008186350284281377,0.4429072255649667,5.861209649948946e-07,1.8211073408026798e-05,1.1990030683881323e-06,0.007417503301880443,6.644230767852685e-10,0.0001277950715476159,0.0023658693352307312,0.00012057105656171653,0.0002931902564705889,0.009088528195801462
34,0.00012339224844548044,0.17824535441273187,0.00012197196386295699,1.8645684094649362e-05,0.013967538729079075,3.539882865115194e-05,9.858737307439495e-05,2.9204997357482e-05,0.00872078406097981,5.364451029005458e-05,0.0005334144848838327,9.963428870858675e-07,6.273089798647407e-08,0.0003042540591259324,0.7654115860522718,6.306634090117536e-07,3.1304993167477048e-06,2.1768715796281197e-07,0.01184562113296894,5.285267587018605e-10,7.937584811210254e-05,0.00036399917496178084,1.9853120598007703e-05,0.00013895742007690714,0.019883377446238318
35,0.0003981519867355771,0.4789928897869889,0.0001862924781085052,9.503207739981569e-05,0.017574639590947842,2.9611398017575907e-05,0.00016107786912991116,0.00020691278470851655,0.010576018715743929,0.0002426912839824278,0.000741759871455599,3.56808167452139e-06,1.5304563030833652e-07,0.00032369270002365557,0.38986698135214587,6.302849724033716e-07,2.0660156803681258e-05,2.4222836652738636e-06,0.019430488647899695,2.0426738234251345e-09,0.0002649223227847981,0.0014544628559639574,3.4579917627837724e-05,0.0006354701609493763,0.07875688830396628
36,0.00017204019915550474,0.20391058040143126,0.00021566758924262722,3.054668393955775e-05,0.04222701966455327,1.0051934834094394e-05,4.908349419833312e-05,8.073602275369161e-05,0.003964338839020152,6.456693516743289e-05,0.00025406991979198216,5.4656207099162485e-06,1.4030088464116454e-07,0.0005225400823801406,0.6965070368446952,6.272434563039497e-07,2.688465188794325e-05,2.08634762523992e-07,0.01844502611801276,4.472985949666984e-10,0.00011908418200953986,0.0009396802881375066,3.038038617315796e-05,0.00030934282473825777,0.0321148806907656
37,0.0007230623694692339,0.40742782034600544,0.0002522811341665942,5.048048310218429e-05,0.027389702385350045,3.83870375108517e-05,0.00023406112651489096,4.011765324331111e-05,0.002044093872426843,4.939171457369382e-05,0.0013949671512899899,6.5748996465409425e-06,2.1707368222175597e-07,0.0011484026825312901,0.5177842275967446,8.562042258498819e-07,1.607142085430721e-05,1.8317993675655653e-06,0.008701809383900272,9.800905189276907e-10,0.00015763533754354383,0.0009054945472906068,9.982316606416612e-05,0.0005861107843232852,0.030946578850082222
38,0.00015918503016651463,0.1128270359834348,4.4850801935979115e-05,1.3018637721841356e-05,0.00907348363709527,8.559381007863241e-05,0.00015121346655846092,1.1487922610921479e-05,0.0015242038302593767,3.412976338760936e-05,0.0009582292718864596,1.26689983930939e-06,3.5953060136054194e-08,0.0003834907164921946,0.8582680061765797,1.5226920489872891e-06,2.8009324512969158e-06,4.437848493791117e-07,0.0059137294068584345,4.885558965754559e-10,0.00011130348669145245,0.0004467389522979301,9.952521097847767e-05,0.00010151804418396069,0.009787185099976854
39,0.00014332191635548197,0.1335708215486023,0.00014397944696345163,6.839789930646343e-05,0.04322193736718506,8.55619813926012e-05,9.807381711403223e-05,8.275407777250919e-05,0.00410086650341052,0.00012972170172303787,0.0009636365408854247,4.189931367132858e-06,5.772890806590878e-08,0.0006691579849023569,0.7649329013158328,2.448619606809315e-06,9.266269810493657e-06,7.10733035472432e-07,0.01852586335502786,1.2197736390965166e-09,0.0004790713302101034,0.000707392634245921,0.00010834761231525741,0.00018289770949261966,0.031768620754760446
40,0.00025882862508965447,0.24521671914091983,0.00010389884198465919,1.4286360396423156e-05,0.01589689488486885,4.410909037571051e-05,9.240366555438202e-05,1.9430805651880328e-05,0.002191371664334235,3.303841397782327e-05,0.0007909517140904972,3.0853986077600455e-06,5.7147746876315996e-08,0.0006547060041302778,0.7081778030294852,6.29326184487014e-07,7.149560484010448e-06,6.801334571076964e-07,0.007929440246803162,4.819819037755647e-10,0.00011929962699669595,0.001409615713832125,4.838680440706476e-05,0.0001459711638794754,0.016841242154760072
41,0.0001802991993433086,0.3109865117643456,0.00011484770441310623,5.3822315793421144e-05,0.02656345271709758,4.550828085582841e-05,0.00013154700969553198,4.579167967967635e-05,0.002485038005180274,7.985472063538935e-05,0.0010557960483606591,2.887692668557861e-06,1.1831891089082522e-07,0.0006616764307970157,0.6222512840495101,8.52910321808106e-07,1.0582425992066388e-05,9.554853567022848e-07,0.00955720719830797,9.569720397377495e-10,0.00018945524028144233,0.0008157768343833781,0.00010186340458916414,0.0002967765622885237,0.02436809304421972
42,7.618189111306735e-05,0.12563596816275033,4.2826110150671725e-05,1.4777558301885757e-05,0.012297795781174731,2.0074313457962475e-05,4.919776081851423e-05,5.5203681147665655e-05,0.0023001539299745467,5.79875331120107e-05,0.00035064903278088523,1.1703041113318159e-06,2.184018079182752e-08,0.00018234829188404326,0.8306568090184944,9.184576998036688e-07,8.458023129904755e-06,2.020177819238757e-07,0.014757549664197692,4.712305411073083e-10,0.00016933747505643563,0.001052344956607427,4.01993984960303e-05,0.00010596031277344603,0.012123864013574025
43,4.359761892192911e-05,0.17869201884693175,3.956443490786833e-05,3.482688869925487e-05,0.033814481807500595,7.417189324124942e-05,4.5334580328690806e-05,5.611040406194131e-05,0.003112986481437809,0.00022386285563257623,0.00041972348434823155,8.830095173629769e-07,2.9832897149535346e-08,0.00028796038044289103,0.7531667064912314,1.4972353891465748e-06,5.905589018259679e-06,4.182866246606418e-07,0.013669964813476205,5.239909971596783e-10,0.0003516844611714945,0.0009071014397843518,6.833653809392256e-05,0.00012960570310712263,0.014853226399243039
44,0.00013478529793074177,0.2821136538702523,0.00012224253208831677,4.5214788738450134e-05,0.02842433062939577,4.4676833295584665e-05,0.0001075362243399237,4.012020362395241e-05,0.0031939681973912784,8.033862273460329e-05,0.0008336709991613715,2.0903550835917124e-06,1.0453760653369543e-07,0.0005869753090123169,0.6515746941928195,7.89805187668012e-07,7.730634252281136e-06,6.279614973013752e-07,0.009085905403386637,7.832491745505289e-10,0.00015830066673135087,0.0006371277274699647,7.237782841046708e-05,0.00025983707861697557,0.022472899517723903
45,0.00017174380045874621,0.46460741863268534,0.00010260430414979634,8.752785685617005e-05,0.026464783860377514,6.545804381591972e-05,0.00010938582421813937,3.4102992619200485e-05,0.0021313374531987347,0.00011674999219675453,0.0011017524434511921,2.7703864781761092e-06,9.761772695397915e-08,0.000941569104030168,0.4518734155912592,7.58916607870087e-07,8.788545453515884e-06,2.0561885479796296e-06,0.007369543692772798,9.991537738782928e-10,0.00032613440032603096,0.0008584913990988289,0.00012202647248424204,0.0002583432602142298,0.04324313822181865
46,0.00034407399883413646,0.31869888722754497,0.00013114288316282534,5.533327234559329e-05,0.030034879107464878,9.965759562379876e-06,6.371814528324953e-05,0.00013846416987358865,0.0013163999225530051,5.9779744287952814e-05,0.0007418848896647314,6.659804798471885e-06,1.716737283377967e-07,0.0002666779567148228,0.6089139154251749,4.5060570119278603e-07,0.0001224367855564767,1.313408662185136e-06,0.008060636144084395,8.298018470664997e-10,0.00022671821076086316,0.001604867600745358,0.00011139245072110602,0.0011642494785568354,0.027925980504415873
47,0.0006627149713788674,0.2673235348736701,0.00010711582538920985,1.9261577612614244e-05,0.011208096101155203,3.1828682764448956e-05,0.00013149500446330863,3.787874908482617e-05,0.0017253859794393092,4.297906934089277e-05,0.0008300272932528671,6.761954515317713e-06,8.524302885564444e-08,0.0004558920377230123,0.6786117766595782,9.398404817209127e-07,2.0667420805291407e-05,1.3324514704025241e-06,0.009146271669482328,8.342537817605343e-10,0.0001612123703057653,0.0019461654236237844,6.936146054493678e-05,0.0003032735798451498,0.02715594092678979
48,0.0001054676154210374,0.3795053514108441,3.87897806559603e-05,2.2341047389296387e-05,0.015239424365760671,9.099766731035266e-06,6.791815288297598e-05,6.124064261111332e-05,0.0012298557634249957,8.22239840308377e-05,0.00024260431801469175,1.071828506935646e-06,9.008007702317788e-08,0.0002524416712155399,0.5754186033197414,5.329585782838017e-07,2.0114846766711593e-05,3.1520855324733745e-07,0.01353354560965954,4.3228103523761124e-10,0.00010099524414438665,0.0012561095215837346,5.652980200793657e-05,0.00030618750418256796,0.012449145124935095
49,0.00015193066003677268,0.24706616048055666,0.00016075012743262685,4.652877074191964e-05,0.04031845672667159,7.265551928560531e-05,9.982795169454415e-05,4.271050338993522e-05,0.0032982116033892306,7.782138279461352e-05,0.0011917494950394144,4.310308834107314e-06,1.2432404614723942e-07,0.0008342522699831798,0.6762357735982261,9.412843494139529e-07,9.523603327804517e-06,9.110381412071197e-07,0.009239843232259643,1.067944848839979e-09,0.0001950557505839997,0.001026822633342871,8.566333558457454e-05,0.0002222143018442453,0.01961776003049918
50,0.00010582291502886372,0.3348211636668749,0.00010426336508765768,4.259694218686508e-05,0.024547310965288283,5.3755950050856395e-05,0.00019122367051643182,4.219489514070113e-05,0.00546001798019539,0.00019830794611394654,0.00037678929342527457,8.969911073106461e-07,1.0017735817342984e-07,0.0008298426071145954,0.5894931093947887,1.6468886647771957e-06,2.8898486336881105e-06,3.2503500676094205e-07,0.019799634219803363,8.385872942903598e-10,0.00012518177865130484,0.0006841758132865438,4.8509749664208036e-05,0.00016080019895517404,0.0229094388684688
51,0.0001553729680953915,0.47430304075285523,0.00015794135777877233,0.00010240194650121132,0.032330420197364554,5.993399015633629e-05,0.0001902879418918667,6.709839455916476e-05,0.003561058058635018,0.00014343316852904174,0.0015084873889482443,3.024508420640744e-06,1.677398733989353e-07,0.0009847841098372038,0.4495172024673557,6.581311256756283e-07,8.568203837788125e-06,1.987944219155415e-06,0.00956710190851718,1.5745903163011662e-09,0.0002872838068017795,0.0010711462073570357,8.93171364119837e-05,0.00034523445657477314,0.02554404563976223
52,0.0002556732003489618,0.2991300771482786,8.668457885509653e-05,4.84657073764299e-05,0.01495561108316858,0.0007807476141844709,0.000329708267274438,1.4897544182641401e-05,0.0039983196096056535,0.00011056424099819049,0.00446617841135414,2.1033278527528684e-06,1.4364258499641315e-07,0.0008377640224273924,0.6561734446141454,1.551618652336496e-06,2.8542810031330474e-06,7.732559033851108e-06,0.002938458168042562,2.9651806650513293e-09,0.00019205112860503604,0.0010946525528738257,0.00022557348411249064,0.00022059728600955632,0.014126142943848874
53,0.00013544018273542376,0.15975538987645155,7.00238516346182e-05,2.619770069188917e-05,0.005332226201165849,5.178866277143759e-05,0.0002851808538995172,1.7431442401137208e-05,0.0028050941677926914,3.858409132400099e-05,0.0011726870291853175,7.540460809739136e-07,5.998701429789694e-08,0.0002933826100987275,0.8079747321919195,9.828038248846684e-07,2.81210868269394e-06,4.811810422129695e-07,0.004199360488677856,1.0705365411776955e-09,8.045803533060851e-05,0.00029600261802721617,0.00010380237037420986,0.00019279531790398103,0.017164331110432973
54,0.00015151984886300202,0.30458802176349786,9.073859112053639e-05,2.672590070814335e-05,0.01005127307979783,4.475722443825732e-05,0.00016495176147142767,1.3318075261687604e-05,0.002844770646184757,7.874216298071666e-05,0.00033648655672134116,1.1895828907544588e-06,7.814587266297779e-08,0.0008186229064424275,0.6375309460688344,1.2661861177170974e-06,2.341533402331539e-06,3.0984137947481067e-07,0.007016178820848612,6.794902543096427e-10,8.464575485276608e-05,0.0004708745685176487,5.693290188769629e-05,0.00012026341227827055,0.03550504398613948
55,0.00035185296654964646,0.4225387653671108,0.00035796956282755824,7.497027655603019e-05,0.02516532121630759,4.267275007211965e-05,0.00018914126626638116,5.827732872516759e-05,0.008529288799714683,8.29707678559681e-05,0.0014283664521109964,5.5173688691622555e-06,3.20766623590311e-07,0.0006791562668481082,0.48184839283842695,4.986557599294599e-07,1.058600209917268e-05,1.4822628161166862e-06,0.008890762614657119,1.7521759707293368e-09,0.00012575037980633536,0.0006047941916309005,4.061313579409574e-05,0.0004999630955950481,0.048472563914800294
56,0.00013420263040976317,0.30005616621760417,0.0001302078958242123,4.532396777706492e-05,0.02906587377736352,4.392491890295607e-05,0.00010927068050390623,3.9964496598610885e-05,0.0033285453151233706,8.052021315477505e-05,0.0008490393856045652,2.1028834094297325e-06,1.2569785345752618e-07,0.0005907445413179154,0.6346073011551457,7.465841623479146e-07,8.010442722041393e-06,6.430153385378599e-07,0.00870243126765423,8.390912004866983e-10,0.0001456879507899149,0.000629719593184101,6.94116188528654e-05,0.0002811688274603692,0.02107886608415099
57,0.00011229055928046234,0.22710312245714714,0.00021531336622988102,4.10846110418217e-05,0.06336176330922685,2.9758825951962076e-05,4.9045138053591896e-05,8.63637289772893e-05,0.005436012877208223,0.0001132225552445297,0.0005101116853395037,4.9475828553254335e-06,1.218936105622763e-07,0.0006286563449099872,0.6574885652160958,8.552596210706189e-07,1.7098012598545614e-05,3.7564790812256295e-07,0.020225322642957896,7.104238696765988e-10,0.00022039930482744456,0.0010958415081683448,3.3427947442600554e-05,0.00022413615617734726,0.023002162658702002
58,0.00013930077692647988,0.3022867645112812,0.00012624386412492892,4.276686690529763e-05,0.027925410719241903,3.57956070085468e-05,0.00010554594294227275,4.22232377009867e-05,0.0028951891690754857,7.761753188128362e-05,0.0007865323091261143,2.0267272673575147e-06,1.1608248988396093e-07,0.0005108313864460812,0.6344853556819317,6.882610491098178e-07,9.667151505096843e-06,6.544255950864122e-07,0.007975536864048033,7.315565819909398e-10,0.0001489496143501826,0.000641387608903068,7.247872347825829e-05,0.00034390633739375475,0.021345009867771256
59,0.00015519044455532515,0.30237519649317834,0.0001619908058458096,4.668611970994669e-05,0.03035844856377359,3.4513825594057806e-05,0.000113494589744183,4.618424599896378e-05,0.0031247079572594622,7.660553291124172e-05,0.0008364264950759617,2.2574139185953185e-06,1.2819818806580246e-07,0.0005300021561267346,0.6300197116945399,6.952090041459669e-07,1.0521745528859435e-05,7.080041913174103e-07,0.007566093663619668,7.913800193390543e-10,0.00015384738907852816,0.0005995662714645003,7.144751904102303e-05,0.00042193215671358956,0.02329364271355826
60,0.00013478529793074177,0.2821136538702523,0.00012224253208831677,4.5214788738450134e-05,0.02842433062939577,4.4676833295584665e-05,0.0001075362243399237,4.012020362395241e-05,0.0031939681973912784,8.033862273460329e-05,0.0008336709991613715,2.0903550835917124e-06,1.0453760653369543e-07,0.0005869753090123169,0.6515746941928195,7.89805187668012e-07,7.730634252281136e-06,6.279614973013752e-07,0.009085905403386637,7.832491745505289e-10,0.00015830066673135087,0.0006371277274699647,7.237782841046708e-05,0.00025983707861697557,0.022472899517723903
61,0.00014490525999150602,0.29602131222104083,0.000166150272052633,4.457444677557576e-05,0.03137743218872072,3.611349650329404e-05,0.00010599084337552913,4.266344049077503e-05,0.00333004761389315,7.180879891221724e-05,0.0008731176079746137,2.3579412627590367e-06,1.2455001230824056e-07,0.0005621632615503228,0.6354603290987865,6.714559521365619e-07,9.531857311606963e-06,6.377432116295455e-07,0.008004660739515333,7.755490415205627e-10,0.0001499130006689808,0.000592031872256343,6.402190332038831e-05,0.00035207069159643,0.022587368919275392
62,0.00013478529793074177,0.2821136538702523,0.00012224253208831677,4.5214788738450134e-05,0.02842433062939577,4.4676833295584665e-05,0.0001075362243399237,4.012020362395241e-05,0.0031939681973912784,8.033862273460329e-05,0.0008336709991613715,2.0903550835917124e-06,1.0453760653369543e-07,0.0005869753090123169,0.6515746941928195,7.89805187668012e-07,7.730634252281136e-06,6.279614973013752e-07,0.009085905403386637,7.832491745505289e-10,0.00015830066673135087,0.0006371277274699647,7.237782841046708e-05,0.00025983707861697557,0.022472899517723903
63,0.00013003353880049792,0.30932838297121235,0.00011282561913777815,4.011360802556297e-05,0.02415880070707872,3.897555520474034e-05,0.00010434681395146175,3.684091041953691e-05,0.0031190240150049692,7.48630301323424e-05,0.0007901142251159199,1.7760973259687878e-06,1.0613437744694449e-07,0.0005105810536006886,0.6311749501933184,6.641197978045187e-07,7.506239385319225e-06,6.0589652714527e-07,0.008168211287250544,7.536639856500998e-10,0.00013744977882979888,0.0006236756454917586,6.348393875206991e-05,0.00026776321019765607,0.02110890465739771
64,0.00012500242077059852,0.25584854813987395,0.00010591135944684632,4.502238607904661e-05,0.028026176400369626,4.320095108046192e-05,9.492335927512374e-05,4.3217502456095e-05,0.0027565396242484204,8.31733592932639e-05,0.000866858724475179,2.1559945442954615e-06,7.646338124532779e-08,0.0005278240425728922,0.6778007480946051,8.463219347676087e-07,8.499746810667251e-06,6.616465137824183e-07,0.009680863970223635,6.987447355960115e-10,0.0002339241939612599,0.0006449528635990482,7.584126445032799e-05,0.00024726223188399187,0.022737768239405622
65,0.00013510999306188122,0.1456695302357242,0.00014252948814839935,0.00019436434843687496,0.2729510347289921,0.0008807930957450044,6.949769165384436e-05,3.190826774599516e-05,0.0011207748348771032,0.00024498117857950645,0.0022721136598734537,2.4116528879808757e-05,8.227897240708535e-08,0.007770499891267605,0.5163917683382586,6.483191168010672e-06,7.781932380967964e-06,4.304451653470007e-06,0.016902154687612296,1.349412039994785e-09,0.001964959537249859,0.001615847448811272,0.0005565014250066426,6.868739550755004e-05,0.030974174020980988
66,0.00013931627797224495,0.24922286922171427,0.00036425981599995003,9.898565116054973e-05,0.062498134146649356,0.00017196872654238682,0.0002598780348713253,0.00010934987283607165,0.0280910265175318,0.00048714220442825387,0.0007245806182403982,3.702079438225391e-06,2.9087763024757285e-07,0.0017053115385974949,0.5541510313692194,4.951027415183552e-06,2.9230623799335985e-06,3.8337286368555764e-07,0.0683719723187378,3.606676927824482e-09,0.00020712539105330875,0.0007083646923229388,3.2066165053582524e-05,0.00010656038181279314,0.03253780302885185
67,0.00013775270336196458,0.1878176560118174,0.00012195197507252275,5.027984237203057e-05,0.025706684780243266,9.649916878374012e-05,0.00013920444346015925,1.7631900912155527e-05,0.0016508071616924411,5.2267887553316554e-05,0.0011261885730119233,3.0661725653315684e-06,1.0271379886540664e-07,0.0011821596555229793,0.7514557428978225,1.5648436062025968e-06,5.303643810996042e-06,7.891418944010899e-07,0.005290329455476987,1.1179532637506632e-09,0.00016855483453717825,0.0005202842017738299,0.0002102542189659634,0.00016726260581582806,0.02407766004817472
68,0.0003858023858288171,0.28140365936620926,5.148840875540043e-05,7.397218437755706e-05,0.009364154329238806,0.00016503738332697212,0.000170365740040812,2.2355233941487617e-05,0.0008263649220761677,5.072276699784482e-05,0.004340726905223022,5.350001017627096e-06,6.349870480726808e-08,0.00047051664313262146,0.6572438851019299,9.601412619781727e-07,1.6463741525032964e-05,9.57696273922858e-06,0.002404441798583149,2.0223105312392517e-09,0.0004724557001726832,0.0012323801758599086,0.0005691358003565548,0.0003446686703054287,0.04037545011608446
69,0.0001382428072513798,0.2958676377094892,0.00014287408311024536,5.6892452578345416e-05,0.026731524314486648,3.806878028824492e-05,0.00011636807080461256,4.9825103432214045e-05,0.003645265356851136,9.27475279140504e-05,0.0007920050442934298,2.032729034456286e-06,1.1421756517255211e-07,0.0005298908773752706,0.6319480656697041,8.135970550182348e-07,8.706616021944141e-06,6.581253837372302e-07,0.00922406670848286,9.552588641397116e-10,0.00017261026131136276,0.0005476658111727476,7.096387121776073e-05,0.00032628927624132626,0.029496670033675818
70,0.00015208781331632824,0.2823343690290858,0.00014781212207597245,4.8316282531976794e-05,0.03047212521142647,5.35143442340054e-05,0.0001164738529761236,3.466342704341749e-05,0.0032333672271435813,7.85718539174451e-05,0.0008790518109102855,2.556461599715271e-06,1.1471312544844744e-07,0.0007800516140888448,0.6464237654357198,8.920377770972067e-07,7.193923593962739e-06,6.920736117086611e-07,0.00857612901692392,8.558857288858451e-10,0.00016360666570700003,0.0006518958552472422,7.89772598707962e-05,0.0002445155053581453,0.025519255606829154
71,0.0005610838781273379,0.18261936823019653,0.00011993028255924687,6.686666288176096e-05,0.009316520612266593,3.923671074353597e-05,0.000429837774418991,7.511436078505336e-05,0.0017832002624979405,4.331992871591661e-05,0.0023344001033333015,4.85133620247125e-06,1.1309422085217017e-07,0.00047464565489969187,0.7619273461446525,1.602695558257042e-06,1.857175462222521e-05,2.0666101531790324e-06,0.009044773427123134,2.348848841900374e-09,0.00026803631046629225,0.0007300203373467362,0.00025615515995447094,0.0005420666511489107,0.029340869668276127
