,0,1,2,3,4,5,6,7,8,9,10,11,12,13,14,15,16,17,18,19,20,21,22,23,24
0,1.403989641860145e-06,0.027557395843010982,2.2215637044148666e-07,1.6980190288602268e-06,0.00015322192350133878,9.307341481257064e-05,2.7111839453089e-08,9.277972544373861e-07,0.004159211022127542,3.405241160250194e-05,0.004059304184091041,9.511616177669483e-07,5.288673835635924e-12,2.5797809380619734e-05,0.9474777740737941,1.9104206061674424e-08,3.1701349931518026e-07,7.001824501473387e-06,9.074597363184293e-05,5.617996207054619e-09,4.356295269456483e-06,0.0001341979754201827,0.0010079501804658732,2.131904971721683e-08,0.015190323772597393
1,1.5895690022514502e-06,0.034149515673325616,3.1522582974346523e-07,1.3448226820421294e-06,0.00019845205464520113,9.146247947076446e-05,2.420383865453055e-08,8.587278638268403e-07,0.005112345815236707,3.490966478526239e-05,0.004048832228592738,8.690364394451513e-07,4.6554269152979945e-12,2.200424508956092e-05,0.9391953025266895,1.818948950626233e-08,3.0152345068694164e-07,4.762973183229096e-06,0.0001226306910572656,4.614179530086553e-09,4.0456773439742215e-06,0.00014352712487998787,0.0008111938720903516,1.9016112246918302e-08,0.016055670040066406
2,3.4119114846978747e-06,0.07697461852705319,3.781433767503124e-07,4.3012795060901275e-06,0.0001854606927732564,0.000439557931982485,1.4749211851479323e-07,1.3616411412564243e-06,0.004241153341695509,4.185970346909673e-05,0.0026918022120288347,2.4004752170703346e-06,1.201758655314576e-11,4.672932582644183e-05,0.881736255331746,9.735060683064607e-08,1.6595347868130887e-06,2.1324552154731914e-05,0.0003839660343626941,5.6910524847873855e-09,1.1687186884377363e-05,0.0007808977756994594,0.002048693761924291,1.498626479845667e-07,0.03038208022844354
3,1.0352406052131278e-06,0.029971418218754313,1.7539156780811968e-07,9.913791788178535e-07,0.00012689969992882424,6.762503406119602e-05,2.229637965721776e-08,5.840614279197242e-07,0.0025712988831959045,2.0656085497360368e-05,0.0032577529168740177,8.974450195335722e-07,3.1101660037552566e-12,2.7538023090150587e-05,0.9457654323823769,1.1428302834274538e-08,2.5821245354594364e-07,5.267227579429739e-06,6.914392327991124e-05,3.9177758857776845e-09,3.71774293322648e-06,0.00012658152537917955,0.0007942607609826876,1.8723472987222796e-08,0.017188409476772713
4,1.1574340788451372e-06,0.031008232652885874,1.832595521775419e-07,1.0576157819460899e-06,0.00013148753690461857,7.184577634599548e-05,2.3664750652735296e-08,6.248560700193305e-07,0.0025113459679905283,2.173741551925472e-05,0.0033155452962775234,9.32069689169814e-07,3.8028301753282085e-12,3.0733973261907677e-05,0.9447054320190285,1.2814371934758992e-08,2.7242427302359023e-07,5.995210460572142e-06,7.782787605413495e-05,4.3731022914450856e-09,3.7258888772899e-06,0.00012635097132343513,0.0008136077698517579,2.154650891233837e-08,0.017171841583236622
5,1.0206087473072676e-06,0.032291926397532325,1.4510890291026305e-07,1.1344009588933584e-06,0.00011256793284878069,6.965486790263598e-05,1.9272865783021857e-08,5.95585501029686e-07,0.0022588862109683186,1.893092874949461e-05,0.00319965187010802,7.513791532944403e-07,3.432849295097356e-12,2.6904015550380003e-05,0.9462015204464174,1.177118505842856e-08,2.5234750099986505e-07,6.8613756892277615e-06,7.41495964336793e-05,4.15321015732406e-09,3.560135936082789e-06,0.00011974478278947454,0.0008041252686373933,1.8695001740642757e-08,0.014807562843976656
6,1.0352406052131278e-06,0.029971418218754313,1.7539156780811968e-07,9.913791788178535e-07,0.00012689969992882424,6.762503406119602e-05,2.229637965721776e-08,5.840614279197242e-07,0.0025712988831959045,2.0656085497360368e-05,0.0032577529168740177,8.974450195335722e-07,3.1101660037552566e-12,2.7538023090150587e-05,0.9457654323823769,1.1428302834274538e-08,2.5821245354594364e-07,5.267227579429739e-06,6.914392327991124e-05,3.9177758857776845e-09,3.71774293322648e-06,0.00012658152537917955,0.0007942607609826876,1.8723472987222796e-08,0.017188409476772713
7,4.2524673691513886e-06,0.03533972062183367,4.775525531884333e-07,2.6545863840913353e-06,0.0002624219076016579,7.154440246296464e-05,4.8518567126219884e-08,1.5696430042728449e-06,0.004832854541540484,7.282663444486954e-05,0.008746842179956246,1.4326951550619473e-06,1.1305177969578511e-11,4.2041166765432334e-05,0.9247256566492501,2.063085948837558e-08,4.34397897554901e-07,5.6649157040106124e-06,0.00015185094491535191,8.221382197776531e-09,2.396202732070132e-06,0.00022729661091526552,0.0006005072116655455,2.827291571793902e-08,0.024907449012819303
8,1.8688597742733255e-06,0.022978952915360118,3.71923840844076e-07,1.324135145687241e-06,0.00015221934041452075,5.912017563859746e-05,3.582829387287423e-08,5.56193551982492e-07,0.002586427237122612,4.450466959189332e-05,0.004711394949973253,1.8163946251724294e-06,4.3810833739316895e-12,6.0817810701389e-05,0.9324076336649981,1.1919894124046299e-08,3.932745542709538e-07,3.900984536667149e-06,5.3832709822311174e-05,6.43714402561387e-09,5.825110975754877e-06,0.00013881718201478788,0.0014245393072900728,3.7615783870057736e-08,0.03536559135457063
9,9.75166337152599e-07,0.02133961052053604,1.5308013173306812e-07,8.532087722133557e-07,8.59795127328137e-05,3.863409194262854e-05,1.5671690502494286e-08,3.513473815335098e-07,0.0018595933137113946,2.4324351327963124e-05,0.0036255607006655723,9.233099217758565e-07,1.8775996634411144e-12,3.5835097887211796e-05,0.9473806528481112,5.54353560669296e-09,1.848487724926711e-07,3.0103282716580023e-06,3.2624710568655366e-05,3.4283112232309834e-09,3.3143262066635992e-06,8.979887231740026e-05,0.0010169835833839232,1.699525342463238e-08,0.024460595140351444
10,1.0352406052131278e-06,0.029971418218754313,1.7539156780811968e-07,9.913791788178535e-07,0.00012689969992882424,6.762503406119602e-05,2.229637965721776e-08,5.840614279197242e-07,0.0025712988831959045,2.0656085497360368e-05,0.0032577529168740177,8.974450195335722e-07,3.1101660037552566e-12,2.7538023090150587e-05,0.9457654323823769,1.1428302834274538e-08,2.5821245354594364e-07,5.267227579429739e-06,6.914392327991124e-05,3.9177758857776845e-09,3.71774293322648e-06,0.00012658152537917955,0.0007942607609826876,1.8723472987222796e-08,0.017188409476772713
11,1.2227593075508152e-06,0.030183369274792215,1.9267818918351008e-07,1.1001212298846292e-06,0.00013378822588733623,7.556183262488728e-05,2.5752300862995595e-08,7.09203335132274e-07,0.002784196252805629,2.447928172147825e-05,0.003401614352062355,1.0099343014411664e-06,4.1382970487330095e-12,2.924899582401184e-05,0.945181817377171,1.374853101897862e-08,2.962954920028868e-07,6.042789525346558e-06,8.148312518274142e-05,4.417651195191587e-09,3.7671287237181256e-06,0.0001398100309906326,0.0008028821745194487,2.2409537055083418e-08,0.017147341834155658
12,9.395525061891304e-07,0.02227936649430236,1.2975967690527258e-07,5.55870458359336e-07,0.0010464657545001404,0.00010280556595817978,8.071669311888328e-08,7.292439922319723e-08,0.0021987364323010233,1.0153171270182336e-05,0.003060887430412673,7.909839650689969e-07,2.4506572605183394e-12,0.00033326455985256464,0.8740038754039463,8.826675219822618e-09,3.865808281852119e-07,1.894984156770515e-05,3.598157080189092e-05,1.4895443070485692e-08,1.3165802587209549e-05,2.543227999992585e-05,0.008953776611682151,6.413558296461395e-08,0.08791409483213876
13,6.106846337907384e-07,0.005279246046634579,1.1196331284469805e-07,5.076847046506614e-07,4.329868926065685e-05,6.0745995930684495e-06,6.303749172914654e-09,3.5566901115975705e-07,0.0007201538644163962,9.218991770119775e-06,0.008538770321679524,9.074917727726319e-07,1.5648272223914935e-12,4.0769956653924476e-05,0.9785797731413008,3.532961829097754e-09,6.21685389725527e-08,2.3038448368832532e-06,7.935695585790526e-06,4.053749589977915e-09,1.771909821975463e-06,2.27209531955927e-05,0.00039060064062131474,3.166804766600436e-09,0.0063547886238252286
14,6.295454249689451e-07,0.06605193233388058,1.505577788568327e-07,1.0842669186572395e-06,0.00014478591554211592,6.070851304844884e-05,7.947428873075768e-09,3.914840213096614e-07,0.0019976499813848616,1.105128819263739e-05,0.0039222610228732665,3.1134122707603623e-07,2.9021290853486314e-12,1.3969330081419393e-05,0.9181929551605075,8.795417228460602e-09,1.230853091555986e-07,6.428510973447322e-06,9.4637891795336e-05,4.290629058306962e-09,2.1262763395574655e-06,8.967178243334543e-05,0.0004972764897183088,7.809309895846468e-09,0.008911826376861876
15,1.0352406052131278e-06,0.029971418218754313,1.7539156780811968e-07,9.913791788178535e-07,0.00012689969992882424,6.762503406119602e-05,2.229637965721776e-08,5.840614279197242e-07,0.0025712988831959045,2.0656085497360368e-05,0.0032577529168740177,8.974450195335722e-07,3.1101660037552566e-12,2.7538023090150587e-05,0.9457654323823769,1.1428302834274538e-08,2.5821245354594364e-07,5.267227579429739e-06,6.914392327991124e-05,3.9177758857776845e-09,3.71774293322648e-06,0.00012658152537917955,0.0007942607609826876,1.8723472987222796e-08,0.017188409476772713
16,8.553050179009733e-07,0.013811988746103687,2.0614734164770488e-07,8.955497139230762e-07,8.396731063041653e-05,4.834547705619599e-05,2.2608189277561755e-08,5.952289033214273e-07,0.0010445254997939603,1.4317648395096983e-05,0.003508265851353562,1.2522531892371906e-06,4.634366935485973e-12,4.1922764415685355e-05,0.9729207150924369,1.8905533177619657e-08,2.413608422144387e-07,8.661471910002324e-06,4.754368888909428e-05,6.068077941484448e-09,6.7078399298492825e-06,7.212847611379671e-05,0.0008354105666776664,2.1597009643194668e-08,0.00755138453784128
17,1.8849028458379254e-06,0.024222392835733856,2.559897516638746e-07,1.4001116215522958e-06,0.00018222190828443905,4.285149300814376e-05,5.493917682293122e-08,7.280211966344356e-07,0.002730996751489923,2.0524284753397225e-05,0.005567163601540506,2.171801399907914e-06,4.026977269292172e-12,6.924808025946619e-05,0.9318215994620054,1.2229677585658168e-08,4.0416022424963284e-07,4.507329695850034e-06,3.96097552914558e-05,5.471176430508123e-09,4.622077795961315e-06,0.0001648876055470786,0.0009499351238309371,2.2761921419637103e-08,0.03417249929774457
18,2.0445819476522744e-06,0.0479001489187506,1.2967079227938668e-07,9.784490587543016e-07,0.0001719865837349083,6.68880813991016e-05,4.16865529067019e-08,4.0252298032771037e-07,0.0032234730101462442,2.08402551241976e-05,0.003753591289462734,9.233508943383276e-07,2.3065278628964e-12,4.55153078186245e-05,0.8782474148970043,7.0711850421846755e-09,7.065478543951653e-07,6.58616029587937e-06,8.470717258120382e-05,3.5322483000331124e-09,3.378158816348719e-06,0.00026534003844431997,0.0012071990410549324,2.997505190696562e-08,0.06499766369449432
19,1.7611806634554708e-06,0.028050910948840643,3.923914466041085e-07,1.806248524554145e-06,0.0002170530636204576,0.0001346983535761739,6.492286265205846e-08,1.4070622775810745e-06,0.004919533061329099,6.99753484157138e-05,0.0043212949347493194,2.21168462160686e-06,8.306478760800358e-12,3.068767276580116e-05,0.935309345417779,2.2276744205658785e-08,5.156110325696494e-07,5.300870556359971e-06,9.990217482018337e-05,7.509431373959127e-09,4.942255405317189e-06,0.0002732488908309406,0.0009036215320836699,4.009038501339453e-08,0.025651256488931268
20,3.020204664321503e-07,0.024703219754901477,7.336786090147486e-08,4.5787537331141893e-07,3.119958671244971e-05,3.2436129954618436e-05,6.471048830108443e-09,4.598074287579746e-07,0.0010176082433970832,7.526331584379508e-06,0.0017050383102613135,6.23979839155879e-07,1.1979657496294033e-12,1.008427787912983e-05,0.9657796891887523,5.043634023229724e-09,9.438264196073436e-08,2.9631666973469033e-06,2.799240914709985e-05,1.55752898673664e-09,2.4329343771854626e-06,9.859224841137779e-05,0.00031715888394998445,6.975656789664817e-09,0.006262027051296978
21,1.0905269915992463e-06,0.01854749054625708,1.7264561852409246e-07,1.1521982461395245e-06,9.014760061093115e-05,3.108634935499741e-05,1.4031433227724013e-08,5.181850793410324e-07,0.0015871153533871193,1.3289633647862397e-05,0.005075523751968374,8.591757577857944e-07,3.021998789710254e-12,3.82086212901232e-05,0.9636380299136282,1.1227344584693707e-08,1.5261007272170226e-07,4.955784924146699e-06,3.978825079069183e-05,4.659374068800109e-09,3.3146797337671415e-06,6.249794116527417e-05,0.0006898072237324247,1.0174425009746549e-08,0.010174758912143736
22,1.3345856288799699e-06,0.019735780287790237,2.462696802638547e-07,1.5020990137237254e-06,0.00012599256383480318,5.096887820952112e-05,2.3333927733056388e-08,6.835682635771073e-07,0.0022332445929490723,3.031112602170127e-05,0.0066314690105912745,9.578517900493314e-07,4.594594237484113e-12,3.1490447690655996e-05,0.9556991421119355,1.4513862529112499e-08,4.174830205761659e-07,7.786704072249678e-06,6.155408194877433e-05,7.535157266416566e-09,5.0649631807081395e-06,0.00012289814584601536,0.000990714430164808,1.7293275190835897e-08,0.014268378117550364
23,1.0352406052131278e-06,0.029971418218754313,1.7539156780811968e-07,9.913791788178535e-07,0.00012689969992882424,6.762503406119602e-05,2.229637965721776e-08,5.840614279197242e-07,0.0025712988831959045,2.0656085497360368e-05,0.0032577529168740177,8.974450195335722e-07,3.1101660037552566e-12,2.7538023090150587e-05,0.9457654323823769,1.1428302834274538e-08,2.5821245354594364e-07,5.267227579429739e-06,6.914392327991124e-05,3.9177758857776845e-09,3.71774293322648e-06,0.00012658152537917955,0.0007942607609826876,1.8723472987222796e-08,0.017188409476772713
24,1.3749288982757765e-06,0.039088640802704265,1.9350240962039404e-07,1.5198904580837253e-06,0.00016583005067903533,6.162814540363892e-05,2.162441148166252e-08,6.253433085893879e-07,0.0025560591344313314,2.0857348274436258e-05,0.004579319260636828,9.418587716687592e-07,4.117361533764241e-12,3.65295231599012e-05,0.9322282801038213,1.1619675706362743e-08,2.645228581403216e-07,5.999189308787624e-06,7.15986612381638e-05,5.443745414016762e-09,3.2681959872808747e-06,0.00012941380259245532,0.0007943538192772353,1.7438965461009077e-08,0.020253245784865537
25,1.628400191061735e-06,0.011259866272083991,2.1180674582517194e-07,1.4006734643893015e-06,0.0001260356352988298,2.5020232778484843e-05,3.373937706184717e-08,9.487727057735626e-07,0.0019742519428380036,2.8268661995132337e-05,0.009562432948802525,1.700862678237499e-06,5.347600526125506e-12,5.655546088844769e-05,0.9603991225110015,1.0510219450553793e-08,2.4348377952930925e-07,5.034832178650604e-06,2.7794973795269077e-05,7.600843283442024e-09,2.6061251416843263e-06,8.744071516765438e-05,0.0006086535246768877,1.2610282345356853e-08,0.015830717697718436
26,1.8429596294904445e-06,0.03822931044307866,1.836246959950791e-07,1.2337040442874067e-06,0.0002319691387437392,0.00014785511021108994,3.5469927883837474e-08,6.402122901856258e-07,0.006079753854041606,4.020455671343181e-05,0.0031480785202211274,6.851232263612379e-07,4.780089289244534e-12,2.895524936772367e-05,0.9215385101274856,1.5983454642653857e-08,5.466434500605989e-07,1.0444903658490996e-05,0.0001574568444262291,5.0270105822564425e-09,4.920051078935758e-06,0.00016137523349175933,0.0017013162640773366,3.744406017877962e-08,0.028514623506834477
27,7.97520072239295e-07,0.03919148160288866,1.0742208305164154e-07,8.396572507983867e-07,8.809544771194905e-05,5.641195124036074e-05,1.4695492233755358e-08,5.543306443528677e-07,0.0028869135167389564,1.5644036300375877e-05,0.002667333261647215,6.435055464782194e-07,1.7934871992890587e-12,1.6132093853928407e-05,0.9368178383220582,7.016706481719998e-09,1.7828520498632464e-07,3.3943346317110047e-06,6.071876555935674e-05,2.1435850262316435e-09,2.0557905011893526e-06,0.0001473952826389731,0.0005180038269875824,1.0978078008995611e-08,0.01752542621078431
28,1.0352406052131278e-06,0.029971418218754313,1.7539156780811968e-07,9.913791788178535e-07,0.00012689969992882424,6.762503406119602e-05,2.229637965721776e-08,5.840614279197242e-07,0.0025712988831959045,2.0656085497360368e-05,0.0032577529168740177,8.974450195335722e-07,3.1101660037552566e-12,2.7538023090150587e-05,0.9457654323823769,1.1428302834274538e-08,2.5821245354594364e-07,5.267227579429739e-06,6.914392327991124e-05,3.9177758857776845e-09,3.71774293322648e-06,0.00012658152537917955,0.0007942607609826876,1.8723472987222796e-08,0.017188409476772713
29,1.0352406052131278e-06,0.029971418218754313,1.7539156780811968e-07,9.913791788178535e-07,0.00012689969992882424,6.762503406119602e-05,2.229637965721776e-08,5.840614279197242e-07,0.0025712988831959045,2.0656085497360368e-05,0.0032577529168740177,8.974450195335722e-07,3.1101660037552566e-12,2.7538023090150587e-05,0.9457654323823769,1.1428302834274538e-08,2.5821245354594364e-07,5.267227579429739e-06,6.914392327991124e-05,3.9177758857776845e-09,3.71774293322648e-06,0.00012658152537917955,0.0007942607609826876,1.8723472987222796e-08,0.017188409476772713
30,1.0352406052131278e-06,0.029971418218754313,1.7539156780811968e-07,9.913791788178535e-07,0.00012689969992882424,6.762503406119602e-05,2.229637965721776e-08,5.840614279197242e-07,0.0025712988831959045,2.0656085497360368e-05,0.0032577529168740177,8.974450195335722e-07,3.1101660037552566e-12,2.7538023090150587e-05,0.9457654323823769,1.1428302834274538e-08,2.5821245354594364e-07,5.267227579429739e-06,6.914392327991124e-05,3.9177758857776845e-09,3.71774293322648e-06,0.00012658152537917955,0.0007942607609826876,1.8723472987222796e-08,0.017188409476772713
31,1.2371900619902684e-06,0.028582173123656265,2.252349785873231e-07,9.489948247737826e-07,9.159482479928402e-05,4.687609895814755e-05,1.6228591734082945e-08,1.0402676100447732e-06,0.0021052798381270056,1.6809864897844527e-05,0.0031722927968901807,1.1346380236922877e-06,4.719773242689301e-12,2.4077408155364575e-05,0.9552932275502722,1.4839896684631736e-08,2.3447627362855025e-07,5.565029287887941e-06,8.23279973530465e-05,3.4614991065262547e-09,3.4431800658213644e-06,0.00013268634018808438,0.00043668883200346305,1.6165662207384862e-08,0.010002085613203137
32,1.151566665024411e-06,0.036239148101671594,1.8021792375765617e-07,1.0285573935836793e-06,0.0001304523462474079,7.448413554372909e-05,2.090138165899176e-08,6.060419354767662e-07,0.0026571407807615805,2.055685636612373e-05,0.003124998977845037,8.302780548497508e-07,3.4782851485345948e-12,2.653199712969954e-05,0.9397557967368857,1.2493284273014686e-08,2.770290180348732e-07,5.949728471034605e-06,8.993132432421633e-05,3.838130452770222e-09,3.600860913399485e-06,0.00013824599828920583,0.000774941450775768,2.0433237197102818e-08,0.01695408934427272
33,4.578235772258405e-06,0.15987473438185246,3.2980215826273855e-07,3.2677757380009556e-06,0.00021355103466839825,0.0004289104144391819,9.645427985938211e-08,1.893946987827085e-06,0.002820033689503874,3.6823700408586635e-05,0.0017623907986022338,2.058821149696359e-06,2.6620359128769e-11,5.246510453295319e-05,0.8046501849466048,1.0535461672834091e-07,2.542248128083581e-06,4.179030559364647e-05,0.0011593674679030907,6.28627584147472e-09,7.2981172852168756e-06,0.0011376330545834219,0.001076857692300286,2.6956130715303515e-07,0.026722810778687895
34,7.657187285936911e-06,0.034126057214236206,3.2597152605806223e-07,1.7895012886273914e-06,0.0002842758396444492,3.400094029938833e-05,2.02593571931333e-08,8.882042595148946e-07,0.0040407059801972475,2.6877409778090336e-05,0.009301499374537666,6.632201692272866e-07,7.365427390244947e-12,6.493804167714055e-05,0.9328808589975088,1.672887777602243e-08,3.417854137306057e-07,7.944080185684255e-06,0.00019945353479593447,5.173764042832353e-09,2.2471993901665656e-06,9.282026804295058e-05,0.0006293280459951424,1.646146284827968e-08,0.018297268572940856
35,2.364354969047454e-06,0.07027558736288882,1.1437627761288631e-07,1.5669257172539926e-06,0.00011547061263391089,5.9448214184100025e-05,1.4546761471679721e-08,2.062398071101512e-06,0.010143714225709158,2.010846392636455e-05,0.0035360679756654377,5.723445738361971e-07,3.0815056731398216e-12,7.865799693532162e-06,0.899993213944943,1.081934583841915e-08,2.3622367437255724e-07,3.799608214717035e-06,0.00016454527647844706,1.357543854198301e-09,9.532958171973172e-07,0.00033979982812089245,0.00021642636873946431,6.432287035191433e-09,0.015116049240682336
36,1.0104416491889943e-06,0.021327718851719187,1.1488624263266751e-07,7.923350589118738e-07,6.185334672630806e-05,3.822380206444247e-05,4.00732148297122e-08,1.0584524300678003e-06,0.0017484094496462387,1.3051580313246195e-05,0.0031142373287923876,2.4030341739360916e-06,3.0540849266051568e-12,3.355423218988579e-05,0.9535344899066298,1.1228745266384282e-08,4.2772628820695605e-07,5.416506985718119e-06,4.147335471916497e-05,2.756759096438607e-09,2.855820521647077e-06,0.00027788969926051263,0.0004316273531083964,1.8596771510757807e-08,0.019363319232935227
37,2.6321466764711677e-06,0.024771721723327863,2.9457681708770055e-07,1.285398482813628e-06,0.00018563911252416273,7.046132602705847e-05,5.49939399985292e-08,4.6688371022005346e-07,0.0015256176335104097,2.2147496595743652e-05,0.0039479225157077105,1.6266655179954428e-06,6.704687355390896e-12,0.00012542632520866606,0.9405127071914288,2.337716730474195e-08,5.756710978119133e-07,1.172812701953062e-05,9.430455028123946e-05,7.463339769957624e-09,8.564238223940482e-06,0.0001126469309539939,0.0018687331632913403,6.842946486344193e-08,0.0267353440529806
38,6.234953931516415e-07,0.02246193251718118,1.3176819351984514e-07,7.517607745297206e-07,7.098642543008152e-05,8.740960298197731e-05,2.1721220785363933e-08,5.052440728476439e-07,0.0016695442360305636,1.544365464404997e-05,0.0020996369991628555,8.1669704569693e-07,2.952023744101513e-12,2.0093800792410124e-05,0.9634374636368608,1.552177970233288e-08,2.147650264027138e-07,6.791783739878619e-06,6.569052277430433e-05,3.1441004894035683e-09,4.960874619112853e-06,0.000108018484589729,0.000872451488705897,2.2092823525709696e-08,0.009076469759104384
39,4.676158557306827e-07,0.03990671431112421,2.5284575945163306e-07,7.399719080452249e-07,7.991340838086487e-05,0.00015133197203190933,1.6810963428204505e-08,8.056035546774682e-07,0.0022668098128939317,1.2021582458067103e-05,0.0012137819973203872,1.3290501156517496e-06,2.985823883131478e-12,1.0702774303630174e-05,0.947026512071427,2.3698120357033516e-08,3.397161703888415e-07,6.066727136773499e-06,9.827450613156991e-05,2.8408708909523855e-09,1.2082085710880902e-05,0.00022393124359300955,0.0007113465033383188,2.303126848920731e-08,0.008276509816576672
40,1.2698708935082232e-06,0.03352709685484573,2.5862867612769794e-07,6.242931037271557e-07,0.00018990081583916072,2.4852820348536797e-05,1.9836171072920138e-08,3.3425187661460747e-07,0.0015554017840353517,8.837056776048668e-06,0.004486381848879895,1.346682407975409e-06,2.171398745386069e-12,6.298532888066566e-05,0.9333128886701242,6.269089562192809e-09,1.8151514095734877e-07,3.081430627488644e-06,3.910581849248117e-05,3.858239958965052e-09,3.3583200160913198e-06,9.294779375573013e-05,0.0005812193701909017,1.250400054251293e-08,0.026107884375416165
41,9.238532017052827e-07,0.039523148473835305,9.551181702669509e-08,1.1371358862605707e-06,0.00016712480025891387,3.344626070764838e-05,5.617648730010395e-09,6.246395408624126e-07,0.0034499899512222673,1.0221754894091482e-05,0.004588864674173748,2.3070744592846625e-07,2.6824315569178322e-12,1.7396234300589287e-05,0.9457608306317866,8.505547842933637e-09,5.680849627752083e-08,4.98613022379196e-06,7.529405121784405e-05,3.1805791307245737e-09,9.614435324841155e-07,3.808163931502711e-05,0.00031419844710251166,3.839059813414639e-09,0.0060123657055231785
42,7.710128812320421e-07,0.09361416798254375,2.8098973153142943e-07,1.5400148431004954e-06,6.910028470536176e-05,0.0001208103551005579,1.1511424099155918e-08,1.6362644783896487e-06,0.003882458242281334,1.3986644290197355e-05,0.0017728174661970327,9.640254623345387e-07,3.1103147174327847e-12,5.312617005489929e-06,0.8922310655023674,2.551913072880521e-08,3.090714329057581e-07,3.947377346033812e-06,0.00019142042560680764,1.7567538466146185e-09,4.152859889265647e-06,0.0005246452749726934,0.000265131319795873,1.1745649906385474e-08,0.007295431732999574
43,1.0133317755682317e-06,0.03059625241685953,3.5741375620992413e-07,1.4205158980768488e-06,0.00016671810232214712,0.0002501961924153726,3.2683891335307566e-08,1.1528211626880653e-06,0.00428045423422407,5.671339893432482e-05,0.0021196027866277715,1.237936517626422e-06,7.011378449875319e-12,1.3602871780098075e-05,0.9495774791361417,3.004672077743561e-08,5.760376232511366e-07,8.279636280277786e-06,0.0001522923385051328,6.508093417105609e-09,1.2449704643375474e-05,0.0002415377060371779,0.001216050590732285,4.484620970641281e-08,0.01130249873583668
44,1.0352406052131278e-06,0.029971418218754313,1.7539156780811968e-07,9.913791788178535e-07,0.00012689969992882424,6.762503406119602e-05,2.229637965721776e-08,5.840614279197242e-07,0.0025712988831959045,2.0656085497360368e-05,0.0032577529168740177,8.974450195335722e-07,3.1101660037552566e-12,2.7538023090150587e-05,0.9457654323823769,1.1428302834274538e-08,2.5821245354594364e-07,5.267227579429739e-06,6.914392327991124e-05,3.9177758857776845e-09,3.71774293322648e-06,0.00012658152537917955,0.0007942607609826876,1.8723472987222796e-08,0.017188409476772713
45,7.312150212633165e-07,0.02020479205188612,1.3210676605566148e-07,7.512986910281675e-07,7.157193613548548e-05,7.234666552505464e-05,2.6718826226257317e-08,1.2222259592227237e-06,0.002142941146022835,2.069624034246822e-05,0.002079190434294475,1.0400470794077021e-06,4.455865717518343e-12,1.666274438650825e-05,0.9677437093680559,1.7201552344382192e-08,1.9294609933098112e-07,5.952089777109652e-06,7.367621873499625e-05,2.8938066879497682e-09,2.709007147706999e-06,0.0001411231532633676,0.00037821162621682074,2.013335281254831e-08,0.007042280526600929
46,7.699603847254309e-06,0.05259979538988053,8.593791651186929e-07,6.2530400546182145e-06,0.00030796852537541027,0.00031885584632287793,1.402112266326135e-07,3.005401748240803e-06,0.0063207560062584,0.00013770969713300938,0.006935282111722592,5.359282481079045e-06,2.8086736645753702e-11,5.11007090346845e-05,0.8823661400567814,7.377402750116717e-08,4.893990432212134e-06,1.7008278110226973e-05,0.00035674415296481566,1.5393099736382432e-08,1.7330071904843992e-05,0.0012694340975102957,0.0018555753146425591,1.3541430078549397e-07,0.04741786422388869
47,4.821557838941038e-06,0.05103001342612669,5.081922528357045e-07,2.9873435200102848e-06,0.0001741859025954843,0.00014986628682676575,7.054476502807076e-08,1.892042950464931e-06,0.004066756397859886,4.910535021475951e-05,0.003920955848415116,2.6542041670624343e-06,1.3691270664863573e-11,4.312074380269578e-05,0.9149333077337454,5.2672455873690946e-08,1.1546548177063573e-06,9.732834750491497e-06,0.0002823126894602268,5.4304025226157596e-09,7.573324914420372e-06,0.000526412923196243,0.0009757597409454215,7.39382594133464e-08,0.023816676202025176
48,2.534297071716095e-06,0.06946416860674164,2.578155076369707e-07,1.617863683685863e-06,0.0001733073223946068,0.00027135954269783805,5.050650105276329e-08,1.3119860974246303e-06,0.004291524499666019,5.4529150596477955e-05,0.002111340481163224,1.361214196958196e-06,9.586589659740887e-12,2.5930994374987523e-05,0.8945680558903566,3.251659430347801e-08,1.1531456073413555e-06,1.4081371810239457e-05,0.00039899864003499204,4.678747524130051e-09,5.591912723641858e-06,0.0005332190556258763,0.001016629227531808,9.431272055787747e-08,0.027062844957967194
49,7.984734357443207e-07,0.040417669327633195,2.501154388680975e-07,1.1131218821316788e-06,0.00011986391158803714,0.00010108752127755139,2.365140929050915e-08,8.238493204692569e-07,0.0029497603228387757,2.4315649823021395e-05,0.0026384588013317334,1.3400078463393417e-06,3.598809899680278e-12,1.6879235752948852e-05,0.9366480321063377,1.3993898146328786e-08,3.190627894576888e-07,4.293025202510741e-06,7.997260515399056e-05,4.052893810147812e-09,4.987744292670448e-06,0.00023670418741423126,0.0006548663974901702,2.0401047991833223e-08,0.01609840243030251
50,4.040057431960458e-06,0.015366121088452787,2.9160227901521287e-07,1.7775466091746418e-06,0.000242161014834545,7.595459227080209e-05,1.1147780323046902e-07,1.2575861061264527e-06,0.0036371252273852024,7.82082653118761e-05,0.006923695836158688,2.087378691919256e-06,1.0269498964351658e-11,9.094546855717637e-05,0.9364426723976202,2.0722837595386692e-08,5.959779066173967e-07,7.957616979352321e-06,9.089022380346862e-05,8.895026148825715e-09,3.2103733949603834e-06,0.00016355066676488388,0.0010465792149131732,5.622773932109961e-08,0.035820680530852245
51,1.2403760816505556e-07,0.09499128088407745,2.48836403968967e-08,8.456603136734086e-07,9.492095729576398e-06,1.3717001973819631e-05,9.4161493444629e-10,3.452976550800472e-07,0.0007188819449975203,1.3747294989248327e-06,0.0014934048732354115,1.8926077176520245e-07,2.930973112043077e-13,2.4879986009942106e-06,0.8991826919073855,1.8079690835644449e-09,1.8406926005063623e-08,1.2346721252782586e-06,1.4425936584198963e-05,4.658414833791133e-10,6.034828611746435e-07,0.00011554258537926234,8.858915271677032e-05,7.776657986784501e-10,0.0033647211945346785
52,1.0096464940126466e-06,0.02792783830944952,1.6467084928430048e-07,9.797635430253666e-07,0.00012121280886911961,6.743804887831326e-05,2.0877773181645425e-08,6.072005522050831e-07,0.002530318715475013,2.183061210190437e-05,0.003255397513115599,8.536967775895586e-07,3.19977675144666e-12,2.6112802162505982e-05,0.9495082334530859,1.116657760387946e-08,2.396263850942791e-07,5.36514825229854e-06,6.863434593579767e-05,3.986160630035698e-09,3.453080510142474e-06,0.0001182532612144792,0.0007519047677107533,1.8003927098985303e-08,0.015590098490999306
53,7.829481449835494e-07,0.00984224821815856,1.9153107477486942e-07,1.008356348139677e-06,0.00015638308682427654,5.597477853630331e-05,5.8925971316732785e-08,4.2270397944670244e-07,0.002193021741873059,2.3903818849968003e-05,0.00504939871405849,1.4917349796958824e-06,3.2662850240873606e-12,5.6328286753892346e-05,0.9606562375493412,1.2909092600894867e-08,2.671887593524496e-07,6.302408260198705e-06,2.2221799864965233e-05,8.082234727813089e-09,6.894076291391485e-06,6.969082026379659e-05,0.0018359845530706636,2.233796658664016e-08,0.02002114342603531
54,6.345774207412024e-07,0.05486573158166394,6.274056178009396e-08,5.427839260016318e-07,6.046304686737617e-05,3.789351826017919e-05,1.2841198095399985e-08,3.1225485400967977e-07,0.0017536633830321634,6.920012128509358e-06,0.0016704164396601957,4.7080255957446883e-07,8.326879804360387e-13,1.9062384830954336e-05,0.9183024111153271,4.248441436275533e-09,1.1251374556139962e-07,2.2581413639927813e-06,4.650556393548909e-05,1.0162121098783662e-09,1.3264009176053462e-06,0.00013344193126423043,0.000394510622080143,1.0023511569741282e-08,0.022703232055404504
55,1.0855761403422618e-06,0.01887727281689452,1.8644207401851633e-07,1.0205177322447457e-06,0.00015091616050690238,8.46697131823958e-05,5.3648556283368245e-08,1.2735423505974789e-06,0.0033489711434047066,2.038483854733101e-05,0.0029996573416186554,3.26552536364252e-06,6.345344185380283e-12,4.3549782265465186e-05,0.9560351959656578,2.250163822599231e-08,2.871443645225677e-07,7.964148355547131e-06,5.210821121175009e-05,5.866149043156508e-09,4.1321423498331865e-06,0.0001580708399809935,0.0007319340098700197,2.6665133334717672e-08,0.01747794545030664
56,1.1484376350047437e-06,0.030363332852130182,1.8771509348435343e-07,1.0900121794487913e-06,0.00013234388715963822,7.500096770205216e-05,2.4588928824712977e-08,6.799320971183173e-07,0.0027236366087193572,2.3323500964232876e-05,0.0033316303580276474,9.732026004564745e-07,3.8933212337336e-12,2.8384182293589455e-05,0.9452748823417688,1.314816799116601e-08,2.8314601584767033e-07,5.868838869897738e-06,7.757377308771975e-05,4.385374283832468e-09,3.819060919558329e-06,0.0001350244496673354,0.0008043533459094188,2.1259147897039065e-08,0.017016400001647072
57,1.2795600699761878e-06,0.03326358083460658,5.931511389759699e-07,1.1527587974745944e-06,0.00025274502977495975,0.00011429358667743646,4.1072236228880056e-08,1.0238985567478015e-06,0.003953458130559415,3.657726418936469e-05,0.0035631076726032242,2.3532405704949406e-06,6.9282920670873415e-12,2.993585593123726e-05,0.9378247756046554,2.4240125810676898e-08,4.784476354080711e-07,4.9332992746376265e-06,0.00010453558624600742,7.519046906154624e-09,8.218934579269276e-06,0.0002208779858046232,0.0008657543819844877,3.286822691156648e-08,0.019750219069779917
58,1.253399578299782e-06,0.03212575719096021,1.997576730560347e-07,1.0725807345673296e-06,0.00014275560346041255,9.535696815282176e-05,2.9627318846908956e-08,6.919451759683933e-07,0.0027063804431762084,2.7754770744904333e-05,0.0029009896249938467,1.1118928317108252e-06,4.562610461288896e-12,3.170119514085906e-05,0.9418014138511547,1.510851642766693e-08,3.551036822712174e-07,7.0269309419625e-06,9.500067782247487e-05,4.689843855990666e-09,4.5120882159027115e-06,0.00015796812032396014,0.0009382186566081938,3.172536060227723e-08,0.0189603980430255
59,1.2162754995358793e-06,0.03175910500549106,2.399844075355253e-07,1.0922083375892516e-06,0.00015060550057804462,9.014222160228735e-05,2.950243081760068e-08,6.915329160115335e-07,0.002692334765700519,2.686854331830034e-05,0.0030949257373089623,1.1883276447542869e-06,4.590421746558274e-12,3.1893211013868957e-05,0.9425271177112002,1.5727355993379862e-08,3.52531405432153e-07,6.483551096219037e-06,9.002989277796247e-05,5.041442599894309e-09,5.0495746679793365e-06,0.0001561723791483341,0.0009333625124136156,2.974289846315301e-08,0.018431048514753617
60,1.0352406052131278e-06,0.029971418218754313,1.7539156780811968e-07,9.913791788178535e-07,0.00012689969992882424,6.762503406119602e-05,2.229637965721776e-08,5.840614279197242e-07,0.0025712988831959045,2.0656085497360368e-05,0.0032577529168740177,8.974450195335722e-07,3.1101660037552566e-12,2.7538023090150587e-05,0.9457654323823769,1.1428302834274538e-08,2.5821245354594364e-07,5.267227579429739e-06,6.914392327991124e-05,3.9177758857776845e-09,3.71774293322648e-06,0.00012658152537917955,0.0007942607609826876,1.8723472987222796e-08,0.017188409476772713
61,1.2113913750338048e-06,0.031241559037441517,2.302605687750149e-07,1.0300272994037212e-06,0.0001495013376693856,8.395941087748033e-05,2.7900821277206374e-08,6.50911503140299e-07,0.002753764717615438,2.5545645295784144e-05,0.003157087741049647,1.1238804364473273e-06,4.127172833681246e-12,3.120483190414e-05,0.9425200883160911,1.4407614451720927e-08,3.3245771444759933e-07,5.9511391641921755e-06,8.565164617305892e-05,4.6528534164275174e-09,4.750185836012023e-06,0.00014803800875289562,0.0009124881014521487,2.6818650770976507e-08,0.018875757167712837
62,1.0352406052131278e-06,0.029971418218754313,1.7539156780811968e-07,9.913791788178535e-07,0.00012689969992882424,6.762503406119602e-05,2.229637965721776e-08,5.840614279197242e-07,0.0025712988831959045,2.0656085497360368e-05,0.0032577529168740177,8.974450195335722e-07,3.1101660037552566e-12,2.7538023090150587e-05,0.9457654323823769,1.1428302834274538e-08,2.5821245354594364e-07,5.267227579429739e-06,6.914392327991124e-05,3.9177758857776845e-09,3.71774293322648e-06,0.00012658152537917955,0.0007942607609826876,1.8723472987222796e-08,0.017188409476772713
63,9.079475857732394e-07,0.03719089077848785,1.4458340721599498e-07,9.095687548887866e-07,0.0001100727802147209,6.479208483350098e-05,1.7070879142004652e-08,5.233852569093186e-07,0.0024808450437594975,1.639283696091626e-05,0.0028482254141572994,6.988907082659201e-07,2.5546383579214236e-12,2.206793344609724e-05,0.9401734106434784,9.678258503722884e-09,2.2066867758976156e-07,4.9489582509938165e-06,7.146109360187949e-05,3.129083121310921e-09,3.1742846704253307e-06,0.00012756743325569015,0.0006999007467580784,1.5637102911244734e-08,0.01618279940585575
64,9.026304995888932e-07,0.029306671689970334,2.3354701630836764e-07,9.58031515752728e-07,0.00012444377050849746,7.502860655658485e-05,2.1320625610301968e-08,5.3777716756995e-07,0.0023628908027196176,1.9643875857399873e-05,0.002972560726071011,1.0752022426027082e-06,3.1543706814287863e-12,2.601801255022132e-05,0.9480628761919205,1.3134172351860733e-08,3.020366014103663e-07,5.082755701824649e-06,6.415508886962785e-05,4.370796792784136e-09,6.373224624035472e-06,0.00013190903969446903,0.0009799528309969846,2.0802104659144728e-08,0.015858324528061903
65,5.498143391149716e-07,0.04763352125840057,1.5139625888414164e-07,6.746375676112877e-07,0.0001196871499557289,9.510607333572552e-05,2.03505571957018e-08,2.726281510247027e-07,0.0017067755110104098,9.700827571887174e-06,0.0015569779440990394,7.326299007827152e-07,1.869415889677275e-12,2.702475451857284e-05,0.9244068190443284,9.887856078888736e-09,3.089116683701632e-07,6.581211086495823e-06,6.412323509474572e-05,3.3792213782191407e-09,8.396354430013508e-06,0.00012966519530254776,0.0014146739711031096,2.73459154772337e-08,0.022818196486457297
66,1.4214728181666939e-05,0.029217480301111907,2.994418008654189e-06,6.20430833800106e-06,0.0028645107830373635,0.00035115671656290784,4.264383485104899e-07,2.7432674140037598e-06,0.016883460774871295,0.0003070845063426892,0.016632773774673128,4.35841260945509e-06,7.823087874464549e-11,0.00015591815314100783,0.8725395759759033,1.276066056891404e-07,2.509510978316505e-06,1.8589818164250587e-05,0.0004502435437873232,6.111014325850405e-08,1.54993493112201e-05,0.00028837531158945297,0.0030124187418079495,1.6795925834928903e-07,0.05722910441157927
67,7.899625968644176e-07,0.03208771081384886,1.5426992858984505e-07,8.674613863898118e-07,0.00010552449587446448,7.48119149555988e-05,2.0397817669736325e-08,4.589945590495009e-07,0.0021451591141811296,1.6899540071115595e-05,0.002625164000484069,8.490745446947912e-07,2.5642204752619642e-12,2.5922428320904793e-05,0.9436648691093522,1.0427531133613973e-08,2.6541287944875457e-07,5.45867350665855e-06,6.348264088041288e-05,3.6509521951829612e-09,4.4761921258064784e-06,0.00012677309823031922,0.0009401025482835485,2.0222792997729653e-08,0.018110205552331646
68,1.6053723057740618e-07,0.01187921226953025,1.0299327678178458e-07,4.0197149077748127e-07,5.4571603402045265e-05,0.0001026399271313928,1.727554906799314e-08,5.740822748755091e-07,0.001032938754782854,1.1960743080954115e-05,0.0012600457319790048,1.7012928493755896e-06,1.9886427687270624e-12,1.1664321313885823e-05,0.9785065381586867,8.43430542478421e-09,1.3748436499694532e-07,5.566493058658893e-06,1.838818308648576e-05,4.406382264929717e-09,8.306152352875607e-06,9.494079946674581e-05,0.0005923784330928854,1.4405813722189476e-08,0.006417725543508922
69,1.554610445561952e-07,0.009048235795193052,4.48739362076061e-08,4.3970511705369705e-07,3.789895821135246e-05,1.8322854173690236e-05,3.896171708808576e-09,1.7487178093598274e-07,0.0015313767891900663,7.739643053175538e-06,0.004989221550672901,3.096964962823862e-07,4.267371070600536e-13,6.921199334559239e-06,0.9750954528015443,1.4041704420313565e-09,5.9063149970831725e-08,2.453533862022575e-06,5.370454691170485e-06,2.9821965337972185e-09,2.6000742618481045e-06,3.406941879467135e-05,0.0007471235325817103,1.4360030040161388e-09,0.00847202000394218
70,5.787803397322329e-07,0.022224139427317633,2.3494541336550642e-07,1.8921166800471215e-06,0.00011973522618635875,0.00010055817002543474,2.3907660221251086e-08,7.511025338253742e-07,0.004337514255320145,2.4362691575010226e-05,0.004332963325971122,1.0747261859535832e-06,2.8188897845592273e-12,1.5084765048371291e-05,0.9568392455392215,1.645114221705327e-08,1.1036291313395863e-07,3.3552925712432727e-06,3.2850863205228913e-05,5.661063441940862e-09,4.186130941997433e-06,9.701207822704962e-05,0.0008557987296028903,8.845344762303025e-09,0.011008496602690094
71,8.139135503985116e-06,0.014097526639863456,5.718122767827464e-07,3.238863629954383e-06,0.0010951224064407138,0.0002905633130284448,8.42551612597051e-07,2.543454175507245e-06,0.013749350687495722,0.000265664391000559,0.008031856122935657,4.159473915411896e-06,3.145220400470311e-11,0.00015004172311614212,0.8807713709180677,5.7210853215636514e-08,1.7939562017002213e-06,1.4570957183152959e-05,0.0001651021584027674,2.3294254014516558e-08,6.609271526902747e-06,0.0002977266289741075,0.002484369683175097,1.9253941636859864e-07,0.07855856277549787
