,0,1,2,3,4,5,6,7,8,9,10,11,12,13,14,15,16,17,18,19,20,21,22,23,24
0,2.239915748806255e-07,1.8031798647449325e-05,8.561099558696928e-07,0.00012544888891038482,1.1936727835184182e-05,0.09594453770921872,0.2912028575450624,3.949513837623321e-05,0.0005609221165128616,0.001722452636628029,0.00031824011511898733,3.321446776073836e-07,8.742291519831868e-06,0.0022352175001216067,0.5865743283634803,0.010908805760318755,0.00021130133380013142,8.056022156015501e-08,0.00017248467033235466,2.2727455239611657e-05,0.0003722201198974932,0.007839248960872834,0.0016464825724966572,2.297420070177803e-06,6.0728069109919534e-05
1,2.88019665635825e-07,1.892475416589525e-05,8.761802420976967e-07,0.00014532481343289063,1.3490718354053016e-05,0.11442351876930516,0.30801490771258233,5.3175234536073666e-05,0.0010397751078010827,0.0026558883538323826,0.0002890613379486679,2.383620846385577e-07,9.323883529186438e-06,0.0015779392005707716,0.5437729216353089,0.019524018121710972,0.0002141377999981427,6.383021241932199e-08,0.0002193253466088585,2.2836862908899276e-05,0.00027203956142562394,0.006289134530782999,0.0013949368013977572,3.017275513261354e-06,4.4835786081353676e-05
2,3.3991094671764704e-07,4.991546640175309e-05,1.3036317628277656e-06,0.0002052741336096812,1.3559806418307097e-05,0.2098539593267258,0.2587641586557162,3.6988491699063815e-05,0.0003606028304848096,0.0013552320581056339,0.0007908847388551375,1.4986149372014024e-06,2.3658245384341826e-05,0.002739184421747807,0.4961273138865203,0.02077095133984578,0.0005757289206121438,1.4580359583941588e-07,0.00021782107069793913,1.0476285385624435e-05,0.0007618567281811131,0.005906820070986196,0.0013962492331870719,1.8052546456207506e-06,3.4271073546965926e-05
3,2.23933991074864e-07,1.7963462054655514e-05,8.559857558967002e-07,0.00012512891985245393,1.1895871440576893e-05,0.09624629725932986,0.29147990076022773,3.958693298627437e-05,0.0005606619576565444,0.0017272684038387891,0.0003167461301176803,3.314224846311123e-07,8.737625229798728e-06,0.00222782425855017,0.5859756492948033,0.010935765622732676,0.00021092845984570666,8.048805977220337e-08,0.0001732513909232611,2.288254138195007e-05,0.0003722030786566903,0.007835744044085125,0.0016470803651570888,2.297897428592493e-06,6.069389340970162e-05
4,2.533463770953949e-07,2.5117317405006673e-05,1.0184712167107073e-06,0.0001448716087206124,1.5359166343437668e-05,0.10472039040064134,0.30454575742923523,4.2082672143171925e-05,0.0006007940494097538,0.0017332714407043163,0.0004402684857222315,5.264162116323353e-07,1.3713425027050709e-05,0.0029424611489902155,0.5612170763594992,0.011834516395371955,0.0002651436239117571,1.0487342251365348e-07,0.00020317816185597178,2.4241322342294475e-05,0.0004284811162005463,0.008906387306793368,0.0018263800899996018,2.3436877739731783e-06,6.626168468083923e-05
5,3.1716544474658783e-07,1.586827503616538e-05,1.0146782229801535e-06,0.0001921332975317097,1.2996457720953981e-05,0.09963172261602334,0.3507629702588083,4.8068191489152064e-05,0.0006626615759785295,0.002566115782944279,0.0003392494360286427,4.5060860760535037e-07,9.799447901008323e-06,0.0031905592613734736,0.5157234637560552,0.014800772680093471,0.00028724421510919096,1.824726758388772e-07,0.00014880471959427536,3.770591487449951e-05,0.0004590473456141603,0.00888897898478267,0.0021255589561508456,3.619320056257729e-06,9.069458188279094e-05
6,2.23933991074864e-07,1.7963462054655514e-05,8.559857558967002e-07,0.00012512891985245393,1.1895871440576893e-05,0.09624629725932986,0.29147990076022773,3.958693298627437e-05,0.0005606619576565444,0.0017272684038387891,0.0003167461301176803,3.314224846311123e-07,8.737625229798728e-06,0.00222782425855017,0.5859756492948033,0.010935765622732676,0.00021092845984570666,8.048805977220337e-08,0.0001732513909232611,2.288254138195007e-05,0.0003722030786566903,0.007835744044085125,0.0016470803651570888,2.297897428592493e-06,6.069389340970162e-05
7,2.3216595275771163e-07,2.4948519528906273e-05,1.1529344207089648e-06,0.0001131185405737697,1.2929624673538975e-05,0.09963915413675123,0.27372361220728647,4.5053224325879355e-05,0.0004817993406695856,0.0013725739893528253,0.0004016263508277461,3.915844564378113e-07,1.3270148663104493e-05,0.0018485321727901916,0.6025911720075333,0.009718634083044414,0.00019440138410006198,6.630499388680307e-08,0.00021651191169174967,1.9174427319452216e-05,0.0003677583845754063,0.007925054069724043,0.0012476580518130144,2.0653549143809445e-06,3.910908001697836e-05
8,2.2672289559964718e-07,1.1142317085463464e-05,9.277328479922166e-07,0.0001468424729131259,1.1371283643527672e-05,0.042941469213417835,0.224673975816501,1.938387800828157e-05,0.0007619796137060966,0.002628032906734726,0.00024297675185259437,9.183370075070869e-08,2.6770886271376845e-06,0.003040376006811536,0.7110522362147196,0.004315530183836184,0.00010780220768566803,7.077417507781753e-08,6.233932978179404e-05,1.803550802252933e-05,0.00025498663419626144,0.008236447713954608,0.0013385119212147981,8.263624150145342e-06,0.00012430224951760644
9,2.714660432279819e-07,1.0748450375019708e-05,1.7335955916538243e-06,0.00024306883503867876,1.1958032490469946e-05,0.09623496807954358,0.1866714577078133,4.462723275716201e-05,0.0007495710887322989,0.0035913912612713294,0.00036962470048062526,1.637112792047741e-07,6.815623723811406e-06,0.003196701663491182,0.6854501163027692,0.010472893273749916,0.00022137065054026654,8.209827054629052e-08,0.0001344173467005449,3.739708350957907e-05,0.00039039511239521247,0.010175920984984875,0.0019213470937858568,8.58166230648853e-06,5.437694235585507e-05
10,2.23933991074864e-07,1.7963462054655514e-05,8.559857558967002e-07,0.00012512891985245393,1.1895871440576893e-05,0.09624629725932986,0.29147990076022773,3.958693298627437e-05,0.0005606619576565444,0.0017272684038387891,0.0003167461301176803,3.314224846311123e-07,8.737625229798728e-06,0.00222782425855017,0.5859756492948033,0.010935765622732676,0.00021092845984570666,8.048805977220337e-08,0.0001732513909232611,2.288254138195007e-05,0.0003722030786566903,0.007835744044085125,0.0016470803651570888,2.297897428592493e-06,6.069389340970162e-05
11,2.2810650971515226e-07,2.0482473996429534e-05,9.217468155371571e-07,0.0001313243748461019,1.2589740749884147e-05,0.1044389230464913,0.30113280837556444,4.4966203400644224e-05,0.0005755107338411938,0.0016795931202707884,0.0003377309624390317,4.0122765795340866e-07,1.1100275825519372e-05,0.0022842168781434112,0.5666417822136662,0.012008406867937641,0.00023788883437958995,8.459507781561495e-08,0.00019423214174519874,2.3677020025487755e-05,0.0003764869799376418,0.008121793189106745,0.0016655160342124336,2.157235764632508e-06,5.717762159441603e-05
12,3.1481023951549834e-07,3.6689201760882206e-05,9.397928089985423e-07,0.00020337970298420327,4.926666543445469e-05,0.15935802238168253,0.3919613069956567,1.5279659439507446e-05,0.0006485474519236169,0.001250206169011462,0.0004935477163485218,1.1235645066628729e-06,1.194102197693845e-05,0.009922254165242748,0.4158662093426677,0.010028046290510717,0.00023912531677370668,4.443470543291929e-07,0.00011172634592809928,5.064759367819666e-05,0.0005616359037208686,0.0038785841601696926,0.004969880758053707,2.4591496322845132e-06,0.0003384214927941976
13,2.199862193794896e-07,6.854740710286496e-06,5.328277230017502e-07,7.11636225255944e-05,4.196085224883027e-06,0.1308141015662917,0.5856851013827143,9.652198217895589e-05,0.0011412498986322992,0.005733150633228278,1.6462728544797244e-05,9.267029902321373e-08,2.168291984927939e-06,0.0008539249825774466,0.24729141299250862,0.01696456123780557,0.0001738393688328665,8.71677978619666e-08,0.000146449617890589,7.140126041566362e-05,0.00017832750592464142,0.009816418693341248,0.0008158314673493957,1.4410440859178354e-06,0.00011448824519277897
14,2.51420741256861e-07,2.643041876469283e-05,9.29673217851771e-07,0.00010960048499706502,1.5210853000787937e-05,0.11825212731928024,0.3041939275075794,3.638276464318889e-05,0.00047091631287438665,0.001555636975207547,0.0003969170165646303,5.054849543464783e-07,1.2491048822214456e-05,0.002372568415455048,0.5508152746228497,0.012127601735345876,0.0002060936078532153,8.791827535555706e-08,0.000250396441532542,2.207467484693465e-05,0.0004289929493307954,0.007126689944879088,0.0015206127658137377,1.7710199226861891e-06,5.650862324752074e-05
15,2.23933991074864e-07,1.7963462054655514e-05,8.559857558967002e-07,0.00012512891985245393,1.1895871440576893e-05,0.09624629725932986,0.29147990076022773,3.958693298627437e-05,0.0005606619576565444,0.0017272684038387891,0.0003167461301176803,3.314224846311123e-07,8.737625229798728e-06,0.00222782425855017,0.5859756492948033,0.010935765622732676,0.00021092845984570666,8.048805977220337e-08,0.0001732513909232611,2.288254138195007e-05,0.0003722030786566903,0.007835744044085125,0.0016470803651570888,2.297897428592493e-06,6.069389340970162e-05
16,1.4006408090661258e-07,1.710592987755373e-05,7.440381632117906e-07,8.276491170612265e-05,1.0293112529246525e-05,0.09529052481609383,0.20009969061288072,3.86853146040603e-05,0.0007118584227722315,0.0007970123578280914,0.0002621682374339989,1.3570735785356573e-07,8.165343313731524e-06,0.0011140333510018107,0.6867279798199212,0.007900619402037234,0.00014258672123753985,2.0960303018609877e-08,0.00017182778632855806,1.2829527394259432e-05,0.00012963565017382996,0.005150839932341309,0.0013023554916928698,1.8781035433220982e-06,2.6104385383676912e-05
17,4.788112849900404e-07,3.324264189365722e-05,1.1276743777069705e-06,0.00018750043220240207,1.7905774774083345e-05,0.09204086292823158,0.46795800985121594,6.905307716060347e-05,0.0005618741158338649,0.002085973702099195,0.0004779441555667544,2.029512117413597e-06,2.310061474500064e-05,0.007230127343342767,0.39131486144555483,0.012281578959504585,0.0005921401473202257,5.42032478258691e-07,0.00025562750840642896,5.476841587252046e-05,0.0009593186867029611,0.01965726900438028,0.003966987345850646,1.9673132337305073e-06,0.0002257085058494172
18,4.816828224646422e-07,3.212804323087857e-05,6.131110351843119e-07,0.00010687183010799084,8.66716303400174e-06,0.0950210543421211,0.49005847294013133,4.615716158955765e-05,0.0008384958467930767,0.0028301607251388096,0.0003027716653047851,1.1620913552159417e-06,1.2912781498198607e-05,0.00549174961978554,0.3689633641772031,0.011078416358921624,0.0006815676409831708,4.116351185083434e-07,0.00019103557504691402,3.944041612221137e-05,0.0005168543682743962,0.020524201585785724,0.0029322618830849656,2.2760888434867225e-06,0.00031847126666791347
19,2.022331264742329e-07,2.1234802996352087e-05,1.1642761022661623e-06,0.00014035685750839267,1.6467251447299814e-05,0.08459388458575294,0.3356177160807344,5.74541025801022e-05,0.0005495059607679509,0.0014617903800725792,0.00031202822433259124,4.938167185553903e-07,1.2999491377398286e-05,0.0023754613343186896,0.5522817406298359,0.010183500921123826,0.00020459643537164523,9.041028089894059e-08,0.00020807985004706918,2.6798388723309092e-05,0.0003912532448400592,0.010107936581676432,0.0013804958485354052,1.7728655355354614e-06,5.297542619395149e-05
20,7.744431852791379e-07,5.939059795284187e-05,1.318689372025232e-06,0.00029057559875456855,2.7633630877391677e-05,0.40368383343637115,0.3310233538031694,3.143779809712798e-05,0.0017041426651524963,0.004395016203097152,0.000526844621814274,2.070506180049061e-06,3.057936140738788e-05,0.00915561638391617,0.1937049533567355,0.045116553540118225,0.0010663715162667255,7.763976672964638e-07,0.00018644373461467972,5.396532706036823e-05,0.00038974153839291026,0.005524370104844252,0.0028567031979794236,4.428158093277033e-06,0.00016310538888014575
21,5.370220466110683e-07,3.599461615323893e-05,1.4524455555479094e-06,0.00023653564803112113,2.8601744578684857e-05,0.11626624433880946,0.31679028475490123,4.108073697684891e-05,0.0007241244279244087,0.003970451575397426,0.0006983123905943893,1.0629124932324095e-06,1.5654012845057042e-05,0.0054042702209326655,0.5233584825814594,0.018233947505266464,0.0003400124489461679,2.8494147038150205e-07,0.0002617800741800369,3.855474459115479e-05,0.0010223549745620286,0.010111593858177864,0.002291444547305789,4.085090906612045e-06,0.00012285238589406937
22,3.2537495240543346e-07,1.6803628766258855e-05,1.343551174916746e-06,0.00022237020111942767,1.1318867638914637e-05,0.11469846192820471,0.2384438212611054,4.5301057765445183e-05,0.0004913982587627424,0.003090511630185899,0.0005555015985046993,5.68345507450489e-07,1.0728972584944494e-05,0.0033469940518894357,0.6079523780878311,0.016605107328306442,0.00041594632557418257,1.560368307579493e-07,0.00017536011806198776,2.8784157026498823e-05,0.0007002257885979946,0.01127078337266863,0.0018569138595515896,4.096354713792609e-06,5.479984267437228e-05
23,2.23933991074864e-07,1.7963462054655514e-05,8.559857558967002e-07,0.00012512891985245393,1.1895871440576893e-05,0.09624629725932986,0.29147990076022773,3.958693298627437e-05,0.0005606619576565444,0.0017272684038387891,0.0003167461301176803,3.314224846311123e-07,8.737625229798728e-06,0.00222782425855017,0.5859756492948033,0.010935765622732676,0.00021092845984570666,8.048805977220337e-08,0.0001732513909232611,2.288254138195007e-05,0.0003722030786566903,0.007835744044085125,0.0016470803651570888,2.297897428592493e-06,6.069389340970162e-05
24,2.7795124862203595e-07,2.584904956690502e-05,1.1650305531097147e-06,0.00025158594519903316,2.9905287567596836e-05,0.10982431360872287,0.34443253529625023,4.9407669090615374e-05,0.0007272384161767675,0.0019751101455343567,0.0005260366085963214,7.608673096263997e-07,1.869074529190511e-05,0.0048082527090975635,0.506933600914766,0.019181467879507665,0.00028216352293400647,1.7148227785240096e-07,0.00020534341586584293,3.270175113182594e-05,0.0004752976526242027,0.007667718132935885,0.002467461074317576,2.638690175851612e-06,8.030615325766223e-05
25,2.2206177466151478e-07,1.2190739515116233e-05,8.380723683622588e-07,0.00016807475263946368,1.2873603778597276e-05,0.05423515698382468,0.31791311896779856,6.960955516033905e-05,0.0003219405897617922,0.0012619386255988603,0.0004661782241126108,4.2936412086970806e-07,1.302015861342765e-05,0.0016570039232010182,0.5994079604092812,0.014551521634105053,0.00016620248887466016,9.000045378941763e-08,0.00020416963932349115,2.0806647867872272e-05,0.0005295279578854098,0.007243464090668193,0.0017110619241385734,1.6560777187448956e-06,3.094350741452737e-05
26,3.2362229685933197e-07,1.9954720529564008e-05,9.514149301085109e-07,0.00017027552631758986,1.243758640763498e-05,0.11846626525899905,0.2440707363970475,4.839368596230506e-05,0.0015200895448281289,0.0014764198868085904,0.0002958239446605828,1.8147349722803284e-07,8.085789603576903e-06,0.0017575830676901576,0.6131209579642053,0.009844474077006438,0.0002775466080446138,6.172415919996693e-08,0.00012329868742495464,2.531552039141986e-05,0.00021805601932720596,0.005670438319582582,0.002797390438633667,5.4913526952435225e-06,6.94473689504687e-05
27,1.6634159968518252e-07,1.3952472440812989e-05,6.364715323944157e-07,8.115493539427921e-05,8.411043130138234e-06,0.06821072974301345,0.3011410246283672,3.622119179030781e-05,0.0007071089219983433,0.0016313530084060104,0.00019369215272632158,1.570992231485261e-07,5.528055074579408e-06,0.0015613468250695638,0.6085541055404368,0.006784828518663394,0.0001464333903616625,4.278787378790019e-08,0.00014343704382893256,2.0060374711384613e-05,0.0002138882941535293,0.00925881587865869,0.0012229374618356948,2.3452385006564767e-06,6.162258120924803e-05
28,2.23933991074864e-07,1.7963462054655514e-05,8.559857558967002e-07,0.00012512891985245393,1.1895871440576893e-05,0.09624629725932986,0.29147990076022773,3.958693298627437e-05,0.0005606619576565444,0.0017272684038387891,0.0003167461301176803,3.314224846311123e-07,8.737625229798728e-06,0.00222782425855017,0.5859756492948033,0.010935765622732676,0.00021092845984570666,8.048805977220337e-08,0.0001732513909232611,2.288254138195007e-05,0.0003722030786566903,0.007835744044085125,0.0016470803651570888,2.297897428592493e-06,6.069389340970162e-05
29,2.23933991074864e-07,1.7963462054655514e-05,8.559857558967002e-07,0.00012512891985245393,1.1895871440576893e-05,0.09624629725932986,0.29147990076022773,3.958693298627437e-05,0.0005606619576565444,0.0017272684038387891,0.0003167461301176803,3.314224846311123e-07,8.737625229798728e-06,0.00222782425855017,0.5859756492948033,0.010935765622732676,0.00021092845984570666,8.048805977220337e-08,0.0001732513909232611,2.288254138195007e-05,0.0003722030786566903,0.007835744044085125,0.0016470803651570888,2.297897428592493e-06,6.069389340970162e-05
30,2.23933991074864e-07,1.7963462054655514e-05,8.559857558967002e-07,0.00012512891985245393,1.1895871440576893e-05,0.09624629725932986,0.29147990076022773,3.958693298627437e-05,0.0005606619576565444,0.0017272684038387891,0.0003167461301176803,3.314224846311123e-07,8.737625229798728e-06,0.00222782425855017,0.5859756492948033,0.010935765622732676,0.00021092845984570666,8.048805977220337e-08,0.0001732513909232611,2.288254138195007e-05,0.0003722030786566903,0.007835744044085125,0.0016470803651570888,2.297897428592493e-06,6.069389340970162e-05
31,3.822227079790614e-07,2.268864712408296e-05,1.5126405058190135e-06,0.00014872734522424156,1.4235042065320514e-05,0.10092916804401497,0.3396501823007496,9.370827777252794e-05,0.0005005063218719961,0.001647461128900946,0.00029101945147115793,6.220112284269593e-07,1.472731113230968e-05,0.002272592254471924,0.5274707895174809,0.012208592373272037,0.0002822065369590628,1.5547081879335309e-07,0.00029326423927095293,3.991815312135433e-05,0.000572750313897305,0.011306802204383916,0.002163653708784564,2.01935165255698e-06,7.231513111709964e-05
32,2.170375726211583e-07,1.7656976117820438e-05,8.565365757249617e-07,0.00010815414027951727,1.1824183695468625e-05,0.09342442418789704,0.2903653204122895,4.244553077364344e-05,0.0005038480087592284,0.001593599741214134,0.00030267737691599885,3.3554958128011546e-07,9.057488652237362e-06,0.002013946936383843,0.5902681894643526,0.010758072623082298,0.0001927151618440515,7.237611690712411e-08,0.00021505467712337148,2.3658242215875225e-05,0.0003646432653831834,0.00813745542724849,0.0015874614942426627,1.957522609567016e-06,5.635563907303907e-05
33,3.097382180574008e-07,2.900886313587133e-05,9.663329660422628e-07,0.00015960245678048841,1.047472094775039e-05,0.14835430767229746,0.4494300979041531,7.78473872122015e-05,0.0008205418146631251,0.0029929494600280378,0.0004038094799302761,1.2777489095883164e-06,3.103215799069915e-05,0.004766885979882261,0.3443276641525292,0.024354693902436764,0.0007890150739340724,2.421289695853443e-07,0.0002720068518315432,3.901249664699362e-05,0.00035357317638799664,0.020958285062847797,0.001751568809018678,1.8340285719669511e-06,7.29925997105175e-05
34,4.653910187455646e-07,4.301323726696419e-05,1.322977318473412e-06,6.870529232992765e-05,2.074069270299183e-05,0.05659551416161983,0.17309544122219414,3.305867602988584e-05,0.0008005657615283797,0.001296540265676088,0.0006426719631396822,3.07633851750006e-07,1.1240824742341675e-05,0.0020468113188402523,0.7477879683807735,0.0047181821169666825,0.0001345777694843277,4.77003253377969e-08,0.00043844701870854455,1.456943779746046e-05,0.0003106164908662074,0.010316036521555303,0.0015480233753528833,3.4608409330061724e-06,7.167092897724464e-05
35,1.1446224468177016e-06,4.217130138919897e-05,1.1371779299017254e-06,0.00017106439047291468,1.1660671926019636e-05,0.10212154692226219,0.4794375967045707,0.00014419864949840035,0.0015264641319631127,0.004157159659132914,0.00032356205301468943,1.1841440840759323e-06,1.9169608588357324e-05,0.0022649048230143597,0.36343822855658214,0.026417266706300672,0.0007313808942179264,3.807941416442969e-07,0.00034054534845999414,3.428106364794142e-05,0.0005005483547827475,0.016572113130518755,0.0016334813682530398,3.042970177381256e-06,0.00010576595262405303
36,2.3930034915094617e-07,1.7764668676557313e-05,1.5701748039667352e-06,0.00010225846326248143,3.092128718910106e-05,0.05304596508043275,0.13642612572997057,9.247989619222145e-06,0.0002119364953184952,0.0012895961852511107,0.0005098326432116349,1.1040569377149879e-07,2.9317170634143236e-06,0.001602222634590412,0.7997213594280442,0.002850237649827838,2.4904842835103197e-05,4.280106625685193e-08,0.0001378819349641669,1.4529147200661424e-05,0.0008192856213776708,0.002027176837462523,0.0010941919872033356,4.230632534322033e-06,5.543634205115609e-05
37,4.311802163346092e-07,1.659741768810266e-05,1.336080708601332e-06,0.0002161394105030612,1.4276649347865166e-05,0.07996894942520547,0.27081533580822054,3.40317198409684e-05,0.0005886097048641062,0.002604190004610684,0.0005735747053798167,4.364518812587496e-07,8.979254966624822e-06,0.003910344113416776,0.6174360899775773,0.011690328866322586,0.00027216228111075116,2.116918840313483e-07,0.00013773542971681004,3.0816635366993404e-05,0.0004823359451019859,0.00896568048998195,0.002129544014363786,6.98059910927988e-06,9.488214261422745e-05
38,9.350448181966015e-07,7.964642647859016e-05,2.4400616747681647e-06,0.0002837776760869681,6.234636983501671e-05,0.038823769334102226,0.2500440573752537,3.9036881780502474e-05,0.005731985691392346,0.005277857455757969,0.0006687185354720617,6.142708244968074e-07,9.08464930590658e-06,0.01214812083071895,0.6482573578694814,0.0036079848768790284,0.0003782167269867357,3.1755581188124343e-07,0.00010489174831810789,3.3487216820528044e-05,0.00043370285923033066,0.031468219359895896,0.0020346073013360073,1.5806656256800554e-05,0.0004930172254817077
39,1.634347326652912e-07,9.166869365308929e-06,5.456861593191939e-07,0.00011013315967302137,6.349848209180171e-06,0.08845374919416957,0.36929947618348896,6.490776757643784e-05,0.0003051289407390512,0.0012093111384586127,0.00015285076944191497,2.8344074312735516e-07,6.736620873819622e-06,0.0012372465148499366,0.5165133169019346,0.012328834903224254,0.0002005347328473061,7.299395335516354e-08,0.0001771245797027841,2.6303952658396138e-05,0.0004730678559252981,0.0071660437767046194,0.002199103316390027,1.0688054374270246e-06,5.847861274102603e-05
40,2.2370269916989294e-07,1.8017130086218534e-05,8.590734822598985e-07,0.00012485373533968727,1.1930227365413802e-05,0.09630194951973378,0.2909239198795525,3.944529008469266e-05,0.0005585642863244788,0.0017234943404132322,0.00031716186107127856,3.322636692109686e-07,8.739307647262531e-06,0.002232803558498388,0.5865192889479448,0.01089073975544495,0.00021049664277359809,8.045125786250009e-08,0.00017355123591869425,2.2866734722530233e-05,0.0003724880615684686,0.007842471889383938,0.0016427212522560364,2.294816336685497e-06,6.0706036424880776e-05
41,2.265156602606056e-07,4.129766103440007e-05,9.725004493731644e-07,0.00021673421348384595,2.9766866217562643e-05,0.17010879795369885,0.2657196674680112,4.1029838939182755e-05,0.002401789236101058,0.002024091776722085,0.00032059076460163753,2.0952711046212722e-07,1.2108310171369071e-05,0.002127704699818349,0.5326550647226117,0.01859364904152619,0.0002376143224789885,4.329647461715362e-08,0.00011470491695440007,1.4722081686869292e-05,0.0001714211186942996,0.0036155507402399045,0.0015039418082255572,3.1233952197345433e-06,4.517722386803383e-05
42,1.4952763327908693e-07,1.1662957524437163e-05,1.2403259066697432e-06,6.1019955401426585e-05,5.697042038816121e-06,0.05796353626437089,0.22031375251324306,0.0001248796608313116,0.00023819929205023588,0.0016937346336183183,0.00017031326875580345,3.010205813915566e-07,8.58925777309035e-06,0.0007636459333679529,0.6835951634593307,0.008410683281031221,0.0001653631632353973,2.4975992787011583e-08,0.0005941772462994025,2.187504481983867e-05,0.0005294577102759057,0.0246790682721855,0.0006306517054584837,8.390225025102552e-07,1.5974465771582022e-05
43,2.643146490705565e-07,7.034885570395539e-05,8.545663595899802e-07,0.0001147296367550111,2.6380884980510943e-05,0.08936256509522639,0.34145263789693364,2.084352212188526e-05,0.00017920235363925647,0.00014890332805609388,0.0010084876419968153,3.6272156552400927e-06,3.1578288058544725e-05,0.004305977751290928,0.5487081980166482,0.006959652208713629,0.0002976136285494506,2.513442607170689e-07,0.00015871209173503006,6.669734727077968e-06,0.0004370519497811841,0.004024961453098135,0.002589494629806074,6.824991416215062e-07,9.031109211199148e-05
44,2.23933991074864e-07,1.7963462054655514e-05,8.559857558967002e-07,0.00012512891985245393,1.1895871440576893e-05,0.09624629725932986,0.29147990076022773,3.958693298627437e-05,0.0005606619576565444,0.0017272684038387891,0.0003167461301176803,3.314224846311123e-07,8.737625229798728e-06,0.00222782425855017,0.5859756492948033,0.010935765622732676,0.00021092845984570666,8.048805977220337e-08,0.0001732513909232611,2.288254138195007e-05,0.0003722030786566903,0.007835744044085125,0.0016470803651570888,2.297897428592493e-06,6.069389340970162e-05
45,4.6672351898648966e-07,4.315262696579708e-05,1.3224108602239848e-06,0.00018342350976687297,2.3455703592824565e-05,0.1285136746100619,0.3177508942070768,3.665980966186627e-05,0.0009237316140714289,0.002760558756670215,0.000604217446019298,9.448543100990313e-07,1.5647910930500784e-05,0.005801448073619352,0.5149469968846592,0.01202554205247532,0.0004235688035146202,2.341334066740874e-07,0.0002217082995308464,3.3190461188478885e-05,0.0006752159476087681,0.012227846603972565,0.002629179500663498,3.6127088142131573e-06,0.000153306347039691
46,2.8701057398918015e-07,1.9185849759574498e-05,9.816640392773308e-07,0.00016550267179698698,9.13693487775869e-06,0.13355711035707482,0.2751635240912836,5.7780399194624384e-05,0.0006040290173925877,0.001901645521945915,0.0003556997412728846,4.6934577842219853e-07,1.1864377401391595e-05,0.0021687843234485457,0.5583078424756525,0.01563479146920783,0.00040535399103002,1.0200590938401707e-07,0.00018720532284367613,2.5068733511684106e-05,0.0004338779134160025,0.008968012936145846,0.00196880034768531,2.684540813558189e-06,5.025895794397078e-05
47,6.371955124370423e-07,5.089019818155104e-05,8.950143611805315e-07,4.0793905563249306e-05,6.515635230990239e-06,0.08413110709965939,0.4663284772293936,9.263525658938481e-05,0.0007173257119640041,0.002919992274945947,0.00017928730785328462,1.4428617157223015e-06,1.4389001328909687e-05,0.001623658544809186,0.39397084235512725,0.010165740135068243,0.0005148016366819159,1.86319515370037e-07,0.0006494105198684278,3.197449939418125e-05,0.00045668208808952323,0.03719221836093099,0.0007815423596437239,1.1740961572877848e-06,0.00012738039241426007
48,2.3173276634662383e-07,1.6584787265355787e-05,9.346039367768131e-07,0.0001357993747975023,1.569607608432411e-05,0.07507970689406691,0.28228560212124576,3.084398503617879e-05,0.0005694429673590082,0.0020532364611888405,0.00035060263674029877,3.040565388887796e-07,7.094569305917701e-06,0.0028386235107924784,0.6167448069841847,0.009381182763945388,0.00016166531629940048,9.61112799158252e-08,0.00014688660533847627,2.5246136545920203e-05,0.00041607152441114326,0.008008939820490937,0.0016466586901557761,3.0032115000770958e-06,8.073905872383907e-05
49,2.4126829354519444e-07,2.625223847591557e-05,1.5789115271867708e-06,0.00011344357138912118,1.2905442449265842e-05,0.13466853742707402,0.280429971913844,4.080176935686053e-05,0.0004090826224519852,0.002007290319424333,0.0003431309180456194,7.313215316575461e-07,1.2521944790222898e-05,0.0031682250913370067,0.5529654874480876,0.009201825105998035,0.00029790806216630964,1.2239729980083694e-07,0.0002622322385594059,3.359913371758325e-05,0.0005381556581711632,0.014166711300274897,0.001231709759434592,2.085368536971054e-06,6.544876776275727e-05
50,1.3354896796067318e-07,7.108725749961016e-06,2.893804082819503e-07,3.301970845294055e-05,4.16552416983181e-06,0.02363499709786965,0.559639642923869,3.758328042357138e-05,0.0004565071524284453,0.0027223741310767146,6.174669255606599e-05,7.997412170318269e-08,2.494966689956347e-06,0.0010046080774311803,0.3930542497879079,0.004778336444478447,5.657923275854071e-05,4.70909976992003e-08,0.0001432215718555998,2.0349892494089705e-05,0.0001661762819779113,0.013556918225721984,0.0005230700069893069,1.0658990621262022e-06,9.523438154109551e-05
51,2.524594905752721e-07,2.6458121713070354e-05,1.105041461681969e-06,0.00016382901850905366,1.5305570219916224e-05,0.09911475740202848,0.27779026273305263,4.395242370894849e-05,0.0007930559907616077,0.0020534448544657284,0.0003866119287557898,3.7562847235789297e-07,1.0856857307998136e-05,0.0025445949548883215,0.5951715114754873,0.010964578865576616,0.0002484770805783275,7.874905804311482e-08,0.00015726678342595313,1.8783761815748644e-05,0.00038451232689499766,0.008718695593327672,0.0013361844517230806,2.810213173092853e-06,5.223771410305487e-05
52,3.3111018653156886e-07,1.402740496644137e-05,1.3018585120606997e-06,0.0002201496378351104,1.337679968693719e-05,0.12696426088294444,0.2800498952527275,4.31343064929728e-05,0.0006832771385694478,0.003477888197336682,0.0004675569034354505,3.5446136681487814e-07,1.0986066154083963e-05,0.003145913885961206,0.553952316137785,0.02019446019629138,0.0002845838779834591,1.5145782158911384e-07,0.00016630706060329905,3.834122529508491e-05,0.0003886663680520812,0.008051640325055795,0.0017708395834061452,5.260461191610957e-06,5.497940033896716e-05
53,2.477378065991248e-07,2.053519389576422e-05,9.990221910091046e-07,0.0001334571352954271,1.2977493582991768e-05,0.1054018306271959,0.27461396239822994,4.022727394690043e-05,0.0005641922251084977,0.0018416423227770723,0.0003553080173243448,3.850570638357594e-07,9.638320774999441e-06,0.0024400051827728588,0.5924248475112108,0.011176186535474492,0.00023446317126836843,8.704499878114404e-08,0.00018981517286660335,2.349171988122964e-05,0.00041704249461698426,0.008389540505741788,0.0016462044069941088,2.4708350637473113e-06,6.044259391680472e-05
54,2.0024738551023236e-08,2.1547375396464413e-07,4.508746332568946e-06,0.0005110607259965613,4.878558729645726e-06,0.052157485648536936,0.011850235178681978,2.40597223910429e-05,2.275941208157613e-05,0.00017469841497276363,0.0007885202685767438,1.442035820889754e-08,3.037467798184927e-06,0.0005698190077828351,0.926552671055333,0.0019390567604514887,2.9119469948151666e-05,5.339500353789172e-09,3.97687597142829e-05,3.40302853559895e-05,0.0005054921931203881,0.0014177941227156488,0.0033620074339575866,7.967153308084222e-06,7.74355863602086e-07
55,7.310633505840241e-07,0.00011060556936542722,6.858019807546251e-07,0.00011924037582332598,3.720764344074354e-05,0.07135503168579553,0.6048398190363247,3.162689332043241e-05,0.0013992290951549064,0.0016385809450736016,0.0004559551125957784,3.6152722398596306e-06,2.0729511451346468e-05,0.004821257235170012,0.2912338705413143,0.012881821966824015,0.00040288769645639374,6.402554334433429e-07,0.00019766518374415083,2.0065363051920207e-05,0.0005062061922280721,0.008058403724047272,0.001520219669391408,1.6177117372496372e-06,0.0003422864546848634
56,2.3578382411103528e-07,2.13710236374879e-05,9.385993050847325e-07,0.0001293183540427839,1.3181673452353611e-05,0.09972776938789879,0.29786930575378484,4.14567776059273e-05,0.0005865772841990665,0.0016742992609307054,0.00036142899498700957,4.023874869841716e-07,1.0998756664997058e-05,0.0023919456715867675,0.5753113210375014,0.011282145509693033,0.00022841282894718219,8.777657867837505e-08,0.00018792622961939814,2.290210075719598e-05,0.00036787279842291696,0.00808675133701326,0.0016208497718419805,2.3002948056630734e-06,6.0200605412438544e-05
57,2.6811173307682824e-07,2.528728132616365e-05,1.464394332185808e-06,8.27933672468831e-05,1.4619363922096404e-05,0.09778821557755242,0.2844362646414062,7.365594520577854e-05,0.000295065808557708,0.001505607388468445,0.00033836004592285786,1.0833265663491579e-06,1.541729644768652e-05,0.0021370215927161303,0.5804457006211473,0.010597102986666058,0.00025644641559180806,9.665274952379903e-08,0.0007029309143044045,3.520664982388076e-05,0.0007907123959732638,0.019007239173247457,0.0013958107397533184,1.0342015812586348e-06,5.259510775772996e-05
58,2.2111246023616144e-07,1.6318525220227314e-05,9.272183836368678e-07,0.00012259421670897356,1.1039846958415672e-05,0.086910248465943,0.25514766897576097,3.5652302832283464e-05,0.0005723059942685561,0.0017834963637315966,0.0003338657244223176,2.687288290813103e-07,7.835467320874759e-06,0.0020684279373309016,0.6331351053687767,0.00979400508528668,0.0001923235874873029,6.970938058666094e-08,0.00015900267732653532,2.1682072791483704e-05,0.0003274041826052816,0.007822616580680121,0.0014783026956816877,3.056754425546222e-06,5.5560405387137436e-05
59,2.2279221407071527e-07,1.5282657999428172e-05,1.01910707355227e-06,0.000131852341862512,1.1138673839069828e-05,0.0850151964164195,0.23660008503490904,3.4119421793122724e-05,0.0005599351602504264,0.0018783208448015342,0.00033770867039636715,2.4457305248014585e-07,6.9602190841493125e-06,0.0020949259892781296,0.6542737327460112,0.009185789334833933,0.00018582161415156532,6.940475997323614e-08,0.00014797037486027903,2.210403154388397e-05,0.0003440604754250331,0.007638178124713344,0.001457161421979036,3.572341489935033e-06,5.452822725831433e-05
60,2.23933991074864e-07,1.7963462054655514e-05,8.559857558967002e-07,0.00012512891985245393,1.1895871440576893e-05,0.09624629725932986,0.29147990076022773,3.958693298627437e-05,0.0005606619576565444,0.0017272684038387891,0.0003167461301176803,3.314224846311123e-07,8.737625229798728e-06,0.00222782425855017,0.5859756492948033,0.010935765622732676,0.00021092845984570666,8.048805977220337e-08,0.0001732513909232611,2.288254138195007e-05,0.0003722030786566903,0.007835744044085125,0.0016470803651570888,2.297897428592493e-06,6.069389340970162e-05
61,2.3067641023774274e-07,1.5360603495223194e-05,1.0772278274836595e-06,0.000138647385081286,1.1325848685522953e-05,0.09095016660993778,0.23715936356815173,3.8028838400525446e-05,0.0005422947510018827,0.0018773323779209868,0.0003355986056591797,2.638882883730546e-07,7.45491351123919e-06,0.002134184974672893,0.6468311165255447,0.00981457986811441,0.00019820421198582576,7.427003553968819e-08,0.00015627404533505806,2.3547909588891054e-05,0.0003656757462012735,0.007810685339324252,0.0015319949677670044,3.33888178470211e-06,5.317796527418304e-05
62,2.23933991074864e-07,1.7963462054655514e-05,8.559857558967002e-07,0.00012512891985245393,1.1895871440576893e-05,0.09624629725932986,0.29147990076022773,3.958693298627437e-05,0.0005606619576565444,0.0017272684038387891,0.0003167461301176803,3.314224846311123e-07,8.737625229798728e-06,0.00222782425855017,0.5859756492948033,0.010935765622732676,0.00021092845984570666,8.048805977220337e-08,0.0001732513909232611,2.288254138195007e-05,0.0003722030786566903,0.007835744044085125,0.0016470803651570888,2.297897428592493e-06,6.069389340970162e-05
63,2.324617789469131e-07,2.0256857329436702e-05,8.619843198018615e-07,0.00011973402076991288,1.225730170918787e-05,0.09553561376495824,0.2929229534426348,3.8810132423436545e-05,0.0005902691731242966,0.00170829979292896,0.00032175037230612494,3.4581110637962464e-07,8.975807912338809e-06,0.002228916964408816,0.5856708576083243,0.010430048534225994,0.0002133635077275839,7.990691720351547e-08,0.0001754384785283529,2.153720047925224e-05,0.0003651801802318701,0.00797960008255832,0.0015695898255490485,2.264782190029371e-06,6.276200555733394e-05
64,2.1584635810319033e-07,1.7448816922282516e-05,9.83463788553239e-07,0.00012846084117329107,1.2823919897377924e-05,0.08515902542554633,0.2674495972815784,4.0719976772594835e-05,0.0004274880355258906,0.0016092366505978445,0.0003155682078064975,3.179174585861348e-07,7.689719376747174e-06,0.001844999588345103,0.6242059602541734,0.009013830378141068,0.00016558719685950794,6.975295227425104e-08,0.00018466257895042654,2.165696657783128e-05,0.000540571228268447,0.00724807690848172,0.0015498041846116778,2.1009833458591865e-06,5.31038764902637e-05
65,2.2211388856031316e-07,1.7865415738744672e-05,8.550470316614831e-07,0.00012476869513065216,1.1843755292654105e-05,0.09609196791133677,0.29023547936938765,3.945192218467495e-05,0.0005563845196884874,0.0017157312778719532,0.0003158409278614171,3.284345964191523e-07,8.687047680779604e-06,0.002214098719082657,0.5875150343119062,0.010870670753536487,0.0002095289963999668,7.955138778067916e-08,0.00017262409068167283,2.275412731007354e-05,0.0003714238293496312,0.007800203717796098,0.001641677873052339,2.2897591828893736e-06,6.018783262395701e-05
66,3.991624379545735e-07,2.9211511416225563e-05,2.30789148744863e-06,0.00033774132966790784,4.056256528773589e-05,0.11175807746511227,0.23998847627559583,3.5599969426443636e-05,0.0006308655490056128,0.0054890389261531515,0.0009973742979495403,9.255623719516583e-07,1.6521549188039222e-05,0.006636147615748016,0.5956700032952903,0.02309309611836629,0.00030784275539123644,2.2748129768349295e-07,0.00023130295810952525,3.4739602387872176e-05,0.0010758078878669644,0.011943375234901046,0.001603691473623481,5.432280934082571e-06,7.123124098333143e-05
67,2.002757738727982e-07,1.563972372565639e-05,8.206585443608897e-07,0.00011870516773773135,9.839281676802571e-06,0.11864352080703476,0.2874013392713628,3.1299021540366265e-05,0.0004625286205487234,0.001749903795866295,0.0003087215460585629,3.4523070281665716e-07,8.340561383815188e-06,0.002809674983269964,0.5673299536010055,0.010045486670376937,0.00023866539566444106,9.489242597879234e-08,0.00015734899425692676,2.9834450978092055e-05,0.0003965291029030095,0.0081143383340383,0.002047772035175275,2.5136390195809534e-06,7.658393892962823e-05
68,2.2787962521178385e-07,1.8054742276781568e-05,8.638964928460162e-07,0.00013203622768701858,1.1992440858662254e-05,0.09962003911694599,0.3015537786790908,4.070211428798338e-05,0.0005667723768822379,0.0017333467421617903,0.00032659154787140237,3.5924996129690893e-07,9.372817211598941e-06,0.0023475074060407136,0.5717224805690329,0.011460554238069248,0.00022323091930694837,8.86493198711328e-08,0.00017227962630138026,2.4092863739185053e-05,0.0003858114734940284,0.007836789782250497,0.0017480627198409476,2.319201957140953e-06,6.264471929352603e-05
69,2.2337483735094022e-07,1.7934489682714802e-05,8.610477328883274e-07,0.00012388551336012157,1.1777024371280324e-05,0.09735475429917337,0.29112562138198556,3.963927101564192e-05,0.0005495333683140091,0.0017225553622260644,0.00031777054755032104,3.3603788146993295e-07,8.829781476325921e-06,0.0022361980279301174,0.585179744448522,0.01087698215623136,0.00021200654568751944,8.071442178200914e-08,0.00017677459181806578,2.327859563398261e-05,0.0003776662921032332,0.007923130477314966,0.0016576071966102855,2.2783293226061708e-06,6.053112479699931e-05
70,2.2235382669962604e-07,1.733705226352758e-05,8.675967261216512e-07,0.00013880165443632878,1.2228369420923953e-05,0.1038197242417507,0.29649190317549157,4.079155502673408e-05,0.0006035131073101605,0.001824773107981388,0.0003180133033584532,3.3387914315325636e-07,9.137590146626571e-06,0.002366935602740629,0.5719524700423126,0.012179152867488864,0.00022670560933297612,8.562097820411989e-08,0.00016544722303033272,2.4852067167554662e-05,0.0003653297874935165,0.0076115560643292704,0.0017662473805758157,2.4553152978834104e-06,6.11154323699822e-05
71,1.5315209717909705e-07,1.5186650621243215e-05,9.568529120971822e-07,0.00010228118302047515,8.581484221269387e-06,0.10892536920760834,0.23834814817591407,3.1466320444944505e-05,0.0003841719113984548,0.0013547660232178537,0.00027184898058193297,2.470613574894843e-07,7.053842288416704e-06,0.0019048440276539177,0.6314334024971013,0.00751327252130791,0.00018333481844530359,5.178406725821984e-08,0.00015692134893368744,1.924421540281791e-05,0.00033441509210331127,0.0076682030881397,0.0012911074721198344,2.0084692330409e-06,4.296381980807617e-05
