,0,1,2,3,4,5,6,7,8,9,10,11,12,13,14,15,16,17,18,19,20,21,22,23,24
0,3.9687967741578104e-07,9.541681634848438e-06,3.17699631187524e-07,4.826323240364154e-06,3.841383203820344e-06,0.016222423088418016,0.7080338934421725,4.4522236060849665e-05,0.0005090218526436416,0.005321991804416098,3.0794834657178638e-06,3.2141330270991663e-08,2.2909984940070766e-07,0.00027816693073441504,0.24635622011417035,0.001386418248916206,1.3012207386252765e-05,4.601695884973294e-08,0.0004334284244878151,3.6841817523774976e-05,0.0002059147014291109,0.020366882492026173,0.00017107055733916462,3.782896205852535e-07,0.0005975030836632586
1,5.375909857919678e-07,9.829199559523842e-06,3.1595020941788687e-07,5.6496872755045724e-06,4.461177555665563e-06,0.01806347588949119,0.7247993609433259,5.860047266066548e-05,0.0010081580794876793,0.008605865015629247,2.975551828487314e-06,2.3548799562058926e-08,2.4431948342773865e-07,0.00021248868514350626,0.22628466446719445,0.0025034634528686467,1.3726338576883166e-05,3.966736660180301e-08,0.0005363852113720129,3.8817540196127235e-05,0.00015056430053316897,0.01705179267859808,0.00015811119203596103,5.347843492701036e-07,0.000489914255473174
2,5.930300851499864e-07,2.6754754319861258e-05,5.407351043172289e-07,8.924278637228797e-06,4.335498377608566e-06,0.04174003699702228,0.6854009506911598,4.365910121948314e-05,0.00033394798706208644,0.004417365901669833,8.156375904087345e-06,1.4342422302838248e-07,6.277105498334403e-07,0.00035125211438116234,0.2475606703601884,0.002825527920188619,3.7813591718345903e-05,8.259702950948638e-08,0.0005329495965331343,1.8062842400275324e-05,0.0004554866585753353,0.015749451459371944,0.00015042008264877884,3.488765639771283e-07,0.0003318974150660662
3,3.9661188997817326e-07,9.504677022358152e-06,3.178487225470651e-07,4.81791702268509e-06,3.825489523962834e-06,0.016289983503368546,0.7083243962761228,4.4594102605065456e-05,0.0005080718646878713,0.005337293334845904,3.066214345905718e-06,3.2084548142161464e-08,2.290378009790823e-07,0.00027742465735323106,0.2459999116926724,0.0013893402120523143,1.2997542365800062e-05,4.60094307376796e-08,0.0004347028709952187,3.709055897478385e-05,0.0002060280656607467,0.02034802534410965,0.00017101951212572674,3.784360835921586e-07,0.0005965061356688851
4,4.1866017356544416e-07,1.2481826212139543e-05,3.5820428711372995e-07,5.291137936112949e-06,4.650572763986305e-06,0.017055456653243983,0.7225778416491283,4.569955801312656e-05,0.00050917740313828,0.005132773014991244,4.010382392015248e-06,4.806452780184738e-08,3.3937845284670034e-07,0.00034541274256460883,0.2291208404877842,0.0014459109422277042,1.539570819972115e-05,5.639166400588951e-08,0.0004898002592224532,3.77765576375814e-05,0.00022905027398849816,0.0221693640587197,0.0001800761351288203,3.606003814881625e-07,0.0006174093372208024
5,4.853797020363655e-07,7.221249215052191e-06,3.210748136437694e-07,6.223011486830327e-06,3.5712034157635426e-06,0.014573471924138085,0.7633226298465435,4.773513032040628e-05,0.0005163864556932008,0.006813968571060724,2.7786184767661253e-06,3.7587465251661877e-08,2.1959726430393864e-07,0.0003316862909938074,0.1912035303632337,0.0016548438529081933,1.4996471191970102e-05,8.9356770217087e-08,0.0003347921537362005,5.315529547858013e-05,0.00022095872215131032,0.019914503206919527,0.00019166322182392176,5.021732645796983e-07,0.0007842292419324354
6,3.9661188997817326e-07,9.504677022358152e-06,3.178487225470651e-07,4.81791702268509e-06,3.825489523962834e-06,0.016289983503368546,0.7083243962761228,4.4594102605065456e-05,0.0005080718646878713,0.005337293334845904,3.066214345905718e-06,3.2084548142161464e-08,2.290378009790823e-07,0.00027742465735323106,0.2459999116926724,0.0013893402120523143,1.2997542365800062e-05,4.60094307376796e-08,0.0004347028709952187,3.709055897478385e-05,0.0002060280656607467,0.02034802534410965,0.00017101951212572674,3.784360835921586e-07,0.0005965061356688851
7,4.4872481144315837e-07,2.0012738868913434e-05,6.406378340270519e-07,3.955371861589654e-06,4.5487848329476185e-06,0.019385793953906837,0.6791803450432083,6.368006016027012e-05,0.0003560750771074043,0.003570910294162068,4.916505981765082e-06,5.078916415860823e-08,5.667087718711623e-07,0.00018695900798424152,0.27284224748717456,0.0011746088819444393,1.1511641728190554e-05,3.3729798700705696e-08,0.0007590068489643091,2.76838993404976e-05,0.00022765589604546073,0.02184040446041733,9.317350174795874e-05,2.8697974690837616e-07,0.000244482974435791
8,3.560196633022297e-07,5.163537274676042e-06,3.032368212054452e-07,6.108224569754344e-06,3.5501730786764925e-06,0.007276329030018478,0.5894496096189312,2.288289121978321e-05,0.0008188129239087459,0.00915080121922797,2.524330812725207e-06,8.923054570755196e-09,6.643932836652782e-08,0.00039336089948176597,0.367311686156636,0.0007050952833421661,7.760162484412154e-06,4.020270434392984e-08,0.00013964199908805136,3.200775243193773e-05,0.00013759459461453605,0.023062532172678608,0.00015975122717807366,1.489880995651483e-06,0.0013125231004549242
9,4.7545781762217875e-07,5.587599131702636e-06,6.123815710132152e-07,1.0514715753017436e-05,4.045635070031233e-06,0.017700172203856977,0.5539269283407147,5.6932131015123836e-05,0.0008501450968934893,0.012855716571865615,4.011969123985415e-06,1.6459719702891616e-08,1.8091681212294555e-07,0.00042912662388699436,0.3809785771851767,0.0017340165894355719,1.597873807111752e-05,4.868317579304323e-08,0.0003454174600811136,6.944250929522525e-05,0.00022733775387838895,0.02989961700284513,0.00024674881539560485,1.6462658039255255e-06,0.0006367028936093821
10,3.9661188997817326e-07,9.504677022358152e-06,3.178487225470651e-07,4.81791702268509e-06,3.825489523962834e-06,0.016289983503368546,0.7083243962761228,4.4594102605065456e-05,0.0005080718646878713,0.005337293334845904,3.066214345905718e-06,3.2084548142161464e-08,2.290378009790823e-07,0.00027742465735323106,0.2459999116926724,0.0013893402120523143,1.2997542365800062e-05,4.60094307376796e-08,0.0004347028709952187,3.709055897478385e-05,0.0002060280656607467,0.02034802534410965,0.00017101951212572674,3.784360835921586e-07,0.0005965061356688851
11,3.9701450205009623e-07,1.0676472333040509e-05,3.371064521271285e-07,4.994606423513365e-06,3.981984214832282e-06,0.01748679899889366,0.7195476722495453,4.954035050062981e-05,0.0005077061885962675,0.005132775362060367,3.225529814695811e-06,3.840033373309762e-08,2.864241328015616e-07,0.00028277209762089296,0.23325629764014313,0.0014958825706506537,1.4460511037091713e-05,4.80217567989533e-08,0.0004760698180828715,3.786028446074668e-05,0.00020699049202027586,0.020757876397831325,0.0001697995756686335,3.482460847645432e-07,0.0005531636568397527
12,4.813451286937449e-07,1.6510360915848107e-05,3.0805184812913747e-07,6.680589635764102e-06,1.3188345394557156e-05,0.022530480621550084,0.8089772118639136,1.549004028898555e-05,0.0004928112502416022,0.0034307761095253657,4.095790192171913e-06,9.324605849327952e-08,2.720784035987676e-07,0.0010287567542690992,0.14957207372914316,0.001093782386475996,1.2637074688438424e-05,2.1393676652139814e-07,0.0002489360221499511,6.978701248288689e-05,0.0002752298307580731,0.009083452937714372,0.00042257356828184886,3.4292436179556245e-07,0.002703814129811049
13,3.8896298767514396e-07,1.6911997163933898e-05,4.346592741887326e-07,7.321491703119039e-06,6.891286244856499e-06,0.015298266275669123,0.5277434893641584,3.075084258856266e-05,0.00036064365104698727,0.0029140369425091055,1.573843802363444e-05,7.05464973323497e-08,5.223040617884709e-07,0.00048335569406409947,0.4309926832063793,0.0012147893276029452,1.6422109551959555e-05,4.444425351084818e-08,0.0004805567056265294,2.0508507250565943e-05,0.0003346584287599773,0.019398537614437286,0.00025496856226276055,4.885659417306463e-07,0.0004075200719405893
14,4.4031015391972005e-07,1.3744452138371955e-05,3.4012290512578853e-07,4.230285357837064e-06,4.759174172633431e-06,0.019810082464861618,0.7285070367880129,4.109695763791137e-05,0.0004243255672116915,0.004770219918554242,3.7295221387904775e-06,4.90842997267222e-08,3.2307825961286014e-07,0.00029096694279508937,0.2247175419384804,0.0015390380520316073,1.2904789030445614e-05,5.059506057602446e-08,0.0006071768568916203,3.538231556819511e-05,0.0002343362099525208,0.018282621679101507,0.00015515563003090665,2.8581906531079243e-07,0.0005441614462875249
15,3.9661188997817326e-07,9.504677022358152e-06,3.178487225470651e-07,4.81791702268509e-06,3.825489523962834e-06,0.016289983503368546,0.7083243962761228,4.4594102605065456e-05,0.0005080718646878713,0.005337293334845904,3.066214345905718e-06,3.2084548142161464e-08,2.290378009790823e-07,0.00027742465735323106,0.2459999116926724,0.0013893402120523143,1.2997542365800062e-05,4.60094307376796e-08,0.0004347028709952187,3.709055897478385e-05,0.0002060280656607467,0.02034802534410965,0.00017101951212572674,3.784360835921586e-07,0.0005965061356688851
16,3.398658853132321e-07,1.2054991584451593e-05,3.565388358694138e-07,4.212441920782205e-06,4.270687135439135e-06,0.02038178569661188,0.6126299415925655,5.5717301728957e-05,0.0008240582165182705,0.0032253337282619394,3.294161581452998e-06,1.8866785806398875e-08,2.829431577101713e-07,0.00018627226102646883,0.34302258333085656,0.0013018081823843348,1.2077452420013023e-05,1.755857069004848e-08,0.0005381201995715837,2.6931731739080695e-05,9.732116790780063e-05,0.017153190416756062,0.00017452770224219983,3.974720831546216e-07,0.0003450854918687936
17,5.996463617127184e-07,1.2502898026473037e-05,2.947097206304332e-07,4.945167885628254e-06,4.135581216163969e-06,0.010973081769121849,0.8243421264332913,5.529632889986733e-05,0.000360215631365682,0.004624001846337818,3.2132007850988604e-06,1.3446207792480724e-07,4.188862022546839e-07,0.000615104883349222,0.11923916000719553,0.0011148562237309095,2.4479398798249626e-05,2.1113215336674016e-07,0.00047536076776858485,6.238264743723992e-05,0.0003756806494540393,0.035847502276881896,0.0002850142096727157,2.2407165960486178e-07,0.0015790571706064316
18,6.105413875328262e-07,1.1445567938664452e-05,1.5709845358531101e-07,2.8470944913829583e-06,1.999748005049444e-06,0.010888779199943185,0.8302295892276895,3.6303503890178966e-05,0.0005453368610087181,0.006309070136068357,2.0962998178987776e-06,7.498027760822641e-08,2.3262241206033438e-07,0.00047893433134838144,0.11043143036541632,0.0010070757839073907,2.8117737429150704e-05,1.6527886902323373e-07,0.00034296325884706667,4.657978600993755e-05,0.0001977539806209855,0.03695284104405424,0.00022218688655796444,2.7097131143213926e-07,0.0022631376942445222
19,3.144581636673367e-07,1.0315249739708364e-05,3.9466521481097706e-07,5.092831823615554e-06,4.730032030708408e-06,0.013699753520719586,0.7395543126277545,5.8017043418813294e-05,0.00044311753863635474,0.0040904971228424266,2.780502341579832e-06,4.391404553394462e-08,3.094542069886955e-07,0.00027158671295166546,0.21589080695978857,0.0011902925196135353,1.1905861199132493e-05,4.6090598892048913e-08,0.0004527128403292102,3.842641379728353e-05,0.00020079325335690926,0.023491991571356556,0.0001282888804964163,2.6620232059266703e-07,0.00045320373325292816
20,1.6760784727455419e-06,3.0395280967803944e-05,4.622837197609484e-07,9.883082777269573e-06,9.28797219927147e-06,0.05508637195817947,0.8281134458656317,3.874268279051197e-05,0.0017077297144687767,0.014377531405928696,4.709733497832164e-06,1.950110233335449e-07,7.488418004469437e-07,0.0010427715891873496,0.07566989075675219,0.005698447616189279,5.853687589100216e-05,4.97842637170084e-07,0.0005468297347372444,9.430697299577705e-05,0.00021027601672204095,0.015038927296753888,0.00031251980478011384,7.106980687352782e-07,0.00194510488382762
21,8.553803692720052e-07,1.7728234688320773e-05,5.176518150276623e-07,8.612122650079427e-06,8.45039075483349e-06,0.019142029279506777,0.7272742820587039,4.3435184211451336e-05,0.0005897544544763804,0.011533348095919011,6.323907654865159e-06,9.434438022235947e-08,3.854391690718428e-07,0.0006306446748608408,0.2112447312189358,0.0021407600389802403,1.9491830663474027e-05,1.4763351712850708e-07,0.0006067300849963499,5.845716959043608e-05,0.0005366844178786038,0.024842447565944142,0.0002161099574897653,6.205450179130136e-07,0.0010773583178262348
22,5.790735529071553e-07,9.39764114115378e-06,5.305559182496625e-07,8.897634429621147e-06,3.812236095281879e-06,0.021315607195282138,0.6486926700701968,5.438061811516025e-05,0.00044433160574901764,0.010089474774262343,5.565701179751638e-06,5.7267414490004774e-08,2.949102485668697e-07,0.00043096853993793366,0.2840828583104549,0.0022329615787740646,2.584012712637351e-05,9.084390991001315e-08,0.0004761009741766092,4.964801816841084e-05,0.0004240872321507716,0.0308926697897652,0.0001975423977031159,6.786742203644765e-07,0.0005609542300268543
23,3.9661188997817326e-07,9.504677022358152e-06,3.178487225470651e-07,4.81791702268509e-06,3.825489523962834e-06,0.016289983503368546,0.7083243962761228,4.4594102605065456e-05,0.0005080718646878713,0.005337293334845904,3.066214345905718e-06,3.2084548142161464e-08,2.290378009790823e-07,0.00027742465735323106,0.2459999116926724,0.0013893402120523143,1.2997542365800062e-05,4.60094307376796e-08,0.0004347028709952187,3.709055897478385e-05,0.0002060280656607467,0.02034802534410965,0.00017101951212572674,3.784360835921586e-07,0.0005965061356688851
24,4.254973304355015e-07,1.2181294887976641e-05,3.903538879979398e-07,8.642512179467198e-06,8.431542452200254e-06,0.017099806019887566,0.7562222512154821,4.919237618696091e-05,0.0005697570168648167,0.005480233864899557,4.591679931579339e-06,6.404667543785596e-08,4.3228064522253987e-07,0.0005336220774991718,0.19820388937486033,0.002139961663607707,1.5360110017278103e-05,8.410627583380799e-08,0.0004572421668628021,4.6994096437214494e-05,0.00024025203535084125,0.01799251768586789,0.0002251643704274832,3.8852751451282936e-07,0.0006881240839679006
25,3.3718776490071536e-07,6.03166667619765e-06,2.8551790028159884e-07,6.06042546086866e-06,3.7487976849519342e-06,0.009017992052577814,0.7251239256873308,7.051129355167731e-05,0.000258782639568553,0.0035611664263325883,4.127322921281244e-06,3.8373369683696484e-08,3.1047130666618805e-07,0.00019186847428754575,0.24168188788559491,0.0016994710978058358,9.60933593062898e-06,4.527367489343691e-08,0.0004524953637085468,3.0222339777934954e-05,0.00027615214748278114,0.017175678795249782,0.0001585415028902074,2.4427268890467345e-07,0.00027046564846186803
26,6.635296375167053e-07,1.0636671301454245e-05,3.4972232870081257e-07,7.088238992138959e-06,4.477210617298743e-06,0.018977719070265017,0.6535201821656215,6.130765843300121e-05,0.0017815824465672648,0.005331169281992523,3.175477162688087e-06,1.818945747114974e-08,2.1003377184780716e-07,0.00023184265894392518,0.30018163137698667,0.0014931375027570906,1.8714541310641887e-05,3.922064441984989e-08,0.0003329280058578913,4.5847802610445705e-05,0.0001245613870763406,0.016684297678304767,0.000346028151304951,1.0886369951906386e-06,0.0008413033410590664
27,2.708595309574677e-07,6.260210131239529e-06,2.0314980888157226e-07,3.1601479632558027e-06,2.5753941375775432e-06,0.010538134998667195,0.687734416071466,3.755405204817002e-05,0.0007099870458537128,0.005404609697276402,1.967695548908878e-06,1.3539995474456925e-08,1.3071265209108296e-07,0.0002041722933232303,0.2692602082336584,0.0009253921166285124,9.379000297167169e-06,2.3885904295794747e-08,0.0003038592713171232,3.371954888969746e-05,0.00010664075488898088,0.02393953133936078,0.00014049041866289535,4.282663536671468e-07,0.0006368712956353401
28,3.9661188997817326e-07,9.504677022358152e-06,3.178487225470651e-07,4.81791702268509e-06,3.825489523962834e-06,0.016289983503368546,0.7083243962761228,4.4594102605065456e-05,0.0005080718646878713,0.005337293334845904,3.066214345905718e-06,3.2084548142161464e-08,2.290378009790823e-07,0.00027742465735323106,0.2459999116926724,0.0013893402120523143,1.2997542365800062e-05,4.60094307376796e-08,0.0004347028709952187,3.709055897478385e-05,0.0002060280656607467,0.02034802534410965,0.00017101951212572674,3.784360835921586e-07,0.0005965061356688851
29,3.9661188997817326e-07,9.504677022358152e-06,3.178487225470651e-07,4.81791702268509e-06,3.825489523962834e-06,0.016289983503368546,0.7083243962761228,4.4594102605065456e-05,0.0005080718646878713,0.005337293334845904,3.066214345905718e-06,3.2084548142161464e-08,2.290378009790823e-07,0.00027742465735323106,0.2459999116926724,0.0013893402120523143,1.2997542365800062e-05,4.60094307376796e-08,0.0004347028709952187,3.709055897478385e-05,0.0002060280656607467,0.02034802534410965,0.00017101951212572674,3.784360835921586e-07,0.0005965061356688851
30,3.9661188997817326e-07,9.504677022358152e-06,3.178487225470651e-07,4.81791702268509e-06,3.825489523962834e-06,0.016289983503368546,0.7083243962761228,4.4594102605065456e-05,0.0005080718646878713,0.005337293334845904,3.066214345905718e-06,3.2084548142161464e-08,2.290378009790823e-07,0.00027742465735323106,0.2459999116926724,0.0013893402120523143,1.2997542365800062e-05,4.60094307376796e-08,0.0004347028709952187,3.709055897478385e-05,0.0002060280656607467,0.02034802534410965,0.00017101951212572674,3.784360835921586e-07,0.0005965061356688851
31,7.290863363927006e-07,1.0919861412949157e-05,5.138539767162531e-07,5.010855720109261e-06,4.274675671134451e-06,0.014576636125681547,0.758766079922825,9.657924985121124e-05,0.0004437547412956086,0.005004122212671289,2.511371299334126e-06,5.4472529315233283e-08,3.376854597166988e-07,0.00025251401285070256,0.19092284318107766,0.0014369414634155607,1.5103642587036063e-05,9.266159484972524e-08,0.0007115747950191702,6.28949479139419e-05,0.0002858598645454063,0.02644806972835563,0.00021004128661061665,3.2557515266488653e-07,0.0007422147261462614
32,3.987682703788574e-07,9.54342911116537e-06,3.252417690871666e-07,4.272878287173797e-06,3.874959245839426e-06,0.016031117659949908,0.7082847446432211,4.855389675284206e-05,0.0004677448983475948,0.005070282709250209,2.9906386264506943e-06,3.349778189640707e-08,2.4397808701150555e-07,0.00025939106329290725,0.2453502497102903,0.0013873669500220553,1.2273813097306633e-05,4.3430175542798167e-08,0.0005430853325548125,3.938268242294766e-05,0.00020528301890564813,0.02154342051604172,0.00016819782119247836,3.2995399659352875e-07,0.0005668485093073106
33,3.509453183731229e-07,1.070518201396356e-05,2.522041635436518e-07,4.427407972229465e-06,2.3598682844073638e-06,0.018592091526379396,0.8169396066611277,6.299649832034918e-05,0.0005115753951347423,0.00628713363564811,2.7260259900119155e-06,8.337710014788124e-08,5.471174230870014e-07,0.00039414747099946417,0.11605592416220875,0.0022368589782745417,3.331597742647649e-05,8.60923521121783e-08,0.000476676820934064,4.254019735671087e-05,0.00014252422790555187,0.03759889162800529,0.00012591009234297294,2.093904324813109e-07,0.0004780591168855101
34,1.386781074608285e-06,3.169040779029733e-05,6.336031632652212e-07,3.524168972304061e-06,9.615709129066313e-06,0.011121376045458063,0.5667620700073472,5.5383702923483005e-05,0.001186415303518092,0.005863459918575588,8.114009505900824e-06,4.414740544844723e-08,3.963067286547039e-07,0.00033732532780541793,0.3728995890974486,0.0008541073276063153,1.186505047456134e-05,4.511853562630903e-08,0.0015501895674009522,3.40025745364234e-05,0.000227482898798209,0.0376995573963326,0.00022915290662235905,7.847624822164866e-07,0.0011117878603646408
35,1.7683627692731038e-06,1.6306204957061074e-05,3.142054657594775e-07,4.5649289354412565e-06,3.0235385115487795e-06,0.011275417062795372,0.8360377913122286,0.00011872409055741412,0.001091377291253097,0.010041707713487533,2.3160793279922866e-06,8.2868788447779e-08,3.5998885100219307e-07,0.00021194512639229792,0.10445567534714072,0.0023913435315586016,3.032528962106407e-05,1.8249521937441976e-07,0.0006859193650825158,4.4655104472979074e-05,0.00020035225273976404,0.03235236252907334,0.0001323827649762747,3.8728717451622364e-07,0.0009007152586199689
36,6.617863245286968e-07,1.4159831461565096e-05,8.369758221388406e-07,5.773272400932577e-06,1.3176556364227006e-05,0.013985931583050382,0.5330567975948071,1.851131757207259e-05,0.00029581796417868235,0.006176499904979552,6.4436393364150334e-06,1.9834776374900402e-08,1.2923473349039054e-07,0.0002956665652701454,0.43446464371643945,0.0006292379577372502,2.8518421744526767e-06,4.441079954370766e-08,0.0005385821305985569,3.794877100548039e-05,0.0006431176905840628,0.008826177510633283,0.00016351783733313034,8.730362218955584e-07,0.0008225790353954063
37,7.457427846972202e-07,8.500474582846249e-06,5.004327409766255e-07,8.255683011779533e-06,4.365850770670668e-06,0.01379315839953241,0.6789139092631892,3.901706434098957e-05,0.0005147100597613579,0.008010346900633956,5.265455981944401e-06,4.06141376857907e-08,2.2061902198223894e-07,0.00044139255925241535,0.2725846694523441,0.0015137485834128789,1.603332791678017e-05,1.159162003287188e-07,0.0003402890534305693,4.8768415242430465e-05,0.0002722139617050158,0.022386265475014405,0.00020762845107390293,1.1444564409548323e-06,0.0008886937874757082
38,1.8301332340385613e-06,3.640851705063902e-05,7.759592017202003e-07,9.072873957696208e-06,1.9862972562650247e-05,0.005216334089026968,0.6172049994687294,4.486933515977148e-05,0.005618225920283352,0.017897210261993018,5.875139493082842e-06,5.104851097292256e-08,2.0321327228131827e-07,0.0013024042750668025,0.26429211902827393,0.00047692511462683743,1.9253992750421755e-05,1.8397583227677136e-07,0.00029245912287109135,5.838248791854357e-05,0.00021913657537020248,0.08151071317043428,0.00021459485346277403,2.480137730390713e-06,0.005555628333186815
39,2.5206831770745265e-07,4.3438047869891964e-06,1.8799392669205274e-07,4.259167747405263e-06,1.7546591060729638e-06,0.014797861252142155,0.7666413450256703,6.296611228771779e-05,0.0002500926692072177,0.0033014105039976148,1.4303819217670212e-06,2.5309053855614988e-08,1.6441458200353972e-07,0.00014774225022936904,0.1959119652470308,0.0014249252152333028,1.2610149434171949e-05,3.843914958055509e-08,0.0003438915537214707,3.77662349792772e-05,0.00023269738636678064,0.016137531146068237,0.00020937406441605378,1.7670714438135706e-07,0.00047518824347906723
40,3.9666649378043964e-07,9.544698392434984e-06,3.1932347855674284e-07,4.814123396421831e-06,3.840382760210947e-06,0.01632049067745442,0.7078022216871863,4.449528471632026e-05,0.0005068204805492004,0.005331857517892069,3.073349220356863e-06,3.221346688653108e-08,2.293717620159952e-07,0.0002783526282070176,0.24646020605238114,0.0013856199358753649,1.2992087680437306e-05,4.605159992865252e-08,0.000435833387819158,3.71042932500809e-05,0.0002064294419127518,0.020386940294109146,0.00017075660406340627,3.7830266480246945e-07,0.0005972051436678741
41,3.883557386444466e-07,2.3732068314279312e-05,4.096434660194057e-07,9.504572526395705e-06,9.774394977327244e-06,0.03406908882534947,0.6797048978501058,4.70067892875874e-05,0.002115532383823473,0.006425567405657008,3.5191286487234073e-06,2.191904129010412e-08,3.367607150961274e-07,0.0002865591649994377,0.26391410217939104,0.0024393800946498944,1.6323615857702688e-05,2.4423244403821152e-08,0.0002808121635877408,2.386388569973009e-05,0.00010807821682020147,0.00994434263515814,0.0001562377940273746,5.765921417947263e-07,0.0004199191367714153
42,3.363799020559226e-07,8.187517927801661e-06,5.595551947925306e-07,3.047204278784647e-06,2.31598089479631e-06,0.012179510639778478,0.5846833500951861,0.00015459996606005696,0.00029043037673344495,0.006145577408751741,2.209408135832413e-06,3.7712285196554586e-08,2.906506352160078e-07,0.0001291422319792168,0.31860767596469775,0.0012286132704042705,1.4060245181296865e-05,1.8587520051528366e-08,0.0015676953007578312,4.118271701949034e-05,0.0003355695481621132,0.0743303922425381,8.267498314552097e-05,1.869978050121032e-07,0.0001923350150251023
43,3.8244066180917237e-07,3.2437914291966526e-05,2.7981408185512925e-07,4.29859784793778e-06,7.07963232482984e-06,0.014066964184114569,0.7442628923334139,2.1507037275332532e-05,0.00015247747043897934,0.00038333877823423416,8.427873525074103e-06,2.9381295719782903e-07,6.748727591511972e-07,0.00043489875710871206,0.22965379773818584,0.0008079653335081304,1.7414645787827564e-05,1.1379864008301475e-07,0.000308391759284205,8.669771889807622e-06,0.0002103126448349323,0.008652145966547032,0.00023806579245700112,1.0645405373947554e-07,0.0007270625757757648
44,3.9661188997817326e-07,9.504677022358152e-06,3.178487225470651e-07,4.81791702268509e-06,3.825489523962834e-06,0.016289983503368546,0.7083243962761228,4.4594102605065456e-05,0.0005080718646878713,0.005337293334845904,3.066214345905718e-06,3.2084548142161464e-08,2.290378009790823e-07,0.00027742465735323106,0.2459999116926724,0.0013893402120523143,1.2997542365800062e-05,4.60094307376796e-08,0.0004347028709952187,3.709055897478385e-05,0.0002060280656607467,0.02034802534410965,0.00017101951212572674,3.784360835921586e-07,0.0005965061356688851
45,8.239476260742497e-07,2.1239868950096947e-05,4.467845125140437e-07,6.1981668929949435e-06,7.137679527637204e-06,0.01913759727037152,0.7424628868104158,3.999885901902373e-05,0.0007986532246668773,0.008100236190302104,5.2127391662959974e-06,8.587443810870054e-08,3.7937900194977617e-07,0.0006510169606129752,0.1946764219258657,0.001450306523498229,2.3269986362968984e-05,1.3102880174370329e-07,0.0005651333825682873,5.20366602270283e-05,0.00034524827053066627,0.029877402553339837,0.00025873122186857294,5.324978663680872e-07,0.0015188721935665373
46,7.402654422957952e-07,1.1705296929271468e-05,5.015011326782371e-07,1.1453171260339476e-05,1.8499960140023632e-06,0.04637981767202764,0.6565028202204509,0.0001302725104243997,0.0006138478365229391,0.007073271910694486,4.4646731474147996e-06,8.424452213368252e-08,5.39619964624873e-07,0.0002604839304391179,0.2535605256064421,0.003957100586337746,8.221401579867477e-05,8.391491637041266e-08,0.0005286679472205548,4.788291410471248e-05,0.00033977834779591777,0.029874118229199866,0.0002798229905365829,6.281298905434785e-07,0.0003373244687848771
47,8.948106323815292e-07,1.9678939590872632e-05,2.530328642485422e-07,1.1426422944154707e-06,1.6020362380888468e-06,0.010089590779581012,0.7972779695887283,7.357915399667127e-05,0.0004761154343774347,0.006927816818092151,1.3081791759091933e-06,1.008307344431295e-07,2.809411380312735e-07,0.00015566894225772896,0.11219957923010292,0.0009117963679865245,2.2084287256976626e-05,8.56061262212332e-08,0.001213803339738372,4.0292022015221175e-05,0.0001864584024402675,0.06937181300339616,6.077683119834086e-05,1.4764411428808913e-07,0.0009671611359229441
48,4.39201905930575e-07,9.017253058434725e-06,3.499476374482996e-07,5.284035751682928e-06,5.1698971660700695e-06,0.012750988032013121,0.7002927300727709,3.620588647796008e-05,0.0005439544762485453,0.006610415264590815,3.440397970047563e-06,3.0907286775750875e-08,1.9289441682786354e-07,0.00036372880403310985,0.25497298760497955,0.0012425858609344004,1.041768936914434e-05,5.922515030663086e-08,0.0003846574564800873,4.29699691087683e-05,0.00023319980786520655,0.02146788544446759,0.00017898894424508242,5.01919430371656e-07,0.0008437990066418178
49,3.85392268203273e-07,1.3225767723963557e-05,5.834754698343598e-07,4.483903835079537e-06,3.912498705736044e-06,0.02405126052890976,0.684513999903189,4.4244694108481655e-05,0.00034169462700822797,0.006010067058745139,3.3296333050608588e-06,6.612411532987359e-08,3.1630149218690296e-07,0.0003828991619958893,0.2467912114478801,0.0011549017781166083,1.7865462106238992e-05,6.402148762714675e-08,0.0006070367567418567,5.2144050508737744e-05,0.00030093324734486293,0.03499892122568126,0.00012287341915768576,3.4515418160358437e-07,0.0005832343659214631
50,2.0227669142097789e-07,2.2939337309664217e-06,6.990897227771842e-08,9.332097627152674e-07,1.0221755666860777e-06,0.002346350011924623,0.8494175552485351,2.8075824266934694e-05,0.0003723100026601711,0.007600495825808324,4.925642238310113e-07,5.330530378148388e-09,4.368280874809436e-08,0.00010590072150263803,0.11151911925495465,0.0004807571327266526,2.6756207639884475e-06,2.5222503511192557e-08,0.00022733645981478718,2.909834532396028e-05,6.070563879102327e-05,0.02689170475800132,4.799036442137159e-05,1.6002899986850789e-07,0.0008646764567139315
51,4.0591186338100336e-07,1.3504468818532677e-05,4.008982420663741e-07,6.278791459404927e-06,4.716733865121465e-06,0.01718409870622586,0.6867503802231087,4.915785316692388e-05,0.0006833503729203256,0.006075467148092634,3.637342657277861e-06,3.49933146614412e-08,2.738230848998494e-07,0.0003007651160645398,0.26417897308329763,0.0013965853331771372,1.4994497678560165e-05,4.087778664643771e-08,0.0003820840407081757,2.9102695505451368e-05,0.00021197098080025508,0.022102499691747254,0.00013350226447962255,4.449143481632065e-07,0.000477329237586741
52,5.501229497311819e-07,6.799909975466374e-06,4.4931586607495965e-07,8.119662112412836e-06,4.045991913716571e-06,0.020828298504416795,0.6996131261323592,4.780567877366596e-05,0.0006061424031628266,0.010774459783823593,4.387371676689174e-06,3.203082322050736e-08,2.695830075933608e-07,0.0003769184812877456,0.24297910209996873,0.002598403420568477,1.6821549161315194e-05,8.345749824989601e-08,0.00040414555906365443,6.338907264727444e-05,0.0002107207783648062,0.02071676572919372,0.00018741471365313936,8.505118992998633e-07,0.000550898135832679
53,4.5717626059659295e-07,1.1225608476338602e-05,3.8093255593208963e-07,5.241602922502565e-06,4.329238282285426e-06,0.0181929951497528,0.6935404759202759,4.7008334654779706e-05,0.000531015187800525,0.005889558273709959,3.5193605653781593e-06,3.840778777941636e-08,2.597305071836198e-07,0.0003114519263178267,0.2558772893568561,0.001467279053696547,1.473918514782077e-05,5.155230615630599e-08,0.0004988926031694446,3.9434722150107944e-05,0.00023760773256104468,0.02252747634887851,0.00017656484421737852,4.169320301766514e-07,0.0006222908191167861
54,4.5525198677972195e-08,1.5246956586754512e-07,2.4496908805824186e-06,3.7050992440728684e-05,1.9414717639325406e-06,0.016063604568412018,0.0513083689776124,4.330469273562188e-05,3.5142008066078e-05,0.0009700090972665213,1.3220887901920113e-05,1.5988315679963836e-09,1.0066227667872796e-07,9.657759282801387e-05,0.9239273773873374,0.00041028587270142564,2.9010129412965476e-06,3.6658820158526885e-09,0.00010847084738412214,8.202633787975779e-05,0.0004616311115998577,0.005886349747371462,0.0005366915960162479,2.8066690967586517e-06,9.485516008780818e-06
55,9.93577197081824e-07,3.9141493207792014e-05,1.9144548104470145e-07,3.4628121127135368e-06,8.026040193623566e-06,0.008686083073715689,0.886670561979003,2.3662675065266482e-05,0.0009350614593852105,0.0034972289503401675,3.3063040501286902e-06,2.2561640085333323e-07,3.7583450678873647e-07,0.0004302393437620004,0.08196770754647563,0.0011028766362450493,1.84596355766861e-05,2.6283047278875967e-07,0.00031261059460304053,2.289534449817293e-05,0.00018322530785460094,0.013737600646809761,0.00011757961946470542,2.3367749524111376e-07,0.0022379875560830957
56,4.0825083752331515e-07,1.1083580234060726e-05,3.3994920100421334e-07,4.902103575035294e-06,4.1440673184834924e-06,0.016647140167761903,0.7171872804488957,4.6248221620309617e-05,0.0005193851806161227,0.005097470935763612,3.408939175309995e-06,3.8647090123960814e-08,2.8337350123968234e-07,0.0002926938887607678,0.2366208052417261,0.0014201416999248147,1.3944358581307697e-05,4.965144287941476e-08,0.0004627132257740999,3.661933606980733e-05,0.00020165565501264487,0.0206820404550383,0.000165477040206674,3.659563681216081e-07,0.0005813596255039344
57,5.397894622964371e-07,1.468229539176817e-05,5.956252554870666e-07,3.505641418717215e-06,5.085157143995978e-06,0.017632179466002616,0.6795091365965379,8.251154246608943e-05,0.0002980921962783104,0.005073263862240398,3.71336863883148e-06,1.1085305375419275e-07,4.4274361771962124e-07,0.0003060783765060678,0.24127396039574558,0.0013584319770168151,1.7487216581529983e-05,6.303196259842876e-08,0.0017372736530792477,6.116834815686673e-05,0.00045132024963199645,0.05145285071651611,0.00015739035770104265,2.0091540908496026e-07,0.0005599156241852068
58,4.150471591746803e-07,9.220205806863466e-06,3.6982627481211185e-07,5.171601920306429e-06,3.7247029305052796e-06,0.01627422335327387,0.6665586562544276,4.2922987896720706e-05,0.0005485576815383274,0.005871086501881437,3.4625059002107605e-06,2.829236536479305e-08,2.202301492895269e-07,0.0002761370243759838,0.2862589718894901,0.0013540877847347318,1.3062330108994345e-05,4.3241664930275e-08,0.00041388175086447704,3.758197566331357e-05,0.00019608028844580474,0.021391967902881653,0.0001643044265229491,5.430970898441794e-07,0.0005752790966326157
59,4.300455702088058e-07,8.813175855085795e-06,4.124818212876639e-07,5.737550486619279e-06,3.900831872254201e-06,0.016211020166137617,0.6406489503020828,4.256267837222667e-05,0.0005724695370617694,0.006531591577725336,3.6289639391206273e-06,2.6300078443356016e-08,1.9959586622169978e-07,0.0002897393948948293,0.3110682897543247,0.0013414545189086692,1.3104524497019974e-05,4.421371049306946e-08,0.00039572234102981945,3.990202511737025e-05,0.00020998743736330176,0.0218496717818686,0.00016904996353872087,6.620613512037977e-07,0.000592628776526489
60,3.9661188997817326e-07,9.504677022358152e-06,3.178487225470651e-07,4.81791702268509e-06,3.825489523962834e-06,0.016289983503368546,0.7083243962761228,4.4594102605065456e-05,0.0005080718646878713,0.005337293334845904,3.066214345905718e-06,3.2084548142161464e-08,2.290378009790823e-07,0.00027742465735323106,0.2459999116926724,0.0013893402120523143,1.2997542365800062e-05,4.60094307376796e-08,0.0004347028709952187,3.709055897478385e-05,0.0002060280656607467,0.02034802534410965,0.00017101951212572674,3.784360835921586e-07,0.0005965061356688851
61,4.335493397380083e-07,8.987460846926301e-06,4.43149916950404e-07,5.968772020596497e-06,3.945323214305281e-06,0.01761669952174661,0.6435573416302611,4.6975358044785874e-05,0.0005247482524520399,0.006320726202207962,3.5663539371957607e-06,2.8303574245583736e-08,2.1469313864428007e-07,0.00028994301730490715,0.30676786542584333,0.0013841843131013841,1.3554529721536832e-05,4.56935900322495e-08,0.00042200701113597226,4.1243194428914854e-05,0.00022688291812665532,0.02203844396862291,0.00017074066548823966,5.967688126206261e-07,0.0005544139231224279
62,3.9661188997817326e-07,9.504677022358152e-06,3.178487225470651e-07,4.81791702268509e-06,3.825489523962834e-06,0.016289983503368546,0.7083243962761228,4.4594102605065456e-05,0.0005080718646878713,0.005337293334845904,3.066214345905718e-06,3.2084548142161464e-08,2.290378009790823e-07,0.00027742465735323106,0.2459999116926724,0.0013893402120523143,1.2997542365800062e-05,4.60094307376796e-08,0.0004347028709952187,3.709055897478385e-05,0.0002060280656607467,0.02034802534410965,0.00017101951212572674,3.784360835921586e-07,0.0005965061356688851
63,4.0925787046895334e-07,1.0696766862753624e-05,3.2021161982428686e-07,4.624217317180849e-06,3.9320805805212246e-06,0.01619979570066219,0.7087015679518384,4.363826999255856e-05,0.0005325608797166448,0.005265628852846875,3.1069034886560183e-06,3.3459877665959174e-08,2.347407374146931e-07,0.00027699343945014024,0.24552551433601516,0.001324351652342567,1.3164776327191395e-05,4.546655415574662e-08,0.0004371877261563028,3.473094372898332e-05,0.0002020587305584174,0.02064629508449509,0.0001619559249432139,3.719068835396037e-07,0.0006107807191342825
64,4.0226156363232895e-07,9.753820428576334e-06,3.9017547873994937e-07,5.3967664794436816e-06,4.3105693784351585e-06,0.015689258235884757,0.6793734088625065,4.821170100483296e-05,0.00041209064161312124,0.005281863460030794,3.2957109315593395e-06,3.282572893011149e-08,2.1695824930120095e-07,0.0002496247600257623,0.27623097524269635,0.0012197168451393158,1.1235766230622264e-05,4.2759310604411866e-08,0.00047251692840318574,3.730432060888008e-05,0.00031416104158009416,0.01992256972364602,0.0001715286599453876,3.76437233881876e-07,0.000541315525901219
65,3.943098512240677e-07,9.47551965335696e-06,3.1842007527888536e-07,4.8194646703268795e-06,3.816196051427034e-06,0.01631774033593631,0.7070973773222365,4.4561111769059064e-05,0.0005053863267068771,0.0053157626219829225,3.065221272524092e-06,3.1886996312461684e-08,2.2832833634968533e-07,0.00027641495786067446,0.24727775174385605,0.0013851345094745649,1.2954354099349116e-05,4.560477547370556e-08,0.00043390627111278176,3.6979486781260624e-05,0.0002061504999133693,0.020303846879636874,0.00017084742995197367,3.781913255546679e-07,0.0005926130056734556
66,7.263577346955582e-07,1.6039074862618427e-05,8.771056519475723e-07,1.3309336850225557e-05,1.2867228926124941e-05,0.020631523875719295,0.6584328129396556,4.422895344474514e-05,0.0005693253137978744,0.017657440806929464,9.484656935307374e-06,9.704982745610331e-08,4.5425087930543976e-07,0.0008293363714637547,0.2639708244957368,0.003173749470856215,2.009288349215665e-05,1.4039147394662597e-07,0.0006209714411775347,6.076310772214559e-05,0.0006430490569016803,0.03238134249285595,0.00017257229240270864,8.582035446622299e-07,0.000737112841157927
67,3.3219842415427516e-07,7.8443614783337e-06,3.015379265855468e-07,4.6183274464023366e-06,3.004057835088284e-06,0.020443216779398084,0.7051340701436929,3.532944062249687e-05,0.00040144909021189363,0.005381256438405106,2.956813198684504e-06,3.225304903023142e-08,2.1504006888699772e-07,0.000341024461601193,0.24452096099284854,0.0012881916257757272,1.4621677212010058e-05,5.2156632549818175e-08,0.0003786346064137155,4.828592616076658e-05,0.00021922373593052404,0.020859283571375023,0.00020822965618555515,4.08798894724182e-07,0.0007064563092120232
68,3.9131974994858026e-07,9.276886875788436e-06,3.140174959988272e-07,4.956040717698216e-06,3.750552569876064e-06,0.01653743833087778,0.7187825200981693,4.470737130060067e-05,0.0004953533730885163,0.005251092969726733,3.0915847311644294e-06,3.375064368815573e-08,2.3971248325225195e-07,0.0002857915045607873,0.2357732379534591,0.0014180596808949406,1.3336953364928461e-05,4.9320981692249104e-08,0.000422889751884547,3.8341769788502227e-05,0.0002098187274689328,0.01992900281663234,0.00017684348191134589,3.720952537781731e-07,0.0005990899353686494
69,3.949720044204485e-07,9.476143982039906e-06,3.1992195917033365e-07,4.772674666945509e-06,3.7824086472080916e-06,0.016494500176203443,0.7079204299390901,4.4645418013590414e-05,0.0004972153526617959,0.00532433425869208,3.0755241594993925e-06,3.247682284244856e-08,2.312778572037142e-07,0.0002782561860365559,0.24600230623814504,0.0013819880903160175,1.305154048012005e-05,4.608696575782848e-08,0.000443025976893581,3.7733230932766046e-05,0.00020911697737186199,0.020565059445517155,0.00017193424128028535,3.7539408104981396e-07,0.0005938960472192863
70,1.9987436758121105e-07,3.1618758592459224e-06,3.6101026385228993e-07,4.681516125216683e-05,4.916262880998102e-06,0.07945779848368394,0.7688706870776005,7.391212661680606e-05,0.0016268920866030416,0.011349584825509343,2.6892918074987163e-06,3.145484778984405e-08,5.326907399026195e-07,0.0007712530501570345,0.11685687712554597,0.01208001838058715,5.670844437076276e-05,1.1709551958506807e-07,0.00010097888312395467,0.00015433151079746626,0.00011890981083330176,0.007500559218898294,0.0005759266774195281,1.1690812671609169e-06,0.00034556849944706946
71,3.092814087927858e-07,9.009481777276586e-06,4.0918252317499373e-07,4.398604818566499e-06,3.066945570131237e-06,0.020946470931262395,0.6540199675171334,3.965646670323693e-05,0.000376606836451334,0.004813329312561674,2.918766485008377e-06,2.693628907886477e-08,2.0642889771979354e-07,0.00026327720584882824,0.2950272968224486,0.0010716341126920002,1.2369783219724622e-05,3.4168516726734176e-08,0.0004449669924416707,3.5541884645338846e-05,0.00021305707181367526,0.022098844768512788,0.00014540467857524812,3.704868026492425e-07,0.00047082533260097955
