,0,1,2,3,4,5,6,7,8,9,10,11,12,13,14,15,16,17,18,19,20,21,22,23,24
0,0.0021620537020242895,0.7078984841836768,2.2385164128804155e-05,0.00025762514878682286,0.0018853302554544614,5.0642481499802534e-05,0.00014428506696725216,0.00021413980546160647,0.007985408663605902,7.587163070091052e-05,0.07442501786066728,0.010012598304506517,4.2506091766851065e-05,0.014011180260959417,0.012332805995486527,0.00010579254702322891,0.016884888549751356,2.5082201595027733e-06,0.0010102465474553742,9.550893543245955e-08,0.00012506489315143558,0.05208582368894667,2.5502788827857886e-05,0.000107749098260788,0.09813199354179489
1,0.0016542035800780714,0.6032216956078615,2.701647816352844e-05,0.00022876919270753396,0.001429322216406986,0.00012412205476398935,0.00017380359790890486,0.00028520619042144167,0.032021418953278,0.00026631307952777516,0.06196088627577294,0.0061304997183455195,5.3557771186346745e-05,0.027536129519230006,0.021258857646310428,0.00014021532820401457,0.006515807751761742,3.970893330737399e-06,0.0020289592079642017,2.0001445940289551e-07,0.00014174237785827121,0.08282700529140015,3.2659092140668725e-05,0.00013652360296179507,0.1518011145579561
2,0.0012740747332047895,0.5852695584529404,1.9233700689791803e-05,0.00016647328145954365,0.0014730975462503102,7.58377364841025e-05,0.00011804239986944025,0.00024183840545225673,0.023338272164895917,0.00017139430627111934,0.0673393015815565,0.006740626721365041,3.563084543157076e-05,0.03251292023297992,0.022673892019480155,8.88026951982561e-05,0.006027836770227506,2.3487757449760064e-06,0.0011213534516700148,1.6075886776039663e-07,9.806356317661401e-05,0.08017889561442831,2.263065794469632e-05,9.289689554602655e-05,0.1709168166888649
3,0.0017755401890054074,0.6252828386555754,2.044925753393122e-05,0.00019948834768149457,0.0013673834613624222,8.960610956878815e-05,0.00014321054313194543,0.00025096863352062595,0.019869897999636246,0.00015608546173902614,0.0739219161494304,0.0069520155966139845,4.5075249728943014e-05,0.02384051819325813,0.01894731141263481,9.583007477667577e-05,0.007857646084719994,2.9605311289231864e-06,0.0014171480366888492,1.3680962857090586e-07,0.00011701337562588035,0.08442306619885656,2.623161000002965e-05,9.785142615181106e-05,0.13309981059200104
4,0.0016861737412298813,0.637265683509067,2.029143026655926e-05,0.00018956464765943127,0.0013628085550425805,7.420752426352123e-05,0.0001453240058857612,0.00024139604488164566,0.019827961678796996,0.00014944613768400278,0.07127437220842052,0.006796951106782061,5.0822509275538186e-05,0.02616628742023642,0.01635289212562337,8.5470706777251e-05,0.007132671543566945,3.0371091365415757e-06,0.0013885364808655769,1.443168362244505e-07,0.00012644384387738402,0.08583558149072991,2.3700065104309764e-05,0.00010003295725719935,0.12370019884073354
5,0.002012813665643829,0.6429598127188882,2.6317918983828416e-05,0.00028994034037967955,0.001719433281698119,0.0001016633927291297,0.00015944923278224545,0.0002779583130692631,0.022531618492820628,0.00020443570754822784,0.07599409467060196,0.006520081875756501,5.5072810647686155e-05,0.02879125491018055,0.01689298437492689,0.00010601909481513155,0.008724188407308594,5.154106064893271e-06,0.001669195266059847,1.8985407208791355e-07,0.000154716553366882,0.07335785728609998,3.946127560999144e-05,0.00013016755622884688,0.11727611889371709
6,0.0017755401890054074,0.6252828386555754,2.044925753393122e-05,0.00019948834768149457,0.0013673834613624222,8.960610956878815e-05,0.00014321054313194543,0.00025096863352062595,0.019869897999636246,0.00015608546173902614,0.0739219161494304,0.0069520155966139845,4.5075249728943014e-05,0.02384051819325813,0.01894731141263481,9.583007477667577e-05,0.007857646084719994,2.9605311289231864e-06,0.0014171480366888492,1.3680962857090586e-07,0.00011701337562588035,0.08442306619885656,2.623161000002965e-05,9.785142615181106e-05,0.13309981059200104
7,0.002674713250166658,0.6257322075547883,2.118863275921089e-05,0.00019306854729430638,0.0012183647408126378,8.389277698960402e-05,0.00016230974744074379,0.0002820462356143741,0.016862711752063938,0.00013038718108002775,0.09455711470820373,0.006867869629568966,6.821435863271826e-05,0.018684107114910115,0.01763406439278376,7.933501946768877e-05,0.007147476776050042,3.2458874748843907e-06,0.0015674310891347378,1.264545229676232e-07,0.00012051450571845656,0.10814161431861846,1.9142259331909846e-05,8.083206650082168e-05,0.09766802100007103
8,0.0017859694121479482,0.6193857204956521,3.775504363230729e-05,0.00022323650442788,0.0013860522370754327,7.11686107789546e-05,6.281108662003091e-05,0.00012903883492580194,0.020367825373229287,0.00021802980307411733,0.040614574475324586,0.006400644030848408,3.285769570898061e-05,0.02720310886291676,0.01701647758187001,0.00012056979352708611,0.00965914914134575,1.9121253693848853e-06,0.0006006163772687952,1.6962091629672273e-07,6.799989812955316e-05,0.043322035674787145,4.1260839765922193e-05,0.00022393664404645283,0.211027079836611
9,0.0008330574452726108,0.6529663753375532,3.1689264510313806e-05,0.0001935143899545451,0.001002667449078633,5.623572531072632e-05,5.557577957732902e-05,0.00013797335149020654,0.021472835333309338,0.0003274681362498076,0.02682132662379821,0.004459670443114831,2.8645694350824648e-05,0.03562083101891789,0.014380477076968382,0.00013699199178244723,0.006806886281725853,2.0233684903912532e-06,0.0007781041199365125,2.0826339413504105e-07,7.646857421774139e-05,0.037091611425955844,3.395326647039996e-05,0.00019313900057446847,0.19649227063799546
10,0.0017755401890054074,0.6252828386555754,2.044925753393122e-05,0.00019948834768149457,0.0013673834613624222,8.960610956878815e-05,0.00014321054313194543,0.00025096863352062595,0.019869897999636246,0.00015608546173902614,0.0739219161494304,0.0069520155966139845,4.5075249728943014e-05,0.02384051819325813,0.01894731141263481,9.583007477667577e-05,0.007857646084719994,2.9605311289231864e-06,0.0014171480366888492,1.3680962857090586e-07,0.00011701337562588035,0.08442306619885656,2.623161000002965e-05,9.785142615181106e-05,0.13309981059200104
11,0.0018748725564852512,0.6280551099503461,2.056172478154827e-05,0.00020253501130882025,0.0013871792174415406,8.335208233261883e-05,0.00015112084698375188,0.0002466297058372776,0.01967750677954338,0.00014665833370402565,0.07472299590974738,0.007203169830408439,5.196339208685205e-05,0.023119935394428633,0.018220079172149014,9.481387276549906e-05,0.007662414087140224,3.0131814729243488e-06,0.001445350360899251,1.4380283351632403e-07,0.00011983063089424529,0.08838395560139813,2.490006214701783e-05,0.00010510863081616849,0.12699679986204832
12,0.001472602971427814,0.3760455260623709,4.863016480051023e-05,8.258911670572892e-05,0.009486715998526333,7.632151324757819e-05,8.391520007802642e-05,8.795888587850461e-05,0.03135485528778244,0.00012409867928756804,0.10822601558764716,0.007031991805152247,2.0013788651112053e-05,0.07367911110480727,0.00927441012944893,3.528198483488406e-05,0.011344978452071301,2.172786039297246e-06,0.00022167837062336276,2.678353351659364e-07,0.00020090749441155478,0.036845941299493444,6.040500479607871e-05,0.0002762676297785996,0.3339173428468041
13,0.001426383510856143,0.50251919149601,9.353621671230307e-06,7.547795194853559e-05,0.0011904356257171026,2.7562424221363e-05,0.0001080605036407662,0.0002844007408517345,0.01034770415512959,4.207948304024544e-05,0.14190439900877508,0.0122766054056308,3.2351065804720785e-05,0.02646647661901684,0.018903733690988713,4.1272823595166235e-05,0.005253373792804109,1.23534581389452e-06,0.0007407485868103339,6.993327081765575e-08,7.992326822268897e-05,0.1259277245318026,6.695541531671276e-06,3.730519337663333e-05,0.1522974356794693
14,0.0006797158363665794,0.8562128919738617,7.144202017450963e-06,0.0001388133621914268,0.0019276985792743612,1.0749371761131678e-05,4.688887410877526e-05,7.087837177265682e-05,0.003232464406122485,5.7887065517921075e-05,0.0673796290304556,0.001400691435811098,4.090596026376309e-05,0.013667474167209832,0.002053032686546255,1.0087099592931362e-05,0.005320814021446468,2.997175568997435e-06,0.0012678511617375027,4.48727761192477e-08,0.0002492951944541504,0.03131962058214385,8.299251635455653e-06,4.1079978728154285e-05,0.014853045338635287
15,0.0017755401890054074,0.6252828386555754,2.044925753393122e-05,0.00019948834768149457,0.0013673834613624222,8.960610956878815e-05,0.00014321054313194543,0.00025096863352062595,0.019869897999636246,0.00015608546173902614,0.0739219161494304,0.0069520155966139845,4.5075249728943014e-05,0.02384051819325813,0.01894731141263481,9.583007477667577e-05,0.007857646084719994,2.9605311289231864e-06,0.0014171480366888492,1.3680962857090586e-07,0.00011701337562588035,0.08442306619885656,2.623161000002965e-05,9.785142615181106e-05,0.13309981059200104
16,0.0016370410468999276,0.6015101455059249,1.2369167812836431e-05,0.00013536348533738272,0.0009209536941255584,5.406912636003012e-05,0.00011709375704607052,0.00029275692289680984,0.012702598841430874,9.575448860602179e-05,0.08309200786203483,0.009103979640057961,3.684023305503673e-05,0.023011782947094828,0.019955960328452062,7.443525760516901e-05,0.006762016566664389,2.107917845391347e-06,0.0011912187551257974,8.415481129492418e-08,8.509531505471892e-05,0.1146771400237287,1.2512055127810294e-05,4.7045172173698144e-05,0.124469627734728
17,0.002332577567490252,0.602118221184959,2.4944998497869724e-05,0.00014875983084389834,0.002313255611300304,5.5939525228757575e-05,0.00019989577436902066,0.0002167903752293421,0.0196436534820666,8.386298772890194e-05,0.10356427638362586,0.009844978078755453,5.9656706265419804e-05,0.0332029321954269,0.00896307535023707,5.657326576720894e-05,0.009163901244040816,3.607557121965792e-06,0.0009180776190505746,1.3735453610996172e-07,0.00020233118116455285,0.08265119637777356,2.6218780011081436e-05,0.00012894213351483263,0.12407619443499467
18,0.0010309172585023796,0.537645707621456,2.0173118778507956e-05,8.454751481982826e-05,0.0009561197951684713,5.57452682282709e-05,0.00011479145997715321,0.0001624530762469983,0.01599225470684726,0.00012253787165393486,0.052112288723769044,0.008491221557582416,2.5661335089021818e-05,0.03092300281488077,0.016602152518522314,0.00011426770947170375,0.00880716747166033,1.6945003508699994e-06,0.0009333199270993584,1.1839396718835396e-07,0.00011979811949186364,0.06204233051834787,2.3816054946389137e-05,0.00010648233933341315,0.26351143032380864
19,0.0011522670073797273,0.6696078951605552,1.4955995948136723e-05,0.000279867724480622,0.0014916009787007906,0.00010904481355295029,0.000123831461256087,0.00020410908428709792,0.025568832359987845,0.00019655559017989034,0.045511224834258575,0.0063397561057065245,3.830965533422043e-05,0.020949542282076992,0.021199106685703854,8.888501120861309e-05,0.005652573465979819,2.016592375057745e-06,0.0012420524484293087,1.332934653301086e-07,6.366632260813385e-05,0.08424699378231026,2.2254810572020668e-05,9.216954723903915e-05,0.11580235498640397
20,0.0012694872715078049,0.6263422021318392,1.1125715757224861e-05,0.0001587737507284244,0.0009451452328895167,6.74512713216229e-05,0.0001179524223021582,0.00026475889764737936,0.017412372504812854,0.00013373423535895,0.068470453034559,0.005383702888378944,4.626829157423471e-05,0.021736251544745643,0.02098008640326993,6.429006588888682e-05,0.004909094490133614,1.9711844559409777e-06,0.0014996891082871466,1.1311425708117515e-07,8.329515228942428e-05,0.13123027274035703,1.2833117245129575e-05,5.292667366180477e-05,0.09880574875673105
21,0.002767921331931856,0.6324517600703837,3.915781744995603e-05,0.00018415290332385008,0.0014060983041819226,4.6716529128084655e-05,0.0001388063144834918,0.00026325413123631607,0.015774010505011014,0.00012733204291555443,0.07680906320657212,0.011302668856566753,6.084695145317254e-05,0.03581858141019429,0.009595292026606401,0.00011128488345588522,0.010351828018497511,4.867406523325668e-06,0.0008791437522172021,1.6869095949839656e-07,0.00016885417326304982,0.059824551215364785,2.93191082068157e-05,0.0001570187213676875,0.14168730162870563
22,0.0026823151829784377,0.6503888705379941,3.1243495540828944e-05,0.00020990352617287884,0.0012200039977303594,9.632514722568745e-05,0.00012005048695691006,0.0003927402602272113,0.011223981482273765,0.0002075385350312084,0.09459141706526751,0.0055861521327481255,5.142842956333673e-05,0.02500336269432798,0.01264681964099007,0.00010283411133323294,0.01508917778493191,5.629506795519364e-06,0.0015412285466868856,1.552598961556707e-07,0.00019864099029203423,0.08764643909066265,3.450569290374072e-05,7.350869965351641e-05,0.09085572770181594
23,0.0017755401890054074,0.6252828386555754,2.044925753393122e-05,0.00019948834768149457,0.0013673834613624222,8.960610956878815e-05,0.00014321054313194543,0.00025096863352062595,0.019869897999636246,0.00015608546173902614,0.0739219161494304,0.0069520155966139845,4.5075249728943014e-05,0.02384051819325813,0.01894731141263481,9.583007477667577e-05,0.007857646084719994,2.9605311289231864e-06,0.0014171480366888492,1.3680962857090586e-07,0.00011701337562588035,0.08442306619885656,2.623161000002965e-05,9.785142615181106e-05,0.13309981059200104
24,0.001022731942709041,0.7385129970854886,1.300190316859415e-05,0.00026974530213869,0.0010556254773962292,6.097625428112912e-05,0.00010536117417286254,0.00021492563400782053,0.014012484435272832,0.00016740252397663143,0.04623340485949041,0.004644782075448015,3.633532419574753e-05,0.02123150161493831,0.015345384962776614,8.096361819278723e-05,0.007018074873719103,2.865017603122951e-06,0.0016881596817949847,1.0672587315804648e-07,9.690031733651332e-05,0.065009330996908,2.293651791779328e-05,7.11110819787254e-05,0.08308289059921461
25,0.0028933364670827824,0.5032123813739916,2.5032876775012358e-05,0.00020475253401398767,0.0025169460017484954,7.064898500351853e-05,0.0002723174234883306,0.0007107623888696194,0.015563065676814227,8.77209513546273e-05,0.20201611518261098,0.013093022519719607,6.42618825439928e-05,0.03625963288746395,0.011245126327998596,7.374440216971023e-05,0.009623801778525433,7.712093875712181e-06,0.0012862790826009061,1.812364965351851e-07,0.0002523167552417276,0.10176498677783193,2.499221171170804e-05,7.228595192575201e-05,0.09865857623014135
26,0.003252876749858307,0.6064881269168451,6.004791062669376e-05,0.0003894090692221771,0.0029352651514973098,0.0001484100252480178,0.00016858457409519683,0.00019198885780540871,0.044778694378309405,0.00029587452132895874,0.06665005918234274,0.006382173947694739,6.576066092639484e-05,0.03701527118925912,0.013110750092145221,0.00013094023724003314,0.010659573000598945,7.933081914091002e-06,0.001225720277768473,3.153666513414767e-07,0.00019198163734498642,0.04672880476239418,0.0001044532478696241,0.0004184677797350896,0.15859851738127856
27,0.0014782854781770802,0.5768493953754268,1.341672835069467e-05,0.00019614787321091287,0.0011779952733856854,0.00011466706602214667,0.00013014595963907794,0.00025353527454849526,0.030591992744690398,0.00016991948083619474,0.06358545642485566,0.006647230441438182,4.2918541434663235e-05,0.020362970550501742,0.027736186599764737,9.04907490557157e-05,0.004410895558120023,2.042698745639196e-06,0.001507227418459065,1.3210771129275732e-07,6.431755085788218e-05,0.12500131080577895,1.7916136978489816e-05,8.6326886603598e-05,0.13946907627540678
28,0.0017755401890054074,0.6252828386555754,2.044925753393122e-05,0.00019948834768149457,0.0013673834613624222,8.960610956878815e-05,0.00014321054313194543,0.00025096863352062595,0.019869897999636246,0.00015608546173902614,0.0739219161494304,0.0069520155966139845,4.5075249728943014e-05,0.02384051819325813,0.01894731141263481,9.583007477667577e-05,0.007857646084719994,2.9605311289231864e-06,0.0014171480366888492,1.3680962857090586e-07,0.00011701337562588035,0.08442306619885656,2.623161000002965e-05,9.785142615181106e-05,0.13309981059200104
29,0.0017755401890054074,0.6252828386555754,2.044925753393122e-05,0.00019948834768149457,0.0013673834613624222,8.960610956878815e-05,0.00014321054313194543,0.00025096863352062595,0.019869897999636246,0.00015608546173902614,0.0739219161494304,0.0069520155966139845,4.5075249728943014e-05,0.02384051819325813,0.01894731141263481,9.583007477667577e-05,0.007857646084719994,2.9605311289231864e-06,0.0014171480366888492,1.3680962857090586e-07,0.00011701337562588035,0.08442306619885656,2.623161000002965e-05,9.785142615181106e-05,0.13309981059200104
30,0.0017755401890054074,0.6252828386555754,2.044925753393122e-05,0.00019948834768149457,0.0013673834613624222,8.960610956878815e-05,0.00014321054313194543,0.00025096863352062595,0.019869897999636246,0.00015608546173902614,0.0739219161494304,0.0069520155966139845,4.5075249728943014e-05,0.02384051819325813,0.01894731141263481,9.583007477667577e-05,0.007857646084719994,2.9605311289231864e-06,0.0014171480366888492,1.3680962857090586e-07,0.00011701337562588035,0.08442306619885656,2.623161000002965e-05,9.785142615181106e-05,0.13309981059200104
31,0.002338866065431198,0.6763431914833875,2.952218877269989e-05,0.00018134166194069302,0.0008631694647119547,7.195862476930047e-05,0.0001204755342483073,0.0004070446626782552,0.012962301960292676,0.00018066813367286543,0.06653954765436375,0.006751345840962681,4.541663817681417e-05,0.023393366430320015,0.012201502923254785,0.00012628002032674036,0.010076364845358378,4.060109344009703e-06,0.0012431257117912326,1.2961840092595668e-07,0.00013395511921362343,0.07553217197297855,2.502228500155559e-05,7.735953648088897e-05,0.11035181151412046
32,0.001688547551268547,0.629037043039637,1.9158038093895475e-05,0.00021289716892073615,0.0013174536316710231,9.291893102879659e-05,0.00014724287002441895,0.0002550291168553873,0.01956325350709287,0.00016508964069708633,0.07254499287383649,0.006410583188338211,4.682252360447182e-05,0.022342471352140486,0.020920946716645253,0.00010146022267780544,0.007845471589910053,3.049217682995669e-06,0.0017434509586278985,1.384047039957115e-07,0.00012347255830094097,0.08794432122302684,2.658550703157679e-05,9.660094518928292e-05,0.1273509992229938
33,0.0024951930386133848,0.6710866960776629,1.143243631033355e-05,0.0002039973815823754,0.0009128586563265391,3.763002850727436e-05,0.0001625499270326956,0.0003484880947951061,0.005789121872708182,4.969655725982631e-05,0.1046877749758955,0.011454832350023125,6.93784838148977e-05,0.011975353855457425,0.008750142273681748,7.854402916237693e-05,0.011702099263529435,3.338080171040163e-06,0.0014677432846097007,7.078831954362296e-08,0.00012244488326437877,0.11318125203790422,1.1826904407387007e-05,5.4516900039656395e-05,0.05534301781892089
34,0.015342224791305559,0.39129960453334584,3.6723675639479437e-05,0.0003346848263936573,0.002670930346180666,0.00011661878521790827,0.0003953285982074462,0.00040577733360565803,0.029215536177021734,8.683990638688266e-05,0.27828760029578725,0.007752936831946171,0.00017541012617269727,0.013599611126040143,0.030633130219495954,8.000355853796882e-05,0.007162054380530032,1.1635760638801453e-05,0.004025032155163728,1.3938017082708847e-07,0.00027222492995635053,0.13944346323715015,3.388162298252504e-05,0.00015161276919821174,0.07846699463292436
35,0.003332923975380068,0.6078311216357938,2.243115576186723e-05,0.0002245469248793648,0.0009063066301285988,0.00012119973553695021,0.0001682484570835141,0.0004124770552140523,0.021578270411508255,0.00017714629120498137,0.08029386634038964,0.009008765995867285,6.45391292913725e-05,0.017732653535266832,0.016136508816156126,0.00014686902609161245,0.00798230171158623,5.220670183298818e-06,0.001975370376915188,1.25867025312871e-07,0.00010910747140090003,0.12623036523725864,2.3747576115604765e-05,9.645571612102233e-05,0.10541943025783942
36,0.0013364553129009912,0.6636503650673999,1.0845874244455799e-05,0.00018854689575681897,0.0003778688716101197,7.538930330605932e-05,9.413367208884171e-05,0.0004445815751142742,0.016223942899011412,0.00020662712319247754,0.03643727552946529,0.006496110813176168,3.454777695653353e-05,0.021282372099912975,0.017355543222412777,0.0001175656390299718,0.005783984092535028,2.573355889518468e-06,0.0014937742298503436,8.33131556927966e-08,4.861266405935384e-05,0.14345370746097305,1.233896630488249e-05,3.268116119736998e-05,0.08484007308045576
37,0.00373872931695067,0.6039633160044544,4.904879493553784e-05,0.00019220768383657505,0.0023311541781922346,6.471018935308032e-05,0.00020303111381692437,0.00018612916518162878,0.026074575274023463,0.000131347767615895,0.08950253571019771,0.009864550234121092,8.918301486436498e-05,0.03416121614975351,0.009513074152173792,9.010842802439708e-05,0.009333317429226638,5.491782163184612e-06,0.0010034834580808169,2.0777398754946082e-07,0.00021747227041187133,0.064413169083471,3.7679515209031575e-05,0.00026061442508084254,0.1445736470848739
38,0.0033914437804274237,0.5720258368979554,2.93414130930679e-05,0.0003716457245251354,0.001099110756189611,0.0003024803162414516,0.0003934942608162099,0.00043203275536395124,0.024701251244109435,0.00027045696320207835,0.08170277672879935,0.00731627909160082,9.22956005751027e-05,0.013796347671205167,0.03677506080433445,0.0002926128130048189,0.012338465752765334,7.486800538368476e-06,0.004996944393259239,2.2587219543368057e-07,0.0002054271959056333,0.11834477557013175,5.6316798963151404e-05,0.00013207823666579074,0.120925812558132
39,0.002781048619923654,0.5251357675358952,2.4981652564469312e-05,0.0001909148758675412,0.0010550585812851084,0.0001746952717186674,0.0002880941506152479,0.0006878992445554379,0.01462718779881271,0.0001422038543325521,0.10871789676262124,0.013136465059055724,5.723835221782905e-05,0.016192444029835575,0.01968242446523983,0.00022634881663414583,0.014102899348624501,4.332300292314619e-06,0.0021027976675995355,1.5205390387307673e-07,0.00018146860118690053,0.1358237692219684,2.9827482456616854e-05,8.296390600379713e-05,0.1445511203467891
40,0.002122608752781818,0.578947453015595,1.8354079380202024e-05,0.00010701680348655613,0.001206900051271892,7.119894982911943e-05,0.00011662330480236118,0.00020133417411976535,0.015255077620267938,8.381241150941558e-05,0.08304651079448627,0.009469571070285503,3.9033783661745844e-05,0.020004578697405642,0.018489897197062902,5.956032610181937e-05,0.006975755918623088,1.2557397995484076e-06,0.0006424113414541623,8.948017562929399e-08,7.092131154678804e-05,0.1117977354598335,1.2693869826382639e-05,5.9772866413229406e-05,0.15119983298027984
41,0.0019227679223569481,0.49149442438160285,1.564532735308627e-05,0.0006170549011091022,0.0038613971663597688,0.00029481072327176665,0.00012931129303909232,0.00023291646911769999,0.05262962288694215,0.00022849389746834465,0.08196169215697027,0.007205622814357266,2.6524167973022748e-05,0.015109542061202972,0.08831372820535334,9.521314654422939e-05,0.004876990329774011,1.8500406945352925e-06,0.0015015686577932196,1.3720670647912065e-07,3.328866628623914e-05,0.0814487194361954,3.596882494672836e-05,0.0001123037707536874,0.1678504055458279
42,0.0014111562170746206,0.5925695818081613,8.578851979727124e-06,0.00015745973575409747,0.0006961142197844987,9.912567096690515e-05,0.00011633190978065948,0.00030301295388521926,0.01441135791190749,0.00012659799384637656,0.06286453535043206,0.00569209270976736,4.5704480157996454e-05,0.01041633773045685,0.024643992809770084,9.493799944232437e-05,0.005813876281808923,1.4280043404813436e-06,0.002053832542706721,8.190298660415307e-08,6.198342164708359e-05,0.19081712645204726,9.741711516924274e-06,4.4991577625985424e-05,0.08754001975215224
43,0.0016050181738728215,0.5833676839220067,2.3215821559858695e-05,0.0002607445735930683,0.0013595220599957078,0.0002362777309335407,0.0001496445215023059,0.0003916930241543304,0.02980114690187357,0.00040932718358671145,0.06641604480570001,0.004064017828146331,4.843778850216965e-05,0.0229999624555751,0.03146617887907874,0.0001398752742738293,0.007138005057952528,3.7436587779106427e-06,0.002598350329626463,2.1520683113713688e-07,0.00014425618167944145,0.12134171685502798,3.584175830911366e-05,9.104465782582675e-05,0.12590803534961495
44,0.0017755401890054074,0.6252828386555754,2.044925753393122e-05,0.00019948834768149457,0.0013673834613624222,8.960610956878815e-05,0.00014321054313194543,0.00025096863352062595,0.019869897999636246,0.00015608546173902614,0.0739219161494304,0.0069520155966139845,4.5075249728943014e-05,0.02384051819325813,0.01894731141263481,9.583007477667577e-05,0.007857646084719994,2.9605311289231864e-06,0.0014171480366888492,1.3680962857090586e-07,0.00011701337562588035,0.08442306619885656,2.623161000002965e-05,9.785142615181106e-05,0.13309981059200104
45,0.001910273295193746,0.46432822709565946,1.1370967891001695e-05,0.0005225527682871622,0.0023763331962356176,0.0002920049841082267,0.0004203862742577323,0.0004149261901144881,0.045050118869656014,0.00015850080562208063,0.09548105551356025,0.009252665221412156,6.631306391121311e-05,0.011208116105512214,0.08148936716691324,0.00016760285535690503,0.004711158248427214,3.041711732372417e-06,0.004085371200588901,1.9088969537357757e-07,7.021599852815177e-05,0.1503794694532646,2.698440633512475e-05,0.0001014754533838724,0.12747227826435295
46,0.0025250263899412664,0.679087219481765,1.204700210546127e-05,0.0001692070993171417,0.0006799142686014359,5.519928345181713e-05,7.649972982391113e-05,0.00022472336316877562,0.0036250030536936055,5.6268204968825276e-05,0.07044269269175074,0.009682619359670743,3.4739718222087205e-05,0.007025800861427122,0.014524173072555744,9.420241250960309e-05,0.021637313412407218,1.158026036857104e-06,0.0008378628575395015,4.849651912136198e-08,5.7163666605975505e-05,0.10943550979580305,1.3258142779795759e-05,4.2825118959550026e-05,0.07965952449037565
47,0.0017875166539806973,0.6908705940777423,1.0412710742754491e-05,8.095547862597045e-05,0.00041088687811800806,3.5257298885426315e-05,8.660954543600243e-05,0.0001741113544442461,0.009185945417824288,6.543459589237793e-05,0.043812360875794085,0.008952425098692606,4.599671579764624e-05,0.009902853248564705,0.010743267410724771,8.146918101676034e-05,0.0054853239290070886,9.507933697273621e-07,0.0007403508272661147,5.458259550303884e-08,3.903823635137734e-05,0.12263724281592028,5.6235409248336145e-06,5.0989026738824895e-05,0.09479432970554369
48,0.0006668440196650687,0.8381629297879715,7.217568183895608e-06,0.00014702444329703333,0.0002871657783444896,3.476567596082383e-05,4.4462703690142556e-05,0.00016634695538602853,0.003565429948370617,0.00012114055127918462,0.02065100539165201,0.002800344072120781,1.9401498114832025e-05,0.008804696636550119,0.008939984624360763,7.085055284510237e-05,0.010316083936450992,1.0585879012018397e-06,0.0010496496784251662,4.0481260608712664e-08,4.6783532019862236e-05,0.06013695323911425,1.0496716000610544e-05,2.1895186848028968e-05,0.043927428434186955
49,0.002416306687177361,0.5915264616668624,2.7184634068238245e-05,0.0001933154408056205,0.001452987821797281,0.0001252626650395087,0.00016485277669147234,0.0003185939599214878,0.02192458330156354,0.0001556567836184806,0.08590038138363032,0.00983960611172897,5.0059718306406966e-05,0.023477598857329383,0.016047877344613447,0.00010823232050987526,0.008672701673975271,3.281096573865735e-06,0.0010520602520236832,1.564993352687778e-07,0.00011012755288392622,0.09346862633351924,2.8020490286703973e-05,0.00010540407899194139,0.1428306605487464
50,0.001128710854602149,0.6534515800496974,1.7169499887528474e-05,0.00015354566068679983,0.0009355236250611866,7.516935942687064e-05,0.00015490654934749922,0.00029104545203539493,0.020543041615643538,0.00020496398696683731,0.051699520424314874,0.005343985702460418,4.824051579845743e-05,0.02677214983194859,0.016885972767167953,8.457449925202765e-05,0.005210228124732797,2.3317064711624316e-06,0.001730226666878786,1.2609181111799245e-07,0.00012073129640523753,0.10343643769383584,1.53600193202703e-05,6.003095576395359e-05,0.11163442705048364
51,0.0037715345232722367,0.37181157224304073,5.1157183912491246e-05,0.00020846322850653486,0.003342965965811468,0.0002849791644746475,0.0003950064277393858,0.0002584838326034906,0.04586879405511808,0.00019775328569454222,0.1407656744460697,0.009370037889904538,6.927759131128982e-05,0.028569112443044605,0.02734142214164216,0.00018329450629191415,0.01405342221516929,6.767322581732313e-06,0.002162717727161586,3.175895710284381e-07,0.0003361594950183904,0.08167334184964052,0.00010120087755776466,0.0003384664921120021,0.26883807750274996
52,0.002222362366117723,0.6085026301450677,2.171352847496721e-05,0.00037093217304232307,0.0010346585513198267,0.0001691747749906958,0.00012530229553031803,0.00040878836189465155,0.027172545132295906,0.0004016307083879072,0.06898420065997603,0.004895993646583965,6.003366213798977e-05,0.023853416660413122,0.03196885704653084,0.00016245450385884378,0.006869608018144157,6.500738359855055e-06,0.0029287401876502044,2.226539751146721e-07,0.00010200676152624216,0.1164038873800588,3.462847948349482e-05,9.534211795054038e-05,0.10320436944622885
53,0.002064791797382932,0.49651630029505944,2.1440876943846344e-05,0.00017930296696144697,0.001622096223014904,0.00013641403087250546,0.0003827764655305487,0.00032279363862368164,0.03265921927275787,0.00010326618102233907,0.10082454597156856,0.01366004267795261,5.036780892189795e-05,0.028241060191116836,0.02420764569126251,0.00011554108708966143,0.007205112330832715,3.5241482885923404e-06,0.0013855368369427906,1.6664362502064773e-07,0.00013669725198665303,0.08726635271111353,3.638940229565667e-05,0.00011347467096395087,0.2027451408278696
54,0.0008819793132110547,0.6179435451550599,1.4348230915445423e-05,0.00010627982480916021,0.0008356274158617858,5.056257574449447e-05,8.339544937358679e-05,0.00016612761512176374,0.01838817639562812,0.0001364615689748705,0.04147043721137554,0.007287085747142046,2.485776925966991e-05,0.025702836650204498,0.018946023183379616,9.064491574389785e-05,0.005021158811597249,1.1766607823473965e-06,0.0007726385672198843,1.0108694617349996e-07,5.487088818658419e-05,0.0683184109335981,1.3702728265330777e-05,7.456571830479091e-05,0.19361498558329418
55,0.002431645508697485,0.4803178878441634,2.180802680262496e-05,0.00023741217205670783,0.002982595779802517,0.00010459901206338155,0.00041210575438019087,0.00020548502432915353,0.04929560406677568,7.102992789773024e-05,0.10332982543641164,0.02382078753490293,6.280545678547004e-05,0.025479965053957547,0.01668960376675231,0.00010833453854952253,0.005359808061731393,3.8207550650430274e-06,0.0012187431364189573,1.5173008388252797e-07,0.00011592970075858589,0.06948292747387487,3.394044745373537e-05,0.0002787634663058389,0.2179344203239794
56,0.0018151583632364178,0.627032192629695,2.023281704829484e-05,0.00019617726273020873,0.0013414073053195947,8.600533768635173e-05,0.00014624015517129246,0.0002502860308018908,0.019602935761812757,0.00014963954727371346,0.07433608126531943,0.007095411686784351,4.791556443520836e-05,0.02353609421331917,0.01829445439002118,9.352834832516158e-05,0.007688810110850071,2.958450566860546e-06,0.0014178130131802826,1.375626427057817e-07,0.00011801153253772569,0.08729425292023192,2.5147039801406974e-05,9.875720253661018e-05,0.12931035148867218
57,0.0012199694545105815,0.6834338137828508,1.335636009105629e-05,0.0001422991334244286,0.0009074169810041814,5.0697984950202507e-05,0.00014127586943007048,0.00020820977615865126,0.012971936930482472,0.0001123604955899784,0.05777720240806831,0.006225944455025158,4.896733599064666e-05,0.016442098304413583,0.014567136381374047,9.13706621496239e-05,0.0067011626858488075,2.0370816707073747e-06,0.002022711994536532,9.000603556561824e-08,0.00012885461590800615,0.09101300204412766,1.3965260087182483e-05,7.699720226497798e-05,0.10568712279400681
58,0.0017338086921032292,0.6193538322072518,2.2355949823015045e-05,0.00020944054857863114,0.0016577300981772194,8.668386722797439e-05,0.0001561953586609266,0.00020053654481203348,0.023194467754828505,0.00015252050610286782,0.0712846560877035,0.007185342617828168,5.2669146690138376e-05,0.023915621328814727,0.018639257855503397,0.0001014493683973537,0.007513962072534064,2.9675350691713277e-06,0.0014643292133753821,1.6552963315803683e-07,0.00012910897432782538,0.07607789233443733,2.9938996511443445e-05,0.00015001708738762772,0.14668505032422047
59,0.0016937496716755251,0.6239745036423779,2.5017439716681338e-05,0.00019617307234088652,0.0016142325538748442,8.698817117612774e-05,0.00014397264495210927,0.00020628212249505237,0.022219559309551034,0.0001691080731956008,0.06783250365476781,0.006847764366142894,4.853836302952443e-05,0.025733954225763148,0.017031035184473298,0.00010523228822026067,0.00808795917733568,3.020516092193018e-06,0.001327189143365007,1.6928749975321715e-07,0.00013447668036489316,0.07136262091803705,3.1008560452246575e-05,0.00014558213119946563,0.15097935880190105
60,0.0017755401890054074,0.6252828386555754,2.044925753393122e-05,0.00019948834768149457,0.0013673834613624222,8.960610956878815e-05,0.00014321054313194543,0.00025096863352062595,0.019869897999636246,0.00015608546173902614,0.0739219161494304,0.0069520155966139845,4.5075249728943014e-05,0.02384051819325813,0.01894731141263481,9.583007477667577e-05,0.007857646084719994,2.9605311289231864e-06,0.0014171480366888492,1.3680962857090586e-07,0.00011701337562588035,0.08442306619885656,2.623161000002965e-05,9.785142615181106e-05,0.13309981059200104
61,0.0018772416440732348,0.6123670760381071,2.8083136113950906e-05,0.00020152709558793368,0.0017312891148300795,9.184305273149623e-05,0.00015341658308514887,0.00021689380355687136,0.024835863192452283,0.00017783008553838442,0.07177432080310216,0.007028318035485039,5.226038814659891e-05,0.02759587709474122,0.016482009878056682,0.00010525399446161908,0.007913372307708364,3.3987216041438454e-06,0.0013408801884158533,1.8053108791826698e-07,0.00014602588094241422,0.07191553349069368,3.316646754709366e-05,0.00015980621476347745,0.1537685322571672
62,0.0017755401890054074,0.6252828386555754,2.044925753393122e-05,0.00019948834768149457,0.0013673834613624222,8.960610956878815e-05,0.00014321054313194543,0.00025096863352062595,0.019869897999636246,0.00015608546173902614,0.0739219161494304,0.0069520155966139845,4.5075249728943014e-05,0.02384051819325813,0.01894731141263481,9.583007477667577e-05,0.007857646084719994,2.9605311289231864e-06,0.0014171480366888492,1.3680962857090586e-07,0.00011701337562588035,0.08442306619885656,2.623161000002965e-05,9.785142615181106e-05,0.13309981059200104
63,0.0014996762202879813,0.6653551550862838,1.722607365486331e-05,0.00018125687689275253,0.0011127210391377342,7.189708917691667e-05,0.00011705054943896,0.00022410624518189474,0.016523940560570233,0.00014620443008690732,0.06184114379064833,0.00622939084881199,4.06527358765269e-05,0.021512989227090808,0.017015829793521436,8.741199806154295e-05,0.007286943038073433,2.4169183381647152e-06,0.0013019842468159186,1.162157023076979e-07,9.82358677014357e-05,0.08049241374797188,2.118683075217397e-05,8.329626291759339e-05,0.11873675430700417
64,0.0018161742305650883,0.6368009941289177,2.4408241413103447e-05,0.00018284468136494357,0.0014665590873920206,7.61504789729494e-05,0.00015881548127719735,0.0002444843922976557,0.017596765039034405,0.00015041730971258974,0.0766129822305772,0.0065123068648544075,5.119856080933981e-05,0.026293097135488743,0.015366389729918458,9.401845058725694e-05,0.008976113701072826,3.4260760166282396e-06,0.0015359090891126739,1.4568892189508084e-07,0.00017764724174652678,0.07689651346594806,2.863861377454192e-05,0.00010779930931938073,0.12882620077090445
65,0.0044194320058685765,0.4068284043658265,1.4864895357648944e-05,0.0007669897708944757,0.0028840812680573373,0.0005488307971694788,0.0005335749359094332,0.000561727241554933,0.014878891265951103,0.00011822979682044526,0.234829435623547,0.009559925300681445,5.4892932974359535e-05,0.007324922199119022,0.07069819829556576,0.00020719603638820494,0.024299595405495363,9.230478197218847e-06,0.007722735000332042,1.3007439304082146e-07,0.0002298304748025664,0.116203122074102,0.00010218877699284606,9.210023903509208e-05,0.09711147074496412
66,0.005122645683431613,0.551883406986362,5.505193088292874e-05,0.00016710425271436474,0.0020333376467239913,6.724132847198793e-05,0.0002528418098882258,0.0005479966067877572,0.02438679865440328,0.0001593183864254303,0.14271360325884785,0.008944811649798916,0.0001480651085695897,0.033817613952851704,0.009895904488649047,7.555314318252381e-05,0.005499391469916528,6.4790454899644456e-06,0.001123210434247969,2.3911949861536517e-07,0.00022251132095567187,0.12599864721667692,1.3545330410050651e-05,9.733955195217937e-05,0.08676734162286091
67,0.0038969953022325323,0.5746550613617083,0.00014971948091065297,0.00041394688181263235,0.002697955746597903,0.00014525360236366866,0.00019601370177507453,0.0003460791918509462,0.01609178265976775,0.0004285863155296663,0.10058210429292144,0.0046468743778589365,8.037202403675931e-05,0.059860394688231865,0.011250089544973304,0.00019363751022143563,0.034383269383927086,2.000573800514198e-05,0.0018684181458722322,5.779726426735572e-07,0.0009469763669064294,0.03195677943274087,0.00027799274193455586,0.0003671183139321793,0.15454399522124604
68,0.0007283248029284382,0.226802676105798,7.27962552236068e-05,0.000142775217955178,0.004030505330347582,0.00011030620895240281,0.00011740367100662467,5.75167697624069e-05,0.12934383109647546,0.00024160685424966217,0.03123241577275267,0.009054898921868842,2.0692663244175995e-05,0.12335605477322922,0.008933945838450209,4.702063430611447e-05,0.0023204570557954036,2.2116435083857176e-06,0.00013471776135250444,4.304333547054322e-07,6.429142470431424e-05,0.012698407050889865,8.803793810618747e-05,0.0005567716689721751,0.4498419041067659
69,0.0018719334232114501,0.5696730461208517,4.214360035387024e-05,0.00020404005238888,0.0015566407609771571,0.00011013524555225892,0.0002021574183608883,0.00036751855866628045,0.026952271731351368,0.00025717579148101826,0.07708704147498273,0.007546939869154584,5.4961960949013373e-05,0.04654992252702077,0.014792672231254874,0.00013638294694584625,0.008823292409699344,6.470084377893607e-06,0.00161026692588605,2.61169587637107e-07,0.00026454998082175014,0.0664291449824157,4.978153454887493e-05,0.00015137927070315926,0.17525986992845677
70,0.001976298249088147,0.5270461342132123,2.4882711380093775e-05,0.0004035854718203103,0.004719940291131368,0.0001401305832211616,0.0002628597106844488,0.00023032410729237107,0.04653430638646011,0.00012424929956140275,0.10597566998873426,0.00929046531069269,4.520731868762563e-05,0.03364960147631691,0.029037038939016394,5.680291221330787e-05,0.006179116104613881,2.954442193099564e-06,0.0011080374489295319,1.7720288733799128e-07,0.00011392713548634462,0.06632143899302635,4.777426361573418e-05,0.00014975071695382862,0.16655932672278087
71,0.001256458411346001,0.6224425407843773,2.3333226346509852e-05,0.00017031935856042548,0.0018522132697190402,7.307635056835458e-05,0.00016346518451193607,0.00023175830780567574,0.02803511984164545,0.00017485105778519068,0.06388394324236203,0.006383044540075124,4.2747273393385603e-05,0.03869857128992049,0.013889804391575876,8.517828057241945e-05,0.006211299567576903,3.477356904729866e-06,0.0012231430164103877,1.8336029123454736e-07,0.0001626324751635234,0.06527933615638173,2.975002617590637e-05,0.00012435559209011715,0.1495593976384402
72,0.0015950425546376117,0.6166245041350842,1.573587779113784e-05,0.00021930700249843483,0.0009684653712133267,0.00017513039492613708,0.00031348268761882784,0.00036613641941961534,0.022595169667683143,0.00018058404813886,0.06014947750909826,0.007416381626978793,6.064926751652897e-05,0.01385831841393176,0.030031086477285363,0.00016461964488416104,0.0070762091097893885,2.816245335223517e-06,0.002673131738124833,1.5131926325666878e-07,0.00010524400338282452,0.1271754578140374,2.0483059948313024e-05,6.403636554464616e-05,0.10814837924586794
