,0,1,2,3,4,5,6,7,8,9,10,11,12,13,14,15,16,17,18,19,20,21,22,23,24
0,0.0001026224944330025,0.00479087885772685,2.532427937429377e-07,8.180650078458932e-07,1.2574942258079023e-05,3.574054847763814e-06,0.000562296503339545,2.385251773117258e-05,3.446865167272291e-05,8.5934347345813e-05,1.4113028742828698e-05,3.4224486200473502e-06,2.065098245205955e-09,0.0001194189922235859,0.926197525156085,0.00021060967116740765,5.848509554882627e-06,1.8576011745858088e-08,0.05552342311626477,2.035897841471844e-09,0.0008732336734600483,0.009365128642863962,0.00017877999451235274,1.1538732978474847e-06,0.0018900465390429525
1,6.305680638674981e-05,0.003001603002717959,2.524136904515292e-07,5.873739124503368e-07,1.0601481014255088e-05,3.5000177042415037e-06,0.0004992261511452421,2.254461415361301e-05,6.571733455881027e-05,9.325293863149492e-05,9.27334567693007e-06,1.9528849857494167e-06,1.5037078348505028e-09,8.93359324947604e-05,0.9078511679160777,0.0002596379282950224,2.7514592507949337e-06,7.391364014307476e-09,0.0801813618503779,1.8217912205354611e-09,0.0006531598098958215,0.0056325313097519815,8.43406621208769e-05,6.27528910624287e-07,0.001473506521383276
2,0.0001355324788066681,0.007039186754374397,4.21793294006551e-07,1.3376013925865876e-06,1.9040205783003827e-05,4.5514421396782394e-06,0.0008352022661365147,3.5681098251874e-05,5.007037269229366e-05,0.0001375079323601459,2.0392460624034006e-05,5.0244592353308235e-06,3.490193849264371e-09,0.0001691903957963036,0.899412865148688,0.0002532356072212564,7.900253116021309e-06,2.8125300541714192e-08,0.07653307014933289,3.076531032192496e-09,0.001143206808123873,0.01157742773917967,0.00019755045015422372,1.698720250664275e-06,0.002419871171021115
3,0.00010265959374800858,0.004829191946465219,2.5145776797193537e-07,8.226384131615691e-07,1.2532379209285409e-05,3.554679351015028e-06,0.0005608028720962656,2.389956235879665e-05,3.4215549035286985e-05,8.633904344004033e-05,1.4050005159722075e-05,3.4141038777766064e-06,2.0585016030414306e-09,0.00011938312013452255,0.9261901888538926,0.0002100108128886043,5.883868044265991e-06,1.870993415530428e-08,0.05542058916305991,2.0334400819757733e-09,0.0008793239124620471,0.009413718033393626,0.00017995364518393734,1.1585059135939824e-06,0.0019080334522285736
4,0.00010220597539238138,0.005451896244690142,3.082641203247289e-07,9.058048440919905e-07,1.5842156044882967e-05,4.314012943837796e-06,0.0005987791892838593,2.2469895951069934e-05,3.775164873988448e-05,9.274562045650251e-05,1.5532856250323516e-05,3.7960109859019208e-06,2.9308801824488327e-09,0.0001553052099606922,0.9274083098921686,0.00021676666286564054,5.674073279854603e-06,2.042211290866532e-08,0.05343432918931343,2.328761064805665e-09,0.0008359805244073525,0.009648236409472807,0.00018601040355159548,1.2387319754908157e-06,0.0017615755415472233
5,0.0001194081939111588,0.0069052390929376746,2.850767917769688e-07,1.429616903123287e-06,1.7084761904974235e-05,4.34480012386273e-06,0.0007011666397971077,3.3101145805927045e-05,3.2960438400677905e-05,0.00013084945424743274,1.8281220706710886e-05,4.188692513821351e-06,3.001822702385566e-09,0.0001519007258009973,0.9179559325046333,0.00023925155475122998,8.528846804236785e-06,3.410794704175902e-08,0.058245428371736414,2.815859672321866e-09,0.0012913015002205673,0.011414101413840883,0.00028335421643722224,1.828379829763055e-06,0.002439993426271846
6,0.00010265959374800858,0.004829191946465219,2.5145776797193537e-07,8.226384131615691e-07,1.2532379209285409e-05,3.554679351015028e-06,0.0005608028720962656,2.389956235879665e-05,3.4215549035286985e-05,8.633904344004033e-05,1.4050005159722075e-05,3.4141038777766064e-06,2.0585016030414306e-09,0.00011938312013452255,0.9261901888538926,0.0002100108128886043,5.883868044265991e-06,1.870993415530428e-08,0.05542058916305991,2.0334400819757733e-09,0.0008793239124620471,0.009413718033393626,0.00017995364518393734,1.1585059135939824e-06,0.0019080334522285736
7,0.00012649767165231606,0.007544268151334998,3.950382666963857e-07,9.933778180200695e-07,1.2257194797962028e-05,3.320583292059862e-06,0.0009596362302052372,2.588441240376051e-05,4.7383141575695974e-05,8.982961314482662e-05,2.158893850694354e-05,3.558321085639535e-06,4.344378954556107e-09,0.0001313224270936942,0.928232325020099,0.00016808156227370057,6.725959858153327e-06,2.2288878216187405e-08,0.05112932153606068,3.034770995746318e-09,0.0006704551120201541,0.008816755181731278,0.00016202640779133684,1.880015253872336e-06,0.0018454644357057573
8,0.0001271470161925015,0.008009303766872315,3.9725310416061007e-07,1.8698838265767368e-06,1.542114016461022e-05,2.000935290942846e-06,0.0007516588589650727,4.179218457183185e-05,3.441760877807271e-05,0.00019038899947799973,6.370500366486627e-06,2.883098746068278e-06,3.1057516645760805e-09,0.00016753338609834393,0.923215280924178,0.0002976896955935053,8.917451177668882e-06,1.7732795857151353e-08,0.05201701463402464,2.4327315032066126e-09,0.0011572662702522363,0.00831853994951743,0.00028031768618584424,2.92691361657354e-06,0.0053508385717202485
9,0.00012674937534502435,0.013067909851917997,8.704418989959091e-07,2.4903011002845195e-06,2.0432488401962804e-05,2.1358828540889406e-06,0.001179826501735021,5.058016215071633e-05,7.31557107222948e-05,0.00024943012205866046,1.0227363998927674e-05,3.181753868766175e-06,7.588718117831918e-09,0.00017966163487218026,0.9174478507909617,0.00023352109175930658,1.0484092315257106e-05,1.9355505211888222e-08,0.05342988601063238,4.057363846836205e-09,0.0009293943184464406,0.007359833745280825,0.00019166024025957812,5.029479237412074e-06,0.0054256576385951025
10,0.00010265959374800858,0.004829191946465219,2.5145776797193537e-07,8.226384131615691e-07,1.2532379209285409e-05,3.554679351015028e-06,0.0005608028720962656,2.389956235879665e-05,3.4215549035286985e-05,8.633904344004033e-05,1.4050005159722075e-05,3.4141038777766064e-06,2.0585016030414306e-09,0.00011938312013452255,0.9261901888538926,0.0002100108128886043,5.883868044265991e-06,1.870993415530428e-08,0.05542058916305991,2.0334400819757733e-09,0.0008793239124620471,0.009413718033393626,0.00017995364518393734,1.1585059135939824e-06,0.0019080334522285736
11,0.00010984550189689843,0.005305132983847816,2.7941402958742417e-07,8.954938384022076e-07,1.3350489138303133e-05,3.70006075377521e-06,0.0006079033088127589,2.479444253076366e-05,3.563475569207562e-05,8.957932634817304e-05,1.5143050056147385e-05,3.680604582970751e-06,2.5409516980852023e-09,0.0001305548347766756,0.9267155204770466,0.0002101895182248037,6.3488182618555145e-06,2.084786330588657e-08,0.05399897730873855,2.2909026434207423e-09,0.0008623287248014976,0.009732926964730848,0.00019133344224233804,1.3126823057310341e-06,0.0019405421176258296
12,0.000313793020864041,0.011168150472051289,2.8379219369264403e-07,1.8161961449028351e-06,6.505124774466231e-05,1.2620906306911437e-05,0.0003808421179641679,2.0810440367826547e-05,5.617382148646967e-06,0.00011595672182357209,2.3847014686666946e-05,2.4277277358619295e-05,4.698691910177021e-09,0.0008028515046655587,0.8903589279240206,0.00040896999720890114,2.667459759947665e-05,2.177057884456877e-07,0.03444716423628239,2.475318996491847e-09,0.0026845296289491867,0.054547060804402796,0.0018659791878686916,2.5711515364944407e-06,0.0027219794980115684
13,0.00011227872396930636,0.01303532983256685,2.0979375736688967e-07,2.1028829485743275e-06,1.689476290017577e-05,7.714330548035948e-06,0.0011281535550548487,3.73732320910714e-05,4.502462564388044e-05,0.0006107977635731572,6.7897884220373104e-06,1.054034714537285e-06,3.2652950502991717e-09,0.00012777597658795853,0.9027511866923248,0.000660483306801586,4.559867897825251e-06,3.854381467974768e-08,0.06666863802848672,3.622622866460716e-09,0.001193451757704265,0.008846319000394743,0.0004031391561642267,3.3455436878410853e-06,0.004337331912027802
14,7.988385166895863e-05,0.008397860846467476,2.684094877129864e-07,1.0778849805819004e-06,1.7718662696204534e-05,4.4806138625217024e-06,0.0006110607984116507,2.6092261810438062e-05,4.315712805613828e-05,0.0001495632869448892,1.567739632681425e-05,2.5535040013222e-06,2.9977025073798396e-09,0.0001349548723791612,0.9173129548200212,0.00019955224382790424,5.496900312131952e-06,2.2529336967502556e-08,0.06012144276205106,2.2916170216226822e-09,0.0009701385126679816,0.00988317637229854,0.0001752840922411388,1.493342005888483e-06,0.0018460836188237384
15,0.00010265959374800858,0.004829191946465219,2.5145776797193537e-07,8.226384131615691e-07,1.2532379209285409e-05,3.554679351015028e-06,0.0005608028720962656,2.389956235879665e-05,3.4215549035286985e-05,8.633904344004033e-05,1.4050005159722075e-05,3.4141038777766064e-06,2.0585016030414306e-09,0.00011938312013452255,0.9261901888538926,0.0002100108128886043,5.883868044265991e-06,1.870993415530428e-08,0.05542058916305991,2.0334400819757733e-09,0.0008793239124620471,0.009413718033393626,0.00017995364518393734,1.1585059135939824e-06,0.0019080334522285736
16,8.984067678622712e-05,0.0036558084674842705,2.819358124687473e-07,5.622468999176974e-07,1.1863656220631785e-05,2.7196675504570287e-06,0.00046423883582548625,1.716579061127759e-05,3.6916740738048844e-05,4.668062127743807e-05,1.2347327257656416e-05,3.0173183918725615e-06,2.1312816417422086e-09,0.00010256230153463604,0.9405200841916692,0.00014390801794287943,4.842071423928281e-06,9.935831991358796e-09,0.04606586619036916,1.5329247908016854e-09,0.00042565528037843796,0.006754530815145278,0.00013376452078976564,9.480127705990005e-07,0.00150638171308188
17,0.000210194038544245,0.007829431561521773,4.627785818102621e-07,2.586322809191586e-06,2.4091874159870185e-05,5.813425897479789e-06,0.0009965294878670982,3.97610734856272e-05,3.094566395984099e-05,0.00014302875284785528,2.232314076581819e-05,9.166874096547727e-06,4.788212001993798e-09,0.00037907330803246575,0.9023848655348706,0.00037100922862013725,1.1072352168920224e-05,5.620974159568887e-08,0.06562983223254525,4.494259612917961e-09,0.0017817049208645897,0.015525337912734884,0.0005433228879255176,2.08949911392611e-06,0.0040572916363731905
18,0.000384007083806277,0.008892994369305404,3.801714579361346e-07,1.2575199201948486e-06,1.0755551423160823e-05,2.160544515887672e-06,0.0008749057954974385,4.130972726805235e-05,2.23963418029289e-05,0.00010729858142368773,1.3933170493795357e-05,1.0549305274017286e-05,3.3298314486718063e-09,0.00017130600499712004,0.9021278518216165,0.0002237136754736489,2.4850147086769777e-05,6.444845426360663e-08,0.055327642475854574,2.7568741529686734e-09,0.0015069373018168216,0.024561915016305818,0.0003216312630131976,3.3944930532131977e-06,0.005368739103433796
19,8.906918790616156e-05,0.005917742705869982,6.044700194463614e-07,1.1314336664980274e-06,2.8758245658747865e-05,4.340263431385509e-06,0.0005447701790064956,3.228658258133486e-05,6.521675997296215e-05,0.00012121570667602652,1.66190246106383e-05,5.862831341759687e-06,4.441695462495707e-09,0.00019869587241342173,0.9118785921448156,0.00019516760167859234,7.1093612881733455e-06,1.7083444992627694e-08,0.06660038739428126,2.7835791977449565e-09,0.0008300380110772873,0.011470665370022498,0.00012563461225867338,1.3666385179092363e-06,0.0018647012941856575
20,0.0003462522236198876,0.00720532917201213,7.284035298202873e-07,2.2635222527724825e-06,1.61864964762567e-05,1.3332479591566391e-05,0.002789897173243441,1.5532552376835715e-05,5.793747763857242e-05,0.00011882388564141788,4.83623206085271e-05,6.856035725285227e-06,6.6078849302875945e-09,0.00037131728771107303,0.9084421647452463,0.000623732753724729,4.084859360094741e-06,4.640115041292895e-08,0.06985800275857632,5.438852383455057e-09,0.0010052523113719067,0.004230985516525841,0.00043432181075746403,1.7869219966262974e-06,0.0044067908441255375
21,0.00023405414547014947,0.005357354289720544,5.323630702260183e-07,1.7034981130503397e-06,1.9351033004488802e-05,7.860622187509051e-06,0.001318371080876404,2.8253338885914423e-05,3.5035367550657796e-05,0.0001400864674276956,2.3433051671456306e-05,1.0342076317214372e-05,5.000627613449597e-09,0.00032253797127996083,0.9119161628109014,0.0006144027140850408,7.2345101017612675e-06,4.1711776263671554e-08,0.06474719431509157,4.833276819029246e-09,0.0015034624466840063,0.010484183787127042,0.0004066599839039394,1.7022327690780873e-06,0.0028200303480803712
22,0.00015152979414614754,0.004244353017688312,3.0013573364422406e-07,8.816950233535062e-07,1.320713153549308e-05,5.033450887437307e-06,0.0006398963649547001,2.931452909656798e-05,2.881745514902582e-05,8.713572956192414e-05,2.2931200026116053e-05,5.881948247440581e-06,1.8570569723424367e-09,0.00013269761556307694,0.9223847478123054,0.00028666688324057186,9.34198347124391e-06,3.8221952604857904e-08,0.054357675934249956,2.7623651019638433e-09,0.0015099480677617017,0.014042152409209509,0.0002477067899238218,1.3718542965819182e-06,0.0017983653565532979
23,0.00010265959374800858,0.004829191946465219,2.5145776797193537e-07,8.226384131615691e-07,1.2532379209285409e-05,3.554679351015028e-06,0.0005608028720962656,2.389956235879665e-05,3.4215549035286985e-05,8.633904344004033e-05,1.4050005159722075e-05,3.4141038777766064e-06,2.0585016030414306e-09,0.00011938312013452255,0.9261901888538926,0.0002100108128886043,5.883868044265991e-06,1.870993415530428e-08,0.05542058916305991,2.0334400819757733e-09,0.0008793239124620471,0.009413718033393626,0.00017995364518393734,1.1585059135939824e-06,0.0019080334522285736
24,0.00010394661065054662,0.010606692871965116,3.714875275648625e-07,1.9435157755593952e-06,2.723815360826539e-05,6.072667725774358e-06,0.0007228344723599064,3.243274302813165e-05,4.415410150887529e-05,0.00019797686651853703,1.846774328536066e-05,4.693046206904588e-06,4.831885207833504e-09,0.00027870843982062075,0.8939659975801256,0.0002679063496103894,6.794599176065177e-06,3.532952151870385e-08,0.0760588092617047,3.4878109866308233e-09,0.0013637121852040168,0.01332374001647052,0.0002667568877875204,1.5614674716725326e-06,0.0026991452832505277
25,0.00022614451493344485,0.005433333722158987,5.26078425128612e-07,1.910737059222558e-06,1.496891633986361e-05,2.72418481029756e-06,0.0014583018636079765,7.666004131272557e-05,3.7140221789272e-05,8.208882836867786e-05,4.091538692180337e-05,9.984053320469538e-06,4.774087701185503e-09,0.00015943537338801902,0.8894783326541573,0.0002490834042066779,1.6666396796000987e-05,4.153208432659825e-08,0.08588138308512899,5.80298769940881e-09,0.001484387614685672,0.012998115446805009,0.0003108861375969334,2.721493976675856e-06,0.0020342377350510157
26,0.00029986720265018715,0.00818449401551476,5.657177014419002e-07,1.2967802121297384e-06,1.4170493928769917e-05,2.6348990093769293e-06,0.0010753695040130126,5.2627656874440254e-05,4.2279209511549914e-05,0.00011518861560145337,2.1326430943409015e-05,6.687003858437778e-06,5.4612146461019484e-09,0.00010158043764300018,0.9226571614647712,0.0001918553688369847,2.5731510948089873e-05,5.2746928832792066e-08,0.047624067338014775,3.519741651305625e-09,0.0009883576531214495,0.015453325797666659,0.00026450542728581416,5.667781008199182e-06,0.0028711779629996895
27,6.295414594505756e-05,0.0027257583024153627,1.4244467468263135e-07,3.6392585501122187e-07,5.98639407636477e-06,2.6466283249226214e-06,0.00031881648418313914,1.7386069464475492e-05,3.804417714210774e-05,6.11069219497725e-05,6.906597137347348e-06,1.4865249857683046e-06,7.603717500024584e-10,5.1748969810871116e-05,0.9447542338204995,0.00015717925836457279,3.3284484258625904e-06,8.818362544407563e-09,0.041488066198937516,1.2787318655374049e-09,0.0005466809985513361,0.008097816451460401,9.095226419085925e-05,6.254462423776919e-07,0.0015677586698965966
28,0.00010265959374800858,0.004829191946465219,2.5145776797193537e-07,8.226384131615691e-07,1.2532379209285409e-05,3.554679351015028e-06,0.0005608028720962656,2.389956235879665e-05,3.4215549035286985e-05,8.633904344004033e-05,1.4050005159722075e-05,3.4141038777766064e-06,2.0585016030414306e-09,0.00011938312013452255,0.9261901888538926,0.0002100108128886043,5.883868044265991e-06,1.870993415530428e-08,0.05542058916305991,2.0334400819757733e-09,0.0008793239124620471,0.009413718033393626,0.00017995364518393734,1.1585059135939824e-06,0.0019080334522285736
29,0.00010265959374800858,0.004829191946465219,2.5145776797193537e-07,8.226384131615691e-07,1.2532379209285409e-05,3.554679351015028e-06,0.0005608028720962656,2.389956235879665e-05,3.4215549035286985e-05,8.633904344004033e-05,1.4050005159722075e-05,3.4141038777766064e-06,2.0585016030414306e-09,0.00011938312013452255,0.9261901888538926,0.0002100108128886043,5.883868044265991e-06,1.870993415530428e-08,0.05542058916305991,2.0334400819757733e-09,0.0008793239124620471,0.009413718033393626,0.00017995364518393734,1.1585059135939824e-06,0.0019080334522285736
30,0.00010265959374800858,0.004829191946465219,2.5145776797193537e-07,8.226384131615691e-07,1.2532379209285409e-05,3.554679351015028e-06,0.0005608028720962656,2.389956235879665e-05,3.4215549035286985e-05,8.633904344004033e-05,1.4050005159722075e-05,3.4141038777766064e-06,2.0585016030414306e-09,0.00011938312013452255,0.9261901888538926,0.0002100108128886043,5.883868044265991e-06,1.870993415530428e-08,0.05542058916305991,2.0334400819757733e-09,0.0008793239124620471,0.009413718033393626,0.00017995364518393734,1.1585059135939824e-06,0.0019080334522285736
31,0.00018774163449127747,0.012434093871086063,6.502419626939615e-07,2.4536607797131654e-06,3.52197282056872e-05,3.1579207136483583e-06,0.0009022373527603723,8.20876804637435e-05,4.7880052762695745e-05,0.00026123134424999093,1.5054780471051613e-05,7.137862244594061e-06,7.079629954120153e-09,0.00022906286042972298,0.8644089384209974,0.0002971854866547518,1.9675794486392416e-05,4.1567787184084394e-08,0.09791283330780347,4.12295917947046e-09,0.001540775339188723,0.017645601411365282,0.0002835587281804825,4.434345370249181e-06,0.0036789354049554523
32,9.114183651183604e-05,0.004194976614794038,2.2160297340353e-07,6.905816356144838e-07,1.127991435460076e-05,3.197193637697046e-06,0.0004812587496566569,2.2991995670653575e-05,3.511045703545071e-05,7.827432255999625e-05,1.217940650133157e-05,2.9847977030657726e-06,1.6924127502449274e-09,0.00010377448979709087,0.9238386363333573,0.00019807313562744414,5.258513742732278e-06,1.5151472126014682e-08,0.05924749168598148,1.7806216660804187e-09,0.0008284831820421838,0.008955964078777506,0.00014805258103078986,9.536525548231558e-07,0.0017389862495480167
33,0.0001608364134418596,0.010947693097885368,2.1948881864556424e-07,9.242129492164393e-07,2.685736953052319e-05,4.197398858475404e-06,0.00043213216436244125,3.097596753822853e-05,1.6013642112080315e-05,0.00010089348895250515,1.612944566804266e-05,6.446995403624356e-06,4.43525649016955e-09,0.0002225529415416479,0.8945302378155433,0.00019247170883652368,1.4487335198397918e-05,5.0970460918239024e-08,0.057734543498944864,2.4044371803491135e-09,0.0009749801294244039,0.032934646891998556,0.00033797292893761213,1.962262804084838e-06,0.0013127669910951106
34,5.466354036101613e-05,0.00150382435136526,1.9560564138652226e-07,1.5633039226815604e-07,2.763711874545164e-06,2.006983850958079e-06,0.000416957552719426,1.0883642461970594e-05,0.00017133836082113343,3.898964293302137e-05,4.738927560036216e-06,6.697637159733364e-07,5.949734595900741e-10,3.315852243430201e-05,0.9128845309535061,0.0001292081661492638,8.352596424514965e-07,1.889773052542201e-09,0.08051169571108444,8.943996099669498e-10,0.0002184118100524746,0.002766987597832616,1.4847423262897283e-05,2.2987099688091818e-07,0.0012329028921955656
35,0.00022560024399800565,0.0077337920842716805,3.775947720568899e-07,1.6650611386721361e-06,1.191128662434576e-05,3.339327969366192e-06,0.0009819646565645426,8.22100998504621e-05,7.539955914916397e-05,0.0002230692716074987,1.572137855763097e-05,5.610869716839082e-06,3.224880810372152e-09,0.0001036183758859041,0.8549258337083345,0.0002569804839624783,1.4885401176134365e-05,4.763746695618208e-08,0.10927381744450458,4.480668885414606e-09,0.0015055894785689257,0.01979887100472068,0.00017277044133284488,2.56292771893298e-06,0.004584353956558227
36,7.448955590456344e-05,0.007824690151143962,1.3655863538338114e-07,1.083751592161669e-06,8.575251152814002e-06,1.573054464970124e-05,0.001365893303249126,1.1545411926974272e-05,2.7286070755525306e-05,0.00012778696420929223,4.44334324498359e-05,1.1839969417816247e-06,1.7358572114455472e-09,0.00012896338888325292,0.9515067773301538,0.00028236271674549193,1.9520102494144997e-06,5.552601056011183e-08,0.028294527308490997,3.370138794541849e-09,0.0011614347033253904,0.007487452207203433,0.0004556498533271361,1.1266571857277916e-06,0.0011768581998176562
37,0.0006490482712848003,0.009425319212007227,6.453170922267961e-07,1.2767810719342336e-06,1.60389248943523e-05,4.063393470556826e-06,0.0017233520013860307,2.986256856377904e-05,2.5350538382311913e-05,8.098346630611364e-05,2.8340149713801587e-05,1.496348860985568e-05,6.013374748639969e-09,0.00036321954547315093,0.8873732279387334,0.00033753585762779964,1.702640209299579e-05,6.700913692446929e-08,0.07473728721454649,3.4921787024525163e-09,0.0011745144859662809,0.02037518335378481,0.0003612450306691203,2.9604317981349167e-06,0.003258479111834523
38,9.858421709190277e-05,0.03117089633053052,1.4025561260160858e-06,7.96098949334578e-06,0.000110947811144388,1.6069765446879295e-06,0.00041529207853726403,0.00022443335293471074,0.00012967003045537485,0.0005512159580209806,1.243892550003833e-05,1.034553366231049e-05,1.7985455703284294e-08,0.0003219855353732756,0.7766216299129757,9.99526731594583e-05,5.002454736418901e-05,3.8491594440675926e-08,0.15276717546175425,5.135403842508963e-09,0.0018449136982619174,0.026400280958314124,0.00016071472697841427,6.7552917326322834e-06,0.008991710821590462
39,9.636075701320384e-05,0.001659286945597667,2.5929685448084273e-07,9.603194196027395e-07,1.5820921828095273e-05,4.4927485816267325e-06,0.00041803386817381414,4.664463540818128e-05,3.406349077119586e-05,0.00010638901020044322,1.2020072101225078e-05,5.4502940787849955e-06,9.128260163755117e-10,9.213677350724908e-05,0.8966684258188327,0.000528041082613218,6.861903129532148e-06,1.6401189435472413e-08,0.08799683019705624,2.383740370215018e-09,0.0020870120336730115,0.00786541566355931,0.0002191255304256955,8.744857382231864e-07,0.002135474453680741
40,0.0001044451875392595,0.004785614351350327,2.491443837127022e-07,7.810083484327837e-07,1.2290320445762469e-05,3.5255156159526062e-06,0.0005501235576923792,2.300820124800791e-05,3.34867019507042e-05,8.253644037021964e-05,1.3956835860662084e-05,3.4545152441797353e-06,2.0014704441936353e-09,0.0001197518462387137,0.9266088331102409,0.00020572080990557273,5.8490541193967356e-06,1.859326232353225e-08,0.054884929682122316,1.967424182041826e-09,0.0008655592813651465,0.009644559905284811,0.00017561939067218548,1.1252243666107488e-06,0.0018745573534778906
41,1.7804384876870928e-05,0.002602515882287678,2.4262478172509204e-07,3.150984202158953e-07,1.4298720426643794e-05,3.2551262584051402e-06,0.0001917446761878777,9.446158359162991e-06,8.94855624505853e-05,9.271184991780505e-05,3.516259790621808e-06,6.076581323382276e-07,9.601712744728715e-10,6.775383854354225e-05,0.950953519895726,0.00015167261879915397,1.0234141078375712e-06,1.850749136256613e-09,0.0415994239361528,7.009748903060088e-10,0.00032267489419049737,0.00279669176818653,3.394182046654143e-05,3.7459843054485437e-07,0.001046975701611525
42,4.897740847593556e-05,0.001554845838536788,7.285611457725e-08,1.6633109307490794e-07,4.079655402404507e-06,9.815618883720212e-07,0.00016172427367497488,2.6146262633254252e-05,2.0320064015986616e-05,3.741544790255174e-05,4.288679204032165e-06,1.3453731073834633e-06,2.9745357200052113e-10,2.218154954131708e-05,0.9240937173550383,0.00014744315047110655,4.766283924872833e-06,4.5236882166015285e-09,0.062182562984028904,7.677906333831138e-10,0.0006529065893887248,0.010225734859920645,5.7218439453970284e-05,4.3701549290444917e-07,0.0007526624317576314
43,0.0007484201817309526,0.01307865375985068,1.962893102094189e-06,1.683174334959545e-06,1.1774283017516188e-05,2.3534635083728095e-06,0.0034112522043291253,1.7215305792813658e-05,4.681490613955853e-05,2.554598559233906e-05,5.693023207202685e-05,1.9387818699863755e-05,2.1326156064760197e-08,0.0005593678468920644,0.9281323120221214,0.0001158584660808767,1.1943958715531595e-05,4.411431495623396e-08,0.04046457665813926,5.719443074656752e-09,0.00032630487841705066,0.008128401325385802,0.0002822889975423362,3.7873497887353456e-06,0.0045530931288323305
44,0.00010265959374800858,0.004829191946465219,2.5145776797193537e-07,8.226384131615691e-07,1.2532379209285409e-05,3.554679351015028e-06,0.0005608028720962656,2.389956235879665e-05,3.4215549035286985e-05,8.633904344004033e-05,1.4050005159722075e-05,3.4141038777766064e-06,2.0585016030414306e-09,0.00011938312013452255,0.9261901888538926,0.0002100108128886043,5.883868044265991e-06,1.870993415530428e-08,0.05542058916305991,2.0334400819757733e-09,0.0008793239124620471,0.009413718033393626,0.00017995364518393734,1.1585059135939824e-06,0.0019080334522285736
45,0.00014084296526859852,0.007665509914678604,2.571865525713731e-07,1.3011437814398585e-06,1.3977548924493083e-05,4.878986057280567e-06,0.0006318518914745027,2.429258445960355e-05,3.0370667980714354e-05,0.0001215775562343131,1.8328426666087635e-05,4.742652892238677e-06,2.3335006454737898e-09,0.00017579383523966673,0.9148446210913117,0.00023244779594671164,8.151596757329548e-06,4.1121445426658854e-08,0.05761819211681787,2.493415589281174e-09,0.0015020327265201558,0.013431180160866724,0.0002819130901010432,1.3799816220937176e-06,0.0032463101314844033
46,0.00013693964159280458,0.005086670755940389,2.662919402696043e-07,8.851915125703791e-07,1.2945585537751981e-05,2.496993067195881e-06,0.0004792610449607932,3.318865637644288e-05,2.8397699963482306e-05,7.826360882350728e-05,1.4340634556518232e-05,4.834224485976482e-06,2.3264562962857464e-09,0.00010036635598692362,0.9242384787883279,0.00017842921957335738,1.2025498257192027e-05,2.3996615388922675e-08,0.05413010534742071,2.107949350077075e-09,0.0010051753691368275,0.012128980167926361,0.00019827368181917483,1.700576666406632e-06,0.002127946235106317
47,0.0005187023454102818,0.0045015080860928754,2.4617749852815805e-07,4.0306934306644097e-07,5.5301017530897665e-06,2.5575335515536804e-06,0.0006979558248402229,2.4638142211216504e-05,1.793175673866046e-05,4.827143516445238e-05,1.4595275622832647e-05,1.2166863870068705e-05,1.7251289528149106e-09,0.00010130292673811263,0.9061655919891457,0.00025421058753613486,1.6787329368735015e-05,4.48602444458203e-08,0.054651398521842386,2.2817222476747694e-09,0.0009926986024264802,0.02939518670966887,0.0001820892844289168,1.4684256418275516e-06,0.0023947101440101597
48,9.805909648563866e-05,0.00439782317237123,2.9277005289285735e-07,9.002966269130719e-07,1.3706171337187345e-05,4.800496221399391e-06,0.0006095034070394777,2.054555426745334e-05,3.868963389633e-05,8.859395707922118e-05,1.6700466052595953e-05,3.7465163115366835e-06,2.0655717239816704e-09,0.00014010310389713377,0.9318425538126615,0.00023418940973350048,4.861383190917718e-06,1.9492203847075595e-08,0.050955577850570526,2.1830409072362097e-09,0.0009345231572583904,0.0083923223423752,0.0001922527994023264,1.0324456206402453e-06,0.0020091984167315766
49,0.00011398656582045218,0.003710184726103074,3.093580652714566e-07,7.509273768600296e-07,1.7077350083067996e-05,5.775856204903803e-06,0.00046364305437911776,2.185707139658185e-05,3.168071821175697e-05,7.084339086051976e-05,1.984498544874092e-05,6.901003606642585e-06,2.164917414172532e-09,0.00015863740795408012,0.9286069409873013,0.00023039865395468515,6.79344009516732e-06,2.619043088506018e-08,0.049995892271499205,2.39856153872565e-09,0.0010201123693918226,0.013776145942909936,0.0002041622633623008,9.089685527441112e-07,0.0015371219335116892
50,9.113441587070257e-05,0.006708064381333299,3.020806885635256e-07,1.0998034421882635e-06,1.4500646293132859e-05,4.503646608904622e-06,0.001141167465741145,3.559832553873995e-05,7.704393777101687e-05,0.0002470321867448309,7.5962863146078754e-06,1.5635569545932986e-06,2.4814099562985287e-09,0.00019851524882717633,0.8433313768999512,0.0004435366995945777,2.1495202416331736e-06,1.2260296100901255e-08,0.13507219197200857,2.75830130025951e-09,0.0008053587981312287,0.009382743019108878,0.00011955884859597106,9.94417793196027e-07,0.002313950342438392
51,0.00011957453299401079,0.006695984768493773,2.9714771165640833e-07,1.1652232011138909e-06,1.447724598439798e-05,4.239462895814166e-06,0.0007686385302766262,3.1804371829846585e-05,3.884727942784654e-05,0.00012116393208624908,1.8939517343522394e-05,4.2891501671223485e-06,2.8074355768474403e-09,0.00015502779627534218,0.9121350219622201,0.00021402665018016137,7.131400278555818e-06,3.1319877724571964e-08,0.06300999158460861,2.773865860600485e-09,0.0011983235575620142,0.013136552598005571,0.00021203628252766083,1.4788397457694447e-06,0.0021109512650050242
52,0.00015900311698534286,0.005445573363296873,1.9683483045207035e-07,8.903069299869244e-07,8.477378870092465e-06,3.64154462405223e-05,0.001414712757580552,1.1181316453301447e-05,4.09292344168103e-05,0.00012738941850359085,5.5052923875134735e-05,3.5061572230144304e-06,3.0423656611064382e-09,0.00016581650007452343,0.9502463537842334,0.00037579572677109047,3.0299985904268173e-06,1.4459796389414186e-07,0.023139415400556407,5.963954312132894e-09,0.0010625593402747344,0.016011162978430735,0.00047622729140492484,1.1153129624173026e-06,0.0012150418072116418
53,0.00010306062811732004,0.004951308420228126,2.569089734940236e-07,8.403009909500634e-07,1.3413560519106566e-05,3.554478633499018e-06,0.0005403602528406115,2.467925680370341e-05,3.4433120851623455e-05,8.906892914321477e-05,1.3907061369376128e-05,3.5765347875795586e-06,2.1059652895775893e-09,0.0001231442922743579,0.923622460729709,0.0002092298288207922,6.1595865335537745e-06,1.8918548576664064e-08,0.057471622018387084,2.01022599365117e-09,0.0009062644256500782,0.00976838108928818,0.00017818865204720106,1.1688310650055454e-06,0.001934898058226269
54,4.396171071093611e-05,0.0031215042615947435,4.719189742921846e-07,3.7177245984850285e-06,0.0004280781517063628,3.409000852172586e-06,9.015825091918226e-05,0.000944509065402757,4.1364464668565716e-05,0.00010022671767400323,0.00027018780740952565,2.1549855061452358e-05,4.523292499437009e-09,2.9714901730918203e-05,0.8204794826979495,3.5492965847314736e-05,0.00041337533501271517,1.9565988457640073e-07,0.13164925022781254,2.501240180578606e-09,0.007663515812719778,0.03402139514356655,0.00037534034125235796,1.1898611493492654e-05,0.0002511923486250177
55,0.00034171483518216715,0.008906610506184397,9.3833481326839e-07,1.86739855194162e-06,1.3996378269922157e-05,4.5534853163997345e-06,0.001481017479702037,4.637599851482115e-05,0.00011290744644083975,0.00012901240283141654,3.2162517742800606e-05,1.2530060790999132e-05,8.410992564508659e-09,0.000181648304192689,0.8949784883196089,0.00019543211370112257,1.2349970944333526e-05,5.6409506809792775e-08,0.07443122047511548,6.261069751833967e-09,0.0009607611104663092,0.012743737787134727,0.00015109524609562922,2.8713979720295674e-06,0.005258637348858598
56,0.00010524975534874444,0.005335461396349378,2.805050691427038e-07,8.81274129859951e-07,1.3625276274862331e-05,3.6576334498482307e-06,0.0005904664280151229,2.4507277946432432e-05,3.651808347021131e-05,8.945103879218861e-05,1.4987650595833204e-05,3.5658170494611765e-06,2.613379067008151e-09,0.00012770804010871797,0.9266762696774109,0.00020481481402513267,6.292122428242974e-06,2.000103708494885e-08,0.05442307306631883,2.2691389707154745e-09,0.0008384478735578828,0.009461990845066468,0.00018238245950805978,1.304207504643883e-06,0.0018590398740249026
57,8.453655624139671e-05,0.0034736298625200213,4.5936169381047565e-07,7.819572121766575e-07,3.0149770480253266e-05,2.2996049356980278e-06,0.00022123993632449103,4.954919864643425e-05,5.513984992371144e-05,0.00010670116386939079,8.446330895430653e-06,8.390477550407841e-06,2.2411710213923017e-09,0.00013098877222458984,0.8621140237431346,0.00020747321436392528,1.2222176281808165e-05,1.0832648509414783e-08,0.11613087469468558,1.7213689568181351e-09,0.0011950801304337069,0.0140972230966567,7.846632730444803e-05,9.30576914732101e-07,0.0019913784025181497
58,0.00011295849275241404,0.005381980608360517,2.726286646512817e-07,8.384662000307944e-07,1.2662436751057212e-05,3.0261271884812274e-06,0.0005891290774998516,2.707571400474845e-05,3.2506659766448726e-05,8.723929856434889e-05,1.4378613179983206e-05,3.5419581248727627e-06,2.397641267077557e-09,0.00010845848692002527,0.9296290664923395,0.00019288440391051706,7.714467518039782e-06,2.1027214427107115e-08,0.050850620545363774,2.0968016810121126e-09,0.0008753961209072014,0.00997197706853021,0.00019133704735910487,1.5982452087736033e-06,0.0019053115192281024
59,0.00012731660362940033,0.005146222490012404,3.309589493931687e-07,8.660000816049369e-07,1.2663970494594705e-05,2.9066997130059044e-06,0.0006656582127915491,2.9356040337077016e-05,3.373514985326153e-05,8.66455834116796e-05,1.4996979809106295e-05,3.939562928430903e-06,2.549749075281626e-09,0.00010691122244975422,0.932181513872037,0.00020676711744116688,8.752165912197931e-06,2.184908529910331e-08,0.048527407872281825,2.2945721537501926e-09,0.0008882831939076793,0.009751071335368032,0.00019520546296710692,1.9047807707082433e-06,0.0020075180314466368
60,0.00010265959374800858,0.004829191946465219,2.5145776797193537e-07,8.226384131615691e-07,1.2532379209285409e-05,3.554679351015028e-06,0.0005608028720962656,2.389956235879665e-05,3.4215549035286985e-05,8.633904344004033e-05,1.4050005159722075e-05,3.4141038777766064e-06,2.0585016030414306e-09,0.00011938312013452255,0.9261901888538926,0.0002100108128886043,5.883868044265991e-06,1.870993415530428e-08,0.05542058916305991,2.0334400819757733e-09,0.0008793239124620471,0.009413718033393626,0.00017995364518393734,1.1585059135939824e-06,0.0019080334522285736
61,0.00011546737912555422,0.005030743505296089,3.409608452531886e-07,8.307398905439703e-07,1.3383783093903373e-05,3.0025731742057267e-06,0.0006073279978168461,2.646905349970805e-05,3.545956439550847e-05,8.051147641714742e-05,1.5344521599278168e-05,4.059588994570185e-06,2.4745578540417843e-09,0.0001156146833469577,0.930502727099792,0.00019614175410389594,7.809908673602536e-06,1.9250345933527887e-08,0.05082921478654881,2.1862628708259647e-09,0.0008572977170631043,0.009439831298456164,0.00017379353247493415,1.5696351200380617e-06,0.0019430345291052598
62,0.00010265959374800858,0.004829191946465219,2.5145776797193537e-07,8.226384131615691e-07,1.2532379209285409e-05,3.554679351015028e-06,0.0005608028720962656,2.389956235879665e-05,3.4215549035286985e-05,8.633904344004033e-05,1.4050005159722075e-05,3.4141038777766064e-06,2.0585016030414306e-09,0.00011938312013452255,0.9261901888538926,0.0002100108128886043,5.883868044265991e-06,1.870993415530428e-08,0.05542058916305991,2.0334400819757733e-09,0.0008793239124620471,0.009413718033393626,0.00017995364518393734,1.1585059135939824e-06,0.0019080334522285736
63,0.00010154716760146929,0.0055361192571120425,2.4128996480338713e-07,7.720728920443798e-07,1.1258583360632525e-05,3.225375814562341e-06,0.0005629196148022337,2.2521969274689553e-05,3.422562111633044e-05,8.374337625470285e-05,1.3826626608988078e-05,2.9858687651353992e-06,2.1875391147841513e-09,0.00010938071789704395,0.9297933214224057,0.00018196910010575182,5.957541311517455e-06,1.8662421277564823e-08,0.05123180300274402,2.01529886684214e-09,0.0007911098151377943,0.009478629641501961,0.00016645170680496335,1.242524665931011e-06,0.0018667248385986586
64,9.29925994189307e-05,0.004156935297904179,2.1515882003574986e-07,8.203240192091099e-07,1.2059308069856281e-05,3.294124271102715e-06,0.0004762980922649827,2.5485121732035263e-05,2.8317379520406042e-05,8.609814181087061e-05,1.4117170022183927e-05,3.4612727606491407e-06,1.4182020209304705e-09,0.00010409848686466445,0.9254624253866467,0.00021793594025019343,6.380321668720943e-06,1.934905821483376e-08,0.05672980279414501,1.772468238538784e-09,0.001293323827891905,0.009157666704135833,0.00018565293694616282,1.0806001649226476e-06,0.0019415164709430607
65,0.00013585602480244564,0.0030785436598162958,3.2624757511869885e-07,1.7687942991129623e-06,6.161030530299176e-05,2.261548680764893e-05,0.0003512964473835485,2.1274513490338594e-05,1.8108139646238136e-05,0.00014739705711352708,2.6903716588898364e-05,2.09332177855379e-05,1.7557026943146742e-09,0.0005838528826484068,0.8854807911719423,0.0007518748292772016,7.3803369180377715e-06,7.076538374825761e-08,0.08414684202457184,2.3997383583678684e-09,0.004541624823342553,0.01739597870764775,0.0006008661816498398,6.031626764302738e-07,0.00260347734788894
66,0.00011226538976358558,0.004270449617822055,6.178275644492587e-07,1.543506962815318e-06,2.605968105156404e-05,7.785485890417007e-06,0.0010482771472638856,5.09035857297962e-05,0.00015104911164681652,0.00028850306960528205,1.1294052763492295e-05,4.473392416875548e-06,4.9177491336334086e-09,0.00024826371963788734,0.7775600710010876,0.0007181919786927964,2.8810506394872972e-06,1.2366090697722342e-08,0.20443605524948966,5.2036462393277145e-09,0.0008981857597122605,0.007643062898189683,0.0001013511230086241,8.426772781130212e-07,0.002417850186296817
67,0.00010172942024086141,0.002237163109011135,2.136772412262621e-07,6.540505373657876e-07,8.102603467763168e-06,7.779847608082232e-06,0.0005975441118107795,6.524428611578234e-06,1.322828494155262e-05,3.326272784853351e-05,1.860412109225651e-05,4.587512027934996e-06,1.493312241804693e-09,0.00020253918470742918,0.9671279463909291,0.0003767756500443216,2.705562278807728e-06,2.1689081526136976e-08,0.02110298931715387,2.477908731067343e-09,0.0007573595467720758,0.005158234450565934,0.0004895199543822146,5.702224537112833e-07,0.0017519401659710618
68,0.00014844178826643276,0.00481831112142715,1.925472177859049e-07,9.78325916255822e-07,8.695381522721553e-06,5.431750303928039e-06,0.000663027953120908,2.0207483438318143e-05,2.1598049500354874e-05,7.577147682446738e-05,2.4359416322207907e-05,4.682623701221129e-06,1.7268423607263212e-09,0.00010786454273713642,0.9433767455943699,0.0002255940421965979,8.115876101414896e-06,4.913820894491525e-08,0.034433606662341534,2.759411346659061e-09,0.0013187870375291702,0.011976189314028737,0.0003741337265183362,1.391578189834786e-06,0.002385820083962886
69,0.00010472604047175763,0.005093229505695321,2.8073679515521797e-07,9.83607049219071e-07,1.1680497465773129e-05,3.1331162540715747e-06,0.0006223915441042154,2.9133485779161783e-05,3.852794168565546e-05,0.00010275976317801743,1.3306452334688351e-05,3.318591923861879e-06,2.253810249305884e-09,0.00010796595327916698,0.92383746689624,0.00022675251642348754,6.7223339468579505e-06,1.916298878758698e-08,0.05767716920041671,2.438399062640103e-09,0.000955042023179816,0.008613556977677505,0.00018101446371097602,1.417037686685366e-06,0.002369397459503711
70,0.00010452031913034758,0.004835307760238613,2.5865408330318437e-07,8.28566740599482e-07,1.2687793656799125e-05,3.6405700208468856e-06,0.0005658600932033748,2.333529584704279e-05,3.422457594616139e-05,8.589190886788839e-05,1.4132742167230027e-05,3.5213024079902497e-06,2.0920383979118943e-09,0.0001245082216592286,0.9265645726328824,0.00021337981055012786,5.840146075287283e-06,1.891985833994375e-08,0.054956352483173466,2.0518305955222283e-09,0.0008815953260350112,0.009443515402108919,0.00018207632584863208,1.1492251400128235e-06,0.001942777780489376
71,0.0002627672238962341,0.0030562147954737487,2.114623935572552e-07,9.245740893442955e-07,4.865660026947319e-06,2.8805154394965167e-06,0.0014089629960236105,3.181185279379518e-05,1.875208705305152e-05,4.8176380060010455e-05,2.6548398984463937e-05,5.360724332587967e-06,1.9446976700257765e-09,8.853479270237677e-05,0.9359915321061375,0.0003209230695859639,9.79511946475709e-06,4.048780123448624e-08,0.04643891954542462,3.7163939829332505e-09,0.001150386272201083,0.008790408706077746,0.00042022330369123086,1.8683928324216151e-06,0.0019198858724224826
