,0,1,2,3,4,5,6,7,8,9,10,11,12,13,14,15,16,17,18,19,20,21,22,23,24
0,0.00021793568389693232,0.0016184418663890907,1.0274077750005938e-07,4.030985123109313e-07,1.1003553161201751e-05,2.1222525702422692e-05,0.0002461546906583479,3.91371143607315e-06,6.728363709179187e-06,3.3894561007638955e-05,1.6802516744365e-05,1.0297761817967894e-05,4.710196938573553e-10,0.00028424290248970914,0.9498099172903162,0.0006466658894980718,3.3035723221671876e-06,4.521512466753564e-08,0.030477497558327703,1.0662247006706813e-09,0.0015978844819574847,0.012075423741840527,0.0006346817238186763,2.244579165290454e-07,0.002283210555330903
1,0.00013489172201847714,0.0010395887347050042,1.0932796338426643e-07,2.978400419457167e-07,9.404832106597397e-06,1.9951805261071866e-05,0.00022592379691229874,3.939608699933397e-06,1.354703490283076e-05,3.8130180674641964e-05,1.0950429497327244e-05,5.9814741740565275e-06,3.5818047741736513e-10,0.00021217803550276838,0.9418436106593274,0.0007987457126368557,1.63027237451758e-06,1.7918979865187093e-08,0.04489724776612415,9.880174893867066e-10,0.0012058997865874396,0.007397174271846382,0.0002962616103764756,1.3023694848148087e-07,0.0018443855961399595
2,0.0002878934384627814,0.0023976920777671264,1.6960565839881535e-07,6.741793540374361e-07,1.706481537824687e-05,2.8439208408509946e-05,0.00036692613691671863,5.783310939238044e-06,9.728464239182822e-06,5.465649825916314e-05,2.525848864459641e-05,1.5319794642643974e-05,7.927125795718573e-10,0.000417624373204508,0.9320563164129636,0.0007932629463218905,4.398919131967254e-06,7.031889874956032e-08,0.04272160307370364,1.6230480597366312e-09,0.0021669226372210246,0.014978506684985496,0.0007214397704728061,3.2211357279203415e-07,0.0029299243150921863
3,0.00021783095181078995,0.001633102763034084,1.0215337766312769e-07,4.0607931936483785e-07,1.0984679086206056e-05,2.1128220316242197e-05,0.00024559586182637874,3.926623773488207e-06,6.688944414396689e-06,3.4129455003309875e-05,1.6732757329505353e-05,1.0278578679551088e-05,4.700638353579126e-10,0.0002846012011292915,0.9497102581482307,0.0006453000541871022,3.3236438071161617e-06,4.557633400237002e-08,0.030449260578641824,1.0664101789588038e-09,0.0016111133138212157,0.012149528675842689,0.0006389521206768143,2.2542126707616563e-07,0.002306482661616885
4,0.00021550772219114023,0.0018543453165982787,1.281620295356765e-07,4.532495822289843e-07,1.395369736707885e-05,2.5200742343035942e-05,0.00026466981952106856,3.7643716034374946e-06,7.4986931074786214e-06,3.7019144072336546e-05,1.8497573702223907e-05,1.1482137421214525e-05,6.776696621501131e-10,0.0003704418826275974,0.9502348104669476,0.000663041127338288,3.2453458972561796e-06,4.960352461542575e-08,0.029479767400299287,1.2346370596263281e-09,0.0015419303984386427,0.012446926746254134,0.000656864685173293,2.454035129032302e-07,0.0021501543981406403
5,0.0002525862817472587,0.002359794162967204,1.149551836600983e-07,7.115791784143226e-07,1.5099647421827558e-05,2.6294113195007854e-05,0.00030679050767738156,5.375632080200575e-06,6.397315966614739e-06,5.2028931609847477e-05,2.18545022031775e-05,1.2590998862801073e-05,6.842896124479472e-10,0.0003705019880576125,0.9424423048548054,0.0007410553124560563,4.764706505346044e-06,8.420537776443179e-08,0.032176422917964756,1.476941771331467e-09,0.0023946407592710848,0.014824851071452242,0.001019737396159201,3.515021772609802e-07,0.0029656444964482618
6,0.00021783095181078995,0.001633102763034084,1.0215337766312769e-07,4.0607931936483785e-07,1.0984679086206056e-05,2.1128220316242197e-05,0.00024559586182637874,3.926623773488207e-06,6.688944414396689e-06,3.4129455003309875e-05,1.6732757329505353e-05,1.0278578679551088e-05,4.700638353579126e-10,0.0002846012011292915,0.9497102581482307,0.0006453000541871022,3.3236438071161617e-06,4.557633400237002e-08,0.030449260578641824,1.0664101789588038e-09,0.0016111133138212157,0.012149528675842689,0.0006389521206768143,2.2542126707616563e-07,0.002306482661616885
7,0.00026990703030885054,0.0025551680900605988,1.562345911294919e-07,4.7328272256313285e-07,1.0438304300826532e-05,1.9426117210386823e-05,0.0004155798589024882,4.139098247457535e-06,9.078274971303599e-06,3.462922023153148e-05,2.5282719103981717e-05,1.0557896922866257e-05,9.782674107235661e-10,0.00030892292706280775,0.9525098980054573,0.0005102093093291755,3.76879344145073e-06,5.3872862858539186e-08,0.02793039483266379,1.558260862607412e-09,0.0012052862492648257,0.011395879785975685,0.000568967170828456,3.611053056649679e-07,0.0022114192837054997
8,0.00028367794045154956,0.0025089256795790354,1.4319427609699485e-07,8.009403070377538e-07,1.1753939770775438e-05,1.0891814022574624e-05,0.0003147375352201297,6.117734426280038e-06,5.9047141922447385e-06,6.38332183738077e-05,7.096073171133395e-06,8.030931658432384e-06,6.355045817727401e-10,0.00035471610260152324,0.9503263209809307,0.0008620704602917144,4.954660383725066e-06,4.040086918393831e-08,0.02608506922812153,1.1309467941195938e-09,0.0019057356622810468,0.01001467450174336,0.0009883444147298461,5.568516180642451e-07,0.006235601254528743
9,0.0002870186564600204,0.004233423531248718,3.2592985727497047e-07,1.0941673024641336e-06,1.6028045587057105e-05,1.1747307935301806e-05,0.0005068933281139144,7.622876920069185e-06,1.2978321203193163e-05,8.665236991616601e-05,1.1542523925597463e-05,9.132894649190114e-06,1.6286470294450962e-09,0.00039252048175560984,0.9483252019940428,0.0006872567871460774,5.948626202070179e-06,4.51008512466297e-08,0.02763420842460071,1.9468990447195313e-09,0.0015481907932863338,0.00911413213453987,0.0006776092180540273,9.810883818579805e-07,0.006429441822474041
10,0.00021783095181078995,0.001633102763034084,1.0215337766312769e-07,4.0607931936483785e-07,1.0984679086206056e-05,2.1128220316242197e-05,0.00024559586182637874,3.926623773488207e-06,6.688944414396689e-06,3.4129455003309875e-05,1.6732757329505353e-05,1.0278578679551088e-05,4.700638353579126e-10,0.0002846012011292915,0.9497102581482307,0.0006453000541871022,3.3236438071161617e-06,4.557633400237002e-08,0.030449260578641824,1.0664101789588038e-09,0.0016111133138212157,0.012149528675842689,0.0006389521206768143,2.2542126707616563e-07,0.002306482661616885
11,0.00023202856766556455,0.0018087831221542644,1.134096852572819e-07,4.415403647970802e-07,1.1717866508037074e-05,2.202129758977175e-05,0.00026560080752768237,4.069724886421982e-06,6.988527031813541e-06,3.565603928116902e-05,1.7937614145845952e-05,1.1064324550016564e-05,5.820148964119755e-10,0.00031329314065044883,0.9495392388820878,0.0006464953904777037,3.5741618014503948e-06,5.091060900695482e-08,0.029807894059670197,1.2035918737735806e-09,0.0015829192764596845,0.012664235639564697,0.000676984836225222,2.5448794592676226e-07,0.0023486345875103607
12,0.0006401057198725787,0.003781330543936728,1.3248913266219674e-07,1.1038336729514877e-06,5.983637526778582e-05,7.253672582323359e-05,0.00019015485125694438,3.95251572037709e-06,1.1407058642658237e-06,5.0164398285533626e-05,3.0214969504934185e-05,7.695348838357159e-05,1.214131264657823e-09,0.0019707582270168315,0.8902715354080426,0.0012844514628506608,1.5988875809734743e-05,5.626517096873814e-07,0.018085553474640786,1.5409253130618735e-09,0.0052348249878737055,0.06751812580386193,0.007229038554624807,5.794006001779876e-07,0.0034809517811907557
13,0.00023670915929867173,0.004769912350853485,8.361069658141186e-08,1.074660904579602e-06,1.49449824323738e-05,4.796459592114788e-05,0.0005024428036682028,5.989658274586825e-06,8.512647416908633e-06,0.000262082168455078,7.649330156426896e-06,3.1391726761407154e-06,7.934795703410161e-10,0.0003230666314036861,0.9341508523607176,0.0021661131210376824,2.5501072162034174e-06,1.0055753659155429e-07,0.036146450590324966,2.0166897009092397e-09,0.0021911717087351,0.012125625769964132,0.001540917035237606,6.696744214407344e-07,0.005491974492481547
14,0.00016892681363050692,0.002856701608587415,1.1455475682341638e-07,5.565642194595909e-07,1.5938185249613645e-05,2.6402334513925744e-05,0.00027474773598882494,4.481719601298152e-06,8.717962672927196e-06,6.058419481642424e-05,1.9114629645207697e-05,7.836704797635809e-06,7.022825468187522e-10,0.00032426303015890476,0.944854776758661,0.0006153789451062436,3.191548159569866e-06,5.514835465299717e-08,0.03335117210957255,1.2370373356543844e-09,0.0018223340718163485,0.012678036815564864,0.0006276391577967588,3.0177947776737146e-07,0.002278725687531339
15,0.00021783095181078995,0.001633102763034084,1.0215337766312769e-07,4.0607931936483785e-07,1.0984679086206056e-05,2.1128220316242197e-05,0.00024559586182637874,3.926623773488207e-06,6.688944414396689e-06,3.4129455003309875e-05,1.6732757329505353e-05,1.0278578679551088e-05,4.700638353579126e-10,0.0002846012011292915,0.9497102581482307,0.0006453000541871022,3.3236438071161617e-06,4.557633400237002e-08,0.030449260578641824,1.0664101789588038e-09,0.0016111133138212157,0.012149528675842689,0.0006389521206768143,2.2542126707616563e-07,0.002306482661616885
16,0.00018951114946588288,0.0012155903027478837,1.1047864417313085e-07,2.6270938289822273e-07,1.0028333398908339e-05,1.5619033249960142e-05,0.00019696446875841614,2.7008798239704376e-06,6.998557949969547e-06,1.7484344109660424e-05,1.4317798764615008e-05,8.831765742945727e-06,4.713738796603863e-10,0.0002378007926511957,0.9612397353363312,0.0004281174566632642,2.686308525638916e-06,2.332240597156315e-08,0.02485056807349548,7.688846012970173e-10,0.0007509101844728586,0.00856980478812509,0.00046134051846848697,1.794091650441621e-07,0.0017804127473981456
17,0.00044509046769787574,0.002648962784011453,1.990088237991122e-07,1.3852271584051265e-06,2.2155960359659866e-05,3.5189795280765855e-05,0.00045300132264861737,6.80726719461674e-06,6.182115384937816e-06,5.81929087525179e-05,2.7748843149384416e-05,2.8318416073990432e-05,1.1198276836180283e-09,0.0009395452870683578,0.9277353128530137,0.0011616186712384527,6.37885908747911e-06,1.4002245700138077e-07,0.0362387786589623,2.44466570548648e-09,0.0034153011152966936,0.019675047235576056,0.002016931904980863,4.2121713768543166e-07,0.005077286494152375
18,0.0008142619023575788,0.003229800735286834,1.6615493073620666e-07,6.291455394773277e-07,9.748042609109185e-06,1.2530577703767926e-05,0.0003818813825023306,6.989309943551168e-06,4.7588829147364265e-06,4.5183618810777946e-05,1.6065967107958423e-05,3.1326017837661433e-05,8.170760708636143e-10,0.00041199163777779526,0.9207434698932796,0.0006762063941331875,1.4596542400320434e-05,1.5430662847186525e-07,0.030697976315719095,1.464522390825499e-09,0.002693313209249205,0.032505090811741896,0.0010876452278403984,6.954520213030752e-07,0.00661551619006593
19,0.00018734986580387986,0.0020321728049354478,2.340446203102437e-07,5.323141610149246e-07,2.4237018634886323e-05,2.5427169284662584e-05,0.0002332082576128223,5.022508669075467e-06,1.2317310354907422e-05,4.610253984954068e-05,1.95621080822588e-05,1.729657194370386e-05,9.837244975107228e-10,0.0004762248107594526,0.9403225590815535,0.0005887915619139084,3.915880768791248e-06,4.152116244081131e-08,0.03690963336582754,1.4096826025682513e-09,0.001521362253366545,0.014898939228905632,0.00044027766428326613,2.542658129321256e-07,0.00223453545828639
20,0.0007121516253343682,0.0024501891538362,2.645618119117312e-07,1.1981115417994763e-06,1.5481626287455493e-05,9.266233254184286e-05,0.0012159169755402363,2.2481524062830656e-06,9.680794623300071e-06,4.775634115910437e-05,6.169597459209738e-05,2.0876385156936446e-05,1.5481165404708934e-09,0.0009944944112472644,0.940275151252042,0.0021058285704261904,2.2132677324426877e-06,1.1434158490492121e-07,0.03796190116580222,2.7829823347396643e-09,0.0018836245025119957,0.005248885399752016,0.0018495959556174262,3.144293127422234e-07,0.005047750338040478
21,0.0005131276824203494,0.0017502091247771129,2.1861889626051618e-07,8.429113357124589e-07,1.6436593778049648e-05,4.5041330573548534e-05,0.0005934588472740176,4.653452858806235e-06,6.6948180798779385e-06,5.3035763374897436e-05,2.800029551307969e-05,3.130657027923265e-05,1.1480496749336e-09,0.0007385389609226829,0.9396908434381042,0.0018576034311787442,4.197053740891842e-06,1.0044380778008833e-07,0.03407338528321931,2.537609980133181e-09,0.0026695776175564077,0.013017600024360462,0.0014702886178466368,3.46004436135992e-07,0.0034344894300062986
22,0.00031604289781322946,0.001407593586580922,1.2329775879856553e-07,4.6634361161838e-07,1.2245680212884076e-05,3.1926820863864666e-05,0.0002825880571469843,4.816023653540554e-06,5.585581014473527e-06,3.4751194193472006e-05,2.934894535026009e-05,1.8122052115749277e-05,4.240110677706726e-10,0.0003302897114196267,0.9433426550086803,0.0008977549769903232,5.1836724619115014e-06,9.511079393073509e-08,0.029859808577296205,1.4700162383083483e-09,0.002905335707355938,0.017430685253347174,0.0009223604498849009,2.609102149400003e-07,0.0021619582472116013
23,0.00021783095181078995,0.001633102763034084,1.0215337766312769e-07,4.0607931936483785e-07,1.0984679086206056e-05,2.1128220316242197e-05,0.00024559586182637874,3.926623773488207e-06,6.688944414396689e-06,3.4129455003309875e-05,1.6732757329505353e-05,1.0278578679551088e-05,4.700638353579126e-10,0.0002846012011292915,0.9497102581482307,0.0006453000541871022,3.3236438071161617e-06,4.557633400237002e-08,0.030449260578641824,1.0664101789588038e-09,0.0016111133138212157,0.012149528675842689,0.0006389521206768143,2.2542126707616563e-07,0.002306482661616885
24,0.00022086298423468553,0.0036583922468694926,1.52906126108654e-07,1.0328317389303188e-06,2.527386953772976e-05,3.927450404760496e-05,0.00032467883765466277,5.323181053655163e-06,8.648297320968851e-06,8.145143051109176e-05,2.3018939150658543e-05,1.4457932362838549e-05,1.1297371963850834e-09,0.0007175991327385441,0.9274516509549132,0.0008579373555851732,3.7698126946928704e-06,9.076640876713715e-08,0.04221770849410343,1.899131619925394e-09,0.002621838467442639,0.017366200005877575,0.001010906057539214,3.0091384735242615e-07,0.0033494270493721673
25,0.000480785486155937,0.0018365727347085775,2.106784931215897e-07,9.793094695089351e-07,1.3577138003256569e-05,1.746018169967221e-05,0.0006430899502991236,1.237322467239945e-05,7.157894095467799e-06,3.248178766143965e-05,5.2197363472075526e-05,3.073391286726068e-05,1.0778491899019366e-09,0.00039889608003412715,0.924477456229253,0.000786811198303524,9.225470636400776e-06,1.0510636232057275e-07,0.04806068172671265,3.074137371810545e-09,0.002867011460140229,0.01665947739348867,0.0011576160939950199,5.096324840959056e-07,0.0024545857950055375
26,0.00068045734798838,0.0025913623643551474,2.0103272111704578e-07,5.245342891948199e-07,1.0365830322100533e-05,1.3720715234588074e-05,0.0004474713838744685,7.619364114505536e-06,7.2282501352548264e-06,3.756946791393423e-05,2.3334735618646543e-05,1.8714142249702588e-05,1.1280437541356755e-09,0.00020825758918986117,0.9465927018010014,0.0005419150078716616,1.4513118877573351e-05,1.1885424207294982e-07,0.024143544112876822,1.6117786056128696e-09,0.0015744333479436106,0.018910320552042836,0.0008939080204770215,1.0789916603007928e-06,0.003280636695177652
27,0.00013341222305978382,0.000913796976843187,5.657829854943838e-08,1.6933219856241953e-07,4.970966358529313e-06,1.4359838952920705e-05,0.0001364806227983212,2.7979414866620586e-06,7.2614174899173975e-06,2.3072003711917457e-05,7.65223763056417e-06,4.283519515590727e-06,1.7191861582803335e-10,0.0001166983476490641,0.962736922487386,0.000461882503727619,1.8894696948830992e-06,2.0186417311572232e-08,0.022083024819590104,6.403870625116256e-10,0.0009337769009191157,0.010226213478243965,0.00031033566957707344,1.2386311696371946e-07,0.0018807978030277515
28,0.00021783095181078995,0.001633102763034084,1.0215337766312769e-07,4.0607931936483785e-07,1.0984679086206056e-05,2.1128220316242197e-05,0.00024559586182637874,3.926623773488207e-06,6.688944414396689e-06,3.4129455003309875e-05,1.6732757329505353e-05,1.0278578679551088e-05,4.700638353579126e-10,0.0002846012011292915,0.9497102581482307,0.0006453000541871022,3.3236438071161617e-06,4.557633400237002e-08,0.030449260578641824,1.0664101789588038e-09,0.0016111133138212157,0.012149528675842689,0.0006389521206768143,2.2542126707616563e-07,0.002306482661616885
29,0.00021783095181078995,0.001633102763034084,1.0215337766312769e-07,4.0607931936483785e-07,1.0984679086206056e-05,2.1128220316242197e-05,0.00024559586182637874,3.926623773488207e-06,6.688944414396689e-06,3.4129455003309875e-05,1.6732757329505353e-05,1.0278578679551088e-05,4.700638353579126e-10,0.0002846012011292915,0.9497102581482307,0.0006453000541871022,3.3236438071161617e-06,4.557633400237002e-08,0.030449260578641824,1.0664101789588038e-09,0.0016111133138212157,0.012149528675842689,0.0006389521206768143,2.2542126707616563e-07,0.002306482661616885
30,0.00021783095181078995,0.001633102763034084,1.0215337766312769e-07,4.0607931936483785e-07,1.0984679086206056e-05,2.1128220316242197e-05,0.00024559586182637874,3.926623773488207e-06,6.688944414396689e-06,3.4129455003309875e-05,1.6732757329505353e-05,1.0278578679551088e-05,4.700638353579126e-10,0.0002846012011292915,0.9497102581482307,0.0006453000541871022,3.3236438071161617e-06,4.557633400237002e-08,0.030449260578641824,1.0664101789588038e-09,0.0016111133138212157,0.012149528675842689,0.0006389521206768143,2.2542126707616563e-07,0.002306482661616885
31,0.0004059988626820887,0.004447713479390913,2.6041722509857377e-07,1.1472481260419593e-06,2.9562080663712623e-05,1.7809423811092562e-05,0.000394683603559752,1.3288547339474309e-05,9.363409338653593e-06,0.00010245895494410043,1.7072590378508696e-05,2.120793898650333e-05,1.6312617128116934e-09,0.0005469469704710773,0.9054803046291484,0.0009022301853177449,1.1329423847152635e-05,1.014027380379709e-07,0.05529419376722763,2.129425132554974e-09,0.0027866852275669996,0.023975149479054925,0.00098358970857888,8.746224752590537e-07,0.004558024266441346
32,0.0001936224148686766,0.001430096209010567,9.156014604036228e-08,3.427151133986029e-07,9.922659710973291e-06,1.8777838167467747e-05,0.0002121989571358911,3.8449820731797e-06,6.973139479544591e-06,3.133826919606112e-05,1.4387927973277283e-05,9.016494904436973e-06,3.915596765310066e-10,0.00024705148206112683,0.9486817976440511,0.0006088882032462226,3.0073166947454697e-06,3.6840955595404824e-08,0.03270989753171527,9.427384116247797e-10,0.0015162437794588764,0.011659083066927775,0.0005226152635190198,1.8887164222887028e-07,0.002120575497650573
33,0.0003395751347360589,0.0037841518645701914,9.680103623104324e-08,4.6469518370448834e-07,2.334484841685311e-05,2.2451782173906213e-05,0.00019524169875594834,5.493357980544835e-06,3.305373978832572e-06,4.0815858959139454e-05,1.8447849487254026e-05,1.9553266879464956e-05,1.0664284032478886e-09,0.0005147707212232093,0.915195548059681,0.0005731628696697031,8.739350061757883e-06,1.2076356296501496e-07,0.03174180950802938,1.2998176278198612e-09,0.001759065914886962,0.04295162636885206,0.0011553791423871919,4.189992491543512e-07,0.0016464134039924526
34,0.00011464400953990327,0.0004592947504070017,8.114445161993153e-08,7.271060524059736e-08,2.2274233125034695e-06,8.79686669303779e-06,0.00018850699222134197,1.898778058072361e-06,3.151050052547601e-05,1.3593399196713004e-05,5.150164962202059e-06,1.862867316108375e-06,1.3741214394918696e-10,6.328833419271036e-05,0.9524346326650222,0.0003584932803259654,5.687128693650928e-07,3.532765065588317e-09,0.04137382811753827,4.250650137572005e-10,0.00033867497924461917,0.0031355063852634615,5.208580796948464e-05,5.233790292072291e-08,0.001415225677139596
35,0.0004947656045983283,0.0027323800152101872,1.538053452405985e-07,8.128462471228527e-07,1.0464765568304441e-05,1.9647932347100014e-05,0.0004347101950181708,1.3539511610860959e-05,1.484359189310644e-05,8.910268829136573e-05,1.8378843160304596e-05,1.7003187321767567e-05,7.61362082347644e-10,0.0002508402391979812,0.8983999903587048,0.0007962427807170891,8.626615937672904e-06,1.1688910249092974e-07,0.06125400393793615,2.3484066004409695e-09,0.0027254483973997287,0.026426475623859295,0.000618975584139731,5.129490215797478e-07,0.005672960527602748
36,0.00015933255483510837,0.0022957423961721267,5.710502631185952e-08,6.024069601530768e-07,7.651381707488888e-06,9.590362928869046e-05,0.0006346247509520796,1.9233934044464604e-06,4.96346373933177e-06,4.61709575476472e-05,6.225638957344326e-05,3.639359153625483e-06,3.748957395154961e-10,0.00029154764196758263,0.9678160151739631,0.0008678533871639336,1.1218629107120207e-06,1.345726206038148e-07,0.014265604285730836,1.779811728628299e-09,0.0022387636671454846,0.007983315644173018,0.0018248537970861534,2.274696975203454e-07,0.0013976925544731049
37,0.0014806972931125915,0.0028865908248433673,2.5640644535463864e-07,5.856199800214774e-07,1.3090351833720314e-05,2.22276040074776e-05,0.0007515751756118307,4.741643874602916e-06,4.634012985588763e-06,2.7475733841755863e-05,3.4202797452373174e-05,4.4497752237427457e-05,1.2984676567667142e-09,0.0007690230196057983,0.9239300546399931,0.0009800800642706885,1.0044228634850904e-05,1.5109068087708665e-07,0.03808988587656618,1.6983517266288321e-09,0.0019709496141689714,0.023885741960632877,0.0012772781318816243,5.982775811350321e-07,0.0038156148829384404
38,0.00020414297989889348,0.011018930852798044,5.198380287180941e-07,3.645438341616583e-06,9.24242852444889e-05,9.19920517628654e-06,0.0001794447596454355,3.313956918311164e-05,2.3337574344982378e-05,0.000203490662555331,1.4542954060675903e-05,3.0082395276544953e-05,3.8927359014527615e-09,0.0008117687983261303,0.8473296678020191,0.00030697536764053804,2.8640231503693843e-05,8.790121297004263e-08,0.08898195795808103,2.4937344331744763e-09,0.003435624290517457,0.03579787530502788,0.0005922097901448636,1.1984292319805663e-06,0.01090108722527
39,0.00020232726638859416,0.0005738561470678714,1.0538418770138428e-07,5.100416236880411e-07,1.4950512549442773e-05,2.9111674986796514e-05,0.00018430806546579899,7.65605824584125e-06,6.637278445065903e-06,4.416094281403413e-05,1.4951931545237773e-05,1.6728147682360542e-05,2.1464579082024836e-10,0.00023653173363523197,0.9301521592559765,0.001702255227867793,3.7976902748584265e-06,4.127335792157365e-08,0.0492530384546552,1.2799258887735648e-09,0.004002486711057451,0.01011099201714062,0.0008309190652223577,1.672080310672131e-07,0.002612306417206882
40,0.00022194343072508364,0.0016162772546272595,1.0151649415121405e-07,3.857572556693292e-07,1.0773638545563327e-05,2.0900287550878097e-05,0.0002412377768932045,3.7923159049246997e-06,6.557526852485873e-06,3.264082491222586e-05,1.660315172232171e-05,1.040708012794793e-05,4.5779663969406057e-10,0.0002847143540258332,0.9498715653311439,0.000631853619132148,3.3132693405705125e-06,4.5228568320936134e-08,0.030113957897947168,1.0328099006654778e-09,0.0015825111693775617,0.012439880792827221,0.0006231252638633278,2.198617701364209e-07,0.002267191159785656
41,3.642187824278108e-05,0.0008136500775632995,8.671614550609005e-08,1.3356382686725768e-07,1.1238028901588218e-05,1.7871004841134603e-05,7.5471791821462e-05,1.3312215396678297e-06,1.548363334100121e-05,3.0560943614776525e-05,3.975234096970025e-06,1.6582516811497076e-06,1.904012303850818e-10,0.0001473636738517352,0.9722311909203203,0.00042192841460291864,5.400094905406268e-07,4.05124966382898e-09,0.021045872143768796,3.1592028476814e-10,0.0005455072862272602,0.00330996970770279,0.00011343904968096165,6.583670552911854e-08,0.0011762360544618202
42,0.0001016940077482937,0.0005752695036464495,3.2876042776055685e-08,8.85758740245222e-08,3.986360313835039e-06,6.227176333968586e-06,6.996025280176908e-05,4.403355386561639e-06,4.558030260550422e-06,1.6425382025483865e-05,5.318454371085692e-06,3.926542348598898e-06,7.434694656649137e-11,5.535581163172404e-05,0.9486332168443076,0.0004523645489745336,2.7460037520417203e-06,1.0797906309819003e-08,0.034730557216743896,4.11091359872766e-10,0.0012044724450538129,0.013023398982120534,0.00019619688084236014,8.73842926006679e-08,0.0009097020817832047
43,0.0015543439338026289,0.00397139258752783,6.296317648959237e-07,7.272127032197161e-07,8.735521760116332e-06,1.295688059631022e-05,0.001591098088788837,2.437716502475766e-06,6.984610227111973e-06,9.70598987426927e-06,5.728198164645684e-05,5.390344599931044e-05,4.584571875073071e-09,0.0012352150536914575,0.9523589870298952,0.0003940756239900779,7.41558351615415e-06,8.705393078195508e-08,0.02113682664230959,2.7093440587277887e-09,0.0005058791323870202,0.01099992848501423,0.0011873049834920596,6.661062318163674e-07,0.004903409410432084
44,0.00021783095181078995,0.001633102763034084,1.0215337766312769e-07,4.0607931936483785e-07,1.0984679086206056e-05,2.1128220316242197e-05,0.00024559586182637874,3.926623773488207e-06,6.688944414396689e-06,3.4129455003309875e-05,1.6732757329505353e-05,1.0278578679551088e-05,4.700638353579126e-10,0.0002846012011292915,0.9497102581482307,0.0006453000541871022,3.3236438071161617e-06,4.557633400237002e-08,0.030449260578641824,1.0664101789588038e-09,0.0016111133138212157,0.012149528675842689,0.0006389521206768143,2.2542126707616563e-07,0.002306482661616885
45,0.0002973958795522814,0.0025681920909057547,1.0812476974218268e-07,6.961548064241582e-07,1.2909828818495136e-05,3.058432668400524e-05,0.00028544875894755275,4.124020991721022e-06,5.993360992221158e-06,4.95468910646566e-05,2.335168539663828e-05,1.4712641166111727e-05,5.412400161706185e-10,0.00043393379134170224,0.9388364047429594,0.0007375485353998186,4.633786562131411e-06,1.0360232166434785e-07,0.03180301613162785,1.3642814333661773e-09,0.002901940218884356,0.01696400401313254,0.0010560795741113313,2.7218156772751756e-07,0.003968997752474212
46,0.00029187918606581845,0.0017219169194390832,1.0562369445922899e-07,4.220489731952714e-07,1.1042166885398755e-05,1.4542794989292269e-05,0.00020709042979454292,5.338957475628432e-06,5.454314797209248e-06,3.030217648761709e-05,1.6685684590441343e-05,1.4356438228272446e-05,5.246585470147757e-10,0.00023552747105059387,0.9465539208092275,0.0005415779895892209,6.765907945192214e-06,5.791896141523403e-08,0.029561660768385803,1.0836837919946655e-09,0.0018048849951528836,0.015728380272764776,0.0006944451322545179,3.2793948999592737e-07,0.002553312445414879
47,0.0011652945718369737,0.001693028000799453,1.2356049449212188e-07,2.1135007490618473e-07,5.395356925965305e-06,1.4995026799231321e-05,0.0003055951511296789,4.224494061216602e-06,4.23106475445332e-06,2.085818054548923e-05,1.788571794463517e-05,3.545461711261359e-05,4.690422033960647e-10,0.00022909052813730168,0.9268113860202515,0.0007465746484217555,1.0901218830504845e-05,1.0144627375028677e-07,0.02843350183391587,1.2032202397423342e-09,0.0016454137567284096,0.03534069009493419,0.0006024044399899184,3.3808499850099483e-07,0.0029122991627765853
48,0.00020929683175041603,0.0014387606059136219,1.16523308171359e-07,4.396944760043139e-07,1.1783959377907064e-05,2.841751262921778e-05,0.0002658769461608163,3.292386476259199e-06,7.322815078823738e-06,3.3464853196017055e-05,2.032473214190928e-05,1.1226340486977604e-05,4.580416155880089e-10,0.0003269122597243885,0.9542992630557634,0.0007103184694697461,2.7270690901769566e-06,4.6989286274707174e-08,0.02742436549272288,1.1192269669831931e-09,0.0017035614184810076,0.010419502718624822,0.0006895044795097643,1.981087326825344e-07,0.0023932751603300464
49,0.00024040366781812337,0.0012750047537533767,1.2380930143681674e-07,3.565633461842424e-07,1.4552843699751568e-05,3.322827871387857e-05,0.0001999119259607887,3.5429367740953274e-06,6.157169542923863e-06,2.791312422112133e-05,2.2618177141441695e-05,2.0445151946187093e-05,4.94075155182445e-10,0.0003733007525152353,0.9470818741406776,0.0006993889601182492,3.82932236872104e-06,6.315974004188463e-08,0.02744247976804584,1.2434916333579157e-09,0.001825459283100954,0.018170943157667707,0.0007056155807148387,1.7640897724402823e-07,0.0018526093262873499
50,0.00020874482938663047,0.0023256934192629796,1.290727586950036e-07,5.255268118241508e-07,1.2148830249681579e-05,2.431716596269924e-05,0.0005262828788678576,6.176018101018347e-06,1.5580382301210525e-05,9.576930994170652e-05,8.798114803356408e-06,4.771516282265219e-06,5.883733186753042e-10,0.00044740299806969325,0.9027678748339172,0.0013486068623427426,1.3332634529278054e-06,2.929357995853934e-08,0.07503378990675214,1.4580071485169495e-09,0.0014229965331343602,0.012398269326216094,0.0004204482302050567,2.1632716200515322e-07,0.002930093314057674
51,0.0002530560755217818,0.0022674546719828855,1.1909688779636403e-07,5.802065675757352e-07,1.2816344690713459e-05,2.5992961680800187e-05,0.0003358283090306916,5.148686711488306e-06,7.5205482407370854e-06,4.785300237706926e-05,2.3068385676645195e-05,1.2966090472932305e-05,6.356249715967449e-10,0.0003769786798468123,0.9386369806615146,0.0006636198259370132,3.970149789404841e-06,7.74398341271403e-08,0.03484296506219448,1.4536503051527402e-09,0.002237530046760471,0.016937858958443523,0.0007648187766957834,2.812631676320699e-07,0.0025425126666998566
52,0.0003359514951281695,0.0016542714597410043,7.844488181482172e-08,4.4451742123792227e-07,6.802284470118353e-06,0.00019172142618118014,0.0006435868279033687,1.839359246813189e-06,7.365201653802707e-06,4.436126673284474e-05,6.788664452208256e-05,9.967490213694876e-06,6.676163003923385e-10,0.000343783486148078,0.961591090512313,0.001070289341788971,1.7615198132081162e-06,3.305456116019997e-07,0.01146992294058652,3.029140806892041e-09,0.0018565568654251158,0.017541071141183383,0.0017533772574546689,2.330230738646086e-07,0.001407303251748467
53,0.00021837306027717613,0.0016784924353234764,1.0465245538609408e-07,4.165133414313065e-07,1.179528713260058e-05,2.1168604758509724e-05,0.0002369658745655542,4.063269676405625e-06,6.747900161408241e-06,3.5316146014333225e-05,1.6610837282614157e-05,1.0788111265069285e-05,4.817233589449765e-10,0.0002947403554946163,0.9478836431409792,0.0006437127939817974,3.4812780234238075e-06,4.618418098813992e-08,0.031665263279746454,1.0568218913588762e-09,0.0016681522894119237,0.012622695661891937,0.0006335529330078821,2.2746769341331137e-07,0.0023436403847890918
54,8.410860820862576e-05,0.0008605425363653736,1.26056862685587e-07,1.6116581714324098e-06,0.0003403687568233324,2.3947759184691874e-05,3.67485970329815e-05,0.00011375264542424757,5.220237696670053e-06,3.253226610753639e-05,0.000364704978766994,6.0533037791166936e-05,8.153535449532741e-10,6.669411250866227e-05,0.8734324977342285,0.00012222181953533835,0.00022422531568598724,4.2337405474731314e-07,0.06782694236241658,1.1178235306827354e-09,0.013987728996572664,0.040426889207664206,0.0017554637223436563,1.6758428861437788e-06,0.0002310384404906411
55,0.0006703606550501166,0.003011211190694536,3.1670494970838337e-07,8.702080179208298e-07,1.148978698736488e-05,2.623548818555984e-05,0.0006799334631485076,6.789584108253264e-06,1.818999708953061e-05,5.398643861855861e-05,3.328535312516533e-05,3.572642317933316e-05,1.944451100957588e-09,0.0004495287654244306,0.9261476896146807,0.0006707274709366272,7.467085329573506e-06,1.1658884403837945e-07,0.04207440402746458,3.0845455477898093e-09,0.00162242376871408,0.01798943579286945,0.0006241827420731447,4.983528548794204e-07,0.005865125468657371
56,0.00022311939168494224,0.0018171225105677374,1.1517864339400112e-07,4.350568632451406e-07,1.1926892190765061e-05,2.1438120496374235e-05,0.000259458122586418,4.068801022293343e-06,7.2098566399670534e-06,3.560643837046171e-05,1.7678640689366942e-05,1.0735985119478167e-05,6.022002776416555e-10,0.00030364959042564904,0.9499565286900247,0.0006274465253324092,3.5836979917039895e-06,4.857330546028855e-08,0.02997722321264026,1.1957964428122456e-09,0.0015314079829714677,0.012288409815905421,0.000642688018984482,2.568961360756279e-07,0.002259840203411129
57,0.00018444160253130282,0.0012439889733067391,1.9135537832073115e-07,3.7629685598863714e-07,2.6157117569273517e-05,1.3146660448397643e-05,9.819386418532231e-05,8.387273049088047e-06,1.1205814789040967e-05,4.344874410953629e-05,9.619649748207222e-06,2.5479001337357597e-05,5.320345983435418e-10,0.00031370208593614943,0.9069113925973126,0.0006415511179078821,7.204895551303628e-06,2.6517881917040953e-08,0.06609909280195761,9.159047595509122e-10,0.0021681011591752745,0.019427038156712487,0.00027280776816079687,1.894638585855105e-07,0.002494255634297226
58,0.00023892898337401624,0.0018457353293850475,1.1032429976487838e-07,4.070601480787052e-07,1.0992633506732303e-05,1.7721370018730305e-05,0.00025633221570028837,4.441553351386653e-06,6.381031434343508e-06,3.4723572304190454e-05,1.6690578615533407e-05,1.0576073526519183e-05,5.503430104247638e-10,0.00025800171262854965,0.9510132677818992,0.0005900915222389478,4.355865372182862e-06,5.103109848935626e-08,0.02803671893114322,1.0967648317386003e-09,0.0015856200274363436,0.01309371643404625,0.0006688585463610042,3.114416270922829e-07,0.0023059643333761416
59,0.0002680977248566062,0.0017654509909795916,1.326242941743559e-07,4.1868590648840266e-07,1.0961442642856065e-05,1.7014700571792432e-05,0.000288050944078817,4.753178115348146e-06,6.552082945195934e-06,3.4192331249537864e-05,1.7415137451758473e-05,1.1712824978998012e-05,5.823505135603388e-10,0.0002552589357565753,0.9525284252279292,0.0006299795844122952,4.903282400899205e-06,5.2908107299650416e-08,0.026714344097117957,1.1900360158678344e-09,0.0016086332604220068,0.012729935473127901,0.0006830137708733798,3.673012221364988e-07,0.0024203317181725214
60,0.00021783095181078995,0.001633102763034084,1.0215337766312769e-07,4.0607931936483785e-07,1.0984679086206056e-05,2.1128220316242197e-05,0.00024559586182637874,3.926623773488207e-06,6.688944414396689e-06,3.4129455003309875e-05,1.6732757329505353e-05,1.0278578679551088e-05,4.700638353579126e-10,0.0002846012011292915,0.9497102581482307,0.0006453000541871022,3.3236438071161617e-06,4.557633400237002e-08,0.030449260578641824,1.0664101789588038e-09,0.0016111133138212157,0.012149528675842689,0.0006389521206768143,2.2542126707616563e-07,0.002306482661616885
61,0.00024315662212082349,0.0017168986703631054,1.3574713404380578e-07,4.003759428808508e-07,1.1527994050996714e-05,1.7666678066395773e-05,0.00026249752183313843,4.2576434721711335e-06,6.851574795592149e-06,3.1517175034821994e-05,1.7968500106205317e-05,1.2071271439197376e-05,5.594290478707291e-10,0.0002757722704772905,0.9520156961689111,0.0005975298597014989,4.356958639480934e-06,4.6739662928369887e-08,0.027990946709340013,1.1307042516504685e-09,0.0015612817281934403,0.012283011997438606,0.000609332356020064,2.99951838085084e-07,0.0023367737952846505
62,0.00021783095181078995,0.001633102763034084,1.0215337766312769e-07,4.0607931936483785e-07,1.0984679086206056e-05,2.1128220316242197e-05,0.00024559586182637874,3.926623773488207e-06,6.688944414396689e-06,3.4129455003309875e-05,1.6732757329505353e-05,1.0278578679551088e-05,4.700638353579126e-10,0.0002846012011292915,0.9497102581482307,0.0006453000541871022,3.3236438071161617e-06,4.557633400237002e-08,0.030449260578641824,1.0664101789588038e-09,0.0016111133138212157,0.012149528675842689,0.0006389521206768143,2.2542126707616563e-07,0.002306482661616885
63,0.0002154445663650271,0.0018760219091400086,9.947659134575726e-08,3.830867494756985e-07,9.883884451849245e-06,1.8920984891990864e-05,0.00024788834166481085,3.755675561515238e-06,6.765844358323936e-06,3.335018431931646e-05,1.6365820198784494e-05,9.004123300499848e-06,5.043754821700223e-10,0.0002593044503517587,0.9520615613171025,0.0005576483538317482,3.4004651466451124e-06,4.527115669666676e-08,0.02812843456499579,1.0641119499389036e-09,0.00144431059703191,0.01225127272028177,0.0005876955622864886,2.457116235476483e-07,0.0022681955201107385
64,0.0001963429738533315,0.0014086900748036641,8.729281662710691e-08,4.105595785687502e-07,1.0750390042778876e-05,2.010099905973593e-05,0.00020827762579002048,4.187311734093203e-06,5.549525021510599e-06,3.450372669680921e-05,1.6998137312155555e-05,1.0472409729146623e-05,3.2419223343601655e-10,0.0002522841098149984,0.9485318201036931,0.0006774459504133449,3.57218424735062e-06,4.764875768914307e-08,0.03133786125690532,9.360123905737735e-10,0.002401321035556966,0.011869391363753817,0.0006654168574895034,2.0795687406029377e-07,0.0023442592458508
65,0.00028566785382121574,0.0010338625493764577,1.404107710301419e-07,1.197618785948162e-06,6.531830834133287e-05,0.0001825814847409182,0.0001754778275550731,3.7719665119615677e-06,3.4056696393925125e-06,6.9002614366798e-05,4.040048015858522e-05,7.066257230942873e-05,4.4527486371776015e-10,0.0016425863325955114,0.9105759355792302,0.0028375426630602987,4.095690592249152e-06,2.1343538023125554e-07,0.04511677073077972,1.5930868526969398e-09,0.009958224977281807,0.021846830726286688,0.002852891278263825,1.2208200485651242e-07,0.0032332951097847804
66,0.00025692031531546027,0.0016046301839972754,2.771118704051703e-07,8.502428708202672e-07,2.5367114600119182e-05,5.209662827739694e-05,0.0005024432373941258,9.281080881052813e-06,3.198922830174805e-05,0.0001335989275552027,1.4262270708590474e-05,1.4867304390898622e-05,1.2827293271152797e-09,0.0006424026015094085,0.8575992148004318,0.002545554359477258,1.7996958328752843e-06,3.403680341336176e-08,0.12010192809053312,3.166058476980951e-09,0.0017801337658361178,0.011077665855155277,0.0004047307162333736,1.8548971779488018e-07,0.003199762493518603
67,0.0002064346212168811,0.0008416163507306702,9.46641331171451e-08,3.567542865832129e-07,8.261678534943638e-06,4.862884453989869e-05,0.0002541561672352048,1.090655387581257e-06,2.785427511913972e-06,1.485589605488612e-05,2.1841602723906778e-05,1.350983217544284e-05,3.9181278492129114e-10,0.0005213035916168797,0.9734221084224708,0.0011518304831459442,1.5742722426604538e-06,5.318198189482354e-08,0.011541418660062107,1.3225433740328388e-09,0.0013579591676810057,0.006699887411097505,0.0017607484535323266,1.1793698337578366e-07,0.0021293642102984027
68,0.00031611847147688146,0.0015869419444106516,7.512725625969086e-08,4.746997884286289e-07,7.569188246473436e-06,3.253019636072341e-05,0.00028415329013720673,3.175933950573582e-06,4.0192448896045216e-06,2.8823042073740208e-05,2.8904419449329653e-05,1.3880185687212708e-05,3.880502144553548e-10,0.0002540191202024835,0.9570619049194499,0.0006851940858067201,4.4819538166001345e-06,1.1765033603848329e-07,0.018298938578331512,1.3966671607123593e-09,0.002337163432486241,0.014899945217574331,0.0013452365743608994,2.644668226035478e-07,0.002806066472368573
69,0.00022442999735240092,0.001717997976265989,1.1325538775440124e-07,4.810721939704602e-07,1.0195754538258376e-05,1.867999914006242e-05,0.00027209605898981194,4.769229586768549e-06,7.50179301497397e-06,4.050365637919295e-05,1.5751322025937727e-05,9.974855277481226e-06,5.142271694659338e-10,0.00025567677143345036,0.9487760265021259,0.0006988086970771088,3.8013033773984204e-06,4.664565459963058e-08,0.031562990792231044,1.274576056474854e-09,0.0017310208001065453,0.01114869991593419,0.000643306339832473,2.761701730852853e-07,0.002856849303098275
70,0.00022156243226965545,0.0016357068398912945,1.0523159396860636e-07,4.103281668743759e-07,1.1156915411481453e-05,2.1713215650476653e-05,0.0002479203023680268,3.838826616965209e-06,6.7005876817866865e-06,3.404907017745808e-05,1.686086863531215e-05,1.061408111586264e-05,4.782859410127153e-10,0.00029759129590322975,0.9498062106544725,0.0006567594955403858,3.2965764161928744e-06,4.615464444462035e-08,0.030217050012530985,1.0781423266519635e-09,0.0016185784932655784,0.012193129315741123,0.0006472992800898829,2.235004893831027e-07,0.0023491749648989414
71,0.0005623584853776658,0.0012679234538790643,1.054766260483723e-07,5.072134760974919e-07,5.294023305406099e-06,1.982961849625661e-05,0.0005878249419204227,5.138906292731081e-06,4.747865075067174e-06,2.2896600604655378e-05,3.376516169970802e-05,1.520945618462008e-05,5.481469864443843e-10,0.0002304538255411074,0.954014831470833,0.0009666049317835984,5.8337575201622475e-06,9.491305801967595e-08,0.025565940157316894,1.951864451064943e-09,0.001998407084277198,0.011024313409287724,0.0013723197416933436,3.850360873464182e-07,0.0022952119696525376
