,0,1,2,3,4,5,6,7,8,9,10,11,12,13,14,15,16,17,18,19,20,21,22,23,24
0,9.026068138211223e-05,0.0015847183523956913,5.4148134187895664e-08,2.3517264324854103e-07,1.3017197296696678e-05,2.678490828588856e-05,0.00014216011696473107,1.5298376836509856e-06,4.392493416203807e-06,1.807283220600012e-05,2.1965128121111902e-05,2.9631721450769643e-06,2.218276101537327e-10,0.00016610009622892142,0.9725567097325292,0.0002875152463694458,1.4711176340993496e-06,2.341727384592097e-08,0.016513900594790364,3.9757352186978467e-10,0.0008404352129081084,0.006166855325688599,0.0005758146580488042,1.4635482912008164e-07,0.0009848735836236605
1,5.442457783344683e-05,0.001038588321037147,5.8198501116457296e-08,1.7314938268511963e-07,1.116771106027368e-05,2.5518870487721475e-05,0.00013075019429476475,1.6240039786056094e-06,9.369486457019943e-06,2.14222054603568e-05,1.4658380667547976e-05,1.758100220877728e-06,1.724982660291892e-10,0.00012196226875513602,0.967113299105531,0.0003603827052464624,7.312382728882825e-07,9.367034510911809e-09,0.02547331747806329,3.8697755816535934e-10,0.0006549655394571835,0.003932949944815196,0.0002571773473834723,8.415584216117156e-08,0.0007756070907414057
2,0.00012090016392770026,0.002444114073016067,9.192100050081728e-08,4.1545723854750884e-07,2.1015241975411972e-05,3.7029820042675225e-05,0.0002205631082307627,2.35449425236914e-06,6.482609081288053e-06,3.082175141888229e-05,3.350488944184537e-05,4.477303429103003e-06,3.918875062060341e-10,0.00025608335578600287,0.9616994647062497,0.000367491867018997,1.9833642863250936e-06,3.7806940300854664e-08,0.023718528213388445,6.359116986094737e-10,0.0011679219903852848,0.007890909481232474,0.0006826265038196562,2.1766144460543218e-07,0.0012929631885938938
3,9.027094471836804e-05,0.001599166769081204,5.387361280428095e-08,2.3706358987973575e-07,1.2989646827369893e-05,2.6642650713421592e-05,0.00014200695111921564,1.5363001552219527e-06,4.368726709950823e-06,1.8194520498255945e-05,2.1872834152739832e-05,2.9567562149172672e-06,2.2134971962533026e-10,0.00016637188609510098,0.9724936993677794,0.00028684876721615495,1.4803699208623424e-06,2.3607913025254735e-08,0.016502694389043004,3.9775399189786876e-10,0.0008475961108870678,0.006205299566910127,0.000579837427961163,1.4710541080645178e-07,0.0009957037443660446
4,9.007162317470895e-05,0.0017987601593224215,6.82908410777144e-08,2.664526037573471e-07,1.6378808195656078e-05,3.1788195171002096e-05,0.00015512939591444456,1.483811514688964e-06,4.914489842349127e-06,1.9673293951243056e-05,2.426725877521057e-05,3.3011292631574355e-06,3.151377472703995e-10,0.00021658313473917423,0.972691439278174,0.0002961057338577344,1.4497627864819664e-06,2.5958020905237855e-08,0.015925617747140294,4.638805632696598e-10,0.0008179570346813654,0.006363779158507711,0.0006011061944920774,1.6150293076172437e-07,0.00093967080708134
5,0.0001038939961552907,0.0023494884626456486,6.236483607962283e-08,4.38169293410588e-07,1.8633968738018256e-05,3.46966926820371e-05,0.00017942969776149446,2.1054113814532968e-06,4.214001745942465e-06,2.874968691441866e-05,2.8980216948354887e-05,3.665358066748363e-06,3.238563259782222e-10,0.00022950027897625913,0.9678302863349436,0.0003389951308953315,2.1118132540471648e-06,4.5292179690182794e-08,0.01757298635065641,5.623750843053645e-10,0.0013143921578346943,0.007661659861078484,0.0009647576568993425,2.2977189764793039e-07,0.0013306764379839321
6,9.027094471836804e-05,0.001599166769081204,5.387361280428095e-08,2.3706358987973575e-07,1.2989646827369893e-05,2.6642650713421592e-05,0.00014200695111921564,1.5363001552219527e-06,4.368726709950823e-06,1.8194520498255945e-05,2.1872834152739832e-05,2.9567562149172672e-06,2.2134971962533026e-10,0.00016637188609510098,0.9724936993677794,0.00028684876721615495,1.4803699208623424e-06,2.3607913025254735e-08,0.016502694389043004,3.9775399189786876e-10,0.0008475961108870678,0.006205299566910127,0.000579837427961163,1.4710541080645178e-07,0.0009957037443660446
7,0.00011130763073774998,0.0024290042574095392,7.961765497927294e-08,2.5800771239657297e-07,1.1774371043247252e-05,2.437883091800653e-05,0.00023217537452698014,1.5860072799203726e-06,5.9193512300957765e-06,1.7914722755927967e-05,3.3086168467400425e-05,3.035298195907102e-06,4.424326397145111e-10,0.00016948237016248022,0.9738168556385552,0.0002226922221252158,1.672645465967773e-06,2.7532067672319583e-08,0.015042054434469043,5.70851202435016e-10,0.000625380711516729,0.005840157273982143,0.0004908055853022762,2.2739340767233364e-07,0.0009201235417295483
8,0.00012031206318400165,0.002385098837692398,6.814825556169612e-08,4.400666069188174e-07,1.313321622145727e-05,1.526919557349575e-05,0.00017578418969903923,2.2112407086762414e-06,3.6436171026348103e-06,3.4128676638157054e-05,8.976750640591689e-06,2.232220638808823e-06,2.701865467113076e-10,0.0002056975618904922,0.9728059864090403,0.00040876143352520336,2.072589706542905e-06,2.2297246928482352e-08,0.013819261828506554,4.160783365542053e-10,0.0010110134335069398,0.0053509786831058784,0.0009343300120760556,3.352960633377653e-07,0.0027002415461052603
9,0.00012355505542731746,0.004082502000280345,1.626624131611632e-07,6.008682033295044e-07,1.8169822226169825e-05,1.5893140454956756e-05,0.00028375173756784133,2.7901023438042086e-06,8.278199907925137e-06,4.508787678183845e-05,1.4818902435163604e-05,2.5817583329742023e-06,7.099562777015618e-10,0.00022907869090938652,0.9710644202478514,0.00031139638063506646,2.517984146216125e-06,2.4786804268953358e-08,0.014746178027122627,7.087880488511377e-10,0.0008152647428429107,0.004811239362315031,0.0006142164120800827,6.062403075549603e-07,0.002806863579866602
10,9.027094471836804e-05,0.001599166769081204,5.387361280428095e-08,2.3706358987973575e-07,1.2989646827369893e-05,2.6642650713421592e-05,0.00014200695111921564,1.5363001552219527e-06,4.368726709950823e-06,1.8194520498255945e-05,2.1872834152739832e-05,2.9567562149172672e-06,2.2134971962533026e-10,0.00016637188609510098,0.9724936993677794,0.00028684876721615495,1.4803699208623424e-06,2.3607913025254735e-08,0.016502694389043004,3.9775399189786876e-10,0.0008475961108870678,0.006205299566910127,0.000579837427961163,1.4710541080645178e-07,0.0009957037443660446
11,9.544581146617631e-05,0.0017580937753242782,5.946529809324008e-08,2.5350913090310215e-07,1.3725522221403851e-05,2.7682608569168556e-05,0.00015152630889407094,1.5770039314021527e-06,4.5826419170684855e-06,1.8797093765806073e-05,2.3464579279259653e-05,3.181177356135045e-06,2.698996618461948e-10,0.00018143987182824933,0.9723447097908137,0.0002839407987669334,1.5841963253415075e-06,2.6190951194782195e-08,0.016183619722335094,4.437264911744835e-10,0.0008345002442141352,0.006460449275324279,0.0006027529585865591,1.6321993164085336e-07,0.001008423520142936
12,0.0002640183176075898,0.0040760088453646185,7.972185264671979e-08,7.681878194780394e-07,7.909605022592729e-05,0.00010320669592716953,0.0001237961228717593,1.874020089304953e-06,8.57145273132295e-07,3.3195633211524044e-05,4.3733042859903306e-05,2.4316338071329617e-05,6.320351625037109e-10,0.0012924139715213272,0.9306455929640246,0.0006551837932092822,7.565549908879559e-06,3.4166110035458813e-07,0.010951522968904058,7.13500760918376e-10,0.0032843481253982893,0.03968943611769428,0.007106279050377845,4.1256047090332707e-07,0.0016159517706800027
13,9.744888419659576e-05,0.004874677790945094,4.106405925150902e-08,6.367379666524765e-07,1.8416430618570012e-05,6.783172694291267e-05,0.00028054023063419254,2.1555273596520534e-06,5.2690806737643055e-06,0.00014716718760048497,9.604309720105826e-06,8.732839176991589e-07,3.7114006994706703e-10,0.0002054987220244308,0.9623282937306192,0.0010290657794865753,1.0611156735473373e-06,5.4567192227050024e-08,0.01946168186777543,7.398588382542909e-10,0.0011583332115553862,0.006375272020418039,0.0015099627304534327,4.123930183635578e-07,0.002425700496149398
14,6.984506531272674e-05,0.002780297078301095,6.002839212112357e-08,3.16140572394471e-07,1.839807529019533e-05,3.349835525214916e-05,0.00015884726843223723,1.8163533503950001e-06,5.845152392589676e-06,3.297924092846843e-05,2.545591198960073e-05,2.289113968644959e-06,3.3010501472774227e-10,0.00017996165684729812,0.968937538035318,0.00027694743409744103,1.4469103558846785e-06,2.888581190688699e-08,0.018347326992613742,4.77743852736094e-10,0.0009684959606447202,0.006651290283842326,0.0005519804094989988,1.9746638773725714e-07,0.0009551373725506298
15,9.027094471836804e-05,0.001599166769081204,5.387361280428095e-08,2.3706358987973575e-07,1.2989646827369893e-05,2.6642650713421592e-05,0.00014200695111921564,1.5363001552219527e-06,4.368726709950823e-06,1.8194520498255945e-05,2.1872834152739832e-05,2.9567562149172672e-06,2.2134971962533026e-10,0.00016637188609510098,0.9724936993677794,0.00028684876721615495,1.4803699208623424e-06,2.3607913025254735e-08,0.016502694389043004,3.9775399189786876e-10,0.0008475961108870678,0.006205299566910127,0.000579837427961163,1.4710541080645178e-07,0.0009957037443660446
16,0.00010187644256607756,0.001989976467117975,5.10311891555362e-08,3.3173554441951283e-07,1.3756746509180792e-05,3.385740004612667e-05,0.00017097118575214862,2.102214879213995e-06,4.254045681748807e-06,3.0824791162450333e-05,2.499015004201207e-05,3.359515464667484e-06,2.1967155348191782e-10,0.00018670716949538082,0.9659730197929203,0.00040080397380445816,1.7761699691138718e-06,4.03264147117636e-08,0.019324675333211153,5.25375098486491e-10,0.0015457647928256888,0.008224632684304702,0.0007497421149815294,1.7866497911073052e-07,0.0012163065060918216
17,0.0001859092454851563,0.0026363074705102536,1.1086752016626495e-07,8.639612960200645e-07,2.7020968085099093e-05,4.6233104019043625e-05,0.00027396499705078706,2.7958948133497737e-06,4.2185920628978015e-06,3.263684818898459e-05,3.755513194640471e-05,8.371064347276366e-06,5.292399619604049e-10,0.00057867982260845,0.9588491644580892,0.0005375529006745483,2.884021418450139e-06,7.686264860560553e-08,0.02022563796144716,9.652115412479391e-10,0.0019269874340255124,0.010411175596652443,0.0019015085272192267,2.813901669493991e-07,0.002310061385272612
18,0.00034803505842362587,0.00313614065972442,8.724154512094017e-08,3.782643905127741e-07,1.1349873565242483e-05,1.549439185054329e-05,0.00023331446294792247,2.847734978889475e-06,2.99186527217625e-06,2.404494176085247e-05,2.0867011226896866e-05,9.285081029861203e-06,3.83117350150051e-10,0.00024711011856079463,0.9561060382972884,0.00031121140080150997,6.616682812647629e-06,8.346097980807347e-08,0.01687847552548248,5.660076380225312e-10,0.0014614582869009374,0.01714412898284235,0.0010522544786359764,4.72068667266621e-07,0.00298731316118698
19,7.669119893890535e-05,0.0020928142617873996,1.3141378639380738e-07,3.3919186939283213e-07,3.0031272631315274e-05,3.496518301806503e-05,0.00014441103964294376,2.2102003144341727e-06,8.822498697868628e-06,2.8322606396588424e-05,2.6948414208933598e-05,5.198741523834887e-06,4.829749489470866e-10,0.0002945582365717709,0.9647591887020618,0.0002874473679025449,1.7705533271162756e-06,2.3850357805549e-08,0.021485807094990768,6.072812923546168e-10,0.0008893170309138226,0.008426188034400523,0.000411714745081949,1.7120547646915967e-07,0.0009929260658431437
20,0.00031608109918047217,0.0025925024414062935,1.4619347503167238e-07,7.179625844848951e-07,1.967339830097941e-05,0.00012525037705004522,0.0007098954854124783,9.399679735427e-07,6.769024721109094e-06,2.7107948900089007e-05,8.367125205773377e-05,6.300144900213429e-06,8.139967190842112e-10,0.0005998153072759179,0.9659901713470043,0.0009509170474295432,9.938881588362229e-07,6.635289600200513e-08,0.02089168802273928,1.115225883750589e-09,0.0009826999933066397,0.0028637449233299833,0.0016628912332725902,2.2278672245950668e-07,0.0021677318726795666
21,0.0002163738093597386,0.0017214365924700928,1.1561298855169016e-07,4.909405151120432e-07,1.9348793021817374e-05,5.767685258622049e-05,0.00034931232769269986,1.8873999784566849e-06,4.422092189377341e-06,2.9107470735071123e-05,3.7242756083443386e-05,9.217522122421644e-06,5.546787227825558e-10,0.00042016223633058067,0.9666416865049361,0.00085287231619466,1.917180433690622e-06,5.310165188893602e-08,0.018624056807347678,9.892120424082304e-10,0.0014090254248790538,0.006803354849133916,0.0013420916638103124,2.317896576119817e-07,0.0014579144119907619
22,0.00013248475706211432,0.0014187060080710218,6.545831111136565e-08,2.7609321020062e-07,1.4612674540654263e-05,3.9773175237099056e-05,0.00016790863691933908,1.970995596040235e-06,3.704358073884962e-06,1.907750039054608e-05,3.8575007934770404e-05,5.2570680568421085e-06,2.1009834772429512e-10,0.00019303665428613395,0.9687042997011636,0.00040400995878219994,2.3533327085956133e-06,4.94249155750572e-08,0.016500993528917696,5.672020633600528e-10,0.0015173938188361511,0.009076727198431542,0.0008389760002222837,1.762498182506152e-07,0.0009195716212138141
23,9.027094471836804e-05,0.001599166769081204,5.387361280428095e-08,2.3706358987973575e-07,1.2989646827369893e-05,2.6642650713421592e-05,0.00014200695111921564,1.5363001552219527e-06,4.368726709950823e-06,1.8194520498255945e-05,2.1872834152739832e-05,2.9567562149172672e-06,2.2134971962533026e-10,0.00016637188609510098,0.9724936993677794,0.00028684876721615495,1.4803699208623424e-06,2.3607913025254735e-08,0.016502694389043004,3.9775399189786876e-10,0.0008475961108870678,0.006205299566910127,0.000579837427961163,1.4710541080645178e-07,0.0009957037443660446
24,9.349023045455393e-05,0.0036753462156443478,8.615622092274611e-08,6.554918726339381e-07,3.0730005218084366e-05,5.195168929334964e-05,0.0002033040387516483,2.2942013465525895e-06,5.9997018844217275e-06,4.734084286340251e-05,3.145126094138588e-05,4.296236770774601e-06,5.459226381919132e-10,0.000436515341979138,0.9578311533355076,0.0004091967625367623,1.7332385931188215e-06,5.1019901199069234e-08,0.02379228196159574,7.878037721681201e-10,0.0014890840779797293,0.009407856959274851,0.0009665411168786353,2.0843076272093852e-07,0.001518430350002167
25,0.00019828343494225276,0.0018664988276556529,1.096872756098866e-07,5.684765633506151e-07,1.6833888880592815e-05,2.3328955937245483e-05,0.0003592861747189798,4.671637766729453e-06,4.712145003929071e-06,1.765764247923743e-05,6.856174507784345e-05,9.021821732241771e-06,5.174123979931372e-10,0.0002476429406688395,0.9576039730530915,0.0003498306178968381,4.054013489385582e-06,5.590409358396616e-08,0.02669622114561079,1.1239460440870353e-09,0.001527286741688746,0.008894734015905785,0.00104946749613829,3.188130106343523e-07,0.0010568791790135782
26,0.0002854263929163633,0.002643506988489854,1.0116984392140993e-07,3.045977151950124e-07,1.2578636604071321e-05,1.8326539094123085e-05,0.000253991056421823,2.8159852094506455e-06,4.546415611640138e-06,2.0365581069279673e-05,2.9553901307775423e-05,5.2840730249642525e-06,5.379754391421977e-10,0.00013015989144988215,0.9701669647603935,0.00024722882838994025,6.2037507649745295e-06,6.323137451654549e-08,0.013116967133030568,5.890088160833558e-10,0.000814201210834375,0.009979575061102959,0.0008411525834260993,6.797962552543221e-07,0.0014200012886851283
27,5.429532064713081e-05,0.0008950930291746532,2.8499922066393313e-08,9.488737925162384e-08,5.749032825017404e-06,1.8220940338284308e-05,7.648290893702138e-05,1.077936425114944e-06,4.713991779071874e-06,1.2391655584849124e-05,9.93609605497172e-06,1.2324586501655068e-06,8.106321259333453e-11,6.56421233365285e-05,0.9798586813234679,0.00020394599194315812,8.312760905658832e-07,1.0355473042251144e-08,0.012016628161756238,2.3642249121382936e-10,0.000484808999942738,0.005238313021436611,0.0002723820400182088,7.810820232073954e-08,0.000779361523129461
28,9.027094471836804e-05,0.001599166769081204,5.387361280428095e-08,2.3706358987973575e-07,1.2989646827369893e-05,2.6642650713421592e-05,0.00014200695111921564,1.5363001552219527e-06,4.368726709950823e-06,1.8194520498255945e-05,2.1872834152739832e-05,2.9567562149172672e-06,2.2134971962533026e-10,0.00016637188609510098,0.9724936993677794,0.00028684876721615495,1.4803699208623424e-06,2.3607913025254735e-08,0.016502694389043004,3.9775399189786876e-10,0.0008475961108870678,0.006205299566910127,0.000579837427961163,1.4710541080645178e-07,0.0009957037443660446
29,9.027094471836804e-05,0.001599166769081204,5.387361280428095e-08,2.3706358987973575e-07,1.2989646827369893e-05,2.6642650713421592e-05,0.00014200695111921564,1.5363001552219527e-06,4.368726709950823e-06,1.8194520498255945e-05,2.1872834152739832e-05,2.9567562149172672e-06,2.2134971962533026e-10,0.00016637188609510098,0.9724936993677794,0.00028684876721615495,1.4803699208623424e-06,2.3607913025254735e-08,0.016502694389043004,3.9775399189786876e-10,0.0008475961108870678,0.006205299566910127,0.000579837427961163,1.4710541080645178e-07,0.0009957037443660446
30,9.027094471836804e-05,0.001599166769081204,5.387361280428095e-08,2.3706358987973575e-07,1.2989646827369893e-05,2.6642650713421592e-05,0.00014200695111921564,1.5363001552219527e-06,4.368726709950823e-06,1.8194520498255945e-05,2.1872834152739832e-05,2.9567562149172672e-06,2.2134971962533026e-10,0.00016637188609510098,0.9724936993677794,0.00028684876721615495,1.4803699208623424e-06,2.3607913025254735e-08,0.016502694389043004,3.9775399189786876e-10,0.0008475961108870678,0.006205299566910127,0.000579837427961163,1.4710541080645178e-07,0.0009957037443660446
31,0.00017013830436400602,0.004599341828930888,1.4267941913771362e-07,6.971053630407381e-07,3.678265021344112e-05,2.304144641651917e-05,0.00023054250602390545,5.197100194908485e-06,6.256536797223484e-06,5.6975661022014695e-05,2.200252359829116e-05,6.187302266309052e-06,7.9384611925017e-10,0.00034531749246044855,0.9460839419325978,0.0004098786438840986,5.108187878374339e-06,5.4091955706816186e-08,0.030759766488141743,7.997020850826254e-10,0.0015060354670813983,0.012721061323736868,0.0009214829129979543,5.817334531803284e-07,0.0020894644876545436
32,8.010422596026676e-05,0.0014075622121797117,4.809936651324748e-08,1.9885564192372817e-07,1.1709270824411705e-05,2.347427866895535e-05,0.00012255771946167188,1.512101055294286e-06,4.572559697376963e-06,1.6714300750942786e-05,1.876578739516539e-05,2.590640518863693e-06,1.8589161326478298e-10,0.00014371143984020355,0.9719310546457514,0.0002692719255241397,1.3404640822339677e-06,1.8931175452161625e-08,0.01782898042744366,3.5142199449997336e-10,0.0007928204138052381,0.005965775619525463,0.00046942560215062134,1.2325151530184258e-07,0.0009076666903514244
33,0.0001414497566130945,0.0037529919602596034,5.279214030903514e-08,2.7441564873624806e-07,2.741459981643106e-05,2.9437384985783368e-05,0.00011619812758714713,2.29765897762321e-06,2.3196939470751045e-06,2.3025622128372514e-05,2.5287768746698504e-05,5.881273830806636e-06,4.971101332941947e-10,0.00029946837360375286,0.9508769313538459,0.0002630603771391924,4.0094484125782075e-06,6.667972041248981e-08,0.01815445484978991,5.181195472968856e-10,0.0010016831363131697,0.02351898860501077,0.0010307798717408656,2.744354032282184e-07,0.0007236507991088626
34,5.3523366016209124e-05,0.00046556402177144816,4.493170718673904e-08,4.1182953359261183e-08,2.516475871593308e-06,1.1747259010452283e-05,0.00011165599943201087,7.871395203667144e-07,2.2988917624425993e-05,7.211188226689581e-06,7.3023433784060405e-06,5.772965213677264e-07,6.707483532471219e-11,3.591592543517946e-05,0.9740468395478871,0.0001572630439072365,2.3790084125380523e-07,2.132248366139028e-09,0.022600542464831532,1.7249489811523328e-10,0.00018299709808110892,0.0016273546652216626,4.267469595638441e-05,3.561853743378657e-08,0.0006221765454497568
35,0.00020563375777471173,0.002752607092444935,8.041542369119575e-08,4.639169395984659e-07,1.2598006540858152e-05,2.514990369729088e-05,0.00024477994845927025,5.2291183452389645e-06,9.90819861753357e-06,4.7653168873421715e-05,2.4363558543079667e-05,5.0026567786318265e-06,3.6515839863379217e-10,0.00014774575593839927,0.9436971863822443,0.00035017288678540877,3.883803655822315e-06,6.006120991560655e-08,0.03428310498235157,8.597991232676316e-10,0.0014435982608060798,0.01375475674933779,0.0005471361877868334,3.271996271250217e-07,0.002438556762860947
36,9.285241148288045e-05,0.0015531873503285434,5.666596087873312e-08,2.2787141850627042e-07,1.336023456422642e-05,2.3342365840566813e-05,0.00013093177635773302,1.6323656712712163e-06,4.490784680236121e-06,1.765756227680284e-05,1.9592641728431507e-05,3.2348200652116593e-06,2.256827382653675e-10,0.0001654081057250972,0.9712461118270035,0.0002784685929785955,1.6269390544820876e-06,2.1493511814013906e-08,0.017623146563004642,3.801409158701296e-10,0.0008223052561134434,0.00644001597467819,0.0005268368021402902,1.4698022457657726e-07,0.001035344009366488
37,0.0006690085533853543,0.002911468227624676,1.4373232655859072e-07,3.67194684771509e-07,1.5593553585018142e-05,2.9300957801519396e-05,0.00047858163920851555,2.035095008230397e-06,3.168322691922505e-06,1.5569330241467046e-05,4.714296837612876e-05,1.3453156059927364e-05,6.383455490192678e-10,0.0004581789289232825,0.956950416125931,0.0004642555468192344,4.670138147956391e-06,8.797499758204832e-08,0.0211191804150225,6.986472321278063e-10,0.0010959870409837072,0.012740585713219291,0.0012350895026834237,4.303370752432315e-07,0.0017452842082098863
38,8.977333994276347e-05,0.012710637512357128,3.105918849366929e-07,2.573666493904115e-06,0.00013160591467575126,1.5445900999573824e-05,0.00011125277797682996,1.4695284449554533e-05,1.833476793746295e-05,0.00014177561915036763,2.1025032741103417e-05,9.77123866998978e-06,2.0391757491177323e-09,0.0005922337467936864,0.9004453510008213,0.0001607554812454945,1.2566670108097055e-05,6.073125452809553e-08,0.05512434400883664,1.1287925691117605e-09,0.0022266711784882116,0.02212758776687889,0.0005880304515134551,8.140588614501062e-07,0.005454380089950653
39,7.960470799617103e-05,0.0005861570705054785,5.187218871036241e-08,2.856808877529096e-07,1.8229706949596412e-05,4.032582259823977e-05,9.8739617071261e-05,2.8695418254268155e-06,4.388313538181809e-06,2.4996389473174597e-05,1.9502314761364736e-05,4.8614375959599135e-06,1.0132215887664748e-10,0.00014226323710472995,0.9607416706806345,0.0007810239636129858,1.607778763415756e-06,2.1727710780416997e-08,0.0280010130298264,4.765468563910103e-10,0.002166455125944188,0.0054782876509382105,0.0007278139747936168,9.84249396936445e-08,0.001079731352471086
40,9.232503460708707e-05,0.0015816724461459606,5.3672023613021914e-08,2.2545203374506187e-07,1.2689834418359532e-05,2.6247035448832652e-05,0.00014042301354451946,1.4947284839733463e-06,4.294946829683362e-06,1.7407213613663617e-05,2.171634901062846e-05,2.992420094996187e-06,2.1563801004728363e-10,0.00016600339644121047,0.9725641534053967,0.0002811012823674901,1.4796982024070294e-06,2.346134260709687e-08,0.01634100969859011,3.8699102741216257e-10,0.0008327253829474307,0.006366601064733384,0.0005655749113710002,1.44295018613005e-07,0.0009796406547051594
41,1.609538980735644e-05,0.0007890852995519046,4.775294630930706e-08,8.232506938020006e-08,1.2944865896996408e-05,2.3399388199089072e-05,4.790973736194928e-05,5.767771623168251e-07,1.0457161286856177e-05,1.7400249889413903e-05,5.365223770347735e-06,4.870311602371797e-07,9.083494644319983e-11,8.31809331158084e-05,0.9847860081779212,0.00020255825643340233,2.474997547521604e-07,2.333053294748491e-09,0.011330691541223042,1.32248135659413e-10,0.00029762483468010836,0.001743297379561347,0.00010887661534641393,4.739599324911473e-08,0.0005236136077320576
42,4.052983582149536e-05,0.0005219173491969011,1.5250533852863024e-08,4.8517172088008846e-08,4.248242836281617e-06,7.459812046234522e-06,3.9939198383383144e-05,1.7097373098618796e-06,2.679031773354586e-06,8.3045017147484e-06,6.6184091695383815e-06,1.144746138513182e-06,3.15946716348078e-11,3.097040792088513e-05,0.9719910356882246,0.00020266229817398671,1.1645641387027445e-06,5.651303159743094e-09,0.019108761444213924,1.5122494275859965e-10,0.000656689173761196,0.006803443512104006,0.00018019664729883726,5.3123293658814824e-08,0.00039040267465106194
43,0.0007517695609702684,0.004418705895302371,3.697302942373639e-07,4.2677381072242774e-07,1.149804538250254e-05,1.7926489392053416e-05,0.000828008639345792,9.375386599459461e-07,5.180340249247649e-06,4.813778707990425e-06,7.908669512294027e-05,1.5882831319017207e-05,2.315011194826582e-09,0.0007834650819410656,0.9730154787665827,0.00015545731848773191,2.8391775962317113e-06,5.654162624018542e-08,0.010976794121583176,1.003417420248584e-09,0.00026158704377757534,0.005392070857673175,0.0009482931486525536,4.774277197162819e-07,0.0023288708773738223
44,9.027094471836804e-05,0.001599166769081204,5.387361280428095e-08,2.3706358987973575e-07,1.2989646827369893e-05,2.6642650713421592e-05,0.00014200695111921564,1.5363001552219527e-06,4.368726709950823e-06,1.8194520498255945e-05,2.1872834152739832e-05,2.9567562149172672e-06,2.2134971962533026e-10,0.00016637188609510098,0.9724936993677794,0.00028684876721615495,1.4803699208623424e-06,2.3607913025254735e-08,0.016502694389043004,3.9775399189786876e-10,0.0008475961108870678,0.006205299566910127,0.000579837427961163,1.4710541080645178e-07,0.0009957037443660446
45,0.0001260840415557171,0.0026389761772105374,6.123210303427077e-08,4.565869201675789e-07,1.6139660711084696e-05,4.07492580812591e-05,0.0001813585207316695,1.8050802413582705e-06,4.105957941880318e-06,2.97078747016253e-05,3.180252900882551e-05,4.386300729843159e-06,2.738484074751366e-10,0.0002686320055962137,0.9648024631313724,0.00035969026372158214,2.1473879735283587e-06,5.871029186022618e-08,0.017831813507925905,5.795042484554322e-10,0.0016323262368093758,0.009188806620501363,0.001043378904818763,1.942323701527132e-07,0.0017948549253291144
46,0.00012244569513137867,0.0017096381915743387,5.4613834434139374e-08,2.4375279152116297e-07,1.2991155371482163e-05,1.8580832501595484e-05,0.00012003876169003736,2.0940163050494243e-06,3.5466110059513735e-06,1.6357496589018752e-05,2.1691397610073206e-05,4.13145603656337e-06,2.495998337400784e-10,0.00013780005695928808,0.970537349409828,0.00024399341253095378,3.0086037340378955e-06,3.041347555976899e-08,0.01615984915701917,4.0778726244971657e-10,0.0009437726571883197,0.008218429409515449,0.0006326072398453701,2.13587446731322e-07,0.0010911314146283327
47,0.0004904262886947276,0.001412044228761375,5.288203049809178e-08,1.0177952916337474e-07,5.11105766324073e-06,1.6239747100557165e-05,0.00017463375080620296,1.6420957210774973e-06,2.240002050173987e-06,9.356473634339178e-06,2.1547240829586347e-05,1.0756023211196962e-05,1.89634136775714e-10,0.00011348116241257778,0.9607687896889087,0.0003287728853081613,4.803754431812685e-06,5.197546847540237e-08,0.015258787351356988,4.353972492487987e-10,0.0008416263784197507,0.01880431560419316,0.0005430321576092253,2.0971980094019777e-07,0.001191977127026999
48,8.719843535400834e-05,0.0014121991372025122,6.207456314654e-08,2.6201372591539477e-07,1.4054048627763657e-05,3.618938127344438e-05,0.00015616531708656845,1.3027562468018473e-06,4.7756185983310505e-06,1.8100607166535297e-05,2.664949719074686e-05,3.236568097504659e-06,2.176619904199531e-10,0.00019294220083188978,0.9750013866420195,0.0003210885419162962,1.2187713475995714e-06,2.4679607940932866e-08,0.014806951615880396,4.250262499690664e-10,0.0009007674939932479,0.005333829069886898,0.0006394047581381668,1.3139868693375255e-07,0.0010420587298696476
49,9.81587540769152e-05,0.0013261156400387886,6.54682461148739e-08,2.1622327704087348e-07,1.8095601691458388e-05,4.449290950161665e-05,0.00011738160210541623,1.4528784182081365e-06,4.140229549188943e-06,1.637591023089911e-05,2.999060474126852e-05,6.024863136146021e-06,2.4986898982514786e-10,0.0002277946809621856,0.9699573962925199,0.00032939907880425324,1.7042044445191545e-06,3.421445892363409e-08,0.01551001378779367,4.992073665087872e-10,0.0009863986959915158,0.009886275971128103,0.0006525188911557847,1.160693323180087e-07,0.000785836679319223
50,8.750591613064159e-05,0.0022728864992861836,6.759429093064412e-08,2.8941395539317125e-07,1.3932281454209985e-05,3.032090494077448e-05,0.000298874201856372,2.4159987099351635e-06,1.0517428735858586e-05,5.027598201777389e-05,1.1536455828891296e-05,1.3890942549476953e-06,2.716059306734225e-10,0.00025100112471464464,0.9458036725297005,0.0005905485148346274,6.03350484296504e-07,1.4946804960885642e-08,0.041729034639605506,5.356293780791561e-10,0.0007487461877866429,0.006479524697085889,0.00036161196836371443,1.3881646819973748e-07,0.0012550906454536223
51,0.00010613785779951979,0.0022368867775622017,6.421285769161944e-08,3.505911782847456e-07,1.543848496821798e-05,3.3291234616119945e-05,0.00019844942611337062,2.026708479937577e-06,4.92520754998968e-06,2.57915406044639e-05,3.039253297526415e-05,3.7473885382098935e-06,3.0025369553155664e-10,0.00022785007328594823,0.9661741038857391,0.000299417473927784,1.775822282159003e-06,4.099921427470206e-08,0.018907521393501135,5.480434026597236e-10,0.0011997898842126362,0.008681945541368878,0.0007175530817611414,1.8658392760603455e-07,0.0011323124492391983
52,0.00014198716109986814,0.0015745924142469905,4.128577542581706e-08,2.6313034168573095e-07,7.876559091043461e-06,0.00025833645574056336,0.00038203310334305833,7.031713213470041e-07,4.7181060789412315e-06,2.383907868856131e-05,9.053378251269091e-05,2.900598013930035e-06,3.0357095350125557e-10,0.0002048771050984292,0.9784266000494583,0.0004994482985214313,7.652009983518894e-07,1.814017243200599e-07,0.006027507464989528,1.1691780289777756e-09,0.001002194306489408,0.00906176142208817,0.0016690883716660324,1.4973807525113203e-07,0.00061960032188778
53,8.431793596273308e-05,0.0010780395135077234,3.729705891528833e-08,1.5800199166891463e-07,4.8448403235205556e-06,2.528852877749761e-05,0.00021562904718554752,9.234302257346344e-07,3.8091928899632453e-06,1.0995522689851625e-05,2.359714077844544e-05,1.518443774438917e-06,1.5337545073137197e-10,9.975265333361055e-05,0.9830222101433931,0.00028241883138726675,7.738769737758228e-07,1.8883820249997458e-08,0.00962000215641452,4.244486209783675e-10,0.0005166585659945306,0.0036291798213092517,0.000609499460967764,1.227158889892231e-07,0.0007702034175267344
54,4.5975513445456534e-05,0.0009786898778879848,8.904136551694323e-08,1.125209398726024e-06,0.00047265924048059914,3.5429718578105685e-05,2.3290318581751555e-05,5.695147869285685e-05,4.545009210718943e-06,1.9795923000084992e-05,0.0005579724378919964,2.0741596941318618e-05,4.641071283904999e-10,4.1609556952818237e-05,0.9279440792333224,5.671613985090806e-05,0.00010417126996628955,3.1182661868527e-07,0.038035645094031914,5.213382075584881e-10,0.008139912630857456,0.02176852085388094,0.001566268820635645,1.4828340273513703e-06,0.00012401538893515315
55,0.0003087841905631233,0.0031861739596911096,1.9515418609278747e-07,5.175712847060947e-07,1.4647984524407712e-05,3.260533405929863e-05,0.00036768920675635594,2.842557121384759e-06,1.4023606367948255e-05,2.6745297034936956e-05,4.750710843984319e-05,1.077985002806281e-05,9.824577983886456e-10,0.0002600375367474478,0.9605120040143167,0.0002594019522829884,3.1464862599543436e-06,6.846608981021946e-08,0.022389443610724816,1.1668865440767075e-09,0.0008605445713000538,0.008481458113136218,0.00048255314479438415,3.705718930717612e-07,0.0027384575630529638
56,9.274795824763139e-05,0.001763714007170919,6.036261290046186e-08,2.487148501961647e-07,1.3805826422554e-05,2.6663773502701572e-05,0.00014994318125955488,1.6056648533104505e-06,4.741793762205013e-06,1.880300716436256e-05,2.3135610695056913e-05,3.086220707452257e-06,2.81148662971906e-10,0.00017289340875246338,0.9725280662127336,0.0002766033064406406,1.6039058906977514e-06,2.50008208068433e-08,0.016288209305191103,4.4642712878173425e-10,0.0008012927826917825,0.006297940752436715,0.0005713144473890333,1.6745498318932116e-07,0.0009633265738454244
57,7.606565295401838e-05,0.0012665184170931245,1.0489162385664056e-07,2.2204749757405205e-07,3.105576566994934e-05,1.698746007027383e-05,5.886122960458726e-05,3.6921222452079905e-06,8.145775281859272e-06,2.5433079749528723e-05,1.3253577166873065e-05,7.756869252903554e-06,2.6082579321004025e-10,0.00017967094181254678,0.9455372887391473,0.000296766861517802,3.3553351237257725e-06,1.4401503248320546e-08,0.039085757257811486,3.781453831458003e-10,0.0012275684271141553,0.010861491141142564,0.00023597755432532976,1.260885402560387e-07,0.0010638857247806755
58,9.874132704363662e-05,0.0018121498751010757,5.802843265535976e-08,2.395734634222541e-07,1.3176769622566688e-05,2.284397263133615e-05,0.0001470902777055592,1.7104601758443494e-06,4.121415194033285e-06,1.8646345969289273e-05,2.1788797970469133e-05,3.0460433203255306e-06,2.587556117634116e-10,0.00015321646269276078,0.9731860091798271,0.00026530494759195684,1.9281323287196123e-06,2.673188193730462e-08,0.015097432788004048,4.084080291501281e-10,0.0008381833965705741,0.0066946680893115095,0.0006174576898458433,2.019112051503607e-07,0.0010019571169467348
59,0.00010801200398814378,0.0017997991979869816,7.011954273035007e-08,2.57307747279599e-07,1.396860996766008e-05,2.3094521113739284e-05,0.00016293958659654566,1.787006759570217e-06,4.209015026717221e-06,1.916392344924415e-05,2.2692229860884787e-05,3.3910243805547373e-06,2.8215050084919986e-10,0.00016320002852636726,0.9736938766848056,0.00028995565126313326,2.1189782192742344e-06,2.827083635351683e-08,0.014526916072616379,4.4487895422932706e-10,0.0008684908242735241,0.0065754413440713266,0.000651400850573521,2.3329338125438284e-07,0.0010689527279837386
60,9.027094471836804e-05,0.001599166769081204,5.387361280428095e-08,2.3706358987973575e-07,1.2989646827369893e-05,2.6642650713421592e-05,0.00014200695111921564,1.5363001552219527e-06,4.368726709950823e-06,1.8194520498255945e-05,2.1872834152739832e-05,2.9567562149172672e-06,2.2134971962533026e-10,0.00016637188609510098,0.9724936993677794,0.00028684876721615495,1.4803699208623424e-06,2.3607913025254735e-08,0.016502694389043004,3.9775399189786876e-10,0.0008475961108870678,0.006205299566910127,0.000579837427961163,1.4710541080645178e-07,0.0009957037443660446
61,9.839933423251018e-05,0.0017289746963439646,7.176355468527626e-08,2.4079337080264167e-07,1.4314155408418453e-05,2.3168118906436017e-05,0.00014904662506847854,1.6267522337224281e-06,4.445801348379022e-06,1.7324201474698533e-05,2.3455705902982055e-05,3.4909381020836016e-06,2.697148381592641e-10,0.00017013614040362935,0.9735280467335373,0.00026951223894139647,1.9055083474355883e-06,2.448874420124454e-08,0.015248760745196259,4.2116679788164594e-10,0.0008331326893990872,0.006301034811515461,0.0005649299980252317,1.9201295027059658e-07,0.0010177650561110426
62,9.027094471836804e-05,0.001599166769081204,5.387361280428095e-08,2.3706358987973575e-07,1.2989646827369893e-05,2.6642650713421592e-05,0.00014200695111921564,1.5363001552219527e-06,4.368726709950823e-06,1.8194520498255945e-05,2.1872834152739832e-05,2.9567562149172672e-06,2.2134971962533026e-10,0.00016637188609510098,0.9724936993677794,0.00028684876721615495,1.4803699208623424e-06,2.3607913025254735e-08,0.016502694389043004,3.9775399189786876e-10,0.0008475961108870678,0.006205299566910127,0.000579837427961163,1.4710541080645178e-07,0.0009957037443660446
63,8.980016051094232e-05,0.0018300246744576388,5.23059235236453e-08,2.2104789142727334e-07,1.1482176884546914e-05,2.3560961789626438e-05,0.0001445309956889918,1.496562911036683e-06,4.450481730899211e-06,1.7782446868921726e-05,2.142493326166496e-05,2.5889800788152083e-06,2.377372908262942e-10,0.000148002292149824,0.9736197217140716,0.00024771356905900103,1.526911073609491e-06,2.3420282850311734e-08,0.015286464656410525,4.015786765580808e-10,0.0007556292387579714,0.00629856484714142,0.0005268863099096739,1.6189974338737054e-07,0.0009678887740860553
64,8.146562177912529e-05,0.0014002601118808923,4.5327678051041104e-08,2.3610790570401854e-07,1.2596126742521833e-05,2.534450081123694e-05,0.00012085041365235251,1.6708772342037086e-06,3.6661921955513447e-06,1.8713624775651464e-05,2.217345836846082e-05,3.011781488569105e-06,1.5482552136567325e-10,0.0001459453260894227,0.9714999978962013,0.0003031839527643035,1.5900662169049479e-06,2.475126943874233e-08,0.017299689635188898,3.549299023190098e-10,0.001258819688284077,0.006215909847244318,0.0005937436892162718,1.35456591648692e-07,0.000990925036665326
65,0.00011517351386557949,0.0011469164520984706,8.543177417101945e-08,8.816672093687999e-07,9.171046805885113e-05,0.00026534870350693554,0.00011414022491768372,1.750629401611912e-06,2.5206210730179e-06,4.691575347855531e-05,5.767316323429376e-05,2.212640200435885e-05,2.4104237215048776e-10,0.0011592956728419363,0.9449498608856158,0.0014648392545660144,1.8850196059730063e-06,1.288837749723173e-07,0.027303427549534662,7.320740402327561e-10,0.006248410129694491,0.01256404128989429,0.002912942322068863,8.65455267195732e-08,0.0015298384431368251
66,0.00010323112418052697,0.0016273205056391675,1.527631568615967e-07,4.921663853355659e-07,3.070092911123062e-05,7.172748873484867e-05,0.0002890982549444929,3.98367720482166e-06,2.4162101184372882e-05,7.923432632002357e-05,2.0446197372345444e-05,4.665308282198103e-06,6.095514449646446e-10,0.00036989482643379277,0.9140334307987513,0.0011901001110128499,8.305795408454021e-07,1.8723566581910778e-08,0.07307402751602586,1.3049638993872858e-09,0.001059475101525659,0.006308460997144116,0.00033978834511352776,1.1642746918262074e-07,0.0013686398163846247
67,8.483741338415704e-05,0.0008163031289337184,4.8957608787760826e-08,2.1656250223600842e-07,1.0026873153188277e-05,6.650335153250429e-05,0.0001506471351527417,4.2085096902847643e-07,1.7187405337763111e-06,8.207364001846708e-06,2.8406823570063047e-05,4.146665848532443e-06,1.8423773028087783e-10,0.00034117001121700336,0.9845295585654218,0.0005456512766838999,6.703477171672327e-07,3.05922332897598e-08,0.006257728924946728,5.189622069822992e-10,0.0007551119692726645,0.003722990908200262,0.0017311910893912318,7.401474356746664e-08,0.0009443377297818853
68,0.00012918924811013493,0.0015698018099621683,3.863904189149254e-08,2.727497174357548e-07,9.025325192932445e-06,4.169768491390452e-05,0.00016002748289283906,1.2244086649994203e-06,2.587646386685227e-06,1.5563992014414885e-05,3.77224952245951e-05,4.016450613301853e-06,1.8632375765487992e-10,0.00014674472584128918,0.9764559622914233,0.0003062169231343097,1.989585121456425e-06,6.078108862922203e-08,0.009873573844411959,5.212100151271902e-10,0.0012133024210376115,0.007641573638758193,0.001213161177628294,1.7014549534503698e-07,0.0011760758257904605
69,9.227584601845029e-05,0.001692961588874184,5.9247604481539456e-08,2.8454386631354293e-07,1.2409906212918819e-05,2.462501322967291e-05,0.00015410647971080154,1.798470287638776e-06,4.793921803106202e-06,2.1866136554734795e-05,2.0526281918168663e-05,2.8780083563166955e-06,2.4167926211232853e-10,0.00015430195206955188,0.9721200718044889,0.00031698545918519235,1.6684461732239046e-06,2.4566251093355535e-08,0.01692238344546041,4.714374177867574e-10,0.0009175497823288929,0.005689128598982677,0.0006015375835892646,1.7679611038839488e-07,0.0012475854078071737
70,9.203818500925777e-05,0.001600817943800135,5.562185317487949e-08,2.400182448520927e-07,1.3173060982277487e-05,2.734389959764016e-05,0.00014397090273092456,1.5077265664619737e-06,4.382245398424623e-06,1.816051302439282e-05,2.2052068111137327e-05,3.053010257281851e-06,2.251850512046158e-10,0.00017393462991939488,0.9725340478803985,0.00029230504334531624,1.4703279984918988e-06,2.394858864265218e-08,0.016381329114481855,4.0329857938439195e-10,0.0008522765190019216,0.006233307041420943,0.0005883566545848509,1.4636299590649612e-07,0.001016006653204298
71,0.00023693968167435537,0.000976887171506614,4.053519731503114e-08,2.2587476931948702e-07,4.529183454852883e-06,2.0691660896380705e-05,0.00033056721930487063,1.8553325740988662e-06,2.2492008314977167e-06,9.268146363010445e-06,3.799334911653817e-05,4.435852035396249e-06,1.9529021595617225e-10,0.00011249159437315492,0.9754690445048148,0.0004187513924290003,2.3916598596012753e-06,4.8651251772529015e-08,0.013316525874379224,6.631397334252389e-10,0.0010022899614481042,0.005852573771120328,0.0012559792346945853,2.2219582730896352e-07,0.0009439970936480295
