,0,1,2,3,4,5,6,7,8,9,10,11,12,13,14,15,16,17,18,19,20,21,22,23,24
0,7.333695390830234e-08,0.0006136240430612642,3.572267697266813e-06,1.1318875550150899e-05,0.00020430586033921461,7.211260632409915e-05,0.012286373073617511,0.000170896665659738,0.00011201207309116574,0.00015431950988696187,7.985176071980428e-05,0.00010495006750676768,1.7526113095347302e-09,0.00499407364842801,0.9363926152905383,0.00024033661846691314,5.985132424459887e-06,3.047777805439572e-06,4.882521670951638e-05,6.500435838876172e-07,0.0005209906977886283,0.009219875240954472,5.088109681050565e-05,3.547411941409841e-09,0.03470930379605896
1,6.455765937591868e-08,0.000532861124847566,3.785622524027782e-06,7.232142562304396e-06,0.00014075127169154512,7.014258454933386e-05,0.009613377158722795,0.00016030463919263432,0.00012760677198631762,0.00014786311680884377,4.7544144863508766e-05,7.642808384906081e-05,1.4749155205998122e-09,0.00234887835046373,0.958683763935146,0.0003082506168745132,3.265864162611792e-06,2.0641629032187724e-06,6.309207066695361e-05,5.271041883322898e-07,0.00042750701884271156,0.00663143915343541,2.626745477967532e-05,3.260304898283795e-09,0.02057697831405882
2,5.2176395104836236e-08,0.00040611489447219245,2.0452225022718256e-06,5.051405327979199e-06,0.00019826325859285642,4.294730196415812e-05,0.008700299581727576,0.00010968995388689635,7.827314586293294e-05,8.88364574597756e-05,4.8888020141144635e-05,6.069624841209004e-05,1.2113687935594892e-09,0.003091104110867805,0.9534783508270561,0.00017147344232967287,3.813966708238224e-06,1.8213015950371189e-06,3.0102540824930542e-05,4.909916428642637e-07,0.00026677622244038445,0.005377173784566477,2.7417682190660592e-05,1.7610990929335046e-09,0.02781031449056474
3,6.849174879053672e-08,0.0005742397816047692,3.3118449069681488e-06,1.0232589798219559e-05,0.000199292613936445,7.081419752131448e-05,0.011266717993906324,0.00016618137872802965,0.0001107584800621451,0.00013938242012365547,7.774355668129998e-05,9.697598110263614e-05,1.7119911124354282e-09,0.004543228087309906,0.9414515560821807,0.00024068639240931622,5.843878325139678e-06,2.8260669443889413e-06,4.9570424167378794e-05,6.259498874645278e-07,0.0004972380103010793,0.008949610329846884,4.618905977371788e-05,3.4248207978299587e-09,0.03149690125192167
4,7.520828897006657e-08,0.0006104124330045416,3.237333429833592e-06,1.1282778459026236e-05,0.00020727892835339012,7.07720896812734e-05,0.011232670831478206,0.00015655419182015806,0.00012121683601545412,0.00013742378048727183,8.008223890206306e-05,0.00011858804236336712,2.251840280085783e-09,0.005186924931991776,0.9354231647403651,0.00023899127297607816,6.986558445039834e-06,3.185994042245069e-06,5.0669587940903115e-05,6.919800526047493e-07,0.0005544566766593709,0.010064946747443274,4.863487368221713e-05,3.7323239514252006e-09,0.0356717459599536
5,8.96203476499139e-08,0.0006899202451904657,3.698790758436623e-06,1.709893142456758e-05,0.00018947686527864209,7.954939792241285e-05,0.012639200746880557,0.00017975521578856058,0.00012790214804661416,0.0001887534428115005,8.956688787822719e-05,0.00014542672587754182,2.329033704992323e-09,0.006762766253059009,0.9215048396587101,0.0002579199792763755,8.258586630124722e-06,4.9519873379539805e-06,5.131872536911348e-05,7.805988175926041e-07,0.0006880162969103691,0.013104286594230664,6.000534541453362e-05,4.600971773434395e-09,0.043206410026033586
6,6.849174879053672e-08,0.0005742397816047692,3.3118449069681488e-06,1.0232589798219559e-05,0.000199292613936445,7.081419752131448e-05,0.011266717993906324,0.00016618137872802965,0.0001107584800621451,0.00013938242012365547,7.774355668129998e-05,9.697598110263614e-05,1.7119911124354282e-09,0.004543228087309906,0.9414515560821807,0.00024068639240931622,5.843878325139678e-06,2.8260669443889413e-06,4.9570424167378794e-05,6.259498874645278e-07,0.0004972380103010793,0.008949610329846884,4.618905977371788e-05,3.4248207978299587e-09,0.03149690125192167
7,1.8863179892165713e-07,0.000911229682912013,9.136630671738258e-06,1.265585021557855e-05,0.0002958432280751217,0.00011803887178143104,0.0192617623713561,0.0002697442665735144,0.000142033906403414,0.00026995939440298386,0.00011465314234037016,0.00012519648994556068,2.8237712487777625e-09,0.005102405313728694,0.9230465180169525,0.0002885856189017649,6.771403160188585e-06,4.237035844367435e-06,0.00010155241644979753,9.279873988334537e-07,0.0005454047965687664,0.007738182477583923,7.535810328860099e-05,7.635253560247687e-09,0.04155960390462083
8,2.0356707567916157e-07,0.001886696545626512,1.2736727494895657e-05,3.9538492196749185e-05,0.00048232081402903553,0.00016067806180704688,0.032950455400017245,0.0003641625831140435,0.00015878413213294416,0.0005826572751404194,0.00015408628667160077,0.0002100445458877894,3.5424005220871454e-09,0.014171486269888005,0.8643134354195541,0.00040688941080374656,9.003660707903119e-06,4.825749829785092e-06,7.602395191203445e-05,1.9980287524532735e-06,0.0007831942200357713,0.008267185158584628,0.00023447191531773302,1.0179244096468681e-08,0.07472910806177503
9,9.91475965091225e-08,0.0013644696476233227,9.774712600088968e-06,4.1842377519746065e-05,0.00022542044820820782,0.0001243512871541519,0.023880464108247484,0.0002299878788516846,0.0001791138305469755,0.00049954335457776,8.512335191663478e-05,0.00023490775667146297,3.166761318411303e-09,0.008519425193329176,0.8939123812330272,0.0004282071855459356,6.370964439502225e-06,4.113150351122202e-06,5.453313788057745e-05,1.5577507261299454e-06,0.001248058146147351,0.010266285698369638,0.00013615932762802663,7.975768079718078e-09,0.05854779916851176
10,6.849174879053672e-08,0.0005742397816047692,3.3118449069681488e-06,1.0232589798219559e-05,0.000199292613936445,7.081419752131448e-05,0.011266717993906324,0.00016618137872802965,0.0001107584800621451,0.00013938242012365547,7.774355668129998e-05,9.697598110263614e-05,1.7119911124354282e-09,0.004543228087309906,0.9414515560821807,0.00024068639240931622,5.843878325139678e-06,2.8260669443889413e-06,4.9570424167378794e-05,6.259498874645278e-07,0.0004972380103010793,0.008949610329846884,4.618905977371788e-05,3.4248207978299587e-09,0.03149690125192167
11,7.396467498385992e-08,0.0006054546800133025,3.4806657543616005e-06,1.1038609453029635e-05,0.0002130667635364897,7.301429609570233e-05,0.011725801254403917,0.00016812392175143346,0.00011713547978500233,0.00014439969464697826,8.175796906003238e-05,0.00011021377675217947,2.129029806522404e-09,0.0047989028872891535,0.9385347618012425,0.00024991870047604627,6.471761291021191e-06,2.9512658502426267e-06,5.2492825351905084e-05,7.094273991014427e-07,0.0005302173293968477,0.009289799552132156,5.0519201809675845e-05,3.892176745339296e-09,0.033229688150627344
12,1.8671116968755783e-07,0.001723398301508422,2.436938434953311e-06,2.277046875901789e-05,0.0007632438666148397,0.00017724164310617546,0.010515060153506301,8.240507552415222e-05,0.00011648841877773588,0.00037049276735427825,7.339177073179837e-05,7.973990439273017e-05,3.5105575771142227e-09,0.04376683680873292,0.6916910562965372,0.00015645055460768704,5.980692303855391e-05,1.4050764187451052e-05,2.5627507842454027e-05,1.9668804571031257e-06,0.0010556308696073977,0.013114604227704205,0.00014937638517912552,2.430687305928147e-09,0.236037730820981
13,2.60080925390337e-07,0.0013799337178581985,5.989171411609673e-06,4.941611122869484e-06,0.0002148973296022558,0.00016078835533060165,0.008944915740803566,6.719013795577453e-05,0.0002036720092077112,0.000603028697298313,9.284523138963856e-06,2.4765572470236377e-05,1.5606625599754816e-09,0.0011551639539805554,0.9384240685383545,0.00039387782766593654,4.922716392678975e-06,4.428417840911162e-06,0.00010437657530947786,8.116725803486401e-07,0.0004732040837447498,0.0037058794874600853,1.5513914868637182e-05,3.403188776022217e-09,0.04409808090082504
14,1.187970693094737e-07,0.001966566624950703,2.638702329589115e-06,1.266587078706382e-05,0.0004281583238179085,7.788525041643114e-05,0.020651107935962247,0.00024226730439813618,0.00012917135979477064,0.0002786055085286798,0.00013197464043921827,9.925583117985796e-05,1.123655066394288e-09,0.009512033333403891,0.9255647702581875,0.00026545586387463285,4.970836521693205e-06,3.191245514699915e-06,9.344222635026247e-05,7.500613275573153e-07,0.0003571119270698505,0.008286663808795716,6.66853757887819e-05,4.5084570649311864e-09,0.0318245032813793
15,6.849174879053672e-08,0.0005742397816047692,3.3118449069681488e-06,1.0232589798219559e-05,0.000199292613936445,7.081419752131448e-05,0.011266717993906324,0.00016618137872802965,0.0001107584800621451,0.00013938242012365547,7.774355668129998e-05,9.697598110263614e-05,1.7119911124354282e-09,0.004543228087309906,0.9414515560821807,0.00024068639240931622,5.843878325139678e-06,2.8260669443889413e-06,4.9570424167378794e-05,6.259498874645278e-07,0.0004972380103010793,0.008949610329846884,4.618905977371788e-05,3.4248207978299587e-09,0.03149690125192167
16,9.03900707397839e-08,0.0006336455539583774,4.357601675619319e-06,1.0953522534652647e-05,0.00026083273561945,9.713570739952745e-05,0.010985174793065346,0.00017555309348426994,0.00012150282652073024,0.00012760473818188093,0.00010602900026918592,7.704558194740076e-05,1.7591636196913927e-09,0.004742355156140775,0.9430586868712078,0.00023585998788648553,6.429815768080577e-06,2.9084943086566037e-06,5.417124484086448e-05,6.820980795281908e-07,0.0003807021198413495,0.007094938104398703,5.501590653322177e-05,4.399227941740394e-09,0.031768318497875966
17,5.4511530740699867e-08,0.0005739439387596225,2.2817576014686745e-06,1.9017885877236257e-05,0.0002827179754997745,5.789604866923658e-05,0.013202657112674801,0.00020232455592502938,8.921001844898466e-05,0.00015037142398853845,0.0001247580143072477,0.0001864686181403682,3.159690960719316e-09,0.01214977168149895,0.8983791532398756,0.00024124748193243367,1.631687459971114e-05,4.0520564965843344e-06,3.390854827339305e-05,1.1618612545299562e-06,0.0007823513056792979,0.01898588180421424,0.00011462908620901001,3.4593022584115688e-09,0.05439981757955007
18,8.924427039418506e-08,0.0005209057218178836,2.4594016164962703e-06,9.880828515166992e-06,0.00028100924475098606,5.988600747506939e-05,0.012564621108739535,0.00010605255348018885,8.611173287797188e-05,0.00017940218464397622,5.557530298051075e-05,0.0001230537199023541,2.9730133321927677e-09,0.008790018018058295,0.873029398956757,0.00016916610909598458,1.6047612029655154e-05,5.954162388948854e-06,2.8158391093536375e-05,8.834591584883297e-07,0.0007756554932524546,0.012778504036875232,5.9386798221638754e-05,2.1612175126439525e-09,0.09035777477776731
19,5.34057831267675e-08,0.0005635086893748565,3.736969517747792e-06,1.3530318727014705e-05,0.0001458125609513454,3.992394492678663e-05,0.017626566367599034,0.00016654326722749472,0.0001225660749525987,0.00014280174839954236,5.610449270900363e-05,0.00019335609253303925,1.944559015237587e-09,0.0039147074290735535,0.9320452255143976,0.0002559955137914475,4.072152796026808e-06,2.3483790428060626e-06,3.5511219901953634e-05,5.353968451533685e-07,0.0006435889236762378,0.01081846618170713,3.9743365724104405e-05,2.7818415063002977e-09,0.03316529726394172
20,1.441504306857836e-06,0.008643042829357747,2.358867362148776e-05,5.19233928365953e-05,0.0031304467632897936,0.000880698554412077,0.047827694452261746,0.00016385330074930214,0.0005782126749477444,0.0013354817383307853,0.000248562661394273,0.00021998859037290975,1.5769765131130814e-08,0.03787050537541762,0.6259648274896406,0.0005011809055648954,4.6209130061366913e-05,1.6592458929089622e-05,0.00023895341492809663,5.680019541127397e-06,0.0019408664238681208,0.006327545043134714,0.0005742743987633888,4.5428237214392596e-08,0.26340836900626724
21,7.849017897118284e-08,0.0009046615743369061,3.4936372392918066e-06,1.6618906306606666e-05,0.00015923142553101274,6.836408921718312e-05,0.01361824258945048,0.00023193022280020657,0.00017120821818032033,0.00019840775680200973,7.021544432691206e-05,0.00018297444654602675,1.925721658772338e-09,0.007673114552229804,0.9360189879727625,0.00042204632213201993,3.892745205015366e-06,3.5765028097368084e-06,5.597455060371224e-05,6.960189621847812e-07,0.0006332833745507667,0.01081715906124031,3.470725443563919e-05,3.676704564055903e-09,0.028711129241726186
22,9.512554051542495e-08,0.0003891005487719544,3.021715713969693e-06,7.70713903892756e-06,0.00018586869583785224,8.549596453849532e-05,0.006390776416947629,0.00014106786682245074,9.651195881577955e-05,0.00011716541709842831,8.47708203851484e-05,5.7538102857687906e-05,1.6963426740394183e-09,0.004008341958467639,0.9417462669047441,0.0002078717801332935,1.1184401421011254e-05,5.589196615323549e-06,4.7298704389355566e-05,5.938037091233003e-07,0.0004759725084846779,0.011872033214485957,3.52179428312981e-05,3.400294152638107e-09,0.03403050471571242
23,6.849174879053672e-08,0.0005742397816047692,3.3118449069681488e-06,1.0232589798219559e-05,0.000199292613936445,7.081419752131448e-05,0.011266717993906324,0.00016618137872802965,0.0001107584800621451,0.00013938242012365547,7.774355668129998e-05,9.697598110263614e-05,1.7119911124354282e-09,0.004543228087309906,0.9414515560821807,0.00024068639240931622,5.843878325139678e-06,2.8260669443889413e-06,4.9570424167378794e-05,6.259498874645278e-07,0.0004972380103010793,0.008949610329846884,4.618905977371788e-05,3.4248207978299587e-09,0.03149690125192167
24,1.1959798016253685e-07,0.001284724917040892,3.899513339938069e-06,2.1161067048993242e-05,0.00027379165037529963,9.899786426477798e-05,0.014745510496721872,0.00024331370211953278,0.00015447698428070023,0.0002595704050277238,0.00010596946460548641,0.0001626491460898273,2.6339588339580624e-09,0.011548551665270924,0.9116902983600079,0.0003357762152960046,9.454776164550018e-06,4.945527071121299e-06,7.265649387142714e-05,1.0911528005167953e-06,0.0006516731859120138,0.013143242031699563,7.691752806748818e-05,5.288443108802749e-09,0.04511120033254121
25,5.189911756063894e-08,0.000596872292510856,3.337272510741998e-06,2.4379550549820944e-05,0.000241305854628262,7.836858727822802e-05,0.018448280164145816,0.0007453026923243339,0.00010559769416309755,0.00013416118612850756,0.00033201168570797554,0.00017333245719872907,1.4390574761402987e-09,0.013974461329445928,0.9302691985511503,0.0004160798683153949,6.1168480702753405e-06,3.2696582950174207e-06,6.365709585301879e-05,7.023341266073901e-07,0.0005044872341225368,0.015599108978084636,8.54108741298521e-05,5.104504739907272e-09,0.01819449934858006
26,4.079021544506014e-07,0.001456867539013666,1.2570177324209535e-05,2.299148802548366e-05,0.0006392498291146818,0.000308880505140667,0.014044687597424794,0.00020627566910953526,0.0003074133579085704,0.0003273079137826283,0.00022621235122995486,0.0001311301296916246,7.795118535216951e-09,0.006161548669433863,0.9042052933443248,0.00041612212832238044,2.4654930631910857e-05,9.45157553595573e-06,0.00018543721363736498,2.4001157355634846e-06,0.0010990015587276018,0.01263157909743751,0.00019210469742552132,3.2766952609755e-08,0.05738837164679638
27,4.1881692911233504e-08,0.0003670975820748518,2.055707985474552e-06,7.70354370455669e-06,0.00012441108679263425,5.012412719672531e-05,0.007437939772109121,0.00015514333635191914,8.969977217811504e-05,9.077089406437334e-05,6.653429274452947e-05,7.676226584368544e-05,1.192741499580063e-09,0.003272855259897645,0.9562680797846965,0.00021762209893735492,4.81854856611844e-06,2.333647187344088e-06,4.1498983725584845e-05,4.3639457005611605e-07,0.0003979289265865006,0.010879643259179629,2.964564639560295e-05,2.463712595956234e-09,0.020416849531064866
28,6.849174879053672e-08,0.0005742397816047692,3.3118449069681488e-06,1.0232589798219559e-05,0.000199292613936445,7.081419752131448e-05,0.011266717993906324,0.00016618137872802965,0.0001107584800621451,0.00013938242012365547,7.774355668129998e-05,9.697598110263614e-05,1.7119911124354282e-09,0.004543228087309906,0.9414515560821807,0.00024068639240931622,5.843878325139678e-06,2.8260669443889413e-06,4.9570424167378794e-05,6.259498874645278e-07,0.0004972380103010793,0.008949610329846884,4.618905977371788e-05,3.4248207978299587e-09,0.03149690125192167
29,6.849174879053672e-08,0.0005742397816047692,3.3118449069681488e-06,1.0232589798219559e-05,0.000199292613936445,7.081419752131448e-05,0.011266717993906324,0.00016618137872802965,0.0001107584800621451,0.00013938242012365547,7.774355668129998e-05,9.697598110263614e-05,1.7119911124354282e-09,0.004543228087309906,0.9414515560821807,0.00024068639240931622,5.843878325139678e-06,2.8260669443889413e-06,4.9570424167378794e-05,6.259498874645278e-07,0.0004972380103010793,0.008949610329846884,4.618905977371788e-05,3.4248207978299587e-09,0.03149690125192167
30,6.849174879053672e-08,0.0005742397816047692,3.3118449069681488e-06,1.0232589798219559e-05,0.000199292613936445,7.081419752131448e-05,0.011266717993906324,0.00016618137872802965,0.0001107584800621451,0.00013938242012365547,7.774355668129998e-05,9.697598110263614e-05,1.7119911124354282e-09,0.004543228087309906,0.9414515560821807,0.00024068639240931622,5.843878325139678e-06,2.8260669443889413e-06,4.9570424167378794e-05,6.259498874645278e-07,0.0004972380103010793,0.008949610329846884,4.618905977371788e-05,3.4248207978299587e-09,0.03149690125192167
31,2.115546439485273e-07,0.0011019993103671092,9.643231444798706e-06,1.6461235638215375e-05,0.0002779968895531099,0.00010722309245279713,0.022696250028309453,0.0004980465347979856,0.0001260928507897346,0.00038439735152313257,0.00010858412655783332,0.00012617857870379852,2.273544871664946e-09,0.006766415894290755,0.9164528050805496,0.0003231881027788948,7.343479955412345e-06,5.218398502070804e-06,0.00010808690040384336,9.85242790711354e-07,0.0005680888995194176,0.009367679974574127,7.884684253709239e-05,5.958099019859282e-09,0.04086824816767241
32,7.308987487957564e-08,0.0005806294134870678,3.247690522411406e-06,9.087287563879499e-06,0.0001896855172056335,7.306358270678722e-05,0.01054741675230112,0.00016736177168358467,0.00011405887329336912,0.00013725346749793692,7.65485979815157e-05,9.354631528044649e-05,1.7518403216645016e-09,0.004076366402616015,0.9456655948283115,0.0002442741644826453,5.681998334332567e-06,2.788092437891329e-06,6.04072607447603e-05,5.968130571770717e-07,0.00047878300826848327,0.009026407284536792,4.205941296174948e-05,3.6963220406541004e-09,0.028405062926688016
33,7.948439762437278e-08,0.001250264304026265,3.0565243127072496e-06,4.8617747618716235e-05,0.0004510900190420197,0.00022484685790161076,0.014945705745782639,0.0008656216783009289,0.00012036071170868199,0.00044755060295428753,0.00046229906918675886,0.0001930204214346264,5.340998179299994e-09,0.035989867875882355,0.8622237306957479,0.0007849859824761095,4.514443859876736e-05,7.523076631997017e-06,0.00016672440345321182,2.8966304470580065e-06,0.0012743843554987486,0.04743535741707343,0.0003410898113659491,1.4749355416907659e-08,0.03271576205580419
34,2.65130653217283e-07,0.0007925058542923983,4.1242927340794125e-06,2.0809830997509115e-06,0.0001483310361388414,8.065260921025978e-05,0.004665117942592085,0.00010821377280030511,0.00031448158515523517,3.6676579910186575e-05,6.866912013218208e-05,5.91542852979311e-05,1.7594990812429257e-09,0.0009545292192689772,0.9765278057286167,0.0001488031130415072,2.9081631241196506e-06,2.3472503530054174e-06,0.0002933530644252219,1.932103718008485e-07,0.00021753290527580727,0.005284066518902837,7.1159815629891735e-06,6.160330514944076e-09,0.010281063733210645
35,1.795821793885488e-07,0.0007333223777392077,5.825142035325238e-06,1.3074858127940916e-05,0.00017377490500874147,6.507392127320789e-05,0.01762873704339664,0.0003007073274257873,0.00017116432664898362,0.0002130601129782731,7.28321663890754e-05,0.00015482739550502778,1.9696547691847805e-09,0.0043589695200421325,0.9253363521323754,0.0002730407685747939,5.963385426510869e-06,6.885259283094716e-06,7.741190940126399e-05,5.484799106301775e-07,0.000629609066903079,0.012882623347026277,3.360026261206934e-05,4.511277790932889e-09,0.0368624102288044
36,3.9858767481652595e-08,0.0002599724680655114,1.649947190138511e-06,5.746096633425781e-06,7.79242547370051e-05,2.1761424356291575e-05,0.008455090733508391,0.00025157338664126805,7.468205469284514e-05,5.870769692279349e-05,4.727758524653077e-05,0.00015282393108459108,1.6227988282448201e-09,0.0029835229465991816,0.9583064461098918,0.0002563535364309573,3.641316923710232e-06,1.7992514919306205e-06,4.1492153250798074e-05,3.28491826173759e-07,0.0002613722780474817,0.011974702840707238,1.3089055159753888e-05,1.3086648256280123e-09,0.016749999650361135
37,3.561910989531937e-07,0.0015947446459927573,1.2336673047741917e-05,2.586600848339496e-05,0.00036390495659262013,0.00012703883916352686,0.02886475499430971,0.0002715382115680808,0.0002317375445937452,0.0004407015173232791,0.00014589970351094997,0.0002365700718806965,4.2440515009718914e-09,0.006930837478313335,0.8792447664274887,0.0003142554689241615,1.1272017693806747e-05,9.395482952012313e-06,0.00012890743491485927,1.255992911726039e-06,0.001056030800465786,0.015029228310632805,0.00012789682496507378,1.575773598748718e-08,0.06483068440138484
38,3.678160946001654e-08,0.0008466340949198914,2.6312802064268653e-06,9.645468311378279e-05,0.00019872314089210873,5.662759799186144e-05,0.014051657682839946,0.0005860021893472071,0.00010689276674964647,0.0002483877148788428,0.00028328190080087966,0.0005400953659616213,5.263031279180307e-09,0.02740787153473168,0.8184264324672704,0.0004304640332941115,5.0314737818150786e-05,7.31312751005249e-06,4.657912264043606e-05,3.221486307140123e-06,0.0025203036545962724,0.08301337129716219,0.000339397955594466,7.451598888972854e-09,0.0507372926691331
39,4.065380052210893e-08,0.00015997113135775382,4.219529729600884e-06,6.297369227005088e-06,0.00011635880554659308,0.00012165575681323627,0.0064143500136938725,0.00022131228533279711,8.656081017995887e-05,0.00011534258117697877,4.961272476433303e-05,5.191333686562685e-05,2.5956301258975357e-09,0.0016304148832605094,0.9624933160352761,0.0003660362330417479,8.230401394399094e-06,2.6268433027829847e-06,5.879907225670718e-05,5.821111509927834e-07,0.0007920959690438554,0.008047440685979679,2.6608275035282526e-05,3.1361078612467955e-09,0.019226208760031702
40,7.156023886959711e-08,0.0006055753574018676,3.4164204817979394e-06,1.1385908960585031e-05,0.00021144923108347527,7.623366318936311e-05,0.011750243829770341,0.000184447625368239,0.0001138877799284056,0.0001528252725368133,8.514992917108879e-05,0.00010068438811595336,1.8227414631326618e-09,0.00490591307960166,0.9394891654928336,0.00026377442369358476,6.494056239338081e-06,3.0499213615185456e-06,5.371633060418875e-05,6.942820179286282e-07,0.0005356725314284437,0.009631022139498766,5.148654776406404e-05,3.8336681219207725e-09,0.03176363457230053
41,4.17286978055351e-08,0.0002190415106607593,1.6385148939703173e-06,1.9200652431022825e-06,0.0002507022562545063,3.0003796078441232e-05,0.005621710637013671,4.877356112293142e-05,0.00010133120234724333,2.0815585841059762e-05,2.717651533697988e-05,2.270319602308409e-05,7.385998726799664e-10,0.0007425129239094143,0.9785937294420298,0.00016027626069113165,1.1310108877880297e-06,5.998849674430221e-07,1.3143315066860852e-05,2.2194229670978797e-07,7.511690966239495e-05,0.0011851891005510906,6.717688686193511e-06,9.51527046760485e-10,0.012875501261610984
42,2.3682351044477756e-08,0.0001835633872084013,1.998330145422583e-06,6.367483161667909e-06,4.7891170339064325e-05,4.6056979110367396e-05,0.005055818603207002,0.0002627293015289963,7.366496372872529e-05,8.981665662652234e-05,4.771990432125751e-05,8.824726979815536e-05,1.5572603758765215e-09,0.0013996895879397106,0.9673426155241032,0.0003993279156862465,4.091150347239142e-06,1.704919270930358e-06,7.643365735768182e-05,4.0466480748267664e-07,0.0005086273167875191,0.015120029274055403,1.7827902151194342e-05,2.7961119964633835e-09,0.00922534600259445
43,1.3062652729945275e-07,0.0006967340518153762,2.979484117724201e-06,8.574631126240678e-06,0.00033896555821725957,2.2507152405633635e-05,0.014375364518379612,0.00010503799293389731,0.00014627557295764275,1.4990408578064126e-05,0.00017955942912433487,0.00019766603713914895,1.2994809107742194e-09,0.0048379412184643795,0.9425220385418175,9.555507892500367e-05,2.6312964974431215e-06,1.2835488958111743e-06,2.3917533968325747e-05,2.3767871601184514e-07,9.000037283143085e-05,0.0035514576509000344,2.592561448019571e-05,2.372112858404781e-09,0.03276022232958756
44,6.849174879053672e-08,0.0005742397816047692,3.3118449069681488e-06,1.0232589798219559e-05,0.000199292613936445,7.081419752131448e-05,0.011266717993906324,0.00016618137872802965,0.0001107584800621451,0.00013938242012365547,7.774355668129998e-05,9.697598110263614e-05,1.7119911124354282e-09,0.004543228087309906,0.9414515560821807,0.00024068639240931622,5.843878325139678e-06,2.8260669443889413e-06,4.9570424167378794e-05,6.259498874645278e-07,0.0004972380103010793,0.008949610329846884,4.618905977371788e-05,3.4248207978299587e-09,0.03149690125192167
45,7.945249400446224e-08,0.0007008437437415597,3.5767478139156804e-06,1.1920560408995577e-05,0.00022947801025274077,7.999553563949044e-05,0.012336629488318516,0.00016484386862138906,0.00012218820526810648,0.0001679297016195725,8.292006711652646e-05,0.0001100737447544358,1.9993574774694923e-09,0.005582081214037566,0.9314388103905507,0.00024657013711138235,7.170696051042295e-06,3.306153768392696e-06,5.4163313029137926e-05,7.404138535407704e-07,0.0006008013249824101,0.009948425247578786,5.757788891794181e-05,3.943029697368763e-09,0.038049868151682875
46,6.430239756853438e-08,0.0005040964660872463,3.08110402778707e-06,1.2262332087332324e-05,0.00019603635358643253,8.591421427612997e-05,0.008961242575291363,0.00017817653715519396,0.00010466693374391857,0.00013879671432863412,9.135779055350731e-05,9.910263796452604e-05,2.419258912727424e-09,0.005124569684694761,0.9375991518092839,0.00027342880494754513,1.0714692401318258e-05,3.4276614640679733e-06,5.483724394195838e-05,8.174664778674965e-07,0.0006263609809590035,0.012810135801113771,5.786902841108146e-05,4.140687623796174e-09,0.03306388230485851
47,7.594241760821015e-08,0.0004084542807221121,2.5696498949134377e-06,5.9751180164400225e-06,0.00011689771698650447,3.5802388072970454e-05,0.008706910138799151,9.517393979190384e-05,0.00011684823603728759,0.00010469321785886946,3.1334233023326026e-05,0.00013865831352764184,2.610606422048172e-09,0.0019428200670078427,0.9435523275536303,0.0002488758495513802,5.7965299768327035e-06,2.5895876434231987e-06,5.072007072632253e-05,5.16852669673389e-07,0.0005557578081702947,0.011295719767403031,2.1139711553807983e-05,2.6789436149675968e-09,0.03256033773696835
48,8.596323873579558e-08,0.0008135548309286203,3.631085163815011e-06,1.1572513817666239e-05,0.0002243090999058515,9.504540826622857e-05,0.012020831907242614,0.00020510747954766641,0.00012519759787498635,0.00018570469354873572,9.823999786995753e-05,0.00010240199724934204,1.971499688428799e-09,0.005445336664306649,0.938105752215387,0.0002732511646561722,7.427240941482496e-06,3.1839658624261346e-06,8.552974562736561e-05,7.305272592821838e-07,0.0005586051055946181,0.010918165938357408,5.9079597210779915e-05,4.9073391087062615e-09,0.030657248381303643
49,6.570744070503422e-08,0.0005529858994206315,4.314223943665957e-06,1.452342506967483e-05,0.0001624939797298171,8.322481591293299e-05,0.011509842571062457,0.00016512636200116852,0.00011753820303000897,0.00017173326136493106,7.915594370951064e-05,0.00013073197072661653,2.2608700725137204e-09,0.005105542381718163,0.9326932792894221,0.00025829009433095445,6.507635566269638e-06,3.2926757534493208e-06,4.7575602883799596e-05,7.365911340279427e-07,0.0006777843927236868,0.010855157881904328,6.061885828366121e-05,4.326303936638526e-09,0.03729947164569335
50,7.873839011900602e-08,0.0006233316297762602,3.79762715746562e-06,8.570024677923073e-06,0.000253728588230514,4.582726314091061e-05,0.0328818316534896,0.00029192982741249487,5.6327946701370066e-05,0.0003760227793478627,5.4917095887291836e-05,0.00012345423727851425,1.4879573869934994e-09,0.007078337953897487,0.8956489163783287,0.00022749808087585261,4.546661892163809e-06,2.9065951652024154e-06,4.208479325237712e-05,6.36244864535127e-07,0.00043812832898619216,0.007618252335327594,5.8832845497356435e-05,1.7831338714210443e-09,0.05416003909933097
51,1.0078814799545695e-07,0.0015137962805302579,3.2232776650477293e-06,2.077558034457657e-05,0.0001153148636177045,5.9602348506031863e-05,0.010741110344692073,0.0002318434221939406,0.00015531241453693349,0.00018207037479905553,8.408990743862952e-05,0.00015805288615601724,1.099484528550321e-09,0.008466610165063358,0.9310600571730315,0.00021678791503030676,5.26891430298446e-06,4.279107079069993e-06,7.541581784990918e-05,5.068859239837998e-07,0.0004725631596908065,0.017069931116194616,3.8074066074788275e-05,3.4798341445571165e-09,0.029325208611811683
52,5.5438853063940354e-08,0.00014699669793851125,1.6548453237643608e-06,2.923758695721727e-06,0.00010595268469896249,0.00010181305471024536,0.002684091549006602,8.53936791332298e-05,6.838441384205623e-05,6.120738376582813e-05,5.949059937688255e-05,1.649296776466174e-05,6.485407810424823e-10,0.0026905087113535896,0.9687754013769051,0.00015451824038324242,4.1067579080236665e-06,5.004194864889906e-06,2.617701358243266e-05,2.3607378959609129e-07,0.00015324837009504175,0.00560969432482189,1.1478082878320544e-05,1.6380663389641105e-09,0.019235167493701338
53,7.788069071409254e-08,0.0006307328725503391,3.4443935575769737e-06,1.0775795189970045e-05,0.0002005922843526396,8.145915509941616e-05,0.010243706018229787,0.00016801686020126712,0.00011907684217743669,0.00014783534365424625,7.983606099338852e-05,9.487356312716482e-05,1.8469222833144295e-09,0.004870596187073148,0.940261036660438,0.00024964052039789635,6.833895384332736e-06,3.2222522073939203e-06,5.659284207102759e-05,6.763373550307088e-07,0.0005297882783310401,0.009626555329154912,4.728923139622458e-05,3.779565682352048e-09,0.03256733576987895
54,6.543746529437553e-08,0.0001674582837697051,5.084075486808903e-05,0.0002422483124115714,0.000571329422432739,0.0012493557459679785,0.03229198971221485,0.00855542475565339,0.00039892749616387516,0.0001691398217284409,0.017701900659996665,0.00047984048663202736,3.7396377907668724e-08,0.00594270813859348,0.7394192452037507,0.002510744042828836,0.00019549681305536522,1.6748806425075967e-05,0.0008864883722647942,5.05639012954691e-06,0.020164182597631034,0.16164640117752455,0.0018373867608329185,8.827883792943752e-07,0.0054961006229016455
55,1.1068984198811286e-07,0.0005490354360089602,4.463002866272046e-06,1.1033857219324769e-05,0.00010938714010234242,3.699691389710547e-05,0.014177650215905169,0.00010322041602272833,0.00033100415430190034,7.025280748467063e-05,3.952638728641625e-05,0.0003430506215231704,3.6239531773552986e-09,0.001959469948001166,0.9422710157737617,0.0002518511374782531,2.672629753826251e-06,3.2761286203189506e-06,5.0743300046503985e-05,3.5453426247829953e-07,0.0006330385238018763,0.009045009560430917,1.4725631873035703e-05,4.427797556914041e-09,0.029992103137759026
56,7.282370039000138e-08,0.0005721652837826057,3.368782001680943e-06,1.0404770155438805e-05,0.0001984272345626922,7.053360101104604e-05,0.011298124108216179,0.00016238945805320225,0.000116285937609999,0.00013710401081332689,7.76094964311911e-05,0.00010947371683120235,2.0634675874785487e-09,0.004587407550668362,0.9397241653333006,0.00024207475938171002,6.2030065778276505e-06,2.9552105832646407e-06,5.188307595801516e-05,6.528343786022234e-07,0.0005192144480121997,0.00930146342904621,4.596704388476926e-05,3.6716497143492983e-09,0.03276204834992191
57,5.4888607534206574e-08,0.0004711615925438965,2.4814363618338452e-06,8.622229042718744e-06,0.00013736503693886855,4.1141970862247954e-05,0.010109442694481961,0.00016324697745863367,0.00011062350717272819,0.00012474905627862202,4.6558750475398206e-05,0.00017297556451269333,3.2534914151421364e-09,0.003244119531519967,0.9414128595650195,0.0002884702466374538,7.199884866197685e-06,2.321752039418591e-06,5.871805309269698e-05,7.717099302703593e-07,0.0006031751390672875,0.013141678505055326,3.458640848738163e-05,2.939448789174028e-09,0.029817669306607304
58,9.321124639140792e-08,0.0006729850736648919,4.110054848715761e-06,1.23898035214446e-05,0.00022517085163071955,8.579810708029437e-05,0.012725601443705081,0.0001859088575904256,0.0001412727425539475,0.00015495951915184362,0.00010212016576697059,0.00012740303763092615,2.3710332851779045e-09,0.004764322011165324,0.9375084187264019,0.00027668488918174524,6.489996961049726e-06,3.4505114476804787e-06,6.980837815789673e-05,7.316351096345369e-07,0.0005855170448184489,0.010082269457494015,5.761358976505998e-05,5.777941601568247e-09,0.03220687274213079
59,8.440446597313888e-08,0.0006173068837577422,4.60081225376174e-06,1.2221299997723507e-05,0.00021477780245945713,8.497119270777946e-05,0.012570726957554885,0.0001829017519359944,0.00013699018235389162,0.0001552826272928866,9.476160590037703e-05,0.00011336747225558636,2.1352190742949283e-09,0.004019390104238936,0.9415303745545435,0.00027975756633126427,5.809195116669842e-06,3.085250517469971e-06,6.229233400717015e-05,7.404338547081021e-07,0.0005888587243249825,0.00914785337609385,5.710863629078144e-05,5.606691206799629e-09,0.03011672908983428
60,6.849174879053672e-08,0.0005742397816047692,3.3118449069681488e-06,1.0232589798219559e-05,0.000199292613936445,7.081419752131448e-05,0.011266717993906324,0.00016618137872802965,0.0001107584800621451,0.00013938242012365547,7.774355668129998e-05,9.697598110263614e-05,1.7119911124354282e-09,0.004543228087309906,0.9414515560821807,0.00024068639240931622,5.843878325139678e-06,2.8260669443889413e-06,4.9570424167378794e-05,6.259498874645278e-07,0.0004972380103010793,0.008949610329846884,4.618905977371788e-05,3.4248207978299587e-09,0.03149690125192167
61,8.245151052560736e-08,0.0006052604339478592,4.386406356399296e-06,1.1735182088912865e-05,0.00021360336893948753,8.010131494224345e-05,0.012643199893057632,0.00018175233829729312,0.0001295485635243877,0.00015433190951057263,9.118734106553579e-05,0.00011245942472394494,2.1377383383121894e-09,0.004042727952022501,0.9412255473626293,0.0002680641906702988,5.761869095195529e-06,3.0462653441508757e-06,5.970886879240136e-05,7.319496403646168e-07,0.0005640858957499534,0.008992604775422365,5.548444743423692e-05,5.202479313299667e-09,0.03055458045501677
62,6.849174879053672e-08,0.0005742397816047692,3.3118449069681488e-06,1.0232589798219559e-05,0.000199292613936445,7.081419752131448e-05,0.011266717993906324,0.00016618137872802965,0.0001107584800621451,0.00013938242012365547,7.774355668129998e-05,9.697598110263614e-05,1.7119911124354282e-09,0.004543228087309906,0.9414515560821807,0.00024068639240931622,5.843878325139678e-06,2.8260669443889413e-06,4.9570424167378794e-05,6.259498874645278e-07,0.0004972380103010793,0.008949610329846884,4.618905977371788e-05,3.4248207978299587e-09,0.03149690125192167
63,7.638759981576646e-08,0.0007326147524133339,3.329026427768663e-06,1.0585406256281804e-05,0.00021088498826554825,7.208562429272255e-05,0.011085907961073099,0.0001519602284935215,0.0001183965828181504,0.00015409216087864042,7.349772466334495e-05,9.742431600747028e-05,1.721911804642856e-09,0.004715378519932041,0.9398961092102035,0.00023541851405962396,5.927119359309636e-06,2.788961305825659e-06,5.408902567658417e-05,6.753868518641788e-07,0.0005016132724212402,0.008834579008573379,4.851743074652832e-05,3.5860930610212624e-09,0.03299404308367579
64,6.373573424577715e-08,0.0005930118235739474,3.3602245024433288e-06,1.1871904752152514e-05,0.0001918283456424754,7.677056486968575e-05,0.011249193325490944,0.00014974837698348065,0.00012115056028180271,0.00016870685738065483,6.781183161741684e-05,0.00011290391061157788,2.132503425932331e-09,0.00487548444406043,0.93435626648344,0.00025491322364843663,6.890633085826511e-06,3.252428583739939e-06,4.8101063164379454e-05,7.472455361503306e-07,0.0007540578794390461,0.010445468609279319,5.2354895392198124e-05,3.706435358560742e-09,0.036456035793990746
65,6.997227642906361e-08,0.000569922083091932,3.140804257006306e-06,9.735676032909451e-06,0.0001992875161070253,6.903611721266651e-05,0.010495324446694388,0.0001564768119987288,0.00011720693845643184,0.00012148590341095456,8.099689050119506e-05,9.719045927934083e-05,1.735104324143603e-09,0.0042909493570055775,0.9440381298168499,0.00023478750608088808,5.86583183284005e-06,2.7761261662399376e-06,5.138220976551282e-05,5.930654894390675e-07,0.0004713822473983786,0.009102387900345666,4.3391317862359465e-05,3.5595532855471136e-09,0.029838475707226683
66,1.8241218036158248e-07,0.0005674331440607524,1.0072720982659648e-05,7.5298805582011505e-06,0.0005853463355325741,0.00021741332517130217,0.013577194368877743,0.00012754118845461807,0.00015200531042012272,0.0003010000767833422,9.585686045074113e-05,5.418002809380688e-05,4.820848200451758e-09,0.0022156316167853754,0.9285851023977031,0.0003437980573870513,1.3198106493335815e-05,4.528454986095148e-06,9.230109604088542e-05,1.7602601151427108e-06,0.0010176276730773002,0.005581186468073701,0.00010066639641387746,1.3232563674563637e-08,0.04634842576794586
67,7.057773841243484e-08,0.0005886487502484477,3.9050071689522984e-06,1.4751358762340197e-05,0.00023007024764372093,0.00010789320953227705,0.01112944853294827,0.00018361903971104087,0.00011299430665552568,0.00017956387853595982,9.838663383763017e-05,0.00010520754660353867,2.4250052686260355e-09,0.006680012617868427,0.9299754826911628,0.0002850204818402605,8.893115840620312e-06,3.6086505857583093e-06,5.125466837522207e-05,9.115968015487161e-07,0.0006797057255758842,0.010216049278142665,7.393922817123403e-05,4.627771444123603e-09,0.03927055580347293
68,7.936149811555569e-08,0.0006446926745957637,4.069808538261752e-06,1.258390291086063e-05,0.0002067903502329987,8.063896636752812e-05,0.012637179779787138,0.00018720721177010105,0.0001246941866625311,0.0001660884419590884,8.535420255477079e-05,0.00011389660584916058,1.951354848637571e-09,0.005102936542696626,0.9351871916044165,0.00026582580107741406,6.442630065702927e-06,3.299996787142523e-06,5.512004835091329e-05,7.047486875319557e-07,0.0006019481179444057,0.009929291819406183,5.495341739049341e-05,4.176191893236126e-09,0.03452900365290395
69,6.037831274290727e-08,0.0005948694323920045,4.34148556712017e-06,1.4234475129866938e-05,0.00023137736504319574,8.78727533296573e-05,0.013856686536535493,0.00022272672017832116,0.00011595597092434369,0.00015792385407855552,0.0001221275132035273,0.00011427426165987326,1.9344213857788674e-09,0.0046874496135166505,0.9438129957165735,0.00030473818202666483,5.388692711719216e-06,2.429418681261635e-06,5.8439020672775063e-05,7.944647951547688e-07,0.0006419392894425397,0.008860033687202567,7.57515568540267e-05,5.788364512964973e-09,0.026027581888382414
70,6.843747429427556e-08,0.0005851994000836373,3.2969741335269913e-06,1.0231390436244247e-05,0.00020109174162538318,7.22208261730871e-05,0.011257861839952818,0.00016363601451052404,0.00011231572631371349,0.0001399200366365716,7.927288825963357e-05,9.738622270417888e-05,1.719615775384622e-09,0.004527496123961337,0.9414518115374376,0.00023887531871460754,5.892163080802554e-06,2.8159715994086657e-06,5.1337273818041144e-05,6.246339538535788e-07,0.0005109055758837162,0.009064375856010503,4.741582588135007e-05,3.549604400207166e-09,0.03137594295213482
71,6.576309773602102e-08,0.00044724190084045396,3.4147781192394493e-06,9.398156188485934e-06,0.0001446704915932696,7.863197105699242e-05,0.009419869946146128,0.00016933354803187544,0.00010812022944709831,0.0001138783960186375,8.465680130031733e-05,8.556640325620501e-05,1.4079563322677925e-09,0.0039974949894619515,0.9475181354424259,0.00021780160253622913,5.586767905823668e-06,3.22781926559781e-06,5.320851880685027e-05,4.187113193472212e-07,0.00047584935413562385,0.010094269366295937,3.518961666488372e-05,3.281597043185796e-09,0.026933964736532152
