,0,1,2,3,4,5,6,7,8,9,10,11,12,13,14,15,16,17,18,19,20,21,22,23,24
0,0.0048890101182330545,0.944701765866238,3.8200488996890126e-05,2.0764603684849058e-06,0.0011468485779884067,0.0021377266978856338,0.0003620443258323854,1.4576100809882058e-06,0.0007682627590681453,8.166033765442407e-06,0.020819124734411065,0.00015757393143966839,6.33369829280818e-05,0.00025105223394227444,0.009717682936291414,9.722744325727382e-06,0.00024409952296821255,4.233579408158857e-07,0.012925034110632817,3.290978158078415e-09,0.0005358356934159875,0.0010522386054275868,2.8211955482021324e-05,7.470751786607937e-07,0.00013935388618023257
1,0.005793524741781577,0.9489227727803269,3.223646055687858e-05,2.328258545780256e-06,0.0012833802763498176,0.0015202733641020757,0.00036009861600699703,1.6414177302150068e-06,0.0014607745375366825,9.148075202824351e-06,0.019418828948872563,0.00010519664663280698,6.0542670410516595e-05,0.00020259755472257042,0.008215300261514968,1.0990355379325573e-05,0.000255732613972868,3.4633500032568463e-07,0.010981881436589128,2.364793093599536e-09,0.00032044034886686895,0.0008831324587344724,2.457607295375809e-05,8.607874154249596e-07,0.0001333926160016709
2,0.005743003905596733,0.9412976603467746,3.643401724321865e-05,2.0509737233032666e-06,0.001667595769353277,0.0013240030040217155,0.00042169829248749215,1.6694760581865912e-06,0.0013408216049368568,9.615095241466413e-06,0.02028797148935493,0.00010807363212642791,4.768429044365908e-05,0.0003216815573997948,0.01254885928891988,7.1536347226154075e-06,0.0001979334947680459,4.2356048973427506e-07,0.012307071425189503,3.939238096770019e-09,0.0004497374742623345,0.0015782893558880168,3.7518452781388496e-05,9.607717251048762e-07,0.00026208514725364033
3,0.005108889925758274,0.9476940503241948,3.450689831658045e-05,2.206891526897625e-06,0.0011837433623298754,0.0014288747488396506,0.00032780701938910946,1.292075829899699e-06,0.00079597083412875,6.576184465671659e-06,0.02281700208467074,0.00014540809694444314,5.8958845060558057e-05,0.0002577582113521428,0.008767372979062433,7.455380961215536e-06,0.0002534533120255687,4.2539381634603027e-07,0.009501277261137697,2.2040002852293736e-09,0.0004487105064300063,0.0009869778968639045,2.6006419114903625e-05,7.22634298924072e-07,0.0001445505094812562
4,0.004250374111429804,0.9507492282327151,3.2173924477660425e-05,2.142193395033714e-06,0.0011650104447054506,0.0013159360625922883,0.00030041692679413625,1.154933692741577e-06,0.0006927307185187208,5.625561257444418e-06,0.02355805950675134,0.0001707715580474589,7.230873987443418e-05,0.00027340425149650785,0.006978699248849123,6.9173762099722045e-06,0.0002579389723747091,4.3416786170794225e-07,0.008683312827222851,2.052443557024979e-09,0.00041593631107945164,0.0009138571939791829,2.396110238233773e-05,5.901324355125787e-07,0.0001290134494134582
5,0.00846247215737647,0.9384379044970766,4.541156781458591e-05,3.6049550858559723e-06,0.001382421537061893,0.0015051279794065918,0.0004090276815199015,1.6819390911375988e-06,0.0009883151292467435,9.805137060735034e-06,0.028191588080363608,0.00020523878814909205,7.42909620545709e-05,0.00036765025855882167,0.008270191065219677,1.0215242835387403e-05,0.0003731076290003395,9.731067206618324e-07,0.00930365752576078,3.4292304653357775e-09,0.0005702989832093184,0.0011336865349960467,3.428058045274563e-05,1.212248999801663e-06,0.0002178329837082052
6,0.005108889925758274,0.9476940503241948,3.450689831658045e-05,2.206891526897625e-06,0.0011837433623298754,0.0014288747488396506,0.00032780701938910946,1.292075829899699e-06,0.00079597083412875,6.576184465671659e-06,0.02281700208467074,0.00014540809694444314,5.8958845060558057e-05,0.0002577582113521428,0.008767372979062433,7.455380961215536e-06,0.0002534533120255687,4.2539381634603027e-07,0.009501277261137697,2.2040002852293736e-09,0.0004487105064300063,0.0009869778968639045,2.6006419114903625e-05,7.22634298924072e-07,0.0001445505094812562
7,0.005071525112058348,0.9499080778666605,4.21688981018863e-05,1.8870559168348957e-06,0.0009756837115561238,0.001119789712443162,0.00027075365282526025,1.340743327843585e-06,0.0005326164305337405,4.717861083043199e-06,0.023277896484696504,0.00013134915782746868,7.78186330458401e-05,0.0001676721864563681,0.006821510064633874,5.581176419341085e-06,0.00021071389897128892,3.2519510310801994e-07,0.010158250218864798,1.5470962487184768e-09,0.00036314859902465685,0.0007646644969160203,1.5075968830297086e-05,5.68923708671863e-07,7.686240389880136e-05
8,0.008130467730211439,0.9179698626876044,5.048669025040253e-05,4.027700932765921e-06,0.001879975358629281,0.0013167776618517942,0.0004456922031456016,1.1455827944324789e-06,0.0020530705954409116,1.7017790123164724e-05,0.03532018689500272,7.439780810737609e-05,3.239822081878425e-05,0.0005632098040955411,0.022511375028569678,7.297192147481444e-06,0.00023817195880097413,5.844421631896207e-07,0.006586698394009292,3.5357736911040506e-09,0.0005224769625113831,0.0017578637164662049,4.803709817245147e-05,4.237144714231621e-06,0.00046453779766292036
9,0.008992529421997996,0.9100034914956207,8.283108980029594e-05,5.522612137151466e-06,0.0017329948701800349,0.002059083761173311,0.00035644192768903473,2.008597881986095e-06,0.0016919092702465826,1.7757532800698258e-05,0.04302618750038799,0.00011696563750431217,6.776685825727043e-05,0.0005384438181797749,0.017206600453512532,1.0787125547735257e-05,0.00041543531809249025,6.381306752155818e-07,0.010852130530641357,4.99362982155947e-09,0.0006515058503617068,0.0018943004647242606,4.954132158374282e-05,3.608947254051906e-06,0.00022151247011972897
10,0.005108889925758274,0.9476940503241948,3.450689831658045e-05,2.206891526897625e-06,0.0011837433623298754,0.0014288747488396506,0.00032780701938910946,1.292075829899699e-06,0.00079597083412875,6.576184465671659e-06,0.02281700208467074,0.00014540809694444314,5.8958845060558057e-05,0.0002577582113521428,0.008767372979062433,7.455380961215536e-06,0.0002534533120255687,4.2539381634603027e-07,0.009501277261137697,2.2040002852293736e-09,0.0004487105064300063,0.0009869778968639045,2.6006419114903625e-05,7.22634298924072e-07,0.0001445505094812562
11,0.0048878414340511505,0.9490126713265389,3.48388842851908e-05,2.2162068021723182e-06,0.0011397829933968591,0.0014237191583825954,0.0003248771717399148,1.3825348040709804e-06,0.0007537983507759976,6.151524804375339e-06,0.022347754251551437,0.00015536069598492307,6.809378554092684e-05,0.0002453505565711214,0.007974165407006378,7.646017074376751e-06,0.0002654329215437649,4.198624934831735e-07,0.009818732903101103,2.1748125351707347e-09,0.0004253279817368919,0.0009505801320513099,2.4536757412783625e-05,6.513588308128016e-07,0.00012866560870714814
12,0.0020904127503770264,0.9719565200460135,1.3720814215724083e-05,1.1215832106771682e-06,0.0023988833737455485,0.0012694794957826686,0.00017820929935630223,1.8450142843734088e-07,0.0003685143530394572,2.302571241900162e-06,0.013668501747291098,0.0002079492151206111,2.673258616567371e-05,0.0004763943302540643,0.003431490243830629,3.609643510599768e-06,9.004591741884653e-05,6.814290806452204e-07,0.002912658618952632,1.9166155944018325e-09,0.0003275854500153092,0.000243935325862033,3.0100240414966153e-05,2.487089041304737e-07,0.00030071583815175645
13,0.0030056937013242697,0.8854548252247644,3.350462015298309e-05,3.012599564630494e-06,0.0015339079710435647,0.000981775581350346,0.00019831327960758777,7.095920692575599e-07,0.00040214191175290816,2.878644034405677e-06,0.08767220575145196,0.00019645717202971318,0.00010777905044331688,0.00034936081575452757,0.011372269737267954,5.671031565240186e-06,0.00022678115081729017,2.884724347409863e-07,0.007132645638751858,1.0794612823857328e-09,0.0005375884027262934,0.0006813365046378843,3.256987222300818e-05,7.41829262676413e-07,6.754036550776641e-05
14,0.009535417619374213,0.9113937411439671,6.645150389732777e-05,7.573577097324446e-06,0.0017817896535655092,0.0021594799835895455,0.0007640564770730582,3.6542374482696635e-06,0.0028699869056449906,2.0925004573775668e-05,0.0348357180532001,0.0001454037168632033,7.436035043591847e-05,0.0005657429186809791,0.02118922896917487,1.617995944387361e-05,0.0006526697351551496,9.540450039007687e-07,0.009981432395933632,6.270252657518257e-09,0.0007385875191194858,0.00271013119955567,7.452780968158904e-05,2.9846949161138435e-06,0.0004089962563520836
15,0.005108889925758274,0.9476940503241948,3.450689831658045e-05,2.206891526897625e-06,0.0011837433623298754,0.0014288747488396506,0.00032780701938910946,1.292075829899699e-06,0.00079597083412875,6.576184465671659e-06,0.02281700208467074,0.00014540809694444314,5.8958845060558057e-05,0.0002577582113521428,0.008767372979062433,7.455380961215536e-06,0.0002534533120255687,4.2539381634603027e-07,0.009501277261137697,2.2040002852293736e-09,0.0004487105064300063,0.0009869778968639045,2.6006419114903625e-05,7.22634298924072e-07,0.0001445505094812562
16,0.006667889818873235,0.945152521306242,3.5107084472103535e-05,2.8173992933538508e-06,0.001192455272041428,0.0012863560129163162,0.00040780174389240417,1.0733990539064144e-06,0.0005284964838283309,1.1356467418960014e-05,0.025672568622218315,0.0003291053937237652,5.486695595003676e-05,0.00048157677876286675,0.006972140774808957,7.914679431028822e-06,0.0003341238701395556,1.3711312127455965e-06,0.007967465393934215,3.2427152996704516e-09,0.001161709719729344,0.0014060654650247162,2.9007732230401667e-05,7.632301834178696e-07,0.00029544202190331
17,0.006391102353283558,0.9532607012090297,2.7927601660006503e-05,2.0001430524974786e-06,0.001053808937945163,0.000905950128902353,0.00031473985054972865,1.374073218062889e-06,0.00048585870304268606,5.207953683203695e-06,0.020760251844766396,0.0004039454613033859,8.689057364166171e-05,0.0004074225409377902,0.003984942889134977,6.051140049790564e-06,0.00037062263882073695,1.2894223282200903e-06,0.009347407358774755,2.9353134675559504e-09,0.000638602465096795,0.001262292849224654,3.35820210289411e-05,4.0352728390578956e-07,0.00024762137792739197
18,0.005537729266644235,0.9626001042310458,1.5864235442320495e-05,1.2409099391824774e-06,0.0006656083634787448,0.001002988993860729,0.00033433271459255224,9.159232342939804e-07,0.0007494500204041975,7.157078123222181e-06,0.014700175243204194,0.00027157924040311753,5.2593821691952404e-05,0.00038664940285294976,0.004068350792464769,5.9024984467885185e-06,0.0004042918253369849,1.0531807804048393e-06,0.006929516121290916,2.5447780588901362e-09,0.0003951154456815075,0.0014641490444244362,2.9946002268399035e-05,4.44027186995612e-07,0.000374839072423355
19,0.004331953574168073,0.9511520677566947,4.236024639978032e-05,2.478527971186061e-06,0.0013717106981172246,0.00119435316232316,0.00033630525217127904,1.6338873023879212e-06,0.0006529371129799695,5.2972775724476565e-06,0.02126682400960663,0.00018351533155206755,8.003756842146079e-05,0.00023527557404870618,0.007376712677779887,7.0959475205396385e-06,0.0002398273439073595,4.2510381010782625e-07,0.009988247682737227,2.0807259607341756e-09,0.0004306829815188551,0.000977558023904381,1.8836284563756172e-05,5.244546296795074e-07,0.00010333743957329411
20,0.0035832032117100975,0.9218928346202621,4.326504077876129e-05,2.523811370816057e-06,0.0013052951236903762,0.001512887201106602,0.0004791486253105622,1.9865229060970677e-06,0.0007153777132464154,6.585834675232974e-06,0.030233596343930778,0.00011603299366768209,5.575663265597684e-05,0.00024445592375779365,0.023825687660134993,7.034102557531722e-06,0.00020679071450200627,2.2860713523277153e-07,0.0131067768723538,2.317539591985687e-09,0.0007374420995736077,0.001758015247269878,3.29475392777486e-05,7.88525727398921e-07,0.00013133671485897694
21,0.005735430822687006,0.9528363384968914,2.93167493107197e-05,1.8911260055130629e-06,0.0013365797866246286,0.0009312849017371163,0.000187379928409623,7.393546849510934e-07,0.000513525920456333,6.913885998898503e-06,0.02388520292716579,0.00019662239826502838,4.8681277825762576e-05,0.0002765585373612298,0.004804102820362841,5.982652192682086e-06,0.00018672693444161698,5.985784672477785e-07,0.007597401210738907,1.7927018737035578e-09,0.0005832592742527384,0.0006819772066530499,1.852046039171334e-05,6.213763125550551e-07,0.0001343415800607742
22,0.008189055918224874,0.9252487348692886,5.785006825873117e-05,4.1071833779177775e-06,0.0011916247809790304,0.0016885029176311908,0.0003320080196957258,1.7220808595796716e-06,0.0007593294837571392,1.143652763245294e-05,0.03896730285900945,0.00022667158288857835,8.202459595877762e-05,0.00036992306071979104,0.009659683825511549,1.0891768157744745e-05,0.00048769657608961484,8.308952462000986e-07,0.010367859765113101,2.9521726273828986e-09,0.0007858827641292891,0.0013806910352122997,2.9779549323919418e-05,1.3041738370822893e-06,0.00014508274692460123
23,0.005108889925758274,0.9476940503241948,3.450689831658045e-05,2.206891526897625e-06,0.0011837433623298754,0.0014288747488396506,0.00032780701938910946,1.292075829899699e-06,0.00079597083412875,6.576184465671659e-06,0.02281700208467074,0.00014540809694444314,5.8958845060558057e-05,0.0002577582113521428,0.008767372979062433,7.455380961215536e-06,0.0002534533120255687,4.2539381634603027e-07,0.009501277261137697,2.2040002852293736e-09,0.0004487105064300063,0.0009869778968639045,2.6006419114903625e-05,7.22634298924072e-07,0.0001445505094812562
24,0.0041476910264274455,0.9470154112728533,3.307009607004112e-05,3.256421475429185e-06,0.001919024024944185,0.0013416925103558023,0.00031209271796054337,1.1920503899680557e-06,0.0007772970851924756,5.719146418186497e-06,0.02773694998461569,0.00022958972167283405,9.032227257767349e-05,0.00040974359578202746,0.0062926595320726055,9.618430053563554e-06,0.0002662917765477499,6.097832386445457e-07,0.008009448923278744,2.4282764649836327e-09,0.0004394946151481781,0.0007824615291939681,3.0868696836839265e-05,6.244795441669556e-07,0.00014486787907356472
25,0.008371978748665044,0.9138053681138849,5.2268103363302396e-05,4.3980613281989754e-06,0.001645236255584254,0.0010654030010507534,0.0005276976223113249,3.1638781577493147e-06,0.0007015303857689579,7.044778967870876e-06,0.04367188104548648,0.00023171258753943179,0.00012814588479275756,0.00026576278027975363,0.011171533404833806,1.155203018880408e-05,0.0003290930064201526,6.905184352187892e-07,0.015868198354059213,2.6543727121461984e-09,0.0007712988552993457,0.0012128006457255006,3.366063749233272e-05,7.854550221599411e-07,0.0001187931909698879
26,0.00925252967409753,0.9389107614996728,3.8786427887433714e-05,3.363535990198828e-06,0.00131593859562799,0.0016545579488759672,0.0002753469031259374,1.6149614172078355e-06,0.0019649651558946465,6.765747909279185e-06,0.027219086433613066,8.836948136483533e-05,5.642987827394262e-05,0.00021443050912229445,0.009822732991279027,9.214943582811553e-06,0.0003491234579829838,4.126316911761341e-07,0.00761234597277627,2.5037755173446647e-09,0.00029286315922484574,0.0006990199877041896,4.655104225989319e-05,1.9887361842895524e-06,0.00016279782066603205
27,0.004262941803580158,0.9454233240442286,2.902897608232952e-05,1.8388799355553763e-06,0.0011910783095767721,0.0014019774717890906,0.0004073681026088301,1.3355090171126647e-06,0.0013642052561634367,8.518029702448714e-06,0.020435713567153818,9.75754654196953e-05,4.47562980677986e-05,0.00026635578539650344,0.013309695961518065,7.156634544331479e-06,0.00022905326158152925,2.925033061284458e-07,0.0094206327665884,2.577424100966195e-09,0.00035498770908062264,0.0015123581697874108,2.9184481958260895e-05,9.471964747901873e-07,0.00019967123901430084
28,0.005108889925758274,0.9476940503241948,3.450689831658045e-05,2.206891526897625e-06,0.0011837433623298754,0.0014288747488396506,0.00032780701938910946,1.292075829899699e-06,0.00079597083412875,6.576184465671659e-06,0.02281700208467074,0.00014540809694444314,5.8958845060558057e-05,0.0002577582113521428,0.008767372979062433,7.455380961215536e-06,0.0002534533120255687,4.2539381634603027e-07,0.009501277261137697,2.2040002852293736e-09,0.0004487105064300063,0.0009869778968639045,2.6006419114903625e-05,7.22634298924072e-07,0.0001445505094812562
29,0.005108889925758274,0.9476940503241948,3.450689831658045e-05,2.206891526897625e-06,0.0011837433623298754,0.0014288747488396506,0.00032780701938910946,1.292075829899699e-06,0.00079597083412875,6.576184465671659e-06,0.02281700208467074,0.00014540809694444314,5.8958845060558057e-05,0.0002577582113521428,0.008767372979062433,7.455380961215536e-06,0.0002534533120255687,4.2539381634603027e-07,0.009501277261137697,2.2040002852293736e-09,0.0004487105064300063,0.0009869778968639045,2.6006419114903625e-05,7.22634298924072e-07,0.0001445505094812562
30,0.005108889925758274,0.9476940503241948,3.450689831658045e-05,2.206891526897625e-06,0.0011837433623298754,0.0014288747488396506,0.00032780701938910946,1.292075829899699e-06,0.00079597083412875,6.576184465671659e-06,0.02281700208467074,0.00014540809694444314,5.8958845060558057e-05,0.0002577582113521428,0.008767372979062433,7.455380961215536e-06,0.0002534533120255687,4.2539381634603027e-07,0.009501277261137697,2.2040002852293736e-09,0.0004487105064300063,0.0009869778968639045,2.6006419114903625e-05,7.22634298924072e-07,0.0001445505094812562
31,0.009592615315402363,0.9484830866817695,4.950217065994401e-05,2.0526019404673075e-06,0.0011496568824657034,0.0009565960213530296,0.0003152276872670153,2.3404404670127275e-06,0.0006149555565624772,5.870344928446467e-06,0.016574756914042782,0.00019447428598010245,7.938056655900696e-05,0.00018986619317979002,0.00516675887089494,6.502706879638866e-06,0.0002625273213201035,7.430725073521731e-07,0.01472628910825865,2.7957307252725006e-09,0.00047794078971840915,0.0009755252757076492,2.2228372599829918e-05,5.355247552008594e-07,0.00015056449904989928
32,0.0049852203102381115,0.9468804674292823,3.451756740398746e-05,1.9070875991208582e-06,0.001169042662435144,0.0014095281086024865,0.0003246840694537929,1.3776534995204708e-06,0.0007268352971702196,6.1398609596705534e-06,0.021678740736283397,0.00014651046997534703,5.976714132439783e-05,0.00023663252172553272,0.008940112495158813,7.250413872176637e-06,0.0002318415183429004,3.853015953406852e-07,0.011511660251113323,2.289636119220117e-09,0.0004489662447943993,0.0010352828907734207,2.5539910975167643e-05,6.291049500517498e-07,0.00013695866283542038
33,0.0051605339861944,0.9506753091994758,3.311164408182988e-05,2.2374411202606562e-06,0.0009345038882304004,0.0014504712327314776,0.00035575259783449787,1.5402667718327185e-06,0.0007822808040558742,6.905874753750343e-06,0.021678598008842684,0.0002013084208372755,8.656929053455807e-05,0.00028729708298045703,0.006335537757592059,8.565335035543486e-06,0.00037994721684612016,5.557818261611854e-07,0.009879965739724326,2.3395483903299077e-09,0.00038084208025369865,0.0012024450534868119,2.2686810263587968e-05,5.967962807320934e-07,0.00013243535069727477
34,0.007937638845668555,0.9432185967234948,2.828285712357739e-05,7.772729910632942e-07,0.001312373182414177,0.00046044559207744076,0.00015627992048070964,9.509379551178092e-07,0.0007600590941465861,4.411053975788458e-06,0.020855533622639356,7.105420575394074e-05,4.3270746558393234e-05,0.00012079422145371135,0.005760684704652745,3.2347058165106262e-06,8.398859586867403e-05,1.9824925773430946e-07,0.018060518485124792,1.331925544705366e-09,0.0002439509995170863,0.0007471576056876711,1.613809879616073e-05,6.249663387805543e-07,0.00011303398028123118
35,0.037707986793088726,0.9350328720085231,2.66895395407053e-05,1.5332682505909057e-06,0.0004382057409300896,0.00036079897169025914,0.0003378728628798045,4.57095637267295e-06,0.001387151789455411,1.0633418157376863e-05,0.007995116993651269,0.00023099641592540368,8.509051658168688e-05,8.510765283005874e-05,0.0013089336899882007,8.10562732214838e-06,0.0005774445949558925,2.052335497403089e-06,0.013013411201786689,1.906543000451539e-09,0.00021567609126441444,0.0009907191846876458,9.050453797469501e-06,4.817835733435432e-07,0.00016949620270658412
36,0.0039044479842014314,0.9589507641650168,1.8862008393770183e-05,2.0063481898786395e-06,0.0005240919203979671,0.001811308738621489,0.0005807805275924826,3.3798969729612067e-06,0.0016885780657198142,6.759790573588723e-06,0.012005279881440732,0.0002915042150833202,0.00012418319773501964,0.0002958165449239396,0.005709573856687013,1.4447209531625905e-05,0.0011460259151981663,5.569352316873642e-07,0.00995282896959184,2.727904729354209e-09,0.00018844368401853357,0.0025938642047212755,2.7834464601412804e-05,3.3723634594389386e-07,0.00015832151130436279
37,0.013990488001814624,0.9149341990634646,6.729111139079144e-05,4.591850846587291e-06,0.0014499426633908705,0.0012858235861838076,0.00035742749665341447,1.5696023662545119e-06,0.0008888122310766207,1.1393891475756538e-05,0.044176130373619726,0.00018991336460660895,7.47150456633374e-05,0.00038996977230997855,0.009739865784909374,9.679138376972158e-06,0.0003804409726434699,1.2226459682448192e-06,0.01008061639258121,3.1656739407769448e-09,0.0006363173639098273,0.001081551046402335,3.313987638864286e-05,2.406029292145221e-06,0.0002124895289909866
38,0.004096555115398343,0.9362875957946895,3.379454314346109e-05,2.053878972788402e-06,0.0009092664123218697,0.002902290796778968,0.00047916909590233744,1.7364498219920581e-06,0.0004716020734238496,5.204819035404395e-06,0.02404250950737451,0.00017380726276523302,8.084987091483229e-05,0.00019585743025667918,0.012543944517992622,1.2753122365316779e-05,0.0002833877303573091,3.287290834442592e-07,0.015878072906782878,2.439264297936566e-09,0.0005990168268838657,0.0008720509377179579,3.244255846032777e-05,4.7036533760921375e-07,9.523681495474157e-05
39,0.0050433034041116615,0.9396118784784923,3.623580963818714e-05,3.0176392263199543e-06,0.0011697372329017674,0.00224137275816165,0.000648350893963978,2.757228148724854e-06,0.0007782701980304716,7.304887869197551e-06,0.019534887506267876,0.00020867063296108374,7.508441598142193e-05,0.00026797756110036113,0.0131004634658841,1.2307105212597692e-05,0.0003811934321741397,5.457484855268019e-07,0.014289984850196254,3.656944987127178e-09,0.0008262738245827009,0.0014913865272175141,4.9023433956096685e-05,5.528341153166955e-07,0.0002194164743760124
40,0.0018533615720220463,0.963908906798797,3.523724067643479e-05,7.105115363422992e-07,0.0012799287282459853,0.0011942508926700613,0.0001417083104225515,3.9850248988840395e-07,0.00025915895755647574,2.99390676503287e-06,0.013922553506290987,0.00012945376854051201,2.962257908745097e-05,0.0002334804467565943,0.007281548420880941,2.4019029824817426e-06,8.2081070319028e-05,1.8508617549115597e-07,0.008384947676129722,1.4904509124339428e-09,0.00033932874916960885,0.0008170248882831652,1.0392658036025829e-05,2.9144790148813714e-07,9.003088781370241e-05
41,0.0019464063312770315,0.9770297299135182,1.8075776704144698e-05,1.5509421724610707e-06,0.0011298619928955542,0.0011529251964668308,0.0001499631102356349,5.973313300375899e-07,0.0014384445484186936,3.060093972460306e-06,0.009510957813905244,3.9458996869909164e-05,3.4662084523231196e-05,0.00011258512621582864,0.004172475086549075,4.201447583691616e-06,0.00012949171200598376,8.96806319998052e-08,0.002721622057833726,6.629161864209201e-10,9.63549191567917e-05,0.00024397071477873654,1.0453521000655858e-05,4.238924625782088e-07,5.263704657543645e-05
42,0.003708921895168617,0.9295780181463186,5.027421635055954e-05,1.3170169695862407e-06,0.0008538342664723603,0.001149007639133898,0.0003471709847459421,3.933583858156732e-06,0.0005576490502021106,6.749123522497989e-06,0.015408480671733397,0.00016930181984213332,7.697978892004745e-05,0.00014135355555575265,0.011683165631080687,6.229965948692674e-06,0.00024686189527935924,1.7511297316326168e-07,0.032004121215230136,2.6569451957612533e-09,0.0006676274108847875,0.003254487199687323,1.5778021437977757e-05,3.1705336521864014e-07,6.824207837376848e-05
43,0.006643306123195401,0.9299833768807868,5.137217593577066e-05,3.174100549653313e-06,0.0014729063022004161,0.0025005151474253333,0.000469736272015426,2.4043830640743498e-06,0.002174862853393838,2.8810391368520047e-05,0.022325739831841242,8.852270719267546e-05,5.1357441495976276e-05,0.00034845870929842,0.015290986072847878,1.345685749075758e-05,0.0003156987917898531,4.030828943329259e-07,0.014932703019198955,6.299751624949554e-09,0.0006778559841013802,0.002370377694798678,3.726977990952355e-05,1.8071635806173016e-06,0.0002148919338726579
44,0.005108889925758274,0.9476940503241948,3.450689831658045e-05,2.206891526897625e-06,0.0011837433623298754,0.0014288747488396506,0.00032780701938910946,1.292075829899699e-06,0.00079597083412875,6.576184465671659e-06,0.02281700208467074,0.00014540809694444314,5.8958845060558057e-05,0.0002577582113521428,0.008767372979062433,7.455380961215536e-06,0.0002534533120255687,4.2539381634603027e-07,0.009501277261137697,2.2040002852293736e-09,0.0004487105064300063,0.0009869778968639045,2.6006419114903625e-05,7.22634298924072e-07,0.0001445505094812562
45,0.0047532854028912086,0.9051102477737772,5.878526287389957e-05,3.975670734268692e-06,0.0013004478067157668,0.0030251817926344356,0.0008869933069906345,4.102033436358494e-06,0.0011256191824391888,8.805459351938912e-06,0.02795614845469078,9.766772653580253e-05,7.896663604344674e-05,0.00019457210375116863,0.03472467597882144,1.6822798047515952e-05,0.0003007580565347576,2.3873370598917986e-07,0.018128839465995073,3.2872539305581795e-09,0.0005607574186266988,0.0015206441974477515,3.575408890869474e-05,1.0964554248462764e-06,0.00010561090636695592
46,0.009423949944527223,0.9267470241214222,5.520682704170877e-05,6.95641020787212e-06,0.00052258742977633,0.003795510598307485,0.0003308813477826516,3.9099341938424305e-06,0.000921756537127165,8.638755965780129e-06,0.03596916660620671,0.00037048926931329063,0.00017117371114871958,0.00025151306629133275,0.007729821841546891,2.3323025183305514e-05,0.0019603799847640125,8.997353414380287e-07,0.00967124829086825,2.8626740708232723e-09,0.0006594961430733858,0.0012563272891757452,4.229536482919786e-05,1.33023257318712e-06,7.611067065838985e-05
47,0.005538138199884204,0.9586761977389394,2.630130746091448e-05,1.140315471374671e-06,0.0007444282126469303,0.0009706999083514105,0.0002791570618286865,1.246302461896484e-06,0.0006279134172388223,5.84212710265347e-06,0.0142557972008419,0.00016257728613063336,5.0244307747012954e-05,0.0001739742842506655,0.0056479472264319075,5.252146122679593e-06,0.0002368222505188181,4.188626775365514e-07,0.01091885339916338,1.8395921167266666e-09,0.00035416311910483375,0.0011688025357681365,1.5423969375684454e-05,4.393019878799923e-07,0.00013821767890069187
48,0.006101236086074543,0.9201540816521578,4.542865221890639e-05,3.3825395552552524e-06,0.0037764772088625326,0.0008269625121251215,0.0003181088096565553,5.606922149669909e-07,0.0011913666282917052,1.3431859037846966e-05,0.04473622204125248,0.00014895800487719647,3.3528526415144265e-05,0.0008770659294253759,0.013204190336196997,5.590108327996281e-06,0.0001344601693914088,9.769551670879892e-07,0.005641978603045874,3.7919355086676735e-09,0.0007780243625156267,0.001428905073415393,4.330458605929173e-05,2.26216297768035e-06,0.0005334927088018655
49,0.003112277510291901,0.9569951554428029,4.030660842010706e-05,1.5363025016769367e-06,0.0009397546023666652,0.0017210048417519237,0.0002523742397377469,9.446663189175916e-07,0.0004519594606502472,5.654536414662257e-06,0.017620497761722722,0.00021136112034831313,5.811511319692553e-05,0.0002771198834491778,0.0069659175054104195,5.341122919503109e-06,0.0002483459056248729,4.023357427458916e-07,0.009238943113924519,2.4217744169045725e-09,0.000481094891833438,0.0012455076350148496,1.6164159938201883e-05,4.6868809166235865e-07,0.00010975012975140142
50,0.008530573799147559,0.9346995854318746,2.7219743357975094e-05,1.4070762146274455e-06,0.0012481416407093514,0.0007586642221586926,0.0011989109382670917,2.789078942693365e-06,0.0017749627801593383,2.463144813648987e-05,0.012734847122795349,8.894802317578814e-05,4.342097816334665e-05,0.0002785118309232719,0.013317423863707942,8.923657265946487e-06,0.00016936158729812198,6.233404169975341e-07,0.0207040464874672,4.616668580307189e-09,0.00045535264875479935,0.0033244551459810983,2.3361001837026688e-05,7.684347043784111e-07,0.0005830651018719881
51,0.004835104855395839,0.9513183014510809,3.517287388636192e-05,2.341632563347797e-06,0.0011458416669408633,0.0012806423840629453,0.00029501559652884876,1.259621978810137e-06,0.0008273184788866524,6.398433176110781e-06,0.022214153434148943,0.00013121225095651578,5.9131003246046525e-05,0.0002375571186243121,0.007923164296103348,6.748126250415012e-06,0.000248403047509804,3.731275317799648e-07,0.007986288612834383,1.8206238799090875e-09,0.0004015094452461623,0.0009057460825342953,2.0867658406649173e-05,7.313440659696061e-07,0.00011671563741680103
52,0.023732692791219093,0.8215652496013984,0.00014453777581416703,1.7100868239711662e-05,0.002285721501145762,0.003814565413636107,0.0006068707560611817,2.95656348236598e-06,0.0023693823807194258,4.3776646388175016e-05,0.11339819052201562,0.00024911843483447176,0.00018913534510556752,0.0009886181749957314,0.014939189359950323,4.008591447907125e-05,0.0010952799786898197,3.2590029389238867e-06,0.01164242805669802,1.1292310733796531e-08,0.0007995114025070547,0.0017392229604363538,7.142343187186672e-05,9.800166656460799e-06,0.00025187165840560074
53,0.004638229398987813,0.9171565869777646,2.589310349516832e-05,4.54006116400113e-06,0.0016691716541507122,0.002335794735699414,0.0018261974767487333,3.166999877103171e-06,0.002171555898367076,1.0166411979078777e-05,0.027952460975562855,0.00012578572514728578,8.204783075244016e-05,0.0003986311624361262,0.02824518876251681,2.0012528445178215e-05,0.000347593638121491,5.746044609044536e-07,0.010382039408250705,4.621573859227257e-09,0.0005119349687037956,0.0015950874872994172,8.3154717250432e-05,1.0971072616950314e-06,0.00041308374398321424
54,0.0030435739105002745,0.9758202420806439,1.1151149731108292e-05,6.790797444723681e-07,0.0006517485495696675,0.000749091471100405,0.0002454856857325854,5.972832520365714e-07,0.0006360059007326969,3.959775021638556e-06,0.00817555672481391,0.00011752707028660332,3.069171838491571e-05,0.0001537981871000045,0.0037090094792094777,4.123014269292642e-06,0.00014764350559231295,2.846831642067821e-07,0.005511844481565172,9.762014659785613e-10,0.00019200994338200802,0.0006349249417040151,1.116413510966553e-05,2.3435964399585822e-07,0.00014865189354392255
55,0.003119297126931371,0.9833413901367014,7.27935055996152e-06,5.164415076776382e-07,0.0007306937732524148,0.00029706971760297,0.00015663639411137804,2.792416862173919e-07,0.00041164472701473115,1.572700474840594e-06,0.00696320196614219,0.0002360066030956235,3.0408581110009455e-05,0.0001138661429865073,0.0012283828053793284,2.325380866058176e-06,0.0001043681075650462,5.365046724283712e-07,0.0027355339899300408,5.216891821963191e-10,0.00013583064709965368,0.00023750827718609048,5.952268401673558e-06,1.2906290979712472e-07,0.00013956953112317
56,0.004746962741789104,0.9498610371927672,3.375849000279738e-05,2.115501377374057e-06,0.0011591816938401939,0.00135218051183894,0.00031853432466813275,1.2639807120638606e-06,0.0007620410407434601,6.06129665331569e-06,0.022433626301744135,0.00015102977015808865,6.553134125033378e-05,0.0002488821577690236,0.007861731225937264,7.2007365713849495e-06,0.00024809386358061437,4.1804051333051825e-07,0.00924978117500285,2.1134244411326446e-09,0.00040468244261374043,0.0009290235257784093,2.356418727281373e-05,6.559367197791232e-07,0.00013264040727096655
57,0.003531854700542762,0.9469876717838671,3.4713491811375545e-05,9.678542549939728e-07,0.0010355303409914658,0.00110030538312363,0.00023498497162749966,1.5007004819791934e-06,0.00034317725901789693,4.0510574469518525e-06,0.015381870668852906,0.0002709834573926523,6.459709792112285e-05,0.00017767238355512739,0.006371996881953738,5.256529832820355e-06,0.0001876615668540791,3.0664585650975884e-07,0.022055382717865057,2.314452315235706e-09,0.0005942235568162582,0.00150598813014055,1.6648155948404144e-05,2.2716462635844418e-07,9.242518476646375e-05
58,0.0057146039542166184,0.9412682452629737,4.061247901646888e-05,2.4238207575702097e-06,0.001204721107092435,0.0014622168347615534,0.0003263336912842099,1.3250060294597061e-06,0.0008917750908456691,7.467429210724314e-06,0.02653016205375237,0.0001318289149109111,5.871117847406476e-05,0.00026079925816875323,0.010518533643148503,7.633730085865285e-06,0.0002581500819067064,4.192855897017953e-07,0.009626757678024156,2.3579827606374225e-09,0.0004467849875405594,0.001067113019020419,2.64961718538545e-05,1.0497447802978012e-06,0.0001458332185727064
59,0.005879479764229174,0.9375456393775795,4.530412018882965e-05,2.714410773423595e-06,0.0013035925828106905,0.0015475273556097339,0.000325995674974909,1.3422959398461002e-06,0.000939652985167165,8.430457383783722e-06,0.028538266976394305,0.00012958757930236573,5.600985324899343e-05,0.0002815522137426206,0.011730484698536372,8.068250485531939e-06,0.00026404313163323555,4.341553691266443e-07,0.009603089752686254,2.56082969167615e-09,0.0004938035655916749,0.0011139273224375801,2.8082875538263786e-05,1.2541283915334033e-06,0.00015171391115570987
60,0.005108889925758274,0.9476940503241948,3.450689831658045e-05,2.206891526897625e-06,0.0011837433623298754,0.0014288747488396506,0.00032780701938910946,1.292075829899699e-06,0.00079597083412875,6.576184465671659e-06,0.02281700208467074,0.00014540809694444314,5.8958845060558057e-05,0.0002577582113521428,0.008767372979062433,7.455380961215536e-06,0.0002534533120255687,4.2539381634603027e-07,0.009501277261137697,2.2040002852293736e-09,0.0004487105064300063,0.0009869778968639045,2.6006419114903625e-05,7.22634298924072e-07,0.0001445505094812562
61,0.006183063850009979,0.9378287204585058,4.825766473925131e-05,2.8197163323172298e-06,0.0012891729972241588,0.0015883903088487138,0.00032170564037401823,1.4494621539180568e-06,0.0008687245036966717,8.119611830935846e-06,0.028201929011763174,0.00013685381327585347,5.988874689689531e-05,0.0002789515607756341,0.011090348856494011,8.028300113265512e-06,0.00027605942093386783,4.60676483584859e-07,0.010025372383656049,2.5933956563282824e-09,0.0005129826071140943,0.0010962825866077557,2.7857156953421113e-05,1.1607215833424927e-06,0.00014339735023742548
62,0.005108889925758274,0.9476940503241948,3.450689831658045e-05,2.206891526897625e-06,0.0011837433623298754,0.0014288747488396506,0.00032780701938910946,1.292075829899699e-06,0.00079597083412875,6.576184465671659e-06,0.02281700208467074,0.00014540809694444314,5.8958845060558057e-05,0.0002577582113521428,0.008767372979062433,7.455380961215536e-06,0.0002534533120255687,4.2539381634603027e-07,0.009501277261137697,2.2040002852293736e-09,0.0004487105064300063,0.0009869778968639045,2.6006419114903625e-05,7.22634298924072e-07,0.0001445505094812562
63,0.004812734257180435,0.9517279972700595,3.1774783123446886e-05,1.9256661110268696e-06,0.0011046004366791306,0.0013048004753313906,0.00030144789624927905,1.1718428918385882e-06,0.0007561655764392446,6.002030150131116e-06,0.020844240901374288,0.00013624470335344072,5.4484778587526755e-05,0.00023269234929035912,0.008067323709324893,6.584592003448142e-06,0.00023098728034648164,3.817959488745413e-07,0.008896650768682707,1.9327085167404378e-09,0.0004059510142081012,0.0009176762875220721,2.2697257276911987e-05,6.497163048189062e-07,0.00013481267885215363
64,0.004870782789856874,0.9464412105377682,3.843175310204333e-05,2.187136368133476e-06,0.0012704466400713704,0.0013550155525773248,0.00031312533903442915,1.3326473898166863e-06,0.0006461490276216578,6.292995639617453e-06,0.022663847767838422,0.00014134925414766212,5.257283377012427e-05,0.00022379610319205701,0.009666239937550482,6.490715308615314e-06,0.00020537145392906375,3.698746600225236e-07,0.010360611871237158,2.182630812448384e-09,0.0006173206309325757,0.0009604051668988644,2.520889945254764e-05,6.691021184921838e-07,0.00013076978690334417
65,0.0013956597591411,0.8717159302833608,8.421743470688793e-05,3.3304944107072627e-06,0.0011491076692405776,0.004421893815281526,0.000393836457156485,1.3980567978194047e-06,0.0003243090008767439,3.445291569521986e-06,0.036468618695262064,5.1307450281786536e-05,4.086867733840956e-05,0.0001965232694284737,0.07168471746842381,4.856527255192931e-06,0.0001551573387839524,5.794936009277176e-08,0.009811438929718847,1.6580029758830275e-09,0.0009561991596067775,0.0010497608013479301,3.4930988050398056e-05,9.556227841573201e-07,5.1477201812845056e-05
66,0.004204019275888946,0.9362391872560469,4.8648786979652234e-05,3.7031234858788303e-06,0.001968503078832727,0.0011594795574805794,0.00020295822431740698,6.8589207981577e-07,0.0006090767132972168,9.511854782058734e-06,0.04060377458632846,0.00023022436697642343,7.141358953137725e-05,0.0005233975249289429,0.006139414230570508,7.405319722030263e-06,0.00027238513204374555,6.698740446527869e-07,0.005913902531205587,2.0209133808190287e-09,0.0006707775613160728,0.0009706552838149278,1.9808750023636514e-05,9.768004575394363e-07,0.00012941866493169568
67,0.003354848403753588,0.9256233224668017,4.0008426851369044e-05,2.8419452740277932e-06,0.000917120191584477,0.005431700228377245,0.00037996605967476814,7.468490173375789e-07,0.0004959153128140838,8.462023858595676e-06,0.03674906069883955,0.000270132282827643,6.93996627749303e-05,0.0008105882372046508,0.014461546294824285,9.970040404760073e-06,0.0005176750410190274,7.888472817833632e-07,0.008070910551997735,5.8795604338295836e-09,0.0009272706016122189,0.0014990053626341754,7.658896975721964e-05,1.278952413925831e-06,0.00028084666884028065
68,0.00703487804554576,0.9345736512918794,4.799908790294902e-05,5.862450794359986e-06,0.0012439556034680316,0.002385152174564509,0.0006488082052865346,2.4073192207793936e-06,0.0007074167625683957,7.840174670079664e-06,0.03451748763421558,0.0005222867757302587,0.0002263236071243737,0.0005378981391579838,0.0050009110639466035,1.7031029839776022e-05,0.0006596582368198333,2.213814907690447e-06,0.009881899718720112,5.055064670779193e-09,0.0008300907593874429,0.0008952600289451122,5.055678253164845e-05,6.720858343783279e-07,0.00019973415187355979
69,0.0045940485503163766,0.9291510292521841,4.7022006122974155e-05,1.96081321881383e-06,0.0009190796069449413,0.0026498105985473196,0.00032122750141155983,1.4226949849425837e-06,0.00039459727816597783,6.651784597085041e-06,0.03047270303332477,0.00025713270676452004,9.041873697108072e-05,0.0003301530500123678,0.009859814058655823,8.091525462374124e-06,0.0003313005403280706,5.015152923286856e-07,0.018071243286778532,4.097497479090498e-09,0.0008689552859560873,0.00146617387932592,3.6258515652551485e-05,6.331369176093803e-07,0.00011976654456627812
70,0.003414790487470282,0.9187555323333647,5.7942621263297184e-05,2.3009023867321544e-05,0.0029330947261050227,0.011454037650455754,0.0007441587391548685,2.335621961605053e-06,0.004785205043317977,1.9704599826553105e-05,0.03835996451450109,0.000305809277589952,0.00022013204830504754,0.001692219773575053,0.009576713382221238,6.34696815689206e-05,0.0018306916878043664,1.5927844384106523e-06,0.003976719534352105,1.2699714247181938e-08,0.00042572352477523426,0.0009421994151485043,0.00014701787557911848,2.9759620143156663e-06,0.00026494699162525934
71,0.0073597897303563095,0.9587520799069301,1.2271123772393222e-05,1.5587499806612854e-06,0.0015032736446425323,0.00043430024636620347,0.0002414450447040922,9.529633796554576e-07,0.0010741983555525045,4.582117977060458e-06,0.019463475760948472,0.00016294134398122656,4.929332283182181e-05,0.00019157563291244845,0.003677844519170414,7.181255814778218e-06,0.00017958776546814215,5.837876762304209e-07,0.005926783716399916,1.1931200952490124e-09,0.000254167590268929,0.0005002942338739329,2.2568957034176877e-05,4.7451004671413336e-07,0.00017877452679085086
