,0,1,2,3,4,5,6,7,8,9,10,11,12,13,14,15,16,17,18,19,20,21,22,23,24
0,4.672651302487259e-07,0.0018182148779113385,1.01700760271927e-05,1.28558573815394e-05,7.182196667564283e-05,6.529212020596092e-05,0.014452362357684169,0.0002876363923716958,0.0013632792272229148,6.561962620319098e-05,6.79258401174306e-05,0.00035040394133278966,1.362673750204611e-09,0.0014893091472608865,0.9549005075006143,0.0003323557926005004,1.2315474697945884e-06,5.766491271385703e-06,0.00035163488607771064,1.1886293024355811e-07,0.0006037818345538281,0.01353035451970865,5.9830697524304155e-06,1.0866833609045851e-08,0.010212894569988938
1,2.948688352395779e-06,0.008784911901629108,8.282654087273216e-05,0.00011766304847626764,0.00010690151463092221,0.00011495956202396117,0.09959192085676259,0.0004981083731037209,0.002262084927435538,0.000813087226035144,8.279043266508164e-05,0.0019133856639677346,2.4982772395471044e-09,0.008500095864872504,0.7675835704885567,0.00040340405967502095,1.7276394502200415e-06,3.4285845978576276e-05,0.0002895952822400418,2.647366339251835e-07,0.001848981478014871,0.021706305351533315,3.790942077083031e-05,2.6640460599467723e-08,0.08522224195758082
2,2.239426082226677e-06,0.006747906428938369,4.337116567220895e-05,8.086934232849146e-05,0.00014400345333060217,7.085559626505464e-05,0.08769869817887238,0.00034833238512972924,0.0013391977676243956,0.0005054371281743028,8.440470047725233e-05,0.001456114390085387,1.9200837363555365e-09,0.010920327250380082,0.7643658567628586,0.00023159857619385154,1.9199762005204275e-06,2.8514422104475123e-05,0.0001443702964637258,2.452202857215656e-07,0.0011436999499198695,0.017600509619235375,3.925350074787017e-05,1.4343103604673529e-08,0.10700225819944209
3,2.8411555703561367e-06,0.008846825766839575,6.761438758297871e-05,0.00015144050114631339,0.00013641873762386682,0.00010749192439069771,0.10976374541626455,0.0004918729492196787,0.0018031788004188212,0.0007365615464682072,0.00012396144883119255,0.0022154512641046563,2.5531647542405387e-09,0.014857074909568913,0.7156342630499369,0.00030056612789332976,2.6016357195118144e-06,4.157428435897598e-05,0.00021729218332987822,2.8755139370728043e-07,0.001912345182388556,0.02628107022462719,6.063449484406183e-05,2.581508774036216e-08,0.11624485808922562
4,3.0259198335411117e-06,0.00908118271984341,6.459809162725812e-05,0.0001619450451246422,0.00014145166653103513,0.00010776759615965918,0.10670512908153607,0.00045839984353614655,0.0019249509598899448,0.0007101886640411981,0.00012653039539397296,0.002575564402628727,3.2848824932217676e-09,0.016554860700381185,0.7016300682166001,0.00029796517809597083,3.1188222859686266e-06,4.591174435294304e-05,0.0002183736028025051,3.132204286813832e-07,0.002086030246257258,0.0289137489185494,6.22975029727255e-05,2.7448395819162505e-08,0.12812654672784932
5,3.753414868681445e-06,0.009975619279461806,7.476460358068239e-05,0.000234124117937407,0.0001269379374307565,0.00011822472771286211,0.11548486042276808,0.0004927637231899978,0.0020542486986720536,0.000907831509571471,0.00013504754489739908,0.003077924544532408,3.3846234412250084e-09,0.020328108738635654,0.656101289749233,0.000306034687028981,3.5537723994412784e-06,7.07231517597125e-05,0.00021316599318876847,3.332960331725879e-07,0.002476791853957693,0.03513863332762702,7.19963124204787e-05,3.3364109965735594e-08,0.15260323184435898
6,2.8411555703561367e-06,0.008846825766839575,6.761438758297871e-05,0.00015144050114631339,0.00013641873762386682,0.00010749192439069771,0.10976374541626455,0.0004918729492196787,0.0018031788004188212,0.0007365615464682072,0.00012396144883119255,0.0022154512641046563,2.5531647542405387e-09,0.014857074909568913,0.7156342630499369,0.00030056612789332976,2.6016357195118144e-06,4.157428435897598e-05,0.00021729218332987822,2.8755139370728043e-07,0.001912345182388556,0.02628107022462719,6.063449484406183e-05,2.581508774036216e-08,0.11624485808922562
7,7.277663955794597e-06,0.012473807812285008,0.00017061805790847366,0.00017514378098034197,0.0001855700677225311,0.00016677090003995856,0.16628102179448354,0.0006913825750795397,0.0022436820423198576,0.0012309901847857587,0.0001645207339790337,0.002669973547934302,4.101728864787133e-09,0.015025689979852647,0.6310061944133731,0.0003331580845956104,2.9089161966564854e-06,5.969275494319985e-05,0.0003919931501036506,3.8647614129659333e-07,0.00198302551506408,0.021134435383464625,8.756643281189885e-05,5.360392035029301e-08,0.14351413202632982
8,6.515449235464976e-06,0.021152620717986452,0.00018849136246154423,0.0004093821227782129,0.00023741629082281587,0.00017631049948276328,0.22266869029119496,0.0007469266179863221,0.001998147219963548,0.0020740307005332947,0.00017613178717520878,0.0035464253646537037,3.915677754812834e-09,0.03219730398012027,0.4902280980495349,0.0003636007778308549,3.0440780243358898e-06,5.4333401387128175e-05,0.00024910727600797476,6.345950330128245e-07,0.0022904832030772684,0.018669505368577213,0.00020819809868462142,5.642197949496848e-08,0.20235454240979095
9,3.6083570367353293e-06,0.016472184993792046,0.00016188289877090212,0.0004600613550720232,0.0001293442570454109,0.0001513354041543255,0.184098608585737,0.0005426591327950062,0.002407664548704437,0.0019347856094596313,0.00011092909276263329,0.004213668733728134,3.846039101595864e-09,0.021851280651342658,0.5603830046894785,0.0004120807103807795,2.413667260576844e-06,5.124329674042095e-05,0.00019531769050194043,5.386854227809331e-07,0.0037917527168439776,0.024526875017581454,0.00013369263985465096,4.694099317785222e-08,0.17796501647850171
10,2.8411555703561367e-06,0.008846825766839575,6.761438758297871e-05,0.00015144050114631339,0.00013641873762386682,0.00010749192439069771,0.10976374541626455,0.0004918729492196787,0.0018031788004188212,0.0007365615464682072,0.00012396144883119255,0.0022154512641046563,2.5531647542405387e-09,0.014857074909568913,0.7156342630499369,0.00030056612789332976,2.6016357195118144e-06,4.157428435897598e-05,0.00021729218332987822,2.8755139370728043e-07,0.001912345182388556,0.02628107022462719,6.063449484406183e-05,2.581508774036216e-08,0.11624485808922562
11,2.9981798699887726e-06,0.0091219034999035,6.947267446577823e-05,0.0001594807407106589,0.00014515404585697342,0.00011062309193351145,0.11183003335653945,0.0004926984794151096,0.001868798174919773,0.0007498715946719152,0.00012925414434998515,0.002426339256766691,3.103508738712928e-09,0.015478177203642316,0.7074189780598592,0.0003103905151214528,2.8864314694931097e-06,4.279813930820445e-05,0.00022704834329831462,3.212527029448055e-07,0.0020075605004232504,0.02694480835242158,6.498685040940033e-05,2.8630395810321126e-08,0.12039538537803589
12,3.7603113738305796e-06,0.01512013783830653,2.6295670103378417e-05,0.00018848376158357716,0.0002693227811891053,0.00013612301716084947,0.06364637482495436,0.00013589301211529075,0.0010756731789583682,0.0011580274053685409,6.401300898457606e-05,0.0011786256718226548,2.910690425163971e-09,0.07762147558247351,0.32859772209879684,0.00010980163158639221,1.2230920763267067e-05,0.00010479991806181885,6.48554708745257e-05,4.898816235586161e-07,0.0023050413850619214,0.022845739452831578,0.00011117705389193613,1.018812616135346e-08,0.48522392302329714
13,1.0771369378999483e-05,0.02034200048854855,0.0001228565965449471,7.702605505062731e-05,0.00014036947388447043,0.00020938396739232488,0.09252415171253392,0.00017518529021041387,0.003406106981198511,0.0028855433834862267,1.4691540184213285e-05,0.0006766174230227633,2.448366013019158e-09,0.0038029954737621445,0.6841570711307597,0.00041884659405595423,1.888514718671678e-06,6.482080284311624e-05,0.0003862343843361004,3.4804107072657555e-07,0.001741444124405978,0.010365853503118262,2.15877963585719e-05,2.5974455750730646e-08,0.17845417693031324
14,3.1144729071054646e-06,0.025143509356493607,3.558881093703775e-05,0.0001501962572603514,0.0002436242501041732,9.479649430977351e-05,0.15778673403507812,0.0005552807588051309,0.0015686623474674044,0.0013093467579777286,0.00016762554911353147,0.0018273777708847395,1.384147416345659e-09,0.027056125244280634,0.6579489357099182,0.00028127420559583433,2.054043256407105e-06,3.503967112447371e-05,0.00033446743150308383,3.2178635382710796e-07,0.001287159098546257,0.023724575440108232,8.022146974824325e-05,2.5643649051266972e-08,0.10036394201042977
15,2.8411555703561367e-06,0.008846825766839575,6.761438758297871e-05,0.00015144050114631339,0.00013641873762386682,0.00010749192439069771,0.10976374541626455,0.0004918729492196787,0.0018031788004188212,0.0007365615464682072,0.00012396144883119255,0.0022154512641046563,2.5531647542405387e-09,0.014857074909568913,0.7156342630499369,0.00030056612789332976,2.6016357195118144e-06,4.157428435897598e-05,0.00021729218332987822,2.8755139370728043e-07,0.001912345182388556,0.02628107022462719,6.063449484406183e-05,2.581508774036216e-08,0.11624485808922562
16,3.8085116899445434e-06,0.00968853199630937,9.081976221781805e-05,0.0001667819210100412,0.00017829019500787533,0.00014910950627189693,0.10874319369724866,0.0005166668203602168,0.0020581465464597107,0.0006790747036840516,0.0001679365652092939,0.0018482907831422093,2.7898340345186913e-09,0.01550761192287535,0.7162599221409417,0.0003018210095981359,2.9401814035184276e-06,4.434295906556908e-05,0.00023775858669446815,3.177948661332278e-07,0.0015302890146683987,0.021417106030046037,7.23112011734586e-05,3.416029698176108e-08,0.12033489119992524
17,1.851839212739624e-06,0.007867540434212292,3.903840227813146e-05,0.00023417164705706177,0.0001675468667402668,7.723135742983321e-05,0.1108384221709262,0.0005387026953816924,0.0012184385671519015,0.0007161293520391031,0.0001728168566486147,0.0034767158023240514,3.792293388839775e-09,0.03384816180698025,0.6229059158071404,0.0002689068109531426,6.120473249068368e-06,4.868973042141912e-05,0.00013640306107057191,4.657729685291871e-07,0.0026005774155101456,0.048767998856046615,0.0001289767248196325,2.197535200910041e-08,0.16593915178179303
18,2.8904449391482676e-06,0.006722751333517861,4.0579622962508976e-05,0.00011990989315390078,0.00014996753193638704,7.132209822964267e-05,0.1049892110527936,0.00025178876364756984,0.0011616700744751175,0.000791087037138216,7.100456714714892e-05,0.002403860348477019,3.475911330079263e-09,0.023240438152073464,0.5579755235304823,0.00016806164792216365,4.982267366068303e-06,6.771015352735831e-05,0.00010050196053076919,3.155480009555021e-07,0.002325139719391086,0.02961521773517495,6.31688005887293e-05,1.3172445783702173e-08,0.26966288106816694
19,1.930741465299869e-06,0.007877017814788636,6.736718832540993e-05,0.00018130461187521813,9.453471055610675e-05,5.8243468521982256e-05,0.15619087063384157,0.0004715438356703804,0.0017702713653185533,0.0007125510524078152,8.600713518135621e-05,0.003850053203756308,2.6324443134679705e-09,0.012130466217873335,0.6733067405341696,0.00030277136341896107,1.7242780167164711e-06,3.113654825396506e-05,0.00014764890736854646,2.3524270365120175e-07,0.0022514243043407715,0.029591102595293642,4.970158078849628e-05,1.9200461232827187e-08,0.1108253308331582
20,2.5210106224154118e-05,0.052997927670813745,0.00021362503728339266,0.0003390626513147902,0.0008578364253925545,0.0005299372754842401,0.20887290037358006,0.00020972058834461661,0.004321019255223008,0.0028660746846914825,0.00016511308140934025,0.002435503172746404,1.0648985723637828e-08,0.04974448950504854,0.2239702137537508,0.000269163662089024,8.36039781694674e-06,0.00010913704148297378,0.0004225992164165911,1.0702472904878712e-06,0.0032756718027997424,0.008636786280565282,0.00030670801109242824,1.4375572000030257e-07,0.4394217153544336
21,3.1730742805030758e-06,0.013097188376243336,6.894716937824258e-05,0.00023067372955245014,0.00010953392664565346,0.00010125452024774995,0.12617238312350307,0.0006497348165630027,0.00265628595343186,0.0009777014438058032,0.00010891913404860298,0.003888739744009048,2.852087528193558e-09,0.023683977700619457,0.6884706326068191,0.0004902705770807507,1.8392389550235834e-06,5.160996598294234e-05,0.00023460667196648899,3.1110127594938205e-07,0.002401038649786339,0.03111959438635836,4.465525016385318e-05,2.643488121512287e-08,0.10543689955231363
22,4.507486539755957e-06,0.006508776179833208,7.135831983134334e-05,0.00012752758659140536,0.0001326275235398327,0.00013567914286658462,0.06963802101203,0.00042945181725997906,0.001805027835334867,0.0006482841214059133,0.00013914639538145976,0.001539401309926889,2.8472484339379797e-09,0.013626157737771791,0.7298675074282682,0.00027092710845331514,4.892935053084172e-06,8.854319990738143e-05,0.0002158504475311078,2.816260094846998e-07,0.0019459980312417529,0.03516014005970775,4.889954242509184e-05,2.8762545986737057e-08,0.13759096154329536
23,2.8411555703561367e-06,0.008846825766839575,6.761438758297871e-05,0.00015144050114631339,0.00013641873762386682,0.00010749192439069771,0.10976374541626455,0.0004918729492196787,0.0018031788004188212,0.0007365615464682072,0.00012396144883119255,0.0022154512641046563,2.5531647542405387e-09,0.014857074909568913,0.7156342630499369,0.00030056612789332976,2.6016357195118144e-06,4.157428435897598e-05,0.00021729218332987822,2.8755139370728043e-07,0.001912345182388556,0.02628107022462719,6.063449484406183e-05,2.581508774036216e-08,0.11624485808922562
24,4.138024461748504e-06,0.017092318409507982,6.792480217514096e-05,0.0002676595140382697,0.00016751331700299497,0.00013167068183672073,0.12496993472403099,0.0006393968308979179,0.0021632460563305008,0.001194292535687294,0.0001497664701910711,0.003189380889910535,3.4324848529172688e-09,0.03264165379255491,0.6328826803906292,0.00037116601506989876,3.901539091942386e-06,6.245844482252154e-05,0.0002824587966940216,4.484013350588131e-07,0.00229786724878372,0.03546049056969759,8.954815180822283e-05,3.412659093240522e-08,0.14587004683436589
25,1.752343001344337e-06,0.008630252780432035,5.605010631923262e-05,0.0003127294340359036,0.00014894289703521965,0.00010570525180711406,0.15662383577392774,0.0019248826509871682,0.0014667700882874586,0.0006826746323909289,0.00045296676985092873,0.0034306284926893024,1.8879385713243803e-09,0.0407021226047377,0.6774200313891152,0.00047346691314603835,2.5957023528007918e-06,4.0529864892629464e-05,0.00026078847482075354,3.120243690098529e-07,0.0018630810036578112,0.04427121505327746,0.00010516046441956222,3.316441395471356e-08,0.06102347023209405
26,1.6161328788617697e-05,0.01906971471764603,0.00024534334408340107,0.0002995536783429552,0.0003602752254166944,0.00037641122701334356,0.12904242879192987,0.0005230738501025081,0.004632835545535181,0.0014228527637360187,0.0002927947298673377,0.002887439620230841,1.0065058311812968e-08,0.017234997127094358,0.5909480859290037,0.0004208034481276099,8.296168636161735e-06,0.0001270143451549698,0.0006434253642524168,8.47273129444534e-07,0.003490443645737387,0.030049079804696063,0.00019835393419132013,2.0051735829067055e-07,0.19770955755486727
27,1.9359204256002336e-06,0.006194994912150344,4.612686831348496e-05,0.0001231032139455229,9.611950095433103e-05,8.543926916904178e-05,0.07829556921984039,0.0004926737963840351,0.0015921216399526132,0.000521735807483667,0.00011590447414922916,0.001857565022285828,1.973948936693594e-09,0.011711073078031023,0.7795773416372167,0.0002971292369416023,2.436756188872814e-06,3.7769301927968274e-05,0.00019831743468203247,2.2144022734566883e-07,0.0016764933372821757,0.034051455951562185,4.2496659119822545e-05,2.0333554156866414e-08,0.08298195321426291
28,2.8411555703561367e-06,0.008846825766839575,6.761438758297871e-05,0.00015144050114631339,0.00013641873762386682,0.00010749192439069771,0.10976374541626455,0.0004918729492196787,0.0018031788004188212,0.0007365615464682072,0.00012396144883119255,0.0022154512641046563,2.5531647542405387e-09,0.014857074909568913,0.7156342630499369,0.00030056612789332976,2.6016357195118144e-06,4.157428435897598e-05,0.00021729218332987822,2.8755139370728043e-07,0.001912345182388556,0.02628107022462719,6.063449484406183e-05,2.581508774036216e-08,0.11624485808922562
29,2.8411555703561367e-06,0.008846825766839575,6.761438758297871e-05,0.00015144050114631339,0.00013641873762386682,0.00010749192439069771,0.10976374541626455,0.0004918729492196787,0.0018031788004188212,0.0007365615464682072,0.00012396144883119255,0.0022154512641046563,2.5531647542405387e-09,0.014857074909568913,0.7156342630499369,0.00030056612789332976,2.6016357195118144e-06,4.157428435897598e-05,0.00021729218332987822,2.8755139370728043e-07,0.001912345182388556,0.02628107022462719,6.063449484406183e-05,2.581508774036216e-08,0.11624485808922562
30,2.8411555703561367e-06,0.008846825766839575,6.761438758297871e-05,0.00015144050114631339,0.00013641873762386682,0.00010749192439069771,0.10976374541626455,0.0004918729492196787,0.0018031788004188212,0.0007365615464682072,0.00012396144883119255,0.0022154512641046563,2.5531647542405387e-09,0.014857074909568913,0.7156342630499369,0.00030056612789332976,2.6016357195118144e-06,4.157428435897598e-05,0.00021729218332987822,2.8755139370728043e-07,0.001912345182388556,0.02628107022462719,6.063449484406183e-05,2.581508774036216e-08,0.11624485808922562
31,7.396899017410994e-06,0.014664844225208204,0.0001636391909060734,0.00021228375342209022,0.00016755902682979626,0.00014333538997457178,0.1835943490801479,0.001202259673592851,0.0018447605089236454,0.0016811971125421767,0.0001505639918290129,0.0025265831435608596,3.0576774858487857e-09,0.019155088439129747,0.6137982958711578,0.00035546934840737307,3.0388199028302486e-06,6.715789094356562e-05,0.00040592095226228486,3.989678868088722e-07,0.002000411913874849,0.02505925757943994,8.946179368368842e-05,3.952091705343699e-08,0.13270668384876205
32,3.0405653624503e-06,0.009114517508443241,6.657170034704075e-05,0.00013689588299374195,0.00013259853168271372,0.00011241845857584275,0.10379804944137726,0.0005026488273927182,0.001868696036743297,0.0007373500462945465,0.00012414877570238612,0.0021552022378562193,2.633473043242134e-09,0.013655623663718948,0.7312975323343913,0.0003099460319390715,2.6065519952323396e-06,4.149157672861784e-05,0.0002669049471476916,2.8065883507794485e-07,0.0018855270700665209,0.027139987575433577,5.649643321822007e-05,2.803203934212665e-08,0.1065914344782418
33,2.2038828977239297e-06,0.01440062332286911,4.602064831742677e-05,0.0005196847163033135,0.00022849712494391739,0.00023706480371545274,0.1218476771501441,0.002034257111276236,0.0014093497414350332,0.001876762888063483,0.0005402723689942185,0.0034355872259520053,5.527753334431308e-09,0.08725215799800591,0.5619763854073346,0.0007274976122530008,1.3265549831387172e-05,7.499239287432007e-05,0.0005404722070539178,9.922192624437667e-07,0.003623662342172985,0.1049840443708657,0.00033722266228006773,7.426429708299123e-08,0.09389122646110329
34,1.4069485022460526e-05,0.014824892849782957,0.00010796491152568657,4.1341361914530825e-05,0.0001240601562442713,0.00014735578305637972,0.05611823741612653,0.0003679237142572924,0.006281643221318197,0.0002400821772511308,0.0001283327526780605,0.0017361444892908728,3.3189268131641485e-09,0.003982227909034972,0.8437117923586622,0.0002213497935337839,1.654218385015476e-06,4.5564018885618377e-05,0.0013798313978444284,1.1054916799560346e-07,0.0010765093716264336,0.01878176979241579,1.2067745917667934e-05,5.715508583736916e-08,0.050655014052044894
35,7.36794597158985e-06,0.010553200855226003,0.00011701705054667934,0.00018558242840784823,0.00011358151792814747,9.586837163487565e-05,0.15772436652475544,0.0007752501543179427,0.002773050590402335,0.0010042440139653966,0.00010840417914492298,0.003402516641510896,2.96454353909906e-09,0.01317322745693143,0.6401905227395632,0.0003164893687468515,2.552734278673722e-06,9.748336316430766e-05,0.0003089687893057422,2.3620025760718013e-07,0.0022993237931899814,0.03436110978007419,4.154382268669195e-05,3.361375593336778e-08,0.13234805509968975
36,1.7104222764576943e-06,0.004513283165092701,3.555989996668584e-05,9.209964074859622e-05,5.872402141111427e-05,3.629309150240729e-05,0.08872124027812851,0.0007853495960394302,0.0012598672402749727,0.00035359476819118887,8.207003658033805e-05,0.003564852769767458,2.4345944257683173e-09,0.010736819084562218,0.7844362881513199,0.0003349475348169383,1.7169013205939253e-06,2.7506867118115762e-05,0.0001961106467343376,1.6682258422516937e-07,0.001100084866390348,0.037209265670388895,1.9945750533730335e-05,1.068642889707609e-08,0.06643248965322733
37,1.1872148925833448e-05,0.017983179476329887,0.00020028532786276441,0.00029090773929489047,0.00019761283858132616,0.00015677255344898037,0.21072362874045028,0.0005993364908936977,0.003091839771442042,0.0016570564801264725,0.00017868325745403602,0.004093391267926403,5.1714707254328086e-09,0.0171669889369116,0.5174131116286762,0.0003098145053080539,4.020359515410143e-06,0.00011101517127517789,0.0004195399594294755,4.3285091604858444e-07,0.003086469733770231,0.03281384551635028,0.00012087058903930621,9.073137082021174e-08,0.1893692287532302
38,1.0771372944280752e-06,0.009629363950227352,3.983761208769558e-05,0.0008793152987227254,9.516750906846852e-05,5.980703431389867e-05,0.10981934380956947,0.0012634989421522443,0.0012218898726627373,0.000964592241237304,0.00031406435220173384,0.00863065707153646,4.778588166530429e-09,0.05934416419544215,0.5119716698686224,0.0003653984055729737,1.1787862901203375e-05,6.568503424322104e-05,0.00015760565991442433,8.951987567872492e-07,0.006265538517086682,0.15839084960112312,0.0002984432635705998,3.734631471798201e-08,0.13020930543678902
39,1.890354267394731e-06,0.0028780545919555255,9.54276435204951e-05,0.0001057244434188034,8.631867437595636e-05,0.00018301738145983196,0.0752625048387405,0.0007212716372517892,0.001543751065451629,0.0006831191427342176,8.680245674366298e-05,0.0014207446056101194,4.021950549040863e-09,0.006192385053845513,0.8003893212810593,0.0004635758337109777,3.521764682451273e-06,4.16099020544106e-05,0.00026935767617426585,2.8266933716579146e-07,0.0031221437531127956,0.025145140151773025,3.9438524665495786e-05,2.5051432477995415e-08,0.08126456748067133
40,2.9319620230045825e-06,0.009247463142799733,6.900271525692663e-05,0.00016560978584319238,0.00014218486279557945,0.0001132128458083303,0.11371220184950989,0.0005394187670139018,0.0018248517150735951,0.0007986200497346181,0.0001335306593707469,0.0022782242347255182,2.650753114799393e-09,0.015839735246028785,0.7087547420824909,0.00032261561821699875,2.7989746976826266e-06,4.401360235443842e-05,0.0002319461127831018,3.1228265457101237e-07,0.0020168470734862752,0.027758803544505713,6.653143554894338e-05,2.8275134080803376e-08,0.11593437051139027
41,2.2499469117484826e-06,0.00433749678542963,4.9520827488465804e-05,3.6313121492957726e-05,0.00019966350683492623,4.944848263007828e-05,0.07573887990378314,0.00017911048007037114,0.0020422898166967286,0.00014491956690868162,5.132384868578602e-05,0.0007064708094583815,1.3103821841647894e-09,0.0029476632923250558,0.849098214507193,0.0002331289550816324,5.135280464996325e-07,1.0977966607428984e-05,6.282298620575213e-05,1.2190805501118247e-07,0.000343586180846471,0.004009351971389064,1.116532441161233e-05,8.832346748493805e-09,0.059744756140718655
42,1.0148818411794843e-06,0.003378622508952311,4.1282672215504054e-05,0.00010259111392835257,3.858389043646357e-05,7.54005427858544e-05,0.05443731033225454,0.0008412937503506865,0.0012559846300890768,0.0005447298121004978,8.46888706577964e-05,0.002079044568428528,2.2987440635246416e-09,0.005369939319105037,0.8404916299354201,0.0005205108647039417,2.036754667945963e-06,2.6280756016739638e-05,0.0003599147852833736,2.1028851821236676e-07,0.0021593445475118476,0.04989960314295349,2.8016648963690692e-05,2.1726834490060302e-08,0.038261941357236325
43,6.708449836379772e-06,0.010778123582832448,7.374983507766106e-05,0.00013731435308397805,0.00023570337853315678,3.989332031473634e-05,0.14092074725324924,0.000298493876505451,0.002814534221676691,8.553996317623264e-05,0.0002724598197725743,0.004743912461787028,2.345685915123908e-09,0.01531387293146144,0.6790096847841015,0.00012683661635514386,1.3134737488711713e-06,2.3660943779533996e-05,0.0001091325046904131,1.1336628746173843e-07,0.000398617958685735,0.0106199553508639,3.385546150758533e-05,2.1032558325348087e-08,0.13395575271442872
44,2.8411555703561367e-06,0.008846825766839575,6.761438758297871e-05,0.00015144050114631339,0.00013641873762386682,0.00010749192439069771,0.10976374541626455,0.0004918729492196787,0.0018031788004188212,0.0007365615464682072,0.00012396144883119255,0.0022154512641046563,2.5531647542405387e-09,0.014857074909568913,0.7156342630499369,0.00030056612789332976,2.6016357195118144e-06,4.157428435897598e-05,0.00021729218332987822,2.8755139370728043e-07,0.001912345182388556,0.02628107022462719,6.063449484406183e-05,2.581508774036216e-08,0.11624485808922562
45,3.2060094687704298e-06,0.01038267628221308,7.099149029418918e-05,0.00016903226368697973,0.00015026438374309437,0.00011601575449140046,0.11622254244088244,0.00047184661297300514,0.0019188533370562276,0.0008489960123697814,0.0001270270921413146,0.0024248629618853663,2.837161985473113e-09,0.017432425158026458,0.6841866950777424,0.00029499845220196504,3.0046010988723566e-06,4.677061416341079e-05,0.00022815468596747816,3.228636653899174e-07,0.002193661524534042,0.02783807057512829,7.189546595728258e-05,2.848727315723519e-08,0.13479765501587354
46,2.6393280277806522e-06,0.007813017855000737,6.335729550519075e-05,0.00018015602984611405,0.00013231308648875567,0.00012661052986639467,0.09057346015391336,0.0005333942952877652,0.0016910790175955527,0.0007441703086037544,0.00014415120691795244,0.0022928185751356516,3.4683051464849544e-09,0.016698218810561084,0.7181766428895637,0.00033653375588721873,4.387249021006622e-06,4.900680125419931e-05,0.00023771853905423603,3.663390948603908e-07,0.0023312052935702677,0.036397850316431966,7.541055528443952e-05,3.055093674822973e-08,0.12139545774884596
47,3.4703185088397547e-06,0.0066901139911825554,5.805482093125639e-05,9.425676369440028e-05,8.347919938688006e-05,5.5743924579349135e-05,0.09187375650869871,0.0002968404485795834,0.0019999258613333714,0.0005704970510310452,5.268871560557201e-05,0.0033397269903823476,3.889224406229057e-09,0.0068130016130498626,0.7248613339551411,0.0003004774071813402,2.502281648253872e-06,4.061873814495473e-05,0.0002220428973220037,2.3564745225744316e-07,0.002139012894164182,0.03243335074309509,2.9202354988887348e-05,2.0793219363625418e-08,0.1280396421914544
48,3.304247322702343e-06,0.012039507600349672,7.009741348129874e-05,0.00016437641673505327,0.00014721968023453046,0.00013449021261159884,0.11497384511639001,0.0005966876092180648,0.0019108760741258011,0.0009554172477244808,0.0001503931771291129,0.002268251316358377,2.7445206833074015e-09,0.017377180405228114,0.7056572367886977,0.0003263903881330612,3.1079934171067853e-06,4.403830643257597e-05,0.000353650560121344,3.243017167930226e-07,0.0020676325090992266,0.031150796340654947,7.5347033049887e-05,3.41957522320017e-08,0.10952979232149564
49,2.8458059756005054e-06,0.008428874107231771,8.776763474210254e-05,0.00020638486373185223,0.00011327729994866844,0.00012649032758210065,0.1087311484382403,0.00047242062822907546,0.0019316939297612224,0.0008634104257241812,0.00012425804317810546,0.002856193281803825,3.343905408442261e-09,0.016204269085063793,0.6897299481689404,0.0003162622428811101,2.936632433617751e-06,4.911567232217165e-05,0.00020607497726726157,3.27511906977097e-07,0.002529986182456131,0.030691858230559158,7.554920501185412e-05,3.2188557247811895e-08,0.13624887177254622
50,2.287643426776778e-06,0.007725106880096272,5.5120089857829064e-05,0.00010112092228844548,0.00013807063880361071,5.6831648303625775e-05,0.2318567451587137,0.0006796590509677613,0.0007176034548768317,0.0015406976831324967,7.245190739123088e-05,0.0021448227793809727,1.7480805790918522e-09,0.018646519961238738,0.5648469875225766,0.0002348826717139671,1.7766654134218058e-06,3.2315475133692086e-05,0.0001529722863341563,2.4721433347851125e-07,0.001432407938228821,0.01963040634913876,6.340222046664375e-05,1.0769758482372381e-08,0.14986755132034324
51,4.194810094089448e-06,0.027439976238727796,5.9677911359068376e-05,0.00032772607004150084,6.877819396633929e-05,8.304570319496912e-05,0.0954782565291838,0.0006946156402787264,0.0024947444101830448,0.0009674650156941249,0.00012980732091620465,0.0036469623936557964,1.390176503185157e-09,0.02998834497774773,0.6801210135067953,0.00025258033220709687,2.2940065044557946e-06,6.378699254037663e-05,0.00034780145770999866,2.1717707581958063e-07,0.0017596460552146453,0.05574650485822573,4.6425651433240796e-05,2.4581978267831753e-08,0.1002761087750953
52,2.7165164224834587e-06,0.0027848739434152,4.0403598633603455e-05,5.389038492334231e-05,8.836433263202542e-05,0.000176233966473706,0.03281690114558965,0.00029160483081766114,0.0013663709791597938,0.00038151480027723967,0.00010932727403924325,0.0004949764773872564,1.276229181887513e-09,0.010616044241499478,0.8409690269198764,0.00022492635384522918,2.321731115255229e-06,8.637101489013726e-05,0.0001341833047661267,1.323111296206379e-07,0.0007627822233633732,0.02008894840459994,1.84922090621748e-05,1.4714846349263536e-08,0.0884895770450056
53,3.2702220586881976e-06,0.009734594505168727,7.139484282615029e-05,0.00015984235228163235,0.0001369725303748787,0.000122251573879471,0.10160553504369832,0.000498259517124353,0.0019478661975846298,0.0007812903564062921,0.00012702276925128658,0.0021979634511020848,2.737979822477961e-09,0.015883983637372295,0.7151762780845287,0.00030927388036635983,2.9584702651998296e-06,4.7395592479213215e-05,0.0002461206963892423,3.069082507956083e-07,0.0020168223315008183,0.027905684838916745,6.194422613266537e-05,2.8455052516006945e-08,0.12096293677900934
54,1.2059176071566202e-06,0.001456236603013434,0.0004772400856445547,0.0016993425724920865,0.00017984475544823716,0.0009911211599364787,0.18803661006366124,0.012895947979815183,0.003576039466645607,0.0005778755163719186,0.012167902296104366,0.0060629417918194985,2.526095307326026e-08,0.00929714797571759,0.4187595444355216,0.0017795734534262785,3.206426299716076e-05,0.00011228730571304128,0.0023446711508022483,1.0045864538161785e-06,0.03901598386904319,0.2879608114215978,0.001230198278666418,3.105050391203926e-06,0.011341274740156948
55,5.371779684654133e-06,0.008342112310271054,9.982663723312743e-05,0.00016267653224617706,8.014716033946358e-05,6.056922258996746e-05,0.13867761292295694,0.0002853788297458852,0.005712028294578597,0.0003572770965402392,6.303976698382609e-05,0.007652647969764498,5.867109695987778e-09,0.006657713524853339,0.6799765961719935,0.00029593565363426595,1.3019544123501945e-06,5.56080131876126e-05,0.0002104723651611134,1.56030746165664e-07,0.0024108433633824636,0.025090352460405824,1.883498012843241e-05,3.360000900829557e-08,0.12378345749204171
56,2.94746501805448e-06,0.0086551099164837,6.757698166106314e-05,0.0001516944167506608,0.00013615321781076868,0.00010749980695654025,0.10883775917521679,0.00048050457035836544,0.001860501308256329,0.0007189576038563152,0.00012376432566664803,0.002425117778129851,3.028923863803526e-09,0.014908608122744485,0.7126248969416763,0.0003031984323212483,2.775212639784045e-06,4.2893219526117015e-05,0.00022532178624479454,2.9873816734793187e-07,0.0019739119596075263,0.0270899335640704,5.9838551328681356e-05,2.7197112271786027e-08,0.11920070667947222
57,2.327896656227513e-06,0.007354397877240599,5.200608800199235e-05,0.00012941822023653085,9.727939790112199e-05,6.518110736432334e-05,0.10018196393512126,0.0004851472529571925,0.0018167530938509996,0.0006679491487113443,7.700332352959288e-05,0.0038309648338181613,4.721856385093213e-09,0.010871102438581968,0.721990786205752,0.00035917014351381424,3.177966017292636e-06,3.485161008123509e-05,0.00025530415764274405,3.522353079542633e-07,0.0022927875380456893,0.03767124353980196,4.64088628234624e-05,2.249010117466161e-08,0.11171439591508506
58,3.816965777997858e-06,0.009973245993533797,8.290875492709207e-05,0.00017811116900551884,0.00015255804045241175,0.00012929569600876882,0.12097910311131468,0.000534973828723105,0.002264980579914278,0.0007910825087831462,0.00015837867145365394,0.002796814873868131,3.4868466333482558e-09,0.015199195623740629,0.697542466102444,0.0003396296547629679,2.8718770432909637e-06,5.030179037024238e-05,0.0002939064609811117,3.2660754968246534e-07,0.002185212121409317,0.028588120691662465,7.257093180568923e-05,4.1925280826047795e-08,0.11768008253234066
59,3.500543587534181e-06,0.009378017730210984,9.233512469795861e-05,0.00017652091295024394,0.00014695185375218967,0.00012727203631089206,0.12072535693578167,0.0005333429538630438,0.0021988224770859268,0.0008012653749128015,0.00014818557097146906,0.002530098841019824,3.140431002191728e-09,0.013134807187907646,0.7088700980902979,0.00034157457067701284,2.6090745370054214e-06,4.5477290393856577e-05,0.0002663069370742914,3.3250732877186936e-07,0.0022254244380051223,0.026500141544573554,7.274718850675482e-05,4.050295705025463e-08,0.11167876717216553
60,2.8411555703561367e-06,0.008846825766839575,6.761438758297871e-05,0.00015144050114631339,0.00013641873762386682,0.00010749192439069771,0.10976374541626455,0.0004918729492196787,0.0018031788004188212,0.0007365615464682072,0.00012396144883119255,0.0022154512641046563,2.5531647542405387e-09,0.014857074909568913,0.7156342630499369,0.00030056612789332976,2.6016357195118144e-06,4.157428435897598e-05,0.00021729218332987822,2.8755139370728043e-07,0.001912345182388556,0.02628107022462719,6.063449484406183e-05,2.581508774036216e-08,0.11624485808922562
61,3.4521816420991455e-06,0.009189312923578614,8.85913919964072e-05,0.00017047450251078913,0.00014799332431096176,0.00012330385214524394,0.12023793000496338,0.000527860863782779,0.002110510459296586,0.0007946958083824635,0.00014423549445787958,0.002490928665992004,3.197951920548677e-09,0.013198305779305648,0.7085279401814238,0.00033417868595014193,2.653867699051488e-06,4.543269975109641e-05,0.0002581032966720091,3.322061647449876e-07,0.0021532697344603872,0.026188015369269124,7.081501194036523e-05,3.8411519585762686e-08,0.11319162208483294
62,2.8411555703561367e-06,0.008846825766839575,6.761438758297871e-05,0.00015144050114631339,0.00013641873762386682,0.00010749192439069771,0.10976374541626455,0.0004918729492196787,0.0018031788004188212,0.0007365615464682072,0.00012396144883119255,0.0022154512641046563,2.5531647542405387e-09,0.014857074909568913,0.7156342630499369,0.00030056612789332976,2.6016357195118144e-06,4.157428435897598e-05,0.00021729218332987822,2.8755139370728043e-07,0.001912345182388556,0.02628107022462719,6.063449484406183e-05,2.581508774036216e-08,0.11624485808922562
63,3.0615625969763947e-06,0.011085116069449516,6.618121874924635e-05,0.0001542917705929416,0.00014252887685907952,0.00010777198851311167,0.10667954598868622,0.0004508527380258427,0.0018763528641307762,0.0008074897163040403,0.00011675169926246791,0.0021889797639392714,2.509469972213448e-09,0.01533575887022816,0.7129604552593128,0.00029218125692452167,2.623056567157415e-06,4.018337804084495e-05,0.00023497158806859588,3.0808255487268374e-07,0.0019180874785580857,0.02599861236480666,6.33648939576145e-05,2.6462754848547354e-08,0.11947450054164627
64,2.479080553235755e-06,0.008875001650985129,6.490057443396511e-05,0.00016801343201781657,0.0001271414525880045,0.00011116460173850883,0.10715830803220487,0.0004419200676085128,0.0018518278160792624,0.0008708310692746885,0.00010641396287750065,0.002461220924415041,2.9600797788262785e-09,0.015588077894787826,0.7011993270825164,0.00030879643911591845,2.901146836066617e-06,4.47872546899028e-05,0.0002060450949275787,3.317869361460808e-07,0.002728847573417758,0.029743145181650044,6.70649630264875e-05,2.6425541470563404e-08,0.12787142353169825
65,3.0269413016596777e-06,0.00888136182931521,6.671600075157608e-05,0.0001468232865686659,0.0001392781335401253,0.00010756309489345232,0.10464825488182111,0.0004692261266114594,0.001961108669600531,0.0006514576479484884,0.00013079107107173013,0.002258146008466385,2.6565168005852212e-09,0.014220093853572046,0.7239416369106628,0.00029756807482480885,2.647006068539177e-06,4.222802630412641e-05,0.00022723421753306856,2.749358127379034e-07,0.0018329012483792554,0.026718289309700237,5.741808314892067e-05,2.7401623075212987e-08,0.11319592458396315
66,6.296087376983954e-06,0.0077859865768810975,0.00017717421079824,0.00010397114019752649,0.00033356145343007535,0.0002672550704499131,0.12951284329981513,0.0003317586482183921,0.0022270509639926114,0.00143397366843039,0.00013275136224967884,0.0012525273372000765,6.247317856837978e-09,0.006660601880026529,0.6702684022479464,0.0003697712500004006,4.3815374173372775e-06,5.6475860347262254e-05,0.0003378525562108866,6.779063674723985e-07,0.003263228676453205,0.01466947240994857,0.00011934767998043082,8.468282654322905e-08,0.1606845472461173
67,2.7806192238762226e-06,0.008669585538597804,7.604542753101101e-05,0.00020624983945689246,0.0001510946403459917,0.00015471095757687341,0.10585499499012803,0.000528433937280396,0.0017617516788146883,0.0009091702171717297,0.000150455407465195,0.002303704565850755,3.4138410831784805e-09,0.02070942698612174,0.6888208525828211,0.0003428516249608328,3.7011395116117063e-06,5.014207100235983e-05,0.0002164120431329012,3.9659200161098364e-07,0.0024596328771456792,0.028669841579698953,9.151566592644767e-05,3.290443293561894e-08,0.13786621269995944
68,3.2334570389707127e-06,0.009673530712539753,8.10987385263602e-05,0.00017977810422327686,0.00013710888074248428,0.00011772241846038422,0.12027753426279478,0.0005365556778054472,0.0019760099244483594,0.000848058044210654,0.000131559625858782,0.002536098732675016,2.8004379977776503e-09,0.016147970120186383,0.6922769298212728,0.0003190862293862016,2.725346522810432e-06,4.71005835932265e-05,0.00023364705147786705,3.10457667938995e-07,0.0022136548824476915,0.02797645177526049,6.942219395373504e-05,3.037366341263154e-08,0.1242143797848052
69,2.3166070203917007e-06,0.009246492486946277,8.681939076357734e-05,0.00021367644245449488,0.0001612800626041992,0.0001339753310948741,0.13420527925808573,0.0006900022139491449,0.0017892450971958927,0.0008423866770850174,0.0002077600982055195,0.002539882845377987,2.759875842994522e-09,0.015370187462378776,0.7154346066665418,0.000386346767255888,2.3967729770341733e-06,3.3234999686881785e-05,0.00026240361723601515,3.7824156438946425e-07,0.0025706870892101734,0.026221794630213183,0.0001075329334039117,4.5195512740732046e-08,0.08949126635336035
70,2.823434158314502e-06,0.008999682509648964,6.704473591443871e-05,0.00015113317837354973,0.00013734978161525452,0.0001092182774300951,0.10959453266086638,0.00048520082856478664,0.00181918234582675,0.0007397130639233172,0.00012617757746221771,0.002219340356963625,2.552643312111527e-09,0.014809632211389461,0.7160330667791283,0.00029816774969065104,2.61554567409369e-06,4.125837404515588e-05,0.00022446261328797429,2.8688735956508824e-07,0.0019587804342005594,0.02659983640124141,6.21655335622591e-05,2.660683317685074e-08,0.11551829956019638
71,2.9235887965962636e-06,0.007194401977183859,7.510272704967711e-05,0.00014799046949443345,0.00010303269664448355,0.00012233391883463066,0.09850775071067772,0.0005149761606916289,0.0018819866256507072,0.0006296998652810754,0.00013807528536473418,0.0021238836525562525,2.259781061012777e-09,0.01351007829654252,0.7369170067630362,0.0002812382274461075,2.4879760570900964e-06,4.9700052833185196e-05,0.00023761931363023593,2.0117011378732465e-07,0.0018847751146393729,0.029878282835071625,4.846606151518511e-05,2.631671749641812e-08,0.10574795793439032
72,2.8937903605446425e-06,0.0066664824807618,8.640335916115514e-05,0.00015836797309818842,0.00010846482934451851,0.00011491640734369963,0.12127138661162677,0.0006599057697499111,0.0021784104890906894,0.0006652568298605551,0.00012616098016892028,0.002510790839603644,2.7136191548356682e-09,0.012571942534266396,0.7327863581373111,0.0003703944581686731,1.9723058918267648e-06,4.902638022749259e-05,0.00022376292167066691,2.3132213019854032e-07,0.002103155430580162,0.02520793428883331,3.9968191199715105e-05,2.70971319237842e-08,0.09209578385879896
