,0,1,2,3,4,5,6,7,8,9,10,11,12,13,14,15,16,17,18,19,20,21,22,23,24
0,2.0181116344305062e-05,0.00029542678077625425,8.844761706133289e-08,8.620640208669582e-06,9.291938831963774e-05,1.6855820383115977e-05,5.893930557686563e-05,9.876586602390111e-06,0.0007741790701810049,0.00014253781188765051,0.040948363834931015,0.00013906296288286973,9.450124091540568e-11,0.0041615067260539675,0.8359496972174033,1.1789252637151744e-07,6.532143076752739e-06,7.010586644857191e-05,2.9863757777699767e-06,8.071780382908727e-08,3.841271980983876e-06,0.0005291081184644796,0.001895145918206891,4.791906845285778e-07,0.11487334670136062
1,2.4748280378944316e-05,0.0003328628112978738,1.3264801693822307e-07,9.259900279897134e-06,0.00012196185155739406,1.9357399985916504e-05,5.5525897651884994e-05,1.1693044945336103e-05,0.0012725355097442618,0.0001980980441032169,0.046536041085074975,0.00012152099352768219,1.059127590914999e-10,0.003176164183989026,0.8385935369059322,1.447486957237916e-07,6.661300436059683e-06,5.469659306990253e-05,4.454806732359695e-06,8.12787949076551e-08,3.695718641007067e-06,0.000568539058659152,0.0017677349132504418,4.2977725359541436e-07,0.10712012314206841
2,1.6487705819711346e-05,0.00028182974711618526,7.887256063213198e-08,6.352359745153183e-06,8.620051450556332e-05,1.2891289534924924e-05,4.61404550100403e-05,8.020269921418471e-06,0.0006477384808697951,0.00011647422116346883,0.03853614892407958,0.0001224579242505845,7.231557801211898e-11,0.004006024193496913,0.8410249807363264,8.303820555238135e-08,5.216866488785111e-06,5.5221743988714804e-05,2.4270914790349445e-06,6.905831000331416e-08,3.3228258141304016e-06,0.0004351032861062213,0.0016135369124105471,3.830617490564024e-07,0.11297281034873206
3,1.82885534795555e-05,0.000305949836515564,8.398723498535789e-08,7.24106599237238e-06,8.892390586629847e-05,1.5130530979657211e-05,5.3950748120875786e-05,8.625805527409688e-06,0.0006796311566792218,0.0001229932038956873,0.037912679853410944,0.00013316504143344446,8.06817300084362e-11,0.004174102960543996,0.8357269740761949,9.966023030652379e-08,6.043402641519641e-06,6.212462399778617e-05,2.7916696420485067e-06,7.108438615916619e-08,3.656399551491458e-06,0.000506842436406349,0.001747161971962649,4.532504652310401e-07,0.11842301469415946
4,2.1083124250953006e-05,0.00031744051841486225,9.292050316957339e-08,7.725589363711253e-06,9.564836164502908e-05,1.5807317738945207e-05,5.771472164448725e-05,9.4047983115534e-06,0.0006568032124341942,0.00013174477875069155,0.038829974128188297,0.00013895715233407503,1.0328443309417006e-10,0.004831592029589869,0.8332250976385785,1.1307197210860315e-07,6.542622248915921e-06,6.928781683876049e-05,3.2530954832096077e-06,8.033191304735695e-08,3.7443504027900932e-06,0.0004965057949212839,0.0017766892514819764,5.352487505947979e-07,0.1193041620209545
5,1.9196154116728342e-05,0.0003526254046650215,7.068520969879411e-08,9.51967880678447e-06,8.09062679124987e-05,1.772170808228771e-05,4.827276079905907e-05,9.46135637195792e-06,0.0006587505909318996,0.00011554324473300644,0.038880619393470664,0.00011926081274218739,9.452156883473484e-11,0.003976688697562883,0.8504972702758309,1.1509946970359764e-07,5.9209145966489995e-06,9.214780988359289e-05,3.0919280020073083e-06,8.068834442531169e-08,3.6653537264044986e-06,0.0005207991589638435,0.0018738382984412854,4.590352745113695e-07,0.10271397458754078
6,1.82885534795555e-05,0.000305949836515564,8.398723498535789e-08,7.24106599237238e-06,8.892390586629847e-05,1.5130530979657211e-05,5.3950748120875786e-05,8.625805527409688e-06,0.0006796311566792218,0.0001229932038956873,0.037912679853410944,0.00013316504143344446,8.06817300084362e-11,0.004174102960543996,0.8357269740761949,9.966023030652379e-08,6.043402641519641e-06,6.212462399778617e-05,2.7916696420485067e-06,7.108438615916619e-08,3.656399551491458e-06,0.000506842436406349,0.001747161971962649,4.532504652310401e-07,0.11842301469415946
7,3.927043790389989e-05,0.00030539978051603476,1.4110918233449127e-07,1.132500590274707e-05,0.00012742559450049386,1.2822309995648034e-05,7.932020061109816e-05,1.4752004677559694e-05,0.0008543035285293415,0.00024906224544372213,0.06455844846697617,0.0001578133636784651,1.651492710098906e-10,0.005465255676121339,0.7857885898406508,1.2261038919765015e-07,8.205026747102493e-06,5.584727551568211e-05,4.228652382241643e-06,1.0066444177559787e-07,2.5023345324792462e-06,0.000641772659418411,0.0013048129170079715,5.518707223096051e-07,0.14031792625900416
8,2.53083597083013e-05,0.0002282454827377756,1.5293146678035986e-07,5.4483901029850605e-06,9.441628473965084e-05,8.601116774157063e-06,5.552873741649217e-05,6.05624070552539e-06,0.000541704211594808,0.0002174539907941367,0.037612877490463395,0.00016428903493927326,8.420524202379746e-11,0.007632535733370895,0.7219043881636039,5.798392198012358e-08,6.778456752111416e-06,2.3956727165015036e-05,2.1087987049380644e-06,6.856136910008608e-08,3.980855963630369e-06,0.00036439719385077487,0.002216302884117013,7.332529208296113e-07,0.22888460903261146
9,1.548280779121954e-05,0.00022116797027067035,6.74130188163134e-08,4.351474369402238e-06,5.845790464405252e-05,6.357096045053208e-06,2.7648368077722544e-05,4.437215968698006e-06,0.0004378163127021029,0.00013473013114304725,0.034383013607084095,9.672001471464835e-05,4.151437358685654e-11,0.004945454213785381,0.7897233078415776,3.208668490269554e-08,3.608351916594287e-06,2.2793840377017798e-05,1.361451174319328e-06,4.342418056168591e-08,2.4974655306146083e-06,0.00026941049382015646,0.0017667648846915011,3.566911111767658e-07,0.16787411889780607
10,1.82885534795555e-05,0.000305949836515564,8.398723498535789e-08,7.24106599237238e-06,8.892390586629847e-05,1.5130530979657211e-05,5.3950748120875786e-05,8.625805527409688e-06,0.0006796311566792218,0.0001229932038956873,0.037912679853410944,0.00013316504143344446,8.06817300084362e-11,0.004174102960543996,0.8357269740761949,9.966023030652379e-08,6.043402641519641e-06,6.212462399778617e-05,2.7916696420485067e-06,7.108438615916619e-08,3.656399551491458e-06,0.000506842436406349,0.001747161971962649,4.532504652310401e-07,0.11842301469415946
11,2.104838525079376e-05,0.00031028454005597604,9.50078218504968e-08,7.904462018899197e-06,9.363536507913163e-05,1.6521347360552628e-05,6.029096505980314e-05,1.0452939370709527e-05,0.0007320617105420591,0.00014439615661200107,0.039135821081198965,0.00014835235018302204,1.0606754848528793e-10,0.004364200905548755,0.8345515601644278,1.1682123612746047e-07,6.798619117935501e-06,6.799776122800466e-05,3.249763497109106e-06,7.887557727675924e-08,3.7401244966187164e-06,0.0005489770344863302,0.001742185866196914,5.308051874705094e-07,0.11802969884237832
12,1.009950743342179e-05,0.0001942164072259657,6.084499256220021e-08,3.6088026424776856e-06,0.000372168775769929,1.8727097880537858e-05,0.00010853818699570223,1.2632538735879397e-06,0.00048925503752739,5.3145669786213146e-05,0.02702681146958049,0.00011598041072742365,4.9903852690756e-11,0.021390072854332087,0.6130097269922782,6.87274318316567e-08,6.2478246394582235e-06,0.00012805994887253578,1.0997435257644015e-06,1.8721721524235845e-07,9.816803109483332e-06,0.0001179415642558027,0.010226834304168266,9.101832665248776e-07,0.3267151583225653
13,2.6916995980431024e-05,0.001101628937383033,9.813488065107424e-08,1.406105815333836e-05,0.0001734067299089671,0.00010854410109119081,0.00015843072162861912,1.2453053982113485e-05,0.00171702799511892,0.00020551798835767828,0.016841691777907092,0.0001433743986693723,1.3158608889231778e-10,0.002954174472558078,0.732453475544037,2.81594584282755e-07,1.8136190144914564e-05,0.0001389851198757813,1.33554434006359e-05,7.112011290074807e-08,6.187882928320862e-06,0.002150375047037983,0.0030388096081357986,1.8256653743338296e-06,0.2387211702871623
14,1.2226237381625166e-05,0.0005569789107050616,7.91587645690944e-08,7.892758218266747e-06,9.789172841878001e-05,1.409585630031157e-05,2.5907311843343165e-05,6.448825161077903e-06,0.0005645798360802757,8.048611139637767e-05,0.04517261117494503,6.367866452531322e-05,7.473131939331304e-11,0.002645614359529398,0.8752839634468668,8.37631919494931e-08,3.494467771039477e-06,7.099220622467914e-05,3.426092948745707e-06,8.101342652641893e-08,2.5932471877654787e-06,0.00040761878601264353,0.0012944876498056635,2.445345904251378e-07,0.0736845237839729
15,1.82885534795555e-05,0.000305949836515564,8.398723498535789e-08,7.24106599237238e-06,8.892390586629847e-05,1.5130530979657211e-05,5.3950748120875786e-05,8.625805527409688e-06,0.0006796311566792218,0.0001229932038956873,0.037912679853410944,0.00013316504143344446,8.06817300084362e-11,0.004174102960543996,0.8357269740761949,9.966023030652379e-08,6.043402641519641e-06,6.212462399778617e-05,2.7916696420485067e-06,7.108438615916619e-08,3.656399551491458e-06,0.000506842436406349,0.001747161971962649,4.532504652310401e-07,0.11842301469415946
16,1.7846520976431898e-05,0.0004689275573609946,6.46850551506308e-08,6.478344106092811e-06,0.00010568666558558581,1.6303002351701044e-05,4.918776354673351e-05,7.297317738144597e-06,0.0011157018785074547,0.00015126043234069147,0.032552522681827734,9.02733520920359e-05,5.153367435920743e-11,0.002883404764921702,0.7571339354159381,5.664210875678464e-08,6.0764616072082925e-06,3.7052705260552876e-05,3.2310133598757486e-06,4.6468677706879855e-08,2.087546918917543e-06,0.0006928704369458807,0.0015282297810254952,3.808013435280099e-07,0.20313107770886996
17,3.702467916814944e-05,0.00024638083280606736,1.3680841498735402e-07,8.770377802604342e-06,0.00015094822680831186,8.975121108238294e-06,0.00012888921807103422,1.0236587855347962e-05,0.0007452386471344977,0.00011734988512986805,0.054651875588343925,0.0002798653514072405,1.0897875746333976e-10,0.00957278170644642,0.6941763495768554,9.698837494776438e-08,9.058697261976144e-06,4.1564937290853584e-05,1.794454620654779e-06,8.057609880638362e-08,4.212967588757435e-06,0.0005730430083999447,0.001782600106334602,5.379647426084911e-07,0.23745218758295616
18,3.1245188923384705e-05,0.0004338415138633901,6.664337006104923e-08,4.811014619048014e-06,0.00012257183722941335,1.0319418047272171e-05,7.032331268181678e-05,4.703035764109693e-06,0.0007162799319355241,9.982750251560014e-05,0.031149243619408414,9.530489624256414e-05,5.0301252160333416e-11,0.005334597806264869,0.5660960012959962,4.2643427151549726e-08,1.3846502329410433e-05,4.320471532447504e-05,3.315447934566431e-06,4.2601693494405116e-08,2.725453842513784e-06,0.0007392875680567727,0.0018462734656661142,5.631933559071035e-07,0.39318156134120646
19,2.8097127067073184e-05,0.0002859959492421822,1.5648856805823176e-07,1.2652623487628361e-05,0.00013272172300594573,2.8650389982584845e-05,0.00014516243497359792,2.0520951624330098e-05,0.001292251613159833,0.000392294539406575,0.045046858367494606,0.0003009324392735933,1.884384435368497e-10,0.003952595121161523,0.7696591271409272,1.6478471993230795e-07,1.0449193634623746e-05,5.3795983632335314e-05,3.58629293612288e-06,1.153726768591454e-07,3.905796776882434e-06,0.001094532541318769,0.0017049490774646505,8.515940673173989e-07,0.17582963226495915
20,7.802784927228813e-06,0.00032340396311132403,5.3393626122612765e-08,4.5785674697009055e-06,3.628031773912335e-05,1.0489870045839696e-05,2.1091908322174673e-05,7.941965999094039e-06,0.00041965186023085606,6.148066617804793e-05,0.024348647396466465,0.00011117242159011907,4.2785652761560445e-11,0.0018980406006831878,0.9106086433929037,6.080581727035834e-08,2.8198660827696657e-06,4.1549505094250426e-05,1.6128674915742339e-06,3.7604467972069605e-08,3.068614130829425e-06,0.00045737278480921696,0.0009664771236187949,2.2061638236220225e-07,0.06066750106002626
21,2.043112485628436e-05,0.00020379065404190137,9.520384095765147e-08,8.583276062350584e-06,6.91725464481942e-05,8.074234737712506e-06,3.491242425261548e-05,7.6015289190101885e-06,0.0004431126291794399,7.999885026718796e-05,0.05753807699798897,0.00013256617776988153,8.289018319868836e-11,0.005688039712162241,0.8631865817368741,1.0781534465974968e-07,3.478353047897019e-06,6.064777365768466e-05,1.779456921769734e-06,8.658167994208122e-08,3.7106174752445254e-06,0.000252523212254328,0.0016162245630980487,2.628088413138628e-07,0.07064014163738806
22,2.457653303546314e-05,0.00023725368776907898,1.246447333634607e-07,1.1095158595735014e-05,9.661346041218142e-05,1.1948102024283519e-05,4.615610216183557e-05,1.0143801001458349e-05,0.0007010148826372912,0.00016759173492904663,0.07195889002802537,0.00012008236639672284,1.1375507636790608e-10,0.003881408740606008,0.8226368932539184,1.1921859703444576e-07,8.212578138536384e-06,8.331615542414877e-05,2.7352744945259997e-06,1.153737274776266e-07,4.846297142277143e-06,0.00044801355252853316,0.002076156046847317,3.5200786385095843e-07,0.09747234088523488
23,1.82885534795555e-05,0.000305949836515564,8.398723498535789e-08,7.24106599237238e-06,8.892390586629847e-05,1.5130530979657211e-05,5.3950748120875786e-05,8.625805527409688e-06,0.0006796311566792218,0.0001229932038956873,0.037912679853410944,0.00013316504143344446,8.06817300084362e-11,0.004174102960543996,0.8357269740761949,9.966023030652379e-08,6.043402641519641e-06,6.212462399778617e-05,2.7916696420485067e-06,7.108438615916619e-08,3.656399551491458e-06,0.000506842436406349,0.001747161971962649,4.532504652310401e-07,0.11842301469415946
24,2.1329126776913513e-05,0.00039052456082842336,8.654081827507035e-08,1.0640547530697559e-05,0.00010839916876057748,1.3287633900460096e-05,4.891071209535057e-05,8.344557937165398e-06,0.0006415686982783512,0.00011832954907890254,0.05176122149006383,0.00013201508764024375,9.442922881247976e-11,0.005115759942991105,0.8018026025565522,9.1029286193276e-08,5.752177941032147e-06,6.72151426193308e-05,2.5585126430545823e-06,9.737923639538252e-08,3.1016611565536343e-06,0.0005099534424813662,0.0017319185350204796,3.905179816327827e-07,0.13750590133395213
25,3.3571302630316085e-05,0.0001275307052330635,1.2111796782104584e-07,9.362999512534258e-06,0.00011186612926117012,5.35906196299923e-06,6.97056714943111e-05,1.4209716920855656e-05,0.00060876234112602,0.00016197378483023445,0.10094524587511973,0.00020906282610216886,1.4646358967928413e-10,0.007479258898774323,0.7780030354065979,8.225912732885352e-08,4.772469702133473e-06,4.6146936018221334e-05,1.3152908125066852e-06,1.0968749220727048e-07,2.4123320106866185e-06,0.00028160875642955027,0.0011648338444978827,2.6492287224015127e-07,0.11071938751704004
26,3.315479284469517e-05,0.000345852031678069,8.894871724069806e-08,9.645491322478326e-06,0.00015958620586483798,3.466834189588248e-05,9.66284255905927e-05,9.545613463182782e-06,0.001568101224515026,0.00025653662729389535,0.03749916711045676,0.00011037184669480223,1.3244359143563286e-10,0.004527765416116387,0.7558070763823679,1.5300757351819e-07,1.4628247274435799e-05,0.00013655495698389395,6.116450660769315e-06,1.0324212319008904e-07,5.117779384800688e-06,0.000686213039491027,0.003968442673422933,9.922507727098856e-07,0.19472348976104736
27,1.2636762421692793e-05,0.0003974258037739041,5.165352858269503e-08,6.178003236244674e-06,5.697844011577191e-05,1.2505377467947718e-05,3.5409593496371005e-05,8.382016618564254e-06,0.0007576665499976385,9.508721888521359e-05,0.031571618142000026,0.00010260587609602919,4.358435192617635e-11,0.002313101570526886,0.8419174817808757,5.974952370602149e-08,4.165633884726686e-06,3.780378051120982e-05,2.229250933285667e-06,3.976702465199734e-08,2.012193261356746e-06,0.0006484426749913829,0.001105005998410064,2.559867977291152e-07,0.12091285613203713
28,1.82885534795555e-05,0.000305949836515564,8.398723498535789e-08,7.24106599237238e-06,8.892390586629847e-05,1.5130530979657211e-05,5.3950748120875786e-05,8.625805527409688e-06,0.0006796311566792218,0.0001229932038956873,0.037912679853410944,0.00013316504143344446,8.06817300084362e-11,0.004174102960543996,0.8357269740761949,9.966023030652379e-08,6.043402641519641e-06,6.212462399778617e-05,2.7916696420485067e-06,7.108438615916619e-08,3.656399551491458e-06,0.000506842436406349,0.001747161971962649,4.532504652310401e-07,0.11842301469415946
29,1.82885534795555e-05,0.000305949836515564,8.398723498535789e-08,7.24106599237238e-06,8.892390586629847e-05,1.5130530979657211e-05,5.3950748120875786e-05,8.625805527409688e-06,0.0006796311566792218,0.0001229932038956873,0.037912679853410944,0.00013316504143344446,8.06817300084362e-11,0.004174102960543996,0.8357269740761949,9.966023030652379e-08,6.043402641519641e-06,6.212462399778617e-05,2.7916696420485067e-06,7.108438615916619e-08,3.656399551491458e-06,0.000506842436406349,0.001747161971962649,4.532504652310401e-07,0.11842301469415946
30,1.82885534795555e-05,0.000305949836515564,8.398723498535789e-08,7.24106599237238e-06,8.892390586629847e-05,1.5130530979657211e-05,5.3950748120875786e-05,8.625805527409688e-06,0.0006796311566792218,0.0001229932038956873,0.037912679853410944,0.00013316504143344446,8.06817300084362e-11,0.004174102960543996,0.8357269740761949,9.966023030652379e-08,6.043402641519641e-06,6.212462399778617e-05,2.7916696420485067e-06,7.108438615916619e-08,3.656399551491458e-06,0.000506842436406349,0.001747161971962649,4.532504652310401e-07,0.11842301469415946
31,2.4716137407422617e-05,0.0002923359115916004,1.0549686672616346e-07,7.379434576719374e-06,6.332158502217633e-05,9.875142594663163e-06,4.101627563166115e-05,1.7394801542630073e-05,0.0005337737469126786,0.00010432185092745603,0.040470994622903704,0.0001750229296376797,1.411029621952096e-10,0.004116952373023201,0.8838617851244254,1.370247045270007e-07,6.09104309083344e-06,7.350077109355869e-05,3.617575629410638e-06,6.601141859799179e-08,3.2299284261168158e-06,0.0005495349568151105,0.0009282134646570389,4.1536352631388835e-07,0.06871619828647163
32,1.920625591682994e-05,0.0003632909358600357,8.729716778309189e-08,7.310483510707302e-06,8.824578331672264e-05,1.606735688513879e-05,4.973181012579613e-05,8.777587296278898e-06,0.0006727993682729172,0.00012246444538366178,0.03642238914625578,0.00012381848891324223,8.765394086660372e-11,0.004047451587864237,0.8401861482010947,1.0637556990229091e-07,6.531206685775866e-06,6.812082604264014e-05,3.5067281178494166e-06,7.071881319120543e-08,3.5974455801701204e-06,0.0005556161877534997,0.0017019447376268545,4.945679310224385e-07,0.1155322223703615
33,7.582704857127499e-05,0.0018954631087005432,2.2318604161723634e-07,2.639859591110793e-05,0.0001628023845830952,0.00010208898965455233,0.00020713529344748688,2.8921893098764136e-05,0.0007896121568417595,0.00022180140129067984,0.02088987265128777,0.0003472166024016633,6.66765424528326e-10,0.007788474602080501,0.7616120894725253,9.537824820554185e-07,5.807999450067502e-05,0.00041772221468656836,4.59493585533616e-05,1.2164962512206163e-07,9.766931334908768e-06,0.004735030411653059,0.0025893456540487577,6.321164509710485e-06,0.19798878078540436
34,0.0001716832399438183,0.00028639619883725614,1.673949937209438e-07,1.03328472820061e-05,0.0002146577967974961,4.552740869049357e-06,4.132279260312487e-05,1.1501870827043063e-05,0.0008041756554317361,0.0001612501995086247,0.12230646996399093,7.292591169803377e-05,2.0779896366539546e-10,0.012417659218851285,0.7439024414194118,1.1277178304368516e-07,8.827556118547626e-06,7.77760902348644e-05,9.32281217247704e-06,8.960138640321612e-08,1.7293342147311319e-06,0.0002716843393152646,0.0010957199193025536,3.7631472199949145e-07,0.11812882380190522
35,2.906378299930848e-05,0.0004911147334888734,7.439761461809203e-08,1.009051128100289e-05,8.603167412064318e-05,1.5409379803277954e-05,4.897194114607326e-05,1.869037884971694e-05,0.0014756513815734897,0.00013295155686219348,0.04266205741655054,0.00012160021120862649,8.490545678385154e-11,0.002142107493897153,0.8340919036810142,1.0624925156351725e-07,6.606746353198015e-06,5.5485370653496856e-05,4.512305381709809e-06,4.48773869081728e-08,1.9353328173468607e-06,0.0010361693483325243,0.0008918232717189306,2.7486595525646523e-07,0.11667732300683399
36,1.6139993227503074e-05,0.0004490139117485854,1.0396298850242555e-07,8.261749266300484e-06,0.00018767484324186387,2.7063246860198856e-05,2.2342675628445037e-05,3.2033421502878626e-06,0.0009084339047790057,0.00019444655522878106,0.03919558729033224,2.955792579713165e-05,6.812166381551276e-11,0.003367363438098601,0.8510641016350807,7.981602957705376e-08,2.9392812680462944e-06,6.22073759570958e-05,4.837877337446002e-06,1.0296580735393404e-07,4.3097658698461406e-06,0.000159052151483467,0.003912445833885428,4.262561079042277e-07,0.10038030413370395
37,5.607091668983294e-05,0.0002743092673873124,1.6883851727644454e-07,8.316565456858936e-06,0.00015948361980126273,1.4981782695222268e-05,0.00012193151699152328,6.619912591058524e-06,0.00040556441493953555,0.00012215578557250403,0.038715012061078954,0.00020746099212235754,1.9565439336751016e-10,0.01984483347937163,0.7515087455199003,2.019303136483981e-07,1.271337535049113e-05,0.00011597434447623178,4.847858191153309e-06,1.1153717319908071e-07,8.538860853114489e-06,0.0003602716248816137,0.003782150245221716,1.7518027214283758e-06,0.18426778355204748
38,1.4349279131093015e-05,0.00028416792431903157,7.832909816175323e-08,6.697787261917975e-06,6.664762012540432e-05,1.967799365151931e-05,5.385390374728451e-05,8.436695979028537e-06,0.0005780030097578157,0.00010248562668693336,0.029304118187990055,0.00013606072786503397,8.159645887087178e-11,0.0034592102459688823,0.8813735998054405,1.3313043292655328e-07,5.161599754924356e-06,7.421848105479237e-05,2.862030847350099e-06,6.317327748726128e-08,4.762920102402574e-06,0.0004776307137505943,0.0019296545708658828,5.078385710214076e-07,0.08209761832272364
39,7.42467172268605e-06,0.00046543896720594493,1.0731475042593283e-07,6.015827455028356e-06,4.800101642695442e-05,4.3670720458628e-05,4.025737500125405e-05,1.2748600277936782e-05,0.0006310004839573972,7.090323587533269e-05,0.013812985057562543,0.00022282246455205092,7.751290263630479e-11,0.0014565287932829783,0.9253966800263005,2.415094297101847e-07,8.453567444025645e-06,9.278509077509205e-05,4.125181526098536e-06,5.5880528514676275e-08,1.3286733369602877e-05,0.0011308667600864095,0.0017665977329264532,5.975518184921624e-07,0.054768405359753226
40,2.0210830029849866e-05,0.0003070276772637491,9.485817286572325e-08,3.7025744655562456e-06,0.00011317467179798224,5.1985212265775875e-06,4.1730522947452786e-05,4.8439877380013475e-06,0.0003792194244985536,5.9482038132142054e-05,0.04140214921269215,0.00013709272406105973,5.532874780784311e-11,0.008162764799978867,0.7898199797427159,4.615069153054168e-08,4.408678674617981e-06,3.0436019540884727e-05,1.844317957408222e-06,5.343573967387492e-08,2.7041419089192316e-06,0.00031382909740024044,0.0011554394712527745,3.184272121397893e-07,0.1580342486185724
41,1.1665256163981277e-05,0.000467582740314044,4.9524053268974705e-08,8.023610991526232e-06,0.0001084572902132352,9.052161891686049e-06,1.0853497991004856e-05,8.178650612725984e-06,0.0009462103866968133,6.049466808682647e-05,0.05167840088894783,3.5711477105147264e-05,5.901968961920431e-11,0.0020773240090103816,0.902029848438789,6.93595634187258e-08,1.2349116338711026e-06,5.543313074065162e-05,2.7169442798861794e-06,6.127385371446316e-08,1.1781582149749902e-06,0.0001679918718686329,0.0008030801929822894,8.533064611429383e-08,0.04151629616632915
42,1.1972531196050754e-05,0.0012947633139654558,1.19922744379059e-07,1.2858911298237443e-05,4.083478049098059e-05,3.475139141540234e-05,2.4956107595747473e-05,2.724932455201611e-05,0.0012168826803991355,8.35693306134866e-05,0.020834332390588274,0.00015058528852982737,7.448659637475528e-11,0.0006333856047944705,0.921746770758883,2.437210350697489e-07,7.467304919240383e-06,5.607979535206584e-05,8.58280798855897e-06,3.166693949946155e-08,4.185112769448744e-06,0.0029858762197235668,0.0006165270987714132,2.7358877453591685e-07,0.050207700272173486
43,3.220119824032248e-05,0.00023493232134212888,2.3763151395179077e-08,3.1146766770523945e-06,6.986854568368574e-05,1.587363253799244e-06,3.285245762319813e-05,2.043275167656212e-06,0.0002981132697917119,2.335307471706979e-05,0.06366414673903635,7.027318241859401e-05,2.211331585871163e-11,0.01624979211658905,0.6313264119291122,1.8077479434704102e-08,1.7687028068653724e-06,1.969194855840237e-05,8.375688903947243e-07,1.9747784071366324e-08,4.7068823524614353e-07,0.00012979408499115143,0.0009575512872874263,1.289493840906449e-07,0.28688100500966535
44,1.82885534795555e-05,0.000305949836515564,8.398723498535789e-08,7.24106599237238e-06,8.892390586629847e-05,1.5130530979657211e-05,5.3950748120875786e-05,8.625805527409688e-06,0.0006796311566792218,0.0001229932038956873,0.037912679853410944,0.00013316504143344446,8.06817300084362e-11,0.004174102960543996,0.8357269740761949,9.966023030652379e-08,6.043402641519641e-06,6.212462399778617e-05,2.7916696420485067e-06,7.108438615916619e-08,3.656399551491458e-06,0.000506842436406349,0.001747161971962649,4.532504652310401e-07,0.11842301469415946
45,1.3927580977512842e-05,0.00022974520573070456,7.627342168456707e-08,6.276570001439198e-06,5.288222235284139e-05,1.9722731543278335e-05,7.279647156145163e-05,2.457639613259223e-05,0.0006547359680035083,0.00012943890045384918,0.02346610257969905,0.0001860059745092107,1.3789448135686174e-10,0.0023576552735036613,0.9258539374935035,1.9185190694086566e-07,4.3016313922376e-06,7.476788928838383e-05,3.368589143129533e-06,5.2339878933236084e-08,3.019581424546869e-06,0.0006456883519014679,0.000771851320670048,5.211009152488225e-07,0.04542835756419005
46,0.00013912165935281586,0.0005960099151792628,4.137990229200164e-07,4.4485304428966667e-05,0.00021360793430623545,7.638243393422348e-05,0.00025678985433833505,4.041028771678736e-05,0.0018061268608556061,0.0007015376237013278,0.05975822232592715,0.0006373329427067369,6.473847482151703e-10,0.005360254012894708,0.6216672560375871,5.818523565477154e-07,9.416210987874946e-05,0.00015739192153310384,1.5508893600245108e-05,2.042085239228891e-07,1.61806273517936e-05,0.0046438402598547625,0.0034961059636042535,2.7423004462717008e-06,0.3002753302235134
47,9.401565825995e-05,0.0005398352921040897,2.632587756750374e-07,2.621726922507808e-05,0.00011606001511176417,3.665452148817676e-05,0.0001873034792215746,2.9629341673416804e-05,0.0010653491074187667,0.00028074896012506386,0.04565940198870232,0.00045724835454086644,3.66928600546699e-10,0.006538274709026094,0.7707077202212381,5.273489440029983e-07,2.876757848933833e-05,0.00012262300530333393,1.1234742697611993e-05,1.005198037773816e-07,8.366604687131133e-06,0.002444656730997466,0.0022195934829558404,1.8834534776356342e-06,0.16942352398880434
48,2.637459806221314e-05,0.0004270623492424356,1.0497587659584116e-07,8.785149469814145e-06,0.00010260277898156048,2.5349840004918417e-05,7.480034734670052e-05,1.2228939170363992e-05,0.0008156873728146296,0.00018563479519677733,0.03182113682030088,0.00015905830510454542,1.292479547663924e-10,0.00419612128506279,0.8155142506408892,1.5078521154491065e-07,1.1451414021425766e-05,8.686006480208573e-05,5.7238440649275255e-06,7.635513899642155e-08,4.442872155735439e-06,0.0008993152592255392,0.0018892278814718105,8.838280900694633e-07,0.14373266936904638
49,1.3236243818918375e-05,0.00044804204766869777,1.0964944839392828e-07,8.639529185407435e-06,7.720063075740263e-05,2.5251652660188002e-05,5.683460956506412e-05,1.2663588847589015e-05,0.0008422444948715984,0.00014303397248987092,0.029937481451340068,0.00020874265005853694,8.765081301194887e-11,0.0022730735528022697,0.8523595560393235,1.2397008332358046e-07,7.07939001898406e-06,5.276190770081647e-05,3.1011692099912086e-06,7.236804243823399e-08,4.760220820537937e-06,0.0010841552585060465,0.0014373839107742615,4.754277059915869e-07,0.1110039761766495
50,7.776758018528e-05,0.0001457886091774017,1.4805895320308587e-07,1.075525035946189e-05,0.00018459785661033515,1.2732495650527636e-05,0.00022210228869046453,1.7973089946923467e-05,0.0008980412151606155,0.00042240882145030143,0.06748203265840723,0.00024037454978025516,2.67375384755628e-10,0.012908338408015007,0.6794639450159409,1.4357675405276898e-07,1.1681191710751776e-05,6.188100699235046e-05,3.850338822251105e-06,1.1799676818396464e-07,2.4756824686193236e-06,0.0004704182585513133,0.0016911579822718817,1.156746350366349e-06,0.2356701110536071
51,7.3889881359201545e-06,0.0005571403529796504,4.029979547368124e-08,7.325418244222391e-06,3.053808707849305e-05,9.033318895886468e-06,1.4642485964550662e-05,7.66368300475661e-06,0.0004473996881115495,4.621309256496448e-05,0.029401125222284327,7.857391294239617e-05,3.220217627512491e-11,0.0014625737165114706,0.9037715944631134,4.989805700314438e-08,2.2047845387708793e-06,3.5939828290182904e-05,1.5455949110029366e-06,3.250239006408814e-08,1.8912617445488853e-06,0.0005896812153811568,0.0007586297814565007,1.291247108836058e-07,0.06276864324669032
52,1.4488299636923383e-05,0.00020280433057733846,5.7411835180019305e-08,7.231053646699402e-06,6.271988979019861e-05,1.601411533778886e-05,3.319303315063856e-05,1.1327816462765132e-05,0.0006346845477494229,0.0001673769411661909,0.038148770069500605,0.00010490623788690694,9.198057088142984e-11,0.0027977455212920763,0.894983063746786,8.895749631341056e-08,3.2675597450219545e-06,7.116242021833018e-05,2.435242770673107e-06,8.242632400791835e-08,2.409970660678369e-06,0.00033322582272183487,0.0012597160199740206,3.2689893983806177e-07,0.06114290157435022
53,1.854791708985166e-05,0.0003363962677560793,8.227280286754621e-08,7.1509760917616186e-06,8.556010079448733e-05,1.5222586199041288e-05,4.955460188493195e-05,8.844543784399895e-06,0.0006713512237516828,0.00012214474920811487,0.03655696408248948,0.00012729615156920654,8.002839322697697e-11,0.003954213673134678,0.8390462309727131,9.772726406050722e-08,6.163409683626702e-06,6.151633066886356e-05,3.097441883991143e-06,6.706087705633931e-08,3.436016859962048e-06,0.000543360083344468,0.0016113503530699098,4.523966436977774e-07,0.11677089898040609
54,8.820363770082639e-05,2.2826846301740856e-05,1.3591604827821765e-06,6.756172073045626e-05,0.0009111784859064049,0.00014517526040567792,0.0002627476613930297,5.8832137866020414e-05,0.0025679786679532013,0.004168790311768586,0.33112477637243143,0.0007628989307137366,7.931289101271866e-09,0.008493064910955389,0.5989391793301391,3.0834512407289895e-06,8.228319780620322e-05,0.0025572251398253525,8.810323296836653e-06,8.016442928438814e-06,0.00010512000602430586,0.0002625140704837887,0.023396495560432645,2.652231803441752e-06,0.025959218210120982
55,1.817599580830366e-05,0.00019998424920394077,8.489816602759812e-08,6.922463609636664e-06,0.00010608773156924483,2.170882232426283e-05,0.00013485058381266263,1.8077076879624106e-05,0.0009311908061692201,0.00011185479112546812,0.030105629992606506,0.0005037548516492115,1.5562823814553159e-10,0.006138854260659238,0.8364167980535561,1.9678782514449953e-07,6.00391329049666e-06,9.485381942041236e-05,2.0814905678969076e-06,9.845619604066838e-08,4.1424580146415725e-06,0.0006379430857625929,0.0016366078039060546,6.618492657511553e-07,0.12290343560298349
56,2.015065183834399e-05,0.00031191045927026525,9.16861458006101e-08,8.0523849434547e-06,9.280907570266805e-05,1.6832403855231874e-05,5.905274949158538e-05,1.015835501887162e-05,0.0007236627635446005,0.00013897109485127426,0.03883948496937048,0.00014587412484397258,1.0168144230649254e-10,0.004270944086548549,0.8357251002361211,1.1508931446127231e-07,6.591715712836018e-06,6.87114590226578e-05,3.1115420965645674e-06,8.017693954190064e-08,3.8063114186352497e-06,0.0005414777589904131,0.0017692615606736046,5.11328982042968e-07,0.1172432379136217
57,1.7895481387735803e-05,0.0003268889165073255,2.261015895516955e-07,6.8441435933757306e-06,0.000146363979814242,2.230136114618984e-05,8.39923644833715e-05,1.289240721573773e-05,0.0009004641641331219,0.00019360563359221115,0.03725915544713066,0.00030227104497546243,1.491746212606502e-10,0.004142778433830431,0.824718106654761,1.6848808080801286e-07,1.0304617509275208e-05,5.275523909928413e-05,3.7486266733051653e-06,1.214982205246898e-07,6.995087851699655e-06,0.0008247109084607722,0.0017799203018753135,7.202903169022404e-07,0.12918676865857703
58,2.1313251670416895e-05,0.0003361980396967288,9.811086056130705e-08,7.424004575874842e-06,0.00010035598722346964,2.1058674374570988e-05,6.800563650867506e-05,1.0030149518630318e-05,0.0007110726851442647,0.00016313735877120667,0.031839364828603146,0.0001595698590220423,1.1584524167738856e-10,0.004665508327713787,0.8287968607200147,1.2615044174214384e-07,8.017743268787919e-06,7.707658623952958e-05,3.882982897846557e-06,8.094450093008735e-08,4.4636645224708715e-06,0.0006117523811912613,0.0020219608967820663,7.648556211175124e-07,0.1303718760449909
59,2.1288608110963393e-05,0.00033234783421325276,1.13829665257841e-07,7.716985809714735e-06,0.00010530130335884648,1.9699136976632364e-05,6.831934383342536e-05,1.0185273908497476e-05,0.0007054179829053055,0.0001570906536091123,0.03487635878831639,0.0001703616572129287,1.19611767826552e-10,0.004786695028416663,0.8293848017896842,1.3275845059071408e-07,8.11902920445936e-06,7.419598430775637e-05,3.722431011641356e-06,8.792864873846655e-08,4.835831540292028e-06,0.0006083147435707896,0.0020008831960864003,7.149918326058791e-07,0.1266532947697139
60,1.82885534795555e-05,0.000305949836515564,8.398723498535789e-08,7.24106599237238e-06,8.892390586629847e-05,1.5130530979657211e-05,5.3950748120875786e-05,8.625805527409688e-06,0.0006796311566792218,0.0001229932038956873,0.037912679853410944,0.00013316504143344446,8.06817300084362e-11,0.004174102960543996,0.8357269740761949,9.966023030652379e-08,6.043402641519641e-06,6.212462399778617e-05,2.7916696420485067e-06,7.108438615916619e-08,3.656399551491458e-06,0.000506842436406349,0.001747161971962649,4.532504652310401e-07,0.11842301469415946
61,2.067624939372312e-05,0.00031808868832039467,1.0679136848267865e-07,7.053292432609297e-06,0.00010182090053607413,1.769303750206964e-05,6.359217859739619e-05,9.315249038906159e-06,0.0007010061038766546,0.0001463951011059206,0.0352946950928553,0.00015868554797927872,1.0403686953422341e-10,0.004703799412165694,0.8280793361302673,1.183310411230713e-07,7.507541427549191e-06,6.629143871092388e-05,3.434972613232556e-06,7.993730394727685e-08,4.481467542699275e-06,0.0005622558631383342,0.0019374741168813527,6.335648808152871e-07,0.12779545888698365
62,1.82885534795555e-05,0.000305949836515564,8.398723498535789e-08,7.24106599237238e-06,8.892390586629847e-05,1.5130530979657211e-05,5.3950748120875786e-05,8.625805527409688e-06,0.0006796311566792218,0.0001229932038956873,0.037912679853410944,0.00013316504143344446,8.06817300084362e-11,0.004174102960543996,0.8357269740761949,9.966023030652379e-08,6.043402641519641e-06,6.212462399778617e-05,2.7916696420485067e-06,7.108438615916619e-08,3.656399551491458e-06,0.000506842436406349,0.001747161971962649,4.532504652310401e-07,0.11842301469415946
63,1.5203906549841597e-05,0.0003787156174943739,7.001058490651007e-08,6.625233709637758e-06,7.4658699160632e-05,1.4373782121061048e-05,4.1211497825965776e-05,7.680133070733736e-06,0.0006414314559833864,9.7995836596658e-05,0.03361877467684963,0.00010641216798881232,6.458098976729515e-11,0.003342022197754264,0.8484669586024022,8.404134001638198e-08,5.2183094611569095e-06,5.801328698639112e-05,2.7785570693844267e-06,5.849583109122915e-08,3.209072445902832e-06,0.0005268939986128237,0.0015575647602267839,3.7864555590369716e-07,0.11103366694979723
64,1.4976493398563575e-05,0.0003122190407658339,1.0569722655847297e-07,6.653107491313159e-06,8.304638333961239e-05,1.668390839490954e-05,4.747128085046874e-05,7.481758797093137e-06,0.0006158225727810489,0.00010763892122425256,0.032798230664078463,0.00015171347475956084,7.544746138619616e-11,0.0037608004603178528,0.8512206370730419,1.0787389100886068e-07,6.570265033608663e-06,5.8210101987841444e-05,2.517085322945497e-06,7.399089912209687e-08,6.260032676078094e-06,0.0005105093695966532,0.002169886452178856,4.785883745878702e-07,0.10810190532812451
65,9.51091855049804e-06,0.0004590137273067691,7.202408706946118e-08,5.238903284039421e-06,7.539486942695602e-05,2.0543336318554623e-05,4.269887471121073e-05,4.653491029817141e-06,0.0005125887811282495,6.514465571264934e-05,0.02028547289761965,0.00011625526086584294,4.9951459688308705e-11,0.0035429569127839815,0.8374607216528679,8.849594904108847e-08,6.0296605236022515e-06,7.08800669707534e-05,2.451177711501451e-06,6.239111864666293e-08,6.763400585141966e-06,0.0005275890112237701,0.0027036116711824745,5.505678592793987e-07,0.13408170720123114
66,0.00011896061180591188,0.0002090024543107078,5.427827051899325e-07,2.359545002250346e-05,0.000804655843923789,3.535448179595685e-05,0.00046526636986465283,2.2417297752338707e-05,0.0021127698190802576,0.000831959557220721,0.11645855288076631,0.00032952740809191516,8.097449574380064e-10,0.015148413094645305,0.6044548955359652,4.589134851549749e-07,3.073008748562026e-05,0.00012606967167272252,9.000077067093293e-06,4.96266465833323e-07,7.5266922848841294e-06,0.0006951026151609166,0.003738683241190589,1.999997560785093e-06,0.25437401803993065
67,5.6454382628263165e-06,0.0005358083541172314,4.99929002097266e-08,4.400426138896987e-06,4.226454433743764e-05,3.241352540000262e-05,3.2252038739583565e-05,3.079355038787352e-06,0.0004199410750409541,4.826074885053817e-05,0.012440140287813232,0.00010216502772990773,3.335074542885752e-11,0.0024542432943045573,0.8309854910644096,7.588733437466221e-08,5.674300487931009e-06,7.445628800767695e-05,2.1830124110499507e-06,4.656760904477292e-08,9.09647701594622e-06,0.0005437793478198415,0.004000834323691131,6.058216009525997e-07,0.14825709276758767
68,1.5725788988168604e-05,0.00028879119513234767,7.988984156282229e-08,6.752022733866387e-06,8.36958455715854e-05,1.621120855962793e-05,5.270594811605117e-05,8.79333603409172e-06,0.0006444850609189322,0.00011710270440813002,0.03461316749128688,0.000141875539312969,7.856708909454301e-11,0.003836824308442418,0.8493123626202324,9.848875122671652e-08,5.634881624950399e-06,6.357024110399234e-05,2.5330156272673115e-06,7.148530555705555e-08,3.951035154168935e-06,0.0004961565600460983,0.0017084505915383283,4.4364638345086176e-07,0.10858051701631886
69,1.084224423534344e-05,0.00022428854723925487,5.611409029113497e-08,6.012019623641327e-06,6.502654740046225e-05,1.0523791344209993e-05,2.961460800992018e-05,6.384930482158469e-06,0.0006639380828995124,9.231071773114115e-05,0.04497683157726564,9.492797118633674e-05,4.561282117793933e-11,0.0025499285194680323,0.8560292971125804,5.377931450275983e-08,3.5633259550864745e-06,4.9635946456685e-05,1.3153560210918035e-06,6.496861503835099e-08,3.1790958371211734e-06,0.0003329122400194872,0.001693110732779508,1.883387720291187e-07,0.09315599338706029
70,8.297192975703112e-06,0.00022782276707703866,8.17778739129901e-08,1.2561244055488996e-05,6.333596050670636e-05,2.0253379186570026e-05,4.915785744207737e-05,9.548181520177525e-06,0.0009874300230629266,0.00012149111496263021,0.048953434028262986,0.00015341692065126773,5.7451043395661703e-11,0.0021591456178397753,0.8693322065733909,1.1896668256963684e-07,2.4532857428657494e-06,4.4129798155038654e-05,1.0855839010500685e-06,9.670373973633124e-08,3.639760406027815e-06,0.00041412237424905395,0.0018975856361119587,1.935546346892303e-07,0.07553839164011793
71,2.8962365763230462e-05,0.0002490672181407885,1.0967744488816887e-07,9.151065251188539e-06,0.00014667496585457618,2.0364608263002094e-05,0.0001221616334394285,1.1734726455045678e-05,0.0009739178567085852,0.00021336175818031618,0.044438254668809456,0.00018184340117171437,1.3451449117309594e-10,0.006005390929692873,0.7778613143304979,1.3741140460581527e-07,9.097028537215005e-06,7.315544829873312e-05,3.320072093276134e-06,1.0164420673562002e-07,4.030337022271647e-06,0.000581753488953756,0.0021679100397862367,7.499375107288867e-07,0.16689743525199913
