,0,1,2,3,4,5,6,7,8,9,10,11,12,13,14,15,16,17,18,19,20,21,22,23,24
0,3.09972100608174e-05,0.0005155524494423577,1.7815844461335778e-07,1.0685366605816944e-05,0.00016023722678956277,2.0254775000442998e-05,0.0001418333334719262,7.796393553762315e-06,0.0009530562226962539,0.00010913078353267052,0.03824853161004391,0.00021905794046095798,1.0513949287647407e-10,0.006863983397853209,0.6705210403210236,1.9234746975539616e-07,1.9998512898856603e-05,6.91086670517878e-05,4.262730942067223e-06,7.813441793686532e-08,8.48781227456491e-06,0.001119001745897512,0.0034110167680446984,9.620607176397614e-07,0.277564555926166
1,3.96352497922242e-05,0.0006202899603842628,2.786476588004588e-07,1.1772288929003637e-05,0.00022176950932933755,2.410064751633886e-05,0.00013121157459303515,9.4717211764915e-06,0.0016508000763942833,0.00015106382663757173,0.04321127967041958,0.00019041249333661678,1.2078052427612683e-10,0.005188436679498626,0.6789787355611857,2.3973529336906816e-07,1.9977471586843298e-05,5.360954855065071e-05,6.6994038341937375e-06,7.698223986244961e-08,8.299955495986277e-06,0.0011963243665969031,0.003193267336621253,8.581069616869378e-07,0.26509138906518676
2,2.5616142017057318e-05,0.0004959298748380132,1.5901322274085872e-07,8.15005941853476e-06,0.0001491356664908318,1.576965498307714e-05,0.00011210434279178057,6.442223788059117e-06,0.0008069916729602,9.140074536222355e-05,0.036535090881322584,0.00019415163488160987,8.190461072167059e-11,0.006616795018449022,0.6768695600783278,1.376835186046259e-07,1.607480003416437e-05,5.53058441635293e-05,3.4916064397093447e-06,6.808069452936937e-08,7.318728767538793e-06,0.0009330390500657448,0.002929653827876505,7.758011160992359e-07,0.27412683748656536
3,2.8082284790265436e-05,0.0005323534015963481,1.6784332960003142e-07,9.128895186647342e-06,0.00015246674023726667,1.825144387423288e-05,0.00012951953569382928,6.841240998656272e-06,0.0008374282615065074,9.515365434287534e-05,0.03554405176936889,0.00020892676250171635,9.018512277559109e-11,0.006833518394902325,0.6667412591700819,1.630108924663201e-07,1.841573636782339e-05,6.142025657026176e-05,3.97049312219143e-06,6.921498411064628e-08,7.987801427479965e-06,0.001072636722978348,0.0031380855828081053,9.069602723676823e-07,0.28455919473198077
4,3.226347063487091e-05,0.0005513591643757574,1.847555004653321e-07,9.773054844641704e-06,0.00016337057271895145,1.906039513213163e-05,0.00013816522968845921,7.451949880071991e-06,0.0008091148688101731,0.00010205118409496211,0.03640660704754137,0.0002174238337157826,1.1501515776141746e-10,0.007867564926952777,0.6632991631037092,1.844741352949632e-07,1.986226326065548e-05,6.837432813969865e-05,4.60577413459744e-06,7.813309271700916e-08,8.13928396472895e-06,0.001050724598913238,0.003185266168427205,1.0661178374083339e-06,0.2860381451854796
5,3.010560767457749e-05,0.0006259632262088152,1.4580258713799645e-07,1.2018424595783204e-05,0.0001426707648025263,2.1707707344564693e-05,0.00011890886358474603,7.625085679306716e-06,0.0008295842305066765,9.056810148852566e-05,0.03708343995875564,0.0001921546390740923,1.0728802164013954e-10,0.006696834965363662,0.6957829707773068,1.9166402775652992e-07,1.8524033193123774e-05,9.225236413486439e-05,4.500024606431355e-06,7.96856276498217e-08,8.269313986122748e-06,0.0011239958499869786,0.003441507127490261,9.409028243821962e-07,0.25367504077186154
6,2.8082284790265436e-05,0.0005323534015963481,1.6784332960003142e-07,9.128895186647342e-06,0.00015246674023726667,1.825144387423288e-05,0.00012951953569382928,6.841240998656272e-06,0.0008374282615065074,9.515365434287534e-05,0.03554405176936889,0.00020892676250171635,9.018512277559109e-11,0.006833518394902325,0.6667412591700819,1.630108924663201e-07,1.841573636782339e-05,6.142025657026176e-05,3.97049312219143e-06,6.921498411064628e-08,7.987801427479965e-06,0.001072636722978348,0.0031380855828081053,9.069602723676823e-07,0.28455919473198077
7,5.7184243882439004e-05,0.000516191556007215,2.7410482735242906e-07,1.3331777022942003e-05,0.00021184740929499428,1.4905890508056847e-05,0.00018048738450231414,1.1055095556764358e-05,0.0010139921726808189,0.00018035442706509396,0.05685974845689143,0.00023613182776243669,1.7387813373583643e-10,0.00851898578387047,0.6035451519295472,1.9077663471849724e-07,2.377863941095583e-05,5.22599567281139e-05,5.794533813432435e-06,9.206749056600424e-08,5.37363203425991e-06,0.0012890569126525074,0.0022606991954071593,1.0545626013383043e-06,0.32500205748992944
8,3.21763740171821e-05,0.0003377559425111169,2.607594081412919e-07,5.845107653304477e-06,0.00013747676218925958,8.918988949050283e-06,0.0001130477386392838,4.043489934303273e-06,0.0005641178776657246,0.00014313600959687406,0.02985768916181582,0.00021701056416537795,7.874185838902129e-11,0.010406532525805434,0.4892738724580658,8.017179890958271e-08,1.7478059439398825e-05,2.00731219954588e-05,2.5261073047198714e-06,5.70427866321172e-08,7.481340818303959e-06,0.0006582266414917361,0.003391538580505904,1.2381592887410644e-06,0.46479941693541155
9,2.154937342480706e-05,0.00035583300305268496,1.281473595244195e-07,4.938404875191098e-06,9.396137560708031e-05,7.140849618113782e-06,6.20556662666955e-05,3.2071070977793516e-06,0.0004961936518709092,9.528960443578945e-05,0.029440918227063018,0.00014068772781537558,4.2337094470720565e-11,0.007450611604171306,0.5840623561254293,4.849996147065545e-08,1.0286695028159904e-05,2.0645236211892578e-05,1.7931094868319074e-06,3.91113498999023e-08,5.235647738105134e-06,0.0005292077540658946,0.002955123554647077,6.647696690153804e-07,0.374242084711417
10,2.8082284790265436e-05,0.0005323534015963481,1.6784332960003142e-07,9.128895186647342e-06,0.00015246674023726667,1.825144387423288e-05,0.00012951953569382928,6.841240998656272e-06,0.0008374282615065074,9.515365434287534e-05,0.03554405176936889,0.00020892676250171635,9.018512277559109e-11,0.006833518394902325,0.6667412591700819,1.630108924663201e-07,1.841573636782339e-05,6.142025657026176e-05,3.97049312219143e-06,6.921498411064628e-08,7.987801427479965e-06,0.001072636722978348,0.0031380855828081053,9.069602723676823e-07,0.28455919473198077
11,3.228172518897314e-05,0.0005403223318149247,1.8928880077926273e-07,1.0012514105810025e-05,0.00016036169456681469,1.994787536500699e-05,0.00014455188775705204,8.28486821966123e-06,0.0009021489729738512,0.00011189097465926469,0.036764028161021325,0.0002323989818133717,1.1830618920876107e-10,0.007135331423133439,0.6658626006817151,1.9089484289530456e-07,2.067394823363041e-05,6.726344753683463e-05,4.6116038511860556e-06,7.689468570769219e-08,8.150614391994386e-06,0.0011622948975663285,0.0031314163080785377,1.0598046306959812e-06,0.28367991008674054
12,1.1694008446059256e-05,0.0002514979572941726,9.01617083783266e-08,3.442093963213003e-06,0.00046802955095765554,1.631148132793164e-05,0.00018623291905589992,7.444146837086521e-07,0.0004454071184063228,3.107346014347724e-05,0.018995085790372006,0.00013153761394896603,4.1314347369233256e-11,0.025537049233780064,0.35948092747964466,8.133487851323845e-08,1.3752254088676011e-05,9.069762932505935e-05,1.1572814595991067e-06,1.3367595926759224e-07,1.5314867956994837e-05,0.00018210381555368557,0.01329896944926272,1.3152177580256011e-06,0.5808373511487106
13,3.469286622397509e-05,0.0016538338113464316,1.7428614941990678e-07,1.4248523445818067e-05,0.0002596234371786408,0.00010792371367688554,0.0003014755266684009,8.131122574578697e-06,0.0018097334478297106,0.00012826729082212696,0.012879791573866496,0.00018312808423199,1.2060129017653545e-10,0.003934603697355025,0.4879131830615003,3.7313540396420176e-07,4.3869052679036375e-05,0.00010744530915313315,1.612049517435793e-05,5.501185478904396e-08,1.159177001532029e-05,0.0036179456784351765,0.0044874154451241205,2.9295069996706004e-06,0.4824834440316893
14,2.0977020581903477e-05,0.0010897599595017487,1.7798719222822487e-07,1.0597039354809495e-05,0.0001894464581380603,1.8655818498830806e-05,6.569092296259569e-05,5.578115319943999e-06,0.0007858772667915335,6.575413717400873e-05,0.04437168711101432,0.00010688818821162048,9.064043969816547e-11,0.004598173066668559,0.7506921771526804,1.4815197906990366e-07,1.12309351800547e-05,7.32858085758865e-05,5.48430969771474e-06,8.109735184137676e-08,6.223855500790449e-06,0.0009126404344672995,0.0024899817283670724,5.222252235577543e-07,0.19447896111892568
15,2.8082284790265436e-05,0.0005323534015963481,1.6784332960003142e-07,9.128895186647342e-06,0.00015246674023726667,1.825144387423288e-05,0.00012951953569382928,6.841240998656272e-06,0.0008374282615065074,9.515365434287534e-05,0.03554405176936889,0.00020892676250171635,9.018512277559109e-11,0.006833518394902325,0.6667412591700819,1.630108924663201e-07,1.841573636782339e-05,6.142025657026176e-05,3.97049312219143e-06,6.921498411064628e-08,7.987801427479965e-06,0.001072636722978348,0.0031380855828081053,9.069602723676823e-07,0.28455919473198077
16,2.4922490709414983e-05,0.0007534458976283867,1.1910080556123827e-07,7.207594807051879e-06,0.0001669103464656732,1.766696858510927e-05,0.00010096828733546647,5.171108420586406e-06,0.0012581006476211493,0.00010067711666144432,0.026392618543392227,0.00012321249027315152,5.162089086224985e-11,0.004087069106896273,0.5321822157067297,8.2665410177521e-08,1.5815834331695878e-05,3.1717404466072344e-05,4.2341758484033805e-06,3.856905354546668e-08,4.096515749316806e-06,0.0012606796522934267,0.002399210374472942,6.604081832169701e-07,0.43106315894223907
17,4.7350203435362474e-05,0.00036231232908199803,2.2577581135904152e-07,9.55600174742337e-06,0.00021444340537181463,9.26849280073089e-06,0.0002561189300334348,6.875806151404718e-06,0.0007735788520184682,7.792801488493979e-05,0.04324884808115732,0.0003636546342093995,1.0286680027469772e-10,0.012898848909051555,0.46527988032932716,1.3414280087266668e-07,2.294010953062603e-05,3.503961187749456e-05,2.155939163447086e-06,6.665027862500758e-08,7.5975515941511914e-06,0.0010233380741215188,0.0026899733630173796,9.008461879663956e-07,0.4726689638434787
18,3.364354126908454e-05,0.0005301372110180804,9.265769889187666e-08,4.538755695245256e-06,0.00014589232851444333,8.950158053934441e-06,0.00011799845807352175,2.6941405325572416e-06,0.0006245452197712362,5.646493111544533e-05,0.021047537993447614,0.00010533176424134097,4.0510676413812876e-11,0.006055173559438103,0.318217783757509,5.019572334714557e-08,2.9050169618742545e-05,3.064101437083332e-05,3.290100405369897e-06,3.0147171909950194e-08,4.1043169771003885e-06,0.001104175336165404,0.002336354389436665,7.870680817871741e-07,0.6495407327451597
19,3.910332879909115e-05,0.0004549752992912864,2.844738392677036e-07,1.4197855433315532e-05,0.00020729467030595314,3.109122405285536e-05,0.0003135251392189051,1.4580096080495046e-05,0.0014370940922087576,0.00026907308709186507,0.038275618125507456,0.000426381194130373,1.888302552515808e-10,0.005944986779393923,0.5632470041601438,2.435919684752759e-07,2.8919704050826152e-05,4.853054210902249e-05,4.649797690282238e-06,1.0114865068364336e-07,7.861036740371887e-06,0.0020836405791443296,0.002800840214062384,1.5428867494004007e-06,0.3843484607845067
20,1.3418058501344144e-05,0.0006209668441270048,1.1939610956991155e-07,6.335951873874735e-06,6.998658574482802e-05,1.4009715004597954e-05,5.6883031084871226e-05,6.938564010625612e-06,0.0005752115610108502,5.268509970737102e-05,0.025298194592913083,0.00019362459318027244,5.318775913492818e-11,0.0034924531490477294,0.8033345898452532,1.1056860238095924e-07,9.641936587641626e-06,4.5551631570490226e-05,2.5621136089907874e-06,4.0663580492264736e-08,7.488322254747033e-06,0.001068859741967018,0.0019381584023857711,4.942823744592946e-07,0.16319167529631115
21,3.3689836723716066e-05,0.0003840737877517471,2.053191958822465e-07,1.1479626572662742e-05,0.00012859474041623868,1.0533127497947684e-05,9.078418857346364e-05,6.460623128583611e-06,0.0005907208634233019,6.652410587766307e-05,0.057564561017350135,0.00022393141250851765,9.916783951461917e-11,0.010012820397991536,0.742310538492143,1.888370617382005e-07,1.1530623437654454e-05,6.434067558469887e-05,2.7419707265150215e-06,9.011215262115229e-08,8.788604981872456e-06,0.0005797178610967933,0.0031348737814024708,5.706162099510466e-07,0.1847622392790234
22,3.853684556924939e-05,0.000425486827387248,2.5580728564619345e-07,1.4023764882551256e-05,0.00017061393874969168,1.4752499292832243e-05,0.0001140215146396019,8.172890056689212e-06,0.0008844427425027213,0.00013089893702767977,0.0683222394170901,0.00019397492100520263,1.2897154717702318e-10,0.006570258502262832,0.676074143894454,1.987399799476107e-07,2.563162786953131e-05,8.379186471582286e-05,3.995120881244704e-06,1.1378876587120882e-07,1.0935398938962985e-05,0.0009711491471669845,0.0038270001977385127,7.260109295470441e-07,0.242114635471836
23,2.8082284790265436e-05,0.0005323534015963481,1.6784332960003142e-07,9.128895186647342e-06,0.00015246674023726667,1.825144387423288e-05,0.00012951953569382928,6.841240998656272e-06,0.0008374282615065074,9.515365434287534e-05,0.03554405176936889,0.00020892676250171635,9.018512277559109e-11,0.006833518394902325,0.6667412591700819,1.630108924663201e-07,1.841573636782339e-05,6.142025657026176e-05,3.97049312219143e-06,6.921498411064628e-08,7.987801427479965e-06,0.001072636722978348,0.0031380855828081053,9.069602723676823e-07,0.28455919473198077
24,3.191520038210942e-05,0.0006671594506048206,1.7041225340771605e-07,1.2699311399689175e-05,0.00018276875993614936,1.5579352869373106e-05,0.00011236388224883006,6.397018509997774e-06,0.0007770474062886645,8.704320246701487e-05,0.0460672153314611,0.00019898388986292016,1.0166949200424605e-10,0.008021658620881373,0.6193224344786896,1.439395166567795e-07,1.6792773925391653e-05,6.328898780794709e-05,3.590095608837885e-06,8.925966508533748e-08,6.640026476908358e-06,0.001032547020774309,0.002995568816274368,7.521370025199023e-07,0.3203771505234234
25,5.0683988655503584e-05,0.00022553506989515224,2.4170960732654535e-07,1.1605945252529673e-05,0.00019131613360214296,6.515451450100509e-06,0.00016629261011903392,1.1134218705509354e-05,0.0007481733737352691,0.00012324807462785566,0.09298282378441049,0.0003250385600448906,1.6079013816752032e-10,0.012168161506519217,0.6236646083453127,1.3414469853773914e-07,1.4549118614557455e-05,4.5719162005948526e-05,1.8904321265946305e-06,1.0571779516246652e-07,5.313743805669648e-06,0.000599775987145547,0.002095518978174887,5.322066846467659e-07,0.26656108157622066
26,4.661244497800101e-05,0.0005673797226965805,1.623087756243645e-07,1.1382597005335388e-05,0.00025110577874053213,3.81938785615451e-05,0.00019835522298338796,6.941816345586642e-06,0.0017920629394274558,0.00017741777315523946,0.03126398830910491,0.00015143691083858068,1.3445480768727359e-10,0.006372738229810308,0.5347767720900302,2.2453964974422577e-07,3.7703072462473164e-05,0.00011735921447595732,7.99869594691368e-06,8.751761803251596e-08,9.75518644455224e-06,0.0012776175011403367,0.006208908573906609,1.7107003717479567e-06,0.41668408484107566
27,1.9958055096144804e-05,0.0007175296878137888,1.0762792144307407e-07,7.700818988607828e-06,0.0001022457365435393,1.5296002541491364e-05,8.312622759400455e-05,6.667991169612218e-06,0.0009641821131001859,7.189920891698421e-05,0.028970596984654005,0.00015870981160895776,4.928762104196832e-11,0.003746061927815469,0.6692365565213363,9.832048959609614e-08,1.2424466567352285e-05,3.6656202207704434e-05,3.302342171840491e-06,3.752019976950919e-08,4.485961242256102e-06,0.0013376719707833534,0.00197643041795176,5.074063238989395e-07,0.2925277466276742
28,2.8082284790265436e-05,0.0005323534015963481,1.6784332960003142e-07,9.128895186647342e-06,0.00015246674023726667,1.825144387423288e-05,0.00012951953569382928,6.841240998656272e-06,0.0008374282615065074,9.515365434287534e-05,0.03554405176936889,0.00020892676250171635,9.018512277559109e-11,0.006833518394902325,0.6667412591700819,1.630108924663201e-07,1.841573636782339e-05,6.142025657026176e-05,3.97049312219143e-06,6.921498411064628e-08,7.987801427479965e-06,0.001072636722978348,0.0031380855828081053,9.069602723676823e-07,0.28455919473198077
29,2.8082284790265436e-05,0.0005323534015963481,1.6784332960003142e-07,9.128895186647342e-06,0.00015246674023726667,1.825144387423288e-05,0.00012951953569382928,6.841240998656272e-06,0.0008374282615065074,9.515365434287534e-05,0.03554405176936889,0.00020892676250171635,9.018512277559109e-11,0.006833518394902325,0.6667412591700819,1.630108924663201e-07,1.841573636782339e-05,6.142025657026176e-05,3.97049312219143e-06,6.921498411064628e-08,7.987801427479965e-06,0.001072636722978348,0.0031380855828081053,9.069602723676823e-07,0.28455919473198077
30,2.8082284790265436e-05,0.0005323534015963481,1.6784332960003142e-07,9.128895186647342e-06,0.00015246674023726667,1.825144387423288e-05,0.00012951953569382928,6.841240998656272e-06,0.0008374282615065074,9.515365434287534e-05,0.03554405176936889,0.00020892676250171635,9.018512277559109e-11,0.006833518394902325,0.6667412591700819,1.630108924663201e-07,1.841573636782339e-05,6.142025657026176e-05,3.97049312219143e-06,6.921498411064628e-08,7.987801427479965e-06,0.001072636722978348,0.0031380855828081053,9.069602723676823e-07,0.28455919473198077
31,4.0793268701800163e-05,0.0005604752391179952,2.3107653469369622e-07,1.0549826253813895e-05,0.00011933655140504507,1.3377782362289102e-05,0.0001073692683843032,1.495055632742465e-05,0.000724872409026553,9.151460247320154e-05,0.041590876718121735,0.0002953606624707067,1.70998656381688e-10,0.0071890409685527405,0.7635740274168229,2.425970710900978e-07,2.0013769504616812e-05,7.82680150285565e-05,5.563010154368999e-06,7.127855959489868e-08,7.671244752684055e-06,0.0012755429898037728,0.00184588357010802,9.070848287683589e-07,0.18243305992263464
32,3.000595730965895e-05,0.0006471821563530445,1.7736862029246955e-07,9.3668396135467e-06,0.00015457265713535,1.9686604506179452e-05,0.00011875115517553663,7.052947445472234e-06,0.0008494104011186114,9.521961042545993e-05,0.03420791616967348,0.00019398364373424004,9.90656213287987e-11,0.006589809196093269,0.6726019100110858,1.753042666257153e-07,1.972094079252039e-05,6.713295042135549e-05,5.080717220197988e-06,6.851049856111247e-08,7.889445561067886e-06,0.0011743893563997188,0.003062925109555635,9.858220132180981e-07,0.2801365870259155
33,0.0001003756680524255,0.0028240487240454,3.8684178113041903e-07,2.8845190738160647e-05,0.0002437183176473279,0.00010538861265188658,0.00042907304068534336,1.9862465680525988e-05,0.0008568560718993318,0.00015029693650991013,0.017476666218673977,0.00047300768997980854,6.356776742898228e-10,0.01112719843079931,0.536838762572123,1.3267323420993658e-06,0.0001503300073113088,0.0003533734415481295,5.502829188656281e-05,1.0375053415137946e-07,1.8491340384471815e-05,0.008525840841034754,0.004077441859227241,1.0681044861742966e-05,0.41613289527392416
34,0.00026639382963324835,0.0005235265493099502,3.457595021745256e-07,1.3733328124870398e-05,0.0003827286772436427,5.788527936495825e-06,9.697383958282734e-05,9.342584733128387e-06,0.0010357775632834011,0.00012628112934322128,0.11266311689671422,0.00011198947965050279,2.381854596419473e-10,0.019224729680922474,0.5804523693327178,1.8857283775529774e-07,2.6048442996529446e-05,7.547028624544321e-05,1.3745851677331217e-05,8.617364295934168e-08,3.7728725538922516e-06,0.0005721763819867639,0.0019429028624878318,7.380117503537867e-07,0.28245177312693776
35,4.6013390979150654e-05,0.0009005861007615805,1.545334397882643e-07,1.306049259334347e-05,0.00015471083207453068,1.922281959346986e-05,0.0001145610197420733,1.5005535712680667e-05,0.0018949773426306675,0.00010294811086752499,0.03962602892740701,0.0001879314769745305,9.70047680697481e-11,0.0034577899337185623,0.6653896250272618,1.7583831004635187e-07,1.950321817545666e-05,5.416396755589545e-05,6.691521509661167e-06,4.2981707569944737e-08,4.2766474614930375e-06,0.0021468295413765285,0.001610864281326282,5.458230284457204e-07,0.2842342905387871
36,2.5785260235370035e-05,0.0008409410996375308,2.267005006090221e-07,1.038067314829093e-05,0.000344876406401133,3.3845264410705243e-05,5.3985921702963334e-05,2.629416531318498e-06,0.0011892997161350681,0.00014928601847166476,0.0363242780143414,4.7636634736275905e-05,7.75792070872042e-11,0.005499953669578597,0.6950085309507329,1.3274289349892035e-07,9.006979979161864e-06,5.990080903043526e-05,7.299247859569106e-06,9.728144120163959e-08,9.98232784516202e-06,0.00034347253077772835,0.0070707201042156855,8.612452056021291e-07,0.25296687090660896
37,7.546997502495415e-05,0.00042697611951274196,2.9877952395557593e-07,9.282395964731302e-06,0.00024238431540461096,1.6076713548737444e-05,0.0002576204721428734,4.6874288206785676e-06,0.00044956730589717256,8.39784235318127e-05,0.03240777743425915,0.0002885030117238748,1.917757497319002e-10,0.028354413957867378,0.5371641772773116,2.906817754034053e-07,3.419553983017621e-05,0.00010112212707361081,6.093199830166737e-06,9.612143185772929e-08,1.6506068916616992e-05,0.0006828987162707961,0.006001270201970142,3.056983202691815e-06,0.39337325655738853
38,2.3583223942213648e-05,0.0005275492860961337,1.6606436509341807e-07,9.140555886117924e-06,0.00012191357298336736,2.528117205997721e-05,0.00013759267146371126,7.16317785547916e-06,0.000761722845614193,8.551972097500014e-05,0.029525309474909917,0.00022692006125444244,9.755010896039198e-11,0.006026798051755183,0.7466388445724662,2.3134932070969956e-07,1.675140669292138e-05,7.818408043294631e-05,4.326852047343975e-06,6.603089590544742e-08,1.0943915843368638e-05,0.0010804018953825202,0.0036836234417816846,1.0790193966537682e-06,0.21100688745902874
39,1.3270388182075898e-05,0.0009604129436681819,2.511696175284706e-07,8.959874691493938e-06,9.780707547250633e-05,6.0815689075371266e-05,0.00010555220179432524,1.1498816820619283e-05,0.0009203710917150385,6.367068886380863e-05,0.014644416291528642,0.0003791124231150821,9.887633636198498e-11,0.0026052858776844504,0.8217469113154907,4.38439918731161e-07,2.7650020440953432e-05,9.917095241697237e-05,6.813240307056466e-06,6.029933439694985e-08,3.198120885545328e-05,0.0026307441983537245,0.0035510468692241544,1.3134499596505586e-06,0.1520324453745929
40,2.7002253033436316e-05,0.000503011534123826,1.80141157534865e-07,4.089025077860849e-06,0.00018206726215032055,4.92543636779305e-06,8.764622745259404e-05,3.3057696834380414e-06,0.0003896269440678592,3.903028148738015e-05,0.037200402296901657,0.0001932133194360283,5.234100594070694e-11,0.013150650463901977,0.5830703880773503,6.069759050668541e-08,1.1290088986183341e-05,2.5085031626979723e-05,2.2090363485728345e-06,4.8045254781233204e-08,5.015612042519057e-06,0.0005771220080891835,0.0017479831536789667,5.376649680309139e-07,0.36277510957688136
41,1.9159957066074782e-05,0.0009788324051674263,1.176522959775145e-07,1.1022231535132062e-05,0.000214218355365045,1.155387525500875e-05,2.7974706255605742e-05,7.303167651768311e-06,0.0012974820838143704,4.8485203267599015e-05,0.0542296559779763,6.05213983339148e-05,7.005855148949485e-11,0.0037837982276951545,0.8234732012096805,1.2045321554885462e-07,3.890321665834352e-06,5.945039761795059e-05,4.338343697896536e-06,6.533588355219189e-08,2.781984037214395e-06,0.0003885792130121901,0.001501581912022237,1.7788195596362775e-07,0.11387568763547325
42,2.162989960590247e-05,0.002626372117344769,2.7710653845784806e-07,1.875718746954814e-05,8.344795401341785e-05,4.816331136321085e-05,6.633386025905737e-05,2.4486870041341515e-05,0.0017631736848268734,7.361363264117686e-05,0.022058434477182587,0.0002604570282374015,9.604729912850962e-11,0.0011706329211008855,0.8242753080198878,4.475817239033917e-07,2.469556174901457e-05,6.161277835366871e-05,1.4142758289624652e-05,3.4378605220012854e-08,1.0223907973416014e-05,0.006839461745506022,0.001259105345001093,6.103549256555459e-07,0.13929857742131269
43,3.5996597154732074e-05,0.00032992522548254383,3.961524664746267e-08,3.1738296388063865e-06,9.509510846584778e-05,1.4363729427620512e-06,6.127998948891053e-05,1.3174312135808578e-06,0.0002785024286968515,1.3961543494169175e-05,0.049200535134682845,8.396787829609402e-05,1.9120763020540625e-11,0.020682685653054856,0.4032740430472984,2.3004285649450796e-08,4.0928568284955455e-06,1.5727826464861907e-05,9.290193098094144e-07,1.6300429705877942e-08,7.812634922926643e-07,0.00021724854435504356,0.0012546402596262534,1.9149841976112324e-07,0.5244443895525103
44,2.8082284790265436e-05,0.0005323534015963481,1.6784332960003142e-07,9.128895186647342e-06,0.00015246674023726667,1.825144387423288e-05,0.00012951953569382928,6.841240998656272e-06,0.0008374282615065074,9.515365434287534e-05,0.03554405176936889,0.00020892676250171635,9.018512277559109e-11,0.006833518394902325,0.6667412591700819,1.630108924663201e-07,1.841573636782339e-05,6.142025657026176e-05,3.97049312219143e-06,6.921498411064628e-08,7.987801427479965e-06,0.001072636722978348,0.0031380855828081053,9.069602723676823e-07,0.28455919473198077
45,2.45512499903519e-05,0.0004587481742892945,1.7273181376863158e-07,9.280038690093329e-06,0.00010382174769485592,2.7226656042288e-05,0.00019816147613144466,2.203167287892966e-05,0.0009234471340188355,0.00011601904230722305,0.02550579091572976,0.00033028604054977984,1.756037641194565e-10,0.004417359788877542,0.8384080608961548,3.5558547749566454e-07,1.4975689512188849e-05,8.456796320392468e-05,5.4357137025770796e-06,5.903083191963914e-08,7.44922503653285e-06,0.0015596502500114223,0.0016024356989815757,1.184813822377032e-06,0.12617892828864713
46,0.00015927149762583878,0.0007888536618227656,6.264696644112993e-07,4.122435016355799e-05,0.0002799418333982466,6.856568680838979e-05,0.00046326483647190564,2.387203572317527e-05,0.0016817363152733474,0.00040152632733959936,0.04274549268350387,0.000751106295642851,5.359888505426318e-10,0.006776922830420467,0.3846243594316659,7.099866578850018e-07,0.00021226435775708008,0.00011754155973499325,1.654077619504204e-05,1.4992579438371792e-07,2.6887361098508695e-05,0.007262078477529097,0.0047904648413653,4.103476021487489e-06,0.548762494446333
47,0.00013052179002839953,0.000858750007058646,4.7672036837101807e-07,3.060714565553941e-05,0.00018320735280242197,4.0497751171395785e-05,0.000408113349950779,2.143872029191702e-05,0.0012053677214315752,0.000201115503164928,0.03982851022580724,0.0006479075716794191,3.7381172651096715e-10,0.00978111799260701,0.5657042748172504,7.813683294563606e-07,7.909899235297229e-05,0.00011145867159122545,1.4456529671168813e-05,9.111625108153456e-08,1.6512204678049385e-05,0.0046748747110332434,0.003663560050909662,3.401389264903074e-06,0.3723938579228386
48,3.8631619372271526e-05,0.0007094065939425809,2.014525132868548e-07,1.0490251399481701e-05,0.00016891637472618302,2.9024323654997932e-05,0.00017161453788364195,9.229152889817578e-06,0.0009612791223647027,0.000136048874571866,0.028638106549843362,0.00023921609002527746,1.3723028051020405e-10,0.006615082203279003,0.6260304886930336,2.3483533369668305e-07,3.321952012697508e-05,8.181386037206293e-05,7.733620750840865e-06,7.101636511678138e-08,9.344822152668047e-06,0.0018071041977309119,0.003255496944714137,1.681002231879985e-06,0.33104556420349135
49,2.072561959460685e-05,0.0007861825059189997,2.2151151414034228e-07,1.0983516230892495e-05,0.00013470306625443996,3.060819476369124e-05,0.00013808863791792822,1.01111282064504e-05,0.0010491330998189218,0.00011166848341600611,0.02852664288523411,0.00032940222293394037,9.913071998608557e-11,0.003810336092494049,0.6892282147949916,2.047325222696247e-07,2.1800555908306927e-05,5.295731801208546e-05,4.4691086096790844e-06,7.127010293147516e-08,1.0509662372251971e-05,0.00229439252140014,0.00262486514409331,9.632197076562974e-07,0.27080274460885095
50,9.77456945601452e-05,0.00021531199681080183,2.4489636133764105e-07,1.1390803219746924e-05,0.0002615628575808255,1.294307484968809e-05,0.0004362439042963115,1.1835105147623233e-05,0.0009239139705100565,0.00026985717719899026,0.05266401393066784,0.00031267872527734485,2.461730169266037e-10,0.017339880373051685,0.4552919516365126,1.95901369491643e-07,2.9459198092713006e-05,5.138159435751395e-05,4.56075491173771e-06,9.58194094857157e-08,4.540068263669673e-06,0.0008366816418354482,0.0025464083344615158,1.908525260059472e-06,0.4686751937698202
51,1.2454679948986814e-05,0.0010992457836923434,9.22825439195037e-08,9.918514547248472e-06,5.9950928306458044e-05,1.1769705840369919e-05,3.791990036806288e-05,6.677228455345936e-06,0.0006150017668510181,3.797148428170849e-05,0.03005561370815701,0.00013236798078485965,3.9112318302987516e-11,0.0026329908500668927,0.7949010182766468,8.82436476175074e-08,7.117658567915769e-06,3.8337503657813815e-05,2.4668787079041865e-06,3.4204008962108364e-08,4.50792271421129e-06,0.0013296653156134061,0.0014580398665020736,2.762685549204421e-07,0.16754647300842182
52,1.758433934964348e-05,0.00021329236833925972,7.310809386301981e-08,1.005352897123248e-05,7.167180002437734e-05,2.3535763740132556e-05,4.311048269344589e-05,1.5146767473578818e-05,0.0007915808434236178,0.00022908864790918538,0.04036368556475493,0.0001293666906336823,1.4011424149890376e-10,0.0028294576174514195,0.8920830784098609,1.374469267397633e-07,4.442979167065059e-06,9.667884670761728e-05,3.174404446979858e-06,1.1201678539096631e-07,3.186371494798515e-06,0.0004200455218399898,0.0015540680755519187,4.4986560179364586e-07,0.06109697839864397
53,2.8645804898588174e-05,0.0005894683855424822,1.6578493429535033e-07,9.020448047371297e-06,0.00014803485535222884,1.843980124829144e-05,0.00011904337051958107,7.034157324788232e-06,0.000833708814090556,9.440542024589326e-05,0.03427880809279088,0.00020001589925787658,8.973998161657584e-11,0.006483220682511698,0.6712109040814943,1.6032589527715526e-07,1.876744424665432e-05,6.0780982784338805e-05,4.433845749903475e-06,6.518166698550509e-08,7.5517849748068855e-06,0.00114870150915614,0.0029026151559956833,9.058699918733051e-07,0.28183510221153923
54,0.0001440743846701464,4.151192578020047e-05,3.130894371622749e-06,9.225105328662749e-05,0.0015947477818993418,0.00017298562839559184,0.0006571381316150612,5.1452419554502436e-05,0.003272483119409317,0.0033684422574410872,0.34450648585617943,0.0013766215812475828,9.258408123319964e-09,0.015187218393699058,0.5156538844063079,5.338409855000728e-06,0.00026159959044449213,0.0024675558854164227,1.2492912752600537e-05,8.274800179296291e-06,0.0002500938290014745,0.000594772586075425,0.043072689232523775,5.395706604160441e-06,0.06719934995488172
55,2.79584940360488e-05,0.0003505713754094112,1.66359473492162e-07,9.191748423861174e-06,0.00017911421615780617,2.6394261938034686e-05,0.0003174545594305988,1.4378743984572329e-05,0.001145652917799617,8.951599257003461e-05,0.028763841025332828,0.0007675961027468891,1.7447971152933104e-10,0.009833592026177925,0.66126112580837,3.2040511980285353e-07,1.8099225875978295e-05,9.409555240606986e-05,2.954209326935748e-06,9.720133639163368e-08,8.76238834797639e-06,0.0013550317938795795,0.0029337415332433823,1.308763493923623e-06,0.2927990351206392
56,3.0951493636050245e-05,0.0005435729046979797,1.8315419522287744e-07,1.017445800068363e-05,0.00015922905348674958,2.0318035346123185e-05,0.00014179359199260978,8.054947493941976e-06,0.0008925554645410034,0.00010764212068749732,0.036489365746222004,0.00022887882394057081,1.1349879012688229e-10,0.006997962961657292,0.6677333067123117,1.8820089375242936e-07,2.0085877561238966e-05,6.797486202964741e-05,4.424406358380169e-06,7.812051796314683e-08,8.314768074097388e-06,0.0011471737918205126,0.0031826470025804457,1.0227941111350229e-06,0.2822041005943446
57,2.7664935181237955e-05,0.0005884976052208243,4.5070079433796276e-07,8.960314873329617e-06,0.0002536250665546019,2.737118025839872e-05,0.00019178027220328713,1.022497938509717e-05,0.0011367239666859237,0.00015008917685232367,0.03431284966123219,0.00045068221392879167,1.6562591138981168e-10,0.006432620942129892,0.6433029025453798,2.708765898142344e-07,2.9616306611439935e-05,5.0548357804022255e-05,5.3995999119018836e-06,1.1433963102232178e-07,1.4762585893610878e-05,0.0016969513848277037,0.003133406902515723,1.3859760864477925e-06,0.30817309994382225
58,3.2091409135264264e-05,0.0005740610458208983,1.9154808854497747e-07,9.277000077351965e-06,0.00016840327429313613,2.488869974334376e-05,0.0001597161373963625,7.819363854986989e-06,0.0008610176067977893,0.00012415448400342378,0.029499858069886278,0.00024500875448063694,1.268066836725803e-10,0.007472794317752543,0.6489104579805406,2.022351769097351e-07,2.3853857541465437e-05,7.475960229220766e-05,5.3913433369674455e-06,7.75528876938908e-08,9.501840708185366e-06,0.0012700738383187291,0.003558645236749461,1.489674301431067e-06,0.3069662650000091
59,3.2282815159812345e-05,0.0005714892625834794,2.2236489464612156e-07,9.797365837772978e-06,0.0001773373131383291,2.3528477958357753e-05,0.000161397244315193,8.015427123392841e-06,0.0008606985436435252,0.00012118394073032328,0.032577330817629147,0.0002627153469902362,1.320992282732952e-10,0.007693132495194278,0.6526445339355206,2.1436771995958337e-07,2.4263732841462036e-05,7.264476771445323e-05,5.200249550098005e-06,8.501120674696917e-08,1.0290777848351073e-05,0.0012734521573664608,0.00354402009957046,1.4021089853678196e-06,0.29992476124437845
60,2.8082284790265436e-05,0.0005323534015963481,1.6784332960003142e-07,9.128895186647342e-06,0.00015246674023726667,1.825144387423288e-05,0.00012951953569382928,6.841240998656272e-06,0.0008374282615065074,9.515365434287534e-05,0.03554405176936889,0.00020892676250171635,9.018512277559109e-11,0.006833518394902325,0.6667412591700819,1.630108924663201e-07,1.841573636782339e-05,6.142025657026176e-05,3.97049312219143e-06,6.921498411064628e-08,7.987801427479965e-06,0.001072636722978348,0.0031380855828081053,9.069602723676823e-07,0.28455919473198077
61,3.124132609241855e-05,0.0005462064725295591,2.0889430745952265e-07,8.940613045170123e-06,0.00017132407364118995,2.1140065626358925e-05,0.0001501730796387541,7.316688156354527e-06,0.0008530927421396036,0.0001129585453077195,0.03287499617258119,0.00024449336029677113,1.1476787111042082e-10,0.007542198189703624,0.6504445392279257,1.9082457960190052e-07,2.2428937310404042e-05,6.477324609604679e-05,4.7915102612816245e-06,7.728490675179112e-08,9.552595875679068e-06,0.0011765473760630525,0.0034300159815843756,1.2434365230732604e-06,0.3022815492410399
62,2.8082284790265436e-05,0.0005323534015963481,1.6784332960003142e-07,9.128895186647342e-06,0.00015246674023726667,1.825144387423288e-05,0.00012951953569382928,6.841240998656272e-06,0.0008374282615065074,9.515365434287534e-05,0.03554405176936889,0.00020892676250171635,9.018512277559109e-11,0.006833518394902325,0.6667412591700819,1.630108924663201e-07,1.841573636782339e-05,6.142025657026176e-05,3.97049312219143e-06,6.921498411064628e-08,7.987801427479965e-06,0.001072636722978348,0.0031380855828081053,9.069602723676823e-07,0.28455919473198077
63,2.4057803640879822e-05,0.0006807141245821707,1.4423747841050487e-07,8.548108338740385e-06,0.0001324666212192974,1.778400484312516e-05,9.942884936683385e-05,6.231599063404783e-06,0.0008179501742033658,7.691259694064265e-05,0.03182398230305749,0.00016843219261546434,7.391657609823553e-11,0.005502633089505641,0.6848345612030698,1.401199790251682e-07,1.5935796037930305e-05,5.770570729920938e-05,4.0811258366801114e-06,5.717493391941063e-08,7.120802387808482e-06,0.001122470739678068,0.002829229567861845,7.639421846776663e-07,0.2717686480419588
64,2.3496257437723723e-05,0.0005529546602061735,2.1378299496214047e-07,8.599940843764889e-06,0.00014494046549699846,2.0488298853114857e-05,0.00011622507010113572,6.0660231446997976e-06,0.0007741615295238844,8.527561424495315e-05,0.03143472712812864,0.00024163471811511358,8.609213616111285e-11,0.006268977609674802,0.6905278830567613,1.7954337779772247e-07,2.0331884015916996e-05,5.872514807628503e-05,3.6484251517315946e-06,7.345825072978441e-08,1.3754098999309184e-05,0.001100773776980289,0.00395243698129504,9.735652766890828e-07,0.2646434588769568
65,1.4145595716731191e-05,0.0007737690027820608,1.435671763883551e-07,6.4181638946378644e-06,0.00012711264166095625,2.4170952656860323e-05,0.0001005198270623212,3.5923490669359327e-06,0.0006157208229990899,5.00871910096552e-05,0.01861619816899766,0.00017787625062697793,5.4191992603947224e-11,0.005629309385361819,0.6518256281567432,1.3989469894211193e-07,1.793644034006688e-05,6.696329138536434e-05,3.385545399062677e-06,5.9474558862577715e-08,1.4545663940252046e-05,0.001089283041069173,0.0047350755733922565,1.0765360872437563e-06,0.3161068424091815
66,0.00014437546623213984,0.00031136946245373425,9.043115098520848e-07,2.2880596902668058e-05,0.0011334748358196693,3.4570888432066904e-05,0.0008393633641102766,1.3990613382641435e-05,0.002142015531254825,0.0004896439867802071,0.08323968650531313,0.00040066822797418236,6.949769779041628e-10,0.018951017251598954,0.38989853251108625,5.821996928802987e-07,7.11202188566039e-05,9.422595470618363e-05,1.0555002285964518e-05,3.587146239066185e-07,1.3565274370843577e-05,0.0011502896985839048,0.0053106251369545695,3.0929811302773027e-06,0.4957230905709673
67,8.409216841773763e-06,0.0008881723978539094,9.74812729926613e-08,5.499991052714445e-06,7.041931804964579e-05,3.754959284158096e-05,7.49389323848169e-05,2.395080575318295e-06,0.0005003100717309573,3.7563890357316696e-05,0.011453859311500378,0.0001544649023911724,3.648966685059729e-11,0.0038545659187031347,0.6337980065195354,1.1986924433983154e-07,1.6619851804829828e-05,7.029165170187085e-05,2.983517855287498e-06,4.460869563248372e-08,1.8754579842358614e-05,0.0011135761521014701,0.006827086817764522,1.1682304804514566e-06,0.3410631020589286
68,2.4636705214339066e-05,0.0005118163314032748,1.6224365680305476e-07,8.720097512015316e-06,0.00014596705137401636,1.990507104571654e-05,0.0001287382795152348,7.1058579001926e-06,0.0008090848418301828,9.258490852632623e-05,0.033123986190286864,0.00022608158041910486,8.9536137318412e-11,0.006389730449970698,0.6885894519331919,1.640712444945307e-07,1.7471467348945794e-05,6.399925310844444e-05,3.6689078784107887e-06,7.096747502700626e-08,8.74260147752086e-06,0.0010696784014488114,0.003122463786742046,9.03078462642973e-07,0.26563486583343093
69,1.7120609890675918e-05,0.00040685564492999013,1.1991822244797364e-07,7.760406094979482e-06,0.00011716211170743227,1.3296573044021392e-05,7.488036217671872e-05,5.207232662003288e-06,0.0008440712276271317,7.481662453411459e-05,0.04332932737783833,0.0001555850523600627,5.26545059126262e-11,0.004356895827607426,0.7109020344740967,9.121057816351841e-08,1.142897329160022e-05,5.022003947085063e-05,1.9546453584357822e-06,6.583045860869363e-08,7.414735248023105e-06,0.000737521436991412,0.0031878435630142395,4.001122881073633e-07,0.23569792595785383
70,1.4428981742952686e-05,0.0004522229828160037,1.8990955431741655e-07,1.6677634796936353e-05,0.00012626169268401934,2.6689154526307103e-05,0.00012451688289195743,8.181494515727866e-06,0.0013605262487843396,9.896329270775308e-05,0.048157724262364324,0.00025337693805558523,7.05810050327488e-11,0.0037741833974009238,0.7414006696246247,2.1080718597116885e-07,8.05865962758229e-06,4.560996054419472e-05,1.7969377121809308e-06,9.73320173085271e-08,8.86828606653743e-06,0.000925819784597085,0.0036282138757869936,4.176646065456793e-07,0.1995662941238086
71,4.093986659873919e-05,0.0004033371998119759,2.0185985898621e-07,1.0730474985349654e-05,0.00023092270915582954,2.2712230677818625e-05,0.0002681640117966377,8.604917327596524e-06,0.0011068754339347547,0.0001523414061537812,0.0386142582862213,0.00026298697109611156,1.3852267365408696e-10,0.009044839276842062,0.5755549196860584,2.0752585390032656e-07,2.5498449275107736e-05,6.698886552403077e-05,4.362786037063869e-06,9.147815292729847e-08,8.120268155930087e-06,0.0011403635510182262,0.0035968961391363947,1.379126474258705e-06,0.36943425734133
