,0,1,2,3,4,5,6,7,8,9,10,11,12,13,14,15,16,17,18,19,20,21,22,23,24
0,5.314545794921682e-07,0.0022084169279466058,9.029037728899277e-06,7.134704648528269e-06,7.66640940293672e-05,4.10391180003394e-05,0.018246197685204267,0.00020377558514271296,0.0014743637030463135,5.224777182555016e-05,4.8240412449256774e-05,0.000307814941890498,7.334865437525339e-10,0.001097091547555102,0.959098368013756,0.00024253068911147708,4.4629177406879997e-07,3.883723006636517e-06,0.0002960645583342898,6.697819578779469e-08,0.00034059176561983804,0.0071958365131227315,3.3050674109918816e-06,7.063676447489947e-09,0.009046351618458397
1,3.2870868208843247e-06,0.010540488016170475,7.211665874886168e-05,6.451805431506011e-05,0.00011393478753487006,7.315381019845166e-05,0.12296795905135877,0.00035132459566560053,0.0024128990509218965,0.0006412218991359462,5.9413358866335576e-05,0.0016421755828919715,1.3372571365779954e-09,0.006205112399671184,0.7681058825798632,0.0002976495528140576,6.291759312620317e-07,2.265228701953849e-05,0.00024648065866954635,1.4968912173690037e-07,0.0010313879085552375,0.01151414891933633,2.095819750283981e-05,1.750744131686369e-08,0.07361243783418739
2,2.515780855322478e-06,0.008123726826743232,3.8032450143615977e-05,4.4179412840983586e-05,0.00015348417318150701,4.409361345362904e-05,0.10977382398718037,0.00024798720954519936,0.0014245833665177967,0.0003973615022439904,5.991217826557931e-05,0.0012644211130823427,1.0278131659373616e-09,0.00800383186523892,0.7661262213155041,0.00016670049879376667,7.044771533176975e-07,1.89857005400181e-05,0.00012174672370893929,1.3763446690414086e-07,0.0006451659277780433,0.009403922348696216,2.1604388639365497e-05,9.190091456613961e-09,0.09391684728752248
3,3.189485812910476e-06,0.010640459329658406,5.916106350180361e-05,8.244170120626606e-05,0.00014560291344609474,6.675848309112189e-05,0.13730826698192913,0.00034965703402441205,0.001915953766365065,0.0005780731764104607,8.78346473906293e-05,0.001919899088493937,1.3652593672654608e-09,0.010875924544675163,0.7183439144449905,0.00021615214970563057,9.534561731571134e-07,2.763378577397608e-05,0.0001828847220309411,1.6136998211876774e-07,0.0010758449402494374,0.014015403976918606,3.3300890362882065e-05,1.6487072419597408e-08,0.10207051019547562
4,3.4182848658435936e-06,0.010948233353163256,5.6840798645971924e-05,8.80721565074331e-05,0.00015166938046910062,6.717272930967485e-05,0.13417490925640221,0.00032773071088712335,0.002047274235502208,0.0005589925689466578,9.000096857815815e-05,0.0022269727521746353,1.749782745529064e-09,0.012150145787696793,0.7073271537678264,0.00021463209859030552,1.1396642357794717e-06,3.05954669519472e-05,0.00018423154655091377,1.7550770299368216e-07,0.0011689421806873716,0.015369244722819904,3.42015373014089e-05,1.7509711805202877e-08,0.11277823126468925
5,4.2434865957564935e-06,0.012097061221100708,6.596617869186165e-05,0.0001282120417796902,0.00013679080052225606,7.404302653727514e-05,0.14572938111823958,0.00035348092002898684,0.002200564761223775,0.0007179053258770797,9.650303263303522e-05,0.0026852636976348134,1.8226633418808902e-09,0.01498271416259666,0.6650098382550818,0.00022206352996890266,1.3113230829060867e-06,4.7255803072126615e-05,0.00018107351872845436,1.8854637006758372e-07,0.0014034781410465211,0.018870370716310658,3.985212354849933e-05,2.146292225928573e-08,0.13495241498374286
6,3.189485812910476e-06,0.010640459329658406,5.916106350180361e-05,8.244170120626606e-05,0.00014560291344609474,6.675848309112189e-05,0.13730826698192913,0.00034965703402441205,0.001915953766365065,0.0005780731764104607,8.78346473906293e-05,0.001919899088493937,1.3652593672654608e-09,0.010875924544675163,0.7183439144449905,0.00021615214970563057,9.534561731571134e-07,2.763378577397608e-05,0.0001828847220309411,1.6136998211876774e-07,0.0010758449402494374,0.014015403976918606,3.3300890362882065e-05,1.6487072419597408e-08,0.10207051019547562
7,8.010360170548548e-06,0.014773319058239148,0.0001463872444841365,9.402146215654346e-05,0.00019508440113077594,0.00010191948069982378,0.2047206030692405,0.000483975753126552,0.0023496629857728633,0.000950170399578432,0.00011484065948615387,0.0022809794528146953,2.1577457070628657e-09,0.01085713352126297,0.6258247587946832,0.00023633627421796148,1.0515228553906766e-06,3.906487434088204e-05,0.0003242988037311875,2.136418218750569e-07,0.001100984428505924,0.011143452524166925,4.734833865519232e-05,3.361700742503683e-08,0.12420634717410498
8,7.206337157743683e-06,0.02471413523633837,0.00016250105940056412,0.00021837883550638392,0.00024913750882375957,0.00010816362398754714,0.27333590849974515,0.0005198947987692194,0.0021050768265911566,0.0015841182957339092,0.0001226851220196222,0.003021042582020829,2.0801443313332446e-09,0.0230033443161521,0.48432659599517053,0.00025792893625054296,1.1009568733707837e-06,3.574147183701626e-05,0.0002056103319998711,3.4834916777628184e-07,0.0012658656390814127,0.009782188787881093,0.00011120014104526182,3.549053865348766e-08,0.17486178877776384
9,4.103715349445297e-06,0.01943364056921267,0.00014171115471580957,0.00024089749813070114,0.0001385729830546421,9.630540974866059e-05,0.22755383887304712,0.000385832146493739,0.0025156357427749553,0.001501051821451702,7.960216827507e-05,0.0034385619870737905,1.9527113560579176e-09,0.015741302124354168,0.5625980931381181,0.000299605800132781,8.356133335245522e-07,3.3515264625491435e-05,0.0001649754757891229,2.9137965474004355e-07,0.0019771910583488805,0.012295055271864105,7.080284804234341e-05,2.9712216011411546e-08,0.15128854629148092
10,3.189485812910476e-06,0.010640459329658406,5.916106350180361e-05,8.244170120626606e-05,0.00014560291344609474,6.675848309112189e-05,0.13730826698192913,0.00034965703402441205,0.001915953766365065,0.0005780731764104607,8.78346473906293e-05,0.001919899088493937,1.3652593672654608e-09,0.010875924544675163,0.7183439144449905,0.00021615214970563057,9.534561731571134e-07,2.763378577397608e-05,0.0001828847220309411,1.6136998211876774e-07,0.0010758449402494374,0.014015403976918606,3.3300890362882065e-05,1.6487072419597408e-08,0.10207051019547562
11,3.3661992033836354e-06,0.010974569662681455,6.080663785788847e-05,8.68312576251774e-05,0.00015493720583109526,6.872448855403275e-05,0.1399467681045844,0.00035042123450657563,0.0019861941171809183,0.0005887482805129846,9.160469591743434e-05,0.0021023633622271887,1.6580684134534968e-09,0.011333117970846735,0.7105249236782109,0.000223281246946989,1.0575841730025876e-06,2.845605256548535e-05,0.00019113450078986216,1.8023192951997442e-07,0.0011296003634703314,0.014374230275801944,3.5691874949886564e-05,1.8280913696758e-08,0.10574297103465073
12,4.722297894064376e-06,0.019731588691879038,2.6367554809908173e-05,0.00011390962618734331,0.00031457469557990826,9.33078541136307e-05,0.08747788542097402,0.00010999032491501519,0.0012631980407316423,0.000992084988026038,5.072677057849075e-05,0.0011166081111137155,1.6998085168648248e-09,0.05993878629177526,0.36070206190631876,8.886911497074124e-05,4.843098811146989e-06,7.53709450567656e-05,6.100840018204223e-05,3.054188398565532e-07,0.0014083248745156757,0.013191507143789732,6.770588435084803e-05,7.427527923373206e-09,0.45316624341725004
13,1.1965358953872825e-05,0.024422037246340532,0.0001073601222764168,4.271429616612687e-05,0.00015028880940740294,0.00013426759859334444,0.11481304717610316,0.00012520071350410677,0.0036524247842625044,0.002273558501489573,1.0772905736208796e-05,0.0005880501977780358,1.3203631390408412e-09,0.002808673632037535,0.689760950317748,0.0003128755658165578,6.910041188063552e-07,4.2873712655697124e-05,0.00033126371781337557,1.9808210451252377e-07,0.000977125134835549,0.005560378307067174,1.2077058960672976e-05,1.7292695733565112e-08,0.1538611871431721
14,3.5189885791844464e-06,0.029229344902144884,3.166675000617374e-05,8.15121421734385e-05,0.0002578814785175993,5.9273576170666767e-05,0.19560052041434414,0.00038962486271784067,0.0016807366442969638,0.0010037985551829623,0.00011779070935640912,0.0015745978770362113,7.553305355668518e-10,0.01932504603544129,0.6491893736028043,0.00020221967313422925,7.518345642502168e-07,2.3426511614331984e-05,0.00027635944457548873,1.786703540250073e-07,0.0007167420232946344,0.012390032614318737,4.3285012692669794e-05,1.6493351107173104e-08,0.08780230042799787
15,3.189485812910476e-06,0.010640459329658406,5.916106350180361e-05,8.244170120626606e-05,0.00014560291344609474,6.675848309112189e-05,0.13730826698192913,0.00034965703402441205,0.001915953766365065,0.0005780731764104607,8.78346473906293e-05,0.001919899088493937,1.3652593672654608e-09,0.010875924544675163,0.7183439144449905,0.00021615214970563057,9.534561731571134e-07,2.763378577397608e-05,0.0001828847220309411,1.6136998211876774e-07,0.0010758449402494374,0.014015403976918606,3.3300890362882065e-05,1.6487072419597408e-08,0.10207051019547562
16,4.259209241912012e-06,0.011625526856577039,7.916238638361583e-05,9.057702546685059e-05,0.00018960552073114104,9.223094079152508e-05,0.13581127702025458,0.0003665324425840516,0.0021810950383110293,0.0005323690362618455,0.00011853301011807257,0.0016011103310050172,1.4883444967767518e-09,0.01132948420336693,0.7177544576683929,0.00021668189428775215,1.0747601366694655e-06,2.941066495354404e-05,0.00019964297318732178,1.7791285213851014e-07,0.0008608396937725389,0.011419094927283574,3.959644656298064e-05,2.1736024495364258e-08,0.10545723681310822
17,2.1923623036968194e-06,0.009562378944491565,3.559780931754804e-05,0.00012500159888962335,0.00018441719379804007,4.9153028223066545e-05,0.14332441933022075,0.0003961548157466985,0.001300955367213193,0.0005683091228961264,0.00012515581037133154,0.0029365944245176184,1.965356304118674e-09,0.025071608180806334,0.6417252768168298,0.00019404513921701655,2.1715311473372435e-06,3.2943855387745844e-05,0.00011623905439706545,2.551618246270491e-07,0.001399069078534933,0.024966185216522996,6.943743831021277e-05,1.3804036733031005e-08,0.14781242294963967
18,3.4174447797200576e-06,0.008223171969191631,3.71305938570507e-05,6.477434536171716e-05,0.00016562271374165772,4.5553848743328165e-05,0.13612285904112448,0.0001871325167508985,0.0012457999255276913,0.0006304998392331622,5.1976919701744177e-05,0.0020482043725972413,1.8117169901893996e-09,0.017304158382929886,0.5771674185830377,0.00012239851471996927,1.7816085187691618e-06,4.580035721006774e-05,8.633327866500985e-05,1.7476938486838952e-07,0.0012619453151065262,0.015334402837498968,3.445956345151483e-05,8.371465332518841e-09,0.23981497307568417
19,2.1638464554632906e-06,0.00934969002226837,5.8491337674589556e-05,9.651154055997963e-05,0.00010028309699957118,3.591548978901192e-05,0.1932405439037986,0.0003326524729964765,0.0018501302946384698,0.0005516570807320889,6.045043384899858e-05,0.0032489362759688684,1.3731421389133069e-09,0.00878522947641891,0.6691900825702545,0.0002142026695599962,6.189942380977649e-07,2.0484363125336385e-05,0.00012283578092129815,1.2932815271430556e-07,0.0012307368837218065,0.015364961594165446,2.6785417454097686e-05,1.2026191615411263e-08,0.09611649372692357
20,2.8426379597787606e-05,0.0645361509800564,0.00018989797116667699,0.00018998845357594922,0.0009258518535963181,0.00034474585396367135,0.26316217068610054,0.00015287769962883292,0.0047241241266402206,0.0023064564726388414,0.00012151225507901031,0.0021419162339426376,5.803293859887792e-09,0.036831359925613656,0.2324834012078827,0.00020600482643571153,3.0908723627436333e-06,7.344691419204117e-05,0.0003699368030518867,6.170710219181997e-07,0.0018686081889878249,0.004737852885139764,0.00017191594616663858,9.654620715453452e-08,0.38442954404365737
21,3.552500820464192e-06,0.01575847176220403,6.0442090436101474e-05,0.00012678340225306093,0.00011736746131341649,6.520597779979447e-05,0.15606137584077562,0.00045951902826295825,0.0028506557700639025,0.0007756132738814203,7.864235107395608e-05,0.0033339960030773284,1.5348602034719842e-09,0.017245008507990586,0.6933873879980629,0.0003654485965534982,6.724325782380444e-07,3.415798366291689e-05,0.00020174077837607847,1.7702546416432913e-07,0.0013427658158722234,0.016544519346039788,2.482642055573785e-05,1.7579477369522082e-08,0.09116165051854416
22,5.1293422658844325e-06,0.007979633559370848,6.34776778374427e-05,7.06962486380554e-05,0.00014400135628540097,8.55582988703674e-05,0.08889129743748955,0.0003107976778096504,0.0019506324494844936,0.0005179501004697704,0.00010019300932270036,0.0013603728314402646,1.547278254720078e-09,0.010151400123938503,0.745027153333807,0.000198310626654232,1.8154819110111105e-06,5.953182170852721e-05,0.000184780300545808,1.607658627563109e-07,0.001113319006727761,0.01903045514797485,2.7356702482596365e-05,1.8668388771274195e-08,0.12272595648343548
23,3.189485812910476e-06,0.010640459329658406,5.916106350180361e-05,8.244170120626606e-05,0.00014560291344609474,6.675848309112189e-05,0.13730826698192913,0.00034965703402441205,0.001915953766365065,0.0005780731764104607,8.78346473906293e-05,0.001919899088493937,1.3652593672654608e-09,0.010875924544675163,0.7183439144449905,0.00021615214970563057,9.534561731571134e-07,2.763378577397608e-05,0.0001828847220309411,1.6136998211876774e-07,0.0010758449402494374,0.014015403976918606,3.3300890362882065e-05,1.6487072419597408e-08,0.10207051019547562
24,4.6699953006336286e-06,0.020696585297872393,6.006969943993732e-05,0.00014773310822467894,0.00018048169829338906,8.44561497007363e-05,0.15654081110070542,0.00045693732739210624,0.0023372100477835112,0.0009510334205633865,0.00010827736452168986,0.002769775407679976,1.857727912223519e-09,0.023949077438354182,0.643124086998199,0.000276331869546252,1.434187553462003e-06,4.1702879254052644e-05,0.0002431227238992536,2.5568137522487103e-07,0.0012992641935779597,0.019021877808236592,4.983953021708155e-05,2.2571096080164328e-08,0.1276549416434852
25,2.0020567958171847e-06,0.01025885997776198,4.994279520245792e-05,0.00017038620085461155,0.00015988805012188834,6.661030787246823e-05,0.19637861854992947,0.001350619021549587,0.0015861893638647003,0.0005327222114648441,0.00031904689935602923,0.0029781467729105117,1.0365614456113234e-09,0.029447829890825637,0.6773722543244133,0.0003419732011437635,9.589853081402304e-07,2.7348291667921433e-05,0.0002183143756973673,1.7499992219099685e-07,0.0010480971461023026,0.023355749107718947,5.724414676110522e-05,2.141448489407862e-08,0.05427700087170886
26,1.828108675647327e-05,0.022973208851719495,0.0002165187207010672,0.00016279993523867504,0.000388097500675435,0.0002422046180249442,0.16190484472265906,0.00037628969050777203,0.004947015875963972,0.0011305432727845655,0.00021205649570596642,0.002450938797749081,5.282620641760893e-09,0.012672436902165051,0.6023720610837315,0.00031391442712961666,2.9582643079525533e-06,8.411750811208718e-05,0.0005510966580603891,4.73387009941551e-07,0.0019053605857489453,0.01569028955687325,0.00010823837986006211,1.3006615230449761e-07,0.17127611832974182
27,2.1986939800872334e-06,0.007514098441682571,4.079862997167126e-05,6.739896793945172e-05,0.00010364571804376697,5.3685141117980953e-05,0.09882809532662451,0.00035284640864991786,0.0017031502861593662,0.0004133252953209446,8.286949008143462e-05,0.0016146497642075285,1.0600367664944122e-09,0.008639595590214011,0.7876956528033927,0.00021554823156229547,8.948428692252441e-07,2.5270497556503953e-05,0.00016829916434703116,1.2501113310461152e-07,0.0009442305403876059,0.0181444058823272,2.3498834674766584e-05,1.3097507495877963e-08,0.07336570228021205
28,3.189485812910476e-06,0.010640459329658406,5.916106350180361e-05,8.244170120626606e-05,0.00014560291344609474,6.675848309112189e-05,0.13730826698192913,0.00034965703402441205,0.001915953766365065,0.0005780731764104607,8.78346473906293e-05,0.001919899088493937,1.3652593672654608e-09,0.010875924544675163,0.7183439144449905,0.00021615214970563057,9.534561731571134e-07,2.763378577397608e-05,0.0001828847220309411,1.6136998211876774e-07,0.0010758449402494374,0.014015403976918606,3.3300890362882065e-05,1.6487072419597408e-08,0.10207051019547562
29,3.189485812910476e-06,0.010640459329658406,5.916106350180361e-05,8.244170120626606e-05,0.00014560291344609474,6.675848309112189e-05,0.13730826698192913,0.00034965703402441205,0.001915953766365065,0.0005780731764104607,8.78346473906293e-05,0.001919899088493937,1.3652593672654608e-09,0.010875924544675163,0.7183439144449905,0.00021615214970563057,9.534561731571134e-07,2.763378577397608e-05,0.0001828847220309411,1.6136998211876774e-07,0.0010758449402494374,0.014015403976918606,3.3300890362882065e-05,1.6487072419597408e-08,0.10207051019547562
30,3.189485812910476e-06,0.010640459329658406,5.916106350180361e-05,8.244170120626606e-05,0.00014560291344609474,6.675848309112189e-05,0.13730826698192913,0.00034965703402441205,0.001915953766365065,0.0005780731764104607,8.78346473906293e-05,0.001919899088493937,1.3652593672654608e-09,0.010875924544675163,0.7183439144449905,0.00021615214970563057,9.534561731571134e-07,2.763378577397608e-05,0.0001828847220309411,1.6136998211876774e-07,0.0010758449402494374,0.014015403976918606,3.3300890362882065e-05,1.6487072419597408e-08,0.10207051019547562
31,8.118853456410208e-06,0.017301552292597014,0.00014006589930330528,0.00011349638282034557,0.00017580792493619994,8.745830142398103e-05,0.225270105647873,0.0008359972079549957,0.0019294517745986628,0.0012912914800894488,0.00010488418256024944,0.002153560042036291,1.6076142599341185e-09,0.013779695050538991,0.6072498212181734,0.00025137082960335915,1.0951949088184645e-06,4.379538472573346e-05,0.00033483804208579303,2.1990631975867751e-07,0.0011075946646332618,0.013161312483349289,4.823624243350223e-05,2.477313569618822e-08,0.11461020461282825
32,3.4126024201333247e-06,0.010963052191500882,5.827114872735346e-05,7.459851898978133e-05,0.00014159312058347623,6.981457673680737e-05,0.12993331317386253,0.00035735874570374143,0.0019855981447402383,0.0005788452665457667,8.799039728044925e-05,0.0018685685011835154,1.4082717287630492e-09,0.010005231279734355,0.7341518096041606,0.0002229090049386708,9.555052442945004e-07,2.7586724592819637e-05,0.00022436936870917957,1.5757249381715727e-07,0.0010611549328633047,0.014474039326134731,3.1052536032972106e-05,1.789718341357434e-08,0.09367829845136555
33,2.6857256276682635e-06,0.018218640199767155,4.315088205103475e-05,0.0002931069360198914,0.00026282508655351463,0.00016259025573213837,0.16160752198042244,0.0015716513952576136,0.0015582414274481176,0.0015738907285830373,0.0004198556499745006,0.0029764737053846356,2.9803485490842125e-09,0.06839681772238833,0.5987365358775625,0.0005676310069281466,4.910613126398876e-06,5.258891362704522e-05,0.00048936893532711,5.7558294830145e-07,0.002000423350230337,0.05598965315158928,0.00019312044452358894,5.035727701962819e-08,0.08487768709130189
34,1.5567801627958815e-05,0.01771270667697773,9.387528398461666e-05,2.265160846707072e-05,0.0001321189278558395,9.104326997774275e-05,0.07033702528809438,0.00026133425134127207,0.006595467660416875,0.00018940312781659196,9.064566496590474e-05,0.0015028143505833639,1.7662435884102622e-09,0.0029344433769383192,0.8434477852370393,0.00015907308626473307,6.064648919516975e-07,3.017791965852496e-05,0.001142623487272984,6.228718293757154e-08,0.000606375468847712,0.010011319562048728,6.685937111630309e-06,3.618861576682767e-08,0.04461615530577453
35,8.164050847882208e-06,0.012598687509418578,0.00010135555068593077,0.00010025949474496124,0.00012064219288655436,5.922238470815833e-05,0.19557852373934845,0.000545916179457722,0.002919280481104125,0.000781559940099149,7.641292287330394e-05,0.0029214095995202687,1.5737905900971999e-09,0.009592312577582704,0.6391766948851021,0.00022611946384056388,9.29909075705109e-07,6.40022894999288e-05,0.00025778967763293774,1.3192451982663704e-07,0.0012838873361500044,0.018176507746242094,2.273783478399115e-05,2.1295141360087773e-08,0.11538742944094293
36,1.9343723687279657e-06,0.005475144910475706,3.137560521496461e-05,5.050589844703095e-05,6.329573500657827e-05,2.2802304889840072e-05,0.11157135869174806,0.0005584772861310001,0.0013471476351145633,0.00028002730325859187,5.8543253943788325e-05,0.003090200344663777,1.3071701894449264e-09,0.007907639895976891,0.7898257324953795,0.00024158883488241891,6.334651031685732e-07,1.8406523889191712e-05,0.0001657968004941318,9.433854930497366e-08,0.000623682017627295,0.019867520548454237,1.1083893050574577e-05,6.894261574847488e-09,0.05878699964389911
37,1.3231590104577115e-05,0.021096574776698823,0.00017304923018962202,0.00015194722889304,0.00020884172107131637,9.577095188548555e-05,0.2606447758661938,0.00042320839485075014,0.003188282167829755,0.0012681153594445186,0.000124786637201939,0.003392424952130157,2.630251632238727e-09,0.012362207832876422,0.5149027621082131,0.00021722290356708144,1.4073586068649547e-06,7.212007258499043e-05,0.0003442736345000878,2.3297762769054311e-07,0.0016426252377771098,0.01665308667053048,6.379404004584569e-05,5.5295285566098835e-08,0.1629592003616394
38,1.4042176065577523e-06,0.01223515590150871,3.975852856637767e-05,0.00048418902521663075,0.00011355737860820875,4.106278474211059e-05,0.1531644075117176,0.0009808382429178238,0.0014292485513439225,0.0007951669297444854,0.00024102383628262853,0.0077570506321975536,2.716708773622641e-09,0.04577469209196535,0.5646642403643372,0.0002829061836512525,4.388860884176723e-06,4.759204531401401e-05,0.00014353368079105729,5.098192960746044e-07,0.0035049891506664234,0.08395791124816201,0.00016459697222170864,2.5008304509696946e-08,0.12417174831724496
39,2.1373016930018727e-06,0.0035042048062738345,8.38211628871691e-05,5.826920640017585e-05,9.300088861823872e-05,0.00011762415852298141,0.09380603231160685,0.0005118786194235137,0.0016624150866375693,0.0005438821187940277,6.29469739228735e-05,0.0012224718308826742,2.1488418856355595e-09,0.004561536213221572,0.8075825701319971,0.0003455898008121901,1.276143041392465e-06,2.7632989305468058e-05,0.00023156536428262082,1.6041948396463384e-07,0.0017317366616602927,0.013316607252081695,2.189210695392657e-05,1.661382228902581e-08,0.07051072968883271
40,3.290591582751475e-06,0.011118476195148122,6.03653785100394e-05,9.009467209158087e-05,0.00015170791057160862,7.028333758256709e-05,0.14220755059339585,0.000383190484308938,0.0019387641041744112,0.0006263960257481405,9.456179321938684e-05,0.001973847921769933,1.4170220942469704e-09,0.01158960452849042,0.7114693055305054,0.00023188442538546109,1.0252094945952658e-06,2.9242357402789878e-05,0.0001951211885542479,1.7513989421529598e-07,0.0011341700544157903,0.014797230154362715,3.651410163408812e-05,1.8045871458471396e-08,0.1017971788388635
41,2.5057059969750096e-06,0.005139930274488292,4.276590273038003e-05,1.9530539881936792e-05,0.00020934476996650473,3.0359056505990583e-05,0.09297620677323634,0.00012501808144808836,0.00218168688234687,0.00011144926944136144,3.560825826037017e-05,0.0006079605353044163,6.982418770138267e-10,0.002120084924835611,0.8419536585156725,0.00016604472200923748,1.867242714643189e-07,7.309629315852912e-06,5.224253835883616e-05,6.723580149639479e-08,0.00019297850101284705,0.002123230674822009,5.956500091545457e-06,5.557789709651678e-09,0.051895867728169225
42,1.2104030931049976e-06,0.004069933809417991,3.796440101548334e-05,5.5567045454610153e-05,4.293109012292001e-05,4.9960277939016924e-05,0.06979514993558068,0.0006086095127780731,0.0013648350333889967,0.00043285129482591855,6.245483164210643e-05,0.001741820615458005,1.2173948759520698e-09,0.003975943488684369,0.8569305793714751,0.0003880309464671323,7.229056803226275e-07,1.7894243984151213e-05,0.00030773558499227436,1.1646888116808403e-07,0.0011465625130982345,0.025097113614343396,1.5202609320821236e-05,1.4237290816787128e-08,0.03385679454767065
43,7.3841424351883116e-06,0.012771525655548342,6.362552438365984e-05,7.380293069585034e-05,0.00024722546705960476,2.4619777302219822e-05,0.17361015358674733,0.000210105019107186,0.00294105163994122,6.727264780406637e-05,0.0001893906350491523,0.004033773943475649,1.2382766381271178e-09,0.01105780044286555,0.6727097708462336,9.055549635336092e-05,4.772700223567646e-07,1.5579752903298976e-05,9.107355866151606e-05,6.319097561459765e-08,0.00022377014097372765,0.005624343074675165,1.8422035789511367e-05,1.3272421406090213e-08,0.11592819871029893
44,3.189485812910476e-06,0.010640459329658406,5.916106350180361e-05,8.244170120626606e-05,0.00014560291344609474,6.675848309112189e-05,0.13730826698192913,0.00034965703402441205,0.001915953766365065,0.0005780731764104607,8.78346473906293e-05,0.001919899088493937,1.3652593672654608e-09,0.010875924544675163,0.7183439144449905,0.00021615214970563057,9.534561731571134e-07,2.763378577397608e-05,0.0001828847220309411,1.6136998211876774e-07,0.0010758449402494374,0.014015403976918606,3.3300890362882065e-05,1.6487072419597408e-08,0.10207051019547562
45,3.6033216634284363e-06,0.012498897057712045,6.222167349379314e-05,9.213429556845945e-05,0.0001605980895714665,7.216052649289923e-05,0.14562643852171583,0.0003362109322346335,0.0020421348964615076,0.0006669993200265236,9.017586740553116e-05,0.00210431904452928,1.519081723260124e-09,0.012772645556671404,0.6884115462215141,0.00021261270965487286,1.102252123536921e-06,3.112510238475606e-05,0.0001923539574201432,1.814072565528881e-07,0.0012354184690714061,0.014870056048171458,3.951799161771783e-05,1.821811170870386e-08,0.11847752700004519
46,2.671546206220289e-06,0.007432671017917019,5.022253933290584e-05,0.000133638349366947,0.00013615097413127876,0.00010879351258452479,0.08029324305870836,0.0004537796233059576,0.0015792189565070783,0.0005977590023282169,0.000138308599086939,0.0020638350517568913,3.216130989396274e-09,0.015428385048265915,0.7376301113375568,0.0002988105277126022,4.229272081319371e-06,4.50045935829172e-05,0.000237956300440798,3.1830267242843333e-07,0.0018298282366988558,0.03477272152562868,6.160955412240745e-05,2.627876965133391e-08,0.11670070357510422
47,4.010829496560643e-06,0.008049297796261082,5.1966884629942857e-05,5.048103845972973e-05,9.103894417886171e-05,3.622780734139031e-05,0.11581982627646,0.00021514499442585347,0.0021184671357251154,0.0004524425260641077,3.855096530804517e-05,0.0027593357003065596,1.9945886001783383e-09,0.005017429428438406,0.7367362120527566,0.00022171145542639894,8.751263188952765e-07,2.6975156873904087e-05,0.00018983106986392704,1.2962766690886215e-07,0.0011304621159214047,0.016385264687803967,1.5814497584007338e-05,1.3385252997520796e-08,0.11058848850284682
48,3.704950611522495e-06,0.014482877728657006,6.142970821979788e-05,9.005725317152272e-05,0.00015735402700192488,8.493036603697612e-05,0.14317660505148752,0.00042328496635005695,0.0020438883602954586,0.0007537351920232462,0.00010743570501225077,0.0019605660594065478,1.4731803309345998e-09,0.012704589220101516,0.7100461409404887,0.00023933068439065624,1.1357895105047269e-06,2.9244947385676595e-05,0.0003000558251657049,1.8327289422065578e-07,0.0011610764240353798,0.016590620215500642,4.155281134715306e-05,2.224938965201429e-08,0.09554017677833594
49,3.251850844858814e-06,0.010135646461528378,7.753350711325418e-05,0.00011053933278912545,0.00012222231485744996,7.879579118360816e-05,0.13739767229360017,0.0003396669835757881,0.0020401015438100464,0.0006767015099521042,8.855279460643362e-05,0.0024293680680765053,1.7480812829571268e-09,0.011890213810874748,0.6970364996766278,0.00022624862314953224,1.0552167052772163e-06,3.2693815959514284e-05,0.00017330004522358636,1.8075400039535385e-07,0.001383568728555841,0.015976951099203326,4.090982939536509e-05,2.0220003192107472e-08,0.11973830398028222
50,2.5142543304332077e-06,0.009026576893961453,4.7248793255883424e-05,5.3848473866760376e-05,0.00014373405226404733,3.4663675378920585e-05,0.281275279081328,0.0004689501426824479,0.0007507187844578675,0.0011691486868499522,5.0229092848109846e-05,0.0018127231640210355,9.187758925890181e-10,0.01325337938629142,0.5523923414177592,0.0001651161022944799,6.371666892720088e-07,2.103904025871477e-05,0.00012554551339494666,1.3523635917254896e-07,0.0007862653201441913,0.010195493896957203,3.384976051924802e-05,6.763592682188559e-09,0.1281905543817187
51,4.871485145650981e-06,0.03287395010724415,5.4405038271382894e-05,0.00018221821612159127,7.579953840823904e-05,5.362693329319525e-05,0.12260971997389528,0.0005000703561996398,0.002750438831379227,0.0007664041522380602,9.411920712119724e-05,0.003229593166994985,7.844437211508943e-10,0.022139666356297306,0.6924539547366758,0.00018715500690929653,8.663939349057475e-07,4.3891372338271675e-05,0.0002958622478548488,1.2448170343780555e-07,0.0010093854809567907,0.029875408593759725,2.5880717498328627e-05,1.6265920104661534e-08,0.09077257055539492
52,3.0793207522063273e-06,0.003426864442723443,3.596003927148767e-05,3.027162692928476e-05,9.590714766811397e-05,0.00011432121081455341,0.04145265605508396,0.00020978547528559662,0.0014901305284638288,0.00030817845810249863,7.983084162630824e-05,0.0004356170295790067,6.986462309410104e-10,0.007863009573871838,0.8553519425622849,0.00017051996772365804,8.570255287438496e-07,5.759886147668087e-05,0.00011716692092283221,7.661473947082216e-08,0.0004350090274277597,0.010835555234258158,1.0463957340140846e-05,9.938539408330328e-09,0.07747518744094008
53,3.6803956182821204e-06,0.011741498055460474,6.266509105600396e-05,8.728910342762166e-05,0.00014670650154444478,7.612271091856244e-05,0.12762325319361875,0.00035541604745778895,0.002075849766748896,0.0006150833299722391,9.030605207422416e-05,0.0019115869539266753,1.4685204885838802e-09,0.011663135283876913,0.7204252795081069,0.00022315456401560054,1.0870538040476984e-06,3.1584591032229994e-05,0.0002076937529043006,1.7276037535974795e-07,0.001138195374582813,0.014927935666989666,3.413520058143166e-05,1.8224541938745008e-08,0.1065581493488442
54,1.6326373672540626e-06,0.0019401434894352437,0.0004833307692157786,0.0009024597803712622,0.0002113642497945921,0.0006351784131877512,0.277538895955602,0.010169926156229175,0.00440900163463866,0.000487050330368483,0.008804542890458594,0.005971804836659588,1.4701128827911372e-08,0.007121936276080672,0.4895557326382491,0.0014131952142952733,1.084422357349632e-05,8.062661965346292e-05,0.00220001732797418,5.630327690289767e-07,0.021470660211290776,0.1548695116930119,0.0006368831603100788,2.0072921178265156e-06,0.011082676466217092
55,6.130387051719434e-06,0.009855295156206844,8.812025641141111e-05,8.516885390945636e-05,8.628398215309213e-05,3.878047738600883e-05,0.17198420960018101,0.00020467105567966148,0.0059024130518345605,0.000279738460992945,4.545456154198977e-05,0.0061536875607858844,2.9351846915424695e-09,0.004820093914431109,0.68121961138934,0.0002149193861756197,4.4782027159750437e-07,3.626914134918464e-05,0.00017722362962589993,8.446659524273576e-08,0.0012431613448365393,0.01240696881788649,1.0047574335400179e-05,2.1178636127908924e-08,0.1051411949971975
56,3.3115066629630983e-06,0.010422710059674167,5.919211515833633e-05,8.266767660542639e-05,0.00014547773714473203,6.683509305629462e-05,0.13630456488359818,0.00034200042380421,0.001978538838454733,0.0005649621815867003,8.779022631745677e-05,0.002102480753906941,1.6194049218803672e-09,0.010925104434954985,0.7161136875178218,0.00021826576280663495,1.017687655815416e-06,2.853466739337586e-05,0.00018979694888642895,1.6778178597141307e-07,0.0011114202683525098,0.014459123222153408,3.29022092359756e-05,1.7381838634815653e-08,0.10475942900173925
57,2.7091811930877616e-06,0.008789048669331685,4.65143253440638e-05,6.784208712968893e-05,0.00010571346535665948,4.0761146452808626e-05,0.12752551452080763,0.0003515861510643456,0.0018933577491677344,0.0005209622789876654,5.512917337997479e-05,0.003160058579798069,2.3809461381143077e-09,0.007979859808803565,0.7309210160151614,0.0002534305709359126,1.1062554885306484e-06,2.3187881402874887e-05,0.0002126537673271664,1.8910006398492063e-07,0.0012043756485907667,0.01887585832154968,2.4647731192866217e-05,1.3799638290552299e-08,0.09794446139088545
58,4.2815279328283666e-06,0.011955485022727311,7.245389484367882e-05,9.639113335261983e-05,0.0001626666901222051,8.032931919468629e-05,0.15104365054860588,0.0003799394667961104,0.0023961235013972115,0.0006196235710645001,0.00011206700854577949,0.0024023297281848236,1.847768193807611e-09,0.011101068895729649,0.6997357379466355,0.0002440082178034627,1.0439083632448777e-06,3.331351410053685e-05,0.0002466185003082375,1.8221522703428945e-07,0.0012169684596827707,0.01511243012527636,3.962142744608748e-05,2.6620496813804512e-08,0.10294363690839463
59,3.923201783061004e-06,0.01123427668427155,8.058708803566123e-05,9.566296729773493e-05,0.00015664097794645967,8.00272108323982e-05,0.14991577212483667,0.0003778276236329017,0.0023315703644724325,0.0006291777816527643,0.00010544146645355159,0.0021609793243229933,1.6631771555480287e-09,0.0095763579834564,0.7106153660334436,0.00024847514887032547,9.434809223385488e-07,3.0046030806391106e-05,0.00022498301464846966,1.8583129591677727e-07,0.0012314205369682839,0.013945456357166075,3.973462562814183e-05,2.6035748464343284e-08,0.09691511644233042
60,3.189485812910476e-06,0.010640459329658406,5.916106350180361e-05,8.244170120626606e-05,0.00014560291344609474,6.675848309112189e-05,0.13730826698192913,0.00034965703402441205,0.001915953766365065,0.0005780731764104607,8.78346473906293e-05,0.001919899088493937,1.3652593672654608e-09,0.010875924544675163,0.7183439144449905,0.00021615214970563057,9.534561731571134e-07,2.763378577397608e-05,0.0001828847220309411,1.6136998211876774e-07,0.0010758449402494374,0.014015403976918606,3.3300890362882065e-05,1.6487072419597408e-08,0.10207051019547562
61,3.857202870614068e-06,0.011012938430863489,7.710934548607978e-05,9.241959120177961e-05,0.00015734348873720257,7.625337532793867e-05,0.1498143322842237,0.00037380983472841726,0.002232601884190631,0.0006213087877854122,0.00010175362461949084,0.0021496692774822363,1.701651263331415e-09,0.009637980931494584,0.7089177249184296,0.00023935896437181874,9.69245151103492e-07,3.0079416140006834e-05,0.00021625326629723341,1.8562401253551354e-07,0.0012063478614188345,0.013920030349592332,3.872081118511413e-05,2.438203233181476e-08,0.09907892540070617
62,3.189485812910476e-06,0.010640459329658406,5.916106350180361e-05,8.244170120626606e-05,0.00014560291344609474,6.675848309112189e-05,0.13730826698192913,0.00034965703402441205,0.001915953766365065,0.0005780731764104607,8.78346473906293e-05,0.001919899088493937,1.3652593672654608e-09,0.010875924544675163,0.7183439144449905,0.00021615214970563057,9.534561731571134e-07,2.763378577397608e-05,0.0001828847220309411,1.6136998211876774e-07,0.0010758449402494374,0.014015403976918606,3.3300890362882065e-05,1.6487072419597408e-08,0.10207051019547562
63,3.4375236097403357e-06,0.013320396883291846,5.7957534865763565e-05,8.404276186058707e-05,0.00015218528413815573,6.697912728769183e-05,0.13357322262070423,0.00032092841407962725,0.0019945602516947703,0.0006337729020867907,8.282117968836466e-05,0.0018984831993723453,1.3430233720130829e-09,0.011231812649022082,0.7161922106654544,0.00021031570429870105,9.619385316908311e-07,2.6734979423648834e-05,0.00019779466155951157,1.729295809542365e-07,0.0010798253783500292,0.013875790806082219,3.4814312974806474e-05,1.690979850160856e-08,0.10496076003922014
64,2.820547270578944e-06,0.010674873698562666,5.726954837947656e-05,9.057508185710071e-05,0.00013670447127707655,6.924963553487309e-05,0.13504303035462176,0.00031688805854158416,0.0019607800632314436,0.0006828309035959866,7.581252933096311e-05,0.002108146497703481,1.5599648696760608e-09,0.011435259007221433,0.7073635451233776,0.0002213970917551503,1.049447367734208e-06,2.982007558158744e-05,0.00017342135227198366,1.8412059825446885e-07,0.0015050165010928656,0.015610281421273657,3.651212542486279e-05,1.6712223942986546e-08,0.112404514071939
65,3.399344222180556e-06,0.01069065509794388,5.842959305043989e-05,8.001308004564437e-05,0.00014875720534757004,6.68583884795416e-05,0.1310640098135118,0.0003339514697537522,0.002084244863006335,0.0005121638956910971,9.271569228071868e-05,0.0019582694373060645,1.4213091490060038e-09,0.01042165721031906,0.727231581581062,0.00021419106707243468,9.70776044297963e-07,2.808869359538856e-05,0.0001913510547441801,1.54469702155458e-07,0.0010323323899445382,0.014258819199326976,3.157328117497062e-05,1.750746668363779e-08,0.09949579346759904
66,7.191190967166079e-06,0.009167591573757529,0.00015510870835732453,5.3691871660279266e-05,0.00035467857984748755,0.00016318401822606275,0.16246664550177634,0.00023806286855427688,0.002282508418613536,0.001096371172417892,9.340310014607963e-05,0.0010239837944416902,3.0889038512691775e-09,0.004838816115690498,0.6699272405133382,0.0002569395981624745,1.4955582556709007e-06,3.6926037573558846e-05,0.00027678668422588326,3.5617602072737453e-07,0.0016784450670123787,0.007268737002871856,6.193497396204729e-05,5.0612432927786913e-08,0.13854984777278415
67,3.1488808847816443e-06,0.010491907903526686,6.700012206690354e-05,0.0001125169445205891,0.00016235954333645894,9.658145853899142e-05,0.13340500587685006,0.0003782963545817617,0.0018827676779357263,0.0007170263081196144,0.00010725358839923926,0.002002429537859897,1.8274851228459712e-09,0.015220686501556023,0.6965257354480934,0.0002479500222043903,1.3571187351107184e-06,3.349445810872951e-05,0.000183345330209553,2.2297034317084887e-07,0.0013839736513913492,0.01531869895838214,5.033703369206794e-05,2.108557572017817e-08,0.12160788139760262
68,3.6251880376144116e-06,0.01162307724103612,7.084090895626912e-05,9.771184589756532e-05,0.00014628139201241407,7.303786236725744e-05,0.1503068564339557,0.00038104372041918705,0.002097450319011269,0.0006646618036092528,9.314480182113354e-05,0.0021948349363091484,1.4959454287694227e-09,0.011809537221763464,0.6948138451286682,0.00022928909814092947,9.980989916229604e-07,3.1267553441474294e-05,0.00019647595015707392,1.740654801490819e-07,0.0012435918813863654,0.014907420366338948,3.8076181065151045e-05,1.9368704619145742e-08,0.10897673713648376
69,2.613472470099298e-06,0.010960777972690855,7.644388477104292e-05,0.00011672184103486936,0.0001719256756862274,8.548732395347647e-05,0.1660225865340111,0.0004838537881635838,0.0019284537347490115,0.0006583057998463195,0.00014783113179512352,0.0021812833453027777,1.4993931340197884e-09,0.011117985995912055,0.7123963445691773,0.00028446912774438764,8.750206316499468e-07,2.219484088135917e-05,0.0002215691175227647,2.1233197774512564e-07,0.0014276668878125526,0.013783708732514367,5.855238876419157e-05,2.962320383152447e-08,0.07785010535999025
70,3.1699807752801883e-06,0.010823807805114225,5.867076499108322e-05,8.228198853009985e-05,0.00014660081187677527,6.782810463951387e-05,0.13710875314782403,0.0003449747985167141,0.0019329848518000608,0.0005805737110747912,8.940041570782223e-05,0.0019233941955586974,1.3650884318338374e-09,0.010842286045996212,0.7187970914693262,0.00021445639186758327,9.58591396072814e-07,2.742744257014402e-05,0.00018889011900012997,1.610125110897166e-07,0.001101863060902955,0.014185264217070859,3.413825006595939e-05,1.6990341420380448e-08,0.10144500446745394
71,3.291449493206449e-06,0.00869262041410953,6.586552759280795e-05,8.082501923471313e-05,0.00011053148090225895,7.61389587684252e-05,0.12370358531100535,0.0003670857003765758,0.00200522711493937,0.0004962879332877551,9.806003141338145e-05,0.0018467757766054847,1.2131661708055144e-09,0.00992712780948008,0.7418274623200839,0.00020297248326729475,9.149037467162772e-07,3.30938791059079e-05,0.00020047933381949954,1.1353392905134817e-07,0.0010637103268568474,0.015968015317281245,2.674305320800633e-05,1.6856842774722015e-08,0.0932030542514838
72,3.2276883649393606e-06,0.007983865157589488,7.499203777480476e-05,8.564232655123861e-05,0.00011522860003104623,7.088587273611391e-05,0.15063987939926413,0.00046516426280336946,0.002296940247296798,0.0005192048647683982,8.881893319676566e-05,0.0021601843968464675,1.441287291866593e-09,0.009156199982214773,0.7308038595053591,0.0002642929003440387,7.197027580800553e-07,3.234334605546717e-05,0.00018710520524732648,1.29200158264959e-07,0.001174932752175676,0.013362476502960763,2.1878303626236708e-05,1.719086505150188e-08,0.08049201017972439
