,0,1,2,3,4,5,6,7,8,9,10,11,12,13,14,15,16,17,18,19,20,21,22,23,24
0,8.693955491907864e-05,1.0413457053126191e-05,2.9148478600595105e-07,0.0001447177695859445,0.0003657843876175281,0.00010861598553663664,0.0003574285433979258,4.7449543562954744e-05,0.0039018898016812053,0.0029032609321906107,0.4255481964996919,0.0008973301725249535,2.0740667359014222e-09,0.006512166113127677,0.46266409219693055,1.5829639333050958e-06,6.862500147845542e-05,0.0019088454544646573,1.597934525375785e-06,3.131246024948125e-06,6.747077720115539e-05,0.00029207205467121985,0.04017420274741922,9.752303918397574e-07,0.05393291807321703
1,9.239223462691592e-05,9.280944668416275e-06,3.802975011710615e-07,0.00014024145121679704,0.00040282950192119455,0.00010553840121374528,0.0003281108109537303,4.9384671366845594e-05,0.005352749292310063,0.003921729424935239,0.4761003042202065,0.0007446175978775726,2.0723751762973934e-09,0.004820026806409061,0.426087072241748,1.759589603610341e-06,6.91016583731878e-05,0.0014014774504342534,1.9492333002112246e-06,3.201198509633329e-06,5.91230515220299e-05,0.00029407522923808195,0.035331788914684754,8.220709043935402e-07,0.044682041634099424
2,7.331409321585e-05,1.016030834960051e-05,2.6823087199860494e-07,0.00010907422724012806,0.00034887188698638923,8.481587218891897e-05,0.0002868884584105826,3.991505657832318e-05,0.0033578855250767925,0.0024526933543491765,0.4141010652043941,0.0008160238436296608,1.6390117132795557e-09,0.006466755907624615,0.48050398028024444,1.1424599241417962e-06,5.628179373157079e-05,0.0015392708492061487,1.3356892854965413e-06,2.7552739575143235e-06,5.976500348694327e-05,0.00024604694224550903,0.03494715255691115,7.995123931791791e-07,0.054493736030685934
3,8.193888205877242e-05,1.1074208887020356e-05,2.871993876891874e-07,0.000125248176833004,0.0003613069585824573,0.00010003919501931672,0.00033755703523461475,4.3000065261389556e-05,0.0035336005263673603,0.002599391077511933,0.4091732837096571,0.0008907277364719192,1.8376355950460587e-09,0.0067714573273091215,0.4782902750727039,1.3806677172400191e-06,6.568165171756739e-05,0.0017413729984951107,1.5441621735923537e-06,2.848397821923681e-06,6.621360059788963e-05,0.000288109385731859,0.0381095198098576,9.519342870837218e-07,0.05740318838267891
4,9.489212597871148e-05,1.1317766418828221e-05,3.116898485789772e-07,0.0001307908614315633,0.0003869840094513941,0.00010266460230590748,0.0003563223745534971,4.5869946413265896e-05,0.0033774941237336245,0.0027756929306747146,0.41519042635786624,0.0008995259268364931,2.33884264752653e-09,0.007782192489241913,0.4706937686493758,1.5334305530394092e-06,7.049901572818514e-05,0.001925050121844775,1.80039390438739e-06,3.174620775491309e-06,6.632253512519179e-05,0.00027522473931159645,0.038448422341803686,1.1165684788188573e-06,0.057358600039501474
5,8.567326779261433e-05,1.251947102415182e-05,2.403299821291501e-07,0.00016697145978876923,0.00032049526746107414,0.0001176517155525409,0.0003004239194661671,4.862961364261204e-05,0.003397995322715284,0.002444194756370366,0.4151238827497568,0.0008069981719756241,2.20289930306317e-09,0.006347975143580356,0.4797838518851708,1.6303932091195468e-06,6.401446941143397e-05,0.0026062558102672344,1.7111290750886678e-06,3.233321007900028e-06,6.556002049451201e-05,0.0002964235557202626,0.03987689739444539,9.618666229896656e-07,0.048125806762567565
6,8.193888205877242e-05,1.1074208887020356e-05,2.871993876891874e-07,0.000125248176833004,0.0003613069585824573,0.00010003919501931672,0.00033755703523461475,4.3000065261389556e-05,0.0035336005263673603,0.002599391077511933,0.4091732837096571,0.0008907277364719192,1.8376355950460587e-09,0.0067714573273091215,0.4782902750727039,1.3806677172400191e-06,6.568165171756739e-05,0.0017413729984951107,1.5441621735923537e-06,2.848397821923681e-06,6.621360059788963e-05,0.000288109385731859,0.0381095198098576,9.519342870837218e-07,0.05740318838267891
7,0.00014078700747260318,9.160547279702988e-06,3.718975994273056e-07,0.00015206612635764556,0.00042375208694298293,6.774795325341982e-05,0.0003980589426736726,5.594532155059535e-05,0.003551406037809299,0.004179896430276406,0.5454551264112536,0.0007918299894084086,2.916797576559156e-09,0.007032062098805903,0.3575084371089518,1.2979047974566886e-06,7.089347063788407e-05,0.001239627095528903,1.9141476115742744e-06,3.1371103586692963e-06,3.481875899951452e-05,0.00029185672492823686,0.022712270801151895,9.338676128856116e-07,0.05587659924194003
8,0.00011355347416718077,8.226661004776829e-06,5.714276224680973e-07,9.755238346110158e-05,0.00038794689417869654,5.7360808612311014e-05,0.00035891857966930264,3.1750600938670244e-05,0.002841056063448455,0.0047858971299937995,0.40478241452743974,0.0012011213876057757,1.9967345319666543e-09,0.012786217223330364,0.41135346535590694,8.437336823514656e-07,7.499736282510016e-05,0.000642601714873422,1.154674795863321e-06,2.839679879374721e-06,7.543415463901898e-05,0.0002140350315784783,0.048208033632913865,1.6092275779850845e-06,0.11197239627312044
9,7.221353541861353e-05,8.141397852158267e-06,2.468403393659005e-07,8.003285034815289e-05,0.0002399594533980788,4.297531769321176e-05,0.00017870677297251428,2.401842122954683e-05,0.002346935582678369,0.0030286252540203417,0.38954199128186384,0.0007118562139123845,1.004518986575709e-09,0.008485023671010943,0.47056104148792804,4.6739236846083756e-07,4.049283380808897e-05,0.0006458605597049971,7.635423592938134e-07,1.8211392774672097e-06,4.7120094287549376e-05,0.00015995142884223183,0.0394558610974,7.820910211665476e-07,0.08432511073574624
10,8.193888205877242e-05,1.1074208887020356e-05,2.871993876891874e-07,0.000125248176833004,0.0003613069585824573,0.00010003919501931672,0.00033755703523461475,4.3000065261389556e-05,0.0035336005263673603,0.002599391077511933,0.4091732837096571,0.0008907277364719192,1.8376355950460587e-09,0.0067714573273091215,0.4782902750727039,1.3806677172400191e-06,6.568165171756739e-05,0.0017413729984951107,1.5441621735923537e-06,2.848397821923681e-06,6.621360059788963e-05,0.000288109385731859,0.0381095198098576,9.519342870837218e-07,0.05740318838267891
11,9.402799148332173e-05,1.1127352441776024e-05,3.1761855390975695e-07,0.00013361842005354079,0.00037840699653792333,0.00010798371175287131,0.0003730596279845851,5.098471052870212e-05,0.0037763263677397818,0.0030350714768667708,0.41573755451745686,0.0009611423233023972,2.3898904446515168e-09,0.006983233065417179,0.47152551338331194,1.5836252862951073e-06,7.322959929919739e-05,0.0018884457193494566,1.7983231086554218e-06,3.1035622065825915e-06,6.626266565757197e-05,0.00030669766665519105,0.03767810150800067,1.1085316056408152e-06,0.05681129884550876
12,4.3154618567074244e-05,6.159409359892872e-06,1.8509533488117012e-07,5.438947723016702e-05,0.0015128354731130187,0.00011596564234320875,0.000664735354108742,5.492661333488558e-06,0.0023737174786279056,0.0010733290778981693,0.26290505271994863,0.000691106518231653,1.0803955771983118e-09,0.03493508404992182,0.31820798201536915,8.647247800935868e-07,6.442694553034656e-05,0.0034480971541812505,5.742548707940768e-07,7.136306191936112e-06,0.000162714555301481,5.69459892991444e-05,0.2200031087317092,1.9093105756117467e-06,0.15366503135577692
13,0.00013887967311840288,4.026719813728675e-05,3.482311888386012e-07,0.00028769621536022005,0.0007483463529245324,0.0008378692398445527,0.0013960721299466341,7.11712770313716e-05,0.00954553445204818,0.005875760914309292,0.23355310998871573,0.0011905703967832152,3.5790098087798182e-09,0.006307026004119074,0.5077903587704107,4.708596039686543e-06,0.00028336052522761056,0.005324573360180355,8.17882380492642e-06,3.9232435140600555e-06,0.00013124960004162053,0.001611026575796907,0.08583077890536671,5.246282661683189e-06,0.1390139396644187
14,4.717667218725305e-05,1.613608987207492e-05,2.3183702305427866e-07,0.00012303392196477814,0.00032937418890520014,7.713130845261622e-05,0.00014866971763577216,2.8068538734587055e-05,0.0023932590792138074,0.0015846948527287658,0.4786038171340045,0.0003889366494533383,1.5237855750374533e-09,0.0040421220012143285,0.4536452875965765,1.0270513076795643e-06,3.5715414942731704e-05,0.0018717958097913682,1.5492941054389617e-06,3.2275966802765974e-06,4.137246844911904e-05,0.00020804915527717212,0.02570910374177854,4.5880260495649616e-07,0.030699759553310474
15,8.193888205877242e-05,1.1074208887020356e-05,2.871993876891874e-07,0.000125248176833004,0.0003613069585824573,0.00010003919501931672,0.00033755703523461475,4.3000065261389556e-05,0.0035336005263673603,0.002599391077511933,0.4091732837096571,0.0008907277364719192,1.8376355950460587e-09,0.0067714573273091215,0.4782902750727039,1.3806677172400191e-06,6.568165171756739e-05,0.0017413729984951107,1.5441621735923537e-06,2.848397821923681e-06,6.621360059788963e-05,0.000288109385731859,0.0381095198098576,9.519342870837218e-07,0.05740318838267891
16,8.0445851310379e-05,1.5558315724337983e-05,2.2012019831774172e-07,0.00011641058203427278,0.00041204242440742283,0.00010211925989549778,0.0003296438796633972,3.653478358244458e-05,0.005582631648680091,0.0034800657536299866,0.3961847033179133,0.0006494647396870502,1.1838614683144454e-09,0.005112746992699961,0.44893179749898915,7.843032592740626e-07,7.255268087809236e-05,0.0010835553219611855,1.649523957613542e-06,2.0973907777817436e-06,3.853418100726598e-05,0.0004128265434334031,0.03535100137019684,8.24378757519629e-07,0.10200178795349396
17,0.00013722505000072715,7.554437007374288e-06,4.1981552309517963e-07,0.00013353985703268813,0.0005214786930378319,4.834489039385994e-05,0.0006938379363752443,4.3062537913275685e-05,0.0031796326447249734,0.001981095812159865,0.511094941337223,0.0017245723585282186,2.0673310652688257e-09,0.013729894183873098,0.33243677833884744,1.1458263005460766e-06,8.276648004048878e-05,0.0009512803065152906,7.699507373965726e-07,2.8189279203971406e-06,6.808100684105953e-05,0.00027921953113475563,0.03300421249690549,9.312215574807193e-07,0.09987639429207545
18,0.00016384493851139453,1.7918345777630785e-05,2.4043101839351523e-07,8.854120550761779e-05,0.0005674189755061141,7.845868927124812e-05,0.000513907014468828,2.6229164773242724e-05,0.0043076160012673614,0.002436015180873031,0.35684159087688533,0.0006766771040149337,1.2897573526049527e-09,0.009546403914201996,0.35556700049980405,6.425539372496062e-07,0.00017792050028540818,0.0013639170483402115,2.228393763046407e-06,1.7949577818296097e-06,5.1819590763329064e-05,0.00048660783892666247,0.044235792884304945,1.401550406335756e-06,0.22284601104985252
19,0.00011765479535258157,9.316502156137981e-06,5.21320429084382e-07,0.0002060996576335337,0.0005115920433712847,0.00017201250240209628,0.0008524916551338901,9.442839911268066e-05,0.006296542694159778,0.00796796410535279,0.4597024278406956,0.0019028068587542606,4.008632696053302e-09,0.0059172473126745916,0.40016774568995817,2.1087813224491937e-06,0.00010547518671267413,0.0013298956029855352,1.7745350797443645e-06,4.415403022130939e-06,6.661376771990733e-05,0.0005743024261811513,0.03450763980839687,1.6408004067546816e-06,0.07948727830235368
20,4.109630648146618e-05,1.3634857837245307e-05,2.1604112861328559e-07,9.349233635216551e-05,0.0001680324161837629,8.133087019289477e-05,0.00015245176895740907,4.880500654836939e-05,0.002571346139222544,0.001546467132774891,0.31037268696542014,0.0008948283217255141,1.170031637728364e-09,0.003547636883085488,0.6210201944009138,1.0050044627824344e-06,3.573651034220477e-05,0.0013685731844752568,1.0520861644469965e-06,1.7595807837801922e-06,6.520864307506588e-05,0.0003086539547103784,0.024150062993590533,5.391384143395757e-07,0.03351518828712542
21,7.43741320142308e-05,5.997160196517189e-06,2.803688176657053e-07,0.00012819674742098306,0.00022592343550486638,4.3758727747531335e-05,0.00017952413636565455,3.2750400127765864e-05,0.0018599659182130944,0.0013618250970032378,0.5216319667339624,0.0007842346214174031,1.5996099298138624e-09,0.007747337605757919,0.4085391062062171,1.2989163432032319e-06,3.058352879182201e-05,0.0014082313724011553,7.866371136666612e-07,2.9536256297665827e-06,5.70657365599809e-05,0.00011889076188387251,0.028567716988656476,4.480903633046739e-07,0.027196781451880488
22,7.86235111278573e-05,6.311013818338481e-06,3.2539041039554637e-07,0.0001472762804321232,0.00028357907409798676,5.862963356943683e-05,0.0002122195580599815,3.857097675082793e-05,0.0026450391225050747,0.002568175251159975,0.5757911782887866,0.0006209394598647477,1.937281142032286e-09,0.004586376791134962,0.3441016147249254,1.2660986977468364e-06,6.594852667099e-05,0.0017350865419669152,1.0874726408409996e-06,3.5003744939842295e-06,6.678233454154271e-05,0.000192095541717751,0.03293146365961615,5.381646357824999e-07,0.0338633702710936
23,8.193888205877242e-05,1.1074208887020356e-05,2.871993876891874e-07,0.000125248176833004,0.0003613069585824573,0.00010003919501931672,0.00033755703523461475,4.3000065261389556e-05,0.0035336005263673603,0.002599391077511933,0.4091732837096571,0.0008907277364719192,1.8376355950460587e-09,0.0067714573273091215,0.4782902750727039,1.3806677172400191e-06,6.568165171756739e-05,0.0017413729984951107,1.5441621735923537e-06,2.848397821923681e-06,6.621360059788963e-05,0.000288109385731859,0.0381095198098576,9.519342870837218e-07,0.05740318838267891
24,8.466503595956801e-05,1.1842139161298004e-05,2.6819214645054495e-07,0.00016802140650674599,0.00037665189157505384,7.48733438120957e-05,0.00026542851407151805,3.841302001340518e-05,0.0028801285302538925,0.002216609300291949,0.5025160974551567,0.0008128891319754539,1.973034963739286e-09,0.0072849181009781196,0.3931917999406605,1.1399574637229567e-06,5.4456358890043506e-05,0.0016302337969808203,1.206260160784662e-06,3.520703764771932e-06,4.8791444730316546e-05,0.00025214795305525964,0.03188002199445714,7.018422419067508e-07,0.056205171712657605
25,8.568045667642685e-05,2.7634017587417534e-06,2.5838462629689464e-07,0.00010045469687206103,0.0002704714892883964,2.0311258675422305e-05,0.00026025899469960353,4.269506359653505e-05,0.001820762828263704,0.0019318952280232777,0.6726720467074188,0.0008942161099554671,1.9604881085156126e-09,0.0074727931181302835,0.26648893993246486,6.804852844504929e-07,2.9849165084634556e-05,0.0007562980531364634,3.973277298487648e-07,2.7271077717998977e-06,2.6787914324413808e-05,9.571753954303017e-05,0.014920253837648705,3.172445788873772e-07,0.03210342169395956
26,0.00014572292000761885,1.1281340947215299e-05,2.714528068511504e-07,0.00015460238992048205,0.0006138316474202599,0.00022125097831575904,0.0006073582683858401,4.45351813706405e-05,0.00785565093404162,0.005553862289786748,0.38714560167138234,0.0006726859892180126,2.924782046535928e-09,0.007080764860724651,0.40888563332972805,2.003986334689643e-06,0.00016260363373182384,0.003857060248732816,3.325498793331853e-06,4.0189437190817375e-06,8.552448399328229e-05,0.00037456945019540407,0.08562588746787138,2.1099695542693506e-06,0.09088984013823594
27,6.285943651684592e-05,1.5694248922090018e-05,1.8572350809964815e-07,0.00011411538157131423,0.00025021117548636797,8.97224262900273e-05,0.0002395694011850566,4.5836731877773846e-05,0.00439804209572481,0.0022412814684286764,0.3696921807289076,0.0007206588702827273,1.0744909551206336e-09,0.003983199573626076,0.5266386667945578,8.792979128867582e-07,4.926485498412668e-05,0.0011414511658881553,1.378200840004614e-06,1.6783972178667452e-06,3.782131286906257e-05,0.0004030404021121885,0.02577133365393323,5.809405035387108e-07,0.06410034664236267
28,8.193888205877242e-05,1.1074208887020356e-05,2.871993876891874e-07,0.000125248176833004,0.0003613069585824573,0.00010003919501931672,0.00033755703523461475,4.3000065261389556e-05,0.0035336005263673603,0.002599391077511933,0.4091732837096571,0.0008907277364719192,1.8376355950460587e-09,0.0067714573273091215,0.4782902750727039,1.3806677172400191e-06,6.568165171756739e-05,0.0017413729984951107,1.5441621735923537e-06,2.848397821923681e-06,6.621360059788963e-05,0.000288109385731859,0.0381095198098576,9.519342870837218e-07,0.05740318838267891
29,8.193888205877242e-05,1.1074208887020356e-05,2.871993876891874e-07,0.000125248176833004,0.0003613069585824573,0.00010003919501931672,0.00033755703523461475,4.3000065261389556e-05,0.0035336005263673603,0.002599391077511933,0.4091732837096571,0.0008907277364719192,1.8376355950460587e-09,0.0067714573273091215,0.4782902750727039,1.3806677172400191e-06,6.568165171756739e-05,0.0017413729984951107,1.5441621735923537e-06,2.848397821923681e-06,6.621360059788963e-05,0.000288109385731859,0.0381095198098576,9.519342870837218e-07,0.05740318838267891
30,8.193888205877242e-05,1.1074208887020356e-05,2.871993876891874e-07,0.000125248176833004,0.0003613069585824573,0.00010003919501931672,0.00033755703523461475,4.3000065261389556e-05,0.0035336005263673603,0.002599391077511933,0.4091732837096571,0.0008907277364719192,1.8376355950460587e-09,0.0067714573273091215,0.4782902750727039,1.3806677172400191e-06,6.568165171756739e-05,0.0017413729984951107,1.5441621735923537e-06,2.848397821923681e-06,6.621360059788963e-05,0.000288109385731859,0.0381095198098576,9.519342870837218e-07,0.05740318838267891
31,0.00010776439254089025,1.057821588952341e-05,3.5372545396232684e-07,0.00012259827395792806,0.0002534007820036963,6.086800465609414e-05,0.0002410093001308102,8.053585511504103e-05,0.00264417311726489,0.002062343912946321,0.43279864853938455,0.0011087932708686717,3.0277581414875055e-09,0.006593297564216119,0.49869101469398247,1.7833903337571824e-06,6.350811019838147e-05,0.0019916834905684363,1.9097456129698e-06,2.5784207097931805e-06,5.7926747974652316e-05,0.0002981684570992113,0.0199736448308924,8.256566035404163e-07,0.032832588473837986
32,8.868493417625266e-05,1.35015998466917e-05,3.00525536281733e-07,0.00012743288548035684,0.00036689051555290834,0.00010892469512351638,0.00031698669200567456,4.443631125106243e-05,0.0035872711074393672,0.002661730902813758,0.39764193645036516,0.0008259589879609401,2.043930268582862e-09,0.006656965867301755,0.49019206286762657,1.4954699327269649e-06,7.28329837355875e-05,0.0019602030769120915,2.0273056518417313e-06,2.85917600139112e-06,6.548312714434949e-05,0.0003221369719930527,0.03779256551605128,1.070093893394885e-06,0.05714623989227378
33,0.0005277060634921022,0.0001043494531431298,1.0390632917214741e-06,0.0006401270901406164,0.0008674328161311636,0.0009775736349285147,0.0017719763873639304,0.0001841639958362588,0.004747893979379277,0.005959638642100293,0.25146159547069163,0.002895650242550722,2.4144305157807564e-08,0.016648299497263683,0.4920492881695954,2.0561936015753324e-05,0.001061911156197458,0.018196073031640232,4.544873952631986e-05,6.236008187173403e-06,0.00024077286638635748,0.00415025500570907,0.07298566148364023,2.2653665237142646e-05,0.1244336674572466
34,0.0003717029621655839,4.857246025072223e-06,2.5503087731552986e-07,8.649895616361643e-05,0.0004213123592992469,1.4318902485365832e-05,0.00014987093058216382,2.5985845695604718e-05,0.0018766931259030382,0.0018119237288882963,0.7145564583928328,0.00024358923211882433,2.2456448051150773e-09,0.011762879485523165,0.22423267664234683,7.626759111759607e-07,5.5974164888846503e-05,0.0012322518173443861,2.4589829988712895e-06,2.050912395871166e-06,1.549138645923866e-05,8.496673841831906e-05,0.013054049081731025,4.498971378232036e-07,0.02999251925616286
35,0.00011487508372684242,1.4948619964998309e-05,2.05418079288623e-07,0.0001558850036890272,0.00029599386804557665,8.795674071455749e-05,0.00030627297331064433,8.018727430002343e-05,0.006523699933821088,0.0027182251541327984,0.4569731923960613,0.0007415591144254218,1.6718382599789021e-09,0.0034078229847902654,0.454181282667204,1.280884187859437e-06,7.322982564659435e-05,0.0015444527347877692,2.107178909152905e-06,1.7914582996453181e-06,3.101709312515859e-05,0.0005789988012832976,0.01884876296418357,5.533918822726048e-07,0.05331569676359049
36,5.047075261912921e-05,8.312828536645158e-06,2.6543708999907965e-07,0.00012116375749711185,0.0004884274735654127,0.00011910613033586013,0.00014422713358944216,1.2114941927564468e-05,0.0028752624861686058,0.004304953258239829,0.4541311100741329,0.00019608401598794937,1.2591398104306003e-09,0.005768191111649682,0.4128798077766642,9.4363929996718e-07,3.393265058670707e-05,0.0016400453508385836,1.5247123523992427e-06,5.180382018920875e-06,6.820102760026979e-05,7.976221335582129e-05,0.0809881115967534,8.4621200557991e-07,0.0360819537780442
37,0.0002504264549798526,9.210163584782318e-06,5.66810215092043e-07,0.00013843608057001735,0.00061984747816601,9.543912121218754e-05,0.0007604798522008866,3.2445717487827206e-05,0.001967523199610261,0.002491249604928154,0.3910730506773487,0.0013777868597555445,4.534933237495169e-09,0.0322560676888236,0.4024448280103058,2.825233520516814e-06,0.0001362222360801873,0.0031794312025344414,2.645724940174926e-06,4.308087690232088e-06,0.0001503266984710142,0.0001945095998015827,0.07865257667959322,3.751829997375793e-06,0.08415604045324926
38,6.901319077738213e-05,1.153148321438835e-05,2.8262712909041415e-07,0.00012281500010682053,0.0002970515901667528,0.00014455681315677757,0.0003665218385807161,4.378744903299839e-05,0.0032664279281106588,0.0023143969454718777,0.3366459514268255,0.000949913574059988,1.9620320501159537e-09,0.006066108543915054,0.5560245857443273,1.9704648424532606e-06,6.0600886648313833e-05,0.002297585839862676,1.749471378219568e-06,2.698750900284598e-06,9.447532704271556e-05,0.00029428294478595166,0.047072972690161696,1.1755314811498966e-06,0.043849541975989136
39,4.136899471631884e-05,2.118717758556633e-05,5.152170961924124e-07,0.00014245201928418566,0.00024114779382943346,0.00036977263718377946,0.0003204731288268365,8.503303005490871e-05,0.004085504347305769,0.0018929911231104746,0.20201973812998755,0.002156051465108454,2.313623467805228e-09,0.003090239907282558,0.6964265697308079,4.621693923717327e-06,0.0001221583032561354,0.0034192643630413713,2.7471369941887974e-06,3.1324892611316937e-06,0.0003506184673511237,0.0008580886998570929,0.05121174913957364,1.5886556554894604e-06,0.03313298403528263
40,8.57673727540668e-05,1.0520046611477926e-05,3.321731375562158e-07,5.5516601377585935e-05,0.0004511219375543599,2.588432207119476e-05,0.00023884137213792114,2.252092233599373e-05,0.0016691683071011348,0.0010569742835832344,0.45029259404361205,0.0009135513761444825,1.1515190670786452e-09,0.014482012429275326,0.4341540580744067,5.394014331220279e-07,4.195672062451815e-05,0.0007173283561756521,8.945271496346483e-07,2.016577189642585e-06,4.233879696492289e-05,0.00015761583873254918,0.020657936317258072,5.802187462456643e-07,0.07491992883210356
41,2.974605218967538e-05,8.626410887376605e-06,1.0286162481067624e-07,9.918840907604588e-05,0.00024920493592253364,3.211697560133767e-05,5.789221475852073e-05,2.678688751395128e-05,0.0025909336011559576,0.0010352353329654584,0.5494862215568792,0.00018804861719587236,8.63446412828567e-10,0.0031354504352304577,0.41461322148073804,6.402438855222367e-07,1.1299831276207022e-05,0.0013440686162145344,7.470984281675256e-07,2.6273783588893593e-06,1.4333696330112494e-05,7.34877486369309e-05,0.01340177103145884,1.3142617374988313e-07,0.013598116294051466
42,5.1040622026381106e-05,4.9971543791693254e-05,4.6347401677304395e-07,0.0002760124724268731,0.0001605260019207082,0.00024035800808218486,0.00018830838506660207,0.00014536288822705626,0.005999263002924797,0.0019287259164994742,0.29700932067767993,0.001366987098988175,1.7323421982375992e-09,0.0012963809344595885,0.6422520485914088,3.922773967744127e-06,0.00010393131483885394,0.0019421010036351557,4.225511956196543e-06,1.7842339295046872e-06,9.915883882308699e-05,0.002259570228861638,0.016831627917734415,6.517957394169814e-07,0.027788255030652728
43,6.656317424215889e-05,6.882856684262576e-06,5.976187962810566e-08,3.564060078032436e-05,0.00018088148741692608,4.505837477403646e-06,0.00011874129462732527,6.870992300995517e-06,0.0008318081603980027,0.00023080422808772802,0.5835244041238957,0.000287744497608501,2.452742503125395e-10,0.02048352612963111,0.28693004106421327,1.2672464595312475e-07,8.775193025092747e-06,0.0003628785957148974,2.386153380257784e-07,6.062369071823126e-07,4.13443314968772e-06,4.571400610221197e-05,0.009906452602986091,1.2031728483967075e-07,0.09696247882032842
44,8.193888205877242e-05,1.1074208887020356e-05,2.871993876891874e-07,0.000125248176833004,0.0003613069585824573,0.00010003919501931672,0.00033755703523461475,4.3000065261389556e-05,0.0035336005263673603,0.002599391077511933,0.4091732837096571,0.0008907277364719192,1.8376355950460587e-09,0.0067714573273091215,0.4782902750727039,1.3806677172400191e-06,6.568165171756739e-05,0.0017413729984951107,1.5441621735923537e-06,2.848397821923681e-06,6.621360059788963e-05,0.000288109385731859,0.0381095198098576,9.519342870837218e-07,0.05740318838267891
45,7.287146971978519e-05,1.0269144979237621e-05,2.931295162476819e-07,0.0001220796447509085,0.0002594655112846553,0.0001549051934429484,0.0005365650484343088,0.00013622301826659075,0.004031405341378623,0.0031563931797941387,0.2930877925549378,0.0013616496142774355,3.5359608407299318e-09,0.004463524663987881,0.6426377854632207,2.991191214550636e-06,5.408189015052304e-05,0.0025089251795629604,2.2363870357502653e-06,2.3960416882145463e-06,6.400702694511751e-05,0.0004284681450268955,0.02034048802125657,1.2960065708896758e-06,0.026563883596596477
46,0.00048577913020801195,1.9425967528100333e-05,1.1924957501198684e-06,0.0006667437038244532,0.0007130715194578491,0.00045723963476109483,0.0013783490445276614,0.00016584653100991904,0.007597863857633197,0.011597716673435395,0.4901587102735705,0.003749240667958438,1.1983171197666256e-08,0.0069216337395001,0.2824131252028129,6.968783248290742e-06,0.0008942383984986971,0.0036793568896739313,7.144943851242983e-06,6.731264606776658e-06,0.00025978165860816366,0.0024625458904828385,0.06311840428849161,5.0132689152851874e-06,0.1232338641884742
47,0.0004179124554115311,1.8304759702781724e-05,8.262885367843806e-07,0.0004190567445059672,0.00044166380328230354,0.00022744903034399984,0.0011176485766063327,0.00013546208106687499,0.005184202513075067,0.005641861597346668,0.44697170667731984,0.0027413125604108177,7.93387801125679e-09,0.009759502090058948,0.3998509642589795,6.8455508149021365e-06,0.000303879082760701,0.003214406032408349,6.144349823790026e-06,3.620807170332305e-06,0.00013864857385555862,0.0013216163150739028,0.04502692904769471,3.83970660929856e-06,0.07704618916326289
48,0.00013191063294808457,1.6170226810503e-05,3.7781427375370877e-07,0.00015884280408107946,0.00044808054016551524,0.00017651611508189577,0.0004970384396322798,6.425541335549035e-05,0.004557966865400008,0.0043354825725496525,0.3673693264380996,0.0010865311685742491,3.191271295073505e-09,0.007215426717044923,0.492004123569903,2.189507188616015e-06,0.00013587145222018196,0.002601124827585946,3.4960019842990522e-06,3.2237293787619644e-06,8.378115453425421e-05,0.0005357667200211115,0.04401112064605018,2.0050897683627976e-06,0.07455936836207716
49,6.31287655246867e-05,1.794918074498373e-05,4.2941162890987354e-07,0.00016947416477808383,0.00033798747689554464,0.0001851353118463224,0.0003880084918005652,7.13577047404533e-05,0.004777642389120533,0.0032835915352184457,0.3560025022528239,0.0016275849486454422,2.202808487260603e-09,0.00397135875648907,0.5343062513441262,1.9341313854114395e-06,8.435973594827726e-05,0.0015969241299373538,1.8269469739953866e-06,3.2536691250355318e-06,9.814116620930848e-05,0.0007010502127690972,0.03398850479082459,1.0791128231579952e-06,0.058320522166812105
50,0.0002776617861664426,4.004200093603884e-06,3.6976904563785555e-07,0.00013545587488711272,0.0006000495844388931,6.240514529381972e-05,0.0010917843355110373,6.3292542236551e-05,0.003554027538527396,0.006912212580071406,0.5538382457639771,0.0011325188564414,4.519965079766661e-09,0.016516098905387515,0.2929355831284632,1.413794776498381e-06,9.718631453376285e-05,0.0013040219226727677,1.6393143513034294e-06,3.524019948927927e-06,3.2634128265159974e-05,0.0001955823876955022,0.028785227238998245,1.8936585185613716e-06,0.09245316268973298
51,3.460032171751438e-05,2.2124794861630736e-05,1.5692066302431358e-07,0.00014556308240944217,0.00012792486670718854,6.093303272742428e-05,9.404718469218086e-05,4.428932677660421e-05,0.0024640274466710406,0.001026857715139013,0.366387608006787,0.0005977164932736511,7.92915268709146e-10,0.00255042340867397,0.5762794763684166,7.538928077135377e-07,2.471248141788227e-05,0.0010760995864478175,8.773562793991856e-07,1.461196687325044e-06,3.670452752573673e-05,0.0003683197540403857,0.016883769359776566,2.6986780575226563e-07,0.0317712822147798
52,4.003243863385929e-05,4.34981986088308e-06,9.184154299579389e-08,0.0001137069632161937,0.00014934921410155876,0.0001255296654224559,9.30067835093522e-05,7.54588892586518e-05,0.002933484826813588,0.005337102731120918,0.37046445160837704,0.0004118587533168061,2.240240502784512e-09,0.002270736762224367,0.5876478282110834,9.223247896446062e-07,1.2461286358978266e-05,0.002551412332916565,1.1154176954561608e-06,3.867046212244471e-06,2.148391705582809e-05,9.786948825765015e-05,0.01686735903035638,4.1446464522071e-07,0.010776103942989475
53,8.474185416034874e-05,1.2422703183995895e-05,2.8543736368401416e-07,0.00012545308907456986,0.00035346919362188196,0.00010205671480767639,0.00031354910566044485,4.467828989862626e-05,0.003547347649765635,0.0026251674871546346,0.4014057267790018,0.0008600847290522048,1.849051321550879e-09,0.00651279808313996,0.4884957048390125,1.36990891606849e-06,6.814724248552727e-05,0.0017513112271189193,1.749036687920567e-06,2.724675173810965e-06,6.304456110228444e-05,0.0003139051008052772,0.035691337335645584,9.64419543826554e-07,0.057621958688571534
54,8.846376091132746e-05,6.874613271032775e-06,3.8090778734754e-07,0.00015555504021146936,0.00044409148939774144,0.000122769642489779,0.0003726757178746231,5.008867843054894e-05,0.0037525691907996667,0.003689950292301564,0.4896598347164082,0.0010360731298103298,3.0999416742534543e-09,0.006635458947281993,0.4017570620340805,2.027754873526426e-06,8.325918268491785e-05,0.002617087932408491,1.5745847692080407e-06,4.9950903275053975e-06,9.595128262095663e-05,0.00023503158550514775,0.04864764134747403,1.0728838474840203e-06,0.04053950709449101
55,8.362598054350804e-05,7.4893174717286685e-06,3.281921277783465e-07,0.0001321734977189516,0.0004572774611343508,0.00014576375426514894,0.0008911924819465879,9.514750789678254e-05,0.004986319250669965,0.0023607028162820126,0.361045481734902,0.0039762259679521645,3.725367122986006e-09,0.011078596546184274,0.5088312939334901,2.9413237101386893e-06,6.72926516468883e-05,0.0027845571254259617,1.0895825796750841e-06,4.468033161873546e-06,8.551957332237343e-05,0.0003788711904235718,0.03875952703366013,1.4040331390735956e-06,0.06382270728497784
56,8.977877646327022e-05,1.1214573015247125e-05,3.0788649188164273e-07,0.00013695860077139144,0.00037526307774217476,0.00011022887260064632,0.00036548788121517955,4.9634455939243974e-05,0.0037314632191924432,0.0029137112717125524,0.4139535410931034,0.0009513310071205107,2.2902459514894574e-09,0.00684969356656182,0.4732194651423875,1.5653002442680522e-06,7.097765685732105e-05,0.0019112446994539634,1.7143525382792825e-06,3.1723449596542193e-06,6.789037325039769e-05,0.00030324749499299264,0.03837441961106198,1.0661541802459145e-06,0.05650662029789768
57,7.909457575726742e-05,1.1370380661426074e-05,8.790802263703533e-07,0.00012324811276385436,0.0006049602861520445,0.00014412386456247043,0.0005281794669442566,6.713892302334042e-05,0.004673180836011461,0.004171217802094391,0.4152319467131982,0.002244565826903649,3.5415072887578773e-09,0.006784580541103936,0.4640400776879316,2.4766555484462e-06,0.00011325932136370974,0.0014032982092812504,1.9719761407962014e-06,5.230680990316494e-06,0.0001369597781603192,0.00047404099032683416,0.03835982167064094,1.491792307872905e-06,0.06079688128639808
58,0.00010277884804779632,1.2976735064919329e-05,3.5666577332173715e-07,0.00013606310292341544,0.00043608057455660947,0.00015111668632608821,0.0004594024167874162,5.3839674857117824e-05,0.003960972450710709,0.003742582722488843,0.3606047634626604,0.0011375892732258632,2.867687811637894e-09,0.008056974675199696,0.5039019993785636,1.8814511029593457e-06,9.415024270420871e-05,0.002327030291634937,2.3458188095776663e-06,3.4482997501586393e-06,8.594309301076378e-05,0.0003736373200063905,0.04700912276711547,1.760418824898263e-06,0.06734318076216696
59,9.910105182834835e-05,1.2480125786058441e-05,4.045190112204682e-07,0.00013791602095283875,0.00044356380863968457,0.00013801037219795647,0.0004503118057930465,5.3628915962613275e-05,0.0038156915426605376,0.0034901599591212577,0.3822056477998247,0.0011925392256321478,2.8900275939170737e-09,0.008009737178443855,0.48913613832975394,1.943169179597684e-06,9.268462320496533e-05,0.002175853594626757,2.186108533285242e-06,3.644944905539854e-06,9.072950489550776e-05,0.00036369128698553145,0.044898351713521016,1.6013188142105295e-06,0.06318398018969788
60,8.193888205877242e-05,1.1074208887020356e-05,2.871993876891874e-07,0.000125248176833004,0.0003613069585824573,0.00010003919501931672,0.00033755703523461475,4.3000065261389556e-05,0.0035336005263673603,0.002599391077511933,0.4091732837096571,0.0008907277364719192,1.8376355950460587e-09,0.0067714573273091215,0.4782902750727039,1.3806677172400191e-06,6.568165171756739e-05,0.0017413729984951107,1.5441621735923537e-06,2.848397821923681e-06,6.621360059788963e-05,0.000288109385731859,0.0381095198098576,9.519342870837218e-07,0.05740318838267891
61,9.555111368871516e-05,1.2000370845512773e-05,3.7541622753145355e-07,0.0001247373505367027,0.000428866262907504,0.0001235033911819971,0.0004168855750399643,4.828639068183798e-05,0.003782936593256447,0.003219952074894057,0.38455270315164497,0.0010966045106161097,2.4730050915611146e-09,0.007846019070277842,0.48827772643433065,1.7092679619192895e-06,8.513982488129001e-05,0.0019329470328433853,2.0092686500801445e-06,3.281331841097889e-06,8.363183488995714e-05,0.00033467453739421564,0.04351778466453459,1.4106864746153217e-06,0.06401126137139398
62,8.193888205877242e-05,1.1074208887020356e-05,2.871993876891874e-07,0.000125248176833004,0.0003613069585824573,0.00010003919501931672,0.00033755703523461475,4.3000065261389556e-05,0.0035336005263673603,0.002599391077511933,0.4091732837096571,0.0008907277364719192,1.8376355950460587e-09,0.0067714573273091215,0.4782902750727039,1.3806677172400191e-06,6.568165171756739e-05,0.0017413729984951107,1.5441621735923537e-06,2.848397821923681e-06,6.621360059788963e-05,0.000288109385731859,0.0381095198098576,9.519342870837218e-07,0.05740318838267891
63,7.244551257458068e-05,1.4313400271719155e-05,2.4915229063891375e-07,0.00011939908719578907,0.0003171871859072816,9.85942499047917e-05,0.00026734153298214446,4.0092182295584086e-05,0.003513804291570263,0.002190809670216005,0.3832440568555494,0.000732241556555697,1.5458450896525153e-09,0.0056502095622850195,0.5098085806911624,1.2084920002805097e-06,5.9467985745567764e-05,0.0017020399257545971,1.6260004932785154e-06,2.4418325839853058e-06,6.01108356995691e-05,0.00031122468129148094,0.035511432483620424,8.278362948364826e-07,0.05628029344990955
64,6.854352093265069e-05,1.2154757477328109e-05,3.82924254240299e-07,0.00012094628925320506,0.00035354225901533315,0.00011880694401704627,0.00031295848363185294,3.905261484798901e-05,0.003349023494116159,0.0023452869958483845,0.36389292012886776,0.0010844603551221931,1.7877126281671325e-09,0.006368960258339464,0.5143612483919184,1.58948668639509e-06,7.526064053244147e-05,0.0017203368707765481,1.4603241277099785e-06,3.113674122289079e-06,0.000122963414457676,0.0003112117266192097,0.05023596572579778,1.0693288582495128e-06,0.055098739602667014
65,3.101987773083014e-05,2.8663752786527988e-05,3.0154961252797964e-07,8.98369174047345e-05,0.0003383918608648032,0.0002202567623031543,0.0002804258151134072,1.807191236883674e-05,0.002640365654036329,0.0010530067691581111,0.17027472632080598,0.0009419629426345367,9.87572217975237e-10,0.006460265317606826,0.6132683793376388,1.4450740681206165e-06,8.451689268051371e-05,0.002743174121604333,1.4915941807859895e-06,2.983223502958691e-06,0.00027988680368019403,0.0003948916267779341,0.10937006125689452,1.7281401986360467e-06,0.09147414548877454
66,0.00027620227988985735,3.804184140215598e-06,9.500421944686284e-07,0.00021154113465947144,0.0018126293473458752,0.0001249413190273926,0.0017443473066757107,5.4877030350417366e-05,0.005641471934752208,0.009835969860218138,0.6707850705054816,0.001148580965842446,9.732423225216627e-09,0.013845952991104471,0.17908660915546334,3.365134367818984e-06,0.0001929506052939054,0.0019469582517432674,2.5816967325603587e-06,1.1497544738774893e-05,7.237878862094152e-05,0.0002159073553127839,0.04562922061349662,2.4363074123822855e-06,0.06734974591271205
67,3.0237960047425112e-05,2.3847281390381076e-05,2.4357589144658524e-07,0.00010506559227548296,0.00020477364912916971,0.00026328494072051697,0.00024343588136725835,1.9849526161020568e-05,0.002609228718332488,0.0012174748857281688,0.1793492877857738,0.0009979510009660707,9.641309494865886e-10,0.0051781997930004766,0.6023442681220541,1.4052803200496767e-06,7.717221985372359e-05,0.002590583458796204,1.3471797925976709e-06,2.5745059704825178e-06,0.00023928673932153185,0.0003904100799460565,0.11468568475947585,1.527875431490594e-06,0.08942285822412331
68,5.634682390992898e-05,1.0158987203342275e-05,2.786757770869667e-07,0.00011398215473945875,0.00032732617548574233,0.00013559269308606426,0.0003459528699439667,5.1295125770520994e-05,0.003283241457175041,0.0024468671726741308,0.3444629274307276,0.0012361636746286249,1.8844769219101615e-09,0.005795355265928495,0.5522596318582252,1.4977530072224653e-06,5.829379554854947e-05,0.0020490333811658693,1.2389207941507608e-06,3.2459451141379157e-06,9.409482279937423e-05,0.000299798609234172,0.03894053445774776,9.745666398760097e-07,0.04802616549819673
69,4.320042671611664e-05,7.882416239778959e-06,1.7688536923103557e-07,9.851481227494908e-05,0.00024485304140722065,6.755300845175753e-05,0.00017363404606021937,3.01586315398031e-05,0.0032578214713124163,0.0017737612527852983,0.4460690795753649,0.0006075360593744602,9.512586513982105e-10,0.0037982971264802707,0.46536645354260053,7.028571957905303e-07,3.569968387216209e-05,0.0013213654601367624,6.709176184887459e-07,2.433303783415955e-06,5.461158937633235e-05,0.0001831933673409968,0.03459762227795765,3.6739350250372415e-07,0.0422644099019802
70,3.17050518699544e-05,6.566749454777481e-06,2.465135065820894e-07,0.0001963931508714806,0.00021553790585725517,0.00011452840388436962,0.00027609300248426907,4.283221773212062e-05,0.004463396269656249,0.002365726361640261,0.4861588081208616,0.0009362299426435314,1.1614143395912927e-09,0.003054597719694362,0.4339560351513492,1.483624753445232e-06,2.3264090003079797e-05,0.0010716004936245356,4.881118407815646e-07,3.6091424614108204e-06,5.765224287369718e-05,0.00020472506511654223,0.03625831164892727,3.478255483309154e-07,0.03055982003193059
71,0.00012157381744474603,8.492324318595267e-06,3.406409443347226e-07,0.0001441813674653337,0.0005720467926489859,0.00012659421421705805,0.0007283198751014297,5.234220321211748e-05,0.0047610096121385405,0.004209210755611455,0.4408550876043293,0.0010904083316408584,2.799761110671484e-09,0.009134723380948988,0.413095437490522,1.7253236068022047e-06,9.261233602096818e-05,0.0019144718482019512,1.7253631840274889e-06,3.7577126538153244e-06,6.727348679133076e-05,0.0003057270858211302,0.044985269010364086,1.4919691971617446e-06,0.07772617465385391
72,0.00011436439213807221,9.309621128998036e-06,4.908937091848733e-07,0.00022060047367688406,0.0006068276416674142,0.00026450663336052247,0.0012592121726570146,9.742513926271286e-05,0.005061958695522467,0.003882471964852917,0.3834021497327663,0.00209925336297155,5.316680346225477e-09,0.01008394957215258,0.4826079279341728,5.44104057871983e-06,0.0001209104507616324,0.004243172588438185,2.416551083784562e-06,5.68621779350055e-06,0.00014264781268996765,0.00044035514041257037,0.054655036657092475,2.506261294477938e-06,0.05067137373313499
