,0,1,2,3,4,5,6,7,8,9,10,11,12,13,14,15,16,17,18,19,20,21,22,23,24
0,1.8681669566120175e-06,0.0007775738007755379,4.052693331787721e-09,1.5947296254423206e-06,3.122303495103212e-06,3.7707539783828126e-05,9.841877478221431e-06,4.929559933894017e-06,0.001867772793506365,1.2855013422269534e-06,0.00043624120385614846,0.0010916868022639368,1.3210503666212833e-07,2.3714436811367534e-05,0.9348861049933855,1.7048850859005682e-05,5.33261587914089e-06,2.4600115742050377e-10,8.858948431152341e-05,1.8466093797547526e-09,3.155659584358536e-09,0.026597424094046737,1.2689316557184596e-08,7.169052331460285e-08,0.03414793545984971
1,7.882304108369786e-07,0.0003308362878738502,2.656779122241468e-09,6.455490756001534e-07,1.1102657134927009e-06,6.795687988437105e-05,6.575933729411073e-06,4.097504085023353e-06,0.007098673653533085,3.5437524967493886e-06,0.00021250896991209718,0.00028689466067317046,1.0089555669097127e-07,3.574345030965833e-05,0.9312069487718829,9.581563175186433e-06,6.621518265058303e-07,2.539593689400356e-10,0.00010772412402895613,2.426849194316718e-09,2.051770328883656e-09,0.031002625688147666,8.472948738232502e-09,4.5721453847758846e-08,0.029622920083924174
2,6.123877975419895e-07,0.00031653198657261803,1.7437581352118065e-09,4.509020554279714e-07,1.0780740998727388e-06,4.0993406529147394e-05,3.998502207205278e-06,3.4821135354011685e-06,0.004737210056796688,2.101841193105034e-06,0.0002339250046217433,0.0003047467034444824,6.183362500043492e-08,3.987930945330709e-05,0.9333446628459072,5.2599621476437565e-06,5.974872546320784e-07,1.3815357407685944e-10,5.297099699861912e-05,1.7265733718478695e-09,1.29965777950707e-09,0.030653819072052894,5.438867591337643e-09,2.7111263712979116e-08,0.03025758005543333
3,8.849446453334736e-07,0.0003763683606455177,1.996445883385454e-09,5.591539258400731e-07,1.0735748783481637e-06,5.105963229943492e-05,4.920493262493785e-06,3.875907002688141e-06,0.004515224022750072,2.1700992616982566e-06,0.00027488002707086673,0.0003518549069951573,8.324037825017232e-08,3.279421058203057e-05,0.9294760507722548,6.326451391274402e-06,7.989350068419748e-07,1.6931510973171369e-10,6.988050401219037e-05,1.646470818970036e-09,1.5119955842156787e-09,0.036642755485164956,6.212277125210655e-09,3.068440084573987e-08,0.02818839705756677
4,9.641920799956194e-07,0.0004417361802854263,2.3142668710692327e-09,6.322721620329128e-07,1.2490037371928532e-06,4.976970105818296e-05,5.709994603621747e-06,4.4224011318594955e-06,0.005146247267558182,2.4706724739928627e-06,0.00030701918296433147,0.00039132035949896344,1.0663254739979646e-07,4.233261291246617e-05,0.9213503405846608,6.638663268289204e-06,8.638843350450338e-07,2.1212497728194217e-10,7.998293481425605e-05,2.0655624531202196e-09,1.929139075469641e-09,0.042236910189454246,6.81174466969909e-09,3.6218098276629207e-08,0.029931233719517187
5,1.1523354918702476e-06,0.00045265810255289927,2.895831387631594e-09,8.954190492637408e-07,1.5201433773353547e-06,6.297785173927711e-05,6.030446642908202e-06,4.736660420700594e-06,0.005854604031364565,3.186651471373436e-06,0.0003205636478655048,0.0003700092638140995,1.188965316786094e-07,4.548042762938797e-05,0.927594143599401,7.429345294015752e-06,9.60785188680501e-07,3.161681375665162e-10,8.956266314691742e-05,2.5484416955674915e-09,2.2116634866593982e-09,0.03743868633500318,9.874114879783188e-09,4.571998234910438e-08,0.027745219827813354
6,8.849446453334736e-07,0.0003763683606455177,1.996445883385454e-09,5.591539258400731e-07,1.0735748783481637e-06,5.105963229943492e-05,4.920493262493785e-06,3.875907002688141e-06,0.004515224022750072,2.1700992616982566e-06,0.00027488002707086673,0.0003518549069951573,8.324037825017232e-08,3.279421058203057e-05,0.9294760507722548,6.326451391274402e-06,7.989350068419748e-07,1.6931510973171369e-10,6.988050401219037e-05,1.646470818970036e-09,1.5119955842156787e-09,0.036642755485164956,6.212277125210655e-09,3.068440084573987e-08,0.02818839705756677
7,1.4116761762696467e-06,0.00040092797027787457,2.2740034197136827e-09,6.3284741571649e-07,1.0389155658324715e-06,5.3621210550217845e-05,6.136697584112659e-06,4.85496058896096e-06,0.0038809630348962906,2.0391899523278618e-06,0.0003753214464621155,0.0003562082846700668,1.344226430475644e-07,2.7213411004053686e-05,0.9262979629084239,6.126732650134308e-06,8.633356462219903e-07,2.2785382211256642e-10,8.925794913519815e-05,1.7497490488275933e-09,1.7918249500920307e-09,0.047181898018841165,5.526575604805943e-09,2.7520821218482717e-08,0.02131334789668845
8,1.3812450695146806e-06,0.0005011645755192909,5.416995089570496e-09,8.184845593222826e-07,1.568685368856251e-06,5.382720973907856e-05,3.3063655195599084e-06,2.7598633669102897e-06,0.006269315550098338,3.675859718601811e-06,0.00021916875136586525,0.0004792239955849828,9.055923951296177e-08,5.281790089556196e-05,0.9109813667324524,9.90783916254403e-06,1.3689178146136658e-06,1.6949574339394478e-10,3.78267948796212e-05,2.6644086498142792e-09,1.4362541600174258e-09,0.02546795526168559,1.3586092599429511e-08,1.007589505722115e-07,0.0559123313757629
9,7.17603492928042e-07,0.0006587832723287878,5.462403906115e-09,8.393633555495671e-07,1.2902512045401652e-06,5.011486593964163e-05,3.320122304821436e-06,3.6307388775502484e-06,0.00776738454970959,7.229885865683286e-06,0.00016257443314563987,0.0003771263434713142,9.337977694073594e-08,8.362488953094696e-05,0.9041109502310086,1.3986418401834227e-05,1.1320252244101744e-06,2.1165461848430324e-10,5.8036260447978815e-05,4.095892759843511e-09,1.8592803429494614e-09,0.025781359996682164,1.2787602674324146e-08,9.925107536119851e-08,0.060917681701321356
10,8.849446453334736e-07,0.0003763683606455177,1.996445883385454e-09,5.591539258400731e-07,1.0735748783481637e-06,5.105963229943492e-05,4.920493262493785e-06,3.875907002688141e-06,0.004515224022750072,2.1700992616982566e-06,0.00027488002707086673,0.0003518549069951573,8.324037825017232e-08,3.279421058203057e-05,0.9294760507722548,6.326451391274402e-06,7.989350068419748e-07,1.6931510973171369e-10,6.988050401219037e-05,1.646470818970036e-09,1.5119955842156787e-09,0.036642755485164956,6.212277125210655e-09,3.068440084573987e-08,0.02818839705756677
11,9.748119569755803e-07,0.00039073957401506836,2.1071394544919403e-09,6.008501648602236e-07,1.1451547135305831e-06,4.975009798944717e-05,5.439575768639354e-06,4.0437328856138445e-06,0.004597036427466996,2.1253380126143852e-06,0.0002911646934414453,0.0003813347540046338,9.904979871265114e-08,3.3296215637249045e-05,0.9267221718123703,6.650153705693786e-06,8.338380505046906e-07,1.853962000870465e-10,7.49472664748488e-05,1.8230679287030359e-09,1.652078977650333e-09,0.03945065300336086,6.341992238914488e-09,3.4627900605071744e-08,0.02798694691260672
12,1.4248179359167821e-06,0.0004987363650443114,7.355452045443468e-09,5.382338839210328e-07,8.774262620933444e-06,9.096128920153994e-05,6.033374426604157e-06,3.891283614682023e-06,0.010824885932560216,3.3174717410619756e-06,0.0006983881822960314,0.0007163408520543695,7.691061769114398e-08,0.00014742816593752738,0.8538568412629196,5.36239585558457e-06,2.1718313514673987e-06,2.4594182863636925e-10,2.557361451415871e-05,4.935057432121032e-09,4.162828525062567e-09,0.03716250489001135,2.0961961988820618e-08,1.0707259942660197e-07,0.09594660412957155
13,8.86542798973175e-07,0.00037716234140369536,2.011767883673594e-09,5.640867919562525e-07,1.0737621225521484e-06,5.162801498284836e-05,4.932140330853684e-06,3.86611000970024e-06,0.00454324553053467,2.198674161869184e-06,0.000272753371359824,0.00034974651651115184,8.353092191026724e-08,3.2725189236276655e-05,0.9296341501999568,6.383810942182015e-06,8.016252317074174e-07,1.7057612224453588e-10,7.03360107780656e-05,1.6569162706268327e-09,1.516092819119635e-09,0.0364889135745522,6.289866341403409e-09,3.0984388436963253e-08,0.028158506337765166
14,1.0495704035715175e-06,0.0006362150394516747,2.3735816081158334e-09,8.218563964456241e-07,1.6918747861354989e-06,4.882712641683343e-05,5.663119006389466e-06,4.415071026515824e-06,0.004405401241569375,2.755636422756669e-06,0.00039445312712258894,0.0003654283350628528,1.2210810040116337e-07,4.286521109939318e-05,0.9235304630332972,6.223914703186789e-06,1.166711665738955e-06,2.5220863808997394e-10,0.00010578489998796159,2.0115714102522378e-09,2.553899274448813e-09,0.04393221051141621,7.442183302367227e-09,3.756692026043225e-08,0.026514389411700166
15,8.849446453334736e-07,0.0003763683606455177,1.996445883385454e-09,5.591539258400731e-07,1.0735748783481637e-06,5.105963229943492e-05,4.920493262493785e-06,3.875907002688141e-06,0.004515224022750072,2.1700992616982566e-06,0.00027488002707086673,0.0003518549069951573,8.324037825017232e-08,3.279421058203057e-05,0.9294760507722548,6.326451391274402e-06,7.989350068419748e-07,1.6931510973171369e-10,6.988050401219037e-05,1.646470818970036e-09,1.5119955842156787e-09,0.036642755485164956,6.212277125210655e-09,3.068440084573987e-08,0.02818839705756677
16,7.094527973796197e-07,0.0003161316589463133,1.0724281732995245e-09,3.6556410825237513e-07,6.703349010990784e-07,2.7900950478151758e-05,3.6161550592938712e-06,3.963281354318358e-06,0.00263202065182549,1.2188956425931619e-06,0.0002736300648528014,0.00038927512727072625,5.866237800150588e-08,2.8504466647043943e-05,0.9302331397002982,4.550605820308203e-06,6.459509084639424e-07,1.1284309221712735e-10,5.69407831385214e-05,9.268622745796606e-10,1.0191724150298902e-09,0.041997893886284346,3.0198009157807306e-09,1.3971028697175583e-08,0.02402874368515318
17,2.1416940162070852e-06,0.0006696376301861688,4.525689780209048e-09,7.808890183325249e-07,3.642902876536404e-06,6.115158422013336e-05,1.1874870843929954e-05,6.376316604921327e-06,0.008698792349216628,2.2050225356383915e-06,0.000756852116701546,0.0009476990392692828,1.8823651318345844e-07,9.229446038032903e-05,0.867073550720605,6.6565615185114905e-06,1.7674580712172888e-06,3.7351246219498526e-10,7.976692709125619e-05,3.1210329283793348e-09,4.756524152908717e-09,0.06869751524658183,1.2160542891340048e-08,7.652751555001023e-08,0.052887004508931454
18,5.535733943911561e-07,0.0003749856115772587,2.389979521060942e-09,2.709245709378543e-07,8.795088242530573e-07,3.454041483094162e-05,4.508778491050954e-06,2.965808275583232e-06,0.004006217283704982,1.9383573364127615e-06,0.00021484087417595615,0.0005312818537708513,5.198855658800678e-08,4.997159352494974e-05,0.8968266407337734,9.406796023885411e-06,1.0858402784831898e-06,1.0366652458494599e-10,4.916091943135371e-05,1.6550041083901633e-09,1.7921369918979452e-09,0.028860457710195204,6.496161606880055e-09,4.07386883050481e-08,0.06903018825362658
19,5.266836798783058e-07,0.00037561581278845193,1.3756925215899519e-09,7.742409050125144e-07,1.1122454316352161e-06,5.730892862719382e-05,4.187646956704709e-06,2.8729458524166597e-06,0.005215863794111647,2.560843127777406e-06,0.00015108579534505337,0.00028461995866895797,6.617595646761033e-08,2.6485219331291855e-05,0.9402163591405756,5.800578033479952e-06,5.837426728158912e-07,1.1875198717516544e-10,6.148816372417646e-05,1.5309885074471894e-09,8.421134472041448e-10,0.031611851060870756,5.4847620942203206e-09,2.8057843271772568e-08,0.021980799613188863
20,1.4144481287548805e-06,0.0004230788927350455,4.35901394084755e-09,7.730266995018504e-07,1.6903240015950193e-06,7.203962884097222e-05,7.266459076232144e-06,3.87892854124201e-06,0.005641857274774544,2.713285770858536e-06,0.00031625849912679256,0.0005515712343152436,9.646760391054686e-08,3.795765588315906e-05,0.9232681608383456,1.1770940289607457e-05,1.4735250280365195e-06,2.7482928733897223e-10,7.469256831544278e-05,2.2121099637088437e-09,2.373871916422112e-09,0.024811510867804025,1.391682562283216e-08,6.868596177703812e-08,0.044771703312106864
21,2.542441191235289e-06,0.0006957807827983698,7.771994560008133e-09,9.946633576568316e-07,2.0373647430498325e-06,4.629047573280416e-05,9.145928397426656e-06,7.218268486668833e-06,0.006651567970158497,3.4105609989185693e-06,0.0005019273404516154,0.0010855448697144182,2.193983019374687e-07,9.336314304528911e-05,0.8874463387194258,1.573238596373895e-05,2.062237637468445e-06,5.509216286265525e-10,8.435471640382183e-05,4.150932371301986e-09,4.167130891077472e-09,0.043673455198870295,1.3966601633225852e-08,1.0389820650233882e-07,0.05967787902853337
22,1.8392508608867655e-06,0.0005732148347141705,4.2165986773419374e-09,8.343157412193482e-07,1.361447018197672e-06,7.74061321156239e-05,5.421029354276869e-06,8.159743232158543e-06,0.003680495339763058,4.2244360355261855e-06,0.0004953032566262062,0.00037476498564226467,1.3484849724537183e-07,4.972669969793324e-05,0.9111995182717924,8.824313672954161e-06,2.1130903749632003e-06,4.1557882511895277e-10,0.00010458656036288603,2.6472468672180645e-09,3.469353885787724e-09,0.05634041166259113,1.122144638187274e-08,3.22373144975857e-08,0.027071605574367615
23,8.849446453334736e-07,0.0003763683606455177,1.996445883385454e-09,5.591539258400731e-07,1.0735748783481637e-06,5.105963229943492e-05,4.920493262493785e-06,3.875907002688141e-06,0.004515224022750072,2.1700992616982566e-06,0.00027488002707086673,0.0003518549069951573,8.324037825017232e-08,3.279421058203057e-05,0.9294760507722548,6.326451391274402e-06,7.989350068419748e-07,1.6931510973171369e-10,6.988050401219037e-05,1.646470818970036e-09,1.5119955842156787e-09,0.036642755485164956,6.212277125210655e-09,3.068440084573987e-08,0.02818839705756677
24,6.458095589657862e-07,0.0005861348786221863,1.5691247446330182e-09,9.111831074054468e-07,1.0497026154567337e-06,4.1020194268633925e-05,4.547800123250206e-06,4.1737373677140565e-06,0.004032376623095621,2.8481941073152835e-06,0.00021964023761074947,0.0003055974267704613,8.661543028079278e-08,3.785361501141446e-05,0.9344589358208076,6.432283726073118e-06,8.708946227683251e-07,1.960991145575111e-10,0.0001047213638597401,1.5503209391816244e-09,1.6109693323611312e-09,0.03769065894954983,6.294917221454079e-09,2.7847086302526677e-08,0.022501455601226787
25,2.2288965621748403e-06,0.00046981655619766666,3.6796996597939333e-09,8.530702776577235e-07,3.103142069749913e-06,5.9270878368442664e-05,1.4797358484188173e-05,1.7402456245983702e-05,0.005499124318605054,1.795429734103689e-06,0.0012184575216332685,0.0010567887523625589,1.8570556768483143e-07,7.925686407357712e-05,0.886301332463427,7.337382397859582e-06,1.491978246987732e-06,6.559439670417578e-10,9.774929396175332e-05,3.377217011367442e-09,5.0197962545276955e-09,0.07180712919976784,8.657593069647117e-09,3.396686340755686e-08,0.033361823374903
26,2.90603573080869e-06,0.0005888459551321595,9.743215538757823e-09,1.6486551054929637e-06,3.757914895201037e-06,0.00013300977979753808,9.566379489123674e-06,4.697468772230853e-06,0.017308182122186218,6.059204943323725e-06,0.00041228009505681306,0.0005487756122581898,2.1080024448299372e-07,8.346911782626967e-05,0.8955552246149309,1.1947675755230524e-05,1.5902861167717987e-06,7.093337931350957e-10,8.587139276607249e-05,5.685293746300217e-09,4.076426830325419e-09,0.03456166990792985,3.632026535215202e-08,2.143958997694785e-07,0.05068001605062847
27,5.612512875660611e-07,0.0002503389210127085,9.697365833861706e-10,4.1848096771157595e-07,7.154794782578154e-07,4.8493327966970874e-05,3.6561068237461394e-06,2.911743141916104e-06,0.005314004662237809,1.6503306266822554e-06,0.0001764434660930243,0.00023894732058463394,6.01455698423456e-08,2.1010526860881678e-05,0.9345652972155674,4.1967692569147054e-06,3.3810489329954167e-07,9.41224592488615e-11,5.7398135002084884e-05,1.1524494232678554e-09,7.093755052136769e-10,0.03893065608899367,3.471515607788666e-09,2.0880916007098093e-08,0.020382874645519262
28,8.849446453334736e-07,0.0003763683606455177,1.996445883385454e-09,5.591539258400731e-07,1.0735748783481637e-06,5.105963229943492e-05,4.920493262493785e-06,3.875907002688141e-06,0.004515224022750072,2.1700992616982566e-06,0.00027488002707086673,0.0003518549069951573,8.324037825017232e-08,3.279421058203057e-05,0.9294760507722548,6.326451391274402e-06,7.989350068419748e-07,1.6931510973171369e-10,6.988050401219037e-05,1.646470818970036e-09,1.5119955842156787e-09,0.036642755485164956,6.212277125210655e-09,3.068440084573987e-08,0.02818839705756677
29,8.849446453334736e-07,0.0003763683606455177,1.996445883385454e-09,5.591539258400731e-07,1.0735748783481637e-06,5.105963229943492e-05,4.920493262493785e-06,3.875907002688141e-06,0.004515224022750072,2.1700992616982566e-06,0.00027488002707086673,0.0003518549069951573,8.324037825017232e-08,3.279421058203057e-05,0.9294760507722548,6.326451391274402e-06,7.989350068419748e-07,1.6931510973171369e-10,6.988050401219037e-05,1.646470818970036e-09,1.5119955842156787e-09,0.036642755485164956,6.212277125210655e-09,3.068440084573987e-08,0.02818839705756677
30,8.849446453334736e-07,0.0003763683606455177,1.996445883385454e-09,5.591539258400731e-07,1.0735748783481637e-06,5.105963229943492e-05,4.920493262493785e-06,3.875907002688141e-06,0.004515224022750072,2.1700992616982566e-06,0.00027488002707086673,0.0003518549069951573,8.324037825017232e-08,3.279421058203057e-05,0.9294760507722548,6.326451391274402e-06,7.989350068419748e-07,1.6931510973171369e-10,6.988050401219037e-05,1.646470818970036e-09,1.5119955842156787e-09,0.036642755485164956,6.212277125210655e-09,3.068440084573987e-08,0.02818839705756677
31,1.9151761436720832e-06,0.0006341275244960688,4.690313523363421e-09,8.17532495277517e-07,1.083750233312632e-06,6.537548553523293e-05,6.959170386807744e-06,1.0274129778716994e-05,0.0047257472662168044,3.894572120098839e-06,0.0003995475731362684,0.0005538865942198605,1.361561637246948e-07,5.187359806747822e-05,0.9050789286933227,1.3269390547886085e-05,1.6569304403784965e-06,3.930801217712072e-10,0.0001001952179016785,2.441442967885368e-09,2.979137487181844e-09,0.05171438183109173,9.843699578953971e-09,3.977942477557034e-08,0.03663586928060384
32,7.745879520597426e-07,0.0003469784864986801,1.7330276311519064e-09,5.534738982968947e-07,9.605920386614646e-07,4.866969728968562e-05,4.799167942007555e-06,3.6820258988307646e-06,0.004084980993792875,2.0939524167085104e-06,0.00024899987422778534,0.0003037086881867417,8.047103446810852e-08,2.821747245834884e-05,0.9350391402212199,6.2782259655025255e-06,7.40424857391156e-07,1.6270277677512626e-10,8.066911979817498e-05,1.533986347693594e-09,1.5136169203152604e-09,0.03497412336566601,5.839853566707627e-09,2.8266889865739275e-08,0.02482451010878057
33,2.218483194708616e-06,0.0007113845792716332,2.087891045033205e-09,1.00273454804884e-06,1.3040327267367472e-06,3.9379531761260496e-05,1.023193774968375e-05,9.755493790817572e-06,0.0024814461042771386,1.2936154075211936e-06,0.0007020121931927662,0.0011389368423666822,2.2457948157838699e-07,3.0112535915403643e-05,0.880163806692207,1.0878856473307037e-05,2.19799175380427e-06,3.34459225537089e-10,0.00013943327010547301,1.5966967946888458e-09,2.8031837530088755e-09,0.08941849798721313,5.162159239835568e-09,3.3280150381024086e-08,0.025135837274023083
34,4.326690489211003e-06,0.0001473897039858113,2.06862536198444e-09,6.749586335137868e-07,1.5149564977292113e-06,4.842640646235149e-05,8.175830223499783e-06,4.429200728083312e-06,0.004408110939147404,7.603585277552362e-07,0.0006861916592164245,0.00025375113010582746,1.935269868549689e-07,1.2023873060276387e-05,0.9437699438674565,2.948569226091084e-06,4.1530998615024817e-07,3.8541062752113236e-10,0.00011157846484600427,1.0920187427449013e-09,2.0774925939917935e-09,0.040924736023459585,4.867815698568297e-09,2.8613998454916296e-08,0.009614369425599439
35,1.8744645969127592e-06,0.00044807675690770085,2.509255238424861e-09,7.62269243571426e-07,8.051758167210882e-07,7.882619613713234e-05,7.087916615051808e-06,7.42297284679764e-06,0.005763881886584629,2.8352706220331403e-06,0.0003299005119143361,0.0005460366850909246,1.4834872107263908e-07,2.76312005805517e-05,0.9020004256763393,1.1634572492783244e-05,9.297209994444395e-07,3.255276588932237e-10,0.00011358834912113787,1.7636222959822457e-09,1.6025596184955672e-09,0.06531391671478223,6.217454179975025e-09,3.6031226688843714e-08,0.025344166860941642
36,9.36703373320199e-07,0.00032981756046750497,2.595126538971229e-09,5.33543909974945e-07,2.039808650317545e-06,5.27571128904724e-05,5.507169815164967e-06,2.589107058089414e-06,0.004615790322065745,1.7274994958624296e-06,0.0003774785791770574,0.00032822751701134525,8.38156154202762e-08,3.2442861652641705e-05,0.9354199230248992,5.222574585834029e-06,8.925903720069196e-07,1.6855493367172905e-10,6.24766369859526e-05,2.006286168013035e-09,2.259931523233397e-09,0.02459784229576455,9.12980728938415e-09,5.1787929786335335e-08,0.03416364332857328
37,3.0280071521961175e-06,0.000660163754638995,8.879848539349904e-09,1.0479006592321714e-06,3.3003642810725603e-06,6.539295641703034e-05,1.2165230574293172e-05,5.012024969263957e-06,0.01021916837454052,3.466923903380949e-06,0.0005479761721220422,0.000878311621481965,2.7933910243024883e-07,8.57569763151549e-05,0.8839975179288111,1.2247047679958348e-05,1.8850771200322018e-06,5.63064497489607e-10,8.91315047483761e-05,4.927896085393256e-09,4.958702634483169e-09,0.044983231342848436,1.810242531773354e-08,1.5783819496575978e-07,0.058430722182502365
38,9.559074697006706e-07,0.0005249091480619387,2.3551121181080705e-09,5.870509679103865e-07,1.591407583069497e-06,4.295639164150894e-05,4.565348949583834e-06,4.382141554777106e-06,0.005516640701476889,2.3025778968493738e-06,0.00036703912167359616,0.00047141940413200373,8.52367138776443e-08,5.568638658782264e-05,0.9113589276807645,5.3410287623287895e-06,9.158168193542356e-07,1.6735335695147664e-10,5.6787064802150276e-05,1.7932689746839538e-09,1.7250608962795597e-09,0.043608927265142323,6.267322251746677e-09,3.594741419551454e-08,0.03797593206346803
39,1.1777434562226225e-06,0.0002649274370891611,2.136621470195907e-09,4.574323856205118e-07,7.106120550044432e-07,8.980761693069655e-05,8.941718535589336e-06,9.375175595381501e-06,0.0028903553345755394,1.7307863265187913e-06,0.00034620822200657776,0.0005950130076961881,8.931952579227274e-08,1.859248341938963e-05,0.9150501297521202,1.4780490058622426e-05,1.324139934742806e-06,2.0688353686576537e-10,9.526664361196634e-05,1.6316002949935428e-09,2.0285157338226805e-09,0.05132929984976783,6.407595080226894e-09,2.358567370178129e-08,0.029281776238018857
40,8.75610456263348e-07,0.00037750178817560234,1.9960290006517173e-09,5.708421293187754e-07,1.0719210759030495e-06,5.122225206039354e-05,4.945537583364604e-06,3.894157355013174e-06,0.004564417478405649,2.2210917024682953e-06,0.0002723611775326961,0.00034730151961856416,8.386521032760771e-08,3.2889030046366406e-05,0.9299660076915157,6.433041140589026e-06,7.950227127865455e-07,1.7364976779878398e-10,7.205033485385186e-05,1.667455927643494e-09,1.5298342949189757e-09,0.036282936656158137,6.31969153029968e-09,3.123618526627548e-08,0.028012378059421025
41,3.2222309266526283e-07,0.00010380476676051153,5.386074552143254e-10,4.851060257784993e-07,9.554304223395779e-07,4.530717822077964e-05,1.894884957822393e-06,1.1808397211954452e-06,0.003420058939454843,8.948144482604841e-07,0.00010387112143828558,0.00012149690367679571,1.9965073025214944e-08,7.68962410068846e-06,0.9742267955223076,2.0332369214861913e-06,1.918513624815406e-07,4.5120496293847735e-11,2.713900417928941e-05,5.643095078604611e-10,2.363197355305591e-10,0.01146483887880104,3.014566305904208e-09,1.2466416578943253e-08,0.010471002843694958
42,6.490537817265473e-07,0.0003124979181687864,7.828207729696053e-10,4.1349073192964474e-07,5.023201429807259e-07,5.227826426593603e-05,4.263420620790937e-06,4.4545044639556286e-06,0.002813198298915285,1.5413380424973395e-06,0.0002033772534958854,0.0002505374545458098,8.318316561894415e-08,1.1912351000082354e-05,0.9114625716960862,6.031144216072602e-06,5.801139022039027e-07,8.571092845027106e-11,9.868684788559376e-05,9.08653295594616e-10,8.587870923295719e-10,0.07036560157029814,2.25110876174227e-09,1.3012466519043439e-08,0.014410801876723101
43,1.942241037946165e-06,0.000774907819779967,3.521595207889966e-09,7.71467749438893e-07,2.182087006269302e-06,2.8579769191170527e-05,9.76139814632571e-06,4.4272464766917356e-06,0.0052260077856114,1.2267047686637284e-06,0.0005961411136940702,0.0013743332627782394,1.5059829021034023e-07,6.629412742262706e-05,0.8904085712948643,8.040644487711506e-06,1.7993360935379278e-06,2.4694841311591757e-10,6.325259406453987e-05,1.8311178016743642e-09,2.491982431271949e-09,0.042476924351350476,8.439026069528154e-09,6.944628466771973e-08,0.05895460018023171
44,8.849446453334736e-07,0.0003763683606455177,1.996445883385454e-09,5.591539258400731e-07,1.0735748783481637e-06,5.105963229943492e-05,4.920493262493785e-06,3.875907002688141e-06,0.004515224022750072,2.1700992616982566e-06,0.00027488002707086673,0.0003518549069951573,8.324037825017232e-08,3.279421058203057e-05,0.9294760507722548,6.326451391274402e-06,7.989350068419748e-07,1.6931510973171369e-10,6.988050401219037e-05,1.646470818970036e-09,1.5119955842156787e-09,0.036642755485164956,6.212277125210655e-09,3.068440084573987e-08,0.02818839705756677
45,3.8304665809317567e-07,0.00010933137852529352,5.190267497289582e-10,4.1595333843116386e-07,6.174172293431222e-07,4.513524204640003e-05,4.26862651724162e-06,2.0968760564080354e-06,0.0029577547714942773,7.973897891345281e-07,0.0001281663982606076,0.00016007634545316658,4.2507737807178e-08,6.965957991782546e-06,0.9663369568253936,3.682992425878525e-06,2.241932780592745e-07,7.300020924607687e-11,5.936325983719704e-05,7.931246187088416e-10,4.4381990826639905e-10,0.020155931647412403,2.5907456580877872e-09,1.2275611453435514e-08,0.010027772475226196
46,9.89930167168749e-07,0.00039802136166340086,1.9093718097238184e-09,5.732218549920863e-07,9.916669630351289e-07,4.889506146510037e-05,4.760366651746469e-06,3.9358122394729515e-06,0.0035042756510498614,1.8774499763874744e-06,0.0002833149717569072,0.00039389121415344563,8.489658782379442e-08,2.7298154046172897e-05,0.9284569034207167,6.7370662912438736e-06,1.0090148118376644e-06,1.5160284164383097e-10,6.834625461305122e-05,1.4371105953230377e-09,1.4136402152269733e-09,0.039808793420392126,5.832159477094725e-09,2.827334208409133e-08,0.026989262047372373
47,1.4969106027493643e-06,0.0007500218669091191,1.7285290496142699e-09,4.2365699160114025e-07,5.212241078897687e-07,3.490277882558068e-05,4.663273612720766e-06,4.656225061527975e-06,0.0032758505509201453,1.6864527981977402e-06,0.0002602999690079434,0.0007312976728342637,1.4265043337286259e-07,2.19368838570314e-05,0.8751662536338528,1.0153515664074e-05,1.0632761468508883e-06,9.868191894661996e-11,6.205994785125026e-05,1.1883036751111804e-09,7.918158389785262e-10,0.08738476123036963,2.42602067814706e-09,2.740449941113021e-08,0.03228777464230238
48,7.257061388758719e-07,0.0007882560842275567,1.5591266848876796e-09,7.925830085155948e-07,5.635647985981166e-07,4.539376490632076e-05,3.5974292759157867e-06,5.007072931080518e-06,0.0021435921085324566,3.1547925486658563e-06,0.0001801467340197798,0.0003115672877452346,7.53003234950484e-08,2.6163662600684847e-05,0.9266937769223212,9.176600001388085e-06,1.7173777989643436e-06,1.4164659907394768e-10,0.00010100604867421474,1.1455927667883734e-09,1.298621707003562e-09,0.04852140284084004,5.595938244852457e-09,1.7141895804394495e-08,0.021163857236484958
49,1.5654470858889663e-06,0.00044319928574509395,3.3983930533602045e-09,6.591972381212077e-07,1.485976812577132e-06,8.809282454422426e-05,7.034221328658306e-06,5.886755317142365e-06,0.006206298278473461,2.661869002515456e-06,0.0004072442961459247,0.0005714213828576488,1.171144097776837e-07,4.132331869477736e-05,0.9073738285096792,8.13791705331171e-06,1.124163633922587e-06,2.498994968609991e-10,6.308235087934452e-05,2.3794060222616138e-09,1.948334258730119e-09,0.04931273765165054,8.81789428968631e-09,4.2089481830196796e-08,0.035464040556038905
50,5.11356563895304e-07,0.0004187867124138467,1.7557542666793511e-09,4.793666483202599e-07,7.297868782363766e-07,4.5944209675404845e-05,5.287185862127205e-06,4.935798084537567e-06,0.0044384105357813414,3.431463085387866e-06,0.00018228591250324112,0.00025605030879030476,8.40370223686504e-08,3.874401546193631e-05,0.9264101925181247,7.024976293147156e-06,6.340272979701702e-07,1.5002389979987254e-10,9.741859947106453e-05,1.754292881868492e-09,1.6544191411742675e-09,0.04282184420880152,4.2981667455770934e-09,1.8884970513552513e-08,0.025267176483613034
51,5.705984774622376e-07,0.0026108564339592036,8.906036466774166e-10,1.3799035374888434e-06,5.390220975353709e-07,1.3558167750564141e-05,1.7317071238109178e-06,8.838369506470906e-06,0.0021315875265448874,3.544718555369708e-06,0.00021042887654121575,0.00036489103230337856,9.23839372996669e-08,6.424040702849058e-05,0.8945665636565127,3.60432734186843e-06,7.462479526969844e-07,1.2844601800603746e-10,8.322359691670259e-05,8.427714757557221e-10,7.122605954931619e-10,0.08622442974752229,1.5694752818991292e-09,7.0307283322060104e-09,0.013709162102105406
52,5.640197414429099e-07,0.0001576190142253401,9.571984483981698e-10,8.409203951033374e-07,2.099685791830419e-07,6.739010098128021e-05,1.4772519734363492e-06,4.399708653087513e-06,0.003045402065321041,6.588352541334076e-06,8.783155709481741e-05,6.291643006924624e-05,7.364808207739862e-08,1.2951901045320449e-05,0.9620391711545323,7.82350239203779e-06,2.3836551226487775e-07,3.635847777115673e-10,0.00012223522055329505,1.9738906363807784e-09,4.607087079896492e-10,0.028887086630185414,3.7260415100167525e-09,1.0921060678759087e-08,0.005495161785637179
53,7.918484091750437e-07,0.0002257883690340921,1.6628751862129972e-09,3.618349846115707e-07,1.018582218040452e-06,5.7182160407050235e-05,1.0387820773921002e-05,3.9030252142821e-06,0.005609112965288952,1.0702472278213662e-06,0.0002971246137977396,0.0005729534364338668,7.012345771006684e-08,3.0205498727094642e-05,0.9271624571655136,6.460941500158905e-06,5.919814817340769e-07,1.5451095854577823e-10,5.394015263278851e-05,1.5593672981385003e-09,1.447501248476326e-09,0.029057532321563072,6.5895987627242605e-09,2.928236450552664e-08,0.03690900621511621
54,0.00010818302078432396,0.00033230271545892635,1.635542451140867e-08,3.098684431748878e-05,2.719945753114728e-05,0.0023186443690838047,0.00012005963953242575,5.8222277950675394e-05,0.006310078800134849,4.045000825240625e-06,0.015708216983618517,0.00019819010010275673,3.99916462798305e-06,1.5328366210752688e-05,0.7839501666985675,4.546978386734234e-06,1.1087847031924539e-05,5.942115418714601e-08,0.0028362397064995142,8.74673570072298e-09,1.8037558772054844e-07,0.18645560712404263,3.020035781277475e-07,1.252523868834635e-07,0.0015062027504259003
55,1.3330167197462222e-06,0.0003127922467362632,2.5075789380506227e-09,7.770522904370736e-07,2.6327715440506946e-06,6.523069410283598e-05,1.6602229194470448e-05,3.525726728614061e-06,0.011875837677141723,1.046782774783794e-06,0.0004072184364710982,0.0014786706852311627,1.2603816140539617e-07,3.7054591605595826e-05,0.9014651252231902,9.32622267392708e-06,6.653949988306918e-07,2.448521759848267e-10,6.50227095464666e-05,2.096165580073261e-09,1.6400918824732894e-09,0.02985906800031236,9.660701551775134e-09,1.0644766013704704e-07,0.05439782190352595
56,9.271142505879447e-07,0.00038800585296487025,2.0387793819941236e-09,5.742067957895108e-07,1.083088053815276e-06,5.084076416441735e-05,5.156417152738748e-06,4.010017761305194e-06,0.004553032939467492,2.1648041090720986e-06,0.0002835872497977271,0.0003676255669288924,9.05335835602276e-08,3.331641540387081e-05,0.9274750370967486,6.45015334193535e-06,8.160777510001559e-07,1.7703554371323285e-10,7.247203366486132e-05,1.7240644798339956e-09,1.5718113083529019e-09,0.03863510466409722,6.251301858297124e-09,3.190572415971608e-08,0.02811966133524531
57,7.438817621351148e-07,0.0005198848078707416,1.6678301983528128e-09,5.387330237722779e-07,8.708408346116328e-07,3.716261973230176e-05,6.515728176025022e-06,4.424632467702216e-06,0.003452131560300462,2.01160878347553e-06,0.0002672047322413468,0.0004266175322188333,1.1290955971946127e-07,2.7632672324391305e-05,0.9179633275095197,9.10528049174024e-06,9.597703179647484e-07,1.5996839893503355e-10,0.0001397237836148024,1.3982645236186724e-09,2.2027785656240067e-09,0.04812923398959915,4.419343782408585e-09,3.073144254534547e-08,0.02901175682753296
58,9.038976513487872e-07,0.0003838312039303469,2.3085589928510707e-09,6.241883948351951e-07,1.3800643485038556e-06,5.212599954593096e-05,5.700885109909662e-06,3.3116050467586888e-06,0.005403376154258871,2.189780714007513e-06,0.0002785532695253025,0.00038266834763614016,9.997327067437712e-08,3.45681035205056e-05,0.9278324582498496,7.132786124352756e-06,8.280038007471603e-07,1.864672445790197e-10,7.568085509804612e-05,2.099534526299147e-09,1.829700174793249e-09,0.03347185906469357,7.805748467254199e-09,4.994787022111253e-08,0.03206264338960099
59,9.65166156420649e-07,0.00042332522480602563,2.832512402809855e-09,6.320549931757482e-07,1.4546440521632196e-06,5.719007744701159e-05,5.741521518351834e-06,3.6710791314095435e-06,0.00571886373705253,2.676304231069887e-06,0.0002861947005252639,0.00039112981676508324,1.0124258395431846e-07,4.068295002925444e-05,0.9228552355270097,7.999784643288576e-06,9.636334916801831e-07,2.063824819179031e-10,7.495984407404849e-05,2.347880710786146e-09,2.0800654308910108e-09,0.034265647420787824,8.836359061332517e-09,5.273610138991349e-08,0.03586249623140034
60,8.849446453334736e-07,0.0003763683606455177,1.996445883385454e-09,5.591539258400731e-07,1.0735748783481637e-06,5.105963229943492e-05,4.920493262493785e-06,3.875907002688141e-06,0.004515224022750072,2.1700992616982566e-06,0.00027488002707086673,0.0003518549069951573,8.324037825017232e-08,3.279421058203057e-05,0.9294760507722548,6.326451391274402e-06,7.989350068419748e-07,1.6931510973171369e-10,6.988050401219037e-05,1.646470818970036e-09,1.5119955842156787e-09,0.036642755485164956,6.212277125210655e-09,3.068440084573987e-08,0.02818839705756677
61,1.1088345077368753e-06,0.0004313526504743774,3.3103217803591927e-09,6.747823366460244e-07,1.6250988462269442e-06,6.200308163717655e-05,6.345555397283517e-06,3.950663341945902e-06,0.006663007192133574,2.9121750796723148e-06,0.00031246561798511024,0.00041042549639753307,1.1377968982487855e-07,4.538112413354477e-05,0.9188800290250886,8.175536293930582e-06,9.719872364792481e-07,2.397562342095526e-10,7.804113700674946e-05,2.5982085935997593e-09,2.351950439108272e-09,0.035511239128161336,9.826978543058342e-09,6.056194960850542e-08,0.03758009824508727
62,8.849446453334736e-07,0.0003763683606455177,1.996445883385454e-09,5.591539258400731e-07,1.0735748783481637e-06,5.105963229943492e-05,4.920493262493785e-06,3.875907002688141e-06,0.004515224022750072,2.1700992616982566e-06,0.00027488002707086673,0.0003518549069951573,8.324037825017232e-08,3.279421058203057e-05,0.9294760507722548,6.326451391274402e-06,7.989350068419748e-07,1.6931510973171369e-10,6.988050401219037e-05,1.646470818970036e-09,1.5119955842156787e-09,0.036642755485164956,6.212277125210655e-09,3.068440084573987e-08,0.02818839705756677
63,8.359361087461225e-07,0.0004500885744512265,1.8713548989155063e-09,5.680646960213954e-07,9.87133788445884e-07,4.577298198217806e-05,4.4579833301350795e-06,3.869335649208079e-06,0.004232242479415258,2.27493910748241e-06,0.0002588325494218719,0.00035100843144907816,8.347133390408227e-08,3.3487304852241276e-05,0.927148726568559,6.326825519974101e-06,8.256049226625566e-07,1.54841967577582e-10,7.16813020838278e-05,1.5538198296865875e-09,1.4324710144902621e-09,0.039325782643906515,5.634556505031723e-09,2.9312790144514788e-08,0.028062107909588258
64,1.0781370494127595e-06,0.0004620850881166241,2.9031969175913956e-09,6.317308655951934e-07,1.4155518795520096e-06,5.3249735569943203e-05,6.525535677327961e-06,4.624621969003568e-06,0.004884632327754784,2.567247135537242e-06,0.0003454287825082697,0.0003966810307585225,1.1210713429560943e-07,4.460276081163124e-05,0.9203275970989027,7.467861645781715e-06,1.109540369519419e-06,2.357891146370593e-10,9.107140381885224e-05,2.1369227598933003e-09,2.7926762982973116e-09,0.040054499579299394,8.420377141805458e-09,4.1146957309914215e-08,0.033314562222813676
65,9.205705313380586e-07,0.00044396698527760637,2.3596099298092585e-09,5.685658442864623e-07,1.152407956448511e-06,4.958500613225527e-05,4.895013908411822e-06,4.130250907038675e-06,0.005262689602181634,2.575431161931067e-06,0.0002807282373889752,0.00038016827607368747,9.14149913847564e-08,4.22660702890272e-05,0.9211782747845845,6.667347085010645e-06,8.30589702759205e-07,1.7903444144707988e-10,6.761187868786997e-05,1.907148755881556e-09,1.6463979941383068e-09,0.039694669316292244,6.457833864869754e-09,3.512958158733685e-08,0.032578160571396904
66,2.1932169390386875e-06,0.00048104606997727745,5.921271717983185e-09,8.090396134982777e-07,1.8754564848932496e-06,6.523165503900841e-05,1.0954690347566005e-05,9.751959796267214e-06,0.006890891085431732,3.826804696330404e-06,0.0005323260900091953,0.0005387702033547087,2.713889800237244e-07,5.855018702751731e-05,0.9020125968448846,1.0785944705663802e-05,1.0399785103591087e-06,5.173077768083361e-10,0.00010245155571685815,4.494885044045659e-09,3.5483846977915154e-09,0.05937106624549251,6.879773307327221e-09,4.5210762224224197e-08,0.029905495010608338
67,3.6948742653823622e-06,0.0006407424481875177,3.314434506927288e-08,2.144775892320038e-06,3.1840588660522143e-06,0.0001532290672418541,1.0757184888358979e-05,1.0650900533371683e-05,0.005486735225883872,1.262663717670296e-05,0.0006435322098747883,0.0004326420052001306,2.964765951446327e-07,0.00015013159367299134,0.9117455988494895,2.6222877858613063e-05,6.8172108499867015e-06,2.1366946235836826e-09,0.00014263739057608808,1.4526440519742035e-08,2.082764851271611e-08,0.02406757777881222,1.1231634373323161e-07,1.9423409859995953e-07,0.056460401248563996
68,8.872072308049016e-07,0.0003725740801213433,2.5616132245157958e-09,5.894286713276504e-07,1.3380947489995355e-06,5.645910653875257e-05,5.300306729765668e-06,3.616012304127784e-06,0.0059517261479437,2.492706304252299e-06,0.00027501955063855834,0.00039533424789659415,8.386652046104584e-08,4.3363576517539266e-05,0.9253441460076536,6.486264680160341e-06,7.908174204644909e-07,1.8387727374399577e-10,5.944107503798124e-05,2.0598740147624234e-09,1.6104537144265654e-09,0.03215937760788715,7.928692303410964e-09,4.113424122288176e-08,0.03532091841640269
69,1.3034642912791247e-06,0.000479529815532292,9.319479974939977e-09,7.759221157168562e-07,1.8037940590801515e-06,9.793829671039914e-05,1.0754264616769673e-05,1.0287979940754364e-05,0.010297505532675796,7.520164192756285e-06,0.0004055278788303871,0.0005296051064903146,1.588631604487759e-07,0.00014198292048066573,0.8884455433105124,1.5833415112678446e-05,1.3358568707233482e-06,7.932128872550221e-10,0.00011424183578327402,6.974220915178522e-09,7.588404102741653e-09,0.036198328901315996,2.295752230305218e-08,8.447406383012029e-08,0.06323989057040443
70,8.797331722820698e-07,0.00036155947316138975,1.992827214020984e-09,5.762434337263444e-07,1.1836818727052912e-06,5.1786460206770785e-05,5.046244271819252e-06,3.7757892015092333e-06,0.004736416127292386,2.0684346907775345e-06,0.0002804662392425134,0.0003517032184347017,8.095330294493742e-08,3.329995335614834e-05,0.9310704901419128,5.820620047767019e-06,7.665965881799219e-07,1.6729923148243452e-10,6.621584773609888e-05,1.6442328650246848e-09,1.4965641778442175e-09,0.03506958281638163,6.413669922763806e-09,3.102643421177802e-08,0.027958238684666164
71,7.127286671161623e-07,0.0010910962712433418,1.0475271617939157e-08,9.154499255344793e-07,9.25407545043176e-06,7.410158036811827e-05,2.2171939269966104e-05,9.510631645464102e-06,0.04789141259973036,1.0844628311653538e-05,0.00044356306760602826,0.0007627816424603103,1.9261530389765063e-07,0.0005977883738356656,0.7839513309529887,1.3038455560565502e-05,9.792875221509128e-07,9.490212976615558e-10,0.00010657137467379651,1.5194802438292862e-08,1.3936810348394452e-08,0.04023772570393371,2.832097450019221e-08,2.062579266967763e-07,0.12477573348669622
