,0,1,2,3,4,5,6,7,8,9,10,11,12,13,14,15,16,17,18,19,20,21,22,23,24
0,9.743008001065964e-06,0.0024212074811281493,2.1672826005803958e-08,6.138161711458372e-06,4.389931946302475e-05,6.391007738354418e-05,7.555412904430148e-05,1.6778308123683013e-05,0.014236777666825831,2.5006587839569674e-06,0.003381394873778883,0.0038901683193566625,1.0931247464910004e-06,0.00023651291597695021,0.8458831722991536,1.6976899446530234e-05,9.680814483040834e-06,3.2766414740296055e-09,0.00022686873172574325,1.1625556841681507e-08,4.115616197937398e-08,0.06366996792158808,6.066377640822357e-08,5.555520400794304e-07,0.06580696134227629
1,3.2621285013911823e-06,0.0009273140825733768,1.1634124250744429e-08,2.1266637486075544e-06,1.3022921014346684e-05,9.85229933273625e-05,3.7815916931601146e-05,1.2221295011321972e-05,0.04417120299482923,6.260191261618957e-06,0.001385574527012439,0.000892684398486578,6.431663082424581e-07,0.0003036629063486151,0.8324762311898233,8.826816371105333e-06,1.0647781748307218e-06,2.5714219564056217e-09,0.0002294335226778443,1.3317765264901886e-08,1.968314920463852e-08,0.06551134143260703,3.297806917004199e-08,2.858173050606227e-07,0.05391842207315639
2,2.7397122974690795e-06,0.0009282277153769635,8.333319350732251e-09,1.5685420400954377e-06,1.3591052490415657e-05,6.23176452572597e-05,2.4367439848644766e-05,1.08517193050298e-05,0.03083765619475684,3.922296186268138e-06,0.001610694208425248,0.0009759856642029091,4.2180400881994437e-07,0.00035705458045917187,0.8418157419453229,5.065084814096251e-06,1.033194835506569e-06,1.5295023219242483e-09,0.00011846974281993046,1.0062194218806681e-08,1.3786376837212043e-08,0.06652697647526992,2.3007322190501064e-08,1.838255243643738e-07,0.056703074438043
3,3.959877593435926e-06,0.001114493647112485,9.519446062438862e-09,2.000543689592167e-06,1.389808538249667e-05,7.786658800249524e-05,3.252416431584248e-05,1.226059865565741e-05,0.030123130605223765,3.971673701337154e-06,0.00192530444973651,0.0011659553438632124,5.90414280437282e-07,0.00029987482309542883,0.8319999751075376,6.176297922183677e-06,1.3950996062026525e-06,1.952035811106259e-09,0.00016371738451764113,9.67225193442107e-09,1.7064387876725973e-08,0.08016168289728048,2.689092499182319e-08,2.146435671896145e-07,0.05289094265586915
4,4.398481905137831e-06,0.0013166064907512156,1.1199389435162012e-08,2.2387964319707658e-06,1.613973780196807e-05,7.492220369179561e-05,3.8145995923803795e-05,1.3874644739956666e-05,0.03426914306556817,4.464453374279208e-06,0.002145706556196301,0.0012976653475546905,7.698701013653359e-07,0.0003847528803453231,0.8121494723093503,6.416489515864968e-06,1.511036032621825e-06,2.412562960075853e-09,0.0001850455808533766,1.2019693558400297e-08,2.1967188400693314e-08,0.09232257567996957,2.9231536743286533e-08,2.5440481831850155e-07,0.05576581914470287
5,4.837434283639077e-06,0.0012785029312865754,1.3020183341254853e-08,3.1764066954096734e-06,1.91042487402836e-05,9.637541207994933e-05,3.8222964068227025e-05,1.472405127244278e-05,0.03814210105065623,5.744425907438456e-06,0.0021776709643699507,0.0011918243710761247,7.905141859911163e-07,0.00040180739156100184,0.8263470608129145,7.1419552966943265e-06,1.6156371963879806e-06,3.564545060805156e-09,0.00020630577640342508,1.4594367695056752e-08,2.3527379699206184e-08,0.0791856341831358,4.2012438471648724e-08,3.068375704600714e-07,0.050876955912384995
6,3.959877593435926e-06,0.001114493647112485,9.519446062438862e-09,2.000543689592167e-06,1.389808538249667e-05,7.786658800249524e-05,3.252416431584248e-05,1.226059865565741e-05,0.030123130605223765,3.971673701337154e-06,0.00192530444973651,0.0011659553438632124,5.90414280437282e-07,0.00029987482309542883,0.8319999751075376,6.176297922183677e-06,1.3950996062026525e-06,1.952035811106259e-09,0.00016371738451764113,9.67225193442107e-09,1.7064387876725973e-08,0.08016168289728048,2.689092499182319e-08,2.146435671896145e-07,0.05289094265586915
7,5.738209438967598e-06,0.001170198531193145,9.964463169172593e-09,2.153336382692255e-06,1.2834269784204557e-05,7.629317241282112e-05,4.0401806656515274e-05,1.4382277136568669e-05,0.025863343409549214,3.5199721083022754e-06,0.0024647979147360017,0.001163654804755602,9.29346911400364e-07,0.00024102967866628018,0.8272504099409447,5.763408564454465e-06,1.3821586186691259e-06,2.3395706757880875e-09,0.00020537192250090174,9.770782446802045e-09,1.8957941066001368e-08,0.10160363600361749,2.1872217840627266e-08,1.8709439511283193e-07,0.03987390983665186
8,4.820851723199716e-06,0.0013192408862684798,2.1062120152682525e-08,2.61274707835044e-06,1.755974819139422e-05,7.39972786839042e-05,1.755624664035646e-05,7.682139755171344e-06,0.03842329598923151,6.373186631792692e-06,0.0012992899603338946,0.001347721850661082,5.261730464068457e-07,0.00042851736230340055,0.8088264711648797,8.601055124153673e-06,1.947621071130691e-06,1.5295018974982395e-09,7.835277530134539e-05,1.4078253571729429e-08,1.2512252645567665e-08,0.050555381964606856,4.911474871217077e-08,5.997311563655824e-07,0.09757935297043452
9,3.0144260927893514e-06,0.001761046255894749,2.4142839937689777e-08,2.756809443579295e-06,1.562597611366118e-05,7.204522048090532e-05,1.8752389110196456e-05,1.0377936483838744e-05,0.04969774030480636,1.2659786669401687e-05,0.0010724902076084718,0.0011110472425276286,6.051039146701437e-07,0.0007109138688572166,0.7852164979004919,1.1973402940311915e-05,1.7289750198740846e-06,2.1758050446635653e-09,0.00012252402337178416,2.2494313017660845e-08,1.8261164462845947e-08,0.05321374002458852,5.033341470810536e-08,6.417367571188085e-07,0.10694370100128976
10,3.959877593435926e-06,0.001114493647112485,9.519446062438862e-09,2.000543689592167e-06,1.389808538249667e-05,7.786658800249524e-05,3.252416431584248e-05,1.226059865565741e-05,0.030123130605223765,3.971673701337154e-06,0.00192530444973651,0.0011659553438632124,5.90414280437282e-07,0.00029987482309542883,0.8319999751075376,6.176297922183677e-06,1.3950996062026525e-06,1.952035811106259e-09,0.00016371738451764113,9.67225193442107e-09,1.7064387876725973e-08,0.08016168289728048,2.689092499182319e-08,2.146435671896145e-07,0.05289094265586915
11,4.371172576394859e-06,0.0011625357690778378,1.0077888905283979e-08,2.131961062697393e-06,1.4756237553737993e-05,7.515606158041204e-05,3.6019106641284726e-05,1.2694761610672482e-05,0.03073303712895278,3.869223272275969e-06,0.0020265019330107485,0.0012617251055651454,7.070462316863844e-07,0.00030362482062021886,0.8254419621694034,6.438413273573748e-06,1.4454308397869615e-06,2.0987428333806066e-09,0.00017391931365613503,1.0636940338615255e-08,1.8562854123743538e-08,0.08631723652034326,2.712453777346479e-08,2.4179189853631527e-07,0.05242155753186535
12,5.531249494469376e-06,0.0012384704774872056,2.8963328501304444e-08,1.7169406935117002e-06,9.732381053461579e-05,0.00011904297371203372,3.35898394548306e-05,9.982223450691637e-06,0.06525562830789433,5.195044383659453e-06,0.004295112487621991,0.002001993356848031,4.808975285202292e-07,0.0011722008021270477,0.7009583238081901,4.170106827483191e-06,2.9889181677519203e-06,2.4484718835993747e-09,5.373136426475464e-05,2.4622544155023006e-08,3.8946561926130486e-08,0.07068313501555284,7.806442338654046e-08,6.583643973981969e-07,0.15406055096603863
13,3.961195444474746e-06,0.0011163273181730123,9.57888215221639e-09,2.018770497315384e-06,1.3900364169440376e-05,7.871626599640059e-05,3.261726455360232e-05,1.222732835529565e-05,0.030315872691976366,4.021095667882603e-06,0.0019099559386710643,0.0011592084873667482,5.922399280333945e-07,0.00029918866698321826,0.832244364437161,6.2303131278594904e-06,1.3984277278130186e-06,1.9656855903252078e-09,0.0001648448100680874,9.730282801846035e-09,1.7101713273933907e-08,0.07980941040508838,2.7212874304292033e-08,2.166844831612112e-07,0.05282486170512296
14,4.7566100571243375e-06,0.0018717992513154157,1.1496881288727593e-08,3.0105119051390016e-06,2.2331564486853087e-05,7.599857413669362e-05,3.876157853085572e-05,1.413879354610886e-05,0.029941989400120328,5.043985491207608e-06,0.002784803895446964,0.001227047851196714,8.796351646973622e-07,0.00039530915111915283,0.8181994091576387,6.12578590280736e-06,2.056921935840715e-06,2.994852149591193e-09,0.00024984348047872156,1.1953811050369944e-08,2.9594885900472085e-08,0.09555762145744567,3.323135168279291e-08,2.694247754767145e-07,0.04959871369752346
15,3.959877593435926e-06,0.001114493647112485,9.519446062438862e-09,2.000543689592167e-06,1.389808538249667e-05,7.786658800249524e-05,3.252416431584248e-05,1.226059865565741e-05,0.030123130605223765,3.971673701337154e-06,0.00192530444973651,0.0011659553438632124,5.90414280437282e-07,0.00029987482309542883,0.8319999751075376,6.176297922183677e-06,1.3950996062026525e-06,1.952035811106259e-09,0.00016371738451764113,9.67225193442107e-09,1.7064387876725973e-08,0.08016168289728048,2.689092499182319e-08,2.146435671896145e-07,0.05289094265586915
16,3.0029600967436974e-06,0.000927494015872931,4.857134532344173e-09,1.2604475555589112e-06,8.508357978280295e-06,4.150974874740847e-05,2.484580329212412e-05,1.2090988757822116e-05,0.017761945564403733,2.148104196702575e-06,0.001871002078476577,0.0013035248388998271,4.139166594992543e-07,0.0002615391786079759,0.8397353071525757,4.407339803892098e-06,1.0849901186504586e-06,1.2599588425632928e-09,0.00013568923453018836,5.3604999246760205e-09,1.153820443832581e-08,0.09210623529882012,1.2656887473755284e-08,9.694699169595308e-08,0.045797857360929464
17,8.676659278726051e-06,0.0018742906550806345,1.933739842813022e-08,2.551728095113983e-06,4.321674094259247e-05,8.128758609144631e-05,8.013410713644012e-05,1.8087087181597605e-05,0.05411287393110469,3.4996039960561075e-06,0.004828001505988762,0.002957376006643667,1.3135089372882628e-06,0.0007729160737698125,0.7041698253549276,5.976331147544252e-06,2.789284399197686e-06,3.878276615088937e-09,0.00018226931933397835,1.6422338864224492e-08,5.281421525254604e-08,0.14004112558880555,4.685707480183769e-08,5.073788918423559e-07,0.09081314223894353
18,2.627267590434391e-06,0.0010804352343787857,1.1309043481482528e-08,9.129111620126585e-07,1.0530938889455507e-05,5.2305042383683275e-05,2.984453585429994e-05,9.512313847228349e-06,0.025146747232827678,3.3928075083861514e-06,0.0015089370398118469,0.0017667579431940874,3.680193916912775e-07,0.00043957940545700136,0.7815018614940163,9.132302687651465e-06,1.9202847745722454e-06,1.2352131358068193e-09,0.00011425722136771207,9.268522623699378e-09,2.0292731038771714e-08,0.06419258393538718,2.7196562613028973e-08,2.612958506422643e-07,0.12412796347154643
19,2.3916057341113873e-06,0.001095057888651279,6.736103398839496e-09,2.8165655497825785e-06,1.4193594624648771e-05,9.185989541411974e-05,2.6435353794254533e-05,9.271290732916528e-06,0.03534792505362395,4.8970139623601486e-06,0.0010503883999707685,0.0009357638256366613,4.609699976309932e-07,0.0002402947254079685,0.8514354786536896,5.635925235331335e-06,1.0007257601688478e-06,1.3488862611339697e-09,0.0001370285067200668,9.150288671862926e-09,8.853968255883248e-09,0.06862745163909037,2.392869380324396e-08,1.9186537724462544e-07,0.04097140648308653
20,5.6450863442872255e-06,0.0011740830467403323,1.8472288528447928e-08,2.673042608391543e-06,2.083559615999795e-05,0.00010676704164206363,4.5240928405407545e-05,1.1714080789844666e-05,0.03661732285505338,4.777232599793138e-06,0.0021097335436857435,0.0017311278478248167,6.306958068945385e-07,0.00033205179905593186,0.8239776094073096,1.0925939935599649e-05,2.350861924091062e-06,3.0013179934362833e-09,0.00017313865971582814,1.24271798258225e-08,2.4613213678841895e-08,0.052717600228587784,5.657389778217998e-08,4.4954979998567346e-07,0.08095520746811238
21,1.0647135840012714e-05,0.0019201748324058057,3.399870115559539e-08,3.294115958532425e-06,2.4543088543406753e-05,6.645569248240811e-05,6.025395872402572e-05,2.147783234276548e-05,0.042616250950350924,5.730695864039873e-06,0.0033503538285802495,0.0034215897135770165,1.5111405370396426e-06,0.000803056036124568,0.750007427396081,1.4438373112597237e-05,3.3047802562083405e-06,6.083336830244613e-09,0.00019608845002623792,2.272275687321378e-08,4.5984831180148026e-08,0.09240518087409669,5.57371928218555e-08,6.819395854519377e-07,0.10506737463869248
22,7.398630974201455e-06,0.0015595233390180057,1.7518976465680915e-08,2.73440821453933e-06,1.628092740245101e-05,0.00011092179063998082,3.46586996570231e-05,2.360174793090091e-05,0.02386029963506983,7.014950051592843e-06,0.0032552613826651957,0.001196217658414776,8.877383135794855e-07,0.00042254380657369786,0.8009866375746222,8.105742946402114e-06,3.2660124135601295e-06,4.418863996054741e-09,0.00024239744091370045,1.4252424025857211e-08,3.588546221337909e-08,0.11906777140307714,4.390165585960409e-08,2.1062128451748032e-07,0.049194150512434115
23,3.959877593435926e-06,0.001114493647112485,9.519446062438862e-09,2.000543689592167e-06,1.389808538249667e-05,7.786658800249524e-05,3.252416431584248e-05,1.226059865565741e-05,0.030123130605223765,3.971673701337154e-06,0.00192530444973651,0.0011659553438632124,5.90414280437282e-07,0.00029987482309542883,0.8319999751075376,6.176297922183677e-06,1.3950996062026525e-06,1.952035811106259e-09,0.00016371738451764113,9.67225193442107e-09,1.7064387876725973e-08,0.08016168289728048,2.689092499182319e-08,2.146435671896145e-07,0.05289094265586915
24,3.1309397780690675e-06,0.00172661737397648,8.027852264464662e-09,3.4132106693324078e-06,1.4211610492589134e-05,6.81494713118948e-05,3.083123731047848e-05,1.3847440393741175e-05,0.02801165550776533,5.459587268141761e-06,0.0016173624113893165,0.0010406121578196018,6.333049765463187e-07,0.000353518112148627,0.8406063784886494,6.43373499833453e-06,1.5848936801837411e-06,2.454326345963338e-09,0.00024683460446435756,9.518785838521841e-09,1.877919557839745e-08,0.08370502973111593,2.936234707155562e-08,2.022072150703505e-07,0.04254402583206957
25,9.239532546711027e-06,0.0012582882032150821,1.5935457694366806e-08,2.908316285416079e-06,3.773221850564906e-05,8.66748919910796e-05,9.127616971011712e-05,4.839792984429165e-05,0.03586615393501143,3.06541018136387e-06,0.007886705377638298,0.003196412788340221,1.2364749451667503e-06,0.0006663418223410335,0.7476870343662381,6.42825322487734e-06,2.3036745144097866e-06,7.1010566922222946e-09,0.00021979368820130942,1.8226845397805647e-08,5.196364844301721e-08,0.1451625078594462,3.561714348301457e-08,2.2978957374585e-07,0.05776714045409374
26,1.0125849613781325e-05,0.0015120423112026731,3.7146469769115804e-08,4.973679350234007e-06,4.2125837253755056e-05,0.00016964033873783068,5.142997649534023e-05,1.2454805751388006e-05,0.10032708942094899,9.668230084199876e-06,0.0024587368568954214,0.0015294409153925723,1.2221311636072758e-06,0.000665435659624809,0.7410878364762268,9.873901283873956e-06,2.267609039495148e-06,6.437397425361035e-09,0.0001743952447192253,2.8794956436903684e-08,3.715361389582466e-08,0.0662764310653214,1.2754012700149853e-07,1.265240039435463e-06,0.08565330737829066
27,2.51930983515071e-06,0.0007305840331378743,4.726297084371428e-09,1.4624209707190054e-06,9.086945387703266e-06,7.452633694198756e-05,2.1995827128903115e-05,9.146893629924391e-06,0.03444880499516935,3.1314767806908295e-06,0.0012191863440554262,0.000765815322312904,4.0510952177822583e-07,0.0001911008270160521,0.840734439498925,4.050839314624362e-06,5.924782329916976e-07,1.058369614473551e-09,0.00012604464320275163,6.812753553874375e-09,7.528759191512075e-09,0.08329765841720616,1.4980995546163796e-08,1.4111973667951196e-07,0.0383592720543182
28,3.959877593435926e-06,0.001114493647112485,9.519446062438862e-09,2.000543689592167e-06,1.389808538249667e-05,7.786658800249524e-05,3.252416431584248e-05,1.226059865565741e-05,0.030123130605223765,3.971673701337154e-06,0.00192530444973651,0.0011659553438632124,5.90414280437282e-07,0.00029987482309542883,0.8319999751075376,6.176297922183677e-06,1.3950996062026525e-06,1.952035811106259e-09,0.00016371738451764113,9.67225193442107e-09,1.7064387876725973e-08,0.08016168289728048,2.689092499182319e-08,2.146435671896145e-07,0.05289094265586915
29,3.959877593435926e-06,0.001114493647112485,9.519446062438862e-09,2.000543689592167e-06,1.389808538249667e-05,7.786658800249524e-05,3.252416431584248e-05,1.226059865565741e-05,0.030123130605223765,3.971673701337154e-06,0.00192530444973651,0.0011659553438632124,5.90414280437282e-07,0.00029987482309542883,0.8319999751075376,6.176297922183677e-06,1.3950996062026525e-06,1.952035811106259e-09,0.00016371738451764113,9.67225193442107e-09,1.7064387876725973e-08,0.08016168289728048,2.689092499182319e-08,2.146435671896145e-07,0.05289094265586915
30,3.959877593435926e-06,0.001114493647112485,9.519446062438862e-09,2.000543689592167e-06,1.389808538249667e-05,7.786658800249524e-05,3.252416431584248e-05,1.226059865565741e-05,0.030123130605223765,3.971673701337154e-06,0.00192530444973651,0.0011659553438632124,5.90414280437282e-07,0.00029987482309542883,0.8319999751075376,6.176297922183677e-06,1.3950996062026525e-06,1.952035811106259e-09,0.00016371738451764113,9.67225193442107e-09,1.7064387876725973e-08,0.08016168289728048,2.689092499182319e-08,2.146435671896145e-07,0.05289094265586915
31,7.244713492727843e-06,0.001703162447469301,1.9030524367459268e-08,2.5111234377378294e-06,1.2587589479254285e-05,8.726713537802245e-05,4.0413240672759114e-05,2.7767605176111748e-05,0.029971557777905798,6.436794708864728e-06,0.002498503760760687,0.001654199702377062,8.657190956836025e-07,0.0004347862244457401,0.790509559975863,1.147400200334563e-05,2.4011041373690872e-06,3.718207632700085e-09,0.00021521642570951824,1.3001845830024908e-08,2.8517003195614402e-08,0.1066814765271006,3.5533595539677525e-08,2.522677806810359e-07,0.06613221606182912
32,3.526116973512843e-06,0.0010361631880866826,8.379576728132362e-09,1.975567972054048e-06,1.246853698154241e-05,7.469181019927015e-05,3.1601036839952304e-05,1.1755724096541238e-05,0.027292862292046985,3.867851276972362e-06,0.0017625346883967299,0.0010147723139499393,5.722070951471827e-07,0.00026037563161861144,0.8438495015500044,6.181870806468682e-06,1.3106982529917627e-06,1.8895012974853086e-09,0.00018865723813347158,9.070417105473198e-09,1.7144125974521016e-08,0.07729420925064077,2.5415006530625505e-08,1.9801117256965126e-07,0.04715271251682782
33,1.0827080530612623e-05,0.002102952881748598,1.0697958750466816e-08,3.646186689745338e-06,1.7531576080525665e-05,6.141657760452567e-05,7.612590841624982e-05,3.0640027886367306e-05,0.01748343443780464,2.3117513111644863e-06,0.005006376079190842,0.0038397444084910942,1.7539074985683817e-06,0.00027886330006330256,0.731348347806263,1.032143917302579e-05,3.862257760521466e-06,4.129333198805797e-09,0.00033169649651581303,9.387215207949034e-09,3.5258657884705503e-08,0.1940503095038495,2.35136979671824e-08,2.4744757029111176e-07,0.04533950793868868
34,1.8403623190524707e-05,0.00046029070959666536,9.342959651564492e-09,2.179964776464589e-06,1.831934149117521e-05,6.665260889629024e-05,5.711343095779494e-05,1.3529172127668745e-05,0.02840316205841102,1.2996195154511928e-06,0.004691667702883438,0.0008823750395902835,1.3952085379280637e-06,0.0001120586971238172,0.851936417488135,2.967331001894105e-06,7.33166353738141e-07,4.141653641394972e-09,0.00027353920132612623,6.115230407532951e-09,2.4622983050273297e-08,0.09388676023034243,1.9326932895752304e-08,1.956203716371058e-07,0.019170876235611114
35,7.353721297033029e-06,0.001201289277348175,1.0427832607117453e-08,2.4630559188461204e-06,9.332622043135293e-06,0.0001114465801994978,4.23544013769206e-05,2.171121307035656e-05,0.034587344458953825,4.7498542451959085e-06,0.002132636632306559,0.0016772755833798145,9.169261897432968e-07,0.0002322817980905614,0.7819295847611961,1.073233443894238e-05,1.4950853794038383e-06,3.4592476740534644e-09,0.0002534319824727701,9.439877387435748e-09,1.6304489989444903e-08,0.1326400353280503,2.4558139970331442e-08,2.2228310583387349e-07,0.04513327791134933
36,4.25684973391419e-06,0.0010134646402321227,1.2589474782366932e-08,1.977195886271007e-06,2.7180281979483783e-05,8.085597665452837e-05,3.8636986456147576e-05,8.362514211646979e-06,0.0320516717664053,3.198911786426984e-06,0.0026807818681771154,0.0011217960603372888,6.266860139307125e-07,0.0003061550549336474,0.8422048056628277,5.1728065788862935e-06,1.5773836142458195e-06,1.9770941679932024e-09,0.00015146791625136562,1.2008140487257467e-08,2.6586792506180962e-08,0.0554259075381321,4.004979425397688e-08,3.763730743834093e-07,0.06487163431541725
37,1.234438207189399e-05,0.001833028274859781,3.7705809454982764e-08,3.5376708000483927e-06,3.937705860566122e-05,9.227170174824397e-05,8.182818543076698e-05,1.4916369753601895e-05,0.06387522242130919,5.646745166480071e-06,0.003582117215669822,0.0027863344985705287,1.9047810685672725e-06,0.0007218511545305874,0.733148298779169,1.1187733301957174e-05,3.035165128317415e-06,6.08716054902327e-09,0.00020658761478837724,2.616644234355166e-08,5.4402339965539294e-08,0.09327965100589816,7.192462704628545e-08,1.0195149255630099e-06,0.10029964344082405
38,4.1329555718479765e-06,0.001499172564303149,1.102688167316319e-08,2.02343640018237e-06,2.0028034260776035e-05,6.375555177788643e-05,2.782282804571414e-05,1.3247613125201843e-05,0.03560930841445328,4.194094239103307e-06,0.0024618859866818066,0.0014653858165761448,5.750805452404638e-07,0.000490701404740563,0.7976689164373235,5.002111500037152e-06,1.5382283334706385e-06,1.8236844239474321e-09,0.00012511241796390736,1.0336639346605665e-08,1.828203520244038e-08,0.09135629356898162,2.6297396906790173e-08,2.4399911181258355e-07,0.06918059168942706
39,5.920379326554933e-06,0.0007849037784388239,1.0696440963930482e-08,1.684830939539747e-06,9.298783063704269e-06,0.00014021013093124606,6.261144900025241e-05,2.9256185366268127e-05,0.020249649657275742,3.1206828564353157e-06,0.0025307072942390946,0.0020233494985656994,6.92243742775305e-07,0.0001719600885240814,0.8049570054646193,1.3809642453424545e-05,2.29308520945758e-06,2.562372272626127e-09,0.00023050120487068921,9.432821949291445e-09,2.410268961483019e-08,0.11534995762742153,2.8687655538028788e-08,1.7106535882288587e-07,0.053432821425816325
40,3.94382117809916e-06,0.0011188960917530037,9.572384452846134e-09,2.050501871508803e-06,1.3926282857226814e-05,7.856582998097695e-05,3.2742159919199335e-05,1.2379853795210414e-05,0.030473645707508042,4.079728042404467e-06,0.0019163750915332496,0.0011536262138646225,5.958127378622721e-07,0.00030151257361886956,0.8326380414078015,6.29928575599363e-06,1.397144600167203e-06,2.018403184544493e-09,0.00016900136508955232,9.828149204849465e-09,1.734554872389225e-08,0.07947535344121838,2.7542399880189404e-08,2.1895288041222492e-07,0.052597282427108254
41,1.3885860450331662e-06,0.0003118121356574681,2.5958840894009444e-09,1.7736649764357515e-06,1.1848278210236603e-05,7.279879605244799e-05,1.1137922826118534e-05,3.8429278620506015e-06,0.023257000598601408,1.8242148192929041e-06,0.0006998216502883436,0.00039173897386001724,1.3432012758309217e-07,7.114394602744228e-05,0.9291754713786474,2.045210477203827e-06,3.287615336238831e-07,4.859557251988284e-10,6.073963632202649e-05,3.4371559846449687e-09,2.365356286350377e-09,0.025515217824232484,1.3009407854660778e-08,8.513378545804197e-08,0.020409824145887785
42,2.9759231783443983e-06,0.0008621237774110547,3.6728676425750064e-09,1.3662645272544668e-06,5.969833816820499e-06,7.57722157769578e-05,2.467657807431283e-05,1.3082801376820317e-05,0.0176295714636413,2.7120322372087402e-06,0.0013910376066223115,0.000783220059003686,5.511600100097317e-07,0.00010423262748510262,0.8060930707673765,5.4265703308355036e-06,9.53958704103881e-07,9.509201283744543e-10,0.00021321632433685272,5.010506112333117e-09,8.816166873053544e-09,0.14653659109637066,9.319585811677099e-09,8.47450555002181e-08,0.02625333642461809
43,8.707590217244561e-06,0.0021275747261158386,1.638199699225056e-08,2.616869601092066e-06,2.5755726203724366e-05,4.437719999985128e-05,5.9875228659764055e-05,1.4061802654823365e-05,0.032097552531294364,2.224352636028788e-06,0.004026513645049856,0.004271957511088883,9.945889276415338e-07,0.000564570590578261,0.7637350216510798,7.776662216450914e-06,3.117297534458159e-06,2.9127818928821e-09,0.00014358474708661134,1.0277109997818335e-08,2.6970659436795016e-08,0.08971825792566353,3.594986763088737e-08,4.3903017323385195e-07,0.10314492783080233
44,3.959877593435926e-06,0.001114493647112485,9.519446062438862e-09,2.000543689592167e-06,1.389808538249667e-05,7.786658800249524e-05,3.252416431584248e-05,1.226059865565741e-05,0.030123130605223765,3.971673701337154e-06,0.00192530444973651,0.0011659553438632124,5.90414280437282e-07,0.00029987482309542883,0.8319999751075376,6.176297922183677e-06,1.3950996062026525e-06,1.952035811106259e-09,0.00016371738451764113,9.67225193442107e-09,1.7064387876725973e-08,0.08016168289728048,2.689092499182319e-08,2.146435671896145e-07,0.05289094265586915
45,1.6413506121943732e-06,0.00028599401014646865,2.2361195790993493e-09,1.5768314278301146e-06,7.706173487971632e-06,7.589262936476444e-05,2.844339918865011e-05,6.577748869522848e-06,0.02022125787001498,1.4074620650005718e-06,0.0008325958144540574,0.0005010268238462032,2.9070255975399066e-07,5.3126780488227324e-05,0.9185877817722794,3.5134878475928663e-06,3.3783190240633586e-07,7.746895218854283e-10,0.00013673620252308957,4.509900028468857e-09,4.10876252164773e-09,0.042475248020628395,1.0564156885288209e-08,7.853305614548532e-08,0.016778744361608894
46,5.457020633790013e-06,0.001317292759743148,7.220328754807662e-09,2.075556424443043e-06,9.699768287364016e-06,6.21670656296326e-05,2.6330459366642025e-05,1.2222586247098071e-05,0.010765507645729143,2.174998547376874e-06,0.0020484010891760503,0.0017094218692165076,5.80502544630599e-07,0.00014125715702115294,0.8330213548338202,7.586998587945592e-06,3.2120188260766317e-06,1.1698268234245168e-09,0.00014609291568271806,5.449696337884326e-09,1.2059139498775055e-08,0.1064725692099483,1.9603656256124106e-08,1.4738081262309456e-07,0.04424640266110711
47,6.466371839493314e-06,0.0021014339076489653,7.711525947661819e-09,1.3597653557071328e-06,6.067462065223056e-06,4.8245430023619344e-05,3.131401957949687e-05,1.3796612204555479e-05,0.020352307590010603,2.736098985016655e-06,0.001711811897634687,0.0023489030789923693,9.963485812709712e-07,0.0001861011414368767,0.7322616161655242,9.350388493015568e-06,1.7317469353542417e-06,1.0554217181509453e-09,0.00014147375047478104,6.310155772500962e-09,8.79831175580944e-09,0.18394926003677242,9.476789029729928e-09,1.7522160978583327e-07,0.05682481961362846
48,3.2049818651634884e-06,0.0023112673572660346,7.263762934790362e-09,2.688098756840061e-06,7.54324242015517e-06,6.575935115006911e-05,2.472618999529141e-05,1.4853585940307341e-05,0.01508728789273895,5.4775956845942214e-06,0.0012763825822896375,0.0010363932508815168,5.544788612550674e-07,0.00024280765838738928,0.8310313798957973,8.488930132682353e-06,2.792427161848823e-06,1.555728581175727e-09,0.0002383182348609184,6.668726466633964e-09,1.5014246797487704e-08,0.10782917106099636,2.3082366709699606e-08,1.2565715127312698e-07,0.040810723942831015
49,5.791290798152772e-06,0.0011744491096907894,1.3633465383157292e-08,2.2173447283397034e-06,1.7079769777484136e-05,0.00012635172247338046,4.0909762450746125e-05,1.6920642912518318e-05,0.03874715553623932,4.573361441678213e-06,0.002506145948924017,0.0017131893139685445,7.156597907238974e-07,0.00033860685471296705,0.7950038872296114,7.356114697760845e-06,1.675339050519197e-06,2.494330373864161e-09,0.00013765456610111487,1.2745975246199229e-08,1.8024419851714033e-08,0.0984346705636045,3.3833416121418424e-08,2.5944020228942924e-07,0.061720309697217056
50,2.573588366898836e-06,0.0012911239170065169,9.049633079271839e-09,1.8764139384756479e-06,1.004558136169581e-05,7.379231327114e-05,4.0420343914565286e-05,1.6158595332901205e-05,0.03199131654221191,6.2045898334386484e-06,0.0013555362991821975,0.0009246150807390452,6.828931032664252e-07,0.0003634889627690122,0.819676748039348,6.920831602462733e-06,1.1437465297572344e-06,1.8657517114084876e-09,0.00023902822401213525,1.056199282935139e-08,2.0359088633688935e-08,0.09698021279176665,1.9899160189263285e-08,1.4425905640589815e-07,0.04701790525102707
51,2.2390722237016597e-06,0.007114315889455469,3.817893014086095e-09,4.667702391300294e-06,6.1585278467350865e-06,1.9867839121115032e-05,9.137547945087386e-06,2.5847041072380613e-05,0.013435383266155832,6.5132095981936386e-06,0.001279807861480744,0.0010627560335706417,5.646296931235453e-07,0.0005270761084821718,0.7788266530445535,3.1374244182555745e-06,1.0983276968690605e-06,1.2234796453621361e-09,0.00016470186262958949,4.5821626923833696e-09,6.042019839270904e-09,0.17407320386331196,5.894795780808974e-09,4.2077816315765646e-08,0.02343680711018597
52,2.1520629176164165e-06,0.00043723386081572256,4.020901998635096e-09,2.7921646528071286e-06,2.393367709163872e-06,0.00010030448950551595,8.593763678722445e-06,1.3333550240567737e-05,0.019556928385357716,1.1724125079656678e-05,0.0005570320041111844,0.00020431819659894369,4.509822871572448e-07,0.00011044807029801803,0.9069158192796799,7.5423889718315415e-06,3.693697581114627e-07,3.4915983714213872e-09,0.00026388282877997174,1.085632088364185e-08,4.154622837959868e-09,0.061258163971838066,1.422155727696671e-08,6.724720201741244e-08,0.010546413145516178
53,3.827831900129174e-06,0.0006808098001687622,8.241721490085103e-09,1.362776472603245e-06,1.309439530101078e-05,9.11018824788729e-05,7.444506608208818e-05,1.259401648216827e-05,0.039316246258954454,1.9663377843807112e-06,0.0021088368779458577,0.001991642627751386,5.459228884767192e-07,0.00027629656967757333,0.8222496154678842,6.2539684919151114e-06,1.0229762072939073e-06,1.8429224107233453e-09,0.0001296073283733583,9.13010711921841e-09,1.6605246210535255e-08,0.06592874819014376,2.8828620610674353e-08,2.0735921517658012e-07,0.06711170969717867
54,0.00039120726067881943,0.0008609710583657638,6.773055628890822e-08,8.697814541262706e-05,0.00031260938059334584,0.002735503973561059,0.0007801687774418912,0.00015954883082009065,0.03732359570454891,5.893391664253619e-06,0.09183862311062975,0.0006268720329745559,2.495379225176078e-05,0.00013047594425594317,0.5203400984914219,3.881238655980968e-06,1.615853585597083e-05,6.021780859284465e-07,0.005592902012262865,4.364802971410711e-08,2.0036161300474047e-06,0.33624768297337054,1.0822102440103074e-06,7.972159427848078e-07,0.002517278746245269
55,6.068786827962971e-06,0.0008972995519133872,1.1934471503953299e-08,2.7091758447413557e-06,3.1679726630776666e-05,9.908565357707075e-05,0.00010899825692298587,1.11813542833801e-05,0.07500757392671312,1.8740192911127218e-06,0.002756267472293597,0.004728273950260848,8.917847541782456e-07,0.0003245897807315204,0.7575476499753375,8.824861314645968e-06,1.155302453155376e-06,2.8393099856826515e-09,0.00014764406018983686,1.1790627980282443e-08,1.836697568129105e-08,0.06401890345432902,4.090967039013729e-08,6.890989873280387e-07,0.09429855396628818
56,4.184235935218859e-06,0.0011546415294295604,9.791921914171522e-09,2.0537381998757487e-06,1.4061390452498876e-05,7.735228785646421e-05,3.441200953112958e-05,1.2691013100527593e-05,0.030445168055944497,3.951580799013793e-06,0.0019913973209058707,0.0012228746861989985,6.482772667386322e-07,0.0003053099137706146,0.8270887522581738,6.295556668744965e-06,1.4307331109614743e-06,2.043498210578443e-09,0.00016995716561620035,1.0121046792183327e-08,1.7911903481960722e-08,0.08470187735320546,2.7083206919318727e-08,2.2420799565671266e-07,0.05276264973426118
57,3.5920619351210075e-06,0.001589178964192631,8.48989323610299e-09,1.926351927400077e-06,1.147357340464199e-05,5.661177475843279e-05,4.482838133396891e-05,1.409737181298824e-05,0.023613456251967993,3.6785027039642417e-06,0.001905327673025156,0.0014460007376799775,8.532523014107699e-07,0.00025726080651796064,0.8087546621976884,8.812367132161618e-06,1.710859944903722e-06,1.8442119469951936e-09,0.00031967154408407163,8.301398814523681e-09,2.5709666656704372e-08,0.10738920302146107,1.9283781278910005e-08,2.2094836973974623e-07,0.05457736972880604
58,4.1169631198158285e-06,0.0011474681794337803,1.1263445806445684e-08,2.2137986157661824e-06,1.791352560715064e-05,7.896435342021791e-05,3.674623437098359e-05,1.0445081567938905e-05,0.03601298624416894,4.058709695310386e-06,0.0019478763855285666,0.001250666249124159,7.106423920635999e-07,0.0003173054529702864,0.825693917998571,6.8481214262515045e-06,1.447411203646664e-06,2.105706810572472e-09,0.00017194143125975786,1.2346701828691774e-08,2.040268430416005e-08,0.07326277479693345,3.351853706321743e-08,3.4792159153244894e-07,0.0600311708619234
59,4.304069246796074e-06,0.0012461872901981445,1.3576945721370108e-08,2.2467727584576e-06,1.903318313405954e-05,8.624399015364856e-05,3.65584288099259e-05,1.1468328663138635e-05,0.03779094854372763,4.926865292747801e-06,0.001998500718955751,0.0012603128557626929,7.054252937676906e-07,0.0003724677345433612,0.8165436619940766,7.609920620150079e-06,1.6765603480527258e-06,2.3495658686611567e-09,0.0001704589736738824,1.3784624550340091e-08,2.3216589372590722e-08,0.07379896688238007,3.822777966815108e-08,3.67839885194625e-07,0.06664326246697072
60,3.959877593435926e-06,0.001114493647112485,9.519446062438862e-09,2.000543689592167e-06,1.389808538249667e-05,7.786658800249524e-05,3.252416431584248e-05,1.226059865565741e-05,0.030123130605223765,3.971673701337154e-06,0.00192530444973651,0.0011659553438632124,5.90414280437282e-07,0.00029987482309542883,0.8319999751075376,6.176297922183677e-06,1.3950996062026525e-06,1.952035811106259e-09,0.00016371738451764113,9.67225193442107e-09,1.7064387876725973e-08,0.08016168289728048,2.689092499182319e-08,2.146435671896145e-07,0.05289094265586915
61,4.838448188271322e-06,0.001242873466547332,1.5479765453290497e-08,2.3610325200547308e-06,2.0676311743416065e-05,9.288126729580846e-05,3.928608685075738e-05,1.2208898394520978e-05,0.043049834407264786,5.301988609041495e-06,0.0021400720434571045,0.0013010898850345503,7.696808690623705e-07,0.00040594770980698547,0.8074038328379062,7.707157667117051e-06,1.6629444086620724e-06,2.683342202579085e-09,0.00017464459391047934,1.4974118318381447e-08,2.538242094662115e-08,0.07535115000516983,4.1741113160940994e-08,4.0961437575387517e-07,0.06874235135922015
62,3.959877593435926e-06,0.001114493647112485,9.519446062438862e-09,2.000543689592167e-06,1.389808538249667e-05,7.786658800249524e-05,3.252416431584248e-05,1.226059865565741e-05,0.030123130605223765,3.971673701337154e-06,0.00192530444973651,0.0011659553438632124,5.90414280437282e-07,0.00029987482309542883,0.8319999751075376,6.176297922183677e-06,1.3950996062026525e-06,1.952035811106259e-09,0.00016371738451764113,9.67225193442107e-09,1.7064387876725973e-08,0.08016168289728048,2.689092499182319e-08,2.146435671896145e-07,0.05289094265586915
63,3.822174070513166e-06,0.0013339933823294985,9.081170045894116e-09,2.0231418262601984e-06,1.2781086810043971e-05,7.008958848877179e-05,2.951330713175472e-05,1.2303541599534742e-05,0.02821191573028863,4.172467813426537e-06,0.0018244384363835392,0.0011664908697667916,5.968478871480482e-07,0.0003063856078399234,0.8278352972592571,6.19006465242326e-06,1.454853948988043e-06,1.7954339893120571e-09,0.00016691108009396575,9.152442581372313e-09,1.6271896792466004e-08,0.08631777065251475,2.448832887622776e-08,2.0516599416513943e-07,0.05269358395203045
64,4.855383118381765e-06,0.0013683081031729022,1.3743162044663274e-08,2.1987707489683783e-06,1.8122350175903825e-05,7.883081992430121e-05,4.3334713740213134e-05,1.4418841417106056e-05,0.03204097499016742,4.56930835436816e-06,0.0024166487190226847,0.0013120308571765956,7.9813625529657e-07,0.0004051034211495033,0.8121535064988774,7.217140296845622e-06,1.9402796502507602e-06,2.695612354505877e-09,0.00021270129305551687,1.2320299492165344e-08,3.1958245133755915e-08,0.08768748087934138,3.578617933386453e-08,2.86145449154457e-07,0.062226576845407174
65,4.031299833093527e-06,0.0012950096029897104,1.0976600171349302e-08,1.9898787829895375e-06,1.4641911045493822e-05,7.378380687277554e-05,3.199450433680296e-05,1.2764389754653934e-05,0.034516162988829646,4.5940498792358756e-06,0.0019299155586708484,0.0012399783594548353,6.396863228478661e-07,0.00037825413226391327,0.8144510230893689,6.383770803364424e-06,1.4180967401704737e-06,2.0035222378337726e-09,0.00015633424278027334,1.095625099612976e-08,1.8245185546708223e-08,0.08566099017171555,2.7213531711876953e-08,2.414683309540581e-07,0.06021977959613321
66,9.136178716727256e-06,0.001392275816537362,2.6298561545826842e-08,2.777992079490664e-06,2.3645191944084458e-05,8.794525044366796e-05,7.436432047146734e-05,2.729970488866034e-05,0.04643657476710222,6.277773040067213e-06,0.003526300228434675,0.0017315977481778023,1.9863031100258985e-06,0.0005220068119566721,0.7677463192363531,9.442959689113245e-06,1.6170948499060828e-06,5.333142693039441e-09,0.00023517241791204258,2.465473328004744e-08,3.953097428519063e-08,0.12425689852597109,2.7410614990060342e-08,3.2397485097825283e-07,0.05390791447544428
67,1.580132905982669e-05,0.0018243815214749521,1.45226078334622e-07,7.202166810971868e-06,4.240900510952001e-05,0.00021456779750433856,7.070644414375335e-05,3.06809392438149e-05,0.037808804153685885,2.1155449183851088e-05,0.004477424243603074,0.001395183204716555,2.069410941861652e-06,0.0013544625877145908,0.7954777363858818,2.312812389571313e-05,1.0716189020583408e-05,2.338057203746781e-08,0.0003329876740032802,8.058756920143073e-08,2.3217463091867286e-07,0.051999683484501506,4.541262481590744e-07,1.3870846450784644e-06,0.10488857730976031
68,3.9616677955363996e-06,0.001091863152876388,1.2101962339788275e-08,2.11721632204981e-06,1.7000552241170466e-05,8.662044207428383e-05,3.4821572092882376e-05,1.1466070958070938e-05,0.03937950517576851,4.542820067591425e-06,0.0019026198627665862,0.0013011919545075803,5.926526318695959e-07,0.0003878200939711506,0.8208463910983049,6.294742082933269e-06,1.3636880802768653e-06,2.1011225498692867e-09,0.00013806327885951248,1.1953301234470017e-08,1.774036910871505e-08,0.06998082723217358,3.393683696501766e-08,2.819675417140418e-07,0.06480257692529119
69,5.560528459394516e-06,0.0012693131881753,3.958191528954231e-08,2.6033336701704045e-06,2.191117040520042e-05,0.0001383132552994216,6.904771333998457e-05,2.8535025484331456e-05,0.06695536559973847,1.2002666280983835e-05,0.002700503931316347,0.0016698834222791453,1.090903498898064e-06,0.0011953318597225822,0.743166512235072,1.3324093113377389e-05,2.0184066304539035e-06,8.562485223834991e-09,0.0002534674362296462,3.6688201076630196e-08,7.854578432679897e-08,0.0746465850363394,9.069100258904093e-08,5.589289142500738e-07,0.10784781719664206
70,3.927847373119974e-06,0.0010720957735797123,9.498651508632613e-09,2.0722797941850244e-06,1.5278868322053266e-05,7.929636286623991e-05,3.3414563155487e-05,1.1958202052062217e-05,0.031751560694907977,3.799971342374125e-06,0.0019560553055321295,0.001167041641535176,5.761784179088193e-07,0.000303741120315752,0.8342860128776766,5.689791631749659e-06,1.3316267241129756e-06,1.9188188020939807e-09,0.0001550067237758262,9.668579798347256e-09,1.6755312050816806e-08,0.07679155281807185,2.7694614958797334e-08,2.1704314585660129e-07,0.052359304773802594
71,2.6788041345607647e-06,0.0023146026708591493,3.871033391908839e-08,2.393078107207122e-06,8.92286803294259e-05,8.313436808115218e-05,0.00011403459214186729,2.0937724789363353e-05,0.24449798848723775,1.386404456340203e-05,0.002425834599052273,0.0019054582634038563,1.120844091289518e-06,0.00408406139165328,0.5100100029786285,8.495676459013864e-06,1.2226986080062771e-06,8.361079504171351e-09,0.00018285706841904831,6.456226342081746e-08,1.222305538951887e-07,0.06664516841176836,9.148826205981196e-08,1.1060948353601217e-06,0.16759548417034428
