,0,1,2,3,4,5,6,7,8,9,10,11,12,13,14,15,16,17,18,19,20,21,22,23,24
0,0.00026186635581726517,3.3842049514383464e-05,1.4202202764202566e-05,8.022231914680769e-05,0.0011403728626054074,2.4586904722383132e-05,0.0031833505592591977,1.7159023603750419e-06,0.005213039116099476,0.0010712133817561483,0.0027655313490216,8.186141333616987e-09,2.232513975250748e-08,0.000725749154829355,0.9747444402394384,1.4169669819353767e-05,1.0321636999104113e-06,4.0985805661346005e-07,4.2066191677709193e-05,6.255248543924846e-07,0.0003284279632434816,0.0026300408950022955,0.0007109041566841514,0.0010679391502361826,0.005944221518110011
1,0.000404630329452347,4.8843742060694765e-05,1.6406644941384405e-05,0.00012603400484478892,0.0018701940616128187,2.187506129058146e-05,0.003520310478285553,2.2213607083278947e-06,0.012417733652666605,0.0014570469341596505,0.003530284660410009,7.2037468515756086e-09,2.748219505654395e-08,0.0007528472628542116,0.9643773799696275,2.0623882429132022e-05,1.443076180160349e-06,4.215584873395519e-07,4.144197515209975e-05,4.4572477537806856e-07,0.00024138357655221256,0.0024334444871207304,0.0007064521037205305,0.0014701523122234994,0.006538348454502373
2,0.0003492923836928932,5.200035973371597e-05,1.8026165459158917e-05,0.00012878758414886063,0.001538312240089952,2.248081902240853e-05,0.0031747146423581206,1.6763028151377908e-06,0.005715356920387891,0.0009325649253940102,0.004665714173399797,1.2600518710984125e-08,3.167395347306667e-08,0.000985002692731757,0.97123363590978,1.4309015994237632e-05,1.7169463345648706e-06,5.679939749981893e-07,3.442679822280867e-05,3.6404389287206394e-07,0.00037155017606406264,0.0025667154068533186,0.000715267186804791,0.0011618456490402867,0.0063156273893324585
3,0.00030607940137308284,4.277782519682459e-05,1.5442006792619136e-05,0.00010736649936871579,0.0014879961082072846,1.8840766592231543e-05,0.0030636122454793737,1.6004218164940715e-06,0.006156241523817627,0.000939596566552743,0.00374037490145944,9.24542390876658e-09,2.447714682724592e-08,0.0009236408059359976,0.9713284678385075,1.212020882665344e-05,1.3228641411630377e-06,4.803059629996227e-07,3.200770264643348e-05,4.0882584181485844e-07,0.00031603359931469316,0.0026774292777827845,0.0007311082647547537,0.0011333096418928614,0.006963708675165223
4,0.0003449814302742191,5.834909893993936e-05,1.832399611779965e-05,0.00012874255535649709,0.0018349823267344494,2.183921988462148e-05,0.003438827880645524,1.7984763991248781e-06,0.006655681683271702,0.0009804287848481064,0.005116580296539136,1.444674528557909e-08,3.896907269484615e-08,0.0012147243920376891,0.9669792410817852,1.3757372672475755e-05,1.7507065738400892e-06,6.236210590180506e-07,3.8606516082536084e-05,4.5268976905225295e-07,0.00037618464054028764,0.003086279475913414,0.0008388236145251098,0.0011593894912585675,0.007689577232953788
5,0.0005258801537791385,4.1351174088452e-05,2.0948293108400012e-05,0.00019133098555133455,0.001767548239581516,2.1215928897014967e-05,0.004154763873574279,2.264419143015612e-06,0.008231120876670266,0.0015418202920732705,0.0047301929775318725,1.3379920220347434e-08,3.217509349279885e-08,0.0014066326421184271,0.9591496268319266,1.8276901896745826e-05,2.0845318411557066e-06,1.1986984943133335e-06,3.2040780893455725e-05,7.271248489602673e-07,0.0004258742616610133,0.0032822203537703778,0.0010674423774403544,0.0020819670232700076,0.011303425702826175
6,0.00030607940137308284,4.277782519682459e-05,1.5442006792619136e-05,0.00010736649936871579,0.0014879961082072846,1.8840766592231543e-05,0.0030636122454793737,1.6004218164940715e-06,0.006156241523817627,0.000939596566552743,0.00374037490145944,9.24542390876658e-09,2.447714682724592e-08,0.0009236408059359976,0.9713284678385075,1.212020882665344e-05,1.3228641411630377e-06,4.803059629996227e-07,3.200770264643348e-05,4.0882584181485844e-07,0.00031603359931469316,0.0026774292777827845,0.0007311082647547537,0.0011333096418928614,0.006963708675165223
7,0.00047406392295433063,7.789411313811851e-05,3.64856425874848e-05,0.0001324438784642979,0.0018385984202526238,2.0010910051714423e-05,0.0036030976644447214,2.7597595028575333e-06,0.004999011235340003,0.0007554460175530352,0.00663026442468176,1.3358763273663811e-08,7.480942864707149e-08,0.000689202292001803,0.9726311010122592,1.1157294473009445e-05,1.5610340304118274e-06,4.6863796961845945e-07,5.7064959586013014e-05,3.3158983225427907e-07,0.0003386686028508009,0.002636560038052601,0.0004354199109628254,0.001108431468342136,0.0035198690024763955
8,0.00016529766954768185,1.4846973969928996e-05,8.292874754177733e-06,7.825815387866484e-05,0.0008929431374262501,6.585700106642476e-06,0.001506093810120164,4.995723957585108e-07,0.006431179434000925,0.0009529595976342233,0.0020891366674389354,1.5888189495241118e-09,4.493735932969393e-09,0.0007922484601621257,0.9731217397652754,4.3601499252489e-06,4.617731405458299e-07,2.3060733357990847e-07,7.2382185678025295e-06,2.3938975576933243e-07,0.00013675954882989274,0.0017987078464907194,0.0005285359480620726,0.002676841060115284,0.008786537558513208
9,0.0002456414984293092,1.9051215264704558e-05,1.9380299294130963e-05,0.00015307362626090543,0.001114787798528642,1.4922632032517784e-05,0.0016253606181937438,1.3057378214811047e-06,0.006880410719422552,0.0013847416340034805,0.0034233183689428067,3.5031902823569744e-09,1.4055458328028413e-08,0.0009993069847782697,0.9724631068319319,9.858991305401048e-06,1.1212202117350993e-06,3.4814268163157035e-07,1.7071143920495326e-05,4.951983957547067e-07,0.00023885746687966517,0.0025465618371499485,0.0007442888807297935,0.0029772960178343004,0.005119675577337727
10,0.00030607940137308284,4.277782519682459e-05,1.5442006792619136e-05,0.00010736649936871579,0.0014879961082072846,1.8840766592231543e-05,0.0030636122454793737,1.6004218164940715e-06,0.006156241523817627,0.000939596566552743,0.00374037490145944,9.24542390876658e-09,2.447714682724592e-08,0.0009236408059359976,0.9713284678385075,1.212020882665344e-05,1.3228641411630377e-06,4.803059629996227e-07,3.200770264643348e-05,4.0882584181485844e-07,0.00031603359931469316,0.0026774292777827845,0.0007311082647547537,0.0011333096418928614,0.006963708675165223
11,0.000325326669227218,4.870787571921636e-05,1.7154664134538494e-05,0.00011853463457673282,0.001580376372756832,2.0742226806695823e-05,0.0033283588687931993,1.8777533417462454e-06,0.006378867404170716,0.0009534853512203506,0.004136753025836355,1.1297671090164386e-08,3.196179243474217e-08,0.0009739172131843218,0.9702471984267143,1.3661924760739517e-05,1.5549388412440987e-06,5.258612279210252e-07,3.6831882160920444e-05,4.3404013113021e-07,0.0003309591540536658,0.0028400540033780637,0.0007546542754264568,0.0011153554850805616,0.006774624688993318
12,0.0003586943228790135,0.00011346926314221189,1.7760211056040906e-05,0.00012695783468857054,0.007856179067703821,3.620492834027533e-05,0.0045116467498043985,7.203985900194922e-07,0.008182426166177176,0.0008468973291212351,0.004902392029957588,3.0393339394960146e-08,2.9470678881194368e-08,0.0038886373697363075,0.9235925769769826,1.2719068297755412e-05,1.1276084851125342e-06,1.874694715693975e-06,3.0162761998764424e-05,9.856858491774222e-07,0.0005485589731710025,0.0019230644396926362,0.0020038822858534895,0.0009312407488429851,0.04011176122089573
13,0.0001759420502439884,3.9050776357453314e-05,1.1524498008751034e-05,0.0001020201516518783,0.001450404482410598,9.281467749303254e-06,0.001231468312209363,5.996682800948234e-07,0.0021937052008502334,0.00026957684469297355,0.013817119218197744,1.1416185131135428e-08,3.553977205563988e-08,0.0009291740750014457,0.9741340011660031,6.068754449699841e-06,9.769686666750507e-07,2.5918223827418333e-07,2.0348357197444646e-05,1.1692279182465631e-07,0.00029825181010022445,0.0013260410664731551,0.0006654295751398071,0.0009126501500727314,0.0024059423452559496
14,0.00035973101757547457,0.00037751937241084586,1.7856834215700936e-05,4.999874292298926e-05,0.004556360514494887,9.11035182906587e-05,0.004025106408941883,9.468350563310209e-07,0.0024040393587546585,0.00046055068448229127,0.013030448540496049,1.0227658960928517e-07,1.538495950083485e-07,0.0014504719700424043,0.9649605326155248,2.3916904470650078e-05,1.3306723376175698e-06,5.680492759427984e-07,0.00020238320218193514,3.352589999329512e-07,0.0008498715900571705,0.0018182811522881818,0.0006712021134144313,0.0002582556653893503,0.004388932852191059
15,0.00030607940137308284,4.277782519682459e-05,1.5442006792619136e-05,0.00010736649936871579,0.0014879961082072846,1.8840766592231543e-05,0.0030636122454793737,1.6004218164940715e-06,0.006156241523817627,0.000939596566552743,0.00374037490145944,9.24542390876658e-09,2.447714682724592e-08,0.0009236408059359976,0.9713284678385075,1.212020882665344e-05,1.3228641411630377e-06,4.803059629996227e-07,3.200770264643348e-05,4.0882584181485844e-07,0.00031603359931469316,0.0026774292777827845,0.0007311082647547537,0.0011333096418928614,0.006963708675165223
16,0.00043700248381946976,4.6449110703834e-05,1.7303305401614283e-05,0.0001558425323593225,0.0016103762972566689,2.12973934328751e-05,0.004345684653264205,1.6930821296938161e-06,0.004962940595611291,0.0018183125116438984,0.0048163960615611396,2.1284252913964275e-08,2.711341855202252e-08,0.0017476303817544868,0.9588641347304709,1.684271480934066e-05,1.9799498421286474e-06,1.4617966545901504e-06,3.3247486246599566e-05,6.87384754443709e-07,0.0008466929120949213,0.004193886257396962,0.0009675716713208794,0.0014056456583816173,0.01368687263141757
17,0.0008585292998849701,0.00010103846850569506,2.60401545499609e-05,0.00020693609365394057,0.0029285716149561264,2.5192267745760664e-05,0.006760476396020218,3.760834425777233e-06,0.008229372699693413,0.001568320359161109,0.007794396720688722,6.656858471821784e-08,8.700312276926932e-08,0.0034623712893860656,0.926622785972316,2.1006745009273604e-05,4.494209153727316e-06,3.5745470422596846e-06,7.165882464980243e-05,1.228755342209406e-06,0.0010168302450117323,0.008056828067885461,0.0021670346291717477,0.001312696414560041,0.028756701819478668
18,0.0007558041354670148,9.194410102494978e-05,1.3189755132123933e-05,0.00010726380956641784,0.0014901359300962468,2.4610648590954514e-05,0.006528842545174073,2.390895742721911e-06,0.012222547271648497,0.002082841640895106,0.004743172463332018,3.674706512660164e-08,4.258237223366316e-08,0.00275015571982146,0.9143657069389995,1.749095115945007e-05,4.442450875235538e-06,2.553961583941408e-06,5.104907925796662e-05,9.769363012051215e-07,0.0005673787362797644,0.009131059719242458,0.0017480655136095536,0.0014439269620580796,0.04185437050470389
19,0.00032397352231871565,5.371641243110531e-05,2.318617821609843e-05,0.00013947918353208623,0.0021855569186982563,1.7768862847798483e-05,0.004018153712223187,2.5648964613301107e-06,0.006388793196786879,0.0008782469334717202,0.0041124682502419315,1.423523965746472e-08,4.1820075268705996e-08,0.0010032133919043273,0.9692011736168279,1.2956552739555375e-05,1.4585337170492892e-06,5.854542822662838e-07,4.267924891112511e-05,4.838683914318898e-07,0.000353150245340177,0.003329090087646475,0.0006287355256003148,0.0009597581653573744,0.0063227511867377535
20,0.0005854364755604831,7.354374860869634e-05,2.3558063717365606e-05,0.00017272181256708103,0.0024884576325568267,3.094633301774454e-05,0.004196511993730212,2.0830439156336623e-06,0.010693107526278577,0.0015569556912756425,0.0054791649773795765,1.7958435852267397e-08,4.351562133113979e-08,0.0016605632852509469,0.9542393149872582,2.1125879528637172e-05,2.468549971894335e-06,1.1210833075005489e-06,4.431834754544858e-05,6.580954464212781e-07,0.00040908505987155905,0.0032845983360734036,0.0010696844803701408,0.001748412350096695,0.012216100772614097
21,0.0005817250393797307,7.998582858661401e-05,2.2064479066296508e-05,0.0001731684490717329,0.003107951753711311,2.366507326574027e-05,0.0032539306217078483,1.586966511804525e-06,0.007513939288955997,0.0018088656737008761,0.007466545713506883,2.4746156038113414e-08,3.8399366536393986e-08,0.0019693396054870443,0.9547060811191621,1.8415967078583635e-05,1.870962458498725e-06,1.2667090688781914e-06,4.429940633629085e-05,6.240839965729861e-07,0.0007811034456908864,0.003405012888192455,0.0010307052836650654,0.0017486667928857252,0.012259121702990528
22,0.0004426876243322181,3.83428625192365e-05,2.4028643679378737e-05,0.0001920798763027175,0.001337213481405688,2.0831933757171334e-05,0.0027336502083297226,1.8986049950699128e-06,0.0052417383189118,0.0015362519422014787,0.006108336914544091,1.387839476293887e-08,3.1354741462477903e-08,0.0012708420219771515,0.9680648805651109,1.6430370106263606e-05,2.511748060599036e-06,8.792947171701159e-07,3.1308728904871024e-05,4.847967915476018e-07,0.0005290879114927395,0.0034976538380205816,0.00076688067469103,0.0018977209458001596,0.006244213460212117
23,0.00030607940137308284,4.277782519682459e-05,1.5442006792619136e-05,0.00010736649936871579,0.0014879961082072846,1.8840766592231543e-05,0.0030636122454793737,1.6004218164940715e-06,0.006156241523817627,0.000939596566552743,0.00374037490145944,9.24542390876658e-09,2.447714682724592e-08,0.0009236408059359976,0.9713284678385075,1.212020882665344e-05,1.3228641411630377e-06,4.803059629996227e-07,3.200770264643348e-05,4.0882584181485844e-07,0.00031603359931469316,0.0026774292777827845,0.0007311082647547537,0.0011333096418928614,0.006963708675165223
24,0.00040271797516799255,6.492087461741833e-05,2.2149429844895434e-05,0.00022963188014857812,0.0036236829736575223,2.52388838869919e-05,0.0039954308663641535,2.220752406596584e-06,0.008419962892968733,0.001146079893647452,0.006685287571341244,2.1529549074390377e-08,5.568233166912728e-08,0.0019790123053290147,0.9581392735693255,2.314803040314124e-05,1.9878152169469587e-06,1.0032761723253131e-06,4.184226261498013e-05,6.152867399052589e-07,0.00045572937118511524,0.0028070361302207384,0.00121984960248289,0.0013712157850866366,0.009341885359290257
25,0.0003635576224919605,2.97272785459731e-05,1.7354861187764235e-05,0.0001834139484811657,0.0015826421277515203,1.1583652687688939e-05,0.0038833576548434647,3.1706683070117796e-06,0.0041190447167625465,0.0007743904138655032,0.005753178759694185,1.1364753916129837e-08,4.310627088162494e-08,0.0007240772606745568,0.9739070229565494,1.6513449248418417e-05,1.3750323803962641e-06,5.947958817660671e-07,3.8629411713488516e-05,3.849607750635359e-07,0.0004391013220650692,0.0023904163359945913,0.0007857521255615797,0.0009454561172289447,0.0040292000562832
26,0.0004615335477182982,3.572362554911936e-05,1.4314904660584321e-05,0.0001355043436707899,0.0014171904360044335,1.717631435174884e-05,0.002353133833120459,1.7531100215878193e-06,0.015270175292363115,0.0008349021493466095,0.0036357376082539437,4.558546041490005e-09,1.9427978801330676e-08,0.0006847752734716202,0.9611824004335433,1.1602665143480845e-05,1.5431980372051705e-06,3.9260444515479907e-07,2.1551129579420227e-05,4.312471848463572e-07,0.00016245857095932307,0.0018374329010836046,0.0011819561897381831,0.0028869081831686973,0.007851378452059729
27,0.00016120211387895267,2.4983805001423578e-05,7.607934567298937e-06,5.292889491220811e-05,0.0008618431825197187,1.1418323657697345e-05,0.0025038482704472435,1.0933520462689288e-06,0.006981279199827267,0.0007940522713259452,0.002009431347820926,3.5494313622398455e-09,1.0996785224148344e-08,0.0005682369078524236,0.9754090286026251,7.301046882558287e-06,7.285212987579301e-07,1.9635400338436851e-07,2.0507554764179136e-05,3.232181013225309e-07,0.0001530575840493154,0.0027361222258313737,0.0005357252991155526,0.000984186171024914,0.006174883272229606
28,0.00030607940137308284,4.277782519682459e-05,1.5442006792619136e-05,0.00010736649936871579,0.0014879961082072846,1.8840766592231543e-05,0.0030636122454793737,1.6004218164940715e-06,0.006156241523817627,0.000939596566552743,0.00374037490145944,9.24542390876658e-09,2.447714682724592e-08,0.0009236408059359976,0.9713284678385075,1.212020882665344e-05,1.3228641411630377e-06,4.803059629996227e-07,3.200770264643348e-05,4.0882584181485844e-07,0.00031603359931469316,0.0026774292777827845,0.0007311082647547537,0.0011333096418928614,0.006963708675165223
29,0.00030607940137308284,4.277782519682459e-05,1.5442006792619136e-05,0.00010736649936871579,0.0014879961082072846,1.8840766592231543e-05,0.0030636122454793737,1.6004218164940715e-06,0.006156241523817627,0.000939596566552743,0.00374037490145944,9.24542390876658e-09,2.447714682724592e-08,0.0009236408059359976,0.9713284678385075,1.212020882665344e-05,1.3228641411630377e-06,4.803059629996227e-07,3.200770264643348e-05,4.0882584181485844e-07,0.00031603359931469316,0.0026774292777827845,0.0007311082647547537,0.0011333096418928614,0.006963708675165223
30,0.00030607940137308284,4.277782519682459e-05,1.5442006792619136e-05,0.00010736649936871579,0.0014879961082072846,1.8840766592231543e-05,0.0030636122454793737,1.6004218164940715e-06,0.006156241523817627,0.000939596566552743,0.00374037490145944,9.24542390876658e-09,2.447714682724592e-08,0.0009236408059359976,0.9713284678385075,1.212020882665344e-05,1.3228641411630377e-06,4.803059629996227e-07,3.200770264643348e-05,4.0882584181485844e-07,0.00031603359931469316,0.0026774292777827845,0.0007311082647547537,0.0011333096418928614,0.006963708675165223
31,0.0009163894387480134,6.944420670157413e-05,3.787143336197241e-05,0.00017776564609811948,0.0025871896275123938,2.12939830779195e-05,0.005249704505172456,5.0711204856018755e-06,0.008382116291660337,0.001403552592575951,0.0043944073313763035,2.0765812312283794e-08,5.785841053691994e-08,0.0011823701378656426,0.9549855707278321,1.833556181497139e-05,2.279243053206711e-06,1.4836854990218063e-06,7.730309937932644e-05,9.498527020508363e-07,0.0005590610120120517,0.0044448912134634,0.001101395620269322,0.0014110491352390866,0.012970425909876388
32,0.00028456241649480824,4.261047822136673e-05,1.5043228344398851e-05,9.165697197777759e-05,0.0014734152576630945,1.8553091764279877e-05,0.002988482411614427,1.6497896558541596e-06,0.0055320835335873775,0.0008536159751063573,0.0035348843818852962,9.361426002193824e-09,2.4750806074548775e-08,0.0008503419016117788,0.9730459898695061,1.1696893768906373e-05,1.198619887466875e-06,4.251591149637332e-07,3.780445008964267e-05,4.1440870105062654e-07,0.0003104827183244436,0.0027656506512296524,0.0007101884225613678,0.0009496192158047468,0.006479596040852649
33,0.000943636054419937,0.0001512127115246158,4.0149971454554404e-05,0.00037687099786013243,0.0022264834720758173,6.741871284740388e-05,0.01303760397952517,9.176869651887078e-06,0.017834049160384623,0.0034260477308460185,0.010864623676855506,1.1172666553398824e-07,3.535560233108457e-07,0.004498922356746442,0.9121197627863301,7.419343046185208e-05,1.8890381815668208e-05,4.035017218082379e-06,0.00011758397851684836,1.4562524638094634e-06,0.0005684716173751231,0.01596411485325079,0.0014017825235449221,0.001605339105595974,0.014647709076545739
34,0.0006427383555164827,7.647135461572599e-05,1.6394543119933826e-05,5.2706839052539795e-05,0.0023403172570717985,9.19678628647016e-06,0.0018352985170607878,1.3917966260558894e-06,0.009353682103288052,0.0007187486636762222,0.0061493649841840685,7.428793008265866e-09,2.7955430157986937e-08,0.0006845003756109209,0.9648302822880332,6.37532103658771e-06,7.351582912104013e-07,2.923430417025896e-07,7.7358553583831e-05,2.7643301316584483e-07,0.00022423270982085643,0.002891932291959815,0.0007230456100828792,0.0014267206510787853,0.007937901679725606
35,0.0032329277305491355,0.00015226627047903267,4.100704984713494e-05,0.00029172377653459924,0.002710356112629482,2.6466909451513227e-05,0.009833662366116516,1.0800492135674311e-05,0.02984154830322243,0.003943768321758551,0.0064363140078218225,4.489503835737821e-08,1.052797283415963e-07,0.001587723710999336,0.9033310267229651,4.1539027178091724e-05,7.877560213493415e-06,4.25904073964159e-06,0.0001136455781257292,1.0836603835548937e-06,0.00063915946288711,0.008554590508307479,0.0012105237960630352,0.002645905305237634,0.025341674111586898
36,0.00034084862946598936,5.8980408572122764e-05,1.0983885312997196e-05,0.00014598460689908943,0.000810495546366251,3.8887793030821e-05,0.008219513664964895,6.984466186953816e-06,0.01842425168231765,0.0015205745874148462,0.002930707687846633,2.9600117379526606e-08,8.13739765323939e-08,0.0014631493121443561,0.943532866326046,4.4753407772352393e-05,9.994817229672292e-06,9.285184561553344e-07,5.2629170837126e-05,7.619762595838804e-07,0.0002003882119209453,0.010602938663779444,0.0011903797640688512,0.0007663644311375546,0.009626521467875725
37,0.0006581031311962639,3.601898475008245e-05,2.5581482979899687e-05,0.00021577874673478896,0.0016602222493177165,1.54839549791144e-05,0.003030382876243558,1.5555405284806764e-06,0.0065709091039579315,0.0014187291991435338,0.006689192249768556,1.0920257864593317e-08,2.7598515212413776e-08,0.0014240666558222159,0.9606966406195874,1.3450653759233704e-05,1.8778744530893732e-06,1.2706976716215721e-06,2.531305903024308e-05,5.298825869257442e-07,0.0003887491832708748,0.002657043182637661,0.0009030510896129863,0.0035433923602485873,0.010022618702946061
38,0.00025315836232409495,3.7672682079812974e-05,1.3714923752996872e-05,9.762787278420219e-05,0.0012421496610439346,2.1170476991961847e-05,0.0030813641456062055,1.5681027392799094e-06,0.004840385278014645,0.0008180042589964018,0.0034464933455861614,8.791379050514659e-09,2.4112627349850474e-08,0.000788682207967562,0.9754358982046236,1.3206246485149935e-05,1.2519941843146252e-06,4.0553657026147914e-07,3.269061619175371e-05,3.8623008089524374e-07,0.0003124517593534734,0.0023564072028339515,0.0007138130409253245,0.0009230775738364689,0.005568387373020923
39,0.00021672878629616288,2.5628535712672105e-05,1.0943578092277719e-05,9.301644973352206e-05,0.0009159587001922757,1.8021053606395614e-05,0.004041684678540752,2.41093737588312e-06,0.003562227815183275,0.0006982532205712291,0.0020245603621491027,8.296416234214686e-09,1.9587990536294225e-08,0.0005677915658638321,0.9766672480170095,1.3616101152457107e-05,1.2125147300996747e-06,4.16143877231068e-07,3.370376900064039e-05,4.5382968107664096e-07,0.00038808951731996534,0.00261126148771491,0.0008531467575518351,0.0005853736486184999,0.006668224645619654
40,0.0003050912660281006,4.286343901994666e-05,1.5464058778831584e-05,0.00010693427111995932,0.0014907244755617344,1.884322849521996e-05,0.0030538906022632138,1.5927060286753615e-06,0.006131460585936487,0.000936665951308533,0.0037374925828441126,9.25387374334287e-09,2.4429512419867463e-08,0.0009243337438078112,0.9713803363281373,1.2062601053863272e-05,1.3177905271499864e-06,4.790441933724644e-07,3.2012618945416354e-05,4.08146605217493e-07,0.000315939937688226,0.002676872359659708,0.0007286690858910851,0.001129682130009322,0.006956829362710463
41,0.0002776058117531569,9.162126476535028e-05,2.0222941514903158e-05,0.0001674059909303404,0.0034639412944355913,2.9027227401550618e-05,0.002878135613295352,1.57618922774422e-06,0.018753847352778318,0.0010406126314848336,0.0036266611492821116,6.04476446153318e-09,3.1513848618666986e-08,0.0008690126176110292,0.960274577715023,1.6950574815753083e-05,1.3356089148436284e-06,2.559438624935204e-07,2.1952438058480148e-05,2.5210758588409935e-07,0.00015714586370160595,0.0014177221782306574,0.0005182055819596553,0.0014080158136404925,0.004963878531113765
42,0.00014509398378155164,2.7651191490126605e-05,1.5623019232652586e-05,4.6671939099092e-05,0.0006964071706788249,1.1343710316018264e-05,0.0020794297595487193,3.3681521831054595e-06,0.0028276752314537125,0.0006834104624458266,0.0017903744961705163,7.062149704046645e-09,2.0315755128004528e-08,0.0003286127260146314,0.9822269245177978,7.573692135522338e-06,9.181343790857752e-07,1.221663201360117e-07,6.994629698884561e-05,3.1528299191661474e-07,0.0003479971166125326,0.0060701844247005865,0.0003033117846271978,0.0003608223641996235,0.001956194998927094
43,0.0003228629429486289,5.216785471413597e-05,1.582105898823954e-05,0.00011603326889542159,0.0016615307020153246,1.9273227310320204e-05,0.0032830174031011367,1.518839297735248e-06,0.005311151639240361,0.0006640015813677959,0.004603853914276879,1.3452761769936496e-08,3.138089671074622e-08,0.001032718724768732,0.9709676523734774,1.1909790860968477e-05,1.512077419889192e-06,5.885694413304399e-07,3.1595048611263884e-05,3.4207214579346864e-07,0.00033003236087115367,0.002366988599785502,0.000805279338758767,0.000989104885604662,0.00741099889243992
44,0.00030607940137308284,4.277782519682459e-05,1.5442006792619136e-05,0.00010736649936871579,0.0014879961082072846,1.8840766592231543e-05,0.0030636122454793737,1.6004218164940715e-06,0.006156241523817627,0.000939596566552743,0.00374037490145944,9.24542390876658e-09,2.447714682724592e-08,0.0009236408059359976,0.9713284678385075,1.212020882665344e-05,1.3228641411630377e-06,4.803059629996227e-07,3.200770264643348e-05,4.0882584181485844e-07,0.00031603359931469316,0.0026774292777827845,0.0007311082647547537,0.0011333096418928614,0.006963708675165223
45,0.0007131551211487595,0.00010052264273594774,2.442133459978616e-05,0.00015954740996799205,0.0030498397991040533,2.552678450946857e-05,0.003699203441157448,1.7161629730361827e-06,0.010824166949499375,0.0016645348563328842,0.0074781592276798835,2.6580091098912133e-08,4.5470426371627917e-08,0.0024058363320517743,0.9427240062059775,1.5425800055024206e-05,2.6220432083999614e-06,1.4877124385439268e-06,4.861173609227127e-05,6.762877314894166e-07,0.0005969276067648775,0.004606821864445932,0.0012919999197020192,0.001924220322467122,0.01864049838883889
46,0.000730186801585976,4.728703925554586e-05,2.6800980079926254e-05,0.00032957494566025644,0.0006353068014597896,5.086912202661225e-05,0.0032527374750827382,5.508450494202432e-06,0.0072008029166963404,0.0013672962839343047,0.006672048518932818,2.6302886900516064e-08,7.433258287042415e-08,0.000901204066138416,0.9668095504177489,3.9282255107409265e-05,1.0931713816779913e-05,1.1062966082070446e-06,4.2543046593070286e-05,5.500655430640162e-07,0.0005312718205046375,0.0038813765154583433,0.0012290273126890437,0.0023714057742880478,0.0038632307448257922
47,0.0010567902132418117,0.00015483165511614148,1.8416480902162643e-05,5.364941303784009e-05,0.0012222880317690594,2.4490954929165938e-05,0.006974326769896628,4.802334940991768e-06,0.011935929335906781,0.00208659640931048,0.0032819630593986814,4.7952609503749814e-08,5.647020050068776e-08,0.0010386244497664486,0.9342292728093733,1.634600614653903e-05,4.067425056687482e-06,1.408507638075737e-06,0.00014878169574626923,8.358825154523643e-07,0.0005516762502367425,0.01482957012295348,0.0006619281225263301,0.0008116329411728266,0.020891666705608096
48,0.0003201301676820344,8.1014832728341e-05,1.5256078964031448e-05,0.00011046095279655493,0.0005658774220875119,7.174167257627378e-05,0.005675720344211974,6.570919425732085e-06,0.006381106340364938,0.000550222126122119,0.0030613119376095067,1.8495001107950165e-08,9.776072249304464e-08,0.00039163352255351495,0.9762246607675883,3.067402892138932e-05,5.78664098917384e-06,2.7911568888393913e-07,8.803393837456665e-05,3.134055025027075e-07,0.00025587979935587894,0.0027585749657085866,0.0007230823813851906,0.00040882637431592314,0.002272726009323765
49,0.0002574990724960303,6.0056214428657626e-05,2.4902220028259453e-05,9.177661545663072e-05,0.001525872045685135,2.909392359122004e-05,0.002857298791512489,1.4942283267974587e-06,0.00430669049202176,0.0009930191681934905,0.003686200204734908,1.779339477633964e-08,3.08321989782548e-08,0.001223545385485372,0.9720652651340369,1.023637510141264e-05,1.6630930101918973e-06,5.816262544317894e-07,4.1749336033520084e-05,5.481832587867995e-07,0.0004440753730240627,0.004281405975708469,0.000548309997586653,0.000917108458571218,0.00663155945985994
50,0.0003110667861438651,2.458843917257218e-05,7.333775943921555e-06,4.140361779716463e-05,0.0010329191337931122,5.791454965714862e-06,0.008229993669535359,2.2286963300521658e-06,0.009940287857630133,0.002416695168647986,0.001169753735382174,3.042031808743912e-09,1.0496672794278735e-08,0.0006483614631812997,0.9470383755302042,8.64874493554225e-06,5.098268372431766e-07,4.456858334214851e-07,4.2264870090420585e-05,6.184837960550418e-07,0.0001868646581533438,0.006280481459622415,0.0004268525586250586,0.0007710597868179388,0.021413441057856367
51,0.00042955802326563104,0.00010391993089503936,3.695509842737306e-05,0.00033338149964180194,0.0026291472281265746,1.795207678623121e-05,0.002830886839751724,2.4576789037109927e-06,0.01587264278841299,0.0014848339455134708,0.00699973914419263,1.0567055100814391e-08,5.332203282589168e-08,0.0011430643371267886,0.9589391916138541,1.1822366357934039e-05,2.4625625813599916e-06,4.0613548672070205e-07,1.9252568754898878e-05,1.9034916374355434e-07,0.00030000337494992264,0.002926541886917848,0.0003066055390199636,0.0023924920020781584,0.003216429120703322
52,0.00048490642725016256,3.2133150095047196e-05,2.3541136830959266e-05,0.00021549497409788706,0.0015906778618539215,2.3957191272165127e-05,0.0031517385789139526,1.9096518844432228e-06,0.007803676913299742,0.0017743058495562395,0.005990692044540654,9.468991996999038e-09,3.31424567295331e-08,0.0012996302300801682,0.9641340971362612,2.160938902049042e-05,2.040706701756613e-06,9.293105846284473e-07,2.9171723123399717e-05,6.658193582474818e-07,0.00033559272517409423,0.0026911714089739663,0.0009045987043135399,0.0027597277852566553,0.006727688670107853
53,0.00033962020600208074,4.810824244980048e-05,1.7671394343217752e-05,0.00011292074962818755,0.0016205938229395312,2.0178885036183577e-05,0.0029081756281881437,1.6269723015658028e-06,0.006250025309974935,0.0010002437072278753,0.004105861053106973,1.0517464795532677e-08,2.6578278589190037e-08,0.0009974461418978272,0.9703655218312518,1.2365339794217331e-05,1.4380850012489908e-06,5.204586731449578e-07,3.494647144484197e-05,4.211074317845402e-07,0.0003477627646381794,0.0028357045221143735,0.0007321137216293828,0.0012056398271873417,0.007041056661994096
54,0.0005012538127996579,0.00015079992402410494,9.419101770970472e-06,6.527076365470633e-05,0.0019425812067318273,2.732328737595154e-05,0.006675640763013828,1.8170247274356089e-06,0.014908791684593248,0.0015852781783704565,0.002885255951900921,2.3372162164537372e-08,3.164461410922329e-08,0.0014054354110737957,0.9407160831567932,1.9295282564242686e-05,2.1745740884381006e-06,8.729664243451166e-07,5.231154833132563e-05,4.172105148247775e-07,0.00032890812264499777,0.00468155083168974,0.0007565146321779085,0.0007342658731953166,0.022548683674762517
55,0.0014353621775647848,0.00038735892825791495,2.1893152143516527e-05,0.00016058799323397641,0.007108615788178964,2.477125119413807e-05,0.010354328158376716,2.3127020484609516e-06,0.024063409447316497,0.0014205133497483433,0.008034470437231649,1.257508871468927e-07,9.280156362905929e-08,0.0028304786411481996,0.8835542174708956,2.37899265238845e-05,3.7971833415136385e-06,4.587555054760822e-06,6.549578007679385e-05,5.974016784778905e-07,0.000651771420908493,0.004431709620600355,0.0010819639184683387,0.0012825130005029283,0.05305523614305489
56,0.00032914697987541166,5.029270338430538e-05,1.7040672190752085e-05,0.00011388602537659758,0.0016353089611788232,1.987998574416401e-05,0.0032851146888402518,1.740816899266567e-06,0.006560488726642607,0.0009507745674239965,0.004232906211874203,1.1124411399911877e-08,3.104512774197453e-08,0.0009950638979357594,0.9696477867997817,1.2843359273276679e-05,1.4741025567109206e-06,5.314680519593481e-07,3.569888974814826e-05,4.231805147814133e-07,0.0003201665633797268,0.0028092916185198952,0.000731310868457436,0.0011437302914769733,0.007105056451334192
57,0.0003199982339564884,6.888781677538828e-05,2.3622738714187207e-05,6.244197589547203e-05,0.0020774911852715094,1.911999428658987e-05,0.003008888333669111,2.555247537989912e-06,0.0035034550698999694,0.0007665616348945052,0.003777693630128016,2.7881516133962647e-08,4.0242206798152684e-08,0.0008981392446930454,0.971597521831825,1.1451544409366276e-05,1.3353971361238683e-06,5.089182519419176e-07,0.00011561024192888204,5.606903569720756e-07,0.0005986322442770118,0.00585417438149801,0.0005931872427452866,0.0004635208299337204,0.006234573448192603
58,0.0002754109718672543,3.5159095696834836e-05,1.4857700068229068e-05,9.91536739573131e-05,0.0012281422440691566,1.6437575781547615e-05,0.002506896247669579,1.3422449373763119e-06,0.005758532495940726,0.0008870713291761459,0.0036569513804986216,7.013787979028086e-09,2.027549804516707e-08,0.0007886933070684325,0.9742265502396857,1.0376129869002693e-05,1.1493598138246217e-06,3.864469990027757e-07,2.655349949646505e-05,3.60752599611481e-07,0.0002630088032015742,0.0024191047952982214,0.0006311267508998049,0.0013774771744036892,0.005775230491715478
59,0.0002598398851345,3.180463449557848e-05,1.5389992511777827e-05,9.946721558178723e-05,0.0012208101619565123,1.5268026880910753e-05,0.0022315141433023717,1.2162799545770505e-06,0.00547284219540721,0.0008991394439158202,0.0035143718636800334,6.118682493798486e-09,1.7148472826348076e-08,0.0007666694418052965,0.9753153552578213,9.511121648149537e-06,1.0409811461472532e-06,3.6168650397245356e-07,2.389192087432181e-05,3.507661655788143e-07,0.00026014960433197595,0.002275523552336402,0.0005910970188861454,0.0014940359626419047,0.005500325575862546
60,0.00030607940137308284,4.277782519682459e-05,1.5442006792619136e-05,0.00010736649936871579,0.0014879961082072846,1.8840766592231543e-05,0.0030636122454793737,1.6004218164940715e-06,0.006156241523817627,0.000939596566552743,0.00374037490145944,9.24542390876658e-09,2.447714682724592e-08,0.0009236408059359976,0.9713284678385075,1.212020882665344e-05,1.3228641411630377e-06,4.803059629996227e-07,3.200770264643348e-05,4.0882584181485844e-07,0.00031603359931469316,0.0026774292777827845,0.0007311082647547537,0.0011333096418928614,0.006963708675165223
61,0.0002858908407226846,3.3320975171552896e-05,1.746007353306395e-05,0.00011087266586281778,0.0012911301660365204,1.6643376990059378e-05,0.0023296317845408043,1.407910359785155e-06,0.005355443689316459,0.0009225595757108979,0.003627626267642886,6.77860940362931e-09,1.9364093465733708e-08,0.0007976306597425437,0.9750153776540038,1.019234192697734e-05,1.1437684345035658e-06,4.0432509943222406e-07,2.6105242542181704e-05,3.7705659613775705e-07,0.0002865962967741386,0.002357758963924351,0.0006171429072566692,0.0014543547200913977,0.005440902595017335
62,0.00030607940137308284,4.277782519682459e-05,1.5442006792619136e-05,0.00010736649936871579,0.0014879961082072846,1.8840766592231543e-05,0.0030636122454793737,1.6004218164940715e-06,0.006156241523817627,0.000939596566552743,0.00374037490145944,9.24542390876658e-09,2.447714682724592e-08,0.0009236408059359976,0.9713284678385075,1.212020882665344e-05,1.3228641411630377e-06,4.803059629996227e-07,3.200770264643348e-05,4.0882584181485844e-07,0.00031603359931469316,0.0026774292777827845,0.0007311082647547537,0.0011333096418928614,0.006963708675165223
63,0.0003087603487298321,4.71880015200364e-05,1.527100792948683e-05,0.00010164861532712733,0.001508229411681981,1.8811375960311833e-05,0.0030594880690281334,1.5557023166887186e-06,0.006379145839681547,0.0009247140128172069,0.003737085608992145,9.521379643817425e-09,2.4687781843558493e-08,0.0009144710306855638,0.9710546610507852,1.159438785355575e-05,1.3194603764788176e-06,4.6658905142369313e-07,3.219025698379478e-05,3.855035926094987e-07,0.00030989619051560225,0.0027064387761863646,0.0006946144576574869,0.0011001474369936343,0.007071882656172305
64,0.0002525419531807074,3.8205089012495004e-05,1.515494264576092e-05,9.56349414469231e-05,0.001417561237818552,1.6009396103800617e-05,0.0025923953857593385,1.4457776789367425e-06,0.004369576938128755,0.0007980431269051212,0.0033775306341023957,8.156745758309482e-09,1.9286752051636643e-08,0.0007192923245885369,0.9764046604026271,9.42186125069277e-06,9.528032317546585e-07,3.676843372020964e-07,3.0566848848114105e-05,3.542787075113581e-07,0.00039909732909990006,0.0023332246515511234,0.0006326051491785219,0.0009394029890109552,0.005555926811287981
65,7.578533118097866e-06,3.66050702367639e-06,5.523394146969805e-06,1.7162856264408217e-05,0.00016282592580156138,5.7657370436902975e-06,0.00034739427088906384,1.9823621953415288e-07,0.00018206161707286448,4.816500360361161e-05,0.000594246362348871,2.694826446436941e-10,1.6638328667621376e-09,6.0039867108676235e-05,0.997812670823072,8.087048974101336e-07,6.458274172394571e-08,5.0261606074751515e-09,3.98268588610707e-06,2.7950277562726644e-08,7.081914399179981e-05,0.00027858644495424916,7.681784471199221e-05,0.0001423642171579992,0.00017922833219191395
66,0.000560869164560343,7.125640561550356e-05,4.8580974253984174e-05,0.0003243643924280515,0.005288685523603288,2.2346757660140393e-05,0.002617242116909594,1.5308034374288567e-06,0.006726607205816954,0.002818871098636444,0.011470567586045975,2.4712618851581086e-08,5.045568777577605e-08,0.0027534448372939033,0.9509701119233344,2.3647116314321204e-05,2.038577777501764e-06,1.413128040670115e-06,4.0585327564757354e-05,6.078774864664815e-07,0.000905374036338844,0.0038189424029417994,0.0006988282389069645,0.0025782174240386855,0.008255791912687369
67,5.9285823791501234e-05,1.328700135179955e-05,6.2102258728621085e-06,5.445734755003225e-05,0.0002735533573630533,7.092586580767661e-05,0.001814266024675688,2.704432048203697e-07,0.0011161862846093872,0.0005862981708697149,0.003107877213348626,9.452792544152428e-09,1.189967425208263e-08,0.0024464751361458737,0.9743801627222454,7.399063397980218e-06,1.7689701706193858e-06,5.305191050419103e-07,1.0514074324360036e-05,1.108528239628475e-06,0.0004201331531390361,0.0025797451904016437,0.0021686263201016937,0.0013250810717060832,0.009555816140110784
68,0.0005647159522376615,6.0544986502779905e-05,2.9003578217822072e-05,0.00029163059899615896,0.0022961543681135474,3.437497017180727e-05,0.0072811844575208125,3.3731450348896358e-06,0.008203160509498193,0.0014902825514779454,0.007140925674328789,3.149037262641217e-08,8.715991065837293e-08,0.002305361184486228,0.9486604709248733,2.715197901392601e-05,3.474496633691968e-06,2.2967572367518523e-06,4.572023720532797e-05,1.0647977052715573e-06,0.0006537389672411957,0.003754498619395629,0.0015873854424411466,0.0016312617985773051,0.013932105352806664
69,0.00019432579111340115,3.052509053708708e-05,1.6503354144847587e-05,5.790393307634247e-05,0.0005748547893825841,4.401628244619975e-05,0.002431092521764986,1.4698280227293094e-06,0.0014127341082583334,0.0006818000666093471,0.004908634717468298,1.976170877256588e-08,3.967344933191929e-08,0.0010608278581364355,0.9772681642910105,9.895500111114468e-06,1.7012845848965207e-06,4.71833740546784e-07,7.984203857319158e-05,1.0182220952258421e-06,0.0007844513076469305,0.004502000090882902,0.001173782332666888,0.0007183390287740551,0.004045586293795107
70,0.0002496286092162257,3.1661678860266484e-05,3.295479734658366e-05,0.0012182371083976173,0.003923104696662337,0.00013933850299030666,0.0065680382471734935,3.897434586004607e-06,0.03319228733505918,0.0035813386694467523,0.004952029088641709,1.536570175261732e-08,8.826390108602183e-08,0.004657420728734463,0.9208488074012094,0.00014316035021797268,7.9106244333737e-06,1.9122056299017124e-06,1.5874499384769022e-05,2.8303307717411197e-06,0.0002834374413642031,0.002130045086519116,0.00331553002052952,0.00490644441145216,0.009794007101770209
71,0.00022633919589741064,3.60210593571548e-05,1.8092170090628565e-05,9.076489481894266e-05,0.0011378691645679857,2.0389667083517037e-05,0.002507251475099555,1.283036948724119e-06,0.004083746711528113,0.0007708081905340236,0.0032155358853608812,7.170131549056594e-09,2.0366743391134378e-08,0.000786232007164556,0.9778141754906873,8.774244010553843e-06,1.116863307819925e-06,3.4304068556263785e-07,2.9594594263077286e-05,3.4793428559583034e-07,0.00028894197068529345,0.0024735494509900637,0.0005415052318054751,0.0009924156187935686,0.004954874565159486
