,0,1,2,3,4,5,6,7,8,9,10,11,12,13,14,15,16,17,18,19,20,21,22,23,24
0,0.000312074471048683,1.0906207087510392e-10,1.0239710833370115e-05,0.0006028943459157997,6.112835896771614e-07,0.0007025077803172442,0.00041877896009693833,4.6170979018910944e-05,2.7553734717299668e-08,0.0005757420924466455,7.475963466313996e-09,1.1346113763455583e-05,0.014494150616156082,8.519109702618054e-07,2.8418336370381237e-10,0.9535627002849064,0.0008433773400001975,0.0012725935287522016,0.001413969192954889,1.6826868784799565e-05,2.8026259610203463e-06,1.0458113897928338e-06,3.3814616959750173e-06,0.02570789878162277,4.168311781100028e-10
1,0.00028665293621602564,6.460708982515115e-11,1.0213951339617923e-05,0.0006069817960870878,5.472139428964332e-07,0.0005421788468126576,0.00033425666366256496,4.9368142095131274e-05,3.0257703535645974e-08,0.0007198416064746103,7.3900668221213475e-09,7.570132728520188e-06,0.01734771675081464,4.90186510999726e-07,1.9607611797878577e-10,0.9588340510015841,0.0005861761714333094,0.000970674541862998,0.0011589689814690298,1.7078193367597713e-05,1.803294866395553e-06,6.414345460687818e-07,2.7089017358237964e-06,0.01852204110084618,2.4315006813152683e-10
2,0.00037575631125073014,9.041506516218889e-11,1.155665736883138e-05,0.0007466487815631961,6.706646548963734e-07,0.0005187766740075566,0.0003767714289249076,7.271824133393509e-05,3.46374625625158e-08,0.0008436452777705598,1.245565547835899e-08,1.0690419728797108e-05,0.023054535229960246,8.818860069552985e-07,3.4858196335822036e-10,0.9479764097535365,0.0007424948911860167,0.0014842521462014701,0.0012269818385553031,2.8010436795041517e-05,2.280500751507337e-06,7.382698318086864e-07,3.803464209382185e-06,0.022522329217425353,3.7682198317001463e-10
3,0.0002966567595089201,7.318966144732799e-11,9.40081017450842e-06,0.0006827175307334544,5.148817276647334e-07,0.0005631443817881644,0.0003679575428384295,5.1394326873471144e-05,2.6423467655081363e-08,0.0006608608945703169,8.049417232697342e-09,9.319417459511075e-06,0.01730110825087999,6.544451675743372e-07,2.294801614132268e-10,0.955896256301449,0.0006839932372642991,0.0011972463820127026,0.0010892831791100386,1.9206439110618786e-05,2.117563425661295e-06,7.449009296917655e-07,3.107433968686794e-06,0.021164280250430517,2.950219930669144e-10
4,0.0003089584868433837,6.92543234879498e-11,9.577123391435638e-06,0.0006507526626688653,5.240930737372161e-07,0.0005418389173308166,0.00036774285707851,5.1346298795112485e-05,2.511686212420287e-08,0.0006736627569918269,8.021547995523598e-09,9.169576675420114e-06,0.018990671959936565,7.02201309593838e-07,2.2243845353636047e-10,0.9527731305320479,0.0006950101616323698,0.0012213723817203171,0.0011201052883963965,2.0230180711143072e-05,2.04474447141995e-06,6.797299681667412e-07,3.104423360493353e-06,0.022559341902260218,2.9123326476682244e-10
5,0.0002898246788622248,7.647513630964412e-11,8.409761236913391e-06,0.0007901379843793429,5.010752997552503e-07,0.0005792826401920695,0.0003455809978690359,5.077210912440619e-05,2.549717932000078e-08,0.0006494241602930872,8.896119050322613e-09,9.054088555006886e-06,0.017558536211165602,6.82311554724524e-07,2.358423471515819e-10,0.9565992259875841,0.0006468388317159808,0.0014153074421199778,0.0010285118175728785,2.1336514713319672e-05,2.0178804468873604e-06,7.295632148060547e-07,3.2680982934796876e-06,0.020000522847768043,2.924225293422562e-10
6,0.0002966567595089201,7.318966144732799e-11,9.40081017450842e-06,0.0006827175307334544,5.148817276647334e-07,0.0005631443817881644,0.0003679575428384295,5.1394326873471144e-05,2.6423467655081363e-08,0.0006608608945703169,8.049417232697342e-09,9.319417459511075e-06,0.01730110825087999,6.544451675743372e-07,2.294801614132268e-10,0.955896256301449,0.0006839932372642991,0.0011972463820127026,0.0010892831791100386,1.9206439110618786e-05,2.117563425661295e-06,7.449009296917655e-07,3.107433968686794e-06,0.021164280250430517,2.950219930669144e-10
7,0.0005226417452666457,7.174761458673302e-11,1.5739745763312137e-05,0.0008174864930009994,6.686235551855713e-07,0.0004745199414642202,0.00041652117845602865,7.992235926071497e-05,3.119371842879164e-08,0.0012405536738573529,1.1373507384584814e-08,9.288702277762404e-06,0.03232608865402644,6.649392444166429e-07,2.1188041188668006e-10,0.9351733729219508,0.0008548067202594792,0.0009518387847775971,0.0014836917825493934,2.6523566412025843e-05,1.601446786803084e-06,7.594627865215586e-07,2.548483755684032e-06,0.02560071760325924,3.2043516688315525e-10
8,7.23566637362014e-05,6.490317413397559e-11,2.3381692845704905e-06,0.0004858065017108764,4.7268646084018225e-07,0.001402113408015533,0.0001782943910778175,2.67373256113254e-05,2.6475603743417797e-08,0.00020914975971509175,6.4768316346506694e-09,6.711002625828089e-06,0.007102065293773889,2.1499197770190848e-07,1.8042512344267374e-10,0.9809842916355028,0.0003788891068852005,0.003274621391054499,0.0008232476600866367,1.4430091576211343e-05,1.6403132009336702e-06,6.874144305208387e-07,2.016724844684876e-06,0.005033882138491444,1.321735411872138e-10
9,4.0743565387995766e-05,2.3493609979640863e-11,3.6301084337331394e-06,0.00017862949793793332,3.842347984488818e-07,0.0009785393149572465,0.00020873455306098514,1.338908280562981e-05,1.1988624528736372e-08,0.00013076626682905946,2.172062729210018e-09,6.6856183463455575e-06,0.007145240196965226,1.4499489979048626e-07,6.071550826419016e-11,0.9833136543559425,0.0003102712267111643,0.0011508378012590008,0.0005383974179232272,9.030428363909495e-06,1.8280527990119376e-06,3.7481070488959907e-07,1.0971919931683124e-06,0.005967606970961298,6.402297367578947e-11
10,0.0002966567595089201,7.318966144732799e-11,9.40081017450842e-06,0.0006827175307334544,5.148817276647334e-07,0.0005631443817881644,0.0003679575428384295,5.1394326873471144e-05,2.6423467655081363e-08,0.0006608608945703169,8.049417232697342e-09,9.319417459511075e-06,0.01730110825087999,6.544451675743372e-07,2.294801614132268e-10,0.955896256301449,0.0006839932372642991,0.0011972463820127026,0.0010892831791100386,1.9206439110618786e-05,2.117563425661295e-06,7.449009296917655e-07,3.107433968686794e-06,0.021164280250430517,2.950219930669144e-10
11,0.00030514016746691227,6.923144051956581e-11,9.745062763615634e-06,0.0006523719189132519,5.183513761022303e-07,0.0005514313358211976,0.0003727443788661628,5.48059929404514e-05,2.6591906611824458e-08,0.0007107022470367453,8.087246135725188e-09,9.423121022146954e-06,0.019217466728079606,6.583603702324223e-07,2.2590273680549007e-10,0.9526745892930836,0.0007035918922534743,0.0011954119300571404,0.0011092757966980537,2.0330422502263515e-05,2.0387493480409463e-06,7.126160503774425e-07,3.0678659071897193e-06,0.022405938504764134,2.9039239367192713e-10
12,0.0004347117180943963,9.501031411436837e-11,1.8359512891713954e-05,0.000854780141020713,3.8393769143086467e-07,0.000552617504512453,0.00034897985874265616,0.00013021185442583616,4.142443067954616e-08,0.0012867726107355937,9.514645944729766e-09,1.1558484807348092e-05,0.021851434551838675,3.1787403354211754e-07,2.597732321098175e-10,0.9517558381658748,0.0008314073888839499,0.0005665694551220879,0.0014608079410619122,1.5095568973240303e-05,1.8450758382944932e-06,1.4735782579441827e-06,1.8232074350863778e-06,0.019874959998329594,2.775689116979263e-10
13,0.00029749402112030015,7.300957544119009e-11,9.42151676523272e-06,0.0006843374306324324,5.151713270061665e-07,0.0005595920954349794,0.00036809831282360954,5.157810210949068e-05,2.6412015771842498e-08,0.0006608543281828803,8.11430718265554e-09,9.355701585211786e-06,0.017350608534433893,6.587485605944006e-07,2.305386529664002e-10,0.955906343416716,0.0006832096313167593,0.00119950241043017,0.0010847041419506744,1.930678535248755e-05,2.120200495092668e-06,7.427169701888912e-07,3.1126544567628123e-06,0.021108408954379182,2.950858321886587e-10
14,0.0003447713359850716,6.712396269662269e-11,9.299115454743742e-06,0.0006331062833388736,4.4923929963798417e-07,0.0005334279091561471,0.0005049895866732532,6.205397136183007e-05,3.0025457594541216e-08,0.0006799929508567412,6.898082962451197e-09,1.1340494763236055e-05,0.015100818332562356,7.016799715699274e-07,2.4708704751168057e-10,0.9530128201129471,0.0008136504901477039,0.001001122086310804,0.0009629176232324666,1.535493759695331e-05,2.4332318960062417e-06,8.88922821175351e-07,3.3874199638757855e-06,0.026306436673001036,3.6490789235207106e-10
15,0.0002966567595089201,7.318966144732799e-11,9.40081017450842e-06,0.0006827175307334544,5.148817276647334e-07,0.0005631443817881644,0.0003679575428384295,5.1394326873471144e-05,2.6423467655081363e-08,0.0006608608945703169,8.049417232697342e-09,9.319417459511075e-06,0.01730110825087999,6.544451675743372e-07,2.294801614132268e-10,0.955896256301449,0.0006839932372642991,0.0011972463820127026,0.0010892831791100386,1.9206439110618786e-05,2.117563425661295e-06,7.449009296917655e-07,3.107433968686794e-06,0.021164280250430517,2.950219930669144e-10
16,0.00025266894893149827,5.432784145028075e-11,8.183533112581206e-06,0.0006187740690357448,4.6208141860445947e-07,0.00048035888219783037,0.0003409267773902362,4.222410488923e-05,2.0004187146299562e-08,0.0005407034090540092,7.789324801634274e-09,8.94076497043371e-06,0.016471237627223592,7.016543803933615e-07,2.0182410658426257e-10,0.9597049867039624,0.0005962340314693968,0.0012832969595310045,0.0008848473017902519,1.9849519372358695e-05,2.046020007199308e-06,5.705998407807887e-07,2.92670772745854e-06,0.01874003202073941,2.3329151522047704e-10
17,0.00030755746877999526,7.205180533637084e-11,9.53242958248661e-06,0.0007065632698107002,5.222348242537434e-07,0.0005315987357337918,0.0003856165929891445,5.193303645151394e-05,2.6002724827552006e-08,0.0006317249265784321,8.424959763949561e-09,9.881193007240164e-06,0.017361288384086668,7.049349376872835e-07,2.2949267240910915e-10,0.9562698827598843,0.0006958355515522257,0.001193008115372929,0.0010227525589888565,1.9626344729959024e-05,2.1585792391939787e-06,7.483714588284564e-07,3.121912501941262e-06,0.020795907564900098,3.053604372759359e-10
18,0.00030556979702723816,7.565011718077142e-11,9.44216964801541e-06,0.0006897535346734679,5.278259111783755e-07,0.0005721419622935636,0.00037601752216595677,5.175481260693187e-05,2.6987741811280838e-08,0.0006696240131256697,8.19348115038181e-09,9.422267840913894e-06,0.017438191853184702,6.7368225273805e-07,2.3389080468830767e-10,0.9550746691351492,0.0007141249978262308,0.0012269078821063146,0.001119466068324055,1.9514502966381793e-05,2.1476655562752694e-06,7.683922209411813e-07,3.1903397393482182e-06,0.021716055774803567,3.0981344714482477e-10
19,0.00029108690451209144,5.992463560394307e-11,1.1094459351464615e-05,0.0006568507722954348,5.101105548697578e-07,0.0005858832734954424,0.00044978166919397466,6.099505075110234e-05,2.912095622325194e-08,0.0008920621255648142,7.129850154174063e-09,1.0404230578615907e-05,0.019783887498245945,4.871722496495205e-07,1.8515101830766066e-10,0.9521415420402773,0.000723819360831945,0.0008510431530481961,0.001030921547013618,1.8330109802013743e-05,1.8744026804123227e-06,8.596922363557672e-07,2.4794631337383655e-06,0.022486050190728597,2.775723991248646e-10
20,0.00027019789077069507,1.0528610585378313e-10,1.0062436064993687e-05,0.0008343451052252193,4.501221666079856e-07,0.0006105726112006939,0.0003376855951589414,7.087366498772759e-05,3.0396948370316724e-08,0.000689995449379005,1.0656267129413755e-08,1.2141095429854219e-05,0.015724283447614243,6.595407236245218e-07,3.5731635497770186e-10,0.9596387905083975,0.0006825428671068778,0.0013208561207552504,0.0010288294367353217,2.0721720577351504e-05,2.5663545429092778e-06,1.0786836824697342e-06,3.2157800102062194e-06,0.018740089724244364,3.2940795945253513e-10
21,0.0002878701870510795,8.691480593096034e-11,1.071495357825131e-05,0.0005958388637759012,5.430299174944389e-07,0.0007153533252244015,0.0003997610386452341,5.832123990180224e-05,3.0955247565184565e-08,0.0007864095011466542,6.3920174594168524e-09,9.238102549675229e-06,0.018280132856855275,5.147736137163884e-07,2.2628612114713008e-10,0.9484381395181735,0.0008469291845888058,0.0010745443019929142,0.0013682789254864205,1.7725845012235986e-05,2.3407791921060794e-06,9.363514456054822e-07,3.125415636957017e-06,0.027103243817163024,3.2858328985977757e-10
22,0.00028060418973903855,5.481154932076113e-11,9.89045958176245e-06,0.0008177197368768458,4.639413492793631e-07,0.0004460338889391786,0.00034982488635664085,4.7241203193476954e-05,2.321437465130659e-08,0.0006666596141908435,1.0009058323830255e-08,9.208761080752671e-06,0.016666179981204947,5.729426576641944e-07,1.9986318391097549e-10,0.9620151955143225,0.0007025843771352593,0.0011805408122419364,0.0008133774715154514,2.1739424045996863e-05,2.2852572661193437e-06,7.285483714240298e-07,3.002036177758333e-06,0.01596611323574286,2.3990221583299343e-10
23,0.0002966567595089201,7.318966144732799e-11,9.40081017450842e-06,0.0006827175307334544,5.148817276647334e-07,0.0005631443817881644,0.0003679575428384295,5.1394326873471144e-05,2.6423467655081363e-08,0.0006608608945703169,8.049417232697342e-09,9.319417459511075e-06,0.01730110825087999,6.544451675743372e-07,2.294801614132268e-10,0.955896256301449,0.0006839932372642991,0.0011972463820127026,0.0010892831791100386,1.9206439110618786e-05,2.117563425661295e-06,7.449009296917655e-07,3.107433968686794e-06,0.021164280250430517,2.950219930669144e-10
24,0.00027186494678194735,6.053521481732494e-11,1.0672726344556333e-05,0.00033561683416880484,4.412773960753758e-07,0.0006812883420217059,0.0004986601137752945,5.632797422893925e-05,3.196004844502483e-08,0.000724738954819322,4.358736776776856e-09,9.154092384805597e-06,0.015129912849915099,4.769710582701857e-07,2.3565471325147266e-10,0.9441827377331771,0.0008995848773010731,0.0008552217073983952,0.0012908204951458298,1.2521996464979392e-05,3.022407402959937e-06,7.860849256941053e-07,3.550707439834947e-06,0.03503256199500179,2.978720685758697e-10
25,0.00037429234046143414,5.0493831549506136e-11,1.0969286908152636e-05,0.0008953049705761686,5.148994939110262e-07,0.0003460819270461135,0.00040998709923184014,7.529506290319928e-05,2.3890297804117275e-08,0.0007574298974917343,1.4151887321390565e-08,1.2210449094860331e-05,0.025611786467996164,8.657106198184356e-07,2.413941303870157e-10,0.9515193344486439,0.0006794233801762152,0.0012673460991239548,0.0007268475416095897,3.0869051709929773e-05,1.8456048573190842e-06,6.094907781298393e-07,2.831723881554323e-06,0.017276115943608405,2.697147329031896e-10
26,0.0003912526173924685,8.146435321557288e-11,1.0057841203131361e-05,0.0006251902728009448,6.53825705748411e-07,0.0006542182304881079,0.00042025417189748876,5.446933278395864e-05,3.767842412437218e-08,0.0008404283035908017,7.58094412265714e-09,7.394676982318999e-06,0.020997266976162006,6.276067943606385e-07,2.2778287367343037e-10,0.9429490808197213,0.0008750293806395173,0.0013678767464069084,0.0014651710946068485,2.051536189517744e-05,2.1797116932401288e-06,7.102815148292161e-07,4.26933046690854e-06,0.029313307483681408,3.6495717137286304e-10
27,0.000325017029815187,1.1172586188859864e-10,9.279097273266565e-06,0.0008225524219052715,5.557457253264544e-07,0.0007042688794221249,0.0003842884827636221,6.597645175168531e-05,3.6767810127417394e-08,0.0007592439764586344,9.610846033125179e-09,1.063805017271437e-05,0.016478185575992597,6.699443377794401e-07,3.112523444354171e-10,0.9559069735725341,0.0007433730544278116,0.0013103092636268469,0.0013021490652032374,1.9227968755603285e-05,2.09031740876831e-06,1.075724634149774e-06,3.325090850517271e-06,0.0211507530812562,4.040503399733889e-10
28,0.0002966567595089201,7.318966144732799e-11,9.40081017450842e-06,0.0006827175307334544,5.148817276647334e-07,0.0005631443817881644,0.0003679575428384295,5.1394326873471144e-05,2.6423467655081363e-08,0.0006608608945703169,8.049417232697342e-09,9.319417459511075e-06,0.01730110825087999,6.544451675743372e-07,2.294801614132268e-10,0.955896256301449,0.0006839932372642991,0.0011972463820127026,0.0010892831791100386,1.9206439110618786e-05,2.117563425661295e-06,7.449009296917655e-07,3.107433968686794e-06,0.021164280250430517,2.950219930669144e-10
29,0.0002966567595089201,7.318966144732799e-11,9.40081017450842e-06,0.0006827175307334544,5.148817276647334e-07,0.0005631443817881644,0.0003679575428384295,5.1394326873471144e-05,2.6423467655081363e-08,0.0006608608945703169,8.049417232697342e-09,9.319417459511075e-06,0.01730110825087999,6.544451675743372e-07,2.294801614132268e-10,0.955896256301449,0.0006839932372642991,0.0011972463820127026,0.0010892831791100386,1.9206439110618786e-05,2.117563425661295e-06,7.449009296917655e-07,3.107433968686794e-06,0.021164280250430517,2.950219930669144e-10
30,0.0002966567595089201,7.318966144732799e-11,9.40081017450842e-06,0.0006827175307334544,5.148817276647334e-07,0.0005631443817881644,0.0003679575428384295,5.1394326873471144e-05,2.6423467655081363e-08,0.0006608608945703169,8.049417232697342e-09,9.319417459511075e-06,0.01730110825087999,6.544451675743372e-07,2.294801614132268e-10,0.955896256301449,0.0006839932372642991,0.0011972463820127026,0.0010892831791100386,1.9206439110618786e-05,2.117563425661295e-06,7.449009296917655e-07,3.107433968686794e-06,0.021164280250430517,2.950219930669144e-10
31,0.00038843867469018643,7.089547163752277e-11,1.3814235389630485e-05,0.0006067897468340104,5.35225941032014e-07,0.00042680449266623515,0.00033318738887407143,7.640558774249848e-05,2.753943402061647e-08,0.000700813169544167,9.153361194358291e-09,9.701229299123164e-06,0.025103446523556127,6.669286756418777e-07,2.466647388279454e-10,0.9464890548973959,0.000731662279112497,0.0010926072661760426,0.001186688055595147,2.254399290942314e-05,2.202682645545889e-06,6.170129547640021e-07,2.8508583048872823e-06,0.022811132475180664,2.6615681485205313e-10
32,0.0003082320797490912,8.051785151339822e-11,9.793270496831513e-06,0.0006688438988367272,5.472179874200924e-07,0.0005927421507293801,0.00035549497187705397,5.1247229391437946e-05,2.7510179427561708e-08,0.000677271347066307,8.070795350448691e-09,9.013235153790202e-06,0.017869674868897158,6.65201884590017e-07,2.365299938211848e-10,0.9542336077613321,0.000700069768756541,0.0012336704263185164,0.0012262922401182373,1.929929935980574e-05,2.12889951445353e-06,7.552166821307401e-07,3.160996905786661e-06,0.022037453714373552,3.065465332743829e-10
33,0.0006763246784615728,2.1586604523739232e-10,6.157949427569748e-05,0.0030139171949826083,3.5076885864042255e-06,0.0008199864283651855,0.0007471402085074244,0.0002102474221175736,5.251565242722867e-07,0.0029554497426025326,1.8397091245255194e-07,3.778305867781261e-05,0.0127645771179967,2.696483191060465e-06,4.042751917074863e-09,0.9682042062121895,0.0005586701629364763,0.0011080052002000707,0.0004770336988401096,0.0001130670350338859,1.7246956462837656e-05,9.863624725234429e-07,2.8547424299071087e-05,0.008198311762567306,2.281178713997169e-09
34,0.0009160686516739988,9.050858284858471e-11,1.6050720084544297e-05,0.0007362456108838676,9.952130537236425e-07,0.00038468181291199894,0.0003651341266528047,6.241004849205481e-05,3.7138716922098835e-08,0.0008000191585653792,1.4425852393820803e-08,7.938937695966523e-06,0.029068743553331326,1.1685370652441109e-06,2.6841487814967197e-10,0.9391020479571286,0.0009347833792027202,0.001359162150217526,0.002015026349290494,2.4075898780138082e-05,2.0830330683553607e-06,5.761767748208635e-07,3.698799843318534e-06,0.02419903755794569,4.0384453733340083e-10
35,0.0003117089896611127,7.731764850235455e-11,9.616169460923412e-06,0.00069628477471364,5.295558807216953e-07,0.0005745653466554468,0.000371853658523952,5.468226073886012e-05,2.8523487363377766e-08,0.0006843533179619489,8.339415416942568e-09,9.454666123425279e-06,0.01756663648754733,6.484416033467312e-07,2.3825776758115654e-10,0.955497285679393,0.0007009758659749492,0.0011984449920472188,0.0011324792941982869,1.9173330595629595e-05,2.103134175071289e-06,7.812704151303328e-07,3.1176327316465947e-06,0.021165267644905807,3.082144026918673e-10
36,0.00029599571951566164,7.463172110065724e-11,9.549916191997951e-06,0.0006855926709205222,5.185881212046469e-07,0.0005647685572402364,0.00035286679328002285,5.002253705032214e-05,2.640877899133398e-08,0.0006646457708780504,7.919471729274254e-09,8.759093965678902e-06,0.01728541457882033,6.340901568783495e-07,2.2706036253619445e-10,0.9560261260950429,0.000659578884360265,0.0011766874739526853,0.001118114266595869,1.895370417809909e-05,2.107762009362947e-06,7.186549620317926e-07,3.1238827954941245e-06,0.021075786043435473,2.8658416160121087e-10
37,0.0002933022189261334,7.778120374231199e-11,9.596499567328539e-06,0.0006967283198264515,5.200925110498959e-07,0.000592151528682878,0.0003659536455696344,5.5937842513148694e-05,2.9104137591952808e-08,0.0007025299485631003,8.263501201982122e-09,9.531552804339126e-06,0.017412329054812315,6.076808756830434e-07,2.411500007096055e-10,0.9561898727178059,0.0006850615974697646,0.0011778676829918545,0.0011204734347558677,1.9150069574960432e-05,2.0961907919997387e-06,8.021095380626505e-07,3.0670876604666588e-06,0.02066238273740469,3.0078439311231667e-10
38,0.01040597560924,9.710985382497758e-10,0.0001484494614194602,0.014469416168431034,6.800241862910164e-06,0.0003860928609005661,0.0014736591322010025,0.0012437828443570159,4.92796087471679e-07,0.011037340627703299,1.9980974005714767e-07,4.835636303319814e-05,0.11960207524987519,4.101134050851473e-06,1.108954743268275e-09,0.7797651247375952,0.007195497305607195,0.0008770647740794184,0.002629817003819355,0.0002336797381634869,3.0422039889438996e-06,6.941082043073988e-06,9.219561966085304e-06,0.050452857049698804,1.2164083143601568e-08
39,0.0009336797385458886,1.0576688893779473e-10,1.0776391978557297e-05,0.0013418001835953984,1.116405686331932e-06,0.0005442796380789502,0.0006554150270784411,6.932822814405624e-05,4.1982705674134724e-08,0.0015359256169266413,2.2634426771294083e-08,1.1191201673277897e-05,0.03294400788046735,2.1458303720867035e-06,3.8114750855264883e-10,0.9228726262538816,0.0010292980351094547,0.002114050767177969,0.0017178364918207872,4.0380464844309254e-05,1.620781625264762e-06,8.565159556608971e-07,5.332121544603902e-06,0.03416826656354584,7.579008324440494e-10
40,0.00043893051482544933,1.038095975509693e-10,1.5166512127175676e-05,0.0006434035295835156,9.278022397677322e-07,0.00043651388737648596,0.0004194615758666505,4.7897259715321405e-05,2.5103198425818577e-08,0.0005250574743151326,1.1368643028919496e-08,1.3033706550444176e-05,0.020388286750256272,1.427849165977239e-06,2.8982785211781564e-10,0.95109725511674,0.0008225348964337796,0.0012262997234844554,0.001401558004924355,2.3323439011715663e-05,2.716232935091436e-06,7.754368767464503e-07,3.12923999617027e-06,0.022492263741717724,4.4037875121520116e-10
41,0.000318010809187744,5.405844479131192e-11,1.134995404448963e-05,0.00035462425183753075,4.280452905972949e-07,0.0006895566725419257,0.0008825449382771981,3.638347986720759e-05,1.5243877562095138e-08,0.0006500737783078256,3.420795607258723e-09,1.367339746243702e-05,0.01588893359585424,8.19351212314214e-07,1.6886995082081162e-10,0.9046606868123386,0.0023806821616768003,0.0010381087235212816,0.001306964542750016,1.698951265755675e-05,5.055568917307885e-06,1.302230201614108e-06,4.627281907481879e-06,0.0717391655069452,4.975990852160485e-10
42,0.002327158221559733,1.5758529738302925e-11,1.1426667315235212e-05,0.0006589895187273476,3.761094505784257e-06,0.0002794689454510221,0.0026751545568767096,3.1051903174738264e-05,2.7793801108062697e-08,0.0023199924784185304,3.3420130145851794e-08,1.744909825150727e-05,0.07218356327399107,3.0064716400003558e-05,3.450721839050727e-10,0.7831630069937753,0.001899965208880879,0.004156559716382345,0.0007439568534840802,0.00016556032250339734,3.630542164995194e-06,1.1955942888216166e-07,2.696424226758771e-05,0.1293020926242189,1.887459942434329e-09
43,0.00019829245895712204,5.836524648355639e-11,9.311338087088476e-06,0.000552236595594694,4.256124034513658e-07,0.0007095133333745724,0.0003350927853624308,5.2765705013035955e-05,2.672861600097421e-08,0.000901355808018038,5.793488682836376e-09,8.342556446230662e-06,0.016809818755683038,3.5249720735281854e-07,2.030988412837608e-10,0.9551906782476,0.0006764646289356562,0.0010168343812200751,0.0010449852760247048,1.7146985425187486e-05,2.3802145872232827e-06,7.966358298233887e-07,2.8756645625433147e-06,0.022470297527794843,2.0830414110660003e-10
44,0.0002966567595089201,7.318966144732799e-11,9.40081017450842e-06,0.0006827175307334544,5.148817276647334e-07,0.0005631443817881644,0.0003679575428384295,5.1394326873471144e-05,2.6423467655081363e-08,0.0006608608945703169,8.049417232697342e-09,9.319417459511075e-06,0.01730110825087999,6.544451675743372e-07,2.294801614132268e-10,0.955896256301449,0.0006839932372642991,0.0011972463820127026,0.0010892831791100386,1.9206439110618786e-05,2.117563425661295e-06,7.449009296917655e-07,3.107433968686794e-06,0.021164280250430517,2.950219930669144e-10
45,0.00025941314562363555,6.21141520346781e-11,9.505326984488976e-06,0.0005721241665617214,4.5219451787835485e-07,0.0005591441440160518,0.00036698312675635723,5.827507088143166e-05,2.557433078518176e-08,0.0006927245825250628,7.08099356583445e-09,9.420564915253437e-06,0.017954879598061853,5.461920663673788e-07,2.196706558620817e-10,0.9552382381219137,0.0006397285884979988,0.0010623874261168423,0.0010209972418940847,1.8162649307604933e-05,1.9960183031218567e-06,6.9786451373831e-07,2.6740260036001234e-06,0.021531616767795064,2.456348685179585e-10
46,0.000244570350178242,8.368375348670593e-11,8.577898646325982e-06,0.0005737229102412057,5.4929952078135e-07,0.0005552330392183578,0.0003038080156286618,4.9651468260249426e-05,3.070423725720561e-08,0.0005740507751812331,8.276042263251607e-09,8.352877701104962e-06,0.015359755770985375,7.984524723871708e-07,3.2867242927771073e-10,0.960203260536038,0.0004168848659912505,0.0013326450186144246,0.0010867707088149593,1.8479649808650072e-05,2.041549856612817e-06,5.212072979337987e-07,3.6194890856462835e-06,0.019256666443687592,2.801355101687916e-10
47,0.00019577000628746263,1.6497868619987473e-09,3.862163385186914e-05,0.004077195693519397,2.109192668164409e-05,0.00745956040656485,0.0012776011787131107,0.000192729889938212,1.3488476717039838e-06,0.007029585437120105,3.31325084415948e-07,5.515567996608319e-05,0.013508516808596483,1.396072586516941e-05,2.5792236125136048e-08,0.9267144308587844,0.0007165554020855285,0.010266890366647104,0.0010010901343058677,0.000646289271610245,3.858871790975559e-05,1.7905830967771685e-06,0.0001673192628831629,0.02657553243466744,1.5966126212993108e-08
48,0.00037740694430492554,7.3334638291362e-11,1.0569809455404733e-05,0.000512847693158874,5.172538905940428e-07,0.0007291494177725547,0.00042478246790096804,6.250252088006112e-05,2.9260169337108475e-08,0.0010132897466868386,5.391483342654331e-09,7.914994556829756e-06,0.022417819945805637,4.911406811101559e-07,1.8357666067446127e-10,0.9324348632275733,0.0011405838384237965,0.0011034736541479196,0.0018307659168913268,1.722161001832803e-05,1.9712881547372385e-06,9.119215412705227e-07,2.908705973788557e-06,0.03790997266992733,3.23690256811616e-10
49,0.00023734172430212516,8.09763176069172e-11,1.0268025880545549e-05,0.0006941618116328639,4.864141097631899e-07,0.0006368265275438228,0.0003546155511678535,5.3637067100031404e-05,2.6146471524842568e-08,0.0006620026336238606,7.472996481971684e-09,1.0518921667768018e-05,0.016380000349616394,5.058835519408406e-07,2.1990193070964838e-10,0.9591018574107955,0.0006657771850742942,0.0010251823915574385,0.0010582767321562058,1.8529071618207165e-05,2.164560417972815e-06,9.426015510783076e-07,2.5908647928740103e-06,0.019084280076139038,2.753542261356069e-10
50,0.00015253450777428574,1.5193392815701486e-10,8.603739819965823e-06,0.0007926798113651196,4.950570057636663e-07,0.0008096680842685876,0.0002162805608684758,3.434870324783857e-05,2.908546968453806e-08,0.0003424122325601556,7.240022760613313e-09,8.592440052346659e-06,0.00879992234800019,4.235220536079611e-07,2.8624678279466485e-10,0.974295503579967,0.000492867691654333,0.0013085137685882899,0.001059194821349111,1.4308373613293842e-05,3.273093537826609e-06,1.0767364070607164e-06,3.376201201114725e-06,0.011655887689116328,2.738759953762605e-10
51,0.0003235462047952399,4.051019676161071e-10,1.0409160488352593e-05,0.0029042234093994037,5.08795875524477e-07,0.0008194497275890874,0.0002608841902238189,0.0001194841036128116,5.465483557677009e-08,0.0007480847467896244,2.87346792221459e-08,1.6909326702508376e-05,0.012745687712899344,7.948239653569522e-07,8.107512161730682e-10,0.9685704999963504,0.0005691396242588856,0.0017322807697008294,0.0011197325385338363,2.545852192759181e-05,2.396956176675927e-06,2.744598592023373e-06,3.5253874700410686e-06,0.010024154152231594,6.470491730215228e-10
52,0.00036952997204119965,1.2620530635239454e-10,3.068874639322152e-05,0.0003394149182432359,6.696112027027374e-07,0.00023853961062885427,0.0008971768835101705,1.9517505805404792e-05,1.9267700647246338e-08,6.686323615305069e-05,2.4023343644555243e-09,1.2419734755293325e-05,0.005158125597628257,7.777663327251901e-07,9.374439575210016e-11,0.9620080927901884,0.0031907654336816482,0.00026353644338725885,0.0008032533443337216,5.183068634868426e-06,1.304236188315866e-05,1.6294295194734506e-06,3.846887631350275e-06,0.02657690398487371,7.831876367075991e-10
53,0.00030938826724444924,7.793951155544772e-11,9.660976675299046e-06,0.0006883929397001572,5.260261195985513e-07,0.0005772292015931116,0.0003631404753660395,5.313204406570096e-05,2.7261457219063785e-08,0.000683123125459958,8.086499573948485e-09,9.280259843463248e-06,0.017619412954746987,6.541815396405691e-07,2.3422513432913e-10,0.9549070895521219,0.0006990568065278031,0.0011922382440818632,0.0011669905657447578,1.9007558780202738e-05,2.093675971761792e-06,7.737994733657471e-07,3.0680066067174637e-06,0.021695705374211005,3.040046315290994e-10
54,0.0001507137528203826,3.426570789793817e-12,1.8083941519099334e-05,0.0003062633883103,4.6852444941049727e-07,0.00017022662950819968,0.0002576765015353344,2.9261000192656915e-05,9.455938869174035e-09,0.0008723394090362108,5.4529605668466705e-09,5.5117272008529085e-06,0.04895194213328989,2.205472130515855e-07,3.381335354041895e-11,0.9342526161479084,0.0004776704183961422,0.0006522080955544995,0.00026187527065919407,4.978494323759639e-05,2.1509419335592908e-06,8.209535566503035e-08,2.203656994870646e-06,0.013538685897148102,3.1597409758872545e-11
55,0.00021736852559763747,3.866668776739819e-11,6.66228018982569e-06,0.0004781429286798752,4.72907682628049e-07,0.0005030273641478739,0.0004320060528220891,5.176304642644846e-05,2.4568860849655416e-08,0.000523859730351738,6.558242117779547e-09,1.3125589566999952e-05,0.018034994708545853,6.849797830420316e-07,1.8834473730156674e-10,0.9588951623675378,0.0005065468742930083,0.0012625137573990595,0.0006572892363707002,1.9965968514295133e-05,1.702372264331527e-06,5.228979588322033e-07,2.6780832139617456e-06,0.018391478741595014,2.3294469219452653e-10
56,0.00029956031348199035,7.027787360542142e-11,9.603967885925154e-06,0.0006676424776600448,5.213924612107521e-07,0.0005540349740175509,0.00036776638396612897,5.33532689984388e-05,2.6211098046745482e-08,0.0006893870657815484,8.152372941819617e-09,9.400283812414315e-06,0.018721297529107134,6.627063859515266e-07,2.2661606874238927e-10,0.9539408173843156,0.0006822949253656831,0.0012045285537153085,0.0010916498109505176,2.0242332225958404e-05,2.0472523392639468e-06,7.108561256640227e-07,3.0577892053184402e-06,0.021681385782312976,2.89520742086967e-10
57,0.00022396803113784603,5.2955956238517506e-11,1.1721115461671149e-05,0.0004999273771365328,5.26705702538233e-07,0.0004958397687182019,0.00036623720440636607,5.010633361878304e-05,2.2775138531695215e-08,0.0006592360541890131,6.423884748404333e-09,1.025012331618441e-05,0.019808340305778247,5.042202649025586e-07,1.7428251497022315e-10,0.9550027341613597,0.0006538559913803994,0.000889406381679071,0.0009508000671663446,2.0298534742365433e-05,2.0977126785445764e-06,6.546923841670063e-07,2.3719762607854424e-06,0.02035109359281736,2.2353929783231548e-10
58,0.0002984917535570725,7.187787262528857e-11,9.50093372531375e-06,0.0006181218027364265,5.14500528697365e-07,0.0005973506611861713,0.0003775447614906878,5.1905333324263534e-05,2.58154880237982e-08,0.0007148417403362828,7.119877018433512e-09,9.194344781925087e-06,0.018976216964913813,6.521749043491008e-07,2.2049939686564898e-10,0.9498744213014597,0.0007211388289961417,0.00120625272433376,0.0011799815203271495,1.9606305043847666e-05,2.100419932222671e-06,7.269881165726849e-07,3.1832288210719535e-06,0.02533822018791554,2.9582658611129496e-10
59,0.0002919459679967229,6.780996899154655e-11,9.975965381587031e-06,0.0006193539776416202,5.126729255851763e-07,0.0005544727426988059,0.000376589612666645,5.1369933640839474e-05,2.46488310056525e-08,0.000691425863266557,7.338938330606661e-09,9.160456427758326e-06,0.01923201659233759,6.459167106218042e-07,2.1344587705530606e-10,0.951010342998229,0.0007099280616126871,0.0011678272830604214,0.0011095618556708812,2.034787295388381e-05,2.12394777473992e-06,6.949140372615373e-07,3.1029423900327952e-06,0.024138567872256482,2.8129510537353094e-10
60,0.0002966567595089201,7.318966144732799e-11,9.40081017450842e-06,0.0006827175307334544,5.148817276647334e-07,0.0005631443817881644,0.0003679575428384295,5.1394326873471144e-05,2.6423467655081363e-08,0.0006608608945703169,8.049417232697342e-09,9.319417459511075e-06,0.01730110825087999,6.544451675743372e-07,2.294801614132268e-10,0.955896256301449,0.0006839932372642991,0.0011972463820127026,0.0010892831791100386,1.9206439110618786e-05,2.117563425661295e-06,7.449009296917655e-07,3.107433968686794e-06,0.021164280250430517,2.950219930669144e-10
61,0.0002953578967161738,7.11736846140825e-11,9.948997720554761e-06,0.0006151829994801506,5.270831078236032e-07,0.0005676804940398758,0.0003769976817337573,4.9998711933530085e-05,2.5821829270973453e-08,0.0006681105547355162,7.3356475207623e-09,9.180930325817645e-06,0.018052464162137884,6.486933302120935e-07,2.1912911898456624e-10,0.9529616114081608,0.0007067818051853941,0.0011526691165138628,0.0011364686768522206,1.910568054060249e-05,2.186344265660417e-06,7.193764407782407e-07,3.124730649469499e-06,0.023371200917200755,2.9114956189362904e-10
62,0.0002966567595089201,7.318966144732799e-11,9.40081017450842e-06,0.0006827175307334544,5.148817276647334e-07,0.0005631443817881644,0.0003679575428384295,5.1394326873471144e-05,2.6423467655081363e-08,0.0006608608945703169,8.049417232697342e-09,9.319417459511075e-06,0.01730110825087999,6.544451675743372e-07,2.294801614132268e-10,0.955896256301449,0.0006839932372642991,0.0011972463820127026,0.0010892831791100386,1.9206439110618786e-05,2.117563425661295e-06,7.449009296917655e-07,3.107433968686794e-06,0.021164280250430517,2.950219930669144e-10
63,0.0003090940282764767,9.097059125369546e-11,9.722115366370566e-06,0.0007200240336760394,5.529941120407635e-07,0.0006203503411797502,0.0003648717229095605,5.3025625708500097e-05,2.961423916630405e-08,0.0006723353654261887,8.590548029710215e-09,9.39717954595838e-06,0.01695638082074951,6.825502505056806e-07,2.5983443995608214e-10,0.9554717976909226,0.0007097316395851545,0.0012641442045258232,0.0012175184214722869,1.936819791492351e-05,2.2216756520470324e-06,8.355007109282728e-07,3.327396930752346e-06,0.02159457960148758,3.380047532995461e-10
64,0.0002606827247551726,6.959715602346529e-11,9.805693953323647e-06,0.0006109093499977571,5.110479920877979e-07,0.000545587770427964,0.0003568163103365699,4.3795367882585075e-05,2.3815647087887592e-08,0.0005729832805966301,7.373044488409539e-09,9.21288323247543e-06,0.015833741675310733,6.398894253637838e-07,2.2189490076588349e-10,0.9582488480957091,0.0006813129712601896,0.0011516620140425656,0.0010152897076466502,1.8411894392623548e-05,2.5354910733435793e-06,7.052604839650804e-07,3.2438704917870607e-06,0.020633272947600034,2.7320515104330366e-10
65,0.0003569170034065738,6.191592463000486e-11,1.0926655577355558e-05,0.0006544078129740498,5.373520980622564e-07,0.0004980942928318501,0.0003814117325344353,6.291794463421744e-05,2.92263145888949e-08,0.0008065626698281334,8.65795965751033e-09,9.468077907639966e-06,0.020128150533619653,5.92192531350546e-07,2.109946469182675e-10,0.9541997441945544,0.0006690135367044028,0.0009807681765337988,0.001153457802706793,1.8212221102285573e-05,1.7451652099753287e-06,7.198243842096055e-07,2.461922610156157e-06,0.02006385247064012,2.6042568696416565e-10
66,0.00030438470445080416,4.0245017386268797e-10,5.552178642798424e-06,0.001526373345075588,3.718952544168622e-07,0.0011429014020921911,0.0003695216409578053,8.536314833852991e-05,5.417574216410715e-08,0.0005243110524348627,1.4570930291126823e-08,1.68987864989078e-05,0.006343530163262803,1.2016839051815857e-06,1.158716991651619e-09,0.9658039520231452,0.000744905479464555,0.002417108324278379,0.0013496198168108167,1.3626067424226377e-05,3.7268899366290738e-06,2.98371671923687e-06,6.1641755940969145e-06,0.0193374322403224,9.57550542136474e-10
67,0.00034363686168461003,6.789254190771793e-11,1.0126480975901618e-05,0.0006730878912603643,5.54287764771675e-07,0.0005252985522312129,0.00037259778744450886,6.042630463536395e-05,3.03944215266461e-08,0.0007595985304640418,8.70927824946851e-09,9.608954647516495e-06,0.01903829902277531,6.328597011976683e-07,2.3069864606569434e-10,0.9552336890342572,0.0006478516536688238,0.0010896887258224149,0.0011199708524498781,1.8493703426993622e-05,1.889727247639526e-06,7.198722512227868e-07,2.771053025225154e-06,0.02009101816300809,2.7896665812440067e-10
68,0.00015740302845995154,6.223208044643214e-11,8.567568288255854e-06,0.0005767291381862991,3.878948382092538e-07,0.0007088129452751916,0.00041022209311084777,5.902835895924074e-05,2.1395561518919466e-08,0.0005701586155150549,6.130479000216595e-09,1.420964090955022e-05,0.016150784194146974,4.882201339245434e-07,2.507572662897364e-10,0.9575708892902052,0.0005828487333045417,0.001196518984647171,0.0006689159314555854,2.102424846182944e-05,2.968391614179223e-06,8.463653029592361e-07,3.010140761396319e-06,0.021296158141868745,2.3552520820831053e-10
69,0.00028842005209742333,5.7057397975062726e-11,9.508314070365912e-06,0.00041841050550494755,4.3492730885567805e-07,0.0005511424571735555,0.0003808362680271738,4.11751890347381e-05,2.055341257936171e-08,0.0005710190140032693,3.797887701971127e-09,7.807045350351663e-06,0.015231466374187841,5.501021357204163e-07,1.4586446141916673e-10,0.950922498834888,0.000621440285907317,0.0007319362884608023,0.00126803313772496,1.1028506518314533e-05,1.7886762107511859e-06,6.178633004710636e-07,2.195579210835471e-06,0.028939665788647626,2.3601460505875793e-10
70,0.00016261072277228507,4.4743823247095304e-11,8.255247959802323e-06,0.0007807615650668268,3.6741040523553384e-07,0.00042462682887676865,0.0002620434574207503,4.05275188260902e-05,1.839490715898821e-08,0.0004902951540351032,7.642373040247285e-09,7.372579665141915e-06,0.014500123200062729,3.8218521726687194e-07,1.5106316187746743e-10,0.9712457263073414,0.0003267955791113054,0.0008516670384323604,0.0005888555076557987,1.8371919752688176e-05,1.4588568305497096e-06,4.733168840034661e-07,1.970654971559056e-06,0.010287288573380408,1.4224483651702846e-10
71,0.0002725696622176449,1.1391929913276122e-10,9.571110320076457e-06,0.000813423363674028,5.043676821448679e-07,0.0005836168355107862,0.00025030116817768204,4.409078879327524e-05,2.557406247550314e-08,0.000495051767116696,9.159104159176937e-09,9.0030797179243e-06,0.013178864797574378,6.931681793653341e-07,2.930335766930142e-10,0.9649078823281125,0.0005990000519483773,0.0013768247129784545,0.0012372318199140714,1.721382791978721e-05,2.6055554436084025e-06,8.668727607139766e-07,3.282005121572594e-06,0.016197367277793424,2.989240909147586e-10
