,0,1,2,3,4,5,6,7,8,9,10,11,12,13,14,15,16,17,18,19,20,21,22,23,24
0,2.800740422937452e-05,4.0530142561435315e-06,7.069637940429869e-07,2.389989240209196e-05,1.9306983684342853e-08,0.00015099805917607702,0.00617334364760402,3.3151087483536026e-06,1.4700182076679543e-08,0.001762496391978369,1.4617907290214589e-07,2.386593329352713e-06,7.988450607723328e-07,1.899172041068349e-05,6.579072277962325e-08,0.9748018440146811,4.4731610675559074e-09,1.950480954534806e-05,1.852570139652783e-06,0.016519212566201723,1.4159486945847474e-06,3.166264983932612e-05,0.0004531819307570825,2.74398167890138e-07,1.8030208614990292e-06
1,1.8108002539995165e-05,1.95242339700419e-06,6.767728391689751e-07,1.0978544762551484e-05,1.4166500508893952e-08,0.00015295879660374867,0.004835170832697391,2.3589024177319412e-06,1.7192551902570204e-08,0.0011100853675545688,1.219317689118036e-07,1.7746749379245485e-06,6.060425143895114e-07,1.0670069324204923e-05,5.300374935507438e-08,0.9774881014615356,2.1621925370424406e-09,9.016278577142745e-06,1.5111093806374232e-06,0.016119830798150388,6.96417517763527e-07,1.9746158733558382e-05,0.0002146018522876193,1.5550726256113962e-07,7.915302030574654e-07
2,2.1440317685998376e-05,2.384010944181903e-06,6.336559157025439e-07,1.2132619111124273e-05,1.4710715444632777e-08,0.00015767401505803745,0.004896543212931666,2.2502913879392097e-06,1.3722558574871447e-08,0.0010290141715977293,1.2812458624983983e-07,1.994405976804292e-06,7.660458203091641e-07,1.2592879824689989e-05,5.827054494703069e-08,0.9760645632921232,2.8539386699291134e-09,1.0827685540822863e-05,1.3325581364911916e-06,0.017445411024430507,6.539278599231619e-07,2.3913475880663126e-05,0.0003146449270924732,1.771707494209341e-07,8.32629588365202e-07
3,2.5844874328168278e-05,2.737198933666107e-06,8.219774405429028e-07,1.6121278636250978e-05,1.8424069502667413e-08,0.00017934371541161612,0.005989563638135205,2.8943564352775856e-06,1.6663945510260114e-08,0.0012417013185399347,1.7100384662333606e-07,2.580865295951345e-06,9.096006234933193e-07,1.4405521863454006e-05,5.8514380159866476e-08,0.9719804574594881,3.3119118512307266e-09,1.5578225569916477e-05,1.517478169818758e-06,0.02016871230133111,8.563876853289793e-07,2.56358026887313e-05,0.00032879688760605887,2.351344053158126e-07,1.0180592585132967e-06
4,2.6403750498573167e-05,3.032888242285645e-06,9.173930463834834e-07,1.7475023418057503e-05,2.1624274385164622e-08,0.00019090606188009972,0.006457902523983956,2.9720034453515184e-06,1.825164875744563e-08,0.001265187515464364,1.8641729255962701e-07,2.8386771145249735e-06,1.116620523554834e-06,1.7184697846527855e-05,6.354820155606402e-08,0.9703560567127916,3.3980881458164046e-09,1.5728136803182307e-05,1.6457520651575223e-06,0.02126666518262088,8.497689255881882e-07,2.6759223509144524e-05,0.00034477401344297915,2.482055243601092e-07,1.042609347942917e-06
5,2.669124485338154e-05,3.2050912053004106e-06,8.608506671552063e-07,2.0835526762060352e-05,2.0956619148343704e-08,0.000190296014037226,0.006584730579095465,3.455706579921668e-06,1.6719632116973694e-08,0.0014440422841244314,2.0008932015150048e-07,2.7736999260216834e-06,1.0621099277150469e-06,1.554054980232634e-05,5.849752002265391e-08,0.9675822078851088,3.878015405397504e-09,2.0293539647159912e-05,1.560276883785713e-06,0.02367901263957687,1.0094019769704586e-06,2.7949494910862566e-05,0.0003927735492771827,2.8696585822838654e-07,1.112448672444742e-06
6,2.5844874328168278e-05,2.737198933666107e-06,8.219774405429028e-07,1.6121278636250978e-05,1.8424069502667413e-08,0.00017934371541161612,0.005989563638135205,2.8943564352775856e-06,1.6663945510260114e-08,0.0012417013185399347,1.7100384662333606e-07,2.580865295951345e-06,9.096006234933193e-07,1.4405521863454006e-05,5.8514380159866476e-08,0.9719804574594881,3.3119118512307266e-09,1.5578225569916477e-05,1.517478169818758e-06,0.02016871230133111,8.563876853289793e-07,2.56358026887313e-05,0.00032879688760605887,2.351344053158126e-07,1.0180592585132967e-06
7,4.703334103034037e-05,6.431631712072436e-06,1.7900536538850932e-06,3.154073642207119e-05,2.8405023329180385e-08,0.00020953196227216613,0.013349602156669723,5.710769373737121e-06,3.504046092275679e-08,0.0018626685499744957,3.528891102371718e-07,4.324341588392411e-06,3.158271221535153e-06,2.219746182382016e-05,8.052032371892998e-08,0.9380655795318714,5.9440408924609104e-09,3.0913417846290636e-05,2.1713038807281556e-06,0.04591093635127682,9.136555750609117e-07,3.7491499928550804e-05,0.00040524885686944013,6.273632097477661e-07,1.6259448408011945e-06
8,2.3299492295620507e-05,1.579942112098037e-06,4.1990477268671666e-07,6.1182781548184054e-06,1.96777076419427e-08,0.0009148501311320028,0.004127367444913278,1.2947327670998104e-06,1.8363732610069358e-08,0.0008047974270609185,6.641571634472635e-07,4.577798287588953e-06,6.495288591287003e-07,1.110455937186937e-05,6.404849127855009e-08,0.9764682000371285,2.5242416370507746e-09,4.098029796468604e-05,1.7130153169150785e-06,0.017276329933798643,1.076002611607732e-06,4.4139730020784504e-05,0.0002703626631644859,8.531409657691726e-08,2.849948342493239e-07
9,1.5726856891523695e-05,7.310013995004445e-07,1.404711019532211e-07,2.781324728090604e-06,1.1872504380569996e-08,0.0006083971205351337,0.0015341748578634894,4.5893428863222104e-07,5.8057714345189616e-09,0.00047952006237223947,1.886276356392333e-07,2.408289509760415e-06,1.4475273362271772e-07,9.341640754817873e-06,5.630109300733296e-08,0.9931305258896682,1.362953118065831e-09,1.7070880612413133e-05,1.0881124157664785e-06,0.003899958696725351,9.83658187332584e-07,3.3816628298438636e-05,0.00026219886817042243,2.8587705631221667e-08,2.3939607998277946e-07
10,2.5844874328168278e-05,2.737198933666107e-06,8.219774405429028e-07,1.6121278636250978e-05,1.8424069502667413e-08,0.00017934371541161612,0.005989563638135205,2.8943564352775856e-06,1.6663945510260114e-08,0.0012417013185399347,1.7100384662333606e-07,2.580865295951345e-06,9.096006234933193e-07,1.4405521863454006e-05,5.8514380159866476e-08,0.9719804574594881,3.3119118512307266e-09,1.5578225569916477e-05,1.517478169818758e-06,0.02016871230133111,8.563876853289793e-07,2.56358026887313e-05,0.00032879688760605887,2.351344053158126e-07,1.0180592585132967e-06
11,2.7168982763868225e-05,3.009195186469118e-06,8.778385404897811e-07,1.7378210224262293e-05,1.9736936765822647e-08,0.00018431836445795448,0.006412472506162053,3.0900170222834644e-06,1.7753315949983934e-08,0.0012902859868141035,1.852575611115412e-07,2.75536552434028e-06,1.0567994682641057e-06,1.543341168337621e-05,6.120705238081164e-08,0.9697939281641444,3.5727526175749916e-09,1.6652121787568466e-05,1.5857933013439575e-06,0.021854042275206827,8.644525580236983e-07,2.7021569831333812e-05,0.0003464603901529056,2.5728391513719964e-07,1.0537436361486624e-06
12,2.4755746282005136e-05,2.7723718175081025e-06,7.223995039753627e-07,1.605393179091564e-05,1.965357698870713e-08,0.00019408117345097578,0.005443155744404842,2.56812499434413e-06,1.3453433459990327e-08,0.001198961338531269,1.7147282239147433e-07,2.7305222463234835e-06,9.131366350692889e-07,1.60537619416923e-05,5.60659017567036e-08,0.9735761128679684,3.3550769043666097e-09,1.682485154487234e-05,1.4263845187274533e-06,0.01909092831856877,8.591013598804666e-07,2.7697679875466752e-05,0.00038196943343429417,2.1345449548677053e-07,9.356558235551559e-07
13,2.667812843966785e-05,2.7209445279350663e-06,8.575235040155994e-07,1.6255362147134054e-05,1.9107077296723283e-08,0.00018201046315010277,0.005994802071199114,2.893505179830067e-06,1.680795127297689e-08,0.0012040552921306845,1.774865030848049e-07,2.7977671783823772e-06,9.368553424628776e-07,1.534677044038207e-05,5.896773267593284e-08,0.9718726926319666,3.3895260570283315e-09,1.5787664887918414e-05,1.553333323081911e-06,0.02030285309317135,8.71573898141766e-07,2.6290796759101906e-05,0.00032906895725339684,2.3035731327830758e-07,1.021149396966386e-06
14,3.798986993426873e-05,1.3313302673036781e-06,1.0363779220950198e-06,1.1403309865801523e-05,1.3453431951184851e-08,0.00014470791295254402,0.00498576740406145,2.1876804545753737e-06,1.3705200297591876e-08,0.0005705729840379145,1.5087162286232132e-07,3.6021694061506874e-06,4.931683212703016e-07,1.4599965031990718e-05,5.253686831578085e-08,0.9793132368348838,3.3044253204710146e-09,1.1219870357053468e-05,1.2668377130424916e-06,0.014583693596257287,7.994225151885755e-07,2.080257011445317e-05,0.0002938956803128585,1.5157822008204098e-07,1.00756582212561e-06
15,2.5844874328168278e-05,2.737198933666107e-06,8.219774405429028e-07,1.6121278636250978e-05,1.8424069502667413e-08,0.00017934371541161612,0.005989563638135205,2.8943564352775856e-06,1.6663945510260114e-08,0.0012417013185399347,1.7100384662333606e-07,2.580865295951345e-06,9.096006234933193e-07,1.4405521863454006e-05,5.8514380159866476e-08,0.9719804574594881,3.3119118512307266e-09,1.5578225569916477e-05,1.517478169818758e-06,0.02016871230133111,8.563876853289793e-07,2.56358026887313e-05,0.00032879688760605887,2.351344053158126e-07,1.0180592585132967e-06
16,2.4770838199855686e-05,2.8343033952181896e-06,7.293691139125328e-07,1.7196755847360086e-05,1.7814134535775695e-08,0.00017346273775449832,0.005769276246005392,2.9890577612405958e-06,1.543512507096649e-08,0.0013799817289749518,1.6371838884553435e-07,2.474624300993171e-06,8.290002252840979e-07,1.4238241673648707e-05,5.558121530681982e-08,0.9728832521024874,3.3466652206742004e-09,1.6661842303564806e-05,1.5688078301659235e-06,0.019349612318776372,9.787667098737036e-07,2.6300210343364622e-05,0.0003312915859878019,2.2721748178428955e-07,1.0683492982350437e-06
17,2.7547966043774556e-05,2.9615277258367136e-06,8.761395106780199e-07,1.8126575885254e-05,1.9918528523149554e-08,0.0001841181118216201,0.0063846075210886736,3.0197557930483e-06,1.6545842072326764e-08,0.0012549079373449135,1.84869971448986e-07,2.855216009250304e-06,1.0180999254780454e-06,1.6532406319903694e-05,5.897104650883703e-08,0.9701731886102289,3.537237507913076e-09,1.7266809696203e-05,1.5585682701175723e-06,0.021516849318651946,9.00879381123406e-07,2.7109378516258177e-05,0.0003649454655317234,2.484739972690234e-07,1.0773956318002011e-06
18,2.708523628409503e-05,2.858495641241729e-06,8.340648491866905e-07,1.650778624838548e-05,1.8480936997416333e-08,0.00017834206935407094,0.006117104079627097,2.9650428905910117e-06,1.6785764563746242e-08,0.0012712601444970454,1.728342502344001e-07,2.655270984070366e-06,9.339264078273811e-07,1.4630115363002156e-05,5.915656212369614e-08,0.9715888989119834,3.4873980442849086e-09,1.6340613773522945e-05,1.536070494044141e-06,0.020393097787617557,8.763065129756428e-07,2.665254767993886e-05,0.0003358420236498098,2.45548810045161e-07,1.0632124199878525e-06
19,2.606880429077905e-05,3.2406456001496684e-06,1.2741002389109657e-06,2.142361271186223e-05,2.8214082627069992e-08,0.00019030654501368794,0.0070545199485967025,3.6826465051250137e-06,2.2165541194501867e-08,0.001404140099798005,2.0363507098081902e-07,3.693159607604763e-06,1.4815954994939617e-06,2.088711234800125e-05,6.388273650113771e-08,0.9650150349474145,3.685575014096097e-09,1.6313513521065624e-05,1.8422825597502656e-06,0.025878891062558564,8.87793366782794e-07,2.848418865135595e-05,0.0003260992457628882,2.831420752439154e-07,1.1239708730557543e-06
20,2.5091457771187274e-05,3.3349732319500244e-06,8.951558235703714e-07,1.8461650616138698e-05,2.277438796177371e-08,0.0001664256346320341,0.005953319384078863,3.7513561967723303e-06,1.8348171204377554e-08,0.001518838675424726,1.5842477391713897e-07,2.7869777091144724e-06,1.0978136106518602e-06,1.672413427944762e-05,6.419206789048083e-08,0.9702593924701868,4.25191074485352e-09,1.6838744295818e-05,1.7900337865019053e-06,0.021626507359103566,9.493266224006871e-07,3.4812529828826725e-05,0.0003473578328968764,2.761049934594264e-07,1.0803935996578397e-06
21,2.6522581678430955e-05,3.026031308448302e-06,8.706304703980108e-07,1.695675357207485e-05,1.940177347085121e-08,0.00018323993727945267,0.006220411722136123,3.3255400902914587e-06,1.9140581864723486e-08,0.0013890135469182034,1.763371635608716e-07,2.4611425113866068e-06,9.02993294556566e-07,1.4229165906209137e-05,6.475607304560443e-08,0.971034299217865,3.732395006137367e-09,1.7007997736009478e-05,1.6448469449509155e-06,0.02071835529155919,9.51609922981986e-07,2.9101766779750264e-05,0.00033600331203535917,2.686548040122739e-07,1.1238892001269761e-06
22,2.584161725134072e-05,2.2011032668306854e-06,7.518195789730725e-07,1.5305891463786088e-05,1.755905613666399e-08,0.00018411290418209473,0.005201521740242017,2.8236156861743515e-06,1.3749218350678394e-08,0.001059793683581204,1.8665424278643338e-07,2.829534848534683e-06,7.231847025856281e-07,1.3574378588432355e-05,5.0041590370147284e-08,0.9731035395411939,3.433558541942053e-09,1.7158874838356784e-05,1.4663268687901586e-06,0.020021612599615487,9.63203195998263e-07,2.5995589299242275e-05,0.00031846962876017846,1.9504694418795954e-07,8.482782257670462e-07
23,2.5844874328168278e-05,2.737198933666107e-06,8.219774405429028e-07,1.6121278636250978e-05,1.8424069502667413e-08,0.00017934371541161612,0.005989563638135205,2.8943564352775856e-06,1.6663945510260114e-08,0.0012417013185399347,1.7100384662333606e-07,2.580865295951345e-06,9.096006234933193e-07,1.4405521863454006e-05,5.8514380159866476e-08,0.9719804574594881,3.3119118512307266e-09,1.5578225569916477e-05,1.517478169818758e-06,0.02016871230133111,8.563876853289793e-07,2.56358026887313e-05,0.00032879688760605887,2.351344053158126e-07,1.0180592585132967e-06
24,2.7427887144968605e-05,1.2248941590696566e-06,5.773688549599267e-07,4.7079237576034914e-06,8.146672492153302e-09,0.00013147258304432565,0.003561806527738779,1.6985699944800423e-06,1.5166475615323942e-08,0.0007089934550021576,9.280437266299172e-08,1.5791285322040536e-06,3.084535996180681e-07,4.81511886120069e-06,6.120765978754573e-08,0.986036382282034,2.8063830884907117e-09,7.432317727085061e-06,9.483313113644708e-07,0.009311927688510168,5.530312129124896e-07,1.847448524958256e-05,0.00017857598013232309,1.7524954929630625e-07,7.385920202964024e-07
25,3.359277678915544e-05,3.215103586363316e-06,1.3605886779572496e-06,3.0190978203308405e-05,2.504259709412111e-08,0.00016329084497069995,0.008480447750496755,5.908504641089299e-06,2.1550638349166694e-08,0.001436250333490672,2.753106162296454e-07,4.338203263736952e-06,1.5707625657863442e-06,1.866630020749779e-05,5.1606322788767174e-08,0.9524677536009999,5.265014512993104e-09,2.4336821511832338e-05,2.029513488093289e-06,0.03692408323151782,1.1307791364165356e-06,2.9967340908111947e-05,0.00036997549130307725,3.5525583807258115e-07,1.157043214735489e-06
26,4.796110185023259e-05,4.241625110479112e-06,1.4060744486914015e-06,2.321585048702667e-05,2.1822961381700856e-08,0.00018009241510514527,0.00909061010394724,5.038086715643948e-06,2.6301803883828525e-08,0.0015490305458748872,2.532021125892284e-07,3.455058053836891e-06,1.4812162272530399e-06,1.3858134395469881e-05,7.490244766123455e-08,0.9583850950806765,6.4786656772179824e-09,2.7511037078262815e-05,1.6992884630660802e-06,0.030231961975970792,1.0334192671741066e-06,3.3564428807674304e-05,0.00039617675446634,5.715392249392926e-07,1.6135558381071694e-06
27,2.4385835023064506e-05,2.446112427494085e-06,7.804798374334912e-07,1.228877710317679e-05,1.4223220119516794e-08,0.00016097856371662488,0.005486311832298296,2.806826231996914e-06,1.8799670810013816e-08,0.0011939544675502844,1.388674986467066e-07,2.0031852921925625e-06,7.060591599599347e-07,1.065870245357302e-05,6.196496538299577e-08,0.973912357176057,3.0759121590586892e-09,1.2461437040096014e-05,1.4204962048452463e-06,0.018884919546799484,7.507296249992581e-07,2.5366756655621145e-05,0.0002639586803159537,2.212035778653463e-07,9.862013629369794e-07
28,2.5844874328168278e-05,2.737198933666107e-06,8.219774405429028e-07,1.6121278636250978e-05,1.8424069502667413e-08,0.00017934371541161612,0.005989563638135205,2.8943564352775856e-06,1.6663945510260114e-08,0.0012417013185399347,1.7100384662333606e-07,2.580865295951345e-06,9.096006234933193e-07,1.4405521863454006e-05,5.8514380159866476e-08,0.9719804574594881,3.3119118512307266e-09,1.5578225569916477e-05,1.517478169818758e-06,0.02016871230133111,8.563876853289793e-07,2.56358026887313e-05,0.00032879688760605887,2.351344053158126e-07,1.0180592585132967e-06
29,2.5844874328168278e-05,2.737198933666107e-06,8.219774405429028e-07,1.6121278636250978e-05,1.8424069502667413e-08,0.00017934371541161612,0.005989563638135205,2.8943564352775856e-06,1.6663945510260114e-08,0.0012417013185399347,1.7100384662333606e-07,2.580865295951345e-06,9.096006234933193e-07,1.4405521863454006e-05,5.8514380159866476e-08,0.9719804574594881,3.3119118512307266e-09,1.5578225569916477e-05,1.517478169818758e-06,0.02016871230133111,8.563876853289793e-07,2.56358026887313e-05,0.00032879688760605887,2.351344053158126e-07,1.0180592585132967e-06
30,2.5844874328168278e-05,2.737198933666107e-06,8.219774405429028e-07,1.6121278636250978e-05,1.8424069502667413e-08,0.00017934371541161612,0.005989563638135205,2.8943564352775856e-06,1.6663945510260114e-08,0.0012417013185399347,1.7100384662333606e-07,2.580865295951345e-06,9.096006234933193e-07,1.4405521863454006e-05,5.8514380159866476e-08,0.9719804574594881,3.3119118512307266e-09,1.5578225569916477e-05,1.517478169818758e-06,0.02016871230133111,8.563876853289793e-07,2.56358026887313e-05,0.00032879688760605887,2.351344053158126e-07,1.0180592585132967e-06
31,3.6667163167705455e-05,4.463768160451716e-06,1.388678131974977e-06,2.6045394573913465e-05,2.6418501689207525e-08,0.00015776039383868102,0.008024530321473412,5.187950907878832e-06,2.3218658979871782e-08,0.001663301187198525,2.0258351275378226e-07,3.5895335161866773e-06,1.682630845318929e-06,1.8443921651016745e-05,6.30580075500453e-08,0.9585504599865984,5.385845144160779e-09,2.2374632392769644e-05,1.9312377526864677e-06,0.03107653298635899,9.650081072938029e-07,3.31629424887427e-05,0.0003692350569955575,4.5550613648600235e-07,1.5010351779990143e-06
32,2.5270917591837474e-05,2.6383691937019086e-06,8.017830519686489e-07,1.5061788463933671e-05,1.798265175793957e-08,0.0001776355915260218,0.005726572707499133,2.840957014241551e-06,1.716853233320548e-08,0.0012215056101079888,1.644259650335759e-07,2.502131492991464e-06,8.520723156680203e-07,1.3997091660628613e-05,5.9355960703009394e-08,0.9732412341786915,3.2461684392301193e-09,1.4703846614615032e-05,1.5791994939316435e-06,0.019215223350662006,8.532931549228015e-07,2.5979342043937034e-05,0.0003092697395456426,2.201127211570156e-07,9.957378758736983e-07
33,2.0059996579979783e-05,6.818636080621267e-07,1.3617383646256343e-06,9.869230184575466e-06,6.159971221633227e-09,9.891851969759768e-05,0.0065196931238699525,2.4942432182583337e-06,4.1953623798528554e-08,0.0008665701609338061,1.1194389604849452e-07,1.157608776556058e-06,1.724820152939793e-07,3.6675880353224885e-06,6.24614874954127e-08,0.9814458121052854,1.2971168755571425e-09,4.134844205501482e-06,1.113302907491379e-06,0.010916706137057447,9.8896231085187e-07,4.482192333685345e-06,9.974679802408416e-05,1.851001246221906e-07,1.9601863718883954e-06
34,4.539276463520527e-05,2.9853713267568373e-06,1.2174429584869283e-06,1.0709090949017191e-05,1.5829492511941545e-08,0.00017207833846565916,0.0077971205604578965,3.058194650243963e-06,4.0806464773242286e-08,0.0011566266943134672,1.5991976560672797e-07,2.564864963518383e-06,9.551113613452354e-07,1.291116264955846e-05,9.430721447779505e-08,0.9747422168015248,3.2350916916184683e-09,1.1463557260719527e-05,2.3582791027540822e-06,0.01582191937607045,7.386862294846478e-07,2.55598048947309e-05,0.00018807565336624292,2.7622011647454853e-07,1.4579266739278585e-06
35,2.7909244594844416e-05,2.8922001290469595e-06,8.612464084985453e-07,1.6948039274013896e-05,1.852835194129758e-08,0.00017815688559195543,0.0062801449290437366,3.1322070720284367e-06,1.7716980841903113e-08,0.0013063633265811764,1.766312718775146e-07,2.682782839236445e-06,9.431509458321139e-07,1.4406887059390088e-05,5.965342330573674e-08,0.9708854450502912,3.5796446622353745e-09,1.679048123488575e-05,1.585055798673337e-06,0.0209015148082291,9.010296044860737e-07,2.679229038364146e-05,0.00033090240024991123,2.549982636746044e-07,1.0968767317879412e-06
36,2.5782519044501283e-05,2.7338583808891237e-06,8.189477141728786e-07,1.612050427608863e-05,1.8358838365549017e-08,0.0001800423590339678,0.005997102448190052,2.8870776209709704e-06,1.6619247760538698e-08,0.0012412213806609425,1.715628714742765e-07,2.5680338901258108e-06,9.059972504723054e-07,1.436492460934794e-05,5.8392812015865475e-08,0.9719312269198747,3.2962278738047183e-09,1.5637745979237356e-05,1.511012930887318e-06,0.020209658177452516,8.566378407187547e-07,2.5597296713720507e-05,0.0003294460982313543,2.348115474512575e-07,1.0150187604387075e-06
37,4.499362537863724e-05,2.9711873006998492e-06,1.0501494787973617e-06,1.7410970621605517e-05,1.850575675399101e-08,0.0001700888922316962,0.007305723793247823,2.966620955458688e-06,1.592331005443181e-08,0.0009979042902974176,2.034763462737285e-07,3.7849738669037037e-06,1.0905438137549569e-06,1.8717629019985483e-05,5.456296461927158e-08,0.9694088320909637,3.961421397479714e-09,1.9647764767640383e-05,1.6479388692867982e-06,0.02163511914935684,8.392330547710568e-07,2.7975604172567626e-05,0.0003374927809130104,2.632536603516953e-07,1.1830782297886902e-06
38,7.117130363693152e-05,0.00023540312686482487,0.00010068216270031592,0.0046918745256577694,1.033926418854477e-06,6.633892079494481e-05,0.028065019954239417,0.00040033575785875734,4.906684475039345e-07,0.037451784432544204,9.096610534545683e-07,4.268240185596332e-05,0.00018599466050320463,0.0003154624678099052,6.741632903844471e-08,0.2566372474242255,1.8040501539520951e-07,0.00033472321806827875,1.1433785500958127e-05,0.6705766090297542,8.948783786157843e-06,0.0001774277369869712,0.0005573765937125895,2.247294385852967e-05,4.4328692376327556e-05
39,7.006092379560607e-05,1.5607055413149206e-05,1.3669206233071072e-06,2.756546949702705e-05,2.5593272114028658e-08,0.00026848935282791625,0.01800294411706474,3.3837650512178146e-06,3.408101967525053e-08,0.0025329972945126364,2.941552496709819e-07,3.4106674314791144e-06,4.079009841043779e-06,3.4630560879942634e-05,1.3033245578540324e-07,0.9459588828530726,6.106137301851188e-09,4.2955076496830264e-05,2.1264069785567334e-06,0.032350413543290844,8.223240697436599e-07,6.503663903164721e-05,0.0006110972049322493,8.08953906929594e-07,2.831593148163289e-06
40,4.0906820016939725e-05,2.8087234160557997e-06,9.675655667116236e-07,1.390853637553771e-05,2.105148225894478e-08,0.00019416505435025316,0.005856575138059715,2.140759549427768e-06,1.5239508652209988e-08,0.0008602067059949395,1.7726886988851527e-07,3.85208984739297e-06,8.529893179704858e-07,2.5282184243760523e-05,6.870365834732476e-08,0.978056289779212,3.6278280263120905e-09,1.6094268632708755e-05,1.7919377884033143e-06,0.014540435597849708,9.04689876256292e-07,3.275148408629089e-05,0.00034835639951667297,1.8501910138171465e-07,1.2383658506361726e-06
41,6.221803518115788e-05,5.669505560586703e-06,6.983978208144758e-07,3.208886531948737e-05,1.9247656760243967e-08,0.00027400093696239476,0.009536775361668559,4.74573312234344e-06,1.1578529084939284e-08,0.0018581397074777012,4.603392510728031e-07,6.587521689023372e-06,1.8704885802908482e-06,1.8929194289727293e-05,4.509328127743288e-08,0.947380291452675,1.0493370864907805e-08,9.64637803542708e-05,1.6946961289524966e-06,0.039827712294961085,1.5832677207237729e-06,6.801584371399884e-05,0.0008202810301690836,4.413410960537662e-07,1.245793419601283e-06
42,0.00017804505172950173,3.0179274755584502e-05,6.666863726227322e-06,0.00012685513926612719,1.3080205510444927e-07,0.001046434516376958,0.0425382778491635,4.2174008693521075e-06,8.327698044259137e-08,0.0032012500372494406,2.032803276219512e-06,2.003631510753207e-05,2.554144696813458e-05,0.0001467016493786917,1.8496942910633277e-07,0.887034560067688,9.891428503567756e-09,0.000142025168800899,2.3953028461573835e-06,0.06407387473833578,1.5885124063361938e-06,4.06479040916427e-05,0.0013701369305865753,1.9802460664302086e-06,6.143841417876162e-06
43,1.1046085047208985e-05,1.603123406412854e-06,3.362057493296445e-07,9.698778451926325e-06,1.3413919547164273e-08,0.00016771992863527923,0.0030457698996192964,2.057658996860816e-06,1.0270285750293526e-08,0.0013589145196807972,9.896783760558725e-08,1.2091300937039562e-06,3.5637659475635267e-07,7.161290524086421e-06,4.7834230756588864e-08,0.9836944877540807,2.1249752009883174e-09,9.704233668084077e-06,1.1682588427016756e-06,0.01141141565891594,9.010217008619665e-07,2.0304283538008516e-05,0.00025526081904593144,1.2936741484299084e-07,5.829947442467422e-07
44,2.5844874328168278e-05,2.737198933666107e-06,8.219774405429028e-07,1.6121278636250978e-05,1.8424069502667413e-08,0.00017934371541161612,0.005989563638135205,2.8943564352775856e-06,1.6663945510260114e-08,0.0012417013185399347,1.7100384662333606e-07,2.580865295951345e-06,9.096006234933193e-07,1.4405521863454006e-05,5.8514380159866476e-08,0.9719804574594881,3.3119118512307266e-09,1.5578225569916477e-05,1.517478169818758e-06,0.02016871230133111,8.563876853289793e-07,2.56358026887313e-05,0.00032879688760605887,2.351344053158126e-07,1.0180592585132967e-06
45,2.547499908845551e-05,2.627078387416567e-06,9.082966203570995e-07,1.4712513655736137e-05,1.9127328731949547e-08,0.0001723582704227634,0.006400360349370326,3.0085010157377022e-06,1.9273564170604818e-08,0.0011837686747275288,1.6714548725770165e-07,2.4742848838110977e-06,1.0386456644971714e-06,1.3657208489095632e-05,6.273855546594519e-08,0.9713908390943866,3.172203682766177e-09,1.3088491546082467e-05,1.5425495167550567e-06,0.02045041847187186,7.133361751143806e-07,2.3984633223455143e-05,0.0002975849756855483,2.539458733844635e-07,9.142222563281069e-07
46,1.903659226746933e-05,2.1859576217875202e-06,6.588321265274826e-07,1.2193715241693702e-05,1.520050818551329e-08,0.00019718527890362638,0.005775610879543336,1.912194288113263e-06,1.49297336158006e-08,0.0010989377067228002,1.3989019950541474e-07,1.8294945509420679e-06,6.705119298127109e-07,1.413804941777577e-05,5.165622916103771e-08,0.9764274346631124,1.694635811333717e-09,1.1080846153111386e-05,1.3072899744869148e-06,0.01614348755959658,6.674033553491486e-07,1.9317066115058132e-05,0.0002711582721265237,1.5235676386836487e-07,8.119588823450856e-07
47,4.059468238052219e-06,2.8670761493865338e-05,1.5985992527776526e-05,0.0009371597550780539,1.7176210906496795e-06,0.001031425150468598,0.021317730517896805,2.220810475430231e-05,5.46984403503152e-07,0.02311057079382505,1.1480971814061717e-06,1.708332972414361e-06,2.4259344098202815e-05,0.00022377726125525726,2.1588796299925155e-07,0.8885625862215174,2.85053749166301e-09,1.5763569286507222e-05,6.789115284064249e-06,0.0637357677804325,3.751043358481205e-06,8.022461697139827e-06,0.0009403025600061955,1.82092896980009e-06,4.009395663417771e-06
48,2.925312332274439e-05,4.492125575416145e-06,6.864432402525784e-07,1.9646669207340955e-05,2.30361526633675e-08,0.00013455920597372806,0.005905849116595149,4.714563877649352e-06,1.813966168046035e-08,0.0019349137444492897,1.3872246011485446e-07,2.4352355270172543e-06,1.2904447013036431e-06,1.4799832753542295e-05,7.037522033174462e-08,0.9730774048242028,6.364855070631778e-09,1.7316704572071776e-05,2.450124986998567e-06,0.018412404150891796,9.846046685275758e-07,3.914438427833636e-05,0.0003958059920762438,3.5358355342863074e-07,1.2384871964869385e-06
49,2.4156939908349445e-05,2.271427898605935e-06,8.731604836366598e-07,1.5300131291144043e-05,1.935856252397966e-08,0.0002151318964250497,0.005440534376139448,2.573074972114033e-06,1.5102412226277663e-08,0.0010376559591773423,2.0090658644781663e-07,3.3377643476921343e-06,8.960904223729238e-07,1.6195752805285618e-05,5.2897217285359484e-08,0.9701148622648655,3.080271900389689e-09,1.6867003979550772e-05,1.3593572551742714e-06,0.02274810942236951,8.512430735122893e-07,2.7445751669428786e-05,0.0003302740427265087,1.830596040246981e-07,8.299355353945263e-07
50,5.344058719871059e-05,3.2859114933926254e-06,1.4997116527522696e-06,3.0198490804200448e-05,3.2215643512197816e-08,0.00031591674817156394,0.006246323551904631,4.102302647902903e-06,1.7394716871626622e-08,0.0010334751616150385,5.122575632695817e-07,8.31251337014141e-06,1.4716406504870193e-06,2.0137710334424728e-05,7.72909760587334e-08,0.9571426434147433,9.661099844748117e-09,5.161913082269787e-05,1.2922978905507307e-06,0.034339208802689265,1.7642405295319902e-06,3.761367958772928e-05,0.0007051100992765288,4.4436848585418594e-07,1.4908161319100687e-06
51,3.844199922590145e-05,4.837772781517225e-06,1.2377359577399226e-06,4.140945707244588e-05,3.013024006811211e-08,0.0002228378999887327,0.010734256009283774,5.607949758784719e-06,2.148745719425099e-08,0.002076376020429662,2.9769350152591546e-07,4.57017411430494e-06,1.669969374545889e-06,3.0880705023398456e-05,5.775849149017787e-08,0.9536880886008651,4.885818776404024e-09,3.827178532707922e-05,2.405572178956504e-06,0.032565452625848146,1.6003206412397073e-06,4.059751923677114e-05,0.0004990079656307552,3.64021370821334e-07,1.6739403813340914e-06
52,3.096681943602589e-05,2.325488805463001e-06,2.7934096062407277e-06,2.9946564732864592e-05,4.921929860295621e-08,2.126391364250074e-05,0.004050194678457667,1.0816101927623193e-05,2.995567617679201e-08,0.0014772749940082498,3.9671785662936034e-08,4.675428562798367e-06,9.085050927593483e-07,2.782676307973665e-05,6.825659031407857e-08,0.9865028117380955,9.502623056342112e-09,2.8604715280411307e-06,6.745927987437638e-06,0.007661077716133297,1.4420146755408535e-06,1.7794662130157732e-05,0.00014392462512645776,3.691920837509876e-07,3.784378914272613e-06
53,2.6060558389952262e-05,2.7606990851426633e-06,8.314342420056907e-07,1.6335654833465706e-05,1.8942241248642372e-08,0.00017959445589188331,0.0059455024958916915,2.932278586399395e-06,1.6683405149660794e-08,0.0012514276397250503,1.7132472006269735e-07,2.651612766505609e-06,9.224215783415699e-07,1.4700925354428469e-05,5.869198253456675e-08,0.9720722676222253,3.3777597620707415e-09,1.5739346221173966e-05,1.540845030656041e-06,0.02010841701080599,8.698006801394794e-07,2.5979911974672303e-05,0.0003299311872041164,2.3665991622006915e-07,1.0284194882010335e-06
54,4.756900754189465e-05,3.849012770169271e-06,2.3467586550071966e-06,0.00010720186160188792,1.532891648963172e-07,0.0004285276966484235,0.007930696342589437,2.3886220110351984e-05,2.5548856656890204e-08,0.002080928502935794,1.5262895501196065e-06,1.4496169063247143e-05,3.8750063647505914e-06,2.4133523154961576e-05,6.756780096702049e-08,0.9165566462761361,3.0233821666134666e-08,0.0001603868825812618,3.374218028262253e-06,0.07134709272305957,4.064607457542331e-06,5.753901585147745e-05,0.0011993780762808443,1.276713005477534e-06,9.284569692303523e-07
55,6.178478981526011e-05,4.716722324351756e-06,1.7563501953248538e-06,2.4735189548805077e-05,2.121030879254994e-08,0.00021811881833650265,0.011421565354479201,4.7074343475165505e-06,3.3421999307531196e-08,0.001506308146143165,3.3924062549366076e-07,5.5723049130093075e-06,2.0965106235201022e-06,1.8351710569359043e-05,7.404681233074648e-08,0.9483401081761081,5.984280459086213e-09,3.349357976249826e-05,1.9360494749546886e-06,0.03796692805459846,1.0340309264372542e-06,3.559852049723403e-05,0.00034840197693884354,4.964770035915744e-07,1.8158993676118998e-06
56,2.739896946843496e-05,3.051913876496753e-06,9.021685788992113e-07,1.7323514576051403e-05,2.0266031395692074e-08,0.00018302995448349146,0.0063734654145107174,3.1445862835404776e-06,1.8358590336877127e-08,0.0012916679611085966,1.854477363218296e-07,2.782997327137358e-06,1.0826980658918026e-06,1.5480370663759215e-05,6.27998195003822e-08,0.9697811262602603,3.6776359126895694e-09,1.641293427807571e-05,1.6304965263446003e-06,0.021910767937008656,8.618524348135328e-07,2.7290666762729625e-05,0.0003409643309775112,2.62368588826823e-07,1.0620544062538758e-06
57,2.1230186166939447e-05,2.196482086079537e-06,8.946622923746575e-07,1.2905860016550577e-05,2.119908774862948e-08,0.00014681493372991716,0.004236607558841709,3.1118369426418777e-06,1.785709294937361e-08,0.0011940538593068505,1.322787050634095e-07,3.2798152825107593e-06,9.070496826110816e-07,1.358796409201139e-05,5.214471139977265e-08,0.9752805932556301,3.4930394533973685e-09,1.073238241333613e-05,1.876686325276661e-06,0.018829369663244725,7.87845542192988e-07,2.6904325783628548e-05,0.00021289967742775824,1.773760046843653e-07,8.416065516493287e-07
58,2.811092094083004e-05,3.1150930062112977e-06,8.990623503670779e-07,1.7673898053345323e-05,1.9918358381398444e-08,0.00017829619197920097,0.0064465074708144315,3.2893867047296433e-06,1.8237116844837925e-08,0.0013564972201953384,1.822591105643846e-07,2.678455473714939e-06,1.0342724455112196e-06,1.4564456447304129e-05,6.331843913548147e-08,0.9700695542716067,3.912383790369096e-09,1.7307306518335482e-05,1.5813156499811218e-06,0.021474907885312478,9.028727422189423e-07,2.7680321922156402e-05,0.00035369812240014856,2.895106573177844e-07,1.1243193707079317e-06
59,2.804553845476527e-05,2.9538248448025945e-06,9.727628614525562e-07,1.737471003927151e-05,1.9626754065356657e-08,0.00016942395495838392,0.0063813433739225486,3.4683410495617942e-06,1.893896123460627e-08,0.0013258369510914304,1.803710536288262e-07,2.6542415206987194e-06,9.95074146975445e-07,1.3530161976552226e-05,6.151446425323709e-08,0.9692955614594759,3.901060998226609e-09,1.678558138476332e-05,1.530653206667577e-06,0.02238323167206632,8.910254277403128e-07,2.6620269320864573e-05,0.00032708152418699894,3.030652421797896e-07,1.1114625281429206e-06
60,2.5844874328168278e-05,2.737198933666107e-06,8.219774405429028e-07,1.6121278636250978e-05,1.8424069502667413e-08,0.00017934371541161612,0.005989563638135205,2.8943564352775856e-06,1.6663945510260114e-08,0.0012417013185399347,1.7100384662333606e-07,2.580865295951345e-06,9.096006234933193e-07,1.4405521863454006e-05,5.8514380159866476e-08,0.9719804574594881,3.3119118512307266e-09,1.5578225569916477e-05,1.517478169818758e-06,0.02016871230133111,8.563876853289793e-07,2.56358026887313e-05,0.00032879688760605887,2.351344053158126e-07,1.0180592585132967e-06
61,2.739863951979213e-05,2.840478302130975e-06,9.789170859454447e-07,1.6630010974700707e-05,1.935317313265145e-08,0.00017412335324282948,0.006290021942102574,3.3099740107920453e-06,1.9190883497035402e-08,0.0012670350034203817,1.8258906884452544e-07,2.7314054046017592e-06,9.830063422059729e-07,1.3884572756099613e-05,6.10056034063977e-08,0.9693303386817493,3.6984744978517037e-09,1.623346552179012e-05,1.5428318364486348e-06,0.022508818602354427,8.685498618062147e-07,2.6726496033848722e-05,0.000313902008788563,2.7681830799126446e-07,1.0694051803720336e-06
62,2.5844874328168278e-05,2.737198933666107e-06,8.219774405429028e-07,1.6121278636250978e-05,1.8424069502667413e-08,0.00017934371541161612,0.005989563638135205,2.8943564352775856e-06,1.6663945510260114e-08,0.0012417013185399347,1.7100384662333606e-07,2.580865295951345e-06,9.096006234933193e-07,1.4405521863454006e-05,5.8514380159866476e-08,0.9719804574594881,3.3119118512307266e-09,1.5578225569916477e-05,1.517478169818758e-06,0.02016871230133111,8.563876853289793e-07,2.56358026887313e-05,0.00032879688760605887,2.351344053158126e-07,1.0180592585132967e-06
63,2.769486210502779e-05,3.0893606516189063e-06,8.586713384962458e-07,1.6870263542115837e-05,1.8961385175187474e-08,0.00018362671123399286,0.00639412643319962,3.0835566970129612e-06,1.818152151707443e-08,0.0013199270759120068,1.8179454400252335e-07,2.6065725939363926e-06,1.0054390501009057e-06,1.4715327387544768e-05,6.301717602892705e-08,0.9702879790867734,3.6177490047297657e-09,1.6927063033289887e-05,1.5904429453086627e-06,0.02135570812616624,8.789382947793327e-07,2.7723561904071787e-05,0.00033995097838990354,2.63709556045447e-07,1.0882468500479627e-06
64,2.5063838159387775e-05,2.533015333333183e-06,7.731302517817426e-07,1.6179835507403686e-05,1.8829198975046512e-08,0.00017931836052789,0.005442376735812908,2.965499879549472e-06,1.6147314617462593e-08,0.0012524482621444767,1.7450327603814145e-07,2.644137666114278e-06,7.85323362880607e-07,1.3848671404403186e-05,5.966627949170202e-08,0.97449775921534,3.5560861387818087e-09,1.607181455271128e-05,1.5588818159301872e-06,0.018187021603703647,1.0201541880580076e-06,2.5758011177648816e-05,0.00033034301482955054,2.2662618603366082e-07,1.0311660008217347e-06
65,4.349465144408994e-05,5.034812843873228e-06,1.3083786182733235e-06,2.0499542469963224e-05,1.8705336649129313e-08,0.00013689913631597484,0.010551151618441492,4.64302106781517e-06,3.0616780600327724e-08,0.0016346536310246343,1.7812107151767292e-07,2.3736290762946684e-06,1.6125657804664703e-06,1.5210914813323269e-05,8.391572795952437e-08,0.961179437126784,4.967919035844431e-09,1.689931994384204e-05,2.0071021613680438e-06,0.026021780285613777,7.808877320837236e-07,3.0388340526551965e-05,0.00032925463326891334,5.299753537275932e-07,1.7240998839658374e-06
66,6.853026481961449e-05,4.888099494994581e-06,9.562529187407675e-07,2.7067553296253934e-05,3.007259681832659e-08,0.00024445088848179324,0.006969596776096167,3.157706117647017e-06,1.2509287290337371e-08,0.001333501380222418,2.724179060124904e-07,4.108917346437073e-06,9.000287313061967e-07,2.4558640434887164e-05,1.0976669437219674e-07,0.9773652892825733,9.818299482436434e-09,4.722984490635662e-05,1.3199951003648203e-06,0.012836793651603702,2.0733224861205067e-06,4.2715430173808094e-05,0.0010192377275445115,6.151970296466088e-07,2.5744558379263337e-06
67,3.485619701009273e-05,3.712180609385217e-06,9.482865800206719e-07,1.8769809367754495e-05,2.2152790523728474e-08,0.00016108268301572801,0.006963161994002649,4.2806623922906165e-06,2.2588533848984953e-08,0.0017315440441909933,1.6836454530203737e-07,2.8371848785222535e-06,1.1121451127238727e-06,1.4603935055550838e-05,6.979656451601441e-08,0.9716769902176602,4.7786611373667125e-09,1.888795087495706e-05,2.09776724045568e-06,0.019022095124623304,1.066217066611282e-06,3.2239959649800666e-05,0.000307692267839201,3.638880529509868e-07,1.3698036816664706e-06
68,2.2762702249071492e-05,2.7964844787186296e-06,1.0930455168255936e-06,1.650523774136688e-05,2.831845341439455e-08,0.00012094563439886648,0.006189730583585474,3.284941883190205e-06,2.10962508236105e-08,0.0012910405851850747,1.067282157688227e-07,2.3893808976693055e-06,1.137508178961315e-06,2.2030295046075195e-05,6.459829615717523e-08,0.977989384260724,2.664616351216567e-09,7.3096002620389785e-06,2.374994461771078e-06,0.014069767854011362,6.841891535565075e-07,2.0494727853686607e-05,0.0002347297830945824,2.2568011985353504e-07,1.0891053257555183e-06
69,2.9042130375234033e-05,2.3976860895800047e-06,7.236030992780851e-07,1.3476584144859466e-05,2.3814075757731833e-08,0.0002366259246725328,0.0056877710234133905,1.9541671517063884e-06,1.3475399598220799e-08,0.0009589440653049379,1.9042061829241134e-07,3.416789140802818e-06,9.059185052123451e-07,2.2723140021001384e-05,6.543361418694302e-08,0.9798141153723468,2.8733107305384987e-09,1.5473265480601894e-05,1.601100876892339e-06,0.01279272635221828,8.683161108236986e-07,2.733712799333098e-05,0.0003885778695814491,1.7265337328497408e-07,8.508930813963664e-07
70,3.203336183025867e-05,4.033290686504604e-06,4.633507905838427e-07,1.7557892308691852e-05,1.885335465647963e-08,0.000171429638103207,0.005767201472562316,8.642146956211195e-06,2.4754747823926842e-08,0.003625805633775162,1.763704276844149e-07,1.4542611897674588e-06,7.608746495294883e-07,4.211778305019504e-06,8.188106776398826e-08,0.9740142460774879,9.70228143915277e-09,3.347588473327571e-05,2.0761177304420547e-06,0.015893983373327467,1.6404885552920636e-06,4.0528413552035934e-05,0.00037817688438154497,8.126438411554181e-07,1.1548533541466118e-06
