,0,1,2,3,4,5,6,7,8,9,10,11,12,13,14,15,16,17,18,19,20,21,22,23,24
0,0.005567411241334635,8.469739400031059e-11,0.00012789630264178084,0.005047806476290031,3.323984163169058e-06,0.00014809724131096077,0.0009494025589520203,0.0003879992431069597,8.561170735303967e-08,0.007953823751524385,5.060343176616173e-08,1.9548728151484678e-05,0.1825408357637869,1.665382377337388e-06,1.2566079225014433e-10,0.7325787467457225,0.005902228650597525,0.0004736441447043157,0.0013193580113682998,0.000203704795433303,1.8347015571952513e-06,1.3067495377147772e-06,4.212833542012402e-06,0.05676701461072302,1.6576770561161626e-09
1,0.005025686949965333,4.457828577927312e-11,0.00013052132427732928,0.004984785439149916,2.7581625316701274e-06,0.00011218438518380955,0.0006856285652418124,0.0004024899480984947,9.504066583701235e-08,0.010379041926998048,4.802652808858635e-08,1.2392102757791096e-05,0.21160159302033504,8.385506905825688e-07,7.81178834253039e-11,0.7234405683226377,0.003944632931314905,0.0003189697224217643,0.0010413238522434904,0.00019825499639587022,1.1358787559171176e-06,7.47146967802815e-07,3.2025304018763677e-06,0.037713100164498164,8.892425337934238e-10
2,0.006199864343481126,6.427076160975832e-11,0.00014697414815066775,0.006157350214376047,3.4552538512914058e-06,0.00010378109902786523,0.0007265577917181603,0.0005946787667231803,1.0796540547155222e-07,0.01210157710031003,8.862700150986622e-08,1.7932494094932276e-05,0.2687978884147386,1.6106436058406427e-06,1.5240815018893213e-10,0.6558965294824479,0.004676719700852965,0.0004898566213174131,0.0010112782301602142,0.0003548763817831418,1.4500078891743094e-06,8.255061056248132e-07,4.5854350861727555e-06,0.04271201012185268,1.4333409637545625e-09
3,0.0050904243817213235,5.102586220621906e-11,0.00011319646944320002,0.005608556553958832,2.5322279861387374e-06,0.00011471894324163066,0.0007668084482091344,0.00041216800957391683,7.81842090124752e-08,0.009137957302862116,5.2008556326673566e-08,1.5083899793131611e-05,0.21268555988848467,1.152399466772842e-06,9.273482251736878e-11,0.7159377330964535,0.00455924768567794,0.0004186862577447654,0.00096091935742176,0.0002237400141534396,1.3192984021552526e-06,8.664846352245417e-07,3.704683789655873e-06,0.04394549319214129,1.0683134525034432e-09
4,0.005097962926137269,4.7257697013781917e-11,0.00010947570377569812,0.005177816845201899,2.4549935492436753e-06,0.00010663865537255545,0.000738125830423529,0.0003984096907312262,7.060503347533666e-08,0.008862363270568177,5.00372287861095e-08,1.420638541591987e-05,0.22924509697687048,1.1905633838964797e-06,8.768829558016088e-11,0.6987736370041057,0.0044380261677977725,0.0004254449525434196,0.0009657638584963791,0.00022668753372129708,1.2235154659904626e-06,7.646259482922933e-07,3.574009235508246e-06,0.04541101471114187,1.0029057262659657e-09
5,0.004883366231199795,5.375603186146971e-11,9.705583347860322e-05,0.0065512158780224655,2.3892673672378943e-06,0.00011728688503860791,0.0007030150972116084,0.0004017473653919551,7.343711824859933e-08,0.008715806138757089,5.727703732852685e-08,1.4179972303304965e-05,0.215086466398346,1.1796009516703186e-06,9.55592193610369e-11,0.7167391520507724,0.004202307822419835,0.0005121260809832255,0.0009010660535684233,0.0002458010576112262,1.2372296544338153e-06,8.375425968518412e-07,3.8950628076314805e-06,0.040819736537622095,1.0304247054700448e-09
6,0.0050904243817213235,5.102586220621906e-11,0.00011319646944320002,0.005608556553958832,2.5322279861387374e-06,0.00011471894324163066,0.0007668084482091344,0.00041216800957391683,7.81842090124752e-08,0.009137957302862116,5.2008556326673566e-08,1.5083899793131611e-05,0.21268555988848467,1.152399466772842e-06,9.273482251736878e-11,0.7159377330964535,0.00455924768567794,0.0004186862577447654,0.00096091935742176,0.0002237400141534396,1.3192984021552526e-06,8.664846352245417e-07,3.704683789655873e-06,0.04394549319214129,1.0683134525034432e-09
7,0.007634386967049976,4.134302408450799e-11,0.00016070086594465946,0.005418441399978,2.6028576417240036e-06,7.281704409742756e-05,0.0007071097487018619,0.0005577304878739744,7.461191658887814e-08,0.013381828468065644,5.949084304623469e-08,1.1556168583179987e-05,0.3396114358061137,8.66006472539346e-07,6.856425049905479e-11,0.5849769325411871,0.004416636031523135,0.0002570144170096978,0.0011137852554178053,0.00023582087956012675,7.524742847242896e-07,7.14420452286252e-07,2.239055142876145e-06,0.04143649401846834,8.73764232598668e-10
8,0.0011893128086991906,5.79053627832691e-11,1.8038285326361736e-05,0.003899662515680003,1.8608908151940644e-06,0.0002780308016687853,0.000347652726600385,0.00022121376958540988,6.686505777072349e-08,0.0018553845954632296,3.41781946892106e-08,7.691937809336311e-06,0.09713911509038849,2.577019849991058e-07,6.90077516763186e-11,0.880634127363496,0.0021368668459932566,0.0017291324308006384,0.0009456599118390397,0.0001144395840999194,7.280703450760433e-07,8.97940311153491e-07,1.8741060227610422e-06,0.00947795112633487,3.265703090019333e-10
9,0.0006285054204208434,1.8390093069725997e-11,3.273903780744483e-05,0.0012577998034707294,1.5129640425517411e-06,0.0001795418337024079,0.0004443068110594132,0.00010459952168122382,2.9622266143509458e-08,0.0010960229467189588,1.0143398189484503e-08,8.739880840560409e-06,0.09194993023066789,1.5767696836764126e-07,2.0126723623617963e-11,0.8907926417274354,0.001777661678225217,0.0004631920010315818,0.0005741845340974255,6.441208277873579e-05,8.466643689829188e-07,5.189046398488631e-07,8.80640773511977e-07,0.010621765681567209,1.5352032123229189e-10
10,0.0050904243817213235,5.102586220621906e-11,0.00011319646944320002,0.005608556553958832,2.5322279861387374e-06,0.00011471894324163066,0.0007668084482091344,0.00041216800957391683,7.81842090124752e-08,0.009137957302862116,5.2008556326673566e-08,1.5083899793131611e-05,0.21268555988848467,1.152399466772842e-06,9.273482251736878e-11,0.7159377330964535,0.00455924768567794,0.0004186862577447654,0.00096091935742176,0.0002237400141534396,1.3192984021552526e-06,8.664846352245417e-07,3.704683789655873e-06,0.04394549319214129,1.0683134525034432e-09
11,0.005038613911054415,4.606916629734827e-11,0.00011027447190143318,0.005109044428210177,2.40366264121849e-06,0.00010710188513302708,0.0007523086293246719,0.00042309331578389684,7.396381650983407e-08,0.009336122087935566,4.942333088524461e-08,1.4455016174111177e-05,0.232581952839267,1.1021779359959643e-06,8.677611258827561e-11,0.6950569293280523,0.0045042264712919465,0.00041148872982504014,0.0009515987185894514,0.00022469851003529656,1.197139382987638e-06,7.949369624016677e-07,3.4777868047414875e-06,0.045368991447682576,9.86019043220259e-10
12,0.006675808615592471,7.353075096307144e-11,0.00018770863093727587,0.006426501329326759,1.2651102855963678e-06,9.223355193733814e-05,0.0005512242981750739,0.0011465704643156326,1.0503850785831587e-07,0.0138207546614641,5.085979765923067e-08,1.5151213577185803e-05,0.24485771987431296,3.495743878797964e-07,1.0033428544437079e-10,0.6877773003553217,0.004485730236812139,0.00017055166201910253,0.0013539408748684928,0.00011598195645935184,8.921195334818429e-07,1.8933116713647153e-06,1.4844790069103732e-06,0.032316780885911056,7.219136559311811e-10
13,0.005104963805168643,5.088427514795398e-11,0.00011349758390778753,0.0056258007746172265,2.534772590614394e-06,0.00011388199205755972,0.0007662634241824151,0.00041373760553326276,7.813535441073447e-08,0.009141476379465429,5.2546577985666044e-08,1.5153593763793028e-05,0.21327417227826678,1.1621022594551384e-06,9.325427060841116e-11,0.7154930225563083,0.004551992441006185,0.00041954786393522006,0.0009559007183453684,0.00022533709177465581,1.3208107341796374e-06,8.631340024206e-07,3.7112311424341483e-06,0.04377552794595031,1.068916949554483e-09
14,0.006776061696644637,4.440654788663013e-11,0.00012550981269372663,0.005170928802246072,2.431240144832375e-06,0.00011121143953238057,0.0012109176794068977,0.0005270081004862787,1.0196107986730842e-07,0.010549293824122103,4.432420717106738e-08,1.983639937145646e-05,0.1883614320543682,1.336980247451035e-06,9.7447105715912e-11,0.7178415153568652,0.006286046765376294,0.0003192200232961783,0.0008608484424338234,0.00018362808945484351,1.639797704854691e-06,1.061566620911043e-06,4.428415881914554e-06,0.061645495554505145,1.5314559530635535e-09
15,0.0050904243817213235,5.102586220621906e-11,0.00011319646944320002,0.005608556553958832,2.5322279861387374e-06,0.00011471894324163066,0.0007668084482091344,0.00041216800957391683,7.81842090124752e-08,0.009137957302862116,5.2008556326673566e-08,1.5083899793131611e-05,0.21268555988848467,1.152399466772842e-06,9.273482251736878e-11,0.7159377330964535,0.00455924768567794,0.0004186862577447654,0.00096091935742176,0.0002237400141534396,1.3192984021552526e-06,8.664846352245417e-07,3.704683789655873e-06,0.04394549319214129,1.0683134525034432e-09
16,0.004187180509663348,3.8385985837394786e-11,9.848675219904375e-05,0.005131004354898355,2.229738289186902e-06,0.00010030183590926236,0.0006874093583614022,0.000334755806110279,5.794113138015143e-08,0.007310315057082931,5.078345838842628e-08,1.458151693307425e-05,0.20100931060972566,1.2381638238176598e-06,8.450951824456359e-11,0.7374338219683835,0.0038837926074760227,0.0004658594045571353,0.0007786988658787889,0.0002340584652747206,1.3413260923132393e-06,6.555317132480364e-07,3.578756738326035e-06,0.03832126969786546,8.255386833635335e-10
17,0.005351369376525625,4.9617240188271705e-11,0.00011496945755296376,0.005813025412809988,2.603558293989325e-06,0.00010714730071285668,0.0008233584539320208,0.0004165607660093686,7.732050490744799e-08,0.008757073722590448,5.474921612884473e-08,1.6184098499289928e-05,0.2145804380894175,1.2676559487376304e-06,9.197218225335692e-11,0.7142174843772034,0.004692070836778324,0.00041599276489617126,0.0008918715554727687,0.00023061526427813558,1.3391421616162569e-06,8.697288545804893e-07,3.741947239161741e-06,0.043561883157539276,1.1219732288041695e-09
18,0.005254700684608794,5.258891778360707e-11,0.0001132160351786868,0.005652728441360053,2.5946938433881297e-06,0.000115894660055836,0.0007845975065886185,0.0004134544453937605,7.951514160786115e-08,0.009241843503048556,5.287188806372425e-08,1.5159444251584675e-05,0.2143530556828814,1.1873296416772898e-06,9.392754758113153e-11,0.7124691827095309,0.0047860264427982396,0.00042927619658801196,0.0009880703213247378,0.00022720329019894342,1.329250437367832e-06,8.928321933958201e-07,3.7935465615051095e-06,0.045145659326513564,1.1234549412888011e-09
19,0.0045988427427907,4.092998597538243e-11,0.00013435089803887166,0.005220655163617251,2.4101329388404408e-06,0.0001226400228717001,0.0009183045188994986,0.0004951556734515834,8.923742671270889e-08,0.012238564820938254,4.385108135506357e-08,1.6976400047155777e-05,0.2303644998085715,7.717348339729006e-07,7.460039299141228e-11,0.6955245485772036,0.00455912649163251,0.00027396911436536976,0.0008499565581019074,0.00020623729573635894,1.193988854484807e-06,9.933085521435863e-07,2.9230227524326942e-06,0.04446774554311418,9.786493471836245e-10
20,0.004254065906775374,8.821994006391866e-11,0.00011638501571971872,0.007256664008877601,2.0645722028158455e-06,0.00013156182636119083,0.0006535185162410621,0.0006244175763541933,9.100624909373771e-08,0.009001936983911666,7.141945719593127e-08,2.125211094907914e-05,0.18940696673509616,1.0967085175021856e-06,1.708513851792554e-10,0.7463648082876863,0.004166980753233003,0.0005016228599464955,0.0009235378689661645,0.0002313768307276231,1.6718171993798293e-06,1.4420969753806793e-06,3.7302257993608127e-06,0.03633473545911025,1.1545722547062569e-09
21,0.004978884579772445,6.036133778188959e-11,0.0001243480096779641,0.004600777063537246,2.6353722423670415e-06,0.0001390511185881185,0.0008649385488816357,0.00047208549272605865,8.993800103028016e-08,0.010665489046821228,3.791673916400509e-08,1.4050101280978378e-05,0.2281579912022523,8.51957536488256e-07,8.598230052154584e-11,0.6833625228136091,0.005805505372325898,0.0003641436153098408,0.001234748110431114,0.00019316544889141031,1.3504832207894677e-06,1.1092687008112035e-06,3.529227494073421e-06,0.05901269399181708,1.1737993778088796e-09
22,0.004875434698488308,3.8739724228096084e-11,0.0001272757941609151,0.007278416362194348,2.3953362006164043e-06,9.598918841890174e-05,0.0007243454300952222,0.00038163116659808614,7.335268973456811e-08,0.010005135730435625,7.149291117364521e-08,1.5181036846927516e-05,0.20483429499859265,1.0572049911740416e-06,8.486913481576384e-11,0.7316480913698229,0.005184763565683964,0.00043201008364721825,0.0007090603180066097,0.0002856670567905991,1.6230391221704914e-06,8.531201801536097e-07,4.0935655002720906e-06,0.03339253502060081,9.444127616793857e-10
23,0.0050904243817213235,5.102586220621906e-11,0.00011319646944320002,0.005608556553958832,2.5322279861387374e-06,0.00011471894324163066,0.0007668084482091344,0.00041216800957391683,7.81842090124752e-08,0.009137957302862116,5.2008556326673566e-08,1.5083899793131611e-05,0.21268555988848467,1.152399466772842e-06,9.273482251736878e-11,0.7159377330964535,0.00455924768567794,0.0004186862577447654,0.00096091935742176,0.0002237400141534396,1.3192984021552526e-06,8.664846352245417e-07,3.704683789655873e-06,0.04394549319214129,1.0683134525034432e-09
24,0.0049779998686508885,4.205984508019795e-11,0.00014261680666923058,0.0026187934305151447,2.193675489201237e-06,0.00013856210537551808,0.0010825626486826371,0.00047248399156948055,1.0203406929271931e-07,0.010372639006685185,2.7587382279219733e-08,1.466277064602894e-05,0.18361682470712515,7.988680431881073e-07,9.510523047815031e-11,0.7137462427616988,0.006371066799871444,0.00027076149166472624,0.0012108055139803426,0.00013928703579366549,1.9510711318296076e-06,9.368991551040377e-07,4.214207488261137e-06,0.07481446546623353,1.1149139010420433e-09
25,0.006145713020662066,2.995504662292173e-11,0.00012206896169302817,0.006956065951214012,2.3964958329623094e-06,6.039601050690573e-05,0.0008139488978493242,0.0005715438537973424,6.549624364321411e-08,0.009875720407230809,9.230424503932198e-08,1.8098536447063893e-05,0.3008251157394709,1.494080898982682e-06,9.065976159381675e-11,0.6370299846862159,0.004076189272796606,0.00041192633611239346,0.0005412717714974002,0.0003611220598557793,1.0299594654497248e-06,5.963373202433548e-07,3.2099986360406456e-06,0.03218194879880891,9.025843455747455e-10
26,0.006965788927064539,4.701678893367582e-11,0.0001126535658913376,0.004586979437145632,3.164821661191249e-06,0.00012431914998377192,0.0009242171934811047,0.00039576812420678224,1.1139157958901683e-07,0.011684901217931499,4.345292719392203e-08,1.0264785810496772e-05,0.2531677827442997,1.0460264400249477e-06,7.6470146255788e-11,0.64956756287894,0.006150857498861772,0.0004414729251867627,0.0012191248287671957,0.00022790621324183117,1.239761491500072e-06,7.117562766675503e-07,5.24473448721215e-06,0.06440883712742024,1.3134170978857296e-09
27,0.00560538354282406,8.554928198136494e-11,0.0001105115517025121,0.006945943952012579,2.6788006423411426e-06,0.0001449181118830478,0.0007936159211908968,0.0005631544231794079,1.133217081398332e-07,0.010317402048909541,6.253941295380896e-08,1.7673443244583745e-05,0.20088942563900053,1.1220600759652605e-06,1.310178338235502e-10,0.7252392776708416,0.004948145985313545,0.00045829942469663264,0.001197532725518934,0.00021246764562110897,1.2637644723524436e-06,1.3864414735874315e-06,3.771687146382499e-06,0.04254584759977693,1.4827851869253555e-09
28,0.0050904243817213235,5.102586220621906e-11,0.00011319646944320002,0.005608556553958832,2.5322279861387374e-06,0.00011471894324163066,0.0007668084482091344,0.00041216800957391683,7.81842090124752e-08,0.009137957302862116,5.2008556326673566e-08,1.5083899793131611e-05,0.21268555988848467,1.152399466772842e-06,9.273482251736878e-11,0.7159377330964535,0.00455924768567794,0.0004186862577447654,0.00096091935742176,0.0002237400141534396,1.3192984021552526e-06,8.664846352245417e-07,3.704683789655873e-06,0.04394549319214129,1.0683134525034432e-09
29,0.0050904243817213235,5.102586220621906e-11,0.00011319646944320002,0.005608556553958832,2.5322279861387374e-06,0.00011471894324163066,0.0007668084482091344,0.00041216800957391683,7.81842090124752e-08,0.009137957302862116,5.2008556326673566e-08,1.5083899793131611e-05,0.21268555988848467,1.152399466772842e-06,9.273482251736878e-11,0.7159377330964535,0.00455924768567794,0.0004186862577447654,0.00096091935742176,0.0002237400141534396,1.3192984021552526e-06,8.664846352245417e-07,3.704683789655873e-06,0.04394549319214129,1.0683134525034432e-09
30,0.0050904243817213235,5.102586220621906e-11,0.00011319646944320002,0.005608556553958832,2.5322279861387374e-06,0.00011471894324163066,0.0007668084482091344,0.00041216800957391683,7.81842090124752e-08,0.009137957302862116,5.2008556326673566e-08,1.5083899793131611e-05,0.21268555988848467,1.152399466772842e-06,9.273482251736878e-11,0.7159377330964535,0.00455924768567794,0.0004186862577447654,0.00096091935742176,0.0002237400141534396,1.3192984021552526e-06,8.664846352245417e-07,3.704683789655873e-06,0.04394549319214129,1.0683134525034432e-09
31,0.005881084171071124,4.593740178521117e-11,0.00014682610567791026,0.004234442233035105,2.113311986526405e-06,7.095442763681639e-05,0.0005740472356596676,0.0005745505660380307,6.637113047070906e-08,0.007755497454460955,4.8908016833321445e-08,1.3429319058553486e-05,0.28543294472957376,9.287257739263287e-07,8.682100146363098e-11,0.648992743856325,0.004145391846747327,0.00033492517279201564,0.0009928116695181225,0.00020716140485451564,1.1423046371901706e-06,6.615248931600284e-07,2.6078139361438287e-06,0.04063561996148687,7.529316504751067e-10
32,0.00525002752106148,5.605079938163036e-11,0.00011428034058497138,0.005368770436492856,2.6046718757574427e-06,0.00011746988999124139,0.0007194816804495265,0.00040398301408264814,7.897290777177948e-08,0.009027228650542712,5.050486265610328e-08,1.4001914145692036e-05,0.21813378720569102,1.133345260506584e-06,9.333622761178702e-11,0.7093604060076134,0.004604529456228176,0.00043003295846309953,0.0010951860963528336,0.00021535965445022801,1.28105879638698e-06,8.683313960514341e-07,3.647811512664651e-06,0.045135789254518735,1.073332625198633e-09
33,0.015465175572386093,2.0233946053598643e-10,0.0013021194134680751,0.03446601282254402,2.903146914855641e-05,0.00020358130335468297,0.001719174283120179,0.002216841934639481,3.0872367844398548e-06,0.059603490022260036,2.289458281717541e-06,8.607377877369176e-05,0.14866995175238285,6.585647864087978e-06,2.7510729197205845e-09,0.7158417537084544,0.003539328564721651,0.00032566834214299486,0.00040774858591276697,0.0020222080232092537,1.5557800116676537e-05,1.2213726016351005e-06,5.007833016003595e-05,0.014023003645651188,1.3978609304155049e-08
34,0.016700460794738387,5.1487393633905076e-11,0.00017730557541676244,0.005100958994570197,4.301687972759955e-06,5.7351136414779084e-05,0.0006238042872735265,0.0004444230408930798,9.58222328727694e-08,0.00930315454749124,8.596171038287555e-08,9.760538952476709e-06,0.3238350872544009,1.8054308703535792e-06,8.964023703525591e-11,0.5952638308711117,0.005176273481388529,0.00038243936207795577,0.0016525293153363155,0.00023050853321145452,9.928467904366888e-07,5.03676764593369e-07,3.5288894811710393e-06,0.041030796616434724,1.1933378679751489e-09
35,0.005362446806810724,5.4183443790864325e-11,0.00011418018260273413,0.0056930536047091924,2.564890472394369e-06,0.00011534384240345649,0.0007687307710590774,0.0004421567264728288,8.430407739605195e-08,0.009326460426342746,5.339782403841297e-08,1.5178684998705198e-05,0.21528209056299652,1.1159642671459254e-06,9.55884591401333e-11,0.7133020821601955,0.004631129916167016,0.0004156355207560429,0.0010026950681614436,0.00021752294487234914,1.2775579186796214e-06,9.179193555090594e-07,3.6198342979785194e-06,0.04330165766228031,1.1011863545988097e-09
36,0.005104645385496469,5.179904038813283e-11,0.00011766116455840593,0.005671224690586694,2.6046248823906913e-06,0.00011696997213610259,0.0007385307141162559,0.0003993010482356099,7.903797692135857e-08,0.009406561236377191,5.1941268607903246e-08,1.4178208015029322e-05,0.2130577702071306,1.1356173099639317e-06,9.25523747372835e-11,0.7151798325092533,0.004391897986954176,0.00041083206692500495,0.0009848620674655225,0.0002267399142147365,1.3413334684947475e-06,8.217345002919388e-07,3.818542030835267e-06,0.04416913880176485,1.0509811286033766e-09
37,0.0049771667251495,5.5306445869587736e-11,0.00011599694492903312,0.0057693228977616804,2.5456883823954094e-06,0.00012200246397869997,0.0007534260332420438,0.0004561851298749673,8.732177013876894e-08,0.00975515833489535,5.3761042932944324e-08,1.5598867427303338e-05,0.21290255702786523,1.0498663133191396e-06,9.888908615785704e-11,0.7167671239635741,0.004532750163216779,0.0004100968917284977,0.0009909683326164358,0.00022217840649768912,1.3075454802616879e-06,9.533003124770714e-07,3.6185035103898676e-06,0.04219985058796873,1.0882665195658991e-09
38,0.0058129092649867025,5.5442907610618313e-11,0.00012529411138647532,0.006238759266023024,2.7770468458672015e-06,0.00011122088489153558,0.0008017372514558557,0.0004618544455407335,8.72371246600596e-08,0.010130620082945957,5.8399626545470166e-08,1.5870013291515196e-05,0.2262076403488623,1.2228486962710702e-06,9.699996402343869e-11,0.6986025532615834,0.004961819646701183,0.0004050591009937159,0.0009794686527221871,0.00024431903871734487,1.320212974064983e-06,9.314215571726844e-07,3.826514254919403e-06,0.04489064957044091,1.2259346292546169e-09
39,0.016734990594385785,5.1613449966896055e-11,0.00011395017258246503,0.009601179663791619,6.389629617154377e-06,8.662925543000462e-05,0.0015358885076289263,0.0004434804709011185,1.2112330746153935e-07,0.02163710772707494,1.544863094073436e-07,1.388352385447395e-05,0.36270829653519837,4.541070604672946e-06,1.272662366597473e-10,0.5106657166389224,0.006451015327845509,0.0006345377597435764,0.001139777534575487,0.000532780315274072,8.005132902697802e-07,6.426378159428176e-07,6.878957504171244e-06,0.06768123431382077,3.0616417188802344e-09
40,0.007481658141911021,6.785647068465883e-11,0.00019775340287865725,0.00484735769676372,4.942905455263506e-06,8.385131663326015e-05,0.0008912994209109144,0.0003673711272157995,7.47022026338678e-08,0.006815503212020951,7.175927818793535e-08,2.189878045542609e-05,0.2389289815423101,2.7159520762414494e-06,1.146818457704365e-10,0.6871835286489474,0.005344991232213187,0.00038691091295193277,0.001158032941848622,0.00027508539611681085,1.7875927929166186e-06,8.14337988652399e-07,3.772207861446565e-06,0.04600159495388676,1.6327418994696592e-09
41,0.0054325538310058125,3.340234530762422e-11,0.0001430571980157533,0.0025541517834721922,1.93705125506781e-06,0.00014383054362177513,0.00187648712768826,0.0002600454051783955,4.4285938893797104e-08,0.009254411554599658,1.8798551481292374e-08,2.1088760493177806e-05,0.1748855687415106,1.3440836682184259e-06,5.901711053473067e-11,0.6181648875084814,0.019636905018611015,0.0003083946626709646,0.0011330975586803008,0.00019201697427552306,3.490951434610263e-06,1.4990859519536061e-06,5.9888330729868474e-06,0.16597917812470248,2.024700064501449e-09
42,0.020189783589828366,3.896769261374083e-12,5.042235568279119e-05,0.0022915300557214933,1.2235726433507178e-05,3.163489151377081e-05,0.0033505628876450266,7.690723708104048e-05,3.558155056963902e-08,0.018758251020262212,1.1251822835497054e-07,9.595377269796685e-06,0.5088547708531409,4.8405866650876316e-05,6.707775526607895e-11,0.239417391935742,0.005650779964114498,0.0010276321230367755,0.0002890907892644247,0.001544344490344541,1.0249136654456817e-06,3.128753793469019e-08,2.9184848723681267e-05,0.19836626737757532,4.2380120884691165e-09
43,0.0031688282852979097,3.999358243258617e-11,0.00011187253990468887,0.004435594758956339,2.0078339765774766e-06,0.0001575737303961136,0.0006802747065555322,0.0004197325019660456,8.143258250031423e-08,0.01303114459173139,3.5003529488002355e-08,1.3120247450402372e-05,0.20162951204579502,5.539590169578345e-07,8.163349058785918e-11,0.7225896440045713,0.004634123678846029,0.00035165839932431014,0.0009184118202357139,0.00019509720571232899,1.6228377924471926e-06,9.348282149020564e-07,3.626717878498768e-06,0.04765454801205634,7.365819944229419e-10
44,0.0050904243817213235,5.102586220621906e-11,0.00011319646944320002,0.005608556553958832,2.5322279861387374e-06,0.00011471894324163066,0.0007668084482091344,0.00041216800957391683,7.81842090124752e-08,0.009137957302862116,5.2008556326673566e-08,1.5083899793131611e-05,0.21268555988848467,1.152399466772842e-06,9.273482251736878e-11,0.7159377330964535,0.00455924768567794,0.0004186862577447654,0.00096091935742176,0.0002237400141534396,1.3192984021552526e-06,8.664846352245417e-07,3.704683789655873e-06,0.04394549319214129,1.0683134525034432e-09
45,0.004220676153881467,4.332439021564849e-11,0.00010118472491937136,0.004422806713980247,1.96516185041584e-06,0.0001069635736882052,0.0007337080085168304,0.0004699056675347737,6.979510488785901e-08,0.008571446748823455,4.147189247117611e-08,1.4116881550829176e-05,0.2197111456202983,8.476200283223289e-07,8.643728955832143e-11,0.7133357726739264,0.003877851731355635,0.0003760071934778096,0.0008980432447132453,0.00018376935276515985,1.1173064677280667e-06,8.091018552316394e-07,2.8630853057559554e-06,0.04296888725866886,7.79632720105977e-10
46,0.004244370896100786,6.585940792497318e-11,0.00011510209313306971,0.005063700141145079,3.1602096711688567e-06,0.0001256316014369347,0.0006470631330169838,0.0004243764388027752,1.004561951601844e-07,0.008675906084358996,6.304693196580057e-08,1.5149594703077618e-05,0.19396031621631257,1.6906993887785462e-06,1.630853178216236e-10,0.7418867690960562,0.0025927096594249156,0.000502617322063149,0.000990362690594154,0.00025175418803268223,1.4073215075723699e-06,6.036079859541879e-07,4.78098024582623e-06,0.04049236316184561,1.1321019687083338e-09
47,0.002481527336122853,1.8133186011252457e-09,0.0004485389349582053,0.038840661237306756,0.00016704280258194096,0.002236539135275333,0.0027436988873851802,0.001311275981144357,5.084439606136039e-06,0.11684054097910541,2.7999658873097565e-06,8.663685247541628e-05,0.15449504154537547,4.170114317580614e-05,1.6588088352911127e-08,0.5902414466465522,0.004187790136034045,0.005102643110223589,0.0008374752384711563,0.01310867972690823,2.9773577487903716e-05,1.7895189077171011e-06,0.00036868954416628913,0.06642050910651445,9.57529273468772e-08
48,0.0058311908502884004,4.597718268700712e-11,9.48305381436016e-05,0.0033914471350347314,1.8925855191167673e-06,0.00012298975198241327,0.0007977684400705525,0.00045290919930781107,6.83875987297519e-08,0.011256971476384176,2.4881035005579992e-08,9.531013431689474e-06,0.26274508405365554,6.244692424266446e-07,5.687514920914068e-11,0.628510921295876,0.007314734122564631,0.0003626644224218871,0.0016277050691709239,0.00014542208109232557,9.025028745073452e-07,1.0135569075138176e-06,2.6831898588217704e-06,0.07732861995221309,9.224738156262383e-10
49,0.004039000086393968,6.317744829724768e-11,0.00013191196451961383,0.0059081748822134945,2.453492865318176e-06,0.00013689846959075153,0.0007466463938953215,0.00046182038310820965,8.469839169361308e-08,0.00927651465336925,4.91201126104257e-08,1.82834035951063e-05,0.19864588834425964,8.503267166966955e-07,9.534054497419864e-11,0.7355792823467988,0.004536579321929859,0.00034848271369878275,0.0009638079801212675,0.00021302365101667003,1.4391084233126344e-06,1.2326894253532283e-06,3.1200230858116714e-06,0.038984454735419775,1.0525306551983647e-09
50,0.0026174404906814407,1.4575831719101984e-10,0.00012505748871728401,0.008076284647390578,2.939218320709499e-06,0.00022017862838372577,0.00047124823205357586,0.0003187308102547354,1.0846272383794419e-07,0.005421626510863768,5.7090341322935225e-08,1.7881624315396185e-05,0.11210034012972915,8.505061468693297e-07,1.5287753950944382e-10,0.8393887874890172,0.003746040704628741,0.0005424426843985273,0.0010517930777244689,0.0002037628099410875,2.7901346695476878e-06,1.631354540401974e-06,5.020066401218666e-06,0.025684986302459144,1.237661282212182e-09
51,0.00459974852508776,4.5324106156149784e-10,0.00011704629871698141,0.030632102627567156,2.2063583941691336e-06,0.00019127624466600096,0.0004468795911989358,0.0011832975140578007,1.7289515206196812e-07,0.009071442106976817,2.2253956107944335e-07,3.077206688193819e-05,0.1454948321898731,1.2212849217527168e-06,4.788451466973758e-10,0.7866078764454206,0.0031604480221472018,0.0007364157128695442,0.001015558472568081,0.00028584339564837277,1.6357460600594173e-06,4.381278330777199e-06,4.061672886466289e-06,0.016412555790953822,2.2879733497403295e-09
52,0.00949511128051315,1.1683268128648244e-10,0.0006048574641708397,0.003077472696138024,5.621611561093501e-06,4.3447733903619096e-05,0.0029404307882024833,0.0001640003413291895,7.726313618058321e-08,0.000824585683052755,1.7469807434503975e-08,2.1108451311887535e-05,0.06514942864292707,1.9429403872962406e-06,3.5916472702889e-11,0.8141819853516392,0.03398856672933138,7.714278304157124e-05,0.0008799025931275924,6.583030675369524e-05,1.0090504329863954e-05,2.2339555254901687e-06,5.528200950061662e-06,0.0684606124975024,4.558608455217543e-09
53,0.0052977326605408446,5.493718778421252e-11,0.00011478898209721559,0.00561039691944336,2.5428441675547035e-06,0.00011609436069053751,0.000745554997700702,0.0004276478157579824,8.022479153777898e-08,0.009285105447309993,5.1392738125300656e-08,1.4830477214148129e-05,0.21529061764469185,1.1241832390762421e-06,9.401708057946319e-11,0.7121962006920431,0.004638854428782315,0.00041342704882993224,0.0010384123805701466,0.00021507902971469502,1.2808252127980012e-06,9.092273744028563e-07,3.5752765019713093e-06,0.04458569190398817,1.0876452488516324e-09
54,0.003564614506521103,9.174343177149645e-12,0.0001447405114240511,0.0034028824118455315,2.310046890494605e-06,5.6274830506752674e-05,0.0006343727599007674,0.0002704749817918184,4.45220270588035e-08,0.010277241430629518,3.92382058818153e-08,1.008976300059537e-05,0.32381458383102735,6.546552210066761e-07,3.0103661634345856e-11,0.6190799949466613,0.0037430385928589526,0.00026326548154156936,0.0004167220548563783,0.0003380070240615952,1.1795522134570392e-06,2.440265919682854e-07,3.042108319901542e-06,0.03397618233487884,3.497460467986499e-10
55,0.0034511082908118083,2.7477079433650934e-11,7.456347046484899e-05,0.0037438826889651185,2.131872493458163e-06,0.00010385658781746875,0.0008661197587657665,0.0004363243391918561,7.188981092886753e-08,0.006769022808179209,3.908262209566249e-08,2.3115491263895694e-05,0.21840119514177833,1.105933952742916e-06,7.575381589039195e-11,0.7253877223569679,0.0031705758019384476,0.00043584624836354434,0.0005709435980932365,0.000213874546053827,9.898913309529063e-07,6.540845322910239e-07,2.8498742338872455e-06,0.036344005337475234,8.016622676210995e-10
56,0.004953375788792651,4.757537781530801e-11,0.00011033260025457654,0.005332510070740378,2.4510411977485672e-06,0.00010999771126591708,0.0007444837175507816,0.0004154332589858163,7.41456064285205e-08,0.009184708752107718,5.086884690250465e-08,1.4651804566332812e-05,0.22694437325397912,1.1216784567000193e-06,8.87957180432578e-11,0.7022884670467799,0.004397195675962502,0.00041908870981369726,0.0009402070541354382,0.0002282020376877581,1.2300273043350638e-06,8.029089931133254e-07,3.5311417558971077e-06,0.04390770956886884,9.99976197589269e-10
57,0.0036949014769121556,3.677807733471434e-11,0.00015348786586519774,0.003924664744348115,2.662040936877797e-06,0.00010109888329720651,0.0007424701190870049,0.00040657771353690174,6.991177693300991e-08,0.009295946085838828,4.043686716668547e-08,1.754495674151422e-05,0.2370716299760795,8.633665453666933e-07,6.99887385197398e-11,0.6972810757031562,0.0044087143857205885,0.00028107190114430526,0.0008232576431796198,0.00023960442397584364,1.3669927481467651e-06,7.699503144917002e-07,2.779015990407666e-06,0.041549401469724814,8.294459037575577e-10
58,0.004887743174674791,4.688496951213968e-11,0.00010513442285775895,0.004743753643098746,2.3793511227898586e-06,0.0001163117610535124,0.0007705355837859933,0.0003925029480581617,6.995422466110667e-08,0.009386636301363898,4.208003906405755e-08,1.3931132666626543e-05,0.23125518351918375,1.1015503573251954e-06,8.272230041816298e-11,0.688882445496579,0.004660633498172989,0.0004199314056833482,0.0010116634518304059,0.00021615470336070717,1.2254660090349937e-06,7.998710115278419e-07,3.625125177251534e-06,0.053128194432702974,9.97378415292082e-10
59,0.004874692129552763,4.536293158366142e-11,0.00011825822499300992,0.004817559074101224,2.473012417997065e-06,0.0001092885229630772,0.0007806512090542346,0.0003972484848362646,7.041206000277238e-08,0.009329257559518165,4.461902820823326e-08,1.422573073928988e-05,0.23294180636164627,1.1026639261648454e-06,8.225246307120274e-11,0.6895996698886024,0.004710188556071778,0.0003935260185634526,0.0009573770003880842,0.00023050615876787545,1.3031994273333126e-06,7.777125932110043e-07,3.650551661189622e-06,0.050716321785923314,9.955494071135202e-10
60,0.0050904243817213235,5.102586220621906e-11,0.00011319646944320002,0.005608556553958832,2.5322279861387374e-06,0.00011471894324163066,0.0007668084482091344,0.00041216800957391683,7.81842090124752e-08,0.009137957302862116,5.2008556326673566e-08,1.5083899793131611e-05,0.21268555988848467,1.152399466772842e-06,9.273482251736878e-11,0.7159377330964535,0.00455924768567794,0.0004186862577447654,0.00096091935742176,0.0002237400141534396,1.3192984021552526e-06,8.664846352245417e-07,3.704683789655873e-06,0.04394549319214129,1.0683134525034432e-09
61,0.005064689547291494,4.823423272516703e-11,0.00012030832108922648,0.004852842626858981,2.607925069701138e-06,0.00011357885664071464,0.0007993722013642282,0.000391270793820315,7.545067996661681e-08,0.009171767892718343,4.544417863984122e-08,1.4479464902082243e-05,0.22146059747262853,1.1356178059823802e-06,8.570778788789218e-11,0.7016597966195413,0.004769620970826136,0.00039299754868215897,0.0009987968428205856,0.0002194268636463116,1.3631255977520457e-06,8.14754482318178e-07,3.7466752549143165e-06,0.049960663796275145,1.0538830293023558e-09
62,0.0050904243817213235,5.102586220621906e-11,0.00011319646944320002,0.005608556553958832,2.5322279861387374e-06,0.00011471894324163066,0.0007668084482091344,0.00041216800957391683,7.81842090124752e-08,0.009137957302862116,5.2008556326673566e-08,1.5083899793131611e-05,0.21268555988848467,1.152399466772842e-06,9.273482251736878e-11,0.7159377330964535,0.00455924768567794,0.0004186862577447654,0.00096091935742176,0.0002237400141534396,1.3192984021552526e-06,8.664846352245417e-07,3.704683789655873e-06,0.04394549319214129,1.0683134525034432e-09
63,0.005238232902070922,6.649305644479332e-11,0.00011389654619775359,0.005968570966429601,2.6643417029501147e-06,0.000126802117473501,0.0007458653304848883,0.00043077577378692017,8.705994945049094e-08,0.009063032465831768,5.540866421319498e-08,1.5049888576401562e-05,0.2082737829917252,1.1740549647435639e-06,1.0738372757168004e-10,0.7193892985546632,0.004656516875560738,0.0004539347912427444,0.0010943863726134376,0.00021982498807937226,1.3639565992954802e-06,1.001963302123816e-06,3.8945904876393005e-06,0.04419978667818837,1.2075281523840717e-09
64,0.004374698925679289,5.059622597660405e-11,0.00012708710172489637,0.005191860173653659,2.624868797738396e-06,0.00012048782665251945,0.000740482282296602,0.00035613954742720236,7.322235811551641e-08,0.008295818002576855,4.983275310382616e-08,1.5965492223979536e-05,0.19414928836884696,1.168512057928034e-06,9.573202150813661e-11,0.7370726700577637,0.004632395571593025,0.0004097533346559385,0.0009013293832535268,0.00022947844435337652,1.7711317919081064e-06,8.44732381111887e-07,4.125834909486338e-06,0.043371886173587816,1.0323330541464761e-09
65,0.006552394882037839,4.03652157150711e-11,0.00012757449976130895,0.005089147643031794,2.5938043431074557e-06,9.12356004539836e-05,0.0008052497791924663,0.0005099660937010189,8.846924305751531e-08,0.010893124150345816,5.348569149297563e-08,1.4094278487538337e-05,0.24592448841406286,9.819598355675965e-07,7.895379408390962e-11,0.6831904681868165,0.00445685528282098,0.0003149537072278623,0.0010079084503293427,0.00019384084312200353,9.810136865239366e-07,7.953980325887075e-07,2.7774261637500545e-06,0.04082042559415569,9.181378814716984e-10
66,0.0054638248391310216,4.762647423587234e-10,6.814701025858585e-05,0.016468901766999333,1.8518506124121927e-06,0.0002982763684234876,0.0007991406588831775,0.0009188961911848385,1.9711432493309177e-07,0.007695938368894272,1.1417392676730609e-07,3.4449179273476396e-05,0.0796703155057023,2.304960521239256e-06,6.989832644740971e-10,0.8365945033959151,0.005826464080605298,0.0011243068709580607,0.001488585375263595,0.00016655144249252173,2.76111660758842e-06,5.622594652891157e-06,8.323784119651697e-06,0.04336051771666179,4.459339823448961e-09
67,0.006201910626032219,4.526054921774074e-11,0.00011932748884176529,0.005323817197118522,2.734407868832817e-06,9.811177882308734e-05,0.0007963815200938783,0.000491842143219866,9.082750449956768e-08,0.010313676476797335,5.496364018152871e-08,1.4904156253616247e-05,0.2357781741820175,1.0894294335907467e-06,8.84068633400262e-11,0.6937721185799227,0.004284350820161468,0.0003616076362871042,0.0009796078682409951,0.00020391373001067274,1.0744637511764827e-06,8.144779980420412e-07,3.1203370756609084e-06,0.0412512757655714,9.89668430386318e-10
68,0.0022309123408565893,5.2022854850085946e-11,0.00011335504050715023,0.005145957487572339,1.8962376860059905e-06,0.00018836562114806654,0.0007517587926020645,0.0005157722143710764,6.974090829043529e-08,0.00830632910427875,4.26611091590394e-08,2.791287930557947e-05,0.18611401045817055,8.0480700100372e-07,1.2816154596258698e-10,0.7507700277085592,0.0035981145581048335,0.0004448523723129807,0.0005721036844779317,0.0002758077969907316,2.425749231378019e-06,1.1132008286405376e-06,3.991981772026861e-06,0.040934374497288324,8.847331040723936e-10
69,0.005318944137327566,3.9950599309034165e-11,0.00010865881340777155,0.0031618661142180228,2.132607918163307e-06,0.00010366513240173928,0.0008480531166871601,0.0003280160137119189,5.842481400952711e-08,0.007320983160233668,2.156663933419725e-08,1.1762187987174779e-05,0.19223876436733484,9.603439307657733e-07,5.458657941982776e-11,0.7195916430219627,0.004251088631589166,0.00024801929267363314,0.001217254247420463,0.00011121263802114021,1.0061354203016455e-06,7.195446315248345e-07,2.4149037811653006e-06,0.06513275466209824,8.412522592892858e-10
70,0.0025074662964324423,3.3153830706094325e-11,0.00013120027900241464,0.008420619925754443,2.0742084802065768e-06,0.00010219669125869431,0.0005211538703635857,0.00036039853032501107,6.87383295831868e-08,0.007984336250457219,6.64377721432418e-08,1.4220545606350618e-05,0.17036343233105944,6.629980906229194e-07,7.157903227588414e-11,0.7897088899493585,0.0019177477277032848,0.00027084453091124174,0.0004460826021619785,0.0002816083414661021,1.1133086856588598e-06,5.535144977064001e-07,2.6639112640295176e-06,0.01696259835401434,5.522720893853795e-10
71,0.004617985541072341,1.0709310685036829e-10,0.00013544402373674784,0.007740841936125504,2.5819172992878798e-06,0.0001345397255041619,0.0004508380692856865,0.00040530601417272926,8.420173684958536e-08,0.006982539779922266,6.883192219198326e-08,1.6911991965422097e-05,0.15779410242714778,1.2401622389930568e-06,1.5061652054545031e-10,0.7849349466897947,0.004003971663400074,0.0005058767470048099,0.0012418642630616034,0.0002113633492067237,1.941977799860808e-06,1.2306321440632734e-06,3.9898527403812874e-06,0.030812328779058602,1.1659495241045168e-09
