,0,1,2,3,4,5,6,7,8,9,10,11,12,13,14,15,16,17,18,19,20,21,22,23,24
0,0.00874378623387045,1.5680377220215017e-09,0.00028754036306375633,0.0036114771652206393,3.952193664243855e-06,0.00015617280271624953,0.0002890060744151215,0.000292318416711743,6.356612293429647e-08,0.0010473936906865175,1.9779050943892026e-08,1.1401339014080924e-05,0.07482603410945624,7.202591101158399e-07,9.704169717212769e-11,0.8499469846140218,0.012198962905681704,0.00025318729778618415,0.015002150832636733,2.1683106674742013e-05,1.8087717884040803e-06,9.800398587007075e-06,6.860259961454518e-07,0.03329484657959756,1.8090470139620088e-09
1,0.008701432484058058,8.810049316838874e-10,0.0003029332056268135,0.0037199937050924475,3.21603061065982e-06,0.00010770342551603084,0.00020290563265477345,0.0003065684688534883,6.702975218156434e-08,0.001341662004436474,1.9267120504546377e-08,6.784621908930627e-06,0.09235263925974468,3.712295145791402e-07,5.807547584261033e-11,0.8486013580577041,0.00852725979267443,0.00017185115554167282,0.012932551870085716,2.1018388176680748e-05,1.0226792823732453e-06,5.7649476604509774e-06,4.931614455065941e-07,0.022692381675640562,9.678185018622743e-10
2,0.010414154047418071,1.2487885085567206e-09,0.0003261135296419585,0.004639818276201833,3.860340253288771e-06,0.00010366218002854747,0.00022723338886497673,0.0004898691032463207,7.574596024874513e-08,0.0015825759727762791,3.4701908289713404e-08,1.0628308485621405e-05,0.12388492978114526,7.057084262211762e-07,1.1864959863260412e-10,0.8088453900219017,0.009974804447075646,0.0002829183684827435,0.012247077394874312,3.7669414834916704e-05,1.347210190895147e-06,6.619220665346623e-06,7.164257586668933e-07,0.026919793527318072,1.5171026274196066e-09
3,0.008761377904830593,9.806413012024944e-10,0.00026640210628576253,0.0042450025032839695,3.053702018035483e-06,0.00011483858860828748,0.00023782422068840855,0.00032660296667306435,5.838617882125683e-08,0.0012416354136678953,2.127602777243184e-08,8.82490238880565e-06,0.09339016662380874,5.277253792539513e-07,7.150377296859863e-11,0.842943027233974,0.009849526237939206,0.00022526436896109361,0.011399240252136615,2.478569145726559e-05,1.2477430065966651e-06,6.636222604146811e-06,6.031801276351054e-07,0.026953330484754574,1.2130543651433074e-09
4,0.008930298555985745,9.18303089168701e-10,0.00026712638225417207,0.004002092213532881,3.0761706135150866e-06,0.0001110458275823642,0.00023557003738423616,0.0003233885531059928,5.502242841847401e-08,0.0012593771065141338,2.1099882310768364e-08,8.62349798207488e-06,0.10217852926188205,5.633119030466305e-07,6.978094453534553e-11,0.8325014726376757,0.00982067395024768,0.00023132069485454874,0.011523349529826636,2.62116589629242e-05,1.2097639918351772e-06,5.9271766605179905e-06,6.087090656864291e-07,0.028569456660579196,1.1890002171217586e-09
5,0.008323107963079515,1.011049301934765e-09,0.0002288439992027095,0.005014637336008743,2.94548916792683e-06,0.00012172479815084639,0.00022526351195920394,0.00032337076269409144,5.6693701699177164e-08,0.0012261051939274799,2.3764086785328157e-08,8.571908103720138e-06,0.09458937139295831,5.484979577393966e-07,7.513243626600063e-11,0.8449150396303048,0.009044724028754229,0.0002778660931195298,0.010364853630503917,2.814438769418867e-05,1.2046531872040676e-06,6.3699878697873255e-06,6.588467329488305e-07,0.02529656514622136,1.1984315190855158e-09
6,0.008761377904830593,9.806413012024944e-10,0.00026640210628576253,0.0042450025032839695,3.053702018035483e-06,0.00011483858860828748,0.00023782422068840855,0.00032660296667306435,5.838617882125683e-08,0.0012416354136678953,2.127602777243184e-08,8.82490238880565e-06,0.09339016662380874,5.277253792539513e-07,7.150377296859863e-11,0.842943027233974,0.009849526237939206,0.00022526436896109361,0.011399240252136615,2.478569145726559e-05,1.2477430065966651e-06,6.636222604146811e-06,6.031801276351054e-07,0.026953330484754574,1.2130543651433074e-09
7,0.014035939176689723,8.466379675613015e-10,0.0004253892491133191,0.004602368822602901,3.3922910338996156e-06,8.252677434570316e-05,0.00022171559069611562,0.0004929628681674026,6.197625303283276e-08,0.002076050065589214,2.7485897079453777e-08,7.856585900270577e-06,0.16334304505985248,4.45234401343977e-07,5.88407738302846e-11,0.7632421439560809,0.010212285072799289,0.00014922473210900462,0.01399527962389464,3.0306426646514407e-05,8.072094786717589e-07,5.759479600074848e-06,4.0598703524233903e-07,0.02707200435825414,1.0680803766432565e-09
8,0.002759450555038971,1.6243455574685754e-09,7.010228794840704e-05,0.003929446050345302,3.4323113689154998e-06,0.0003152707445434809,8.836474105959933e-05,0.00016873074652682906,6.752477050482467e-08,0.00034409345214155576,2.307608038781986e-08,5.258139457228027e-06,0.03772420215944931,2.090182621315452e-07,6.812203730537431e-11,0.9285550313226888,0.005887745612467117,0.0007984386038297931,0.013595053751580204,1.9401994552978828e-05,8.670108519049032e-07,7.223040043432685e-06,3.9805675887461705e-07,0.00572718744845574,6.593112621870237e-10
9,0.001287715261761236,4.6464466797311543e-10,0.0001255495127499066,0.0011011191331721623,2.6271483866197763e-06,0.00020410639888287293,9.84894096569114e-05,7.110945988748649e-05,2.8095931565268447e-08,0.0001882371433243636,6.294187274844329e-09,5.540049981422865e-06,0.033191219753258804,1.0759889077937883e-07,1.8260381869645717e-11,0.944726360140191,0.004755718270537496,0.00020574636736431806,0.008345183887652189,9.880082320648205e-06,1.0486180225979298e-06,3.912690789862654e-06,1.7143898533980064e-07,0.00567612250230506,2.588548670950615e-10
10,0.008761377904830593,9.806413012024944e-10,0.00026640210628576253,0.0042450025032839695,3.053702018035483e-06,0.00011483858860828748,0.00023782422068840855,0.00032660296667306435,5.838617882125683e-08,0.0012416354136678953,2.127602777243184e-08,8.82490238880565e-06,0.09339016662380874,5.277253792539513e-07,7.150377296859863e-11,0.842943027233974,0.009849526237939206,0.00022526436896109361,0.011399240252136615,2.478569145726559e-05,1.2477430065966651e-06,6.636222604146811e-06,6.031801276351054e-07,0.026953330484754574,1.2130543651433074e-09
11,0.00876876752880069,8.853193607451448e-10,0.00027007751011401236,0.0039434088816324275,2.9930398222360768e-06,0.00011144020640565542,0.00023998694406676427,0.0003442277740034719,5.756456743556505e-08,0.0013247249608334547,2.079460913858667e-08,8.793841692300476e-06,0.10371443307230706,5.194813968119667e-07,6.885935058703415e-11,0.8313280813798919,0.009926924638463449,0.00022305097942929122,0.011241469508878738,2.6105117438349188e-05,1.1894834964939814e-06,6.106986475213258e-06,5.940789670026998e-07,0.028517024113434326,1.159095003558925e-09
12,0.012326077969823383,1.3365095663705537e-09,0.0005734532093716274,0.005246906230583631,1.908995676537936e-06,0.00010157797519414739,0.00017507333736369897,0.0009432058640937084,9.202869476881631e-08,0.002349622546995249,2.5817694419548662e-08,9.98763150904519e-06,0.11027771549019451,1.974149373906755e-07,8.380341167451154e-11,0.8214002714266372,0.010484441937781683,8.639230129445154e-05,0.01585014886273604,1.698919096386334e-05,9.966565977941505e-07,1.3094407499926454e-05,2.8251377889449496e-07,0.020141535816266914,9.539982437205358e-10
13,0.009775580444953878,8.921660736601116e-10,0.00029505025720700823,0.004803412590992488,3.073610738022361e-06,8.495807479281796e-05,0.000233199941880179,0.0003928627658933343,5.654029966554724e-08,0.0012325265307447067,3.2190403417113664e-08,1.070177038994675e-05,0.10535247616136256,7.099018738391903e-07,9.216074379614784e-11,0.8361545944518237,0.009247162456142472,0.00024976716017883425,0.009265903650397174,3.207355701765128e-05,1.3396963949413555e-06,5.890158991567384e-06,6.430182243100322e-07,0.022857982874727862,1.2102426484988572e-09
14,0.011254787148532229,7.426837384876149e-10,0.00025754025853167865,0.0036785950458674576,2.582996783421732e-06,0.00010416709507731455,0.00038710021671672733,0.000396167222077685,6.542420576462226e-08,0.0013712640389206767,1.6521929845736935e-08,1.1306573605790827e-05,0.08430149255699236,5.868598217811965e-07,6.777014059763378e-11,0.8368095423720554,0.013086721148218381,0.00017552417164869947,0.009703519878983545,1.8838869427782313e-05,1.3795726213489627e-06,7.938282900035911e-06,6.507829222045183e-07,0.03843021059638826,1.555317848821052e-09
15,0.008761377904830593,9.806413012024944e-10,0.00026640210628576253,0.0042450025032839695,3.053702018035483e-06,0.00011483858860828748,0.00023782422068840855,0.00032660296667306435,5.838617882125683e-08,0.0012416354136678953,2.127602777243184e-08,8.82490238880565e-06,0.09339016662380874,5.277253792539513e-07,7.150377296859863e-11,0.842943027233974,0.009849526237939206,0.00022526436896109361,0.011399240252136615,2.478569145726559e-05,1.2477430065966651e-06,6.636222604146811e-06,6.031801276351054e-07,0.026953330484754574,1.2130543651433074e-09
16,0.007536497987061727,7.248253875561845e-10,0.00023055017441284508,0.003958478269084672,2.7178351144436633e-06,9.934293070388832e-05,0.00022120260166083724,0.00026963358281264566,4.442032505701865e-08,0.0010332974574917516,2.1503873972075588e-08,8.65170306009516e-06,0.0896333433389889,5.814488380519275e-07,6.543695497701983e-11,0.8552542182350606,0.0085719682625992,0.000251296874270271,0.00912906272824639,2.6455551272680984e-05,1.2461512449438244e-06,5.073995340400663e-06,5.931499675203295e-07,0.02376572003416433,9.741427437632988e-10
17,0.009062395748745603,9.395350104011619e-10,0.00026868806641511294,0.004368934918309039,3.0842101627387363e-06,0.00010702871580696973,0.0002553019309574342,0.00033042912518408475,5.694584691679187e-08,0.0011776717683993092,2.2056386534507065e-08,9.51791680269802e-06,0.09405298255272034,5.747619973551442e-07,7.059684862311606e-11,0.8428979377889638,0.010052875894776842,0.00022349871121277268,0.010408040372224953,2.5413652593033834e-05,1.2753124131129003e-06,6.62163152477853e-06,6.078374364289789e-07,0.02674703781626839,1.2547200397441422e-09
18,0.008985501103267686,1.0054192869216728e-09,0.00026597611618610047,0.004269183693180914,3.1247139399573033e-06,0.00011667833926265447,0.00024405087997822188,0.0003282787144335598,5.9447396608443324e-08,0.0012570236711360522,2.1556745331531098e-08,8.914129240128404e-06,0.09405538887744978,5.423260228383714e-07,7.255367099974373e-11,0.840503854696497,0.010319436501278414,0.0002312511663292478,0.011659924734675618,2.518923748106985e-05,1.2650193435857378e-06,6.829660148763248e-06,6.195344791380826e-07,0.027716883530544464,1.2730096441137677e-09
19,0.007750596811586722,7.537440824640133e-10,0.000304753836278949,0.003919026392001706,2.73505712083403e-06,0.0001243058989432008,0.0002914685455121189,0.00038708868846481435,6.328134377507949e-08,0.001653908915060904,1.7218782270249157e-08,1.0065237179869563e-05,0.10288856592921256,3.481350826270513e-07,5.598594614469174e-11,0.834451087608495,0.00986177296788915,0.00015110815514384992,0.009863836330420232,2.2715232972449755e-05,1.1289968717521431e-06,7.644197341129029e-06,4.765236853183189e-07,0.028307284155231982,1.0756490383141366e-09
20,0.007420903046366116,1.6407557366495575e-09,0.0002870956693740414,0.005629612875368381,2.724544444237317e-06,0.00014054877902606094,0.00022029567183207025,0.0005054692076505889,7.400454984656393e-08,0.0013600866621184353,3.148987580344342e-08,1.3268736246246419e-05,0.08284233435694623,5.437891352148379e-07,1.3926625710798376e-10,0.8585837305967045,0.009255805633318277,0.00027018091422450607,0.010439376696934306,2.8490247565949823e-05,1.694761099688398e-06,1.0926499357215364e-05,6.687752722191573e-07,0.02298613380891144,1.4536565563649617e-09
21,0.008555688512883628,1.1412443733688185e-09,0.00029496968834298397,0.003565203654170353,3.232991981161248e-06,0.00014642202977548603,0.00026479106403459924,0.00037667498405446136,6.856586385194113e-08,0.0015166016221544456,1.617429256039695e-08,8.641297699864212e-06,0.10090126379433999,4.0890814453201225e-07,6.762005732702818e-11,0.8204815559685791,0.012779727962753914,0.0002015606220246367,0.014576064331546765,2.2708040122846377e-05,1.316729782860406e-06,8.43888850574761e-06,5.923659889260868e-07,0.0362940492379973,1.3560954911204106e-09
22,0.008233679669579603,7.017254008760214e-10,0.0002816030339836162,0.005301283356020854,2.761633291499232e-06,8.929977084410162e-05,0.00022587840790098506,0.00029341638094398866,5.2272474030378643e-08,0.001270777907802235,2.85674607151308e-08,8.21152120245596e-06,0.08895357358949982,4.4217249993136715e-07,6.179190722685684e-11,0.8568816286201677,0.010820466280500495,0.00023087681179984306,0.008242378590661738,2.9296683590444943e-05,1.4249923077543346e-06,6.375858647362636e-06,6.178770570929183e-07,0.01912592426162432,9.766218639552182e-10
23,0.008761377904830593,9.806413012024944e-10,0.00026640210628576253,0.0042450025032839695,3.053702018035483e-06,0.00011483858860828748,0.00023782422068840855,0.00032660296667306435,5.838617882125683e-08,0.0012416354136678953,2.127602777243184e-08,8.82490238880565e-06,0.09339016662380874,5.277253792539513e-07,7.150377296859863e-11,0.842943027233974,0.009849526237939206,0.00022526436896109361,0.011399240252136615,2.478569145726559e-05,1.2477430065966651e-06,6.636222604146811e-06,6.031801276351054e-07,0.026953330484754574,1.2130543651433074e-09
24,0.008475729264352867,8.064665396692176e-10,0.00031130273204156854,0.001942467293618868,2.478327897994993e-06,0.00013108292175516813,0.0002905191265992005,0.0003599350846686637,6.942971687821935e-08,0.0013561363430841854,1.109834955042363e-08,8.533672253323629e-06,0.08031904834770154,3.677113514846863e-07,6.899648506688705e-11,0.8357012401590009,0.013180777213405506,0.00014426379441350758,0.015077534820222466,1.4424045355043514e-05,1.598899686359388e-06,7.182360552619638e-06,5.843382295463794e-07,0.04267471098488096,1.1553986946870789e-09
25,0.010901269959633472,6.014095409880183e-10,0.0002954421031307419,0.0055999130332484125,2.84923915578692e-06,6.40357291987301e-05,0.00026399027403053565,0.0004922677488112761,4.9585140282174695e-08,0.0014017141314412952,3.91643987409526e-08,1.1529417400858205e-05,0.1416411233164021,7.048917368706141e-07,7.481737930931129e-11,0.8020093443973694,0.009309831404709616,0.00024103956168679006,0.006606260623051102,4.2092807675227164e-05,1.0546872423405243e-06,4.9410434065061605e-06,5.5094537223291e-07,0.021109954209907876,1.049622784612272e-09
26,0.011238917448638905,8.375983529275599e-10,0.0002536219833958907,0.0033559434513567034,3.67730246060807e-06,0.00013160664251678277,0.00029598114042506476,0.0003085721729252876,7.706589426995662e-08,0.0016053951375329938,1.678212438955898e-08,6.166022193136951e-06,0.11549225154101406,4.6740962751540975e-07,5.725313602636221e-11,0.7982636282599206,0.013128071614878363,0.0002526614721253698,0.014397349816018057,2.5271047404317392e-05,1.1896714254246498e-06,5.424041543106406e-06,8.327546686381368e-07,0.04123287494592993,1.381128909628849e-09
27,0.009405899123151656,1.6160114437999992e-09,0.0002628817413500259,0.0052682011793853244,3.2849211015469786e-06,0.00015176598004212387,0.00024876663964244365,0.0004443092177338015,8.527589672044507e-08,0.0014587453115906923,2.581432042105714e-08,1.070795738773069e-05,0.08708609358630828,5.300271115341383e-07,1.0294936184150844e-10,0.844164324006844,0.010751939608434822,0.0002474742447276028,0.013865339234297998,2.465066456826152e-05,1.2437258449064671e-06,1.0554680653290684e-05,6.35602826745204e-07,0.02659253799824596,1.7395731795378791e-09
28,0.008761377904830593,9.806413012024944e-10,0.00026640210628576253,0.0042450025032839695,3.053702018035483e-06,0.00011483858860828748,0.00023782422068840855,0.00032660296667306435,5.838617882125683e-08,0.0012416354136678953,2.127602777243184e-08,8.82490238880565e-06,0.09339016662380874,5.277253792539513e-07,7.150377296859863e-11,0.842943027233974,0.009849526237939206,0.00022526436896109361,0.011399240252136615,2.478569145726559e-05,1.2477430065966651e-06,6.636222604146811e-06,6.031801276351054e-07,0.026953330484754574,1.2130543651433074e-09
29,0.008761377904830593,9.806413012024944e-10,0.00026640210628576253,0.0042450025032839695,3.053702018035483e-06,0.00011483858860828748,0.00023782422068840855,0.00032660296667306435,5.838617882125683e-08,0.0012416354136678953,2.127602777243184e-08,8.82490238880565e-06,0.09339016662380874,5.277253792539513e-07,7.150377296859863e-11,0.842943027233974,0.009849526237939206,0.00022526436896109361,0.011399240252136615,2.478569145726559e-05,1.2477430065966651e-06,6.636222604146811e-06,6.031801276351054e-07,0.026953330484754574,1.2130543651433074e-09
30,0.008761377904830593,9.806413012024944e-10,0.00026640210628576253,0.0042450025032839695,3.053702018035483e-06,0.00011483858860828748,0.00023782422068840855,0.00032660296667306435,5.838617882125683e-08,0.0012416354136678953,2.127602777243184e-08,8.82490238880565e-06,0.09339016662380874,5.277253792539513e-07,7.150377296859863e-11,0.842943027233974,0.009849526237939206,0.00022526436896109361,0.011399240252136615,2.478569145726559e-05,1.2477430065966651e-06,6.636222604146811e-06,6.031801276351054e-07,0.026953330484754574,1.2130543651433074e-09
31,0.011586977090218492,9.24627975064569e-10,0.0004046624284505288,0.00357874761338518,3.0177982906664837e-06,7.654869694754845e-05,0.0001895275587386955,0.0005044283209064657,5.874042803403881e-08,0.0012503044566807878,2.4000256352028308e-08,8.936741109249233e-06,0.13598478933839228,5.078919565803406e-07,7.4057321526138e-11,0.7977918101563098,0.009801085773296282,0.00018457685332791372,0.012301789310380975,2.7601849055164818e-05,1.182035096321048e-06,5.151806377559556e-06,4.821627971663268e-07,0.02629778737539045,1.0035222051946214e-09
32,0.009033317987653472,1.087067826125908e-09,0.00027746548381535915,0.0040846658458299065,3.2383937742076656e-06,0.0001199494222769983,0.00022321187199192212,0.0003204028170266249,6.070015455725003e-08,0.0012402035545294168,2.1011603296701022e-08,8.24856407029595e-06,0.0951583583592207,5.253594295239972e-07,7.295205054786537e-11,0.8387124020202601,0.00996511193720253,0.00022954994508771182,0.013012237769913426,2.438601519610815e-05,1.2459434269367473e-06,6.5811034604187975e-06,6.08103319949552e-07,0.02757820539097386,1.2397629126392548e-09
33,0.02633362442251858,2.9694490278492447e-09,0.002654421820721603,0.025906225569276416,2.7478645203172146e-05,0.00020492682146713067,0.0004816748311927528,0.001499411100400536,1.660590295342931e-06,0.008961778260868311,1.050037437329125e-06,5.279670876295256e-05,0.0700057590293654,3.1499257550697714e-06,2.016304743551042e-09,0.8422642160416772,0.008012742530663529,0.0002175428100517484,0.004665953930243584,0.0002506717289782287,1.4701913509813769e-05,9.228377056572392e-06,7.672800258391846e-06,0.008423293854239634,1.3264303091471513e-08
34,0.028452119656440712,1.0531930483115328e-09,0.00045464774181576184,0.003878551091126267,5.4522358390840724e-06,5.864363543629861e-05,0.00017476530439754838,0.00034931939134050715,6.94449353839716e-08,0.0012118295780724107,3.5921579316351345e-08,5.760034132830796e-06,0.14683382449161683,8.529042356410039e-07,7.027992434355181e-11,0.7613128454932531,0.010947407374051747,0.0002121644157853952,0.02172386672590293,2.5825422312012703e-05,9.807211178334108e-07,3.7628513691987848e-06,5.481449026561809e-07,0.024346725042315623,1.254547783615469e-09
35,0.009216366063263232,1.0391694505230305e-09,0.0002732564457971081,0.004317189827386497,3.1225895463855143e-06,0.00011644767159980487,0.00023793512244347327,0.0003505031539061586,6.322114911259118e-08,0.0012804230451930296,2.199919373780822e-08,8.949443551345567e-06,0.09452780656310049,5.171197794701021e-07,7.41110306253761e-11,0.8407792736531702,0.0100580890222259,0.00022316962130893697,0.01187945762692214,2.4521620395148318e-05,1.229176785626384e-06,6.9843175037485855e-06,5.964767504489838e-07,0.02669407384561037,1.2601371590898171e-09
36,0.00871727011271557,1.0069141854123356e-09,0.0002697133951070971,0.004268061241350409,3.104587448241408e-06,0.00011668700568096028,0.00022729175889342137,0.0003134949429770243,5.822544372734058e-08,0.001251703482066123,2.0898146338873682e-08,8.181737331789547e-06,0.09323477737361957,5.123967241726557e-07,7.090009326284804e-11,0.8432454509027462,0.009374277098400984,0.00022312668374908166,0.011792004849869541,2.4475111046651297e-05,1.2428254865175563e-06,6.34022346982062e-06,6.103091571262333e-07,0.02692159258586279,1.1748926166605043e-09
37,0.008662656574505061,1.079202605569567e-09,0.00027566548228342736,0.004389746052811089,3.0852042746209647e-06,0.0001216761282683454,0.0002317759662239373,0.00036081129081437307,6.512891306836162e-08,0.0013296055659821249,2.2209183425797923e-08,9.07106806709274e-06,0.09373593677485478,4.84005390989447e-07,7.638934387945347e-11,0.842859819676317,0.009899493001429279,0.0002210099671506061,0.011948787697475417,2.4726700686117177e-05,1.2330032419753312e-06,7.355326083799339e-06,5.877777395090887e-07,0.02591638299794221,1.2447699471628261e-09
38,0.009857565906187733,1.088087536059949e-09,0.00028915438329343856,0.004690135859386201,3.284354212624331e-06,0.00011031890752981362,0.0002457456903348595,0.00036333067605119564,6.326760003670486e-08,0.001323331873357181,2.323812281347885e-08,9.121930310234504e-06,0.09957100884323196,5.490014329577521e-07,7.410904793200919e-11,0.8333783307123367,0.010583033133607207,0.00022109801624790938,0.011808867939612819,2.6271154511866836e-05,1.229330750168966e-06,7.1960604220071034e-06,6.077925641808861e-07,0.027509729415172976,1.3515265486248911e-09
39,0.029124446156788605,1.1459486086536527e-09,0.00026170731579152386,0.007853223601100813,6.887036371581545e-06,9.35571767301882e-05,0.0004661133070134936,0.0003907393839892525,8.676039260653888e-08,0.002843499215836376,6.050948140226904e-08,8.596861761559412e-06,0.17884168701701705,1.9600163332298286e-06,1.0595250195884443e-10,0.704496216001679,0.01425852761461973,0.0004045293670592208,0.015403478812646325,5.5949181976511147e-05,8.054273304098601e-07,5.732031793662256e-06,1.1269618965787389e-06,0.04548106582667401,3.1638156904987047e-09
40,0.0123281204847339,1.3400781277590686e-09,0.00040868875096945355,0.0035731397548301727,5.4885993490032885e-06,8.280142891800906e-05,0.0002693063613881907,0.0002794207617489879,5.407498412316639e-08,0.000839776043813974,2.7378149000642627e-08,1.2302951069963373e-05,0.1009908064317209,1.2348543740230184e-06,8.89025531397835e-11,0.8280638223801164,0.010704750462508563,0.0002267578974066111,0.013931779379950297,2.7625684600517125e-05,1.5778880838395007e-06,6.238871206726512e-06,6.084111646351623e-07,0.028245667984818153,1.7351139683672147e-09
41,0.009059028987259523,5.044597757777935e-10,0.00026299983078991503,0.0021771697770202165,2.31060722192341e-06,0.00014906487455780115,0.000606137972810514,0.0002355833021565668,3.7264868589581155e-08,0.0014701625206553456,9.311796728351882e-09,1.361305317858615e-05,0.08697695369747459,6.000813482196492e-07,4.822742282638337e-11,0.7741669994538009,0.031218640139802828,0.0001935832786532122,0.011072476611601736,2.231396337276454e-05,2.6126529930177653e-06,1.0082450988742856e-05,9.073640576314011e-07,0.08235871031832231,1.932581252592085e-09
42,0.038771794553557996,9.19234652668089e-11,0.00013951184843321695,0.0021393735376252945,1.5572985604271662e-05,5.703614153517851e-05,0.0016776029397356162,6.562407014047763e-05,2.6756976531048145e-08,0.003895424416514501,5.660506160123954e-08,1.020197415596394e-05,0.3073692256776571,3.334090250042458e-05,7.57053410886166e-11,0.39830653027082646,0.01625359564510011,0.0009275963631667629,0.004057920662059997,0.00022493092738929129,1.6335359347028769e-06,3.755708724027689e-07,7.975375027936722e-06,0.22604464209480865,6.977686605276672e-09
43,0.005854416073432309,7.581903864173938e-10,0.00024848308710419487,0.0034980143997686373,2.357532763616714e-06,0.00015588094182323578,0.00021961483662973652,0.0003289712669413578,6.043532959823613e-08,0.001841747338055204,1.4914563644413863e-08,7.608903725398016e-06,0.09113979184135146,2.6588979277477526e-07,6.195337857990085e-11,0.8446199910185332,0.010489943317636271,0.00019973039794426978,0.010931554849227835,2.2264600106571307e-05,1.4439336070860398e-06,7.3306399540530645e-06,6.073892664825157e-07,0.030429904701334803,8.70964545243394e-10
44,0.008761377904830593,9.806413012024944e-10,0.00026640210628576253,0.0042450025032839695,3.053702018035483e-06,0.00011483858860828748,0.00023782422068840855,0.00032660296667306435,5.838617882125683e-08,0.0012416354136678953,2.127602777243184e-08,8.82490238880565e-06,0.09339016662380874,5.277253792539513e-07,7.150377296859863e-11,0.842943027233974,0.009849526237939206,0.00022526436896109361,0.011399240252136615,2.478569145726559e-05,1.2477430065966651e-06,6.636222604146811e-06,6.031801276351054e-07,0.026953330484754574,1.2130543651433074e-09
45,0.007940145925669075,8.577870348001006e-10,0.0002728191987157957,0.0036025454840113505,2.6726618005097014e-06,0.00011568044677234456,0.00023899735074129602,0.0003935078022741644,5.879069383357378e-08,0.0013675708520181126,1.9249315719650753e-08,9.087600957077297e-06,0.09971127945941254,4.4496253616649187e-07,7.214380779833272e-11,0.8378376906964433,0.009211085739409968,0.00020142900337271352,0.010858676156381766,2.384414900059195e-05,1.1752295485204897e-06,6.332490553601782e-06,5.293760111677683e-07,0.02820440540587816,1.0385513473400619e-09
46,0.0071691977866119696,1.4974536917659133e-09,0.0002484170754398383,0.003919157181520221,3.4934409897896742e-06,0.000123433458879654,0.0001740328188883504,0.000318987391112499,7.018982575335798e-08,0.0010516866405204076,2.4449458803872433e-08,8.299022851652157e-06,0.08152267062920887,7.4231069221003e-07,1.2480766062121657e-10,0.8632614530717883,0.005270318537598823,0.0002794576953471586,0.012725930957065415,2.505310059484755e-05,1.200331677260366e-06,4.990989522139292e-06,7.151437984709483e-07,0.02389066492035009,1.2339963427301062e-09
47,0.005053591660474881,4.35310868849214e-08,0.0011435544141913964,0.03346820286333702,0.00016198915244143084,0.0014393430801092422,0.0005883139200274088,0.0008364733279758331,2.0476288344377944e-06,0.012347720021002359,1.6833234069600257e-06,4.3014997860812444e-05,0.08164421414816796,2.771838916241308e-05,1.2888287081945188e-08,0.8009348629871,0.008505239584144763,0.003340832258747714,0.013803011808044238,0.0014426835238165168,1.950642208859823e-05,1.3144598346593235e-05,4.1454990275426744e-05,0.035141256333535306,8.414753460962659e-08
48,0.010744135058512287,9.957349563721387e-10,0.00028126892453035623,0.0028280364900579616,2.961400873461718e-06,0.0001513208877448706,0.00026418880463320165,0.00037510995138444365,6.375782481632236e-08,0.0018324938292560585,1.1853193022534389e-08,6.3403834829396665e-06,0.11667860249728944,3.4641255172225454e-07,5.0282482692762766e-11,0.7763003751925784,0.017675396614570467,0.00019774406879681896,0.02075622488078219,2.015287567869233e-05,1.0706913276784962e-06,7.91654160980699e-06,5.448126896154423e-07,0.0518756917056506,1.3189637453802241e-09
49,0.006735891795524442,1.1411951794542916e-09,0.000300987234658695,0.00438646604600681,2.8821504529051804e-06,0.00013566550876879552,0.000232550225404267,0.00035930333472069024,6.114148637217488e-08,0.0012604407906995007,1.9791586066055686e-08,1.0731954486328726e-05,0.08673930203375486,3.867239022068128e-07,7.161182727323641e-11,0.8553111649251566,0.009630247408542347,0.0001865656834331364,0.010946701165191556,2.3751919818984716e-05,1.3366141773164391e-06,9.170906154717953e-06,5.007744692832561e-07,0.023725869495709827,1.1630871007898502e-09
50,0.004624865184217558,3.2107289587625288e-09,0.0002837633571540856,0.005810495201701441,3.641595851690773e-06,0.00018391417327935934,0.00012736803411311662,0.00020931886990845056,7.129147587423271e-08,0.0006067222665937345,2.2636088777733056e-08,8.182236682647345e-06,0.04548091528046421,3.8202987586620184e-07,1.0488810238892072e-10,0.9062705179342624,0.007804058144083269,0.000277476403099609,0.01411358177804022,1.986632143923047e-05,2.1483638364201005e-06,1.2149139261108931e-05,6.943242415973125e-07,0.014159840771400705,1.347311435820262e-09
51,0.006982133281785211,8.443781040978606e-09,0.0002874061460551311,0.022345000242164445,3.089562671264004e-06,0.00020099253218638807,0.0001413455071159429,0.0008507468063610421,1.4267445595868643e-07,0.0013004263606793012,9.326485601788567e-08,1.677571184758629e-05,0.05638203872488463,6.469926417412077e-07,3.9715509053332165e-10,0.8833434746531144,0.005975702083506977,0.0004024719851281987,0.011523697606466722,3.4772244457543765e-05,1.5955373013995212e-06,2.8236771528764845e-05,7.634188329166656e-07,0.010178436316370394,2.734651986788835e-09
52,0.007592437176340645,1.4077594751098681e-09,0.0005749438195960661,0.0021192161929804052,3.874474491539699e-06,6.626825317462883e-05,0.00041737093812494873,0.00013554209089835086,4.633494822674712e-08,0.0002207864147150055,7.521373819374448e-09,9.04363229934549e-06,0.03321859214335565,5.717472194838839e-07,3.627683985962683e-11,0.8917227081707896,0.022676422373915525,8.297615909127778e-05,0.010071582419257543,8.232432053672467e-06,3.986615597390402e-06,9.947809661579914e-06,6.559948626102516e-07,0.03106478390434485,1.936871835795034e-09
53,0.009137817944940773,1.0544625419400628e-09,0.00027495412602377946,0.00425418036518306,3.122278496568782e-06,0.00011694009127293023,0.00023143152653216513,0.00033805813077228956,6.047658983352826e-08,0.0012720748032979214,2.1268311192260725e-08,8.692283348498447e-06,0.09445911792370175,5.212314456299142e-07,7.276183717295845e-11,0.8399257790941722,0.010052608745126751,0.00022167291547515747,0.012337252611872754,2.4213330108346596e-05,1.2251124250354708e-06,6.8917010070520895e-06,5.880117698906163e-07,0.027332773656181905,1.2447200912319102e-09
54,0.006968600484233761,1.8275319548383537e-10,0.00033377841106975496,0.0027630390293979295,2.751595735814858e-06,5.5796458434819754e-05,0.00021101149092314137,0.00023102699821691706,3.33099674634367e-08,0.0014631831077382541,1.7022142935529124e-08,6.12814229381716e-06,0.16180947207385313,3.083167977504192e-07,2.3584143304835286e-11,0.7893960334200439,0.008835521169835232,0.0001595661637482262,0.0054447762391298974,3.761608818690278e-05,1.0747137157990942e-06,2.076318123454057e-06,4.92093289453595e-07,0.022277696749891086,3.968933164003406e-10
55,0.005981968238684662,5.201156111969341e-10,0.00018392282145788936,0.0028690434848637953,2.5222911558335043e-06,0.00010414122278576003,0.00026362446512109524,0.0003249714543993854,5.0164572029634125e-08,0.0009177413319814968,1.61511764956394e-08,1.3554699347398418e-05,0.09650829076851426,5.463407504945245e-07,5.6668467047500714e-11,0.8552623584673451,0.007069934765800597,0.00023907502635358066,0.006723244178050032,2.5807520752821062e-05,9.665466457501702e-07,4.837765599437948e-06,4.862977269007567e-07,0.023502894493152966,9.269780630243917e-10
56,0.008697793405742376,9.187554981055254e-10,0.00026810969114433826,0.0041189824881725685,3.0376575497612495e-06,0.0001131379718782674,0.0002370742701365452,0.0003374532513617612,5.721754814878439e-08,0.0013020279800668162,2.1378640148753203e-08,8.853458473102054e-06,0.10152820834076683,5.287411423727652e-07,7.012003112083355e-11,0.8345729511240128,0.00972376706647439,0.00022730427456383806,0.011186792300210437,2.6304562095649198e-05,1.20270033764879e-06,6.215893452863438e-06,5.96587372648922e-07,0.027639577472515796,1.1774655684379507e-09
57,0.006300582765597682,7.244317150983612e-10,0.00034703184803045833,0.0029391227436588465,3.0395669547659493e-06,9.908785398358295e-05,0.00022681599688643853,0.00031028923874302616,4.975586447576751e-08,0.001167480108101524,1.5886996043131107e-08,9.882704498025537e-06,0.10380232767119259,3.792756659616043e-07,5.202803846809893e-11,0.8399838694785144,0.009411038009045924,0.0001543987179350186,0.009944828473496823,2.5201682847736307e-05,1.245787401121119e-06,5.991479721287974e-06,4.3843745069314296e-07,0.025266880843867048,8.970867217711314e-10
58,0.00854237418289807,8.876812750001769e-10,0.00025710705655142177,0.0036664524566835488,2.997657060690704e-06,0.0001226724693615776,0.00025398679365712807,0.00032266090332750937,5.5356626451251466e-08,0.0013575270560153558,1.7743036439612697e-08,8.568025911242156e-06,0.10391867854069756,5.22261430386376e-07,6.596650521570234e-11,0.8251943246818295,0.010318582715647253,0.000228870338147134,0.011821868658140685,2.5416618389002276e-05,1.2269795782012947e-06,6.139505132508235e-06,6.309763093584623e-07,0.03394931688190258,1.1880182356980187e-09
59,0.008482777897699294,8.642405071564792e-10,0.00027889565965382763,0.003700508571511585,3.0160146322561963e-06,0.00011091516394027008,0.0002482899492417709,0.00032190124894863333,5.367784336411176e-08,0.001290107596625833,1.8512447395893456e-08,8.52732805991936e-06,0.10458459874921092,5.14330288772969e-07,6.403475101529463e-11,0.8276480600957068,0.010207887837772312,0.00021543768267777902,0.01128995407830458,2.611583807002723e-05,1.2384720782218104e-06,5.946436984377076e-06,6.058053157360157e-07,0.031574626986283785,1.1384272339751869e-09
60,0.008761377904830593,9.806413012024944e-10,0.00026640210628576253,0.0042450025032839695,3.053702018035483e-06,0.00011483858860828748,0.00023782422068840855,0.00032660296667306435,5.838617882125683e-08,0.0012416354136678953,2.127602777243184e-08,8.82490238880565e-06,0.09339016662380874,5.277253792539513e-07,7.150377296859863e-11,0.842943027233974,0.009849526237939206,0.00022526436896109361,0.011399240252136615,2.478569145726559e-05,1.2477430065966651e-06,6.636222604146811e-06,6.031801276351054e-07,0.026953330484754574,1.2130543651433074e-09
61,0.008773863808359037,9.08703778273638e-10,0.00027951878692358763,0.003691446164385759,3.125280237501625e-06,0.00011413797651927253,0.00025105417800183046,0.00031370941714835683,5.689835869200255e-08,0.0012580022253547017,1.8722533380574218e-08,8.60435165412608e-06,0.09831806495940852,5.223592268331225e-07,6.610297705097805e-11,0.8340585795131857,0.010289751855983626,0.0002135344802577195,0.011705405335648532,2.4449766010089997e-05,1.2820446893263605e-06,6.216162563355949e-06,6.136896005221435e-07,0.030688039857296536,1.191846148773957e-09
62,0.008761377904830593,9.806413012024944e-10,0.00026640210628576253,0.0042450025032839695,3.053702018035483e-06,0.00011483858860828748,0.00023782422068840855,0.00032660296667306435,5.838617882125683e-08,0.0012416354136678953,2.127602777243184e-08,8.82490238880565e-06,0.09339016662380874,5.277253792539513e-07,7.150377296859863e-11,0.842943027233974,0.009849526237939206,0.00022526436896109361,0.011399240252136615,2.478569145726559e-05,1.2477430065966651e-06,6.636222604146811e-06,6.031801276351054e-07,0.026953330484754574,1.2130543651433074e-09
63,0.009011970051497495,1.284657326054488e-09,0.00027533405712714743,0.004540725713471859,3.348290449675515e-06,0.00013075472130205494,0.0002339054189849866,0.00033868849027656644,6.683451902083563e-08,0.0012632076374719215,2.3211879254811374e-08,8.907757375898714e-06,0.09057275150198157,5.533045434148932e-07,8.434876407189652e-11,0.8429550136797289,0.010163261279512814,0.00024412217157254444,0.01297185252760189,2.5219061730034353e-05,1.333448930683714e-06,7.610956785454548e-06,6.559384529709302e-07,0.027250691156032864,1.4197648327805627e-09
64,0.007476969882512508,9.39227238594386e-10,0.000282653115303068,0.0038038882667104706,3.0380587547655944e-06,0.0001129909311395664,0.00022636710314870976,0.0002728853681610719,5.1628919551422183e-08,0.0010686380145563373,1.9838342719840817e-08,8.841994252691143e-06,0.08488422334185408,5.15795976977221e-07,7.033408666547532e-11,0.8554939342652057,0.009757969704875715,0.00021968792352239626,0.010627897570387436,2.4059571694269905e-05,1.5541140722635823e-06,6.3290824399797135e-06,6.302530448231221e-07,0.02572685206169734,1.103866343382325e-09
65,0.00625924965586158,1.3043363437568574e-09,0.00021940986338878627,0.004576783036298653,3.035041989385101e-06,0.00014621778359649975,0.00022377765556088431,0.0002447972575524046,5.064084243436156e-08,0.0009502139154932458,1.9523570221434095e-08,9.108865124544407e-06,0.07571880062911329,6.123215975628552e-07,8.343193141738567e-11,0.8632095774696463,0.009412444409530698,0.0003028819501213715,0.010618857050731378,2.7287144052006256e-05,1.6377773577322864e-06,7.1633107046808785e-06,8.009652712107361e-07,0.028067270928800517,1.4160261966558407e-09
66,0.009008764902296849,8.64148718748557e-09,0.00015430125494484635,0.01221705359729785,2.5067009131719535e-06,0.0003122431447183646,0.00026272052265780644,0.0006662306067587703,1.4461773079769855e-07,0.0011370069489696872,4.912167372110634e-08,2.0474836728549556e-05,0.03312965748100961,1.2131054023410313e-06,5.455024788413316e-10,0.8863142527333422,0.01241737891103827,0.0006110336184621334,0.016738981955566494,2.0488773022270694e-05,2.536840220241528e-06,4.0930758178503516e-05,1.3945035616241056e-06,0.026940620202906912,5.675609402047943e-09
67,0.010603183740798487,9.026646372790808e-10,0.000292540741508889,0.0040767774439182825,3.3049999595794e-06,0.00010046118769973989,0.00023657766997030446,0.0003900998748039731,6.780080162012741e-08,0.0013937098882418034,2.265799807960154e-08,8.831210400434533e-06,0.10296329207459853,5.050943351171446e-07,6.952257041848839e-11,0.8331139404533441,0.009348028643056904,0.00019527042126999403,0.011895606035609284,2.2998103763637266e-05,1.064875757590215e-06,6.2650144639935915e-06,5.156683189759131e-07,0.025346934304194893,1.1229986411234179e-09
68,0.004581706327098938,9.232679342259164e-10,0.00023432097049438762,0.004196907631645827,2.1013781532325713e-06,0.00017034704062724172,0.00026698758925680155,0.0004360842664715061,4.978971699677513e-08,0.001262995227494032,1.9558217533353352e-08,1.7343500425251767e-05,0.08975187380123445,4.142641036034138e-07,9.886661396475152e-11,0.8572751149212763,0.00833817677548602,0.0002542973338023378,0.006695930523476498,3.056799140141879e-05,1.907315382784288e-06,9.361416167705444e-06,6.148582978188324e-07,0.026472875418516804,1.0791180700878784e-09
69,0.009113846963863073,8.868068808950549e-10,0.0002853374750857452,0.0024546736463286717,2.793133444278348e-06,0.00011077912351658576,0.0002453825508717734,0.00024864005466512237,4.734724482050288e-08,0.0009707041740251769,8.760323351354053e-09,6.74609024579868e-06,0.0785954958568822,4.545929926913779e-07,4.3250987284369916e-11,0.8434636091655887,0.009082246032163588,0.00012551947178644952,0.015128397483557198,1.2574236520210186e-05,1.028319024700724e-06,5.4868445739662456e-06,4.230983433741482e-07,0.04014580361728003,1.0316146429404762e-09
70,0.004345960049810177,6.242108482719659e-10,0.0002652577035578312,0.006214563075196283,2.2223105997743354e-06,9.565748188601596e-05,0.00015699763093792387,0.0002526203517246916,4.2404448084897825e-08,0.0010376605427321584,2.524846900851348e-08,7.751897816482073e-06,0.07573158045355041,3.010937645101514e-07,4.9952554274784424e-11,0.8913111245133742,0.004165597751491425,0.00015405520411798852,0.005501895760426692,2.8720837432655508e-05,9.074720661639778e-07,4.43784578946584e-06,3.9009580074822247e-07,0.010722229003987562,5.968562969156083e-10
71,0.010392544513635459,3.2571748070217106e-10,0.0002160580463141884,0.002736286059988447,2.9564706082999306e-06,0.00010460448893237358,0.0005761835047660436,0.00036420154452078835,5.5282713663436965e-08,0.0021589139575528527,1.4272240319970186e-08,8.476982496629331e-06,0.1533124693810461,4.912061645444244e-07,3.7743420195007746e-11,0.7556904994759032,0.01352719344591378,0.0001796225636146706,0.007798706454333867,2.9801306849292728e-05,8.32432958861432e-07,4.342821214744669e-06,6.200480267286943e-07,0.05289512418704695,1.1896974548484831e-09
