,0,1,2,3,4,5,6,7,8,9,10,11,12,13,14,15,16,17,18,19,20,21,22,23,24
0,2.5267733193912688e-05,6.694221169754715e-06,0.0019723452255465657,0.0033533946239726687,1.7004870449655814e-05,0.0010328789638562035,5.669862220361322e-05,2.7738032595801354e-05,0.00251586749543838,0.000914771110720919,3.6899758795056446e-08,6.319192851186566e-05,0.0005316382869512261,3.2046979665221916e-06,1.0938707163686163e-05,0.9824432488089468,3.08115560488528e-05,0.00013751736574120195,1.6576307155089363e-06,0.005883284111833801,0.000662348609096491,1.250257177026101e-06,1.540950571225324e-06,3.332604552981512e-05,0.0002733432448398102
1,2.918522843504e-05,6.979727953012223e-06,0.0025851161992757566,0.0031925607690559176,1.2552713435148718e-05,0.000979283837522674,6.513332777082601e-05,2.687630335486122e-05,0.002632311372814969,0.0012074205369299862,2.8656027384725542e-08,6.678808447956324e-05,0.0004326958565798293,2.6358010064478427e-06,9.940760606558293e-06,0.9830867320673848,1.9345294323975292e-05,0.00014378774992887416,1.7489097348181284e-06,0.004564356507826729,0.0006357523987103472,1.1293610247773202e-06,1.2853314960940688e-06,3.363464527649971e-05,0.0002627185590450778
2,3.990860454253299e-05,1.0035611229219224e-05,0.00247542153525823,0.004175446016548733,2.6665880462718477e-05,0.0010064677435050236,9.184427614297558e-05,3.284222076759529e-05,0.0027639304209265466,0.0013452946372708998,4.377429524688523e-08,8.987758241726416e-05,0.0006250220359692851,5.362175984347357e-06,1.529973785858636e-05,0.9775376298423407,3.6513679557238166e-05,0.0001993874769259402,1.5591364378946633e-06,0.008262352786457807,0.0006890380405026555,1.4180976099977704e-06,2.207998587958123e-06,3.264468239610829e-05,0.0005337860060046837
3,3.5851322531324266e-05,9.329334628058456e-06,0.0028337560255276757,0.005311736198282055,1.8984464117748112e-05,0.0011909029811337046,8.383579915965467e-05,3.279322191332115e-05,0.0027171782563347887,0.0014678371077638437,4.602812259613309e-08,9.290243052001115e-05,0.0005869653916918575,5.0604512397917335e-06,1.19511908699173e-05,0.9771455403533332,3.699052883541134e-05,0.00020583997724861784,1.7340944715149312e-06,0.0068678528570527645,0.0008535967246073142,1.6378509333350424e-06,2.4866429440981567e-06,4.1083889999478825e-05,0.00044410687673789674
4,3.893164112290112e-05,9.583031300821889e-06,0.002870433169329856,0.005570537922934918,1.9923307899885613e-05,0.0011857793929960162,8.695671932761288e-05,3.220826125459558e-05,0.0029442298123167105,0.0014037081843405613,4.828117437130642e-08,0.00011261085047504852,0.0007587580133347654,5.504360611176614e-06,1.209945238828955e-05,0.9759181790594756,4.263837947181695e-05,0.00022171392501261561,1.8251521376077354e-06,0.007287612388870423,0.0009408221247521186,1.8093340858956684e-06,2.567645805588768e-06,4.464982310542666e-05,0.0004868697664752857
5,4.0736386983519825e-05,9.918941439997302e-06,0.0028236866013956466,0.0073560514522489654,1.748384894326185e-05,0.0012558732880772398,8.262477775624321e-05,3.1909058059825464e-05,0.002876172790422366,0.0016858213847215624,4.878896710970879e-08,0.000115055206197591,0.0006895103203269455,6.660198111160808e-06,1.103322903549144e-05,0.9733195775761836,4.550361695546828e-05,0.00029700342086409694,1.6086085077447624e-06,0.007756817951885327,0.000986471716266066,2.0016956529008506e-06,2.8478651010113848e-06,4.758771021905266e-05,0.0005379935656776193
6,3.5851322531324266e-05,9.329334628058456e-06,0.0028337560255276757,0.005311736198282055,1.8984464117748112e-05,0.0011909029811337046,8.383579915965467e-05,3.279322191332115e-05,0.0027171782563347887,0.0014678371077638437,4.602812259613309e-08,9.290243052001115e-05,0.0005869653916918575,5.0604512397917335e-06,1.19511908699173e-05,0.9771455403533332,3.699052883541134e-05,0.00020583997724861784,1.7340944715149312e-06,0.0068678528570527645,0.0008535967246073142,1.6378509333350424e-06,2.4866429440981567e-06,4.1083889999478825e-05,0.00044410687673789674
7,0.00011810980524596368,1.2864260587534965e-05,0.008851544487363534,0.00502640052732464,2.6968597994262872e-05,0.001776142864597026,0.00015170632616712433,4.9059051422000554e-05,0.003773646826094769,0.0021672903002905673,6.069426459741516e-08,0.00012740831919592913,0.001077156771874629,4.746843074799886e-06,1.0155331166447448e-05,0.9674491108209047,3.369138794396194e-05,0.00029593918875491155,3.5281372394807507e-06,0.007605699282713649,0.0008045393219582046,1.1153774725067124e-06,2.9605237106862387e-06,8.886075018091465e-05,0.000541294202456923
8,6.723837008770322e-05,2.090392954227984e-05,0.006883063246030037,0.012348289129451446,2.5317976761800902e-05,0.001688845538425759,0.0001605857515502172,4.8355337525848505e-05,0.003128428723681992,0.003163371124809999,7.014741225978523e-08,0.00015483635658194086,0.0006543117988224089,9.017036495173835e-06,1.0100524418435895e-05,0.9590743772647429,3.3911877468514476e-05,0.0002322635912348561,2.2849667694916224e-06,0.010537397701172787,0.0010106565230907452,1.401933554903662e-06,6.856359968690492e-06,8.142337582495399e-05,0.0006566914145745952
9,3.8657572720767166e-05,1.1012342930584488e-06,0.00026616677451960137,0.00016518236917150293,5.7363734061369516e-05,0.0006046630162343795,2.4140423492830047e-05,3.800959270949362e-05,0.0017984690096996038,9.98262765240758e-05,5.467014222143937e-08,1.5707799693312242e-05,0.0007593458855215555,2.190150843862046e-06,2.8898026983463244e-05,0.9929205160436125,0.00013950734768953735,0.00030462529409909235,2.3083236295279777e-06,0.0023345560566286937,0.00017682482366889916,2.24741501762838e-06,1.6265071861929104e-07,7.191248910563951e-06,0.0002122842594135669
10,3.5851322531324266e-05,9.329334628058456e-06,0.0028337560255276757,0.005311736198282055,1.8984464117748112e-05,0.0011909029811337046,8.383579915965467e-05,3.279322191332115e-05,0.0027171782563347887,0.0014678371077638437,4.602812259613309e-08,9.290243052001115e-05,0.0005869653916918575,5.0604512397917335e-06,1.19511908699173e-05,0.9771455403533332,3.699052883541134e-05,0.00020583997724861784,1.7340944715149312e-06,0.0068678528570527645,0.0008535967246073142,1.6378509333350424e-06,2.4866429440981567e-06,4.1083889999478825e-05,0.00044410687673789674
11,3.723145122267647e-05,9.30120590341855e-06,0.002858237314604159,0.0053396635490295455,1.9707020151410823e-05,0.0011767102415560931,8.532459092282628e-05,3.241787890806935e-05,0.002804132066212442,0.0014169582595360275,4.698188039700481e-08,0.00010153321629249183,0.0006921159567923685,5.139446441664063e-06,1.162572553117455e-05,0.9765876514259512,3.9017419061803436e-05,0.00020748556138696899,1.7761855998152006e-06,0.007200351593800302,0.0008762933518183382,1.6457681524519434e-06,2.519924043097644e-06,4.386904084021724e-05,0.0004492448243614753
12,4.6537875735458215e-05,1.152555245291442e-05,0.0027581439994110533,0.006528631512768883,2.6142524334747355e-05,0.0014948657435966115,8.592220562890768e-05,2.9429256453709674e-05,0.0029309778420161504,0.0018536032119143022,4.578375809294436e-08,9.520734488746048e-05,0.0007767950162404374,8.166575636261759e-06,1.2411805725787618e-05,0.9716558845999521,6.500640533825804e-05,0.00032359622638994883,1.5417894394987914e-06,0.009449708651925922,0.0010618243681833862,1.8696085964729058e-06,3.1246581088804954e-06,3.923345213726042e-05,0.0007398039893674385
13,2.5752028002894877e-05,8.469717770986303e-06,0.002674701469758479,0.007309639034474418,2.0520076647623575e-05,0.0009500438551549269,0.00010836194393673604,5.3380681583330134e-05,0.002310424496990376,0.001135963212983256,9.246714415918813e-08,0.0001646452937025221,0.0006832212738800997,8.514443703203251e-06,1.5159813353391254e-05,0.9753954632045668,4.203969871992005e-05,0.00017798150670038696,1.603544459650056e-06,0.0074679190327124195,0.00093970752466855,2.470620741700223e-06,3.9184320610924195e-06,4.152394422348074e-05,0.000458482682059615
14,3.615554231372545e-05,8.950363885249597e-06,0.003047911455654825,0.00544339519721282,1.853872888127783e-05,0.0012109574749677961,8.469663569362527e-05,3.280241719076429e-05,0.002827846565669337,0.0014246497032417947,4.564094629271753e-08,9.678056698513406e-05,0.0006088026763956707,4.910009359213993e-06,1.194573714372139e-05,0.9767524956088184,3.736309101266674e-05,0.00020845450350120908,1.697368808928118e-06,0.006733346190578983,0.0009094234419807636,1.6615043614655057e-06,2.493643341137249e-06,4.182549973645385e-05,0.00045285043231883934
15,3.5851322531324266e-05,9.329334628058456e-06,0.0028337560255276757,0.005311736198282055,1.8984464117748112e-05,0.0011909029811337046,8.383579915965467e-05,3.279322191332115e-05,0.0027171782563347887,0.0014678371077638437,4.602812259613309e-08,9.290243052001115e-05,0.0005869653916918575,5.0604512397917335e-06,1.19511908699173e-05,0.9771455403533332,3.699052883541134e-05,0.00020583997724861784,1.7340944715149312e-06,0.0068678528570527645,0.0008535967246073142,1.6378509333350424e-06,2.4866429440981567e-06,4.1083889999478825e-05,0.00044410687673789674
16,2.8792814362650334e-05,9.189552337609323e-06,0.0022055647456029493,0.005293507392713878,1.6041658357418804e-05,0.0009470860840343229,8.330550750017456e-05,3.256548151035356e-05,0.002443106258083434,0.0016191546625222307,3.749988071002494e-08,0.00010386358193408765,0.0005483714965211289,5.304367814533974e-06,1.1985889375651326e-05,0.9780677002267684,3.550035578940758e-05,0.0002028981615780641,1.588747574607183e-06,0.006882987185902461,0.0009805323652680464,1.9271651562673496e-06,2.282493264746209e-06,3.323751399669054e-05,0.00044346879215039793
17,3.387284179099831e-05,9.378745208103713e-06,0.0025852282678238106,0.006053511244437681,2.0133548353347696e-05,0.001104896418459551,8.803890187205104e-05,3.487799956955154e-05,0.0025890657430728543,0.0014743088848408281,4.967990219566683e-08,0.00010987719646078735,0.0006770251177341343,6.295136632182775e-06,1.1967921151158803e-05,0.975689941159031,4.49770816507713e-05,0.0002195211635133364,1.59340886568501e-06,0.007769647627593668,0.000932340925405958,1.908994218766329e-06,2.891156372956954e-06,3.963807895644746e-05,0.0004990127570819425
18,5.042678454408603e-05,1.1082330479711949e-05,0.0027498344623239344,0.006739920844425277,2.764421172481628e-05,0.0012338467481226515,0.000112945023758892,3.1364792821305595e-05,0.002965461390497873,0.002095539675169368,4.4443009324226473e-08,0.0001370158466442438,0.0009719807750263848,9.323284751881668e-06,1.4806770651687983e-05,0.9697161746544242,8.014450522099413e-05,0.00042333396975117695,1.4455282699889649e-06,0.010155082164504716,0.0013717368872396276,2.539539916652651e-06,3.2332152436202523e-06,3.5071943458126324e-05,0.0010600002080195137
19,2.9660424245985693e-05,9.509340284265714e-06,0.002948672356168462,0.006354979379463872,1.5804755696996668e-05,0.0008643396611765601,0.00010862046482054113,3.316761870538097e-05,0.0029123583078828168,0.0014749953280064115,4.0931529600584176e-08,0.00014674768731009138,0.0006589170110978993,4.917757657780338e-06,1.2163751499040641e-05,0.9763065926648122,3.323558307627613e-05,0.00018499779877500432,1.525496572799912e-06,0.006321741454043987,0.0010721127905660875,2.091897862875989e-06,2.414360650045249e-06,3.752777157247144e-05,0.0004628654065225475
20,2.1591053193472e-05,7.1436534858262455e-06,0.0021193300520333425,0.004616218827803853,1.3408703237194984e-05,0.0008129336827778477,8.30052924059937e-05,4.550781278069943e-05,0.002267559998168611,0.0011558293883637233,5.0747131741038596e-08,0.00010239808951847247,0.000398573769300572,4.556972021133861e-06,1.5812546821959123e-05,0.9819666515319178,2.8911500905625726e-05,0.00016381206707815894,1.6728774902503046e-06,0.004968383355318307,0.0008481577024234776,2.5009502977607464e-06,1.9592639203406983e-06,2.9448545792427553e-05,0.00032458161581139764
21,3.335161394761811e-05,8.987933854137413e-06,0.002563388289230562,0.005211856662104209,1.7030378370242027e-05,0.0010761580305480608,7.75451380586399e-05,3.126898747244585e-05,0.002599899389079854,0.00141218973789042,4.149460179882632e-08,9.207184518496384e-05,0.0005612794348510393,4.9883777353473095e-06,1.0890531963049746e-05,0.9781711213788975,3.2935490017774854e-05,0.00019659008121949702,1.5973434929198964e-06,0.006659079255839594,0.0007916120599934031,1.5310535820929498e-06,2.2070766023245606e-06,3.8180103774512926e-05,0.0004041983116879119
22,5.5253149480751244e-05,8.619440424755802e-06,0.003290365255574529,0.005340035251784819,2.1840722359168613e-05,0.0014755525124698027,7.821795531238478e-05,3.535171835216954e-05,0.003014887807178677,0.0015350464286976158,5.5175251066082586e-08,7.605675571261172e-05,0.0005648000026185407,5.649518185198216e-06,1.3399475999173239e-05,0.975974381420776,5.35739415681783e-05,0.0003912206181453957,1.6627605578916014e-06,0.00655549130178345,0.0009008443950986697,2.039439773504083e-06,2.2576289404098836e-06,4.2780054394236545e-05,0.0005606172695608508
23,3.5851322531324266e-05,9.329334628058456e-06,0.0028337560255276757,0.005311736198282055,1.8984464117748112e-05,0.0011909029811337046,8.383579915965467e-05,3.279322191332115e-05,0.0027171782563347887,0.0014678371077638437,4.602812259613309e-08,9.290243052001115e-05,0.0005869653916918575,5.0604512397917335e-06,1.19511908699173e-05,0.9771455403533332,3.699052883541134e-05,0.00020583997724861784,1.7340944715149312e-06,0.0068678528570527645,0.0008535967246073142,1.6378509333350424e-06,2.4866429440981567e-06,4.1083889999478825e-05,0.00044410687673789674
24,3.337342241637519e-05,4.226215803683414e-06,0.006142895457024004,0.0022363062512774394,2.5778291943167838e-05,0.0014069396948369873,0.00014610844586326817,3.400452576210986e-05,0.003273482172961037,0.0010196160077017222,5.153323730981441e-08,7.479164943720289e-05,0.0005498646503801327,1.6092355182531867e-06,2.5746014998825973e-05,0.9793524576081899,2.889689307818301e-05,0.00014658985140544647,1.8743485919997148e-06,0.00367069890222918,0.0012590250174453479,1.5833960500707785e-06,1.9975465788231086e-06,3.698263692089474e-05,0.0005251002303486715
25,1.7159020917395464e-05,6.8645466780561526e-06,0.001599492142767866,0.006080211262770258,1.4454228813286526e-05,0.0008125537674410722,6.627034152340095e-05,5.626228299822989e-05,0.0015221413875923992,0.001046790597491747,7.084442062208483e-08,7.980645712518192e-05,0.00034406892130867865,6.989317961853096e-06,9.353843590155896e-06,0.9810121089002268,2.8512584912026122e-05,0.00013165493226074864,1.3543411141733436e-06,0.006381038772597636,0.0005319959493576249,1.6532895523254283e-06,2.6559121135880175e-06,3.1441056726444654e-05,0.00021509529773848838
26,9.045802535738096e-05,1.1043781847018755e-05,0.005175674127576173,0.006302194756377325,2.62471899259229e-05,0.0021271924225285217,6.66955066111005e-05,2.430794450812241e-05,0.00403350934036927,0.0015558765715093389,5.653227973936929e-08,8.121562766662127e-05,0.0011756378131374465,3.9333404852485935e-06,7.609946413285674e-06,0.9673652334219648,5.664997851110718e-05,0.00032800269752803553,2.5300106662623137e-06,0.010117023885476546,0.000863226771670951,1.179307024767286e-06,3.45915534134986e-06,0.00011930886555476168,0.00046173297966892803
27,2.745368641078858e-05,7.87227362410493e-06,0.002324122940774105,0.004872939152905962,1.4933287653379883e-05,0.001018808735602781,7.419580264880341e-05,3.484517614625033e-05,0.0025690676941043052,0.0012357611060803968,4.666864673557256e-08,8.766966596774947e-05,0.00044773367367340495,4.3758287516049e-06,1.3478705028759447e-05,0.9803751579449418,3.159241693531313e-05,0.00018511579995462779,1.6900941435662032e-06,0.005481035110061028,0.0007991365253138406,2.0167672169222287e-06,2.0716613408359025e-06,3.601207980675412e-05,0.00035286720226633105
28,3.5851322531324266e-05,9.329334628058456e-06,0.0028337560255276757,0.005311736198282055,1.8984464117748112e-05,0.0011909029811337046,8.383579915965467e-05,3.279322191332115e-05,0.0027171782563347887,0.0014678371077638437,4.602812259613309e-08,9.290243052001115e-05,0.0005869653916918575,5.0604512397917335e-06,1.19511908699173e-05,0.9771455403533332,3.699052883541134e-05,0.00020583997724861784,1.7340944715149312e-06,0.0068678528570527645,0.0008535967246073142,1.6378509333350424e-06,2.4866429440981567e-06,4.1083889999478825e-05,0.00044410687673789674
29,3.5851322531324266e-05,9.329334628058456e-06,0.0028337560255276757,0.005311736198282055,1.8984464117748112e-05,0.0011909029811337046,8.383579915965467e-05,3.279322191332115e-05,0.0027171782563347887,0.0014678371077638437,4.602812259613309e-08,9.290243052001115e-05,0.0005869653916918575,5.0604512397917335e-06,1.19511908699173e-05,0.9771455403533332,3.699052883541134e-05,0.00020583997724861784,1.7340944715149312e-06,0.0068678528570527645,0.0008535967246073142,1.6378509333350424e-06,2.4866429440981567e-06,4.1083889999478825e-05,0.00044410687673789674
30,3.5851322531324266e-05,9.329334628058456e-06,0.0028337560255276757,0.005311736198282055,1.8984464117748112e-05,0.0011909029811337046,8.383579915965467e-05,3.279322191332115e-05,0.0027171782563347887,0.0014678371077638437,4.602812259613309e-08,9.290243052001115e-05,0.0005869653916918575,5.0604512397917335e-06,1.19511908699173e-05,0.9771455403533332,3.699052883541134e-05,0.00020583997724861784,1.7340944715149312e-06,0.0068678528570527645,0.0008535967246073142,1.6378509333350424e-06,2.4866429440981567e-06,4.1083889999478825e-05,0.00044410687673789674
31,7.699566943269242e-05,1.2888166965215638e-05,0.005247695278189863,0.00562107573745669,2.2669655759987384e-05,0.0013619344590110008,0.0001289624054632081,6.238199537678246e-05,0.003151474850376435,0.0020543131358919404,5.85809851597946e-08,0.00011580743425891448,0.0006679051120653344,6.072187732715626e-06,1.1795456723593745e-05,0.9727942176737618,3.673297422106184e-05,0.0002922948734507998,2.940437250083113e-06,0.0069194300716687,0.0008668675387448992,1.6476109541445507e-06,2.7729078175970507e-06,5.4468491435569635e-05,0.00048659729500566146
32,3.74325411230478e-05,9.656678136736754e-06,0.0028500354907215254,0.005017070754254332,1.8467034331206163e-05,0.001228938627477212,8.292041166371517e-05,3.4320099458508415e-05,0.002777324191752046,0.0014782444576429859,4.718456899398448e-08,9.264971159608817e-05,0.0005839045904104177,4.882855853768178e-06,1.2222507004108089e-05,0.9776566458210778,3.6163556887829015e-05,0.0002038255426999362,2.0207753685516347e-06,0.006561913876983974,0.0008458503087624491,1.6885552720245654e-06,2.4030813432312566e-06,4.316664319217856e-05,0.00041820470241740954
33,3.677102231408187e-05,9.492366409753392e-06,0.002916214936107012,0.005324311656181014,1.9259026040806874e-05,0.0011971443422702408,8.583205748266678e-05,3.275307939315512e-05,0.002777425334461677,0.0014809306656176967,4.595118718570123e-08,9.414241127610185e-05,0.000587566484564691,5.041496485378094e-06,1.2219553083181685e-05,0.9769485779273689,3.6700427383965116e-05,0.000207821239939503,1.7395086557922386e-06,0.006862531791742843,0.0008620902431310002,1.6320997299513188e-06,2.4841040184351386e-06,4.110081981827771e-05,0.00045617145533669945
34,0.00019079528758717245,1.828230763168258e-05,0.007583432193697888,0.0026968407068104694,2.5955444557670537e-05,0.0016519854407795514,0.00010806515080188476,4.04128174906155e-05,0.010399929045538322,0.0007610283428072356,5.7220205535070985e-08,0.00014869971721162255,0.0012147978498144626,2.3906859112475654e-06,1.890850701105741e-05,0.970040136536246,2.476962962267325e-05,0.00025181550194033865,8.36201254877558e-06,0.0036619100822061594,0.0006953911384134545,1.3387409563199804e-06,9.128387566918161e-07,9.072360881545391e-05,0.0003630591926377804
35,0.00015671533421977835,1.1107860566885234e-05,0.005120524868151254,0.004929081114634083,1.742863253739624e-05,0.0009596747779151834,0.00012425631872633626,5.470216127256557e-05,0.005249784676542655,0.0018025608393224123,3.442963918450573e-08,0.0001445724224229001,0.0007712676830141273,3.9717664860060025e-06,1.248305571615065e-05,0.9735327473933926,4.258276423371543e-05,0.0007418364270001629,2.817779462864347e-06,0.004698142603965271,0.000950584654574271,2.4434399996597736e-06,1.1335971056101047e-06,4.581712179120907e-05,0.0006237282773076914
36,2.958974991508362e-05,6.904454767560067e-06,0.002192672038100528,0.00406329950848027,1.4169818981493236e-05,0.0007461142086924469,8.155413352126044e-05,3.959395599481339e-05,0.002420293089735745,0.0009906174902807015,4.0819973536202923e-08,0.00011901855666928122,0.0006048179323211314,4.325266521754519e-06,1.1570822666399195e-05,0.9823044534773345,3.0142062917245805e-05,0.00016551671255698956,1.7232048840414498e-06,0.005101851701740345,0.0007052628221593146,1.831366867454912e-06,1.5663200325912148e-06,3.0590655691074065e-05,0.000332479829194177
37,3.0313975411770244e-05,8.669993622717546e-06,0.002525290608267577,0.004885582459178314,1.838905752137036e-05,0.0011505731666529154,7.909562206526096e-05,3.255681683835852e-05,0.002566981990175442,0.001336085072359483,4.5067413144929764e-08,8.747702592186715e-05,0.0005418376625186526,5.000412065236295e-06,1.2469619214592213e-05,0.9787463819049805,3.5747441935715686e-05,0.00018206513311111054,1.6520286884362742e-06,0.006462700539853755,0.0008347170292346288,1.6329662502856797e-06,2.311859511881682e-06,3.5714169554749036e-05,0.0004167083776521785
38,3.8200651355947965e-05,9.172651407649912e-06,0.00296119232848821,0.0047890347659882634,1.944194029445537e-05,0.00124718546250396,8.438424611424325e-05,3.1336972855159597e-05,0.0027732085647436074,0.0014403188996604656,4.4669089537591926e-08,8.68631384760755e-05,0.0005809918823247039,4.659722407064408e-06,1.2128969872866555e-05,0.9779658117654594,3.4045298432833537e-05,0.00019995569604917796,1.8054476407988826e-06,0.006443365793967501,0.0007942915160012607,1.4792025581758158e-06,2.2959745847358318e-06,4.150584598420175e-05,0.0004372785937397901
39,0.00015625158935282126,0.0001583950710168366,0.0030442739086171343,0.02617946741060741,8.857942953489444e-05,0.0008929984473296847,0.0003001180763045418,3.1078610293016945e-05,0.0071792512061070474,0.004959046880768978,1.3305327903367297e-07,0.0004107987816348414,0.0005828688314630087,5.358894754849905e-05,1.7667035092854138e-05,0.9279420914513448,4.747570179785151e-05,0.0005376058454412917,1.9011167632088953e-06,0.024430893341749613,0.0007931767308108501,3.1823654364722444e-06,1.366357022729189e-05,9.071976324095337e-05,0.002084772834237127
40,6.102169624100134e-05,1.3589131250848362e-05,0.005497683877687253,0.005300366396220376,2.70148171170272e-05,0.001386535622078331,0.0001572347086608788,3.826018539352379e-05,0.004376574319456241,0.0015383978534295236,5.6952393161632953e-08,0.0001713963632420514,0.0008725758713197262,6.339290683249661e-06,2.0940657128097043e-05,0.972188942345696,3.571251350981565e-05,0.0002288901701668899,2.293614645707233e-06,0.006170090036002307,0.001063366982046994,1.935140961986649e-06,2.6567565717780203e-06,4.33603103637427e-05,0.0007947643877335431
41,2.965808029271896e-05,1.3333132988185701e-05,0.002863169045105127,0.010103943720176386,1.313053793889684e-05,0.0014809573561329642,9.513187994308657e-05,4.588924093107812e-05,0.0020851787046706188,0.0034472654477038485,5.625576332016944e-08,0.00012730095877021494,0.0004979927003530667,9.282833908239117e-06,1.0554825381895329e-05,0.9679106969509621,5.2439617546309686e-05,0.0002748261439695503,2.5031953435132653e-06,0.00875717603510634,0.0015937642872610582,3.2853624445248128e-06,5.525857426219393e-06,5.4707985814636415e-05,0.0005222298440659094
42,0.0007080612147548189,0.00010757626252243874,0.014190573312896484,0.02082599339644766,0.0005302040041106552,0.005448564100458539,0.0005157832790648832,2.436603337108383e-05,0.012914166337999664,0.00551371091628638,1.8198520070756191e-07,0.00022629536389540982,0.0028867591361440036,7.115633576915869e-05,1.8786683581269873e-05,0.8800969326653919,0.0002438696599544792,0.0016632774827446929,1.6510665654253737e-06,0.04278714566830846,0.001828402313002556,1.2527317712530128e-06,2.1613285994514445e-05,0.00014531732019537808,0.009228359443568377
43,1.592714247355627e-05,6.551581652484217e-06,0.0016584540777323253,0.003968087723266328,1.1060446139762465e-05,0.001251067500095403,5.580458381589962e-05,2.9489454363059524e-05,0.0015113279273809466,0.0026633982456322437,2.7027866606043947e-08,4.502192155819845e-05,0.00033839519080271707,3.851364804366688e-06,8.315585633587403e-06,0.9801932918900593,3.4543317730759594e-05,0.00018102451571575619,1.6910419409261766e-06,0.006539309731259727,0.0011741132434124086,1.8664969872750426e-06,2.4003213264878416e-06,3.1534274546286353e-05,0.0002734453938035418
44,3.5851322531324266e-05,9.329334628058456e-06,0.0028337560255276757,0.005311736198282055,1.8984464117748112e-05,0.0011909029811337046,8.383579915965467e-05,3.279322191332115e-05,0.0027171782563347887,0.0014678371077638437,4.602812259613309e-08,9.290243052001115e-05,0.0005869653916918575,5.0604512397917335e-06,1.19511908699173e-05,0.9771455403533332,3.699052883541134e-05,0.00020583997724861784,1.7340944715149312e-06,0.0068678528570527645,0.0008535967246073142,1.6378509333350424e-06,2.4866429440981567e-06,4.1083889999478825e-05,0.00044410687673789674
45,2.2042309205520204e-05,4.921463707617133e-06,0.002178158978147901,0.0030246620356011995,1.2985772316091661e-05,0.0009129951784457323,6.371430582785954e-05,3.431205116576707e-05,0.0021369224432859126,0.0008034934567780181,4.3885568296171934e-08,6.0649417492627256e-05,0.0003516794026246308,2.6565732648482286e-06,1.2276647808444795e-05,0.9857062824495688,1.9178295168625874e-05,0.00012322049260622074,1.5152188074725485e-06,0.0037759765722069983,0.0005019109004664349,1.2686336606615191e-06,1.263402020223321e-06,3.086977344069151e-05,0.000217000340813643
46,3.1356301262948374e-05,8.121204127232987e-06,0.0025779750990813457,0.005785373689184696,1.7948576870432596e-05,0.00126459282459719,7.328551970972092e-05,3.2926358580444996e-05,0.0025135997131672254,0.0013463775249065437,5.0636001351000826e-08,9.338837924793738e-05,0.0006687465205907071,5.286178425958615e-06,1.0961449516809928e-05,0.9766143419657599,4.889151971897679e-05,0.00021143759133622527,1.727786413353919e-06,0.007238027502014833,0.0009850166731347736,1.9558913535754162e-06,2.8027207529675693e-06,4.5113523530124675e-05,0.000420694850714678
47,1.9207614934261254e-05,0.00010790163534704475,0.014565655224315438,0.14836775013198777,0.00015778266391338995,0.047712140063002395,0.00041090716701034627,0.0007066611334230699,0.0014823517555183881,0.029076381387637275,5.994175017341683e-06,1.888690707801659e-05,2.411292833499715e-05,0.0004377631121028893,2.998985546209947e-05,0.7341148367057585,7.106431803949607e-05,0.0004981282783394697,3.200993155306744e-06,0.01897970054992295,0.0018405716252835507,2.859543426246016e-06,0.0004398204895676706,0.0001578603740309723,0.0007684713673912375
48,3.5683286565705536e-05,1.3341901959243459e-05,0.0022620808950985292,0.0046207833623693574,1.4864471339901188e-05,0.0016990484208707045,5.902929316340615e-05,3.644722212448053e-05,0.0022692289141731485,0.0019651883395077857,5.2241193921068375e-08,6.757735005335759e-05,0.0005749528771912936,4.413901538776632e-06,7.771604413743022e-06,0.9781585782810742,4.006807096129477e-05,0.0001532835083647289,4.970108902579332e-06,0.006969183513790656,0.0007380394513371471,1.6925464874092383e-06,3.0356447815791693e-06,7.540205597805724e-05,0.00022528273675875425
49,3.781417018185551e-05,1.0378141461509115e-05,0.003674163091171167,0.007272194518337506,1.8017373549988665e-05,0.0013169769302211565,9.891334970198882e-05,3.490449464421824e-05,0.0028902843760372286,0.001807850287768444,5.227702878219561e-08,0.00012642115679692244,0.0006989340129103567,6.004250696300449e-06,1.1760659491298215e-05,0.9722727170817289,4.0259981520421704e-05,0.00023151739329120758,1.7990982305059317e-06,0.007743031810002322,0.0011232450605437453,1.953688211548786e-06,3.451887141237738e-06,5.2601042126245383e-05,0.0005247538672051348
50,4.095017336776881e-05,1.2640481347106399e-05,0.003439130201803346,0.005193816431547853,2.39874958304649e-05,0.0009937315674395833,0.00020058263847016187,5.927901427549732e-05,0.002093223013004264,0.00305418442718248,4.914423585752654e-08,0.000140219558236619,0.0005394003315384202,7.823049738476448e-06,1.6116597705849163e-05,0.9750629791893053,3.314500784965721e-05,0.0002120065245155661,2.237142612540296e-06,0.007195815077622545,0.0009505932684054991,2.079949555988555e-06,3.6107667199377695e-06,3.182329716347994e-05,0.0006905756505257628
51,7.577631273767479e-05,4.7138296833106084e-05,0.0039811885850554165,0.019653649817537398,1.5653780069226523e-05,0.0012103318430900841,0.00012790448608576178,7.540653039537583e-05,0.004652795431585438,0.0033066844905146305,7.511013497592206e-08,0.00024393977708647246,0.00043207649524569774,1.773018436140804e-05,1.6544923796251978e-05,0.9548049315763711,4.8625190218726203e-05,0.00043424283450625776,3.580248950052486e-06,0.008868515952844491,0.0012391353070207907,4.8628094899995966e-06,4.235033117061111e-06,5.437447516870108e-05,0.000680600507783863
52,3.143953561977094e-05,1.4020106566341346e-05,0.0035407217958509842,0.008085085232231904,1.9976765241955577e-05,0.0009856076367428148,0.00012433690596010217,3.8186851839903516e-05,0.0029850664167838394,0.0016651206217892553,4.8792986100522774e-08,0.00017759580855153915,0.0007746433239194633,5.513576765153343e-06,1.1626617543276336e-05,0.9707274915748874,3.842818747928564e-05,0.00012972045961082677,2.110718030071501e-06,0.008818322512187754,0.0012861110841423603,1.918356667599898e-06,4.2703062589804026e-06,5.1072961053613876e-05,0.0004815638512895555
53,1.9957017753600804e-05,6.864161008926985e-06,0.002391771037720685,0.004499274217043602,2.4128112622315835e-05,0.0006522437768849128,0.00015622058626639526,3.788027109844791e-05,0.0019345851523931935,0.0013338524845595992,4.8824265174717515e-08,0.00012432181824507122,0.0005593376656837882,4.56560983480524e-06,1.5585607960722534e-05,0.9799575095040485,2.5043899130095753e-05,0.00011450823827472621,1.095301971430355e-06,0.006911097247177073,0.0007164334310527016,1.4826259905162141e-06,2.9904022367332475e-06,2.758040113829028e-05,0.00048162260563875645
54,4.766600194738082e-06,5.273936156648233e-07,0.0011909809078529637,0.004091558460683941,5.982335023218132e-06,0.0007871925267412723,1.3717555369192304e-05,3.2372989109070826e-05,0.0011152640791936834,0.0002578736379781935,6.442241299726879e-08,2.0015081399462143e-05,0.0007140168445170552,4.4293557238342524e-07,1.5474061527294426e-06,0.9844101933483813,5.593710648141311e-05,0.00012572056537247747,9.152721414732069e-07,0.005832213203754658,0.0011877558535735343,1.191237532005225e-06,1.703319882574216e-06,0.00012684570007928702,2.1201216984626863e-05
55,6.447717895740883e-05,7.492213652718046e-06,0.0033067109630124446,0.004638164636133047,1.4359238770189177e-05,0.0007244401289152926,8.440072791806364e-05,1.881893237629247e-05,0.006048175227796456,0.0007056241489250556,2.4607504159747736e-08,0.00021973442917352668,0.0015966563418564103,2.6081092448295495e-06,1.0437675928194999e-05,0.9757351610756715,2.8305087317435753e-05,0.00026866481168052206,1.5881609812612448e-06,0.0051300761346185116,0.0008434957255502602,1.3753185623855044e-06,9.25427125826077e-07,4.823784239142456e-05,0.0005000458559367508
56,3.77491000027022e-05,9.431635486129842e-06,0.0028972854918341787,0.005380771951484632,1.9632179960348592e-05,0.0011959364271474419,8.744520319645782e-05,3.327527692935724e-05,0.002813516933730662,0.001447651838315521,4.808339295091418e-08,0.00010474614293721158,0.0006912526154885443,5.2691529245016555e-06,1.2015820344561852e-05,0.9764729080315768,3.9789613434904064e-05,0.00021146952649010674,1.8474312970305931e-06,0.007127521627420987,0.0008993581310644245,1.7209025996855433e-06,2.567644693165421e-06,4.4059803281373526e-05,0.0004627294349663521
57,2.90613164416585e-05,7.912289652505953e-06,0.002328111869898406,0.004617377925251224,1.489901561693003e-05,0.000749106823197011,8.783578176465193e-05,3.338513285036106e-05,0.0025319118781180414,0.0012471755675363776,3.453893079634018e-08,0.00014412276603268217,0.0008374839127202344,4.26626928252113e-06,1.000284854077604e-05,0.9789568770288105,3.5706415816353084e-05,0.0001566323665228282,1.8053610482008665e-06,0.00686580448761374,0.0009168870619465257,1.8652126543167665e-06,2.082807007946041e-06,3.678958116394696e-05,0.0003828617415816718
58,4.082425583284311e-05,9.055776863735222e-06,0.003070305178692651,0.005342092242844645,1.8496188736015244e-05,0.001247296839681077,8.099423160760323e-05,3.146748775229019e-05,0.002886442025494188,0.0013482351581968989,4.95360232319574e-08,0.00010260281657542119,0.0007215638117136085,4.582135911996667e-06,1.0915746453022928e-05,0.9766570551381037,3.64990996020699e-05,0.00020482366093348614,2.00670513179456e-06,0.006892751535799923,0.0008232978401388371,1.5560536427615082e-06,2.5449823514487723e-06,5.34909260893134e-05,0.000411050625827241
59,3.7751837667994246e-05,9.07455837697166e-06,0.0032618199550900773,0.005440854236952757,1.8041498632437266e-05,0.0012338960437836839,8.159554268479338e-05,3.122467689341796e-05,0.002810992180940134,0.0014301953846206563,4.775658844125771e-08,9.402116556340451e-05,0.0006267923548684078,4.212744431932812e-06,1.0745616676980895e-05,0.9764070957034796,3.3187475040038216e-05,0.00018962172894887032,1.8696911195672892e-06,0.006985969629573828,0.0008450631765803675,1.477403089083658e-06,2.633331577755855e-06,5.2829046608638226e-05,0.00038898726021011564
60,3.5851322531324266e-05,9.329334628058456e-06,0.0028337560255276757,0.005311736198282055,1.8984464117748112e-05,0.0011909029811337046,8.383579915965467e-05,3.279322191332115e-05,0.0027171782563347887,0.0014678371077638437,4.602812259613309e-08,9.290243052001115e-05,0.0005869653916918575,5.0604512397917335e-06,1.19511908699173e-05,0.9771455403533332,3.699052883541134e-05,0.00020583997724861784,1.7340944715149312e-06,0.0068678528570527645,0.0008535967246073142,1.6378509333350424e-06,2.4866429440981567e-06,4.1083889999478825e-05,0.00044410687673789674
61,3.9457640021942296e-05,9.52963532845229e-06,0.0033831558246828768,0.005561130967863366,1.9111775259961432e-05,0.0012462730781940912,8.903473578796868e-05,3.319640103276358e-05,0.002866251619668727,0.0014907604778859945,5.011938876165544e-08,9.958032950099102e-05,0.0006468518926828961,4.458019661706154e-06,1.1379604077747175e-05,0.9758696580394773,3.422909821538431e-05,0.00019633491176035598,1.9365943935822963e-06,0.007057420122602237,0.0008679594686697673,1.5430538154668962e-06,2.755657998924028e-06,5.2944454211571654e-05,0.0004149964778169744
62,3.5851322531324266e-05,9.329334628058456e-06,0.0028337560255276757,0.005311736198282055,1.8984464117748112e-05,0.0011909029811337046,8.383579915965467e-05,3.279322191332115e-05,0.0027171782563347887,0.0014678371077638437,4.602812259613309e-08,9.290243052001115e-05,0.0005869653916918575,5.0604512397917335e-06,1.19511908699173e-05,0.9771455403533332,3.699052883541134e-05,0.00020583997724861784,1.7340944715149312e-06,0.0068678528570527645,0.0008535967246073142,1.6378509333350424e-06,2.4866429440981567e-06,4.1083889999478825e-05,0.00044410687673789674
63,3.9990712648656993e-05,1.1550256485060793e-05,0.003037889166071161,0.005750956438931259,2.0360792818524537e-05,0.0012552503561811031,8.93940732555847e-05,3.373033061044787e-05,0.00293903883832202,0.0016190698728648974,4.899703932299525e-08,0.00010081418276689504,0.0006010969718649559,5.59475369478463e-06,1.2831151994572803e-05,0.9754861816584575,3.8742184631367875e-05,0.0002113012271929753,1.9680155387466323e-06,0.007309170282061975,0.0009061469173835184,1.7619772206656838e-06,2.75416610374721e-06,4.4259291251773266e-05,0.000480097384608497
64,3.324633017524533e-05,9.682369093145234e-06,0.0028975181125395384,0.005774940345849967,1.8461636303069752e-05,0.0012380971729225288,8.782450155568714e-05,3.1794684913713345e-05,0.0028052345419538,0.0016263155342800483,4.4593977313303436e-08,0.00010705630367039468,0.0006614093763106906,5.47390194006191e-06,1.2466216598353803e-05,0.9754384461170099,4.0742751747525636e-05,0.00021178685951135445,1.767266028334422e-06,0.007331253982087707,0.0011268876951990537,1.8911031595341922e-06,2.7841832107540603e-06,4.2234087233505334e-05,0.0004926403327285562
65,4.685259295461904e-05,7.58337206504208e-06,0.0025485235788113296,0.003976745574493669,1.8113486960744668e-05,0.001104260816851206,5.596719584422838e-05,2.0747004222502027e-05,0.004132766533561196,0.0007004599392511694,4.398825350718616e-08,8.72565528436394e-05,0.0007488715886230477,2.9249229091467533e-06,1.0380486459685675e-05,0.9803671276973481,3.333476167586615e-05,0.00020488184176088047,1.8091428482050086e-06,0.004948411327570288,0.0006034769898570821,1.3807295984471853e-06,1.4223530738428137e-06,5.2923339944698376e-05,0.0003237341822178114
66,2.6156795609984668e-05,1.1765021088619029e-05,0.0019628970619564065,0.007847147983979407,1.0678996428429767e-05,0.0007272868480514909,9.676058959506133e-05,5.217451383056475e-05,0.0027017104781128115,0.0011674208357408294,5.328319267375939e-08,0.00017927600854293252,0.00035389988405648293,8.970255130312935e-06,1.6274473287538535e-05,0.9795011768631648,2.6140837969279226e-05,0.00019232403643305938,1.7417148182105092e-06,0.003943053518719994,0.0007285753677376418,3.141068065559053e-06,1.9203735366690387e-06,2.400199619595232e-05,0.00041545119475533925
67,1.7753843916548684e-05,5.240796554995031e-06,0.001885398996500287,0.010380684690606568,1.7545292599593035e-05,0.002568263550545765,3.701999207652801e-05,2.0892091941589066e-05,0.0014396586950839291,0.0017643906185235458,5.2696305297705636e-08,6.027541469268832e-05,0.0011002711769121025,1.1142958642109526e-05,4.385362834469153e-06,0.9631996554668067,8.885810386869959e-05,0.0002484673288898877,8.998821377874443e-07,0.015340824202211374,0.0013021977352885054,1.1791300683401774e-06,6.634669300088528e-06,6.564304765620447e-05,0.00043266425603609915
68,2.1652480521395574e-05,6.768980588770233e-06,0.0014875103041143115,0.002778368475570427,2.3574968879531904e-05,0.0010316795322373848,7.408287012618656e-05,2.9979182727921717e-05,0.0020285877124177503,0.0009422854087825851,4.9235450850619836e-08,5.9469497218483837e-05,0.0004418515236626489,4.445640036850109e-06,1.7716852100510985e-05,0.9845590190493254,3.0994404646685234e-05,0.0001267696379766933,1.545424755364545e-06,0.005463443448638907,0.00047733859618669507,1.3981167709517873e-06,1.6928885420083802e-06,2.4243995810054555e-05,0.00036553177291158103
69,3.260089964071558e-05,9.001954539506496e-06,0.002768395389224345,0.005441410007623181,1.8721731564950358e-05,0.0011857255065196735,8.046772977578428e-05,3.285764688793703e-05,0.0025601494838764934,0.001415115639309931,4.871135326640131e-08,9.140223236859629e-05,0.0005904218901373218,4.932893810752396e-06,1.1338027915495567e-05,0.9770466224425621,3.571257379450703e-05,0.00018543342041555186,1.7238479876768547e-06,0.007188364559659602,0.0008476489224801011,1.556849668844016e-06,2.686796909341145e-06,4.425828724248081e-05,0.00040340255473182176
70,2.7552851108890525e-05,3.241499491681556e-05,0.0031012174203454736,0.006675814315874914,2.632922602663881e-05,0.006931177844384404,0.00010883728759118477,2.328829817851747e-05,0.005440171714217618,0.003945958086858326,1.998540169736576e-07,0.00010719363710495071,0.00046212351695843927,5.734431792852459e-06,2.128659401374724e-05,0.9617406660583226,5.1332118239199934e-05,0.00016238962420058128,2.0364619106933844e-05,0.0050343863678355485,0.0053433530432164,5.96828120133924e-06,1.6941072709711904e-05,0.0003455098867487581,0.00036978885502921493
71,4.53836298422516e-05,8.607098103877302e-06,0.004602687164490286,0.005790046987378212,1.4839944489902276e-05,0.0019072565682059469,9.67558179953056e-05,4.4540782743381745e-05,0.003516348525772541,0.0014552655559169716,7.050957397555822e-08,0.00010090329047215973,0.0004787238039059811,5.221450700817462e-06,1.680365329497376e-05,0.9762028846127296,3.9873809450946825e-05,0.0003049067137127617,2.619137055751187e-06,0.003728102114540856,0.0011111067366755764,2.7359232805698034e-06,2.268741557565943e-06,4.82704886381963e-05,0.00047377693947172397
