,0,1,2,3,4,5,6,7,8,9,10,11,12,13,14,15,16,17,18,19,20,21,22,23,24
0,0.0001963823165273862,2.825629246484415e-06,1.629982954547834e-05,0.005592077127936968,7.871936809843547e-07,0.0007658995780199958,0.0025991343382321098,0.016645508755963902,0.0014767921922443981,0.10015711477642089,1.3686272953747042e-05,0.00029947894948802867,0.007287233069711629,0.0019626110150081284,1.4145510509438684e-06,0.311287858352472,0.5278875229172418,0.0032669539537522893,0.00012950079523335966,0.0004112001502884396,7.191238955902305e-05,0.019863879982985732,4.2213192260648324e-05,6.822882347469462e-06,1.4889787828169761e-05
1,0.00018490400410915727,2.809051057453076e-06,1.354006746358207e-05,0.006196969199658652,7.395738890583107e-07,0.0005104462891402311,0.0023309116609428527,0.014534362379919891,0.001949172024823836,0.08426150296301367,1.3422019541580168e-05,0.00022584002312234675,0.006629953642484959,0.001722901646596382,1.1893262783540545e-06,0.25896048907916136,0.6023980428518154,0.002673085381484595,7.815095798534993e-05,0.00021874479687170007,4.454783093970539e-05,0.01699622809386093,3.1869333700620165e-05,6.749386176467731e-06,1.3428415962014801e-05
2,0.0001953541596169491,3.2074497802741817e-06,1.7257552620665968e-05,0.006543461735443338,9.214951585148026e-07,0.0006058040677471884,0.0027183703635099664,0.0166134512797886,0.0020823144844097146,0.10383411888280149,1.4966256875401108e-05,0.0002550171406561649,0.006452389544983508,0.0025949899440074844,1.696028541074242e-06,0.2182109060534937,0.6080446785196342,0.0031152622067040694,9.875874011425625e-05,0.0003552964505615116,6.797995156371717e-05,0.02809731285191284,4.697320844273239e-05,8.18538766647998e-06,2.132624396618492e-05
3,0.00017950827659696976,3.051383273940511e-06,1.4703518017241888e-05,0.006521863963976279,7.300374402442735e-07,0.0005247080306403035,0.0022257252492840986,0.013333768403088241,0.0014956810419466944,0.07332200635419583,1.5152505465392142e-05,0.00028921028164176815,0.006978935440395695,0.0021684166791691574,1.2097911504305444e-06,0.20512702746570508,0.665027453078873,0.0031606915354068046,7.343372123146436e-05,0.0002176144887026754,5.765070228467701e-05,0.019205015359425214,3.516066073583022e-05,6.352753783470037e-06,1.4929277569451395e-05
4,0.0001660083111610599,3.2372676732909637e-06,1.4392741589822456e-05,0.006575729359804074,7.699871891831363e-07,0.0005167993824356926,0.0021984629191832356,0.012909921961706004,0.0013780810836913988,0.06565144175605114,1.607909257579291e-05,0.0003234483202477373,0.0080334103491346,0.002263806165249928,1.1221611213868922e-06,0.20072660460218839,0.6772007249318069,0.0031808865104890043,7.19808219896618e-05,0.0002044260078335997,5.694140482231945e-05,0.018451350175706368,3.4738416798659095e-05,5.523365800784157e-06,1.4112903749968972e-05
5,0.00018686324901031758,2.4107215189864884e-06,1.4222049023284527e-05,0.007547381165742023,6.750148741081437e-07,0.00047232174063006985,0.002126995432053908,0.012569040354469123,0.0014221227066321047,0.07616059532971745,1.4896703393537768e-05,0.00027235455275844794,0.006452005687784251,0.0023360246161677587,1.0580386974359898e-06,0.20428622223353254,0.6648104959883633,0.003972777225735176,6.0027133307454464e-05,0.0002414238857833462,5.6486796920609494e-05,0.016932103846616548,3.802399956010778e-05,7.567680219484425e-06,1.5903847488468234e-05
6,0.00017950827659696976,3.051383273940511e-06,1.4703518017241888e-05,0.006521863963976279,7.300374402442735e-07,0.0005247080306403035,0.0022257252492840986,0.013333768403088241,0.0014956810419466944,0.07332200635419583,1.5152505465392142e-05,0.00028921028164176815,0.006978935440395695,0.0021684166791691574,1.2097911504305444e-06,0.20512702746570508,0.665027453078873,0.0031606915354068046,7.343372123146436e-05,0.0002176144887026754,5.765070228467701e-05,0.019205015359425214,3.516066073583022e-05,6.352753783470037e-06,1.4929277569451395e-05
7,0.0002261729597427459,4.008954938566699e-06,2.4475756640989384e-05,0.00722129677978845,7.904069971100202e-07,0.0005018927502226611,0.002076291366969665,0.0186289690442963,0.0011274253087712007,0.05789412555544158,1.9850377917393927e-05,0.00033893896227504,0.012948794992406747,0.0016000136685807886,1.095401295485534e-06,0.1872962519917868,0.6901706370726622,0.002832581825295394,0.00010238170772063602,0.00017159876464691864,6.011215918458916e-05,0.016714218657746714,2.4283347937216742e-05,5.464198663960179e-06,8.327988070750473e-06
8,7.68279871962099e-05,4.122490425379985e-06,5.519185129127955e-06,0.0012235390507083295,2.838268811381816e-07,0.0004613301564843622,0.0012717757374578584,0.013406645918543224,0.00014525321038666314,0.008204638229979765,6.576324529629749e-06,0.0020878517495039784,0.033631788966097656,0.0003641215395248566,1.1444430301632045e-07,0.22134111370468207,0.7102580128092605,0.0023812378497896185,0.0001822249103477297,6.185449298899516e-05,3.437043733520053e-05,0.004843970563749981,5.4479919630783174e-06,9.657360562335302e-08,1.2818491258645637e-06
9,0.00014942836248731721,1.1636287933220774e-05,4.946741598597361e-06,0.0020529906915158908,9.149140216730381e-07,0.0004997222434674747,0.006009648028613163,0.010675005702668768,0.0006846360313357262,0.021157227536065006,1.39955211498102e-05,0.0023275654537104496,0.018526495738556553,0.0015122171903903003,6.407044697453554e-07,0.2287481544220968,0.6864404824639981,0.005116157511287694,0.00016139604975832353,9.023702009233604e-05,7.62863660924803e-05,0.015699176595955492,2.028861920205739e-05,5.001538548665691e-07,2.0249649678267064e-05
10,0.00017950827659696976,3.051383273940511e-06,1.4703518017241888e-05,0.006521863963976279,7.300374402442735e-07,0.0005247080306403035,0.0022257252492840986,0.013333768403088241,0.0014956810419466944,0.07332200635419583,1.5152505465392142e-05,0.00028921028164176815,0.006978935440395695,0.0021684166791691574,1.2097911504305444e-06,0.20512702746570508,0.665027453078873,0.0031606915354068046,7.343372123146436e-05,0.0002176144887026754,5.765070228467701e-05,0.019205015359425214,3.516066073583022e-05,6.352753783470037e-06,1.4929277569451395e-05
11,0.0001739502490147835,3.0639727105725758e-06,1.4628599017281652e-05,0.006490778349100608,7.208971110247393e-07,0.0005154010264554409,0.0021900718164182572,0.01368877168456368,0.001408487184262361,0.06856178053693958,1.5256391273917796e-05,0.00029745265637685225,0.007530283507094968,0.0020730982618759066,1.1594395832404856e-06,0.20624163377339857,0.6689380385226116,0.0030622362110443225,7.431462579668652e-05,0.0002081262160924065,5.592071061898064e-05,0.01840153631023489,3.379294844465667e-05,5.8777918022465565e-06,1.3618318157223234e-05
12,0.0002068499751415233,6.2877740154841865e-06,1.657684961638534e-05,0.007694557104399466,2.0801051178766965e-06,0.0009064097718733921,0.0025123240529360946,0.006860609981438323,0.0016039278801793944,0.07004990927967814,2.1799043540433333e-05,0.0007731049571357402,0.007925434673629578,0.006333035742189998,1.1893834835294887e-06,0.19741036824820662,0.6724840170085029,0.008503986012356907,6.88106930939623e-05,0.00040048041582149045,0.00010370827368194354,0.015988133894481265,7.35264868293791e-05,6.490911594574841e-06,4.6381481055524125e-05
13,0.0001704753012596087,3.054401471105691e-06,1.471504618901155e-05,0.006622162991823873,7.259199536623207e-07,0.0005123510928352317,0.0021218036667957794,0.012683518999501809,0.0013814400501505769,0.06793540414984227,1.6320038896929663e-05,0.00029906999989709807,0.007318766968779427,0.00218662242392361,1.198708939446035e-06,0.1986361115185609,0.6779000617557994,0.0030738372932098794,7.000533130089254e-05,0.00020027501652213693,5.704403468293441e-05,0.018740869668517835,3.424866780190968e-05,6.151639164308171e-06,1.3765314180192196e-05
14,0.0002452060129212724,1.2765674926838805e-05,1.9437052335758347e-05,0.004028668932904131,1.9288119190360084e-06,0.0011835549073487266,0.0027711231163803623,0.009176762843349801,0.0009296177625374811,0.0588241353531431,3.615857768840393e-05,0.0011933191852942673,0.02102275499058734,0.003333702564043364,1.3027666581593642e-06,0.29711890858766077,0.5775769808189235,0.00401136499219559,0.0002575921155041915,0.00020812785293355878,0.00010055323945187255,0.017897694875272006,3.0790206011229704e-05,3.154785755126776e-06,1.4393974254064795e-05
15,0.00017950827659696976,3.051383273940511e-06,1.4703518017241888e-05,0.006521863963976279,7.300374402442735e-07,0.0005247080306403035,0.0022257252492840986,0.013333768403088241,0.0014956810419466944,0.07332200635419583,1.5152505465392142e-05,0.00028921028164176815,0.006978935440395695,0.0021684166791691574,1.2097911504305444e-06,0.20512702746570508,0.665027453078873,0.0031606915354068046,7.343372123146436e-05,0.0002176144887026754,5.765070228467701e-05,0.019205015359425214,3.516066073583022e-05,6.352753783470037e-06,1.4929277569451395e-05
16,0.00017850455912683604,2.735308379342741e-06,1.2579762904666782e-05,0.006947802069258629,7.346301880323045e-07,0.0004892992801488747,0.002554854701068509,0.01061596635569513,0.00116337339805078,0.09197306744699503,1.5471615309704794e-05,0.00036850053415458424,0.005911988330096915,0.0029656994895766306,1.1225586957238916e-06,0.21618408869016192,0.6350085906115325,0.005048186599442125,6.305379272005214e-05,0.00025188954090681515,8.635561322433012e-05,0.020089486383052274,3.8901743420170305e-05,6.211706909548092e-06,2.1535278980637802e-05
17,0.00018651688654397244,2.9501205032651093e-06,1.3563811557030075e-05,0.005850326435332659,6.630049262151108e-07,0.0004256536828614999,0.0020893165483963547,0.013197589749539612,0.0011223882222721276,0.06150293449354851,1.3989486682639694e-05,0.0003767681641099505,0.007555740105359796,0.0023180360419858366,9.066469216983056e-07,0.1730826241628187,0.7076423403535281,0.004190140863024444,7.138314131203948e-05,0.00021977471948124536,6.175967631428992e-05,0.020018132933592985,3.547105928021345e-05,4.749843670783498e-06,1.627984643604872e-05
18,0.0001791986503813349,3.048409744765459e-06,1.4420693752534402e-05,0.006409483923102578,7.191792156897807e-07,0.0005189715740710251,0.0022226533153649054,0.013185697934462014,0.001491048174081599,0.07314570186735615,1.4964996841190059e-05,0.0002910841176472045,0.006915243098064546,0.002183176815897112,1.1925857709911248e-06,0.2024701914357985,0.6679820846930882,0.0032000397477273948,7.281224275949174e-05,0.00021730158986797338,5.726610213791777e-05,0.019366990074954002,3.519635474233098e-05,6.275710181651266e-06,1.5236712988827955e-05
19,0.0001661547184757358,3.2852179851929937e-06,1.7371347212122132e-05,0.007573071346099021,8.711473134155718e-07,0.0004961277172904122,0.0024009925307032108,0.01571698958495613,0.0013434200910708548,0.06555619905434115,1.6773511507497132e-05,0.00033666019644109746,0.008801052231684972,0.002161479246115513,1.2444618277856176e-06,0.20679089413971904,0.6653859877881724,0.0030603244109395273,7.950229265356596e-05,0.0002054551280683261,6.280590967020713e-05,0.019773528444905323,3.174167582316985e-05,5.576551212424948e-06,1.2491255812021801e-05
20,0.00016085440761386436,3.3378412574243966e-06,1.731230262635579e-05,0.007674190135323727,8.425056373155644e-07,0.0005513853320691031,0.003025106388664183,0.019142101814995576,0.0017169741648195484,0.07864529586332024,1.7995296427950375e-05,0.0002677495404431527,0.00731409525453482,0.0022957609953034993,2.1628652396166623e-06,0.19993578337220635,0.6474900888186849,0.0024082109036919733,9.355827278647153e-05,0.00024001172335003093,7.7515604879209e-05,0.02885223460170017,4.3935671988913596e-05,7.018801860564513e-06,1.6477520574976492e-05
21,0.00018387311708638814,3.12275279925545e-06,1.4892859702213777e-05,0.00657991549632971,7.602328783672102e-07,0.0005266638871430254,0.0022147294898725717,0.012968650531820284,0.0014789100624952054,0.075671674466096,1.562890339144464e-05,0.0003003144045822426,0.0069887823481484534,0.002243972228403514,1.2079782856761252e-06,0.2082023056654231,0.6596656809071332,0.003299460430856644,7.387020655101243e-05,0.00022069056070507374,6.0070653216590484e-05,0.01922783053754115,3.522404566607526e-05,6.4766753714749355e-06,1.529155850124004e-05
22,0.0001761953379635246,2.2995289329020843e-06,1.4516966789057947e-05,0.007072410624723269,5.836177215202669e-07,0.0004292971757885183,0.0016982066834703795,0.011900153079248377,0.0011835671755313108,0.07280266955177814,1.5457652865362914e-05,0.00027255297713339656,0.00640591690849645,0.0020529828895557247,9.465553182300667e-07,0.18426442099067034,0.6913183923374957,0.003367479920137886,6.111307142165603e-05,0.00019431453971042578,5.861563950297054e-05,0.016659391405677425,3.04315870472005e-05,6.467247664955295e-06,1.1616535355186125e-05
23,0.00017950827659696976,3.051383273940511e-06,1.4703518017241888e-05,0.006521863963976279,7.300374402442735e-07,0.0005247080306403035,0.0022257252492840986,0.013333768403088241,0.0014956810419466944,0.07332200635419583,1.5152505465392142e-05,0.00028921028164176815,0.006978935440395695,0.0021684166791691574,1.2097911504305444e-06,0.20512702746570508,0.665027453078873,0.0031606915354068046,7.343372123146436e-05,0.0002176144887026754,5.765070228467701e-05,0.019205015359425214,3.516066073583022e-05,6.352753783470037e-06,1.4929277569451395e-05
24,0.00024917983842689153,3.3991365563162663e-06,1.6513005273672828e-05,0.005073554790050647,5.629896836084166e-07,0.0005596167465209932,0.0023960778603478875,0.015541345835662218,0.0018568000396630652,0.09034743154254897,1.4499062367304112e-05,0.00024448968296886947,0.005701962781053007,0.0017595645848904244,1.5919649530033763e-06,0.17196355936030125,0.6753682258461443,0.002817296356027604,0.00010614951623308798,0.00024427542868304714,6.60971985541996e-05,0.02560512121761133,3.613238034399056e-05,8.244307744055016e-06,1.8308527390268174e-05
25,0.00016741470757123772,2.1818388187206823e-06,1.5189545292635349e-05,0.008394338894077355,6.590837631371988e-07,0.00039063369363693027,0.0023616913799315614,0.01938585918892469,0.0010942834341842575,0.06207868382160896,1.6410258940937543e-05,0.00027632975984330955,0.0088521582678891,0.001745835230054135,1.1368667333326605e-06,0.22186060261618337,0.6524797183197661,0.0030360263158548863,7.608013030941123e-05,0.00020203272880292024,6.244767530289819e-05,0.017451438932746942,3.3940970261924614e-05,5.107974545611579e-06,9.798364955570071e-06
26,0.00024292470828996633,2.9749976713584406e-06,1.5730027701147152e-05,0.0073429883576911536,7.403476100991113e-07,0.0005060568450743114,0.0017579195478864599,0.013592874632023601,0.0022372138392969705,0.06521855552895851,1.6333086462070387e-05,0.00020255147178764536,0.0059592798601959245,0.0017881401323845004,1.3120929114418654e-06,0.18881599537432578,0.6941751430667492,0.0026815331816490806,6.554016246197123e-05,0.00020914824278813214,4.427706149458898e-05,0.01505157217402293,4.485919975289708e-05,1.1374818152325788e-05,1.4961242658013081e-05
27,0.0001629112332703063,3.160630741020518e-06,1.3928139112307085e-05,0.006255576046859877,7.748930438133058e-07,0.0005608358535545837,0.00263210297604757,0.01429926514507845,0.002161511029836539,0.08934417034588693,1.5009492281222969e-05,0.00023272439280397356,0.006029291075786185,0.002345296645864371,1.7070082105698696e-06,0.20711908627489786,0.6397899652853234,0.002490222914885061,7.912229755734035e-05,0.00025317900394346087,5.536504161376408e-05,0.02608659754160677,4.1423854456752063e-05,7.960638747431343e-06,1.881223859020319e-05
28,0.00017950827659696976,3.051383273940511e-06,1.4703518017241888e-05,0.006521863963976279,7.300374402442735e-07,0.0005247080306403035,0.0022257252492840986,0.013333768403088241,0.0014956810419466944,0.07332200635419583,1.5152505465392142e-05,0.00028921028164176815,0.006978935440395695,0.0021684166791691574,1.2097911504305444e-06,0.20512702746570508,0.665027453078873,0.0031606915354068046,7.343372123146436e-05,0.0002176144887026754,5.765070228467701e-05,0.019205015359425214,3.516066073583022e-05,6.352753783470037e-06,1.4929277569451395e-05
29,0.00017950827659696976,3.051383273940511e-06,1.4703518017241888e-05,0.006521863963976279,7.300374402442735e-07,0.0005247080306403035,0.0022257252492840986,0.013333768403088241,0.0014956810419466944,0.07332200635419583,1.5152505465392142e-05,0.00028921028164176815,0.006978935440395695,0.0021684166791691574,1.2097911504305444e-06,0.20512702746570508,0.665027453078873,0.0031606915354068046,7.343372123146436e-05,0.0002176144887026754,5.765070228467701e-05,0.019205015359425214,3.516066073583022e-05,6.352753783470037e-06,1.4929277569451395e-05
30,0.00017950827659696976,3.051383273940511e-06,1.4703518017241888e-05,0.006521863963976279,7.300374402442735e-07,0.0005247080306403035,0.0022257252492840986,0.013333768403088241,0.0014956810419466944,0.07332200635419583,1.5152505465392142e-05,0.00028921028164176815,0.006978935440395695,0.0021684166791691574,1.2097911504305444e-06,0.20512702746570508,0.665027453078873,0.0031606915354068046,7.343372123146436e-05,0.0002176144887026754,5.765070228467701e-05,0.019205015359425214,3.516066073583022e-05,6.352753783470037e-06,1.4929277569451395e-05
31,0.0002505165319791729,3.162529286295952e-06,1.9095664937344012e-05,0.006321161796860823,7.104540096826596e-07,0.0004426861129008491,0.002141673793640326,0.019370214131691477,0.0011991969265252274,0.06196118949804023,1.3480282298850645e-05,0.000349205833464895,0.00899440609304545,0.0017518177889338296,9.499538138217383e-07,0.1882602070319514,0.6863998776327614,0.004056773760652322,9.886053443188446e-05,0.00024138989265581648,6.403669774498769e-05,0.018006077006625154,3.403790147674979e-05,5.141235087077442e-06,1.4130915184886382e-05
32,0.00018179137612437134,3.1660543187383795e-06,1.5129261617100425e-05,0.006140816789343044,7.466024108916325e-07,0.0005471700962699846,0.002318151693224669,0.014164558207935959,0.0014595864652739174,0.0734597427830168,1.5157842341558576e-05,0.0003031911550292198,0.007230676887244975,0.0021464615408562588,1.2742043091654468e-06,0.2098433520684053,0.6579305206897716,0.003116164489039525,8.432335114346807e-05,0.00023206239466847274,5.961536069029267e-05,0.020689360407148243,3.5823403344555156e-05,6.029708331767601e-06,1.5127168140060153e-05
33,0.0006295375805271963,1.3133878860042575e-05,0.00011851772029677417,0.02420865413243188,1.0922227610684864e-05,0.003008114589689953,0.006101941544761591,0.016515475217916825,0.009885686575278574,0.35852292480850956,5.167145439309906e-05,0.0001638891231327046,0.001972752080973498,0.005886016947323804,3.91090082982285e-05,0.2763547437784885,0.2557808291422787,0.0032009498841440633,0.00021800974743925618,0.0011784347451908586,0.00069477946530003,0.03480084486970902,0.00030704003535168123,0.00014359525683726193,0.00019242618525613703
34,0.0003919561393389665,6.440182251775211e-06,2.1578530350511218e-05,0.005219519031597639,1.2349361311075155e-06,0.0004686802148772274,0.0023289295113784717,0.017114761487371496,0.002431728858177331,0.07843858695911868,2.5111990706117658e-05,0.000373124579109563,0.010588089337542994,0.0024056409201960345,1.585186377289947e-06,0.17429095820195012,0.6732591963642743,0.0033645203251138718,0.0001731699975653948,0.00022868060378320373,6.099431435720853e-05,0.028729882038102228,4.355973568936331e-05,8.831735909381988e-06,2.3238818729566473e-05
35,0.00025139267629298295,2.803636934574013e-06,1.1834628446382272e-05,0.00516750909925271,5.275894960674356e-07,0.0003442400399540514,0.001995542481120534,0.01609225242663128,0.0015196463766194415,0.06836808109422304,1.0955770472177824e-05,0.00028560029383434065,0.0069182673332043015,0.001458710519992802,7.227997083001081e-07,0.18882494558221075,0.6884072467703322,0.0037697794436268904,7.60297926936263e-05,0.00017882922466020795,4.3880720762241185e-05,0.016226781926156873,2.6033409806157365e-05,4.810603558960861e-06,1.3575760009367146e-05
36,0.00018459078929897,3.119349096875014e-06,1.5286018731223125e-05,0.006674515293165645,7.570836295353736e-07,0.0005339238640074031,0.0022515467987533843,0.013342416522432392,0.0015084852782016975,0.07510689947938376,1.5627683543598898e-05,0.0002922159445580368,0.0070221724456326845,0.0022217490556162935,1.2442657038840761e-06,0.20572308467120765,0.6620666545175075,0.0032381248882668405,7.46094585293995e-05,0.00022292917119712434,5.971208721782723e-05,0.01938260996099816,3.577296654564028e-05,6.624319429107144e-06,1.532808734530091e-05
37,0.00017602891139559317,3.0857199327562406e-06,1.4511354987472767e-05,0.006419423784753016,7.307293582298986e-07,0.0005307439164976545,0.002245328298401546,0.013400662173582208,0.0015002025883906946,0.07310670780136316,1.4937499806821328e-05,0.00029134509652628597,0.0069984014132027875,0.0021582675121754264,1.212542390585397e-06,0.20616493214993356,0.6640667760791656,0.0031065683128001817,7.411999901566086e-05,0.00021749378313571638,5.772373000804141e-05,0.019394684543250995,3.503937691017579e-05,6.155640357348026e-06,1.491704265848295e-05
38,0.00018482927596021943,3.1450477722373895e-06,1.5126902760932288e-05,0.0066950080326504,7.606384647061925e-07,0.000499415434536636,0.0021593267848160724,0.01293615165181097,0.00159951982318328,0.07602418090983742,1.5415126840669584e-05,0.0002886422621543222,0.006798424285772156,0.002312322683522627,1.2007067759211897e-06,0.19161637007268995,0.6750470542048608,0.0032793267038606433,6.982689566026887e-05,0.00021704458790745257,5.734750056645512e-05,0.020121559292739427,3.510368045613649e-05,6.823233856676491e-06,1.607426054350938e-05
39,0.00024661982855515326,5.278641510001664e-06,1.9246253935542426e-05,0.005820906654890938,9.869935077555924e-07,0.0005162832253400041,0.001130542355946469,0.004876137577997116,0.0024221889327376883,0.1003742160180248,2.5145977136543856e-05,0.0003132117953015141,0.006955601759594152,0.00365726835052149,7.871247576666697e-07,0.13783025300671475,0.715466762176425,0.003766917899281046,4.9662211484361876e-05,0.00015717893196136402,3.3239523699601925e-05,0.016285430331336306,1.880192646682497e-05,1.3909888870280825e-05,1.3422614003679703e-05
40,0.0001912434783179683,6.669782939819958e-06,2.9399543693419998e-05,0.00600825367422546,1.5619775072497064e-06,0.0009108105057628466,0.0023594056919100897,0.010982423820917563,0.0014200384925907616,0.08060597471697754,2.3381977960256706e-05,0.0005745498016817601,0.00892334699481325,0.004054213823897834,2.0110626373972157e-06,0.17905245872706252,0.6685317571016139,0.003785005001621831,0.00012579810127181544,0.0003089271784835506,9.901757909955781e-05,0.0319349487274645,3.9335315490897e-05,6.89471845485239e-06,2.2572203603220983e-05
41,0.000255867207331297,1.5880993312606455e-06,1.0875013080466936e-05,0.0032612923444472392,3.0013167303774247e-07,0.00027836578134353033,0.0026313081080390683,0.012051197400747816,0.00042387943310658326,0.06799592286327022,1.42065392898428e-05,0.0006282121252679043,0.00537395165272009,0.0029693540882403144,9.321028313468862e-07,0.11715843214880324,0.7298958466359174,0.010069884467733322,0.00012812366998847418,0.0003987568030535716,0.00012200096544672644,0.046242151238421306,4.938909737750708e-05,4.2009274676971095e-06,3.396115507078159e-05
42,0.0002584834524845911,3.2791979608592587e-06,1.0100881404964819e-05,0.01389762315874808,1.058569543095589e-06,0.0008074034141852284,0.0016697349669079582,0.001749574912075351,0.0017755303195951505,0.06685466165070762,2.7676294620852343e-05,0.0002569977403310764,0.004437454753974455,0.006554417443639431,6.852669428687772e-07,0.19867580083982928,0.6866315596304886,0.012922710468688913,1.0294080615297198e-05,0.00015827722050033963,3.128562287311185e-05,0.0031428151303680347,5.723359192712309e-05,2.4781863199848597e-05,4.055952838786352e-05
43,0.00017545384287709326,2.621877369578982e-06,1.4464799481073929e-05,0.006419475030423806,7.976769371822615e-07,0.0005926646947160073,0.0025888543507049215,0.01600133240044983,0.0024750571293791768,0.14550190787630413,1.3387110018251536e-05,0.00018636375692740364,0.005305607734679028,0.0024405607693322186,1.6221878662240632e-06,0.24220125104994722,0.5447593278590062,0.002601991073481037,9.41069943165543e-05,0.0003788274878301422,6.428585045335604e-05,0.028108283731864556,4.3145900832048856e-05,9.26890439354052e-06,1.933991040948233e-05
44,0.00017950827659696976,3.051383273940511e-06,1.4703518017241888e-05,0.006521863963976279,7.300374402442735e-07,0.0005247080306403035,0.0022257252492840986,0.013333768403088241,0.0014956810419466944,0.07332200635419583,1.5152505465392142e-05,0.00028921028164176815,0.006978935440395695,0.0021684166791691574,1.2097911504305444e-06,0.20512702746570508,0.665027453078873,0.0031606915354068046,7.343372123146436e-05,0.0002176144887026754,5.765070228467701e-05,0.019205015359425214,3.516066073583022e-05,6.352753783470037e-06,1.4929277569451395e-05
45,0.00015926729144859894,2.6560650750679807e-06,1.4638955961930138e-05,0.007155909368423125,6.95403557371478e-07,0.0005716729971287236,0.0026887997413484613,0.017600482990722977,0.0015866452727711143,0.07168035064972965,1.4439143776244823e-05,0.00023463703470902092,0.0071726078114804056,0.0017751404289170186,1.544041884841707e-06,0.24786077701742928,0.6201177804525377,0.0024279757406471033,8.218790036267414e-05,0.00022571493236622992,5.563426476479984e-05,0.018514975058183652,3.6871248674457565e-05,6.280640938012758e-06,1.2315547161406254e-05
46,0.00021668171575348915,4.422332118241293e-06,1.957457183640816e-05,0.006931673527689546,1.2284817012989876e-06,0.0006292846865375685,0.0031214413430596085,0.014264164196468464,0.001946010477863416,0.10244005361760421,1.9077380580101407e-05,0.00035150203270026503,0.007789463379926575,0.003124355248043876,1.7456626894785875e-06,0.22758597852860007,0.600314379144438,0.003902894090874934,0.00010337210834350223,0.00030450612670225824,7.820859533673134e-05,0.026776419873754412,4.18843002999501e-05,7.795180559837361e-06,2.3883396517799397e-05
47,5.564984792669494e-06,1.3068423688476386e-07,3.3704520839238296e-05,0.527814662436365,4.839856691039548e-06,0.0013672746804688394,0.0007063358490076088,0.0006404531222676305,0.0007734418241897625,0.03341922461250684,6.666501341349593e-05,7.384602928965166e-06,0.0018735665211404406,0.018444235852066143,2.787397776267005e-06,0.29617925179190024,0.11691932812239854,0.000991413706798227,4.066782870520557e-07,0.00013952603297674978,2.5820372474765817e-05,0.00028749349741217085,0.00015490215397512757,0.00013889639579550418,2.689289290826559e-06
48,0.00013288275848057676,2.5222879742678345e-06,8.819135284665485e-06,0.0035062123129365012,2.7323728991897086e-07,0.0004886796144579808,0.0018019005241404096,0.017491055144353253,0.0008951221016769676,0.02741634314948351,8.782457139592136e-06,0.00022951365258395607,0.008587622674544382,0.000700486132802711,7.621601588120825e-07,0.1741358383316038,0.7525392923513746,0.0014096315047406071,8.195876067400071e-05,0.00010122103144211784,2.75525839701143e-05,0.010406008538333636,2.027171540490569e-05,2.1611373791173963e-06,5.0867017694700405e-06
49,0.00015677242872972862,3.519044215937564e-06,1.844292067725413e-05,0.0060172585787191465,7.871143968142306e-07,0.0006407936435002625,0.0020946744756334414,0.01232171622232158,0.0012636982577530866,0.07121252177678133,1.597647529110356e-05,0.0003829826331510558,0.007507554071597898,0.002586289250513424,1.3082374476289398e-06,0.17714923854998577,0.6908837872713858,0.0032634464656372537,8.443167750013686e-05,0.0002571045786513341,7.076378710601471e-05,0.02401231334758804,3.378571223979645e-05,5.779646022563205e-06,1.5053833153557038e-05
50,0.00019940675592767834,3.0745443259919075e-06,1.3533135345781074e-05,0.005777374820988001,7.395825743319016e-07,0.0004711766905153114,0.003281111908592893,0.016962419931343252,0.0018701929701093326,0.10502450180113215,1.3169639097604931e-05,0.00025378706769011626,0.006618458647158171,0.0022173968449763805,1.4113856458476982e-06,0.2258934581234922,0.6006961065900887,0.003339364289213912,9.581044409840828e-05,0.00027259742147259117,6.073599775385184e-05,0.02687026059306503,3.634204817882557e-05,6.228786697050605e-06,2.133998051664953e-05
51,0.00014630401387197105,3.89569499120898e-06,1.7009150716906606e-05,0.012001870889047394,8.764323671581562e-07,0.0003894304760546296,0.0017319568264140717,0.012092991433167803,0.002030085038992024,0.06764588311424347,2.0343177656118595e-05,0.00022186793581857334,0.00830567665316061,0.0021476046526960678,1.0904705492352742e-06,0.15622880877047082,0.7204937201608151,0.0019651008466187478,3.504475195831576e-05,8.95597313588762e-05,4.684924261980237e-05,0.014349196208514074,1.908807484458158e-05,8.23711764346009e-06,7.509135408903421e-06
52,0.00019266883095738852,1.3307152800034794e-06,1.4246349424484472e-05,0.009191368565099195,5.620301589602657e-07,0.0004713515175658379,0.0014045341528727876,0.008632962882612913,0.001147380679570596,0.09540723126125121,1.6930450878220026e-05,0.00020150727363438365,0.00595583089028954,0.00224259872401426,7.066397017352746e-07,0.2716614378972011,0.5884466341307275,0.00483850833991506,4.251769312621029e-05,0.0002681695681052213,4.1756489164416124e-05,0.009768301681140063,3.078595001485055e-05,1.1211706262078997e-05,9.465581031921905e-06
53,0.00016688238074317286,2.849074448352194e-06,1.3262297444999572e-05,0.006673618219233941,7.113332643421071e-07,0.0005296521435815152,0.0025893473260482055,0.014099930344622718,0.0015814542055836496,0.0744313094084912,1.4439868900875072e-05,0.00026760820339479245,0.006772833226189785,0.00213978930604725,1.3093409052219063e-06,0.22134041141121055,0.6467025665158119,0.0030723692434985244,7.125496363928513e-05,0.00022675704654728093,5.597085210644355e-05,0.01918579866639752,3.7808834804703766e-05,6.253999348426204e-06,1.5811787735378075e-05
54,0.00014859442273338128,7.166227770899394e-07,9.508554021413543e-05,0.035706248471270755,7.801055690456836e-07,0.0005597112980496146,0.000679318475752813,0.021972122727948525,0.00043639134922834194,0.040530519756048815,5.222613278236761e-05,0.00017902326777868057,0.013371029187774398,0.0021049904638003147,1.606796425539023e-06,0.1446402920580549,0.725311321707522,0.0025132809081618145,6.390369507664646e-05,0.00037377561055554055,0.00011157217952938118,0.01106905310007856,5.361395691820148e-05,2.265634585559991e-05,2.1658200934406905e-06
55,0.0002817068788421882,7.099904069983283e-06,1.2712792957531112e-05,0.005169227001686118,1.200125501039652e-06,0.000436568964536867,0.0028695335332742417,0.010865944298408925,0.0018462329462714492,0.05764711826809794,1.671381043776168e-05,0.0007413869247268158,0.008857357201763876,0.0023215250554479996,9.538138938191588e-07,0.200834670901542,0.6858674875976355,0.005881747068170721,8.310040802922567e-05,0.0001608162007106883,6.399143368040072e-05,0.01597455749464983,2.8112073100994728e-05,4.457735846224342e-06,2.5777566717875634e-05
56,0.00017675821275715784,3.1885056337417604e-06,1.5106252804836029e-05,0.006525377420222898,7.509198710982027e-07,0.0005214239890224172,0.002239067247901754,0.013581963481365159,0.0014574286401354743,0.07025970617737179,1.5537692115080465e-05,0.0003022069422306742,0.007574872991597793,0.002148429357448932,1.189082934620774e-06,0.2038338968607269,0.6688161201087456,0.0031443746759436965,7.439709872215969e-05,0.000212118231299299,5.646163386918665e-05,0.018985485691653176,3.380429216984986e-05,6.04783569273548e-06,1.4286657764051014e-05
57,0.00018822003505609945,3.911278150896843e-06,1.800209537827528e-05,0.004431857525460772,8.462560260059431e-07,0.000517307812865497,0.0023077896479595135,0.017450984515503767,0.0011016365210480016,0.06500926323455464,1.5200573856879059e-05,0.0005157096420854754,0.009220883497128922,0.0020153608594788612,1.2318985224314406e-06,0.20022214146339257,0.6627791363029658,0.00323011122562978,0.00015406316727939646,0.0002652751196833707,7.796130568730093e-05,0.030423871987756593,3.1325454241060655e-05,3.7540303244946603e-06,1.4154549963576528e-05
58,0.00019230044737303295,3.1231655132868983e-06,1.582180024690291e-05,0.006903909435554645,7.637303255412666e-07,0.0005351990251610878,0.002209572641246273,0.01339216012946053,0.001639157285085863,0.07662786362265164,1.652440446324997e-05,0.0002696885102263144,0.006943372160275923,0.002168126823381396,1.3307285657652492e-06,0.20804517208569437,0.6585103867026025,0.003058456577606206,7.404136719555591e-05,0.00021978990886358803,5.6835086241970034e-05,0.01905757610232406,3.6160464059433593e-05,7.726619230502426e-06,1.494117665005446e-05
59,0.00019319857644230993,3.0587965311138718e-06,1.7003627949442498e-05,0.007252810745545025,7.895498620085023e-07,0.0005433972642191216,0.0021833906590240544,0.013214890127116416,0.001707786629347522,0.08196793294793459,1.7080848106699133e-05,0.00026110207861972443,0.00661265881736464,0.0023196230487827264,1.4242929927052596e-06,0.2028543108233823,0.6573355771139462,0.0031135980730472557,7.387503956116536e-05,0.00023752106725871667,5.909472107186122e-05,0.019967403463456913,3.784793595748798e-05,8.78514661267434e-06,1.583860586745734e-05
60,0.00017950827659696976,3.051383273940511e-06,1.4703518017241888e-05,0.006521863963976279,7.300374402442735e-07,0.0005247080306403035,0.0022257252492840986,0.013333768403088241,0.0014956810419466944,0.07332200635419583,1.5152505465392142e-05,0.00028921028164176815,0.006978935440395695,0.0021684166791691574,1.2097911504305444e-06,0.20512702746570508,0.665027453078873,0.0031606915354068046,7.343372123146436e-05,0.0002176144887026754,5.765070228467701e-05,0.019205015359425214,3.516066073583022e-05,6.352753783470037e-06,1.4929277569451395e-05
61,0.00019380442166540306,3.0335153980265807e-06,1.7726310406670117e-05,0.007278035067250513,7.660588774084616e-07,0.0005551467635832716,0.002112949118837338,0.013610474794757818,0.0015663454960105829,0.0780505850799481,1.6891557270455538e-05,0.00027016509030952467,0.0068560039123704945,0.002247252787772424,1.379254594346686e-06,0.2004241236292719,0.6638556435833229,0.0031256505314561935,7.582681302880928e-05,0.00023402712993986395,6.0824780030926074e-05,0.01938371252257786,3.671953215025802e-05,8.234344477251206e-06,1.4677904691634277e-05
62,0.00017950827659696976,3.051383273940511e-06,1.4703518017241888e-05,0.006521863963976279,7.300374402442735e-07,0.0005247080306403035,0.0022257252492840986,0.013333768403088241,0.0014956810419466944,0.07332200635419583,1.5152505465392142e-05,0.00028921028164176815,0.006978935440395695,0.0021684166791691574,1.2097911504305444e-06,0.20512702746570508,0.665027453078873,0.0031606915354068046,7.343372123146436e-05,0.0002176144887026754,5.765070228467701e-05,0.019205015359425214,3.516066073583022e-05,6.352753783470037e-06,1.4929277569451395e-05
63,0.00018347243471414595,3.2488533701363054e-06,1.4838945838909248e-05,0.006411307579241314,7.472581835338616e-07,0.0005267786933313827,0.0022406322469360495,0.01331494488424701,0.0015317666992943062,0.07333067892768352,1.5363371304177907e-05,0.00029595554221569664,0.007080036578837513,0.0021688475532534415,1.2248464865561103e-06,0.20230598792720195,0.6675566297279699,0.003138294082362297,7.467034206604755e-05,0.0002123075756260072,5.782579955045946e-05,0.01947849896694255,3.4480582576214695e-05,6.334014395211935e-06,1.51265663715506e-05
64,0.00019753759817989225,3.5407898275807716e-06,1.7337545387459898e-05,0.00729064204999059,8.913862511235597e-07,0.0005653833307863871,0.0025056718373400832,0.014977900168606522,0.001519373794735014,0.07896218416885022,1.7347815589962176e-05,0.00032508988451663694,0.0073694995973254225,0.002318893346452116,1.4690338831960877e-06,0.210225006546064,0.6488362515068775,0.0033530159364842946,8.615141730855574e-05,0.00024204767483017355,7.750339362737706e-05,0.021044074085557245,3.966215379787745e-05,6.843939280597424e-06,1.6680998450250696e-05
65,0.0001853783318413912,2.9409600562423275e-06,1.2839411813252351e-05,0.005888925630483171,6.860304431315288e-07,0.0004695211043465664,0.0021372287658648144,0.01218975213187052,0.0015058514032544846,0.07352156480437684,1.4010518146374546e-05,0.00030048533053201915,0.00677703625932088,0.0021280038865997626,9.917193518657763e-07,0.2039733517924219,0.6684669794693462,0.0035121221702045994,6.829622725946636e-05,0.00021114498597971863,5.144415172366642e-05,0.018527425761540716,3.261715105400855e-05,5.91730756228589e-06,1.5484694606112462e-05
66,0.0002521755962049519,3.430967288491498e-06,1.1759257811383118e-05,0.004238566691209672,4.6833055683258777e-07,0.0005925083167713627,0.003621380913103924,0.02377040623287913,0.002206411245428022,0.05252420925296185,1.0322136239105472e-05,0.00021071385627433983,0.006017806644233824,0.0013420914104269903,1.8945712197061675e-06,0.17197779610109384,0.7072566670113559,0.002492829762735493,0.00011555923236128524,0.0002514962984148805,4.234836148791568e-05,0.022978520602173338,5.169877820063987e-05,6.1875481315843314e-06,2.2750881435484396e-05
67,0.0002198536562419919,3.512312848182456e-06,1.610092037338096e-05,0.00686907504402095,8.641613019057278e-07,0.000408996139309477,0.002487844719900703,0.018674344627699756,0.0018476110476943672,0.07497397082782123,1.4629253395617542e-05,0.00028125103551733803,0.007855520061303392,0.0016161036727077001,1.202196550973552e-06,0.2305335393062915,0.6319778103438877,0.0028355502072251126,8.79892982000015e-05,0.00017025617276201,5.2581011308164546e-05,0.01902653964334192,2.6707629644476508e-05,5.586455755288745e-06,1.2560254896826609e-05
68,0.00020079537839977192,4.155521051333707e-06,1.5104597946643427e-05,0.006409494445225372,1.0107292482320524e-06,0.0005609577265154724,0.002348816508258575,0.013851726906680425,0.002288388218858756,0.09023457970920563,1.7998508651923034e-05,0.00025481361166979603,0.005850917174644496,0.0024381246736073442,1.9181423360804967e-06,0.20760355354049498,0.6381956116873723,0.0023449710680322256,9.194404679279615e-05,0.00021100530929813013,6.194761950529255e-05,0.0269419894652906,4.183742335195973e-05,8.666413927037663e-06,1.967157363468586e-05
69,0.0001852299650433724,3.300520358159232e-06,1.3164306576814014e-05,0.008466263608547046,8.990166273474389e-07,0.00044454820771436303,0.002522568068941522,0.013196493042947262,0.002455175349630973,0.08307730319982991,1.4543173313421506e-05,0.00021191137522593627,0.005726505575879648,0.0020643399618638773,1.3687033983117214e-06,0.23163903283011847,0.6309787582819311,0.0027864976798937426,5.1435430335290444e-05,0.00015444025006620607,4.584322248346296e-05,0.01590282887860774,3.2214183303969456e-05,8.11960326960489e-06,1.7215564092290846e-05
70,0.0007395268886245246,1.3279417509871042e-05,2.8878858701493314e-05,0.003016859503092938,9.874442955384827e-07,0.0003477173287603072,0.0036023995569128687,0.023853311720284223,0.001234663876044136,0.08389879586783766,3.074402065427e-05,0.0007864631332197787,0.009812144347203974,0.0020257461400305468,2.716823282386355e-06,0.0943158918082521,0.6917179928142873,0.00447425926021266,0.0004101840036016162,0.0001632924588908441,0.00018465628967871946,0.07926588313942005,3.0145138335262245e-05,5.362410905746804e-06,3.809774996105711e-05
71,0.00018125484215690156,3.06178216195718e-06,1.44627923491991e-05,0.006486707787352337,7.348141224463344e-07,0.0005176553646241853,0.0022321189650646167,0.013397192610992995,0.0015086978909223021,0.07343194939087028,1.5088671307773e-05,0.0002903169841573864,0.0069897446053083,0.0021487585014382947,1.1988108493700743e-06,0.20821301182425322,0.661945304094033,0.0031744417561915274,7.349916890226318e-05,0.0002162598750563171,5.7137183204351394e-05,0.01904510330207809,3.50449337422893e-05,6.309033696990113e-06,1.4945015163662201e-05
72,0.00018511722053607673,3.982182457576886e-06,1.5532768158611385e-05,0.0032772669018933877,6.218238424368439e-07,0.0003391953102702963,0.0015600570478577218,0.012841281493799988,0.0012368533235114895,0.06444804144473065,1.3175159993678867e-05,0.0004331713955983793,0.006009057339343178,0.0029024208324977766,1.1546202691721807e-06,0.09092056915773666,0.7582906651346337,0.0031098567740348673,0.00011200147254872804,0.0002203381422697269,7.180298248804813e-05,0.053942532482936734,3.647547936955033e-05,4.079880201240159e-06,2.474962902023357e-05
