,0,1,2,3,4,5,6,7,8,9,10,11,12,13,14,15,16,17,18,19,20,21,22,23,24
0,1.6609689298976614e-05,8.530180343940576e-06,0.0014918149521688118,0.004969241301181557,1.0569313371467532e-05,0.0005001313445058953,7.758157345742058e-05,4.505423075371294e-05,0.002605113911717681,0.0008215995172496,3.6998926200612324e-08,0.000126940907079329,0.0002863924808348761,4.983761744166438e-06,1.65956442031415e-05,0.9839351140380781,1.9613414123259133e-05,0.00012539766385757378,1.2904089074100209e-06,0.003965811185800508,0.0006589732388293519,2.3128222054646536e-06,1.2488956434724462e-06,1.6018487034000397e-05,0.0002930240386842674
1,2.0108268782071705e-05,9.28504902485887e-06,0.002056909371146309,0.005027054708021724,7.878916156467201e-06,0.0004825784151335041,9.385893446115671e-05,4.4604526975355065e-05,0.0027503616251645566,0.0011574434383924271,2.9469949424213e-08,0.00014115030890948647,0.00023569218864702004,4.340570617884223e-06,1.5249189135782737e-05,0.9836944116610277,1.2559355389239473e-05,0.00013831070453264237,1.3686442469496583e-06,0.003133767981857733,0.0006529207649567666,2.161588100441874e-06,1.1071598745851377e-06,1.6598941551234392e-05,0.0003002482179447916
2,2.796066064920397e-05,1.3721433295783457e-05,0.001970496865518978,0.0065913173453656495,1.738030361015379e-05,0.0005023964970749923,0.00013613471229604752,5.491838088451721e-05,0.002962077675851583,0.0012986918020064368,4.6408095458769484e-08,0.00019361609782609168,0.00034173688185365215,9.135687876316332e-06,2.345049939855561e-05,0.9785948495614871,2.3904076760056854e-05,0.00019436378643394108,1.2410322862185793e-06,0.005679211450680499,0.0007261025082388922,2.7569747840368066e-06,1.9440250625170272e-06,1.6494826401858645e-05,0.0006160505062615317
3,2.4773857099031862e-05,1.2470050300624449e-05,0.0022559984575476924,0.008400795668149266,1.1994848737844138e-05,0.0005884630556663121,0.00012135604985542473,5.453614762424509e-05,0.002845940108099751,0.001409970926321649,4.7655880195221555e-08,0.0001971999802490224,0.0003205259873907326,8.404684728088688e-06,1.834866957387804e-05,0.9773587512624909,2.415823467992597e-05,0.0001987969467337345,1.3588926257915466e-06,0.0047294584645869156,0.0008809653079048068,3.1488826734069466e-06,2.1581159366681675e-06,2.0354590463919284e-05,0.0005100231546800193
4,2.6889080968090715e-05,1.278328545398986e-05,0.0022854728222474344,0.008814784286241693,1.2557006032981432e-05,0.0005852311365859996,0.00012561925067497372,5.352896235616312e-05,0.003078798757552117,0.0013471210056887545,4.9885616171747806e-08,0.00023910356387138438,0.00041536188796825816,9.125445447235238e-06,1.858890238129856e-05,0.9761508082065061,2.787990548526685e-05,0.0002140799356521321,1.4285200789040638e-06,0.0050239294672334775,0.0009695756658234534,3.4775144892890357e-06,2.2256000318952627e-06,2.208865282018549e-05,0.0005594912527929001
5,2.8120996553335975e-05,1.3222730352654317e-05,0.0022458762346713817,0.011660173088032041,1.0994965339435489e-05,0.0006195772968912415,0.00011918689200044662,5.297835515879301e-05,0.00300402181335391,0.0016191632928359934,5.0365586977141625e-08,0.00024411024874772524,0.00037677447848229244,1.1050561424263916e-05,1.6921131475338388e-05,0.9726494989621345,2.974459904010076e-05,0.000287299147189427,1.256333765263167e-06,0.005345793792742059,0.0010160767916991408,3.847258923751108e-06,2.468541086817947e-06,2.3533168188093267e-05,0.0006182589543251208
6,2.4773857099031862e-05,1.2470050300624449e-05,0.0022559984575476924,0.008400795668149266,1.1994848737844138e-05,0.0005884630556663121,0.00012135604985542473,5.453614762424509e-05,0.002845940108099751,0.001409970926321649,4.7655880195221555e-08,0.0001971999802490224,0.0003205259873907326,8.404684728088688e-06,1.834866957387804e-05,0.9773587512624909,2.415823467992597e-05,0.0001987969467337345,1.3588926257915466e-06,0.0047294584645869156,0.0008809653079048068,3.1488826734069466e-06,2.1581159366681675e-06,2.0354590463919284e-05,0.0005100231546800193
7,8.259760669550541e-05,1.7241896535645005e-05,0.007137412587645128,0.007962361325681604,1.707923568159114e-05,0.0008817105220761834,0.00022074326539678996,8.202449115341785e-05,0.003963155116426326,0.0020926888773584898,6.297004407628997e-08,0.0002713787805145579,0.0005928226632059844,7.874063952749732e-06,1.5608577146695605e-05,0.9695846479992516,2.2025907602868725e-05,0.0002871058974498909,2.784148904455728e-06,0.005256162035255552,0.0008295396488307824,2.1382863429109748e-06,2.574717137450499e-06,4.433330103748368e-05,0.0006239260786721746
8,4.7565902212220714e-05,2.8940869652326725e-05,0.005708344808536286,0.020345604647975322,1.6136988459739474e-05,0.0008476291476756624,0.00023856306954582685,8.177346407681848e-05,0.0032765019813115236,0.0031479056391399847,7.399148962658523e-08,0.00033534173654923617,0.00035864768391147554,1.5330722204777793e-05,1.5314008347941153e-05,0.9560104266646279,2.201056706775487e-05,0.00022392606644731038,1.8103234139643377e-06,0.007416713088373919,0.0010463259502967541,2.660152167319645e-06,6.256777855307518e-06,4.165695157622222e-05,0.0007645387970846346
9,2.6965491122929814e-05,1.500837959132574e-06,0.00020762572959614123,0.00025631265946710416,3.803283635354768e-05,0.000304421357539563,3.581383732311472e-05,6.325481220368232e-05,0.0019627652384151296,9.487633623492783e-05,5.8151255785687136e-08,3.323413652103257e-05,0.0004070165604775063,3.743827874560987e-06,4.339961159913608e-05,0.9941345254942138,8.985498830363776e-05,0.00029691453830229674,1.8345709927587755e-06,0.0015634395789607437,0.0001875041256015644,4.32839049331991e-06,1.4115089152739722e-07,3.649325554132728e-06,0.00023878641274318525
10,2.4773857099031862e-05,1.2470050300624449e-05,0.0022559984575476924,0.008400795668149266,1.1994848737844138e-05,0.0005884630556663121,0.00012135604985542473,5.453614762424509e-05,0.002845940108099751,0.001409970926321649,4.7655880195221555e-08,0.0001971999802490224,0.0003205259873907326,8.404684728088688e-06,1.834866957387804e-05,0.9773587512624909,2.415823467992597e-05,0.0001987969467337345,1.3588926257915466e-06,0.0047294584645869156,0.0008809653079048068,3.1488826734069466e-06,2.1581159366681675e-06,2.0354590463919284e-05,0.0005100231546800193
11,2.5705376326015725e-05,1.2404115549574198e-05,0.0022758882945728507,0.008446913305305547,1.2419403586966705e-05,0.000580746549573982,0.00012324163899467223,5.388493573277952e-05,0.002931004461065686,0.0013600643882984017,4.853130650450825e-08,0.00021538247248341607,0.00037858953027193083,8.515055192572618e-06,1.785641591032318e-05,0.9769210143378665,2.5493275961550077e-05,0.0002002294730293406,1.389894267705878e-06,0.004963769212137659,0.000902486757196803,3.1604957575187626e-06,2.18394577320717e-06,2.1699248784757125e-05,0.0005159088850537768
12,3.295341536036948e-05,1.6046475763183395e-05,0.0021967134960246314,0.01033783323487286,1.74102410294961e-05,0.0007552083785790704,0.00012952548479550102,4.9313094537307114e-05,0.0031982378337814176,0.0018008334081051592,4.947121333105508e-08,0.00020749354629464198,0.00042520822362043695,1.4240637099048577e-05,1.8896269808480184e-05,0.9719347253172362,4.281639678132558e-05,0.0003189579204129706,1.2423623979262509e-06,0.006474762093841703,0.0011433814429436622,3.6769857192495025e-06,2.791803912046276e-06,2.0192675453489818e-05,0.0008574897904163387
13,1.8068266926707375e-05,1.1707220292187337e-05,0.002125964363085242,0.011580922059620377,1.3581524222823087e-05,0.00047699682232581875,0.00016279263333725664,8.968062926468328e-05,0.002501173503452913,0.0010977952542575635,9.995818870974533e-08,0.00035833099239654273,0.00037317863991878457,1.4778238260891146e-05,2.3080031835614253e-05,0.9742716473216931,2.7566928474192038e-05,0.0001739020865140466,1.2854605679777767e-06,0.005114390952678107,0.001005067549746341,4.845582260012677e-06,3.502372243660993e-06,2.128094081567842e-05,0.0005283606676204759
14,2.4950955731746738e-05,1.1929664516373328e-05,0.0024279283351611282,0.008610945762622014,1.167422542002048e-05,0.0005976975402724834,0.00012230308072841526,5.451989560709346e-05,0.002955469429279671,0.001367259095097959,4.712442153119157e-08,0.00020516939292760986,0.00033255242809902564,8.129894704260977e-06,1.834916809261927e-05,0.9769034159277437,2.4397817063417487e-05,0.00020113545813538831,1.3274013711678044e-06,0.004638022596755956,0.0009367579011236941,3.190399974453566e-06,2.1605487146311295e-06,2.0675254540615745e-05,0.0005199907018948554
15,2.4773857099031862e-05,1.2470050300624449e-05,0.0022559984575476924,0.008400795668149266,1.1994848737844138e-05,0.0005884630556663121,0.00012135604985542473,5.453614762424509e-05,0.002845940108099751,0.001409970926321649,4.7655880195221555e-08,0.0001971999802490224,0.0003205259873907326,8.404684728088688e-06,1.834866957387804e-05,0.9773587512624909,2.415823467992597e-05,0.0001987969467337345,1.3588926257915466e-06,0.0047294584645869156,0.0008809653079048068,3.1488826734069466e-06,2.1581159366681675e-06,2.0354590463919284e-05,0.0005100231546800193
16,1.9846633666837517e-05,1.2274462566600805e-05,0.001751282266703426,0.008369564489616737,1.0112806881436082e-05,0.00046678100522477953,0.00012051096469507706,5.413604337907593e-05,0.002554832694919154,0.0015562412047081873,3.872789011073167e-08,0.00022059475360925354,0.00029918188210203945,8.808291463841729e-06,1.839894234665788e-05,0.97803413306096,2.316942093485713e-05,0.0001958529835336504,1.243356463362736e-06,0.004739049032121603,0.0010127015261601215,3.7091847821900586e-06,1.978400000890785e-06,1.6425024309030835e-05,0.0005091328409611946
17,2.352929218793316e-05,1.2667744896646892e-05,0.0020561162190436237,0.009580866738639691,1.2899551564019155e-05,0.0005484349346214751,0.00012888727871227367,5.81566966459071e-05,0.002739975743893346,0.0014193919623688542,5.206910590518407e-08,0.000235220642965546,0.00037006550679665145,1.0602251937354284e-05,1.83245901479785e-05,0.9756240717538464,2.9445027250273595e-05,0.00021301957941058603,1.2572953008698024e-06,0.0053431840099595306,0.0009735344419606823,3.6961782495327266e-06,2.5307142578685274e-06,1.9835559520076198e-05,0.0005742342167167412
18,3.572828627589134e-05,1.542015150245571e-05,0.002189860006113227,0.010674817387751213,1.841497062413871e-05,0.00062211918052171,0.0001706601468851936,5.2582086217663575e-05,0.003235457513114898,0.0020380049616310256,4.7997225908415796e-08,0.0002995814595068764,0.0005331341781682293,1.6273856628813922e-05,2.25789998753324e-05,0.9699016169023783,5.2886511414781815e-05,0.00041826394834596186,1.163866220612352e-06,0.006962477734476574,0.0014803123837884293,5.008159242649667e-06,2.8891962457047895e-06,1.802765005525686e-05,0.001232672465789323
19,2.0411669250371126e-05,1.2670215085546616e-05,0.002345973508095724,0.010058345078861343,9.928463022749164e-06,0.00042487077584152047,0.00015707185513497339,5.508167249660848e-05,0.003041824953491876,0.0014147306014140383,4.2179607528918985e-08,0.00031202965465276463,0.0003598620725458134,8.135318588546402e-06,1.8669956134887207e-05,0.9755507079166758,2.1658645493694975e-05,0.00017813705691576564,1.190691407128988e-06,0.004347896185169924,0.0011050270632229026,4.021834856506601e-06,2.089287337831955e-06,1.8514740600048528e-05,0.000531108604096238
20,1.4819509270458888e-05,9.496017934543755e-06,0.0016815198929585216,0.007287002271193211,8.413290148712889e-06,0.0003995156957979878,0.00011977051970889528,7.582788096286654e-05,0.0023636440237440794,0.0011064631664977765,5.2419373603640575e-08,0.00021707125104626418,0.0002167284297407138,7.53579869954388e-06,2.4339244078014875e-05,0.9816145395428598,1.88228676991938e-05,0.00015761348079196955,1.3073327544409223e-06,0.0034105911763839683,0.0008725856756912194,4.818101621724073e-06,1.6927470426067067e-06,1.4500886645509847e-05,0.00037132877735444246
21,2.306771635405367e-05,1.2044767698648833e-05,0.002038647800374435,0.008239706977028801,1.0790066636578798e-05,0.0005320253514378091,0.00011251102412598869,5.200598833000844e-05,0.0027302873863903456,0.0013568147371281645,4.305978294400075e-08,0.00019579817857799949,0.00030632135952692486,8.311775655625477e-06,1.6691640120255864e-05,0.9782647916859486,2.1488763511410208e-05,0.0001899971548650674,1.2534635785763906e-06,0.004580786314500833,0.0008189163123551108,2.9462805485976773e-06,1.917150972298808e-06,1.895804970218689e-05,0.0004638769948484016
22,3.829009205641522e-05,1.1486715418499842e-05,0.002623456210736812,0.008447535169799262,1.3777439379203655e-05,0.0007297908880050245,0.00011288484463086262,5.880969803047301e-05,0.003153456866645245,0.0014745266923969003,5.708139190432951e-08,0.0001609015966682365,0.0003083577173910235,9.368516750195933e-06,2.0608387277541226e-05,0.9763050355129046,3.5108991552069e-05,0.00037980100327078857,1.3003336813360251e-06,0.004515241608500798,0.0009280161248317205,3.924421909286452e-06,1.954605285361001e-06,2.1155660236433576e-05,0.0006451538212500103
23,2.4773857099031862e-05,1.2470050300624449e-05,0.0022559984575476924,0.008400795668149266,1.1994848737844138e-05,0.0005884630556663121,0.00012135604985542473,5.453614762424509e-05,0.002845940108099751,0.001409970926321649,4.7655880195221555e-08,0.0001971999802490224,0.0003205259873907326,8.404684728088688e-06,1.834866957387804e-05,0.9773587512624909,2.415823467992597e-05,0.0001987969467337345,1.3588926257915466e-06,0.0047294584645869156,0.0008809653079048068,3.1488826734069466e-06,2.1581159366681675e-06,2.0354590463919284e-05,0.0005100231546800193
24,2.3360507218514253e-05,6.482173894046851e-06,0.004281832421145709,0.004120559877262367,1.5442893860058195e-05,0.0006762448547874677,0.00019186203582979792,5.624522892407614e-05,0.0033164234817412773,0.0010456899934696954,5.225714071801624e-08,0.00016466730212992694,0.00030432343787228206,3.2601241689636795e-06,3.464701695129502e-05,0.9809348152482156,1.9746947586326195e-05,0.0001502958850127012,1.4480997015079591e-06,0.002828811035118994,0.0012134630043982126,3.0605962106734246e-06,1.8033785674277712e-06,1.8653878015321587e-05,0.0005868083207771126
25,1.1876917328762536e-05,9.306332646836514e-06,0.0012651462634819708,0.0096221285684485,9.324457609917965e-06,0.0004037722529057215,9.731893048372314e-05,9.422406987679185e-05,0.0016119369420025222,0.0010068989148325025,7.493740079818592e-08,0.0001705105404899662,0.0001867905366171756,1.1870191806466231e-05,1.4236578784490879e-05,0.9801340218952675,1.860648092803537e-05,0.00012736703985829936,1.070016207891061e-06,0.0043807169562764805,0.0005557828341853191,3.199728303917626e-06,2.3370108609176376e-06,1.579571182849089e-05,0.0002456858915667362
26,6.454341422373861e-05,1.5390580861022516e-05,0.004152316257625252,0.009989614177228193,1.7504521902134164e-05,0.0010797107314892416,0.0001004395274322272,4.071396824899986e-05,0.0044205927078592566,0.0015111581992523094,6.129056141351424e-08,0.00017697738167222977,0.000646929164799257,6.821158151695185e-06,1.1548261941276377e-05,0.9689265084013607,3.731513698242009e-05,0.0003237848278300323,2.0509932946551973e-06,0.006945939183076306,0.0009289891898009105,2.312480673799283e-06,3.097862121030328e-06,6.213706922071364e-05,0.0005335435123913555
27,1.889002570076255e-05,1.047630639114671e-05,0.001845990344742672,0.007697763627961849,9.381333607412742e-06,0.0005018617173974334,0.00010696818026101133,5.792739470304264e-05,0.0026816309259354407,0.0011839706356202438,4.8178449346538474e-08,0.0001856157155505596,0.00024377671463000623,7.234978111320816e-06,2.0720029850959125e-05,0.980211325021116,2.058971540101947e-05,0.00017835307313931198,1.3211878370176064e-06,0.0037667640525073337,0.0008218619306701749,3.878258832579028e-06,1.791165598454368e-06,1.777015863646429e-05,0.00040408932734846236
28,2.4773857099031862e-05,1.2470050300624449e-05,0.0022559984575476924,0.008400795668149266,1.1994848737844138e-05,0.0005884630556663121,0.00012135604985542473,5.453614762424509e-05,0.002845940108099751,0.001409970926321649,4.7655880195221555e-08,0.0001971999802490224,0.0003205259873907326,8.404684728088688e-06,1.834866957387804e-05,0.9773587512624909,2.415823467992597e-05,0.0001987969467337345,1.3588926257915466e-06,0.0047294584645869156,0.0008809653079048068,3.1488826734069466e-06,2.1581159366681675e-06,2.0354590463919284e-05,0.0005100231546800193
29,2.4773857099031862e-05,1.2470050300624449e-05,0.0022559984575476924,0.008400795668149266,1.1994848737844138e-05,0.0005884630556663121,0.00012135604985542473,5.453614762424509e-05,0.002845940108099751,0.001409970926321649,4.7655880195221555e-08,0.0001971999802490224,0.0003205259873907326,8.404684728088688e-06,1.834866957387804e-05,0.9773587512624909,2.415823467992597e-05,0.0001987969467337345,1.3588926257915466e-06,0.0047294584645869156,0.0008809653079048068,3.1488826734069466e-06,2.1581159366681675e-06,2.0354590463919284e-05,0.0005100231546800193
30,2.4773857099031862e-05,1.2470050300624449e-05,0.0022559984575476924,0.008400795668149266,1.1994848737844138e-05,0.0005884630556663121,0.00012135604985542473,5.453614762424509e-05,0.002845940108099751,0.001409970926321649,4.7655880195221555e-08,0.0001971999802490224,0.0003205259873907326,8.404684728088688e-06,1.834866957387804e-05,0.9773587512624909,2.415823467992597e-05,0.0001987969467337345,1.3588926257915466e-06,0.0047294584645869156,0.0008809653079048068,3.1488826734069466e-06,2.1581159366681675e-06,2.0354590463919284e-05,0.0005100231546800193
31,5.353942935605352e-05,1.7245432426786163e-05,0.004203665570190602,0.008898903679702114,1.4309360429802613e-05,0.0006732771825797628,0.00018705012508142893,0.00010436166596378768,0.003298619502456768,0.0019792948428849627,6.065593067367639e-08,0.00024603641093681305,0.000365327097561593,1.0079084194901752e-05,1.812471542267296e-05,0.9733661634872028,2.399382567871115e-05,0.00028306444040102855,2.312539294363171e-06,0.004769671376024141,0.0008929410752370198,3.164963865560315e-06,2.4060458353732182e-06,2.7004715535765554e-05,0.0005593827758064455
32,2.5889652146618014e-05,1.2921973613639326e-05,0.00226932434077732,0.00793115508337213,1.1676362795094913e-05,0.0006077128381564203,0.00012011666077842929,5.711404887770916e-05,0.0029119091432994303,0.0014204299473514989,4.89066889998881e-08,0.00019676924349068363,0.0003188678980494629,8.114185116412109e-06,1.876803020355723e-05,0.9779700027669036,2.3616704169959693e-05,0.00019690873359161484,1.58680125483368e-06,0.004516620131506088,0.0008736097544872584,3.248853221620883e-06,2.0861259336696975e-06,2.1413222100880537e-05,0.0004800885921129154
33,2.5404558637299264e-05,1.2680344294126058e-05,0.002322265186552103,0.008421082670126825,1.2158036257588499e-05,0.0005913458643586822,0.0001241744474298348,5.445999225398194e-05,0.0029073343977649552,0.0014224221323710057,4.7535350096827097e-08,0.00019975469886858392,0.00032086212270554315,8.365603395672901e-06,1.876808781888388e-05,0.9771675990406103,2.3965727702926365e-05,0.00020066597104688105,1.3624002177195004e-06,0.004726567032987575,0.0008891057250356101,3.136409627626634e-06,2.154755402685984e-06,2.0347600054591126e-05,0.0005239696591290266
34,0.00014177291887056977,2.5045226181490216e-05,0.0062084683878135824,0.004126117300699242,1.7059340275913973e-05,0.0008544864926561288,0.0001566131773504601,6.690727230524571e-05,0.01161684997888446,0.0007439652145508108,5.865299139702592e-08,0.00031102069880871826,0.0006617345107430935,3.962066207936469e-06,2.7261396824667234e-05,0.9710113274394353,1.5949890876971266e-05,0.00025350857027210384,6.83892363059268e-06,0.002555556520251594,0.0007389043428847976,2.4432218766403403e-06,7.768109415171958e-07,4.7577774611337525e-05,0.00040579387005528714
35,0.0001092791579096844,1.4697330795826198e-05,0.004166460605381703,0.008093240742256256,1.0789891839358693e-05,0.0004764827508237232,0.00018160825506893417,9.267105033196361e-05,0.005536154390170188,0.0017699108030641913,3.578278343877332e-08,0.000311469681647299,0.0004208719340035366,6.585504779354313e-06,1.8840206706272737e-05,0.9730071935723955,2.791105889698061e-05,0.0007480894906758586,2.1996721432442688e-06,0.003252194622517608,0.0010090294458379762,4.749662163857976e-06,9.951996929031423e-07,2.3233563434718e-05,0.0007153056246792113
36,2.0378543742745352e-05,9.17898702916559e-06,0.0017410034535139045,0.006409191242647519,8.899232598941798e-06,0.0003665361755795335,0.00011770677988964203,6.59152946127315e-05,0.002525464035593685,0.000947331739290311,4.209655552678461e-08,0.0002527688230033681,0.00033030885617126715,7.152138472558959e-06,1.776544674000769e-05,0.982370288313932,1.9640022719305375e-05,0.00015933643663927115,1.3476079228108983e-06,0.0035045658741025506,0.0007246222322131771,3.5192958689747598e-06,1.350977056475936e-06,1.507504104629442e-05,0.0003806113530583026
37,2.0886992838589296e-05,1.1553600725900442e-05,0.002008246575308161,0.007721407807857909,1.1580187836959863e-05,0.000567673800761018,0.00011415242040217842,5.411298983971508e-05,0.0026806426631645584,0.0012816091532164401,4.653111658898255e-08,0.00018528760794776474,0.0002956769832239992,8.281788467875072e-06,1.9163429663447497e-05,0.9790091620412757,2.3335309998503998e-05,0.00017546557495748283,1.2917369737237772e-06,0.0044503009452002695,0.0008591939498230311,3.1353871758899723e-06,2.0018100571313867e-06,1.7629730071129822e-05,0.00047816098209594926
38,3.560016758369873e-05,1.1460251991770353e-05,0.002888570834646076,0.004693048202856427,1.3901143000167969e-05,0.0007669177556026564,0.0001272935820486375,4.235007647392184e-05,0.0032273665538396497,0.0012708476441958695,4.075017216450654e-08,0.0001361570514541135,0.00030256983089570633,5.3525265239540324e-06,1.9884325447013788e-05,0.9818875394591964,1.516973471787157e-05,0.00016964959242474212,1.71799105508991e-06,0.0032971043467994537,0.0005944671938401995,1.7871013379788369e-06,1.388861352353825e-06,2.178761904187224e-05,0.0004680274035021175
39,0.00011096563128720635,0.00022412555599190604,0.002406369087139812,0.04164513891560024,5.9169467006302006e-05,0.00044517169104266885,0.0004539141801169911,5.16637584850415e-05,0.007833545138363426,0.004821660576050482,1.4399473499039484e-07,0.0009000341055048557,0.0003155079938415827,9.431359805526993e-05,2.6758800881073357e-05,0.9199745313407485,3.091427513581511e-05,0.0005279438477602607,1.5219731943912102e-06,0.016747365954649977,0.0008445675624126146,6.237123037669848e-06,1.2274304881684346e-05,4.6664293209722085e-05,0.002419496830867574
40,4.29273911569673e-05,1.8645855093513505e-05,0.004406250725584813,0.008379716970186532,1.7628765487026317e-05,0.0006942092069571734,0.00023441392590750973,6.404434854610444e-05,0.004714129683744616,0.0014864106493838237,6.057877419467676e-08,0.000371560335192258,0.0004782450918459345,1.0826944922307652e-05,3.215844172492772e-05,0.9725007287213198,2.3360699886819086e-05,0.00022338335478291782,1.8329074171199136e-06,0.004225196697907458,0.0011259854800262877,3.773423399475022e-06,2.3438067638917855e-06,2.19826596578905e-05,0.0009201833343304639
41,2.038699309669964e-05,1.7803591093494086e-05,0.0022746972921488316,0.016045719114413475,8.227337707527057e-06,0.0007309849506042347,0.00013723561185023856,7.634892947549967e-05,0.002168493970802607,0.003329903488693552,5.8075055221151505e-08,0.00026992604373212006,0.0002709704114623945,1.5432404438595587e-05,1.6158029982916723e-05,0.9659951844236296,3.428806573801761e-05,0.0002653195474100271,1.960412448164453e-06,0.0060364871719867305,0.0016469267228681754,6.334621443265043e-06,4.815262950007263e-06,2.705760906692139e-05,0.0005992799179014004
42,0.0005189184582050786,0.0001544198027333691,0.01158164066290684,0.03368465134738589,0.00036523395617953796,0.002796139098909722,0.0008012963447796684,4.1191727138924816e-05,0.014347310833267323,0.005469447463987409,2.0049909648248122e-07,0.0005012757407435635,0.0016031210675557283,0.00012791075643733772,2.8764516025275096e-05,0.8832116442857495,0.00016289282550066447,0.0016775549707504487,1.3374185060624241e-06,0.029819991347521477,0.0019898972878915075,2.4638918873720712e-06,1.978326990403052e-05,7.60886895927975e-05,0.011016823737343938
43,1.0913278203326396e-05,8.711938991689797e-06,0.0013143335655312958,0.0062621936469825085,6.935309682955818e-06,0.0006180493320671682,8.031414252367635e-05,4.8993361539686084e-05,0.0015711749997323501,0.002572724904137541,2.7785472865009893e-08,9.481484480096783e-05,0.0001839345972532005,6.366211234775203e-06,1.2737140503024009e-05,0.9809566274415281,2.255319240824963e-05,0.00017453983261700494,1.3231886326879235e-06,0.004505789376854446,0.0012130317818600982,3.5900720894721845e-06,2.080174555744758e-06,1.555587818262077e-05,0.0003126840026145223
44,2.4773857099031862e-05,1.2470050300624449e-05,0.0022559984575476924,0.008400795668149266,1.1994848737844138e-05,0.0005884630556663121,0.00012135604985542473,5.453614762424509e-05,0.002845940108099751,0.001409970926321649,4.7655880195221555e-08,0.0001971999802490224,0.0003205259873907326,8.404684728088688e-06,1.834866957387804e-05,0.9773587512624909,2.415823467992597e-05,0.0001987969467337345,1.3588926257915466e-06,0.0047294584645869156,0.0008809653079048068,3.1488826734069466e-06,2.1581159366681675e-06,2.0354590463919284e-05,0.0005100231546800193
45,1.5142297794557212e-05,6.523523314014359e-06,0.0017297966697698978,0.004758839965120451,8.150907766648365e-06,0.0004494815923209116,9.176771618309215e-05,5.705915137954846e-05,0.0022277148058405857,0.0007670597770791321,4.530000935909171e-08,0.000128022405309365,0.00019113160351027757,4.3737984350203795e-06,1.8864289061611352e-05,0.9860466026970162,1.2446213020216391e-05,0.00011831953238489587,1.1838122136235483e-06,0.0025870929756614727,0.0005141660154479437,2.4300905516782497e-06,1.087769984161676e-06,1.5217628221428146e-05,0.00024747946260391985
46,1.733382530814993e-05,8.607668303312529e-06,0.0017543975403505228,0.010528761781415751,1.029867668981706e-05,0.000688665083359256,8.469507956744516e-05,5.5058945497764094e-05,0.00230783236846476,0.0011200641019428839,6.116690177853388e-08,0.00019949027473576837,0.00045262570953123147,9.40339741791139e-06,1.45891958872571e-05,0.9752894736540465,5.055986483105499e-05,0.000213095612039657,1.3425254818635686e-06,0.005434627651472579,0.0012836222561778835,5.030175712640083e-06,2.9567306568916303e-06,2.600472952673205e-05,0.0004414019846806665
47,1.1892276854552266e-05,0.0001339595526485902,0.010390152357625134,0.23062754628383506,0.00010437196893370476,0.024554226962418133,0.0005421561541876135,0.0012254747974346657,0.0014267149915799626,0.024892657002655475,7.210507462194045e-06,3.548480453900554e-05,1.2680144088447976e-05,0.000809497321086426,4.0202193370428894e-05,0.6884324104944587,4.9397217038536864e-05,0.00046974427008883424,2.4015544620344973e-06,0.013227731566139891,0.0017508945385915182,5.1360008254935885e-06,0.00039355989645076977,7.902386112329246e-05,0.0007754732821015367
48,2.4979765396948837e-05,1.8533009692872322e-05,0.001792065703281444,0.007295518021800548,9.822797981601243e-06,0.0008609741772937514,8.818825018361698e-05,6.117456861146766e-05,0.0024576283402452737,0.001906651559147526,5.6637603055622486e-08,0.00014619871521771575,0.00031429718355925254,7.627798628532223e-06,1.1750590624454837e-05,0.9789539398121161,2.631996464358385e-05,0.00014887426732590342,4.053278472089877e-06,0.004779232374693191,0.0007902831134033329,3.316883762745862e-06,2.719302882435353e-06,3.911823334471195e-05,0.00025667565008766175
49,2.6091521569466773e-05,1.3843992888830133e-05,0.002930252624958461,0.011528685840733932,1.1336321145885426e-05,0.0006501641411542141,0.00014295839515114826,5.8014106854086665e-05,0.003019601581030145,0.0017379137229005662,5.4014010729821626e-08,0.00026852553317604225,0.00038206154647346007,9.954812624305411e-06,1.8051796128538024e-05,0.9718193881922518,2.6292760486925456e-05,0.00022348024048943446,1.4069155702847007e-06,0.005337443926150911,0.00115863911937392,3.755003380121629e-06,2.9982294209354453e-06,2.6042961685568435e-05,0.0006030427003901929
50,2.833441657381729e-05,1.6944965569628694e-05,0.002743177652953732,0.008213285026919868,1.5189721514446266e-05,0.0004902294434173766,0.0002927579290354089,9.91414029200393e-05,0.002187124834291263,0.002954310572670102,5.0915422655820254e-08,0.00029881034966549046,0.00029434344545072315,1.3046804578064128e-05,2.4815984814195923e-05,0.9753408406718852,2.1626197365775642e-05,0.0002048232960230092,1.7573983359686596e-06,0.0049579604203148775,0.0009821046196496898,4.008099891695115e-06,3.1449194283504213e-06,1.5729310491464602e-05,0.0007964416008172346
51,5.224015597578563e-05,6.331216331799038e-05,0.0031540742748848794,0.031218102066895216,9.76358732296812e-06,0.0005926366552895218,0.00018393983775941234,0.00012531259303965263,0.004846786808826116,0.0031733022592012558,7.729654296775247e-08,0.0005175115921823543,0.00023338663413684468,2.9478045776281415e-05,2.528909787260475e-05,0.9471579935623649,3.157767492435204e-05,0.0004185466623113564,2.7972038412056536e-06,0.006075926274373414,0.0012699255598663747,9.357391600744848e-06,3.6583515403282545e-06,2.6730746953668592e-05,0.0007782735031995965
52,2.1805474430923637e-05,1.899242900160793e-05,0.002822090410947175,0.012820653148699419,1.2787174650589971e-05,0.0004882903939217151,0.0001824640139790748,6.367578068965816e-05,0.003160602902893944,0.0016036096130309057,5.108726913000995e-08,0.0003815917605271366,0.0004236148056981039,9.266451650055267e-06,1.7782734947685775e-05,0.9698217022261898,2.5099837515934952e-05,0.00012515262512044313,1.668492076836635e-06,0.006066665150874647,0.0013458620413959923,3.711374563469681e-06,3.7485237908581993e-06,2.559706484416997e-05,0.0005535144812908991
53,1.4016776437748438e-05,9.508383912799725e-06,0.0019020130038075326,0.007098194994554765,1.605361576502399e-05,0.0003268917476019691,0.00023678391097314825,6.36133326368236e-05,0.0021023630431840413,0.0012916336867978982,5.277883153197998e-08,0.00027157661132177086,0.00030517340947713476,7.916459603879443e-06,2.3774742115946653e-05,0.9801368249671826,1.6344679248375822e-05,0.00011174798269262313,8.795881066719946e-07,0.004720559154712395,0.0007684680486462134,2.9090072615210205e-06,2.670253788277865e-06,1.4145463992788094e-05,0.0005558843573465011
54,3.226622625663628e-06,6.873052838743296e-07,0.0009586092922781956,0.006690093874274436,3.826869591267289e-06,0.00040931030914900183,1.987001085378121e-05,5.606833379193019e-05,0.0011984618893227526,0.00024900058420014923,7.113474728952697e-08,4.181085975839523e-05,0.00038178704830454913,7.42153171258567e-07,2.208499958778438e-06,0.9843702882603966,3.698136476549201e-05,0.00012676780093195524,7.284989214230146e-07,0.004048224096491312,0.0013065147812101846,2.2813012140841354e-06,1.5384824055605984e-06,6.809608352958672e-05,2.2804542822368307e-05
55,4.578656219469123e-05,1.0365679597884939e-05,0.0026424470245453653,0.007382711913918816,9.455478724359069e-06,0.00036355627880075696,0.0001270573073470302,3.137903227176533e-05,0.006607061013962142,0.0006857552735341023,2.6209565627240164e-08,0.0004822349205334531,0.0008819781085798983,4.511853192540747e-06,1.5738497362573775e-05,0.9753953085412682,1.8513703129210235e-05,0.0002656010292593637,1.2703118025613414e-06,0.0035151983368655335,0.0009065594874821949,2.6819922526098334e-06,8.197610561705082e-07,2.4815908349568735e-05,0.0005791657744037897
56,2.6065213489577374e-05,1.257924907672066e-05,0.0023071915717738207,0.008512248957866599,1.2371346889936346e-05,0.0005903039511799142,0.00012632922736571553,5.5321685981569896e-05,0.0029407996795632473,0.0013897554441038296,4.9678179385753367e-08,0.00022225515946966271,0.00037809911073686517,8.731684907635613e-06,1.84606425917373e-05,0.9767696907174127,2.600166642830611e-05,0.00020410324298614625,1.4461279873026112e-06,0.004912913218418975,0.0009264338906264326,3.3060512926436514e-06,2.225616112958592e-06,2.179370592534612e-05,0.0005315231596329735
57,2.0018008023906965e-05,1.0535907795203062e-05,0.001850215130765202,0.007294404052134712,9.364797183620503e-06,0.0003681451178518014,0.00012690470398904198,5.5508628026688926e-05,0.0026439517770867186,0.0011956735906781346,3.5575175248203886e-08,0.00030674058316696465,0.00045893379522228767,7.05606464922663e-06,1.534220101682111e-05,0.9793233414006902,2.331069635484736e-05,0.00015075669299857236,1.4129555805927154e-06,0.004731068328538679,0.0009447060769552253,3.5861713767207467e-06,1.8018929609471977e-06,1.81675479363428e-05,0.000439018303842091
58,2.863475826309558e-05,1.2397979486625492e-05,0.002447062618535615,0.008444916272545148,1.2051960946006087e-05,0.0006243484516850974,0.00012019914196027386,5.259030213289693e-05,0.003102065779712157,0.0013014162814996815,5.2714546985104916e-08,0.00022158409867745085,0.0003947147866995334,7.816377817620916e-06,1.665204530173455e-05,0.9768889035783517,2.388034985299086e-05,0.0001998042240564798,1.6034735266949938e-06,0.004722673035825772,0.0008711356356005963,3.030502180111551e-06,2.246690487491014e-06,2.7215462391725196e-05,0.0004730034779163462
59,2.6130543895586706e-05,1.215074806911054e-05,0.002600535896030745,0.008607365815176357,1.1422685504825996e-05,0.0006105694524472264,0.00011832994071292855,5.1930190112997176e-05,0.002951285622419915,0.0013742179526924029,4.9572009496368965e-08,0.0001998735175798501,0.00034251118361641525,7.000650256935075e-06,1.647547290682763e-05,0.9767021890334023,2.1657610724921836e-05,0.00018315434574800313,1.4684271193446816e-06,0.004810059572007955,0.0008739011492130894,2.8409224898891266e-06,2.2899112866489098e-06,2.6288130661498886e-05,0.00044630165391471504
60,2.4773857099031862e-05,1.2470050300624449e-05,0.0022559984575476924,0.008400795668149266,1.1994848737844138e-05,0.0005884630556663121,0.00012135604985542473,5.453614762424509e-05,0.002845940108099751,0.001409970926321649,4.7655880195221555e-08,0.0001971999802490224,0.0003205259873907326,8.404684728088688e-06,1.834866957387804e-05,0.9773587512624909,2.415823467992597e-05,0.0001987969467337345,1.3588926257915466e-06,0.0047294584645869156,0.0008809653079048068,3.1488826734069466e-06,2.1581159366681675e-06,2.0354590463919284e-05,0.0005100231546800193
61,2.7293127804051438e-05,1.2741762657615716e-05,0.0026980867964499443,0.008799685703712937,1.2077529925891564e-05,0.0006161450043812047,0.00012896945631032513,5.521762329725347e-05,0.003003929657602169,0.0014323202548810034,5.193948420189732e-08,0.0002115342865427343,0.00035357823623328663,7.3961732187268894e-06,1.7464228788531727e-05,0.9761445076257748,2.234020075037796e-05,0.0001895499758328686,1.5193135045351422e-06,0.004861577805142824,0.0008960314380880293,2.965248765828659e-06,2.3941456409748604e-06,2.629643802780919e-05,0.00047632602718218137
62,2.4773857099031862e-05,1.2470050300624449e-05,0.0022559984575476924,0.008400795668149266,1.1994848737844138e-05,0.0005884630556663121,0.00012135604985542473,5.453614762424509e-05,0.002845940108099751,0.001409970926321649,4.7655880195221555e-08,0.0001971999802490224,0.0003205259873907326,8.404684728088688e-06,1.834866957387804e-05,0.9773587512624909,2.415823467992597e-05,0.0001987969467337345,1.3588926257915466e-06,0.0047294584645869156,0.0008809653079048068,3.1488826734069466e-06,2.1581159366681675e-06,2.0354590463919284e-05,0.0005100231546800193
63,2.769899585380344e-05,1.550648479893515e-05,0.002420012170792321,0.009101125361513918,1.2912391967226034e-05,0.0006213045171873168,0.00012980079451195526,5.6135583219489335e-05,0.0030882026133423595,0.001557458167240631,5.0893160103172976e-08,0.00021449643194252697,0.0003282862424957958,9.326188911173785e-06,1.970041090318517e-05,0.9756157294072246,2.5316364514602323e-05,0.00020431406494767054,1.5467530965584804e-06,0.005033371285893005,0.0009380470339849142,3.394195190676009e-06,2.3964854712494543e-06,2.1995022613139675e-05,0.0005518721392226345
64,2.292954754601057e-05,1.2919402010218906e-05,0.0023069979254531263,0.009140265174269652,1.1630490159468222e-05,0.000611325168033718,0.00012690932282224585,5.283274931379677e-05,0.0029326820248904728,0.0015628532585493058,4.60512135470892e-08,0.00022722121539595912,0.0003615625291052107,9.076500285098044e-06,1.915436910285758e-05,0.9755591362072557,2.6626694788431946e-05,0.00020440873855686229,1.3829434171467514e-06,0.005053431785557948,0.001163528275597221,3.6363723256847502e-06,2.415354905860959e-06,2.0886394387921212e-05,0.00056614150505706
65,3.317103950254325e-05,1.0514120049005936e-05,0.0020278041560713007,0.006266319310530323,1.2018862015297126e-05,0.0005561630487762946,8.401074792540313e-05,3.464281625124448e-05,0.004523221668180901,0.0006741641182729819,4.750270120193085e-08,0.00018996767160742764,0.0004096914805580774,5.050218413831257e-06,1.577364960720072e-05,0.9805141448323215,2.1813475943257874e-05,0.00020103369518777446,1.459667225705261e-06,0.003369228500141399,0.0006462390436658222,2.707164778290017e-06,1.261177921180126e-06,2.7309407104280515e-05,0.00037224262524775077
66,2.304091741732177e-05,1.3117049543128975e-05,0.0020753997321202883,0.009172520150468124,1.0507512011871531e-05,0.0005257624718866052,0.00012511330937239998,6.0531105619056084e-05,0.0028367951045160282,0.0013378358334192382,4.915998348987703e-08,0.0002284875196826684,0.00028576778895037256,9.54633600160259e-06,1.9674618603950343e-05,0.977511057913302,2.2322997655928794e-05,0.00019557108368898685,1.3582074751772604e-06,0.0041714285918690395,0.0008483339668396599,3.6440256014715265e-06,2.032741832306301e-06,1.799163363230704e-05,0.0005021102285071718
67,1.199373919928721e-05,6.928190336322478e-06,0.001488500335696473,0.016733280156121622,1.0982938047158244e-05,0.001285990079586413,5.28637769751751e-05,3.463243623474063e-05,0.0014808766373636624,0.0017146609925005846,5.465173855491294e-08,0.00012723208628258583,0.0006082481370975269,1.8731966186570343e-05,6.552640984116389e-06,0.9634554965507554,5.8751411013838226e-05,0.0002388486108572044,6.993013625427083e-07,0.010776811342109371,0.0013543772647828891,2.2428867224917162e-06,5.884902898136843e-06,3.289978550428974e-05,0.0004924591796428848
68,1.4757930419879553e-05,9.071335502137885e-06,0.001169943923002166,0.004368104640767003,1.509351353846591e-05,0.0005138833911612293,0.00010742899516576837,4.990895405356988e-05,0.002126425658705275,0.0009007666946524377,5.1884373349155365e-08,0.00012580624233998123,0.00024120080545588597,7.434680150201288e-06,2.7101908577923872e-05,0.9854864430113361,2.0291314441658515e-05,0.00012082059616442329,1.2227704287808386e-06,0.0037685528224773606,0.0004942506427180567,2.6891981514468804e-06,1.4835903192870063e-06,1.2134760222920747e-05,0.0004151307358744055
69,2.249905606468052e-05,1.2020067304482092e-05,0.002203517563848478,0.008608209646791114,1.1816694594957177e-05,0.0005856791780205774,0.00011635147946409566,5.463716981537532e-05,0.002678034305627454,0.001358668310726693,5.042214228952965e-08,0.00019389694367273489,0.0003224422752710717,8.18434683306523e-06,1.7402015412416027e-05,0.9772856503452813,2.3315208162906637e-05,0.00017886417775184912,1.3500969477149416e-06,0.0049531904914997165,0.0008741358738888634,2.9906140046317673e-06,2.3324233606002134e-06,2.1927552741317752e-05,0.000462833740771579
70,1.892223834226115e-05,4.409341782775931e-05,0.002474290506044993,0.010792553643015613,1.7314970038395404e-05,0.0035579706631093835,0.00016181801328810083,3.90299489038534e-05,0.005980772367641411,0.0037998671343094995,2.2299887494265375e-07,0.0002327883176581207,0.0002539153101362841,9.716318014193815e-06,3.2055382328525024e-05,0.9622638528647076,3.423047409247887e-05,0.00016195526306903797,1.6642285320300095e-05,0.003500749156402703,0.005976922559325017,1.1936375741420161e-05,1.5560946968103355e-05,0.00018800017751856337,0.0004148186673215426
71,3.13677291475952e-05,1.1461108361267707e-05,0.0036785128695457922,0.009159202856132776,9.31993346739438e-06,0.0009448459263079153,0.00013980887254617176,7.419930170314512e-05,0.0036804049336391655,0.001396092230667695,7.30566633642135e-08,0.00021386636655817504,0.0002607522773214493,8.645446177453681e-06,2.587881189390787e-05,0.9757691638967374,2.603778222865157e-05,0.0002950809954705477,2.0554163459911367e-06,0.0025522021682329145,0.0011459827533359499,5.275076366657113e-06,1.962775099725425e-06,2.387918648841781e-05,0.0005439282295604248
