,0,1,2,3,4,5,6,7,8,9,10,11,12,13,14,15,16,17,18,19,20,21,22,23,24
0,7.0215520709402775e-06,0.9814671501377067,1.4702206091030484e-06,7.842142085954925e-06,1.8993222991859294e-05,1.1226406460258794e-08,3.1578627020139364e-07,3.6493962676366713e-06,3.288515407984551e-06,6.9903384084662554e-06,0.00013725119778498573,0.0032414973611872458,3.0830836730769895e-06,0.0005552818586335618,5.005904317829212e-05,2.3301356795366475e-05,0.007530439297590141,4.741154701865906e-09,2.124195226220523e-05,1.803096131364843e-09,1.7634614041491258e-06,0.00273456991372527,1.0323236774789884e-08,2.209450255193747e-06,0.004182552617797485
1,6.562662022170112e-06,0.981361855957159,2.0770655858278375e-06,9.396818809170112e-06,2.0279615436272016e-05,1.9829919066743156e-08,4.529128651558192e-07,4.691210812071255e-06,7.473756518379747e-06,1.5252351679154296e-05,0.000125608799782216,0.0028994066351299285,4.2167432053924e-06,0.0008039288776378404,7.019991274493102e-05,3.8154681852099685e-05,0.005603199702621146,7.424239561532683e-09,3.861401140826419e-05,3.317339144504481e-09,2.4573961549221307e-06,0.00323010299465184,1.4886994836664312e-08,3.4770708170334523e-06,0.0057525453646146115
2,5.386208459491715e-06,0.9798907406380698,1.500787745792334e-06,7.404127965378546e-06,2.2711849583598354e-05,1.5270730946383806e-08,3.1670540330721555e-07,4.4499891310854e-06,5.981561068966814e-06,1.0919263674284267e-05,0.0001516655439248452,0.0032474956160940456,2.7080559248829685e-06,0.0010046840624651705,8.092087180188493e-05,2.3942731438775862e-05,0.005447724956322833,4.794398933498556e-09,2.242306111010057e-05,2.7154711290017553e-09,1.8091329678487887e-06,0.0034186600975181524,1.1832921955261903e-08,2.34733071108638e-06,0.0066461727950957615
3,6.319854305744528e-06,0.9820722289355361,1.364594626512724e-06,7.250496317530924e-06,1.7960008384219765e-05,1.3669880179276132e-08,3.1276383160349576e-07,3.862912955008398e-06,4.394634284069561e-06,8.660090303637366e-06,0.00013981617406382102,0.003004505051197933,3.039330475512078e-06,0.0006564866423020148,5.9863368141987834e-05,2.2423401332255713e-05,0.005914513333953436,4.6648982126506965e-09,2.3642033509670335e-05,1.987954886763427e-09,1.711018971598076e-06,0.0032849936708816774,1.0183240130509693e-08,2.1355880897274304e-06,0.004764485590562571
4,6.2553018543324446e-06,0.9827014202374427,1.420694504542617e-06,7.267745139417231e-06,1.772879486323538e-05,1.2013068569127499e-08,3.0784037459440406e-07,3.837170136704617e-06,4.2122278833861815e-06,8.520587582548704e-06,0.00013672705195089764,0.0029343336782868346,3.349194496812656e-06,0.0007077851406095274,5.303241960491059e-05,2.0739615569066195e-05,0.005710300826931852,4.9736926804698365e-09,2.2894694809594626e-05,2.1228363096311494e-09,1.8357120741732138e-06,0.003249132139204863,9.830822511567499e-09,2.1606163492404473e-06,0.004406709369910953
5,6.940797291493683e-06,0.983299181089242,1.6454429694901827e-06,9.639651091531403e-06,2.1690260260403917e-05,1.4651214901124397e-08,3.2777542137843336e-07,3.855408794087114e-06,4.7485247478346845e-06,1.0299380072430121e-05,0.00013881501114576777,0.0027337403694071894,3.653451493147477e-06,0.0007232444852922944,5.232071305086483e-05,2.2555542878981755e-05,0.006044067278616161,6.865666766020923e-09,2.5332239962828183e-05,2.564299481606198e-09,2.055518755654828e-06,0.002840607477598609,1.3486734982929965e-08,2.7188468213186174e-06,0.004052523167170394
6,6.319854305744528e-06,0.9820722289355361,1.364594626512724e-06,7.250496317530924e-06,1.7960008384219765e-05,1.3669880179276132e-08,3.1276383160349576e-07,3.862912955008398e-06,4.394634284069561e-06,8.660090303637366e-06,0.00013981617406382102,0.003004505051197933,3.039330475512078e-06,0.0006564866423020148,5.9863368141987834e-05,2.2423401332255713e-05,0.005914513333953436,4.6648982126506965e-09,2.3642033509670335e-05,1.987954886763427e-09,1.711018971598076e-06,0.0032849936708816774,1.0183240130509693e-08,2.1355880897274304e-06,0.004764485590562571
7,1.0561049255592805e-05,0.983397494544271,1.6334656297724587e-06,7.55213277516292e-06,1.5226583617424197e-05,1.1957791435760115e-08,3.548773355302912e-07,4.7967468318974605e-06,3.2502850772483132e-06,7.7756212375799e-06,0.00018370229924657188,0.0027812756147978426,5.228384627303757e-06,0.0005081611784283071,5.212101979570731e-05,2.006097361786949e-05,0.005928080999202825,6.219729862442697e-09,2.7521950223054338e-05,2.0366403722671464e-09,1.91235200883225e-06,0.003969278313040532,7.510808290041848e-09,1.6817974630752938e-06,0.0030723020865470333
8,5.89913159670676e-06,0.9814462656621828,9.305676987853882e-07,6.909268429124159e-06,1.8881498104046647e-05,1.572888707865787e-08,5.227014226770874e-07,5.4146040523747025e-06,4.217162490235682e-06,7.055012959886478e-06,0.00020004563662494779,0.0032001505556584296,3.658529263944534e-06,0.0005767511256354456,7.322590377420506e-05,2.2214617794841988e-05,0.005658769119987309,5.701887995395025e-09,4.239885420240093e-05,1.899091279126723e-09,2.352571608103349e-06,0.00475112411655705,8.157905368306792e-09,1.4140765218118754e-06,0.003971767795663269
9,9.118549692600355e-06,0.9785419286095366,9.898079897268952e-07,7.558614936887472e-06,2.2799338159276385e-05,1.759565386800302e-08,5.726880564910653e-07,5.161125449293427e-06,4.114061990055792e-06,5.373440201710525e-06,0.0002472227274658676,0.004101402188243889,3.8001787958425025e-06,0.0004878832390989931,8.177067113016265e-05,2.103021152581987e-05,0.007011283498797704,5.431021460899193e-09,3.657008933224856e-05,1.6142184991600996e-09,2.1201358213865478e-06,0.005141876552693533,9.245656749810927e-09,1.5472860524617581e-06,0.004265843098478964
10,6.319854305744528e-06,0.9820722289355361,1.364594626512724e-06,7.250496317530924e-06,1.7960008384219765e-05,1.3669880179276132e-08,3.1276383160349576e-07,3.862912955008398e-06,4.394634284069561e-06,8.660090303637366e-06,0.00013981617406382102,0.003004505051197933,3.039330475512078e-06,0.0006564866423020148,5.9863368141987834e-05,2.2423401332255713e-05,0.005914513333953436,4.6648982126506965e-09,2.3642033509670335e-05,1.987954886763427e-09,1.711018971598076e-06,0.0032849936708816774,1.0183240130509693e-08,2.1355880897274304e-06,0.004764485590562571
11,6.769974045494851e-06,0.9819610375606421,1.418447928066375e-06,7.677840644479372e-06,1.8244599952506386e-05,1.324330959974093e-08,3.3116038872715977e-07,3.889273790477789e-06,4.294183701595356e-06,8.342960857658244e-06,0.0001421245072799502,0.0031322199698345875,3.487256697823752e-06,0.0006397691227796143,5.830694107296022e-05,2.2945452831119808e-05,0.006026577317439346,4.935117966870737e-09,2.4311696531932925e-05,2.133308034922829e-09,1.7811836990895151e-06,0.003382126153589218,1.0197553638587835e-08,2.304563120812187e-06,0.004552009323882912
12,6.506417279650481e-06,0.9807293374362074,1.5197045426387012e-06,7.08523466152477e-06,2.214159810132573e-05,1.4375725161093323e-08,3.1696565038179434e-07,3.760957332388598e-06,4.729911812126617e-06,8.79464975663797e-06,0.0001516464739846009,0.003184639154919618,2.9266134562681285e-06,0.0007483446883459715,5.891443016297188e-05,2.169425580903706e-05,0.006467374827700522,4.773609359689471e-09,2.1079530404956067e-05,2.1781815054012417e-09,1.8759514173173449e-06,0.003201176644998995,1.155217162442464e-08,2.4008966587240324e-06,0.005353700777109262
13,6.352472522521908e-06,0.9817332373762953,1.3313488125050441e-06,6.926591144609005e-06,1.7898760983078276e-05,1.2949263931394598e-08,3.0809364627249594e-07,4.026616624102919e-06,4.27309277025713e-06,8.229722575842844e-06,0.0001488102835681536,0.0031371567057535887,3.0019766234334206e-06,0.0006830940974002377,6.0533779098903506e-05,2.1462214748133103e-05,0.005853106113243764,4.558023336893018e-09,2.2956529733236916e-05,1.9367417394074996e-09,1.7075322587173879e-06,0.0034267830927898636,9.515490395228695e-09,2.005149288801069e-06,0.004856769490599337
14,0.00010041150826239881,0.5057257874566878,3.017356678734701e-05,9.813474877297132e-06,1.4668948618993674e-05,3.8160819916676874e-07,3.895756916538944e-06,5.221959141045275e-05,0.00014889342954734768,3.631875450112612e-05,0.0002494817372451883,0.12926773220623697,9.11450149773519e-06,0.0030146056802232853,0.0017120062249040325,0.001563988740094588,0.013175315060574249,7.0865240966319105e-09,1.5374335127050858e-05,2.4184372633748525e-08,8.424913015687248e-07,0.022906704512919405,5.956635082386599e-08,1.9553521361766148e-05,0.32194262605545804
15,6.319854305744528e-06,0.9820722289355361,1.364594626512724e-06,7.250496317530924e-06,1.7960008384219765e-05,1.3669880179276132e-08,3.1276383160349576e-07,3.862912955008398e-06,4.394634284069561e-06,8.660090303637366e-06,0.00013981617406382102,0.003004505051197933,3.039330475512078e-06,0.0006564866423020148,5.9863368141987834e-05,2.2423401332255713e-05,0.005914513333953436,4.6648982126506965e-09,2.3642033509670335e-05,1.987954886763427e-09,1.711018971598076e-06,0.0032849936708816774,1.0183240130509693e-08,2.1355880897274304e-06,0.004764485590562571
16,6.797281292951832e-06,0.9791216676048863,9.44911774505178e-07,5.835757486772845e-06,1.499147882814827e-05,1.0689615174817695e-08,2.975192506107305e-07,5.29519369467327e-06,3.7387517631417854e-06,6.583145804795078e-06,0.00019643570256168793,0.004064713401505351,2.7430402344516933e-06,0.0007769143382564325,7.554398151921388e-05,1.9331571766205767e-05,0.00551302864958411,4.550431120650458e-09,2.5690023926851467e-05,1.4972808440538646e-09,1.5919403422950213e-06,0.004948019332666583,6.832812225138817e-09,1.2964643722334149e-06,0.005208516338343037
17,9.869543887623085e-06,0.9762961552585778,1.85321849421264e-06,6.418372193664783e-06,3.369876960502562e-05,1.2276228668096786e-08,4.496086965380435e-07,4.063104355340096e-06,4.9347885739268155e-06,5.588499309136659e-06,0.0002342383660957915,0.004806194017739268,3.836055689644488e-06,0.000975882241227034,3.838112503006747e-05,1.5784019132526116e-05,0.008332087787632654,6.282517063553216e-09,1.7155313522889668e-05,2.165308264305144e-09,3.0203340111646453e-06,0.0037481603110545297,1.3223140495240218e-08,3.0101493298803776e-06,0.0054591851686467165
18,4.134059039484961e-06,0.970648489189509,1.6266052881308517e-06,3.7676604686174524e-06,1.4958159469570614e-05,1.220397400358747e-08,3.2694484488856184e-07,3.4167673292354015e-06,4.481673334100472e-06,8.94621471865168e-06,0.00012282053566370585,0.004553134714193523,2.0468999800802587e-06,0.0010580558134110692,6.744545035954381e-05,3.776424597521518e-05,0.008218886702067583,3.485163480157021e-09,2.063114224546994e-05,2.3132187007019277e-09,2.3057369554116e-06,0.003007192613996951,1.2434317918650935e-08,2.8801038737890647e-06,0.012216658330602051
19,3.7871693101184078e-06,0.9858756116207749,9.369393871490232e-07,1.0676467383001082e-05,1.790347671898506e-05,1.6474727377857923e-08,2.527185646359579e-07,2.841158469625744e-06,5.260590129117986e-06,1.0199991721873912e-05,7.707686814724534e-05,0.0024624872181657816,2.419327739497861e-06,0.0005291073123970937,6.515754065676038e-05,1.9820430522830053e-05,0.004154283423008135,3.012161029047801e-09,1.95396186835164e-05,1.8712606694270764e-09,8.542794705048936e-07,0.0029375046138904685,9.126905248837508e-09,1.948030630917688e-06,0.0038023007191733196
20,4.347851003763863e-06,0.9842237755666844,7.778625952905008e-07,6.135407353518875e-06,1.3200447385733078e-05,1.159776878461787e-08,2.34128561799992e-07,4.342985769148351e-06,3.840400723158305e-06,8.536640067818653e-06,0.00013606821217186004,0.0021891427022511776,2.917049083496086e-06,0.0006406156090682974,7.192621948976236e-05,1.535143380996138e-05,0.0039146716723023256,3.2439057717123116e-09,2.5919758361426652e-05,1.7632758472703772e-09,1.3097550659665697e-06,0.005116888978968012,5.507859713208261e-09,1.1428867047453366e-06,0.0036188323197680816
21,1.1527743647270736e-05,0.9772600072225461,3.150705746553942e-06,7.003657544011436e-06,1.7116632700227862e-05,7.3947206073622545e-09,3.0806740219467854e-07,4.398212783887192e-06,3.606642251945216e-06,7.866622037919275e-06,0.00015088494426449047,0.004961851647263634,4.510284733951305e-06,0.0010467553170544121,3.331747672738237e-05,3.02604680177294e-05,0.008486623579854944,8.580289710288025e-09,1.525710809282932e-05,2.74236394243184e-09,2.5295094172923664e-06,0.0023645850858226274,1.2603431647844041e-08,3.712683244582561e-06,0.005584695068040179
22,9.635009402453403e-06,0.9804544156491299,1.969912464323856e-06,6.428220731015466e-06,1.4757187621051654e-05,1.1546198282451047e-08,2.090797699054023e-07,5.272501221546767e-06,2.351628329476638e-06,9.735787472079612e-06,0.00017761859316015586,0.002307300056712718,3.285764425457407e-06,0.0006770772461670609,3.8683373654153105e-05,1.851761634618033e-05,0.009508651000157657,6.589320186863086e-09,2.0322715107982788e-05,1.921613772535017e-09,2.4049304887608144e-06,0.003473324824650297,1.0423876865673676e-08,1.4987827521622363e-06,0.003266509639226877
23,6.319854305744528e-06,0.9820722289355361,1.364594626512724e-06,7.250496317530924e-06,1.7960008384219765e-05,1.3669880179276132e-08,3.1276383160349576e-07,3.862912955008398e-06,4.394634284069561e-06,8.660090303637366e-06,0.00013981617406382102,0.003004505051197933,3.039330475512078e-06,0.0006564866423020148,5.9863368141987834e-05,2.2423401332255713e-05,0.005914513333953436,4.6648982126506965e-09,2.3642033509670335e-05,1.987954886763427e-09,1.711018971598076e-06,0.0032849936708816774,1.0183240130509693e-08,2.1355880897274304e-06,0.004764485590562571
24,3.2064413980122735e-06,0.9882861131148923,7.324775771466001e-07,7.919147530519708e-06,1.1906091163173292e-05,8.044285627316059e-09,1.8392395316634286e-07,2.782548920911251e-06,2.6936976840118214e-06,7.724717019366215e-06,7.767363179158204e-05,0.001748002126381478,2.0403633667390543e-06,0.0004970761070311163,4.309951796846066e-05,1.4988341663662212e-05,0.0042734629223553505,3.40075890326242e-09,2.3031622776611507e-05,1.2229600553236036e-09,1.1832709579727252e-06,0.002322920409708144,7.0746361901506e-09,1.3155797284331634e-06,0.0026719242034909008
25,1.3938770854833234e-05,0.9722021072366545,2.2022229989878328e-06,9.26810669716166e-06,4.208360392591913e-05,1.6400578899289057e-08,7.517529326437223e-07,1.418349827911985e-05,5.167703908266182e-06,7.4620649410088285e-06,0.0005247617475736685,0.006410362230451698,5.651123555738856e-06,0.0013586835646835426,5.3977396936475274e-05,2.1886790838979617e-05,0.008700270621663897,1.600956669226765e-08,3.160504606629455e-05,3.5042023463504732e-09,5.002146233540413e-06,0.005651807207449341,1.3474711204835558e-08,2.0749795581358342e-06,0.004936702794737104
26,1.2527752484673485e-05,0.9804455959424656,4.02365870682518e-06,1.2572951364396075e-05,3.840444480760864e-05,2.014276777958157e-08,3.7583478405592576e-07,2.645354721384603e-06,9.308160548318544e-06,1.3141679701618787e-05,0.00012465612389520703,0.0032130140855903236,4.7473237869000275e-06,0.0009140762097724044,3.7913414806348607e-05,2.7767939941521325e-05,0.007575349382029086,9.864903446395095e-09,1.6898856723869544e-05,4.029026795903579e-09,2.579800254312639e-06,0.0018737660063270292,3.2684584279328905e-08,9.189265503422864e-06,0.005661379090502813
27,5.72134057866546e-06,0.9819619733955925,9.457769967650766e-07,8.315942724786699e-06,1.7532425887373572e-05,2.0216199626001084e-08,3.249058898842839e-07,4.221266063304823e-06,7.5404876430682796e-06,1.0201619084458742e-05,0.0001280592717475199,0.0029867463274866604,2.901586986446021e-06,0.0006157993298059741,9.416385830023412e-05,2.2278490514465125e-05,0.0037824476907280156,3.755399119288455e-09,2.9681754091227876e-05,1.903232475999899e-09,1.1509367342417736e-06,0.004998399819433606,8.939901672527473e-09,2.094044311358385e-06,0.005319464914666562
28,6.319854305744528e-06,0.9820722289355361,1.364594626512724e-06,7.250496317530924e-06,1.7960008384219765e-05,1.3669880179276132e-08,3.1276383160349576e-07,3.862912955008398e-06,4.394634284069561e-06,8.660090303637366e-06,0.00013981617406382102,0.003004505051197933,3.039330475512078e-06,0.0006564866423020148,5.9863368141987834e-05,2.2423401332255713e-05,0.005914513333953436,4.6648982126506965e-09,2.3642033509670335e-05,1.987954886763427e-09,1.711018971598076e-06,0.0032849936708816774,1.0183240130509693e-08,2.1355880897274304e-06,0.004764485590562571
29,6.319854305744528e-06,0.9820722289355361,1.364594626512724e-06,7.250496317530924e-06,1.7960008384219765e-05,1.3669880179276132e-08,3.1276383160349576e-07,3.862912955008398e-06,4.394634284069561e-06,8.660090303637366e-06,0.00013981617406382102,0.003004505051197933,3.039330475512078e-06,0.0006564866423020148,5.9863368141987834e-05,2.2423401332255713e-05,0.005914513333953436,4.6648982126506965e-09,2.3642033509670335e-05,1.987954886763427e-09,1.711018971598076e-06,0.0032849936708816774,1.0183240130509693e-08,2.1355880897274304e-06,0.004764485590562571
30,6.319854305744528e-06,0.9820722289355361,1.364594626512724e-06,7.250496317530924e-06,1.7960008384219765e-05,1.3669880179276132e-08,3.1276383160349576e-07,3.862912955008398e-06,4.394634284069561e-06,8.660090303637366e-06,0.00013981617406382102,0.003004505051197933,3.039330475512078e-06,0.0006564866423020148,5.9863368141987834e-05,2.2423401332255713e-05,0.005914513333953436,4.6648982126506965e-09,2.3642033509670335e-05,1.987954886763427e-09,1.711018971598076e-06,0.0032849936708816774,1.0183240130509693e-08,2.1355880897274304e-06,0.004764485590562571
31,9.54354273037892e-06,0.9808683116072536,2.15238942732674e-06,6.133931758765499e-06,1.173852913901193e-05,1.069579669411999e-08,3.0012290114446793e-07,6.00622652855825e-06,2.7564380358658777e-06,8.639120153978136e-06,0.00013279763591728003,0.003296609399046216,3.4935461644843265e-06,0.0005714790254822904,3.754174853558673e-05,3.179532241850533e-05,0.008043810629043014,6.21069258793254e-09,2.010421986130913e-05,1.9255804206654094e-09,2.0300683901160187e-06,0.0029387696221691534,9.23657665313146e-09,1.8465043166139805e-06,0.004004112302080527
32,5.943831088421989e-06,0.9822279408844101,1.2585006298630998e-06,7.76535211989438e-06,1.7404981113707327e-05,1.4743447532510855e-08,3.4072592766575207e-07,3.955700568390329e-06,4.393921881059241e-06,9.076763994116122e-06,0.00013630585854471232,0.002842256604411997,3.1743885246050373e-06,0.0006034409873922825,6.635446395659522e-05,2.471575853480537e-05,0.005965592308381106,4.8787388517050605e-09,3.0060792235495722e-05,2.0271535131172182e-09,1.8409856098233501e-06,0.0034383842677699187,1.0584987919421562e-08,2.1407618886661153e-06,0.004607619926688935
33,4.320316058604984e-06,0.9758641507950319,3.312421757433222e-06,8.019395118960142e-06,3.670890717655858e-05,4.948103515625171e-08,2.9253586452140625e-07,2.7072985766425637e-06,2.4850718635942794e-05,4.1002851994518804e-05,0.00010440908686104758,0.0016315718569918202,2.0441497101310916e-06,0.0017921383161098885,0.00016226726705994676,2.7051547549809115e-05,0.003502892743237796,4.36592263742382e-09,2.2477582848356237e-05,5.572450736005297e-09,1.9043535878571432e-06,0.002321437449326297,3.213187073826668e-08,5.145922123842662e-06,0.014441202933098704
34,3.056224466547233e-05,0.9779265621877681,2.6277610876548586e-06,1.2212622502762629e-05,3.350974872862218e-05,1.918346058674852e-08,6.651974735180678e-07,6.952337663041591e-06,6.9176210585283304e-06,7.809564312362516e-06,0.0003917545818848015,0.004255276070958251,8.750887217309058e-06,0.0006321829851651621,9.08283603816022e-05,2.3030590057819806e-05,0.006562914004285201,1.3053585034987977e-08,4.7133534728266465e-05,2.4780758655735053e-09,3.355067692160502e-06,0.00578350042208184,1.2947238429162494e-08,3.2435832998960696e-06,0.004170162964627811
35,2.126907289314891e-06,0.9824670113010218,1.3474010123983641e-06,6.784631038167344e-06,3.694783366978357e-05,1.0213861496270403e-08,2.1701695582222487e-07,1.5721603131866508e-06,4.198202256535874e-06,8.48288326975753e-06,0.00012232489026434902,0.001741387837320878,1.7490969295868093e-06,0.00117999920871676,8.556300215194169e-05,1.1096179160158955e-05,0.005577593410081322,2.02968372777649e-09,1.3533370912745985e-05,2.9138436908337336e-09,1.9593542539658693e-06,0.0015732950356696091,1.4610012876314736e-08,2.396542201372141e-06,0.007160383968108423
36,8.073895301540731e-06,0.9783727389148843,2.6176526489081346e-06,7.9398254436557e-06,6.555020641245308e-05,1.8016675985591554e-08,4.4745555810780855e-07,2.2529283791365593e-06,6.535639955975727e-06,8.119861378968627e-06,0.0002822779104919037,0.002819534328202272,3.798886870149244e-06,0.0008602962318862017,7.245390519038659e-05,1.8333195821202812e-05,0.007320874270377667,5.972944799782614e-09,2.4167817451714945e-05,3.678158747280782e-09,4.129905648097423e-06,0.001969312337300698,2.484835086727355e-08,6.73802157661239e-06,0.008143754293089459
37,2.2897332614643974e-06,0.98546590351274,4.3992518833385995e-07,6.146834194422962e-06,9.827979060739309e-06,1.5578931438532893e-08,2.004549391796159e-07,4.507549150854441e-06,3.199859877278584e-06,8.889947785476247e-06,0.00010518523058234031,0.0018760202818507887,1.4763907661752604e-06,0.00043327041926148385,0.00010326796722973359,1.84405869076892e-05,0.0037609895163791002,1.988742307417544e-09,3.096683828918585e-05,1.1750640406510735e-09,8.432780453824729e-07,0.004423378642724651,5.02998104459293e-09,6.708152515115331e-07,0.003744060463795354
38,1.0934842497383475e-05,0.9770456471653811,1.993235878641014e-06,1.2644128622576023e-05,1.569864584722004e-05,3.501390834597269e-08,8.559118219885534e-07,6.0216748962143975e-06,5.718304587035174e-06,1.4517117106788507e-05,0.00014847977448484434,0.0033120596013523494,6.756006333302872e-06,0.0004277329025701818,0.00011788561815164424,7.133570739448841e-05,0.009189203739719825,1.0614758797863959e-08,8.096056560552533e-05,3.7175764973653868e-09,2.9646741902382678e-06,0.004608341073965131,1.9460674920673667e-08,3.3671668163968807e-06,0.004916813335858469
39,1.08961583226436e-05,0.9683903263311013,2.0991636264917265e-06,7.390803252933847e-06,1.7263497616125403e-05,2.6298762126522218e-08,7.243425657492157e-07,1.1221152095768178e-05,4.378485086665304e-06,1.0058758336358853e-05,0.0002344454228947123,0.006172496394495006,4.832679220701637e-06,0.0006324009730482183,7.204805425073686e-05,6.0419847075115745e-05,0.011468828808050533,8.166340421504588e-09,4.239479214127633e-05,2.9266160685639752e-09,3.405625962955815e-06,0.006104492029522068,1.3357297721141543e-08,2.4735353006140636e-06,0.006747352397017716
40,2.777451576932484e-06,0.9884228013330649,1.0561454309173794e-06,2.788780082614761e-05,1.8610939923567394e-05,2.0801439592359753e-08,4.940641386856371e-07,5.6300920187806325e-06,9.16158157209629e-06,3.531981162463949e-05,9.032704798717847e-05,0.001139711548717909,4.255066512683971e-06,0.0007336467258620581,6.600147998151771e-05,6.53871422957505e-05,0.004351269373809903,2.7873659698472265e-08,0.00021951581060274702,4.579210474635157e-09,4.803190295472155e-06,0.0016942528203727893,4.1844911547035936e-08,7.404342648213472e-06,0.0030995911315161713
41,4.665127127415971e-06,0.9791471969519749,1.6170929982500583e-06,1.5854238745569999e-06,4.589060049078814e-06,3.2149144415809162e-09,2.941692544853027e-07,3.7079022623563646e-06,1.0231375569551225e-06,4.622033581378581e-06,0.00011980077806199408,0.0027043800851611092,4.872187587847355e-06,0.0008271571688267883,1.0843774532441866e-05,2.5921194358139047e-05,0.010447045475170237,6.223766654966438e-09,2.0458761951504444e-05,2.0159601875915147e-09,6.333483369680938e-06,0.0030084771184068957,6.099483451695798e-09,1.6541952661679111e-06,0.0036537373245029126
42,9.072949968919924e-06,0.9744882622797101,4.574862769900552e-06,8.268832646962852e-06,5.3807021756195785e-05,1.2703913356598333e-08,3.18510771572466e-07,2.6587742550005825e-06,8.351929315841898e-06,1.1321923654881028e-05,0.0002059712255458183,0.0041284261839967746,2.4810291915362097e-06,0.002206091892671548,4.6800134885538264e-05,1.799399878478815e-05,0.007023716014869679,9.820254629222646e-09,9.95209661410725e-06,4.088541697305114e-09,3.0962307746415607e-06,0.001069852773871583,3.7225347692805094e-08,6.991692958742063e-06,0.010691925802928437
43,4.6984228266825275e-06,0.9829331867151528,1.3626745192859538e-06,1.0250247429898329e-05,1.8195715593980072e-05,3.638513955711914e-08,2.971386974026873e-07,6.346424611083432e-06,7.472002480631929e-06,2.605116704971015e-05,0.00012612199970881598,0.0016098882345613461,3.117355425992765e-06,0.0007605795191778087,0.00010588166069188268,2.9491615075914923e-05,0.004673631648581823,5.996759394205399e-09,4.6730605534867245e-05,3.3653673423251204e-09,2.0747549527255266e-06,0.005103105123772724,1.3953545513857187e-08,1.92102575162693e-06,0.004529536247591222
44,6.319854305744528e-06,0.9820722289355361,1.364594626512724e-06,7.250496317530924e-06,1.7960008384219765e-05,1.3669880179276132e-08,3.1276383160349576e-07,3.862912955008398e-06,4.394634284069561e-06,8.660090303637366e-06,0.00013981617406382102,0.003004505051197933,3.039330475512078e-06,0.0006564866423020148,5.9863368141987834e-05,2.2423401332255713e-05,0.005914513333953436,4.6648982126506965e-09,2.3642033509670335e-05,1.987954886763427e-09,1.711018971598076e-06,0.0032849936708816774,1.0183240130509693e-08,2.1355880897274304e-06,0.004764485590562571
45,8.841752382426845e-06,0.9750483079123929,1.1136384162972317e-06,2.763389997232628e-05,4.448993156382448e-05,5.773031869982912e-08,1.4735852517752098e-06,8.694999726464515e-06,1.4796789145282248e-05,1.2098518892438315e-05,0.00023622765653301785,0.005340400325568865,7.005140112791323e-06,0.00048316626398281503,0.00030749667985620983,5.4696476067114054e-05,0.004931339488209395,7.920461541596715e-09,9.417354059117197e-05,4.605492902032902e-09,1.6063943745621913e-06,0.007484064517063343,1.622126809783469e-08,3.3783151452294537e-06,0.005888907697210442
46,8.201557826993435e-06,0.9777745792250898,9.68740652875734e-07,6.371792632414059e-06,1.0758876850598711e-05,9.126183957185306e-09,2.3624668480655994e-07,3.340877887783379e-06,1.472430410355877e-06,4.009852650466191e-06,0.00012460936432574977,0.0037286319710874874,2.8015500234461946e-06,0.00028312634251074766,4.3408103581872404e-05,2.219857643987006e-05,0.011185226621345828,2.732012163642639e-09,1.651328526872848e-05,1.009760455850018e-09,1.0771026435919716e-06,0.0036321214745349715,6.59320080898207e-09,1.309943428909026e-06,0.0031490166029655327
47,7.156806756176379e-06,0.9831042727876184,7.332665563582295e-07,3.533191988178809e-06,5.3385620429350915e-06,7.589831854126112e-09,2.0080815675897124e-07,2.905503680170855e-06,2.0109994119270204e-06,4.109417690741042e-06,8.40977983202237e-05,0.003831076131511081,2.895637136794696e-06,0.00023451279837241736,3.7657775836916876e-05,2.4891561547425194e-05,0.0049801144318822755,1.990397403116178e-09,1.3763424593879014e-05,8.964929314923582e-10,5.462833428418456e-07,0.004240341268992393,3.193218552263118e-09,1.192500624148772e-06,0.003418635373997219
48,8.18316378179896e-06,0.9788595942768189,1.932954270161344e-06,8.107496587948144e-06,2.7098416433150293e-05,1.734996810743391e-08,4.20838729930016e-07,4.399520211802873e-06,6.9451902270268885e-06,9.985989594546002e-06,0.00019217564119327005,0.0038467677213367473,3.948225820711981e-06,0.0009127844813584993,7.40692211962596e-05,2.547455275684702e-05,0.005759045838627024,6.138955826006208e-09,2.5380137639344455e-05,2.9110023342592843e-09,2.2368665462837036e-06,0.003638257245071659,1.3047095208090207e-08,3.2401086064651212e-06,0.006589912666170267
49,7.83840059734588e-06,0.9804364715768055,1.818564757333868e-06,7.000110962807627e-06,1.9065596633442563e-05,1.7516185879968026e-08,3.3957896139977686e-07,4.317170808689104e-06,4.7149993089350035e-06,8.811442430281038e-06,0.00014740310061331965,0.003761518930630396,3.402791708038466e-06,0.0006711367837354919,4.872981980693028e-05,2.382474123990068e-05,0.006541017743065132,4.945568132396745e-09,1.6893197746977622e-05,2.3884990456519907e-09,1.6509743607320829e-06,0.0033999423276713306,1.105181423627599e-08,2.3386867486589886e-06,0.004891727559340252
50,4.391806408464717e-06,0.984532311503133,1.2417154356591571e-06,6.793572926758909e-06,1.246906824190585e-05,1.4352962118124486e-08,3.151438909936218e-07,5.536011000651379e-06,4.8226791895181625e-06,1.4356441551361144e-05,0.00010950964451394108,0.002070361167596276,2.920378813539603e-06,0.0008142137069055793,6.134748077542215e-05,2.187602430733249e-05,0.00432388597727881,5.028296017315408e-09,3.341035052608788e-05,2.0308422974331278e-09,1.884552714371259e-06,0.0038575474984198096,8.331995301049141e-09,1.3240211451491569e-06,0.004119451511129927
51,4.974821692657191e-06,0.985263471333347,1.0431112782878958e-06,6.702970305966648e-06,1.3606970175149412e-05,1.0488224524894677e-08,2.284205572003166e-07,3.506641122509461e-06,3.4656968123535774e-06,7.896294647379265e-06,0.00011185183011947007,0.00245202393705943,2.510581314686937e-06,0.0005829157811817943,5.096006379443528e-05,1.7585691091935644e-05,0.004759043431286606,3.737847969134541e-09,2.0089040629055828e-05,1.5452984999162574e-09,1.278764988728196e-06,0.0029986871953326683,7.458814621677687e-09,1.5073750168779653e-06,0.003696626818059981
52,7.776836712859191e-06,0.9846983387986502,1.4977464784618603e-06,1.5402370306838422e-05,1.0246198615757568e-05,2.3033828999499253e-08,2.1304657758409766e-07,8.873039085377206e-06,6.180476550952144e-06,3.398862543258359e-05,0.00012476120386702215,0.0017025949757575518,4.898210243007299e-06,0.0007690522732253314,0.00011126077195024087,4.379693954257104e-05,0.004014906816355107,1.3112985158404106e-08,5.858013235017809e-05,4.18474748741183e-09,1.3640570385748724e-06,0.0052879781092778425,1.0846309090163829e-08,1.8309045771549248e-06,0.0030964072895342956
53,9.177183005420754e-06,0.966737642418679,1.8334535706733908e-06,7.88701615211085e-06,3.1802808837500894e-05,2.6504457574364836e-08,1.1870626792060163e-06,5.960151185936855e-06,9.247439357854057e-06,6.733310764209452e-06,0.000253205753590651,0.008787320958265975,4.316220126270882e-06,0.000935904157903139,0.00010799366570347177,4.077770779816399e-05,0.007622278457736318,6.603136224953639e-09,3.160624045101728e-05,3.227409984673509e-09,2.716203245771537e-06,0.004303444903661099,1.847734047591729e-08,3.7112463914231154e-06,0.01109519882855072
54,0.000559652968242341,0.9132838747347028,9.391171406640004e-06,0.0001865385602176989,0.000286906565706126,3.194371856800958e-07,4.01512042004121e-06,4.7894942862508405e-05,4.921071243467506e-06,1.407577117120067e-05,0.005600278383927969,0.0019133851975454176,0.00011043731347028074,0.0002888182049967424,5.1174042224833976e-05,1.6045647261456353e-05,0.057248718776821396,5.880446545729455e-07,0.00043055914413424345,9.148958822920328e-09,8.004355011495789e-05,0.01950933964241112,1.6665077987304935e-07,5.981002601159977e-06,0.0003468649069384197
55,1.294537873600072e-05,0.9620515256690078,1.9954968670942637e-06,1.215031726710029e-05,4.70943483251675e-05,2.34226600599601e-08,1.286510970912252e-06,4.339080844515625e-06,1.2980619869831763e-05,4.93164311484832e-06,0.0002463349727485097,0.015442671837123893,5.12214163484894e-06,0.0007743105815806704,8.005794713435973e-05,4.294136223211038e-05,0.006437923718477965,7.873725205412693e-09,2.72011927017234e-05,2.68714348340235e-09,1.9667035470810556e-06,0.0033229132251693487,1.9756174507521123e-08,7.98017983209142e-06,0.011461273333110741
56,6.441187427847679e-06,0.9821435397722261,1.3562072393379815e-06,7.279598282281826e-06,1.7494116901136715e-05,1.3379063088491405e-08,3.19402582359876e-07,3.86338502618151e-06,4.279534870614292e-06,8.428114632878088e-06,0.00013892734065577917,0.003043340982827815,3.1912679454045378e-06,0.0006412654460625896,5.8338857748119686e-05,2.2436965041003794e-05,0.0059234780087438765,4.751814812048584e-09,2.3926090074076664e-05,2.0114547523321865e-09,1.7209421728537027e-06,0.0033349760546146925,1.0059999479485744e-08,2.146880380081303e-06,0.0046132196422129625
57,3.2211593269509684e-05,0.966478019602776,5.794304010300579e-06,1.81771057055554e-05,0.00011508288991937732,7.254275942745879e-08,3.4508778333051044e-07,6.24999428614723e-06,2.6038303101608303e-05,2.1041611119691836e-05,0.0004646507278629567,0.0050949552761059246,2.8837926138006033e-06,0.0028374545308292426,0.00014649303322752634,1.5974641186823084e-05,0.008693013510144232,1.3200813355806195e-08,6.4856838260433046e-06,7.079827688663187e-09,1.45176934828267e-06,0.003654310499207087,6.828863129707424e-08,6.351746267226163e-06,0.012372853185377588
58,6.356332463211607e-06,0.9815036975867496,1.5223401640766173e-06,8.217704117761485e-06,2.2410600354086415e-05,1.525321646772945e-08,3.693538970802326e-07,3.2753037583433042e-06,5.397636125862581e-06,8.966787505284448e-06,0.00013773281962112594,0.003188347636424424,3.5712747705155027e-06,0.0006614379671911723,6.125285086924023e-05,2.5752467311726327e-05,0.005990996954046521,5.191723932127943e-09,2.6277425699478837e-05,2.525028848699245e-09,1.985208720204389e-06,0.002993359114804352,1.325427289485221e-08,3.3906532280141287e-06,0.005345645757935638
59,6.198308665363187e-06,0.9817049937693613,1.7562868471891203e-06,7.541371919515922e-06,2.115584703048597e-05,1.4326732579038936e-08,3.2395225263425277e-07,3.317406141166737e-06,5.039332728523985e-06,9.910250279017871e-06,0.00012911029251068827,0.002895531621440864,3.3020691673329638e-06,0.0007360008730079073,5.333678903469082e-05,2.5258207997093498e-05,0.006318887141686431,5.264385195468092e-09,2.2704235347227026e-05,2.5722719238839804e-09,2.0946521361999206e-06,0.002724008960168816,1.3438729255514386e-08,3.2342904581357785e-06,0.005326258739700373
60,6.319854305744528e-06,0.9820722289355361,1.364594626512724e-06,7.250496317530924e-06,1.7960008384219765e-05,1.3669880179276132e-08,3.1276383160349576e-07,3.862912955008398e-06,4.394634284069561e-06,8.660090303637366e-06,0.00013981617406382102,0.003004505051197933,3.039330475512078e-06,0.0006564866423020148,5.9863368141987834e-05,2.2423401332255713e-05,0.005914513333953436,4.6648982126506965e-09,2.3642033509670335e-05,1.987954886763427e-09,1.711018971598076e-06,0.0032849936708816774,1.0183240130509693e-08,2.1355880897274304e-06,0.004764485590562571
61,7.188194243873478e-06,0.981278007539958,2.004540647096023e-06,7.86100997358367e-06,2.283254468473909e-05,1.5462542371901486e-08,3.4831197900583887e-07,3.4942532696069245e-06,5.684240183617063e-06,1.0490961869513998e-05,0.00013867562393842832,0.0030274636663889334,3.6168641435230595e-06,0.0007748613974768696,5.3506611926736434e-05,2.5633631604744102e-05,0.0062818062342402045,5.841707905683746e-09,2.321194242468374e-05,2.706800162459159e-09,2.245124841616154e-06,0.0028026710854514424,1.4408250366078522e-08,3.585258777731895e-06,0.005524772542675306
62,6.319854305744528e-06,0.9820722289355361,1.364594626512724e-06,7.250496317530924e-06,1.7960008384219765e-05,1.3669880179276132e-08,3.1276383160349576e-07,3.862912955008398e-06,4.394634284069561e-06,8.660090303637366e-06,0.00013981617406382102,0.003004505051197933,3.039330475512078e-06,0.0006564866423020148,5.9863368141987834e-05,2.2423401332255713e-05,0.005914513333953436,4.6648982126506965e-09,2.3642033509670335e-05,1.987954886763427e-09,1.711018971598076e-06,0.0032849936708816774,1.0183240130509693e-08,2.1355880897274304e-06,0.004764485590562571
63,5.098370520575859e-06,0.9843414973710651,1.0799788028219987e-06,6.3104961772655965e-06,1.4068065772223488e-05,1.1075702017475622e-08,2.4579643554592457e-07,3.278004086256837e-06,3.577292478916486e-06,7.821203012753669e-06,0.00011241721318158658,0.002555165569183092,2.580061117255368e-06,0.0005576921608024115,5.239927686976318e-05,1.9531599831098006e-05,0.005186494831760194,3.6595560548260423e-09,2.1152825171423043e-05,1.6082574346910243e-09,1.3725727756074196e-06,0.003019390565376058,8.086977604872105e-09,1.7463086701937527e-06,0.0040870560064168475
64,6.287135997010078e-06,0.9815379391057318,1.6170793732048117e-06,6.690945830347921e-06,1.9214245757233678e-05,1.252536888265729e-08,3.623478648919757e-07,3.9340952722541835e-06,4.0283736848203795e-06,8.656081691254437e-06,0.00014621969797730088,0.0028105035713190544,3.4396198918089778e-06,0.0007357035386139494,5.029974021816157e-05,2.3239742045207767e-05,0.0068537155085685204,5.598470935200535e-09,2.6571842060365165e-05,2.2446099308786727e-09,2.660991495672824e-06,0.0030508654299388417,1.1711047195924364e-08,2.3604145966988012e-06,0.004705658412574973
65,8.170659147235354e-06,0.9787909470488942,1.2436259498088466e-06,1.0489544054352004e-05,2.342532486585136e-05,2.09458654567736e-08,5.093410641029443e-07,4.936163003161956e-06,4.477242423449345e-06,8.112586927626615e-06,0.00020039667455551584,0.0036403580286787965,3.7430851831584802e-06,0.0005096833228655088,9.044084339071905e-05,2.8898746513269654e-05,0.007829592183358111,6.2374069292074345e-09,4.1619852837834664e-05,2.069581692722264e-09,2.1421673466456067e-06,0.004108876653851087,1.3161603804999265e-08,2.2445469922771526e-06,0.0046896499436394025
66,2.393842032615807e-05,0.9789584883100422,7.18119055955273e-06,9.974830763358057e-06,2.8813989387198176e-05,1.3253430426381221e-08,7.05951038045742e-07,1.2760927090356929e-05,5.8642992300664394e-06,1.6398444599035123e-05,0.0003066942782162983,0.00416165108462412,1.589539676441204e-05,0.0012643289754528048,4.092303211867969e-05,3.93580442960154e-05,0.006785968910283995,2.2277572713179036e-08,2.785334154394933e-05,7.794998728675214e-09,4.683382623677825e-06,0.0046014336722554625,9.058994420773523e-09,3.0125837522923095e-06,0.003684018550036055
67,7.6400050222877e-06,0.980221599347391,2.7153781268252053e-06,8.577784943006279e-06,2.080476396323964e-05,1.4329629361010813e-08,3.231318732501793e-07,4.17578630197559e-06,4.01243667277832e-06,1.2638754697382692e-05,0.00014668106358913717,0.00256680079638593,3.937854178136214e-06,0.0009439424753957989,4.6208350608355454e-05,2.675325197143274e-05,0.00873872817999939,8.237365014317866e-09,2.3699689404979963e-05,3.3545943052819562e-09,3.2321976844156647e-06,0.0024177093410918484,1.8599070670381012e-08,3.1347217600557525e-06,0.004796640168279478
68,6.174406953736083e-06,0.9786570728085983,2.415265557482206e-06,8.454079886495889e-06,2.8355049593202885e-05,1.753736573985687e-08,3.487239811304597e-07,3.2153944333412736e-06,8.368554458840432e-06,1.2294661654245747e-05,0.00013536794297734178,0.0038323546312258993,3.1283049835262283e-06,0.0012326168015760399,6.243028701755828e-05,2.3497377971895497e-05,0.005482877308001008,5.2300227544725624e-09,1.5888171010897254e-05,3.3915305643962757e-09,1.8150491756477623e-06,0.0024584589276094885,1.7290316982326234e-08,4.128423407261415e-06,0.008020694380690493
69,6.536651626992703e-06,0.980909952274909,1.917872305240375e-06,7.225219895019205e-06,1.912570442984185e-05,1.4420261819953463e-08,3.4863794268566515e-07,4.654750989577229e-06,5.05918571387951e-06,1.1307111307512536e-05,0.00014614981939130542,0.003079953152035256,3.4394297680490348e-06,0.000917830420983167,5.5111342283251765e-05,2.603338487888619e-05,0.0062183119770070445,6.398492224029302e-09,2.492486187402608e-05,2.707604757432627e-09,2.4303885569327845e-06,0.0031238180739498276,1.2596082093780851e-08,2.5518688329558166e-06,0.005433281748878703
70,7.065330943221996e-06,0.981384134959293,1.7485501907479365e-06,1.1477360586530636e-05,3.745175898295429e-05,1.8479020092658115e-08,4.115004538990522e-07,4.038925324965985e-06,7.465037452292418e-06,9.00502840459645e-06,0.0001728329186418756,0.0034958901029928063,3.119128549855201e-06,0.0009324927447844192,7.528710437809923e-05,1.6323143634528506e-05,0.005343774707480805,4.953277690747053e-09,1.9087845314576368e-05,2.4925031365659458e-09,1.7198790072379167e-06,0.003022435620471711,1.4514817288982978e-08,2.6263690960617827e-06,0.005451571544397788
71,4.391042660021186e-06,0.981730661377737,1.8480602921086645e-06,6.628567766195239e-06,2.9331399192942805e-05,1.3256466533495894e-08,4.2964099432385985e-07,4.018976850340516e-06,7.885123350024187e-06,1.1452997603931793e-05,0.0001304164004988403,0.0030240165306098495,3.05880244108456e-06,0.0013554313962170735,4.658839678315786e-05,2.2757655895765522e-05,0.004746989973426254,6.677088935579051e-09,2.1810589459333703e-05,3.4204617683326725e-09,2.935923918517956e-06,0.002512177641917129,1.4356989250079591e-08,3.2341427531778063e-06,0.006333897648626398
