,0,1,2,3,4,5,6,7,8,9,10,11,12,13,14,15,16,17,18,19,20,21,22,23,24
0,0.0005925357167562433,1.4462781505320821e-05,0.009989998113808986,0.00014332083963508168,5.3966065446594485e-05,0.0009031293838571828,3.240870627006768e-05,0.0004510992191493536,2.241202020842296e-05,1.493925355942273e-05,2.515833215815968e-09,1.917648470990493e-06,0.00011402591541327815,1.7404597889881715e-09,1.3494087896798257e-09,0.22155828018579743,0.03926331427349077,1.8475794838354188e-06,0.7221771156610975,2.3219019394395144e-08,3.672241924314247e-05,0.0037933965175107457,1.0299318605647247e-07,0.0008349505587510387,2.5322637195385025e-08
1,0.0005752766620837767,7.5675409537278035e-06,0.010036778447722234,0.00017634880019355532,3.914948869575503e-05,0.0007047335046023245,2.0440216384887545e-05,0.0005320800174352533,2.6923440813976958e-05,1.561948837127711e-05,1.8180445437467696e-09,9.273276031018713e-07,0.00014672750475429322,5.713547727444039e-10,5.634375877548558e-10,0.2796269524747286,0.02695961650150004,1.0832341502560372e-06,0.6783781991864153,2.140565589763852e-08,1.9064860088100535e-05,0.0022775716155046953,5.6312586834592796e-08,0.00045485007198720707,8.944931790769395e-09
2,0.0007890740472291913,1.3990095721892701e-05,0.01254396822327521,0.00020147445322864547,6.53342404225768e-05,0.0007098430990813594,3.244662126388031e-05,0.000864899374340126,4.083291006466461e-05,2.148229515361628e-05,4.271280237777035e-09,1.7604258322372745e-06,0.0001948608787205874,1.5929269411021574e-09,1.5680669156183832e-09,0.24393306288096772,0.03538633689730449,1.927722475917352e-06,0.7013666402132509,4.14772723204352e-08,2.606557570820706e-05,0.0031388802759947836,1.0662984999034606e-07,0.000666941012871428,2.321769631463681e-08
3,0.000635124247482752,9.94911185665224e-06,0.009918036836399975,0.0002090824477368753,4.266426046274592e-05,0.0008762978988053784,3.101674282124833e-05,0.00059158976217429,2.6197906757114323e-05,1.667009389030822e-05,2.2855374031549396e-09,1.5311596788400529e-06,0.00015916764633263405,1.072758592258875e-09,8.390372281846362e-10,0.29661802736927717,0.03637716788193663,1.6645751270477388e-06,0.6505825355371677,2.7772402310698314e-08,2.7048635816168855e-05,0.003167884211119184,8.772640975738461e-08,0.0007082086835579234,1.5295453989960838e-08
4,0.0006303730348813007,8.800143346592814e-06,0.00959651907772629,0.00019160208271733117,4.1672872563340934e-05,0.0008471053949733216,3.0171815258555285e-05,0.0005748911354391499,2.3530438020327637e-05,1.658782684221513e-05,2.1142973558728794e-09,1.4535965359494538e-06,0.00017519799158797664,1.1325080296211601e-09,7.76425024214739e-10,0.293454771767718,0.03529240520420957,1.7065645523075086e-06,0.6556288684711972,2.9091762376730397e-08,2.5481595671725902e-05,0.002701740765709275,8.456868660705816e-08,0.000756988466909942,1.4070460267083061e-08
5,0.0005906208032232282,1.051070450290273e-05,0.008439303375458276,0.00025416115041883877,4.056344268047781e-05,0.0010366279719337139,3.058545388934441e-05,0.0005963292194425851,2.6299421276583574e-05,1.58837871438988e-05,2.3049035316562583e-09,1.5136796081114532e-06,0.0001660479433866581,1.0707803977820848e-09,8.171609572053944e-10,0.32078402716798815,0.034522252175243684,2.139471009395279e-06,0.6294870035741447,3.22093009924953e-08,2.6029617590337524e-05,0.003270191457271639,9.325507529038853e-08,0.0006997654546354519,1.4471930955386247e-08
6,0.000635124247482752,9.94911185665224e-06,0.009918036836399975,0.0002090824477368753,4.266426046274592e-05,0.0008762978988053784,3.101674282124833e-05,0.00059158976217429,2.6197906757114323e-05,1.667009389030822e-05,2.2855374031549396e-09,1.5311596788400529e-06,0.00015916764633263405,1.072758592258875e-09,8.390372281846362e-10,0.29661802736927717,0.03637716788193663,1.6645751270477388e-06,0.6505825355371677,2.7772402310698314e-08,2.7048635816168855e-05,0.003167884211119184,8.772640975738461e-08,0.0007082086835579234,1.5295453989960838e-08
7,0.001126422507351773,5.104318620877682e-06,0.014228404755280866,0.0001853647913852379,4.461791023884443e-05,0.0004267452502370054,3.046403448013917e-05,0.0009203001266091366,2.651347233523229e-05,3.4037629255567215e-05,2.6645235140115207e-09,9.872240943918171e-07,0.00028321799194936157,8.151980285617041e-10,5.13888799474929e-10,0.2101643337729242,0.03299823035763828,8.295833977661203e-07,0.7368318664192354,3.0871793170355263e-08,1.0548193683404623e-05,0.002029462442299527,4.094612710052651e-08,0.0006524627845049324,1.0622947543652776e-08
8,7.618683925831517e-05,1.464775176433052e-05,0.0008490080691801063,0.00017447494172130498,3.7309644888220907e-05,0.004036483238165299,6.955817681239976e-06,0.00019652379375916242,3.299386049969346e-05,1.9214254782553036e-06,1.726616466418183e-09,5.050592674579218e-07,2.291559206518595e-05,1.977228482280513e-10,6.918692613981953e-10,0.34381828339977766,0.009094635302603276,8.326561871679005e-06,0.6385988616530749,1.1586638583764802e-08,1.2154068702611199e-05,0.002973539993129216,3.0299872397212195e-08,4.422488573729879e-05,3.5986551574292434e-09
9,0.0006630501752432014,1.025292130061291e-05,0.010160237681975706,0.00021270360374855968,4.296054307003574e-05,0.0008584869542665207,3.164151184339861e-05,0.0006037124114412163,2.6611027471352226e-05,1.731952313482775e-05,2.3540779366310205e-09,1.551375064818626e-06,0.00016262265015189265,1.1184858709177885e-09,8.652056929456555e-10,0.2916964505435252,0.03717967484481238,1.6506237311197863e-06,0.6543493619515375,2.8268722488591792e-08,2.7073752791737597e-05,0.0032146862133864166,9.126573615100402e-08,0.0007398116391584102,1.618011707449413e-08
10,0.000635124247482752,9.94911185665224e-06,0.009918036836399975,0.0002090824477368753,4.266426046274592e-05,0.0008762978988053784,3.101674282124833e-05,0.00059158976217429,2.6197906757114323e-05,1.667009389030822e-05,2.2855374031549396e-09,1.5311596788400529e-06,0.00015916764633263405,1.072758592258875e-09,8.390372281846362e-10,0.29661802736927717,0.03637716788193663,1.6645751270477388e-06,0.6505825355371677,2.7772402310698314e-08,2.7048635816168855e-05,0.003167884211119184,8.772640975738461e-08,0.0007082086835579234,1.5295453989960838e-08
11,0.0006425836252607648,8.681859718725535e-06,0.009955109226164004,0.0001957665893976215,4.102089824476211e-05,0.0008520752352640699,3.086713514496459e-05,0.0006365109331356167,2.5150379938443023e-05,1.800205148392169e-05,2.159668185639556e-09,1.5126544446428705e-06,0.00018394794066122982,1.0436952738816212e-09,7.744292632682795e-10,0.2963232091065809,0.03731459570061538,1.6533411368346763e-06,0.6500987355866491,2.983164984634597e-08,2.5369321876854848e-05,0.0028850236654301537,8.311080109647525e-08,0.0007600538149225621,1.4013685707803636e-08
12,0.0006332087543953979,1.0823783742040369e-05,0.007707963355632031,0.0002084734800373704,6.945415401770991e-05,0.0010502711950103837,4.302368078464449e-05,0.0003546021257846604,2.3297721287949684e-05,1.2957078089248197e-05,2.5052976152506045e-09,1.6721087801615964e-06,0.00015948879533518207,2.2905206963982913e-09,9.284830057338027e-10,0.3259579107860418,0.04051600758746061,3.1257761976177112e-06,0.6197227846569336,3.8010001370832776e-08,3.5436956435009667e-05,0.0025302521371777754,1.5877346549124825e-07,0.0009590200019136044,2.335717512846799e-08
13,0.0015547143275453572,1.1680341994820125e-05,0.03226712229357583,0.00036405016659932525,8.47966440223243e-05,0.0004125095489769412,6.714920523398477e-05,0.0015798124821859913,5.062694540572499e-05,3.257978231361483e-05,2.2369681961634158e-08,5.983966969995882e-06,0.00037084348383689615,6.7495406708696925e-09,4.205206226639563e-09,0.41426958660534846,0.05014372730665246,3.5194298165225146e-06,0.4942974333117571,1.0819886978190422e-07,5.5021940400782176e-05,0.003637595161544157,2.4750692650001603e-07,0.0007908215024921904,3.652310248052701e-08
14,0.001141432445796463,8.430415745503664e-06,0.012239706798408752,0.0002277288341185158,3.704594003727062e-05,0.0008181074450241285,6.186796320910735e-05,0.0009439232381644636,3.142506779341638e-05,2.182665467495981e-05,2.2077976144610265e-09,2.8106778268691514e-06,0.00019317602524174455,1.4602839773708046e-09,9.027075623992797e-10,0.3452857133513478,0.07104066107350424,1.4037937968575132e-06,0.5618372231335315,2.613257871932142e-08,3.9907473550393576e-05,0.004733621029810952,1.2362946448790942e-07,0.0013338078802667113,2.6425318088704237e-08
15,0.000635124247482752,9.94911185665224e-06,0.009918036836399975,0.0002090824477368753,4.266426046274592e-05,0.0008762978988053784,3.101674282124833e-05,0.00059158976217429,2.6197906757114323e-05,1.667009389030822e-05,2.2855374031549396e-09,1.5311596788400529e-06,0.00015916764633263405,1.072758592258875e-09,8.390372281846362e-10,0.29661802736927717,0.03637716788193663,1.6645751270477388e-06,0.6505825355371677,2.7772402310698314e-08,2.7048635816168855e-05,0.003167884211119184,8.772640975738461e-08,0.0007082086835579234,1.5295453989960838e-08
16,0.0005371517703450314,7.293689702900318e-06,0.009721538346659463,0.00019433477571976127,4.000236712418172e-05,0.0008867420408365625,3.2792685339845943e-05,0.0005039136765620701,2.0027082107578823e-05,1.3848924457665504e-05,2.2225789396274687e-09,1.7562230186451675e-06,0.00017214548389335593,1.2924695548914888e-09,7.585792563315361e-10,0.36971194950326575,0.03489023734853555,2.1136366730730624e-06,0.5798940245464159,3.309578581604323e-08,3.126288176926255e-05,0.0026127862483056423,8.97835587704616e-08,0.0007259398921032681,1.1724192065253585e-08
17,0.0009433605820750859,9.642467763545759e-06,0.012595296924642568,0.00027458454888441543,5.639145643151103e-05,0.0008292229624397596,5.522919295414431e-05,0.0007910758504434311,3.155102174815224e-05,1.95958274847228e-05,3.248323959218738e-09,2.5285874792044986e-06,0.00020504180003962785,1.902339921095417e-09,1.0184682824955016e-09,0.35307617878138026,0.04962479772241945,2.008059601501481e-06,0.5766526389366395,3.707940002497575e-08,3.555681598925318e-05,0.0038606271341340612,1.1698227531939228e-07,0.0009344882876180901,2.2809024249684935e-08
18,0.0006546276681431278,1.004286545628112e-05,0.009747515120247801,0.00020736460286223228,4.332613669942798e-05,0.0008713472114912223,3.172527497186036e-05,0.0005889871800533774,2.646438733358461e-05,1.694722367429315e-05,2.3122506446193493e-09,1.528211284533362e-06,0.00015823285110721732,1.103684020825149e-09,8.481583774207321e-10,0.288620388474967,0.038131858658888546,1.6945966566021834e-06,0.6569074818167581,2.7873891054156167e-08,2.7053401005152674e-05,0.003226500223339724,8.995057318318483e-08,0.0007267758128778333,1.619362495463874e-08
19,0.0007004049378684438,7.731043302044463e-06,0.013272843521425833,0.00025018318203548474,4.193289785377143e-05,0.001037843343741786,4.371691492844244e-05,0.0009130706103652463,2.9377545083247832e-05,3.0763364667887816e-05,2.1757449898278847e-09,2.151908640244722e-06,0.00023547836933451397,7.8192510917406e-10,6.866464858713431e-10,0.32925129124581687,0.0446660108206566,1.1967847659702883e-06,0.6042887724421319,3.209850266431077e-08,2.6711822965779198e-05,0.0043257967358855285,7.001078336190813e-08,0.0008746017415503327,1.501337748804168e-08
20,0.00044494094260753674,2.0695374830478302e-05,0.011282802443197164,0.00027648963365843935,3.386413659152024e-05,0.0013268648575704318,2.6784457185210337e-05,0.0009869434978425295,3.5453423489618435e-05,1.727327660488587e-05,3.1145476601252696e-09,2.792186470563038e-06,0.00013142669732053665,9.876451087593578e-10,1.8530293551428054e-09,0.3277726223103438,0.03345915103991318,2.0447957523066765e-06,0.6167882710657859,3.042758816461606e-08,4.343395617507341e-05,0.006735614303345469,9.723386477059203e-08,0.0006123800751372817,1.7909502910543706e-08
21,0.0005955898599761283,1.029776092915344e-05,0.009256218249575676,0.00016463404116462605,3.845656981339825e-05,0.0009101067195062555,2.7799433662767727e-05,0.000649000412505301,2.6106609741722194e-05,1.9107318529430637e-05,1.6274237507906613e-09,1.2611639348595757e-06,0.0001543080955564762,6.988402412727e-10,7.227781639922096e-10,0.23304384566685268,0.04301687548731251,1.2700190414863454e-06,0.7077746479065548,2.2339807018777193e-08,2.4613617803623028e-05,0.003483456320983985,7.440858308073269e-08,0.0008022893232206764,1.5625902076230843e-08
22,0.0006180278374351512,7.156879703896237e-06,0.014216673116232583,0.0002555011617387472,4.4881476954436666e-05,0.0007668341644433783,3.76974271020955e-05,0.0005438700950404273,2.565675717320539e-05,2.0210998434295006e-05,3.4384052710973772e-09,1.710187251308905e-06,0.0001849052964537108,1.016258311909918e-09,7.186505235794045e-10,0.3654133247065446,0.050144962742474916,1.9039650932049856e-06,0.5634346816151269,3.996934173581356e-08,3.467869255543929e-05,0.0036144817501562038,9.952375686921888e-08,0.0006326832892330492,1.3174439857249311e-08
23,0.000635124247482752,9.94911185665224e-06,0.009918036836399975,0.0002090824477368753,4.266426046274592e-05,0.0008762978988053784,3.101674282124833e-05,0.00059158976217429,2.6197906757114323e-05,1.667009389030822e-05,2.2855374031549396e-09,1.5311596788400529e-06,0.00015916764633263405,1.072758592258875e-09,8.390372281846362e-10,0.29661802736927717,0.03637716788193663,1.6645751270477388e-06,0.6505825355371677,2.7772402310698314e-08,2.7048635816168855e-05,0.003167884211119184,8.772640975738461e-08,0.0007082086835579234,1.5295453989960838e-08
24,0.0006300132922028787,1.1092177730250232e-05,0.009519057689215939,0.0002635485106485217,4.942266797968605e-05,0.0009482800460354149,3.257619999220582e-05,0.0005776700789630906,2.7502416659574927e-05,1.730256555367809e-05,2.6682371851307107e-09,1.610742507012846e-06,0.00016527603614460208,1.2572082682677558e-09,8.732611287548398e-10,0.30748499099464643,0.0334488042027901,1.991160028296555e-06,0.6427735801088491,3.253006618970363e-08,2.5335465755922857e-05,0.0033504597970775898,9.143394271943184e-08,0.0006713405469865874,1.653751756658564e-08
25,0.0012318016322262597,6.95288262735847e-06,0.017945849630735974,0.0003301604274171556,6.571501987943334e-05,0.0006219729485631864,7.391772706874578e-05,0.001327980499930375,3.9126871787246374e-05,3.158556927730579e-05,6.432614409783079e-09,3.045451926142029e-06,0.00037356720215116093,2.3580820737656513e-09,1.151760056239539e-09,0.3900610003632052,0.05359664572715073,2.330641648120335e-06,0.5299262716724708,7.138233539171123e-08,2.7044829552260953e-05,0.0034120579133207207,1.1525814040566027e-07,0.0009227552854841813,2.1120645324162272e-08
26,0.0008470296804628569,7.679923211558322e-06,0.007919653354390299,0.00015708109044604507,4.016467335712249e-05,0.0007730635344351661,2.6202633262614975e-05,0.000497208272316099,2.7685538117125915e-05,1.6670728528222935e-05,1.4753952726589412e-09,7.914133185161888e-07,0.00018466639930658294,6.745852926350098e-10,4.909239866682724e-10,0.2298845176648986,0.04732025788016412,1.4901939861952525e-06,0.7093112411027042,2.452213059614693e-08,2.2055364691966565e-05,0.0021072601441851366,9.927777335805194e-08,0.0008551397920401788,1.4175368924106048e-08
27,0.0006273230596116712,1.6948491710086423e-05,0.0082093667559171,0.00025975162666342483,4.0846285512567854e-05,0.0010709729764764083,2.795008783811435e-05,0.000789064803735213,3.9050826048587484e-05,1.8725066582911162e-05,2.8066052402152125e-09,1.691971052080283e-06,0.00012317457016070108,9.48467234686236e-10,1.2677750389054932e-09,0.2518173923746722,0.034345500555865334,1.6495426768709483e-06,0.6970031009602615,2.3865393576220022e-08,2.3660473002947845e-05,0.005013430157104615,8.605173465038134e-08,0.0005702624132262507,2.206190564609148e-08
28,0.000635124247482752,9.94911185665224e-06,0.009918036836399975,0.0002090824477368753,4.266426046274592e-05,0.0008762978988053784,3.101674282124833e-05,0.00059158976217429,2.6197906757114323e-05,1.667009389030822e-05,2.2855374031549396e-09,1.5311596788400529e-06,0.00015916764633263405,1.072758592258875e-09,8.390372281846362e-10,0.29661802736927717,0.03637716788193663,1.6645751270477388e-06,0.6505825355371677,2.7772402310698314e-08,2.7048635816168855e-05,0.003167884211119184,8.772640975738461e-08,0.0007082086835579234,1.5295453989960838e-08
29,0.000635124247482752,9.94911185665224e-06,0.009918036836399975,0.0002090824477368753,4.266426046274592e-05,0.0008762978988053784,3.101674282124833e-05,0.00059158976217429,2.6197906757114323e-05,1.667009389030822e-05,2.2855374031549396e-09,1.5311596788400529e-06,0.00015916764633263405,1.072758592258875e-09,8.390372281846362e-10,0.29661802736927717,0.03637716788193663,1.6645751270477388e-06,0.6505825355371677,2.7772402310698314e-08,2.7048635816168855e-05,0.003167884211119184,8.772640975738461e-08,0.0007082086835579234,1.5295453989960838e-08
30,0.000635124247482752,9.94911185665224e-06,0.009918036836399975,0.0002090824477368753,4.266426046274592e-05,0.0008762978988053784,3.101674282124833e-05,0.00059158976217429,2.6197906757114323e-05,1.667009389030822e-05,2.2855374031549396e-09,1.5311596788400529e-06,0.00015916764633263405,1.072758592258875e-09,8.390372281846362e-10,0.29661802736927717,0.03637716788193663,1.6645751270477388e-06,0.6505825355371677,2.7772402310698314e-08,2.7048635816168855e-05,0.003167884211119184,8.772640975738461e-08,0.0007082086835579234,1.5295453989960838e-08
31,0.000713527126156392,7.28378676251045e-06,0.014379934147856556,0.0001379564355969095,3.320799458197456e-05,0.0005341151842175945,2.169286365558736e-05,0.0009384758762393322,2.434992932237399e-05,1.4141076186664656e-05,1.7558509524037178e-09,1.3386995148954895e-06,0.00022247548355603907,7.90509015039793e-10,7.066327969316267e-10,0.2799917873003098,0.03290654708635056,1.2322253162774096e-06,0.6672963662555743,2.689900774405235e-08,2.5351063087336914e-05,0.002056283913465227,6.008803857395054e-08,0.0006938345596943394,8.75251607842698e-09
32,0.0005852942358260478,9.634948702155493e-06,0.00920499525613533,0.00017846482770880344,3.91873666570933e-05,0.0008195429655238732,2.4631956513327323e-05,0.0005235628624840708,2.334734360328049e-05,1.5125101415357247e-05,1.9494856875178656e-09,1.2487710562979524e-06,0.00014828963724821396,9.397376544124318e-10,7.546542299138339e-10,0.266256287303067,0.032956680919996505,1.5560836912915558e-06,0.6857841783680265,2.4537196116514166e-08,2.435231157815289e-05,0.002743923772663472,7.717709721484501e-08,0.000659577407814904,1.3202117370590906e-08
33,0.004807716544596851,0.00012166083357230687,0.43986395117922256,0.002894366292962574,0.0020813067730217198,0.001615004461844866,0.00014864708818433482,0.004917135472466359,0.004672820112736477,0.00027601210006776566,1.869058244859499e-06,2.9693740003118128e-05,0.00013243715232850393,2.377475607025751e-08,1.5818950972028056e-07,0.27129531790594646,0.03866827227527043,1.331129859860226e-06,0.21964962832294752,8.144212023941854e-07,0.0006576943215847044,0.008030822694910438,4.636267832623816e-06,0.00012717257209447284,1.507314832979325e-06
34,0.0016884592731705715,4.25742039222543e-06,0.010769934759693178,8.589591737069531e-05,5.0276591610215425e-05,0.0001841975352665756,1.5071469492903969e-05,0.0003800519136709573,2.125568590193148e-05,1.106425837579175e-05,2.2486277498052945e-09,4.32984099331139e-07,0.00015829713211499647,1.1250208814616214e-09,4.2950640918089663e-10,0.14039880122779533,0.023595207699451025,8.531331071290331e-07,0.8214732921054125,1.5869950003634903e-08,9.912821831586824e-06,0.0007430834870105484,4.527831192212315e-08,0.00040958137095972556,8.26185576970353e-09
35,0.0006589611782747681,1.0295084365027351e-05,0.009790084231458688,0.00020987733849030886,4.205379123412827e-05,0.0008612748191062256,2.9719577178221004e-05,0.0006367398426703569,2.824216668385086e-05,1.6803365919751766e-05,2.2977449582124814e-09,1.490639944464155e-06,0.00015663189007427894,9.97776624393384e-10,8.513409890048459e-10,0.28631980178118255,0.03605206202745685,1.6016596596596129e-06,0.6612346782195061,2.659418275552141e-08,2.57524877780684e-05,0.003253162590312184,8.377387581991174e-08,0.0006706374837489294,1.5310034389627003e-08
36,0.0007647808976511803,8.516120034136008e-06,0.009933905562201376,0.00023948463038563176,3.984158784331739e-05,0.000946555180068678,5.6466864819470605e-05,0.0010474417018150476,3.0427890925446002e-05,2.11692786554853e-05,3.029638536849866e-09,3.858751718712451e-06,0.00019205358129092295,1.74836736425668e-09,1.126497553887932e-09,0.3565150581849328,0.06948449629588191,2.3966442643050544e-06,0.5538666193088287,3.6667911242457625e-08,3.609362758045151e-05,0.005841847082890827,1.0064838815896145e-07,0.0009688194377652861,2.4149643370839746e-08
37,0.0008395369622311388,5.069897044376662e-06,0.009804776846796327,0.00016947101142909295,4.465837679455547e-05,0.0006703712562324056,4.825115771324491e-05,0.00030721029861662506,1.2065495424697647e-05,1.2179145324193343e-05,1.6704729849172456e-09,1.5703647598992432e-06,0.0001961227005415901,2.617070984516356e-09,5.235820928003033e-10,0.3681246883460424,0.04495774443017165,2.259776802763298e-06,0.5716473071708414,3.301471048585739e-08,3.535594238766609e-05,0.001719163789117778,1.2284991333827118e-07,0.0014020218926252951,1.4463352710018681e-08
38,0.0003527658928149485,6.830188810953543e-06,0.007144763110805572,0.0001445618007593523,2.85871526165235e-05,0.0011612502748275324,2.2872303762071303e-05,0.00035522235869210736,1.5231519439831274e-05,1.0428816023298754e-05,1.4516043333883784e-09,1.4026556974336161e-06,0.00013024968514825032,8.617209054278652e-10,6.609637745142111e-10,0.3638490882723805,0.02784571083147164,1.9418883641250938e-06,0.5959971504933409,2.33024562372879e-08,3.2561979132741745e-05,0.0022738686867054877,7.915537886986872e-08,0.0006253984898954024,8.167187329787078e-09
39,0.003414852787576649,1.334997408113158e-05,0.009227417937336667,0.0003855084488627922,0.00015086832643820393,0.00043705450311122296,8.691589952215982e-05,0.0005557390829367501,5.1972468132488994e-05,5.9581252891127694e-05,1.5159692016940486e-08,1.3214432722570116e-06,0.0002754107799119093,7.440164626189472e-09,1.6726387925427165e-09,0.13966346742052563,0.04779590104284788,2.455981786697748e-06,0.7942053133507178,6.100416058495073e-08,8.624629381867663e-06,0.00257104181854439,2.0043987464847962e-07,0.0010928236749611487,9.346063059961784e-08
40,0.0009609702432727083,1.1250182154220006e-05,0.015579585439610986,0.00014159831184793514,8.487077285909438e-05,0.000478673037909497,3.591494627989718e-05,0.0004983450313509336,2.3494370697506768e-05,1.4567941788886834e-05,3.5839853539742347e-09,2.231339793326612e-06,0.00016428255847233267,3.437985073349838e-09,1.3843414010017966e-09,0.2282846029630648,0.03371842188985848,1.7508703875951223e-06,0.7167774899346883,3.0058442487225665e-08,3.39150567307258e-05,0.0023864896363814422,9.984940646166543e-08,0.0008013822147479719,2.4943942552402787e-08
41,0.0007696175044481257,4.57856758030266e-06,0.011539831827283272,0.00010495015894062785,2.2496724294259253e-05,0.001099784906516858,8.84113391863204e-05,0.00039927089629843046,1.0741336487282756e-05,2.5140160798216864e-05,1.096736151605489e-09,3.74195977147928e-06,0.00017388719276446396,1.3654834968249441e-09,5.927169078514653e-10,0.2685262972285358,0.18876902254042296,1.4854221230972657e-06,0.5186606628607363,2.52601155629582e-08,9.010123124164176e-05,0.006242334102554131,1.876026371685579e-07,0.00346739473147188,3.339085523748246e-08
42,0.020774291333121093,2.928796293203946e-06,0.015752115555194957,0.0002093798130978351,0.002097334957635808,0.000627689108957029,0.0015913452438461651,0.00011080808413366331,2.9686570234706053e-05,0.00018687294795287511,5.831529918813409e-08,5.835448871029272e-06,0.001918688418530698,1.3226088326504776e-06,3.095942686593987e-09,0.17890037329770062,0.255041677098444,1.9159325765510542e-05,0.4934167230528027,1.1949215148870045e-06,6.578464209539155e-05,0.00028674927225956563,8.90377773408294e-06,0.028949473604354146,1.6007093854326084e-06
43,0.00032940252760166235,6.586662366227658e-06,0.008480893323764395,0.00015961586713792412,2.5827105688520847e-05,0.0012594678899541987,2.0710179753390934e-05,0.0005748068704242739,1.95590437907171e-05,1.80534687931466e-05,9.912976402551553e-10,1.1716917301046505e-06,0.0001643976276577502,3.3272791119311156e-10,4.566653079191325e-10,0.32354824747547717,0.03945880195399163,1.2254831201689474e-06,0.6218230708651649,2.4076346165959388e-08,3.075272279557994e-05,0.0034039892384324436,5.544070738577558e-08,0.0006733322378586732,6.466752986240195e-09
44,0.000635124247482752,9.94911185665224e-06,0.009918036836399975,0.0002090824477368753,4.266426046274592e-05,0.0008762978988053784,3.101674282124833e-05,0.00059158976217429,2.6197906757114323e-05,1.667009389030822e-05,2.2855374031549396e-09,1.5311596788400529e-06,0.00015916764633263405,1.072758592258875e-09,8.390372281846362e-10,0.29661802736927717,0.03637716788193663,1.6645751270477388e-06,0.6505825355371677,2.7772402310698314e-08,2.7048635816168855e-05,0.003167884211119184,8.772640975738461e-08,0.0007082086835579234,1.5295453989960838e-08
45,0.0005369100739955861,7.874733935941804e-06,0.010038329824938335,0.0001794796520769264,3.360475764020499e-05,0.00090791632442693,2.8729222557179007e-05,0.0008022634735277602,2.4075744466137773e-05,1.708176373022438e-05,1.7952524438429574e-09,1.5644188637533337e-06,0.0001838153764172817,7.793461412528088e-10,7.52740408021671e-10,0.32531936527940725,0.0331152968065024,1.4448314738990893e-06,0.6251387524435511,2.7632301423469303e-08,2.5032435311958728e-05,0.002938176495309973,6.2573120207184e-08,0.0007001827003498583,1.0108756679653627e-08
46,0.0005010510955227003,1.8993638032475214e-05,0.009048051073124225,0.0001844724200930953,6.0506203546265915e-05,0.000795429617962157,2.0267166939902143e-05,0.0004881671378447596,3.0606722691647484e-05,1.1171168654607185e-05,3.3445994568250863e-09,1.283637418876427e-06,0.00012531147110710466,1.9029161445398195e-09,1.724586717972163e-09,0.2703945112482491,0.015619510854750633,2.0309129410426957e-06,0.7002293683571857,2.9151983006859474e-08,2.2431789860988002e-05,0.0019471010582609736,1.0407646135321546e-07,0.0004995763058285057,1.7919438527942977e-08
47,0.0006488547696681484,8.252277519891761e-06,0.00977679135880307,0.0001971027548593935,3.731034307263015e-05,0.000838414695944028,3.03637706943835e-05,0.0005793434991421577,2.3271947007552473e-05,1.6213831909107837e-05,1.90583869327842e-09,1.486946426426581e-06,0.00016203553679443547,9.4856292190299e-10,6.846993653374885e-10,0.3031224747732413,0.037872820742247314,1.5159776291874476e-06,0.6428815446252291,2.530226365497768e-08,2.6220355974565722e-05,0.003040278144337183,7.821060198315006e-08,0.0007355834882515871,1.3109281789688736e-08
48,0.0004860224515652436,4.733986728231924e-06,0.00564653760553616,8.360662965282806e-05,1.8599253758314748e-05,0.0006909524917708416,1.5919157164301783e-05,0.00046478454533345904,1.2188243599265836e-05,1.554837426304834e-05,5.41636893197173e-10,5.78606037656013e-07,0.0001491360844949101,3.281393966150713e-10,2.636906266006938e-10,0.16941278438016502,0.04637880147506781,9.169181267714418e-07,0.7736164138765752,1.4307878381294079e-08,1.3992410440593062e-05,0.002042394143309146,3.801095190868297e-08,0.0009460288904423785,7.023671900117894e-09
49,0.0004596817055433071,1.1547627702504066e-05,0.011290898757601512,0.00024237020390009226,3.618189176127427e-05,0.0011777359579178653,2.922522654285761e-05,0.0007454477788960794,2.7720238668969417e-05,1.8786419506646214e-05,2.041804050651739e-09,2.0679623657198803e-06,0.00014999601931282755,6.975030694336099e-10,8.860950857453576e-10,0.32834244727978434,0.03566178377227085,1.4516234075267458e-06,0.6161599510303252,2.684981280250103e-08,3.309138832392487e-05,0.004981319589302312,7.153826034478674e-08,0.0006281802113951275,1.3301995646978711e-08
50,0.00019403040611995167,4.756507436660244e-05,0.008022945381358072,0.00031250097409137663,3.60474514520579e-05,0.0018316832352659113,1.0092881041668286e-05,0.0003251123264950658,3.691049284054301e-05,5.5731333002950005e-06,2.1231456263262918e-09,1.3258412421758563e-06,4.2477886071696694e-05,4.806572670432224e-10,1.6757713026229567e-09,0.3146744430608089,0.017962183862198517,2.1015654254254047e-06,0.6495038425734975,1.4668663161542086e-08,6.255250432796305e-05,0.006700034302204616,1.1638841675280318e-07,0.00022842776319555971,1.394804193212098e-08
51,0.0002812995349198871,0.00015225350827906812,0.007960642538483173,0.0013527360434790311,3.219799315829617e-05,0.0024149961133114258,1.431500954430087e-05,0.0016599302754732872,9.585095529585822e-05,1.4178598295510828e-05,7.748829906837496e-09,3.0072264947535514e-06,5.661297140184268e-05,8.738132918647605e-10,5.980030590992982e-09,0.30282204485215436,0.013757138040818915,2.889894948339088e-06,0.6467154727371377,2.766996897172491e-08,3.18821375385454e-05,0.022443061272311358,9.992672083758647e-08,0.00018931599288458196,3.2104706258254404e-08
52,0.00044186110923803246,6.570062543382938e-06,0.004337002638794397,0.00025132155599525595,3.14172563346431e-05,0.0013227523550251661,1.622818367474912e-05,0.0008068010679180996,2.4004942785834945e-05,3.0846135900362004e-05,2.7932788152939782e-09,1.1456430606187233e-06,0.0002425253372095948,6.706576534974265e-10,7.986597001738855e-10,0.2757107894777311,0.015259636915737186,2.513889426944797e-06,0.6989026372460615,4.509151360265934e-08,8.228353435041184e-06,0.002197327433176664,3.996776357568799e-08,0.00040629474085024516,6.3332279152103255e-09
53,0.0006916258982572153,7.670008855884971e-06,0.01324610102428446,0.0003312638901506405,6.268762475937346e-05,0.0011276686111530126,8.666286476448672e-05,0.0005655883776730496,2.9205278979409692e-05,1.885276184538084e-05,4.381826353679626e-09,3.436303895945696e-06,0.00023306034136171818,2.3587979063860274e-09,1.0755487118976145e-09,0.525576777960437,0.05397538088581791,3.047710397491986e-06,0.39932303438486744,6.31513550713892e-08,5.759310174464976e-05,0.0036277624731642926,2.165455906718426e-07,0.0010322694086903784,2.3575781553096082e-08
54,0.0006327999619709612,1.0418123391666628e-05,0.009709766770974883,0.00021023114287530668,4.2503243898530186e-05,0.0008872322862102466,3.0718049504838766e-05,0.0005905475680174808,2.645493491249349e-05,1.650912413320629e-05,2.2913866695482727e-09,1.5318705524839434e-06,0.00015375454750743666,1.0874869769735173e-09,8.681410921555543e-10,0.2919806473771209,0.035945404263673264,1.6664523733700382e-06,0.6557882365805021,2.712784254354295e-08,2.6947898617242827e-05,0.0032404520933517816,8.803384111260931e-08,0.0007040424677832224,1.5833930308810483e-08
55,0.0006332004375178058,6.694669574117419e-06,0.008864959328638075,0.0002212936107147843,5.100016349716059e-05,0.0012090402817214758,5.360295094852634e-05,0.000985354735705076,3.088984993714517e-05,1.7324217156835773e-05,2.285117827213026e-09,4.434080201472293e-06,0.0002703974379738908,1.7245067740243972e-09,9.118014902283712e-10,0.4736332504354543,0.038608543152296955,2.742468921662982e-06,0.47109907282550434,4.609921696586646e-08,3.248470961527793e-05,0.0033524234379574626,9.748644978630494e-08,0.0009231260278693105,1.6671701378665658e-08
56,0.0006266740263043771,9.047741112415428e-06,0.009835161584263351,0.00020566580052293608,4.149444954313582e-05,0.0008898950763689368,3.0972965785845605e-05,0.0006227932347901741,2.539251223308186e-05,1.747450062860535e-05,2.1805327820009293e-09,1.533717773811718e-06,0.0001779103497497549,1.0498670568414263e-09,7.882967037037692e-10,0.3027123341922429,0.036336439510913886,1.6972352855850484e-06,0.6447286344136769,2.983775426292748e-08,2.6138893553235886e-05,0.0029718134228356925,8.453618779570226e-08,0.0007387938073718364,1.417240472911256e-08
57,0.0004932261195940398,6.893159510293575e-06,0.014912525896670062,0.000159030293343098,4.651387352360666e-05,0.0008003367284366807,3.168266638923692e-05,0.0006931416549423344,2.3197580454760712e-05,1.9814289329206532e-05,1.877903272095935e-09,2.015376732138787e-06,0.00020759815877355518,8.336805312770067e-10,6.93056644899095e-10,0.3415295924279102,0.037149552698238164,1.2720205336660393e-06,0.6001726024814774,3.2504881935982184e-08,3.1954932509987955e-05,0.002994024273013565,6.407825361131005e-08,0.0007249145611509998,1.0819691000437274e-08
58,0.0006112544057793587,8.476374530543394e-06,0.009279183407101217,0.0001726414883896473,3.815045130455664e-05,0.0008943566465615116,2.9624596598327147e-05,0.0005710408298423162,2.1478642024745488e-05,1.7576348188147876e-05,1.7215399895375564e-09,1.4505033435515793e-06,0.00018306277088354288,1.0012519873990842e-09,7.025688924410138e-10,0.2821791741803097,0.03885431691657461,1.6335416645135525e-06,0.663406668738587,2.81394365856074e-08,2.631712342417034e-05,0.0027970652928407985,8.444540961553109e-08,0.0009063980586458583,1.3673198845235217e-08
59,0.0006147622673739782,8.341960836111606e-06,0.010560781461214272,0.00017980901916756067,3.975115328792614e-05,0.0008416040094357522,3.067723758959587e-05,0.0005977855460465648,2.216937559555747e-05,1.7458912181787283e-05,1.8535757076946626e-09,1.4960639701014673e-06,0.00018761737553934322,1.004965730602829e-09,7.13833987971215e-10,0.2979482762931948,0.03850639948719733,1.5853455034991926e-06,0.646761576801861,2.9650725615327823e-08,2.7744031338264246e-05,0.002789823014987916,8.37695024208692e-08,0.0008622104585014646,1.3192573861797439e-08
60,0.000635124247482752,9.94911185665224e-06,0.009918036836399975,0.0002090824477368753,4.266426046274592e-05,0.0008762978988053784,3.101674282124833e-05,0.00059158976217429,2.6197906757114323e-05,1.667009389030822e-05,2.2855374031549396e-09,1.5311596788400529e-06,0.00015916764633263405,1.072758592258875e-09,8.390372281846362e-10,0.29661802736927717,0.03637716788193663,1.6645751270477388e-06,0.6505825355371677,2.7772402310698314e-08,2.7048635816168855e-05,0.003167884211119184,8.772640975738461e-08,0.0007082086835579234,1.5295453989960838e-08
61,0.0006327123919780898,8.59320606982816e-06,0.010442622355490384,0.00017626538095301148,4.1411433024900836e-05,0.0008274404045339317,3.037596956707304e-05,0.0005637838695227019,2.2832997229209014e-05,1.6805391575027692e-05,1.9448057964764653e-09,1.4713290576772143e-06,0.00017407711820173043,1.0411726004269572e-09,7.43288967588896e-10,0.2905371392800705,0.03795362765039978,1.5681519246740567e-06,0.6549454684320534,2.782100589571852e-08,2.8110364633510144e-05,0.0027840024471949866,8.519038136884796e-08,0.0008115612384650711,1.384739974915238e-08
62,0.000635124247482752,9.94911185665224e-06,0.009918036836399975,0.0002090824477368753,4.266426046274592e-05,0.0008762978988053784,3.101674282124833e-05,0.00059158976217429,2.6197906757114323e-05,1.667009389030822e-05,2.2855374031549396e-09,1.5311596788400529e-06,0.00015916764633263405,1.072758592258875e-09,8.390372281846362e-10,0.29661802736927717,0.03637716788193663,1.6645751270477388e-06,0.6505825355371677,2.7772402310698314e-08,2.7048635816168855e-05,0.003167884211119184,8.772640975738461e-08,0.0007082086835579234,1.5295453989960838e-08
63,0.0005865148072657258,1.2670368921978074e-05,0.009169249472500843,0.00020982386605585896,4.186588345141479e-05,0.0009403408655435649,2.6260687466266733e-05,0.0005746007516558147,2.815462090335586e-05,1.555304381950071e-05,2.3093988197160426e-09,1.4023853565333971e-06,0.00013671782864472766,1.0036420639517298e-09,9.680141185406476e-10,0.2689461315948515,0.03309809741839525,1.692529949468335e-06,0.6821672196495016,2.539345982139935e-08,2.7201706413828633e-05,0.003381668199608614,8.885140694022545e-08,0.0006346994153501315,1.6378422376581546e-08
64,0.0005371297630295659,9.72424500943821e-06,0.011484747198791223,0.00018803052996255382,4.1353666996130354e-05,0.0009195017093601785,2.9655364433624344e-05,0.0005140522120559806,2.3508870921673822e-05,1.446345783827001e-05,2.084746508554687e-09,1.6889982830853988e-06,0.00014961906650773774,1.0208396690927334e-09,8.517807354186707e-10,0.32736613384897534,0.03812413585404996,1.655117245476283e-06,0.6166295474417629,2.7248132915794813e-08,3.938904815809896e-05,0.0032115755012686914,9.706660600661623e-08,0.0007139461829009221,1.3650343224717699e-08
65,0.0003692086304383122,1.7394867674569716e-05,0.00778390240430064,0.00023403507728601036,4.12887736270616e-05,0.0015050952730061129,3.0237686919435567e-05,0.00037294073145897416,2.1020298944531095e-05,1.0463501501788098e-05,1.7131872878933698e-09,1.8364863408833875e-06,0.00011207610875836428,1.3833736447109103e-09,1.1100142632343408e-09,0.345120226787656,0.0384425460658432,2.8673946820082415e-06,0.600883327953916,3.139542423078149e-08,5.49965183057587e-05,0.004072261695608459,1.6035079338392784e-07,0.0009240566796900957,2.1111248918460188e-08
66,0.0005649686057887114,1.681664269099444e-05,0.008677997838532691,0.00024288326875169922,3.716402084781067e-05,0.0010739434527207185,2.821944555229634e-05,0.0006359008981239345,3.050304119165814e-05,1.4854299220337645e-05,2.619590248054885e-09,1.8498197600303093e-06,0.00011723356969635494,1.1757495943130848e-09,1.3077255017263415e-09,0.28442354384916974,0.035722049065228766,1.9433207999056098e-06,0.6630241093972356,2.4619215042423823e-08,3.190398171896124e-05,0.004681957752950931,1.0683896778274269e-07,0.0006720000926426757,2.1076128194159073e-08
67,0.0008287376079510735,7.891272952848178e-06,0.01113615663527887,0.00018569240567385898,4.99031923986166e-05,0.0006392582332462594,3.0568961738538345e-05,0.0007347969118977503,2.974177677595843e-05,1.9409903146394636e-05,2.5511516655496467e-09,1.3957027955748392e-06,0.00018729263181923501,1.0386542995812258e-09,7.555264379302721e-10,0.2721343709578039,0.03332521804479249,1.3234959969202092e-06,0.6774463544353795,2.6518212841457734e-08,1.945621257039129e-05,0.0026065556728652618,6.353187716621304e-08,0.0006157686167590622,1.293273503510942e-08
68,0.0002962454459267251,1.3947762238622576e-05,0.011301981918903135,0.00023869881147390822,3.556591803107974e-05,0.0024997690783272347,4.7365956537764054e-05,0.001000300659776426,2.6025463091693528e-05,1.6623209787359237e-05,2.085994394857004e-09,5.337307811070845e-06,0.00018994957003112172,9.94355007454318e-10,1.5792715557546992e-09,0.4686555606712049,0.041353392736922415,2.920345018102162e-06,0.4661406950581208,4.6779841551391686e-08,8.073923987284965e-05,0.007095005806257641,1.2172769698141089e-07,0.0009996855899699233,1.6283537581464663e-08
69,0.0006619820231045223,1.2145586472855187e-05,0.01054731838517667,0.00027044956963674145,4.930054716640432e-05,0.000996491158522048,3.50561460188285e-05,0.0006854434926888734,3.600332036608542e-05,1.9176877458480974e-05,3.567518760601407e-09,1.825670798563513e-06,0.0001672272950614804,1.1528166155927306e-09,1.124730560667284e-09,0.3118553790734942,0.040361880390264546,2.116787888765728e-06,0.6296205275982079,3.6304931655071784e-08,3.0815102163505814e-05,0.004028180219249337,1.1321202007348454e-07,0.0006185063266614297,1.9067581305840196e-08
70,0.0003197308003190517,9.540745483065393e-06,0.011462383283096253,0.0005739434105351319,3.760748038568329e-05,0.0013774986199924085,3.257258669314622e-05,0.0006408815554179789,3.510418304358926e-05,1.4172606095136376e-05,3.0724866989379793e-09,1.7206801857951343e-06,0.00013892904309337575,5.128547461541836e-10,6.874280065286949e-10,0.586142008027801,0.014998317177289906,1.4035976725237444e-06,0.3802788390216724,3.4579649672020515e-08,2.4909284990608445e-05,0.0036519571802355313,6.517679790554017e-08,0.000258369199401041,7.48737923846635e-09
71,0.0017204923647805,2.6093495079508676e-06,0.010775908597990318,0.0002187824635921792,6.920798923970268e-05,0.0008154461215714517,0.00015421062934570815,0.0012468227912829453,2.9697337886403525e-05,5.2439830559510196e-05,2.350013318301583e-09,2.066534158529966e-06,0.0005725532654138187,1.6523040026798822e-09,4.2289961090404955e-10,0.3692518921812524,0.08858952553400641,1.5529628227428799e-06,0.5221407526259421,6.241288486648947e-08,1.8034252303595873e-05,0.002270369455061861,8.762333470224747e-08,0.002067461262588159,1.998925729001416e-08
