,0,1,2,3,4,5,6,7,8,9,10,11,12,13,14,15,16,17,18,19,20,21,22,23,24
0,2.6870105406434854e-06,2.834752549232796e-07,1.7602627458170555e-07,0.00020264962772215738,1.2028305888942127e-05,0.0013461283524722066,0.00509095170600085,0.0007106765481814626,0.0007229368530774845,0.0006060171438404799,1.7780920658518023e-06,1.3928797842087718e-06,0.00030873803243307405,3.919598804206925e-06,2.993021170657821e-06,0.9905109652885568,0.00010048867897796373,6.096872355554259e-06,6.695995390314962e-05,0.00021256934619621697,4.406914765334397e-06,1.6328099106089326e-06,8.30038533765212e-05,7.012486866496646e-08,4.494835775980677e-07
1,5.420005962582976e-06,4.89496566449163e-06,1.7412380506398342e-06,0.0028024679148668384,3.983753377018852e-05,0.05007216016232212,0.15803991553860317,0.005661799613535297,0.0006416252195209354,0.001123016233148508,1.6804991231749977e-05,0.00033031831828414244,0.005722909222188675,0.0007573424588334111,5.4317079516763035e-05,0.7485458699797325,0.0054383298639372225,0.0005275965002240772,0.000254803836798897,0.010751742699492285,0.0008615038542609208,0.00019639268712913418,0.008074730626351154,2.068280735475472e-07,7.425262850093788e-05
2,3.240966040311078e-06,3.104472526491765e-07,2.0784179535215566e-07,0.00021483186782195505,1.5552308697305534e-05,0.001270104215253602,0.006133261851360198,0.0008898092132028731,0.0010028118789952654,0.0007899605111159257,1.896455221354514e-06,1.3652193460256197e-06,0.00030937781089798337,4.875640530462385e-06,3.769251103589069e-06,0.9887622590946964,0.00010162072681398674,6.989627491032258e-06,8.120293146917255e-05,0.0002952467968578719,4.841289631553806e-06,2.426470001299586e-06,0.00010328733048401888,8.846948569286876e-08,6.617844339672998e-07
3,2.8406691487415863e-06,3.0120875928718835e-07,1.783789158972214e-07,0.00021310656570288532,1.238321007400403e-05,0.0013084015496180059,0.005268250617796699,0.0007592633566480924,0.0007938233194800472,0.0006065306882853758,1.805876468624676e-06,1.4219346102829925e-06,0.00032273756459650304,3.995254465752999e-06,2.99183135672974e-06,0.9902251285589612,0.00010850030056665554,6.211374989203731e-06,6.732552022936823e-05,0.00020386583937082262,4.31199158789514e-06,1.6992023352721418e-06,8.43829730017959e-05,7.135463002941494e-08,4.7085840062677345e-07
4,2.8733076931766406e-06,3.328937241389484e-07,1.7352992086704685e-07,0.0002189912755343424,1.30570573681073e-05,0.0013186495199677209,0.00524581547803576,0.0007537991484944552,0.0008051460320330487,0.00056965800361073,1.975643804381465e-06,1.6081741817493158e-06,0.00036673179867289976,4.16766163579911e-06,2.9223897072365325e-06,0.9902150705524194,0.00011382676795871152,6.356260306356388e-06,6.865161468772031e-05,0.00019679910711004693,4.3587494138477325e-06,1.644612462516676e-06,8.684667629032501e-05,6.969044648575868e-08,4.7405452011553124e-07
5,2.8619581141806935e-06,2.443460870153342e-07,1.684163232433979e-07,0.00022765406099944506,1.0907691727662596e-05,0.001193335899622715,0.005191584040933805,0.0007498740163673768,0.0007743523281028019,0.0006461518459264819,1.6433415646264387e-06,1.3649502612589885e-06,0.0002954940923168756,4.158742559245296e-06,2.6486101320939023e-06,0.990397621077844,0.0001125561288569477,7.497333987359067e-06,5.610324398863888e-05,0.0002308797040282164,4.103370886760277e-06,1.6741162845062695e-06,8.653939499163247e-05,7.990337195105188e-08,5.013847215906408e-07
6,2.8406691487415863e-06,3.0120875928718835e-07,1.783789158972214e-07,0.00021310656570288532,1.238321007400403e-05,0.0013084015496180059,0.005268250617796699,0.0007592633566480924,0.0007938233194800472,0.0006065306882853758,1.805876468624676e-06,1.4219346102829925e-06,0.00032273756459650304,3.995254465752999e-06,2.99183135672974e-06,0.9902251285589612,0.00010850030056665554,6.211374989203731e-06,6.732552022936823e-05,0.00020386583937082262,4.31199158789514e-06,1.6992023352721418e-06,8.43829730017959e-05,7.135463002941494e-08,4.7085840062677345e-07
7,2.7733244736267467e-06,2.9277268859400923e-07,1.722392292750704e-07,0.00021058927784487052,1.2166380714943016e-05,0.0013007470020542995,0.005226918439265426,0.0007371651030315822,0.0007939605351395387,0.0006119107585323159,1.7669099796317348e-06,1.3963584064225496e-06,0.00030958898606065806,4.023762180594634e-06,2.9686564705679114e-06,0.9903091327022167,0.00010749478386260214,6.198638196374771e-06,6.537274228206411e-05,0.00020401822987016697,4.273530468228715e-06,1.6987417971990032e-06,8.481971113230083e-05,7.150746842558803e-08,4.78906633222194e-07
8,3.4510899868914494e-06,3.063437356042297e-07,2.33870451527911e-07,0.0002757945440020232,1.4368408847850288e-05,0.0012963862297601556,0.006530101622299687,0.0008314840787852597,0.0012836164820293164,0.0010912521834267025,2.0885796156532937e-06,1.1133346399359235e-06,0.00025523801692651046,6.264571653711536e-06,4.829269967267829e-06,0.9878050250633696,0.00011883509029408164,7.4627023683221044e-06,6.296184072051845e-05,0.00028750301072701307,4.950608698210603e-06,3.0234954160601116e-06,0.00011268458901545834,1.621746162843136e-07,8.627986461907124e-07
9,3.125809590367885e-06,2.3609625021227477e-07,2.4755577748972047e-07,0.00027494505116330506,1.216472638227953e-05,0.0012393672626488724,0.004536105584098797,0.0008626900768813325,0.00087460761508261,0.0008498129784765546,1.8668368177172881e-06,1.069068215158188e-06,0.00028471847213874075,4.585106441883076e-06,3.349341901146001e-06,0.9905127793651012,0.0001137322643235262,6.59196842893492e-06,6.16286030420376e-05,0.00025974227500503804,4.409835918566509e-06,2.028154326140817e-06,8.961842159115368e-05,1.1577664346057732e-07,4.6175375319389254e-07
10,2.8406691487415863e-06,3.0120875928718835e-07,1.783789158972214e-07,0.00021310656570288532,1.238321007400403e-05,0.0013084015496180059,0.005268250617796699,0.0007592633566480924,0.0007938233194800472,0.0006065306882853758,1.805876468624676e-06,1.4219346102829925e-06,0.00032273756459650304,3.995254465752999e-06,2.99183135672974e-06,0.9902251285589612,0.00010850030056665554,6.211374989203731e-06,6.732552022936823e-05,0.00020386583937082262,4.31199158789514e-06,1.6992023352721418e-06,8.43829730017959e-05,7.135463002941494e-08,4.7085840062677345e-07
11,2.84391326454191e-06,3.107758272235887e-07,1.7906115755651423e-07,0.00021646712794740137,1.2447870352730226e-05,0.0013049903085209978,0.005202052352252903,0.0007733752335302563,0.000777743820025234,0.0005771941673504158,1.8587932320839675e-06,1.4875290632616741e-06,0.00034541172896496196,3.943108539399064e-06,2.9502565486069066e-06,0.9903038998226401,0.00011133096371060643,6.1932343452302556e-06,6.77491382684984e-05,0.0001976129897183539,4.254009921284094e-06,1.6397032342730364e-06,8.35424423296043e-05,6.91922238630747e-08,4.5245703063208943e-07
12,3.0797173620212974e-06,2.0687794181305235e-07,2.0054011476594567e-07,0.00021010957429432362,5.9522207671658135e-06,0.0009685088550295518,0.004769409880626845,0.0012361465390013744,0.0006487793634311336,0.0006890680535542055,1.7567582327061053e-06,8.04145275396041e-07,0.00027796286547709703,2.0638118502199398e-06,4.059861158672057e-06,0.9907989713413652,0.00012096868689251502,3.403680102048448e-06,7.81985670229476e-05,0.00012168166256776216,3.8107481746650965e-06,2.083273382649525e-06,5.2492659861015876e-05,7.261859948158934e-08,2.0769791485445472e-07
13,2.67027084452911e-06,2.2551685234996896e-07,1.8468086234889431e-07,0.00018913203175032435,1.068024013259377e-05,0.001275975913376289,0.005718812283881,0.0007239738336816127,0.0007822541779298595,0.000807065356253548,1.0815847007043322e-06,1.0636819028313373e-06,0.00020887385346314512,3.9153216190149715e-06,2.7119255653345028e-06,0.9897835555915961,9.515119574812048e-05,7.251006267221711e-06,5.400598743740289e-05,0.00025513338589623434,3.7977769161132695e-06,1.9158767435615407e-06,6.991846875178748e-05,7.215795175219564e-08,5.778798764876849e-07
14,3.3287903722003415e-06,1.8597406513778997e-07,2.1892078904251031e-07,0.0003427165706535119,8.86455119831444e-06,0.0010208586278147322,0.005902151794604781,0.0012118127650287158,0.001318237060522597,0.000952569485123617,1.3519183237258808e-06,9.584342221147684e-07,0.00023967735002716512,4.43956152504428e-06,3.1705605239981434e-06,0.9883736892233351,0.00017830148405056573,8.400991360821807e-06,4.2876134349797937e-05,0.00027394846201084835,3.923776939868124e-06,2.773406640103156e-06,0.00010474193389264195,1.3352805275716286e-07,6.686945728571962e-07
15,2.8406691487415863e-06,3.0120875928718835e-07,1.783789158972214e-07,0.00021310656570288532,1.238321007400403e-05,0.0013084015496180059,0.005268250617796699,0.0007592633566480924,0.0007938233194800472,0.0006065306882853758,1.805876468624676e-06,1.4219346102829925e-06,0.00032273756459650304,3.995254465752999e-06,2.99183135672974e-06,0.9902251285589612,0.00010850030056665554,6.211374989203731e-06,6.732552022936823e-05,0.00020386583937082262,4.31199158789514e-06,1.6992023352721418e-06,8.43829730017959e-05,7.135463002941494e-08,4.7085840062677345e-07
16,3.584805085690253e-06,4.904253762664949e-07,3.3028564943131544e-07,0.0002673244270881824,1.9700742689253038e-05,0.001724162310338117,0.0051800358583926846,0.0010328428037292836,0.001228323472756805,0.0005030059414768613,2.646134724903143e-06,1.3503516258632047e-06,0.0005197638423063523,3.939007624660132e-06,4.212234729444677e-06,0.9889951262608304,0.00013197868788630533,4.527346220102169e-06,9.472584613908669e-05,0.0001857785752312155,3.3391421556954455e-06,1.7101862871386138e-06,9.063924014238906e-05,8.900872184651585e-08,3.730627918154624e-07
17,3.0838881489461676e-06,3.1348839233445474e-07,1.7521467790489696e-07,0.00021572413548905355,1.2525317478537364e-05,0.001254039669102653,0.005525787301484177,0.0008185549337854862,0.0008027428968450748,0.0006042554603254453,1.7949740694674125e-06,1.6446346399603868e-06,0.00034922486576136616,4.235616085563519e-06,2.8105188352691306e-06,0.9898915826079698,0.00011658697655697122,7.298167736271613e-06,7.01362915641452e-05,0.0002198497193376286,4.580982515457257e-06,1.807259897190718e-06,9.063815414644329e-05,6.938633710546741e-08,5.375388177582389e-07
18,2.8601263930227342e-06,3.0308848437868837e-07,1.7642844010481038e-07,0.00021235703306994306,1.2288414028403016e-05,0.0013111823337410406,0.005309591798735037,0.0007577502825519441,0.0008017558536214502,0.0006128466478059797,1.802810699764685e-06,1.4413391813268999e-06,0.0003222693164806948,4.052545769348879e-06,2.986638588095531e-06,0.9901649766586695,0.00011018695946230297,6.332106534188952e-06,6.715853478394541e-05,0.00020573241972157857,4.333825359412929e-06,1.7267646508862e-06,8.533151308392783e-05,7.181208297083633e-08,4.847480605959379e-07
19,3.0262283001571992e-06,3.3570236667279e-07,2.062385709152592e-07,0.0002485658657897494,1.5516026730426465e-05,0.0012339049365776534,0.005969624793058802,0.0009535712620439774,0.0008496814061771401,0.0005594746635962639,1.9745337596061055e-06,1.6378387882601678e-06,0.0004045371847326857,4.155022924899624e-06,3.184200114255587e-06,0.989244178641021,0.00011022748370133699,6.52832263499058e-06,7.553932256061352e-05,0.00021960427313011822,4.5389281778201014e-06,1.786914642717736e-06,8.766464756577607e-05,6.916459816768921e-08,4.6639843626735964e-07
20,2.850185067139951e-06,3.431252048708153e-07,2.1855617159373441e-07,0.00024846166195228113,1.4185775004013346e-05,0.0014662316111494346,0.006967390543676992,0.0010147627685053798,0.0008614764883239397,0.0006982642958659162,2.2983448935240718e-06,1.4369797098310091e-06,0.00033305349185576265,4.519708920719113e-06,5.33551928314665e-06,0.987823667382009,0.00011284357142435163,5.418566548005183e-06,8.582089905672376e-05,0.00023503617690529346,6.265905082289801e-06,2.6256931719490462e-06,0.00010686523358367886,8.541159658811349e-08,5.421050377155501e-07
21,2.775856870200548e-06,2.97652708803076e-07,1.6593606588823317e-07,0.0002030233475914662,1.2981335713246563e-05,0.001250690295866847,0.004854315537951053,0.0006644369676491855,0.0007448602617904985,0.0006424733587137013,1.8543097763502162e-06,1.4850102351673372e-06,0.0003079959042570047,4.2103689970522e-06,2.760786758576421e-06,0.9908381550290317,9.80029097274494e-05,6.395520989640064e-06,6.704133120058887e-05,0.00020714548507286187,4.62325583502494e-06,1.635583167078896e-06,8.212880586808407e-05,7.139219373497841e-08,4.7375596885611474e-07
22,2.9227997100658337e-06,3.541289003968275e-07,1.8463624882866164e-07,0.00020578500528933515,1.4945392093955125e-05,0.0013616392916061901,0.005964307968594807,0.0007851985745256085,0.0008828943971700344,0.0005825380762516434,1.8880133886309394e-06,1.4972514164446031e-06,0.00034972391592788066,4.198832451304089e-06,3.3127911343304353e-06,0.9893466564756607,0.00010015316270709633,6.177521613876407e-06,7.516570525237549e-05,0.000212793609523241,4.356499136736371e-06,1.7633286129706957e-06,9.093072050217307e-05,6.938261305260696e-08,5.425196683128818e-07
23,2.8406691487415863e-06,3.0120875928718835e-07,1.783789158972214e-07,0.00021310656570288532,1.238321007400403e-05,0.0013084015496180059,0.005268250617796699,0.0007592633566480924,0.0007938233194800472,0.0006065306882853758,1.805876468624676e-06,1.4219346102829925e-06,0.00032273756459650304,3.995254465752999e-06,2.99183135672974e-06,0.9902251285589612,0.00010850030056665554,6.211374989203731e-06,6.732552022936823e-05,0.00020386583937082262,4.31199158789514e-06,1.6992023352721418e-06,8.43829730017959e-05,7.135463002941494e-08,4.7085840062677345e-07
24,2.3765036253171316e-06,2.69130017561556e-07,1.4736065790910365e-07,0.00022059038080950437,1.3962212934104891e-05,0.0010848002329934261,0.004572048247077857,0.0006663032426176375,0.0007116282805791297,0.00048736604725503396,1.6931317114393148e-06,1.4242629758885243e-06,0.00033365752841328834,3.944379887967221e-06,2.347428872028229e-06,0.9914835130279717,9.010619866277031e-05,5.973623280439322e-06,5.5294578784318733e-05,0.00018018848627011967,3.543917913299497e-06,1.2291534831672479e-06,7.713349399215282e-05,5.971675246190199e-08,3.9943246144499284e-07
25,2.868935104334455e-06,2.2742505988259847e-07,1.8080995751156104e-07,0.000245232797609501,1.1695800966088125e-05,0.0009346261510246041,0.005288141637054407,0.001081204813064364,0.0006355792619924506,0.0005144868165073437,1.79621369876373e-06,1.302629264067483e-06,0.00037051871869914855,3.138669463499568e-06,2.801625747421872e-06,0.990447958809901,9.705758749067064e-05,5.845307982226171e-06,7.259853359321624e-05,0.00019694075312148086,4.372770746481803e-06,1.5139222264728004e-06,7.952106606863913e-05,5.815008800239206e-08,3.3079356871741053e-07
26,3.161962576005228e-06,3.129838646872688e-07,2.0356022267612607e-07,0.0002489754769847221,1.3880841970339545e-05,0.0013832166625044945,0.005125857746268007,0.0007677857085438621,0.001156930965386948,0.0005783715417149216,2.0508207418075604e-06,1.273056941367817e-06,0.000336812745885643,4.323470090459757e-06,3.220947846708602e-06,0.9898486844173726,0.0001287300881754543,6.531591690002931e-06,5.7602958338386283e-05,0.0002185726066145548,3.490398741493433e-06,1.7090596016382785e-06,0.00010764306937853502,1.0582801409238534e-07,5.514905304550546e-07
27,2.8133074332856314e-06,3.1154653138460767e-07,1.7433416992224985e-07,0.00021818654892272568,1.3190311505363217e-05,0.0013336569115795377,0.006230374447697403,0.0007680002910710049,0.0010826877030213461,0.0007544287451836776,1.987137825424961e-06,1.2596281445156061e-06,0.0002895256245189927,4.751733460122498e-06,4.0764541233596785e-06,0.9887648955770694,0.00011284269105986649,5.995418868251713e-06,6.527820437689888e-05,0.0002371454609241853,4.326542260822575e-06,2.3266393386765554e-06,0.00010103074400950609,9.618580371378111e-08,6.378111005069015e-07
28,2.8406691487415863e-06,3.0120875928718835e-07,1.783789158972214e-07,0.00021310656570288532,1.238321007400403e-05,0.0013084015496180059,0.005268250617796699,0.0007592633566480924,0.0007938233194800472,0.0006065306882853758,1.805876468624676e-06,1.4219346102829925e-06,0.00032273756459650304,3.995254465752999e-06,2.99183135672974e-06,0.9902251285589612,0.00010850030056665554,6.211374989203731e-06,6.732552022936823e-05,0.00020386583937082262,4.31199158789514e-06,1.6992023352721418e-06,8.43829730017959e-05,7.135463002941494e-08,4.7085840062677345e-07
29,2.8406691487415863e-06,3.0120875928718835e-07,1.783789158972214e-07,0.00021310656570288532,1.238321007400403e-05,0.0013084015496180059,0.005268250617796699,0.0007592633566480924,0.0007938233194800472,0.0006065306882853758,1.805876468624676e-06,1.4219346102829925e-06,0.00032273756459650304,3.995254465752999e-06,2.99183135672974e-06,0.9902251285589612,0.00010850030056665554,6.211374989203731e-06,6.732552022936823e-05,0.00020386583937082262,4.31199158789514e-06,1.6992023352721418e-06,8.43829730017959e-05,7.135463002941494e-08,4.7085840062677345e-07
30,2.8406691487415863e-06,3.0120875928718835e-07,1.783789158972214e-07,0.00021310656570288532,1.238321007400403e-05,0.0013084015496180059,0.005268250617796699,0.0007592633566480924,0.0007938233194800472,0.0006065306882853758,1.805876468624676e-06,1.4219346102829925e-06,0.00032273756459650304,3.995254465752999e-06,2.99183135672974e-06,0.9902251285589612,0.00010850030056665554,6.211374989203731e-06,6.732552022936823e-05,0.00020386583937082262,4.31199158789514e-06,1.6992023352721418e-06,8.43829730017959e-05,7.135463002941494e-08,4.7085840062677345e-07
31,3.2762753041669634e-06,3.130281963904325e-07,2.060323367264106e-07,0.0002216774922471949,1.2985516982492574e-05,0.0012541739484966444,0.005425876930246709,0.0009095812012167137,0.0007742118812419797,0.0005862575434472039,1.7899552313326317e-06,1.559240131126551e-06,0.00036624923527611464,3.87700886969585e-06,2.8822314827692137e-06,0.9899263858930323,0.00011352474901220577,7.009658749211556e-06,7.616680778228258e-05,0.00021916103213153918,4.508824010673626e-06,1.7518521406396178e-06,8.602627488101707e-05,6.89518197450445e-08,4.784357330792908e-07
32,2.940458924159485e-06,3.1571250895009717e-07,1.861622851749487e-07,0.00020793135965063424,1.3113381250933951e-05,0.0013122490423723911,0.005348278229083792,0.0007909903930568843,0.0007742839587117986,0.0006016263080192478,1.868325678596676e-06,1.4930372827707876e-06,0.0003323404110050393,4.00282870832848e-06,3.1434994610648235e-06,0.9901155204430563,0.00010590160512237762,6.202442974317507e-06,7.525502579198568e-05,0.00020947318189464326,4.545195919391798e-06,1.7682658259517132e-06,8.602400826551206e-05,6.908135219452654e-08,4.776417975380669e-07
33,2.832906639091916e-06,2.926094243754096e-07,1.6859258881789408e-07,0.00020969441059935282,1.1656616904270428e-05,0.0012518919116016516,0.005156776758346328,0.0007576725501872136,0.0007748359480250477,0.0005906248753847166,1.7375208377951149e-06,1.4492046757428942e-06,0.00032885004970312936,3.882077096985149e-06,2.7556378134755177e-06,0.9904384946748807,0.00011141427898283407,6.351499417277192e-06,6.496250957644245e-05,0.00019698877339678736,4.0710140698781485e-06,1.6346787641846966e-06,8.043843581416835e-05,6.75833479403043e-08,4.548819219402212e-07
34,4.468167562327022e-06,4.89119929654036e-07,2.418458566282039e-07,0.00020700958333979468,1.8152122197561255e-05,0.0013094187342967915,0.005729714647186305,0.0009533993983842178,0.0010334989417492937,0.0006581019654735284,2.575569444818341e-06,1.891612158009193e-06,0.0004489447375422833,4.424497874966609e-06,3.647562579011087e-06,0.9890606686593619,0.00011413659116675141,6.888043512259275e-06,0.00011997309635818965,0.00021754685884540424,5.1576705301134535e-06,2.1999539326606487e-06,9.67680875118522e-05,8.336319207612601e-08,5.99170013752378e-07
35,5.742130795105471e-06,2.7675127849137156e-07,1.5809198030969543e-07,0.00018400127481287064,8.099708051341521e-06,0.0006731663335787163,0.004809837612951625,0.0012295291036054843,0.0008683649824539133,0.0006281697417701137,1.1723618736712574e-06,1.7424682576718782e-06,0.0003809173860463354,2.5221632205725318e-06,1.281070181237317e-06,0.9907544896391441,0.00014669727180408466,1.1289863293633255e-05,7.337927934718716e-05,0.00016315902018550034,2.9193595596469357e-06,1.572963654930894e-06,5.102300030947164e-05,5.164647026110805e-08,4.367753735670766e-07
36,4.14167713221287e-06,5.469516558756019e-07,4.4142157169535965e-07,0.00026159378212477186,3.116563990592038e-05,0.002175774356680878,0.0070157259419706105,0.000758317938321528,0.0009057339714363332,0.0010703343683466436,3.15999522187034e-06,1.694928052439937e-06,0.0003678980138821854,6.80834570771941e-06,5.758880169719378e-06,0.9866439627022788,7.851002583070732e-05,7.629940902845257e-06,0.00013747393035201105,0.0003922868057764061,1.005618757099841e-05,2.582499966979541e-06,0.00011748977711037263,1.3255408822928535e-07,7.793639423655689e-07
37,3.7846434012431865e-06,2.671539906569347e-07,2.2205302612053766e-07,0.00025161162866878885,1.1260706055583605e-05,0.0011478579341778177,0.005168143151730242,0.0008601848853471975,0.0007518963133354252,0.0006830538110831669,1.960330891413407e-06,1.4827858716249084e-06,0.000342104541197153,4.104539415394801e-06,2.8090013755309657e-06,0.9902465505116402,0.00012341643671075837,8.425748016633675e-06,6.844499440529222e-05,0.0002319955754000614,4.463246580362335e-06,1.7862200650622798e-06,8.359616879883117e-05,9.878500340561657e-08,4.788338120003322e-07
38,3.63582189871328e-06,3.858414412711407e-07,2.151947807391637e-07,0.00025457450290445905,1.5929905469583535e-05,0.0013146135467417544,0.00598350921138,0.0009048505256361711,0.0012026589682529775,0.0007888220749653966,2.06901311304164e-06,1.6586361384649786e-06,0.00036729725504779906,5.286127331820295e-06,3.303892040798895e-06,0.9885799062458254,0.0001319905953977322,7.806748507428777e-06,7.445563913204453e-05,0.0002506267574230043,4.78658069914726e-06,2.366778600969855e-06,9.847799528067289e-05,9.696721296782134e-08,6.751747777743226e-07
39,1.0831891969711288e-05,2.877436449594501e-06,4.839208834975733e-07,0.000238765214252909,8.70171794482084e-05,0.0019517975228159126,0.003111880384304375,0.00014348711252021808,0.010650061425285759,0.005274072329303951,8.78278647826556e-06,4.43725246363505e-06,0.0005972241611589556,4.19486306549299e-05,1.7634757913562073e-06,0.9772321746797701,0.00016986753647358006,2.261189880873601e-05,8.926296328854709e-05,0.0003173841470487008,2.19394827489222e-06,4.105087215979885e-06,3.461398315341101e-05,8.646918305540475e-07,1.4903403543027128e-06
40,3.9646881167574355e-06,6.146766931873853e-07,3.765195265241727e-07,0.00022994322122044689,2.463292393438413e-05,0.0020919566307700563,0.006021946536689055,0.0008628353856758104,0.000855259268466005,0.0007318390999208418,2.6652323501761064e-06,2.4266948903138413e-06,0.0004534892859761551,6.1697892298791046e-06,4.723698051435793e-06,0.9880453406207855,0.00011349594611229743,7.382723116535474e-06,0.0001359022420303869,0.00029709273473723936,7.113252255241461e-06,2.5966829852805556e-06,9.750441006156938e-05,9.040443758989293e-08,6.373319670354004e-07
41,6.878104420978235e-06,1.77851980780346e-07,1.9997293838537892e-07,0.00015795529115787387,5.862432086402724e-06,0.001098520005482509,0.013756643181808713,0.0014989285113651476,0.00033628594861892974,0.0013937447725450032,2.1652233219412643e-06,4.695821484149507e-06,0.00029716006897199444,7.818138273831437e-06,5.198548186391601e-06,0.9796770454516908,0.0001753640561393293,3.424108047763117e-05,0.0002547254486104836,0.0010468808930945842,2.2021420978682532e-05,1.0632626741717267e-05,0.00020445627539394067,1.0282327750043668e-07,2.2960509523219702e-06
42,1.620303535701229e-06,2.1380942192227536e-07,4.964345322740026e-08,0.00021021825919405158,7.833014445593994e-06,0.00208312896595597,0.004829367257972775,0.0001162720215062428,0.0010385255681009393,0.00045649617898147924,1.2332262379267414e-06,1.0397921099829811e-06,0.00019816733097849216,7.207991869957613e-06,9.540167428405835e-07,0.9906214765634023,0.00010997780038259676,1.3952658561438792e-05,8.55637083016364e-06,0.00017928331702752183,1.4381218587743934e-06,3.6611174003579694e-07,0.00011143896521358716,1.1425719638444964e-07,1.0684532797370337e-06
43,5.574909160905134e-06,7.598608830246657e-07,2.068648307646345e-07,0.00023062644768798426,1.3533529730950732e-05,0.0012353057435261837,0.007948691021645936,0.0014588864317408947,0.0005342075118729606,0.00012194685725693607,2.491042871016485e-06,7.16271524974271e-06,0.0015579281695083868,3.1036531632309097e-06,1.6755299463560462e-06,0.9862931261194823,0.00023437329247923526,1.3473698183052384e-05,0.00012135764882768327,0.00011219428299420235,3.6755434784535186e-06,9.873959717275667e-07,9.823082092817994e-05,2.7738628364793805e-08,4.5316995150894987e-07
44,2.8406691487415863e-06,3.0120875928718835e-07,1.783789158972214e-07,0.00021310656570288532,1.238321007400403e-05,0.0013084015496180059,0.005268250617796699,0.0007592633566480924,0.0007938233194800472,0.0006065306882853758,1.805876468624676e-06,1.4219346102829925e-06,0.00032273756459650304,3.995254465752999e-06,2.99183135672974e-06,0.9902251285589612,0.00010850030056665554,6.211374989203731e-06,6.732552022936823e-05,0.00020386583937082262,4.31199158789514e-06,1.6992023352721418e-06,8.43829730017959e-05,7.135463002941494e-08,4.7085840062677345e-07
45,7.056996878870798e-06,8.91216114646987e-07,1.9444379808272417e-07,0.00021250535028737724,2.3493047150472058e-05,0.0017860463527309093,0.005420135660754846,0.000540330620179769,0.0021396179612001628,0.0013668037140979383,2.8079528123857155e-06,5.115832998864799e-06,0.000513647285115613,1.379466009778365e-05,1.8190889718961556e-06,0.9869942587291904,0.000232546848782829,2.547959499886485e-05,9.656466912163617e-05,0.0004384820680460034,7.4512345185667506e-06,3.766927147709045e-06,0.00016438219549579422,1.4528773118674522e-07,2.662261777138604e-06
46,2.614432229727482e-06,2.573527280535693e-07,1.6309048509073364e-07,0.0002250935701194,9.524444867794938e-06,0.001306829717144637,0.004640513482298537,0.0007497997728219327,0.0007034570071338102,0.0005353496795261125,1.7113104807870915e-06,1.3590523533469425e-06,0.0003168348720859339,3.5480638153248034e-06,2.667983038762748e-06,0.9910507266752081,0.0001261372089524023,5.948736035082342e-06,5.5087979134215096e-05,0.00017610938101003846,3.904761380114694e-06,1.4950864691995921e-06,8.04159585452321e-05,6.88122375700535e-08,3.815698989943911e-07
47,2.4450986924145235e-06,2.640308246769625e-07,1.7428427981863625e-07,0.00022980940100730905,1.24490874950675e-05,0.001341249853108954,0.0049128107363435635,0.000688224153613036,0.0007483781184608237,0.0005672751869743102,1.771938258274104e-06,1.2203265252056282e-06,0.0003024320870492991,3.9554621938497714e-06,2.9115852624601162e-06,0.9907344716037331,9.915002278162505e-05,5.605083353200835e-06,5.750487074216943e-05,0.00019649524136018255,4.068841709962829e-06,1.4281479645675443e-06,8.541670469684806e-05,7.248704053270908e-08,4.156465289006316e-07
48,2.768901283882189e-06,3.132835858193394e-07,1.7602958723422428e-07,0.00019814512306204712,7.156440622253378e-06,0.0014500512972738307,0.004582533816693793,0.0010252746741475404,0.0004957780456337987,0.0003117008266977621,1.6789675232456325e-06,1.5172701742478197e-06,0.0004685986827436375,2.075082894941643e-06,2.5069855166777804e-06,0.9910514051102527,0.00015167457155998605,4.375405623397538e-06,7.358575462938828e-05,0.0001047881541130592,3.298125285436616e-06,1.0513113361073803e-06,5.9303026558800736e-05,3.707063246188414e-08,2.0604256771448834e-07
49,3.1994883661851398e-06,3.776824170428209e-07,2.5288183127757005e-07,0.00023567070164507648,1.4367691823692052e-05,0.0017150193126573951,0.005723702054088399,0.000825300855649911,0.0008018986422646597,0.000709460451169903,2.0836387948136532e-06,1.8561980107012555e-06,0.00036990921828005806,5.022656734825524e-06,3.6902030283857335e-06,0.9890040535518522,0.0001274212411035053,7.287734181785343e-06,8.332824128500082e-05,0.00026617556338393066,5.641585049477529e-06,2.2412898091313975e-06,9.141334597254315e-05,8.580869255436118e-08,5.399619076149744e-07
50,2.8821683831653314e-06,3.011350683030198e-07,1.7762377504063909e-07,0.00021126339806554632,1.2428255942537545e-05,0.0012820607673206645,0.00540736900691551,0.0007703211202413282,0.0008074753172753848,0.0006255973894081601,1.7915421903217197e-06,1.4094538078100185e-06,0.0003198951832003652,4.020432198654333e-06,3.0274010169075313e-06,0.9900696959759154,0.00010754765271873195,6.286516791650908e-06,6.830735892920886e-05,0.00020726128276239407,4.329965171318408e-06,1.750821911995427e-06,8.424123307221086e-05,7.176208689847743e-08,4.872358303185392e-07
51,2.8458720724640005e-06,3.7525253558482803e-07,1.9638821153662118e-07,0.0002802841022682663,1.4146048641617191e-05,0.0013016156425673393,0.005407663405103654,0.0008258032896072115,0.0010319135028908333,0.0006554371635955813,1.9870139051030353e-06,1.3709799798461925e-06,0.00037216509646467234,4.181577186184029e-06,2.9979611172524647e-06,0.9896801448207823,0.00012120312872718284,5.47961557001622e-06,5.7189831831302574e-05,0.00015698611387861654,4.0527104998183705e-06,1.6352875525316483e-06,6.98493066384207e-05,7.913230354431217e-08,3.9675606917944197e-07
52,2.782904329067558e-06,2.8152661241468647e-07,1.724731151814508e-07,0.00021027631637583505,1.1828267708038095e-05,0.0012725617408227007,0.005030357437806692,0.0007239331630494551,0.0007651527790881337,0.0006062690905855908,1.7516704797916538e-06,1.368399254102696e-06,0.00031103845735404073,3.896400924971013e-06,2.8180820194707494e-06,0.9905908143448887,0.0001059598857165747,6.226049186526427e-06,6.372748407343411e-05,0.0002016376233329881,4.105690546638796e-06,1.6084499221667257e-06,8.091235688862297e-05,7.138937114402541e-08,4.4801654757229387e-07
53,3.405136946981922e-06,3.7572936946190875e-07,2.3773540828915005e-07,0.0002247016627572677,1.4248245674264288e-05,0.0014974504153150961,0.004413407845664465,0.0007919165576838474,0.0007864413217245217,0.0006473087334397694,2.0760532778841484e-06,1.7397073255405415e-06,0.0003751850561105478,4.315788359498995e-06,2.9038293204280897e-06,0.9907236355759031,0.00012323276679917098,6.514990278700545e-06,8.422212774245546e-05,0.00020742852655044938,5.040295367491812e-06,1.834447538363002e-06,8.186553140330626e-05,7.683853699209807e-08,4.350815020746373e-07
54,2.9784569099231404e-06,2.0859742211846073e-07,4.894249385321648e-07,0.00043182310951442906,1.551762504653388e-05,0.0017469856854058232,0.003978518862065312,0.0013937184342614228,0.0005576054140033202,0.0005139700195837052,2.7623448515000874e-06,1.3219351310703548e-06,0.0005018261279763241,3.8140541685607174e-06,4.0537171517954985e-06,0.9901477124887861,0.00012503130163355437,5.446887126782055e-06,9.227615686464899e-05,0.00034408505067512647,6.885238711841383e-06,1.6999847100667577e-06,0.0001209420223670605,1.0350996665733096e-07,2.2355072785191154e-07
55,1.1937647437270224e-06,8.527251650769053e-08,2.6791342300958815e-07,0.00027791304896504135,6.585835062137231e-06,0.00211340796003186,0.00286517368893051,0.0008393643450041832,0.00034490557800187033,0.0007329660092043945,1.6725676973469408e-06,3.291513568073281e-07,0.0001527809361686305,3.1117767441242923e-06,6.807010796137858e-06,0.9921493475234818,8.01834912197977e-05,1.883113692579972e-06,5.477224579383188e-05,0.00025671356081264095,4.954762955519386e-06,1.7660442791208889e-06,0.000103569646205315,9.187622022006007e-08,1.528766929148643e-07
56,2.9174592388767813e-06,3.2179659312241507e-07,1.8046266256576122e-07,0.00021653993422986512,1.282440214164666e-05,0.0013107686488539772,0.005284660621842541,0.0007687525887678751,0.0008039469417674996,0.0005861490337440525,1.8993908246973736e-06,1.5207734820570088e-06,0.00035043953319138224,4.048455655344091e-06,2.969599746773293e-06,0.9901741278424303,0.00011143456113698832,6.337392527256023e-06,6.894846146855183e-05,0.00020028105951109065,4.280243292490068e-06,1.6631299323520141e-06,8.444736210996659e-05,7.096376350558567e-08,4.6934108523786756e-07
57,3.7578053509932486e-06,4.0325583826432226e-07,2.5094053526399564e-07,0.0001929417190314497,1.7491389265886766e-05,0.0012980387378415696,0.0053902234357870605,0.0010272351585328542,0.0006906732065595852,0.0005895990366329172,2.1588000420726012e-06,2.262204226788443e-06,0.0004187675171001288,4.071807735955846e-06,3.4512315289746754e-06,0.9897593840024984,0.00010666030382780537,6.817338423202672e-06,0.00013544157272575282,0.00025091787810286036,6.445121048081863e-06,2.3297450962501754e-06,9.012657095275708e-05,5.904881427894106e-08,4.921725008563476e-07
58,2.9060315580140228e-06,3.0478270434692116e-07,1.8607865239911792e-07,0.00021983766831219377,1.241977527854913e-05,0.001329142518281056,0.005200773155495097,0.0007302442385935059,0.0008195288332919353,0.0006302224139797651,1.936386024006502e-06,1.404273855653682e-06,0.00032057599396109906,4.131009766909867e-06,3.170447072198916e-06,0.9902437438295654,0.00011076529552452183,6.243360213699743e-06,6.577937705139933e-05,0.00020492160626055798,4.2802881439982455e-06,1.7373503152081827e-06,8.518729577704445e-05,8.188386848681255e-08,4.761064529122079e-07
59,2.9920870170871524e-06,3.068674233460354e-07,2.0889545213549342e-07,0.00023572491855472255,1.3140183891098742e-05,0.0013831149265334263,0.005276508096663301,0.0007526159073238906,0.000865783828365849,0.0006962043591421272,2.0129790886107734e-06,1.367241583974995e-06,0.00031239545692348053,4.459916335982616e-06,3.4640554545064664e-06,0.9899417058599133,0.00011358228280102297,6.413525137254903e-06,6.687214847058758e-05,0.00022497826296899456,4.5431945797434865e-06,1.8909302973877735e-06,8.91185691723454e-05,9.357228568613437e-08,5.019346199620517e-07
60,2.8406691487415863e-06,3.0120875928718835e-07,1.783789158972214e-07,0.00021310656570288532,1.238321007400403e-05,0.0013084015496180059,0.005268250617796699,0.0007592633566480924,0.0007938233194800472,0.0006065306882853758,1.805876468624676e-06,1.4219346102829925e-06,0.00032273756459650304,3.995254465752999e-06,2.99183135672974e-06,0.9902251285589612,0.00010850030056665554,6.211374989203731e-06,6.732552022936823e-05,0.00020386583937082262,4.31199158789514e-06,1.6992023352721418e-06,8.43829730017959e-05,7.135463002941494e-08,4.7085840062677345e-07
61,3.039901918688401e-06,3.082580889800184e-07,2.1657213770683143e-07,0.0002349072865839334,1.292298205351707e-05,0.0014070850394428602,0.005172909707605107,0.000786756653478635,0.0008110168162422556,0.0006684140450798091,1.966506391094037e-06,1.4131813445313954e-06,0.0003243338344002287,4.291804427160296e-06,3.3395298419419808e-06,0.9900602190384836,0.00011485558963419983,6.432825597170176e-06,6.953962868791661e-05,0.00022234267401933703,4.633726935136198e-06,1.8529323220008765e-06,8.664414236055307e-05,8.691667265111808e-08,4.704062510013014e-07
62,2.8406691487415863e-06,3.0120875928718835e-07,1.783789158972214e-07,0.00021310656570288532,1.238321007400403e-05,0.0013084015496180059,0.005268250617796699,0.0007592633566480924,0.0007938233194800472,0.0006065306882853758,1.805876468624676e-06,1.4219346102829925e-06,0.00032273756459650304,3.995254465752999e-06,2.99183135672974e-06,0.9902251285589612,0.00010850030056665554,6.211374989203731e-06,6.732552022936823e-05,0.00020386583937082262,4.31199158789514e-06,1.6992023352721418e-06,8.43829730017959e-05,7.135463002941494e-08,4.7085840062677345e-07
63,2.9203471390792664e-06,3.2080681535343774e-07,1.8078612374321573e-07,0.0002127332954812998,1.2742567752100153e-05,0.0013277673832353216,0.005365109664643386,0.0007636616001815349,0.0008223654465294553,0.0006134574301991944,1.8550723464349608e-06,1.4687750498080614e-06,0.00033159187721024114,4.063465675886542e-06,3.045460949405611e-06,0.9900579390607885,0.00011038581490699404,6.261502457826509e-06,6.904099259946775e-05,0.0002019322397975609,4.3659909566542025e-06,1.738780016242031e-06,8.449490087239641e-05,7.216837630431635e-08,4.845698955348144e-07
64,2.9468534324189507e-06,3.3112550037358484e-07,2.0139960506051943e-07,0.00022305054659189206,1.3882798694180451e-05,0.0013851081988861763,0.005589813845597597,0.0008191216012241518,0.0007596700510829794,0.0006326622542007607,1.969008170745451e-06,1.5448361573200228e-06,0.00033271457879535286,4.124036901739286e-06,3.405398825903277e-06,0.9897270390974551,0.00010551552462002924,6.275643981688996e-06,7.671645374984804e-05,0.00021639716939598556,5.399598884011393e-06,1.8661390804873096e-06,8.96836001586832e-05,7.220311518294229e-08,4.880358922561855e-07
65,3.0819414554158612e-06,2.924024291661314e-07,1.493065456854512e-07,0.00019048526760880141,1.205350187594273e-05,0.0011057697003471762,0.005086066080418356,0.0006902885566247596,0.0008718743938053976,0.0006338116083213206,1.6636655400158677e-06,1.4788534219903163e-06,0.00031314824467755834,3.9827027538194545e-06,2.3665956814585e-06,0.9906197069342291,0.0001050209070269887,7.188873030839799e-06,6.34478744837754e-05,0.00020396074549208928,3.7213279253336973e-06,1.6155020414363767e-06,7.823290942444194e-05,6.990490575904689e-08,5.221999334673018e-07
66,2.300334744887497e-06,2.420009297852043e-07,1.6471920032762124e-07,0.00020395450359605852,1.4265881523605119e-05,0.0009700394926774625,0.0031794448440424674,0.000503437486999957,0.0006149917836062403,0.000741937996309456,1.6470283946068516e-06,1.308316535305625e-06,0.0002676178694805532,3.97953789827754e-06,1.8875130010720598e-06,0.9931143982918086,7.72851465266211e-05,5.453992017143598e-06,5.397439366318726e-05,0.00018192046791881236,4.202485223138871e-06,1.3009873781814985e-06,5.387140884320899e-05,6.613421376135958e-08,3.073834672530611e-07
67,3.6617968015041485e-06,3.4409226178451477e-07,2.016643926550101e-07,0.00021663081979984446,1.659224387864223e-05,0.0007899831852789816,0.005170740835033018,0.0011168075929209045,0.0009737498529507275,0.0005397429779882875,1.6667529995532217e-06,1.2474667827273075e-06,0.0003787645386170322,2.634767117120196e-06,2.4560094329910715e-06,0.990411115640243,8.574889763769522e-05,4.960221450383479e-06,8.720673979026563e-05,0.00013498141741612272,3.3857448087987783e-06,1.447219543174173e-06,5.5554364571051594e-05,5.257422671925942e-08,3.2258405723936677e-07
68,2.8382239041510777e-06,4.596872063197208e-07,2.0807086361873413e-07,0.00020387834914634023,2.164132128376885e-05,0.0014329278021243711,0.005959160674994811,0.0006496933358064611,0.00120616553080761,0.0009758516262368474,2.4385143537293567e-06,1.048380303888703e-06,0.000207906148908152,5.391232022186272e-06,6.852759299724574e-06,0.988874663806023,8.564005042868568e-05,3.930614483521491e-06,8.54295800293009e-05,0.00017728768585936438,4.9876417437810065e-06,3.0380645611950982e-06,8.775554363235287e-05,1.1194584456152839e-07,6.934101320869256e-07
69,2.4319104290501215e-06,2.513289106397959e-07,1.264029266764125e-07,0.00022274471030346953,1.309239540771004e-05,0.0008039015392489458,0.00487696762507034,0.0006599439446375821,0.0012333321353328454,0.000597009831185084,1.216946321500641e-06,8.144656598402416e-07,0.00023005191456611348,3.181172771493461e-06,2.1417036761075473e-06,0.9910404842808136,8.842380084308922e-05,4.857247803896578e-06,3.6702611172583634e-05,0.00012107011047354457,2.1288257614961627e-06,1.221826977463574e-06,5.7400205287337815e-05,6.770220283151791e-08,4.3536221659200074e-07
70,9.471506714512454e-06,1.2514758512452935e-06,4.0832263637539545e-07,0.00019005930938152912,2.5646739949794472e-05,0.0018445720778624759,0.012539645238793737,0.0018742194236100573,0.0013919884894154386,0.0011097403515511204,4.332240688329883e-06,3.7290552080151616e-06,0.0006195875188028661,6.44743644253929e-06,9.637959541485896e-06,0.979317014189024,0.00015283138480867242,9.377718244514238e-06,0.0004052045478073589,0.00031795914315652953,1.387392078264007e-05,7.680914962941403e-06,0.00014377873741910503,1.0374117043267548e-07,1.4385561742929257e-06
