,0,1,2,3,4,5,6,7,8,9,10,11,12,13,14,15,16,17,18,19,20,21,22,23,24
0,3.356719977438084e-05,1.0086979086205538e-05,2.362537018300043e-06,0.00027060876681716736,0.00016686076374481518,0.0036497116778481447,0.02733856170268657,0.005320111525276672,0.01074216275878136,0.0020425035513316372,1.0423934578919459e-05,5.600656217757005e-06,0.001213445379267202,1.5059515580539966e-05,4.946635394385465e-05,0.9458699947387988,0.0002645131170945762,8.170108342624123e-06,0.0021626948937673264,0.00044668909290153147,1.9787006951794326e-05,4.302476172639413e-05,0.0003080279330764173,3.0499218832847406e-07,6.260053198687069e-06
1,4.1140306040727803e-05,0.00012039742960919646,1.1601210086010611e-05,0.0023272055920554174,0.00036093140278408196,0.06437181620947455,0.5401881733290373,0.021317637979959024,0.0045148231407509745,0.0017838632822546362,5.349706843588378e-05,0.0006501577825525219,0.009643915449680919,0.0015898196089909756,0.0005844394131748324,0.3111030734703702,0.0066362255257073335,0.0003652441490770982,0.0035466128933881683,0.008499009759628626,0.002626426382597368,0.0021830713065471175,0.016848745226595487,4.0859275858346026e-07,0.0006317634884428445
2,3.9674763778302844e-05,1.088452479061669e-05,2.7136295213592775e-06,0.0002831044209032721,0.00021355373000129496,0.003381151467979594,0.032383750417100676,0.00656714330000739,0.014743840085097508,0.002606852702489975,1.076033703363753e-05,5.452570404234894e-06,0.0011900649689292762,1.8562109756790824e-05,6.052201649698963e-05,0.9345742619048087,0.0002646827611779943,9.31204066285735e-06,0.0025549717691603743,0.0006081025594334304,2.1228212857917365e-05,6.264590483796494e-05,0.0003772236716010444,3.7345070652927507e-07,9.166680462235473e-06
3,3.525100421594824e-05,1.0791049392460454e-05,2.4094660148476184e-06,0.0002848259262042301,0.00017393600613031126,0.0035621001263381235,0.028327619863907246,0.005669022465869187,0.011869405539141679,0.0020521085760228856,1.0651902077156107e-05,5.674965613221801e-06,0.001261727406427106,1.538161896714176e-05,5.0238351366602354e-05,0.943384790707355,0.00028323422006562213,8.191452237463215e-06,0.0021816502594107657,0.0004271799185600278,1.9451941227932312e-05,4.500152271383053e-05,0.00031250538346543684,3.1187102737680136e-07,6.538456248128552e-06
4,3.619409542998325e-05,1.1994207556189057e-05,2.3656879743268614e-06,0.00029348514186775605,0.00018445243700374695,0.0035793027611796193,0.027965414069988988,0.005630937260888993,0.01208352525398729,0.0019594573989662836,1.1634504358543447e-05,6.478943426242261e-06,0.0014420132007799456,1.6113163137014727e-05,4.800740205871734e-05,0.9433829069541195,0.0002982910743195614,8.533959433326548e-06,0.0022337543606542705,0.0004159784236689199,1.983744914272028e-05,4.3510364167825515e-05,0.0003189148579685374,3.050807882018198e-07,6.5919471334728275e-06
5,3.609361718993657e-05,8.77993079975995e-06,2.3085251944912432e-06,0.00030560134112901026,0.00015559357146727534,0.003235131415263173,0.028011234603021976,0.005624610117156385,0.011669857828911378,0.002226297972426817,9.858455172475062e-06,5.4248036539526645e-06,0.0011610196062013787,1.616423421510727e-05,4.496276046290184e-05,0.9444430908301765,0.00029140178524415973,9.941963528089282e-06,0.0018558116753865789,0.0004913406743475311,1.8784388911786048e-05,4.482927208768407e-05,0.00032444167545558894,3.5635789244101144e-07,7.0625947032272444e-06
6,3.525100421594824e-05,1.0791049392460454e-05,2.4094660148476184e-06,0.0002848259262042301,0.00017393600613031126,0.0035621001263381235,0.028327619863907246,0.005669022465869187,0.011869405539141679,0.0020521085760228856,1.0651902077156107e-05,5.674965613221801e-06,0.001261727406427106,1.538161896714176e-05,5.0238351366602354e-05,0.943384790707355,0.00028323422006562213,8.191452237463215e-06,0.0021816502594107657,0.0004271799185600278,1.9451941227932312e-05,4.500152271383053e-05,0.00031250538346543684,3.1187102737680136e-07,6.538456248128552e-06
7,3.43636940156511e-05,1.0504210066910528e-05,2.329080210216271e-06,0.00028178664412604164,0.00017132424936103,0.003546265519972571,0.02810592594331075,0.005502046580599898,0.011893956286801292,0.0020720389969922683,1.0442310711806765e-05,5.569784422984196e-06,0.0012095767134364629,1.550808171425518e-05,5.0017413719287594e-05,0.9438682944695379,0.00028053464540090636,8.151648542313542e-06,0.002118495597696975,0.00042729399594609505,1.9303349018625956e-05,4.504450168322808e-05,0.0003142673530342799,3.1309676924079045e-07,6.64583290901756e-06
8,4.222293621760668e-05,1.0884945441942514e-05,3.072925935710855e-06,0.00036489015602004214,0.00019573726767359247,0.0034777255128467964,0.03333653771231188,0.006051433460471167,0.01891090797778183,0.0036575623850376823,1.156552480489395e-05,4.547259284636951e-06,0.000982439268859293,2.36864262251188e-05,7.287398305876303e-05,0.929522568159904,0.00031677165485881147,1.0108509481789392e-05,0.0019166604374852578,0.0005860054250973067,2.1727770035272675e-05,7.652638845725315e-05,0.00039136295461362943,6.716086149060514e-07,1.1509349480905862e-05
9,3.8496460843379556e-05,8.305600365324596e-06,3.291265669666079e-06,0.00037368661350932583,0.00016851870259053094,0.0033098876211244887,0.023088292299940385,0.006324218745864505,0.013136634829123795,0.00287164907374233,1.1111086982867722e-05,4.330557602603185e-06,0.0011147016651440844,1.7719658205703063e-05,5.3662765234241725e-05,0.9462911039392186,0.0003051926422600368,8.753966002831606e-06,0.0019215638619251984,0.0005377390608103357,1.9902509266616484e-05,5.268404323704918e-05,0.0003318152901259305,5.146150851339724e-07,6.223126124821404e-06
10,3.525100421594824e-05,1.0791049392460454e-05,2.4094660148476184e-06,0.0002848259262042301,0.00017393600613031126,0.0035621001263381235,0.028327619863907246,0.005669022465869187,0.011869405539141679,0.0020521085760228856,1.0651902077156107e-05,5.674965613221801e-06,0.001261727406427106,1.538161896714176e-05,5.0238351366602354e-05,0.943384790707355,0.00028323422006562213,8.191452237463215e-06,0.0021816502594107657,0.0004271799185600278,1.9451941227932312e-05,4.500152271383053e-05,0.00031250538346543684,3.1187102737680136e-07,6.538456248128552e-06
11,3.5494308084969594e-05,1.1159604878033001e-05,2.4237513699457653e-06,0.0002894265260035671,0.00017471333508246135,0.003552765916344606,0.027904878341738746,0.005780201569249152,0.011627121060920087,0.001961872488304379,1.0914033234421628e-05,5.972317558100153e-06,0.0013542414240737177,1.5185264492502677e-05,4.894097859503761e-05,0.9439383712176034,0.0002917646684906837,8.247445608307599e-06,0.002194344221206656,0.0004151612111565077,1.9215416580510486e-05,4.334073448725987e-05,0.00030766073521185203,3.013307456534197e-07,6.282098979464246e-06
12,3.9547049833900806e-05,7.562319044870559e-06,2.7287223211566102e-06,0.0002838459423929444,8.198360956242078e-05,0.002632183649506278,0.024013963011835594,0.009148554087289477,0.009715173314061467,0.0024313938653417696,9.750895083067149e-06,3.444689789799729e-06,0.0011053050179729651,7.915171434684958e-06,5.794385796205305e-05,0.9472005001219114,0.00033551410295140584,4.9011080661225765e-06,0.002410920340326289,0.00025514251631177,1.730583313971611e-05,5.307089019227796e-05,0.00017828619644343522,3.0278114415920104e-07,2.7609060811598326e-06
13,3.35256330395114e-05,8.171272044648363e-06,2.5169267641698327e-06,0.0002467985809098904,0.00015671090407688143,0.0034770016509877277,0.03305634976085558,0.0055186753643126,0.011742846244150939,0.00273402808524192,6.196405032652704e-06,4.0813242485809164e-06,0.000799070805445458,1.5213957775108206e-05,4.818933233999351e-05,0.9391751555721374,0.00023280427312116517,9.539414959645145e-06,0.0018480114469453853,0.000544782726429045,1.6847189413909775e-05,5.1570437753316556e-05,0.0002629339698064427,3.0760047029883384e-07,8.671121737717008e-06
14,3.820811257839583e-05,6.360343033091395e-06,2.7911055214396316e-06,0.00045748894555577586,0.00012398770410118712,0.0027737592362487664,0.03150734684205978,0.008446564646937433,0.01984311257057527,0.003177220615563824,7.839152443902729e-06,3.586790672469887e-06,0.0008833578165730589,1.7322051391797764e-05,5.386352380573704e-05,0.9298660427934489,0.00044631788733086965,1.055590921755133e-05,0.0012797381700619048,0.0005648045044541204,1.7016993753272493e-05,7.126913386897084e-05,0.0003915071292764732,5.931241657417322e-07,9.344897360320773e-06
15,3.525100421594824e-05,1.0791049392460454e-05,2.4094660148476184e-06,0.0002848259262042301,0.00017393600613031126,0.0035621001263381235,0.028327619863907246,0.005669022465869187,0.011869405539141679,0.0020521085760228856,1.0651902077156107e-05,5.674965613221801e-06,0.001261727406427106,1.538161896714176e-05,5.0238351366602354e-05,0.943384790707355,0.00028323422006562213,8.191452237463215e-06,0.0021816502594107657,0.0004271799185600278,1.9451941227932312e-05,4.500152271383053e-05,0.00031250538346543684,3.1187102737680136e-07,6.538456248128552e-06
16,3.9845942481160405e-05,1.4085345455715186e-05,3.2946694275475333e-06,0.0003170661276149405,0.00022349162053755047,0.004090547720602285,0.02803244223852405,0.006696624577648542,0.014883648872278098,0.0018381797928053113,1.2475665513529385e-05,5.591007321813914e-06,0.0016079850706066476,1.5178806674404206e-05,5.8001211990960995e-05,0.9384629208792673,0.00031287416026067,7.041760722352981e-06,0.0025929833629804565,0.0004021143731558494,1.6687505763740626e-05,4.456451151003882e-05,0.0003162000106659816,3.3420492171758786e-07,5.820561269184412e-06
17,3.864694790540195e-05,1.1252923592731849e-05,2.380891226671302e-06,0.0002884805381385114,0.00017665338007870414,0.003398433250139914,0.02951580109342618,0.006107462245923714,0.012023926218432419,0.0020670740710092643,1.0587331967611985e-05,6.58584358329052e-06,0.0013685570368130993,1.6345570903266332e-05,4.6567236589049834e-05,0.9414517390016393,0.00030413883080736206,9.721114900214725e-06,0.0022816663138783763,0.00046345194976517404,2.079181471145419e-05,4.7842377791749924e-05,0.00033411432668191887,3.040255910486446e-07,7.47566450357227e-06
18,3.97732252678425e-05,1.1909993991971976e-05,2.055632178026851e-06,0.0002690409857140156,0.00015588506339444313,0.0036509165428223146,0.03179923880466876,0.005489692072023489,0.013872778616181837,0.0024522024932853263,1.0404434415880419e-05,6.9803399105574875e-06,0.0012347820139072397,1.9233050656287542e-05,4.840833944541258e-05,0.9374861943383853,0.0003560336119598462,1.1135898588963183e-05,0.0021265105861738897,0.0004971770876691089,2.1243102399954333e-05,5.78714537854941e-05,0.00036986591834171575,3.4655446745020663e-07,1.031984036497076e-05
19,3.677392705853524e-05,1.1971075301005932e-05,2.7425866465780185e-06,0.00032986777564907114,0.0002152746046983073,0.0033610651478548892,0.03192964747555641,0.007062763461392491,0.012596112156078023,0.001855596085561556,1.1425286919929454e-05,6.519875084173796e-06,0.0015647555081478265,1.581890877732242e-05,5.298672289088616e-05,0.9374108304817056,0.00028772968701797427,8.498654891015516e-06,0.0023947179375960895,0.0004517356222625377,2.0131442547075955e-05,4.6721801092166204e-05,0.00031964428364527947,2.957181974338835e-07,6.373773428078197e-06
20,3.4158970045897253e-05,1.2310650771891827e-05,2.8995837363209345e-06,0.00032729463186199025,0.00019597770885804256,0.004026543439068643,0.037251857548470005,0.007474193248830736,0.012709951380977157,0.00230394804497881,1.3077482641783476e-05,5.71093786453201e-06,0.001276044927422418,1.705405573835497e-05,8.838892454197169e-05,0.9303084417451754,0.0002938420477543644,6.973628378575794e-06,0.002688882455562734,0.00047783663947071985,2.762395545122526e-05,6.832688115797968e-05,0.00038100179754279733,3.582071406535406e-07,7.301106557189512e-06
21,3.502193427114224e-05,1.0638589929929406e-05,2.2502956974990505e-06,0.00027344869169493275,0.0001824760880583484,0.003375414094225436,0.025696212284942923,0.004960209063113114,0.0111829078615133,0.002204719302387074,1.101109326062132e-05,5.9989857251625256e-06,0.0012153343310997713,1.6325886300479596e-05,4.522890750178413e-05,0.9475268120703523,0.00025858685048947154,8.621790452419249e-06,0.0021740617187919506,0.00043838257982282833,2.1054562424198992e-05,4.322101299571128e-05,0.0003051542985310224,3.1562932358815867e-07,6.592077095014619e-06
22,3.5318507137909835e-05,1.2706503650354573e-05,2.4593179458038915e-06,0.00027196382455591266,0.00020953677452156464,0.0037351057824757854,0.03245694598432509,0.005834471579757989,0.013129771832996594,0.0019259722241380451,1.0870600702106464e-05,5.904176471880164e-06,0.0013436039672254148,1.6004793305290106e-05,5.630934548257418e-05,0.9374429160862969,0.0002582470779184801,7.957993030830192e-06,0.002401280379515522,0.00043721601399870696,1.9235106696328836e-05,4.6333062123098744e-05,0.00033207859147072263,2.948739493093156e-07,7.495600307969445e-06
23,3.525100421594824e-05,1.0791049392460454e-05,2.4094660148476184e-06,0.0002848259262042301,0.00017393600613031126,0.0035621001263381235,0.028327619863907246,0.005669022465869187,0.011869405539141679,0.0020521085760228856,1.0651902077156107e-05,5.674965613221801e-06,0.001261727406427106,1.538161896714176e-05,5.0238351366602354e-05,0.943384790707355,0.00028323422006562213,8.191452237463215e-06,0.0021816502594107657,0.0004271799185600278,1.9451941227932312e-05,4.500152271383053e-05,0.00031250538346543684,3.1187102737680136e-07,6.538456248128552e-06
24,3.0149521304331746e-05,9.681440221189377e-06,2.01143781576484e-06,0.00029917102916584355,0.00019897819613759316,0.0029255965864165173,0.02403737910026294,0.004972253974145672,0.010787095778556964,0.00169170194341186,1.0073371039147847e-05,5.783265278040708e-06,0.0013187110751149806,1.5416498256816502e-05,3.8127599609990114e-05,0.9508937756957162,0.00023814835803327478,8.106199113008894e-06,0.0017945729029266355,0.00038276895296167015,1.6242139562567715e-05,3.2471629445841594e-05,0.0002859475753444992,2.652540635876224e-07,5.570476095039839e-06
25,3.59729000414635e-05,8.19356397078993e-06,2.4524705317357313e-06,0.00033035461761879973,0.00016414053021213503,0.0025352898505335082,0.02766373939950191,0.008036426007187557,0.009541828704783872,0.001769190554123266,1.0470265722589202e-05,5.315759753949234e-06,0.0014573982840548074,1.2106621010492513e-05,4.47016438963633e-05,0.945037037710342,0.0002582392292850253,7.905119628309423e-06,0.002314484241214875,0.0004130233857749236,1.9859189043266356e-05,3.961329604650953e-05,0.00028748671308871063,2.522733558652547e-07,4.517669277209162e-06
26,3.865688203317637e-05,1.1336447216318033e-05,2.7354888470436046e-06,0.0003318418391402104,0.00019597576303896755,0.003766852512565249,0.02713004568589813,0.005708699791684084,0.01730588709540707,0.0019644180486915594,1.1964864921434537e-05,5.164101889075374e-06,0.0013002125724248719,1.6666357018799865e-05,5.358398903648595e-05,0.9390500416173924,0.0003379834014151961,8.533907139301401e-06,0.0018454514690419764,0.0004530242818408196,1.5978195539586684e-05,4.5712534313102415e-05,0.00039122945124767024,4.553535632140579e-07,7.548348694479079e-06
27,3.435381059038102e-05,1.119441482881734e-05,2.3325833419906113e-06,0.0002893268078917721,0.00018339084300650644,0.003637864851838062,0.032943717338951545,0.005661202919457891,0.016090750271330872,0.00253609046536957,1.138578000709416e-05,5.052063882404231e-06,0.0011185882293457772,1.8082576960314713e-05,6.622092290828448e-05,0.9340914379573789,0.0002957316857066813,7.877913700891458e-06,0.0020572257837415567,0.00048822603543726724,1.927818264134025e-05,6.060198199290185e-05,0.00036101504666447037,4.0855814316103895e-07,8.642974881348397e-06
28,3.525100421594824e-05,1.0791049392460454e-05,2.4094660148476184e-06,0.0002848259262042301,0.00017393600613031126,0.0035621001263381235,0.028327619863907246,0.005669022465869187,0.011869405539141679,0.0020521085760228856,1.0651902077156107e-05,5.674965613221801e-06,0.001261727406427106,1.538161896714176e-05,5.0238351366602354e-05,0.943384790707355,0.00028323422006562213,8.191452237463215e-06,0.0021816502594107657,0.0004271799185600278,1.9451941227932312e-05,4.500152271383053e-05,0.00031250538346543684,3.1187102737680136e-07,6.538456248128552e-06
29,3.525100421594824e-05,1.0791049392460454e-05,2.4094660148476184e-06,0.0002848259262042301,0.00017393600613031126,0.0035621001263381235,0.028327619863907246,0.005669022465869187,0.011869405539141679,0.0020521085760228856,1.0651902077156107e-05,5.674965613221801e-06,0.001261727406427106,1.538161896714176e-05,5.0238351366602354e-05,0.943384790707355,0.00028323422006562213,8.191452237463215e-06,0.0021816502594107657,0.0004271799185600278,1.9451941227932312e-05,4.500152271383053e-05,0.00031250538346543684,3.1187102737680136e-07,6.538456248128552e-06
30,3.525100421594824e-05,1.0791049392460454e-05,2.4094660148476184e-06,0.0002848259262042301,0.00017393600613031126,0.0035621001263381235,0.028327619863907246,0.005669022465869187,0.011869405539141679,0.0020521085760228856,1.0651902077156107e-05,5.674965613221801e-06,0.001261727406427106,1.538161896714176e-05,5.0238351366602354e-05,0.943384790707355,0.00028323422006562213,8.191452237463215e-06,0.0021816502594107657,0.0004271799185600278,1.9451941227932312e-05,4.500152271383053e-05,0.00031250538346543684,3.1187102737680136e-07,6.538456248128552e-06
31,4.1396953101469467e-05,1.1210396909349933e-05,2.8061133795465968e-06,0.00029569592789899755,0.000183433382646461,0.0033859215833127072,0.029201958152452252,0.006817578303972251,0.011576281327767834,0.0020092006459637526,1.0566285858529103e-05,6.220870806367338e-06,0.0014379382675701261,1.4975867929937472e-05,4.794321627571459e-05,0.9412900605156822,0.0002942921006989589,9.391250106089167e-06,0.0025047753945602286,0.00046513095478017524,2.0465628534640324e-05,4.6497134043368465e-05,0.00031922647794752285,3.0265932852524495e-07,6.730588472832301e-06
32,3.674520090377405e-05,1.1291456528463461e-05,2.514620038829389e-06,0.000278018210224257,0.00018358695492334156,0.0035555432013936266,0.028526130838004718,0.005900295234997959,0.011561010424043243,0.002044773959937769,1.0981701626984802e-05,5.995046401270175e-06,0.001303116104854175,1.541121085745466e-05,5.184375516523626e-05,0.942962128518308,0.00027769240955817986,8.276912892679165e-06,0.0024332026634854786,0.00044014199853778014,2.0528866788482116e-05,4.663829409978887e-05,0.00031720669494225896,3.014775986064582e-07,6.6242438873373034e-06
33,3.478056632055949e-05,9.987242669268614e-06,2.0336062865118582e-06,0.00027146697272528643,0.00014610735376885376,0.003127217504629478,0.026787906055416914,0.005653361618357713,0.011114151078310638,0.0019004563166688806,9.50008563494845e-06,6.003855459334457e-06,0.0013391581477078785,1.4104409412271152e-05,3.966586472570854e-05,0.9465501419860648,0.00030636867440477286,8.651428480536431e-06,0.0019665388680854185,0.00038240161215977045,1.6284747188337537e-05,4.0214608879452525e-05,0.00026737613676215775,2.633130432925562e-07,5.8579468372912995e-06
34,5.655282845156323e-05,1.753360398361128e-05,3.2540831853656423e-06,0.00027535634738266206,0.00024995742487134577,0.0035114136694034564,0.029456340584622515,0.007031206984954004,0.015305951096360204,0.0022638835225374894,1.4586543601446492e-05,7.800008253750122e-06,0.0017639149539343624,1.6877280949495078e-05,5.515706336056883e-05,0.9349975109867933,0.00030494985257239706,9.551442432666467e-06,0.0037746528706439518,0.00045502193350591987,2.317862550967068e-05,5.652469189330248e-05,0.00034035250166737256,3.527023087023639e-07,8.118396820876643e-06
35,7.573661864398244e-05,9.716985087905519e-06,2.1517364697424084e-06,0.0002463580108358551,0.00011351397660268241,0.0017488397490301364,0.025254669584757004,0.009262412565478283,0.01296345621843965,0.0021984015247108633,7.071498052835353e-06,7.04409857355943e-06,0.0015236160692639693,9.819956081683048e-06,2.0505002642413822e-05,0.9430862934725369,0.0003828109107386283,1.5798264485182633e-05,0.0024611703814680593,0.00035483737559828966,1.3478595500820422e-05,4.184384806892018e-05,0.00019396024658237997,2.3313180397630749e-07,6.260178546514726e-06
36,5.367756565912834e-05,1.888302330624495e-05,5.762516269081031e-06,0.0003388362868488896,0.00041215543968730234,0.005660494288089951,0.03605812201668717,0.0055450475765876596,0.012951784672197875,0.003561622890345459,1.7704366913287617e-05,7.022201981339372e-06,0.0014553844934103563,2.5420730632625494e-05,8.360324810267e-05,0.9278613352153885,0.00020678667895339514,1.1042455435150256e-05,0.0043518870351875755,0.0008297953065592424,4.4363617345124275e-05,6.434805755237952e-05,0.00042357015687179985,5.544426164724757e-07,1.079571737127345e-05
37,4.90410554410318e-05,9.65736793277905e-06,3.0760719460474272e-06,0.00033971136658027343,0.0001598271879891257,0.0030882786179992788,0.027121510010296862,0.006442107012903367,0.011333562454677319,0.002413860292039963,1.1539027745743748e-05,6.063012537197564e-06,0.0013583100260436552,1.5979301704593103e-05,4.448301503397795e-05,0.9441487231363119,0.00032647943198656145,1.1703577315740135e-05,0.002239047844591037,0.0004983665840690147,2.0595309419994504e-05,4.719328854541753e-05,0.0003037724880507739,4.366745919771143e-07,6.6758442463118245e-06
38,4.537494678707506e-05,1.3645242148092963e-05,2.9042688161906085e-06,0.000337566404481784,0.00022480143735384894,0.003500977855922433,0.03190061190250678,0.006707635020739989,0.01792542223692867,0.0026788991958175403,1.2279609079047667e-05,6.495102113071087e-06,0.0014250003371908664,2.0342882448465116e-05,5.547644407138452e-05,0.9313684525018491,0.00033663477250809497,1.0240568782606207e-05,0.0024383212014761433,0.0005273834418321933,2.1591852032477863e-05,6.25939819752474e-05,0.00036745581941433357,4.2836918443292497e-07,9.464604539998966e-06
39,0.00012892186005626158,0.0001007406341917336,5.36781711770885e-06,0.00027779771259743607,0.001121671100035207,0.004757314163428025,0.016533247185481402,0.0009897737804759246,0.15914776195023023,0.015351942532280975,4.1313200076576626e-05,1.2966993111023182e-05,0.0017387370151931685,0.0001220942803841454,3.170589614673065e-05,0.795957392169436,0.0003401625584207155,2.188095113663511e-05,0.0025587675291794507,0.0005290567194657247,8.594653243389738e-06,8.5404676974567e-05,0.00011422086576068324,3.503050327907435e-06,1.9660705248549472e-05
40,4.769948239193402e-05,2.1718104674967788e-05,4.843741122295304e-06,0.0003024131713672246,0.0003326477059210689,0.005517067504847084,0.0323879854752077,0.006381070344165014,0.012346040198979369,0.002325051151608655,1.5046850396639103e-05,9.614298311671894e-06,0.0017435513354184448,2.2630275036732157e-05,7.688320236882791e-05,0.9329573014289663,0.0002944105609416192,9.546445999361139e-06,0.0041746803740029615,0.0005787461070238919,3.059043097842018e-05,6.557443650809296e-05,0.0003459737054641727,3.7270203543435904e-07,8.540966261871945e-06
41,8.838716836120313e-05,6.285636618808206e-06,2.554736319342535e-06,0.0001994619944848583,7.556798680876757e-05,0.003192325308413189,0.06907534289812393,0.010501775373969943,0.004650279392392448,0.004803415655515678,1.0995720588340596e-05,1.8151598258340697e-05,0.0010245367246283635,2.651764920158823e-05,7.778778095506451e-05,0.8943243028403784,0.0004338289244987786,4.3668415290087295e-05,0.008151112171887756,0.002212248160367991,0.00010640753917735176,0.00024503349707085255,0.0006996405245803843,4.180328889762865e-07,2.9954269219335333e-05
42,2.0897253972007684e-05,8.459280057807641e-06,5.81829897214205e-07,0.0003385880708879047,0.00014635166681917905,0.005931105804199879,0.027209456053650428,0.0006950350572754614,0.01834607393024473,0.0015517338262180556,8.728337002378818e-06,4.407967057336089e-06,0.0006885772600503988,4.061746656338254e-05,1.8699273020500398e-05,0.9433735217578677,0.000292906654100952,2.251480132055433e-05,0.0002139567267919039,0.00040817287343483807,7.3108204231444475e-06,8.787995211975949e-06,0.0006410803128271981,5.866060329381311e-07,2.1848375072390818e-05
43,6.575068750346685e-05,3.0100392846850688e-05,2.6088842543381813e-06,0.0002781729737888465,0.00020497082611347435,0.003745978712042099,0.045748276557800505,0.010435794959926057,0.007676332287162567,0.0003789670588869396,1.226739819394744e-05,2.815315127452992e-05,0.005282563001784574,1.0829791967367477e-05,2.902089752254282e-05,0.9207766369006809,0.0005314190755928761,1.5842672612315903e-05,0.004147633633734785,0.00021845108905023766,1.663643093571187e-05,2.341240309404508e-05,0.00033368007529313587,9.714988475322317e-08,6.402988053068134e-06
44,3.525100421594824e-05,1.0791049392460454e-05,2.4094660148476184e-06,0.0002848259262042301,0.00017393600613031126,0.0035621001263381235,0.028327619863907246,0.005669022465869187,0.011869405539141679,0.0020521085760228856,1.0651902077156107e-05,5.674965613221801e-06,0.001261727406427106,1.538161896714176e-05,5.0238351366602354e-05,0.943384790707355,0.00028323422006562213,8.191452237463215e-06,0.0021816502594107657,0.0004271799185600278,1.9451941227932312e-05,4.500152271383053e-05,0.00031250538346543684,3.1187102737680136e-07,6.538456248128552e-06
45,0.00010879172780047682,3.4999452779660155e-05,2.6489143596947363e-06,0.0003039444907170175,0.00035878911387844225,0.004787318102607431,0.026664226811437618,0.0037725874777051346,0.03204520614157463,0.004741675515800226,1.8901010296780915e-05,2.3407864056969757e-05,0.0020289759128122226,5.8681183400322445e-05,2.896509076804991e-05,0.9192992392811417,0.0006529959770685711,4.055198197720889e-05,0.0031529130625676596,0.0009675059893850256,4.001836097341464e-05,9.05871657710314e-05,0.0007352259799835793,6.789767934776266e-07,4.1164414343772286e-05
46,3.275338356708256e-05,9.32277220862021e-06,2.2387884842380944e-06,0.00030403018545322613,0.00013640531061347792,0.0035746273089511038,0.024919980838773944,0.005616842984632039,0.010666398767086747,0.0018461419314118232,1.0259417338056796e-05,5.442067250890008e-06,0.0012452834521538834,1.3818978098287317e-05,4.520243776133978e-05,0.9486922843473445,0.00032976620080512253,7.857838918970354e-06,0.0018058120809631908,0.00037256055966951264,1.79117020743192e-05,4.000019409993707e-05,0.0002994299685852264,3.062279981040744e-07,5.3222557563980655e-06
47,4.2231391181999475e-05,1.2507490392660135e-05,2.4784641332188914e-06,0.0002593427985026056,0.00017240088474746286,0.0034418299475127085,0.030855379826642344,0.006358017990215561,0.012621652830359233,0.00222078975609454,1.0838070091614226e-05,6.730751863616598e-06,0.0013596171276991891,1.551161778883637e-05,5.1645509973823456e-05,0.9387694941189929,0.0003112728013576586,9.28002158816887e-06,0.002639106050125709,0.0004482869507943502,2.0764251165860272e-05,5.4928164693695896e-05,0.00030798113103904456,3.052254395716363e-07,7.606827603647572e-06
48,3.347654053200045e-05,1.1732914828840969e-05,2.3540559232490933e-06,0.0002596157389600499,0.00010381061035899589,0.004042620985033246,0.026170503528575716,0.00790135152944014,0.007443640287945699,0.001035654632300817,9.897507671500404e-06,6.178194644083948e-06,0.0018053318245564525,8.003069942445249e-06,4.6124544209023746e-05,0.947753270811049,0.00038896788767571396,5.523189677244142e-06,0.002486140126174718,0.00021662577164496323,1.527697746463036e-05,2.95200421323205e-05,0.00022129506783793903,1.555328901003415e-07,2.928628531298361e-06
49,3.9205966191465866e-05,1.3383626348386816e-05,3.380304491779036e-06,0.0003137762573644997,0.00020085594747234236,0.0046175939852773455,0.03087916294816908,0.006138393894131646,0.01190677600017107,0.002357664438065979,1.2406898438997706e-05,7.281648344023693e-06,0.0014358897259999178,1.9182405943550906e-05,6.340378697180282e-05,0.9379747399830985,0.0003282281013815688,9.38813673510254e-06,0.002694839226273839,0.0005499840264624566,2.5258946515137116e-05,5.924044824505088e-05,0.0003421086197277416,3.7711431538428143e-07,7.477563863458632e-06
50,3.5801946951694086e-05,1.0771519319028169e-05,2.3953920941300398e-06,0.0002817564726250265,0.0001740077481294897,0.003485654675253145,0.02909389845158553,0.005752712310463356,0.01204226538524195,0.002113822660622892,1.0530041538291933e-05,5.625742364343651e-06,0.0012504838566872402,1.5450535279709374e-05,5.0645789899747926e-05,0.942353943376937,0.00028063515129587253,8.312486772747498e-06,0.0022126134674917575,0.0004343294637536629,1.9491350225059853e-05,4.629768901950064e-05,0.00031147165486018747,3.125933337432195e-07,6.770238254810197e-06
51,3.3412122524631254e-05,1.6640579965482177e-05,2.8638816794249543e-06,0.0004929823613929865,0.00022769204075324904,0.003532117071575329,0.03001040672675646,0.006610671474794402,0.02013822075416526,0.0023031986439242353,1.3116001755775371e-05,5.0613782302728255e-06,0.0016372765153064139,1.667459457700345e-05,5.399943540231056e-05,0.9324940517186194,0.00034542734705876393,5.866175005444244e-06,0.0015386988752780799,0.00024236935939316178,1.682471961717575e-05,4.167352575373987e-05,0.00021584635409620492,3.863694373496099e-07,4.521972937356334e-06
52,3.467772304593197e-05,1.0082981565170392e-05,2.3344336633626502e-06,0.00028167165103554524,0.00016644021976098457,0.0034622603382779556,0.02707868460494323,0.005416187783288791,0.011460714817498286,0.0020570873428722284,1.0381180412715738e-05,5.4658328229501745e-06,0.0012193145770105422,1.5041365697335958e-05,4.742873102675501e-05,0.9455806671985695,0.00027687078624400477,8.236674706485886e-06,0.002073258271450769,0.00042411692219508043,1.857313354397105e-05,4.2699893654991735e-05,0.0003012444854517506,3.1370838162662033e-07,6.245342879924047e-06
53,4.347861657877003e-05,1.3405104054601367e-05,3.2494556623882616e-06,0.0003020043148677458,0.00020143866651666425,0.004023273875084771,0.02360062985991696,0.005947623728958484,0.011804205651527757,0.002234036228462229,1.2459337673499609e-05,6.971744251081425e-06,0.001485660679063725,1.678525464951417e-05,4.8297311160234584e-05,0.9463084209171198,0.00032168710058711483,8.800442994734617e-06,0.0027869279321527975,0.00044384750006040734,2.308003010384223e-05,4.889643016973727e-05,0.0003083287895933221,3.435216440267447e-07,6.14750714576614e-06
54,3.8222465001689586e-05,7.649673484324247e-06,6.690900690112071e-06,0.0005765335696174805,0.0002213777562525231,0.004529645823468068,0.02191967081066724,0.010901447419250978,0.008054796076011301,0.0017598903877173672,1.606764777473224e-05,5.43253966127259e-06,0.0019675238559406154,1.4204163496823934e-05,6.74205644778907e-05,0.9452922694789009,0.000320591175129793,7.3188839089769305e-06,0.003081862490809641,0.000700311129235626,3.269500379726293e-05,4.587097362419704e-05,0.00042899556312993504,4.334180831497447e-07,3.0782298681951364e-06
55,1.6522058971004277e-05,3.113492569811291e-06,3.570470287804057e-06,0.0003836207659256934,8.559030379230139e-05,0.005033834678917376,0.01537246633446251,0.006662811881657495,0.004589085175353745,0.0023789709435107303,8.946895763923088e-06,1.4021470422694633e-06,0.000632308762882826,1.0276870416810156e-05,9.010174805374735e-05,0.9620484375562017,0.00021835064673654092,2.8383006206356433e-06,0.0016207941596494773,0.00045512559413523273,2.1792503975743402e-05,4.0385342105634884e-05,0.00031740089093113504,3.490733092724809e-07,1.9034027265051698e-06
56,3.628818146579335e-05,1.1522779717976194e-05,2.4339495882787806e-06,0.00028938126663754783,0.00017946842110559634,0.0035625842350631588,0.028271793242211456,0.005733991676847577,0.012002316535105782,0.001984738784967303,1.1148386868205105e-05,6.099551749552228e-06,0.0013720140462118913,1.5569353354801202e-05,4.921880015711533e-05,0.9431456933461771,0.0002921511911689941,8.417061318878746e-06,0.002224571222985285,0.00041952323999102384,1.9286022811574225e-05,4.3867442375938844e-05,0.00031111312741705175,3.0888094356530733e-07,6.499253758377662e-06
57,4.796481191745691e-05,1.4640758649448274e-05,3.44724190078769e-06,0.00025783483671573736,0.0002465671539948372,0.003519669584658299,0.0284755111590122,0.007682715605014443,0.010339578682479268,0.002053837492304558,1.2452531883034746e-05,9.238906726241413e-06,0.0016519077424138507,1.567028279650873e-05,5.453817596828306e-05,0.9399819996678819,0.0002813566196595725,9.362561499723072e-06,0.004390157826423432,0.0005320192901799333,2.936215044037772e-05,6.117618591140193e-05,0.0003219432553266076,2.5397971296043876e-07,6.793496529006156e-06
58,3.611935744811379e-05,1.0928163197779032e-05,2.50910417047666e-06,0.0002939732512341954,0.00017364591656523058,0.0036185218880080542,0.02777628188257342,0.005443512189985948,0.01223904531149805,0.0021349342426245648,1.1332197268559682e-05,5.6473872000882605e-06,0.0012548692760075673,1.588257725926766e-05,5.2314205291739196e-05,0.9437025136861176,0.0002912611410624366,8.306569116424326e-06,0.002115027132244878,0.000428743604268495,1.9276058998985754e-05,4.576293252751818e-05,0.0003126598733328815,3.5554997478375926e-07,6.57650202300448e-06
59,3.7386321984777034e-05,1.0997513161933809e-05,2.8214009760055052e-06,0.000315832575877165,0.00018365413222716073,0.0037471662259306792,0.02782792505883425,0.005591030242585786,0.012942871180127543,0.002375643955922853,1.1754689309988534e-05,5.528766713479741e-06,0.0012244849247141046,1.7165828801565673e-05,5.606921128461179e-05,0.9423269334645289,0.000299947687664499,8.610924620867712e-06,0.0021404035625677015,0.00047148016079175044,2.0523861962105082e-05,4.958893687334069e-05,0.0003248715528636342,4.06627096623043e-07,6.901192578551451e-06
60,3.525100421594824e-05,1.0791049392460454e-05,2.4094660148476184e-06,0.0002848259262042301,0.00017393600613031126,0.0035621001263381235,0.028327619863907246,0.005669022465869187,0.011869405539141679,0.0020521085760228856,1.0651902077156107e-05,5.674965613221801e-06,0.001261727406427106,1.538161896714176e-05,5.0238351366602354e-05,0.943384790707355,0.00028323422006562213,8.191452237463215e-06,0.0021816502594107657,0.0004271799185600278,1.9451941227932312e-05,4.500152271383053e-05,0.00031250538346543684,3.1187102737680136e-07,6.538456248128552e-06
61,3.7663683966341804e-05,1.0960766584494728e-05,2.9061053745624886e-06,0.0003145861152345017,0.0001800986312441208,0.0038065162583119758,0.027483437638497338,0.005850151486072134,0.012098222306758916,0.0022526802645116764,1.1601349639110307e-05,5.656601938786131e-06,0.001268494297962799,1.650624056883007e-05,5.5379314778634134e-05,0.9432008945339047,0.00030173449203391677,8.51109476967766e-06,0.002231853149704663,0.0004644089736709459,2.0844393779823198e-05,4.8775503618885384e-05,0.00032124325158708035,3.8063122670511617e-07,6.49291425940969e-06
62,3.525100421594824e-05,1.0791049392460454e-05,2.4094660148476184e-06,0.0002848259262042301,0.00017393600613031126,0.0035621001263381235,0.028327619863907246,0.005669022465869187,0.011869405539141679,0.0020521085760228856,1.0651902077156107e-05,5.674965613221801e-06,0.001261727406427106,1.538161896714176e-05,5.0238351366602354e-05,0.943384790707355,0.00028323422006562213,8.191452237463215e-06,0.0021816502594107657,0.0004271799185600278,1.9451941227932312e-05,4.500152271383053e-05,0.00031250538346543684,3.1187102737680136e-07,6.538456248128552e-06
63,3.6070086527139964e-05,1.1463478147478386e-05,2.431850637736671e-06,0.0002838848649949907,0.00017835516689364766,0.0036124481069324237,0.0288376925448355,0.005692795586465621,0.012269256019961072,0.0020641641392550127,1.0925950633830021e-05,5.850133702268683e-06,0.001293667013848119,1.5608364585111592e-05,5.121762435898468e-05,0.9423016414885903,0.0002879963839751575,8.222757647912684e-06,0.002229193758145608,0.00042153303910445283,1.9622794287844907e-05,4.596484198679734e-05,0.0003129660380709082,3.147156774519422e-07,6.713250734662766e-06
64,3.6090400897072756e-05,1.1717973056300667e-05,2.681520662144295e-06,0.0002979311633337887,0.00019264448453589113,0.003746527830037467,0.029765052677349697,0.006075689090147539,0.011293375430542523,0.0021068228463930454,1.1623863649780977e-05,6.1429880695743435e-06,0.0012949465525652667,1.580028520988805e-05,5.713084214362641e-05,0.941488178688226,0.00027619317317533674,8.192197740049025e-06,0.0024506200208416814,0.0004485311019787908,2.4145301954008967e-05,4.9062113870520474e-05,0.00033387052520625067,3.1550267416374253e-07,6.713425739627728e-06
65,3.8527764931510656e-05,1.0440893413658507e-05,2.0223025738936625e-06,0.0002556555320579504,0.00017036966196157797,0.0029854992143033437,0.027143020626051825,0.005146728895568392,0.013103801912585545,0.0021614860384473614,9.926007472980959e-06,5.8942517096011855e-06,0.001227058642306635,1.5425548668133715e-05,3.96871681807771e-05,0.9445446303635538,0.0002736388212555471,9.513641427967839e-06,0.0020669867101268664,0.00042988302392936656,1.689453075068915e-05,4.287205471203154e-05,0.0002924382898801832,3.099708121882745e-07,7.288133318177837e-06
66,2.8184814760860328e-05,8.087592634233255e-06,2.045400077303861e-06,0.0002760293488574786,0.00018755801328871114,0.0025723715077073535,0.015820865350117726,0.0035066483836865446,0.008723029263355329,0.0025398605799531924,9.68952517282725e-06,5.599318465229622e-06,0.001041866772151236,1.5811281225243252e-05,2.7732877258566352e-05,0.9627361371509002,0.00021280011031248682,7.838253225675456e-06,0.0016249401872812633,0.0003894621276598966,1.9708214730642665e-05,3.345586464422413e-05,0.00020571421502136125,2.8967841657585986e-07,4.274169095757164e-06
67,4.4326412602806544e-05,1.1978490204388003e-05,2.606797014181988e-06,0.00028780880088074363,0.00022263299639551084,0.0021135330042759996,0.02695029174273012,0.008217478073862292,0.01425670284106647,0.0017522654905437716,9.525705434717078e-06,5.029824692036116e-06,0.0014700837175990395,9.939759760005722e-06,3.9126550055567275e-05,0.9411563476618208,0.00022897637729333336,6.571079115330519e-06,0.002681582755120575,0.0002741327141645355,1.4736682171308085e-05,3.699830664378248e-05,0.00020275573307857958,2.225633455809681e-07,4.345920128551635e-06
68,3.372455139632101e-05,1.5599552432602275e-05,2.584809754293344e-06,0.00027407178008725854,0.00029201396194509653,0.0035794203144488956,0.0294579432092373,0.00474793662311058,0.017149282559519953,0.0031043141889858343,1.35200606766952e-05,4.219498808680357e-06,0.0007817533888616269,1.987786381594488e-05,0.00010259433313506375,0.9369402408047888,0.0002263864384473681,5.183676566392589e-06,0.0024909815527400544,0.00033995398666649513,2.164339402740687e-05,7.512503805096828e-05,0.0003120993359314939,4.556690819188074e-07,9.07340748288339e-06
69,3.8266117016812414e-05,1.1712423858525117e-05,2.8221603564608313e-06,0.00027904013805626893,0.00017171507400018214,0.004364758854691924,0.02951579572931176,0.006048627105075799,0.009889960196988117,0.002098469750390501,1.2611572442089441e-05,7.156741859797702e-06,0.0014603903472028097,1.6994742221729966e-05,5.793781510491964e-05,0.9418462813541901,0.00030584042032719697,9.177767973146092e-06,0.002870085798311134,0.000539000429567901,2.6403896574289313e-05,5.207560090260186e-05,0.0003677044397592534,3.2044550670026415e-07,6.851078309854579e-06
70,2.6407764708692565e-05,7.684750732321413e-06,1.996059045098125e-06,0.0002973789930164281,0.00014859505505071462,0.0032886717043805257,0.02297626851233876,0.0045796682979422475,0.010551707485998754,0.0017907142556636516,8.897744769844158e-06,4.480728593846641e-06,0.0010837659902257475,1.3891338009445298e-05,3.90781805196238e-05,0.9527621058648819,0.000261539782209354,7.32148543116589e-06,0.0014304346494334933,0.00038609379824600007,1.4883755571348958e-05,3.176673216932271e-05,0.0002813361455629647,2.943651057719964e-07,5.016560392701648e-06
71,3.560207521764208e-05,1.097407385703928e-05,2.482947790410783e-06,0.0002879095626772775,0.00017475818095987882,0.003656028442563919,0.028662934144926898,0.005730723270145213,0.011902847059622851,0.002070408116279533,1.0762983487558224e-05,5.702812585934862e-06,0.0012731485728329887,1.5537403558104323e-05,5.1437918029610375e-05,0.9427746947161308,0.0002874499315873527,8.204406524994126e-06,0.002220014586118124,0.000431294310986686,1.9739703639654093e-05,4.5757203890855516e-05,0.00031468483199578116,3.1636472748961194e-07,6.586379863500018e-06
