,0,1,2,3,4,5,6,7,8,9,10,11,12,13,14,15,16,17,18,19,20,21,22,23,24
0,8.737282618930121e-05,5.881793495827373e-06,0.004123543183077197,0.0009448901308060366,0.0001770617795498716,0.0022260567942780276,0.017307823681603912,0.016736538291868185,2.9045786318250266e-05,8.650805532672108e-05,6.126056012560373e-05,0.0025894440362761147,0.00022819753076090574,7.153961872410249e-06,1.47633623743597e-05,0.9430719956853753,0.010382516469848058,0.0007460994549788372,5.534150705761522e-05,0.0006164519848440094,0.00020475079808203152,8.499289342461482e-06,0.00017662625458965381,4.564341546351572e-05,6.653336649591235e-05
1,0.0014753676263200405,3.61523843061983e-05,0.010094649449362718,0.00846885537980986,0.0038460359645954754,0.031218451840118292,0.16701424500662343,0.10519989668634931,0.0003115987987633395,0.00014956448637557855,0.001698213285551781,0.023480907155031854,0.0009804512132058083,6.261167107655636e-05,9.541280997355604e-05,0.5756604735891777,0.057626895384068816,0.00624247702407086,0.00020102531937068994,0.0014776293762993815,0.0015211823384622476,0.00011008899640748303,0.0025265251760984153,0.00020478216751261324,0.00029650687106794025
2,6.759642344551484e-05,5.386703851539991e-06,0.004086728412917946,0.0009222225524728152,0.00016335314456026635,0.004027267770549682,0.016622662451299078,0.01763774264278877,7.280381445043723e-05,0.0001657702836661729,5.916623969360262e-05,0.001924980886318624,0.00020788247933696777,1.2879433494992013e-05,2.619883664162727e-05,0.9450427897215484,0.006454424745766933,0.0007866742238620177,7.813200163416052e-05,0.0009168555189542933,0.00024301079170818156,1.1922809705800932e-05,0.000279964862676611,7.114671782135964e-05,0.00011243653083419868
3,7.774831986380003e-05,5.2365899514834665e-06,0.004221953950072833,0.0009241076973561889,0.00015718064542235617,0.0044646952274385214,0.018477173762325647,0.017693505040528284,6.766001907578534e-05,0.0001566596751333885,6.165972003237614e-05,0.0020346467384206356,0.00021160353361193192,1.0941437861440786e-05,2.2796541101439846e-05,0.941902109760755,0.007056374595197296,0.0008656826057069692,8.384869917237322e-05,0.000773715946817989,0.00025669873909878123,1.1474836942686343e-05,0.00029152001260628865,6.876743473157332e-05,0.00010223847077493914
4,8.488953620032835e-05,5.638075828469971e-06,0.004590113475029024,0.0009113665756271764,0.00016965483222653745,0.004315311038741364,0.019600403172166003,0.01848487763754542,6.999324742335579e-05,0.00015817334244049234,6.860220993011979e-05,0.00224265112720931,0.00024280086927421798,1.2210645838192982e-05,2.2859296306512457e-05,0.9390186954898286,0.007392413187449522,0.0009091570172636503,8.499673509386276e-05,0.0008485894706032189,0.0002843195323169652,1.273256794036309e-05,0.00028749207381642745,7.321711654099888e-05,0.0001088417273595454
5,7.510151598868645e-05,5.1553694997199604e-06,0.004360731400088173,0.0010429888094465338,0.0001744377254305532,0.0046512045989710316,0.018271160444986924,0.01724866022764018,6.823672856251934e-05,0.000169132734954243,6.251404104232667e-05,0.0019168650225582233,0.00022024392403339213,1.1411472216014363e-05,2.222519579923087e-05,0.9418083833791374,0.007100160969295009,0.0010209398925835444,8.665315413308105e-05,0.0009032174944018866,0.00026808570288577274,1.0610317085722428e-05,0.0003304933178148926,7.479341393063247e-05,9.659314751425038e-05
6,7.774831986380003e-05,5.2365899514834665e-06,0.004221953950072833,0.0009241076973561889,0.00015718064542235617,0.0044646952274385214,0.018477173762325647,0.017693505040528284,6.766001907578534e-05,0.0001566596751333885,6.165972003237614e-05,0.0020346467384206356,0.00021160353361193192,1.0941437861440786e-05,2.2796541101439846e-05,0.941902109760755,0.007056374595197296,0.0008656826057069692,8.384869917237322e-05,0.000773715946817989,0.00025669873909878123,1.1474836942686343e-05,0.00029152001260628865,6.876743473157332e-05,0.00010223847077493914
7,7.5573048197014e-05,5.28047813284938e-06,0.004166821589371102,0.0009364604522772574,0.00015837874795306727,0.004500331794262449,0.018442119418524913,0.017550125419808753,6.86490083385298e-05,0.0001584792132253359,6.08449955774144e-05,0.002022176447675958,0.0002059169247988838,1.109317136852823e-05,2.3020713213918798e-05,0.9420643355987991,0.007097201364341603,0.0008608978797813961,8.490245214582525e-05,0.0007667870943543072,0.00025746757670357025,1.1371081812741721e-05,0.00029856515698347254,6.945006711711827e-05,0.0001037503052350617
8,7.901389119970772e-05,6.093222793643933e-06,0.005728785475092709,0.001040796888402974,0.00016941683317961057,0.00481946162564949,0.013408225044541687,0.015473503355336475,7.399309537592484e-05,0.00021361047471674132,5.662826644929181e-05,0.001980333067686647,0.0001886131506028384,1.3147115423040342e-05,2.6998526888384107e-05,0.9463272562958756,0.007989594636545775,0.0006870937479761248,6.421340269520481e-05,0.0008805509006112376,0.00020106608054792026,1.0770934752342657e-05,0.0003378996737046506,8.524544209808563e-05,0.00013768885185420253
9,4.107907209398935e-05,4.95434641217147e-06,0.004424976825578963,0.0007551960397647154,0.00010495867258288496,0.0031711102148257583,0.009068005975788596,0.012335508366222856,5.178484379928988e-05,0.00021528094526483116,3.442905559537787e-05,0.001273283038547638,0.00014402236863600174,1.1303258566590207e-05,1.9878984960981183e-05,0.9602330886006409,0.006055922544854794,0.0005410915350077975,5.58777086321476e-05,0.0008723525138260899,0.0001652168301081895,7.491407400253719e-06,0.00024094491946550966,6.552784009839743e-05,0.00010671409132550969
10,7.774831986380003e-05,5.2365899514834665e-06,0.004221953950072833,0.0009241076973561889,0.00015718064542235617,0.0044646952274385214,0.018477173762325647,0.017693505040528284,6.766001907578534e-05,0.0001566596751333885,6.165972003237614e-05,0.0020346467384206356,0.00021160353361193192,1.0941437861440786e-05,2.2796541101439846e-05,0.941902109760755,0.007056374595197296,0.0008656826057069692,8.384869917237322e-05,0.000773715946817989,0.00025669873909878123,1.1474836942686343e-05,0.00029152001260628865,6.876743473157332e-05,0.00010223847077493914
11,8.145193479997101e-05,5.4199488018341266e-06,0.004356368254819141,0.0009040928063916938,0.00016292867240156605,0.004276941591134448,0.018880608481914585,0.01780390683369411,6.808287600899987e-05,0.0001536241131551749,6.481409389840776e-05,0.0021581949845305955,0.00023076366152748862,1.1321735098621552e-05,2.2928148332870026e-05,0.9411967298995282,0.007132264850687551,0.0008610273810489775,8.356694419537943e-05,0.0008114242338141245,0.00026587947910693485,1.2178056524069338e-05,0.00027962424449526113,7.10424744781186e-05,0.00010481429961191338
12,4.812287202235045e-05,3.256106250521404e-06,0.001743850314955923,0.0007201049364892521,2.864384442814858e-05,0.0037953853091799925,0.015541568527425657,0.02627310503390404,3.5178510373369456e-05,0.00013333383347966784,2.703053740385839e-05,0.0012486828487381738,0.00011828883819207311,4.157039101286396e-06,1.870285076024785e-05,0.9458460375302565,0.0030619666864041117,0.0006866352158390476,0.00013034891152700637,0.00022823236287226967,0.00012394164594513966,8.958733263030916e-06,0.00011936625565406307,1.4910718586194813e-05,4.0190536947890684e-05
13,0.0001069326826576071,6.632425048435711e-06,0.0050910039997124285,0.0009391117642694797,0.00020265206327555181,0.004008636640477326,0.021470047413548004,0.02424566382968375,7.470810371977672e-05,0.00014999999084350872,9.738052625647318e-05,0.002987318512092594,0.00027875124617253823,1.5960570964566293e-05,2.6022645721898534e-05,0.9290352607259863,0.00846458152024096,0.0009950884504581095,8.782667358428927e-05,0.0008841270218363461,0.0003399302070886178,1.6730770359769455e-05,0.00027167237972930045,7.41299985203221e-05,0.00012982983775184013
14,6.397768260768208e-05,4.119896549182984e-06,0.00386733806168298,0.0006182048219268824,7.945381884090468e-05,0.003903686296240358,0.013355617170135127,0.01513596394659897,6.700441984185021e-05,0.00014578844338821597,3.775503607774392e-05,0.0018798622102971334,0.0001513727972317794,9.242827147090119e-06,2.4014944908141834e-05,0.9542187791415039,0.004814566447366142,0.00047993202599326345,5.057580943865001e-05,0.0006143724608320161,0.00011829756389536174,1.0311422043031177e-05,0.0001900100489059907,4.655722287256051e-05,0.000113195483675262
15,7.774831986380003e-05,5.2365899514834665e-06,0.004221953950072833,0.0009241076973561889,0.00015718064542235617,0.0044646952274385214,0.018477173762325647,0.017693505040528284,6.766001907578534e-05,0.0001566596751333885,6.165972003237614e-05,0.0020346467384206356,0.00021160353361193192,1.0941437861440786e-05,2.2796541101439846e-05,0.941902109760755,0.007056374595197296,0.0008656826057069692,8.384869917237322e-05,0.000773715946817989,0.00025669873909878123,1.1474836942686343e-05,0.00029152001260628865,6.876743473157332e-05,0.00010223847077493914
16,7.78953762649307e-05,5.245737542504184e-06,0.004198885243690556,0.000927008345530428,0.00015722319086567196,0.0044602744503750135,0.018534030993026432,0.017783562255675338,6.769135146291594e-05,0.00015629322396192022,6.185269650741632e-05,0.002042619334653324,0.0002120900055638138,1.0961612464068431e-05,2.288241483669496e-05,0.9417804827960433,0.007044962482506408,0.0008690671153309703,8.430986678569383e-05,0.000772468459450136,0.0002570706889347279,1.1544144194386444e-05,0.0002909737849009305,6.848388450952168e-05,0.00010212054492273805
17,0.00010332133484391943,6.228295777967428e-06,0.0049667944757855,0.0010522480619668457,0.00023699025667617732,0.004804140837406987,0.025616276403152543,0.01966405152474268,8.026010200938197e-05,0.000147510582825063,8.892242793351656e-05,0.0027929892050333706,0.0002873117346493121,1.3962434399972305e-05,2.2925036597169988e-05,0.9281075245802363,0.008918924026298349,0.001131469798631274,9.479796582614822e-05,0.0009232109333996593,0.00036622708675031776,1.4316450813871478e-05,0.00035318224064696975,8.885325764859141e-05,0.00011756094594807845
18,7.7062002479725e-05,5.2750710212497726e-06,0.0042246481419670485,0.0009075798203392472,0.00015625620753977304,0.00440421604690951,0.018601420437581843,0.017522501500599315,6.798375786146556e-05,0.0001563668136080251,6.148607267779072e-05,0.002046351747142542,0.00021152239260076295,1.1131415459352606e-05,2.2724819391798957e-05,0.9419886163496932,0.007079409173331865,0.0008621388371811067,8.450735445102499e-05,0.0007708164075685177,0.00026129489021041767,1.150984910006242e-05,0.000291748483947411,6.929462597884137e-05,0.00010413778135804902
19,6.155264159723175e-05,5.495843382928287e-06,0.003661036693150523,0.0011904750168300706,0.00016231576039627395,0.005076704762063159,0.016027073846969973,0.014973549637966151,7.399150865357804e-05,0.000175272455812492,4.611736468909876e-05,0.0019926028283018004,0.0001855960867835961,1.0246991043575553e-05,2.6764812233549645e-05,0.947677470594388,0.006506186164032159,0.0006498329182948045,7.321512703142493e-05,0.0007731108287060923,0.00017495438537915123,1.1016438609405383e-05,0.0002945775613817771,6.898577672024111e-05,0.00010185395558289618
20,9.48927594641493e-05,6.156735369107937e-06,0.0042572166974622315,0.0010489457739600245,0.00017387842140935403,0.005304452364383018,0.020190789751612617,0.025080423705755375,8.375096836321887e-05,0.0001820240715282399,8.16609245615941e-05,0.0023126728627382858,0.00026729852801414626,1.4132468583650105e-05,2.9082381490855714e-05,0.931139774391334,0.006909030029973861,0.0010076792253019308,9.772798445610462e-05,0.0009390285852788503,0.00029230610904026514,1.8010619178635486e-05,0.0002911711050236025,6.728026526253159e-05,0.00011061327045438742
21,0.0001053009121709148,7.948733360973881e-06,0.0034355341369914976,0.0018827005764031509,0.000297029144273739,0.017651554478607022,0.03110907386369007,0.027497543412031297,0.00020776079040417592,0.00030780925186232985,0.00010127191528002769,0.0019805105307783713,0.0001938049175768309,1.4633411212045765e-05,6.753545454701955e-05,0.9040003191564058,0.007867063967429455,0.001058314942591975,0.00020805270351736363,0.0007171797450034908,0.00034129308646169056,2.5545948403013994e-05,0.0006784767575867393,8.602499998118229e-05,0.00015771716343002636
22,8.551834537986698e-05,5.395013347922566e-06,0.004753840696767243,0.0008932535501645485,0.00014185834308630318,0.004274442759093911,0.016244483276886105,0.01880067596005695,5.378090249978652e-05,0.0001688845647607633,6.463431717273711e-05,0.0018427439951458227,0.0002223442428268749,1.0369675449922743e-05,1.9628703157415302e-05,0.9417294907832943,0.008126103365591988,0.0009820721416636655,8.437383364864595e-05,0.0007809407283059742,0.00027398348698817905,1.1400377184440168e-05,0.0002789043459758124,6.152657117499962e-05,8.935002037585235e-05
23,7.774831986380003e-05,5.2365899514834665e-06,0.004221953950072833,0.0009241076973561889,0.00015718064542235617,0.0044646952274385214,0.018477173762325647,0.017693505040528284,6.766001907578534e-05,0.0001566596751333885,6.165972003237614e-05,0.0020346467384206356,0.00021160353361193192,1.0941437861440786e-05,2.2796541101439846e-05,0.941902109760755,0.007056374595197296,0.0008656826057069692,8.384869917237322e-05,0.000773715946817989,0.00025669873909878123,1.1474836942686343e-05,0.00029152001260628865,6.876743473157332e-05,0.00010223847077493914
24,6.766411032841814e-05,5.837093856160647e-06,0.0035068059767129857,0.0011339586955994125,0.00016318863011731717,0.004398255617494161,0.01783079484446788,0.01867946419054958,6.254581832772506e-05,0.00016293529642893566,5.889891675922261e-05,0.002000924262120235,0.00020162985899150758,1.1003700232052551e-05,2.370832100101312e-05,0.9418493116081048,0.007340386104751038,0.000922748018369899,9.468799050635873e-05,0.000764131902176658,0.0002482188301227831,1.1639369625733807e-05,0.0003060644694794084,6.25941928701756e-05,9.260218100651009e-05
25,9.094332418811385e-05,5.893953905418702e-06,0.004309003688668918,0.0010506700497635402,0.00021830702805058092,0.003297596299486826,0.022886514066546376,0.027396370080316985,5.370568101220245e-05,0.00012100428892630546,9.622812653254231e-05,0.0027271153761649672,0.0002916021068825307,1.2995171820974937e-05,1.7313179430062034e-05,0.9260444168250312,0.00820906639208601,0.0013428660525287518,8.298745590769629e-05,0.0009951578479092656,0.00034289412904083883,1.2907671325627696e-05,0.00025141480829115416,6.070614389573061e-05,8.232025228756712e-05
26,8.11106177463926e-05,4.681039476553002e-06,0.00581470847354612,0.0009938953925280264,0.0002009392541901616,0.005656819916725199,0.017495092829150596,0.013188798820136998,8.288314914096711e-05,0.00019087935612879274,6.166511988559486e-05,0.001742170219316753,0.00021545985182944266,1.160370956326046e-05,2.18520728890904e-05,0.9435315299004158,0.007621109407259545,0.0009991180593939494,7.617198828203984e-05,0.0010599892957869957,0.00027201572492317934,8.931308456388373e-06,0.0004430798190913136,0.00010928035160352022,0.00011621432253326326
27,8.09140252150439e-05,5.323656862488378e-06,0.003408893979817149,0.0010617780881204562,0.0001508463332413702,0.005566009014109241,0.017231141026481985,0.019911251231267222,8.683722121069186e-05,0.00016680538236435807,6.025803460051464e-05,0.002140385743906053,0.00020596882944712535,1.0753898409240411e-05,2.974708897264798e-05,0.9417965098362926,0.005789220386259316,0.0007853810271625383,8.516754999159554e-05,0.0007695006992200372,0.00018971696537487166,1.5392052619163083e-05,0.0002790183407893577,6.639759407715853e-05,0.00010678199418777007
28,7.774831986380003e-05,5.2365899514834665e-06,0.004221953950072833,0.0009241076973561889,0.00015718064542235617,0.0044646952274385214,0.018477173762325647,0.017693505040528284,6.766001907578534e-05,0.0001566596751333885,6.165972003237614e-05,0.0020346467384206356,0.00021160353361193192,1.0941437861440786e-05,2.2796541101439846e-05,0.941902109760755,0.007056374595197296,0.0008656826057069692,8.384869917237322e-05,0.000773715946817989,0.00025669873909878123,1.1474836942686343e-05,0.00029152001260628865,6.876743473157332e-05,0.00010223847077493914
29,7.774831986380003e-05,5.2365899514834665e-06,0.004221953950072833,0.0009241076973561889,0.00015718064542235617,0.0044646952274385214,0.018477173762325647,0.017693505040528284,6.766001907578534e-05,0.0001566596751333885,6.165972003237614e-05,0.0020346467384206356,0.00021160353361193192,1.0941437861440786e-05,2.2796541101439846e-05,0.941902109760755,0.007056374595197296,0.0008656826057069692,8.384869917237322e-05,0.000773715946817989,0.00025669873909878123,1.1474836942686343e-05,0.00029152001260628865,6.876743473157332e-05,0.00010223847077493914
30,7.774831986380003e-05,5.2365899514834665e-06,0.004221953950072833,0.0009241076973561889,0.00015718064542235617,0.0044646952274385214,0.018477173762325647,0.017693505040528284,6.766001907578534e-05,0.0001566596751333885,6.165972003237614e-05,0.0020346467384206356,0.00021160353361193192,1.0941437861440786e-05,2.2796541101439846e-05,0.941902109760755,0.007056374595197296,0.0008656826057069692,8.384869917237322e-05,0.000773715946817989,0.00025669873909878123,1.1474836942686343e-05,0.00029152001260628865,6.876743473157332e-05,0.00010223847077493914
31,7.577857137016307e-05,5.206716576155567e-06,0.004108865172757579,0.0009739455276434521,0.0001673815676372587,0.004697222956447533,0.01898269653730529,0.016959460775519353,7.196126986928965e-05,0.00015728835966433063,6.135719955946501e-05,0.002047414332609022,0.00021225221884798654,1.1058239071994448e-05,2.3820433868133006e-05,0.9419697833914333,0.006964405620757111,0.0008698986908298718,8.57063267500433e-05,0.0007989087144761272,0.00025766688289621456,1.1441354859413167e-05,0.00030933500895533354,7.316112750716575e-05,0.00010398300278860055
32,7.38763295052855e-05,5.167757934651384e-06,0.0039660442248144485,0.0009157753845916181,0.0001545525974885061,0.004331801029114287,0.018065552842168854,0.017006025897629534,6.688612167491471e-05,0.0001548404282243779,5.949716337490643e-05,0.0019496700736051308,0.0002047869633773679,1.0580535172624165e-05,2.306325536716493e-05,0.9436809850677268,0.006901574289053457,0.0008570357293312876,8.926544085246717e-05,0.0007491868080946994,0.00025971342692986924,1.1225869933986131e-05,0.0002927484385874469,6.93143105776434e-05,0.00010083001486857035
33,4.9683479495566094e-05,4.1320993669334034e-06,0.005382206836795458,0.0008346821607568176,0.00014159699263139482,0.006675704881071671,0.013546358164445186,0.010622860779831518,0.00011918066916625281,0.00028972463743419684,3.644439328105504e-05,0.001030561082042991,0.00013456884638363882,1.3024472360738161e-05,3.577412557701869e-05,0.9537324442863987,0.004763498566994625,0.0006072881838119047,7.445959949782761e-05,0.0009976925133350835,0.00020538785776220812,7.545256088529416e-06,0.00044018903279745465,0.00010119752360278694,0.0001537935590703964
34,0.00029402928275836876,4.867316967772362e-06,0.007440633538447222,0.0010325197265563931,0.00025872596161069885,0.0062148200034424965,0.03194713586670178,0.030804871854408025,8.537512435079121e-05,0.0001383680984731119,0.00017296080369398582,0.00293897116960876,0.00041228359715041787,1.1738715476020935e-05,3.2537349140075206e-05,0.9051277405648309,0.009119792338758717,0.0019067421799875942,0.00013327647809601714,0.0008434881240078673,0.0005122510205790425,1.955486818650946e-05,0.00035893461121639297,8.008087892360247e-05,0.00010830052662754991
35,0.00011128561405087,4.578742152921782e-06,0.0036333360067641336,0.0008051382293661683,0.0001090622794872189,0.005112562601933793,0.019980170133493836,0.02520981152158165,6.507129964410413e-05,0.00014664115442858755,7.051694802723498e-05,0.0022087787586035305,0.00020892552249046796,8.410568551959033e-06,1.9272661531267338e-05,0.9333551334626383,0.006569670603873075,0.0011460252570069972,0.00010555108622187269,0.0005146271078406135,0.00023444748142218157,1.5115027755935491e-05,0.00023516225039538736,4.930475003716804e-05,8.140093070064047e-05
36,0.00015734625435179833,6.846730150269937e-06,0.009176042325533536,0.0016704064169008879,0.0005812073219122243,0.008461321542683703,0.03993026375038612,0.02033569569324946,0.00013993417253464136,0.00020046675095831105,0.00015290335859628106,0.0028773888463074562,0.0003473261579201361,2.077132549713963e-05,3.3293230713337914e-05,0.899302257746593,0.011156329307790014,0.0018788601338647615,0.00013193890688162121,0.0013504121022660982,0.0008073817444642951,1.2110232436277176e-05,0.0008946230019746667,0.00019921488502301228,0.00017565806101098566
37,7.494187119917946e-05,5.221144621904935e-06,0.004079955798551388,0.0009228484442290658,0.0001511004159419049,0.004452674072466959,0.01780182989636438,0.01773521773952968,6.647400023562349e-05,0.0001579697445083576,5.97963492055839e-05,0.001980306397206319,0.00020393215576009637,1.0756176602771242e-05,2.307451180603012e-05,0.9429341725205318,0.006950833874959684,0.0008368232196057301,8.35622933493612e-05,0.000755391926890005,0.00024772400426239166,1.1431752243314991e-05,0.0002864354110472601,6.640682277135489e-05,0.00010111945610982025
38,8.74083958284796e-05,6.143541219371601e-06,0.004752744157288382,0.0010766992608773136,0.00020304977861962417,0.004798911031022915,0.019988759314135827,0.020855431535895426,7.985084999039274e-05,0.000171946108348214,7.694826138358896e-05,0.002433384382764797,0.0002274266228068526,1.4089945170936817e-05,2.570271747368192e-05,0.9344364881681374,0.008051443686188996,0.0009398851614822492,8.882671518893055e-05,0.0008423809322249187,0.0002981597575583101,1.3609204350055569e-05,0.00032845521460324263,7.969574691952753e-05,0.000122559510520567
39,0.00010471202571591548,0.00011319666776289194,0.017719998368493767,0.03090560188908015,0.017216332411885516,0.02471574546281134,0.02708775125364542,0.0015514300770032327,0.01070518265178111,0.005539522082123619,0.00015088237046021282,0.002063131194984262,0.0011566843619321495,0.00045901579719029,0.0014708041426965324,0.8089530986835591,0.009162581611592665,0.0017125804905271825,0.0005708797509436674,0.018886115102839184,0.00047242660613281784,2.994370721604705e-05,0.0083305919975524,0.008440599422034617,0.002481191870035916
40,0.00014159970290012825,6.9617803227791386e-06,0.007125841965479054,0.0009459802444499117,0.0002219105574777755,0.005174819152350816,0.02338459628804436,0.019509298708260816,9.226785449907864e-05,0.00016059074387527207,9.547761487377393e-05,0.003475767888970634,0.00029445524763699045,1.639743201637153e-05,3.075815674946499e-05,0.9270252833186259,0.009656231819820149,0.0008039247427250355,7.036306286345768e-05,0.0008756728262084079,0.00030191989314919565,1.69732038397387e-05,0.0003148036273818804,9.050611899157305e-05,0.00016759804848753314
41,5.193402986288308e-05,8.518305970917045e-06,0.006599358617132624,0.00011574679160378098,7.46850581509389e-05,0.0010772808900495904,0.047083477425549095,0.017987124326565556,3.312396527951089e-05,0.00011691386572467421,0.00010588275082611874,0.002425554438607134,0.00047127755485964064,3.337715989380987e-05,3.322778158854905e-06,0.9012896764504581,0.015106207873120024,0.0021310621239445425,0.00019341833750627285,0.0008717074864057385,0.003756202378270646,1.3534438449289122e-05,0.0002294903818993892,7.890641456933239e-05,0.00014221615714164496
42,0.00023768235372931252,6.306819081071784e-06,0.019266858184729976,0.0020494936776864025,0.0012188990017763508,0.009957763823169955,0.11335817387723136,0.021980860815417166,0.00027234346544072663,0.0002241157483744977,0.00028176680203648695,0.004230585552333112,0.00039324255170527063,5.862157987723314e-05,3.484379557636337e-05,0.7991251020917206,0.01248744454201503,0.006746299985804736,0.00014324685001091997,0.002398468455580259,0.0018777359583254272,6.076617335796039e-06,0.0029514022747268932,0.00038557970224839446,0.0003070854740666779
43,0.00017315436900449665,6.57198156240325e-06,0.006336120602982168,0.0009710356866946642,0.00031418751155210033,0.003461256110685598,0.039960357614461976,0.021795546783238726,7.90408853961247e-05,8.074801473541443e-05,0.00014268971149309327,0.006492712535649386,0.00037635685636864055,1.6833203430291787e-05,1.891383642264947e-05,0.9058314170283975,0.010613535451017345,0.0014308405085636108,7.152294235581877e-05,0.0008700030887488461,0.00038368246126749576,1.4218906735109644e-05,0.00031695125302727746,9.508540953685438e-05,0.00014721724667230478
44,7.774831986380003e-05,5.2365899514834665e-06,0.004221953950072833,0.0009241076973561889,0.00015718064542235617,0.0044646952274385214,0.018477173762325647,0.017693505040528284,6.766001907578534e-05,0.0001566596751333885,6.165972003237614e-05,0.0020346467384206356,0.00021160353361193192,1.0941437861440786e-05,2.2796541101439846e-05,0.941902109760755,0.007056374595197296,0.0008656826057069692,8.384869917237322e-05,0.000773715946817989,0.00025669873909878123,1.1474836942686343e-05,0.00029152001260628865,6.876743473157332e-05,0.00010223847077493914
45,7.641081198405772e-05,4.935614857409066e-06,0.003679973986157374,0.0010080124693392723,0.00015522332652197467,0.004605284043277319,0.01864244277310978,0.01866498254675393,6.827140000902918e-05,0.00014639322853299202,5.7966277919089415e-05,0.0020220972827383,0.00020395716604915663,9.619897041980262e-06,2.4970247689298284e-05,0.9420566460338595,0.006306212253726358,0.0008061241204737791,8.143828250654285e-05,0.0007351782083693723,0.00021385940182357225,1.1632609973400428e-05,0.00026624790153425903,6.04463298048518e-05,9.167378594739068e-05
46,9.369929828463843e-05,6.880886320835704e-06,0.0036618858611569063,0.0010127866658949673,0.0001521896262180468,0.003931921464633422,0.016342324559003158,0.017919959123676412,4.8427861766940166e-05,0.00012756105033377734,6.459285355547702e-05,0.0026376349517089445,0.00020890471109512331,8.74244050198092e-06,2.236725886661393e-05,0.9418244171722641,0.010006986924225069,0.0006887775582887371,7.558615500413784e-05,0.0005641386363733465,0.0001974410616121043,1.3915303780054532e-05,0.0002384436516211521,5.4831009612178055e-05,9.55839142020208e-05
47,8.361562417942153e-05,5.673466154828386e-06,0.0030287968864742124,0.0006311859503011626,9.780898484067294e-05,0.0032828673757769756,0.01606503064658649,0.016896043316198775,4.999215166513867e-05,0.00010979891513873435,5.142273867985199e-05,0.0024415258447369028,0.00022411455419815728,7.357401394245947e-06,1.8252194354105842e-05,0.9489366557183168,0.006408645436338636,0.0005742295480949734,6.511705065228482e-05,0.0005577081528053521,0.00015953308811394654,1.4911319123375654e-05,0.00015516098494939605,4.873969651825719e-05,8.581295440734978e-05
48,7.78427372186718e-05,5.202202910311799e-06,0.0042613442940441105,0.0009230555325288991,0.00015863518157319646,0.004468962124544807,0.018515010689454114,0.017590683733674214,6.819855740149918e-05,0.00015656362686660908,6.189709396825883e-05,0.002037489120933665,0.00021249298715411238,1.1004644181240492e-05,2.2806924009123398e-05,0.9419353413164102,0.007024611851968071,0.00086831902320092,8.34001784773278e-05,0.0007824487055137988,0.0002577701776011983,1.1406317195876719e-05,0.00029295487971751634,6.968532753666494e-05,0.00010287277191548397
49,8.575855239749565e-05,5.334402635447127e-06,0.004787016130377042,0.0009135520066318585,0.00015110683836872131,0.004962095642492472,0.017707700721941097,0.01751211825076291,6.903529300015569e-05,0.0001598327137072191,6.38129937465278e-05,0.0022478587099657938,0.00022921129951410652,1.103768304944901e-05,2.202614000568713e-05,0.94140545512915,0.007231712298631708,0.0008215713162357075,6.879132109389233e-05,0.0008512314616880433,0.00022315570302673551,1.2089939694594118e-05,0.00028371411271533036,6.971141540933436e-05,0.00010506992375874224
50,7.653396983590505e-05,5.22119401253891e-06,0.004154512681872532,0.0009128041158659695,0.00015370569776564433,0.004427600037176712,0.01861420311214456,0.01786598299351432,6.751753640400662e-05,0.00015711817472209273,6.048513301078895e-05,0.0020169938898887915,0.00021171271007643547,1.0870460111504897e-05,2.252991487213282e-05,0.9418782548018426,0.006933680061525697,0.0008592186659240969,8.454205772007586e-05,0.0007653534733759314,0.0002559512829103843,1.155266349532597e-05,0.0002853912219066108,6.733893780361632e-05,0.00010092521222167844
51,7.393267155938497e-05,6.1269786652895844e-06,0.0037938380015150983,0.0010614710469313811,0.00014883413503902134,0.004357978059064181,0.016542911599984958,0.020968830251885867,6.385913854416992e-05,0.00017018049600281936,6.123805828294448e-05,0.0021102711271898966,0.00020502218178681167,1.1726669320877311e-05,2.519926116385391e-05,0.9409486006255816,0.00709312201827129,0.0008424364271580801,8.500540295328534e-05,0.0007646659274398982,0.00022693786002834585,1.3167539372566013e-05,0.00026751813922836404,5.809917510711379e-05,9.902720792311286e-05
52,5.57179971203899e-05,3.3243438875135816e-06,0.0030306006975940763,0.0009045898628391413,8.497201681114393e-05,0.004963368995138718,0.010797806436121665,0.01715642484165676,5.453149410212085e-05,0.00020846885537644026,4.045465483904908e-05,0.00103859410592861,0.000166191821843251,7.247755149040769e-06,2.185210193373153e-05,0.9547463584836198,0.004330195430707432,0.0009735277818722577,8.695974384204665e-05,0.0008166344300116455,0.00015373491761581102,9.231720997674438e-06,0.00024233799829314535,4.68564423287705e-05,6.0017070369794374e-05
53,7.7524426426164e-05,5.040151262952997e-06,0.00395612856475917,0.000890118800909025,0.0001578633897271873,0.004605157072130469,0.022798294361784304,0.017534647347645135,7.457956405609825e-05,0.00013583653945434477,6.062353874645891e-05,0.002266527128330939,0.0002117097661193808,1.0731248124728178e-05,2.2631130830735803e-05,0.9382296917630898,0.006554520093595002,0.0008522405603666247,8.199340641938247e-05,0.0007379371457466148,0.00025358522811291036,1.109982398210895e-05,0.00029926904509301196,6.751553773380438e-05,0.0001047343655537618
54,0.00014626884958973842,5.4268868597405045e-06,0.006165272423883261,0.001386946656775321,0.0002840120417465415,0.007376039208958096,0.02891814259410464,0.02534239009807094,8.397619338676611e-05,0.000178304217444635,0.0001211866387252746,0.0024106808541870884,0.00031994434774022747,1.2955452796134267e-05,2.3970355206801607e-05,0.9129958129418807,0.010022513618152271,0.0018828636739073223,0.00011805683085811474,0.001044587945797043,0.00046231472336667203,1.403099906748022e-05,0.0004991413178931926,8.990627410194565e-05,9.525485550000663e-05
55,3.8745404424950556e-05,6.257166372909033e-06,0.004888915733822541,0.0006967220786626069,5.658689143811236e-05,0.004111959830038022,0.005424330491003213,0.0226934394209532,2.9815920948924182e-05,0.0005201179178489503,3.4117491615941714e-05,0.0004026726909610722,0.0001295786611814248,1.2035449178031598e-05,2.3719201806591746e-05,0.9498879147830509,0.008677399722797338,0.0007022675823721167,0.0001023575158551154,0.0008926984943803852,0.00031061452805422,1.1190460676720464e-05,0.00024845069380168965,3.0140718398251443e-05,6.795115035663e-05
56,8.198878354138305e-05,5.381353178028643e-06,0.004308997448863634,0.0009199765675158239,0.00016056666577005173,0.004474026230558337,0.019111507356590222,0.01809942295993007,6.895115544585993e-05,0.0001558796020048639,6.472830998965049e-05,0.0021342405578338944,0.00022328526184901102,1.123344627582806e-05,2.2978254330217693e-05,0.9404816586727891,0.007173571129496722,0.0008867200310873748,8.518098073192252e-05,0.0007880785603647537,0.00026479587012970675,1.2080452936421734e-05,0.00029050912428316226,7.002566236838535e-05,0.00010421556213549235
57,5.63948878680222e-05,5.008306693192526e-06,0.0033100581318291637,0.0006238398390409863,0.0001147905637219848,0.0025078760518703184,0.015431928699003516,0.01448883019623745,4.5258626619121716e-05,0.00012066446179064955,4.8460796279609524e-05,0.0018655577251356756,0.0002074801068554456,9.124809710017395e-06,1.7064868981984038e-05,0.9527447048512722,0.006425902716608074,0.0006564191192531453,8.49804173797877e-05,0.0006345360836947772,0.000265117353326401,1.0512423340865956e-05,0.00018049183378519563,5.6835013666006126e-05,8.816211603649705e-05
58,7.772002992136142e-05,5.336143462195957e-06,0.00433447999694121,0.0009304041850871558,0.00018455978485532108,0.004390020015943146,0.01926756732277451,0.015575899643344894,7.453170528415447e-05,0.0001520421999750614,6.44781999614414e-05,0.0021278276251947234,0.00022915499982090139,1.1502624580779736e-05,2.3603025861716107e-05,0.942852928838807,0.007065459940497976,0.0008676115076646674,8.517840190139757e-05,0.0008741828079604187,0.00027706362717057527,1.1290777278384979e-05,0.00031919362090842705,8.598509346351725e-05,0.00011197788133897764
59,7.280610530475616e-05,5.247892226931307e-06,0.004649193721865142,0.0008724146514002497,0.0001695848700831307,0.0041817647775786474,0.017646840653146468,0.015237541593776011,6.986861742431361e-05,0.00016184350716537635,5.974435318449793e-05,0.0019641156375694575,0.00021740031559207076,1.1772575644107007e-05,2.1981417144974e-05,0.9450089055763964,0.007079931186774586,0.0008325533110817715,7.892945435365271e-05,0.0008745938239330869,0.000273411859045565,1.0540704624424123e-05,0.0003047695206950248,8.26771282224063e-05,0.00011156674576690289
60,7.774831986380003e-05,5.2365899514834665e-06,0.004221953950072833,0.0009241076973561889,0.00015718064542235617,0.0044646952274385214,0.018477173762325647,0.017693505040528284,6.766001907578534e-05,0.0001566596751333885,6.165972003237614e-05,0.0020346467384206356,0.00021160353361193192,1.0941437861440786e-05,2.2796541101439846e-05,0.941902109760755,0.007056374595197296,0.0008656826057069692,8.384869917237322e-05,0.000773715946817989,0.00025669873909878123,1.1474836942686343e-05,0.00029152001260628865,6.876743473157332e-05,0.00010223847077493914
61,8.06593947162066e-05,5.3158592798696525e-06,0.0050381390431040295,0.0008920437744276302,0.00018003701801323535,0.0044710620916548,0.018862044559800634,0.0161974882870912,7.463176751228258e-05,0.00016696423171794992,6.51169658548e-05,0.0020538711616125077,0.0002257402094301588,1.224654422525017e-05,2.2423751264890773e-05,0.9416017796848081,0.007371686475871634,0.0008896594391592086,8.253778761868972e-05,0.0008763775613480691,0.00029427650145247855,1.098664860012798e-05,0.0003225621782725797,8.635617662008531e-05,0.00011599288654344758
62,7.774831986380003e-05,5.2365899514834665e-06,0.004221953950072833,0.0009241076973561889,0.00015718064542235617,0.0044646952274385214,0.018477173762325647,0.017693505040528284,6.766001907578534e-05,0.0001566596751333885,6.165972003237614e-05,0.0020346467384206356,0.00021160353361193192,1.0941437861440786e-05,2.2796541101439846e-05,0.941902109760755,0.007056374595197296,0.0008656826057069692,8.384869917237322e-05,0.000773715946817989,0.00025669873909878123,1.1474836942686343e-05,0.00029152001260628865,6.876743473157332e-05,0.00010223847077493914
63,7.459484783859997e-05,5.556844333303585e-06,0.0040026617277378225,0.0009074402652836068,0.00014980026048496136,0.0042687473214034835,0.0177147522534698,0.017625925875805158,6.517655597745609e-05,0.00015811617830060467,5.948154283557648e-05,0.0020106159920234967,0.0002053673800142907,1.0820072710463179e-05,2.291321644709215e-05,0.9431999773021341,0.007155662060353248,0.0008238650678988267,8.629536199389051e-05,0.0007376340742243908,0.00025294395755543386,1.1756101493769346e-05,0.0002809394966559905,6.680024347460672e-05,0.00010215599955005243
64,7.93332490418484e-05,5.503846185742931e-06,0.004820182633760738,0.0008405267019181539,0.00017395861333320745,0.004088248988265161,0.02039607936223417,0.017201651870282556,6.791366193354709e-05,0.0001587392600903583,6.82591564970477e-05,0.0020445265445845576,0.0002286243911668147,1.2627040660976742e-05,2.1102389157738825e-05,0.9391316675387823,0.007912672703747951,0.0009624862462448214,9.355881268489806e-05,0.0008179126115386723,0.00035314490336841843,1.123638706387572e-05,0.00031855989121886005,7.909492436141976e-05,0.00011238827187613708
65,3.836404008985212e-05,5.691581830995126e-06,0.005376015301037198,0.0003644426770083708,9.658868087737216e-05,0.001984021025345978,0.011534787161363797,0.013164682777154954,8.842244547440422e-05,0.00019502018167352566,3.445747540206959e-05,0.001898022158404894,0.00020213587497595908,2.1462470550549923e-05,1.8139748478835704e-05,0.958551575591048,0.004216951505848327,0.00036630623061853685,4.0860638580647425e-05,0.0011856752428365779,0.0001885087088606535,1.2311615589864998e-05,0.00013762931754275496,8.537626389885514e-05,0.0001925512855070734
66,7.817913385623909e-05,5.582295514300385e-06,0.0040878236914561866,0.0010082894515275336,0.0001662193203835533,0.004923291530612783,0.019035890223534302,0.017737720734894945,7.322550177557297e-05,0.0001637811130314977,6.33270438197028e-05,0.0020880859999257073,0.0002011791356704495,1.1397717703071591e-05,2.496107411234316e-05,0.9403839402694687,0.007440695116504981,0.0008840117848432309,9.229002920003615e-05,0.0007386731057987818,0.0002666706663400274,1.1883873847653391e-05,0.00033099618344308615,7.259941014950034e-05,0.00010928559258615145
67,0.00012070859629137714,6.515341445887782e-06,0.002986239094059941,0.0011534492007827608,0.00018438846263444552,0.006383333348265728,0.026924403697773016,0.026752154246346325,0.00010855088393987179,0.00012845772420252318,8.285316278006913e-05,0.0036728614233730132,0.00020042758013203785,1.0254357314714324e-05,3.601945867663647e-05,0.9220993933175344,0.00719205335228448,0.0007270536221855034,0.00011404350358702904,0.00042289038439367936,0.00022019223075690888,2.2646497216157183e-05,0.00026105753528335803,6.31326606289805e-05,0.0001269203181110758
68,0.00014559016793501474,7.449994878586335e-06,0.0017926484109783837,0.0007251556297933609,8.282556155471003e-05,0.003056541177205711,0.018439320158769246,0.0556232051259157,2.606603971979547e-05,9.975575866191054e-05,0.00010909535212489453,0.0017495390513448822,0.0001895736113096639,5.328903959062316e-06,2.1563177885958584e-05,0.9044985434607807,0.01099308220630903,0.0012820614708536641,0.0002597595245296706,0.00022096239911454515,0.00043416756018808435,2.8534131014232898e-05,0.0001432907931952856,1.8824946997451283e-05,4.711538498038806e-05
69,3.9650613356121496e-05,3.5974750249674157e-06,0.005198212601307738,0.0004696501475034374,8.53009429210229e-05,0.0023551658333508326,0.013724598236582891,0.014144138985378214,4.527461524063605e-05,0.0001763275771195642,4.1368242709060573e-05,0.001204917776337464,0.00023366980203924135,1.4063568726186338e-05,1.1570392120609668e-05,0.9544026316243465,0.004670197344936839,0.001025773121690772,5.837853734427986e-05,0.0014498856633861415,0.00028996135271160757,6.580359737364177e-06,0.00021005735415939236,5.7085298384418403e-05,8.194253358485425e-05
70,4.7317752839527054e-05,3.740171104664072e-06,0.0024958527470729766,0.00038747586017366334,5.772344764039711e-05,0.0025296458911616857,0.011488271839687968,0.011508399111353828,3.5934769195373545e-05,0.00013183788578387444,3.522823464372244e-05,0.0010282674297509994,0.00013785809097427177,5.919139288461511e-06,1.2805360509596192e-05,0.9625896367740604,0.005663087681293532,0.0007351030293629591,0.00010970810572585861,0.00042874947940486387,0.0002530719151212522,8.119530668430817e-06,0.00018679744014111666,4.9438692227801904e-05,7.000962081273955e-05
71,4.47773553539521e-05,4.572095619094449e-06,0.004000292452680932,0.0006865521179943196,0.00016408731058920498,0.002881159679645509,0.019454726710492632,0.013702568765326741,6.552511062130471e-05,0.00013874668055795055,4.8327178429343986e-05,0.0016405124053167283,0.00020929099003628524,1.3429301359063341e-05,1.6899252871068325e-05,0.9484037872884896,0.005729007468375344,0.0008432025738756276,7.23154675549678e-05,0.0010974657468509536,0.00031845698306265065,8.070993914374638e-06,0.0002732531449341616,7.995300544711586e-05,0.00010301992060114514
