,0,1,2,3,4,5,6,7,8,9,10,11,12,13,14,15,16,17,18,19,20,21,22,23,24
0,6.855287297701417e-05,3.080694825120981e-06,4.562412936300482e-06,0.000568575803726994,0.00017044893651734048,0.002021171102307853,0.028147648012501664,0.006177323340076289,0.037845612757960057,0.01727118471919962,6.769210281951835e-06,1.3961573350012881e-06,0.000327070758359512,3.253264010958713e-05,4.903711947366056e-05,0.9033459745939949,0.0002712903391219821,2.2596107884543786e-05,0.0010881250029503387,0.001909237763977068,2.2606444209116122e-05,0.00013390056981982157,0.00048346186095803926,2.8063499616491677e-06,2.5034428534527136e-05
1,0.00011179135675746538,4.160951064697676e-05,2.0785892435528267e-05,0.005439824913487064,0.00046025218991315044,0.028845053955807578,0.5571515207620984,0.023862030757337855,0.0210249496123157,0.015982651002461733,3.954182786279397e-05,0.00013765745863871955,0.0021049111768953513,0.004145337818652933,0.0007288215574751582,0.239352905068411,0.006424368451192258,0.0010787761046798007,0.0016040425506899613,0.03747263887650757,0.0034599042692687126,0.006749025396836011,0.03964688765665779,5.054741210014957e-06,0.004109657091760449
2,8.553332462089887e-05,3.5176354847145015e-06,5.73235332238624e-06,0.0006206077904360297,0.00022431231261518008,0.0019650402358898766,0.034090661758639534,0.007866625034590683,0.05100732618909122,0.02182694783960072,7.050071867519917e-06,1.3997692099380324e-06,0.0003361992285099205,4.022208702833667e-05,5.927859624449176e-05,0.8768205473766642,0.00027399589374568225,2.655467943386894e-05,0.0013299878511277784,0.0025756848520282105,2.499673439689326e-05,0.00019400855185071372,0.0005745109208455718,3.504361591939635e-06,3.575455116386748e-05
3,7.123797507693698e-05,3.2413597582681185e-06,4.596530273429315e-06,0.0006020839273133951,0.00017623443787989109,0.001961770050004872,0.02895851716324758,0.0065156412452791685,0.041704986090150574,0.01720915575151452,6.851501329316127e-06,1.4016619877746234e-06,0.0003358000872547839,3.343420188890084e-05,4.9367650183047664e-05,0.8984764526625836,0.0002909771920657452,2.2671439123936815e-05,0.001076646498493449,0.0018146639934018146,2.2012373314652556e-05,0.00013879744411745624,0.0004942588650999133,2.8795527442458344e-06,2.63203459128686e-05
4,7.128150474508339e-05,3.544097021643591e-06,4.44191278602946e-06,0.0006189493424330737,0.00018209475389039986,0.0019792799964469684,0.028317266996454,0.006373706845421275,0.04188286651211406,0.01614121479309472,7.55443763990514e-06,1.593874929682704e-06,0.00038218506779631327,3.4897108378515805e-05,4.780855388067486e-05,0.9000933951366851,0.0003093039408320902,2.3206225899553777e-05,0.0010794913089946995,0.0017513420947199141,2.2324197055729937e-05,0.00013303795279668846,0.0005102444704444078,2.8333746592471726e-06,2.613550088023073e-05
5,7.651063003349851e-05,2.7053217247394083e-06,4.5611412837700455e-06,0.0006629739108074756,0.00015901740297745662,0.0018066137927235718,0.028777478172394403,0.006645776760636676,0.04096786394088777,0.018852389243604176,6.340960506837536e-06,1.3917351493954755e-06,0.0003198138142017758,3.543736401981308e-05,4.2494074216131664e-05,0.8975570051122985,0.0003076369261035633,2.8890068099119344e-05,0.0009346729468486293,0.0021081781898582845,2.178419580441401e-05,0.00013948466893758037,0.0005091970708942543,3.3086637227045867e-06,2.8473892265396768e-05
6,7.123797507693698e-05,3.2413597582681185e-06,4.596530273429315e-06,0.0006020839273133951,0.00017623443787989109,0.001961770050004872,0.02895851716324758,0.0065156412452791685,0.041704986090150574,0.01720915575151452,6.851501329316127e-06,1.4016619877746234e-06,0.0003358000872547839,3.343420188890084e-05,4.9367650183047664e-05,0.8984764526625836,0.0002909771920657452,2.2671439123936815e-05,0.001076646498493449,0.0018146639934018146,2.2012373314652556e-05,0.00013879744411745624,0.0004942588650999133,2.8795527442458344e-06,2.63203459128686e-05
7,6.992301384639441e-05,3.193165521649783e-06,4.491664526622435e-06,0.0005998453729294632,0.00017468325806572983,0.0019728512296476246,0.028847328368957433,0.006360564259814551,0.04167871805535276,0.017324402407557674,6.7213049385500465e-06,1.3920704625586326e-06,0.00032489492686147336,3.3875113747248826e-05,4.902451531909996e-05,0.8986807343792438,0.0002896804918744019,2.273783025695114e-05,0.0010525144158451568,0.0018146650121073572,2.2020232577116755e-05,0.00013903466198882707,0.0004970421309970858,2.8868985619520604e-06,2.6775218998486416e-05
8,9.310524035696737e-05,3.6950486311172413e-06,6.658016005706338e-06,0.0008210356534696484,0.00021604664183660625,0.0020728651759015066,0.03561174397186747,0.007454891433799291,0.06427289559434568,0.029714013683115624,7.783566559553353e-06,1.234364667423861e-06,0.0002881127870555459,5.388554653443986e-05,7.234511196717194e-05,0.8544290263521048,0.0003288987607642948,2.9237015739767255e-05,0.0010694880962822204,0.0024918474480374753,2.749038289500499e-05,0.00024629006954281755,0.0006340697871820846,6.269789214156755e-06,4.70704621237642e-05
9,8.215870244544152e-05,2.735799730012972e-06,6.889951510538913e-06,0.000819375161894163,0.00017671055497402846,0.0019757000885663807,0.02455883651540925,0.00764226045254511,0.0450632054398109,0.024055940170430386,7.4688995470325726e-06,1.1598526056639299e-06,0.0003209478803427802,3.950458006632906e-05,5.398918221348345e-05,0.8907342907065489,0.0003247605951114794,2.4971861356467857e-05,0.0010310682595710216,0.0023236110166396456,2.472031511938734e-05,0.00017025064559309132,0.0005297606541900418,4.790892999447688e-06,2.489182077910206e-05
10,7.123797507693698e-05,3.2413597582681185e-06,4.596530273429315e-06,0.0006020839273133951,0.00017623443787989109,0.001961770050004872,0.02895851716324758,0.0065156412452791685,0.041704986090150574,0.01720915575151452,6.851501329316127e-06,1.4016619877746234e-06,0.0003358000872547839,3.343420188890084e-05,4.9367650183047664e-05,0.8984764526625836,0.0002909771920657452,2.2671439123936815e-05,0.001076646498493449,0.0018146639934018146,2.2012373314652556e-05,0.00013879744411745624,0.0004942588650999133,2.8795527442458344e-06,2.63203459128686e-05
11,7.079181539059846e-05,3.3269629182369583e-06,4.570144215440024e-06,0.000606803935538858,0.00017558818117849968,0.0019489203049412509,0.02846818214608628,0.006606001781229805,0.04071874069324353,0.016306078409166792,7.035426318909204e-06,1.465368909012102e-06,0.00035875447228418683,3.278102134259505e-05,4.8591736326040806e-05,0.9008208745299912,0.00029859084109487506,2.252308214205964e-05,0.0010759288143338767,0.001754311192596121,2.1544260048326645e-05,0.00013304476224961008,0.0004876496392834601,2.7733563938044294e-06,2.5127122776531714e-05
12,8.10495820299282e-05,2.169732229101167e-06,4.884534429417186e-06,0.0005687917780938194,7.881487987831155e-05,0.0013455593678707563,0.024538252412712805,0.010924358920326612,0.03395217852008057,0.01977343440493346,6.744677898559339e-06,8.405551037929809e-07,0.00030424897256873975,1.615882526257169e-05,6.00083300278588e-05,0.9051364938886273,0.00034204737749694966,1.2947317634748466e-05,0.0012571015986661985,0.0010910446006381679,1.9356799026359717e-05,0.00017174483066441056,0.00029808980451546133,2.819654073594397e-06,1.0858635210515001e-05
13,6.88405333684531e-05,2.482596902060968e-06,4.726287669355915e-06,0.000509942367218218,0.0001600782024054537,0.0018746812345181187,0.033446932307037755,0.006395044649964655,0.041319892957040694,0.023062781563056692,3.844122343155426e-06,1.0290038059480801e-06,0.00021291226807438243,3.269857538631464e-05,4.4794564908515424e-05,0.8887390068603063,0.00023750176312900214,2.7060735777393055e-05,0.0009203736624495449,0.0023166142432826907,1.8938503659993957e-05,0.00015835910390961093,0.0004036759413876158,2.7011392629350297e-06,3.508681313505391e-05
14,6.126529525287303e-05,5.741597385085856e-06,3.869772797284579e-06,0.00036479353177227734,0.0002387033768641328,0.002680121352566397,0.025737569870663692,0.004286515272440871,0.0238266380132665,0.010511569702991101,9.222948730656974e-06,2.39311119565798e-06,0.0004918698963169789,2.954585251037221e-05,4.651134313788973e-05,0.9278450162439406,0.0001926731276584171,1.7223034778509314e-05,0.0017895877388445986,0.001339055162294273,2.548061824232658e-05,8.526439242177039e-05,0.0003904013526603922,1.4030940763532518e-06,1.7564297190962828e-05
15,7.123797507693698e-05,3.2413597582681185e-06,4.596530273429315e-06,0.0006020839273133951,0.00017623443787989109,0.001961770050004872,0.02895851716324758,0.0065156412452791685,0.041704986090150574,0.01720915575151452,6.851501329316127e-06,1.4016619877746234e-06,0.0003358000872547839,3.343420188890084e-05,4.9367650183047664e-05,0.8984764526625836,0.0002909771920657452,2.2671439123936815e-05,0.001076646498493449,0.0018146639934018146,2.2012373314652556e-05,0.00013879744411745624,0.0004942588650999133,2.8795527442458344e-06,2.63203459128686e-05
16,7.883186087146116e-05,4.115368780723693e-06,6.079327345213775e-06,0.0006475239323687196,0.00022491665691024593,0.0021665498544207592,0.028453090489582156,0.007608022151382633,0.05254789942329833,0.015086907169569485,8.041957848912287e-06,1.3157383009170798e-06,0.00042017618535187764,3.180338809052246e-05,5.81408919070156e-05,0.8887031203207403,0.0003083461729794671,1.858190295339576e-05,0.001272901869085169,0.001677842267506205,1.7996010308612134e-05,0.0001348986328176382,0.0004968277428311926,3.05431924096211e-06,2.301636550817068e-05
17,7.645845898378023e-05,3.3204518445210354e-06,4.46982133770512e-06,0.0006086405430199416,0.00017571696046080718,0.0018682091040047215,0.02991254638736814,0.006917016203024343,0.041923928165184185,0.01713640215108358,6.808369086739409e-06,1.6113341867118974e-06,0.00036030800570393775,3.54829484011548e-05,4.5989760259922375e-05,0.8967920669786097,0.0003134620630343784,2.6579338637515596e-05,0.0011021355706072712,0.0019544216573511384,2.3304555865031656e-05,0.00014619724349959363,0.0005322075573046213,2.8166176304884247e-06,2.98997535100303e-05
18,8.228847838712148e-05,3.6977213823090413e-06,4.098704440909262e-06,0.0005849219569806546,0.00015523561116893923,0.0020988000323520313,0.032480042152397706,0.006399927794746244,0.04713344471472334,0.020059626608225183,6.740481502786199e-06,1.8125472091511042e-06,0.0003437198062349283,4.177450528870692e-05,4.6287918813847576e-05,0.8861855597038875,0.0003805809683099036,3.177689290162158e-05,0.0010524989770349276,0.0020870139368072784,2.4677203042256214e-05,0.000176477504862009,0.0005757402707059718,3.206354837521342e-06,4.004915375689208e-05
19,7.307477083826016e-05,3.554955439635482e-06,5.131539977878232e-06,0.0006833785319927453,0.000218064591042377,0.0018193938804917655,0.032629630858409905,0.008063941670687459,0.04434486759902932,0.015450840594693293,7.349524317896378e-06,1.5772799891771737e-06,0.00041064467214674976,3.3942477672905294e-05,5.305129999578605e-05,0.8920999790476107,0.0002891379872937043,2.2916200708749553e-05,0.0011815090256368857,0.001907959099146623,2.239905357410294e-05,0.00014374071105230588,0.0005056023439095488,2.7062809473623732e-06,2.5606003394909925e-05
20,6.810393326658765e-05,3.81225012917564e-06,5.63091801891905e-06,0.0006952649998976743,0.00020048316274512713,0.0022955484939133526,0.038420171794145724,0.008618100502495249,0.043745508155888714,0.01887118886960661,8.715838254590612e-06,1.4497182784147254e-06,0.00034797961148899106,3.7607050628529615e-05,9.079378857855331e-05,0.8819757880678223,0.00030353083420438313,1.8863275260801723e-05,0.0013675991474757724,0.002024158519080709,3.2550069148572514e-05,0.00021416056464248912,0.0006204445778816017,3.3168988287869867e-06,2.922895831837907e-05
21,7.199479350418012e-05,3.212387055059411e-06,4.380461601102673e-06,0.0005866967204921251,0.00018467276642617771,0.001876346206512307,0.026377444314802004,0.005751808391083403,0.03929769017175236,0.018621495187306263,7.175897439764372e-06,1.4912161335315796e-06,0.0003278620016076864,3.559670872840712e-05,4.448689999535996e-05,0.9028898044874513,0.0002688466121385566,2.4132843541728654e-05,0.001080248564650291,0.0018731143475916073,2.4119762077161898e-05,0.00013423431010409605,0.0004837537270482218,2.972778581078661e-06,2.641844237621904e-05
22,6.976645174748768e-05,3.7766772634498583e-06,4.614391804612891e-06,0.0005670445984851235,0.00021185888138679123,0.0020415478481624716,0.03310260191395907,0.006617341683740591,0.046035090682047884,0.016018802290537464,6.986790272151446e-06,1.432296332642473e-06,0.0003517652408996175,3.463068906243475e-05,5.634256323359495e-05,0.8908488922451852,0.00026091003237203956,2.1484315132837143e-05,0.0011767006927808161,0.0018446590504162766,2.1535676587026584e-05,0.00014225594594507418,0.0005270869082564801,2.7080834230464573e-06,3.016405096579358e-05
23,7.123797507693698e-05,3.2413597582681185e-06,4.596530273429315e-06,0.0006020839273133951,0.00017623443787989109,0.001961770050004872,0.02895851716324758,0.0065156412452791685,0.041704986090150574,0.01720915575151452,6.851501329316127e-06,1.4016619877746234e-06,0.0003358000872547839,3.343420188890084e-05,4.9367650183047664e-05,0.8984764526625836,0.0002909771920657452,2.2671439123936815e-05,0.001076646498493449,0.0018146639934018146,2.2012373314652556e-05,0.00013879744411745624,0.0004942588650999133,2.8795527442458344e-06,2.63203459128686e-05
24,5.989504466603873e-05,2.9156054940588213e-06,3.8770933640677065e-06,0.0006458359131011511,0.00020100425996955488,0.0016617726364507753,0.024891633897492778,0.005684307460019004,0.037668844622999464,0.014017505206827763,6.5569940049279525e-06,1.4310402954653945e-06,0.00035134839964250184,3.4142456444204854e-05,3.866693492941407e-05,0.9113555877188696,0.00024821382059108597,2.227527877162554e-05,0.0008763728665308065,0.0016217037415200604,1.8545444387180225e-05,0.00010018655471145345,0.0004623465142928871,2.497351833084293e-06,2.253314279095084e-05
25,7.346916636676044e-05,2.3704281566541295e-06,4.698379860641666e-06,0.000707546620401106,0.00015930772652111827,0.0013801001194710316,0.02821595441703137,0.009295381126910949,0.03353279587922782,0.014923351176969852,7.0866898243803404e-06,1.2828175632860213e-06,0.000393166223623145,2.58306779885756e-05,4.5423116767048154e-05,0.9074032173000798,0.00027098906344074784,2.161194592971493e-05,0.0011340297939711832,0.0017700167951259086,2.2432634831705482e-05,0.00012391790993918143,0.00046585088968394687,2.482657699734395e-06,1.7686442614359067e-05
26,8.459777007787208e-05,3.5578379872594613e-06,5.514800434387502e-06,0.0007143697083251967,0.00020268707678848004,0.0020784894932077444,0.028042353570498363,0.0069155891010830835,0.0604510372445276,0.016122099575543947,7.85056952495357e-06,1.3201461132873876e-06,0.000371394243976371,3.5266895274697595e-05,5.06343987397813e-05,0.88086515422686,0.00034935131168010113,2.4490373323989992e-05,0.0009641188332505464,0.0019113163551692047,1.82131397454916e-05,0.0001406192663486202,0.0006062510605624814,4.209744589728907e-06,2.951325636663524e-05
27,7.431658796431786e-05,3.7535123453556907e-06,4.9582188427945175e-06,0.0006397501699922653,0.00019487710369091378,0.002171234972980659,0.03495518801681985,0.006911540439131172,0.0544022828632711,0.020450989228592283,7.585434213559669e-06,1.3722719140016396e-06,0.00032801719058430805,3.988388744459492e-05,6.535908013429641e-05,0.8754325456008751,0.00031212744922772467,2.2671974309171452e-05,0.0011074983725827693,0.002055308394165708,2.3545655496572578e-05,0.00018995743361236632,0.0005675081532213595,3.753888790583524e-06,3.39740997970284e-05
28,7.123797507693698e-05,3.2413597582681185e-06,4.596530273429315e-06,0.0006020839273133951,0.00017623443787989109,0.001961770050004872,0.02895851716324758,0.0065156412452791685,0.041704986090150574,0.01720915575151452,6.851501329316127e-06,1.4016619877746234e-06,0.0003358000872547839,3.343420188890084e-05,4.9367650183047664e-05,0.8984764526625836,0.0002909771920657452,2.2671439123936815e-05,0.001076646498493449,0.0018146639934018146,2.2012373314652556e-05,0.00013879744411745624,0.0004942588650999133,2.8795527442458344e-06,2.63203459128686e-05
29,7.123797507693698e-05,3.2413597582681185e-06,4.596530273429315e-06,0.0006020839273133951,0.00017623443787989109,0.001961770050004872,0.02895851716324758,0.0065156412452791685,0.041704986090150574,0.01720915575151452,6.851501329316127e-06,1.4016619877746234e-06,0.0003358000872547839,3.343420188890084e-05,4.9367650183047664e-05,0.8984764526625836,0.0002909771920657452,2.2671439123936815e-05,0.001076646498493449,0.0018146639934018146,2.2012373314652556e-05,0.00013879744411745624,0.0004942588650999133,2.8795527442458344e-06,2.63203459128686e-05
30,7.123797507693698e-05,3.2413597582681185e-06,4.596530273429315e-06,0.0006020839273133951,0.00017623443787989109,0.001961770050004872,0.02895851716324758,0.0065156412452791685,0.041704986090150574,0.01720915575151452,6.851501329316127e-06,1.4016619877746234e-06,0.0003358000872547839,3.343420188890084e-05,4.9367650183047664e-05,0.8984764526625836,0.0002909771920657452,2.2671439123936815e-05,0.001076646498493449,0.0018146639934018146,2.2012373314652556e-05,0.00013879744411745624,0.0004942588650999133,2.8795527442458344e-06,2.63203459128686e-05
31,8.38835377382298e-05,3.288206337160308e-06,5.2231628398291e-06,0.0006174277099562903,0.00018535038838764605,0.0018040937626152324,0.029671609086870495,0.007828709303396858,0.041219347621476395,0.016994048692737088,6.708749571839862e-06,1.5049752658225678e-06,0.0003762589697075699,3.226073218234232e-05,4.6444110881860827e-05,0.8968901753834663,0.0002984944706016566,2.6027452535761634e-05,0.0012273422708027795,0.001981481539126606,2.2653814829329154e-05,0.00014330714136208208,0.000504161138607151,2.7818065481717523e-06,2.7415972155432518e-05
32,7.317584066595642e-05,3.376109214365177e-06,4.757097270966315e-06,0.0005842007083564156,0.00018493269209493077,0.001959719192300248,0.029122093488196513,0.006733255849915962,0.040450415840042296,0.016999113940169903,7.071839547998036e-06,1.4729014848088595e-06,0.00034499377984451956,3.338067108872656e-05,5.151547419508981e-05,0.8993895670324417,0.00028430946480257973,2.2609826321917907e-05,0.0011924118348836722,0.0018595209117800396,2.3080771734804804e-05,0.000143092639131501,0.0005026346354043877,2.774940934030722e-06,2.6522518176792068e-05
33,6.825520043785277e-05,2.9769071864509017e-06,3.7528119129655908e-06,0.000564240947408376,0.00014183704883683474,0.001730508618434463,0.026836455133322883,0.006416241891000008,0.03801338603893324,0.015415008071301545,6.096283775567688e-06,1.5253533279362245e-06,0.0003602934180074721,3.0192214303682928e-05,3.8390195115660584e-05,0.9068890811950183,0.00032306925095007896,2.3803385994967023e-05,0.0009465982680589351,0.001600274305528082,1.8276365639256908e-05,0.00012177920437359003,0.00042273917196004743,2.359912594042325e-06,2.285880657757664e-05
34,0.00014234826805403702,6.010854693662663e-06,7.025439044191309e-06,0.0005791239113559315,0.00028859598072810967,0.001804946011451361,0.030690636314526547,0.008841611718965128,0.061083749743737675,0.01970791666673909,1.1207722377244535e-05,1.995683936822483e-06,0.0005255984698635833,3.724534291598501e-05,5.956233071580851e-05,0.8707249222520431,0.00031225771084828386,2.706630849772047e-05,0.0023398333808779272,0.001968114555256841,2.7016456819835994e-05,0.00019447322468391673,0.0005789039369266798,3.779129829896328e-06,3.6058585110427366e-05
35,0.00016247128209044234,2.7628380707135332e-06,4.101134009770707e-06,0.0005112758793420088,0.00010682398427299037,0.0009070893563478889,0.025498484760356308,0.010876490697301028,0.04590255782283841,0.01900823181683226,4.469893960168122e-06,1.6648749727110733e-06,0.0004079440037567027,1.961219024266734e-05,1.879851415687983e-05,0.8929845680954585,0.0003974334173470469,4.502918975033756e-05,0.0011792283884957022,0.001509635766672731,1.4297296042368949e-05,0.0001271737836704706,0.0002840723846615468,2.1935587272517237e-06,2.358907062331333e-05
36,6.050054910703647e-05,2.6309259621408853e-06,3.209155595238476e-06,0.000567191049840792,0.00011725937149238694,0.00165861762253131,0.025872710092867564,0.006780146817137987,0.03894422436214827,0.013017567422655552,5.41072727435409e-06,1.3742084396517717e-06,0.00033446827225835137,2.6456013839899132e-05,3.7441143494324194e-05,0.9094945648624507,0.00035389508018197164,2.0717787030290977e-05,0.000793797202984083,0.0013330828231340104,1.5413008362992658e-05,0.000116465002727154,0.0004205668565742908,2.156510280324285e-06,2.0133131629297375e-05
37,0.00010194713024840766,2.8058799772379e-06,5.773054180802208e-06,0.0007237335484118298,0.00016516000365749553,0.0016237183608682668,0.028032714866260078,0.007544442366800194,0.04111979234082839,0.020714340937921013,7.5658788177949036e-06,1.4453165197166134e-06,0.00035662404902463233,3.524574629790966e-05,4.444550985966067e-05,0.8951416098816638,0.00032895862152380493,3.250294577920025e-05,0.0011374618283037708,0.002167083958392943,2.33764366425759e-05,0.00015145274740169416,0.0005052105003908065,4.190369226938564e-06,2.8397721000829372e-05
38,9.386944047033582e-05,4.0958652683394195e-06,5.6510688088928205e-06,0.0007239992704187864,0.00022642310403866157,0.0019214896064338343,0.03217761614771234,0.007706195711326506,0.062154969217164555,0.022457318602412187,7.689752037933848e-06,1.6088835197640028e-06,0.0003793119558719802,4.4117482819829694e-05,5.1530761930337484e-05,0.8674369013627214,0.00034704511934193687,2.9163350911529992e-05,0.00118925664549466,0.00222078129967156,2.4435412157370393e-05,0.00019032642022496604,0.0005645184996438256,3.9443529743129e-06,3.774066662429309e-05
39,0.00024561124301181246,2.28628696245284e-05,7.2017531065156095e-06,0.0005074624573096979,0.0007692496438976153,0.0018708398647262093,0.009703196512169408,0.0009083345655442055,0.4421684936402042,0.07822708220469436,1.7263750872151976e-05,1.9433535844782908e-06,0.0003190518184474998,0.00015319531885074535,1.8249904572648188e-05,0.4622441434840107,0.00026446179766656205,4.181752894021869e-05,0.0007481054506051331,0.0014198931740655554,6.89773331852455e-06,0.00012007251483799529,0.00014431523690188011,2.3086997276394084e-05,4.716718176098162e-05
40,9.604641278255633e-05,6.536724231597889e-06,9.404012339890455e-06,0.0006442049735961145,0.00034923477850348566,0.003050532674849152,0.03352910736459108,0.007272602815372033,0.04433374249378845,0.02013606528629407,9.784915102753726e-06,2.3014163023954926e-06,0.000453169991988378,5.0438648654438634e-05,7.84786118457291e-05,0.8842307890384261,0.0002946526388587959,2.5951978122532113e-05,0.0020917757775744863,0.0024987360755477626,3.5227654590029594e-05,0.00020667667353092603,0.0005554879364916345,3.540934447285923e-06,3.551017216829535e-05
41,0.00018921740663349984,1.7914249538724809e-06,5.355798289016621e-06,0.0004784642671860551,7.09323136481691e-05,0.0017729247441878853,0.0748478818838371,0.013036569077432062,0.017451120246741413,0.03925039443218051,8.097558939333969e-06,4.025159736301235e-06,0.0002921279613077953,5.820596664410895e-05,8.869827089166379e-05,0.83626778442469,0.0004757003168343832,0.00011884325660139408,0.0038197617731777255,0.009495691863919882,0.00011584920572585155,0.0007893192836535567,0.0012370429594265931,5.112043939429839e-06,0.0001190883594223927
42,7.653947477582847e-05,3.9214613742055515e-06,1.7039902209145798e-06,0.0008699462816216883,0.00020218479482926163,0.003633928040501943,0.03154514949339945,0.0010494665956698418,0.07155357696763735,0.014622765201657827,6.688166122779714e-06,1.4241204172822268e-06,0.00024379762737970485,0.000102464301297445,1.8201912290669912e-05,0.8724100192120178,0.00036204889311239574,8.98818557922376e-05,0.00015180546076004484,0.0018389329660642272,1.0271549301371997e-05,2.9248903903303503e-05,0.0010673843170042197,5.757610175215458e-06,0.00010289080267326421
43,0.0001342873934543911,1.0232400900126697e-05,5.047589596579201e-06,0.0007099198998289312,0.0002494033812470117,0.002183936457780596,0.050934768086795514,0.012507759114562254,0.03330537014069579,0.003082399983504611,1.0090884534280992e-05,6.9316424142675216e-06,0.0014267088514683984,3.077340642886069e-05,4.193854741025019e-05,0.8909140726526209,0.0006154866581121963,4.265333911886199e-05,0.001912147207423458,0.0009581624920032365,2.027383177157829e-05,7.941887542493409e-05,0.0007846061369707439,1.127553867567897e-06,3.248347206452159e-05
44,7.123797507693698e-05,3.2413597582681185e-06,4.596530273429315e-06,0.0006020839273133951,0.00017623443787989109,0.001961770050004872,0.02895851716324758,0.0065156412452791685,0.041704986090150574,0.01720915575151452,6.851501329316127e-06,1.4016619877746234e-06,0.0003358000872547839,3.343420188890084e-05,4.9367650183047664e-05,0.8984764526625836,0.0002909771920657452,2.2671439123936815e-05,0.001076646498493449,0.0018146639934018146,2.2012373314652556e-05,0.00013879744411745624,0.0004942588650999133,2.8795527442458344e-06,2.63203459128686e-05
45,0.00024344634909246037,1.1675500949846752e-05,5.6250726924155774e-06,0.0007271198600341034,0.00039799006491925246,0.002747121148078496,0.028606694893149372,0.004228103272351124,0.1197665457159079,0.039510131692006144,1.3135414181756833e-05,5.4909126676800765e-06,0.0005176656753777054,0.0001452893987695765,3.2859669300124646e-05,0.79499458319985,0.0006989938344740832,0.00011879925468741291,0.001386213697431788,0.004039554463371472,4.650918982226421e-05,0.00027068251257684713,0.0012971712076154476,7.064228012700692e-06,0.0001815337726802025
46,6.62714109855671e-05,2.8040054352090114e-06,4.218264226890294e-06,0.0006397504598091701,0.00013517233648626414,0.0019716919281713647,0.025255074410429616,0.006494011196530839,0.037053301279523304,0.015273905299816568,6.634797371615361e-06,1.3821065639756001e-06,0.0003380712929064247,2.978162975419287e-05,4.3737440800598535e-05,0.9092033975958668,0.00034699702427206725,2.1979779031050732e-05,0.0008893170543101826,0.0015799617310196374,2.033079000686092e-05,0.00012313458010839644,0.0004751844107016682,2.791088950278275e-06,2.1098086921331457e-05
47,8.47943412677865e-05,3.682509069856297e-06,4.664948608515504e-06,0.000540931600375398,0.0001694130259637289,0.0018682625778668192,0.031104705727998377,0.007241879906715738,0.043955951734247406,0.01855077190531173,6.927481552780046e-06,1.6438834140632486e-06,0.0003597772740671338,3.2906189581777095e-05,4.998726698550892e-05,0.8918132718644366,0.0003204391494575201,2.5529607298587763e-05,0.0012749536618085278,0.0018893064739780683,2.3028783860598094e-05,0.0001671615596196911,0.00047740246886338885,2.8076890096544254e-06,2.9798368640548424e-05
48,6.390578564948018e-05,3.561208911916372e-06,4.331224482855921e-06,0.000540785908560559,9.816124636312348e-05,0.0023294995155188508,0.025730808837388867,0.008859072031187023,0.025411913663351313,0.008068206635513808,6.538761240511004e-06,1.594790239105808e-06,0.0005080673786703577,1.664343315910042e-05,4.46500827242194e-05,0.9253636684816061,0.0004261813725249518,1.4725366524944825e-05,0.0011664428509996346,0.0008814894795111602,1.66393459161944e-05,8.501938201750175e-05,0.0003460905522956126,1.3749693045823665e-06,1.0627696337790177e-05
49,7.727150665371468e-05,4.0613688556634445e-06,6.367171792630441e-06,0.0006533131026833834,0.00020016424606422652,0.0025853104197302995,0.031055108700143254,0.006933095595474379,0.041130688251712864,0.019692023016020098,7.913195578355828e-06,1.8458256763043194e-06,0.0003826242378928969,4.1736274742220885e-05,6.139564335273508e-05,0.8923752214075228,0.0003421597215321154,2.588504461324248e-05,0.0013136866191085523,0.002331430883039083,2.8967556433659825e-05,0.00018158994135970862,0.0005351418559833729,3.3799174018037457e-06,2.961849663254705e-05
50,7.276570277319542e-05,3.2530123044875024e-06,4.610280037298354e-06,0.0005979085143257229,0.0001771436260910794,0.0019271289964901002,0.029836720496811357,0.006633806751303901,0.04232179305264553,0.017758303205189566,6.782736359051058e-06,1.3914143583674204e-06,0.0003339054349104272,3.362957093268768e-05,4.981051066221555e-05,0.8962993613535236,0.0002881632320024894,2.3065092742872884e-05,0.0010971638874193957,0.0018463520944063346,2.214060506328736e-05,0.00014301685718027632,0.0004916339643803782,2.8950550604250344e-06,2.7254553026048902e-05
51,6.494839706175623e-05,4.806608707685047e-06,5.129156511709557e-06,0.0009989885486343065,0.00022009942545389853,0.0018472015309355765,0.029079291040601855,0.007392565228418628,0.07006223571049364,0.018917737313020502,8.208554611242113e-06,1.2242207434144488e-06,0.0004227597276480319,3.444501622923442e-05,5.043869715430321e-05,0.868315163084588,0.00035179681956126003,1.5571764636326773e-05,0.0007230755904427523,0.0009929545461636463,1.830938203004015e-05,0.00012607964214113605,0.00032639836716826475,3.4166974095108075e-06,1.7154929633266497e-05
52,7.093723872041811e-05,3.0519208553500668e-06,4.501602443829703e-06,0.0005988494905616217,0.00016881039058070271,0.0019173870268587674,0.027727684198878177,0.006268986910291006,0.04028934854022212,0.017355159084627744,6.703239526937294e-06,1.3638945809970302e-06,0.00032786706042363297,3.273785044154516e-05,4.631654064446175e-05,0.9013735852634471,0.00028685661936554067,2.3046632343686432e-05,0.0010298700315917119,0.001810207241030841,2.1202698366926843e-05,0.00013229308095395734,0.0004752408639360211,2.907238987871894e-06,2.5085340318927794e-05
53,7.681439938641257e-05,3.4636281372487995e-06,5.084258590529687e-06,0.0006123162966899198,0.00018485388278992256,0.0020266273815012213,0.026807704417215833,0.006588745647447031,0.04180276819657489,0.01788197423898031,7.226007445432056e-06,1.4964161502439426e-06,0.00035298880465360556,3.442710865521159e-05,4.826284156646162e-05,0.8995414838276427,0.00030452296512928286,2.325792783476604e-05,0.0011678600968642804,0.0018427651474019885,2.3229482813393545e-05,0.00014283590353951196,0.0004905563140406425,2.9913460000144153e-06,2.57434629493611e-05
54,8.486661216212387e-05,2.0769002238927753e-06,1.2835863291907678e-05,0.0012821242127783808,0.000227882194346259,0.0022631177491662467,0.022119516063675577,0.012734704199954552,0.031845010848245876,0.01607841656499619,1.1005145751608896e-05,1.1682390407531909e-06,0.0005229308678427136,3.0423907676709995e-05,6.460191256217802e-05,0.9068345089150659,0.0003239048825321413,2.0620596393012553e-05,0.0015125741186832505,0.0031236187980635843,3.432521104815331e-05,0.00014198513097363866,0.0007103251257429556,4.666764980100521e-06,1.2789174802332411e-05
55,5.288725908502516e-05,1.8957730856904657e-06,6.208849331976027e-06,0.0007595188682862883,0.00013263426829942734,0.002499050503735817,0.022722669026245722,0.0072718223886564844,0.027284693816998887,0.019179744328443066,6.761966949053181e-06,7.365315780378842e-07,0.00025480494193930837,2.930710457858402e-05,6.895615802065857e-05,0.9158379124424568,0.00026730351606507315,1.4216770465050379e-05,0.0009778521450498556,0.0019312602957514465,2.4917737377671484e-05,0.00013697053068507763,0.0005194392688972785,3.3860576158762668e-06,1.5049450402066652e-05
56,7.278518688101137e-05,3.43109617252472e-06,4.60863420805908e-06,0.0006073609370499441,0.00017992886327403387,0.001951228188902119,0.02881883756754422,0.0065640397309004615,0.04205665410584738,0.016575248029428936,7.20727521584942e-06,1.4945338670664775e-06,0.0003641886505717841,3.352714567437038e-05,4.8757792358541505e-05,0.8988419831010638,0.00029937091099635905,2.3034620393709482e-05,0.0010923930908308802,0.001776713815946414,2.1664375945114193e-05,0.00013497939217244734,0.0004917949964125283,2.857786069858395e-06,2.5910172272819624e-05
57,9.159066626674552e-05,4.3505625649900355e-06,6.3765118738278875e-06,0.0005367153335912508,0.00024212885148432116,0.001967876553649111,0.028997352950939814,0.008643069587796535,0.035231845207695255,0.016286273421155236,8.166162226461422e-06,2.2844624512828067e-06,0.0004391279725743981,3.3677670775534716e-05,5.630996442503498e-05,0.9020496681025341,0.0002898198441757922,2.4692709755947706e-05,0.0021206777041335918,0.0021998142026290308,3.276331728291128e-05,0.0001849874467828753,0.000521506385393355,2.321260258196212e-06,2.6603147584466077e-05
58,7.448686541579066e-05,3.339734135811399e-06,4.883475857348879e-06,0.0006261761286595572,0.0001781715814831622,0.0020077133151641382,0.02864379767598829,0.006358243479367481,0.04302929867838204,0.017967349439478603,7.425331128807409e-06,1.4139178920428078e-06,0.00034062425275790064,3.467275042745857e-05,5.188449065262771e-05,0.8967447322233093,0.00030012050644969795,2.3126046705107818e-05,0.0010731171699830367,0.0018348511516765075,2.2284266656638873e-05,0.0001434643011257809,0.0004989591418104943,3.3154881729595297e-06,2.6548587319497802e-05
59,7.717492935643212e-05,3.41490273109619e-06,5.553200621234824e-06,0.0006758905368989807,0.00018891593601120754,0.0021108792795492106,0.028769896847913586,0.006559872770249844,0.04494890947110818,0.019701000061616594,7.7454437886248e-06,1.4083769804144438e-06,0.00033710446527394493,3.75725512758254e-05,5.5773643465019606e-05,0.8923509988839212,0.00031075901434181194,2.3983584909164804e-05,0.0010961427918503729,0.00200655444043387,2.4013563518893714e-05,0.00015533133554270062,0.0005196641852207846,3.7717255295191105e-06,2.7668057891606056e-05
60,7.123797507693698e-05,3.2413597582681185e-06,4.596530273429315e-06,0.0006020839273133951,0.00017623443787989109,0.001961770050004872,0.02895851716324758,0.0065156412452791685,0.041704986090150574,0.01720915575151452,6.851501329316127e-06,1.4016619877746234e-06,0.0003358000872547839,3.343420188890084e-05,4.9367650183047664e-05,0.8984764526625836,0.0002909771920657452,2.2671439123936815e-05,0.001076646498493449,0.0018146639934018146,2.2012373314652556e-05,0.00013879744411745624,0.0004942588650999133,2.8795527442458344e-06,2.63203459128686e-05
61,7.722220892326823e-05,3.306084735261773e-06,5.590326174892464e-06,0.000665122952011149,0.00018415424024434334,0.0020849855718794667,0.028176218838809754,0.006776952614337476,0.04277596028359445,0.01911263026763661,7.499808773008923e-06,1.395439895806918e-06,0.00033885117987373986,3.588272252784985e-05,5.437837937689492e-05,0.8955488859681632,0.00030850417597417547,2.365474209912944e-05,0.0011178282095517251,0.0019875067286622273,2.3772205325000036e-05,0.00015205362893228394,0.0005078355478958012,3.533151485799565e-06,2.6274723116634672e-05
62,7.123797507693698e-05,3.2413597582681185e-06,4.596530273429315e-06,0.0006020839273133951,0.00017623443787989109,0.001961770050004872,0.02895851716324758,0.0065156412452791685,0.041704986090150574,0.01720915575151452,6.851501329316127e-06,1.4016619877746234e-06,0.0003358000872547839,3.343420188890084e-05,4.9367650183047664e-05,0.8984764526625836,0.0002909771920657452,2.2671439123936815e-05,0.001076646498493449,0.0018146639934018146,2.2012373314652556e-05,0.00013879744411745624,0.0004942588650999133,2.8795527442458344e-06,2.63203459128686e-05
63,7.252998938003174e-05,3.4339272380106055e-06,4.614661347823275e-06,0.0005966211867635961,0.00018059595060708264,0.0019814217038039267,0.02942569802526752,0.006519064836991978,0.043115092141032034,0.01730712789973659,7.002472119911462e-06,1.4379316841623108e-06,0.0003424563882213632,3.3826115297598737e-05,5.033652708745808e-05,0.8964699011653154,0.00029428974151619956,2.264218044236597e-05,0.0010973656316141417,0.0017877360353788306,2.2106729435102782e-05,0.0001414711744832844,0.000493333429318943,2.8921258860323515e-06,2.700203003059765e-05
64,7.270477537108057e-05,3.504521308013269e-06,5.127852044344587e-06,0.0006301804542678066,0.000195229964119793,0.0020659647246117226,0.030387547364553857,0.006940317905597179,0.039931002827387305,0.017968808272906138,7.521787020687404e-06,1.5047923959211454e-06,0.0003421597051615695,3.452365142306077e-05,5.659021886087003e-05,0.8971822133997479,0.00028365555151185507,2.2576277434725586e-05,0.001207446846879366,0.0019220265581892338,2.7534439797953566e-05,0.00015252560152081475,0.0005292684095455038,2.947077698444741e-06,2.711702064477332e-05
65,4.481163851739432e-05,3.942577484500269e-06,9.595906068015747e-06,0.0009379631621642528,0.00019924364662701952,0.004469638678201081,0.035185732242673025,0.009813501613909268,0.026540569053639693,0.013267005695268827,9.694932897047107e-06,1.2557930111478238e-06,0.00038422664937246074,3.439194113451749e-05,0.00015106927342090548,0.9044473148112878,0.00033818809817782666,1.1096634435563985e-05,0.0014275566522987844,0.0017748977065456337,4.354088159558542e-05,0.00017726855390294967,0.0007078915794291672,2.8049306856647267e-06,1.6797347252054014e-05
66,5.767764840791068e-05,2.553639856884915e-06,4.256648375313768e-06,0.0006170059266910379,0.0002060855786843632,0.0015126752901836093,0.017509414176392925,0.0041474397483309625,0.03314553148431755,0.022168055930479564,6.42975488636779e-06,1.296589724149721e-06,0.00027900813053215537,3.616475943851727e-05,3.0512733204067778e-05,0.9170310236090072,0.0002137624426457593,2.108108154057504e-05,0.0008227793912944887,0.0017016848219175223,2.2309142348498558e-05,0.00010665475903937871,0.0003354921718491486,2.912313327160841e-06,1.8192227524761352e-05
67,9.453237619441798e-05,3.458285578024226e-06,5.002404653229428e-06,0.000601614432181463,0.00023023389567685293,0.0010830061548651993,0.02780891367804538,0.009637607253699098,0.05251238805286788,0.015532228954516147,6.098442908849603e-06,1.1484398016597831e-06,0.0003800527196196888,2.0973294336020154e-05,3.822611283596889e-05,0.888800501402423,0.00022352223997966652,1.8210623561026704e-05,0.0013507368446088815,0.0011863008533502023,1.6038840095003052e-05,0.00011620105810307672,0.0003130270248321092,2.135063337696839e-06,1.7841551929328376e-05
68,7.06563117496717e-05,5.7479388618918206e-06,5.619599286438326e-06,0.0006103782206894136,0.0003302903955316461,0.0023058487664235137,0.03209334654302125,0.005764626754166791,0.060194809596478216,0.024256621019166813,8.982680999017026e-06,1.1872785374812282e-06,0.0002333556988443803,4.452216668209848e-05,0.00010431183647688373,0.8702142757521237,0.00023887438232372062,1.421497513275227e-05,0.0013527953640021515,0.0013750446481075364,2.655196396274235e-05,0.00023528495880909846,0.0004737474201246929,4.047790867330744e-06,3.485793763069583e-05
69,7.646429696783906e-05,3.4876292612563135e-06,5.255926399357156e-06,0.0005789016806836828,0.00016684529869141106,0.0023962888167817394,0.02963574757055666,0.006925805890915918,0.034157468746162656,0.017379853156400202,8.179765506476676e-06,1.8095999756152128e-06,0.0003949360278710657,3.613920581358826e-05,5.6142408524375046e-05,0.9033482782503875,0.0003223412479893685,2.537178971808347e-05,0.0013989161760201347,0.0022838896026606825,2.9804081731770967e-05,0.0001597740431394431,0.0005787107149786833,2.9092530143338913e-06,2.6678819847936967e-05
70,5.418748526081946e-05,2.4443426215551526e-06,3.949366545694808e-06,0.0006425072733987687,0.00015127983139656491,0.0019187199264617504,0.02362381991644598,0.005354376580003625,0.03622875920813936,0.014777568703738692,5.723852911844782e-06,1.1955085034893503e-06,0.00030300476466817107,3.069908315971084e-05,3.744552340679349e-05,0.9136298462174038,0.0002813047918706625,2.1059132164438887e-05,0.0007161180549403193,0.0016377250742159628,1.752239734445045e-05,9.755912368695923e-05,0.0004406708748780168,2.6504980175308247e-06,1.9862468814886845e-05
71,7.160431002496718e-05,3.279975017918601e-06,4.709026870008433e-06,0.0006065000002658411,0.00017685978052247044,0.0020052339903371044,0.029234409187268294,0.006558971226390451,0.0418955337542825,0.017403471596413037,6.9046220255670315e-06,1.400990195443101e-06,0.0003367132156627767,3.376682339874737e-05,5.054501291094959e-05,0.8976784600913007,0.00029438577602129684,2.263126597848051e-05,0.001091328531018557,0.0018328447768956205,2.226899825398481e-05,0.00014105012676905834,0.0004976440638037073,2.917387451660102e-06,2.6565470920839156e-05
