,0,1,2,3,4,5,6,7,8,9,10,11,12,13,14,15,16,17,18,19,20,21,22,23,24
0,0.0001790439117620996,1.2256146910766004e-06,1.3286444093237234e-05,0.0009854060529369188,9.591864380375849e-05,0.0019129834921464363,0.05269028396482026,0.02291689831153422,0.023360407560404087,0.03817022367903668,9.229061993571686e-06,1.7756641387413382e-06,0.00033258740580288757,4.2431645686741664e-05,0.00011157762364684359,0.8431296207182399,0.0004924079147392424,6.575312700146537e-05,0.003336353819861443,0.010019795441976382,9.536446055479579e-05,0.0006605754581112714,0.0013173037527004156,7.938556567759288e-06,5.160767374976955e-05
1,0.00014494447155537958,8.161182867637581e-06,4.133764340991279e-05,0.005364831102820694,0.00015142146947195794,0.014555125738254416,0.5491386052254476,0.04702292882648002,0.004481351700856434,0.01789503444386528,4.345417426005537e-05,0.00013293356736469045,0.0012748793810634794,0.0037797989523928473,0.0012231575652111896,0.12045106262171264,0.006647795265598829,0.002088579298838605,0.0030415705431454344,0.11601668760400276,0.011463230478321167,0.025447852653640957,0.06494747881625938,7.5317991619989376e-06,0.0046302454739966335
2,0.000221626391530107,1.3459292248101968e-06,1.6629059986449025e-05,0.001061654065491683,0.00012093690363415548,0.0018116147819118194,0.062342113787587035,0.029068616530487305,0.03039174503470471,0.04759594996155433,9.584028068084034e-06,1.7437591057440133e-06,0.00034086074084910517,5.046812321995605e-05,0.00013215888511721707,0.806149997753794,0.0004930036023364932,7.61804083340446e-05,0.004013693183078537,0.013443531457473016,0.00010456503458792946,0.0009406360104143105,0.0015314350831118356,9.869601725617433e-06,7.003988267173495e-05
3,0.0001864179341723331,1.2804025406798555e-06,1.3418089892007552e-05,0.0010456575912165158,9.828416208329779e-05,0.0018493617179393444,0.0540481831067049,0.02427433910023834,0.025610182670586446,0.03799312610015656,9.364544496550008e-06,1.7800731243544581e-06,0.0003427010192939797,4.326698880314466e-05,0.00011197953196876889,0.8387734000945116,0.00053037411191992,6.598359866323932e-05,0.0032946640034969836,0.009524788434058174,9.290137691067758e-05,0.0006833813115394913,0.0013433572193234263,8.160720057148201e-06,5.3646096302029584e-05
4,0.0001871211477125453,1.4161515549412557e-06,1.300471501965471e-05,0.0010763649796036042,0.0001030507605751771,0.0018728928710233393,0.05311036098522113,0.02376168361951231,0.025950862599879852,0.03588493163971906,1.0286955963923133e-05,2.033541303301841e-06,0.000390172660628755,4.5526541795569954e-05,0.0001083195077098938,0.8421237143885275,0.0005625830670953697,6.789673121041237e-05,0.0033171187365408,0.009215209626477457,9.434330858527906e-05,0.0006559216958897096,0.001383327546652044,7.995629044366984e-06,5.38605927540392e-05
5,0.0001997707359589366,1.0737974890684454e-06,1.3226535938102264e-05,0.0011488260712875958,8.903972783588134e-05,0.0017044224626932617,0.053713309261198154,0.024554645298284626,0.02533039361231292,0.041692248343537006,8.62830339376349e-06,1.7693336702998673e-06,0.0003242945331541474,4.63249866289076e-05,9.615339071729284e-05,0.8342956031479206,0.0005599396243293304,8.430682991729753e-05,0.0028461608764653737,0.011054004214003467,9.16680808018599e-05,0.0006888989869825732,0.001387032880565045,9.39162590005017e-06,5.8867339014319144e-05
6,0.0001864179341723331,1.2804025406798555e-06,1.3418089892007552e-05,0.0010456575912165158,9.828416208329779e-05,0.0018493617179393444,0.0540481831067049,0.02427433910023834,0.025610182670586446,0.03799312610015656,9.364544496550008e-06,1.7800731243544581e-06,0.0003427010192939797,4.326698880314466e-05,0.00011197953196876889,0.8387734000945116,0.00053037411191992,6.598359866323932e-05,0.0032946640034969836,0.009524788434058174,9.290137691067758e-05,0.0006833813115394913,0.0013433572193234263,8.160720057148201e-06,5.3646096302029584e-05
7,0.00018304483537997184,1.257098297245961e-06,1.312246454862743e-05,0.001042449355735668,9.706465185245158e-05,0.0018582791995041495,0.0537825588946375,0.023723101018510113,0.02552586357144099,0.038253399132311385,9.193182012045692e-06,1.7670800297941525e-06,0.00033182601233672476,4.371787486032951e-05,0.00011108208424874415,0.8394853361093115,0.0005286428789710083,6.6213134691039e-05,0.003218283969308329,0.009534249735296613,9.301090706431227e-05,0.0006840136552659456,0.0013499910580134001,8.188702520269084e-06,5.434339385154997e-05
8,0.00024245205088028608,1.4333938218636029e-06,1.980326783604536e-05,0.0014017031197056115,0.00011995082852986679,0.001913011496385233,0.0657060216788343,0.02755204581520416,0.03883142263829445,0.06674391090244111,1.0478665318969929e-05,1.5019650932993955e-06,0.00028612225058278183,6.802799421382787e-05,0.0001638439214262735,0.7768217471690368,0.0005760085830285686,8.30067185122468e-05,0.0032721926572153674,0.013089838280565803,0.00011602036539604785,0.0012096226156956276,0.0016586210353362679,1.7756004796622603e-05,9.345658184857631e-05
9,0.00021333097133417693,1.0763959968490377e-06,1.9800215464126853e-05,0.0014197375587144164,0.00010029469281453183,0.0018265459879375783,0.044722095439703013,0.027814350854630812,0.027739336881083532,0.0528445886531349,9.984939511442598e-06,1.4604171038506044e-06,0.0003217497753765978,5.189836419094607e-05,0.00011833243306859966,0.8246164301045233,0.0005794414733557992,7.291515715080755e-05,0.003099788719732046,0.012012775343838104,0.00010254582173933165,0.0008181205746855766,0.0014285227549249969,1.3457872362849122e-05,5.1418597621560096e-05
10,0.0001864179341723331,1.2804025406798555e-06,1.3418089892007552e-05,0.0010456575912165158,9.828416208329779e-05,0.0018493617179393444,0.0540481831067049,0.02427433910023834,0.025610182670586446,0.03799312610015656,9.364544496550008e-06,1.7800731243544581e-06,0.0003427010192939797,4.326698880314466e-05,0.00011197953196876889,0.8387734000945116,0.00053037411191992,6.598359866323932e-05,0.0032946640034969836,0.009524788434058174,9.290137691067758e-05,0.0006833813115394913,0.0013433572193234263,8.160720057148201e-06,5.3646096302029584e-05
11,0.00018557670436750729,1.3236510325726554e-06,1.3349107803669399e-05,0.0010551640445544486,9.825097725311001e-05,0.001845286965762891,0.05322693001986321,0.024599372162363763,0.025126800439425386,0.03608284137425589,9.656174106045253e-06,1.8711272673359948e-06,0.0003674523922633004,4.2649926366362374e-05,0.00011051089172559495,0.841968850376059,0.0005465949393392937,6.566747641945585e-05,0.0032993759886471375,0.009215045417270116,9.114785148446936e-05,0.0006576088725991341,0.0013293207639236914,7.88040708637223e-06,5.147194876016288e-05
12,0.00021238515872971985,9.30653245325421e-07,1.4304511460676626e-05,0.0009557462735946972,4.8778564277046136e-05,0.001277063780500983,0.04656763759726553,0.039310100319222885,0.022218445474022522,0.046242308100632824,8.840061590766719e-06,1.045639479861895e-06,0.0002962146164745488,2.193732241576844e-05,0.00013663492334398846,0.8307380205048573,0.0005804583600819729,3.681686577271968e-05,0.003978109116287985,0.005611580982602907,8.135482603573552e-05,0.0008583512050063638,0.0007713485616620526,7.708486286803886e-06,2.3878095149054387e-05
13,0.00017701663385423313,9.769882330338075e-07,1.3201861244157977e-05,0.0008554390379978646,8.374910138967002e-05,0.0017718879955636894,0.060415078113044786,0.022419687163002446,0.02482311488176383,0.05085200059216803,5.308431608314084e-06,1.3283158925294668e-06,0.00021870361071520095,4.2049108274992837e-05,9.736930294260344e-05,0.8211089548842341,0.0004412975715590825,7.843523333176801e-05,0.0027040089876037756,0.011894558278719493,7.925427653454545e-05,0.0007683436176008017,0.0010710298472297848,7.678755737126108e-06,6.952740975409967e-05
14,0.00014510255570680033,2.78684169165469e-06,1.0147408026456187e-05,0.0004989111917464507,0.00015589486721177926,0.0028084060719296817,0.045851122022593935,0.01307480424600527,0.011281556597731055,0.01876555299826411,1.4221983813106456e-05,3.6911294289739606e-06,0.0005616722406665551,3.6002345286104e-05,0.00010669737824671472,0.8917772768390684,0.0002782383205889647,4.285643549216346e-05,0.006953487157343423,0.006168984111651805,0.00011475818668648524,0.0003388297303758205,0.0009755050424968741,2.8312872139079672e-06,3.066301073345459e-05
15,0.0001864179341723331,1.2804025406798555e-06,1.3418089892007552e-05,0.0010456575912165158,9.828416208329779e-05,0.0018493617179393444,0.0540481831067049,0.02427433910023834,0.025610182670586446,0.03799312610015656,9.364544496550008e-06,1.7800731243544581e-06,0.0003427010192939797,4.326698880314466e-05,0.00011197953196876889,0.8387734000945116,0.00053037411191992,6.598359866323932e-05,0.0032946640034969836,0.009524788434058174,9.290137691067758e-05,0.0006833813115394913,0.0013433572193234263,8.160720057148201e-06,5.3646096302029584e-05
16,0.00020632260158790088,1.6250823352097127e-06,1.763104434834289e-05,0.0011175767592203163,0.00012344963652542222,0.0020453300826986614,0.05258026514383176,0.028003417648709866,0.03267179415991988,0.03378746051154972,1.1234798961624107e-05,1.670832627403395e-06,0.0004323944709921237,4.1103919961329415e-05,0.00013231283858886088,0.8333438539294884,0.0005712440955613772,5.3709905400020314e-05,0.00386833542108331,0.008837545070592893,7.576465702744355e-05,0.0006687759242735278,0.0013519084607416197,8.818296760674009e-06,4.645470721232315e-05
17,0.00020000691103467426,1.3122984126888608e-06,1.3012816969377084e-05,0.001053668755180219,9.799529154593812e-05,0.0017557297772086205,0.055750635359700824,0.025718221069221725,0.025735352315944315,0.03783623749062558,9.26049744100147e-06,2.0485142433613515e-06,0.0003669219738381074,4.5927231460438214e-05,0.00010372255543845709,0.834710767104059,0.0005703293527510538,7.75265267904593e-05,0.0033668995255740166,0.01025592208210205,9.824973775638322e-05,0.0007192372262625616,0.00144196797859887,7.945635471398997e-06,6.110197236916358e-05
18,0.00021427560194181203,1.4339080490267832e-06,1.1893687843547842e-05,0.0010080713093607412,8.5878523243433e-05,0.0019451320512359135,0.0603469702941163,0.023858361594322634,0.028518848601862122,0.04397134207952561,8.999025221439713e-06,2.270954440215489e-06,0.000346109144243309,5.3233357553375196e-05,0.00010318853618257889,0.8220512622980224,0.0006833839396632014,9.25895688249873e-05,0.00319235786485552,0.010915426805178811,0.00010292053101164871,0.0008555926785682804,0.001540565815353617,8.919863430195531e-06,8.097196594920561e-05
19,0.00018679617061923383,1.37437791517259e-06,1.4454300043484725e-05,0.0011658064519861411,0.00012012980606337452,0.0016760560716506912,0.06020646043849754,0.02934880679328436,0.027617275660822584,0.034182219893809825,1.0039296528277518e-05,1.957062244917691e-06,0.00040934469197012114,4.3886328666036274e-05,0.00012106811563076291,0.8285618461882336,0.0005223946611347962,6.526383285973208e-05,0.003533467300706517,0.009967558822328495,9.244475581719207e-05,0.0007090378648961444,0.0013819529846107867,7.701717961995768e-06,5.265641171819913e-05
20,0.00017442467858337524,1.5022067271786697e-06,1.61432614955031e-05,0.0011816898202531084,0.00011183108687026784,0.0021357322239622823,0.07104737152784611,0.03143964966077386,0.02662488705096224,0.041291386915484,1.1596729915083149e-05,1.8090204921775252e-06,0.0003460981986950687,4.830553745489465e-05,0.0002032592763985569,0.8073317902905016,0.000537907984989609,5.379956201706961e-05,0.00412602434250618,0.010424310409006196,0.00013542794028228742,0.001041144398619432,0.0016453438060130097,9.141102654482802e-06,5.9422967496291295e-05
21,0.00018836833871337715,1.26487367358923e-06,1.2791526599186401e-05,0.0010200633782525242,0.00010378860573246002,0.0017613251192492017,0.04927964620599093,0.02145967619748858,0.024069517050235762,0.041092483580949496,9.754605031293575e-06,1.8882119801937755e-06,0.0003333864339181329,4.606940175409506e-05,0.00010066944092619189,0.8446779603555755,0.00048571839799055187,7.038224070734768e-05,0.00331120083514328,0.009839961842064126,0.0001016765366916121,0.0006573109771352988,0.0013127601967640953,8.385208730399647e-06,5.3950438702981864e-05
22,0.00018249847307435767,1.4946143781971907e-06,1.3447186303854634e-05,0.0009814599940745526,0.00011733088562729243,0.001928061238716527,0.061665232001316725,0.024567597280848855,0.028294294431201725,0.035390130335941225,9.62749954731931e-06,1.8248206019483203e-06,0.0003606227933945806,4.474772351693991e-05,0.00012806980846867533,0.8301841979962309,0.00047802656193359904,6.237644569826006e-05,0.0035973340465404883,0.009693126880887675,9.112369656784484e-05,0.0007033111934105358,0.0014350928473195739,7.713588208040859e-06,6.125765619030652e-05
23,0.0001864179341723331,1.2804025406798555e-06,1.3418089892007552e-05,0.0010456575912165158,9.828416208329779e-05,0.0018493617179393444,0.0540481831067049,0.02427433910023834,0.025610182670586446,0.03799312610015656,9.364544496550008e-06,1.7800731243544581e-06,0.0003427010192939797,4.326698880314466e-05,0.00011197953196876889,0.8387734000945116,0.00053037411191992,6.598359866323932e-05,0.0032946640034969836,0.009524788434058174,9.290137691067758e-05,0.0006833813115394913,0.0013433572193234263,8.160720057148201e-06,5.3646096302029584e-05
24,0.00015883848439339035,1.1457480709659845e-06,1.1471050502204116e-05,0.0011387872442832597,0.00011246144153706927,0.0015611860912603669,0.04616916503658413,0.021418208136393623,0.0230914216524509,0.031323898675740716,9.037343584121163e-06,1.8368161395970336e-06,0.0003642920695676978,4.412505568303323e-05,8.639155858640939e-05,0.8607995342928368,0.0004568779703308708,6.602737284419743e-05,0.002686895334828034,0.008623421262986965,7.907942002943083e-05,0.0004902859142303398,0.0012532032724165856,7.1304528833740125e-06,4.5278301835911e-05
25,0.0001899939944926235,9.285676979185074e-07,1.3601393495351499e-05,0.0012164237633253876,9.146169759575979e-05,0.001269162411602198,0.05277096923019695,0.034647932543515524,0.02060515912861716,0.032853000730978014,9.25378632090343e-06,1.585529391185502e-06,0.000389354363525426,3.319467833713951e-05,0.00010115828171040757,0.8406519375200104,0.00047298823835052045,6.243257235786737e-05,0.003454774479650916,0.009200892874715814,9.246736564556768e-05,0.0005965717119575459,0.0012316332319079418,6.752240590743127e-06,3.6369664010885986e-05
26,0.0002232056077136815,1.4895470977857742e-06,1.592379931717332e-05,0.0012326322579337351,0.00011650385365432028,0.002021261876463875,0.05270044480288378,0.024932913342912748,0.038878402589377886,0.03654779515262885,1.0839866665055743e-05,1.7302365764566298e-06,0.000382442735935671,4.779674093208461e-05,0.00011406699623173659,0.826592231838502,0.0006473887371492825,7.24428902813633e-05,0.002942741354571405,0.01001029226193194,7.708281031684458e-05,0.0007024229907520184,0.0016527145846531735,1.207080941599443e-05,6.316231610108568e-05
27,0.00019335404629112013,1.4767708636968498e-06,1.437686791979029e-05,0.001095525752294486,0.000107684665867342,0.002030407278693459,0.06462919518587258,0.025386850422691464,0.033230011812361834,0.04547329227394059,1.0206700448859884e-05,1.7282301347772388e-06,0.00033132726752688315,5.1090376525385835e-05,0.00014513892730143692,0.8099835508858091,0.000563103998759806,6.578504063786239e-05,0.0033448160646308697,0.010735434726662944,9.858100477767296e-05,0.0009262643538842577,0.00150189025349818,1.0506587731234502e-05,6.840050487445982e-05
28,0.0001864179341723331,1.2804025406798555e-06,1.3418089892007552e-05,0.0010456575912165158,9.828416208329779e-05,0.0018493617179393444,0.0540481831067049,0.02427433910023834,0.025610182670586446,0.03799312610015656,9.364544496550008e-06,1.7800731243544581e-06,0.0003427010192939797,4.326698880314466e-05,0.00011197953196876889,0.8387734000945116,0.00053037411191992,6.598359866323932e-05,0.0032946640034969836,0.009524788434058174,9.290137691067758e-05,0.0006833813115394913,0.0013433572193234263,8.160720057148201e-06,5.3646096302029584e-05
29,0.0001864179341723331,1.2804025406798555e-06,1.3418089892007552e-05,0.0010456575912165158,9.828416208329779e-05,0.0018493617179393444,0.0540481831067049,0.02427433910023834,0.025610182670586446,0.03799312610015656,9.364544496550008e-06,1.7800731243544581e-06,0.0003427010192939797,4.326698880314466e-05,0.00011197953196876889,0.8387734000945116,0.00053037411191992,6.598359866323932e-05,0.0032946640034969836,0.009524788434058174,9.290137691067758e-05,0.0006833813115394913,0.0013433572193234263,8.160720057148201e-06,5.3646096302029584e-05
30,0.0001864179341723331,1.2804025406798555e-06,1.3418089892007552e-05,0.0010456575912165158,9.828416208329779e-05,0.0018493617179393444,0.0540481831067049,0.02427433910023834,0.025610182670586446,0.03799312610015656,9.364544496550008e-06,1.7800731243544581e-06,0.0003427010192939797,4.326698880314466e-05,0.00011197953196876889,0.8387734000945116,0.00053037411191992,6.598359866323932e-05,0.0032946640034969836,0.009524788434058174,9.290137691067758e-05,0.0006833813115394913,0.0013433572193234263,8.160720057148201e-06,5.3646096302029584e-05
31,0.00021575252565016713,1.2682670189561166e-06,1.4801531805036775e-05,0.0010533721882146486,0.0001016589120976416,0.0016627453772452363,0.05464744243414606,0.028608350990098487,0.025486914364404124,0.037592808732116754,9.134176284731557e-06,1.8684618475821337e-06,0.0003756389683903932,4.150801780684148e-05,0.00010536240719458712,0.8331837666542691,0.0005397052111013763,7.453031746533826e-05,0.0036829723616492367,0.010363814785821955,9.37275892339973e-05,0.0007048957593636754,0.0013739233007344603,7.903241601186642e-06,5.6133424438423263e-05
32,0.00019149260096746164,1.338259892733375e-06,1.3874492208904671e-05,0.0010123308592158587,0.00010311811347457256,0.001850068339382988,0.0542937557956205,0.025025922705618087,0.024858213996435362,0.03754169745861212,9.690255764721617e-06,1.8759119696006046e-06,0.00035234262263765124,4.327522793363043e-05,0.0001169756220793468,0.8383543563693845,0.0005188803735205233,6.574359526085898e-05,0.0036546714301697414,0.009756964686350757,9.758438201279957e-05,0.0007064703648539592,0.0013673500197914853,7.868973462139456e-06,5.4137543379529564e-05
33,0.0001792478523498402,1.1934658322265252e-06,1.095141210322115e-05,0.0009806124629628547,8.054002637729058e-05,0.001638629995584442,0.05050879431416149,0.023935167199273247,0.023666604710664677,0.03433205908364984,8.255062788699499e-06,1.9492251620830574e-06,0.0003671571787718856,3.9550276431460586e-05,8.685845387140605e-05,0.8503058362476127,0.0005880115831027036,6.984088436017259e-05,0.0029092085971156563,0.00841239737941483,7.693926737355829e-05,0.0006012410467019592,0.0011448616088194808,6.6330816182523905e-06,4.745958389607501e-05
34,0.00037216853747335047,2.422950959106371e-06,2.0296153993232923e-05,0.0009724032497578836,0.0001682746159645322,0.0016641067329584546,0.05679881057643314,0.03183272151429173,0.03955502757182532,0.04590472957543905,1.5279098710843357e-05,2.450223359953146e-06,0.0005150010550969465,4.914638016923599e-05,0.00013678708286453831,0.8009835998727828,0.0005462003774982672,7.690866434052243e-05,0.007243626749159265,0.010410864171312047,0.00011314432057447139,0.0009790769515649566,0.001549221312398795,1.0809275843052194e-05,7.692298522820812e-05
35,0.0004133753981689324,1.0757416449818022e-06,1.0874552753527796e-05,0.0008496093633182882,6.0210308263775496e-05,0.0008066607398473459,0.04619994260734722,0.037947141904787145,0.029995069012332738,0.04258280355662886,5.9169901033174235e-06,2.042690157875766e-06,0.0003904637822376475,2.6201573916315732e-05,4.144089472443287e-05,0.8271634385654939,0.0007052100644819059,0.00012926508086309648,0.003446216917812597,0.007707287660767723,5.655632259452386e-05,0.0006221480148351898,0.0007788482057880217,6.17940658200039e-06,5.2020644548576634e-05
36,0.00016040651873235545,1.0394440949615205e-06,9.514680294849312e-06,0.000987596683429888,6.574740037177144e-05,0.0015599151040538003,0.048447550846173956,0.02566725510320017,0.024021527257844334,0.02950476368328282,7.235919264506816e-06,1.745171605907945e-06,0.0003414311797455936,3.384213953436404e-05,8.296564022513235e-05,0.8570974977669947,0.0006457810601806079,6.136090779540027e-05,0.0024328771944051074,0.007080709898679141,6.50862299703434e-05,0.0005704469524278163,0.0011071795459688736,6.003519925671681e-06,4.052015179802142e-05
37,0.0002688259507645118,1.112939278650165e-06,1.6892483373095457e-05,0.001248152942076924,9.31150277003088e-05,0.0015120191731127592,0.05165233812217137,0.027796253898140826,0.02542001493719317,0.04657910416030244,1.0127936636027328e-05,1.8291410300837986e-06,0.00035870027240055794,4.57864233416785e-05,9.78306382205754e-05,0.8271133676931585,0.0005927913062199675,9.576084195542564e-05,0.003460558039050673,0.011386203467975394,9.824051505857016e-05,0.0007413546342742465,0.0013395276635194255,1.1782440972485656e-05,5.8309352072214875e-05
38,0.0002451155957968087,1.5800965745392739e-06,1.649995862641795e-05,0.0012534396596892458,0.0001240242245256484,0.0017753636501752481,0.05932491752926754,0.02880124982522585,0.03754569956666236,0.04918935687826041,1.0416096457104519e-05,2.014882227753241e-06,0.00038544738583926464,5.5872436453573725e-05,0.00011506272282060661,0.8025874687865913,0.0006280420460673633,8.45650713187331e-05,0.0036028907091952347,0.011624083018814188,0.00010223794708154584,0.0009256072441653179,0.0015128775824096105,1.1121427792296767e-05,7.504565796203095e-05
39,0.0006721286575248615,9.577489638275544e-06,2.4163090945111812e-05,0.0009737554753468108,0.000433103850007774,0.0020363577462607836,0.018683118057754206,0.0037255181581603083,0.2950285516706115,0.1803546840117093,2.662250191146448e-05,2.7246334390653456e-06,0.0003957956930005949,0.00020359731761491285,4.202096941357662e-05,0.48522504164122865,0.0005607288683311603,0.00013401414910916843,0.002362987671946961,0.007914753292116657,2.8400021591010615e-05,0.0006117513758673314,0.0003892628853945752,7.115324327938493e-05,9.018752779652999e-05
40,0.0002423886145839057,2.469780963102066e-06,2.6624620008118157e-05,0.0010817733347317734,0.00019214762015126364,0.0027657478987190834,0.06134613991867787,0.026216988960196193,0.02715022260916183,0.04444836676442413,1.3413818261431303e-05,2.7594137490525813e-06,0.00044234683267508316,6.412037277214092e-05,0.0001831815941509455,0.8131146610671559,0.0005151106133601723,7.170326614498749e-05,0.006300548243534183,0.013065376118535414,0.0001447786695679361,0.0010157484710059277,0.0015112776000634368,1.012651940121598e-05,7.1977278004706e-05
41,0.00024489341140065545,1.0810740379524475e-06,1.3730258595309412e-05,0.0009458990877784268,7.592631173983821e-05,0.0017765045946356807,0.07060921077563802,0.02880045400585929,0.019657959918060106,0.048874167925573926,9.407077476865882e-06,2.4201545881984024e-06,0.00031632259237944927,5.108367454409637e-05,0.00012847805116777017,0.8046113760132226,0.0005948610125537189,0.00010736827045980153,0.004748984306217084,0.01535588983101962,0.00015059745796719553,0.0011306880071422693,0.0016982991797327475,9.243177701429836e-06,8.515383050795676e-05
42,0.00020900609634181956,1.5463122853530856e-06,4.928855044508345e-06,0.0015364214960650138,0.0001085161854676162,0.0035237648676466225,0.05474823920983748,0.0036848744291191793,0.04514699131329783,0.03116467597521344,9.59491067461315e-06,1.841595978103057e-06,0.0002687703802916476,0.00012697407265654633,3.600852882994913e-05,0.8455031642797316,0.0006902749653119147,0.00027309267725584305,0.0004426047846538687,0.009322466486976466,4.0250731530047545e-05,0.00012505782424359659,0.0028227900475087503,1.7086629454171785e-05,0.0001910573445838366
43,0.00034764309933546874,4.152863238295436e-06,1.3925247532999384e-05,0.001104657636480998,0.0001331335108792703,0.0021010089284098396,0.08755875481218028,0.042128543560250795,0.01716245981865951,0.006518247023504233,1.2815443235664573e-05,1.0477547784480597e-05,0.0014636062999114218,3.678118406442074e-05,7.622017998395942e-05,0.8267252091885802,0.0011168845649308006,0.00013299361455090228,0.006079561680526252,0.004879483584661599,9.409208921025859e-05,0.0003537829725605117,0.0018828633725139479,2.5183117759639922e-06,6.0183465237815804e-05
44,0.0001864179341723331,1.2804025406798555e-06,1.3418089892007552e-05,0.0010456575912165158,9.828416208329779e-05,0.0018493617179393444,0.0540481831067049,0.02427433910023834,0.025610182670586446,0.03799312610015656,9.364544496550008e-06,1.7800731243544581e-06,0.0003427010192939797,4.326698880314466e-05,0.00011197953196876889,0.8387734000945116,0.00053037411191992,6.598359866323932e-05,0.0032946640034969836,0.009524788434058174,9.290137691067758e-05,0.0006833813115394913,0.0013433572193234263,8.160720057148201e-06,5.3646096302029584e-05
45,0.0006475176518479846,4.43971112250176e-06,1.556891539105919e-05,0.001228460912138835,0.00021425310020316065,0.002490931872736334,0.04793995828835384,0.014677261965036027,0.06808989973382737,0.08554735146863074,1.793821528903884e-05,7.62037801075447e-06,0.0005299147393126752,0.00018480100581788554,6.3553343533838e-05,0.7460585669098583,0.0012974684317841366,0.00037036080676119504,0.00421406897169458,0.02107393854188299,0.00020568603362812487,0.0012463174295197902,0.003499038008865784,1.9006645448183186e-05,0.0003560769193048036
46,0.0001741626364315426,1.134171668996029e-06,1.2332478186734706e-05,0.0011165003609794274,7.705356318740124e-05,0.0018861511706060072,0.04761228202590831,0.02416522879453654,0.023253189760060418,0.03411593793571266,9.058794481192649e-06,1.7736713044324704e-06,0.0003448606229000094,3.9397385562711474e-05,9.987682763570796e-05,0.853294120394185,0.0006361313168277318,6.445235108575061e-05,0.002736170129826419,0.008309105829165768,8.612072795966952e-05,0.0006128376582693213,0.001299991712268203,7.924166075304378e-06,4.4205515174840174e-05
47,0.00022113376710871215,1.4632918901253823e-06,1.3503771601484582e-05,0.0009305329940542091,9.498532147458924e-05,0.0017534917255712166,0.05806503049508577,0.026806633273045735,0.027086187092749747,0.04079511500351292,9.374584492737305e-06,2.0844591220494327e-06,0.0003639548150700019,4.270633401595967e-05,0.00011313014354891216,0.8270172558882203,0.0005792510898113516,7.403955543870129e-05,0.0039014814792717907,0.00984682581530027,9.648706485294998e-05,0.0008235259936868453,0.001292475828723865,7.881784373564468e-06,6.144842797618003e-05
48,0.00016037387812120184,1.4029537940046515e-06,1.1707661826801025e-05,0.0008988733496971286,5.489350204450828e-05,0.0021472446416652144,0.047804375801589756,0.031624743752037554,0.01603196950825252,0.017584434333083602,8.692643870984531e-06,1.9751974562335124e-06,0.0005002615689457669,2.1567784768085262e-05,0.0001011615860487647,0.8728905881206833,0.0007577743273022079,4.142575299678008e-05,0.003462230211898564,0.004461634099995946,6.60935072279226e-05,0.0004076419457486039,0.0009328815885145036,3.735530733832452e-06,2.23167516963384e-05
49,0.000193623392201348,1.5410663051341275e-06,1.7566713351911335e-05,0.0010975132078093774,0.00011058804894507807,0.0023460281690692,0.056983497111817855,0.0248007314725692,0.025657839624512836,0.04348559045613721,1.0577369863729508e-05,2.229826425333569e-06,0.0003690752853437561,5.397273442059919e-05,0.0001405104148346954,0.8255167726033338,0.0006034763402152303,7.26684429613496e-05,0.003877142615871173,0.012122469456084075,0.00011703453217767304,0.0008881815808141694,0.0014600173473006948,9.520660702245827e-06,6.183152693240563e-05
50,0.0001902004715754651,1.282738805714883e-06,1.3435583735685302e-05,0.001036314000496663,9.85344744403157e-05,0.0018129913303628008,0.05560712536580411,0.024676577769313045,0.025947012044643558,0.03917396549076018,9.258295971501354e-06,1.7642288459371946e-06,0.0003402640976935081,4.3439414642009674e-05,0.00011279500882799058,0.8351176492870234,0.0005245770854745937,6.703868252775979e-05,0.003352486470323449,0.009678994323090098,9.332572935202321e-05,0.0007036388869966059,0.0013336720013671722,8.195796606631716e-06,5.5461421319970424e-05
51,0.00016408141486721895,1.8860663741434713e-06,1.4203044474154537e-05,0.0017200587347125616,0.00012642416732216538,0.001696004439339218,0.05456183049700097,0.02675149554612335,0.045773784670518874,0.04254196276540632,1.1099956984619707e-05,1.4870841666950327e-06,0.00041171749294569075,4.583027019061228e-05,0.00011772746267840899,0.816473852639184,0.0006266040061995909,4.381807663197796e-05,0.002141692904081571,0.005128473994960101,7.397769354992711e-05,0.0006244547794925333,0.000900860784090598,9.762167676511773e-06,3.6909341028036575e-05
52,0.00018573575498905976,1.2130302336364912e-06,1.313080259149937e-05,0.0010408186273123496,9.486150642289666e-05,0.0018135044914691983,0.05190765125207104,0.023314489395525797,0.02489403866062154,0.03840576878516842,9.155561340440483e-06,1.7354673571112396e-06,0.00033415155163147605,4.2673241907288414e-05,0.00010529924767221509,0.8424877601483373,0.0005224795563002883,6.71921164722493e-05,0.0031564880805498644,0.009504424003807828,8.945703836323332e-05,0.0006529226614564865,0.0012951833451593305,8.245690531519902e-06,5.161998270791325e-05
53,0.00019937861957973542,1.3432300890255947e-06,1.4677951582020072e-05,0.001057204362339434,0.00010248420919121026,0.0018833309074446764,0.04970467237898298,0.02443248489800055,0.02566807058386465,0.03950553274615186,9.829952329261684e-06,1.8701553583731777e-06,0.0003558104716430981,4.423945045594731e-05,0.00010949500549779442,0.8408873268050707,0.0005506193109180103,6.715282285358815e-05,0.0035442034706227744,0.00967013868306915,9.692107747748767e-05,0.0006994907012303231,0.0013329122837326202,8.47062510294429e-06,5.2339297411708516e-05
54,0.00019081822134696974,1.1636381454927753e-06,1.6390311691640197e-05,0.0012193572371351146,0.00010483605753909659,0.0018986731931997336,0.0508531435963012,0.027516938813012776,0.024672593592805492,0.03764288146445403,1.0358920183788744e-05,1.6912380851265793e-06,0.00037010306619847123,4.3065879633594976e-05,0.00011989782560616157,0.8382265621363086,0.0005387057961725694,6.383047768493884e-05,0.0035110818403965858,0.010680149573068624,0.00010100525830262081,0.000691476054535822,0.0014690642233761843,9.101038399756322e-06,4.711054641581943e-05
55,0.00013642679212253476,7.863404212172208e-07,1.8181075794852732e-05,0.0013078455579130812,7.692727293353729e-05,0.0024497930905568125,0.04309752863685349,0.02609359592574241,0.01712835151485237,0.04307278414643882,9.657193273898255e-06,9.270411758289684e-07,0.00025960275591867173,3.969797055935463e-05,0.00016662676271034701,0.8502257445661275,0.0004756664154355666,3.962939133373239e-05,0.0030721865249948915,0.01003876025636585,0.00010760180358196165,0.0006932677770847133,0.0014466861636265164,9.915094602361481e-06,3.1809929579768067e-05
56,0.00019067457244137205,1.3693181257923275e-06,1.3443662712132102e-05,0.0010555407616955246,0.00010125233201956175,0.0018476809676793353,0.0539888455058943,0.024413251039397125,0.02603527978731848,0.03665326702227133,9.868891367672821e-06,1.9074551457147e-06,0.0003721688589878305,4.377078162825111e-05,0.00011101342987034839,0.8397104722835346,0.0005462657180105552,6.714516868095578e-05,0.00335243163441266,0.00932227304370183,9.14857421627793e-05,0.0006671357207960545,0.0013419430319862127,8.107519026453266e-06,5.3405751133200155e-05
57,0.0002342830992120511,1.7123736111492885e-06,1.786382045179497e-05,0.0008942500446046178,0.00013493133330653477,0.0018143080011434093,0.05301638226803333,0.030814741009405868,0.022176384497175097,0.0369192655297711,1.0986388833260638e-05,2.84916864930577e-06,0.00043079741089210584,4.386333138790454e-05,0.0001264274363067804,0.8323699477280514,0.0005185157019606242,7.043837804107463e-05,0.006372475165706282,0.011520203773462304,0.00013558663864794303,0.0009187280887494136,0.0013930810554008248,6.499405834801078e-06,5.547835136097015e-05
58,0.00019496903557436967,1.3368910534921358e-06,1.4239162574463024e-05,0.0010871784546768566,0.00010073559107171098,0.0019035145346129486,0.05370236223083064,0.02356744382980813,0.02673852838579944,0.03982525314241573,1.0140572451768833e-05,1.8011691441654028e-06,0.00034640425316500667,4.5455476111861346e-05,0.00011829288750855649,0.8365877366806982,0.0005459788908973729,6.736663465713283e-05,0.0032914728296166364,0.0096200736739815,9.400207616983931e-05,0.0007102668472061825,0.0013609613724493888,9.415738245650931e-06,5.5069639279137274e-05
59,0.0002018748556923249,1.3682640166955566e-06,1.622482108946089e-05,0.0011699840807543943,0.00010694066627720245,0.0019993992972461333,0.05376434672593923,0.024228012449992658,0.027950847812535033,0.04390887398040435,1.0517076481425423e-05,1.789182575711494e-06,0.00034107786937224554,4.923522908833016e-05,0.00012647572043435263,0.829262471048579,0.0005634412817169594,6.986016216141888e-05,0.003354187249027372,0.010529295933782705,0.00010126229679833222,0.000768671581010734,0.0014058263901506498,1.0684284359182388e-05,5.7331740514103464e-05
60,0.0001864179341723331,1.2804025406798555e-06,1.3418089892007552e-05,0.0010456575912165158,9.828416208329779e-05,0.0018493617179393444,0.0540481831067049,0.02427433910023834,0.025610182670586446,0.03799312610015656,9.364544496550008e-06,1.7800731243544581e-06,0.0003427010192939797,4.326698880314466e-05,0.00011197953196876889,0.8387734000945116,0.00053037411191992,6.598359866323932e-05,0.0032946640034969836,0.009524788434058174,9.290137691067758e-05,0.0006833813115394913,0.0013433572193234263,8.160720057148201e-06,5.3646096302029584e-05
61,0.000201811657339338,1.3230937071698977e-06,1.629251498426707e-05,0.001153045654080523,0.00010368011920035965,0.0019782583690152755,0.052619958501372605,0.025034269217847696,0.026550126233230383,0.04234545595507334,1.026310405437093e-05,1.777756313007469e-06,0.0003443312356761472,4.706569751121429e-05,0.00012398237219147723,0.832698923020949,0.0005624245098275038,6.874128705906014e-05,0.003422008540337502,0.010411466558115453,0.00010036906256110997,0.0007543402294728953,0.0013856261646051592,1.006081409247387e-05,5.4398331382714404e-05
62,0.0001864179341723331,1.2804025406798555e-06,1.3418089892007552e-05,0.0010456575912165158,9.828416208329779e-05,0.0018493617179393444,0.0540481831067049,0.02427433910023834,0.025610182670586446,0.03799312610015656,9.364544496550008e-06,1.7800731243544581e-06,0.0003427010192939797,4.326698880314466e-05,0.00011197953196876889,0.8387734000945116,0.00053037411191992,6.598359866323932e-05,0.0032946640034969836,0.009524788434058174,9.290137691067758e-05,0.0006833813115394913,0.0013433572193234263,8.160720057148201e-06,5.3646096302029584e-05
63,0.00018988869473236466,1.3559492247182999e-06,1.3476965680320201e-05,0.0010360151917708225,0.00010061224804188001,0.0018667143191029648,0.054905866082391,0.0243021682017429,0.02645628495662308,0.03819885046055905,9.575733679268657e-06,1.8261480700894847e-06,0.00034975826423037156,4.3709867958288485e-05,0.00011414872129543311,0.8368752079260904,0.0005365685789079624,6.589041997795806e-05,0.0033583824836344086,0.00938119614207035,9.330179741479266e-05,0.0006962687171128148,0.0013397955602268874,8.195942263602764e-06,5.49406271983164e-05
64,0.00018732405516008017,1.376395740026633e-06,1.4667117641108093e-05,0.0010813145940949797,0.00010932382841154667,0.0019272988742567163,0.056503873732045504,0.025443045186447983,0.024724487609635564,0.039647595285945976,1.0199520745534415e-05,1.8832325856210498e-06,0.00034197331850450383,4.4881082895691484e-05,0.00012902188337837216,0.8332018060559174,0.0005096945559504909,6.481217549383378e-05,0.003658027887807873,0.010024531847514137,0.00011486662343086911,0.0007507151342054153,0.0014428418154701149,8.31521673113484e-06,5.612296998944679e-05
65,0.00010818282960967939,1.4856622973238003e-06,2.6673171433139135e-05,0.0015707445817369067,0.00010962640682538403,0.004114682777802268,0.06440370952075944,0.03484001087408958,0.015745382771678907,0.028358040178053177,1.2991360085000843e-05,1.4795709026629372e-06,0.0003710026722608335,4.3466522993306445e-05,0.00035369699040325585,0.8331930972062608,0.0005775552619823006,2.957717856085433e-05,0.004215606435048932,0.008960651847389058,0.00017760016000568387,0.000838644213944229,0.001905063296147156,7.657823121015612e-06,3.337068660927794e-05
66,0.00015021463341287025,9.513037964578169e-07,1.2207828304539532e-05,0.001074595514050885,0.00011466957899466844,0.0013467088375520026,0.02895777750331191,0.014441452165735138,0.018676575754932336,0.05065656035511069,8.805669073921486e-06,1.7227482398322133e-06,0.00028170147484309906,4.666057313382333e-05,6.0435461432045974e-05,0.870823767981237,0.00038443332750954905,6.331581267692785e-05,0.002483535832235924,0.008907363986204586,9.90303835331503e-05,0.0004972304651923476,0.00086804708213099,8.03009741317589e-06,3.420562994249893e-05
67,0.00024338520050062136,1.3720122596460761e-06,1.3982562711252614e-05,0.00101630013509481,0.0001294615408393272,0.0010033038943004398,0.05174414488346084,0.03473342627256368,0.034068745389631276,0.035209985532804466,8.582010171477848e-06,1.4162141126581364e-06,0.00037779250842217687,2.774110951835223e-05,9.065258379119778e-05,0.828973757768184,0.0004040296103424542,5.083821423456941e-05,0.004135506177507319,0.006188575226701223,6.645003947394221e-05,0.0005919903420568203,0.0008742861376879733,6.234845817846231e-06,3.803978781164003e-05
68,0.00018706429804745653,2.333090363360445e-06,1.7204120645678357e-05,0.0010777294355201184,0.00018928092008897097,0.0022074387204391987,0.058845012088303957,0.021264858163235326,0.03683397084092669,0.05501613122669621,1.3478320417129981e-05,1.4817205527007764e-06,0.0002435520117864964,5.780278130744007e-05,0.00025271015176324364,0.8091506824318735,0.0004320023790402757,3.920799817835781e-05,0.004296456602599048,0.007169095658176205,0.00011805221807568453,0.0011917929820581148,0.0013118711096748168,1.227186545579624e-05,6.851886477440054e-05
69,0.00019345037093426183,1.3521086886220886e-06,1.4639857328078072e-05,0.0009778942730244166,9.387193207557869e-05,0.0022052840805682375,0.054972239529468926,0.02497045295367667,0.02134918090334812,0.03825973653305678,1.0932045212527512e-05,2.2197121242923746e-06,0.0003848126877403021,4.725442436139327e-05,0.0001286301925123871,0.8371201321604186,0.0005685953410816801,7.191850058616178e-05,0.004194743203193932,0.011877037815001979,0.00012167230467033857,0.0007830611132725344,0.0015863397735538494,8.137349488890053e-06,5.641083461152281e-05
70,0.00014251049109520285,9.745634175259616e-07,1.1610920205920244e-05,0.0011304678013429068,8.532141705413635e-05,0.0018333554262542785,0.04444529401826491,0.02005060156839696,0.02251661430478262,0.03292576586759116,7.885831376699744e-06,1.5330104862732055e-06,0.0003119772959121446,4.0282065094128375e-05,8.550343774041653e-05,0.8631431556358347,0.0005186562896210536,6.191290352861044e-05,0.0021968728787010046,0.008673141191485859,7.444408560036366e-05,0.00048300152815168384,0.0012106287180112594,7.591191516933889e-06,4.0897558533145534e-05
71,0.00018227484211323717,1.1983929703526854e-06,1.1887636960605366e-05,0.001008092760925129,9.664702460541011e-05,0.0016426759593102193,0.05145862531547317,0.023595562471926602,0.024949904321345757,0.03604105240295305,8.9448242505456e-06,1.781653855619483e-06,0.00033805618444668106,4.082858950260218e-05,9.827447909025221e-05,0.8457464945347095,0.0004975904930981865,6.697300208035805e-05,0.0030725915081755797,0.009084037164295176,8.750878602621741e-05,0.000625505094987925,0.0012851498986489612,7.585597532616862e-06,5.075706071604712e-05
72,7.86467045607269e-05,5.630592268874362e-07,6.124395107710829e-06,0.0009129986601448534,6.429884827669414e-05,0.001477083207319037,0.038357893973137616,0.011375912609355492,0.012794292355999775,0.019750772736198782,5.838496726035956e-06,8.427334990055635e-07,0.00022627508830835416,2.005004146282648e-05,5.315034828612637e-05,0.9078455716059298,0.000259295912194335,3.962469227580554e-05,0.0010701823316617554,0.00478779755885533,4.274434769124003e-05,0.0001466212679796593,0.0006624394088383629,4.2980745079769385e-06,1.6681542455734623e-05
