,0,1,2,3,4,5,6,7,8,9,10,11,12,13,14,15,16,17,18,19,20,21,22,23,24
0,0.0006489287949183675,9.061994255261643e-06,2.2814813362260443e-05,0.0016709464698224938,0.00028077044784265864,0.0024436117814848816,0.14433035905987132,0.04098956262436033,0.18354162395657858,0.036140926609445005,3.1105049045658175e-05,4.0831121378941765e-06,0.0005413046342059038,0.00010821131114837812,0.0004962374647272596,0.5664312487145291,0.001732184149875634,8.839580391580388e-05,0.006432152563940379,0.006607162115047118,0.00012534898063870634,0.0027484917287141056,0.0042123465917120375,2.5357763834307973e-05,0.0003377634645864145
1,0.0001953871161358066,2.409615776828762e-05,4.58214174862839e-05,0.004596739584671085,0.0002483256463523722,0.006728700271688854,0.6941322257734153,0.025130103573042937,0.0076656988173905245,0.005645082431018884,0.00015430317499538418,0.00014424932023144932,0.0007929962059128123,0.005701985440505048,0.006108923423925132,0.0271233358182205,0.007895261782084646,0.0013138125515222223,0.0021227096366788455,0.024900225275026475,0.01054648099623141,0.055607833533995996,0.09871809398078076,1.3976953495807627e-05,0.014443631117423396
2,0.0007539937931080184,9.511792527558199e-06,2.6513316872306756e-05,0.0016694542910777378,0.0003351916100589228,0.002146085538943141,0.15811889633466114,0.047152697594564835,0.22666854885507604,0.041888581832541925,3.053464149854968e-05,3.7484351265586484e-06,0.0005114028525858518,0.00012245478018864657,0.0005554136737326627,0.49429046414320804,0.001608605417478385,9.602111454411487e-05,0.007054366568670091,0.008145172194984292,0.00012730284019679135,0.0036456187333451244,0.004569617183187042,2.9924616610103814e-05,0.00043987784521208823
3,0.000694084358467691,9.707540237546566e-06,2.3253027938494023e-05,0.0017873617502137237,0.00029754566236553284,0.002333022295581913,0.14456455379898225,0.041769536246129606,0.1990275971354031,0.03573639984885968,3.241232944555059e-05,4.207335130141311e-06,0.0005417418665723588,0.00011258654552914623,0.0005057495975492873,0.5506719790429883,0.0018657499435202724,9.200728643438774e-05,0.006163424189370653,0.006164990136014205,0.0001253606625575004,0.0027810544365646063,0.004308108625928851,2.612446022416414e-05,0.0003614418779911794
4,0.0007027473781855609,1.0819579215354406e-05,2.2579256649856724e-05,0.0018427957313163533,0.00031388893335217643,0.0023602394342187166,0.14254006168479988,0.0412359037007831,0.20305197839400663,0.0338510496769794,3.5596457235866834e-05,4.802748269198347e-06,0.0006196863819669834,0.00011905937492268071,0.0004881177084448322,0.5507768288833527,0.00198512675473223,9.472768787205579e-05,0.006256828702222936,0.006004992016783212,0.0001277992433383962,0.0026765384470525478,0.004488793513104072,2.5449316196949744e-05,0.00036358899499847795
5,0.0007590477934598825,8.124198349777372e-06,2.339679648555615e-05,0.0020005115691331433,0.0002735679573979971,0.0021403312260139147,0.14386056647633258,0.04262622877939769,0.1960273318140455,0.039413399531605525,3.0222217978628982e-05,4.219228062514802e-06,0.0005107230792292271,0.00012108598047917803,0.00043998791207564746,0.5492949165174922,0.001978824116403887,0.00012073116632711883,0.005308748490987919,0.007226219021569547,0.00012562911429485623,0.002796112955445345,0.004479219491495218,3.0447615436059186e-05,0.0004004069505011139
6,0.000694084358467691,9.707540237546566e-06,2.3253027938494023e-05,0.0017873617502137237,0.00029754566236553284,0.002333022295581913,0.14456455379898225,0.041769536246129606,0.1990275971354031,0.03573639984885968,3.241232944555059e-05,4.207335130141311e-06,0.0005417418665723588,0.00011258654552914623,0.0005057495975492873,0.5506719790429883,0.0018657499435202724,9.200728643438774e-05,0.006163424189370653,0.006164990136014205,0.0001253606625575004,0.0027810544365646063,0.004308108625928851,2.612446022416414e-05,0.0003614418779911794
7,0.0006869712430481374,9.633763702223195e-06,2.2784635225174837e-05,0.0017896228615909941,0.00029644876349380745,0.0023549144180460995,0.14399893108439657,0.040629096302511644,0.19918747746932158,0.03612513514990821,3.210734440189369e-05,4.219710922742371e-06,0.0005251437635192865,0.00011499008391646816,0.0005040415435408274,0.5518899254392576,0.0018705366852794759,9.325902023982367e-05,0.006014731479129932,0.006179966662485163,0.00012658598257644883,0.00278559595498312,0.0043616000277155965,2.632263184744912e-05,0.0003699579789397439
8,0.0008371769500426538,1.0128659173464707e-05,3.185524238677733e-05,0.002189440269980831,0.0003430980254147551,0.0021343848124369988,0.15415634263837433,0.04027341596083528,0.27311785456589877,0.05665204178375029,3.4047233996815476e-05,3.2658479037477903e-06,0.00038924673610092993,0.00016401615125838566,0.0006988106705421054,0.4446686703957675,0.0017982333708187349,0.00010938205914577273,0.005193869336532491,0.007379498746632602,0.00014303210577052403,0.004353147058094378,0.00466528542060505,5.3941950207043505e-05,0.0005998140083299384
9,0.0007799074370952708,7.923230366118363e-06,3.451314038400541e-05,0.0023974110825831407,0.0002974776115572938,0.00226585585322701,0.11838555553813804,0.04783223295916304,0.2147757797769686,0.049710079911332035,3.3620376529308986e-05,3.33044202019697e-06,0.0005038517877152666,0.000131632358982615,0.0005266915992349828,0.5386498352823059,0.0019825832128602863,0.00010033124607585686,0.005689395539569136,0.007718856646373954,0.0001328088625797295,0.003291870568439609,0.004365100539139043,4.3635728326581965e-05,0.0003397192690329703
10,0.000694084358467691,9.707540237546566e-06,2.3253027938494023e-05,0.0017873617502137237,0.00029754566236553284,0.002333022295581913,0.14456455379898225,0.041769536246129606,0.1990275971354031,0.03573639984885968,3.241232944555059e-05,4.207335130141311e-06,0.0005417418665723588,0.00011258654552914623,0.0005057495975492873,0.5506719790429883,0.0018657499435202724,9.200728643438774e-05,0.006163424189370653,0.006164990136014205,0.0001253606625575004,0.0027810544365646063,0.004308108625928851,2.612446022416414e-05,0.0003614418779911794
11,0.0006800630148888827,9.8777478869686e-06,2.297754713022789e-05,0.0017868829870535988,0.00029197495072171063,0.0023314126374346365,0.14320027607293512,0.04305871611695388,0.19515474026799368,0.034085971999163016,3.264546288318784e-05,4.354331593372321e-06,0.0005855568491963446,0.00010922066033858428,0.0004894857510668017,0.5564725889649075,0.001916046290999321,8.973058047449933e-05,0.006262665681821219,0.0060132163042771886,0.00012144150511644046,0.0026964015644683577,0.004219394101325763,2.485270479347301e-05,0.00033950590457622754
12,0.000595602025868234,5.110025290880072e-06,2.2209659555332266e-05,0.001357033699609631,0.00010605219500458577,0.0015430159976875422,0.12491248292259831,0.07608360808976312,0.15570577107808978,0.04255512591027089,2.1590932424961815e-05,1.8982366611154353e-06,0.0004682257590714236,4.236440827405515e-05,0.0004840826964341282,0.5770027966934556,0.0017690435236058064,3.887745196458834e-05,0.007992343666293695,0.003644449244106995,8.306802012428273e-05,0.003584375648684814,0.001839950804747108,2.1365374675648186e-05,0.00011955593573736363
13,0.0005759154471028272,6.368633120001462e-06,2.0968533535497947e-05,0.0013664698355726028,0.00021588360622282811,0.0021646656920159125,0.16112888006315942,0.0399667517946778,0.1809606151811765,0.04461168628647509,1.647194571911621e-05,2.808453955065339e-06,0.0003494808876213696,9.730634387108732e-05,0.00040695625859054734,0.5470190684227573,0.0014788614110890768,9.508253938213803e-05,0.005105399521254885,0.007514434548338134,9.498976812156404e-05,0.0031084894553726062,0.003257151395035766,2.336951761171285e-05,0.00041192445822102946
14,0.0005282347940934281,2.208868062197126e-05,1.743093661345009e-05,0.0008586458466232754,0.0004740887916848576,0.004098878588623207,0.13803048191477607,0.02531374980237998,0.09421374808700131,0.01954533708139243,5.0262830646544116e-05,9.469184711866293e-06,0.001029186734180125,9.855017856986415e-05,0.00048684170758619196,0.6881307820150911,0.0010678850570557136,5.8003467263424615e-05,0.016034288407531946,0.0045297430924572364,0.0001651867472063892,0.0015978473805391084,0.003420618973252326,8.988193377987964e-06,0.00020966150672007642
15,0.000694084358467691,9.707540237546566e-06,2.3253027938494023e-05,0.0017873617502137237,0.00029754566236553284,0.002333022295581913,0.14456455379898225,0.041769536246129606,0.1990275971354031,0.03573639984885968,3.241232944555059e-05,4.207335130141311e-06,0.0005417418665723588,0.00011258654552914623,0.0005057495975492873,0.5506719790429883,0.0018657499435202724,9.200728643438774e-05,0.006163424189370653,0.006164990136014205,0.0001253606625575004,0.0027810544365646063,0.004308108625928851,2.612446022416414e-05,0.0003614418779911794
16,0.0006827412198607925,1.1064666507367604e-05,2.8283489250115895e-05,0.001736471102434176,0.000331572816872367,0.0024147114816800504,0.1339562986664641,0.047012328276071096,0.24196125364044468,0.02985846372900032,3.424950239367623e-05,3.460168486183673e-06,0.0006575085582615867,9.483511522342188e-05,0.0005377560055817536,0.5196837549643505,0.0018355593887003595,6.52726492520711e-05,0.006917146514121696,0.005370618515458924,8.891430034015407e-05,0.0025797561508456588,0.003836333647639963,2.6126783828288913e-05,0.0002755186469306003
17,0.0007632937011822689,1.013244222189881e-05,2.2667720644769527e-05,0.0018198297471375745,0.00030323105210055656,0.0022059892520438712,0.14857875819318897,0.04395688187975526,0.20017592190747335,0.03556936382675993,3.258884193179344e-05,4.9220114915148045e-06,0.0005763675211669185,0.00012194189278825635,0.0004723674490304651,0.5420769325819554,0.002023720379425679,0.00011073736415189122,0.006266700229310828,0.006666953542449893,0.00013557927737062659,0.0029105140589396764,0.004749085087919794,2.539470916481009e-05,0.00042012533039392146
18,0.0008742869314452733,1.189196581595444e-05,1.9025694331336697e-05,0.001654914874999932,0.00025188094931497744,0.0023981795042426076,0.1620221799454358,0.03825087014971373,0.23129819065609292,0.04245511592676429,3.1025916753265825e-05,5.920950203590995e-06,0.0005230508397187426,0.00015573181582864787,0.0004486692947666747,0.49404006162737607,0.002629277460433826,0.0001500710539217087,0.005633718303319865,0.007195593211926699,0.00014551202898867768,0.003679113855461113,0.005424961197775103,2.8835831833196245e-05,0.0006719200135361683
19,0.0006450832311978837,9.623062940713907e-06,2.375440484962423e-05,0.0018780932862817365,0.00033621991230613885,0.002020431350155525,0.1555874109230494,0.04966235137559963,0.20291823236969161,0.03084627962755962,3.207123425932501e-05,4.351406565174494e-06,0.0006324624378588996,0.00010533920688976417,0.0005056878284296643,0.5329617691345829,0.0017398539071968953,8.478544997918477e-05,0.006461520202931998,0.0062223008682533556,0.00011622870663252903,0.0027736649543665722,0.004083870757893646,2.309961669080402e-05,0.0003255147438373668
20,0.0005950182360276151,1.0420081967134821e-05,2.603125873886161e-05,0.00184267172794381,0.0003089181564502214,0.0025283069556741515,0.18153284693918023,0.052213129321684454,0.19438306279498233,0.03669582783593406,3.601260388013099e-05,3.899630192863721e-06,0.0005190250200221351,0.00011512804694032627,0.0008422673362597353,0.5032379921015594,0.0017364045603716816,6.870624606273623e-05,0.007443887095473094,0.006442522970675238,0.00016572409621674658,0.0040404394414930945,0.004814378195053463,2.701927614784318e-05,0.0003703600710686254
21,0.000753020177732715,1.0255745097166589e-05,2.3316756673502927e-05,0.0018389608596894832,0.00033979133604429334,0.002296302474097885,0.13421383077477697,0.03700584833101737,0.19212124073717093,0.04004309711070768,3.647926890148615e-05,4.822212784379997e-06,0.0005353765675605979,0.00012833077727824804,0.0004835731184308865,0.5676659691129848,0.0017863166106078705,0.00010665077763874373,0.00630075714474064,0.006550897038994758,0.00014831076104670034,0.0027340645915381826,0.004453118841626533,2.8167399311260106e-05,0.0003915014735469918
22,0.0006398724193369467,1.0784437674473544e-05,2.195280021499835e-05,0.0015854457278828764,0.00033364636410235834,0.002336023662334097,0.16055848399908434,0.04121413976378943,0.2140997982301531,0.03189519413578093,3.118891170453917e-05,4.018624679076664e-06,0.0005564991159432297,0.00011046578174158633,0.0005435909278016163,0.5241108269062104,0.0016000936714265876,8.07791551533373e-05,0.0065209892593384505,0.006052430830803349,0.00011449975184812482,0.002754968884244921,0.004412719836368516,2.3401123348794563e-05,0.00038818567903398544
23,0.000694084358467691,9.707540237546566e-06,2.3253027938494023e-05,0.0017873617502137237,0.00029754566236553284,0.002333022295581913,0.14456455379898225,0.041769536246129606,0.1990275971354031,0.03573639984885968,3.241232944555059e-05,4.207335130141311e-06,0.0005417418665723588,0.00011258654552914623,0.0005057495975492873,0.5506719790429883,0.0018657499435202724,9.200728643438774e-05,0.006163424189370653,0.006164990136014205,0.0001253606625575004,0.0027810544365646063,0.004308108625928851,2.612446022416414e-05,0.0003614418779911794
24,0.0006319137634953111,9.308310514925351e-06,2.0808689396663736e-05,0.0020341265265205683,0.0003644227568413237,0.0020559410570448536,0.12819854691761653,0.0383345289565002,0.18757192559295105,0.030967731981915523,3.3081888162950335e-05,4.673209158406434e-06,0.0006027692315722876,0.00012243228971430515,0.0004061621663108481,0.5888101317042997,0.0016948921462334038,9.811928711290048e-05,0.005349224866117279,0.005856788481277242,0.00011440919871199707,0.00209437107082302,0.004274940045114386,2.3508074689437844e-05,0.0003252417879048056
25,0.0007182559730974968,7.07891075945556e-06,2.3986644410609225e-05,0.0021092334384240708,0.00028145816686806104,0.0016448171864540276,0.14426962281631017,0.061547425672392485,0.16048364394105957,0.031849453055872244,3.221767255710338e-05,3.906304011860765e-06,0.0006298186186294907,8.783068387990247e-05,0.0004580582788807384,0.5741649081922845,0.0017030677345671232,8.994635074004143e-05,0.006780972736594428,0.006192257118541962,0.00012934800349643185,0.0025139261667956074,0.004006874485348854,2.158878642978034e-05,0.00025030306159405126
26,0.0007743377016400564,1.0160851505731601e-05,2.546089921214082e-05,0.0019354773102840854,0.00032012914187071087,0.0022654938078661866,0.12995248104392107,0.040555593347973845,0.280007892458785,0.03103052980187108,3.37683450953822e-05,3.556388788898195e-06,0.0005612019752951737,0.00011120657547369163,0.0004640146122047091,0.4909257244118104,0.0020503921396281158,9.145744309623764e-05,0.004993003558879591,0.00596366925076525,9.141191351781586e-05,0.002537281182872877,0.004882643715588691,3.533461161378369e-05,0.0003777775104394283
27,0.0006412640787006872,1.0053849542028461e-05,2.226718853902509e-05,0.0016562514089126445,0.0002890558065955197,0.0023575172029289037,0.16063788828083775,0.040562620034889016,0.23903575621579357,0.03952560171480239,3.0816911637875294e-05,3.6419582432578744e-06,0.00048448902947506145,0.00012002732583664088,0.0005787591751143935,0.49145255433161933,0.0017849096029124495,8.184366223050295e-05,0.005854674143387918,0.006471793754335097,0.00011698660903545483,0.003511568145281477,0.004320575671528564,3.0263844598448493e-05,0.00041882005322204014
28,0.000694084358467691,9.707540237546566e-06,2.3253027938494023e-05,0.0017873617502137237,0.00029754566236553284,0.002333022295581913,0.14456455379898225,0.041769536246129606,0.1990275971354031,0.03573639984885968,3.241232944555059e-05,4.207335130141311e-06,0.0005417418665723588,0.00011258654552914623,0.0005057495975492873,0.5506719790429883,0.0018657499435202724,9.200728643438774e-05,0.006163424189370653,0.006164990136014205,0.0001253606625575004,0.0027810544365646063,0.004308108625928851,2.612446022416414e-05,0.0003614418779911794
29,0.000694084358467691,9.707540237546566e-06,2.3253027938494023e-05,0.0017873617502137237,0.00029754566236553284,0.002333022295581913,0.14456455379898225,0.041769536246129606,0.1990275971354031,0.03573639984885968,3.241232944555059e-05,4.207335130141311e-06,0.0005417418665723588,0.00011258654552914623,0.0005057495975492873,0.5506719790429883,0.0018657499435202724,9.200728643438774e-05,0.006163424189370653,0.006164990136014205,0.0001253606625575004,0.0027810544365646063,0.004308108625928851,2.612446022416414e-05,0.0003614418779911794
30,0.000694084358467691,9.707540237546566e-06,2.3253027938494023e-05,0.0017873617502137237,0.00029754566236553284,0.002333022295581913,0.14456455379898225,0.041769536246129606,0.1990275971354031,0.03573639984885968,3.241232944555059e-05,4.207335130141311e-06,0.0005417418665723588,0.00011258654552914623,0.0005057495975492873,0.5506719790429883,0.0018657499435202724,9.200728643438774e-05,0.006163424189370653,0.006164990136014205,0.0001253606625575004,0.0027810544365646063,0.004308108625928851,2.612446022416414e-05,0.0003614418779911794
31,0.0009547538020570432,9.185371003412485e-06,2.8810122529412198e-05,0.0017895422922457505,0.0003120412226435119,0.0017891177383536842,0.14573286884972103,0.06068026011418369,0.18922656650440361,0.03408887855303172,2.979811171660453e-05,4.6317907657035326e-06,0.0006665024771474883,9.860126907530312e-05,0.0004237281386134025,0.5390928066203344,0.0019035990333711303,0.00012025772002962881,0.007871801805959627,0.007367499062615909,0.0001254913349178815,0.0028925925725430818,0.0043832755130007684,2.3544030154460926e-05,0.0003838459495817799
32,0.0007020033884196058,1.0003160890352975e-05,2.3893493022912792e-05,0.0017117166506862688,0.0003069451783818109,0.002333636728805711,0.14548224175343338,0.043370953184592075,0.1922317570089974,0.03538108146774324,3.294651496994907e-05,4.389256632697748e-06,0.000560220261379129,0.00011080297375766296,0.0005196894697594554,0.5544070410179551,0.001812894951889575,9.0325602413028e-05,0.006889115115511261,0.006323049337916766,0.0001299407537499804,0.0028795906552720528,0.004302715082528443,2.4936944511621624e-05,0.0003581100467804328
33,0.0006544874066717203,8.886829381421447e-06,1.8810879033136663e-05,0.0016640652618129083,0.00023669742281661103,0.0020971467816823055,0.13913726722222056,0.04338710519546361,0.18802797740353058,0.032929679086454534,2.749863666431176e-05,4.484715052413226e-06,0.0005987581847786657,0.00010137448332575582,0.00038176377594966777,0.5706082799395699,0.002087054770853143,9.406078224459351e-05,0.005674469164315578,0.005613316809038314,0.00010163879304220492,0.002528422197614157,0.0036846708147352048,2.0884184102007085e-05,0.0003111992596466414
34,0.0012733211428364608,1.646824916658186e-05,3.218830057822514e-05,0.0014905583611571306,0.0004614330024353651,0.0018149918731803576,0.13647346812381675,0.05021481723826665,0.28105535926970865,0.038270595590752896,4.7300916893389546e-05,4.952897318659293e-06,0.0007321724350081579,0.0001124391908374803,0.000557856593772026,0.45906435793770023,0.0016750659653682171,9.5060427817242e-05,0.012057573005103881,0.006006162091507176,0.00013215222823630037,0.0034972223761927696,0.0044245372014892065,3.144860265444463e-05,0.0004584969782017138
35,0.0015381157583909545,7.433382872926237e-06,1.814736789149976e-05,0.0014499048417208125,0.00017223939602132912,0.000919218831727431,0.11991813205848757,0.0656149874657899,0.2238680953652191,0.03690871279226226,2.0511543521888443e-05,4.48037196405183e-06,0.0006032259358822824,6.38888506023439e-05,0.00018782401562996052,0.5300570197788428,0.0023969873477829784,0.00017723200230197771,0.006022991822273947,0.0047612990334507995,7.060219837554822e-05,0.002341984136145638,0.002522784017233835,1.998645802923178e-05,0.00033419522757898893
36,0.0005825553634083334,7.87747607460483e-06,1.6022173162475647e-05,0.001665267029806161,0.00019289827936158312,0.002028679445490446,0.13328015694402523,0.04584746839746203,0.1925107679998406,0.02838401220430886,2.4198146707414034e-05,4.09463885866887e-06,0.0005574124274267547,8.841660902092847e-05,0.00036268765950608965,0.5761279554414382,0.0023324773236197602,8.244977747224977e-05,0.00476375788033178,0.004709985569801273,8.69022009752967e-05,0.002431629954775316,0.003623916034342898,1.875641301929522e-05,0.0002696546097636626
37,0.0010582147757416211,8.648359834287249e-06,3.1049056016281464e-05,0.0022197094213039412,0.00029721739421613907,0.001886093507968731,0.13796958219642702,0.047881214842121544,0.19963730918917258,0.0444012209638875,3.6692996845436126e-05,4.420789874854832e-06,0.0005600897577492865,0.00012154737304886732,0.0004653707062179292,0.5395762299052466,0.002093006067256794,0.00014204493376503323,0.0063505414261447925,0.007388748050777342,0.00013612962899766726,0.002997274647286139,0.004288350290561581,3.979747396093823e-05,0.0004094962455770329
38,0.0008898550959640783,1.1725289661304678e-05,2.7002848630211256e-05,0.0020285254436772167,0.0003690852431691977,0.002030154645929615,0.14317409588038,0.04330210580124939,0.27357519341267644,0.04206881328109586,3.563717743171139e-05,4.562582284375531e-06,0.0005476565267189179,0.00014110533374653083,0.0005070475041725884,0.46787991771890625,0.0020480509233373953,0.00011556298584782218,0.005883491518087983,0.006728165441704315,0.00013051007640724384,0.0033815177321558205,0.004585726661402648,3.450258972572506e-05,0.0004999882856373341
39,0.001068002462388093,3.430507643404742e-05,2.6078014156310266e-05,0.0008071892235352278,0.0007481703584005335,0.0010074996336993673,0.020952750337273778,0.0021083673282110624,0.7910739754510384,0.059525272474371616,7.522167023665004e-05,2.8935116078738362e-06,0.0002850847039608841,0.00031424679204831746,0.00014215851513630284,0.11536982484985434,0.0007790364720612836,8.726633965502074e-05,0.001704037732086399,0.0016854333261718708,1.658286443870288e-05,0.0012143000040855333,0.0005519294947174524,0.0001328631308545511,0.0002875102335763711
40,0.0009177947739465783,1.8486270257885226e-05,4.69123418128837e-05,0.0018814751960242288,0.0006118917541013539,0.0033201843981112205,0.15499774480867887,0.04140167999743322,0.2019289191823688,0.04014043369225894,5.060115173408851e-05,6.7549685175997075e-06,0.0006471877366977425,0.00016905301878121826,0.0009144158228355998,0.5225498570059363,0.0017717370140052763,0.00010552798992615306,0.010914382606673349,0.008050502759784734,0.00020035922413179675,0.003958624921397893,0.004845265535001525,3.442886405633223e-05,0.0005157789655262557
41,0.000956967543521357,8.320461343203753e-06,2.412652588352527e-05,0.0016324132812260855,0.00023488380832136733,0.0022283451669730036,0.1866604716881883,0.048717345786759694,0.1464235243953217,0.046308168317895505,3.374147458653042e-05,6.1235110722840655e-06,0.0004979088251357358,0.00013549662166829616,0.0005827425801254099,0.5333317422537954,0.0021321552411416385,0.00016079894922444931,0.008992366550006937,0.010023225948510977,0.00021649878176426945,0.004549108447561124,0.005524164053036298,2.9266571614629315e-05,0.0005900932153222168
42,0.0008424541134614762,1.1761423602218742e-05,8.699479068554486e-06,0.0027478357229695377,0.00035037388525926017,0.0038522482061111893,0.13951429156926723,0.005252416165205415,0.3239070649552557,0.02421702155731054,4.2296526196543196e-05,4.032183627598188e-06,0.00038275377207649323,0.00033328966254946366,0.0002075517054805201,0.478172568669138,0.002201783505675631,0.000382536071049027,0.0007102475590493546,0.004887833642672333,5.417441825927997e-05,0.0004356018017356678,0.009949424816398893,6.657274731046256e-05,0.0014651658412695547
43,0.0009531390672179489,1.6351002806073838e-05,2.381862884072223e-05,0.0018831903605689066,0.00035893100175095495,0.002392115007276049,0.17509595103772904,0.0507489026343243,0.171643945734719,0.017052427566542468,4.071301955058173e-05,9.463677993959702e-06,0.0009763796369911809,0.00010928165342253994,0.00046828974671509616,0.5553053593699747,0.002636619309290756,0.00013409626236491728,0.007673549787501984,0.0046327424584248255,0.0001310040658801603,0.0020851893940827698,0.005197955202728067,1.677426797314563e-05,0.00041381010532987413
44,0.000694084358467691,9.707540237546566e-06,2.3253027938494023e-05,0.0017873617502137237,0.00029754566236553284,0.002333022295581913,0.14456455379898225,0.041769536246129606,0.1990275971354031,0.03573639984885968,3.241232944555059e-05,4.207335130141311e-06,0.0005417418665723588,0.00011258654552914623,0.0005057495975492873,0.5506719790429883,0.0018657499435202724,9.200728643438774e-05,0.006163424189370653,0.006164990136014205,0.0001253606625575004,0.0027810544365646063,0.004308108625928851,2.612446022416414e-05,0.0003614418779911794
45,0.0020700443930613964,2.9772530637408056e-05,2.3325303067252424e-05,0.0018115593579341367,0.0005972875763661394,0.0024586302010996754,0.10100836614922168,0.01763954092615042,0.39468336198542836,0.061275225894970954,6.304950287450372e-05,1.7960127223317023e-05,0.0006950556217231289,0.0004740007197274027,0.0002569454852775471,0.3792675227685449,0.003967642482186105,0.0005200654574558604,0.005885580639617606,0.01047468182275345,0.00024798843405470015,0.004228735438982169,0.009948954179464804,5.232849346564748e-05,0.0023023745087113576
46,0.000666529377987496,8.6831254764228e-06,2.177876565715099e-05,0.0019431207451441196,0.00023520274752148837,0.0024403326719434552,0.13048625555864762,0.043265256463864116,0.18163522458606093,0.03301117256129443,3.164916281901741e-05,4.339164684733079e-06,0.0005658377331023213,0.00010379458411657441,0.00044923265913506303,0.5845414097405063,0.00230980913685635,9.282700306053338e-05,0.005359310888083169,0.005576696229167845,0.00011967845656968069,0.0025465570439844637,0.004260060708263459,2.5325945717123054e-05,0.00029991494033624455
47,0.0008242314696200428,1.0886991150711342e-05,2.237260985743007e-05,0.0014453308097641783,0.0002646596351720263,0.0020843957591920453,0.15427530688036073,0.047016625840083086,0.20431657261154862,0.03788144716050061,3.0410961359717658e-05,4.9586667168375365e-06,0.0005711467589918521,0.00010339842993182551,0.00048389339099853015,0.5267811277582177,0.002016012901310747,0.00010128487690347009,0.007623590952350565,0.006240260710642639,0.00012502172298080026,0.003495941138177755,0.0038501304149229088,2.3622289315625536e-05,0.00040736925992961275
48,0.0005405017527809017,9.615776990110371e-06,1.9164294535891212e-05,0.0014606606604992674,0.00014634522369978153,0.0028303361698435586,0.13581570587426636,0.060974289948610705,0.12494337778563377,0.017181320258486066,2.6792764074783248e-05,4.408898526502961e-06,0.000857752203279444,5.158822763847773e-05,0.00041477560001489447,0.6367602816417898,0.0027058733795361804,5.2052505303745965e-05,0.007256926313509688,0.0030745814186724967,8.306205452843977e-05,0.0017690948931658695,0.0028752517233008564,1.113457011109765e-05,0.0001351060612014446
49,0.0007047503577962774,1.1204693013501267e-05,3.0763380401630995e-05,0.0018668649020949185,0.00032861119941951766,0.0029244002975627958,0.14882237732993508,0.04220240622490346,0.18876779276520728,0.04009686506310758,3.659632129777814e-05,5.351820516768318e-06,0.0005725428397886747,0.00013561847977574135,0.0006391913807216523,0.5470481720311354,0.0020960192422339887,0.00010177358842507707,0.0072184737311235475,0.00772410613251561,0.00015888142954316253,0.003583666394756277,0.00448504959982958,3.0432762593268673e-05,0.0004080880323014517
50,0.000700499036930234,9.620738081930375e-06,2.3066024475511897e-05,0.0017546736344469685,0.0002947887892036937,0.002268884522807398,0.1479354067617383,0.042276242989185676,0.2003416923902001,0.03657304157224735,3.168650686332894e-05,4.120486707951682e-06,0.0005347909955839831,0.00011185833046141955,0.0005047045749308721,0.5446508049534384,0.0018289584879195553,9.235201069498643e-05,0.006236079617083613,0.006221498096462736,0.00012444868065036966,0.002847645014456941,0.004237252992351517,2.6033134076811024e-05,0.0003698496590003511
51,0.0005418750332097825,1.1627824170681948e-05,2.1416604060529983e-05,0.002566786338458686,0.0003367901236849922,0.0017267760935152233,0.12753214387049605,0.04072658991121049,0.3157098578132983,0.03413178200483172,3.3317012202422733e-05,2.8359583154868916e-06,0.0005420436997074307,0.00010258706864704561,0.00048726476139698534,0.46230070617111785,0.0018211788877788978,5.453128322015734e-05,0.003350577955225708,0.002934965552507815,8.078007046371584e-05,0.0021541696402775957,0.0025724064919866916,2.864149887135177e-05,0.00022834833134451453
52,0.0007003040946727357,9.238806927359326e-06,2.3168542885271387e-05,0.0018062386508310606,0.0002904335318790809,0.002302892687162602,0.14045823610677619,0.04080396178142068,0.19541999050682968,0.03645162007235955,3.204864780896435e-05,4.1198597467391375e-06,0.0005333235274962629,0.00011165250243436878,0.0004835365079644326,0.5590775507200244,0.0018515544630789095,9.476746456216594e-05,0.0059574152373816965,0.006221641377435341,0.00012155071565514979,0.0026812043486804382,0.0041861463845763005,2.685555920961484e-05,0.00035054790220102904
53,0.0007574749271794541,1.0400764960957305e-05,2.5934925592749716e-05,0.0018374999145992685,0.0003178122250548307,0.0024043688797385776,0.1332888258426842,0.041954961536395725,0.2008788233433029,0.03751569158861614,3.498339675203305e-05,4.545940522556259e-06,0.0005652621120245967,0.00011740139089340861,0.0005064383755937365,0.5570569442041922,0.001965353764900473,9.613169834441962e-05,0.006660166807220099,0.0062866313348081395,0.00013384279251719427,0.002871152649564583,0.00432031004417735,2.7698510482598726e-05,0.0003613430298818975
54,0.0007211302107601602,8.736892952462968e-06,2.9030975488745754e-05,0.0021132888059916285,0.00032043447796947647,0.0023979430796120275,0.1357850971601279,0.047571284976515825,0.1878454236042061,0.03561484240561296,3.624463071281377e-05,4.083202782675189e-06,0.0005899497493287475,0.00011140831483887589,0.0005416465794131212,0.5628791492416169,0.0018969770978739212,9.210272856059143e-05,0.006575883734070805,0.006975086125656415,0.00013808057625776414,0.0027707134361612236,0.0046359028189136234,2.930991130601039e-05,0.00031624926326930447
55,0.0004701660589453338,5.4406260235740005e-06,3.207681144083519e-05,0.0022142246276747757,0.00021074829930538126,0.003251723630419896,0.12564616282778063,0.052761029510021346,0.13854151573788248,0.04314376632382693,3.0196078518864543e-05,1.954565514693791e-06,0.00045014937060875815,9.571282940753637e-05,0.0007214015900073357,0.6092963376043429,0.0016662529289972327,4.912055005399259e-05,0.00643936337465823,0.007079837675897978,0.00013431525043286686,0.0030784527261960687,0.0044570817589788675,3.1776334523283845e-05,0.00019119290854020582
56,0.0007024441939071273,1.0212153443279933e-05,2.332273426027205e-05,0.0017928117438019194,0.000303103439827536,0.0023094593025508995,0.1444438023575159,0.042548839348295994,0.20199193083600175,0.034372070567782236,3.3514167210969664e-05,4.408689875541099e-06,0.0005865737319465468,0.00011179244201109181,0.0004972858369443496,0.5484936116269179,0.0018988902515143181,9.204006173256794e-05,0.006286215462252885,0.006039143653702755,0.00012144905326860397,0.0027145668196085146,0.004243121318292228,2.5767115163783558e-05,0.0003536230921708932
57,0.0008399899147875375,1.219847403348456e-05,3.0696224574370126e-05,0.0014941237628336645,0.0003929837221025698,0.002271690798294493,0.1396267047105843,0.0532766044278253,0.16224471348520636,0.03498525530054079,3.6976706285200904e-05,6.866750975601237e-06,0.0006828408652607372,0.00010806985946979436,0.000549318557909179,0.5733711927314673,0.0018021647155082015,9.797568819979232e-05,0.012222538941693525,0.007491834484627563,0.0001833895146298317,0.00372079603254329,0.004175411193611978,2.0081115109898054e-05,0.00035558202192545837
58,0.0007125870226615375,9.854710900354767e-06,2.4624783027131802e-05,0.001830013811720109,0.0002987582354157073,0.0023605583091508967,0.14281323725056982,0.040747092509043875,0.2060388133217101,0.03720392011520867,3.406608501869932e-05,4.1167794687353065e-06,0.0005421625426690066,0.00011477806065413402,0.0005254909626000258,0.5448915285636181,0.0018732166414441192,9.202852431529778e-05,0.006104579886944323,0.006188780147119231,0.00012279677408837694,0.0028606262968169567,0.004214481036852666,2.9934228680189353e-05,0.0003619534003019465
59,0.0007331884488110535,1.0004818919404283e-05,2.787797694564456e-05,0.0019545133775137604,0.0003156480594576981,0.0024618024937744097,0.14033758020438672,0.04083057727893957,0.21021959874816581,0.040661298066693316,3.5347420850393894e-05,4.137307616480294e-06,0.0005267251158145336,0.0001235651330490962,0.0005564250284470878,0.538533756719488,0.0019198048398322146,9.631163024915937e-05,0.006121424136244266,0.006678062094226506,0.00013262591232263864,0.0030419258767649853,0.004268824497739435,3.3714502116104686e-05,0.00037526031163164023
60,0.000694084358467691,9.707540237546566e-06,2.3253027938494023e-05,0.0017873617502137237,0.00029754566236553284,0.002333022295581913,0.14456455379898225,0.041769536246129606,0.1990275971354031,0.03573639984885968,3.241232944555059e-05,4.207335130141311e-06,0.0005417418665723588,0.00011258654552914623,0.0005057495975492873,0.5506719790429883,0.0018657499435202724,9.200728643438774e-05,0.006163424189370653,0.006164990136014205,0.0001253606625575004,0.0027810544365646063,0.004308108625928851,2.612446022416414e-05,0.0003614418779911794
61,0.000744936793312943,9.772824164374648e-06,2.8706820202575135e-05,0.001972695688488089,0.00031105173483008763,0.0024541864312222386,0.13940163844040565,0.0431861857357922,0.20292180377206243,0.039462640874623235,3.5277914112552804e-05,4.126458530560364e-06,0.0005384859072163918,0.00011905915327542638,0.00056331767996599,0.5454138662490958,0.0019401523989406341,9.551221701577113e-05,0.0063041307129634815,0.006660531262306489,0.00013298074178378746,0.003027797608919395,0.004279014186499143,3.260505129551378e-05,0.00035952334297517804
62,0.000694084358467691,9.707540237546566e-06,2.3253027938494023e-05,0.0017873617502137237,0.00029754566236553284,0.002333022295581913,0.14456455379898225,0.041769536246129606,0.1990275971354031,0.03573639984885968,3.241232944555059e-05,4.207335130141311e-06,0.0005417418665723588,0.00011258654552914623,0.0005057495975492873,0.5506719790429883,0.0018657499435202724,9.200728643438774e-05,0.006163424189370653,0.006164990136014205,0.0001253606625575004,0.0027810544365646063,0.004308108625928851,2.612446022416414e-05,0.0003614418779911794
63,0.000702037621175476,1.0226061019091145e-05,2.316938649102466e-05,0.0017582181353412868,0.00030248120887609465,0.0023354169098482916,0.14601400111582047,0.0415669949038331,0.20498310937876224,0.03557274529063653,3.294963385610862e-05,4.268306917149206e-06,0.0005492124932437791,0.00011305026015260799,0.0005137900992116483,0.5436830993504835,0.0018730152359077005,9.088114610320305e-05,0.006232115320527505,0.006020167735786101,0.00012457787663868792,0.0028162603160576567,0.004283968936547854,2.6125036135950448e-05,0.0003681182406269794
64,0.0006992803861312256,1.0380591631833021e-05,2.5139486141338788e-05,0.0018503764631840043,0.00032964204208648095,0.0024298008501747494,0.1502189483143838,0.043253496551123816,0.18749734811708724,0.03677928690561495,3.5772206542518984e-05,4.542868216684181e-06,0.0005435808576193024,0.00011716167003365363,0.0005801959217507027,0.5521905752187498,0.0018007112197150957,9.172417343520095e-05,0.0068242327764100625,0.006465494978405316,0.0001569236726503616,0.003004591027615762,0.00468678304792491,2.6424542942338434e-05,0.0003775861104290385
65,0.00039343605425592527,1.0958695814669042e-05,5.125100782362647e-05,0.002693438718157654,0.00032388921390867745,0.0054523971605581175,0.17807345023642265,0.06403597944746646,0.12337082108421857,0.028443156123939183,4.5748784137970575e-05,3.3032351119172075e-06,0.0005922286528765981,0.00011137917346817654,0.001802390985357122,0.5679990115650765,0.0020183091867512874,3.899009336615851e-05,0.008393859425139658,0.00609205269818404,0.00023715562203084677,0.0037523306962238497,0.0058183669315569585,2.6925978667613818e-05,0.00021916922948574867
66,0.0007329646765626004,8.729228081543036e-06,2.7235374767647145e-05,0.0021453923025970146,0.00045038700493253995,0.0018331128179932905,0.08432551240734328,0.027640936326167678,0.15262150988659065,0.053578923615453175,3.958714232951983e-05,5.498579755447533e-06,0.0004993946992378342,0.00014541420227520566,0.00034482635430789835,0.655948925406852,0.0015443403017201991,0.00012181084499481266,0.005586459350392719,0.006443617278579315,0.0001693325786531146,0.0023250498403917874,0.0031301482762322625,3.054163869894909e-05,0.0003003498650895718
67,0.0008500096765959455,8.948680996525878e-06,2.3014352516869198e-05,0.0016416551032394152,0.000366763939477333,0.0011138251878834399,0.12828338454267244,0.05709562618544193,0.23818442737114529,0.030066441374401627,2.7883122471285687e-05,3.0533610633619916e-06,0.0005431670782589243,6.412588772066193e-05,0.0003964525510127072,0.524061870270899,0.00127595564405044,6.809939840714568e-05,0.007117487839723642,0.0037348375069609922,8.11024668165516e-05,0.002175515418653912,0.002558509662817666,1.909768329466581e-05,0.00023874569347834962
68,0.0006471005330310603,1.539786517938844e-05,2.6490543661508643e-05,0.0015894298318217708,0.000493612185078741,0.0024481816825111615,0.14559009625663258,0.0346316178345533,0.24797686187158793,0.04733180795617709,4.155203805449488e-05,3.176843923556754e-06,0.0003629852647849483,0.00013147395550639545,0.0009911616865094042,0.49487029672582294,0.001353962108139586,4.964243622398189e-05,0.008142360165670317,0.0043162063446088045,0.0001447241526630338,0.004541097255378067,0.0038456470652403563,3.452242496486067e-05,0.00042059497227436057
69,0.0007098064003076306,1.0022279079850865e-05,2.5181192673409645e-05,0.0016631904935315049,0.0002761328717087872,0.002851704199407548,0.1505288760217942,0.045019297886648914,0.16461172765308707,0.03672518487511339,3.6862511873948414e-05,5.25455117038695e-06,0.0006289167270951979,0.00012159792524459338,0.0005635434232669095,0.5687245772610308,0.002036577867480235,9.849187644722274e-05,0.008314796875264725,0.008020564661355215,0.00016649301366102783,0.0032865978444510135,0.005180607312221671,2.526726966460276e-05,0.0003687270064202983
70,0.0005492107692133186,7.604559611188925e-06,2.0944015826104822e-05,0.002003807108788908,0.00026477529248008754,0.0024081457506171587,0.125196213578954,0.03698770664470416,0.18388328033106982,0.03237251410113171,2.7909249251966072e-05,3.7037970253891e-06,0.0005235544511599253,0.0001077265187906605,0.0003964319722325829,0.596473510041291,0.0018995571130890423,8.829902698729889e-05,0.004368860201412839,0.005907368423944615,0.00010268096029688262,0.002063205136755264,0.004036088464124455,2.515856806353414e-05,0.0002817439231781785
71,0.000694510456901237,9.361906486372807e-06,2.0845132725969326e-05,0.0017494966927094435,0.00030043480618273285,0.002103682853597922,0.13954647456716673,0.0408988368157631,0.1988424275677039,0.034507936999644356,3.159344395379084e-05,4.295787148750492e-06,0.0005403470002841133,0.00010929237297804233,0.0004513585976196085,0.5592196502395393,0.0017811232757288492,9.530752731576999e-05,0.005812689761861208,0.005966834372544433,0.00012050731360365501,0.002587287492148028,0.004229231029308294,2.4655951836669016e-05,0.00035181803524777833
72,0.00028696563074718536,3.670310312070993e-06,1.151028359555229e-05,0.0016719343965642972,0.00017537693104746852,0.001977018809511421,0.11967439135846919,0.026876467511530465,0.10080889466748141,0.019339105884523415,1.915266637769768e-05,1.8519066996313407e-06,0.0004282648807732315,4.8253509942808155e-05,0.0002481687549909098,0.718150437958534,0.0009678512771510799,5.2201857828705636e-05,0.002507782734145789,0.003629621536569154,5.471564270631055e-05,0.0006866820174740428,0.0022630671351169945,1.4535225927586278e-05,0.00010207711197946698
