,0,1,2,3,4,5,6,7,8,9,10,11,12,13,14,15,16,17,18,19,20,21,22,23,24
0,7.720029123219155e-05,0.9465792992398757,3.3110116870200373e-06,0.0005256748843362429,1.179206180405986e-05,2.9205478298665795e-06,0.001900353343839561,0.0002415076990663589,0.0017074016443496976,0.0001168039346163591,0.00012142778975674464,0.008008384426331621,1.3946668947450888e-08,0.007328024762565732,0.0005799255367264796,2.762841825476253e-05,4.7867751821112066e-06,1.4269019160282634e-05,0.01637398341303848,4.112162872561827e-07,1.9197174849660578e-05,0.01593274192105737,2.9050201836673773e-05,1.414207746789325e-06,0.00039247653190014817
1,7.841868021923282e-05,0.9544482211713331,4.02669326292578e-06,0.000506938905143913,8.168118646288012e-06,2.6819016391650535e-06,0.0018936531691936816,0.0002118596869732006,0.0015733537750428062,0.00013987945399448768,8.118837141286517e-05,0.007303395243679959,1.0972411783396905e-08,0.005318585337423124,0.00046825062440984596,2.629581302049549e-05,3.0159861291076744e-06,1.2092725848513158e-05,0.015432402242062368,3.267653792378456e-07,1.6923857618001975e-05,0.012106967267005515,2.3513193656811436e-05,1.3262527136960845e-06,0.0003385037917799187
2,7.922092229565228e-05,0.9586333375634051,2.45484007251793e-06,0.0003813050243535485,1.4102699463599952e-05,1.8793347396422797e-06,0.00200755247970827,0.0001817345773168397,0.0012854833000655855,0.00010543448839859021,8.53385083872822e-05,0.006864668431561096,1.1319994058682012e-08,0.007804746844037698,0.0005784383311869448,1.9688236157599862e-05,4.012107146810197e-06,1.2484135908702372e-05,0.009910078677393177,3.886633695700994e-07,1.2736035682322256e-05,0.01147981358708329,2.4063128427850467e-05,8.016536632755046e-07,0.0005102251101812747
3,7.15072682988103e-05,0.9535461324991131,2.922001473225596e-06,0.0005608745947394795,9.015252765833586e-06,2.1551967006449525e-06,0.0018472186496285691,0.00020102113695920216,0.0013238718777569326,0.00011789104291470503,9.18249077845525e-05,0.008180720330801694,1.1040259762050811e-08,0.007657552362463467,0.00042226014139215925,2.0216074816121313e-05,3.900554858388792e-06,1.3362342472522587e-05,0.011836135016908979,3.3969807704876577e-07,1.6841186681020428e-05,0.013653002006389331,2.6694804711528606e-05,1.1062277312092311e-06,0.00039342378430166593
4,7.652030071211986e-05,0.951136967806111,2.9250634900052945e-06,0.0005977870462866828,9.506782985255284e-06,2.2291858533666577e-06,0.001809657388885445,0.00018401018259744302,0.0014201568122503864,0.00011570748486464441,9.227177488367148e-05,0.009324831396789685,1.443006504833168e-08,0.008388543943944842,0.00040755400160744895,2.021062541064483e-05,4.614617238976427e-06,1.4823930635126018e-05,0.011572406894260782,3.771766088862824e-07,1.8813714660203623e-05,0.014328991599056326,2.8163927435479662e-05,1.1972434081858154e-06,0.00044171666995808633
5,8.082089906255046e-05,0.9505136440500608,2.9035733876021906e-06,0.0007198330750345623,7.368180418966812e-06,2.0678398190765354e-06,0.0016882029624976915,0.00018007338348646995,0.0013564941453719933,0.0001238744144353145,8.18886170015302e-05,0.009777943758589565,1.294659220881502e-08,0.008514559270588305,0.0003575414522878878,1.8771687581403913e-05,4.553643354067135e-06,1.831002112196298e-05,0.010474038373515513,3.521510825410391e-07,1.9347105403967868e-05,0.015591128919522471,2.5904982676410528e-05,1.2048445168477351e-06,0.00043915970259023724
6,7.15072682988103e-05,0.9535461324991131,2.922001473225596e-06,0.0005608745947394795,9.015252765833586e-06,2.1551967006449525e-06,0.0018472186496285691,0.00020102113695920216,0.0013238718777569326,0.00011789104291470503,9.18249077845525e-05,0.008180720330801694,1.1040259762050811e-08,0.007657552362463467,0.00042226014139215925,2.0216074816121313e-05,3.900554858388792e-06,1.3362342472522587e-05,0.011836135016908979,3.3969807704876577e-07,1.6841186681020428e-05,0.013653002006389331,2.6694804711528606e-05,1.1062277312092311e-06,0.00039342378430166593
7,0.00011484198667310352,0.958830486367981,4.309770928981925e-06,0.00043898170758907383,8.734281090885143e-06,2.3545231072227935e-06,0.0018615253766096605,0.00019516989431392825,0.001251101648873813,0.00011671201478776238,8.022289040392906e-05,0.007276064006928958,1.3277114615898728e-08,0.0055904796114262835,0.0002908984134768108,1.6848073592227522e-05,3.2298839261490627e-06,1.2305104971430057e-05,0.015452780428330492,3.137390550318771e-07,1.3237558621952136e-05,0.008081761494003402,2.2849335956063063e-05,1.458982616842685e-06,0.0003333196276205579
8,7.364646153788748e-05,0.9364962494002148,2.891555839828311e-06,0.0005604043628617952,1.0794357953950652e-05,2.6219202588196715e-06,0.0020564567798814393,0.00024731899890505286,0.0017677220500424394,0.0001183066436975243,0.00012740317184753116,0.009609117672019586,1.3209070669927403e-08,0.008405459327149749,0.0007040289691544158,2.6379888674944128e-05,5.497198258178136e-06,1.8424418345407617e-05,0.0157705897307978,3.657690512385205e-07,2.297261495328739e-05,0.02347290408755213,2.69163515090981e-05,1.2373638854426797e-06,0.00047227769653689213
9,0.00010050056023859598,0.9368000518897545,2.613427849027888e-06,0.00039855852853890294,1.5788619170295037e-05,2.828193158493039e-06,0.0020189277497519188,0.0002819594019311474,0.0017586757326527463,9.457357664390716e-05,0.00015195744985267576,0.008045248567609915,1.4380734200918072e-08,0.009319349612234039,0.0007501281113676942,2.583992242050924e-05,6.6046921994514735e-06,1.8937177161042084e-05,0.019240951384694595,3.6213182770352686e-07,1.6874578910169478e-05,0.02043985654462972,2.459218614499093e-05,1.1803847757674403e-06,0.0004836251957479495
10,7.15072682988103e-05,0.9535461324991131,2.922001473225596e-06,0.0005608745947394795,9.015252765833586e-06,2.1551967006449525e-06,0.0018472186496285691,0.00020102113695920216,0.0013238718777569326,0.00011789104291470503,9.18249077845525e-05,0.008180720330801694,1.1040259762050811e-08,0.007657552362463467,0.00042226014139215925,2.0216074816121313e-05,3.900554858388792e-06,1.3362342472522587e-05,0.011836135016908979,3.3969807704876577e-07,1.6841186681020428e-05,0.013653002006389331,2.6694804711528606e-05,1.1062277312092311e-06,0.00039342378430166593
11,7.49917890229594e-05,0.9526852286977632,3.0732646659021755e-06,0.0005845375092044699,9.583785635394832e-06,2.257215022081868e-06,0.001870705802450243,0.00019471132075578142,0.0013736426528384378,0.00012023631075723064,9.385611382294379e-05,0.00874944488828949,1.3364360864530557e-08,0.007810546487134424,0.00041090503581032165,2.0675488765418825e-05,4.264136199342532e-06,1.3808571102232233e-05,0.01197191868558509,3.772148978518318e-07,1.8007249100689107e-05,0.013544630543333996,2.8872100789506482e-05,1.2284837322398584e-06,0.0004124832889596827
12,5.062468827894906e-05,0.9701334945686273,5.477056002041654e-07,0.00031973875720358176,8.460986668964449e-06,1.00685475219409e-06,0.0006370572911440386,4.81456009405588e-05,0.0005452621018076181,7.611714086369602e-05,2.7983394335671894e-05,0.0031253050132998375,6.9504730768458776e-09,0.014904854457270843,0.00012290674593419098,5.535739783690592e-06,5.8721669300838075e-06,1.3588432552765828e-05,0.0030559979806806708,2.8337195715182047e-07,7.717963620454463e-06,0.006408434670521704,1.5084538259184215e-05,2.5886817236371407e-07,0.0004857140103212171
13,7.064454850338485e-05,0.9520275835670733,2.936109118548062e-06,0.0005795216608963072,9.17083051022374e-06,2.168122931869047e-06,0.001885221000974258,0.00020985748803668673,0.0013365140148910025,0.00011618706738033747,9.817505392097722e-05,0.008568785530755537,1.1276191646338341e-08,0.008035277009026197,0.00043265514574634343,2.056322439355566e-05,3.993001512776601e-06,1.3489747972148381e-05,0.011925083604072049,3.445877900871061e-07,1.7212575446959222e-05,0.014219574743258554,2.7673100820682424e-05,1.127215125669475e-06,0.0003962297736512313
14,0.0003768890217299877,0.35928950073837923,0.0001304638977269635,0.0071930847791691664,7.702809025746215e-06,1.6076301117194374e-05,0.004930330999080659,0.0022674025474588785,0.020288972844724345,0.0001435200513223934,0.00035707498492625045,0.2620149923181756,7.854547064389716e-07,0.010952892825091194,0.004976956467567879,0.0003508279949745729,6.00835870544338e-05,0.0001902050436897606,0.038570739280282734,2.243352538940368e-06,0.0004255684431249271,0.2843968328595577,5.6356990396471276e-05,1.0460394816501607e-05,0.002990036013362045
15,7.15072682988103e-05,0.9535461324991131,2.922001473225596e-06,0.0005608745947394795,9.015252765833586e-06,2.1551967006449525e-06,0.0018472186496285691,0.00020102113695920216,0.0013238718777569326,0.00011789104291470503,9.18249077845525e-05,0.008180720330801694,1.1040259762050811e-08,0.007657552362463467,0.00042226014139215925,2.0216074816121313e-05,3.900554858388792e-06,1.3362342472522587e-05,0.011836135016908979,3.3969807704876577e-07,1.6841186681020428e-05,0.013653002006389331,2.6694804711528606e-05,1.1062277312092311e-06,0.00039342378430166593
16,5.646986540723149e-05,0.9377376029747324,2.478919828037915e-06,0.0006107654967211977,7.617698852296942e-06,1.6469998382185092e-06,0.002422877997588118,0.00021446496277760884,0.0011921706829720734,0.00016655086604728386,8.726993119518808e-05,0.012152555272915653,1.0214708497082776e-08,0.008989974545400877,0.0005134164671744812,2.0944932414908675e-05,4.027023161842733e-06,1.5871131547472433e-05,0.011383816527929821,3.1937065228359406e-07,2.693408255059822e-05,0.023859776224584864,3.2545068532591603e-05,9.425073444017866e-07,0.0004989502351220327
17,5.5821306833822015e-05,0.9346861874495972,1.9200166806849064e-06,0.0008217929459524845,1.1902212177372393e-05,1.6087570952045899e-06,0.0019720089270326394,0.00023007440354079811,0.0010590770542913842,0.000124142326364879,0.0001164831159009485,0.012981488544805657,1.788463271411863e-08,0.016145878454851045,0.0003714537872937777,1.9790600157279466e-05,8.281587970436027e-06,1.6744938383240023e-05,0.00827694583075625,5.855234152275158e-07,2.3015228779557164e-05,0.02246469974553142,4.9565907846736925e-05,9.91136711757992e-07,0.0005595223133974395
18,7.874298416723055e-05,0.947881532821163,1.7707493769447598e-06,0.0004978640525714426,1.0353619590306296e-05,1.422333005857305e-06,0.001873409464427625,0.0001371609213077848,0.0010605541587343414,0.0001331584741509894,5.9099876903084615e-05,0.01027808490125153,1.563187886871521e-08,0.012158623038100797,0.0003714162993681344,1.4147844791407147e-05,6.982117638524968e-06,2.1593871760351384e-05,0.007467710253561853,4.204098063726445e-07,2.0456456239390216e-05,0.017138119646663137,2.4805782745775074e-05,6.470490719550494e-07,0.0007619072417233146
19,5.97492782807294e-05,0.9430446574000629,3.7353775048306166e-06,0.0008058753506655423,7.896373314344786e-06,1.6826472654787094e-06,0.003059644711648395,0.0002148942695828126,0.001498970678915754,0.00014500499349847789,8.449079190156777e-05,0.015049722292798396,1.3091427363619765e-08,0.007902727678846462,0.00048116823920291455,2.3209501884402362e-05,3.2766911628164456e-06,1.3245442178405117e-05,0.009317416312742955,3.3091701076552684e-07,2.4988042422445262e-05,0.017726023511535106,3.099102114569949e-05,1.0639757795928687e-06,0.0004992214092214977
20,6.423066349214081e-05,0.9156990544929563,4.192412160714665e-06,0.0008681464546581205,9.365817843070811e-06,2.7357032020346063e-06,0.002868894382286198,0.0004665912595219188,0.00176319189618784,0.00016185352007956773,0.0001753147640662982,0.01366648393799992,1.199683870375918e-08,0.010001070311444595,0.0011072238690206266,3.728383494338817e-05,4.977369009110978e-06,2.0106751434901956e-05,0.01640304001237018,4.119909226453562e-07,2.868760673363784e-05,0.03609101533270669,3.721951125069812e-05,1.3104060179113243e-06,0.0005175857028529456
21,6.839858309422505e-05,0.9533778538782253,3.0728128034194067e-06,0.0006796695470715196,6.95510193343948e-06,2.07117093896781e-06,0.001846196038200864,0.0001831010770393625,0.001503545488231991,0.0001169475406878645,8.141963333717155e-05,0.010138492741550981,1.0290897551448121e-08,0.00929902038813811,0.00035788991385720103,2.3028935360297216e-05,2.6338992602819296e-06,1.3807400290959391e-05,0.009265717957483155,2.774453603815475e-07,1.75477944772107e-05,0.012627052056041905,2.2618375921363997e-05,1.0672618252623151e-06,0.00036160466797124853
22,0.00011707556975226444,0.9424638926624811,3.0552128739818116e-06,0.0005413269170405438,9.867432709697006e-06,2.8634615122527037e-06,0.0014027462346733902,0.00023085273811060059,0.0015647434505875958,0.00011455184631300022,0.0001133087173525502,0.007261320619623084,1.3696361402881846e-08,0.008360418471625084,0.0005408270430322182,2.2506906753470355e-05,7.4930283662284125e-06,2.7242630982956437e-05,0.015528995207340232,3.882789588126764e-07,1.9306541419025157e-05,0.02116863747693062,2.162582457198145e-05,1.3144688779938559e-06,0.0004756255617499666
23,7.15072682988103e-05,0.9535461324991131,2.922001473225596e-06,0.0005608745947394795,9.015252765833586e-06,2.1551967006449525e-06,0.0018472186496285691,0.00020102113695920216,0.0013238718777569326,0.00011789104291470503,9.18249077845525e-05,0.008180720330801694,1.1040259762050811e-08,0.007657552362463467,0.00042226014139215925,2.0216074816121313e-05,3.900554858388792e-06,1.3362342472522587e-05,0.011836135016908979,3.3969807704876577e-07,1.6841186681020428e-05,0.013653002006389331,2.6694804711528606e-05,1.1062277312092311e-06,0.00039342378430166593
24,6.306534756141656e-05,0.9621779993841895,1.9608327255370527e-06,0.0005604444506823018,6.986558578160273e-06,1.7182788831787746e-06,0.001285730494961817,0.00014351598664114737,0.0009258186712473846,0.00011342624025764892,6.543189784105262e-05,0.00642441281394867,8.925820381568124e-09,0.009491225844610528,0.00022353582075803897,1.4028805659630132e-05,3.5213201857914065e-06,1.2379781258116246e-05,0.008218227966396917,3.086136892878252e-07,1.277446527465569e-05,0.009898827072612696,2.532702529550943e-05,8.686621677882851e-07,0.00032845473875308415
25,5.587214272335025e-05,0.9264042908340799,3.388910717246634e-06,0.001096800432010891,1.1068015032403832e-05,2.707813006130555e-06,0.0028520597149976016,0.0006615929951807215,0.0012295141195160018,0.00012250670059519905,0.00029180381844125,0.011719168892567588,9.166391765765516e-09,0.018917372598124052,0.0004830458951303487,3.0847469972503464e-05,4.457545138393908e-06,1.5167206912283242e-05,0.013697131857154066,3.755158945363344e-07,1.9759323195614228e-05,0.022033275433283688,4.954303174875888e-05,1.4313585576802251e-06,0.0002968092096277941
26,0.0001451167384361418,0.9622359330902662,3.4455351838277288e-06,0.00044975102910181836,9.404048764250936e-06,2.6999953493088917e-06,0.0009281197528852779,0.00010912557805238723,0.0015587824978212552,8.260054792537912e-05,7.36873426912946e-05,0.00564607019237651,2.0610669335859173e-08,0.0040613696971670095,0.00018441472536735875,1.4668106256729653e-05,5.474426242919367e-06,1.4592697210650623e-05,0.016323701527303468,4.3670244543297626e-07,1.4206999511607277e-05,0.00783936190464026,2.505276517199653e-05,2.687487078996967e-06,0.0002692760020806683
27,7.098782943770059e-05,0.9381450664380906,3.100583917046883e-06,0.0006644090353252417,9.124890052699514e-06,2.563577247883244e-06,0.0019264451143975053,0.0002709096314409934,0.0016173452433081042,0.00012891805460201096,0.0001230411935711688,0.009359408456081556,1.1726230300399048e-08,0.008592084893244901,0.000624739413351243,2.7039205915143033e-05,5.0117995590069e-06,1.7765913264261412e-05,0.01456781861578177,3.7228883673662683e-07,2.1453939867871226e-05,0.023369163733231713,2.9371944495898898e-05,1.2806220247798975e-06,0.0004225658567239974
28,7.15072682988103e-05,0.9535461324991131,2.922001473225596e-06,0.0005608745947394795,9.015252765833586e-06,2.1551967006449525e-06,0.0018472186496285691,0.00020102113695920216,0.0013238718777569326,0.00011789104291470503,9.18249077845525e-05,0.008180720330801694,1.1040259762050811e-08,0.007657552362463467,0.00042226014139215925,2.0216074816121313e-05,3.900554858388792e-06,1.3362342472522587e-05,0.011836135016908979,3.3969807704876577e-07,1.6841186681020428e-05,0.013653002006389331,2.6694804711528606e-05,1.1062277312092311e-06,0.00039342378430166593
29,7.15072682988103e-05,0.9535461324991131,2.922001473225596e-06,0.0005608745947394795,9.015252765833586e-06,2.1551967006449525e-06,0.0018472186496285691,0.00020102113695920216,0.0013238718777569326,0.00011789104291470503,9.18249077845525e-05,0.008180720330801694,1.1040259762050811e-08,0.007657552362463467,0.00042226014139215925,2.0216074816121313e-05,3.900554858388792e-06,1.3362342472522587e-05,0.011836135016908979,3.3969807704876577e-07,1.6841186681020428e-05,0.013653002006389331,2.6694804711528606e-05,1.1062277312092311e-06,0.00039342378430166593
30,7.15072682988103e-05,0.9535461324991131,2.922001473225596e-06,0.0005608745947394795,9.015252765833586e-06,2.1551967006449525e-06,0.0018472186496285691,0.00020102113695920216,0.0013238718777569326,0.00011789104291470503,9.18249077845525e-05,0.008180720330801694,1.1040259762050811e-08,0.007657552362463467,0.00042226014139215925,2.0216074816121313e-05,3.900554858388792e-06,1.3362342472522587e-05,0.011836135016908979,3.3969807704876577e-07,1.6841186681020428e-05,0.013653002006389331,2.6694804711528606e-05,1.1062277312092311e-06,0.00039342378430166593
31,0.00011136708390718089,0.9603864906094949,4.167615995496139e-06,0.0004890655803914598,7.94536619477626e-06,2.074707344946395e-06,0.001942768694248066,0.0002805064737467776,0.0009587315808950227,0.00014124805561686676,7.535480350583241e-05,0.006165109215773087,9.610079065820053e-09,0.006594154489306331,0.00026075061222006855,1.577856308277551e-05,3.2370099192694295e-06,1.3268431711223601e-05,0.01382656003884434,2.937193956227449e-07,1.2530301015255931e-05,0.00837078540200141,2.456478123124718e-05,1.0934202391330261e-06,0.0003121438338399143
32,7.543213429252893e-05,0.9528280452951206,2.9587410221476146e-06,0.0005137895523197621,8.829779209777304e-06,2.2916363968185253e-06,0.0017643180845380807,0.00019974813378984528,0.0013256963173780198,0.00012035663020787452,9.296499421626106e-05,0.007719905858169669,1.1053405961498682e-08,0.007109801235615586,0.0004209864838525775,2.00834004294335e-05,3.885442418990421e-06,1.3435998290352328e-05,0.013692709767470428,3.297073784828873e-07,1.6755109679376714e-05,0.013668185540601471,2.642757329335815e-05,1.1999445212126686e-06,0.0003718515863814265
33,0.00011964305077324896,0.9713936407822356,4.879267514891326e-06,0.00021862278644274222,6.784016705099191e-06,1.0811834317273375e-06,0.0024046794011819456,6.912260844755848e-05,0.002178874352011193,5.214759795064963e-05,3.1622990614850874e-05,0.008166120852108194,5.396951024912794e-09,0.0016933083445249276,0.0008862869358094986,1.0535803985361434e-05,8.414727878734611e-07,7.998219681231904e-06,0.007296689758510446,1.1146241568249957e-07,9.414145716785233e-06,0.004830469846065676,5.460081819942846e-06,4.82397934350555e-07,0.0006111772443793929
34,0.00013840652160618483,0.9550107735763921,3.5933299665362464e-06,0.0002735431756075794,8.50720083966046e-06,2.5614315569447037e-06,0.0012314637534374406,0.00014181130601514399,0.00182906115321386,6.372714765566487e-05,8.826208919110286e-05,0.005843426417885356,1.14712813656731e-08,0.004027551923273594,0.000353348681222188,1.3823006813512328e-05,3.1227931074712875e-06,1.2648334507153703e-05,0.021700179775643553,1.9597925075810004e-07,1.189793629926976e-05,0.008954475602596984,1.4410432220113439e-05,1.5135114436550289e-06,0.00027168344897289147
35,2.3045306442518422e-05,0.9588216989288666,1.6873782169481518e-06,0.000547939222800218,1.3459431385865176e-05,2.9693361001604934e-06,0.0013261679261124886,0.0001304805489505351,0.0010531741022458186,0.00011312065921189261,0.00012727468905048323,0.005828009494722307,1.1651189733089993e-08,0.010599590179953638,0.0005902481154285449,2.9964954449349626e-05,4.045251408690816e-06,5.38354399150373e-06,0.009096973679824732,6.27528240518164e-07,1.5346654735513935e-05,0.011261524123298084,4.824593658690794e-05,9.83323173421566e-07,0.00035802803361336067
36,3.8161662648415214e-05,0.9830155030834463,1.3027621418740627e-06,0.00031263327462737866,6.48978697570368e-06,1.7883873052119182e-06,0.0006541036148868082,4.847381048959737e-05,0.000733716040995603,7.642516169890789e-05,3.987684910148022e-05,0.001716034979685691,3.361349047190415e-09,0.0034043444597600782,0.0001480457716494981,7.079694717305337e-06,1.8256156373020172e-06,5.680758104757495e-06,0.005976366826256725,2.124213182485444e-07,8.297875938213212e-06,0.003618909058729504,1.7192165597393387e-05,8.043769856300818e-07,0.0001667281999532442
37,0.00010323194666103429,0.959298887097282,3.238724937027129e-06,0.0005248843928820287,7.320608174289942e-06,1.7546005183532105e-06,0.0016928720080585256,0.0001508776161820243,0.0012128340554450488,0.00011165082709896107,6.694835165040977e-05,0.00813903055243441,1.225970012738631e-08,0.005677480708034232,0.00024056756149513315,1.4193918605571476e-05,3.6918762931681996e-06,1.4614908102191947e-05,0.011728483374606698,2.922212939672724e-07,1.5888129932820438e-05,0.01061943128055667,2.3029443945681065e-05,1.3833673842522498e-06,0.0003474001687254636
38,0.00011342654737349859,0.9643488298472247,3.815991306539988e-06,0.00027077145710609814,1.088065353720249e-05,3.129714638012819e-06,0.0018606429354832942,0.0001391743575100554,0.0016842776241231113,0.00010371815419289744,6.517339396382456e-05,0.004636641056618396,8.93536033304785e-09,0.00419558495766387,0.0005349534465924621,2.1390730925545634e-05,2.056939314288363e-06,1.0690943517420937e-05,0.015255025205698386,2.1266433893130178e-07,9.912192635004161e-06,0.006349097873936198,1.2828450624226772e-05,1.0326082993915135e-06,0.0003667233180162553
39,0.00011680477441524726,0.8943808785323653,8.932913963640547e-06,0.0010832736249217097,1.3723754306881695e-05,7.50015465673226e-06,0.0033128568326310933,0.0007650355787567988,0.0026401013798203967,0.0002830107442156179,0.00020554251618102115,0.014090132756831563,3.3947672246047966e-08,0.009204557809871079,0.0011426326765570838,7.315884228291095e-05,1.0853288751333524e-05,3.382641525752372e-05,0.03635269988237705,7.720581797084352e-07,5.1826690177498e-05,0.03555143280931475,4.7676467608010685e-05,2.787437787778552e-06,0.0006199481110967416
40,6.045255323046852e-05,0.9395099639072663,2.2154597746194824e-06,0.002590873127547005,7.5889969365893964e-06,2.8668786561795097e-06,0.0014024723446565647,0.0007923814582073371,0.0005601581963858025,0.0003790106089287304,0.00015532816577308042,0.004626118855674197,8.626084730566497e-09,0.012117642035003297,0.00012388816099429808,4.273963516855844e-05,1.2857277777713392e-05,2.5959412295732433e-05,0.015188242715171971,1.1937333950384255e-06,2.554710393446804e-05,0.022098042863352915,0.0001050259492441831,3.1376512881635332e-06,0.00016628428325231719
41,6.848037978542341e-05,0.9518966113004249,2.8120600369711466e-06,0.0005795915036576804,8.294769458715877e-06,2.1258831099177287e-06,0.0017912323158642194,0.00020359304418667728,0.0012528605505362854,0.00012326042630090935,9.23455047863148e-05,0.008309855921365024,1.0713389471514363e-08,0.00793001213098459,0.0004017909274740087,1.9489872724990138e-05,4.028226319934206e-06,1.3688710183848085e-05,0.012200378967133763,3.364163555680966e-07,1.758295809237756e-05,0.014668105048635319,2.7791999153949778e-05,1.1175706940959526e-06,0.00038460279934491963
42,5.755860100051819e-05,0.9874373386271134,6.759061146795295e-07,0.00015009230107293468,1.0047731403741102e-05,4.542692337518171e-07,0.0008261483907052191,2.137000382255532e-05,0.0004749032608887286,2.4113686212293962e-05,2.0110791721312668e-05,0.0020714280126959985,2.9121661105718954e-09,0.006084240897612409,6.673660602039017e-05,2.036038209293063e-06,1.0525192097603262e-06,3.524175208940229e-06,0.0014120932737340824,1.0951276076846627e-07,2.1912311978078923e-06,0.0010578880021670613,7.393814003525742e-06,1.9204331754603913e-07,0.00026829739240733565
43,4.918628546520374e-05,0.9360998523551082,2.9541024184864767e-06,0.0006739987969166851,7.199592303139815e-06,3.8021787527679664e-06,0.0017755422223381453,0.0002745732130805138,0.001121124920211341,0.0003818710941687226,7.974437487199106e-05,0.005976595623343235,1.1105827160208634e-08,0.008345651690530045,0.00047545466367119053,3.1845967220682545e-05,5.843628663310269e-06,2.017728856391808e-05,0.018298164725351243,5.366313660941162e-07,3.723753661527381e-05,0.02590281296214243,4.359996583787051e-05,1.4201541454320643e-06,0.00039079892108725967
44,7.15072682988103e-05,0.9535461324991131,2.922001473225596e-06,0.0005608745947394795,9.015252765833586e-06,2.1551967006449525e-06,0.0018472186496285691,0.00020102113695920216,0.0013238718777569326,0.00011789104291470503,9.18249077845525e-05,0.008180720330801694,1.1040259762050811e-08,0.007657552362463467,0.00042226014139215925,2.0216074816121313e-05,3.900554858388792e-06,1.3362342472522587e-05,0.011836135016908979,3.3969807704876577e-07,1.6841186681020428e-05,0.013653002006389331,2.6694804711528606e-05,1.1062277312092311e-06,0.00039342378430166593
45,0.0001020109257915893,0.9136959973579394,8.191501943329732e-06,0.000951195931297309,1.5188004655593574e-05,5.239653751960519e-06,0.0041360487001036545,0.0008131488012262798,0.0026667868499243193,0.00017095261369592368,0.0002729926865890899,0.0129306640588635,1.6697056264839047e-08,0.008857127760990883,0.0018188558977365523,7.561800552562215e-05,4.892588610402911e-06,2.211527204378905e-05,0.024525722818150488,5.057192108200565e-07,2.472159098360352e-05,0.028334605222067672,3.347738017709655e-05,2.0003083002788184e-06,0.000531923653364462
46,6.516114463636905e-05,0.9688010698737822,2.6366231161413913e-06,0.00034441871069694014,8.088118366649606e-06,1.3834569381128092e-06,0.00212555732602762,0.0001418722635810148,0.0011356951269256984,8.66710504400551e-05,6.187548658741446e-05,0.0062028993685541295,5.269447529213416e-09,0.005346819757746313,0.00035035024943999294,1.274962449433968e-05,1.4734612313019832e-06,7.679414770137643e-06,0.008273623226928553,1.7468755001387069e-07,9.805190979153961e-06,0.0066923733559514295,1.6326998099179795e-05,6.740704940395723e-07,0.0003106161432155795
47,0.00012173129432190137,0.9374397028937319,3.7568360601071252e-06,0.0005197451788033387,9.24141515340838e-06,1.776353273597392e-06,0.002283940567939559,0.00016262370036723036,0.0018949115875593913,0.00013123886424082975,6.672144936942313e-05,0.015731993651444537,2.4088708693777907e-08,0.005690919739404144,0.0005094760772335682,2.5842815734389326e-05,5.402584992640914e-06,1.8900691547074405e-05,0.014816779246972963,4.1261277630500947e-07,2.53882903799856e-05,0.019875916540040988,2.4493783409804944e-05,1.4270208534092997e-06,0.000637632715681243
48,7.470528278910399e-05,0.9513187979060442,3.191237216373668e-06,0.0006184736107631211,9.815718480200256e-06,2.1508002235442397e-06,0.002058389235438253,0.00021297878462130196,0.0014819926560564458,0.00011579691891429759,9.635646682461031e-05,0.009432222974806394,1.2072731971970425e-08,0.00807252499854937,0.0004955345330606926,2.2515464699226074e-05,4.029444174195628e-06,1.4549134545423321e-05,0.010824986764233695,3.638350335075764e-07,1.8170273679503692e-05,0.014644264396828088,2.6607524752378626e-05,1.0940419422510863e-06,0.0004504759235916615
49,6.981470105651623e-05,0.9472740602849982,3.5143492437900488e-06,0.0007505521222241283,7.2834918390671955e-06,2.4441766785487576e-06,0.0017963299252414288,0.00019998566072903582,0.0014761655606263465,0.00013717924878019607,9.054928387847287e-05,0.010667424641708653,1.3952291925229967e-08,0.008217741989038413,0.00042423802641144076,2.2458482400791043e-05,4.189999601917044e-06,1.5561959268171823e-05,0.011936976172852522,3.824641868927848e-07,2.2008143944563026e-05,0.01641755304507353,2.986881939627444e-05,1.3347999982711224e-06,0.0004323686985311189
50,6.601013220955609e-05,0.9547963445223977,2.6951271687239516e-06,0.0004160025653882318,1.0477411940317163e-05,1.4139837109190097e-06,0.0038602053397491128,0.00027379990349278035,0.0006708432332788328,0.00023061934962697683,6.401601110356316e-05,0.008164619901871875,8.423785373980732e-09,0.009803774494477845,0.0003678980712903836,1.6411166682405863e-05,3.0741198154941026e-06,1.1306510571482738e-05,0.009738787757921108,3.059508697892437e-07,1.4478409717292545e-05,0.010923316977735034,3.0478058184696775e-05,5.746818741925874e-07,0.0005325378951366459
51,0.00023629090612936436,0.8404867127375103,2.091053086087824e-05,0.0008472711267768761,0.00027253513863206044,1.9255599374486544e-05,0.01856755765691554,0.00127685987132373,0.006616861671828582,0.00040931274047507817,0.0005689896862330442,0.032838909176985585,4.855676309606384e-07,0.010416138413398938,0.0037411177291235467,0.000524282376741107,3.432080429122542e-05,2.7874858196241123e-05,0.05673328081945981,6.456179356379727e-06,9.39537158918236e-05,0.024105272532378548,0.00016042028353091856,1.0444973810457177e-05,0.001984484903144561
52,0.000151328439138834,0.9304764458746202,3.489723523754098e-06,0.0005077328909494909,1.2741072952139808e-05,6.4879394159688106e-06,0.0013488546280563214,0.0003545715710047193,0.002382358512307062,0.00013069876829857537,0.0001535502859969052,0.005302573271369019,1.384866001847142e-08,0.013390154123456129,0.0010801301479184506,3.875903333822212e-05,8.005185650776836e-06,4.954397013273507e-05,0.019957167788717492,3.9430146288953e-07,1.653607976765827e-05,0.024042070784217426,1.4042992214149652e-05,1.2380775672235245e-06,0.0005711106892638826
53,5.374258674234013e-05,0.9353789999171656,4.033173465453041e-06,0.000722626114128567,1.8443413499638958e-05,1.654832204266748e-06,0.006996910845170601,0.00037513819236665343,0.0015216525839929441,0.0001595454237694288,0.00013876596049680156,0.01734481270713435,1.347006749154294e-08,0.009670622085433388,0.0008676996274069401,3.307870777416778e-05,3.105937097173611e-06,1.0717418679351972e-05,0.008948628694806445,4.2049380117068047e-07,2.4005419794489804e-05,0.017036447915201435,4.255559494221129e-05,9.557113117844794e-07,0.0006454231735470977
54,0.00010018694816795057,0.6426948046099715,2.571188306931411e-05,0.006459249905153211,2.410913059274083e-05,1.8695550281143074e-05,0.00629771782295136,0.004973534102185303,0.005359282403758519,0.00022118276159840036,0.003058124692892764,0.04676543491026018,1.66139945089507e-07,0.013430928710552098,0.0006419809807763987,0.00017211571696282884,5.077151949860887e-05,5.883188204571757e-05,0.12734754279787763,2.2389722323508403e-06,0.0003495164389317339,0.14135059556124965,0.0003464482210567538,5.043661959514117e-05,0.0002003917183937286
55,0.00015727893038938062,0.9328178101670851,5.836034373067622e-06,0.0007556594450752711,8.117687487913844e-06,1.8919257818651115e-06,0.002909868180242356,0.000135231844849334,0.00382908128467029,7.862654609237571e-05,6.501016680908258e-05,0.02760086049239254,3.251536459583636e-08,0.005239044535492702,0.0004284406301512418,2.200074169129475e-05,3.1747552923288827e-06,2.191675454154479e-05,0.01137894618214756,2.669392433338146e-07,2.807812636828104e-05,0.01385729139749909,1.656322065018738e-05,1.848532279813425e-06,0.0006371229640295264
56,7.653749279077963e-05,0.9510751546398521,3.0974255795554574e-06,0.0005840203498971516,9.454044703757683e-06,2.284431353905591e-06,0.0019002337412515236,0.00019821333221697635,0.0014118825197522579,0.00012007291230029957,9.500757952198737e-05,0.009097123830879092,1.3571649625643345e-08,0.007905761734680194,0.0004267294968137495,2.091854445657045e-05,4.306164555019373e-06,1.4267236737459892e-05,0.012411135946633916,3.680552091754164e-07,1.8326217889976014e-05,0.014172453178900693,2.8296585764502372e-05,1.2294425899106575e-06,0.00042311152401989973
57,4.337468347411178e-05,0.9800338729181843,1.3260524149465465e-06,0.00037958811142218846,6.786559391435096e-06,2.091562178345095e-06,0.0008300340457103174,0.00015488880803899682,0.0005266424216652834,5.690423068491434e-05,9.302939068298231e-05,0.0010650081372895563,8.472598664003518e-10,0.00860979334220426,0.00022284858879641166,7.2271850201527415e-06,1.092166854416975e-06,7.559520979392117e-06,0.0044570828306034205,9.825282087230043e-08,3.893348896343522e-06,0.0033528923954146525,1.0450157157229245e-05,3.9431677765210045e-07,0.00013312012607789473
58,8.567396004142832e-05,0.9515254155921459,3.313496519298814e-06,0.0005779627929846124,9.23949732692118e-06,2.372606172563835e-06,0.0018300368447970775,0.0001916118528863524,0.0015216824439582702,0.00011137418376872879,9.758949591081003e-05,0.009216155724794199,1.4210084788789426e-08,0.006882270204118995,0.00038213383085261457,2.0828653372384368e-05,4.035606994259882e-06,1.4123465603498658e-05,0.013934344065492597,3.5506688800155955e-07,1.815585016027582e-05,0.013166685205328241,2.795034532694826e-05,1.538230974583926e-06,0.0003751367734969238
59,8.046709745011413e-05,0.9520120633643929,3.6549539936809442e-06,0.0006086047705175661,8.953506085769583e-06,2.398614321248616e-06,0.0018862754027550437,0.0002042821470425467,0.001536862312722168,0.00011639999305320046,9.991634754484079e-05,0.008917648193606496,1.2878052236311083e-08,0.00636655512167136,0.0004185272109883004,2.2081534578026767e-05,3.7978677645940255e-06,1.3414477215309718e-05,0.01370426159175044,3.633209265934182e-07,1.871211818150127e-05,0.013582301913152187,2.8653684484802475e-05,1.5457950403792153e-06,0.0003622457827087486
60,7.15072682988103e-05,0.9535461324991131,2.922001473225596e-06,0.0005608745947394795,9.015252765833586e-06,2.1551967006449525e-06,0.0018472186496285691,0.00020102113695920216,0.0013238718777569326,0.00011789104291470503,9.18249077845525e-05,0.008180720330801694,1.1040259762050811e-08,0.007657552362463467,0.00042226014139215925,2.0216074816121313e-05,3.900554858388792e-06,1.3362342472522587e-05,0.011836135016908979,3.3969807704876577e-07,1.6841186681020428e-05,0.013653002006389331,2.6694804711528606e-05,1.1062277312092311e-06,0.00039342378430166593
61,8.137000175450842e-05,0.9521751122669226,3.5686409622779384e-06,0.0006001684523515197,9.23005970650979e-06,2.3712306680565053e-06,0.001919827025764915,0.00020615998745431867,0.0014864108934671662,0.00012016211838210045,9.883418151530048e-05,0.008845929519786844,1.3154056674681407e-08,0.006626854200850362,0.00041725147904780776,2.1704276306548406e-05,3.937201281763611e-06,1.3881631853197815e-05,0.01339779256941173,3.704613043505448e-07,1.8604482029367488e-05,0.013543348580739894,2.881976996579493e-05,1.4859025523067278e-06,0.00037679191186407076
62,7.15072682988103e-05,0.9535461324991131,2.922001473225596e-06,0.0005608745947394795,9.015252765833586e-06,2.1551967006449525e-06,0.0018472186496285691,0.00020102113695920216,0.0013238718777569326,0.00011789104291470503,9.18249077845525e-05,0.008180720330801694,1.1040259762050811e-08,0.007657552362463467,0.00042226014139215925,2.0216074816121313e-05,3.900554858388792e-06,1.3362342472522587e-05,0.011836135016908979,3.3969807704876577e-07,1.6841186681020428e-05,0.013653002006389331,2.6694804711528606e-05,1.1062277312092311e-06,0.00039342378430166593
63,6.43560243637896e-05,0.9606387948562884,2.4996840174726083e-06,0.00048314731318971056,7.94601278585669e-06,1.8854818194690765e-06,0.0015336096807747352,0.00015340220824395351,0.0011415145635634992,0.00011049107808540131,7.47564680413819e-05,0.006646073120504557,8.947976816712947e-09,0.006640553788179804,0.000354762707478539,1.6214860392457642e-05,3.3020654106998667e-06,1.1134643857631328e-05,0.010454716105057094,3.00695413344779e-07,1.4534434550793908e-05,0.011270275871245723,2.4613413965301162e-05,9.671284622907235e-07,0.0003501388463312641
64,6.381809063583295e-05,0.9513505919151537,2.9239239716138108e-06,0.0006310473322402484,8.340674785421399e-06,2.1988299955077447e-06,0.001821092423863343,0.00018530222344114851,0.0013302313833663485,0.0001401670127446452,8.363753753795132e-05,0.008910699824043902,1.2174105344630483e-08,0.007925791779834207,0.000411067164318775,2.0654872965478146e-05,4.225900177360165e-06,1.440903673045676e-05,0.011183476793111003,3.8412610411171617e-07,2.220377633174833e-05,0.015433086489726555,3.0395898644590114e-05,1.1559742843680798e-06,0.0004230848418862184
65,4.434285159876573e-05,0.9546234600452295,2.9566986024020093e-06,0.000689721590889719,7.512004571501976e-06,1.9979699438187015e-06,0.002744376203008639,0.0003083952874326111,0.0007056964466113158,0.00028424518826924213,7.173287408215439e-05,0.006831155260125188,6.617397179524638e-09,0.010815746931274498,0.000434980128089429,2.1032623951784847e-05,3.0243746445747874e-06,1.2418836489573787e-05,0.008825081448277691,3.954834227779796e-07,1.9332638816846423e-05,0.013064575482965034,3.684454483240037e-05,6.541186031238542e-07,0.00045031435087003094
66,9.515942000705645e-05,0.9556097518315066,3.8059872788720495e-06,0.0004644046550946915,1.2363728634039316e-05,2.860254453001674e-06,0.0018772032317354926,0.00017638128725995918,0.0015131071018812056,0.00013735510581166951,9.083420033665099e-05,0.006835771891028964,1.6190446305409003e-08,0.005267535693797511,0.0004287056327496114,2.2985817537758646e-05,4.810699507759649e-06,1.391856467336165e-05,0.01547783501263098,4.6613017338044257e-07,1.990226739750426e-05,0.011511054743489018,2.960660578382068e-05,1.7158267758936265e-06,0.0004024481200089044
67,5.609213445604969e-05,0.9208639987933149,3.133915514215749e-06,0.0020250600464009486,1.0751957617218486e-05,7.224044475429023e-06,0.0011367913074788987,0.0003068303007361382,0.0013957121795093658,0.0002229770676187056,0.00017725522008742498,0.010881903965312481,4.385437911568085e-08,0.027781996561247167,0.00034069908513832746,4.655124313827023e-05,1.4534626751578308e-05,2.6668425012004305e-05,0.01333221590826956,1.4567076858454217e-06,3.4803180428730854e-05,0.020752487721399086,8.350841929803221e-05,2.8058128236499452e-06,0.0004944975219065916
68,7.565994931045016e-05,0.9534446757331383,3.453617536489391e-06,0.0006714183041698115,6.8610271464513975e-06,2.052772943001841e-06,0.0017812199092739232,0.00019943809340711928,0.00135315314785521,0.00012236816324995395,8.169963421606513e-05,0.009456701078592335,1.1115081408738956e-08,0.007180399355721536,0.00032005047531302066,1.8907299216061847e-05,3.4254495961902163e-06,1.3734455983117947e-05,0.011659022357190098,3.1461292856862525e-07,1.9077112427493697e-05,0.013208522913447254,2.699943766518571e-05,1.2854713991620992e-06,0.00034954851319201794
69,6.85719377513107e-05,0.9522457609051194,3.1625222222742732e-06,0.0006115359922613991,9.364487461748288e-06,2.2952022565435527e-06,0.001949647761792604,0.0002194661194032199,0.0013473884582652165,0.00012127189499823278,0.00010439853485108273,0.008513591587030049,1.1336616197829798e-08,0.007657252363561868,0.000433155332185131,2.1895781977102188e-05,3.838344474053146e-06,1.2843619271423684e-05,0.012371851475523924,3.5980196847339064e-07,1.837147005135733e-05,0.01387971848734964,3.0293114273167077e-05,1.2636459509213903e-06,0.0003726898233836162
70,0.00010168719262179654,0.9481606771654837,4.2269244375504695e-06,0.0007454669284240946,1.1243786848750451e-05,2.3494137262365606e-06,0.002464734373953317,0.0003071801043214978,0.001568978003954128,0.00013780552485146346,9.343875359721558e-05,0.01053857488176731,1.5593536236177735e-08,0.010711846090395754,0.0005451351752708077,2.9778154643575674e-05,4.841297707486902e-06,1.9472558151314148e-05,0.00957778654860115,4.639000162358035e-07,1.628033759060759e-05,0.014353280906529776,2.451148004592037e-05,9.582661296111028e-07,0.0005792666373943704
71,6.150027546753546e-05,0.9650584614553236,2.1746540611934244e-06,0.0004454725570894375,1.2055424756234128e-05,1.5110820678391639e-06,0.0018040913965012,0.00013828161929037316,0.0010573696461763137,0.00011496951675840259,6.409810585297272e-05,0.006899283687817886,1.1697879830372776e-08,0.007106620964393475,0.0003177012850185525,1.716726363301262e-05,3.5311233745885344e-06,9.120361414316398e-06,0.007803641514001191,4.471505987758683e-07,1.3822252740167329e-05,0.00862854524975297,3.120247404142772e-05,8.873581573751188e-07,0.0004080318838312575
