,0,1,2,3,4,5,6,7,8,9,10,11,12,13,14,15,16,17,18,19,20,21,22,23,24
0,4.13423360538159e-08,2.547153525060448e-08,6.570725557658686e-07,5.158068350559832e-06,1.4595556750206502e-06,0.00015357948619152938,3.096200241830251e-05,1.8300064155598414e-05,1.0989393100385492e-06,0.019082167928013427,2.383478813074894e-08,1.3394264178604432e-06,1.2406751383631527e-08,2.9400502975299907e-06,4.6314051078413314e-08,0.9803357781405526,5.160527904860861e-10,5.9485724539914066e-08,0.0002464756430972249,7.866822817780114e-05,3.9095823779814305e-05,1.0042611650533744e-06,9.805559940584152e-07,2.4006585316111312e-09,1.229819501584107e-07
1,4.323230910129487e-06,4.727276410505362e-06,7.297261151725874e-06,0.0037151381062539,0.0001911612327159081,0.002465163968079093,0.0004586616192368368,0.001170157415936703,5.313705510141465e-07,0.20365205732038938,8.895326012265863e-06,0.0007442746038262204,1.2973427294547463e-05,0.00018279616596753186,1.9672328837997386e-07,0.7777920537964866,9.91408104134975e-07,0.0005184433229424526,0.0003418195717350772,0.005406086331513543,0.0021269506737191233,9.305307665322351e-05,0.0010975570804670728,1.8728765591622937e-06,2.816813795213022e-06
2,3.20726243509503e-08,1.5689669341952548e-08,5.928648099864944e-07,2.674372133709495e-06,1.0845640972208199e-06,0.00013230632069497508,2.5097520813274588e-05,1.3238054928766562e-05,9.693565890426284e-07,0.010737834020768361,1.8438334773058956e-08,1.100918058645895e-06,1.05314824608119e-08,2.1331082133571256e-06,4.391500338170939e-08,0.9887870803452535,3.4934766575235135e-10,3.172064684046948e-08,0.0001949902903186141,7.972568677663866e-05,1.9396876659536934e-05,8.726522579626456e-07,6.81999913068938e-07,1.586364968608131e-09,6.674423952884318e-08
3,3.5066645792422174e-08,1.8378025631265474e-08,8.482838763962136e-07,3.7776042802252196e-06,1.5500417838290215e-06,0.00016221901777486197,2.9456613134560065e-05,1.5931680196658964e-05,1.255479858810651e-06,0.014179448270335493,2.498543337137312e-08,1.3453946733347126e-06,1.376810886912379e-08,2.588635977045175e-06,3.8926101442370973e-08,0.9852677844153034,3.6823644722737917e-10,4.24008082465282e-08,0.00021848910817307113,8.923593565978631e-05,2.43631038443949e-05,7.941434095466684e-07,6.619077743642828e-07,2.007190192668345e-09,7.446339428844292e-08
4,3.773138522845893e-08,2.217530820323651e-08,1.0067462068045237e-06,4.122386596008954e-06,1.900395096711082e-06,0.00018187359008508552,3.190931710617005e-05,1.574709205726709e-05,1.3887850021852787e-06,0.015035621115452629,2.7914647242288744e-08,1.5306153080572256e-06,1.8233506657949003e-08,3.2361264961567293e-06,4.236644554165833e-08,0.9843739316856029,3.999431611219357e-10,4.5432696441133485e-08,0.00022660414439165934,9.542740703068005e-05,2.3842487540557713e-05,8.782258686620418e-07,7.058162267742646e-07,2.2353692128775205e-09,7.757462983356247e-08
5,3.771602361155176e-08,2.1879402269101983e-08,8.793742502069991e-07,5.018529122949229e-06,1.7214700707696277e-06,0.00017430948196884853,3.284951036481267e-05,1.9131979786874514e-05,1.2264844528655035e-06,0.016845281612499336,2.997414045810659e-08,1.4963996236521086e-06,1.6610538970403538e-08,2.7474742830388288e-06,3.848913570867123e-08,0.9825602642126959,4.498254479068268e-10,5.8600976385106265e-08,0.0002166826823887189,0.00010707497543069649,2.9345625562456044e-05,8.567713503952123e-07,8.240205309787891e-07,2.542550660883694e-09,8.313302398966674e-08
6,3.5066645792422174e-08,1.8378025631265474e-08,8.482838763962136e-07,3.7776042802252196e-06,1.5500417838290215e-06,0.00016221901777486197,2.9456613134560065e-05,1.5931680196658964e-05,1.255479858810651e-06,0.014179448270335493,2.498543337137312e-08,1.3453946733347126e-06,1.376810886912379e-08,2.588635977045175e-06,3.8926101442370973e-08,0.9852677844153034,3.6823644722737917e-10,4.24008082465282e-08,0.00021848910817307113,8.923593565978631e-05,2.43631038443949e-05,7.941434095466684e-07,6.619077743642828e-07,2.007190192668345e-09,7.446339428844292e-08
7,6.265617980109348e-08,5.036692340413859e-08,1.9433526116433165e-06,7.851554203620114e-06,2.774674354615562e-06,0.0002296771676848877,6.220602438557474e-05,2.7446265341825973e-05,2.5582088468476238e-06,0.023046041961724942,5.578557369191086e-08,2.133503572717519e-06,5.2217551992460084e-08,4.5352508770725535e-06,5.254382740209479e-08,0.976099813196719,6.794524722918042e-10,9.180439178855969e-08,0.0002792327912727905,0.0002054404408887326,2.5714037441324385e-05,1.2376365459401879e-06,9.106208004408489e-07,5.404777436527458e-09,1.1185405023856262e-07
8,2.9897423554263406e-08,2.1772307497898546e-08,8.771584312702935e-07,4.930444990718566e-06,1.5182446122339664e-06,0.00010484394430232375,2.9707318320635396e-05,1.870496749579317e-05,1.134102138708915e-06,0.017762285452713186,1.6307816480843823e-08,9.663776353913896e-07,1.4674240497071182e-08,2.49953925061117e-06,3.647402650417007e-08,0.9817654736376842,3.8243748155320217e-10,3.052734365533194e-08,0.00019445861883318752,8.791922356275975e-05,2.308580613182876e-05,6.341443729761812e-07,7.121272887164718e-07,2.5990893096825794e-09,9.625755048593379e-08
9,4.2081808302769417e-08,3.7463178594585306e-08,1.750528536048014e-06,7.76723742327105e-06,2.3002383431944346e-06,0.00013504144468081856,4.572325101021099e-05,2.7195105377724633e-05,2.083899054680381e-06,0.023686454626549957,2.8102952717748765e-08,1.4135426379036078e-06,3.0410360582480935e-08,3.5770529169947723e-06,4.260017244279213e-08,0.97566713087603,5.067177364313405e-10,4.8577372328609964e-08,0.00024027211782954948,0.0001513335723089771,2.6089722420652735e-05,7.765463910279262e-07,7.238820566006429e-07,4.521128382610117e-09,1.3209274098828369e-07
10,3.5066645792422174e-08,1.8378025631265474e-08,8.482838763962136e-07,3.7776042802252196e-06,1.5500417838290215e-06,0.00016221901777486197,2.9456613134560065e-05,1.5931680196658964e-05,1.255479858810651e-06,0.014179448270335493,2.498543337137312e-08,1.3453946733347126e-06,1.376810886912379e-08,2.588635977045175e-06,3.8926101442370973e-08,0.9852677844153034,3.6823644722737917e-10,4.24008082465282e-08,0.00021848910817307113,8.923593565978631e-05,2.43631038443949e-05,7.941434095466684e-07,6.619077743642828e-07,2.007190192668345e-09,7.446339428844292e-08
11,3.861798214689934e-08,2.098017781198744e-08,9.4596336011169e-07,4.125110641427581e-06,1.6837183016742241e-06,0.00016749161709514508,3.224313452629543e-05,1.6982610700792377e-05,1.3391182048689736e-06,0.014885607857340364,2.7455863942098006e-08,1.47801498916029e-06,1.680924262994045e-08,2.8355852128792314e-06,4.067146165393383e-08,0.9845363036495909,4.1396134866602434e-10,4.712931023495624e-08,0.00022423797776814907,9.83629596580017e-05,2.4531557050685045e-05,8.526124867825139e-07,7.057567635169334e-07,2.309333634419104e-09,7.836897609438622e-08
12,3.5376350539675804e-08,1.6083293525381265e-08,9.96821942979409e-07,3.570333743177776e-06,1.301809159941805e-06,0.00013965226400681756,3.4137805830502866e-05,1.873804976007427e-05,1.8830396772094846e-06,0.013600176760514922,2.4601552934649926e-08,1.1075307594339956e-06,1.1444012062724322e-08,2.1183424079799116e-06,4.1817463297023255e-08,0.9858203331715549,3.088094461676489e-10,3.1685887332813926e-08,0.0002589938404325875,9.25758146124406e-05,2.3026283081315895e-05,6.702545907974953e-07,4.7251160922108206e-07,1.9568564510494845e-09,8.209209032310707e-08
13,4.360555355461359e-08,1.756083902465889e-08,1.2000871546554732e-06,4.053521560300519e-06,2.472899522930361e-06,0.00020338414542297602,2.6892074735536447e-05,1.919883669631107e-05,1.8206721689985579e-06,0.01164914837431111,3.848117010550581e-08,2.7935098948752803e-06,1.704384551451912e-08,4.1927941667013925e-06,5.4160326550074765e-08,0.9876219203103132,5.046314749299451e-10,4.2665911769152636e-08,0.0003385120249212981,9.156147405422219e-05,3.078575701694683e-05,1.1004737850440247e-06,6.646014078044075e-07,1.643475566606101e-09,8.277711344817191e-08
14,4.4053963728962216e-08,5.3636197804690395e-09,5.971350651304053e-07,1.8037428327182555e-06,7.023677095722127e-07,0.00010270484956087534,2.0932762107817736e-05,1.376919484484286e-05,9.014146712249327e-07,0.004578930879272161,1.844239953046255e-08,1.8270196953251275e-06,4.403321484129935e-09,1.6463175080443646e-06,4.4450004007547155e-08,0.9949742716368497,3.397209609832816e-10,2.0864094899327244e-08,0.00022034566094386,5.906739161777191e-05,2.10370726680195e-05,6.802446176271951e-07,5.747071663738636e-07,8.686501117797696e-10,6.881709423633018e-08
15,3.5066645792422174e-08,1.8378025631265474e-08,8.482838763962136e-07,3.7776042802252196e-06,1.5500417838290215e-06,0.00016221901777486197,2.9456613134560065e-05,1.5931680196658964e-05,1.255479858810651e-06,0.014179448270335493,2.498543337137312e-08,1.3453946733347126e-06,1.376810886912379e-08,2.588635977045175e-06,3.8926101442370973e-08,0.9852677844153034,3.6823644722737917e-10,4.24008082465282e-08,0.00021848910817307113,8.923593565978631e-05,2.43631038443949e-05,7.941434095466684e-07,6.619077743642828e-07,2.007190192668345e-09,7.446339428844292e-08
16,1.6877976038038234e-07,1.827844451875409e-08,1.4455694862995574e-05,3.3076404935899175e-06,7.084480504571814e-06,0.00020782921816144665,9.704009403716567e-05,3.637354429226839e-05,2.141124906348859e-05,0.0027879927465407133,9.880377924207271e-08,4.605163475653703e-06,1.0660807261077178e-07,5.7316031625720205e-06,2.021829419318224e-07,0.9956650713318964,6.608747528851487e-10,1.039761386667075e-08,0.0009481148894649443,0.00019500869146945183,4.158502730897268e-06,6.014316237355555e-07,4.805026949308473e-07,5.6841792541664234e-09,1.2181985843449828e-07
17,3.714772077454708e-08,2.0143225171203546e-08,8.949583568791864e-07,4.255277834716656e-06,1.6410115796282795e-06,0.00016416401275791398,3.129457451233784e-05,1.6854541475806804e-05,1.252991258320531e-06,0.01478160028916452,2.6698374092483453e-08,1.462952515893755e-06,1.5628154573031585e-08,2.857504754631766e-06,3.905912409684011e-08,0.984648321877851,4.006009215336192e-10,4.689479668812599e-08,0.00022169212673760344,9.615987250641648e-05,2.5728866697452655e-05,8.243896442507163e-07,7.274565711281087e-07,2.1736777718475092e-09,7.915010741700257e-08
18,5.196690973571096e-08,2.7639558263446473e-08,8.244358843235063e-07,4.618647794860534e-06,1.5234353878366496e-06,0.0001603925593126371,3.353014618322515e-05,2.181050903237595e-05,1.2610309944237762e-06,0.019199563223013926,2.7838816288134337e-08,1.8651544697415094e-06,1.824564196013345e-08,2.627465694712906e-06,4.624608349746659e-08,0.9801949138970446,7.067789015756836e-10,7.549781692212386e-08,0.00023692827716236936,0.00010470863611401499,3.2835990586086634e-05,1.3109396348177773e-06,9.260978110920296e-07,3.1850116841128756e-09,1.0822726152300068e-07
19,3.096590693970866e-08,1.0713336624453568e-08,3.155367249638153e-07,2.1987379308286066e-06,5.817830845339577e-07,0.00011710655371132819,2.413902369737214e-05,1.1140425222971199e-05,6.364007937738017e-07,0.009253930875766554,1.720557646790453e-08,7.183696289206926e-07,4.966013754694083e-09,1.2640840431366744e-06,3.241721470768811e-08,0.9903307641897329,2.563707623433578e-10,3.508998888629155e-08,0.0001725241721148296,6.011435174543262e-05,2.3101288442506443e-05,6.016982702770372e-07,6.69826318201583e-07,1.2291384553633815e-09,5.98392246538083e-08
20,3.589724022488729e-08,2.3697546351297378e-08,9.269217356930369e-07,4.479280785993245e-06,1.980461549863962e-06,0.00016234381071258437,2.9664659979051016e-05,2.4143409785164663e-05,1.6631496036418045e-06,0.018385022004154723,2.590674525191942e-08,1.6234557760945792e-06,1.7597206865405997e-08,2.8711886777788625e-06,5.22615767765147e-08,0.9809684343830917,5.577066648677112e-10,4.6912622844354e-08,0.00028126244390048105,0.00010511806597548173,2.8137426719634188e-05,1.287150134451784e-06,7.489471590331399e-07,2.491310760808139e-09,8.791830279700147e-08
21,5.930727061339306e-08,5.10336704487972e-08,1.3769214918819858e-06,7.1404318918689804e-06,3.868686307148559e-06,0.0002682020750813815,4.667216547716168e-05,9.375565440500367e-05,1.0121374394539786e-05,0.03312814729788429,6.947429333986473e-08,1.4604726359489219e-06,1.5200439590793362e-08,2.6289233113733525e-06,2.2849363661780266e-07,0.9649951779498105,1.3512869314361745e-09,6.360189069216413e-08,0.001250066826159833,0.00011903336487518964,6.747960649229284e-05,3.2497220137061486e-06,8.878087323951101e-07,5.097256098869443e-09,2.3715929098090881e-07
22,3.2137550993029096e-08,1.3689146768219434e-08,6.263238191620136e-07,3.252893557113074e-06,1.1596815664830726e-06,0.0001660947879300973,2.6075174232141894e-05,1.2785562911595279e-05,8.60200714646685e-07,0.011228184968381417,2.5794672896239783e-08,1.2460724002160943e-06,9.54460981107571e-09,2.15985050740457e-06,3.29816010396313e-08,0.9882730661303566,3.1970513829764605e-10,4.390902549240253e-08,0.0001740150237214585,8.367640323583837e-05,2.518023440931008e-05,6.829238414349309e-07,7.122075615216222e-07,1.5357523141937004e-09,6.164878899640662e-08
23,3.5066645792422174e-08,1.8378025631265474e-08,8.482838763962136e-07,3.7776042802252196e-06,1.5500417838290215e-06,0.00016221901777486197,2.9456613134560065e-05,1.5931680196658964e-05,1.255479858810651e-06,0.014179448270335493,2.498543337137312e-08,1.3453946733347126e-06,1.376810886912379e-08,2.588635977045175e-06,3.8926101442370973e-08,0.9852677844153034,3.6823644722737917e-10,4.24008082465282e-08,0.00021848910817307113,8.923593565978631e-05,2.43631038443949e-05,7.941434095466684e-07,6.619077743642828e-07,2.007190192668345e-09,7.446339428844292e-08
24,3.688931652793363e-08,2.7682535335774056e-08,1.0556363884253306e-06,6.0996943413393315e-06,2.1988434361601583e-06,0.00019432844377268807,3.5069461239142704e-05,1.8624782810365422e-05,1.3669063260530184e-06,0.018959069915469886,3.232298495591915e-08,1.6378271161109062e-06,2.2105316480409794e-08,3.907974054967377e-06,3.706284802243936e-08,0.980380413982139,4.164665809785675e-10,5.930341804259534e-08,0.0002457234308490297,0.00011991277112600439,2.856779901708543e-05,9.051557881517244e-07,8.110649804722223e-07,2.4063721022647284e-09,8.81218870676356e-08
25,4.7579852456583825e-08,2.256192867146978e-08,1.158760822802222e-06,6.959351615840387e-06,1.7999313130114054e-06,0.00014885669802996047,4.358504208769093e-05,3.21766697518766e-05,1.441621319952877e-06,0.01635617988926608,4.121400009781353e-08,2.0795793940844818e-06,2.2308534004683806e-08,2.926426267256893e-06,3.814040575351295e-08,0.9829373522351975,6.196983853499485e-10,7.260761429657621e-08,0.0002662279587972607,0.00016429583130348583,3.2788917292927765e-05,9.117168846048946e-07,9.168453109886125e-07,3.3795037927990554e-09,9.411380748370211e-08
26,6.103298835494628e-08,3.0361412135875826e-08,1.4701680622388473e-06,6.012540830991052e-06,1.9939365984202254e-06,0.00018222508845993908,4.400472801625751e-05,2.978751023594039e-05,2.0517442078296105e-06,0.020406404491642577,4.1131725021531275e-08,2.0355860112297202e-06,2.6039545119835413e-08,2.5360678357577003e-06,5.045870094220339e-08,0.9788992685004433,7.986930459324062e-10,8.492872700471488e-08,0.00023773336816899834,0.00015007553903074384,3.198417308612017e-05,1.121781436701889e-06,8.779003843032902e-07,5.116697611948965e-09,1.170070595131619e-07
27,3.3156807700810416e-08,1.5707720321104983e-08,7.626753702301261e-07,2.819374557954321e-06,1.132909025114567e-06,0.00014251982787616947,2.779473220612599e-05,1.6419666646940575e-05,1.4569481787112597e-06,0.012957902810726351,2.0577996359678826e-08,1.0542300175879194e-06,9.582469999136756e-09,1.885720287083888e-06,4.522965352999989e-08,0.9865200690889359,3.4018380317582795e-10,3.314814727892614e-08,0.00021736522592319721,8.522102715980642e-05,2.1937885268734655e-05,8.78287562125104e-07,5.438644164222436e-07,1.8086107920428818e-09,7.617425180630075e-08
28,3.5066645792422174e-08,1.8378025631265474e-08,8.482838763962136e-07,3.7776042802252196e-06,1.5500417838290215e-06,0.00016221901777486197,2.9456613134560065e-05,1.5931680196658964e-05,1.255479858810651e-06,0.014179448270335493,2.498543337137312e-08,1.3453946733347126e-06,1.376810886912379e-08,2.588635977045175e-06,3.8926101442370973e-08,0.9852677844153034,3.6823644722737917e-10,4.24008082465282e-08,0.00021848910817307113,8.923593565978631e-05,2.43631038443949e-05,7.941434095466684e-07,6.619077743642828e-07,2.007190192668345e-09,7.446339428844292e-08
29,3.5066645792422174e-08,1.8378025631265474e-08,8.482838763962136e-07,3.7776042802252196e-06,1.5500417838290215e-06,0.00016221901777486197,2.9456613134560065e-05,1.5931680196658964e-05,1.255479858810651e-06,0.014179448270335493,2.498543337137312e-08,1.3453946733347126e-06,1.376810886912379e-08,2.588635977045175e-06,3.8926101442370973e-08,0.9852677844153034,3.6823644722737917e-10,4.24008082465282e-08,0.00021848910817307113,8.923593565978631e-05,2.43631038443949e-05,7.941434095466684e-07,6.619077743642828e-07,2.007190192668345e-09,7.446339428844292e-08
30,3.5066645792422174e-08,1.8378025631265474e-08,8.482838763962136e-07,3.7776042802252196e-06,1.5500417838290215e-06,0.00016221901777486197,2.9456613134560065e-05,1.5931680196658964e-05,1.255479858810651e-06,0.014179448270335493,2.498543337137312e-08,1.3453946733347126e-06,1.376810886912379e-08,2.588635977045175e-06,3.8926101442370973e-08,0.9852677844153034,3.6823644722737917e-10,4.24008082465282e-08,0.00021848910817307113,8.923593565978631e-05,2.43631038443949e-05,7.941434095466684e-07,6.619077743642828e-07,2.007190192668345e-09,7.446339428844292e-08
31,4.975463939988026e-08,3.071406034772869e-08,1.5163009234116195e-06,6.8235026815762855e-06,2.4567659832433965e-06,0.00015470769055878195,3.964016238237558e-05,3.0270535896894294e-05,1.7536394155001515e-06,0.020703994425949643,3.221465695137713e-08,2.0921891695147424e-06,2.9460564577554634e-08,3.50105016417087e-06,4.006167555775151e-08,0.978610218978865,6.384524103102798e-10,6.558842300583392e-08,0.0002649761665170305,0.0001476482043903379,2.821686192738109e-05,1.0150555151878509e-06,8.101091574156388e-07,4.076466882196983e-09,1.0585156354091272e-07
32,3.458254639571602e-08,1.7533372890620345e-08,8.080037347701627e-07,3.5040456080380217e-06,1.473662964614002e-06,0.0001600508394569198,2.8471996251633038e-05,1.5509603432788384e-05,1.2775091643864393e-06,0.013603500243212042,2.4047507392452483e-08,1.301264335938616e-06,1.2495626264472076e-08,2.5144173159790712e-06,4.0400356436204047e-08,0.9858441363266757,3.5707690960169e-10,3.968482927363532e-08,0.00022711403523261066,8.446236816547997e-05,2.4182281046857394e-05,8.122234031055112e-07,6.356253997442858e-07,1.850997611395989e-09,7.460228629516969e-08
33,3.0370736349508634e-08,1.4009045640220965e-08,8.314681898253283e-07,3.4742904009484823e-06,1.3081865273137052e-06,0.00014685207725369118,2.7832999100836867e-05,1.5372380704672412e-05,1.404951127111669e-06,0.013267811158068967,2.2650630133601187e-08,1.0551682812743526e-06,9.051932048328327e-09,2.0417736659515396e-06,3.838489433060361e-08,0.9862166399399418,2.8802428081372517e-10,3.2234010627796276e-08,0.0002129001641114162,7.513908809438083e-05,2.5986753937351343e-05,5.835598429215172e-07,5.379386628715961e-07,1.744844040805321e-09,7.936797108026037e-08
34,5.9144802331574635e-08,2.065703084676543e-08,1.3122177246781264e-06,2.621537719207373e-06,1.4580061674568236e-06,0.00016669779461481692,3.9530166523684635e-05,1.5378592606691276e-05,3.566680912509547e-06,0.011997091449716122,2.47662486186187e-08,1.236842066640105e-06,1.2737934362788652e-08,2.9842783912265907e-06,6.757402063698217e-08,0.9872720356416486,2.874599412905757e-10,2.5683205691258567e-08,0.00040953253156976726,6.486733859366011e-05,2.0191418819858098e-05,8.151833587405231e-07,3.5260193431712426e-07,1.7926187429962663e-09,1.1507431072971178e-07
35,1.7860116904579085e-08,1.1321292061405344e-08,6.059374857327177e-07,2.2139034977747285e-06,1.563739095010056e-06,0.0001776892796594606,1.8083506569752382e-05,6.2180663881251045e-06,6.888909903274318e-07,0.007676240954190102,1.8173698533544393e-08,9.207500990565538e-07,1.02614482391926e-08,2.90361717171828e-06,3.311954157842829e-08,0.9919036139429713,1.6244341814246868e-10,1.8715269227842988e-08,0.00013472388517929743,6.006736388492688e-05,1.3267096906168081e-05,4.754749643092146e-07,5.771713424375646e-07,8.879118351734216e-10,3.591788250450164e-08
36,3.382075701298234e-08,1.841357145242266e-08,6.249357799965986e-07,4.124147309372087e-06,9.67117984098721e-07,0.00022418235408849335,3.781847442976608e-05,1.3247600373870873e-05,9.85679710587923e-07,0.013812312410744956,3.663633679064819e-08,9.069987852036791e-07,9.964045085031735e-09,1.9850655568378006e-06,3.211776908287721e-08,0.9856042988732986,2.5456873264309503e-10,7.179609996093615e-08,0.0001456287110901321,0.0001239728636220026,2.71588060636702e-05,6.980471988675804e-07,8.156278169580739e-07,1.973785681447708e-09,6.730921266304363e-08
37,5.370999858105579e-08,1.9342693195024828e-08,8.593021005637049e-07,3.778573446497036e-06,1.4506072086483968e-06,0.00017678295606404665,3.2557872971592014e-05,1.3656568297826359e-05,1.0007952548363965e-06,0.011034826114172731,3.059856256265718e-08,1.8570656400321234e-06,1.5921706262600388e-08,3.2232671013776985e-06,3.500279540480574e-08,0.9883998538751421,3.7558932803021527e-10,5.41064968873903e-08,0.00021079860264787873,9.482221107960134e-05,2.2697406622755977e-05,7.973673671375678e-07,7.491370603310977e-07,1.9195066479709697e-09,7.730047287408996e-08
38,8.865959119442457e-08,2.0716184355051628e-07,1.0419388342901928e-05,7.503539900020508e-05,2.2854869071050098e-05,0.00020068318229658652,6.627413191796693e-05,0.0003873058270106454,1.273877687043957e-05,0.1425667799086733,1.0127859088548385e-07,1.0882546870403937e-05,2.814245815445919e-07,1.2502492063339693e-05,7.591107109805673e-08,0.8546546363169617,5.785859419893994e-09,2.807900224693827e-07,0.001210578724156464,0.0006412775241222298,0.00012083351710293168,4.255327258861714e-06,1.3298643982521981e-06,2.6868959522532535e-08,5.443233629401932e-07
39,4.179321067749038e-08,3.114387267987529e-08,1.048389247890818e-06,4.538097609362878e-06,1.9306741097810783e-06,0.00019742924808530157,3.766588477846221e-05,1.6968814996528815e-05,1.7287530906204435e-06,0.018605102308402028,2.9933165195979764e-08,1.4101565940364124e-06,2.187206100278539e-08,3.518910369594138e-06,4.918762290594466e-08,0.9807416790454545,4.324173281797375e-10,5.453991182151533e-08,0.00025431941876824873,0.00010554921721878415,2.497083829045585e-05,1.0825888365222043e-06,7.339942855205653e-07,2.6726114851764143e-09,9.208498920341985e-08
40,3.539092173983591e-08,1.832927121433763e-08,8.48592953635316e-07,3.72295263063163e-06,1.5565998072282687e-06,0.00016378430915204017,2.9234959588627127e-05,1.5668468962140015e-05,1.2582972612738934e-06,0.013964882515308755,2.503807652741005e-08,1.3602184219316976e-06,1.3708596566012683e-08,2.627192782347898e-06,3.940916869370192e-08,0.9854811571644625,3.6753784510057903e-10,4.20735327522464e-08,0.00021993465533202565,8.796522529474799e-05,2.428647572769362e-05,8.00467106451736e-07,6.610568607146323e-07,1.9729522996921385e-09,7.455828961788904e-08
41,3.913790504371176e-08,1.9480263915025027e-08,8.109510361719279e-07,4.060950339263777e-06,1.4828027036372282e-06,0.00016442001089473463,3.153833893607465e-05,1.739262824091189e-05,1.1765722493198893e-06,0.014554366287401498,2.7661226925928436e-08,1.5250524760908782e-06,1.4913498280802912e-08,2.5872243514672622e-06,3.80557845704363e-08,0.9848699530113761,4.2814988895797865e-10,5.2755008432482834e-08,0.00022283781792291826,9.96044148458074e-05,2.633829305518772e-05,8.897755750268175e-07,7.445099070338458e-07,2.1750958375066913e-09,7.675175589027816e-08
42,8.457573631895949e-08,7.063069444858793e-08,2.9208390994814075e-06,1.2952563157299213e-05,6.916402047717837e-06,0.00042118590772428216,6.448017230723774e-05,2.397133441545116e-05,2.9494534762743198e-06,0.028639368635896178,9.204897063788638e-08,3.823339558640579e-06,7.991795520889035e-08,9.432524685772577e-06,6.235253194648705e-08,0.9702885504646701,7.979430798443955e-10,1.3965064501472076e-07,0.0003243623847390457,0.0001553324894739022,4.065934492390785e-05,1.091849810170503e-06,1.2971645904164983e-06,6.850721177114904e-09,1.6830422616002149e-07
43,4.214987357978232e-08,2.1096491499735374e-08,1.0429351317573545e-06,4.268357730195108e-06,1.6568844896315098e-06,0.0001687188151590508,3.514585371887514e-05,1.653437480733365e-05,1.3914983787243563e-06,0.01365422895141864,2.9245070983398876e-08,1.590456631062259e-06,1.774610080375848e-08,3.114949374390765e-06,4.0405930380544456e-08,0.9857517062051112,3.9451212269441987e-10,4.7521893215205425e-08,0.00023033174890246328,0.00010476719862548499,2.3698693065816162e-05,8.139968880347766e-07,7.053984348312098e-07,2.2603164076540647e-09,8.286194364378379e-08
44,3.5066645792422174e-08,1.8378025631265474e-08,8.482838763962136e-07,3.7776042802252196e-06,1.5500417838290215e-06,0.00016221901777486197,2.9456613134560065e-05,1.5931680196658964e-05,1.255479858810651e-06,0.014179448270335493,2.498543337137312e-08,1.3453946733347126e-06,1.376810886912379e-08,2.588635977045175e-06,3.8926101442370973e-08,0.9852677844153034,3.6823644722737917e-10,4.24008082465282e-08,0.00021848910817307113,8.923593565978631e-05,2.43631038443949e-05,7.941434095466684e-07,6.619077743642828e-07,2.007190192668345e-09,7.446339428844292e-08
45,3.64313587337549e-08,2.1493791601405043e-08,6.156486924423072e-07,5.016855256041644e-06,1.3963229044733391e-06,0.0001895520006094662,2.5309347575634677e-05,1.4168731011482355e-05,8.625634619203839e-07,0.016704620846352138,2.827224320747733e-08,1.4711713716619332e-06,1.0696348476397148e-08,2.8506197963379328e-06,3.3274232593697806e-08,0.9827195261973516,4.000982335666031e-10,6.92849870259537e-08,0.00020496948580598522,8.831437815295789e-05,3.9274158259631125e-05,8.495683462556457e-07,8.999884102081059e-07,1.7251500375436582e-09,1.005384318440451e-07
46,4.104486910679028e-08,2.0512676567229423e-08,9.146977012668299e-07,4.390582642938183e-06,1.6469386249070202e-06,0.00015944551553966256,3.0413570164620305e-05,1.976926573028509e-05,1.2914271197360797e-06,0.015231385561307365,2.862275716666131e-08,1.6696892601773652e-06,1.629691754426668e-08,2.549804400000807e-06,4.2058419655165006e-08,0.9841859977771198,5.267012808604534e-10,5.291015176110661e-08,0.0002267076866098002,0.00010395362073145028,2.786477814167607e-05,9.312740632876265e-07,7.782648256196765e-07,2.526463175348318e-09,8.504706119590908e-08
47,4.407325725583752e-08,1.32269398101049e-08,5.245800902322685e-07,2.096644931236891e-06,7.54514304518957e-07,0.00012827026787173306,2.2416177012805296e-05,1.1542266208973142e-05,7.234470126803089e-07,0.009598833018740444,1.790634396196181e-08,1.5235306482863703e-06,8.793451014292048e-09,1.7100930316420941e-06,3.0398458441546337e-08,0.9899600937743925,3.6638417720911245e-10,4.238946463343607e-08,0.00016907652939620674,8.165378378211466e-05,1.904690793262829e-05,9.532641360332678e-07,5.603684878364104e-07,1.3400141814361862e-09,6.233770661460638e-08
48,3.312991137047485e-08,1.6714387635138015e-08,8.896577220076559e-07,3.6738463197075214e-06,1.549388180832576e-06,0.00017287381737019126,2.8530341665821564e-05,1.4574690124077275e-05,1.2569659797434962e-06,0.013365851348023813,2.586871070726889e-08,1.3351491552916828e-06,1.2781519700474152e-08,2.578688267122233e-06,3.644809966350665e-08,0.986089398891688,3.182502524420113e-10,4.0857040256350756e-08,0.0002026788327394244,8.926417699512303e-05,2.3978396205031118e-05,7.121532670036418e-07,6.155069359147762e-07,1.8273512164839265e-09,7.020408993729207e-08
49,3.5948539596381745e-08,1.6410990748585362e-08,9.771594421781573e-07,3.5518967723929487e-06,1.6958588808139451e-06,0.00018675070187219438,2.6935284268696678e-05,1.5725143228871305e-05,1.2368795485210516e-06,0.012660330314992639,2.8634883683658328e-08,1.9014898165026775e-06,1.498271568197343e-08,2.7969514507385877e-06,3.7723032768655986e-08,0.9867632224339745,4.017874848071809e-10,4.741201603522376e-08,0.0002050151687027586,0.00010407749053969547,2.3946884319432586e-05,9.389720512652123e-07,6.483581218271828e-07,1.8061241323194134e-09,6.569192680762351e-08
50,2.3594582407673205e-08,1.8190243454167933e-08,6.875552964920982e-07,2.6565196614438435e-06,1.2328447912287178e-06,0.0001142769334329522,2.912093061202421e-05,1.2847657741753865e-05,1.3181190720970025e-06,0.016068218499992223,1.2521101612846429e-08,6.395398325374324e-07,1.0852937513744896e-08,2.38458234514867e-06,3.281521868278662e-08,0.9834406582498286,1.9459246679290552e-10,2.0413301862407752e-08,0.0002455691798984827,6.383758492848151e-05,1.531512396899824e-05,6.629569522369378e-07,3.9305489453439087e-07,1.4448821552703051e-09,6.063989015181719e-08
51,4.00184774921569e-08,2.381808375828347e-08,9.82925716030257e-07,5.298686237946555e-06,1.9021296816569382e-06,0.0001824324064746447,3.5420789863834714e-05,2.0582618391340183e-05,1.4474615678626564e-06,0.018356748712552804,3.093754802997954e-08,1.6002331009592366e-06,1.7768573088246796e-08,3.221540177630791e-06,4.0455942460738056e-08,0.9809984759623547,4.4964709085403013e-10,5.983544999701646e-08,0.00025252188949193157,0.00010622172443973154,3.111483825024789e-05,9.454463990648118e-07,7.771481410684154e-07,2.524381503943447e-09,8.967905504012975e-08
52,4.3969362595433044e-08,2.4156986655386133e-08,8.741538327202851e-07,4.166136494989105e-06,1.4760180830704841e-06,0.0002408318649546115,3.780084416559367e-05,1.4929421418901107e-05,1.2509926326411357e-06,0.015423634376767985,3.7778851575574074e-08,1.5420981161037592e-06,1.7861152056419024e-08,2.7782052825590945e-06,3.94819733073354e-08,0.9839366791692924,3.9323000951435543e-10,7.635633773776505e-08,0.00017910296185158267,0.00012751529656762457,2.5243791211059793e-05,1.0350319109154408e-06,8.244384516274685e-07,2.4355363690341854e-09,7.276553539115354e-08
53,4.1214153173809507e-08,2.484386069054263e-08,1.1719270723244074e-06,5.76037216133856e-06,4.432316431850162e-06,0.00021187831890921846,2.012712350811271e-05,2.2317943456939756e-05,1.4602507189983897e-06,0.020566781624454078,2.9686889042791172e-08,3.0834569884800217e-06,2.325243688388582e-08,4.576207001005426e-06,4.3903828692805465e-08,0.9787034818992859,6.702571660179851e-10,5.58947071282543e-08,0.00034112330229117807,7.373462580457142e-05,3.792709159451126e-05,1.0681355064577277e-06,7.582139464641729e-07,2.3900399643184647e-09,9.533469592995056e-08
54,4.782491845324111e-08,2.6034358839284315e-08,1.4755465380263594e-06,1.0086217122434066e-05,4.535223537244219e-06,0.00025593265847895734,3.371694845167408e-05,5.078314700206701e-05,2.1273385563285082e-06,0.023428420903399864,6.921038022180453e-08,3.2269629729224783e-06,3.0526448506563536e-08,3.307279070150294e-06,5.059400555470982e-08,0.975621604735306,1.1300771692118632e-09,1.1456440877138556e-07,0.0003680652847576735,0.00016207373478941675,5.1735135513711315e-05,1.235289483719187e-06,1.2343036411878566e-06,4.792183242063187e-09,9.461459778827543e-08
55,2.203784420192224e-08,1.3259788807952453e-08,5.226586129431564e-07,2.818998253600839e-06,1.341785276580211e-06,0.00013776062147940137,2.0185148513571562e-05,1.1695457029595386e-05,8.476924896717908e-07,0.011886807073860826,1.6249304536770043e-08,8.012234960335177e-07,7.968100182818308e-09,2.1194711977764986e-06,3.672827323515624e-08,0.9876660419346873,2.5548616446754683e-10,2.5073468433590844e-08,0.00018889849108407426,5.766317185520211e-05,2.107294684958734e-05,6.069499251997662e-07,6.367037186549162e-07,1.3243789331090898e-09,5.677502542575418e-08
56,3.8137928663865173e-08,2.116233935222903e-08,9.540442772848081e-07,4.128901379299248e-06,1.7118830268713361e-06,0.00017067136780954606,3.1956255198323963e-05,1.672332240569356e-05,1.3445096284307277e-06,0.014902934775049465,2.7616340117150202e-08,1.4809642711081604e-06,1.6802332281336667e-08,2.893842961287605e-06,4.1021539594444715e-08,0.9845163808161663,4.1135051931253275e-10,4.7202729563251015e-08,0.00022402391968940672,9.83031788005104e-05,2.4649528720847103e-05,8.602381798228352e-07,7.091687685483748e-07,2.28358202621457e-09,7.864552507221281e-08
57,5.781979072083477e-08,2.909309314779542e-08,6.055138667760997e-07,5.848277164983447e-06,8.438939412924747e-07,0.00021114883281171228,7.324902074941227e-05,1.4710978056453596e-05,1.170201214918304e-06,0.014307071030633176,4.414580240857768e-08,5.947209464737828e-07,1.1672979738310099e-08,2.1971568993658445e-06,5.39512205376101e-08,0.9850838099213322,3.008624039829854e-10,9.192554284256235e-08,0.0001576100724338646,0.00010771015826729414,3.0917754415582856e-05,5.812622055482763e-07,1.514180375415391e-06,4.105796708148008e-09,1.2400959728553907e-07
58,3.8449519861454734e-08,2.090732790626737e-08,9.306304245071367e-07,4.179554581859165e-06,1.6924945265344786e-06,0.000163982075564576,3.1813601829186227e-05,1.8297323261268022e-05,1.3604749330916974e-06,0.015650762787426248,2.719601737024688e-08,1.4449481543887027e-06,1.622128058801738e-08,2.626212006357435e-06,4.1824472012470935e-08,0.9837742334827243,4.4701742714326894e-10,4.879841627290911e-08,0.0002243917540571807,9.653291818494102e-05,2.5879420455511215e-05,8.668817816076203e-07,7.285798363342534e-07,2.512695238717663e-09,8.050350546789296e-08
59,3.905452015542552e-08,1.9191289429950432e-08,9.83837398902459e-07,4.040042152711155e-06,1.5787614323251847e-06,0.00015556455586159218,3.1837974745946393e-05,1.8742565995592596e-05,1.3410877241925171e-06,0.014696899324590324,2.7016017683776552e-08,1.4629692247645726e-06,1.5450218208882063e-08,2.4069421686098687e-06,3.978410272169551e-08,0.9847491053286083,4.3470981945924765e-10,4.758870325723234e-08,0.00020698482864737393,0.00010238741195465791,2.4895778027786665e-05,8.13107466083727e-07,6.855111345494862e-07,2.5744414079423675e-09,7.887886368321588e-08
60,3.5066645792422174e-08,1.8378025631265474e-08,8.482838763962136e-07,3.7776042802252196e-06,1.5500417838290215e-06,0.00016221901777486197,2.9456613134560065e-05,1.5931680196658964e-05,1.255479858810651e-06,0.014179448270335493,2.498543337137312e-08,1.3453946733347126e-06,1.376810886912379e-08,2.588635977045175e-06,3.8926101442370973e-08,0.9852677844153034,3.6823644722737917e-10,4.24008082465282e-08,0.00021848910817307113,8.923593565978631e-05,2.43631038443949e-05,7.941434095466684e-07,6.619077743642828e-07,2.007190192668345e-09,7.446339428844292e-08
61,3.7769379509506144e-08,1.920297632218002e-08,1.018846145631196e-06,3.99678033023306e-06,1.6278346579121617e-06,0.00016279713214745328,3.147972357521208e-05,1.7782630303202274e-05,1.3982509208350126e-06,0.014449860920055659,2.7558631410065736e-08,1.4741940477068622e-06,1.5588605812922455e-08,2.5458058109512074e-06,3.9751904588540455e-08,0.9849855273641835,4.095278910612861e-10,4.598083936571111e-08,0.00021174339548939156,0.00010253132902327671,2.448362047416448e-05,8.068024020393644e-07,6.589181982917211e-07,2.3884432288687343e-09,7.780192623142595e-08
62,3.5066645792422174e-08,1.8378025631265474e-08,8.482838763962136e-07,3.7776042802252196e-06,1.5500417838290215e-06,0.00016221901777486197,2.9456613134560065e-05,1.5931680196658964e-05,1.255479858810651e-06,0.014179448270335493,2.498543337137312e-08,1.3453946733347126e-06,1.376810886912379e-08,2.588635977045175e-06,3.8926101442370973e-08,0.9852677844153034,3.6823644722737917e-10,4.24008082465282e-08,0.00021848910817307113,8.923593565978631e-05,2.43631038443949e-05,7.941434095466684e-07,6.619077743642828e-07,2.007190192668345e-09,7.446339428844292e-08
63,3.827793519714588e-08,2.08623826238946e-08,8.860346355994392e-07,3.9546096530167615e-06,1.564855258352113e-06,0.0001671500858832591,3.176773844542843e-05,1.6603000116248208e-05,1.3363767067619566e-06,0.014920468331612381,2.665670779897055e-08,1.3692103610565832e-06,1.5268143754235334e-08,2.66764116427551e-06,4.14935987345128e-08,0.984507283881265,4.019853109471237e-10,4.7030569401262864e-08,0.0002227975755912846,9.543625412447248e-05,2.4882949047551287e-05,8.625987841224166e-07,6.966412564368014e-07,2.2538410230175596e-09,7.997093113683293e-08
64,3.489164488771138e-08,1.6838100738359765e-08,7.682006629580579e-07,3.93886761890275e-06,1.5466557257931421e-06,0.0001670364491166302,2.729403435749818e-05,1.5913910918275114e-05,1.1522057733362363e-06,0.014007392557941192,2.625283840285655e-08,1.4071496093133445e-06,1.167970957968247e-08,2.5274812568763163e-06,3.952251395972711e-08,0.985443496151456,3.816009553075078e-10,4.5748948154121005e-08,0.00021613260497054418,8.003835926526887e-05,2.962171414656831e-05,7.568469703699141e-07,7.203098356371196e-07,1.927914523195464e-09,7.925710353301528e-08
65,4.481403197482865e-08,2.762628642947324e-08,1.1093968242628276e-06,4.32265747874694e-06,1.5188684890575795e-06,0.0001325395727841389,4.309486878777065e-05,2.3114170085987184e-05,2.1605273719045352e-06,0.01767213636925054,2.492852197182663e-08,1.0770035452052059e-06,1.8721172684917473e-08,2.5394733868262483e-06,5.309088900597473e-08,0.9817027560870111,4.611551280251467e-10,3.922067523138859e-08,0.0002846749640739356,0.00010448925747469464,2.2596705976177293e-05,9.166485968638824e-07,6.383410568351429e-07,3.2957135654253285e-09,1.0292935999325435e-07
66,4.997935879905798e-08,2.207725736899112e-08,7.968703499784421e-07,4.7941653551952085e-06,1.9025508282046742e-06,0.00019149199779129958,3.0207978231784287e-05,2.0592718877034644e-05,1.3071414276956328e-06,0.01533481876677517,3.400385624167797e-08,1.7328878516885667e-06,1.3917811970297291e-08,2.7972455009526977e-06,5.9413899536500454e-08,0.9840417175184871,6.450308948124473e-10,6.660489466807171e-08,0.00024737696161775065,7.868933579526561e-05,3.932970513905993e-05,1.0009556611564546e-06,1.0848388116420307e-06,2.9630514063806537e-09,1.0875633831311533e-07
67,3.5656681929769683e-08,1.9114431883909033e-08,8.615266502035628e-07,3.887762180695999e-06,1.6219385089910724e-06,0.00016375159657700068,2.976239760791178e-05,1.675144746338175e-05,1.3289579246167399e-06,0.014977219803800072,2.5226803207380607e-08,1.349313831109572e-06,1.4081145957838575e-08,2.6173667971308847e-06,4.0028493872542444e-08,0.9844563707166686,3.8045933978935603e-10,4.308177999237294e-08,0.00022956841994594554,8.800997898396551e-05,2.5166930768514463e-05,8.166058113353725e-07,6.5883989600358e-07,2.0871487824933127e-09,7.67396393206782e-08
68,2.7687823891612803e-08,1.8411069901225544e-08,1.129170807566497e-06,3.4003528618457396e-06,2.6348450355657114e-06,0.00013275958380784967,2.6304049372384115e-05,1.571630470828494e-05,1.8692416465283081e-06,0.015220076144178975,1.6173519543653746e-08,1.0853157661681884e-06,1.5794657445651863e-08,3.7505560040989358e-06,4.333776146319937e-08,0.9841825429082469,2.6228943338618887e-10,1.775671773449383e-08,0.0003351235033203643,5.4399874149228845e-05,1.7966042379565664e-05,6.156771919424272e-07,4.165715165464772e-07,1.668657767090549e-09,6.876650883844195e-08
69,3.6823936408062734e-08,1.7610454685302084e-08,8.115827577143883e-07,3.3509671395922015e-06,2.0769452554482523e-06,0.00020320275353258866,2.6367653401311115e-05,1.404762649691636e-05,1.4174838138723082e-06,0.013240251340936213,2.724535352249784e-08,1.5123212822511542e-06,1.3248982289395746e-08,3.221894977214044e-06,4.9350315288703874e-08,0.9861472954450909,3.664323445582279e-10,3.843374813182191e-08,0.0002664945565773267,6.198498479143218e-05,2.616582246895005e-05,8.528481713769369e-07,6.895263363089772e-07,1.7221211315934378e-09,7.144562678438307e-08
70,3.9093623135142374e-08,1.886625204839825e-08,5.97714830352867e-07,4.598193185828615e-06,1.6178950939902303e-06,0.00012798145396478898,3.0684829742633135e-05,4.463191663273144e-05,1.8621920028988937e-06,0.0240640584939881,2.6339453927939364e-08,1.0479837702436956e-06,1.0646688560673899e-08,1.2199722769430716e-06,5.2755812434317354e-08,0.9752321201583397,7.174343151642666e-10,5.647275515526052e-08,0.0003668661898869591,8.08994669525792e-05,3.976517980990898e-05,1.0371672588757008e-06,7.129209545315839e-07,3.941070061839685e-09,8.943821939770818e-08
