,0,1,2,3,4,5,6,7,8,9,10,11,12,13,14,15,16,17,18,19,20,21,22,23,24
0,1.9157209339447392e-07,4.920020547620487e-06,7.242469373276115e-05,0.0005119079643552449,2.959288027693358e-07,7.417259922503543e-05,0.0031790288274702884,0.0004541384490937175,3.647770085441792e-05,0.0011689991073310219,6.666027009480479e-08,1.1339574845186586e-05,9.291460226313285e-05,6.1856001824286585e-06,4.720717961702991e-06,0.9891091719940021,6.428366252435334e-05,0.0012264459621277074,0.003746566658079996,0.0001305592064357405,6.809175716639819e-05,7.215571908516766e-07,2.5724970613868687e-05,6.576988600049514e-06,4.073224230176624e-06
1,0.00031648255842708564,0.00020475125640226073,0.0002574049900254601,0.08992128878039993,0.00029516217413324007,0.004842278537649069,0.6491338768388647,0.035948311015122615,0.000979488071000236,0.00029838432700917653,0.0001665892527817378,0.0033806959548889396,0.0046196415182485975,0.00012149553477619657,9.528485838656551e-05,0.09725443332347643,0.0026905191970120978,0.07999628215643909,0.025516291493991074,0.0001963005494194231,0.0023692697502242462,0.0002180030630628253,0.0011192825088560368,4.474659963934795e-05,1.3735689763708757e-05
2,1.636118226133809e-07,4.942531384446532e-06,7.891546172025637e-05,0.0004348016155618652,3.508324699399698e-07,0.0001300369868116342,0.0032567069870139626,0.0005099650187441174,8.260976258310786e-05,0.0023049942753066814,7.836510190372056e-08,9.49847577120654e-06,8.796162060554376e-05,1.1300589924492292e-05,7.243011322140455e-06,0.9859846993992704,4.585299358812668e-05,0.0015045122369623915,0.005210994428787602,0.0001964697976091663,8.772160697643901e-05,1.0214747687284448e-06,3.43953073489183e-05,8.182182544136152e-06,6.5814260000594275e-06
3,1.9936368661806423e-07,5.192046265750695e-06,8.107199094137256e-05,0.0004781697304923821,3.3327521508434906e-07,0.00013828067787631285,0.003550181875810575,0.0005289838031204201,7.636923826859551e-05,0.0021722679423409686,8.310817189884572e-08,1.0002110903180953e-05,9.357909716135412e-05,9.940923807731751e-06,6.740006446293122e-06,0.9851512930065643,5.2573554357905486e-05,0.0016524419856611635,0.005681851864291224,0.00016607030917013658,9.240509568978039e-05,1.0401485851233563e-06,3.6816770181550976e-05,8.136181831163192e-06,5.975893159475378e-06
4,2.2935930112128087e-07,5.984209096743477e-06,9.165769766592375e-05,0.0005132184265192283,3.65576631854677e-07,0.00013143746915010213,0.0039021303227256823,0.000567279903017266,8.22005450132291e-05,0.0022558013614023217,9.40107763219774e-08,1.122244753719579e-05,0.000115552809262,1.1696589816877804e-05,6.757590444348715e-06,0.984069439965007,5.64880668552843e-05,0.0018328561280494936,0.006000034920540489,0.0001849219802436931,0.00010640644532355736,1.1902724675780492e-06,3.752594376872135e-05,9.169120520386626e-06,6.338838863785851e-06
5,2.0422556846185537e-07,5.387565860017076e-06,8.53413370859458e-05,0.0005344421112411082,3.5527656584452903e-07,0.0001355780388115139,0.0033675033917749896,0.0005310806986062179,7.699733344072046e-05,0.002358754277904703,8.218790120154697e-08,9.49711887684238e-06,9.640325067388037e-05,1.0550969843663213e-05,6.268421024751621e-06,0.9849390755559608,5.385128687617753e-05,0.001934076170724141,0.005518079823863082,0.00018551129696173859,9.409258116621081e-05,9.590706836648714e-07,4.1375373182529545e-05,8.957203186621048e-06,5.575432214968712e-06
6,1.9936368661806423e-07,5.192046265750695e-06,8.107199094137256e-05,0.0004781697304923821,3.3327521508434906e-07,0.00013828067787631285,0.003550181875810575,0.0005289838031204201,7.636923826859551e-05,0.0021722679423409686,8.310817189884572e-08,1.0002110903180953e-05,9.357909716135412e-05,9.940923807731751e-06,6.740006446293122e-06,0.9851512930065643,5.2573554357905486e-05,0.0016524419856611635,0.005681851864291224,0.00016607030917013658,9.240509568978039e-05,1.0401485851233563e-06,3.6816770181550976e-05,8.136181831163192e-06,5.975893159475378e-06
7,3.680639151636695e-07,6.491427794521861e-06,0.0001067784151665611,0.0005615825650921104,3.4433564395133473e-07,0.000132211343830798,0.004578357790111312,0.0006072583757975337,7.216913988295675e-05,0.001961174123809575,1.2354457861713435e-07,1.263112688414302e-05,0.00019791551558085436,9.656015603873932e-06,7.388580961626137e-06,0.9829357482767912,5.9336550806525155e-05,0.001965842279951249,0.006431000950413143,0.00020380085883596124,0.00010421258568167084,1.5911883921653592e-06,2.995060429490415e-05,8.640241099818036e-06,5.426099080001628e-06
8,2.3280858139216e-07,5.743771881448101e-06,0.0001371661282878046,0.0005337904973149607,3.847871033627661e-07,0.0001283080697355405,0.0022298127518656603,0.0004900193090773758,7.525618620337521e-05,0.0029933630887578892,7.273391070695768e-08,9.357375481254398e-06,8.201317811021019e-05,1.2940358637848483e-05,6.0660359393749595e-06,0.98782412431358,6.563341676994241e-05,0.0015039772804961464,0.00355667837572195,0.00019028682899957083,8.88562424855176e-05,8.246606088665216e-07,4.675421483514165e-05,1.1161007706273637e-05,7.176577908187349e-06
9,1.2869946633615538e-07,5.192236908343236e-06,0.00011099386417522467,0.0004383536351743058,2.7230373324185815e-07,9.996275083242769e-05,0.0017014300205524244,0.0004379155685826561,6.530261593053171e-05,0.00339504140229373,5.014446078605741e-08,6.607137513749621e-06,6.699448827461601e-05,1.2934787539314674e-05,5.017179533963527e-06,0.9885413486828117,4.9552499988670376e-05,0.001281998699904844,0.003453795068624093,0.00019799181060958045,7.725885657004249e-05,6.62852129019339e-07,3.6139596378098483e-05,8.900000260820302e-06,6.155097751293553e-06
10,1.9936368661806423e-07,5.192046265750695e-06,8.107199094137256e-05,0.0004781697304923821,3.3327521508434906e-07,0.00013828067787631285,0.003550181875810575,0.0005289838031204201,7.636923826859551e-05,0.0021722679423409686,8.310817189884572e-08,1.0002110903180953e-05,9.357909716135412e-05,9.940923807731751e-06,6.740006446293122e-06,0.9851512930065643,5.2573554357905486e-05,0.0016524419856611635,0.005681851864291224,0.00016607030917013658,9.240509568978039e-05,1.0401485851233563e-06,3.6816770181550976e-05,8.136181831163192e-06,5.975893159475378e-06
11,2.1459817290942006e-07,5.510565101749176e-06,8.492879385742985e-05,0.00048810923115427614,3.475009164740958e-07,0.0001314612727897959,0.003699308907569059,0.0005339063878145679,7.662203034903458e-05,0.002104868084218251,8.874362097869938e-08,1.0862720035662948e-05,0.00010531197733466531,1.0411849557527865e-05,6.8025748800328634e-06,0.9850146671654926,5.470395669482454e-05,0.0016633977350064876,0.005684907998271934,0.00017490762116593517,9.65540357438677e-05,1.1148197394292363e-06,3.612680019609982e-05,8.700537293505331e-06,6.1640930228075395e-06
12,1.828296758811448e-07,4.975131299802929e-06,9.455151573048293e-05,0.00036396894631223874,5.334833338016322e-07,0.00013165209007155322,0.003072652502717723,0.00039185992952048266,8.089036933941895e-05,0.0021182580228249824,9.027356293320761e-08,1.0117709780626482e-05,8.903082156651838e-05,1.1427001588363382e-05,6.274745111860631e-06,0.9879351732791813,6.134250557306216e-05,0.0014485514926252697,0.003765801407654344,0.0002546116055344519,9.591845695873403e-05,9.342995110666042e-07,4.160200115708225e-05,1.1896886641315852e-05,7.702692726685125e-06
13,3.251462303954238e-07,7.265321090429414e-06,0.00011551866751044465,0.0005136539680015318,6.012300453366713e-07,0.0001195715100231859,0.00545998341728556,0.0008581834908381562,0.00010577104424815954,0.001959587135380641,1.958174138449722e-07,2.0259444038212382e-05,0.00017887660198662915,1.934537144508618e-05,9.745048001489933e-06,0.980505952629642,6.397531010605051e-05,0.0020804651750182964,0.007517978376457513,0.00024038773128538864,0.0001685041816002102,2.1152679858104374e-06,3.149657401736049e-05,1.0500893474677523e-05,9.740646873793215e-06
14,1.4452694666054223e-07,2.417434326681719e-06,7.275245983498655e-05,0.0002304055194979104,1.466390584020059e-07,0.00010906462936164559,0.0023966284817224363,0.0004383352755334138,4.9919869012539826e-05,0.001286461140548222,4.444061565727569e-08,9.679301206009944e-06,5.166141837478252e-05,6.319123235549234e-06,4.955093323099054e-06,0.9921144827836383,3.422067776656144e-05,0.0008065491841555975,0.002191485481444018,0.0001191896425345802,4.270736080462053e-05,6.690204989050183e-07,2.154876937559249e-05,4.591875304049248e-06,5.61985187975456e-06
15,1.9936368661806423e-07,5.192046265750695e-06,8.107199094137256e-05,0.0004781697304923821,3.3327521508434906e-07,0.00013828067787631285,0.003550181875810575,0.0005289838031204201,7.636923826859551e-05,0.0021722679423409686,8.310817189884572e-08,1.0002110903180953e-05,9.357909716135412e-05,9.940923807731751e-06,6.740006446293122e-06,0.9851512930065643,5.2573554357905486e-05,0.0016524419856611635,0.005681851864291224,0.00016607030917013658,9.240509568978039e-05,1.0401485851233563e-06,3.6816770181550976e-05,8.136181831163192e-06,5.975893159475378e-06
16,1.0199565155052347e-07,2.325518866557964e-06,0.0002008292523314327,0.00025553344027443443,1.9952252473987828e-07,0.00016739724417576797,0.000957877644976453,0.00014699910661531513,4.1271445389962174e-05,0.002756581232486696,2.6707916428819475e-08,3.032829568243851e-06,3.364801659242269e-05,4.703570421290729e-06,2.0045901731970767e-06,0.9935845233696751,7.201145923670318e-05,0.00060635522029309,0.0007965015439565573,0.00022270242816167847,4.193803394282491e-05,1.6293145348254468e-07,7.787067313518632e-05,1.9879535222089038e-05,5.522686958708186e-06
17,2.433248455962503e-07,5.845569435237739e-06,9.039105771143933e-05,0.0005248509495597905,4.042886047713448e-07,0.00014152999120873948,0.004268598744613264,0.0005834516699107929,8.527004442691979e-05,0.0021343612722914043,1.0151185515906132e-07,1.1860646059968398e-05,0.00011303313014944652,1.149457083486672e-05,6.812019598289349e-06,0.9835601645741398,5.954167916875262e-05,0.0019476611220091567,0.006103805087111739,0.00018160931034335353,0.000111212617487497,1.191754955465396e-06,4.0756011296360597e-05,9.41730813264906e-06,6.3917442495522215e-06
18,1.703061526793906e-07,4.912473311168563e-06,8.225092971133519e-05,0.0003242836123081286,3.0574678916752193e-07,0.00011952064418628477,0.0037945583472090184,0.0004941794861767897,7.792747170053155e-05,0.0020478008938611923,8.18944525036973e-08,1.0946008584241867e-05,8.364525610642994e-05,1.2582282035930508e-05,6.0851720483951705e-06,0.9853864130965119,5.256529325796709e-05,0.001608238166071796,0.005559922434650003,0.00016434580638404102,0.00011617667647024997,1.0296113710410827e-06,3.619638152356667e-05,8.182543424638222e-06,7.679465700931466e-06
19,2.470995618726476e-07,4.477944364750132e-06,8.967764408289557e-05,0.0003779131164164628,3.0489337560860264e-07,0.00013042984615327472,0.00404682349703436,0.0006347447565476725,6.547125561356739e-05,0.0017690565445394391,1.1066978664285105e-07,1.0526572943142935e-05,0.00010269543265600478,1.0392116154804514e-05,5.693184389498757e-06,0.9837846822893294,5.814581665667309e-05,0.0022391181870715705,0.006310142735203163,0.00016543068049162978,0.00013945919019411196,1.0764592191808635e-06,3.9805582089634654e-05,7.667396836780348e-06,5.907089287988104e-06
20,2.4020650215641974e-07,6.816642945586229e-06,8.91994015973129e-05,0.0006029403193358021,4.2268816670924514e-07,0.0001643351366099007,0.0045237154661163965,0.0007285371841473379,0.00011095506808633313,0.002831188035339907,1.1563339587858926e-07,1.146095252566859e-05,0.00013923890197340284,1.4379624815434813e-05,9.108073254893211e-06,0.9800540714015952,5.1295203764769505e-05,0.0020687266856736037,0.008199071269030358,0.0002183839065088811,0.00012070040989799232,1.7226045829303292e-06,3.740027719690448e-05,9.081890178073337e-06,6.893016758344806e-06
21,2.0678765524147774e-07,7.419052766952221e-06,3.8573333074203185e-05,0.0009645306602542149,8.729053803281562e-07,0.0014553822729901514,0.010898460267662006,0.0008600037356455462,0.00043233350037628584,0.005227229472349973,1.994964809070397e-07,8.830164711804463e-06,8.947618756861593e-05,8.799968049385044e-06,4.7811424849806235e-05,0.944187971361029,4.072416804792745e-05,0.0015430621377629152,0.03381581512308068,0.00016213797089507142,0.000108644219901419,4.139061643996413e-06,7.714155777790015e-05,8.93109786953152e-06,1.130407217616138e-05
22,2.235331245405232e-07,5.072219180409818e-06,9.789621999266058e-05,0.0004482629763696131,2.807805865085624e-07,0.00013202960319585997,0.002739473668962989,0.0006115495810218746,5.629874191136392e-05,0.0024942528219943764,8.138171568747646e-08,8.436622572541221e-06,8.920140224804473e-05,9.816498967807516e-06,5.009691015833381e-06,0.9859719787573834,6.512887842309673e-05,0.002010082628892659,0.004934010289654561,0.00016971360909092867,0.00010029369777401936,9.61900889794142e-07,3.827769287859845e-05,6.851809894437589e-06,4.814992258648162e-06
23,1.9936368661806423e-07,5.192046265750695e-06,8.107199094137256e-05,0.0004781697304923821,3.3327521508434906e-07,0.00013828067787631285,0.003550181875810575,0.0005289838031204201,7.636923826859551e-05,0.0021722679423409686,8.310817189884572e-08,1.0002110903180953e-05,9.357909716135412e-05,9.940923807731751e-06,6.740006446293122e-06,0.9851512930065643,5.2573554357905486e-05,0.0016524419856611635,0.005681851864291224,0.00016607030917013658,9.240509568978039e-05,1.0401485851233563e-06,3.6816770181550976e-05,8.136181831163192e-06,5.975893159475378e-06
24,1.9013059683574498e-07,6.749584124536095e-06,7.499780433714886e-05,0.0006691650552799573,3.4629124683365383e-07,0.00012709705184972675,0.0035595483499159773,0.0005869713870142117,8.074562291128217e-05,0.00261386320233634,7.753081742521933e-08,9.491424705925243e-06,0.00010404391233116014,1.0986147403277645e-05,6.88648682913855e-06,0.9825318687102764,5.275460514701842e-05,0.0019133958608809401,0.007341008285590745,0.00016273313474651134,9.508696021050478e-05,1.1239762408701952e-06,3.7427540153878324e-05,8.187823590877576e-06,5.25312146255705e-06
25,2.1828206175989131e-07,4.829092001022201e-06,8.131905524258486e-05,0.0004966660725501334,3.992379027038469e-07,0.00011140377830482645,0.00438281924137174,0.0008041741994949068,6.235063815582394e-05,0.0016226965906224711,1.1597991750158775e-07,1.2562579991999417e-05,0.00011227831416914419,1.0956763884591786e-05,5.255828626130897e-06,0.9841499633909091,5.750889482634686e-05,0.002341584118692245,0.005376022937550293,0.00020300049114090347,0.00011646825102649641,1.088535615493907e-06,3.414048946179753e-05,7.1676706598067425e-06,5.009565820073413e-06
26,2.405748076028484e-07,5.349259074383092e-06,0.00012115598990435236,0.0005047086057129557,4.064675985323975e-07,0.0001341568748279862,0.0028036461775928744,0.00044986769529160197,8.427009040876483e-05,0.0025723341121437512,7.820070528388927e-08,9.54954468585791e-06,9.198470747093218e-05,1.233827133195989e-05,5.071288565232625e-06,0.9869771181559704,6.168313479760195e-05,0.0020026715848892977,0.003778339761302544,0.00021386756041907973,9.728754995864115e-05,7.740355293735561e-07,5.3891123833482235e-05,1.2814570480916375e-05,6.394662696755416e-06
27,1.9667311293246e-07,5.563681980311025e-06,6.903608517573645e-05,0.0005453023910445885,3.565677626193854e-07,0.00017231645123586242,0.0036142046459654385,0.0005880612523964675,0.0001044490045292964,0.0025447718566498885,8.668951300621161e-08,1.0358414555278534e-05,9.897357016313955e-05,1.0310474338033832e-05,8.945176177422194e-06,0.9834763515381094,4.1843555875133615e-05,0.0015749307163282248,0.006834106388715994,0.00017336783673852385,7.722934142302951e-05,1.4206809213810688e-06,3.3314359205671365e-05,8.030174859817631e-06,6.472473222558851e-06
28,1.9936368661806423e-07,5.192046265750695e-06,8.107199094137256e-05,0.0004781697304923821,3.3327521508434906e-07,0.00013828067787631285,0.003550181875810575,0.0005289838031204201,7.636923826859551e-05,0.0021722679423409686,8.310817189884572e-08,1.0002110903180953e-05,9.357909716135412e-05,9.940923807731751e-06,6.740006446293122e-06,0.9851512930065643,5.2573554357905486e-05,0.0016524419856611635,0.005681851864291224,0.00016607030917013658,9.240509568978039e-05,1.0401485851233563e-06,3.6816770181550976e-05,8.136181831163192e-06,5.975893159475378e-06
29,1.9936368661806423e-07,5.192046265750695e-06,8.107199094137256e-05,0.0004781697304923821,3.3327521508434906e-07,0.00013828067787631285,0.003550181875810575,0.0005289838031204201,7.636923826859551e-05,0.0021722679423409686,8.310817189884572e-08,1.0002110903180953e-05,9.357909716135412e-05,9.940923807731751e-06,6.740006446293122e-06,0.9851512930065643,5.2573554357905486e-05,0.0016524419856611635,0.005681851864291224,0.00016607030917013658,9.240509568978039e-05,1.0401485851233563e-06,3.6816770181550976e-05,8.136181831163192e-06,5.975893159475378e-06
30,1.9936368661806423e-07,5.192046265750695e-06,8.107199094137256e-05,0.0004781697304923821,3.3327521508434906e-07,0.00013828067787631285,0.003550181875810575,0.0005289838031204201,7.636923826859551e-05,0.0021722679423409686,8.310817189884572e-08,1.0002110903180953e-05,9.357909716135412e-05,9.940923807731751e-06,6.740006446293122e-06,0.9851512930065643,5.2573554357905486e-05,0.0016524419856611635,0.005681851864291224,0.00016607030917013658,9.240509568978039e-05,1.0401485851233563e-06,3.6816770181550976e-05,8.136181831163192e-06,5.975893159475378e-06
31,2.4420723233776657e-07,4.9267354650806816e-06,0.00010741005873899783,0.0004227488147714306,2.557843693305804e-07,0.00010646250202850943,0.003093490204407672,0.0006528852345132485,5.4298575247262924e-05,0.002040862151608542,7.960189335421794e-08,9.87067173464362e-06,9.473213831721622e-05,1.0589844225312868e-05,4.531603072270446e-06,0.9865372626292707,6.151014999032277e-05,0.001988457437216573,0.004501581484506339,0.0001530475483888003,0.00010729129766998554,9.217058361054057e-07,3.4839089279748006e-05,6.595675158302612e-06,5.104855057846578e-06
32,1.9324246301909232e-07,5.188746824610467e-06,7.551842226108049e-05,0.00047883314554834856,3.33961219186872e-07,0.0001384846110835069,0.0035495865185968685,0.000518579449660083,7.490418273481674e-05,0.0021130355519261806,8.435306002506909e-08,9.936688719344943e-06,9.157016747107982e-05,9.528393296919544e-06,7.063954982164939e-06,0.984837572697632,5.264543980468011e-05,0.0016162437572953025,0.006115858340041896,0.00016004203019960383,9.294169811435441e-05,1.0578962552983391e-06,3.6699707446290224e-05,8.091511288212937e-06,6.005532075267526e-06
33,1.675966103078617e-07,4.888319046509071e-06,8.491444541398919e-05,0.00043360479103870386,3.313227111486392e-07,0.00016354604264447542,0.0030731861252691244,0.00047404605259250787,8.998700566026045e-05,0.0027735636425177245,7.218784642064836e-08,8.126743717872262e-06,7.61926832256825e-05,1.0827542289787355e-05,7.500888967536366e-06,0.9855850521564317,4.6947806345381636e-05,0.0015128178534043288,0.005330857295441991,0.00017997539998460967,8.676944660397397e-05,9.362449617439451e-07,4.070516284327971e-05,8.264823332601595e-06,6.71842109871571e-06
34,1.0864780001254277e-06,8.472870607059097e-06,0.00016046312728298261,0.0009301941051686669,6.53547092773275e-07,0.00021455819580814542,0.00740029235438246,0.0010414626642990862,0.00012168407290881521,0.00203053407642158,3.120853201546603e-07,2.1807981842088033e-05,0.0003062765340374637,1.3660080450070755e-05,1.318125684097488e-05,0.972192243614018,8.059309884059985e-05,0.0037664448216561384,0.01123752313930729,0.0001974083544778399,0.00018949687463561756,2.8562141389833715e-06,4.9071310899160954e-05,1.2078244755271863e-05,7.64489680864411e-06
35,1.215966620000547e-07,6.156964729137203e-06,8.923160232690058e-05,0.00046967012975651477,5.025560344736495e-07,9.796898468351637e-05,0.0034665694879123113,0.0003138106476015421,7.502293019668609e-05,0.002102330339793518,7.025724211679509e-08,8.527486266628327e-06,9.93751454307676e-05,1.1464514214096004e-05,8.513709586417409e-06,0.9872764914691823,5.626922089059801e-05,0.0009436445347211037,0.004564936542660031,0.0002548266153849978,9.669397069081304e-05,7.592108223730396e-07,3.7338564552908424e-05,1.1977411703605123e-05,7.72610695485324e-06
36,3.9612766949822716e-07,8.183281215369124e-06,0.00014135794762376607,0.0008042174515423821,1.1372757310965343e-06,0.00025225894857712857,0.007090629438996209,0.0006350957690079255,0.00015973740204147145,0.002760565834892591,2.1815188236727296e-07,1.535019429193486e-05,0.00014600272360151017,1.859610350535772e-05,1.2465095958955137e-05,0.9754768660281242,8.842727752881907e-05,0.0028083921580008063,0.008949828689768471,0.0002718203384689378,0.00022800548698594515,1.4181545090123104e-06,9.606834409577937e-05,2.137842554843336e-05,1.1583350432005145e-05
37,3.514841521684361e-07,6.617613177343106e-06,0.00012742902081503782,0.0005552617830736517,4.960854836707551e-07,0.00013027290493101084,0.004897999087872181,0.0006124092372926934,9.417950454725111e-05,0.002055222503198755,1.2088504122807845e-07,1.592523442032493e-05,0.00014000078383291252,1.48904915956538e-05,5.761812710812496e-06,0.9833498764498332,7.222605704668499e-05,0.0024549331352101368,0.005059959703565342,0.00020345497456873132,0.00013348343030137737,1.2036202979533386e-06,4.807732942835959e-05,1.253189928682129e-05,7.314968316716582e-06
38,5.274086096567745e-07,2.404053695363293e-05,0.00028530818302228387,0.0017912935714521538,3.2131664106782183e-06,0.00018304005302359326,0.007259611191154317,0.0015432747220662088,0.0005212447474381131,0.0064377182700647234,3.6520335418732574e-07,3.9112922522485026e-05,0.00024594446289207103,0.0001002462343113777,1.4347274152213204e-05,0.9658439257465685,0.00010279516049754765,0.0040078685361435995,0.01068826197378219,0.00041329327182482606,0.00033929445818314113,3.5300783159028678e-06,8.651624225955803e-05,4.034117602131102e-05,2.4885408975735998e-05
39,2.358460797530234e-07,7.0976827574164216e-06,9.752623648501424e-05,0.0006458782758267921,4.7648479080126707e-07,0.00015290359528337546,0.003891695940422811,0.000496558020961968,0.00011372205577651029,0.0029369040647173094,9.59608118417164e-08,1.062692498334376e-05,0.00012148306977254869,1.3492119773249423e-05,8.72120638712193e-06,0.9821995635864265,5.455950310070091e-05,0.001931589495358142,0.006939853491326565,0.00020960828545164593,0.000102932512323679,1.2185903251993056e-06,4.441932998060025e-05,1.1640398679549684e-05,7.1973221974381986e-06
40,1.9539500022822793e-07,5.157595298458233e-06,7.951310500986954e-05,0.00048008415510924737,3.298728671230071e-07,0.00013817449892800535,0.003525637729559488,0.0005309095455814998,7.596931641276901e-05,0.0021804431608130215,8.212056157659519e-08,9.83927553277701e-06,9.245316154459446e-05,9.851669433381642e-06,6.682213393177531e-06,0.9851041969557446,5.200641080541434e-05,0.0016627296162348452,0.005736878263831968,0.00016518825067215475,9.192556537805893e-05,1.0312740851753556e-06,3.679390417113957e-05,8.046382477791533e-06,5.880561553549377e-06
41,1.990361006909725e-07,5.237270927808647e-06,8.276048582465171e-05,0.0004577818678339955,3.2478872792527124e-07,0.00013322544455642208,0.0036500766061231048,0.0005384784766804222,7.523634245617883e-05,0.002154178300123389,8.400141635620082e-08,1.0120959927444709e-05,9.562790617206158e-05,1.0405794061453472e-05,6.344833787509475e-06,0.9849561670269392,5.372516512825182e-05,0.0017230517692669093,0.005727443077193726,0.0001676752576179128,9.950646214913228e-05,1.042136252529412e-06,3.713767313479182e-05,8.163690286611569e-06,6.0056273119311e-06
42,3.8186119451584396e-07,7.008921290534845e-06,0.00017829533339072892,0.0007870848381760385,7.144343995860038e-07,0.00017762539648574026,0.005956214271571174,0.0007161827528617448,0.00015549375328229224,0.0033613059994438825,1.3348136451647e-07,1.3260719268772355e-05,0.00013111835856472777,2.586506931834347e-05,6.526469063524432e-06,0.9771590910593966,7.027139405760064e-05,0.004715131685821287,0.005915116902805719,0.000289014112931109,0.00020357485732567132,8.752806912691045e-07,0.00010404308314399781,1.7391476358645905e-05,8.278487791962893e-06
43,2.373058319579498e-07,5.500852217047454e-06,8.736118734609157e-05,0.0004971181389313951,3.6836389490057516e-07,0.00012196037596502191,0.00422511607494766,0.0005390365697062389,7.633263667641906e-05,0.0017954293913576855,9.464045906263506e-08,1.2583674982415738e-05,0.00010953599917560998,1.0484331490586942e-05,6.365724436696268e-06,0.9848134778129043,5.761856552687007e-05,0.0017886459157974686,0.005532877026958469,0.0001661161880626716,0.00010052542938457258,1.0730321088345195e-06,3.685776950108077e-05,9.054256680731018e-06,6.228735656389686e-06
44,1.9936368661806423e-07,5.192046265750695e-06,8.107199094137256e-05,0.0004781697304923821,3.3327521508434906e-07,0.00013828067787631285,0.003550181875810575,0.0005289838031204201,7.636923826859551e-05,0.0021722679423409686,8.310817189884572e-08,1.0002110903180953e-05,9.357909716135412e-05,9.940923807731751e-06,6.740006446293122e-06,0.9851512930065643,5.2573554357905486e-05,0.0016524419856611635,0.005681851864291224,0.00016607030917013658,9.240509568978039e-05,1.0401485851233563e-06,3.6816770181550976e-05,8.136181831163192e-06,5.975893159475378e-06
45,2.18837643110974e-07,6.673027720525501e-06,0.00015911214584082208,0.0003373452029653089,3.10858173858235e-07,9.836348792609622e-05,0.0024411355192878233,0.00045785046005642345,7.23305901363939e-05,0.00334231041226438,7.358789190876712e-08,8.579958356673237e-06,8.872196146654479e-05,1.9516595857927446e-05,3.373926857578225e-06,0.9856869442427995,8.13765328818461e-05,0.002381675793410074,0.004357432647019122,0.00019561929942722188,0.00018246620035253767,7.804605865482284e-07,5.755366123480161e-05,1.2699951968487163e-05,7.534637874596214e-06
46,2.0441512670238995e-07,5.0759067255909475e-06,7.820189650298236e-05,0.00047083881750102353,3.1919528121094835e-07,0.00013093992704677696,0.003425324581608051,0.0005136044400365356,6.662185964715436e-05,0.001951903696945873,8.10283501574423e-08,1.0341417571070505e-05,9.134749955146257e-05,8.75914315933292e-06,6.459611656906393e-06,0.9860331477305841,5.603234242516155e-05,0.001526715512680105,0.0053369596790016245,0.00015275413913607404,8.531991989506155e-05,1.0190479531316815e-06,3.464755570060533e-05,7.714140911646112e-06,5.66649500143985e-06
47,2.1152913522171477e-07,5.37347855177965e-06,6.119573028481337e-05,0.0003559136239012525,2.335939253646254e-07,0.00011000027466698339,0.0036927624889240406,0.0004409002620869499,5.9084161835068335e-05,0.0014222382370558536,7.226914402388833e-08,1.283174788279688e-05,0.00011410641962844799,6.634264696901754e-06,5.550362927125626e-06,0.9874033358106006,4.886939064599679e-05,0.001155807003514614,0.0048760774615113096,0.00013157531507098944,6.296694682246998e-05,1.3400200636419514e-06,2.1166469948900836e-05,6.531422307799722e-06,5.221714867031983e-06
48,2.0316685639036785e-07,4.841597790857066e-06,8.599453475244277e-05,0.0004541384960586612,3.637361338235949e-07,0.00013945589863692738,0.0035686362291073295,0.0005022309605993939,8.271290959261339e-05,0.0020981828280586617,8.846391314306736e-08,1.0386453806122451e-05,9.518972503925787e-05,1.0476094730703124e-05,7.001222639778708e-06,0.9856716745881265,4.9925139045094165e-05,0.0016458522505226189,0.005241339171001469,0.00018376647320875902,9.315135148300129e-05,1.0053613872589966e-06,3.776000481752861e-05,9.091459690217766e-06,6.531883001247816e-06
49,2.2981002766884417e-07,4.6921580359622405e-06,9.63070221443207e-05,0.0004163039411772701,3.1342367241205245e-07,0.0001386530073539633,0.003233460726340651,0.0005089639572267139,6.914593587737408e-05,0.002023646576584828,8.385956956329004e-08,1.0633612431915178e-05,9.504088576094485e-05,9.451640630867248e-06,5.762422549648338e-06,0.9872909334740121,5.609978805383943e-05,0.0016009114705736822,0.004125757844105163,0.00017859181331195505,8.376112500247252e-05,9.665268451061005e-07,3.6083639744736515e-05,8.340543219319314e-06,5.864795747480477e-06
50,1.7649650333185032e-07,6.253318811132872e-06,7.223617346055056e-05,0.0005129144538693318,3.2280186781309075e-07,0.00016221992212770033,0.004486875340795859,0.0006523395355828733,9.596378432982792e-05,0.0027593044646944784,8.371887773262344e-08,9.886171106560349e-06,0.00010544596304747052,1.1674938789873863e-05,7.49276645432002e-06,0.9812304676268515,4.6575327963430455e-05,0.0017278836946494369,0.0077931488581664266,0.0001671449573698862,0.00010258877526401149,1.383241398967623e-06,3.436014463885273e-05,7.076070649748263e-06,6.181452728752633e-06
51,2.078776471789366e-07,6.523823827685374e-06,8.31659358548318e-05,0.0006061509640794794,3.4186693307137314e-07,0.00013274244997962443,0.003442088460474516,0.0006138223537018108,8.162473042964582e-05,0.0025985314500290755,8.382566605207956e-08,1.0125263041769248e-05,0.00010541562293117938,1.1297521824214092e-05,7.299128276817669e-06,0.9834776780230932,5.1670072830467634e-05,0.0018098813807721926,0.006650299437472344,0.0001688144782267379,9.256949288065509e-05,1.1933154302016056e-06,3.4873040190469804e-05,7.869693872480705e-06,5.729790534051187e-06
52,1.6829184476933702e-07,4.481595098252185e-06,7.013378548101122e-05,0.000504211385245748,2.442535397668181e-07,0.00015619020962984816,0.002429363664146898,0.0005640401611113318,7.595703518568061e-05,0.0031393965674778013,6.709557097734323e-08,6.82220911437168e-06,8.144635477036912e-05,9.267795456030456e-06,6.641437716498352e-06,0.9844814295706781,3.8589195694074666e-05,0.0019902646061391027,0.006150636207348377,0.00017402568667245744,7.105624768040965e-05,9.864080083859948e-07,3.372651363313097e-05,6.319532585005295e-06,4.5341901714501935e-06
53,2.202315943257124e-07,6.8606345727210415e-06,0.00010212754046010655,0.0006347315961690203,3.5068897387785e-07,0.00013729421242305283,0.0019585140676994634,0.0005225267068537134,7.22278350863234e-05,0.0037904013100831767,8.403604248295175e-08,7.3491585990923776e-06,0.00010269670341947009,1.1142222786986624e-05,7.311734698150774e-06,0.9839322910801348,6.052400832772282e-05,0.001772320416218405,0.006547470116485897,0.00018799604057683072,9.180509272515712e-05,1.1747970450436605e-06,3.745627995716533e-05,9.505047174033075e-06,5.61844189280633e-06
54,2.3726620411296765e-07,5.441813741075456e-06,8.736405411916966e-05,0.0005372843560194771,3.7037159610106317e-07,0.00015218647726319683,0.003907914720744956,0.0005833802615674497,8.047921039608508e-05,0.0022187003484473076,9.665954353153408e-08,1.0575684071873923e-05,0.00010460738992866677,1.0277277797454058e-05,6.967340988327588e-06,0.9838294974219935,5.770439782457263e-05,0.0019139943755422102,0.006159592410048102,0.00017321646547552817,0.00010304604699443112,1.1276491745799455e-06,4.127553868722412e-05,8.752139264626568e-06,5.9103225665125565e-06
55,1.676521127225962e-07,5.375345472454263e-06,9.141630543646812e-05,0.0004524564810583913,2.671822419387176e-07,0.00014879642195331433,0.0024700807099355977,0.0005867281468585937,6.574926162243897e-05,0.0033325884497355475,7.087436027536006e-08,6.484423429127411e-06,7.906281325726502e-05,1.0601864792192164e-05,6.815752755741525e-06,0.9847107372183403,5.396232404183225e-05,0.0016113029139219039,0.006046638798650569,0.0001724144941204136,9.88298698547779e-05,1.0117615744464433e-06,3.664092609725657e-05,6.317045029135632e-06,5.482963347248883e-06
56,2.1160750715819334e-07,5.413926353330912e-06,8.319528251885245e-05,0.0004884579572605837,3.418840627963123e-07,0.0001369302069234665,0.0036972323958083656,0.0005377912217749153,7.754191785765915e-05,0.002146167888435294,8.724856649255511e-08,1.05653077342854e-05,0.00010058473656013877,1.0228628145373636e-05,6.8126376264541635e-06,0.9848389558788664,5.4052369502731204e-05,0.0016910323663360334,0.005796609947856414,0.0001696475813048914,9.555683346731156e-05,1.095540224770022e-06,3.694351218997233e-05,8.454172425481546e-06,6.088950690885913e-06
57,2.0466229540406957e-07,5.1134517869380454e-06,8.342284093881555e-05,0.0004885588545062562,3.4302066136883015e-07,0.00014616498580533776,0.0035692824782813538,0.0005393995708510679,7.913284714641657e-05,0.002227714069427932,8.381827910172828e-08,9.983107374279797e-06,9.166427631100256e-05,1.0049457082758707e-05,6.812318388263463e-06,0.9851522280316382,5.275279888753215e-05,0.0016943831197422962,0.005528128775854334,0.00016916302669168373,9.142601500270885e-05,1.0253551133387626e-06,3.8694344641003737e-05,8.24857335033486e-06,6.020199942294991e-06
58,2.0625422845350038e-07,5.470881030422852e-06,8.242833948413494e-05,0.0004886857100429174,3.9819902919345124e-07,0.00013515452666111648,0.003775840508714422,0.00048133166475943477,8.340070669818656e-05,0.0020506863857763674,9.204768758230379e-08,1.108285726452926e-05,0.00010189046929435877,1.061055433454541e-05,7.208203796158305e-06,0.9849829651736215,5.4883293188345776e-05,0.0016324549057629843,0.005753886366799647,0.00018376877039865758,9.928729594868045e-05,1.0668727080491832e-06,4.016140066037431e-05,1.0258960878623705e-05,6.779651231250561e-06
59,1.932709981317493e-07,5.285785689451805e-06,8.88740477590648e-05,0.00045550860414106175,3.6232455431989526e-07,0.0001318482697379819,0.0033447252260433427,0.0004747287117650863,7.930321709834868e-05,0.0022232115306599306,8.279772523509657e-08,1.004641223075386e-05,9.353839035402644e-05,1.089557536033201e-05,6.600575955079602e-06,0.9859739148517542,5.421236993336686e-05,0.0015722828106823586,0.005136726727551351,0.00018398346713440142,9.68656632137302e-05,9.753913807133026e-07,3.9441489458588925e-05,9.730031563533884e-06,6.662457255533276e-06
60,1.9936368661806423e-07,5.192046265750695e-06,8.107199094137256e-05,0.0004781697304923821,3.3327521508434906e-07,0.00013828067787631285,0.003550181875810575,0.0005289838031204201,7.636923826859551e-05,0.0021722679423409686,8.310817189884572e-08,1.0002110903180953e-05,9.357909716135412e-05,9.940923807731751e-06,6.740006446293122e-06,0.9851512930065643,5.2573554357905486e-05,0.0016524419856611635,0.005681851864291224,0.00016607030917013658,9.240509568978039e-05,1.0401485851233563e-06,3.6816770181550976e-05,8.136181831163192e-06,5.975893159475378e-06
61,2.0923947771564712e-07,5.478577685587362e-06,9.472166069434487e-05,0.0004705946549035795,3.8593459752213706e-07,0.0001384909649983759,0.0035053547080739615,0.0005041159343725304,8.420427871956472e-05,0.0022937400275575993,8.899100924991667e-08,1.0665743254957437e-05,9.580107642452448e-05,1.1664331326828475e-05,6.686410733973092e-06,0.9854731310549263,5.685989457503443e-05,0.0016710823409860117,0.005227933371806595,0.00018577749147679595,0.00010300174883760092,1.0165618783130025e-06,4.189284811025557e-05,1.012303388039534e-05,6.979119692523613e-06
62,1.9936368661806423e-07,5.192046265750695e-06,8.107199094137256e-05,0.0004781697304923821,3.3327521508434906e-07,0.00013828067787631285,0.003550181875810575,0.0005289838031204201,7.636923826859551e-05,0.0021722679423409686,8.310817189884572e-08,1.0002110903180953e-05,9.357909716135412e-05,9.940923807731751e-06,6.740006446293122e-06,0.9851512930065643,5.2573554357905486e-05,0.0016524419856611635,0.005681851864291224,0.00016607030917013658,9.240509568978039e-05,1.0401485851233563e-06,3.6816770181550976e-05,8.136181831163192e-06,5.975893159475378e-06
63,1.9145285622551857e-07,5.53535873781164e-06,7.836010254763685e-05,0.000483073514758932,3.273753449097261e-07,0.00013296148568658081,0.003451980237211798,0.00052072339996658,7.488031755055696e-05,0.002218944921829392,8.061836075798624e-08,9.96740350829671e-06,9.306788472071059e-05,1.0012257726115807e-05,6.759236755237683e-06,0.9850255811894563,5.3322631209444856e-05,0.0016050869512961197,0.0059238357362415605,0.00016162307280139553,9.25247069538361e-05,1.0614313329232999e-06,3.599833199097901e-05,8.10542341009458e-06,5.99495774603183e-06
64,2.1252976197942212e-07,5.470640433883966e-06,9.148829648772599e-05,0.000449275625932842,3.6578922927505246e-07,0.00012965316333638603,0.0038041035048340366,0.0005330190993578021,7.635616403758445e-05,0.002131575616463014,9.282545447892538e-08,1.064602739967803e-05,9.812413884976568e-05,1.1554695784595568e-05,6.360264506379261e-06,0.9845858404639167,6.014579498329218e-05,0.0018076437490696122,0.005847096411365321,0.0001732549882565263,0.00011936091300291488,1.03538288654191e-06,4.142986974506641e-05,9.237130242381551e-06,6.656914662137362e-06
65,1.8766752101900455e-07,6.152967098020368e-06,0.00010382067242384832,0.0004296759804890294,3.238889029669944e-07,0.0001134174489109701,0.0031820449711623486,0.0005372138181268883,9.103283658190666e-05,0.0027327321015771008,7.415653911756158e-08,1.0350593190422647e-05,0.00010656170734242627,1.5027125302813619e-05,5.680411813467145e-06,0.9858645199927331,4.913482993437976e-05,0.0016604875436060252,0.004732752879783656,0.0002073332274275657,0.00010027951398219407,1.1139828310319608e-06,3.3793908763820685e-05,9.310576989189677e-06,6.977196966697266e-06
66,1.9915966885024434e-07,5.637446246804542e-06,7.430086758707907e-05,0.000555819796021992,3.850719186578353e-07,0.0001781362720413553,0.0037314555557814914,0.0005470361289187304,9.265657892958908e-05,0.0024794772460271664,8.802895119313399e-08,1.0057241967224764e-05,7.815103561736937e-05,1.0391557573335632e-05,8.247169093148852e-06,0.9828708487467906,5.692787591085986e-05,0.0017518788189697155,0.007235608255807962,0.00014591143036481245,0.00010135462195676492,1.0905388431603488e-06,4.854432983004766e-05,9.039822897798528e-06,6.756402284191307e-06
67,2.026072571386363e-07,5.2900121434358195e-06,7.95634219289864e-05,0.0004877176193929374,3.414749332573282e-07,0.00014288129420984432,0.0036866009865812524,0.0005396664673179435,7.956460310182423e-05,0.002175603261508855,8.540282539735695e-08,1.0330250616757362e-05,9.452788175251888e-05,9.999255149914133e-06,7.01444900697119e-06,0.9847389437709018,5.2346834323750905e-05,0.001654702792648313,0.005926929538619011,0.00016310011931960892,9.262160231641055e-05,1.090135398425534e-06,3.664840584357524e-05,8.130175538885e-06,6.097637363073545e-06
68,2.082372899773646e-07,5.294709111679662e-06,7.723105014371885e-05,0.0004900220837127653,3.289372040087764e-07,0.00014150317669686153,0.0036589964051880353,0.0005802588025832132,7.321005943961164e-05,0.0021294093744283218,8.879209281598038e-08,1.0103812046358299e-05,9.430975013947317e-05,9.594617811217705e-06,6.9452861403815895e-06,0.9842473694046878,5.429808685410304e-05,0.0017344181500841588,0.006383197931677714,0.0001549976110968655,9.779731985164556e-05,1.1274631030954582e-06,3.6044769542968766e-05,7.4766434712438205e-06,5.767525602162806e-06
69,2.3574127313747488e-07,5.816483668897563e-06,7.536432563012411e-05,0.000580946151207039,3.9750460108671925e-07,0.00016891646530029785,0.004084021841379769,0.0005269432926618648,8.765144367271043e-05,0.002126247761081987,9.470786576384942e-08,1.1264344263052247e-05,9.910506029760658e-05,8.877017498311646e-06,8.569541636370248e-06,0.9834159167444856,5.6707543401492475e-05,0.001576953549041178,0.006875393533993975,0.00014732923766167796,8.774451330341116e-05,1.240715379001477e-06,3.91156544361538e-05,8.794500747534328e-06,6.352325511949867e-06
70,9.33065922096369e-08,3.080191496413883e-06,4.071824423247878e-05,0.00020617015383234623,1.1897008560798397e-07,0.00011407963687756858,0.0019322010776151922,0.00036001078070773215,4.045860661107836e-05,0.0019334509735136275,4.2670827941783634e-08,5.411819837614906e-06,4.355598950627897e-05,5.590833193033374e-06,3.9834227714706746e-06,0.9879005272093307,3.9374057632278743e-05,0.001318532684242007,0.005848481415408018,9.556258403406805e-05,7.194019983134397e-05,7.077858003148162e-07,2.720815303002467e-05,4.435265416722705e-06,4.263967574110698e-06
71,4.081332196808143e-07,5.328314888205908e-06,8.41819996273626e-05,0.0007134208347720942,3.0653321537164835e-07,0.0002488022980548615,0.0034795718637970906,0.000659792785957715,7.187011283504787e-05,0.0022742185205390014,1.1512555573963516e-07,1.1711260754967242e-05,0.0001011720522958969,6.149464225844372e-06,1.0594501937854538e-05,0.9826970282548982,6.813852012874036e-05,0.0016519847426773539,0.007683282861742674,0.00010663027369170957,7.099577390861083e-05,1.5573424322511847e-06,4.025575718594055e-05,7.019932980855453e-06,5.462738677007195e-06
