,0,1,2,3,4,5,6,7,8,9,10,11,12,13,14,15,16,17,18,19,20,21,22,23,24
0,4.480912998537679e-06,4.677017202082361e-06,8.831200052630233e-07,0.00020469104305285982,1.0427357571200602e-05,0.000809933813188673,0.0004684632671009575,0.00037724321550440575,5.566620105977012e-07,0.12143360132113501,3.4743548747822113e-06,5.088941624008408e-05,1.9910378665804415e-07,1.946793785606414e-05,1.641893448535086e-06,0.8686347639589758,4.95002046931964e-07,0.0001030961271207318,0.000560324961358676,0.0003340281319619839,0.00642386206493255,0.00011016123630190096,0.00043691284423511207,9.71386544733061e-07,4.7538505459467575e-06
1,5.6043391742966786e-05,6.002933200695429e-05,4.25404500302645e-06,0.0029845296033649987,0.00010248860527912829,0.00243811527023934,0.0022348127825368184,0.0024846477941774855,4.4202458655799386e-07,0.25890224647369214,7.130035766100328e-05,0.0012445732011414448,5.8838286297020386e-06,0.00013554139403388447,3.795237328013458e-06,0.6821947925892661,1.8895754449587874e-05,0.0062721407186960305,0.0006408299631318699,0.002180775479026088,0.028144909030060773,0.0010808684507250777,0.008691854936745218,2.875360919126651e-05,1.747612728445223e-05
2,2.646311124502043e-06,2.0381087799662657e-06,6.653111729730307e-07,9.459456634743269e-05,7.82809406135238e-06,0.0007411572500856883,0.00030122900991632126,0.0002545620797386788,4.870307406069431e-07,0.06763127950109252,2.131092435238711e-06,3.6638872005595794e-05,1.6600672266366255e-07,1.2538556599584595e-05,1.3252753524904516e-06,0.9272972138910348,2.724817571689489e-07,4.211267689751142e-05,0.00042662566121125353,0.00031782474533907857,0.0024714328318143535,7.824927754165649e-05,0.00027454546044542463,4.83264143455075e-07,1.952643639976205e-06
3,3.404625229242995e-06,2.82724584937796e-06,1.177034519299972e-06,0.00015080566583693174,1.2875721750813921e-05,0.0009671517973539742,0.00039408243078543887,0.00034789320581945707,7.3800653225914e-07,0.09476270023045077,3.554916414067007e-06,5.176980852920282e-05,2.559112757718142e-07,1.637070930991778e-05,1.239796345772193e-06,0.8985488467289001,3.22828191160769e-07,6.71807378277448e-05,0.0005115752596193276,0.0003928216220744108,0.00342078143656037,7.435500801953735e-05,0.0002641244444044651,7.489049377892642e-07,2.3959234629142204e-06
4,3.513424213861584e-06,3.3468211487926267e-06,1.3911414381314132e-06,0.00016289146799007543,1.5904811328555885e-05,0.0010639254656616684,0.00041403358709668427,0.0003294121955045061,7.967555101809791e-07,0.10088694215668749,3.7105601012487694e-06,5.7483257772397454e-05,3.564484577061615e-07,2.060047118835167e-05,1.283406402272336e-06,0.8924997828459029,3.378346388992409e-07,6.927015283185491e-05,0.0005136111763546873,0.0004132152326728868,0.003184507360448457,7.726960653041149e-05,0.0002731941224444556,8.215473992783227e-07,2.3981502742536453e-06
5,3.550910615166894e-06,3.3146693823610604e-06,1.1907548581117317e-06,0.0002036625649675783,1.4588455454514018e-05,0.0010430572994965177,0.000427191998645894,0.00041074681420871735,6.879003763676842e-07,0.1131975998908295,4.2065589383964135e-06,5.6010567305473466e-05,3.0689986580759797e-07,1.737662302223656e-05,1.170289063025398e-06,0.8789910030420635,3.932330804620231e-07,9.76028082647039e-05,0.0004856816685971309,0.00046289011696720045,0.004161237931483752,7.997711862322639e-05,0.0003329917928107446,9.627712108889214e-07,2.597319868704508e-06
6,3.404625229242995e-06,2.82724584937796e-06,1.177034519299972e-06,0.00015080566583693174,1.2875721750813921e-05,0.0009671517973539742,0.00039408243078543887,0.00034789320581945707,7.3800653225914e-07,0.09476270023045077,3.554916414067007e-06,5.176980852920282e-05,2.559112757718142e-07,1.637070930991778e-05,1.239796345772193e-06,0.8985488467289001,3.22828191160769e-07,6.71807378277448e-05,0.0005115752596193276,0.0003928216220744108,0.00342078143656037,7.435500801953735e-05,0.0002641244444044651,7.489049377892642e-07,2.3959234629142204e-06
7,6.9809751450476885e-06,9.843603805361669e-06,3.595493233240739e-06,0.0003456781107038366,2.3898089560688754e-05,0.0013255569083037025,0.0010419903925943381,0.0006755237019345066,1.8690106705142879e-06,0.16969704096022037,9.62252042075582e-06,9.095937588523656e-05,1.4496219358526197e-06,2.9755207045786585e-05,1.7077000811168803e-06,0.8208842689602998,6.859208889143008e-07,0.00016963669408092685,0.0006553513216570548,0.0011058466881720221,0.003463756195414523,0.00011499418765108619,0.00033359421732710736,2.7282429799444482e-06,3.6658999882645723e-06
8,2.836229986984625e-06,2.883553062900254e-06,1.1915761057441184e-06,0.00019327759674219553,1.020146307772068e-05,0.0005269705203596915,0.0003917316454658664,0.00036282066442246564,5.855622803419019e-07,0.11624970318449152,1.6702681486387446e-06,3.4759848534249e-05,2.773407928596383e-07,1.5645943404458225e-05,9.173433287884194e-07,0.8784195565778447,2.9476679226377865e-07,4.607026514349066e-05,0.00036343343311493923,0.00038797056283612196,0.0026689462001859387,5.297850622825021e-05,0.0002611597265959445,9.204798566501231e-07,3.1967411972110345e-06
9,4.105748398599128e-06,5.8969907386626785e-06,3.04660900470519e-06,0.0003400158523514994,1.836499218120581e-05,0.0006808798201708068,0.0006322727806401591,0.000619001568652132,1.4079585495021395e-06,0.1771508882479862,3.1807179264373044e-06,5.314953664523549e-05,7.863188181815885e-07,2.2274953246335115e-05,1.0777695325332467e-06,0.815843383345376,4.3627427183522076e-07,7.918765140666594e-05,0.0004809547774708764,0.0007655103789876546,0.0029958402302522258,6.173071700535974e-05,0.0002301375223073104,2.0371933672121423e-06,4.4320447125218134e-06
10,3.404625229242995e-06,2.82724584937796e-06,1.177034519299972e-06,0.00015080566583693174,1.2875721750813921e-05,0.0009671517973539742,0.00039408243078543887,0.00034789320581945707,7.3800653225914e-07,0.09476270023045077,3.554916414067007e-06,5.176980852920282e-05,2.559112757718142e-07,1.637070930991778e-05,1.239796345772193e-06,0.8985488467289001,3.22828191160769e-07,6.71807378277448e-05,0.0005115752596193276,0.0003928216220744108,0.00342078143656037,7.435500801953735e-05,0.0002641244444044651,7.489049377892642e-07,2.3959234629142204e-06
11,3.6634547682232368e-06,3.1475860940321588e-06,1.283188333008191e-06,0.00016380837031224779,1.381846462497547e-05,0.000983061926038875,0.0004227771106769642,0.00036393340842344577,7.686157424862682e-07,0.09881808917152744,3.7621859834449945e-06,5.5683074406821506e-05,3.1345477043694807e-07,1.7807159275070486e-05,1.2574434418447777e-06,0.8944163103176717,3.552554615464782e-07,7.307220780181638e-05,0.0005153748702153618,0.0004278795327949091,0.0033533423960131854,7.72813145515781e-05,0.000279886107449562,8.45226534911974e-07,2.4781570861973212e-06
12,3.429744883427295e-06,2.890911057500859e-06,1.6195918095785931e-06,0.00015492032125394477,1.1400234431291492e-05,0.0008388147603410233,0.0005112096993231562,0.0004992214506902357,1.557356491118146e-06,0.10617647011039025,3.972933320413747e-06,4.11650179858082e-05,2.4167827388117485e-07,1.2651966151037537e-05,1.5615163243410855e-06,0.886823438882039,2.8760406537854965e-07,4.838333641476641e-05,0.0007180940565015495,0.00045547902224744234,0.0034583624346438448,6.169589075710566e-05,0.000169376193683067,8.427009586585245e-07,2.912585962362031e-06
13,6.556143535786937e-06,3.426576049672122e-06,2.4997215873571515e-06,0.00017270635860906086,2.4483648973361882e-05,0.0011539469439161671,0.00047475838779185585,0.0005511634675736594,1.1627192522891375e-06,0.06753441648412176,8.823813396121655e-06,0.00018164896074599455,3.8309598672434333e-07,3.303468632646952e-05,2.223727832623227e-06,0.9221622917728024,7.314724533741605e-07,8.483495051113335e-05,0.001004424752382325,0.00048790957501406834,0.00565371965070862,0.0001534210333110156,0.0002977396882826311,8.240461876729912e-07,2.8683226480605486e-06
14,5.3512351676242666e-06,5.54391669760329e-07,8.692018019643152e-07,6.668150926923084e-05,5.003624568405175e-06,0.0004509683666278227,0.00030179303422484276,0.0002859231427230276,4.3338266051214475e-07,0.021124629487202288,2.0953375653246905e-06,8.413042481319011e-05,6.372030411650755e-08,1.1845682657209611e-05,1.3881734844398054e-06,0.973739243278915,3.109811220880288e-07,2.8066562134581405e-05,0.0005280516247257942,0.00022070110056078644,0.002844239757684341,6.592062453991499e-05,0.00022889809723018192,2.9325600058266683e-07,2.544002346693626e-06
15,3.404625229242995e-06,2.82724584937796e-06,1.177034519299972e-06,0.00015080566583693174,1.2875721750813921e-05,0.0009671517973539742,0.00039408243078543887,0.00034789320581945707,7.3800653225914e-07,0.09476270023045077,3.554916414067007e-06,5.176980852920282e-05,2.559112757718142e-07,1.637070930991778e-05,1.239796345772193e-06,0.8985488467289001,3.22828191160769e-07,6.71807378277448e-05,0.0005115752596193276,0.0003928216220744108,0.00342078143656037,7.435500801953735e-05,0.0002641244444044651,7.489049377892642e-07,2.3959234629142204e-06
16,1.2564215078969204e-05,2.177047702696015e-06,3.739785673538496e-05,9.784788075884825e-05,9.053162883365533e-05,0.00215217884066665,0.0014265197272591101,0.0005454206231814065,1.7796071273096193e-05,0.009684841460954583,2.4508874471123554e-05,0.00023151081383888795,4.0017286884300395e-06,4.405227119768222e-05,1.2616867007193855e-05,0.9823604797023952,5.106774777884075e-07,9.603591274643863e-06,0.0013008949865458191,0.0013601427684052042,0.00023069980130898177,5.517822986287144e-05,0.0002943155511456083,2.2040350605139196e-06,2.0047488756589336e-06
17,3.612004050455833e-06,2.9766490662983105e-06,1.2150918676641721e-06,0.00017010516485254723,1.361861817078025e-05,0.0009699333560103885,0.0004072934325512347,0.00035880759106278703,7.036897678367302e-07,0.09668050457011389,3.6377030456631483e-06,5.694672241301804e-05,2.8856701642944917e-07,1.8515606227238363e-05,1.19371747581494e-06,0.8964109375219634,3.469806328562563e-07,7.43418095359842e-05,0.0005067305270842319,0.00041392693622020326,0.003530681008025567,7.678760811400827e-05,0.00029357908829255136,7.86110518508988e-07,2.5299259207853653e-06
18,6.417094055593528e-06,4.057342272194575e-06,1.1120365289585584e-06,0.00017790624068985607,1.0046640849667353e-05,0.0007427693896300973,0.000483018452695101,0.00045188287197663697,5.550322068369615e-07,0.10865167698246435,3.5529425523665214e-06,8.185774688674161e-05,3.20060479782236e-07,1.687531677267439e-05,1.3295709559829575e-06,0.8831753888039904,7.385832994623729e-07,0.00013453471143324216,0.00048587429058941133,0.0004507049416420921,0.004580936325263756,0.00013503083140529163,0.00039823498685656394,1.2932353078642703e-06,3.885569194857125e-06
19,3.5275556893637727e-06,3.503845060782784e-06,1.8631452775942608e-06,0.00019671393174180375,2.0529813444711325e-05,0.0010714004639382597,0.0004152313915314188,0.00041951260002333373,1.0190470147650503e-06,0.11409586041198529,4.0480808722024564e-06,6.994833254110262e-05,4.3356097486065785e-07,2.2359321689374785e-05,1.2966598808175058e-06,0.8789199835736982,3.8323528976780577e-07,6.824733336523037e-05,0.0005757154085848043,0.00047613575114291385,0.003299081877594477,7.938542278975518e-05,0.0002503157585745307,9.197429849370709e-07,2.583734309728674e-06
20,3.316451155898124e-06,3.6846139656923884e-06,1.2100798155104873e-06,0.0001685673970280707,1.625405560730583e-05,0.0008324775701462122,0.000372388447314049,0.000553913653844453,8.946206157224974e-07,0.11672956183366531,3.446813496483423e-06,5.983780016208282e-05,2.879595576933056e-07,1.7331883618524366e-05,1.764699304156821e-06,0.8753772701889849,5.341871363112045e-07,6.615153745628569e-05,0.0007034643536605805,0.0004283590085062687,0.0042289183046519555,0.00013012238666500404,0.00029657567775631823,9.140215871130437e-07,2.7524542979925045e-06
21,7.103276838110437e-06,1.8774402429420164e-05,2.559957842757118e-06,0.00027550536171003427,4.6312808840956594e-05,0.0013521335591558446,0.0007774430720206174,0.003301085554587675,7.498652718452029e-06,0.23995657712189686,1.7706375735084376e-05,5.221955469400256e-05,2.312717621360289e-07,1.6421381446768226e-05,1.6321121153697702e-05,0.7302056903758825,2.488437267358819e-06,0.00011716642065336634,0.004723950261226766,0.0004563548061855567,0.0175923108078354,0.0006163673399660372,0.0004247605941746884,3.751180982722356e-06,9.266302993322603e-06
22,3.906553676318361e-06,2.164710622108648e-06,1.054733911374047e-06,0.0001316187753808358,1.0132716814439105e-05,0.0010111069499343106,0.00041369518021581856,0.00029916855827869193,5.1346468396019e-07,0.06918569196370704,4.511735528946248e-06,5.7607030886484735e-05,1.957882391146741e-07,1.499295706861522e-05,1.0788356810563888e-06,0.9238502348260296,3.364378177139724e-07,8.512427048936555e-05,0.0004164256046816177,0.00040413680282005483,0.003734796163656074,7.516034347209772e-05,0.0002937693137602419,6.774190552260964e-07,1.898863588821911e-06
23,3.404625229242995e-06,2.82724584937796e-06,1.177034519299972e-06,0.00015080566583693174,1.2875721750813921e-05,0.0009671517973539742,0.00039408243078543887,0.00034789320581945707,7.3800653225914e-07,0.09476270023045077,3.554916414067007e-06,5.176980852920282e-05,2.559112757718142e-07,1.637070930991778e-05,1.239796345772193e-06,0.8985488467289001,3.22828191160769e-07,6.71807378277448e-05,0.0005115752596193276,0.0003928216220744108,0.00342078143656037,7.435500801953735e-05,0.0002641244444044651,7.489049377892642e-07,2.3959234629142204e-06
24,3.1328029733211195e-06,4.167381742589301e-06,1.3477772673558727e-06,0.00024966863010122926,1.7742392745286777e-05,0.0011515732429261659,0.0004367665705138845,0.0003747562488563805,7.652999057328766e-07,0.1332733166665937,4.016839398499137e-06,5.735658570860866e-05,4.305922262307024e-07,2.461993928737371e-05,1.0423669116982102e-06,0.8591847578921668,3.1834945945150476e-07,8.993365758852608e-05,0.0005347054999643227,0.0005239618002911231,0.003678871395100624,7.555154068978244e-05,0.00030767154048171486,8.176771725388133e-07,2.707309927015429e-06
25,6.456311265481128e-06,3.861674888311418e-06,2.291063959161339e-06,0.0003108321899005195,1.706587454663051e-05,0.000880610041424683,0.0007346886167374941,0.0009386716583424447,9.866946097647463e-07,0.10489088295727306,8.154077923583532e-06,0.00011717955978165054,5.080140907182149e-07,2.147854196557641e-05,1.3144003319532656e-06,0.8845065838376222,7.726045096445527e-07,0.00015412197455015768,0.0007096730138855302,0.000896251573120593,0.0052950076388774995,0.0001165149532786652,0.0003812638990373102,1.6588468592614724e-06,3.169981218517594e-06
26,7.423268279430373e-06,4.831669128899968e-06,2.4973271833247285e-06,0.0002476466305387203,1.688262236995087e-05,0.0009606071792406847,0.0006579860505260315,0.0007051751203505191,1.1740514350008216e-06,0.12707525746505471,6.201221230331504e-06,8.671703073955934e-05,5.664275726024354e-07,1.6119933071575986e-05,1.477686742774178e-06,0.8639469271427058,8.740409845102932e-07,0.00016396171084896277,0.0005216341529584191,0.0007019735212130629,0.004410052891850692,0.0001095711952486173,0.00034819186539780363,2.5456042500272255e-06,3.7041910779868516e-06
27,2.93231813789601e-06,2.1643858322204033e-06,9.235116299158543e-07,0.00010339312904486598,8.127639307975406e-06,0.0007962760467226378,0.00034317591108351173,0.0003428836235197813,8.369420719203337e-07,0.08451835150527937,2.4747775704845792e-06,3.496295570955377e-05,1.542908199237802e-07,1.049571802636435e-05,1.4110056648171659e-06,0.909800337008586,2.684007199196974e-07,4.525917578596642e-05,0.0004923320716569002,0.00035952634904119025,0.0028511435161211298,7.622885697157509e-05,0.00020329634391653414,5.982712061693437e-07,2.446245573283977e-06
28,3.404625229242995e-06,2.82724584937796e-06,1.177034519299972e-06,0.00015080566583693174,1.2875721750813921e-05,0.0009671517973539742,0.00039408243078543887,0.00034789320581945707,7.3800653225914e-07,0.09476270023045077,3.554916414067007e-06,5.176980852920282e-05,2.559112757718142e-07,1.637070930991778e-05,1.239796345772193e-06,0.8985488467289001,3.22828191160769e-07,6.71807378277448e-05,0.0005115752596193276,0.0003928216220744108,0.00342078143656037,7.435500801953735e-05,0.0002641244444044651,7.489049377892642e-07,2.3959234629142204e-06
29,3.404625229242995e-06,2.82724584937796e-06,1.177034519299972e-06,0.00015080566583693174,1.2875721750813921e-05,0.0009671517973539742,0.00039408243078543887,0.00034789320581945707,7.3800653225914e-07,0.09476270023045077,3.554916414067007e-06,5.176980852920282e-05,2.559112757718142e-07,1.637070930991778e-05,1.239796345772193e-06,0.8985488467289001,3.22828191160769e-07,6.71807378277448e-05,0.0005115752596193276,0.0003928216220744108,0.00342078143656037,7.435500801953735e-05,0.0002641244444044651,7.489049377892642e-07,2.3959234629142204e-06
30,3.404625229242995e-06,2.82724584937796e-06,1.177034519299972e-06,0.00015080566583693174,1.2875721750813921e-05,0.0009671517973539742,0.00039408243078543887,0.00034789320581945707,7.3800653225914e-07,0.09476270023045077,3.554916414067007e-06,5.176980852920282e-05,2.559112757718142e-07,1.637070930991778e-05,1.239796345772193e-06,0.8985488467289001,3.22828191160769e-07,6.71807378277448e-05,0.0005115752596193276,0.0003928216220744108,0.00342078143656037,7.435500801953735e-05,0.0002641244444044651,7.489049377892642e-07,2.3959234629142204e-06
31,4.874682144308028e-06,4.734981973783855e-06,2.3734199803366173e-06,0.00027443118514435856,2.095669661219144e-05,0.0007843460111027707,0.0005300046850688363,0.0006658539535919125,9.747113184434685e-07,0.1340845373500441,4.182402547973701e-06,7.860198223084436e-05,6.044152635679183e-07,2.2273988298687505e-05,1.124283774469971e-06,0.8580373367717148,5.772246367765867e-07,0.00010377236356423939,0.0005825573103825668,0.0006438467352775694,0.0037644049344145725,8.641509686811689e-05,0.0002962311497783419,1.7347092962722943e-06,3.248954970285151e-06
32,3.2834053355967417e-06,2.6999776009320366e-06,1.1318121226561833e-06,0.0001387907736556923,1.2510049821991744e-05,0.000947163720991167,0.00037397247964056216,0.00034532178039797215,7.720103965798558e-07,0.09184939816460341,3.3793467023957768e-06,4.9405282121475214e-05,2.3057321771238647e-07,1.578516274518191e-05,1.3061943948871502e-06,0.901510304330834,3.152497399544198e-07,6.114604393400754e-05,0.0005488570599012794,0.0003690532279643443,0.003436855452745001,7.650613576305026e-05,0.0002487438433220333,6.882367201301337e-07,2.379685328044877e-06
33,2.7510242159918708e-06,2.151908204137988e-06,1.1510580915628345e-06,0.00014410757136150765,1.0620779797600036e-05,0.0009168441501097225,0.00037651276267768047,0.00034520793657688326,9.267764753903648e-07,0.09625442953424496,3.2181228831124295e-06,3.813968099221818e-05,1.7376888269448233e-07,1.2307947422048287e-05,1.2234150913947214e-06,0.8971432528709886,2.348599584309024e-07,5.030675014513505e-05,0.0004983863454532588,0.0003469714248187583,0.0035898617774875775,5.053688623134084e-05,0.00020741570851466222,6.459840809727789e-07,2.6209552943069196e-06
34,5.143258499199723e-06,3.1991182464662e-06,1.998189740308523e-06,0.000100399753566459,1.2568129998759455e-05,0.0010672461906531122,0.0005197746330678618,0.0003736586629406897,3.3004264598630746e-06,0.09131153032029249,3.361073162243708e-06,4.161381823768683e-05,2.568631436778301e-07,1.7015785443192456e-05,2.439102314530952e-06,0.9022024576130917,2.1799625526124432e-07,3.2738794611016286e-05,0.0011556109671878817,0.00029772672700243205,0.002665708624817187,6.790960009541484e-05,0.00010971402178728156,6.3749775384602e-07,3.772831631609515e-06
35,1.336719376874277e-06,1.648986222325365e-06,8.06650045467594e-07,7.38838981732765e-05,1.379810005989517e-05,0.001195144523040932,0.00022667546038731372,0.00010554652774908553,3.670666725947717e-07,0.04814258167663587,2.612250492612586e-06,3.2771662598753244e-05,1.776654416785079e-07,2.003630219171445e-05,1.1078635908526323e-06,0.9476120875616454,1.126011997539705e-07,2.2949996484357893e-05,0.00030029170994042535,0.00023617259816464424,0.001738830072477254,4.19680077636648e-05,0.00022795150220503605,2.558339267782914e-07,8.847635134134362e-07
36,2.6580954525360215e-06,2.8597007335046914e-06,7.204396251584828e-07,0.00015727709244757322,7.116672896921299e-06,0.0019000719150131142,0.0005501581104286904,0.00023170830178341923,5.20879282917589e-07,0.09813756788790151,6.675850942858565e-06,2.520712186792619e-05,1.4841719470064259e-07,1.1512411649217798e-05,9.378216220845199e-07,0.8934578415164305,1.5822827684073192e-07,0.00014836267654937598,0.00026532246113541237,0.000556984314552977,0.004107337249134081,5.943547471157384e-05,0.0003670228169729594,6.773228099925231e-07,1.7172205844603533e-06
37,8.252061687453963e-06,3.286494541227926e-06,1.6321524464224813e-06,0.00015791669831763302,1.2043935701163385e-05,0.0008980239947950114,0.0005696263773910627,0.0003150805712429274,4.937302822129461e-07,0.06242457831619721,5.082967185646774e-06,0.00010005907722464612,3.644937330633747e-07,2.5162835539642232e-05,1.0196683513357484e-06,0.9306183445375362,4.568801402936195e-07,0.0001184946277010566,0.0004781643286866533,0.0004626876373441538,0.0033782587563518968,8.901161977063082e-05,0.00032842219238988173,9.843305331436775e-07,2.5517149095789765e-06
38,4.412333516689842e-06,2.768894877260921e-05,1.1847182551417642e-05,0.002576060170221472,0.00017465026550118843,0.0004309631947574695,0.00037222975428217737,0.00778885216258337,6.057708647141804e-06,0.6907461466769776,6.843785142618498e-06,0.00025732301512621354,4.712536297492429e-06,4.786352584985547e-05,1.2606373978105956e-06,0.2832282787166494,4.5680628872540625e-06,0.0002515067569254141,0.0019199800802466532,0.001713741893514734,0.009945309307799223,0.000249267409288467,0.0002084495987770382,8.627753518890227e-06,1.3358522767844885e-05
39,2.243471870028372e-06,8.922594294379018e-07,8.302823104432423e-07,0.00010571872904900046,9.16710212076436e-06,0.0006668961464884871,0.00023664051283359486,0.0003213786474423059,4.4541195149371375e-07,0.05657168254224235,2.311558525828577e-06,4.579376435198032e-05,9.809477213236765e-08,9.339054685509312e-06,7.84944667712673e-07,0.9377812664729521,2.2171721295700686e-07,3.8036686398569744e-05,0.0004119300220425797,0.00027779522377581635,0.003279617658524445,4.1918760736561846e-05,0.0001930205933145258,4.0438146820304926e-07,1.5659608331779288e-06
40,3.4915620234176653e-06,2.8495461517163483e-06,1.1890220049825914e-06,0.00014871769540810684,1.2966614145861857e-05,0.0009754360726796178,0.0003951414354332186,0.00034335512930307074,7.372500859186002e-07,0.09276893892844629,3.6100502049735887e-06,5.3108210936201056e-05,2.5538253695005305e-07,1.677228898325873e-05,1.2670406468696957e-06,0.900510308602374,3.272498159892716e-07,6.72909296581455e-05,0.0005176594817353892,0.00038884373850089937,0.003442477014812747,7.618683271064979e-05,0.00026591679655715747,7.42706189891411e-07,2.4104186547065923e-06
41,4.052873746817901e-06,2.956663821925738e-06,1.1073521955388158e-06,0.00015888262860176282,1.18768245612888e-05,0.0009895327726858732,0.0004391593125904625,0.0003707526597592328,6.398060413093544e-07,0.09242491332652508,4.158655668490624e-06,6.227505477039488e-05,2.702647474206304e-07,1.6813831768941537e-05,1.2014920167240926e-06,0.900303828808346,3.877352413997573e-07,9.027474967593282e-05,0.0005080289508972885,0.00043721563814159845,0.003765474407612973,8.863951565673985e-05,0.0003143206097869418,8.111063213219106e-07,2.4249588183468075e-06
42,7.859169691130185e-06,1.1093992665505339e-05,4.107565397743189e-06,0.0006342522341022615,4.982591108773886e-05,0.0026953847104562514,0.0009721583642331351,0.00035656746800370417,1.6264074381298352e-06,0.2167621785190844,1.0839193324327933e-05,0.00012807360645302688,2.5177930955872826e-06,6.679539040299055e-05,1.257670672022469e-06,0.7725000666604511,4.603939213183828e-07,0.00026051794959246617,0.00048682905926830406,0.0007113773395576383,0.0037898482482072652,5.4677538258116604e-05,0.0004833958274425707,2.710409559695376e-06,5.57857763329245e-06
43,4.697877555300199e-06,3.4954894469610917e-06,1.640954132328563e-06,0.00018009533417470659,1.4387756705977202e-05,0.0010019281650062674,0.000519191835818918,0.000379869990819973,8.524076611149533e-07,0.09037277682952964,4.569805342547545e-06,6.968568419463657e-05,3.756763137522126e-07,2.160536010288072e-05,1.3273466065261375e-06,0.9025506630899639,3.842692352121952e-07,8.191543435088968e-05,0.0005591501536364647,0.0004890952732996807,0.003365315731949479,8.052135119586995e-05,0.00029270705699219207,9.344362417948901e-07,2.8126897229628698e-06
44,3.404625229242995e-06,2.82724584937796e-06,1.177034519299972e-06,0.00015080566583693174,1.2875721750813921e-05,0.0009671517973539742,0.00039408243078543887,0.00034789320581945707,7.3800653225914e-07,0.09476270023045077,3.554916414067007e-06,5.176980852920282e-05,2.559112757718142e-07,1.637070930991778e-05,1.239796345772193e-06,0.8985488467289001,3.22828191160769e-07,6.71807378277448e-05,0.0005115752596193276,0.0003928216220744108,0.00342078143656037,7.435500801953735e-05,0.0002641244444044651,7.489049377892642e-07,2.3959234629142204e-06
45,3.763266944808658e-06,3.586268428586372e-06,8.244515231922149e-07,0.00021680518851263794,1.1148111815754878e-05,0.001183662330143516,0.000347693077632555,0.0002935789635989292,4.385568043344896e-07,0.1130667596092681,4.254424808845904e-06,5.694227562703661e-05,1.8706368553207175e-07,1.8983536859352998e-05,9.683055508309045e-07,0.8771605057683189,3.641435305110504e-07,0.00014183063644244198,0.0004339977125807832,0.00040552757046170287,0.006161596283002501,8.717341714328168e-05,0.0003953199114354215,6.730272601666927e-07,3.4160986201501555e-06
46,4.678201015274885e-06,3.352641967773705e-06,1.4184737921543403e-06,0.00018152935428715917,1.4533336434236757e-05,0.0009024776203208225,0.0004215814096158096,0.00047591563580493093,7.777737662583727e-07,0.09964334849408059,4.274898889394373e-06,7.414888133129494e-05,3.2632276614025855e-07,1.694398959530718e-05,1.4007983045772752e-06,0.8925979165061864,5.646891934862273e-07,9.22054728073338e-05,0.0005594049892777141,0.0004749840978550077,0.004107665350021323,0.00010032362549305183,0.00031621631048194064,1.0739172655974655e-06,2.937209446717613e-06
47,6.8195229701783654e-06,2.420303076000189e-06,9.560691165713392e-07,8.995321687865506e-05,6.419689073297044e-06,0.000670598567448581,0.0004029058132393737,0.0002713785893567218,3.944186912827757e-07,0.0578067489428288,2.917067806693652e-06,8.67893327970289e-05,2.0073050143799842e-07,1.3786577145367505e-05,1.0648319226555198e-06,0.936443155776824,4.632352331141572e-07,8.892517252952886e-05,0.00041613641881616534,0.0004007760030160437,0.002912677853196222,0.00012722512622324222,0.00024414356844228,6.807418849959176e-07,2.4624309817735075e-06
48,3.1130549395879696e-06,2.4676639852533406e-06,1.2075685359811055e-06,0.00014800701672235752,1.2825492711773711e-05,0.0010444451037883965,0.00037192515040155785,0.0003084094272706382,7.259319149383919e-07,0.08942160427815606,3.5894731127428542e-06,5.0188813262094984e-05,2.3471150343493537e-07,1.6228331483209762e-05,1.1175574588974792e-06,0.9040807163722019,2.656787895673616e-07,6.395908665855899e-05,0.00045986483712083927,0.00038776226577209746,0.0033110376435563755,6.283297682287039e-05,0.00024456653041625464,6.615176139469077e-07,2.2435158004290132e-06
49,3.425385430331094e-06,2.2728234991481718e-06,1.2789794176228432e-06,0.0001344019997326003,1.4112181109314826e-05,0.0011443878806161331,0.0003356455175524736,0.0003173586108033683,6.203817451288914e-07,0.07663943395127747,4.077895145921179e-06,7.755902246064281e-05,2.599790555671507e-07,1.7973773287731563e-05,1.1238544802733852e-06,0.9166657398883893,3.445805909541334e-07,7.552145599361312e-05,0.00044797277681913483,0.00044647000665977004,0.0033084739068958645,8.860896515710498e-05,0.0002704164465262863,6.117822730486172e-07,1.9079550810129187e-06
50,1.691675392249557e-06,2.141106971388304e-06,7.466632717423241e-07,8.85887932186779e-05,7.304144032543885e-06,0.0006079421788154905,0.0003763966774199017,0.00021845757930649164,6.886585853398215e-07,0.102104997569335,1.2792788433171107e-06,1.783863150276087e-05,1.7162439773702741e-07,1.2974092872080743e-05,8.357484041026135e-07,0.8940278632556228,1.0951344281130097e-07,2.303055036006949e-05,0.00048529374068800326,0.0002621457736675757,0.0015784161665900178,4.747987821934375e-05,0.00013159063323520232,3.829415210271094e-07,1.6331242843080962e-06
51,4.0695585149150235e-06,3.774623939074986e-06,1.389253591712059e-06,0.00021610154432873864,1.5381282820088445e-05,0.0010456299156202684,0.0004997298886807234,0.00045629375330997677,8.037460312388176e-07,0.11870518009724275,4.612878114706759e-06,6.456643582329104e-05,3.3159518938374356e-07,2.0911615366859628e-05,1.2672472490776531e-06,0.8728762992186221,4.1063512203023475e-07,0.00010007675427983389,0.0005839300598848881,0.00048056277013183555,0.0045027238006497255,9.246314020962425e-05,0.00031963237625557084,9.690301680688167e-07,2.8887788534787613e-06
52,3.387380998185021e-06,2.698838424050125e-06,8.512168590241361e-07,0.00014041001776765748,8.894596130677474e-06,0.0014982093467812974,0.0004588333657975162,0.0002233131559903684,5.095907109525761e-07,0.0908081693599932,4.290694595690136e-06,4.382455888133086e-05,2.825882528948596e-07,1.5073245691214641e-05,8.918666576721297e-07,0.9027460417243713,2.3062623214504877e-07,0.00011811664533624463,0.00028890177573178755,0.0005145793577719893,0.002718741509358376,7.079599830032148e-05,0.0003305418188427874,6.868264326590436e-07,1.7238940906474575e-06
53,4.682809675506944e-06,4.598856834652196e-06,2.0150038951684274e-06,0.00024470784628754643,4.636509901606323e-05,0.0011021597803878714,0.0002613392083529608,0.0005921700880146167,8.936218885563973e-07,0.13568164931876617,4.520809337375712e-06,0.00014721700826354878,4.895060085481995e-07,3.151269490352683e-05,1.5337193528877527e-06,0.8539947895056311,8.196985003940625e-07,9.132813536746334e-05,0.0009415296869517132,0.00033246642186314084,0.006096473813032648,0.00012199670792172322,0.0002903926847332694,1.0893526552732774e-06,3.258622358278535e-06
54,5.29027602240075e-06,4.6994240888915695e-06,2.703245295985865e-06,0.00043673786819974986,5.3383528987567936e-05,0.0016190587312226242,0.000502353329924316,0.0013415261883068209,1.3781695647577247e-06,0.147893617910279,1.4603446949948005e-05,0.00014994553047531595,6.403777055834747e-07,2.3401150457184684e-05,1.8807771901892762e-06,0.8364327220205776,1.3255693137437189e-06,0.00022400731934664632,0.001000725963574203,0.0007376425801193417,0.008885289934454699,0.00014388783000630052,0.0005179800277879931,2.3984418812038003e-06,2.8003582678128092e-06
55,1.8724165247036392e-06,1.9030691068483018e-06,6.534894946052393e-07,9.49828984002626e-05,1.0768923052802071e-05,0.0008730518914329171,0.0002637094680569936,0.00022516759050452393,4.351270858297061e-07,0.07363580223466336,2.3787563368434424e-06,2.833884951267814e-05,1.1967542325878777e-07,1.328539278642955e-05,1.2253264242514755e-06,0.9207822477252345,2.060724350803577e-07,3.668292455003559e-05,0.0004252986254593031,0.0002296342531176262,0.0030413861109264105,6.353037913385944e-05,0.00026539205715429295,4.2400223768381023e-07,1.5027409446723541e-06
56,3.706957919639849e-06,3.296891387083163e-06,1.3538079941566444e-06,0.00016557232352440513,1.4468910671714182e-05,0.0010058063194801486,0.0004243462862929158,0.0003667810949117414,8.134492260256395e-07,0.10066410980453283,3.837982262922555e-06,5.691013585807146e-05,3.277597549665415e-07,1.8390814331757173e-05,1.3049502254694786e-06,0.8924931752747564,3.63273857620709e-07,7.369140242725704e-05,0.0005283997091496295,0.0004350042916992263,0.0033793185418186616,7.9396449075134e-05,0.0002762115942016931,8.673882559020951e-07,2.544586384739524e-06
57,6.784040237469823e-06,5.7691394205942044e-06,6.886135739837819e-07,0.0002484263830647381,5.093403434371657e-06,0.0022424243397945187,0.0016944122072106885,0.0002082834555922425,5.275930155570304e-07,0.09207228861226621,1.1560085952581496e-05,1.9593736992161062e-05,1.987214186916879e-07,1.6766842738825815e-05,1.8714528707117897e-06,0.896597711185464,1.9220160893789674e-07,0.00029410633360173156,0.00023161614589137884,0.000527873133405175,0.00464477254208197,6.004177917615118e-05,0.0011033280976335315,1.6826791201388703e-06,3.987274433430786e-06
58,3.949478441210877e-06,3.3889186501943623e-06,1.388739909690804e-06,0.00016849892373971257,1.4620306812131987e-05,0.0009496856669480247,0.00043853976293195806,0.0004159336582103743,8.184365604585754e-07,0.10432846491935331,4.022630410264826e-06,5.851079853983514e-05,3.144525060961719e-07,1.6963326130368334e-05,1.3812604376015416e-06,0.8884118248266911,4.2467433658252707e-07,7.96467979906437e-05,0.0005374074901942317,0.00042814732949744775,0.00375568842983272,8.500097275900009e-05,0.00029169752266876807,1.01880825393565e-06,2.6618681941171492e-06
59,4.014526974944506e-06,3.0219425424299452e-06,1.5024849982373865e-06,0.00016118788399660405,1.3560889304953754e-05,0.0008720241133579663,0.000438776013894174,0.0004283043324864757,7.969992549526361e-07,0.0974180246594786,3.868230333611298e-06,5.774894531363749e-05,3.0032927178436854e-07,1.5264184780216998e-05,1.2645427911809004e-06,0.8956444544907473,4.157267747596525e-07,7.815107429943162e-05,0.00048635419188208773,0.0004527739928947772,0.0035695711354414906,7.765338356136219e-05,0.0002673596485364701,1.0778921655030187e-06,2.5283849170571248e-06
60,3.404625229242995e-06,2.82724584937796e-06,1.177034519299972e-06,0.00015080566583693174,1.2875721750813921e-05,0.0009671517973539742,0.00039408243078543887,0.00034789320581945707,7.3800653225914e-07,0.09476270023045077,3.554916414067007e-06,5.176980852920282e-05,2.559112757718142e-07,1.637070930991778e-05,1.239796345772193e-06,0.8985488467289001,3.22828191160769e-07,6.71807378277448e-05,0.0005115752596193276,0.0003928216220744108,0.00342078143656037,7.435500801953735e-05,0.0002641244444044651,7.489049377892642e-07,2.3959234629142204e-06
61,3.935614617781257e-06,3.0958232839147337e-06,1.5912354354954084e-06,0.00016163858274726822,1.4412968518762618e-05,0.000935687440429918,0.000434124632519087,0.00041301058634049043,8.603797251724468e-07,0.09629428075857303,4.089332622002444e-06,6.056126888198488e-05,3.060389383345394e-07,1.6551487341771936e-05,1.3064173980072147e-06,0.8966917428533036,3.9673740935343007e-07,7.520419593907002e-05,0.0005135154121987688,0.0004588417581636591,0.003574081983344374,7.907798331387549e-05,0.00025813137823066124,9.905306280686059e-07,2.5646000957804714e-06
62,3.404625229242995e-06,2.82724584937796e-06,1.177034519299972e-06,0.00015080566583693174,1.2875721750813921e-05,0.0009671517973539742,0.00039408243078543887,0.00034789320581945707,7.3800653225914e-07,0.09476270023045077,3.554916414067007e-06,5.176980852920282e-05,2.559112757718142e-07,1.637070930991778e-05,1.239796345772193e-06,0.8985488467289001,3.22828191160769e-07,6.71807378277448e-05,0.0005115752596193276,0.0003928216220744108,0.00342078143656037,7.435500801953735e-05,0.0002641244444044651,7.489049377892642e-07,2.3959234629142204e-06
63,3.780951530846364e-06,3.41488687177456e-06,1.260905155841319e-06,0.00015985516672558528,1.3160026127156883e-05,0.0009938059269710918,0.000435159474279422,0.00037423924591078734,8.219142171247774e-07,0.10258792215602772,3.909713043833157e-06,5.2518214280121344e-05,2.903546335421773e-07,1.683319141164213e-05,1.3836056621979806e-06,0.8903479251568899,3.6605161559258256e-07,7.559226115209025e-05,0.0005379677268655644,0.0004255202183398829,0.0036005222683007055,8.294046002149455e-05,0.00027727189603126036,8.814658314774614e-07,2.6567621032359774e-06
64,3.4894803236955548e-06,2.765619044993012e-06,1.1388115796492484e-06,0.00015703071456535982,1.3595400341477913e-05,0.0009879460113886482,0.00036951271934680566,0.0003639362707753128,6.98140193579776e-07,0.0942335455420402,3.982353138812914e-06,5.681033378953398e-05,2.075870646720017e-07,1.6414764269760826e-05,1.371079613177304e-06,0.8977365027134091,3.631757189773905e-07,7.463421542816805e-05,0.0005362612489362679,0.00034717459507924267,0.0047237357858578325,7.791489820457704e-05,0.0002875409818057424,7.595436451884057e-07,2.6680144392991094e-06
65,3.6776170449998328e-06,3.1769041738383646e-06,1.2893886250165877e-06,0.00015680640210515704,1.2884720110723534e-05,0.0009246001044138711,0.000439329691032266,0.0003857621667109021,8.521536231169041e-07,0.09992500900428916,3.6803592012693777e-06,5.05452528427901e-05,2.805183747481077e-07,1.63499700493615e-05,1.3509417011067762e-06,0.893287795026546,3.4826796957413796e-07,6.731029059133782e-05,0.0005489218079072172,0.00041592943927710736,0.003411581639235809,7.790262411568214e-05,0.0002611547760722462,8.599170243905472e-07,2.601016962378539e-06
66,7.610676915897285e-07,7.846768782384587e-07,7.552650949093864e-07,7.883563867601331e-05,5.949648185916188e-06,0.0006780183376899419,0.00020831163277598952,0.00016073078063916246,7.396739882173341e-07,0.08502365051422753,8.147007339292712e-07,1.666121284099449e-05,2.1502498878562117e-07,8.590190643197923e-06,2.7654323898624536e-07,0.9123296735011016,4.1988934244845314e-08,1.3053210160228594e-05,0.0003101785345046797,0.0004675998057758985,0.0006168191222247714,1.915003712565114e-05,5.7485599082993516e-05,1.4998144782861523e-07,7.533113487616153e-07
67,3.541100792942362e-06,3.034355112533151e-06,1.2274694216564478e-06,0.00015665142077175885,1.3641659886525082e-05,0.0009644811192785403,0.00040561213886053724,0.00037656133005969494,7.986439302672444e-07,0.10074740139738331,3.6798768974785207e-06,5.2682545081551525e-05,2.66625710824523e-07,1.653964756406268e-05,1.2999327286755903e-06,0.89230649903601,3.4488890814950155e-07,6.887413870392032e-05,0.0005493489996410303,0.00039181012989908636,0.0035931991313381873,7.774067186286477e-05,0.00026146140444464845,8.060442712841097e-07,2.496291440520689e-06
68,2.463460835987266e-06,3.002827823074704e-06,1.8588967568523229e-06,0.000135157795533617,2.3607306673077506e-05,0.000670889147310589,0.0003618220253005895,0.0003840180032800045,1.374315240024641e-06,0.10488866151561758,2.091947318191811e-06,4.0269259604985915e-05,3.440116052883838e-07,2.4162516492511236e-05,1.4933981961055812e-06,0.8897920706478314,2.2430388106052398e-07,2.027569447517844e-05,0.0009398200699315283,0.0002479820927501976,0.002266505901708233,5.2302164663900294e-05,0.0001368069403393098,6.234213649533209e-07,2.172335465762924e-06
69,4.088588371315924e-06,3.0441151461512287e-06,1.1274931839539545e-06,0.00012909133750735918,1.776790968079192e-05,0.0012715885307611851,0.0003863734108785503,0.00030012695240037667,7.486982234569208e-07,0.08151181865562557,4.617248795502859e-06,6.737832130308241e-05,2.436385724071185e-07,2.2309979273821284e-05,1.7860366867167275e-06,0.910841058792989,3.6236947244683315e-07,6.533330226829855e-05,0.0006518315415632293,0.0002688215349897155,0.004034756580289749,9.395099600644638e-05,0.0003188667929768185,6.581462983922563e-07,2.249026735852764e-06
70,3.561581323078864e-06,3.308458859268197e-06,1.0545770120950084e-06,0.0001618620782556343,1.34206590106142e-05,0.0009011396473922208,0.00043706739544343366,0.0006511476957208672,1.046698362361345e-06,0.1319454787812432,4.390258501741891e-06,4.406668032282208e-05,2.1574288638293328e-07,1.0439054704395303e-05,1.6943071073911156e-06,0.8592698667492727,4.819051462328713e-07,8.167902381478446e-05,0.000722773469147872,0.00038537187501798143,0.004994161559909871,9.404319243378066e-05,0.00026798479612483823,1.1648639716773264e-06,2.578949014771385e-06
71,2.4943011613136447e-06,4.560807673053888e-06,1.5062202494268707e-06,0.00014587355155221355,3.304990008092039e-05,0.0015576185841646463,0.0002685363742350698,0.0003166712949575265,1.4333402255593535e-06,0.16617790388603457,3.410312569694245e-06,4.824258316785396e-05,2.952123115768141e-07,2.301637875599894e-05,2.025704004248055e-06,0.8258960602258398,3.100621069764019e-07,4.7784811307997673e-05,0.0007636858870444132,0.00021728660724434744,0.004197726040756294,8.92206553878206e-05,0.00019777989586680113,7.351118745282658e-07,2.772251427237858e-06
