,0,1,2,3,4,5,6,7,8,9,10,11,12,13,14,15,16,17,18,19,20,21,22,23,24
0,2.1862499729196014e-05,1.9162525311054e-05,0.006490945138986635,4.394674141293438e-05,4.263316320262539e-06,0.0009676212840714668,0.006992373802547967,0.005735592259882532,0.007765057919755501,0.004531045200497657,3.4222543299593823e-07,6.050527515476022e-05,1.629536530082569e-06,5.822410560227969e-07,0.0002485848129050423,0.9652584544381728,3.695640860502698e-08,4.0582173498404254e-05,0.0013470947426592187,4.19584135660092e-06,0.00043454937560712147,9.956445291817873e-06,6.403535510257738e-08,1.5211372790258982e-05,6.339839265762501e-06
1,0.00014694051508878543,0.00040192526115677353,0.005667501925799527,0.001682407186704246,0.00034703062384220924,0.0016443501009339603,0.22018479039589187,0.14678384048510834,0.011885882694542535,0.012295886980681216,0.00010815838443759206,0.0037137318497553915,1.4310287355877378e-05,0.0005466664307232209,0.0020995888897799775,0.5801535874406375,7.800293730517956e-06,0.0010876789158368045,0.003399527337312436,5.433932802808874e-05,0.0064787394120657,0.0008666108004279642,1.2029075474366092e-05,5.820924189447251e-05,0.0003584661427905024
2,1.2598930929301736e-05,1.2558153593425451e-05,0.0032472311485158022,2.0380005045273042e-05,4.308578717988779e-06,0.0007782496041041354,0.0038028519267672453,0.003911329808935403,0.006301822211647938,0.002219614440892077,2.3552730204157754e-07,3.125568231453595e-05,1.307487565766183e-06,3.500718288809961e-07,0.00022817562477092266,0.9779730342320754,2.8495691859612406e-08,1.9520962077568656e-05,0.0011292985766311301,3.782729486522232e-06,0.00028304611390255597,5.752620743572661e-06,3.477206219526653e-08,9.76045533764586e-06,3.471839060771273e-06
3,1.2657128490616907e-05,1.2077206690367248e-05,0.003830582655220696,2.4223683963531985e-05,3.5463031906335016e-06,0.0008648545281577005,0.0038269866676900917,0.004274279098455656,0.006946698938543919,0.002284677911884593,2.6002991533603024e-07,3.551747774197195e-05,1.3946506467968285e-06,3.3066174922669737e-07,0.0002205774554178645,0.9760116885895197,2.9489479883589166e-08,2.219965244092107e-05,0.0012780437245718933,3.4129197011107434e-06,0.00032419511447622645,6.803587321547125e-06,3.546709712884414e-08,1.1626228934292298e-05,3.300828698362152e-06
4,1.3535261135125857e-05,1.22766066700147e-05,0.003878941983736574,2.5733946689041384e-05,3.695351956650773e-06,0.0008816478444584744,0.003868757053862893,0.0041979588169088556,0.0072270968973263145,0.0022464463797315236,2.7088243261778674e-07,4.005048027462738e-05,1.6973674110384082e-06,3.5855071058530794e-07,0.0002187979815645263,0.9756754846987671,3.409121981962071e-08,2.3828231481819586e-05,0.0013072771609343036,3.6386184342957614e-06,0.0003491362197254172,7.298059035146945e-06,3.7388705061406104e-08,1.2416100229139268e-05,3.5840265988827752e-06
5,1.3715125752503212e-05,1.2220313766452114e-05,0.003840432986801035,2.9718434683951335e-05,3.405326059054441e-06,0.0008719011355406808,0.0038102511552972214,0.0042180744477269315,0.0069601896455177194,0.00253010940183481,2.7170715852602414e-07,4.039141887747784e-05,1.5864358453129792e-06,3.829948205251509e-07,0.0002053373034776097,0.9758494766355666,3.496020109705725e-08,2.8424713869343512e-05,0.0011984644815821288,3.804211384348064e-06,0.00035728036360907007,7.807978057507628e-06,3.955029372591181e-08,1.2968351615363768e-05,3.7109206607791626e-06
6,1.2657128490616907e-05,1.2077206690367248e-05,0.003830582655220696,2.4223683963531985e-05,3.5463031906335016e-06,0.0008648545281577005,0.0038269866676900917,0.004274279098455656,0.006946698938543919,0.002284677911884593,2.6002991533603024e-07,3.551747774197195e-05,1.3946506467968285e-06,3.3066174922669737e-07,0.0002205774554178645,0.9760116885895197,2.9489479883589166e-08,2.219965244092107e-05,0.0012780437245718933,3.4129197011107434e-06,0.00032419511447622645,6.803587321547125e-06,3.546709712884414e-08,1.1626228934292298e-05,3.300828698362152e-06
7,2.9233285128720262e-05,1.3522680452042809e-05,0.008228478341820064,2.4783270593184944e-05,4.676040602118234e-06,0.0011489540988369234,0.005409788090360011,0.005642653373045568,0.0076417666312996214,0.002873742971631803,3.349782995890127e-07,4.1879562717568265e-05,2.281858883110831e-06,3.3018713369563777e-07,0.0001804415087719127,0.9664453207601492,3.448323558924222e-08,3.0082514991076023e-05,0.0019320402171194686,3.991447827417231e-06,0.0003163959429744085,5.226679860250075e-06,4.4183884639065054e-08,2.008123983514216e-05,3.915650546811525e-06
8,1.8949600481932445e-05,2.0401477522606384e-05,0.006735125426056556,3.739606708358668e-05,4.715027441449882e-06,0.0010896993534670295,0.005422284897849051,0.005375694145561336,0.007540716530879489,0.0035947149555333375,3.243519034450212e-07,4.3840578867931786e-05,1.5401785164352666e-06,4.576548925339416e-07,0.000215516543980014,0.968067240397342,2.938598566300074e-08,2.2297810882627954e-05,0.0014602978081947962,4.8580183170642984e-06,0.00031749233852342094,5.7754747980660926e-06,6.587081417879928e-08,1.6170895007125872e-05,4.395210098471122e-06
9,1.184876917035506e-05,1.519167163160427e-05,0.005380496055445888,3.5513295206491166e-05,3.0934551400233917e-06,0.000947533742130642,0.004308897612968819,0.004238391015439296,0.0074591503521025644,0.0031465325037445253,2.3525406791928314e-07,3.9936086433276537e-05,1.3121338934346576e-06,3.365396859659653e-07,0.00021889695390919217,0.9726682858541922,2.373393242705543e-08,2.056111097637516e-05,0.0011170432523383246,3.975946544801441e-06,0.0003601264087857404,6.170485931987067e-06,4.505864924443107e-08,1.2750053289207377e-05,3.652654389798385e-06
10,1.2657128490616907e-05,1.2077206690367248e-05,0.003830582655220696,2.4223683963531985e-05,3.5463031906335016e-06,0.0008648545281577005,0.0038269866676900917,0.004274279098455656,0.006946698938543919,0.002284677911884593,2.6002991533603024e-07,3.551747774197195e-05,1.3946506467968285e-06,3.3066174922669737e-07,0.0002205774554178645,0.9760116885895197,2.9489479883589166e-08,2.219965244092107e-05,0.0012780437245718933,3.4129197011107434e-06,0.00032419511447622645,6.803587321547125e-06,3.546709712884414e-08,1.1626228934292298e-05,3.300828698362152e-06
11,1.2921262455176585e-05,1.1785082536111007e-05,0.003826782444557873,2.4492937215711494e-05,3.6611060302351372e-06,0.000865202280663936,0.0038045168257538967,0.004207953871556767,0.006973698034711435,0.0022060133202364473,2.6586999912092023e-07,3.718241828177634e-05,1.5837264322507693e-06,3.367009501939882e-07,0.0002159717986899883,0.9761574526191875,3.1785948013069905e-08,2.2569680801138084e-05,0.001271550057461578,3.576291944184089e-06,0.0003301160898661077,6.837775578726473e-06,3.621188620513414e-08,1.2097670348859205e-05,3.364136906873758e-06
12,1.1029818391320473e-05,1.0052716391577651e-05,0.004681011110282162,2.2242338830001638e-05,2.8762449922060986e-06,0.0008423588295571042,0.003947977129306032,0.005235684089822795,0.007399172824797315,0.0017697791435238766,3.082015962507001e-07,3.600261173699679e-05,1.1964724096540099e-06,2.2088099093158613e-07,0.0002627030915395247,0.9739702178049038,2.0107788990778994e-08,1.6997428025175135e-05,0.0014986188734321109,2.655389966973599e-06,0.00026677529718071024,6.480961517589724e-06,3.075470402886465e-08,1.3161863016245844e-05,2.4260152965207264e-06
13,1.1737227546585332e-05,1.3637889773616958e-05,0.004380377765713815,3.9345632951880975e-05,4.796240717882353e-06,0.000862874262605954,0.005506283364511372,0.00832453068314509,0.00791386612192515,0.0018182942817059967,6.998047231185326e-07,7.408282524762657e-05,2.085210805120692e-06,6.406569612096902e-07,0.000321000720439132,0.9687113730743581,4.4017725568854396e-08,2.486585881610462e-05,0.0015379964933765818,4.332381152961837e-06,0.00041452425671907036,1.2613931501143028e-05,6.766066961729292e-08,1.603751047414939e-05,3.892126433170023e-06
14,1.1386604992296548e-05,7.60294159963877e-06,0.005603215641680056,2.5370127324998055e-05,2.143600600259639e-06,0.000750206556802399,0.0032360287013563113,0.0038214997558604657,0.008291252298275832,0.0017143709546981164,1.7188321965831444e-07,4.2669918327031566e-05,1.5990544478260732e-06,1.994401012177182e-07,0.00019886192350195673,0.9749211420682736,2.2442457995764803e-08,2.0799101887110506e-05,0.0009362532709599008,2.793383396011647e-06,0.00039291522211527705,6.04202861085989e-06,2.489969796665339e-08,1.0428858926538664e-05,2.999320886497827e-06
15,1.2657128490616907e-05,1.2077206690367248e-05,0.003830582655220696,2.4223683963531985e-05,3.5463031906335016e-06,0.0008648545281577005,0.0038269866676900917,0.004274279098455656,0.006946698938543919,0.002284677911884593,2.6002991533603024e-07,3.551747774197195e-05,1.3946506467968285e-06,3.3066174922669737e-07,0.0002205774554178645,0.9760116885895197,2.9489479883589166e-08,2.219965244092107e-05,0.0012780437245718933,3.4129197011107434e-06,0.00032419511447622645,6.803587321547125e-06,3.546709712884414e-08,1.1626228934292298e-05,3.300828698362152e-06
16,4.213261667806989e-05,6.923228108081583e-06,0.014897583783206486,1.505511388051682e-05,5.384326272560835e-06,0.002812738253301959,0.001585800804695358,0.0028217284195580328,0.013196914351250491,0.0004281687029485874,5.048380793794931e-07,7.237570326638285e-06,1.5010961728787128e-06,8.863892659063659e-08,8.728269225490738e-05,0.962499942808349,1.2861983584091913e-08,1.163041138612776e-05,0.001497937897465258,1.8119058252877123e-06,4.075335469532238e-05,6.463445357960052e-07,1.5074485478270972e-08,3.735896835393873e-05,8.459372596196538e-07
17,1.2447971942276812e-05,1.2421339777458888e-05,0.0035906004788092485,2.6434096046762613e-05,3.7911246591898842e-06,0.0008276224868507135,0.0039582245581162,0.004465801722240688,0.006750286975171856,0.0023529697342643506,2.740801395199176e-07,3.986571687459086e-05,1.5812716629994342e-06,3.887341901132727e-07,0.0002181491950270636,0.9761070279872098,3.481874493905833e-08,2.3565932818963917e-05,0.001232966144289631,3.845804665247252e-06,0.0003488403848529958,7.616996951112729e-06,4.038686351433987e-08,1.1600427996343679e-05,3.6016298342615553e-06
18,1.646816121000924e-05,1.4147267842751203e-05,0.003454326705425478,2.765965814114835e-05,4.39921855259318e-06,0.0007934088914155097,0.004696165549384815,0.0039319861205839995,0.006752226402330462,0.0033261445506483868,2.2596901125063137e-07,4.7602113738210225e-05,1.9162222836893324e-06,5.358129931499755e-07,0.00021201990994303648,0.9750623428678784,4.780645404515435e-08,3.670503552923662e-05,0.0011225909698357568,4.546429291630253e-06,0.0004695646926735537,8.96123339122816e-06,4.302029918215784e-08,1.0248661958451011e-05,5.7167291838595075e-06
19,1.2380782661774356e-05,1.2423452264697456e-05,0.004048765232408832,2.618853947634728e-05,3.501188813915529e-06,0.0008256462035746305,0.004245040228498386,0.004411027726975552,0.0072569079564343214,0.0023376821084942954,2.6150144267464755e-07,4.040632845195825e-05,1.4493714985409906e-06,3.3687984834280875e-07,0.00023417494914299198,0.9749120025772502,2.9298448587366096e-08,2.233124675391012e-05,0.0012404504267360293,3.3911466831084703e-06,0.00034325568839092395,7.362734337512626e-06,3.6519443966569946e-08,1.141809008270251e-05,3.529821885790067e-06
20,9.078057741939631e-06,1.0506720021747991e-05,0.003478289960721782,2.4797921755871578e-05,2.8456948439784486e-06,0.0007315202847318731,0.0038512587511497194,0.005591856114853766,0.006510788580721154,0.0019992152371202253,2.9718153470171266e-07,3.954116996142358e-05,1.1444863977889546e-06,3.135955584714257e-07,0.0003116442658325391,0.9757958673812197,2.6996780372252084e-08,2.0260709201548957e-05,0.0012698670597161787,3.0109267031366123e-06,0.00032551117857720734,9.614664621230075e-06,3.35195040041306e-08,9.69210868941582e-06,3.017432040275872e-06
21,2.653960043836133e-05,2.0496598053962088e-05,0.010548526762437564,2.2402267000180662e-05,9.198261692896935e-06,0.0014302728334484793,0.0110422654402437,0.009883726761574318,0.010426576994456694,0.00331281775682377,6.963153143931115e-07,5.0954082951864535e-05,1.8567706957698166e-06,2.469953472431718e-07,0.0006193634037239325,0.9471780752347025,5.601620053638359e-08,2.3790978847899648e-05,0.004749364846961698,3.976484091496902e-06,0.0006086037167796971,1.2215674661440698e-05,8.433460085622542e-08,2.2121651804343545e-05,5.770217146150654e-06
22,1.832270144843717e-05,1.1844715190519378e-05,0.0042796625165750874,2.469908371128728e-05,3.6261433855624236e-06,0.0009779243123818205,0.003362335757996502,0.004142353207922797,0.006909764470173797,0.0026418561592968784,2.76310239573819e-07,3.04826317261684e-05,1.3910348146511383e-06,3.365940074834644e-07,0.00019943324846281217,0.9756494018006672,3.982301631423044e-08,3.513429193785285e-05,0.001331716752115726,3.5255278377755116e-06,0.00035072025738741905,7.879548558689142e-06,3.5935667821508246e-08,1.360011185489982e-05,3.63706362305912e-06
23,1.2657128490616907e-05,1.2077206690367248e-05,0.003830582655220696,2.4223683963531985e-05,3.5463031906335016e-06,0.0008648545281577005,0.0038269866676900917,0.004274279098455656,0.006946698938543919,0.002284677911884593,2.6002991533603024e-07,3.551747774197195e-05,1.3946506467968285e-06,3.3066174922669737e-07,0.0002205774554178645,0.9760116885895197,2.9489479883589166e-08,2.219965244092107e-05,0.0012780437245718933,3.4129197011107434e-06,0.00032419511447622645,6.803587321547125e-06,3.546709712884414e-08,1.1626228934292298e-05,3.300828698362152e-06
24,1.3097710257335286e-05,1.4561586709592707e-05,0.0031977701802954695,2.7800923702951274e-05,3.7718740551157562e-06,0.0008798942805868274,0.0034528906077443077,0.00408972647513763,0.006533311328831452,0.002473753445742955,2.7100901084093177e-07,3.6000187973752606e-05,1.4786177283656697e-06,4.45770430810708e-07,0.00019512104071320245,0.9774641353114842,3.498426982095894e-08,2.3649436940103656e-05,0.0012642390479323357,4.07680804324422e-06,0.00030127419034982025,7.089576167468015e-06,4.1151108503180396e-08,1.2134177312840935e-05,3.4302774707983262e-06
25,9.498177432566855e-06,1.205121015275087e-05,0.0033998566351156334,3.088287628346888e-05,4.016447651513983e-06,0.0008972558523870981,0.00426744875293152,0.007575615856638893,0.006053691542875881,0.0020077073980290837,4.970583134812424e-07,3.789911355626087e-05,1.1929612963608767e-06,5.027528158296289e-07,0.0002432651317418492,0.9737904280857611,3.041743841176525e-08,2.028430901169068e-05,0.001347319596278289,3.6531413846314105e-06,0.00027338650480235397,8.1504021320034e-06,4.981769432419608e-08,1.2684035739842449e-05,2.631922535015348e-06
26,2.4317606091605274e-05,1.2421056953153357e-05,0.005520027534279171,2.589525011784857e-05,4.262878240841844e-06,0.001214475709849526,0.003058914861442437,0.003234152063066828,0.008566190937733602,0.002205389594540566,3.065054071880175e-07,3.251081647162023e-05,2.179531183719622e-06,2.7771734112738694e-07,0.00014222294125433398,0.9739576206298105,3.8475609343890616e-08,3.0193332300070216e-05,0.0016040267295889185,4.218343876646874e-06,0.00032716979181227394,5.20800933739455e-06,4.358076130167686e-08,2.480435025912189e-05,3.131752670847545e-06
27,1.0588092367001098e-05,1.1160084713917133e-05,0.003380621214159209,2.3649481658091304e-05,3.164220274312079e-06,0.0008092135088908148,0.003477887854054367,0.004362242295195512,0.00684044963793884,0.002069618522826884,2.725915770890264e-07,3.4306360273830456e-05,1.2092013010618401e-06,3.0728008687489004e-07,0.000250061869714162,0.9770997907893479,2.8693705246285478e-08,2.1172076341222498e-05,0.001261579405820563,3.164895858219262e-06,0.00031738756451999366,8.093897450214485e-06,3.383607141390081e-08,1.0990127391189082e-05,3.0064984615286843e-06
28,1.2657128490616907e-05,1.2077206690367248e-05,0.003830582655220696,2.4223683963531985e-05,3.5463031906335016e-06,0.0008648545281577005,0.0038269866676900917,0.004274279098455656,0.006946698938543919,0.002284677911884593,2.6002991533603024e-07,3.551747774197195e-05,1.3946506467968285e-06,3.3066174922669737e-07,0.0002205774554178645,0.9760116885895197,2.9489479883589166e-08,2.219965244092107e-05,0.0012780437245718933,3.4129197011107434e-06,0.00032419511447622645,6.803587321547125e-06,3.546709712884414e-08,1.1626228934292298e-05,3.300828698362152e-06
29,1.2657128490616907e-05,1.2077206690367248e-05,0.003830582655220696,2.4223683963531985e-05,3.5463031906335016e-06,0.0008648545281577005,0.0038269866676900917,0.004274279098455656,0.006946698938543919,0.002284677911884593,2.6002991533603024e-07,3.551747774197195e-05,1.3946506467968285e-06,3.3066174922669737e-07,0.0002205774554178645,0.9760116885895197,2.9489479883589166e-08,2.219965244092107e-05,0.0012780437245718933,3.4129197011107434e-06,0.00032419511447622645,6.803587321547125e-06,3.546709712884414e-08,1.1626228934292298e-05,3.300828698362152e-06
30,1.2657128490616907e-05,1.2077206690367248e-05,0.003830582655220696,2.4223683963531985e-05,3.5463031906335016e-06,0.0008648545281577005,0.0038269866676900917,0.004274279098455656,0.006946698938543919,0.002284677911884593,2.6002991533603024e-07,3.551747774197195e-05,1.3946506467968285e-06,3.3066174922669737e-07,0.0002205774554178645,0.9760116885895197,2.9489479883589166e-08,2.219965244092107e-05,0.0012780437245718933,3.4129197011107434e-06,0.00032419511447622645,6.803587321547125e-06,3.546709712884414e-08,1.1626228934292298e-05,3.300828698362152e-06
31,2.26112115064582e-05,1.4271688523941514e-05,0.006099553329530551,2.55095701840669e-05,4.317110199570299e-06,0.0009752608563016206,0.0051112629821436495,0.006472209514786217,0.007198644985617175,0.0028013692585190067,3.129279123779782e-07,4.087673537320659e-05,1.7506869585626352e-06,3.733934827698123e-07,0.0002184607985377115,0.9688553629682679,3.487025761814021e-08,2.8757522464517755e-05,0.00177109621971078,3.7420299150857584e-06,0.00032924755749809593,6.667247011613942e-06,4.1575348581184733e-08,1.4388845655908496e-05,3.876114293041767e-06
32,1.3191232366964554e-05,1.2447420548728794e-05,0.003852807956814086,2.3479739482853122e-05,3.5945569036591173e-06,0.000899476031971376,0.0038205224854105067,0.0044707983863466645,0.007045776391277799,0.002291189578168325,2.7390916204249323e-07,3.5609352673585584e-05,1.4182826648783578e-06,3.315981572725972e-07,0.00022945517244556945,0.9754938238357571,3.0634858920871936e-08,2.2487663494799707e-05,0.0014318769768321025,3.3840640061360127e-06,0.0003254952725145461,7.123280214349258e-06,3.571556377071127e-08,1.2101994663854052e-05,3.26846770019908e-06
33,1.6231814077763047e-05,1.4241962686082218e-05,0.005443154201285037,2.4864794619631804e-05,3.5479210346986178e-06,0.000882182638382744,0.004712530435307302,0.003936590777186449,0.00904951922185812,0.0024261612589099786,2.2867664821331648e-07,4.08252776782889e-05,1.2671246483409983e-06,2.7818289743899727e-07,0.00026657656651128876,0.97145194172528,2.3308585241359948e-08,2.322330724054559e-05,0.001304718987768798,3.0046992817429157e-06,0.00037713910751781797,6.22813488689385e-06,3.086916150909932e-08,1.1462815551661634e-05,4.0261909943310084e-06
34,4.416565170046137e-05,1.8908784427222572e-05,0.008265880779115754,1.6869484510542863e-05,5.092921594661232e-06,0.0014059617590127709,0.004395034306354675,0.0044359779004872054,0.017031268848689614,0.001391415964462457,4.0806078246382745e-07,4.865458958156092e-05,2.397896811422254e-06,2.2376106555823326e-07,0.0002665540372258124,0.9580338649248292,3.262722405545599e-08,2.7373614970248983e-05,0.004190815365042292,2.2516513845376214e-06,0.00038030401467306445,6.604353739521618e-06,2.5934550097553078e-08,2.6777503557766758e-05,3.135264207085183e-06
35,4.05062700873921e-06,1.0171404853311604e-05,0.0018365840409974318,1.89239531669257e-05,3.3644291519032703e-06,0.0008262383659417813,0.002150197035922234,0.0027134366552350846,0.004196536557101988,0.001776174525189858,2.2513149796194685e-07,1.98063213622793e-05,1.059950333912025e-06,3.056675340010718e-07,0.00022624355411832509,0.9850994452531823,2.3946508217996894e-08,8.056958075437321e-06,0.0008746464551799017,4.4900739511065056e-06,0.00021522695481054546,4.669614003508832e-06,3.9810863757688075e-08,7.913033879285806e-06,2.169680129891604e-06
36,1.4068755650132915e-05,1.671389325503427e-05,0.004450589040478671,3.0064266590820022e-05,4.947426312040388e-06,0.0014252429383227808,0.0037297668019179646,0.0029763170589689122,0.007695943350752796,0.003857616050506664,2.767989178705919e-07,2.139292596967135e-05,9.89455530573373e-07,3.7280911796163316e-07,0.00018984748461482086,0.9739665684849869,2.9532718122411173e-08,2.8358031941303513e-05,0.0011386985524253833,4.36410047056024e-06,0.00042321127806124205,5.123150347987431e-06,5.366754357831069e-08,1.570663988293317e-05,3.73750471519338e-06
37,2.6130532646483532e-05,1.5038148013694008e-05,0.006222608479931184,3.0746452773606016e-05,4.376530084493238e-06,0.0010253691719329771,0.005191536519504197,0.00472824921128133,0.008089185835478097,0.003258633341700153,3.243973704530726e-07,4.401945305819078e-05,1.8806071227137627e-06,3.6442647796850607e-07,0.00018957245407910954,0.9690963374663509,3.847275248539252e-08,3.888784728509112e-05,0.0016235840449821512,3.970431846599736e-06,0.000377100722214081,7.542430075696728e-06,4.8111316118976386e-08,2.0083748061361855e-05,4.37116366103305e-06
38,5.248073703764211e-06,2.181451675671699e-05,0.0024798488338152016,0.00013326033722172706,3.265493760709029e-06,0.0004709723145004965,0.0044994606060111296,0.013971492085109697,0.0071055816376295,0.0032323702481119347,6.349557827522723e-07,0.00014231739109916628,2.066459970103571e-06,1.3195857365949354e-06,0.00031628801695820596,0.9650737163192071,1.4559188361104393e-07,4.003195538661618e-05,0.001097203978169392,1.1292301818623506e-05,0.0013180944968684007,5.640859079184027e-05,1.7378298416609126e-07,1.1819512775658665e-05,5.172913946774129e-06
39,1.7015130559458897e-05,2.149247124178224e-05,0.0038093825601801887,3.2154279471604486e-05,5.104593554886263e-06,0.0008125983521762047,0.005326984849424192,0.004297259913291192,0.008393017811578215,0.002726394427123038,3.4197602862262913e-07,4.777702981643861e-05,1.2615170313712416e-06,5.661694973189072e-07,0.00026383628755203913,0.9726059236290853,3.1394611765711335e-08,2.6272108608598405e-05,0.001266038944445542,3.859429510202886e-06,0.00031706167363911556,8.428299409220916e-06,4.872165045352261e-08,1.2443492028018412e-05,4.704938485581058e-06
40,1.607576244045328e-05,1.5424378021804936e-05,0.0052557603298384265,2.5056366747670443e-05,4.06771582314155e-06,0.0009190478622269309,0.004961572193640174,0.004266327709035274,0.009183247035355823,0.0022526532938342324,2.7843397960322025e-07,4.8977224651485764e-05,1.6524939420143164e-06,3.628794442056063e-07,0.00028316211205288644,0.9708767521438231,2.8230556768708668e-08,2.174817756935731e-05,0.0014669001104116262,3.178089291315988e-06,0.0003740859371145896,7.377120640875599e-06,3.6409844291748015e-08,1.1980458961793848e-05,4.247530752304786e-06
41,1.2759244210825342e-05,1.3329685850001194e-05,0.003937051920042435,2.728981871674616e-05,3.44744318103088e-06,0.0009301049032482997,0.003990327280705962,0.004762671188541026,0.0068978239773798975,0.0027265504845108406,2.8247837172885046e-07,3.843126344094134e-05,1.4170250710545885e-06,3.764449516817774e-07,0.0002282084619158502,0.9745558792906107,3.332343518535695e-08,2.488592643099709e-05,0.0014518559359359712,3.6979404267633826e-06,0.00036925896571182536,8.145253670146355e-06,4.1485925859527707e-08,1.2598920342160928e-05,3.531337372092055e-06
42,1.032653853544777e-05,1.0269985520328163e-05,0.003492506440839122,2.2441750319013823e-05,2.8350635896722203e-06,0.0008315278131599084,0.003250066312066194,0.00441199712761292,0.006386613376804729,0.0021171595476622024,2.4417737141807386e-07,3.326041167051498e-05,1.3327121601005502e-06,2.7314411734901233e-07,0.00022173059757625818,0.977493139801759,2.8023379651890745e-08,1.990879524876397e-05,0.001357041053097851,3.1989437484898958e-06,0.00031277050576673495,7.224380857500637e-06,3.2305915934459924e-08,1.1315851069234502e-05,2.755340151920835e-06
43,1.0112636052263841e-05,1.0850450381589327e-05,0.00329539563754231,2.248999661955664e-05,3.120741302290289e-06,0.0008960480114933291,0.00331857154888566,0.004088471665951325,0.005936269702092444,0.0027146909292857396,2.2102748928346562e-07,2.849701072839441e-05,1.2455655132997005e-06,3.144581964594104e-07,0.00020631947774208992,0.9778569001655428,2.985185594509013e-08,2.2107752611166832e-05,0.001219188959442692,3.580078736069827e-06,0.0003450313162034144,6.932265055373089e-06,3.530595739663144e-08,1.0540535094732528e-05,3.0349102240134494e-06
44,1.2657128490616907e-05,1.2077206690367248e-05,0.003830582655220696,2.4223683963531985e-05,3.5463031906335016e-06,0.0008648545281577005,0.0038269866676900917,0.004274279098455656,0.006946698938543919,0.002284677911884593,2.6002991533603024e-07,3.551747774197195e-05,1.3946506467968285e-06,3.3066174922669737e-07,0.0002205774554178645,0.9760116885895197,2.9489479883589166e-08,2.219965244092107e-05,0.0012780437245718933,3.4129197011107434e-06,0.00032419511447622645,6.803587321547125e-06,3.546709712884414e-08,1.1626228934292298e-05,3.300828698362152e-06
45,2.248898515843945e-05,2.5157672372658777e-05,0.004453515642687835,3.91414633481376e-05,5.616098398518528e-06,0.0010756904218405723,0.005291700631839169,0.004091026046672978,0.009187409252006205,0.004415912044709699,2.795369365252537e-07,6.06417235769615e-05,2.389842511350536e-06,7.531963421234133e-07,0.0001899872455836605,0.9687669918705311,6.19674747738096e-08,4.070693383503474e-05,0.0016314406217360522,6.008825629270577e-06,0.0006602776473033368,1.012278268582167e-05,7.010610473203127e-08,1.5939022817356238e-05,6.670417897645227e-06
46,1.1797550956556554e-05,1.0984828842964875e-05,0.0035698558045714882,2.5054977219726364e-05,3.2974778410229937e-06,0.0008658090014120834,0.0033473823477723394,0.004268177934762405,0.0064117319334586085,0.0022074402666359305,2.6172714953879933e-07,3.542684846332376e-05,1.5869202006758897e-06,3.27617569955929e-07,0.00021080181936410585,0.9773582238348336,3.55861826070561e-08,2.2692458827556053e-05,0.0012871336695174827,3.7153791139229516e-06,0.00033552295974783697,7.509097707834779e-06,3.682883207073065e-08,1.198556672800077e-05,3.207562288212007e-06
47,1.4276389977049514e-05,9.126581914286355e-06,0.0032222459397680046,1.8198965158809493e-05,2.7623089076139397e-06,0.0006300479000273196,0.003116984664427634,0.00304005768720556,0.006802638633243079,0.0018163697063478532,1.62752188582111e-07,4.1813809521722626e-05,2.0044202506888184e-06,2.343422620374899e-07,0.0001850114518312448,0.9795236003098351,3.255705215118258e-08,2.3127780040221347e-05,0.0012049664087207845,3.1593533893919878e-06,0.00032228340677652997,6.913261262387879e-06,2.3306327274712642e-08,1.0556042249164662e-05,3.4020213154023933e-06
48,1.238188684897914e-05,1.1384534740994362e-05,0.003911998758834225,2.4680030174005758e-05,3.4749161346869787e-06,0.0008150855016961355,0.003860331009771184,0.00415125760085228,0.006977534796615788,0.0022128193582887533,2.456953637857652e-07,3.616692771070285e-05,1.369404417133448e-06,3.231962972949443e-07,0.0002211728146407591,0.9762687469506123,2.8172563100359736e-08,2.2451830896547247e-05,0.0011159733595530676,3.3796840519104616e-06,0.00032829560596088817,6.601378626772958e-06,3.397770002604258e-08,1.0861866957113224e-05,3.4007406914728818e-06
49,1.2269532306927902e-05,1.1809864730511897e-05,0.004325480511012908,2.8584988584806175e-05,3.1365885685044617e-06,0.0008981141351164486,0.0037370226327382247,0.004296399528696779,0.007060972605489266,0.0024649190198114544,2.6006458733108197e-07,4.015211635881201e-05,1.5631638655810083e-06,3.402196115483847e-07,0.00021919906157955631,0.9752551499718383,3.1008802921493555e-08,2.379646851418078e-05,0.0012300303699008374,3.719333325850362e-06,0.0003633771205473243,7.475751561327531e-06,3.929472223991991e-08,1.2670400571904582e-05,3.486247156596825e-06
50,1.6218994711888893e-05,1.8598680962238445e-05,0.004704460770697079,2.7520898069117418e-05,5.289248784827324e-06,0.0009008180231098829,0.008159733091827897,0.007391788795625052,0.005796132546725501,0.004824752760471131,3.033437117416415e-07,4.8092082496059564e-05,1.5028403742443505e-06,6.082716513699595e-07,0.00027527050399090455,0.9657463564279236,3.5823925885677584e-08,2.6839825107877955e-05,0.0016509514737618968,4.330245426377122e-06,0.00037608275919416974,8.444655578235428e-06,5.809505677015472e-08,1.0198656675751986e-05,5.61118414078858e-06
51,1.4767794696095797e-05,1.6441368706732166e-05,0.004208643720534708,3.0231580571873826e-05,3.7444913199876407e-06,0.0009104478146789002,0.004349883830958099,0.004917827821311566,0.00791828370622465,0.0025905524352844837,3.047550027713138e-07,4.289732353665139e-05,1.363019213839171e-06,4.1981750439987886e-07,0.000250804736127542,0.9728404128091943,3.286267077625255e-08,2.529879447931883e-05,0.0014908770761437916,3.5756236737740817e-06,0.00035815507786782154,8.573323357680725e-06,4.1563991337297534e-08,1.2617988009666537e-05,3.8006649392951443e-06
52,9.936452847066777e-06,4.8916223355736794e-06,0.00211286689317133,1.217012755781676e-05,2.3220558990705735e-06,0.000853373899059831,0.0016111921861481182,0.0022274096440723905,0.004518066120381912,0.0016494746940470208,1.6859888648235815e-07,1.1819352843873143e-05,7.391739583609508e-07,2.1132119725487406e-07,0.00014565030319810564,0.9859462002225285,1.9261025920126664e-08,2.7688157964887942e-05,0.0006767121671817593,2.152129626998415e-06,0.0001729216937964305,3.963704407207746e-06,1.5352126817149907e-08,8.064824337670764e-06,1.9700413998234474e-06
53,1.9437400190226827e-05,1.4250496708319045e-05,0.004070135713940882,2.2888738802846163e-05,2.782141005538808e-06,0.0013186704137223618,0.0019134568604923256,0.003188160552486533,0.007947666609047058,0.002341625798510141,2.254722694575151e-07,2.4299944733948744e-05,1.4011055191160018e-06,2.94872694846703e-07,0.00016516680065704144,0.9766728292616604,3.857720232490507e-08,2.9213986105155424e-05,0.0018945510817503632,3.471981720361173e-06,0.000343996334351317,6.52692949185447e-06,3.0544674417102e-08,1.6112501672378794e-05,2.765880590957321e-06
54,9.706173527691292e-06,6.765347028015367e-06,0.004042313819941545,2.4330898319777644e-05,2.9846989476272093e-06,0.000876542568593798,0.0033025190435209723,0.005041490762389496,0.00687970301656595,0.0015816581591723484,3.301286297654603e-07,3.383919334574829e-05,1.787834252079516e-06,2.2163454343657076e-07,0.00017312468132335082,0.976350729446221,3.1775027914714834e-08,2.310565113491252e-05,0.0012517098903459983,3.169814725714403e-06,0.0003688321728794748,6.889000222140357e-06,3.3497979552104165e-08,1.6089030381493973e-05,2.091760979999467e-06
55,1.3726820009479095e-05,1.1171367804779604e-05,0.0040299134132785125,2.4150638147260106e-05,3.319186850417264e-06,0.0008090322517341,0.003871123958896668,0.0038664923545004485,0.007920155942988208,0.001963981493757378,2.406793539687658e-07,4.134977856721762e-05,1.611718444768448e-06,2.977635912257472e-07,0.00021142219326253514,0.9756246281260821,2.793359496086941e-08,2.31911483151078e-05,0.0012242189383461642,3.096941436303654e-06,0.0003347852179443164,6.629584549324601e-06,3.044557583366885e-08,1.2065715743955051e-05,3.3363872252563533e-06
56,1.3123710065685113e-05,1.2115188712614818e-05,0.0039272487627181425,2.489437790924161e-05,3.676768348338405e-06,0.000880900236915037,0.003924601595693712,0.004302813090220489,0.00705490035769579,0.0022765056090266653,2.7092084242275375e-07,3.8501404720344447e-05,1.5998850955458928e-06,3.4368826108272136e-07,0.00022076555138411555,0.975608851365806,3.1924346254710834e-08,2.26784545512809e-05,0.0013223440165962199,3.596896703258594e-06,0.0003373905218211135,7.007550286460565e-06,3.744382993195858e-08,1.2346212518111046e-05,3.4544659324894103e-06
57,1.2077748340000937e-05,1.1525422751046611e-05,0.0036392580186251026,2.364185356356463e-05,3.3798902890049474e-06,0.0008055155632937278,0.003722117547079115,0.0042411357557094066,0.006771369577142374,0.002203266057998006,2.4648085574575735e-07,3.846699188221566e-05,1.5542269683234627e-06,3.214080392982112e-07,0.0002182060327011765,0.9766343207269853,3.140699772456398e-08,2.1374382708738966e-05,0.0012965525467758029,3.545839225385347e-06,0.00033022338051945024,7.168750938107984e-06,3.503371055352242e-08,1.1350706281253007e-05,3.3146506195048273e-06
58,1.4309718592179206e-05,1.1919996596773218e-05,0.004194071457302938,2.5001562506406302e-05,3.6696903729019457e-06,0.0009291084182908969,0.003862111744116642,0.0043155501676497504,0.007406786135942988,0.002144962293082582,2.9818886228206573e-07,3.904972203844652e-05,1.6489439789881462e-06,3.254659252683193e-07,0.00021195611953267961,0.9750246605945629,3.0838313085067014e-08,2.3174636723335734e-05,0.0014374205198566586,3.4754372701632793e-06,0.0003258840131706048,6.783781766566358e-06,3.8008861105056496e-08,1.451363550461103e-05,3.2489091793055645e-06
59,1.3262122125527711e-05,1.1451051361462427e-05,0.004381172823395476,2.5139843181101103e-05,3.4419001591367034e-06,0.0009197882725868469,0.003754227303934992,0.004273373056287551,0.007271935959698526,0.0021849484930130656,2.8011370265437876e-07,3.6173159999593124e-05,1.4893779484720685e-06,2.9751911718719873e-07,0.00021210203559137542,0.9752095279183878,2.8070464893084515e-08,2.2070221802005087e-05,0.00132850259523429,3.4559190416769468e-06,0.0003238024664572023,6.443163278381187e-06,3.6916429592381365e-08,1.3963927425196862e-05,3.0857693760872046e-06
60,1.2657128490616907e-05,1.2077206690367248e-05,0.003830582655220696,2.4223683963531985e-05,3.5463031906335016e-06,0.0008648545281577005,0.0038269866676900917,0.004274279098455656,0.006946698938543919,0.002284677911884593,2.6002991533603024e-07,3.551747774197195e-05,1.3946506467968285e-06,3.3066174922669737e-07,0.0002205774554178645,0.9760116885895197,2.9489479883589166e-08,2.219965244092107e-05,0.0012780437245718933,3.4129197011107434e-06,0.00032419511447622645,6.803587321547125e-06,3.546709712884414e-08,1.1626228934292298e-05,3.300828698362152e-06
61,1.3549734024630053e-05,1.1879831612613676e-05,0.0043773871967523695,2.5340050733664423e-05,3.5669663548960864e-06,0.0009187958309024845,0.0038849367416742713,0.00435012060642327,0.007361123012833889,0.0022290423985607453,2.844637850117992e-07,3.6951357425824e-05,1.5136744493234298e-06,3.0673921639957664e-07,0.00021834466896141863,0.9748348451243036,2.9007160462671522e-08,2.252219657380925e-05,0.001351932799628805,3.496058351320983e-06,0.00033030137838794025,6.643549382149982e-06,3.751547787695707e-08,1.385932315783801e-05,3.1897738651759324e-06
62,1.2657128490616907e-05,1.2077206690367248e-05,0.003830582655220696,2.4223683963531985e-05,3.5463031906335016e-06,0.0008648545281577005,0.0038269866676900917,0.004274279098455656,0.006946698938543919,0.002284677911884593,2.6002991533603024e-07,3.551747774197195e-05,1.3946506467968285e-06,3.3066174922669737e-07,0.0002205774554178645,0.9760116885895197,2.9489479883589166e-08,2.219965244092107e-05,0.0012780437245718933,3.4129197011107434e-06,0.00032419511447622645,6.803587321547125e-06,3.546709712884414e-08,1.1626228934292298e-05,3.300828698362152e-06
63,1.3647470171241646e-05,1.414945160898277e-05,0.003936985440964525,2.5508471653714742e-05,3.793152525606211e-06,0.0009078346701906996,0.003949674396464576,0.0043375150801109,0.007281411802540894,0.002442395507074534,2.746858205875064e-07,3.725908491676881e-05,1.4247339458438253e-06,3.639264003784993e-07,0.0002375890939875126,0.975020755582801,3.190288657559066e-08,2.2821356566961176e-05,0.0013998315083054737,3.6082088713510563e-06,0.0003401005987862732,7.354679853435813e-06,3.858704281473116e-08,1.2054044177706322e-05,3.576562331470207e-06
64,1.1958830288299085e-05,1.240230950662147e-05,0.003837373376622968,2.6035381924063763e-05,3.509500365389856e-06,0.0008911623911450776,0.0038781797436198114,0.004199698197771661,0.007184467901563121,0.002496212403150073,2.5274561137557044e-07,3.877506946496345e-05,1.5352800927170764e-06,3.500116081952449e-07,0.0002323815893069245,0.975460225849514,3.2407449461498306e-08,2.3547291357812666e-05,0.0012784560094997177,3.734188640706932e-06,0.00039663346414227737,7.630903455489235e-06,3.852246075196964e-08,1.1791407603186408e-05,3.6152238354571397e-06
65,1.5114432036448107e-05,1.0704777809537553e-05,0.003665345036681794,2.049451922587662e-05,3.394836796778731e-06,0.000849918952742243,0.003076715958782106,0.0031436540281998106,0.008991304412890514,0.0014371449083554872,2.6930082048247676e-07,3.5500090489665954e-05,1.5344039204136074e-06,2.406780612134802e-07,0.00019824358465731528,0.9768551482217452,2.7186465996718673e-08,2.183486287413427e-05,0.001366725068700602,2.583257993946603e-06,0.00028071904854540545,6.299527781837431e-06,2.6236150140393847e-08,1.435433892108661e-05,2.7023293519374616e-06
66,1.1358435697928667e-05,1.3253079060263351e-05,0.0034584923048459762,2.6122168123232853e-05,3.1573382139262227e-06,0.0007752847627616868,0.00395864745698411,0.004693414786229657,0.007383023468682878,0.0020540612042188305,2.689335230955326e-07,4.1830778779640207e-05,1.2376283466807952e-06,3.6473349363328924e-07,0.0002602490444198805,0.9756523971888958,2.7181385817710884e-08,2.081313204437646e-05,0.001311720037946319,2.9290547126863445e-06,0.0003096659065641222,8.290527144783972e-06,3.280680834193384e-08,1.0062856303316675e-05,3.2951848128116123e-06
67,4.735076930842439e-06,4.901162467519682e-06,0.0018827771014996277,2.805361861763525e-05,2.158012297954754e-06,0.0010362074721970162,0.0013440911667852995,0.0024707163770293712,0.0031447057517379196,0.0022686474629918674,1.559293337047366e-07,1.8869932683520617e-05,2.0677634567229383e-06,3.9847533513371566e-07,8.446359653314315e-05,0.9868468292214096,3.602494077556223e-08,1.8867339511976927e-05,0.0005249665005726319,6.083778095354733e-06,0.0002943370908218455,3.5268415405210716e-06,4.057860728632549e-08,1.0174263025146632e-05,2.1894615772689696e-06
68,9.079471808904429e-06,1.1760516577672945e-05,0.0023727418524742234,1.701148002981994e-05,4.212730481295768e-06,0.0008401746164722467,0.003402115510492065,0.0037188650894833452,0.005293480462187718,0.002086977634838262,2.5731075223634977e-07,2.3765936679636795e-05,1.0958984709851003e-06,3.14875494826947e-07,0.0002474229341698896,0.980421519021488,2.8065782296387457e-08,1.5199766310589274e-05,0.0012843915765180032,3.291214674572454e-06,0.0002285849064651328,5.854776513028702e-06,3.238436019154468e-08,8.997216416175411e-06,2.824751058715073e-06
69,1.033554503084763e-05,1.0849662512328954e-05,0.003899455115065597,2.602712090285398e-05,3.6764606551712455e-06,0.0009037200887953733,0.0036518364898757,0.004824012850882091,0.006392951569931612,0.0019526144118423622,3.36030312622001e-07,3.627076205844529e-05,1.589947811881718e-06,3.209647328742336e-07,0.00022112839773311694,0.9763991303362771,2.8766200247606685e-08,1.8241011701801227e-05,0.0013015994223859076,3.954077654528104e-06,0.00031837444581117667,6.311432680619657e-06,4.276967528378652e-08,1.4450837059091407e-05,2.7414824112206607e-06
70,1.394831653400696e-05,2.6532706734888957e-05,0.003992894693874057,2.7351165115033675e-05,5.321128327098069e-06,0.0019212048449084352,0.004797460182759939,0.0048144695010558835,0.01210824742852487,0.0033183059627168673,6.43522862683612e-07,4.481746623280775e-05,1.5187882184233795e-06,4.047373390949968e-07,0.0003974885024310313,0.9627798055061213,4.410176149215419e-08,2.550262561719149e-05,0.004946593952625181,3.4882510658811137e-06,0.0007246356466416124,1.5224467297401578e-05,7.787147858856297e-08,3.0417065770486866e-05,3.601563985747264e-06
71,7.658381774359363e-06,9.770117417231443e-06,0.0016510657566158964,1.608191846532056e-05,4.607027781727718e-06,0.000498103251972072,0.0025609310052900837,0.002457096087532638,0.00412834949225719,0.00186958342614009,1.3265425269690706e-07,2.336615234644658e-05,1.5092081719054403e-06,3.1181311270219513e-07,0.0001454834284656957,0.9857521861473684,2.9404197948513804e-08,1.2249930119780677e-05,0.0006154513197250066,5.898922994869699e-06,0.00022666453936530026,3.5955658996679744e-06,3.28405397609173e-08,6.958243512151573e-06,2.8833646811362388e-06
