,0,1,2,3,4,5,6,7,8,9,10,11,12,13,14,15,16,17,18,19,20,21,22,23,24
0,7.272018588881527e-12,1.603963342300993e-14,8.904089223972718e-06,8.36217590058941e-07,1.6469576138962834e-06,0.04043086285000481,0.0001153925611594137,9.001072457281716e-08,1.8263432136609234e-07,2.6921294896263676e-07,9.547339137071056e-11,0.001048275590413795,5.061833024016963e-07,7.897528531693192e-11,1.0525505668378636e-10,0.8683354800241747,2.3041462682756854e-07,2.467074528432218e-05,1.949910661244627e-09,2.2711388579239447e-05,0.08998238575065959,9.582339436469971e-09,2.705098809425871e-05,4.925618172479443e-07,2.1863506284850163e-13
1,4.632789191129653e-12,2.6591781862403888e-14,2.444611883465514e-06,1.920433188704404e-06,1.1891401813867581e-06,0.07380486132187851,0.00037436951780761514,1.0895037788782135e-07,6.960406033392383e-08,1.5109227699227846e-07,1.6751474295914824e-10,0.003589478196225031,5.598803564907385e-07,4.881645637171507e-10,2.8370475054489233e-10,0.7150428205077166,5.027854245580118e-07,0.0002040804792141913,6.550413077408745e-10,8.338087943765831e-05,0.20679913358253493,2.026963860004932e-08,9.364973406153872e-05,1.257413806291106e-06,8.444939110207155e-13
2,8.199150090052308e-12,1.4119016568548256e-14,1.1138094907054875e-05,1.2532240201535245e-06,2.2018091481351415e-06,0.03582499687141082,8.403445242878328e-05,1.3246616007916917e-07,2.765540803721427e-07,5.030505023197718e-07,1.8657133628036408e-10,0.0010101868152514787,7.777441904981121e-07,8.348591810356637e-11,1.2774281833533463e-10,0.884498597551915,2.0437926651905667e-07,2.7916445858263143e-05,1.7799224907848208e-09,4.1978691932356054e-05,0.07846408776501967,6.848076578157808e-09,3.1343544698585405e-05,3.6150497655927304e-07,2.209478106554766e-13
3,6.2729760148725575e-12,9.475558017909415e-15,6.904240164430186e-06,9.616806357335411e-07,1.2581922221350766e-06,0.033329836914409966,7.995282113520463e-05,8.11071523431553e-08,1.6647158320765093e-07,2.981987321908507e-07,9.018361759379104e-11,0.0007470009362574613,5.833801057843437e-07,5.3797757660535496e-11,6.754915901653688e-11,0.906355810297875,1.7672181507793807e-07,2.4334501906342294e-05,1.582646584148659e-09,2.3813982182832868e-05,0.059404414622213686,6.134417425671444e-09,2.4032578421565856e-05,3.654181761639226e-07,1.3387402302680731e-13
4,6.563545093312985e-12,9.185237777631095e-15,6.745104394092802e-06,9.458264625810668e-07,1.2654967080278122e-06,0.03207225450369701,7.89437685548057e-05,7.947894202122606e-08,1.4973139460934198e-07,3.024010879194751e-07,8.934241645027928e-11,0.0007197957243569643,6.801710170507654e-07,5.7922562352361717e-11,6.34203009164449e-11,0.9128025755496771,1.7891884761253242e-07,2.6134736884213168e-05,1.684645329277294e-09,2.5296622464213664e-05,0.05424085192890101,5.684617599856791e-09,2.3395239052797433e-05,3.972109071522399e-07,1.2948506615379085e-13
5,6.174587696465089e-12,9.407687045760902e-15,5.298376655853919e-06,1.0948583148039184e-06,1.0777115429289715e-06,0.03319967427960768,7.214777046744665e-05,7.554819137229442e-08,1.348429613176268e-07,2.7418905853838925e-07,9.002758757606257e-11,0.0006464592560308284,6.266872459726068e-07,5.702290597350242e-11,6.323292688331077e-11,0.9136414833412098,1.723931866905353e-07,3.289798917632332e-05,1.5323054421047793e-09,2.5725957659213728e-05,0.05234740870175006,5.58448826417377e-09,2.5059485526914163e-05,3.8127802962307615e-07,1.2355214240503254e-13
6,6.2729760148725575e-12,9.475558017909415e-15,6.904240164430186e-06,9.616806357335411e-07,1.2581922221350766e-06,0.033329836914409966,7.995282113520463e-05,8.11071523431553e-08,1.6647158320765093e-07,2.981987321908507e-07,9.018361759379104e-11,0.0007470009362574613,5.833801057843437e-07,5.3797757660535496e-11,6.754915901653688e-11,0.906355810297875,1.7672181507793807e-07,2.4334501906342294e-05,1.582646584148659e-09,2.3813982182832868e-05,0.059404414622213686,6.134417425671444e-09,2.4032578421565856e-05,3.654181761639226e-07,1.3387402302680731e-13
7,1.4324128579443171e-11,9.905356880784783e-15,1.5736337179784307e-05,1.3350233758829987e-06,2.06275846352789e-06,0.02189784723657627,9.91715272061626e-05,1.4173847288270184e-07,1.9460072133770847e-07,7.408191059363477e-07,1.7023780195667105e-10,0.0008344465875625508,1.4525741488669258e-06,6.754411520193744e-11,5.975500341226965e-11,0.9449802294572043,2.3187317051215967e-07,1.5915849205181292e-05,2.852657781305993e-09,3.584163218229521e-05,0.03210054977291556,7.440595686820799e-09,1.3667131891931638e-05,4.244753370084582e-07,1.5597805234925306e-13
8,1.3389882654555458e-11,1.2849365750091395e-14,1.760765346753429e-05,1.4121703345125548e-06,2.12384704769268e-06,0.03111464410194779,0.00013292413072751044,1.1554712821942788e-07,2.667499626417812e-07,7.239687913168796e-07,1.4556568260711906e-10,0.0013543755804210488,8.443983758682948e-07,1.059997706236652e-10,9.55541835340626e-11,0.8772949010722089,2.9064892869063647e-07,1.4736802389497235e-05,2.0082308692682084e-09,3.56652344085516e-05,0.08999341092522108,1.000447541505633e-08,3.529872385979136e-05,6.460712353674777e-07,3.1585430601567264e-13
9,1.1437116643727771e-11,1.599489969149243e-14,1.1986114445029366e-05,1.863247067717923e-06,1.877269875337924e-06,0.04000917509830788,0.00012028979803837208,1.3543234805637513e-07,2.9905601109366195e-07,7.5054395667497e-07,1.7751210778614524e-10,0.0012601757620608403,7.364596905757868e-07,1.044751825626317e-10,1.3116190982342968e-10,0.8692162487921138,2.6851782396225094e-07,2.2449663417744715e-05,1.8096767833636897e-09,3.897945947763811e-05,0.08927139346856769,1.0770193980500452e-08,4.2788938277369026e-05,5.693737017117135e-07,3.4553858057017477e-13
10,6.2729760148725575e-12,9.475558017909415e-15,6.904240164430186e-06,9.616806357335411e-07,1.2581922221350766e-06,0.033329836914409966,7.995282113520463e-05,8.11071523431553e-08,1.6647158320765093e-07,2.981987321908507e-07,9.018361759379104e-11,0.0007470009362574613,5.833801057843437e-07,5.3797757660535496e-11,6.754915901653688e-11,0.906355810297875,1.7672181507793807e-07,2.4334501906342294e-05,1.582646584148659e-09,2.3813982182832868e-05,0.059404414622213686,6.134417425671444e-09,2.4032578421565856e-05,3.654181761639226e-07,1.3387402302680731e-13
11,6.649466080740067e-12,9.07285272259645e-15,6.703185623390188e-06,9.460042016045406e-07,1.2153786967437534e-06,0.03181671566249061,7.927083620922039e-05,8.619235953982676e-08,1.5935908748433105e-07,3.177625121107293e-07,9.017544112075418e-11,0.0007447272817471694,6.755882385093883e-07,5.3564584182088545e-11,6.399533528496341e-11,0.9156667435988699,1.804438665987387e-07,2.495469235865579e-05,1.6965234953041998e-09,2.406666811070921e-05,0.051610916247764725,6.115636315420558e-09,2.19305105214717e-05,3.8256066039931734e-07,1.27372361950189e-13
12,7.433471200715628e-12,1.0534182690608123e-14,8.664541493260069e-06,9.604148014849877e-07,9.908824172713427e-07,0.029433324903170584,6.754488815123824e-05,1.2733871300876334e-07,1.9503305305352237e-07,3.797648431563327e-07,1.0192319515998552e-10,0.0008468082236781378,6.454772901897522e-07,3.850166785051708e-11,7.806421547237101e-11,0.9207521733052692,1.7452651417320145e-07,1.779400515909564e-05,2.0389518740338696e-09,1.8549846419524742e-05,0.04883556732934325,8.612927575564745e-09,1.5778092069492726e-05,3.105496888966031e-07,1.1258013642281021e-13
13,1.0088225637241911e-11,4.020574911917757e-15,1.4714315021295743e-05,1.5256695700258608e-06,1.141419260630616e-06,0.008674612916581042,6.847011502096235e-05,1.736261528749881e-07,1.1306345405294081e-07,3.9270401188103736e-07,4.679526475495987e-10,0.0018473298981161329,9.772935027106834e-07,1.7901609527853616e-10,1.39797785478785e-10,0.9059471644316984,1.4803845209759542e-07,2.1200757616217243e-05,5.749963439018764e-10,6.565858006244448e-05,0.08333390311669255,3.1957224594516587e-09,2.228596117939268e-05,1.835259228588608e-07,1.065870489216584e-13
14,8.993158322514327e-12,6.153574910489659e-15,6.7053554410274615e-06,8.771061886982389e-07,9.50513631562268e-07,0.03294313446051692,0.00015373247008080955,1.2790870104389e-07,2.716527404175109e-07,4.026548012394676e-07,7.978310982168811e-11,0.0017336330489159503,4.154433710421834e-07,6.754992899680855e-11,8.507861335990224e-11,0.8750606436460331,2.7157293919393895e-07,1.678109995134248e-05,1.0830098701831198e-09,1.6384356264920205e-05,0.09003443387343531,1.0523423364489181e-08,3.0734178914165005e-05,4.888099948240168e-07,2.3414536311546374e-13
15,6.2729760148725575e-12,9.475558017909415e-15,6.904240164430186e-06,9.616806357335411e-07,1.2581922221350766e-06,0.033329836914409966,7.995282113520463e-05,8.11071523431553e-08,1.6647158320765093e-07,2.981987321908507e-07,9.018361759379104e-11,0.0007470009362574613,5.833801057843437e-07,5.3797757660535496e-11,6.754915901653688e-11,0.906355810297875,1.7672181507793807e-07,2.4334501906342294e-05,1.582646584148659e-09,2.3813982182832868e-05,0.059404414622213686,6.134417425671444e-09,2.4032578421565856e-05,3.654181761639226e-07,1.3387402302680731e-13
16,5.103813677887687e-11,1.4967204514507605e-12,3.673936894294525e-05,3.881808443636271e-06,1.7798844578208952e-05,0.4216867604800546,0.00032869994819268095,8.292829894653573e-07,3.8329489083468886e-05,4.837479674497752e-06,2.0170701881064082e-10,0.0007073476728587381,4.82990045099542e-07,2.5864360994088792e-11,4.942542327583753e-10,0.5353850672943437,8.430942726430412e-07,4.978088025125973e-06,3.0342797078006554e-08,1.0999474822006713e-05,0.04169798420314668,2.2875356369636912e-07,7.313439920399409e-05,1.026196773726758e-06,1.3827632228007003e-11
17,6.725852371469035e-12,9.117181697777205e-15,7.166031632812015e-06,1.0114663262961566e-06,1.293229900716872e-06,0.03060335743599107,8.946456144941513e-05,8.359794807134891e-08,1.6161416087230622e-07,2.8887107491288234e-07,9.438252583339364e-11,0.0008573514798633781,6.056273686158475e-07,6.147478595461754e-11,6.622327670228326e-11,0.9074423429928572,1.8572430520076e-07,2.3464238271966554e-05,1.4308371926433405e-09,2.485050602664701e-05,0.060923947250292466,6.349719078119009e-09,2.4042950807493337e-05,3.7441220634480973e-07,1.4469528134151676e-13
18,1.2959114921439012e-11,1.546354474478576e-14,7.29556788447712e-06,1.198429287991911e-06,2.1590124677251953e-06,0.04660320333884582,0.00019035364193477306,8.472790866362444e-08,2.2169201129789644e-07,4.6215928499019745e-07,1.2646290829406498e-10,0.0009661558911102461,7.217781383779182e-07,1.308202878100282e-10,8.990270533072357e-11,0.8623589665764045,6.267193201595892e-07,4.3251551177953196e-05,2.5281167491419874e-09,3.747031454216927e-05,0.08973743535598451,1.2106881612803704e-08,4.948687708176164e-05,8.913709550210012e-07,5.007096662329912e-13
19,4.983304707879943e-12,1.0647589435727985e-14,5.4489758565745225e-06,8.887950634599806e-07,1.0683098196452648e-06,0.029338778039933396,5.2838224839074636e-05,5.8867884622028635e-08,1.2589457666473584e-07,1.7407447307280428e-07,8.990090054132501e-11,0.0004947604784075421,4.416196906438434e-07,5.793788476671406e-11,7.525552295817731e-11,0.9019006206691085,1.4427959024935492e-07,3.334728598689578e-05,1.4633630571753616e-09,2.2187700834513097e-05,0.0681208020046433,4.133620902766435e-09,2.8019826684733462e-05,2.8912742642509765e-07,1.0850017206667091e-13
20,5.812859495553017e-12,1.6868387034442366e-14,6.484614447080088e-06,1.1388211250052439e-06,9.486162682680483e-07,0.03725879324245286,7.437669697032014e-05,1.5001572146452092e-07,1.797564895626668e-07,2.9799698962680446e-07,1.2775542943520035e-10,0.0012295879928715568,5.565560983536227e-07,5.996186919325982e-11,1.490773664484916e-10,0.8840773210295728,1.7820867623982112e-07,3.2733404260307473e-05,1.5251723814297584e-09,2.444851458669957e-05,0.07726886811613252,1.123517800742126e-08,2.357208685597817e-05,3.5122735084079426e-07,1.5565449013251294e-13
21,6.1235233613114215e-12,8.759868193715425e-15,6.694229310359926e-06,9.933670824260208e-07,1.1712866740276146e-06,0.030050341852386753,7.544209157566826e-05,7.878495041864432e-08,1.5168803480692614e-07,2.78038737394756e-07,9.45094676300244e-11,0.0007407832244015089,5.750019661515439e-07,5.6154529491568104e-11,6.684543678328105e-11,0.9111098831921824,1.620178910752391e-07,2.4445861133715107e-05,1.418422413489828e-09,2.446655664333379e-05,0.057940578317231546,5.541252637767685e-09,2.3609070715222842e-05,3.382356436684146e-07,1.2272212143265092e-13
22,6.545766037111731e-12,5.29482651626955e-15,7.1577990181421846e-06,9.838915187691823e-07,1.0422648874926477e-06,0.0222713592406725,6.607488401485317e-05,6.175868939123089e-08,1.1015999330949098e-07,2.946225316268635e-07,1.1538385467604418e-10,0.0005748680092384736,6.09340581345259e-07,5.298532766786224e-11,5.21112983901208e-11,0.9090505940107113,2.1847804683650638e-07,2.8648941002395997e-05,1.2785147654808196e-09,3.1441570650130596e-05,0.06794066962170699,4.360948437992739e-09,2.5551268167133088e-05,3.082719838988949e-07,9.047540879023671e-14
23,6.2729760148725575e-12,9.475558017909415e-15,6.904240164430186e-06,9.616806357335411e-07,1.2581922221350766e-06,0.033329836914409966,7.995282113520463e-05,8.11071523431553e-08,1.6647158320765093e-07,2.981987321908507e-07,9.018361759379104e-11,0.0007470009362574613,5.833801057843437e-07,5.3797757660535496e-11,6.754915901653688e-11,0.906355810297875,1.7672181507793807e-07,2.4334501906342294e-05,1.582646584148659e-09,2.3813982182832868e-05,0.059404414622213686,6.134417425671444e-09,2.4032578421565856e-05,3.654181761639226e-07,1.3387402302680731e-13
24,6.432494672721672e-12,9.707167800149116e-15,6.509277325415968e-06,1.3613692589231008e-06,1.2874974958846942e-06,0.029350167271894198,6.65669081920781e-05,7.921734093335867e-08,1.259684509087878e-07,2.9101766069688143e-07,1.0908308438546846e-10,0.0007477367443869571,7.743607698361795e-07,6.328253651988921e-11,5.881544730251038e-11,0.920917685052967,1.5214998828279294e-07,2.8169897689440903e-05,1.336630754652377e-09,3.2960714192847416e-05,0.04882344027846878,5.126971859931889e-09,2.2352270977728302e-05,3.33301593722859e-07,1.2051171762830658e-13
25,9.076561385126884e-12,4.821759021476773e-15,8.834754750935855e-06,1.5257610732681594e-06,1.1986736823463555e-06,0.015739332829655613,0.00010320443892798113,1.5031329099830043e-07,1.2152184672981298e-07,4.5029210753626096e-07,2.2858366263731695e-10,0.001415725282521289,1.1071041925127371e-06,9.64625043393621e-11,7.391379071982035e-11,0.9359317970869909,1.951754799135084e-07,2.5300470611886336e-05,8.851506602085935e-10,4.9104516216737396e-05,0.046704175777027686,5.513403350731123e-09,1.7483071647232962e-05,2.8612326302598803e-07,1.178224731595715e-13
26,8.125784846714528e-12,1.3487532209419388e-14,5.953165210448792e-06,9.628503851652301e-07,1.7770763919185104e-06,0.056677089326029106,9.69518423608376e-05,7.430691453774193e-08,3.340824918938112e-07,4.38121278621906e-07,8.881199303911381e-11,0.00048778451459183844,5.497587900004833e-07,4.939988604002641e-11,7.48459493370048e-11,0.8776774375794099,2.792271690147383e-07,3.5630608165156706e-05,2.663039826601296e-09,2.2632570765031944e-05,0.06494882892365214,7.419226415092177e-09,4.275471811147784e-05,5.110245863132073e-07,2.3320670161339916e-13
27,7.380827872019843e-12,1.544218424555827e-14,6.332386557346389e-06,1.2228011758577412e-06,1.3499751363547065e-06,0.04375275956345527,9.296502602434037e-05,1.1929882915128853e-07,2.757990201597033e-07,3.809593292809979e-07,1.0672386783214888e-10,0.0008554060654328619,5.658479856112854e-07,5.279816218255142e-11,9.402341228461282e-11,0.9050051217565631,1.8702041979684768e-07,2.4410176897068877e-05,1.913660621341476e-09,2.130331397564056e-05,0.05021241373130413,9.526766109946142e-09,2.4803020553411054e-05,3.7155576588167243e-07,2.0608587254941004e-13
28,6.2729760148725575e-12,9.475558017909415e-15,6.904240164430186e-06,9.616806357335411e-07,1.2581922221350766e-06,0.033329836914409966,7.995282113520463e-05,8.11071523431553e-08,1.6647158320765093e-07,2.981987321908507e-07,9.018361759379104e-11,0.0007470009362574613,5.833801057843437e-07,5.3797757660535496e-11,6.754915901653688e-11,0.906355810297875,1.7672181507793807e-07,2.4334501906342294e-05,1.582646584148659e-09,2.3813982182832868e-05,0.059404414622213686,6.134417425671444e-09,2.4032578421565856e-05,3.654181761639226e-07,1.3387402302680731e-13
29,6.2729760148725575e-12,9.475558017909415e-15,6.904240164430186e-06,9.616806357335411e-07,1.2581922221350766e-06,0.033329836914409966,7.995282113520463e-05,8.11071523431553e-08,1.6647158320765093e-07,2.981987321908507e-07,9.018361759379104e-11,0.0007470009362574613,5.833801057843437e-07,5.3797757660535496e-11,6.754915901653688e-11,0.906355810297875,1.7672181507793807e-07,2.4334501906342294e-05,1.582646584148659e-09,2.3813982182832868e-05,0.059404414622213686,6.134417425671444e-09,2.4032578421565856e-05,3.654181761639226e-07,1.3387402302680731e-13
30,6.2729760148725575e-12,9.475558017909415e-15,6.904240164430186e-06,9.616806357335411e-07,1.2581922221350766e-06,0.033329836914409966,7.995282113520463e-05,8.11071523431553e-08,1.6647158320765093e-07,2.981987321908507e-07,9.018361759379104e-11,0.0007470009362574613,5.833801057843437e-07,5.3797757660535496e-11,6.754915901653688e-11,0.906355810297875,1.7672181507793807e-07,2.4334501906342294e-05,1.582646584148659e-09,2.3813982182832868e-05,0.059404414622213686,6.134417425671444e-09,2.4032578421565856e-05,3.654181761639226e-07,1.3387402302680731e-13
31,7.63020610199813e-12,1.02913822602232e-14,1.0182785495211405e-05,7.25153931693579e-07,1.135768608019501e-06,0.020968335407381154,5.411080477014253e-05,1.25910941493156e-07,1.4015960751849188e-07,2.50392998673334e-07,9.138098180287982e-11,0.0008234068119977392,8.495499717583166e-07,4.915858229603038e-11,7.050902468446661e-11,0.9264530699563844,1.677659357551032e-07,2.1159241446776413e-05,2.1537068042181672e-09,2.0257923385429445e-05,0.05163229917792502,5.921627399780571e-09,1.3452570459589701e-05,3.223246421618787e-07,9.413737886929873e-14
32,6.727344144390405e-12,1.0655180652859629e-14,7.09452351957629e-06,9.056899108944508e-07,1.2916568625626836e-06,0.03312388989134915,7.426466410054066e-05,7.897832785747569e-08,1.6216951750362472e-07,2.8786750850717946e-07,8.554222526263567e-11,0.0006619954594236167,6.18791239102497e-07,5.248111761189011e-11,6.499809397722563e-11,0.9109058262436247,1.8349359620982338e-07,2.474943056279316e-05,1.9234062594612924e-09,2.2142685245823276e-05,0.055153754711712986,6.1567861816007245e-09,2.2362829650297248e-05,3.8262376387631775e-07,1.319333272227458e-13
33,7.753632536668888e-12,1.266174696339569e-14,1.1506885357680323e-05,1.4213452360202867e-06,1.9090429574483084e-06,0.03767547467667236,9.893710664701979e-05,1.2089253390276824e-07,3.564471715984815e-07,4.614960758166624e-07,1.9797081266272847e-10,0.0010639630440322306,4.744773823768653e-07,7.058140279385374e-11,1.3955541640204692e-10,0.8592000389873741,1.8261093145512905e-07,2.0115023751359776e-05,1.2788754150697307e-09,3.325106163481963e-05,0.1018530306204017,7.509891852428794e-09,3.8470782883065656e-05,2.7629407817306087e-07,2.377482093901684e-13
34,1.6450504924962323e-11,9.258504363486599e-15,1.5198070902336314e-05,8.318962057365795e-07,1.999990293377642e-06,0.01321224095194766,4.7211283958834845e-05,7.874654139130595e-08,1.6015681960654836e-07,2.791047470006449e-07,1.595345152977382e-10,0.00039481458824193856,9.200872683267792e-07,7.741086817109849e-11,5.5006244049528404e-11,0.9427830678877072,1.8661664160316902e-07,1.9251879080997692e-05,2.9343778772377354e-09,2.305300703575695e-05,0.04348502506432225,3.0311090555377802e-09,1.5410214823337894e-05,2.641794610576912e-07,1.0341979239190745e-13
35,1.2144261386838605e-11,2.3963360663062807e-14,6.099616263455512e-06,1.159746243663951e-06,1.3314077608253094e-06,0.03867984844363084,7.632546006806428e-05,2.2067674453839e-07,5.900037344901114e-07,3.9297908493811607e-07,1.1347988671188522e-10,0.0006825445728557792,5.750720105201807e-07,3.00924269849331e-11,9.935748175225263e-11,0.9329542846957148,1.8300378429260457e-07,2.059629966608145e-05,3.193850600393585e-09,1.0241492146465134e-05,0.027551312737161913,1.4145807112114412e-08,1.402070591544656e-05,2.554922575290995e-07,2.0060173547675572e-13
36,6.159062061456488e-12,8.579674725833019e-15,6.337581673052608e-06,9.158462755103559e-07,1.1287068062809054e-06,0.031069710508745307,8.401368006986365e-05,8.522672249637742e-08,1.529268352173543e-07,2.7805458755721294e-07,8.732399800662863e-11,0.0008305775027470664,5.841402219046244e-07,5.5940245045325764e-11,6.655694481198138e-11,0.9108841734920073,1.8043478139651488e-07,2.4890166339101324e-05,1.4612280608076806e-09,2.29719352602176e-05,0.05705125293595398,6.301548472501596e-09,2.2371849867555582e-05,3.6703221089898624e-07,1.2958732230074437e-13
37,7.1238855139566195e-12,5.530630169054056e-15,6.123876115630954e-06,8.391053602699885e-07,9.788736784303724e-07,0.019723790226584638,8.471204211690938e-05,4.178652706978559e-08,6.108978735092294e-08,1.7998087976422906e-07,7.1549335863303e-11,0.0006559635401228842,6.466912869248927e-07,9.886204310135067e-11,4.227231930228405e-11,0.9114980023155724,2.0204944112942094e-07,2.9305042226132345e-05,1.2148403930789282e-09,2.782559162596688e-05,0.0679435634362502,3.62709747312585e-09,2.723737281530594e-05,5.219177506767424e-07,1.0736243535993998e-13
38,3.3744876404625176e-11,5.710184931040933e-14,4.083029036824484e-05,4.768050617239337e-06,1.1003638488174229e-05,0.03835475926623379,0.00017044664305220482,4.2017572379079043e-07,1.1837791748589978e-06,1.7235609887324976e-06,7.781198296750628e-10,0.0020398610769209653,1.5888981188959094e-06,2.8289480825312303e-10,2.2793127539076472e-10,0.8825636908340942,6.066810280612248e-07,2.375469646746153e-05,3.093479892819053e-09,0.00013515207882727466,0.07660439376022211,1.7513363922383287e-08,4.527303430401062e-05,5.216040003758675e-07,1.7777311975249462e-12
39,9.100727614207148e-12,1.1324815177191744e-14,7.326349630633378e-06,1.4716061644584144e-06,1.665280178705329e-06,0.03413871773775255,0.00010983642589994897,9.618113905213181e-08,2.182870054056488e-07,4.448161220398913e-07,1.5041651577086142e-10,0.0007695927324047131,7.249825860972701e-07,8.168131735664979e-11,8.286541457821457e-11,0.9150725049963688,1.964702452892614e-07,2.7973139616242712e-05,1.6444926282167083e-09,3.331747795377725e-05,0.04980542043225591,6.607284104358182e-09,3.0077297063084926e-05,4.0721155709050546e-07,2.0411242998862145e-13
40,7.431411025443317e-12,1.181161176398213e-14,1.0619701316403454e-05,9.212809938236139e-07,1.7681033177044414e-06,0.027956995034002338,8.70384551924298e-05,8.271008873125031e-08,1.5771090547003592e-07,2.6019537404668323e-07,1.0420995187464811e-10,0.0009216246896314981,6.456560764752462e-07,7.856302932666512e-11,7.513338110331586e-11,0.8972067079323323,1.91474465944201e-07,2.0868462324003294e-05,1.6814717790197377e-09,2.6918048681085993e-05,0.07374180891131724,6.162991767778308e-09,2.2999510908526316e-05,3.8401309483855934e-07,1.6392445080432212e-13
41,6.4226516178452694e-12,9.134137166172648e-15,7.0381665712878885e-06,9.485205294283687e-07,1.2610689163808612e-06,0.034548073413208535,9.021689670700953e-05,8.021404382875e-08,1.6459398602194032e-07,3.088008451171542e-07,8.903441201258354e-11,0.0008214949898844703,5.74563482484561e-07,5.7644426783804466e-11,6.845496377370872e-11,0.8987371297534411,1.99498285509204e-07,2.4497208737709578e-05,1.5542165375351496e-09,2.467511693750526e-05,0.0657169981644238,6.6357899524850324e-09,2.592721987812055e-05,4.0339840132435263e-07,1.4824028286217713e-13
42,1.4373043564678217e-11,9.913648611434496e-15,7.5592130298273675e-06,1.955320229036871e-06,4.182022029474024e-06,0.05015238641456755,0.00035325955600665356,7.490769878108167e-08,2.712751058946799e-07,7.920152000365719e-07,3.0450700816188684e-10,0.0011371254890224288,9.657513406663992e-07,3.9133046669455883e-10,1.5115492593062263e-10,0.8350947342122149,3.47633786609469e-07,6.161116930465287e-05,1.1742643535273229e-09,0.00010287831648363262,0.11295269633745378,4.901299021975116e-09,0.0001281630079686341,9.904209051066846e-07,7.137877996792226e-13
43,6.260390293518696e-12,9.419772276736753e-15,6.909104652760969e-06,9.583476527387706e-07,1.2569713118774512e-06,0.033464631689029606,7.970152823306004e-05,8.106438112221117e-08,1.6662927963224602e-07,3.005141190713012e-07,8.97185214463036e-11,0.0007452068583761142,5.840282587212176e-07,5.323922376445584e-11,6.732672878928874e-11,0.9060088316467524,1.770916244021204e-07,2.4294173501198507e-05,1.586474901521579e-09,2.379036005091761e-05,0.05961869750487198,6.136568880233725e-09,2.403837566703099e-05,3.661725064537141e-07,1.3307519234478137e-13
44,6.2729760148725575e-12,9.475558017909415e-15,6.904240164430186e-06,9.616806357335411e-07,1.2581922221350766e-06,0.033329836914409966,7.995282113520463e-05,8.11071523431553e-08,1.6647158320765093e-07,2.981987321908507e-07,9.018361759379104e-11,0.0007470009362574613,5.833801057843437e-07,5.3797757660535496e-11,6.754915901653688e-11,0.906355810297875,1.7672181507793807e-07,2.4334501906342294e-05,1.582646584148659e-09,2.3813982182832868e-05,0.059404414622213686,6.134417425671444e-09,2.4032578421565856e-05,3.654181761639226e-07,1.3387402302680731e-13
45,5.433953897731818e-12,7.542018847564903e-15,5.229928441650917e-06,7.288246402824308e-07,8.911811736084588e-07,0.029286931821112652,7.834609105856868e-05,1.0526142668843357e-07,1.4067753589150648e-07,2.8630836920246484e-07,7.323772800976824e-11,0.0007837751472900908,6.497397282909983e-07,4.1333740772391085e-11,6.571112898953284e-11,0.9301199556858626,1.4181182731444487e-07,2.483367892294156e-05,1.624559884608356e-09,1.7978834774420466e-05,0.03966458840779965,6.384123828564917e-09,1.5054428822542962e-05,3.5397671735947766e-07,8.815205264962614e-14
46,6.677362959592508e-12,8.623322417566558e-15,7.024994959375198e-06,9.87616933192965e-07,1.204091916698788e-06,0.03258878394768686,8.204394348971984e-05,8.076237229126324e-08,1.5595940886624715e-07,3.1218814960534533e-07,8.919678942344278e-11,0.0007921708479969304,6.133153711541126e-07,5.192478970311934e-11,6.067121496970985e-11,0.905565653389888,2.0367636831019079e-07,2.365860668937177e-05,1.5652386753435617e-09,2.44435169159683e-05,0.06088894150554757,6.581519628118084e-09,2.3335767355103084e-05,3.7751358088640734e-07,1.3284383762304694e-13
47,7.821142081401951e-12,4.170642418572929e-15,5.915602086256123e-06,7.099580953293608e-07,6.776081090884476e-07,0.01875314427284727,6.920740582523303e-05,6.103064316323172e-08,7.92145475330989e-08,2.1752173907831914e-07,4.483469593599049e-11,0.0006832594994929999,7.02765335171008e-07,3.2101716571834196e-11,2.2561955063929395e-11,0.9465138266547963,1.9588493953769276e-07,1.3923455790117443e-05,1.5459252281228506e-09,1.3234908476684479e-05,0.03393392580335464,5.564159751357172e-09,1.0551791718456912e-05,3.594047298055101e-07,6.462342133924611e-14
48,7.837402444097663e-12,1.1066962317869787e-14,5.341172455396443e-06,6.279272671333027e-07,1.1490461971437215e-06,0.047497533066659485,9.03399092823211e-05,7.894631854193548e-08,1.5079909287847334e-07,3.7569809744689494e-07,4.5031673176395556e-11,0.0005848712031485704,7.431396019817147e-07,3.693761807054875e-11,4.50257934595971e-11,0.9090604020923037,3.331108362970909e-07,2.81015287253861e-05,3.748572686480192e-09,1.5418185748809722e-05,0.042696143915899355,1.006163755022819e-08,1.765583417562696e-05,7.204789943486528e-07,1.4170589333836926e-13
49,5.460206135372598e-12,9.498203954963709e-15,8.518026381346882e-06,9.190887508537634e-07,1.2597443281308379e-06,0.03767510878204703,8.008118058098905e-05,9.177122567300409e-08,1.6678122569230082e-07,3.271407880514314e-07,7.95560586993803e-11,0.001022812520235355,6.20172621521731e-07,4.235839338132121e-11,6.267099211985344e-11,0.8960070940738728,1.814286385040424e-07,1.9177348928099748e-05,1.5541414006914548e-09,2.480814609970091e-05,0.06513863344159825,7.912658722032816e-09,1.9827773489265058e-05,3.629222072355477e-07,1.2609700167290188e-13
50,1.331170648820167e-11,5.248098466068348e-15,7.858883815745583e-06,1.094656398093866e-06,1.6171323588694933e-06,0.026277980979356116,0.00019034391435548642,1.2027764394580547e-07,1.7633943826921592e-07,7.057409301820747e-07,1.216707942873132e-10,0.0010502618013215744,1.1260638206060264e-06,8.991804831528705e-11,5.38113339297478e-11,0.9367734053770981,2.91287843356327e-07,2.266121221974131e-05,1.8211913237507286e-09,3.240363865416806e-05,0.03561935198827192,7.2812783772797435e-09,1.9952576829652363e-05,6.38748264599793e-07,1.9286064697230847e-13
51,6.32428487878055e-12,2.0732269417281414e-14,6.671310333666235e-06,1.7191441269836864e-06,1.0876353602422107e-06,0.0348009991362027,6.184702289273573e-05,1.2576689418513658e-07,1.9374802152136262e-07,2.7839183053018324e-07,1.4086326226728175e-10,0.0008677578096955538,5.692746310408961e-07,5.911711942553769e-11,1.1652226446178978e-10,0.9089719339207762,1.393861209591457e-07,2.8569503207952267e-05,1.5400539645126809e-09,2.5213135696370675e-05,0.05520923882463858,9.022172297957408e-09,2.336560901167644e-05,2.7949532142896327e-07,1.6366628845884617e-13
52,5.6442194993902415e-12,7.02333014620174e-15,4.85332459312634e-06,1.0435433234111436e-06,1.0129486781517898e-06,0.0387061008464939,5.943754165591974e-05,1.18344219497004e-07,1.5405699168522153e-07,5.524938458877183e-07,1.1530237597578251e-10,0.0006962656707626931,8.948620554678103e-07,4.8943772704256857e-11,8.318374469918798e-11,0.9237506203122021,1.2251835824702865e-07,3.868825034332792e-05,1.648305542957453e-09,3.4490821325156856e-05,0.03668470353985613,4.6113045872151e-09,2.056495414972814e-05,3.694583664517576e-07,8.794145998866424e-14
53,9.304390970522027e-12,2.99024633181657e-14,8.886388777402027e-06,8.857149407392381e-07,1.3094952670360823e-06,0.042088319429818576,4.020480195496785e-05,1.3502106176320918e-07,2.425699779967728e-07,3.3986746649068974e-07,7.561197864365516e-11,0.0005262215827555736,6.945212251704629e-07,3.22976069402739e-11,8.311471804934352e-11,0.9216936084495023,1.7077784688362802e-07,1.98708078416874e-05,5.1674262997813376e-09,1.2359179695057392e-05,0.03559462452978258,1.0550907929854628e-08,1.1749730712145917e-05,3.612125481010564e-07,1.3278278169440153e-13
54,8.177449003884983e-12,2.0141394950232407e-14,6.244278056256755e-06,1.2065600411022473e-06,1.4340378938693913e-06,0.04369223067849859,0.00011359483693989133,1.0300002944047636e-07,2.4364221468342415e-07,3.0543208253653786e-07,9.569634400987067e-11,0.0008752125918306843,5.056481789897576e-07,7.364054784071819e-11,1.0219000750477929e-10,0.8996854500863689,2.0042398688329686e-07,2.437157511412904e-05,2.044654788979882e-09,1.9223400495693374e-05,0.05555143961689057,1.0438856464365333e-08,2.774720747563822e-05,4.7422039548863306e-07,2.71073885697523e-13
55,8.694387601703074e-12,1.6569100434565894e-14,1.1357648530082894e-05,1.3476789681330146e-06,1.8980811616386083e-06,0.041687851186713996,7.243733288851037e-05,7.35406100434173e-08,2.2285968158112414e-07,4.5088514993114185e-07,1.404923347072722e-10,0.00048393027344414746,5.83983549121827e-07,5.4082969341823034e-11,8.827723642668403e-11,0.8706374383560498,2.5064202082394325e-07,2.4495179073713897e-05,2.6183021809798965e-09,2.9908325666464484e-05,0.0870118184768857,7.295941953153074e-09,3.553074477361489e-05,3.9459883818469005e-07,1.866782932366692e-13
56,6.515674363855894e-12,8.949438555734483e-15,6.6545679330547076e-06,9.581012497008655e-07,1.2303483656294966e-06,0.032337608011206734,7.906938569447569e-05,8.352520587089122e-08,1.573156599485887e-07,3.1095465778237365e-07,8.960005062449099e-11,0.0007456236249002139,6.663866287889124e-07,5.447677790338469e-11,6.366305284259138e-11,0.9131954150651508,1.7676188394047614e-07,2.5366202727731308e-05,1.6322087770078022e-09,2.4689533313661716e-05,0.05355879610692012,5.894666486480414e-09,2.2804972684065878e-05,3.8139454962976125e-07,1.2788289986002708e-13
57,1.2143874358065577e-11,2.4339871757870323e-14,1.6367594915116169e-06,3.3071741274001732e-06,8.713756782114939e-07,0.0632989628739661,0.00015320798754580464,9.777725214791373e-08,3.7197878634678775e-07,3.1772696458682466e-07,2.178363169621273e-10,0.0003341701288963666,3.0981057946753903e-07,1.0112413002099003e-10,1.9012457727615516e-10,0.8914790160729441,1.7736044653207976e-07,0.00010025201818555232,1.5238027017333157e-09,1.794167121530935e-05,0.04452511399430705,8.839036264732548e-09,8.38303699409049e-05,4.040351863648733e-07,3.9413403720916525e-13
58,6.363614840438554e-12,9.432202664364315e-15,6.4273148023779575e-06,8.705293496575494e-07,1.236742297784645e-06,0.03668810864059864,8.500774755799896e-05,8.160057850719577e-08,1.5251223366411452e-07,3.275801292974846e-07,7.71484199020677e-11,0.0007836154340456502,6.69577927164145e-07,5.570290430644715e-11,6.485264489607835e-11,0.9053727404611139,1.9234971150349643e-07,2.6906871118605398e-05,1.7952884433704953e-09,2.4231436295857622e-05,0.05698511835072788,6.535327539691936e-09,2.383541885830239e-05,4.6889782344909424e-07,1.3668231144512028e-13
59,6.366177119021922e-12,8.92067651273685e-15,7.597521169093345e-06,8.642250966927578e-07,1.313714478937893e-06,0.032671613241938825,8.174938908532207e-05,7.862021397074001e-08,1.447170264739644e-07,3.147460366518801e-07,8.171210397097633e-11,0.0007907410051390955,6.739873713187445e-07,5.7134308302019926e-11,6.206759099061499e-11,0.9058351269442986,1.9069659890547677e-07,2.4165309132129335e-05,1.727034947332186e-09,2.564442690307863e-05,0.06053653443082806,6.077615465351051e-09,2.2805477848814824e-05,4.3353476445703094e-07,1.2990593771636917e-13
60,6.2729760148725575e-12,9.475558017909415e-15,6.904240164430186e-06,9.616806357335411e-07,1.2581922221350766e-06,0.033329836914409966,7.995282113520463e-05,8.11071523431553e-08,1.6647158320765093e-07,2.981987321908507e-07,9.018361759379104e-11,0.0007470009362574613,5.833801057843437e-07,5.3797757660535496e-11,6.754915901653688e-11,0.906355810297875,1.7672181507793807e-07,2.4334501906342294e-05,1.582646584148659e-09,2.3813982182832868e-05,0.059404414622213686,6.134417425671444e-09,2.4032578421565856e-05,3.654181761639226e-07,1.3387402302680731e-13
61,6.597273358885394e-12,9.540744084555465e-15,7.870157120518626e-06,8.488997257655463e-07,1.3710723460184826e-06,0.03320922970719278,8.503767336482419e-05,7.893857363058182e-08,1.6037366150439464e-07,3.074295385626721e-07,8.373501191445514e-11,0.0007845522542440398,6.230329968131211e-07,5.704921545720324e-11,6.593766852792387e-11,0.9021439543349286,1.9398149170928626e-07,2.2972901807058878e-05,1.7655569345135063e-09,2.3963860963828084e-05,0.06369478686149314,6.336558898248384e-09,2.361903395267089e-05,4.211710148278158e-07,1.3941082612514093e-13
62,6.2729760148725575e-12,9.475558017909415e-15,6.904240164430186e-06,9.616806357335411e-07,1.2581922221350766e-06,0.033329836914409966,7.995282113520463e-05,8.11071523431553e-08,1.6647158320765093e-07,2.981987321908507e-07,9.018361759379104e-11,0.0007470009362574613,5.833801057843437e-07,5.3797757660535496e-11,6.754915901653688e-11,0.906355810297875,1.7672181507793807e-07,2.4334501906342294e-05,1.582646584148659e-09,2.3813982182832868e-05,0.059404414622213686,6.134417425671444e-09,2.4032578421565856e-05,3.654181761639226e-07,1.3387402302680731e-13
63,6.7803989801288775e-12,1.3168020389126143e-14,7.011899058615372e-06,1.0096841682968395e-06,1.3680253534699938e-06,0.03737260903986499,7.96243124339934e-05,8.495313323291611e-08,1.9130231527344334e-07,2.964456804849761e-07,9.634508508119385e-11,0.0007137038691337519,5.747830151673489e-07,5.7202566841858456e-11,8.123311237790001e-11,0.8991285028800725,1.8535316568782365e-07,2.644547393903854e-05,1.8732948611940195e-09,2.310603348710923e-05,0.06261827703092136,6.9689181971884725e-09,2.6612713663925548e-05,3.8711664414657126e-07,1.6143360342630858e-13
64,6.152819165025537e-12,8.658042641213495e-15,8.737314570875976e-06,8.616651031667959e-07,1.345990304523575e-06,0.03076031650602261,7.597732238179518e-05,6.76151586899795e-08,1.5016077800847478e-07,2.685698069294521e-07,8.681602817652e-11,0.0007841031852629832,5.4227904915175e-07,5.494807953435817e-11,6.439762328191386e-11,0.8822937446855762,1.9751066255909515e-07,2.101769552781476e-05,1.4638062242599786e-09,2.479916295221897e-05,0.08600037399743675,5.714963052859891e-09,2.7124017588280255e-05,3.649305953741533e-07,1.2958402984337237e-13
65,7.608837187510777e-12,8.110312357975048e-15,8.047197308095454e-06,1.002904742595748e-06,1.2224685622359756e-06,0.02766457027442032,7.807394436176947e-05,1.1252295350860928e-07,2.07324115369728e-07,3.851778339269906e-07,1.1593470020380122e-10,0.0007836156675959173,6.586539091164814e-07,4.475119141573392e-11,6.75589877968538e-11,0.928715303950124,1.5613922549420946e-07,1.8181219942577847e-05,1.6392619744615544e-09,2.131969440038652e-05,0.042690091941994204,6.360032768357485e-09,1.6763010460448522e-05,2.796727837191868e-07,1.0973016615972469e-13
66,5.43890518344834e-12,2.4381519482873754e-14,3.871000287839008e-06,1.270185794220653e-06,7.634085906002186e-07,0.05027655330999849,8.193744435529781e-05,1.283759810330098e-07,2.384664506947176e-07,2.1900538871890955e-07,1.1085076393119262e-10,0.0010003127318329464,2.9472188847641077e-07,7.168885822548557e-11,2.0499949881878113e-10,0.8669350132994441,1.6081349518285323e-07,3.9834894589864506e-05,1.4409080687708144e-09,1.6552154193571672e-05,0.08160583620061072,1.1977438568408093e-08,3.663998393205462e-05,3.601915722084271e-07,2.450198395782486e-13
67,6.3022848112176605e-12,9.464224459890369e-15,6.934333565062304e-06,9.613712907531218e-07,1.2606856483335996e-06,0.033155372403943006,7.987565187455464e-05,8.152383668471861e-08,1.6703748255641728e-07,2.9899281488271373e-07,9.041483929250449e-11,0.0007469502897809215,5.848690764391551e-07,5.3646206254875463e-11,6.74634409267647e-11,0.906885630791146,1.7618693590464944e-07,2.4181069698094624e-05,1.5853897229010302e-09,2.3728445006567234e-05,0.05904958716830709,6.133635330306541e-09,2.3837395299224397e-05,3.6384729906929874e-07,1.3335617700008275e-13
68,1.2105925000073167e-11,1.0095064629772623e-14,7.767534508406849e-06,1.1785305167255165e-06,1.3497844318670163e-06,0.017820324686775867,6.265603604848582e-05,6.133374552862499e-08,1.8091797034736477e-07,3.1201989141979634e-07,9.867954991844229e-11,0.0002893314642319954,6.479378362151543e-07,5.001794055347508e-11,3.8020419703657083e-11,0.9578001559361323,1.69413247053588e-07,1.4901488408574233e-05,2.6512131618656016e-09,1.5044361037050644e-05,0.023969240813019363,4.348660734923939e-09,1.6370726344273743e-05,2.998170276273779e-07,1.1912781951410561e-13
69,6.52183071335911e-12,9.612348730650098e-15,5.981925419728421e-06,6.321816352875837e-07,1.0165078933420733e-06,0.02835590508620872,7.802517317212434e-05,6.592040070137133e-08,1.274382146636464e-07,2.0617952382049308e-07,4.176081288858271e-11,0.0006034905782741852,5.379637353396769e-07,4.1741859492291226e-11,4.081714817567856e-11,0.9353026127930546,1.4552816866772052e-07,1.53168281489336e-05,2.1586838670141083e-09,1.1372414042648e-05,0.03561079042246252,6.268139194630619e-09,1.3318336580645006e-05,4.461652898900111e-07,9.983906469006179e-14
70,1.095988488214272e-11,1.871786163727495e-14,6.816452922977571e-06,6.785093013739662e-07,1.5066344011840334e-06,0.037613873497424774,0.00011143324028182508,1.0263412267107295e-07,1.9075181194169406e-07,3.018876968030748e-07,8.41342876676776e-11,0.0008705142503240259,6.419930652136185e-07,9.578051158290043e-11,1.104399777950205e-10,0.8777981874474019,4.066257035705307e-07,3.927428630401749e-05,3.2294769616806817e-09,1.8700593285303823e-05,0.08350631745090777,1.1396035079597709e-08,3.024965103272831e-05,7.89166895965632e-07,2.7080444530268375e-13
71,4.7340636313833594e-12,1.761838488753663e-14,7.986531584648617e-06,9.460849013749122e-07,8.829031961125676e-07,0.027469799561093917,3.0872732616527914e-05,6.817087481499295e-08,1.2397215126690753e-07,1.374508384356432e-07,8.632492049882234e-11,0.0005305746739383004,3.607984850911332e-07,4.3746880282943054e-11,8.861109779496302e-11,0.8877607637171466,1.25664510694032e-07,2.330573027381438e-05,1.7447935126548948e-09,1.6195593376761114e-05,0.08413640152211627,5.4350523696739405e-09,2.1230899904955135e-05,2.1658961797446042e-07,9.200515410388367e-14
