,0,1,2,3,4,5,6,7,8,9,10,11,12,13,14,15,16,17,18,19,20,21,22,23,24
0,1.6343126808473574e-06,5.688602913311464e-05,0.0001100104361861759,0.0008542541795221102,1.2936534023725047e-06,0.00034023791060256575,0.04255018940593187,0.0020126044870274456,0.00011422025850834395,0.001791408942947515,6.436822215618314e-07,6.155469383785795e-05,0.000322340484369904,1.8906572070933605e-05,8.39108696432664e-06,0.8929236274021604,0.0007256178789543775,0.004523062827714553,0.052162142914922195,4.595396776139866e-05,0.0012707711303300325,1.2173982711653216e-05,7.240025544604798e-05,9.281987826825909e-06,1.0391516765716728e-05
1,0.0001383168603705586,0.0012494548577437626,0.00020022880432788543,0.013542652083103379,9.101291846732397e-05,0.0030904578517783636,0.6020181192747935,0.02946303158052448,0.0005568670236844415,0.0008603609097864565,0.0001270374857452042,0.002665299009511684,0.0020124955614837904,0.00024053605922642632,6.484550731330936e-05,0.14826756073211061,0.015440405866298435,0.035833082077623916,0.1296574527512464,3.4481638300169865e-05,0.013140818116127929,0.0006039876517088832,0.0006432886915240126,1.9079960906222838e-05,3.912672629282165e-05
2,1.2782756568644646e-06,5.571431618215011e-05,0.00011627815777172552,0.0006432597820705666,1.5202565518938344e-06,0.0006613553646096064,0.04225127689056596,0.002246900058752056,0.00035882064557437096,0.004195016586622552,7.449979565357753e-07,4.956115222090632e-05,0.00029473238886226885,4.19307114460471e-05,1.5113141620055446e-05,0.8721144481530424,0.00040408463475515754,0.005256564923236697,0.06961263902023497,8.148769916939827e-05,0.0014480407757076713,1.9035090683989675e-05,9.736969329057021e-05,1.246474526884731e-05,2.0362538146838085e-05
3,1.5733634783040913e-06,5.721904208498742e-05,0.00011835412398397468,0.0007339502617268617,1.3906243030601728e-06,0.0007064574748363154,0.04730027354526877,0.0022022987441556573,0.00031514744878605096,0.003758859513531706,7.661463483916768e-07,5.151439773938275e-05,0.0003266357020026848,3.377253533265103e-05,1.3266053599266421e-05,0.8571545472570248,0.00046211249013246975,0.005883888539477507,0.07912013935522326,6.547093677472251e-05,0.0015400523242520788,1.8590875965548744e-05,0.0001044074423666195,1.222640728437474e-05,1.708539432060524e-05
4,1.8162983732432124e-06,6.637833981531383e-05,0.00013775488432811678,0.0007920769736226751,1.5400280471108515e-06,0.0006700541543052799,0.052175502697897995,0.0023339616553906687,0.0003494081483051964,0.003972950626709957,8.586169896572953e-07,5.785732279326366e-05,0.00041060810990107183,4.131625279753663e-05,1.318247468657327e-05,0.8468852267224664,0.0004917442888532321,0.006594657500659219,0.0829545094297118,7.464151444156054e-05,0.001810895553435748,2.1242117532854903e-05,0.00010908139938601143,1.4260916861366278e-05,1.847397268794641e-05
5,1.623243100092143e-06,5.798933241271844e-05,0.00013429913593394148,0.0008858594776206981,1.5827145441081406e-06,0.0007270612043210384,0.04583284183375866,0.0021615271208014833,0.0003211333397280319,0.004287376041888756,7.572401237706705e-07,4.745184994488163e-05,0.00035096120355532906,3.699591502160262e-05,1.1815798273949042e-05,0.8551223497354521,0.0004837536657874083,0.0076900661025082065,0.07986348371862818,7.809971644499364e-05,0.0017266356018262,1.61882450631563e-05,0.00013036942776833646,1.4295457483674015e-05,1.548287800872066e-05
6,1.5733634783040913e-06,5.721904208498742e-05,0.00011835412398397468,0.0007339502617268617,1.3906243030601728e-06,0.0007064574748363154,0.04730027354526877,0.0022022987441556573,0.00031514744878605096,0.003758859513531706,7.661463483916768e-07,5.151439773938275e-05,0.0003266357020026848,3.377253533265103e-05,1.3266053599266421e-05,0.8571545472570248,0.00046211249013246975,0.005883888539477507,0.07912013935522326,6.547093677472251e-05,0.0015400523242520788,1.8590875965548744e-05,0.0001044074423666195,1.222640728437474e-05,1.708539432060524e-05
7,2.988144137506764e-06,7.388744999581269e-05,0.00015340558915677657,0.0008923822888080459,1.279705198067939e-06,0.0006602234031786254,0.05753469353345615,0.0024227623675277324,0.0002629500862249648,0.0034221309246624935,1.11132548754919e-06,5.895956503634482e-05,0.0007563589350246803,2.8970438026266092e-05,1.4841864395641137e-05,0.8298243254781398,0.000509328267785058,0.006713075330089868,0.09479982857269786,7.813010492710616e-05,0.0016558162345220446,2.9000450432094926e-05,7.776017331670256e-05,1.1954666306402601e-05,1.383510146642027e-05
8,1.8513268925333424e-06,6.382694527733501e-05,0.00021904054205837542,0.0008725639516713987,1.525218156949498e-06,0.0006756766850241265,0.026898357749150278,0.001958058392348609,0.00033154539915679885,0.005791938387541469,5.859602138400083e-07,4.8353914844157246e-05,0.0002838880659923586,4.5175601564768946e-05,1.1964981645378588e-05,0.9113930016091764,0.0005672355727042062,0.005057888058561262,0.04421763805815774,7.986804813842322e-05,0.0012839150674449234,1.4118759998721427e-05,0.0001418897440351534,1.8424677110944406e-05,2.1667283133994224e-05
9,9.569079805330317e-07,5.8490075928936116e-05,0.0001748349831767441,0.0006870922608472209,1.0661998571292857e-06,0.0005065476519502467,0.020213327162811417,0.0017737086596276766,0.0002992244776558019,0.006955265469024755,4.0310322309833676e-07,3.277004353638053e-05,0.00023200549832495682,4.90571747362463e-05,9.981228966309305e-06,0.9187162271849361,0.0004079531751286941,0.00441157665956338,0.04407447565653912,8.813949476342231e-05,0.0011537298457948192,1.155073469465612e-05,0.00010736301025695994,1.4958629385017422e-05,1.9294711290783094e-05
10,1.5733634783040913e-06,5.721904208498742e-05,0.00011835412398397468,0.0007339502617268617,1.3906243030601728e-06,0.0007064574748363154,0.04730027354526877,0.0022022987441556573,0.00031514744878605096,0.003758859513531706,7.661463483916768e-07,5.151439773938275e-05,0.0003266357020026848,3.377253533265103e-05,1.3266053599266421e-05,0.8571545472570248,0.00046211249013246975,0.005883888539477507,0.07912013935522326,6.547093677472251e-05,0.0015400523242520788,1.8590875965548744e-05,0.0001044074423666195,1.222640728437474e-05,1.708539432060524e-05
11,1.6972531067419773e-06,6.070632649251381e-05,0.00012562734308397273,0.0007544063504103936,1.4541301269459291e-06,0.0006744993171321943,0.04943054865990018,0.002204918069289921,0.0003189313214465008,0.0036605576757579267,8.154347286998197e-07,5.6244591538453426e-05,0.00037375220072691256,3.56937335188614e-05,1.3405269403293556e-05,0.8549678511385658,0.0004780834625337522,0.005915267785704797,0.07908367503953372,6.99651876658581e-05,0.0016175908243244,1.9986707288372013e-05,0.0001032672047150096,1.3290079013617765e-05,1.776489399141363e-05
12,1.5584333229802538e-06,5.3738042960783944e-05,0.000175016146753466,0.0005505579359045954,3.1146547052519363e-06,0.0007249263490142616,0.044803947348076884,0.00171125147041505,0.00038041763863797483,0.003908850119065632,9.85121905754917e-07,6.030146630013772e-05,0.0003185712728754705,5.0624262492971534e-05,1.1906304627791738e-05,0.8896367565798607,0.0006375048759372214,0.006039611402615059,0.048511422602678836,0.00012358653231942912,0.0020845930940898497,1.674528526434185e-05,0.0001447849564488634,2.227062691920688e-05,2.695747680728636e-05
13,2.8513503105669673e-06,8.981598619768784e-05,0.0001527945786765305,0.0006372131627088748,2.580841405435887e-06,0.0004857231739813617,0.0698471983671536,0.004494439535063538,0.0004041078614366804,0.0028726096539624883,2.3645459675004516e-06,0.00012820115822904333,0.0005799310549893359,7.292153257818078e-05,2.1161316814463897e-05,0.8159892298986775,0.0006167259641672682,0.006339734249412046,0.0942945799727111,8.325373337496712e-05,0.0027208295544314427,4.790278905203732e-05,6.777170355992156e-05,1.3942198546031104e-05,3.2115816592586065e-05
14,1.0943620763351956e-06,2.6482669922416357e-05,9.193240390682118e-05,0.00032637746935508283,4.7073672733427846e-07,0.0005030319691060998,0.027634439091385386,0.001881411745386407,0.00020405219797344388,0.0021499498950996736,3.496184842427942e-07,5.230879680274357e-05,0.00016013438269026967,1.929493117425329e-05,1.083606870240539e-05,0.9383661819106353,0.0002629897825894045,0.0022325054653122233,0.025486342247530224,4.316947622289271e-05,0.0004611596507477563,1.2362097270630564e-05,4.998439392436109e-05,6.196553657063128e-06,1.6942083317154386e-05
15,1.5733634783040913e-06,5.721904208498742e-05,0.00011835412398397468,0.0007339502617268617,1.3906243030601728e-06,0.0007064574748363154,0.04730027354526877,0.0022022987441556573,0.00031514744878605096,0.003758859513531706,7.661463483916768e-07,5.151439773938275e-05,0.0003266357020026848,3.377253533265103e-05,1.3266053599266421e-05,0.8571545472570248,0.00046211249013246975,0.005883888539477507,0.07912013935522326,6.547093677472251e-05,0.0015400523242520788,1.8590875965548744e-05,0.0001044074423666195,1.222640728437474e-05,1.708539432060524e-05
16,7.692713236608108e-07,2.9095259812712233e-05,0.00046064918912643694,0.0006097276468782803,6.579236767345014e-07,0.0010054990705649315,0.008688716658513857,0.0005158081447870647,0.0001641557178631398,0.008804614512187968,1.3303989529002543e-07,8.43329883264335e-06,0.0001210292886955854,1.5352305618184292e-05,2.9292734795200034e-06,0.9663515012758803,0.0007275494747746515,0.0022740412931366587,0.009071116829900725,0.00011004043608850309,0.0006282745624990677,1.9541249712441764e-06,0.0003572303103919322,3.874154951057319e-05,1.1979541590233666e-05
17,1.968045657571847e-06,6.337553720344633e-05,0.00013697609717166728,0.0008009218491264967,1.7939148248158175e-06,0.0007300096767890522,0.05935302429671537,0.0024498044635274624,0.00036478498853362914,0.003598353975311491,9.707178422435861e-07,6.445190823311538e-05,0.00039692846579223866,4.106444220510246e-05,1.3059696983699766e-05,0.8385145327458668,0.0005312649058592399,0.007128023158819193,0.0835959044869745,7.20098834945245e-05,0.0019659993966353235,2.1381349934239362e-05,0.00011971030922773908,1.4721324683456462e-05,1.8964362587680116e-05
18,1.35305536014355e-06,5.199779900143219e-05,0.00012250249134286662,0.0004474581126435375,1.3325026509402915e-06,0.0005945012070915004,0.052965109353336266,0.0020290520716839304,0.0003464032102520642,0.0033250126494094984,7.741854203634833e-07,6.310161046189553e-05,0.00026950374984152913,4.7296965548175616e-05,1.1813361210464105e-05,0.8577462103318823,0.00047305580813903974,0.00559655532706076,0.07361756063729664,6.189302406385911e-05,0.0020615523019988655,1.8500364811260657e-05,0.0001080394159054692,1.351054332797524e-05,2.5909920259196932e-05
19,1.6613012648286562e-06,5.573991747849447e-05,0.00012011240611315819,0.0006898415738915772,1.357107873236584e-06,0.0006842333002440458,0.04858197880393263,0.0022919667036737264,0.0002999694233489162,0.0035599024621597586,8.234823493956736e-07,5.1484151595424206e-05,0.00033492702462153105,3.4007870393782515e-05,1.2726012001158559e-05,0.8531449434733536,0.0004755703525602472,0.006343111703182524,0.08139098738147775,6.51969251793948e-05,0.0017062877584750375,1.8764885798606206e-05,0.00010551769480123838,1.2019189222333386e-05,1.686909500741086e-05
20,1.8487019802887666e-06,7.850714435494094e-05,0.0001153535549699427,0.0008586362925400002,1.607463124190447e-06,0.0007792762555828522,0.0565761681396631,0.003173283388174032,0.00044754794069023503,0.004759622655845108,1.06961026931664e-06,5.739143806176881e-05,0.0004653958242242595,4.776014559675711e-05,1.8787659167179002e-05,0.8112116799430861,0.00042455192497605653,0.006592568085816918,0.11233214916795246,7.95602406819253e-05,0.0018196959074292445,3.379943626043543e-05,9.195739613759723e-05,1.2359195901947172e-05,1.94224875130506e-05
21,1.3724455312742414e-06,6.456786001976725e-05,6.822171126628394e-05,0.0009257376411268138,1.7907911719740018e-06,0.0016746343200631161,0.06473125905815012,0.0024348425582522986,0.000549891669163545,0.005000760928473602,9.985936459235134e-07,4.077011070896846e-05,0.0002894659851741707,2.5641125399280807e-05,3.0197214933338247e-05,0.7529366528041758,0.00036610739527352757,0.004673953145696848,0.16464532364826792,5.508760093122091e-05,0.001309678583805956,3.1694886259698664e-05,0.00011268288768338016,1.0187346444734285e-05,1.8479688380431668e-05
22,1.9781537993618455e-06,5.735890126555321e-05,0.0001597846309897964,0.0007463295176310846,1.2377228590500442e-06,0.0006922951441544861,0.0361670035252,0.0027316753076358875,0.00021184164950375207,0.004601596205704465,8.113739476219425e-07,4.199873285517082e-05,0.00033305072223609086,3.3900698348324254e-05,9.201345026811364e-06,0.8703865341569904,0.0006650256040441896,0.008479754168675007,0.0725159132853592,6.931158543815985e-05,0.0019354220176134836,1.727095354138202e-05,0.0001176730210574522,1.0337820229373885e-05,1.2693755894041421e-05
23,1.5733634783040913e-06,5.721904208498742e-05,0.00011835412398397468,0.0007339502617268617,1.3906243030601728e-06,0.0007064574748363154,0.04730027354526877,0.0022022987441556573,0.00031514744878605096,0.003758859513531706,7.661463483916768e-07,5.151439773938275e-05,0.0003266357020026848,3.377253533265103e-05,1.3266053599266421e-05,0.8571545472570248,0.00046211249013246975,0.005883888539477507,0.07912013935522326,6.547093677472251e-05,0.0015400523242520788,1.8590875965548744e-05,0.0001044074423666195,1.222640728437474e-05,1.708539432060524e-05
24,1.4374441146232364e-06,7.673828918739717e-05,0.00010459517121917115,0.001071928927844485,1.3888312723376848e-06,0.0006126366360604958,0.04462604548696471,0.002402907626777967,0.00030669978040949946,0.004565672994712233,6.772381273484283e-07,4.5278011720712016e-05,0.00034520087079942306,3.594171948736704e-05,1.3054837399985353e-05,0.8301611661162739,0.0004751254337437691,0.006812404088509158,0.10653207718605949,5.9092915755423074e-05,0.0015988292931415759,1.91519217959655e-05,0.0001061453759233616,1.1844772744829675e-05,1.3959029954679645e-05
25,1.8936065434226899e-06,5.078726426386538e-05,0.0001279147658352301,0.000718491818033704,1.981753078642208e-06,0.0005502070906095353,0.0647390720017936,0.0042102548495562995,0.00024777495482115777,0.0025839375056478653,1.3407358757617468e-06,7.513364443660845e-05,0.00039480276433292056,4.358045186320517e-05,9.411805688685112e-06,0.8421719475886702,0.0005697000410552184,0.009864074087974309,0.07099307486420994,8.457385877036545e-05,0.0024157964209816,2.102894406136892e-05,9.787897048358481e-05,1.0466282331956233e-05,1.4873929081037105e-05
26,2.0009772493591063e-06,6.017285644334976e-05,0.0002178127538746778,0.0009086805794937129,1.953016577368044e-06,0.0007644741828169597,0.037606725371834994,0.0017509482088252147,0.00041080414323222986,0.005279058913719387,6.887325765453177e-07,4.843655886847428e-05,0.0003439661866816612,4.855137188474965e-05,9.782895244250159e-06,0.8893146880446402,0.000555220009625477,0.008361213868862835,0.052180170698103115,0.00010057111917551017,0.0017797973855180232,1.2509532144112517e-05,0.00019791124164554453,2.433609679962639e-05,1.9525254162678476e-05
27,1.4774864415390813e-06,6.268773463700645e-05,8.973589767575744e-05,0.0007779863866759976,1.3730427881515753e-06,0.0008909417815318722,0.04531494007032586,0.0025232807438704445,0.00047149728009667326,0.004451900830063208,7.617283039256774e-07,5.405414461251703e-05,0.0003138206113926871,3.492214960753168e-05,1.9452939450287487e-05,0.8480708724229007,0.00032860758985293724,0.004812399610659707,0.09048907101639057,6.43569381443898e-05,0.0010808964528386583,2.7881338758039652e-05,8.560981055778382e-05,1.1506607298692247e-05,1.9965385125098366e-05
28,1.5733634783040913e-06,5.721904208498742e-05,0.00011835412398397468,0.0007339502617268617,1.3906243030601728e-06,0.0007064574748363154,0.04730027354526877,0.0022022987441556573,0.00031514744878605096,0.003758859513531706,7.661463483916768e-07,5.151439773938275e-05,0.0003266357020026848,3.377253533265103e-05,1.3266053599266421e-05,0.8571545472570248,0.00046211249013246975,0.005883888539477507,0.07912013935522326,6.547093677472251e-05,0.0015400523242520788,1.8590875965548744e-05,0.0001044074423666195,1.222640728437474e-05,1.708539432060524e-05
29,1.5733634783040913e-06,5.721904208498742e-05,0.00011835412398397468,0.0007339502617268617,1.3906243030601728e-06,0.0007064574748363154,0.04730027354526877,0.0022022987441556573,0.00031514744878605096,0.003758859513531706,7.661463483916768e-07,5.151439773938275e-05,0.0003266357020026848,3.377253533265103e-05,1.3266053599266421e-05,0.8571545472570248,0.00046211249013246975,0.005883888539477507,0.07912013935522326,6.547093677472251e-05,0.0015400523242520788,1.8590875965548744e-05,0.0001044074423666195,1.222640728437474e-05,1.708539432060524e-05
30,1.5733634783040913e-06,5.721904208498742e-05,0.00011835412398397468,0.0007339502617268617,1.3906243030601728e-06,0.0007064574748363154,0.04730027354526877,0.0022022987441556573,0.00031514744878605096,0.003758859513531706,7.661463483916768e-07,5.151439773938275e-05,0.0003266357020026848,3.377253533265103e-05,1.3266053599266421e-05,0.8571545472570248,0.00046211249013246975,0.005883888539477507,0.07912013935522326,6.547093677472251e-05,0.0015400523242520788,1.8590875965548744e-05,0.0001044074423666195,1.222640728437474e-05,1.708539432060524e-05
31,2.0416661757724865e-06,5.7198787815623505e-05,0.0001564672082021891,0.0006399453541068742,9.256921325684063e-07,0.0005137146999534041,0.037981137372183116,0.0029198261405765425,0.00020944812264273653,0.0036458130061174463,6.937694760849506e-07,4.878197037959433e-05,0.0003225569049336708,3.5149180646593196e-05,8.74253126425668e-06,0.8840393698893272,0.0005555160276778781,0.006957329799342257,0.06004853477604616,5.695225119577274e-05,0.0016645372804913908,1.6944936290220054e-05,9.502338076666065e-05,9.277600023483862e-06,1.4071652232117451e-05
32,1.4851041835526704e-06,5.6344901976607256e-05,0.0001071101475187291,0.0007326883247966563,1.3530934818385804e-06,0.0007034043189161842,0.046654615690768494,0.0020810118966572175,0.00030459467215218704,0.0036266719028515953,7.555605704647658e-07,4.954664105900346e-05,0.0003174305935981447,3.1343162981177295e-05,1.3899984292101096e-05,0.8506865666127413,0.00045201478598099674,0.0056837406603118396,0.08675448378506893,6.230484295038544e-05,0.0015270321589780525,1.853740000079627e-05,0.00010407142517478964,1.2122735788517317e-05,1.6869597200452455e-05
33,1.2777111686098723e-06,5.359386172036487e-05,0.0001272037128327005,0.0006752447062649244,1.3916558325831047e-06,0.0008933276393015728,0.04048948634263977,0.0018655362648046544,0.0004158828283924273,0.005285719049077944,6.335668661968989e-07,3.940249855162422e-05,0.0002687707276546506,3.8334320520512545e-05,1.570345465750362e-05,0.8678192393043626,0.00038218853465095057,0.005398429660915688,0.07458738883179879,7.760009396394093e-05,0.001391872160745421,1.6401957695217256e-05,0.00012213936015030756,1.3189473037971898e-05,2.0042282393117973e-05
34,1.1072033508707724e-05,8.709156665970088e-05,0.0002554482282434323,0.0014232639797038184,2.885962839115474e-06,0.0011126548472567511,0.09855167850760252,0.004384777406558212,0.000484684805922059,0.003272285285373818,3.44422764467851e-06,0.00010437008001675713,0.0011251074641567722,4.712935701162673e-05,2.608813855940322e-05,0.7067097919640628,0.0007072843946863163,0.015901157141916936,0.16170679489676112,7.249199689575324e-05,0.0037684621435518204,5.158705293334331e-05,0.0001519578827794404,1.8014242249930098e-05,2.047639310511007e-05
35,2.407174033144731e-06,4.9357577104463246e-05,9.916920845970531e-05,0.0006980632225750135,9.368494650547286e-07,0.0008883950910183531,0.04756338131485784,0.003541749841696555,0.00031121845232351793,0.003534517439279353,8.853816733654611e-07,6.17390044491839e-05,0.0002958579603316757,2.8556319395479793e-05,1.0838844728283523e-05,0.8430084378318966,0.0004262605461281732,0.008730907821725512,0.08922932427400636,4.205055967053634e-05,0.0013357786132081899,2.543842550635846e-05,9.283097438139297e-05,8.258572781270323e-06,1.3638699304505943e-05
36,3.258867641508831e-06,8.6824442423328e-05,0.00022286536954968034,0.0013680915745408668,5.949917881485119e-06,0.0013472761086670989,0.10135914210581558,0.0022733099128316074,0.0006719582198282071,0.00466799699830904,2.2449034420801923e-06,7.002708579827503e-05,0.0005624674567766631,6.36797449622543e-05,2.397859180592498e-05,0.7333971607563212,0.0007784200147069064,0.011514424210252111,0.13633860662458108,0.00011568003044219043,0.004713630315242576,2.2472585631319285e-05,0.0003229768986558671,3.683034311977428e-05,3.0726920773597834e-05
37,3.0463791276619062e-06,7.021104200294657e-05,0.0002241660357616918,0.0008929378765597623,2.3716414117744065e-06,0.0007090974471887985,0.07233039594931011,0.002398469783262937,0.00043234095643535124,0.003714825210197306,1.1517233877094534e-06,8.331235817363664e-05,0.000535091929119145,5.916930628977372e-05,1.0448101993969825e-05,0.8331062329896475,0.0006603781329134357,0.010760044902158072,0.07087392464720262,9.134105592888769e-05,0.0028019764101285195,1.9973892937763386e-05,0.00017368908854817428,2.3110777000868676e-05,2.2292363311425967e-05
38,6.530425686355372e-06,0.0006005294790476009,0.0005312832218869608,0.0035559616132771464,2.530327879870712e-05,0.0008886720496794137,0.09203492084956802,0.011324354092563441,0.0035433771982987337,0.016194831671213515,7.307567628514897e-06,0.00037016004741798796,0.0011478614911582577,0.0009692693491968996,4.051389652766625e-05,0.7171341825014851,0.0012810830445080814,0.016221318159907575,0.1268662392971604,0.00022005607463149984,0.0064554166748769515,0.00014376073743955893,0.0002399839491703946,7.208999472692375e-05,0.00012499333414408003
39,1.856227924062239e-06,8.391840187394526e-05,0.00014554308795103031,0.0010517600720502552,2.108542531444772e-06,0.0007704639077000007,0.05132769057516691,0.0018943491586743857,0.0005002436028370217,0.005317803956521351,8.804430759782572e-07,5.2409158049258643e-05,0.00044220695049095076,4.724974708154417e-05,1.8027177955137258e-05,0.8276367889382217,0.00046959377537516146,0.006877833261121824,0.10134636599868177,8.485711472338275e-05,0.0017372656125968214,2.1268261716692796e-05,0.00012980912900991076,1.8892823961948968e-05,2.0814074707635715e-05
40,1.8351044617212371e-06,6.0457638858014776e-05,0.0001352347384673481,0.0007109106843485397,1.5122048885637701e-06,0.0007132580239411216,0.05025161949031511,0.00220036684491557,0.00033231567775819225,0.0036142345374140764,8.514653614624328e-07,6.0425733138517544e-05,0.00035794172207020747,3.613284368990709e-05,1.43283354451141e-05,0.8609720392205291,0.0004970924876797636,0.005500032285725695,0.0727629844946931,6.773931243371023e-05,0.0015543118458005898,2.0387622452728903e-05,0.00010146723298318973,1.3058330641921741e-05,1.946212198646804e-05
41,1.5754578001563e-06,5.751162534987996e-05,0.0001211966180416235,0.0006947320872532233,1.3495051843192881e-06,0.0006717210226559752,0.048970299817058395,0.002242965633413452,0.0003071527291259904,0.003693616794504413,7.784712578183192e-07,5.212510758259504e-05,0.00033553743124287904,3.557943402104722e-05,1.2242544060924602e-05,0.8541860561924575,0.0004761456074250854,0.006228652439438259,0.07999395000319753,6.598459455593778e-05,0.0016971718358564725,1.856997911698448e-05,0.00010568658807047473,1.2294146591517123e-05,1.710433473767731e-05
42,3.3056406431768083e-06,7.515564042440266e-05,0.0003365237265145135,0.0013743488170247927,3.7696375726109863e-06,0.0010177885277089123,0.08535128910604209,0.002830197375159672,0.0007258964773125052,0.006611482621904036,1.3099793320186857e-06,6.423090491736676e-05,0.00044708669044065297,0.0001097419166747609,1.223026648139349e-05,0.7886032803319831,0.0006736998390560901,0.022507403474171406,0.0839571026344279,0.00012717038665797586,0.00465647993289945,1.2608704861716344e-05,0.0004403007167665137,3.251943687606001e-05,2.507721414708614e-05
43,9.799238122280271e-07,4.855461676198264e-05,9.577896011599797e-05,0.0006681754292798636,1.0638554038171644e-06,0.0010453579537197356,0.029593521538796637,0.0021309459914463005,0.0003364377393586618,0.006754817258699064,5.426587199062251e-07,2.6650570440670124e-05,0.00022035714929447142,3.0102505682041374e-05,1.628302722664627e-05,0.865000088799901,0.0003405578771810464,0.0049021834113031956,0.08736629586538769,7.032033322100045e-05,0.0012028384275966962,1.7863096809894558e-05,0.00010550019765678275,9.301524519665626e-06,1.5481287664868234e-05
44,1.5733634783040913e-06,5.721904208498742e-05,0.00011835412398397468,0.0007339502617268617,1.3906243030601728e-06,0.0007064574748363154,0.04730027354526877,0.0022022987441556573,0.00031514744878605096,0.003758859513531706,7.661463483916768e-07,5.151439773938275e-05,0.0003266357020026848,3.377253533265103e-05,1.3266053599266421e-05,0.8571545472570248,0.00046211249013246975,0.005883888539477507,0.07912013935522326,6.547093677472251e-05,0.0015400523242520788,1.8590875965548744e-05,0.0001044074423666195,1.222640728437474e-05,1.708539432060524e-05
45,2.13852899610812e-06,8.953948900807077e-05,0.0002964474833022166,0.000567667519833806,1.627977790909288e-06,0.0004417840472948661,0.03466912844834435,0.002016991803306975,0.00029263845505295,0.00612618975822816,8.33315797493206e-07,5.012774674351526e-05,0.00037509332184053806,8.305897849692776e-05,5.807091040928924e-06,0.871901485066961,0.0009423949744780718,0.010956187162388022,0.06654161859658475,8.184028907656354e-05,0.004315869315965785,1.4650244248417939e-05,0.00018120204199041835,2.3040817874573632e-05,2.263752535474322e-05
46,1.641365301528883e-06,5.6546966179965404e-05,0.00011150357763456719,0.0007190669649175572,1.3021392675491067e-06,0.0006545172152339557,0.04500782584203235,0.0021806393958370817,0.0002582605341431218,0.0032568610343174957,7.518619197274993e-07,5.445625510930578e-05,0.0003132436882594336,2.8366113133443253e-05,1.262772690587732e-05,0.8663714160523344,0.0005145718401873583,0.005271635744449492,0.0736008808444517,5.7203735205627655e-05,0.001386320934761297,1.8459139542882346e-05,9.483943743427293e-05,1.1169360755696365e-05,1.5892230684589482e-05
47,1.682942658878164e-06,6.658261564416639e-05,7.336361425680065e-05,0.000468821072203075,7.761291220264232e-07,0.0004969006867695888,0.04421715778107961,0.001993861096234921,0.00021882015111606,0.0022145925090352775,6.358053538139368e-07,7.286833304690488e-05,0.00035695395497734896,1.97213879169195e-05,1.1465429000991985e-05,0.883669882210757,0.0004313316138520264,0.003124057439129845,0.06162630638753793,4.1414393918377755e-05,0.0007958268301875528,2.8419473680631157e-05,4.5103398587683345e-05,8.189153836781583e-06,1.5265590095699962e-05
48,1.628761376447732e-06,5.201116136551902e-05,0.00013488231852189426,0.0007090874583170558,1.6580145207984948e-06,0.000744575118019637,0.04984082159489358,0.0020630468558609652,0.00037356030798370125,0.0037193044018052094,8.483875493756996e-07,5.531483780806377e-05,0.0003481827192940058,3.839144361551169e-05,1.400129197865487e-05,0.8607249172971764,0.00042906349415211656,0.006177014097174462,0.07268507127436553,7.945805002410585e-05,0.0016410138949198843,1.7824755069549238e-05,0.00011371149652608926,1.4835408363926681e-05,1.9775559317285442e-05
49,1.8687710209496547e-06,5.0960283549075915e-05,0.00014702349134692474,0.0006464659396394089,1.3021862281714806e-06,0.0007558581076675285,0.04360123454279249,0.002152460658296182,0.0002939869014626996,0.003494877541454464,7.705644641191691e-07,5.9460616800124596e-05,0.0003373618636479248,3.153173237565556e-05,1.1419283649988233e-05,0.8864587243582799,0.000492886241630572,0.00547077521662596,0.05445972612391548,7.136289166123702e-05,0.0013111032149506166,1.765422450442245e-05,0.00010122099048681687,1.2636293125903586e-05,1.7327960423239024e-05
50,1.2699524793629223e-06,6.850761123885821e-05,0.0001006599373646337,0.0007670164327899485,1.2544579083546864e-06,0.0008288985244956997,0.056919944628330374,0.002735356659184837,0.00040451880487535406,0.005106979637159561,6.952961530383784e-07,4.793356932601186e-05,0.000341391856443222,4.084455571334628e-05,1.4265379006286978e-05,0.8182627187852749,0.00038118325934790936,0.005828880588282409,0.1063139966594327,6.261211004799871e-05,0.0016244666075762482,2.48025428226387e-05,9.440919632893423e-05,9.904715849188356e-06,1.748823256820672e-05
51,1.6305453269069014e-06,7.796368475206462e-05,0.00011174299851664273,0.0009325651434976793,1.3264236947352632e-06,0.0006290773334655542,0.042606330829528374,0.002664115592251595,0.00031852396739953713,0.004442054967135915,7.607264257839846e-07,5.196956245923724e-05,0.00035199105825570686,3.65596140160563e-05,1.4915715087551981e-05,0.8479453975950542,0.00045387151792974006,0.005870543374627849,0.0919124732835546,6.040507989301741e-05,0.0013785074095807785,2.2347533744071172e-05,8.817676575247238e-05,1.0861323908080194e-05,1.588795414171964e-05
52,1.2852064672751953e-06,4.88304971281479e-05,0.00010058407290534585,0.0007863385210817043,9.377947360245005e-07,0.0008444860538333526,0.02888868871457498,0.0024309175930594747,0.0003146991700180144,0.006299439619243166,5.894142941175955e-07,3.082566363739871e-05,0.000270762263345085,3.172949073525965e-05,1.350753711387109e-05,0.8620247377125791,0.00032037237570765306,0.007445325100360054,0.0888050146006162,7.029105149152724e-05,0.0011343569340479848,1.7681805759221934e-05,9.711171679403926e-05,9.043423989154276e-06,1.244366648170505e-05
53,1.5798215297742944e-06,5.77485249672141e-05,0.00011931715486585061,0.0007407391285880052,1.392981536413562e-06,0.0007061463162927521,0.04648388216536831,0.0022033180466454446,0.0003139993409983779,0.0038257993434226575,7.671653657678618e-07,5.097540162529766e-05,0.0003280301763155886,3.3903022328374376e-05,1.328335221808466e-05,0.8573631114629361,0.0004650894367096496,0.005914747512313879,0.07961264445268641,6.576263155671425e-05,0.0015452135531016183,1.8660159102461038e-05,0.00010458124814604522,1.228053513637876e-05,1.7027066242867696e-05
54,1.5719950202278068e-06,5.720984828564069e-05,0.00011829858113488057,0.0007334532476311082,1.3897545384533205e-06,0.0007061023714905568,0.047276729066440565,0.002201390541125549,0.00031510796836736174,0.003758435388391379,7.655527408625715e-07,5.150785323388872e-05,0.00032643306219139656,3.3768128113787766e-05,1.3265734822552986e-05,0.8572278587927565,0.0004618642550858415,0.005878430878929573,0.07907990852692096,6.545547848107609e-05,0.0015388202880668373,1.8585956105470755e-05,0.0001043353841861184,1.2221999028516687e-05,1.708934691083408e-05
55,1.3959294633859337e-06,6.500338747943527e-05,0.00013229511114988562,0.0006979848709912622,1.074272060228017e-06,0.000723553663004186,0.030120856995440207,0.0026699682445657964,0.00024722025647884433,0.006358059310116865,6.854905927811825e-07,2.9273012278132462e-05,0.00028104421937366365,3.612334813871843e-05,1.383914724011273e-05,0.8623188449253515,0.0005129180199367853,0.0060297100885520274,0.08786211082678427,6.915428121911124e-05,0.0016869669498883108,1.9322032935133776e-05,9.941423192390771e-05,8.748579021832857e-06,1.443280601368495e-05
56,1.6724427445421717e-06,5.960638084620922e-05,0.00012193549570326521,0.0007491694072680845,1.4235378334759397e-06,0.0007008787135658783,0.04938834278823387,0.0022239938947830567,0.0003220092693881176,0.003708425095055299,8.007967760941777e-07,5.460398856785056e-05,0.0003523600463043675,3.489639464992017e-05,1.3388380950401728e-05,0.853359330205537,0.0004730299108912734,0.0060068663546835295,0.0806074766395507,6.690729633546893e-05,0.0015975307985082174,1.9594241308867862e-05,0.00010541937931135284,1.2820430252924467e-05,1.7518110950309105e-05
57,1.3135821224142994e-06,6.132699683342047e-05,9.683992257755543e-05,0.0006305464919213902,1.1309495460447856e-06,0.0005063067473266292,0.04482593883537244,0.0019378569962172092,0.0002528821560725022,0.003165214009150044,7.091110853562144e-07,5.234924348961412e-05,0.00035488487999222565,3.0759568383170284e-05,1.2455155827915403e-05,0.8499951307622848,0.0004416882468727949,0.0048071865392016605,0.09108213066438632,5.6227478823110734e-05,0.0015638497489055807,2.012912922576434e-05,7.562514639522088e-05,1.1039251977367327e-05,1.647838600929976e-05
58,1.5822188284562236e-06,5.922445253765848e-05,0.00012193235852290899,0.0007706166117044313,1.6970104789312173e-06,0.0007145414631542623,0.050966016793414816,0.0018671105636973852,0.0003596112015894617,0.0035749752813090956,8.213126000474988e-07,5.654172554565831e-05,0.00036349510788950324,3.594049089453736e-05,1.4328173206211537e-05,0.8514191481576795,0.0004647472419549159,0.005767374994186603,0.08152277156796357,7.487922818573041e-05,0.001668253994945315,1.8472675326599897e-05,0.00011969133102768378,1.6464106257641636e-05,1.9761937098984883e-05
59,1.524279223455372e-06,5.777554698221901e-05,0.00013730589089720434,0.0007191669353023921,1.5795905920869103e-06,0.0006928514195693098,0.04543707022402853,0.001902670310169569,0.0003388558434526448,0.003964738267044071,7.60223659299022e-07,5.1568531080922706e-05,0.00034011738300024206,3.832841503813916e-05,1.2854678254683507e-05,0.8656098751060722,0.00047840016922092945,0.005826341236171919,0.07243379777598881,7.727074650042882e-05,0.0017056766540731964,1.6989785786106386e-05,0.00011929942427889183,1.5733220124608943e-05,1.9448343488120255e-05
60,1.5733634783040913e-06,5.721904208498742e-05,0.00011835412398397468,0.0007339502617268617,1.3906243030601728e-06,0.0007064574748363154,0.04730027354526877,0.0022022987441556573,0.00031514744878605096,0.003758859513531706,7.661463483916768e-07,5.151439773938275e-05,0.0003266357020026848,3.377253533265103e-05,1.3266053599266421e-05,0.8571545472570248,0.00046211249013246975,0.005883888539477507,0.07912013935522326,6.547093677472251e-05,0.0015400523242520788,1.8590875965548744e-05,0.0001044074423666195,1.222640728437474e-05,1.708539432060524e-05
61,1.662369608733405e-06,5.972748927523358e-05,0.00014895180955917602,0.0007560303187779037,1.7019310595298842e-06,0.0007400381589017926,0.048158078955955315,0.0020022789482500745,0.0003677973517525184,0.004171513295999976,8.18160011323392e-07,5.3982785550641225e-05,0.00035764583379739454,4.1573185008077546e-05,1.2996539581085381e-05,0.8594630577387853,0.0004948170675667152,0.00637805362413775,0.07468306452544825,8.024990501574608e-05,0.0018418684839752474,1.762713056108231e-05,0.00012960514597713864,1.6634386151223966e-05,2.022485929289975e-05
62,1.5733634783040913e-06,5.721904208498742e-05,0.00011835412398397468,0.0007339502617268617,1.3906243030601728e-06,0.0007064574748363154,0.04730027354526877,0.0022022987441556573,0.00031514744878605096,0.003758859513531706,7.661463483916768e-07,5.151439773938275e-05,0.0003266357020026848,3.377253533265103e-05,1.3266053599266421e-05,0.8571545472570248,0.00046211249013246975,0.005883888539477507,0.07912013935522326,6.547093677472251e-05,0.0015400523242520788,1.8590875965548744e-05,0.0001044074423666195,1.222640728437474e-05,1.708539432060524e-05
63,1.499769513953025e-06,6.29702388545173e-05,0.00011010549473228734,0.0007391155470417368,1.3273422562839127e-06,0.0006594404599669238,0.04518446358469029,0.0021469084877188908,0.0003049186648201528,0.003800483854469124,7.332544172101291e-07,5.0975588210993136e-05,0.0003249436838186203,3.315356878316209e-05,1.350137578304923e-05,0.8559218600568147,0.0004647831290670291,0.005514520087698714,0.08297613982697113,6.221173903629518e-05,0.0014796072441177106,1.9270817335565314e-05,9.814650019426663e-05,1.198947435282591e-05,1.6930209334373778e-05
64,1.7023022942557775e-06,5.951528983147717e-05,0.0001403654019682015,0.0006918988764530221,1.5924633013388947e-06,0.0006600371800984064,0.05218288508625074,0.0021794455815045493,0.0003133828546499151,0.003709731116760421,8.819666973647758e-07,5.390247747767713e-05,0.00035667893500966646,4.084855765578131e-05,1.2064355505902521e-05,0.8457347386010071,0.0005422892056385358,0.006930668859606902,0.08392472134103211,7.116832825803435e-05,0.0022155391670387417,1.8054021706148584e-05,0.00012442727246721882,1.4486264769331627e-05,1.897449301731806e-05
65,1.7773658587978215e-06,3.179460610196495e-05,5.796013060844615e-05,0.0009761206337558722,1.420867732183216e-06,0.0011806075429190495,0.061313108537753874,0.002033474389463156,0.00015309452929193355,0.0018405643906334397,1.0303875897284107e-06,4.1893408090455275e-05,0.00022562317703075718,9.370853612690744e-06,1.7959688540778875e-05,0.7867075514306027,0.0005704071033337242,0.006136958312532686,0.13714747009148215,3.194246045098006e-05,0.0013638892502817396,1.413854292100763e-05,0.00012543078228123588,7.3026401397702505e-06,9.108876990984168e-06
66,1.5492599899407442e-06,6.13370909406656e-05,0.00010062657835540894,0.0008572079807689238,1.5999409709468527e-06,0.0008979289941462869,0.05010659065064188,0.0021552389256061467,0.00039635956139614294,0.004065624654676494,7.972345446907227e-07,5.234358320423511e-05,0.00026846277702995445,3.374730688943091e-05,1.6425971269170762e-05,0.8309408252892153,0.00047617962213776537,0.006023832511223704,0.10172437136624676,5.473583291969793e-05,0.0015765008868704343,1.9352226021684947e-05,0.00013548807306508145,1.3770165762976792e-05,1.9103516106523824e-05
67,1.594579247425926e-06,5.8546105322069044e-05,0.00011345930986208712,0.0007416200780953448,1.408972083895773e-06,0.0007243431849153555,0.04900875319955877,0.0022535204837824284,0.0003288801947171192,0.003716672522595397,7.872666525879541e-07,5.3578776938629095e-05,0.0003280032120400002,3.357777097795016e-05,1.3932445872037232e-05,0.8525022314558273,0.0004542266342921642,0.005764203484150859,0.08218501446657295,6.323531675636757e-05,0.001502047579751855,1.976171718542698e-05,0.00010116802117960378,1.202331272495802e-05,1.740990889760069e-05
68,1.660356317866624e-06,5.943961783034114e-05,0.00010539152368644728,0.0007354420180823222,1.2991892709368727e-06,0.0006871410108476803,0.04756851622068693,0.002456035074017648,0.0002814822208805129,0.003539723700906435,8.244097642100256e-07,5.051228128137341e-05,0.0003267855010554279,3.069866635183793e-05,1.3618509173914458e-05,0.8453514825815066,0.0004806749250200767,0.006064941866944074,0.09045983927925734,5.767188780687756e-05,0.0015842913512482168,2.067112472958461e-05,9.576385999818448e-05,1.0515733818806645e-05,1.5577089516410032e-05
69,1.9162470534881776e-06,6.662276524860445e-05,0.00010135495918571883,0.0009083847703245376,1.6655636239114945e-06,0.0008396463490593408,0.0548187822350182,0.002183694863206363,0.00035567177802404217,0.003439503663591482,9.006467348112165e-07,5.95685950849495e-05,0.0003548686604987105,2.7710773673555767e-05,1.7551130854176783e-05,0.8330167316395702,0.0004908576768650774,0.005255954748746199,0.0965241763755086,5.462686804656361e-05,0.0013265863222758822,2.3428533001227403e-05,0.00010001644604024264,1.2511377253572612e-05,1.7267011510496043e-05
70,3.3692019326162487e-06,9.510270797181415e-05,0.00026204684316046456,0.0019397204295264424,4.644781433193963e-06,0.0009976857247740313,0.0928104807810082,0.003252181420705545,0.0007365247589426061,0.004302678804086745,1.4679575835891361e-06,0.00010804497270211738,0.0006878377339378668,6.457387761294226e-05,2.4874643897395875e-05,0.8165438699788277,0.0005680500203699859,0.006477850000354649,0.06895314128652337,0.0001168663144719248,0.0018208889206352066,2.7289621141549086e-05,0.00014953988576665365,2.423104539387298e-05,2.7038287239376867e-05
71,3.4788037057346493e-06,6.078523690620006e-05,0.00010019393531121119,0.0011664038830218495,1.0071550176085632e-06,0.0012185917971257025,0.03975026422996229,0.0027388136373740087,0.00021919540936757385,0.0035277413295073407,1.0419434442742834e-06,5.6574131963492845e-05,0.00034271463046158223,1.4185485174935537e-05,2.2219711540354745e-05,0.8295047063181104,0.0006257218079204213,0.004948772743005385,0.11463777594766307,3.1372516480482165e-05,0.0008891050836127086,2.9489645950462595e-05,8.958973603708587e-05,8.023583180017778e-06,1.2231298155869492e-05
