,0,1,2,3,4,5,6,7,8,9,10,11,12,13,14,15,16,17,18,19,20,21,22,23,24
0,0.002952231025034639,9.14789425729394e-05,8.165056315975345e-06,0.01654083181959263,0.001218368130116926,3.822501817662611e-05,0.0002812822827760843,0.007364278832129649,9.79552494552254e-09,0.005927523125073348,6.824263602106683e-05,0.43496510941598915,4.508467556212097e-06,0.0041705663020946224,1.3478829783710436e-05,0.05945674572313661,0.013554555979479565,0.00824598852648073,0.0020734399446944458,5.269540431539745e-05,0.23958003499232125,0.015192783847462638,0.18774801033242014,6.849700522244684e-05,0.00038294856570827214
1,0.0028189434707832275,5.926899965255396e-05,1.541914615490442e-05,0.012418404716994428,0.0015172781985471145,8.277018861258667e-05,0.00046168351176191914,0.009302013221419657,2.8667304251221153e-08,0.007609589917656592,8.759418811871841e-05,0.4945475283436431,6.409853300893465e-06,0.0044073205895374555,1.710258798496463e-05,0.14667062783934612,0.0074442091440898766,0.00509889712477125,0.003841476166941177,0.00011259404348985958,0.17282444368350222,0.013910966362443508,0.11645025614377125,5.024515643807139e-05,0.00024492873373414104
2,0.003353685666599178,8.581061773491938e-05,1.2222643457409423e-05,0.013060358323108485,0.0015133683318598798,7.349391445052983e-05,0.0003974427066517032,0.008048663136226635,2.0519662646798666e-08,0.005934006266760908,9.217802706121804e-05,0.4760932182554089,7.726299035220909e-06,0.00460418935989478,2.2553807480019968e-05,0.11255375152931005,0.011222834583601833,0.006109358340308819,0.002863227415084919,0.00010102665284549669,0.14976437429101463,0.017484369232493205,0.18625528533105054,6.569720617809407e-05,0.0002811375427199981
3,0.003041252779801433,6.910366782866014e-05,1.2770171387070117e-05,0.013788293533185255,0.001449973593679483,6.140305276087287e-05,0.00041057903014521066,0.00813308216883857,1.641780802971539e-08,0.005774305176850631,9.590538479075259e-05,0.5389586589721662,7.349360618435515e-06,0.004191377771449808,1.37435799613251e-05,0.08879524644966806,0.01021721649180995,0.007075366782207083,0.0025071254656968958,9.417329069613303e-05,0.15418297401885098,0.01409611742547459,0.14672795136100455,6.493250651825686e-05,0.00023108154680180398
4,0.002896664470429122,7.115655201599957e-05,1.3652212684101322e-05,0.013176536894535006,0.0016207127867557982,6.483212773533277e-05,0.0003974489812949256,0.007539204694743537,1.7052645305111223e-08,0.005637246401008535,9.445380041134464e-05,0.5623495028799393,8.79873101593143e-06,0.00469020866112655,1.3790148121425041e-05,0.08542979334173992,0.009750585236818942,0.00692649962841709,0.0024465810215690462,9.395035856437687e-05,0.1410551889606975,0.014045205188124363,0.14140185226098234,6.45732199387287e-05,0.00021154438868554253
5,0.0026995372469215914,7.38077576432782e-05,1.1210142361623638e-05,0.017691125168466996,0.001488359091250269,5.9525851108896e-05,0.00040631024344593903,0.008780055506002324,1.351977117558474e-08,0.006558169918427608,9.790870021656878e-05,0.49442081365094664,7.754468050307292e-06,0.004083311986109592,1.1578982714440181e-05,0.08027900565294659,0.010831862542450854,0.009100764622307958,0.0021817351998851095,0.00010024010804448287,0.17261073884592587,0.013377933968189556,0.17482157707024717,7.432663958211162e-05,0.0002323331169830676
6,0.003041252779801433,6.910366782866014e-05,1.2770171387070117e-05,0.013788293533185255,0.001449973593679483,6.140305276087287e-05,0.00041057903014521066,0.00813308216883857,1.641780802971539e-08,0.005774305176850631,9.590538479075259e-05,0.5389586589721662,7.349360618435515e-06,0.004191377771449808,1.37435799613251e-05,0.08879524644966806,0.01021721649180995,0.007075366782207083,0.0025071254656968958,9.417329069613303e-05,0.15418297401885098,0.01409611742547459,0.14672795136100455,6.493250651825686e-05,0.00023108154680180398
7,0.004078007481207742,0.00011459991541187188,1.8229080895449154e-05,0.015335435846799727,0.0010528422739210185,5.3490426419713245e-05,0.0007736835555212861,0.009620765030403473,2.167930339924033e-08,0.005622687214135133,0.00016216110324763965,0.6295490029324442,1.948901655544646e-05,0.0038388719239308903,1.1739196998643266e-05,0.06233795927256525,0.012679663857354511,0.010737061442889665,0.0020626963115659824,0.00019515786894942517,0.09772062372618111,0.014993659299921285,0.12871267469518777,0.00011184105701147347,0.00019763579117791755
8,0.0034642425115660046,7.909333426254751e-05,1.497121392991649e-05,0.021149487970019552,0.0014596386390174677,3.9478492037289626e-05,0.00042694170134725996,0.01141606633422817,1.4231953809653252e-08,0.008576345526718902,4.825720131453017e-05,0.4346129815279865,8.102221970396334e-06,0.004356755128584421,1.2765308576518598e-05,0.11748376485757019,0.013060109579518689,0.00587271778390049,0.002163389843193438,0.00010271150764545605,0.15834710208308972,0.011670631787796698,0.20510341878063867,0.00010727309358562224,0.00042373933954765547
9,0.003607310564728468,8.780727799969281e-05,2.1934236619009194e-05,0.023923137222394076,0.001457306461748973,3.4020319903308904e-05,0.0005439850332969196,0.014016585733698954,1.7374744466815663e-08,0.008408228053344865,6.16050644233851e-05,0.5264070533684745,1.4129518804084733e-05,0.004034571043594895,9.890200049399785e-06,0.09446242327709994,0.015016917887015776,0.00701245599968281,0.001985587125679762,0.00016073468492370374,0.1259436491988831,0.010583499802258586,0.16169092596711004,0.00014854531962270169,0.00036767926389862207
10,0.003041252779801433,6.910366782866014e-05,1.2770171387070117e-05,0.013788293533185255,0.001449973593679483,6.140305276087287e-05,0.00041057903014521066,0.00813308216883857,1.641780802971539e-08,0.005774305176850631,9.590538479075259e-05,0.5389586589721662,7.349360618435515e-06,0.004191377771449808,1.37435799613251e-05,0.08879524644966806,0.01021721649180995,0.007075366782207083,0.0025071254656968958,9.417329069613303e-05,0.15418297401885098,0.01409611742547459,0.14672795136100455,6.493250651825686e-05,0.00023108154680180398
11,0.0030475801913668037,7.326595430651774e-05,1.3109530539602714e-05,0.014134108980247,0.00146670759760925,6.145777042928709e-05,0.00041958100587769913,0.008185443698665772,1.689897531604922e-08,0.005824292493535998,9.797945844666162e-05,0.5483568267963391,8.422749371368886e-06,0.0043133528775890825,1.355265836044366e-05,0.08521359634175896,0.010414119256229504,0.007386128895343608,0.002455249972720106,0.00010012127378140576,0.1469854019473522,0.014223708848633158,0.146910486398568,6.794408879829267e-05,0.00022754431515490558
12,0.00364185846241388,6.550257146361663e-05,1.7589622102859434e-05,0.014612220628941096,0.0011542074792896782,6.223876293265513e-05,0.0006326856018417548,0.012570216217866222,3.2161379501079516e-08,0.006829495796092772,0.00011755121054903364,0.5181928437350249,7.086254305903643e-06,0.0033631093355389764,1.7577830077885915e-05,0.11675693810311216,0.010289658947885099,0.005675492330313227,0.003653374083212346,0.0001404546092405687,0.16965497419532563,0.013281729838549992,0.1189101099974597,7.082222982347912e-05,0.0002822299952569651
13,0.0021948404235084358,4.129921070429349e-05,1.111496189762945e-05,0.007177085036148035,0.001132817369698837,3.2773053443825015e-05,0.0002255702620195458,0.005003229059114658,1.2519352224655616e-08,0.0017620513494785697,0.00011517795940794951,0.7456149002077845,5.2124103672870665e-06,0.0037173578311089713,1.1631142722381743e-05,0.03447567310835428,0.008743277632723704,0.0036308536899178293,0.002113300572483565,5.235598344423544e-05,0.10295128846564072,0.011884689413017758,0.06895236248640661,2.8330146910921733e-05,0.00012279570434313355
14,0.0014473517114702154,0.00037630588698011393,9.904195853691995e-06,0.02286984124782668,0.0031412194925564737,0.00013034443784511803,0.0006400824060588748,0.017305421270419567,2.391936759329351e-08,0.04534063281547878,0.0001372501757722345,0.314804390210008,3.187204233195583e-05,0.003838472297519184,1.3819699786183455e-05,0.12384776619223742,0.010780368644098702,0.021499475923475696,0.0038051106356118986,0.00025078508353108586,0.2413601771628826,0.025216105543415402,0.16279163979379815,0.00020325702903419433,0.0001583821826402401
15,0.003041252779801433,6.910366782866014e-05,1.2770171387070117e-05,0.013788293533185255,0.001449973593679483,6.140305276087287e-05,0.00041057903014521066,0.00813308216883857,1.641780802971539e-08,0.005774305176850631,9.590538479075259e-05,0.5389586589721662,7.349360618435515e-06,0.004191377771449808,1.37435799613251e-05,0.08879524644966806,0.01021721649180995,0.007075366782207083,0.0025071254656968958,9.417329069613303e-05,0.15418297401885098,0.01409611742547459,0.14672795136100455,6.493250651825686e-05,0.00023108154680180398
16,0.00393537568938305,9.733681761480954e-06,7.729754527971038e-05,0.0012748311377860236,0.0018530812739118436,1.4275853047271216e-05,0.00018563408742415895,0.002378647288497522,2.0965822736888836e-08,6.239708140338022e-05,0.00010479711122144403,0.867898949776224,2.6720288900566137e-05,0.001538280112369157,2.4948650917979316e-05,0.016150209810202577,0.015084126147652092,0.0002759456298599956,0.0005319995055405137,5.214463833228978e-05,0.0014448203474618777,0.0028131473776527045,0.0841471659954402,8.298840149187547e-05,3.2461602415384015e-05
17,0.002945334558169421,6.767569041129353e-05,1.2227595241140745e-05,0.014893076854102528,0.0014142119966654508,5.883603415929684e-05,0.00040012009001830505,0.007766951595504371,1.4760836054699544e-08,0.005528460941949593,9.226855519173195e-05,0.5426827489545696,7.588489231528154e-06,0.004474981329299685,1.2212639599437741e-05,0.08281228853257767,0.009753199007990156,0.007390893125809142,0.0023040224918302195,9.474951474927589e-05,0.1497467206623258,0.013386150775725187,0.1538611736059894,6.196659829815816e-05,0.00023212559975532954
18,0.004297746885880829,9.246908079815908e-05,1.1103913725832993e-05,0.012996124333197807,0.0009926737955027714,3.351885145695135e-05,0.00036418501179059974,0.00781339325282623,1.1773961429052988e-08,0.0055593838925086375,7.063625683961027e-05,0.5806203460610554,7.746008977368818e-06,0.0033015207493716347,1.0860759089928357e-05,0.05348464501256561,0.018003722450446995,0.01047362553212124,0.0017856325896321282,6.95740576372528e-05,0.14659900843633586,0.017764465172329033,0.13523521412900277,9.88848069738642e-05,0.00031350718597219026
19,0.0022235275196254936,5.4950368440717335e-05,1.5175384941274202e-05,0.012670131860045206,0.0017541479851562402,4.786954280814491e-05,0.0003131296760156085,0.008682628929856672,1.6447433041468395e-08,0.005096081304653305,7.843406475468851e-05,0.6539782369274225,9.129006971783575e-06,0.004165806618423977,1.0137883506998933e-05,0.06669782832259899,0.009568986683052163,0.005442810329337813,0.0023227062417922727,9.565604794504863e-05,0.11619756014553775,0.013155720645099159,0.0971938031571556,5.635756494373241e-05,0.00016916734248181237
20,0.002437144877856072,8.233772367429861e-05,1.2360260704516796e-05,0.014187794023093572,0.0018391827099445035,4.6005709757088006e-05,0.0002984826899503389,0.012679565495937213,1.973254742986718e-08,0.006638488368345091,8.060110701224214e-05,0.5446980502679246,7.480076752878108e-06,0.0038271190826303816,1.6468473562168157e-05,0.0690281981495723,0.01476341077180584,0.006293381938723109,0.0031331848540284203,8.977593383967041e-05,0.17232911483867228,0.02164275250635997,0.1255677512766483,7.158389873752746e-05,0.0002297452319201739
21,0.003039243441961206,0.0001686756685110371,1.2480237575340345e-05,0.011604040987410736,0.002845283909489721,3.388696565445732e-05,0.0002698545760951556,0.03302487070407791,4.1849693646126816e-08,0.005799507642589911,0.0001652518532064884,0.2850862244329314,3.0123686161538384e-06,0.0021073836382043435,6.45681999824553e-05,0.032656969937201595,0.05205767317699726,0.006818966777438263,0.006928259535954879,4.199021207866883e-05,0.3479331553253649,0.05801279092445932,0.15078977590450932,0.00018095424356978095,0.0003551374864261118
22,0.003059667852217956,6.282200965224148e-05,1.2884929175360508e-05,0.013155928340220632,0.001325143488684459,6.75928553627198e-05,0.0004448129628132321,0.007557978937795573,1.5995205272482884e-08,0.005330501265568756,0.00011852613047370184,0.5261140424982707,6.060366616250749e-06,0.0040946719666802136,1.3141331281386341e-05,0.0896662070749052,0.009632708972640257,0.00830937019099736,0.0025075556870877394,9.678511368669029e-05,0.183418475040227,0.014499121119475137,0.1302459146718369,5.93459387199813e-05,0.0002007252604053804
23,0.003041252779801433,6.910366782866014e-05,1.2770171387070117e-05,0.013788293533185255,0.001449973593679483,6.140305276087287e-05,0.00041057903014521066,0.00813308216883857,1.641780802971539e-08,0.005774305176850631,9.590538479075259e-05,0.5389586589721662,7.349360618435515e-06,0.004191377771449808,1.37435799613251e-05,0.08879524644966806,0.01021721649180995,0.007075366782207083,0.0025071254656968958,9.417329069613303e-05,0.15418297401885098,0.01409611742547459,0.14672795136100455,6.493250651825686e-05,0.00023108154680180398
24,0.0022745931637388984,6.985383921746222e-05,1.1077488077717098e-05,0.018056550442479526,0.001658655240959396,5.8293044607366905e-05,0.00034874113459255803,0.007876811436194009,1.220696198700396e-08,0.006298934001202665,8.435940416157038e-05,0.544600822013461,8.862637855898562e-06,0.005145849677859135,9.404019917173576e-06,0.07734786190201734,0.008536386069426109,0.0078377159082616,0.00227978395633007,0.00010199917576052154,0.1524570490230272,0.01227405164199176,0.1524012601796655,5.4918043845836655e-05,0.0002061543483876118
25,0.0027216395267254515,5.940799939260828e-05,1.3640361226448537e-05,0.019191765649497917,0.001087525830090229,3.658547326573208e-05,0.0005024005106010902,0.011899882151577775,1.4324626915655474e-08,0.004326854693260464,0.00013708112894205728,0.6077244751775802,8.811859576223252e-06,0.00345560276627115,8.312500312547835e-06,0.0543226115696253,0.011444571277283728,0.008018923337590064,0.002250980132397978,0.00014108472657016258,0.13906915905896547,0.011766667497377606,0.12157224941135401,6.642600537118852e-05,0.000173327030517634
26,0.004731067872700044,8.040990143704476e-05,1.7392144045734608e-05,0.01477779318685465,0.0012088912882330285,3.980995474055627e-05,0.0005263729172814142,0.011302148507486804,1.7743481173675367e-08,0.0056531121830203385,0.00010387039332310161,0.5734127165185199,1.0854317101217696e-05,0.002600791518888943,1.2237564785133886e-05,0.060662751561130226,0.021810702428080954,0.01115686157117164,0.0017935999342180474,0.0001050891383555861,0.12817646252083342,0.015261653909654527,0.14613105420731073,0.00016635818283639633,0.000257980534509428
27,0.003604145880961306,7.882182622162716e-05,1.5176256124083493e-05,0.013275398640036315,0.0013922079364402035,7.744591512170236e-05,0.0004752262314658263,0.011164697821069462,3.130246787326479e-08,0.007850146849660003,9.414764520406097e-05,0.48650528636055534,6.590194943119384e-06,0.0037728581146207166,2.1739153843838676e-05,0.11910802149350469,0.011361783442405212,0.006643030439743017,0.003357212168947217,0.00011893873445970366,0.17311260017589247,0.020313614198182884,0.13724912916928797,7.272103617728945e-05,0.00032902901266405144
28,0.003041252779801433,6.910366782866014e-05,1.2770171387070117e-05,0.013788293533185255,0.001449973593679483,6.140305276087287e-05,0.00041057903014521066,0.00813308216883857,1.641780802971539e-08,0.005774305176850631,9.590538479075259e-05,0.5389586589721662,7.349360618435515e-06,0.004191377771449808,1.37435799613251e-05,0.08879524644966806,0.01021721649180995,0.007075366782207083,0.0025071254656968958,9.417329069613303e-05,0.15418297401885098,0.01409611742547459,0.14672795136100455,6.493250651825686e-05,0.00023108154680180398
29,0.003041252779801433,6.910366782866014e-05,1.2770171387070117e-05,0.013788293533185255,0.001449973593679483,6.140305276087287e-05,0.00041057903014521066,0.00813308216883857,1.641780802971539e-08,0.005774305176850631,9.590538479075259e-05,0.5389586589721662,7.349360618435515e-06,0.004191377771449808,1.37435799613251e-05,0.08879524644966806,0.01021721649180995,0.007075366782207083,0.0025071254656968958,9.417329069613303e-05,0.15418297401885098,0.01409611742547459,0.14672795136100455,6.493250651825686e-05,0.00023108154680180398
30,0.003041252779801433,6.910366782866014e-05,1.2770171387070117e-05,0.013788293533185255,0.001449973593679483,6.140305276087287e-05,0.00041057903014521066,0.00813308216883857,1.641780802971539e-08,0.005774305176850631,9.590538479075259e-05,0.5389586589721662,7.349360618435515e-06,0.004191377771449808,1.37435799613251e-05,0.08879524644966806,0.01021721649180995,0.007075366782207083,0.0025071254656968958,9.417329069613303e-05,0.15418297401885098,0.01409611742547459,0.14672795136100455,6.493250651825686e-05,0.00023108154680180398
31,0.0028680408276553953,8.617490587247864e-05,1.596485322584444e-05,0.019102121048453866,0.001667431216583294,3.803386954040146e-05,0.00040781302781764514,0.01335566334867656,1.5587027496388827e-08,0.007929348012986684,6.73041166372286e-05,0.5667781126885103,1.107240184377276e-05,0.004163493577279705,8.874142000279203e-06,0.07374158647114235,0.013730497921987828,0.008001472006152026,0.0025454394109674463,0.00012233292893734676,0.14066678746160247,0.015073316986899432,0.12927303188015382,9.795833844459833e-05,0.0002481129696019244
32,0.003044503949507963,6.986251610378764e-05,1.3007427958578397e-05,0.01322643133645402,0.001498487795963046,6.322215149587857e-05,0.00039928608661382174,0.008462036708163975,1.854056717350604e-08,0.005927401100016152,9.527224786128318e-05,0.5327132883202875,6.959597160350013e-06,0.004227698222295666,1.515973109671632e-05,0.09271938277957235,0.01031222464682951,0.006667332194039759,0.002854882654971994,9.173976064924156e-05,0.1634644611236385,0.014970750090418261,0.1388561136624273,6.196695047384333e-05,0.00023851040543316717
33,0.0031262298777043978,5.303772058368522e-05,1.4176779411973807e-05,0.014555107502916644,0.001180936644381055,7.166017763045786e-05,0.0005100070711320094,0.008386568479604496,2.177304001124396e-08,0.006272387261253218,0.00010310440363820316,0.4900206586201449,5.472142416023307e-06,0.0036818356797226437,1.5074011683437853e-05,0.11585623844159645,0.008229922790730697,0.0061347463998661705,0.002628871972328484,0.00010163443357320102,0.18141055018814808,0.010577744755440766,0.14671474212544824,5.936824013577077e-05,0.0002899025074691141
34,0.006369653334142569,6.504438518971085e-05,2.1370358835481413e-05,0.0076393113541834735,0.0011878629709292882,9.590100153721057e-05,0.0006565190363165971,0.009436427444827578,7.68251232873868e-08,0.006458601498175213,9.367475938899313e-05,0.5527727511286239,6.441921765594e-06,0.00426932709811791,3.122028056533867e-05,0.1501817772434402,0.008096537100660191,0.004104067057998924,0.00660060676667417,8.798532410055083e-05,0.15030299836534766,0.016670860811839328,0.07441764668782387,5.221978159634838e-05,0.00038111746279674433
35,0.0049225746149965475,8.034309715531267e-05,1.3431574293266389e-05,0.018039052303722686,0.0008995664999607254,3.184182319815302e-05,0.0004858510498216896,0.01932769862297794,2.8393415970877676e-08,0.009945104621248028,7.156798755574312e-05,0.5554367361419501,6.860114505012377e-06,0.002269446897419902,9.1030320068818e-06,0.05511678179156029,0.019182040127872998,0.01199089073950815,0.0034641448021652628,9.766074026036373e-05,0.20113010997824182,0.019121242176251635,0.07781580455899184,0.00011136483391656165,0.00043075347700301865
36,0.0026604507781260297,7.559861988170824e-05,9.199336913252942e-06,0.020883535596229838,0.0009610439302166847,0.0001664097448963654,0.0009343901127406704,0.006065280694639497,1.4208063433741e-08,0.007600253029417262,0.00022580178872487616,0.27295090030189534,5.419458262329854e-06,0.004207631507224978,1.3161055763644944e-05,0.13850534186994012,0.004621673593876119,0.015337473372909638,0.0017017268163227485,0.00017996124206476558,0.2122862717203087,0.010864950629180267,0.29947498292611935,6.34410032785945e-05,0.00020508666300382555
37,0.005511756791296165,6.284542123883822e-05,1.3315082353164868e-05,0.01023625099305944,0.0009403820430954048,4.359697471553391e-05,0.0005306893560593271,0.004912731775099576,9.698903741124008e-09,0.0030849224845919307,9.690408592811433e-05,0.6375598420921761,7.674883162851032e-06,0.004820138316652729,9.185897493260292e-06,0.07092607908974095,0.009769622747672766,0.007776937508782204,0.00192809911167193,7.289270877834252e-05,0.1029835641656668,0.011666965118046962,0.12679458023390275,6.146182805553328e-05,0.00018955159185552202
38,0.004439929696697487,6.48703784501852e-05,1.1445387100660642e-05,0.008521833006569678,0.0010953045336012806,0.00014194899491933995,0.0006679628765647533,0.004634847628770904,2.073778999534707e-08,0.005243567323468226,0.00014307563506178554,0.42285843467680007,5.117021323890804e-06,0.004499525289615326,2.4048803114105632e-05,0.1764683191405829,0.005908099317207339,0.0068128519075495,0.0028212252092588226,8.785952202395728e-05,0.15992548471014195,0.013397327509767501,0.18196809049833418,4.908387177265067e-05,0.0002097263235138388
39,0.001946001216876119,3.5291766821530025e-05,1.22301394524135e-05,0.01491770867092171,0.0015754857475560504,7.618566193733294e-05,0.00032878020697140614,0.009581048562713265,2.073541741719897e-08,0.006964734168548549,7.753514864489561e-05,0.46788035781607207,3.8122928071607954e-06,0.003588417550909689,1.2496037929614616e-05,0.13591793719947964,0.00630148557136634,0.004522009835224208,0.0033064855223858664,9.38673243904767e-05,0.2186272986142177,0.009799033776574324,0.11416839732413564,3.703716455700135e-05,0.00022634194408954568
40,0.0030871545671282046,6.887558694995357e-05,1.2776100753809258e-05,0.013370561716413208,0.0014397627162199276,6.143935169847035e-05,0.00040672694686727366,0.007891725962241972,1.6364436785860724e-08,0.005590852894738185,9.61181872714918e-05,0.5443167067993665,7.214872902769515e-06,0.004243923264253332,1.3881007406140491e-05,0.08764712444015549,0.0101435320128341,0.007003254858615281,0.002509895525722941,9.162091753195193e-05,0.1531550328236673,0.014255253604068444,0.14429267543077737,6.337955813345244e-05,0.00023049448984556367
41,0.0025256919252790097,5.6786474667825195e-05,1.7591780630482264e-05,0.012285806979912502,0.0022048544907408946,8.066145629541396e-05,0.0003605176749678594,0.009352107518144278,2.760111097059243e-08,0.0076120092380707535,6.805322092830134e-05,0.47271079015771805,6.251231494067276e-06,0.004743633950537969,2.138844031330912e-05,0.15556146123974576,0.008339788105661567,0.0037858099790916075,0.0035328293046940633,9.012340638554035e-05,0.17244851854802087,0.012878905352547073,0.1309851507146711,5.934132790784703e-05,0.00027189988046271227
42,0.0033605660701287584,5.660061528681258e-05,1.1103933139035062e-05,0.015906935133785195,0.001147748968813503,6.056754066511973e-05,0.00044857521396775643,0.002638198266920357,6.287949554508312e-09,0.003285284181862223,9.468648567379093e-05,0.6462425896476393,1.799069975048533e-05,0.005563860728724097,4.6892142040921735e-06,0.041031357338613544,0.005803601807753206,0.012676898189082296,0.0006825529684616541,6.880527948927844e-05,0.06543395686477022,0.004225232047665011,0.19097721346763497,7.541022208375809e-05,0.00018556882593607688
43,0.0031795767205236155,6.882701608017748e-05,1.3148774729771672e-05,0.013649998210273753,0.0013892803047217846,5.836284016045217e-05,0.0004229799334396654,0.007849379103568952,1.585963876254143e-08,0.005331825426279637,9.733944827691782e-05,0.5548355490203737,7.686838557952504e-06,0.004247740270568748,1.3239345680616596e-05,0.08477941718762924,0.01030542893772374,0.007045401916885615,0.0024057025094615307,9.506507381578718e-05,0.1439202033164549,0.013632374500655837,0.14635781278681806,6.536588960891417e-05,0.00022827876807191485
44,0.003041252779801433,6.910366782866014e-05,1.2770171387070117e-05,0.013788293533185255,0.001449973593679483,6.140305276087287e-05,0.00041057903014521066,0.00813308216883857,1.641780802971539e-08,0.005774305176850631,9.590538479075259e-05,0.5389586589721662,7.349360618435515e-06,0.004191377771449808,1.37435799613251e-05,0.08879524644966806,0.01021721649180995,0.007075366782207083,0.0025071254656968958,9.417329069613303e-05,0.15418297401885098,0.01409611742547459,0.14672795136100455,6.493250651825686e-05,0.00023108154680180398
45,0.002771638011350748,6.675141714791662e-05,8.020754308769227e-06,0.01701011103960083,0.001011359725424703,6.0880297364328175e-05,0.0003295647789798506,0.004776481811828147,8.505356655790788e-09,0.00542474283879596,8.700422394779612e-05,0.47029068226264004,4.326044804012345e-06,0.004753025555688454,8.72350252545986e-06,0.07122590116157967,0.007900110714721225,0.011205033228935922,0.0017113595572737451,7.028210119393629e-05,0.21704518415417767,0.011747661404372486,0.17213301145334536,4.4698288505009784e-05,0.00031343716613098626
46,0.003140151888808979,7.172720899335784e-05,1.2628110438949483e-05,0.01404170580645955,0.0014437016260312441,4.3472129726372724e-05,0.0003455495467622915,0.009338851002347848,1.4948716651954095e-08,0.005183136072000344,9.031164337391257e-05,0.5740872098758897,7.994369749784469e-06,0.003476130133908879,1.3062501173279714e-05,0.06640734981743805,0.01479081712267933,0.007304292904676634,0.002314387432455431,8.64190301509518e-05,0.1471120714194801,0.015023178095192597,0.1353534100027218,8.011664585244936e-05,0.00023231066497138758
47,0.005522895886121273,6.789752754286702e-05,1.1717531258584137e-05,0.007349938211211362,0.0007140341949904597,4.986306261367217e-05,0.0004324586294972668,0.005427055792788201,1.529587183880192e-08,0.003936315882722437,8.562349194639194e-05,0.6539674471152522,5.717268660155973e-06,0.0031979738252503717,1.2670580344877695e-05,0.0817830747450509,0.010606698141985383,0.0071692506232263874,0.002302633196192434,8.422384670359483e-05,0.11247785633916044,0.019643793451097572,0.08487152284901157,5.0257934608204315e-05,0.00022906457689139624
48,0.0028694597536086342,5.890476012621245e-05,1.3052430043727304e-05,0.013942511600058046,0.0013708281026308111,7.018182215215996e-05,0.00043023708906972613,0.007156014600867847,1.6082730070998936e-08,0.005512172039954145,9.972200415125785e-05,0.5385830225257792,6.81389942303933e-06,0.004293047976245622,1.2737119741256397e-05,0.0964205917271197,0.008319077699251222,0.006927381167143618,0.0022550421169989805,0.00010068755762639788,0.1505351092584843,0.012222274586380965,0.1485189883690421,5.6779463384761165e-05,0.00022534624798621158
49,0.002287857528783023,5.128525635725977e-05,1.271570785666778e-05,0.011175586895337045,0.0014633244573303394,6.900179947259056e-05,0.0003233276970654947,0.006217397503131884,1.5388744284675205e-08,0.004482422029796006,9.780323593306836e-05,0.621778310475228,6.794016933780313e-06,0.0042290480728370385,1.1593923480023966e-05,0.07469135165278028,0.007789027380369784,0.0064614833681219935,0.0020469668543964523,9.287211541405052e-05,0.12890928691811546,0.01408679916698356,0.11350436783216301,4.37643600172945e-05,0.00016759636335136345
50,0.0037367741142385045,8.676068740993619e-05,1.553986598660607e-05,0.013816412024043616,0.0015104125936317417,9.047816977221443e-05,0.0006647211297344307,0.011340496956519003,3.189980317202517e-08,0.011959271353564026,6.93265025775734e-05,0.425299392994026,7.712923013203844e-06,0.0058594866553304545,1.6611544734532944e-05,0.1971673530916619,0.00644180959263518,0.005921847336821019,0.005001825164287654,0.00013064828180951824,0.16319606071031617,0.018541765871303025,0.1287590956165781,5.870919818916854e-05,0.00030745572201333653
51,0.002846109804142199,6.856265978785408e-05,1.1693334644411831e-05,0.015454102601604777,0.0013554571218048171,5.598233757963638e-05,0.0004181041675605152,0.008364643570506619,1.4483156329863505e-08,0.005726339098569449,0.00010046116505241955,0.5485643922111733,7.181419089145273e-06,0.004327881083055999,1.1194002833180984e-05,0.07120582759129515,0.00977897572870475,0.008319945956112164,0.0023516178408616926,9.160452266621014e-05,0.16600652907095773,0.013961801716596289,0.14069184641266097,6.122941116782874e-05,0.00021850268841660893
52,0.0033244081768812168,7.562852011175162e-05,1.179756973450782e-05,0.014963683733245001,0.0011887307951280726,0.00013582508533959114,0.0006546167713662885,0.005812573269310931,1.856654862954091e-08,0.007032698071808034,0.0001463867731810471,0.48187809460416964,9.625812116229491e-06,0.004733253635688194,1.3056590324216727e-05,0.10740105323292276,0.00684743652624366,0.014214411094445288,0.001788585138583302,0.00014670721598614882,0.1439642055155106,0.015217866260025616,0.19016971619342093,6.662018219979337e-05,0.00020300066570871033
53,0.0027736346064887803,6.602665577846278e-05,1.2122230658641066e-05,0.013326361601661096,0.0016027616256392664,5.4501715223013544e-05,0.0003386315633718917,0.00818434328228055,1.4966359031594145e-08,0.005643739308188095,8.430829047952778e-05,0.5627475170383348,7.074058687475073e-06,0.004152637892752544,1.2712291378104382e-05,0.07956001439097476,0.01063291165976342,0.006561510192513648,0.0025591167945789033,8.073738105111046e-05,0.15539204852066885,0.014005595169608314,0.13192003452173945,6.131609841982441e-05,0.00022032814340047278
54,0.0016597800155424014,4.729665651296778e-05,1.0445536925567523e-05,0.01780428540238938,0.002756788327926465,3.513507576509518e-05,0.00022951702596453891,0.014925090553382987,1.1485037954905465e-08,0.004175513042580954,0.00013807471017310985,0.5854026694561858,8.269752289604548e-06,0.0023975014837544183,9.494303469902844e-06,0.0340856295830112,0.020525174323936076,0.00839372549951535,0.0024057885358443835,6.67516327853922e-05,0.16305075704010835,0.012274447607051056,0.12939644254759516,9.526720654662409e-05,0.0001061431957050676
55,0.002412424121613855,7.610418419245349e-05,1.0882470157915204e-05,0.01350181634508227,0.0021260975593716367,8.016391615354671e-05,0.0003507309213687444,0.008368127272236275,1.5631136686029318e-08,0.006826614350628424,9.335205159179209e-05,0.3883500668199183,5.02251408960356e-06,0.005009027891452373,2.086005891256081e-05,0.1244351935942619,0.009141666326885388,0.0058164200285202635,0.0032311220377107966,7.400751885546288e-05,0.21631366176791347,0.016222320177706365,0.19724838931081592,6.026016950817234e-05,0.00022565295991575196
56,0.003057067753172262,7.299212271525473e-05,1.3441802668923756e-05,0.013811569803299891,0.001493872641232074,6.062808984978553e-05,0.00041387545436894776,0.008212933028587372,1.7270169374157875e-08,0.005750629252468307,9.762577807825761e-05,0.5565696069697809,8.594353658586489e-06,0.004273703108408668,1.3718404401563114e-05,0.08406237507874766,0.01065196059908252,0.007226149939424198,0.0024807527574681396,9.901148329652463e-05,0.1447341831683982,0.014238088079304117,0.14236417809255203,6.878102154605809e-05,0.0002242439473203485
57,0.004465034884398289,6.951480813678558e-05,3.894502627039242e-06,0.014595961543486375,0.0002823041778628589,0.00011022952162601531,0.0012913632358452051,0.0020104179015242025,4.920623139858295e-09,0.002740510380786845,0.00022002352725736675,0.10860357116834866,3.1825059257903802e-06,0.0027446305713425645,1.1818867487086938e-05,0.07327903988139968,0.0033474456744384466,0.016480088606861867,0.0004928498984936465,7.657680649001211e-05,0.1040115417712667,0.004780697271480811,0.6600879799986465,7.665356636749611e-05,0.00021466400727644243
58,0.00317153296418416,7.732297335596265e-05,1.3425574616511995e-05,0.013904445439450719,0.00150054131775159,5.46857722705693e-05,0.0004115363760634308,0.008804993288665417,1.636619248446175e-08,0.005919841953996741,9.65395392449703e-05,0.5379911337324705,8.116526282944733e-06,0.003889671677718775,1.4202200936287099e-05,0.0795755063104479,0.012604502238085468,0.007678813916371438,0.002375959935141399,9.097751054455487e-05,0.15507142055955514,0.01492100356151539,0.15150442458168317,8.254361219868046e-05,0.00023684207125589078
59,0.003224650419134134,7.401407781780759e-05,1.524524609751948e-05,0.01444478194374256,0.001467651671096133,5.287854026020157e-05,0.0004509758210594476,0.009578328819074557,1.7051429191553847e-08,0.006183096684297865,9.583414789523637e-05,0.532042528879979,8.262119805877296e-06,0.003730256515686357,1.3694724326796826e-05,0.0866926216326905,0.012945387731585954,0.007620812786906136,0.0023097690422775124,0.00010245345793913188,0.15502560896313994,0.014387105294028753,0.14920579722894692,9.140118355531009e-05,0.0002368260172272656
60,0.003041252779801433,6.910366782866014e-05,1.2770171387070117e-05,0.013788293533185255,0.001449973593679483,6.140305276087287e-05,0.00041057903014521066,0.00813308216883857,1.641780802971539e-08,0.005774305176850631,9.590538479075259e-05,0.5389586589721662,7.349360618435515e-06,0.004191377771449808,1.37435799613251e-05,0.08879524644966806,0.01021721649180995,0.007075366782207083,0.0025071254656968958,9.417329069613303e-05,0.15418297401885098,0.01409611742547459,0.14672795136100455,6.493250651825686e-05,0.00023108154680180398
61,0.003086593638603333,7.022223191567101e-05,1.5252533863971257e-05,0.01345121484755872,0.0014508830843907217,5.3583186297119006e-05,0.00042950843704290896,0.008978054996585225,1.7389714280380833e-08,0.005636004779822697,9.835877461738949e-05,0.5555079923043701,7.914511709807323e-06,0.003822096577694551,1.370594517227323e-05,0.08430132007973352,0.011949152200080228,0.0069984701118004245,0.002386368610588695,0.00010081486050135764,0.14996777801389782,0.014262179510765752,0.13710842191143222,7.870219430979497e-05,0.00022538926753140482
62,0.003041252779801433,6.910366782866014e-05,1.2770171387070117e-05,0.013788293533185255,0.001449973593679483,6.140305276087287e-05,0.00041057903014521066,0.00813308216883857,1.641780802971539e-08,0.005774305176850631,9.590538479075259e-05,0.5389586589721662,7.349360618435515e-06,0.004191377771449808,1.37435799613251e-05,0.08879524644966806,0.01021721649180995,0.007075366782207083,0.0025071254656968958,9.417329069613303e-05,0.15418297401885098,0.01409611742547459,0.14672795136100455,6.493250651825686e-05,0.00023108154680180398
63,0.0032588525631058107,7.984338360746729e-05,1.3145139997046042e-05,0.013783358424996785,0.001417548918230972,6.169019655207693e-05,0.0004366091085636257,0.008423466489301751,1.7714355941010677e-08,0.005979144256988769,0.00010317812950164486,0.5326576334973306,7.975362746175495e-06,0.004131431314815543,1.5026854319645773e-05,0.08629971471598218,0.011233929330469988,0.007618598889730084,0.0025573019945128992,9.925418215564312e-05,0.15712962131967814,0.015394756528911003,0.14898283576992224,7.2612937194583e-05,0.00024245297702956098
64,0.0026659563968401876,6.534198572471661e-05,1.1449491928436865e-05,0.01339438608050644,0.0014560137905055906,5.835896413372256e-05,0.0003555720606359045,0.007975230481081777,1.5739441118642827e-08,0.0058094556479970985,9.64057661740752e-05,0.509143887877988,5.5833595514366956e-06,0.003899201486414622,1.4482853384871483e-05,0.08266760934777687,0.010240021925266848,0.006805592193821908,0.002598168995989258,7.556043693396934e-05,0.20156802272942545,0.013518449467823586,0.13727841949731817,5.945591935980898e-05,0.000237357503976048
65,0.0033582388218556304,7.47570078608975e-05,1.3584135240812299e-05,0.013900329231013357,0.001405537667600998,5.7157725990190824e-05,0.00044503350173993937,0.008895539459953396,1.767027870138524e-08,0.005809030659267612,9.819231379699419e-05,0.5391369564427679,7.913206861478088e-06,0.004046540430054308,1.4635999021712425e-05,0.08776788080478806,0.01142805768339762,0.007063148077572312,0.0025798952800991106,9.840741986844799e-05,0.15008978618056798,0.01465598183826999,0.14873593336840626,7.412518103818919e-05,0.00024331989268808383
66,0.0019208528895132229,4.3848482240401316e-05,1.9414607247626397e-05,0.015526723538434381,0.0014545752383009801,0.00011726171636546166,0.0006018075881833507,0.01380545081872226,5.21162698930867e-08,0.015587862171799404,5.7816305031765685e-05,0.48967569016508317,1.3251017438154606e-05,0.004430319325023614,7.556540195531156e-06,0.2809039278271867,0.00308736497940048,0.004147787323806497,0.005630587407039657,0.0003633128974891433,0.09177536431981691,0.010976517427943694,0.0596494613778356,3.1330061161952476e-05,0.00017186385847022998
67,0.003031951707592349,6.887863171498658e-05,1.2783454082930629e-05,0.013804125833226547,0.001446990349245307,6.18640762297782e-05,0.0004111057504918684,0.008053010029597032,1.6360242979073208e-08,0.005749303733331559,9.608822365233411e-05,0.5384455514552013,7.3556984165860485e-06,0.004214079160837446,1.3731570959778362e-05,0.08923529851247193,0.01012841400488128,0.007073139803484204,0.002489221913147873,9.468247462356457e-05,0.15361628655043144,0.014016043768672085,0.14763461434727027,6.453202283132744e-05,0.00023093056736327237
68,0.002735189058861303,6.228587950136334e-05,1.7749680700439485e-05,0.011537284449535522,0.0027140839320729604,4.315648656413735e-05,0.0003322211767578985,0.013332272786343646,2.402886096735182e-08,0.006951751249882025,5.3066604471189374e-05,0.569603234399623,8.070213505292382e-06,0.0056807966625318715,1.6509590914325867e-05,0.11629656012561826,0.010208901952347369,0.0028803389598801928,0.0055131449008449535,6.749423774012923e-05,0.1420116071524963,0.014161984599958176,0.09550756782874165,5.872009559483565e-05,0.00020598394665217093
69,0.0029980386725974115,5.728105831533766e-05,9.633874253603635e-06,0.009082049095280605,0.0017237416020762302,6.708735664130303e-05,0.0003085190366192217,0.005435099551154657,1.297068369594885e-08,0.0037020031636128005,0.00010407671402760005,0.5870047755907611,5.5718956028909e-06,0.004830104755300923,1.5947506430884616e-05,0.06870174639301804,0.008691781154273758,0.005863104836338818,0.0025454153302564195,4.75114216712176e-05,0.14652208354596527,0.014506017835668237,0.137567944877948,4.534616451640251e-05,0.00016510559698545754
70,0.003096623890948768,8.588143347053899e-05,1.1024368178505736e-05,0.015427306219922936,0.0017163767962649868,5.139415915291134e-05,0.00042580450539177753,0.01593747917655619,2.1068274589752518e-08,0.00825246842092925,0.0001150255307916983,0.4489397583225835,6.900235089979119e-06,0.0026108712720301413,1.915848913065756e-05,0.08300408806420108,0.017905885024534253,0.007696926528211759,0.003594062745517164,8.463447879285718e-05,0.21694361691253772,0.0172918988642466,0.15644065759441025,0.00011132872459186762,0.000230807174240014
71,0.0020684583877806093,7.037089994179278e-05,1.0630786594859121e-05,0.010589025605932997,0.002925685633519201,6.947148261053735e-05,0.00020334867464643418,0.00806981726175955,1.8097525982283405e-08,0.007647192609251542,6.354045980006002e-05,0.5242620594613379,5.354311492486368e-06,0.004505324721994479,1.9426631952230888e-05,0.08233684528491107,0.010233405374714523,0.004689834870477244,0.003431029319848206,4.273854983031014e-05,0.20129768412835877,0.01631879686217317,0.1208349818831113,5.568519401027216e-05,0.00024927350642460104
72,0.002471543082161585,2.9589408825140253e-05,1.550466166724431e-05,0.0075850011390775915,0.0014623212379521542,7.903740565313716e-05,0.00023945020613792153,0.0028780218681585343,1.5030559348800365e-08,0.0030820655065482688,4.164969305372052e-05,0.6028266509745024,3.896299690711787e-06,0.00726117941452686,1.4184266721245184e-05,0.14475049058842776,0.0034584211788518367,0.002006201211453332,0.0020009530994977084,5.557692362000952e-05,0.08989090503750613,0.007818180695485885,0.12172286305086583,1.9733002248239574e-05,0.0002865650168074593
73,0.002664018523470057,5.33728882445636e-05,1.4827304162521232e-05,0.017529187188499377,0.001090274092065901,8.923099705709861e-05,0.0005762987538805644,0.007531193422726954,2.121608626601148e-08,0.006862570791032145,0.00010254555729026407,0.5113493643677578,8.704791605266793e-06,0.004494298850226955,1.0599361416695508e-05,0.13900132945014715,0.005869675314287215,0.007223349934320679,0.0022901081780371843,0.00018783941307840463,0.13070292614965218,0.010181925979357694,0.1518744353449255,4.858980700581142e-05,0.00024331232366577095
