,0,1,2,3,4,5,6,7,8,9,10,11,12,13,14,15,16,17,18,19,20,21,22,23,24
0,1.2645191379222568e-11,2.0601868329714374e-14,6.072936038019146e-06,1.379349664833832e-07,1.355186124770539e-06,0.03510801423017708,0.00014611073966327382,4.0241666886983676e-08,9.738175305087467e-08,1.254354147836729e-07,6.610689277529638e-12,0.00036886753344094543,4.424901532066702e-07,4.790362181905719e-11,2.2708145897943992e-11,0.9450221513022379,2.3664484194802386e-07,7.63102841551543e-06,1.2672102488953978e-08,2.0024157613639103e-06,0.019329315485536666,1.0866911678022434e-08,5.385264633158097e-06,1.990120133380138e-06,1.3928262774441227e-13
1,7.404988106101044e-12,3.2134880120997647e-14,1.7379363266554144e-06,2.8688690871401384e-07,1.0141626785110405e-06,0.07222204511067325,0.000497386485524479,4.838506833857311e-08,3.479614368186565e-08,7.60940588293628e-08,1.0776233137092324e-11,0.0014076047887873642,5.514911234977707e-07,3.3590663112020217e-10,6.934827588523551e-11,0.8654179959587609,5.671996061379186e-07,7.873366370096305e-05,4.498452120053831e-09,8.484469945245626e-06,0.060333175801130436,2.190349055226756e-08,2.363567727294137e-05,6.594266372459689e-06,5.069228535555228e-13
2,1.3440684039587055e-11,1.7154486565120463e-14,7.665264547279315e-06,2.0198380235542444e-07,1.7446138234078377e-06,0.029560039229805275,0.0001015751010803644,6.036832213268465e-08,1.4726046207981874e-07,2.3360450734183713e-07,1.3434247310131879e-11,0.0003663226303783113,6.953791504335818e-07,4.767143234794342e-11,2.812436967765771e-11,0.9527787980525859,2.0027099843811437e-07,8.672510838063439e-06,1.0764996549096278e-08,3.834768584599724e-06,0.017162223814416996,7.589111548715136e-09,6.20763713966998e-06,1.3590526317630012e-06,1.2958483737075844e-13
3,1.0790456362268656e-11,1.1385162372634853e-14,4.643146665929294e-06,1.5796640879306445e-07,9.890362561055013e-07,0.027565463264958213,9.677052657915659e-05,3.612076533941015e-08,8.924886390110956e-08,1.4050723573497073e-07,6.371120565165427e-12,0.0002567386240249886,5.030331633477442e-07,3.055760659032387e-11,1.4289798873564057e-11,0.9596655788851342,1.7256967361304051e-07,7.243951428188922e-06,9.713281934997419e-09,2.060721804398736e-06,0.012393343335617969,6.702799187893331e-09,4.68125732186778e-06,1.3713259166223449e-06,8.006724960895574e-14
4,1.1434745654972458e-11,1.0905571910657684e-14,4.553794437347237e-06,1.5640433934355112e-07,9.982770598066542e-07,0.02627862592935085,9.584318808044444e-05,3.5431756958549776e-08,8.117663389060258e-08,1.44036419173324e-07,6.3917049137202295e-12,0.0002456410576711122,5.86186534464229e-07,3.2743144294415074e-11,1.3323970640333052e-11,0.9621913320071446,1.7377827928352577e-07,7.679656418567584e-06,1.0278040711180988e-08,2.1845039217458084e-06,0.01116594095727559,6.1702595386003634e-09,4.5360299569316245e-06,1.471072437691737e-06,7.739754843281427e-14
5,1.0373799070801193e-11,1.120904537528607e-14,3.5302666544597655e-06,1.808818253314879e-07,8.170733062123711e-07,0.02709478032497537,8.49416512210372e-05,3.380640600737707e-08,7.277337004703525e-08,1.269152920017659e-07,6.443815800847204e-12,0.00022232097302378418,5.287584891048228e-07,3.1050478800723205e-11,1.3471527362123163e-11,0.9616410031150633,1.638282717057259e-07,9.71042466356637e-06,9.092760364026146e-09,2.2013094055102168e-06,0.01093336061566142,6.129838569388187e-09,4.848824387245114e-06,1.3631739624127637e-06,7.166480787922593e-14
6,1.0790456362268656e-11,1.1385162372634853e-14,4.643146665929294e-06,1.5796640879306445e-07,9.890362561055013e-07,0.027565463264958213,9.677052657915659e-05,3.612076533941015e-08,8.924886390110956e-08,1.4050723573497073e-07,6.371120565165427e-12,0.0002567386240249886,5.030331633477442e-07,3.055760659032387e-11,1.4289798873564057e-11,0.9596655788851342,1.7256967361304051e-07,7.243951428188922e-06,9.713281934997419e-09,2.060721804398736e-06,0.012393343335617969,6.702799187893331e-09,4.68125732186778e-06,1.3713259166223449e-06,8.006724960895574e-14
7,2.6279179337996758e-11,1.130925991323988e-14,1.0620086715259056e-05,2.2076413182896044e-07,1.631398790434603e-06,0.017032966113386828,0.00011840327019541294,6.285121950466081e-08,1.0492359401997147e-07,3.6059340881010676e-07,1.2183368743843186e-11,0.000272606917996639,1.2746176135346727e-06,3.767340744356549e-11,1.1877787169410676e-11,0.9764955128817375,2.191270736484413e-07,4.409959884936458e-06,1.755738052460345e-08,2.9914416020988396e-06,0.0060545691089584335,7.727990573495926e-09,2.491310074625933e-06,1.5292601290242353e-06,9.124299635748214e-14
8,2.4746586218554322e-11,1.5107499209400976e-14,1.1912231545116145e-05,2.198805117285857e-07,1.7550334286461915e-06,0.027251824677746457,0.0001648623617492215,4.8710048625227285e-08,1.3765276666866284e-07,3.637696934072047e-07,9.133978423291399e-12,0.00044441610903027173,7.77992413370569e-07,6.33175795495939e-11,1.8730667440322283e-11,0.9534512836849951,3.0226454560651665e-07,4.438518947336567e-06,1.4065450105532915e-08,3.000006501103931e-06,0.018654763420547414,1.0471812946918074e-08,7.01367975750055e-06,2.855352373605259e-06,1.916170408831486e-13
9,2.1079068553559846e-11,1.846751027264211e-14,8.237937527507196e-06,2.8644318427162946e-07,1.533830816265487e-06,0.03424852101324664,0.00014881141160137364,5.713786507371267e-08,1.5746872742533265e-07,3.717004012525424e-07,1.1417403940687345e-11,0.0004146814462246511,6.77509883990051e-07,6.039922915862147e-11,2.5692475401900174e-11,0.9466152472624261,2.761153170402803e-07,6.68702647482379e-06,1.2447142837068097e-08,3.2602989736516037e-06,0.01854029818726049,1.129960723365585e-08,8.453952920121976e-06,2.4173915895560803e-06,2.032043308795539e-13
10,1.0790456362268656e-11,1.1385162372634853e-14,4.643146665929294e-06,1.5796640879306445e-07,9.890362561055013e-07,0.027565463264958213,9.677052657915659e-05,3.612076533941015e-08,8.924886390110956e-08,1.4050723573497073e-07,6.371120565165427e-12,0.0002567386240249886,5.030331633477442e-07,3.055760659032387e-11,1.4289798873564057e-11,0.9596655788851342,1.7256967361304051e-07,7.243951428188922e-06,9.713281934997419e-09,2.060721804398736e-06,0.012393343335617969,6.702799187893331e-09,4.68125732186778e-06,1.3713259166223449e-06,8.006724960895574e-14
11,1.1447361326266933e-11,1.0653476340283136e-14,4.499120059768701e-06,1.5483927505430957e-07,9.524262369238768e-07,0.02609386997447385,9.550104618994676e-05,3.813772699562596e-08,8.565471222616413e-08,1.5135552734964385e-07,6.3790884240121835e-12,0.00025388481082510894,5.822399511197915e-07,3.0128578463773167e-11,1.341793641478108e-11,0.962810738482116,1.7486644257070625e-07,7.366867097481808e-06,1.0292033963498845e-08,2.0810595221360604e-06,0.010724196377429164,6.581360891231677e-09,4.281800478850118e-06,1.4240070816429495e-06,7.534719119710428e-14
12,1.2799124645338699e-11,1.2375255920703218e-14,5.699208689392487e-06,1.6041491937744206e-07,7.30952177481169e-07,0.023859110335264225,7.75230134079807e-05,5.636554903678689e-08,1.0533253092374591e-07,1.7736448568870942e-07,7.1890845740657865e-12,0.00028152124510121533,5.416624191258066e-07,2.0249818954966375e-11,1.6093509518946778e-11,0.9659411287838873,1.6275892873253208e-07,5.127676966295879e-06,1.2224744390960317e-08,1.529679975006097e-06,0.00982231736362919,9.352777083963608e-09,2.9920137618526176e-06,1.0941943779953146e-06,6.371706273077456e-14
13,1.4388442593500051e-11,4.72639504522601e-15,9.699781798708774e-06,2.3320025761287826e-07,7.906160824736803e-07,0.006936449386007394,7.46660848857213e-05,7.841910790849912e-08,5.856049999925581e-08,1.6438942437379525e-07,3.300635699571928e-11,0.0006919202567964047,8.396108783017565e-07,8.804321353770117e-11,3.139923796427557e-11,0.9728693159908854,1.3606318415974684e-07,6.785570176219541e-06,3.1433130510351972e-09,5.8624926405479776e-06,0.019397965307641478,3.6107428589595427e-09,4.408094716696917e-06,6.19254064683567e-07,5.3992628361148795e-14
14,1.5317561015473117e-11,7.61017712310265e-15,4.389133625321356e-06,1.3438585149145808e-07,7.118774051165126e-07,0.028927568368221183,0.00017596315706386805,5.4441867780324443e-08,1.3485189872492017e-07,1.8561181923447888e-07,4.7937962173607175e-12,0.0005718365869967469,3.681053274082406e-07,3.733079121538131e-11,1.71911304465207e-11,0.9509870906809927,2.7283321453883207e-07,5.1454464462451864e-06,7.395229203268843e-09,1.3355963496877994e-06,0.01931663971962961,1.1393177380736054e-08,6.058123629676083e-06,2.092216479434414e-06,1.336912197384502e-13
15,1.0790456362268656e-11,1.1385162372634853e-14,4.643146665929294e-06,1.5796640879306445e-07,9.890362561055013e-07,0.027565463264958213,9.677052657915659e-05,3.612076533941015e-08,8.924886390110956e-08,1.4050723573497073e-07,6.371120565165427e-12,0.0002567386240249886,5.030331633477442e-07,3.055760659032387e-11,1.4289798873564057e-11,0.9596655788851342,1.7256967361304051e-07,7.243951428188922e-06,9.713281934997419e-09,2.060721804398736e-06,0.012393343335617969,6.702799187893331e-09,4.68125732186778e-06,1.3713259166223449e-06,8.006724960895574e-14
16,9.550332766524937e-11,1.631507514097402e-12,2.6167573227054557e-05,5.820188839920434e-07,1.3267376880821104e-05,0.3510236176950429,0.00037137172553372376,3.810121980555383e-07,1.641018433941753e-05,2.4143954098337785e-06,1.1638548128603213e-11,0.00023343083898942393,5.939321893491901e-07,1.5048242133233854e-11,8.971835754207607e-11,0.639775211422529,8.923208323419024e-07,1.6916688562288034e-06,2.3070010656633338e-07,1.05923724671102e-06,0.008512861012501361,2.121678363250471e-07,1.4285531291139099e-05,5.318965798283974e-06,6.76747383421113e-12
17,1.3660821518250046e-11,1.013580355078605e-14,5.3966675185257055e-06,1.922669583219974e-07,1.1140396251138958e-06,0.019937286149233634,0.00014835042997700837,4.160203863332313e-08,8.082378832167841e-08,1.2298612557839228e-07,7.898999605016929e-12,0.0004392506130089303,5.781497656510932e-07,5.0895654648265807e-11,1.385308685865175e-11,0.9656675376367966,2.0745055882393288e-07,6.442260049903194e-06,6.564555107844404e-09,2.4973423567511494e-06,0.013784750488560036,7.751238327210574e-09,4.6767865893924865e-06,1.4599048282042778e-06,1.0836893993657727e-13
18,2.3018610901174565e-11,1.907601836622749e-14,5.071006616208108e-06,1.9885129454976686e-07,1.7716376865233031e-06,0.039395917008569294,0.00023612581433015477,3.890319503991791e-08,1.1925343626712553e-07,2.2522787356524475e-07,8.998826614815764e-12,0.0003411271932388089,6.553097906504378e-07,7.795107332294913e-11,1.938985329576483e-11,0.9409643921145688,6.30860111787603e-07,1.318220695962111e-05,1.6328891089051166e-08,3.336738506970333e-06,0.019023937206397914,1.3378149749802524e-08,9.709742121672427e-06,3.5310885774671526e-06,3.0658319963248126e-13
19,8.417409372234202e-12,1.330526488044936e-14,3.6382421116021952e-06,1.4727769726638452e-07,8.262926699742503e-07,0.024666808159785905,6.39189740951563e-05,2.6296915071158966e-08,6.759589505238207e-08,7.915161488907745e-08,6.314982174851903e-12,0.00017191042024032325,3.7126340634466165e-07,3.261185126134588e-11,1.6132665489751152e-11,0.9607348768433913,1.4088964980416226e-07,9.991776321854486e-06,8.980873308503768e-09,1.8959014781550833e-06,0.014338770069587945,4.677772681804754e-09,5.442022191553534e-06,1.0751007459422017e-06,6.557340720484865e-14
20,9.484562820253021e-12,2.0752532067772497e-14,4.336491213101422e-06,1.950838253722571e-07,7.060039586534533e-07,0.031466906214251245,8.805666657377716e-05,6.847157785448192e-08,1.0029698558226654e-07,1.3661132240874012e-07,9.461241474710114e-12,0.0004369108467572805,4.611242094280059e-07,3.198418471745021e-11,3.326207250329745e-11,0.9509423222779924,1.7008701491890695e-07,1.0074559596641322e-05,8.846396588492943e-09,2.145396746782345e-06,0.017041379003999796,1.2946870523042552e-08,4.7776168877455836e-06,1.2313695166399043e-06,9.070408958233722e-14
21,1.055954048613724e-11,1.0522395847420961e-14,4.497669122414683e-06,1.646759585198407e-07,9.112111103742634e-07,0.02471000153507102,9.070298036679342e-05,3.52243166312862e-08,8.207457273048994e-08,1.3062317333304847e-07,6.747142562731856e-12,0.0002535921443822053,4.919405458251119e-07,3.139334260287161e-11,1.4128194958751473e-11,0.9629472994701691,1.5665854793199358e-07,7.215579468636592e-06,8.63609299161971e-09,2.100542006514491e-06,0.011976793382755596,6.079697215354954e-09,4.567145366500038e-06,1.242364364016729e-06,7.290446185033775e-14
22,1.1133479388288404e-11,6.265055251795313e-15,4.9660268804550825e-06,1.6939067893916772e-07,8.332707857034015e-07,0.01813620447228996,8.221344788658415e-05,2.8719216634686668e-08,6.33770706461865e-08,1.420368362031729e-07,9.085928164260059e-12,0.00020748248559423674,5.278388022507654e-07,2.9830221177966306e-11,1.1649643688548495e-11,0.966861795787553,2.100241491105101e-07,8.693181538847207e-06,7.282092505256335e-09,2.9056084535307164e-06,0.014687480837867622,4.846139911839309e-09,5.194957792875626e-06,1.0763466111265482e-06,5.440775670792963e-14
23,1.0790456362268656e-11,1.1385162372634853e-14,4.643146665929294e-06,1.5796640879306445e-07,9.890362561055013e-07,0.027565463264958213,9.677052657915659e-05,3.612076533941015e-08,8.924886390110956e-08,1.4050723573497073e-07,6.371120565165427e-12,0.0002567386240249886,5.030331633477442e-07,3.055760659032387e-11,1.4289798873564057e-11,0.9596655788851342,1.7256967361304051e-07,7.243951428188922e-06,9.713281934997419e-09,2.060721804398736e-06,0.012393343335617969,6.702799187893331e-09,4.68125732186778e-06,1.3713259166223449e-06,8.006724960895574e-14
24,1.174739181182195e-11,1.1447924912417863e-14,4.537809472612298e-06,2.259539792894225e-07,1.0945997728652675e-06,0.023926455928729606,8.700185630874147e-05,3.512276851414112e-08,7.082191826835091e-08,1.425541894080971e-07,8.100282392679154e-12,0.00025431203679454536,6.748129139473143e-07,3.786981046299239e-11,1.2254322490790574e-11,0.9658289988400316,1.5243181345527394e-07,8.157895953454961e-06,8.252574671105893e-09,2.9211664744281673e-06,0.009879566670956567,5.5210376003711856e-09,4.3812066737726385e-06,1.256447576718914e-06,7.660117673667177e-14
25,1.4150866839634754e-11,5.79026710494901e-15,5.7679675450996034e-06,2.3474034353230613e-07,8.835198141575182e-07,0.012378588656404373,0.00011803137413919212,6.528132187828496e-08,6.17598456231755e-08,1.8959310405346679e-07,1.5511188953338042e-11,0.0004923581360481507,9.324608615283585e-07,5.135015333240255e-11,1.5537646799439004e-11,0.9772103027727123,1.8156480774444785e-07,7.587047287654521e-06,5.149526675739991e-09,4.150098026981444e-06,0.00977637308355374,6.014863552839459e-09,3.2689279246881425e-06,1.0117552487181142e-06,6.492004858047783e-14
26,1.3096936382211354e-11,1.5856944413842388e-14,3.749234568763935e-06,1.5063827563534728e-07,1.1966558968025622e-06,0.04746219777749278,0.0001008065931406441,3.216317718145315e-08,1.6381120217519818e-07,1.9791095215108295e-07,5.478550385799719e-12,0.00016243379526864512,4.6824352610611713e-07,2.4679755640477986e-11,1.5232894968393325e-11,0.938533196636679,2.5797602931048123e-07,1.0630572497668582e-05,1.666992993877867e-08,1.7779288163591823e-06,0.013712731070409755,8.001896098805354e-09,8.05529623726721e-06,1.928965379092566e-06,1.204224335852214e-13
27,1.2233669557548003e-11,1.8666898676863007e-14,4.166377981985187e-06,1.9724879581626621e-07,9.964854763032348e-07,0.035457383418022306,0.00010667146357788004,5.255042405957462e-08,1.4411370735982916e-07,1.6879326667598127e-07,7.370716032678126e-12,0.00028990169268478216,4.729471441329107e-07,2.823247957296757e-11,1.9674665175814887e-11,0.9537866962659428,1.7642900680304038e-07,7.1642110393754565e-06,1.1551903065136912e-08,1.7637948673807628e-06,0.010338041985601471,1.0483460247570806e-08,4.653877110431602e-06,1.3262423405452903e-06,1.16546067476082e-13
28,1.0790456362268656e-11,1.1385162372634853e-14,4.643146665929294e-06,1.5796640879306445e-07,9.890362561055013e-07,0.027565463264958213,9.677052657915659e-05,3.612076533941015e-08,8.924886390110956e-08,1.4050723573497073e-07,6.371120565165427e-12,0.0002567386240249886,5.030331633477442e-07,3.055760659032387e-11,1.4289798873564057e-11,0.9596655788851342,1.7256967361304051e-07,7.243951428188922e-06,9.713281934997419e-09,2.060721804398736e-06,0.012393343335617969,6.702799187893331e-09,4.68125732186778e-06,1.3713259166223449e-06,8.006724960895574e-14
29,1.0790456362268656e-11,1.1385162372634853e-14,4.643146665929294e-06,1.5796640879306445e-07,9.890362561055013e-07,0.027565463264958213,9.677052657915659e-05,3.612076533941015e-08,8.924886390110956e-08,1.4050723573497073e-07,6.371120565165427e-12,0.0002567386240249886,5.030331633477442e-07,3.055760659032387e-11,1.4289798873564057e-11,0.9596655788851342,1.7256967361304051e-07,7.243951428188922e-06,9.713281934997419e-09,2.060721804398736e-06,0.012393343335617969,6.702799187893331e-09,4.68125732186778e-06,1.3713259166223449e-06,8.006724960895574e-14
30,1.0790456362268656e-11,1.1385162372634853e-14,4.643146665929294e-06,1.5796640879306445e-07,9.890362561055013e-07,0.027565463264958213,9.677052657915659e-05,3.612076533941015e-08,8.924886390110956e-08,1.4050723573497073e-07,6.371120565165427e-12,0.0002567386240249886,5.030331633477442e-07,3.055760659032387e-11,1.4289798873564057e-11,0.9596655788851342,1.7256967361304051e-07,7.243951428188922e-06,9.713281934997419e-09,2.060721804398736e-06,0.012393343335617969,6.702799187893331e-09,4.68125732186778e-06,1.3713259166223449e-06,8.006724960895574e-14
31,1.2667921950268825e-11,1.2023497257739379e-14,6.927325499010907e-06,1.2146711186990947e-07,8.445251067914055e-07,0.01675716985248307,6.418400326818082e-05,5.943282673176987e-08,7.880172557643049e-08,1.1779943595044358e-07,6.905177348543206e-12,0.0002889605293196304,7.328339297522999e-07,2.592686201197057e-11,1.5737579098306093e-11,0.9715959803708225,1.5921522329989755e-07,6.368956846293327e-06,1.2011366958388762e-08,1.8435581221707927e-06,0.011272541018173023,6.451976873242219e-09,2.76037890579891e-06,1.131406553401822e-06,5.3722391351415145e-14
32,1.1608046940678737e-11,1.2722699768803536e-14,4.725697900078263e-06,1.4832056215597762e-07,1.0023009314371393e-06,0.0274392675683539,8.9071288580694e-05,3.47095759954204e-08,8.66297455449672e-08,1.3523771114139242e-07,5.93619303757463e-12,0.00022397797410338735,5.279743464914336e-07,2.938487273827382e-11,1.3518517700259876e-11,0.9608495481828323,1.7798898678796e-07,7.285052542166219e-06,1.1843581674509876e-08,1.8779610806754536e-06,0.011376346581144801,6.693865267717972e-09,4.333099057100409e-06,1.4348345598557958e-06,7.828146505575564e-14
33,1.3351849181414713e-11,1.5626857899868626e-14,7.959760767482071e-06,2.271946061331788e-07,1.5350632370500197e-06,0.031741975197833935,0.0001211347506958979,5.4501895055066065e-08,1.8730974510217502e-07,2.1641162803561598e-07,1.3680769409524458e-11,0.0003796815408225993,4.3529429770341406e-07,4.127331206499601e-11,2.989418277163127e-11,0.9456328722207447,1.850778783163883e-07,6.291104053672268e-06,8.282168017439566e-09,2.9554758888053844e-06,0.022095579913935084,8.355345796712244e-09,7.586407796646618e-06,1.1060383034064945e-06,1.4096330072652867e-13
34,3.00005746063855e-11,1.0272724319927638e-14,1.0026471129345223e-05,1.3766306236956076e-07,1.4714902569604134e-06,0.010248893665018936,5.327886339402131e-05,3.567225178541582e-08,8.51729646046809e-08,1.3878329500824948e-07,1.1201884070975897e-11,0.00012819937839949054,8.155473430597558e-07,4.034423675912387e-11,1.0922715459585897e-11,0.9813926255389057,1.7149498233394536e-07,5.319055464460859e-06,1.8073160532321092e-08,1.8564769226539978e-06,0.008153227890131128,3.1540813171406327e-09,2.758683791519583e-06,9.368329088504376e-07,5.626857228102398e-14
35,1.8881622687838035e-11,2.7642075857527045e-14,3.833052569867068e-06,1.8876714141122644e-07,8.377426942806078e-07,0.02933919437091372,7.565099610632851e-05,9.901074809079392e-08,3.0036894476860894e-07,1.6566572235677525e-07,7.894809922837099e-12,0.0002262050143781097,4.621166564828516e-07,1.3657585806384069e-11,2.0638178406938806e-11,0.9648643547639576,1.5488852733620896e-07,5.805022561337553e-06,1.7713379221745297e-08,7.950104055507827e-07,0.005478670230979392,1.537401480530479e-08,2.464996960683638e-06,7.848321417945774e-07,9.714313027495562e-14
36,1.0605877201984165e-11,1.0288770867312146e-14,4.3175504702491735e-06,1.52245419154006e-07,9.062681869609857e-07,0.025515749889979702,0.00010386331991564038,3.8357777442637975e-08,8.363471189839692e-08,1.31923528903695e-07,6.4007807035563735e-12,0.0002890224362127834,5.041109714179396e-07,3.2224767978494486e-11,1.4308227958627163e-11,0.9620902369340552,1.766496510508362e-07,7.430680953704243e-06,8.794442336378266e-09,2.039235915882161e-06,0.011979571805627556,6.8999597887036205e-09,4.404141095479085e-06,1.3550574961268952e-06,7.880625955750955e-14
37,1.2411987842792583e-11,6.702661227329587e-15,4.04387183319655e-06,1.331999206428852e-07,7.721968113855107e-07,0.017015244434116002,0.00010219157849386219,1.7865211230797085e-08,3.187335180659737e-08,8.552124007610924e-08,4.61129936272345e-12,0.00021811888178853198,5.580021429215432e-07,5.65374757676647e-11,8.578026179744558e-12,0.9685330207553589,2.0178396465142769e-07,8.702439460443066e-06,7.956804107906196e-09,2.309631487751182e-06,0.014107104037740273,3.926512483659949e-09,5.329129187991414e-06,2.1228323631991417e-06,6.484095397697161e-14
38,4.811544316799268e-11,7.044967429841504e-14,2.395533183427478e-05,6.156223148585966e-07,7.145022011812332e-06,0.03368096989984677,0.00017155939500047667,1.643772277154499e-07,4.874708329291368e-07,6.899057085598818e-07,3.752165355058813e-11,0.0006743875245407926,1.3767167394740413e-06,1.4237999071601063e-10,4.390456611565618e-11,0.9488974949340601,5.859038486639339e-07,7.55410600025303e-06,2.1809259328699232e-08,9.890930561894265e-06,0.016512631115807086,1.910158471857633e-08,8.12145396559365e-06,2.3291059939743516e-06,8.688443698914401e-13
39,1.5691635781838475e-11,1.3504718090338242e-14,4.887862970080835e-06,2.3318843151022825e-07,1.3024617120998665e-06,0.027710657042089765,0.00013018367485732787,4.175778083239753e-08,1.1243856993692116e-07,2.0568505255778203e-07,1.0057371291527853e-11,0.0002586616018054473,6.333816046831571e-07,4.616162295381205e-11,1.6774317156501242e-11,0.961836850184143,1.9067118118396473e-07,8.157736259531285e-06,1.0365419119245411e-08,2.7981203831778687e-06,0.010037869931839768,7.053395242442308e-09,5.635902951969004e-06,1.560850734950222e-06,1.1946406710476632e-13
40,1.3085072075445259e-11,1.4496711288725512e-14,7.312422362462913e-06,1.554035436751291e-07,1.4426960179097261e-06,0.023232885299297536,0.00010944299486054272,3.7832107609608244e-08,8.701366885302164e-08,1.2459151414906207e-07,7.70753862894324e-12,0.00032356641593315593,5.653345241837958e-07,4.6165588457723785e-11,1.6279410778366445e-11,0.9608857851983056,1.9052136803761282e-07,6.28081109712348e-06,1.0384415902632477e-08,2.4016979234466244e-06,0.015423743077906008,6.86607069278362e-09,4.518652705022206e-06,1.442703024185884e-06,1.017825109607066e-13
41,1.1020822467440456e-11,1.105388794567714e-14,4.730383226252785e-06,1.5573585960484217e-07,9.881856396945e-07,0.028809525384308986,0.00010878403469419902,3.5761625210573425e-08,8.801092134594294e-08,1.453138589825143e-07,6.245490393319122e-12,0.0002831292133567366,4.967223142887872e-07,3.272433705922081e-11,1.452982128826753e-11,0.9569591445523078,1.9535459639108134e-07,7.348137139272243e-06,9.612104265233895e-09,2.1333654962390183e-06,0.013816484605628178,7.284671786237865e-09,5.0713128791318185e-06,1.52696475171845e-06,8.849115035088691e-14
42,2.4461605892110576e-11,1.1694156081167478e-14,5.062103710405772e-06,2.880922432606875e-07,3.3617251665283804e-06,0.04378166802852241,0.000429999562402183,3.160268540192747e-08,1.3141621723504511e-07,3.810995828338209e-07,1.78614878961709e-11,0.0003998000466834725,9.30145874611297e-07,2.3394460832143323e-10,3.038336860749498e-11,0.929984231142173,3.6254203929384833e-07,2.0070848236232406e-05,8.103225345848645e-09,8.937330182118464e-06,0.025333903026960997,5.196034069719565e-09,2.6182837144202227e-05,4.644843843330823e-06,4.1036575405083045e-13
43,1.0762256290969371e-11,1.1308488197196523e-14,4.645955323428136e-06,1.573868899489135e-07,9.876106628707929e-07,0.02768745759542901,9.64294608801137e-05,3.609792430548945e-08,8.933986563465048e-08,1.4168084182263722e-07,6.337368564941253e-12,0.00025621338052707793,5.037362379711119e-07,3.022609554007761e-11,1.4247421912482332e-11,0.9594842574283889,1.7292314697658475e-07,7.23737195687942e-06,9.731804966482936e-09,2.059761247605906e-06,0.01245353127213122,6.703062099643289e-09,4.687937607936511e-06,1.374564407359295e-06,7.952841407385254e-14
44,1.0790456362268656e-11,1.1385162372634853e-14,4.643146665929294e-06,1.5796640879306445e-07,9.890362561055013e-07,0.027565463264958213,9.677052657915659e-05,3.612076533941015e-08,8.924886390110956e-08,1.4050723573497073e-07,6.371120565165427e-12,0.0002567386240249886,5.030331633477442e-07,3.055760659032387e-11,1.4289798873564057e-11,0.9596655788851342,1.7256967361304051e-07,7.243951428188922e-06,9.713281934997419e-09,2.060721804398736e-06,0.012393343335617969,6.702799187893331e-09,4.68125732186778e-06,1.3713259166223449e-06,8.006724960895574e-14
45,8.887925614421303e-12,8.741363561994187e-15,3.4667047408607176e-06,1.1989302897029606e-07,6.702528482084461e-07,0.023548659431662823,9.13664484980773e-05,4.690951069456915e-08,7.593334454860385e-08,1.3244955783579568e-07,5.3362423795023005e-12,0.00027097884658895015,5.449353012943477e-07,2.2253302412786442e-11,1.4123868536495009e-11,0.9676441026344309,1.330708826727101e-07,7.373694413493103e-06,9.248109788734356e-09,1.5705965098381207e-06,0.008426549288512527,6.892479068515072e-09,2.9592294536116162e-06,1.2334894657341037e-06,5.0289739559935095e-14
46,1.1400293720462328e-11,1.0323309594436225e-14,4.6800810619688965e-06,1.6188846557369398e-07,9.239374342705485e-07,0.027005449223639393,9.71365676473063e-05,3.5836194896466425e-08,8.322380444723199e-08,1.4638858041204618e-07,6.21742838285059e-12,0.00027030942259451157,5.257222531125801e-07,2.8793230663513637e-11,1.277567729480732e-11,0.9599020088033249,1.9654188796572063e-07,7.033320085822048e-06,9.598319816779688e-09,2.0822834874104403e-06,0.012703268453627205,7.184185670948779e-09,4.534837343970511e-06,1.4066267865734775e-06,7.775074086866689e-14
47,1.2641255292794533e-11,4.766978072776929e-15,3.6525999859671094e-06,1.1226524797109126e-07,4.487104966978368e-07,0.015208399013956302,7.148344083479492e-05,2.5892108902896275e-08,4.00944841277075e-08,9.728435227560728e-08,2.844478821091793e-12,0.0002176645130523896,5.692264292720052e-07,1.538128534825606e-11,4.491884873931089e-12,0.9776737889129822,1.7388254702020874e-07,3.973931594547475e-06,9.227725411401542e-09,1.0088799328718947e-06,0.006815333604886838,5.882537954577821e-09,1.9547752316500884e-06,1.257826215760468e-06,3.315033539831054e-14
48,1.360248651845643e-11,1.2803074446005276e-14,3.46590662909093e-06,1.0122550769328308e-07,8.300769871181343e-07,0.03932822108298787,0.00010153978995233662,3.409528180548565e-08,7.882682168521815e-08,1.7945657184064295e-07,2.916237815734949e-12,0.00018820939808974427,6.326480629584452e-07,1.9160557943744636e-11,8.966867195973269e-12,0.9517417332947764,3.1435875758309384e-07,8.049731789116272e-06,2.3469435585384615e-08,1.2352750646053164e-06,0.008619211297010551,1.0661647538913215e-08,3.39069110568988e-06,2.7386687829045225e-06,7.870901797733595e-14
49,8.938505284841762e-12,1.1522841801054013e-14,5.610430530470172e-06,1.5119916064069527e-07,9.336388743524309e-07,0.03122419549937945,9.246286749124725e-05,4.122763225580202e-08,8.855957676036373e-08,1.486355080228151e-07,5.607576875726228e-12,0.0003561478890189137,5.232737728015016e-07,2.2916855514089103e-11,1.3605368599841402e-11,0.9543055704244108,1.726525904430336e-07,5.833530111005708e-06,9.25330108142772e-09,2.1268443397891163e-06,0.014000776874865353,8.797026981558623e-09,3.886448926238333e-06,1.311902331508871e-06,7.210011892079478e-14
50,2.4097635338647537e-11,5.80011991291322e-15,5.231204409740592e-06,1.649576093279672e-07,1.2989751797115094e-06,0.020637707774991684,0.0002336618675574666,5.070920017231465e-08,8.991058256615972e-08,3.388594454196787e-07,7.952101606776025e-12,0.0003382607241453719,1.0105954973314251e-06,5.170362667415246e-11,1.0393798122077747e-11,0.9718512932057186,2.850973841270577e-07,6.460703614214948e-06,1.171250418477451e-08,2.6577969157248147e-06,0.006915230261869031,7.331983385119923e-09,3.6976538655574184e-06,2.5405632622976493e-06,1.108137280635296e-13
51,1.0243352301106874e-11,3.701868734834187e-14,4.373799026011752e-06,3.8546667595529544e-07,7.295252724888167e-07,0.028674335473259017,6.345717187787951e-05,7.125927936049979e-08,1.1701725186322667e-07,1.1939114195157018e-07,1.3244822423747873e-11,0.000325741718390113,4.5436673267195453e-07,3.126087262706997e-11,3.350721840943218e-11,0.9596929737828928,1.1502019800848973e-07,9.134829259503131e-06,8.598627986091326e-09,2.199941813324911e-06,0.011220544300163995,1.2667535800854331e-08,4.4254229976425265e-06,8.001592091942145e-07,1.0131991387327812e-13
52,1.0130582466128872e-11,7.841656271760982e-15,3.294123101296969e-06,1.7337057600618704e-07,7.832531293909675e-07,0.0306449617432537,7.083749987916924e-05,5.146318841886663e-08,8.571258032194221e-08,2.698307156422349e-07,8.296052415602485e-12,0.0002293487526473178,7.728434772837966e-07,2.6136590336238953e-11,1.6582229890071216e-11,0.9617540781375994,1.154229270732411e-07,1.0895042609084196e-05,9.829945317973672e-09,2.9024568734621788e-06,0.007276142236182126,4.8415246377062435e-09,3.962163084986238e-06,1.3112155016935189e-06,5.028706855427045e-14
53,1.686029490752145e-11,3.3058375900412453e-14,5.80544213321585e-06,1.3943090898520259e-07,1.0295084228160012e-06,0.03535595785815095,4.866707469721203e-05,5.4988853591184706e-08,1.2665806974528312e-07,1.6888610328359033e-07,4.793457064930644e-12,0.00016602326412799295,5.987822030318172e-07,1.8154953046307832e-11,1.574114615595486e-11,0.9573091022051977,1.6798995453838055e-07,5.650314752044214e-06,3.3219557324897146e-08,1.0047572023391355e-06,0.007101679465735088,1.0704753787237589e-08,2.3121987134932446e-06,1.467194801631813e-06,7.832748856922925e-14
54,1.4465977163328769e-11,2.4308294389899855e-14,4.261185254687363e-06,1.9429043297630315e-07,1.1821007722687226e-06,0.03624542916573167,0.00014314445267418318,4.48643187248683e-08,1.2987352292086402e-07,1.439316308621129e-07,6.650579792924694e-12,0.00029655440941822885,4.402965840322292e-07,4.367167609123564e-11,2.106386710771619e-11,0.9519044722776009,2.0135360863057182e-07,7.182930038108005e-06,1.3001700462200457e-08,1.6630598867681481e-06,0.011387715565931331,1.129084691711053e-08,5.364329259127594e-06,1.85153474285619e-06,1.6797375953755236e-13
55,1.4339107830514865e-11,2.029563672223102e-14,7.293504258937124e-06,2.1056469769203594e-07,1.3378273403461426e-06,0.035537354744757076,7.938920337563207e-05,3.1452417121623125e-08,1.1162189999067969e-07,1.9909242665771548e-07,8.64443231339301e-12,0.00016266993922762224,5.003925376784984e-07,2.8062197435852315e-11,1.7814799781364544e-11,0.9458898707435646,2.3869533820409096e-07,7.399951701753225e-06,1.6937130079232325e-08,2.3623705390554735e-06,0.018302713689889623,8.074728260833229e-09,6.755983289556043e-06,1.5351418979880889e-06,1.0122858770960646e-13
56,1.1128692453822176e-11,1.0582306136686386e-14,4.454537347384638e-06,1.5717677575650253e-07,9.540392179073084e-07,0.026525855763593748,9.450528104268034e-05,3.711250290959186e-08,8.446366996819451e-08,1.4674707162996226e-07,6.346722310259619e-12,0.00025511080962156756,5.716051022280538e-07,3.0383302882927076e-11,1.3427664336868777e-11,0.9619396540971846,1.7054824226858992e-07,7.508455576662185e-06,9.865374584591683e-09,2.1285171796821205e-06,0.01116279627910324,6.389878593672779e-09,4.440863685981223e-06,1.4073864562438399e-06,7.519047636515702e-14
57,1.533316245812655e-11,2.6406026361306095e-14,9.216942288693234e-07,4.275607098528894e-07,4.841810616388033e-07,0.0514893297155981,0.00012861084718279758,3.4746978399275085e-08,1.3379542081630347e-07,1.1304590968313363e-07,1.0038537803248657e-11,0.00010321231322776335,2.5256632266162796e-07,4.665574965441181e-11,3.400668973692162e-11,0.9384171273193912,1.4845996428586994e-07,3.103385322588114e-05,9.294589527569695e-09,1.3101727295504798e-06,0.009810187221618883,8.160090000969393e-09,1.505907711543952e-05,1.5958684141233232e-06,1.5997058222825601e-13
58,1.105996063643477e-11,1.1083782118095366e-14,4.297227041520696e-06,1.4150919365025447e-07,9.708301575472933e-07,0.030665950984311522,0.0001026479785071505,3.552632488616569e-08,8.156736789032665e-08,1.5718930046752062e-07,5.2995432690304186e-12,0.00026415258380812747,5.779160954088242e-07,3.143968505410405e-11,1.3397908222999958e-11,0.957051268904599,1.8846627749786287e-07,7.968028135072669e-06,1.1150324788353954e-08,2.0702413949762335e-06,0.01189296627420521,7.0144906606635195e-09,4.705348683673197e-06,1.8011984916391564e-06,8.121901995688702e-14
59,1.0745999932551072e-11,1.0570510234685686e-14,5.049271795895102e-06,1.4034917145200192e-07,1.0117412077559687e-06,0.02723311786886699,9.713801206701373e-05,3.466904610043759e-08,7.689735919799174e-08,1.4827500749300043e-07,5.657879902053565e-12,0.000271245443112019,5.791550938305417e-07,3.185036012079374e-11,1.311090304519739e-11,0.9595154212952519,1.851749373032694e-07,7.262776632090814e-06,1.0527257762013084e-08,2.20891662672103e-06,0.012860221593046854,6.593571822349455e-09,4.5055802822717e-06,1.6357982134601405e-06,7.60129752149388e-14
60,1.0790456362268656e-11,1.1385162372634853e-14,4.643146665929294e-06,1.5796640879306445e-07,9.890362561055013e-07,0.027565463264958213,9.677052657915659e-05,3.612076533941015e-08,8.924886390110956e-08,1.4050723573497073e-07,6.371120565165427e-12,0.0002567386240249886,5.030331633477442e-07,3.055760659032387e-11,1.4289798873564057e-11,0.9596655788851342,1.7256967361304051e-07,7.243951428188922e-06,9.713281934997419e-09,2.060721804398736e-06,0.012393343335617969,6.702799187893331e-09,4.68125732186778e-06,1.3713259166223449e-06,8.006724960895574e-14
61,1.1272047778894877e-11,1.1378932811232747e-14,5.225649697311054e-06,1.3757254936250537e-07,1.0589514845326987e-06,0.02785943952180141,0.00010113249480330093,3.4626856412141645e-08,8.467760809229482e-08,1.451640720579859e-07,5.7041354072496635e-12,0.00026694380948866946,5.375493030121696e-07,3.197618934762755e-11,1.3772224101801162e-11,0.958344025540644,1.894904432256e-07,6.880654155365315e-06,1.098275036246775e-08,2.0421264553467107e-06,0.013405849951808239,6.875411942827902e-09,4.637307642310083e-06,1.6169902071160828e-06,8.197421123068428e-14
62,1.0790456362268656e-11,1.1385162372634853e-14,4.643146665929294e-06,1.5796640879306445e-07,9.890362561055013e-07,0.027565463264958213,9.677052657915659e-05,3.612076533941015e-08,8.924886390110956e-08,1.4050723573497073e-07,6.371120565165427e-12,0.0002567386240249886,5.030331633477442e-07,3.055760659032387e-11,1.4289798873564057e-11,0.9596655788851342,1.7256967361304051e-07,7.243951428188922e-06,9.713281934997419e-09,2.060721804398736e-06,0.012393343335617969,6.702799187893331e-09,4.68125732186778e-06,1.3713259166223449e-06,8.006724960895574e-14
63,1.1570095483558905e-11,1.6024821351614744e-14,4.678467128799749e-06,1.669718171681402e-07,1.0512343534275202e-06,0.031061505265373775,9.504257198183259e-05,3.7817978082359556e-08,1.0251140217668948e-07,1.3709974751825596e-07,6.7650942339097205e-12,0.0002447924177477911,4.879295170371777e-07,3.1840731848725306e-11,1.718630836267907e-11,0.9555251943384739,1.7940367217216266e-07,7.863179771740369e-06,1.147540376429361e-08,1.9665775719159247e-06,0.013050189929373146,7.719779598656902e-09,5.1529047656686e-06,1.4321166663787858e-06,9.560019441143008e-14
64,1.0374025567309389e-11,1.0640771785254029e-14,5.8770065108152556e-06,1.4267173678372252e-07,1.0445703567295242e-06,0.026268618638276436,9.15754208861774e-05,3.0510043763804705e-08,8.09508663623952e-08,1.2620870970084294e-07,6.121308432775967e-12,0.0002767347532704447,4.698278606664911e-07,3.108198179065401e-11,1.4046358727779703e-11,0.954553864131421,1.948628006760837e-07,6.508131933292025e-06,9.031620608424068e-09,2.1777961960667025e-06,0.018785686250379484,6.413099200286885e-09,5.459656639741593e-06,1.39310568061328e-06,7.723877516058703e-14
65,1.2900446821159049e-11,9.525832345500225e-15,5.292527630557945e-06,1.619684096759943e-07,9.239865259933504e-07,0.022290404671511513,9.039056330146172e-05,4.8787293700176535e-08,1.0820723451406032e-07,1.7747162846706804e-07,7.884675011219555e-12,0.0002621373393307334,5.631475302279827e-07,2.4327199382688975e-11,1.3728618565197849e-11,0.9687151484815941,1.4744954769654922e-07,5.2888921551848225e-06,9.930237867548335e-09,1.783575298899298e-06,0.008623206010714066,6.783178497170138e-09,3.1739320987436225e-06,1.026215864911667e-06,6.273947687070797e-14
66,8.64217884276002e-12,3.011591164449337e-14,2.4950613755168e-06,1.9969373787771636e-07,5.250303949235609e-07,0.04351193036403064,9.010257829036657e-05,5.52634445457732e-08,1.2282462439548932e-07,9.661693103634988e-08,7.029755675620604e-12,0.0003369043699495012,2.436965845984878e-07,3.533498330561753e-11,4.26486167022119e-11,0.9383070060779569,1.537518457232204e-07,1.2108637324083836e-05,9.108343831790794e-09,1.3133678087528902e-06,0.017728268684919724,1.3851434900312606e-08,7.099077652119043e-06,1.3518495336123175e-06,1.311578427317214e-13
67,1.0840603673925467e-11,1.1363627395742879e-14,4.661990505040848e-06,1.578235188954633e-07,9.908069332558433e-07,0.027409845678617175,9.663397901630461e-05,3.6292268062549126e-08,8.949409376933022e-08,1.4090267420759966e-07,6.3830789323306185e-12,0.00025659497149533016,5.044105133605646e-07,3.046712120979671e-11,1.4262603541581032e-11,0.9599019395508461,1.7201233299432145e-07,7.195438196833418e-06,9.730814856238283e-09,2.052647360990611e-06,0.012312960653943607,6.696953484398774e-09,4.641140702130809e-06,1.3657171689158954e-06,7.971828718553892e-14
68,2.0863776229147013e-11,1.1595062716076764e-14,5.069041901365499e-06,1.8898939866697726e-07,1.0085020403867787e-06,0.013988195379601739,7.141308064256584e-05,2.6803184303456493e-08,9.353070478583355e-08,1.4498132537951894e-07,6.722200854169637e-12,9.478945489777974e-05,5.516558345264225e-07,2.6802951123535354e-11,7.590860340280124e-12,0.9812045493633961,1.5714246365756423e-07,4.168321249970113e-06,1.604467529858806e-08,1.2251535777315154e-06,0.004624366258332272,4.554774706965788e-09,2.9586516288780767e-06,1.0730283114314329e-06,6.703035768703912e-14
69,8.314846297907286e-12,1.1654122749773578e-14,6.055933900755024e-06,4.011636178244996e-07,1.2593331022934717e-06,0.03743859617553575,8.418312343968953e-05,6.284861401001416e-08,1.5341604403603853e-07,2.720060327299771e-07,3.541810043698452e-11,0.0004459804854920402,5.748415027056509e-07,4.377529258274865e-11,4.80901444373389e-11,0.9215965136127078,2.3370668021892566e-07,2.082315067668468e-05,4.396087894573261e-09,9.99460207775543e-06,0.040378209587535734,6.982234251873659e-09,1.5942370942241673e-05,7.321280408083028e-07,1.248050939154759e-13
70,1.5473427903980374e-11,1.6259505316798745e-14,4.804654555929386e-06,1.303353437953681e-07,1.2050025280996085e-06,0.03031201813177206,0.00012672890077468588,4.11072006517366e-08,9.947297462899332e-08,1.5306046718380472e-07,6.279191295703067e-12,0.00028479052484913615,5.582561058802086e-07,4.5945693262785234e-11,1.8899715706738686e-11,0.95375769493408,2.911026272309346e-07,9.703977671098405e-06,1.4872096483587905e-08,1.924025488468963e-06,0.015491881720776065,9.290193242834571e-09,5.66579288584571e-06,2.284750868289849e-06,1.2691853439432133e-13
