,0,1,2,3,4,5,6,7,8,9,10,11,12,13,14,15,16,17,18,19,20,21,22,23,24
0,3.435718262329228e-05,0.001522118167847189,0.002765224349588523,0.0006614593890609634,0.000346650829906455,0.0016794269488157106,0.24256485076308934,0.05381158519386264,0.043277721038705426,0.002279994171049805,0.000251440194308724,0.0036322107498864735,1.5870269937732038e-06,0.00017142032525398432,0.02153752209267659,0.6127756722080112,5.473439563877475e-07,6.075628423706559e-05,0.009527546291965346,6.489638385397241e-06,0.0019940940405678348,0.0008991000337471919,5.148949002095609e-06,3.964948173675278e-05,0.00015342730472179278
1,3.2837293882528594e-05,0.0016926222511225678,0.00211203027897664,0.0007317878002660366,0.0005117308655548247,0.0016645704978781924,0.25848816324033735,0.061679728516219126,0.043896271325456274,0.0017939083597386498,0.0004114546138922058,0.004367573458582746,1.8286234100342347e-06,0.00026043518519686874,0.025524411001756238,0.5828444448636025,8.875787584005336e-07,6.544950496656386e-05,0.010112215836116354,7.594199144584523e-06,0.002336219137099831,0.0012404887442875006,6.840642187562957e-06,4.1180324341529446e-05,0.00017532585722477968
2,2.864096155953023e-05,0.0013286450299377914,0.001958987721383609,0.0004121188479697517,0.00044425500934273937,0.0014214959202226475,0.2114156846630596,0.04659277128568595,0.037528859693783015,0.001730357770213125,0.00021593615942013157,0.0026520010498953315,1.4231869848246077e-06,0.00014212956236574407,0.026036225415965567,0.6571894267982974,4.925192439310661e-07,4.123076705671468e-05,0.008478214237871252,6.992068251901193e-06,0.0015153722959136743,0.0006876333616387486,4.1183267775924175e-06,2.9086634509263614e-05,0.00013790071265000259
3,2.873832871801114e-05,0.0013091451329095454,0.0023244180542850387,0.0005311303375108916,0.0003410582773906226,0.0017494095839205672,0.19215198499142092,0.05154087509057208,0.043143739579367145,0.0017965609587912725,0.00024399321056908712,0.0029251256743293044,1.5732191811816693e-06,0.0001384250185019484,0.022144591005806895,0.6663251524562788,5.545947553624964e-07,4.971413065230954e-05,0.010389923477762669,6.350726533245789e-06,0.001854374696021395,0.0008414884489293638,4.238443741198792e-06,3.8377332896874064e-05,0.0001190572291544923
4,3.1384359981901624e-05,0.001366909041879732,0.0023821400431790433,0.000586559142382217,0.00035288761069262545,0.0017813213265425471,0.19693932989750848,0.04997102351219169,0.04599363827421384,0.0017922429396636287,0.00025089559349713366,0.0034656945512411765,1.987138337459849e-06,0.0001557083052419718,0.02172321873886539,0.6594646421213576,6.461691797905666e-07,5.472983870044027e-05,0.010536316012820093,6.848152209628794e-06,0.0020531214421826744,0.0009092288974050662,4.516344210058385e-06,4.1261359899719696e-05,0.00013374918661625802
5,3.283081214377669e-05,0.001339806325513048,0.0023986462349310147,0.0006982611118551065,0.0003156336602932882,0.00177707857024254,0.1943421468411521,0.050527214438981186,0.04486337162987109,0.0020437334439587333,0.0002530251272577109,0.00360914038523762,1.9006259618445568e-06,0.0001692499005867871,0.02025642084309982,0.6643261305780521,6.65807201356539e-07,6.985360552721809e-05,0.009643432871535108,7.107976867387111e-06,0.0021373387698687125,0.0009972006287475323,4.7304333736760715e-06,4.4314203805770386e-05,0.00014076517393524714
6,2.873832871801114e-05,0.0013091451329095454,0.0023244180542850387,0.0005311303375108916,0.0003410582773906226,0.0017494095839205672,0.19215198499142092,0.05154087509057208,0.043143739579367145,0.0017965609587912725,0.00024399321056908712,0.0029251256743293044,1.5732191811816693e-06,0.0001384250185019484,0.022144591005806895,0.6663251524562788,5.545947553624964e-07,4.971413065230954e-05,0.010389923477762669,6.350726533245789e-06,0.001854374696021395,0.0008414884489293638,4.238443741198792e-06,3.8377332896874064e-05,0.0001190572291544923
7,7.346068997936321e-05,0.0013669198453596253,0.005803699225891344,0.0004926834224381214,0.00038650799961154243,0.0022186905037489954,0.2650539519680045,0.06668498684309124,0.043073223412271794,0.0023474040045026604,0.0002656058948677582,0.0031698142597147926,2.5394384349223033e-06,0.00011633687848862995,0.014555757416253116,0.5763308382497428,5.460396789594169e-07,6.42676648732049e-05,0.015673373524231548,6.757900160865955e-06,0.0015957116451718368,0.0005181867470776307,4.813927272613265e-06,6.72669726645548e-05,0.00012665552646748572
8,4.65914846512585e-05,0.002197082283114413,0.0044783501338408,0.0008104658028266618,0.0004155012843584417,0.0019177593097846018,0.28899545991491776,0.05868155214707333,0.04465986429927041,0.0027938214224457678,0.00025063996657277796,0.0038695260910183897,1.8352474601605657e-06,0.00017667799072158474,0.017106881138298596,0.5605750898734146,4.3900265414695566e-07,4.5138791970199125e-05,0.010575983745708277,8.352256781115945e-06,0.001624807238140151,0.0005522832510444614,7.723089755285485e-06,5.341764252733478e-05,0.00015475659164966777
9,2.829458683002307e-05,0.0016826266299881838,0.003622594788847563,0.0008593771476247422,0.00026832471318918557,0.0018659728818473888,0.22387257033201316,0.04756287027770332,0.047986918046467715,0.0026296713529432294,0.0001908397396653459,0.0037121056891030635,1.7001435982736338e-06,0.00013833769363552246,0.019126839096786613,0.6347777484036944,4.0566709780912553e-07,4.6672821694211956e-05,0.00857841605004013,7.566327307729265e-06,0.0021624570209059705,0.0006920890575866092,5.399349330562009e-06,4.531015000749663e-05,0.0001348920320918161
10,2.873832871801114e-05,0.0013091451329095454,0.0023244180542850387,0.0005311303375108916,0.0003410582773906226,0.0017494095839205672,0.19215198499142092,0.05154087509057208,0.043143739579367145,0.0017965609587912725,0.00024399321056908712,0.0029251256743293044,1.5732191811816693e-06,0.0001384250185019484,0.022144591005806895,0.6663251524562788,5.545947553624964e-07,4.971413065230954e-05,0.010389923477762669,6.350726533245789e-06,0.001854374696021395,0.0008414884489293638,4.238443741198792e-06,3.8377332896874064e-05,0.0001190572291544923
11,2.9730071665345402e-05,0.0013011248342292385,0.0023683460035084716,0.000547192603061745,0.000351160215133065,0.001758563681023807,0.19360471710033722,0.05089024449988493,0.04358843029361406,0.0017866347599598377,0.0002459873225827067,0.0031226433200991235,1.832799765252437e-06,0.00014178347762737226,0.02159500368064794,0.6652747390252315,5.986530983162953e-07,5.086942328364297e-05,0.010408191115044067,6.790269607789888e-06,0.0019117071866367426,0.0008456211648149752,4.407479277630668e-06,4.052068240727721e-05,0.00012316033745797677
12,2.7975032733040026e-05,0.0012522417423937928,0.0023915843771291764,0.0005174777869009963,0.00032570671813747217,0.001730005522638516,0.19156414484394532,0.05313072103956113,0.04323628626250929,0.0017161629889060753,0.0002480795726934211,0.002910494922269319,1.5326731784262832e-06,0.0001278122173509346,0.022767128065429777,0.664592582987414,5.179897053778336e-07,4.75225886330485e-05,0.010632113418233875,6.053315998320055e-06,0.0017846824109305597,0.000833704292655008,4.092003644577105e-06,3.890402817736385e-05,0.00011247319883102892
13,2.052680162955723e-05,0.0012048066516401222,0.0021620819882445744,0.0008674584737545161,0.00039974402609904204,0.0013551659448711672,0.25817925375415207,0.10196083309761522,0.042886258476551975,0.0009668209122313735,0.0008162405425647396,0.007347452500632942,2.120493974927732e-06,0.00032457944933274996,0.030929071965440216,0.5368497989330312,7.325536767572995e-07,4.944861322638213e-05,0.009842097636459246,6.6180836560327965e-06,0.0020550917453502084,0.0015917584356950035,7.71952866960119e-06,4.336327417865249e-05,0.00013095611732161564
14,2.6559993438772666e-05,0.0006673024437582086,0.003757949992263278,0.0005410711458957953,0.0001742106743042257,0.0016322757082335524,0.14468484312177685,0.04869986940784007,0.05282401761197876,0.001193885083826111,0.00016747290637223052,0.003836250366558289,2.1812842709949796e-06,7.698654981197626e-05,0.02054746107125298,0.709388347783131,4.50953439289354e-07,5.081915378536777e-05,0.008353339515032525,4.981230734716407e-06,0.002400175232572014,0.000825680445181199,2.669054886703525e-06,3.810837240249354e-05,0.0001030908972528127
15,2.873832871801114e-05,0.0013091451329095454,0.0023244180542850387,0.0005311303375108916,0.0003410582773906226,0.0017494095839205672,0.19215198499142092,0.05154087509057208,0.043143739579367145,0.0017965609587912725,0.00024399321056908712,0.0029251256743293044,1.5732191811816693e-06,0.0001384250185019484,0.022144591005806895,0.6663251524562788,5.545947553624964e-07,4.971413065230954e-05,0.010389923477762669,6.350726533245789e-06,0.001854374696021395,0.0008414884489293638,4.238443741198792e-06,3.8377332896874064e-05,0.0001190572291544923
16,9.539924819223881e-05,0.000645771089342029,0.010848244509329344,0.00040092428761007403,0.0006245762651337499,0.0071123957645882075,0.07171975975829961,0.03381655199067982,0.0720069903529294,0.00027844500588865664,0.0008261061438567035,0.00042005088808043655,1.270644159544614e-06,3.442246872083994e-05,0.005913853186447514,0.7831499077512495,2.1621729351896815e-07,1.9651976994614688e-05,0.01163576253926132,3.591540492128336e-06,0.00017063474771217524,5.2625400414339874e-05,2.652105313606224e-06,0.00020051381357052574,1.968230444030206e-05
17,2.7511696065547487e-05,0.001334881301351232,0.0021066655468308455,0.0005902599803252235,0.0003713753885298082,0.0016174900633902003,0.20015146321472901,0.05383020676334721,0.04130637408349556,0.0018119402327879544,0.0002616745375804959,0.00338141535552155,1.8032894574556242e-06,0.00016983379719545707,0.021690738825021278,0.6585619794664965,6.710557568913935e-07,5.27193519748649e-05,0.009589720431460752,7.2673923628418585e-06,0.0020053537273880613,0.0009540911765303546,4.9575125393131975e-06,3.731558678735875e-05,0.00013229022307434247
18,3.8031236626052434e-05,0.0014737881914656328,0.0018876260948365983,0.0005740580624028237,0.00044846897270135825,0.0013965862033831588,0.24620102101916178,0.040993313584256466,0.039445211580245505,0.002590130652063476,0.00018837884540830297,0.0042106447594744195,2.323811341536689e-06,0.00023626926861209177,0.0204003343311412,0.6278479768831418,9.845677776750918e-07,8.738185558621414e-05,0.0077383070735464665,8.593589814491942e-06,0.0028483446546082114,0.0011068974858598805,4.924270549995628e-06,2.9425512137561743e-05,0.00024097749385714967
19,2.7428724249444033e-05,0.0013112464448967092,0.0024172543920858835,0.0005682622895246659,0.00032186490792153303,0.0015824040583227665,0.21278051251764402,0.05172915647735376,0.04406086036346243,0.0018044892090534625,0.00023118401524016227,0.0033895939586262975,1.6490909582493833e-06,0.00013765450658868324,0.022642689736551386,0.6442940905151906,5.348133614753714e-07,4.9074448881984946e-05,0.0096388571059052,6.136474114112121e-06,0.0019457082810299192,0.0008926118716439077,4.196109564703329e-06,3.624066260641626e-05,0.0001262990252222301
20,1.7728120609547218e-05,0.0009643644183218884,0.0019774294605770858,0.0004910576890566665,0.00023354236817309032,0.0013243128122301636,0.18116296396828319,0.06991796876751774,0.037762402598225386,0.001394747170716854,0.00026764818232878623,0.0031466345710260196,1.1549976084723506e-06,0.00011381399962684671,0.03557239594960555,0.6527009294841294,4.5631595967942853e-07,4.261111812311982e-05,0.0097600724529814,4.9175196363663515e-06,0.001738557391140922,0.001272467319835912,3.4228116181413555e-06,2.759254830484105e-05,0.00010080796436292049
21,3.441683464750722e-05,0.0014315847892234202,0.0034675124058918703,0.0002981284844796398,0.000998330734941513,0.0020814278771425798,0.3494907703179419,0.070740381841785,0.03664842663156663,0.0016235376412735696,0.0006564164355610835,0.0020909666753304392,1.3770864685031214e-06,6.086674034581652e-05,0.04497296523924563,0.45343297344517236,1.203918405413299e-06,2.9970772414631875e-05,0.028144585125905706,7.312198555029161e-06,0.00247566108063188,0.0010971670332037419,1.1278810774816797e-05,6.123608791833049e-05,0.00014150179117284836
22,4.3390827627079774e-05,0.0012131080150434338,0.002531989653721717,0.0005449180521897915,0.00034177285688883865,0.002073321190821142,0.15433298444482055,0.05071103463789784,0.0436721058920045,0.0020048146619288986,0.0002813088863450631,0.0024449739122649663,1.561190890541137e-06,0.00014611910533284363,0.021399820142519833,0.7037802606268143,8.558040158531478e-07,9.204439948986694e-05,0.01099556361408652,6.570727878848281e-06,0.002089743397585701,0.0011081226395085306,4.063935874169789e-06,4.505637621235341e-05,0.00013449500823696208
23,2.873832871801114e-05,0.0013091451329095454,0.0023244180542850387,0.0005311303375108916,0.0003410582773906226,0.0017494095839205672,0.19215198499142092,0.05154087509057208,0.043143739579367145,0.0017965609587912725,0.00024399321056908712,0.0029251256743293044,1.5732191811816693e-06,0.0001384250185019484,0.022144591005806895,0.6663251524562788,5.545947553624964e-07,4.971413065230954e-05,0.010389923477762669,6.350726533245789e-06,0.001854374696021395,0.0008414884489293638,4.238443741198792e-06,3.8377332896874064e-05,0.0001190572291544923
24,3.3469519413330734e-05,0.0017723082165326607,0.0020546830642618526,0.0006774876065156149,0.00036916351388160035,0.0018893693956477714,0.17947667047757707,0.04990246611682814,0.0439298593532523,0.0021290817322427006,0.0002485374571880068,0.0032336185768995114,1.8793172026092758e-06,0.00020589925521691192,0.018369987030965082,0.6818540230342371,6.912362706331489e-07,5.8193516391012555e-05,0.010880378205656474,8.075106138700235e-06,0.0018368322556545833,0.0008882756737520278,5.171272603679606e-06,4.4155027027043635e-05,0.00012972403864350821
25,1.8940116947986507e-05,0.0011542234756439433,0.001876139239173605,0.0007022808476082275,0.0003570674377452603,0.001694586123952,0.19825725801457547,0.10141467934202571,0.03540377280686651,0.001275562568612567,0.0005480833207893731,0.0031638218005658127,1.2705733336271924e-06,0.0002320443860041847,0.021829220474971378,0.6194107588702247,5.543239420742043e-07,4.41112643387518e-05,0.010063264126247,6.141795718238048e-06,0.001415561420338051,0.0010041411869609832,5.725183204113201e-06,4.029573412525457e-05,8.049556608503701e-05
26,7.040646471460851e-05,0.0014660587894002254,0.003996933488040278,0.000615136460586247,0.00046057424996391605,0.0029337806492683513,0.14859484602729467,0.038400059542751046,0.05878875397825784,0.00197311653587355,0.0002953704330209773,0.0024911618008380335,2.997262582292728e-06,0.0001078026217574442,0.011873046541079,0.7098666011921525,8.573833999632881e-07,7.687283062771734e-05,0.015116329427187311,9.363468019103082e-06,0.0020223546067995673,0.0006090184921869525,6.067650609235459e-06,0.00011451022549142767,0.00010797987809782472
27,2.346278234881914e-05,0.001208425303554098,0.002053448032730244,0.0005272751009308506,0.000290618700469019,0.0016605330443517402,0.17157656018861298,0.0555703273206687,0.0430995225039406,0.0016251621610451935,0.0002652400220087284,0.0028347109037344664,1.3283668412352824e-06,0.0001280887480306544,0.026552883978181382,0.6787437734391657,5.35454310597308e-07,4.777601693966726e-05,0.010749614796984957,5.802078434633797e-06,0.0018128098402684593,0.0010760193530814852,4.029134384902652e-06,3.684635013485626e-05,0.00010520637884589341
28,2.873832871801114e-05,0.0013091451329095454,0.0023244180542850387,0.0005311303375108916,0.0003410582773906226,0.0017494095839205672,0.19215198499142092,0.05154087509057208,0.043143739579367145,0.0017965609587912725,0.00024399321056908712,0.0029251256743293044,1.5732191811816693e-06,0.0001384250185019484,0.022144591005806895,0.6663251524562788,5.545947553624964e-07,4.971413065230954e-05,0.010389923477762669,6.350726533245789e-06,0.001854374696021395,0.0008414884489293638,4.238443741198792e-06,3.8377332896874064e-05,0.0001190572291544923
29,2.873832871801114e-05,0.0013091451329095454,0.0023244180542850387,0.0005311303375108916,0.0003410582773906226,0.0017494095839205672,0.19215198499142092,0.05154087509057208,0.043143739579367145,0.0017965609587912725,0.00024399321056908712,0.0029251256743293044,1.5732191811816693e-06,0.0001384250185019484,0.022144591005806895,0.6663251524562788,5.545947553624964e-07,4.971413065230954e-05,0.010389923477762669,6.350726533245789e-06,0.001854374696021395,0.0008414884489293638,4.238443741198792e-06,3.8377332896874064e-05,0.0001190572291544923
30,2.873832871801114e-05,0.0013091451329095454,0.0023244180542850387,0.0005311303375108916,0.0003410582773906226,0.0017494095839205672,0.19215198499142092,0.05154087509057208,0.043143739579367145,0.0017965609587912725,0.00024399321056908712,0.0029251256743293044,1.5732191811816693e-06,0.0001384250185019484,0.022144591005806895,0.6663251524562788,5.545947553624964e-07,4.971413065230954e-05,0.010389923477762669,6.350726533245789e-06,0.001854374696021395,0.0008414884489293638,4.238443741198792e-06,3.8377332896874064e-05,0.0001190572291544923
31,5.1172734761770284e-05,0.0014823361199974528,0.003941449360859939,0.0005225107708050133,0.00036374102143929907,0.0017753537534566976,0.2523429487174475,0.0790114170970861,0.03935837414433276,0.0023757676289755873,0.00023686366090922383,0.002949164959735866,1.7668401643793881e-06,0.0001333475586161808,0.0182919085206633,0.5811944487973656,5.400472503030859e-07,5.886442038850439e-05,0.013380388420024009,6.552918440092075e-06,0.0016751393703049388,0.0006728076995196064,4.7339692785201185e-06,4.3854204562097876e-05,0.00012454726361516979
32,3.0416152775173295e-05,0.0013582121230987117,0.002359632589333968,0.0005080728340533798,0.0003395741163798871,0.0018436180395307521,0.18997889130550896,0.05390762764989053,0.043953549654203734,0.001826245139621902,0.00025273597274451745,0.002907361946184324,1.6093256666763498e-06,0.00013609524427767448,0.022874697026668986,0.6627090684542478,5.715743327799331e-07,5.0501048926324394e-05,0.012050204131966231,6.250501795458553e-06,0.0018647596731531423,0.0008791092267897475,4.229657782846794e-06,4.06575285376261e-05,0.0001163090825289559
33,3.6257170803554936e-05,0.0014208137905736525,0.003292385620757071,0.00047941013890756106,0.00033030802446816417,0.0015455300410652578,0.2502187742677998,0.042131485542401134,0.05322769827952863,0.001751722679059389,0.00019851327051118302,0.003432723240024681,1.3023022478196185e-06,0.00010256138799848075,0.028678870081786417,0.6007305514202398,3.6739301215670007e-07,4.756375411694708e-05,0.009480106000825272,4.954981779086487e-06,0.0019947717427420512,0.0007019221670355591,3.3560890147181354e-06,3.3662125340408636e-05,0.00015438848796113608
34,0.00011730769472900994,0.0023280472615435552,0.00546529939822365,0.00033306927247374335,0.00038576422722041254,0.0029342492203700272,0.1944373566275947,0.05073738461580204,0.1133134868023715,0.00104510279180469,0.00035370214702196373,0.0038724680322808572,2.4624162026867587e-06,7.965509545631658e-05,0.025175659595033074,0.5508598597067969,5.058219468954428e-07,5.747203021737143e-05,0.045551551268758594,3.4464227010848615e-06,0.001968505108750508,0.0007787453869223067,2.674842035162128e-06,9.962412206385529e-05,9.660009167914037e-05
35,2.5385930728464593e-05,0.0012937267817600456,0.002151279098895078,0.0005216107044742277,0.00034603337914451563,0.0017810324235989078,0.18126188501480617,0.049355876686168934,0.041559606580387785,0.0017336124889743055,0.0002474105209541,0.002792540596059408,1.5589975840375174e-06,0.00014098754329727373,0.02270163368606136,0.6811704772867438,5.513430398124769e-07,4.469772850040172e-05,0.010093166254555511,6.615663872728683e-06,0.0017962904827543774,0.0008173598729053056,4.3303714727804375e-06,3.7178421661439755e-05,0.00011515214159941203
36,3.96393141792362e-05,0.0020934564754927403,0.003203818329541589,0.0007050765842515776,0.0006071928671355987,0.0037693456194841744,0.19827471801862298,0.033341313382155555,0.05182956934985516,0.003580376366556857,0.0002986857812477446,0.0015014299690653031,1.1713519610101502e-06,0.00016428059085665553,0.016771557541147675,0.6699360578823339,6.104101288885805e-07,7.132550385292532e-05,0.01033809587341178,9.270718007366893e-06,0.002698314015314855,0.0005477364985187029,7.974428593925761e-06,7.056017737332306e-05,0.00013842295091038613
37,6.911895608427742e-05,0.0016095439374641713,0.00424406242854204,0.0006873126944687703,0.00038173431758196474,0.0019346778494354698,0.2650944622256317,0.05182067545243022,0.051340355281635774,0.0026735685418792336,0.00026170332398913447,0.0036361598086962965,2.1865989473583784e-06,0.00013336356795385127,0.014994631082387478,0.5853605287945625,6.392009141778295e-07,9.344923111554499e-05,0.012514141976521401,6.89318314055416e-06,0.002101726713400655,0.0008094251969773222,5.572162374191721e-06,7.35698973309764e-05,0.00015049757653486518
38,7.780455873829364e-06,0.001969385576677604,0.0008837553081455901,0.00562137332211823,0.000295920836941188,0.000619821783513912,0.1792815793263635,0.16804941475309307,0.034599761592057916,0.0019664108407297723,0.0009262898446922823,0.019797342467425257,3.612938002256263e-06,0.0011135384825178044,0.01630287220244441,0.5392287987054847,6.512205748467863e-06,0.00012175060393723183,0.005435577543650926,3.245913456975681e-05,0.010808931995720986,0.012654078178499888,3.909577523245895e-05,4.5690065884512206e-05,0.00018824606067452984
39,3.973878763065817e-05,0.002511837151125711,0.002125848880090459,0.0007239203204458838,0.0004973325210352162,0.00142677758352012,0.2785282149701111,0.04696255091298005,0.05100547056693946,0.0019667584884354534,0.000328572596834068,0.004226875051440079,1.32401661771988e-06,0.0002629903318950761,0.023997586343969746,0.5732370269940095,5.356522234205286e-07,5.656610214378141e-05,0.00925928003816254,6.632415696349352e-06,0.0016273174477454098,0.0009879068340931582,5.983114882655946e-06,4.0008820523869404e-05,0.0001729440574485386
40,3.4796861296844525e-05,0.0016294362279277862,0.003174207681623586,0.0005087545053740635,0.00035351735111687155,0.0016564860453391918,0.25599514311927496,0.045283348186414975,0.05552758906124141,0.0016561667381116015,0.0002372481010288839,0.00437232173700928,1.6907194606605756e-06,0.00014953222568604046,0.029661093760033924,0.5859571025950577,4.306406540609392e-07,4.438102768388187e-05,0.010688507398296536,5.117008619171673e-06,0.002017734479734788,0.0008430440254173902,3.974843469798432e-06,3.396545974619973e-05,0.00016441020038039292
41,2.8784529396428927e-05,0.0014335389367904241,0.0023425066795807947,0.0006043172644724457,0.00031582474072211454,0.0018895088028465,0.1943591054831258,0.057284836822045916,0.04298685989147704,0.002116132550925789,0.0002661603623761061,0.00323816121038557,1.6173549613734576e-06,0.0001605551123519354,0.022399902756772776,0.6550330677332393,6.340373265764231e-07,5.7142356768502615e-05,0.012110118654306197,6.73468986445732e-06,0.002152207655654824,0.0010397289344001336,4.8938346158596185e-06,4.2151819875799417e-05,0.00012550778571738996
42,1.89370578263492e-05,0.0008915172315063087,0.0020023216023619854,0.0004442720950064203,0.0002033575366762398,0.0016631019637070965,0.13576394918903992,0.059652957282991685,0.03708753027887197,0.0015458404008696607,0.00021295507585410782,0.002595225533102454,1.502214146750619e-06,8.85685580164497e-05,0.024457596709024386,0.7178242336967673,5.07193517209793e-07,4.127258845050513e-05,0.012588675768161467,5.509580919945787e-06,0.0017664383091419685,0.0010233452762807443,3.2622240460821995e-06,3.627779660337355e-05,8.084483710961885e-05
43,2.3309029814885156e-05,0.0011730659906994906,0.002041516495215962,0.0004903061352174229,0.000294470004968287,0.0019557539223954722,0.1617314209785173,0.050284277764597714,0.037364867268638594,0.0023247216347426114,0.00019903626298751264,0.002249390507762892,1.479443016325007e-06,0.00012753213958924695,0.020736767797067537,0.7051168951742199,5.962237845101053e-07,5.2293012240733454e-05,0.010671886213887769,6.958206770029377e-06,0.0021090063004722383,0.0008957829946836119,4.208482460818831e-06,3.66121830688767e-05,0.0001078458331804443
44,2.873832871801114e-05,0.0013091451329095454,0.0023244180542850387,0.0005311303375108916,0.0003410582773906226,0.0017494095839205672,0.19215198499142092,0.05154087509057208,0.043143739579367145,0.0017965609587912725,0.00024399321056908712,0.0029251256743293044,1.5732191811816693e-06,0.0001384250185019484,0.022144591005806895,0.6663251524562788,5.545947553624964e-07,4.971413065230954e-05,0.010389923477762669,6.350726533245789e-06,0.001854374696021395,0.0008414884489293638,4.238443741198792e-06,3.8377332896874064e-05,0.0001190572291544923
45,5.683186570332971e-05,0.0031386894890738,0.002581921849207944,0.0009156236466370257,0.0005847857833991309,0.002183792024476384,0.2616428124483372,0.04193314487033274,0.05790736970327829,0.003707268665381099,0.00024827268674598046,0.005146189479181036,2.913269728919454e-06,0.0003631363183469308,0.015014694183119843,0.5858080469292999,1.3242442218368935e-06,9.792500891526449e-05,0.012927126238662736,1.1943447575519072e-05,0.004208856121143871,0.0011932669648267156,9.503708177257921e-06,5.6640855023264965e-05,0.0002579201992039725
46,2.032783034680513e-05,0.0008779741386144568,0.0015823979702632228,0.0006732041363546468,0.00024020885968705714,0.0020155925421999933,0.08813982411582766,0.052485960171539184,0.03386724243959655,0.0014919011171398895,0.00026192454964480327,0.0028038402545350278,3.125944214681283e-06,0.00013674783650930583,0.01748338646833668,0.7814829889081432,1.643989755040035e-06,6.063198089466345e-05,0.012157901378639363,1.0269172726944627e-05,0.0025093690346898153,0.0015448201546601507,4.883681979415253e-06,4.8925376298402204e-05,9.490794740311652e-05
47,3.5879500230343875e-05,0.0009655762110094441,0.0020336090601271646,0.00039343877150030263,0.0002611428822841493,0.0012071616374182347,0.16192216384704397,0.03452763592010899,0.04512269070081478,0.0014794623935965204,0.00013127720035993075,0.0039443029435421205,2.7853865718344284e-06,9.052019690748497e-05,0.018617266617242723,0.7162251844825498,6.646187803131092e-07,5.627885645957307e-05,0.00985940655114501,6.2400303756789004e-06,0.0020421635856673523,0.0009012664847370918,2.5836312692697105e-06,3.559395573611888e-05,0.00013570453452197052
48,2.7808461992131615e-05,0.0012041558716824918,0.002374850471118679,0.0005421795528638352,0.00033762959051277484,0.0015940671456968658,0.1990083149405092,0.050037632676453975,0.042776632115642824,0.0017134342120167156,0.0002321333567372966,0.003056428048941143,1.5375643006898465e-06,0.0001368888866313938,0.02271117094488616,0.6627249023703167,5.211657085725616e-07,5.0268483372755485e-05,0.008618115830319703,6.276288970686062e-06,0.0018663605272732982,0.0008133455237831184,4.067476652129062e-06,3.4758853506779685e-05,0.00012651964010999985
49,2.819799559840674e-05,0.0012768526138288608,0.002808251681789871,0.0006522307213938591,0.00028346178851781955,0.0018291174480891544,0.19253654613129415,0.05244990642073041,0.04508245848650865,0.0019821013866899214,0.0002407641731913298,0.003579839044601408,1.8092238573748813e-06,0.00014450592427208046,0.022694860059880795,0.6611231399201479,5.563547819881528e-07,5.470402635875298e-05,0.009963027973867437,6.776271094565062e-06,0.002140720931501763,0.0009426392009325047,4.667638465527575e-06,4.1896473661695166e-05,0.00013096810894351737
50,2.780632684448103e-05,0.0014427475093725139,0.0022788402490974487,0.0004021896725325478,0.0003961186434461177,0.001117580033842712,0.39741970736617316,0.06973581414923216,0.024903797100526582,0.003089788282354328,0.00018366572296963477,0.0032739169195310255,1.2492207405854119e-06,0.00017400978172706883,0.022391604608054647,0.46166363771462315,4.156894080825119e-07,4.1330515908025995e-05,0.00902877717159299,5.622576883992645e-06,0.0015097402131038127,0.0007131538274208606,5.079300269084621e-06,2.103152051809186e-05,0.00017237588382711233
51,3.356759325286265e-05,0.0018046897102446256,0.002513900730262121,0.0006622917065792511,0.00032930229370303066,0.0017911463852754422,0.2103415918495641,0.05868003923668168,0.049067961552173994,0.00196462018612416,0.00027881343936352927,0.003572644968369454,1.4707787503182508e-06,0.0001762201909869666,0.02476068930719456,0.6284468382939424,5.894549320888018e-07,5.660630848820753e-05,0.012262636867929184,6.1625201675597455e-06,0.001994179631986697,0.0010758500880072405,4.6734846633167354e-06,4.0500144267457506e-05,0.0001330132770898179
52,2.495231821966308e-05,0.00047756170155893724,0.0014076672186602677,0.00026293303085476907,0.00021390696464073617,0.002355299505456602,0.07238544777242394,0.0318401787327308,0.02998716240379619,0.0013700091850209705,0.0002097575726697706,0.0008708445246237568,7.774670590167136e-07,9.83510601075885e-05,0.019279667390600948,0.8307486034824266,3.916656645128253e-07,8.289076897676122e-05,0.00668425756562099,3.865887337769491e-06,0.000982018570497086,0.000610032663842279,1.7199075564761436e-06,3.00724792211612e-05,7.163016043246513e-05
53,5.390164592215582e-05,0.0018654515203408114,0.002584673473233216,0.0005911686447278982,0.0002560467470151116,0.0037504206750052596,0.07527725592382273,0.040129293163269526,0.05742951044966979,0.002088333081436696,0.0002301948389678362,0.0019194956966923549,1.8596873577210929e-06,0.0001494850443968187,0.015222443107688444,0.7737546436319013,1.0216936115891264e-06,8.565575124539078e-05,0.021069753422314163,7.591856003228821e-06,0.0023971668648273712,0.0009652836354930274,3.7810282458315362e-06,6.906752296189115e-05,9.65008938499213e-05
54,2.173449692388201e-05,0.000645410943994579,0.0025612040693926653,0.0005516659818293864,0.00029435972350993247,0.002112444687995041,0.14150083701515834,0.06942960259389362,0.042670828442235166,0.001157380654506049,0.00038626989038278737,0.00230953601412502,2.2186378279265612e-06,8.27799242308135e-05,0.014808468897422176,0.7062361509931715,7.594316681156579e-07,5.553167844761803e-05,0.011896646440050531,6.342796159111258e-06,0.002218210318349299,0.0009187058948673773,4.383978006108879e-06,7.085442457450887e-05,5.76720712785655e-05
55,3.207998989072562e-05,0.0012344247087719502,0.0025220225380585813,0.0005427893761938875,0.00031476928034365894,0.0015972793728934941,0.20203566703799056,0.046123678824495515,0.050062804219680575,0.0015762096158058942,0.0002189131468772247,0.003608672453854934,1.8769892742954735e-06,0.00012413222496047548,0.020994977974518717,0.6561688267586551,5.107513515096808e-07,5.2176109874617186e-05,0.009871339797540405,5.773670518253412e-06,0.0019295476078357817,0.0008134515411684719,3.6661549318673798e-06,4.043529166971431e-05,0.00012397456284392677
56,2.9912560494984644e-05,0.0013158902724249777,0.002406734426684906,0.0005509807704853226,0.00034719780978553376,0.001775001359376161,0.19725398286729887,0.05151142484105853,0.044202584739633316,0.0017929529376902156,0.0002493620274267668,0.0032308091464065395,1.8325726435085156e-06,0.00014412231498181418,0.021991079670136564,0.6594805290640896,5.942919421314008e-07,5.0986484024350015e-05,0.010679470380139031,6.6540331770841634e-06,0.0019455526443434969,0.0008619120394575712,4.429859523397008e-06,4.054116737154127e-05,0.00012546171940375545
57,2.7428764752237976e-05,0.0012343693754535453,0.0022141336594783435,0.0005140906040159798,0.0003178337228219355,0.001591604115193665,0.1872338114107988,0.05088373026994566,0.042359835220978914,0.0017369283658379624,0.00022080697715842393,0.003274339734543762,1.8338510951460368e-06,0.0001305305486060208,0.02189571638202341,0.672744115538569,5.946098207085871e-07,4.76722121226289e-05,0.010587760940708528,6.651427475034072e-06,0.0019175080202245064,0.0008969507966080758,4.102199314761805e-06,3.717288540917739e-05,0.00012047836704358871
58,3.3412846633055435e-05,0.0013250017848324236,0.0026142161033534074,0.00056584745741335,0.0003514738987520796,0.0018914117713303763,0.1950028277629943,0.05118671991801421,0.04688695994775307,0.001739712075457337,0.00027253178874837294,0.0032686301015097444,1.9289597460422343e-06,0.0001343319886837146,0.020137463883002794,0.6598623547022653,5.744946460001904e-07,5.2184940646662396e-05,0.011789848816474578,6.6483770793670525e-06,0.0018896862432370566,0.0008145656950834614,4.6930547790291e-06,5.063639452108979e-05,0.00011633699304314574
59,3.08637634250158e-05,0.001244945549029648,0.0027644591082470146,0.0005557235344272483,0.00032975213847611414,0.0018949924170910768,0.1878745052323015,0.05087653499376094,0.04630463027411386,0.00173474140178854,0.00026073278180525336,0.002952820695968012,1.7151962059734605e-06,0.00011812143343585011,0.02087057902303615,0.668273228626943,5.188693417443688e-07,4.926117348751331e-05,0.011050897142786481,6.521121268415292e-06,0.001862351274302303,0.0007797417019706871,4.476302400842678e-06,4.916043630191812e-05,0.00010872580808481392
60,2.873832871801114e-05,0.0013091451329095454,0.0023244180542850387,0.0005311303375108916,0.0003410582773906226,0.0017494095839205672,0.19215198499142092,0.05154087509057208,0.043143739579367145,0.0017965609587912725,0.00024399321056908712,0.0029251256743293044,1.5732191811816693e-06,0.0001384250185019484,0.022144591005806895,0.6663251524562788,5.545947553624964e-07,4.971413065230954e-05,0.010389923477762669,6.350726533245789e-06,0.001854374696021395,0.0008414884489293638,4.238443741198792e-06,3.8377332896874064e-05,0.0001190572291544923
61,3.1325732054266946e-05,0.001277734099044426,0.002745102170789517,0.0005532530475851833,0.000337911677535085,0.0018434701131939462,0.19669442839701512,0.05185314187476091,0.0458838438098541,0.0017726016210236734,0.0002602458489845981,0.0030645355728416562,1.7581607607694156e-06,0.0001215535848309664,0.021363080028003006,0.6581700202385709,5.27762145097361e-07,4.971845046079722e-05,0.011128113163163847,6.5585848590785526e-06,0.0018779537748413882,0.0007975808358280587,4.533119784602372e-06,4.7978941002932924e-05,0.00011302939106621057
62,2.873832871801114e-05,0.0013091451329095454,0.0023244180542850387,0.0005311303375108916,0.0003410582773906226,0.0017494095839205672,0.19215198499142092,0.05154087509057208,0.043143739579367145,0.0017965609587912725,0.00024399321056908712,0.0029251256743293044,1.5732191811816693e-06,0.0001384250185019484,0.022144591005806895,0.6663251524562788,5.545947553624964e-07,4.971413065230954e-05,0.010389923477762669,6.350726533245789e-06,0.001854374696021395,0.0008414884489293638,4.238443741198792e-06,3.8377332896874064e-05,0.0001190572291544923
63,3.1239459958098786e-05,0.0015841869946610699,0.0023836649009354284,0.0005605819421748941,0.00036656361253990116,0.001825179576962535,0.19785226664071065,0.05120261879583881,0.045192049120042696,0.001963631448868787,0.0002502969541699236,0.0030254775841113257,1.5952196208009338e-06,0.0001513496261410938,0.023436638794396496,0.655725508455041,5.98056311603879e-07,5.060865869481888e-05,0.011369899448681307,6.792656743757645e-06,0.0019494863136215329,0.0008961560316382282,4.662350997111775e-06,3.978095506652615e-05,0.00012916640207163416
64,2.689638909720874e-05,0.0013532869807503748,0.002324181704235762,0.0005839319878828827,0.0003294008580107784,0.001825810671133254,0.19151807164231546,0.049740393327896974,0.04494835797325398,0.002025905240688705,0.00022678359511629174,0.003240471397197005,1.7981466359085657e-06,0.00014924247221354326,0.02256454175996208,0.6652315614156973,6.236607881584944e-07,5.414965102595559e-05,0.010316558695341675,7.116813368051655e-06,0.0024068043760409074,0.0009489432551623805,4.602727087745041e-06,3.898107443339206e-05,0.0001315841846642727
65,3.5968862288876273e-05,0.0012265360437185354,0.0022296652981397876,0.00047693151217456013,0.0003490480003510809,0.0018240016971649358,0.15364343125068722,0.03898919682519941,0.059585112985236964,0.001105341567285349,0.0002928145067889433,0.003056760614342889,1.806724208718784e-06,0.00010612638817245844,0.020700294596397877,0.7015514180803694,5.557583884223936e-07,5.057099554389552e-05,0.012151872839649717,5.066558747742345e-06,0.0016144483412780877,0.0008478883997366742,3.440106603363403e-06,5.396610849918506e-05,9.773593902576283e-05
66,2.4334166485682924e-05,0.001496799953775705,0.001970935261261161,0.0006191940731483412,0.00028686622468722357,0.0014614909526885077,0.20151939345762965,0.057748097699932804,0.046191908451962846,0.0015459505195767112,0.0002578680305204543,0.003841629869955802,1.345859080390768e-06,0.0001720978400489907,0.026024260130962994,0.643643164108476,4.875866875506231e-07,4.589408205644878e-05,0.01017939880522102,5.262672915739597e-06,0.0017411815475582544,0.0010665880397432682,3.937598980854977e-06,3.120621532391923e-05,0.00012070685131953881
67,1.1034487590115054e-05,0.0004774377022212385,0.0013143609000208383,0.0008789534391087314,0.00020936366734146286,0.003728946701181513,0.0527235806105576,0.033513828467997886,0.020941382859923793,0.0021520336773676457,0.00019504737416583054,0.0015818002918177858,3.832985149791943e-06,0.00023728134933603652,0.0067855277193215845,0.8671246478556291,1.0551877844384639e-06,6.04667760979178e-05,0.005048057858700038,1.6430416647103673e-05,0.002378074384092333,0.0004779746952258224,6.760041395899158e-06,5.5486099709360706e-05,7.663445161623997e-05
68,1.837332140032281e-05,0.0011847833021200994,0.0012270868368330727,0.0003382145332777036,0.0004299807342054242,0.001543080356008256,0.17549568143113978,0.04404759456165355,0.03183038388421871,0.0014353980669063878,0.00025964472799089094,0.0020335687587934924,1.1946818154115286e-06,0.00013485926653403945,0.02982761697214326,0.6981569089486587,5.153265302131218e-07,3.1610931704359765e-05,0.009902987387203337,5.925629093036595e-06,0.0012013788703138786,0.0007567972935585715,3.6055930880673575e-06,2.587210027262369e-05,0.00010693648453677144
69,1.9875472877532205e-05,0.0010775041522120762,0.0025675732939852355,0.0006304947921397412,0.00037694184365634237,0.001978983467052859,0.18074260351452798,0.0649068017058073,0.03833363554759759,0.0013958582609148883,0.00039563392820507806,0.0029390231467318717,2.006105261351603e-06,0.00012472299787925234,0.021201654836313175,0.6698849036894317,5.044124590257741e-07,3.4353596719925426e-05,0.01070002753405072,8.533320976262299e-06,0.0018425843820557438,0.000685530813417617,6.470011012713155e-06,6.239146922403004e-05,8.138770548981298e-05
70,2.91261953145881e-05,0.0018975652826210283,0.0021575454831078552,0.0005422824691530541,0.00041677302537420025,0.002556709729858186,0.1989492595756395,0.049563813431148095,0.05512593915463957,0.0020429793999551474,0.00037325573684861117,0.003189808445953052,1.7328678498445502e-06,0.00015198432903831632,0.025612129523164356,0.632620091642836,7.133455882872011e-07,5.1805650746860663e-05,0.020498169970543656,6.533522706684652e-06,0.00283684537875253,0.0011877335082387081,6.244607615423646e-06,6.444755341485427e-05,0.00011651016989158812
71,2.1514341322069073e-05,0.0013304276566905178,0.001106602903134194,0.0003949928253483356,0.0006772815644599724,0.0009133204438659332,0.18212617018200947,0.028769880204141177,0.026929929377889784,0.0019849271532781047,0.00011107649290242838,0.0022881413730240475,2.3727687715190295e-06,0.0001443126152687573,0.013630013673555078,0.7331156629955202,5.880594259809765e-07,2.6749217842191515e-05,0.0044973863223353545,1.678154851669222e-05,0.0013698690882563043,0.00037300944740461096,5.727059673717757e-06,2.680296197887579e-05,0.00013645972338473388
72,3.293234986477155e-05,0.003089841954021686,0.0016910197157743603,0.0005888850228146029,0.0006096765873739732,0.0016075011108685076,0.22495113610440062,0.044398069210640156,0.04044381648290612,0.0028761161824289606,0.0002885467366565948,0.0031859687179976296,1.3413016857652886e-06,0.0002244379504423092,0.029707120587885976,0.6293460114737621,8.202867002288705e-07,4.10149452295564e-05,0.013582392614909839,1.0562073867355287e-05,0.0018864718158618631,0.0011936580466846514,9.773897257817972e-06,4.002884176944438e-05,0.00019285598819515217
