,0,1,2,3,4,5,6,7,8,9,10,11,12,13,14,15,16,17,18,19,20,21,22,23,24
0,3.115828008536895e-06,0.0010853970802159015,5.459092367533235e-06,4.3483393193736e-05,0.0011753836449345677,0.5899922168214281,0.019775182314477224,3.549492389265243e-05,4.33976312588749e-06,7.258397189951564e-05,0.00014932710979643842,0.01589090432891363,0.02616530981128677,0.00033764548172552104,9.492352242792046e-06,0.3058825621399472,0.00010043645029490146,3.5370108638172604e-05,0.029944297372190568,6.945293899007876e-05,0.009169174802737918,6.9533540579334785e-06,4.5599095149731466e-05,4.602548645785838e-10,8.17360229713265e-07
1,2.226260277736043e-06,0.0006411298065394011,4.106986226119287e-06,2.668413182546576e-05,0.000674051237272243,0.6345684338433649,0.016243851579668078,3.272698167944511e-05,2.7168737977874708e-06,6.494672034946603e-05,9.197925850258432e-05,0.012074564417306451,0.019867817375439936,0.00023917735956388437,7.853420045789071e-06,0.27314356432680403,6.7824452477763e-05,2.66717040339885e-05,0.03342929284849889,9.939482105853621e-05,0.008640556588407965,6.247423845409612e-06,4.3571728659041945e-05,3.5711673875871603e-10,6.094972383596468e-07
2,2.221853844165612e-06,0.0005355675695460961,4.0845474716933985e-06,2.4197428850818842e-05,0.0009974181501185206,0.594716458298771,0.022934361109321566,4.358305251218601e-05,5.309851859893196e-06,0.00010961444018635877,7.254291065315893e-05,0.00700676610995173,0.01461062200164481,0.0002727751443010416,1.1813330800542785e-05,0.3058829222343356,4.4612414405198056e-05,2.2696104344134184e-05,0.0447538774588753,0.00021296079238198066,0.007660039062296092,9.879576356040693e-06,6.459585776641291e-05,5.072054527784032e-10,1.080192200208228e-06
3,2.2514954818899817e-06,0.0006149494408808839,3.922102343054032e-06,2.5804529907062476e-05,0.0006658178193847102,0.6152981453484005,0.015716215754216886,3.331531311714934e-05,3.0830266349803337e-06,7.097445273207785e-05,8.512289447636718e-05,0.010288106928166812,0.018844441838401678,0.0002125799390299103,7.445745833145589e-06,0.2966565530026379,6.437317485243173e-05,2.3756295141031126e-05,0.03378774651444731,9.537634241443066e-05,0.007454111749758184,5.859057259501326e-06,3.9490450511475784e-05,3.667961705707238e-10,5.56417174511835e-07
4,2.536922503730848e-06,0.0007611107889602447,4.17831566153749e-06,2.7936976841441904e-05,0.0007257200289106819,0.5946345759105519,0.016319786946276938,3.7183218583854704e-05,3.1093193499601138e-06,6.654413074473553e-05,0.00010461587689305434,0.014622786749585125,0.027854257952636616,0.00024780105451856514,6.514512917771834e-06,0.29878500259109625,7.909508852240538e-05,2.98030192423406e-05,0.03778864652126531,9.45310870486357e-05,0.007756860866345457,6.292408688476331e-06,4.054019417536815e-05,3.3893179027099936e-10,5.691797477945885e-07
5,2.6237337427026182e-06,0.0004558020306440133,4.283126131482811e-06,3.6055380397451283e-05,0.0006030825666657153,0.5584181989703308,0.01692496845805209,3.598272424712062e-05,2.7589812764439922e-06,8.72660894640826e-05,8.621986450280862e-05,0.012359898402586458,0.01936419693448213,0.0002470006951025065,6.3321585101131684e-06,0.3561651563235474,7.799242231054154e-05,4.2985586369284185e-05,0.026448943439294072,0.00013004821288433376,0.008450574377261504,5.790466622813335e-06,4.319831988041955e-05,4.929917505904965e-10,6.402427019994867e-07
6,2.2514954818899817e-06,0.0006149494408808839,3.922102343054032e-06,2.5804529907062476e-05,0.0006658178193847102,0.6152981453484005,0.015716215754216886,3.331531311714934e-05,3.0830266349803337e-06,7.097445273207785e-05,8.512289447636718e-05,0.010288106928166812,0.018844441838401678,0.0002125799390299103,7.445745833145589e-06,0.2966565530026379,6.437317485243173e-05,2.3756295141031126e-05,0.03378774651444731,9.537634241443066e-05,0.007454111749758184,5.859057259501326e-06,3.9490450511475784e-05,3.667961705707238e-10,5.56417174511835e-07
7,4.460120297707468e-06,0.0013625373888811753,9.32263013158128e-06,2.841393253371709e-05,0.000800042782331839,0.5962395329862044,0.019174427744075864,5.8126047757540936e-05,3.0528189170091574e-06,6.163549860957964e-05,0.00015115220036245345,0.017279590280008365,0.0633921320722547,0.00019005078003773963,6.384243351313964e-06,0.23136241809317898,8.875981102931412e-05,3.108322984179167e-05,0.06203885026410872,8.011016768155312e-05,0.007606896329356968,7.083606969918802e-06,2.3531894046281373e-05,4.024451375209122e-10,4.0467558624832155e-07
8,3.600005174342294e-06,0.0006923787474618846,6.82998220786286e-06,5.503700066600044e-05,0.0013232889248095004,0.595464200928078,0.02303013461376988,3.0190417140023472e-05,8.670094425988746e-06,0.00019159616723405607,0.0001469699898362186,0.005782627644890616,0.010346758051389045,0.00045668826809043404,2.380569882589413e-05,0.32808529965797956,6.008696517968601e-05,3.180505608936484e-05,0.024054518275021735,0.00015083592108026167,0.009965169948868013,1.0538477303333384e-05,7.709620612933786e-05,2.4750697528298297e-09,1.8704832793788661e-06
9,1.971696279537789e-06,0.0003328166384871391,6.517774620385217e-06,4.362115210899333e-05,0.0006665597369145322,0.6270042999820465,0.009926614244458253,3.08295986075196e-05,3.962230465349281e-06,0.00013333194749643286,9.801638029731074e-05,0.0046795720076807015,0.012287191543251448,0.000263379190507943,1.0450818789002668e-05,0.313044322444637,5.7307573554185806e-05,1.837350357397612e-05,0.023739213531026218,0.0001464071110914927,0.007451716869840557,6.661297888544116e-06,4.6398390034012105e-05,1.2467494075359685e-09,4.630895936815202e-07
10,2.2514954818899817e-06,0.0006149494408808839,3.922102343054032e-06,2.5804529907062476e-05,0.0006658178193847102,0.6152981453484005,0.015716215754216886,3.331531311714934e-05,3.0830266349803337e-06,7.097445273207785e-05,8.512289447636718e-05,0.010288106928166812,0.018844441838401678,0.0002125799390299103,7.445745833145589e-06,0.2966565530026379,6.437317485243173e-05,2.3756295141031126e-05,0.03378774651444731,9.537634241443066e-05,0.007454111749758184,5.859057259501326e-06,3.9490450511475784e-05,3.667961705707238e-10,5.56417174511835e-07
11,2.280928000046378e-06,0.0006373592736035218,3.968992718455378e-06,2.6009539673655443e-05,0.0006289067886852895,0.6083288658006777,0.015530829869553484,3.645575245896508e-05,2.9874713511100225e-06,6.590648502679843e-05,8.589229042521339e-05,0.011429534820021434,0.022511899348796924,0.00020833966582431578,6.6800543885447e-06,0.2981588897425828,7.13293361787206e-05,2.476815149010728e-05,0.03512014991266319,9.290321104735695e-05,0.006981934807355277,5.817223815040166e-06,3.7778002330744935e-05,3.3778816783751433e-10,5.121935432088698e-07
12,2.2534163239864e-06,0.0011711104227609761,3.5319613191090333e-06,2.6693448420837365e-05,0.0036213053944376514,0.7163416855465098,0.017028127293108982,1.0119462739935717e-05,2.5076984895556782e-06,3.494365760243373e-05,8.14690869906756e-05,0.03203426921714103,0.017797244482466133,0.0009329283784764907,4.073543710801247e-06,0.18331330933810577,4.075601094534901e-05,0.00012124512780153717,0.017821605816816345,0.0002157810830358096,0.009280230092874002,2.6424266268530216e-06,0.00010880857640200222,1.8662123959855427e-10,3.3583302726717956e-06
13,3.4190000055300323e-06,0.0012568141729272417,5.625567140531701e-06,5.470149827656452e-05,0.0012211460973412243,0.5514078158721695,0.01248169495904821,3.0090252343186435e-05,2.8273693813181464e-06,3.948327856110599e-05,0.0007353476953875307,0.031118328600183355,0.0709347078476248,0.0005022379218868523,1.218707509232171e-05,0.27298882148301484,0.00013195695444347667,3.483337372571514e-05,0.042097248794073186,5.639868680995853e-05,0.01478676968124572,6.505934900254994e-06,9.057182136815438e-05,6.815481913834503e-10,4.6538150128481106e-07
14,3.014138705509143e-06,0.00032663873481549087,7.664102164788043e-06,0.00011363556487876336,0.0007908597144276463,0.4904138600365131,0.028341149988407987,0.00010476626292564556,1.0233085848113373e-05,0.00015614321677808826,7.910492038175266e-05,0.00441119276022117,0.013314462043362715,0.0002484949266107808,1.737961170819495e-05,0.43356276415963246,0.0001230752359002233,2.943786459954967e-05,0.01895187706278743,0.00016602130569804294,0.008728018194159354,1.0398300475729348e-05,8.877625839987905e-05,1.4823421345028367e-09,1.0310282555132773e-06
15,2.2514954818899817e-06,0.0006149494408808839,3.922102343054032e-06,2.5804529907062476e-05,0.0006658178193847102,0.6152981453484005,0.015716215754216886,3.331531311714934e-05,3.0830266349803337e-06,7.097445273207785e-05,8.512289447636718e-05,0.010288106928166812,0.018844441838401678,0.0002125799390299103,7.445745833145589e-06,0.2966565530026379,6.437317485243173e-05,2.3756295141031126e-05,0.03378774651444731,9.537634241443066e-05,0.007454111749758184,5.859057259501326e-06,3.9490450511475784e-05,3.667961705707238e-10,5.56417174511835e-07
16,2.1609058349972764e-06,0.000634503753274664,3.980151001158127e-06,2.4926121527309054e-05,0.0006869439619604777,0.6332306098865366,0.015336065027160912,3.346132009648523e-05,3.4807947271505985e-06,6.506807775964557e-05,8.411467013684122e-05,0.008739812123373693,0.01866422644502028,0.00020143743152693157,7.983850264730359e-06,0.28186610573491994,6.158023812190365e-05,1.9589282314380608e-05,0.03398332696824328,8.915480380650781e-05,0.006215770031088685,5.6492089338105065e-06,3.951824141986259e-05,3.807088708039586e-10,5.305902409524725e-07
17,2.5165208405578366e-06,0.000684522978190613,4.063316782474689e-06,2.7287395233330586e-05,0.000731567723252937,0.593101875576073,0.01713176666816911,3.596278978060662e-05,2.9147414051499655e-06,6.989610625071382e-05,9.349207309888547e-05,0.01441221099137532,0.02290307237483923,0.00025375137066296904,6.909074223645689e-06,0.30450741834723566,7.371823642951385e-05,3.243679884508733e-05,0.03694251486903343,0.00010764013066003018,0.008821965709996549,6.562149731904748e-06,4.5260828241323185e-05,3.385965200188536e-10,6.728910514296307e-07
18,2.7794349134170366e-06,0.0009128447360583664,2.577339532897922e-06,2.0763631770513773e-05,0.0005328276537940306,0.5684197417534895,0.025402569473216893,2.9811306061869055e-05,2.8962661287890862e-06,8.471632852443421e-05,8.84687290520609e-05,0.029764422865389044,0.024395279540540056,0.0003963359564461549,6.2251693714506e-06,0.3025113668966486,0.0001248962024470956,6.758869178068199e-05,0.03616750154926072,0.0001299214233251578,0.010859459725208654,1.1175969833884046e-05,6.404346765790698e-05,2.605840742669055e-10,1.7856289637773433e-06
19,2.1980032966270514e-06,0.0005906989166227034,3.7115643525159392e-06,2.5041967640284475e-05,0.0006317103368391606,0.6198907160573749,0.01519501469669827,3.1433118087342485e-05,3.0104879404517228e-06,7.051339178527982e-05,8.34827839315162e-05,0.009631454877207037,0.01759152895702159,0.00020563454590507823,7.4458511656885835e-06,0.2959706300113985,6.264514812229821e-05,2.266078135487857e-05,0.03252342852875424,9.21202357059305e-05,0.007319096126818449,5.557106266201675e-06,3.9720644930491253e-05,3.675441852808727e-10,5.454932364502585e-07
20,2.121260753075619e-06,0.0006033912344514349,5.000288975768242e-06,3.060199523076795e-05,0.000701991324951032,0.6427498019260772,0.02295601160722256,6.0663752636620147e-05,3.689633581481814e-06,7.846017059300503e-05,0.00011723233079803262,0.007262567261412991,0.016481863325463784,0.00020744344286017033,2.166273357074255e-05,0.24638753400764518,5.6275620315243886e-05,1.410473226875557e-05,0.048976960284041755,0.00011941398228880081,0.013087944822391161,1.1818544388464272e-05,6.280976349185959e-05,5.685284879660976e-10,6.353860616164706e-07
21,2.572849646690155e-06,0.0006734802950089484,4.017386205127462e-06,2.6958574051381624e-05,0.0007545680101567188,0.5902027793176134,0.014700248673374845,3.099963297804702e-05,2.960605033522543e-06,8.078626050944748e-05,9.646848181399494e-05,0.012946235731057213,0.019981511037610485,0.00024155225015309165,6.7308596800916715e-06,0.3157795515622463,6.55439149643569e-05,2.989220772355258e-05,0.03521461728453054,0.00010085653246351462,0.009011484790524233,5.870893448717538e-06,3.971219067832255e-05,3.824586649636969e-10,6.002760687426536e-07
22,2.509466788436948e-06,0.00042424159828886437,4.987020014796652e-06,3.9362457910683066e-05,0.00048381949946134037,0.5641940192265944,0.011178237148408201,3.0230771685297765e-05,1.945411267432432e-06,9.725933194065224e-05,0.00011197322459872787,0.013297906736186289,0.018736722794847973,0.0002284736971151905,5.889214739175439e-06,0.35287490615335804,9.726952271730357e-05,3.6251290807005994e-05,0.026641565111152402,9.167207274281515e-05,0.011381553107469406,5.7160917691817185e-06,3.309799305966314e-05,4.904968849132692e-10,3.905665799946347e-07
23,2.2514954818899817e-06,0.0006149494408808839,3.922102343054032e-06,2.5804529907062476e-05,0.0006658178193847102,0.6152981453484005,0.015716215754216886,3.331531311714934e-05,3.0830266349803337e-06,7.097445273207785e-05,8.512289447636718e-05,0.010288106928166812,0.018844441838401678,0.0002125799390299103,7.445745833145589e-06,0.2966565530026379,6.437317485243173e-05,2.3756295141031126e-05,0.03378774651444731,9.537634241443066e-05,0.007454111749758184,5.859057259501326e-06,3.9490450511475784e-05,3.667961705707238e-10,5.56417174511835e-07
24,2.4033562795225525e-06,0.0006475061390015441,4.2043052295200045e-06,3.753729593595172e-05,0.001180927847760489,0.5121113610336068,0.01373867292680811,3.3448871659940444e-05,3.0429448662540362e-06,6.526877913179547e-05,0.00011095370205924878,0.01775623355487059,0.030970312718364215,0.0003525296052710923,4.865044148586906e-06,0.38408593056239776,6.793396575161307e-05,4.2277864695503393e-05,0.031439865701140546,0.00011176884639815434,0.007182591085326798,4.800989429633086e-06,4.498438913303567e-05,3.52901867162102e-10,5.78117831334577e-07
25,3.6757389603925037e-06,0.0004929323950560149,5.531184958114976e-06,5.228972940513125e-05,0.00085337212309855,0.4161971386429173,0.022792067438806022,7.35784157824439e-05,2.667061306999005e-06,8.295414041000466e-05,0.0001674917940618823,0.016342553106924878,0.03746412552216922,0.0002533463291505329,8.593316990132748e-06,0.4444117585454519,8.348022243470464e-05,4.7902707376897004e-05,0.0471569998741174,0.00012912962923980204,0.013315191332194483,7.4164811777421566e-06,5.527625711250025e-05,4.78271192884349e-10,5.275326260143123e-07
26,2.426560777558972e-06,0.0005356027542797051,3.557674586246446e-06,3.6338024073387296e-05,0.0006350066068329702,0.6724137829415495,0.013086254849762426,3.276653499183984e-05,7.816142514377874e-06,5.48877491644942e-05,8.718059813882763e-05,0.004371145139390691,0.013708127703359614,0.0001635284592841812,1.0169968139709596e-05,0.27223414015017183,7.56061068644211e-05,1.3776676514984887e-05,0.01851834359577092,8.6043188817351e-05,0.0038477080056118847,3.972105309546251e-06,7.122200127708288e-05,9.744242211345334e-10,5.954883921842759e-07
27,1.8637777507732348e-06,0.0005769531588951981,3.2096976582572635e-06,2.2658201052856904e-05,0.0006443017800823683,0.6287729440066205,0.021720081433032622,3.7027351663306185e-05,6.136793868587216e-06,9.668321527176838e-05,7.70708482324642e-05,0.005937560706881296,0.013629681461536322,0.00021448491463407966,1.316764639511998e-05,0.2886605601834792,5.839046707341575e-05,1.4812890430121206e-05,0.03353147293003434,0.0001234154310874856,0.005796043525491865,9.631780472035551e-06,5.103279419534289e-05,5.686631059615119e-10,8.144354976485835e-07
28,2.2514954818899817e-06,0.0006149494408808839,3.922102343054032e-06,2.5804529907062476e-05,0.0006658178193847102,0.6152981453484005,0.015716215754216886,3.331531311714934e-05,3.0830266349803337e-06,7.097445273207785e-05,8.512289447636718e-05,0.010288106928166812,0.018844441838401678,0.0002125799390299103,7.445745833145589e-06,0.2966565530026379,6.437317485243173e-05,2.3756295141031126e-05,0.03378774651444731,9.537634241443066e-05,0.007454111749758184,5.859057259501326e-06,3.9490450511475784e-05,3.667961705707238e-10,5.56417174511835e-07
29,2.2514954818899817e-06,0.0006149494408808839,3.922102343054032e-06,2.5804529907062476e-05,0.0006658178193847102,0.6152981453484005,0.015716215754216886,3.331531311714934e-05,3.0830266349803337e-06,7.097445273207785e-05,8.512289447636718e-05,0.010288106928166812,0.018844441838401678,0.0002125799390299103,7.445745833145589e-06,0.2966565530026379,6.437317485243173e-05,2.3756295141031126e-05,0.03378774651444731,9.537634241443066e-05,0.007454111749758184,5.859057259501326e-06,3.9490450511475784e-05,3.667961705707238e-10,5.56417174511835e-07
30,2.2514954818899817e-06,0.0006149494408808839,3.922102343054032e-06,2.5804529907062476e-05,0.0006658178193847102,0.6152981453484005,0.015716215754216886,3.331531311714934e-05,3.0830266349803337e-06,7.097445273207785e-05,8.512289447636718e-05,0.010288106928166812,0.018844441838401678,0.0002125799390299103,7.445745833145589e-06,0.2966565530026379,6.437317485243173e-05,2.3756295141031126e-05,0.03378774651444731,9.537634241443066e-05,0.007454111749758184,5.859057259501326e-06,3.9490450511475784e-05,3.667961705707238e-10,5.56417174511835e-07
31,4.632668424828552e-06,0.0008652263819532948,7.779025115871398e-06,3.0021880434845692e-05,0.0009250729612445062,0.5336715932831001,0.02147626789729521,7.762753140887716e-05,2.657488270342644e-06,7.118852433031493e-05,7.23043639684319e-05,0.020266174498945102,0.036396106191850096,0.0002117562364394121,5.508058201632833e-06,0.30912687263333827,7.933221969907665e-05,5.566640628423308e-05,0.06551977143387076,0.00015866436783473818,0.010926118054343452,7.401902110297107e-06,4.143829012569985e-05,2.862387574851366e-10,8.174151715884776e-07
32,2.2319914893081022e-06,0.0006132456271147768,3.9224713968950675e-06,2.2611667047222963e-05,0.0006684680635250155,0.6119784475127881,0.015941131623717804,3.557273523009099e-05,2.9641273237377088e-06,7.074899044712341e-05,8.196932225399962e-05,0.010504266481247908,0.01899835898582245,0.0002107595017186207,7.690409877006085e-06,0.2918152230617344,6.104040041155146e-05,2.2746279893231935e-05,0.04132001436263323,0.0001046608218144885,0.007486145335710566,6.660356497795353e-06,4.0542917596790745e-05,3.334277990308034e-10,5.766192800818177e-07
33,2.455893382042422e-06,0.0006330491605759791,4.622114004589237e-06,2.6357031170917727e-05,0.0009452737370377672,0.6967942496080809,0.01438173509449316,2.862855979814628e-05,3.654769255024868e-06,7.529581831214093e-05,9.070234180299337e-05,0.005596730956489697,0.009463791925603173,0.00019037483666589132,1.468271995175982e-05,0.22685910219098937,3.64571761198578e-05,1.5566114354401978e-05,0.03350650423053135,0.00010556557997820675,0.011160999926259234,5.025832431765362e-06,5.842342382072804e-05,6.172297825942511e-10,7.503416610453859e-07
34,8.066902616809644e-06,0.0025650268791347942,7.793928417173772e-06,2.0177822988127808e-05,0.0018400361746006607,0.5170144258827929,0.018579982046900315,5.637970975379767e-05,8.433179608975967e-06,8.954040907758928e-05,0.00023566175905668076,0.015501456903824545,0.04184738909127259,0.00028521482285899974,1.4256980037828596e-05,0.2249529832768314,6.38942510769056e-05,2.184456703460774e-05,0.16714798358065672,9.824417644240241e-05,0.00956552050290289,1.3235491781318338e-05,6.127710772247345e-05,7.112804502648859e-10,1.1738413289687997e-06
35,1.27564543831397e-05,0.0012648682199326408,5.3721702770650475e-06,3.009493290381459e-05,0.000595800514142763,0.2717313900118827,0.02766063431704537,9.353444095955175e-05,5.166490012030464e-06,0.00015522045363888968,6.580891054734231e-05,0.036186743810901444,0.04641570392273331,0.0001346015267560176,2.4256483024819298e-06,0.5441478235767325,0.00016506599171010484,0.00012966054936866767,0.06393626398905111,8.278528881577006e-05,0.00715413339278455,7.778703147632708e-06,1.5505625543969263e-05,2.881148622395444e-10,8.607703123189601e-07
36,1.8273505680403962e-06,0.0005423098007268059,3.0491673460307213e-06,2.3096948371569553e-05,0.0005181420197802664,0.5954899766597321,0.015778119676682058,3.3994661713195706e-05,3.060405169142072e-06,6.261190765662673e-05,6.95796983718605e-05,0.01073275979796795,0.019691215526779937,0.00019340695245227801,6.200126828523904e-06,0.3208196533070721,7.475411853136916e-05,2.2064155336421952e-05,0.030084310092755823,8.732511017547846e-05,0.00572005007128665,5.877748194825265e-06,3.612720134987251e-05,2.809717288030117e-10,4.872141792780695e-07
37,5.351153763997197e-06,0.0006282186074093346,7.692936597251466e-06,5.193847069329091e-05,0.0008315816348683827,0.534857292415369,0.01729855225173038,3.521682997594372e-05,3.080209731735041e-06,0.0001087507219283245,0.0001729783333439056,0.015617612495150578,0.024593934201254008,0.00032474165802507386,8.445026249095165e-06,0.3610658456123001,9.350114004349077e-05,6.871883162178285e-05,0.03304140763303395,0.00012921160336732313,0.011000862772397379,6.30732702511643e-06,4.793383377616598e-05,1.1812616034314777e-09,8.231190828534111e-07
38,4.863844331270531e-06,0.001376231785924399,8.455550983036381e-06,4.9866934269236464e-05,0.001757070837219051,0.5680638268424989,0.023599727483118112,4.817166950148191e-05,8.272667470244308e-06,0.0001374406896173499,0.0001571385904568221,0.017601861487973353,0.028801539732460295,0.000453402446206105,1.143930942419329e-05,0.30298574159485137,0.00010049202704319677,4.928797316239155e-05,0.04356134679042809,0.00014041398810547945,0.011016571845515417,1.2040340465607164e-05,5.334357486482686e-05,8.6891108063948e-10,1.4511251986734525e-06
39,1.8393699414821198e-06,0.0004572949926687324,3.2037270690480676e-06,2.271007291503586e-05,0.0004869953303508099,0.6180743750692225,0.015920936680472113,3.9506270251195084e-05,2.2615490391266865e-06,5.755565344518797e-05,5.989691417820209e-05,0.00958201683962276,0.016836092826799917,0.00016108092141091455,6.690105423267433e-06,0.2968567651777239,6.242877089084455e-05,2.1417706513791862e-05,0.03316079477480818,0.00010185509418479137,0.008035491146006124,5.4929064413674365e-06,4.279359142025498e-05,2.521891644855103e-10,5.042570113003604e-07
40,1.9374625034420645e-06,0.001096072260519818,6.313483147530327e-06,1.626527409387805e-05,0.0010869067088553788,0.7354068604489852,0.011873617392666616,1.9739872003301627e-05,2.045327408424158e-06,5.496858885887427e-05,9.062914844047935e-05,0.016482062506609774,0.017572941014598286,0.0003292345797171456,8.496895812087788e-06,0.16336801225635905,4.7344035756699806e-05,2.4084571349181293e-05,0.044006948057938075,9.479944989821189e-05,0.008374519071993578,7.781355010002219e-06,2.7738063434070738e-05,2.8675353552143625e-10,6.818872871942678e-07
41,2.4025929347377975e-06,0.0005783280255589792,4.001999770615352e-06,2.5472487038073516e-05,0.0006217162001081771,0.602206778934642,0.01714824835982082,3.5286058960250664e-05,2.6196433450817123e-06,7.286678079732193e-05,9.202394342336217e-05,0.012015088224652352,0.019443648923722103,0.0002268502298795417,8.00098457164294e-06,0.29955385385584876,6.71301189804571e-05,2.806831000338862e-05,0.03868433994575112,0.00010831764811581293,0.009023813592089366,6.850186201653603e-06,4.367641267785442e-05,3.6741739845084427e-10,6.161736892451434e-07
42,2.216001538953345e-06,0.0006202211704110277,4.7609146477953105e-06,2.2961492779797676e-05,0.0006142717524578782,0.5958714996039998,0.0160355022280495,4.9634574486157355e-05,2.915558825653921e-06,8.335335975011822e-05,7.723412835588611e-05,0.011069324301782616,0.020179865028790857,0.00018754876994466846,8.409057637021233e-06,0.2932670260824446,6.679225001706752e-05,1.9368019322999155e-05,0.05243759775094526,0.00010886923172645632,0.009226852847730048,9.543296072324042e-06,3.3766911859586904e-05,3.199695557076834e-10,4.6534645443350624e-07
43,2.487810563820265e-06,0.0007419035617860573,4.061217293302811e-06,2.7321655223009433e-05,0.000725468800901089,0.610728407745807,0.016750199422400084,3.3401409977873605e-05,2.762471851479483e-06,5.2893951353874554e-05,0.00010217622007067488,0.01459967288385657,0.024319978008032907,0.00023476834754634473,7.25358099840285e-06,0.2897088080777052,7.491376178296912e-05,2.957801520175736e-05,0.03410481064314319,8.295792610451302e-05,0.007617690047876883,5.470129874048218e-06,4.241873488951639e-05,3.2981357713211363e-10,5.952459459070263e-07
44,2.2514954818899817e-06,0.0006149494408808839,3.922102343054032e-06,2.5804529907062476e-05,0.0006658178193847102,0.6152981453484005,0.015716215754216886,3.331531311714934e-05,3.0830266349803337e-06,7.097445273207785e-05,8.512289447636718e-05,0.010288106928166812,0.018844441838401678,0.0002125799390299103,7.445745833145589e-06,0.2966565530026379,6.437317485243173e-05,2.3756295141031126e-05,0.03378774651444731,9.537634241443066e-05,0.007454111749758184,5.859057259501326e-06,3.9490450511475784e-05,3.667961705707238e-10,5.56417174511835e-07
45,1.4554268057808977e-06,0.00034683029667630983,3.1450882706398603e-06,2.1795013404773667e-05,0.00042140978640433995,0.6167327855701937,0.01678857190640861,4.132239285367846e-05,2.777152116406841e-06,5.84167454236065e-05,5.354922746709458e-05,0.004678394977439403,0.013225161776930299,0.00011665136255446974,9.061184095558767e-06,0.312998297735069,4.556158920358453e-05,1.1675958311379508e-05,0.029534874674765996,8.542664546000129e-05,0.004786855798799036,4.695981327796166e-06,3.096229068156215e-05,3.2698617208286924e-10,3.210923505898775e-07
46,1.5683941216796582e-06,0.00023249957102032718,2.0822588326434724e-06,3.0493072380416298e-05,9.69953337752414e-05,0.6300077184545081,0.005934699258438525,2.8764776756291853e-05,1.2647238606835334e-06,3.3201426520031095e-05,5.563748458631879e-05,0.009996664875859054,0.016899840432569712,8.087509288472575e-05,2.8050692194786747e-06,0.3203453655740605,0.00019206836114572687,1.9254818413930083e-05,0.01148198811110159,3.8721917277366366e-05,0.004487816661747752,2.551543456308527e-06,2.6988783095210825e-05,2.9323274168467267e-10,1.3371113562533794e-07
47,4.920934517771315e-06,0.0016345057378995133,3.5675708314498746e-06,8.214507553789853e-06,0.0004340528203697531,0.49277397464141504,0.02791876369153439,5.7738257690192354e-05,3.092036731143081e-06,0.00010201223282619323,5.3626654997407005e-05,0.041444809862483896,0.03042963444622206,0.00015246703601192436,5.269543624004297e-06,0.2728592335988156,0.00010282046450685489,4.66020956090364e-05,0.12232904919738284,0.00011765748724493203,0.009478100813104563,2.037883718987373e-05,1.8443305619663934e-05,1.5737956146287226e-10,1.0640684386367458e-06
48,1.0097479948103112e-06,0.0004039854630116988,1.5143187762035388e-06,9.081677576864377e-06,0.0001024606419876178,0.7222177400546189,0.00867890589790597,3.539950700206662e-05,1.3282879255842922e-06,1.782921807440754e-05,2.815062077959936e-05,0.006505153394136146,0.021350618551250512,4.3064307041306754e-05,2.669979850227628e-06,0.20893374595485917,9.055114517711468e-05,6.140524534963546e-06,0.02938723507609183,2.8928317572135386e-05,0.0021365185696260273,2.373180273512923e-06,1.5495310566762465e-05,7.178633974302198e-11,1.001815803194931e-07
49,1.7011224134043032e-06,0.0006831911575897601,5.51947510827503e-06,1.895701745951528e-05,0.0005631496311222472,0.7199260262486717,0.011790457092700364,2.5394471264394412e-05,1.7981518137200407e-06,6.450330406065482e-05,6.753883305415305e-05,0.016059730717711072,0.018241316348718933,0.0002469542853588029,5.980821989266393e-06,0.18884962551434692,6.747724977702059e-05,2.669217699263053e-05,0.03484301641482107,0.00010821490844217983,0.008370529730920985,8.078713299414956e-06,2.3665277659066333e-05,2.6877743706792214e-10,4.810659270043511e-07
50,4.464999100609524e-06,0.0007579884195332561,4.119405537275557e-06,1.828733114265276e-05,0.0010507743331562697,0.33353398120212224,0.08652479791611922,8.34970077952645e-05,7.596711492811054e-06,0.00034925901951180513,5.987270400601764e-05,0.007982402255883288,0.019546458427019273,0.00027857718277730643,1.3429795429751826e-05,0.4366419032341073,4.142381635544285e-05,4.4791098240631855e-05,0.10360266777495335,0.0002745087885811477,0.009114371015444149,2.524158929140248e-05,3.674383565145254e-05,4.247889890150158e-10,2.8417119592033206e-06
51,3.856916199769418e-06,0.0024756565882933317,1.3183835640972774e-05,0.00010770664853386266,0.0015776255594064515,0.6256955114656868,0.014135442139770072,4.536533514244485e-05,1.2848913721880572e-05,0.00014615515062081958,0.00021963309684640338,0.0151853951107778,0.04546834421845125,0.00037544708658544324,8.538852578249978e-06,0.26960816809503174,0.00016344091977659557,2.440931470610719e-05,0.016819426812447965,3.6317400763400565e-05,0.007854098655682137,7.999723857318774e-06,1.5093448844153769e-05,1.2356138859039652e-09,3.3347502116298035e-07
52,2.2892768683332187e-06,0.0003000749723321457,3.8478380301089444e-06,3.4589096535328536e-05,0.00047997106992757744,0.5267744486547097,0.011600871469069627,2.5900645091602592e-05,2.3963711417909076e-06,9.377988466461795e-05,9.296057118939402e-05,0.007407334168704747,0.017365760993411698,0.00019503911899163367,4.998289999252988e-06,0.40845785052829947,6.303967720444105e-05,3.128505384319466e-05,0.021591906527833687,0.0001017941157979699,0.005335717442227448,3.772606861878922e-06,3.0034073648221433e-05,5.765939953082475e-10,3.3697702210639146e-07
53,3.867703294279439e-06,0.0015616301009725036,1.2599205597174438e-05,2.213641269450718e-05,0.0009551296368703862,0.7138171225271945,0.00323866110670113,1.6119561100002198e-05,1.3536156205578173e-06,7.614547263926152e-05,0.0001244996604373038,0.03108327838539398,0.024931160672300147,0.00027100106913470403,3.0105616053712846e-06,0.1596807083568104,8.784963703863425e-05,3.2278444726317226e-05,0.05020142543914343,5.3756498322429916e-05,0.013807064002633367,5.6001485920944646e-06,1.3325605369230214e-05,3.3365791331702797e-10,2.7584215034081586e-07
54,1.861382913417706e-06,0.0002817680819737213,7.35081548288167e-06,5.207719711123645e-05,0.0006376491137056391,0.6707517922509725,0.010730737028506068,4.206563624680621e-05,2.047317322883529e-06,5.40996747855086e-05,0.0001369412056572902,0.006342420296585028,0.02002057810130562,0.0002091920784738544,1.0427530992391734e-05,0.25276686980255714,6.332408413962884e-05,1.8988478025529562e-05,0.02780896186809156,0.00012758967299469605,0.009867400477993523,5.019862592913215e-06,6.054392504970842e-05,6.979847340747605e-10,2.9341853568036304e-07
55,1.0364261141085598e-06,0.00019866354015640652,3.3326677979879943e-06,2.3763073536965704e-05,0.0003144996715080017,0.6935012434412781,0.009239889376835338,2.9114816170618038e-05,1.8128830582776991e-06,6.572772946417774e-05,5.886570571679326e-05,0.002619675913072304,0.00977001947006403,0.00013519396844033292,8.431627194758045e-06,0.2535689418806933,4.161835878806606e-05,7.952465393911462e-06,0.02467031863119818,9.53823694941519e-05,0.00559767804995882,4.496381326342015e-06,4.211203636027802e-05,4.002080796756165e-10,2.291161707390876e-07
56,2.3902774326417245e-06,0.0007082815161519817,4.192478340390897e-06,2.6393774753791723e-05,0.000700600481967012,0.6082689691302625,0.016291082013149286,3.5589954838728464e-05,3.2443440803734257e-06,6.949140468570942e-05,9.390826939199132e-05,0.012049225203184777,0.023404347786257475,0.00022857145024042337,7.148153576396846e-06,0.2945541242732957,7.134618329345636e-05,2.6050132070265917e-05,0.03618551398616884,9.442364250547348e-05,0.0071302323151464135,6.207953683079602e-06,3.809795841503132e-05,3.6283883683669136e-10,5.669542696435487e-07
57,1.1774031393230668e-06,0.00016755734574113357,1.0776100606613834e-06,0.00010609657575781902,0.00022915835536213057,0.6085434089975698,0.015754457067334134,8.671452818839261e-06,1.0526732285503073e-05,7.757246805259258e-05,8.159410759064159e-05,0.0004289445353151559,0.005045752059273972,0.0001443659802843802,9.103559584089185e-06,0.3672705467186784,5.474493799173362e-05,9.976715105417172e-06,0.0008767747243256952,2.450710883134023e-05,0.001096290320096965,4.840047852448722e-07,5.6818034171968156e-05,2.926340490531336e-09,3.902595024329368e-07
58,2.447157183506613e-06,0.0006014188964624242,4.346324798500442e-06,2.8061039564928917e-05,0.0006331610567945604,0.6184132897310135,0.015116173748226464,3.3511730440694426e-05,3.475848237544904e-06,7.717035177854052e-05,9.76940929700279e-05,0.00910998841116216,0.018486644043981745,0.00020977558713361832,8.676807824927306e-06,0.2971799159657154,6.68341308139828e-05,2.242188346033792e-05,0.03270746833338057,9.553010132624294e-05,0.007055545783157133,6.139433138982705e-06,3.9770091085836465e-05,5.343295409749816e-10,5.389160189242235e-07
59,2.537513031608584e-06,0.0005772454043533605,5.1716784641203445e-06,3.283773333651515e-05,0.0006956193418285072,0.6240476625483685,0.014918256875571695,3.329365724578459e-05,3.74741519443734e-06,9.116026630697654e-05,0.00010472289568650167,0.008336130159665119,0.01643088104938241,0.00023389547784749003,1.0070375205663084e-05,0.2953355308038651,6.791767285681926e-05,2.3391033433298742e-05,0.03112589731464743,0.00010512613135976575,0.0077694960793459715,6.657655494124115e-06,4.215663568285276e-05,6.976643244421178e-10,5.935841615551265e-07
60,2.2514954818899817e-06,0.0006149494408808839,3.922102343054032e-06,2.5804529907062476e-05,0.0006658178193847102,0.6152981453484005,0.015716215754216886,3.331531311714934e-05,3.0830266349803337e-06,7.097445273207785e-05,8.512289447636718e-05,0.010288106928166812,0.018844441838401678,0.0002125799390299103,7.445745833145589e-06,0.2966565530026379,6.437317485243173e-05,2.3756295141031126e-05,0.03378774651444731,9.537634241443066e-05,0.007454111749758184,5.859057259501326e-06,3.9490450511475784e-05,3.667961705707238e-10,5.56417174511835e-07
61,2.4972805219691507e-06,0.0005666879192072805,5.369715292013106e-06,3.2336363882265936e-05,0.0006772746339834778,0.6323493563886889,0.0137991141055886,3.418829154735168e-05,3.2372435375095318e-06,8.27662537009258e-05,9.85701195875208e-05,0.008847093738637768,0.017401298330194416,0.00022379992591068366,8.8598437977569e-06,0.28615805888124,6.819403613390875e-05,2.3890317297714463e-05,0.03160265111421504,0.00010276029817430808,0.00786544151074652,6.241328393784399e-06,3.978237676387568e-05,5.925876430627267e-10,5.293903686117219e-07
62,2.2514954818899817e-06,0.0006149494408808839,3.922102343054032e-06,2.5804529907062476e-05,0.0006658178193847102,0.6152981453484005,0.015716215754216886,3.331531311714934e-05,3.0830266349803337e-06,7.097445273207785e-05,8.512289447636718e-05,0.010288106928166812,0.018844441838401678,0.0002125799390299103,7.445745833145589e-06,0.2966565530026379,6.437317485243173e-05,2.3756295141031126e-05,0.03378774651444731,9.537634241443066e-05,0.007454111749758184,5.859057259501326e-06,3.9490450511475784e-05,3.667961705707238e-10,5.56417174511835e-07
63,2.3773413285883183e-06,0.0007067547323131155,3.990014999500874e-06,2.504219759069858e-05,0.0006980335647645783,0.6199171400898095,0.01619529969759591,3.347812689673563e-05,3.3275635786725644e-06,7.142368670727875e-05,8.748838540677161e-05,0.01087725962848531,0.019593635185039822,0.00021516499372781765,7.630116823676907e-06,0.28895512029675513,6.593032029902392e-05,2.381684350024309e-05,0.034951654838302454,9.11177759826658e-05,0.007429315602709318,6.08429081214365e-06,3.8328394471997056e-05,3.6614836098977553e-10,5.859459506781118e-07
64,2.4512656278704243e-06,0.0006612260379373055,4.7814978941414436e-06,2.8490792493814577e-05,0.0007160992721001873,0.6370817384142616,0.015634163481660076,4.015749657345663e-05,2.8443001397409296e-06,7.874521254535276e-05,9.255158571689727e-05,0.010741246089346485,0.0176273720467586,0.00020811910619629182,9.156969812822265e-06,0.266025360327588,6.190842408994104e-05,2.3039169757116388e-05,0.03887649072659696,0.00010701606460114107,0.011925646010588084,6.99095102491931e-06,4.384139882364937e-05,4.013136342781309e-10,5.629565518882539e-07
65,2.36932051158499e-06,0.0006318903850871579,3.838746021348685e-06,2.597061422739572e-05,0.0006873581666315993,0.598071858227475,0.016231697357808987,3.3457592431495674e-05,3.2004664094666475e-06,7.362494368413414e-05,8.678519544730637e-05,0.011047108084009187,0.019699793493049594,0.0002198357704581271,7.128908525717169e-06,0.3110654986201418,6.61218672538018e-05,2.5930881945255627e-05,0.03446592429338713,9.714246137599334e-05,0.007407365716103398,5.937801505288615e-06,3.95751209013945e-05,3.6611849105003767e-10,5.855994894082456e-07
66,1.6731539834068487e-06,0.0005941867241963291,2.35861850707793e-06,1.517488183208121e-05,0.00038666108827083883,0.7122293606980894,0.019157831823327913,3.573576424391113e-05,3.4337963397676575e-06,3.8235827334013854e-05,5.380752702172346e-05,0.006743433574164415,0.014779880285044471,0.00013565855923620434,9.252014086364317e-06,0.2067632604119485,5.747005722343392e-05,1.2763172898100218e-05,0.03408933907271896,8.40101103949971e-05,0.004748501597262632,5.38270289038642e-06,5.19890490874534e-05,2.5316261945574e-10,5.992367350051623e-07
67,8.957828936539586e-07,0.00024507014178363074,1.8564392619541874e-06,1.4500262900102973e-05,0.0002232544860254824,0.7649772803715399,0.009318350243593817,1.2524656070413819e-05,1.0679486429365946e-06,3.94753032817913e-05,5.501128419501145e-05,0.007302799206912849,0.009831554178400601,0.00019801601264664146,5.304366360885742e-06,0.18534691119938007,5.277907835172228e-05,1.8444459372865012e-05,0.016026472938144635,0.0001115220998094162,0.0061614757196363,3.752794652798874e-06,5.123592693852958e-05,2.7223983002301217e-10,4.4482696404913537e-07
68,2.2251004046970893e-06,0.0008157938648868956,4.252225035228365e-06,1.8682215043445716e-05,0.0008213547819461119,0.6833914951373029,0.012375833101011329,2.697405740706251e-05,4.2405583600391205e-06,9.0780587248047e-05,8.214192457573331e-05,0.005982149963237022,0.009882875565776723,0.0001836453965023235,1.3386437243030973e-05,0.23937480138407857,4.6238928047346864e-05,1.0932362215994658e-05,0.03973152260414304,7.549428058718571e-05,0.007024867731698899,7.738162484192997e-06,3.2012980988554804e-05,5.280445752048998e-10,5.601217309751745e-07
69,3.269723879788333e-06,0.000878887389752814,4.874769799094772e-06,4.43951450687366e-05,0.0012898739039182018,0.5025280334875633,0.020352616226119655,4.339019663569404e-05,7.3887311924982635e-06,0.00010009736258060142,9.26044317394382e-05,0.008512126142573335,0.019071848383417054,0.000232381702276071,9.019239248428787e-06,0.41544999623490664,7.04393874599776e-05,2.7237883215677772e-05,0.02549263460271532,7.051130743183326e-05,0.0056771151995973455,5.36278449789015e-06,3.5133992415118126e-05,5.631576272291914e-10,7.612088379531147e-07
70,1.5098758738450356e-06,0.0003804096412635969,3.079997839263832e-06,2.8560667864661887e-05,0.0005323750786503202,0.6066237114183688,0.012793567674112038,2.87477627824629e-05,2.9825926013561915e-06,6.446363901885578e-05,6.073684297888529e-05,0.007307213684111143,0.01569760379099366,0.00019181293644940692,5.405815318264829e-06,0.3308508057715756,6.220571982322451e-05,2.0682820906962588e-05,0.020205891278625644,9.559209909272723e-05,0.005001129620717201,4.007376558499307e-06,3.7095530679299966e-05,3.3875495896793043e-10,4.0802503942151434e-07
71,2.795606919236633e-06,0.0006575198413844615,2.427945490397225e-06,2.7389188751439895e-05,0.0009250546945794324,0.4372721503224012,0.018391758407352594,3.6260069773981096e-05,4.530239423028896e-06,8.476574217243114e-05,9.963468409915649e-05,0.013597869067012873,0.02157607134803531,0.00023756907808082897,6.506869186036426e-06,0.4664243998896858,6.30244058633994e-05,3.3023268125954184e-05,0.0328820520722584,0.00010311080815925472,0.007514518142819219,5.51359303916145e-06,5.129893796105013e-05,3.749129394512526e-10,7.554025123619462e-07
72,2.9985063560285466e-06,0.0015831942151519505,7.1142797893045025e-06,1.8835881832704638e-05,0.0011884117864421043,0.6182346802604508,0.019894640044452346,4.0687132163413967e-05,2.77688246898892e-06,7.257549151636305e-05,0.00015161340250452639,0.032371675043849434,0.026090703314837222,0.0005553862420494494,1.684944099181761e-05,0.1789504987709183,8.617653838019682e-05,3.365690235421462e-05,0.10166750420372563,0.00012635913221579377,0.018805404138903498,2.7708773194042506e-05,6.890061912300999e-05,3.0430507241190286e-10,1.6486920238602257e-06
