,0,1,2,3,4,5,6,7,8,9,10,11,12,13,14,15,16,17,18,19,20,21,22,23,24
0,3.364018250719726e-06,0.00018826007722578394,0.0021271365772738437,0.0005681973681376836,0.00012588940076898277,0.00037361365384806566,0.20465389410426196,0.20592526310673812,0.021777298956086176,0.00034607979979923645,0.0007159200036945585,0.007464867695085812,1.934973874519701e-06,2.9714899900232562e-05,0.030846539065042818,0.512983262702831,5.050522799111585e-07,1.447328698279489e-05,0.00734596543400357,5.739893833622423e-06,0.0021484001941072715,0.0022750742985639684,5.77353025262406e-06,4.08188345792775e-05,3.2013072577510963e-05
1,3.077058056258721e-06,0.00021424521611762586,0.0016339084181028144,0.0006847281567620711,0.000188940216498867,0.0003851353189334466,0.21748391564132996,0.23502439534445813,0.02139229955109705,0.0002868446032788709,0.0013381159144825398,0.009045012259720545,2.204105161956289e-06,4.749470849222437e-05,0.03527379384472053,0.4630714436085596,8.501467213032404e-07,1.5705650991856612e-05,0.007919769784384302,7.0369987209184185e-06,0.002597601588607889,0.003289837686314941,9.318493092086162e-06,4.770671507297362e-05,3.661897032129638e-05
2,3.2357484982369453e-06,0.0001672316015559038,0.001768354003150605,0.00036298659812505305,0.00016894376138063306,0.0003425862837260476,0.1917008124035438,0.17968632850932426,0.020854395186315156,0.0002758548502336423,0.0006794914718102611,0.005494587860402057,1.6719502278359972e-06,2.593741242217815e-05,0.03844461656991595,0.5500309285596076,4.3976812279409274e-07,1.1355488991254984e-05,0.006528340797483857,5.7717213457816555e-06,0.0016446200628821496,0.0017347261700162628,4.719594973879147e-06,3.082177063069199e-05,3.124185531424149e-05
3,3.1183624172251587e-06,0.00015793782159405307,0.002006897935568791,0.00046184335731667617,0.00012844926528242622,0.00040585220253282434,0.17167208728145572,0.19870806254286075,0.02238719070642385,0.0002813604552608798,0.0007519611701320954,0.006080603446896104,1.940700530605994e-06,2.4875547828179086e-05,0.0314508525490079,0.5534199196117575,5.140819142982252e-07,1.3196640524650138e-05,0.007876455190799245,5.462534948210985e-06,0.0020029854627113338,0.0020864843271558788,4.859755948633866e-06,4.054602359175301e-05,2.6543025540355156e-05
4,3.350000216687261e-06,0.00016729597707775963,0.002044062397557616,0.000520519332333104,0.0001330408134185873,0.00042248264012066677,0.17620896462170782,0.19180627741206682,0.024059924380186906,0.0002934129209124209,0.0007812930375076087,0.007080515085047227,2.3723605847407973e-06,2.804215775606004e-05,0.03161238799406511,0.5521690602383101,5.931274756141165e-07,1.4748396579208898e-05,0.008012698903111815,5.894941679810479e-06,0.002225393749337846,0.002327883318431922,5.418212603107712e-06,4.4332664727767345e-05,3.0035317183553846e-05
5,3.4160147225901014e-06,0.0001671061028978957,0.001976783276368016,0.0006189999893093199,0.00011696184711250076,0.0004114024434509124,0.1693731323270283,0.1970823526980238,0.02327520347422095,0.0003188933051928995,0.0007656267390750568,0.007626208947381281,2.3657182890407302e-06,3.0519003760495364e-05,0.029107728496415936,0.556544758949645,6.271538618455742e-07,1.7810365449850605e-05,0.007547401406890068,6.279758042544949e-06,0.0023602243549390033,0.0025626485542008825,5.492570526664217e-06,4.746273745154615e-05,3.0593765743581225e-05
6,3.1183624172251587e-06,0.00015793782159405307,0.002006897935568791,0.00046184335731667617,0.00012844926528242622,0.00040585220253282434,0.17167208728145572,0.19870806254286075,0.02238719070642385,0.0002813604552608798,0.0007519611701320954,0.006080603446896104,1.940700530605994e-06,2.4875547828179086e-05,0.0314508525490079,0.5534199196117575,5.140819142982252e-07,1.3196640524650138e-05,0.007876455190799245,5.462534948210985e-06,0.0020029854627113338,0.0020864843271558788,4.859755948633866e-06,4.054602359175301e-05,2.6543025540355156e-05
7,6.444442422696132e-06,0.0001999922051068562,0.003824112915553631,0.0004427861950181135,0.00013753266281695857,0.0005209388713047627,0.1922697819108132,0.23496607464758235,0.023692874711303498,0.00038628103900678384,0.0006688839189749305,0.0053856304570076615,2.2206988698615403e-06,1.8243607905704275e-05,0.02356824028594266,0.4988455579397096,4.279175741669573e-07,1.4595392175249967e-05,0.011869867497667996,5.341698586155791e-06,0.0016918282200241595,0.0013868018067978607,5.8668122322942014e-06,6.508149022222585e-05,2.4592655380466464e-05
8,4.434142285561618e-06,0.0002919221724944938,0.0034270615321306945,0.0007717639418823701,0.00015169991825700284,0.00046826706287844385,0.2370620940159118,0.23251078558641275,0.021332196021999386,0.00046273844772375594,0.000768274149043896,0.007742525696525033,2.1969014519820512e-06,3.3745348760340075e-05,0.023255922419297363,0.4598843844722293,4.165248367690723e-07,1.0540506230801296e-05,0.00861162638438153,8.098606009690022e-06,0.001741164418634194,0.0013557833905800919,1.013577178183283e-05,6.035547488869965e-05,3.186709337240152e-05
9,3.0921846700116394e-06,0.0002130905991466641,0.0031762869557219586,0.0008214370253279099,0.00010496837554655265,0.00043385423973953525,0.206708136272904,0.1865976375187601,0.02331520510204008,0.0004498789798992608,0.0005895106677921199,0.008306334199037807,2.3924943549186475e-06,2.8444382294549144e-05,0.024234739846353194,0.5343926237071742,4.24469860549054e-07,1.2614196653432123e-05,0.006358966911482256,7.756248351043098e-06,0.0024931850880213964,0.001660725860333342,6.837326526441297e-06,4.9999078430600116e-05,3.18582695780711e-05
10,3.1183624172251587e-06,0.00015793782159405307,0.002006897935568791,0.00046184335731667617,0.00012844926528242622,0.00040585220253282434,0.17167208728145572,0.19870806254286075,0.02238719070642385,0.0002813604552608798,0.0007519611701320954,0.006080603446896104,1.940700530605994e-06,2.4875547828179086e-05,0.0314508525490079,0.5534199196117575,5.140819142982252e-07,1.3196640524650138e-05,0.007876455190799245,5.462534948210985e-06,0.0020029854627113338,0.0020864843271558788,4.859755948633866e-06,4.054602359175301e-05,2.6543025540355156e-05
11,3.218697819196431e-06,0.00015738662004412653,0.0020522601418541445,0.00048021072972327097,0.00013270823271137317,0.00041326714750117966,0.173538866080043,0.1950690435315414,0.022797693417135168,0.0002857130312483298,0.0007632849629601724,0.006429079977718539,2.2292190852524652e-06,2.5455832198112436e-05,0.030913270543238634,0.5547874841468552,5.509220204192921e-07,1.3685748750657631e-05,0.007867519437348598,5.823630805035162e-06,0.0020685309335979015,0.002116707230611783,5.159472703632412e-06,4.324259901910339e-05,2.760771346576373e-05
12,4.954243281661449e-06,0.0005799335213200564,0.0008042092673326611,0.0009603814773856357,0.00040856371131556393,0.0005907675397576538,0.16863348583726448,0.09216887537157824,0.025379415213536476,0.0009487347247507748,0.0004742847855963108,0.006184766479232165,2.9494760000538163e-06,0.0001619008107967462,0.020738046734638155,0.6680376958731982,2.5241424673727175e-06,3.58735203596007e-05,0.005014974817593865,1.7896996978930686e-05,0.005460544429547462,0.003246557710722852,1.3240966207944875e-05,3.056572325046757e-05,9.885662588661421e-05
13,1.7451348777704057e-06,0.00015056538417420462,0.0014530050212999905,0.000755370810572595,0.00014096495345693454,0.0002876715017366804,0.19412222570668147,0.34196056401371366,0.018306209228762117,0.00015312690818719148,0.0022714492159382244,0.01260726840398086,1.964564944251822e-06,5.770292649973836e-05,0.03714015694526862,0.37850069639165385,6.069175533810655e-07,1.0982919006853555e-05,0.006371796025921238,5.342015309610617e-06,0.0020531738986024877,0.003570414947617852,1.0213896602293304e-05,4.090414534380351e-05,2.587812229424851e-05
14,2.4333924180331826e-06,7.818111724968818e-05,0.002798220421504025,0.00048348905709252464,6.11712714046345e-05,0.0003638237252016783,0.11509254646991125,0.17103723445992755,0.027933142784009282,0.0001838430036189314,0.0004429677795510686,0.0076414343192256675,2.6560881750276635e-06,1.2606331181741852e-05,0.02888111407448401,0.6342245476518418,4.134266026865865e-07,1.2614331223966284e-05,0.005882566688070584,4.548140948284703e-06,0.0027075483644761196,0.002089624009689958,2.950515672346918e-06,3.895428112520337e-05,2.136829539382729e-05
15,3.1183624172251587e-06,0.00015793782159405307,0.002006897935568791,0.00046184335731667617,0.00012844926528242622,0.00040585220253282434,0.17167208728145572,0.19870806254286075,0.02238719070642385,0.0002813604552608798,0.0007519611701320954,0.006080603446896104,1.940700530605994e-06,2.4875547828179086e-05,0.0314508525490079,0.5534199196117575,5.140819142982252e-07,1.3196640524650138e-05,0.007876455190799245,5.462534948210985e-06,0.0020029854627113338,0.0020864843271558788,4.859755948633866e-06,4.054602359175301e-05,2.6543025540355156e-05
16,8.735393566263603e-06,0.00011718944299532916,0.005590889749954253,0.0004207779659068475,0.00030737451486788706,0.001521122243299965,0.043228385683455745,0.09579879546153121,0.03769222455287544,4.205557495979003e-05,0.0017548495905281168,0.0006519237669212976,9.988888849392443e-07,6.48751618764958e-06,0.007653341267554371,0.7987550446360002,1.777899277195358e-07,4.192097268743392e-06,0.0059716680164765635,3.22293612893776e-06,0.0002049221371402927,9.87398485040861e-05,3.819082248398936e-06,0.00015888362315940926,4.1782196565575935e-06
17,2.9014157668472075e-06,0.00016236420705420505,0.0017879240771024219,0.000521320571110005,0.00013879048897263516,0.00037661349813820254,0.17775268153453436,0.20634523402268365,0.021255835870654854,0.0002899490450977368,0.0008144908032226967,0.006956369430370006,2.1577971389956566e-06,3.067319385179828e-05,0.030835268794596117,0.5407964892195901,6.177856246697904e-07,1.3948347308227738e-05,0.007241618071177987,6.228208502778503e-06,0.0021745586919474707,0.0024189421079722235,5.908838788323291e-06,3.9761753497675625e-05,2.935222529590345e-05
18,3.541983683563556e-06,0.00020241665754950006,0.0014693599656191907,0.0005501691970687972,0.00016412356979552406,0.00035011044370549937,0.20291099794872472,0.15415907063138856,0.023073110780499156,0.00043636429401297533,0.0005623519322420671,0.008598562507498575,2.6214441535692976e-06,4.0581989836975165e-05,0.03302564123592839,0.5612906872628247,8.911165482966816e-07,2.1613101938633578e-05,0.006388341341360869,7.7537468529395e-06,0.0034168368161403735,0.0032339640406793065,6.394366941376415e-06,3.365107934655264e-05,5.0842545659976546e-05
19,2.9878377835794052e-06,0.00015820781883687761,0.002109548777813106,0.0004979667467279923,0.00012197198872317011,0.000370691943469024,0.19126340002444897,0.19693945364672283,0.023019180198766167,0.00028747177685141585,0.00071407975276404,0.007039679611000178,2.038207130012867e-06,2.485655197569123e-05,0.03169598942777778,0.5340972447019342,4.924886429215441e-07,1.3153650627335903e-05,0.007252742253458236,5.284936780292756e-06,0.0021114140993434664,0.002200038628604759,4.927350032759232e-06,3.8845535354616925e-05,2.8332044430677395e-05
20,2.199048362585207e-06,0.00011016919596784793,0.0017860368376965993,0.0004111090700209955,9.262811067006382e-05,0.00028285763660708147,0.16800105671733756,0.2521614925947541,0.017748609181723423,0.00022206121912157553,0.0007865367671313998,0.00656186467310929,1.4486510954397636e-06,2.2605708036965603e-05,0.04248189221880652,0.49845808214662063,4.3756139270166624e-07,1.2783969150076647e-05,0.006207461220087337,4.06896166505746e-06,0.0018425457308070237,0.002747029668892784,3.864861268445154e-06,2.5783663017244717e-05,2.537458665723265e-05
21,3.1729187120055195e-06,0.000195532570458391,0.0020741021475640547,0.00033859270980480833,0.00028392714203568503,0.0004360909607662508,0.21292283518485638,0.21845862033426372,0.01947893344349193,0.00024192483568374396,0.0014287826375988606,0.004670178572122938,2.10972225690097e-06,1.597934492927897e-05,0.044443887480653685,0.47357824063653003,1.346147885378121e-06,9.706489939540705e-06,0.015662392010963526,7.587388674207507e-06,0.00270843461780834,0.002946184205224848,8.964645315798134e-06,5.535294015604809e-05,2.7120912303734993e-05
22,4.222320664143182e-06,0.00014923480737062363,0.0019109526298112577,0.00045860169433539603,0.0001228219880880753,0.00047868559714643187,0.12326440127444625,0.19300534309101033,0.02243189496391248,0.0002988473563798629,0.0007908343255206207,0.004786357273878346,1.8632814679664204e-06,2.472977961854986e-05,0.031451426479407664,0.6070091982266397,7.833306940872076e-07,2.1876446335368057e-05,0.008682075742475204,5.78349585252577e-06,0.002222876697855087,0.002799141808817538,4.408310279721732e-06,4.654085313003347e-05,2.709822486281366e-05
23,3.1183624172251587e-06,0.00015793782159405307,0.002006897935568791,0.00046184335731667617,0.00012844926528242622,0.00040585220253282434,0.17167208728145572,0.19870806254286075,0.02238719070642385,0.0002813604552608798,0.0007519611701320954,0.006080603446896104,1.940700530605994e-06,2.4875547828179086e-05,0.0314508525490079,0.5534199196117575,5.140819142982252e-07,1.3196640524650138e-05,0.007876455190799245,5.462534948210985e-06,0.0020029854627113338,0.0020864843271558788,4.859755948633866e-06,4.054602359175301e-05,2.6543025540355156e-05
24,3.7734117249451887e-06,0.00022575092280084988,0.001851178673278866,0.0006172958043935979,0.00014417598502023697,0.00046219228076243977,0.16771594739261714,0.1980747688042532,0.02237259673153277,0.0003747318182741848,0.0008074579332935761,0.0065194036179145294,2.1718305264022586e-06,4.034681067622925e-05,0.02606416282699792,0.5622319240391526,6.367921713555749e-07,1.6405362173330317e-05,0.008236978780829228,7.08049757891866e-06,0.0019447524522375915,0.0022020263652262864,6.527826062691655e-06,4.7309633486710467e-05,3.0403407014346617e-05
25,1.9178403972810163e-06,0.00013676843678615618,0.0014001644606035251,0.00056560903271776,0.00013174164792667962,0.0003459455651041419,0.1599954760320713,0.3511346746794718,0.014657737555296277,0.00019722226281395478,0.0014555599883532189,0.0055196533714263986,1.251252162236443e-06,4.333339576793473e-05,0.024311288107116087,0.43056236843192736,4.626740159343355e-07,1.0723094862575838e-05,0.0061153964905545696,4.781927143362378e-06,0.0013608900048065386,0.001988651949261297,6.6455529641457104e-06,3.4659338963952834e-05,1.7076907485700156e-05
26,7.344503988856805e-06,0.0002003549943111479,0.0033224664145773838,0.000585965297974315,0.00017783510991179152,0.000742213839479267,0.12981973445565337,0.15516927144212903,0.032799541868697296,0.0003219083787293628,0.0009304295931958333,0.00535889986293605,3.819443915795092e-06,1.9746595764301533e-05,0.0178504175284244,0.6354085774224052,8.484405531018176e-07,1.966047914944652e-05,0.012999595132193738,8.769981811753041e-06,0.0024205915301629736,0.0016657688166744479,7.528573484599478e-06,0.00013546825672562855,2.3242037150737946e-05
27,2.815575266399224e-06,0.00014032839693438475,0.0018773551938827623,0.00044699087298015195,0.00011354200489436905,0.00036999402709110373,0.16017081644128048,0.2120615828495744,0.021716965121609248,0.0002500806345890185,0.0008122082906025486,0.006165222850030801,1.782187741935965e-06,2.429289339680298e-05,0.034548856312922205,0.549051350667084,5.226729240517756e-07,1.3537538781408058e-05,0.00770143898576566,5.021262635021685e-06,0.00196272081811458,0.0024955465396218407,4.447546125818231e-06,3.753277805320015e-05,2.5047538097968757e-05
28,3.1183624172251587e-06,0.00015793782159405307,0.002006897935568791,0.00046184335731667617,0.00012844926528242622,0.00040585220253282434,0.17167208728145572,0.19870806254286075,0.02238719070642385,0.0002813604552608798,0.0007519611701320954,0.006080603446896104,1.940700530605994e-06,2.4875547828179086e-05,0.0314508525490079,0.5534199196117575,5.140819142982252e-07,1.3196640524650138e-05,0.007876455190799245,5.462534948210985e-06,0.0020029854627113338,0.0020864843271558788,4.859755948633866e-06,4.054602359175301e-05,2.6543025540355156e-05
29,3.1183624172251587e-06,0.00015793782159405307,0.002006897935568791,0.00046184335731667617,0.00012844926528242622,0.00040585220253282434,0.17167208728145572,0.19870806254286075,0.02238719070642385,0.0002813604552608798,0.0007519611701320954,0.006080603446896104,1.940700530605994e-06,2.4875547828179086e-05,0.0314508525490079,0.5534199196117575,5.140819142982252e-07,1.3196640524650138e-05,0.007876455190799245,5.462534948210985e-06,0.0020029854627113338,0.0020864843271558788,4.859755948633866e-06,4.054602359175301e-05,2.6543025540355156e-05
30,3.1183624172251587e-06,0.00015793782159405307,0.002006897935568791,0.00046184335731667617,0.00012844926528242622,0.00040585220253282434,0.17167208728145572,0.19870806254286075,0.02238719070642385,0.0002813604552608798,0.0007519611701320954,0.006080603446896104,1.940700530605994e-06,2.4875547828179086e-05,0.0314508525490079,0.5534199196117575,5.140819142982252e-07,1.3196640524650138e-05,0.007876455190799245,5.462534948210985e-06,0.0020029854627113338,0.0020864843271558788,4.859755948633866e-06,4.054602359175301e-05,2.6543025540355156e-05
31,4.692883663609107e-06,0.00018089271020428925,0.002865245312543217,0.0004234593918061092,0.00012195125413816337,0.00039119593569197274,0.19300554877304396,0.2805796125976672,0.019422728205283665,0.0003607978527209498,0.0006319891059155579,0.005027286839579151,1.664859007232068e-06,2.0767126807134152e-05,0.026528002386745905,0.4574711893174758,4.197211177002592e-07,1.3563786049809983e-05,0.00965900885341155,4.971174357994618e-06,0.0015889797378182246,0.0016258344562948563,5.108006988724633e-06,4.1310985590118385e-05,2.377872607711205e-05
32,3.36638973864347e-06,0.00016137189538451772,0.002068005801533635,0.0004363482293211493,0.00012852953103074707,0.00042526348348067547,0.17148696303071634,0.2063019044240401,0.022606043927338833,0.000288539871756402,0.0007822742362991902,0.005991303156481826,1.9776494239923547e-06,2.4395820826110135e-05,0.03212204361829996,0.543926592725333,5.265311227217063e-07,1.364819539807012e-05,0.00901728729531333,5.320794278527178e-06,0.0019817590845151627,0.0021526354734737263,4.868137660797346e-06,4.280157109711652e-05,2.622912613558117e-05
33,3.8451876251923726e-06,0.00018198160474088178,0.0026953336420043723,0.0004215075411279878,0.00011982090099364556,0.0003644336002866613,0.20959396429163468,0.15682007517499524,0.030150989786892065,0.00026523309287142027,0.0005672592094012744,0.007052391574678539,1.610067268683115e-06,1.80472007049301e-05,0.04253650463124395,0.5377236729098007,3.4127582504509825e-07,1.2560909741072734e-05,0.007418178849530322,4.286943039310543e-06,0.002154561223736683,0.001822227599765706,3.4558596183101433e-06,3.5104463694000536e-05,3.261245877935058e-05
34,1.4391100620264365e-05,0.00034241282060920803,0.004469286256888188,0.00031686603844260295,0.00016749200024173476,0.000753258628886041,0.16426328860898784,0.17237441930421504,0.06809168357974442,0.00019169479616330118,0.0009801721665459691,0.007133143239697994,2.502566896066093e-06,1.5215009906046865e-05,0.03769615973187841,0.507510283700098,4.5508004001728525e-07,1.852575976944411e-05,0.03132907845234736,2.8156213624908183e-06,0.0022867003932808775,0.001913824164212942,3.377876731151896e-06,9.842229156668333e-05,2.4530810867805424e-05
35,2.8359462310717275e-06,0.00015748678348899528,0.0019163750946351958,0.00046192480893235193,0.00013387881618550924,0.00041693431505817474,0.16743139037688337,0.19355252411390161,0.021414604539692322,0.00027844269784085834,0.0007914380350897806,0.0059300465882477955,1.969342031897609e-06,2.622662372156844e-05,0.03199539963245694,0.5637288347325887,5.2458054663637e-07,1.2169735763594294e-05,0.007678771818839832,5.811280732221997e-06,0.0019583817685698826,0.002032324574476709,5.156712332295079e-06,4.0063415062047556e-05,2.6483666690463426e-05
36,4.768968570224966e-06,0.0002941516896048206,0.0029488983797338127,0.0007076781165282122,0.0002648179034056918,0.0008661446725956792,0.19801919288137979,0.14171981665992017,0.026358005878407868,0.0005987970200221191,0.0009496392206216608,0.0038161020731675216,1.948461619630414e-06,3.633009705749233e-05,0.021177946879095726,0.5890335760320977,7.386577566649858e-07,1.922362795216316e-05,0.008260681021402386,1.0893127895767235e-05,0.0034769373015238973,0.0013082226532735684,1.0063676576029719e-05,8.072139714180854e-05,3.4703602649568056e-05
37,6.445664648455084e-06,0.00021705180546840037,0.0032650402327958836,0.0006485021448752865,0.0001368611058964357,0.0004732615588532041,0.2171034481285507,0.2049745689324675,0.026406229632765968,0.0004460866602723748,0.0007991734977342838,0.007429529762529353,2.591382370393844e-06,2.3735963353658644e-05,0.022421185169131694,0.5002007720964653,6.04511220096785e-07,2.2118699048354654e-05,0.010633893892491563,6.497687632330318e-06,0.002396954380475278,0.002261496571998202,7.279169057577372e-06,8.604961780684719e-05,3.062173209104762e-05
38,2.208998191369415e-06,0.000171870126526681,0.00157067709894421,0.0008458524287742136,0.00012417714268549894,0.000305446853063666,0.16783846824666585,0.2550950342405273,0.02021118827488116,0.00028987182327247117,0.0010538491251542478,0.009716766736203385,2.3874694088111357e-06,4.320268609853508e-05,0.02644818313878438,0.5029393864521605,9.549182275201683e-07,1.65432371095114e-05,0.00626692734569332,8.400449485640185e-06,0.0031050061568160497,0.0038627610859813095,8.770240566890619e-06,4.224330922711196e-05,2.982241555032301e-05
39,4.192099950202438e-06,0.0003369840421827963,0.001807161531655285,0.0006670195372595883,0.00018775308396393813,0.000336556511514808,0.24734694026375206,0.18534464439420614,0.027329739016028726,0.00031758506916323417,0.0009907375461045197,0.008918515140030864,1.5546680899030162e-06,4.951353387959808e-05,0.034613374952856754,0.4800986977156909,4.918843662260532e-07,1.4389681331528728e-05,0.007199161940285093,5.912257632500026e-06,0.001841683172759752,0.0024999216060961013,7.1002639277797156e-06,4.218190372429235e-05,3.8188183547218e-05
40,3.6183100976996634e-06,0.0002005340298541101,0.0026655354971610243,0.0004474787891371805,0.00013250711342242127,0.0003832217475388046,0.2243596109992275,0.170573769328771,0.029773452425185237,0.00026660803434174233,0.0007195203681646054,0.008844174669870003,1.9917279771256286e-06,2.5459669352260045e-05,0.04622188329013008,0.5028620194196626,3.8703650394485606e-07,1.1595500102433767e-05,0.008080668657554729,4.455843627383936e-06,0.0021320297147161596,0.002212137835228826,4.716222020739565e-06,3.593952903691131e-05,3.668424131552041e-05
41,3.1013914032690112e-06,0.00017159338993103337,0.001996961331918043,0.0005240835847062261,0.00011898204944234919,0.0004325935422511434,0.17303660134432838,0.21883497798430132,0.021398462759786595,0.0003350883070133814,0.0008176953423713236,0.006731995990020422,2.036266200954976e-06,2.9417261212280626e-05,0.030200819431596235,0.5313236924930034,5.989995264381516e-07,1.5020506572347502e-05,0.009099053546535452,5.927974152106402e-06,0.002314445678128847,0.002528276483718022,5.76679182427694e-06,4.489485863500963e-05,2.7912691421183755e-05
42,2.4334822996494578e-06,0.0001040166084397643,0.001896838178467707,0.00039052631063232014,8.361671946210737e-05,0.0003758621779980243,0.12911849231480899,0.2203109766109096,0.018247650318065554,0.0002596260921528447,0.0006547409057011772,0.005653485677814697,2.0679737036658843e-06,1.7949513985544807e-05,0.0297717445469956,0.580271005723239,5.194829752863637e-07,1.2948876355864916e-05,0.00847480708496043,4.9411004522736174e-06,0.0019709503350643486,0.0023126597281207827,3.946607270221648e-06,3.721094443063346e-05,2.098268569394672e-05
43,2.7859480476910266e-06,0.00013866618710878532,0.0019020901743448653,0.00042420502432485976,0.00011495045262355953,0.000450795857598065,0.15246609726851013,0.1981080984173919,0.019039873304817795,0.0003680247657179789,0.000624771709113374,0.004965064046130613,2.035896513204112e-06,2.4450049289503836e-05,0.027690810946084263,0.5810748304777804,5.957366966735132e-07,1.4841791024021093e-05,0.008019502826633542,6.2192622556246824e-06,0.002342972214767756,0.0021491425441652716,4.761894090280072e-06,3.874392945203422e-05,2.5669275517941392e-05
44,3.1183624172251587e-06,0.00015793782159405307,0.002006897935568791,0.00046184335731667617,0.00012844926528242622,0.00040585220253282434,0.17167208728145572,0.19870806254286075,0.02238719070642385,0.0002813604552608798,0.0007519611701320954,0.006080603446896104,1.940700530605994e-06,2.4875547828179086e-05,0.0314508525490079,0.5534199196117575,5.140819142982252e-07,1.3196640524650138e-05,0.007876455190799245,5.462534948210985e-06,0.0020029854627113338,0.0020864843271558788,4.859755948633866e-06,4.054602359175301e-05,2.6543025540355156e-05
45,5.552356402403859e-06,0.00044425337356322395,0.002054893212355848,0.0008974235023061622,0.00022231984686636757,0.0005397783614781554,0.22763916813036847,0.16329668686540952,0.03273729022391677,0.0006432297887978149,0.0007601969599618131,0.01085708285189637,3.40012683731099e-06,6.642144883705896e-05,0.023537916489278783,0.5168924410914595,1.2684657721937325e-06,2.493882633546165e-05,0.010681796393771958,1.117291142963422e-05,0.005097069617864384,0.003451879585939349,1.254495666219178e-05,6.444858210424808e-05,5.6826030385168795e-05
46,2.4627341168985e-06,0.00011396226068159803,0.0016067191223968094,0.000682362035477108,0.00010167806955472767,0.0005424433736699001,0.08742070976141288,0.21451762453810552,0.01738786655162954,0.00028969670431202606,0.0010240663832885414,0.006094720663513337,4.111680591062463e-06,2.9237121195833803e-05,0.023098220700517886,0.6301617109261105,1.7028460831173446e-06,1.86062523170588e-05,0.009849366705664034,9.928433019085899e-06,0.0029067224908625655,0.00403945674392832,8.025062323135788e-06,6.492456763226639e-05,2.367427159637362e-05
47,3.944700543113236e-06,0.00013166331126561188,0.0019111157956854415,0.00038392004874858687,0.00010200756690590968,0.00032861859953535726,0.15191629561851025,0.13558199580436606,0.026923144906798247,0.00028338776260404763,0.0004460867419363242,0.007954085593532669,2.9963321843531474e-06,1.6419183264731586e-05,0.030564484053390868,0.6302378267520907,5.817679263433933e-07,1.6374597215396364e-05,0.00815276594737582,5.2905670421566455e-06,0.002361616790049553,0.0025968474201394903,3.6704795856241458e-06,4.2905119319800585e-05,3.195453998353489e-05
48,2.927343758246505e-06,0.0001451270197552107,0.0019875960362320294,0.0004681727724168251,0.00012526562005727755,0.00036599175896813186,0.17347656178268933,0.19100048540112075,0.02253907568108444,0.0002610360207560685,0.0006918690478394244,0.006342393670591652,1.8927161711936067e-06,2.3961314076206255e-05,0.032789464025174596,0.5591071520730895,4.780464593912175e-07,1.2970790761912383e-05,0.006525629932212582,5.386627381292068e-06,0.0020287856367302106,0.002029480213197449,4.518918182106954e-06,3.619762938183098e-05,2.75799219122852e-05
49,3.0300907940363435e-06,0.00015623985897150728,0.002397757445706509,0.0005754915463983056,0.00010704563892348198,0.00041644005691073114,0.17339135297962097,0.2024570747077324,0.02308726352356934,0.0003129912740429154,0.0007321147896204242,0.0077290299456960155,2.3372067826618636e-06,2.6369001723332507e-05,0.03129333709345711,0.5448610064899835,5.326714753470348e-07,1.4246774451679961e-05,0.0076032060987811225,6.039184212682557e-06,0.0023780951130025936,0.0023691140948561835,5.512008209122626e-06,4.502786021439927e-05,2.934454486363301e-05
50,2.7168571619418783e-06,0.0001809983522232031,0.0017059173444585326,0.0003828213140121467,0.0001337648013682677,0.0002956420952578519,0.3032599914913086,0.2503782289780181,0.012698554649593836,0.0005344358711957228,0.0005692232226777014,0.006095550714446936,1.4469987463411632e-06,3.267028016665334e-05,0.030931522368196494,0.38169339466047675,4.005239969544977e-07,1.1356630858309423e-05,0.007491360364400622,4.960783992890531e-06,0.0015560330780219028,0.0019720668590614446,6.551215710657884e-06,2.5004134894861875e-05,3.5386409753354805e-05
51,5.919726293978212e-06,0.0005364433210208365,0.0027161362851211854,0.0010739387424546928,0.00010534406240641082,0.00040595932003899293,0.24360318888386395,0.28853587075944354,0.031143012567645085,0.0004476101986723512,0.0012140950686557969,0.011495876156014372,1.1937805101065247e-06,6.925662936727169e-05,0.038647107990853684,0.3607139991253187,5.723471756934124e-07,2.366680910782294e-05,0.012279548915802222,4.381752632484321e-06,0.002220114574825059,0.004661823669448188,7.667327490220033e-06,4.5092213666118186e-05,4.217977217112115e-05
52,2.913004309797312e-06,5.8660941327984904e-05,0.0012225600246217824,0.00021077117097932784,8.26824635761419e-05,0.0005310590888537596,0.06546168057170883,0.1308687523189139,0.016681415827617608,0.00019577525288669786,0.0005877221120976567,0.0018084847120721007,9.578005051727538e-07,1.6884198700275952e-05,0.03025922693227452,0.7442482706261295,3.574730623325667e-07,2.1559717152218342e-05,0.005188049429969919,3.2210220299851577e-06,0.0010396324213236235,0.001463797857269559,1.5840006433774382e-06,2.8075928636868315e-05,1.5905103337057384e-05
53,6.253551792998007e-06,0.0002279676693509935,0.002297498227573253,0.000535945607883839,0.00010041360371850985,0.0009175639115880025,0.06632292823269963,0.1502387506538457,0.032017073123812356,0.00034435664964267855,0.0007043142321747398,0.004117716316419173,2.5935938759936424e-06,2.7213105402954033e-05,0.021510963417436284,0.6987653636796624,1.0495904838664181e-06,2.4969893244216123e-05,0.01642759739117888,7.1851281531993865e-06,0.0027854234618974625,0.0025104684795101873,4.503593956949615e-06,7.931180067309858e-05,2.2575084022656298e-05
54,2.274936931823664e-06,8.310580582065338e-05,0.0019075473326088611,0.0005193097088725411,0.00011439093121397589,0.00044982491205269285,0.11262530675398601,0.24651282712920844,0.020582968108991365,0.00017024284402576806,0.001035807133478052,0.004967149413207492,2.9201236017497823e-06,1.6483461564918947e-05,0.0172796363599649,0.5810041866614586,8.221800012778815e-07,1.4700933668576274e-05,0.007773479305678836,5.973646114141291e-06,0.0027621714478203324,0.00208384272755396,4.933515343379267e-06,6.691171535236858e-05,1.3182911479333862e-05
55,3.4453191281149976e-06,0.0001506012829126235,0.002177946171730474,0.000480738527626531,0.00011758594602095311,0.00037901788077154353,0.17910562320215856,0.1747983369229869,0.027577819341117134,0.00024899440070179303,0.00066453327502878,0.007523431448714689,2.2868821460525663e-06,2.169938462092865e-05,0.031039311042478028,0.5638471261482142,4.6490163200632356e-07,1.407664998013548e-05,0.007533716076371076,4.90338921916447e-06,0.0021436795967186032,0.002089493151395316,4.184451640438247e-06,4.335340745495979e-05,2.763119923088121e-05
56,3.219407816453506e-06,0.00015932648104756552,0.0020776606095329153,0.00048210827968827143,0.00013035364060076253,0.000415964465327312,0.17652039362003988,0.1982311764141727,0.02292695951570634,0.00028842926427765476,0.0007736768067618834,0.006621508513358688,2.2025438701837572e-06,2.585354528905604e-05,0.03172075125762522,0.5471681107433012,5.442679905562089e-07,1.3656958576210629e-05,0.008093275703772457,5.688584075588527e-06,0.002089287454381219,0.002173490178025919,5.208514637479089e-06,4.3057055854280813e-05,2.809617427017382e-05
57,3.0279768810513975e-06,0.00014825726694372274,0.001978244554232773,0.00045603656348216826,0.00012040464475640049,0.0003790349926377398,0.16999694761899833,0.1943981405006832,0.022189850743044318,0.0002876435116512426,0.0007006364364988687,0.006764159152813467,2.2329480596201715e-06,2.37316585187002e-05,0.03126238762293191,0.5588683884760863,5.493711177628392e-07,1.3294318443312198e-05,0.007971075644314523,5.7233258170166025e-06,0.0020812162887251986,0.0022759134575963437,4.988214981729148e-06,4.043761377871644e-05,2.767709700553071e-05
58,3.5430399997047244e-06,0.0001645601620857336,0.002210445722684276,0.0005005340875118535,0.00013177621340271348,0.00044423088202272997,0.17328279082489378,0.20039074136587748,0.024111896427648685,0.000276674260620463,0.0008430518442349886,0.006801253617207957,2.3492114794272334e-06,2.4480264906333214e-05,0.0287597707419139,0.5486614757274344,5.358492926491082e-07,1.3587265907691915e-05,0.009160743668979125,5.7790396112698874e-06,0.0020655054639091962,0.0020589879406921444,5.498299417414798e-06,5.4171170149298304e-05,2.561690811689872e-05
59,3.3876139214309665e-06,0.00015590451416876055,0.002334125021395175,0.0004903341372647093,0.00012675047154842318,0.00043390940455116336,0.16828272454180385,0.19816239473126537,0.023603431529073633,0.00027261829559069127,0.0007810116955801148,0.006303995311392354,2.1754797978068896e-06,2.2118041906407598e-05,0.028835986873931643,0.5577379626194781,5.017816475650205e-07,1.3013155052554476e-05,0.008352974764420996,5.773556528271313e-06,0.002079869668547134,0.0019183250800230785,5.121372087115769e-06,5.091830193217213e-05,2.467203709144138e-05
60,3.1183624172251587e-06,0.00015793782159405307,0.002006897935568791,0.00046184335731667617,0.00012844926528242622,0.00040585220253282434,0.17167208728145572,0.19870806254286075,0.02238719070642385,0.0002813604552608798,0.0007519611701320954,0.006080603446896104,1.940700530605994e-06,2.4875547828179086e-05,0.0314508525490079,0.5534199196117575,5.140819142982252e-07,1.3196640524650138e-05,0.007876455190799245,5.462534948210985e-06,0.0020029854627113338,0.0020864843271558788,4.859755948633866e-06,4.054602359175301e-05,2.6543025540355156e-05
61,3.455216007095086e-06,0.0001596349511673215,0.002345296019325867,0.000489481762510839,0.00012987681525559327,0.00042481642703144445,0.17620480287842938,0.20126219174125484,0.02357220278844248,0.0002783056510503687,0.0007908960912860467,0.00652138591044853,2.2125408440835953e-06,2.2648709983839305e-05,0.029588036301502918,0.545643863241569,5.046319140878157e-07,1.3199783682561397e-05,0.008414220379745973,5.752645867070071e-06,0.002088675165654947,0.0019574539541936282,5.2430132721299555e-06,5.0207599739166385e-05,2.5635779820818133e-05
62,3.1183624172251587e-06,0.00015793782159405307,0.002006897935568791,0.00046184335731667617,0.00012844926528242622,0.00040585220253282434,0.17167208728145572,0.19870806254286075,0.02238719070642385,0.0002813604552608798,0.0007519611701320954,0.006080603446896104,1.940700530605994e-06,2.4875547828179086e-05,0.0314508525490079,0.5534199196117575,5.140819142982252e-07,1.3196640524650138e-05,0.007876455190799245,5.462534948210985e-06,0.0020029854627113338,0.0020864843271558788,4.859755948633866e-06,4.054602359175301e-05,2.6543025540355156e-05
63,3.526005294382508e-06,0.0001915786370468121,0.0021250512094466594,0.0004885816014897554,0.0001415789241512566,0.0004265482201330666,0.18183165762865686,0.1975068046280673,0.02335936264035479,0.0003159546183693403,0.0007852806517887117,0.006309410859859871,1.9878072512865237e-06,2.7854146787137998e-05,0.032788091779043675,0.5407595653390966,5.592958007234476e-07,1.3869784132959624e-05,0.008551433144230097,5.87601344743314e-06,0.0020961463059843886,0.0021917731100049723,5.472957202664929e-06,4.23508165299948e-05,2.96838758291551e-05
64,3.0519289670569114e-06,0.00016168722302775638,0.0020847446175441516,0.0005140818374582248,0.00012789279645773066,0.0004228206346426253,0.17818390640286105,0.19131324005626327,0.023141603455509155,0.00033042187740195454,0.0007089382073344825,0.0069318328268007,2.3373101387546756e-06,2.777203036556037e-05,0.031164632652753158,0.5520992206920372,6.025224813627777e-07,1.5162265636267252e-05,0.0076730900183921875,6.324186732580361e-06,0.00265500995933544,0.0023534291941077956,5.469118956269508e-06,4.1817154803714115e-05,3.091102999140941e-05
65,3.919740244538808e-06,0.00014748384815613808,0.00188342531154965,0.00041448009180520954,0.0001312769940732021,0.000423762619614233,0.13439081416202692,0.14753839539281263,0.03305863517838971,0.00016628489708029505,0.0008462235936977622,0.00657282671197838,2.39063114700538e-06,1.855660277115011e-05,0.030263186845798193,0.6307670094314813,5.394056375001255e-07,1.3667748445180786e-05,0.009256630728937646,4.461454363150365e-06,0.0018466337311302422,0.0021676939092920224,3.5899689029936543e-06,5.628182728981042e-05,2.1829173375113163e-05
66,2.7737759963537025e-06,0.00017351077256638815,0.0017918803067114707,0.0005303735437614612,0.00010963304057761906,0.00033988028038244163,0.18532003911546888,0.21883483234886467,0.02316280617319661,0.00024989540199155417,0.0008267979881122307,0.007707083024754902,1.5990752367955056e-06,3.17186930803174e-05,0.03550981373083044,0.5137419651930761,4.3420397467725745e-07,1.283523802463555e-05,0.00732582130096006,4.375407257860554e-06,0.0017610812670183543,0.002495696049415044,4.667440169459857e-06,3.2691190499250884e-05,2.7795438072520012e-05
67,1.1772998416731327e-06,7.318783983580919e-05,0.0011248428161827547,0.0009266010447993267,8.690750936354273e-05,0.0009490412377370709,0.04992468129811561,0.14676036111444038,0.010654392921680786,0.0004069620235579645,0.0006463073542986617,0.0035332690034053575,4.937485747556431e-06,5.35616290635869e-05,0.009782078749329981,0.7663996757451074,1.1994448576216765e-06,1.5945430177870797e-05,0.004264652076850211,1.8395590996273125e-05,0.0029817942707076025,0.0012994073769815098,9.373229527868808e-06,6.272025906875242e-05,1.8527248325035984e-05
68,2.3198116588754106e-06,0.00014626395829281375,0.001263139533938591,0.0003015216640616105,0.00017714676357109585,0.0003888556320921623,0.17504531371070067,0.18199118402917935,0.016201258972533363,0.00025241060378762613,0.0009161695611792601,0.004275764562170578,1.4976769930657987e-06,2.7282424126591866e-05,0.04212102231263481,0.5660471842934803,4.922077137143307e-07,9.390484807692558e-06,0.007669165444131794,5.24223058518248e-06,0.001283087315630412,0.001814162129424067,4.664206003261268e-06,2.8788961935766894e-05,2.6671509367371804e-05
69,2.4270283204859886e-06,0.00015365598325200363,0.002276458944841424,0.0005929052693337023,0.0001655446528149808,0.00044505892648793316,0.17856476424481307,0.2584131973553619,0.017053757793783344,0.000250273925546009,0.0012266890257955567,0.006058532635052905,2.232030262028211e-06,2.8473949799899703e-05,0.02550002387687823,0.4984916672545153,5.058296220714946e-07,9.647027949379384e-06,0.007127800245237158,7.5279598323356475e-06,0.002066334952412783,0.0014750712994430568,8.53927980467912e-06,5.7695209379608516e-05,2.121529946002283e-05
70,3.5394900092346906e-06,0.00022442514088907248,0.0019846202015333363,0.0004719266722291471,0.00017184746498334164,0.0005828521675509415,0.19499703084619818,0.19790406225278406,0.025724292399889225,0.000335809417638752,0.0012109638901840862,0.007084737201437091,2.5249280849662075e-06,3.123465352026172e-05,0.03228362492002265,0.5157605075761125,7.687288455040609e-07,1.4863877183295166e-05,0.015240900584878172,6.306599073868211e-06,0.0031150269085694323,0.0027430134405755794,7.417606849099674e-06,6.896442738423502e-05,2.873860357397979e-05
71,3.036630554755151e-06,0.00021267705453900993,0.0012157391535195046,0.00047795587873248696,0.00030161836904485676,0.0003108325340675908,0.19625585153371547,0.12559964586282676,0.01637196840285655,0.00046125303968172444,0.0004431638049971919,0.00511796787561203,2.851208334013756e-06,3.784832905649056e-05,0.019325101817314918,0.62680517147048,6.474788252370549e-07,9.823781594539236e-06,0.004125308499584963,1.611822586508697e-05,0.0018100963219164542,0.001010244424405071,9.559487642622858e-06,3.565409652831787e-05,3.986471830409433e-05
72,3.873654052347383e-06,0.00038947078160325683,0.0015105948631729904,0.0005398639145454688,0.0002538698974963182,0.0003684163898063869,0.2202839082506609,0.18158553065884075,0.01818128596957706,0.0005010934901023761,0.0009526991393462626,0.007032441653475493,1.8699061905926991e-06,4.9389873390833584e-05,0.037999144965117776,0.5152671111390814,9.030543902674879e-07,1.1563050728508944e-05,0.010078911988573464,1.0817093697083786e-05,0.002057841009433175,0.0028161280899621512,1.2412963582278802e-05,4.235456453794951e-05,4.8503638634873384e-05
