,0,1,2,3,4,5,6,7,8,9,10,11,12,13,14,15,16,17,18,19,20,21,22,23,24
0,0.000185749044817611,0.002674266701845459,4.0257318878235236e-05,0.013366534777574567,0.00010011431896047585,0.002190091926788312,0.46528464228257865,0.009371905878497996,0.00018141771837564406,0.00021261142329551951,0.00023553738361041372,0.0028854123191869494,0.0017637532227237072,4.723406160159535e-05,0.0001864927860720639,0.07869967093428547,0.036782028710250124,0.007384455980260832,0.36736792744229085,5.177907143854695e-06,0.009178441650816426,0.0015464697417619498,0.0002681358090418947,1.0994251824523169e-05,3.06764075167805e-05
1,0.00012048738157242006,0.001968493967418731,3.8828901818826485e-05,0.007808636865771927,6.644696546654889e-05,0.0038233937469245517,0.3779462475115132,0.008483036331845002,0.0005129264613151807,0.0005237545993579126,0.00018021352702166552,0.0015119402005820944,0.0015828355548479934,7.513969253613543e-05,0.00024034815021914668,0.06903747933663905,0.013108799113773932,0.007827390909574433,0.4944139356887316,7.4427831179786235e-06,0.008446703554476093,0.001962476433434454,0.00026036295556923055,1.146475657250279e-05,4.121460989950393e-05
2,0.00013378093981538254,0.002604063090072585,4.136295408037327e-05,0.008968325016022571,0.00010108039741949113,0.004219798558440349,0.40362201317172036,0.010955668888353724,0.0006453995971522727,0.0005758872348418293,0.0002626252463693663,0.0020972157743574197,0.0016154736355596603,0.0001210799706571464,0.0003579567079271966,0.06677944516012371,0.015873786497602994,0.007710593034446368,0.4609930249598813,9.400965063045422e-06,0.00916547214946391,0.0027825324972672433,0.0002912150621850257,1.2307732225235576e-05,6.049075895141345e-05
3,0.00015379684964937846,0.002416304976361534,3.7830272563673856e-05,0.008775144353647481,8.096605528871268e-05,0.0038723210348780668,0.40377206298066143,0.009409096790029008,0.0004833903928849056,0.00044727804187687687,0.00024108594584219806,0.0019068112837264267,0.0016786345031544634,8.146507666425511e-05,0.0002591557513032383,0.05886469633698744,0.016502658477637343,0.007757247635107612,0.4715399677607209,6.580514261300893e-06,0.008949308728717322,0.0024425625396964825,0.0002676289833023221,1.0979729815453753e-05,4.3024985222010684e-05
4,0.00015945802486951985,0.002528811334715275,4.0168714543613323e-05,0.008748028015527586,8.390116844641615e-05,0.003398189828123965,0.4187515861181222,0.009301936437128214,0.0005117570736115963,0.0004421324914106261,0.00024742147167337056,0.00193621703800487,0.0019356073803858279,9.393579774654123e-05,0.00023411687112543026,0.05234419760252411,0.015424780747194746,0.008295810112963322,0.46282083112416667,7.017393713572498e-06,0.009851424439775254,0.002529535163396619,0.00025939081138921495,1.172687204164801e-05,4.201796739991986e-05
5,0.00015674075801658957,0.002313815794092919,4.2137142086202504e-05,0.01094289502137582,8.940295049979829e-05,0.003956730562677544,0.39318399433173384,0.009074763272320851,0.0004895240245757413,0.0005054500579038824,0.00022720245748509318,0.0016694381577147476,0.0018457464683377643,8.581630504749592e-05,0.00021725154765974816,0.057464142563213215,0.01616774539105746,0.01086064077017803,0.4784210560121245,7.992888759826279e-06,0.009876543962623541,0.002016285719469011,0.00033641914064077856,1.2812925795819882e-05,3.545177460981484e-05
6,0.00015379684964937846,0.002416304976361534,3.7830272563673856e-05,0.008775144353647481,8.096605528871268e-05,0.0038723210348780668,0.40377206298066143,0.009409096790029008,0.0004833903928849056,0.00044727804187687687,0.00024108594584219806,0.0019068112837264267,0.0016786345031544634,8.146507666425511e-05,0.0002591557513032383,0.05886469633698744,0.016502658477637343,0.007757247635107612,0.4715399677607209,6.580514261300893e-06,0.008949308728717322,0.0024425625396964825,0.0002676289833023221,1.0979729815453753e-05,4.3024985222010684e-05
7,0.00022671889589210239,0.002078519988012798,3.626735395216965e-05,0.007449755450225057,5.448328082616169e-05,0.002640639866017545,0.4251268030633904,0.008391843258628774,0.00031006090722006467,0.0002943830629868402,0.0002601515333294197,0.0015056518280556384,0.0033143179537201035,4.4335975323495796e-05,0.00019110548129207768,0.04325958864302318,0.01126251777642186,0.007530737976983905,0.47549308599328793,6.093387315340571e-06,0.007612157207548468,0.002750388909426807,0.00013087084582170548,7.939746555803495e-06,2.1581614742321303e-05
8,0.0003069077758662416,0.004414941580192168,0.00011123456217333047,0.018267435775720885,0.0001408068616472484,0.006232771720399542,0.3472616796454281,0.012154235659799667,0.0008293696751928821,0.0011237540469441027,0.000290820573768857,0.00307735294824255,0.002286171766012216,0.00017302087820887907,0.0004405901171754478,0.11378168580952108,0.03643256064122658,0.010311087728442062,0.4276891150650267,1.3042588870821493e-05,0.010829203627252211,0.0030333206025743376,0.0006666899491777637,3.088308862485634e-05,0.00010131731251170105
9,0.0001487734526887539,0.004519417708901453,9.985675245354438e-05,0.014984650369111627,0.00010092524415687529,0.0049521765155789545,0.2837471076905182,0.012996763616054166,0.0008233995260012172,0.0017046133232761524,0.00020367590841736263,0.0021239860571465007,0.002009884435509589,0.00022750067664701137,0.0003759023602412755,0.1312003718762705,0.027241106871180747,0.010531735658734968,0.4872856753727138,1.7433232058430083e-05,0.011464360275566948,0.0025753735377463875,0.0005430177128066493,2.5985323056319363e-05,9.630650316278868e-05
10,0.00015379684964937846,0.002416304976361534,3.7830272563673856e-05,0.008775144353647481,8.096605528871268e-05,0.0038723210348780668,0.40377206298066143,0.009409096790029008,0.0004833903928849056,0.00044727804187687687,0.00024108594584219806,0.0019068112837264267,0.0016786345031544634,8.146507666425511e-05,0.0002591557513032383,0.05886469633698744,0.016502658477637343,0.007757247635107612,0.4715399677607209,6.580514261300893e-06,0.008949308728717322,0.0024425625396964825,0.0002676289833023221,1.0979729815453753e-05,4.3024985222010684e-05
11,0.00016025036212112155,0.0023691225581139773,3.811872291172773e-05,0.008624772150879189,8.054847196003057e-05,0.003539288224357819,0.414954668159959,0.008925217621754333,0.0004727944042987611,0.00041089806169894905,0.00024190873174657727,0.0019577904360288906,0.0018831667597552723,7.892500040449944e-05,0.00024613902770174664,0.05696609874917691,0.01586337046564812,0.007677082415030587,0.4636803117451636,6.788547390188553e-06,0.009044156411004305,0.0024720429469084456,0.0002533543000034446,1.1739240473107189e-05,4.144648550921597e-05
12,0.000273297182001469,0.004353148905521961,0.00015681210216769102,0.008996263548731119,0.0008378985051895645,0.007172191612762182,0.5321333548970341,0.009972934177733248,0.0012608590478125237,0.0008469814776755944,0.0007787892248105505,0.005011287908841089,0.0022688724067687254,0.00042161063445502443,0.0003785150548121627,0.08557287075593349,0.06296445350038953,0.012074886761618392,0.23211517032787082,3.5265653777436514e-05,0.027561606223347614,0.0035731111024440904,0.0009646129393904106,5.5998222775259294e-05,0.0002192078261358937
13,0.00020097335241693002,0.003210494422928354,3.272569881858229e-05,0.0059279070830050955,0.00012466529766012117,0.002173597678432716,0.46611746285418315,0.017411086766712377,0.0005075866757012295,0.00025333363410032407,0.0007092490838181623,0.0044925412931227544,0.002065883113618397,0.000170469614683394,0.0003923626734557928,0.03794849144765926,0.016286610516587953,0.005972607751664875,0.4184739552736615,6.165859788046269e-06,0.011466761107172457,0.005845972577098208,0.0001265917458534015,7.823582523578281e-06,7.468089533325478e-05
14,0.000196715543862472,0.0015381716421952324,4.912466975843211e-05,0.006759295193480133,4.423072489222515e-05,0.00624152037738969,0.4919133719828898,0.013333927830045214,0.0006923940363722945,0.0004376461686086777,0.00018213924354336833,0.0035880117665345905,0.001434743006807147,7.412801463159102e-05,0.0004993804648912123,0.14093934176467235,0.01521060138139825,0.005135375623898998,0.3040055654388374,8.263245495398722e-06,0.004341488270278119,0.003002846808566568,0.00026965998112675113,1.161120028421501e-05,9.044561953990792e-05
15,0.00015379684964937846,0.002416304976361534,3.7830272563673856e-05,0.008775144353647481,8.096605528871268e-05,0.0038723210348780668,0.40377206298066143,0.009409096790029008,0.0004833903928849056,0.00044727804187687687,0.00024108594584219806,0.0019068112837264267,0.0016786345031544634,8.146507666425511e-05,0.0002591557513032383,0.05886469633698744,0.016502658477637343,0.007757247635107612,0.4715399677607209,6.580514261300893e-06,0.008949308728717322,0.0024425625396964825,0.0002676289833023221,1.0979729815453753e-05,4.3024985222010684e-05
16,0.00025379793773041474,0.0024556655617215552,0.0007775165382510743,0.024143716180677247,0.0002084661883266486,0.023382499941811984,0.38639360348613466,0.004389244919525831,0.001011998154286105,0.003457814967418693,0.00010158686587876703,0.0004860243088983353,0.0031590545364043195,6.053210177585464e-05,6.934347558500058e-05,0.19939482644333958,0.05852287725786135,0.019696863727088593,0.24160351654138457,5.224617970379871e-05,0.025281866522365512,0.0003491773986112844,0.0044799357421352265,0.00022500653175470367,4.281849132872524e-05
17,0.00017212871638522262,0.0023818634931501246,3.939471701323334e-05,0.008408356573778692,9.427514427356261e-05,0.0035328896752301747,0.44809793250804736,0.009233567675561752,0.0004949217214087505,0.0003776656935883048,0.00027396061676175073,0.0021005753038321954,0.0018150442509695577,8.980034436919837e-05,0.00021979667545128122,0.04949693530005569,0.01703605930970532,0.008396290971815152,0.4344310937885519,6.411471220349971e-06,0.010474636762362486,0.0024968743483836696,0.0002756735304368654,1.174230249084868e-05,4.2109105156549754e-05
18,0.00012776438891702656,0.002291031487665002,4.3936469856111755e-05,0.005056829406589731,7.465126908107157e-05,0.0031457406457556965,0.43753713085115736,0.008610263242226456,0.0005149651138469766,0.0004199525756123353,0.00023952577136131324,0.0025812663466933112,0.00127104305261012,0.0001260202453218626,0.00026055165474538837,0.06905739533675556,0.019824708948810183,0.006687401365117869,0.427123904890076,6.364465390262838e-06,0.012273633827849476,0.002336675972760236,0.0002943247639534854,1.3068634223460653e-05,8.184927362361707e-05
19,0.00015905965562133313,0.00227284900373712,3.822202180662778e-05,0.007853062279910785,7.61162972451123e-05,0.0035709532273893187,0.4046776681669879,0.009519887250839817,0.0004392432497492067,0.0004091170942458001,0.00025102279848843504,0.0018495631683908404,0.0016843536581214857,7.861375651724457e-05,0.00023846436296392028,0.05808798154091493,0.016726286620137608,0.008090545273207376,0.47149182831172937,6.372696024654767e-06,0.009807596728337914,0.0023591709151217716,0.00026006944831583674,1.0618635869388455e-05,4.133383832613779e-05
20,0.00013860214805972806,0.002911645982141451,2.774524140999399e-05,0.008375861877755039,7.075167135122974e-05,0.003377952718211236,0.3596808767469272,0.011536980748591247,0.0005518838006747814,0.00048661271168331957,0.0002779295375098435,0.0017014489552165954,0.0019608202204477944,0.00010460810654378165,0.0003178684071585086,0.041490345021673196,0.01171382232948588,0.0066586803758590515,0.536199360020122,6.497831991065495e-06,0.00805987005359341,0.0041289909933946815,0.000173320475529053,7.752928979651683e-06,3.977109569027071e-05
21,8.391331837715176e-05,0.0020253536027668353,1.3157842535865954e-05,0.00712168831197504,6.53335068968291e-05,0.006261630599258808,0.32008245930944207,0.006684052361888157,0.000513094646803908,0.0003888121541807857,0.0002138566706514095,0.0009753093317832219,0.000916237895634669,4.2115239485769695e-05,0.00042051383561128125,0.03006794095972059,0.009205146701233685,0.003305515807617916,0.6035648049688128,3.30882535169804e-06,0.004660139868298017,0.003170273743568368,0.00017828961689461922,5.076840689812685e-06,3.197404052081955e-05
22,0.0002141874316367566,0.0028325517758594774,5.970894929821139e-05,0.009702850973810675,7.926518341200861e-05,0.004481083681448795,0.33413565906762716,0.013661053276722927,0.0003440601432692382,0.0006703107507709832,0.00028811557133880757,0.001627228598357183,0.0018858092934307855,9.466280146870401e-05,0.00019155060157519184,0.06827696906972626,0.02940265135862853,0.013241939430791144,0.5016456904127786,8.104235337524044e-06,0.014163714362899014,0.0025789583384759973,0.00036816693979983405,1.0162901342707818e-05,3.554485019349593e-05
23,0.00015379684964937846,0.002416304976361534,3.7830272563673856e-05,0.008775144353647481,8.096605528871268e-05,0.0038723210348780668,0.40377206298066143,0.009409096790029008,0.0004833903928849056,0.00044727804187687687,0.00024108594584219806,0.0019068112837264267,0.0016786345031544634,8.146507666425511e-05,0.0002591557513032383,0.05886469633698744,0.016502658477637343,0.007757247635107612,0.4715399677607209,6.580514261300893e-06,0.008949308728717322,0.0024425625396964825,0.0002676289833023221,1.0979729815453753e-05,4.3024985222010684e-05
24,0.00011462949687734155,0.0031079079538049352,2.8111083358133156e-05,0.012397076043499046,6.963364508793163e-05,0.0029867554700453306,0.3224629228470627,0.00932120102632358,0.0004063240567126857,0.0005067332691346744,0.0001881627235156187,0.0015303197109981647,0.0015138410522135906,8.589837525267085e-05,0.0002355865904225941,0.04896217297383326,0.01533531272533365,0.008114753286198852,0.5621088180684808,5.324163499921955e-06,0.007959446114385926,0.002268266264669202,0.00025035149373473436,8.726498402054793e-06,3.172506715259549e-05
25,0.0001613481664070372,0.0018008764292999655,3.723673308721857e-05,0.007511836992861959,0.00010507623694392244,0.002538195344407225,0.5277399201922075,0.018754517369797843,0.00032215507913754864,0.0002560195578291888,0.0004019690510694421,0.0025946448409851267,0.0018261335709848056,9.900103470490747e-05,0.00013929296055575978,0.04612059757592968,0.016197560434740365,0.013065307770904084,0.3446779738958616,7.738553999721494e-06,0.013100721349944253,0.0023000949367962963,0.0002050810248696643,7.229101427833467e-06,2.947179524704622e-05
26,0.0002594985154794223,0.002551479882959787,9.512307085626475e-05,0.01387117590338344,0.00015005313344337558,0.005559280465101782,0.43302485662997664,0.007396762604097315,0.0008228458159031929,0.0007206247591887936,0.00023286156840060748,0.0019755467410694787,0.0023577199781086573,0.00011633834995392062,0.0001991852982721593,0.08050540639778947,0.023974199853748827,0.015490276500231891,0.3944184899885569,1.3318247960572599e-05,0.013787805230992713,0.0016259049035156987,0.0007615145430068925,3.5801480873161425e-05,5.393013712906855e-05
27,0.00013593209083209072,0.0024398827793466393,2.5327553766128815e-05,0.0094306941062632,7.323343370746161e-05,0.004932522330019653,0.3631266806285008,0.010031746573130614,0.0007186975351994621,0.0004968636010552006,0.00021980793034947064,0.0018680757942354611,0.0015184616132784547,7.643900633548687e-05,0.0003960286789833304,0.05431268109455373,0.010508735888091142,0.00575330296131078,0.5246416897566876,5.995561569653604e-06,0.005369787798076148,0.003653019793214921,0.0002076543369748312,9.526725842636585e-06,4.7212428675328885e-05
28,0.00015379684964937846,0.002416304976361534,3.7830272563673856e-05,0.008775144353647481,8.096605528871268e-05,0.0038723210348780668,0.40377206298066143,0.009409096790029008,0.0004833903928849056,0.00044727804187687687,0.00024108594584219806,0.0019068112837264267,0.0016786345031544634,8.146507666425511e-05,0.0002591557513032383,0.05886469633698744,0.016502658477637343,0.007757247635107612,0.4715399677607209,6.580514261300893e-06,0.008949308728717322,0.0024425625396964825,0.0002676289833023221,1.0979729815453753e-05,4.3024985222010684e-05
29,0.00015379684964937846,0.002416304976361534,3.7830272563673856e-05,0.008775144353647481,8.096605528871268e-05,0.0038723210348780668,0.40377206298066143,0.009409096790029008,0.0004833903928849056,0.00044727804187687687,0.00024108594584219806,0.0019068112837264267,0.0016786345031544634,8.146507666425511e-05,0.0002591557513032383,0.05886469633698744,0.016502658477637343,0.007757247635107612,0.4715399677607209,6.580514261300893e-06,0.008949308728717322,0.0024425625396964825,0.0002676289833023221,1.0979729815453753e-05,4.3024985222010684e-05
30,0.00015379684964937846,0.002416304976361534,3.7830272563673856e-05,0.008775144353647481,8.096605528871268e-05,0.0038723210348780668,0.40377206298066143,0.009409096790029008,0.0004833903928849056,0.00044727804187687687,0.00024108594584219806,0.0019068112837264267,0.0016786345031544634,8.146507666425511e-05,0.0002591557513032383,0.05886469633698744,0.016502658477637343,0.007757247635107612,0.4715399677607209,6.580514261300893e-06,0.008949308728717322,0.0024425625396964825,0.0002676289833023221,1.0979729815453753e-05,4.3024985222010684e-05
31,0.0002247689517801275,0.002642645891607868,5.913952783302316e-05,0.008239444660139091,5.9106318613055284e-05,0.0031098052978061107,0.4040605784360418,0.015187422442619803,0.00034937364852048584,0.0004900211311321389,0.0002416193402560161,0.002075279614971353,0.001912392734552993,8.736563051060027e-05,0.00018058027853709943,0.07882461367132165,0.02255169150842553,0.011249372053811175,0.4342589103257972,6.74050075315586e-06,0.011569860310440121,0.002296580068910551,0.00027389490677206407,9.791918794075759e-06,3.900083005278691e-05
32,0.0001363328561940851,0.0022113475005115487,3.259298376497388e-05,0.008273603103416105,7.30937321061275e-05,0.003606326536704169,0.38086517653218444,0.008440504343766003,0.00044251325595680036,0.00041201025817678234,0.0002204842725365741,0.0017022156010749758,0.0015726633855676598,7.006571798993564e-05,0.000257776782530272,0.056285074894918845,0.014943968934202549,0.007108040254402198,0.5023425139500778,5.983103235017443e-06,0.008414362012312862,0.0022865835144374393,0.00024699890764680506,1.0321672741091557e-05,3.9445893544809195e-05
33,0.000132738560031407,0.002459977620475638,4.609312830844456e-05,0.008821632436816407,9.233949679697796e-05,0.005700104216023765,0.37768018851565854,0.008769077963898782,0.000743179499369317,0.0007332479948938688,0.00021611104762661178,0.001537622918398874,0.0014393548157894303,0.00010525575883612044,0.0003545880156327785,0.06510959693245182,0.014971444505040702,0.0075996465255817975,0.49164807873676636,8.69960634774299e-06,0.009063683962932716,0.002335051485685083,0.0003612203014090607,1.3039700926550925e-05,5.80262543012579e-05
34,0.00046475070436462435,0.0008833236192368711,3.0423214730286476e-05,0.006312781239726824,6.79510984540998e-05,0.0025069483355800357,0.43904895638694313,0.006454466031922127,0.0003534413722295423,0.00012779544261023106,0.00036582344567673226,0.0011688441474719095,0.002473873493062199,2.7382577547754284e-05,0.0001888686484034828,0.02037402372240232,0.006756808669525646,0.0098267978267986,0.4915763572518234,2.805706281279999e-06,0.008786951843233895,0.0020252636526269254,0.00015228108380603773,7.94514548906196e-06,1.5135340052887563e-05
35,0.00023878857686719627,0.0017232724748215231,2.96276238703373e-05,0.007430911514235017,4.1940353516681194e-05,0.00404289915857867,0.37321400719272263,0.013599644283729919,0.00040745619698836615,0.0003667389869869188,0.00022615704775415544,0.001974008310937828,0.001579275958707601,5.056812801612995e-05,0.00016840254106869677,0.05886987219690264,0.012946627484295856,0.011317348732023585,0.5020856699351884,3.80611792332545e-06,0.006542611829814877,0.00291518051410026,0.00019177418053199414,7.10771400130601e-06,2.6302946416030533e-05
36,0.000164484444369265,0.0016283521284416603,4.027097154866007e-05,0.00795201454760156,0.0001948618874444261,0.003791636279881203,0.4876174962840552,0.004146876608795686,0.0004859564652091634,0.00024074414725707276,0.00035772025115646705,0.0013222327621235728,0.0015477445656812375,6.227137508427583e-05,0.0002139110288566096,0.0263165289346821,0.014121659415558995,0.007414180200653221,0.42518770793748356,5.758495768729962e-06,0.015467089048406263,0.0012307873574214313,0.0004317173146977705,1.9446814170831607e-05,3.855073365125565e-05
37,0.00024704612514714927,0.001970474229120556,6.292015662768043e-05,0.008267829159397104,0.00010650429263019095,0.0028516202626812795,0.5209972842935631,0.00696586047736832,0.0005208023132570392,0.0003355003960125272,0.0002486999690900152,0.0022010539880150636,0.0024880177708826775,9.345264524724948e-05,0.00013734239554749966,0.04964510036046521,0.017429931730869177,0.012332050415892222,0.35719910119630466,7.646119852780118e-06,0.013728846756308864,0.0017521133657886013,0.0003521049315204297,1.9930073867315738e-05,3.876657454337476e-05
38,0.0004290024485471278,0.03110272387180638,0.0001161680341468876,0.028936794308228875,0.0015598517844270345,0.003130548555641445,0.41403905406258024,0.03786992156729793,0.0036822384901254233,0.0013165519536251448,0.0023779692414699883,0.012911059602962585,0.0033636833267332023,0.0029796636971256567,0.0004981640551094842,0.020598645990237373,0.04280729858686468,0.011406536054526597,0.3338752134869635,1.3303123350070424e-05,0.028029334515223082,0.01822511683231639,0.00040744158402664663,3.487330529210536e-05,0.00028884152137209233
39,0.00016026970044784005,0.003518184534947573,4.189353554269584e-05,0.0122992048030613,0.00011889910640085926,0.0038943924282287164,0.36348727188722546,0.007037862624018657,0.0007445284445442621,0.0006215544620985277,0.0002519196947169195,0.001729891616877248,0.001979684760212521,0.0001197052737523125,0.00033555891200466766,0.04690006947808525,0.015532471751523676,0.00808625090005829,0.5212494021746293,7.81280410758278e-06,0.008864319670921501,0.002633392163352425,0.0003206825679188036,1.5194662962595576e-05,4.958204236089165e-05
40,0.00018210163509063804,0.002646510077710081,4.248967154507039e-05,0.008538006035203372,9.028011595854337e-05,0.004069638126938165,0.4332228386020818,0.009533175275515471,0.0005208155596710245,0.00043179772997444584,0.00027803354715509024,0.0022790074800509673,0.0018521928816749536,8.876344208362812e-05,0.00028820302371486086,0.05831198089117869,0.018091745964338036,0.007177622204441573,0.4400446557573075,6.793068290794948e-06,0.009136175058115443,0.0028419165826983,0.00026334619819987375,1.1618410304956944e-05,5.029266075666102e-05
41,0.0001526500448504749,0.0024083795566537227,3.8478846402750676e-05,0.00797960875487234,7.56834177899211e-05,0.0035373374749784517,0.4078520446884004,0.009415973910426104,0.0004520041564286792,0.00043147885798683875,0.00024003830599256628,0.0018835475728746006,0.0017263922244704756,8.372562600231063e-05,0.00022915006276601693,0.0581181758601941,0.016912740023894788,0.00805759839909922,0.4678249926217078,6.526053775217131e-06,0.00984554339135935,0.0024139411463077734,0.0002611905019835344,1.0860595730319156e-05,4.193790505216792e-05
42,0.00022871161361467655,0.00202641688113466,9.900389536208729e-05,0.013479827145947827,0.00019226271053872143,0.003940046194647811,0.5512585863125847,0.0072009836515100345,0.0008244233197929198,0.0005370314161541196,0.00027989780020238003,0.00184868655424341,0.001592189528222339,0.0002011676898095119,0.0001504757215321293,0.03777515343085284,0.01747178208016185,0.023571312042894157,0.314508578525676,9.606654268628927e-06,0.020921633122982883,0.0008194814772586303,0.0009904074244773081,2.543875622747271e-05,4.689604990286287e-05
43,0.00010929798473849563,0.002209225223601927,3.853340595019416e-05,0.00844408671637927,6.896621578084469e-05,0.006699207992465269,0.28306146896988255,0.011040545108610252,0.0006098614049640008,0.0010107514453844841,0.0001878401878581995,0.0009813654682816442,0.0013253810280226589,8.481750321030341e-05,0.0003378854848936381,0.06430118588077337,0.012843259838365607,0.007450495216076907,0.5874016410202991,8.374173370525948e-06,0.008751243282142928,0.002690826079989307,0.0002934824777796924,9.029517805070664e-06,4.122837337369487e-05
44,0.00015379684964937846,0.002416304976361534,3.7830272563673856e-05,0.008775144353647481,8.096605528871268e-05,0.0038723210348780668,0.40377206298066143,0.009409096790029008,0.0004833903928849056,0.00044727804187687687,0.00024108594584219806,0.0019068112837264267,0.0016786345031544634,8.146507666425511e-05,0.0002591557513032383,0.05886469633698744,0.016502658477637343,0.007757247635107612,0.4715399677607209,6.580514261300893e-06,0.008949308728717322,0.0024425625396964825,0.0002676289833023221,1.0979729815453753e-05,4.3024985222010684e-05
45,0.00030306562965565746,0.008030530152173747,0.0001645755625664973,0.008312415653155533,0.00012166468473015264,0.003034325991413735,0.308939670681091,0.012940665334013779,0.0005165380950614193,0.00126319081283193,0.00039881638462497767,0.002786742008464193,0.0027764448382861253,0.00041649915153631244,0.00013142307887657078,0.07890913525717264,0.06831583481062296,0.018904468952225126,0.4376432232899673,1.2238524225284013e-05,0.04198673328647009,0.0033175972550622663,0.000654546887601096,2.6076082041939078e-05,9.357759612938837e-05
46,0.00017290152232872976,0.002580269647696635,3.676493730222214e-05,0.009195401058945125,7.965491393475404e-05,0.003877636485516468,0.40203117256097437,0.009704891121455785,0.0004085993623170333,0.0004006709618355384,0.00025448085917210435,0.0021757769167232445,0.001699980481719817,7.115349304074057e-05,0.0002666875609025524,0.06321519223981939,0.0203367464554884,0.0072065073058046715,0.4648751787719852,5.9646356015010466e-06,0.008432430428097723,0.002655628647261011,0.0002625817175752994,1.0620946344662007e-05,4.310696815699175e-05
47,0.00021736663653801545,0.0036893429142344316,2.7282428797734672e-05,0.006149631873379219,4.57531158571381e-05,0.002845711171344994,0.42976861243718717,0.009460098488158746,0.00033552634060144863,0.00027820947686551406,0.000232994417364605,0.0035864889853765712,0.0024755145086014113,4.6971089020752305e-05,0.00027103308422597353,0.08415633768982868,0.02071307401354948,0.004109194503932996,0.42169730518349335,4.724559752965841e-06,0.004751467580790352,0.004966977586456526,0.00011399536500807134,8.998436850743646e-06,4.7388112782967e-05
48,0.00015955521553804588,0.002011727482757745,4.1798557508056195e-05,0.007985144117589174,9.628062047081936e-05,0.004058791499253556,0.442049966187188,0.008783112079119972,0.0005851993439171963,0.00041851391707108966,0.0002676115840293489,0.002008488496194126,0.0017859147749986362,8.652613429879545e-05,0.0002680387883902868,0.058322746243380186,0.013982472064379817,0.008146823667209925,0.43683536547966045,7.8383294457243e-06,0.009472703145793949,0.0022864382348143242,0.0002774135037979741,1.3321183101438827e-05,4.82093500911594e-05
49,0.00022097179692492542,0.0025957290475897834,5.510196951022668e-05,0.009237797538165459,9.378496593836199e-05,0.0053082094114350106,0.46645560090223304,0.011660601759706637,0.0005459030457809212,0.0004875422537775262,0.000307555619781863,0.0027190170871827886,0.0020815302922106817,9.15846054085696e-05,0.0002569883018557415,0.06985322530009964,0.020733299153389596,0.009034026369489547,0.3856418466601041,8.6368471495896e-06,0.009375266505868387,0.0028549958451564586,0.0003166349408117508,1.3009389857658092e-05,5.114039057189244e-05
50,9.451190313346621e-05,0.0022377777297804967,2.8665033047767882e-05,0.007056629571723851,5.509525193271215e-05,0.0034398129979382936,0.39025062671138105,0.010284752803069879,0.0005237601425511397,0.0005594271502788957,0.000162785975777988,0.0013054057968194695,0.0014627035670117055,8.693582348287829e-05,0.00021328786285578578,0.044613729859598085,0.009776536595813505,0.006370800160974519,0.5107789382750192,5.401033486818698e-06,0.007920474809187608,0.0025558045370674036,0.0001761300136833024,6.636479611868334e-06,3.336991477229815e-05
51,0.00015262533424850174,0.003705979342061835,3.3732214860890935e-05,0.011981701757470152,7.618089699607279e-05,0.0035171598985997625,0.34407033211698884,0.012298295359783915,0.00048373883076222935,0.0005576955839979354,0.0002505291363501394,0.002001648245831366,0.0017888212936431212,0.00010148511729112074,0.0002974539217884989,0.05303730656556697,0.016127390979910387,0.00787354205796284,0.5304066908090975,6.095247536760867e-06,0.007733535774317532,0.003226651178734059,0.00022303366014753817,8.49524986761487e-06,3.987942618423443e-05
52,0.0001328447211241912,0.0021067681229688146,3.5706015765635644e-05,0.010564322364717462,5.1240707639645385e-05,0.00471281329770697,0.25132002962187566,0.010981346421688179,0.000519339016553716,0.0009010802360954126,0.00017473224993810692,0.0011267063922764677,0.0015906654900064746,7.838153996911328e-05,0.00029665318471822376,0.07232633806171147,0.011596760184354385,0.0109756958200589,0.6112735247445812,8.158449579478213e-06,0.006529000991455551,0.0024026948433745125,0.0002543141542501636,9.078665388621226e-06,3.180470220136528e-05
53,0.00011804613148877195,0.0015245834755616197,2.6267610571123016e-05,0.00594722528417225,6.38686711066069e-05,0.003348071500543573,0.5534105383087559,0.008011476723950712,0.00043771497358613024,0.0002328283593121987,0.00019723161479349156,0.002130253641585274,0.0012908945191254732,5.931769445786602e-05,0.00021122579624065923,0.05030401434841837,0.011481125672272564,0.005897366897172171,0.34627923806368843,4.968462988880856e-06,0.006955320543833301,0.0018057565811706849,0.00021584783041065446,8.264623332352144e-06,3.855267146104403e-05
54,0.0001537289888899886,0.0024175307754696587,3.783226986140735e-05,0.008774120314469811,8.095481534105102e-05,0.0038722246929215874,0.40374640384867194,0.009410114005043798,0.00048358322841349775,0.0004475019780086628,0.00024101941911779478,0.0019077998233562917,0.0016783586755261158,8.150952180659904e-05,0.0002593296744194159,0.05890632863047933,0.016503958491373514,0.007753085594380009,0.47152730303287604,6.582591274403288e-06,0.008945783102544333,0.0024433199128614438,0.00026757929819297215,1.0981336991867729e-05,4.306597770860375e-05
55,0.00015298682868615315,0.003729932192889791,5.0614031922013596e-05,0.009427041770445765,6.630041838553002e-05,0.004415234123096424,0.24735389693511073,0.01329113120141018,0.0004082494840553706,0.001043722280712094,0.00023951257579672198,0.001119431944759544,0.0016940821349880153,0.00011265259603113331,0.00031682228923240254,0.06814265703615408,0.02370747502611951,0.008597020728901266,0.6008672277611217,8.334248634892889e-06,0.011599002814560349,0.0033202072041073334,0.00028548098487922685,8.395745390669345e-06,4.258764260910351e-05
56,0.00015760232917055866,0.0024067449084890016,3.759846330764539e-05,0.008630416141200083,7.979092876467787e-05,0.003695967984286174,0.41072139932502494,0.009186283335339475,0.00047882067514449123,0.000425627727392169,0.00024171346766097034,0.001935601886175751,0.00176253263150866,8.049945964395457e-05,0.0002502534902016146,0.05658704152590914,0.01607496197542566,0.007711829516282861,0.4677561482185638,6.51664872516767e-06,0.008989234876734687,0.0024708964710215796,0.000259372670887633,1.1139179768053172e-05,4.2006163371409626e-05
57,0.0001100715307773637,0.0021821194948490824,2.7349609504067143e-05,0.006249562261775404,5.589934815140704e-05,0.002401382099201348,0.36495115264450223,0.0074510746027320355,0.00032988754295779874,0.0003255088397562282,0.00019179635686702274,0.0016450129362450385,0.001680586617156145,5.9044053924562473e-05,0.00020193006419732921,0.055081823593069824,0.013542830261972045,0.005758045134869118,0.5266294859987467,5.056620144097192e-06,0.008670068757412695,0.002242096501413023,0.00016462825048889172,8.919161984923556e-06,3.466771730166017e-05
58,0.00014787092312992204,0.002255238595031236,3.80642032846618e-05,0.008574182138222463,9.076208165160247e-05,0.0035449507457664966,0.41686567794372537,0.007218336610083228,0.0005082754643134312,0.0003935157952028217,0.00023292577953134226,0.001911500959693746,0.0018476691440989753,7.65604984881932e-05,0.0002513033268942267,0.05726406592169147,0.01545775752739523,0.007294283115340564,0.46419820798130984,7.252018674183792e-06,0.00930904689891267,0.002166694688579528,0.00028612536856765565,1.4853428710556836e-05,4.4878841700659345e-05
59,0.0001570742464090865,0.002469880566730271,4.7403383612236154e-05,0.008833336312892359,9.634352942633582e-05,0.003905015925831619,0.411277927341221,0.008218211764827744,0.0005384123556195302,0.0004902105983552622,0.00024260939098505352,0.001930596553083175,0.0018687284702410773,9.214263949124024e-05,0.0002496261562755072,0.06405389107811087,0.017913287665560534,0.008225103320470144,0.4560730494514831,8.294832878866526e-06,0.010703640160808384,0.002214119127479618,0.0003255249685292278,1.573430493159475e-05,4.983585474636281e-05
60,0.00015379684964937846,0.002416304976361534,3.7830272563673856e-05,0.008775144353647481,8.096605528871268e-05,0.0038723210348780668,0.40377206298066143,0.009409096790029008,0.0004833903928849056,0.00044727804187687687,0.00024108594584219806,0.0019068112837264267,0.0016786345031544634,8.146507666425511e-05,0.0002591557513032383,0.05886469633698744,0.016502658477637343,0.007757247635107612,0.4715399677607209,6.580514261300893e-06,0.008949308728717322,0.0024425625396964825,0.0002676289833023221,1.0979729815453753e-05,4.3024985222010684e-05
61,0.00016359848617018998,0.0023368807817685704,4.8753195294937664e-05,0.008721044100740025,9.769390317812845e-05,0.003953697623311069,0.4185848952831208,0.008131476003722793,0.0005609327516599036,0.00048637964711798273,0.00024396164442346465,0.0018686748272678702,0.0018834836991694674,9.215172967765424e-05,0.00023675330998923779,0.060372977391063586,0.017064341429248973,0.00864283087729215,0.4529381081318389,8.165214775905313e-06,0.011014125544048002,0.002151869993685264,0.0003332663827081538,1.5971720184140588e-05,4.796632854284345e-05
62,0.00015379684964937846,0.002416304976361534,3.7830272563673856e-05,0.008775144353647481,8.096605528871268e-05,0.0038723210348780668,0.40377206298066143,0.009409096790029008,0.0004833903928849056,0.00044727804187687687,0.00024108594584219806,0.0019068112837264267,0.0016786345031544634,8.146507666425511e-05,0.0002591557513032383,0.05886469633698744,0.016502658477637343,0.007757247635107612,0.4715399677607209,6.580514261300893e-06,0.008949308728717322,0.0024425625396964825,0.0002676289833023221,1.0979729815453753e-05,4.3024985222010684e-05
63,0.00014846077507857454,0.0027831157554725817,3.577284592672162e-05,0.008948876556237198,7.739879352047807e-05,0.0036149830142708766,0.38117959773127835,0.00933860334406546,0.000465063067604405,0.00046347480990470614,0.00023343622732640876,0.0019053268276578055,0.0016997129230789066,8.227046748890506e-05,0.00026415012965701293,0.05879466138587034,0.01708035869211327,0.007275941423931338,0.49399023049274726,6.313962680024107e-06,0.00869633313758767,0.002610786042328846,0.0002514618318536618,1.0693243705796294e-05,4.2976518613398404e-05
64,0.0001523560524208105,0.0022402490855788514,4.298218418176279e-05,0.0072644753662367825,8.409115266673046e-05,0.0032064756081748263,0.41758205510016877,0.008581810591285724,0.0004277170948520005,0.00040103245634466004,0.0002506826722536326,0.001763288707840739,0.0017248544510272035,8.792903579976116e-05,0.0002012062637522857,0.053310665728931964,0.01761803179166671,0.008533983340844362,0.46149740508767173,6.626677723974658e-06,0.012594392405238374,0.00208725341554407,0.0002864696568036306,1.2013045948464441e-05,4.1953027042096504e-05
65,0.0001104628427397833,0.0006318515370876589,1.0509543894090834e-05,0.008012395221152178,5.2573483781753596e-05,0.004685021876415149,0.37840041934577484,0.004816590020065332,0.0001377301477168857,0.00010654208234143537,0.00020350699974975832,0.00104775001083418,0.000636494902860507,1.0663862338086178e-05,0.00024285515752567533,0.03630611067555481,0.012646020261801224,0.005257150841324668,0.5409331992964163,1.7961005594595277e-06,0.004563723793901661,0.0009237474824597277,0.0002440289820800518,4.463812192717409e-06,1.4391719432133467e-05
66,0.00015351488756615934,0.0024191604729341923,3.763726652354454e-05,0.008791682144986535,8.102032466489837e-05,0.003885120957417663,0.40296725963683777,0.009383907519710756,0.0004842104411226385,0.00044711471178460985,0.00024099458538443945,0.0019064094922164624,0.0016682739044632173,8.140543360045187e-05,0.00026014753921120955,0.05872959149640614,0.016519644319745112,0.007736333225718926,0.4725042687221515,6.543861928420128e-06,0.008929844470011172,0.0024430648135227314,0.0002687477552600379,1.0981881608702896e-05,4.3120135222637186e-05
67,0.00015567517665805418,0.002406247052612165,4.0659646761804816e-05,0.008927358017063191,8.228034411037988e-05,0.003900013711873442,0.4028063028851108,0.009442685332390394,0.0004764640306496509,0.0004649101558773707,0.00024047014490921663,0.0018720844577050698,0.0017176516253823513,8.380524375079653e-05,0.0002521813626735099,0.060929125154368186,0.017216973161336056,0.008209160677943824,0.46858219200340206,7.031595065810948e-06,0.00950538379712296,0.0023402378913934623,0.0002864091065496235,1.1529525421538921e-05,4.316789986824501e-05
68,0.00015420661504711184,0.002389600774847183,3.1305803649791584e-05,0.008115890788162123,6.811643589570051e-05,0.003434499901202597,0.37205659571005395,0.009753531637043903,0.00038681283086512306,0.0003901133361946502,0.00024073898837059058,0.0017382370036311402,0.001599019076492569,6.679299430631315e-05,0.0002479971155479867,0.05555514603777117,0.016483355618796304,0.0073163852154201955,0.5085916614987595,5.343015569502248e-06,0.00851560885272127,0.0025911899533533887,0.0002227498699504555,8.780168710918285e-06,3.632075763652331e-05
69,0.0001542088410575482,0.002422961565170105,3.758002030531988e-05,0.00879595597869424,8.108403184198383e-05,0.0038761434986012825,0.40352574136029606,0.009378459149055888,0.00048323215883425364,0.0004451202584787894,0.00024151956147476034,0.0019104316451050377,0.0016773057094736834,8.092269602345656e-05,0.0002604822311739545,0.05867972708005909,0.01650810205554623,0.007703131841732367,0.47207378353147117,6.53140358146745e-06,0.008883527973520657,0.0024535900741867065,0.00026651331660730603,1.0955617080743247e-05,4.2988400628066985e-05
70,0.00018988846540855122,0.0022161847829060867,4.625131957467941e-05,0.020642079728483965,0.00027108344646575584,0.0053153023642542865,0.6432873810192943,0.009056979615703512,0.0010675382124526725,0.00030262862400855944,0.0003499239210984164,0.00287489129028781,0.0018171529521492835,0.000121825329515722,0.0003981157245398358,0.026611515141095058,0.010707614503057957,0.006137862944662035,0.25943899212944466,7.709593811171403e-06,0.006593136132435714,0.002107805551570252,0.0003752784213423949,1.3936000382889685e-05,4.8922786054293084e-05
71,0.00030655463618962405,0.0020562018683651416,2.293015175524595e-05,0.011875402728846218,4.035652619767692e-05,0.0058280143771834905,0.2678828710454265,0.008576424277587641,0.00023839720710437608,0.00030118669335425395,0.00027079420526315346,0.0018476711020125117,0.0014660837194260532,2.21613347415559e-05,0.0004305194560091609,0.053333945950670265,0.020633578803564593,0.004711859122558891,0.612793631425079,2.2902743248488832e-06,0.003625032706197249,0.0035109659096097794,0.0001901146068050702,6.112712619486578e-06,2.689915910816163e-05
72,0.0002957219535258833,0.0038369046650476154,6.634906349825151e-05,0.015465408058378037,0.00022746939227832945,0.004077303108152505,0.3367462205909317,0.011364686399190959,0.0008097934300443819,0.0006377879371863307,0.0005309728649230308,0.002502045193622158,0.0019685396062005863,0.00021860507928156972,0.00027508976991507165,0.04178592968155692,0.0276434600589042,0.015071391672184386,0.5139526652365816,8.223106270247355e-06,0.018697448875098804,0.003094736527041903,0.0006293470394985073,2.4857713679232407e-05,6.904297700791879e-05
