,0,1,2,3,4,5,6,7,8,9,10,11,12,13,14,15,16,17,18,19,20,21,22,23,24
0,0.001441610815539116,1.8993857407904928e-05,1.4894917524858268e-06,0.0047047995843240735,0.001435215730795863,0.0001114641047057148,4.290586734892766e-05,0.00021652206921490263,5.331092435710727e-10,0.0015389109684093901,1.4566533510167094e-05,0.16851434591269487,1.2021034435525048e-07,0.017706624565867603,7.2692002949912354e-06,0.13790796828525012,0.0008767040965845743,0.0027421084064767945,0.0011008707417955402,2.278420009989812e-06,0.3533310874264172,0.004259104064030649,0.30364424350621644,2.7785459435450895e-06,0.0003780170619555436
1,0.0013960445460853093,1.3044601507646852e-05,2.482967089499742e-06,0.0036475304598707495,0.001928651724234064,0.00021990123601884454,5.783586947814772e-05,0.0002711103693714905,1.453890999147333e-09,0.0018920713191974102,1.7442253709342885e-05,0.2196686613190327,1.8683550228428484e-07,0.02093543726032036,9.646243875474298e-06,0.2949504874950139,0.0005394019391673658,0.0016668332336175937,0.002220923998604065,4.342723299517256e-06,0.2757640068869058,0.0043384435660298055,0.1702156745872972,1.7790981011693812e-06,0.00023805801277933684
2,0.0017475986528683268,1.9193144271124728e-05,2.088789798066277e-06,0.0037515583794043425,0.0019237609188294924,0.00020246497383582374,5.453242707841451e-05,0.00024374765365308665,1.0949813172265178e-09,0.001527880339916708,1.9371243471218834e-05,0.21261061605948345,2.2545462042976255e-07,0.021595659673539547,1.2899111471504742e-05,0.23237025079382437,0.0008255540193118674,0.002098722513575724,0.0016748418212527677,3.969706318925644e-06,0.2404166580946315,0.005674286466752904,0.2729518429354748,2.5087470206864216e-06,0.0002697669846135731
3,0.0016687864440842006,1.6362190496833687e-05,2.271909277423522e-06,0.004363396785417053,0.0019658322928331586,0.00018228254065162246,5.793967146257189e-05,0.00026637496724063936,9.70898663491598e-10,0.0016054266387497023,2.0798143329348637e-05,0.2538059891563495,2.221909544578559e-07,0.021302535483772353,8.703753295401772e-06,0.20192881325681483,0.0007884044943080353,0.002467375179804111,0.0016396235155402017,3.98739834118122e-06,0.2719046692341045,0.004823727641913504,0.23092162144520226,2.4916047860501975e-06,0.0002523630903723103
4,0.0016598055581276067,1.718659936575882e-05,2.5457859500719117e-06,0.004213441379015945,0.002197396512918439,0.00020023249021501404,5.9730818646905655e-05,0.0002524080885472422,1.0535877456414087e-09,0.0016064331338739605,2.132845279531069e-05,0.26402503014225726,2.6427367449623225e-07,0.023835126716834173,9.110153346991407e-06,0.20448565944194044,0.0007653261624533669,0.002472051152182866,0.0016191848697247428,4.103801985420759e-06,0.2551297745175401,0.004857516556386978,0.23232292804311003,2.6157042516569936e-06,0.0002407985912674825
5,0.001441367360938211,1.6656645505645858e-05,1.951542754371773e-06,0.005340671610948855,0.001942064172351186,0.00017029310793211622,5.485747845272469e-05,0.00027654865879471555,7.815873598540729e-10,0.0017657557242702771,2.006534280817268e-05,0.22591132061928773,2.2032128554736188e-07,0.019934972670695706,7.077741987511389e-06,0.17599178403706445,0.0008091462825141728,0.0030545801974637427,0.0013696926139997356,4.018920206180061e-06,0.2954604251173419,0.00444332130432503,0.2617289065389574,2.756298200236798e-06,0.0002515449103271322
6,0.0016687864440842006,1.6362190496833687e-05,2.271909277423522e-06,0.004363396785417053,0.0019658322928331586,0.00018228254065162246,5.793967146257189e-05,0.00026637496724063936,9.70898663491598e-10,0.0016054266387497023,2.0798143329348637e-05,0.2538059891563495,2.221909544578559e-07,0.021302535483772353,8.703753295401772e-06,0.20192881325681483,0.0007884044943080353,0.002467375179804111,0.0016396235155402017,3.98739834118122e-06,0.2719046692341045,0.004823727641913504,0.23092162144520226,2.4916047860501975e-06,0.0002523630903723103
7,0.0025892488834587837,3.144297094232606e-05,3.876781169123135e-06,0.0056569649854384535,0.0017699152385855683,0.00017850221943563736,0.00011848595601453658,0.00038593395589717216,1.5539247252167554e-09,0.0018461436564001094,3.8940837026304696e-05,0.34183450106818913,6.588809333841889e-07,0.022214981209540515,9.333876686160049e-06,0.16207639748997643,0.0012508074845095057,0.004221952176761623,0.0016035857259606642,8.985697977566716e-06,0.21234891064986738,0.006182609287235553,0.23535721756985709,5.275648657396527e-06,0.0002653261955549225
8,0.0018152647467613795,1.7708169364705014e-05,2.5299458202184925e-06,0.006138784547680504,0.0017838322924953862,9.954830206327541e-05,5.710945835008466e-05,0.0003440977983286063,7.142289031650333e-10,0.002161988758617927,9.61094397203476e-06,0.19278488785966202,2.43292103337674e-07,0.019949587750591788,6.789315649775202e-06,0.22702721878660193,0.0009956199253529135,0.002069756357195468,0.0011809613869281578,3.999823740527344e-06,0.2453891650616512,0.0037491546573303713,0.29400206931551226,4.253642740191306e-06,0.00040581714725692816
9,0.0020091203115531297,2.1911233305020737e-05,3.993112635136481e-06,0.007715996736797999,0.0020472304838132878,9.639858168650968e-05,7.646494162517564e-05,0.00048334791589963274,1.0033778462455503e-09,0.0024687009343839165,1.3015790424351724e-05,0.2572852314366222,4.471544608829957e-07,0.02069164444462566,6.2818586783574515e-06,0.20628908354265074,0.0013205047865131692,0.0026121335241239313,0.0012686459139811372,6.687222507921779e-06,0.23237447921263293,0.004022760566464255,0.2587754390064779,6.2879181829530845e-06,0.00040419236657593914
10,0.0016687864440842006,1.6362190496833687e-05,2.271909277423522e-06,0.004363396785417053,0.0019658322928331586,0.00018228254065162246,5.793967146257189e-05,0.00026637496724063936,9.70898663491598e-10,0.0016054266387497023,2.0798143329348637e-05,0.2538059891563495,2.221909544578559e-07,0.021302535483772353,8.703753295401772e-06,0.20192881325681483,0.0007884044943080353,0.002467375179804111,0.0016396235155402017,3.98739834118122e-06,0.2719046692341045,0.004823727641913504,0.23092162144520226,2.4916047860501975e-06,0.0002523630903723103
11,0.0017135695924853603,1.7546835637409517e-05,2.4017141564592633e-06,0.004508066103425087,0.001994807045947954,0.00018666030978292452,6.138860561555185e-05,0.000272026390854033,1.0251646577788878e-09,0.0016430613501842242,2.1778535397207804e-05,0.258595873374852,2.548153976494307e-07,0.021950834619813252,8.775055024768489e-06,0.1989957924801424,0.0008140521291166167,0.0026222707058925123,0.0016144795931661172,4.322749988950214e-06,0.2626434201506652,0.004913018107886688,0.237158780209891,2.6975609714208663e-06,0.0002541209385402617
12,0.001925895511864488,1.531492206542136e-05,2.9970241053490262e-06,0.0045552433731712244,0.001609157723602977,0.00017577748867577496,8.081249040591619e-05,0.00038988338531125946,1.7421984673559503e-09,0.0018138859439032545,2.4069554370957722e-05,0.25251746501323163,2.2321349212497467e-07,0.017270257370928386,1.0527517992082132e-05,0.24299674069984475,0.0008079844622362384,0.001984198728370214,0.002258011568022529,5.631676105290192e-06,0.2864017781800448,0.004565685796520815,0.1802918480254457,2.6329596603654166e-06,0.0002939756284299983
13,0.0016941587068719257,1.2836202841820208e-05,3.0231003123829357e-06,0.0028523903742246532,0.0021078227661805574,0.00014925556498864473,4.8490136218715213e-05,0.0002101472592118911,1.0398198104800944e-09,0.0006622308870718271,3.5989315219485345e-05,0.438370465227956,1.977583183544925e-07,0.023181469542423158,1.0701447815852742e-05,0.12108818670280602,0.0008903802046185745,0.0017018246741213115,0.0017024183971378142,3.0479729946096303e-06,0.2314888382205555,0.00511015948728728,0.16848549710749147,1.7379719285460865e-06,0.0001887299315837976
14,0.0006077469381723532,6.890517806966625e-05,1.5250871558297648e-06,0.005310216475024054,0.0034792352638016856,0.0003720585298401817,7.206650535279743e-05,0.000433525621196053,1.3111157278703783e-09,0.010543271597862548,2.363069680791227e-05,0.10754679385534563,6.173299550903542e-07,0.01449725953465441,8.3122547013648e-06,0.24851399284947212,0.0006312270361260156,0.0058561780306539786,0.001848448260164077,8.18133791425081e-06,0.36528702927404527,0.00733831550192682,0.22738672730841342,6.570308282008696e-06,0.0001581639139466906
15,0.0016687864440842006,1.6362190496833687e-05,2.271909277423522e-06,0.004363396785417053,0.0019658322928331586,0.00018228254065162246,5.793967146257189e-05,0.00026637496724063936,9.70898663491598e-10,0.0016054266387497023,2.0798143329348637e-05,0.2538059891563495,2.221909544578559e-07,0.021302535483772353,8.703753295401772e-06,0.20192881325681483,0.0007884044943080353,0.002467375179804111,0.0016396235155402017,3.98739834118122e-06,0.2719046692341045,0.004823727641913504,0.23092162144520226,2.4916047860501975e-06,0.0002523630903723103
16,0.002780485343033443,3.580325487832872e-06,1.8056881416937384e-05,0.0005860632456377655,0.0037277952214066733,6.41159063929403e-05,2.9136752378129308e-05,7.517057191725025e-05,1.1780888519874407e-09,2.2341571375753692e-05,2.706540346753737e-05,0.7006751100740168,1.021256863195652e-06,0.015082876257370875,2.0438885389668448e-05,0.049088085794128954,0.0016838363242505322,0.0001399903703407805,0.00040248400584046466,2.9305555644090632e-06,0.003556825056799512,0.00165259895835713,0.2202917230891574,3.3332088123721705e-06,6.493376250444519e-05
17,0.001644332571602732,1.604436402933775e-05,2.2474281863883975e-06,0.004699706496078305,0.0019215958502195407,0.00017640542740178855,5.800777603995069e-05,0.0002551664798274293,8.788777691594905e-10,0.0015442514247270833,2.034162981712598e-05,0.2563313734332241,2.28130072744838e-07,0.022635726807270665,7.748451693697564e-06,0.1904657259607651,0.0007617889096921789,0.0026290954522987684,0.0014875836546072469,4.03448881568719e-06,0.26495768464276714,0.004593540672498787,0.2455284780423098,2.466447807679396e-06,0.00025642457936896843
18,0.0026662614394122497,2.3505096506237568e-05,2.346484915695668e-06,0.004508878982199656,0.0014204895535895746,0.00011285898652263112,6.080256578416516e-05,0.00027468307902619977,7.753654139994966e-10,0.001711393488455575,1.683072156761559e-05,0.28566762236937554,2.4450914612827767e-07,0.01752595886838015,7.493235068443826e-06,0.14677523536037795,0.0014835185634887954,0.003964242276320091,0.0012043259698314628,3.398698260457342e-06,0.2740659739120993,0.006138091420747049,0.25195028495717225,4.522492030918551e-06,0.0004110361943564077
19,0.0013475497561054495,1.46590951164218e-05,3.2721862255916988e-06,0.0046214451280317224,0.0026753525218249797,0.0001709944077369657,5.269684410790048e-05,0.0003238038184192907,1.154563757846963e-09,0.0016610812735914145,2.0107483946553085e-05,0.3360406037613016,2.861337372115503e-07,0.023952594462552036,7.540589524594135e-06,0.1869676362008493,0.000809177528209504,0.0021548683309036832,0.0017162348219156344,4.789052678828702e-06,0.24843335073485165,0.004978829455207411,0.18381595951869786,2.500659616648795e-06,0.00022466508028401626
20,0.0014704894421580118,2.041773595470982e-05,2.4969533237317824e-06,0.004482008303512759,0.0024804518205801614,0.00015011063766790148,5.0240191250160836e-05,0.0004219404019453393,1.2246475477577122e-09,0.001918985685240667,1.9601339290024845e-05,0.2503381874907047,2.2801201845255412e-07,0.018770105145675745,1.1081793922871072e-05,0.17601262560419745,0.0011786457498559483,0.002375408120457292,0.001954002317418,4.124477997541917e-06,0.3050809315665263,0.007365815075618894,0.22562538651841954,3.3198542662012835e-06,0.00026339453735016536
21,0.0013914809358352741,3.977757882617875e-05,1.7839035585569843e-06,0.003786985230095545,0.0038103890602950922,9.45414276213141e-05,2.799125893953591e-05,0.0007585381210775297,1.593898508491178e-09,0.0013643534106653782,3.0225879158379766e-05,0.14546873130234939,9.836340528316409e-08,0.01188076715404514,2.9434411903239266e-05,0.05837435340524007,0.0035056561603919604,0.002605665780822707,0.003307822762661611,1.6757335826924784e-06,0.5049979474227495,0.01819331576495004,0.23994542492209467,5.486983932818113e-06,0.00037755143189954695
22,0.0016377161483233694,1.4328346897994306e-05,2.2921306711053917e-06,0.004094168470060916,0.001814793342976904,0.00020048078876671381,5.9352310729441164e-05,0.00023594039269692768,9.203553425028221e-10,0.0014623281860225805,2.3982026020487118e-05,0.2503113122397629,1.8216199958403582e-07,0.02073696315664534,7.914604801160341e-06,0.20087105869335364,0.0007226315167117364,0.0028541302619828103,0.0015584514607624442,4.018842043445739e-06,0.30690724391959867,0.004861664851704606,0.20139358148303435,2.2227071582192585e-06,0.0002232410369191154
23,0.0016687864440842006,1.6362190496833687e-05,2.271909277423522e-06,0.004363396785417053,0.0019658322928331586,0.00018228254065162246,5.793967146257189e-05,0.00026637496724063936,9.70898663491598e-10,0.0016054266387497023,2.0798143329348637e-05,0.2538059891563495,2.221909544578559e-07,0.021302535483772353,8.703753295401772e-06,0.20192881325681483,0.0007884044943080353,0.002467375179804111,0.0016396235155402017,3.98739834118122e-06,0.2719046692341045,0.004823727641913504,0.23092162144520226,2.4916047860501975e-06,0.0002523630903723103
24,0.0012794829801026527,1.610669282021366e-05,2.157903808528895e-06,0.005490257944941334,0.002164307374375133,0.0001875304481407076,5.5791507744944086e-05,0.00025544367749551065,7.661870702583427e-10,0.0017696926148687729,1.972216776575925e-05,0.24194129399024977,2.4930678921604136e-07,0.024699623082543774,6.1243291139892125e-06,0.1908394617534343,0.0006330403969215374,0.002801651928075271,0.0014207907655569626,4.49112412143564e-06,0.2655541495423813,0.004069103214067195,0.2565575978250417,2.3086131460163476e-06,0.00022962005030692173
25,0.0017552991503377872,1.5593001537759162e-05,2.903559129685976e-06,0.00666895724367176,0.001775316708514748,0.00012417579490658272,7.948274191920083e-05,0.00046090260882956105,1.030698771582415e-09,0.0014021635084240256,3.213316033942049e-05,0.3289942573032611,3.041202935968706e-07,0.0193101410988435,6.2292121166554145e-06,0.13948141070485742,0.0010701327825900376,0.003175951252264433,0.001669538218404,6.440217496239367e-06,0.27347601834497315,0.004802428504502797,0.21546676461205624,3.158844535586899e-06,0.000220296275495773
26,0.002832487012484316,2.1476047947613245e-05,3.2179435338102213e-06,0.005415141720776097,0.0017908560366601744,0.00012308768584478293,7.569115237101693e-05,0.0004091156318172633,1.1132435854026925e-09,0.0017636914202342488,2.2530946590189678e-05,0.29683514043250253,3.6521942237795246e-07,0.014836572150000728,8.55191166236821e-06,0.15197047562140367,0.0019260027324639226,0.004099493217429807,0.0013079982741573176,4.8805426335243685e-06,0.2551716650384092,0.005756845834280853,0.2552839140360176,6.748107715433464e-06,0.0003340501703976407
27,0.00191426321236878,1.817543901023345e-05,2.5363169967840006e-06,0.003993002573028781,0.001773558285168719,0.00020917306070950762,6.45505349525802e-05,0.00033361252358158814,1.5951261842398724e-09,0.001989742064861567,1.993389880821654e-05,0.22299823467088276,2.0233152261875312e-07,0.018278418897176633,1.2439528393375211e-05,0.24895080119474708,0.0008527144512546843,0.0022691397783250584,0.001983544087850784,4.7923908365045964e-06,0.2795961810707019,0.0063831417367942464,0.2080253279843929,2.740813363602089e-06,0.0003237715591449761
28,0.0016687864440842006,1.6362190496833687e-05,2.271909277423522e-06,0.004363396785417053,0.0019658322928331586,0.00018228254065162246,5.793967146257189e-05,0.00026637496724063936,9.70898663491598e-10,0.0016054266387497023,2.0798143329348637e-05,0.2538059891563495,2.221909544578559e-07,0.021302535483772353,8.703753295401772e-06,0.20192881325681483,0.0007884044943080353,0.002467375179804111,0.0016396235155402017,3.98739834118122e-06,0.2719046692341045,0.004823727641913504,0.23092162144520226,2.4916047860501975e-06,0.0002523630903723103
29,0.0016687864440842006,1.6362190496833687e-05,2.271909277423522e-06,0.004363396785417053,0.0019658322928331586,0.00018228254065162246,5.793967146257189e-05,0.00026637496724063936,9.70898663491598e-10,0.0016054266387497023,2.0798143329348637e-05,0.2538059891563495,2.221909544578559e-07,0.021302535483772353,8.703753295401772e-06,0.20192881325681483,0.0007884044943080353,0.002467375179804111,0.0016396235155402017,3.98739834118122e-06,0.2719046692341045,0.004823727641913504,0.23092162144520226,2.4916047860501975e-06,0.0002523630903723103
30,0.0016687864440842006,1.6362190496833687e-05,2.271909277423522e-06,0.004363396785417053,0.0019658322928331586,0.00018228254065162246,5.793967146257189e-05,0.00026637496724063936,9.70898663491598e-10,0.0016054266387497023,2.0798143329348637e-05,0.2538059891563495,2.221909544578559e-07,0.021302535483772353,8.703753295401772e-06,0.20192881325681483,0.0007884044943080353,0.002467375179804111,0.0016396235155402017,3.98739834118122e-06,0.2719046692341045,0.004823727641913504,0.23092162144520226,2.4916047860501975e-06,0.0002523630903723103
31,0.0017030361828055778,2.1586048805877115e-05,3.100523124538828e-06,0.006285078949016963,0.002361735240984443,0.0001223384463466896,6.202470862530176e-05,0.00045058703077660724,9.796221159009949e-10,0.0023513885354694303,1.5097611691345763e-05,0.2717132841682203,3.377512085461726e-07,0.021462069384695408,6.250900740652994e-06,0.18865856122921992,0.0011431785274383017,0.0028712675087327303,0.001681851824762831,5.441456122284277e-06,0.262424359290943,0.005301862246746207,0.23104262905969541,4.242460886340354e-06,0.00030868993331914583
32,0.0016527155966845337,1.6317227528712495e-05,2.324321291368857e-06,0.004107330372110508,0.002027405204184799,0.00018931675057815107,5.6717489185620416e-05,0.00027266366750900497,1.0870004603878299e-09,0.0016308905954522995,2.0796513445313154e-05,0.24890632411204994,2.0994523347163095e-07,0.0212015354873902,9.464757755372954e-06,0.20970768856094507,0.0007834063071200074,0.002332741788611195,0.0018246529007646338,3.872233084424288e-06,0.28125782202755667,0.005079495133109162,0.2186599547262211,2.393029629538268e-06,0.0002539601655585815
33,0.0015668760463959036,1.1712520624281563e-05,2.3244809725753327e-06,0.004345582188676813,0.0015443339898224768,0.00019303190572930794,6.251109722888445e-05,0.00024314599243745888,1.1057143750956227e-09,0.0015733450566863246,2.030962931638488e-05,0.23041622924663396,1.6217488446205635e-07,0.018206639803435593,8.369329907912685e-06,0.23037932474350004,0.0006045137336313115,0.0020623452897035504,0.0015246320781770887,3.925639048347648e-06,0.2916063214423602,0.003403334815503457,0.21192757947651775,2.0676991741943275e-06,0.0002913805139173879
34,0.0034867534271933744,1.552479527199755e-05,3.669161798204773e-06,0.002348603457455619,0.001565382895993962,0.0002717572768512854,9.093431625217024e-05,0.00028160667507796467,3.94251831030368e-09,0.0016833389108768981,2.0450749201378015e-05,0.27074494567692625,2.036069547329797e-07,0.021889546718411118,1.84151595297524e-05,0.3144453087158889,0.0006517507867435249,0.0015053956108303642,0.003928054010239051,3.605380310937954e-06,0.25346024134085104,0.005823735802087532,0.1173731359041181,1.996836767710189e-06,0.0003856388418498781
35,0.003125929794923616,2.1486941370712116e-05,2.8857629621579823e-06,0.006612940265971342,0.0013752451411299634,0.00010200736103489221,8.31014357771398e-05,0.0006797200937422921,1.6454629342284743e-09,0.0030195857426365785,1.777432119068102e-05,0.2954900124352439,2.59828710108483e-07,0.012452497704040139,5.932569203807288e-06,0.1445561581631332,0.0018137032054435925,0.004983705470123377,0.0021860630480702754,4.929405869895514e-06,0.35753404181026466,0.006786012049569281,0.15861427987365218,5.7708651893741284e-06,0.0005259550652838711
36,0.0010422060129424494,1.3969351172118484e-05,1.2109369118895338e-06,0.005262890347515414,0.0011815580273324753,0.00035530417778068484,8.396341693710234e-05,0.00015974073199364727,6.206439989961425e-10,0.0016738542725168522,3.311824696617446e-05,0.10583759417225924,1.4206495120697968e-07,0.016929004092342582,6.380391845238187e-06,0.21988235582458038,0.0003090065218995933,0.004065399610633739,0.0008532937397437587,5.436460311419354e-06,0.283729192936226,0.003060309520578885,0.35534346857800725,1.9275423878514196e-06,0.00016867240152017505
37,0.003387743805462211,1.6458334863760724e-05,2.7262860536575497e-06,0.003718617839027255,0.0014381482292098208,0.00014894988288602208,8.31196596831282e-05,0.000180322214362842,6.620041460661277e-10,0.000981094219102829,2.251149693982912e-05,0.32848559167979047,2.548220466373273e-07,0.027261684869185704,6.590389205826833e-06,0.19030858126870714,0.000834648297841773,0.0029736668113506614,0.0013915749939741495,3.564369436295518e-06,0.20104250414659092,0.0043727442142096635,0.2330843732167505,2.6816227525026275e-06,0.00025184666856226383
38,0.0020061801279098734,1.2886865202784347e-05,1.6955184254655534e-06,0.0022897564456954944,0.0013364587215259282,0.000348215932316277,7.405896088784901e-05,0.0001300112187449893,1.0276966164051276e-09,0.0012316055286105412,2.520736700598267e-05,0.17670646033254117,1.380045740040482e-07,0.019807642066072828,1.265796672462766e-05,0.31841529307468436,0.00040205373930004353,0.0020390488282091704,0.0015628018359950856,3.0344819340467505e-06,0.23475044712851004,0.0040731595394995134,0.23458163232428048,1.5777744241117047e-06,0.00018797518922879908
39,0.0009751877630148823,7.679119963621599e-06,2.060154948778589e-06,0.004359350504844979,0.0020565846738330464,0.00018599690256115788,4.066441756261414e-05,0.00028012610392501877,9.770614730593288e-10,0.0016832770420934407,1.5282404444687797e-05,0.22079028170082154,1.1884659973751992e-07,0.01696185124665057,6.415044948950355e-06,0.24897777558550194,0.0004957642113749896,0.0015906473074845046,0.0017736915935405106,3.498239175288178e-06,0.3347442307965641,0.003103212005589056,0.1617354060663088,1.4327676171754009e-06,0.00020946452356920822
40,0.0017043855730953178,1.637960634798697e-05,2.2923752094904385e-06,0.004246806848794893,0.001960321415326376,0.00018398236368693947,5.799460455666829e-05,0.00025973005917553015,9.747484575483359e-10,0.0015634880768970595,2.1009552372784162e-05,0.2568374766652346,2.187812280705132e-07,0.02162371895747271,8.849418617160551e-06,0.20130381557414,0.0007851267866654035,0.002453805577882856,0.001647725691580597,3.9077604669359736e-06,0.27110276753070595,0.004890485844701003,0.2290701029728554,2.454411109667615e-06,0.0002531525771282165
41,0.001251562516573315,1.2197351364185416e-05,2.770282554732953e-06,0.0034373046910628605,0.002612298544715707,0.00020877970309419325,4.5873104582328684e-05,0.0002647884938832359,1.3764148690265753e-09,0.0018334844627887138,1.3517122601094707e-05,0.20132180994842724,1.718453280822447e-07,0.02159705030617435,1.1784216887936312e-05,0.3061144159134303,0.0005798559112265886,0.0012114776235107423,0.001991776942916897,3.381015816510354e-06,0.2698364816443024,0.003908247469949681,0.18348288496721507,2.050953655704844e-06,0.00025603359152315285
42,0.0018174874118959644,1.4440139179677749e-05,1.9738131806620715e-06,0.006042600979728635,0.0017239706147053223,0.00019454738823116674,5.974250646828296e-05,9.097505819355833e-05,3.791017674080508e-10,0.0010467707190874062,1.954689611425702e-05,0.34260938113604505,5.245809927535041e-07,0.03387926054603242,3.336391481622148e-06,0.1080347909975292,0.0005143914068808475,0.004382633693851668,0.0005169428540941707,3.1053001688023536e-06,0.1408252809134059,0.0016508167557169552,0.3562945511135551,2.6119499454769085e-06,0.0002703164544132845
43,0.0010225445910623473,1.4036181131397501e-05,1.5521517654578209e-06,0.0038365195957767335,0.0021783607579278514,0.00021625490713909044,4.1213142786555244e-05,0.0002829575220373765,1.002556022502286e-09,0.0023169418607531683,1.634751516185724e-05,0.1687063382576324,1.3689063077718607e-07,0.015620766110021913,9.323304492841657e-06,0.23574475928475247,0.0006179309280790569,0.002143728877835853,0.0017791962002228472,3.13482315297335e-06,0.3594623684969583,0.004905090987539308,0.2008602596258874,2.0855102503067728e-06,0.00021815147444560965
44,0.0016687864440842006,1.6362190496833687e-05,2.271909277423522e-06,0.004363396785417053,0.0019658322928331586,0.00018228254065162246,5.793967146257189e-05,0.00026637496724063936,9.70898663491598e-10,0.0016054266387497023,2.0798143329348637e-05,0.2538059891563495,2.221909544578559e-07,0.021302535483772353,8.703753295401772e-06,0.20192881325681483,0.0007884044943080353,0.002467375179804111,0.0016396235155402017,3.98739834118122e-06,0.2719046692341045,0.004823727641913504,0.23092162144520226,2.4916047860501975e-06,0.0002523630903723103
45,0.0015169047602482154,1.5339452339494932e-05,1.8358834265967579e-06,0.004613400593011245,0.0016492181460881334,0.00018035151441915916,5.167721755307838e-05,0.00019917825325591827,6.893131947350998e-10,0.0015269418973258729,1.934448104103278e-05,0.2285816386951116,1.6946751020773082e-07,0.021450812267781103,6.709523906525411e-06,0.18115745384329274,0.0006704633875695453,0.0029847663909211447,0.0012776177226341372,3.4035473606863914e-06,0.299327232067302,0.004177120650542171,0.25030671282492456,2.1340171265052343e-06,0.00027957270599524925
46,0.0018940908762970683,1.80987252484432e-05,2.5170608519931656e-06,0.004681371711081133,0.002071327604273387,0.0001427191107446409,5.5992253206987036e-05,0.0003288655623081192,9.700268942665869e-10,0.0015531567266016439,2.1812404764806562e-05,0.2840822729863099,2.5779368467398486e-07,0.018395521140413578,8.922752074839138e-06,0.16752298290534323,0.0012160391595895676,0.002784841266708782,0.0015853981249060731,4.017890197483984e-06,0.27191130881279424,0.005441961363526808,0.23600206571197271,3.5066442128402655e-06,0.00027095044286023584
47,0.0036979077118988353,1.9419048084140746e-05,2.6584530525915996e-06,0.002699300703018667,0.0011705791627157972,0.00016384926947149897,7.65843159545808e-05,0.00021755861667675094,1.0151728365203981e-09,0.0012921985881461796,2.24450363100226e-05,0.3598615667627709,2.21206466928083e-07,0.01786212814781904,9.10801226578893e-06,0.21236008556887648,0.0010784787863175943,0.0031680430500479785,0.0016092201324576394,4.20935846509549e-06,0.2212091691349304,0.007893165770919032,0.16530024832148005,2.8251670554628934e-06,0.0002790286596258854
48,0.0015254315035708977,1.3683657894770613e-05,2.2592570835510555e-06,0.004386264437375239,0.0018573363812204881,0.00020164031249324984,5.707828220243942e-05,0.00022925543543352362,9.232842579187857e-10,0.0015002521998777488,2.080505821274861e-05,0.2556166146542931,2.0150896032194507e-07,0.021924149166767912,7.902535255797653e-06,0.2117634166336838,0.0006378024467786668,0.002353733883557843,0.0014634037930098156,4.114542267840059e-06,0.26610773741177474,0.00413832831110909,0.22594021488720817,2.073034692612333e-06,0.0002462997419914616
49,0.0013589839222692864,1.3371565370170874e-05,2.4560156244849223e-06,0.0039019076059049773,0.0021561254621202436,0.00022430212552969112,5.0042564294411043e-05,0.00022186469926862798,9.86876435486529e-10,0.0013689031433864191,2.3320617827199344e-05,0.31698669780516275,2.2201751054016492e-07,0.023630223566227248,8.07221681918098e-06,0.18991185840473512,0.0006472337390357741,0.0024231410908149733,0.0014817925835289888,4.339638846100246e-06,0.25323993645963927,0.005159537509641324,0.19698241237980832,1.8073347661357e-06,0.00020144654499237936
50,0.0017214600290418928,1.7360251767982967e-05,2.3066426415095344e-06,0.00361590057714556,0.0017233726503907954,0.00021796679905361957,7.436267190123787e-05,0.0002934114773583336,1.4654986866652895e-09,0.002654039287271211,1.232459413664924e-05,0.16400983239982164,1.8781593997737052e-07,0.024416027672149967,9.091824066960159e-06,0.3690515027088,0.0004359158801624638,0.0016998460740809494,0.0025707032158525287,4.381964006639324e-06,0.24576224693635368,0.00514921121132994,0.1762664244950981,1.9512866407878517e-06,0.00029017006948877316
51,0.0016187661341289141,1.6584030509729528e-05,2.1884082692722422e-06,0.004920071500746253,0.0018600339642703596,0.00017293707970170274,6.275704644120138e-05,0.0002763771557976723,8.732004740834503e-10,0.001619204176975944,2.273819194973017e-05,0.2559688136403142,2.1934920756189828e-07,0.02168867298044502,7.362544529860222e-06,0.1705284827890715,0.0007733799328703329,0.0029739892333244342,0.0015110177753398647,3.999349887361626e-06,0.2939243087655551,0.004746242708190887,0.23705392012548984,2.556286139256875e-06,0.0002453759576435559
52,0.0016961653387821424,1.685545160624399e-05,1.8944187372968754e-06,0.004453093866905981,0.0014973986925518167,0.0003535957265271085,8.261057853562933e-05,0.00017781849075546293,9.835169342388305e-10,0.001791977742564975,2.8599596253304795e-05,0.20473884560849748,2.670312470469752e-07,0.02189496133944446,7.936206203211773e-06,0.22876289471242736,0.0005098070401103619,0.0043465394463818325,0.0011017851411850243,5.5787559882133615e-06,0.24227078339640318,0.00460347098682088,0.2814439668393262,2.4030693645132674e-06,0.00021074953986341817
53,0.0022104113622270077,1.6326090103285407e-05,2.320942894445446e-06,0.004097804995131822,0.0008091234024987902,0.00028195276237728465,0.0001390442630041911,0.00019457801407415595,1.2987123765456094e-09,0.001404263561956005,3.324506750697077e-05,0.14657203984707223,2.204592106854173e-07,0.017070797169203226,1.0603492652105364e-05,0.2962527174117751,0.00047023626653132155,0.0029220787352489852,0.001089399936629921,7.756796359808138e-06,0.19088074172339808,0.0038047437533891455,0.33147199499707536,2.667831703264959e-06,0.0002549298192644031
54,0.0010174348537550725,1.2616764466597634e-05,2.0264348240075516e-06,0.006059792816096418,0.0041646167812122185,0.00011801778367765424,3.326793359654675e-05,0.000511919504366328,7.464644923587291e-10,0.001284341505448548,3.1464062436725165e-05,0.30643479482565783,2.549512211504673e-07,0.013503020777462118,7.187103694261735e-06,0.08667670389486262,0.0017836368471475844,0.003139216750253054,0.001704384264417817,2.917561585916101e-06,0.3417892593765198,0.00474277607145171,0.22683671674163172,3.951382931987456e-06,0.00013968026481775786
55,0.002498149236902541,1.5589644329107876e-05,3.18938215804273e-06,0.005139512541273631,0.0013179243338363948,0.00013918607429076833,7.607204509719814e-05,0.0002974961979131446,1.229985568258743e-09,0.001453041743027262,2.294297837758472e-05,0.4233997457823846,3.67303299229393e-07,0.018442221437805446,6.013617001727663e-06,0.15295137674746925,0.0010357987326459115,0.0032213959135334387,0.0013960434942842915,5.969115646930311e-06,0.20975153817117267,0.004234759525833885,0.17425796514625963,2.9679415385053772e-06,0.0003307316639332654
56,0.001727851882765314,1.762766684370802e-05,2.4853370323066427e-06,0.00445034173826916,0.002046953749450625,0.00018678853733523223,6.120489581826643e-05,0.00027455960991341476,1.0573936458532978e-09,0.0016341454176335402,2.2005405518027815e-05,0.26380855684195886,2.612756191991192e-07,0.021929750866755613,8.990786012305565e-06,0.19898665060464776,0.0008363458564527391,0.0025841947174912523,0.001642949817940685,4.3317446255204526e-06,0.26117350449076715,0.004941562178538329,0.23340305716853266,2.7492111142567024e-06,0.00025312914157034626
57,0.0015673076554428855,1.141976421537947e-05,4.60595694980108e-07,0.0034722214919466515,0.00032054890042173395,0.0002369106326879744,0.00010364249441041064,4.774423546904446e-05,2.1039035376966788e-10,0.0005592352837024287,2.937179961822367e-05,0.0399051203988798,7.364955699050699e-08,0.010970114657276115,5.179675379071359e-06,0.10469420779570021,0.0001888704074856581,0.004168120041972299,0.0002334101134277938,2.175634111877052e-06,0.12822953300786033,0.001331680137393365,0.7037513271098259,1.8699369162066984e-06,0.00016945437021433364
58,0.0017596868641839413,1.8582371903029896e-05,2.404079454416543e-06,0.004491853182073085,0.0020630177616604442,0.00016344836651061278,5.803492670400842e-05,0.00029226003755612734,9.78653710231705e-10,0.0016684692054797197,2.093669389764058e-05,0.25716676527908827,2.4934322096711767e-07,0.02011029265302259,9.105857019236484e-06,0.1826772067853219,0.0009888161078060896,0.0027027429806026834,0.0015757547320509482,3.9020575108185274e-06,0.27747039132448736,0.005177953510811587,0.24130998548634197,3.185616685970889e-06,0.00026495379795282535
59,0.0017759037650170403,1.769801246200282e-05,2.659465118345665e-06,0.004661621478003777,0.002005612279037362,0.00015487093481195355,6.136068283601529e-05,0.00031506726491577517,1.0091875398385696e-09,0.0017241499707767653,2.021060821319697e-05,0.256293222182925,2.538777672689645e-07,0.01940146538774642,8.71330801430068e-06,0.19399456718620378,0.0010155593321810855,0.002652024525392424,0.0015334138894406045,4.314474794185268e-06,0.2768873115482005,0.0050214772824727786,0.2321798677673764,3.4143074896695487e-06,0.00026523945961592617
60,0.0016687864440842006,1.6362190496833687e-05,2.271909277423522e-06,0.004363396785417053,0.0019658322928331586,0.00018228254065162246,5.793967146257189e-05,0.00026637496724063936,9.70898663491598e-10,0.0016054266387497023,2.0798143329348637e-05,0.2538059891563495,2.221909544578559e-07,0.021302535483772353,8.703753295401772e-06,0.20192881325681483,0.0007884044943080353,0.002467375179804111,0.0016396235155402017,3.98739834118122e-06,0.2719046692341045,0.004823727641913504,0.23092162144520226,2.4916047860501975e-06,0.0002523630903723103
61,0.0017190462455486267,1.7127349215190833e-05,2.7333031779089097e-06,0.004457338211941411,0.002045792329864807,0.00015991351488017262,5.9344441037704926e-05,0.0003011240537544101,1.0403486530719155e-09,0.001601365580379331,2.1283355817071258e-05,0.27641902640640886,2.503804061166577e-07,0.02045982680533521,8.793849688884264e-06,0.19126608845637502,0.0009600843925023702,0.002507396626492389,0.0016089938908797384,4.3499761379896276e-06,0.2731118714913926,0.00508470191693149,0.21792421293553413,3.0010344202152913e-06,0.00025633241152975034
62,0.0016687864440842006,1.6362190496833687e-05,2.271909277423522e-06,0.004363396785417053,0.0019658322928331586,0.00018228254065162246,5.793967146257189e-05,0.00026637496724063936,9.70898663491598e-10,0.0016054266387497023,2.0798143329348637e-05,0.2538059891563495,2.221909544578559e-07,0.021302535483772353,8.703753295401772e-06,0.20192881325681483,0.0007884044943080353,0.002467375179804111,0.0016396235155402017,3.98739834118122e-06,0.2719046692341045,0.004823727641913504,0.23092162144520226,2.4916047860501975e-06,0.0002523630903723103
63,0.0017920490633072973,1.885741633313991e-05,2.3665380000885004e-06,0.0043648022274911605,0.001922199115957856,0.00018420131371755513,6.225255081799073e-05,0.00027611123601853257,1.0521189558421886e-09,0.0016632559442863288,2.2473721017039317e-05,0.2500950623763095,2.424106550416515e-07,0.020875026220101893,9.484246768390054e-06,0.19677061832693665,0.0008687705073326966,0.0026818990501880817,0.0016512441738849172,4.241542949157684e-06,0.2741574274744245,0.005265863489914363,0.23704341317461758,2.8358945894305765e-06,0.0002653009322617393
64,0.0014204098417704726,1.479564541843456e-05,2.0433565534905655e-06,0.004025555613219315,0.001912013312429968,0.00017292601591287093,5.117760824989562e-05,0.00025195872403845326,9.102271408314975e-10,0.0015612513685749581,2.108604252204344e-05,0.2298738156860253,1.6459017296435303e-07,0.01877137505235196,8.798178691658338e-06,0.18449086067164142,0.0007566810191360859,0.0023587120867173696,0.0015965827108506444,3.156675630085655e-06,0.33351311637236203,0.004447667921102353,0.21450008264145773,2.3179570781140695e-06,0.0002434499978652911
65,0.0018608539018334141,1.7879222608763572e-05,2.426463194623134e-06,0.004431689871147257,0.001919649344188689,0.00016991026619591357,6.259909662719347e-05,0.00029223005266060286,1.0455805907194223e-09,0.0016260517903187316,2.1215287486729107e-05,0.25643897054989995,2.4037329104512743e-07,0.02078472553025375,9.315006938580549e-06,0.20003910497855978,0.0008911307474800597,0.002479334004405842,0.0016969609364450632,4.169185294169051e-06,0.26762690351800733,0.005067301088032692,0.2342851133540669,2.8525498796553528e-06,0.00026937183560261864
66,0.0008808142265350763,9.045870591214425e-06,3.017082992132961e-06,0.004254949767394611,0.0016911782807630068,0.00028719868765629536,7.214474478556053e-05,0.00039239223234548474,2.594099925731065e-09,0.003659553900698057,1.1248174298554156e-05,0.19644572742673885,3.29965570535847e-07,0.01932081560110947,4.25098036985669e-06,0.532188881353374,0.00021590829381571441,0.0012653218513836006,0.003131191607632602,1.2855275868697186e-05,0.15135531953516315,0.00326597587027902,0.08137047322869963,1.0582664518321038e-06,0.00016034518138303085
67,0.001662683409484144,1.630157777232406e-05,2.2707521707029525e-06,0.004365088386312931,0.001960579820500323,0.00018316354323303724,5.790087319795072e-05,0.0002636327898491213,9.657131484078092e-10,0.0015967369501685297,2.080774873060269e-05,0.25371954127159757,2.2245220237602556e-07,0.02141793086982203,8.67877861323793e-06,0.20231268078586276,0.0007818278136120834,0.0024665576621280727,0.0016271697261713352,4.001297550765726e-06,0.2707734134532231,0.004798392440181357,0.23170623196794202,2.4727396829295626e-06,0.0002517119242776554
68,0.001497797363140857,1.4641361117427496e-05,3.4510727893758723e-06,0.0035326193708611706,0.0034466147129424956,0.00014594509176097108,5.325943359245161e-05,0.00039659298418699744,1.4089151908942126e-09,0.00185335860674897,1.3153861653934817e-05,0.2479318218519625,2.2224879163136134e-07,0.027324024758275115,1.0733551143004799e-05,0.28482994739286166,0.000737326546284431,0.001081868067016604,0.00313173868278207,3.109481157246165e-06,0.24586536286769942,0.004656903190195918,0.17323770897193444,2.448161538022412e-06,0.00022934896064800286
69,0.0017724328783200812,1.4254184265037232e-05,1.8515382209240125e-06,0.002942531298405706,0.002335145898513311,0.00021447203739345273,4.9118147750602036e-05,0.0001782364290245645,7.81990084485768e-10,0.0010454208847005461,2.5184643739495007e-05,0.27758083814636386,1.6993222647889214e-07,0.024809952428763674,1.0722026792633716e-05,0.17042246153220206,0.000689241787349157,0.0021706276669465965,0.0016492094531884384,2.148104870647187e-06,0.2679734150830065,0.004940275698206379,0.24098116737569117,1.9225797188755436e-06,0.00018919946234976817
70,0.0015772738925035122,1.9348087753635106e-05,1.7856030280289273e-06,0.004659002958114214,0.002256636372373263,0.0001468636800156605,5.255030536821163e-05,0.0004584698756462005,1.1068664444904405e-09,0.002095154848771103,2.2928232424590304e-05,0.21119177510223938,2.075694373170469e-07,0.013102740636918582,1.110738289375646e-05,0.1685262464411156,0.0013044307232238533,0.002634920852197059,0.002096468973658326,3.359748873745826e-06,0.3489700663642513,0.00576365341521333,0.23486318441149162,3.841075923074068e-06,0.00023798233969818465
71,0.0010452061925869118,1.5573181789851227e-05,2.0175814082584897e-06,0.0032740151721736763,0.0037962946344376057,0.00021791959866724722,2.961463989643002e-05,0.0002422959307188018,1.0417942168907933e-09,0.001981955851359742,1.4771793782294677e-05,0.24046323872675493,1.546097323560434e-07,0.021805695478483152,1.1581743696262953e-05,0.18482241888236736,0.0007406850337593817,0.0017146228818177526,0.0019097715857457824,1.9347111066588435e-06,0.32755517423285413,0.005301953984797233,0.20478243177624847,2.1849115566846165e-06,0.00026848582246482276
72,0.0013532371499166648,7.089871160210322e-06,2.7732073630317134e-06,0.002464572959662825,0.001970665120443319,0.00020758858903916302,3.3332796583248784e-05,9.441496618251477e-05,7.916388394754243e-10,0.0008125068574723951,9.105787309697373e-06,0.2856427071784039,1.2232460290582264e-07,0.03562621344861411,8.495992977137597e-06,0.3151273284102036,0.0002907410843826624,0.0006996649257714608,0.0012459893423814913,2.3158840338945334e-06,0.15383152811290646,0.0024660414695199533,0.19779080740559743,8.190536658092091e-07,0.00031193727016744926
