,0,1,2,3,4,5,6,7,8,9,10,11,12,13,14,15,16,17,18,19,20,21,22,23,24
0,8.393541466796319e-05,0.015914932535149466,2.759042969617018e-05,9.995099659270526e-05,0.018143043257861986,0.3939899919193911,0.040840426128278914,7.633805601743133e-05,1.562388554340175e-05,6.341989640493739e-05,0.001634411892500673,0.053484280440377764,0.03552433970697987,0.0006931600795705679,9.142310629990975e-05,0.16719049719137113,9.047381911064758e-05,0.00013097394902521504,0.18887067452164052,5.222904862954555e-05,0.08262065192445955,1.225422253761028e-05,0.00033566238092895117,3.0056359002084693e-09,1.3712191327794806e-05
1,6.482117755468226e-05,0.009171860990826926,1.9751628591695823e-05,6.327697852815096e-05,0.010363909846164473,0.42310906546700716,0.03249142266694616,8.403962804598795e-05,1.4101780432733223e-05,7.406419416006963e-05,0.000817024723405641,0.028319042668824283,0.025440271468982777,0.00034863762119817835,6.544330682707829e-05,0.2037567152348254,5.865685382039104e-05,7.690626078699971e-05,0.2103572921576504,6.505664116922562e-05,0.054989559678642,8.793607444012742e-06,0.0002328947645151605,2.434427755246131e-09,7.388219222724546e-06
2,5.680382735214458e-05,0.008726408363051129,1.9918449799788515e-05,5.595276463498139e-05,0.014952371487996205,0.4051467484296921,0.045451289598805594,9.011497784732085e-05,1.684968236970994e-05,8.441168195155817e-05,0.0007675994338149812,0.02735358523527835,0.02053035813495216,0.0005458082744452947,0.0001028092334145826,0.15970852283355433,4.288726661491622e-05,8.872008100850205e-05,0.24521930288851124,0.00013672760417937583,0.07045416650238825,1.5353282181068764e-05,0.00041698404174945146,2.714722412478913e-09,1.630320968441783e-05
3,6.013045458007595e-05,0.010071323525736508,2.0630204072426605e-05,6.43647976617602e-05,0.01046679975665771,0.44262889574204783,0.03316655376071345,7.450702574513971e-05,1.0272286300796546e-05,5.834896793308217e-05,0.0009662893735200154,0.03972887341292437,0.027549843648709958,0.00044421035012628544,7.177926937378493e-05,0.16361077731689938,6.337603223650745e-05,9.419465916630354e-05,0.1976489296492903,6.611153429557563e-05,0.07284131640841837,9.743097864952892e-06,0.0002740571116745537,2.187117888061292e-09,8.669426932879125e-06
4,6.27236675976981e-05,0.011355909552053187,2.1340790467480038e-05,6.731956192343683e-05,0.010558722986088832,0.41579540289486255,0.033301129844014246,8.071869755147459e-05,9.820217509308593e-06,5.3480904748713275e-05,0.0010983253248817266,0.05083140715372953,0.03767383255527471,0.0004888212037303106,6.165640907515054e-05,0.1563089980444319,7.307511066479201e-05,0.00010892271504971094,0.20850082261465905,6.459291542101088e-05,0.07319578369808717,1.0148248614056386e-05,0.00026870986333727987,1.9769126116527567e-09,8.333049314064052e-06
5,7.405154723244733e-05,0.007661193565413601,2.3496682025545262e-05,9.122171462725326e-05,0.009975019596151333,0.4076979743775876,0.037292541056120086,8.561678012651604e-05,9.764117345487826e-06,7.447902983290763e-05,0.0010159391616488538,0.047533248879998186,0.02928336383649554,0.0005199434141526529,6.451586644624793e-05,0.20419204464915494,7.680906265591373e-05,0.00017073968892698173,0.1694988241598367,9.441203805584284e-05,0.08422955040527959,1.0073586365557254e-05,0.000314769642061052,3.09214322989736e-09,1.0404050316026586e-05
6,6.013045458007595e-05,0.010071323525736508,2.0630204072426605e-05,6.43647976617602e-05,0.01046679975665771,0.44262889574204783,0.03316655376071345,7.450702574513971e-05,1.0272286300796546e-05,5.834896793308217e-05,0.0009662893735200154,0.03972887341292437,0.027549843648709958,0.00044421035012628544,7.177926937378493e-05,0.16361077731689938,6.337603223650745e-05,9.419465916630354e-05,0.1976489296492903,6.611153429557563e-05,0.07284131640841837,9.743097864952892e-06,0.0002740571116745537,2.187117888061292e-09,8.669426932879125e-06
7,9.154538317924191e-05,0.01663742832672708,3.996282181264078e-05,5.897969586243855e-05,0.00938507368876945,0.3656195000603033,0.03266444308796269,0.00010833754573245806,7.73680587252156e-06,4.182868442495185e-05,0.0013079433794207865,0.05161954990881896,0.07188876176982624,0.00031167224859496247,5.0229273344203205e-05,0.10482584811287415,7.141102966956884e-05,9.734243072903275e-05,0.28292751650016706,4.6730083698414425e-05,0.062054398568923516,9.398245193622517e-06,0.00012962597673470808,1.926555342413671e-09,4.734444802631689e-06
8,9.84778575985446e-05,0.01191543647654354,3.598391672894695e-05,0.0001405649929918543,0.021017021758587436,0.44509405329753354,0.04983373281093373,6.779500481670636e-05,2.9111703658956406e-05,0.00016005078327710538,0.001718907975873333,0.024336530172468764,0.015656449964074892,0.0010003309430312024,0.00023109839349218814,0.1862988595262573,6.3258949832407e-05,0.00013501092179301372,0.14032082863545278,0.00010548241191091367,0.10114427029046354,1.8000069428968675e-05,0.0005484626744610253,1.4545775369857075e-08,3.0265923013952985e-05
9,6.104342656252576e-05,0.006134648750951937,3.708256005942788e-05,0.00011938277176029596,0.011636942683089416,0.4853258763480219,0.02323611985043619,7.72410386421277e-05,1.47168577495843e-05,0.00011829451333361135,0.0012203205446386979,0.021095610391263248,0.020496751964053456,0.0006003606352643695,0.00010519571292619497,0.19434435224679442,6.419499233876586e-05,8.542536411743369e-05,0.15548065802792804,0.00011131382014072155,0.07925504460970195,1.1933229786086273e-05,0.0003593372624509277,7.902657238939545e-09,8.144495331397581e-06
10,6.013045458007595e-05,0.010071323525736508,2.0630204072426605e-05,6.43647976617602e-05,0.01046679975665771,0.44262889574204783,0.03316655376071345,7.450702574513971e-05,1.0272286300796546e-05,5.834896793308217e-05,0.0009662893735200154,0.03972887341292437,0.027549843648709958,0.00044421035012628544,7.177926937378493e-05,0.16361077731689938,6.337603223650745e-05,9.419465916630354e-05,0.1976489296492903,6.611153429557563e-05,0.07284131640841837,9.743097864952892e-06,0.0002740571116745537,2.187117888061292e-09,8.669426932879125e-06
11,5.964378065576197e-05,0.01003309715495884,2.070202073987703e-05,6.460663583313152e-05,0.009563747483998204,0.43784514896734833,0.0324326788263297,8.094600147668819e-05,9.75853416178129e-06,5.4251417981329926e-05,0.000951871634598684,0.042845831576859394,0.03213120922267787,0.00042859160311513637,6.394579999869451e-05,0.1634509407338892,6.958738876579653e-05,9.662958969189175e-05,0.20166037000570927,6.491002807477364e-05,0.06779432194041446,9.585956062104099e-06,0.00025982000341101004,2.014712654245224e-09,7.801678535357662e-06
12,4.743252113080918e-05,0.017747893801004954,1.688000035071631e-05,4.925112387941241e-05,0.050726334778301,0.4955060485298603,0.03476952860250229,2.085848968743914e-05,8.518264100061338e-06,3.1976006002910605e-05,0.0007227092519876591,0.095306900955737,0.02104044398819715,0.0017206013026678307,4.0463474900185774e-05,0.08906510401269495,3.184107611706898e-05,0.00034059985249857485,0.11132069806209129,0.00015189736063609272,0.08066841934619551,5.141615522095662e-06,0.0006108198068010022,9.745306048164909e-10,4.963680260317545e-05
13,6.718897461293157e-05,0.015381750328517829,2.4180312944680615e-05,0.00011051416045460364,0.0143584952836615,0.3461800549410053,0.02135068997754046,5.325458375024156e-05,7.403355432790675e-06,2.8372623566775887e-05,0.006193092902342775,0.08907436019310326,0.07778189080895545,0.0008559226715659833,9.701232412363594e-05,0.12102077863997708,0.00010382572224060179,0.00010494187241433519,0.1887343256502864,3.3662515595799126e-05,0.11793807286904083,9.160472674709833e-06,0.0004854247488564065,3.367248856543035e-09,5.620700086660642e-06
14,9.444176501792046e-05,0.005775889511681335,4.4440046598059024e-05,0.00030271446971271625,0.013793378452870018,0.3748057196742167,0.07084608012950903,0.00026432333929236635,4.0096298094721837e-05,0.00015320624300232792,0.0010136408075346356,0.0177221353455981,0.01998839755509204,0.0005780051582285614,0.00021000767834514916,0.2663159269864517,0.00012725752144124856,0.00013065348916480003,0.1305458631091438,0.00013511652414655904,0.09633577343310383,2.115168813359168e-05,0.0007353763653121312,1.072890552994249e-08,2.0393679403128543e-05
15,6.013045458007595e-05,0.010071323525736508,2.0630204072426605e-05,6.43647976617602e-05,0.01046679975665771,0.44262889574204783,0.03316655376071345,7.450702574513971e-05,1.0272286300796546e-05,5.834896793308217e-05,0.0009662893735200154,0.03972887341292437,0.027549843648709958,0.00044421035012628544,7.177926937378493e-05,0.16361077731689938,6.337603223650745e-05,9.419465916630354e-05,0.1976489296492903,6.611153429557563e-05,0.07284131640841837,9.743097864952892e-06,0.0002740571116745537,2.187117888061292e-09,8.669426932879125e-06
16,6.164443768288524e-05,0.00812342676711802,1.7673871645980757e-05,6.549533992111556e-05,0.00849215564076357,0.36378254742145094,0.033336103558778675,6.46988021621364e-05,5.731147840594812e-06,7.52318956400593e-05,0.0009395743004231788,0.06621413642231011,0.02530910540631904,0.00050560166106114,5.2520795960189434e-05,0.17749034779267292,6.568709036914069e-05,0.00017223742065029988,0.17775685541628822,7.756035319148322e-05,0.13712519321536226,1.0531042362553003e-05,0.00024644013624372925,1.7389257991208973e-09,9.49832485578592e-06
17,6.361072716275547e-05,0.010486304863967164,2.0464754124778936e-05,6.471400619524334e-05,0.010878806353645382,0.4090166342524375,0.03446676870722169,7.671448245074935e-05,9.335274591780047e-06,5.578512311919566e-05,0.0010045015668771152,0.0515497372234633,0.03152172142445916,0.0005039624051858502,6.416544355737446e-05,0.16045266414175596,6.849787694431208e-05,0.0001202169766684588,0.20742784736551614,7.224747762194822e-05,0.08175517670273733,1.0533128995838471e-05,0.0002996273236717893,1.96325544551971e-09,9.960434373687487e-06
18,6.531857955163833e-05,0.013216224222856131,1.2344393417574237e-05,4.4496084165259996e-05,0.007752901227591518,0.3637164197557024,0.04900231173523982,5.949729537640716e-05,9.277137697049202e-06,6.665469481739312e-05,0.000882465927717808,0.0932743629124808,0.030201817095652273,0.0007441538562650851,5.7682069538669014e-05,0.14710889134441724,0.00010195869912974034,0.00022111336670096868,0.19953849589772035,8.428291099567262e-05,0.09339455311680313,1.793860397289263e-05,0.00040066464653169283,1.474268124377607e-09,2.617295139034828e-05
19,5.958442525284264e-05,0.009840600213715718,1.9833363206807188e-05,6.324496589495265e-05,0.010123024626420615,0.45043209329888173,0.03255858106043745,7.135277294213096e-05,1.0217462651686507e-05,5.882147666127729e-05,0.0009609477315429197,0.037663212427533,0.0260998792366208,0.00043614048029241566,7.28344076843673e-05,0.16510312682263717,6.231320192435057e-05,9.094997090514757e-05,0.19348019410461625,6.47381589207395e-05,0.07243079943733419,9.403957758140178e-06,0.0002794508382865531,2.2239915101563952e-09,8.65333388701869e-06
20,4.672212214919433e-05,0.008231735767989726,2.2923475630954094e-05,6.627133058851067e-05,0.009116789915892284,0.42446590182698235,0.040711331446746345,0.00011383298384056376,1.026778082752496e-05,5.866337693106814e-05,0.0011179473883529579,0.02390151951522471,0.02060387747319258,0.00037995322233027153,0.0001755317227600806,0.11964111163110307,4.876609935442214e-05,4.755979994547053e-05,0.2405675435067071,7.361031542756534e-05,0.11021637910573234,1.7203916541513605e-05,0.000356532510463704,2.955173659012582e-09,8.020810111965616e-06
21,6.493656384774126e-05,0.010662156973634576,2.0723429715753796e-05,6.562356790662378e-05,0.0114029547179903,0.41918865481999457,0.030285630579631097,6.751920605381713e-05,9.484758339200377e-06,6.469020894554345e-05,0.001050759250349593,0.0475839686302025,0.02810671103656609,0.0004897222650307566,6.40115728219291e-05,0.1671864483834906,6.223902998850063e-05,0.00011221627418602775,0.19710693639462998,6.779546002502824e-05,0.08605471991398714,9.556371142810349e-06,0.00026361721786804555,2.2105212803807937e-09,8.921163130574255e-06
22,6.231440408330669e-05,0.006764750936827415,2.6751549577638862e-05,9.551562458674286e-05,0.007559430884862999,0.42568528109552356,0.023785818055227403,6.649949693522524e-05,6.544675765640315e-06,8.455828374802437e-05,0.0012499574707520865,0.046606123144930595,0.026253428306150815,0.00048363356607955885,6.087505008315529e-05,0.19046950163408294,9.008287942646772e-05,0.00012860100472907236,0.15924062431004213,6.587473941137531e-05,0.11097424142753289,1.0193691255396577e-05,0.0002234521379225133,3.0543661962883236e-09,5.94257609676138e-06
23,6.013045458007595e-05,0.010071323525736508,2.0630204072426605e-05,6.43647976617602e-05,0.01046679975665771,0.44262889574204783,0.03316655376071345,7.450702574513971e-05,1.0272286300796546e-05,5.834896793308217e-05,0.0009662893735200154,0.03972887341292437,0.027549843648709958,0.00044421035012628544,7.177926937378493e-05,0.16361077731689938,6.337603223650745e-05,9.419465916630354e-05,0.1976489296492903,6.611153429557563e-05,0.07284131640841837,9.743097864952892e-06,0.0002740571116745537,2.187117888061292e-09,8.669426932879125e-06
24,5.9834924258207014e-05,0.010107360293478104,2.2171173043199214e-05,9.170282570394201e-05,0.0176022547239924,0.37904317542122196,0.02893667702935922,7.309288752996654e-05,9.954668316721634e-06,5.5597544533674584e-05,0.0012167231383023668,0.0630082338806874,0.04266367760427382,0.0007307004476180386,4.902938542764742e-05,0.20512939144152964,6.473424285421136e-05,0.00015407159260450278,0.1800627308254327,7.86154839744583e-05,0.07051956229761593,8.328299510891776e-06,0.00030363443876426055,2.1498667019471864e-09,8.743280100092789e-06
25,8.16923053842555e-05,0.00706629222766145,2.5417954966865968e-05,0.00011341275028984855,0.01129267503750715,0.27682720842555236,0.04149595914769447,0.00013910610854548416,7.513876569597578e-06,6.01705748657088e-05,0.001624575760653297,0.05488545223701116,0.046587771402317305,0.00046880004991868584,7.322522417952865e-05,0.21070620005699306,7.280563160005392e-05,0.00016143592491430636,0.23246814692246823,7.789086612170813e-05,0.11542085441752839,1.082386981494797e-05,0.00032559574265745634,2.4572792337212044e-09,6.9710275054403165e-06
26,8.486566499715644e-05,0.010138087654750357,2.2454261162091047e-05,0.0001071961197203679,0.011971946249200827,0.5294766930124504,0.03313248940425689,9.417308619027274e-05,3.1936615302417857e-05,5.421614129443083e-05,0.0011317642533754666,0.02048025797905939,0.02474743441010817,0.00038616626875531424,0.00010708697742226723,0.1856337204568252,8.887882483896009e-05,7.017827575593202e-05,0.13790968761043665,7.385634380892632e-05,0.04364043343600368,7.76074723046095e-06,0.0005973437313380485,6.788152064153435e-09,1.1365687564318032e-05
27,5.109832057541304e-05,0.009989382441696754,1.7083442494138484e-05,5.7507471559360235e-05,0.010408174875123586,0.466752822458372,0.04636837096924085,8.303702690298678e-05,2.0601565440125106e-05,8.042409634580122e-05,0.0008858891060661747,0.024920116737323864,0.02070621818462815,0.0004653733466115525,0.00012432409622882326,0.1632844093228758,6.046081134325838e-05,6.27254933399311e-05,0.19690909249003216,8.633179982221722e-05,0.058281387962675915,1.6077961709213596e-05,0.0003560421050061149,3.309379117219691e-09,1.3044605206776252e-05
28,6.013045458007595e-05,0.010071323525736508,2.0630204072426605e-05,6.43647976617602e-05,0.01046679975665771,0.44262889574204783,0.03316655376071345,7.450702574513971e-05,1.0272286300796546e-05,5.834896793308217e-05,0.0009662893735200154,0.03972887341292437,0.027549843648709958,0.00044421035012628544,7.177926937378493e-05,0.16361077731689938,6.337603223650745e-05,9.419465916630354e-05,0.1976489296492903,6.611153429557563e-05,0.07284131640841837,9.743097864952892e-06,0.0002740571116745537,2.187117888061292e-09,8.669426932879125e-06
29,6.013045458007595e-05,0.010071323525736508,2.0630204072426605e-05,6.43647976617602e-05,0.01046679975665771,0.44262889574204783,0.03316655376071345,7.450702574513971e-05,1.0272286300796546e-05,5.834896793308217e-05,0.0009662893735200154,0.03972887341292437,0.027549843648709958,0.00044421035012628544,7.177926937378493e-05,0.16361077731689938,6.337603223650745e-05,9.419465916630354e-05,0.1976489296492903,6.611153429557563e-05,0.07284131640841837,9.743097864952892e-06,0.0002740571116745537,2.187117888061292e-09,8.669426932879125e-06
30,6.013045458007595e-05,0.010071323525736508,2.0630204072426605e-05,6.43647976617602e-05,0.01046679975665771,0.44262889574204783,0.03316655376071345,7.450702574513971e-05,1.0272286300796546e-05,5.834896793308217e-05,0.0009662893735200154,0.03972887341292437,0.027549843648709958,0.00044421035012628544,7.177926937378493e-05,0.16361077731689938,6.337603223650745e-05,9.419465916630354e-05,0.1976489296492903,6.611153429557563e-05,0.07284131640841837,9.743097864952892e-06,0.0002740571116745537,2.187117888061292e-09,8.669426932879125e-06
31,0.00010305898795045079,0.010642658776077693,3.221978672433124e-05,5.636050203487829e-05,0.011586179278804634,0.2879627432034646,0.03576324225554969,0.0001424262456469448,7.52216535426174e-06,4.8568148415029235e-05,0.0006277500971508038,0.05728453957280385,0.04130907829744544,0.0003326488572893661,4.13246198866152e-05,0.13841206285164664,5.862907308013406e-05,0.0001688044406619021,0.3350862891872139,9.22613328965896e-05,0.0799889415169573,1.0007620070837178e-05,0.00023232374126253903,1.4091950066117735e-09,1.0358032416478518e-05
32,5.6767457170340654e-05,0.009375503335382137,2.002578681392329e-05,5.498644152222587e-05,0.00987450347836325,0.4264528477398354,0.032474062146765376,7.759675449123297e-05,9.44090756513823e-06,5.659204252085641e-05,0.0008761425880886054,0.038072528128036964,0.026459109289686384,0.0004193054513254443,7.122475434719066e-05,0.15508747362975284,5.7863463386068325e-05,8.623867725136165e-05,0.22944040967560725,7.1069207813176e-05,0.07061721771233123,1.0645516165616587e-05,0.000269935674528735,1.933017476961754e-09,8.50820823165068e-06
33,4.539809539458584e-05,0.008192014694436117,1.626675964194176e-05,5.986921902866992e-05,0.005515743732440008,0.3581529576190043,0.03691983698927382,9.423124116438477e-05,7.292022488387697e-06,5.253825048560027e-05,0.0007617642815634354,0.07706041531184503,0.06697267109278908,0.0004649650230454465,2.70006225371442e-05,0.21947233431175545,0.0001267582440395325,0.00014442932497645263,0.18675239949513764,5.6829090555227245e-05,0.03894780113346298,1.1989867092105812e-05,0.00013962867240677033,9.961629996768198e-10,4.863909272913348e-06
34,0.0001323317195011191,0.02132649372094645,2.3094225071140862e-05,2.9709787507384552e-05,0.015583071786590644,0.19531844568507825,0.022293565587085357,7.655271155067245e-05,1.626037252764007e-05,4.2367290670583295e-05,0.001393852306148728,0.033708913520381543,0.03513329275496449,0.00031945507978713855,6.838798878815476e-05,0.07488926857469926,3.7040375825246315e-05,5.5266628901872266e-05,0.5487249641096597,4.1361247250641116e-05,0.0505140324649757,1.1714738481734107e-05,0.00024998507995952954,2.408536924649097e-09,1.0569835110167486e-05
35,0.00027926620889888454,0.015560610326286797,2.2888010805094146e-05,5.659891066138427e-05,0.007667077107933921,0.14796276406498876,0.0485132608820408,0.0001802886257417212,1.4979951617513932e-05,0.00010455584399983751,0.0005541548705112703,0.09856916183239813,0.05191156877905775,0.00021168676780068086,1.9345986516936123e-05,0.23823594079731095,0.0001176112506560876,0.00038464428445596796,0.33549358915977173,5.07511033246095e-05,0.053974464003398503,1.0719592799256607e-05,9.250507827136032e-05,1.4126584885427334e-09,1.1565148093586114e-05
36,5.036248225748958e-05,0.009347916563136795,1.689686940460093e-05,5.953977711072474e-05,0.008629327944429605,0.44737367393446564,0.03502707135050348,7.900828098516306e-05,1.0758954071197289e-05,5.431429494160769e-05,0.0008216468660735948,0.04229248059428528,0.029628526753180878,0.0004241517421967271,6.383405868819272e-05,0.18165347750628813,7.485710042434108e-05,8.90894642289017e-05,0.18524893947275156,6.348153587491929e-05,0.058710989596784766,1.0384025853954713e-05,0.00026123124427543815,1.7626377299600466e-09,8.037825149362012e-06
37,0.00013426692706732999,0.009729871651375371,3.905899930837074e-05,0.00012227598837347064,0.012305387021277302,0.36944851228340997,0.034965728554966526,7.816801174309154e-05,9.707841173082178e-06,8.531473028428426e-05,0.0017975431458616719,0.055859499189826585,0.034225141065165485,0.0006242110832115396,7.735417271126076e-05,0.18899514461341704,8.614974031019236e-05,0.00024986108185106926,0.18807035642461392,8.58865082886864e-05,0.10267965620115324,1.0028172215248507e-05,0.0003090817096222908,6.500051415636777e-09,1.1788382721586964e-05
38,9.754408415340545e-05,0.01692102497284695,3.3785576927298194e-05,9.489188738433684e-05,0.020388890744924247,0.3721513645822111,0.04146827858104429,8.866998103875325e-05,2.0348238357073773e-05,8.863935987405001e-05,0.0014208068832603554,0.05217188849168579,0.03386812408255354,0.0007250614612689239,9.444711050727543e-05,0.14785668081136058,7.772289320884281e-05,0.00014347585418677568,0.22323220998439225,8.096150756863166e-05,0.08862452237817767,1.579062860932478e-05,0.0003179788951911652,3.952308164491086e-09,1.68870569592122e-05
39,5.022903289696108e-05,0.007570990492257969,1.694130103198935e-05,5.723007809446818e-05,0.007690467128118875,0.446926882373761,0.033506498166238984,8.882883301681778e-05,7.610486086593594e-06,4.7879796248095656e-05,0.0006810444182441641,0.03806897076356308,0.025057834021424953,0.0003389606075933386,6.296655235895994e-05,0.16672762190655294,6.302844792437391e-05,8.779520510964301e-05,0.19421183920035692,7.123620080228389e-05,0.07835234832837726,9.09387312511763e-06,0.00029583755908673244,1.5052842458333437e-09,7.86372244425087e-06
40,3.978242905210247e-05,0.017359671730458524,3.145044008704655e-05,2.97254927398827e-05,0.015490683069137099,0.4936954450013292,0.020958365956621112,3.4683992061538706e-05,5.3590798111311e-06,3.855859816954392e-05,0.0007764152116628867,0.05795809870893448,0.02052879766366003,0.0006304662570814281,7.204553222837259e-05,0.06595542494253831,3.633487085613186e-05,7.782759491805556e-05,0.23300800841649294,5.973747743037374e-05,0.07304704151563467,1.2280161451177908e-05,0.00014425157876069396,1.2764960621264428e-09,9.543002387164595e-06
41,6.200349412025404e-05,0.009078237436771027,2.026489877613748e-05,6.089754867481852e-05,0.00943094315271482,0.41200191315027007,0.03470623937543369,7.641261699753939e-05,8.464973045184699e-06,5.7517846984652e-05,0.0009955413772261726,0.04408086514123286,0.027317555170705828,0.00045043714934149835,7.353910914657196e-05,0.15871385392565968,6.298062151763676e-05,0.00010633229417595515,0.2184687224689402,7.208906065967171e-05,0.08384488569561349,1.089036694418444e-05,0.0002902064665947975,2.105658031897511e-09,9.204552795274532e-06
42,5.506727444269786e-05,0.009320357163453035,2.232231672436362e-05,5.1662369470090286e-05,0.0087434590303455,0.3809670807735044,0.030148704698421198,9.933165591837047e-05,8.77067383087195e-06,6.0924020500224024e-05,0.0007890022027245147,0.040040676892574574,0.027004412235001333,0.0003532118984526913,7.002307059176995e-05,0.1467488081141547,6.060342358298406e-05,7.231537060567874e-05,0.2745708112461529,6.716194225535523e-05,0.08051322086027878,1.39064740089857e-05,0.00021155202752573334,1.6860623484073839e-09,6.6125794168742285e-06
43,6.389054777844345e-05,0.011686727913082168,2.0893930915049024e-05,6.564551876761418e-05,0.011172221807837848,0.42920575255932086,0.03449173332456105,7.190482274096545e-05,9.189202100181011e-06,4.386855798835131e-05,0.001126257116553611,0.05285060136425911,0.03392131008808166,0.0004840655286244857,6.95776997974892e-05,0.1549033000257489,7.030262720445973e-05,0.00011077910085768737,0.197080135486996,5.728760005506434e-05,0.0721877125151958,9.175278394707099e-06,0.0002884759589131291,1.977662592719193e-09,9.189446562893888e-06
44,6.013045458007595e-05,0.010071323525736508,2.0630204072426605e-05,6.43647976617602e-05,0.01046679975665771,0.44262889574204783,0.03316655376071345,7.450702574513971e-05,1.0272286300796546e-05,5.834896793308217e-05,0.0009662893735200154,0.03972887341292437,0.027549843648709958,0.00044421035012628544,7.177926937378493e-05,0.16361077731689938,6.337603223650745e-05,9.419465916630354e-05,0.1976489296492903,6.611153429557563e-05,0.07284131640841837,9.743097864952892e-06,0.0002740571116745537,2.187117888061292e-09,8.669426932879125e-06
45,3.128910740415269e-05,0.004190735634203959,1.609263490938293e-05,5.490327234029294e-05,0.0051330904097395555,0.5155590763324654,0.03913585875823331,0.00011553195927543902,8.888839267189657e-06,4.8146020115718596e-05,0.00048301186627427295,0.012255126662262235,0.017038948724134244,0.00018319603119987702,0.00010342534302217694,0.19835893358026493,4.11219721645413e-05,3.2846775690656554e-05,0.16713500541586024,6.204249959680884e-05,0.03981181553638645,7.409391718181895e-06,0.00018995270723125393,1.963202067073828e-09,3.5485630376315205e-06
46,4.79517044351746e-05,0.004415942180161552,1.3744243519282414e-05,8.933205402706007e-05,0.0018611777367169556,0.5581154929132451,0.01547856395267605,7.97457966255283e-05,5.019603634969377e-06,3.42134649023441e-05,0.0007501876848874918,0.04158991588141567,0.028653227213631324,0.00019873972625208735,3.5479390419376804e-05,0.20881902963495813,0.00020612330267912122,8.240923834774085e-05,0.0857186331960132,3.3701049471065246e-05,0.05354520035247585,5.3464488134553066e-06,0.0002184103326331932,2.169109688070976e-09,2.410728948575751e-06
47,7.982942991940807e-05,0.015390768224364382,1.2080782152736604e-05,1.2888469824938876e-05,0.004153759132231316,0.22113127494647067,0.03740358058560432,8.570217116850481e-05,6.479478453449968e-06,5.3474098582558386e-05,0.00035410772444943646,0.08867021361969668,0.026613836769359057,0.00018839126639647773,3.2508138564669485e-05,0.09355316998660207,5.953366013232e-05,0.00010803404994322758,0.45439577416513244,5.40323388362314e-05,0.05752888341678046,2.0964401828141004e-05,8.065354714116805e-05,5.965637233870814e-10,1.0058999801667227e-05
48,2.7044248143489132e-05,0.006653325440246983,9.058305838406768e-06,2.432921523619357e-05,0.001703753593167723,0.5768306319107577,0.021053763008225184,9.081290283509637e-05,4.813200691673304e-06,1.8277548569095522e-05,0.00032915474092902724,0.023608648546796073,0.031317797516931256,9.899711692442468e-05,3.060661409223314e-05,0.11697868858568025,8.659538782578134e-05,2.386654474661843e-05,0.19664518472370007,2.5018615768413076e-05,0.02432115094660541,4.902212252267589e-06,0.00011193282899289557,4.858954288892942e-10,1.645759148336469e-06
49,4.061260782276727e-05,0.01025682207340429,2.7523945796163976e-05,4.421913601867065e-05,0.008127645397824405,0.507553688632394,0.023970474674527623,5.465412672412664e-05,5.554597144980801e-06,5.0945147524926e-05,0.0007027383713068402,0.054824851668806754,0.024387167708955635,0.0004750342159751165,5.7253684873370054e-05,0.09792090056757971,6.046013462333584e-05,9.301420042422347e-05,0.19284362284321385,7.200316829911215e-05,0.07825955611772435,1.2815673567625416e-05,0.00015164689889386848,1.5061109338537028e-09,6.792900463382908e-06
50,8.17307544959932e-05,0.00901508731944996,1.4477166380281577e-05,2.8987866831556745e-05,0.011471129561201781,0.16473545573368029,0.12298276710764101,0.00012793290892558758,1.7862039729026715e-05,0.00019309937494680883,0.00042460537195574793,0.022275930855504743,0.019512896727315213,0.0003870197670902487,8.220568712748932e-05,0.16319812029261674,2.791323536430599e-05,0.00012319870301418705,0.42556142482394776,0.00013179562237587372,0.059377705663600136,2.820170354730908e-05,0.00016927752657450428,1.554148483265151e-09,3.117263253483082e-05
51,8.911533800178176e-05,0.034473275690324955,6.915798642952681e-05,0.00025337701753019474,0.022180853904421947,0.47971938923500124,0.029825065482588353,0.00010069469469799989,3.878627866645683e-05,0.00012460302774590856,0.0023225131349015266,0.04822588879740737,0.05935023098416987,0.0007416015070346734,9.102118007887016e-05,0.14412026422377822,0.0001430818723546716,8.076764308784421e-05,0.1004569210452264,2.7117442145158723e-05,0.07744608195426952,1.3913364326021815e-05,0.00010156911334088209,7.562409898509536e-09,4.701520060657878e-06
52,6.982751891873323e-05,0.005437263108374753,2.376961029697925e-05,9.803417205183882e-05,0.00852282943791309,0.4293658415636617,0.028477109807695,7.04964441242787e-05,9.143492235141796e-06,8.85206725644306e-05,0.0011598358749076848,0.030797589304047596,0.02877978916928013,0.0004428799542320179,5.6034551106266314e-05,0.2560712662393576,6.834473905620889e-05,0.00013541278511673517,0.1502887697658154,8.287360803423585e-05,0.05970489207406811,7.2522188782284675e-06,0.00023637034418152629,3.939563533639308e-09,5.8496045188226015e-06
53,8.717652464284153e-05,0.020140169128678373,5.395242286278046e-05,4.4619522019299214e-05,0.012627075387825716,0.4008826369178507,0.006027037629143821,3.116160898689181e-05,4.0575518269509515e-06,5.286881629495261e-05,0.0011497253500021593,0.08952662416051783,0.02915186566919035,0.0004591437003706499,2.558053149225911e-05,0.07270308309152491,6.692027661193426e-05,0.00010130136568409416,0.2585804994708397,3.254411757690364e-05,0.10815688073026326,8.041357283057494e-06,8.313865042989868e-05,1.7396379224338262e-09,3.894278442639805e-06
54,5.0569621156859235e-05,0.004649140017968864,3.95090268089738e-05,0.00013012114265551554,0.009881420291573418,0.4950124537829519,0.023101181574907783,9.913937982872265e-05,6.743014418533342e-06,4.544547715596583e-05,0.0015194992414503477,0.024631993617009598,0.02974903533276736,0.00042468125195452576,0.00010062590393438453,0.14299309673002727,6.28213429093398e-05,7.532855789632465e-05,0.16879142021922028,8.991272358248782e-05,0.09812535656173087,8.387409217653744e-06,0.00040768647446034686,4.092712328973838e-09,4.427211700421848e-06
55,3.0178028269939488e-05,0.0035761842751727436,1.960216621349093e-05,6.684906478884331e-05,0.005267267780065057,0.567971234895295,0.02146682262609135,7.364696670072664e-05,6.33223696025209e-06,5.9149979876279765e-05,0.0007198319556002491,0.011540487296322685,0.016046070633271285,0.0003047676882559056,8.71636030486519e-05,0.15611424017033868,4.654185568507421e-05,3.555394594111237e-05,0.1546203855599438,7.261080580226878e-05,0.061557787225392756,8.02828120116828e-06,0.00030557868214300607,2.5403327663207405e-09,3.681737286975352e-06
56,6.186344336950922e-05,0.010941075693235908,2.1728462400173492e-05,6.508045290853216e-05,0.010481810486325868,0.4317058606295583,0.03367394177522526,7.908606713722817e-05,1.0467354405914163e-05,5.662039415051501e-05,0.0010168362473971925,0.044348934302773264,0.03304198506393267,0.00046064515341140097,6.718471560293349e-05,0.1597904782015204,6.873736121545036e-05,0.00010041476879781454,0.20524350678432549,6.551527480048507e-05,0.06842158740288577,1.0089388684542833e-05,0.0002580707827702702,2.1350614527760578e-09,8.477658103638542e-06
57,4.048145630754222e-05,0.003907761812481497,7.88825111501784e-06,0.00032813038848344885,0.005036318350027711,0.621391236647718,0.04992676614372126,2.766926795289803e-05,5.0611184724330166e-05,0.00010196439348059709,0.001290447203297154,0.002248670167459728,0.009439303963436185,0.00043889984924716903,0.00014886526912999138,0.28045114064999244,7.068465377437759e-05,4.9175816465627335e-05,0.008261571451366042,2.55610342827942e-05,0.016195511292171824,1.4566272047703616e-06,0.0005505686838643592,2.4138036783358277e-08,9.291304258533305e-06
58,6.63248482057277e-05,0.009832862196552666,2.3441797615713042e-05,7.191623137671758e-05,0.00992236455723003,0.45218349878548564,0.03234007373625963,7.82913825126079e-05,1.1541023695032996e-05,6.426851389560172e-05,0.0010911167157543365,0.035672900729333344,0.027636466724538424,0.0004344777089723117,8.245706646673542e-05,0.16747182817431108,6.723730910649301e-05,9.106383853527302e-05,0.19233635400032176,6.768768329861008e-05,0.07016119756476683,1.0193284138169374e-05,0.0002741844809322253,3.163788530048334e-09,8.248482906287088e-06
59,6.884099698333736e-05,0.009519922879005603,2.7510645787643256e-05,8.367652673582612e-05,0.010875410407529894,0.45955166904007577,0.031763486807419104,7.673193949555424e-05,1.234145060176295e-05,7.519470720303397e-05,0.0011853715018306182,0.03334820719780659,0.02472821909962211,0.00048739105772760156,9.539354265017391e-05,0.16741036412946242,6.90955059803445e-05,9.586099106416463e-05,0.18294319970078596,7.379738576161876e-05,0.07719684895457736,1.0975138419583552e-05,0.0002914114001361896,4.090031253229539e-09,9.074903306321718e-06
60,6.013045458007595e-05,0.010071323525736508,2.0630204072426605e-05,6.43647976617602e-05,0.01046679975665771,0.44262889574204783,0.03316655376071345,7.450702574513971e-05,1.0272286300796546e-05,5.834896793308217e-05,0.0009662893735200154,0.03972887341292437,0.027549843648709958,0.00044421035012628544,7.177926937378493e-05,0.16361077731689938,6.337603223650745e-05,9.419465916630354e-05,0.1976489296492903,6.611153429557563e-05,0.07284131640841837,9.743097864952892e-06,0.0002740571116745537,2.187117888061292e-09,8.669426932879125e-06
61,6.603651542096325e-05,0.009181468466496598,2.8472896004410835e-05,8.153642363421426e-05,0.010427279746020411,0.46620283362399656,0.0292363559708889,7.83586835167417e-05,1.0490049913431518e-05,6.803201536443686e-05,0.0011044222571057975,0.03430627742861038,0.02570542470880733,0.0004595374329488514,8.495238540008757e-05,0.16008293112417396,6.781955125147898e-05,9.457769836667456e-05,0.18452817651540257,7.165216132450265e-05,0.07782498514400346,1.0268314765168288e-05,0.00027020536038877474,3.467297513615857e-09,7.902058896763234e-06
62,6.013045458007595e-05,0.010071323525736508,2.0630204072426605e-05,6.43647976617602e-05,0.01046679975665771,0.44262889574204783,0.03316655376071345,7.450702574513971e-05,1.0272286300796546e-05,5.834896793308217e-05,0.0009662893735200154,0.03972887341292437,0.027549843648709958,0.00044421035012628544,7.177926937378493e-05,0.16361077731689938,6.337603223650745e-05,9.419465916630354e-05,0.1976489296492903,6.611153429557563e-05,0.07284131640841837,9.743097864952892e-06,0.0002740571116745537,2.187117888061292e-09,8.669426932879125e-06
63,6.193637311838081e-05,0.011328609294292462,2.077285991715905e-05,6.191816444450105e-05,0.010748583846946647,0.4435868316647221,0.033756432732948316,7.381659235521978e-05,1.0876772775292105e-05,5.822724364796494e-05,0.000975046038371234,0.04112780761586096,0.028111208821435914,0.00044482863398305657,7.292744638859472e-05,0.15694500831180278,6.403279517178246e-05,9.262120075722238e-05,0.20012820584090493,6.263688061057906e-05,0.0719868219492605,1.0019747719183536e-05,0.0002618732402105407,2.160109396230853e-09,8.95377224501144e-06
64,6.0572479935699434e-05,0.009699189399067274,2.336601743190893e-05,6.594172468038619e-05,0.010189499706456176,0.4289894370817827,0.030398644398670405,8.392708086544212e-05,8.764606128140065e-06,6.127411303351054e-05,0.0009564812476211185,0.037734176752265584,0.023862941117325252,0.00039890129510348446,8.049509972573526e-05,0.13860464612697673,5.67997373559246e-05,8.44882880437924e-05,0.2119144739375466,7.05246975818945e-05,0.10635746395037292,1.0799691654186579e-05,0.0002792403156581677,2.2462705937557783e-09,7.948888446339622e-06
65,6.296741233658534e-05,0.01023110954215529,2.016934702122254e-05,6.456843973831488e-05,0.010735305480223886,0.4279116962796943,0.03421044250151142,7.487729391726272e-05,1.0649065932822383e-05,6.042012407485269e-05,0.0009774538738098703,0.042030479782292754,0.028564715646031212,0.0004561628859653656,6.879947724580892e-05,0.17059731430505826,6.455274173225864e-05,0.00010185729743613346,0.2012926058830468,6.746453330884141e-05,0.07210258816027042,9.862107081438709e-06,0.0002748297518361145,2.186854131036295e-09,9.10588142489996e-06
66,4.7754704828394444e-05,0.009711885561332147,1.3084238416388969e-05,3.8784957648267435e-05,0.00627686129913798,0.5093862347475063,0.041349636815428144,8.624166916944729e-05,1.1746916955244086e-05,3.27674236463689e-05,0.0006200676227564196,0.02605065934484708,0.022373425882873825,0.00027874288231752564,9.024778678171795e-05,0.11915705678520706,5.6610628184414576e-05,5.189479271180662e-05,0.21642256892874395,6.107333632844677e-05,0.047498009580652915,9.137170360937914e-06,0.00036612569274473904,1.5654386370010154e-09,9.379665981956594e-06
67,2.505771509726347e-05,0.004555443421937199,1.1297397948947797e-05,4.0056198151089636e-05,0.0040165733586029735,0.6358723020818141,0.022461737936578973,3.1281044382390755e-05,3.975917028680646e-06,3.7271953936212584e-05,0.000710371074078791,0.029248424181980114,0.015581700294649246,0.00046592869617176406,6.332932010193807e-05,0.11048046480686247,5.44287759823003e-05,7.302803549943392e-05,0.10682588764819606,8.502361588451192e-05,0.06895969381103646,7.362552238969268e-06,0.00038184143782745767,1.8592641816210656e-09,7.516864748404719e-06
68,6.239676716067599e-05,0.012816434626020485,2.236375143314084e-05,4.811053478425488e-05,0.012650895292120632,0.4736970834618473,0.026556118624614097,6.294252907812583e-05,1.4461082765921428e-05,7.474915414337466e-05,0.0009020414032070826,0.023488684958604473,0.014793820542023866,0.0003800321665125982,0.00012143777771184909,0.1353164652053871,4.7213505365645446e-05,4.691982915579942e-05,0.2306301034694854,5.478659966973559e-05,0.06795846540051348,1.261018299650144e-05,0.000232802435838118,3.1653347048979144e-09,9.057534225532923e-06
69,9.248088933615189e-05,0.015004684547742748,2.6556510999591306e-05,0.0001110639733894428,0.021307264029387502,0.3851278336741642,0.04512346322317482,9.940673547931327e-05,2.721936383216873e-05,9.258110593282962e-05,0.0010732018016449516,0.03476925181093217,0.029021790570890035,0.0005284331937454233,8.911996385902853e-05,0.24499373054520793,7.338774558911986e-05,0.0001152169634700313,0.16456070027424743,5.562280811570977e-05,0.05742104238176567,1.0002032260245856e-05,0.0002626497264309,3.593560657616323e-09,1.3292534842077303e-05
70,2.4550068984601916e-05,0.003241510955665846,1.3541123382913598e-05,0.00010835445387878899,0.007199468786961112,0.5454842009286633,0.024140395817031104,6.436019122104395e-05,1.223405569356794e-05,5.839453952545482e-05,0.00048072662467876337,0.01814290712445271,0.02072063083270596,0.000419634055298193,3.940005292392088e-05,0.28714948973298793,7.055203722468171e-05,7.672402385486245e-05,0.06212236913871598,8.717654057175783e-05,0.030037377692550913,4.41350483764208e-06,0.00029697702548165484,2.3160970997340645e-09,4.608376610241104e-06
71,7.750240353554983e-05,0.01117350560352891,1.2939492119125115e-05,6.716465620938088e-05,0.015104951875795298,0.3130351802732752,0.039520555400108556,8.170862870116014e-05,1.603124750599427e-05,7.178391910655418e-05,0.0011212935675812318,0.053658075041557694,0.031948724761296114,0.0005076210993327272,6.219846906908909e-05,0.259034458857313,6.263158408405549e-05,0.00013472417550845872,0.20103784647210698,7.391763699080552e-05,0.0728101736584644,9.513512557323147e-06,0.0003648593003840764,2.2522128794281804e-09,1.2636111655327388e-05
72,5.4974866962117906e-05,0.017294147194428722,2.2922770980403277e-05,2.7899616653335442e-05,0.0125235372302031,0.26288097881458006,0.027685627972994047,5.927352708729423e-05,6.674447880275391e-06,3.932862600580114e-05,0.001002803473364407,0.08073795532914622,0.024003447926058033,0.00071949717257728,9.61782847146677e-05,0.06368616341266901,5.280608208233553e-05,9.00951629343706e-05,0.39833459512765046,5.82170758360574e-05,0.11026386849759309,2.951264290675952e-05,0.0003107456620996236,1.1032775278609309e-09,1.8747979314844413e-05
73,6.886669760204823e-05,0.015249194046640666,3.214521711365343e-05,6.215963958979616e-05,0.01645602462054523,0.3931451147644044,0.032414857784734644,6.989759131210456e-05,9.649113725996064e-06,6.629782670842538e-05,0.0012067790251284337,0.04646714376029947,0.02471420952516622,0.0005216419767434102,0.00010356247131687678,0.12845232466861534,5.1539705412852225e-05,8.902991491578771e-05,0.2462736047191722,5.152182246886711e-05,0.09428945032862565,1.3492986124697178e-05,0.00018214752255807005,2.3531391637634732e-09,9.341917935984525e-06
