,0,1,2,3,4,5,6,7,8,9,10,11,12,13,14,15,16,17,18,19,20,21,22,23,24
0,0.0009757862870187505,0.002891344786328013,7.24416926113429e-06,0.006585896539182097,1.48391133710977e-05,0.0009133268769250198,0.35975562028758906,0.014624848189834493,3.401820919259639e-05,1.945664748611123e-05,0.00044935230559808056,0.006506013321499767,0.0017859028207744224,4.420810162370232e-06,0.0005219531093308665,0.06306109073245225,0.048464657410878305,0.001300704768622929,0.48114326170857585,3.5518401697409693e-07,0.0016140081175999214,0.009277941374825724,2.7647985673631977e-05,1.6374927022791585e-06,1.867175109832086e-05
1,0.0005485616304477125,0.0019219453712859033,6.256560306123627e-06,0.003196322916161854,8.242683432740634e-06,0.0016212848339845235,0.25779884562437266,0.01245804748220279,0.00010326024726414499,5.162169668926325e-05,0.0003067512126278992,0.0028471234011988988,0.0014285716307019163,6.937409752685423e-06,0.0006639449329469504,0.050119940810815056,0.013613209568942148,0.0012561583192386187,0.6387954651742589,4.818698182828905e-07,0.0013281313822361613,0.011869305201685193,2.367669344562266e-05,1.4964423826349581e-06,2.4416903801349084e-05
2,0.00064821098271759,0.002710022893348571,6.783983515096038e-06,0.0038010472293047255,1.2934402573249698e-05,0.0017993173111993089,0.2810259780088531,0.0165207525793041,0.0001283657158280584,5.629791353643529e-05,0.00047518462546595493,0.004163722324869802,0.0015131243386789718,1.142579993153351e-05,0.0010183509546784928,0.04830547510415783,0.017559703729785693,0.0012481404003938463,0.5997758398009506,6.048841134844408e-07,0.0014629639786519213,0.01769088139502402,2.6706766228274597e-05,1.6034367359633892e-06,3.65614401533973e-05
3,0.0007259313739560462,0.0024785165695953245,6.136911962175014e-06,0.0036687117367802087,1.0459791530322407e-05,0.0016662824465414243,0.2817845400353663,0.014297489803859238,9.682197865778162e-05,4.370540318572189e-05,0.0004307277706309387,0.0037744642391276118,0.001534451567899366,7.675838836776567e-06,0.0007333752739634479,0.043047249402091224,0.01817482616053227,0.0012459418404100774,0.6093313861965475,4.2619119352724987e-07,0.001432633602641692,0.015456035386600083,2.4615385332375787e-05,1.4336038664308801e-06,2.616148889213976e-05
4,0.0007507929178794816,0.0026270296836867816,6.56096101937101e-06,0.003672019610390559,1.0894997357830312e-05,0.0014806854400121166,0.29309483950953075,0.014401467714164668,0.00010284594138487477,4.39755288257124e-05,0.00044299741622451827,0.003859519844923686,0.0017610748490337646,8.926031545499859e-06,0.0006695911889426122,0.03915120351257046,0.017278126889970127,0.0013359132225548083,0.6015067906002662,4.5911303437997367e-07,0.0015847600093842726,0.016158075884988053,2.4006442350052045e-05,1.5314129998100952e-06,2.5911276959635662e-05
5,0.0007396335476722829,0.0024109461496373196,6.88895805305194e-06,0.004588121885288273,1.1542750328391125e-05,0.001715040220001423,0.27196477051610096,0.014179276357270738,9.887839666237829e-05,5.073691647155788e-05,0.0004083323932785829,0.0033142106934996806,0.001669690525582387,8.288181704316367e-06,0.0006215758430885297,0.042407117313984846,0.017987393032056712,0.001749124967357993,0.6214345475627893,5.176506525855147e-07,0.0015907796960825807,0.01298805386770358,3.096974932280043e-05,1.6582059365668133e-06,2.190461947336644e-05
6,0.0007259313739560462,0.0024785165695953245,6.136911962175014e-06,0.0036687117367802087,1.0459791530322407e-05,0.0016662824465414243,0.2817845400353663,0.014297489803859238,9.682197865778162e-05,4.370540318572189e-05,0.0004307277706309387,0.0037744642391276118,0.001534451567899366,7.675838836776567e-06,0.0007333752739634479,0.043047249402091224,0.01817482616053227,0.0012459418404100774,0.6093313861965475,4.2619119352724987e-07,0.001432633602641692,0.015456035386600083,2.4615385332375787e-05,1.4336038664308801e-06,2.616148889213976e-05
7,0.0010825204471997393,0.002265090256462079,6.443415035914731e-06,0.003193775341161951,7.408395389787193e-06,0.001187500789063683,0.2949806913933126,0.013636658459115658,6.703240194673768e-05,3.2263316671021924e-05,0.00048509060517458013,0.0030643562166427405,0.003029967802595457,4.822950439254559e-06,0.0005620439545011717,0.03323360797196367,0.013118765182777064,0.0012654149458199758,0.6095687233445956,4.283041194401411e-07,0.0012950015813703248,0.017883700066894832,1.3053293466578378e-05,1.0949356821414426e-06,1.4544628597809213e-05
8,0.001470067452138887,0.004465737836891907,1.7742128005585942e-05,0.007598259690421257,1.822286601189318e-05,0.002654993064707014,0.2516256347443337,0.01776948724432687,0.0001646185717989084,0.00010414213005792906,0.0005266096135175817,0.006156075516098785,0.002170666529458834,1.5676584173375245e-05,0.0012462543313121696,0.08185253935329453,0.03953184956065814,0.0016521732596613697,0.5600495576697232,8.412517215743867e-07,0.0017318003679308333,0.01905206781948234,6.056788740522563e-05,4.0585593959765356e-06,6.035596747202097e-05
9,0.0007132707625205098,0.004337218109430716,1.5418500509579427e-05,0.006136334113650227,1.2877152574363722e-05,0.0020672477105756364,0.20239639036676185,0.018083804878767505,0.00016103315042054425,0.000149201053878023,0.00036345829396358,0.004144483486695159,0.001879837587729893,1.9726707761363514e-05,0.0010291255004703562,0.08878051208053857,0.028215246612082197,0.0016599062159359447,0.6222873509534926,1.0747615163580002e-06,0.0017871733719932912,0.015652444651546676,4.863553069407248e-05,3.382746455715308e-06,5.4845700035277156e-05
10,0.0007259313739560462,0.0024785165695953245,6.136911962175014e-06,0.0036687117367802087,1.0459791530322407e-05,0.0016662824465414243,0.2817845400353663,0.014297489803859238,9.682197865778162e-05,4.370540318572189e-05,0.0004307277706309387,0.0037744642391276118,0.001534451567899366,7.675838836776567e-06,0.0007333752739634479,0.043047249402091224,0.01817482616053227,0.0012459418404100774,0.6093313861965475,4.2619119352724987e-07,0.001432633602641692,0.015456035386600083,2.4615385332375787e-05,1.4336038664308801e-06,2.616148889213976e-05
11,0.0007549515031366822,0.002469972370252361,6.238528916366207e-06,0.0036371067239074806,1.042557627505475e-05,0.001541681194701903,0.2889906138582663,0.013864945967259363,9.511696334746362e-05,4.120811906792988e-05,0.0004328949349530637,0.0038883342205670588,0.0017144848325385234,7.544124829601199e-06,0.0007037665917851006,0.04248011954699768,0.017738338487823177,0.0012419753811191375,0.6030676482336913,4.4431575371493477e-07,0.0014521813648262103,0.015809544296420102,2.3442106231015406e-05,1.5269982874228352e-06,2.5493759045960402e-05
12,0.0015590114357007508,0.004882940550761175,2.8548908544051897e-05,0.004447556236652862,0.00011874757493066692,0.0035992506507806633,0.4247953659144692,0.017049481525898618,0.0002950268531131878,9.226211888378444e-05,0.0016285090300018946,0.011082443204285463,0.0024359307525575274,4.4265096761521644e-05,0.001218877021230394,0.06601400424455058,0.07411897872463126,0.0023031698779853,0.35319000651714355,2.4705581309624997e-06,0.004970921392937696,0.025867900295076338,0.00010240018580423667,8.273580896889486e-06,0.00014365774827139095
13,0.0009530816460472416,0.0034806264877284905,5.622990997073623e-06,0.0025299785259908216,1.6206381828568418e-05,0.0009373089563288309,0.326578827493092,0.02616616977136739,0.00010146617636772924,2.6074971380867668e-05,0.0012575389269366627,0.008970920258173686,0.0019599429534666733,1.6492715369382652e-05,0.0011376959259830736,0.029670365521821496,0.01892351939288312,0.0009645112268832057,0.5379435064928365,4.2676339563169126e-07,0.0018404144754429479,0.036458916862617013,1.199350496929285e-05,1.0572485838345457e-06,4.7334329508520036e-05
14,0.0005678584039943782,0.0028105681037571997,4.807254590095667e-06,0.0037590685640210954,1.3175301043947598e-05,0.0011543078102599356,0.2325114727948204,0.010318682594085705,7.175603278953242e-05,3.8820502273525523e-05,0.0004477081142363359,0.0024310180338527336,0.0015257453189781824,7.133855295872358e-06,0.0004607533986953222,0.024434556910396126,0.017062578637142348,0.0013855670129921099,0.6868696991308871,3.461927953976614e-07,0.0019021290740069557,0.012182953399646814,2.2181781639717967e-05,1.2841318255602636e-06,1.5827645973675188e-05
15,0.0007259313739560462,0.0024785165695953245,6.136911962175014e-06,0.0036687117367802087,1.0459791530322407e-05,0.0016662824465414243,0.2817845400353663,0.014297489803859238,9.682197865778162e-05,4.370540318572189e-05,0.0004307277706309387,0.0037744642391276118,0.001534451567899366,7.675838836776567e-06,0.0007333752739634479,0.043047249402091224,0.01817482616053227,0.0012459418404100774,0.6093313861965475,4.2619119352724987e-07,0.001432633602641692,0.015456035386600083,2.4615385332375787e-05,1.4336038664308801e-06,2.616148889213976e-05
16,0.0015006808748613588,0.0030979988900188826,0.00017314881201382402,0.013151730962735489,3.4961926886551025e-05,0.012799388935102962,0.3130412947649457,0.008942418518996222,0.0002825227372213754,0.0004977907663401831,0.00025212577456374405,0.0011130630569979438,0.0038956362360714706,8.955158293371203e-06,0.00022799995183685282,0.15943988924050037,0.07278566225662224,0.00482188443092843,0.39480063184790576,4.804222036539359e-06,0.005726698065449913,0.0027979253419887903,0.00053523547012677,3.709571373023387e-05,3.045604382493633e-05
17,0.0008209116337650562,0.0025374245462565456,6.553820003853002e-06,0.0035919662045817277,1.2434477071317141e-05,0.0015632321181003443,0.32074133264235755,0.014535699371266314,0.00010022888137879276,3.821556323841409e-05,0.0004962748016945267,0.00427485492385889,0.0016929763636484543,8.619089857137468e-06,0.0006367807063486651,0.03814481789105932,0.01959804167551808,0.0013740816049978399,0.5718623462548209,4.3174411900412985e-07,0.0017033652995249763,0.01620569656293543,2.582084313185496e-05,1.556385300767783e-06,2.6336595164312002e-05
18,0.0006112880186177442,0.0024283264159442254,7.269637701905033e-06,0.0022049860694077156,9.914039107670893e-06,0.0014027410266357141,0.3165888764932575,0.01316482282995207,0.00010225312700708248,4.140569467494419e-05,0.00043425885178757415,0.005288793073611077,0.0012312059232470263,1.156705657595667e-05,0.0007659969111649836,0.05427992768928899,0.022961179488005853,0.0010776227772419289,0.560283448419333,4.4271819817120723e-07,0.0019497544944756255,0.015074249280537428,2.7522920521900043e-05,1.7645462845621158e-06,5.0382497419367495e-05
19,0.0007575002458009811,0.0023624963427831824,6.254168414864647e-06,0.0032945144228446817,9.855241118404505e-06,0.0015300989311686265,0.28192095118840693,0.014524378277573262,8.822152605086584e-05,4.024089895251833e-05,0.0004525228468614175,0.0036850029696054143,0.0015493994728044487,7.5133116982380506e-06,0.0006807725394462899,0.04243634105857883,0.018544509890067676,0.0012988896502426092,0.6101293247560624,4.130045049987974e-07,0.0015757445862304585,0.015054354757802379,2.391720427305735e-05,1.386784937736851e-06,2.5395923769684007e-05
20,0.0006117600480864987,0.002883316906814729,4.356907816980747e-06,0.0033620082899209233,8.754908234679243e-06,0.0014124872568051356,0.2423012146139775,0.01670183372734707,0.0001039331288834934,4.613104611538949e-05,0.00046413693953810457,0.003242682865415299,0.0017187192728493927,9.218336574115054e-06,0.0008622665101033734,0.030825402020133296,0.012743441178050471,0.0010166057005126445,0.6559267783013895,4.195790943424178e-07,0.0012155544499042302,0.02449924239323263,1.540115685636319e-05,9.806750011097425e-07,2.3353787342679347e-05
21,0.00037564027113903153,0.0020004688254995715,2.1053302279213466e-06,0.0028693342657125703,7.927331417938978e-06,0.002623463303400924,0.20452443245678262,0.010264210602839153,9.802028669792395e-05,3.855413369515874e-05,0.00036345392865268325,0.0018278832688101514,0.0007795292341464614,3.966056786924173e-06,0.0011214671847908913,0.02154414944475713,0.009872184274784304,0.0005198565985761164,0.7211899601746449,2.1070536501423805e-07,0.0007087725315766656,0.019229107355958473,1.5922446363520328e-05,6.229090088793472e-07,1.8757078365057174e-05
22,0.0009991603799653155,0.00278688819403449,9.377202554163521e-06,0.003966312691889792,1.0091694454909551e-05,0.00186274372006083,0.23394533663524233,0.01925549330607094,6.793422163081231e-05,6.110587550757667e-05,0.0005049669957008197,0.003181270491405705,0.0017383403929934452,8.48441850186707e-06,0.0005320964855714562,0.047809249515753556,0.03083807106250364,0.0020536910986335734,0.6324533830826748,5.1297200146144e-07,0.0021896570836360215,0.015670506424252825,3.301510726027007e-05,1.3331863813153654e-06,2.0977761317981282e-05
23,0.0007259313739560462,0.0024785165695953245,6.136911962175014e-06,0.0036687117367802087,1.0459791530322407e-05,0.0016662824465414243,0.2817845400353663,0.014297489803859238,9.682197865778162e-05,4.370540318572189e-05,0.0004307277706309387,0.0037744642391276118,0.001534451567899366,7.675838836776567e-06,0.0007333752739634479,0.043047249402091224,0.01817482616053227,0.0012459418404100774,0.6093313861965475,4.2619119352724987e-07,0.001432633602641692,0.015456035386600083,2.4615385332375787e-05,1.4336038664308801e-06,2.616148889213976e-05
24,0.0005091517565389327,0.0030162473838803382,4.363751414185143e-06,0.004882098607431052,8.613137173497039e-06,0.0012405309471873527,0.21956363149211913,0.013224129482584392,7.688467449716559e-05,4.6599372174039104e-05,0.0003159274039323163,0.0029137095337819436,0.0013369214193800834,7.4562599174638135e-06,0.0006358896239965985,0.035521477985887444,0.01630544301709618,0.0012263959347275787,0.6844763476945044,3.4020533217016713e-07,0.001198092924687463,0.013448186213364154,2.197180528175822e-05,1.10548103542648e-06,1.8483892074944454e-05
25,0.0008313822312120782,0.0019115560996943062,6.513571301594575e-06,0.0034362218842187795,1.4754337978358919e-05,0.001182452737769083,0.4031031708185435,0.028079351407654322,7.161648989771347e-05,2.6132593562482104e-05,0.0007640311864794996,0.005435015097327707,0.001872007940933748,9.739471786153633e-06,0.00042209479764575595,0.03501818772851864,0.018352545667772793,0.0022704198233813467,0.4798926385429505,5.457503236926968e-07,0.002232526551734482,0.015026221558891276,2.0914873763472095e-05,1.0808296986970173e-06,1.887800695987573e-05
26,0.001305697157417297,0.002888406595877968,1.6590084130584984e-05,0.0063243254596013305,2.0150294395085507e-05,0.0026061480724735454,0.30714894795031034,0.013075961205114088,0.00017826255685180067,8.174271121141351e-05,0.0004513433383947186,0.004105513857853209,0.0022197974688727344,1.252637031467733e-05,0.0006148635532512997,0.062432711322409344,0.02828652030945363,0.0027189352703498146,0.5515292879347877,9.061243561471895e-07,0.0023521609096837986,0.011514842998776982,7.426136877893519e-05,4.706555098091597e-06,3.539053023542716e-05
27,0.0006137796782444755,0.0024032559209068503,3.942613389434756e-06,0.0038148995271486256,8.974742125549262e-06,0.0020386256822889515,0.2477145774004516,0.01417914343126125,0.0001334527286286053,4.575840213217316e-05,0.00037059191812586925,0.0035573108696216197,0.0013711877686512922,6.562675605628004e-06,0.0010703510861707851,0.039324974849779204,0.011300934416665428,0.0008840479696130408,0.6486843424842448,3.818450798855623e-07,0.0008047386584028465,0.021621786016161614,1.823773248931924e-05,1.1986961790784412e-06,2.6942886632004527e-05
28,0.0007259313739560462,0.0024785165695953245,6.136911962175014e-06,0.0036687117367802087,1.0459791530322407e-05,0.0016662824465414243,0.2817845400353663,0.014297489803859238,9.682197865778162e-05,4.370540318572189e-05,0.0004307277706309387,0.0037744642391276118,0.001534451567899366,7.675838836776567e-06,0.0007333752739634479,0.043047249402091224,0.01817482616053227,0.0012459418404100774,0.6093313861965475,4.2619119352724987e-07,0.001432633602641692,0.015456035386600083,2.4615385332375787e-05,1.4336038664308801e-06,2.616148889213976e-05
29,0.0007259313739560462,0.0024785165695953245,6.136911962175014e-06,0.0036687117367802087,1.0459791530322407e-05,0.0016662824465414243,0.2817845400353663,0.014297489803859238,9.682197865778162e-05,4.370540318572189e-05,0.0004307277706309387,0.0037744642391276118,0.001534451567899366,7.675838836776567e-06,0.0007333752739634479,0.043047249402091224,0.01817482616053227,0.0012459418404100774,0.6093313861965475,4.2619119352724987e-07,0.001432633602641692,0.015456035386600083,2.4615385332375787e-05,1.4336038664308801e-06,2.616148889213976e-05
30,0.0007259313739560462,0.0024785165695953245,6.136911962175014e-06,0.0036687117367802087,1.0459791530322407e-05,0.0016662824465414243,0.2817845400353663,0.014297489803859238,9.682197865778162e-05,4.370540318572189e-05,0.0004307277706309387,0.0037744642391276118,0.001534451567899366,7.675838836776567e-06,0.0007333752739634479,0.043047249402091224,0.01817482616053227,0.0012459418404100774,0.6093313861965475,4.2619119352724987e-07,0.001432633602641692,0.015456035386600083,2.4615385332375787e-05,1.4336038664308801e-06,2.616148889213976e-05
31,0.0010759728374494435,0.002867878788154678,1.0123127987819911e-05,0.0036874960675104293,7.87535542727544e-06,0.0014052734763876906,0.2773126072480686,0.024551454862057478,7.38075135290165e-05,5.36191965814131e-05,0.00044525081037308337,0.00414946833118425,0.0017904024926470084,9.035337207005585e-06,0.0005380921246439604,0.05994927519088726,0.025697591360389096,0.001899730839696066,0.577329426393625,4.66904848552613e-07,0.001894556132515622,0.015197983667471259,2.6460634728127728e-05,1.316355650491812e-06,2.4834950979451358e-05
32,0.0006333035907531495,0.002256989111924056,5.251231198292489e-06,0.0034289775757654563,9.298181630709067e-06,0.00153774041492003,0.2599182103529478,0.012846577835317766,8.770348937892407e-05,4.051884427643908e-05,0.0003881813335717066,0.003316179063187986,0.0014097947698792684,6.6068957664034e-06,0.0007206906498697399,0.04085675224487987,0.01632140354653297,0.0011326043700737507,0.6393625813692853,3.8411090002474135e-07,0.0013286175412752876,0.014344082957629862,2.2461353881276e-05,1.3220725643194833e-06,2.3767092589783237e-05
33,0.000641847819872178,0.002515247066628285,7.474527893207952e-06,0.0037012239993293216,1.1793368271916736e-05,0.00238235074440601,0.25926952409432186,0.01318436180074181,0.00014777262297953125,7.044195167320884e-05,0.00039256230284991106,0.0030330704725247274,0.0013311198480367996,1.0029037571924184e-05,0.000994571851607382,0.04554257588606444,0.016214600575700747,0.001226612049141168,0.6330014174887152,5.480598623964655e-07,0.0014519475984674135,0.01479961371218776,3.284272347908195e-05,1.6866272332527856e-06,3.476377044051188e-05
34,0.002211901734609384,0.001107921575764187,6.028983880364074e-06,0.002868447673411213,9.449602035976046e-06,0.0011321687332461418,0.2937004760708029,0.011727815512896327,7.574053770981316e-05,1.662894794771188e-05,0.0006885203399414976,0.0024770713265678543,0.00237089261653528,3.3428933616941064e-06,0.0005895881833240748,0.018647075701972635,0.009067338062209747,0.0017050646894559971,0.6359637071520101,2.293070420257399e-07,0.0015113618137683866,0.014091271971669546,1.550113679113274e-05,1.1256190857965309e-06,1.1329813960166886e-05
35,0.001085728780251686,0.0017174258288638767,4.8260212005055515e-06,0.0030898456088978526,5.595984426096881e-06,0.0017247437556617575,0.2634576179832001,0.01923765069347765,8.102232809875541e-05,3.447192097570954e-05,0.0003981460111615633,0.0039036501949603333,0.0014832174965558143,4.6550018113001396e-06,0.00047428291082521074,0.0435927468233669,0.01421436902688858,0.001757903264091834,0.6250350365002832,2.628694139556386e-07,0.0010414550777791797,0.01762030272175791,1.7980979450014726e-05,9.836655357291217e-07,1.6078551064459002e-05
36,0.0007942087331200008,0.001895252104682968,7.105269297482664e-06,0.0036472651232787026,2.6102740570665872e-05,0.0017906483155514688,0.3516274511463155,0.007140042099043022,9.85800529693462e-05,2.6927076831110618e-05,0.0006671835219525317,0.0028687230469165276,0.0015319753510017662,6.269891027191402e-06,0.0006757869678366921,0.023482418679089106,0.018076799212780936,0.0012332904167784609,0.573184013606878,4.393374464320199e-07,0.0025056280569616973,0.008643714212311944,4.167451440981188e-05,2.6444933311847755e-06,2.585602961748418e-05
37,0.001245072021147306,0.0022592524044289875,1.1046966642999722e-05,0.0037207781517444613,1.480702977318347e-05,0.001324752623954882,0.3944320382394857,0.011490075571892302,0.00010987673238905734,3.551991327809478e-05,0.0004821501682513458,0.004804241093825596,0.002487686634167177,9.425074040867178e-06,0.000434213549577259,0.041092198390368845,0.021536337668606954,0.0020713781340234126,0.4978695913378892,5.497175133809477e-07,0.002338354286117217,0.012167263899462086,3.445470072738785e-05,2.7844349344497155e-06,2.615125575789396e-05
38,0.0015888318688606908,0.030811156682016866,1.716165181493738e-05,0.01082528434919023,0.00018006745487336313,0.001268581106003097,0.2667721923643941,0.058871845988728626,0.0005310947272904471,0.0001221475723577812,0.0039280354805270755,0.023078325818341232,0.0027577465688742894,0.00025086048650950347,0.001504737305755083,0.016900782963898582,0.054450275827065645,0.0014985957138260327,0.4090561179852316,9.119588935476557e-07,0.004366665032331683,0.111012645071308,3.340764681606896e-05,3.4019581047958373e-06,0.00016912641698672967
39,0.0007213552936108178,0.0019843560482822173,5.912761705996778e-06,0.0030950940919839765,8.50536078615508e-06,0.0016881584337863677,0.3029575152541375,0.016835777923219115,7.760112565104132e-05,3.674934160876359e-05,0.00042489539625759613,0.004000036196306598,0.0014321664579775683,6.259783883628962e-06,0.0006338509551989441,0.048918186078356955,0.018669842999669357,0.0012553101978813954,0.5810072951187444,3.9553365895503476e-07,0.0014609230984076135,0.01473161371944363,2.2833827321417645e-05,1.2279050332299248e-06,2.413709708670124e-05
40,0.0008618511823778104,0.0027903524956381562,7.042153710980535e-06,0.00362438609489189,1.1836636797163008e-05,0.001785226850746754,0.3047117960584382,0.015016181051233486,0.00010604508297962272,4.390199494112986e-05,0.0005019708053715966,0.004570506532203929,0.0016987041952827204,8.633075104712856e-06,0.0008303008407384105,0.04412471252996309,0.020477684778899236,0.001173733179324131,0.5777662043818884,4.5121601948598356e-07,0.0014923699963528736,0.01833848542297933,2.4675114275566095e-05,1.5327295063118623e-06,3.141560033492518e-05
41,0.0007233519090099321,0.002476959850909822,6.258901620319512e-06,0.003354509371964333,9.816437363841965e-06,0.0015288211324711938,0.2850960567527151,0.01434913117351971,9.097939683501199e-05,4.2333226816750924e-05,0.00043037919689863996,0.0037376348282476095,0.0015817561041040515,7.915901914357438e-06,0.0006519415320056099,0.04254785777362214,0.018649311390599978,0.0012978611237836983,0.6064626735723117,4.2351850094727134e-07,0.0015776742933738578,0.015325249202170895,2.410793424600516e-05,1.4220566209358923e-06,2.5573418373760475e-05
42,0.0011882900222198929,0.0027062395329725034,1.900918179644852e-05,0.0063374142832401704,2.79210579554354e-05,0.0019142425001097772,0.43520079252010385,0.013203167721171343,0.00017169727691598746,6.271094425920402e-05,0.0005768064526863018,0.0045048693869404206,0.0017381569280835102,2.1676420096646194e-05,0.0005327776320439693,0.03811151463984539,0.025732011901754216,0.0039196081709353455,0.45382232475300127,7.989201737289945e-07,0.003683819210404257,0.006386091161085586,9.828892489053663e-05,3.694417373137825e-06,3.6076039940821854e-05
43,0.0005046736995028806,0.0020344643350178513,5.776631765088129e-06,0.00334911130636549,8.468519298401707e-06,0.0026349620004182004,0.19206780246009805,0.014457015433449912,0.0001137367499254132,8.39608238761768e-05,0.00032132284589285443,0.0018575752834830495,0.0012066958821489542,7.098527086421899e-06,0.0008839382658114326,0.041767974322263875,0.012827887235962617,0.001121642878930203,0.7078838464992531,5.024097368018985e-07,0.0013014197689830264,0.015510944883051572,2.53808279966581e-05,1.155158789679634e-06,2.2643250892237497e-05
44,0.0007259313739560462,0.0024785165695953245,6.136911962175014e-06,0.0036687117367802087,1.0459791530322407e-05,0.0016662824465414243,0.2817845400353663,0.014297489803859238,9.682197865778162e-05,4.370540318572189e-05,0.0004307277706309387,0.0037744642391276118,0.001534451567899366,7.675838836776567e-06,0.0007333752739634479,0.043047249402091224,0.01817482616053227,0.0012459418404100774,0.6093313861965475,4.2619119352724987e-07,0.001432633602641692,0.015456035386600083,2.4615385332375787e-05,1.4336038664308801e-06,2.616148889213976e-05
45,0.0014928348405475983,0.008702753509613971,2.7347368155876428e-05,0.003440358409387441,1.575236102258359e-05,0.0012840210314895694,0.22096923137475694,0.01997371043248283,0.00010211734414451685,0.00012143572580827564,0.0007507201468833028,0.005809717720925991,0.0026336864296287506,3.9930037099084796e-05,0.0003972256526556569,0.05920689030552655,0.07849566747998792,0.002924682049589322,0.5649215240619931,7.991249632792436e-07,0.006682054311356947,0.02188518314793832,5.868288308098156e-05,3.3471959854779003e-06,6.0327054975781855e-05
46,0.0008167548512538115,0.0026344327391291814,6.016782078971607e-06,0.0038702887972040002,1.0361577647408086e-05,0.0016752204767600566,0.2800951411220881,0.014734224748253892,8.331685316568008e-05,3.964968389463996e-05,0.00045567228571590505,0.0042790507126949425,0.0015592178002718918,6.822655500369983e-06,0.0007533053042945602,0.04582741706052046,0.02214375613561303,0.001173193116798752,0.6016889201851489,3.8968421982907996e-07,0.0013616290751783894,0.016733113612047667,2.4450071795494474e-05,1.4038453426233893e-06,2.6250823381643487e-05
47,0.0010597319803072856,0.0038682053698647465,4.8943988592482724e-06,0.0028097124526798895,6.362604934339675e-06,0.0012801258254318709,0.29115773261296224,0.01519374873890551,7.58976360485895e-05,3.141803974767737e-05,0.0004372499532027155,0.006932830677468784,0.0022982236375753908,5.281052379583821e-06,0.0007844021664254363,0.059919294801903986,0.022543904535012142,0.0007435355692811623,0.5585167402396934,3.296078697951314e-07,0.0008288004990884489,0.03145821801054439,1.1808095990096134e-05,1.2754304746133523e-06,3.0276063348584112e-05
48,0.0007769970102001308,0.0021195596574591995,6.946712706586128e-06,0.0034442910234354176,1.2683287466099114e-05,0.0017834776446329203,0.31383575080454035,0.013690334639137533,0.00012017583615048489,4.2056745422730674e-05,0.0004913468693797763,0.004055989760595082,0.001674311781006171,8.407381344080025e-06,0.000776457159374571,0.04311952797144769,0.015724071819961997,0.0013474784155815694,0.5804868507509316,5.150202027717645e-07,0.0015550532487477737,0.014869908192001643,2.61694928071734e-05,1.774223687764565e-06,2.9864551778852864e-05
49,0.0010795816733947658,0.002855289436554983,9.432302590846428e-06,0.004080355169566092,1.264123551916827e-05,0.0024016935968389688,0.33287968503337995,0.019371791109830633,0.00011557850387842311,5.2447247338604684e-05,0.0005752915654913224,0.0055791999567867,0.001945481197977606,9.426013711114229e-06,0.0007697105965383576,0.054083380993546246,0.024185820377399414,0.0015360109893195703,0.5275190078618689,5.853877449616866e-07,0.0015889840429878265,0.019283163281267002,3.059834944362808e-05,1.7476298770370783e-06,3.309644714799549e-05
50,0.00045792162490809963,0.002183437936803311,4.5366647798851345e-06,0.0028988288463580162,7.030135863627203e-06,0.0014125481007626296,0.2721170117343051,0.014216054496423536,0.00010198645802504231,4.959396598973505e-05,0.00029200986811100596,0.0025597123674883865,0.0013732626729542547,7.717892159137132e-06,0.0005883820825386384,0.03034223103032094,0.010295063149303705,0.0010004062233826409,0.6433523597161444,3.364519048984073e-07,0.001236080218821447,0.015467295871450105,1.5908071824246353e-05,8.774030702005477e-07,1.9407016307054552e-05
51,0.0006909170027506882,0.003663689103609998,5.379521614770078e-06,0.00476435417372883,9.618339192507635e-06,0.0014555414740421446,0.23426411822472282,0.017762449633919677,9.39481955624654e-05,5.25076670953492e-05,0.00043168694579311546,0.0038482517629791807,0.0015904386855986558,9.301469303997556e-06,0.0008113912151290517,0.03813501773846391,0.017338900017367317,0.0012135013725657496,0.6531793587743218,3.912070446587977e-07,0.001209216801447849,0.01942497262211394,2.003509993792157e-05,1.0974210172615328e-06,2.3915530676225545e-05
52,0.000440681425021298,0.0014307729507794093,4.318056756082901e-06,0.004339542478236502,3.2783704437201617e-06,0.002061204302769779,0.08683340328298564,0.014996650374047713,8.858740275480902e-05,0.0001388630231715949,0.000181263545688859,0.001035457193748347,0.0011475679298892602,5.321018476990147e-06,0.0007778890801734955,0.05220241240200867,0.0069698679228104715,0.002016514770363789,0.8128937483524189,5.463493016532469e-07,0.0005819790890455365,0.011820394572432821,1.7990513835312812e-05,7.976803592592275e-07,1.0947912479976234e-05
53,0.0006203754104263455,0.0017035322646285274,4.686725878594277e-06,0.002791003102096741,8.94757898477722e-06,0.001572295481733228,0.41305769449781377,0.013096527142625216,9.639683233888135e-05,2.5249732568542986e-05,0.00038651479152917117,0.0045136480531046685,0.001313665760094466,6.133832891624135e-06,0.0006520176126118499,0.038999565686812364,0.013548067401141298,0.0010574221651566123,0.49286335954332483,3.504824992809309e-07,0.0012058688323565148,0.01242865730615943,2.182795088205792e-05,1.1851866356510264e-06,2.5006625705710644e-05
54,0.0007256545238037578,0.002479755680345826,6.137299725223352e-06,0.0036682802346541346,1.0458328902043984e-05,0.0016661662665891325,0.2817676699866372,0.014298302817577,9.685905126961536e-05,4.372475856517607e-05,0.0004306265314202183,0.003776423133046644,0.00153427510520734,7.679975622322846e-06,0.000733861605376508,0.04307457698895095,0.01817594853578313,0.001245277707402724,0.609312879276662,4.2631209253733507e-07,0.0014320877508847319,0.01546069789534844,2.4610597737939477e-05,1.433822341348004e-06,2.618581405421407e-05
55,0.0006930766429069242,0.0034804300611954507,7.594653005788653e-06,0.003659602211314896,8.055541617931042e-06,0.0017143842487687658,0.16514473691836987,0.017534977795290153,7.509904705577693e-05,8.73855741587402e-05,0.0004070906415283858,0.00212174463081203,0.0015170232557990182,9.521204843056914e-06,0.0008348859219700532,0.044927959296669734,0.02390600849995802,0.0012587340259748376,0.7116620552751599,5.012062496929582e-07,0.0017077010960728882,0.019192269718444233,2.423675827549234e-05,1.0537470315659523e-06,2.38720275269204e-05
56,0.0007416630450171483,0.002491218740194443,6.144950384160635e-06,0.003623005193899857,1.0352851212190167e-05,0.0016030338115025546,0.2861477229018996,0.014176020051791943,9.651066366973525e-05,4.236232259605968e-05,0.0004324151453636521,0.0038385592801060834,0.0016037525828639216,7.691537786080718e-06,0.0007120068797463577,0.041899216897229,0.017866906922280143,0.0012453195332705583,0.6062237143513627,4.2573109545250283e-07,0.0014474971153593072,0.0157331880530158,2.400979420312148e-05,1.45573348300872e-06,2.580591066715589e-05
57,0.0005012768614226761,0.002202732543928341,4.4112929532714704e-06,0.0025654065818061116,7.151158153134635e-06,0.0010271035978249125,0.24744696753591222,0.011274233374005127,6.570657345714689e-05,3.2159003102931325e-05,0.00033316771267557154,0.003174043667690743,0.001480940626764652,5.589566555634848e-06,0.0005597720028490185,0.040168509260947685,0.014734674800735018,0.0009122653738221287,0.6582726656282483,3.2845039420876366e-07,0.001365165980718282,0.013828489561826893,1.510247152043731e-05,1.149631655153257e-06,2.0986741030349704e-05
58,0.0006975238632621835,0.0023945586332709853,6.292233540177132e-06,0.003650718645962758,1.1712488941598703e-05,0.0015581808158878752,0.28836422972396564,0.01154045560157874,0.00010256733020300412,4.066303105790048e-05,0.0004180991258682446,0.0038035537730923595,0.001676453109198895,7.462711458411415e-06,0.0007247970055315034,0.04335924267927337,0.017519981737433164,0.0011915792178276298,0.6073089080334572,4.781678024522635e-07,0.0014984593939082098,0.014067806892427199,2.6518373649259068e-05,1.911633198302567e-06,2.7845778202991138e-05
59,0.0007485017127623913,0.0025883473593272944,7.782563704783106e-06,0.003763017256865709,1.2497717345192205e-05,0.0017087658789643211,0.2878092989249649,0.012871728802799324,0.00010902787854186825,4.93966276731337e-05,0.00043810977804924027,0.003854815307978245,0.0017169270442897392,8.864122561170218e-06,0.00071855164076234,0.047672460764643404,0.020041733132870297,0.0013430705367346813,0.5984488540386756,5.430107473395902e-07,0.0017244973983157165,0.014300294632428956,3.0202436456058693e-05,2.048063564689436e-06,3.066336897346824e-05
60,0.0007259313739560462,0.0024785165695953245,6.136911962175014e-06,0.0036687117367802087,1.0459791530322407e-05,0.0016662824465414243,0.2817845400353663,0.014297489803859238,9.682197865778162e-05,4.370540318572189e-05,0.0004307277706309387,0.0037744642391276118,0.001534451567899366,7.675838836776567e-06,0.0007333752739634479,0.043047249402091224,0.01817482616053227,0.0012459418404100774,0.6093313861965475,4.2619119352724987e-07,0.001432633602641692,0.015456035386600083,2.4615385332375787e-05,1.4336038664308801e-06,2.616148889213976e-05
61,0.000781754038284439,0.0024614856080784494,8.033660095471978e-06,0.003727095309533693,1.2727101349722553e-05,0.0017355715762662131,0.29357404015843225,0.012815504758193113,0.00011407690928229411,4.926655448553116e-05,0.00044257026127405197,0.0037474371302623245,0.0017331177389617208,8.928551389947284e-06,0.0006846693976354114,0.04510304637626017,0.019181724773034366,0.0014155527572198917,0.596581158610798,5.36093326064148e-07,0.0017839870587102475,0.013974898077066339,3.103809099422082e-05,2.0855189278425355e-06,2.969389013832145e-05
62,0.0007259313739560462,0.0024785165695953245,6.136911962175014e-06,0.0036687117367802087,1.0459791530322407e-05,0.0016662824465414243,0.2817845400353663,0.014297489803859238,9.682197865778162e-05,4.370540318572189e-05,0.0004307277706309387,0.0037744642391276118,0.001534451567899366,7.675838836776567e-06,0.0007333752739634479,0.043047249402091224,0.01817482616053227,0.0012459418404100774,0.6093313861965475,4.2619119352724987e-07,0.001432633602641692,0.015456035386600083,2.4615385332375787e-05,1.4336038664308801e-06,2.616148889213976e-05
63,0.000687953717126311,0.0028224345034834524,5.758719958526183e-06,0.0037039366714805826,9.864538803629215e-06,0.0015440667484558025,0.26149441140815005,0.014114426333062265,9.219028366228887e-05,4.534148382263939e-05,0.00041014227465677254,0.0037097847428521746,0.001527644006274485,7.704193876635465e-06,0.0007381225511784074,0.04279969443751787,0.018614007182135548,0.0011589321783063242,0.6288093645299205,4.072029632308024e-07,0.0013726255833676525,0.016281024753197267,2.2920588906732984e-05,1.3770704205763415e-06,2.58642964200497e-05
64,0.0007298681265952205,0.002383701607635487,7.116284925350123e-06,0.0031194914562525577,1.0868155525313919e-05,0.0014023065101824083,0.2902990441285646,0.01347693587048406,8.655154556728883e-05,4.096726478478144e-05,0.0004535623282459231,0.0035312651510546597,0.0015963504770362227,8.521676839194143e-06,0.0005856119706122816,0.03998608714674541,0.01985761927515255,0.0013916728277110044,0.605406627716226,4.3693835950281477e-07,0.0020125308880039193,0.013558773862771123,2.652743163007639e-05,1.5620996890116527e-06,2.5999259406001382e-05
65,0.000531458697590528,0.0006332021949081531,1.8169705399473901e-06,0.003406375348256523,7.013586340134072e-06,0.002210626049154921,0.2654699343372656,0.007566640142983623,3.042688341342007e-05,1.1169130074574214e-05,0.0003725210153973317,0.00206368262225711,0.0005876927908358324,1.0834091341265666e-06,0.0006747428786140015,0.026433323053409903,0.013645554819556198,0.0008976033695447979,0.6688201051547012,1.2632018586425828e-07,0.0007451653065256037,0.005855683891054531,2.4435591725252787e-05,6.202460865385234e-07,8.996190444448563e-06
66,0.0007237817084110429,0.002479909064123194,6.101562088837088e-06,0.0036724412953843114,1.0460849526895565e-05,0.0016711208755456335,0.2811271530470315,0.014253821531572751,9.690465171944495e-05,4.3665239248890735e-05,0.00043013634207388453,0.003771695173900559,0.0015238110635855452,7.66252325274626e-06,0.0007356448166284252,0.042959486610502536,0.018188359690718123,0.0012415831776987568,0.6101267132737082,4.2376362467429095e-07,0.00142852750619906,0.015448257794787633,2.4700072420985503e-05,1.4329704822236698e-06,2.620539576405199e-05
67,0.0007388351658144306,0.002477206720865576,6.612259439524635e-06,0.0037444352905157186,1.0653336706529584e-05,0.0016797221145872167,0.281626549848783,0.014378711357400856,9.579699265215783e-05,4.5512542760320826e-05,0.0004318328493597724,0.0037179694416399484,0.0015763917461069834,7.933082287493334e-06,0.0007164960682779285,0.04449483975829603,0.018979832246875165,0.0013217704186857951,0.6074929034460993,4.5533597404080577e-07,0.0015252279877822684,0.014876102758093751,2.6377200717244568e-05,1.50807530462623e-06,2.6323954974247533e-05
68,0.0006986461222992352,0.0027668098966111446,4.1254253227914164e-05,0.007918315170097558,5.679799050238461e-05,0.00528798147868667,0.5828120180320655,0.01009832364560961,0.0009042578628875056,0.0001795968599805876,0.00043333851819856144,0.009099838132096088,0.0023699680298736874,6.053430211645421e-05,0.0011146871965831348,0.07103791144537526,0.01761907745675608,0.0022247470552452407,0.27416197158213507,3.2725828181855315e-06,0.0023227937016987985,0.008481523911908009,0.00015146926165339502,1.2781497372263008e-05,0.00014208401420161862
69,0.0007273685366667897,0.0024857632610195057,6.096704144728103e-06,0.0036760967581944658,1.0470257797159836e-05,0.0016676058449995902,0.2813870536660694,0.014261632948559269,9.676578906407418e-05,4.353059192067289e-05,0.0004313198160675631,0.0037799503917189427,0.0015318870579569095,7.629565865167728e-06,0.0007369286721469963,0.042922132725111604,0.018182715936164225,0.0012371391714882018,0.6098078268779473,4.229963782285483e-07,0.0014220711381628744,0.015525511629171792,2.4507101754817484e-05,1.4294404414642699e-06,2.6143121188202198e-05
70,0.0010285303736394923,0.0027165748617306884,9.033988618001465e-06,0.009953895338583398,4.050188620151582e-05,0.0027579194309360925,0.5189048395393443,0.01686163293182092,0.00024570630633947017,3.5860441111457825e-05,0.0007308729350452163,0.006635320026780159,0.0019008060591392871,1.3758289406847407e-05,0.0012998497894239347,0.02304618017612513,0.01430142406621611,0.0011448149707325253,0.38127861718714257,5.950778967739149e-07,0.001248815727721903,0.01576695362523405,4.0440039953445255e-05,2.0326267646029692e-06,3.5024304092145896e-05
71,0.0008194061358692355,0.0024118116448673408,5.646512799538831e-06,0.0038705007570295274,9.191666924266488e-06,0.0017939172969608337,0.2579251614651293,0.014010593657573187,8.478904454867516e-05,4.1031514223554065e-05,0.0004390362531076349,0.0037422448347347245,0.0014926016791690637,6.085977128173431e-06,0.0008078403994682597,0.04263348717824621,0.0190764948102453,0.0011267347979555475,0.6319944800762138,3.5487274179433325e-07,0.001208581264053628,0.016451256205468764,2.3206203772802625e-05,1.2947692686930476e-06,2.425098250008194e-05
72,0.0013407633301411714,0.004169294336144754,1.0807942448115581e-05,0.006302234887498335,2.7705097014425207e-05,0.0016948841401570466,0.22976817721897397,0.017181668882327878,0.00014802880502401238,6.277794617331289e-05,0.0009184879588036629,0.005018773811200494,0.0018327504944258622,1.9815758149858637e-05,0.0008029072843537876,0.033493089448124,0.03239420214336592,0.0022456370948989554,0.6400432338804378,5.583038747626608e-07,0.0027990958728284407,0.019625010995009035,5.419757320239641e-05,3.072834597467353e-06,4.2823960824576856e-05
