,0,1,2,3,4,5,6,7,8,9,10,11,12,13,14,15,16,17,18,19,20,21,22,23,24
0,1.5367891348730248e-06,0.00011398659656175093,0.001817529933218089,0.0009730587565521446,2.794528092034833e-05,0.00017182443402956001,0.16672301397365852,0.37184494530254736,0.02806495632985706,0.00013661267016038578,0.000971468622845735,0.018569125305578228,1.096067559831922e-06,3.0095042220447413e-05,0.03595964316121713,0.35764740728805106,3.5783428636349985e-07,1.9436668877817386e-05,0.006296559399883429,1.7051020992451073e-06,0.0028525039305150857,0.007729575989506003,2.84159712968906e-06,2.3171926258211325e-05,1.9601997331533474e-05
1,1.2660919526686995e-06,0.00011617860248436329,0.0013324752657212057,0.0011174398089844133,3.730660969169435e-05,0.00016875430871670687,0.16561982615482554,0.4266638578465022,0.024585469993848915,0.00011043452094673363,0.0017037703502376883,0.020272506144877356,1.1230302489840197e-06,4.590145584575317e-05,0.03806443529983593,0.2998704031627963,5.637448190156757e-07,1.9951634294727262e-05,0.006315207703566048,1.963064725192855e-06,0.0031918425459147703,0.010709681721205296,4.3310744392246425e-06,2.493220846309551e-05,2.0377655056137573e-05
2,1.5273372158522837e-06,0.0001024163508716853,0.0016090317804723733,0.0006329157710799129,3.8068573532303215e-05,0.00016294145091198367,0.16158397788257725,0.33972831394139863,0.027616449053083844,0.00011088182157582977,0.0009606369480390733,0.013976720378124618,9.529840946893971e-07,2.60995876981886e-05,0.04811390883828892,0.39112277768544623,3.1571928191163695e-07,1.5628004522912173e-05,0.005795742123759856,1.7251945067059264e-06,0.002262504167630389,0.006096467250027032,2.349524180186275e-06,1.7850786874468497e-05,1.9796844805124573e-05
3,1.4821112368550125e-06,0.00010004221434011878,0.0017466617270206312,0.000812985884072833,2.9647280491773135e-05,0.00018767570554140142,0.1412019485493816,0.3582302811879945,0.0292999744731369,0.00011579641654155949,0.0009875102255650751,0.015425833472085263,1.1249143578846676e-06,2.5751403871396763e-05,0.03696476892009085,0.3982630916705205,3.7607790517276146e-07,1.8246232568936322e-05,0.006667866006401131,1.7009298273410925e-06,0.0027977754527621717,0.007076977871064954,2.4659658691063487e-06,2.2910117088876954e-05,1.710519026314836e-05
4,1.5794208451328808e-06,0.00010478076756140928,0.0018103692695993487,0.0009097323371530548,3.0345514823233745e-05,0.00019592870506763755,0.14575103059838743,0.3495479727643354,0.0312058510543934,0.00012203718578082909,0.0010213038853635172,0.01781181730945942,1.3665717305387135e-06,2.8660687440849308e-05,0.037183385274635876,0.39646021546369703,4.267523427159409e-07,2.0128976473682797e-05,0.006814773422632,1.8430017925571132e-06,0.0030896359833815466,0.007839739245287195,2.753323450078546e-06,2.5162837613026794e-05,1.9159646752971342e-05
5,1.619871630483934e-06,0.00010264350086032353,0.001831564351024383,0.0010556484123028845,2.6205826976657706e-05,0.00019196498490818505,0.1406492881203484,0.3556377953452858,0.030453883192900995,0.00013189907001894048,0.0009922507869074431,0.018848796450460205,1.3633808923289947e-06,2.9260953257083737e-05,0.034608146999323325,0.39710501153958394,4.388607121690558e-07,2.3741141854513855e-05,0.00653624621197934,1.9578440643924607e-06,0.0032464472228580644,0.008474356364269832,2.73118639674727e-06,2.7618253522166695e-05,1.9120127661528816e-05
6,1.4821112368550125e-06,0.00010004221434011878,0.0017466617270206312,0.000812985884072833,2.9647280491773135e-05,0.00018767570554140142,0.1412019485493816,0.3582302811879945,0.0292999744731369,0.00011579641654155949,0.0009875102255650751,0.015425833472085263,1.1249143578846676e-06,2.5751403871396763e-05,0.03696476892009085,0.3982630916705205,3.7607790517276146e-07,1.8246232568936322e-05,0.006667866006401131,1.7009298273410925e-06,0.0027977754527621717,0.007076977871064954,2.4659658691063487e-06,2.2910117088876954e-05,1.710519026314836e-05
7,2.9976488896703145e-06,0.00012925982727871158,0.002886603508532862,0.0007540762472981323,3.137460092400041e-05,0.00022478687173857194,0.14805345789688906,0.4031130357848599,0.031467429020528376,0.0001363804516590655,0.0008663399100787641,0.014196247467585894,1.2910282834385447e-06,1.8566702145072748e-05,0.028795387890902163,0.35200146055673204,3.2285071888714813e-07,1.944884867982109e-05,0.010085758495460083,1.540278850878099e-06,0.002330169504169001,0.004831689297831276,2.6354842044895506e-06,3.40969892730644e-05,1.564283648667631e-05
8,1.925022350274746e-06,0.00017834353385249986,0.00261398303919929,0.0013092097413271563,3.378064180902902e-05,0.00020125754911947115,0.18485795173567757,0.41149989808084425,0.02621917035780083,0.00017295819178675162,0.001024307432514964,0.019026743339246994,1.1807475004475353e-06,3.619762672179866e-05,0.026138901798695238,0.31296303612879733,2.9626666868330786e-07,1.4001375948618599e-05,0.006807050444699034,2.289196602307194e-06,0.0022476173534322274,0.0045948912349715685,4.84391384810534e-06,3.0917871307412134e-05,1.924737527810838e-05
9,1.4997988280200872e-06,0.00013744198264368897,0.002706803563212458,0.0014806997236644134,2.4878344919578743e-05,0.0002038495442269548,0.17073758066655637,0.33807452118765247,0.0314459855417863,0.00018139282132378185,0.0008079137779477743,0.021704046070915906,1.4222206422743026e-06,3.068176256197289e-05,0.028859907916545552,0.38868957727339487,3.2364431719165465e-07,1.8118255026825384e-05,0.0054545428453672724,2.3765525909969146e-06,0.003535538708317548,0.0058479474328494395,3.485617455228487e-06,2.8536904379612427e-05,2.0927842873554384e-05
10,1.4821112368550125e-06,0.00010004221434011878,0.0017466617270206312,0.000812985884072833,2.9647280491773135e-05,0.00018767570554140142,0.1412019485493816,0.3582302811879945,0.0292999744731369,0.00011579641654155949,0.0009875102255650751,0.015425833472085263,1.1249143578846676e-06,2.5751403871396763e-05,0.03696476892009085,0.3982630916705205,3.7607790517276146e-07,1.8246232568936322e-05,0.006667866006401131,1.7009298273410925e-06,0.0027977754527621717,0.007076977871064954,2.4659658691063487e-06,2.2910117088876954e-05,1.710519026314836e-05
11,1.5404508083966577e-06,0.00010028021259362281,0.00180835717373639,0.0008486468847492949,3.0780933755488695e-05,0.00019169686315621704,0.14317460443887156,0.3520331311129459,0.029894873055849754,0.0001189734485786493,0.0009925942547520292,0.016311238115223056,1.297385037107112e-06,2.6279705547394868e-05,0.03634798459755584,0.40132810381397577,4.043150930267319e-07,1.8962497855139193e-05,0.006647828740895827,1.8349161457676941e-06,0.0029224827800131926,0.007153071633264658,2.6351142333993886e-06,2.4478408719256514e-05,1.7919146643304754e-05
12,2.4083335047867923e-06,0.0003712842562590823,0.0007112507857314983,0.002101936218333124,8.964843073423797e-05,0.0003181269444121691,0.14661130967086133,0.22570127580656377,0.03539661573477933,0.00040895144718854396,0.0008560979306485747,0.017678959386785875,1.7799854111974087e-06,0.0002209711932788991,0.02837680101594543,0.5124208217259133,2.2842176031307083e-06,6.315322904412068e-05,0.005011196017168173,5.503408315595681e-06,0.00790775072155987,0.01564996494952059,7.203872069836332e-06,1.8740821998365625e-05,6.596389636915814e-05
13,6.394410541276585e-07,7.766322418744391e-05,0.0009949139645101922,0.0011526507425951512,2.6790501116072665e-05,0.00010791727427252527,0.13202435866087966,0.5443977027410705,0.018411185352464905,5.420932188563804e-05,0.002440033583246129,0.02625338381652903,8.990058969370404e-07,5.5042056713036935e-05,0.034181086999502244,0.22318504397179276,3.709099501790418e-07,1.2603940061765482e-05,0.004116916988006502,1.4013034479547797e-06,0.0024031068036990694,0.0100659159119266,4.551219602578287e-06,1.7840241903783895e-05,1.3772023685190326e-05
14,1.2401352074021699e-06,5.2663855443394744e-05,0.002286275231864019,0.0009087464681370258,1.5219040173809984e-05,0.00017447327607828387,0.09579603031615222,0.3095552236750332,0.04023283661232474,7.146921637266449e-05,0.0006567843302259208,0.02122991004731045,1.66045796230479e-06,1.4493816593837732e-05,0.03599831164066538,0.4758683089962541,3.4075449117162626e-07,1.9545063939052895e-05,0.005230867305181422,1.3735109128746406e-06,0.003909672177631426,0.007935578568733353,1.5019423321222902e-06,2.278382124092771e-05,1.4689739738753242e-05
15,1.4821112368550125e-06,0.00010004221434011878,0.0017466617270206312,0.000812985884072833,2.9647280491773135e-05,0.00018767570554140142,0.1412019485493816,0.3582302811879945,0.0292999744731369,0.00011579641654155949,0.0009875102255650751,0.015425833472085263,1.1249143578846676e-06,2.5751403871396763e-05,0.03696476892009085,0.3982630916705205,3.7607790517276146e-07,1.8246232568936322e-05,0.006667866006401131,1.7009298273410925e-06,0.0027977754527621717,0.007076977871064954,2.4659658691063487e-06,2.2910117088876954e-05,1.710519026314836e-05
16,3.839695404608364e-06,8.691885173141131e-05,0.0036034718435905854,0.0007058248910522801,7.60972849564927e-05,0.0006165948742374815,0.032037929977785456,0.19881046607816721,0.05526790523978109,1.2520851403771512e-05,0.0020675601186019945,0.0018567395950293583,6.879306287670475e-07,5.950312170967032e-06,0.011554272830680678,0.6862673478329065,1.7106240972267507e-07,4.702123760779679e-06,0.0061987900671909,1.0679134301925174e-06,0.00031546843361260574,0.00042247120878785967,1.4292263106259615e-06,7.937717441340085e-05,2.394581955226746e-06
17,1.0569135382348765e-06,9.598333165184854e-05,0.0012081461662926563,0.0011079378466440104,3.292085737912645e-05,0.00014323576991631955,0.1498839475114185,0.4084662453530391,0.022469121082217994,0.0001224437909061798,0.0012350885269091863,0.021220944379915906,1.4066850108542734e-06,4.537614119672961e-05,0.03335978817373144,0.34148716304213295,6.036722594360941e-07,1.9980026063220272e-05,0.00495925972145928,2.37352876655083e-06,0.0032732780208201318,0.010818104615087898,4.2273249615967385e-06,2.052709442171076e-05,2.084042425938824e-05
18,1.6403553057926566e-06,0.00012194505413679115,0.0013299992565814975,0.0009966571896961192,3.6421224903636814e-05,0.00017259905891051325,0.17171083012197996,0.30819473029299865,0.03055514389522176,0.00017897685298582367,0.0008300873886188606,0.021919773632759165,1.5251882754688606e-06,4.3519745649396185e-05,0.03995060696064385,0.4014033831763213,6.672471391782597e-07,3.074277371253239e-05,0.005804740361805565,2.337204542974183e-06,0.004698199307930891,0.011960841721640714,3.2777223117950147e-06,2.008093939480347e-05,3.127332653294043e-05
19,1.4245664572074389e-06,0.00010036762160437779,0.0018344807634635824,0.0008719439078586067,2.8140734990705432e-05,0.0001702218149671422,0.1571431020723661,0.3524034517588511,0.03009114365356508,0.00011824950430929117,0.0009283602047097323,0.01787290134839382,1.180869547319656e-06,2.5542769954326713e-05,0.03732491038925367,0.38454795095910216,3.5782606008094344e-07,1.8122842298713223e-05,0.006118987182868904,1.6465717241908884e-06,0.0029420073130041204,0.007412829397284455,2.4904407439743738e-06,2.1865328444058258e-05,1.8320158177136703e-05
20,9.850734048227555e-07,6.59999457142324e-05,0.0014611440415241296,0.0006899794213686082,2.008205197008212e-05,0.00012156020797561046,0.12840992190355643,0.42953170903483606,0.021396471661636277,8.870937777780462e-05,0.0009213308440857642,0.015454126094760098,7.785737709274822e-07,2.230821232781509e-05,0.046155665166883485,0.33968773963108523,3.053219906445532e-07,1.690653452760318e-05,0.004741554054342806,1.2155967794503267e-06,0.0024869373765385077,0.008693856747710582,1.8594491358622687e-06,1.3156101878652584e-05,1.5697574418367586e-05
21,1.349510316751495e-06,8.801295787912287e-05,0.0015213288033841014,0.00047619948076071424,6.198295431474083e-05,0.00014439825330084746,0.16986787618812896,0.44422213096895286,0.02018035356984148,7.36784846794111e-05,0.001695861505894258,0.01082638099557971,9.980462203379826e-07,1.228803278668035e-05,0.05518534474570722,0.27233064331379314,8.847084957010868e-07,1.1168279414783193e-05,0.010710763567766983,1.7862891280380325e-06,0.0033900369852690733,0.009153793484019873,3.958492186632163e-06,2.1797802404433426e-05,1.698257977418116e-05
22,1.8824842431061412e-06,9.015096553961228e-05,0.0015979916666513092,0.0007733924805413485,2.6356810180287096e-05,0.00021923308806832725,0.09986568917078177,0.3647588288350883,0.028832298304739067,0.000114861068718772,0.0010668346783958473,0.012068655809132859,1.0659783331364768e-06,2.4756541891686977e-05,0.03832354662768582,0.43158954137108646,5.553610242427406e-07,2.8381386518047147e-05,0.007835620794523136,1.7213018753393147e-06,0.0029086470498826235,0.009825647678533597,2.052231377957331e-06,2.6225181389017048e-05,1.6063133798100283e-05
23,1.4821112368550125e-06,0.00010004221434011878,0.0017466617270206312,0.000812985884072833,2.9647280491773135e-05,0.00018767570554140142,0.1412019485493816,0.3582302811879945,0.0292999744731369,0.00011579641654155949,0.0009875102255650751,0.015425833472085263,1.1249143578846676e-06,2.5751403871396763e-05,0.03696476892009085,0.3982630916705205,3.7607790517276146e-07,1.8246232568936322e-05,0.006667866006401131,1.7009298273410925e-06,0.0027977754527621717,0.007076977871064954,2.4659658691063487e-06,2.2910117088876954e-05,1.710519026314836e-05
24,1.6844276626072035e-06,0.00013159947769488908,0.001667590328905482,0.0010359176193586357,3.0923067319259307e-05,0.00021547928912506037,0.13881375639783355,0.3747629576489464,0.027867550734881858,0.00015355392345859303,0.0010768382925534189,0.015741838256554296,1.2019208417418488e-06,3.973771543404422e-05,0.0304253703319208,0.39093920753847816,4.3069872931504846e-07,2.1348641177025613e-05,0.007129534536701348,2.1204250160790656e-06,0.002548366801467617,0.007344695173364992,3.2356280260885414e-06,2.6977925929780907e-05,1.808319861903193e-05
25,7.412596885574707e-07,7.163913320947688e-05,0.001007977455651231,0.0008629423077183299,2.483700867970443e-05,0.00013319528534118055,0.10892412284690287,0.5652776889373725,0.01497737959583116,7.282142716702248e-05,0.0015218287818103144,0.01140236417337846,5.809457317449857e-07,4.008537835937297e-05,0.023151104031439645,0.26108655713033746,2.8721199991556065e-07,1.2740773789609197e-05,0.004104065174601047,1.280850357590532e-06,0.0016209060887030476,0.005677242332443487,2.9252997432205917e-06,1.537429756847469e-05,9.312272174460726e-06
26,3.4875354320209207e-06,0.00013788436651031102,0.002712469603222699,0.0010361923869207472,4.1140467636356514e-05,0.0003414304996742558,0.10544573384342433,0.2936546670858106,0.04557796032368279,0.00012217428871659554,0.0012092949777659872,0.014857513299954812,2.3944013753964605e-06,2.054092751535959e-05,0.023455144816852083,0.48926585108314635,6.662831174074458e-07,2.591157274809236e-05,0.012313555395594674,2.8136880099723577e-06,0.0035349937621638994,0.006143854108647335,3.434930344934107e-06,7.604341904670312e-05,1.4846932686353283e-05
27,1.3118300253508568e-06,8.827433695744829e-05,0.001584969408033517,0.0007876161349449157,2.58162104687834e-05,0.00016644264614595978,0.12809595791166156,0.37851582439720094,0.027283553423885307,0.00010416079944062534,0.0010096502404067715,0.015273031867880078,1.0027699843823821e-06,2.544014040785095e-05,0.039142983235945276,0.3906149653028932,3.816700137706773e-07,1.8681271527434142e-05,0.0061864959685167245,1.5677644048649861e-06,0.00275248926070808,0.00828081379460051,2.2568563402736166e-06,2.0143540140149242e-05,1.616921746620431e-05
28,1.4821112368550125e-06,0.00010004221434011878,0.0017466617270206312,0.000812985884072833,2.9647280491773135e-05,0.00018767570554140142,0.1412019485493816,0.3582302811879945,0.0292999744731369,0.00011579641654155949,0.0009875102255650751,0.015425833472085263,1.1249143578846676e-06,2.5751403871396763e-05,0.03696476892009085,0.3982630916705205,3.7607790517276146e-07,1.8246232568936322e-05,0.006667866006401131,1.7009298273410925e-06,0.0027977754527621717,0.007076977871064954,2.4659658691063487e-06,2.2910117088876954e-05,1.710519026314836e-05
29,1.4821112368550125e-06,0.00010004221434011878,0.0017466617270206312,0.000812985884072833,2.9647280491773135e-05,0.00018767570554140142,0.1412019485493816,0.3582302811879945,0.0292999744731369,0.00011579641654155949,0.0009875102255650751,0.015425833472085263,1.1249143578846676e-06,2.5751403871396763e-05,0.03696476892009085,0.3982630916705205,3.7607790517276146e-07,1.8246232568936322e-05,0.006667866006401131,1.7009298273410925e-06,0.0027977754527621717,0.007076977871064954,2.4659658691063487e-06,2.2910117088876954e-05,1.710519026314836e-05
30,1.4821112368550125e-06,0.00010004221434011878,0.0017466617270206312,0.000812985884072833,2.9647280491773135e-05,0.00018767570554140142,0.1412019485493816,0.3582302811879945,0.0292999744731369,0.00011579641654155949,0.0009875102255650751,0.015425833472085263,1.1249143578846676e-06,2.5751403871396763e-05,0.03696476892009085,0.3982630916705205,3.7607790517276146e-07,1.8246232568936322e-05,0.006667866006401131,1.7009298273410925e-06,0.0027977754527621717,0.007076977871064954,2.4659658691063487e-06,2.2910117088876954e-05,1.710519026314836e-05
31,2.0370341880189664e-06,0.0001044956672732094,0.0021405700488902825,0.0007040516102203511,2.604312593828772e-05,0.0001635079403410602,0.14348878419018668,0.4762568427641194,0.023038185769443248,0.00013231842541822246,0.000781609137681014,0.011858544332806035,8.686898534207225e-07,2.0993089260871054e-05,0.028614420017812593,0.2980098422050068,2.956272367388699e-07,1.8022281488857344e-05,0.007275098281776627,1.3652188223598539e-06,0.0020542191334458385,0.005270813506125665,2.3763036466418095e-06,2.0290560039924145e-05,1.4405038977855488e-05
32,1.617660616149985e-06,0.00010348304072158574,0.0017985957266773724,0.0007684570814493483,2.9912543658182428e-05,0.00019435323312940903,0.13958357452050696,0.3645598862732381,0.029468250626621416,0.0001198172158223786,0.000989293949557228,0.015124583944802582,1.1457799473786118e-06,2.506175087722959e-05,0.03732252989759672,0.39239853558935833,3.869642188307428e-07,1.890602604194278e-05,0.007459843352214934,1.678447310280941e-06,0.0028170324063915893,0.0071696279475513,2.4739330368369678e-06,2.3787574414294356e-05,1.716451423965211e-05
33,1.954841132227286e-06,0.00011521143833245295,0.0024233440981442996,0.0007135658857822056,2.9490918863715957e-05,0.0001661288593327536,0.1842514321047077,0.2880703215560072,0.04188617865892416,0.00010364780793481912,0.0007773324197849824,0.019215492048420622,9.680259196998982e-07,1.7695941626896884e-05,0.05567237737476079,0.390677279792,2.4276483810557775e-07,1.712796241314412e-05,0.006579451259128118,1.2885369944677748e-06,0.0030526965154066494,0.006182552786554617,1.7406643758875116e-06,2.0088036197666648e-05,2.238970241677818e-05
34,6.984012968522566e-06,0.00021780306474341349,0.0040500253583408636,0.0005471233337622245,3.826410142120908e-05,0.0003380547275911466,0.13448624039915466,0.30934597379819345,0.08678161930476959,8.125993044565203e-05,0.0011868108582795,0.017825221876610457,1.3952740429386807e-06,1.4973322478338685e-05,0.04548422068132296,0.3644847650269349,3.207051639158126e-07,2.526553176940443e-05,0.025502348462575708,8.861115206588508e-07,0.003285388452534218,0.006224259650183449,1.6969326939361604e-06,5.267493671850193e-05,1.6424145780343052e-05
35,1.3613703257363268e-06,0.00010091953616966245,0.0016755784764445367,0.0008213706718677117,3.1256105449368096e-05,0.00019408616881993822,0.1385371084648471,0.350491722854046,0.028272481408434823,0.00011549709093010685,0.001044626290784372,0.015181108342989318,1.1521530010179893e-06,2.7446536924095806e-05,0.0378497361077628,0.4093519099398868,3.884414452655726e-07,1.7003943902487638e-05,0.0065284282832008085,1.827021910878609e-06,0.002766978382361385,0.006945345831183297,2.6405123876439836e-06,2.275562566623042e-05,1.7270439258688002e-05
36,2.1411564750079025e-06,0.000190134151408829,0.0022671225112615902,0.0011406747661979247,5.790512519761841e-05,0.0003841860400846107,0.15918891072975205,0.27772854557154314,0.03883731867049011,0.00018761140695140963,0.0012787363345393564,0.011170653022043162,1.317967663651675e-06,3.388041591616112e-05,0.030605632968731398,0.4580094645774348,5.723942980143512e-07,2.257677163344102e-05,0.008856711920492089,3.263717665492048e-06,0.004785997782823577,0.005176521103490853,3.861498919157648e-06,4.649529548628511e-05,1.976409950029311e-05
37,2.898974910670946e-06,0.00014090465980389378,0.0025360897350631445,0.0010820668059711895,3.0071465534213847e-05,0.00020449559163484147,0.16705446243749447,0.3636391781970674,0.034401394133366965,0.0001625418068429723,0.000960033060652072,0.019313444579140658,1.5312561077273002e-06,2.3255076440729255e-05,0.02729004262874442,0.36264620632064154,4.456718324364966e-07,2.7506499180860246e-05,0.00934698626650583,1.98661503815817e-06,0.0033263329546840384,0.0077409628074936255,3.1806382767725563e-06,4.5411397227606917e-05,1.857042034377812e-05
38,1.4943320074567634e-06,0.0001002184073892818,0.0017539903438205258,0.0008064495082746762,2.974899069600357e-05,0.00018869583030745824,0.14136624749013169,0.3566016447218794,0.029403084124119176,0.00011594061562803315,0.0009816166150594223,0.015332643619681847,1.1231890958992128e-06,2.5572295851146456e-05,0.03709091142519352,0.39965130355832557,3.7316590939486964e-07,1.821628365504081e-05,0.0066936372020906165,1.692870156966083e-06,0.0027841986456723527,0.007008723363701722,2.4461015592546135e-06,2.2905031810190904e-05,1.712226798335138e-05
39,1.9021296330845762e-06,0.00019697823734883362,0.0016729860115485195,0.0011138150109661813,3.975265502088898e-05,0.00015773879484128075,0.203642326405786,0.34432228481525645,0.034800432505420094,0.00012699771473507704,0.0013472805733414739,0.021506626928855563,8.521398811674837e-07,4.674894436430388e-05,0.04207037608911243,0.33169625045021334,3.3158757483430597e-07,1.883565366036473e-05,0.006326098321984499,1.7334179287010399e-06,0.002416211926762861,0.008442927687696914,3.4060864550003147e-06,2.431427175786161e-05,2.2791639854343655e-05
40,1.7615626878428512e-06,0.00013137475289964909,0.0021621079255559205,0.0008108988868574428,3.1781909069926194e-05,0.00017614999501467562,0.18476172974191607,0.30659938065559045,0.04039470743959249,0.00010502350983487823,0.0010050772887434287,0.02371859523412175,1.1768510702868882e-06,2.839913797588979e-05,0.05629095436120843,0.36588074194416587,2.986294543514327e-07,1.6963847243650024e-05,0.006879718177768972,1.3407089090602763e-06,0.0029913655266499196,0.007963400707444506,2.382965035025687e-06,1.994730012160524e-05,2.472094106795373e-05
41,1.4328616183580283e-06,0.00010620576547627249,0.0016822381613624017,0.0009061919964942174,2.682384875083391e-05,0.00019551113002387428,0.1387107273814045,0.3867623191336979,0.02727377135112218,0.00013464710596494401,0.001054188307771141,0.01670049901098754,1.1510042859055312e-06,3.0126422915725094e-05,0.03449244424089878,0.37276328489566024,4.310028516418386e-07,2.0379750488345608e-05,0.0075032339337492045,1.7992328542254912e-06,0.0031622504988939055,0.008425222634068676,2.8693119819143504e-06,2.4687621735855426e-05,1.7563394941542094e-05
42,1.158631092648844e-06,6.618731219856616e-05,0.0016323789730812162,0.0006842534141583142,1.9298396138926363e-05,0.0001699381264339567,0.10395667448995466,0.38693453831111285,0.02349988841599194,0.0001075812137967459,0.0008130090152297184,0.014144913260560341,1.1867263963014292e-06,1.8385906733239325e-05,0.03417962592650948,0.4163828708694943,3.802433905571405e-07,1.7868179496426927e-05,0.006894923528481162,1.5517332144867815e-06,0.0027961534315200077,0.007641242228984523,1.9931221353853457e-06,2.0319527964007684e-05,1.3679015930308075e-05
43,1.3325662538002838e-06,8.848557508800146e-05,0.0016424275356991807,0.0007520986340181151,2.6760072740581097e-05,0.0002099534406502379,0.1263615830604726,0.359926884090576,0.025209920341884556,0.00015091916425094434,0.000841169770767963,0.012788816153645587,1.1926126659022783e-06,2.576822072599154e-05,0.03299248287817945,0.42132975323378036,4.4061183725027745e-07,2.0787506833164674e-05,0.006893394769538866,1.9318077613001914e-06,0.0032665410632219016,0.00742617341560393,2.423965892502123e-06,2.210316928589281e-05,1.6656338626090833e-05
44,1.4821112368550125e-06,0.00010004221434011878,0.0017466617270206312,0.000812985884072833,2.9647280491773135e-05,0.00018767570554140142,0.1412019485493816,0.3582302811879945,0.0292999744731369,0.00011579641654155949,0.0009875102255650751,0.015425833472085263,1.1249143578846676e-06,2.5751403871396763e-05,0.03696476892009085,0.3982630916705205,3.7607790517276146e-07,1.8246232568936322e-05,0.006667866006401131,1.7009298273410925e-06,0.0027977754527621717,0.007076977871064954,2.4659658691063487e-06,2.2910117088876954e-05,1.710519026314836e-05
45,2.562253256109629e-06,0.0002655959960710476,0.0018355142464891792,0.00152809989596732,4.823005811578337e-05,0.00025675803638290824,0.19149837845483417,0.3097562689411877,0.043060961095839095,0.00025271465746679934,0.0011172575888730967,0.027555552674171216,1.920869965243101e-06,6.656787049700944e-05,0.02980510549561024,0.36407764175154195,8.800079173812172e-07,3.3863303338077446e-05,0.009824768935644107,3.2323397806121726e-06,0.006593475249358461,0.012335848065806893,6.069735242201722e-06,3.810129839267022e-05,3.463117825089638e-05
46,1.0853137414129535e-06,6.793442034223275e-05,0.001334429399840479,0.0011796380941737172,2.1877381707060044e-05,0.00024288549950060378,0.06972807754003615,0.39996681392743744,0.0207940869452592,0.00012055547862416249,0.0013022333188463775,0.014743052357341803,2.229257504496072e-06,3.080205326916294e-05,0.026011681117274546,0.4390311074813685,1.193203816752068e-06,2.498829298184766e-05,0.007986962898630195,3.020667869748216e-06,0.0038474726902053774,0.013504772600749981,4.0365138794997396e-06,3.450595000653027e-05,1.4557595592852826e-05
47,2.021792134992286e-06,8.437582637707822e-05,0.0019588495581338464,0.000675623007829871,2.3582437478526755e-05,0.00016504117046126947,0.13596838170459494,0.26000841885129405,0.03876432228309982,0.00011995286275122037,0.0006497001715696802,0.021090994527717,1.8299574123630823e-06,1.5713937502328454e-05,0.04183562720192784,0.4778720893983046,4.1879210077205444e-07,2.3120401004189573e-05,0.00796203477010367,1.6822908682825965e-06,0.00332476044328119,0.009401167540507259,1.8355000804385648e-06,2.748842044156499e-05,2.096715302328575e-05
48,1.3958904964855465e-06,9.129252194357632e-05,0.0017530594377152403,0.0008200691792854863,2.8835278399913526e-05,0.00017138262142872289,0.1444916554254236,0.34745329070869674,0.029985953617297598,0.00010618406792546221,0.0009389599687335909,0.016215826803536896,1.107184706947374e-06,2.4552586323009554e-05,0.03933905048262744,0.4030533854392053,3.4780673612046906e-07,1.790211521894537e-05,0.0056852137766102255,1.661194770263467e-06,0.0027978089189950655,0.006980208309063098,2.275856535012825e-06,2.097509742534676e-05,1.7605710899878476e-05
49,1.4411328217040972e-06,0.00010038605644175879,0.001988458975170331,0.0010242887968374642,2.4998121264334908e-05,0.00018952051473586883,0.14050125833660515,0.3591026964158876,0.030177865038749686,0.00012667290086580265,0.0009623375785539616,0.019884158971300168,1.3563616111570412e-06,2.827722415941455e-05,0.03643193610536188,0.39163528084608645,3.978556315327537e-07,2.0064352413921724e-05,0.006311380818790145,1.8604235047675886e-06,0.0033241140360079405,0.008114386106077853,2.7954198082954237e-06,2.485846026003926e-05,1.9209151052783476e-05
50,1.1007394793470852e-06,0.00010133213859429678,0.0013776404921723563,0.0005756564630118791,2.9349229743375304e-05,0.0001115823178729808,0.24160345008066292,0.4428655817979753,0.014193829476570953,0.00019292312227354977,0.0006833251671989921,0.013985210643825328,6.877331343847538e-07,2.9818903813039806e-05,0.034251935113799106,0.23699623101783598,2.4099669102127685e-07,1.2812542542285942e-05,0.005218253992247763,1.3359202778891508e-06,0.0019607777233056328,0.00577184955317643,3.0915201790597594e-06,1.1283419100155457e-05,2.0699894516110363e-05
51,2.359425322150242e-06,0.00027163773745408204,0.002087164620830011,0.0016357662397849797,1.896127903045991e-05,0.0001613725834169025,0.16796974996775857,0.4850532452421935,0.032512223209961846,0.0001666794959158393,0.0013010320909605212,0.02335670721196932,5.522667825690235e-07,6.096248847852229e-05,0.03900121723001706,0.22110606749372708,3.5541657158426696e-07,2.9159813971133452e-05,0.00866840930276592,1.1505146309233419e-06,0.0025905411405108677,0.013958135389419883,3.223091797551675e-06,2.0609034590208107e-05,2.271771213845487e-05
52,1.2464088849429879e-06,3.9681315140876775e-05,0.0009004052702623728,0.0003987072414658879,1.772956373822732e-05,0.00024328899913687608,0.04978370496765762,0.28929120364164895,0.02239671271042375,7.019337371980082e-05,0.0007428282298545464,0.005146966384369758,6.133467898959638e-07,1.953335184228583e-05,0.03874420423095512,0.5793726876326959,3.205748759599533e-07,2.81157803286012e-05,0.004991142333545044,1.039254918921352e-06,0.001632585894460352,0.006152523157744936,6.836235641484169e-07,1.4464478463093117e-05,9.418233512287837e-06
53,3.0129422535523297e-06,0.00013929283288389302,0.002099516512044353,0.0009840402592862475,2.2083450449098728e-05,0.00045472877876575474,0.05666233027641236,0.3085463934178215,0.042537561790132766,0.00014725318314889958,0.0010287852448783567,0.010524545153794296,1.503685621724322e-06,2.9410965894271705e-05,0.02746310545424865,0.5207175819250962,7.94010092653485e-07,3.733132047908581e-05,0.015204069423924186,2.214900878024317e-06,0.0037666844846203267,0.009564162763553145,2.263355171134601e-06,4.695568713733349e-05,1.437818141226323e-05
54,1.3862283836223415e-06,8.860932646363272e-05,0.001711921762134454,0.0008302944677339173,2.8760215000137413e-05,0.0001900184350131158,0.12980890995116218,0.3737166148695034,0.028439978578240956,0.00010570710694514262,0.0010401475662879535,0.01478193747660193,1.192989415394973e-06,2.4099100537842273e-05,0.033064968882590084,0.3994996026049118,4.08020183816009e-07,1.8622876166425865e-05,0.00656899456794344,1.7135148391370323e-06,0.0029555724571778785,0.007078384121465226,2.4648954278215546e-06,2.46306768079138e-05,1.5059309062974756e-05
55,1.6731148900652147e-06,9.67131328457676e-05,0.0019793413707343468,0.0008554936338696387,2.732266227143033e-05,0.00017864302321972394,0.15050988649063535,0.3213490037935462,0.03668827517722503,0.00010522113714077436,0.0008799029960618859,0.019320128174099605,1.3411042876013827e-06,2.2312912468164177e-05,0.03764073877198499,0.41354187090378064,3.407047204713847e-07,1.9665497195591856e-05,0.006522423292667487,1.5604345948926987e-06,0.0030477792443610553,0.0071650665510798375,2.1468176266939166e-06,2.503064728755314e-05,1.8118411405271658e-05
56,1.5431418623296296e-06,0.00010180237214990292,0.0018162967474473527,0.000851507788239498,3.0252414879607693e-05,0.00019180217182959832,0.14477404188766796,0.3546871401720619,0.030030126643934608,0.00011956978038145562,0.0009997956729688583,0.016797849523270802,1.2789132321543973e-06,2.6686278941556402e-05,0.037238464823760094,0.39519214077835363,4.0009256601273934e-07,1.8959273239926446e-05,0.006790427317638393,1.7872908571163967e-06,0.002954006136065558,0.007328974028913979,2.6495444935784733e-06,2.419158780238212e-05,1.830561744169402e-05
57,1.4468838476408931e-06,9.395862051161713e-05,0.0017486803139598218,0.0008021484785841616,2.7784575565853384e-05,0.00017613330630855348,0.14050590653513745,0.3512501681873592,0.029180481254637135,0.00011903043631544406,0.0009195686288303673,0.017164706392493848,1.299181472627201e-06,2.4318464893626718e-05,0.03699686518888183,0.40349478108230363,4.011139496616254e-07,1.8361171319099937e-05,0.006793028428992377,1.7918183442921105e-06,0.0029188828907587964,0.00771683419729755,2.532379335855737e-06,2.3030460737695027e-05,1.786000816165602e-05
58,1.7099969150307664e-06,0.00010655490789096049,0.0019369428760431264,0.0008946570036138131,3.069346206917212e-05,0.0002040542401944815,0.1410043730956881,0.3569968734725564,0.03138967797535053,0.00011637749959692686,0.001065650713273651,0.017212779690428552,1.3549286589646447e-06,2.5427823209435012e-05,0.03366955123611525,0.39783251669246655,3.9825572699987165e-07,1.907355087660529e-05,0.007540543547916064,1.8376115182533986e-06,0.0029812898727174623,0.006917935180795224,2.8140828282595278e-06,2.9931652850067533e-05,1.698063070017278e-05
59,1.6549127482839874e-06,0.00010186873008429693,0.0020130266929062443,0.00087673104294142,3.0068747003519904e-05,0.00019976556558221715,0.1381481818199258,0.35154666971828313,0.03136237003728446,0.00011294492978351672,0.0010109753644366216,0.0162840149786601,1.2824730639211746e-06,2.3284387394581938e-05,0.03402780606660847,0.4076939727965066,3.7641820521740115e-07,1.8408796331223267e-05,0.006996580347101799,1.8275426775393546e-06,0.002979335018401505,0.0065212047076818784,2.6234088874269583e-06,2.8584808765493683e-05,1.6440688734930648e-05
60,1.4821112368550125e-06,0.00010004221434011878,0.0017466617270206312,0.000812985884072833,2.9647280491773135e-05,0.00018767570554140142,0.1412019485493816,0.3582302811879945,0.0292999744731369,0.00011579641654155949,0.0009875102255650751,0.015425833472085263,1.1249143578846676e-06,2.5751403871396763e-05,0.03696476892009085,0.3982630916705205,3.7607790517276146e-07,1.8246232568936322e-05,0.006667866006401131,1.7009298273410925e-06,0.0027977754527621717,0.007076977871064954,2.4659658691063487e-06,2.2910117088876954e-05,1.710519026314836e-05
61,1.6768274368339778e-06,0.0001037213103537352,0.0020179287560136818,0.0008727307026612445,3.064606650056122e-05,0.00019494526654179617,0.14390364435335726,0.3560276730263055,0.03111708805404964,0.00011508270774187125,0.0010169113256367508,0.016722390047478247,1.2966305395066624e-06,2.3747262900271636e-05,0.034624834696946306,0.39655297091015285,3.774658797773256e-07,1.8584705978590827e-05,0.006997963629912696,1.8154341019072699e-06,0.002987699674033199,0.006618580420677093,2.6792104448724955e-06,2.8027360645298183e-05,1.6984153710512003e-05
62,1.4821112368550125e-06,0.00010004221434011878,0.0017466617270206312,0.000812985884072833,2.9647280491773135e-05,0.00018767570554140142,0.1412019485493816,0.3582302811879945,0.0292999744731369,0.00011579641654155949,0.0009875102255650751,0.015425833472085263,1.1249143578846676e-06,2.5751403871396763e-05,0.03696476892009085,0.3982630916705205,3.7607790517276146e-07,1.8246232568936322e-05,0.006667866006401131,1.7009298273410925e-06,0.0027977754527621717,0.007076977871064954,2.4659658691063487e-06,2.2910117088876954e-05,1.710519026314836e-05
63,1.6749367918359754e-06,0.00012009382392278262,0.0018867946595598033,0.0008477581185820454,3.234238153004723e-05,0.0001974462980950477,0.15004262612660965,0.35523924255177153,0.030568460143944473,0.0001299383455832789,0.0010265204316885121,0.015865936840247705,1.1491597539894602e-06,2.801578188055185e-05,0.03874720099789534,0.38763591558860283,4.015261535319569e-07,1.8884606596601177e-05,0.007304259697003534,1.826856097781845e-06,0.0029019119378713744,0.007355762797058836,2.752139279273483e-06,2.4165948846500736e-05,1.891830463324036e-05
64,1.44290014803594e-06,0.00010065668354376691,0.0018712453834370281,0.000892814867156936,2.9075949506338113e-05,0.00019754441065051955,0.1481449898851659,0.3486044765798662,0.030335642034460403,0.00013633155926729036,0.0009394786304856992,0.01743664715082507,1.353409182339863e-06,2.791618601764313e-05,0.037018026885159,0.3959426750682893,4.314643607051484e-07,2.0608229779512813e-05,0.006630313695232833,1.966152698253551e-06,0.0036674891026858333,0.00795243390422459,2.7573976323651758e-06,2.412200037354104e-05,1.9560469850871377e-05
65,1.922784717571895e-06,9.706616060830195e-05,0.0017845617967688784,0.0007667863052599446,3.0666386033242794e-05,0.00020510961589245014,0.11571425635136978,0.28701948963217877,0.043646702715271386,7.49743915400675e-05,0.0011286241432587627,0.017091603420271814,1.3929208136782145e-06,1.9880899132743373e-05,0.037872689602369315,0.47603657164532,4.019946608889567e-07,1.9640655862994514e-05,0.008080706428153513,1.4803923652374104e-06,0.002721761851207559,0.007634506566836322,1.9174478157416345e-06,3.2488872198365037e-05,1.479702009259659e-05
66,2.125093176224848e-06,9.225774944605985e-05,0.0022322278841195335,0.00065398900777457,4.600149153741415e-05,0.0002836854785975368,0.12503971358244237,0.28357116656517256,0.031194159378312686,0.0001468042241347842,0.000883563780250786,0.010409453499298676,1.8753524543487577e-06,1.631338209951285e-05,0.03105443197781417,0.4967949137818235,6.005753569779707e-07,2.1312989955162047e-05,0.00830550026542698,2.830792191042703e-06,0.0039236513338149655,0.005264630377727085,2.7527414084668246e-06,3.889403601633829e-05,1.714465964824059e-05
67,5.581285346139507e-07,4.455029238124518e-05,0.0009673665813934807,0.001752409204748282,2.035624542280123e-05,0.0004471450323416986,0.044907479486999476,0.2984336049104639,0.015396298017917321,0.00015639895784054256,0.0010166939860218884,0.010271923118752802,3.308019903107975e-06,5.733804158149568e-05,0.013180224815078856,0.5997515251337936,9.843230414603223e-07,2.388886961374343e-05,0.003971956086369757,5.689247416417813e-06,0.004138109439763461,0.0053971818685084995,4.570750889363594e-06,3.841533377801314e-05,1.2024107444028133e-05
68,1.206063635859691e-06,9.897164136102822e-05,0.0012052232633098276,0.0005478336263729487,4.254124470474404e-05,0.00018299473243446,0.14642651904750106,0.3244336531441098,0.022626288495198103,0.00010759045065076318,0.0011724973742285318,0.011357252645854988,9.118093077511427e-07,2.7373223756690795e-05,0.052583978803832365,0.42432986896009994,3.727855262756044e-07,1.3494823527961768e-05,0.006619767657131368,1.728899061355428e-06,0.0019513319687771108,0.0062308579593473926,2.4180969546552515e-06,1.678172077660691e-05,1.8541562538340648e-05
69,1.119642159535164e-06,9.504710121471738e-05,0.0018325187374819926,0.0010096630575860614,3.745052239062199e-05,0.0001944204896337966,0.13866324469626604,0.43465536718325937,0.021577345560715718,9.65928870235025e-05,0.001536765482125162,0.014915904175292982,1.2506276342447299e-06,2.8744340598071856e-05,0.02849557100903579,0.34353146226158143,3.6372136377285636e-07,1.2996425010418205e-05,0.005664956899948924,2.2324299708601396e-06,0.002801509010974847,0.004797230988043204,4.146771242866838e-06,3.072304451584822e-05,1.3372934930234661e-05
70,1.7360960209977512e-06,0.0001458434658625157,0.0017728825535235975,0.0008307536343085942,4.0446530226439115e-05,0.0002673975301752953,0.15920022077304372,0.34528967665970584,0.0339095936584693,0.00014136541530691412,0.001497662753894935,0.017867321670513102,1.478869574948328e-06,3.137331656887323e-05,0.037660095061675045,0.3750925055664303,5.6702996089867e-07,2.059965029352602e-05,0.012613978326685418,2.0280391537457845e-06,0.004528484268360155,0.009022474251702575,3.7837118613271733e-06,3.866647590245659e-05,1.906469077948638e-05
71,1.3553502802315284e-06,0.0001354527572845389,0.0012001082402014601,0.0008053962949475458,7.295428142937712e-05,0.00013806079568362615,0.18776228879338477,0.2656881987542757,0.02105943282789086,0.0001952463850489117,0.0006743436681671486,0.01306272315520054,1.4973371103853792e-06,3.912019125865706e-05,0.026933562726053753,0.4728149105402576,4.133931523117417e-07,1.2543312117820343e-05,0.0034575080588651248,5.0259868915267976e-06,0.002330903215073722,0.0035596124235532617,4.897244349427421e-06,1.957569417898749e-05,2.4868573342733556e-05
72,1.7491129105284687e-06,0.00023106980061758016,0.001286068691170998,0.0009395384376786939,5.53696531928509e-05,0.00017740960236965815,0.18225374621351279,0.34526189425434467,0.024151705966679204,0.00018836850478826447,0.0014852400230403835,0.017868333726026864,1.0562037728736536e-06,5.170141942534735e-05,0.047159342920106886,0.3564329516387348,6.565720969672541e-07,1.6049790895150937e-05,0.009261921007737966,3.018292993230011e-06,0.002652835743207632,0.010459951377008425,5.988720435045059e-06,2.5020233785568403e-05,2.9012093467574324e-05
