,0,1,2,3,4,5,6,7,8,9,10,11,12,13,14,15,16,17,18,19,20,21,22,23,24
0,6.072948487728422e-10,1.0966850503098994e-09,0.0016797276190830622,3.2952337177608326e-06,1.1200990166154589e-05,0.1906808480995797,3.192153636867392e-06,5.085555146275157e-07,2.6492610455555852e-05,1.908008901591917e-06,8.679723445023306e-11,1.912422290856899e-05,9.098475301877125e-08,4.8335025350595835e-12,1.1775471956221105e-09,0.7344706645867889,3.1887523357991682e-06,2.4572420552740307e-07,2.8317331845922096e-05,8.384117586545244e-08,0.07306074717205482,4.282392051938703e-06,5.106257247080012e-06,9.724796362911297e-07,1.0783152325333433e-11
1,3.4377737084359223e-10,1.6177039387052918e-09,0.000516937992803245,6.006308558698623e-06,4.866727844315709e-06,0.26231535122572286,5.567944935000493e-06,4.819822761816248e-07,1.0101414211792155e-05,1.0664436859586472e-06,1.1277305717395797e-10,5.628241423133557e-05,7.386142289500034e-08,1.5351547616768023e-11,2.594671420471011e-09,0.5673326089737425,5.220648020443974e-06,1.1684920607051544e-06,8.72852013535658e-06,1.5875472879055582e-07,0.1697084566940969,8.604716046171049e-06,1.6330585263791286e-05,1.9815889607819672e-06,2.6975049878473864e-11
2,7.612802720453246e-10,7.885048700769529e-10,0.0019488621134172094,5.673823680797039e-06,1.5797752749594057e-05,0.15936652883182675,2.7393453056162585e-06,1.1443905461213644e-06,5.668901893506853e-05,4.201837423351689e-06,1.9991986807485687e-10,1.817854077884672e-05,1.583382452800113e-07,4.9303268680680365e-12,1.7168266382744945e-09,0.7773171167267285,2.5270805441851763e-06,3.1416141899704493e-07,2.1749431842407822e-05,2.0245967406946375e-07,0.061228526617042665,2.6792457045610195e-06,6.2677765260467614e-06,6.390264821578224e-07,9.665845730572891e-12
3,5.629338156028519e-10,5.334754365662982e-10,0.001136008772176348,4.6638582588070305e-06,8.237115960793144e-06,0.15270056896943995,2.352906092629538e-06,5.266562903801885e-07,2.7632610767389022e-05,2.127032511414367e-06,7.83770371632377e-11,1.2229058947659802e-05,1.0198987944632821e-07,2.8007814763299264e-12,6.695199118833128e-10,0.8036754648287464,2.1443283737687238e-06,2.3068489889791642e-07,2.062504731254481e-05,8.848862920313118e-08,0.042399848090830534,2.6318267228299632e-06,3.926806711189151e-06,5.890749857195549e-07,5.35736242608672e-12
4,6.000594438052633e-10,5.076019745031336e-10,0.0010932360529876202,4.414651557345691e-06,8.446664900880619e-06,0.14793405109318228,2.4100121370061123e-06,5.089500189577532e-07,2.5302449724081085e-05,2.1602164700783763e-06,7.630387099946681e-11,1.1672023264853656e-05,1.2222069989102835e-07,3.090084046487533e-12,6.22396525230686e-10,0.8129993599674354,2.165602646392305e-06,2.552851296762893e-07,2.2279612351584256e-05,9.446165977606487e-08,0.03788656502799023,2.3658971759558137e-06,3.920945987929494e-06,6.670500040238478e-07,5.224103191713576e-12
5,5.613592253892892e-10,5.257731074922843e-10,0.000843705568087528,5.719456363994496e-06,7.097120255429262e-06,0.15159066805760946,2.2504381365172343e-06,4.98897365446458e-07,2.2901038360999036e-05,1.9732214968745853e-06,8.329128172043015e-11,1.0756279733302045e-05,1.0920927142003138e-07,3.0740555641260527e-12,6.399506107520101e-10,0.8109889735546629,2.0232487617286865e-06,3.2588737940399547e-07,1.8662930410114745e-05,9.96274314733257e-08,0.03649700086475736,2.4057526163892133e-06,4.225286540145411e-06,6.017422227879732e-07,5.088154685838357e-12
6,5.629338156028519e-10,5.334754365662982e-10,0.001136008772176348,4.6638582588070305e-06,8.237115960793144e-06,0.15270056896943995,2.352906092629538e-06,5.266562903801885e-07,2.7632610767389022e-05,2.127032511414367e-06,7.83770371632377e-11,1.2229058947659802e-05,1.0198987944632821e-07,2.8007814763299264e-12,6.695199118833128e-10,0.8036754648287464,2.1443283737687238e-06,2.3068489889791642e-07,2.062504731254481e-05,8.848862920313118e-08,0.042399848090830534,2.6318267228299632e-06,3.926806711189151e-06,5.890749857195549e-07,5.35736242608672e-12
7,2.0718356264743924e-09,6.529074438579847e-10,0.003338592354091042,7.697505229821778e-06,1.5288648142558267e-05,0.09101623812067927,3.3874935536562066e-06,1.4181014349373029e-06,4.339169662078924e-05,7.336858827894629e-06,1.9333224864819773e-10,1.2498002048030683e-05,3.592491304882633e-07,3.4329559625179965e-12,6.492186066932254e-10,0.8867123484343424,3.3716795128572635e-06,1.487264682559531e-07,4.884164036088544e-05,1.5056578688217835e-07,0.01878241566517362,3.539039058516584e-06,2.180378423646394e-06,7.922633337825411e-07,7.053724108678017e-12
8,1.5723542017696081e-09,6.766204889741464e-10,0.00391892225414876,6.908005737239865e-06,1.3973830873925573e-05,0.12872875366253894,4.402701494505707e-06,8.834499072087006e-07,4.219213367309247e-05,6.589928366384379e-06,1.3653130564580326e-10,2.362192225775513e-05,2.1300236917842948e-07,7.031401045672986e-12,1.044950245132899e-09,0.7899540701053995,3.9933870774054605e-06,1.4882427569909195e-07,2.580510748338952e-05,1.8466777528432098e-07,0.0772554888819531,3.3190914604562963e-06,8.825958671304497e-06,1.699632413428535e-06,1.4635775494490135e-11
9,1.3092755433274772e-09,9.650039229460682e-10,0.0026251540933993366,9.414869576093152e-06,1.1711514705821145e-05,0.16434290605686372,3.6974773820803916e-06,1.0858363668634195e-06,4.9747613376567104e-05,6.863413223227832e-06,1.870141496388817e-10,2.108235575607613e-05,1.6989987889657862e-07,6.613249882792415e-12,1.6408918958407414e-09,0.7553755348780633,3.713217510832751e-06,2.347001384930519e-07,2.336995813311556e-05,1.8985566120643272e-07,0.07750887136633089,3.882702194564198e-06,1.0975730361754583e-05,1.390335512504423e-06,1.6765763482533798e-11
10,5.629338156028519e-10,5.334754365662982e-10,0.001136008772176348,4.6638582588070305e-06,8.237115960793144e-06,0.15270056896943995,2.352906092629538e-06,5.266562903801885e-07,2.7632610767389022e-05,2.127032511414367e-06,7.83770371632377e-11,1.2229058947659802e-05,1.0198987944632821e-07,2.8007814763299264e-12,6.695199118833128e-10,0.8036754648287464,2.1443283737687238e-06,2.3068489889791642e-07,2.062504731254481e-05,8.848862920313118e-08,0.042399848090830534,2.6318267228299632e-06,3.926806711189151e-06,5.890749857195549e-07,5.35736242608672e-12
11,6.220174597233171e-10,4.916885041951903e-10,0.0011097893640623115,4.3700387108835465e-06,8.21940044802507e-06,0.14547278309322292,2.4932859251732348e-06,5.80343618357221e-07,2.75900856832554e-05,2.354598132160321e-06,7.855174593478249e-11,1.223744212132208e-05,1.2713663888680635e-07,2.8888469992601686e-12,6.405255557850028e-10,0.8170085793723727,2.2456835253419284e-06,2.468303445071393e-07,2.2399733285596147e-05,9.420817802881017e-08,0.03631893673559359,2.507167680177055e-06,3.778108386301658e-06,6.655311949754389e-07,5.203085209899551e-12
12,3.856415087948348e-10,3.510529737339919e-10,0.0007135799495116769,3.419386726256275e-06,1.4951838840180036e-05,0.18995740276757558,3.487006556729057e-06,1.752562177949423e-07,1.9030305399329085e-05,1.277325256860093e-06,5.6754288654214954e-11,9.927278124272665e-06,8.686019180502908e-08,6.871298699126363e-12,4.879959220854171e-10,0.7413622914376271,2.1786832920880808e-06,4.4721227344717144e-07,1.1610149968873317e-05,1.5378793618768803e-07,0.06788720991355403,9.920138456026071e-07,1.0816481210700193e-05,9.610495523898903e-07,8.022928107886332e-12
13,1.1504116395812448e-09,2.2143502375312297e-10,0.003997769617309042,8.258919890674372e-06,1.0801297710620732e-05,0.030425881866331064,3.2899822624183e-06,1.6845651559624726e-06,2.6728237110988462e-05,4.3028893719915575e-06,1.262338892493647e-09,6.532254272674765e-05,2.3569520740446967e-07,2.189723536116003e-11,3.1274026623953596e-09,0.8773527738564875,2.0302807539324294e-06,2.9168945291593014e-07,4.901013324274066e-06,4.6293437341944496e-07,0.08808659210817697,1.3398895543551752e-06,6.999025397540747e-06,3.277980994977336e-07,7.817110501206762e-12
14,7.791575171712315e-10,4.162181908957812e-10,0.0012820541013899643,4.582359384065617e-06,6.73775855255635e-06,0.1479996639730796,3.7794834822784053e-06,7.831770528662341e-07,3.6465487906223436e-05,2.789828605696806e-06,7.285090073681404e-11,2.1490415701052956e-05,9.742141835964289e-08,3.2685706813929595e-12,7.869027381830934e-10,0.7917616019344994,3.0136471319069163e-06,1.7927794144704826e-07,1.6048399746676197e-05,8.074314335282165e-08,0.05885090656516182,3.5589859272459415e-06,5.296264595662189e-06,8.681088634307143e-07,8.018414142467844e-12
15,5.629338156028519e-10,5.334754365662982e-10,0.001136008772176348,4.6638582588070305e-06,8.237115960793144e-06,0.15270056896943995,2.352906092629538e-06,5.266562903801885e-07,2.7632610767389022e-05,2.127032511414367e-06,7.83770371632377e-11,1.2229058947659802e-05,1.0198987944632821e-07,2.8007814763299264e-12,6.695199118833128e-10,0.8036754648287464,2.1443283737687238e-06,2.3068489889791642e-07,2.062504731254481e-05,8.848862920313118e-08,0.042399848090830534,2.6318267228299632e-06,3.926806711189151e-06,5.890749857195549e-07,5.35736242608672e-12
16,2.3807330066229573e-09,2.3543478924365412e-08,0.003376555798862543,1.37242986148959e-05,3.4084337337547694e-05,0.645636354601828,3.6394338209055626e-06,2.672346780239928e-06,0.001020782550969694,1.4947088805198381e-05,9.21700004406926e-11,5.885625355662659e-06,7.432305938231858e-08,6.525178662557345e-13,1.5865459631150266e-09,0.3320723465946849,5.720177293851903e-06,3.3685288273674254e-08,0.00015771385381631458,3.111865141818829e-08,0.01761312607673893,3.6187778292212536e-05,5.128031727201067e-06,9.645583699666149e-07,1.1612256592964166e-10
17,8.151536559453181e-10,4.4763859514718827e-10,0.0013397025635541095,6.251085599742159e-06,9.304501197140184e-06,0.10111638877779179,3.838144932677067e-06,6.470540046933718e-07,2.565593891474266e-05,1.783943169104444e-06,1.1203542984829798e-10,2.228676100811763e-05,1.202589522569184e-07,5.214935243773469e-12,6.674007871531416e-10,0.8487852502122251,2.6265263118289653e-06,2.2038926301066912e-07,1.2838035950743e-05,1.1086815512261299e-07,0.04866536567058707,2.970748239344638e-06,4.044585082702744e-06,5.918802582631073e-07,7.359171878910964e-12
18,1.4934192071908483e-09,1.274805022334454e-09,0.0011957566281304622,5.305461304651707e-06,1.5144981384933186e-05,0.22343553191944332,6.417580342084051e-06,5.867483718037076e-07,4.3913268711918254e-05,3.48823637068085e-06,1.1891646728753762e-10,1.5652663952815652e-05,1.2599406874556175e-07,7.225933558891206e-12,9.922725619760312e-10,0.7156050148545389,1.120208544795582e-05,4.514013788446445e-07,4.4146505218498785e-05,1.1409990235547498e-07,0.05959925342538152,7.439517820203275e-06,8.669398627926703e-06,1.7813124080925704e-06,3.055523102553479e-11
19,4.4353244834541784e-10,6.692076281912618e-10,0.000871314905714553,4.3010315701673576e-06,7.0252717596594965e-06,0.13746594492533332,1.5976014944710262e-06,3.807024490903965e-07,2.1289163456107376e-05,1.1452533785495862e-06,7.844990477542906e-11,8.205515990001694e-06,7.223605540896308e-08,3.2172841380613052e-12,8.022215554681158e-10,0.8103454722743543,1.8269908369394053e-06,3.3168558249406536e-07,1.9382109082914856e-05,7.881054335166444e-08,0.0512444579529017,1.8788785810231327e-06,4.816280519385912e-06,4.7640906905763765e-07,4.698471741400386e-12
20,4.691202058146956e-10,1.0844216751490004e-09,0.0011028868173087202,5.794362048030032e-06,5.43729057924173e-06,0.1638012271559818,2.159033469566818e-06,1.0531514546626678e-06,2.9689590882021175e-05,1.9933723052478982e-06,1.2019383209493127e-10,2.372149120957203e-05,8.592012927020474e-08,3.090204331802265e-12,1.806619606982831e-09,0.7716940474254103,2.0531895871882888e-06,3.090723971788896e-07,1.7441725021309927e-05,8.873402944185081e-08,0.0633017061185077,5.753305012246289e-06,4.0129515587343e-06,5.358032857045364e-07,6.3766488159916316e-12
21,5.847658967414859e-10,3.700442640242749e-10,0.0010703296385905872,5.6513601408036475e-06,7.1457576122925e-06,0.10311583012470048,2.2047210673637635e-06,4.888446425638586e-07,2.2020753218252038e-05,1.7311068677170547e-06,1.090628069018295e-10,1.2643203377425289e-05,1.0296048553161813e-07,3.782584144313484e-12,6.562636683618551e-10,0.8572740372405473,1.560624723541311e-06,2.44638571211082e-07,1.3019797707722032e-05,1.0898505180025815e-07,0.03846675332927543,1.6947835346100563e-06,3.995015503332461e-06,4.3538621866785374e-07,4.244185595393228e-12
22,7.176460913321837e-10,2.854341986014474e-10,0.0015725566753326114,6.5734652588639895e-06,8.031863330969156e-06,0.08607672665961556,2.3741156407940903e-06,4.923816055716219e-07,2.0883597770316166e-05,2.6328899080261924e-06,1.6651350048684964e-10,1.1698500108409023e-05,1.232067888657823e-07,3.297261834816781e-12,5.906556436226974e-10,0.8598349883358366,2.9746555442572797e-06,2.68616575358983e-07,1.4228256289156484e-05,1.582679926090599e-07,0.0524382641860993,2.0810110859338165e-06,4.503117417033993e-06,4.384300273763415e-07,4.225396019012215e-12
23,5.629338156028519e-10,5.334754365662982e-10,0.001136008772176348,4.6638582588070305e-06,8.237115960793144e-06,0.15270056896943995,2.352906092629538e-06,5.266562903801885e-07,2.7632610767389022e-05,2.127032511414367e-06,7.83770371632377e-11,1.2229058947659802e-05,1.0198987944632821e-07,2.8007814763299264e-12,6.695199118833128e-10,0.8036754648287464,2.1443283737687238e-06,2.3068489889791642e-07,2.062504731254481e-05,8.848862920313118e-08,0.042399848090830534,2.6318267228299632e-06,3.926806711189151e-06,5.890749857195549e-07,5.35736242608672e-12
24,6.681023263544244e-10,6.009863499959299e-10,0.0010956881797262057,8.282111483110273e-06,9.202761199941154e-06,0.13123371571875733,2.2485484909821267e-06,5.631808155918839e-07,2.3503683896819816e-05,2.1677881358015702e-06,1.1625222885486669e-10,1.2048813643204363e-05,1.3704474129973265e-07,3.4728120279953595e-12,6.005790564426921e-10,0.8366080296773873,1.822006197137111e-06,2.815293447771349e-07,1.7027796207368826e-05,1.2938710699779002e-07,0.030978653073971615,2.416036642647549e-06,3.5860732952640948e-06,4.945941557933233e-07,5.407810552189418e-12
25,1.0758219328586117e-09,2.2803220248492042e-10,0.0016399532344646957,8.656760494754825e-06,8.506298799131953e-06,0.057194625587825086,3.5598944139351226e-06,1.3730011081223133e-06,2.321530961387066e-05,3.5272727848966204e-06,3.0594989034384966e-10,2.5965370847974894e-05,2.565270737158543e-07,6.349602247838115e-12,8.681439268246909e-10,0.9076019763435283,2.44979221079187e-06,2.951110950048641e-07,9.727160846903546e-06,2.540152483094702e-07,0.03347000690757851,1.9679123953256304e-06,3.2411596855740145e-06,4.398509534137972e-07,4.734344010699799e-12
26,8.068369210573435e-10,6.158707330406291e-10,0.0010125178328397376,3.4740740533328498e-06,1.1140424495801559e-05,0.22708940930913227,2.8064848667482703e-06,4.584579523439018e-07,5.339720784735588e-05,2.9861228679777307e-06,5.7513267085975585e-11,6.3648419576253094e-06,1.1883567952341306e-07,2.4259266477652868e-12,6.080739566750181e-10,0.7269011579990673,3.4288161182254085e-06,3.1929243656658266e-07,3.4910056421551e-05,9.061219073774083e-08,0.04486568988107104,2.1037693721950636e-06,8.50005160319278e-06,1.1238308685288758e-06,8.43740970298004e-12
27,6.319806093090561e-10,1.0656969448545594e-09,0.0009513060981729738,6.222061548291843e-06,8.020217363822922e-06,0.2064738867582062,2.6057796268233174e-06,8.51151995842666e-07,4.913363033202007e-05,2.5975802234146542e-06,9.343278046493693e-11,1.3318649919271892e-05,8.74129977992933e-08,2.353495568709624e-12,1.0042234279276721e-09,0.7605447995315768,2.246458966515449e-06,2.2481804783313812e-07,2.610200676859258e-05,6.867188553651207e-08,0.031909367557801396,5.024156487562289e-06,3.5963959323056345e-06,5.382557945382267e-07,8.665108349440076e-12
28,5.629338156028519e-10,5.334754365662982e-10,0.001136008772176348,4.6638582588070305e-06,8.237115960793144e-06,0.15270056896943995,2.352906092629538e-06,5.266562903801885e-07,2.7632610767389022e-05,2.127032511414367e-06,7.83770371632377e-11,1.2229058947659802e-05,1.0198987944632821e-07,2.8007814763299264e-12,6.695199118833128e-10,0.8036754648287464,2.1443283737687238e-06,2.3068489889791642e-07,2.062504731254481e-05,8.848862920313118e-08,0.042399848090830534,2.6318267228299632e-06,3.926806711189151e-06,5.890749857195549e-07,5.35736242608672e-12
29,5.629338156028519e-10,5.334754365662982e-10,0.001136008772176348,4.6638582588070305e-06,8.237115960793144e-06,0.15270056896943995,2.352906092629538e-06,5.266562903801885e-07,2.7632610767389022e-05,2.127032511414367e-06,7.83770371632377e-11,1.2229058947659802e-05,1.0198987944632821e-07,2.8007814763299264e-12,6.695199118833128e-10,0.8036754648287464,2.1443283737687238e-06,2.3068489889791642e-07,2.062504731254481e-05,8.848862920313118e-08,0.042399848090830534,2.6318267228299632e-06,3.926806711189151e-06,5.890749857195549e-07,5.35736242608672e-12
30,5.629338156028519e-10,5.334754365662982e-10,0.001136008772176348,4.6638582588070305e-06,8.237115960793144e-06,0.15270056896943995,2.352906092629538e-06,5.266562903801885e-07,2.7632610767389022e-05,2.127032511414367e-06,7.83770371632377e-11,1.2229058947659802e-05,1.0198987944632821e-07,2.8007814763299264e-12,6.695199118833128e-10,0.8036754648287464,2.1443283737687238e-06,2.3068489889791642e-07,2.062504731254481e-05,8.848862920313118e-08,0.042399848090830534,2.6318267228299632e-06,3.926806711189151e-06,5.890749857195549e-07,5.35736242608672e-12
31,9.211056235757743e-10,6.335458418460369e-10,0.002325214112341211,3.6277488550622695e-06,7.3036789211795195e-06,0.07744749833972873,1.7994105307875767e-06,1.2339040495437303e-06,2.7818762658275543e-05,1.8476331287384742e-06,8.899816761619181e-11,1.4272097669820553e-05,2.0050746942899854e-07,2.5435091003497946e-12,8.136208694612901e-10,0.8779645204772952,2.3210371543241614e-06,1.9715372513095947e-07,2.8293178662295345e-05,9.216017968269017e-08,0.042167988608760046,2.4647231471321707e-06,2.6582055445342834e-06,6.457965348199016e-07,3.830311360143062e-12
32,6.044737196145643e-10,6.046787338489578e-10,0.001150669246687735,4.1769324167871295e-06,8.496127852190292e-06,0.15258675533863691,2.135520369121293e-06,4.92715502753476e-07,2.6484941215857358e-05,2.006796834625176e-06,7.062635631081085e-11,1.023934753702121e-05,1.088311313062423e-07,2.7226338707704316e-12,6.249311331439191e-10,0.807974317905011,2.2148799091118296e-06,2.3828965858071706e-07,2.6493837061202615e-05,7.992453783197589e-08,0.03819828346263954,2.548725579009159e-06,3.6195827850308025e-06,6.356820121111492e-07,5.1894380243486104e-12
33,6.914719589793603e-10,5.978016567717001e-10,0.0021898750719863353,6.313376064975153e-06,1.3886860768428184e-05,0.16229667537600273,2.8714151005140354e-06,7.601456055253658e-07,6.0359236577583176e-05,3.784250457767453e-06,2.2396761947930392e-10,2.038602587926099e-05,9.18228513934291e-08,4.692581222832583e-12,1.6517082877507873e-09,0.748035981336275,2.072606910758178e-06,2.0586031399572952e-07,1.3948578584525713e-05,1.567288042868935e-07,0.0873415015285151,2.44608274740568e-06,8.225193890222193e-06,4.553227968826859e-07,1.0225315543091218e-11
34,2.8810365097427276e-09,5.611226767946679e-10,0.0033782464082511552,4.55877413136971e-06,1.630675999981833e-05,0.0490988073124902,1.7195054099725074e-06,6.836263540274517e-07,3.463715694546733e-05,2.395630480969843e-06,1.683646973972204e-10,5.78096477214811e-06,2.315390869168542e-07,4.542972337815431e-12,4.984483615350883e-10,0.9211726631695145,2.975596205232165e-06,1.6555631395598195e-07,5.154699070787171e-05,8.432751856224827e-08,0.0262249085726306,1.2946790600419433e-06,2.4783638674857897e-06,5.109479472906583e-07,4.797166328837933e-12
35,1.5904839209748044e-09,1.978836849231104e-09,0.001281245731600254,6.81261772751631e-06,8.488552467385564e-06,0.1486219208903779,2.2843041550088987e-06,2.6532285820159365e-06,0.00014001727709559504,3.103169716611165e-06,1.2475623796757044e-10,1.1089516143197742e-05,1.3603494013763418e-07,1.2053886666656682e-12,1.0943601660685657e-09,0.8344759741140808,2.7975841899790573e-06,1.7057643391869512e-07,5.080783340485363e-05,3.979735038034329e-08,0.015381849457930008,8.24567384647144e-06,1.958336445422329e-06,4.0050460528347784e-07,9.264646232872538e-12
36,5.633786415967237e-10,5.020437394802796e-10,0.0010504815550174843,4.524691285190763e-06,7.380688563258132e-06,0.1426707726342868,2.5596799394392395e-06,5.805863479942621e-07,2.6281765527925614e-05,1.988538848143184e-06,7.813929007973719e-11,1.4274622969566096e-05,1.0304719518697693e-07,2.8879145469744986e-12,6.733739178267243e-10,0.8155481121257692,2.2940103206829734e-06,2.3760027214721238e-07,1.921346106488057e-05,8.503673045595234e-08,0.04064398174257417,2.9387589864258443e-06,3.5995834003616273e-06,5.880457202539538e-07,5.356953267565888e-12
37,6.462414396311256e-10,2.743705313008254e-10,0.0009540746381181464,3.736299909233226e-06,6.2264866248249485e-06,0.08697767423798378,2.811393281739182e-06,2.1379193554185276e-07,8.300140500211493e-06,1.0528211653423418e-06,5.274170400921875e-11,1.1026877536281316e-05,1.087761273594639e-07,6.540406415798481e-12,3.875844528965788e-10,0.8566379876797598,2.316619119665318e-06,3.157503850942946e-07,1.436236477501406e-05,1.0108243222900017e-07,0.05537203948489526,1.3013430877861902e-06,5.323088801175084e-06,1.0257518557402942e-06,4.227298090128349e-12
38,1.0601776874253697e-09,9.885850410125365e-10,0.0021231698199134347,8.782457509947273e-06,1.3935401667065402e-05,0.14362467066168583,2.9310170736874553e-06,9.707991931574315e-07,4.865286890102922e-05,3.578453192447318e-06,1.4596413226329623e-10,1.6843087349140133e-05,1.3844323237409164e-07,3.970798463933621e-12,9.144460894837318e-10,0.8086522025278032,3.1961579413493064e-06,1.9136651111693975e-07,2.4864185290956204e-05,1.3307585142090315e-07,0.045466531143556074,4.2415628541338595e-06,4.317321589040433e-06,6.465246247072578e-07,1.1116186031228952e-11
39,9.060517341866708e-10,6.563923444316022e-10,0.0012740790698533935,7.228720224861369e-06,1.1773858856236637e-05,0.15431485698359776,3.3338792863129698e-06,6.469107434085242e-07,3.819683679264951e-05,3.621841607622177e-06,1.4984490729797873e-10,1.2867654417475665e-05,1.3809701071941653e-07,4.777867132894703e-12,8.811608821840063e-10,0.8097698291876307,2.4984435434396916e-06,2.7397229415093044e-07,2.2576554059817434e-05,1.3081216311015285e-07,0.034529234982285106,2.7801092862788846e-06,5.230951462910053e-06,6.985275702580088e-07,9.086173856754593e-12
40,6.814865247881418e-10,7.303092835960909e-10,0.001934710396311186,4.176812825477782e-06,1.2579903566417752e-05,0.1299650030550426,2.671661682288719e-06,5.378623325220243e-07,2.70261929907014e-05,1.842536707100303e-06,9.737828500303586e-11,1.6579562344421803e-05,1.1744499622346934e-07,4.5651740409118316e-12,8.195146158687903e-10,0.8106056518888527,2.470586840855116e-06,2.0736297330976486e-07,2.3050300985411417e-05,1.0390787230864567e-07,0.05739581504665618,2.742486124424488e-06,4.049410448474219e-06,6.612399142307677e-07,7.279215104433214e-12
41,5.629619214165192e-10,5.212427346576804e-10,0.0011489000908692971,4.3675167358284155e-06,7.999207504038999e-06,0.16115334198315007,2.6022778543542673e-06,5.034379138581999e-07,2.662392085300814e-05,2.1776925350702415e-06,7.396602667581524e-11,1.3503187023020686e-05,9.851577349198175e-08,2.967663918400593e-12,6.812058239716359e-10,0.7891712656809718,2.477197627257893e-06,2.3279964644854024e-07,2.0674301920320558e-05,8.860867767436962e-08,0.048437237410083975,2.8920865759146528e-06,4.334376756197445e-06,6.778592184724713e-07,5.9654436288531185e-12
42,1.2682551699991907e-09,3.1841127879722454e-10,0.001366760859703318,5.697873265722942e-06,3.6350412094493284e-05,0.21992387476213313,1.187679880354807e-05,3.1070037541183465e-07,3.862209346555108e-05,8.001906429774675e-06,3.3371462670573364e-10,2.4746028359470703e-05,2.279425834064101e-07,4.38499859219302e-11,1.767518014207219e-09,0.664158324597087,4.169390872264976e-06,7.797478287373575e-07,1.1140724289344509e-05,6.012861945306446e-07,0.11435819797052124,9.638450899318e-07,4.668317153838907e-05,2.6661191520270587e-06,3.846338673676425e-11
43,5.591906334719534e-10,5.292873150523035e-10,0.001134207430726573,4.628356675062081e-06,8.225568411062943e-06,0.15377438293184392,2.3467184251269543e-06,5.256462285001978e-07,2.7633419039363705e-05,2.1474086658925067e-06,7.769281669545078e-11,1.2204436114746515e-05,1.021002570375498e-07,2.7667711878204915e-12,6.67580630049562e-10,0.8023943963857965,2.1490772075090582e-06,2.3071482372759186e-07,2.0670472902869344e-05,8.849103301358312e-08,0.042608900726818645,2.632090476501902e-06,3.934165909127643e-06,5.920168062873491e-07,5.320505916222733e-12
44,5.629338156028519e-10,5.334754365662982e-10,0.001136008772176348,4.6638582588070305e-06,8.237115960793144e-06,0.15270056896943995,2.352906092629538e-06,5.266562903801885e-07,2.7632610767389022e-05,2.127032511414367e-06,7.83770371632377e-11,1.2229058947659802e-05,1.0198987944632821e-07,2.8007814763299264e-12,6.695199118833128e-10,0.8036754648287464,2.1443283737687238e-06,2.3068489889791642e-07,2.062504731254481e-05,8.848862920313118e-08,0.042399848090830534,2.6318267228299632e-06,3.926806711189151e-06,5.890749857195549e-07,5.35736242608672e-12
45,5.170398077588197e-10,4.2428349144939687e-10,0.0009751406913639306,3.4106178839781386e-06,5.667888940215307e-06,0.12552636108493254,2.365201284093174e-06,8.37216699947471e-07,2.4739152914092922e-05,2.2146655457427268e-06,6.656269825887424e-11,1.3557154714687251e-05,1.3409066244268718e-07,2.018563171411873e-12,7.030796851985437e-10,0.844094019611131,1.816716034836917e-06,2.3164498904355443e-07,2.1519677818312754e-05,7.454002385773913e-08,0.02932198290176912,2.769004623386737e-06,2.5339258626296203e-06,6.224964728773895e-07,3.349083121504583e-12
46,7.507146759519616e-10,4.507695251534814e-10,0.0011770473082698253,5.650876903719051e-06,7.064370408626682e-06,0.1468298225133441,2.817392806771419e-06,5.500370276845991e-07,2.3510540354166987e-05,2.4319744386437353e-06,7.641902314333395e-11,1.4840916532008146e-05,1.1675321315193826e-07,2.3312175761264952e-12,4.5994692874078044e-10,0.8091543698684792,3.729809981772536e-06,2.128712430410465e-07,2.127408148845392e-05,8.82915997096834e-08,0.04274836657952014,4.124976666276495e-06,3.326381292962303e-06,6.527105497016326e-07,5.698530659918517e-12
47,7.814837615095296e-10,2.9454297422420826e-10,0.0008865333037672104,3.5115167291165337e-06,3.8496596773557105e-06,0.08839304920302575,2.2517924986222663e-06,4.2890602937059257e-07,1.3365572287454937e-05,1.3450166260550417e-06,3.195185578003461e-11,1.037367184317643e-05,1.1925389173142896e-07,1.4589472778758218e-12,2.069315838405734e-10,0.8896387138168185,2.7213087555180413e-06,1.4081277121692413e-07,2.4555191648972152e-05,3.87807124428916e-08,0.021013620824520924,3.1393919728742338e-06,1.5718004769924778e-06,6.688568488405526e-07,2.7288557899805654e-12
48,8.116594838477347e-10,7.327528121047117e-10,0.0008754261158749315,2.4719425975859522e-06,6.188231441201485e-06,0.20988404278611097,2.481763241165814e-06,6.131689383402127e-07,2.3327715106493578e-05,2.7092682225918196e-06,2.6811331117879656e-11,6.91727203877086e-06,1.636088311993073e-07,1.410446647121029e-12,3.801106888901316e-10,0.7640021899152876,5.162002114903682e-06,2.664439736923836e-07,7.026726076973517e-05,5.1929147130052326e-08,0.02510874816192747,4.4799218538306e-06,2.737111049873866e-06,1.753423442971731e-06,5.2847458387699e-12
49,4.4455477073690215e-10,6.576599395425643e-10,0.001378056833522471,4.441588118022268e-06,7.507596165170655e-06,0.18397302802116172,2.2842778019098783e-06,6.131678113328931e-07,2.8449863839949792e-05,2.137495425769424e-06,6.258059641682337e-11,1.7232805359808787e-05,9.629548619421072e-08,1.781233258963904e-12,6.330235811135947e-10,0.7684771735290259,2.2108861495849037e-06,1.697987425835938e-07,2.1071765559927936e-05,7.978047134439542e-08,0.04607753981066388,4.43644808011406e-06,2.9116649038638816e-06,5.565670305840307e-07,5.0796966843511956e-12
50,1.6256074900257974e-09,2.2386145878300308e-10,0.0014450765464183168,4.762244872615871e-06,1.1062234125460355e-05,0.10786998893447741,6.06369232456721e-06,1.090519012626752e-06,3.120243105703226e-05,6.964417419263593e-06,1.1644577163900823e-10,1.6185239554382717e-05,3.353045270577663e-07,5.391265593932715e-12,5.471427992312594e-10,0.8670773996301018,4.140632357819186e-06,2.6097421470485135e-07,2.616276223059855e-05,1.8025770866274475e-07,0.02349147167321614,2.1300084761267477e-06,4.025155982552235e-06,1.49481607039489e-06,7.403488220889382e-12
51,5.813127936057243e-10,3.0320301518869925e-09,0.0011193818546904428,1.7134619574522925e-05,5.818668851413365e-06,0.1663079634540064,1.5948966629063114e-06,1.3316783450680263e-06,4.128614511746556e-05,1.7573712937804734e-06,1.9256808500332406e-10,1.6739554398495062e-05,8.120847077452169e-08,2.616598277678203e-12,1.8771483885563737e-09,0.7970313783255721,1.5142330489146743e-06,2.733726405234572e-07,1.9669849602273487e-05,8.421583744236033e-08,0.035421983404961284,8.47705497407233e-06,3.220531190040605e-06,3.038664107134521e-07,8.675384364801341e-12
52,5.810814778484484e-10,3.2157318281583205e-10,0.0007803114357708603,5.495321672063457e-06,7.572594555626084e-06,0.1876764043309604,2.2377720198248515e-06,8.527068508835087e-07,3.132931877727895e-05,5.642482175814208e-06,1.206411455697826e-10,1.2329650617684894e-05,1.74932867792029e-07,2.780651096754631e-12,8.568445355231165e-10,0.7886262986634069,1.4210417555664446e-06,3.6170802381102876e-07,1.941518414635748e-05,1.490040049379917e-07,0.022823862747377018,1.8770351634039476e-06,3.6417074592548018e-06,6.204755401331673e-07,3.933277418470757e-12
53,5.114294349890729e-10,4.024768475781201e-10,0.0010800200654304205,4.605913484444143e-06,8.142415158428322e-06,0.1440199828132321,2.701654144172039e-06,4.680512144760067e-07,2.5659676958506222e-05,2.0618172497572306e-06,8.390963288231264e-11,1.3562577831862103e-05,9.877872866376716e-08,3.2333328623157697e-12,6.641595170469898e-10,0.8057785297146559,2.098841997894914e-06,2.4814021061425105e-07,1.541327170026412e-05,1.044408297659191e-07,0.049038678798580274,2.2230296744406816e-06,4.809336747719103e-06,5.889916442934789e-07,5.317426105470414e-12
54,6.865077213168398e-10,1.5414466658678411e-09,0.0009350071076743128,5.735059169089808e-06,8.144978630370226e-06,0.2079923062785698,2.9421806697600978e-06,6.518892475721875e-07,3.9066251571065156e-05,1.8896135342447456e-06,7.40466028852719e-11,1.2849925622930012e-05,7.526365360587775e-08,3.3230142974860734e-12,1.0551352428766995e-09,0.7546443118348687,2.440995949859183e-06,2.2915085781977225e-07,3.0474005320356463e-05,5.677801292186655e-08,0.03631343306384654,5.508541622606576e-06,4.117488025003165e-06,7.562211890244564e-07,1.1505312335423322e-11
55,3.448648047509396e-10,1.5635734266202043e-10,0.0005102292044970527,2.2348920345133694e-06,5.199427804349466e-06,0.10092894198093626,3.4886235930431863e-06,6.058741857964049e-07,1.9112758596561726e-05,1.1303931049209757e-06,4.156951105752742e-11,3.089085963855289e-05,1.1803126253134736e-07,3.702514692504935e-12,4.2863896713679283e-10,0.8752954695968233,1.2001949567152087e-06,2.428720891059717e-07,7.55102681428683e-06,7.597789195002769e-08,0.023189046347018225,1.532689194490288e-06,2.376564758016461e-06,5.517062879556938e-07,3.3793042429983204e-12
56,5.950419000736308e-10,4.963259589731595e-10,0.0010939900544329473,4.556190053843329e-06,8.293859195004553e-06,0.14971493264982286,2.442978485348724e-06,5.508783602083022e-07,2.7108615256986863e-05,2.2789142992173455e-06,7.873026639157243e-11,1.2272650191095209e-05,1.2053083500460023e-07,2.888838863221251e-12,6.383913899558149e-10,0.8113928995775902,2.146053617662769e-06,2.4718870757519683e-07,2.130921983102391e-05,9.462859780152882e-08,0.0377097871114372,2.488635389945059e-06,3.843008694959045e-06,6.354386019899698e-07,5.220486002795255e-12
57,9.227719662695043e-10,1.4543783286659952e-09,0.0001824072207929363,1.991314593174715e-05,3.1439686584206005e-06,0.2641395616771749,2.0787200173268075e-06,5.080241391708554e-07,3.471824936401538e-05,1.726002480371666e-06,1.5113260635867075e-10,3.3857572270149834e-06,4.851535368016496e-08,3.703109366376301e-12,1.4048016452315282e-09,0.7090472529947117,1.9302592061420783e-06,1.0043423929231176e-06,1.9954797144831703e-05,5.0504303995403964e-08,0.02652718176084579,3.1476722292001775e-06,1.145135784946871e-05,5.310828414095476e-07,1.0547213354784279e-11
58,5.942643197337635e-10,4.969817396885583e-10,0.0010551845486604008,3.7437098874222004e-06,8.031321651022594e-06,0.16734416348610626,2.570672350153279e-06,5.190440213823372e-07,2.4695808475015447e-05,2.382090971230768e-06,5.896419807530835e-11,1.1973863716541646e-05,1.269973492911367e-07,2.90362913278791e-12,6.064129489166291e-10,0.7909822215592576,2.404990322333773e-06,2.5766143890034517e-07,2.4485216913162772e-05,9.138775596743988e-08,0.040529554069187894,2.507532879337174e-06,4.188213121420496e-06,8.960610718130457e-07,5.336040751958454e-12
59,5.874929816406678e-10,4.963136496333416e-10,0.001288424952931509,3.819811304693435e-06,8.5824457988514e-06,0.14968833786634053,2.5278897209149586e-06,5.215264560059418e-07,2.421178171454944e-05,2.2502601544103353e-06,6.482198798306615e-11,1.2601046265724437e-05,1.2638140892933956e-07,2.9790316197443414e-12,6.161683691891702e-10,0.8038854383849285,2.3784082771000746e-06,2.3535165678960284e-07,2.3150495111286964e-05,9.880299813214296e-08,0.045049924919693334,2.4562269070631783e-06,4.0938684063261135e-06,8.178069789899425e-07,5.170463695295396e-12
60,5.629338156028519e-10,5.334754365662982e-10,0.001136008772176348,4.6638582588070305e-06,8.237115960793144e-06,0.15270056896943995,2.352906092629538e-06,5.266562903801885e-07,2.7632610767389022e-05,2.127032511414367e-06,7.83770371632377e-11,1.2229058947659802e-05,1.0198987944632821e-07,2.8007814763299264e-12,6.695199118833128e-10,0.8036754648287464,2.1443283737687238e-06,2.3068489889791642e-07,2.062504731254481e-05,8.848862920313118e-08,0.042399848090830534,2.6318267228299632e-06,3.926806711189151e-06,5.890749857195549e-07,5.35736242608672e-12
61,5.890511303003073e-10,5.037455297574382e-10,0.0013001749865817545,3.726846564756805e-06,8.969554349948048e-06,0.15129312305464118,2.5060787794401567e-06,4.92305652565543e-07,2.5356257765833413e-05,2.15178800357042e-06,6.684093409344924e-11,1.233768761193248e-05,1.140907006956229e-07,3.048733280562777e-12,6.352729756555229e-10,0.8004051302339948,2.3460918181622352e-06,2.252063469316503e-07,2.340344463202043e-05,9.150035740357162e-08,0.04691257843469676,2.4289288359368547e-06,4.089583802817636e-06,7.521215507992437e-07,5.35353007595978e-12
62,5.629338156028519e-10,5.334754365662982e-10,0.001136008772176348,4.6638582588070305e-06,8.237115960793144e-06,0.15270056896943995,2.352906092629538e-06,5.266562903801885e-07,2.7632610767389022e-05,2.127032511414367e-06,7.83770371632377e-11,1.2229058947659802e-05,1.0198987944632821e-07,2.8007814763299264e-12,6.695199118833128e-10,0.8036754648287464,2.1443283737687238e-06,2.3068489889791642e-07,2.062504731254481e-05,8.848862920313118e-08,0.042399848090830534,2.6318267228299632e-06,3.926806711189151e-06,5.890749857195549e-07,5.35736242608672e-12
63,5.960418770439015e-10,7.983378505703565e-10,0.0011178636511504126,4.857153097086703e-06,8.724783278072741e-06,0.17100222368836906,2.2708688456330742e-06,5.484120884783487e-07,3.172592664810324e-05,2.0094692356344047e-06,8.183941439424226e-11,1.1156135849316549e-05,9.682860736563056e-08,2.8756804340957725e-12,8.10884922329018e-10,0.784937518681886,2.2159698863784106e-06,2.523490151156468e-07,2.518685839170654e-05,8.17411370087488e-08,0.042845357284110694,3.0918132891965824e-06,4.204415455037773e-06,6.116731869010247e-07,6.492816612244971e-12
64,4.934250966981321e-10,4.701934083999542e-10,0.0013793060530073375,3.6376607172476695e-06,8.674563334640602e-06,0.14591506808746646,2.238844524172303e-06,4.0391721520097306e-07,2.3732945227221407e-05,1.752805111565304e-06,6.900115947796383e-11,1.3163786136243846e-05,9.038856230155895e-08,2.9947151912108458e-12,6.674629368592491e-10,0.7831284258290995,2.3642109982603924e-06,2.1771166226720512e-07,1.8409867119825954e-05,9.283827683240126e-08,0.06949458931188159,2.2980166011608327e-06,4.902099353593004e-06,6.293555748960133e-07,5.0524603912853904e-12
65,7.247273167040336e-10,4.339245981571335e-10,0.0013824286093050654,5.2262156111593125e-06,8.358010130328256e-06,0.12335500627428052,2.32954861589094e-06,8.292898790238597e-07,3.540572533889146e-05,3.105139875697442e-06,1.1602113544991976e-10,1.3366140751394957e-05,1.3048356889444256e-07,2.4212210858621063e-12,6.863640369229557e-10,0.8467301213504242,1.949822557459678e-06,1.7740693974592666e-07,2.176479759523063e-05,8.772642226091284e-08,0.028433984240224724,2.6904797816189936e-06,2.60122896006915e-06,4.3554192824902986e-07,4.351162804647083e-12
66,4.330781149164618e-10,2.1091305274861007e-09,0.000700817680094152,6.7473799490173955e-06,4.060513187673692e-06,0.23260753904540496,2.269993102200697e-06,8.378589186147812e-07,3.6215308472752114e-05,1.5729582996038284e-06,1.1350767818504434e-10,2.136225484191384e-05,4.251337216602353e-08,3.931889878040392e-12,2.7388276082010526e-09,0.698472366480598,2.1349174352033602e-06,3.5761645879679316e-07,1.7462024061864707e-05,5.327540200557375e-08,0.06811084734451874,7.70674310952509e-06,6.973017618558234e-06,6.276628612603046e-07,1.3817275439718818e-11
67,5.662204831737394e-10,5.319841189883899e-10,0.0011413829449301108,4.66257799677789e-06,8.266674083507176e-06,0.1518703506877682,2.3516540181728635e-06,5.307463880308814e-07,2.7750974464416393e-05,2.138690213984553e-06,7.877500252478289e-11,1.2237652334617059e-05,1.0255917324277074e-07,2.7982510299395465e-12,6.695379660379393e-10,0.8047949815947871,2.138793564209645e-06,2.2969968848667763e-07,2.0677855545807714e-05,8.839253043065372e-08,0.04210499833848618,2.6273155698895636e-06,3.894207762878517e-06,5.867860424890479e-07,5.335776509829896e-12
68,1.7135221963695753e-10,3.7078292271620043e-10,0.000774990700020571,2.5783277422616248e-06,5.6261013940643355e-06,0.2870692033341844,2.5769956158533403e-06,5.820694277762845e-07,1.9383807272049515e-05,1.611751547020651e-06,5.2008933753584455e-11,3.876300788496085e-05,6.769060360146054e-08,2.495159628078939e-12,1.2263178255183053e-09,0.5793177775506796,1.7664867382458436e-06,3.4707576944491084e-07,7.371782739185014e-06,1.329278534506926e-07,0.13274731470374465,3.241512441405121e-06,5.999396532556079e-06,6.629498669130849e-07,4.98514021839524e-12
69,5.370017086333641e-10,6.044267672871115e-10,0.0018483154431205733,1.1858193177352738e-05,1.570869243712077e-05,0.20536606788376185,3.123391259923019e-06,9.79070626184133e-07,7.221234815824803e-05,5.982172141384073e-06,7.648780226227397e-10,2.7067093565081694e-05,1.0849870782470834e-07,5.727806897907039e-12,3.1901593328588634e-09,0.639157718840798,3.637825765730089e-06,6.123632395303253e-07,7.953782993914372e-06,5.152100274346431e-07,0.15345597111456785,3.191312998295163e-06,1.8646303281319282e-05,3.2534096123933627e-07,1.6217374189784002e-11
70,5.659470405021665e-10,5.384975561552179e-10,0.0011343960462280895,4.62724822746072e-06,8.252113290423599e-06,0.15311387826764208,2.3594555718894527e-06,5.277790699256711e-07,2.7617984655048303e-05,2.126996191120957e-06,7.805510537838062e-11,1.2242308413735725e-05,1.022197288982467e-07,2.8227265925836187e-12,6.73527504127346e-10,0.803041483573373,2.1744264346688416e-06,2.3254745921000302e-07,2.0880818801545487e-05,8.81857990245825e-08,0.042621818563346854,2.6531125199703853e-06,3.93954904379709e-06,5.969399471185021e-07,5.406325537069916e-12
71,9.653180800565683e-10,2.3092911242420332e-10,0.0010108194477175007,4.047166935526812e-06,1.3874023199905958e-05,0.17852209268064848,7.823419451344068e-06,7.679639535587775e-07,4.558703765441305e-05,5.948949050139282e-06,8.816019482360283e-11,1.66774101141093e-05,2.2493659574945085e-07,3.879281074590956e-12,5.196712133484913e-10,0.7933914202327652,3.386803296556243e-06,2.617834976787526e-07,1.8971572353864995e-05,1.6633347439507637e-07,0.026948979922212533,2.3201240045117933e-06,5.329753134649952e-06,1.2986232735342158e-06,8.708328166673033e-12
