,0,1,2,3,4,5,6,7,8,9,10,11,12,13,14,15,16,17,18,19,20,21,22,23,24
0,1.5238957385545924e-06,0.00011604342055093913,0.0017897365899785839,0.0009697345825869499,2.8587743905755846e-05,0.00017521211539919712,0.1656079337830734,0.37827809186608496,0.02737054752317643,0.00013678379550636257,0.0010001551153070846,0.017579934613221392,1.0306222858563467e-06,3.0970929695646975e-05,0.0358673262365265,0.3543830269494392,3.5469392248979897e-07,1.924069112580415e-05,0.006265564916300079,1.6905267344153625e-06,0.002788475187360774,0.00754313167551602,2.8530271774182673e-06,2.282341119656649e-05,1.922608818953845e-05
1,1.2709464626316608e-06,0.00012487698974773882,0.001310424541014776,0.001207103734029351,3.7009577589135006e-05,0.00016387001708429238,0.17393958704864348,0.4378196114363933,0.023251381829625314,0.00011853275873667976,0.0017093889976905908,0.020601488515118734,1.0336055388843366e-06,5.0833328664107905e-05,0.03704459716243973,0.2825659577933785,5.51339529916484e-07,2.046012832943775e-05,0.0060017964431142235,1.941502933836373e-06,0.0031512774728362225,0.010827011476210537,4.595454187074191e-06,2.413924588095136e-05,2.125865482052804e-05
2,1.5396723573484264e-06,0.00011043429786332233,0.0016135556855577898,0.0006808841002600193,3.805643892563344e-05,0.0001600793458338579,0.1725969357537775,0.35087928408505276,0.026488423274956464,0.00011916274859272749,0.0009829969499834893,0.014349097575593786,8.877601765915221e-07,2.8704397293126727e-05,0.04746722845825504,0.3703832968386701,3.0618961407160366e-07,1.5875542703705285e-05,0.005635334442641946,1.7141448111252214e-06,0.002232124826390678,0.00617326621075595,2.5098009729619925e-06,1.7701597425217904e-05,2.0599861534723896e-05
3,1.4956360576806561e-06,0.00010798669120884742,0.0017534307060722355,0.0008755558116262546,2.9667506770402524e-05,0.00018457669016975394,0.15097988023559042,0.37037911332503687,0.028132880460922348,0.0001245755283848617,0.0010115578304412168,0.015853666116571966,1.0490506332088159e-06,2.8351023182815036e-05,0.03650436657003283,0.3775407530575128,3.651193564674345e-07,1.85551465425812e-05,0.006490265923437233,1.6917992297809562e-06,0.0027632014209276142,0.007173816780073043,2.636964436168115e-06,2.2743426349986652e-05,1.781717943280168e-05
4,1.5936692242603098e-06,0.00011308952013105856,0.0018171886143172685,0.0009796556651007976,3.036286556173745e-05,0.00019267282275593932,0.15582700922471734,0.36135937162194914,0.029959746839669645,0.00013127563651082623,0.0010460608881152514,0.01830419918172855,1.2743091558239334e-06,3.15509907911996e-05,0.036716092483797765,0.37578832694607855,4.142791059308104e-07,2.0467780914155022e-05,0.006632526468849572,1.832924896590712e-06,0.0030511598954829112,0.007946250817400548,2.9439692188523096e-06,2.497731441101705e-05,1.99552701152021e-05
5,1.6290729995343336e-06,0.00011000997965319912,0.0018299497763071568,0.0011409533482035824,2.5965330807452235e-05,0.000188582684180989,0.14941516940814417,0.3698502498618036,0.02901647676154414,0.00014208518091049155,0.001013183036722947,0.01922956998445325,1.2615226277498238e-06,3.2308048894719894e-05,0.03409207662499323,0.37567269582118423,4.2796946963400836e-07,2.4330819747572163e-05,0.006325870561344002,1.9392609956961076e-06,0.003195946284552276,0.008639365572722506,2.904995110225426e-06,2.7184383448558146e-05,1.986370917903298e-05
6,1.4956360576806561e-06,0.00010798669120884742,0.0017534307060722355,0.0008755558116262546,2.9667506770402524e-05,0.00018457669016975394,0.15097988023559042,0.37037911332503687,0.028132880460922348,0.0001245755283848617,0.0010115578304412168,0.015853666116571966,1.0490506332088159e-06,2.8351023182815036e-05,0.03650436657003283,0.3775407530575128,3.651193564674345e-07,1.85551465425812e-05,0.006490265923437233,1.6917992297809562e-06,0.0027632014209276142,0.007173816780073043,2.636964436168115e-06,2.2743426349986652e-05,1.781717943280168e-05
7,3.0125198172296914e-06,0.0001389375657823216,0.0028857270784279397,0.000808647956635074,3.126281301801901e-05,0.00022014205810522074,0.15763399329743247,0.41502042084248164,0.030085900920320416,0.0001461005048039887,0.0008836423225095309,0.014527718712232917,1.1988716997386701e-06,2.035290530010251e-05,0.028314544874580055,0.33225987107208904,3.1210173338060815e-07,1.9694243106018153e-05,0.009776099711649056,1.5254687485611856e-06,0.002291512510733624,0.004876643590500661,2.806286778245568e-06,3.3707363774194105e-05,1.6224407740556253e-05
8,1.927136823585542e-06,0.00019047408061926673,0.0026011704339968912,0.0013943294540959235,3.349343062752367e-05,0.000196136460405898,0.19576482112546664,0.421292678032311,0.024960486026577935,0.00018392856335347583,0.0010394693039960658,0.01936997575078723,1.0914677752905202e-06,3.940216480239278e-05,0.02559886784407479,0.2938798173793036,2.8476297850922156e-07,1.4107761037044436e-05,0.006567654512306617,2.249694973080995e-06,0.002198536588755974,0.0046137102447666375,5.121868191644953e-06,3.040945814829104e-05,1.985645382483165e-05
9,1.5126113461183381e-06,0.00014788177399134513,0.002713704007142385,0.0015888017879717832,2.4850001243239006e-05,0.00020014920675143091,0.18216143513100072,0.34869708533209265,0.030161325069167993,0.0001943429631476948,0.0008259711631210443,0.02226140324981687,1.324562054233835e-06,3.364685018889423e-05,0.028475610385781055,0.3677337071096001,3.1340979885647975e-07,1.8393347226033667e-05,0.005301874485712099,2.35303217734461e-06,0.003484489192920102,0.005916083177247189,3.7129841882533693e-06,2.8277219608401397e-05,2.17519467040003e-05
10,1.4956360576806561e-06,0.00010798669120884742,0.0017534307060722355,0.0008755558116262546,2.9667506770402524e-05,0.00018457669016975394,0.15097988023559042,0.37037911332503687,0.028132880460922348,0.0001245755283848617,0.0010115578304412168,0.015853666116571966,1.0490506332088159e-06,2.8351023182815036e-05,0.03650436657003283,0.3775407530575128,3.651193564674345e-07,1.85551465425812e-05,0.006490265923437233,1.6917992297809562e-06,0.0027632014209276142,0.007173816780073043,2.636964436168115e-06,2.2743426349986652e-05,1.781717943280168e-05
11,1.5548625184384362e-06,0.00010826757271542848,0.0018157779892347297,0.0009141705381347301,3.080895211821151e-05,0.00018857385642750168,0.15312337347047392,0.3640511491798964,0.02871053376125613,0.00012802235273125673,0.0010169914516448698,0.016767502029045388,1.2101884347851363e-06,2.8939160740333755e-05,0.03590309426427266,0.38053094302975177,3.9262563590812317e-07,1.9287935825665932e-05,0.006472189839543203,1.825494695206997e-06,0.0028870285000884145,0.007252569177591932,2.8184987601088505e-06,2.430596934281853e-05,1.866929912030666e-05
12,2.455802955585015e-06,0.0004060137299642019,0.0007171730834408386,0.002320193870613399,8.995194074812017e-05,0.0003154163933939625,0.15657745297781483,0.2370737916113343,0.033932094008024695,0.0004494737625343383,0.0008746401689488018,0.018210553060094007,1.6535349731549503e-06,0.00024890369132151596,0.02828677511737279,0.4913434697665315,2.274648176688558e-06,6.614432913250873e-05,0.004839764285477649,5.542097971139441e-06,0.007974480901858514,0.01616545049621162,7.770894672696295e-06,1.839400663370649e-05,7.016581979935477e-05
13,6.351774165090054e-07,8.252726224022184e-05,0.0009831874797406898,0.0012221949471651046,2.639270594984615e-05,0.00010447960181192766,0.1389767016285783,0.5541761018205059,0.0174023281039149,5.74073298612309e-05,0.00246110437104107,0.026565774304524118,8.253475606852246e-07,5.966729099360948e-05,0.033231609500089035,0.20827090616955024,3.5451875807434675e-07,1.2617796459526084e-05,0.003944800232007736,1.3721270365152143e-06,0.0023365533937940506,0.010046109544342596,4.791896485037577e-06,1.7435108177577883e-05,1.4122341995728208e-05
14,1.2609109490769443e-06,5.687849192117618e-05,0.0023208295572864188,0.0009900883550763191,1.5216320422455163e-05,0.00017328694379252182,0.10270752433086242,0.3250055051202615,0.03869212225751943,7.786313346890335e-05,0.0006735951135100548,0.021798225500064976,1.5510954025410227e-06,1.6065819382454746e-05,0.03576084933003405,0.4545013203584069,3.3516878303306434e-07,2.0198785844620692e-05,0.005103987962182278,1.37453205219585e-06,0.0038997206213036255,0.008142547439674224,1.6120429591170638e-06,2.264249033808829e-05,1.5398318501737548e-05
15,1.4956360576806561e-06,0.00010798669120884742,0.0017534307060722355,0.0008755558116262546,2.9667506770402524e-05,0.00018457669016975394,0.15097988023559042,0.37037911332503687,0.028132880460922348,0.0001245755283848617,0.0010115578304412168,0.015853666116571966,1.0490506332088159e-06,2.8351023182815036e-05,0.03650436657003283,0.3775407530575128,3.651193564674345e-07,1.85551465425812e-05,0.006490265923437233,1.6917992297809562e-06,0.0027632014209276142,0.007173816780073043,2.636964436168115e-06,2.2743426349986652e-05,1.781717943280168e-05
16,4.141882002180796e-06,9.672871994780515e-05,0.003975637835533649,0.0008089937134323944,7.98978337810236e-05,0.0006481129571015859,0.03623989647114239,0.21414552903864098,0.05445240319069804,1.4865781369442126e-05,0.00227704786345185,0.00191941672263315,6.456938502141696e-07,6.8723072884536975e-06,0.011664419499867408,0.6666712071468204,1.7172122612745528e-07,5.226029445258267e-06,0.006136916704575133,1.104919917883917e-06,0.0003224880664514968,0.00044029818475157037,1.6849839210740866e-06,8.363508580459571e-05,2.6576463460337136e-06
17,1.0644913064488817e-06,0.00010351229484690414,0.001192118470399755,0.0012008530900101686,3.2767586072958014e-05,0.0001395526405590972,0.157938555485513,0.420549219306837,0.021320826204401993,0.0001318660589358247,0.0012432475496603978,0.021637850411325932,1.2990696523098311e-06,5.0420070223732863e-05,0.03257415829488161,0.3228683062740975,5.923764708917447e-07,2.055799378247354e-05,0.004728750205917566,2.355414735895394e-06,0.003242535433844232,0.010973336187600083,4.500401214940965e-06,1.9940222642841713e-05,2.181446506637929e-05
18,1.6616436015443703e-06,0.00013226411680793644,0.0013198419280107706,0.001086363508140965,3.6458502819335955e-05,0.00016912297489273835,0.18197193447035953,0.3191002003034145,0.02916011921251802,0.00019385890652866655,0.0008402636081738127,0.02247766037265341,1.4165386824210186e-06,4.863199655408278e-05,0.039232901980656355,0.3816873313712447,6.584976069251834e-07,3.181444493037867e-05,0.005566569984095688,2.332553020565957e-06,0.004680847454513667,0.012201695235517535,3.509143162811326e-06,1.9617693881848496e-05,3.292355821176239e-05
19,1.4351538986229916e-06,0.00010815697622501264,0.0018385290375007451,0.0009374940824917601,2.8112617404437167e-05,0.0001671283541835946,0.16774737762116784,0.36374479324316095,0.02884439524966944,0.00012700250595244764,0.0009493678945738715,0.01833839360481855,1.0994016929124857e-06,2.8074297624063784e-05,0.036798495435537704,0.3639278290670338,3.468157800364961e-07,1.8398850028999265e-05,0.005945963027505098,1.6349868604459986e-06,0.002900821850730892,0.007501770379025376,2.658691244865363e-06,2.1669788524363767e-05,1.9051067364023452e-05
20,9.876804594336614e-07,7.00706805691961e-05,0.0014522597321173485,0.0007371867222398711,1.9737397889119267e-05,0.00011830329546861412,0.13562692575754415,0.443598357255918,0.02032616799798879,9.479226832884564e-05,0.00092942537083878,0.015663019483463773,7.151617888946007e-07,2.43699706766085e-05,0.04542786938486557,0.32005775142599735,2.950914894928445e-07,1.7268109424551165e-05,0.00455127803121009,1.1910440778115184e-06,0.0024271558559568374,0.008823903453800975,1.947573429090568e-06,1.2783031467468111e-05,1.6238222989334482e-05
21,1.3388567561694257e-06,9.27236366877229e-05,0.0015060667626871967,0.0005041327021080564,6.076867664732559e-05,0.0001401193054949076,0.1787285416346512,0.4581368145638023,0.01892118265915372,7.802609706365856e-05,0.0017083636797315122,0.010889689126823492,9.04625879475814e-07,1.3320089914815964e-05,0.053819419341278915,0.2526966015821595,8.410510680839884e-07,1.1173153145444168e-05,0.010242331600963956,1.7326826471240929e-06,0.0032983285012107314,0.009104906618362553,4.163327834331543e-06,2.1081369047478524e-05,1.742835488024057e-05
22,1.9047517890106841e-06,9.732609036866194e-05,0.0016003725018757923,0.0008412082490618954,2.629435808557847e-05,0.00021612944739580838,0.10645729896379859,0.3804815076228648,0.027597589565930027,0.00012442252550959066,0.0010914114497516795,0.012379496966685461,9.9138479493009e-07,2.7534205581481852e-05,0.03787914381220813,0.4105590111869729,5.455621089260427e-07,2.9283224449820977e-05,0.007596990632696262,1.7154307857867343e-06,0.002884326563547783,0.0100606147617204,2.1955826098527565e-06,2.5869948343948515e-05,1.6815211063060496e-05
23,1.4956360576806561e-06,0.00010798669120884742,0.0017534307060722355,0.0008755558116262546,2.9667506770402524e-05,0.00018457669016975394,0.15097988023559042,0.37037911332503687,0.028132880460922348,0.0001245755283848617,0.0010115578304412168,0.015853666116571966,1.0490506332088159e-06,2.8351023182815036e-05,0.03650436657003283,0.3775407530575128,3.651193564674345e-07,1.85551465425812e-05,0.006490265923437233,1.6917992297809562e-06,0.0027632014209276142,0.007173816780073043,2.636964436168115e-06,2.2743426349986652e-05,1.781717943280168e-05
24,1.7067290658063377e-06,0.0001423567305161162,0.0016551863073928775,0.0011257613328106834,3.091943597797618e-05,0.00021107603715094048,0.14697306496211032,0.3876631430808449,0.02659611150959163,0.000165774101013576,0.0010898082084174875,0.016123483084050455,1.115869820601302e-06,4.4255751856487065e-05,0.029893615413267592,0.3713489836363395,4.2419300238524247e-07,2.2069032372491086e-05,0.006839520469695044,2.1081311096851026e-06,0.0025347144315221067,0.007485994688615955,3.453538167341034e-06,2.634956579972708e-05,1.900375948824386e-05
25,7.34674560400528e-07,7.567430628362096e-05,0.0009925372821322689,0.0009192637578202176,2.4255854005111363e-05,0.000128963166229842,0.11404777302149864,0.5794838644337813,0.014063975957907779,7.731175061739675e-05,0.0015317608684644714,0.01146481979908003,5.297519137925225e-07,4.362728485800079e-05,0.022477138115260187,0.24343422008277804,2.760458106581416e-07,1.286850237549983e-05,0.003914672368714017,1.2504001707269848e-06,0.0015726078148840116,0.005704359312874205,3.066869092948791e-06,1.4914148726605013e-05,9.534430160220798e-06
26,3.5555953635564288e-06,0.0001503519095274013,0.0027508122161209545,0.0011273067975510387,4.158846796462089e-05,0.0003392342384742093,0.11388505324012045,0.30668157092047493,0.044209768071675176,0.0001327711267520758,0.001251351023556081,0.015424330134041219,2.2558733824486463e-06,2.284295752693619e-05,0.023395999495072158,0.4685292604816207,6.534951278220303e-07,2.6619154919430962e-05,0.012108457685022691,2.8272195709098437e-06,0.003526862767839241,0.006290923107671564,3.7105898398216946e-06,7.627207195505524e-05,1.5621358829449896e-05
27,1.3185944950910508e-06,9.456131694489363e-05,0.001582766227546395,0.0008508060383590871,2.5566864259068482e-05,0.00016342686840986706,0.13601144537019805,0.3934567879971164,0.02598271512352339,0.00011214583348470799,0.0010304547117567853,0.015573455816316193,9.273537367031488e-07,2.8075081848745505e-05,0.0385415123657946,0.36935331965910434,3.7200897265454083e-07,1.9135203257314594e-05,0.0059844260211775,1.552071887221489e-06,0.0027082831610948334,0.00843794125732342,2.399237788202497e-06,1.981639634990501e-05,1.678941925466711e-05
28,1.4956360576806561e-06,0.00010798669120884742,0.0017534307060722355,0.0008755558116262546,2.9667506770402524e-05,0.00018457669016975394,0.15097988023559042,0.37037911332503687,0.028132880460922348,0.0001245755283848617,0.0010115578304412168,0.015853666116571966,1.0490506332088159e-06,2.8351023182815036e-05,0.03650436657003283,0.3775407530575128,3.651193564674345e-07,1.85551465425812e-05,0.006490265923437233,1.6917992297809562e-06,0.0027632014209276142,0.007173816780073043,2.636964436168115e-06,2.2743426349986652e-05,1.781717943280168e-05
29,1.4956360576806561e-06,0.00010798669120884742,0.0017534307060722355,0.0008755558116262546,2.9667506770402524e-05,0.00018457669016975394,0.15097988023559042,0.37037911332503687,0.028132880460922348,0.0001245755283848617,0.0010115578304412168,0.015853666116571966,1.0490506332088159e-06,2.8351023182815036e-05,0.03650436657003283,0.3775407530575128,3.651193564674345e-07,1.85551465425812e-05,0.006490265923437233,1.6917992297809562e-06,0.0027632014209276142,0.007173816780073043,2.636964436168115e-06,2.2743426349986652e-05,1.781717943280168e-05
30,1.4956360576806561e-06,0.00010798669120884742,0.0017534307060722355,0.0008755558116262546,2.9667506770402524e-05,0.00018457669016975394,0.15097988023559042,0.37037911332503687,0.028132880460922348,0.0001245755283848617,0.0010115578304412168,0.015853666116571966,1.0490506332088159e-06,2.8351023182815036e-05,0.03650436657003283,0.3775407530575128,3.651193564674345e-07,1.85551465425812e-05,0.006490265923437233,1.6917992297809562e-06,0.0027632014209276142,0.007173816780073043,2.636964436168115e-06,2.2743426349986652e-05,1.781717943280168e-05
31,2.0272991078608776e-06,0.00011082609962003825,0.0021164124248481127,0.0007529451386493507,2.553467673703884e-05,0.00015894538098833584,0.1508406550546035,0.49014400111916895,0.02172052526480763,0.0001410487912433882,0.0007897311660995149,0.011970796340728125,7.953335224375769e-07,2.2935834122851542e-05,0.027892472599787235,0.2789679394592598,2.8526044409937017e-07,1.827617142210927e-05,0.006967561922006789,1.3380555476610941e-06,0.002000986013161132,0.005316889077831927,2.5010761952155206e-06,1.9762190495509342e-05,1.4808249601393115e-05
32,1.6318515582554213e-06,0.00011166062534066399,0.0018049157951931139,0.0008272892354071623,2.9922062961201498e-05,0.00019107531816225956,0.1491946027322218,0.37678685415794555,0.028284145678698754,0.00012885485970167172,0.0010130150897114383,0.015538327771130308,1.0681222036448823e-06,2.7581534917262136e-05,0.036844269578435854,0.37184445338841976,3.755531186582414e-07,1.9219208702498842e-05,0.007258641862836132,1.6688235128772305e-06,0.00278120736587879,0.007265096381936744,2.6445191041152394e-06,2.3606030984902138e-05,1.7872451916710638e-05
33,1.9771776124226995e-06,0.00012370725099243896,0.002431929683419933,0.0007625634213690571,2.9401010516652977e-05,0.00016253484475853115,0.1968084232359943,0.29708122470672294,0.040311343882311494,0.00011109420266292471,0.000789501610384819,0.01971018244826907,9.002325716708522e-07,1.935027687104009e-05,0.05523501994683895,0.3707059323978865,2.3456344268896098e-07,1.7448854331725745e-05,0.006379278109390829,1.2727078964396221e-06,0.0030018125619699896,0.006269932318352112,1.8386385107261008e-06,1.9757179215938216e-05,2.3338737706689954e-05
34,7.073382730454245e-06,0.00023471839967655582,0.004078171901869956,0.0005887065349585607,3.80480534424838e-05,0.00033194489498393975,0.14373228618479975,0.32118758562942457,0.08351617652163724,8.742688537555206e-05,0.001213999159697133,0.018327617392954538,1.291582664069385e-06,1.647054653724942e-05,0.04558947969588601,0.3465650944545605,3.1117777461148837e-07,2.594248436491142e-05,0.02477269302261489,8.74889850957914e-07,0.0032425467103300654,0.006370835876140135,1.7931406457555983e-06,5.169651223795937e-05,1.72149648421762e-05
35,1.3751431703010517e-06,0.00010904254529257057,0.0016837378041264937,0.0008854701735405584,3.130893375145929e-05,0.0001910729078244191,0.14827780249218547,0.36273827124125796,0.02717322765804528,0.00012437743022882805,0.0010711432519003668,0.015617676482127753,1.0755289958124373e-06,3.0247776569690494e-05,0.03741576541684418,0.38844170402567113,3.7750110909241525e-07,1.7308860591054553e-05,0.006360858562366663,1.8190509340463276e-06,0.002735506245829232,0.007047384642137366,2.82646658627217e-06,2.2612571647682386e-05,1.800728726623023e-05
36,2.185668580946126e-06,0.00021004303276241334,0.002297544592354159,0.0012503869112780045,5.8803642100319034e-05,0.0003788363268746724,0.1713125214448596,0.2879983725263959,0.03729678588392516,0.0002069630998666386,0.0012963139719765935,0.01157049336986318,1.239058323259413e-06,3.7789718916399204e-05,0.03009781888409655,0.4372157207117651,5.646178253444954e-07,2.31599320828129e-05,0.008584634896294706,3.322743588977763e-06,0.004841107587617787,0.005243979920653057,4.226733009968498e-06,4.618909450004856e-05,2.0995630488426805e-05
37,2.9146623835556005e-06,0.0001515253969154126,0.0025364127164452894,0.0011609770678598548,2.9977705626698552e-05,0.0002003576481756509,0.17794920232341763,0.3745437295480058,0.03290652233664381,0.00017421100003819524,0.0009796695594059472,0.019774467065304165,1.4226409584430745e-06,2.550493221090139e-05,0.026846269379711338,0.34246495392564114,4.31054249919463e-07,2.7867943691991514e-05,0.009064002149166793,1.9684968375991735e-06,0.003272844463602694,0.007817194202693535,3.388424289226925e-06,4.4915181062206135e-05,1.927017566219324e-05
38,1.5081612748420174e-06,0.0001081905909860374,0.0017610117278510956,0.0008686249601724659,2.977306948875057e-05,0.00018560362012143365,0.15117470436909772,0.3687415715112463,0.0282354711813078,0.00012474646218879205,0.0010056467887099411,0.01575986743401309,1.0475739022769782e-06,2.8157359479067703e-05,0.03663359268930652,0.3789048831900328,3.623375275865491e-07,1.852702791939906e-05,0.006516179182779183,1.6839943365798816e-06,0.0027501377576431446,0.007105514481341359,2.6160496838852176e-06,2.2741252848285794e-05,1.7837226741586795e-05
39,1.9186131334758972e-06,0.000213015492053122,0.0016595314138453457,0.0011994336672187453,3.9745426474902776e-05,0.00015379086377169103,0.21550750577861474,0.3526355660533316,0.03320844851955095,0.00013602384483184764,0.0013631337519708336,0.02203404904180333,7.893089975330292e-07,5.158408293761452e-05,0.041325843169764905,0.3134098713738342,3.227908224470395e-07,1.9218390434713475e-05,0.006068067744963759,1.715623893870064e-06,0.0023932749288099555,0.008525902870623487,3.6251715185281897e-06,2.3767183612203226e-05,2.3854893186353654e-05
40,1.7779621256625467e-06,0.00014077319279833154,0.0021652233880460284,0.0008648022673948299,3.161972100787397e-05,0.00017198353432066807,0.196944259467834,0.3155375803984675,0.038795063388279274,0.00011233552267803758,0.0010187414139758366,0.02427966846546776,1.0922013639573015e-06,3.099229438418244e-05,0.0557330102774114,0.3464528315299351,2.879529757165667e-07,1.7245790354487418e-05,0.006656627615106656,1.3215016528575455e-06,0.0029353921479535307,0.008059564110792417,2.512011862902422e-06,1.9578044644271557e-05,2.5715799166672634e-05
41,1.4415310500805017e-06,0.00011420320018072709,0.0016831380753740265,0.0009744226799091411,2.6723479597587296e-05,0.00019179318130228793,0.14776867276771516,0.39945313589908493,0.02608375336540737,0.00014456356726713927,0.0010766456319385735,0.017097370192682648,1.0691168769872161e-06,3.311200332430702e-05,0.03396571935236868,0.3523927041926875,4.178768684984552e-07,2.071103650693771e-05,0.0072778061615798514,1.7838686300850373e-06,0.003113852244459289,0.008531253625772842,3.0577784129325843e-06,2.440721644926333e-05,1.8241954553368766e-05
42,1.168748847229613e-06,7.123178191039065e-05,0.0016366191965916153,0.0007401951613306589,1.9217432648123063e-05,0.00016733840244946056,0.11087571390597853,0.40250111341026007,0.022488473437229803,0.00011607521428503845,0.0008326355445161112,0.014492191775951927,1.1029359816998394e-06,2.0322283746703433e-05,0.033764157214462145,0.3949641937071692,3.710490346003131e-07,1.830500185093728e-05,0.0066984116232234134,1.5420503147878275e-06,0.0027609626426494463,0.00779218637781731,2.1276656640086384e-06,2.0092760856874337e-05,1.425067522976625e-05
43,1.34745676654985e-06,9.570597312701797e-05,0.0016521535538808992,0.0008116312293767337,2.6832719010066522e-05,0.00020691391007518243,0.13538607025197927,0.37289625376099017,0.02425470035188319,0.00016270158416862063,0.0008633948865187887,0.013170007058314564,1.1144744703977311e-06,2.842768419116883e-05,0.032647667113355226,0.4002298319502951,4.286617038649843e-07,2.1183265006535708e-05,0.006723579383336859,1.9254196618054113e-06,0.003232875858855044,0.007543283797368159,2.5973564391976047e-06,2.1987179304983457e-05,1.7385119920606967e-05
44,1.4956360576806561e-06,0.00010798669120884742,0.0017534307060722355,0.0008755558116262546,2.9667506770402524e-05,0.00018457669016975394,0.15097988023559042,0.37037911332503687,0.028132880460922348,0.0001245755283848617,0.0010115578304412168,0.015853666116571966,1.0490506332088159e-06,2.8351023182815036e-05,0.03650436657003283,0.3775407530575128,3.651193564674345e-07,1.85551465425812e-05,0.006490265923437233,1.6917992297809562e-06,0.0027632014209276142,0.007173816780073043,2.636964436168115e-06,2.2743426349986652e-05,1.781717943280168e-05
45,2.588134451017924e-06,0.00028788457485945233,0.001828040622591045,0.0016530557277097489,4.817223909126068e-05,0.00025127656951319635,0.20306880549622033,0.31903852491087403,0.04114209725473326,0.0002715386264623011,0.001137482653908997,0.028297308358432152,1.7767417172970749e-06,7.37239107697726e-05,0.02949687370854914,0.3447385605175831,8.590545932242631e-07,3.472417947251104e-05,0.009455739178271933,3.2012074767463635e-06,0.006547317370685167,0.012540332821282044,6.4674700846564385e-06,3.728029237630437e-05,3.636837829143006e-05
46,1.096169279694951e-06,7.312265121573156e-05,0.00133900280305954,0.001280558822212471,2.1770620986093832e-05,0.0002396586986284151,0.07438815769959449,0.41777708943134567,0.019897829597695732,0.00013043091168731688,0.0013355800422885087,0.015105940579572902,2.0719049767278955e-06,3.415855101012625e-05,0.02573444736724665,0.41715829258901427,1.1688856191273514e-06,2.5721081691206408e-05,0.007763948962754469,3.0053037911348224e-06,0.00380428809390546,0.013829044054076116,4.3124533652871365e-06,3.411364281690349e-05,1.5189082165951772e-05
47,2.080111571487539e-06,9.232866587745315e-05,0.001982312600520394,0.0007330023717460266,2.3780867786682535e-05,0.00016246856027962042,0.14581632213180154,0.26887917550387724,0.03770432208897173,0.0001300041136548899,0.0006614889783880084,0.021885107961153883,1.7123857253164705e-06,1.7366260684103016e-05,0.04218562440426936,0.4589341987793286,4.113312550013273e-07,2.4002829090003193e-05,0.007734304686041093,1.680280155967151e-06,0.0033304831636881533,0.00964647816707386,1.951946330035617e-06,2.7049001503710166e-05,2.2342809225763737e-05
48,1.4091755708980547e-06,9.857988678716042e-05,0.0017605567063863768,0.0008835381035412407,2.8866322956037616e-05,0.00016861717355301492,0.1545596882821007,0.35937804069473056,0.028803145099784155,0.00011427823588467255,0.0009622004612407697,0.01667236995588055,1.0329257932155334e-06,2.7041741414305557e-05,0.03886501361644319,0.3822351034045748,3.378020175904197e-07,1.82124066528195e-05,0.005535837315314869,1.6529298857563583e-06,0.002764337264620995,0.007078529472406021,2.434608553105354e-06,2.083046658401662e-05,1.834594732333853e-05
49,1.4536129246191451e-06,0.0001083084694839104,0.001995300634062611,0.0011026635997716863,2.5002999645193085e-05,0.00018630632725138968,0.15016199635489869,0.37111188997511235,0.028962736045305637,0.00013621663104497556,0.0009853178983648741,0.0204272477872624,1.2643544704840096e-06,3.111814478967001e-05,0.03596166273298824,0.37108730781876026,3.860901705871216e-07,2.039508575236694e-05,0.0061404126871703905,1.849622216004616e-06,0.0032816391655419216,0.008221869297395249,2.9879671631724017e-06,2.4666695652684024e-05,2.0000002800598093e-05
50,1.0897819648386803e-06,0.00010612216148785217,0.0013515092225327293,0.0006064201611581541,2.8460157091611914e-05,0.0001071106553677923,0.25188000575983327,0.45130905412113625,0.0133131743190604,0.00020341397458816294,0.0006795762803862197,0.013987185851213842,6.233107430523282e-07,3.212534972864068e-05,0.033296846844299455,0.22043587462408473,2.2975221388522191e-07,1.2920373187243045e-05,0.004941564654184364,1.290795983499791e-06,0.0018876929776451496,0.00578257080548479,3.190983664042602e-06,1.0807396687296552e-05,2.1139686272655815e-05
51,2.346111798140486e-06,0.00028496339550642855,0.0020546781617763734,0.0017252331010435278,1.844065893692932e-05,0.00015539765319132974,0.17555263176660638,0.49548967014136003,0.03061298761358593,0.00017584228973661944,0.0012977620051775806,0.023425930927534592,5.022343885650532e-07,6.574109867847906e-05,0.03806506657884315,0.2062312963942638,3.396217881973761e-07,2.949999976175754e-05,0.008237758021169167,1.1118070048772924e-06,0.0025006942707507273,0.014025716141375912,3.329718207369389e-06,1.9799255476372006e-05,2.326103203777435e-05
52,1.2807552738942349e-06,4.305068991884344e-05,0.0009162303991209404,0.0004350109913050388,1.7828279147241725e-05,0.00024224768720388433,0.053795569296502276,0.30559534435213437,0.02179751803471865,7.66241653040714e-05,0.0007660911225296181,0.005336672776581976,5.766468938019804e-07,2.1793089537998458e-05,0.039084755368471585,0.5588891435817313,3.1681589112469143e-07,2.9409031566860155e-05,0.004903029101656973,1.039478433256913e-06,0.0016295817748161235,0.006391817231129867,7.30602838084345e-07,1.4367738581141025e-05,9.97098871106294e-06
53,3.1030438810178423e-06,0.00015245012092988012,0.002112311251153054,0.001079647555449048,2.233828501672371e-05,0.00044963492219519334,0.06082403368948233,0.32318209450521734,0.04127005742694834,0.00016118055482348801,0.0010472242451445186,0.010923766325430571,1.4126204784191602e-06,3.311302387106457e-05,0.02747617595332969,0.5027342151890964,7.911658681953168e-07,3.925917548592753e-05,0.014731086810359053,2.226690674898301e-06,0.0037899883830452303,0.009899999404439287,2.4278515248815517e-06,4.609831558320589e-05,1.5363490572308492e-05
54,1.3992277501321847e-06,9.566886767868351e-05,0.0017189998970097472,0.0008944340191880175,2.87872149485612e-05,0.00018693008128445877,0.13883214841366887,0.3864947397581055,0.027314144571832063,0.00011374921620318448,0.001065765866296023,0.015195773476393592,1.1128377412723064e-06,2.653855060615168e-05,0.03266103677008108,0.37881229483406165,3.962403703384356e-07,1.894319470792472e-05,0.006395684989344892,1.704765176739201e-06,0.0029198413986619735,0.007177121223034335,2.6365096988601466e-06,2.4458186767705202e-05,1.568988938802326e-05
55,1.7124693542439043e-06,0.0001041539117087756,0.0020161803361765655,0.0009275357095624824,2.714052291568707e-05,0.00017500250075438818,0.16223699846455988,0.3288634914437394,0.03612473844621698,0.00011219896820030752,0.000891514265352995,0.02036255566606258,1.2758720217332828e-06,2.4225903955554777e-05,0.037291842543958016,0.3941052848188144,3.2775146547848587e-07,2.018426436550549e-05,0.006342074046371219,1.539915634108094e-06,0.0030415324138052427,0.0072820961104525855,2.2650937050187313e-06,2.5115693328640755e-05,1.9012867518342803e-05
56,1.5567757345006578e-06,0.00010985456998479844,0.0018228107646371108,0.0009167797046625197,3.02642379355787e-05,0.00018858013590226743,0.15475438536202493,0.36660703901189756,0.02882557456080514,0.00012859778227513938,0.0010238427636248156,0.01725890813248158,1.1923396437249189e-06,2.9371799645411373e-05,0.03676385965280099,0.37451861625871885,3.883240329853784e-07,1.9274707000408862e-05,0.0066076356059766184,1.7771883054422985e-06,0.0029166696495550736,0.007427117288562142,2.832474102309987e-06,2.4008726599544198e-05,1.9062183090568885e-05
57,1.451549334307821e-06,9.979112326244443e-05,0.0017569767636017744,0.000861274563003342,2.734128032041986e-05,0.0001704092738242565,0.1501211720191666,0.3614608924772046,0.028003190258014888,0.00012907170537729512,0.0009247215964131623,0.01816111979108781,1.2597565449579734e-06,2.6382028157891555e-05,0.03656488877773394,0.3840489924871434,3.964045726851818e-07,1.8713778112628175e-05,0.0066487040149990455,1.808145705035362e-06,0.0029172333911252125,0.008009742792159451,2.7287825886692077e-06,2.2907647743709343e-05,1.8829592802619196e-05
58,1.7257217696003422e-06,0.00011502295031009907,0.001944571245190523,0.00096357171303417,3.071595087756647e-05,0.00020069665261620114,0.15077525169722036,0.3691199688393355,0.030141050083963943,0.0001252063143783293,0.001091664327338024,0.01769130234136219,1.2636508335546771e-06,2.799595129581884e-05,0.033251105664683145,0.3771491839267178,3.8667200096027e-07,1.9397483233114687e-05,0.007340185682343369,1.8278533240604623e-06,0.0029446117145118756,0.007012879333673356,3.0094252339093452e-06,2.9716610648114653e-05,1.7688194104279972e-05
59,1.6716578513159462e-06,0.00011006464220933792,0.0020228280286287,0.0009451302700907082,3.0118352034909377e-05,0.0001966585664668919,0.14785650922053836,0.3638181037802532,0.03014253067632694,0.00012162448313354597,0.0010365973695531186,0.016751949714634437,1.1971650354152942e-06,2.5659217081448066e-05,0.03363588983342463,0.3868552335286993,3.6580220314985676e-07,1.873854446986025e-05,0.006816850723863444,1.8195086522740547e-06,0.0029453879600747222,0.006616716163683592,2.808061389841135e-06,2.8405319055858102e-05,1.714141064478601e-05
60,1.4956360576806561e-06,0.00010798669120884742,0.0017534307060722355,0.0008755558116262546,2.9667506770402524e-05,0.00018457669016975394,0.15097988023559042,0.37037911332503687,0.028132880460922348,0.0001245755283848617,0.0010115578304412168,0.015853666116571966,1.0490506332088159e-06,2.8351023182815036e-05,0.03650436657003283,0.3775407530575128,3.651193564674345e-07,1.85551465425812e-05,0.006490265923437233,1.6917992297809562e-06,0.0027632014209276142,0.007173816780073043,2.636964436168115e-06,2.2743426349986652e-05,1.781717943280168e-05
61,1.6918568836541576e-06,0.0001119381867224045,0.002025430682427465,0.0009397387278272363,3.066154467638043e-05,0.00019169243427924197,0.1538410300199923,0.36803404582062743,0.029872468550140887,0.00012378491849540231,0.0010414897653126744,0.017183286040751176,1.2089958480134733e-06,2.6139399900913614e-05,0.03418691962855326,0.375850538012751,3.664000728192612e-07,1.88959544097644e-05,0.006810383870486039,1.8053795017051744e-06,0.002950273382563414,0.006707838717456073,2.864514429581561e-06,2.781935064271762e-05,1.768784524843115e-05
62,1.4956360576806561e-06,0.00010798669120884742,0.0017534307060722355,0.0008755558116262546,2.9667506770402524e-05,0.00018457669016975394,0.15097988023559042,0.37037911332503687,0.028132880460922348,0.0001245755283848617,0.0010115578304412168,0.015853666116571966,1.0490506332088159e-06,2.8351023182815036e-05,0.03650436657003283,0.3775407530575128,3.651193564674345e-07,1.85551465425812e-05,0.006490265923437233,1.6917992297809562e-06,0.0027632014209276142,0.007173816780073043,2.636964436168115e-06,2.2743426349986652e-05,1.781717943280168e-05
63,1.6885763342650236e-06,0.0001295058705054929,0.0018922481146138104,0.0009121025766672173,3.233274580780203e-05,0.0001939944820198245,0.16027485916950607,0.3669206172281602,0.02932185588667144,0.00013965341149628697,0.0010504789731126014,0.01628983238884423,1.070598657431002e-06,3.08137650121069e-05,0.038226845136647675,0.3670991010477632,3.8944273484481583e-07,1.9185337206276502e-05,0.007102750509570054,1.8152646780590344e-06,0.0028632178788690773,0.007449048495288924,2.940111467614837e-06,2.3966478385385532e-05,1.9686509980106855e-05
64,1.4556255278166902e-06,0.00010861764317624851,0.001877959605396467,0.0009612577859237365,2.9086999550644516e-05,0.0001942262259674581,0.1583577896412977,0.36031751935579737,0.02911878128400145,0.0001466280497506339,0.000962060728707204,0.0179152931734719,1.2618008969123803e-06,3.072561118843978e-05,0.03654605834123926,0.3752286397163145,4.1877716588660626e-07,2.09513339772182e-05,0.006451780864159213,1.9550653590828055e-06,0.003621261704553255,0.008059014252367302,2.9477838774367563e-06,2.3939565042689744e-05,2.0369065290142468e-05
65,1.95676753978031e-06,0.00010570244238028251,0.001807287048543267,0.0008336186818177027,3.0924812572406236e-05,0.00020351301105284473,0.1247535709291711,0.29954648469730105,0.04225433501626014,8.137134169544625e-05,0.0011671253128122852,0.017717992199607503,1.308597890811471e-06,2.2090599869946275e-05,0.037778511062245404,0.45516154347101206,3.9378977298932744e-07,2.016610634743292e-05,0.007932725256582677,1.4844245609242068e-06,0.0027120087270600555,0.007815757551222867,2.0673152112831202e-06,3.250595094087279e-05,1.555488652876921e-05
66,2.1830101760565396e-06,0.00010066256658441557,0.0022774830690112614,0.0007078485682935574,4.6600141596509265e-05,0.0002817798442777976,0.13504911874888534,0.2941382402929942,0.030436275031208496,0.00015889009753527228,0.0009110058800130484,0.010809933518843082,1.7738187384423715e-06,1.7926484200137607e-05,0.03112615740839941,0.47636847866888804,5.877461897817205e-07,2.1875488699180214e-05,0.008188457907730488,2.8399113950203043e-06,0.003919101360644169,0.005372604802394829,2.9567706302406613e-06,3.9145831692390974e-05,1.8073030978920117e-05
67,5.77610713899377e-07,4.925351145549402e-05,0.0009833330091615568,0.001937954874227497,2.0768728352293207e-05,0.00044904260769718416,0.048362124458198145,0.3146751860929721,0.014959878223675558,0.00017281498052440023,0.0010473770694094848,0.010666679373586422,3.122904558092932e-06,6.50730786904591e-05,0.013177464618238379,0.5796468022397783,9.885363302048314e-07,2.512145492657522e-05,0.0039001032472032173,5.7849670353585605e-06,0.00420828214470761,0.0055860519021962984,4.99128660065915e-06,3.83547820137555e-05,1.2868297747046614e-05
68,1.2197388892732847e-06,0.00010594487988092894,0.0012080213779262336,0.0005887951916079444,4.218916740843998e-05,0.00017938025041626404,0.15600445507487237,0.3371613774042268,0.021696463032637017,0.00011577170209844954,0.0011911875741762836,0.01161052565598603,8.448496843690443e-07,3.0090810147839125e-05,0.05221159483501058,0.4031060654697152,3.6256258651441364e-07,1.387408108886543e-05,0.006406299270449417,1.706700956066485e-06,0.001918914966138922,0.006366590717410469,2.55027801060405e-06,1.6435001600525825e-05,1.933940707472073e-05
69,1.1234116648369781e-06,0.00010201362940850851,0.0018292300458719341,0.00108126093097125,3.726564168720621e-05,0.00019012969089768914,0.1474262102205482,0.44686942884488123,0.020599541448664615,0.00010332490913062194,0.0015654077102511283,0.015242787913398835,1.1597105718426474e-06,3.14677067598102e-05,0.027980168027659576,0.323806204970022,3.511232749334567e-07,1.3140898848232305e-05,0.005482718266255963,2.2079934555410253e-06,0.0027512381365725216,0.004835030376975451,4.409649512276565e-06,3.032857594916776e-05,1.385016676681173e-05
70,1.7489179767311886e-06,0.00015715981164368586,0.0017766390449250363,0.000893126622081343,4.040544420555444e-05,0.0002625378901424074,0.1699298425744462,0.3563716933872341,0.03250268058433543,0.0001518219550006599,0.0015315592512087466,0.018331171652791137,1.376785904956671e-06,3.44811615788134e-05,0.03712598254286609,0.3549488526973734,5.495829467551685e-07,2.0912152508059413e-05,0.012257885325012118,2.013681186783809e-06,0.004465069997663084,0.009130304333410045,4.039306722200848e-06,3.8321468998061735e-05,1.9823827838612358e-05
71,1.3794476319008902e-06,0.00014756906134793222,0.0012028243652124908,0.0008726100149951851,7.295062471132213e-05,0.0001367244242954006,0.19935889871223295,0.2754600017618569,0.02024092780971479,0.00021158644490466773,0.0006918124593575652,0.013475501431951606,1.3940475909169479e-06,4.3513726237859e-05,0.027009052407231882,0.45162152632431685,4.07701663670532e-07,1.2986192068515564e-05,0.0033845937019242977,5.004523686396023e-06,0.0023312879896302324,0.0036666104800382763,5.234585627832922e-06,1.930248835368211e-05,2.629927341678054e-05
72,1.7716236309817638e-06,0.00025076145285404393,0.0012784034132275021,0.001013500912988357,5.569925331616031e-05,0.0001733844700592595,0.19357359169801586,0.35388581398535024,0.023144739475568422,0.00020234835805679524,0.00150327801651507,0.018369315358970552,9.846897662502072e-07,5.7188162214318396e-05,0.04629728817967469,0.3380007928253913,6.412839484984285e-07,1.6399042771323003e-05,0.008908656177311894,3.002063992217934e-06,0.00263670770040151,0.01056431149149416,6.402924345984743e-06,2.456876240088243e-05,3.044867773377168e-05
