,0,1,2,3,4,5,6,7,8,9,10,11,12,13,14,15,16,17,18,19,20,21,22,23,24
0,1.2544956407169293e-07,4.544916353644809e-09,7.949278070759576e-06,3.380279622818247e-06,4.3593717257366884e-05,1.4721893428316751e-05,3.075027293521807e-05,0.00019018689074108081,5.814152326648639e-06,4.49745561989129e-05,1.0801331795186917e-08,9.65683415053624e-07,0.002007218737420599,4.604362639939287e-07,4.6836293515760234e-07,0.9888721349679653,2.7386750908544506e-06,2.047615646287702e-06,1.1256422609189061e-07,0.008768511553641063,1.8162117351614466e-06,1.1097853826614011e-08,6.547184988378669e-08,9.311645935928709e-07,1.0056209698441449e-06
1,3.953187833349794e-07,2.0625960503993077e-08,7.21482751323091e-06,1.2614908574931687e-05,0.0003787706917971369,2.8276809384018048e-05,5.736944604375822e-05,0.00042507634481258585,1.0975727249663916e-05,6.340400515284905e-05,5.07193632275566e-08,3.570387771955837e-06,0.013070988418911845,4.994896043618017e-06,8.188623248516893e-07,0.9057278020431813,5.7470859214556576e-05,7.631193316737078e-06,2.2395531083335179e-07,0.08012782490035684,6.218447239364211e-06,3.673881996841569e-08,4.741455499677734e-07,2.0447850294170884e-06,5.7309422935157665e-06
2,7.504384093809896e-08,3.393389572019047e-09,3.8080792543429348e-06,1.668073560691695e-06,5.243113909850344e-05,1.130530433022989e-05,1.6091483215723283e-05,0.00011819538594910041,5.4292209303636795e-06,1.9051314177864237e-05,7.056769855033955e-09,6.250243241946225e-07,0.0027981392015606504,2.82049494790766e-07,4.539791574239277e-07,0.9863067352478458,3.258142991173824e-06,9.436126597175629e-07,9.986855142724986e-08,0.010658837729226552,1.1967163676209443e-06,7.6108845587379e-09,3.9082923771684415e-08,6.512517994191018e-07,6.64987695812073e-07
3,6.629398301468389e-08,2.975011823689789e-09,3.999217074420748e-06,1.7380845952520326e-06,4.1186250512307955e-05,1.1547486225573077e-05,1.5223902383563528e-05,0.00011601802761500483,5.457553336213045e-06,1.812054344723393e-05,6.939026846853865e-09,6.265774048354784e-07,0.0025279116794219166,2.4036319166452847e-07,4.061157260293771e-07,0.9887210268117963,2.8999750548391828e-06,8.958570603242658e-07,1.0198780167478269e-07,0.008529936970393854,1.3069500223952833e-06,7.927385135344745e-09,3.576789848074233e-08,6.798295127544758e-07,5.559141184574244e-07
4,7.364319875100949e-08,3.0666386480103027e-09,4.135110633584713e-06,1.8243765087731702e-06,4.3967155810859116e-05,1.183071397802695e-05,1.564913371643795e-05,0.00011623819091450059,5.942728168982357e-06,1.7301799699600305e-05,7.454695908269522e-09,7.142932657667758e-07,0.003070742605218248,2.596637790922516e-07,4.150396066547329e-07,0.9877258882989003,3.312958346789534e-06,9.817703506147683e-07,1.0726364164235945e-07,0.008977811595465733,1.4064199095237297e-06,8.526893721444151e-09,3.699937844285362e-08,7.377906701867184e-07,6.034006089236806e-07
5,6.938237112613238e-08,3.1227418355993138e-09,3.884036559332284e-06,2.081121252800165e-06,4.084618077032419e-05,1.1686605957157491e-05,1.481247583997433e-05,0.00011073337871267145,5.568053155682535e-06,1.9323981705272942e-05,7.279696257729907e-09,6.726111034441207e-07,0.0026698580652535662,2.7284224084951213e-07,3.874136307587239e-07,0.9876672639102417,3.2140452409872896e-06,1.0483871034789407e-06,9.516960640772381e-08,0.009445392846903794,1.3812982055230665e-06,8.601279715699367e-09,3.994515947323624e-08,7.484638249095572e-07,6.007814431730402e-07
6,6.629398301468389e-08,2.975011823689789e-09,3.999217074420748e-06,1.7380845952520326e-06,4.1186250512307955e-05,1.1547486225573077e-05,1.5223902383563528e-05,0.00011601802761500483,5.457553336213045e-06,1.812054344723393e-05,6.939026846853865e-09,6.265774048354784e-07,0.0025279116794219166,2.4036319166452847e-07,4.061157260293771e-07,0.9887210268117963,2.8999750548391828e-06,8.958570603242658e-07,1.0198780167478269e-07,0.008529936970393854,1.3069500223952833e-06,7.927385135344745e-09,3.576789848074233e-08,6.798295127544758e-07,5.559141184574244e-07
7,1.2316336069144598e-07,3.1494079578269e-09,7.57248025277154e-06,1.7474255328246713e-06,5.457678333814696e-05,1.507815234746011e-05,2.308498029282537e-05,0.00015844219053015937,6.738734695070072e-06,1.905632435209564e-05,1.0044441208015343e-08,7.765331765094765e-07,0.003877104946402391,2.562411236407248e-07,4.447010637527455e-07,0.9873233982647505,3.021578080915044e-06,1.2152122444435191e-06,1.4314598161590843e-07,0.008504143641156769,1.3316783132359797e-06,6.939230924374147e-09,3.792044727217913e-08,1.0072719698796125e-06,6.784975070572127e-07
8,8.123108996082088e-08,4.161639331051999e-09,6.2802283896899846e-06,2.7857283222086885e-06,4.804671163470244e-05,1.3616653508752733e-05,2.2341574255641413e-05,0.00016951973115872786,5.882366851481808e-06,2.4417829811870737e-05,1.0111799486035714e-08,7.872272445525389e-07,0.0023090139066066274,3.3437979456058626e-07,4.2062878804583827e-07,0.9871089269196202,2.5785306590836025e-06,9.494349572710078e-07,1.1315321279818083e-07,0.010280820585974662,1.4787071769873326e-06,7.328795563527294e-09,5.78521992814305e-08,8.924930201779229e-07,6.325234882573642e-07
9,5.966593060510046e-08,3.559914643026305e-09,5.163258416635592e-06,2.5104052391070618e-06,3.615411357818937e-05,1.176441682882549e-05,1.827862390070217e-05,0.00012890452600720952,5.792689094729488e-06,2.2485314868413297e-05,7.427248695807475e-09,7.112051288910754e-07,0.0019784494823191223,2.571894266783351e-07,3.9914322756509096e-07,0.988993938323579,2.2485691552684683e-06,8.289587100354e-07,9.407182661794702e-08,0.008788990377174349,1.6211963097532612e-06,7.687374910561614e-09,4.4238267139513504e-08,7.374486359648409e-07,5.481078368540385e-07
10,6.629398301468389e-08,2.975011823689789e-09,3.999217074420748e-06,1.7380845952520326e-06,4.1186250512307955e-05,1.1547486225573077e-05,1.5223902383563528e-05,0.00011601802761500483,5.457553336213045e-06,1.812054344723393e-05,6.939026846853865e-09,6.265774048354784e-07,0.0025279116794219166,2.4036319166452847e-07,4.061157260293771e-07,0.9887210268117963,2.8999750548391828e-06,8.958570603242658e-07,1.0198780167478269e-07,0.008529936970393854,1.3069500223952833e-06,7.927385135344745e-09,3.576789848074233e-08,6.798295127544758e-07,5.559141184574244e-07
11,7.032754401642281e-08,3.015559849639107e-09,4.079875330453604e-06,1.776448530849764e-06,4.322121929854968e-05,1.1582149955613323e-05,1.55659850754876e-05,0.00011542107393968282,5.7737538306622266e-06,1.7375046235161955e-05,7.254342673279637e-09,6.79304684498892e-07,0.00287637190408418,2.4861564479505936e-07,4.130917446732787e-07,0.9880494454386866,3.1138297171644534e-06,9.348434224614594e-07,1.0432203881114092e-07,0.008851121382575456,1.349119338511466e-06,8.19171180459757e-09,3.631808552057518e-08,7.160549312671053e-07,5.8143369108619e-07
12,3.1635300654293255e-08,1.519949101267125e-09,5.9835295025883915e-06,1.2050798125409709e-06,1.807855373758551e-05,8.321466778540998e-06,1.950077390956763e-05,0.00019428483571281208,4.2753735384831e-06,9.146322079974363e-06,1.0437957963735186e-08,5.654827557064077e-07,0.0008512006945515583,7.299330638834223e-08,4.388130198862225e-07,0.9963051403891847,5.259335400132569e-07,2.4368166568431694e-07,1.310025695277831e-07,0.0025792339906222255,6.437014824835239e-07,5.0716416744019015e-09,2.3046344075684952e-08,7.86265217095978e-07,1.4940581905455013e-07
13,6.816346048763581e-08,3.1835553461720868e-09,4.4454318781408095e-06,2.177922666040308e-06,4.2808349308484e-05,1.1690219598373955e-05,1.71617380933792e-05,0.00015248696959345857,5.534848149413025e-06,1.815975038211095e-05,9.433192645134633e-09,8.554945806775841e-07,0.0029821792934421527,3.2647340626657324e-07,4.1314915537158353e-07,0.9870304313809332,3.2537795985588524e-06,9.328319532708889e-07,1.1171214022428796e-07,0.009724125484371552,1.4024497191206045e-06,9.39472071842888e-09,4.7421415668625774e-08,7.893055164684049e-07,5.75819168848982e-07
14,6.03651350766071e-08,2.2422199669054993e-09,5.291261743720264e-06,1.8871792172682261e-06,3.262957623204049e-05,1.1763143280957071e-05,1.4165999691946627e-05,0.00011666365989274757,6.379637360266789e-06,1.4265348681987036e-05,6.039090872997983e-09,7.05885774000674e-07,0.002782702736861994,2.020655233731491e-07,3.5173721821846443e-07,0.9897759220094086,2.5109426566638956e-06,8.602738594151068e-07,8.21694082256042e-08,0.007230750011078501,1.6092937547567325e-06,7.020454227941717e-09,2.9287887864713563e-08,6.445859062902969e-07,5.075276611251588e-07
15,6.629398301468389e-08,2.975011823689789e-09,3.999217074420748e-06,1.7380845952520326e-06,4.1186250512307955e-05,1.1547486225573077e-05,1.5223902383563528e-05,0.00011601802761500483,5.457553336213045e-06,1.812054344723393e-05,6.939026846853865e-09,6.265774048354784e-07,0.0025279116794219166,2.4036319166452847e-07,4.061157260293771e-07,0.9887210268117963,2.8999750548391828e-06,8.958570603242658e-07,1.0198780167478269e-07,0.008529936970393854,1.3069500223952833e-06,7.927385135344745e-09,3.576789848074233e-08,6.798295127544758e-07,5.559141184574244e-07
16,5.455124624431921e-08,3.17155491631843e-09,3.1721387077591626e-06,1.8251932988255301e-06,3.7773079633130086e-05,1.0075422916175597e-05,1.5079020053565343e-05,0.00011297059953909091,4.7451088564806425e-06,2.2047648316469202e-05,5.810592273192946e-09,6.407620278898408e-07,0.0022157328262313743,2.6247960616020903e-07,4.045007393623227e-07,0.9882318693225168,3.006420222396828e-06,8.804571220824601e-07,9.486616916651718e-08,0.009336582503360927,1.5627632628951504e-06,9.143831712005142e-09,3.874299894045184e-08,5.832412996275441e-07,5.802258954401742e-07
17,6.629679491175869e-08,2.9725246144878135e-09,4.2905567943359805e-06,1.6142831478896026e-06,3.94880214461561e-05,1.2080548537620108e-05,1.5372070316693916e-05,0.00011311299162380028,5.539000605367794e-06,1.8464949878346045e-05,6.7319019841143244e-09,5.660850241435474e-07,0.0022220466864070277,2.0939544613011576e-07,4.213419946549003e-07,0.9899488661633051,2.5285485313243124e-06,8.480992041720573e-07,1.0673317105294192e-07,0.007611860771928495,1.2647837758279434e-06,7.408155036664166e-09,3.2901766765886976e-08,6.749707648694226e-07,5.276869534634956e-07
18,4.379481800895113e-08,2.3573658266535597e-09,4.420928802635559e-06,1.458424435070189e-06,2.909331370792952e-05,1.0991784139406924e-05,1.3417147552372547e-05,0.00012102520395657292,5.088460207231443e-06,1.2118012451052369e-05,7.69776159808597e-09,4.932930011450228e-07,0.0015443395097033926,1.3203618188068228e-07,3.8730740430796e-07,0.9929568492046745,1.3758138856081676e-06,4.215886946196376e-07,1.1149478611395788e-07,0.005296245586298669,9.127030580583964e-07,5.749820052221057e-09,2.9761430980576554e-08,7.537605477828843e-07,2.7506531503704794e-07
19,6.360004505975573e-08,2.983608546306169e-09,4.407876126611499e-06,1.9307483778890153e-06,3.972614387568437e-05,1.0418272585731111e-05,1.7261178790819992e-05,0.00011489053801808965,6.0756579814714976e-06,1.6642751632823772e-05,6.826397166135371e-09,7.195652842405008e-07,0.0025251466733506142,2.22134931275634e-07,4.0726199761481765e-07,0.98947825192118,2.655098877244189e-06,8.4530179045333e-07,9.207481551488518e-08,0.0077775485827451885,1.4343700866297174e-06,8.122872659715801e-09,3.39642735872971e-08,6.674697071697666e-07,5.40880647945427e-07
20,5.440586579240805e-08,2.842473014972525e-09,3.8067091914893905e-06,1.7469555515987968e-06,3.54399608635873e-05,1.0514784965702606e-05,1.5752270572282184e-05,0.0001406297791179661,4.881599157468008e-06,1.8178595850614198e-05,7.458766765447244e-09,6.765384864608187e-07,0.0020993760040610345,2.4287867940761914e-07,4.333805423544414e-07,0.9899325301499076,2.559424306105058e-06,7.772454865123629e-07,1.0606670890159015e-07,0.007729835448849033,1.2778907608332268e-06,9.27976554282975e-09,3.728648910341579e-08,6.412882618872107e-07,4.817553190319504e-07
21,7.533469700157897e-08,3.2887865180912158e-09,4.5789642003614275e-06,1.6675483041798173e-06,4.749683972977799e-05,1.3426226636898015e-05,1.691439779397407e-05,0.00013462650026707705,5.818582296989844e-06,1.9431093272467028e-05,8.125734491656812e-09,6.323666599520877e-07,0.002624534703409299,2.527665598685568e-07,4.702962786236727e-07,0.9885180976955791,3.2874736818951935e-06,9.419484983050826e-07,1.2760004484309306e-07,0.008604841392831457,1.3931352868523082e-06,8.692750617617348e-09,3.911245719112633e-08,7.218931588017148e-07,6.040210833534113e-07
22,3.0969645074097676e-08,2.4399024528270678e-09,2.864529259092972e-06,1.3988337750361154e-06,3.0469942745315108e-05,8.271323497845242e-06,1.443219177204367e-05,0.00012568042550049294,4.390318440809981e-06,1.2528760055346236e-05,5.666594817720571e-09,7.039867517737309e-07,0.002232047507341335,1.9742174579255209e-07,3.52705793921659e-07,0.9896345299674991,1.647822460113143e-06,3.452373235944602e-07,1.0611471111790523e-07,0.007928008390432758,1.11817716413502e-06,5.296124966356878e-09,3.109602785477531e-08,5.045610767990023e-07,3.263143583552891e-07
23,6.629398301468389e-08,2.975011823689789e-09,3.999217074420748e-06,1.7380845952520326e-06,4.1186250512307955e-05,1.1547486225573077e-05,1.5223902383563528e-05,0.00011601802761500483,5.457553336213045e-06,1.812054344723393e-05,6.939026846853865e-09,6.265774048354784e-07,0.0025279116794219166,2.4036319166452847e-07,4.061157260293771e-07,0.9887210268117963,2.8999750548391828e-06,8.958570603242658e-07,1.0198780167478269e-07,0.008529936970393854,1.3069500223952833e-06,7.927385135344745e-09,3.576789848074233e-08,6.798295127544758e-07,5.559141184574244e-07
24,6.697578038142352e-08,3.3253400209106474e-09,3.454470815148576e-06,2.0870272503142976e-06,4.2585372390050606e-05,1.1266124442984256e-05,1.4158220664489686e-05,0.0001140255698632863,5.285766318286884e-06,1.8608373520378587e-05,7.301987014056019e-09,6.744450062384977e-07,0.0027288722328437116,3.0783213660225e-07,3.7527017200189835e-07,0.9867818374055807,3.3585673642219507e-06,9.775247272276037e-07,9.52494198891559e-08,0.010269368912736958,1.2394275476745904e-06,8.280879819260925e-09,4.0848979936078133e-08,7.065672844196872e-07,5.889069481910663e-07
25,9.644762581727254e-08,3.306801308221417e-09,4.710720448704671e-06,1.3058204045139901e-06,4.823662067549243e-05,1.3762790746095355e-05,1.561305897396801e-05,8.14585786275923e-05,7.481251210077374e-06,1.937364105671956e-05,5.024098642853008e-09,5.624695882189307e-07,0.0030901313824258218,1.953492777984853e-07,4.97308764360622e-07,0.9891302738310543,3.2584345941893524e-06,1.214030786611446e-06,1.112650142395773e-07,0.007578626678009464,1.6462019373002231e-06,7.450176949868321e-09,2.4275263432524287e-08,6.017365457092368e-07,8.023258927714404e-07
26,1.0605960947079413e-07,3.0222217646954307e-09,5.088362878056601e-06,1.9020316721152501e-06,5.345205967780465e-05,1.5190618615528227e-05,1.4085663111114431e-05,0.00010036331501906013,6.931394943904896e-06,1.5615608794862943e-05,9.125177621768271e-09,6.42479502559351e-07,0.004188353971795362,2.432683102798606e-07,3.828794634976348e-07,0.9855675441473832,3.9962281533807954e-06,1.2612752745303733e-06,1.1513947644697483e-07,0.01002161577871327,1.3200957375209697e-06,7.308510061823746e-09,3.9068327350414114e-08,1.0847677227901411e-06,6.463299086011392e-07
27,1.3326070379334143e-07,4.258183505972636e-09,5.614302722455084e-06,1.8756207098740166e-06,7.164183787040972e-05,1.4853587206271324e-05,1.9367932845624364e-05,0.00010513606034513383,6.861158080243805e-06,2.2682252521908837e-05,6.694375140306989e-09,6.612899727714242e-07,0.004512878725880037,3.1822634216403235e-07,3.745913119257938e-07,0.9827113297235929,4.622173159427206e-06,1.4076552004154235e-06,1.1284988263250387e-07,0.012516647865608717,1.6905980967896471e-06,5.744664921452976e-09,3.807671759599204e-08,7.58988680238488e-07,9.76525324859736e-07
28,6.629398301468389e-08,2.975011823689789e-09,3.999217074420748e-06,1.7380845952520326e-06,4.1186250512307955e-05,1.1547486225573077e-05,1.5223902383563528e-05,0.00011601802761500483,5.457553336213045e-06,1.812054344723393e-05,6.939026846853865e-09,6.265774048354784e-07,0.0025279116794219166,2.4036319166452847e-07,4.061157260293771e-07,0.9887210268117963,2.8999750548391828e-06,8.958570603242658e-07,1.0198780167478269e-07,0.008529936970393854,1.3069500223952833e-06,7.927385135344745e-09,3.576789848074233e-08,6.798295127544758e-07,5.559141184574244e-07
29,6.629398301468389e-08,2.975011823689789e-09,3.999217074420748e-06,1.7380845952520326e-06,4.1186250512307955e-05,1.1547486225573077e-05,1.5223902383563528e-05,0.00011601802761500483,5.457553336213045e-06,1.812054344723393e-05,6.939026846853865e-09,6.265774048354784e-07,0.0025279116794219166,2.4036319166452847e-07,4.061157260293771e-07,0.9887210268117963,2.8999750548391828e-06,8.958570603242658e-07,1.0198780167478269e-07,0.008529936970393854,1.3069500223952833e-06,7.927385135344745e-09,3.576789848074233e-08,6.798295127544758e-07,5.559141184574244e-07
30,6.629398301468389e-08,2.975011823689789e-09,3.999217074420748e-06,1.7380845952520326e-06,4.1186250512307955e-05,1.1547486225573077e-05,1.5223902383563528e-05,0.00011601802761500483,5.457553336213045e-06,1.812054344723393e-05,6.939026846853865e-09,6.265774048354784e-07,0.0025279116794219166,2.4036319166452847e-07,4.061157260293771e-07,0.9887210268117963,2.8999750548391828e-06,8.958570603242658e-07,1.0198780167478269e-07,0.008529936970393854,1.3069500223952833e-06,7.927385135344745e-09,3.576789848074233e-08,6.798295127544758e-07,5.559141184574244e-07
31,4.835811005815276e-08,2.793038223244628e-09,2.9075247497719494e-06,1.6631435901207432e-06,3.639697799747253e-05,1.0530163966174166e-05,1.1281431605082167e-05,8.51803552110327e-05,5.149463715386725e-06,1.615708534409917e-05,5.790685124818027e-09,5.135530422598635e-07,0.002173188789260813,2.1018071648327237e-07,3.730775491470748e-07,0.9888553896955476,2.8777520033369385e-06,7.532079751077399e-07,8.453978723807643e-08,0.008794927584514183,1.2375944745405155e-06,7.752368205781325e-09,3.272256455402717e-08,6.015921234567519e-07,4.78870060517385e-07
32,6.791733216171042e-08,3.0566113159771e-09,4.061616439717476e-06,1.7052595378751892e-06,4.120544057100081e-05,1.1965272131813475e-05,1.5549773598160164e-05,0.0001209984820559457,5.497592730922757e-06,1.844646983634507e-05,7.271383377891204e-09,6.405013584551392e-07,0.002545634273821056,2.4315236771506724e-07,4.2270327599595173e-07,0.9889091550585875,2.9174269250247236e-06,8.959549431153129e-07,1.1240598313988353e-07,0.008317845532350468,1.3229876308552984e-06,8.26916246639509e-09,3.634387961564124e-08,7.028239985252711e-07,5.544134875863391e-07
33,8.105858646537547e-08,3.7273561416424205e-09,5.54739420706851e-06,1.8370164295179553e-06,4.6161636804448576e-05,1.2581076467765371e-05,1.9465376714774542e-05,0.00011820820266322828,6.791756381628067e-06,2.036611805609851e-05,6.896325003488136e-09,6.6229316633708e-07,0.002206987062264857,2.2670595526395218e-07,5.158189399250159e-07,0.9897024433164061,2.4064412102862134e-06,9.324000608379465e-07,1.044012092620801e-07,0.007851816744928046,1.472522295235865e-06,7.335508157846382e-09,3.4334125183943156e-08,6.574125501708684e-07,6.829513880350466e-07
34,4.7501357882519486e-08,2.708531493412149e-09,3.0448497220156072e-06,1.8286624459249604e-06,3.567939080336671e-05,9.953862354847063e-06,1.3002738368750124e-05,0.00010835899486114715,4.217387197706347e-06,2.0849591196238696e-05,5.852733386633944e-09,5.308680816845933e-07,0.0019912211174148,2.544458631576436e-07,3.414206342304932e-07,0.9880047288263453,2.8926234452843048e-06,8.286533018098119e-07,7.852944137813877e-08,0.009799724937861293,1.2884449967548823e-06,7.955979186859558e-09,3.8919479051847194e-08,5.65817888839204e-07,5.058996943114005e-07
35,6.812783738399894e-08,2.9641423608206995e-09,4.069742600017987e-06,1.741370038355182e-06,4.1454924314890286e-05,1.1530064821986007e-05,1.555554454533513e-05,0.00011729031457653608,5.50504173199862e-06,1.8195768435126506e-05,6.935793466500491e-09,6.354254134656772e-07,0.002558773087411953,2.4001109328352854e-07,4.0783258866719333e-07,0.9887968079140674,2.910612809000229e-06,9.184328785217288e-07,1.0193043175048448e-07,0.00842118121271622,1.3134044305883656e-06,7.97279818437138e-09,3.546999216489328e-08,6.804907706147812e-07,5.654037605919014e-07
36,1.6710099009126814e-07,2.0560728912466488e-08,9.451150042400914e-06,5.786363080620962e-06,0.00012066197363284914,5.18710230808722e-05,2.0578444328768527e-05,6.786955169424768e-05,1.2937190610926214e-05,0.0001529149008408316,1.0828240923223134e-08,3.1875705528114775e-07,0.0013796249980175175,6.203929213609785e-07,7.551701675611476e-07,0.9678759271113766,6.095410150415021e-06,3.990580101992493e-06,1.410162858086136e-07,0.030281150869552978,4.907266266456461e-06,1.1060905302806558e-08,1.8175484823681877e-07,1.6776639005548788e-06,2.328861178441279e-06
37,1.040675167830402e-07,3.1983764595772646e-09,5.411794114485973e-06,2.085314931359342e-06,4.9572596567340855e-05,1.3115560526579945e-05,1.9283262972992152e-05,0.00012802825671001604,5.827967251722933e-06,2.2249299875969867e-05,8.50615605294534e-09,6.776560721715873e-07,0.00300795052025908,2.704241624491093e-07,4.019121096513497e-07,0.9873801484403296,3.219202537728121e-06,1.368978822815681e-06,1.0481587385019472e-07,0.009357168591549574,1.326782110578207e-06,7.867124042869934e-09,4.2203326493133703e-08,9.216799525806518e-07,7.011007695774722e-07
38,1.5670590268815948e-08,2.91953826629149e-09,1.3513643071290204e-06,1.2480903645137692e-05,2.665843389655275e-05,4.5313617689483726e-06,7.606996824771526e-06,0.00037034999407103877,3.5503349023993954e-06,1.938536659896193e-05,1.1752052746433886e-08,1.3093949938147913e-06,0.0021224645248592595,1.0731700129289154e-06,2.3143534759820547e-07,0.9534122427725208,1.8077642715573565e-05,1.89486135793408e-06,3.2399074795236375e-08,0.04399056393873273,5.058444704691245e-06,4.478391399416977e-08,1.4052364487934043e-07,4.54802024091475e-07,4.6620790050506737e-07
39,6.454278121537063e-08,2.876230428928922e-09,4.024042091302849e-06,1.6898173574662773e-06,3.965320855601381e-05,1.1656506961570505e-05,1.5005686536816684e-05,0.00011668224783782584,5.4137636063218e-06,1.789437065942708e-05,6.8102552652769305e-09,6.15881882062844e-07,0.002495977890828449,2.3004885595257193e-07,3.999617375174367e-07,0.9891021287830858,2.845610297317994e-06,8.697994084120414e-07,1.0443010518606164e-07,0.008182150751352694,1.3303407896905303e-06,7.892971098258752e-09,3.470511764834603e-08,6.754161062920848e-07,5.346145881696685e-07
40,6.303128884283108e-08,2.894223487800351e-09,3.7762753296553807e-06,1.7375192958687518e-06,4.0029330059571646e-05,1.1272524434358407e-05,1.4650790741510357e-05,0.00011362209661196263,5.2373271831722635e-06,1.812318424061069e-05,6.755376646714848e-09,6.075100837039873e-07,0.002458714363945305,2.3698836148475634e-07,3.9231310327092516e-07,0.9887212207079991,2.8960792923144127e-06,8.806129821457323e-07,9.875389704772178e-08,0.008603891163539764,1.2872803119549701e-06,7.877775239297945e-09,3.571906772565223e-08,6.695008877299724e-07,5.393999675331673e-07
41,3.1574432421530996e-08,6.206526431275304e-09,3.0824886477655235e-06,5.139606275795526e-06,1.936709830378409e-05,2.2296840029358717e-05,1.665459832293426e-05,0.0003397616474863239,2.1317914190232434e-06,0.00016015526425098932,1.1674568956159352e-08,6.537128425086261e-07,0.0009346866461638234,1.0291762867006061e-06,3.006125633024484e-07,0.9822070161121357,4.976567603301476e-06,1.4678861156266594e-06,2.679243119721958e-07,0.016274959773490114,4.269203000794049e-06,2.7170680425378774e-08,2.024196361536397e-07,9.645027435970726e-07,5.395021621068115e-07
42,2.0930506171398222e-07,6.741632592878634e-09,6.681757617806543e-06,2.6084359702654035e-06,0.0001307417504219989,1.6613835637720914e-05,2.7060568657763126e-05,0.0001090777386583282,1.0915170503991793e-05,2.597307260728433e-05,1.0425178716323304e-08,9.572440839002919e-07,0.0055015497764257125,5.709002998819676e-07,6.026548883611293e-07,0.9758617687317792,6.722389945119568e-06,2.3984114212002267e-06,1.0157900864106879e-07,0.018290695372072834,1.911218810734915e-06,8.971348542788614e-09,5.8197222204114505e-08,9.367929678423526e-07,1.818957777470946e-06
43,2.2735463900836268e-07,4.181867363461245e-09,1.0204380833124257e-05,2.5588629369776573e-06,9.631404574977502e-05,1.2892535943088428e-05,2.6626374454860882e-05,0.00014203784405984943,1.5555304731614958e-05,4.5590685555655856e-06,1.7332225757895142e-08,2.047518261981617e-06,0.007803890462123408,3.48160280603212e-07,6.396898521545052e-07,0.9836755779008498,2.788482231669046e-06,9.275154557867248e-07,1.0635957456300752e-07,0.008199920349559974,7.076643029306747e-07,4.05342665880104e-09,2.682410309254317e-08,1.0393507097511719e-06,9.78383270892597e-07
44,6.629398301468389e-08,2.975011823689789e-09,3.999217074420748e-06,1.7380845952520326e-06,4.1186250512307955e-05,1.1547486225573077e-05,1.5223902383563528e-05,0.00011601802761500483,5.457553336213045e-06,1.812054344723393e-05,6.939026846853865e-09,6.265774048354784e-07,0.0025279116794219166,2.4036319166452847e-07,4.061157260293771e-07,0.9887210268117963,2.8999750548391828e-06,8.958570603242658e-07,1.0198780167478269e-07,0.008529936970393854,1.3069500223952833e-06,7.927385135344745e-09,3.576789848074233e-08,6.798295127544758e-07,5.559141184574244e-07
45,8.733603510050912e-08,4.7378437814491106e-09,3.9749560802705525e-06,2.39090087834837e-06,6.141324816199268e-05,1.3991422331714719e-05,1.7389185316286804e-05,0.00011394406770871723,6.8828462188319915e-06,2.6164536694009952e-05,7.325792292288974e-09,7.991316179132541e-07,0.00377513826487653,4.3031754257420145e-07,4.222745967368732e-07,0.9818836355910844,5.32766403800097e-06,1.4062474560429767e-06,1.1188717496793172e-07,0.014082510868356917,2.2214835650795963e-06,1.0253257265395434e-08,5.3765964858295675e-08,7.538184763561226e-07,9.27868931055977e-07
46,7.311836731451292e-08,3.3726239534074476e-09,4.5705770607400376e-06,1.6183464021492877e-06,4.4030186712193114e-05,1.1654846228991368e-05,1.8669125770356546e-05,0.00011855118839373006,5.835668121696181e-06,2.0707313910589092e-05,6.725608907614891e-09,6.169007424947095e-07,0.0021324962123624234,2.351514910388675e-07,4.504100060276267e-07,0.9899934365435473,2.1971559701345385e-06,8.755862255822623e-07,1.0560906901547179e-07,0.0076413368242704985,1.2425747654626958e-06,7.02205450531212e-09,3.470818128685678e-08,6.522626115213914e-07,5.925695019839329e-07
47,6.834750646223699e-08,3.3991980116347033e-09,4.369592666619332e-06,1.9587128456740022e-06,4.2985564746789016e-05,1.2582791384842226e-05,1.6499912504715353e-05,0.00012946523510108212,5.6062059910149874e-06,2.1005273641013684e-05,7.756968352783114e-09,6.465727214717698e-07,0.002368562581955748,2.7337182609685904e-07,4.330827072677145e-07,0.9882912208008567,2.970998545558808e-06,9.458557126217195e-07,1.0953138781705049e-07,0.009097545015837734,1.3816272734054586e-06,8.51625695338384e-09,4.1985688836641053e-08,7.152569973623656e-07,5.920096778451669e-07
48,6.426911723359794e-08,3.0108280748284537e-09,3.6240615447461805e-06,1.604390859497217e-06,4.008133331280132e-05,1.2789441658410293e-05,1.408003478264688e-05,0.00012160078975195386,5.062025853414305e-06,1.827533965503126e-05,7.600559568828289e-09,5.826510580962871e-07,0.0026151254051717553,2.418759515004568e-07,3.873866790094111e-07,0.9887548963559963,3.1213845304380942e-06,8.440661035827033e-07,1.3130288233937367e-07,0.00840495632094014,1.2348409851949607e-06,8.110192427231894e-09,3.692859151561971e-08,7.519881543466636e-07,4.890848398797338e-07
49,6.843640903884749e-08,3.2024639259911817e-09,4.570949386831125e-06,2.0514032160140834e-06,4.118346770580719e-05,1.2246785704240345e-05,1.6378029822492933e-05,0.00012672632866743386,5.701085369216901e-06,1.9889293218863773e-05,7.754580267721572e-09,6.972638976863503e-07,0.002580741136996989,2.735385957375913e-07,4.0964716820368995e-07,0.987977987383229,2.9939377908310506e-06,9.662470164860142e-07,1.0346678478328064e-07,0.009204143073934624,1.4757659444384173e-06,8.500140212693495e-09,4.143748256898814e-08,7.453416890105188e-07,5.865227851867521e-07
50,6.73387069951512e-08,3.036811319905308e-09,4.08574921754046e-06,1.7426094946166525e-06,4.18148329356629e-05,1.1539119156756974e-05,1.6220296544499325e-05,0.0001230459712722993,5.358720075634577e-06,1.9236524252747933e-05,7.022950748856686e-09,6.406106737861614e-07,0.0024975837207310402,2.4934784275669424e-07,4.1323957422588405e-07,0.9886900278043363,2.8809137288012953e-06,9.073574360177023e-07,1.0511558989402606e-07,0.008581460065420484,1.3230195184798267e-06,8.032814825984243e-09,3.690953853427543e-08,6.721746129959503e-07,5.704667628232481e-07
51,8.174647109747652e-08,4.685006241948149e-09,4.856255155515049e-06,2.8065988876844435e-06,4.596226816922842e-05,1.3272124085154167e-05,1.9258310427782584e-05,0.00015479765049853042,6.404092392362244e-06,2.324756040226452e-05,9.227967209224954e-09,8.474733707380086e-07,0.0024667110110254678,3.7205284020519244e-07,4.7202243389412136e-07,0.9873419494332087,3.4135266746447026e-06,1.1306517664511412e-06,1.1804451223542472e-07,0.009911165911168088,1.5697368381776158e-06,1.0342025997455132e-08,4.994989034357386e-08,7.969436280367217e-07,6.923811539955525e-07
52,7.973620097684214e-08,2.8405324936033154e-09,3.8913433396706e-06,1.635327253827185e-06,4.153155231715069e-05,1.3018874657074247e-05,1.3459366725136462e-05,0.00010261457101391754,5.2781468754708286e-06,2.158763001291491e-05,6.798081284199458e-09,5.241477530825424e-07,0.0025366927224843164,2.599550195818024e-07,3.999510333347984e-07,0.9883311179565983,3.235827156195672e-06,1.2918303902382307e-06,9.651639647911394e-08,0.008920738724953001,1.1377232768287022e-06,8.31991667703226e-09,3.4808873032834676e-08,7.116706310469392e-07,6.436585079594854e-07
53,9.802682033363441e-08,3.6655349405417375e-09,4.013277791456992e-06,1.7921806733952114e-06,3.6739499352487076e-05,2.318975280642681e-05,7.149458960613994e-06,8.279996990847041e-05,7.3052549592716985e-06,1.7718849915244173e-05,7.457024741983618e-09,4.630715042077949e-07,0.0034073356348756773,2.666915694353716e-07,3.769048082140654e-07,0.9876442347540365,6.0417334012532735e-06,1.542001844330395e-06,1.6790151093958936e-07,0.008755150513112334,1.9618772994498996e-06,1.1220721124644072e-08,3.229975253173252e-08,1.007201415143217e-06,5.908004014671105e-07
54,5.468034754863574e-08,1.9506045618044688e-09,3.776356517088537e-06,2.0861448117517174e-06,3.567657163877702e-05,1.1112373713998542e-05,1.2494042148046291e-05,0.00011981449241532287,4.8868822736939946e-06,1.4920737474618417e-05,7.669915033890666e-09,6.180828985891428e-07,0.0036124889921360843,2.0649746741325327e-07,2.540546417361634e-07,0.986800389823247,4.028427067094691e-06,1.025218022394986e-06,8.590899916843171e-08,0.009373286504471686,1.4401400033007824e-06,8.372988995343175e-09,3.8416445779651844e-08,8.843358765496719e-07,4.133238737557218e-07
55,5.3535500713621185e-08,3.4456156745515004e-09,3.678456501242615e-06,1.7200409456025928e-06,4.206088271029937e-05,1.3261054274008804e-05,1.4645282942875661e-05,0.00014512972353991388,4.026796097013279e-06,2.7701687751433716e-05,7.972142014890438e-09,4.693308935504005e-07,0.001707938583229523,2.907324703225485e-07,4.277345805449379e-07,0.9875441349052365,3.165298324236598e-06,8.203398893742184e-07,1.2194426413287475e-07,0.010487733080275927,1.3629727512536248e-06,9.268701967322062e-09,5.236314491387014e-08,6.675880886949807e-07,5.169801282706407e-07
56,7.111269983385898e-08,3.0420567042101937e-09,4.119869446170507e-06,1.7763750020681703e-06,4.3419006971515174e-05,1.1829237203878347e-05,1.569942730906294e-05,0.00011779943074882505,5.701094821656436e-06,1.7756380665953783e-05,7.405276469722327e-09,6.747689160541758e-07,0.00284585762965068,2.509041276180759e-07,4.1317230171306243e-07,0.9880830342648991,3.131554251215297e-06,9.371774408825022e-07,1.0785530864867048e-07,0.008844700065562922,1.3567035336762767e-06,8.198599025329295e-09,3.708425842425698e-08,7.272277494770016e-07,5.810111983297267e-07
57,1.4121157576295405e-07,6.614394438226189e-09,6.963078609122821e-06,2.750519125219732e-06,6.257358788158826e-05,2.2281338243778247e-05,2.0550315566523895e-05,0.00012502483109113187,7.659152312544268e-06,4.1534482215168606e-05,1.0232212840563214e-08,5.127612180381727e-07,0.0017301033332123314,3.8846724871611173e-07,5.593240830762867e-07,0.987825629182409,3.517261259509534e-06,1.9933016439807136e-06,1.331676287629809e-07,0.010143977749820636,1.6051443975303196e-06,9.79436142169018e-09,5.8647706867586515e-08,1.0141256127478533e-06,1.0023761691438008e-06
58,7.33232362988246e-08,2.8857000696947416e-09,4.2319111589378325e-06,1.7147071741686886e-06,4.2918221100159196e-05,1.2072980505903265e-05,1.528919403947417e-05,0.00011590481767463844,5.725633081271063e-06,1.6350366919063927e-05,7.733621027013229e-09,6.644414681619002e-07,0.0029248148757736792,2.3382237857963794e-07,4.0534616158914944e-07,0.9883890920986427,2.9558753522121084e-06,9.038462856482254e-07,1.1154383779314764e-07,0.008463884229393622,1.2665254261883951e-06,7.657089698915483e-09,3.5975161941235436e-08,7.852597653774086e-07,5.467290520107301e-07
59,6.776902891171815e-08,2.825629845771007e-09,4.357665379527353e-06,1.7426992382209342e-06,4.0712182068986616e-05,1.1831381458399945e-05,1.5191547039008378e-05,0.0001157085318031056,5.564261869888305e-06,1.6801033535908927e-05,7.531436259534053e-09,6.328189151525252e-07,0.0026254949862039544,2.2102056331778485e-07,4.0117864703602787e-07,0.9888077058622735,2.7296737819392113e-06,8.56167507668554e-07,1.0500161691803564e-07,0.008347236091402605,1.2964347136956843e-06,7.540518820508186e-09,3.622175849076431e-08,7.703380673651891e-07,5.192355415571928e-07
60,6.629398301468389e-08,2.975011823689789e-09,3.999217074420748e-06,1.7380845952520326e-06,4.1186250512307955e-05,1.1547486225573077e-05,1.5223902383563528e-05,0.00011601802761500483,5.457553336213045e-06,1.812054344723393e-05,6.939026846853865e-09,6.265774048354784e-07,0.0025279116794219166,2.4036319166452847e-07,4.061157260293771e-07,0.9887210268117963,2.8999750548391828e-06,8.958570603242658e-07,1.0198780167478269e-07,0.008529936970393854,1.3069500223952833e-06,7.927385135344745e-09,3.576789848074233e-08,6.798295127544758e-07,5.559141184574244e-07
61,7.007842884650225e-08,2.9763498486997646e-09,4.4470906969195155e-06,1.794144800153723e-06,4.211496606176325e-05,1.1848614042836574e-05,1.618176442535435e-05,0.00012024659487951654,5.706990100586052e-06,1.7543144575575952e-05,7.715061506746572e-09,6.658451809595761e-07,0.002665161991372402,2.320342665473055e-07,4.191280650380597e-07,0.9886293943557702,2.7966682813602603e-06,8.888409718040883e-07,1.076719088210591e-07,0.008477677451810214,1.3304680028093018e-06,7.874979331544683e-09,3.7326995106004985e-08,7.678594636226487e-07,5.484035088858432e-07
62,6.629398301468389e-08,2.975011823689789e-09,3.999217074420748e-06,1.7380845952520326e-06,4.1186250512307955e-05,1.1547486225573077e-05,1.5223902383563528e-05,0.00011601802761500483,5.457553336213045e-06,1.812054344723393e-05,6.939026846853865e-09,6.265774048354784e-07,0.0025279116794219166,2.4036319166452847e-07,4.061157260293771e-07,0.9887210268117963,2.8999750548391828e-06,8.958570603242658e-07,1.0198780167478269e-07,0.008529936970393854,1.3069500223952833e-06,7.927385135344745e-09,3.576789848074233e-08,6.798295127544758e-07,5.559141184574244e-07
63,7.071621478432056e-08,3.3389280208913227e-09,4.187578685169907e-06,1.8240873376760944e-06,4.3167500944962095e-05,1.2066013422743487e-05,1.5907911381216662e-05,0.00011789846913472304,5.855299581850928e-06,1.8707298366438438e-05,7.3300137996291555e-09,6.694813508804777e-07,0.002592731958811762,2.555790886326976e-07,4.402977763751486e-07,0.988465022571748,3.0189280442821493e-06,9.275098969066679e-07,1.0994240819519992e-07,0.008714380240692137,1.4004129128581304e-06,8.46971072521121e-09,3.7479186642591044e-08,7.087341542165861e-07,5.928502071138552e-07
64,6.679863278194303e-08,3.235178008834565e-09,4.140681896987261e-06,1.868443734627953e-06,4.108909388884241e-05,1.2094580519439705e-05,1.5509560518793086e-05,0.00011622568318426806,5.7839152078163555e-06,1.9564779930756166e-05,6.988933931107592e-09,6.752708979734213e-07,0.002643008616565001,2.570777856613553e-07,4.236392001004263e-07,0.988186222787867,3.1243995321454378e-06,9.42359153354172e-07,1.0809712034664649e-07,0.008945971053124148,1.5676043311367733e-06,8.833976260029052e-09,3.856917513210603e-08,7.060186903480092e-07,5.919109552093955e-07
65,7.66572284612513e-08,2.0783239107932916e-09,3.753024187510863e-06,1.4021117383138269e-06,3.5297877469989245e-05,1.2434955997854288e-05,1.0547999713527772e-05,7.22654138131842e-05,8.313298345417497e-06,7.981514862738386e-06,7.286902162155743e-09,6.646066083971065e-07,0.003927385027380096,1.4498470560901678e-07,3.37833043465207e-07,0.9909172728160426,2.6244279748819327e-06,8.795505504536666e-07,1.0760317353304757e-07,0.004996199950660886,9.627150821487222e-07,6.680384246109998e-09,2.033807686299839e-08,9.004778444365531e-07,4.1076988923122087e-07
66,5.71644377583482e-08,2.8495545849405824e-09,3.6680617226183806e-06,1.8211473860662246e-06,3.4009144335176304e-05,1.019711567425965e-05,1.5662428524149464e-05,0.00013273025448055182,5.058462669622674e-06,1.725870416417896e-05,6.728442473996621e-09,7.197068306855666e-07,0.0021741754904702837,2.6096412662995605e-07,3.9536691814336415e-07,0.990313773031437,2.4568261445390898e-06,8.039982203629656e-07,9.846567248712148e-08,0.007284512945161655,1.200920418617641e-06,8.401616326687123e-09,3.355164438937589e-08,5.866238128565441e-07,5.016461346712466e-07
67,6.9622262554969e-08,3.0220700099637516e-09,4.4739608945219e-06,1.5036479277052614e-06,4.058195812073533e-05,1.0722902299051764e-05,1.8718257795738003e-05,0.00012883848806019668,5.6864911938904775e-06,1.7465265650388636e-05,6.9119011680604316e-09,6.419560202285411e-07,0.002085559432387785,1.9970669678099922e-07,4.859885262401314e-07,0.9912987950600424,2.2819617005131117e-06,8.08018148698431e-07,1.1062716051927091e-07,0.00638068327383199,1.1806115352164692e-06,8.018926299214136e-09,2.9686899485264213e-08,6.082069512849667e-07,5.36922996378854e-07
68,4.769979099654019e-08,3.3940037141564513e-09,2.3039477724321644e-06,1.0252322098762818e-06,5.1329728175098726e-05,1.1081852039728576e-05,1.252831498748488e-05,9.520591528587809e-05,4.3889257162749995e-06,1.6073923988450978e-05,7.656766129269288e-09,3.7995589193544126e-07,0.0017440448831980277,1.80692683057079e-07,5.599290705757408e-07,0.989014884011834,2.466785362844238e-06,4.818478093672938e-07,1.4235673487555056e-07,0.009041025696990425,7.363250397413065e-07,7.0075354090557125e-09,3.6340576989804445e-08,6.393719274267658e-07,4.182046091902609e-07
69,8.120890652053117e-08,3.1274522876914304e-09,4.053789991823056e-06,1.4204462118846543e-06,4.373142448956418e-05,1.1957020879113225e-05,1.6720512686773873e-05,0.00010653809495897497,6.19285289275471e-06,2.0251581726045294e-05,5.468231904021652e-09,5.617450958220935e-07,0.0023175749572124102,2.3095419768510951e-07,4.687922050358701e-07,0.9906622670951722,3.017923667079397e-06,1.120985393207548e-06,1.0120624169346136e-07,0.006801235213486733,1.22556603223844e-06,8.482084486076295e-09,2.6357192449606108e-08,5.053813293745561e-07,6.998122616209338e-07
70,6.350320952563155e-08,4.364606880866204e-09,4.045920481809528e-06,1.7238981706236511e-06,4.144283965134239e-05,1.8586003017774135e-05,1.520575880594749e-05,0.00011458193440206787,6.589696125480819e-06,2.52309830035972e-05,9.914443156318811e-09,5.796848093284456e-07,0.0019949518783479838,2.32513171625435e-07,5.100744340278982e-07,0.990563629892705,2.9291512851385497e-06,8.554526198522866e-07,2.2134143943953003e-07,0.007204909116778205,2.047741135406813e-06,1.1623200706114359e-08,5.3368714630569046e-08,1.0964621605150896e-06,4.868832797772913e-07
