,0,1,2,3,4,5,6,7,8,9,10,11,12,13,14,15,16,17,18,19,20,21,22,23,24
0,2.5180304284190413e-06,4.022525440992135e-08,2.8500762187586535e-06,0.0007846500742669814,3.1929550482749925e-05,0.0010875052080893497,0.0034202082511278135,0.006700409641393297,0.00014407964349290694,0.0003426886349906534,2.772111372514782e-06,2.6653524426123697e-06,0.0029916046656141967,8.987495008513706e-06,1.879833367593487e-06,0.9776179426475555,0.00012731973980071614,2.3440893510268828e-05,0.00022880228762006766,0.00617573757953211,8.93183628116307e-06,3.7387985415210623e-06,0.00028909858390709304,5.3884974986733106e-08,1.4495472559669268e-07
1,4.069591742618169e-06,2.0086537434912273e-07,1.2683864032813672e-05,0.0022968098107490737,8.251804171887006e-05,0.007564850015060714,0.02369699789182282,0.021292049524553488,0.00020787148632609158,0.0005826675529328467,1.0490301714121939e-05,3.896705156183151e-05,0.01780780413892857,0.00014028204943367635,1.0798647409321767e-05,0.8367971672733847,0.0007024986439929117,0.00020492026321451289,0.0007575461267058932,0.0842802830054781,0.0001259533676973252,5.840784646054345e-05,0.0033214176194253943,1.4856934091839153e-07,2.5964509385407456e-06
2,2.7976595645715856e-06,3.1095211554562714e-08,2.5770417732061575e-06,0.0005244576968596556,3.02795560872614e-05,0.0012509920547535743,0.0034128409650099225,0.006250908617032906,0.00014884152588027884,0.00046384635493985487,2.1109944791631603e-06,2.1170534805168576e-06,0.0019681683599346578,8.820012873869343e-06,2.213325771648104e-06,0.9720691154590058,8.768005031199432e-05,2.562845558162986e-05,0.0002790011427341895,0.013080468776564609,1.0005835342413276e-05,4.309941157076727e-06,0.0003725147055161824,6.687446351412703e-08,2.0644566983137238e-07
3,2.4921317058226015e-06,3.225309986845316e-08,2.2380679406751314e-06,0.0005208460652769505,2.6449922547385104e-05,0.001225899318029134,0.0030729843279828947,0.005347620544691009,0.00012380232862765192,0.00035663995417454614,2.226447816622162e-06,2.2001624070188624e-06,0.002183293828309146,7.470373228220918e-06,1.856435340000159e-06,0.9779059087924545,9.07393876375755e-05,2.2134635650912266e-05,0.00024060991681849886,0.008552692645867985,8.670996169693425e-06,3.153403384819383e-06,0.000299834690870866,5.529510084307043e-08,1.48074867629701e-07
4,2.5449705834084765e-06,3.66075992788463e-08,2.2106067595201283e-06,0.0005325343374963015,2.8001969574407535e-05,0.0011966192587050707,0.0031436879450403737,0.005393836340917381,0.00012097381817102711,0.0003296072592969801,2.534453462769451e-06,2.6693144970443587e-06,0.0026640319043371337,8.063240546190369e-06,1.758703807163079e-06,0.9778716881033902,9.811051207374655e-05,2.403673038845958e-05,0.0002527431618220775,0.008009944004594535,8.806891677270013e-06,3.18376349655907e-06,0.0003021749164956539,5.122690631273537e-08,1.4995836098014212e-07
5,2.604263382578819e-06,2.70840106864345e-08,2.1410315296090534e-06,0.0005551468675079269,2.371141263752782e-05,0.001110173676574326,0.0031412941429336994,0.0052199692519432185,0.00012592239516257274,0.00040214868211847755,2.108743142460902e-06,2.1091858418416656e-06,0.00202352193397139,8.061918247824363e-06,1.681776302516088e-06,0.9769169482453676,9.507707024643707e-05,2.7327878987631702e-05,0.0002041840542859749,0.009813732689612642,8.426517961034235e-06,3.263311527056915e-06,0.00031018488513657013,6.559787718691753e-08,1.6738369122311354e-07
6,2.4921317058226015e-06,3.225309986845316e-08,2.2380679406751314e-06,0.0005208460652769505,2.6449922547385104e-05,0.001225899318029134,0.0030729843279828947,0.005347620544691009,0.00012380232862765192,0.00035663995417454614,2.226447816622162e-06,2.2001624070188624e-06,0.002183293828309146,7.470373228220918e-06,1.856435340000159e-06,0.9779059087924545,9.07393876375755e-05,2.2134635650912266e-05,0.00024060991681849886,0.008552692645867985,8.670996169693425e-06,3.153403384819383e-06,0.000299834690870866,5.529510084307043e-08,1.48074867629701e-07
7,3.935697931993553e-06,5.6525680132966514e-08,3.954329989613897e-06,0.0006243628527427517,3.527978620534862e-05,0.0012820852999091388,0.004155581192591745,0.009232238050057193,0.0001271202431648634,0.00032308636013554876,3.1284397297287685e-06,3.5817190782741455e-06,0.004845407823153861,7.521751806071297e-06,1.9708979303084246e-06,0.9698736460799541,0.00011745457196904381,2.8999529380230734e-05,0.00040358640042150145,0.00864249216364923,1.0188605446450122e-05,3.759907770100428e-06,0.00027037404390973456,4.88404573389461e-08,1.388869355326027e-07
8,3.0318783898316644e-06,2.8261962834356067e-08,2.914349269195184e-06,0.0007398499187481832,2.6723787061423805e-05,0.001194287242545321,0.0031353410946696435,0.006027259411062352,0.00018324727135775489,0.0005957231551632591,2.2479621984134162e-06,1.5605852764241466e-06,0.0015951703847116865,9.756213054618753e-06,2.5284788529324037e-06,0.9744495916530542,0.00010023647675500796,2.554001271724978e-05,0.00019928602088461927,0.011309251291084748,9.625633767938549e-06,4.222341927271553e-06,0.0003822374086670989,1.2154853367864756e-07,2.1761828416075942e-07
9,2.7493017290844952e-06,2.5934303256295355e-08,3.0865972354357905e-06,0.0006870555890857864,2.58430974467119e-05,0.0012304957193603385,0.0025854593894545893,0.006034487624939637,0.0001543897014787389,0.0005448755251416295,2.2748745235989286e-06,1.5853640420918418e-06,0.0018280321374434068,9.06318810264722e-06,2.1840604231033974e-06,0.9747044202795139,0.00010203839878242612,2.2523776170924537e-05,0.00021074885188386217,0.011501595603315906,9.035022059963022e-06,4.021816749877118e-06,0.0003337523315776626,1.0171077786600057e-07,1.541044577424945e-07
10,2.4921317058226015e-06,3.225309986845316e-08,2.2380679406751314e-06,0.0005208460652769505,2.6449922547385104e-05,0.001225899318029134,0.0030729843279828947,0.005347620544691009,0.00012380232862765192,0.00035663995417454614,2.226447816622162e-06,2.2001624070188624e-06,0.002183293828309146,7.470373228220918e-06,1.856435340000159e-06,0.9779059087924545,9.07393876375755e-05,2.2134635650912266e-05,0.00024060991681849886,0.008552692645867985,8.670996169693425e-06,3.153403384819383e-06,0.000299834690870866,5.529510084307043e-08,1.48074867629701e-07
11,2.531496967916798e-06,3.411861378679634e-08,2.2374070678962586e-06,0.0005233142414730997,2.647954299368266e-05,0.0012075827293670717,0.0030891548880213355,0.005465079651689368,0.00012207687332703923,0.00033976733425636216,2.315812516412276e-06,2.3870458633418894e-06,0.002399774391987063,7.5084903690741055e-06,1.8066231609423643e-06,0.977949923244837,9.58687672084646e-05,2.2765489885758895e-05,0.00024397470868145347,0.00818786140691297,8.544732057802445e-06,3.1448844735622203e-06,0.00029566653562607625,5.307879611748029e-08,1.4650384649935504e-07
12,2.437930863158405e-06,1.9574455494313628e-08,1.9417164807224196e-06,0.0005554201699516676,1.0999996300638875e-05,0.0008066223618092153,0.002440274665561443,0.008774902620652492,0.00010360330474179472,0.00032525857828865067,1.7846339612669677e-06,9.771739750209385e-07,0.001664589497272078,2.9674307897146467e-06,2.1301933151691596e-06,0.9811172308150992,0.00010313936310936072,9.72102661599031e-06,0.00019108192767823825,0.0037223475043201065,5.598977130554661e-06,2.6019485387196232e-06,0.00015424882835258979,5.238940296315599e-08,4.7371333562778416e-08
13,2.3987107690340833e-06,3.851474180280781e-08,2.1305680564123227e-06,0.0005651189332531962,2.767088567441919e-05,0.0012051995296207486,0.003026784915220815,0.005307982762324125,0.00011695468058660429,0.00027739296982819426,3.1794975690822352e-06,2.9171294827708987e-06,0.0031170761707262637,8.082010160583319e-06,1.83859113643951e-06,0.9788137084521433,0.00010872807304833341,2.1762024220501777e-05,0.00025513475353236125,0.006801121203246062,8.951907452166063e-06,3.0281250303035646e-06,0.00032262008376029283,5.061144806011234e-08,1.288969681196604e-07
14,2.996336899701057e-06,2.3619658939796094e-08,3.2168179469867857e-06,0.0008656241063835067,2.224793358486501e-05,0.001137926077799453,0.0030905521024643186,0.00840838093960443,0.00020902125907223598,0.0005216225567066093,1.9132781329133965e-06,1.3602346050472102e-06,0.0017243972618557963,7.706918774309992e-06,2.2568205486694285e-06,0.9727858824485539,0.00013802174857021273,2.2795239014602345e-05,0.00017685566839007022,0.010501396030935459,8.045553157801123e-06,4.38751602371172e-06,0.00036309487011270384,1.0821270029595454e-07,1.664485033345477e-07
15,2.4921317058226015e-06,3.225309986845316e-08,2.2380679406751314e-06,0.0005208460652769505,2.6449922547385104e-05,0.001225899318029134,0.0030729843279828947,0.005347620544691009,0.00012380232862765192,0.00035663995417454614,2.226447816622162e-06,2.2001624070188624e-06,0.002183293828309146,7.470373228220918e-06,1.856435340000159e-06,0.9779059087924545,9.07393876375755e-05,2.2134635650912266e-05,0.00024060991681849886,0.008552692645867985,8.670996169693425e-06,3.153403384819383e-06,0.000299834690870866,5.529510084307043e-08,1.48074867629701e-07
16,1.920173863117206e-06,2.31080955016902e-08,1.5036066352648015e-06,0.0004560732517112555,2.1169279073779734e-05,0.0010308997382543902,0.0029583161891437114,0.003839616242038234,8.36679281715881e-05,0.0003777781586470554,1.8652316113842912e-06,2.1754131172218426e-06,0.0016289283792275823,7.757618321634993e-06,1.456408352379804e-06,0.9805510513711639,7.325118071095097e-05,2.5059901801944648e-05,0.00017828944974608473,0.008483242904733944,9.843330464264975e-06,2.7463575885930196e-06,0.00026316889739548793,4.780644085290649e-08,1.4807368962901378e-07
17,2.2064982943655607e-06,2.922177524015107e-08,2.217448999382477e-06,0.0005006511033898685,2.488499823897666e-05,0.0012965857168824883,0.00275685559736604,0.004816193263238858,0.00012693454207162168,0.00037113260279906005,2.073361835985816e-06,1.536200970956384e-06,0.001672478870880634,5.944287495480051e-06,2.1657349865941266e-06,0.9806413601702447,7.484550829197223e-05,1.4904976218482921e-05,0.00022593456878450233,0.007192615577641207,7.938917974558038e-06,2.713521225763539e-06,0.00025762506727341935,5.9089882078251396e-08,1.1315323775487004e-07
18,2.257142079001601e-06,3.0404837206914907e-08,2.802205942357986e-06,0.0005573509355967949,3.1641758001785685e-05,0.0011991352074525415,0.0026522433553683314,0.005678921691465645,0.0001133559034810962,0.00031795377605631583,2.2170628997270957e-06,1.5584270343431468e-06,0.0020525647791616664,5.140152804926783e-06,2.0852807153696475e-06,0.9799410725933723,6.287585399057744e-05,1.2992042525044985e-05,0.0002694368499568048,0.0068410833089440105,8.87740368918357e-06,2.3627483641104e-06,0.0002419052750966868,5.0884232932638916e-08,8.495693107170475e-08
19,2.7593500268877795e-06,3.850470528810534e-08,2.6716314052672155e-06,0.0006087683746900447,3.175384853557546e-05,0.0011783220326455144,0.0036592829550878016,0.006642514505714736,0.00013659774969823223,0.0003474087407844675,2.4865446419687006e-06,2.7880937968834935e-06,0.0028922279979721075,8.21331291707838e-06,1.9039992499811814e-06,0.9747756106253985,0.00010247170970856938,2.577349570161944e-05,0.00027505026027065983,0.0089751868331171,9.565908099899206e-06,3.6517147355663973e-06,0.0003147346163788592,5.311816527961595e-08,1.640765520555778e-07
20,2.6491818695045108e-06,3.958865734401974e-08,2.834717505994053e-06,0.000623668022916115,3.0781812349639205e-05,0.0014091914916430357,0.0039852004246895435,0.007578150175272083,0.00014229780457389218,0.0003962299445646681,2.8631693410417626e-06,2.2708217258368955e-06,0.0023110740892296373,7.890086513980022e-06,3.3705562917837273e-06,0.9732780649569562,9.82156936664269e-05,1.8365903206807348e-05,0.0003241022652226706,0.009377230721270094,1.3004106781736298e-05,4.684125570987265e-06,0.00038758834870998636,6.581425992657341e-08,1.6617721122140575e-07
21,2.5532033331162177e-06,3.4918461792962586e-08,2.6780636830409315e-06,0.0005529548139954999,2.5059133377098857e-05,0.0014186443678535193,0.0035155008465667828,0.006688439886997946,0.00013420753218943123,0.0003313970044628895,2.1841174248481172e-06,2.1679822418142673e-06,0.002397285082874937,7.0872679655161756e-06,2.2714268289750496e-06,0.9756776611393334,0.0001092783361448883,2.0475584941740857e-05,0.000261791485067509,0.008516720434330959,8.389773712011759e-06,3.678743806175351e-06,0.00031933527241419143,5.4309890540973056e-08,1.4927210168435734e-07
22,2.5152872344146044e-06,6.664084647513252e-08,2.6140718391095465e-06,0.0004300572039527204,4.8203280118138225e-05,0.0019114006761743537,0.004965680082652106,0.005811424351779257,0.00017130340993947143,0.0002872946635225126,2.3431092136721744e-06,2.888545497050726e-06,0.0027955014741629894,7.989559998965427e-06,3.046456567523779e-06,0.972930687200342,6.497194322178995e-05,1.9000415560442632e-05,0.0004066018184164848,0.009690594427783479,1.0874892145854738e-05,3.3449271648535363e-06,0.00043129487966876804,4.097082025036991e-08,2.5971137740708965e-07
23,2.4921317058226015e-06,3.225309986845316e-08,2.2380679406751314e-06,0.0005208460652769505,2.6449922547385104e-05,0.001225899318029134,0.0030729843279828947,0.005347620544691009,0.00012380232862765192,0.00035663995417454614,2.226447816622162e-06,2.2001624070188624e-06,0.002183293828309146,7.470373228220918e-06,1.856435340000159e-06,0.9779059087924545,9.07393876375755e-05,2.2134635650912266e-05,0.00024060991681849886,0.008552692645867985,8.670996169693425e-06,3.153403384819383e-06,0.000299834690870866,5.529510084307043e-08,1.48074867629701e-07
24,2.1893880676372544e-06,3.014419050832432e-08,1.8965422347240396e-06,0.0005201986034354493,2.774145117856393e-05,0.0009944172620745633,0.0026062864235127286,0.004352485392815505,0.0001084160873837332,0.0003053301052118047,2.164150410492876e-06,2.4310214379120735e-06,0.002402737717843965,7.737269748510906e-06,1.302236592862219e-06,0.980915496530487,8.326513513824955e-05,2.3708627147479857e-05,0.00020037678434528612,0.007164930440411434,7.460279522540907e-06,2.4339265189606895e-06,0.00026678317420111944,4.6384086787701275e-08,1.3492200212730638e-07
25,2.4064573300502026e-06,4.543482800748086e-08,2.32952987959522e-06,0.0004492815895390982,3.250936519343404e-05,0.0019833508664060147,0.0028715403333938534,0.003785933813870682,0.00016027973334432053,0.0004048617037032312,2.078425004360566e-06,2.4811583400156304e-06,0.001801443183053063,9.872757276742156e-06,2.0681789929067746e-06,0.9780352852496383,9.321052114811744e-05,2.250216170060643e-05,0.00024845860460546407,0.009744888634902651,8.592682290126105e-06,3.304485056809245e-06,0.00033299834529484435,6.290958363045805e-08,2.1387562394364734e-07
26,2.9842383326781247e-06,3.4736582143537265e-08,2.4067130697741606e-06,0.0006178690237226381,2.790183209109602e-05,0.0014049308201298841,0.003056762461531746,0.0059492695167888505,0.0002108215087442961,0.0003702673114721188,2.3697778964120125e-06,1.940625922750783e-06,0.0020260266081213027,7.722092899421757e-06,2.2669346999320687e-06,0.9754862940797364,0.00011108146168311222,2.2158835910816166e-05,0.00021933211319298077,0.010024584480313013,8.005534002652897e-06,3.355986520450708e-06,0.00044132731326993504,8.944875932494235e-08,1.965446063135183e-07
27,2.9848189667836683e-06,4.3482452987021186e-08,2.9737983400877256e-06,0.0004633124935019876,3.3994875594464026e-05,0.001027225463798818,0.002361562542837751,0.0048523535623690855,4.283436151920651e-05,0.0001821353696819185,2.1226752332468265e-06,4.159159340120175e-06,0.00457009262295728,5.48615066490884e-06,6.344157015147656e-07,0.9812810036048378,7.170339356763344e-05,2.968432009082324e-05,0.00032905912285658616,0.004596231608897855,9.079060706778614e-06,1.3154699863763443e-06,0.00012992604023492473,1.9338007707356602e-08,6.224785336057713e-08
28,2.4921317058226015e-06,3.225309986845316e-08,2.2380679406751314e-06,0.0005208460652769505,2.6449922547385104e-05,0.001225899318029134,0.0030729843279828947,0.005347620544691009,0.00012380232862765192,0.00035663995417454614,2.226447816622162e-06,2.2001624070188624e-06,0.002183293828309146,7.470373228220918e-06,1.856435340000159e-06,0.9779059087924545,9.07393876375755e-05,2.2134635650912266e-05,0.00024060991681849886,0.008552692645867985,8.670996169693425e-06,3.153403384819383e-06,0.000299834690870866,5.529510084307043e-08,1.48074867629701e-07
29,2.4921317058226015e-06,3.225309986845316e-08,2.2380679406751314e-06,0.0005208460652769505,2.6449922547385104e-05,0.001225899318029134,0.0030729843279828947,0.005347620544691009,0.00012380232862765192,0.00035663995417454614,2.226447816622162e-06,2.2001624070188624e-06,0.002183293828309146,7.470373228220918e-06,1.856435340000159e-06,0.9779059087924545,9.07393876375755e-05,2.2134635650912266e-05,0.00024060991681849886,0.008552692645867985,8.670996169693425e-06,3.153403384819383e-06,0.000299834690870866,5.529510084307043e-08,1.48074867629701e-07
30,2.4921317058226015e-06,3.225309986845316e-08,2.2380679406751314e-06,0.0005208460652769505,2.6449922547385104e-05,0.001225899318029134,0.0030729843279828947,0.005347620544691009,0.00012380232862765192,0.00035663995417454614,2.226447816622162e-06,2.2001624070188624e-06,0.002183293828309146,7.470373228220918e-06,1.856435340000159e-06,0.9779059087924545,9.07393876375755e-05,2.2134635650912266e-05,0.00024060991681849886,0.008552692645867985,8.670996169693425e-06,3.153403384819383e-06,0.000299834690870866,5.529510084307043e-08,1.48074867629701e-07
31,1.84146250806324e-06,2.813279873222059e-08,1.6625198322585817e-06,0.0004899749369183,2.3119601110283653e-05,0.001310755081902234,0.0026982734496313033,0.00376534408500606,0.0001288879889717066,0.00036371213246409956,2.1869829129862617e-06,1.8195851029310526e-06,0.00165921712473537,7.49151812683283e-06,1.8868323110583912e-06,0.9818012314362735,8.287443928923368e-05,1.709218763676438e-05,0.00018473750292406465,0.0071645549245625524,7.6220615551192815e-06,2.759072376380421e-06,0.00028273921639319574,5.6832473182739395e-08,1.3089218358607505e-07
32,2.550839485213751e-06,3.400626918548693e-08,2.320685627973322e-06,0.0005047740411572346,2.7879721285688798e-05,0.0012597278518560661,0.0031281223917130176,0.005441869327778427,0.00012145208060051627,0.00035575120712979196,2.3154294149841283e-06,2.3285791411092157e-06,0.0022404157648020905,7.708811164218414e-06,1.9592181460913235e-06,0.977302542670517,9.022440087707787e-05,2.2350445865428394e-05,0.00026547527135272674,0.008897502460548691,9.096272061730036e-06,3.3355128195038445e-06,0.0003100548163326251,5.4238982957610466e-08,1.5395507064065908e-07
33,3.140067569043038e-06,4.020592647621565e-08,3.309112833428413e-06,0.0006203564373547207,4.0615772813359364e-05,0.001665974116263269,0.0033185902808740932,0.006085560874087817,0.00016977281356117774,0.00046034106104012333,2.5303960209467934e-06,1.6931711862718144e-06,0.0016438025419575199,7.432057702027732e-06,3.2936230226925803e-06,0.9734897044307456,6.997199100055881e-05,1.7698942761899498e-05,0.0003195552930808176,0.011612830969734644,1.4394239887992611e-05,3.406821683828294e-06,0.0004456983266764063,9.40017502836256e-08,1.924504651217664e-07
34,2.1214561667122556e-06,2.6605227800398713e-08,1.98931060648607e-06,0.0005132894332631427,2.2836270438541542e-05,0.001191107988946791,0.0030322827371456794,0.004912984695962192,0.00011500164654905863,0.00036202106380714427,1.9035879421969324e-06,1.935002587545244e-06,0.0018750619136214145,7.14902171370433e-06,1.7297318151535902e-06,0.9788818373742791,8.775330737333273e-05,2.1200598601350864e-05,0.00019667368553210146,0.008476091494202972,8.218571908126529e-06,2.999586139997749e-06,0.00028359188813656096,5.2410581309245496e-08,1.406174515993735e-07
35,2.74237041338786e-06,3.163944537014928e-08,2.1803402141092906e-06,0.0005139898848168278,2.494531297914462e-05,0.001106836488180946,0.003069720718497439,0.005700720698618093,0.00012467807538639925,0.00035958295912397485,2.0960077745777306e-06,2.2066833631555947e-06,0.0022253531459043288,7.00368642348521e-06,1.6501289039874615e-06,0.9780122322957882,9.345925743593439e-05,2.4054891087717327e-05,0.0002379022154311477,0.008203767095816881,8.002443165588737e-06,3.0643046024477154e-06,0.00027358123482871524,5.3242376300834235e-08,1.448794220500243e-07
36,1.5211563018411388e-05,2.820650847276157e-07,3.536136586801509e-05,0.001203680573552962,0.0005768501225174506,0.004321584424900138,0.008462404092221983,0.009756351687942142,0.00025313632259933586,0.00228715276023218,8.200993344377e-06,4.97674717294485e-06,0.0031062191449047205,3.0113100040118707e-05,1.0056587972114778e-05,0.8965800548311579,3.210627521089537e-05,5.9639189464746256e-05,0.0028069340502770664,0.0694437909381344,0.00017666800662728747,9.491506896303578e-06,0.0008184707785397727,3.112222875322512e-07,9.51650032601206e-07
37,3.4236676053947703e-06,2.7649579900838562e-08,2.742182478231905e-06,0.0006473319244978991,2.500730217640692e-05,0.0010016842260077673,0.003192868899240467,0.006151452847569052,0.00012711761934226334,0.00043182688717003124,2.5243083811839746e-06,2.2855372512815572e-06,0.002344184202312077,8.528300033977806e-06,1.7380508147224603e-06,0.974861805286265,0.00010590282706250989,3.327579867570641e-05,0.0002357464450853841,0.010499068147116902,8.737508426851445e-06,3.583644317858714e-06,0.00030888483566933396,8.472879052902281e-08,1.6717412948053392e-07
38,2.1531906608772584e-05,2.2630275204371101e-07,2.1062139356768752e-05,0.0037878003398531947,0.00025351092748812697,0.001444421559504857,0.009102971463044607,0.03496066880284849,0.0028817582605360076,0.0036193745559789394,6.90049707872063e-06,9.206050787264449e-06,0.008326006188605302,9.08914055817895e-05,3.808621352042283e-06,0.865660492722476,0.0004577399928239856,0.00023210551239969434,0.000750472535820445,0.06718354712186278,2.8695338164787556e-05,4.5187727188214144e-05,0.0011083027064704171,5.874059112621988e-07,2.7299155055374874e-06
39,2.4516330880475017e-06,3.136110428971037e-08,2.202911568139001e-06,0.0005177606569501756,2.5938363681292853e-05,0.0012046280676367737,0.003092058356169766,0.005502962828092137,0.00011937231685146296,0.00034288414390554444,2.183756984971059e-06,2.1705885543033587e-06,0.002179419520691987,7.179228090737171e-06,1.871855015880044e-06,0.9778559829420024,9.013461166264233e-05,2.155929736123875e-05,0.00024050332103565334,0.008471687304100101,8.784796811811696e-06,3.127297887579664e-06,0.00030490572226291306,5.3289292810601076e-08,1.4582919754423863e-07
40,2.494640179392559e-06,3.235427055772577e-08,2.2457971187387674e-06,0.000521018995860685,2.6528684861567133e-05,0.0012288829554661172,0.0030753002424636026,0.005348813995780501,0.00012382110372516705,0.0003568852790133966,2.230200837566536e-06,2.2064978734513358e-06,0.0021870797870504476,7.488865251755791e-06,1.8598241620765923e-06,0.9778785456269184,9.079007826885788e-05,2.216266367237537e-05,0.00024130293379838398,0.008568241509677853,8.688266554059573e-06,3.160106893978245e-06,0.00030001594309812205,5.533578694916303e-08,1.4831141605561328e-07
41,4.089611978196285e-06,2.3173754561221648e-08,3.401250455042661e-06,0.0005316799950990826,2.247696790374129e-05,0.0014314752450058728,0.010512590633330822,0.009956370877843379,6.464433972333091e-05,0.000671764623530563,3.874185143703081e-06,6.161450321530629e-06,0.002447542414023711,2.3753806756383863e-05,5.649635324241248e-06,0.9249820417247632,0.00013357361987623934,9.359333629975379e-05,0.0007414943226979786,0.04756555482692434,3.130194535115108e-05,2.0898203880148047e-05,0.0007453164975382083,1.053126459040225e-07,6.219998286209496e-07
42,2.1942913889597192e-06,2.982306851660323e-08,1.4549390538475017e-06,0.00048401950440566207,2.6068603647436265e-05,0.0012869005703354582,0.0029383377325765394,0.002623790447476964,0.00015090059934487994,0.0003569851132879915,2.0346362367153648e-06,2.185326639605871e-06,0.0019535791037542686,1.005245743174659e-05,1.10465283560494e-06,0.9807559713435041,8.14822697332686e-05,3.3252220292238437e-05,0.0001390998513065405,0.008808530579803964,5.967153903011531e-06,1.9898664677538773e-06,0.00033376987741511326,6.466423329700247e-08,2.3437185665163738e-07
43,3.802720129284059e-06,9.479955295649243e-08,3.034761444609809e-06,0.0005209751608617178,3.217969214256023e-05,0.0012383953313312803,0.007026417681060047,0.01016039312979163,6.326066065159813e-05,5.744972800172823e-05,3.9588051594516006e-06,1.3229181754623782e-05,0.013869783364467142,6.54760733308107e-06,1.5216979927958051e-06,0.9618425217207035,0.00017943019858361405,4.553695488533189e-05,0.0005398258757607587,0.004027032733670778,7.936328890793004e-06,2.3545429388211033e-06,0.0003541430961991358,1.623970246189099e-08,1.5798699033887045e-07
44,2.4921317058226015e-06,3.225309986845316e-08,2.2380679406751314e-06,0.0005208460652769505,2.6449922547385104e-05,0.001225899318029134,0.0030729843279828947,0.005347620544691009,0.00012380232862765192,0.00035663995417454614,2.226447816622162e-06,2.2001624070188624e-06,0.002183293828309146,7.470373228220918e-06,1.856435340000159e-06,0.9779059087924545,9.07393876375755e-05,2.2134635650912266e-05,0.00024060991681849886,0.008552692645867985,8.670996169693425e-06,3.153403384819383e-06,0.000299834690870866,5.529510084307043e-08,1.48074867629701e-07
45,3.1504271829613634e-06,4.726923897925227e-08,2.5790638789155143e-06,0.0005848179104444523,3.759771515297418e-05,0.001501132388907401,0.003132925853108231,0.004659965309263052,0.00016115874484724853,0.0004529794609954962,2.8752936772413824e-06,3.7304148842560975e-06,0.0029034312617082004,1.3761616137509916e-05,1.5375883291387167e-06,0.9734571960211769,0.00011908642779884945,4.020704046610201e-05,0.00026410864661761567,0.012263974075182841,1.0334496714135712e-05,3.9877786902840726e-06,0.0003790932962457624,7.00220367908007e-08,2.5187731455332247e-07
46,2.4910164899932867e-06,3.2205092889804265e-08,2.23493734846591e-06,0.0005212159823225525,2.637491823304916e-05,0.001225419950892804,0.0030689771424608995,0.005348482294969269,0.00012378224424638726,0.0003562716608813543,2.2260881757764045e-06,2.1983214116977816e-06,0.0021826694035074175,7.4621824084483075e-06,1.8551623071999739e-06,0.9779251039384628,9.0941465448358e-05,2.211771357858711e-05,0.00024004031667140284,0.008538281411207058,8.658828714805714e-06,3.1512384184880657e-06,0.00029980842355209497,5.533409696808207e-08,1.478191013376024e-07
47,3.272215101940507e-06,4.093317568045607e-08,2.3554995596989707e-06,0.0004564786405109815,2.6253495385849825e-05,0.0012150935344387834,0.003543301317379611,0.006786990783598204,0.00012875803954462184,0.000369773307163728,2.2467494740652784e-06,2.950978122390114e-06,0.002544841074978594,7.3645879930476275e-06,1.9686143055485544e-06,0.9748831856780252,0.00010573870734350663,2.702889817256083e-05,0.00032296122112658045,0.009278002526460851,8.857559479472857e-06,4.008582685474016e-06,0.00027830733679386004,4.9946181457850045e-08,1.6977299848110967e-07
48,2.447545097161008e-06,3.492108096601228e-08,2.110442129390954e-06,0.0004904476852193887,2.1962831696989444e-05,0.0012844606866759816,0.003164256642278303,0.006087156757852162,0.00011549921756255239,0.0002796565589236661,2.238180465285529e-06,2.283396154983346e-06,0.002521575875085483,6.058672240197323e-06,1.9401182075799693e-06,0.978729810014476,0.0001064875637255976,1.8580850213052893e-05,0.0002540285054299302,0.006621883793969053,7.6990121524974e-06,2.963566936779147e-06,0.0002762520579497482,4.468930480270658e-08,1.2041517256499083e-07
49,2.8400229487494443e-06,4.359628324982207e-08,3.4519366490286575e-06,0.0005833042605002988,3.372213404080032e-05,0.0017023705415407067,0.0034903633079856715,0.005961793869635793,0.00012961649211110785,0.000418779602566432,2.719149126661159e-06,3.1246642849492994e-06,0.0026992109895730286,1.0554283130678402e-05,2.3774331482366024e-06,0.9722702234142497,0.00011173150927477867,2.76463420573891e-05,0.00031941833132583165,0.011873979487155408,1.1446331873192463e-05,4.619780858537984e-06,0.0003364142270399061,6.656871085454256e-08,1.8172392886976906e-07
50,2.51547604680068e-06,3.194248645434456e-08,2.2284067636115186e-06,0.0005177176947299606,2.6276926107570183e-05,0.001202723699794239,0.0031462108708782822,0.005415553025397713,0.00012406430132403504,0.00036603756925433106,2.1904823430480624e-06,2.1732578136746624e-06,0.002162480347324997,7.467533164781546e-06,1.8582563789398004e-06,0.9777006692660211,8.978078955682062e-05,2.248183514714695e-05,0.00024207927509581058,0.008656803359289835,8.66175085876616e-06,3.2016352603466143e-06,0.00029658592518273715,5.501446587938487e-08,1.5135931309882892e-07
51,2.3082911681939825e-06,4.843954643240189e-08,2.7765242281899914e-06,0.0010353012940995305,3.182925962174581e-05,0.0012152040843422121,0.003266074707511523,0.006309694600372431,0.00020789311243944657,0.00046571222838733705,2.806204266586387e-06,2.178104086512403e-06,0.002902927402287871,8.773891364599343e-06,1.856016727380391e-06,0.9793064618648074,0.00012146554199946017,1.8079793011813606e-05,0.00016778346940481283,0.004706043720337733,8.994651722782026e-06,3.1730824495508386e-06,0.00021243761772885155,6.656129031108008e-08,1.0953679723447831e-07
52,2.0098259995189684e-06,1.514673387568605e-08,1.4226888565347103e-06,0.0004132977811692229,1.6256734458695452e-05,0.0007854934181501047,0.0019138228231435515,0.00282586045993317,8.381769132513432e-05,0.0004075371271263705,1.5485894098029829e-06,1.5941096037963443e-06,0.0014652108656129403,6.720579658541181e-06,7.921782897409157e-07,0.9839569255450744,7.206615083151787e-05,2.78388748515729e-05,0.00012482360773173755,0.00772371067577405,4.617216568815709e-06,1.9969639507619997e-06,0.00016247053707778953,5.3710484520199995e-08,9.669818380651133e-08
53,5.551792565211986e-06,9.352575021250894e-08,1.0476285231773956e-05,0.0008037436983980802,7.283856489307957e-05,0.00248945149842823,0.0017982224581453029,0.007467829616442125,0.0001183475979048296,0.0005073351927291738,4.606602032759354e-06,5.075877476893087e-06,0.004831947427994579,1.4214941750976222e-05,2.0554839301700524e-06,0.9691304652567773,0.00014217487938441765,2.9765293295806103e-05,0.0006789445620208799,0.011621865766500107,1.6724684457600025e-05,4.890146103247479e-06,0.0002431829442517336,8.922961977807624e-08,1.0667391597230322e-07
54,2.7680756236876485e-06,3.255853951747727e-08,4.510589667835049e-06,0.0008122341620006837,3.59735755823647e-05,0.001565118834524001,0.003128425936685045,0.008261521188810827,0.00013339042464665185,0.00037005775923811376,3.3334633766862577e-06,2.4802415270747138e-06,0.0032012705178120033,9.496390197367642e-06,2.683889380368255e-06,0.9681715398183232,0.0001202830262211382,2.2006566892253753e-05,0.00032687281564551854,0.013368406128288447,1.3034060684118777e-05,4.836040083192957e-06,0.00043950870067950353,8.304469764704581e-08,1.321908729145987e-07
55,2.1220195618809828e-06,2.510521062374496e-08,2.5495156460745128e-06,0.0005559668176373671,2.2631343753568315e-05,0.0014375667082902372,0.0027481503819662433,0.00553411437817122,0.00011436105236380242,0.00041135917100495805,2.1755542254523938e-06,1.5316442906817366e-06,0.0017972184948667922,7.509064437574816e-06,2.3736754848686795e-06,0.9771837360249793,9.296078666788168e-05,1.666304809877569e-05,0.00022979444756001546,0.009497954896490073,9.170238175693893e-06,3.637103707762009e-06,0.0003262359873953874,6.609631543065892e-08,1.2644369827775535e-07
56,2.5773344407244887e-06,3.525441500120587e-08,2.275359853817108e-06,0.0005259398976997054,2.730399349943552e-05,0.001219758473113465,0.0031378991419878984,0.005419433089901706,0.00012418937085365033,0.0003441351835907884,2.379956067244535e-06,2.4633053540448825e-06,0.0024570195704100017,7.778832578667114e-06,1.808830679907895e-06,0.9777489786572212,9.590876833575096e-05,2.3549392615685166e-05,0.0002487194833788922,0.008298242648329195,8.618843500098502e-06,3.184808912224457e-06,0.0002975951692206773,5.3778234742891506e-08,1.508558055734429e-07
57,1.6934126350017804e-06,1.5772812603122446e-08,1.0317918065306538e-06,0.0007618743628549815,1.0815346833324619e-05,0.0009627916811840164,0.002806662785824715,0.003162723016062001,0.0002199530194490124,0.0005024321577336121,1.3390993280740204e-06,6.759547597455463e-07,0.0011054679719452913,5.928163274128811e-06,1.1599541258843202e-06,0.9850027908100196,9.275941665362116e-05,1.89294009476665e-05,4.7885907519918114e-05,0.005035073180409156,4.019026464499763e-06,1.474611948636621e-06,0.00025225880547177977,1.0115368235678983e-07,1.4319625376357985e-07
58,2.596421658060769e-06,3.2652466338591815e-08,2.27037791580186e-06,0.0005338108913019088,2.6080860693522436e-05,0.0012286726665488143,0.0030362419569992393,0.005267983085231291,0.00012806570688345473,0.0003670068554450526,2.3377415850196516e-06,2.195721283251842e-06,0.0021461989285073172,7.573020086395618e-06,1.942157466984965e-06,0.9780623501779632,9.317273275545556e-05,2.2466580040257817e-05,0.00023712166346851062,0.008516579890345995,8.627290394563235e-06,3.196764168936451e-06,0.0003032632671870426,6.201378205775938e-08,1.5057582163668457e-07
59,2.750130132391878e-06,3.28295119824944e-08,2.5728556404519984e-06,0.0005786751906009244,2.7530032917269658e-05,0.0012636236113147273,0.0030320697724052358,0.005435760232359934,0.00013774221340968453,0.00041492279228847975,2.424429308061586e-06,2.1235185733627618e-06,0.0020664257735969233,8.17840850470358e-06,2.0941129940272667e-06,0.9769014442553544,9.684512106550281e-05,2.3475725492708963e-05,0.00023893467293164446,0.009429834744255091,9.250828407529404e-06,3.4768566312396985e-06,0.00031957683033899474,7.36089399073975e-08,1.614530248746516e-07
60,2.4921317058226015e-06,3.225309986845316e-08,2.2380679406751314e-06,0.0005208460652769505,2.6449922547385104e-05,0.001225899318029134,0.0030729843279828947,0.005347620544691009,0.00012380232862765192,0.00035663995417454614,2.226447816622162e-06,2.2001624070188624e-06,0.002183293828309146,7.470373228220918e-06,1.856435340000159e-06,0.9779059087924545,9.07393876375755e-05,2.2134635650912266e-05,0.00024060991681849886,0.008552692645867985,8.670996169693425e-06,3.153403384819383e-06,0.000299834690870866,5.529510084307043e-08,1.48074867629701e-07
61,2.755054433071554e-06,3.3639758325482896e-08,2.702896247079153e-06,0.0005708080579253746,2.7703080268173925e-05,0.0013145740041718668,0.0030316795062025627,0.005608124675064425,0.00013016416113921912,0.0003975971099271523,2.4066233405126315e-06,2.215155899439414e-06,0.0021775335764041,8.108581209705809e-06,2.0725819590834685e-06,0.9765868244649227,9.802901155520871e-05,2.3418751770186787e-05,0.0002513381806426752,0.009437050577665303,9.334958624193346e-06,3.49950977660453e-06,0.0003118032258334187,6.874594830587532e-08,1.5386931137909206e-07
62,2.4921317058226015e-06,3.225309986845316e-08,2.2380679406751314e-06,0.0005208460652769505,2.6449922547385104e-05,0.001225899318029134,0.0030729843279828947,0.005347620544691009,0.00012380232862765192,0.00035663995417454614,2.226447816622162e-06,2.2001624070188624e-06,0.002183293828309146,7.470373228220918e-06,1.856435340000159e-06,0.9779059087924545,9.07393876375755e-05,2.2134635650912266e-05,0.00024060991681849886,0.008552692645867985,8.670996169693425e-06,3.153403384819383e-06,0.000299834690870866,5.529510084307043e-08,1.48074867629701e-07
63,2.5476277218045543e-06,3.408177988708386e-08,2.255523118534288e-06,0.0005224304578675011,2.7073132730993005e-05,0.0012407740949258806,0.003119358473048418,0.00540524246856632,0.00012779125706894367,0.00035678921355787444,2.2712248359883845e-06,2.2760156272155605e-06,0.002241535741279851,7.546185953735251e-06,1.8761345742995597e-06,0.9778344734665391,9.219400347283563e-05,2.235920536539135e-05,0.00024531385822253404,0.008433883385692818,8.71023383090785e-06,3.185624642269311e-06,0.00029987241813811074,5.521097703967992e-08,1.5096046189741029e-07
64,2.6256010680576075e-06,3.680389155735975e-08,2.505971088191364e-06,0.000553928024492895,3.0274193016278645e-05,0.0013166422224089433,0.003307503751728985,0.005843048794732079,0.00012472499111706832,0.00037276681920136664,2.4475228060552924e-06,2.3528473045600487e-06,0.0022142505637226203,7.604460216944047e-06,2.208801092597895e-06,0.9764995782409975,8.844651140821925e-05,2.1487016489940614e-05,0.0002727171082185053,0.008995310471847906,1.1080336224557196e-05,3.4380426479249203e-06,0.00032480758056270624,5.833499676004677e-08,1.549887178154877e-07
65,2.46431388956862e-06,2.302083981896776e-08,1.152957945824638e-06,0.00037487672430296033,2.1452887111001632e-05,0.0007492386509919855,0.002457261304159682,0.003138793404141155,0.00013234644572616505,0.0003746342844540491,1.664088736612004e-06,2.3012288651851174e-06,0.0019003377923799808,7.776603324615896e-06,7.448000360103628e-07,0.9821200217223521,7.500796307721792e-05,3.608359342806929e-05,0.0001543148665086243,0.008232891427020847,4.484231943303619e-06,2.109901037275297e-06,0.00020980823204530904,4.633442773090183e-08,1.6322125487586131e-07
66,2.8942595862042524e-06,3.897040657438199e-08,2.3972589779016107e-06,0.0005434387462695323,2.426080241979091e-05,0.0016247698247880216,0.00412742188723629,0.006820227732762118,0.00015931362190361664,0.0003208129598431219,2.3840729284793743e-06,2.2519852235204895e-06,0.0023525897455100478,7.353267123323016e-06,2.7333542955404094e-06,0.9737688518060534,0.00011429951286894509,2.2026565682140916e-05,0.0002803740193554743,0.009382121081670747,9.164347201755315e-06,3.725897572002519e-06,0.0004262838642725307,6.432165740083612e-08,2.0009439174444914e-07
67,2.6697928043910353e-06,3.3526915330927225e-08,2.2911321928323677e-06,0.0005399769007842428,2.7999774916843304e-05,0.0009843449244343841,0.002906183337705027,0.006091192128726906,0.00012805156098335242,0.0003259765096671735,2.053514928842429e-06,1.9939705080004075e-06,0.0022951792835889844,5.721263529791048e-06,1.575807593098339e-06,0.9798239956329989,8.214581450623902e-05,1.9116596224070116e-05,0.00024471076355859063,0.006275788982769656,7.544635418694776e-06,2.580930334390573e-06,0.00022871597003229626,4.561318688712738e-08,1.1163169131798068e-07
68,2.3567998382219888e-06,4.504827930893515e-08,2.3705557157697316e-06,0.0005323677332164645,4.141001730981515e-05,0.0014011357547831272,0.0027991526707858154,0.004905391938327298,0.00017707500055555276,0.0005718219955612531,2.403124424065483e-06,1.8278769751117278e-06,0.0011548754851289683,8.976170419512934e-06,3.8751724115011154e-06,0.9800696038401101,7.248910353139403e-05,1.3591516595937188e-05,0.00030298531847743304,0.00759197463605618,1.2343828934723148e-05,5.07305824663456e-06,0.0003265752968830421,7.465193003508333e-08,2.034055026051901e-07
69,2.1029872014683517e-06,2.5845324265114994e-08,1.6435385174919486e-06,0.0005518537252505583,2.3507514766289948e-05,0.0007770334838677271,0.0024906663098384655,0.004548589071183924,0.0001454979636281802,0.0003360595204934143,1.4011093413431628e-06,1.3362360755868182e-06,0.0015057100312915906,4.923059004720555e-06,1.1916155196682955e-06,0.9848272325980999,7.307519958213711e-05,1.6725405241620198e-05,0.00013498328204803175,0.00436447815751887,5.117072610351965e-06,1.8894889258523775e-06,0.00018480053009195695,4.4346222400216235e-08,1.119083543499712e-07
70,1.4134853958996476e-06,1.553414312949213e-08,1.4792620037285196e-06,0.0005154462202161428,1.8120799967952282e-05,0.0009688825865938023,0.0019250851168359634,0.00319730416642803,0.0001140047793033927,0.0003281039000270286,1.4998275889905656e-06,1.3092366807132638e-06,0.0014898986648236591,6.550715349416726e-06,1.0590722808638357e-06,0.9833920138171396,7.984026947697155e-05,1.8047886903390378e-05,0.00010105450857705688,0.007581831642977945,5.093497084384589e-06,1.929078521301803e-06,0.0002498592283431081,5.5210596201312065e-08,1.0149274128816922e-07
71,2.3773490257113103e-06,2.955333235852663e-08,1.936192645071247e-06,0.0004948851106932026,2.49498334421859e-05,0.0010977147253959643,0.0029231892840291536,0.005078685612013063,0.00012011513092866668,0.00034074121720413134,2.10407459144672e-06,2.105413743740368e-06,0.002063749885506298,6.946264270669839e-06,1.6847654920889966e-06,0.9791663666031033,8.499871918401647e-05,2.160457635891471e-05,0.00021997538554130455,0.00804488574225269,8.144343423834265e-06,2.869525524620027e-06,0.0002897471878573644,5.198079429369966e-08,1.4152364603977614e-07
