,0,1,2,3,4,5,6,7,8,9,10,11,12,13,14,15,16,17,18,19,20,21,22,23,24
0,1.874774771979635e-06,2.2237442924652057e-10,9.28323406854894e-05,0.00022357317093023242,0.0003405896865920439,0.016056342075844752,0.0010841322495637289,0.0002154235334606435,5.25969872787001e-05,0.0005622640328637505,5.819600229948223e-07,0.00021790772410116275,0.0034669651448275183,1.6258473775532593e-07,1.5021846141475292e-08,0.97126533362301,0.00016427182130750474,0.004133271430697131,3.43972005233246e-05,0.0017001145054524936,0.0002034743289456442,5.658644171634173e-07,7.258032155111573e-05,0.00011072700010576782,2.394088309279781e-09
1,3.356661642691443e-06,1.0151736549396218e-09,4.6317028760919906e-05,0.0010369498089504855,0.0005469391919965808,0.03229032284886068,0.007817324163804344,0.00037173009870760895,3.0063698305568663e-05,0.0003748224897595019,2.485413100083865e-06,0.0018367971500665586,0.00451755735303792,3.3361330058019398e-06,8.11308212181077e-08,0.8958709042211703,0.0007537420085865049,0.044006095074999765,1.875062373935203e-05,0.008995860530348824,0.0007332495393972223,3.5488018232239307e-06,0.00033772262882593814,0.00040200991323965165,3.247187566817932e-08
2,3.0803665599882953e-06,3.9868978397535764e-10,0.00015034318048638096,0.0002791928859363948,0.000668940624091165,0.018406940570203433,0.0014570408150050467,0.00033196314479846825,9.017225513027447e-05,0.0008405037820707688,1.175394756018138e-06,0.00030969538182702483,0.0045360693907907515,3.1919514018697437e-07,3.153416987482561e-08,0.9635178076839725,0.000228029185698349,0.005601656460378514,4.737566006122179e-05,0.002974359358577339,0.0002988160611698697,7.341367439026196e-07,0.00011444942298962145,0.00014129809872610337,5.01202682221153e-09
3,2.0640979763432645e-06,2.698950958869543e-10,0.00010088998407436566,0.00021953959888278534,0.00040803557215751213,0.017613136998150203,0.0013047084876132114,0.000208960498718495,5.506556550712864e-05,0.0005473245181009737,6.310804212335834e-07,0.00025008617833926415,0.003248991065871516,2.0554798723036217e-07,1.7539369098526906e-08,0.9693726446239181,0.00018682084961188925,0.004324277259349219,3.8536272085543534e-05,0.0016841885584315346,0.00023541671238655275,6.80748568016537e-07,7.64572333415939e-05,0.00012131767559155297,3.0636513158012845e-09
4,2.1096270550968113e-06,2.5388538896715476e-10,9.945462971513514e-05,0.0002092104641433829,0.00039912091855701044,0.01681541500247006,0.0012866127373109936,0.00020662446827071705,4.9836223893809385e-05,0.0005486344242624131,6.106127833900608e-07,0.00024200776627275567,0.0036448153708831207,2.1506888323669418e-07,1.6575359835660898e-08,0.9696062794129832,0.00018763158045129435,0.004488186365476483,3.954731888347309e-05,0.0017456908670367244,0.00022203009520129887,6.220318072991547e-07,7.471063840314938e-05,0.0001306146397928872,2.906218147368131e-09
5,1.951487373205914e-06,2.77547686334887e-10,8.256410905744594e-05,0.00024645692749147136,0.0003537244686269455,0.017766353181792958,0.0011554658969120776,0.00020080320434871565,4.778156843170077e-05,0.0005065998254011765,6.424152782327333e-07,0.00023722072130315139,0.003278786305724894,2.0933107182500416e-07,1.7503680945634176e-08,0.9684015570741059,0.00017585534879858755,0.005326384010815067,3.651714582385572e-05,0.001764736547370294,0.00021952608991857608,6.661442415511701e-07,7.807723792969573e-05,0.00011810032526324045,2.851690865342703e-09
6,2.0640979763432645e-06,2.698950958869543e-10,0.00010088998407436566,0.00021953959888278534,0.00040803557215751213,0.017613136998150203,0.0013047084876132114,0.000208960498718495,5.506556550712864e-05,0.0005473245181009737,6.310804212335834e-07,0.00025008617833926415,0.003248991065871516,2.0554798723036217e-07,1.7539369098526906e-08,0.9693726446239181,0.00018682084961188925,0.004324277259349219,3.8536272085543534e-05,0.0016841885584315346,0.00023541671238655275,6.80748568016537e-07,7.64572333415939e-05,0.00012131767559155297,3.0636513158012845e-09
7,4.07833808732737e-06,2.7173115894774887e-10,0.00018721141843058598,0.00025310901036155634,0.0005380792788916742,0.012599196123889917,0.001638163362749547,0.00035086308550672554,5.989792636110798e-05,0.0010723286626786233,8.762868222108632e-07,0.0002439669350879424,0.006786581489411508,2.348065750401801e-07,1.5890386654757947e-08,0.9701871548197857,0.0002470927212563812,0.003148321868538203,5.999181567934559e-05,0.002245460862361099,0.00015374359416869636,7.112636459785727e-07,5.491499036588442e-05,0.00016800174919747403,3.428029745987571e-09
8,4.008645929366959e-06,2.82910257122179e-10,0.00020291278427588382,0.00027001119985301626,0.0005304537007945964,0.015238832890833097,0.0020775255798870618,0.00030439866034046915,7.296404427420036e-05,0.001089277073212955,8.207211032180613e-07,0.00033789983388095936,0.004871448525053995,3.374006007673614e-07,2.1124215999702288e-08,0.9686052687786912,0.00029499628986465464,0.003070447595714402,4.438796225781156e-05,0.002330398052025659,0.0003165844141125829,7.948749867995129e-07,0.00011016086421224231,0.0002260433343492869,5.366619676285401e-09
9,3.92508050569267e-06,3.866152210735107e-10,0.00015637270648282873,0.0003543729797279091,0.0005466896323021952,0.01871219438495998,0.001867653844786455,0.0003598494373280895,9.01157780802873e-05,0.0011482799936586871,1.0818156528972315e-06,0.0003414568951627099,0.004601551329161259,3.5287902703409084e-07,2.996663491266131e-08,0.9635102382413709,0.00027544054162614607,0.004645307048785057,4.6296494871263656e-05,0.0027010294314033954,0.00030657528179473746,9.271252043176598e-07,0.00013167563051019317,0.00019857689478406336,6.199563698548636e-09
10,2.0640979763432645e-06,2.698950958869543e-10,0.00010088998407436566,0.00021953959888278534,0.00040803557215751213,0.017613136998150203,0.0013047084876132114,0.000208960498718495,5.506556550712864e-05,0.0005473245181009737,6.310804212335834e-07,0.00025008617833926415,0.003248991065871516,2.0554798723036217e-07,1.7539369098526906e-08,0.9693726446239181,0.00018682084961188925,0.004324277259349219,3.8536272085543534e-05,0.0016841885584315346,0.00023541671238655275,6.80748568016537e-07,7.64572333415939e-05,0.00012131767559155297,3.0636513158012845e-09
11,2.1202607326079983e-06,2.484256834596402e-10,9.987598991142416e-05,0.00020614530430270296,0.0003803563041376872,0.01646415253540166,0.0012848305911621865,0.00022116894730251033,5.1457137616034845e-05,0.0005658104921531605,6.013789082991061e-07,0.00024512346653765186,0.0036681158595401105,1.9978287750311066e-07,1.6471774886172015e-08,0.9702102179337206,0.00018797120044215386,0.004275279466013302,3.92848284993334e-05,0.0016825421579870915,0.00021400464072645462,6.426862582074499e-07,7.108376370781889e-05,0.00012899573441327208,2.8174474485419503e-09
12,3.3116751266821035e-06,3.338780419271571e-10,0.00020854714673423683,0.00020029597832106063,0.00010345958111212564,0.009487897785537047,0.0006972976470564957,0.0008836390137226523,6.154044288399929e-05,0.0009957265971796687,4.4944063425763863e-07,0.00023270205467215252,0.004352346146883075,3.9119146971295256e-08,1.5871640302345515e-08,0.9807785618150822,0.00018097048116589367,0.0010167117618886951,7.119864343213357e-05,0.0005001773527321575,0.0001085359030743296,1.7404852478558413e-06,1.6314590820036165e-05,9.851887386097233e-05,1.2581668901580149e-09
13,2.7534305268992497e-06,2.193246038728835e-10,0.000125550166623521,0.00027116428254520767,0.000419261399745414,0.01081233741160745,0.0012325878188675365,0.0002702790170982827,5.179594733499131e-05,0.0005774226866971443,1.2456348084442394e-06,0.00032840836972478744,0.004032875450791592,3.5607218770704855e-07,2.5064604126066173e-08,0.9736433510594529,0.0001778280306191209,0.0049665031120856755,2.948399083258247e-05,0.0026054100391805766,0.0002646186476638821,5.235750128930319e-07,8.754176651558444e-05,9.867375812043212e-05,3.0480286033373816e-09
14,2.9260145533986355e-06,2.1159975138963822e-10,0.00010923748053546213,0.0001981448563229419,0.0003278636733697164,0.01752346114670769,0.0023536519935257066,0.0003272814893731096,8.169410512117006e-05,0.0007100133810634446,5.008494047188398e-07,0.00039214797801267586,0.0029227581067539444,2.148971208896745e-07,1.8996710459189347e-08,0.9696783226585244,0.00029725517921958596,0.003138317052866198,3.1706413081469764e-05,0.0012967375488592773,0.0003177071039008842,9.873678497029815e-07,9.783660577802222e-05,0.0001912101630358388,4.7267096426438894e-09
15,2.0640979763432645e-06,2.698950958869543e-10,0.00010088998407436566,0.00021953959888278534,0.00040803557215751213,0.017613136998150203,0.0013047084876132114,0.000208960498718495,5.506556550712864e-05,0.0005473245181009737,6.310804212335834e-07,0.00025008617833926415,0.003248991065871516,2.0554798723036217e-07,1.7539369098526906e-08,0.9693726446239181,0.00018682084961188925,0.004324277259349219,3.8536272085543534e-05,0.0016841885584315346,0.00023541671238655275,6.80748568016537e-07,7.64572333415939e-05,0.00012131767559155297,3.0636513158012845e-09
16,1.1965255762504392e-06,1.1342664156489276e-10,6.76007202821948e-05,0.0001713907118191378,0.00023973406007201233,0.010909600267819737,0.00094415763372866,0.00012113562189259852,2.163052168177697e-05,0.0002970372882538421,5.115801278497167e-07,0.00022434877621224284,0.0026883894716587297,2.0911902396599667e-07,1.1579428988926537e-08,0.9773429530210642,0.0001210314051112392,0.004813229878783771,1.9870000457827072e-05,0.0016475266987751134,0.00022549762536368966,3.4564693440845673e-07,5.899890241032539e-05,8.359147876661749e-05,1.3513284103854152e-09
17,2.178200834589118e-06,2.634475760513586e-10,0.00010096288810669014,0.00023078808241746578,0.0004163509713580148,0.016453729840038334,0.0014450017698669556,0.00021275597402144612,5.395992720194994e-05,0.0005183471372027399,6.670245038646479e-07,0.00027725911380558575,0.003281367473385532,2.353489219098573e-07,1.7612563156654707e-08,0.9702281945243411,0.00019412193254471314,0.00435957324063614,3.507058042222209e-05,0.0017469169561028857,0.00024101940228015144,6.934843459615145e-07,7.836547222092291e-05,0.00012241946435381445,3.3150760355393626e-09
18,1.0790684321535478e-06,1.6308281442798884e-10,9.011578509607264e-05,0.0001714093821193981,0.00023541991474564894,0.012968592531306385,0.0006891430493738606,0.00017466031242146073,3.687821378028555e-05,0.00037664162828838946,4.2108406738660166e-07,0.00018849319973452907,0.0025103949268491937,1.0190502132202392e-07,1.224954272070154e-08,0.9784880740924771,7.661156608838074e-05,0.002618766000146196,2.4865528935933494e-05,0.0010670023453655429,0.00017440433686965564,3.9389527440590905e-07,4.1919437030972077e-05,6.459829293771133e-05,1.0910123228331504e-09
19,2.097701462205796e-06,2.0868626750835313e-10,0.00011883693956470628,0.00020683300873627612,0.0004016701419602879,0.019596677590626776,0.0018879000676560037,0.00026876586384608605,6.367993315397745e-05,0.0008351012501372607,5.176553983979793e-07,0.0003127920460945489,0.0039016145797136433,1.602430362644676e-07,1.3907582185660239e-08,0.9672459773203914,0.00021156992478202233,0.0028894311200394172,3.5845671671077453e-05,0.0016011855685747292,0.0002051769525105121,8.372123880238407e-07,6.227290020008649e-05,0.00015103897818649135,3.213601386468623e-09
20,1.7733181061670155e-06,3.719989231170332e-10,8.924693437848912e-05,0.0002537834294457612,0.000282339619881014,0.017954935808186887,0.0011120625109691026,0.0002981660678624448,5.4206460827997184e-05,0.0005157298370350429,7.612647357914981e-07,0.0003260772288981708,0.0029430514955805817,1.946881711931249e-07,2.800561830997861e-08,0.9687661795544371,0.0001712102587855859,0.005159512650634106,3.455670276184778e-05,0.0015880938297126912,0.0002677188774844814,9.930439832398453e-07,7.250891449863053e-05,0.00010686616554395516,2.9604625469329234e-09
21,2.2139564351487398e-06,3.3092794304339014e-10,0.00011777547639103594,0.0001914501823865446,0.00047595268466047206,0.023014000050534278,0.0016246710129117227,0.0002499257582332902,7.002168596769275e-05,0.000685122734065752,5.138580359484831e-07,0.00024708901960765494,0.003661536674735854,1.6725786696156315e-07,1.7398421440698232e-08,0.9632306733482977,0.0002537289228446161,0.004017665914682496,5.167520633235143e-05,0.0016013365109808113,0.00025565951724882855,8.935984056064289e-07,7.959576395585513e-05,0.00016830933605123402,3.8000189093621455e-09
22,2.862435580707207e-06,1.1177833281563277e-09,9.752996478991584e-05,0.00020806708019340607,0.0007271166888360539,0.04283884528607567,0.0023069525312780772,0.0004595932645869343,0.0001612103197650978,0.000627822077454783,4.2452184359985275e-07,0.0003498027090274051,0.003824173157922803,2.1782142700360126e-07,3.275385123150275e-08,0.9426963869578034,0.0001596206549811935,0.0038791216328694133,8.630045378729775e-05,0.001106216925037183,0.0001582119569730358,1.4540258762094063e-06,7.917424781338091e-05,0.0002288529619279001,8.452514908784473e-09
23,2.0640979763432645e-06,2.698950958869543e-10,0.00010088998407436566,0.00021953959888278534,0.00040803557215751213,0.017613136998150203,0.0013047084876132114,0.000208960498718495,5.506556550712864e-05,0.0005473245181009737,6.310804212335834e-07,0.00025008617833926415,0.003248991065871516,2.0554798723036217e-07,1.7539369098526906e-08,0.9693726446239181,0.00018682084961188925,0.004324277259349219,3.8536272085543534e-05,0.0016841885584315346,0.00023541671238655275,6.80748568016537e-07,7.64572333415939e-05,0.00012131767559155297,3.0636513158012845e-09
24,2.076540475030168e-06,2.8831223810907645e-10,8.504991968372215e-05,0.00030387075313227543,0.0004355707515443416,0.017035939782732427,0.0011176215455330429,0.0001945492843317812,4.757702745636145e-05,0.000529365341804924,8.286038498713019e-07,0.0002617190092940841,0.0035733510180330622,2.580941100181612e-07,1.780611487367808e-08,0.9681159034907298,0.0001611366089531704,0.005596236435248663,3.4888227445886285e-05,0.0021278773553515986,0.0002002621156097222,6.376537383042105e-07,7.497770697520812e-05,0.00010028158211514845,3.05742419071959e-09
25,1.565825623535107e-06,4.4024764969287283e-10,8.543279202725279e-05,0.00015935969700929588,0.0004242952611613258,0.03272209039837133,0.0010265565269325892,0.00012583368936756198,6.767305416409282e-05,0.0004380324958209392,3.1002037423446565e-07,0.00016419014432877532,0.001928982290949026,1.2509117853500496e-07,1.5620956855414623e-08,0.9573798564120715,0.00017710720708570373,0.0038382825304101947,6.36725979367344e-05,0.000889846474304332,0.0002830828985017914,8.338212365068677e-07,8.540890452163726e-05,0.00013744253557154834,3.2698472119120276e-09
26,2.8731999760888133e-06,3.243821643260694e-10,0.00011470854666355913,0.00020312703836158384,0.0005255562525526818,0.022864562063537673,0.0015429087508610664,0.00023637146896042537,9.378782504260753e-05,0.0007744196291485476,6.050620399108918e-07,0.00021447061329900823,0.003801883678362927,1.9591956432862745e-07,1.9105842421802362e-08,0.9617714134053906,0.00028585082718243326,0.00506531744328398,5.466802161774408e-05,0.0018498506156351673,0.0002875600921228913,7.456888858247897e-07,0.0001249581075438955,0.00018414188886465896,4.430877852675542e-09
27,1.4540010992982382e-06,7.287795586382761e-11,0.0001386052884544712,0.0001179641843703591,0.0003846232920171672,0.008609910950510318,0.0010335945477602095,7.242954752323273e-05,1.6730348399564865e-05,0.00032029843897017044,3.709436355334294e-07,0.0001565610729091986,0.0035216524651879495,2.1825955749475e-07,6.076279720689271e-09,0.9797885791864658,0.00016477250287585382,0.003172644891479465,2.3583883731180053e-05,0.0019725893372517403,0.0003152184956086649,1.9878016481465e-07,6.619408521315992e-05,0.00012179820266238202,1.144994627490181e-09
28,2.0640979763432645e-06,2.698950958869543e-10,0.00010088998407436566,0.00021953959888278534,0.00040803557215751213,0.017613136998150203,0.0013047084876132114,0.000208960498718495,5.506556550712864e-05,0.0005473245181009737,6.310804212335834e-07,0.00025008617833926415,0.003248991065871516,2.0554798723036217e-07,1.7539369098526906e-08,0.9693726446239181,0.00018682084961188925,0.004324277259349219,3.8536272085543534e-05,0.0016841885584315346,0.00023541671238655275,6.80748568016537e-07,7.64572333415939e-05,0.00012131767559155297,3.0636513158012845e-09
29,2.0640979763432645e-06,2.698950958869543e-10,0.00010088998407436566,0.00021953959888278534,0.00040803557215751213,0.017613136998150203,0.0013047084876132114,0.000208960498718495,5.506556550712864e-05,0.0005473245181009737,6.310804212335834e-07,0.00025008617833926415,0.003248991065871516,2.0554798723036217e-07,1.7539369098526906e-08,0.9693726446239181,0.00018682084961188925,0.004324277259349219,3.8536272085543534e-05,0.0016841885584315346,0.00023541671238655275,6.80748568016537e-07,7.64572333415939e-05,0.00012131767559155297,3.0636513158012845e-09
30,2.0640979763432645e-06,2.698950958869543e-10,0.00010088998407436566,0.00021953959888278534,0.00040803557215751213,0.017613136998150203,0.0013047084876132114,0.000208960498718495,5.506556550712864e-05,0.0005473245181009737,6.310804212335834e-07,0.00025008617833926415,0.003248991065871516,2.0554798723036217e-07,1.7539369098526906e-08,0.9693726446239181,0.00018682084961188925,0.004324277259349219,3.8536272085543534e-05,0.0016841885584315346,0.00023541671238655275,6.80748568016537e-07,7.64572333415939e-05,0.00012131767559155297,3.0636513158012845e-09
31,2.0144106078308645e-06,2.702088204607399e-10,9.71268399204336e-05,0.00022637134804353744,0.0004191501619045147,0.01856523270856182,0.0013465009581041772,0.0001986870425702328,5.595551219390416e-05,0.0005566683749464403,6.37367037148091e-07,0.00025148789339221736,0.0031117638711408704,2.096570681988334e-07,1.7552215524792097e-08,0.9683998682601024,0.00018676643435725973,0.004403092968895548,3.7801033191261066e-05,0.0017022667475779759,0.0002378352116159771,6.93797026183672e-07,7.930644971464033e-05,0.0001205419442204555,3.1853825709452843e-09
32,2.147367196441764e-06,2.945651743427607e-10,0.00010197654807180004,0.00020936143782375252,0.0004111594406413668,0.017541229638025124,0.0012112841176916318,0.0002047674281479514,5.3941167910837216e-05,0.000529507801874473,6.103199842174058e-07,0.00023338691982402796,0.003350111646848869,2.031070505569704e-07,1.7430582768564568e-08,0.9694778859028595,0.00018853048205925573,0.004421379845819781,4.413707003675982e-05,0.0015955644886652906,0.00022524671685570307,6.842843784717794e-07,7.294709454056876e-05,0.000123916447665246,3.0008805013870498e-09
33,2.6142796297517737e-06,3.5744037316825297e-10,0.00015181360478269684,0.0002944514235099824,0.0006466945166968958,0.020027111249962037,0.0016297778657482999,0.0002738130769387217,0.00010281933729482542,0.000758031237045209,1.1597484978292016e-06,0.00032522881364634,0.003005030292618289,2.796390264599817e-07,3.042698979109565e-08,0.96545471638542,0.00019896521045661189,0.004164781414023546,3.640933313863764e-05,0.0023490046170365295,0.00035239362229196053,7.810009725046402e-07,0.00011714092454323511,0.00010694651863992299,5.103649471013505e-09
34,1.3657999724774672e-06,2.4124667966762117e-10,7.826416856298889e-05,0.0002187711781332958,0.0003233360159282059,0.02143478133900827,0.0014302245172362691,0.000198085673229581,4.97455325845061e-05,0.0005234745276250367,5.028861449737864e-07,0.00027676257668804465,0.0026974379843832195,1.6887439977044147e-07,1.6538890202809272e-08,0.966291684250783,0.00016931721191315862,0.004257916027942323,2.901560001594324e-05,0.0015824973618174625,0.00024025445780562728,7.585120088643384e-07,7.543875090362759e-05,0.00012017708657547663,2.8862009145671685e-09
35,2.163922567476944e-06,2.8454125453786654e-10,0.00010129085653131349,0.000221263165608509,0.00040726415744728206,0.017668363685032416,0.001300713428217464,0.00022405970826072736,5.9046611483643685e-05,0.000556413402939848,6.398247456280461e-07,0.0002511276697573229,0.003283747453817503,1.9870833900407478e-07,1.8093483056188424e-08,0.9693477442734433,0.00018922087720043318,0.004294286113940023,4.0049096286203744e-05,0.0016262240651999564,0.00022965730022700949,7.14571597307051e-07,7.526065805081192e-05,0.00012052894189554197,3.129386656537857e-09
36,3.2456860317086175e-06,1.7602746460384164e-09,0.0005438332952202096,0.0006120033031517706,0.0027427463596533396,0.05998387975815455,0.00048658636575109765,0.00012867939753625923,0.0002856597633103027,0.0019898363764457106,1.6983375383981194e-06,5.4681445089508293e-05,0.002901147386043463,1.4283385004661173e-07,4.257375478223235e-08,0.9217555433446297,0.00010539743314115523,0.0033547070500894467,0.0001405843400054685,0.003817059058193983,0.0006687876957275145,4.1451187361518996e-07,0.0003248315664323422,9.84847483435182e-05,5.609757314700362e-09
37,2.2061590879538066e-06,1.6810081419595713e-10,8.486217193680715e-05,0.00019207547523386742,0.0003527975629151921,0.011887860466446552,0.001327314568559409,0.00011465976478323983,2.647881238153756e-05,0.00036067590723564747,5.44305450255644e-07,0.00021941849908473695,0.0032873109238083036,3.4987243995184576e-07,1.214824573057286e-08,0.9743873204481133,0.00019181652745168138,0.005250905745101811,3.148947387868719e-05,0.0018080386787930102,0.00024535518039627946,4.1835556914959477e-07,8.34818598331496e-05,0.00014460435201978916,2.57313334705153e-09
38,3.6969176912318485e-05,2.4973183614421906e-09,0.001034714047355414,0.002456097889921441,0.004537695174914504,0.01590371368001976,0.004081341769888753,0.0022199429263440327,0.0006789188469555244,0.005417818042366126,1.0489029746217766e-05,0.0009361747416037416,0.013971119608877083,1.3401532774983852e-06,7.748895715704321e-08,0.9280100975256339,0.0012999505968328817,0.003855780713925587,0.00010212868630280083,0.014615768783849896,0.0003546468285583674,3.6512326135315533e-06,0.00022773487454516003,0.00024375009263003265,7.55906498943456e-08
39,1.6737845922988571e-06,2.470279668939661e-10,9.707123270471755e-05,0.00018556279088323874,0.00034292039944140544,0.017549545748770375,0.0011382977715940195,0.00019479551789583374,4.922601623406355e-05,0.0004587093324611157,4.945981424267992e-07,0.0002365064991636807,0.0028967770789580256,1.594981790254791e-07,1.556328388956131e-08,0.9708912375681611,0.00017482773333796843,0.003896109988990617,3.612102627956713e-05,0.0014183044437997177,0.00024930078829651947,6.535008336121442e-07,6.866843276226327e-05,0.00011301794853468974,2.4896718068208762e-09
40,3.338056431947685e-06,4.0174534495911895e-10,0.00019447076495312626,0.00022574715124864682,0.000886627349277951,0.013628902038301999,0.0016010097612443042,0.00019925033871695386,5.664955724231825e-05,0.00046334372782908017,9.999057467260693e-07,0.0003621749989861601,0.0040010985763144,5.066914643752762e-07,2.293082167403573e-08,0.9710033723043056,0.0002268841433015185,0.004234619533348439,4.9682152883348366e-05,0.00232191156965571,0.00032523634522952375,6.832721218453771e-07,8.260156186496183e-05,0.00013086179484877224,5.072115042410763e-09
41,2.8325355248186934e-06,1.0541890045193758e-10,0.00018293342858948766,0.00013765207753977944,0.0003102176223450052,0.02744293803257451,0.01167744935950171,0.00020021866477502328,3.458779530821575e-05,0.00107686564776744,2.948319541205042e-07,0.0010564221022962724,0.0033121984570599738,4.331425156409489e-07,1.2851418321068088e-08,0.9447279531909594,0.0017388231012778134,0.00312658513752406,2.59575747660755e-05,0.002612868253308714,0.001188870284383368,2.2894597941209566e-06,0.00020420223060410044,0.0009373813168321161,1.279596109001244e-08
42,5.452104514221623e-06,2.41847494282562e-10,0.0001288638886200041,0.00036977326594015266,0.0012424289522232164,0.019773521374191284,0.0037674230055389805,0.0001925598440526986,7.824289836128243e-05,0.0012394131754361586,1.7515091224042572e-06,0.0003955101276024543,0.006042784891609318,1.2232987726623156e-06,2.9330827479872783e-08,0.9507254374716945,0.0003311097244065564,0.009006545810010461,3.705556862046932e-05,0.005765659344102893,0.000360340599562065,5.0495066113298e-07,0.00026132344045163826,0.00027303435533647635,1.0826494212398206e-08
43,8.819929629888265e-06,9.102089836236081e-10,0.00010868801151045859,0.0006400112014305198,0.0011859383262868286,0.00806706364916957,0.0027062045427560352,0.00023997592582932766,6.996034847192932e-05,0.00022830871248795146,3.543048355513471e-06,0.0005406146430728077,0.0036522615640302517,2.9774320368981707e-06,4.124754797621617e-08,0.969952690816248,0.0001920446531877747,0.008726600600602824,4.701045450851153e-05,0.003327352591455407,0.00011691614980890941,8.396149277353913e-07,9.347018769526342e-05,8.8648932953097e-05,1.6505787385182284e-08
44,2.0640979763432645e-06,2.698950958869543e-10,0.00010088998407436566,0.00021953959888278534,0.00040803557215751213,0.017613136998150203,0.0013047084876132114,0.000208960498718495,5.506556550712864e-05,0.0005473245181009737,6.310804212335834e-07,0.00025008617833926415,0.003248991065871516,2.0554798723036217e-07,1.7539369098526906e-08,0.9693726446239181,0.00018682084961188925,0.004324277259349219,3.8536272085543534e-05,0.0016841885584315346,0.00023541671238655275,6.80748568016537e-07,7.64572333415939e-05,0.00012131767559155297,3.0636513158012845e-09
45,3.4809804771200593e-06,4.065996625032404e-10,0.0001411123754408557,0.0003649982127854637,0.00086550571472318,0.02172021748630003,0.0015372280577084683,0.00015668390612348553,7.94582284731896e-05,0.0006553147365672612,1.1077198268799947e-06,0.00028032913838488147,0.0031365064233029854,4.20798624594158e-07,2.120809005049648e-08,0.9616768663897663,0.0002924927452949453,0.0056000971468162155,4.803868089350071e-05,0.0027830160187298308,0.0003749163696254656,7.686610680399519e-07,0.00014965045945322723,0.0001317612832029939,6.851721537603745e-09
46,1.970981674544822e-06,3.7789990589000265e-10,0.00010713748961769363,0.00021884382848781368,0.0005877633963451293,0.0172096110444915,0.0012756091045905125,0.00022148728234155774,7.618455728692265e-05,0.0005128314446998368,8.223650057616095e-07,0.00022474876415528339,0.002991646161165893,3.0061802588175504e-07,2.8356114575744705e-08,0.9693726132833356,0.00011160485226192001,0.004786159881549217,4.0799195763819746e-05,0.0018496065817807054,0.0002117829975673175,5.011680353174966e-07,9.07827025802762e-05,0.00010715997261210925,3.5926111964185015e-09
47,2.093472118052567e-06,3.599587227681036e-10,0.00011013975259160119,0.00025245722540273547,0.0005369514494140439,0.02102665792463453,0.001412350065975103,0.00022370002346594933,7.14974159677169e-05,0.0006172422847539464,8.121624736705982e-07,0.00026689627240986975,0.0031348581412500597,2.538236443362305e-07,2.3967224541410596e-08,0.9645875542105831,0.00018758075388870647,0.004989264840311213,4.105746120977736e-05,0.002046174429920617,0.00027270241265204496,7.393487447225929e-07,9.69275018445819e-05,0.00012206060549867283,4.094061789919464e-09
48,2.23567944899302e-06,2.6049035616860083e-10,9.472622898316208e-05,0.00017988075903747723,0.00034498639167637697,0.018636524315551458,0.0013343914060895904,0.00022569569762360644,5.080746148784325e-05,0.0006088376876663218,4.5355648009152856e-07,0.00021907670088024117,0.0037417675214048525,1.61256547415909e-07,1.4346387584881785e-08,0.9682347555604123,0.0002349308409455946,0.004201541269546265,4.985725921046129e-05,0.0014041463336572151,0.0002046396479440281,7.613215613079884e-07,6.64146689604983e-05,0.00016339099906196867,2.828944913295792e-09
49,1.5961778960380603e-06,2.7014933744326563e-10,0.00010608987852496308,0.00020566563453498998,0.00035830603869040843,0.020335603487904835,0.0012460202151895734,0.00021672395489785124,5.287326332174813e-05,0.0005400254195868406,5.169700854529161e-07,0.0002804948853575718,0.003108441351650542,1.456060098923463e-07,1.5699930827490712e-08,0.9677230160002946,0.00018085211960481104,0.0036225253686754926,3.620632640026681e-05,0.001559723164227113,0.0002456519164076152,8.166547360732754e-07,6.406654705048474e-05,0.00011462037086515878,2.6780073629517698e-09
50,2.8663890742517625e-06,1.9803702818672283e-10,0.00011102184054361262,0.00022191058753079162,0.0004132046780077299,0.015120107668606156,0.0019661634014508265,0.000275389252057022,5.4997778692250446e-05,0.0008184535210926091,6.704172374290855e-07,0.0002820885257512935,0.004522200612307002,2.48073575164563e-07,1.590114932164478e-08,0.9696350271564165,0.00023431806322494323,0.003920677900381136,3.8392943328648215e-05,0.0019467126599255916,0.00019062557753323707,6.795555224363166e-07,7.246407513857142e-05,0.00017175974232961152,3.4810869688608995e-09
51,1.9241283991592732e-06,1.66795101776081e-09,7.360800447198142e-05,0.000881312344792767,0.0002657392984723309,0.021190242007079495,0.0006291022187905803,0.0004196098831710382,7.275298281459986e-05,0.00041092918977876967,1.6755026463413665e-06,0.0003538908708892192,0.0022476742491789516,2.267796190479085e-07,5.756178636151972e-08,0.9642322790578062,0.00010890100962594648,0.007195634512896273,3.9668439118681216e-05,0.0015524366549668485,0.0001994696110993064,2.1893991367477094e-06,6.745829020030333e-05,5.321171072455912e-05,4.624583500420459e-09
52,2.045160486069641e-06,2.6054240787307514e-10,8.252848231381604e-05,0.00024763640518542674,0.0003625496496396643,0.020176365672685367,0.0010791186391158085,0.0002416839453142991,5.456594258416202e-05,0.0007806930156516218,6.953303449263506e-07,0.0002332951293959665,0.0038141441966747522,1.9044213567162377e-07,1.960295671295984e-08,0.9651139389399206,0.00015503175325311372,0.005358335124639852,4.282812674664823e-05,0.0018766838322198905,0.00018115909984017448,6.532924346812523e-07,7.191896452475925e-05,0.0001239163902906557,2.60110275735268e-09
53,5.880042166080014e-06,1.471932493989136e-09,0.0001492834324927628,0.0002177649413399269,0.0004626971383131267,0.0244130353436548,0.0005251484588362033,0.0004872783075383679,0.00010447451389367148,0.0008408057582782376,5.236873621243646e-07,0.00014871179262409398,0.005237270642838795,1.0523215334749765e-07,2.319970475767872e-08,0.9622656795799497,0.00024242204384340623,0.0036242801320232132,0.0002896418362422529,0.0006890998099943189,0.00010761254396571556,1.7384326866987316e-06,3.147916660835969e-05,0.0001550389873914878,3.5041662052877214e-09
54,1.522443459337401e-06,8.025881327203896e-11,0.00014264919392803494,0.00014369410845980652,0.00033114467837414897,0.010662395729534369,0.0008779270471641318,0.00014851969967340911,3.0482966582374257e-05,0.0005464955389183336,4.5273280888765027e-07,0.00018893132903691692,0.00443865756357628,1.1696213559244843e-07,7.233677702521288e-09,0.9766139771652919,0.00018246591496260054,0.00308976511173151,2.51038536395528e-05,0.002146932873412206,0.00026606734258278174,2.940985367264379e-07,6.026175963264806e-05,0.00010213347597847486,1.0966432708340726e-09
55,2.5633321430402704e-06,4.205477239012664e-10,0.00014326183448112547,0.000288607305627946,0.0004958574299692421,0.02079260850977099,0.001148657254604334,0.00021110722313387808,6.514100121926334e-05,0.0007295585993171661,8.424233178934307e-07,0.00019691484228706997,0.0032799984226543548,1.9612190106052453e-07,2.1835274199272655e-08,0.9654782069263615,0.0002365116972628808,0.0044230545677062015,5.5360781368745265e-05,0.0019159584785316214,0.000311336757784957,8.420304026868839e-07,9.510921276173014e-05,0.00012827932182629743,3.6697437209676402e-09
56,2.0654066056583753e-06,2.528986471442921e-10,9.859796692679184e-05,0.00021185216235616305,0.0003862809752596575,0.01699621451018636,0.001276390941599957,0.00021595435783788118,5.1662123759805295e-05,0.0005559877825538873,6.064202069200445e-07,0.000248590209192005,0.0035683464655171604,2.0158300520927154e-07,1.6684250890488787e-08,0.9696743019134039,0.0001844010945485402,0.004362688828293142,3.836584608437877e-05,0.0017068551087148478,0.0002207864428055675,6.4566784313726e-07,7.295972459234971e-05,0.00012622466863408766,2.8629231658185893e-09
57,4.167985077824584e-06,8.407436120001493e-10,4.0603397432259626e-05,0.0007225756093248183,0.0003319368300354707,0.029011783757970026,0.0015938603984785415,0.0002680628209025681,0.00010122832444720695,0.0005821143469174332,1.4314049912940049e-06,0.00021613875633052802,0.002105703398752551,3.4827681346991305e-07,4.4212021033038536e-08,0.9507581426949477,0.00020256160862127228,0.012158280783228897,4.853541031093896e-05,0.001367813991195281,0.0002056290290325468,1.561639847518883e-06,0.00016242085561404883,0.00011504613892090594,7.488042290615165e-09
58,2.0503643927479143e-06,2.596107833614827e-10,9.693085811158045e-05,0.00019530505513174287,0.0003785312639763561,0.018447839127609743,0.001343864014005642,0.00021400223890134096,5.0604847868817946e-05,0.0005816413667489162,5.315124549158361e-07,0.00024964455414288933,0.0036430399953349185,1.9858338492122611e-07,1.6561311240446937e-08,0.9679798927641838,0.00019772913828670422,0.004460841000536574,4.1448808674030104e-05,0.001660702035791878,0.00022896314140415078,6.83528917919814e-07,7.574666668938381e-05,0.00014978936857454922,2.943954183631913e-09
59,2.052188772158426e-06,2.509337652440887e-10,0.00010830551066613166,0.00019472144461476717,0.00039271131094756876,0.01704181656737194,0.0013206577332167916,0.00021045136712437366,4.951959924047271e-05,0.0005603110718825991,5.518513110836367e-07,0.0002448773064139687,0.003671336779858361,1.9899507940531316e-07,1.603673485961433e-08,0.9695836377773107,0.00019733246689347572,0.004184641662967383,4.01418081103782e-05,0.0017405634301420748,0.00023789412843503845,6.419124737326746e-07,7.49252822200486e-05,0.00014269065933997555,2.8579387860777258e-09
60,2.0640979763432645e-06,2.698950958869543e-10,0.00010088998407436566,0.00021953959888278534,0.00040803557215751213,0.017613136998150203,0.0013047084876132114,0.000208960498718495,5.506556550712864e-05,0.0005473245181009737,6.310804212335834e-07,0.00025008617833926415,0.003248991065871516,2.0554798723036217e-07,1.7539369098526906e-08,0.9693726446239181,0.00018682084961188925,0.004324277259349219,3.8536272085543534e-05,0.0016841885584315346,0.00023541671238655275,6.80748568016537e-07,7.64572333415939e-05,0.00012131767559155297,3.0636513158012845e-09
61,2.0824255665939462e-06,2.6250109078619523e-10,0.00010937013225766832,0.00019275391920570858,0.0004171608183076079,0.0174670326722772,0.0013527254289729504,0.00020372498302057145,5.2875744932617576e-05,0.000548581032371048,5.694514892543008e-07,0.0002474561297185389,0.00341639805994884,2.061196388215193e-07,1.681077225957832e-08,0.9694934190327926,0.00019689637064039542,0.004136063572836043,4.1041726347913865e-05,0.001661093187009207,0.00024661317112168216,6.618432271310243e-07,7.627535070837487e-05,0.0001369787261021316,3.02823361020261e-09
62,2.0640979763432645e-06,2.698950958869543e-10,0.00010088998407436566,0.00021953959888278534,0.00040803557215751213,0.017613136998150203,0.0013047084876132114,0.000208960498718495,5.506556550712864e-05,0.0005473245181009737,6.310804212335834e-07,0.00025008617833926415,0.003248991065871516,2.0554798723036217e-07,1.7539369098526906e-08,0.9693726446239181,0.00018682084961188925,0.004324277259349219,3.8536272085543534e-05,0.0016841885584315346,0.00023541671238655275,6.80748568016537e-07,7.64572333415939e-05,0.00012131767559155297,3.0636513158012845e-09
63,2.1090981108053246e-06,3.457990627593552e-10,9.962826473796564e-05,0.0002293285343495847,0.0004247038132702761,0.019354929743258382,0.001255434082363958,0.00021427801708555257,6.048087552046078e-05,0.0005356933402174091,6.69679147496828e-07,0.000249138867941172,0.0031303148007707816,2.1254421960623895e-07,2.0505379910542424e-08,0.967426089945014,0.0001881984974707922,0.004698714647968579,4.322259570811142e-05,0.0016373119572219786,0.00024616654415432075,7.678914666280382e-07,8.12015954133995e-05,0.00012138038072992622,3.4326801080821483e-09
64,1.822116914898698e-06,2.5335698515357854e-10,0.00011224548103437452,0.00019718552666530488,0.00041248883782386977,0.017401705564762247,0.0012270495749387188,0.00017313248219568903,5.027698827240443e-05,0.0004756143625324992,5.862453109319597e-07,0.00024941606019453905,0.002903046541651466,2.0042810328381179e-07,1.6843075348165992e-08,0.9703482037963983,0.000191408585304762,0.004049827507679277,3.5442250119715294e-05,0.0016612113255771391,0.00030856341045633974,6.330669583505648e-07,8.334614376535566e-05,0.0001165737414617269,2.8654465292632856e-09
65,3.1325637327318094e-06,1.967728028890738e-10,0.0001326787861384705,0.00021963599228685463,0.00037536343545065365,0.011685992799087469,0.0012157412423945445,0.00033241509401696004,6.874719799963715e-05,0.0008239348065621992,7.92679190985338e-07,0.0002497977957655053,0.004026563981889611,1.4470473543140679e-07,1.4241830415185985e-08,0.9768558405478759,0.00015682377419237755,0.0023758584770212374,4.4339542641585675e-05,0.001190538971705938,0.0001214384797906564,7.193865424006859e-07,3.5397602840470895e-05,8.40856311543369e-05,2.0683808684667262e-09
66,2.0431399714928646e-06,6.50855654720135e-10,5.713567007456137e-05,0.00034693494374347255,0.00025340482595568366,0.024152887555244192,0.0011137086641172112,0.0002966338607535406,7.538356998329051e-05,0.00043621734722026087,8.653577728210005e-07,0.00033271073659433864,0.0018261957943964632,2.499913989549452e-07,4.423969747526262e-08,0.9621278477630097,0.0001675136855555592,0.007098633559016439,3.986309158331113e-05,0.0011956698889675438,0.0002736480993797529,1.437065309097711e-06,0.00010050752204838018,0.00010045814028269591,4.8370679359316636e-09
67,1.1305639710915192e-06,2.804678360394264e-10,6.832022238770834e-05,0.0002101619034717699,0.0003149527481763975,0.029685181217000554,0.0014058142968646024,0.000112891053612102,3.267190984385969e-05,0.00038359437903381043,4.2081140552926905e-07,0.00026549034068877765,0.002645663239227255,2.531307734913274e-07,1.666507596482404e-08,0.9534664447513908,0.0002715718932393407,0.007803793943642958,3.074512159362434e-05,0.002487262429817297,0.0004587470596248356,6.994620392971202e-07,0.0001592537242720248,0.00019491470215246404,4.1502266658121375e-09
68,7.303042124598921e-06,3.075803314700915e-10,0.00010727313775795572,0.00026817979763963973,0.0005594637555909282,0.0068220202064046085,0.0009959010722986308,0.00014956916266143332,5.9877204103338136e-05,0.0005669439793237542,8.675876470816976e-07,8.0332186949668e-05,0.0041257332427436086,2.991183996847401e-07,9.838892636644981e-09,0.9811825246794093,0.0002317239323960278,0.0034828767157051143,0.00010111778315826819,0.0010252719660305382,7.17332726239657e-05,4.596434643813569e-07,5.0777065340352966e-05,0.00010973814894003804,3.152814503301944e-09
69,1.9778642311954923e-06,1.943550157557235e-10,7.905167941949247e-05,0.00011207162637818643,0.00026720952489851964,0.012791030818275278,0.0012523133907212083,0.0001538768646247886,3.186768984271124e-05,0.0003501854696526997,2.1337363583029517e-07,0.00017769731928571813,0.0029089239430894857,1.453660797837507e-07,7.849377775701276e-09,0.9785368035076907,0.000141318724404877,0.0022255241093437224,4.893549574838127e-05,0.000619919009365145,0.0001143698540417874,5.606032062713508e-07,3.140595611322276e-05,0.0001545879883328785,1.777885347840664e-09
70,3.582235082762365e-06,4.4956645239754763e-10,0.00010910441307827261,0.00021269557690904625,0.0005261384754927547,0.019329156980669924,0.00167893106004464,0.0002565701084829605,6.95552107591592e-05,0.0006237197148127957,6.996536973116242e-07,0.0002897209863682953,0.0037657089916092188,3.210011059482468e-07,2.4578028983252593e-08,0.9647257886900904,0.0003263126263832303,0.005822898888301949,6.56886042534849e-05,0.0016149286687318783,0.00028151933602428965,1.06245592679069e-06,9.704379943656897e-05,0.0001988220956507251,5.3994922258321125e-09
71,1.7109297147996955e-06,6.213310185124757e-10,0.00010358987192714386,0.000264442025893414,0.0003070084180680857,0.014263759863912307,0.0003240370805326582,0.0001334870449519501,4.0152933457245715e-05,0.00021746131952403184,7.451588303617594e-07,0.0001841387026590909,0.0017671600262605812,1.7772164933428053e-07,2.396232213892966e-08,0.9756557782909228,0.00011515693967211022,0.005113709798086605,5.5258000092235686e-05,0.0010330857152703336,0.00030963380203612867,7.189462529963298e-07,6.004832508088629e-05,4.871256251065417e-05,1.939041366267863e-09
