,0,1,2,3,4,5,6,7,8,9,10,11,12,13,14,15,16,17,18,19,20,21,22,23,24
0,5.801287256940808e-07,3.075014920564222e-10,4.600476033734501e-05,4.007410861374294e-05,4.399860800959283e-05,0.026854848247127104,0.0009079160151672828,0.0005367113946155873,4.2975478508429306e-05,0.0003257225495707071,1.4521431881896555e-08,0.00021216835610802397,0.002053682917663986,7.702775243355572e-09,4.2297850169620314e-09,0.9682601453280468,3.5630502363835165e-05,0.0002933423314367783,7.569902485636746e-05,5.248001233901633e-05,2.291982971636079e-05,1.920527895797717e-06,3.7113159429756904e-06,0.00018944128614387082,5.153171189742873e-10
1,5.951337746795054e-07,1.6199034379463376e-09,2.3349959287607204e-05,0.00015317564846424023,6.761822645846857e-05,0.07178057803343761,0.007736300465974316,0.0009004870773077834,2.1679859921903877e-05,0.00020248997478465957,5.203854055180603e-08,0.0023194755057450835,0.0022027521655882966,1.4828447293399112e-07,2.6817783803413873e-08,0.910389004204224,0.0001673486426895816,0.0028787389579027893,3.446894966032043e-05,0.00025927873059539066,0.00011251250231487991,1.5773843585222648e-05,1.58024708524595e-05,0.0007183334730142935,7.4137157042050676e-09
2,8.466039823275828e-07,5.97547911845353e-10,8.27456052198127e-05,4.630086415711362e-05,8.978963834668996e-05,0.032031929838182094,0.0013710201935877183,0.0008213603227464962,7.02934580963568e-05,0.00045968880577856766,2.7473542989388108e-08,0.00033937777626313453,0.0024173505370567307,1.5944219787852268e-08,9.180774236806247e-09,0.9613998980348869,5.039791181834184e-05,0.0003446450159939374,9.786562985587649e-05,8.419768345822213e-05,3.7487356648883205e-05,2.7852477919483998e-06,5.2783795442975615e-06,0.000246686728293408,1.1722060085173456e-09
3,6.2138910766678e-07,4.454138402474305e-10,5.2411159429820444e-05,3.843665545900851e-05,5.916893769272453e-05,0.032826646272906795,0.0012017426139712048,0.0005447079626136826,4.8296569089203306e-05,0.0003099332495443234,1.667388696991095e-08,0.00027870020062816664,0.0018330464768365065,1.0594521451788353e-08,5.634451848135094e-09,0.9620836142853533,4.165044990942858e-05,0.0003007724798040277,8.917451590412199e-05,5.098518175916801e-05,2.8117909562779443e-05,2.7044434760318116e-06,3.7280680059861206e-06,0.00020550707117219564,7.594996225033455e-10
4,6.487412242045676e-07,4.2419407086383944e-10,5.159761201082506e-05,3.6967917718609656e-05,5.864079986789333e-05,0.03144935841664126,0.0011890599248247683,0.000539177672298832,4.411838943498073e-05,0.0003116316820411449,1.6339522226473356e-08,0.00026950515682943444,0.002073640116543165,1.1255568855203136e-08,5.371947519310302e-09,0.96321376083777,4.2153745233016384e-05,0.0003177987452116503,9.303066933138775e-05,5.332900348247973e-05,2.6509025964547034e-05,2.4802144755219265e-06,3.6943299412798644e-06,0.00022286287787543385,7.300466164918061e-10
5,5.778278345852327e-07,4.488426706159153e-10,4.2227305608610644e-05,4.280299847101211e-05,5.03792393907361e-05,0.03313085470204836,0.0010644959882622276,0.0005134049606226765,4.1030115509900925e-05,0.000283543224865758,1.657066837707155e-08,0.00025714434408235815,0.0018408913866754882,1.0610422121666865e-08,5.476227074834851e-09,0.9619544882381273,3.905226316328519e-05,0.0003696588907954129,8.334481567503898e-05,5.2786419343664535e-05,2.6094254392017506e-05,2.5884647302351093e-06,3.7990146281549347e-06,0.00020080174459738992,6.950156494645927e-10
6,6.2138910766678e-07,4.454138402474305e-10,5.2411159429820444e-05,3.843665545900851e-05,5.916893769272453e-05,0.032826646272906795,0.0012017426139712048,0.0005447079626136826,4.8296569089203306e-05,0.0003099332495443234,1.667388696991095e-08,0.00027870020062816664,0.0018330464768365065,1.0594521451788353e-08,5.634451848135094e-09,0.9620836142853533,4.165044990942858e-05,0.0003007724798040277,8.917451590412199e-05,5.098518175916801e-05,2.8117909562779443e-05,2.7044434760318116e-06,3.7280680059861206e-06,0.00020550707117219564,7.594996225033455e-10
7,1.327722363255045e-06,4.699388279202824e-10,0.00010052691912818125,4.5757140730028734e-05,8.292163071638063e-05,0.02363332123313888,0.001527848512542525,0.0009427401086055146,5.5077227795996775e-05,0.000634851213159431,2.4764663021739195e-08,0.0002812175852222877,0.0039884350974364316,1.2913941644036191e-08,5.394634672803076e-09,0.967885015532182,5.6521542989867557e-05,0.00022885253849196983,0.00014814242586898093,7.153276210161548e-05,1.8451797173747207e-05,2.9164183389527236e-06,2.778540139012918e-06,0.0002917196135392692,8.951573234869705e-10
8,1.3097444838855419e-06,5.202578885104417e-10,0.00011129429740469746,4.932168458265942e-05,8.627068303354379e-05,0.02949200725556532,0.0019331190149820573,0.0008347237248289886,7.06183159716353e-05,0.000657645177231494,2.42494304019674e-08,0.0004134236491665781,0.0028585062540813985,1.9432845459495058e-08,7.745644718109951e-09,0.9625648173454258,6.69194596042613e-05,0.00022934011514329374,0.00011226830028121294,7.725825091800252e-05,3.932778474340568e-05,3.391241021091917e-06,5.778087900200391e-06,0.0003926061957647946,1.4696871665824848e-09
9,1.1133309767197412e-06,6.285237639079332e-10,8.154439942373792e-05,5.9978034613161865e-05,7.858101853457428e-05,0.035800710988273914,0.001723238654541228,0.0009120027107762134,7.758047454841447e-05,0.0006537496733523058,2.7301878949080224e-08,0.00037297375516627947,0.002555635337506882,1.776937621377342e-08,9.464665953570225e-09,0.9567340240272413,5.999060989677303e-05,0.000314181604483051,0.00010537220014716403,8.079262287437162e-05,3.6989569459037875e-05,3.5943018710395236e-06,6.383026158673363e-06,0.00034150698322516003,1.512485073710723e-09
10,6.2138910766678e-07,4.454138402474305e-10,5.2411159429820444e-05,3.843665545900851e-05,5.916893769272453e-05,0.032826646272906795,0.0012017426139712048,0.0005447079626136826,4.8296569089203306e-05,0.0003099332495443234,1.667388696991095e-08,0.00027870020062816664,0.0018330464768365065,1.0594521451788353e-08,5.634451848135094e-09,0.9620836142853533,4.165044990942858e-05,0.0003007724798040277,8.917451590412199e-05,5.098518175916801e-05,2.8117909562779443e-05,2.7044434760318116e-06,3.7280680059861206e-06,0.00020550707117219564,7.594996225033455e-10
11,6.625192661597478e-07,4.1438526360557967e-10,5.2043373701198156e-05,3.6605458069986476e-05,5.6408512901862494e-05,0.030653768020291863,0.0011917360563318963,0.0005804029969093519,4.5890246498328384e-05,0.0003246682479915936,1.6365901908228815e-08,0.00027539974574137556,0.0021070133980614094,1.0616370762071348e-08,5.405788504989499e-09,0.9639271126665544,4.260780289703822e-05,0.0003072665030496078,9.295715760393153e-05,5.222016856036029e-05,2.5746453958383156e-05,2.5674446037557053e-06,3.5689978858655215e-06,0.0002213207134894767,7.131857348549746e-10
12,6.5331899353494e-07,4.578087866655605e-10,5.508853024841928e-05,3.853250805372364e-05,5.5008033673480805e-05,0.031752887060630924,0.001150136197761733,0.000608674177543698,4.976041870284768e-05,0.0003281528636334469,1.6825044911969528e-08,0.0002824217190785583,0.0018974448213330461,9.651709938999104e-09,5.763706156418547e-09,0.9630807999346218,4.180951354664682e-05,0.0002799903805332601,9.476591609436197e-05,4.818212108232277e-05,2.6786431054548508e-05,2.9133618031539046e-06,3.419504488577573e-06,0.00020253976341078476,7.254411717430277e-10
13,7.395603343747132e-07,3.1984129350363703e-10,6.808123443678638e-05,4.448950641364221e-05,5.630228531454529e-05,0.019041480884038543,0.0011494692849578826,0.0006754585658825812,4.066190282728774e-05,0.00032027231236497045,2.9767494441744924e-08,0.0003616626722387159,0.002200157554098221,1.7629896155052425e-08,7.384243681921552e-09,0.9753466894519621,3.859820364731288e-05,0.0003114283842825032,6.0336474384385675e-05,7.592033021210063e-05,3.2942480644755297e-05,1.933945034107405e-06,4.048472299440527e-06,0.00016927069808250433,6.95067614242555e-10
14,9.90354864269125e-07,3.7707340188404387e-10,5.7440268023603236e-05,3.635583337280091e-05,5.173313731786649e-05,0.03336645302470724,0.0022021472117429324,0.0008861970857963267,7.836205583441528e-05,0.0004209289624794594,1.4660818968991133e-08,0.0004627281333310022,0.0017073831725435164,1.2217203984925212e-08,6.761307599433338e-09,0.9599180739021329,6.89841659751779e-05,0.00023917554255131838,8.023779758953666e-05,4.1998261946495704e-05,3.8750213761460206e-05,4.1551448561666075e-06,5.192871954188943e-06,0.0003326775575355862,1.2852797215846085e-09
15,6.2138910766678e-07,4.454138402474305e-10,5.2411159429820444e-05,3.843665545900851e-05,5.916893769272453e-05,0.032826646272906795,0.0012017426139712048,0.0005447079626136826,4.8296569089203306e-05,0.0003099332495443234,1.667388696991095e-08,0.00027870020062816664,0.0018330464768365065,1.0594521451788353e-08,5.634451848135094e-09,0.9620836142853533,4.165044990942858e-05,0.0003007724798040277,8.917451590412199e-05,5.098518175916801e-05,2.8117909562779443e-05,2.7044434760318116e-06,3.7280680059861206e-06,0.00020550707117219564,7.594996225033455e-10
16,3.768665307313127e-07,1.826482221560323e-10,3.4647295348580915e-05,3.0291516176011705e-05,3.561240356957978e-05,0.020291108726121138,0.0008736926065390597,0.0003113068491590478,1.9055520520733642e-05,0.0001711834786052593,1.4134549532112648e-08,0.000248763514485098,0.0015677677411564486,1.1296137602173794e-08,3.7951212828692285e-09,0.975754367731385,2.7437932229315296e-05,0.00035909629014323864,4.7167739964735195e-05,5.245631203660061e-05,2.723950350693879e-05,1.335018536717769e-06,3.0416799108325265e-06,0.00014402152883263687,3.3678546585700005e-10
17,6.437944737775721e-07,4.308316397741001e-10,5.28997574440214e-05,3.99674482611064e-05,6.0784071515711016e-05,0.030765922804916874,0.0013316971321814242,0.0005547012981423535,4.7290572593986693e-05,0.0002955486968254611,1.7628220014655127e-08,0.00031252416187018805,0.001857112845142051,1.2183267365866595e-08,5.6911937597029e-09,0.9639592413067987,4.281245226991489e-05,0.00030203943744667696,8.036857207521699e-05,5.351959698210558e-05,2.8988588320260006e-05,2.730199117506975e-06,3.81887152109845e-06,0.00020735164088632346,8.177024298499368e-10
18,3.830529876928171e-07,3.049278355275625e-10,4.9369770458657866e-05,3.2418671545249985e-05,3.7752949615286735e-05,0.023845554869924658,0.0006444596913928002,0.0004562994108902193,3.437861210232823e-05,0.0002164737218193079,1.2213731560103155e-08,0.0002237010809895962,0.0014162609772071593,6.119998244921601e-09,4.355703980552369e-09,0.9725877094573526,1.8014291246294857e-05,0.00019831863617700326,6.454176541020882e-05,3.367542949450273e-05,2.1878850897581886e-05,1.7170401724145566e-06,2.2427702540734664e-06,0.00011482564997621822,3.057244621876787e-10
19,7.679094271041074e-07,4.0100214860269763e-10,6.432094451139876e-05,3.995909446147002e-05,6.861229045402169e-05,0.03745111286362509,0.001795954440671768,0.0007476176477709987,6.441365883603439e-05,0.0005091242158799642,1.649422262327568e-08,0.0003897368097255538,0.0023452106977153793,9.902431568594404e-09,5.351355528571152e-09,0.9557837546356115,5.1030403181708896e-05,0.00023635682953689917,9.584862831731716e-05,5.532514040283441e-05,2.5876376714783155e-05,3.736384709313901e-06,3.517286574866629e-06,0.0002676906519401393,9.409199628462765e-10
20,5.421513119897428e-07,7.070162647223292e-10,4.846143083276448e-05,4.552909551824649e-05,4.2802998780568547e-05,0.03445767172979785,0.0010425533666442992,0.000759310453192475,4.811497188144668e-05,0.00028470230066797377,1.9898521334008174e-08,0.00038642095144168634,0.0015512485127334261,1.0753179544604417e-08,9.700420260135151e-09,0.9605657600088984,3.943808151725666e-05,0.00036385909151265446,8.44279160723305e-05,4.6779074574647293e-05,3.477045517205903e-05,4.472745671628847e-06,3.674912016210808e-06,0.00018941788648205597,8.06142343528604e-10
21,6.977712560622896e-07,6.089079276356148e-10,6.228354117595378e-05,3.4725141569666286e-05,7.348338852061408e-05,0.04432417537870167,0.0015064977894516116,0.0006786849676570252,6.57602325602245e-05,0.00039685250292830713,1.453398395225e-08,0.0002964638338776001,0.0020729709498649965,9.087308338615585e-09,6.203205615916234e-09,0.9496258013310039,5.881392726735778e-05,0.00029661068067733963,0.00012752051386069618,5.039364323727138e-05,3.1959352424317746e-05,3.932519968065822e-06,4.082929256357961e-06,0.000288258151259277,1.0200758271482974e-09
22,6.172404041602035e-07,4.1459510816419725e-10,5.2492679375672335e-05,3.8720729338857444e-05,5.778487594917814e-05,0.03141508033689471,0.0011693989778405619,0.0005253644336383997,4.6028434445520846e-05,0.000309978715384407,1.716957758935888e-08,0.0002746228524179045,0.0018290002181986491,1.0633476996548114e-08,5.4884179885554534e-09,0.9635613457554139,4.205005648001889e-05,0.0003046081765532593,8.60424469953089e-05,5.247762720599512e-05,2.863919333848979e-05,2.601488456433812e-06,3.7448794830559623e-06,0.00019936645147908855,7.246388080416436e-10
23,6.2138910766678e-07,4.454138402474305e-10,5.2411159429820444e-05,3.843665545900851e-05,5.916893769272453e-05,0.032826646272906795,0.0012017426139712048,0.0005447079626136826,4.8296569089203306e-05,0.0003099332495443234,1.667388696991095e-08,0.00027870020062816664,0.0018330464768365065,1.0594521451788353e-08,5.634451848135094e-09,0.9620836142853533,4.165044990942858e-05,0.0003007724798040277,8.917451590412199e-05,5.098518175916801e-05,2.8117909562779443e-05,2.7044434760318116e-06,3.7280680059861206e-06,0.00020550707117219564,7.594996225033455e-10
24,5.493590196024038e-07,4.59251250062488e-10,4.3630987721057505e-05,5.024973975745044e-05,6.007332359538887e-05,0.03242878735111572,0.0010233591564162618,0.0004730958925701475,3.871900418951604e-05,0.000285255954966281,1.9381545439466877e-08,0.00027552680970057634,0.001903868012096865,1.2349006641561325e-08,5.2656393344790955e-09,0.9626877968810844,3.4104658204044454e-05,0.00035991874570249734,7.571238783568049e-05,6.0022414924229065e-05,2.388095675654819e-05,2.4177079840768796e-06,3.451553820465149e-06,0.00016954093221703317,7.148792787758024e-10
25,4.964703900503506e-07,6.654557904423649e-10,4.659616863423568e-05,3.1234057359271364e-05,5.983412628258306e-05,0.05067350753699571,0.0010213236536467229,0.000389337787982444,5.5103614441815174e-05,0.0002592390342619821,1.0180738501669275e-08,0.00021747092896317,0.0012333521375417172,7.47599019274492e-09,5.371452826469611e-09,0.9452809357894586,4.0520369372613874e-05,0.00027313694244803074,0.00012512342646512503,3.203067041293868e-05,3.244459623751695e-05,3.3737969930967593e-06,3.921175886740215e-06,0.0002209932095071639,8.130808710703808e-10
26,8.664285422366e-07,5.077356365103541e-10,5.717884376286006e-05,3.4931509660202254e-05,7.393368713572691e-05,0.04285224756365166,0.0014252679025571495,0.0005856080705571689,8.008131427374858e-05,0.0004363905819640345,1.5351634617135046e-08,0.00022065779065246033,0.0021375277931096467,9.765508860286166e-09,5.798212791452844e-09,0.9511328990630892,6.436360398188341e-05,0.00035602586632252955,0.00012636302471144345,5.4773166793655445e-05,3.3819063104495726e-05,2.8081897683726244e-06,6.223276196576644e-06,0.0003180007662405236,1.070832479908846e-09
27,5.215484299340309e-07,1.2216034151294566e-10,7.277404755604926e-05,2.1968398310689692e-05,6.393123443429315e-05,0.016075880261860596,0.0009896706060876143,0.0001914025475451156,1.5947526845139355e-05,0.00019605112861589372,1.1716186305671177e-08,0.00018176578734552894,0.002218010032739311,1.3282087865768038e-08,2.203383733961673e-09,0.9792620253634245,4.044919397933379e-05,0.00027253181530277886,6.042372952130178e-05,7.137490398777537e-05,4.0658557685425966e-05,7.860193156663543e-07,3.930665153844463e-06,0.0002198689968585187,3.111822143215992e-10
28,6.2138910766678e-07,4.454138402474305e-10,5.2411159429820444e-05,3.843665545900851e-05,5.916893769272453e-05,0.032826646272906795,0.0012017426139712048,0.0005447079626136826,4.8296569089203306e-05,0.0003099332495443234,1.667388696991095e-08,0.00027870020062816664,0.0018330464768365065,1.0594521451788353e-08,5.634451848135094e-09,0.9620836142853533,4.165044990942858e-05,0.0003007724798040277,8.917451590412199e-05,5.098518175916801e-05,2.8117909562779443e-05,2.7044434760318116e-06,3.7280680059861206e-06,0.00020550707117219564,7.594996225033455e-10
29,6.2138910766678e-07,4.454138402474305e-10,5.2411159429820444e-05,3.843665545900851e-05,5.916893769272453e-05,0.032826646272906795,0.0012017426139712048,0.0005447079626136826,4.8296569089203306e-05,0.0003099332495443234,1.667388696991095e-08,0.00027870020062816664,0.0018330464768365065,1.0594521451788353e-08,5.634451848135094e-09,0.9620836142853533,4.165044990942858e-05,0.0003007724798040277,8.917451590412199e-05,5.098518175916801e-05,2.8117909562779443e-05,2.7044434760318116e-06,3.7280680059861206e-06,0.00020550707117219564,7.594996225033455e-10
30,6.2138910766678e-07,4.454138402474305e-10,5.2411159429820444e-05,3.843665545900851e-05,5.916893769272453e-05,0.032826646272906795,0.0012017426139712048,0.0005447079626136826,4.8296569089203306e-05,0.0003099332495443234,1.667388696991095e-08,0.00027870020062816664,0.0018330464768365065,1.0594521451788353e-08,5.634451848135094e-09,0.9620836142853533,4.165044990942858e-05,0.0003007724798040277,8.917451590412199e-05,5.098518175916801e-05,2.8117909562779443e-05,2.7044434760318116e-06,3.7280680059861206e-06,0.00020550707117219564,7.594996225033455e-10
31,6.033455664454765e-07,4.461243300545204e-10,5.022449175212471e-05,3.959976190292401e-05,6.03246180067462e-05,0.03462578452647514,0.0012390122301252607,0.0005151691256663573,4.8815372989013366e-05,0.0003131612788309131,1.667060832127627e-08,0.0002784199188154829,0.0017419128953310634,1.071782453153878e-08,5.589027676525616e-09,0.9603647197141094,4.1568842660311685e-05,0.00030385175847186355,8.723934347181112e-05,5.0932507619394265e-05,2.8281898332944022e-05,2.7600420553136402e-06,3.839097939567463e-06,0.00020374501875728551,7.875357194789467e-10
32,6.427859300509505e-07,4.778979373291145e-10,5.25026396974464e-05,3.6360998308411256e-05,5.8588009278869735e-05,0.03252576685920759,0.001112365571477138,0.0005267818020169575,4.6529782715742244e-05,0.00029690318701475313,1.5788393955254266e-08,0.00025375843579416717,0.0018823016607131524,1.0295778027682334e-08,5.451971707736137e-09,0.9624700596303493,4.1875440166835104e-05,0.000303864329360372,0.00010156070578897251,4.7441797779422813e-05,2.6559409096021223e-05,2.6716433064605565e-06,3.5140585877880445e-06,0.00020991850712468433,7.322446352974667e-10
33,7.605273399270649e-07,5.54451776659202e-10,8.08541577657328e-05,5.0409051890895435e-05,9.022560973710427e-05,0.035884055119546114,0.0015165439608758305,0.0006984056427378742,8.584501762718887e-05,0.00042497753771601705,2.930496491980982e-08,0.00035819672044494515,0.0016549119147637333,1.4186536193611568e-08,9.325113783187594e-09,0.9584552419200849,4.41499114925885e-05,0.0002732094952097213,7.930832523464336e-05,6.927348295745163e-05,4.292026410288879e-05,3.0017084890611793e-06,5.589630818615184e-06,0.00018206540296346918,1.22713468353192e-09
34,1.5688233589136954e-06,4.439806043727094e-10,0.00010419277052371674,3.2335186499666826e-05,8.707709175053525e-05,0.016986673594393552,0.0009037256633367681,0.0005527171875535084,4.948511745454187e-05,0.000316665730431124,2.2535621427750205e-08,0.00016365980141975266,0.0028680140035928707,1.3880242834277449e-08,4.514869482551805e-09,0.9772121792104755,5.0954213267154805e-05,0.00022931984277168392,0.00016005821864820832,4.7617609892761384e-05,2.357131612514901e-05,1.5630619282869077e-06,3.003196948959163e-06,0.00020557630392361063,6.809893362733617e-10
35,6.462374266103828e-07,4.685414315965782e-10,5.261524948037834e-05,3.855305218218866e-05,5.8671661977650174e-05,0.03293174671045605,0.0011945841883483736,0.0005833651446821996,5.159013826324092e-05,0.0003142626022771656,1.6756619670509597e-08,0.000279125410854156,0.001844364264390196,1.01560651767541e-08,5.777782463544362e-09,0.9619342116177452,4.1968544622286616e-05,0.00029567087862811465,9.238147881426777e-05,4.8812805892376107e-05,2.7313464395886205e-05,2.8357456447941414e-06,3.6342735589002775e-06,0.0002036126000429233,7.713081890775383e-10
36,8.201258384002939e-07,2.633273997162986e-09,0.00025078417922195996,9.796900199652077e-05,0.00032172172542416536,0.11029871500207926,0.0004002023247701032,0.0002558610336403108,0.00020272964935452197,0.0009221190314666492,3.233679089655336e-08,4.362643137256326e-05,0.001433784779508915,5.565833586255334e-09,1.0120265642121308e-08,0.8848962953761087,2.0999984041528753e-05,0.00020643757834151995,0.0002976042020760261,9.35006092950878e-05,7.536875345147042e-05,1.3695350295835738e-06,1.5047614949657387e-05,0.00016499127075052226,1.1351182293708124e-09
37,6.486714205245818e-07,2.6736701821774387e-10,4.312997031230353e-05,3.3312815765194025e-05,4.9953600542611057e-05,0.02246915090417468,0.001226175831926734,0.00028642709509166963,2.2388205869473514e-05,0.0002040972408432914,1.3956352126372436e-08,0.00023651859784732206,0.0018377702377823375,1.7784151246805758e-08,3.767764602105499e-09,0.9727731925464376,4.2610282662600344e-05,0.0003654383222853399,7.215500514092819e-05,5.413078578297513e-05,2.9265051834699495e-05,1.6174169904624258e-06,4.084010602620542e-06,0.0002478970082054114,6.228461160855209e-10
38,6.6175449598531476e-06,3.3540912135287258e-09,0.0005818433891934807,0.0003627873858495567,0.0005313690948758016,0.03154263467411346,0.003713124876907266,0.005084462200405154,0.00047049657993996334,0.0029465641435563517,1.8991940035007402e-07,0.0009085486067697394,0.00673859301264116,4.844581678060788e-08,1.869891905890752e-08,0.9457020003134036,0.00023832280208234297,0.00017733888925889428,0.0001711785470500383,0.00036581770498084394,4.366102342565378e-05,1.2351040475061891e-05,8.581644701108816e-06,0.00039343165826817534,1.4448914956997057e-08
39,5.268097944950937e-07,4.3295033027098097e-10,5.084094135789423e-05,3.3333023619397624e-05,5.211611000432924e-05,0.03327351049577666,0.0010500449046790007,0.000516807875039176,4.5121557680043594e-05,0.00026280439021086574,1.3716506549901427e-08,0.0002724863053110245,0.001649656980523077,8.58969470012892e-09,5.29835274295711e-09,0.9621081459637586,3.965382524117192e-05,0.0002838812205805297,8.75425978477529e-05,4.426825270901344e-05,3.0313582166123396e-05,2.709516344513935e-06,3.478349194507547e-06,0.0001927286132864593,6.473709020063027e-10
40,7.971387802104713e-07,6.338157771303431e-10,0.00010145201094135176,3.691826863617959e-05,0.00011213064464943416,0.025967111440147895,0.0014526791276102643,0.0004992249157957831,4.416334200938458e-05,0.00024801945588272256,2.2096579379920605e-08,0.0003987470445059278,0.002020068263144089,2.207677195920242e-08,6.608061402210759e-09,0.9684076622250442,4.773314827833865e-05,0.0002436269143043813,0.00010078847675763767,6.0868904533156466e-05,3.927384289929577e-05,2.776709519367565e-06,3.4453522748713804e-06,0.00021246022707216279,1.1319848884877614e-09
41,1.3300908629128843e-06,2.9199787784157636e-10,9.459013913344164e-05,3.120617892024782e-05,6.124920827139764e-05,0.06156750563249673,0.0116508126042465,0.0005785114078657058,4.2470656250867265e-05,0.0006916751571260408,1.1596409302529075e-08,0.0015157083872905583,0.0019243247549905118,3.214059120802584e-08,6.702957926491438e-09,0.9187910537204765,0.0005202158201079772,0.00033486020481850247,9.411720522913666e-05,9.644523575335904e-05,0.00017099633015864427,1.4764933933628993e-05,1.4608985269124305e-05,0.001803497495369461,5.119472230816229e-09
42,1.353067681995196e-06,3.318776907963175e-10,6.457741273101624e-05,5.8256656967568535e-05,0.0001645001900978251,0.03708790377712158,0.003647657673271522,0.0004505900591967453,5.9901356615233655e-05,0.0006788688809681,3.9027244729670287e-08,0.00039177528116170895,0.0033235211329872504,5.667965401035169e-08,8.047496033552077e-09,0.9526366682244392,7.188052796430915e-05,0.0005812355197400775,7.296791509348557e-05,0.00016723280299249133,4.462194131273972e-05,1.7114491757507533e-06,1.2568445985084958e-05,0.00048210120353460586,2.394689481913158e-09
43,1.4400459394669496e-06,9.32966431669995e-10,5.7046583123396834e-05,8.423429691242553e-05,0.00012009262860114548,0.01392120156123936,0.002405592409111337,0.0005039024046483759,4.073195172358545e-05,0.00011195205427526686,5.819878458892284e-08,0.0004944150013302431,0.001725901756999122,1.027376317023491e-07,8.351854025604665e-09,0.979841821899419,3.221538238920047e-05,0.0003635802369799778,6.695493865604431e-05,7.726751923925992e-05,1.3062328192105141e-05,2.335071780662116e-06,3.0995304976424496e-06,0.00013297954996503963,2.627740819549301e-09
44,6.2138910766678e-07,4.454138402474305e-10,5.2411159429820444e-05,3.843665545900851e-05,5.916893769272453e-05,0.032826646272906795,0.0012017426139712048,0.0005447079626136826,4.8296569089203306e-05,0.0003099332495443234,1.667388696991095e-08,0.00027870020062816664,0.0018330464768365065,1.0594521451788353e-08,5.634451848135094e-09,0.9620836142853533,4.165044990942858e-05,0.0003007724798040277,8.917451590412199e-05,5.098518175916801e-05,2.8117909562779443e-05,2.7044434760318116e-06,3.7280680059861206e-06,0.00020550707117219564,7.594996225033455e-10
45,7.841242718124059e-07,5.599664037585508e-10,7.169333485650179e-05,5.526513835256174e-05,0.00010595062017166518,0.04014750404563362,0.0013836712412932317,0.00036327621405167856,5.8019702751156266e-05,0.0003396525859330903,2.2499612399098345e-08,0.0002752879055250339,0.0015966270002209053,1.7569533301980515e-08,5.45017041249902e-09,0.9548006090139756,5.847983182496731e-05,0.0003118624034245321,9.122621859445997e-05,7.207916099014115e-05,4.366072409737685e-05,2.6349186241987967e-06,6.1817096362819775e-06,0.00021548661793669905,1.4085516394183038e-09
46,5.184023975011298e-07,6.237584775788626e-10,5.670958834130379e-05,3.623718526705304e-05,8.14326875869886e-05,0.032225257950328184,0.0011869155144019932,0.0005367608426810916,6.161659858852925e-05,0.00026940314474073517,1.875078302239854e-08,0.00024003773848775496,0.0015364955510127534,1.4612761495764271e-08,8.440013301256025e-09,0.9630936035561418,2.3671353483087633e-05,0.00029773481594407204,8.743352144628572e-05,5.057157623007828e-05,2.5993773511264724e-05,1.9554807791251267e-06,4.158757273081483e-06,0.00018344867341632873,8.60624780171288e-10
47,6.004061374703524e-07,5.677024974926779e-10,5.788420341333145e-05,4.3142702626452064e-05,7.597783717338972e-05,0.03841479339311858,0.0013102736839376236,0.0005738288391852745,6.040687070399257e-05,0.00034655729876037033,2.0700828474709884e-08,0.0002953524337237814,0.0017431607026099556,1.2860442392596839e-08,7.475173833184661e-09,0.9563016714122411,4.145473697795226e-05,0.00033528836350071357,9.008823968091064e-05,6.133418733914938e-05,3.3225484142426176e-05,2.8533868899741593e-06,4.668171497860431e-06,0.0002073950547995813,9.873927962449498e-10
48,8.316633406145347e-07,4.826330629407396e-10,4.552930781844998e-05,2.749895073903205e-05,4.860565419299045e-05,0.03943231997634996,0.0012922615178388986,0.0006229690307664918,4.5715159775380364e-05,0.000390247753513792,9.489142337719278e-09,0.00021556348166412788,0.0024712277779208465,7.368192146119273e-09,4.203366964256107e-09,0.9543777035872588,6.964298043463998e-05,0.0003290142456724534,0.0001722820120707416,3.791252887171558e-05,2.1906982803246144e-05,3.6282106165397982e-06,3.2280092171033513e-06,0.000391888879419318,7.46380087945706e-10
49,5.098427698338514e-07,5.123660655821673e-10,5.6971826480951806e-05,3.784254143141947e-05,5.5296810913008624e-05,0.03897151059690514,0.0011543340030263484,0.0005852068355709592,4.939637998641042e-05,0.00030919452056797246,1.4559546207444318e-08,0.00034305555848992595,0.0017220832302496773,8.043135832430397e-09,5.632762959791445e-09,0.9560344710166749,4.2173885343228584e-05,0.00026435739064896647,9.038309888289862e-05,4.822102815318583e-05,3.10092921203008e-05,3.724241021355393e-06,3.263619001757266e-06,0.0001969648020899657,7.318605163093801e-10
50,9.461361920747659e-07,3.358815069672244e-10,5.794526483932968e-05,4.0208673113372974e-05,6.33732065377781e-05,0.02837075726372123,0.001844094116270839,0.0007334163819308142,5.0670086657984155e-05,0.0004834712874842172,1.9107983035243687e-08,0.0003213585629189045,0.002666788699464683,1.372556839389503e-08,5.3947510290605685e-09,0.9645333379830981,5.4153939757290244e-05,0.00029375900033305644,9.455893763912194e-05,6.2544124670588e-05,2.28772618845271e-05,2.748790395558204e-06,3.7638794458172787e-06,0.00029918692931044913,9.101503412174572e-10
51,4.26749710472985e-07,3.024937453327098e-09,3.827840160533957e-05,0.0001418918428620771,3.340835559871899e-05,0.042572814172453274,0.0005613821118520495,0.0009723159127175332,5.519017217089813e-05,0.000203205194917871,3.384126008301984e-08,0.00038337893777412455,0.0010165943856559204,9.78887293894627e-09,1.709407414200044e-08,0.953341387118267,2.247313606646985e-05,0.00040979750141113174,8.322838103789699e-05,3.7376167330196644e-05,2.5575213315256214e-05,9.710662645368436e-06,2.8427260705836796e-06,8.865802901625948e-05,1.078376877509334e-09
52,6.24863844118212e-07,4.039043846488223e-10,4.342129648946104e-05,4.270277408036195e-05,4.997645373107848e-05,0.03564053578059336,0.0010054868339706357,0.0005906802399306682,4.40786974333931e-05,0.00043257852859435284,1.711283106345432e-08,0.000247842624686096,0.0020797025175195156,9.899939166593986e-09,5.8324432154669246e-09,0.9590323667788619,3.510208571106631e-05,0.00035761347122757785,9.670689416312504e-05,5.388181425071347e-05,2.1837500624931373e-05,2.50809431572329e-06,3.4759664654129265e-06,0.00021884290387558724,6.30513062073414e-10
53,1.34355875630009e-06,2.3322672682395255e-09,7.585985357282258e-05,3.373550459898742e-05,5.425941277348261e-05,0.04624804581280914,0.000456254627543623,0.0011892326099465157,7.781324901078139e-05,0.0004327253306489765,1.0492272841474629e-08,0.00015419252695092662,0.0025370010919280755,4.196965045619828e-09,6.354696370540642e-09,0.9476044814705133,5.06387096632762e-05,0.0001980289227414504,0.000596844268701325,1.6365821633431403e-05,1.2655306192081716e-05,7.130895053916376e-06,1.2342865435599874e-06,0.00025213261904041454,7.45176234020208e-10
54,5.827520088149153e-07,2.7249734522917887e-10,6.098394634363256e-05,3.317701266797894e-05,5.668607212516107e-05,0.026621600319007788,0.0010181705696515773,0.0004838142220223219,3.918005587392515e-05,0.00031998525563969296,1.5746075637504338e-08,0.0002556443298535156,0.002177333086460777,8.871788219929286e-09,4.155509655405947e-09,0.9682424154232164,4.1959409586914775e-05,0.0002824385433956586,7.727749156054434e-05,6.0398553135316806e-05,3.0346572254639576e-05,1.9148261071690934e-06,3.593472230839498e-06,0.00019246853261159014,5.083750374502316e-10
55,7.714615976230159e-07,6.953922162573474e-10,7.326126607967847e-05,4.987633957606386e-05,7.242199966759236e-05,0.03975996925972484,0.0010516054698774377,0.0005279235456512431,5.686987157676412e-05,0.0004151590028804158,2.2022794094936722e-08,0.00021047316913629753,0.0018392673628729195,1.0071752609910054e-08,6.9917752321959326e-09,0.955117263042882,5.299477179490696e-05,0.0003153277377230229,0.00013212946852674914,5.800401656998706e-05,3.7462478601481026e-05,3.2929523939406183e-06,4.777666292132259e-06,0.00022110842409626556,9.107643654151707e-10
56,6.409989055414845e-07,4.1810385189395153e-10,5.1166834791167186e-05,3.750104231186354e-05,5.682860115198692e-05,0.031593346698611594,0.0011816110019830298,0.0005653843203840031,4.581090871429353e-05,0.0003181479974012916,1.639729007732804e-08,0.00027761457396386106,0.002046584425020981,1.0618029994428776e-08,5.4277710886846e-09,0.9630805321612979,4.166088592137744e-05,0.00031177785774673584,9.01665478414501e-05,5.271774084282725e-05,2.6449581194729764e-05,2.5623619912450014e-06,3.6415464258295374e-06,0.00021582033342565886,7.188774758100432e-10
57,8.755754370300357e-07,9.586673352284352e-10,1.8867158136765903e-05,0.00010014859986670673,3.680694371625418e-05,0.053327972315310744,0.0014179456854953381,0.0005613502059828257,6.714089000513296e-05,0.0003040517602365739,2.6665140203083044e-08,0.0001840878194955713,0.0010777305810284736,1.353900524192905e-08,1.0199971729209625e-08,0.9418301437474528,3.894814479103317e-05,0.0006846787948688454,8.778130792898752e-05,3.454674476483419e-05,2.2935667962569323e-05,4.54051773347224e-06,6.7808318379504715e-06,0.00019261398048847875,1.3646750603184544e-09
58,6.4464904015869e-07,4.3832204342524814e-10,5.020062522518879e-05,3.47703252436381e-05,5.640543475373318e-05,0.03460576347549848,0.0012449488571847924,0.0005609663802947383,4.542105946478625e-05,0.00033331842639066977,1.4484704678902822e-08,0.00027979977110021526,0.0020907449665593728,1.0566298891807886e-08,5.459617817460851e-09,0.9598871931411811,4.4866293351379836e-05,0.00032290067882604945,9.914058943175583e-05,5.1481005313589064e-05,2.744762773995046e-05,2.746905347827166e-06,3.817889039967523e-06,0.0002573901995803413,7.504890712748769e-10
59,6.462318922427247e-07,4.262789253699781e-10,5.678444702133499e-05,3.4817788272837686e-05,5.925682880212599e-05,0.031929841925483864,0.0012266384407911195,0.0005585700488994076,4.4880103572242604e-05,0.0003236685032342147,1.529099768866478e-08,0.000279715527883061,0.002122205264345808,1.0709525910138755e-08,5.379061755023397e-09,0.9625823328118028,4.490663567373161e-05,0.0003046987092757759,9.58789937744847e-05,5.488847877370846e-05,2.8863814644843114e-05,2.5986485317965836e-06,3.804400154095081e-06,0.0002449698575739785,7.337323190359019e-10
60,6.2138910766678e-07,4.454138402474305e-10,5.2411159429820444e-05,3.843665545900851e-05,5.916893769272453e-05,0.032826646272906795,0.0012017426139712048,0.0005447079626136826,4.8296569089203306e-05,0.0003099332495443234,1.667388696991095e-08,0.00027870020062816664,0.0018330464768365065,1.0594521451788353e-08,5.634451848135094e-09,0.9620836142853533,4.165044990942858e-05,0.0003007724798040277,8.917451590412199e-05,5.098518175916801e-05,2.8117909562779443e-05,2.7044434760318116e-06,3.7280680059861206e-06,0.00020550707117219564,7.594996225033455e-10
61,6.503041941600173e-07,4.39436027384998e-10,5.7148741019593535e-05,3.4232571357167816e-05,6.185084284792315e-05,0.03249194026276274,0.0012506683706224734,0.0005378661143968231,4.7330778280101325e-05,0.0003147012197822707,1.5531831093251166e-08,0.00027953839672143085,0.0019599873770643574,1.0922437371973811e-08,5.529456705775486e-09,0.9622060921121871,4.449798934525071e-05,0.000295276204957366,9.712060545799699e-05,5.1449961662775645e-05,2.9562746877778617e-05,2.6556241309488396e-06,3.800417197504033e-06,0.000233596169639336,7.663338595149933e-10
62,6.2138910766678e-07,4.454138402474305e-10,5.2411159429820444e-05,3.843665545900851e-05,5.916893769272453e-05,0.032826646272906795,0.0012017426139712048,0.0005447079626136826,4.8296569089203306e-05,0.0003099332495443234,1.667388696991095e-08,0.00027870020062816664,0.0018330464768365065,1.0594521451788353e-08,5.634451848135094e-09,0.9620836142853533,4.165044990942858e-05,0.0003007724798040277,8.917451590412199e-05,5.098518175916801e-05,2.8117909562779443e-05,2.7044434760318116e-06,3.7280680059861206e-06,0.00020550707117219564,7.594996225033455e-10
63,6.212404958995824e-07,5.721455365429494e-10,5.136147870317492e-05,3.975013810941568e-05,6.092967175457655e-05,0.036320702235354614,0.0011526803801232837,0.0005495969359088219,5.2414261641228685e-05,0.00029850732601001433,1.7215207249915763e-08,0.0002722494531104529,0.0017381591327641193,1.0756017798685828e-08,6.470268601631608e-09,0.9587106862322519,4.149209165911429e-05,0.000321624778010216,9.933198030841493e-05,4.846061887945391e-05,2.9228778300726864e-05,3.0293990751265466e-06,3.908904011422049e-06,0.00020522910576945629,8.441195364639023e-10
64,5.645745743385546e-07,4.336829898375279e-10,5.885453393063819e-05,3.519816666241432e-05,6.104493679216753e-05,0.03261982078712081,0.001131664942929828,0.0004600739512451819,4.5251807795676925e-05,0.0002725877069870213,1.6106121484280315e-08,0.00028844088716959977,0.001646136931066622,1.0611856915427782e-08,5.667582478167054e-09,0.962667875384306,4.379397641866751e-05,0.0002903819439491716,8.420808321263821e-05,5.136813044850652e-05,3.784179223537159e-05,2.6307263726826006e-06,4.174775814794899e-06,0.00019805240929935352,7.32424766071762e-10
65,1.0091316921784345e-06,3.149798982191546e-10,7.101584172398299e-05,3.801444786777912e-05,5.54251170531406e-05,0.021128150373274746,0.001146040466713784,0.0008041391742928149,5.808368027935535e-05,0.00047116582217746446,2.048964464649933e-08,0.00026907076823545685,0.0022424635435220734,7.982229132527783e-09,4.460223505969458e-09,0.9731974401838863,3.603085386465127e-05,0.00016764045142164997,0.00010678784605718683,3.5720855637371594e-05,1.493874682137112e-05,2.790298780468941e-06,1.8116750891545205e-06,0.00015222695115096378,5.233807793488184e-10
66,4.554215513992394e-07,1.1418773066874806e-09,2.889524720310581e-05,5.437562990232809e-05,3.280174233791186e-05,0.04950112330396247,0.000991861145680144,0.0007135542832391943,6.0200827698400785e-05,0.00022377082450763264,1.831293440335146e-08,0.00036692557246097667,0.000865808696134034,1.08626002057278e-08,1.3617463574638994e-08,0.9463774152740791,3.437735500912631e-05,0.0004231539967327226,8.45120124787304e-05,3.0418244301620528e-05,3.4362765803043294e-05,6.150503904819564e-06,4.331067366670056e-06,0.00016546102814633668,1.1226246303787114e-09
67,3.613385394270432e-07,5.514947915844974e-10,3.449573679653845e-05,3.971227965401257e-05,4.837679455958247e-05,0.059768320916861226,0.0013060500519396407,0.0002798872169697157,2.9916462531520147e-05,0.0002092961353386437,1.1459322396338264e-08,0.0002942888174526184,0.0014149665892319297,1.3593354804584791e-08,5.7749361270562795e-09,0.9353553392255841,6.349507689608523e-05,0.0005935378606774652,7.869652138367954e-05,7.488982527491856e-05,5.8013854763732215e-05,3.1470469448585472e-06,8.540726293561949e-06,0.000338634992686232,1.1505123411473445e-09
68,1.496992451526381e-06,3.713009110578914e-10,5.426707795367496e-05,3.698331614352956e-05,6.493326742696546e-05,0.012361758423337432,0.0008766159865558124,0.00033024688909313795,4.079439927791701e-05,0.0002992581197738565,1.6364108646414042e-08,7.397513250791069e-05,0.0021239102465078225,1.1762933381198952e-08,2.3420709554456346e-09,0.9831070479457458,4.3774265705071373e-05,0.0001833343622223527,0.00018428749639087935,2.6031998993420395e-05,8.051485493570601e-06,1.4053028813255928e-06,1.988480350665097e-06,0.00017980739027269872,5.805009938988431e-10
69,6.048793754015509e-07,5.579675351478772e-10,7.01286622290171e-05,7.324825019293764e-05,7.94349912711558e-05,0.04151098860317843,0.0012797661554963674,0.000650744164542127,7.014029919410389e-05,0.0004512091806398706,4.1971460913764936e-08,0.00036403796863026497,0.001808974781354655,1.4457965210736879e-08,1.0849436643506443e-08,0.9526446944085426,5.6702281610486016e-05,0.0005112480626255506,6.221151682730054e-05,0.00012277899174385258,6.249299610109916e-05,3.1746049257661667e-06,8.791642371211493e-06,0.00016855846955565816,1.252761737877562e-09
70,9.121657108695673e-07,6.790561935818931e-10,5.598544396609634e-05,3.4103446713369815e-05,6.828220583657499e-05,0.03599868577061481,0.0015362735799680225,0.0006452677458753716,5.531281915622107e-05,0.00034332091340354674,1.6258894253983176e-08,0.0003158132367785843,0.002016260173785224,1.4730863501437015e-08,7.328148293742872e-09,0.9579288378974081,7.145131600209983e-05,0.0003679609047124993,0.00013758761664488118,4.5285932713583286e-05,3.468624207521078e-05,4.1274677583501634e-06,4.398787209580258e-06,0.000335406120144357,1.2165603264114258e-09
71,3.322841940050343e-07,9.74308406077697e-10,5.219713221730586e-05,3.9193985726022815e-05,3.425177400225841e-05,0.027705063705595636,0.0002802929188495982,0.0003073689990951718,2.8007689882899866e-05,0.00010272404152154994,1.3430946613088461e-08,0.00018673231804345583,0.000791392606076497,6.585286243786576e-09,6.2096798474395e-09,0.9699436678559485,2.2826177442614806e-05,0.00025971397636522273,0.00010345685332272202,2.2998022972517235e-05,3.7825323649287476e-05,2.882197223066125e-06,2.2450611130284364e-06,7.679948524568774e-05,3.9129188000714115e-10
